1.000000000000000000e+00 4.398956837314658088e-19 2.733407509747682871e-20 -8.673617379884035472e-19 -5.583667658079949532e-19 1.000000000000000000e+00 -6.100159232558060012e-19 0.000000000000000000e+00 4.145284534913582806e-20 -2.210423569125054137e-19 1.000000000000000222e+00 0.000000000000000000e+00
9.999468038447215656e-01 -1.832028693752183390e-03 1.015052547542147701e-02 5.032744711398597776e-02 1.818514375184188429e-03 9.999974480781760322e-01 1.340462222295230564e-03 1.371253083482792956e-03 -1.015295551171067900e-02 -1.321932039830017594e-03 9.999475836151897612e-01 2.087372697066762484e-01
9.998349265342230119e-01 -5.053063949286801075e-03 1.745239970375858998e-02 3.873722196049457500e-02 5.032947982765940964e-03 9.999866189951183149e-01 1.196351098592387521e-03 -6.302103803466491128e-03 -1.745821171244389680e-02 -1.108316583357378494e-03 9.998469795219308009e-01 5.033612482687471745e-01
9.998040338285685280e-01 -7.293189994202317096e-03 1.840389504684342842e-02 5.321629258821092279e-02 7.294615924079754510e-03 9.999733938752591866e-01 -1.034660250923245619e-05 -1.132374936662858267e-02 -1.840333024877786536e-02 1.445939442912152248e-04 9.998306339117367658e-01 8.225076524038674730e-01
9.998289567898306363e-01 -8.227205420115983256e-03 1.656412656135622385e-02 5.295817741010446639e-02 8.247326984589060592e-03 9.999653325929699355e-01 -1.146819666754353862e-03 -9.601667743364988850e-03 -1.655411749198975810e-02 1.283233311900573454e-03 9.998621477421848480e-01 1.128192520886915462e+00
9.998690207056283308e-01 -1.125083911373337894e-02 1.163443536288002317e-02 4.594224085213712006e-02 1.128558849427890171e-02 9.999320363478432228e-01 -2.925432999792820961e-03 -1.984687786638371365e-02 -1.160073127060796960e-02 3.056351325235197834e-03 9.999280382788118260e-01 1.449561331789031238e+00
9.999230363481453887e-01 -1.226902771953001375e-02 -1.841835484572186413e-03 2.033140503208857516e-02 1.226132427208792910e-02 9.999162685161463449e-01 -4.137132221307940685e-03 -3.067173286333531312e-02 1.892439885154314095e-03 4.114230515040550110e-03 9.999897458376986181e-01 1.760961756016071300e+00
9.997602210754269469e-01 -1.133455774696278881e-02 -1.873574507172842338e-02 2.136848359876971151e-02 1.125267905867243304e-02 9.999266961083068672e-01 -4.469855123156092104e-03 -3.008678080277160660e-02 1.878503582225851329e-02 4.257956049607837176e-03 9.998144789264876708e-01 2.067686306955619724e+00
9.992738596870118783e-01 -7.717357127733308515e-03 -3.731213854024424681e-02 -1.205252408967437579e-02 7.543528283502555498e-03 9.999600396579352291e-01 -4.797317540830245766e-03 -3.713784099649394821e-02 3.734767079044586102e-02 4.512368855178848850e-03 9.992921445149719473e-01 2.423683654011509425e+00
9.984229575661963674e-01 -4.270419274419498534e-03 -5.597643431788067170e-02 -7.542181744692680323e-02 3.951158705893879561e-03 9.999752988731087644e-01 -5.812915121816225605e-03 -4.946946419390689520e-02 5.599987618652839394e-02 5.582576134882433032e-03 9.984151685757494121e-01 2.783125816686890630e+00
9.970810429160512633e-01 -3.646520007470490255e-03 -7.626333685557841469e-02 -1.289367616407974815e-01 3.168008984523534247e-03 9.999745367536283513e-01 -6.394494397623262140e-03 -5.033438079771587748e-02 7.628471391071260654e-02 6.134226195217700947e-03 9.970672063097417714e-01 3.134824338221146256e+00
9.952836125414229462e-01 -4.698972262679672329e-03 -9.689401414206265384e-02 -1.658000266967727954e-01 4.164685533841505291e-03 9.999749930973899081e-01 -5.715642359588834348e-03 -5.930230205761077844e-02 9.691845044147748278e-02 5.285152039328480135e-03 9.952782934577883989e-01 3.537396457673498418e+00
9.930796158100161364e-01 -5.679860737851601983e-03 -1.173056497054153907e-01 -2.183055705910552091e-01 5.116551723604073794e-03 9.999738916029362601e-01 -5.102646615388734506e-03 -6.535676264585238426e-02 1.173315713930981746e-01 4.467133853445645619e-03 9.930827495580814013e-01 3.914033966092201666e+00
9.908549401442773297e-01 -4.463101180070957845e-03 -1.348575834904564841e-01 -2.952849659356543421e-01 3.924441106233723074e-03 9.999832260310050902e-01 -4.259860584179933456e-03 -7.003939207306350556e-02 1.348743359146675758e-01 3.691663173255728316e-03 9.908558349405198751e-01 4.290045495118294028e+00
9.885867185379740851e-01 -3.664928161008362915e-03 -1.506083252564015817e-01 -3.725703956340599143e-01 3.133806594128306713e-03 9.999880068318375281e-01 -3.763700791193837474e-03 -7.995775077540159814e-02 1.506203152837503889e-01 3.248767146177959121e-03 9.885863476380222226e-01 4.723057358333370814e+00
9.864692887050962034e-01 -2.786377757374237582e-03 -1.639224751315078998e-01 -4.535045022273302973e-01 2.183028919996934155e-03 9.999901645481159562e-01 -3.860723821933364185e-03 -8.480081972577233063e-02 1.639316231503718801e-01 3.450637862077569808e-03 9.864656693065306792e-01 5.127793411354859110e+00
9.843464819488352280e-01 -4.700303905667703452e-03 -1.761814685072268516e-01 -5.643620700564928594e-01 3.906201419788332772e-03 9.999805907100989266e-01 -4.853842521532596328e-03 -9.438326666971291745e-02 1.762008665325198453e-01 4.089662387085697681e-03 9.843457370628765357e-01 5.579649305692118588e+00
9.826384168360778881e-01 -7.343569344277779340e-03 -1.853855790208865650e-01 -6.415055599990325819e-01 6.209604783119856801e-03 9.999582968023358331e-01 -6.696674874194748391e-03 -1.050333577903465460e-01 1.854270285520412120e-01 5.429238703547925940e-03 9.826430385943625279e-01 6.023319729741560380e+00
9.810015235112138354e-01 -6.362721305420913388e-03 -1.938956568341649589e-01 -7.414720975774452549e-01 4.861189449389338377e-03 9.999544087251759361e-01 -8.218838146003965006e-03 -1.108017848152883789e-01 1.939391144125171551e-01 7.120129113899980808e-03 9.809877290655349968e-01 6.456914868661281837e+00
9.794255503683987341e-01 -6.862181003225676854e-03 -2.016891191597944000e-01 -8.542098852236503781e-01 4.859630700072702265e-03 9.999338767924556004e-01 -1.042238094642524739e-02 -1.157839458822452067e-01 2.017473065780359398e-01 9.227811464387683515e-03 9.793941355561340822e-01 6.929411375266194106e+00
9.779043052042435402e-01 -7.482247849243954703e-03 -2.089190867303321875e-01 -9.740153161516845737e-01 4.866904717505221058e-03 9.999032651459842658e-01 -1.302971915082767711e-02 -1.313096413926905515e-01 2.089963721694453602e-01 1.172502908637658610e-02 9.778461234522265455e-01 7.448982220281575195e+00
9.761857935053444013e-01 -1.128292746304767474e-02 -2.166425420257877543e-01 -1.086859297810565117e+00 8.172455144604788557e-03 9.998503407965620982e-01 -1.524817930856510462e-02 -1.420204912417300513e-01 2.167821673188516374e-01 1.311455449109971867e-02 9.761319078370160884e-01 7.935469982988319515e+00
9.742540557148905433e-01 -1.610383954188536124e-02 -2.248770777958194467e-01 -1.184844451070260707e+00 1.284527430468595903e-02 9.997903391065895429e-01 -1.594605705100566456e-02 -1.526370941994897035e-01 2.250867264978651250e-01 1.264690292744924741e-02 9.742566512883668040e-01 8.447863103077406066e+00
9.719999547276880758e-01 -1.717088986605365408e-02 -2.343528265402000654e-01 -1.315330245411422405e+00 1.338086430295175669e-02 9.997528626069690505e-01 -1.775291967202059437e-02 -1.753714609517717515e-01 2.345997466724987213e-01 1.411999367423094273e-02 9.719894988660289226e-01 8.935473266430680184e+00
9.703135814052186170e-01 -1.352527866353074593e-02 -2.414717773594355632e-01 -1.482184690065236010e+00 8.416509989165562797e-03 9.997186594874767351e-01 -2.217575741780395890e-02 -1.820262227663356769e-01 2.417037790323091351e-01 1.948508894225164934e-02 9.701544288627723667e-01 9.489264030929085436e+00
9.681041712936827581e-01 -1.147624464683043646e-02 -2.502850533422816270e-01 -1.630542138370218552e+00 5.235419254091671151e-03 9.996589045232842086e-01 -2.558642183378812343e-02 -1.991493098955859631e-01 2.504933225952234443e-01 2.345997451374551984e-02 9.678340386385125838e-01 1.003936209930010470e+01
9.657167825919884541e-01 -1.210980272870257508e-02 -2.593153427814032241e-01 -1.784040910522071588e+00 5.243632813563145478e-03 9.996175240185014577e-01 -2.715345243787917542e-02 -2.187621639268249318e-01 2.595449883149127390e-01 2.486279028457273957e-02 9.654109188355141091e-01 1.058491858047735512e+01
9.635651892763369419e-01 -1.547251554705003293e-02 -2.670257023328598822e-01 -1.941270425111014442e+00 7.954675824806793638e-03 9.995415620606662443e-01 -2.921281961093778745e-02 -2.566162093625770635e-01 2.673552880315043789e-01 2.602435316525799833e-02 9.632465336513245102e-01 1.114914136607290018e+01
9.610098060975129641e-01 -1.519417115574001574e-02 -2.760965194982833437e-01 -2.118604941106702277e+00 6.638864442842422851e-03 9.994691770914407858e-01 -3.189497622210035049e-02 -2.775931515056901944e-01 2.764345836286748459e-01 2.881841757244856320e-02 9.606005525012805135e-01 1.172994765086610158e+01
9.587781843374945101e-01 -1.363765667709927916e-02 -2.838281272244103093e-01 -2.312056904706305094e+00 3.878168839245755770e-03 9.993826285349024507e-01 -3.491878546026929570e-02 -2.895516750626220270e-01 2.841291151351005850e-01 3.237863637276531398e-02 9.582391515720004582e-01 1.230875613058835327e+01
9.564667505839811179e-01 -1.566752641177433791e-02 -2.914204553670243225e-01 -2.505896362087840501e+00 4.039643460607803514e-03 9.991730049332164798e-01 -4.045970191849339315e-02 -3.275889179394815276e-01 2.918133605544174225e-01 3.752112497718782663e-02 9.557390489216297524e-01 1.290915374339214594e+01
9.548007758597297778e-01 -1.647209630254855769e-02 -2.967897345997957403e-01 -2.716383188450514297e+00 2.611653073951455007e-03 9.988897176615019191e-01 -4.703733839147457296e-02 -3.613353543526952594e-01 2.972350228723444343e-01 4.413617551481418405e-02 9.537836972299511551e-01 1.351772076322989768e+01
9.534595560830443350e-01 -1.697426542983358766e-02 -3.010427665321041002e-01 -2.915924804775789969e+00 2.881626037282799440e-04 9.984649935776459539e-01 -5.538567996508234753e-02 -4.012152730120053246e-01 3.015208003558456640e-01 5.272125678780320568e-02 9.520008813012381665e-01 1.413235544216609085e+01
9.521920584297169921e-01 -1.706014007513699179e-02 -3.050233327005749118e-01 -3.115841842046993104e+00 -2.705280702667216958e-03 9.979295309008117121e-01 -6.425988479018064636e-02 -4.449768174005445664e-01 3.054880791818408436e-01 6.201292601293504486e-02 9.501744221438985782e-01 1.474959593782739731e+01
9.506753967680361406e-01 -1.544678640426099848e-02 -3.098026544729838849e-01 -3.344281011426673889e+00 -7.484061063980887614e-03 9.973263040130411206e-01 -7.269272408844094924e-02 -4.923276649379065284e-01 3.100972106416751140e-01 7.142576668436245724e-02 9.480179755022024590e-01 1.539695512007548217e+01
9.495008132670417211e-01 -1.563065841155375155e-02 -3.133749926670233443e-01 -3.570488170023280006e+00 -9.997219229622338402e-03 9.967441823223681663e-01 -8.000681591285345451e-02 -5.508616005944760863e-01 3.136052653898299680e-01 7.909941573204384846e-02 9.462531490389289868e-01 1.604665573907069742e+01
9.477849302242643548e-01 -1.414032792268448205e-02 -3.185965709273759217e-01 -3.797769110303771178e+00 -1.423528682609588418e-02 9.961449071317555193e-01 -8.656027139134414572e-02 -6.154941659591349756e-01 3.185923476135875676e-01 8.657583486614423007e-02 9.439298401045165265e-01 1.671732827143864952e+01
9.460946991374803439e-01 -1.241655399932237863e-02 -3.236520465355226528e-01 -4.043881554484807239e+00 -1.861324180752736354e-02 9.955291845272083995e-01 -9.260232159139913932e-02 -6.846015985230170520e-01 3.233548651917093064e-01 9.363477996489452670e-02 9.416337724305436918e-01 1.738294423452268944e+01
9.448264364459237896e-01 -1.215868973487098902e-02 -3.273456414653151958e-01 -4.311597766353396644e+00 -2.117765496386904076e-02 9.949530327259137330e-01 -9.808144359362644393e-02 -7.565667586268425282e-01 3.268860861290190378e-01 9.960235450822790826e-02 9.398004362440393056e-01 1.805021247693963105e+01
9.427438647987452791e-01 -9.374424196111558541e-03 -3.333858473367575237e-01 -4.556984488902367403e+00 -2.588670118253863506e-02 9.945325961665837378e-01 -1.011671579511353863e-01 -8.315681977253103208e-01 3.325114817850354787e-01 1.040049779468811691e-01 9.373468309064626469e-01 1.875007270888121624e+01
9.412774429703288925e-01 -7.636302620581109264e-03 -3.375477148949406758e-01 -4.837034553546289750e+00 -2.878025518299409669e-02 9.942908055836069403e-01 -1.027496512490693875e-01 -9.144364417500239206e-01 3.364052225162910692e-01 1.064306390433787247e-01 9.356837327617762989e-01 1.945229115039996159e+01
9.390797111287292331e-01 -7.264794649160443915e-03 -3.436226366512016295e-01 -5.119909960725965270e+00 -2.961503873482391677e-02 9.943479218876180026e-01 -1.019566560365818553e-01 -1.007765930958346878e+00 3.424211546608829648e-01 1.059218254612472598e-01 9.335568125325728328e-01 2.016508198214716430e+01
9.367070353283447615e-01 -7.182841834852447295e-03 -3.500404750583089863e-01 -5.385974995890298267e+00 -2.988984594304853679e-02 9.944988637570612022e-01 -1.003922660879425777e-01 -1.086896721207983862e+00 3.488359624196847308e-01 1.045007984598265993e-01 9.313393887405633231e-01 2.087718893760698080e+01
9.337169022964556531e-01 -7.058761284276383885e-03 -3.579426177175984991e-01 -5.654987241961030087e+00 -3.021916988932473597e-02 9.946836363225629585e-01 -9.844422482846690303e-02 -1.171380357747173528e+00 3.567345649439957467e-01 1.027357660573178233e-01 9.285396142462614133e-01 2.159190220216379430e+01
9.314827041138907804e-01 -6.548074065860665094e-03 -3.637266719758738831e-01 -5.983248643723810822e+00 -3.026227792184228715e-02 9.949777381046984726e-01 -9.541223828503839210e-02 -1.256003311467616790e+00 3.625247139520457185e-01 9.988204795258597002e-02 9.266063948750407064e-01 2.229429595306824297e+01
9.275351925295771682e-01 -3.663929077021994916e-03 -3.737178606163525929e-01 -6.281635545046659885e+00 -3.231495088626217677e-02 9.954208070550524257e-01 -8.996199668548107709e-02 -1.337766724577928334e+00 3.723361551532242686e-01 9.551959277071922494e-02 9.231694307359044060e-01 2.309905900885924268e+01
9.240138573453806625e-01 -1.042985592889159822e-03 -3.823575559458959328e-01 -6.614250602027432535e+00 -3.390782573012708634e-02 9.958328893358135980e-01 -8.465882056268839162e-02 -1.414648061380840316e+00 3.808525341308985346e-01 9.119083721447983348e-02 9.201280244902416694e-01 2.383299573313541941e+01
9.203638971151407722e-01 1.808299148281735389e-03 -3.910588495161785860e-01 -6.939134065284212838e+00 -3.618052959371228366e-02 9.960940705921313976e-01 -8.054546447932453557e-02 -1.491364669525715891e+00 3.893857576150457356e-01 8.827985431909507463e-02 9.168344464545308270e-01 2.456738309285189104e+01
9.167681832406148201e-01 2.278994645527132948e-03 -3.994131959524106490e-01 -7.267461677459289504e+00 -3.689823632865605468e-02 9.961908778837431644e-01 -7.900794276157836749e-02 -1.562765634594622144e+00 3.977117304350917260e-01 8.716961108443592454e-02 9.133601927035891466e-01 2.529115053159215520e+01
9.129844959141401040e-01 3.413258013982537094e-03 -4.079799706841855667e-01 -7.649158393692858660e+00 -3.854481073712728856e-02 9.962140893498810934e-01 -7.792166447080466074e-02 -1.646923822967709672e+00 4.061694351684450033e-01 8.686678274150518020e-02 9.096595821261252990e-01 2.608898531089030826e+01
9.090590957065758371e-01 3.631147337294421927e-03 -4.166513791391180943e-01 -7.986701754931270436e+00 -3.913832372403745069e-02 9.962849713054855449e-01 -7.671015328961441893e-02 -1.709568457634831784e+00 4.148249685378063711e-01 8.604109955172030422e-02 9.058240326676877396e-01 2.683327963402339122e+01
9.048063958658222328e-01 3.888562528080439541e-03 -4.258054266857998482e-01 -8.356225707863698560e+00 -3.972582002922648431e-02 9.963681243737750881e-01 -7.531546991697872506e-02 -1.785958990004035796e+00 4.239660926768565319e-01 8.506138903325011213e-02 9.016747284851779343e-01 2.761029638727496405e+01
9.006345882501897160e-01 4.125144164623163051e-03 -4.345576116086728446e-01 -8.762875390443372936e+00 -3.948504110684582236e-02 9.965957032587772213e-01 -7.237358517765513088e-02 -1.854084500503143884e+00 4.327797044861965148e-01 8.234067960818113041e-02 8.977314429360088166e-01 2.840334648518206251e+01
8.977686596534830699e-01 4.830414560916177977e-03 -4.404407984249732455e-01 -9.178297517050042487e+00 -3.896270331487521055e-02 9.968909440519125864e-01 -6.848615536659923009e-02 -1.928977632133034303e+00 4.387406343368084327e-01 7.864548838927248875e-02 8.951656532734395544e-01 2.917901337819852614e+01
8.933980983147874477e-01 6.212582182339019231e-03 -4.492229264879408768e-01 -9.557039066540339078e+00 -3.869631076737495984e-02 9.972525403222229912e-01 -6.316618096307398400e-02 -1.990939714335663524e+00 4.475962871968718892e-01 7.381581618851125459e-02 8.911839276895464623e-01 2.998254875293265087e+01
8.897976590359694127e-01 6.367176888416434602e-03 -4.563108379678242899e-01 -9.978477205842114728e+00 -3.734168985342843639e-02 9.975654676792660158e-01 -5.889597572473703052e-02 -2.060663536023887854e+00 4.548249411947530851e-01 6.944491933916221993e-02 8.878691796469897479e-01 3.076834184936060623e+01
8.858844709362987402e-01 5.574121572226867910e-03 -4.638724275174244127e-01 -1.041433325137520072e+01 -3.588259331219821602e-02 9.977554521526597053e-01 -5.653757386804738466e-02 -2.122655245825998627e+00 4.625161042903134789e-01 6.673070457287839929e-02 8.840960754290063672e-01 3.157226872990266386e+01
8.826370866997991227e-01 5.559628609109807350e-03 -4.700221902157702414e-01 -1.086303311237341163e+01 -3.582286908552211740e-02 9.978176412815766838e-01 -5.546780021311883968e-02 -2.195476895478948975e+00 4.686880608715856544e-01 6.579548115260110130e-02 8.809100184526177379e-01 3.242378332624713977e+01
8.797379337070180272e-01 5.559636661753825961e-03 -4.754263917025536856e-01 -1.132356506590201661e+01 -3.539907636728235191e-02 9.979222761515352813e-01 -5.383341170478672666e-02 -2.240226170269804307e+00 4.741393008864031589e-01 6.418894968442297178e-02 8.781068878788360621e-01 3.322576618473831900e+01
8.763259281142419255e-01 4.533356075567207544e-03 -4.816973238247659883e-01 -1.177776116310897336e+01 -3.387273009666161988e-02 9.980604586170300774e-01 -5.222986847795392518e-02 -2.302126445711347724e+00 4.805262835977273661e-01 6.208679154323813731e-02 8.747798155220687377e-01 3.406371968617403923e+01
8.743230961942106694e-01 3.375467627722613089e-03 -4.853325921469441862e-01 -1.229429401546232370e+01 -3.282953373724640384e-02 9.980968568572858857e-01 -5.220044160654626481e-02 -2.367664799915143448e+00 4.842327421744011540e-01 6.157329456450340299e-02 8.727699498863417116e-01 3.490126077231212776e+01
8.723420922513211995e-01 2.802429023647184415e-03 -4.888879378103890283e-01 -1.276143286358052009e+01 -3.262349806097808447e-02 9.980884211851480670e-01 -5.249010313773754682e-02 -2.425097496055355961e+00 4.878062985818078512e-01 6.173856121236866862e-02 8.707659673000527345e-01 3.575009793834722416e+01
8.705315134648563546e-01 2.719580084910824553e-03 -4.921051545654560599e-01 -1.324120160700146975e+01 -3.304647110880708921e-02 9.980505639116665773e-01 -5.294339128331418398e-02 -2.492774589569145327e+00 4.910018516646882936e-01 6.235122944510439191e-02 8.689243411193345867e-01 3.659978303288242785e+01
8.700269273060838859e-01 3.726967178545005470e-03 -4.929901121338369774e-01 -1.375604847203936032e+01 -3.387370624952199677e-02 9.980601611521047190e-01 -5.223491941428560353e-02 -2.541232342402536037e+00 4.918391213864521938e-01 6.214518880554237290e-02 8.684654621446479261e-01 3.747234924856691407e+01
8.703127042943248348e-01 2.585515061019881457e-03 -4.924927482209153773e-01 -1.427662102315243509e+01 -3.187493588022372731e-02 9.981853695851227171e-01 -5.108773301884247248e-02 -2.611826910549450709e+00 4.914669762473736769e-01 6.016047796090331912e-02 8.688158221966245653e-01 3.835631938287868081e+01
8.694576984028086208e-01 2.106710469475614553e-03 -4.940029024481598641e-01 -1.477289048512671954e+01 -3.105416625325625388e-02 9.982462504042856066e-01 -5.039903140674167198e-02 -2.675532894408962914e+00 4.930303773683415436e-01 5.916067421063716386e-02 8.679983101344251883e-01 3.926171633808619532e+01
8.691204423935412482e-01 5.197119141836686104e-04 -4.946002240931576810e-01 -1.529292021754155861e+01 -2.968656834200567723e-02 9.982513593715538480e-01 -5.111683894541831086e-02 -2.731498889692947962e+00 4.937087885059086023e-01 5.910967313235722387e-02 8.676160922225579775e-01 4.014464069181508421e+01
8.684411069406466899e-01 -2.121627701347522221e-03 -4.957877949425701369e-01 -1.585421387134052118e+01 -2.686628754906834546e-02 9.983201957856530084e-01 -5.133214707982369784e-02 -2.795633224014395513e+00 4.950638847349443927e-01 5.789892418328389245e-02 8.669252963336292472e-01 4.109119491481742870e+01
8.667593363397916306e-01 -2.309169343346412304e-03 -4.987212805711372932e-01 -1.636804827225422443e+01 -2.591287175706523047e-02 9.984300442144325993e-01 -4.965853330672408833e-02 -2.860221143730925952e+00 4.980529887423051916e-01 5.596529802767204881e-02 8.653387259847192814e-01 4.197868149004596461e+01
8.645200130263549498e-01 -2.341324625199066225e-03 -5.025929369733082019e-01 -1.691176304091155203e+01 -2.415567202137676103e-02 9.986399774803887963e-01 -4.620280216826935099e-02 -2.931853742452724454e+00 5.020175836600904162e-01 5.208371730824095519e-02 8.632876907652849985e-01 4.291531978652329826e+01
8.615503320916749752e-01 -2.574838893699865714e-03 -5.076656285435212634e-01 -1.745270975522524637e+01 -2.169421396525269413e-02 9.988869624683510695e-01 -4.188313895903052891e-02 -2.992291802815929991e+00 5.072084287163036720e-01 4.709783902756196905e-02 8.605355358339942251e-01 4.382026668756451215e+01
8.580610398358631263e-01 -3.096715233374401285e-03 -5.135383696375084295e-01 -1.800308154364979174e+01 -2.052697275486229517e-02 9.989758619040336463e-01 -4.032208772717989914e-02 -3.055565998104229131e+00 5.131373102930691932e-01 4.514020060285976049e-02 8.571187013589625092e-01 4.470857518202621605e+01
8.531789669114597796e-01 -6.481645254671735377e-03 -5.215780223212500566e-01 -1.855529893570558642e+01 -1.812421693035947204e-02 9.989506459110297776e-01 -4.206090612934994949e-02 -3.114068336651914848e+00 5.213033351451852315e-01 4.533867361581795513e-02 8.521662060523061966e-01 4.561708049275687671e+01
8.470133578594255530e-01 -9.144247774640094570e-03 -5.314929433488103649e-01 -1.913200494401780460e+01 -1.744471322787434497e-02 9.988353128862385022e-01 -4.498555033030883499e-02 -3.185640862062595335e+00 5.312852885378206436e-01 4.737510398614974694e-02 8.458673342727380806e-01 4.651169375435301845e+01
8.406311169065672217e-01 -9.186467496256086815e-03 -5.415301731196148216e-01 -1.973259268723374404e+01 -1.781116216625149712e-02 9.988464454298926487e-01 -4.459305979708420159e-02 -3.239890371807233382e+00 5.413151505344928616e-01 4.713159535040069986e-02 8.394977821282396668e-01 4.742075135611813863e+01
8.343954939162694373e-01 -6.707615093776977608e-03 -5.511253593659084515e-01 -2.032186375365676412e+01 -1.843273372373310098e-02 9.990270096557324342e-01 -4.006580009606212911e-02 -3.296161710554134316e+00 5.508578751733620438e-01 4.358946997096728448e-02 8.334599962393955952e-01 4.829653082397084773e+01
8.304176819585167291e-01 -2.676687894319870840e-03 -5.571349053973032595e-01 -2.093501472263467633e+01 -2.102023469786217999e-02 9.991259630466275965e-01 -3.613114637696140941e-02 -3.346212791828473421e+00 5.567446703027157939e-01 4.171504917866571127e-02 8.296356023839155380e-01 4.916165486274662300e+01
8.254725343913391633e-01 -2.134973732878601201e-03 -5.644382434642460922e-01 -2.153467474087643296e+01 -2.267919725143300799e-02 9.990598629512192907e-01 -3.694650584867373300e-02 -3.403476502617459154e+00 5.639864837016740351e-01 4.329933197556791458e-02 8.246480583724686841e-01 5.002487246490835560e+01
8.216335177914672050e-01 -3.934715677115633616e-03 -5.700025212016192055e-01 -2.213805958734113943e+01 -2.367743147421169300e-02 9.988775259491335934e-01 -4.102520487895604945e-02 -3.472041436495619138e+00 5.695241404938173879e-01 4.720387896710280529e-02 8.206180923184401843e-01 5.089407228565839603e+01
8.191492401334332651e-01 -7.392878885492226715e-03 -5.735327901569005071e-01 -2.273658647411422251e+01 -2.436389091335763521e-02 9.985659883861713881e-01 -4.766935806695814237e-02 -3.542473760732837373e+00 5.730627611356011730e-01 5.302180875411433014e-02 8.177944521094050456e-01 5.175808863947349892e+01
8.156524307821200193e-01 -7.851055365079545600e-03 -5.784889511842304932e-01 -2.339754821085831793e+01 -2.511367934024474544e-02 9.984849313368492352e-01 -4.896064792004657662e-02 -3.602948924622416449e+00 5.779969034137687478e-01 5.446285750123779079e-02 8.142194932584390088e-01 5.262412072828635701e+01
8.131429015395018611e-01 -6.882606950264835884e-03 -5.820234057806967787e-01 -2.402307803279366993e+01 -2.409913448546797954e-02 9.986745926407161189e-01 -4.547845393471872805e-02 -3.668075937635749906e+00 5.815650080176829606e-01 5.100674227479438244e-02 8.118992918900044264e-01 5.347850120257399453e+01
8.089550508816037988e-01 -4.535485294937824721e-03 -5.878529989555228985e-01 -2.465993425732609978e+01 -2.404656743380245362e-02 9.988780300268051970e-01 -4.079759512791582970e-02 -3.718828769796467260e+00 5.873784925583617200e-01 4.713926733615106390e-02 8.079383655677928600e-01 5.433942561074942290e+01
8.065232914202488113e-01 -2.580573955691699457e-03 -5.911966798932499767e-01 -2.531364998131435939e+01 -2.469876613991976722e-02 9.989703602213081401e-01 -3.805509686097433009e-02 -3.785685041410861373e+00 5.906861744489870780e-01 4.529415040692533895e-02 8.056291267854078786e-01 5.523653245001304413e+01
8.040178536646300778e-01 -1.455603470263808989e-03 -5.946033681505098478e-01 -2.593822156310909577e+01 -2.632324929488617099e-02 9.989294689713316133e-01 -3.803948760963222347e-02 -3.846720274826740393e+00 5.940222074445875577e-01 4.623631977076170935e-02 8.031188122173785748e-01 5.608258992979860125e+01
8.002102852862458260e-01 -3.392545232356417809e-03 -5.997099157611114340e-01 -2.660885511999441988e+01 -2.546779409258932703e-02 9.988896876538085889e-01 -3.963311002924493204e-02 -3.891234351272457204e+00 5.991785178838656689e-01 4.698811083403253014e-02 7.992354021161969246e-01 5.693488943245349532e+01
7.960134574207026192e-01 -4.619348505641491034e-03 -6.052612908577720274e-01 -2.726592110748006803e+01 -2.610193857433641337e-02 9.987786633970884287e-01 -4.195080920964684018e-02 -3.953868363538351804e+00 6.047158589183290189e-01 4.919190163325632553e-02 7.949206839377882527e-01 5.779690577222825709e+01
7.919286793908768551e-01 -5.807104107136753894e-03 -6.105859785266158912e-01 -2.791760081742662081e+01 -2.517992769115471458e-02 9.987936287157048731e-01 -4.215754409461186514e-02 -4.008913311877661201e+00 6.100942088981767819e-01 4.876027891936079994e-02 7.908270977588675033e-01 5.862315139824939081e+01
7.876122198895428861e-01 -6.813075293629106306e-03 -6.161335616891967515e-01 -2.859014248005316716e+01 -2.407168393427950442e-02 9.988353063651352892e-01 -4.181608344125323923e-02 -4.077565547423511738e+00 6.157008615899600690e-01 4.776623056099432718e-02 7.865308916107101034e-01 5.948030499595984821e+01
7.835470464368662347e-01 -6.676371318574919438e-03 -6.212965835470001252e-01 -2.926583467519044746e+01 -2.419885979705374904e-02 9.988556924742925114e-01 -4.125191922979792175e-02 -4.132778115626011051e+00 6.208610530241818193e-01 4.735748827826132684e-02 7.824888679442451034e-01 6.031314286979259265e+01
7.780306059548299791e-01 -8.113704010428728422e-03 -6.281739699287333112e-01 -2.996954666377328991e+01 -2.337208116166379288e-02 9.988505349378683507e-01 -4.184919017397643881e-02 -4.193169932712210723e+00 6.277914686627316110e-01 4.724168368097055037e-02 7.769466536798603773e-01 6.113721408752203246e+01
7.724569291050088493e-01 -9.729139611676285507e-03 -6.349926211078824601e-01 -3.067383040459855081e+01 -2.254823349610975483e-02 9.988320400645689379e-01 -4.273327679940170515e-02 -4.258947262362328345e+00 6.346667441254295605e-01 4.732757753463215367e-02 7.713353563302988158e-01 6.196755903813455291e+01
7.664896397065307232e-01 -1.097389809120226552e-02 -6.421629060954288093e-01 -3.135049056629963715e+01 -2.214316175646081908e-02 9.988080566438443109e-01 -4.349880928012891251e-02 -4.316020090716094160e+00 6.418748468529270612e-01 4.756090363196208842e-02 7.653330315643893655e-01 6.278109969979409044e+01
7.608936329396011056e-01 -1.194171016386298863e-02 -6.487667276790081150e-01 -3.209608854955274637e+01 -2.200583586596589758e-02 9.987805970339319606e-01 -4.419346347246561751e-02 -4.384698330504869013e+00 6.485033763202213697e-01 4.790317897213670906e-02 7.597030105740909534e-01 6.363489774324342108e+01
7.555055054384640645e-01 -1.365787016191579752e-02 -6.549999127687397005e-01 -3.278991499203149829e+01 -2.158838815144733386e-02 9.987207177002020986e-01 -4.572602725887000424e-02 -4.454497692120986230e+00 6.547865144066546961e-01 4.868665756886639967e-02 7.542441501253074332e-01 6.445371414436779389e+01
7.485431985329861204e-01 -1.461088832681794146e-02 -6.629250286288389526e-01 -3.355139298712202134e+01 -2.086629171273307604e-02 9.987430349729008450e-01 -4.557354492689618536e-02 -4.514508045657666280e+00 6.627576364560061606e-01 4.794655398327715007e-02 7.472974317741312156e-01 6.526778165188252956e+01
7.429553258147106876e-01 -1.460982973885310496e-02 -6.691815361193051981e-01 -3.428966732409257645e+01 -2.016524856940449251e-02 9.988193866497628859e-01 -4.419497297079873904e-02 -4.578289117031686395e+00 6.690371840329571995e-01 4.632910240087587811e-02 7.417835729202842954e-01 6.609120261878302927e+01
7.360541218447237410e-01 -1.547502470509304860e-02 -6.767457755414675313e-01 -3.502730251181250765e+01 -1.881056332899529865e-02 9.988849974446052382e-01 -4.330039974404814584e-02 -4.636052466483376655e+00 6.766612887004695986e-01 4.460140680006700192e-02 7.349423266267662846e-01 6.689538871854072966e+01
7.303484801764662526e-01 -1.704440660840353394e-02 -6.828620482580701756e-01 -3.580401702257289998e+01 -1.789923548412456974e-02 9.988678234129099165e-01 -4.407594295808715118e-02 -4.706952261520998881e+00 6.828401879077932168e-01 4.441350637346840741e-02 7.292165158288351767e-01 6.770842974115598167e+01
7.236088973858726403e-01 -1.845902160473445255e-02 -6.899633462879029011e-01 -3.657571688065257831e+01 -1.785885229369381377e-02 9.988069026075250267e-01 -4.545143260249694811e-02 -4.774288935472280393e+00 6.899791536973000072e-01 4.521101433868831426e-02 7.224159055162872045e-01 6.851754528135060696e+01
7.176735285524268315e-01 -1.722861107979009945e-02 -6.961665549996399749e-01 -3.736914825840597132e+01 -2.031428052001072251e-02 9.987505229810744733e-01 -4.565876569312037753e-02 -4.839091363590641848e+00 6.960833600105398311e-01 4.691021000014043707e-02 7.164268261007880056e-01 6.929365224901030729e+01
7.122432004438695730e-01 -1.838940631405146589e-02 -7.016918440087973607e-01 -3.818498047490474079e+01 -1.836089219686564550e-02 9.988266267034833223e-01 -4.481347403033852234e-02 -4.894447541807676494e+00 7.016926028244796498e-01 4.480178027535880458e-02 7.110698283608988257e-01 7.007573115278921705e+01
7.077528404798031358e-01 -1.721766920415378210e-02 -7.062502809479772603e-01 -3.899364583083620772e+01 -2.044307688880384055e-02 9.987851714598090513e-01 -4.483594442778626038e-02 -4.967563743464494586e+00 7.061642905912293156e-01 4.617069563432938534e-02 7.065410609765471195e-01 7.088961418146158167e+01
7.029614965099414414e-01 -1.761493143425317195e-02 -7.110097321258361802e-01 -3.981656817959810013e+01 -2.109355058702953867e-02 9.987371436972937166e-01 -4.559802580624142121e-02 -5.043347067091186631e+00 7.109150473652443569e-01 4.705137602941279751e-02 7.017021966948697731e-01 7.169818739917285200e+01
6.973252244204929395e-01 -2.040854145138647907e-02 -7.164642442250033216e-01 -4.063790848673688316e+01 -2.006839725113595402e-02 9.986467295593629556e-01 -4.797883911470188223e-02 -5.109243220240363925e+00 7.164738648267438004e-01 4.783514364534331015e-02 6.959719890856628233e-01 7.250757540675095925e+01
6.924429596362770001e-01 -2.239791500264585317e-02 -7.211248653108400797e-01 -4.147270718369261289e+01 -2.026836231506929167e-02 9.985195916616769196e-01 -5.047592085615731222e-02 -5.176368885026327860e+00 7.211878738705499448e-01 4.956771590890891865e-02 6.909638932508311848e-01 7.325819824550244164e+01
6.877706984078741925e-01 -2.338083254827388532e-02 -7.255513719144093265e-01 -4.234778592160169808e+01 -2.072349656833541789e-02 9.984414451977570160e-01 -5.181908172565549003e-02 -5.249103880173364267e+00 7.256321461261676653e-01 5.067560723895929431e-02 6.862142384881086965e-01 7.407287883799318706e+01
6.831158970454676016e-01 -2.266041329554258077e-02 -7.299583323503646692e-01 -4.316505231592510938e+01 -2.094853881975859006e-02 9.984992182233946023e-01 -5.060108654412824591e-02 -5.327876142855873631e+00 7.300094783124476683e-01 4.985796692016581516e-02 6.816159876228202741e-01 7.486337666596904228e+01
6.784959506439758314e-01 -2.262207479847447647e-02 -7.342557297547441797e-01 -4.405390206183476920e+01 -2.001370557937993608e-02 9.985854612193916235e-01 -4.925980369334909126e-02 -5.397968588487270125e+00 7.343314681810981792e-01 4.811775514325554448e-02 6.770834412856103768e-01 7.566443812081892872e+01
6.731711193850923314e-01 -2.370653460025551676e-02 -7.391066459631391306e-01 -4.491932219810879445e+01 -1.973695324573654722e-02 9.985539597131680711e-01 -5.000442226718577327e-02 -5.477097804336858999e+00 7.392233122953101310e-01 4.824924603731451517e-02 6.717297930891723556e-01 7.642195746377960575e+01
6.687592095398462444e-01 -2.475550154514769702e-02 -7.430668035664330651e-01 -4.577128561403819162e+01 -1.858224302942633119e-02 9.985767427526571760e-01 -4.999189037705009664e-02 -5.543346300161942963e+00 7.432468154950695460e-01 4.724038482165487940e-02 6.673473814354935474e-01 7.718857780576466610e+01
6.638940077480843804e-01 -2.478019219707208037e-02 -7.474160007672845385e-01 -4.667730911504688152e+01 -1.879946783177533637e-02 9.985819587489188631e-01 -4.980614115755143539e-02 -5.631635877221720321e+00 7.475903526948577404e-01 4.711702152103480756e-02 6.624867252721935440e-01 7.797705747006945387e+01
6.600243043843958546e-01 -2.623858105610847244e-02 -7.507858842922033871e-01 -4.757846832402996995e+01 -1.702356725499786991e-02 9.986108643647754191e-01 -4.986521586417044100e-02 -5.694771059401333879e+00 7.510513463336041529e-01 4.569330818832302576e-02 6.586607678982321357e-01 7.876858409758864354e+01
6.566878843598745741e-01 -2.872666925123787407e-02 -7.536151474748914447e-01 -4.846120256565910012e+01 -1.470429851224767416e-02 9.985966177184721904e-01 -5.087807684424771465e-02 -5.771901897841690499e+00 7.540191080275955304e-01 4.449239850252668937e-02 6.553438957470827386e-01 7.950509668016020726e+01
6.518730102474884491e-01 -3.353177722658499949e-02 -7.575864226751233277e-01 -4.937757569822380077e+01 -1.082155326928400246e-02 9.985088443246490364e-01 -5.350683878704735191e-02 -5.856997224905047261e+00 7.582509358668038102e-01 4.307792565251577360e-02 6.505381012493560711e-01 8.028814828995662367e+01
6.476094885382032151e-01 -3.785190486835673246e-02 -7.610316504327612197e-01 -5.028542236135973553e+01 -6.545248279200777987e-03 9.984521834903422599e-01 -5.523039928199705711e-02 -5.928118741276250603e+00 7.619443020530425326e-01 4.074887146434230667e-02 6.463593588240822418e-01 8.105892770712146955e+01
6.402799010848304606e-01 -4.105568101359550331e-02 -7.670437200542217226e-01 -5.120196306199118652e+01 -2.291485514840711085e-03 9.984640990555233575e-01 -5.535514410874651375e-02 -6.017287726640069501e+00 7.681382732839554528e-01 3.720045546605398740e-02 6.392024171498645879e-01 8.183685600997671372e+01
6.315989241799474518e-01 -4.501091400314900792e-02 -7.739876003948943373e-01 -5.213397070668747091e+01 3.112730564947460525e-03 9.984524739310495223e-01 -5.552448276942923561e-02 -6.101083947505587801e+00 7.752890555188259869e-01 3.265998837531310095e-02 6.307616163059724945e-01 8.260792082279209581e+01
6.237089961091327739e-01 -4.585174032082840051e-02 -7.803106399916414082e-01 -5.307023295187222089e+01 5.115537995381887020e-03 9.984960991619746817e-01 -5.458361662433484224e-02 -6.185720137537877861e+00 7.816398974877329930e-01 3.005258362639576936e-02 6.230055570347787786e-01 8.334709727252345601e+01
6.143941108171853127e-01 -4.449135900843749492e-02 -7.877438569545369695e-01 -5.401306330690975699e+01 5.176122653761562262e-03 9.986146417658399166e-01 -5.236415740973094507e-02 -6.254938006210591261e+00 7.889823156776603064e-01 2.809477070704443843e-02 6.137732487066325238e-01 8.407912704439772256e+01
6.048791280695604566e-01 -4.404200120815994490e-02 -7.950984410499196686e-01 -5.501373377807442466e+01 4.261110738872485142e-03 9.986341096256748928e-01 -5.207454277656151792e-02 -6.336539956632607051e+00 7.963059045804858904e-01 2.811080111769528531e-02 6.042405984441716615e-01 8.482156906817073150e+01
5.969148227332400358e-01 -4.599004807045266319e-02 -8.009853919550633528e-01 -5.600650940251375687e+01 4.800043707108868352e-03 9.985425617652807784e-01 -5.375604058459197004e-02 -6.421036612316624925e+00 8.022902619754422870e-01 2.824301213813426581e-02 5.962656116056549438e-01 8.553661560390996499e+01
5.859014329316142300e-01 -4.807873860374903968e-02 -8.089548404030418860e-01 -5.700012645739548134e+01 5.164731744486950049e-03 9.984397785135166181e-01 -5.559976799797301111e-02 -6.508711602050345491e+00 8.103658723966690181e-01 2.839794858504182326e-02 5.852356118426568221e-01 8.624117318906669993e+01
5.767525761981279198e-01 -4.938447345767300878e-02 -8.154248141190720833e-01 -5.801140825363256681e+01 5.286973486468634839e-03 9.983758409926967170e-01 -5.672502098599087328e-02 -6.579332428133998434e+00 8.169017839740935205e-01 2.840517220044987134e-02 5.760769338454992949e-01 8.693090500261423870e+01
5.670801022995024532e-01 -5.048275611006126234e-02 -8.221141262487280388e-01 -5.901735459597291111e+01 7.836483462683358631e-03 9.984054711728043152e-01 -5.590263524716996418e-02 -6.670177146566827808e+00 8.236253749143702674e-01 2.525878791096918333e-02 5.665714851594743084e-01 8.765337937489687192e+01
5.571867188435621898e-01 -4.952963658604080111e-02 -8.289087784075022114e-01 -6.003705688132432527e+01 7.046833272145973034e-03 9.984656542668191026e-01 -5.492430574000538301e-02 -6.760719297671522021e+00 8.303573410182393255e-01 2.476191128133955685e-02 5.566808300266345988e-01 8.834449713308970331e+01
5.462099258142796288e-01 -5.016465135527620189e-02 -8.361448510700306702e-01 -6.109452465348226724e+01 8.059990132724244305e-03 9.984736747169948856e-01 -5.463842443977216801e-02 -6.846611677354037973e+00 8.376095540385154470e-01 2.310473003091849734e-02 5.457805595566568302e-01 8.901304950809303307e+01
5.363791704419117456e-01 -5.159440520375416228e-02 -8.423985932837010360e-01 -6.213608149982950835e+01 7.933129333325975030e-03 9.983937837814637062e-01 -5.609739685230699657e-02 -6.934440837772855915e+00 8.439398454163752339e-01 2.340661771602350200e-02 5.359269357841117687e-01 8.965171694871040131e+01
5.255375383930668276e-01 -5.292981874100311651e-02 -8.491223215392436074e-01 -6.322780576077095560e+01 7.749527459068913937e-03 9.983192481854203937e-01 -5.743364426843629994e-02 -7.011254286538396663e+00 8.507351247463285082e-01 2.360323879965670751e-02 5.250644224905420820e-01 9.030469188705822603e+01
5.165464344472561198e-01 -5.321167309118402661e-02 -8.546041689923601359e-01 -6.425772605637256163e+01 5.453017620814960310e-03 9.982513613999431934e-01 -5.885986775577839447e-02 -7.103365428119828628e+00 8.562418219979776035e-01 2.574368276143213646e-02 5.159333467966219500e-01 9.093798291372156939e+01
