1.000000000000000000e+00 -3.306050084167601550e-19 -2.270457535318767223e-19 -8.673617379884035472e-19 7.546676715296109287e-19 1.000000000000000000e+00 6.237773588823049983e-19 1.387778780781445676e-17 -3.447385680526250622e-20 4.770700176052009879e-20 1.000000000000000222e+00 5.551115123125782702e-17
9.999341763677453976e-01 -1.600341504181874985e-03 1.135962155981862752e-02 1.111987046443031757e-02 1.582969864508877505e-03 9.999975852611773242e-01 1.538036223732176886e-03 -7.613875381946730303e-03 -1.136205656127683289e-02 -1.519946746416297361e-03 9.999342471296224222e-01 3.032469652910381175e-01
9.998102686275310846e-01 -5.474636071538667957e-03 1.869096882245648711e-02 2.402167999590999747e-02 5.450875437580310519e-03 9.999842870074192591e-01 1.322166622103077656e-03 -6.509619209370404169e-03 -1.869791362239232868e-02 -1.220011410679562201e-03 9.998243918710009170e-01 5.813071506224354312e-01
9.997639519122608620e-01 -7.764691713785427246e-03 2.029363316032131714e-02 3.624980097121673767e-02 7.756247126734058979e-03 9.999697998827747902e-01 4.948351093018872040e-04 -1.189948611716905302e-02 -2.029686366931793620e-02 -3.373472007228718031e-04 9.997940006044091499e-01 8.855490880006440246e-01
9.997950261793746574e-01 -8.364742711655484206e-03 1.843480376666722584e-02 3.847439159361524391e-02 8.383355869095041046e-03 9.999644121261564989e-01 -9.326837141687387015e-04 -2.297684284479038774e-02 -1.842634768246580526e-02 1.087080674073320850e-03 9.998296472733877449e-01 1.198850655536834564e+00
9.998747313678479909e-01 -1.030846257156716773e-02 1.200900181257422844e-02 3.974402613904907261e-02 1.033953877516910480e-02 9.999433980528724675e-01 -2.528737093357575662e-03 -2.607613526220584066e-02 -1.198226986836083488e-02 2.652571383392467782e-03 9.999246765370740642e-01 1.515675617892132454e+00
9.999330170967034581e-01 -1.154636876834280040e-02 -8.047941322911203932e-04 3.120052248793847571e-02 1.154316253137843175e-02 9.999258148238303612e-01 -3.881292557936258988e-03 -3.250078435096241669e-02 8.495552543514484252e-04 3.871741825044794794e-03 9.999921564675280372e-01 1.839784490476559675e+00
9.998082622548639664e-01 -1.141859819866028122e-02 -1.590521338825328507e-02 1.014509859420752863e-02 1.135064857199010249e-02 9.999260942025238741e-01 -4.355692314130312458e-03 -3.832968030893220412e-02 1.595378076207655191e-02 4.174266933414485722e-03 9.998639678414712462e-01 2.168634532169583462e+00
9.993532517258860715e-01 -7.267654448504676234e-03 -3.522052510996977887e-02 -2.327589031224856081e-02 7.126750085990965489e-03 9.999660677209720738e-01 -4.123384914171885664e-03 -4.214332891459755814e-02 3.524931077371998289e-02 3.869720709915036149e-03 9.993711665074266337e-01 2.516738659538253486e+00
9.984850898174000289e-01 -3.969693390293010417e-03 -5.488416297731717880e-02 -6.834777810980882662e-02 3.675948668121781053e-03 9.999783734048800499e-01 -5.452416220807929093e-03 -4.542054805392058137e-02 5.490462294328807280e-02 5.242459673800967807e-03 9.984781032450054106e-01 2.866772598423500629e+00
9.972252794323475111e-01 -1.324443672767823240e-03 -7.443060007703153347e-02 -1.144637737324796373e-01 9.329567618924098152e-04 9.999855712865391988e-01 -5.293722731402315286e-03 -5.206654472407268308e-02 7.443654390826108525e-02 5.209579112044306765e-03 9.972121214834145375e-01 3.230833813555852529e+00
9.953018689013601872e-01 -3.027922028438494347e-03 -9.678907446872613007e-02 -1.658684051954316396e-01 2.568965419062874123e-03 9.999848531113363359e-01 -4.865702722955945504e-03 -5.476976192393810672e-02 9.680235885521788763e-02 4.594237054467686585e-03 9.952946116245413588e-01 3.611023393385853097e+00
9.932581787390207806e-01 -4.654710044792138152e-03 -1.158377970097586446e-01 -2.228004841568917982e-01 4.173551763348921570e-03 9.999816321656085361e-01 -4.396536436628852365e-03 -6.136475441519037566e-02 1.158561400796395274e-01 3.883566234707818039e-03 9.932593198212317231e-01 3.999169975219389883e+00
9.910765855953774794e-01 -3.862724597220257294e-03 -1.332231555538525847e-01 -3.009850305582646435e-01 3.404787318672115870e-03 9.999874673402745495e-01 -3.664502170762979748e-03 -6.703900515856940634e-02 1.332356617502005458e-01 3.178107660825939436e-03 9.910773822106800912e-01 4.397356642305058294e+00
9.888729709742875018e-01 -2.900549441725091496e-03 -1.487390448738742932e-01 -3.824697601305578898e-01 2.566052035141414174e-03 9.999937182313767270e-01 -2.440757200854319284e-03 -7.226957436250042166e-02 1.487452174641209768e-01 2.031844411154964773e-03 9.888742542261904633e-01 4.813678332165991058e+00
9.867733256198542025e-01 -1.748848132549221277e-03 -1.620969966261502360e-01 -4.687488776033839621e-01 1.317966091815801115e-03 9.999952959713952483e-01 -2.766037066669740311e-03 -8.071320629039066552e-02 1.621010876820566660e-01 2.515877070457981594e-03 9.867709692443221714e-01 5.238171781682184225e+00
9.844716431075772878e-01 -3.316013976565895024e-03 -1.754743637471336271e-01 -5.532499749354999885e-01 2.736497255303342330e-03 9.999899469771394989e-01 -3.545333905580143764e-03 -8.279409196238755875e-02 1.754843662591417386e-01 3.009798917451323840e-03 9.844708597329410171e-01 5.673998978717381014e+00
9.829338251557225847e-01 -6.289367473799907862e-03 -1.838161615329512999e-01 -6.413009055570236816e-01 5.435987835615481954e-03 9.999719924482151079e-01 -5.144933202660620028e-03 -9.859851436934309599e-02 1.838433788470188179e-01 4.057657403103450897e-03 9.829404825211845997e-01 6.120501415272382673e+00
9.814793939158906744e-01 -4.938995757191033675e-03 -1.914528342082430223e-01 -7.418483286485036965e-01 3.687629442272562751e-03 9.999694684649863552e-01 -6.891776292611436448e-03 -1.083952411588509218e-01 1.914810183298704394e-01 6.058129487274590240e-03 9.814676310349559341e-01 6.587368790330566881e+00
9.799444100804967084e-01 -4.798699211828445430e-03 -1.992004415575112652e-01 -8.530541877607688006e-01 3.110946258773120403e-03 9.999565626923445638e-01 -8.783331666548611569e-03 -1.044382303290242453e-01 1.992339502427371845e-01 7.987472508280558936e-03 9.799167943704084616e-01 7.066848841355008126e+00
9.785603178996832296e-01 -5.157151450002879153e-03 -2.059023886173985685e-01 -9.627525411492158236e-01 2.903794027713556616e-03 9.999325666016853909e-01 -1.124349207337247032e-02 -1.172157766164848847e-01 2.059465004137317756e-01 1.040471114881458443e-02 9.785092784319815440e-01 7.554969748636418458e+00
9.767347779062098834e-01 -9.419566877084457890e-03 -2.142487386785805192e-01 -1.078044310836808073e+00 6.791352962745482794e-03 9.998924392316275167e-01 -1.299898368197770389e-02 -1.261247625106480252e-01 2.143481613072012737e-01 1.124199525434799868e-02 9.766935841202500912e-01 8.056044967114640798e+00
9.749182929126101183e-01 -1.446150130934642855e-02 -2.221316564045606179e-01 -1.190403425722122766e+00 1.165289414374550726e-02 9.998348055922549049e-01 -1.395087943286718937e-02 -1.423525085978691873e-01 2.222967491292489606e-01 1.101319107584519848e-02 9.749256205388669994e-01 8.575688987572419819e+00
9.730691783363791814e-01 -1.549636230518753287e-02 -2.299870835065989660e-01 -1.319640804388280131e+00 1.219960953445293345e-02 9.998015982798564849e-01 -1.574643730397968719e-02 -1.687928622054322148e-01 2.301854733460667879e-01 1.251697615592898584e-02 9.730650091541808155e-01 9.101558468086169640e+00
9.710527071952165246e-01 -1.223064963924005641e-02 -2.385703335726250540e-01 -1.471408757073670470e+00 7.579239989442000322e-03 9.997630259925578411e-01 -2.040463007199960072e-02 -1.672496926728326561e-01 2.387634032633843828e-01 1.800555815771035656e-02 9.709152429169621845e-01 9.631801210974424876e+00
9.690338842591854629e-01 -9.395212085464215573e-03 -2.467440408202311031e-01 -1.626398822215164408e+00 3.710752460638808668e-03 9.997171068083408052e-01 -2.349441894740839434e-02 -1.806385439207703336e-01 2.468950074447505416e-01 2.185125468847361196e-02 9.687944872764376880e-01 1.017793823051740176e+01
9.666586473391015621e-01 -1.191474499932282383e-02 -2.556884600399088048e-01 -1.783709888150434519e+00 5.606828195219589958e-03 9.996622445377639776e-01 -2.538089862393592272e-02 -2.000415054710845686e-01 2.559043374548187755e-01 2.310135299412198126e-02 9.663988752167933516e-01 1.074047635023636715e+01
9.643016843145564287e-01 -1.347868485465051128e-02 -2.644038415092958560e-01 -1.941903044013882473e+00 6.628067406923521428e-03 9.996193977474121528e-01 -2.678319783563156559e-02 -2.239688358130361712e-01 2.646641893529948497e-01 2.407396619869568363e-02 9.640239357526680930e-01 1.131102438160219315e+01
9.625807427727323118e-01 -1.389750649047738137e-02 -2.707393778369031057e-01 -2.124100543020115417e+00 5.996280037488775638e-03 9.995318757151870903e-01 -2.999608747646628423e-02 -2.442247000661331158e-01 2.710296902645878969e-01 2.725059773592883663e-02 9.622134437145344332e-01 1.189165860355388205e+01
9.601821737105090682e-01 -1.305111659512595002e-02 -2.791427327491736166e-01 -2.308799435105421960e+00 3.904203569942612823e-03 9.994376029393752248e-01 -3.331119945996018072e-02 -2.690204200582987371e-01 2.794205130001972681e-01 3.089495674951874341e-02 9.596930580898009877e-01 1.249037800930272546e+01
9.578602603834228679e-01 -1.435658699799079868e-02 -2.869111537276771151e-01 -2.497864815042595943e+00 3.403090831723471887e-03 9.992472866043821123e-01 -3.864405037907689411e-02 -2.979876306676165765e-01 2.872499428903635965e-01 3.604015775489702311e-02 9.571880071732671302e-01 1.308820250268969154e+01
9.560219418312482231e-01 -1.512501052108684158e-02 -2.929388634056421803e-01 -2.694560143532795049e+00 1.900118274525248140e-03 9.989678431593669305e-01 -4.538233752011441163e-02 -3.330875210761030103e-01 2.933229633818328908e-01 4.282990870651438159e-02 9.550638258110818457e-01 1.370208400621829625e+01
9.549886759819768978e-01 -1.586021152284501981e-02 -2.962419652079785748e-01 -2.900961593889863632e+00 -7.033274406862243390e-05 9.985575421893726489e-01 -5.368678164300070416e-02 -3.667478952661686331e-01 2.966663309547143967e-01 5.129060532087036106e-02 9.536099512431709391e-01 1.432617991972504079e+01
9.538393691219956283e-01 -1.577860666703685688e-02 -2.998297316649146671e-01 -3.114700252578336492e+00 -2.989651633852652077e-03 9.980704748573266949e-01 -6.201253909027865802e-02 -4.102062541257661121e-01 3.002294862746758830e-01 6.004723187332053347e-02 9.519516190905940034e-01 1.496150614847164739e+01
9.525588998911949101e-01 -1.574294478108352602e-02 -3.039357765050777482e-01 -3.334016627737340865e+00 -6.237139876883714996e-03 9.974418941173367470e-01 -7.119897067113641065e-02 -4.543803338628503719e-01 3.042790573926188458e-01 6.971746723661695344e-02 9.500239180771926639e-01 1.561120366470342979e+01
9.514584095063035596e-01 -1.421756130654194122e-02 -3.074739905408421237e-01 -3.560244326950893878e+00 -1.045468267290181920e-02 9.968629549359628861e-01 -7.846029324026265739e-02 -5.120757460890218438e-01 3.076251680657133836e-01 7.786550413142614979e-02 9.483250755868780635e-01 1.627015699358376111e+01
9.494110160218183214e-01 -1.320720871065547870e-02 -3.136800609126171313e-01 -3.798407449277085401e+00 -1.412976801762005040e-02 9.963067537994099165e-01 -8.469575007531573996e-02 -5.701037850627543868e-01 3.136395064191492832e-01 8.484572479928155497e-02 9.457180917662965092e-01 1.693420252867884201e+01
9.478682955892283601e-01 -1.125566315075387548e-02 -3.184160562970616004e-01 -4.040502158918440223e+00 -1.862085797898400258e-02 9.957118323226813450e-01 -9.059596384424489779e-02 -6.379487983461463729e-01 3.180705368384612042e-01 9.180152653547109243e-02 9.435942995973982672e-01 1.760919192629571484e+01
9.465771377580990409e-01 -9.650678878220969245e-03 -3.223603203762850367e-01 -4.293280600062887586e+00 -2.236626691665785302e-02 9.951802321753254743e-01 -9.548865181753299347e-02 -7.094862411980601413e-01 3.217282468296808751e-01 9.759750821132835708e-02 9.417989960333726929e-01 1.829904869318348659e+01
9.448180853979533111e-01 -7.456554780809220885e-03 -3.275077426653856261e-01 -4.554257070897573811e+00 -2.645204983304130786e-02 9.947399322336867300e-01 -9.895620835190208076e-02 -7.816344677824001996e-01 3.265231986483959625e-01 1.021579431380063296e-01 9.396510835684640517e-01 1.899734802594915806e+01
9.434563410940383088e-01 -6.599756209644766849e-03 -3.314138481611608178e-01 -4.820844504394658614e+00 -2.831575502058410881e-02 9.945433086919294174e-01 -1.003971900428384523e-01 -8.595628125997094582e-01 3.302684292712069758e-01 1.041031976378048590e-01 9.381212751636787139e-01 1.970536969006676031e+01
9.410015782298372100e-01 -5.986474980232068567e-03 -3.383527074264149892e-01 -5.095260896027078878e+00 -2.958364131604252281e-02 9.945601839690288992e-01 -9.985048466724678884e-02 -9.445056424868436551e-01 3.371105581977758558e-01 1.039662943665524281e-01 9.357056757360096011e-01 2.042229466171965413e+01
9.389707711831909442e-01 -5.177470362642361441e-03 -3.439297361006345422e-01 -5.376176462241054388e+00 -3.027838750065517739e-02 9.947619695356025860e-01 -9.761962354441998391e-02 -1.027315419701925858e+00 3.426336202170167655e-01 1.020756856487818609e-01 9.338957144432550317e-01 2.115295623803724112e+01
9.366551959870305089e-01 -5.771955749406992679e-03 -3.501917054854833955e-01 -5.663792237827167675e+00 -2.995355709727523519e-02 9.948809365951241102e-01 -9.651629186123097948e-02 -1.110045905827748980e+00 3.489552350514492085e-01 1.008959260538598302e-01 9.316878969588613391e-01 2.189622764555130630e+01
9.341045152224390913e-01 -3.767256371919822707e-03 -3.570037931892155458e-01 -5.954444663654673064e+00 -3.130610536890282569e-02 9.952277391801093165e-01 -9.241901489005170667e-02 -1.192304423732191143e+00 3.556489790724956523e-01 9.750220720046981482e-02 9.295287747455537319e-01 2.263177698705684193e+01
9.293600069959511156e-01 -1.367810859835042045e-03 -3.691361366959460821e-01 -6.271015987994593921e+00 -3.311467960880690176e-02 9.956532162013971288e-01 -8.705711061487110547e-02 -1.265488658180824899e+00 3.676508353257210149e-01 9.313144326083180879e-02 9.252749891019989015e-01 2.339942925388567474e+01
9.264313885890284039e-01 1.289091156077145804e-03 -3.765193004364376650e-01 -6.590887675888311925e+00 -3.427514064844377345e-02 9.961295461712545984e-01 -8.096118203982917427e-02 -1.347152198835952497e+00 3.749576667139875585e-01 8.791136933639324968e-02 9.228901818016068681e-01 2.414594831520389562e+01
9.229995888979178886e-01 3.480206492758868009e-03 -3.848358279889490530e-01 -6.925104562964149224e+00 -3.614106607284797018e-02 9.963227997114084689e-01 -7.766728519935983677e-02 -1.421334472234591084e+00 3.831504677669227976e-01 8.559280969163553243e-02 9.197315402427553854e-01 2.490698146139379077e+01
9.198952073529256257e-01 4.385946174382983689e-03 -3.921331189085159874e-01 -7.266119875464664979e+00 -3.709847080756748655e-02 9.964264293552690388e-01 -7.587596006080024602e-02 -1.490863251717167604e+00 3.903994100670418188e-01 8.434325083452330618e-02 9.167705163641628463e-01 2.567220328434469323e+01
9.153749662916201846e-01 5.167868629380500782e-03 -4.025993309394457764e-01 -7.616847569465389434e+00 -3.843898470104848558e-02 9.964713015152009135e-01 -7.460595409809916978e-02 -1.570320814154599676e+00 4.007930918689832089e-01 8.376779692638904040e-02 9.123437527543973857e-01 2.644497765163853131e+01
9.122721163211094941e-01 5.783609565669291241e-03 -4.095510538286582514e-01 -7.978868744050772399e+00 -3.950506461412951059e-02 9.964806674293936739e-01 -7.393453425605574225e-02 -1.637508771396023244e+00 4.076818664895089928e-01 8.363047418995514515e-02 9.092902693996742780e-01 2.721193594892119805e+01
9.082272236397963550e-01 6.859959390027139600e-03 -4.184177474535676899e-01 -8.356592024335427027e+00 -4.059736698867823929e-02 9.965936015632567146e-01 -7.177161904772234868e-02 -1.708493555286576315e+00 4.164998146702762472e-01 8.217234134482336028e-02 9.054122313422048318e-01 2.800179119978301756e+01
9.043428196965659360e-01 6.447475500026605445e-03 -4.267180804435244945e-01 -8.739116675312258664e+00 -3.990425956695878296e-02 9.967832888666853242e-01 -6.952165552058003906e-02 -1.777732772585171261e+00 4.248974120211503336e-01 7.990243198240642997e-02 9.016911764976316412e-01 2.879871951136577124e+01
9.009700383046128636e-01 7.353163494882149383e-03 -4.337751774887310674e-01 -9.135655437697481673e+00 -3.918512933371990498e-02 9.971494365340829447e-01 -6.448007606165349903e-02 -1.846156063825556748e+00 4.320646692008287548e-01 7.509251028663246896e-02 8.986898408427620444e-01 2.959603433813119011e+01
8.970319511091210396e-01 8.591516914820131537e-03 -4.419233332786030588e-01 -9.545294623681025215e+00 -3.893033069939132867e-02 9.974606884383840910e-01 -5.962664581318474766e-02 -1.903779672216866059e+00 4.402890301653775706e-01 7.068844682625749498e-02 8.950887188852649778e-01 3.040836748453837401e+01
8.938623171099008280e-01 7.261739409127182347e-03 -4.482193825503162365e-01 -9.949840597678106136e+00 -3.588192534582509280e-02 9.978201281380993937e-01 -5.540613728569016017e-02 -1.977293722585961033e+00 4.468402928956380360e-01 6.561196003515913644e-02 8.921743638912517094e-01 3.120710740087844215e+01
8.898868765919547563e-01 8.324695334146519493e-03 -4.560822812605492826e-01 -1.038639028234728912e+01 -3.637047570843260358e-02 9.979453667752313795e-01 -5.275075015380748661e-02 -2.035151724740989820e+00 4.547060836882898527e-01 6.353098556933751972e-02 8.883612561979383759e-01 3.202974582818165317e+01
8.868398929055651969e-01 8.365495184771407078e-03 -4.620746854740900855e-01 -1.083278627271471528e+01 -3.617825885485050075e-02 9.980237913810985351e-01 -5.136719291637818763e-02 -2.094031090338689172e+00 4.607317066493784030e-01 6.226986468033495620e-02 8.853900932173038862e-01 3.286343605975757498e+01
8.843477879202605862e-01 8.199049913697123090e-03 -4.666848118577471838e-01 -1.128262392424552374e+01 -3.546193925068781561e-02 9.981365333100777892e-01 -4.964782124362518423e-02 -2.151403291440628252e+00 4.654079043382605696e-01 6.045765507831858676e-02 8.829906538787622994e-01 3.369483067299713497e+01
8.815425806866603597e-01 7.566389403907529572e-03 -4.719762017943691101e-01 -1.174652212315928956e+01 -3.419506730572829944e-02 9.982686411632281098e-01 -4.785446744046451678e-02 -2.204259342032883762e+00 4.707969044379010093e-01 5.832636653310881852e-02 8.802749569297139143e-01 3.454771004553877134e+01
8.784692707022914160e-01 5.872270403116745460e-03 -4.777638615240910047e-01 -1.221970478734830223e+01 -3.252881311012394833e-02 9.983394707467315721e-01 -4.753284437982379512e-02 -2.257678641156959376e+00 4.766911658209694314e-01 5.729800263287623124e-02 8.772016378654000635e-01 3.540358790280603074e+01
8.772612525709890807e-01 5.706787945586952980e-03 -4.799799624272867438e-01 -1.270424596617982971e+01 -3.272766474734432884e-02 9.983136140187477414e-01 -4.794289902626588246e-02 -2.321570586884252663e+00 4.788971924742475572e-01 5.776395063928844303e-02 8.759684764774325894e-01 3.626936018675269224e+01
8.754383195140721385e-01 5.500645346445228595e-03 -4.832284540306486242e-01 -1.320037619809926710e+01 -3.308730674105021113e-02 9.982715737478539131e-01 -4.856224234383174632e-02 -2.370571770059750172e+00 4.821261217141019628e-01 5.850137841901952712e-02 8.741069674138859380e-01 3.713819742181036077e+01
8.763646264544965314e-01 5.260775375657247149e-03 -4.815871689802249667e-01 -1.370399101654338914e+01 -3.212339686451321646e-02 9.983523203646247346e-01 -4.754232360822634867e-02 -2.427338189308607230e+00 4.805437886455948271e-01 5.713305557338787394e-02 8.750894572946485983e-01 3.802323936289609208e+01
8.749883068475590164e-01 4.914158313901046717e-03 -4.840804401636834009e-01 -1.420603003878197335e+01 -3.081024245978587761e-02 9.984867565155191027e-01 -4.555478447658218438e-02 -2.487862295300831139e+00 4.831240591650882710e-01 5.477598188504509413e-02 8.738155479040119467e-01 3.893150247910855200e+01
8.742715972955484860e-01 4.216969299450206050e-03 -4.853185992727284126e-01 -1.472533336965232920e+01 -2.977697868120955660e-02 9.985451580458082343e-01 -4.494413357220518324e-02 -2.543355692971889681e+00 4.844230261279187655e-01 5.374482486920729302e-02 8.731251220237560284e-01 3.984249591971926918e+01
8.747757277980612312e-01 3.149851584046122182e-03 -4.844727752431585155e-01 -1.523829174378896489e+01 -2.867858269107012928e-02 9.985623712191513679e-01 -4.527268446550591907e-02 -2.590950717564422412e+00 4.836336154546103661e-01 5.349607556799745867e-02 8.736085338448789095e-01 4.076021834283577761e+01
8.733931965102219586e-01 9.903141862122534674e-04 -4.869967284516956707e-01 -1.576957206493532659e+01 -2.672645835760505822e-02 9.985885198424593323e-01 -4.589612763894148489e-02 -2.652991058824962334e+00 4.862641657563634978e-01 5.309856865408862231e-02 8.721868036210740360e-01 4.169024691882794542e+01
8.721808765483943793e-01 5.593298992006330182e-04 -4.891456920525855678e-01 -1.630239757943527934e+01 -2.532162351445715540e-02 9.987104096548032883e-01 -4.400812519358528879e-02 -2.709313036829898547e+00 4.884904017349803729e-01 5.076948703887178976e-02 8.710703717977484883e-01 4.262368010624575021e+01
8.697226885860878109e-01 1.216616112726144399e-03 -4.936233012201177717e-01 -1.683863513310954474e+01 -2.393049047697359474e-02 9.989246706282984833e-01 -3.971101585911625959e-02 -2.768559122088923630e+00 4.930442497824800152e-01 4.634926441889529458e-02 8.688168303150328731e-01 4.355241147395277324e+01
8.670023030009493814e-01 9.646700725035736116e-04 -4.983019861160092878e-01 -1.737959969480127143e+01 -2.146934899043082337e-02 9.991418743415140247e-01 -3.541767553925034839e-02 -2.819770866474283988e+00 4.978403813406424572e-01 4.140426740546747364e-02 8.662790685643666500e-01 4.449081993287727954e+01
8.633484062226766120e-01 -3.351303675710208194e-04 -5.046096803667274866e-01 -1.792166494107094010e+01 -1.944633514012092043e-02 9.992348318519322925e-01 -3.393436038811467603e-02 -2.873188057528529793e+00 5.042349919113201517e-01 3.910874932186530345e-02 8.626813707854072977e-01 4.541624973085289696e+01
8.576811216385630265e-01 -3.515494519076212653e-03 -5.141186277738508670e-01 -1.847877059332536476e+01 -1.758537548823591729e-02 9.991910419223055673e-01 -3.616855347035569102e-02 -2.933190443270937919e+00 5.138299227735863006e-01 4.006478522025576361e-02 8.569256441326132956e-01 4.633358386726129652e+01
8.537481356391086740e-01 -6.957810696706954318e-03 -5.204872665698174750e-01 -1.904031315492892773e+01 -1.549645768767034248e-02 9.991282535146562838e-01 -3.877621921618210066e-02 -2.992854439522542709e+00 5.203030413950279209e-01 4.117566674898352069e-02 8.528960107485790143e-01 4.724330487570998827e+01
8.473391562450153236e-01 -5.063277590838678038e-03 -5.311498232026723443e-01 -1.962807160083709590e+01 -1.796168736190651913e-02 9.991091751058980286e-01 -3.819468273955474447e-02 -3.038084692486436200e+00 5.308701373513032840e-01 4.190252492378238741e-02 8.464933342985007103e-01 4.815214265628651447e+01
8.410939434585187335e-01 -3.179909759729403380e-03 -5.409743408774632112e-01 -2.022524240055233591e+01 -1.749995986796416478e-02 9.992991837723871340e-01 -3.308910024704788538e-02 -3.088037132294288778e+00 5.407005175689718612e-01 3.729484159939042143e-02 8.404488551337488955e-01 4.905954787565730868e+01
8.365229717573944290e-01 8.182030443877471530e-04 -5.480275069513187436e-01 -2.083222170894791958e+01 -1.948987602994014731e-02 9.994104869165350014e-01 -2.825983400546666635e-02 -3.144416390239547443e+00 5.476811629631965772e-01 3.432012065041543936e-02 8.360459090590723896e-01 4.995753636319332713e+01
8.327157200589621056e-01 1.598643011565841019e-03 -5.538052338213890202e-01 -2.143718195576514773e+01 -2.142696345437231434e-02 9.993397989365512268e-01 -2.933783351111866888e-02 -3.190050246192600802e+00 5.533927626029222502e-01 3.629496643176525345e-02 8.322002788674935925e-01 5.084834132649059768e+01
8.294420038883292268e-01 -8.105858291565095708e-04 -5.586393139515165585e-01 -2.203876309284037660e+01 -2.177654171297541130e-02 9.991917582019890220e-01 -3.379764887539599139e-02 -3.238144543763088912e+00 5.582152594315658023e-01 4.020017655573723120e-02 8.287538521598649677e-01 5.173379912904940170e+01
8.265497468041900220e-01 -3.103184156115363409e-03 -5.628146912207352415e-01 -2.265640865061466513e+01 -2.384723768237890715e-02 9.988938493953851694e-01 -4.052551848450258037e-02 -3.295280371006432674e+00 5.623181812504830512e-01 4.691458690364953832e-02 8.255613738741252039e-01 5.261531010378475770e+01
8.227821130985233378e-01 -3.312729048464763820e-03 -5.683294028338886639e-01 -2.328108787934109358e+01 -2.470659461790876768e-02 9.988293014575031492e-01 -4.158217110141548128e-02 -3.354197382855838239e+00 5.678017923416933677e-01 4.825398890846405164e-02 8.217369812684059971e-01 5.349130283237895611e+01
8.203247628414915837e-01 -2.591610571955647174e-03 -5.717376517140573267e-01 -2.390073670111676662e+01 -2.340646128032543294e-02 9.989996439616168900e-01 -3.810280117796031180e-02 -3.413218360494690629e+00 5.712640122078364024e-01 4.464657047842533755e-02 8.194435508842697891e-01 5.437133782411034844e+01
8.166666458291782504e-01 2.818777742144631406e-04 -5.772221829212074162e-01 -2.453745964210547470e+01 -2.312418016830149539e-02 9.992127042088212452e-01 -3.223134113970567427e-02 -3.462172653314653736e+00 5.767586075867575657e-01 3.967016546393771492e-02 8.160302588029433313e-01 5.525386718107936446e+01
8.141515024661135635e-01 2.093637808296428676e-03 -5.806448246337919672e-01 -2.517943941101616190e+01 -2.337044422571256386e-02 9.993014031517170048e-01 -2.915277030594543364e-02 -3.514682739714156678e+00 5.801782806515093371e-01 3.730097852898719979e-02 8.136314688099650638e-01 5.613273843322315315e+01
8.112990685335362828e-01 2.639466574945725612e-03 -5.847525920809423239e-01 -2.581666893312359790e+01 -2.478717648594343584e-02 9.992458968533765029e-01 -2.989718563653093186e-02 -3.561167530155481487e+00 5.842327903849742210e-01 3.874998899519434270e-02 8.107527517075089341e-01 5.700641823005965136e+01
8.081401704716706380e-01 1.628684002180715061e-03 -5.890292990258171324e-01 -2.646679503407261791e+01 -2.459658967441475177e-02 9.992170986935750010e-01 -3.099472259509257477e-02 -3.611558103940633480e+00 5.885175237982934737e-01 3.953938697706411293e-02 8.075477305677257744e-01 5.787891690729906458e+01
8.034209248816938098e-01 -4.185504322166946271e-04 -5.954326452382764367e-01 -2.712097656821711311e+01 -2.465638956813673982e-02 9.991184602729245023e-01 -3.396500835300284710e-02 -3.661485665139700973e+00 5.949217810815293772e-01 4.197241396253449663e-02 8.027025095673666621e-01 5.873683906116334441e+01
8.014412854064920655e-01 -1.073058006931569249e-03 -5.981046380222276859e-01 -2.777724002719880048e+01 -2.350583518635663074e-02 9.991691469612858922e-01 -3.328322630812406702e-02 -3.709882678483508389e+00 5.976433226888014927e-01 4.073354800698784223e-02 8.007502463050129027e-01 5.961081713101836499e+01
7.954152933142443205e-01 -1.656895715927564220e-03 -6.060125535751246240e-01 -2.845199847026221462e+01 -2.256931869882542949e-02 9.992216344696864816e-01 -3.235329997304884492e-02 -3.760823043514154751e+00 6.055942748650244845e-01 3.941520633221303610e-02 7.947587741012928086e-01 6.047609281775463330e+01
7.918128583188859260e-01 -1.100711876680311339e-03 -6.107147687391604185e-01 -2.912693157065904970e+01 -2.268885556651947799e-02 9.992551469109693940e-01 -3.120411348575725247e-02 -3.813339318513183862e+00 6.102941438235383043e-01 3.856284835312798892e-02 7.911980274659152768e-01 6.133364074269872646e+01
7.857880550384231944e-01 -2.570913485210205539e-03 -6.184027338925909278e-01 -2.981719068989022858e+01 -2.241946670062604924e-02 9.992157686857615628e-01 -3.263707115873105968e-02 -3.866994255929990132e+00 6.180016317142905669e-01 3.951295459546851768e-02 7.851141267152687009e-01 6.219363839586750942e+01
7.809776454876126150e-01 -3.724680609401542861e-03 -6.244586532581409832e-01 -3.051183674359663911e+01 -2.165646620565172056e-02 9.992194398057191451e-01 -3.304157313368705912e-02 -3.916311107699180560e+00 6.240943527800966173e-01 3.932767804417094254e-02 7.802873240389438525e-01 6.304738957480419970e+01
7.757864394252522722e-01 -5.015186215892123225e-03 -6.308788117719907884e-01 -3.121186974641816647e+01 -2.076480319500234595e-02 9.992238684532410709e-01 -3.347813451815370711e-02 -3.967154078027908870e+00 6.305570858605240581e-01 3.907406529153912428e-02 7.750801838932049881e-01 6.389659626055249220e+01
7.698641299487247736e-01 -6.772546244520751685e-03 -6.381254461646349574e-01 -3.193384294404323853e+01 -2.028990425888129931e-02 9.991785096502399099e-01 -3.507420216621124492e-02 -4.020186421599897919e+00 6.378387714121352969e-01 3.995004480258712576e-02 7.690943194769632729e-01 6.474826344279631485e+01
7.645368189900195732e-01 -8.843662773601058610e-03 -6.443740032476766855e-01 -3.265291276162881218e+01 -1.920761196150877481e-02 9.991492670511508134e-01 -3.649014549707502164e-02 -4.070827461568908845e+00 6.441483296610116538e-01 4.027830999858911243e-02 7.637166129525126967e-01 6.559571417276762872e+01
7.588161401028000741e-01 -8.325991186844619238e-03 -6.513888738282773705e-01 -3.339223936647901780e+01 -1.944566657139842197e-02 9.991829220537675749e-01 -3.542949507124942138e-02 -4.128478513353983637e+00 6.511518486564861208e-01 3.954748504591208691e-02 7.580342892647887743e-01 6.643386706953982923e+01
7.511448009310248697e-01 -9.298414764352020551e-03 -6.599221668810931751e-01 -3.413848660772838173e+01 -1.777105930546471826e-02 9.992535898019442309e-01 -3.429113500270440651e-02 -4.179331872356171651e+00 6.597484721419309972e-01 3.748661849630229026e-02 7.504189081561911667e-01 6.727204892093098465e+01
7.463129674204745934e-01 -1.059212313484435460e-02 -6.654838211251064006e-01 -3.489059162047267648e+01 -1.551287923870034273e-02 9.993249555709508014e-01 -3.329441135387940093e-02 -4.231732998741187579e+00 6.653873869942105168e-01 3.517107952879865856e-02 7.456448977101738373e-01 6.810672986193928580e+01
7.400133450984001104e-01 -1.209954909103933170e-02 -6.724246921830360213e-01 -3.566297545933250035e+01 -1.475886700491437983e-02 9.993053057569387665e-01 -3.421559865939501760e-02 -4.288142296206491899e+00 6.723716517314267671e-01 3.524375191376634409e-02 7.393206537825702807e-01 6.893686570113273149e+01
7.325692496295441725e-01 -1.372740031562812157e-02 -6.805893514710311676e-01 -3.644261993666101063e+01 -1.445472862777853404e-02 9.992574581412013712e-01 -3.571860003187024568e-02 -4.345532137187395172e+00 6.805746604442785008e-01 3.599941309071780920e-02 7.318269758916693402e-01 6.976396351806987184e+01
7.284520402024673436e-01 -1.300476497231070096e-02 -6.848092575649195046e-01 -3.723252204260764131e+01 -1.560845067262294286e-02 9.992452132223770267e-01 -3.557948122478121755e-02 -4.394421399829135488e+00 6.847548945303388868e-01 3.661254022450897982e-02 7.276992199829012131e-01 7.058461702379383951e+01
7.214046365571689101e-01 -1.286851116494012841e-02 -6.925228870228073985e-01 -3.803262398643161646e+01 -1.565758501028430283e-02 9.992685975093376083e-01 -3.488448360687736172e-02 -4.451577157412897279e+00 6.924655756379597404e-01 3.600550333574745188e-02 7.206756166605750025e-01 7.140220600727847966e+01
7.181225799331606430e-01 -1.274494708907575845e-02 -6.957594765724461894e-01 -3.883838810979963085e+01 -1.605951588501650443e-02 9.992625292227035327e-01 -3.488398845675588084e-02 -4.505018934825770316e+00 6.956909872249952276e-01 3.622743985478557582e-02 7.173883359735305776e-01 7.222329186614588536e+01
7.129720759486367632e-01 -1.307283583368270240e-02 -7.011328785659880491e-01 -3.966459166352988319e+01 -1.617121898514052580e-02 9.992537090788429222e-01 -3.507708752836680155e-02 -4.562389297826841883e+00 7.010685201669903943e-01 3.634244805217300839e-02 7.122287251844653388e-01 7.304296076408373040e+01
7.073839110644882799e-01 -1.476224151068649022e-02 -7.068085563406419913e-01 -4.049159111774103792e+01 -1.699427133173129698e-02 9.991377704541217764e-01 -3.788085569001214264e-02 -4.620340035540294821e+00 7.067583794261879104e-01 3.880570660073061340e-02 7.065230691718502598e-01 7.385432097112838790e+01
7.032517676624246983e-01 -1.675525258295973430e-02 -7.107697962904609978e-01 -4.131782136548082462e+01 -1.663446881999943935e-02 9.990607939292243111e-01 -4.000749833425474439e-02 -4.682560182560957962e+00 7.107724270512936204e-01 3.995988921405672911e-02 7.023126157917741752e-01 7.466385038569237054e+01
6.981604078563407034e-01 -1.707761037485461264e-02 -7.157446061991193931e-01 -4.216876351876373263e+01 -1.727892787734297553e-02 9.990224232506544899e-01 -4.068868912107380387e-02 -4.737542166363211571e+00 7.157399825756610712e-01 4.077183308479971624e-02 6.971826583758847784e-01 7.547793336160084721e+01
6.928430213204122001e-01 -1.691704351754884372e-02 -7.208843568756829745e-01 -4.302123037103839920e+01 -1.630994048162561633e-02 9.991013870326134194e-01 -3.912540718909381793e-02 -4.797933656822387150e+00 7.208984916554787015e-01 3.886402270307362516e-02 6.919444323223287174e-01 7.628587920006721390e+01
6.888162007008808985e-01 -1.759417335322841641e-02 -7.246931757032618604e-01 -4.387965057989296014e+01 -1.481644423486315303e-02 9.991549914338100358e-01 -3.835080070393846741e-02 -4.859469006846686590e+00 7.247551401371346014e-01 3.716071189030065169e-02 6.879735414849991182e-01 7.708740351410503422e+01
6.839973563426213765e-01 -1.771087533903276806e-02 -7.292682432168509088e-01 -4.475723499695670426e+01 -1.477680545617501839e-02 9.991637718087407194e-01 -3.814012481734566085e-02 -4.924698276036760802e+00 7.293338519085438287e-01 3.686495905696289543e-02 6.831637138248038976e-01 7.788649919106907760e+01
6.789302331155646630e-01 -1.884411706200429804e-02 -7.340544715484546012e-01 -4.563429463333477543e+01 -1.427588480382828429e-02 9.991427602001751174e-01 -3.885861208435225506e-02 -4.980658284994604834e+00 7.341577137361158245e-01 3.685698959417690879e-02 6.780792431458998459e-01 7.869462217351025402e+01
6.744115591952184463e-01 -2.008010596904606301e-02 -7.380452203021867774e-01 -4.651869137648568397e+01 -1.216135300180176682e-02 9.991924504311833211e-01 -3.830246410959989994e-02 -5.043934190707194176e+00 7.382181065575311729e-01 3.481363958085058330e-02 6.736226696987022144e-01 7.948442653367216337e+01
6.704594402004073750e-01 -2.112499674262604751e-02 -7.416711055346657533e-01 -4.741290755735516882e+01 -1.090573576930142265e-02 9.992059851832444384e-01 -3.832183045482900202e-02 -5.098963045244520487e+00 7.418918137667640522e-01 3.378283232027021882e-02 6.696966594819184770e-01 8.028330605166782163e+01
6.668561546907574300e-01 -2.387976378871097330e-02 -7.448468218346701031e-01 -4.830838381659828684e+01 -7.742534766075389457e-03 9.992104529911597366e-01 -3.897615161618411123e-02 -5.162720654386263597e+00 7.451894147639965826e-01 3.176035649979754710e-02 6.661447675545942859e-01 8.108071343761440630e+01
6.626007199113495005e-01 -2.819456256902544075e-02 -7.484835848361619526e-01 -4.921681247779121549e+01 -5.077673091918630255e-03 9.990992025525168296e-01 -4.212895207105752521e-02 -5.226460535793301609e+00 7.489972932227484392e-01 3.171371307337210455e-02 6.618606134438791422e-01 8.187361107149511952e+01
6.568744713465149987e-01 -3.265139342273797041e-02 -7.534397789602685913e-01 -5.012604336153113138e+01 -9.208123573988200852e-04 9.990263344939366297e-01 -4.411700469854491768e-02 -5.286992607523871790e+00 7.541466910249710054e-01 2.967265496531950805e-02 6.562049690390041601e-01 8.266617242382929476e+01
6.518590575741862736e-01 -3.750230453129765884e-02 -7.573794271874227935e-01 -5.104924862863499158e+01 6.528693647328015319e-03 9.990169934226283965e-01 -4.384025074349156420e-02 -5.362861967300991850e+00 7.582791614377834000e-01 2.363190894154723609e-02 6.514630259990351613e-01 8.345763303515353471e+01
6.431532660001897383e-01 -4.072617541762395960e-02 -7.645626402026312052e-01 -5.198702324186884738e+01 1.074971036140860009e-02 9.989664028072238189e-01 -4.417259109850990573e-02 -5.430958277676245949e+00 7.655712826928509074e-01 2.018907675422849241e-02 6.429264914136864073e-01 8.423682785367851977e+01
6.352111670330348181e-01 -4.244708029107566866e-02 -7.711169110454751952e-01 -5.292573860994806267e+01 1.431985659065486936e-02 9.989643137755122027e-01 -4.318420083367614792e-02 -5.503977166081477357e+00 7.721512938385587388e-01 1.639018898060144031e-02 6.351608620030377850e-01 8.501670179442460551e+01
6.254041536665400081e-01 -4.109577123172006297e-02 -7.792252816603153498e-01 -5.388975060456542820e+01 1.544345825228480434e-02 9.990686599083853370e-01 -4.028135552061819918e-02 -5.561748413849010753e+00 7.801551526293530880e-01 1.316003396446935314e-02 6.254558992699237319e-01 8.577624898176409829e+01
6.158818108430739180e-01 -4.076855698057726962e-02 -7.868834136325081330e-01 -5.486697173654085447e+01 1.523006573184698155e-02 9.990894350584538230e-01 -3.983844763851077109e-02 -5.633774576382326593e+00 7.877919930000965021e-01 1.254477767097033139e-02 6.159422143531416705e-01 8.653252044896488826e+01
6.066565705948231413e-01 -4.163085905424916688e-02 -7.939277203011733119e-01 -5.585183102900164442e+01 1.367237488208469277e-02 9.990261415006982393e-01 -4.194838691841325240e-02 -5.702733649547409023e+00 7.949013519011950413e-01 1.458796035842785214e-02 6.066355891053456517e-01 8.727588079352896955e+01
5.963238211053913940e-01 -4.512098833733268338e-02 -8.014296845625651367e-01 -5.684825270745085390e+01 1.549315417607282849e-02 9.988798171985253660e-01 -4.470833650316256153e-02 -5.771625550564718488e+00 8.025494939437118891e-01 1.423889753191004762e-02 5.963551995867084621e-01 8.800920219989362181e+01
5.866252227085120285e-01 -4.615848857721873560e-02 -8.085315918880575659e-01 -5.786361319267403047e+01 1.578748284159149640e-02 9.988360226051633539e-01 -4.556715714682529894e-02 -5.836415416665178491e+00 8.096945991929480613e-01 1.395302719735246576e-02 5.866719024028469454e-01 8.874027049989764748e+01
5.772317322989358734e-01 -4.676146098477020063e-02 -8.152670966878061698e-01 -5.888596700124000449e+01 1.783774041395285587e-02 9.988431226091617487e-01 -4.466796605357536282e-02 -5.911349352074836361e+00 8.164119448939239909e-01 1.125035462821990032e-02 5.773976282500143942e-01 8.946144727158410603e+01
5.668716078604650876e-01 -4.637526080464107053e-02 -8.224776842236031227e-01 -5.991786653235377003e+01 1.986675857253217964e-02 9.988936317064974757e-01 -4.263176514853624782e-02 -5.979898258175992964e+00 8.235443967695520451e-01 7.832915191878210559e-03 5.671656352575614735e-01 9.017202090739509401e+01
5.559154536191793783e-01 -4.704821245379361971e-02 -8.298833963169368610e-01 -6.096477386282199262e+01 2.041307599123928784e-02 9.988682454828478052e-01 -4.294559071708367592e-02 -6.048901478009668153e+00 8.309656177097832774e-01 6.922174611907264997e-03 5.562472967437674942e-01 9.086689987328549023e+01
5.471755731895460162e-01 -4.769793783825063138e-02 -8.356514861728520094e-01 -6.201941475841336882e+01 1.956885000529071800e-02 9.988306254966151654e-01 -4.421576684890796138e-02 -6.121104074438511233e+00 8.367833525998623623e-01 7.836755800999680582e-03 5.474700371803857823e-01 9.154525181007797130e+01
5.357650312951872662e-01 -4.834042743404177306e-02 -8.430374324142688724e-01 -6.308752356023531149e+01 1.830841441680600146e-02 9.987904343790904305e-01 -4.562585440364264056e-02 -6.190795876581938195e+00 8.442237987209399996e-01 9.011378164176577291e-03 5.360017709971702793e-01 9.222052708424007506e+01
5.261221275990191071e-01 -4.925954286873273497e-02 -8.490246482714481902e-01 -6.416277914120782100e+01 1.735033727825240416e-02 9.987349252524689858e-01 -4.719533667323061454e-02 -6.268547161159097492e+00 8.502756576881921324e-01 1.010049910995842494e-02 5.263113293163281803e-01 9.287922697802098071e+01
5.168765732394181578e-01 -4.898830107975826742e-02 -8.546484145251186382e-01 -6.526097486487378774e+01 1.666504097336383647e-02 9.987482972724619490e-01 -4.716783312090892799e-02 -6.344595658261841464e+00 8.558888245691431695e-01 1.014753238909472770e-02 5.170455677777626713e-01 9.351915542555414618e+01
