1.0 0.0 0.0 0.0 0.0 1.0 0.0 0.0 0.0 0.0 1.0 0.0
0.99993414 0.011359509 0.0016089015 0.3034668 -0.0113570485 0.9999343 -0.0015300122 -0.008056641 -0.0016261815 0.0015116379 0.99999756 0.0061035156
0.99982375 0.018722482 0.0013616773 0.58154297 -0.018714938 0.99981046 -0.005357038 -0.01928711 -0.0014617379 0.005330613 0.99998474 0.0030517578
0.999793 0.02034339 0.00048788893 0.8857422 -0.020339075 0.999764 -0.0076352744 -0.03173828 -0.00064307055 0.0076237717 0.99997073 0.0061035156
0.99982864 0.018488493 -0.0009528996 1.1989746 -0.018495727 0.9997949 -0.008244421 -0.03527832 0.0008002344 0.00826063 0.99996555 0.0146484375
0.9999238 0.012070031 -0.002574486 1.515625 -0.01209575 0.99987453 -0.010226025 -0.03942871 0.0024507523 0.010256383 0.99994445 0.015136719
0.99999213 -0.0007435007 -0.0038997286 1.8395996 0.0006984318 0.9999331 -0.01154407 -0.035888672 0.003908051 0.011541256 0.99992573 0.019042969
0.99986506 -0.015845738 -0.004322808 2.168457 0.01579506 0.9998089 -0.011514607 -0.020507812 0.0045044958 0.011444769 0.99992436 0.022705078
0.9993728 -0.035170082 -0.0041626957 2.5167236 0.035138216 0.9993545 -0.007493492 0.0061035156 0.0044235406 0.007342484 0.9999632 0.024536133
0.9984795 -0.05483572 -0.0056818333 2.8669434 0.054811545 0.9984876 -0.004327587 0.044189453 0.005910487 0.0040096054 0.9999745 0.025390625
0.99721277 -0.074384734 -0.0057931943 3.2314453 0.07437535 0.9972286 -0.0018193496 0.08325195 0.005912483 0.0013833644 0.9999816 0.030029297
0.99529654 -0.096743785 -0.0053486237 3.6123047 0.09672489 0.9953059 -0.0036843142 0.12634277 0.0056798705 0.0031496282 0.9999789 0.030761719
0.9932629 -0.11579196 -0.004781174 4.0012207 0.115765676 0.9932625 -0.0054522636 0.17602539 0.0053801537 0.0048621316 0.9999737 0.03540039
0.9910809 -0.13318133 -0.0042000655 4.4002686 0.13316102 0.9910809 -0.0047919042 0.24768066 0.0048009222 0.0041897744 0.9999797 0.03930664
0.98887736 -0.14870484 -0.003162656 4.817505 0.14869206 0.9888764 -0.003950251 0.3232422 0.0037149652 0.0034360515 0.9999872 0.04284668
0.98677313 -0.16206431 -0.0037384888 5.242798 0.16205406 0.98677766 -0.0029011755 0.40429688 0.0041591804 0.0022570353 0.9999888 0.049072266
0.98447496 -0.17543381 -0.0043281307 5.6794434 0.17541414 0.98447734 -0.0045725573 0.48339844 0.0050635776 0.0037423656 0.99998015 0.048706055
0.9829482 -0.18376651 -0.005438863 6.126587 0.18372323 0.98294187 -0.007610154 0.5675049 0.006744928 0.0064808116 0.99995625 0.061767578
0.98147374 -0.19139905 -0.0074888063 6.593994 0.19135419 0.98149073 -0.006317271 0.66467285 0.008559564 0.0047670733 0.999952 0.068725586
0.9799227 -0.19913985 -0.009470309 7.0739746 0.19908704 0.97995937 -0.006235838 0.77246094 0.010522343 0.004224911 0.9999357 0.06188965
0.9785155 -0.20583397 -0.011933225 7.562622 0.2057665 0.97857994 -0.006644142 0.87890625 0.013044945 0.004045788 0.9999067 0.0715332
0.97670573 -0.21420331 -0.012834376 8.064453 0.21407048 0.97675765 -0.010973304 0.9901123 0.01488605 0.007970151 0.9998574 0.07751465
0.97494537 -0.22212192 -0.012667658 8.584961 0.22191238 0.97494286 -0.016080728 1.0983887 0.015921189 0.012867245 0.9997905 0.09094238
0.97308666 -0.22999465 -0.014224973 9.111694 0.22974616 0.97309786 -0.01717826 1.2237549 0.01779273 0.013447169 0.99975127 0.11437988
0.9709316 -0.23855785 -0.01976289 9.642456 0.23831289 0.9710924 -0.013973939 1.3719482 0.022525182 0.008857966 0.999707 0.10900879
0.9688061 -0.24668312 -0.023655385 10.189331 0.24647984 0.96908194 -0.0112002585 1.5233154 0.02568712 0.0050206725 0.99965745 0.119018555
0.9664146 -0.25566968 -0.024967419 10.75293 0.25539216 0.966712 -0.013793993 1.6762695 0.027664091 0.006952986 0.9995932 0.13537598
0.9640424 -0.2644147 -0.025998287 11.324585 0.26408556 0.96435964 -0.015431153 1.8302002 0.02915343 0.0080098 0.99954295 0.15637207
0.9622322 -0.27075833 -0.029215708 11.906006 0.2703923 0.9626473 -0.015898209 2.0090332 0.032427195 0.0074002338 0.9994466 0.17321777
0.95970976 -0.27913287 -0.032910302 12.505737 0.27877417 0.9602589 -0.015118025 2.1896973 0.035821754 0.00533794 0.99934417 0.19445801
0.9572059 -0.28692353 -0.038105823 13.104492 0.28649107 0.9579518 -0.016481295 2.3747559 0.041230973 0.004860641 0.9991379 0.21923828
0.95508134 -0.29295093 -0.044933785 13.719116 0.29245976 0.95613194 -0.017288566 2.5679932 0.048026696 0.0033721372 0.99884033 0.24963379
0.9536264 -0.29623812 -0.053415805 14.343628 0.2956919 0.95512056 -0.018034294 2.7718506 0.05636053 0.0014031203 0.9984092 0.27807617
0.95196533 -0.29974872 -0.062193207 14.979492 0.299214 0.9539941 -0.017964855 2.9829102 0.06471709 -0.0015136818 0.99790204 0.31628418
0.9500346 -0.30374023 -0.071887374 15.629761 0.3032474 0.9527394 -0.017942917 3.1993408 0.07393869 -0.0047569894 0.9972507 0.3548584
0.9483304 -0.30704695 -0.08005216 16.289429 0.30673805 0.9516603 -0.016429445 3.4228516 0.0812278 -0.008970319 0.99665576 0.40759277
0.945719 -0.31302774 -0.087065555 16.95459 0.3129012 0.9496341 -0.015458254 3.6573486 0.08751957 -0.012629805 0.9960828 0.46105957
0.943589 -0.31743073 -0.09404345 17.630615 0.31760323 0.9481113 -0.01353206 3.8962402 0.093459435 -0.017110568 0.99547416 0.52441406
0.9417884 -0.32106507 -0.099857666 18.321533 0.3215193 0.9468369 -0.011947944 4.145996 0.09838507 -0.020847308 0.9949311 0.5917969
0.9396341 -0.32584897 -0.104441576 19.021118 0.32665348 0.9450925 -0.0097893225 4.4035645 0.1018976 -0.024918923 0.9944825 0.6602783
0.93810135 -0.3295902 -0.10640676 19.730469 0.33055362 0.94373864 -0.008963593 4.666992 0.103375226 -0.026770335 0.99428093 0.7352295
0.93568337 -0.3364415 -0.1063081 20.449219 0.3375003 0.9412891 -0.0084154345 4.937134 0.10289787 -0.02801271 0.99429494 0.8178711
0.9338714 -0.34198448 -0.104447514 21.18164 0.3430997 0.93925744 -0.007664107 5.2142334 0.10072379 -0.028685497 0.9944996 0.8989258
0.93166405 -0.34831345 -0.10330471 21.926758 0.34936604 0.9369443 -0.008320935 5.4976807 0.09968656 -0.028337229 0.9946157 0.9794922
0.9295007 -0.35504377 -0.09994508 22.664307 0.35622287 0.93438834 -0.006390143 5.7841797 0.09565813 -0.029662155 0.994972 1.060669
0.92524093 -0.36709303 -0.09563638 23.434692 0.3684121 0.92963916 -0.0041192193 6.0948486 0.09042122 -0.03142465 0.9954081 1.1331787
0.9228507 -0.37445015 -0.090451874 24.183472 0.37585998 0.92669857 -0.0015474809 6.4104004 0.0844015 -0.032553952 0.9959018 1.2145996
0.91968614 -0.38267395 -0.08817363 24.946777 0.3842161 0.92326415 0.0005561166 6.73999 0.08119309 -0.034389872 0.99610364 1.2875977
0.9167218 -0.3899392 -0.086960964 25.714111 0.39153287 0.9201603 0.0013863641 7.07666 0.07947873 -0.035322797 0.99621004 1.3554688
0.9122909 -0.40034604 -0.08643883 26.489502 0.40201342 0.9156447 0.0020626076 7.421875 0.0783196 -0.03663031 0.99625444 1.4331055
0.90923417 -0.40724272 -0.08633602 27.258545 0.40897393 0.91254556 0.0026079651 7.779663 0.0777221 -0.037675526 0.9962633 1.4984131
0.9053518 -0.41607952 -0.0849211 28.050903 0.41786402 0.90850097 0.0035906015 8.152466 0.075654574 -0.038740143 0.99638027 1.5679932
0.9016309 -0.42449093 -0.08269427 28.850342 0.4261788 0.90461475 0.0030872957 8.530151 0.07349813 -0.03802126 0.99657166 1.6358643
0.898628 -0.4316927 -0.07791867 29.650146 0.43328106 0.9012293 0.003908072 8.922363 0.06853676 -0.03727654 0.996952 1.7039795
0.895024 -0.4399512 -0.073553294 30.465088 0.441475 0.8972796 0.0050510755 9.327393 0.06377501 -0.036993753 0.99727774 1.7612305
0.8921149 -0.44652382 -0.06851086 31.266357 0.44779533 0.89409685 0.0036426159 9.727661 0.059632115 -0.03392359 0.9976451 1.8342285
0.8882982 -0.4544096 -0.066465795 32.091553 0.45568556 0.89011705 0.004617637 10.159668 0.057064824 -0.034389295 0.99777824 1.8911133
0.8853263 -0.4604441 -0.06523338 32.92749 0.46168873 0.88706845 0.0045920694 10.602051 0.055749692 -0.03418064 0.997859 1.9486084
0.8829275 -0.46513027 -0.06344288 33.760986 0.46631104 0.8845722 0.0043713795 11.04834 0.0540851 -0.033451837 0.9979753 2.0047607
0.8802139 -0.47052822 -0.06133772 34.61609 0.47161213 0.88176227 0.0036768075 11.508423 0.052355174 -0.032170404 0.99811 2.0563965
0.8771451 -0.47641978 -0.060339563 35.474243 0.4773909 0.8786896 0.0019180295 11.977539 0.05210352 -0.030490661 0.9981757 2.1081543
0.87591165 -0.47862324 -0.060815748 36.341675 0.4796025 0.87748456 0.001729555 12.4592285 0.052538853 -0.03068547 0.99814713 2.170166
0.8740495 -0.48184842 -0.061567754 37.21228 0.48284447 0.87566626 0.001489423 12.9522705 0.05319545 -0.031039635 0.9981011 2.2172852
0.8750341 -0.48027098 -0.06019299 38.09839 0.48120984 0.8765868 0.0012644352 13.454346 0.05215827 -0.030077327 0.9981855 2.272705
0.8737625 -0.48286182 -0.057848237 39.008545 0.48371643 0.87520295 0.00088508264 13.953369 0.050202407 -0.02875599 0.99832517 2.3320312
0.8730747 -0.4841624 -0.05682398 39.921143 0.4849548 0.8744837 0.00017172942 14.470093 0.049608465 -0.027719436 0.99838346 2.3859863
0.87356174 -0.48336783 -0.056573853 40.839966 0.4840995 0.87498766 -0.0008863949 14.981201 0.049929135 -0.026622843 0.99839723 2.4316406
0.8721465 -0.48598877 -0.056192107 41.77185 0.48660427 0.8736071 -0.0030742546 15.509277 0.050585736 -0.024666145 0.99841493 2.4916992
0.87103283 -0.48822474 -0.05387375 42.707153 0.48876524 0.8723872 -0.0035342644 16.039185 0.048725694 -0.023254186 0.99854165 2.546875
0.8687801 -0.4928054 -0.049473066 43.638306 0.4932809 0.8699128 -0.002935866 16.571777 0.04448339 -0.021847226 0.9987713 2.605835
0.86624646 -0.49762556 -0.04454937 44.579224 0.49799168 0.86717504 -0.0032510743 17.109009 0.040250253 -0.019370835 0.99900174 2.6567383
0.86265403 -0.50402546 -0.04228384 45.507324 0.5043022 0.86351573 -0.004626163 17.646729 0.038845353 -0.017333835 0.99909484 2.7089844
0.85690665 -0.51360023 -0.043285944 46.427856 0.5137719 0.8578596 -0.007911435 18.198242 0.041196294 -0.015460004 0.99903154 2.7667236
0.8528867 -0.5200505 -0.044429544 47.34021 0.52009684 0.853938 -0.011423882 18.755249 0.0438845 -0.013365017 0.99894774 2.8240967
0.84647596 -0.53062755 -0.045196645 48.25244 0.5307755 0.8475338 -0.009648631 19.337524 0.043425784 -0.0158121 0.9989319 2.8682861
0.84042853 -0.5404922 -0.040624324 49.163574 0.54065204 0.84127015 -0.007889532 19.929443 0.03844086 -0.015329172 0.9991433 2.9188232
0.8360139 -0.54750985 -0.037669256 50.064697 0.54776907 0.83668315 -0.0039806757 20.532227 0.033694394 -0.017302752 0.9992823 2.97583
0.83216274 -0.55321795 -0.03966417 50.958008 0.5535428 0.8328853 -0.003264091 21.1333 0.034839824 -0.019234836 0.99920774 3.0201416
0.82872003 -0.5580109 -0.043591216 51.845703 0.5583253 0.829634 -0.005722303 21.73108 0.039358992 -0.019586395 0.9990336 3.065796
0.82552785 -0.5620726 -0.050324038 52.729248 0.56243193 0.8267769 -0.008050048 22.345093 0.04613505 -0.02166356 0.9987002 3.119873
0.8217018 -0.5675508 -0.0516836 53.60791 0.5679364 0.8230181 -0.008322605 22.96582 0.047258843 -0.02251908 0.9986285 3.1777344
0.81940925 -0.57103384 -0.048086815 54.49048 0.5713767 0.8205447 -0.007651573 23.582275 0.043825448 -0.02121135 0.998814 3.2371826
0.8159903 -0.576567 -0.04312593 55.375977 0.5769261 0.81686145 -0.004854359 24.215332 0.03802256 -0.020913972 0.9990578 3.2874756
0.81358707 -0.5800075 -0.040764857 56.257324 0.58038473 0.81433386 -0.0030903271 24.854248 0.03498744 -0.021153448 0.99916345 3.340454
0.810704 -0.5840594 -0.042227197 57.1333 0.58448976 0.8114885 -0.002590944 25.48816 0.035780627 -0.022567753 0.9991052 3.3861084
0.8075011 -0.5883364 -0.043032363 58.0083 0.5887508 0.80833644 -0.0036530895 26.134766 0.036933437 -0.02237657 0.9990675 3.435669
0.8026595 -0.59472114 -0.045489937 58.86914 0.5951166 0.80363446 -0.0057743 26.784668 0.039985705 -0.022437418 0.9989479 3.484253
0.80071086 -0.5974452 -0.044261225 59.74536 0.5977895 0.80165106 -0.0064647617 27.437988 0.039340522 -0.021284332 0.99899876 3.5324707
0.7947221 -0.6054006 -0.04296883 60.614258 0.6057003 0.7956227 -0.007151232 28.108032 0.038515165 -0.020343518 0.9990509 3.583496
0.7911596 -0.61010814 -0.04213001 61.47461 0.61041486 0.792017 -0.0066564395 28.779419 0.037426993 -0.020459773 0.9990895 3.6362305
0.785079 -0.617806 -0.043105703 62.338135 0.61808115 0.7860023 -0.008222761 29.464966 0.038961384 -0.020191185 0.99903667 3.689331
0.78025615 -0.62389517 -0.04294031 63.19507 0.6241258 0.7811954 -0.009454801 30.155518 0.039447274 -0.019428167 0.99903286 3.7385254
0.7750536 -0.63035405 -0.042707346 64.04761 0.63053346 0.77600783 -0.01082913 30.851318 0.039970852 -0.018537218 0.99902904 3.7893066
0.7690726 -0.6376254 -0.043606695 64.90283 0.6377553 0.7700963 -0.012678989 31.568726 0.041664477 -0.018065296 0.99896806 3.842041
0.76370203 -0.64392513 -0.043954924 65.75366 0.6439785 0.7647774 -0.014832485 32.28357 0.043167207 -0.0169873 0.99892324 3.892456
0.75801784 -0.65093607 -0.043242507 66.59546 0.6510045 0.75905484 -0.014408015 33.018555 0.04219972 -0.017224351 0.9989607 3.9509277
0.75040865 -0.65953845 -0.041202873 67.43799 0.65953964 0.7513785 -0.015501883 33.759888 0.041182943 -0.015554278 0.9990302 4.0026855
0.74564326 -0.6651814 -0.038903754 68.27612 0.6651002 0.74653935 -0.01687538 34.508057 0.04026651 -0.013297219 0.9991002 4.0560303
0.7393247 -0.6721601 -0.038994595 69.11011 0.67202324 0.7402463 -0.018478094 35.276 0.0412857 -0.012550136 0.9990683 4.112915
0.7318361 -0.6803549 -0.03977106 69.94141 0.6801645 0.7328134 -0.020216849 36.05078 0.0429031 -0.012255055 0.9990042 4.1706543
0.7277037 -0.68453765 -0.04038984 70.76514 0.6843898 0.72869986 -0.019553505 36.837402 0.042822562 -0.013414461 0.9989929 4.220581
0.7206798 -0.69225353 -0.039798982 71.586914 0.6921091 0.7216522 -0.019525317 37.632935 0.04223529 -0.013469267 0.9990168 4.2790527
0.71739125 -0.69547975 -0.040025398 72.41089 0.6953462 0.7183726 -0.019448692 38.43567 0.04228139 -0.013876652 0.9990096 4.333618
0.71223235 -0.70085704 -0.040150937 73.23413 0.70071536 0.71322596 -0.019852553 39.258057 0.042550903 -0.013995223 0.9989962 4.392212
0.7065291 -0.7065322 -0.04262689 74.04907 0.7063572 0.7076584 -0.02161801 40.081055 0.045434874 -0.014830466 0.99885726 4.4505615
0.702325 -0.71053445 -0.04379029 74.86182 0.7102881 0.7035398 -0.023667 40.90381 0.047620654 -0.014481099 0.9987604 4.5134277
0.6971944 -0.7154996 -0.04460983 75.67944 0.7152549 0.6984565 -0.024060715 41.7511 0.04837367 -0.015135241 0.99871457 4.569702
0.6919586 -0.7206673 -0.042708825 76.49121 0.72040755 0.69313043 -0.023980511 42.599854 0.04688808 -0.014173439 0.9987998 4.632202
0.6879938 -0.7245281 -0.041011762 77.29614 0.72421765 0.6890974 -0.024718333 43.454956 0.04617295 -0.012686397 0.9988535 4.6956787
0.68318474 -0.7291089 -0.040721875 78.09888 0.72879314 0.6842795 -0.024904095 44.32898 0.046030413 -0.012655551 0.9988606 4.7628174
0.6781051 -0.7339296 -0.04072204 78.910645 0.73356575 0.6792179 -0.026108896 45.202393 0.046821073 -0.01216526 0.99882925 4.8203125
0.67365825 -0.7379928 -0.038684495 79.7041 0.73755234 0.6746926 -0.027411278 46.083374 0.046330083 -0.010060185 0.99887586 4.885742
0.6697391 -0.74166673 -0.03765969 80.50635 0.7411708 0.6707391 -0.028513448 46.974365 0.04640641 -0.008812708 0.99888384 4.942749
0.6662045 -0.7449602 -0.03564585 81.30713 0.7443229 0.66713303 -0.031321425 47.866577 0.04711495 -0.0056583527 0.99887383 5.008301
0.66194093 -0.7487511 -0.035610832 82.103516 0.7479059 0.6628915 -0.035692874 48.771484 0.050328564 -0.0030078185 0.9987281 5.07312
0.6563113 -0.7538901 -0.033583354 82.90015 0.75281644 0.65716845 -0.040230803 49.676758 0.05239996 0.001133346 0.99862605 5.135132
0.65160656 -0.7580234 -0.027554283 83.6958 0.7567257 0.65213287 -0.045158528 50.59619 0.05219895 0.008569814 0.99859965 5.213379
0.64309466 -0.7653162 -0.024121214 84.480225 0.7638841 0.64341986 -0.04850483 51.529297 0.05265163 0.012767831 0.99853164 5.2838135
0.63534755 -0.771904 -0.020328252 85.26514 0.770434 0.6354635 -0.050339133 52.463623 0.051772784 0.016318481 0.9985253 5.359619
0.62564534 -0.77992684 -0.017096525 86.03027 0.77857333 0.625637 -0.049126353 53.423096 0.04900104 0.017419383 0.9986464 5.4211426
0.6161332 -0.7875701 -0.016480397 86.79199 0.7862362 0.6161143 -0.04892676 54.395752 0.04868122 0.017179482 0.9986659 5.496216
0.60682726 -0.7946731 -0.01852253 87.54053 0.7932573 0.6069093 -0.04990451 55.37622 0.050904773 0.015590379 0.99858177 5.567505
0.59656715 -0.80231243 -0.0181759 88.27954 0.80071336 0.59659094 -0.053525575 56.36792 0.053793784 0.017373819 0.99840075 5.638672
0.5868916 -0.8094581 -0.017887056 89.01611 0.8078007 0.58689904 -0.05468724 57.378906 0.05477268 0.01763523 0.9983425 5.706543
0.57762945 -0.8161842 -0.0151795 89.74292 0.8145384 0.5774945 -0.05541456 58.396973 0.053991605 0.019654963 0.99834853 5.7852783
0.567407 -0.8233314 -0.011752202 90.45947 0.8217667 0.5671155 -0.055165358 59.42456 0.052083902 0.021650042 0.9984084 5.8581543
0.55649704 -0.83075666 -0.010831922 91.1604 0.82916445 0.5561611 -0.05597592 60.46704 0.052528873 0.02215593 0.99837285 5.930908
0.54772234 -0.8365726 -0.011737938 91.843994 0.8349174 0.5474339 -0.05673127 61.517822 0.053900477 0.02127712 0.99832 6.006714
0.53625596 -0.84401184 -0.012899631 92.52539 0.842287 0.53603953 -0.057510845 62.581543 0.05544167 0.019970907 0.99826175 6.080078
0.5265689 -0.85006124 -0.013976774 93.1897 0.8482549 0.5264125 -0.058543768 63.652832 0.057119906 0.018972116 0.998187 6.161621
0.51730305 -0.8556786 -0.014008392 93.835205 0.8538799 0.51717085 -0.05838342 64.747314 0.05719657 0.018248742 0.99819654 6.2423096
0.5072982 -0.8616609 -0.013009187 94.47974 0.85997605 0.5071615 -0.05665113 65.8396 0.05540369 0.017552607 0.99830973 6.317505
0.5013748 -0.86513966 -0.01049082 95.12549 0.863628 0.50115675 -0.054250374 66.94824 0.05218538 0.018138427 0.9984726 6.4000244
0.4928623 -0.8701294 -0.009524431 95.75366 0.86857873 0.4925894 -0.055272188 68.063965 0.05278498 0.018961096 0.99842536 6.475586
0.4847581 -0.87453437 -0.008898961 96.3667 0.8728509 0.48441362 -0.057917077 69.186035 0.054974847 0.0203143 0.9982815 6.5548096
0.4792754 -0.8775122 -0.007848631 96.99048 0.87565553 0.47880962 -0.061349608 70.30151 0.057600893 0.022539496 0.9980858 6.63501
0.471807 -0.88160455 -0.006931569 97.60327 0.879589 0.4712335 -0.06433457 71.438965 0.059995174 0.024263442 0.99790424 6.718628
0.4679985 -0.8837924 -0.0061603277 98.20166 0.88158375 0.46730134 -0.06773577 72.569336 0.06274172 0.026265427 0.9976839 6.805298
0.46279177 -0.88647705 -0.003963101 98.80029 0.88429886 0.46195957 -0.06813316 73.704834 0.062227197 0.028022058 0.9976682 6.897949
0.45818612 -0.8887731 -5.317878e-05 99.38623 0.886814 0.45717865 -0.06633816 74.84546 0.05900184 0.030363522 0.997797 6.9882812
0.45457047 -0.8908248 0.0063346145 99.976074 0.8891583 0.45325938 -0.06476184 75.97583 0.05482452 0.03505718 0.9978796 7.079712
0.45107177 -0.892446 0.008209775 100.54883 0.8908917 0.4496995 -0.063833416 77.11304 0.053274762 0.036100082 0.99792683 7.1638184
0.44959757 -0.89325243 0.009546691 101.10742 0.89177907 0.4481803 -0.063201316 78.24805 0.052165885 0.036932148 0.9979557 7.2437744
0.4468586 -0.8945955 0.0125524225 101.68237 0.8932903 0.44533703 -0.062023427 79.38159 0.049892727 0.038908422 0.9979953 7.3256836
0.444632 -0.89559084 0.015167815 102.23364 0.8944057 0.44299802 -0.061659943 80.50049 0.04851415 0.040994745 0.99798167 7.399658
0.44361955 -0.8962667 0.017011825 102.78516 0.8951059 0.44185504 -0.06267717 81.625 0.048656367 0.04301319 0.99788797 7.4747314
0.4400651 -0.89783555 0.019323232 103.33032 0.896778 0.43820137 -0.062511265 82.72412 0.04765248 0.04483216 0.9978571 7.5513916
0.43859848 -0.8982976 0.023760868 103.865234 0.897472 0.4365571 -0.061915968 83.82666 0.045259073 0.04848733 0.99779797 7.626953
0.43655017 -0.89943385 0.026508521 104.40161 0.89873993 0.43438962 -0.06188538 84.931885 0.044141274 0.050817963 0.99773085 7.694824
0.4339885 -0.900367 0.027435124 104.91919 0.8997313 0.43180677 -0.061550803 86.011475 0.043570757 0.05141475 0.9977275 7.763672
0.43398535 -0.9006469 0.027473735 105.43115 0.8999843 0.43177015 -0.062169693 87.081055 0.044113945 0.051693104 0.99768776 7.829468
0.4339837 -0.90043443 0.02853027 105.95117 0.8997378 0.4316159 -0.06416246 88.14746 0.045456562 0.053503633 0.9975319 7.899292
0.43396392 -0.90057653 0.026290748 106.44287 0.89976954 0.43170607 -0.06402506 89.19751 0.046303157 0.05144108 0.9976022 7.973877
0.4380346 -0.8986193 0.023643121 106.94116 0.8976774 0.43588573 -0.06427427 90.24219 0.0474291 0.0493813 0.9976538 8.042969
0.43855882 -0.89834386 0.021680778 107.43164 0.897326 0.43651918 -0.06390916 91.26831 0.047952678 0.047497746 0.99772054 8.106689
0.446186 -0.8948547 0.01950904 107.923096 0.8936963 0.44419137 -0.0650174 92.293945 0.049505264 0.046432655 0.99769336 8.183105
0.45152465 -0.89199704 0.018300546 108.440186 0.89081645 0.44960213 -0.064595245 93.305664 0.049392495 0.045469727 0.99774396 8.25
0.45836225 -0.88848186 0.017577473 108.94263 0.88738155 0.45655605 -0.06258683 94.303955 0.047587167 0.044301327 0.9978851 8.318237
0.4668988 -0.8842438 0.016365003 109.45532 0.88316375 0.46519268 -0.061387144 95.30298 0.046649694 0.043120198 0.99798083 8.381836
0.4763738 -0.8790156 0.015787086 109.98511 0.877955 0.47470686 -0.060828928 96.29224 0.045967024 0.042848565 0.99802434 8.447754
0.4847593 -0.87457335 0.014301238 110.51196 0.8734969 0.48318043 -0.060118288 97.27075 0.04565762 0.04162488 0.9980891 8.506714
0.49601343 -0.868354 0.012852092 111.05542 0.8671985 0.49445155 -0.06095766 98.23535 0.04657223 0.041365933 0.9980572 8.572632
0.5034521 -0.8639099 0.008340683 111.59888 0.8625736 0.50208265 -0.061268788 99.187744 0.04874254 0.0380343 0.99808663 8.634277
0.5161333 -0.85653746 0.005239283 112.15381 0.85507506 0.5148737 -0.061882287 100.13428 0.05030054 0.036420807 0.99807 8.696167
0.5286936 -0.8487143 0.0028502084 112.73291 0.8472795 0.527598 -0.05999106 101.07886 0.04942059 0.03413664 0.9981948 8.763062
0.54066604 -0.8412412 0.0020792745 113.30737 0.83992183 0.5396759 -0.057372358 102.00781 0.047145918 0.03276676 0.99835056 8.832031
0.5547975 -0.83200055 0.0024497844 113.90674 0.83082134 0.55384934 -0.054926712 102.92139 0.044349138 0.032505073 0.9984869 8.889404
0.5652895 -0.82484 0.00199953 114.50903 0.82369626 0.5643749 -0.05407059 103.81738 0.043464653 0.03221249 0.99853563 8.953369
0.5760774 -0.8173799 0.00064184144 115.12549 0.8161987 0.5752022 -0.054196183 104.69824 0.04393258 0.031747594 0.99853003 9.011841
0.5885058 -0.8084426 -0.00018502277 115.75049 0.80720115 0.5876144 -0.05526735 105.56421 0.044792995 0.032382824 0.9984717 9.068115
0.5979311 -0.80168056 0.00047719944 116.37549 0.8003614 0.5969128 -0.05770316 106.413574 0.04596836 0.034883387 0.9983336 9.129395
0.6087589 -0.7934188 -0.00036732084 117.012695 0.7921249 0.6077924 -0.056815434 107.24927 0.045294553 0.03429781 0.99838483 9.195801
0.6199007 -0.7847175 -0.00031024928 117.657715 0.7835396 0.6189921 -0.05452669 108.07471 0.042974874 0.0335532 0.9985122 9.251831
0.628417 -0.77777284 0.0018505759 118.29932 0.7767915 0.62750125 -0.051755328 108.8833 0.039103165 0.033959545 0.9986577 9.310669
0.64008874 -0.7684088 0.0018302399 118.956055 0.76748544 0.63919884 -0.05059055 109.67578 0.037701346 0.033787172 0.9987176 9.3654785
0.6490637 -0.7607756 -0.0018635968 119.60376 0.7597769 0.6483338 -0.04969155 110.45264 0.03900593 0.030832916 0.9987629 9.416504
0.6581463 -0.75284624 -0.0042535737 120.25635 0.75183886 0.65753907 -0.048311617 111.21704 0.03915897 0.028596174 0.9988237 9.466309
0.66853523 -0.7437295 -0.005051028 120.920654 0.74273187 0.66796213 -0.047678504 111.96655 0.03883922 0.028121896 0.99884945 9.52124
0.6760505 -0.7369332 -0.0045895027 121.58716 0.73600626 0.6754886 -0.04632405 112.69946 0.03723348 0.027940413 0.99891603 9.572266
0.68504506 -0.7286386 -0.0036333841 122.25903 0.7278086 0.6844869 -0.044559613 113.423096 0.03495204 0.027877765 0.99899983 9.6188965
0.6931405 -0.7208008 -0.0025108955 122.93921 0.720032 0.69255406 -0.043902326 114.13208 0.03337852 0.028623922 0.99903303 9.667725
0.7001475 -0.7139413 -0.003972863 123.596924 0.7131761 0.69963515 -0.04272037 114.815186 0.033281058 0.027074305 0.99907917 9.710205
0.7085807 -0.7056726 -0.0046362095 124.28516 0.7049302 0.7081089 -0.041674048 115.503174 0.032691546 0.026261058 0.99912035 9.751587
0.7147298 -0.6993807 -0.0035977126 124.947266 0.6987714 0.7143044 -0.03837335 116.16797 0.029411025 0.02491374 0.99925697 9.793335
0.7224403 -0.6913592 -0.002630876 125.626465 0.6908569 0.7220511 -0.03555259 116.82568 0.026475754 0.023863096 0.9993645 9.836548
0.7307503 -0.6826301 -0.0026590219 126.299805 0.6821827 0.7304022 -0.033556364 117.4707 0.024852492 0.022708602 0.99943316 9.869629
0.73698056 -0.67581797 -0.0025799293 126.964355 0.6754 0.73664933 -0.032549422 118.088135 0.023901746 0.02224526 0.9994668 9.911621
0.7438279 -0.66851336 -0.0037729717 127.63086 0.6681286 0.74357027 -0.030189551 118.69653 0.02298149 0.01993577 0.9995371 9.944946
0.7540533 -0.6567835 -0.0021409837 128.30933 0.65650374 0.75381994 -0.026901284 119.29053 0.019284317 0.018877853 0.9996357 9.979614
0.7625565 -0.6468376 -0.0010593901 128.97559 0.6466331 0.7623548 -0.023942174 119.86914 0.016296342 0.01757192 0.9997127 10.005859
0.77319986 -0.6341545 -0.0009849896 129.66919 0.63399494 0.7730384 -0.021280356 120.43799 0.0142538985 0.015829988 0.99977314 10.03064
0.7822926 -0.6229112 -0.0024615107 130.3274 0.6227344 0.78215384 -0.02105147 120.97925 0.015038831 0.014936458 0.99977535 10.054077
0.7916694 -0.6108435 -0.004305464 130.99487 0.6106414 0.7915561 -0.02108379 121.507324 0.01628857 0.014063299 0.9997685 10.081421
0.8014731 -0.5980543 -0.0047385003 131.6936 0.59786975 0.801382 -0.01973058 122.03003 0.015595345 0.012982879 0.9997942 10.103394
0.81150544 -0.5844542 -0.0033573965 132.37842 0.58431256 0.8114128 -0.01808287 122.534424 0.0132906595 0.012713443 0.99983084 10.123047
0.8217186 -0.56994116 -0.0016258298 133.09229 0.5698491 0.821631 -0.01585811 123.02246 0.010373595 0.012104827 0.99987286 10.143433
0.830507 -0.5570305 0.00043857883 133.78027 0.5569777 0.83041704 -0.014438894 123.50659 0.0076781944 0.012235931 0.99989563 10.16333
0.8383764 -0.54516023 0.0022952815 134.49194 0.54514223 0.8382955 -0.012678267 123.9707 0.0049869753 0.01188103 0.9999169 10.181152
0.84740186 -0.53090084 0.004360162 135.22412 0.530913 0.8473265 -0.011564308 124.43115 0.002446197 0.012114035 0.99992347 10.191895
0.8541984 -0.520019 0.006249695 135.93652 0.5200557 0.8541141 -0.0120364055 124.86743 0.00092034135 0.013531794 0.999908 10.208984
0.8605803 -0.5092807 0.006751009 136.6687 0.5093254 0.8605035 -0.011500841 125.302734 4.8846472e-05 0.013334743 0.999911 10.2146
0.86795205 -0.49659964 0.0070421826 137.4226 0.49664828 0.86789525 -0.009993601 125.74341 -0.0011498458 0.012170395 0.99992526 10.22229
0.8728583 -0.4878455 0.007097572 138.1521 0.4878924 0.8728217 -0.008288374 126.16284 -0.0021505374 0.010697462 0.9999404 10.231323
0.8797719 -0.47540435 0.007617938 138.91235 0.47545382 0.87974924 -0.0071289195 126.578125 -0.0033123628 0.009893323 0.9999455 10.231567
0.8846869 -0.4661454 0.007657068 139.66699 0.46619636 0.88466245 -0.0073777116 126.982666 -0.0033359956 0.010096928 0.99994344 10.237183
0.89041924 -0.4550775 0.0071461806 140.43823 0.45512632 0.8903842 -0.0083073275 127.38281 -0.0025820388 0.010649214 0.9999399 10.245605
0.8948899 -0.44630417 0.006563137 141.23145 0.44634855 0.89484686 -0.008972481 127.76807 -0.001869137 0.010958332 0.9999382 10.250244
0.8977748 -0.44048545 0.0071895528 142.0022 0.44053355 0.89774674 -0.007725502 128.16382 -0.0030520475 0.01010211 0.9999444 10.254272
0.90021986 -0.43524843 0.010166561 142.79883 0.43531725 0.9002248 -0.005878973 128.55103 -0.006592134 0.009717486 0.99993104 10.257935
0.9038565 -0.4275642 0.012905163 143.61816 0.42762786 0.903915 -0.0025214897 128.94092 -0.010586827 0.0077985697 0.99991363 10.258057
0.90642357 -0.42207092 0.014912929 144.43164 0.42210445 0.90653014 0.0009764973 129.33936 -0.013931203 0.0054111183 0.9998883 10.254517
0.9098491 -0.41458637 0.016009973 145.2732 0.414588 0.90998286 0.0033689477 129.7229 -0.015966045 0.0035713897 0.99986625 10.247314
0.9128439 -0.40787742 0.017587775 146.12915 0.40784466 0.91301095 0.0055814525 130.11377 -0.018333988 0.0020811781 0.99982965 10.23291
0.9161171 -0.400393 0.020157356 147.00293 0.40034097 0.91633695 0.006728529 130.48682 -0.021164952 0.0019064927 0.99977416 10.221924
0.9196189 -0.39218113 0.022614079 147.87451 0.39212492 0.9198936 0.0070547992 130.86597 -0.023569869 0.0023779608 0.9997194 10.207642
0.92248964 -0.385352 0.02406588 148.76733 0.3853028 0.92279875 0.006831709 131.24463 -0.024840439 0.002968106 0.9996872 10.192017
0.9256651 -0.37748098 0.024363115 149.66504 0.3774434 0.92597955 0.0063016983 131.62329 -0.024938827 0.0033646068 0.99968344 10.168335
0.92965025 -0.36757663 0.024793847 150.59863 0.36760005 0.9299639 0.0037714283 131.97778 -0.024444068 0.0056083584 0.99968565 10.161499
0.9337663 -0.35700366 0.024223045 151.52393 0.35705718 0.9340575 0.0022299653 132.34839 -0.023421995 0.006569444 0.9997041 10.1345215
0.93825734 -0.34523743 0.022316784 152.55493 0.34529746 0.9385 0.0012263972 132.71094 -0.021367274 0.006556975 0.99975014 10.121582
0.9428597 -0.3325367 0.020735273 153.44946 0.33253515 0.9430812 0.0036226956 133.06274 -0.020760251 0.0034792863 0.9997785 10.108643
0.9486917 -0.31549674 0.02120062 154.45654 0.3154153 0.9489285 0.0071678055 133.40039 -0.022379467 -0.00011423044 0.99974966 10.089355
0.9544411 -0.29748696 0.022583636 155.47021 0.29730505 0.9547005 0.011102153 133.72314 -0.024863819 -0.0038799495 0.9996834 10.062622
0.9603821 -0.2775681 0.024382668 156.48462 0.27728695 0.960666 0.014309369 134.04077 -0.02739659 -0.006981439 0.99960047 10.044922
0.96628535 -0.25639603 0.02476408 157.54199 0.2560527 0.96655756 0.016210794 134.33203 -0.028090559 -0.009325299 0.99956185 10.029175
0.97170985 -0.23476754 0.025599178 158.59937 0.23436062 0.97197974 0.017923148 134.60938 -0.02908985 -0.011415889 0.9995116 9.997925
0.9765098 -0.21346004 0.029077832 159.677 0.21299304 0.9768724 0.018345859 134.85645 -0.032321956 -0.011720121 0.99940884 9.972534
0.98101854 -0.19119933 0.032215334 160.7622 0.19058795 0.98143923 0.02111361 135.07788 -0.035654724 -0.0145714525 0.9992578 9.946045
0.9849217 -0.16892985 0.037331063 161.89893 0.16816187 0.9854949 0.022859283 135.2854 -0.04065103 -0.016237423 0.9990416 9.91626
0.98842704 -0.14610791 0.040705457 163.01855 0.14520754 0.98909897 0.024279736 135.4624 -0.043810155 -0.01808818 0.9988766 9.873779
0.99129784 -0.12509963 0.040984534 164.16748 0.1240974 0.9919252 0.026159264 135.62671 -0.043926604 -0.020846777 0.9988176 9.829468
0.9938748 -0.1031136 0.03973121 165.31836 0.10210236 0.9944145 0.026702762 135.76074 -0.042262517 -0.022482337 0.99885374 9.787598
0.9959264 -0.08098043 0.039676685 166.48633 0.07994653 0.9964352 0.02697721 135.86255 -0.041719697 -0.023694871 0.99884766 9.74231
0.9972757 -0.061413046 0.04087802 167.67236 0.060380097 0.99783665 0.026036553 135.94995 -0.0423883 -0.023497561 0.99882454 9.708008
0.9981586 -0.042104147 0.04366251 168.8789 0.041029345 0.99883914 0.025229648 136.01978 -0.044674218 -0.023391567 0.9987278 9.658569
0.99878514 -0.019698815 0.0451637 170.09448 0.018557217 0.9995011 0.025555555 136.05957 -0.045644563 -0.024686359 0.99865246 9.616333
0.99890715 -0.0005378421 0.046745505 171.32007 -0.00076873036 0.9996095 0.027931435 136.07178 -0.04674226 -0.027936842 0.99851656 9.56604
0.9986808 0.019860623 0.047355425 172.56812 -0.021175135 0.9993997 0.027424634 136.06543 -0.04678251 -0.028391043 0.99850166 9.513794
0.99806213 0.03985346 0.047779713 173.81152 -0.041368384 0.9986586 0.031142645 136.02539 -0.04647455 -0.033059154 0.9983719 9.46875
0.9971154 0.059793722 0.046727262 175.07788 -0.06132221 0.9976047 0.03199479 135.96997 -0.044702362 -0.034768973 0.9983952 9.411133
0.99569756 0.080397725 0.046063542 176.34839 -0.0819216 0.9961173 0.032204963 135.8794 -0.04329449 -0.03583957 0.99841946 9.365112
0.9942524 0.09767032 0.04385323 177.59814 -0.099168494 0.994511 0.033389933 135.77124 -0.04035172 -0.03754723 0.9984798 9.315552
0.99192125 0.11918633 0.043498687 178.927 -0.120744936 0.9920636 0.035165485 135.62622 -0.038964454 -0.040132605 0.99843496 9.266235
0.98938423 0.13937783 0.04115069 180.229 -0.14084046 0.9894118 0.03507138 135.46167 -0.03582738 -0.040495455 0.9985372 9.22937
0.9868913 0.15725711 0.036074124 181.56421 -0.15856583 0.98665375 0.03684924 135.27588 -0.029797751 -0.042088024 0.9986699 9.184204
0.9837681 0.17670475 0.031288262 182.90186 -0.17786758 0.9832682 0.039381925 135.0586 -0.023806574 -0.044308595 0.9987342 9.160645
0.9808539 0.19292443 0.026488744 184.19629 -0.19389167 0.98017335 0.04076653 134.81885 -0.018097209 -0.04512248 0.99881727 9.130493
0.9770744 0.2116185 0.023371238 185.53857 -0.21246701 0.9762099 0.04330481 134.55615 -0.013651922 -0.047277488 0.9987886 9.123535
0.9733198 0.22837697 0.021958563 186.88013 -0.22917314 0.9722946 0.045971055 134.25537 -0.010852386 -0.049776826 0.9987019 9.105347
0.9691338 0.24550866 0.023009885 188.20654 -0.24633305 0.968135 0.045380305 133.9458 -0.011137958 -0.049646482 0.99870485 9.098022
0.9645932 0.26279625 0.022120154 189.56201 -0.26354787 0.96362484 0.044288673 133.57837 -0.009677194 -0.048550483 0.9987741 9.093018
0.9594814 0.2811908 0.018352885 190.92383 -0.2817418 0.9584769 0.04419423 133.20605 -0.0051639047 -0.047573943 0.9988543 9.096558
0.95480454 0.29683775 0.01551633 192.24951 -0.29724127 0.95367706 0.04639782 132.81152 -0.0010253245 -0.048913114 0.99880254 9.093872
0.94917274 0.31432712 0.016167827 193.59204 -0.3147423 0.94798434 0.047477424 132.38843 -0.00040108152 -0.050152227 0.9987412 9.0998535
0.94366366 0.33050612 0.016935758 194.95679 -0.33093873 0.94230604 0.050601356 131.93774 0.000765092 -0.05335352 0.99857515 9.113525
0.937157 0.348629 0.014863483 196.31152 -0.34890994 0.9355999 0.054238223 131.45044 0.0049982164 -0.056015745 0.99841785 9.119019
0.9304172 0.36619723 0.013096434 197.65552 -0.36634395 0.92882246 0.05503124 130.94556 0.007992558 -0.05599924 0.99839866 9.139404
0.9232795 0.38400283 0.0108805355 199.03442 -0.38397995 0.9216242 0.0564712 130.39404 0.011658611 -0.056315325 0.99834454 9.158325
0.9162777 0.40056226 0.0067755887 200.37329 -0.4002747 0.9146559 0.05696656 129.82959 0.016617922 -0.054908622 0.99835294 9.192993
0.9074841 0.42006052 0.003073955 201.69702 -0.41947258 0.9057743 0.06002189 129.25269 0.022431249 -0.055758446 0.9981921 9.234497
0.8973266 0.44129598 0.0020121522 203.05835 -0.4405353 0.895493 0.0629405 128.61353 0.02598035 -0.057364468 0.99801487 9.279297
0.88536286 0.4648675 0.0015600268 204.39258 -0.4639514 0.8833972 0.0658124 127.947754 0.029213581 -0.058993496 0.9978314 9.325073
0.8715781 0.490371 0.0023528682 205.7185 -0.48931023 0.86935574 0.070117034 127.230225 0.032319523 -0.062266275 0.99753743 9.383057
0.85785925 0.5139472 0.0031633475 207.04614 -0.5127368 0.8553817 0.07415722 126.49292 0.03539422 -0.0652415 0.9972427 9.442627
0.8421938 0.5390635 0.00311046 208.31909 -0.53760564 0.8394641 0.078537844 125.71655 0.03973916 -0.06781253 0.9969054 9.508545
0.8265985 0.56284106 0.0034006208 209.64551 -0.5612852 0.82383174 0.079534955 124.87793 0.041964322 -0.06765496 0.9968257 9.582642
0.8102399 0.5860494 0.0025720156 210.9043 -0.5842831 0.80744207 0.08124509 123.97461 0.045536652 -0.06732996 0.9966913 9.659424
0.7938894 0.60804564 7.326575e-05 212.13159 -0.6059565 0.791151 0.08292154 123.11377 0.05036791 -0.06587778 0.99655557 9.744751
0.77797925 0.628261 -0.0026275576 213.29956 -0.6257962 0.77528465 0.08534596 122.216064 0.055657018 -0.064751685 0.996348 9.835205
0.7594924 0.6504857 -0.003963676 214.49243 -0.64773893 0.7568183 0.08740213 121.224365 0.05984536 -0.06381532 0.99616647 9.930908
0.7437709 0.668345 -0.0055714315 215.66357 -0.66533417 0.741163 0.089001946 120.218994 0.06361132 -0.062490128 0.99601686 10.037964
0.72612876 0.6875275 -0.006901988 216.82495 -0.6843308 0.72365147 0.08957965 119.177734 0.06658343 -0.060324952 0.9959558 10.151367
0.71110094 0.70290256 -0.0071174353 217.92969 -0.6995865 0.7086619 0.09038232 118.12671 0.06857355 -0.059295405 0.9958835 10.262329
0.6950553 0.7190158 -0.008741559 219.02173 -0.7155232 0.6927842 0.09077362 117.04126 0.07130099 -0.056829724 0.995834 10.376221
0.67966896 0.73343575 -0.012046818 220.09204 -0.7296455 0.6776624 0.09174343 115.937744 0.07544101 -0.05357519 0.9957114 10.501465
0.66612995 0.7455683 -0.01388945 221.1355 -0.7414652 0.66421646 0.09404709 114.80786 0.079342075 -0.052352227 0.99547255 10.636353
0.6505012 0.7593337 -0.0150217395 222.16772 -0.7549137 0.64862883 0.09671006 113.64526 0.08317292 -0.051564664 0.99519956 10.763306
0.63341814 0.7735816 -0.0143519845 223.15723 -0.7691288 0.63157177 0.09701041 112.4834 0.08412318 -0.050409034 0.9951795 10.90918
0.61813176 0.7859707 -0.011574055 224.13135 -0.7815114 0.6160744 0.0983271 111.298096 0.08438926 -0.051729906 0.99508893 11.050903
0.59982365 0.8000143 -0.0065662493 225.094 -0.79569083 0.59739596 0.09925065 110.08179 0.08333056 -0.05431789 0.9950416 11.196411
0.58175 0.8134089 -0.0016195439 226.01709 -0.80924684 0.57897115 0.09991466 108.857666 0.08220062 -0.05682443 0.9949955 11.33667
0.563661 0.82608163 0.002806861 226.9148 -0.8219891 0.5605259 0.10137436 107.62744 0.08215279 -0.059434872 0.9948447 11.484131
0.54602504 0.8377621 0.0050228657 227.76538 -0.83352846 0.5426421 0.10385913 106.38989 0.08427457 -0.06090807 0.9945807 11.62915
0.52923405 0.84837073 0.008274425 228.57422 -0.8439657 0.52544004 0.1073535 105.14917 0.08673445 -0.06379337 0.99418634 11.77832
0.5083372 0.86101145 0.010915786 229.36328 -0.85668427 0.50442255 0.10731995 103.8811 0.086903654 -0.06390585 0.99416476 11.935181
0.48805943 0.8726304 0.014973062 230.11646 -0.8686064 0.4839947 0.10573201 102.60889 0.08503667 -0.06460284 0.99428034 12.080811
0.46688184 0.8841377 0.018487787 230.81616 -0.8804626 0.46278405 0.10314659 101.35132 0.082629606 -0.06444502 0.9944956 12.223389
0.44371697 0.8958468 0.022104315 231.49951 -0.892378 0.439476 0.10216797 100.06348 0.08182836 -0.065077014 0.9945211 12.372681
0.4205275 0.9068314 0.02384244 232.1333 -0.90356404 0.41639134 0.099728465 98.770996 0.08052091 -0.063481115 0.994729 12.509033
0.40162933 0.91537285 0.026179122 232.72363 -0.9121238 0.39733857 0.10025506 97.493164 0.0813631 -0.0641327 0.99461794 12.648071
0.37759557 0.9253894 0.026341105 233.28857 -0.92216396 0.37346753 0.09877582 96.204834 0.08159207 -0.06160887 0.9947612 12.781128
0.35690808 0.9337424 0.025568558 233.82153 -0.93040097 0.35293138 0.09850769 94.909424 0.082986526 -0.058955807 0.9948059 12.918579
0.3364098 0.941232 0.024580207 234.29517 -0.93776524 0.33260417 0.09832561 93.63696 0.084373996 -0.0561395 0.99485207 13.053101
0.31460932 0.9489739 0.024618398 234.75244 -0.94564974 0.31102473 0.09564869 92.339355 0.083103396 -0.053387035 0.99511117 13.191528
0.2941145 0.95539665 0.024144128 235.16943 -0.95202386 0.2906736 0.09502256 91.0625 0.083784826 -0.050947756 0.9951816 13.322632
0.27444687 0.96123815 0.025828198 235.5625 -0.95746386 0.2706855 0.099790104 89.79199 0.08895891 -0.052127905 0.99467134 13.461182
0.2544141 0.966738 0.027577141 235.92578 -0.9621871 0.25013125 0.10815841 88.52246 0.09766115 -0.054044038 0.99375063 13.599731
0.2353646 0.9713112 0.030319354 236.26343 -0.96603996 0.2304743 0.11581439 87.27124 0.10549947 -0.05655187 0.99280965 13.747925
0.21623287 0.9756833 0.035054103 236.57153 -0.970064 0.21065634 0.1205955 86.01416 0.110271856 -0.06007443 0.9920832 13.903564
0.19457942 0.9801654 0.038700566 236.85425 -0.97463137 0.18871379 0.12069151 84.75659 0.11099293 -0.06122091 0.99193573 14.057739
0.17580128 0.98341864 0.043644447 237.10815 -0.97814184 0.1695301 0.1200839 83.522705 0.110691115 -0.06379176 0.99180424 14.213379
0.15553774 0.9865792 0.048710663 237.34741 -0.98159474 0.14886576 0.11923473 82.275635 0.11037904 -0.066370055 0.9916717 14.373535
0.13748217 0.9892997 0.04980261 237.53223 -0.9843421 0.1308253 0.118527785 81.04492 0.11074871 -0.06531174 0.9916998 14.525757
