1 0 0 0 0 1 0 0 0 0 1 0
0.99986413 0.00059276865 0.016473163 0.018142312 -0.0005878048 0.99999978 -0.00030617216 -0.0044940215 -0.016473342 0.00029644758 0.99986426 0.11618019
0.99927379 0.0023025537 0.038034043 0.026910039 -0.0022924637 0.99999732 -0.00030890425 0.0070263525 -0.038034656 0.00022148829 0.9992764 0.23576676
0.99791918 0.0049720808 0.064285152 0.055487052 -0.0050381589 0.99998693 0.0008658179 0.0035633069 -0.064280013 -0.0011878951 0.99793119 0.37391687
0.99520974 0.0041319879 0.097675485 0.11179262 -0.0045181537 0.99998283 0.0037327012 0.0060813232 -0.097658392 -0.0041561334 0.99521132 0.57831198
0.99074326 0.001237245 0.13574338 0.18071413 -0.0019960662 0.99998313 0.0054541511 0.0011514409 -0.13573436 -0.0056746162 0.99072902 0.76437208
0.98440663 -0.0023875994 0.17589167 0.25217649 0.0013744923 0.99998176 0.0058814416 -0.0024907712 -0.17590252 -0.0055479683 0.98439196 0.95747322
0.97604715 -0.0025992588 0.21754358 0.34305462 0.0010442755 0.99997308 0.0072625759 -0.0015110075 -0.21755662 -0.006861441 0.97602359 1.1519848
0.96413262 -0.0023853247 0.26541024 0.42754318 -0.00041240098 0.99994495 0.01048491 0.0059531624 -0.26542066 -0.010218299 0.96407856 1.386323
0.94967086 -0.0062811325 0.31318652 0.56992241 0.00087253366 0.99984811 0.017406747 0.011421837 -0.31324832 -0.016257415 0.94953209 1.60996
0.93294341 -0.015843489 0.35967425 0.70126127 0.0071332296 0.99964857 0.025531497 -0.0016886872 -0.35995238 -0.021253803 0.93272856 1.8452462
0.91157363 -0.021638432 0.41056703 0.86721801 0.0098450909 0.99947655 0.030817332 -0.00084798887 -0.41101899 -0.024050198 0.91130949 2.0355432
0.88553905 -0.02354577 0.46396785 1.0300135 0.0083703238 0.99936131 0.034740518 0.0012087576 -0.46448955 -0.026880525 0.88517056 2.2869436
0.85799334 -0.025594002 0.51302277 1.2346264 0.0065606762 0.99922244 0.038877583 0.019354862 -0.51361894 -0.029990931 0.85749411 2.5145047
0.82619129 -0.030821298 0.56254597 1.4549459 0.0076451569 0.99902386 0.043507289 0.0183397 -0.56333784 -0.031644591 0.82562044 2.7244027
0.78998175 -0.036721558 0.61202968 1.6777236 0.0099745351 0.99884248 0.047055481 0.026361333 -0.61304925 -0.03106826 0.7894336 2.9259542
0.752478 -0.040921842 0.65734483 1.965065 0.010730174 0.99869712 0.049889046 0.036200527 -0.65853 -0.030486985 0.75193671 3.137031
0.71242291 -0.044330049 0.70034877 2.2458781 0.011779282 0.99861755 0.05122724 0.044488908 -0.70165154 -0.028245853 0.7119602 3.3744547
0.67026988 -0.046202199 0.7406778 2.5282462 0.01127077 0.99857878 0.052090232 0.05984584 -0.74203188 -0.026566504 0.66983801 3.5790418
0.62826048 -0.046554025 0.77660893 2.8680847 0.0066398905 0.9984926 0.054483366 0.086971864 -0.77797476 -0.029073147 0.62762256 3.814806
0.58606516 -0.047571018 0.80886623 3.1942883 0.0040374798 0.99843411 0.055794517 0.10473738 -0.8102539 -0.029433441 0.58533951 4.0386957
0.5465159 -0.048358416 0.8360513 3.5747203 0.0017592669 0.99839546 0.056598626 0.12326196 -0.83744692 -0.029461212 0.54572407 4.2439106
0.50756584 -0.051088019 0.86009701 3.9926284 0.0006909386 0.99826441 0.05888714 0.13665115 -0.86161274 -0.029294826 0.50672021 4.4372081
0.46949206 -0.050815118 0.88147318 4.4223117 -0.00232846 0.99826776 0.058788274 0.15987669 -0.88293366 -0.029653103 0.46856046 4.6237944
0.43332115 -0.050074569 0.89984735 4.880697 -0.003559194 0.99835238 0.057270089 0.183553 -0.90123259 -0.028019072 0.43242897 4.8231878
0.3990246 -0.048787198 0.91564136 5.3868762 -0.0023531971 0.99852576 0.054228936 0.20098268 -0.91693724 -0.023793364 0.39832153 5.0024412
0.37001609 -0.047293182 0.92782077 5.890092 -0.00029638287 0.99869738 0.051024125 0.22990961 -0.92902534 -0.019154737 0.36952008 5.1820493
0.34461026 -0.045256618 0.93765427 6.4483669 0.00078561581 0.99885079 0.047921583 0.24895369 -0.93874556 -0.015777633 0.34424978 5.3660397
0.32519205 -0.044866869 0.94458299 7.0136508 0.00224229 0.9989076 0.046675286 0.27716437 -0.94564538 -0.013060403 0.32493741 5.5310472
0.30946089 -0.045397254 0.94982787 7.5867057 0.0030897309 0.99890249 0.04673613 0.30135958 -0.95090719 -0.011528291 0.30926151 5.7110404
0.29819251 -0.04685347 0.95335508 8.2004916 0.0039805316 0.99884688 0.047844164 0.32111564 -0.95449749 -0.010471911 0.29803516 5.9167766
0.28812646 -0.048886801 0.95634363 8.825729 0.0028163088 0.99873495 0.050205283 0.35036402 -0.95758827 -0.011772111 0.28789965 6.0960605
0.27671224 -0.050493043 0.9596253 9.511853 0.0012119119 0.99863611 0.052196232 0.38358617 -0.9609521 -0.013280355 0.27639603 6.2864808
0.26568918 -0.052143308 0.96264753 10.200671 0.0003692291 0.99854164 0.053985662 0.41347663 -0.96405871 -0.013987968 0.26532096 6.4834261
0.25604004 -0.053933493 0.9651604 10.901494 -0.00050987037 0.99843467 0.055928129 0.43585892 -0.96666608 -0.014811947 0.25561176 6.6830222
0.24519082 -0.055808719 0.96786712 11.632949 -0.00080318143 0.99832967 0.057768707 0.47224106 -0.96947455 -0.014941729 0.24473644 6.8544522
0.23557051 -0.05711575 0.97017743 12.376229 -0.0015179545 0.99824873 0.059136925 0.50200377 -0.97185612 -0.0154036 0.23507126 7.032642
0.22497876 -0.060144676 0.97250558 13.138343 -0.0023845287 0.99805609 0.062276484 0.53358021 -0.97436079 -0.016329853 0.224398 7.1933113
0.21461108 -0.063478543 0.97463454 13.945033 -0.0046257394 0.99780847 0.066006447 0.57483654 -0.97668867 -0.01867412 0.21384712 7.3845205
0.20160093 -0.067180895 0.97716105 14.725434 -0.0044792377 0.99757132 0.069508247 0.62398196 -0.97945754 -0.018389864 0.20081039 7.5620501
0.18838562 -0.069640442 0.97962288 15.512051 -0.005859292 0.99738526 0.072029918 0.65399044 -0.9820777 -0.019309297 0.18748499 7.7009274
0.17510371 -0.070595942 0.98201569 16.332639 -0.006027412 0.99733042 0.072771649 0.69615746 -0.98453159 -0.018661599 0.17421074 7.8827843
0.16130842 -0.069718307 0.98443835 17.103223 -0.0078911735 0.99737863 0.071927776 0.73446354 -0.98687254 -0.01937093 0.16033541 7.9814219
0.14474279 -0.068594946 0.98708874 17.887621 -0.0092801126 0.99745614 0.070676197 0.77117352 -0.98942584 -0.019390164 0.14373802 8.0970203
0.12326496 -0.067198343 0.99009598 18.737339 -0.011412748 0.99754275 0.069124623 0.81230591 -0.99230821 -0.019820359 0.12219514 8.2103863
0.097584829 -0.065721624 0.99305477 19.543506 -0.016293653 0.99757795 0.067622106 0.85336865 -0.99509387 -0.022779381 0.096277627 8.2398571
0.067877396 -0.065341422 0.99555164 20.381789 -0.020694616 0.99754617 0.066883302 0.89446205 -0.99747906 -0.025142423 0.06635862 8.2951131
0.03425787 -0.06493589 0.99730118 21.237248 -0.022949518 0.99757272 0.065741898 0.93121171 -0.99914954 -0.025139758 0.032684467 8.3422804
0.00018056721 -0.064389407 0.99792479 22.074008 -0.024715202 0.99761973 0.064374195 0.96334237 -0.99969456 -0.024675536 -0.0014112613 8.3418142
-0.034355706 -0.063246477 0.99740638 22.932349 -0.025453689 0.99772721 0.062390068 0.99808087 -0.99908552 -0.023244216 -0.03588748 8.2650735
-0.065878531 -0.06128577 0.99594377 23.70894 -0.028087897 0.99783044 0.059543941 1.0340853 -0.99743229 -0.024051298 -0.067456994 8.3127948
-0.10018711 -0.058099936 0.99327079 24.542995 -0.030208394 0.99801103 0.055330214 1.0707422 -0.99450997 -0.02446174 -0.10174295 8.1910612
-0.12923394 -0.05373539 0.99015706 25.38128 -0.027716929 0.99833626 0.050561696 1.0910265 -0.99122674 -0.020909825 -0.13050831 8.0583497
-0.16420682 -0.048318765 0.98524177 26.290542 -0.022567448 0.99872218 0.045218641 1.1157811 -0.98616779 -0.014809182 -0.16508742 7.8454359
-0.19171899 -0.042230087 0.98054085 27.100199 -0.01669074 0.99906966 0.039764653 1.1274001 -0.98130797 -0.0087423128 -0.19224548 7.7310939
-0.22193032 -0.036412628 0.97438235 27.937076 -0.011517745 0.99933065 0.034721604 1.144802 -0.97499454 -0.0035169098 -0.22220117 7.5168822
-0.25007548 -0.029542247 0.96777551 28.707405 -0.002651648 0.99955156 0.029827048 1.1609531 -0.96822275 0.0048928145 -0.25004167 7.2980451
-0.27774599 -0.019418512 0.96045823 29.495804 0.003743222 0.99976621 0.021295708 1.160151 -0.9606473 0.009510007 -0.27760837 7.0455951
-0.30087027 -0.0042851277 0.95365541 30.278293 0.0078327438 0.99994507 0.00696429 1.1416693 -0.95363295 0.0095650874 -0.30082018 6.7742339
-0.32527782 0.012553821 0.94553512 31.048226 0.0083965479 0.9999108 -0.010387228 1.1234964 -0.94558126 0.0045604971 -0.32535421 6.4928369
-0.3496836 0.026880658 0.93648211 31.800725 0.0073338427 0.99963621 -0.025954957 1.085559 -0.93683919 -0.0022080094 -0.34975353 6.1975302
-0.37298457 0.03795666 0.9270608 32.578776 0.011765494 0.99927604 -0.036179754 1.052525 -0.92776299 -0.0025871605 -0.37316112 5.8885377
-0.39769697 0.043060325 0.91650579 33.359595 0.015548268 0.99907097 -0.040192676 1.0126461 -0.91738511 -0.0017344272 -0.39799701 5.5900202
-0.42008235 0.041996734 0.90651366 34.06801 0.017793928 0.99911774 -0.038041087 0.96298561 -0.90731156 0.00015005 -0.42045902 5.2064254
-0.44044649 0.038879995 0.89693655 34.83149 0.022076235 0.99922876 -0.032473431 0.9251451 -0.89750744 0.0054981745 -0.44096512 4.8364568
-0.45794832 0.037668581 0.88818036 35.558138 0.029173598 0.99920053 -0.027335063 0.88832186 -0.88850003 0.013393371 -0.45868114 4.4270333
-0.47189688 0.038194182 0.88082602 36.239551 0.03291133 0.999128 -0.025691932 0.84437209 -0.8810393 0.016865214 -0.47274241 4.0530797
-0.48378824 0.041512741 0.87419996 36.954646 0.035475654 0.99898364 -0.027805817 0.79136846 -0.87446583 0.017560689 -0.48476923 3.6653718
-0.49307407 0.044348969 0.86885618 37.648007 0.037261362 0.99885996 -0.029838998 0.75135949 -0.86918906 0.01766193 -0.49416445 3.2471207
-0.5038327 0.043571187 0.86270163 38.342869 0.030647748 0.99899991 -0.032556185 0.69538082 -0.86325743 0.010036993 -0.50466418 2.8669858
-0.51560936 0.042299862 0.85577897 39.046642 0.029683836 0.99906295 -0.031497573 0.67391839 -0.85630947 0.0091623605 -0.51638183 2.4469912
-0.52314135 0.043857154 0.85111669 39.723574 0.031574359 0.99898679 -0.032069473 0.63421447 -0.85166088 0.010096598 -0.52399606 2.0145133
-0.53139852 0.047111755 0.84581088 40.384611 0.035444896 0.99881451 -0.033365069 0.58572637 -0.84638014 0.012249531 -0.53243842 1.586507
-0.53438156 0.050191119 0.84375182 41.105453 0.036071815 0.99868017 -0.036561416 0.54452798 -0.84447335 0.010897914 -0.53548675 1.1397711
-0.53389868 0.051516664 0.84397759 41.808757 0.035211448 0.99863099 -0.038682059 0.50140537 -0.84481502 0.0090653738 -0.53498174 0.68649874
-0.53175248 0.052471922 0.8452727 42.510024 0.037958525 0.99855243 -0.038107731 0.46153706 -0.84604876 0.011821426 -0.53297449 0.26280618
-0.52516148 0.051244997 0.84945825 43.272679 0.035979831 0.99862978 -0.038000171 0.41173743 -0.85024169 0.010607139 -0.52628568 -0.22359646
-0.51779857 0.049986723 0.85404093 44.042458 0.033866104 0.9987067 -0.037921196 0.37159434 -0.85483203 0.009287499 -0.51882175 -0.67287331
-0.51099589 0.049466105 0.85815864 44.827426 0.032249562 0.9987432 -0.038366499 0.32283815 -0.85897802 0.0080701179 -0.51194893 -1.1278699
-0.50470231 0.04786264 0.86196559 45.607401 0.029074819 0.99883788 -0.038438761 0.27342632 -0.86280374 0.0056613632 -0.50550739 -1.5721191
-0.50071093 0.04574704 0.86440483 46.433296 0.025076138 0.99894998 -0.038342113 0.22283886 -0.8652513 0.0024776199 -0.50133234 -2.0337657
-0.49941674 0.042689164 0.86530948 47.286151 0.020129644 0.99908743 -0.03767106 0.17762364 -0.86612804 -0.0013951858 -0.49982031 -2.4963637
-0.49961092 0.040608198 0.86529755 48.146258 0.017583089 0.99917021 -0.036738574 0.12859678 -0.86607149 -0.0031403879 -0.49991036 -2.9664046
-0.50039701 0.039009861 0.86491676 48.993957 0.015696449 0.999229 -0.0359865 0.081583213 -0.86565381 -0.004431415 -0.50062352 -3.4556135
-0.50096171 0.03886679 0.86459625 49.870127 0.015962913 0.99923612 -0.035670166 0.026522387 -0.86532226 -0.004067912 -0.50119946 -3.9573122
-0.50075585 0.038078347 0.86475057 50.751285 0.015632152 0.99926682 -0.034949426 -0.022412777 -0.86544744 -0.0039832171 -0.50098395 -4.4804049
-0.50106126 0.037541521 0.86459712 51.610428 0.016053186 0.99928995 -0.034086667 -0.068186096 -0.86526295 -0.0031999692 -0.50130814 -4.9827995
-0.50081752 0.037088296 0.86475789 52.525149 0.015781597 0.99930674 -0.033719128 -0.12223962 -0.86540904 -0.0032398693 -0.50105564 -5.483073
-0.50177473 0.035655357 0.86426312 53.406676 0.014122861 0.9993546 -0.033029119 -0.17320423 -0.86488307 -0.0043673087 -0.50195445 -5.99694
-0.50143802 0.035001373 0.86448525 54.317611 0.013736881 0.99937749 -0.032494931 -0.22957918 -0.86508455 -0.0044188624 -0.50160669 -6.5121948
-0.5006609 0.034075323 0.86497253 55.222428 0.012561765 0.99940571 -0.03210031 -0.28005422 -0.86555238 -0.0052057876 -0.50079141 -7.0307413
-0.49929393 0.032909962 0.86580739 56.129962 0.011935273 0.9994448 -0.03110678 -0.34270488 -0.86635049 -0.0051977786 -0.49940952 -7.5180928
-0.49732574 0.030494359 0.86702776 57.003755 0.01228474 0.9995294 -0.028108084 -0.39021653 -0.86747695 -0.003327662 -0.49746632 -8.0256
-0.4950306 0.029359087 0.86837934 57.900416 0.012963621 0.99956728 -0.02640435 -0.43615501 -0.86877886 -0.0018136204 -0.495197 -8.5244487
-0.49299156 0.028610079 0.86956352 58.786717 0.012859811 0.99958962 -0.025597392 -0.49120436 -0.86993908 -0.0014368754 -0.49315717 -9.0282475
-0.49075414 0.029349474 0.87080361 59.682862 0.013715726 0.99956889 -0.025959666 -0.53873476 -0.87119017 -0.00079610901 -0.49094512 -9.5275522
-0.48959532 0.029805039 0.87144019 60.576571 0.013710727 0.99955521 -0.026483829 -0.58593464 -0.87184201 -0.0010182795 -0.48978621 -10.025045
-0.49009127 0.031120527 0.87111537 61.469674 0.013079901 0.99951251 -0.028348725 -0.63918301 -0.87157302 -0.0024993587 -0.49025941 -10.507006
-0.4930326 0.03316173 0.86937857 62.33406 0.012003205 0.99943747 -0.03131559 -0.68382011 -0.86992807 -0.0050042765 -0.4931533 -10.986749
-0.49746293 0.033528314 0.86683702 63.221507 0.010588851 0.99941306 -0.032579449 -0.74866707 -0.86742064 -0.0070282594 -0.49752597 -11.488823
-0.50331382 0.031649722 0.86352384 64.072265 0.0097774221 0.99947362 -0.030933655 -0.79460269 -0.86404841 -0.0071262985 -0.50335834 -11.992557
-0.50770174 0.030034145 0.86100919 64.93612 0.013528807 0.99954687 -0.026889301 -0.84892203 -0.86142671 -0.0020033167 -0.50787801 -12.52232
-0.51396686 0.027769048 0.85736042 65.805287 0.010893087 0.99960658 -0.025846116 -0.89556585 -0.85774091 -0.0039447448 -0.51406715 -13.004108
-0.51838285 0.02971601 0.85463215 66.658326 0.011578104 0.99954834 -0.027732044 -0.95452144 -0.8550703 -0.0044807954 -0.51849278 -13.529444
-0.52353683 0.032309072 0.85139018 67.491385 0.012128263 0.99946209 -0.030470282 -1.0007229 -0.85191675 -0.0056264299 -0.52364707 -14.028495
-0.52951559 0.032636418 0.84767213 68.321932 0.010864023 0.9994386 -0.031693179 -1.0533992 -0.84823067 -0.0075729018 -0.52957288 -14.538866
-0.53285701 0.032950632 0.84556348 69.162144 0.0096717602 0.99941346 -0.032851039 -1.1073843 -0.84615006 -0.0093268188 -0.53286317 -15.028395
-0.53580517 0.031890196 0.84373916 69.981692 0.0093933827 0.99944978 -0.031810334 -1.1682429 -0.84428943 -0.009118576 -0.53580992 -15.571126
-0.53821512 0.025589252 0.84241891 70.822643 0.011448155 0.99966872 -0.023051719 -1.2170563 -0.84272978 -0.0027626408 -0.53832977 -16.111333
-0.54012788 0.018062138 0.84138907 71.647383 0.012650055 0.99983096 -0.01334274 -1.2492363 -0.84148791 0.003436833 -0.54026507 -16.636433
-0.54094889 0.014959648 0.84092238 72.464503 0.0128794 0.99987191 -0.0095022247 -1.2793609 -0.84095688 0.0056903585 -0.54107227 -17.177282
-0.54269112 0.020032518 0.83969339 73.264938 0.01271747 0.99979692 -0.015632838 -1.3188167 -0.8398361 0.0021949743 -0.54283568 -17.678265
-0.54381659 0.025350854 0.83882107 74.057772 0.013068166 0.99967824 -0.021740048 -1.3648914 -0.83910237 -0.00086074514 -0.54397291 -18.198243
-0.54488175 0.03019999 0.83796884 74.865126 0.019158918 0.99953871 -0.023564973 -1.40075 -0.83829402 0.0032144532 -0.545209 -18.709062
-0.54388847 0.031397466 0.83856989 75.661053 0.022807807 0.99948372 -0.022629422 -1.4390729 -0.83884754 0.0068180595 -0.54432378 -19.244757
-0.5430214 0.028714655 0.83922772 76.465764 0.022328202 0.99955554 -0.019752923 -1.4867964 -0.83942198 0.0080121868 -0.5434212 -19.767528
-0.54345608 0.023490378 0.83910883 77.275758 0.020469866 0.99968198 -0.014728047 -1.5136391 -0.83918802 0.0091724001 -0.5437641 -20.273881
-0.5429681 0.017692443 0.83956689 78.066467 0.019039041 0.9997804 -0.0087556634 -1.5413923 -0.8395375 0.011230503 -0.54318571 -20.771234
-0.54184551 0.011386292 0.84040094 78.872192 0.010177042 0.99992381 -0.0069859975 -1.5784055 -0.84041652 0.0047674656 -0.5419201 -21.288351
-0.54077974 0.0059266468 0.84114332 79.674834 0.0015851204 0.99998058 -0.0060267131 -1.5976127 -0.84116278 -0.0019258102 -0.54077863 -21.770733
-0.53817586 0.0061060813 0.84281042 80.475157 0.0041087162 0.99998088 -0.0046211479 -1.6250763 -0.84282259 0.0009758794 -0.53819066 -22.29092
-0.53572153 0.0099484202 0.84433608 81.264224 0.01002264 0.99993507 -0.0054225199 -1.6579629 -0.84433527 0.005557517 -0.53578645 -22.79267
-0.53054078 0.012742337 0.8475636 82.042768 0.010705821 0.99990798 -0.0083312785 -1.681657 -0.84759184 0.0046537823 -0.53062838 -23.267767
-0.52304835 0.014676911 0.8521766 82.827891 0.015613145 0.99984894 -0.0076372238 -1.7065771 -0.85216003 0.0093105201 -0.52319849 -23.749902
-0.51419902 0.017518818 0.85749192 83.64604 0.023492822 0.99970392 -0.0063366714 -1.7437097 -0.85734912 0.016886596 -0.51445835 -24.246986
-0.5049964 0.016967611 0.86295462 84.446231 0.021566626 0.99974265 -0.0070364943 -1.7686653 -0.862852 0.015057616 -0.50523238 -24.702647
-0.49394595 0.014254562 0.86937572 85.265466 0.017711435 0.9998231 -0.0063304602 -1.792556 -0.86931224 0.012270988 -0.49411104 -25.164625
-0.4819112 0.011193498 0.87614852 86.076534 0.019183413 0.99981351 -0.0022218933 -1.8172588 -0.87601007 0.015736765 -0.48203607 -25.601974
-0.47135671 0.010246322 0.8818831 86.888267 0.019082494 0.99981691 -0.001417177 -1.8408043 -0.88173623 0.016160534 -0.47146593 -26.024979
-0.46041393 0.0092311817 0.88765631 87.720217 0.018736144 0.99982423 -0.00067951622 -1.8624168 -0.88750664 0.016318399 -0.46050596 -26.443557
-0.44822386 0.010823494 0.89385578 88.545848 0.021827171 0.99976109 -0.0011606441 -1.880064 -0.89365486 0.018990116 -0.44835302 -26.85421
-0.43520801 0.013873858 0.90022299 89.378975 0.021290636 0.99976024 -0.0051150386 -1.9156153 -0.9000782 0.016940216 -0.43539905 -27.249443
-0.4248293 0.022994436 0.90498135 90.211151 0.022517884 0.99963646 -0.014828834 -1.9405985 -0.90499341 0.014078543 -0.42519265 -27.635159
-0.41201754 0.028781887 0.91072118 91.021247 0.023872603 0.99949887 -0.020787406 -1.962844 -0.91086317 0.01317651 -0.41249817 -27.987594
-0.39987176 0.024639315 0.91623982 91.889137 0.020360579 0.99963073 -0.017995938 -1.9984522 -0.91634496 0.011459107 -0.40022577 -28.363653
-0.38834851 0.021544516 0.92126066 92.707535 0.023014797 0.99964158 -0.013675859 -2.0338608 -0.92122518 0.015891629 -0.38870516 -28.704217
-0.37860765 0.02151601 0.9253071 93.560715 0.019138322 0.99969801 -0.015414986 -2.0705272 -0.92535941 0.011872595 -0.37890509 -29.032864
-0.37127389 0.026045201 0.928158 94.420325 0.014114949 0.99964933 -0.022405188 -2.1118541 -0.92841615 0.0047824424 -0.37151132 -29.357626
-0.36616349 0.030266829 0.93005814 95.244663 0.0052786484 0.99952238 -0.030449197 -2.1471298 -0.9305356 -0.0062399334 -0.36614837 -29.663982
-0.3623293 0.033677021 0.9314415 96.132656 0.0050218281 0.99940305 -0.034180741 -2.1916819 -0.93203666 -0.0077071443 -0.36228213 -30.006217
-0.35882852 0.032700648 0.93283047 96.957853 0.0026206024 0.99941748 -0.034026816 -2.2380776 -0.93339986 -0.0097652137 -0.3587052 -30.312787
-0.35377909 0.03249409 0.93476436 97.817327 0.0015485626 0.99941533 -0.03415539 -2.2888274 -0.93532777 -0.010635921 -0.35362257 -30.628103
-0.34846617 0.028748968 0.93688033 98.66053 1.8734883e-05 0.99952974 -0.030664448 -2.3339546 -0.9373214 -0.01066797 -0.34830284 -30.927506
-0.34280951 0.024906445 0.93907467 99.525225 -5.4735175e-05 0.99964794 -0.026532969 -2.3827925 -0.93940498 -0.0091471538 -0.34268746 -31.240309
-0.3373717 0.021575551 0.9411242 100.37156 -0.0025547652 0.99971265 -0.023834532 -2.4228391 -0.94136809 -0.010445447 -0.33721964 -31.53449
-0.33163494 0.020680342 0.94318106 101.21141 -0.0064277172 0.99968697 -0.024179368 -2.4676251 -0.94338594 -0.014081224 -0.33139821 -31.813323
-0.32502524 0.019812218 0.94549775 102.07487 -0.019466357 0.99942855 -0.027634071 -2.5035925 -0.94550501 -0.027387167 -0.32445383 -32.078489
-0.3185775 0.023629533 0.94760221 102.91803 -0.015822381 0.9994174 -0.03024098 -2.5515665 -0.94776479 -0.024627418 -0.31801803 -32.358407
-0.31146246 0.027623153 0.94985684 103.77246 -0.014127008 0.99933234 -0.033694279 -2.5955199 -0.95015348 -0.023913138 -0.31086428 -32.627186
-0.30506498 0.025919891 0.9519787 104.61968 -0.015233555 0.99936883 -0.032091845 -2.637146 -0.95220973 -0.024292118 -0.30447758 -32.894431
-0.29790702 0.020804446 0.95436812 105.4906 -0.016171816 0.99950902 -0.026836529 -2.6811519 -0.95445794 -0.023428656 -0.29742431 -33.15969
-0.29095465 0.017871834 0.95656987 106.33896 -0.016687549 0.99957862 -0.023751136 -2.7222419 -0.95659134 -0.02287331 -0.29053381 -33.40459
-0.28426854 0.020840033 0.95851813 107.19324 -0.019292314 0.99943696 -0.027451223 -2.7646992 -0.95855061 -0.026295551 -0.28370644 -33.642829
-0.27815687 0.02371689 0.96024278 108.06396 -0.019922154 0.99933763 -0.030453406 -2.8134047 -0.96032908 -0.027600929 -0.27750014 -33.886709
-0.27120528 0.024826232 0.96220127 108.91124 -0.020488986 0.99929189 -0.031558232 -2.8456874 -0.96230347 -0.028273287 -0.27050457 -34.121788
-0.26415815 0.023311218 0.96419758 109.79191 -0.022189323 0.99929637 -0.030238932 -2.8977099 -0.96422413 -0.029382752 -0.26345503 -34.353691
-0.2565175 0.023570664 0.9662521 110.63654 -0.018536543 0.99939876 -0.029300261 -2.9393973 -0.96636186 -0.025427003 -0.25592636 -34.570966
-0.24892372 0.024692902 0.96820822 111.50251 -0.013896305 0.99948098 -0.029063174 -2.984241 -0.96842344 -0.02068903 -0.24845138 -34.784588
-0.24167041 0.025434891 0.97002495 112.38368 -0.012349969 0.99949482 -0.029284466 -3.0282362 -0.97027984 -0.019056966 -0.24123421 -35.007838
-0.23504757 0.024217022 0.9716821 113.23665 -0.018970243 0.99938486 -0.029496306 -3.0672071 -0.97179877 -0.02536608 -0.23444358 -35.197913
-0.22919001 0.022274445 0.97312677 114.10923 -0.023792698 0.99931123 -0.02847743 -3.1133245 -0.97309091 -0.029680053 -0.22850219 -35.387814
-0.22442208 0.022627641 0.97422925 114.99995 -0.020245578 0.99940634 -0.02787615 -3.1524603 -0.97428175 -0.025979858 -0.22383074 -35.593609
-0.2201684 0.02249213 0.97520249 115.85267 -0.019271012 0.99943873 -0.027401869 -3.1985885 -0.97527154 -0.024826164 -0.21961138 -35.773208
-0.21553206 0.024379034 0.97619235 116.73579 -0.017890941 0.99942192 -0.028909272 -3.2364494 -0.9763329 -0.023695875 -0.2149713 -35.964886
-0.20959163 0.023013966 0.97751809 117.59063 -0.013257476 0.99956419 -0.026375564 -3.2784819 -0.97769917 -0.01848752 -0.20919518 -36.147751
-0.20432005 0.02220508 0.97865222 118.45731 -0.0048739483 0.99970723 -0.023700373 -3.3152776 -0.97889205 -0.0096123611 -0.20415201 -36.33252
-0.19972648 0.021124789 0.9796239 119.35215 -0.0021360413 0.99975581 -0.021994413 -3.3594718 -0.9798494 -0.0064853832 -0.19963259 -36.514297
-0.19520091 0.022559734 0.98050374 120.21243 -0.0042376529 0.99970668 -0.023845201 -3.3961337 -0.98075416 -0.0088096388 -0.19504806 -36.677577
-0.1914447 0.024825841 0.98118934 121.07418 -0.0054943015 0.99963729 -0.026364626 -3.4338143 -0.98148807 -0.010438317 -0.19123886 -36.834014
-0.18960085 0.024044554 0.98156675 121.97068 -0.0076842744 0.99963315 -0.025971414 -3.4728943 -0.98183122 -0.01246683 -0.18934654 -37.005231
-0.18877382 0.022774513 0.98175643 122.81764 -0.0095670537 0.99964095 -0.025028961 -3.5161187 -0.98197403 -0.014117329 -0.18848816 -37.154934
-0.18781111 0.018454833 0.98203173 123.70393 -0.008439457 0.99975624 -0.020401944 -3.5516644 -0.98216895 -0.012119526 -0.18760958 -37.321189
-0.18718119 0.012780065 0.98224223 124.55761 -0.009852227 0.99984065 -0.01488653 -3.5934953 -0.98227604 -0.012463751 -0.18702545 -37.470217
-0.18586065 0.010721299 0.98251758 125.42385 -0.0062947475 0.99990696 -0.012101815 -3.6214834 -0.98255599 -0.0084339506 -0.18577587 -37.636641
-0.18526385 0.015277214 0.98257001 126.29614 -0.0095734201 0.99980364 -0.017350236 -3.6574356 -0.98264222 -0.012620926 -0.18508121 -37.793026
-0.18470101 0.019419431 0.98260284 127.13796 -0.010049814 0.99971517 -0.021646701 -3.6922438 -0.98274342 -0.013873142 -0.18445324 -37.939187
-0.18467124 0.018707535 0.98262225 127.9902 -0.010505456 0.99972412 -0.021007491 -3.71756 -0.98274424 -0.014202374 -0.18442376 -38.09607
-0.18430151 0.017792012 0.98270866 128.85639 -0.012047889 0.99972013 -0.020359519 -3.7583691 -0.98279595 -0.015591854 -0.18403557 -38.251781
-0.18347747 0.017919325 0.98286054 129.69124 -0.0081112927 0.99977221 -0.019741846 -3.8003013 -0.98299049 -0.011594453 -0.18329033 -38.409386
-0.18307351 0.020627503 0.98288276 130.54599 -0.0098104424 0.99969174 -0.022807577 -3.8385719 -0.98305032 -0.013817977 -0.18281471 -38.557745
-0.1832255 0.021981149 0.98282509 131.36299 -0.020282312 0.99945267 -0.026134206 -3.8665096 -0.9828617 -0.024722418 -0.18267938 -38.690991
-0.18298143 0.023338618 0.98283927 132.19026 -0.023894482 0.99931728 -0.028178493 -3.9007685 -0.98282599 -0.028640576 -0.18229885 -38.833519
-0.18303483 0.026475163 0.98274983 133.04426 -0.025421551 0.9991756 -0.031652373 -3.9545484 -0.98277774 -0.030776512 -0.18221089 -38.979297
-0.18221714 0.027744122 0.98286677 133.85858 -0.019872641 0.99929374 -0.031892075 -3.9944735 -0.98305751 -0.025343441 -0.1815371 -39.126942
-0.1806306 0.028867334 0.98312725 134.68336 -0.020943656 0.99922966 -0.033188135 -4.0401617 -0.98332804 -0.026585071 -0.17988687 -39.271468
-0.17864816 0.027877082 0.98351798 135.51391 -0.017626135 0.99934746 -0.031527401 -4.079306 -0.98375517 -0.022967932 -0.17804022 -39.421816
-0.17515275 0.025196381 0.98421876 136.33788 -0.0080552636 0.99960234 -0.027023729 -4.1263808 -0.98450836 -0.012661421 -0.17488013 -39.574074
-0.17315835 0.020178921 0.98468722 137.14669 -0.0028557421 0.9997756 -0.020990307 -4.1623044 -0.9848899 -0.0064466589 -0.17306187 -39.725387
-0.16913463 0.020239553 0.98538508 137.96926 0.00235416 0.99979457 -0.020131444 -4.1933989 -0.98559019 -0.0010851692 -0.16914753 -39.860968
-0.16454365 0.024147695 0.98607413 138.76257 -0.0028042409 0.99968479 -0.024948937 -4.2459512 -0.98636586 -0.0068703779 -0.16442407 -39.983036
-0.15798104 0.02786149 0.98704896 139.58437 0.00013402915 0.99960245 -0.028194385 -4.2789479 -0.98744218 -0.0043218841 -0.15792197 -40.109753
-0.14984129 0.028191383 0.98830802 140.39798 -0.0048275478 0.99956064 -0.029244285 -4.3191357 -0.98869832 -0.009153105 -0.14963936 -40.221149
-0.1398866 0.024735612 0.98985848 141.16845 0.0037591203 0.99969398 -0.024450153 -4.3448379 -0.99016044 0.00030074934 -0.13993677 -40.33654
-0.12762308 0.023362348 0.99154751 142.00868 0.013560782 0.9996702 -0.021808308 -4.3815704 -0.99173007 0.010662918 -0.1278978 -40.445341
-0.11431085 0.025068854 0.99312864 142.78552 0.010515064 0.9996561 -0.024023319 -4.4265834 -0.99338942 0.007696686 -0.11453514 -40.530977
-0.10018314 0.026690045 0.99461093 143.58524 0.01081169 0.99961033 -0.025735183 -4.456867 -0.99491031 0.0081751942 -0.10043267 -40.602701
-0.086258448 0.026706905 0.99591472 144.36736 0.013706242 0.99957784 -0.025618007 -4.4927416 -0.99617855 0.01144048 -0.086588086 -40.659909
-0.072699853 0.028006449 0.99696052 145.14945 0.016480096 0.99950292 -0.026876115 -4.5319924 -0.99721774 0.014476116 -0.073125266 -40.713863
-0.058580043 0.033994581 0.99770369 145.95019 0.0141898 0.99934741 -0.033217434 -4.5796559 -0.9981819 0.012211338 -0.059024193 -40.752642
-0.046298187 0.043012646 0.99800116 146.67105 0.0047412598 0.99907075 -0.042838791 -4.6258743 -0.99891645 0.0027484253 -0.0464591 -40.764862
-0.032207439 0.05174036 0.99814104 147.43076 -0.0013088973 0.99865614 -0.051809294 -4.6669453 -0.99948039 -0.002975108 -0.032096435 -40.775495
-0.01898094 0.053093546 0.99840909 148.20575 -0.00017924801 0.99858884 -0.05310651 -4.7109576 -0.99981987 -0.0011869735 -0.01894464 -40.780095
-0.0073649393 0.048634374 0.99878945 148.98391 -0.005185512 0.9988013 -0.048673187 -4.771685 -0.99995948 -0.0055377091 -0.0071039183 -40.772341
0.003915438 0.046009523 0.99893329 149.75663 -0.0038506737 0.99893427 -0.045994473 -4.8216386 -0.99998496 -0.0036664769 0.0040884314 -40.758384
0.012472863 0.051834837 0.99857774 150.49076 -0.0098187386 0.99861366 -0.051714058 -4.8866841 -0.99987404 -0.0091597508 0.012964522 -40.724332
0.019165246 0.06082863 0.99796417 151.24393 -0.014872352 0.99805445 -0.060548517 -4.9317392 -0.99970575 -0.013681646 0.020032622 -40.700533
0.022682746 0.064267188 0.99767487 151.99024 -0.02027424 0.99775601 -0.063811466 -4.9836821 -0.99953716 -0.01877968 0.023934813 -40.675352
0.022623115 0.059852802 0.99795078 152.76369 -0.023194488 0.99796903 -0.059328086 -5.0415162 -0.99947501 -0.021804771 0.023965421 -40.647697
0.021454189 0.054261763 0.9982962 153.5215 -0.015885097 0.99841852 -0.053927026 -5.1107171 -0.99964367 -0.014701071 0.022282212 -40.634149
0.017917123 0.051943745 0.99848923 154.26881 -0.017229194 0.99851734 -0.051636041 -5.1574269 -0.99969106 -0.016277995 0.018785505 -40.613765
0.015447507 0.051913521 0.99853206 155.01679 -0.016801239 0.99852374 -0.051653169 -5.2090434 -0.99973955 -0.015978663 0.016296913 -40.597617
0.011680711 0.05239127 0.99855828 155.77486 -0.016255724 0.99850443 -0.05219829 -5.2644844 -0.99979968 -0.015622574 0.012514898 -40.587259
0.0072185724 0.050426784 0.99870163 156.52478 -0.014204252 0.9986321 -0.050320604 -5.3192399 -0.9998731 -0.013822567 0.0079249714 -40.580168
0.0017515593 0.050972432 0.99869848 157.25346 -0.01680988 0.99856044 -0.050935903 -5.3661699 -0.99985721 -0.016698784 0.0026058767 -40.568816
-0.0040995992 0.049144431 0.99878323 157.98335 -0.01670865 0.99864886 -0.0492064 -5.4165995 -0.99985204 -0.016890046 -0.0032729245 -40.565806
-0.010142092 0.046259369 0.99887793 158.7262 -0.013143494 0.99883689 -0.046390919 -5.4687098 -0.99986223 -0.013599246 -0.0095222877 -40.573773
-0.015329812 0.046177571 0.99881557 159.45603 -0.016020968 0.99879342 -0.046422435 -5.5160809 -0.99975417 -0.016713639 -0.014571507 -40.58264
-0.020678213 0.047543976 0.99865504 160.1907 -0.016546307 0.99871558 -0.047889465 -5.5623055 -0.9996493 -0.017514321 -0.019864978 -40.588728
-0.025094036 0.049895823 0.99843909 160.91221 -0.020098052 0.9985266 -0.050405325 -5.6166357 -0.99948309 -0.021331554 -0.024054255 -40.600287
-0.02721477 0.05179253 0.99828694 161.62272 -0.016880273 0.99849066 -0.052263279 -5.6668992 -0.99948712 -0.018273688 -0.026299423 -40.618459
-0.029233428 0.053644082 0.99813207 162.33902 -0.017863558 0.99837138 -0.054180131 -5.7241098 -0.99941302 -0.019414061 -0.028227545 -40.636138
-0.028327898 0.051590153 0.99826645 163.06515 -0.012405662 0.99857221 -0.051957989 -5.7736305 -0.99952174 -0.013856016 -0.027647443 -40.66331
-0.024433751 0.047889282 0.99855372 163.76993 -0.0065546023 0.99882282 -0.048062572 -5.8135238 -0.99968001 -0.0077194707 -0.024091095 -40.680779
-0.016949018 0.04730061 0.99873685 164.48515 -0.0041095283 0.99886865 -0.047376591 -5.8667135 -0.99984795 -0.0049073233 -0.016735461 -40.687647
-0.0057912607 0.048566145 0.99880314 165.17284 -0.0039191352 0.99881116 -0.048589257 -5.9168143 -0.99997559 -0.0041958368 -0.00559404 -40.682022
0.0080372735 0.04881695 0.99877536 165.85545 -0.0015829957 0.99880703 -0.048805758 -5.9654536 -0.99996649 -0.0011887911 0.0081049607 -40.673989
0.02299706 0.046830556 0.99863805 166.54576 -0.004409789 0.9988973 -0.046741161 -6.0107851 -0.99972585 -0.0033288731 0.023178212 -40.643903
0.039190483 0.041580445 0.99836621 167.24452 -0.0065946173 0.99912283 -0.041353086 -6.056742 -0.99921004 -0.0049631949 0.039430312 -40.599709
0.055803597 0.035114509 0.99782406 167.91154 -0.007077806 0.99937017 -0.034773089 -6.0896667 -0.99841672 -0.0051219408 0.056016983 -40.546322
0.07281427 0.028087906 0.99694988 168.59459 -0.0082899887 0.99958587 -0.027556695 -6.1282759 -0.99731111 -0.0062581819 0.073016962 -40.490574
0.090791869 0.020190037 0.99566516 169.28415 -0.0081927137 0.99977578 -0.01952632 -6.1586632 -0.99583623 -0.0063843677 0.090936921 -40.413424
0.10869718 0.014185605 0.99397365 169.94727 -0.011669294 0.99984749 -0.012993323 -6.1961813 -0.99400646 -0.010186632 0.10884614 -40.321434
0.1265135 0.011585609 0.99189719 170.61454 -0.011207821 0.99988466 -0.01024938 -6.2220688 -0.99190161 -0.0098203201 0.12662875 -40.225215
0.14416499 0.01065381 0.98949627 171.24271 -0.0099839203 0.99990681 -0.009311288 -6.2370739 -0.98950334 -0.0085366895 0.14425792 -40.11884
0.16193197 0.010018268 0.98675103 171.89004 -0.010903273 0.99990559 -0.0083625276 -6.2586023 -0.98674173 -0.0094046541 0.16202591 -39.995506
0.1777395 0.0097202227 0.98402953 172.53046 -0.016771673 0.9998359 -0.0068469881 -6.271862 -0.98393469 -0.015286841 0.17787335 -39.862105
0.19244004 0.0061575339 0.98128937 173.15087 -0.019067679 0.99981498 -0.0025344301 -6.2902136 -0.98112351 -0.018223185 0.19252184 -39.720664
0.20448069 0.0019898985 0.97886853 173.77464 -0.015092291 0.99988548 0.0011200808 -6.3061204 -0.97875428 -0.015002403 0.20448731 -39.582416
0.21542851 0.00035977147 0.97651951 174.39613 -0.012335151 0.99992115 0.0023528463 -6.3230297 -0.97644175 -0.012552385 0.21541596 -39.442813
0.22502783 0.0039429632 0.97434432 175.00029 -0.016630983 0.99986167 -0.00020524924 -6.3411995 -0.97421043 -0.016158116 0.22506228 -39.28539
0.23400399 0.010814404 0.97217545 175.60819 -0.02027496 0.99977496 -0.0062412075 -6.3612091 -0.97202425 -0.018250351 0.23417059 -39.127074
0.24317637 0.02110188 0.96975249 176.17749 -0.021457365 0.99963571 -0.016371464 -6.3794419 -0.96974477 -0.016827179 0.24354058 -38.970618
0.25140985 0.027900041 0.96747847 176.76134 -0.017151832 0.99955591 -0.024367995 -6.390756 -0.96772878 -0.010467674 0.25177673 -38.819081
0.257884 0.026551772 0.96581094 177.36479 -0.016882904 0.99959353 -0.022972558 -6.4074483 -0.96602841 -0.010381438 0.25822744 -38.652684
0.26351936 0.01909978 0.96446497 177.96723 -0.018855369 0.99971494 -0.014646027 -6.4249174 -0.96446986 -0.01432583 0.26380437 -38.474304
0.2683668 0.0082650447 0.96328131 178.58428 -0.022773703 0.99973815 -0.0022331739 -6.4477268 -0.96304761 -0.021338172 0.26848475 -38.285028
0.27035833 -0.0013326602 0.96275881 179.18875 -0.020519298 0.99976392 0.0071460356 -6.471753 -0.96254112 -0.021687125 0.27026715 -38.111251
0.27111337 -0.002601441 0.96254387 179.78908 -0.016205758 0.99984227 0.0072668153 -6.4836314 -0.96241103 -0.017568884 0.27102845 -37.948696
0.27203736 0.0012878633 0.96228579 180.39541 -0.017564327 0.99983916 0.0036272978 -6.4893498 -0.96212642 -0.017888663 0.27201622 -37.776869
0.27399453 0.00077829885 0.96173089 180.99273 -0.013548841 0.99990356 0.0030508377 -6.4982834 -0.96163585 -0.013866252 0.27397865 -37.599673
0.27570026 -0.0012567434 0.96124279 181.60495 -0.014371545 0.99988198 0.0054292567 -6.4946069 -0.96113626 -0.015311391 0.27564966 -37.418028
0.27830195 -0.0053490677 0.9604787 182.21474 -0.015028417 0.99983783 0.0099228001 -6.5085695 -0.9603761 -0.017196009 0.27817643 -37.236093
0.28162107 -0.011058205 0.95946194 182.84098 -0.012784012 0.99980159 0.015275498 -6.5205536 -0.95944058 -0.016567675 0.28142382 -37.054149
0.28589897 -0.01408737 0.95815617 183.46593 -0.012041654 0.99976017 0.018292099 -6.5266023 -0.95818415 -0.016767477 0.28566076 -36.861355
0.29178485 -0.015369518 0.95636044 184.06852 -0.010562929 0.99975814 0.019289697 -6.5163676 -0.95642569 -0.015730408 0.29155193 -36.671659
0.29957136 -0.01838509 0.9538967 184.69906 -0.0095133933 0.99970705 0.022255706 -6.5183572 -0.95402651 -0.015741966 0.29930869 -36.470268
0.3094984 -0.021242477 0.95066262 185.29704 -0.0058087273 0.99968956 0.024229073 -6.5200903 -0.95088226 -0.013020999 0.30927892 -36.261874
0.32036131 -0.019040533 0.94710401 185.92684 -0.0077752359 0.99971145 0.022728151 -6.5221231 -0.94726356 -0.014645177 0.32012083 -36.042029
0.33163594 -0.01534745 0.94328256 186.53786 -0.0086698702 0.99977586 0.019314733 -6.5205793 -0.94336764 -0.014583597 0.33142855 -35.810621
0.34281511 -0.011689536 0.93933012 187.14563 -0.0098829706 0.99982236 0.016049193 -6.516985 -0.93935095 -0.014785277 0.34263868 -35.578879
0.354685 -0.010961995 0.93492155 187.76832 -0.0090809732 0.99984372 0.015168296 -6.5110413 -0.9349418 -0.013869964 0.35453002 -35.333437
0.36626599 -0.014110903 0.93040316 188.39028 -0.0082045718 0.99979717 0.018393206 -6.5150922 -0.93047406 -0.014370365 0.36607592 -35.07249
0.37715977 -0.016090962 0.92600838 189.0114 -0.007913364 0.99975657 0.020595545 -6.5131013 -0.92611444 -0.015095652 0.37694063 -34.809078
0.38867117 -0.016087554 0.92123604 189.63937 -0.011350235 0.99968809 0.022246248 -6.5180953 -0.92130666 -0.01910272 0.38836734 -34.530421
0.39812036 -0.017680622 0.91716275 190.24776 -0.012862534 0.99960836 0.024853314 -6.5061746 -0.91724305 -0.021691647 0.39773702 -34.245632
0.40534591 -0.016068651 0.91402211 190.8854 -0.018155506 0.9995068 0.025622996 -6.5054787 -0.91398312 -0.026980711 0.40485426 -33.940597
0.40993905 -0.018676344 0.91192165 191.53015 -0.017867485 0.99943407 0.028500643 -6.4955592 -0.91193794 -0.027977272 0.40937335 -33.65256
0.41171791 -0.024209123 0.91098969 192.17282 -0.011596405 0.99942697 0.031800248 -6.4870633 -0.9112376 -0.023656937 0.41120124 -33.365453
0.41296113 -0.022119721 0.91047996 192.80931 -0.010222095 0.99952947 0.028919517 -6.4788437 -0.91069132 -0.021249648 0.41254071 -33.057462
0.41128357 -0.022368422 0.91123291 193.48979 -0.0074639067 0.99958269 0.027906005 -6.4720941 -0.91147693 -0.018278638 0.41094498 -32.776302
0.41011846 -0.021088456 0.91178839 194.13814 -0.0051088514 0.99966383 0.025418837 -6.4710483 -0.91201799 -0.015082925 0.40987285 -32.474361
0.41017285 -0.022044499 0.9117413 194.81562 -0.0021897168 0.99968114 0.025155855 -6.4574043 -0.91200521 -0.012314704 0.40999379 -32.177207
0.4087587 -0.028780459 0.91218854 195.50236 0.0022726643 0.99953164 0.030517822 -6.4458334 -0.9126397 -0.010401326 0.40863266 -31.87529
0.4085842 -0.03139099 0.91218062 196.17923 0.0017850784 0.99943397 0.033594077 -6.4417879 -0.91271892 -0.012097695 0.40840897 -31.566373
0.40679384 -0.034125065 0.91288235 196.86412 0.0034577922 0.9993524 0.035816616 -6.4258836 -0.91351349 -0.011413421 0.40664839 -31.257385
0.40447597 -0.034047194 0.91391461 197.56013 0.0020437456 0.99933794 0.036325063 -6.4169907 -0.91454638 -0.012824806 0.40427777 -30.957063
0.40351338 -0.034425577 0.91432585 198.2362 0.00090831052 0.99930652 0.037224353 -6.3996525 -0.91497333 -0.014190032 0.40326482 -30.639042
0.40157779 -0.033584813 0.91520887 198.92237 0.00018464462 0.99933032 0.036590743 -6.392709 -0.91582494 -0.014525041 0.40131506 -30.336762
0.40070857 -0.030141017 0.91570961 199.60442 0.0006625635 0.999468 0.032608031 -6.3843708 -0.91620537 -0.012459601 0.40051536 -30.025521
0.40006068 -0.024140708 0.91617062 200.28905 -7.1549494e-05 0.9996522 0.026371656 -6.3823464 -0.91648869 -0.010615813 0.39991981 -29.739793
0.39859674 -0.020938874 0.9168872 200.96722 -0.002536367 0.99971035 0.02393293 -6.3706388 -0.91712282 -0.01186515 0.39842818 -29.42372
0.3975039 -0.023308634 0.91730436 201.66645 -0.0041350363 0.99962167 0.027192184 -6.362289 -0.91759121 -0.014602085 0.39725713 -29.11537
0.39632389 -0.026666195 0.91772339 202.34946 -0.0044760148 0.99951012 0.030975655 -6.3528149 -0.91809989 -0.016384135 0.39601038 -28.81395
0.39310107 -0.026650404 0.91910894 203.03211 -0.0075207987 0.99945326 0.032196691 -6.352344 -0.91946455 -0.019568987 0.39268571 -28.516178
0.38881288 -0.02676686 0.9209278 203.72031 -0.0099711328 0.99939708 0.033257358 -6.3442886 -0.92126282 -0.022113582 0.38831156 -28.214498
0.38186459 -0.027847057 0.92379863 204.40453 -0.0096585048 0.99937115 0.034117594 -6.3322039 -0.92416785 -0.021950814 0.38135549 -27.933356
0.37342524 -0.027815135 0.92724314 205.09671 -0.0103827 0.99936245 0.034159933 -6.3208519 -0.92760221 -0.022383468 0.37289837 -27.649894
