1.000000000000000000e+00 -3.306050084167601550e-19 -2.270457535318767223e-19 -8.673617379884035472e-19 7.546676715296109287e-19 1.000000000000000000e+00 6.237773588823049983e-19 1.387778780781445676e-17 -3.447385680526250622e-20 4.770700176052009879e-20 1.000000000000000222e+00 5.551115123125782702e-17
9.996701931786815543e-01 2.426769054193320466e-03 2.556715935418492000e-02 -6.310609342875164729e-02 -2.404080448261675020e-03 9.999966773463376812e-01 -9.183617493788368957e-04 -2.537922624884933476e-03 -2.556930320179766347e-02 8.566081818134400850e-04 9.996727100108695474e-01 1.484904993083052405e-01
9.993375237610971906e-01 4.903057624546916515e-03 3.606875523600652778e-02 3.184060464434766008e-02 -4.879755139215164080e-03 9.999877958096577979e-01 -7.342351432148703757e-04 -1.350072097420773609e-04 -3.607192153788087163e-02 5.577789686484020334e-04 9.993492519433748722e-01 2.555531925593483300e-01
9.979244211960931477e-01 6.082539078072612265e-03 6.411382556314591807e-02 5.258481807598169161e-02 -6.148503720036545619e-03 9.999807677632206460e-01 8.317534471896332682e-04 -2.799218298770861368e-04 -6.410753952694110691e-02 -1.224216659554661297e-03 9.979426322763431667e-01 4.178027898005733931e-01
9.953262225682146802e-01 5.204126438860584049e-03 9.643028287560441447e-02 1.073198923791328085e-01 -5.531581769893153394e-03 9.999797964183205767e-01 3.130313217340265596e-03 8.959327793534588302e-04 -9.641205986315742882e-02 -3.649233049984514782e-03 9.953349192954779046e-01 5.816044931597477152e-01
9.908576483248658917e-01 2.069725423958600555e-03 1.348601391488040979e-01 1.757726101474904601e-01 -2.808538071105272892e-03 9.999820599963270551e-01 5.286500318204826604e-03 -2.012474903569178020e-03 -1.348467897943055882e-01 -5.616942756306333301e-03 9.908456916879625487e-01 7.893344667130575143e-01
9.846147956808793955e-01 -6.084959220968922441e-04 1.747551560219735012e-01 2.556224263548042552e-01 -5.256002426231009541e-04 9.999791227820812312e-01 6.444928174324664021e-03 6.537997730352282377e-03 -1.747554358337173319e-01 -6.437720035455540488e-03 9.845938776529150616e-01 9.715024550430930717e-01
9.763915414196036036e-01 -1.927424849611628511e-03 2.160394622262754027e-01 3.410335724449815586e-01 2.108283883658422606e-04 9.999681927408452520e-01 7.968063630745321479e-03 -9.292857956981787071e-03 -2.160479775177519546e-01 -7.734408394153618506e-03 9.763609079293952275e-01 1.177842721253182123e+00
9.643057207668220832e-01 -1.230178857394476988e-03 2.647446139433747847e-01 4.433555900367816549e-01 -1.507535037428607474e-03 9.999475046608142792e-01 1.013420801418357838e-02 1.017790677100934016e-02 -2.647432239704220480e-01 -1.017168296659437705e-02 9.642532085361396055e-01 1.392911727933115351e+00
9.495524400198456227e-01 -5.307611424256701224e-03 3.135672143177002380e-01 5.636201309800281667e-01 2.998492211887877532e-04 9.998717012798493675e-01 1.601704513940172339e-02 4.242318818161450178e-03 -3.136120135766157224e-01 -1.511533661568637867e-02 9.494321409344970153e-01 1.648011581094504630e+00
9.328850139056712454e-01 -1.461217192824340420e-02 3.598781682459368247e-01 7.027551793429940297e-01 5.947680156759950834e-03 9.996654582214415941e-01 2.517086566513614468e-02 -1.174607007068242948e-03 -3.601256388401545827e-01 -2.134054635131582556e-02 9.326598225963982358e-01 1.854435800236415632e+00
9.118119754031802637e-01 -2.085626268307352524e-02 4.100593511995434537e-01 8.586585503522762286e-01 9.288408779763366457e-03 9.995013485180140878e-01 3.017589853734004360e-02 -2.483373300725871813e-03 -4.104842170456508565e-01 -2.370686719152310593e-02 9.115509105262852296e-01 2.077074771745893944e+00
8.868794078089665689e-01 -2.324796363465978302e-02 4.614345591279989667e-01 1.047572101997318317e+00 8.341560779098143238e-03 9.993760816429476668e-01 3.431471059078660540e-02 5.034086886076677425e-04 -4.619445754016480721e-01 -2.658356318310627769e-02 8.865199817585657227e-01 2.320302092101785174e+00
8.578862556523524363e-01 -2.499239112655733674e-02 5.132600093188347534e-01 1.220852015804005486e+00 6.058135194241805015e-03 9.992390010428310321e-01 3.853129431183065917e-02 2.253122307290712778e-02 -5.138324075183773321e-01 -2.994686731209806815e-02 8.573847668987195636e-01 2.547443920191589051e+00
8.266263702360081567e-01 -3.003063985467949518e-02 5.618809922910371624e-01 1.452868320744686637e+00 7.252157644987888147e-03 9.990606365969084690e-01 4.271444815309275583e-02 2.752529068544067037e-02 -5.626362069090320439e-01 -3.123150515542830880e-02 8.260677300674129642e-01 2.766456924622696878e+00
7.903545144156213231e-01 -3.618977849464154184e-02 6.116199652890460525e-01 1.690142840431785531e+00 9.570583426483978903e-03 9.988611455595545197e-01 4.673401164417832071e-02 3.226187936698533126e-02 -6.126153207808391343e-01 -3.107781686603604959e-02 7.898010255106643340e-01 2.990760695123557689e+00
7.524404762192060669e-01 -3.910191854097639502e-02 6.575666329764445761e-01 1.949190697114886905e+00 9.184215806249120331e-03 9.987622974886574134e-01 4.888862748358220600e-02 4.746929614513412804e-02 -6.586640130090093415e-01 -3.075323374348714126e-02 7.518679383816753159e-01 3.206596733969842905e+00
7.128354861601713388e-01 -4.316003889505650587e-02 7.000259308205291076e-01 2.236607043592484967e+00 1.145316186376040685e-02 9.986879741232910224e-01 4.990724140971965900e-02 5.992824183992815495e-02 -7.012616853439969100e-01 -2.755876002853161616e-02 7.123944293115697102e-01 3.432927383204654959e+00
6.717460087350368703e-01 -4.599713198604583192e-02 7.394472353231634765e-01 2.545345335026641731e+00 1.039052681789661217e-02 9.985573512947850672e-01 5.268359596763295266e-02 7.326413797575333231e-02 -7.408037398662837836e-01 -2.771039793441077564e-02 6.712546791585632944e-01 3.639592635750078742e+00
6.282398353066538377e-01 -4.563955504351931147e-02 7.766889112977367615e-01 2.880653272996534398e+00 6.021278678113015960e-03 9.985330647254420100e-01 5.380850962419252148e-02 1.027752767987218374e-01 -7.780057176435666300e-01 -2.912364520501286788e-02 6.275933786162807282e-01 3.866611736527959753e+00
5.866662392549022442e-01 -4.642731124458222836e-02 8.085309239717165530e-01 3.224262440390646134e+00 2.867160063878270836e-03 9.984680741117378799e-01 5.526392125824308027e-02 1.162795871745108955e-01 -8.098578740758289873e-01 -3.010609891617443967e-02 5.859006783745404068e-01 4.063863773837302240e+00
5.470643162558659345e-01 -4.823491500611686023e-02 8.356513847878781487e-01 3.608131785019699667e+00 1.111705486293167134e-03 9.983797906397783306e-01 5.689418436745426882e-02 1.366280444882630452e-01 -8.370409105513348935e-01 -3.020701640204637856e-02 5.462310554197243873e-01 4.274940075651190163e+00
5.080990433800667283e-01 -5.033412715549265282e-02 8.597838558507963080e-01 4.026693799042641686e+00 2.532174120691680383e-04 9.982997408784194393e-01 5.828932168367187416e-02 1.485879418537381924e-01 -8.612557194699966834e-01 -2.940237368299834439e-02 5.072477587674846244e-01 4.481821994154258526e+00
4.708959705093577752e-01 -4.969325034977218475e-02 8.807186883933842969e-01 4.448679451289599740e+00 -3.451691815127434521e-03 9.983006876708223620e-01 5.817065978127325399e-02 1.748167509237879835e-01 -8.821129621054227821e-01 -3.042975478305024947e-02 4.699244093437763281e-01 4.682163497369403515e+00
4.348925268097507124e-01 -4.990105523261748055e-02 8.991021244919414901e-01 4.916262874984963283e+00 -4.117276635927679881e-03 9.983427739162926695e-01 5.740396520382726880e-02 1.992832055142522152e-01 -9.004764438143173511e-01 -2.866954049608401098e-02 4.339663255747686077e-01 4.878370804330909749e+00
4.004371159710461980e-01 -4.903494359413806958e-02 9.148774022178746135e-01 5.417219013121310489e+00 -2.393777846554926998e-03 9.985077633061737457e-01 5.454771794961883746e-02 2.186903401713012063e-01 -9.161873490751168969e-01 -2.402860986895415454e-02 3.997221641702747297e-01 5.068695652196156587e+00
3.715133902595835202e-01 -4.772751530576965079e-02 9.272649050754236955e-01 5.936453606953706164e+00 -2.429406194827835128e-04 9.986727904740887451e-01 5.149039868176048806e-02 2.421364213594590642e-01 -9.284925978025042603e-01 -1.934928919456587251e-02 3.710086039075936593e-01 5.244103277102596827e+00
3.447857767404521323e-01 -4.529045535014784851e-02 9.375729254138291946e-01 6.486075591443624333e+00 3.731351619242265476e-04 9.988414475863510722e-01 4.811810704022523311e-02 2.663502225124813050e-01 -9.386669370110104493e-01 -1.622841070202142577e-02 3.444037338488562527e-01 5.434212721855261385e+00
3.253195420324017650e-01 -4.396200423970708648e-02 9.446398197406620234e-01 7.067158990263734175e+00 1.288772240835240517e-03 9.989380703511467896e-01 4.605819378718632034e-02 2.893084896481202817e-01 -9.456619217691233370e-01 -1.376300949613678756e-02 3.250311015484889099e-01 5.621016982620681723e+00
3.100550114911124755e-01 -4.487777763061084196e-02 9.495977122621701572e-01 7.660260745451747511e+00 2.121339606534658733e-03 9.989158543002023549e-01 4.650596152475521688e-02 3.172015019500227240e-01 -9.506547556022294510e-01 -1.241905843760639575e-02 3.098135022468628819e-01 5.800031342105496535e+00
2.980791274112438161e-01 -4.675451249983296476e-02 9.533239120515164533e-01 8.279072214168806454e+00 3.311693704177253068e-03 9.988444108394159970e-01 4.794976426671444802e-02 3.393994289560405275e-01 -9.544638886053409266e-01 -1.114153077809766114e-02 2.978893615772974512e-01 5.992119230141900843e+00
2.877322567779890816e-01 -4.852267936835400614e-02 9.563458574800798306e-01 8.927855933363856522e+00 2.160147200746477016e-03 9.987461799278766206e-01 5.002477350916790383e-02 3.669167105140391238e-01 -9.575733576396174840e-01 -1.234162658416650474e-02 2.874760262992004933e-01 6.185599146909748214e+00
2.767704488128448492e-01 -5.015782631397738139e-02 9.595524107721314921e-01 9.605341143620567124e+00 5.495886743989531831e-04 9.986446156985635536e-01 5.204291223170674774e-02 4.026112914187051084e-01 -9.608627303121261010e-01 -1.387020266159151582e-02 2.764232142590385410e-01 6.377970267963024575e+00
2.650869261514033348e-01 -5.162863027915492314e-02 9.628227108615245999e-01 1.030501829331757335e+01 3.554265686264684973e-04 9.985708129689576662e-01 5.342893545051949356e-02 4.329906948414017909e-01 -9.642057327524610200e-01 -1.381873830411693878e-02 2.647260523263249565e-01 6.578184639590650029e+00
2.574384431642938176e-01 -5.391603756877943326e-02 9.647621934930299403e-01 1.101643790851839988e+01 -1.099455418967332449e-03 9.984253601830616054e-01 5.609021364904562268e-02 4.624545169463212257e-01 -9.662669730047274141e-01 -1.551025542141921607e-02 2.569734576141772808e-01 6.762518587261224567e+00
2.462478518587430942e-01 -5.547089815194488488e-02 9.676932285066338624e-01 1.176671752215945155e+01 -1.617157724371469634e-03 9.983359172901150602e-01 5.763480482333865201e-02 5.002859948103500765e-01 -9.692807292466423252e-01 -1.575052304659067121e-02 2.457483723697347910e-01 6.963379221307707923e+00
2.355333624516470215e-01 -5.709999530647168892e-02 9.701674129711038708e-01 1.252989328753356268e+01 -1.937208919754476516e-03 9.982435260764117579e-01 5.919915217197785351e-02 5.331234089131515752e-01 -9.718435084689940329e-01 -1.582741205817881497e-02 2.350082782123587843e-01 7.147683802973094025e+00
2.253857743414838244e-01 -5.979785603136394262e-02 9.724117507670938521e-01 1.331029037787939551e+01 -3.747097051839977638e-03 9.980535587661395480e-01 6.226070050204664252e-02 5.697699098910742332e-01 -9.742420550823616132e-01 -1.767578735998464115e-02 2.247235057090194721e-01 7.325106915645100081e+00
2.151741947373688180e-01 -6.249098698668480861e-02 9.746629970723366121e-01 1.409246631356970347e+01 -5.438673537342530485e-03 9.978578160775820605e-01 6.519198055732336461e-02 6.145438872378651274e-01 -9.766499705107899443e-01 -1.931676422149708472e-02 2.143740021969817722e-01 7.501603257109993983e+00
2.000043116722524383e-01 -6.673377868490160125e-02 9.775658334584738096e-01 1.489811093743309911e+01 -6.831180309684251398e-03 9.975586325167622448e-01 6.950655873006092444e-02 6.512306480042800994e-01 -9.798170566320668629e-01 -2.058908562034770379e-02 1.990600265112494327e-01 7.665954690509138914e+00
1.883932135871839719e-01 -6.896279563515911315e-02 9.796699634976653304e-01 1.569982562970818130e+01 -8.015497467938888926e-03 9.973899809723035803e-01 7.175546591586279277e-02 6.943046808950972260e-01 -9.820619772196714781e-01 -2.136433522896633366e-02 1.873490491929921953e-01 7.819625926419782935e+00
1.736481206694883705e-01 -6.891039373292420778e-02 9.823075606102370516e-01 1.652061972496665376e+01 -7.229526632349485282e-03 9.974320536860907804e-01 7.126171397467268021e-02 7.294015048519059130e-01 -9.846959243328368139e-01 -1.947138598713201232e-02 1.727047390650981451e-01 7.968960137082897965e+00
1.600877672262752682e-01 -6.841227392404589103e-02 9.847064102772529193e-01 1.732903498975167622e+01 -8.775459347609832622e-03 9.974579248235225792e-01 7.073134501826720821e-02 7.745790646416963465e-01 -9.870400842825328702e-01 -1.999039894783280827e-02 1.590797540313636793e-01 8.100312897068421947e+00
1.439812614362760146e-01 -6.708758803005983318e-02 9.873613783503495389e-01 1.815538142155813617e+01 -9.737681385341558776e-03 9.975542583896248594e-01 6.921754267387265902e-02 8.130378734767358395e-01 -9.895911047345066214e-01 -1.956987665714902264e-02 1.429765231733668429e-01 8.216614919420111463e+00
1.220858498910043222e-01 -6.563021054774129115e-02 9.903704527900570875e-01 1.898981043397289881e+01 -1.233269032005264963e-02 9.976328265190381739e-01 6.766060156916686719e-02 8.546612581554450250e-01 -9.924679055773354408e-01 -2.045710393764736679e-02 1.209886763474115751e-01 8.318804242285587236e+00
9.860576845324116324e-02 -6.489260184718788349e-02 9.930499120622086062e-01 1.982936142591081108e+01 -1.690430106233488383e-02 9.976179945697186691e-01 6.687685716127383939e-02 8.963992168886644185e-01 -9.950251661342327525e-01 -2.337034196656378321e-02 9.727430453485209905e-02 8.395742098091375283e+00
6.779131005331250071e-02 -6.369213845154028664e-02 9.956630058652035098e-01 2.067573967517257572e+01 -2.081858936466021714e-02 9.976521151926392994e-01 6.525782543323715990e-02 9.351329666408225716e-01 -9.974820038572850267e-01 -2.514761405653489698e-02 6.630672626905526057e-02 8.450194196312681427e+00
3.446863928639699176e-02 -6.400072294456102262e-02 9.973648908178073258e-01 2.153528699219364384e+01 -2.371338065314617868e-02 9.976143683266963658e-01 6.482089411983713023e-02 9.744339221975266696e-01 -9.991343312639939800e-01 -2.588459322267378654e-02 3.286840104135815843e-02 8.479268866427702278e+00
1.980126600012441663e-03 -6.370017902785772568e-02 9.979681384590425308e-01 2.238357616781341619e+01 -2.409970278937630453e-02 9.976759092647615734e-01 6.371415574074903998e-02 1.010576370270011459e+00 -9.997089745741198907e-01 -2.415057510319764886e-02 4.406450227352010714e-04 8.469764666164715905e+00
-3.429646717136747985e-02 -6.311817121058871383e-02 9.974170591393620722e-01 2.325030088150024810e+01 -2.599863197167874909e-02 9.977222245714130189e-01 6.223488930922691648e-02 1.043895643605142753e+00 -9.990741282028495762e-01 -2.378489887308690015e-02 -3.585929613495834889e-02 8.436306554108048417e+00
-6.619880057215379865e-02 -6.102282515532835711e-02 9.959740262480526463e-01 2.410524206989468965e+01 -2.772041587454930275e-02 9.978558481515048539e-01 5.929862222759280099e-02 1.067737994176099825e+00 -9.974555239367742798e-01 -2.371107884206524394e-02 -6.774887592560337179e-02 8.375537702061730982e+00
-9.916639410974747992e-02 -5.751219818266204570e-02 9.934373362197429502e-01 2.496621254156654501e+01 -3.033225852836798214e-02 9.980386173168194208e-01 5.477925921879175930e-02 1.108638896489402281e+00 -9.946399048701186629e-01 -2.469177300377401602e-02 -1.007159096089159517e-01 8.286386219510047724e+00
-1.332275192123020535e-01 -5.293823747738720525e-02 9.897412439457872191e-01 2.582718124722524777e+01 -2.754492869326361990e-02 9.983844559806025476e-01 4.971666321416779583e-02 1.134732452777057921e+00 -9.907731087244886492e-01 -2.066421910331221051e-02 -1.344705404079031552e-01 8.161604381084524462e+00
-1.640775610744023005e-01 -4.732792391066803495e-02 9.853722578153895073e-01 2.666765972901166037e+01 -2.303360773371080153e-02 9.987600107831998697e-01 4.414735648421709568e-02 1.156658578329913478e+00 -9.862389834786049470e-01 -1.547485301109178223e-02 -1.649644076927681557e-01 8.003755800164041645e+00
-1.944244559793416316e-01 -4.137001753919788971e-02 9.800418027817451305e-01 2.752320543787475771e+01 -1.665490034476825934e-02 9.991052258346294623e-01 3.888508769201988458e-02 1.172450091853360687e+00 -9.807738677427215723e-01 -8.763635014289190145e-03 -1.949393354003698398e-01 7.829949006830307034e+00
-2.215751922221249337e-01 -3.570831187619100122e-02 9.744941859561654374e-01 2.834649013295785380e+01 -1.059187450719481331e-02 9.993583423011122013e-01 3.421793997356072786e-02 1.185402548412430201e+00 -9.750911930116022974e-01 -2.731400399529629579e-03 -2.218110507747879656e-01 7.618353303555031708e+00
-2.487712856364871772e-01 -2.978599746121994574e-02 9.679783095887505295e-01 2.918134726533522283e+01 -2.314509875829587858e-03 9.995424255925341450e-01 3.015065290057967681e-02 1.198592926408304837e+00 -9.684338577321512931e-01 5.273052511778810597e-03 -2.487263132100599738e-01 7.387260933196716728e+00
-2.784013698029476624e-01 -2.005272304923733789e-02 9.603807671102282395e-01 3.000797869783590599e+01 4.050924531901627795e-03 9.997487847190094090e-01 2.205062762100713086e-02 1.195635759958188382e+00 -9.605817701021746036e-01 1.002060366612544939e-02 -2.782503599577182407e-01 7.130904589450835829e+00
-3.021369447928200502e-01 -5.034402888331493756e-03 9.533064237245436612e-01 3.081224778658220131e+01 8.478310362976788570e-03 9.999323236752702959e-01 7.968979646628421981e-03 1.186330096243268351e+00 -9.532821261151099845e-01 1.049094557564276761e-02 -3.020738241262856394e-01 6.858486446585627228e+00
-3.255090830100658139e-01 1.274468315327555515e-02 9.454041035539243465e-01 3.161100538656780401e+01 9.355816794043304505e-03 9.999036425995213584e-01 -1.025686351338417172e-02 1.169124630502705431e+00 -9.454439169787819397e-01 5.499932483268822440e-03 -3.255968806420067585e-01 6.594507629108312230e+00
-3.520117851459845237e-01 2.803249615406007769e-02 9.353893329423731418e-01 3.240047742699875499e+01 8.861029431779212512e-03 9.996063232008000066e-01 -2.662351200732830658e-02 1.149044548283319811e+00 -9.357676765510508643e-01 -1.089639020740586217e-03 -3.521214392999327814e-01 6.291292955776826012e+00
-3.762901642909155520e-01 3.869197932944042767e-02 9.255526273017535832e-01 3.318318612450690352e+01 1.278645262762134228e-02 9.992492338001877084e-01 -3.657131621786911119e-02 1.108717043925255386e+00 -9.262729555859193775e-01 -1.932681275182461566e-03 -3.765022378156228644e-01 5.970136436813083591e+00
-4.006103541099401144e-01 4.236906151252462643e-02 9.150819233089707572e-01 3.396167292696215867e+01 1.626453654752469877e-02 9.991013986552002013e-01 -3.913587394021113275e-02 1.057330338963457406e+00 -9.159183857900310421e-01 -8.116741473516064700e-04 -4.009391384364038857e-01 5.632779434503129679e+00
-4.212600147448190557e-01 4.145335444616099485e-02 9.058676904750244674e-01 3.473316305446888208e+01 1.889878120934899292e-02 9.991390219213820423e-01 -3.692858452869100111e-02 1.014496504822825607e+00 -9.066189704481170120e-01 1.551137371492243826e-03 -4.216806844035833057e-01 5.269308151331367540e+00
-4.426365690154864807e-01 3.803765170458658917e-02 8.962491353520221082e-01 3.549346630176724915e+01 2.264163560008512419e-02 9.992555790036767860e-01 -3.123685689393412498e-02 9.709045426510927168e-01 -8.967700585834113003e-01 6.473725362635014517e-03 -4.431683039830939252e-01 4.897322375490348101e+00
-4.616827849150964558e-01 3.586695282395510609e-02 8.865920827323899855e-01 3.624681300565601560e+01 3.021523053517779014e-02 9.992382640673634908e-01 -2.470058322028627351e-02 9.264725399591501320e-01 -8.868026854491378730e-01 1.538698361648800986e-02 -4.624149135184931203e-01 4.502431724601965612e+00
-4.733757771964680061e-01 3.704846384393532116e-02 8.799151646052510989e-01 3.697680410306563914e+01 3.369118689187910326e-02 9.991455454376925172e-01 -2.392716510365284002e-02 8.794281744466334594e-01 -8.800500541917992692e-01 1.831289754722805613e-02 -4.742195289166548089e-01 4.091699253126536817e+00
-4.837327816607032704e-01 4.043782452586339865e-02 8.745690256927693973e-01 3.770027810299892224e+01 3.635628101985359517e-02 9.989982184026003909e-01 -2.611053714304666790e-02 8.411885140676998995e-01 -8.747490392426888750e-01 1.916161630923329806e-02 -4.847183245154109699e-01 3.684833958528819231e+00
-4.955412787438586708e-01 4.273125100101674706e-02 8.679422184815673846e-01 3.840620676040049375e+01 3.742081943185443516e-02 9.989121145527314338e-01 -2.783871861813163803e-02 7.964891866199689252e-01 -8.681873041185975692e-01 1.869475329358974425e-02 -4.966012680808302160e-01 3.282224315628142985e+00
-5.037040409851081257e-01 4.289287709563151946e-02 8.626169534071778111e-01 3.913140288968303793e+01 3.219713657111433758e-02 9.990048113814118391e-01 -3.086840145724955436e-02 7.578906553626244547e-01 -8.630825886671343872e-01 1.222239628155157368e-02 -5.045836573782678247e-01 2.881890345926187535e+00
-5.156047432516056572e-01 4.135210979711106960e-02 8.555506015698081113e-01 3.981668081389977942e+01 3.019663697124631493e-02 9.990910426924309862e-01 -3.007228657672890090e-02 7.297134745407234391e-01 -8.560172028523671539e-01 1.031000869656631229e-02 -5.163847254967336431e-01 2.458149819561755045e+00
-5.221970441161509768e-01 4.271209445662135784e-02 8.511556342762328642e-01 4.051816005661616771e+01 3.246184560206533121e-02 9.990167021882369047e-01 -3.017672064386314745e-02 6.906912339129810396e-01 -8.516082043727295492e-01 1.185498196864169518e-02 -5.230700609994844985e-01 2.026064363474421537e+00
-5.301801337134156578e-01 4.482553019014774709e-02 8.463721426243144830e-01 4.121855419537556742e+01 3.577246868295187732e-02 9.988949033132688005e-01 -3.047510223489540565e-02 6.442808469760374912e-01 -8.468031289581898768e-01 1.411714310963988091e-02 -5.311976630668027166e-01 1.576045918530817769e+00
-5.340432748693351162e-01 4.878451406268502488e-02 8.438552963305036014e-01 4.192190148757948265e+01 3.722944950309280132e-02 9.987224881296965506e-01 -3.415901519457293506e-02 6.110176061414124282e-01 -8.444440508255806055e-01 1.316701633707957793e-02 -5.351771433102573416e-01 1.142276939365436839e+00
-5.327096530030255295e-01 5.073134116260339527e-02 8.448108204390213372e-01 4.265352486098031193e+01 3.613702100627905894e-02 9.986552218862153607e-01 -3.715731612096545566e-02 5.727221969223468268e-01 -8.455595984447018543e-01 1.074164545804599455e-02 -5.338268550274465341e-01 6.775862350536348000e-01
-5.287731314981530817e-01 5.127954309314429471e-02 8.472982681437450925e-01 4.339968953911871807e+01 3.901143136851571713e-02 9.985865806490321628e-01 -3.610562227523058526e-02 5.302064959355635709e-01 -8.479522242115374864e-01 1.396400696103692815e-02 -5.300262997215577920e-01 2.117927994467725117e-01
-5.235598366930708236e-01 4.970798959169257097e-02 8.504190638874301600e-01 4.415174088682373110e+01 3.717383386253025196e-02 9.986784008760349884e-01 -3.550194647195253905e-02 4.867692453842506484e-01 -8.510601215819190157e-01 1.302157870411279651e-02 -5.247155294959219285e-01 -2.378077771959480058e-01
-5.155741906626254423e-01 4.856421864853779913e-02 8.557352790478323090e-01 4.495163754348697438e+01 3.476321638595405994e-02 9.987561340218183981e-01 -3.575365470855713240e-02 4.465928767309415015e-01 -8.564068827224231573e-01 1.132846933454749981e-02 -5.166211623571482781e-01 -7.087733558047464300e-01
-5.089881778801013112e-01 4.809822988815572881e-02 8.596498956022031734e-01 4.574348425184556532e+01 3.307630335277766953e-02 9.987932033085030747e-01 -3.631052585580329256e-02 4.046356814742296248e-01 -8.603588373082695639e-01 9.955766601599273444e-03 -5.099648660122029220e-01 -1.156531933580837723e+00
-5.024216953202682578e-01 4.574279921239948754e-02 8.636336581411003799e-01 4.656316201368215246e+01 3.003613398318732627e-02 9.989204586758291260e-01 -3.544183206432085370e-02 3.591106711227448067e-01 -8.643223081442785727e-01 8.142987309832726284e-03 -5.032533405154424599e-01 -1.617706743959613558e+00
-4.959037217256338503e-01 4.431115831964981683e-02 8.671134060698453272e-01 4.739358687030875927e+01 2.641222148729796548e-02 9.990045803925632351e-01 -3.593929662987177531e-02 3.109632222823231484e-01 -8.678434685972817864e-01 5.061567128356496761e-03 -4.965803191447584752e-01 -2.079345451988674931e+00
-4.960344847236896615e-01 4.146855996746115491e-02 8.672808530469757748e-01 4.823878166360584885e+01 2.132961595692170823e-02 9.991393640390944242e-01 -3.557911369892412939e-02 2.663650464413582775e-01 -8.680096418630525168e-01 8.566015050662246491e-04 -4.964921314077661019e-01 -2.539658827269865693e+00
-4.946994804716551286e-01 3.879701523056153234e-02 8.685248790673025798e-01 4.912121802327654052e+01 1.809441970890201049e-02 9.992468262266612777e-01 -3.432750972712775989e-02 2.182100051202447710e-01 -8.692020040687803428e-01 -1.244169983154274836e-03 -4.950292290424359587e-01 -3.014335104137794819e+00
-4.947275305926686628e-01 3.723684128470231003e-02 8.685842899751519131e-01 4.999739450275854580e+01 1.647582979428327196e-02 9.993041408833180927e-01 -3.346852002716783209e-02 1.734444707106176931e-01 -8.692258863456537865e-01 -2.238464132827263850e-03 -4.949968921777038733e-01 -3.497203326860427453e+00
-4.960993539442265510e-01 3.610958080788313068e-02 8.678368929019699696e-01 5.087757364873323951e+01 1.650477861435907523e-02 9.993467705702048232e-01 -3.215050989346727311e-02 1.252750862529244114e-01 -8.684306844969579275e-01 -1.616440351819688204e-03 -4.963713652000443788e-01 -3.982021065700590778e+00
-4.922891738641227422e-01 3.532088365958608450e-02 8.691002780347568679e-01 5.178027185648368658e+01 1.587690911687695758e-02 9.993741315324394803e-01 -3.159627461579089108e-02 7.833948843403730489e-02 -8.696729587186861066e-01 -1.783325511271037760e-03 -4.925416329593781950e-01 -4.496490860680739665e+00
-4.922678610494923834e-01 3.484112556501919172e-02 8.691972494330714172e-01 5.268537878308185896e+01 1.616040864624280343e-02 9.993917746442140260e-01 -3.088855719423217946e-02 3.221864145597591600e-02 -8.697454183535812122e-01 -1.183958919008379742e-03 -4.925314746584880665e-01 -5.001055794974734958e+00
-4.922738975372155101e-01 3.487139185606832198e-02 8.691422660216959750e-01 5.359837295343709940e+01 1.602046421984719068e-02 9.993904686438274121e-01 -3.099623941098658686e-02 -1.839281081663669826e-02 -8.696943274258046586e-01 -1.372537729456706690e-03 -4.925322980067125545e-01 -5.505572189118740134e+00
-4.947089983276751757e-01 3.159880513121422069e-02 8.690809253754898656e-01 5.453225567453728218e+01 1.367625073413313713e-02 9.994984237582815734e-01 -2.857677612623203342e-02 -6.645830077266520752e-02 -8.695475220930453109e-01 -2.224358895579271397e-03 -4.948931172469364648e-01 -6.017588711888342878e+00
-4.947259937189263379e-01 3.194846974198307238e-02 8.683985043807677107e-01 5.543672318810173749e+01 1.343103305478491119e-02 9.994857269266828048e-01 -2.910386811048856076e-02 -1.181142982332204494e-01 -8.688822125606094904e-01 -2.752982673100400676e-03 -4.949006779270711531e-01 -6.504328045417820725e+00
-4.923398995859034621e-01 3.071498957166980334e-02 8.695583798154737920e-01 5.636299424220323573e+01 1.187918865611194141e-02 9.995209194284063736e-01 -2.858051035197037640e-02 -1.700001912992781805e-01 -8.700198626884676489e-01 -3.744399331691859994e-03 -4.924688649772379079e-01 -7.021632192050658361e+00
-4.909432856157305847e-01 2.939669089423455409e-02 8.704174929231752733e-01 5.728509327723928379e+01 1.108887154596879636e-02 9.995601615267752926e-01 -2.749734454679388790e-02 -2.221317811657010921e-01 -8.708434340333587320e-01 -3.868128718012254878e-03 -4.910531454327580758e-01 -7.523351413809066912e+00
-4.894703907517310437e-01 2.641694072437263813e-02 8.720044313936631264e-01 5.821355327974129068e+01 1.155321623016072712e-02 9.996498397999874497e-01 -2.381286843191192382e-02 -2.719622887004141121e-01 -8.723279925510710742e-01 -1.568362130972870581e-03 -4.896043429043049899e-01 -8.026084844861427925e+00
-4.842340695041867371e-01 2.528194665181015058e-02 8.743322763576114598e-01 5.913844437697646583e+01 1.185725073928492815e-02 9.996800566588486259e-01 -2.233929191859841332e-02 -3.173171138635024757e-01 -8.746177844587361694e-01 -4.564895780097114096e-04 -4.843788840071551194e-01 -8.536898998657079574e+00
-4.828259604076554079e-01 2.546979705772961164e-02 8.757721804739087013e-01 6.006018670490683320e+01 1.228040890840687537e-02 9.996758568724259941e-01 -2.230006350164906448e-02 -3.631341198493580058e-01 -8.760562644423102174e-01 -4.606732602094430383e-06 -4.829822690824921438e-01 -9.048309212068023299e+00
-4.804191975100714496e-01 2.501253471055593994e-02 8.763390615708236409e-01 6.097115252690812781e+01 1.200384874506431505e-02 9.996870321790601865e-01 -2.194519169321058200e-02 -4.098276973031250714e-01 -8.766140338970781487e-01 -3.665955917807068448e-05 -4.805689528044411185e-01 -9.527209599371147419e+00
-4.790313297225814448e-01 2.456402393960565797e-02 8.774233958087578333e-01 6.188169877811505160e+01 1.152525155355932709e-02 9.996981868081160627e-01 -2.170112571471415064e-02 -4.580193225253667011e-01 -8.776917253914238159e-01 -2.860079631016663039e-04 -4.791699245789732275e-01 -1.002527699937720840e+01
-4.804590313940061974e-01 2.727377366521719845e-02 8.765819619386174821e-01 6.277863131319304557e+01 1.192692598429132174e-02 9.996270802642764908e-01 -2.456999339545175645e-02 -5.031322462412379792e-01 -8.769253325931517518e-01 -1.346215519253898124e-03 -4.806050953981328422e-01 -1.050334291110585561e+01
-4.805584082055679995e-01 2.867478393463549977e-02 8.759492600115208472e-01 6.369535549449226153e+01 9.901032015033499334e-03 9.995786952550721471e-01 -2.726933453022085604e-02 -5.479917521428406824e-01 -8.763627058633718381e-01 -4.462880465825569756e-03 -4.806397535927018350e-01 -1.099985403257920424e+01
-4.858222136850735562e-01 2.985299177746682242e-02 8.736655061487084151e-01 6.459641007676509616e+01 9.019412571210113153e-03 9.995345007894527178e-01 -2.915135544731573686e-02 -6.005014790407001701e-01 -8.741290076478098747e-01 -6.280275528580710545e-03 -4.858652354838957632e-01 -1.149905153241957478e+01
-4.924026579209375698e-01 2.881484627955068628e-02 8.697760889161011422e-01 6.547984688811929743e+01 9.134289708147735193e-03 9.995676595935772957e-01 -2.794997477364354749e-02 -6.426270712100315974e-01 -8.702056477234630938e-01 -5.820384754496144876e-03 -4.924527574004076702e-01 -1.198775719617426461e+01
-4.960470484589919460e-01 2.573372529425528576e-02 8.681047585317206439e-01 6.637674952841175013e+01 1.228092760089807833e-02 9.996687049132032543e-01 -2.261846830410185749e-02 -6.980860114235900582e-01 -8.683991916311637471e-01 -5.577827495327360554e-04 -4.961988814240751999e-01 -1.249709425370490479e+01
-5.027264576753820435e-01 2.349672225004817774e-02 8.644693727400011296e-01 6.725139685341730456e+01 9.332658362908445235e-03 9.997199159669436508e-01 -2.176217663032980337e-02 -7.400221311589308959e-01 -8.647383163168171905e-01 -2.852772811522149340e-03 -5.028049707618069686e-01 -1.298651206517891943e+01
-5.041307741879093030e-01 2.492808552063341052e-02 8.627027525526561602e-01 6.813037004591588186e+01 9.976330806530268186e-03 9.996843443839014132e-01 -2.305738330965978466e-02 -7.861708948217243087e-01 -8.630054925075131278e-01 -3.031201697998060253e-03 -5.042202047556234579e-01 -1.348371023166525973e+01
-5.118246768595119400e-01 2.795156353576581931e-02 8.585523598602771145e-01 6.898669285621582503e+01 1.065032730952426496e-02 9.996003076899991902e-01 -2.618218059443796000e-02 -8.302763905438712566e-01 -8.589411575376950658e-01 -4.265817865843095011e-03 -5.119177173363772537e-01 -1.398920019163797690e+01
-5.160914312355403544e-01 2.743574696680211797e-02 8.557419855053906010e-01 6.984436822544235213e+01 8.759074687977055906e-03 9.996035138932491959e-01 -2.675402623251682890e-02 -8.785429745453104955e-01 -8.561368465848886444e-01 -6.322875496494502999e-03 -5.161271482323547266e-01 -1.447579917201663413e+01
-5.185953077077964934e-01 2.902692358128908939e-02 8.545681191036047508e-01 7.070342607342587371e+01 8.010272640103772643e-03 9.995447311847597271e-01 -2.908335890718653088e-02 -9.283687978300565469e-01 -8.550234230005311353e-01 -8.241956511372170238e-03 -5.185917832105446656e-01 -1.500075973550070429e+01
-5.227734809214004130e-01 2.721565328102698925e-02 8.514916467929679600e-01 7.154310711957111835e+01 7.701118942635604842e-03 9.995996963366315935e-01 -2.721437044877826270e-02 -9.785934505855482524e-01 -8.518919486686972187e-01 -7.694173854443236114e-03 -5.227737075378814380e-01 -1.550625137540764520e+01
-5.250164930777322381e-01 2.061237101763932836e-02 8.507326707245113084e-01 7.239487263433687758e+01 9.563946288772696980e-03 9.997864556006241799e-01 -1.831629943145679507e-02 -1.022312855062149417e+00 -8.509286224231548124e-01 -1.485821615039410260e-03 -5.251014954780617305e-01 -1.602312176130350707e+01
-5.277315953080770061e-01 1.145784453561164359e-02 8.493067648592861341e-01 7.323507070617635861e+01 9.364926619176594524e-03 9.999266463456529808e-01 -7.672135206441556624e-03 -1.059297437779362472e+00 -8.493325620953043886e-01 3.905306640781420861e-03 -5.278001645438930023e-01 -1.655455834681126248e+01
-5.301595698173721116e-01 8.153551089953085113e-03 8.478334379253432695e-01 7.406460668035052208e+01 9.417275676531037046e-03 9.999486578632115208e-01 -3.729330276566395971e-03 -1.089906252225257832e+00 -8.478203469367896483e-01 6.006398313816499294e-03 -5.302091839664021533e-01 -1.706535226722101939e+01
-5.301916573743140626e-01 1.396369233552358265e-02 8.476687022970209595e-01 7.489320982698821183e+01 9.395442576497497686e-03 9.998996985559729378e-01 -1.058869289781517488e-02 -1.122482255436866527e+00 -8.477316964213125194e-01 2.338587972564491659e-03 -5.302697577382080585e-01 -1.758237699898891293e+01
-5.316182763794041755e-01 1.946955074651135834e-02 8.468822568877878432e-01 7.570069320314405559e+01 1.077261738164326556e-02 9.998102512066104897e-01 -1.622515500537165603e-02 -1.156054560755873872e+00 -8.470376853609531409e-01 4.948087786685674604e-04 -5.317271286930205232e-01 -1.810136639911225842e+01
-5.315097445633762963e-01 2.389303685902155472e-02 8.467519294858480983e-01 7.652834363375433213e+01 1.650890670021303713e-02 9.997043207946739729e-01 -1.784516236761090474e-02 -1.188778882664937253e+00 -8.469280075566800736e-01 4.496664437256644130e-03 -5.317471346533861887e-01 -1.862161304896408609e+01
-5.314372537023770438e-01 2.456155693570156659e-02 8.469319925810534500e-01 7.735441969694699083e+01 1.951513505622400751e-02 9.996691913674234931e-01 -1.674848645863690269e-02 -1.230173430364335907e+00 -8.470633931464339739e-01 7.625756793424336676e-03 -5.317407462778700467e-01 -1.915162450075782630e+01
-5.314347809721009508e-01 2.201281025075194769e-02 8.473006108532591396e-01 7.818266692938613005e+01 1.875747849395483988e-02 9.997229189443563868e-01 -1.421630050271861963e-02 -1.264979670643302079e+00 -8.473788365399781419e-01 8.347224087069539389e-03 -5.317003870605427895e-01 -1.966845213313598961e+01
-5.290084573024148584e-01 1.551832977048054653e-02 8.479136644454432492e-01 7.900768332948773320e+01 1.640921105653607784e-02 9.998328242464000759e-01 -8.056428207839754982e-03 -1.292917465013150524e+00 -8.478970808014127947e-01 9.651950415021325752e-03 -5.291747511793674086e-01 -2.016875145890147891e+01
-5.290371671744811266e-01 1.038241990770427149e-02 8.482175500688123870e-01 7.983261106065506851e+01 1.441856795474586068e-02 9.998907341039243724e-01 -3.243133965249261636e-03 -1.317576968116799696e+00 -8.481586887983312284e-01 1.051606310150380447e-02 -5.291291473356324326e-01 -2.068026238113035831e+01
-5.291750714800012023e-01 4.034182712762772287e-03 8.484791515961187525e-01 8.065039626294847608e+01 5.910102546372639383e-03 9.999819074130404939e-01 -1.069634301834116808e-03 -1.345865458688337402e+00 -8.484679524630934777e-01 4.448841726513812905e-03 -5.291895854905344088e-01 -2.115975471262788332e+01
-5.265138741780851506e-01 -8.992958438809200462e-04 8.501691725937209343e-01 8.147955142563957054e+01 -2.371806518620022536e-03 9.999970234562408633e-01 -4.098407173205398466e-04 -1.357358714665677812e+00 -8.501662739706239424e-01 -2.238014861846933639e-03 -5.265144150137819334e-01 -2.164716462077068826e+01
-5.250625041324007425e-01 -1.577217264689945208e-03 8.513967156636790268e-01 8.229452154004565045e+01 -4.364984621970802311e-05 9.999983224777679869e-01 1.833951907490599274e-03 -1.378435490920096429e+00 -8.513982486531712635e-01 9.229568919012254595e-04 -5.250618344853513753e-01 -2.214948762829619966e+01
-5.235716613149083987e-01 2.256329885749090887e-03 8.519467580727982936e-01 8.310355453935952141e+01 5.319746776128379644e-03 9.999855882059006662e-01 6.194391852068200982e-04 -1.405207486785011506e+00 -8.519331844290726208e-01 4.848423574811493685e-03 -5.235762212788096504e-01 -2.263859701990343964e+01
-5.169163662153064553e-01 5.358469780413616795e-03 8.559387607090783723e-01 8.392627274489555589e+01 6.235859263874272106e-03 9.999774805031222957e-01 -2.498361387424824585e-03 -1.422610829491231188e+00 -8.559329072006549577e-01 4.040018269459690926e-03 -5.169380697970015204e-01 -2.314420582269915272e+01
-5.091706229345299706e-01 7.030432419978130051e-03 8.605713952919721299e-01 8.473815284221693389e+01 1.111760468931279923e-02 9.999368818639606804e-01 -1.591536070777845990e-03 -1.443620135829306372e+00 -8.605282121857520394e-01 8.759677256302745088e-03 -5.092166979057184406e-01 -2.362261274350791851e+01
-5.010423141877523578e-01 9.684837729355412830e-03 8.654129895285143093e-01 8.555192510575591314e+01 1.861627516410479036e-02 9.998265925509851604e-01 -4.120458150491712102e-04 -1.473138438915625237e+00 -8.652670594847198249e-01 1.590322388909088530e-02 -5.011356815996219627e-01 -2.409332846332018363e+01
-4.906409519250655160e-01 8.006167175246797774e-03 8.712104071278746753e-01 8.638014195866473699e+01 1.678303561255814827e-02 9.998592445236721415e-01 2.646536094410664622e-04 -1.498485350039267194e+00 -8.710856222794111092e-01 1.475208057198394880e-02 -4.907061330126538112e-01 -2.455966791868088706e+01
-4.802901821030821639e-01 4.968335796576859101e-03 8.768180301971074675e-01 8.721875671087941839e+01 1.305818317631719620e-02 9.999136625102421627e-01 1.489288420435857206e-03 -1.508926768016169984e+00 -8.767348646539812052e-01 1.216692461918306156e-02 -4.803136807359869032e-01 -2.499524666022471209e+01
-4.671296723185251465e-01 2.099423043390720271e-03 8.838558750356509952e-01 8.805415269753153495e+01 1.397017966693064363e-02 9.998899531827067921e-01 5.010554780356326829e-03 -1.527426278613848609e+00 -8.837479073245099181e-01 1.469288140514731812e-02 -4.671074931787872475e-01 -2.543568500105080332e+01
-4.567953340522951100e-01 2.904700402358408929e-04 8.897245083382382402e-01 8.889740074523643898e+01 1.295142997734799288e-02 9.998962704847906835e-01 6.322182449326353877e-03 -1.543296529339851952e+00 -8.896303151548548005e-01 1.440803415154228578e-02 -4.567517173487096738e-01 -2.586185792797219207e+01
-4.454464176790919883e-01 1.402729726909274655e-03 8.953543509188082172e-01 8.974285711948196820e+01 1.455921190590617718e-02 9.998779561005514127e-01 5.678358952066547664e-03 -1.556051142478730887e+00 -8.952370253981921655e-01 1.556563453237921543e-02 -4.454124377554133374e-01 -2.626730287554591570e+01
-4.323617987913647154e-01 7.602606219746096353e-04 9.015993316322702400e-01 9.060258236424387235e+01 1.665501858978736885e-02 9.998358678464802640e-01 7.143562831233411965e-03 -1.568249013671913605e+00 -9.014457628357709362e-01 1.810582210395045299e-02 -4.323034900985114337e-01 -2.668558291706026608e+01
