1.0 0.0 0.0 0.0 0.0 1.0 0.0 0.0 0.0 0.0 1.0 0.0
0.9996731 0.025559183 -0.00064421876 0.14880371 -0.025557436 0.99967 0.002591391 0.0715332 0.00071022485 -0.0025740853 0.9999964 0.0018310547
0.9993504 0.03604272 -0.00025432924 0.25585938 -0.03604094 0.9993374 0.005132533 -0.019897461 0.00043911109 -0.005120035 0.99998677 -0.001953125
0.99794525 0.06405418 0.0017645314 0.41882324 -0.064064346 0.9979251 0.006479147 -0.03149414 -0.0013458728 -0.006578861 0.99997747 -0.0024414062
0.99533844 0.09634137 0.0044648666 0.58374023 -0.09636642 0.9953292 0.0057848194 -0.075805664 -0.003886572 -0.006187951 0.9999733 -0.004272461
0.9908482 0.13477573 0.0067654178 0.7932129 -0.13479744 0.9908642 0.0028599356 -0.13208008 -0.0063181045 -0.0037460574 0.999973 -0.0024414062
0.98459446 0.17469017 0.007943164 0.97753906 -0.17469871 0.9846249 0.00038859586 -0.19909668 -0.0077531068 -0.0017699186 0.9999684 -0.012329102
0.9763604 0.21597447 0.0096231755 1.1868896 -0.21597753 0.9764069 -0.00073122454 -0.2713623 -0.009554009 -0.0013644086 0.9999534 0.0020751953
0.9642549 0.26463577 0.012531986 1.4061279 -0.26465872 0.9643301 0.00018009718 -0.35766602 -0.012037076 -0.0034913868 0.99992144 -0.018798828
0.94942844 0.31347334 0.017957082 1.666626 -0.3134585 0.9495959 -0.0037080632 -0.4625244 -0.018214075 -0.0021079346 0.9998319 -0.013427734
0.93263817 0.35997054 0.0246471 1.8791504 -0.3597544 0.9329586 -0.012856271 -0.58740234 -0.027622977 0.00312284 0.9996135 -0.0073242188
0.9115133 0.41032815 0.02754325 2.1090088 -0.4099342 0.91190994 -0.018947668 -0.72753906 -0.032890156 0.0059780935 0.99944097 -0.006958008
0.8864754 0.46175542 0.030991178 2.3607178 -0.46128997 0.8870057 -0.021211259 -0.9000244 -0.037282906 0.004505831 0.9992944 -0.01159668
0.8573359 0.5135974 0.03495678 2.5976562 -0.51309127 0.8580467 -0.02285811 -1.0565186 -0.041732993 0.0016618622 0.9991274 -0.03503418
0.8260017 0.5623946 0.036826972 2.8270264 -0.5617102 0.8268194 -0.027833652 -1.2731934 -0.046103604 0.0022971518 0.9989336 -0.041870117
0.78970987 0.6123856 0.03729832 3.0632324 -0.611456 0.79058033 -0.03396039 -1.494873 -0.050285608 0.004008647 0.9987265 -0.048583984
0.75176245 0.65843004 0.03758441 3.2913818 -0.65740365 0.7526951 -0.036878444 -1.7392578 -0.052565664 0.0030234437 0.9986132 -0.06652832
0.7122635 0.70106363 0.03498114 3.5302734 -0.6998811 0.71310675 -0.040973723 -2.0133057 -0.05366659 0.0046997517 0.9985476 -0.08239746
0.67110866 0.7405935 0.035711728 3.7502441 -0.73929834 0.6720511 -0.04388519 -2.3095703 -0.056496494 0.0030563436 0.9983983 -0.09863281
0.62745094 0.7777518 0.037707716 3.991333 -0.7765286 0.6285801 -0.043638684 -2.6328125 -0.057646524 -0.0019016564 0.99833524 -0.13195801
0.5857569 0.809572 0.039214794 4.2020264 -0.8083642 0.5870409 -0.04455584 -2.9663086 -0.05909436 -0.005593423 0.9982372 -0.14904785
0.5460791 0.8367395 0.03978773 4.425659 -0.83548373 0.5474701 -0.0465058 -3.3416748 -0.060689695 -0.007839987 0.998126 -0.17333984
0.5070833 0.86095196 0.03942637 4.6447754 -0.85961926 0.508531 -0.048760064 -3.7528076 -0.062028572 -0.009165818 0.9980323 -0.1895752
0.46976876 0.88177407 0.040864512 4.8568115 -0.88055146 0.47135514 -0.04828471 -4.168091 -0.06184347 -0.013305336 0.99799716 -0.22058105
0.4338057 0.90014446 0.03948516 5.063965 -0.89894336 0.4353611 -0.0486603 -4.629883 -0.060992707 -0.014381565 0.99803483 -0.2503662
0.39955133 0.9159008 0.03519567 5.2644043 -0.91473734 0.40088716 -0.04796234 -5.1258545 -0.058037248 -0.013044243 0.99822855 -0.27600098
0.37082836 0.9282551 0.030805362 5.447998 -0.9271422 0.3719376 -0.04680047 -5.6411133 -0.05488848 -0.011213401 0.9984288 -0.30578613
0.34422603 0.9384563 0.027944583 5.64563 -0.9374626 0.3451874 -0.044507593 -6.187378 -0.05142452 -0.010886284 0.99861753 -0.336792
0.32485148 0.94547546 0.025664303 5.8375244 -0.9445383 0.3257045 -0.04328646 -6.7662354 -0.049293607 -0.010177505 0.99873275 -0.366333
0.30962297 0.9504834 0.0244575 6.0202637 -0.94949913 0.31044152 -0.044290394 -7.35791 -0.049681224 -0.009499297 0.9987199 -0.4000244
0.29768184 0.95430964 0.023284193 6.214966 -0.9532264 0.29847175 -0.046236508 -7.97583 -0.051075935 -0.008426922 0.9986593 -0.42797852
0.2872634 0.95740145 0.02457283 6.4106445 -0.95624334 0.28814888 -0.048069652 -8.623901 -0.053110547 -0.009677117 0.9985422 -0.4613037
0.27620798 0.96066755 0.026195716 6.6053467 -0.95944446 0.27721375 -0.049774077 -9.300537 -0.055086516 -0.011392468 0.99841654 -0.50305176
0.2645021 0.964009 0.02624382 6.8079834 -0.96271354 0.26554424 -0.051317 -9.99939 -0.05642387 -0.0116991615 0.99833745 -0.539917
0.25674373 0.9660469 0.027996896 6.9935303 -0.9646465 0.25792614 -0.053655148 -10.710449 -0.05905415 -0.013222648 0.9981674 -0.57543945
0.24551079 0.96905476 0.028330732 7.196533 -0.96757555 0.24675278 -0.055280738 -11.459961 -0.060551107 -0.013846318 0.9980686 -0.6201172
0.23476164 0.97161424 0.028494282 7.3828125 -0.97004807 0.2360545 -0.05697938 -12.222534 -0.06206693 -0.014265543 0.99796903 -0.65979004
0.22446966 0.97398585 0.030422278 7.562134 -0.9722854 0.22594355 -0.059746016 -13.002441 -0.06508447 -0.016165197 0.9977496 -0.70288086
0.21411246 0.97636926 0.03214336 7.7404785 -0.97453064 0.21576762 -0.06250797 -13.784058 -0.0679712 -0.017947325 0.99752593 -0.7541504
0.19877982 0.9795165 0.033530623 7.908325 -0.9774266 0.20064355 -0.06685375 -14.589111 -0.07221437 -0.019471843 0.9971996 -0.7969971
0.18706 0.98174703 0.03439459 8.064209 -0.97952735 0.1890604 -0.0691625 -15.390259 -0.07440759 -0.020758493 0.99701184 -0.84680176
0.17240724 0.9844002 0.03261829 8.216553 -0.9821694 0.1743095 -0.069208674 -16.210205 -0.07383839 -0.020109713 0.99706817 -0.88964844
0.15878952 0.98672944 0.033245437 8.350708 -0.9845697 0.16075858 -0.06880525 -17.0177 -0.07324177 -0.021781055 0.99707735 -0.9423828
0.14269386 0.9892766 0.032952826 8.470581 -0.987229 0.14465041 -0.06759302 -17.843018 -0.07164617 -0.022893023 0.99716777 -0.98876953
0.120722525 0.99212825 0.034008674 8.578369 -0.99024194 0.12276586 -0.06629454 -18.67627 -0.06997534 -0.02568623 0.99721897 -1.0383301
0.09703284 0.99463147 0.037096985 8.661621 -0.99292356 0.099318445 -0.065733485 -19.51477 -0.0690682 -0.030464256 0.9971468 -1.0876465
0.06608825 0.9970471 0.03909679 8.724731 -0.99554306 0.06852817 -0.064767435 -20.360107 -0.06727669 -0.03464541 0.99713373 -1.1341553
0.032658808 0.99867314 0.04006275 8.763184 -0.99725187 0.035233553 -0.065334074 -21.218994 -0.06664244 -0.037819378 0.99705905 -1.1807861
0.00022829679 0.9992574 0.03854455 8.762573 -0.9978638 0.0027478845 -0.06528851 -22.066895 -0.06533071 -0.038473573 0.9971205 -1.2241211
-0.03606307 0.99861133 0.038410276 8.73938 -0.99732274 -0.033515584 -0.06500171 -22.933594 -0.06361503 -0.0406634 0.9971451 -1.2647705
-0.067933075 0.9969805 0.038534656 8.6875 -0.9958915 -0.06541849 -0.063173436 -23.788696 -0.060462907 -0.042637914 0.99725974 -1.2961426
-0.100863576 0.99413836 0.03971365 8.607544 -0.9933703 -0.09839059 -0.059947826 -24.649902 -0.055713322 -0.04550652 0.9974105 -1.3449707
-0.1346103 0.9903198 0.035884704 8.491943 -0.98968786 -0.13250843 -0.055667885 -25.511475 -0.05039476 -0.042981036 0.9978051 -1.3789062
-0.16510059 0.9858545 0.030869713 8.342163 -0.98532987 -0.16343763 -0.050328415 -26.352661 -0.04458174 -0.038702816 0.99825627 -1.4084473
-0.19508374 0.98048264 0.024322685 8.176147 -0.98000574 -0.19388165 -0.04464071 -27.209229 -0.039068006 -0.03254659 0.9987068 -1.4317627
-0.22196327 0.97488606 0.018431587 7.9714355 -0.97446126 -0.22112478 -0.039225347 -28.03357 -0.034168936 -0.026677007 0.99906015 -1.4515381
-0.248903 0.9683451 0.010561033 7.7470703 -0.96794206 -0.24843323 -0.0335521 -28.869751 -0.02985784 -0.018585807 0.99938107 -1.4713135
-0.27840436 0.96057093 0.005961379 7.498657 -0.96034884 -0.2781905 -0.024100557 -29.697876 -0.021492038 -0.01242576 0.9996919 -1.4760742
-0.30213878 0.9533027 0.00561543 7.232666 -0.9532921 -0.30208048 -0.009320684 -30.503052 -0.0071898773 -0.00817045 0.9999408 -1.4761963
-0.32551003 0.94542897 0.010727528 6.975464 -0.9454227 -0.3256011 0.008209564 -31.302856 0.011252824 -0.0074639637 0.9999088 -1.4698486
-0.3518839 0.93569523 0.017436348 6.680176 -0.93544257 -0.3522215 0.023209125 -32.09424 0.027868442 -0.008137181 0.9995785 -1.4597168
-0.37619293 0.92621833 0.01837816 6.365967 -0.9256185 -0.3766162 0.033610057 -32.879272 0.038058203 -0.004361775 0.99926597 -1.427002
-0.40061915 0.91589475 0.01733819 6.0355225 -0.9151463 -0.40099263 0.03702626 -33.66089 0.040870994 -0.0010164343 0.9991637 -1.3806152
-0.42138958 0.90663105 0.015033885 5.6776123 -0.90592164 -0.4216547 0.03588833 -34.435303 0.038877685 0.0015152125 0.9992426 -1.3409424
-0.4429455 0.89684576 0.010166483 5.3112793 -0.8962808 -0.44303223 0.03224588 -35.198853 0.033410843 0.005158766 0.99942845 -1.2991943
-0.46229196 0.88699925 0.0012949193 4.9210205 -0.88658637 -0.46212038 0.029874833 -35.955322 0.02709179 0.012654569 0.9995529 -1.2561035
-0.47412014 0.88029265 -0.0016068257 4.5129395 -0.87989634 -0.47385004 0.030924583 -36.687134 0.026454743 0.016081756 0.9995204 -1.2120361
-0.4846097 0.8750157 -0.002424729 4.1083984 -0.8745464 -0.4842552 0.034198266 -37.411743 0.028753249 0.018694565 0.999412 -1.1777344
-0.49647775 0.8684569 -0.0019300357 3.7087402 -0.8679195 -0.49609005 0.036353335 -38.119385 0.030613191 0.019703912 0.9993374 -1.1367188
-0.50439787 0.8632657 0.0045529567 3.3104248 -0.8626186 -0.5042118 0.036402773 -38.845947 0.033727884 0.014442161 0.99932677 -1.102417
-0.51619124 0.85617155 0.0064824177 2.8896484 -0.855557 -0.5160832 0.034716465 -39.533203 0.03306189 0.0123927565 0.999376 -1.0767822
-0.5228856 0.8517897 0.0049475497 2.4586182 -0.8511545 -0.52270424 0.035998013 -40.235596 0.033248898 0.014633507 0.99933946 -1.0406494
-0.5310256 0.8470244 0.002702846 2.0101318 -0.84636015 -0.5307305 0.03802085 -40.93701 0.033644017 0.017910894 0.9992732 -0.9970703
-0.5349745 0.84466714 0.0036658545 1.5766602 -0.84384745 -0.5346372 0.041931838 -41.64038 0.03737546 0.01934646 0.9991138 -0.9678955
-0.5335888 0.845756 0.0060942667 1.1105957 -0.8448144 -0.5333108 0.043891814 -42.37097 0.04035462 0.018252762 0.9990183 -0.9334717
-0.52981627 0.8481935 0.0028675545 0.6422119 -0.84728926 -0.52940196 0.044493914 -43.115723 0.03926341 0.021145355 0.9990054 -0.8935547
-0.5245036 0.8512819 0.0037981197 0.18981934 -0.8504151 -0.5241615 0.042982347 -43.866333 0.03859729 0.019330252 0.99906814 -0.85302734
-0.51639694 0.85659933 0.005479932 -0.2849121 -0.85574025 -0.5161478 0.041933917 -44.66394 0.038749605 0.01694857 0.9991055 -0.8162842
-0.5097284 0.8605293 0.006840472 -0.7359619 -0.85966194 -0.5095449 0.04154373 -45.45398 0.039228797 0.015288015 0.99911344 -0.7779541
-0.5030111 0.8644584 0.008637854 -1.2004395 -0.86365366 -0.50293535 0.03926305 -46.271973 0.03827957 0.012276085 0.9991919 -0.7357178
-0.49631515 0.8679311 0.011701816 -1.6652832 -0.86714643 -0.4963771 0.03790059 -47.10083 0.038699336 0.008680826 0.9992128 -0.69140625
-0.49620214 0.86803013 0.015902568 -2.126587 -0.8673298 -0.496444 0.035049908 -47.94568 0.038328364 0.003596507 0.9992589 -0.6505127
-0.49473396 0.86918443 0.017998915 -2.6029053 -0.8685811 -0.4950614 0.032392897 -48.827393 0.037051816 0.00036629383 0.9993135 -0.60595703
-0.49470085 0.86918974 0.01899054 -3.0870361 -0.8686438 -0.49506378 0.030830823 -49.703125 0.036189444 -0.0012512915 0.99934435 -0.56481934
-0.49608794 0.86839974 0.01836931 -3.572754 -0.8678932 -0.4964266 0.029688481 -50.58313 0.03488676 -0.0012261588 0.9993906 -0.5201416
-0.49226093 0.8696367 0.018520067 -4.0898438 -0.869157 -0.49260524 0.02893821 -51.484863 0.034296535 -0.0018305071 0.9994095 -0.4769287
-0.4922593 0.86971587 0.017920531 -4.595825 -0.8692514 -0.49258232 0.028460179 -52.389404 0.033588666 -0.0015461948 0.99943405 -0.4345703
-0.4922582 0.86966234 0.018108726 -5.1016846 -0.8691971 -0.49258748 0.028489722 -53.30188 0.033696514 -0.0016860204 0.99942994 -0.38806152
-0.4946293 0.8694933 0.0189692 -5.614258 -0.8691377 -0.49497706 0.025195038 -54.235474 0.031289168 -0.004044926 0.99950266 -0.3433838
-0.49462998 0.86882216 0.019493008 -6.102295 -0.8684573 -0.4949949 0.025539303 -55.13965 0.03182122 -0.004286791 0.99948394 -0.2960205
-0.4921953 0.8699418 0.020475626 -6.621704 -0.86962086 -0.4925865 0.02433066 -56.065063 0.031270042 -0.005825868 0.99949396 -0.24804688
-0.49078596 0.87075925 0.020594612 -7.125244 -0.8704797 -0.49117294 0.023028746 -56.98645 0.030169578 -0.006608477 0.9995226 -0.19970703
-0.48937622 0.87226546 0.01829281 -7.630005 -0.87205607 -0.48967978 0.02007461 -57.914062 0.026464602 -0.006135932 0.9996311 -0.15283203
-0.4841678 0.8745664 0.01716376 -8.144043 -0.874379 -0.48443708 0.01899863 -58.837646 0.024939276 -0.0058021727 0.999672 -0.111083984
-0.48277444 0.87601125 0.016714787 -8.657349 -0.8758172 -0.48303398 0.019207954 -59.7583 0.024880193 -0.005376969 0.99967605 -0.06933594
-0.48036334 0.87656707 0.016734911 -9.138428 -0.876384 -0.48062146 0.018773636 -60.66858 0.024504676 -0.00563716 0.9996837 -0.026733398
-0.47896436 0.87763965 0.016983075 -9.638306 -0.8774692 -0.4792262 0.018342845 -61.578247 0.02424198 -0.006111133 0.9996875 0.017456055
-0.48037383 0.87686723 0.018050805 -10.1171875 -0.8766334 -0.48067895 0.02103419 -62.47473 0.027127087 -0.0057207495 0.9996157 0.057495117
-0.48037067 0.87626624 0.021164995 -10.614868 -0.8760135 -0.48077333 0.022425212 -63.39099 0.029827405 -0.0077480315 0.99952453 0.09729004
-0.48557186 0.87401193 0.022999909 -11.113525 -0.87373775 -0.48603922 0.023543363 -64.29224 0.031759597 -0.008660501 0.99945813 0.1451416
-0.49216995 0.8700929 0.0225495 -11.60144 -0.8698459 -0.49261177 0.022427611 -65.17651 0.030632714 -0.008571241 0.99949396 0.18371582
-0.49598482 0.86834943 0.017292356 -12.111206 -0.8681517 -0.49625635 0.01931479 -66.07373 0.025345914 -0.0054337755 0.99966395 0.23706055
-0.5025814 0.8646507 0.019596567 -12.599609 -0.8645246 -0.5028935 0.016996233 -66.94922 0.024556415 -0.008410438 0.9996634 0.27539062
-0.50398695 0.86292064 0.01977261 -13.097656 -0.8627593 -0.5043145 0.018404704 -67.828125 0.025875952 -0.0077690333 0.9996348 0.31726074
-0.5116557 0.8588505 0.02102927 -13.601807 -0.8586151 -0.51203775 0.021337636 -68.68506 0.02908463 -0.0071357973 0.99955136 0.35668945
-0.5158479 0.8560172 0.023089811 -14.088135 -0.85581315 -0.5162848 0.020765709 -69.54321 0.029702736 -0.0090439785 0.9995177 0.40100098
-0.5182848 0.85488325 0.025018191 -14.613403 -0.854648 -0.5187954 0.022326156 -70.40198 0.032055546 -0.009809393 0.9994378 0.4465332
-0.52248234 0.8517542 0.024469394 -15.118774 -0.8515686 -0.52295613 0.020461934 -71.24231 0.030238286 -0.010128843 0.999491 0.49389648
-0.52490836 0.8508532 0.018258264 -15.636597 -0.8507807 -0.5251607 0.013845371 -72.09424 0.021366682 -0.008263328 0.9997375 0.5371094
-0.5277113 0.84929943 0.012856528 -16.168823 -0.84932864 -0.5278002 0.004668606 -72.93494 0.01075259 -0.008455444 0.99990636 0.5743408
-0.5301595 0.8478045 0.010753207 -16.680298 -0.8478452 -0.53020185 0.0013389108 -73.76453 0.006837718 -0.008405801 0.99994123 0.6029053
-0.5301516 0.84768605 0.014430602 -17.198364 -0.84769803 -0.53028053 0.007141349 -74.59204 0.0136980675 -0.0084394915 0.9998704 0.6298828
-0.5315602 0.846986 0.01628758 -17.718018 -0.8469214 -0.53176254 0.012627738 -75.39868 0.019352065 -0.007079143 0.99978757 0.65844727
-0.53159547 0.8469459 0.012293039 -18.239868 -0.84677523 -0.5317359 0.017058656 -76.22534 0.020983499 -0.0013443404 0.9997788 0.6873779
-0.5316165 0.84712607 0.009166452 -18.771362 -0.846942 -0.531693 0.017734548 -77.05066 0.01989094 0.0016633868 0.9998007 0.72595215
-0.5315974 0.8474424 0.008442999 -19.28955 -0.8473068 -0.53166384 0.015189221 -77.878296 0.017354555 0.0009080395 0.99984896 0.7583008
-0.5291205 0.847956 0.0071149603 -19.792114 -0.8479123 -0.5291664 0.00872012 -78.70288 0.011169913 -0.001413255 0.9999365 0.7849121
-0.52911186 0.84821165 0.0062436573 -20.305054 -0.8482108 -0.52913773 0.0035873705 -79.52734 0.0063506886 -0.003397138 0.999974 0.8078613
-0.52914715 0.84841686 0.012301743 -20.7854 -0.84849614 -0.529156 -0.002770977 -80.34485 0.004159837 -0.011904055 0.9999204 0.833374
-0.52643317 0.8500078 0.018974956 -21.274658 -0.8502126 -0.5263885 -0.0076833367 -81.17297 0.003453322 -0.020173082 0.99979043 0.84155273
-0.52501565 0.85128033 0.015813695 -21.779053 -0.8514263 -0.5249506 -0.008336129 -81.98682 0.0011948328 -0.01783751 0.99984026 0.8601074
-0.5235476 0.8518816 0.011890474 -22.270264 -0.8519612 -0.52353394 -0.004480442 -82.79468 0.0024054418 -0.0124685895 0.99991924 0.8831787
-0.5168842 0.85588086 0.012693627 -22.779419 -0.8559576 -0.5169114 -0.0013004055 -83.61499 0.0054496164 -0.011530619 0.99991864 0.89624023
-0.5091996 0.860546 0.007964421 -23.262085 -0.86057144 -0.50921893 0.00047228625 -84.42444 0.0044646077 -0.0066151116 0.9999681 0.9141846
-0.50117296 0.8653912 0.0008118595 -23.737305 -0.8653856 -0.50117284 0.0032365236 -85.23572 0.0032075054 0.0009201055 0.9999944 0.9406738
-0.49074078 0.8711888 0.0019391958 -24.208374 -0.8711876 -0.4907439 0.0016770635 -86.0614 0.002413252 -0.0008658129 0.99999684 0.9626465
-0.48033994 0.8767933 0.004496853 -24.648682 -0.8768043 -0.4803394 -0.0012457466 -86.89758 0.0010693688 -0.0045415116 0.99998915 0.9696045
-0.46717358 0.88383293 0.001936678 -25.095093 -0.8838314 -0.46716404 -0.003958323 -87.7301 -0.002592391 -0.003562486 0.9999904 0.98547363
-0.4568249 0.8897067 0.002198433 -25.526123 -0.88970035 -0.45680764 -0.005646442 -88.5708 -0.0040202476 -0.0045336178 0.99998176 0.99780273
-0.44548944 0.8953334 0.0010145786 -25.93689 -0.89532727 -0.44548133 -0.0044042477 -89.413574 -0.00349232 -0.0028720885 0.99998987 1.0062256
-0.43240705 0.9015765 -0.0015616795 -26.361206 -0.90156364 -0.43240926 -0.0048961206 -90.27051 -0.0050889626 -0.00070846325 0.9999869 1.0147705
-0.421144 0.907166 0.0006224663 -26.755371 -0.90716624 -0.42114353 -0.00083536876 -91.11548 -0.0004962061 -0.0009164306 0.9999996 1.0241699
-0.40856507 0.9125233 0.0015489262 -27.130737 -0.91247594 -0.40856016 0.009634975 -91.954956 0.009430399 0.0025277848 0.9999525 1.0325928
-0.3953162 0.918332 0.0049507185 -27.496338 -0.9182441 -0.39534703 0.012708847 -92.802 0.013634269 0.00048236095 0.9999071 1.057251
-0.38580453 0.9227084 0.0031772556 -27.842407 -0.9226587 -0.38581684 0.0096076615 -93.661865 0.010088645 0.0007743663 0.9999489 1.0758057
-0.37329713 0.9279628 0.0020959887 -28.189697 -0.92794573 -0.37330297 0.005629591 -94.531006 0.006007262 0.00015265465 0.999982 1.0992432
-0.3628937 0.93186826 0.0068226177 -28.514282 -0.93185437 -0.36293578 0.006485233 -95.3866 0.008517517 -0.0040035127 0.9999558 1.1175537
-0.35783723 0.93395495 0.01316117 -28.821411 -0.9339252 -0.35798302 0.011158629 -96.2572 0.01512215 -0.008301798 0.9998513 1.1369629
-0.3504744 0.9365423 0.022729851 -29.13684 -0.9365441 -0.35085562 0.015685808 -97.13074 0.022653619 -0.01579178 0.9996188 1.1573486
-0.34611765 0.93790346 0.026354514 -29.45044 -0.9379591 -0.34659207 0.016161215 -98.0094 0.024274834 -0.01911554 0.9995224 1.1928711
-0.343132 0.9388837 0.029045701 -29.752075 -0.93897754 -0.3436886 0.016884718 -98.88318 0.025830269 -0.021475324 0.9994356 1.2261963
-0.33717164 0.94072473 0.03210957 -30.06189 -0.9408914 -0.33780968 0.016939335 -99.7605 0.026793944 -0.024505766 0.9993406 1.2628174
-0.3321701 0.9428516 0.03223906 -30.36621 -0.9431242 -0.33270824 0.012942536 -100.64502 0.022909578 -0.026115052 0.99939674 1.2976074
-0.32488537 0.9454227 0.030297581 -30.666748 -0.9457364 -0.3252697 0.008629439 -101.517944 0.017996721 -0.025838252 0.99950397 1.3222656
-0.31967437 0.94681394 0.032009248 -30.963013 -0.9472265 -0.32000455 0.005647256 -102.40735 0.015595791 -0.02851962 0.9994716 1.3654785
-0.31311676 0.94878983 0.036291394 -31.237183 -0.9493409 -0.31350315 0.005339982 -103.28369 0.016455274 -0.03277686 0.99932694 1.3891602
-0.30666348 0.9505228 0.047001988 -31.500977 -0.95149004 -0.30722475 0.0050226124 -104.15381 0.019240052 -0.043177236 0.9988817 1.4086914
-0.3000102 0.95274293 0.046276167 -31.770752 -0.9535982 -0.30072248 0.009122646 -105.025635 0.022604655 -0.041400667 0.99888706 1.4412842
-0.29337105 0.954851 0.042864665 -32.04541 -0.955505 -0.29411831 0.012167775 -105.89624 0.024227468 -0.037386734 0.9990069 1.4802246
-0.2855053 0.9573163 0.04419127 -32.301147 -0.9580559 -0.28623223 0.010971062 -106.79199 0.023148343 -0.03920286 0.998963 1.5092773
-0.27748346 0.9596257 0.044719867 -32.55603 -0.9604963 -0.2780131 0.005963757 -107.64783 0.018176282 -0.041319054 0.998981 1.543335
-0.270998 0.9616156 0.042172898 -32.801147 -0.96244 -0.27134168 0.002545354 -108.54236 0.013891752 -0.039910097 0.999107 1.5726318
-0.2638462 0.96340185 0.04799799 -33.030518 -0.9644198 -0.2644239 0.0059941234 -109.42468 0.01846778 -0.044699304 0.9988295 1.5948486
-0.25796783 0.9649743 0.04792538 -33.25171 -0.9659243 -0.25869074 0.009444007 -110.29297 0.021510066 -0.043861326 0.99880624 1.6223145
-0.24925485 0.96710783 0.048142243 -33.476074 -0.9680547 -0.2500143 0.010347255 -111.17139 0.022068918 -0.044032596 0.9987862 1.6455078
-0.24505568 0.9681864 0.04907711 -33.681763 -0.96920127 -0.24578166 0.009257527 -112.04907 0.021021856 -0.045297384 0.99875224 1.677002
-0.23566547 0.97077775 0.04564305 -33.89099 -0.9716317 -0.23634815 0.010106306 -112.92981 0.020598738 -0.041956645 0.9989068 1.7052002
-0.22699392 0.9729204 0.042062145 -34.102417 -0.9736462 -0.2275765 0.009556877 -113.81213 0.01886911 -0.03878052 0.9990695 1.7423096
-0.22055304 0.974683 0.040619545 -34.31543 -0.97533494 -0.22114861 0.010758755 -114.7063 0.019456755 -0.037242573 0.999117 1.774292
-0.21206678 0.97614706 0.0468489 -34.500977 -0.9770935 -0.21269715 0.008849573 -115.58777 0.018603595 -0.043893598 0.99886286 1.8095703
-0.20645536 0.97719055 0.050588153 -34.681152 -0.9783535 -0.20704055 0.0065500643 -116.48633 0.016877942 -0.04812634 0.9986983 1.8382568
-0.20202936 0.9782709 0.04739474 -34.87085 -0.97929215 -0.20254411 0.006269534 -117.40576 0.015735086 -0.045147844 0.9988565 1.8669434
-0.19632077 0.9793762 0.047226105 -35.05139 -0.98038185 -0.19685876 0.006976218 -118.28662 0.016134955 -0.04493761 0.99885964 1.8907471
-0.19212319 0.98037004 0.045677934 -35.232056 -0.9812974 -0.19266188 0.007662955 -119.201294 0.016293874 -0.043330897 0.99892765 1.9176025
-0.18552673 0.98176795 0.039519716 -35.414917 -0.9824679 -0.18591928 0.0064601926 -120.06958 0.013709207 -0.037632037 0.99919754 1.9361572
-0.17978323 0.9831456 0.031405866 -35.59204 -0.9835823 -0.1800461 0.0057280967 -120.97363 0.011290277 -0.02985999 0.9994902 1.9610596
-0.17628229 0.98391265 0.028052134 -35.750366 -0.98426825 -0.17647326 0.0044573215 -121.877075 0.00934172 -0.026820663 0.9995964 1.9841309
-0.17130552 0.9846669 0.030185625 -35.903076 -0.9850738 -0.17154121 0.005373606 -122.7594 0.010478699 -0.028814962 0.99952966 1.9976807
-0.16782129 0.98533267 0.032682907 -36.047974 -0.98577744 -0.16817747 0.008461554 -123.645996 0.013820353 -0.030794382 0.99943024 2.0170898
-0.16635726 0.9854232 0.03482167 -36.186768 -0.98595667 -0.1666938 0.0069762394 -124.53003 0.012680696 -0.033172376 0.9993691 2.034546
-0.16506492 0.98563 0.03511909 -36.33142 -0.9861865 -0.1653688 0.005905178 -125.420654 0.011630378 -0.033646196 0.9993657 2.059082
-0.1636139 0.9859762 0.03239101 -36.473633 -0.98649305 -0.1637056 0.00017883396 -126.285034 0.005490045 -0.031929627 0.9994749 2.0861816
-0.16237868 0.98618317 0.03261441 -36.615967 -0.9867214 -0.16233683 -0.0039461977 -127.181885 0.001404562 -0.03281892 0.99946016 2.1038818
-0.16158022 0.9863044 0.032182388 -36.756958 -0.9868283 -0.16144405 -0.00680423 -128.04297 -0.0015083493 -0.032863997 0.9994587 2.1195068
-0.16085958 0.98633045 0.032984782 -36.89392 -0.9868783 -0.16086267 -0.0025825244 -128.92053 0.0027768873 -0.03297118 0.99945223 2.1306152
-0.15947236 0.9866914 0.03303394 -37.03235 -0.9872152 -0.15963338 0.0022782376 -129.78125 0.0075126193 -0.032235533 0.99945194 2.1429443
-0.16015817 0.9864606 0.034258664 -37.16565 -0.9870319 -0.16029559 0.0012847884 -130.65356 0.0067590154 -0.033601757 0.9994123 2.1518555
-0.15954149 0.986547 0.035974268 -37.29492 -0.9871824 -0.1596632 0.0005063149 -131.51575 0.0062422664 -0.03540623 0.999353 2.1640625
-0.15798879 0.98688513 0.032787364 -37.444214 -0.9874095 -0.15810953 0.0011067283 -132.37183 0.0062717963 -0.032197252 0.9994618 2.1834717
-0.15731288 0.98699415 0.03321755 -37.572998 -0.9875193 -0.15749596 0.0029580267 -133.23462 0.008145354 -0.032337733 0.9994439 2.2073975
-0.15742303 0.98660004 0.042957228 -37.695435 -0.9874694 -0.1577631 0.0046225186 -134.09485 0.0113334935 -0.04168054 0.9990665 2.2163086
-0.15812886 0.986279 0.04787308 -37.815674 -0.9873462 -0.1585965 0.006116664 -134.9447 0.013617602 -0.04630502 0.9988348 2.2331543
-0.15741612 0.9863752 0.047586124 -37.938965 -0.98738694 -0.15800966 0.008950739 -135.79736 0.016352594 -0.04557007 0.99882704 2.2531738
-0.15735748 0.9866072 0.04422716 -38.074463 -0.98746294 -0.15791857 0.009477219 -136.68799 0.016327908 -0.04218356 0.99897665 2.2902832
-0.15650216 0.98660946 0.04588199 -38.18506 -0.9874998 -0.15718426 0.011628491 -137.48682 0.018702917 -0.0435058 0.9988784 2.3044434
-0.15446472 0.98732203 0.03874933 -38.334473 -0.9879386 -0.15499116 0.010966537 -138.35266 0.016813446 -0.036586415 0.99918926 2.3303223
-0.15011477 0.988174 0.030554118 -38.463257 -0.98855555 -0.15044808 0.0088997185 -139.18323 0.013396164 -0.02886605 0.9994935 2.361084
-0.14883113 0.988577 0.025611281 -38.593506 -0.9888875 -0.14894746 0.0026894887 -140.02905 0.0064647617 -0.024922429 0.99966854 2.390747
-0.14451098 0.98922694 0.02129622 -38.713867 -0.9894405 -0.14459632 0.0025185975 -140.85803 0.005569092 -0.020710202 0.99977005 2.4005127
-0.13956846 0.98984826 0.023796175 -38.82666 -0.99008626 -0.13975763 0.0064729704 -141.68481 0.009732686 -0.022655517 0.9996959 2.4243164
-0.13396277 0.99085194 0.020276103 -38.93335 -0.9909853 -0.13417482 0.0094916485 -142.49353 0.012115458 -0.01882646 0.9997495 2.4415283
-0.12413812 0.9920891 0.017099697 -39.046265 -0.99210733 -0.12438165 0.013985022 -143.3617 0.016008954 -0.015224375 0.99975586 2.4423828
-0.11502372 0.99320084 0.016222363 -39.1344 -0.9932726 -0.1151818 0.009166913 -144.16052 0.010976956 -0.015059214 0.9998264 2.4726562
-0.10399937 0.99459344 0.010039533 -39.2218 -0.9946177 -0.104064815 0.0062314584 -144.94897 0.0072382875 -0.0093375 0.9999302 2.4932861
-0.08802711 0.9960664 0.0062142145 -39.30188 -0.99605525 -0.088071465 0.007265076 -145.807 0.007785241 -0.0055500623 0.9999542 2.5280762
-0.07424103 0.99718356 0.007127654 -39.356934 -0.9971688 -0.07430017 0.008423233 -146.578 0.008929681 -0.006481235 0.9999391 2.540039
-0.060545314 0.99815226 0.0029820306 -39.40747 -0.99811125 -0.060570724 0.0093485825 -147.41138 0.009515363 -0.0024097962 0.9999518 2.5633545
-0.046307333 0.9989037 -0.0015455578 -39.44873 -0.9988609 -0.04629075 0.009459736 -148.16833 0.009379646 0.0019829199 0.99995404 2.5751953
-0.032778863 0.9994733 0.0026910743 -39.47107 -0.9993483 -0.032817844 0.015951509 -149.02368 0.016034458 -0.0021749027 0.99986917 2.5958252
-0.019956341 0.9997478 0.009482209 -39.46875 -0.9994836 -0.020185111 0.024670837 -149.78088 0.024860125 -0.008978617 0.9996505 2.6207275
-0.0058183665 0.9998433 0.016621357 -39.458252 -0.99939454 -0.006384014 0.03415601 -150.56213 0.034275226 -0.016417455 0.9992779 2.6392822
