1.0 0.0 0.0 0.0 0.0 1.0 0.0 0.0 0.0 0.0 1.0 0.0
0.82866883 0.55935055 0.020453453 5.144287 -0.55961657 0.82867306 0.010658944 5.875 -0.010985717 -0.020278478 0.9997339 0.091674805
0.7595308 0.64996463 0.025378717 11.509766 -0.65034133 0.7595586 0.010561633 7.1782227 -0.012413663 -0.02452614 0.99962217 0.049194336
0.400556 0.9154033 0.04263062 16.817871 -0.9163063 0.40073353 0.0046700574 7.647583 -0.012802385 -0.04093393 0.99907964 -0.05834961
0.24710424 0.96804494 0.04250844 20.996704 -0.96892756 0.2472996 0.00067366054 4.9853516 -0.009850919 -0.041347254 0.9990959 -0.2376709
-0.20484199 0.9776353 0.04941224 24.572754 -0.9788692 -0.20431125 -0.015613416 1.8079834 -0.0051844656 -0.051558826 0.9986568 -0.319458
-0.24952126 0.967602 0.03746217 26.49768 -0.96832633 -0.24929345 -0.010695745 -2.9085693 -0.0010198975 -0.03896375 0.99924064 -0.4761963
-0.6896834 0.7222579 0.041541584 27.799316 -0.72342587 -0.6890104 -0.031085275 -8.421631 0.006201562 -0.051529672 0.9986521 -0.6052246
-0.99022704 0.13690764 0.026666142 25.809204 -0.13802645 -0.98936164 -0.04602555 -13.383301 0.02007034 -0.04920744 0.9985856 -0.7030029
-0.9563613 -0.29344133 0.009007076 22.016113 0.292761 -0.9555359 -0.045369096 -15.450562 0.021899013 -0.040720273 0.9989303 -0.72424316
-0.77426 -0.6330884 -0.004662296 18.506226 0.6329651 -0.7739119 -0.026774526 -15.197388 0.013333779 -0.023659276 0.9996309 -0.6582031
-0.68590236 -0.72753084 -0.0073896134 16.382812 0.72755635 -0.6857973 -0.012711167 -13.609863 0.004177291 -0.014097385 0.9998918 -0.6035156
-0.39568973 -0.9183879 -0.011097564 15.375366 0.91845113 -0.39569417 -0.0018789412 -11.895508 -0.0026602976 -0.010931883 0.9999367 -0.5621338
-0.4652867 -0.8849188 -0.014283536 15.776001 0.8850048 -0.46534202 0.000626437 -11.115723 -0.0071982304 -0.01234839 0.99989784 -0.57141113
-0.2952741 -0.95519656 -0.012461042 15.157593 0.9552417 -0.29535124 0.004848189 -11.28772 -0.008315587 -0.010471959 0.99991065 -0.57580566
-0.3463423 -0.9381587 -0.0104214605 15.627808 0.9381292 -0.3464402 0.009797792 -10.612671 -0.012797647 -0.0063818516 0.9998977 -0.57250977
-0.18150546 -0.98345727 -0.0073695267 15.072754 0.9833716 -0.18159315 0.0138228545 -10.640747 -0.014927587 -0.0047458564 0.9998774 -0.5871582
-0.22183344 -0.97499436 -0.0041107526 15.528564 0.97486633 -0.22187097 0.015806671 -9.776733 -0.016328841 -0.0004938403 0.99986655 -0.58032227
-0.07661007 -0.9970785 -0.0018512728 15.148926 0.99692464 -0.07663078 0.017530061 -9.807617 -0.017621271 -0.00050817523 0.9998447 -0.5986328
-0.11002004 -0.9938956 -0.0048401067 15.474609 0.99368644 -0.11009705 0.020544969 -8.981201 -0.020958545 -0.0025534118 0.9997772 -0.6047363
0.0362403 -0.9993232 -0.0040325606 15.161377 0.9990948 0.036143534 0.021908708 -9.012207 -0.021750247 -0.0048272307 0.99975187 -0.6208496
-0.0018517952 -0.9999851 -0.005059121 15.468262 0.9997157 -0.0019714287 0.023744954 -8.056885 -0.023760052 -0.0050178794 0.9997052 -0.6251221
0.12666252 -0.99191076 -0.0015311381 15.260742 0.99156994 0.12657805 0.026450811 -8.142822 -0.02604735 -0.0048732436 0.9996489 -0.6378174
0.089775726 -0.9959702 -0.00512226 15.550049 0.99560255 0.08959816 0.028101433 -7.0634766 -0.02753058 -0.0076148976 0.9995918 -0.6394043
0.12444627 -0.9922056 -0.0042719683 15.627319 0.9918803 0.1242914 0.026501475 -6.7019043 -0.025760287 -0.007539165 0.99963975 -0.65979004
0.16438659 -0.98641336 -0.0013611866 15.717041 0.9861397 0.16430822 0.023826811 -6.0976562 -0.023272403 -0.0052534076 0.9997152 -0.6713867
0.19376838 -0.98109365 0.0013945801 15.846313 0.98087627 0.19375488 0.020820543 -5.5964355 -0.020704374 -0.0026628952 0.99978215 -0.6855469
0.22178547 -0.97498184 0.003287211 15.972412 0.9748049 0.22180781 0.01859626 -5.013672 -0.018861845 -0.00092783663 0.9998218 -0.6965332
0.2435164 -0.9699576 0.0046934034 16.133667 0.9698077 0.2435613 0.017056977 -4.449341 -0.017689545 0.0003962819 0.9998434 -0.71691895
0.2599263 -0.9656535 0.006699581 16.30542 0.96550333 0.26000485 0.017152913 -3.8217773 -0.01830297 0.0020083033 0.9998305 -0.7319336
0.27032757 -0.96270335 0.007963065 16.479858 0.96254003 0.27043027 0.017963553 -3.217041 -0.019440113 0.002807389 0.999807 -0.73291016
0.28139037 -0.959556 0.008555612 16.666748 0.95935136 0.28150854 0.019986836 -2.5578613 -0.021585645 0.0025827896 0.99976367 -0.7524414
0.29251277 -0.9563168 0.008419514 16.878662 0.9560451 0.29263073 0.022838106 -1.8798828 -0.02430102 0.0013667591 0.99970376 -0.7669678
0.30246788 -0.95300686 0.008889642 17.088623 0.9526831 0.302597 0.024858454 -1.1854248 -0.02638557 0.0009519661 0.9996514 -0.78686523
0.31115872 -0.9503615 0.00937726 17.336548 0.9499631 0.31129968 0.027515512 -0.48425293 -0.029072609 0.00034416735 0.9995773 -0.7994385
0.32181212 -0.9467357 0.010190643 17.571655 0.9462727 0.32197335 0.02960907 0.2590332 -0.031312156 0.00011099735 0.9995097 -0.81689453
0.33253688 -0.94295955 0.010860059 17.831055 0.942456 0.3327141 0.030813359 0.99450684 -0.032672543 -1.1712662e-05 0.9994661 -0.83081055
0.3419224 -0.93956816 0.011473004 18.10437 0.93891436 0.34211284 0.03507959 1.7478027 -0.03687416 -0.00122311 0.9993189 -0.8535156
0.35455516 -0.9349658 0.012095328 18.383179 0.9341572 0.35475284 0.038963303 2.5048828 -0.040706657 -0.0025147072 0.9991676 -0.88049316
0.36627525 -0.9304795 0.0140682915 18.6781 0.92948854 0.36653516 0.043015864 3.2729492 -0.045182273 -0.0026900023 0.9989755 -0.90563965
0.37812728 -0.9256894 0.014275224 18.98877 0.92456496 0.37837395 0.04579454 4.0321045 -0.047796488 -0.0041236216 0.99884886 -0.93151855
0.39241716 -0.91968197 0.014934443 19.306396 0.9185306 0.39267656 0.046218276 4.8012695 -0.048364885 -0.004416913 0.99881965 -0.9592285
0.40447915 -0.91453505 0.01496119 19.642944 0.91339564 0.40472618 0.045891028 5.5512695 -0.04802023 -0.004896326 0.9988342 -0.98657227
0.4201399 -0.90738076 0.01418893 19.988403 0.90626925 0.42033425 0.04531862 6.311157 -0.047081362 -0.006176296 0.9988716 -1.0162354
0.43993393 -0.89782447 0.013199647 20.351196 0.89675176 0.4400635 0.044564657 7.060425 -0.04581685 -0.0077698105 0.99891955 -1.0477295
0.46247643 -0.8865603 0.0103897145 20.731567 0.88544667 0.46243465 0.04604538 7.804199 -0.04562643 -0.012106144 0.99888563 -1.0749512
0.48956278 -0.8718433 0.008101807 21.135864 0.87071365 0.48936665 0.04718452 8.544922 -0.045107163 -0.016049966 0.99885345 -1.1032715
0.51922625 -0.8547297 0.007519371 21.57434 0.85361326 0.5189641 0.047275454 9.27478 -0.04430871 -0.018120898 0.9988531 -1.1385498
0.5469906 -0.8370343 0.007878415 22.030273 0.8359324 0.54671276 0.047004305 9.984131 -0.043656908 -0.019128721 0.99886364 -1.1601562
0.5758209 -0.81766564 0.007816743 22.551636 0.8166096 0.5755193 0.046187785 10.694946 -0.042257786 -0.020207984 0.998902 -1.1850586
0.602135 -0.79829824 0.0069698533 23.038574 0.79729944 0.6017789 0.045510728 11.383301 -0.040525258 -0.021847578 0.99893963 -1.2036133
0.6271739 -0.7788092 0.004507255 23.590454 0.77795786 0.6267401 0.043479204 12.05481 -0.036682304 -0.02376305 0.99904436 -1.2330322
0.65355045 -0.7567838 0.005650163 24.13684 0.756104 0.6532482 0.038149063 12.718994 -0.03256128 -0.020661887 0.9992562 -1.251709
0.67537975 -0.7374795 0.00705915 24.73706 0.7370121 0.67524284 0.030386768 13.331421 -0.02717389 -0.0153144775 0.99951315 -1.2678223
0.6994346 -0.71464807 0.009018778 25.323364 0.71438295 0.69944257 0.021189628 13.958008 -0.021447852 -0.008376462 0.99973476 -1.2799072
0.71880925 -0.6951423 0.010972716 25.961182 0.69499767 0.7188875 0.014444888 14.543945 -0.017926456 -0.0027598105 0.99983543 -1.2889404
0.73752236 -0.6751333 0.015098968 26.600708 0.6751377 0.7376518 0.005573577 15.1171875 -0.014899009 0.006083773 0.9998705 -1.2944336
0.7573643 -0.6528949 0.013250627 27.247803 0.6529953 0.7573763 -0.0051330193 15.677368 -0.0066850223 0.012538253 0.9998991 -1.2913818
0.7734707 -0.6338356 0.0056279646 27.908447 0.6338232 0.7732983 -0.017716687 16.20459 0.0068776794 0.017269596 0.99982727 -1.2796631
0.78935134 -0.6137209 -0.0075935684 28.570679 0.61329055 0.78916466 -0.029673785 16.716064 0.024209801 0.0187674 0.999531 -1.2678223
0.80487764 -0.59300834 -0.021563046 29.233643 0.59202397 0.804954 -0.03884169 17.211426 0.040392343 0.018495895 0.99901277 -1.2503662
0.8202497 -0.5714815 -0.027894577 29.921509 0.57001525 0.82042027 -0.04659823 17.697021 0.04950981 0.022322271 0.99852383 -1.2067871
0.8353471 -0.54880446 -0.029309165 30.630127 0.5470916 0.8354473 -0.050699454 18.17456 0.052311696 0.026313823 0.99828434 -1.1514893
0.8478147 -0.5295734 -0.027342424 31.354736 0.52788526 0.8477582 -0.051263526 18.623657 0.050331324 0.029031172 0.99831086 -1.1038818
0.86001647 -0.50984025 -0.020497143 32.086426 0.50840765 0.8596287 -0.050445195 19.060303 0.04334558 0.032958746 0.9985158 -1.0556641
0.87051827 -0.49195194 -0.012658485 32.82715 0.4907077 0.8696855 -0.053223748 19.475464 0.037192028 0.04012347 0.9985027 -1.0048828
0.87767124 -0.47913614 -0.010098473 33.57019 0.47793475 0.876638 -0.055356883 19.870361 0.035378695 0.043755945 0.9984153 -0.9532471
0.8836971 -0.46792942 -0.011241195 34.3136 0.46657357 0.88254297 -0.05857219 20.257446 0.03733319 0.04651769 0.99821943 -0.9141846
0.88910633 -0.45754713 -0.012754852 35.023438 0.45605043 0.88789123 -0.060740612 20.625366 0.039114773 0.048187673 0.99807215 -0.86987305
0.89349294 -0.4486147 -0.018849991 35.776 0.44700724 0.89268416 -0.056923684 20.99939 0.042366955 0.042431414 0.99820054 -0.833374
0.9003954 -0.4347868 -0.018389387 36.492065 0.4333195 0.89965296 -0.054285984 21.362549 0.0401458 0.040911194 0.99835545 -0.79541016
0.90368825 -0.42787412 -0.017952278 37.243042 0.4263525 0.9028349 -0.056233577 21.71106 0.04027143 0.043161996 0.9982554 -0.75683594
0.90739244 -0.4199705 -0.01751328 37.994263 0.41833174 0.90634614 -0.059811477 22.053955 0.040991403 0.04694573 0.9980557 -0.71118164
0.909778 -0.41451067 -0.020079516 38.738647 0.41267675 0.9087418 -0.06166041 22.40625 0.043821864 0.0478045 0.99789363 -0.67858887
0.9088371 -0.4166428 -0.022605864 39.523926 0.41464654 0.90787673 -0.06256172 22.767578 0.046585266 0.047487475 0.99778473 -0.63879395
0.9075361 -0.41953647 -0.020753058 40.315063 0.41755053 0.9064165 -0.064227104 23.134888 0.045747332 0.049625363 0.9977201 -0.59436035
0.90439016 -0.42620936 -0.020154107 41.11316 0.4243267 0.90334713 -0.062376108 23.519287 0.044800542 0.04785435 0.9978478 -0.5391846
0.90065724 -0.43408716 -0.020771153 41.927612 0.4322655 0.8997588 -0.06020707 23.918823 0.044828475 0.045247708 0.9979688 -0.49291992
0.8970022 -0.4415207 -0.021631332 42.7583 0.43971032 0.8962141 -0.058964666 24.33081 0.045417782 0.043376695 0.99802554 -0.45373535
0.89329225 -0.44884488 -0.02238903 43.57776 0.44709802 0.89264596 -0.056746025 24.750122 0.045462195 0.04067973 0.9981374 -0.40820312
0.8907975 -0.4537577 -0.024008244 44.43396 0.4521057 0.8903703 -0.05323586 25.191895 0.045531362 0.036570303 0.99829364 -0.36242676
0.88992155 -0.45543253 -0.025398927 45.278076 0.45394778 0.8897227 -0.048459068 25.636353 0.044670384 0.031596534 0.99850196 -0.31555176
0.8894909 -0.4563174 -0.025836142 46.159058 0.45495406 0.8894051 -0.045413703 26.098633 0.043697342 0.02864118 0.9986339 -0.26550293
0.8899709 -0.45535037 -0.025561327 47.04895 0.4540772 0.88992554 -0.043503202 26.569824 0.042551875 0.02710609 0.998726 -0.21813965
0.8906145 -0.45400697 -0.025220381 47.93335 0.45274076 0.8905506 -0.043560393 27.028198 0.04224194 0.027375905 0.99873215 -0.17370605
0.89064425 -0.45400986 -0.024525471 48.860596 0.45279762 0.8905743 -0.0427258 27.5 0.04124105 0.026947439 0.9987857 -0.12548828
0.89058304 -0.45418388 -0.023732841 49.78418 0.45299938 0.8904849 -0.04256761 27.974243 0.040470812 0.027158814 0.9988114 -0.072631836
0.890269 -0.45498267 -0.022672676 50.70996 0.4538567 0.8901502 -0.041817155 28.460571 0.03920383 0.026938649 0.99886775 -0.018920898
0.89012015 -0.4550514 -0.022680277 51.657227 0.45399657 0.89004993 -0.03998854 28.950317 0.03838431 0.02529525 0.9989429 0.028076172
0.8904072 -0.454685 -0.022131553 52.570557 0.45367354 0.8903351 -0.039204296 29.4375 0.037528582 0.024866506 0.99898577 0.07788086
0.8900373 -0.4554152 -0.02301 53.515137 0.45443165 0.8900299 -0.037897103 29.926392 0.03774052 0.023277199 0.9990163 0.12683105
0.8891109 -0.45715347 -0.021702113 54.464844 0.45623374 0.8890789 -0.036982358 30.398071 0.036204882 0.02297488 0.9990797 0.18164062
0.8879993 -0.459379 -0.01800247 55.373047 0.45860428 0.8878829 -0.03524052 30.884033 0.03217961 0.023035876 0.99921644 0.23254395
0.886435 -0.46254662 -0.016389288 56.311523 0.4618007 0.886264 -0.035511635 31.36438 0.030952672 0.023909403 0.99923474 0.27575684
0.8850207 -0.4653124 -0.01612884 57.22754 0.46458775 0.8848562 -0.035013523 31.854858 0.030557636 0.02349328 0.9992568 0.33007812
0.8838827 -0.4673842 -0.01561517 58.135254 0.46665597 0.88369256 -0.03550333 32.338745 0.030395184 0.024087679 0.99924725 0.37646484
0.8829802 -0.46921557 -0.016017692 59.08008 0.46846732 0.8827956 -0.035836793 32.838013 0.030951982 0.02414027 0.9992293 0.4182129
0.88311845 -0.46883026 -0.017560545 59.960205 0.46804258 0.8829808 -0.03591697 33.31421 0.032342404 0.023496239 0.99920034 0.4645996
0.88435435 -0.46639666 -0.020943688 60.862305 0.46554747 0.8843381 -0.035483308 33.77942 0.03506774 0.021627832 0.9991507 0.5163574
0.8860776 -0.46300882 -0.022850305 61.821533 0.4621354 0.8861355 -0.035036087 34.280273 0.036468416 0.020484587 0.9991247 0.5629883
0.88993675 -0.45564863 -0.021773068 62.66797 0.4548241 0.8899646 -0.034281 34.745117 0.03499433 0.020606818 0.99917495 0.6019287
0.8925208 -0.45064935 -0.015945703 63.59131 0.44996047 0.89236146 -0.034051366 35.20215 0.029575348 0.023215536 0.99929297 0.661499
0.89521044 -0.44532073 -0.016751096 64.49805 0.4447024 0.89513576 -0.031061765 35.66638 0.028826125 0.020358922 0.99937725 0.7095947
0.89729637 -0.4409834 -0.018144194 65.40625 0.44029117 0.8972285 -0.032569602 36.114136 0.030647036 0.02123215 0.9993045 0.75439453
0.9002704 -0.43482164 -0.020277586 66.28735 0.43404427 0.90023845 -0.03382955 36.5531 0.032963745 0.021652948 0.999222 0.79504395
0.90274477 -0.4296803 -0.021732302 67.177734 0.42890757 0.9027791 -0.032765023 36.99524 0.0336975 0.020255648 0.99922657 0.8417969
0.9042476 -0.4264615 -0.023087282 68.09741 0.42569935 0.9043462 -0.03167146 37.432983 0.034386218 0.018812988 0.9992316 0.8914795
0.9056345 -0.42349777 -0.022184037 68.9895 0.42277148 0.90571135 -0.031109901 37.86438 0.033265173 0.018793851 0.9992698 0.9440918
0.907539 -0.4197362 -0.013096629 69.85425 0.41926444 0.9074063 -0.028430887 38.26892 0.023817498 0.020310583 0.99951005 0.9815674
0.90818 -0.4186647 -0.003556922 70.78516 0.4184636 0.90795124 -0.024408069 38.684204 0.013448425 0.020677539 0.99969566 1.0187988
0.90921277 -0.41638407 -0.00048138388 71.67163 0.4162699 0.9089895 -0.022382483 39.099243 0.009756187 0.020148935 0.9997494 1.0556641
0.9093925 -0.41583464 -0.005426706 72.54736 0.41558456 0.90917444 -0.025178922 39.50183 0.015407179 0.020642765 0.9996682 1.0793457
0.90977216 -0.4149049 -0.010853708 73.42627 0.4144799 0.9095853 -0.028468352 39.901 0.021685759 0.02139998 0.99953574 1.1091309
0.9104666 -0.4135051 -0.009723649 74.31372 0.4129606 0.91009194 -0.035025015 40.29492 0.0233326 0.027871331 0.9993389 1.138916
0.91022855 -0.4139676 -0.0074171154 75.20117 0.4134429 0.9097402 -0.037119493 40.68457 0.022118717 0.030719008 0.9992831 1.1767578
0.9104352 -0.41360036 -0.0045293216 76.088135 0.4132054 0.90995 -0.035069093 41.09314 0.018630713 0.03005524 0.9993743 1.2102051
0.90997255 -0.41460738 -0.00087712146 76.9646 0.4143862 0.9095527 -0.030797299 41.496216 0.013567975 0.027660102 0.9995253 1.2351074
0.90924114 -0.41629508 0.004104855 77.843994 0.41624978 0.9088786 -0.026724545 41.90674 0.0073908996 0.026008055 0.99963456 1.2584229
0.90916467 -0.41642052 0.0023179096 78.69873 0.41639483 0.9090114 -0.017479103 42.32361 0.005171827 0.016856639 0.99984455 1.286499
0.90791434 -0.41922313 -0.00014955272 79.55908 0.41920438 0.9078773 -0.009114905 42.73535 0.0039566103 0.008212637 0.9999584 1.3009033
0.9071136 -0.42088854 0.0026170246 80.428955 0.42089117 0.9070524 -0.010748674 43.145508 0.0021500876 0.010851927 0.9999387 1.3192139
0.9059902 -0.42337713 0.0038982073 81.30127 0.42338225 0.90585226 -0.016143735 43.54956 0.0033023972 0.016276155 0.999862 1.338623
0.9029991 -0.42972672 0.0020047966 82.15869 0.42968842 0.9028329 -0.018356264 43.946777 0.006076156 0.017437108 0.9998295 1.3500977
0.8991109 -0.437747 0.0051629297 83.00903 0.43774992 0.8988596 -0.02181739 44.36328 0.004907536 0.021875896 0.99974865 1.3756104
0.8951451 -0.44558826 0.009303296 83.86548 0.44566342 0.89469945 -0.028588928 44.776123 0.0044163414 0.02973787 0.99954796 1.3914795
0.88960844 -0.45667657 0.008687059 84.70874 0.45673296 0.88919294 -0.02761918 45.202393 0.0048895087 0.028537478 0.9995806 1.4069824
0.8842797 -0.46690372 0.008324521 85.52588 0.46696213 0.88396305 -0.023977034 45.651978 0.003834612 0.02508929 0.99967784 1.4204102
0.87769985 -0.47912714 0.012938599 86.36133 0.4793019 0.8773965 -0.023079436 46.101685 -0.0002991372 0.026459299 0.99965 1.4353027
0.8715247 -0.4902269 0.013701224 87.18799 0.49041745 0.87123823 -0.02235822 46.560303 -0.0009757844 0.026204016 0.999656 1.4482422
0.865203 -0.5012817 0.013989074 87.98413 0.5014752 0.8649354 -0.021558605 47.036133 -0.0012932847 0.025667809 0.9996697 1.4520264
0.85767853 -0.5138348 0.0166724 88.8064 0.51410127 0.8573486 -0.023876756 47.51477 -0.002026475 0.02905282 0.999576 1.47229
0.8508597 -0.52535886 0.0126409205 89.59766 0.52549815 0.85042447 -0.027459607 48.004395 0.0036735155 0.030006379 0.99954295 1.4761963
0.84385645 -0.5365099 0.0060501024 90.37134 0.53640896 0.8433373 -0.031953894 48.497314 0.01203955 0.03021072 0.9994711 1.494873
0.8355742 -0.549319 0.002404633 91.14014 0.5490522 0.8350145 -0.035126135 48.99707 0.017291287 0.030671382 0.9993799 1.5183105
0.8297642 -0.5580598 0.0028519742 91.9043 0.557823 0.8292394 -0.033805683 49.524902 0.01650171 0.029639646 0.9994243 1.5322266
0.8221813 -0.5692446 0.007027782 92.666016 0.569171 0.82169956 -0.030405106 50.059326 0.011536231 0.02899573 0.9995127 1.5688477
0.8161995 -0.57781816 0.0043594856 93.40967 0.57767946 0.8157824 -0.029320631 50.58618 0.013385517 0.026449911 0.9995605 1.5882568
0.81276155 -0.58268654 -0.0039272457 94.14526 0.5823486 0.81248736 -0.029229332 51.140625 0.020220833 0.021467915 0.9995649 1.6191406
0.80820596 -0.5887474 -0.014066629 94.89136 0.58825296 0.8081991 -0.028129112 51.69629 0.027925048 0.014462867 0.9995056 1.6478271
0.80599314 -0.591536 -0.01862065 95.63599 0.59097606 0.80612165 -0.028316341 52.25 0.03176021 0.011817861 0.9994257 1.6846924
0.8038812 -0.5945333 -0.019891119 96.375 0.5940493 0.80408025 -0.02551558 52.805176 0.03115888 0.008697221 0.9994766 1.7236328
0.7998866 -0.5998564 -0.020452783 97.1084 0.5994109 0.8001169 -0.02416617 53.37622 0.030861326 0.0070691314 0.9994985 1.7661133
0.7968298 -0.6039049 -0.018313041 97.85181 0.6035373 0.7970136 -0.022049144 53.938965 0.027912088 0.006516205 0.9995891 1.8000488
0.79240316 -0.60987645 -0.01379237 98.59424 0.60954833 0.7924726 -0.021915844 54.492188 0.024294686 0.008959043 0.9996648 1.8289795
0.788822 -0.6145637 -0.012155205 99.32837 0.61431485 0.78887945 -0.019052671 55.06909 0.021294478 0.0075639486 0.9997447 1.8671875
0.78516215 -0.61903745 -0.015234078 100.04907 0.61883336 0.7853029 -0.016233243 55.649902 0.022016507 0.003316328 0.9997521 1.8991699
0.78052163 -0.6248361 -0.023201618 100.74121 0.62476915 0.7808437 -0.010918927 56.21875 0.024938306 -0.0059705395 0.9996713 1.9248047
0.77617556 -0.6299675 -0.024911866 101.437256 0.6298711 0.7765524 -0.012531033 56.787354 0.027240252 -0.005968661 0.9996111 1.963501
0.77082056 -0.6365945 -0.024313688 102.15015 0.63637245 0.7712 -0.0169844 57.3667 0.029561969 -0.002378786 0.9995602 2.0041504
0.76709247 -0.6411642 -0.02377438 102.846436 0.6409919 0.76745266 -0.015268205 57.95581 0.02803444 -0.0035247887 0.9996008 2.03833
0.76141477 -0.64792866 -0.020086335 103.52881 0.6478458 0.76166695 -0.011273403 58.53833 0.022601373 -0.0044331094 0.9997346 2.0787354
0.7570566 -0.65311694 -0.017329235 104.22168 0.6530526 0.7572454 -0.009925274 59.137207 0.019606465 -0.0038059154 0.9998005 2.1151123
0.75237054 -0.65821785 -0.022078523 104.90503 0.65816474 0.752666 -0.010620991 59.744385 0.02361106 -0.006543465 0.9996999 2.1445312
0.74791914 -0.6633623 -0.023343747 105.569824 0.6632581 0.74826163 -0.013072435 60.340576 0.026140476 -0.00570769 0.99964195 2.1695557
0.7430126 -0.6688308 -0.023953795 106.23657 0.66874075 0.7433702 -0.012775779 60.950684 0.026351308 -0.0065299557 0.9996313 2.2043457
0.7386527 -0.67372894 -0.023773227 106.903564 0.6736592 0.7390007 -0.012028191 61.571533 0.025673185 -0.007125737 0.9996451 2.2357178
0.73265857 -0.6803517 -0.02071496 107.563965 0.6802136 0.73294204 -0.014189836 62.180176 0.02483739 -0.0036916123 0.99968475 2.2684326
0.7266909 -0.6866843 -0.016862983 108.23877 0.68648076 0.7268863 -0.016732603 62.79956 0.023748279 0.000582641 0.9997179 2.3045654
0.7223698 -0.6913436 -0.016185638 108.917725 0.69112045 0.72254944 -0.017635688 63.437256 0.023885364 0.0015557846 0.99971354 2.347046
0.7166444 -0.6972089 -0.021108728 109.54248 0.697105 0.7169357 -0.013153401 64.071045 0.024302116 -0.005286897 0.9996908 2.375
0.71228355 -0.7014815 -0.0229418 110.194336 0.7014334 0.7126085 -0.011431893 64.71484 0.0243702 -0.007951321 0.99967146 2.3969727
0.70952934 -0.70438325 -0.019846667 110.85303 0.70429975 0.7097864 -0.012110846 65.36743 0.022618338 -0.0053850757 0.9997297 2.4414062
0.70627207 -0.7078325 -0.018601317 111.47656 0.7077239 0.70650595 -0.013021772 65.99463 0.022357672 -0.003966794 0.99974215 2.4700928
0.7026138 -0.7113677 -0.017963246 112.1311 0.7111839 0.70284206 -0.0162299 66.65015 0.0241698 -0.0013712496 0.999707 2.4943848
0.69744515 -0.7165611 -0.012187451 112.778076 0.71634686 0.69754153 -0.017926317 67.27832 0.021345958 0.0037706988 0.999765 2.5195312
0.6942332 -0.7198472 -0.0051301215 113.403564 0.7196238 0.69416726 -0.020958653 67.91113 0.018647544 0.010859305 0.9997672 2.5531006
0.69064456 -0.72311187 -0.0010521095 114.02759 0.7229102 0.69048506 -0.022653066 68.57593 0.017109845 0.014883154 0.9997428 2.5767822
0.6876664 -0.72594243 -0.00379852 114.64868 0.7257045 0.687559 -0.022523152 69.23901 0.018965103 0.012729451 0.999739 2.595459
0.6850029 -0.72844875 -0.007421596 115.26099 0.72815526 0.68496317 -0.023173837 69.88159 0.021964375 0.010469683 0.9997039 2.6176758
0.6836724 -0.72961074 -0.008023575 115.86499 0.72935474 0.6836653 -0.021161119 70.5542 0.020927824 0.008614177 0.9997438 2.6447754
0.6830878 -0.73032594 -0.0069184937 116.47998 0.7301046 0.68306935 -0.01990177 71.20679 0.019261688 0.0085455105 0.99977803 2.6744385
0.6829845 -0.73049873 -0.0024553498 117.085205 0.73037523 0.68292415 -0.01638845 71.86157 0.013646243 0.009398988 0.9998627 2.7054443
0.6808464 -0.73247075 0.0004932431 117.69141 0.73241913 0.68079025 -0.012341306 72.52002 0.0087032 0.008764434 0.99992365 2.7287598
0.6810202 -0.7323181 0.0027128 118.29639 0.7322886 0.6809476 -0.012217803 73.17627 0.0070986785 0.0103066955 0.9999216 2.7451172
0.6810046 -0.7322878 -9.384751e-05 118.88916 0.7322042 0.6809287 -0.015031801 73.81323 0.011069725 0.010169588 0.999887 2.764038
0.68047166 -0.7327157 -0.003440699 119.482666 0.7325669 0.68041545 -0.017503252 74.46069 0.01516793 0.009389948 0.9998408 2.788208
0.67986745 -0.7333793 -0.0042206 120.0708 0.73325026 0.6798381 -0.015714105 75.10889 0.014392319 0.0075888964 0.99986756 2.8078613
0.6798029 -0.7332057 -0.0048949756 120.657715 0.7330864 0.6797903 -0.014685964 75.74634 0.014097694 0.0063933637 0.99988014 2.828003
0.6788901 -0.73425406 -0.0013017682 121.25195 0.7341431 0.6788164 -0.016260384 76.383545 0.012823103 0.010083259 0.99986696 2.8587646
0.6790376 -0.73414826 -0.003181888 121.84497 0.73400337 0.67897874 -0.017392969 77.03784 0.014929586 0.009476135 0.9998436 2.8875732
0.6786191 -0.7343161 -0.012029087 122.41211 0.73419416 0.67872554 -0.013386025 77.67114 0.017993338 0.00025020447 0.999838 2.9056396
0.677873 -0.73492944 -0.01745078 122.99805 0.7348514 0.6780799 -0.011753528 78.31348 0.020473916 -0.0048551625 0.9997787 2.9239502
0.67821836 -0.73479265 -0.018932313 123.58325 0.7346675 0.67846924 -0.014213302 78.95337 0.023285894 -0.0042692777 0.99971956 2.956543
0.67790216 -0.73505795 -0.017396009 124.1543 0.7348887 0.6781224 -0.01590048 79.59595 0.023480494 -0.0020050472 0.9997221 2.9975586
0.6763711 -0.7362508 -0.01853393 124.71167 0.7360604 0.6766213 -0.016893111 80.21924 0.024978468 -0.002214692 0.9996857 3.0147705
0.67486 -0.7378491 -0.013428502 125.29932 0.73761976 0.6749886 -0.018588271 80.85303 0.022773668 0.00263839 0.99973714 3.0406494
0.67298245 -0.7396328 -0.004150875 125.87598 0.73940873 0.6728991 -0.02145619 81.482666 0.01866512 0.011370198 0.9997612 3.0786133
0.6714554 -0.74106723 0.0033393353 126.44678 0.74097764 0.6712878 -0.019209825 82.10571 0.011992474 0.0153724365 0.99981004 3.1086426
0.6687091 -0.7435175 0.0063018613 126.99902 0.7434546 0.6684732 -0.021184936 82.717285 0.011536938 0.018853396 0.99975586 3.1273193
0.66477674 -0.7469522 0.002842471 127.54443 0.74678713 0.66453916 -0.023881141 83.34717 0.015952677 0.017996004 0.9997108 3.158081
0.65960675 -0.7516672 0.0022144057 128.12012 0.7514247 0.659313 -0.027504262 83.99414 0.019216817 0.019805478 0.9996191 3.1697998
0.653459 -0.75687444 0.00027872808 128.64185 0.7565934 0.6532061 -0.02749589 84.60498 0.020629447 0.018182622 0.9996221 3.1878662
0.6463335 -0.7632041 0.0070160925 129.17432 0.7630724 0.64597696 -0.02666789 85.23096 0.015815549 0.022586524 0.99961984 3.2158203
0.6372263 -0.7706605 0.014138489 129.6792 0.7706821 0.63672286 -0.028425157 85.839355 0.0128997695 0.029008728 0.999496 3.243042
0.6261203 -0.7795454 0.013905741 130.22583 0.77951944 0.62555087 -0.030759465 86.5188 0.015283949 0.030093111 0.99943006 3.2746582
0.61480427 -0.78856754 0.0145581 130.71436 0.78852654 0.6141735 -0.03242679 87.14258 0.016635988 0.03141686 0.9993678 3.2976074
0.60415787 -0.79658574 0.016153568 131.15991 0.7965589 0.6034463 -0.034104507 87.73584 0.017420413 0.033470932 0.99928784 3.3220215
0.59325224 -0.80502343 0.015988588 131.63354 0.8049474 0.59248286 -0.03591123 88.37305 0.019436339 0.034168057 0.99922687 3.3465576
0.582087 -0.8129879 0.011859858 132.10303 0.8126905 0.581302 -0.03921233 89.033936 0.024985287 0.032465905 0.99916065 3.376587
0.5717666 -0.8205787 -0.0015597921 132.4939 0.8197907 0.57129914 -0.042770892 89.62866 0.035976112 0.023172136 0.9990838 3.402588
0.5590715 -0.82880247 -0.016185995 132.94727 0.82774264 0.5592011 -0.043275107 90.31177 0.044931754 0.010803217 0.99893224 3.4365234
