1.000000000000000000e+00 -3.306050084167601550e-19 -2.270457535318767223e-19 -8.673617379884035472e-19 7.546676715296109287e-19 1.000000000000000000e+00 6.237773588823049983e-19 1.387778780781445676e-17 -3.447385680526250622e-20 4.770700176052009879e-20 1.000000000000000222e+00 5.551115123125782702e-17
9.999245596362452693e-01 1.850744727361399279e-03 1.214364623892256675e-02 5.268790016416562833e-02 -1.840680220936199811e-03 9.999979268279272082e-01 -8.398531096936374171e-04 8.819367593128471516e-03 -1.214517828221955455e-02 8.174314303360820638e-04 9.999259389241640372e-01 2.234357803678604926e-02
9.993164392618020253e-01 4.655320481697144963e-03 3.667488069898193481e-02 2.693898227738105583e-02 -4.644326339685149636e-03 9.999891110917830117e-01 -3.850335178484427952e-04 -1.731092745606024885e-03 -3.667627545033466663e-02 2.143827668723737576e-04 9.993271786999128325e-01 2.249789020312369658e-01
9.979469143396448860e-01 5.593098700641719462e-03 6.381829048783874136e-02 5.361350809475189105e-02 -5.671198294259506209e-03 9.999833922182781443e-01 1.042903677395898895e-03 -6.705121048675793949e-03 -6.381140304198770763e-02 -1.402593083099454773e-03 9.979620393473812578e-01 4.206873965605749666e-01
9.952963056836744427e-01 4.651152130824995345e-03 9.676231883315901394e-02 1.097195808907535375e-01 -5.036858945851506453e-03 9.999803055795319917e-01 3.740736904409513574e-03 -3.151725010782563396e-03 -9.674302497003918477e-02 -4.210366516398228974e-03 9.953001328163837425e-01 5.569901822421465809e-01
9.908851944858304561e-01 7.802934367232681632e-04 1.347112270404899059e-01 1.852684910386564465e-01 -1.586579077025567636e-03 9.999814344088951978e-01 5.878516015892211455e-03 -6.168539109335555159e-03 -1.347041471558111381e-01 -6.038701011869012335e-03 9.908681237603040870e-01 7.719669680263872014e-01
9.845830479224152443e-01 -2.228764464387025194e-03 1.749202427473815491e-01 2.601358314607992162e-01 1.079883093886760143e-03 9.999772191459519455e-01 6.662743903988602341e-03 -9.886245511426347554e-03 -1.749311318971726870e-01 -6.371139843572143184e-03 9.845629772172165284e-01 9.319680979746287619e-01
9.759124085028485496e-01 -2.623855087679004272e-03 2.181737504872388878e-01 3.471167825426245690e-01 9.873163572174481310e-04 9.999705223684762778e-01 7.613719588477880704e-03 -9.978032733800920595e-03 -2.181873095199893253e-01 -7.215071716869570634e-03 9.758863018786143595e-01 1.146101521824009595e+00
9.645999620684087006e-01 -2.865452288005712698e-03 2.636966650779801191e-01 4.494222843913666665e-01 7.300198601876876448e-05 9.999438559362886503e-01 1.059826727034110863e-02 -6.993370044750105152e-03 -2.637122565278768871e-01 -1.020374302008471290e-02 9.645459666174953650e-01 1.347134470078759305e+00
9.503189312783183462e-01 -7.169839222402305673e-03 3.112318482345035608e-01 5.807034869783228581e-01 1.803845019222679322e-03 9.998447685887882352e-01 1.752786566346754837e-02 -2.089891376522698407e-03 -3.113092454485811844e-01 -1.609588092230961748e-02 9.501843674165242337e-01 1.589229674359417199e+00
9.332277802852297910e-01 -1.613148169549060568e-02 3.588411633061329709e-01 7.197483749565112277e-01 7.288526351793112035e-03 9.996359356295098086e-01 2.597212843460342327e-02 -1.328435342236626571e-02 -3.591296117991544801e-01 -2.162113141757546556e-02 9.330056273660528587e-01 1.803339013890070675e+00
9.118453946380404851e-01 -2.217063892379140741e-02 4.099735092927064284e-01 8.713078705540719948e-01 1.041924722420023083e-02 9.994687684953175166e-01 3.088144968089484924e-02 -1.305571823920109731e-02 -4.104404689726947608e-01 -2.388691182429366483e-02 9.115920925886881188e-01 2.052980784876320630e+00
8.869242182981093015e-01 -2.419965146551623578e-02 4.613341908218998588e-01 1.061741359212366342e+00 8.911630445464667136e-03 9.993372790759587065e-01 3.529543626854524108e-02 -9.163845549287882863e-03 -4.618826174892289305e-01 -2.719390876892927369e-02 8.865521208090682004e-01 2.281410829094368875e+00
8.586543970874763732e-01 -2.578862537968034177e-02 5.120138316893743102e-01 1.242647283232844790e+00 6.575099518351853675e-03 9.992055444479487347e-01 3.929732873539167753e-02 6.458760654676334867e-03 -5.126207315484518912e-01 -3.037726878567224148e-02 8.581416882939819635e-01 2.515501254401016240e+00
8.274664998699293728e-01 -3.126448636399099812e-02 5.605567804564347556e-01 1.472423238856897854e+00 7.961275061490689572e-03 9.990016079353399858e-01 4.396350516306908596e-02 1.120751405184759741e-02 -5.613714722263414281e-01 -3.191564329113248666e-02 8.268892787837811564e-01 2.724500802534760346e+00
7.906475081454663600e-01 -3.733049198508398697e-02 6.111603287353649661e-01 1.702383952876282303e+00 1.013602207721462506e-02 9.988009905919015274e-01 4.789242938985582149e-02 1.417807434375145670e-02 -6.122153376245603740e-01 -3.167414846031737369e-02 7.900776276473674420e-01 2.962027531261886004e+00
7.527361126248056644e-01 -4.117896194798829901e-02 6.570659002557571737e-01 1.971703384580639096e+00 1.077320250744360011e-02 9.986786284059807617e-01 5.025164322520696975e-02 2.336599643411238492e-02 -6.582669199408973659e-01 -3.074942664169455150e-02 7.521850814904235127e-01 3.163130043366397803e+00
7.138946915283881367e-01 -4.521932530555090174e-02 6.988291339271370806e-01 2.253399750810258340e+00 1.227169392522132509e-02 9.985678452260335902e-01 5.207356721158768603e-02 3.660750148271819243e-02 -7.001825977523649103e-01 -2.860755449458810343e-02 7.134265380479771768e-01 3.391449784672048384e+00
6.716801712872039198e-01 -4.837377694149395252e-02 7.393187341227082099e-01 2.553083262727059655e+00 1.218360627516752726e-02 9.984522075508553973e-01 5.426979261316181025e-02 5.000615471972114784e-02 -7.407996596777992604e-01 -2.744546327789900916e-02 6.712300379061730826e-01 3.589658633897589546e+00
6.283988869113869002e-01 -4.758401731444778654e-02 7.765051800391883363e-01 2.894004509401884917e+00 6.658961185177156294e-03 9.984198847955993994e-01 5.579451293234535814e-02 7.705198170379218281e-02 -7.779333180802446845e-01 -2.989170152564308777e-02 6.277226849923853713e-01 3.814205819296181854e+00
5.868300570578663944e-01 -4.854231523906529094e-02 8.082447909438543743e-01 3.236559480026792279e+00 4.101933511937103267e-03 9.983667423714668310e-01 5.698134673106473869e-02 8.870915302268084224e-02 -8.096908531794351216e-01 -3.012218817543032764e-02 5.860707696357609908e-01 4.020791374474488755e+00
5.474916031130209193e-01 -4.978921435343924840e-02 8.353331867083044759e-01 3.618536462986534641e+00 2.074246300406245094e-03 9.983059921631355360e-01 5.814438667246860093e-02 1.111547114815475829e-01 -8.368133175628893472e-01 -3.009805653359839614e-02 5.466675670010654464e-01 4.225873495321138762e+00
5.090156423967766575e-01 -5.263157881003815985e-02 8.592248043800668755e-01 4.031728841050957968e+00 6.870375201796912476e-04 9.981534389438613264e-01 6.072309095344241570e-02 1.261957136531632884e-01 -8.608351305150778732e-01 -3.031148139544444578e-02 5.081118210450737971e-01 4.438081310632428611e+00
4.705819279711799807e-01 -5.199316418957367070e-02 8.808691690172156807e-01 4.462937077899377769e+00 -2.655285363162185070e-03 9.981744539359386215e-01 6.034896233496949564e-02 1.474988971494053946e-01 -8.823983811216667972e-01 -3.074428353983897980e-02 4.695847588399518768e-01 4.639633287882800161e+00
4.343621929970680751e-01 -5.164345843963464439e-02 8.994056264667894540e-01 4.937458380989714790e+00 -3.481358050155563232e-03 9.982513570144165849e-01 5.901243309584271179e-02 1.711676294907111540e-01 -9.008806466933675372e-01 -2.876538409403768537e-02 4.334228054839683320e-01 4.827129562637980875e+00
4.004104681651172171e-01 -5.029868305894968916e-02 9.150360826109585899e-01 5.430881394192891953e+00 -2.299161821887214623e-03 9.984339501436308995e-01 5.589297611387013254e-02 1.972315200826939841e-01 -9.164147923160291809e-01 -2.448319676287152163e-02 3.996677722716200920e-01 5.022016682139998522e+00
3.720731812684733297e-01 -4.872114712460227232e-02 9.269765967934411321e-01 5.945118763150137653e+00 -2.907659349826351635e-04 9.986148002536663348e-01 5.260898082786575475e-02 2.211584256655870773e-01 -9.282567660469517312e-01 -1.983159247779787276e-02 3.715441623567973251e-01 5.193221455608732384e+00
3.452716553979902070e-01 -4.715244626782121029e-02 9.372261605438836352e-01 6.498841081448218482e+00 4.175721034600313468e-04 9.987446467619718327e-01 5.009991127370169717e-02 2.491827630870667165e-01 -9.384113068325101725e-01 -1.691404239465333498e-02 3.448579723323019208e-01 5.380511852371339110e+00
3.246468064259986908e-01 -4.699576598980017422e-02 9.446393932899913581e-01 7.071554138351116237e+00 1.986488755440452610e-03 9.987967158800346024e-01 4.900562325931804436e-02 2.776120119112248652e-01 -9.458053264936608917e-01 -1.404296099655249347e-02 3.243491448444643099e-01 5.574062500583963242e+00
3.105925794423233244e-01 -4.815010543176385938e-02 9.493057649739612414e-01 7.666631758592453494e+00 2.559176977381120294e-03 9.987543165230128306e-01 4.983723929609473746e-02 3.061226211696779220e-01 -9.505233530482184445e-01 -1.304002437519932722e-02 3.103297238028067673e-01 5.750286503462196386e+00
2.980245759633046165e-01 -4.919235749157186560e-02 9.532478739520606759e-01 8.287899789880009749e+00 3.077548440887426656e-03 9.987154925360045565e-01 5.057970258010335840e-02 3.288023542617516948e-01 -9.545113077155870096e-01 -1.214463943119232364e-02 2.977931961376844017e-01 5.941661636675603653e+00
2.871360095842135363e-01 -5.079441332172165979e-02 9.565360045222845997e-01 8.938653324165048986e+00 2.071608355471126449e-03 9.986236122421292549e-01 5.240482106118667799e-02 3.606342951630104321e-01 -9.578815030423186716e-01 -1.306381624539362102e-02 2.868460178697785912e-01 6.132328984351872236e+00
2.767163336012263275e-01 -5.257552891373789422e-02 9.595387202801286541e-01 9.610650792369872519e+00 1.815956380533749720e-04 9.985045290104164195e-01 5.466761510407011637e-02 3.929875395546423289e-01 -9.609785596981195166e-01 -1.494417834352825686e-02 2.763125980054228492e-01 6.331896704720177738e+00
2.650348898550445864e-01 -5.391146920367397011e-02 9.626229047708662057e-01 1.030480855708066379e+01 -2.130261733806814377e-05 9.984354734039913026e-01 5.592064820271116371e-02 4.238131634488202515e-01 -9.641309994240856440e-01 -1.484832416719147376e-02 2.646189514401371401e-01 6.519780058301385850e+00
2.568334453477687518e-01 -5.607374354075995992e-02 9.648236402694635450e-01 1.103173347362656997e+01 -1.279309467717500755e-03 9.982945858387682891e-01 5.836762881427397243e-02 4.576999050965013804e-01 -9.664511722087207879e-01 -1.622492824075929055e-02 2.563239880280932526e-01 6.707308452331353976e+00
2.456429642606301755e-01 -5.751396197061408450e-02 9.676727380036485027e-01 1.178052339090524292e+01 -1.946673591305499900e-03 9.982067400842332683e-01 5.982090154849318414e-02 4.932371736038746457e-01 -9.693789651011046615e-01 -1.656718502598246087e-02 2.450908475321585678e-01 6.901305829731054331e+00
2.349432834336305231e-01 -5.854884574135447994e-02 9.702908952473591198e-01 1.254355485206940024e+01 -2.707900235973969595e-03 9.981409516307252483e-01 6.088289366814531728e-02 5.275977230781883076e-01 -9.720519817936569273e-01 -1.693045279414333651e-02 2.343479062396604806e-01 7.088650269918844948e+00
2.253251346132025545e-01 -6.211705192810318410e-02 9.721822677691605019e-01 1.332293508388374903e+01 -3.719369398436281511e-03 9.979036757509253119e-01 6.462278998382982309e-02 5.678586189099037451e-01 -9.741569906820479741e-01 -1.819637103625245181e-02 2.246212828813784756e-01 7.272061779809593673e+00
2.138655522810103959e-01 -6.551885353468381301e-02 9.745576489706008205e-01 1.411105098661609603e+01 -5.412689440314614672e-03 9.976539651664116937e-01 6.825128880433291301e-02 6.101168549264085472e-01 -9.767416626270928326e-01 -1.988813431141975632e-02 2.130085895996591261e-01 7.449833947309260296e+00
2.004852601304781545e-01 -6.942109593467526985e-02 9.772739381531035940e-01 1.491474202988269226e+01 -5.901143909248742457e-03 9.973815426265922879e-01 7.206941496376342848e-02 6.501988760381521848e-01 -9.797205036582913307e-01 -2.018739528406187853e-02 1.995519048521063876e-01 7.615019546076800872e+00
1.870547569398617604e-01 -7.167955014541541048e-02 9.796739088088514125e-01 1.572705836532348656e+01 -7.135444393331612407e-03 9.972094991885498416e-01 7.431725275480305370e-02 6.949043400245166202e-01 -9.822658213468722366e-01 -2.090763308999606107e-02 1.860205545338581290e-01 7.766894763569931470e+00
1.735322355605855849e-01 -7.309842222557735858e-02 9.820091600860461067e-01 1.654075238108934442e+01 -7.773207715852301775e-03 9.971096542577666533e-01 7.558067714435162676e-02 7.377200062905604483e-01 -9.846938750145165509e-01 -2.077001539451805989e-02 1.724614146869960785e-01 7.914421888947945405e+00
1.600050150868013998e-01 -7.167524241956224618e-02 9.844807237362953600e-01 1.735096351668816794e+01 -9.653026478691043716e-03 9.971997762227801099e-01 7.415517161334302110e-02 7.833996719167081180e-01 -9.870379838181261301e-01 -2.138205571535848476e-02 1.588642305114407183e-01 8.052377392640449827e+00
1.425685738491274113e-01 -7.155518580168498954e-02 9.871970352557841721e-01 1.816860742856617961e+01 -9.460229443392507293e-03 9.972404891221620105e-01 7.362811316273666640e-02 8.258339426024574603e-01 -9.897400209841019647e-01 -1.985465840429225665e-02 1.414969355924771133e-01 8.162974091770863083e+00
1.225933629433671318e-01 -6.892485055786974624e-02 9.900534291449128999e-01 1.900023962438136849e+01 -1.264429425334698785e-02 9.973961453475375105e-01 7.100188605660669172e-02 8.659408195748916626e-01 -9.923690151827676553e-01 -2.122743096205893104e-02 1.214025304716649240e-01 8.279054533070301147e+00
9.854402022698220687e-02 -6.756707348550329562e-02 9.928778939334700349e-01 1.983183738094693993e+01 -1.737516742891052554e-02 9.974230261358402183e-01 6.960841275027854214e-02 9.099566757571879716e-01 -9.950233445951738309e-01 -2.409925463892532288e-02 9.711649324231839964e-02 8.359955638649655185e+00
6.637429200053643341e-02 -6.727817720202526608e-02 9.954983344711100246e-01 2.068451895867584867e+01 -2.143642689794119163e-02 9.973979080092286731e-01 6.885137472968402839e-02 9.519816753176724156e-01 -9.975385983975932902e-01 -2.593077117552521765e-02 6.475925598388740378e-02 8.412749945881039082e+00
3.304950835548537552e-02 -6.670682235317526576e-02 9.972226700740656202e-01 2.152846664491849182e+01 -2.435459701266456251e-02 9.974210192743743209e-01 6.750822165617344217e-02 9.971855893961339978e-01 -9.991528330052964479e-01 -2.653705067864505288e-02 3.133882217525705421e-02 8.427446818766460623e+00
-8.283491576801830180e-05 -6.657156493717075740e-02 9.977825052248480153e-01 2.238369536011137129e+01 -2.554974711495655929e-02 9.974560705039705599e-01 6.653917779788218190e-02 1.034657264300313351e+00 -9.996744060872913007e-01 -2.548258143816151122e-02 -1.783635468928281183e-03 8.417316066032721977e+00
-3.559937032481345215e-02 -6.547196658323048424e-02 9.972229281798448142e-01 2.324666802170261803e+01 -2.705033736391125251e-02 9.975483649793548402e-01 6.456239493034995891e-02 1.065331040948955588e+00 -9.990056946453107489e-01 -2.466779600301285610e-02 -3.728225465429338414e-02 8.376689102623195993e+00
-6.687134606418394800e-02 -6.319857354670817273e-02 9.957696566297081775e-01 2.410242832130550283e+01 -2.946492242026062941e-02 9.976815765217760257e-01 6.136081676527139345e-02 1.098943715213523076e+00 -9.973386066284409823e-01 -2.524436052502167585e-02 -6.857817121725076626e-02 8.319066218553716752e+00
-1.006662053098099918e-01 -6.009278869665242440e-02 9.931153366160447860e-01 2.495475373095299787e+01 -3.134447822238468906e-02 9.978710804895192243e-01 5.717811723723343481e-02 1.136612075755236928e+00 -9.944359410908876207e-01 -2.539328518931663337e-02 -1.023360706653010377e-01 8.229674404373625407e+00
-1.339233471415749999e-01 -5.583151330101675941e-02 9.894403838239756999e-01 2.581581555895537861e+01 -3.057333744754696034e-02 9.981690443151822745e-01 5.220275779020556312e-02 1.160288846026340082e+00 -9.905433105103694791e-01 -2.326216580058609179e-02 -1.353849910826801228e-01 8.103508795026987954e+00
-1.641242653540505303e-01 -5.030201206775614803e-02 9.852176433745784001e-01 2.666206720844230915e+01 -2.447183335813561678e-02 9.985996224267423838e-01 4.689964817557471660e-02 1.180810893387659100e+00 -9.861963879712406511e-01 -1.642883774315349529e-02 -1.651257760695026000e-01 7.945055772758416346e+00
-1.966474258401498254e-01 -4.383367817658397059e-02 9.794761411086286840e-01 2.750658362121793488e+01 -1.852831288444201432e-02 9.989879212347670956e-01 4.097877395501001163e-02 1.203230581283807110e+00 -9.802814070948342451e-01 -1.008708241406736268e-02 -1.972607700099050232e-01 7.763568495890510235e+00
-2.229435856410574568e-01 -3.811061317836082069e-02 9.740179441272235339e-01 2.834090624023303207e+01 -1.321213115157715036e-02 9.992613051064878071e-01 3.608631701634126832e-02 1.217725341022018126e+00 -9.746746403506311163e-01 -4.802870118545691375e-03 -2.232821323930578306e-01 7.552354564625536781e+00
-2.510292832033848565e-01 -3.165270934187552204e-02 9.675846072363583072e-01 2.916774508077086381e+01 -4.888196381453218005e-03 9.994939588319280421e-01 3.143582618550293944e-02 1.227737993509541159e+00 -9.680901066544262967e-01 3.153977656525961716e-03 -2.510570902460815268e-01 7.320936846129759701e+00
-2.790953415518163672e-01 -2.120995323139513930e-02 9.601481267346769766e-01 2.999073294598041883e+01 8.920991797822960768e-04 9.997496805915910834e-01 2.235779955275086356e-02 1.230630812934809581e+00 -9.603822807958147800e-01 7.093219778292245321e-03 -2.790064816121775593e-01 7.077408865036542096e+00
-3.008108553798141682e-01 -6.181802892196749770e-03 9.536644186356429964e-01 3.079851603441057506e+01 6.074753797810452695e-03 9.999462302281769688e-01 8.398297856806681908e-03 1.223753603567877324e+00 -9.536652051948383280e-01 8.321167194591116631e-03 -3.007570920629471511e-01 6.810640362857527386e+00
-3.255596766592798730e-01 1.138353091757506909e-02 9.454894682885111035e-01 3.158888489458144733e+01 6.568188882925036012e-03 9.999306223433352958e-01 -9.775350271644001054e-03 1.207668170504370808e+00 -9.455352817341294847e-01 3.027882289895576264e-03 -3.256119203487435887e-01 6.536910177856191773e+00
-3.520737939661457427e-01 2.641354500216215595e-02 9.355329121727461450e-01 3.237822719297756890e+01 6.134042590424548802e-03 9.996451287929124518e-01 -2.592157191831989324e-02 1.186211744436690863e+00 -9.358858466783330776e-01 -3.385941571188455859e-03 -3.521109318612211103e-01 6.231753987303485509e+00
-3.743230221162513471e-01 3.772755164697248059e-02 9.266185974798391012e-01 3.316299075066955027e+01 9.800689490412893903e-03 9.992771473639981972e-01 -3.672353938778088328e-02 1.144920616770782162e+00 -9.273348176530972209e-01 -4.671430731473980198e-03 -3.744221835954487654e-01 5.919307289946257100e+00
-4.007207677065802720e-01 4.218561762764655443e-02 9.152562376615651640e-01 3.393980241953058652e+01 1.345020750732501234e-02 9.991022253328682989e-01 -4.017260620211157707e-02 1.096592310115671376e+00 -9.161298315982089324e-01 -3.797427754338836541e-03 -4.009282866115022048e-01 5.573939838753295462e+00
-4.214155832285612080e-01 4.062982193722949886e-02 9.061394797437848370e-01 3.471583597509596331e+01 1.443857926860695265e-02 9.991701707569187185e-01 -3.810072554021307067e-02 1.049118506574708398e+00 -9.069347733523810406e-01 -2.944344562476575947e-03 -4.216527050706243007e-01 5.234634270099432385e+00
-4.403434990427512741e-01 3.810990543950140697e-02 8.968713553783081993e-01 3.547717153446227201e+01 2.011482702827461361e-02 9.992663160180437210e-01 -3.259671217607611193e-02 9.987628592565116481e-01 -8.974561881829519194e-01 3.675462474946780689e-03 -4.407868282629816559e-01 4.842885035583963216e+00
-4.617529769664541761e-01 3.642920711927316590e-02 8.866187219346068904e-01 3.622926432064905811e+01 2.766173898214569979e-02 9.992618902094984046e-01 -2.666371288595111716e-02 9.562220254229376604e-01 -8.869353385513872867e-01 1.222464733054358897e-02 -4.624199652316458020e-01 4.445964048224717580e+00
-4.734623016577727550e-01 3.675981828692917452e-02 8.804939251815433465e-01 3.696414391871581273e+01 2.995065596609961661e-02 9.992229060560141596e-01 -2.563556216212345071e-02 9.112605692247881528e-01 -8.807518478135007989e-01 1.424868750988796638e-02 -4.741953745055106362e-01 4.040931685420493302e+00
-4.824111555166110676e-01 4.080101657505192519e-02 8.750142926293112966e-01 3.769269577774305446e+01 3.341070824787291393e-02 9.990450475377292694e-01 -2.814039725998127711e-02 8.666177124488820827e-01 -8.753266177703341588e-01 1.567154046591850980e-02 -4.833137929057466087e-01 3.639299601691693198e+00
-4.942001096516845937e-01 4.284495347487663613e-02 8.683614503122349948e-01 3.839335168959163980e+01 3.522098091941082421e-02 9.989516695695636050e-01 -2.922519271891767939e-02 8.237313801283313586e-01 -8.687034237354912536e-01 1.613985971052886784e-02 -4.951911239075182380e-01 3.242010481720237536e+00
-5.037987190480774924e-01 4.306747085319263812e-02 8.629738578305735652e-01 3.910628583898458288e+01 2.929546560720805784e-02 9.990336581814973638e-01 -3.277981886071730522e-02 7.796007280367872605e-01 -8.635515691185411402e-01 8.776138775443366805e-03 -5.045734968536043086e-01 2.834616439647124508e+00
-5.156833930864028748e-01 4.090588289722495857e-02 8.559707788726598210e-01 3.981660362588813484e+01 2.752262201809644107e-02 9.991351720626142630e-01 -3.117844947607645995e-02 7.450388967251400096e-01 -8.565054640512897999e-01 7.495380602891883390e-03 -5.163633180539703993e-01 2.427287140593104020e+00
-5.236679029892395976e-01 4.231771859792058527e-02 8.508247498018439714e-01 4.050867300558726214e+01 3.009909680207731655e-02 9.990609647358593692e-01 -3.117714001159632708e-02 7.045807115471988125e-01 -8.513448512229757625e-01 9.295123887535824969e-03 -5.244498301639782811e-01 1.988503701606146645e+00
-5.302496111488942399e-01 4.538978601229590182e-02 8.466271603211692476e-01 4.121727891317583925e+01 3.379567418180330629e-02 9.989036873542286310e-01 -3.240738952670929596e-02 6.603023949302155859e-01 -8.471699281006273008e-01 1.143717433692263870e-02 -5.312021175490234670e-01 1.547508486618297763e+00
-5.341328456881102582e-01 4.855782133802095946e-02 8.440680532869964114e-01 4.192593667340860719e+01 3.443852688416257357e-02 9.987703558920137947e-01 -3.565767105252159314e-02 6.261131357916461804e-01 -8.447613255433478185e-01 1.003360166767972884e-02 -5.351483744617161475e-01 1.102611983927913375e+00
-5.317265149988027462e-01 4.999629054709588821e-02 8.454339726745995209e-01 4.265845120904994303e+01 3.413035547356697147e-02 9.987098015272899421e-01 -3.761539668802886538e-02 5.825859021379201641e-01 -8.462238033054446662e-01 8.863700587470720038e-03 -5.327467600392293834e-01 6.512678963009896904e-01
-5.302659260752548009e-01 5.102100065421669856e-02 8.461834163442076839e-01 4.340601975153744263e+01 3.627630143130515517e-02 9.986385538620273783e-01 -3.749687209495297657e-02 5.386998885087287414e-01 -8.469447841677598676e-01 1.080956141871601377e-02 -5.313946452657155595e-01 1.754123480160824367e-01
-5.236408480091172546e-01 4.952559683226816223e-02 8.507207334556823319e-01 4.415935852492471980e+01 3.468499975588301698e-02 9.987204613769549155e-01 -3.681190894531347763e-02 4.909478299805069001e-01 -8.514552771284862320e-01 1.023790908413627597e-02 -5.246885592143951671e-01 -2.639625107836010010e-01
-5.156565208382045684e-01 4.849567412340884814e-02 8.553390203508933753e-01 4.494549105401222988e+01 3.238981593296925976e-02 9.987864400688435396e-01 -3.710220251346902504e-02 4.512580832615287751e-01 -8.561005873221897433e-01 8.567452255682391632e-03 -5.166014439460625551e-01 -7.387316730208265403e-01
-5.090576564168766138e-01 4.789728853353284604e-02 8.598420242442357253e-01 4.573774281256027763e+01 3.100661905967036849e-02 9.988232505452576682e-01 -3.729647041227805715e-02 4.041107883517141008e-01 -8.606160581011258470e-01 7.696481685772242620e-03 -5.099439717567074704e-01 -1.195767323864121101e+00
-5.025127725673447232e-01 4.618860712670606883e-02 8.629619058476505344e-01 4.654743357254011471e+01 2.780786734860323309e-02 9.989186410976443886e-01 -3.724936768894562822e-02 3.613021935096777382e-01 -8.637496232035331012e-01 5.271753981955280659e-03 -5.032536673546098571e-01 -1.654791537510648114e+00
-4.974266437821170395e-01 4.432737106163651269e-02 8.665182539038920329e-01 4.738881935784024790e+01 2.321897889204311768e-02 9.990161201754440556e-01 -3.779588246443123939e-02 3.122917290740693241e-01 -8.673412026499414118e-01 1.317716790911414946e-03 -4.979663186536878450e-01 -2.113524450966243862e+00
-4.961358545514498730e-01 4.101304146743947610e-02 8.671185024257648255e-01 4.822509370397736461e+01 1.855100296586326830e-02 9.991564292607537645e-01 -3.663496293775400647e-02 2.665974636938180931e-01 -8.678897565867744746e-01 -2.096597491405684764e-03 -4.964780708755330285e-01 -2.577368081040128267e+00
-4.975645167503812138e-01 3.878453734695119087e-02 8.669652389473082588e-01 4.909768258802640872e+01 1.646702106531949816e-02 9.992425035542942258e-01 -3.527591780779320424e-02 2.180799586154976433e-01 -8.676761589611329262e-01 -3.252016994258236874e-03 -4.978263346585272142e-01 -3.054514208675892739e+00
-4.990042102804209678e-01 3.790553137906044895e-02 8.659987474196815249e-01 4.997452563262743297e+01 1.497825167804459415e-02 9.992707942948879651e-01 -3.514021199611126745e-02 1.692302264694727221e-01 -8.666991296526086463e-01 -4.550208238982206450e-03 -4.992080353255785030e-01 -3.549126051774765589e+00
-4.989818273186048536e-01 3.606371941289070876e-02 8.660934657953589522e-01 5.085103544075650461e+01 1.438178205164546315e-02 9.993408278548827628e-01 -3.335213831343716850e-02 1.222018787514183302e-01 -8.667250818883120989e-01 -4.164304277501341967e-03 -4.991714673960954696e-01 -4.029954511153074570e+00
-4.975927599185865913e-01 3.599040740133271910e-02 8.661352709162318808e-01 5.174917801609220191e+01 1.409760410527544951e-02 9.993420983631972065e-01 -3.340119219739040579e-02 7.140516206992519876e-02 -8.667683847416313148e-01 -4.441818801507672020e-03 -4.977725761498414392e-01 -4.540509229990727036e+00
-4.975695327520841538e-01 3.589722632217322296e-02 8.670833303948712878e-01 5.265849940811648366e+01 1.459271770399383182e-02 9.993485651061607689e-01 -3.302768957866417804e-02 2.299096031615165819e-02 -8.677037526308611914e-01 -3.757665851793484148e-03 -4.977692192837794294e-01 -5.052283549039870536e+00
-4.989732843591092037e-01 3.444926587454803790e-02 8.656149868326368235e-01 5.356698646108293360e+01 1.363202258505000555e-02 9.993975719842800309e-01 -3.190923256089163440e-02 -3.114297489223775972e-02 -8.661933932951287884e-01 -4.139960874630685406e-03 -4.991420129021179597e-01 -5.567308169616145719e+00
-4.975936624933654517e-01 3.232001614303669362e-02 8.665030392891587274e-01 5.448773991839869524e+01 1.186246248894346454e-02 9.994654852478345175e-01 -3.045909285091155314e-02 -8.060675538305019094e-02 -8.670247081116787546e-01 -4.883168249883586276e-03 -4.977108821073438771e-01 -6.083824472082770107e+00
-4.990216956143538884e-01 3.293579221710068311e-02 8.656312831953765219e-01 5.539702203955140192e+01 1.152185247769090676e-02 9.994407745239231033e-01 -3.139183290611710642e-02 -1.359407643124037057e-01 -8.661814145790908137e-01 -5.693913528158419876e-03 -4.991219328276448319e-01 -6.576925838595207630e+00
-4.976628733974886587e-01 3.205507016018049188e-02 8.669032279599159230e-01 5.632015200651940035e+01 9.974511655898507523e-03 9.994624598576673513e-01 -3.123306914608533699e-02 -1.889628596527718751e-01 -8.674382613325392066e-01 -6.878196814168932409e-03 -4.977151185723003302e-01 -7.084955791724277141e+00
-4.962181173596778017e-01 3.024830564403470021e-02 8.675146658244472508e-01 5.724092069788672177e+01 1.002442140082677492e-02 9.995257248241035120e-01 -2.909928045923126233e-02 -2.439010208766649590e-01 -8.679839962366875383e-01 -5.763442872145704311e-03 -4.962861505075623625e-01 -7.605522470461380635e+00
-4.947524459589035528e-01 2.754606468196832761e-02 8.690765944422333966e-01 5.815554457999530769e+01 1.021680447105934031e-02 9.996129173600490914e-01 -2.587128780111900075e-02 -2.971682395599895554e-01 -8.694530495421778360e-01 -3.915863445332372003e-03 -4.948425995444561409e-01 -8.093200701151303633e+00
-4.909044122668829724e-01 2.613662351440564427e-02 8.705564517957389281e-01 5.906973120187422666e+01 1.036300046174200122e-02 9.996541656895253647e-01 -2.416135672053937658e-02 -3.471718671054500049e-01 -8.708872608231142953e-01 -2.850118375982278740e-03 -4.910053314637191635e-01 -8.615514330404648646e+00
-4.881129419019275550e-01 2.569563543129451885e-02 8.722408105945081980e-01 5.999819970098362631e+01 9.991992836132904121e-03 9.996654457261896498e-01 -2.384298021292845585e-02 -3.968520730135856045e-01 -8.725619806254283350e-01 -2.936547885232152627e-03 -4.882064671516699872e-01 -9.127486619523292433e+00
-4.870654252737313672e-01 2.547693717431840851e-02 8.729593394368116988e-01 6.090018645751707993e+01 1.080169450484428154e-02 9.996737117805701844e-01 -2.315123819105880179e-02 -4.471791767630751702e-01 -8.732643533079844644e-01 -1.841374050632769901e-03 -4.871815410921050415e-01 -9.619505416993558100e+00
-4.842963978940367231e-01 2.602382982842849427e-02 8.741411897367811212e-01 6.184846626711708240e+01 1.035693321434920551e-02 9.996578565281545314e-01 -2.401290412767583329e-02 -4.980930676748481778e-01 -8.744672281641922007e-01 -2.583185960236334885e-03 -4.844001835334098560e-01 -1.014004294472849033e+01
-4.871184433647101630e-01 2.745522502744904975e-02 8.726723984599331629e-01 6.271197961185991687e+01 1.033381665264097860e-02 9.996167631922444619e-01 -2.568404853698602608e-02 -5.422855798743767552e-01 -8.730431383885262075e-01 -3.495020462998286136e-03 -4.872155494322554237e-01 -1.060127956274252981e+01
-4.896400504880311644e-01 2.929533174877567078e-02 8.716033914823387851e-01 6.362216731648075552e+01 8.525165123255377606e-03 9.995487976907281302e-01 -2.879844650557635347e-02 -5.954049451078160526e-01 -8.720536339300638540e-01 -6.661923927062901422e-03 -4.896690363948967284e-01 -1.109964134110739664e+01
-4.925231319730911661e-01 2.944685282241010088e-02 8.693012213344579742e-01 6.450936709154630933e+01 6.517404139624372907e-03 9.995238708881901690e-01 -3.015129722530451861e-02 -6.470070683923365706e-01 -8.697755127357665872e-01 -9.202658692084914396e-03 -4.924804215990437606e-01 -1.160018149100457308e+01
-4.991050854776823420e-01 2.797542948280396305e-02 8.661810703198210559e-01 6.540740806587179179e+01 6.458279733743202411e-03 9.995709755216096726e-01 -2.857640282613634064e-02 -6.979894774912801525e-01 -8.666087680778313818e-01 -8.657890623796814233e-03 -4.990716479956637808e-01 -1.211467470956833914e+01
-5.041509814685704027e-01 2.522819724423631255e-02 8.633864306106973086e-01 6.628488878164070286e+01 9.542234622710825745e-03 9.996748624445453979e-01 -2.365421666339141693e-02 -7.542212382134984017e-01 -8.637020863833841933e-01 -3.671502584883896188e-03 -5.042278280432357374e-01 -1.261574800231291960e+01
-5.094326640485434821e-01 2.262342720944536881e-02 8.604180501796213631e-01 6.715887216045831565e+01 6.612509228086644111e-03 9.997277485912711148e-01 -2.238049771512150288e-02 -8.013913678426795029e-01 -8.606900673400507129e-01 -5.700440697824995899e-03 -5.094436727232696249e-01 -1.312205587787053496e+01
-5.132790950841282784e-01 2.495670827677562431e-02 8.579292175992362379e-01 6.803669240319386802e+01 7.533591472824355262e-03 9.996697093565946046e-01 -2.456253902236670700e-02 -8.498097220672458096e-01 -8.582589108378896325e-01 -6.146061902016698719e-03 -5.132977602494865899e-01 -1.363462615953595858e+01
-5.185544617235313680e-01 2.709974633549706163e-02 8.547650270294353536e-01 6.889778330735478562e+01 7.852905062135996303e-03 9.996065603320579696e-01 -2.691917413674818974e-02 -8.944932372354422734e-01 -8.551583154074700044e-01 -7.251163048734762459e-03 -5.185634473328918359e-01 -1.412916400210779777e+01
-5.228444419525346554e-01 2.733415988934521923e-02 8.515562593790249046e-01 6.976032796925258594e+01 6.041242733674231230e-03 9.995790157239800022e-01 -2.837086147538326122e-02 -9.419197766413802686e-01 -8.519735495240762235e-01 -9.703968161664421749e-03 -5.227892946500464211e-01 -1.464641947631547048e+01
-5.281250600490238201e-01 2.736630127138783841e-02 8.492336357621783627e-01 7.060835306239241049e+01 5.297287965682563778e-03 9.995677244305765097e-01 -2.892674591139588955e-02 -9.938766604906055235e-01 -8.496578119840861865e-01 -1.075496512183585218e-02 -5.280419237580784575e-01 -1.517166862963769347e+01
-5.309272767698485218e-01 2.642904108648883033e-02 8.469889555180315499e-01 7.144339129299812896e+01 4.881896085964221137e-03 9.995921767224603682e-01 -2.814237202446076905e-02 -1.043311621493248076e+00 -8.473874021935481338e-01 -1.080300912444162771e-02 -5.308395778014277644e-01 -1.567918901578069857e+01
-5.345472985502436325e-01 1.892508216700708804e-02 8.445374762490203135e-01 7.228515154175713064e+01 6.638766756795230588e-03 9.998123697500741480e-01 -1.819146815915279394e-02 -1.083524841014963602e+00 -8.447234456927220636e-01 -4.129890841011355819e-03 -5.345726368889174296e-01 -1.620038982744334177e+01
-5.358497632551919576e-01 1.032532722055872626e-02 8.436812897589186511e-01 7.311830135598569314e+01 6.448169107701511027e-03 9.999459853933336806e-01 -8.143999286070350424e-03 -1.131028965688269494e+00 -8.437199572157250138e-01 1.076560076578360900e-03 -5.358874537703741670e-01 -1.673109480170443319e+01
-5.382776862646690974e-01 7.435627991936554805e-03 8.426631990603288269e-01 7.394290383444874237e+01 6.543247815735920084e-03 9.999677309868799657e-01 -4.647035100342384456e-03 -1.162182050634844366e+00 -8.426707903616059703e-01 3.006807379557397894e-03 -5.383088949533816336e-01 -1.724985444087530695e+01
-5.382985471141334965e-01 1.312529802385619705e-02 8.426915557690269898e-01 7.476477872058207197e+01 7.443849081858070448e-03 9.999136698572610449e-01 -1.081991010025075417e-02 -1.190255432762323373e+00 -8.427609237373919759e-01 4.452472157163025828e-04 -5.383497847990966756e-01 -1.777666513491333333e+01
-5.397557727600303945e-01 1.980322009879299794e-02 8.414816639010733734e-01 7.556636018872872285e+01 8.636004079658345101e-03 9.998008001072644646e-01 -1.798573262476588913e-02 -1.223655953666535456e+00 -8.416702328369893849e-01 -2.448925374700302703e-03 -5.398192878681690177e-01 -1.830001273956645846e+01
-5.410521627381683629e-01 2.291294483478135968e-02 8.402756830855866443e-01 7.638474633957723370e+01 1.364192169979609043e-02 9.997362827319181688e-01 -1.846484216573832451e-02 -1.257754325074541990e+00 -8.404773022887433997e-01 1.462568362904221458e-03 -5.412221286836302880e-01 -1.882160493637939069e+01
-5.395739026218334677e-01 2.341166584709832715e-02 8.419491432859403934e-01 7.720388499658282910e+01 1.639689264653544643e-02 9.997158065493272350e-01 -1.730095344824544856e-02 -1.299130900875947736e+00 -8.421150529711490806e-01 4.473635672690732222e-03 -5.398045249487646302e-01 -1.936008606221278683e+01
-5.395428896144898179e-01 2.159647056311534211e-02 8.420001473509478584e-01 7.802578115947842718e+01 1.686513117443460760e-02 9.997476139479449797e-01 -1.484404318007093680e-02 -1.330178542021589916e+00 -8.421080734259991374e-01 6.200781274996830690e-03 -5.397710242487686605e-01 -1.988708199655068753e+01
-5.395574251712789149e-01 1.592649453732353920e-02 8.423597428476329307e-01 7.884052201305898677e+01 1.449030940555593762e-02 9.998486199624561088e-01 -9.632820453002136074e-03 -1.359370854012658336e+00 -8.423855121688209602e-01 7.014123365541041592e-03 -5.397066949552090653e-01 -2.040047069874117724e+01
-5.381723476185813482e-01 1.001828332873158471e-02 8.432743908970505853e-01 7.965955217787026754e+01 1.247272817100666779e-02 9.999144621605366989e-01 -3.924822931471232297e-03 -1.378518856929785041e+00 -8.432415122035968880e-01 8.407508327523963848e-03 -5.382512922267395084e-01 -2.091706758255967813e+01
-5.383374073725890607e-01 2.371869361367092040e-03 8.428940829395266121e-01 8.046270308342361943e+01 2.552667191366222131e-03 9.999959802394901009e-01 -1.188469773461325310e-03 -1.414491283895695561e+00 -8.428935751868790183e-01 1.506791953228524489e-03 -5.383412596726261379e-01 -2.140854646597462363e+01
-5.360307989368292558e-01 -2.202797371843270846e-03 8.442133826038330513e-01 8.128558285254203497e+01 -5.222512293629340795e-03 9.999860829520882399e-01 -6.948708771540888307e-04 -1.421902678316424806e+00 -8.442001894767403591e-01 -4.770792209006361959e-03 -5.360348233142703256e-01 -2.190506569596588804e+01
-5.345673923562420660e-01 -2.620133161170495537e-03 8.455170627576649167e-01 8.209138102728853426e+01 -2.550743739255949705e-03 9.999955769232991010e-01 1.496750110009411119e-03 -1.452389674766430439e+00 -8.455171842190544185e-01 -1.355610206922186782e-03 -5.345717182737221851e-01 -2.241550178400598625e+01
-5.302668493687227036e-01 6.838941332877019426e-04 8.477374243396345044e-01 8.290464188010520274e+01 2.664082420795916683e-03 9.999960236709439787e-01 8.535359838644453103e-04 -1.477697166951204455e+00 -8.477334390008650633e-01 2.698769665319003183e-03 -5.302666317683466524e-01 -2.291634854756330242e+01
-5.250146762739152928e-01 3.354991834982798057e-03 8.508591502951919905e-01 8.371383963355224012e+01 3.234807905680835583e-03 9.999928246178453328e-01 -1.951097447014636622e-03 -1.496580957011821367e+00 -8.508595212390656082e-01 1.722966382420936318e-03 -5.250218504694794674e-01 -2.342539536102769304e+01
-5.158533672760698963e-01 4.713017125818326145e-03 8.561884476425337676e-01 8.452974323624442832e+01 7.966005288095951570e-03 9.999680019762980931e-01 -7.065120259769997000e-04 -1.515410246951250040e+00 -8.561642943011504858e-01 6.457836871647223802e-03 -5.158744332269921129e-01 -2.390672584308626725e+01
-5.090957237019768655e-01 8.617674482410410744e-03 8.599842574745365509e-01 8.532878253807778890e+01 1.639267281068979357e-02 9.998655093184132259e-01 -3.052295468600165949e-04 -1.540003329043007962e+00 -8.598710272770840879e-01 1.394718206177169607e-02 -5.091684877610593851e-01 -2.438689723497137152e+01
-4.997057780515661851e-01 6.851664702150318288e-03 8.663800602893620972e-01 8.616074107785115643e+01 1.425715064853498235e-02 9.998982454648430718e-01 3.122494099191209572e-04 -1.565709980037171434e+00 -8.662900098730148546e-01 1.250618351167099088e-02 -4.997525255301898395e-01 -2.486226214815841118e+01
-4.893294967328233880e-01 4.122544544963954727e-03 8.724889731282123861e-01 8.698905787536772038e+01 1.088051861571513214e-02 9.999398442927208697e-01 1.373428266929053836e-03 -1.576799319215015815e+00 -8.724309818233165759e-01 1.016149022282157241e-02 -4.893449898271246545e-01 -2.530614486594615187e+01
-4.775228284328726924e-01 1.439353376765408789e-03 8.791902935341066039e-01 8.782496290082357859e+01 1.304797912886422780e-02 9.999000404917777196e-01 5.445027522084371248e-03 -1.597474101256767698e+00 -8.790947569881156776e-01 1.406420773951927092e-02 -4.774938714617523727e-01 -2.575964288810705938e+01
-4.671600703164633384e-01 -3.797772017889012143e-05 8.846557518582444102e-01 8.866215545410955201e+01 1.237421019244616671e-02 9.999018780373026827e-01 6.571823953673627990e-03 -1.609078830380481939e+00 -8.845694166614017639e-01 1.400857401300049064e-02 -4.671139049746386718e-01 -2.618662648405987170e+01
-4.544202949960421400e-01 -7.984763337322040933e-04 8.906391643429343308e-01 8.950411869077908023e+01 1.236001211339576335e-02 9.998975506930981583e-01 7.204245075105505762e-03 -1.617144254902100453e+00 -8.905537327770448597e-01 1.428678163577216595e-02 -4.543639863679849178e-01 -2.660568381127970383e+01
-4.412936115375271084e-01 -1.185727487502106798e-04 8.972535895950218832e-01 9.035452445702780722e+01 1.499222137459926829e-02 9.998593712784527021e-01 7.505226770768269780e-03 -1.632802167978041563e+00 -8.971283856019912628e-01 1.676757325356645345e-02 -4.412298143731125388e-01 -2.702753930451655506e+01
