1.0 0.0 0.0 0.0 0.0 1.0 0.0 0.0 0.0 0.0 1.0 0.0
0.9999261 0.012139137 -0.00071580464 0.022216797 -0.012137734 0.9999245 0.0019303397 -0.048461914 0.0007391883 -0.0019215073 0.99999785 -0.009643555
0.9993283 0.03664581 9.362537e-05 0.2253418 -0.036645833 0.9993164 0.0048879124 -0.014770508 8.5617205e-05 -0.0048880596 0.999988 0.0
0.99796444 0.06375974 0.0019395256 0.42175293 -0.0637703 0.9979477 0.0059876298 -0.032714844 -0.0015538824 -0.0060990956 0.9999802 0.0040283203
0.99530333 0.09667103 0.0050278753 0.5592041 -0.096697114 0.99529976 0.0052327234 -0.078125 -0.0044985274 -0.0056944946 0.99997365 0.00012207031
0.9908695 0.13463765 0.007183539 0.7758789 -0.13465214 0.9908923 0.0015690064 -0.14172363 -0.0069068405 -0.0025218797 0.99997294 0.001953125
0.98456174 0.17487682 0.007875274 0.93811035 -0.17487256 0.9845933 -0.0012306966 -0.20373535 -0.007969147 -0.00016546028 0.99996823 0.0043945312
0.97588474 0.21812287 0.009122927 1.1552734 -0.21811911 0.9759271 -0.0014167312 -0.2767334 -0.009212358 -0.0006063529 0.9999574 0.0028076172
0.9645449 0.2636149 0.012550886 1.3603516 -0.2636177 0.9646247 -0.0014596118 -0.3642578 -0.012491734 -0.0019009623 0.9999202 -0.0012207031
0.95017725 0.31117266 0.018910643 1.607666 -0.31112313 0.9503652 -0.005580824 -0.48046875 -0.01970837 -0.00057985797 0.9998056 -0.0063476562
0.93298066 0.35898104 0.024914492 1.8280029 -0.35872087 0.9333027 -0.014379808 -0.6048584 -0.028415862 0.004474581 0.999586 0.0052490234
0.9115512 0.4102903 0.027720097 2.084961 -0.40985122 0.91194475 -0.02026239 -0.74035645 -0.033593416 0.0071110157 0.99941033 0.00390625
0.8865052 0.4616923 0.03159882 2.3218994 -0.46118787 0.8870535 -0.022164032 -0.91430664 -0.038262226 0.005078789 0.99925494 -0.0014648438
0.8580907 0.5123858 0.03537085 2.5655518 -0.5118441 0.858817 -0.023656748 -1.0788574 -0.042493157 0.0021945452 0.99909395 -0.018676758
0.82681966 0.56112915 0.037492964 2.784912 -0.5603839 0.8276636 -0.029070081 -1.293335 -0.047346387 0.0030240137 0.9988741 -0.025024414
0.7899829 0.61198455 0.037887163 3.034546 -0.6109944 0.7908778 -0.035102315 -1.5074463 -0.051441453 0.0045816675 0.9986654 -0.030029297
0.7520709 0.6580433 0.037571087 3.2479248 -0.6569055 0.7529944 -0.038955666 -1.762207 -0.0539243 0.004620513 0.9985345 -0.041870117
0.71328855 0.69998163 0.036010005 3.4886475 -0.69868016 0.71417564 -0.043033153 -2.0307617 -0.055829216 0.005538799 0.9984249 -0.05822754
0.67107224 0.74060315 0.035442002 3.7004395 -0.7391726 0.6719897 -0.046261866 -2.317627 -0.05807884 0.0048526116 0.9983005 -0.07458496
0.62757254 0.7776775 0.038470063 3.939087 -0.77634144 0.62874943 -0.04558351 -2.6464844 -0.05963142 -0.0012576189 0.9982195 -0.10534668
0.58591616 0.8094129 0.039223984 4.1590576 -0.808078 0.58721155 -0.04667058 -2.979004 -0.060808927 -0.004352303 0.99813986 -0.12072754
0.54650694 0.83651906 0.03967085 4.376587 -0.83516556 0.5479019 -0.048057925 -3.352417 -0.061938837 -0.00686967 0.9980563 -0.1472168
0.50793767 0.8605271 0.04032133 4.600952 -0.8590554 0.50946224 -0.05105418 -3.7583008 -0.064463556 -0.008716164 0.997881 -0.1661377
0.46941727 0.8820622 0.041178558 4.814575 -0.8806993 0.47105294 -0.050585695 -4.182617 -0.06402009 -0.012508266 0.9978709 -0.19238281
0.43325257 0.90055203 0.039584044 5.0130615 -0.8992452 0.4348395 -0.05040442 -4.651245 -0.06259948 -0.013748836 0.9979443 -0.22155762
0.39949128 0.9161253 0.035649642 5.2178955 -0.9148933 0.4008698 -0.04922546 -5.1396484 -0.059383716 -0.012948196 0.9981511 -0.25390625
0.37135985 0.9280152 0.03128008 5.3970947 -0.9268513 0.37250564 -0.04779184 -5.6500244 -0.056008663 -0.011252612 0.99836665 -0.2841797
0.344672 0.9381956 0.02862116 5.591919 -0.9371119 0.3456877 -0.046368323 -6.2004395 -0.053406995 -0.01083177 0.9985146 -0.3187256
0.3241525 0.9456212 0.025943415 5.7908936 -0.9445338 0.3250503 -0.046324946 -6.770874 -0.05223618 -0.009479527 0.9985899 -0.35339355
0.31012186 0.95035 0.02506705 5.970459 -0.9492015 0.31100154 -0.047560025 -7.364624 -0.053013675 -0.009048761 0.9985532 -0.38757324
0.29757532 0.9543476 0.024282964 6.164673 -0.9531449 0.29843846 -0.04867597 -7.9848633 -0.05370588 -0.0086558 0.9985195 -0.41625977
0.28662285 0.9577033 0.02529661 6.357666 -0.956429 0.28757143 -0.050345194 -8.634766 -0.05548897 -0.009766979 0.99841136 -0.4539795
0.27608752 0.9607725 0.027265951 6.5594482 -0.9594252 0.2771818 -0.05219302 -9.30603 -0.057711955 -0.011755538 0.99826413 -0.49230957
0.26438573 0.9639237 0.027268387 6.749756 -0.9625084 0.26551336 -0.05360223 -9.99939 -0.05891483 -0.012070005 0.9981902 -0.529541
0.25608435 0.9662243 0.028712437 6.9385986 -0.96470356 0.25733975 -0.055817485 -10.72583 -0.061329003 -0.013403212 0.9980279 -0.56970215
0.2448446 0.9691444 0.029147826 7.1347656 -0.96755064 0.2461668 -0.057329156 -11.473877 -0.0627342 -0.014176153 0.99792916 -0.61206055
0.23409766 0.97180897 0.029599871 7.3240967 -0.9701673 0.23548216 -0.05843326 -12.236206 -0.06374948 -0.015038254 0.9978523 -0.6534424
0.22435574 0.9738969 0.03093762 7.5091553 -0.97205186 0.22590107 -0.062066846 -13.015259 -0.067444935 -0.016131762 0.9975933 -0.6999512
0.2127313 0.97645664 0.032717455 7.689209 -0.97442025 0.21448283 -0.06554635 -13.802856 -0.07102203 -0.017925087 0.997314 -0.74853516
0.1992528 0.9794293 0.03311901 7.8571777 -0.9771315 0.20113821 -0.069536895 -14.605957 -0.07477742 -0.018531187 0.9970277 -0.7949219
0.18571234 0.98196024 0.033942107 8.011841 -0.97952837 0.1877364 -0.07188769 -15.417603 -0.076960266 -0.019884387 0.99683607 -0.84643555
0.17214483 0.98438454 0.033908665 8.162109 -0.98186314 0.17423113 -0.07339915 -16.23059 -0.07815642 -0.02064354 0.99672735 -0.8963623
0.15856119 0.9867108 0.03463073 8.302856 -0.9843374 0.16070873 -0.07207062 -17.039795 -0.076665655 -0.02265066 0.9967991 -0.9499512
0.14118811 0.9894252 0.03323824 8.417358 -0.98705804 0.14327091 -0.07207091 -17.856445 -0.07604726 -0.022617146 0.996847 -0.9998779
0.12112005 0.99202144 0.034767933 8.538452 -0.9899192 0.12330193 -0.06958651 -18.68689 -0.07331882 -0.025984893 0.99697006 -1.0483398
0.09686232 0.994621 0.037820708 8.6258545 -0.9927467 0.099281676 -0.0684092 -19.517334 -0.07179945 -0.030928858 0.99693954 -1.1000977
0.06452298 0.9970937 0.039882183 8.687744 -0.99537253 0.06714463 -0.06836516 -20.369019 -0.07086162 -0.035266165 0.99686384 -1.1496582
0.031116355 0.99868244 0.04071902 8.711792 -0.9971054 0.033841133 -0.06805201 -21.212158 -0.06932112 -0.03846547 0.99685186 -1.2022705
-0.002005347 0.99920297 0.039883878 8.710815 -0.99767387 0.00071954186 -0.06817815 -22.067017 -0.06814393 -0.039932754 0.9968754 -1.2469482
-0.037495147 0.9985292 0.03929632 8.680176 -0.99712497 -0.034791242 -0.0673673 -22.929932 -0.065934815 -0.04171926 0.9969531 -1.2850342
-0.068765655 0.99684024 0.04006708 8.631226 -0.9956844 -0.066059604 -0.0653571 -23.785767 -0.06252247 -0.04438158 0.9970573 -1.326294
-0.1024945 0.9939224 0.040418137 8.55127 -0.99304557 -0.09986162 -0.062542334 -24.638428 -0.058102034 -0.046523523 0.9972249 -1.3717041
-0.13552393 0.9900499 0.038479708 8.434204 -0.98938537 -0.13315667 -0.058571354 -25.500122 -0.052879594 -0.04600675 0.9975413 -1.4031982
-0.16527346 0.9857952 0.031817805 8.283447 -0.98517215 -0.16344905 -0.053304106 -26.347046 -0.04733544 -0.040134516 0.9980721 -1.4312744
-0.19740999 0.97996753 0.025651766 8.110474 -0.97943914 -0.1960697 -0.047127154 -27.192627 -0.041146357 -0.034429595 0.9985594 -1.4613037
-0.22343293 0.97443604 0.02050393 7.905884 -0.97398543 -0.22245276 -0.04164443 -28.027954 -0.03602951 -0.029300936 0.9989213 -1.4827881
-0.25122824 0.9679677 0.0126884235 7.6815186 -0.9675501 -0.2506554 -0.035442717 -28.85608 -0.03112992 -0.02117228 0.99929124 -1.4995117
-0.27914345 0.9603275 0.008889539 7.4454346 -0.96012115 -0.2788497 -0.025269886 -29.68042 -0.021798458 -0.015587829 0.999641 -1.510498
-0.3008108 0.9536528 0.007777445 7.184326 -0.95365393 -0.3007259 -0.010458883 -30.488892 -0.0076351054 -0.010564752 0.999915 -1.5130615
-0.3255122 0.9454823 0.013197743 6.9178467 -0.94551307 -0.32561827 0.0068441518 -31.280396 0.010765579 -0.010251477 0.9998895 -1.5076904
-0.35186315 0.9357771 0.01973049 6.6206055 -0.9355911 -0.35224843 0.02158643 -32.071655 0.027160335 -0.010864014 0.999572 -1.4960938
-0.37409428 0.92723864 0.021109996 6.314453 -0.926692 -0.37461734 0.032663494 -32.8584 0.038182817 -0.0073386133 0.99924356 -1.4627686
-0.4005822 0.91606367 0.02032482 5.9766846 -0.91533035 -0.4010789 0.036837913 -33.63855 0.041900814 -0.003834486 0.9991143 -1.4196777
-0.42132485 0.9068814 0.019529773 5.6430664 -0.9062085 -0.4217677 0.035057362 -34.417603 0.040039048 -0.0029499757 0.99919444 -1.3756104
-0.4405371 0.8974929 0.012954636 5.2561035 -0.8969135 -0.4407196 0.03233572 -35.182007 0.03474541 0.0026437943 0.9993927 -1.3270264
-0.4622636 0.8870897 0.004459095 4.864624 -0.8866253 -0.46217465 0.030431014 -35.937378 0.029049892 0.01009627 0.9995272 -1.2860107
-0.4740584 0.8809372 0.0024622642 4.4622803 -0.8804909 -0.47390425 0.030631388 -36.67395 0.028151557 0.012332831 0.9995279 -1.2440186
-0.48316923 0.8755459 0.001061365 4.0625 -0.8750057 -0.48291302 0.03456857 -37.403687 0.030764967 0.015752263 0.99940234 -1.2034912
-0.49504197 0.8689381 0.0006199721 3.6680908 -0.8683492 -0.4947323 0.036475826 -38.10608 0.03198311 0.017509023 0.9993347 -1.1640625
-0.5043528 0.8636879 0.008002939 3.2633057 -0.86298996 -0.5042846 0.036572736 -38.820435 0.035630874 0.011533427 0.9992989 -1.1242676
-0.51614434 0.8566196 0.009299893 2.8588867 -0.85598916 -0.51613677 0.03426716 -39.532837 0.034159623 0.009713002 0.99936956 -1.0922852
-0.52424216 0.8514902 0.0075134216 2.4216309 -0.8508345 -0.5241529 0.03558491 -40.226074 0.034256615 0.012258826 0.99933827 -1.0545654
-0.53099996 0.8473566 0.0053865113 1.9816895 -0.8466272 -0.5307887 0.03858147 -40.935425 0.03557043 0.01592788 0.99924064 -1.0135498
-0.53491557 0.84494084 0.0068010762 1.5371094 -0.84407395 -0.5347026 0.04170004 -41.644165 0.038867082 0.016550092 0.9991073 -0.98327637
-0.5324936 0.8463919 0.007969279 1.0839844 -0.8454461 -0.53230566 0.043165106 -42.37561 0.040797155 0.016248763 0.9990358 -0.9433594
-0.53115493 0.8471427 0.006022169 0.6064453 -0.84618765 -0.5308707 0.044210285 -43.122314 0.040667504 0.018402226 0.9990036 -0.90234375
-0.52444994 0.85163826 0.0065843305 0.16381836 -0.8507287 -0.5242211 0.04279614 -43.87378 0.03990007 0.016835876 0.9990621 -0.85754395
-0.51635045 0.85625523 0.008238031 -0.31469727 -0.8553555 -0.51621056 0.041857142 -44.657837 0.04009678 0.014574169 0.9990895 -0.821167
-0.50968635 0.8607547 0.009101191 -0.7750244 -0.85986346 -0.50959617 0.041339356 -45.44812 0.040209226 0.013214394 0.99910414 -0.7774658
-0.50298095 0.863848 0.011504881 -1.2373047 -0.8629938 -0.5030122 0.039698802 -46.256348 0.04008813 0.010047864 0.9991453 -0.7381592
-0.49766466 0.8673777 0.015450177 -1.6987305 -0.8665665 -0.49787444 0.037894133 -47.09619 0.04056354 0.005475607 0.99916226 -0.69311523
-0.49616206 0.86786824 0.018853558 -2.1640625 -0.8671791 -0.49651933 0.034587327 -47.932007 0.039380148 0.00081623904 0.9992239 -0.65075684
-0.49751174 0.8676317 0.020012274 -2.6419678 -0.86702955 -0.49791306 0.03234381 -48.80432 0.0380277 -0.0012757117 0.99927646 -0.6057129
-0.4988859 0.8666344 0.021309933 -3.137329 -0.8660679 -0.49933356 0.031444542 -49.68103 0.037906058 -0.002769467 0.999278 -0.56066895
-0.49886358 0.86665964 0.020921107 -3.6195068 -0.86616015 -0.49929145 0.029603764 -50.55713 0.036116388 -0.0033631078 0.99934256 -0.5169678
-0.49746263 0.8666989 0.021189738 -4.131836 -0.8662028 -0.4978996 0.029541424 -51.454712 0.0361555 -0.003636437 0.999339 -0.47009277
-0.49746615 0.867643 0.020513058 -4.6450195 -0.86714834 -0.4978796 0.029455714 -52.36316 0.035775356 -0.0031466498 0.99935555 -0.4255371
-0.49884376 0.8661233 0.020889685 -5.1608887 -0.8656806 -0.4992638 0.02798598 -53.27173 0.034676146 -0.0041070343 0.9993898 -0.375
-0.49741742 0.86693716 0.021626707 -5.679199 -0.8665707 -0.49785277 0.025871933 -54.191772 0.0332067 -0.0058684703 0.99943113 -0.32910156
-0.49881706 0.86608505 0.022440672 -6.1730957 -0.8657026 -0.49928296 0.026469313 -55.10083 0.03415474 -0.006216565 0.99939716 -0.27819824
-0.4974037 0.86732227 0.023624297 -6.6828613 -0.86697894 -0.49790463 0.025605632 -56.02307 0.0339738 -0.0077607445 0.9993928 -0.22924805
-0.495996 0.8678774 0.022501908 -7.2053223 -0.86758476 -0.49644575 0.02381601 -56.943237 0.031826444 -0.0076993415 0.9994632 -0.1776123
-0.4945856 0.8693627 0.020652635 -7.6949463 -0.869138 -0.49495986 0.021138383 -57.857056 0.028577626 -0.007499491 0.99956334 -0.1274414
-0.49076658 0.87080663 0.019571379 -8.219971 -0.8706129 -0.49110186 0.019771133 -58.770264 0.02683155 -0.00732883 0.99961287 -0.08081055
-0.48796937 0.8724783 0.019652395 -8.734253 -0.87229735 -0.48830402 0.019363336 -59.69763 0.026480854 -0.0076876674 0.9996194 -0.03515625
-0.4869561 0.8731948 0.018556036 -9.228027 -0.8730116 -0.48726133 0.01915957 -60.598877 0.025778329 -0.006873016 0.99964416 0.011352539
-0.48416442 0.8743889 0.019290304 -9.7508545 -0.87419665 -0.48449332 0.019735232 -61.546143 0.026611455 -0.0073046647 0.999619 0.057739258
-0.48696283 0.87295717 0.02021117 -10.212402 -0.8727323 -0.48732656 0.021133034 -62.409546 0.028312271 -0.0073440024 0.99957216 0.09741211
-0.48937535 0.8719302 0.023388516 -10.71106 -0.87167674 -0.48984832 0.022940857 -63.319458 0.0314471 -0.009171414 0.9994634 0.14538574
-0.49216136 0.8696184 0.025928892 -11.211792 -0.8693849 -0.49271625 0.023050046 -64.20691 0.032832615 -0.011189565 0.99939793 0.19262695
-0.49876615 0.86645555 0.025399022 -11.725464 -0.8662621 -0.4992854 0.02150606 -65.10559 0.031325825 -0.011278622 0.9994458 0.24023438
-0.50398654 0.8636092 0.020418968 -12.22644 -0.8634458 -0.5043336 0.018708037 -65.983765 0.026466405 -0.008208756 0.9996162 0.29431152
-0.5091974 0.86056167 0.022452708 -12.732178 -0.8604846 -0.5095703 0.016037766 -66.8584 0.025245167 -0.011159078 0.9996191 0.33813477
-0.51303416 0.8581328 0.022907613 -13.244751 -0.85799855 -0.51344275 0.018323459 -67.73633 0.027473498 -0.010256889 0.9995698 0.38208008
-0.51827705 0.8550252 0.02402528 -13.73877 -0.8548399 -0.5187377 0.020401942 -68.59778 0.029889807 -0.0099638095 0.9995034 0.4222412
-0.5224774 0.8518087 0.026479743 -14.255737 -0.85164183 -0.52301466 0.020576984 -69.460815 0.031390972 -0.0117914975 0.99943733 0.46557617
-0.5277194 0.8494795 0.027545981 -14.7803955 -0.8493239 -0.5282892 0.020549823 -70.30908 0.03199806 -0.012563754 0.9994093 0.513916
-0.53052175 0.847206 0.027592301 -15.288208 -0.8470793 -0.5310803 0.019575236 -71.14441 0.031249288 -0.012985673 0.9994274 0.56018066
-0.53436285 0.84460753 0.020910438 -15.809937 -0.8445964 -0.53465366 0.012036541 -71.98694 0.02134766 -0.011224505 0.99970895 0.6003418
-0.53577685 0.843645 0.015690131 -16.341797 -0.8437151 -0.5358852 0.0034293144 -72.820435 0.011316657 -0.011401718 0.99987084 0.6479492
-0.53823346 0.84261197 0.013762202 -16.861206 -0.8426877 -0.5382905 0.0005168421 -73.6449 0.007844099 -0.01131317 0.9999051 0.67700195
-0.53821754 0.8426872 0.016334563 -17.38916 -0.8427289 -0.5383644 0.0062021045 -74.465576 0.014018051 -0.010424345 0.9998473 0.6998291
-0.5396215 0.84158075 0.01924069 -17.913086 -0.8415336 -0.539885 0.012855847 -75.26636 0.021204302 -0.009249269 0.9997322 0.7277832
-0.5410464 0.8404519 0.015334582 -18.435791 -0.8403113 -0.5412467 0.015954327 -76.08423 0.021711387 -0.004247248 0.9997551 0.7585449
-0.5396559 0.84213185 0.012328731 -18.976196 -0.8419719 -0.53979474 0.016481115 -76.9021 0.020530064 -0.001489155 0.99978805 0.7972412
-0.53964967 0.84214187 0.010598406 -19.504639 -0.84201485 -0.53975284 0.014669362 -77.72339 0.018073767 -0.0010164548 0.9998362 0.82592773
-0.53962463 0.84241045 0.00977716 -20.01941 -0.8423693 -0.53970253 0.009002634 -78.53772 0.012855611 -0.003384062 0.99991167 0.8536377
-0.5382155 0.84326464 0.008370928 -20.537964 -0.84327626 -0.5382537 0.003113839 -79.35608 0.00712768 -0.0053857765 0.99996006 0.87145996
-0.53827864 0.84279686 0.015254821 -21.030151 -0.8429236 -0.5382773 -0.004548316 -80.1593 0.0043765903 -0.015298903 0.9998733 0.9050293
-0.535935 0.84400266 0.021518553 -21.528442 -0.8442683 -0.5358713 -0.0091062365 -80.9812 0.0038424477 -0.023061704 0.9997268 0.9091797
-0.5345082 0.8453645 0.01810427 -22.040894 -0.8455569 -0.5344263 -0.009497502 -81.78589 0.0016361605 -0.020383194 0.99979097 0.93725586
-0.53022534 0.84764725 0.014046527 -22.5448 -0.84776074 -0.53019464 -0.0061377343 -82.59741 0.002243579 -0.015150154 0.9998825 0.95910645
-0.5249562 0.8507692 0.015018288 -23.056885 -0.8508873 -0.52496886 -0.0034059756 -83.40454 0.0049900087 -0.014562612 0.9998814 0.97387695
-0.5158479 0.856143 0.010269867 -23.542969 -0.856197 -0.5158572 -0.0019313886 -84.21777 0.0036522204 -0.009790339 0.99994534 0.9897461
-0.5091934 0.85996485 0.0027745236 -24.027222 -0.85996366 -0.50919926 0.0020657193 -85.01453 0.0031924532 -0.0013331189 0.999994 1.0112305
-0.49977252 0.8663585 0.0042029168 -24.506958 -0.86636513 -0.49977854 0.00041416136 -85.84375 0.002458589 -0.0034334152 0.999991 1.0335693
-0.4893571 0.87245893 0.006524493 -24.955566 -0.87248236 -0.4893538 -0.0021959867 -86.66943 0.0012746055 -0.00676413 0.9999763 1.0412598
-0.47755826 0.87916845 0.0025939618 -25.414673 -0.8791674 -0.4775438 -0.004733434 -87.50256 -0.0029236577 -0.0045373477 0.9999854 1.0595703
-0.46718568 0.88463855 0.0026236782 -25.846558 -0.8846325 -0.46716443 -0.006091907 -88.33728 -0.0041629686 -0.0051609883 0.999978 1.067627
-0.4544422 0.89062536 0.0023096278 -26.271362 -0.8906148 -0.45441926 -0.0067104795 -89.17651 -0.0049262354 -0.0051101875 0.9999747 1.0718994
-0.44132665 0.89723736 -0.00020199502 -26.699219 -0.8972214 -0.44132006 -0.005877475 -90.023926 -0.0053607943 -0.0024144556 0.99998266 1.0836182
-0.4300318 0.90309876 0.0011847569 -27.09607 -0.9030995 -0.43003094 -0.00093474373 -90.867676 -0.0003353695 -0.00147159 0.9999988 1.090332
-0.41838795 0.90812594 0.0037360485 -27.47815 -0.9080889 -0.41840455 0.00821114 -91.70093 0.009015266 4.629721e-05 0.9999593 1.1074219
-0.4041431 0.9143846 0.005310811 -27.859375 -0.91430295 -0.4041779 0.012215708 -92.54285 0.013320969 8.6799795e-05 0.99991125 1.1217041
-0.3939289 0.91920847 0.004185682 -28.213867 -0.91914636 -0.3939509 0.010685078 -93.40088 0.011471441 0.00035823588 0.9999342 1.1348877
-0.38139114 0.924353 0.003602191 -28.574585 -0.92433393 -0.38140678 0.006012075 -94.2605 0.0069299936 -0.001035092 0.9999755 1.1641846
-0.37329292 0.92770225 0.006457437 -28.910034 -0.92768395 -0.3733327 0.006781593 -95.11536 0.008699728 -0.003458484 0.99995625 1.1895752
-0.365213 0.93090343 0.014220301 -29.228271 -0.93088365 -0.36537358 0.011026053 -95.98132 0.015452601 -0.009211984 0.9998382 1.2091064
-0.35852048 0.93328494 0.02301924 -29.5531 -0.933275 -0.35891712 0.016230546 -96.85156 0.023405325 -0.015655058 0.9996034 1.2258301
-0.35415336 0.93483126 0.027470198 -29.878784 -0.934858 -0.3546915 0.017973896 -97.734375 0.026534285 -0.019316012 0.9994613 1.2640381
-0.35184577 0.93550944 0.030008748 -30.189941 -0.93560606 -0.35243955 0.017377391 -98.607544 0.026839554 -0.021969153 0.99939847 1.2974854
-0.34749073 0.93730587 0.03177904 -30.513184 -0.9374511 -0.34812692 0.017177587 -99.48425 0.027147155 -0.023823055 0.9993475 1.3405762
-0.34153736 0.9393816 0.030912459 -30.819702 -0.9396304 -0.3420317 0.012272816 -100.35986 0.022105325 -0.02485817 0.9994465 1.3724365
-0.33650422 0.9413808 0.02707039 -31.136475 -0.9415801 -0.33687484 0.010414663 -101.23242 0.018921597 -0.021995433 0.99957913 1.3977051
-0.32989475 0.94349474 0.027692998 -31.43164 -0.9437659 -0.33020198 0.0072336616 -102.11926 0.015980138 -0.023752859 0.99959004 1.4301758
-0.32491708 0.9453346 0.032142527 -31.717041 -0.94573236 -0.32528087 0.0066839857 -102.9906 0.016768616 -0.028230403 0.9994609 1.4598389
-0.31679842 0.9473164 0.042164333 -31.990967 -0.9480513 -0.31733695 0.0065697627 -103.85278 0.019617893 -0.03788976 0.9990889 1.4824219
-0.3110748 0.94956803 0.04081828 -32.26599 -0.95020384 -0.31167555 0.009133328 -104.72241 0.021380672 -0.035935774 0.9991252 1.5256348
-0.30352864 0.95194393 0.03984035 -32.549805 -0.95248413 -0.30420756 0.012107908 -105.585815 0.023653118 -0.03428938 0.99913234 1.5592041
-0.29629898 0.9541552 0.039630093 -32.82556 -0.95472294 -0.29692352 0.010793222 -106.46753 0.022070248 -0.03464713 0.9991561 1.5906982
-0.28980505 0.95627564 0.03977529 -33.0791 -0.9569376 -0.29027745 0.0065342435 -107.32544 0.017807923 -0.036185317 0.9991868 1.6175537
-0.28265718 0.9582573 0.039666753 -33.33557 -0.95898235 -0.28297138 0.0024262825 -108.217896 0.013558106 -0.037366357 0.99920976 1.6484375
-0.27545893 0.96041065 0.043986578 -33.579712 -0.96125585 -0.2759627 0.005715945 -109.075195 0.017607702 -0.040709205 0.9990162 1.6768799
-0.26957476 0.96212125 0.04398917 -33.82483 -0.96291727 -0.2701862 0.0085093975 -109.96533 0.020046838 -0.04007122 0.9989962 1.7050781
-0.26150107 0.9640313 0.04485117 -34.050415 -0.9648426 -0.2621739 0.009725687 -110.8147 0.021149917 -0.04073585 0.9989461 1.7270508
-0.25503087 0.96570766 0.044902604 -34.276367 -0.96653736 -0.255676 0.009153177 -111.70947 0.020342533 -0.041070968 0.998949 1.7608643
-0.2472254 0.9680649 0.042493552 -34.50525 -0.9688358 -0.24774635 0.007374311 -112.583984 0.017671805 -0.039328266 0.9990696 1.7886963
-0.2391336 0.97015584 0.03695723 -34.722412 -0.97069544 -0.23962033 0.009277175 -113.452515 0.017876416 -0.03366042 0.99927336 1.814209
-0.23269558 0.9718375 0.035209764 -34.943237 -0.972341 -0.23311271 0.008178099 -114.35315 0.016168345 -0.032335326 0.99934626 1.8515625
-0.22480763 0.97335476 0.041945063 -35.132935 -0.9741054 -0.22532618 0.008000856 -115.24451 0.01725605 -0.03905593 0.99908763 1.8729248
-0.2185149 0.9748023 0.04687179 -35.332153 -0.9758008 -0.2190107 0.0056595025 -116.142944 0.015769724 -0.04449503 0.9988853 1.9064941
-0.21405792 0.9758228 0.043528397 -35.524048 -0.9766744 -0.21451509 0.006066924 -117.04297 0.015259333 -0.041232444 0.9990335 1.9315186
-0.20986356 0.9768726 0.04242564 -35.718018 -0.9776862 -0.2102865 0.0057201353 -117.91443 0.014506255 -0.04028699 0.99908316 1.9575195
-0.204111 0.97815394 0.041381165 -35.910156 -0.9789018 -0.20458399 0.007499259 -118.82202 0.015798487 -0.03898701 0.9991152 1.9819336
-0.19770396 0.9796817 0.035922896 -36.113037 -0.9802502 -0.19804929 0.0062970095 -119.69238 0.013272664 -0.033972487 0.9993349 2.0037842
-0.19195387 0.9810502 0.027169578 -36.312378 -0.9813811 -0.19213699 0.0042754966 -120.58765 0.009409565 -0.025839485 0.9996217 2.0256348
-0.18761325 0.98179626 0.026215816 -36.476074 -0.98212236 -0.18772864 0.0019847467 -121.46838 0.006885174 -0.025375798 0.999654 2.0582275
-0.18411466 0.982592 0.028502524 -36.629883 -0.98295885 -0.18431045 0.004382661 -122.347046 0.009544822 -0.027206954 0.99958426 2.0654297
-0.1797663 0.98328626 0.029184934 -36.78601 -0.9836635 -0.17999361 0.005334002 -123.22925 0.010503851 -0.027757678 0.9995595 2.0861816
-0.17847884 0.9835574 0.030856453 -36.940674 -0.9839919 -0.17869614 0.0044219554 -124.12207 0.009844628 -0.029574811 0.99951416 2.1086426
-0.17699131 0.9836802 0.031709354 -37.090576 -0.984151 -0.17718314 0.0033238987 -125.00708 0.00888451 -0.030619508 0.9994916 2.1293945
-0.17700802 0.9838011 0.028106749 -37.24585 -0.9841942 -0.1770537 -0.0008687619 -125.880615 0.004121556 -0.027832229 0.9996043 2.145874
-0.17427108 0.9842022 0.028176596 -37.40088 -0.98460495 -0.17416404 -0.0062302193 -126.7677 -0.0012141839 -0.028834453 0.99958324 2.1622314
-0.17428458 0.9842639 0.028175198 -37.55188 -0.984665 -0.17415549 -0.0069918996 -127.64209 -0.001972051 -0.028966866 0.9995784 2.1707764
-0.17140281 0.98468035 0.028527938 -37.694458 -0.9850918 -0.17138565 -0.0030650324 -128.50171 0.0018768613 -0.028637309 0.99958813 2.1850586
-0.17349781 0.9844925 0.027385801 -37.844727 -0.9848578 -0.17358279 0.0007418846 -129.36304 0.005479545 -0.02683981 0.9996247 2.204956
-0.17204799 0.9845506 0.031140907 -37.994873 -0.9850296 -0.17212617 -0.00016682036 -130.23596 0.005202636 -0.030721813 0.99951464 2.2142334
-0.17206335 0.98453975 0.032148268 -38.134277 -0.9850507 -0.17214262 -0.00030613504 -131.09167 0.0052370913 -0.031728793 0.99948287 2.2276611
-0.17069985 0.98486835 0.027890565 -38.288574 -0.9852538 -0.17075384 -0.00045090262 -131.94458 0.0043250285 -0.027562922 0.9996107 2.246338
-0.17004026 0.9850356 0.029883401 -38.43799 -0.9854669 -0.17015934 0.0014695539 -132.81323 0.006523755 -0.029185869 0.99955255 2.2687988
-0.17017056 0.984608 0.04041586 -38.57495 -0.9853944 -0.17040099 0.0023011388 -133.66907 0.009148849 -0.039425798 0.99918056 2.2745361
-0.16938283 0.9844538 0.04663551 -38.70227 -0.9854824 -0.16976677 0.004375401 -134.50366 0.012225036 -0.045234412 0.99890214 2.298584
-0.17081022 0.98428977 0.04527456 -38.83972 -0.9852176 -0.17130601 0.0072853747 -135.34363 0.014918024 -0.04336591 0.99894816 2.319458
-0.16921854 0.9846556 0.04182295 -38.97937 -0.9854052 -0.16975462 0.009578047 -136.1842 0.016552597 -0.039597668 0.9990785 2.3389893
-0.16790141 0.9849451 0.042870514 -39.116577 -0.98571444 -0.16850649 0.010892105 -137.01306 0.017948959 -0.04043368 0.99902123 2.3654785
-0.16631304 0.9854711 0.034178995 -39.265015 -0.98593956 -0.1667428 0.010115478 -137.86694 0.015670722 -0.03203024 0.9993643 2.3894043
-0.16281438 0.98622316 0.026768751 -39.398804 -0.9865221 -0.1630535 0.0069876714 -138.7085 0.011262877 -0.025264712 0.9996172 2.418457
-0.16065669 0.98673254 0.019979782 -39.548706 -0.98692364 -0.16071868 0.0015231804 -139.55273 0.004720225 -0.019472832 0.9997992 2.4414062
-0.15651275 0.9875522 0.015420102 -39.678467 -0.9876654 -0.15655245 0.0013946663 -140.3938 0.0037885513 -0.015010301 0.99988014 2.459961
-0.15284061 0.9881284 0.014962615 -39.793823 -0.9882076 -0.15294372 0.0059962356 -141.18701 0.008216361 -0.013870822 0.99987006 2.4830322
-0.14658046 0.9892132 0.012140904 -39.9187 -0.9892256 -0.14669777 0.009404355 -142.00977 0.0110814655 -0.010632958 0.99988216 2.4953613
-0.1382104 0.99035585 0.011655543 -40.02661 -0.99036473 -0.13832174 0.009360193 -142.86499 0.010880048 -0.010245397 0.9998883 2.5092773
-0.1283884 0.99171203 0.008080715 -40.128296 -0.9917255 -0.12843263 0.005211136 -143.63525 0.006206069 -0.007343902 0.99995375 2.5270996
-0.1171334 0.9930598 0.0002829684 -40.228516 -0.9930562 -0.117133714 0.0027291114 -144.42249 0.0027437415 3.9256178e-05 0.99999624 2.5534668
-0.10256532 0.99466896 -0.0057224706 -40.32129 -0.99467534 -0.102536425 0.005121316 -145.302 0.0045086686 0.0062205596 0.9999705 2.574707
-0.089524046 0.99596417 -0.0077174297 -40.390625 -0.9959801 -0.08947885 0.0060127135 -146.07544 0.0052960212 0.008225225 0.99995214 2.5848389
-0.07574856 0.9970393 -0.011661124 -40.448853 -0.9970992 -0.07569503 0.0049711973 -146.88184 0.0040718485 0.012002716 0.99991965 2.604126
-0.06207409 0.99797505 -0.013934068 -40.501465 -0.99805313 -0.061979994 0.0070847603 -147.69019 0.0062037064 0.014346685 0.99987787 2.614624
-0.048483737 0.99875057 -0.012252914 -40.524902 -0.9987548 -0.048330303 0.01252749 -148.48999 0.011921672 0.012844345 0.9998465 2.636963
-0.03557362 0.999353 -0.004004931 -40.538086 -0.9991284 -0.03547859 0.021718506 -149.26111 0.021564035 0.0047778795 0.999756 2.6617432
-0.022113085 0.999759 0.003590057 -40.54077 -0.99929565 -0.022212746 0.030585643 -150.0586 0.030654788 -0.0029234253 0.9995259 2.680664
