1.000000000000000000e+00 4.398956837314658088e-19 2.733407509747682871e-20 -8.673617379884035472e-19 -5.583667658079949532e-19 1.000000000000000000e+00 -6.100159232558060012e-19 0.000000000000000000e+00 4.145284534913582806e-20 -2.210423569125054137e-19 1.000000000000000222e+00 0.000000000000000000e+00
9.998888824401188646e-01 3.389073133372038390e-04 1.490328591064714672e-02 -5.526371611220697033e-02 -3.345997155785444843e-04 9.999999015271036074e-01 -2.915295772181659582e-04 -8.354431154517075186e-03 -1.490338350293424381e-02 2.865105641321403812e-04 9.998888973554657111e-01 3.990226102342764314e-02
9.993210399747216588e-01 3.698851074129163707e-03 3.665757201135835114e-02 3.423869358146428010e-02 -3.683040741693253094e-03 9.999930931754233976e-01 -4.988179778347541721e-04 2.357675313921475668e-03 -3.665916451282144606e-02 3.634680038903349234e-04 9.993277608072366203e-01 2.502125978687484986e-01
9.979691965260204523e-01 5.124959101298386457e-03 6.349187025795378914e-02 2.488133742790145028e-02 -5.179246208567733593e-03 9.999863492442389035e-01 6.904661739732558716e-04 1.701244800537946023e-03 -6.348746603391156040e-02 -1.017903955178810736e-03 9.979821168282778654e-01 4.059195091290580537e-01
9.953286196914782336e-01 4.609592518056990565e-03 9.643490262806751756e-02 6.971377332082043243e-02 -4.874333103009250226e-03 9.999849705830032853e-01 2.509879184442049323e-03 4.574080112858078251e-03 -9.642188541469080831e-02 -2.968210363222978376e-03 9.953361290371689485e-01 5.696160966421925931e-01
9.909681490194101050e-01 1.646711376967659049e-03 1.340873440816920947e-01 1.708058231981053610e-01 -2.283681907289460220e-03 9.999868272469500941e-01 4.596752398883152159e-03 2.272140912465289708e-03 -1.340780105750468409e-01 -4.861447978730352483e-03 9.909588556183848151e-01 7.747989469775001803e-01
9.847535024016385030e-01 -1.714158427223761924e-03 1.739471209546041564e-01 2.156845627694425616e-01 7.661497175548664766e-04 9.999844878378053581e-01 5.516982465516047721e-03 -1.315211616675823758e-02 -1.739538826476587086e-01 -5.299598152967597772e-03 9.847395398044431758e-01 9.573522663202908012e-01
9.760240174008883995e-01 -1.924425207981167235e-03 2.176543441464899586e-01 3.113967310123180177e-01 5.518003479168099136e-04 9.999795779024592823e-01 6.367047327405498357e-03 -7.137710306163502771e-03 -2.176621558577385152e-01 -6.094289219398562815e-03 9.760051465373575930e-01 1.189358357454469717e+00
9.643734035833444462e-01 -2.032283171927837164e-03 2.645369679958733955e-01 4.224711748643028009e-01 -5.800328056207240679e-04 9.999518442814152586e-01 9.796564615487357922e-03 7.687267780140560891e-03 -2.645441429932677280e-01 -9.600986319697581498e-03 9.643257843287493802e-01 1.379821036636740939e+00
9.499196882530368535e-01 -5.782596934980111653e-03 3.124406282459626927e-01 5.526049397346365355e-01 6.724848779220548179e-04 9.998642866060469814e-01 1.646074502236017159e-02 1.938407736237907075e-02 -3.124934171181485421e-01 -1.542627402562935825e-02 9.497946597017149495e-01 1.633866285014180519e+00
9.331452121452400439e-01 -1.545969577483304394e-02 3.591671047296799424e-01 6.798149934727740762e-01 7.122881122422450827e-03 9.996738823559438991e-01 2.452332515597339252e-02 -2.591753418240791418e-03 -3.594291033500260357e-01 -2.032551870147760245e-02 9.329510141024449643e-01 1.830764841749870087e+00
9.120037289055159535e-01 -2.116124395663189842e-02 4.096356892040816100e-01 8.358523562734970769e-01 9.930205022221152977e-03 9.995147079501451870e-01 2.952523646267771543e-02 -8.021481943577143947e-03 -4.100616940705884006e-01 -2.285935917916381496e-02 9.117712756674186680e-01 2.058227710139564959e+00
8.870658201630076123e-01 -2.307436628160225781e-02 4.610659402390695494e-01 1.033980639476710373e+00 8.581241752836858694e-03 9.994016791139095357e-01 3.350591055389582490e-02 -4.367879768510621319e-03 -4.615632104772968147e-01 -2.576542951030158859e-02 8.867330762292385815e-01 2.308510528558107566e+00
8.586131763636171144e-01 -2.507167082680151343e-02 5.120105670904928630e-01 1.207750163292059087e+00 6.772982962587625368e-03 9.992709143382229042e-01 3.757348036542083880e-02 2.564871336601555474e-02 -5.125793063071206745e-01 -2.879324623394403579e-02 8.581569830946418342e-01 2.529095065368530015e+00
8.265752215743751297e-01 -3.041376965677342753e-02 5.620039153961468026e-01 1.432133889150509543e+00 7.935299075767180549e-03 9.990694002177455957e-01 4.239533627669621330e-02 2.069158791467883007e-02 -5.627703263824516133e-01 -3.058326504703746257e-02 8.260473524293314718e-01 2.758214379475632416e+00
7.907867624080126001e-01 -3.620793668319756409e-02 6.110198654565022203e-01 1.658640862894182888e+00 1.003220486130207943e-02 9.988814549691445999e-01 4.620815661692793258e-02 2.410305624422799664e-02 -6.120095247993391219e-01 -3.041092176923051657e-02 7.902654763921816983e-01 2.940014895306132914e+00
7.532362228962965478e-01 -4.068023170613884604e-02 6.564909021046361204e-01 1.913335151905426912e+00 1.115600130689639070e-02 9.987321726792609544e-01 4.908758334755976976e-02 3.305859848233153042e-02 -6.576554906265955625e-01 -2.965073211955752616e-02 7.527350772375781540e-01 3.152171614725479021e+00
7.127274833959102995e-01 -4.378229766544815271e-02 7.000733083659812506e-01 2.230825276437460314e+00 1.206481714877194814e-02 9.986676489329440187e-01 5.017337050637252910e-02 4.150942822532826398e-02 -7.013372825062994531e-01 -2.731368317958532063e-02 7.123061046127316942e-01 3.413671208394276402e+00
6.714144118350765522e-01 -4.572944159841577094e-02 7.396698567755880527e-01 2.512516683501522685e+00 1.119749551060712084e-02 9.986064107555698843e-01 5.157375726106017133e-02 5.220295704735965908e-02 -7.409975127444877741e-01 -2.634491348693648524e-02 6.709907901177415424e-01 3.590857746689057439e+00
6.287894354868566182e-01 -4.614546546984663045e-02 7.762051482268563785e-01 2.858900533985378800e+00 7.064945121128243279e-03 9.985353547256411444e-01 5.363983467109405268e-02 8.100388362793486952e-02 -7.775435315998355801e-01 -2.824431405629423963e-02 6.281944961103940184e-01 3.817365777302224483e+00
5.870550063714548017e-01 -4.699703255819487335e-02 8.081817170803433648e-01 3.198771698840718436e+00 4.268355836073788045e-03 9.984792881537652987e-01 5.496264385640169114e-02 9.775143748705882041e-02 -8.095358007224887631e-01 -2.881648753007755998e-02 5.863628638000130122e-01 4.026304898264608134e+00
5.466962296340225347e-01 -4.802844520663451106e-02 8.359524445416172123e-01 3.576008990024804657e+00 2.097327046565205643e-03 9.984290317373807344e-01 5.599169366043892093e-02 1.183028553462398685e-01 -8.373283982450601126e-01 -2.885718155256655065e-02 5.459381173991496583e-01 4.232444969712426897e+00
5.080538226750710429e-01 -5.060520799135354714e-02 8.598374346569906956e-01 4.010733047783639371e+00 1.231046172088988639e-03 9.983142094710633074e-01 5.802778341613176044e-02 1.319881267598913555e-01 -8.613244517901587072e-01 -2.842273698047283539e-02 5.072596465007890298e-01 4.449283413048244817e+00
4.711405853076834904e-01 -5.053971993530100709e-02 8.806090351415117867e-01 4.404525433557631153e+00 -1.650876831673703986e-03 9.983048758200204764e-01 5.817774041047331368e-02 1.534005932566605002e-01 -8.820565954265685571e-01 -2.886367108087016867e-02 4.702585074281471211e-01 4.629212827777653416e+00
4.347454718493123926e-01 -4.972987705237178618e-02 8.991792372011530032e-01 4.866528575444633020e+00 -3.012495158406168407e-03 9.983882359582348931e-01 5.667323122161285753e-02 1.799628459548472947e-01 -9.005483408288686986e-01 -2.734720307108400722e-02 4.338949524617852216e-01 4.810725075446581123e+00
4.011039495649377229e-01 -4.846892710615226252e-02 9.147493486204393287e-01 5.380114745489890993e+00 -1.890574124503337878e-03 9.985532611123720814e-01 5.373835145288468479e-02 1.947912321123276835e-01 -9.160306012448491408e-01 -2.328406572925911105e-02 4.004320215063201238e-01 5.001898583721566816e+00
3.716965211110119238e-01 -4.694415586802233586e-02 9.271666128839803900e-01 5.867475515210660575e+00 2.517981898153226028e-04 9.987257285762144443e-01 5.046638131589151199e-02 2.178750352741546381e-01 -9.283542686922129361e-01 -1.852471870572389157e-02 3.712346980137214980e-01 5.180535029764915755e+00
3.456115174009987134e-01 -4.496939470086213503e-02 9.372995347510042485e-01 6.420101098146494323e+00 1.045459752136271335e-03 9.988688900998325959e-01 4.753785199207134077e-02 2.422382859472568817e-01 -9.383771106310416776e-01 -1.544971939511671777e-02 3.452676051739201335e-01 5.368460511760034137e+00
3.245746710635654120e-01 -4.439838394080376782e-02 9.448174698855177356e-01 6.989747242815354866e+00 2.268418900764752628e-03 9.989313908311854284e-01 4.616200444599374841e-02 2.675943346450589955e-01 -9.458573640367035074e-01 -1.283977474294632423e-02 3.243285404060743393e-01 5.545555623844869331e+00
3.103703585242512664e-01 -4.494179870180288472e-02 9.495527684648294997e-01 7.573829865062457145e+00 3.472799894150752943e-03 9.989287792222218965e-01 4.614362000462859242e-02 2.956988958815174318e-01 -9.506093815405500802e-01 -1.102400424838885853e-02 3.101939558929913132e-01 5.727388053223275044e+00
2.981042784291820236e-01 -4.651999470136679998e-02 9.533990318607428183e-01 8.189701284831052419e+00 4.302130184840640553e-03 9.988670376124775263e-01 4.739338359967340542e-02 3.151645690926384025e-01 -9.545236230891404050e-01 -1.002652276971555123e-02 2.979666712339662515e-01 5.921222270008392741e+00
2.875730715920161717e-01 -4.841554791456446211e-02 9.565341853669442340e-01 8.832214907664750925e+00 3.310435032558554837e-03 9.987657674186061207e-01 4.955787337882222587e-02 3.438977644520188615e-01 -9.577529878762044424e-01 -1.108496469892654435e-02 2.873784147257336108e-01 6.092030448148410215e+00
2.775308370818063697e-01 -4.996863350326698205e-02 9.594163614332644752e-01 9.502974108603131853e+00 1.511643799643435900e-03 9.986679452196014495e-01 5.157567339289401143e-02 3.738409407227756831e-01 -9.607155488269292221e-01 -1.286354313409780042e-02 2.772366842371419837e-01 6.271003721989504953e+00
2.667378572898272959e-01 -5.172498743889267919e-02 9.623800836992565388e-01 1.018972494355508118e+01 6.710410662941525013e-04 9.985684803152796718e-01 5.348401430339462526e-02 4.036511403671942944e-01 -9.637688943084276039e-01 -1.362041393711452796e-02 2.663907250418038331e-01 6.470421746603337354e+00
2.567305358636635115e-01 -5.374231118302429111e-02 9.649876580459867403e-01 1.089413164134069945e+01 -4.164578901118441636e-05 9.984521700873711936e-01 5.561710414438025135e-02 4.314022026418351530e-01 -9.664830297231766787e-01 -1.431879574413647167e-02 2.563309211709993707e-01 6.660414985579143909e+00
2.468336562543461676e-01 -5.540539110725026944e-02 9.674726729559584015e-01 1.161722040147466828e+01 -4.601526875800521070e-04 9.983573869091387776e-01 5.729150218027650315e-02 4.629581054721033651e-01 -9.690577645297352438e-01 -1.458665522551887486e-02 2.464027077675282618e-01 6.843506714087719267e+00
2.353881654692681069e-01 -5.660389788237060738e-02 9.702517169953267517e-01 1.239770390337418604e+01 -1.357722144269018832e-03 9.982824637171456850e-01 5.856858529951162323e-02 4.883135547938699528e-01 -9.719005015041720652e-01 -1.510368320897692747e-02 2.349070240329896864e-01 7.022104491408872384e+00
2.256094651440823384e-01 -5.943872811964270864e-02 9.724028952964182126e-01 1.317090792470035865e+01 -2.458282890433011181e-03 9.980991371819650793e-01 6.157977881122237568e-02 5.241727390342494353e-01 -9.742147313730664671e-01 -1.628342148661198613e-02 2.250344939334095462e-01 7.206792257040865124e+00
2.148703258990199150e-01 -6.310539080435847992e-02 9.746016809716125939e-01 1.393995294724170897e+01 -4.279197476936534746e-03 9.978398806792799780e-01 6.555349685036433727e-02 5.701278609300483025e-01 -9.766332209822670141e-01 -1.825601342369448377e-02 2.141361385662506334e-01 7.384608615548369670e+00
2.017456930287628014e-01 -6.662086566211436467e-02 9.771695448328329148e-01 1.471270910929808551e+01 -4.680922685114223721e-03 9.976070156239486009e-01 6.898065881714553205e-02 6.064298891600541364e-01 -9.794267615262665094e-01 -1.849060504140118480e-02 2.009510702514159530e-01 7.538457212320154532e+00
1.893701726859228496e-01 -6.931583839614950671e-02 9.794560918660744075e-01 1.551270257845621003e+01 -5.543163343815604716e-03 9.974138272286036111e-01 7.165842965780380713e-02 6.505001754035615313e-01 -9.818901303053534368e-01 -1.899925343636734570e-02 1.884961983194511081e-01 7.704245269747528546e+00
1.755171445305630240e-01 -7.002316451804466158e-02 9.819829285428159915e-01 1.631955712969907424e+01 -6.130260583874751722e-03 9.973701690843130852e-01 7.221610397835830086e-02 6.827838378853212653e-01 -9.844572966381509582e-01 -1.869497472552254097e-02 1.746263025010768299e-01 7.833058793899529526e+00
1.611666636616953530e-01 -6.925124273121603669e-02 9.844945684670228792e-01 1.712476245797096652e+01 -7.432622871255168545e-03 9.974216933697702681e-01 7.137731897634479183e-02 7.248256366429550734e-01 -9.868992247077479352e-01 -1.882102032990522200e-02 1.602364068389008356e-01 7.975843201174659391e+00
1.441101325985453818e-01 -6.817985679772323171e-02 9.872100891547875845e-01 1.790920906356975451e+01 -8.927852338369807877e-03 9.974934541473328142e-01 7.019332120705554234e-02 7.588605443899842928e-01 -9.895213895057410891e-01 -1.892923385027493396e-02 1.431402128708342270e-01 8.089005812464662881e+00
1.237514287143302860e-01 -6.695417716530314978e-02 9.900518699765541442e-01 1.872272253050149970e+01 -1.115625920213845525e-02 9.975641806244518461e-01 6.885668724370823390e-02 8.005611775506592531e-01 -9.922505424501358862e-01 -1.956638783066978401e-02 1.227030330488312893e-01 8.170836567554887964e+00
9.793441719578696580e-02 -6.554553774336319139e-02 9.930320314386859026e-01 1.954866995953235786e+01 -1.555713822735452050e-02 9.976059744044449840e-01 6.738171306870122113e-02 8.457168605636141701e-01 -9.950712751670625078e-01 -2.204772451746626546e-02 9.668025731694465663e-02 8.272326488907156161e+00
6.934548597624359823e-02 -6.509090501753692082e-02 9.954669058210502408e-01 2.036423543456896823e+01 -1.932569760742271561e-02 9.975941659102171011e-01 6.657625354490237513e-02 8.814294409370585504e-01 -9.974055034506408290e-01 -2.385485420953390931e-02 6.792072370497363731e-02 8.322425725657048190e+00
3.552210662718775086e-02 -6.488898677495941181e-02 9.972600373770874604e-01 2.122643381137962493e+01 -2.245429457819053329e-02 9.975860856431461032e-01 6.571001731988078409e-02 9.204434844966834506e-01 -9.991166107803820529e-01 -2.472692804792765361e-02 3.397932148785627604e-02 8.318235809716512108e+00
9.180074823574650407e-04 -6.399612487906194969e-02 9.979497161682561179e-01 2.206387030644106062e+01 -2.417226753979974732e-02 9.976571319336415833e-01 6.399959828033605080e-02 9.589745959400686193e-01 -9.997073952212752745e-01 -2.418145878788770936e-02 -6.310761335144082426e-04 8.320486089373602567e+00
-3.333932720671248240e-02 -6.330776424704334659e-02 9.974370150296695270e-01 2.290877600621990595e+01 -2.542991173696861409e-02 9.977224479829622794e-01 6.247588639561610369e-02 9.872833102599952726e-01 -9.991205263131747172e-01 -2.328183037277779463e-02 -3.487330740470576118e-02 8.277539502397607052e+00
-6.586810976795069716e-02 -6.140337629677750098e-02 9.959372471210616862e-01 2.374157424432056018e+01 -2.756646778598809480e-02 9.978358209025356418e-01 5.969727286101184777e-02 1.018720348883689120e+00 -9.974474919107726434e-01 -2.352232465609204945e-02 -6.741823496712925912e-02 8.225869952678843688e+00
-9.865957509347716980e-02 -5.827963755988769395e-02 9.934131843482922886e-01 2.456334562208939687e+01 -2.986594608326801834e-02 9.980072890648369333e-01 5.558305729275998114e-02 1.058596970128212966e+00 -9.946729766707230747e-01 -2.418542293276094643e-02 -1.002035529799804314e-01 8.140233310142468426e+00
-1.314267953858994087e-01 -5.386488232883626659e-02 9.898613815744897737e-01 2.541655158880055154e+01 -2.667857066026756499e-02 9.983532236639780511e-01 5.078478793951972381e-02 1.084201878221283666e+00 -9.909668350457374597e-01 -1.973360398663239618e-02 -1.326474043020670901e-01 8.006378454607411044e+00
-1.626043964309409895e-01 -4.838927189982754340e-02 9.855040697841853659e-01 2.623828631394612287e+01 -2.249589155429220291e-02 9.987189056290363132e-01 4.532639868955102430e-02 1.105305055021247984e+00 -9.864348745675766139e-01 -1.479952004595391953e-02 -1.634846460452926142e-01 7.849943304813366218e+00
-1.935983574961283593e-01 -4.232576494015014706e-02 9.801674288990852579e-01 2.709640982378486029e+01 -1.610880030784148098e-02 9.990714077025036888e-01 3.996034123838582836e-02 1.120945918978522471e+00 -9.809486219641725402e-01 -8.053063962797828504e-03 -1.941004022197856671e-01 7.675175494369635310e+00
-2.225890843549414022e-01 -3.670066199611016211e-02 9.742213014394167647e-01 2.789772887862352846e+01 -1.109773036086647742e-02 9.993218114951398778e-01 3.511064586663233122e-02 1.127433290453792925e+00 -9.748491965760104350e-01 -2.996397771839054078e-03 -2.228454224120458849e-01 7.460940192479895039e+00
-2.497951875015931855e-01 -3.021308724088528352e-02 9.678272144794199949e-01 2.870427055547700235e+01 -2.016466823368114752e-03 9.995271554827417360e-01 3.068223105805345519e-02 1.154494367623342121e+00 -9.682966043825299574e-01 5.712683292422767942e-03 -2.497379982616131644e-01 7.248972274533551641e+00
-2.769291795897886876e-01 -2.057934788793525788e-02 9.606699243596167337e-01 2.952997724448585615e+01 3.842398341591325879e-03 9.997389205149248559e-01 2.252391543158830181e-02 1.138752925665047933e+00 -9.608826572881772332e-01 9.928807074847714395e-03 -2.767778063578691383e-01 6.995523043748693048e+00
-3.019171325204815237e-01 -5.433070323837730850e-03 9.533186826528760038e-01 3.027910076339182055e+01 8.015471971478541416e-03 9.999339478015375482e-01 8.237246295512812289e-03 1.134233839895583573e+00 -9.533004839112469986e-01 1.012826607799107576e-02 -3.018536429461495252e-01 6.732510912125689195e+00
-3.265827216416661294e-01 1.166889824249376685e-02 9.450965806960182070e-01 3.107014365900271358e+01 8.825115783940816472e-03 9.999178456043542607e-01 -9.296201304665177231e-03 1.107982615287932626e+00 -9.451274296535013830e-01 5.304609083241589029e-03 -3.266588721423521191e-01 6.455173004357966704e+00
-3.521729431634637586e-01 2.664356773232792394e-02 9.355556224996035564e-01 3.187341629619918137e+01 7.663654452988601269e-03 9.996433034420475483e-01 -2.558386736377580087e-02 1.081638613186223896e+00 -9.359035747348807277e-01 -1.840169882068571836e-03 -3.522515126998647661e-01 6.159544600329494912e+00
-3.765017773077199426e-01 3.729731073207041142e-02 9.256647919079089570e-01 3.261608510880349598e+01 1.207163016263285496e-02 9.993019289525163495e-01 -3.535435632570822079e-02 1.051434816710514752e+00 -9.263372505669479340e-01 -2.136694013690011978e-03 -3.766891929627449453e-01 5.855506674447408244e+00
-4.004087877737229073e-01 4.189438053686857927e-02 9.153784182175933593e-01 3.341492493276010123e+01 1.580332207472461697e-02 9.991214661337981529e-01 -3.881431293113042635e-02 1.000382378344047085e+00 -9.162003447345012930e-01 -1.075571069997588230e-03 -4.007190867720905048e-01 5.503926811433120569e+00
-4.231639554110165902e-01 4.143507254773179382e-02 9.051051800160996308e-01 3.414300036449592568e+01 1.819671816244518292e-02 9.991409431575214439e-01 -3.723244710729239210e-02 9.577526141929976200e-01 -9.058703880491509874e-01 7.145152458721852270e-04 -4.235544171323841200e-01 5.141691195554077609e+00
-4.436136336408051384e-01 3.785437350747183904e-02 8.954183245981736095e-01 3.487381315099864310e+01 2.202886904182263170e-02 9.992662816112292123e-01 -3.133093237379359908e-02 9.139759264916312853e-01 -8.959473680408683860e-01 5.826225262322345250e-03 -4.441220364586598301e-01 4.761090860573013117e+00
-4.609345912997271921e-01 3.672826890748752404e-02 8.866737408050265890e-01 3.560369419239271593e+01 2.911922667958743646e-02 9.992311260483554003e-01 -2.625313933373120759e-02 8.776304912834752558e-01 -8.869562481909296636e-01 1.371827467485089123e-02 -4.616496907364838198e-01 4.340736613289179147e+00
-4.755625569816788190e-01 3.722018717645694114e-02 8.788941336226300249e-01 3.629810462697565754e+01 3.278931141479352052e-02 9.991602038101637939e-01 -2.457128660797462671e-02 8.315489725341033145e-01 -8.790706047986684979e-01 1.713315066029566860e-02 -4.763836069052785338e-01 3.984028100749446910e+00
-4.859826884899249300e-01 4.051738169670567047e-02 8.730287248947370404e-01 3.700580861150636736e+01 3.527648470599489827e-02 9.990201237869158479e-01 -2.672754830110603275e-02 7.815424548996674492e-01 -8.732562102239954660e-01 1.780825978105921373e-02 -4.869357976400869314e-01 3.543608654471126052e+00
-4.965990809098453362e-01 4.345231269500728077e-02 8.668917093621869574e-01 3.770264524865416433e+01 3.711166992252939306e-02 9.988957589078366617e-01 -2.880949029425916921e-02 7.408206120014296792e-01 -8.671863059237300275e-01 1.786503366830869549e-02 -4.976633049069688619e-01 3.172743650309639118e+00
-5.065758494575409721e-01 4.229374365462210128e-02 8.611574388915683720e-01 3.838407132417574985e+01 3.086514096262338303e-02 9.990455212455675582e-01 -3.090937559359584544e-02 6.907879290482605850e-01 -8.616427705465085074e-01 1.092180357127514601e-02 -5.073977371455209440e-01 2.759311280892243090e+00
-5.186416026666420542e-01 4.145033648887024719e-02 8.539863841754691265e-01 3.907338785006967186e+01 2.940496345417660182e-02 9.990979999609110873e-01 -3.063551121780675943e-02 6.693905702980756933e-01 -8.544859554733639229e-01 9.222588786553007068e-03 -5.193926347541731880e-01 2.359825896722521854e+00
-5.269477549547919581e-01 4.269058285122449836e-02 8.488248138453231562e-01 3.975574413023714015e+01 3.150771384820557491e-02 9.990323732524172273e-01 -3.068519362753123481e-02 6.291030502638453870e-01 -8.493134517651401705e-01 1.057503646318746181e-02 -5.277829500776911598e-01 1.926072127546762713e+00
-5.341268016342578528e-01 4.557132508521453268e-02 8.441752194619690508e-01 4.043256851457194045e+01 3.540150979470670090e-02 9.988758750291870658e-01 -3.152331406440077310e-02 5.824876157203264793e-01 -8.446628348453437685e-01 1.304763141293118454e-02 -5.351396712608228468e-01 1.480914978222711786e+00
-5.377804031308079935e-01 4.910427317343257075e-02 8.416537265906819387e-01 4.113327323833472349e+01 3.616179261610036333e-02 9.987271508694305355e-01 -3.516251994742373987e-02 5.454400190126947878e-01 -8.423090729536483190e-01 1.152599437568346992e-02 -5.388715895426080538e-01 1.045374190424470440e+00
-5.376966886420927461e-01 5.024815373225046539e-02 8.416396979644913401e-01 4.182562093914340551e+01 3.521888431327584168e-02 9.986898518641612599e-01 -3.712424961608348783e-02 5.013679705512857909e-01 -8.424024648771820667e-01 9.680026064047062354e-03 -5.387619114284416533e-01 6.022051700364402516e-01
-5.341312286219080940e-01 5.147477132586966014e-02 8.438330199665793341e-01 4.255954538957490740e+01 3.804245807267361834e-02 9.985969799130458568e-01 -3.683535023716489470e-02 4.662640923911303692e-01 -8.445452111512671278e-01 1.242657242438102369e-02 -5.353400597997183263e-01 1.326187385090930593e-01
-5.282824997023821689e-01 4.998692730431380377e-02 8.475959500601487617e-01 4.331541862814899702e+01 3.623764580935479734e-02 9.986832908260618868e-01 -3.631139749979492987e-02 4.132703755478296936e-01 -8.482950225798464583e-01 1.153220700538300225e-02 -5.293983150511418767e-01 -3.148099798939505423e-01
-5.213255906002018936e-01 4.884969214114290303e-02 8.519585218721591469e-01 4.405539107151765421e+01 3.401692861787116579e-02 9.987563002882458019e-01 -3.645135309122839173e-02 3.740533597813919253e-01 -8.526795934511515185e-01 9.977990051825227219e-03 -5.223389358058028176e-01 -7.661789936102920695e-01
-5.143862821804791041e-01 4.821147971517505959e-02 8.562023082395916473e-01 4.484826505630325499e+01 3.229626288030497394e-02 9.987992333824358138e-01 -3.683806103755039169e-02 3.282317405119405951e-01 -8.569502413657665851e-01 8.703142564110073406e-03 -5.153256761347086989e-01 -1.226721087870108473e+00
-5.075945914697009842e-01 4.653928148460209635e-02 8.603381966284279203e-01 4.565524904212848156e+01 2.918274003198607219e-02 9.988958361593078816e-01 -3.681679147578476030e-02 2.782165281111692035e-01 -8.611016842361245427e-01 6.419022685045567070e-03 -5.083922688421611547e-01 -1.701375015450729000e+00
-5.033474475409137616e-01 4.449937261048162590e-02 8.629375060830845046e-01 4.646762685403556503e+01 2.534931981228722223e-02 9.990036706295334357e-01 -3.672979725164201431e-02 2.356216106717299308e-01 -8.637122039907124682e-01 3.387030081562879356e-03 -5.039739777397101994e-01 -2.171346280432617348e+00
-5.014439451122754132e-01 4.165163293828982871e-02 8.641869577013687742e-01 4.730562275045520693e+01 2.058940397497004485e-02 9.991321280948404215e-01 -3.620865935828097154e-02 1.962374505022434490e-01 -8.649451188829956338e-01 -3.635176882128158334e-04 -5.018663395149585149e-01 -2.647481541778162306e+00
-5.023083877251018903e-01 3.923527673308176145e-02 8.637979295927602497e-01 4.813735598340361577e+01 1.769098402699794195e-02 9.992272386282360364e-01 -3.509921128121519518e-02 1.418442475823123994e-01 -8.645075621525452059e-01 -2.349191945363511471e-03 -5.026143350773035756e-01 -3.108974792302301893e+00
-5.033941260830835374e-01 3.778633030455586655e-02 8.632302899986641354e-01 4.897202488917172758e+01 1.620634152017470797e-02 9.992804846639735672e-01 -3.429092346459602231e-02 1.031322507349368700e-01 -8.639049256808498667e-01 -3.272043658925360976e-03 -5.036443056789758899e-01 -3.593723672362019617e+00
-5.038497160135188002e-01 3.737333130295533712e-02 8.629824356795664508e-01 4.986281578298125794e+01 1.631231033952023138e-02 9.992970801632266031e-01 -3.375283805086998906e-02 5.318879323830593558e-02 -8.636372991551871658e-01 -2.929119654137611693e-03 -5.041051966475982304e-01 -4.103130694919639332e+00
-5.040616511458767546e-01 3.678280952976676482e-02 8.628840381423747985e-01 5.072873430369870817e+01 1.608548924742171649e-02 9.993192021902402855e-01 -3.320224597808717204e-02 2.975566597696530091e-03 -8.635178754164787307e-01 -2.856066107072347936e-03 -5.043101577803530411e-01 -4.587429544593509156e+00
-5.041845277679920523e-01 3.627140742688751002e-02 8.628338968061319836e-01 5.161082569283536969e+01 1.661512561632127322e-02 9.993400743872263847e-01 -3.230097974448237208e-02 -3.861492306781696970e-02 -8.634361075616183712e-01 -1.949559723746355179e-03 -5.044544586905196359e-01 -5.103051759888582950e+00
-5.047352139955693096e-01 3.552332850995010283e-02 8.625430095986970080e-01 5.248490010828363950e+01 1.597079561247497642e-02 9.993662432106193982e-01 -3.181266395337109532e-02 -9.912062891909864670e-02 -8.631264737639646745e-01 -2.281472724042393849e-03 -5.049826716607468402e-01 -5.623091476793483423e+00
-5.046791405402905051e-01 3.408322908513505139e-02 8.626339230048949425e-01 5.336906943193648090e+01 1.429853698025091054e-02 9.994133084104966924e-01 -3.112219118965331432e-02 -1.400231703516909842e-01 -8.631885826509401172e-01 -3.372316750822661625e-03 -5.048703910593175248e-01 -6.133039992968386755e+00
-5.046922068469974487e-01 3.335050578850570074e-02 8.626549174675366416e-01 5.428382354115900910e+01 1.398989435351866498e-02 9.994382645860140357e-01 -3.045386856005620480e-02 -1.951379927870706688e-01 -8.631860005116324119e-01 -3.301378068523970130e-03 -5.048752746285156690e-01 -6.648803198492263533e+00
-5.042199627180479204e-01 3.255837540220846843e-02 8.629612783306921386e-01 5.516680956682719739e+01 1.264432898473977045e-02 9.994602533522878307e-01 -3.032033787425593777e-02 -2.459043185364738204e-01 -8.634826937622847032e-01 -4.376552434188990884e-03 -5.043594917082011575e-01 -7.150562241440320932e+00
-5.025057356338746839e-01 3.150355052270138040e-02 8.639997097452221109e-01 5.607201801223238391e+01 1.226036558963182477e-02 9.994950775728126402e-01 -2.931336418144902048e-02 -3.016142046591557824e-01 -8.644869469276597052e-01 -4.137180423336023205e-03 -5.026382554812418579e-01 -7.684579101192140271e+00
-5.006281217628202329e-01 2.899513844798353238e-02 8.651767172620734581e-01 5.695572387005285719e+01 1.262641261467014990e-02 9.995771558050473571e-01 -2.619319136447080185e-02 -3.567414051804789210e-01 -8.655703725036081320e-01 -2.188969060775326422e-03 -5.007825398673297901e-01 -8.192110331390473732e+00
-4.984336625670940379e-01 2.798078995387119974e-02 8.664761657551010021e-01 5.783779906985088104e+01 1.342992749947240390e-02 9.996082797453110791e-01 -2.455451257432621215e-02 -3.991036924105823003e-01 -8.668238191566663975e-01 -6.020826143905522003e-04 -4.986141972058561467e-01 -8.690211946447512048e+00
-4.959722491526374344e-01 2.730949497011099167e-02 8.679088119853082262e-01 5.873477104174651231e+01 1.311386954361091345e-02 9.996269002084605670e-01 -2.396010813162673808e-02 -4.575662846059719291e-01 -8.682393488727505604e-01 -5.019048469449098864e-04 -4.961453363857071253e-01 -9.206089328949470740e+00
-4.939267021375728373e-01 2.749487393591327350e-02 8.690687148645349636e-01 5.963188127012283957e+01 1.360062293951605321e-02 9.996219443635158131e-01 -2.389542588504797727e-02 -5.054124146163919695e-01 -8.693971753129946523e-01 1.728793823913824299e-05 -4.941139190001648807e-01 -9.713922986449194497e+00
-4.927133210548538811e-01 2.775654601480187153e-02 8.697488969366441447e-01 6.050481236344043623e+01 1.359715524219541616e-02 9.996147082027584396e-01 -2.419819186696912927e-02 -5.488754141322794711e-01 -8.700854631110899184e-01 -9.665976323233790976e-05 -4.929008939431642200e-01 -1.021520656345804845e+01
-4.940350594205418222e-01 2.883639469122241394e-02 8.689636406326645135e-01 6.139222446106560227e+01 1.272331950553236973e-02 9.995825990739672928e-01 -2.593732341399972163e-02 -5.991896557758773501e-01 -8.693488883494230324e-01 -1.757844150470713306e-03 -4.941957446153845690e-01 -1.069503667337752439e+01
-4.962790397273901255e-01 3.109302003195657180e-02 8.676060887345649064e-01 6.228897591715530524e+01 1.190609773232748601e-02 9.995082205199271597e-01 -2.900968677681957722e-02 -6.454065294540782816e-01 -8.680814316612378567e-01 -4.067095709398073876e-03 -4.964051776358862078e-01 -1.119425311769007969e+01
-5.001153976279031355e-01 3.147391366948839447e-02 8.653866004592150052e-01 6.317166078544143915e+01 1.060933668464329044e-02 9.994869690399944551e-01 -3.021987215660300319e-02 -6.953378554234979081e-01 -8.658937829744893788e-01 -5.932244690892369068e-03 -5.001927415104149288e-01 -1.169037048825659753e+01
-5.058753319748564570e-01 3.017107764042713941e-02 8.620787905453930478e-01 6.403250689169459520e+01 1.086651276408425598e-02 9.995317240254656399e-01 -2.860509650304709009e-02 -7.360115035678951312e-01 -8.625381612761019445e-01 -5.102821620177873906e-03 -5.059662983244749279e-01 -1.218746933723872239e+01
-5.110869328704853443e-01 2.783500026805245733e-02 8.590781957591941964e-01 6.489541534624575547e+01 1.336875618505622282e-02 9.996120275171188618e-01 -2.443503175966995136e-02 -7.984948431256232437e-01 -8.594250610528327838e-01 -1.003617568273823665e-03 -5.112607657452717946e-01 -1.270957414850612466e+01
-5.159317474463538389e-01 2.566408238791458712e-02 8.562451597245799295e-01 6.575398268909864896e+01 1.079544655905697106e-02 9.996665343940804860e-01 -2.345801199201582796e-02 -8.392101815900576689e-01 -8.565616745935789034e-01 -2.859183347705009266e-03 -5.160367583882924380e-01 -1.322341877919263808e+01
-5.209814668155714479e-01 2.822639555783318724e-02 8.531011479411860776e-01 6.659064793662101067e+01 1.212345955874666488e-02 9.995969607939423351e-01 -2.566978140764818173e-02 -8.923837623068904268e-01 -8.534818949097052743e-01 -3.030942202011358607e-03 -5.211136936245026607e-01 -1.373070170205553708e+01
-5.258302427105649990e-01 3.032944482926699936e-02 8.500486265530707852e-01 6.744064861483731477e+01 1.233888471715182712e-02 9.995309190645595976e-01 -2.803022894121904446e-02 -9.392225705299315219e-01 -8.505000409515740545e-01 -4.250489193328761510e-03 -5.259578184882505170e-01 -1.426432609879698354e+01
-5.317260680555335739e-01 3.044780465001748967e-02 8.463688951774216429e-01 6.825678992484533580e+01 1.106242623132848955e-02 9.995179810603634918e-01 -2.900738253172174472e-02 -9.809582489180848075e-01 -8.468441551130777567e-01 -6.061087123222756376e-03 -5.318065938041762752e-01 -1.477106950232663962e+01
-5.346980416869955288e-01 3.106098958031761059e-02 8.444721464783958575e-01 6.910492771030179426e+01 1.028409536259853978e-02 9.994894226643042945e-01 -3.025113789763982097e-02 -1.029962427939655756e+00 -8.449806230415939368e-01 -7.490591254654821105e-03 -5.347444723530074828e-01 -1.529293369560687843e+01
-5.386040834621663720e-01 3.022927672176001224e-02 8.420165195595102903e-01 6.992634105365536357e+01 1.063042518836974232e-02 9.995204432067326117e-01 -2.908397585090849793e-02 -1.081247044027926041e+00 -8.424919269520658727e-01 -6.713753679654123167e-03 -5.386671434648745427e-01 -1.579085180463891369e+01
-5.415362286250474666e-01 2.377217533723895854e-02 8.403412306408236665e-01 7.075344750449970377e+01 1.185592830540912503e-02 9.997166641822234912e-01 -2.064045299106678430e-02 -1.127689149781521127e+00 -8.405938148910995222e-01 -1.214526775271086321e-03 -5.416646344036221139e-01 -1.634863776948632719e+01
-5.428698398408730030e-01 1.593043371186494625e-02 8.396657343468444390e-01 7.156755883036626642e+01 1.278513838296044779e-02 9.998609755731900917e-01 -1.070372556807769326e-02 -1.163130694350737349e+00 -8.397195298330180080e-01 4.924513797553302201e-03 -5.429980416528817910e-01 -1.685270794188066290e+01
-5.447496531024076383e-01 1.307276513155265427e-02 8.384968130237285822e-01 7.236576474488333588e+01 1.305836442122537688e-02 9.998894907284706646e-01 -7.105309812155440746e-03 -1.194606520256701554e+00 -8.384970519218587492e-01 7.078782889358537812e-03 -5.448601633251455301e-01 -1.737942554560794761e+01
-5.456532433760240552e-01 1.784730715985620442e-02 8.378209825711987468e-01 7.318810310022419685e+01 1.288212124227137469e-02 9.998336945736442383e-01 -1.290868413049917583e-02 -1.230836686000253311e+00 -8.379120481567736700e-01 3.749247073090713426e-03 -5.457924106337856962e-01 -1.790514889404159149e+01
-5.474514763602840173e-01 2.313544632013938424e-02 8.365175547531078504e-01 7.396667036779024329e+01 1.319890167790584157e-02 9.997321392247900951e-01 -1.901154314737971140e-02 -1.273722886443422464e+00 -8.367333395356371106e-01 6.332165196596518204e-04 -5.476101992416239073e-01 -1.842397450129174530e+01
-5.477971068408370448e-01 2.845029731760375866e-02 8.361273213981186281e-01 7.478178216914491827e+01 1.987698530680930692e-02 9.995820869174965040e-01 -2.098944818232897913e-02 -1.305105858372474836e+00 -8.363750633778318511e-01 5.121732457366912940e-03 -5.481336825821753189e-01 -1.895832806617998045e+01
-5.475725608643597919e-01 2.851315224073850893e-02 8.362722511256450719e-01 7.558378809846706758e+01 2.236463972578567674e-02 9.995609224845088958e-01 -1.943669453779529183e-02 -1.358981858455125646e+00 -8.364592787023614751e-01 8.059927997096573427e-03 -5.479698216194901494e-01 -1.947392173823192252e+01
-5.473387331356440733e-01 2.594477774733107076e-02 8.365089162551291313e-01 7.635159319178197279e+01 2.199984224799658369e-02 9.996200023086471154e-01 -1.660897014285081866e-02 -1.396524335753291712e+00 -8.366219753297164941e-01 9.312332524220765309e-03 -5.477015278757748629e-01 -1.999362964180777880e+01
-5.464586446608942216e-01 2.136734889102200052e-02 8.372134574359967329e-01 7.718070524068683369e+01 2.030210547422732145e-02 9.997186772983090997e-01 -1.226339026824146972e-02 -1.422562689605507913e+00 -8.372399809270305582e-01 1.029576130935167845e-02 -5.467387167875905618e-01 -2.051601392261457946e+01
-5.460186034827081425e-01 1.518591359430021201e-02 8.376353979500297253e-01 7.795200336607905456e+01 1.853740656687464378e-02 9.998099094124700548e-01 -6.042314761452543398e-03 -1.451503242193985965e+00 -8.375679439268782778e-01 1.222837269808700091e-02 -5.461963191181167243e-01 -2.101728717559152670e+01
-5.457573758357998628e-01 8.869343720298041717e-03 8.378962994733281100e-01 7.877265997160290567e+01 9.947996180569251140e-03 9.999420911347236540e-01 -4.105086132537206015e-03 -1.483917790335634201e+00 -8.378842017818410870e-01 6.095009139264443050e-03 -5.458140050206186089e-01 -2.155219157809806063e+01
-5.441467720441691691e-01 3.377287955288924438e-03 8.389832367656365752e-01 7.954017243355033884e+01 1.217699345396858288e-03 9.999940238579236862e-01 -3.235653733129032535e-03 -1.503053710162672640e+00 -8.389891651432067610e-01 -7.390402665634508358e-04 -5.441476338455261130e-01 -2.201918797769625513e+01
-5.428162563084859560e-01 3.890252636511429794e-03 8.398424643775479481e-01 8.034031402255951093e+01 4.854370739461367351e-03 9.999871006449292388e-01 -1.494530014646123714e-03 -1.521009583621184991e+00 -8.398374595949567034e-01 3.265652463994727587e-03 -5.428281402373069664e-01 -2.252411546783789476e+01
-5.396452736210972656e-01 6.788081164197052285e-03 8.418651244160328950e-01 8.114026002249262604e+01 9.816100154367216404e-03 9.999502534912282359e-01 -1.770509397426941372e-03 -1.544700173434769619e+00 -8.418352775087891704e-01 7.308386352802380241e-03 -5.396850618204822592e-01 -2.304217302306362924e+01
-5.337046263893509002e-01 1.012310693470481852e-02 8.456103603132133495e-01 8.194522344998500785e+01 1.064793934276485332e-02 9.999295264343728284e-01 -5.250098520553431874e-03 -1.577067675613824660e+00 -8.456039290909568296e-01 6.202006948451117482e-03 -5.337748057386234590e-01 -2.352924027974139420e+01
-5.261972494196709427e-01 1.189179853110643344e-02 8.502793815520992560e-01 8.271195066480903790e+01 1.596309268510284762e-02 9.998641548442703808e-01 -4.105058176389233052e-03 -1.595195680884581524e+00 -8.502127064722123650e-01 1.141301929858974488e-02 -5.263155991501502484e-01 -2.400774725234457208e+01
-5.173164403428510694e-01 1.437100956236747260e-02 8.556735132896498008e-01 8.353008683738073614e+01 2.259016431716756590e-02 9.997398998829181149e-01 -3.133212574982151971e-03 -1.637290566123235980e+00 -8.554959947635147888e-01 1.770894399477119033e-02 -5.175065309472510755e-01 -2.451106927753681219e+01
-5.080580362198462430e-01 1.399286953629401940e-02 8.612091604175013959e-01 8.431614366894430646e+01 2.137511576165674818e-02 9.997649209727274000e-01 -3.634168855888856003e-03 -1.647695966916401744e+00 -8.610575755788025809e-01 1.656207790444444092e-02 -5.082377028484776904e-01 -2.496775221217525598e+01
-4.967273753490819566e-01 1.151870145488160212e-02 8.678301795036234001e-01 8.513625047974637994e+01 1.786032051463002160e-02 9.998358460009467708e-01 -3.047945654421292585e-03 -1.673558956896704863e+00 -8.677228451208953697e-01 1.398572819384678520e-02 -4.968515644842798062e-01 -2.542840388541511132e+01
-4.853450596500442082e-01 9.094220277569517799e-03 8.742753881964210327e-01 8.594219412845357908e+01 1.940586077483580016e-02 9.998116189898276218e-01 3.729177040889184152e-04 -1.696362644288491595e+00 -8.741073150688517535e-01 1.714706134377157187e-02 -4.854301122593725482e-01 -2.588610165464419666e+01
-4.742894141520263562e-01 8.147613879360861636e-03 8.803312751523716395e-01 8.674520021157660210e+01 1.940350209415201560e-02 9.998110136263124170e-01 1.200460301195107899e-03 -1.725133349902008728e+00 -8.801551389041716300e-01 1.765087647988961353e-02 -4.743578733963876859e-01 -2.630947812432578559e+01
-4.628644984415024588e-01 6.637716463982562543e-03 8.864041869407143226e-01 8.754021495696549948e+01 1.866109331570208613e-02 9.998233181285958171e-01 2.257452198426038257e-03 -1.730704199698001267e+00 -8.862326064218980504e-01 1.758616685835131394e-02 -4.629065869683119394e-01 -2.670419714007444156e+01
-4.494621121551319320e-01 8.393397215549398133e-03 8.932599544620016818e-01 8.841467621843001723e+01 2.138824124842164665e-02 9.997703098324790538e-01 1.367727184552143538e-03 -1.753405633738418956e+00 -8.930433170348943683e-01 1.972000210691789504e-02 -4.495383963880137945e-01 -2.714082349491216561e+01
