1 0 0 0 0 1 0 0 0 0 1 0
0.99994356 -0.0022840148 0.010376256 0.010170116 0.002273148 0.99999686 0.0010589616 -0.0077819451 -0.010378643 -0.0010353151 0.9999456 0.288226
0.99984482 -0.0038321422 0.017194358 0.018150393 0.0038078465 0.99999171 0.0014455311 -0.013201733 -0.017199756 -0.0013798334 0.99985112 0.5844335
0.99978279 -0.0071088159 0.019591925 0.026089816 0.0071160148 0.99997464 -0.00029772984 -0.018303903 -0.019589313 0.00043708162 0.99980802 0.88683803
0.99981336 -0.0083892192 0.017402808 0.027905522 0.00841552 0.99996355 -0.0014385847 -0.021299363 -0.017390107 0.0015847699 0.99984752 1.1940407
0.99987956 -0.011145682 0.01080014 0.029066731 0.011181833 0.99993206 -0.0032926182 -0.026073467 -0.010762709 0.003412987 0.99993626 1.5092262
0.99992459 -0.012199961 -0.0014084266 0.021882257 0.012193532 0.99991559 -0.0044867053 -0.034899523 0.0014630455 0.0044691933 0.99998894 1.8319942
0.99979681 -0.011646459 -0.01645311 -0.0010910123 0.011567587 0.99992118 -0.0048808134 -0.039783262 0.016508659 0.004689499 0.99985273 2.1673329
0.99931811 -0.0076881856 -0.036113821 -0.042601755 0.0074995532 0.99995753 -0.0053558496 -0.044436778 0.036153467 0.0050813601 0.99933333 2.5029229
0.99844951 -0.0038194671 -0.055533713 -0.087152188 0.003471982 0.9999738 -0.0063523318 -0.052355915 0.055556525 0.0061496706 0.99843661 2.8563048
0.99716132 -0.0031710187 -0.075227943 -0.13149696 0.002684976 0.99997487 -0.0065611913 -0.055135733 0.075246864 0.006340581 0.99714478 3.2127914
0.99534244 -0.0042576844 -0.096308326 -0.18272191 0.0036969939 0.99997517 -0.0059995223 -0.062410205 0.096331487 0.0056155279 0.99533347 3.5987979
0.99325346 -0.0055781757 -0.11582937 -0.23788253 0.0050010409 0.99997359 -0.0052726482 -0.071043625 0.11585573 0.0046578087 0.99325513 3.9782965
0.99114419 -0.0047070321 -0.13270655 -0.31586159 0.0041162974 0.99998036 -0.0047254311 -0.078732631 0.13272619 0.004137324 0.99114411 4.3894615
0.98873944 -0.0037147994 -0.14960118 -0.3920541 0.0031375743 0.9999867 -0.0040942641 -0.086922017 0.14961441 0.0035787756 0.98873794 4.7865221
0.98671046 -0.0028201052 -0.16246391 -0.47513283 0.0021963672 0.99998951 -0.0040187219 -0.09215242 0.16247355 0.0036084845 0.9867063 5.203332
0.9845959 -0.0042487609 -0.17479378 -0.56863972 0.0034189123 0.99998141 -0.0050484353 -0.10023042 0.17481199 0.0043730641 0.98459212 5.6498046
0.98275158 -0.0070665575 -0.18479553 -0.65403937 0.0058949889 0.9999589 -0.006888466 -0.11422831 0.18483663 0.0056802832 0.98275285 6.0891543
0.98128844 -0.0064619457 -0.19243502 -0.75280569 0.0048734256 0.99995004 -0.0087270341 -0.12198715 0.19248182 0.0076259199 0.98127091 6.5417344
0.97981376 -0.0064194875 -0.19980934 -0.86591667 0.0043996782 0.99993466 -0.010551073 -0.12628133 0.19986404 0.00945899 0.97977798 7.0271262
0.97812499 -0.006931263 -0.2079025 -0.96923104 0.0042945954 0.99990456 -0.013130918 -0.13633033 0.20797369 0.011950822 0.97806141 7.4941557
0.97621215 -0.010694229 -0.21655362 -1.0898684 0.0076442582 0.99985952 -0.014916904 -0.14553173 0.21668274 0.012906672 0.97615676 7.9914444
0.97452416 -0.016463673 -0.22367743 -1.2031771 0.013199958 0.9997836 -0.016078659 -0.16560991 0.22389376 0.012716509 0.97453059 8.5123583
0.97273221 -0.017272423 -0.23128707 -1.3347435 0.013336344 0.9997386 -0.018570938 -0.19086027 0.2315474 0.014980025 0.97270828 9.0378447
0.97061267 -0.013672784 -0.2402584 -1.4860448 0.0084243505 0.99970322 -0.022858493 -0.1935907 0.24049965 0.020162722 0.97043979 9.5713706
0.96850723 -0.010864366 -0.24874827 -1.6385194 0.0046083933 0.99965861 -0.025718349 -0.21063828 0.24894278 0.023762077 0.96822666 10.102577
0.96611613 -0.013321925 -0.25776373 -1.8015132 0.0063522231 0.99959185 -0.027853038 -0.23235144 0.2580296 0.025271897 0.96580643 10.668397
0.96380112 -0.015238354 -0.26618638 -1.9640804 0.007652548 0.99953513 -0.029512164 -0.26320524 0.26651238 0.026406853 0.96346969 11.230327
0.96171547 -0.015086457 -0.27363432 -2.1353007 0.0064661985 0.9994548 -0.032377476 -0.28555151 0.27397362 0.029368547 0.96128869 11.803018
0.95921398 -0.014226663 -0.28232275 -2.3227933 0.0043580692 0.99935832 -0.035552265 -0.30701067 0.2826474 0.032871847 0.95866047 12.39283
0.95711288 -0.015279143 -0.28931208 -2.5150567 0.0036479961 0.99916478 -0.040699433 -0.33743967 0.28969231 0.037898542 0.95636921 12.968136
0.95516511 -0.016295861 -0.29562485 -2.7150935 0.0022164035 0.99884973 -0.047898833 -0.381447 0.29606538 0.045096071 0.95410253 13.587537
0.95406682 -0.016846948 -0.29911982 -2.9170122 1.4191675e-05 0.99842023 -0.056187497 -0.41676815 0.2995939 0.053602382 0.95255986 14.209271
0.95284918 -0.016926579 -0.30297182 -3.1213475 -0.0028654189 0.99789658 -0.064762746 -0.46171154 0.30343078 0.062577272 0.95079643 14.824446
0.95140446 -0.016231764 -0.30751597 -3.3457058 -0.0068137496 0.99725576 -0.073719262 -0.50779239 0.3078687 0.072232173 0.94868298 15.473077
0.9500743 -0.015447018 -0.31164115 -3.572262 -0.010335152 0.99666787 -0.080909431 -0.56920888 0.31185256 0.080090831 0.94674888 16.106976
0.94845607 -0.014179358 -0.31659125 -3.8135011 -0.014277002 0.99607245 -0.08738326 -0.62906446 0.31658689 0.087399159 0.94452853 16.781448
0.94682251 -0.013070659 -0.32149071 -4.0570659 -0.017923775 0.99548044 -0.09325998 -0.69992202 0.32125671 0.094062977 0.94230902 17.449536
0.94517226 -0.010493723 -0.32640355 -4.3050931 -0.022960026 0.99487507 -0.098470502 -0.77379777 0.3257641 0.10056582 0.94008738 18.116696
0.94357913 -0.0079512731 -0.33105166 -4.5712774 -0.027383132 0.99441434 -0.10193276 -0.85313756 0.33001304 0.10524686 0.93809088 18.829625
0.94163852 -0.0075976045 -0.33654 -4.8353885 -0.028875689 0.99423728 -0.10323968 -0.93027281 0.33538501 0.10693228 0.93599273 19.498356
0.93942913 -0.0062359307 -0.34268648 -5.1137591 -0.030728444 0.99427569 -0.10233093 -1.0175052 0.34136299 0.10666288 0.93385992 20.229117
0.93736646 -0.0067732761 -0.34827896 -5.3882092 -0.030281457 0.99444172 -0.10083999 -1.1012323 0.34702618 0.10507042 0.93195121 20.96265
0.93473172 -0.006469045 -0.35529531 -5.6711155 -0.030650985 0.99464028 -0.09874833 -1.1836614 0.35402986 0.10319335 0.92952353 21.670914
0.93201423 -0.0061806511 -0.36236895 -5.948912 -0.030607238 0.99494033 -0.095691857 -1.2688542 0.36112695 0.10027729 0.92710938 22.365797
0.92807932 -0.0030736892 -0.37236987 -6.3048138 -0.033066687 0.99533553 -0.090629936 -1.3550272 0.37091156 0.096424809 0.92364868 23.195816
0.92489295 -0.0014101872 -0.38022496 -6.6114337 -0.03336917 0.99583366 -0.084863495 -1.4338835 0.37876052 0.091177442 0.92099248 23.905758
0.92145769 0.00080623071 -0.38847789 -6.9543304 -0.035028294 0.99609687 -0.08101878 -1.5102577 0.38689632 0.088263097 0.91788936 24.675662
0.91778761 0.0018542474 -0.3970673 -7.2829294 -0.036188901 0.99621789 -0.078995393 -1.5854349 0.39541911 0.086870424 0.91438355 25.403133
0.9137229 0.0040534664 -0.40631762 -7.6478541 -0.039224565 0.99616025 -0.078269996 -1.6622109 0.40444023 0.087454722 0.91037343 26.182673
0.91062945 0.0041836211 -0.41320272 -7.99156 -0.039618521 0.99622614 -0.077225909 -1.73457 0.41132031 0.086694669 0.90735861 26.94016
0.90658484 0.0049051555 -0.42199508 -8.3861212 -0.040515463 0.99632542 -0.075459578 -1.8053724 0.42007432 0.085507836 0.90345226 27.722442
0.90268608 0.0046352767 -0.43027472 -8.762295 -0.040041912 0.99650799 -0.073269894 -1.8823463 0.42843261 0.083368737 0.8997195 28.50388
0.89889022 0.0052001878 -0.43814302 -9.1539544 -0.039374692 0.99684281 -0.068949525 -1.9519096 0.43640121 0.079229802 0.89625702 29.276917
0.89508878 0.0060293128 -0.44584718 -9.5720923 -0.038377848 0.9972397 -0.063561932 -2.0169888 0.44423332 0.074004229 0.89284946 30.08653
0.8919218 0.0058738949 -0.4521515 -9.9835109 -0.036555048 0.9975796 -0.059149564 -2.0815722 0.45070971 0.069285206 0.88997772 30.877028
0.88831423 0.0051818225 -0.45920688 -10.428057 -0.035412143 0.99773196 -0.057244435 -2.1502552 0.45786878 0.067112547 0.88648299 31.709384
0.88476405 0.0059915171 -0.46600071 -10.858822 -0.036241258 0.99777392 -0.055980131 -2.2114229 0.46462798 0.06641766 0.88301164 32.513591
0.88227133 0.0060951279 -0.47070175 -11.296242 -0.035801932 0.9978889 -0.054184535 -2.2654036 0.46937783 0.064657495 0.88062698 33.334027
0.87927614 0.00454278 -0.47629068 -11.785661 -0.033679468 0.9980446 -0.052656191 -2.3319776 0.47512017 0.06234055 0.8777098 34.190685
0.87620768 0.0032583801 -0.48192267 -12.244791 -0.032639427 0.99808237 -0.052595123 -2.3892095 0.48082719 0.061813932 0.87463379 35.028054
0.87392342 0.0027231328 -0.48605599 -12.726103 -0.032638108 0.99805614 -0.053091342 -2.452918 0.48496663 0.062261715 0.87231351 35.863305
0.87302934 0.0025228364 -0.48766114 -13.233969 -0.032836389 0.99802128 -0.053621833 -2.5116951 0.48656095 0.062826465 0.8713847 36.741118
0.87229813 0.0018416369 -0.48897091 -13.721944 -0.031685001 0.99810415 -0.052765141 -2.569728 0.48794677 0.061519978 0.87070274 37.593417
0.87214183 0.0027046349 -0.48924563 -14.242832 -0.031777479 0.99818635 -0.051129198 -2.6323596 0.48822007 0.060138906 0.87064602 38.502381
0.87171614 0.0014877167 -0.49000892 -14.744593 -0.030060339 0.99827431 -0.050445881 -2.6972531 0.4890883 0.058704324 0.87025655 39.395142
0.87138993 -0.0012525628 -0.49058944 -15.246384 -0.027305399 0.9983228 -0.051049019 -2.7592939 0.48983061 0.057879343 0.86989423 40.289752
0.87066011 -0.0024021665 -0.49187923 -15.792492 -0.026484776 0.99830854 -0.051755264 -2.8252521 0.49117161 0.058088556 0.86912381 41.225893
0.86890785 -0.0029209788 -0.49496524 -16.308561 -0.025036415 0.99844319 -0.049843433 -2.8895032 0.49434031 0.055701506 0.867482 42.122973
0.86679264 -0.0030449485 -0.49865942 -16.861678 -0.023161586 0.99865631 -0.046358591 -2.9521845 0.49813058 0.05173303 0.86555742 43.055041
0.86470466 -0.0036528188 -0.50226735 -17.386537 -0.02014823 0.99891645 -0.041952016 -3.0151225 0.50187641 0.046395902 0.86369411 43.976296
0.86059459 -0.0063530203 -0.50925099 -17.936523 -0.016105314 0.99908262 -0.039680505 -3.0706244 0.50903595 0.042350475 0.85970278 44.872036
0.85549443 -0.0091563401 -0.51773102 -18.490503 -0.014632777 0.99901686 -0.041847205 -3.134577 0.51760523 0.043375894 0.85451938 45.780442
0.84946555 -0.010395028 -0.52754165 -19.053131 -0.015947109 0.99884339 -0.045360443 -3.2008719 0.52740306 0.046944899 0.84831728 46.659261
0.84344206 -0.010261837 -0.53712211 -19.63658 -0.016584801 0.99884362 -0.045126214 -3.2628103 0.53696411 0.04696941 0.84229653 47.558052
0.83784089 -0.0064245525 -0.54587667 -20.229485 -0.018390107 0.99903107 -0.039983958 -3.3190664 0.54560469 0.043538926 0.83691094 48.460629
0.83294474 -0.0053711374 -0.55333008 -20.829856 -0.016518268 0.99926593 -0.034565259 -3.3757875 0.5531096 0.037931005 0.83224458 49.320319
0.82848764 -0.0046052248 -0.5599884 -21.448989 -0.0188635 0.99916923 -0.036124988 -3.4328223 0.55968959 0.040492447 0.82771248 50.223214
0.82584611 -0.0050726152 -0.56387273 -22.066831 -0.021695336 0.99893334 -0.040761347 -3.4894149 0.56347808 0.045896008 0.82485516 51.093155
0.82235155 -0.0077957218 -0.5689263 -22.653266 -0.023526271 0.99858513 -0.047689052 -3.5558119 0.56849316 0.052601881 0.82100463 51.927299
0.82015739 -0.0079210259 -0.57208311 -23.294769 -0.024835352 0.99846879 -0.049429519 -3.614534 0.57159871 0.054747871 0.81870484 52.813102
0.81777198 -0.0069743327 -0.57550006 -23.909813 -0.023727696 0.99866792 -0.045819084 -3.6823942 0.57505305 0.051124854 0.81651716 53.682085
0.81449153 -0.0047703129 -0.58015581 -24.552633 -0.022534112 0.99895155 -0.039849904 -3.7462116 0.57973769 0.045530705 0.81353008 54.564717
0.81153558 -0.0042430708 -0.58428757 -25.172994 -0.02122447 0.99909963 -0.036734757 -3.8015698 0.58391741 0.042212757 0.81071485 55.413912
0.80886089 -0.0027431556 -0.58799363 -25.829065 -0.023838338 0.999014 -0.037453379 -3.8562165 0.58751666 0.044311365 0.80799796 56.284476
0.80512595 -0.0038553821 -0.59309132 -26.474907 -0.024012956 0.99894707 -0.039091409 -3.9150877 0.59261759 0.045715384 0.80418563 57.149557
0.80103655 -0.0054127571 -0.59859094 -27.127538 -0.024359503 0.9988361 -0.041629945 -3.9799139 0.59811962 0.047928486 0.79997238 57.997934
0.7974971 -0.0066050306 -0.6032866 -27.780931 -0.023736132 0.99882242 -0.042312804 -4.0328161 0.60285571 0.04806403 0.7964012 58.844953
0.79268176 -0.0078881049 -0.60958459 -28.439241 -0.02182246 0.99890832 -0.041303142 -4.0935922 0.60924497 0.046042883 0.79164427 59.702836
0.78845014 -0.0087762695 -0.61503603 -29.107891 -0.020348742 0.99897874 -0.040341171 -4.1500797 0.61476201 0.044322212 0.78746634 60.534991
0.78265572 -0.0091987332 -0.62238684 -29.807391 -0.020894783 0.99893902 -0.041039418 -4.2134566 0.62210406 0.045124373 0.78163314 61.3855
0.7774308 -0.009212915 -0.62890097 -30.500212 -0.022304059 0.99886002 -0.042204217 -4.2747125 0.62857291 0.046837903 0.77633906 62.211516
0.7726029 -0.010337061 -0.63480538 -31.179444 -0.021907462 0.99883796 -0.042927827 -4.3377422 0.63451151 0.047073139 0.77147864 63.042655
0.76598711 -0.01234844 -0.6427373 -31.906259 -0.020656699 0.99882641 -0.043807497 -4.3962062 0.642524 0.04683281 0.76483308 63.890181
0.76112495 -0.01409976 -0.64845199 -32.611484 -0.02003787 0.99877531 -0.045236678 -4.4646092 0.64829572 0.047424361 0.75991028 64.698051
0.75476799 -0.014686511 -0.65582738 -33.356359 -0.019837461 0.99878112 -0.045196786 -4.5282563 0.65569184 0.047123038 0.75355668 65.557684
0.74821738 -0.015311254 -0.66327693 -34.096155 -0.018086242 0.9988914 -0.043461061 -4.5888505 0.66320712 0.044514509 0.74711098 66.35844
0.74167401 -0.0167868 -0.67055039 -34.825473 -0.015817942 0.99897106 -0.042504312 -4.655124 0.670574 0.042131071 0.74064534 67.207635
0.73574574 -0.01612841 -0.67706576 -35.609769 -0.017899898 0.99890408 -0.043246179 -4.724376 0.6770213 0.0439376 0.73465073 68.016146
0.73007849 -0.019077193 -0.68309693 -36.384837 -0.016015373 0.99885804 -0.045012479 -4.7911357 0.68317563 0.043802695 0.72893925 68.827447
0.72527277 -0.017620741 -0.68823606 -37.173905 -0.018460176 0.99881524 -0.045026014 -4.8540276 0.68821411 0.045361101 0.72408822 69.610077
0.71917864 -0.018206935 -0.6945866 -37.962839 -0.017454226 0.99886778 -0.044255138 -4.9174591 0.69460598 0.043950822 0.71804658 70.427877
0.71412207 -0.017566508 -0.69980072 -38.768474 -0.018452758 0.99886532 -0.043904065 -4.9776075 0.69977797 0.044266115 0.71298762 71.209456
0.70937921 -0.017988437 -0.70459741 -39.593508 -0.019103969 0.99881628 -0.044733489 -5.0487362 0.7045681 0.045193615 0.70819586 72.029532
0.70491057 -0.019971604 -0.70901494 -40.414524 -0.019419583 0.99868538 -0.047438234 -5.1184073 0.70903033 0.047208487 0.70359604 72.823972
0.70049737 -0.022322774 -0.71330575 -41.233722 -0.019126087 0.99856444 -0.050032543 -5.1880287 0.71339868 0.048690412 0.69906481 73.610287
0.69471885 -0.022917879 -0.71891616 -42.073176 -0.019900757 0.99849722 -0.051061403 -5.2600751 0.71900606 0.049780296 0.69321876 74.415929
0.69020547 -0.021962238 -0.72328004 -42.937825 -0.02000824 0.99857791 -0.049414886 -5.3357313 0.72333679 0.048577986 0.68878451 75.208762
0.68616201 -0.022057775 -0.72711423 -43.762239 -0.019071615 0.99865114 -0.048292604 -5.4061957 0.72719874 0.047003793 0.6848158 75.98212
0.6797712 -0.023746164 -0.73303969 -44.626329 -0.017475242 0.99866756 -0.048556291 -5.4795366 0.73321605 0.045817215 0.67845048 76.778285
0.67638026 -0.024168143 -0.73615596 -45.504226 -0.017335273 0.99866233 -0.048713929 -5.5504718 0.73634862 0.045710605 0.67505652 77.570189
0.67149923 -0.023964891 -0.7406176 -46.38467 -0.017996604 0.99865464 -0.048631513 -5.6245169 0.74078671 0.045984626 0.67016454 78.353849
0.6676837 -0.026421562 -0.74397603 -47.275986 -0.014491488 0.99871932 -0.048473945 -5.6965771 0.74430405 0.043146583 0.66644572 79.151578
0.66524588 -0.028827179 -0.7460676 -48.156016 -0.012075059 0.99870826 -0.049355882 -5.7707354 0.74652673 0.041842608 0.66403847 79.912811
0.65985842 -0.033086184 -0.75066112 -49.048905 -0.0094732068 0.99858434 -0.052340954 -5.8491819 0.75133027 0.041648787 0.65861085 80.717437
0.65528974 -0.036595928 -0.75449058 -49.971435 -0.0067545297 0.99850193 -0.054297932 -5.9277779 0.75534745 0.040677107 0.65406089 81.504795
0.64966064 -0.041922637 -0.75906752 -50.881698 0.00074237556 0.99851286 -0.05451162 -6.0046125 0.76022401 0.03485054 0.64872562 82.272356
0.64004896 -0.044946932 -0.76701829 -51.804617 0.0045875142 0.99849322 -0.054683146 -6.0914719 0.76832047 0.031481183 0.63929074 83.034792
0.63156522 -0.045792747 -0.77396921 -52.719691 0.006858051 0.99854517 -0.053483807 -6.1702839 0.77529245 0.028470592 0.63096045 83.784281
0.62216876 -0.04529079 -0.78157196 -53.687818 0.0089805506 0.99867241 -0.05072245 -6.2468948 0.78283168 0.024538977 0.62174951 84.550468
0.61468479 -0.044986179 -0.78748892 -54.667603 0.0086077557 0.99869541 -0.050332688 -6.3293182 0.78872591 0.024160226 0.61427011 85.298536
0.6064455 -0.045039329 -0.79384838 -55.6176 0.005304078 0.99860136 -0.052604126 -6.4084706 0.7951074 0.027690902 0.6058362 86.010312
0.59535524 -0.048427698 -0.80200177 -56.622753 0.0079868795 0.99848928 -0.054363354 -6.4871708 0.80342293 0.025960016 0.59484261 86.746675
0.58616315 -0.048917534 -0.80871489 -57.610055 0.0063347471 0.99842181 -0.055801046 -6.5648138 0.81016831 0.027585512 0.58554796 87.456121
0.57695143 -0.050132167 -0.81523847 -58.633237 0.0097101826 0.99846505 -0.054527497 -6.6533927 0.81672077 0.023543603 0.57655264 88.163209
0.56664802 -0.050523281 -0.82240948 -59.653108 0.011895984 0.99851591 -0.053145623 -6.7359271 0.82387412 0.020331492 0.56640809 88.872869
0.5563168 -0.050054735 -0.82946132 -60.666346 0.010689625 0.99853262 -0.053088029 -6.8238754 0.83090157 0.020667131 0.55603554 89.54784
0.54662065 -0.051846977 -0.83577371 -61.730515 0.011186439 0.99844444 -0.054621947 -6.9050389 0.83730567 0.020508152 0.54635033 90.218428
0.53663236 -0.052328584 -0.842192 -62.789878 0.0096847801 0.99839148 -0.05586285 -6.990496 0.84376061 0.021821369 0.53627597 90.878933
0.52728594 -0.053060013 -0.84802955 -63.861227 0.0082529171 0.99832105 -0.05733206 -7.0769252 0.84964786 0.023231671 0.52683855 91.534125
0.51655781 -0.052159857 -0.85466211 -64.893568 0.0062601888 0.99834625 -0.057145213 -7.1651652 0.85622947 0.024168459 0.51603008 92.146355
0.5094668 -0.050846198 -0.85898672 -65.993895 0.0060797594 0.99844045 -0.055494997 -7.2467149 0.86046887 0.023050426 0.5089814 92.783409
0.50259405 -0.049967179 -0.86307731 -67.096642 0.0084080142 0.99856363 -0.05291483 -7.3319913 0.86448169 0.019337912 0.50229226 93.408473
0.49405291 -0.049907815 -0.8679982 -68.221696 0.0079003803 0.99856758 -0.052918452 -7.4243042 0.86939598 0.019286999 0.49373951 94.044893
0.48736432 -0.052596475 -0.8716132 -69.327237 0.0090523482 0.99843496 -0.055187746 -7.5093309 0.87315184 0.019006392 0.48707769 94.65277
0.47932451 -0.055795142 -0.87586235 -70.398808 0.011117766 0.99828306 -0.057509411 -7.5970208 0.87756736 0.017828037 0.47912186 95.229254
0.4725777 -0.059266855 -0.87929386 -71.541755 0.0131119 0.99809855 -0.060227613 -7.6884835 0.8811915 0.016933013 0.47245622 95.85002
0.46763598 -0.06245742 -0.88171174 -72.648255 0.01429621 0.99790444 -0.063105788 -7.7863592 0.88380556 0.0169054 0.46754893 96.429683
0.46355088 -0.063430013 -0.88379701 -73.799815 0.01629645 0.99787605 -0.063069977 -7.889313 0.88592047 0.01483339 0.46360001 97.017268
0.45932227 -0.061185431 -0.88615988 -74.918266 0.018213006 0.99806383 -0.059471579 -7.9870968 0.88808299 0.011176985 0.45954732 97.620135
0.45621192 -0.060144709 -0.88783626 -76.047503 0.022983049 0.99817686 -0.055809746 -8.0855985 0.88957435 0.0050558868 0.45676249 98.19058
0.45236034 -0.059595205 -0.88984182 -77.151501 0.024250782 0.99821786 -0.054525315 -8.1736618 0.89150552 0.0030857291 0.4529994 98.747156
0.4491576 -0.059157954 -0.89149185 -78.283863 0.025497695 0.99824785 -0.053395684 -8.2617099 0.89308868 0.0012520893 0.449879 99.298605
0.44711058 -0.057558285 -0.89262484 -79.406416 0.026482029 0.99834184 -0.051110441 -8.3540125 0.89408663 -0.00078649888 0.44789346 99.861664
0.44391498 -0.057065293 -0.89424995 -80.496398 0.028460688 0.99836452 -0.049581035 -8.4351121 0.89561685 -0.0034412051 0.44481308 100.39473
0.44202144 -0.058193531 -0.89511479 -81.627599 0.030945028 0.99828867 -0.049619979 -8.5227578 0.89647059 -0.0057662582 0.4430658 100.94578
0.43925179 -0.058077459 -0.89648469 -82.711366 0.032582451 0.99828149 -0.04870775 -8.6092812 0.89777298 -0.0078147032 0.44038924 101.49946
0.43647183 -0.057886169 -0.89785381 -83.799801 0.036447303 0.99824659 -0.046640611 -8.6892798 0.89897943 -0.012367039 0.43781631 102.0171
0.43523334 -0.058109358 -0.89844041 -84.897668 0.040245198 0.99817312 -0.045063811 -8.7726854 0.89941777 -0.01654464 0.43677684 102.53757
0.43278442 -0.058361212 -0.89960633 -85.961185 0.040991678 0.99814411 -0.045033411 -8.8536113 0.90056504 -0.017386614 0.43437355 103.06495
0.43220275 -0.058647998 -0.89986728 -87.026256 0.040643192 0.99813576 -0.045531786 -8.9235783 0.90086013 -0.016894517 0.43378067 103.54437
0.43244452 -0.060726492 -0.89961323 -88.067913 0.04261409 0.99799101 -0.046882663 -9.0108661 0.90065301 -0.01806205 0.43416355 104.04509
0.4321522 -0.061279817 -0.89971617 -89.109653 0.041496717 0.99798301 -0.04804106 -9.0901572 0.90084547 -0.016574218 0.43382347 104.53909
0.43378245 -0.06073369 -0.89896837 -90.142284 0.038975618 0.99805656 -0.048620976 -9.1665144 0.90017429 -0.013946923 0.43530656 105.02542
0.43818897 -0.061053172 -0.89680704 -91.178427 0.037242903 0.99806711 -0.049749536 -9.2533706 0.89811105 -0.011600001 0.4396158 105.52863
0.44417494 -0.061134834 -0.89385183 -92.179864 0.035442955 0.99808728 -0.050651603 -9.3279544 0.89523879 -0.0091825783 0.44549216 106.02982
0.44979628 -0.060477828 -0.89108118 -93.174449 0.033477043 0.99814527 -0.050845883 -9.4051512 0.89250359 -0.0069604751 0.45098665 106.51379
0.45605997 -0.05991223 -0.88793004 -94.163864 0.033170346 0.99818244 -0.050314403 -9.4838358 0.8893307 -0.0065065617 0.45721837 107.015
0.46441514 -0.058495251 -0.88368366 -95.149883 0.03203106 0.99827289 -0.049246712 -9.5608049 0.88503822 -0.0054344069 0.46548671 107.52959
0.47290989 -0.058580511 -0.87916124 -96.145116 0.032249759 0.99826966 -0.049169498 -9.6377133 0.88052044 -0.0050999968 0.47398081 108.05131
0.48289968 -0.057235777 -0.87380312 -97.073098 0.030096866 0.9983569 -0.048761518 -9.7027109 0.87515835 -0.0027518142 0.48382885 108.56362
0.49335776 -0.059833211 -0.86776612 -98.058211 0.032548519 0.99820254 -0.050321853 -9.7877607 0.86921734 -0.0034178263 0.49441845 109.12903
0.50256965 -0.059328001 -0.86249862 -98.993631 0.027595521 0.99823509 -0.052585152 -9.8589091 0.86409623 0.0026266023 0.50331985 109.65797
0.51434597 -0.058750779 -0.85556794 -99.927545 0.023716326 0.9982435 -0.054290472 -9.9323224 0.85725482 0.0076331565 0.51483587 110.20786
0.52683083 -0.057716047 -0.8480083 -100.87418 0.022761578 0.99829208 -0.053803686 -10.01156 0.84966537 0.0090434327 0.52724476 110.78442
0.53949107 -0.055192425 -0.84018041 -101.75843 0.020853589 0.99841905 -0.052196938 -10.085751 0.84173308 0.010639004 0.53978912 111.36458
0.55145487 -0.054066968 -0.83245074 -102.68172 0.022009008 0.99849306 -0.050271464 -10.164427 0.83391438 0.0094010281 0.55181382 111.94689
0.5629109 -0.052721875 -0.82483433 -103.5702 0.021064167 0.99855443 -0.049450431 -10.239085 0.82624916 0.010461738 0.56320772 112.54198
0.57450453 -0.053573293 -0.81674622 -104.43256 0.022316102 0.99850994 -0.049798534 -10.310526 0.81819716 0.01038289 0.57484403 113.15361
0.58566499 -0.053763544 -0.80876816 -105.29604 0.020940514 0.99846834 -0.051210066 -10.385128 0.81028271 0.013055921 0.58589379 113.77767
0.59654899 -0.055866253 -0.80062988 -106.13755 0.023404621 0.99836106 -0.052224741 -10.453973 0.80223536 0.012416178 0.59687881 114.38911
0.60715271 -0.054913105 -0.79268537 -106.95726 0.023300172 0.99841052 -0.051318041 -10.533615 0.79424351 0.012688182 0.60746713 115.0173
0.61809964 -0.053819991 -0.78425518 -107.78219 0.023605022 0.99847439 -0.049916951 -10.607151 0.78574531 0.012341288 0.61842708 115.65699
0.62707559 -0.051435081 -0.77725837 -108.57118 0.023702238 0.99861548 -0.046960927 -10.670922 0.77859775 0.011025288 0.62742652 116.29816
0.63714499 -0.050919566 -0.76906008 -109.34931 0.024438549 0.99864825 -0.045873967 -10.744962 0.77035646 0.010433655 0.63752813 116.92661
0.64792043 -0.049491815 -0.76009844 -110.12589 0.021578897 0.99867902 -0.046632158 -10.81213 0.76140234 0.013811842 0.64813252 117.57377
0.65625507 -0.048766911 -0.7529615 -110.87621 0.019255858 0.99866662 -0.047897711 -10.877997 0.75429341 0.016934195 0.65631908 118.21852
0.66596619 -0.048445945 -0.74440713 -111.61729 0.01968804 0.99868286 -0.047380748 -10.945471 0.74572211 0.016898059 0.66604282 118.88256
0.67494252 -0.046431917 -0.73640792 -112.35101 0.018838985 0.99877718 -0.045708237 -11.011561 0.7376298 0.016977255 0.67499192 119.5437
0.68338747 -0.046034693 -0.72860299 -113.04631 0.02077839 0.99883212 -0.043619419 -11.073352 0.72976014 0.014669767 0.68354589 120.20612
0.69234316 -0.044980253 -0.72016503 -113.75061 0.02043138 0.99887704 -0.042746057 -11.138469 0.7212791 0.014880975 0.6924847 120.86418
0.69964244 -0.044159849 -0.71312714 -114.4349 0.019708788 0.9989012 -0.042520079 -11.198155 0.7142213 0.01569398 0.69974401 121.52986
0.70711844 -0.042495413 -0.70581698 -115.10018 0.018333208 0.99895872 -0.041777706 -11.257358 0.70685744 0.016601897 0.70716121 122.18288
0.71414575 -0.039452917 -0.69888431 -115.75948 0.016626268 0.99908478 -0.039410287 -11.311653 0.69979958 0.016524851 0.71414811 122.8537
0.72162783 -0.037371544 -0.69127173 -116.40931 0.016317894 0.99918264 -0.036983361 -11.368722 0.6920889 0.015408124 0.72164783 123.52553
0.72871548 -0.036161966 -0.68386112 -117.03754 0.016192082 0.99923549 -0.035584564 -11.422403 0.68462516 0.014857887 0.7287439 124.18901
0.73543899 -0.034506635 -0.67671172 -117.66429 0.014656067 0.9992789 -0.035026894 -11.474236 0.67743246 0.015842211 0.73541439 124.84986
0.74333542 -0.032513253 -0.6681282 -118.26498 0.013276636 0.9993384 -0.033859892 -11.525211 0.66878712 0.016298762 0.7432753 125.51643
0.7520522 -0.029230864 -0.65845501 -118.85279 0.011688814 0.99945047 -0.031018373 -11.572007 0.65899992 0.015630877 0.7519806 126.18813
0.76168122 -0.025541036 -0.64744833 -119.42967 0.00948555 0.99955526 -0.028272081 -11.61165 0.64788253 0.01539291 0.76158474 126.85319
0.77169118 -0.023457161 -0.63556467 -119.97516 0.0083641539 0.9996075 -0.0267375 -11.659409 0.63594245 0.015317132 0.77158449 127.50315
0.78125148 -0.022639455 -0.6238057 -120.51502 0.0065002233 0.99958296 -0.028136493 -11.699615 0.62418259 0.0179268 0.78107282 128.17133
0.79116215 -0.023572249 -0.611152 -121.05435 0.0070464316 0.99954199 -0.029430621 -11.748557 0.61156589 0.018977952 0.79096589 128.85966
0.80053158 -0.022455386 -0.5988697 -121.54022 0.0066003881 0.99956751 -0.028657077 -11.790313 0.59925425 0.018988123 0.80033357 129.51803
0.81032679 -0.021309856 -0.58559061 -122.05487 0.0062806016 0.99959697 -0.027684748 -11.823555 0.5859446 0.018755831 0.81013404 130.21479
0.82017527 -0.019324727 -0.57178584 -122.54064 0.006137644 0.99966906 -0.024982059 -11.86082 0.57207943 0.016980249 0.82002245 130.9088
0.82957714 -0.018177139 -0.55809617 -123.01675 0.0066468929 0.99972067 -0.022680592 -11.898302 0.55835259 0.015105695 0.82946623 131.60141
0.8381448 -0.01673641 -0.54519094 -123.46478 0.0068613006 0.99977356 -0.02014314 -11.931232 0.54540466 0.013142149 0.83806985 132.31709
0.84618078 -0.016206029 -0.53264945 -123.91577 0.0078023554 0.9998071 -0.018024424 -11.961866 0.53283885 0.011096001 0.846144 133.02457
0.85298622 -0.016382192 -0.52167625 -124.36154 0.0090951373 0.99982207 -0.016526055 -11.992545 0.5218542 0.0093517797 0.85298344 133.74526
0.85953482 -0.016373434 -0.51081482 -124.78221 0.0095807029 0.99982726 -0.015926825 -12.025487 0.5109874 0.0087956951 0.85954321 134.4611
0.86645941 -0.015368751 -0.49901089 -125.21099 0.0088233682 0.99984135 -0.015473055 -12.048745 0.49916957 0.0090038168 0.86645756 135.1913
0.87226537 -0.013617543 -0.48884319 -125.61923 0.0072081775 0.99986165 -0.014990934 -12.075093 0.48897974 0.0095524036 0.87224285 135.9502
0.87879726 -0.012666593 -0.47702716 -126.03447 0.0065058887 0.99987277 -0.014564421 -12.097239 0.47715099 0.0096956878 0.87876786 136.6851
0.88420463 -0.013171745 -0.46691397 -126.43271 0.0071818449 0.99986753 -0.014606074 -12.128868 0.46704455 0.0095614546 0.8841821 137.43986
0.88896488 -0.014483615 -0.45774627 -126.82619 0.0081916443 0.99984276 -0.015727609 -12.155861 0.45790212 0.010231597 0.88894374 138.20573
0.89340897 -0.014937057 -0.44899585 -127.21361 0.0085307255 0.99983095 -0.01628769 -12.186818 0.44916328 0.010721308 0.89338537 138.972
0.89652573 -0.014275543 -0.44276156 -127.60239 0.0083055076 0.99984661 -0.015419704 -12.210889 0.44291381 0.010146802 0.89650679 139.74466
0.89971916 -0.012511995 -0.4362899 -127.98447 0.007975611 0.99989343 -0.012227769 -12.236406 0.43639643 0.0075218797 0.89972306 140.54947
0.9026206 -0.0087199622 -0.4303487 -128.37711 0.0057795743 0.99995017 -0.0081393653 -12.258464 0.43039826 0.0048595262 0.90262602 141.35758
0.90592243 -0.0058996785 -0.42340255 -128.77046 0.0040035862 0.99997758 -0.0053674875 -12.272302 0.42342476 0.0031673984 0.90592574 142.18898
0.90919888 -0.0034665424 -0.41634764 -129.15265 0.0023429797 0.9999921 -0.0032095311 -12.292197 0.41635551 0.0019426078 0.90919983 143.02368
0.91213087 -0.0015043529 -0.40989633 -129.53291 0.0011990107 0.99999878 -0.0010019521 -12.297236 0.40989737 0.000422441 0.91213156 143.8669
0.91525635 -0.00038374975 -0.40287175 -129.91956 0.0010698672 0.99999834 0.0014780225 -12.315129 0.40287054 -0.0017837891 0.91525524 144.7225
0.91873327 -0.00011447809 -0.39487865 -130.30754 0.0017999333 0.99999078 0.003897859 -12.328959 0.3948746 -0.0042918484 0.91872501 145.59735
0.92213207 -0.00041319116 -0.38687499 -130.68726 0.002382658 0.99998653 0.0046111524 -12.343659 0.3868679 -0.0051738827 0.92212064 146.48575
0.92550831 -0.0014391265 -0.37872455 -131.05191 0.0034711565 0.99998301 0.004682775 -12.331497 0.3787114 -0.0056485597 0.92549758 147.37435
0.92943657 -0.0036216872 -0.36896414 -131.42446 0.0055914113 0.99997525 0.0042694235 -12.362175 0.36893958 -0.006031189 0.92943382 148.30978
0.93286269 -0.0053913223 -0.36019177 -131.77637 0.0069183817 0.99997171 0.0029504558 -12.364245 0.36016571 -0.0052443147 0.93287361 149.23331
0.93728761 -0.0061778496 -0.34850216 -132.13792 0.0070462729 0.99997443 0.0012243603 -12.38545 0.34848572 -0.0036032195 0.93730717 150.17586
0.94219245 -0.0045227439 -0.33504167 -132.48233 0.0049111187 0.99998789 0.00031198934 -12.390964 0.33503623 -0.0019393837 0.94220325 151.13625
0.94787264 -0.0012676871 -0.31864689 -132.82682 0.0018152168 0.99999734 0.0014213553 -12.403062 0.31864427 -0.0019256773 0.94787242 152.12216
0.95377631 0.0024803181 -0.30050723 -133.14909 -0.0012929757 0.99999055 0.0041499336 -12.40891 0.30051471 -0.0035695601 0.9537705 153.12828
0.95980156 0.005399485 -0.28062753 -133.46098 -0.003881797 0.99997468 0.0059637543 -12.417416 0.28065265 -0.0046346819 0.95979822 154.15586
0.96586338 0.0073980211 -0.2589463 -133.7368 -0.0057636235 0.99995839 0.007070349 -12.429543 0.25898785 -0.0053365225 0.96586584 155.19042
0.97127548 0.008539679 -0.23780455 -134.01345 -0.0067734009 0.99994308 0.0082435555 -12.427875 0.23786144 -0.0063960181 0.97127804 156.23581
0.97630147 0.009208749 -0.21621896 -134.25557 -0.0070479818 0.99991725 0.010762388 -12.444691 0.21630019 -0.0089834281 0.97628558 157.31409
0.98108179 0.011505132 -0.19325153 -134.48153 -0.0088725725 0.99985576 0.014482441 -12.440872 0.1933903 -0.012493821 0.98104235 158.40671
0.98507523 0.013098381 -0.17162522 -134.68185 -0.010065617 0.99977765 0.018529211 -12.446018 0.17182978 -0.016525154 0.98498804 159.51181
0.98884935 0.014723884 -0.14818962 -134.85576 -0.011612106 0.999694 0.021841982 -12.433176 0.14846589 -0.019877637 0.98871774 160.62534
0.99187128 0.016269346 -0.12620093 -135.01837 -0.013605764 0.99966672 0.02193928 -12.429378 0.12651581 -0.020043882 0.99176206 161.76161
0.99438585 0.016224422 -0.10456357 -135.14066 -0.014214489 0.99970015 0.019938798 -12.419505 0.10485572 -0.018340541 0.99431831 162.91726
0.99646671 0.016269953 -0.082397775 -135.25678 -0.014738228 0.99970773 0.019163694 -12.409547 0.082685492 -0.017881586 0.99641525 164.07502
0.99794799 0.014995552 -0.062249112 -135.32924 -0.013723467 0.9996892 0.020812912 -12.403829 0.062541871 -0.01991593 0.99784361 165.26014
0.99898755 0.015417975 -0.042262955 -135.40458 -0.014467882 0.99963774 0.022694989 -12.397786 0.042597559 -0.022060556 0.99884873 166.44633
0.99963849 0.015694448 -0.021830771 -135.43606 -0.015180024 0.99960779 0.023533643 -12.390066 0.022191558 -0.023193744 0.99948466 167.66447
0.99985649 0.016905977 -0.0010850526 -135.45792 -0.016874969 0.99956772 0.024074978 -12.371973 0.0014915947 -0.024053214 0.99970957 168.87467
0.9996613 0.017179235 0.01954888 -135.43592 -0.017659749 0.99953944 0.024678841 -12.362479 -0.019115915 -0.025015711 0.99950428 170.10341
0.99902732 0.01943822 0.039579949 -135.40213 -0.020404439 0.99949995 0.024155936 -12.347489 -0.039090612 -0.024940047 0.99892438 171.3344
0.99800152 0.020545206 0.059756688 -135.35394 -0.021949312 0.99949595 0.022936268 -12.335144 -0.059255342 -0.024202049 0.99794943 172.594
0.99668021 0.02046138 0.078802913 -135.25489 -0.022165475 0.99953769 0.020811016 -12.326408 -0.078340666 -0.022488632 0.99667297 173.84287
0.99489393 0.022591136 0.098365209 -135.1448 -0.02450153 0.99953307 0.0182568 -12.315995 -0.097906847 -0.020573678 0.9949829 175.13119
0.99283692 0.022895225 0.11726317 -135.0038 -0.024967029 0.99955653 0.016229442 -12.311024 -0.1168396 -0.019040903 0.99296825 176.40994
0.99024873 0.02296268 0.13740508 -134.84064 -0.025063064 0.99959369 0.013575301 -12.316562 -0.13703754 -0.016886717 0.99042191 177.70972
0.98767783 0.023857233 0.1546717 -134.65511 -0.025411014 0.99964447 0.0080760889 -12.312718 -0.15442405 -0.011906939 0.98793291 178.9887
0.9845974 0.025776017 0.17292645 -134.44184 -0.026481798 0.99964772 0.0017751542 -12.335858 -0.17281978 -0.0063272154 0.98493314 180.29284
0.9813648 0.028398429 0.19004385 -134.20007 -0.028210295 0.99959518 -0.0036956976 -12.338922 -0.19007188 -0.0017343653 0.98176865 181.6036
0.97793032 0.030350507 0.20671509 -133.93754 -0.029438555 0.99953855 -0.0074868637 -12.3742 -0.20684695 0.0012362376 0.97837253 182.9165
0.9737515 0.032528033 0.22527748 -133.65106 -0.030968355 0.99946569 -0.010454543 -12.397295 -0.2254972 0.0032036539 0.97423855 184.2654
0.96970239 0.032081845 0.24217353 -133.34281 -0.030456642 0.99948143 -0.010452552 -12.431979 -0.2423833 0.0027600726 0.97017664 185.58285
0.96534317 0.031014604 0.25913442 -132.99583 -0.029181484 0.99951449 -0.010918664 -12.463523 -0.25934727 0.0029783311 0.96577955 186.90534
0.96076154 0.030745765 0.27566637 -132.62802 -0.02757356 0.9995015 -0.015376643 -12.516285 -0.27600174 0.0071721848 0.96113038 188.2536
0.9559078 0.032035658 0.29191436 -132.22889 -0.0273565 0.99942368 -0.020098036 -12.562556 -0.29239 0.011226115 0.95623327 189.59034
0.95037933 0.034258556 0.30920136 -131.81956 -0.029373769 0.99935947 -0.020441019 -12.595512 -0.30970361 0.010344313 0.95077688 190.93725
0.94462072 0.035946173 0.32618945 -131.37786 -0.03085713 0.99930811 -0.020764065 -12.646038 -0.32671017 0.0095488958 0.94507634 192.26987
0.93842183 0.040160828 0.34314947 -130.90914 -0.033917009 0.99913209 -0.024180462 -12.688704 -0.34382279 0.01105287 0.93896951 193.6177
0.93162362 0.041167971 0.36108533 -130.40038 -0.033470214 0.99905995 -0.027549252 -12.752252 -0.36188007 0.013579931 0.93212575 194.97044
0.92510127 0.041666948 0.37742747 -129.89057 -0.032625908 0.99900765 -0.030319291 -12.802743 -0.37831628 0.015734501 0.92554267 196.29117
0.91780065 0.041893534 0.39482513 -129.33888 -0.030591224 0.99892318 -0.034880705 -12.875771 -0.39586128 0.019935351 0.91809392 197.62765
0.90920815 0.045386584 0.41386058 -128.7541 -0.031145663 0.99866962 -0.041096723 -12.958773 -0.41517527 0.024475514 0.90941215 198.96898
0.89911134 0.049150985 0.43495167 -128.14403 -0.032873019 0.99845161 -0.044874819 -13.045875 -0.43648388 0.026049285 0.89933491 200.29177
0.8871886 0.051904374 0.45847826 -127.49412 -0.034459621 0.99833121 -0.046339331 -13.122398 -0.4601184 0.02531274 0.88749667 201.61225
0.8740236 0.056139377 0.48262936 -126.79987 -0.037110553 0.99811428 -0.048894697 -13.212992 -0.48446421 0.024824478 0.8744588 202.928
0.8595933 0.060598328 0.50737283 -126.08977 -0.039611286 0.99785754 -0.052070003 -13.307793 -0.5094412 0.024661336 0.86015202 204.2184
0.84476288 0.064219317 0.53127349 -125.33064 -0.041078426 0.99762589 -0.055273462 -13.41272 -0.53356186 0.024869091 0.84539535 205.49013
0.82993114 0.065939533 0.5539551 -124.52791 -0.04089413 0.99750931 -0.057470341 -13.516459 -0.55636499 0.025042915 0.83056058 206.75112
0.81368261 0.066911173 0.57744564 -123.66983 -0.039573624 0.99742488 -0.059812556 -13.62557 -0.57996083 0.025816821 0.8142352 207.99599
0.79767681 0.06924188 0.59909702 -122.79922 -0.038159309 0.99719143 -0.064444678 -13.743104 -0.60187673 0.028544898 0.7980787 209.20791
0.78105902 0.07166481 0.62033131 -121.90134 -0.036261188 0.99692169 -0.06951459 -13.865722 -0.62340354 0.031801048 0.78125332 210.3963
0.76437707 0.073362072 0.64058229 -120.95268 -0.034208046 0.99672091 -0.073329637 -13.995966 -0.64386143 0.034138426 0.76438018 211.56033
0.74830377 0.07514141 0.65908665 -119.97 -0.032987884 0.99654964 -0.076161743 -14.13559 -0.66253552 0.035250247 0.7482006 212.71855
0.73231009 0.075766648 0.67674317 -118.94391 -0.030968174 0.99646824 -0.078051401 -14.272617 -0.68026682 0.036200329 0.7320701 213.84947
0.71694678 0.076030498 0.69296944 -117.9175 -0.02893946 0.99642396 -0.079383816 -14.412625 -0.696527 0.036859812 0.71658323 214.96481
0.70163317 0.076767234 0.70839088 -116.86105 -0.026315497 0.99629288 -0.081902273 -14.554276 -0.71205227 0.038823695 0.7010523 216.0405
0.68642247 0.078107426 0.72299611 -115.77291 -0.023440311 0.99607489 -0.085354386 -14.70749 -0.72682514 0.041641916 0.68555905 217.10324
0.6721307 0.080481371 0.73604553 -114.66431 -0.021346642 0.99576817 -0.089387206 -14.871439 -0.74012478 0.044367786 0.67100436 218.14967
0.65689125 0.083085988 0.74939346 -113.51603 -0.020196129 0.99549222 -0.092668 -15.025908 -0.75371484 0.045737952 0.65560814 219.16955
0.64101151 0.083240747 0.76300404 -112.3596 -0.018593185 0.99549398 -0.092984063 -15.192628 -0.76730606 0.045417181 0.63967081 220.17321
0.62462688 0.084636643 0.77632329 -111.18802 -0.019323286 0.99548024 -0.092982218 -15.359843 -0.78068427 0.043078077 0.62343917 221.14364
0.60676033 0.085819894 0.79023844 -110.00487 -0.021496893 0.99556268 -0.091612376 -15.529652 -0.79459414 0.038599085 0.6059128 222.10208
0.58832957 0.086553279 0.80397562 -108.79341 -0.023491003 0.99566471 -0.089999737 -15.689487 -0.80828 0.034063314 0.58781221 223.03344
0.57076072 0.087774493 0.81641153 -107.59094 -0.02529982 0.99567797 -0.089360551 -15.854381 -0.82072661 0.030348429 0.57051455 223.90767
0.55257217 0.090878881 0.82849561 -106.37156 -0.026808482 0.99546128 -0.091313442 -16.028335 -0.83303383 0.028246558 0.55250052 224.75427
0.53429821 0.094749611 0.83996897 -105.13841 -0.029781297 0.99519111 -0.093315204 -16.196638 -0.84477131 0.024842782 0.53455059 225.57225
0.51463394 0.094815192 0.85215135 -103.89757 -0.029514592 0.99523686 -0.09291115 -16.367532 -0.8569019 0.022664333 0.51498109 226.35492
0.49321114 0.093548564 0.86486495 -102.65245 -0.029616711 0.99543034 -0.090781557 -16.533747 -0.86940537 0.019160021 0.49372793 227.10679
0.4721077 0.091693179 0.87675915 -101.38882 -0.029421249 0.9956606 -0.088285689 -16.695602 -0.88104981 0.015885005 0.47275676 227.80739
0.45048156 0.09027461 0.88820988 -100.12525 -0.029501605 0.99583656 -0.086250816 -16.853079 -0.8922982 0.012650786 0.45126925 228.48453
0.42852946 0.089321979 0.89910178 -98.86739 -0.028428937 0.9959417 -0.08539283 -17.012211 -0.90308049 0.011032836 0.42932969 229.12801
