1.000000000000000000e+00 4.398956837314658088e-19 2.733407509747682871e-20 -8.673617379884035472e-19 -5.583667658079949532e-19 1.000000000000000000e+00 -6.100159232558060012e-19 0.000000000000000000e+00 4.145284534913582806e-20 -2.210423569125054137e-19 1.000000000000000222e+00 0.000000000000000000e+00
9.999490973268208016e-01 -1.041208547108759402e-03 1.003586838826984323e-02 4.997458083411101398e-02 1.037186028617535912e-03 9.999993796987974859e-01 4.060112872858409627e-04 -2.486464973141824797e-03 -1.003628507873309712e-02 -3.955815513620397844e-04 9.999495569701418729e-01 2.772996794613734606e-01
9.998605333435123255e-01 -2.740705449828642615e-03 1.647429570925720149e-02 8.688889456258597210e-02 2.729144384153853013e-03 9.999960136376910835e-01 7.242061262378618773e-04 -1.007883619531721453e-02 -1.647621515678894533e-02 -6.791443810721899859e-04 9.998640272950665153e-01 5.132454376439501420e-01
9.998034244568800855e-01 -6.562204135923852336e-03 1.870962194162576267e-02 7.736885584435469754e-02 6.572467521707890670e-03 9.999782824498772982e-01 -4.871217040260613805e-04 -1.658863122459433570e-02 -1.870601934616353268e-02 6.099943579048550460e-04 9.998248410230640149e-01 8.898877211315826541e-01
9.998349057415643060e-01 -6.911694266044774229e-03 1.680445697602531499e-02 7.245161229490586219e-02 6.940282438944053722e-03 9.999745653652035715e-01 -1.643499374442605482e-03 -1.417647463302712518e-02 -1.679267048724245731e-02 1.759855756355735478e-03 9.998574443922698674e-01 1.182501204405898010e+00
9.998962573037863955e-01 -1.037883550845883872e-02 9.987714153699426417e-03 6.592155779374433977e-02 1.041329320277945177e-02 9.999399855593360531e-01 -3.404201292567778959e-03 -1.687185931062024080e-02 -9.951783275798225040e-03 3.507853176189741629e-03 9.999443269317077609e-01 1.508681601539996198e+00
9.999374461765766497e-01 -1.102327507816407669e-02 -1.895034854334991074e-03 5.016017590736028542e-02 1.101429760594477628e-02 9.999283686629465429e-01 -4.684311328574494900e-03 -2.978579062149505630e-02 1.946535593364626853e-03 4.663145877921961308e-03 9.999872329543542104e-01 1.821456141291941222e+00
9.997869425840992808e-01 -1.065584693729825644e-02 -1.767830175408019108e-02 1.098266649446239147e-02 1.056959339623158613e-02 9.999318121636066037e-01 -4.965350011691392965e-03 -3.745092840303500259e-02 1.773000662236368097e-02 4.777439680568569026e-03 9.998313972688867013e-01 2.131878156411472602e+00
9.993158464310146760e-01 -6.424983299056808393e-03 -3.642195215644535716e-02 -8.332042168230420487e-03 6.229841104864863172e-03 9.999656401660736993e-01 -5.468780181905059067e-03 -4.256360912994887336e-02 3.645583815259551691e-02 5.238135740753016752e-03 9.993215367795906801e-01 2.509325634292426166e+00
9.984126625836482471e-01 -3.658914616720108232e-03 -5.620291282106302383e-02 -5.946664992350666340e-02 3.315867011961253288e-03 9.999753083823426092e-01 -6.195776502850637059e-03 -5.252069290511444943e-02 5.622419586574269046e-02 5.999580336239453832e-03 9.984001427118538441e-01 2.840558705031634101e+00
9.971223052853650515e-01 -2.773173021186960477e-03 -7.575894411450696808e-02 -1.096653387423352222e-01 2.296005235597582943e-03 9.999769806173178788e-01 -6.384872134416264347e-03 -5.394673175816393218e-02 7.577490785206389412e-02 6.192555478344817510e-03 9.971057194702903637e-01 3.200915230946774326e+00
9.952710162446702924e-01 -3.497934291981367322e-03 -9.707403559356576894e-02 -1.602575631011621260e-01 2.930602117407276642e-03 9.999777877059663478e-01 -5.986289457020118471e-03 -6.418390362065093391e-02 9.709282067992190679e-02 5.673494982429624911e-03 9.952591601809639421e-01 3.577678681014852202e+00
9.931920877288342719e-01 -4.340335266232340714e-03 -1.164072075661505695e-01 -2.281443989233643554e-01 3.750612224322429078e-03 9.999790027203386833e-01 -5.284602197066876929e-03 -7.026763230129592919e-02 1.164277022886171797e-01 4.812026733489337474e-03 9.931875124737398197e-01 3.974502529314179355e+00
9.910186328148264945e-01 -4.224607092529460671e-03 -1.336571046405839736e-01 -2.977079036940480927e-01 3.603550155403074592e-03 9.999815597458364680e-01 -4.888209159102588006e-03 -8.036274224395337229e-02 1.336752930436033160e-01 4.362666197892871647e-03 9.910155819496345719e-01 4.376077143517003165e+00
9.887170801718863089e-01 -3.328324776741655496e-03 -1.497579949124398235e-01 -3.715201062652384034e-01 2.728675604960021598e-03 9.999874174620864142e-01 -4.209423080179345265e-03 -8.791487993526861389e-02 1.497701234939931014e-01 3.753287409123497783e-03 9.887137217298376246e-01 4.808325806011661818e+00
9.865691236463175473e-01 -2.867831814418352575e-03 -1.633191327597015574e-01 -4.718356162125401654e-01 2.200139193247472105e-03 9.999884674449747157e-01 -4.269000031218886208e-03 -9.323023051894500923e-02 1.633294948716210726e-01 3.852338682367310949e-03 9.865640558412880345e-01 5.195701479079776419e+00
9.844143971832989282e-01 -3.632764911659601241e-03 -1.758268946019304613e-01 -5.599244919014835231e-01 2.798386972328213533e-03 9.999836185212722661e-01 -4.993166845108453107e-03 -9.766935916894681213e-02 1.758421563395987652e-01 4.423313520771387716e-03 9.844084371477269668e-01 5.634683641625994888e+00
9.826368895984243235e-01 -6.369651974834224240e-03 -1.854296898930228032e-01 -6.475246322372294472e-01 5.176448767763961074e-03 9.999626705536560634e-01 -6.918227298939118135e-03 -1.099488070534465622e-01 1.854668378120226113e-01 5.838237953163481764e-03 9.826331807435761956e-01 6.081157132462469583e+00
9.810663309480802674e-01 -5.981741385784862877e-03 -1.935796274013666385e-01 -7.561804014396275031e-01 4.395896305588472761e-03 9.999531785532779216e-01 -8.620718645647604261e-03 -1.230970033709125333e-01 1.936221339786147744e-01 7.606540739842931886e-03 9.810466913881588091e-01 6.534400904633062446e+00
9.795128565795337972e-01 -5.936154473887168999e-03 -2.012941253420295618e-01 -8.494811840490873456e-01 3.870607519735193985e-03 9.999357598510494327e-01 -1.065338268499093841e-02 -1.218617156554871600e-01 2.013444377804286256e-01 9.655994659558384680e-03 9.794729093324475722e-01 7.020545012313550437e+00
9.779401184213857290e-01 -6.279491172640379315e-03 -2.087910240929662375e-01 -9.697677110908986542e-01 3.590243854320823193e-03 9.999056821338341283e-01 -1.325658251991662651e-02 -1.353984182147139614e-01 2.088545795673385774e-01 1.221453311405105123e-02 9.778704263913375883e-01 7.499939397715287726e+00
9.761247784065640865e-01 -1.013121915202312706e-02 -2.169741327524212782e-01 -1.070609965040085987e+00 7.062925488934976986e-03 9.998638626701350507e-01 -1.491211581828730086e-02 -1.441637652181798623e-01 2.170956761343566799e-01 1.302361354449137545e-02 9.760634477334411141e-01 7.990468590786792724e+00
9.743509385913804444e-01 -1.555179229181623789e-02 -2.244958553473387353e-01 -1.187168700078545580e+00 1.225535168749641683e-02 9.997957631302308856e-01 -1.606979654919382314e-02 -1.637995009362067100e-01 2.246999230346727605e-01 1.290634561532829488e-02 9.743425332018854634e-01 8.518330402153090120e+00
9.723090013700638190e-01 -1.666481206996163131e-02 -2.331040296974761228e-01 -1.328581596609725635e+00 1.264042830529958812e-02 9.997443401728606238e-01 -1.874763566118091418e-02 -1.877889455775588190e-01 2.333568642143052929e-01 1.528196007183889836e-02 9.722710717049825035e-01 9.017106106046089309e+00
9.702538478349967965e-01 -1.258958391554104543e-02 -2.417622216506282729e-01 -1.474958327044574080e+00 7.421400882788814143e-03 9.997243155941688553e-01 -2.227589740771749108e-02 -1.844005710751100702e-01 2.419760200280233198e-01 1.981906077885777634e-02 9.700797966638616820e-01 9.554724599841582844e+00
9.681168969666027468e-01 -9.748098646456893404e-03 -2.503091028539582985e-01 -1.630483388642273379e+00 3.544698794211091197e-03 9.996755945898728735e-01 -2.522182952762893823e-02 -1.985041291061618862e-01 2.504737704244047181e-01 2.353040895775071126e-02 9.678373890276027458e-01 1.009700324155781459e+01
9.656778930637828218e-01 -1.233331097518221287e-02 -2.594495997126165521e-01 -1.786548724336921801e+00 5.409287411121690980e-03 9.996103407450209755e-01 -2.738441663097610640e-02 -2.258135384612947605e-01 2.596862477746991194e-01 2.504108830357287818e-02 9.653683225182106975e-01 1.064827212910935827e+01
9.634598107470393469e-01 -1.403759980453058408e-02 -2.674848356241751324e-01 -1.933030133732382083e+00 6.440996454086281645e-03 9.995511859493036999e-01 -2.925645601341334348e-02 -2.609548873183532014e-01 2.677754797052743774e-01 2.646455070519762240e-02 9.631178129472282023e-01 1.120238384913166563e+01
9.612412312263729497e-01 -1.413496897612086939e-02 -2.753461392152298792e-01 -2.112086189155280458e+00 5.593107065321483405e-03 9.994791485424447952e-01 -3.178283765314000170e-02 -2.775721026486137610e-01 2.756519789478278359e-01 2.901093358649909151e-02 9.608196261053599807e-01 1.177958060596833256e+01
9.589456747801626824e-01 -1.318778581270207279e-02 -2.832830269818333857e-01 -2.305454189040945678e+00 3.255368607684084713e-03 9.993642322763871544e-01 -3.550399712201641328e-02 -3.011960497964384365e-01 2.835711487654771212e-01 3.312421386007574631e-02 9.583789395661727051e-01 1.238904374395367469e+01
9.566211320238194871e-01 -1.493836907138401497e-02 -2.909516335442298152e-01 -2.489468592394588953e+00 3.271665698693422119e-03 9.991724090173373929e-01 -4.054372022045862195e-02 -3.323547086681843954e-01 2.913165066610356457e-01 3.783308314752754226e-02 9.558783147514084977e-01 1.296423617559632291e+01
9.548861685215316308e-01 -1.594866152522400604e-02 -2.965434933810823237e-01 -2.696029733886398105e+00 1.898676662804407028e-03 9.988643421425849045e-01 -4.760694286089290489e-02 -3.691979638948557074e-01 2.969659935505578607e-01 4.489617120687330876e-02 9.538320262997522780e-01 1.357991935039829201e+01
9.534880762262808451e-01 -1.592640337629153829e-02 -3.010096945663685020e-01 -2.909109089228901102e+00 -8.780256630441744120e-04 9.984522193579983274e-01 -5.560930421235228682e-02 -3.966660004165367126e-01 3.014294589672076308e-01 5.328710295729605778e-02 9.519983024601773591e-01 1.418774665846702376e+01
9.522372172523944078e-01 -1.699494474497790716e-02 -3.048859654720532109e-01 -3.108010583741165345e+00 -2.658957765908675878e-03 9.979506926524227550e-01 -6.393234673633374499e-02 -4.460728194514538281e-01 3.053476923513483432e-01 6.168943915563480929e-02 9.502406021013882764e-01 1.481207558224246235e+01
9.509418583358814070e-01 -1.592354753174935952e-02 -3.089595777091762585e-01 -3.340497439995938844e+00 -7.051369968882404901e-03 9.972994408970351499e-01 -7.310337439810135618e-02 -4.965067625086393432e-01 3.092892844524623985e-01 7.169564737772080032e-02 9.482615012379652653e-01 1.547169122144488718e+01
9.494039659373707529e-01 -1.499236331352059824e-02 -3.136994364133275925e-01 -3.552656082884437794e+00 -1.073815621827182293e-02 9.967262227381499251e-01 -8.013444257565734141e-02 -5.513316365354445914e-01 3.138738643661276861e-01 7.944851159893152881e-02 9.461348389058911179e-01 1.612765426897649945e+01
9.479650357852865694e-01 -1.281583032236155960e-02 -3.181163989270590631e-01 -3.791528414506587286e+00 -1.559471450231491620e-02 9.961209680687127532e-01 -8.660151173786374834e-02 -6.161326983726909123e-01 3.179922909589454338e-01 8.705614011378028094e-02 9.440879903551145924e-01 1.676580123089019381e+01
9.463578950368609632e-01 -1.242094601717771973e-02 -3.228814834995570870e-01 -4.041728216106957206e+00 -1.848401545623042097e-02 9.955435363028408702e-01 -9.247382590903387156e-02 -6.815802479856902796e-01 3.225911917835528331e-01 9.348148213986871846e-02 9.419108969085979721e-01 1.744249965498822519e+01
9.447295192978359957e-01 -1.056773455633824507e-02 -3.276804175970233768e-01 -4.283441757740339639e+00 -2.284546724590232059e-02 9.949288933586777350e-01 -9.795193601028105712e-02 -7.636087400791409241e-01 3.270538508785775789e-01 1.000240982985449029e-01 9.396972707634910771e-01 1.811182553163583719e+01
9.428823093898310859e-01 -7.308054635700639290e-03 -3.330458536409112713e-01 -4.543278849701661848e+00 -2.794971605704268253e-02 9.944987737387427362e-01 -1.009504947668654895e-01 -8.336703322033277574e-01 3.319514504202196181e-01 1.044929733474291994e-01 9.374910428614537938e-01 1.880104341475974294e+01
9.412751749401694346e-01 -6.990965964954521696e-03 -3.375680213353090542e-01 -4.812614499973263626e+00 -2.938220761853503962e-02 9.942967940252958048e-01 -1.025210771336057675e-01 -9.148333483686010847e-01 3.363595284586599066e-01 1.064190391801714680e-01 9.357014791763862416e-01 1.948800533161618276e+01
9.390924854742278560e-01 -6.641254445264322022e-03 -3.436003419360743605e-01 -5.110162296209087351e+00 -3.011790540467176175e-02 9.943759803151849264e-01 -1.015348291958370480e-01 -1.003305526407262560e+00 3.423422513078743235e-01 1.056991183729240474e-01 9.336109906367365818e-01 2.020528828723346493e+01
9.366687638539090699e-01 -6.055446679448036815e-03 -3.501641840794058047e-01 -5.365106490484124357e+00 -3.104411602893983324e-02 9.944789734467163189e-01 -1.002388858193514060e-01 -1.087868595919176062e+00 3.488379154855204556e-01 1.047611714812170525e-01 9.313094052169494930e-01 2.093943648791554679e+01
9.341097435177234676e-01 -6.034115275515833723e-03 -3.569349714634266757e-01 -5.647761440385369980e+00 -3.120021701054292301e-02 9.946511067049115251e-01 -9.846685935042777393e-02 -1.175723649506871693e+00 3.556199308231205447e-01 1.031153019309588997e-01 9.289250249467909670e-01 2.165081599449748495e+01
9.312439700268517750e-01 -6.243984543219055841e-03 -3.643428031135948486e-01 -5.948214252348726028e+00 -3.060023221143066269e-02 9.949815591565658313e-01 -9.526448830258858747e-02 -1.261068413895736429e+00 3.631092064900887650e-01 9.986345526277667917e-02 9.263795103657678220e-01 2.237209884516115821e+01
9.278068673681155731e-01 -2.776168310743434321e-03 -3.730505419683087798e-01 -6.264957143075036150e+00 -3.307630226609762497e-02 9.954220407954391669e-01 -8.967117120850749690e-02 -1.333207269655284133e+00 3.715916804089912651e-01 9.553666148263167957e-02 9.234675805007668270e-01 2.314690942295860054e+01
9.243224170605561785e-01 -2.145785871445955750e-04 -3.816123953160251436e-01 -6.607398016784157058e+00 -3.458280607868562812e-02 9.958380268743861619e-01 -8.432469261438935160e-02 -1.417706535405154789e+00 3.800422355454477485e-01 9.114043165375609878e-02 9.204679917880115303e-01 2.388604097448458674e+01
9.208429494908130231e-01 2.929534612168620614e-03 -3.899226552259042466e-01 -6.936188065619449894e+00 -3.717956362689481264e-02 9.960755058974409826e-01 -8.031977739739662447e-02 -1.492969462755834975e+00 3.881571131297767430e-01 8.845905535069671644e-02 9.173380261132316749e-01 2.462469669803187600e+01
9.167991657766400015e-01 3.634769842493838082e-03 -3.993320357775191898e-01 -7.269768183439102138e+00 -3.806469061657175024e-02 9.962011108269291926e-01 -7.832257759818495035e-02 -1.569960508578249758e+00 3.975303398836514401e-01 8.700652463664668157e-02 9.134547042835271524e-01 2.537221929229764328e+01
9.129637505222391036e-01 4.489391335471199125e-03 -4.080159705021382810e-01 -7.634648552097431207e+00 -3.954956392527934905e-02 9.962049822135294885e-01 -7.753364080956411108e-02 -1.648554158114049262e+00 4.061194707266906900e-01 8.692225764212690997e-02 9.096765908745514384e-01 2.613996899998605272e+01
9.091536742193109255e-01 4.779275047479160723e-03 -4.164333699901780483e-01 -7.985581853066690883e+00 -4.035588714078067185e-02 9.962394021320848392e-01 -7.667109016184102399e-02 -1.718349155437612241e+00 4.145009064092828877e-01 8.651134182575342946e-02 9.059275853011340418e-01 2.690728691023422314e+01
9.052185713576266224e-01 5.118561146284316896e-03 -4.249154442077970328e-01 -8.365751936482858753e+00 -4.086324562169297431e-02 9.963420808622185376e-01 -7.505100344155746228e-02 -1.792429436327422243e+00 4.229769919606931050e-01 8.530098667838108273e-02 9.021165166214060172e-01 2.768219362472359890e+01
9.012538873222379898e-01 5.456156035540050270e-03 -4.332570335729993838e-01 -8.747875615982552588e+00 -4.083223814848007532e-02 9.965403141950890387e-01 -7.238874616783784466e-02 -1.863883605883100092e+00 4.313631434557149147e-01 8.293149362609013309e-02 8.983586196950151814e-01 2.847656943966459764e+01
8.975234522373919388e-01 6.317926215864068558e-03 -4.409214584934834646e-01 -9.144058510065379508e+00 -4.051235996026071595e-02 9.968500422210527789e-01 -6.818168432838772608e-02 -1.931252375124390186e+00 4.391018151883316900e-01 7.905742986507285908e-02 8.949522459607023306e-01 2.924326138243018391e+01
8.936565927765198758e-01 7.453207565910751307e-03 -4.486895806936062603e-01 -9.562137740102741645e+00 -3.985785422148921398e-02 9.972286590990723232e-01 -6.282000473743470925e-02 -1.987811635767521068e+00 4.469779060373803570e-01 7.402331556250861533e-02 8.914770351847109975e-01 3.005271495544855398e+01
8.901037332354924114e-01 7.462711132668210963e-03 -4.556968815402920314e-01 -9.977404503850525685e+00 -3.824414141877501699e-02 9.975624876263080587e-01 -5.836496375832579686e-02 -2.065750192435575894e+00 4.541505616821263080e-01 6.937860833686924911e-02 8.882194999771925170e-01 3.084857406516997003e+01
8.862438939462971010e-01 6.887595357524018032e-03 -4.631676987562742265e-01 -1.041121799087786570e+01 -3.721965606746980432e-02 9.977153332420166665e-01 -5.638094608580427464e-02 -2.126507134702150026e+00 4.617211936963632191e-01 6.720621185028023692e-02 8.844754765490755455e-01 3.165314778749718982e+01
8.830868988530683472e-01 6.431922939347954095e-03 -4.691653813294962005e-01 -1.086374921098713386e+01 -3.668755850882546299e-02 9.977913119310812817e-01 -5.537617674130184547e-02 -2.191863949708923176e+00 4.677729740811407133e-01 6.611450874922931986e-02 8.813724075500002364e-01 3.247389169538358544e+01
8.800305788423598008e-01 6.865404072855919512e-03 -4.748673941502761786e-01 -1.130615673972683233e+01 -3.667691587667243347e-02 9.978917472785604481e-01 -5.354310993418721215e-02 -2.246082106078828744e+00 4.734986667231121937e-01 6.453624565901264210e-02 8.784270544806731529e-01 3.329810667517270417e+01
8.769078556274421121e-01 5.764861867944397374e-03 -4.806239429178411071e-01 -1.177053359228049523e+01 -3.506822985133722231e-02 9.980305586744248059e-01 -5.201176088623521432e-02 -2.307835861456140947e+00 4.793775498834057514e-01 6.246415274786427940e-02 8.753830012209111722e-01 3.413482430616647179e+01
8.743700273798361566e-01 4.334377026679141903e-03 -4.852404184691339051e-01 -1.226001252232873284e+01 -3.370928385221624163e-02 9.980870204864717987e-01 -5.182647758386076109e-02 -2.366055701003258349e+00 4.840875363159061751e-01 6.167262575579964684e-02 8.728434848443987759e-01 3.497364915911403216e+01
8.722885993957933959e-01 3.758276762561840127e-03 -4.889769626221323606e-01 -1.274391384420752971e+01 -3.355524828403876059e-02 9.980733629572549059e-01 -5.218819337073270920e-02 -2.429535678125189335e+00 4.878387522034325907e-01 6.193090961489675084e-02 8.707341264519817825e-01 3.582246742880595747e+01
8.706089491393742552e-01 4.004420700466318483e-03 -4.919593656950054794e-01 -1.323705389977626190e+01 -3.427331271445941546e-02 9.980310856761297478e-01 -5.252896458852632233e-02 -2.490583937811375215e+00 4.907804002151467393e-01 6.259326397501858985e-02 8.690320401497462210e-01 3.668390286945260925e+01
8.703169439292460785e-01 3.991398052554608403e-03 -4.924758684887790561e-01 -1.375670953737444968e+01 -3.393904443919797120e-02 9.980759933763397873e-01 -5.188885014193571343e-02 -2.549935954608147259e+00 4.913212410456926360e-01 6.187390599028447236e-02 8.687779132791226822e-01 3.755695713724689000e+01
8.701643749660036287e-01 4.236771593958328121e-03 -4.927433464734450874e-01 -1.425997077354858078e+01 -3.350357481488281525e-02 9.981577163529006258e-01 -5.058343424755330775e-02 -2.607633872561993638e+00 4.916212714585037058e-01 6.052456613080915010e-02 8.687032330412650660e-01 3.844449892144007919e+01
8.697385840229395759e-01 2.448408773731122149e-03 -4.935066321061301053e-01 -1.477962051940809474e+01 -3.099977786993122000e-02 9.982839746953309223e-01 -4.968017404855442493e-02 -2.673026136563175115e+00 4.925381333332581879e-01 5.850736029759618512e-02 8.683219914133945005e-01 3.934562633284116373e+01
8.693525666146117992e-01 1.823828727426533500e-03 -4.941890162018721666e-01 -1.529511812149020145e+01 -3.065529158052148623e-02 9.982664393136443381e-01 -5.024310193400131214e-02 -2.739577120763735163e+00 4.932406832208381386e-01 5.882847810531067340e-02 8.679014018658228746e-01 4.024516266135054110e+01
8.679849757192177329e-01 -1.104782222828745969e-04 -4.965904397441090468e-01 -1.581560229395581274e+01 -2.888224291263233670e-02 9.982959551637659024e-01 -5.070504903074857239e-02 -2.792783392774432549e+00 4.957498376990116529e-01 5.835386655214878232e-02 8.665027002298557601e-01 4.116826102890382799e+01
8.666726798689280420e-01 -1.573181978742014186e-03 -4.988747198978746855e-01 -1.635448945483989647e+01 -2.644269797379567369e-02 9.984444511375291098e-01 -4.908626855925866256e-02 -2.859114382363488804e+00 4.981759260984712223e-01 5.573332152845406062e-02 8.652829296807487136e-01 4.205912639829288224e+01
8.647896527050698001e-01 -1.516369802072975361e-03 -5.021320067707253365e-01 -1.690140086452442247e+01 -2.483280391260759418e-02 9.986426709931655044e-01 -4.578370413505820913e-02 -2.926144707402273060e+00 5.015198820911918043e-01 5.206261929063420862e-02 8.635781936051047936e-01 4.300462606290255252e+01
8.617092493887678062e-01 -6.112474867967940479e-04 -5.074020012016289272e-01 -1.744514123686597884e+01 -2.341357553981116002e-02 9.988861728996325517e-01 -4.096606049685564549e-02 -2.985049129653921884e+00 5.068618922329007903e-01 4.718092830497030293e-02 8.607351434878431906e-01 4.390670129477547334e+01
8.579307856784326169e-01 -1.820721011020536668e-03 -5.137620526796280451e-01 -1.799541104593160412e+01 -2.143709995261818338e-02 9.989959769421736802e-01 -3.933813464778272012e-02 -3.048708632617507686e+00 5.133178563445385256e-01 4.476296519333038820e-02 8.570303731216050158e-01 4.480027429043953191e+01
8.523520556787310687e-01 -4.475527417221252316e-03 -5.229492685527213913e-01 -1.855255089551218006e+01 -1.974104881871511369e-02 9.989753455956031925e-01 -4.072529825290120697e-02 -3.104531031427527843e+00 5.225957024746055168e-01 4.503585867325829439e-02 8.513903385106526001e-01 4.570207091423878865e+01
8.469628517534510959e-01 -7.767665950357919950e-03 -5.315953212743755874e-01 -1.911407162102619139e+01 -1.848273861558002995e-02 9.988586548745992388e-01 -4.404288801707760548e-02 -3.171071056636122876e+00 5.313307071409745230e-01 4.712802736986791696e-02 8.458526078285304450e-01 4.659559532759157463e+01
8.407809985619527637e-01 -8.014018490694149732e-03 -5.413160650332007329e-01 -1.970903718201762800e+01 -1.865688260012927577e-02 9.988675832425573109e-01 -4.376610456588236192e-02 -3.232686224168101141e+00 5.410538213435129862e-01 4.689697932774793132e-02 8.396793682181487029e-01 4.749273043335381317e+01
8.347322913805478306e-01 -5.522556168361057380e-03 -5.506282749844992885e-01 -2.032705249029998384e+01 -1.898642922284684426e-02 9.990664886531938071e-01 -3.880292242766101435e-02 -3.279025680985898639e+00 5.503285580471630745e-01 4.284451702724337285e-02 8.338482064576212549e-01 4.837743326655428433e+01
8.297892717391269768e-01 -1.878146232110646484e-03 -5.580736788570535012e-01 -2.090653832499716103e+01 -2.061704382664918123e-02 9.992085488347807187e-01 -3.401784059016598610e-02 -3.338660410830449621e+00 5.576958908898078660e-01 3.973346853334250306e-02 8.290938130056162425e-01 4.923706946585446076e+01
8.256823673191600044e-01 -8.785512347264824847e-04 -5.641346029828696595e-01 -2.153136998391104129e+01 -2.285962910583174204e-02 9.991253481817936599e-01 -3.501394038780273471e-02 -3.392403273859173840e+00 5.636719528855412831e-01 4.180630086017064762e-02 8.249401001637498565e-01 5.013385731490662778e+01
8.224041818987330998e-01 -3.006110025143728451e-03 -5.688957010219714006e-01 -2.215576639087386823e+01 -2.372061935707438229e-02 9.989352316648659746e-01 -3.956937198947740181e-02 -3.443899752828563532e+00 5.684089185755505369e-01 4.603657529505148643e-02 8.214572059650607772e-01 5.100609649342646179e+01
8.192435786067168157e-01 -5.269554752936894335e-03 -5.734214718324053273e-01 -2.274644410108481551e+01 -2.584663026005442482e-02 9.986022215370593536e-01 -4.610374052573788795e-02 -3.522044521998722200e+00 5.728629117006983629e-01 5.259120611711270987e-02 8.179622581377790080e-01 5.186281572843632404e+01
8.157578864164705124e-01 -5.646031229167384861e-03 -5.783659625477209909e-01 -2.338394040801394169e+01 -2.699281166123718503e-02 9.984912085132927606e-01 -4.781939655539413359e-02 -3.576449823180265941e+00 5.777633286631123077e-01 5.462077335283271190e-02 8.143746764056226661e-01 5.273224634818083700e+01
8.128895933162019194e-01 -5.032005201162504174e-03 -5.823960692439773545e-01 -2.402157561153492793e+01 -2.561503001101440510e-02 9.986862153195005254e-01 -4.438145574263507170e-02 -3.643951600953443393e+00 5.818542639503904157e-01 5.099531625493136655e-02 8.116927372647612104e-01 5.359078582239575184e+01
8.094293692675129659e-01 -2.583861882654606753e-03 -5.872115574394903836e-01 -2.466084857276144859e+01 -2.480831270278438180e-02 9.989470449896585835e-01 -3.859208434247895364e-02 -3.701597828768639964e+00 5.866929768165617398e-01 4.580529432770374249e-02 8.085129761194327358e-01 5.445762887847060796e+01
8.065604485124550083e-01 -1.319080206797361389e-03 -5.911501469205421300e-01 -2.531836747309138858e+01 -2.463235377064361062e-02 9.990540146983203362e-01 -3.583745122527099564e-02 -3.752863335259137401e+00 5.906382102265246292e-01 4.346649015858369824e-02 8.057649629543847114e-01 5.529614504610984937e+01
8.032469385516060045e-01 -6.082253662647067131e-05 -5.956461577086319403e-01 -2.593705723181939504e+01 -2.680627501916678368e-02 9.989831242724692695e-01 -3.625108399361193223e-02 -3.808364128212490929e+00 5.950426747295465280e-01 4.508562683923061920e-02 8.024285066384153620e-01 5.616036428065829966e+01
8.001535547994761410e-01 -1.708515122062419494e-03 -5.997927665595090829e-01 -2.660664762005046313e+01 -2.614805172546378481e-02 9.989458712444553301e-01 -3.772831515907230232e-02 -3.865331609153201065e+00 5.992249774836008180e-01 4.587185766506307605e-02 7.992654164198150779e-01 5.703274499491102034e+01
7.961863469215987310e-01 -3.523646509890900839e-03 -6.050412199846529893e-01 -2.726465854755688056e+01 -2.589961844979649444e-02 9.988679964160293023e-01 -3.989906701303514575e-02 -3.931409111863028549e+00 6.044969117829066541e-01 4.743742905527538467e-02 7.951938008633003818e-01 5.788554382403013676e+01
7.920737154869700314e-01 -4.703631695728152824e-03 -6.104073213512464235e-01 -2.790588822654574841e+01 -2.527259388554774222e-02 9.988602362921691347e-01 -4.049104097734927687e-02 -3.985737613984749572e+00 6.099020666961870729e-01 4.749846550554764901e-02 7.910520664860760665e-01 5.872253579220522113e+01
7.873733719348900983e-01 -5.359231014883317559e-03 -6.164531162677011622e-01 -2.860082463537361264e+01 -2.431917948247257211e-02 9.989138176883927134e-01 -3.974622479494737542e-02 -4.041213876094010615e+00 6.159965556173707668e-01 4.628675289711331464e-02 7.863878096610330548e-01 5.958090159268547126e+01
7.827372940744757868e-01 -5.163166039917477593e-03 -6.223308306664119272e-01 -2.927554463707708976e+01 -2.437533248988507303e-02 9.989439748895412308e-01 -3.894583730459359044e-02 -4.101858850821082036e+00 6.218747282290150169e-01 4.565388009414673987e-02 7.817848508128302232e-01 6.041639105451337599e+01
7.774433149523015674e-01 -5.863766562377645611e-03 -6.289256718798765800e-01 -2.997264283105114302e+01 -2.446633153158116192e-02 9.989177233889432461e-01 -3.955730736815206428e-02 -4.160866693300024011e+00 6.284769659874173131e-01 4.614106803792150657e-02 7.764584422532312402e-01 6.123778685109695630e+01
7.718215666829516541e-01 -7.126814161905921374e-03 -6.357992372150798044e-01 -3.066240069630828913e+01 -2.414496706617227581e-02 9.988874719712006467e-01 -4.050727031695458558e-02 -4.220985393729095314e+00 6.353805914859080861e-01 4.661573635089506090e-02 7.707908177469464661e-01 6.208316618618736271e+01
7.664314086842597407e-01 -8.645313378180164224e-03 -6.422679709556818883e-01 -3.136962349220963375e+01 -2.327897746481565056e-02 9.988786745207245410e-01 -4.122478426550946901e-02 -4.277616106951745323e+00 6.419041917625033511e-01 4.654731096409790020e-02 7.653707364547198688e-01 6.290491213088832012e+01
7.608386816688320620e-01 -9.974413303983575840e-03 -6.488643953741521919e-01 -3.210879102302596522e+01 -2.313038900647457555e-02 9.988296978510159407e-01 -4.247610900354706343e-02 -4.333859564627813299e+00 6.485287134268021836e-01 4.732595252121388901e-02 7.597175593663237914e-01 6.374974338364409476e+01
7.549144468241923978e-01 -1.208742667286188434e-02 -6.557118757249733587e-01 -3.282359696392578741e+01 -2.186389330766629058e-02 9.988105036897196864e-01 -4.358380348080755085e-02 -4.402083383331089728e+00 6.554587361992773031e-01 4.723845724860035317e-02 7.537522015790556473e-01 6.455461987640664745e+01
7.486037301494441465e-01 -1.282616740479495740e-02 -6.628936086169152642e-01 -3.356840460936439285e+01 -2.141817423939034598e-02 9.988232276366113549e-01 -4.351346667641475818e-02 -4.464407830855395609e+00 6.626716561741434752e-01 4.677231412943006622e-02 7.474480818016164818e-01 6.538702492605175109e+01
7.425064696686645149e-01 -1.303424633094636860e-02 -6.697120593756408224e-01 -3.430957361806311212e+01 -2.041780839252602814e-02 9.989056666023325981e-01 -4.207828852391638785e-02 -4.521740606501673199e+00 6.695276414283982680e-01 4.491745379768286722e-02 7.414277902279846622e-01 6.619541758503379469e+01
7.362854091558954650e-01 -1.371888345536451115e-02 -6.765320242912505888e-01 -3.505566527414245570e+01 -1.924742743798659242e-02 9.989653199848080867e-01 -4.120468465393498092e-02 -4.589695205048771598e+00 6.763973240615580584e-01 4.335990895664151162e-02 7.352595370847843093e-01 6.699896065800869849e+01
7.297370472687729759e-01 -1.472796421749131626e-02 -6.835692504335499908e-01 -3.583431169609262668e+01 -1.897185591064780991e-02 9.989468547321114222e-01 -4.177619101804039281e-02 -4.646884877374446887e+00 6.834646427498316523e-01 4.345421140960080419e-02 7.286891122865378767e-01 6.781336886445795642e+01
7.230216995286870008e-01 -1.668530166159439346e-02 -6.906237859913259003e-01 -3.661448257918939220e+01 -1.810296413440724492e-02 9.989073620689467026e-01 -4.308555121176722846e-02 -4.713127297837198526e+00 6.905880915802986575e-01 4.365412589354452505e-02 7.219296461379425267e-01 6.862196008450422369e+01
7.173232888017381237e-01 -1.627897265154528914e-02 -6.965502747875363942e-01 -3.740668641571677711e+01 -1.953076207327193725e-02 9.988643512888024656e-01 -4.345753202156150963e-02 -4.772970817277172095e+00 6.964666943559523204e-01 4.477725729017097145e-02 7.161907217604618348e-01 6.941721745390032083e+01
7.117978015736847741e-01 -1.560770300670646579e-02 -7.022109939741030260e-01 -3.821136634049295111e+01 -1.999038575716116650e-02 9.988979332614322804e-01 -4.246532040454743806e-02 -4.838713515180594449e+00 7.020999088161166135e-01 4.426419015803319257e-02 7.107013498650043282e-01 7.022070825105880942e+01
7.069516102349636677e-01 -1.564237168959110857e-02 -7.070889107115679861e-01 -3.901835835386664542e+01 -2.038842731070678038e-02 9.988891743325192252e-01 -4.248210761857889456e-02 -4.899987255310451317e+00 7.069679913149277128e-01 4.444922504160190441e-02 7.058473878662161471e-01 7.100730077871916990e+01
7.020905398688140897e-01 -1.573511587813905890e-02 -7.119138083318956589e-01 -3.982326800254887189e+01 -2.126485696322635496e-02 9.988466510999770565e-01 -4.304850149510770080e-02 -4.969104961964962541e+00 7.117701087627752443e-01 4.536269076031862468e-02 7.009461805188235139e-01 7.180632019232066909e+01
6.970887832923930993e-01 -1.807664670160438053e-02 -7.167568998432296556e-01 -4.066659582648775029e+01 -2.082408723140822746e-02 9.987499464569207230e-01 -4.544119141469557532e-02 -5.034952983114754588e+00 7.166823520670637659e-01 4.660235285044701109e-02 6.958409563180316670e-01 7.259842493825016163e+01
6.918861947085658270e-01 -1.988015490784891814e-02 -7.217328198933538053e-01 -4.150181563419619124e+01 -2.130676038876600301e-02 9.986232890607477097e-01 -4.793275018901002604e-02 -5.099380340556834312e+00 7.216921253718210361e-01 4.854179621314108628e-02 6.905100867218249006e-01 7.337680480369773761e+01
6.866806891823888925e-01 -2.066310448910811323e-02 -7.266654370429102006e-01 -4.236302450862412172e+01 -2.161950501019323581e-02 9.985733484681270644e-01 -4.882483759159253478e-02 -5.169848990507856179e+00 7.266376239376469703e-01 4.923722001118411434e-02 6.852543100443447832e-01 7.417664929403508722e+01
6.820798837949277882e-01 -2.023574525445872088e-02 -7.309976311882713240e-01 -4.322631029181109596e+01 -2.145968898727803470e-02 9.986326802466058972e-01 -4.766814162537702515e-02 -5.240979856618306343e+00 7.309627366668888238e-01 4.820046213063594598e-02 6.807130107132590702e-01 7.496025755268469482e+01
6.770571492622736720e-01 -2.027899753232549271e-02 -7.356509830353534785e-01 -4.409001233483219551e+01 -2.073700288013120493e-02 9.986976388592506693e-01 -4.661547899042083054e-02 -5.310431385708294094e+00 7.356382276564076284e-01 4.681653966858024402e-02 6.757548517340039584e-01 7.572807587930159912e+01
6.717879080096239575e-01 -2.125226520037175673e-02 -7.404386117052080829e-01 -4.496140389732457265e+01 -1.979369950132453190e-02 9.987163857772035636e-01 -4.662392380581577289e-02 -5.389390750724239787e+00 7.404790509413248234e-01 4.597740740288148303e-02 6.705049315751793193e-01 7.651119775200471906e+01
6.673740555997296209e-01 -2.213215684259188867e-02 -7.443937313502436703e-01 -4.582110969325466954e+01 -1.927005622440326402e-02 9.987104245544857761e-01 -4.696970139145659889e-02 -5.446804630933510083e+00 7.444733331158291945e-01 4.569086894579162811e-02 6.660869395335841103e-01 7.728003141285515198e+01
6.626952901109546268e-01 -2.276574125084640174e-02 -7.485430268940701515e-01 -4.671734767823566870e+01 -1.847543497270003054e-02 9.987366130133873421e-01 -4.673153279101478763e-02 -5.526122493122025858e+00 7.486612182774752267e-01 4.479842446843484982e-02 6.614374435748798797e-01 7.806873882649777840e+01
6.587547217994893511e-01 -2.361089750439022972e-02 -7.519871884277428142e-01 -4.760292584790060744e+01 -1.712302608858376832e-02 9.987780422992631468e-01 -4.635972631018451390e-02 -5.592055739382014501e+00 7.521628996190429239e-01 4.341598460947107552e-02 6.575454624270348214e-01 7.883186095951573691e+01
6.550201292985985413e-01 -2.607430399149279418e-02 -7.551614068119234524e-01 -4.852271136437402532e+01 -1.481461140149302642e-02 9.987691728244348921e-01 -4.733568129983994205e-02 -5.661739993148159122e+00 7.554661916137336286e-01 4.219324661618358008e-02 6.538276330929793101e-01 7.960091457491368772e+01
6.508854364938357895e-01 -3.124760962996937091e-02 -7.585326128924998468e-01 -4.945222100701231938e+01 -1.069213127119850344e-02 9.986761614957058164e-01 -5.031503550463067853e-02 -5.745635578212696437e+00 7.591006759047485009e-01 4.085965384900647202e-02 6.496896668030537336e-01 8.036992267311090643e+01
6.458070817567781452e-01 -3.523029580905551877e-02 -7.626873728289564891e-01 -5.035171341421376923e+01 -6.956031614872839816e-03 9.986218850980418393e-01 -5.201869113331339389e-02 -5.814573609818551425e+00 7.634689490530298661e-01 3.889931630837513421e-02 6.446720234041890540e-01 8.114796292131468647e+01
6.392942172066072848e-01 -3.888229096650913652e-02 -7.679785546622907022e-01 -5.125812527934301244e+01 -1.825797628717706683e-03 9.986412226551105720e-01 -5.208046530586133566e-02 -5.890004140539544686e+00 7.689600638880693673e-01 3.469691339610245923e-02 6.383545685829278282e-01 8.190763011110720981e+01
6.310593958653243352e-01 -4.254254893128880943e-02 -7.745670786794348617e-01 -5.219423015041996905e+01 3.137444527241554752e-03 9.986268712301874517e-01 -5.229271917536141429e-02 -5.975072517044748288e+00 7.757281773070148212e-01 3.056965016082041631e-02 6.303263460205362767e-01 8.266561511531791950e+01
6.221854099186011622e-01 -4.292105250469966521e-02 -7.816924508401982274e-01 -5.312510461786035165e+01 4.510464563502728473e-03 9.986759231663643321e-01 -5.124506000943060413e-02 -6.056636255597957152e+00 7.828569354151770909e-01 2.835813217531715433e-02 6.215551836076196324e-01 8.342201136650670890e+01
6.133030577741725997e-01 -4.248415467428628273e-02 -7.887042820365991469e-01 -5.409431654120388799e+01 6.864072304817479993e-03 9.988013620000502080e-01 -4.846363331475671277e-02 -6.124060959072969546e+00 7.898178612607948956e-01 2.430917084685465732e-02 6.128595448338292062e-01 8.416203173167725993e+01
6.039889757659362424e-01 -4.205779030048467648e-02 -7.958821821168264865e-01 -5.509098491991068158e+01 6.070291030402931269e-03 9.988204546058826461e-01 -4.817521152177945548e-02 -6.214501531227909936e+00 7.969695596758386014e-01 2.426605974974288191e-02 6.035318474894866281e-01 8.489537293704940168e+01
5.948149789728713888e-01 -4.313216183110699792e-02 -8.027046440648386572e-01 -5.607436460450485072e+01 4.397144881060435079e-03 9.987191111739940341e-01 -5.040636935629533993e-02 -6.284184843718701785e+00 8.038506182302558312e-01 2.645285448432037681e-02 5.942427465973186829e-01 8.561599400950946404e+01
5.846306689099334264e-01 -4.540550830281991912e-02 -8.100279679024634527e-01 -5.707680735232762714e+01 5.635278875092233561e-03 9.986358378543471748e-01 -5.191056694471298666e-02 -6.372794587710820302e+00 8.112799981137412964e-01 2.578377554246921721e-02 5.840890117141913640e-01 8.633006482778765189e+01
5.748877540001898767e-01 -4.619957878839896920e-02 -8.169269594212793528e-01 -5.805686512871264426e+01 4.295772993208338275e-03 9.985613668059932779e-01 -5.344850824674347162e-02 -6.433204110623689687e+00 8.182210138904976171e-01 2.721755966110704639e-02 5.742591654369400000e-01 8.703245082482641237e+01
5.648835585949191218e-01 -4.766039838542643348e-02 -8.237930803751611908e-01 -5.907706542015647244e+01 8.138236295758057015e-03 9.986038256043178185e-01 -5.219356827473062982e-02 -6.521064782216541289e+00 8.251305020926927858e-01 2.277906536094791157e-02 5.644827553677750354e-01 8.773136604397693361e+01
5.543554044710837791e-01 -4.741622992917100821e-02 -8.309282604974344011e-01 -6.012272466278135852e+01 9.438763893660308268e-03 9.986697727297482174e-01 -5.069117025397983783e-02 -6.600903380206512239e+00 8.322265356418144799e-01 2.025798802210256044e-02 5.540655375539867977e-01 8.841568070641274346e+01
5.444494674738105111e-01 -4.836870985811960594e-02 -8.373978937836383807e-01 -6.117516043672249282e+01 1.007966986215076688e-02 9.986412019047564703e-01 -5.112875983129720053e-02 -6.684275089797105274e+00 8.387330857758166225e-01 1.939633123416147423e-02 5.441972123709476472e-01 8.909719200937415451e+01
5.341453628088788097e-01 -4.891929880713297846e-02 -8.439760782438170406e-01 -6.222779116198124427e+01 8.661195086663801140e-03 9.985886424043328713e-01 -5.239949360905207798e-02 -6.765898888588102622e+00 8.453482872991074926e-01 2.067910455381872722e-02 5.338151934628232453e-01 8.974222009146730272e+01
5.238739132593329684e-01 -4.985838456257352808e-02 -8.503353758188082478e-01 -6.330536643320836987e+01 8.207020411033627907e-03 9.985345681726968126e-01 -5.349169047474718053e-02 -6.839694751873113709e+00 8.517562912990199742e-01 2.104418092061483003e-02 5.235154017203902388e-01 9.039973508543543801e+01
5.137847431820024013e-01 -5.006218395296517520e-02 -8.564572389271528641e-01 -6.436484906970378006e+01 5.828526903323411404e-03 9.984766552122390504e-01 -5.486708706715472117e-02 -6.933505849747660932e+00 8.578993402952687086e-01 2.319798768495432220e-02 5.132938618529694352e-01 9.103153412514721765e+01
