1.000000000000000000e+00 -3.306050084167601550e-19 -2.270457535318767223e-19 -8.673617379884035472e-19 7.546676715296109287e-19 1.000000000000000000e+00 6.237773588823049983e-19 1.387778780781445676e-17 -3.447385680526250622e-20 4.770700176052009879e-20 1.000000000000000222e+00 5.551115123125782702e-17
9.999360005027742027e-01 -2.915383043778998345e-03 1.093009439604594388e-02 1.173787104925180097e-02 2.902181627740002545e-03 9.999950183385427627e-01 1.223124760177388614e-03 -7.944951174957359807e-03 -1.093360718947332215e-02 -1.191327037750922234e-03 9.999395198702311083e-01 3.003452241214634721e-01
9.997959132325722198e-01 -5.378632249626169072e-03 1.947791959396104333e-02 2.730818827336616711e-02 5.348430627576380991e-03 9.999843847911713546e-01 1.602263883284518265e-03 -1.024092440439591800e-02 -1.948623760543859162e-02 -1.497759552894097675e-03 9.998090855783992037e-01 5.837001655188704952e-01
9.997714174503344875e-01 -7.674147761890960998e-03 1.995468907003740064e-02 3.859869343192492974e-02 7.667681211660154657e-03 9.999705270708877380e-01 4.005175141380806075e-04 -2.431129886967704767e-02 -1.995717526572124770e-02 -2.474269053477128402e-04 9.998007686440613107e-01 8.902447416645493661e-01
9.997798392250946131e-01 -9.513991873554937875e-03 1.870508777761189373e-02 3.818600363085264404e-02 9.534578373421930680e-03 9.999540501095530720e-01 -1.011727542553197056e-03 -2.898477697107039452e-02 -1.869460604599675752e-02 1.189792017478230948e-03 9.998245594568564432e-01 1.199914519633996424e+00
9.998606547441809544e-01 -1.145259476858487453e-02 1.214544683161622278e-02 4.276380773210724379e-02 1.147346918984879470e-02 9.999327712464584073e-01 -1.650689850791244853e-03 -2.542394709420649213e-02 -1.212572464560849120e-02 1.789815244377805691e-03 9.999248824581524753e-01 1.513666504587666495e+00
9.999225527446189421e-01 -1.244429283073355229e-02 -2.423352917841615735e-04 3.334517259911636000e-02 1.244343249179534656e-02 9.999172315582873782e-01 -3.277450063932630785e-03 -3.830829359043576299e-02 2.830812702760416417e-04 3.274181499184625633e-03 9.999945743892632022e-01 1.842022915908607672e+00
9.998197315952501718e-01 -1.111602605762245996e-02 -1.539413713930359515e-02 1.248971008375632935e-02 1.105714765778996467e-02 9.999312572749271544e-01 -3.906506247648096168e-03 -4.298417718174872559e-02 1.543647461617529693e-02 3.735630766993352711e-03 9.998738594956068093e-01 2.172482378365435896e+00
9.993315786183403215e-01 -7.420794751266131424e-03 -3.578460416983528236e-02 -2.570572622475321076e-02 7.289916044027720289e-03 9.999662916018347003e-01 -3.787047393520343464e-03 -4.722880836904537472e-02 3.581148672958153756e-02 3.523572394866563914e-03 9.993519653663731628e-01 2.511666702295050513e+00
9.985124421999056477e-01 -3.408298787096640612e-03 -5.442552593911275521e-02 -6.909025435016363792e-02 3.134849281626277302e-03 9.999820547369335788e-01 -5.108879239173153702e-03 -5.531759800439003949e-02 5.444196566457130265e-02 4.930683239717099410e-03 9.985051840591023797e-01 2.867788593186174850e+00
9.972283834458539609e-01 -2.088576722401868768e-03 -7.438206732472078808e-02 -1.135686130123718246e-01 1.713362194799798212e-03 9.999854554873255363e-01 -5.107903414472027455e-03 -5.689908356752028384e-02 7.439166853291508119e-02 4.966294840425241122e-03 9.972175375240353024e-01 3.232008275893923255e+00
9.954085601753424051e-01 -2.866344517794722734e-03 -9.568289031101685771e-02 -1.664960144149452703e-01 2.457783270660837769e-03 9.999873714967006944e-01 -4.387083557498812694e-03 -5.946278697054477314e-02 9.569426633112569636e-02 4.131811738832018993e-03 9.954030185232696226e-01 3.607568995513769750e+00
9.933771539231900372e-01 -4.902713310618292755e-03 -1.147900877878407777e-01 -2.254917674310620290e-01 4.516876813051250855e-03 9.999832506181991487e-01 -3.622413267417252947e-03 -7.208637049365958227e-02 1.148059291051417019e-01 3.079882974492467555e-03 9.933826879955374167e-01 4.002122215372059699e+00
9.911731082176651331e-01 -2.176455752528290433e-03 -1.325201296403346329e-01 -3.006902788923742076e-01 1.851780214794521281e-03 9.999949823778641056e-01 -2.572756943942663879e-03 -7.461697302142970833e-02 1.325250658030228679e-01 2.304676983393934720e-03 9.911721260411288092e-01 4.397513390071509320e+00
9.889488996959407974e-01 -2.026337241906400743e-03 -1.482404494589733002e-01 -3.796152432737780469e-01 1.741325049141367789e-03 9.999963546552249616e-01 -2.051921917339620885e-03 -8.044880331057036038e-02 1.482440835982854477e-01 1.771152253546902020e-03 9.889488134131166897e-01 4.811069216024280060e+00
9.868038626153694537e-01 -1.804121251762161142e-03 -1.619492935101177478e-01 -4.664337828266476027e-01 1.508471091240716749e-03 9.999969568625062255e-01 -1.948592576046938524e-03 -8.810511873665480276e-02 1.619523365531665149e-01 1.678634275625650154e-03 9.868035616065666815e-01 5.231483105422647384e+00
9.848604655339248115e-01 -2.486161872159473735e-03 -1.733435381063500036e-01 -5.530509928358758875e-01 2.060420478775045090e-03 9.999943868882962272e-01 -2.636011705772514820e-03 -9.382704970304348024e-02 1.733491326967444290e-01 2.238882759962483333e-03 9.848600871720479821e-01 5.671790353209987146e+00
9.829509516821395287e-01 -5.466862771411465372e-03 -1.837947212299641808e-01 -6.384808997901318950e-01 4.673640041617615343e-03 9.999778232563273361e-01 -4.748803439320233195e-03 -1.055654046477578489e-01 1.838166271479553526e-01 3.808778371867618806e-03 9.829546588803504958e-01 6.119470296089805750e+00
9.815914686793102417e-01 -3.704103209132488493e-03 -1.909575991674552220e-01 -7.385825323471196802e-01 2.525723705874123592e-03 9.999762353313661478e-01 -6.413998114022211559e-03 -1.152943628326685011e-01 1.909768166283717095e-01 5.813847183646522927e-03 9.815774924271597479e-01 6.579532341201554502e+00
9.799085796657798220e-01 -4.716607444115693271e-03 -1.993709237044401505e-01 -8.487685467182140009e-01 3.101776782854791074e-03 9.999597999843486962e-01 -8.409857184707141692e-03 -1.140409952249534509e-01 1.994026031918902930e-01 7.622449069033650215e-03 9.798838223838682859e-01 7.055526133355725982e+00
9.784850800709384844e-01 -5.177683575297819564e-03 -2.062477182322667024e-01 -9.589966638173405000e-01 3.070566394236597628e-03 9.999397630703514839e-01 -1.053561745645592400e-02 -1.242431069709150071e-01 2.062898693364897396e-01 9.675567250894100135e-03 9.784420768530646129e-01 7.540939219153851347e+00
9.767170816366596009e-01 -8.507193390058728072e-03 -2.143577656609322035e-01 -1.069630071052058984e+00 5.958081214227924083e-03 9.999037003728373785e-01 -1.253800496545362173e-02 -1.341258989416106717e-01 2.144437807585366507e-01 1.096880223464439218e-02 9.766736143909549028e-01 8.041454748936979868e+00
9.747036375656484841e-01 -1.418323349324872480e-02 -2.230309439580810127e-01 -1.184398528107022841e+00 1.146088534484261505e-02 9.998432925328190057e-01 -1.349704937482300131e-02 -1.527888118321666377e-01 2.231873945955554495e-01 1.059958721531904097e-02 9.747133047342965151e-01 8.562717366202988956e+00
9.731483662821696079e-01 -1.493489459940408777e-02 -2.296926842985868022e-01 -1.316974396212029053e+00 1.169824908947553720e-02 9.998122605916136552e-01 -1.544576496041398343e-02 -1.763176832213325662e-01 2.298802476946438800e-01 1.234383002134177218e-02 9.731403829719504905e-01 9.088096718152881337e+00
9.712268828423779032e-01 -1.105805515656107900e-02 -2.379040365288402348e-01 -1.468237520579765309e+00 6.460070341229757172e-03 9.997771286047046901e-01 -2.010029282872428935e-02 -1.785645015235558519e-01 2.380732737787709663e-01 1.798503542136131034e-02 9.710817911080016351e-01 9.618599483721709476e+00
9.694425220145724831e-01 -9.360966560468050521e-03 -2.451333119065048916e-01 -1.619455381017629314e+00 3.693895064645616108e-03 9.997154378199317737e-01 -2.356516914980381211e-02 -1.929361027269075324e-01 2.452841355941347556e-01 2.193963736045759227e-02 9.692012411199333322e-01 1.016152533421783488e+01
9.667581897627695042e-01 -1.143400654069602271e-02 -2.554386843091443482e-01 -1.781084437483639871e+00 5.248257638202092831e-03 9.996765598194893299e-01 -2.488365729757221687e-02 -2.105362841062866086e-01 2.556406208346251874e-01 2.271610875929150689e-02 9.665054950924242272e-01 1.072467056426729393e+01
9.643986104803012882e-01 -1.352451793463255343e-02 -2.640879876594477427e-01 -1.938958629560887825e+00 6.637720793960893290e-03 9.996147509162174316e-01 -2.695267321668087801e-02 -2.381177370981672481e-01 2.643506945973025934e-01 2.424031811543638643e-02 9.641167884447902070e-01 1.129694163525776496e+01
9.625187557095167268e-01 -1.348165010440796445e-02 -2.708434099921361859e-01 -2.116273426159416715e+00 5.548693338879524643e-03 9.995335841696992851e-01 -3.003155118435235638e-02 -2.590159931677585847e-01 2.711219608828794314e-01 2.740301684969788376e-02 9.621445590580094409e-01 1.188289879970573715e+01
9.600447650544498002e-01 -1.300264292261374063e-02 -2.796452746177332527e-01 -2.304250867318475837e+00 3.802155498536197772e-03 9.994338173635726186e-01 -3.343085063041418420e-02 -2.792294143864695322e-01 2.799216374518371242e-01 3.103279383429341509e-02 9.595505938171767779e-01 1.247124238531628926e+01
9.582197537542744836e-01 -1.376957254575388208e-02 -2.857248530863368829e-01 -2.496500304590707042e+00 2.854716989101967195e-03 9.992512186890998294e-01 -3.859390785945417818e-02 -3.086063896485960467e-01 2.860422439835239028e-01 3.616623056767920286e-02 9.575414467804115315e-01 1.307031207422363117e+01
9.563156149734626243e-01 -1.462220395764525852e-02 -2.919148148808085597e-01 -2.692790998612805353e+00 1.271403155294039506e-03 9.989469211726650366e-01 -4.585904862209522898e-02 -3.472903494287603587e-01 2.922778383742906660e-01 4.348528755089309250e-02 9.553268608074553248e-01 1.368174032504706261e+01
9.549619740079715591e-01 -1.480478452285619896e-02 -2.964232102757440313e-01 -2.897123593167807876e+00 -1.205516734207176402e-03 9.985526414453781419e-01 -5.376359597169786536e-02 -3.809878202546104764e-01 2.967904348519655455e-01 5.169850776215442062e-02 9.535619817603956383e-01 1.430999577830024982e+01
9.537632785096927801e-01 -1.592753532089737425e-02 -3.002251615744058189e-01 -3.107376197904838211e+00 -3.013215042350459155e-03 9.980379852632911275e-01 -6.254691546039004013e-02 -4.256293986229101045e-01 3.006327215604085445e-01 6.055815912382602612e-02 9.518440728549766305e-01 1.494958363543642399e+01
9.524517402185500581e-01 -1.491598770703359174e-02 -3.043611984998075282e-01 -3.327221296837719056e+00 -7.061054606044760151e-03 9.974522063478959977e-01 -7.099137504319594227e-02 -4.680573962295987989e-01 3.046446031442915925e-01 6.976532638033465517e-02 9.499197190524507617e-01 1.559474002685828431e+01
9.517610309974164906e-01 -1.431638616211490175e-02 -3.065541710624754557e-01 -3.552545972124741880e+00 -1.038540470828103884e-02 9.968355938737011313e-01 -7.880989366022171649e-02 -5.234589149035994149e-01 3.067125223582188864e-01 7.819169894343390437e-02 9.486005620757514967e-01 1.624750370652206755e+01
9.497992427932785420e-01 -1.238543017907753861e-02 -3.126715022926169207e-01 -3.789304496093310881e+00 -1.487889707756115225e-02 9.962973570504836118e-01 -8.465706903833723762e-02 -5.842240346675028340e-01 3.125630443230570932e-01 8.505666891245443340e-02 9.460982076856875311e-01 1.691863905041158134e+01
9.481444223058744791e-01 -1.180535029962561863e-02 -3.176479604795818257e-01 -4.030868074246141575e+00 -1.800426919497132711e-02 9.957104928132908261e-01 -9.075262237024328549e-02 -6.541003254916883947e-01 3.173570662178856749e-01 9.176465137526557125e-02 9.438647756805482736e-01 1.759576123195072839e+01
9.469724810390478531e-01 -9.356255269144997042e-03 -3.211946787531666514e-01 -4.286829055024337976e+00 -2.270364818758451378e-02 9.951291858460155071e-01 -9.590564363600048714e-02 -7.221252078736424274e-01 3.205279105199311807e-01 9.811059677776100274e-02 9.421475434726028775e-01 1.827947347933863753e+01
9.452508580727750909e-01 -6.089592103286229838e-03 -3.262612732243387326e-01 -4.545689910282465718e+00 -2.777647968558695155e-02 9.946963844391606413e-01 -9.903969085069827538e-02 -8.021226094960660635e-01 3.251331718086861722e-01 1.026833017196931569e-01 9.400685479505586084e-01 1.897860249800146448e+01
9.434892894752930914e-01 -6.037231938486735915e-03 -3.314138255557709245e-01 -4.812471267761442739e+00 -2.906120068412016560e-02 9.944750067357785994e-01 -1.008731992370851677e-01 -8.761312281339251884e-01 3.301916890503628910e-01 1.048041291074208320e-01 9.381012560235780784e-01 1.968286179266929281e+01
9.411620142752060714e-01 -5.377285907262699741e-03 -3.379039863424052048e-01 -5.086255936142419110e+00 -3.022745585502460697e-02 9.945267081499733486e-01 -1.000415460859746253e-01 -9.603043596353786349e-01 3.365930352918993784e-01 1.043686462080490041e-01 9.358479496901469519e-01 2.040861145555229683e+01
9.387909721393639106e-01 -4.645152153155049021e-03 -3.444013459897263263e-01 -5.367130677310216313e+00 -3.108343291225445712e-02 9.946879590476351840e-01 -9.813200345404927971e-02 -1.044807858998797023e+00 3.430271350577872580e-01 1.028337336820559084e-01 9.336598122135748579e-01 2.113806892402433846e+01
9.364147453004770805e-01 -3.468566420468602394e-03 -3.508101494780958562e-01 -5.657568439372642644e+00 -3.209848815895333801e-02 9.949117347185305604e-01 -9.549215890623385938e-02 -1.126550227087565137e+00 3.493556662363885290e-01 1.006841509755775910e-01 9.315389083743946808e-01 2.186835616323913811e+01
9.339304786845882278e-01 -4.293920408484651167e-03 -3.575175762635392496e-01 -5.944726426676336217e+00 -3.101400278843807409e-02 9.951836524775374837e-01 -9.299424795592366177e-02 -1.208874830749661733e+00 3.561954570083943894e-01 9.793552471131260206e-02 9.292991478944236938e-01 2.260344811757373407e+01
9.295539401450806372e-01 -2.159557345218307382e-03 -3.687498173545672442e-01 -6.264489295688951742e+00 -3.230242805667607464e-02 9.956602519412911523e-01 -8.726737583701815737e-02 -1.287795698945105372e+00 3.673384448921331868e-01 9.302796632861839998e-02 9.254501255215081823e-01 2.337627468013738863e+01
9.266271343803371696e-01 5.910905337979161954e-04 -3.759194581513926603e-01 -6.581449284006160028e+00 -3.370029703085154066e-02 9.961041765778667623e-01 -8.150188160608159982e-02 -1.366776388439867596e+00 3.744064959573045748e-01 8.819366246454340974e-02 9.230371407324700073e-01 2.412100378848364102e+01
9.233709226473231224e-01 4.056548913269536483e-03 -3.839534864920573498e-01 -6.915937428437752388e+00 -3.671091290186409561e-02 9.962948972331638897e-01 -7.778135053065575455e-02 -1.437159940000463099e+00 3.822158316240057419e-01 8.591409193512132558e-02 9.200985963373170540e-01 2.488274471862794712e+01
9.203742949621763758e-01 4.720911581826565603e-03 -3.910019900693588180e-01 -7.255946626246077003e+00 -3.744736097437492001e-02 9.963955907398095446e-01 -7.610788263800806475e-02 -1.511251465358129265e+00 3.892334840265693763e-01 8.468888082581058074e-02 9.172335627843425376e-01 2.564797170449062946e+01
9.158062584844414156e-01 5.983964257427223238e-03 -4.015650698598774437e-01 -7.607268268511007570e+00 -3.934531476194733784e-02 9.964159223976526425e-01 -7.488271519941509802e-02 -1.588777656737001553e+00 3.996776324318061513e-01 8.437936609272359001e-02 9.127594489663864996e-01 2.642186020527392643e+01
9.126654771822387824e-01 6.624018179989070269e-03 -4.086006477062636977e-01 -7.965306936861478171e+00 -4.014266341827221751e-02 9.964868885444941871e-01 -7.349241340575284054e-02 -1.656175297075291875e+00 4.066781638269453825e-01 8.347826420756281063e-02 9.097250928456551700e-01 2.719756314122461305e+01
9.084812498817091964e-01 7.201753929204639422e-03 -4.178652073974754022e-01 -8.344983621072346480e+00 -4.091924445638125268e-02 9.965803720056308768e-01 -7.177036884947747553e-02 -1.722617684560975304e+00 4.159195034954222270e-01 8.229782753975548037e-02 9.056690142325026782e-01 2.798179304915864307e+01
9.051506063958425496e-01 8.738806121825325873e-03 -4.250280205390259969e-01 -8.727486460534597867e+00 -4.172139733729143124e-02 9.967879096764861169e-01 -6.836662804364072865e-02 -1.793900490369279899e+00 4.230661169333747584e-01 7.961105999308981662e-02 9.026074825009748892e-01 2.877669111068907171e+01
9.016045104155042678e-01 8.179727264744657972e-03 -4.324579737986712913e-01 -9.122313839309168060e+00 -3.983105374694693307e-02 9.971432348116322508e-01 -6.417912913254318619e-02 -1.863362627349483436e+00 4.306977396750394926e-01 7.509029456770245636e-02 8.993546932227234336e-01 2.957553103744003309e+01
8.972376222527036482e-01 9.405297421637287547e-03 -4.415366325246024570e-01 -9.533992934513220163e+00 -3.958890468821342490e-02 9.974600864963025781e-01 -5.921795242622329009e-02 -1.923487609676219678e+00 4.398587217741313782e-01 7.060831143434694035e-02 8.953309825428031887e-01 3.038587105245955300e+01
8.948905898676876580e-01 9.114740085532485256e-03 -4.462110190884330807e-01 -9.946673098627099918e+00 -3.755825739125576157e-02 9.977829408725111815e-01 -5.494390675249965356e-02 -1.991942057742234207e+00 4.447215229168914319e-01 6.592255104984669212e-02 8.932485197358757123e-01 3.118895428250010227e+01
8.903774378526136957e-01 9.419429261686510998e-03 -4.551353569722745296e-01 -1.037877128843382479e+01 -3.744692166918787285e-02 9.979129197468301626e-01 -5.260128683236577063e-02 -2.051903136239901837e+00 4.536900564310247796e-01 6.387713242100341582e-02 8.888721346757944008e-01 3.201287340007279880e+01
8.874140658613574040e-01 8.892313889814901229e-03 -4.609384841542729094e-01 -1.081683199579700982e+01 -3.636336619393878977e-02 9.980486114064028857e-01 -5.076150192565157676e-02 -2.109338671367245954e+00 4.595877702514499230e-01 6.180631754678821838e-02 8.860059621060193402e-01 3.284546377780786486e+01
8.845851428018226548e-01 8.186982536327413670e-03 -4.662919142472854994e-01 -1.126373522715044295e+01 -3.528477912151530699e-02 9.981550018787820333e-01 -4.941075059393144203e-02 -2.159090502660294231e+00 4.650272164657501262e-01 6.016064738906781034e-02 8.832420659555346720e-01 3.368364479917313048e+01
8.817751551996240167e-01 8.004811493618212842e-03 -4.716343525701300332e-01 -1.172947266437482305e+01 -3.441593590216900089e-02 9.982828133586962860e-01 -4.739930493674374828e-02 -2.215504903671597248e+00 4.704454105092015781e-01 5.802244598613590099e-02 8.805363398179922862e-01 3.453369248506090372e+01
8.795886481259496126e-01 7.223062140533582746e-03 -4.757358320397360729e-01 -1.220277208145442671e+01 -3.357686830627481384e-02 9.983336607745582070e-01 -4.693610213286366489e-02 -2.271314552838466838e+00 4.746042062045323640e-01 5.725772389308302068e-02 8.783658023093618983e-01 3.538937745804542345e+01
8.776131097364804345e-01 6.664601755043107929e-03 -4.792596531848468677e-01 -1.268687312087320862e+01 -3.328647388203173629e-02 9.983370410895533453e-01 -4.707059195050661976e-02 -2.327925376857039375e+00 4.781491552954488800e-01 5.726360448904567468e-02 8.763756224131022954e-01 3.625650475603836043e+01
8.762974568111367990e-01 5.386974582015317987e-03 -4.818035591661458672e-01 -1.318073317285363011e+01 -3.246843618882554877e-02 9.983244331424488971e-01 -4.790987432398573220e-02 -2.387038928469023880e+00 4.807386026695632530e-01 5.762438344566141180e-02 8.750041505050936141e-01 3.712846559661775103e+01
8.768452585748938155e-01 5.573114101889699475e-03 -4.807439960190262873e-01 -1.367768491713137635e+01 -3.233404074059473970e-02 9.983523188045516639e-01 -4.739992634176067726e-02 -2.444184365022324279e+00 4.796880190623393769e-01 5.710490911372503170e-02 8.755808592813213442e-01 3.801711041144501024e+01
8.758479143131581157e-01 7.658920704100963782e-03 -4.825762083183994799e-01 -1.418801987050054336e+01 -3.384941676623053758e-02 9.983862563739205331e-01 -4.559029425696761728e-02 -2.495499948698748138e+00 4.814483952792555921e-01 5.626346113117103309e-02 8.746940185905706100e-01 3.891588829513489856e+01
8.751709975421577692e-01 5.336915775387350916e-03 -4.836933080675371865e-01 -1.470430244380743190e+01 -3.077355517540714819e-02 9.985284762118677993e-01 -4.465377110878610695e-02 -2.559814290708932738e+00 4.827433515300080247e-01 5.396485585745722235e-02 8.740472918595304508e-01 3.982821596623011828e+01
8.753819380342588996e-01 3.304930870685297492e-03 -4.835132866702455123e-01 -1.522201379886758588e+01 -2.882220387449995619e-02 9.985545671568888393e-01 -4.537160217292204173e-02 -2.615078249530777832e+00 4.826645476632435705e-01 5.365275188179035454e-02 8.742119957281946352e-01 4.074748253841080725e+01
8.738068877741367313e-01 2.405065468633606814e-03 -4.863285397308643176e-01 -1.574604583836541138e+01 -2.796379208781537076e-02 9.985814042329544948e-01 -4.531680293144643712e-02 -2.670248053355963602e+00 4.855299265503090766e-01 5.319576700112558371e-02 8.726348393634535405e-01 4.167848912051592691e+01
8.733438224431594454e-01 1.117669529881837364e-03 -4.871978951025091598e-01 -1.627145418131554777e+01 -2.582222361014328144e-02 9.986974517156925746e-01 -4.400432676207555877e-02 -2.731194639945995650e+00 4.865143282127606383e-01 5.100908316728782615e-02 8.722353090358809791e-01 4.260970914276851573e+01
8.702128087315529337e-01 1.767793994900310282e-03 -4.926217098083241486e-01 -1.681543377804481665e+01 -2.460584666830569617e-02 9.989015479535605646e-01 -3.988731243590976777e-02 -2.786088556057678023e+00 4.920099186915528056e-01 4.683567080470705385e-02 8.693007653470523621e-01 4.354447622072513724e+01
8.673653064475430607e-01 2.120982113037521606e-03 -4.978141654255047732e-01 -1.735318760640806346e+01 -2.278924186634940022e-02 9.991111957044176428e-01 -3.545605246714991082e-02 -2.850137916680327343e+00 4.972965388258341890e-01 4.209512590883091737e-02 8.666428067965565862e-01 4.446947863410880331e+01
8.642258575777429508e-01 9.891632464614468889e-04 -5.029443148676009390e-01 -1.789567538091506549e+01 -2.097686905712312089e-02 9.991993191097009452e-01 -3.406592393768317212e-02 -2.900175586783606096e+00 5.025077716214458867e-01 3.999312713044110568e-02 8.635547346399184976e-01 4.539706092513660707e+01
8.587136246899589320e-01 -2.200055666535572201e-03 -5.123515344134914606e-01 -1.845845961570042348e+01 -1.897901103757354199e-02 9.991682104353758476e-01 -3.609543945069614707e-02 -2.956773227780079338e+00 5.120046151501972398e-01 4.072349247917492893e-02 8.579577892795727800e-01 4.631554072616303586e+01
8.540022032156063814e-01 -4.837027649324230488e-03 -5.203273772559565691e-01 -1.901840691372395042e+01 -1.815357247218269549e-02 9.990707991506149188e-01 -3.908264323257236439e-02 -3.015160120873366267e+00 5.200332428401678309e-01 4.282014096667170755e-02 8.531209215839744564e-01 4.723057819465593354e+01
8.476010237662762181e-01 -4.164338598545237746e-03 -5.305482603733139291e-01 -1.960210434126102896e+01 -1.927307899693423213e-02 9.990678214073340779e-01 -3.862608836838211240e-02 -3.063273103837757194e+00 5.302145011501092631e-01 4.296663061155379243e-02 8.467308225662579790e-01 4.814070752342909998e+01
8.420415012949435951e-01 -1.716193281040983426e-03 -5.394653546115486531e-01 -2.019770335883855594e+01 -1.941636478222169560e-02 9.992504662099758184e-01 -3.348236505446323952e-02 -3.112977193626520922e+00 5.391185850793315248e-01 3.866712635427314859e-02 8.413771952453248382e-01 4.904763305084750868e+01
8.381834602820584790e-01 1.807008321271882283e-03 -5.454945257968408789e-01 -2.080338629100835846e+01 -2.064047684635962610e-02 9.993831633859295849e-01 -2.841089584803456122e-02 -3.166754406332227934e+00 5.451069656708664724e-01 3.506988919666914617e-02 8.377038145262870605e-01 4.995193658038260054e+01
8.335514642654201500e-01 1.912953491763074929e-03 -5.524103079895174018e-01 -2.140474713167929721e+01 -2.232352887752934653e-02 9.992938652053817705e-01 -3.023069628325503189e-02 -3.213007897865861828e+00 5.519625455020047422e-01 3.753327380112707334e-02 8.330056675003287836e-01 5.083835272262150085e+01
8.299943853038027619e-01 2.730788892400569184e-04 -5.578446333591270401e-01 -2.201541838736167378e+01 -2.353128846657081760e-02 9.991266373226611597e-01 -3.453218767030453995e-02 -3.264541916669640109e+00 5.573481909486124319e-01 4.178844429373031882e-02 8.292759366783459818e-01 5.172663480963103666e+01
8.275325131638719967e-01 -1.636218254536898550e-03 -5.614776401814248752e-01 -2.262639963377450769e+01 -2.590889217621587803e-02 9.988188626850267315e-01 -4.109125455369653374e-02 -3.324224748021084253e+00 5.608819917093219587e-01 4.854924353468701576e-02 8.265129015139249802e-01 5.260608771070002376e+01
8.237741761934525009e-01 -1.268887631694168554e-03 -5.669399096080558476e-01 -2.325234291378852092e+01 -2.732326347788477383e-02 9.987465862375698444e-01 -4.193206664216497792e-02 -3.379793258430063840e+00 5.662829326631743099e-01 5.002794224724810973e-02 8.227069678431784272e-01 5.348626571268396646e+01
8.208784363357616298e-01 -1.179351091912539813e-04 -5.711996158371231980e-01 -2.386833771301757068e+01 -2.659413953976948533e-02 9.989072872484858756e-01 -3.842895908810934485e-02 -3.443695488145047001e+00 5.705801670572110407e-01 4.673243710156396030e-02 8.199782873219721990e-01 5.434296392040623402e+01
8.182595162723331761e-01 2.114958494990315345e-03 -5.748170939327952311e-01 -2.450447369073092219e+01 -2.558883397611054142e-02 9.991359400066839314e-01 -3.273998133258458620e-02 -3.489128079179615316e+00 5.742509549924956769e-01 4.150182263434545882e-02 8.176067991607413044e-01 5.523877680830359083e+01
8.144266617106207251e-01 3.213733515848926376e-03 -5.802704380604580825e-01 -2.514359267095298733e+01 -2.524892757943835234e-02 9.992337979645289359e-01 -2.991350482243194595e-02 -3.549091191143536772e+00 5.797297884610330687e-01 3.901586525664529209e-02 8.138837645870885540e-01 5.612009570357472654e+01
8.124745217572301170e-01 3.941051414012984588e-03 -5.831261046013427318e-01 -2.578137104984574179e+01 -2.656202871349680819e-02 9.991889929210834298e-01 -3.025305249896192983e-02 -3.596883719391655632e+00 5.825340495431464705e-01 4.006366490767763328e-02 8.119203385664681694e-01 5.699208142510423158e+01
8.082652259635174641e-01 3.518346831763902432e-03 -5.888046854279974651e-01 -2.643038430997854604e+01 -2.700000761252663653e-02 9.991518051316805593e-01 -3.109309760022578931e-02 -3.638033100584081581e+00 5.881959589214819095e-01 4.102773506460660746e-02 8.076745907805651381e-01 5.786187267634883113e+01
8.044650388193937962e-01 1.894231209101808477e-03 -5.940547651739797042e-01 -2.708253523038813526e+01 -2.725521575391021828e-02 9.990594361004447865e-01 -3.372218452559892776e-02 -3.687067441343535812e+00 5.934323607132800937e-01 4.331658248620708779e-02 8.037600113739543639e-01 5.871081998533900048e+01
8.009580115980141635e-01 -1.940049961956826890e-05 -5.987414009338362098e-01 -2.773749477530786578e+01 -2.574118885971746901e-02 9.990742274381316790e-01 -3.447004676951371388e-02 -3.736666619973091574e+00 5.981879780464149921e-01 4.301859114672589718e-02 8.002159189419123519e-01 5.958043798392150592e+01
7.960235851221395542e-01 -2.353509652373890417e-04 -6.052139817321349202e-01 -2.841332083711855105e+01 -2.432137387452536562e-02 9.991798543440923996e-01 -3.237368779924242740e-02 -3.786578598128914397e+00 6.047255112921339215e-01 4.048559431183978985e-02 7.953650434095922428e-01 6.044453502923640542e+01
7.919537678499060096e-01 -6.069933707563938009e-04 -6.105786905653317609e-01 -2.908940943614512165e+01 -2.397328341871804089e-02 9.991974761836889263e-01 -3.208981735824723014e-02 -3.839290265645797007e+00 6.101080258027199443e-01 4.005341002964940555e-02 7.913037949907582025e-01 6.130756424107632796e+01
7.867311198099987690e-01 -1.382894202571973048e-03 -6.173319487142120421e-01 -2.977529808644697695e+01 -2.406896399488643590e-02 9.991683105638214935e-01 -3.291304693570384216e-02 -3.896064381365069273e+00 6.168639378314565436e-01 4.075011910340492483e-02 7.860435546840109922e-01 6.216682317107615319e+01
7.807962711743096085e-01 -2.003938154064664485e-03 -6.247440971890404482e-01 -3.047343099500926655e+01 -2.384212266814069933e-02 9.991708573334142640e-01 -3.300190949669633972e-02 -3.946851791808809296e+00 6.242921694516552211e-01 4.066534700625053234e-02 7.801011807993747382e-01 6.302190864300258255e+01
7.769083869882991156e-01 -3.521499925169579385e-03 -6.295820383684793686e-01 -3.117194844850524049e+01 -2.314183883601642761e-02 9.991488293927381914e-01 -3.414786902402580648e-02 -3.995496395727387906e+00 6.291663250111529937e-01 4.110233326595151560e-02 7.761658103714348389e-01 6.387086838601567251e+01
7.701832817893766725e-01 -4.577594009137086854e-03 -6.379653857879954426e-01 -3.188900755195469827e+01 -2.273961939539622182e-02 9.991414470263512149e-01 -3.462614186229059227e-02 -4.049628342768885503e+00 6.375763732362036418e-01 4.116847752202063004e-02 7.694179326604076996e-01 6.471734429491334595e+01
7.651980936297025915e-01 -7.017571530567043650e-03 -6.438366638003751863e-01 -3.260717895091249119e+01 -2.148263989607174587e-02 9.991053698952785389e-01 -3.643022348045732439e-02 -4.107009669747990088e+00 6.435165324448606228e-01 4.170353280723845119e-02 7.643627943332955699e-01 6.556682796933256441e+01
7.579655743964217596e-01 -7.295953103040784225e-03 -6.521936218484180037e-01 -3.334527302218047140e+01 -2.086918676323294003e-02 9.991542314876060704e-01 -3.544337676232137135e-02 -4.158275198147507012e+00 6.519005430644736476e-01 4.047850156333844540e-02 7.571723746541498823e-01 6.641230494614866586e+01
7.521711951827937392e-01 -7.939967116010733170e-03 -6.589359744994882639e-01 -3.409027845000929346e+01 -1.967440088221376546e-02 9.992110327722562024e-01 -3.448689183464465763e-02 -4.210264456625245622e+00 6.586902050380687434e-01 3.889952954014117698e-02 7.514214553258952156e-01 6.724624749929020595e+01
7.468297553417740930e-01 -8.753787954090869530e-03 -6.649932654617775052e-01 -3.483949509053046256e+01 -1.770044822024906261e-02 9.992973819806195701e-01 -3.303381204918461045e-02 -4.265017247435908487e+00 6.648152179842272691e-01 3.644115961958369759e-02 7.461501272726384082e-01 6.808660307540715451e+01
7.401914583815870641e-01 -1.092161284328954131e-02 -6.723229527130500927e-01 -3.560751575890300558e+01 -1.665666454911430769e-02 9.992634367185966315e-01 -3.456560278643464046e-02 -4.319556617110162478e+00 6.722053438017933091e-01 3.677952813108821550e-02 7.394643725542355828e-01 6.891129027193392176e+01
7.336417180698091567e-01 -1.237230393625686486e-02 -6.794297115185121694e-01 -3.638724442199603715e+01 -1.626509472876081636e-02 9.992280358642492422e-01 -3.576518026892366170e-02 -4.374706219450112954e+00 6.793479500175066965e-01 3.728594383641448129e-02 7.328741454113395504e-01 6.972964607845318596e+01
7.288121718310163200e-01 -1.114817748803959008e-02 -6.847895659609289920e-01 -3.717547864413491254e+01 -1.804726197478679489e-02 9.992072392089689226e-01 -3.547277755246396741e-02 -4.428875085274423640e+00 6.846425584256290442e-01 3.820349930485109069e-02 7.280332499020926162e-01 7.055957998267309961e+01
7.224978260597536561e-01 -1.157494554009168980e-02 -6.913302903955717005e-01 -3.797996503940454716e+01 -1.734912857768568933e-02 9.992414424068952750e-01 -3.487344679231559746e-02 -4.482383498049382631e+00 6.912094223857639941e-01 3.719033165372020305e-02 7.217490313800005719e-01 7.138130200222433075e+01
7.184908158845740855e-01 -1.074143290129563923e-02 -6.954292159549454455e-01 -3.878487683116068752e+01 -1.839362275065676428e-02 9.992376220086754968e-01 -3.443101896356612346e-02 -4.536543873066015031e+00 6.952690723624188607e-01 3.752565086242563852e-02 7.177456002308351124e-01 7.220215741217845107e+01
7.122344990099833684e-01 -1.046018596519668505e-02 -7.017827322224725606e-01 -3.961257917491631275e+01 -1.910838836197194940e-02 9.992294870091050774e-01 -3.427613669474776498e-02 -4.593282191038550621e+00 7.016005510217192542e-01 3.782201451934763536e-02 7.114858049355017311e-01 7.301830393438795852e+01
7.073845793035475893e-01 -1.267757558992259510e-02 -7.066792316217844760e-01 -4.043409025138060287e+01 -1.981763566804579588e-02 9.990902315569699654e-01 -3.775673752851316234e-02 -4.650028159640672065e+00 7.065152406949416486e-01 4.071167991279724119e-02 7.064898311873646364e-01 7.382848293458246758e+01
7.034365546637085798e-01 -1.475527186905731432e-02 -7.106010152447319594e-01 -4.126332957793848522e+01 -1.971014201737651336e-02 9.989949697208716506e-01 -4.024564482327232934e-02 -4.708192362100052542e+00 7.104806268025084526e-01 4.231890802535972357e-02 7.024388069028040249e-01 7.463738765354094085e+01
6.970231692556579928e-01 -1.523161669212165677e-02 -7.168495727297864439e-01 -4.211111385492568360e+01 -2.003867397920773563e-02 9.989700369069450803e-01 -4.070717080587842734e-02 -4.772476243712175936e+00 7.167314640750378496e-01 4.273761283051531745e-02 6.960000780628610162e-01 7.544314401839582729e+01
6.932269308727597723e-01 -1.529037004431189374e-02 -7.205493125000450583e-01 -4.296602055953396615e+01 -1.903321172978258979e-02 9.990377985240965764e-01 -3.951316191408218298e-02 -4.830889878915321844e+00 7.204603407752460109e-01 4.110601188957714591e-02 6.922688547210332777e-01 7.625112653930990803e+01
6.882483559192883460e-01 -1.558046046276570680e-02 -7.253340869430587867e-01 -4.383014037308034005e+01 -1.809979347204262665e-02 9.990893573647382508e-01 -3.862454971934516090e-02 -4.895761355102485446e+00 7.252758553221894111e-01 3.970509779958115298e-02 6.873395275645151070e-01 7.705183734241295213e+01
6.828340336088981610e-01 -1.641890918570061003e-02 -7.303651437375899835e-01 -4.469778351559742902e+01 -1.727617248232666061e-02 9.991049152939147637e-01 -3.861660877129849401e-02 -4.958581823989032245e+00 7.303456010432204382e-01 3.898759766874675819e-02 6.819391820099679480e-01 7.785220694869444458e+01
6.789345138098279442e-01 -1.773740919644131372e-02 -7.339152762307080691e-01 -4.557017254953417051e+01 -1.635039562922363521e-02 9.990948711593518050e-01 -3.926350015982538882e-02 -5.016351958074737105e+00 7.339474660940287221e-01 3.865650581751111509e-02 6.780299278512550432e-01 7.865629428236327669e+01
6.738436514913245245e-01 -1.756576318065713668e-02 -7.385259717046304129e-01 -4.646173489163226833e+01 -1.572671285198018118e-02 9.991498921409314171e-01 -3.811282100200241718e-02 -5.075866076159605278e+00 7.385674820673185925e-01 3.730214969912504230e-02 6.729945511744152009e-01 7.945011906577225602e+01
6.700786562946503544e-01 -1.933961681987449860e-02 -7.420113335098148521e-01 -4.735585670917986079e+01 -1.373885388224439438e-02 9.991661975870117507e-01 -3.843739571273045719e-02 -5.133681131723287550e+00 7.421361327677319375e-01 3.594996053554409127e-02 6.692542153322053045e-01 8.024926342427987436e+01
6.676829288761758630e-01 -2.168546111235557586e-02 -7.440196271101381376e-01 -4.825186884865140513e+01 -1.055549912552236798e-02 9.991993593455986700e-01 -3.859637022962471298e-02 -5.195787389445325921e+00 7.442606394225781408e-01 3.363039128303846326e-02 6.669194581466340033e-01 8.104534872531770873e+01
6.622359253093240694e-01 -2.625840664691333690e-02 -7.487618375591771347e-01 -4.915595041635310736e+01 -7.911476264910712042e-03 9.990849448481279316e-01 -4.203729410785814885e-02 -5.262103443738896047e+00 7.491806342201873248e-01 3.376041839515597082e-02 6.614222476518438754e-01 8.183785222149833771e+01
6.575110336175014059e-01 -3.121581603455633042e-02 -7.528203622910382142e-01 -5.007028834642576953e+01 -2.750758576180951757e-03 9.990351730951998466e-01 -4.383086370112845159e-02 -5.321704345078935638e+00 7.534624683456094818e-01 3.089018150724353456e-02 6.567908809185246666e-01 8.263654578378655913e+01
6.519561190065119582e-01 -3.462258101286047607e-02 -7.573609776369815139e-01 -5.099206702649696155e+01 2.384100437347409264e-03 9.990457694714767189e-01 -4.361560227935266931e-02 -5.392070558713404793e+00 7.581480180371129585e-01 2.663625244581418333e-02 6.514164030907676484e-01 8.341991075460441607e+01
6.426490779423735811e-01 -3.807193782408365562e-02 -7.653339650266797189e-01 -5.192739491791354567e+01 6.586823968614470212e-03 9.990019999529448080e-01 -4.417809433431143379e-02 -5.455008294563101323e+00 7.662524554683807221e-01 2.334581977494108382e-02 6.422588985870731904e-01 8.419773151164089597e+01
6.361821415402194591e-01 -3.919487835961167621e-02 -7.706007858739348793e-01 -5.286199042137693027e+01 9.929858726483100848e-03 9.990416198485054800e-01 -4.263321442404849337e-02 -5.527830632969698677e+00 7.715334669556990210e-01 1.946450237668292255e-02 6.359623519688190063e-01 8.499103042324297519e+01
6.248911156179415283e-01 -3.861584966256725177e-02 -7.798143929883283310e-01 -5.383454893634972649e+01 1.143667227516157250e-02 9.991215507793261841e-01 -4.031626092053556404e-02 -5.591152514978262822e+00 7.806861926366062132e-01 1.627581929370883890e-02 6.247838562200727086e-01 8.575761274388237609e+01
6.160013132101843647e-01 -3.814428910163814024e-02 -7.868053469975058167e-01 -5.481636877342577918e+01 1.110403157038362953e-02 9.991481063249255667e-01 -3.974438637521325590e-02 -5.657354688159251133e+00 7.876511561286898555e-01 1.574739518042346867e-02 6.159001181235816968e-01 8.651339381766540271e+01
6.082962750733857948e-01 -3.857360778341023533e-02 -7.926337804694493228e-01 -5.579316416810394941e+01 9.314480027715661345e-03 9.990965668770496189e-01 -4.147551564343533725e-02 -5.719783792175723747e+00 7.935168351986034985e-01 1.785217911405705474e-02 6.081059034910015759e-01 8.725804597149797814e+01
5.980655899698099631e-01 -4.025759583628110011e-02 -8.005017810259765776e-01 -5.679102206811587195e+01 9.393280676159306009e-03 9.990212010839006895e-01 -4.322766482610625183e-02 -5.785895477164921807e+00 8.014583282083941329e-01 1.833888423620305685e-02 5.978582463112491752e-01 8.799243079303897730e+01
5.885978830432675446e-01 -4.163017477547732020e-02 -8.073650251890739371e-01 -5.780341544868304737e+01 9.489344464707302404e-03 9.989602560601096304e-01 -4.459582831979008732e-02 -5.854031181322285171e+00 8.083818240973603686e-01 1.859201843276900301e-02 5.883808843913436171e-01 8.871992900917506120e+01
5.789789534310759711e-01 -4.292186850473915516e-02 -8.142168187296496829e-01 -5.881804401154349193e+01 1.308041988256826958e-02 9.989738062639554883e-01 -4.335731686164255583e-02 -5.927708360872055771e+00 8.152426026369017364e-01 1.445074274221285968e-02 5.789463348865726555e-01 8.944438730592754894e+01
5.670556414999330386e-01 -4.296800608858483000e-02 -8.224962466176096720e-01 -5.985621385289486796e+01 1.474980447327488460e-02 9.990081116458443544e-01 -4.201552437893072561e-02 -5.998632581708725375e+00 8.234855860336856015e-01 1.169494488771347616e-02 5.671267595113883564e-01 9.015299489092647889e+01
5.561105994553795506e-01 -4.343956769575489651e-02 -8.300042399311111652e-01 -6.089701901328831468e+01 1.534692372249532241e-02 9.989997961385252978e-01 -4.200152654228098831e-02 -6.065256328922181694e+00 8.309982020379258483e-01 1.062709062195462545e-02 5.562207096383341431e-01 9.084813709235038459e+01
5.475929997239358249e-01 -4.412550456580650177e-02 -8.357088231466912598e-01 -6.195478563902008773e+01 1.453017350166771297e-02 9.989597108215489962e-01 -4.322647218415095333e-02 -6.132573738279728737e+00 8.367465697836408145e-01 1.153445709661558329e-02 5.476641726370410357e-01 9.153244711990072346e+01
5.361919585809117317e-01 -4.494010361294730610e-02 -8.429565748639525902e-01 -6.303262833069359061e+01 1.371768251144612691e-02 9.989136006346193142e-01 -4.451872483387799700e-02 -6.204170291883935207e+00 8.440425060947998048e-01 1.229820416075017367e-02 5.362261206054835805e-01 9.219985821072883425e+01
5.277386048713703648e-01 -4.506897059871159406e-02 -8.482415179197307920e-01 -6.411194782274078818e+01 1.247661475223119272e-02 9.988947866839000822e-01 -4.530841398807834708e-02 -6.277834098052996303e+00 8.493463255639357445e-01 1.332247629396596418e-02 5.277179382481965719e-01 9.285798474647694434e+01
5.161259720233855042e-01 -4.496413988937514317e-02 -8.554583207138447554e-01 -6.520385145989500586e+01 1.145329257086515409e-02 9.988943715920095556e-01 -4.558260302189153651e-02 -6.350795944262541681e+00 8.565624975141981068e-01 1.373147578545811515e-02 5.160698563319623400e-01 9.350499781049248327e+01
