1.0 0.0 0.0 0.0 0.0 1.0 0.0 0.0 0.0 0.0 1.0 0.0
0.9999393 0.010942289 0.0012744188 0.3005371 -0.010938625 0.9999361 -0.002847163 -0.008911133 -0.0013054905 0.002833046 0.9999951 0.0063476562
0.99980843 0.019507866 0.0016460364 0.5839844 -0.01949897 0.99979615 -0.005256568 -0.022338867 -0.0017482474 0.005223465 0.9999848 0.0068359375
0.9997998 0.020003868 0.00039536084 0.8905029 -0.020000318 0.9997715 -0.007546708 -0.034301758 -0.00054622616 0.0075372886 0.99997145 0.018432617
0.9998234 0.018765023 -0.0010555557 1.2000732 -0.018774116 0.9997797 -0.009391742 -0.03503418 0.0008791446 0.009409901 0.99995536 0.020629883
0.99992394 0.012213882 -0.0017127403 1.5136719 -0.012232587 0.9998605 -0.011370878 -0.04248047 0.0015736133 0.011390961 0.99993384 0.014770508
0.9999945 -0.00017603638 -0.00329932 1.841919 0.00013500144 0.99992263 -0.012439454 -0.037963867 0.0033012547 0.01243894 0.9999172 0.025024414
0.9998749 -0.01533389 -0.0038795047 2.1723633 0.015289591 0.9998203 -0.011209494 -0.022705078 0.00405065 0.011148806 0.99992967 0.02746582
0.99935365 -0.035733957 -0.0038212363 2.5117188 0.03570397 0.9993327 -0.0076511046 0.008300781 0.004092177 0.007509738 0.99996346 0.029785156
0.99850637 -0.05437911 -0.005365478 2.868042 0.054359343 0.9985148 -0.003763624 0.045043945 0.0055621425 0.0034663454 0.99997854 0.03540039
0.99721855 -0.07433675 -0.005550974 3.232666 0.07432334 0.9972316 -0.0025835747 0.08227539 0.005727651 0.0021638344 0.9999812 0.03491211
0.99540484 -0.09564019 -0.0048776832 3.6088867 0.095623665 0.9954122 -0.003515595 0.12731934 0.005191477 0.0030329903 0.99998194 0.03564453
0.99338645 -0.11474604 -0.003970295 4.0042725 0.11472263 0.9933807 -0.0056940233 0.17895508 0.0045974553 0.0052010203 0.9999759 0.04638672
0.9911742 -0.13248788 -0.0033184476 4.4005127 0.13247778 0.9911763 -0.0031020432 0.24768066 0.0037002002 0.0026349216 0.9999897 0.04724121
0.9889511 -0.14821118 -0.0028968174 4.8149414 0.1482023 0.9889519 -0.003072731 0.32055664 0.0033201813 0.0026093978 0.99999106 0.05114746
0.98680586 -0.16192107 -0.0029003709 5.236206 0.16191258 0.9868071 -0.0029568207 0.40197754 0.0033407242 0.0024483153 0.9999914 0.056762695
0.9848633 -0.17330927 -0.00354103 5.677246 0.17329615 0.9848649 -0.0037272677 0.48388672 0.0041334284 0.0030572317 0.99998677 0.060058594
0.9829614 -0.18374671 -0.0051883366 6.1256104 0.18371032 0.9829585 -0.006787912 0.56469727 0.006347218 0.005719123 0.9999635 0.068847656
0.9815821 -0.19090438 -0.0072388975 6.5861816 0.19087085 0.9816022 -0.0050788196 0.6616211 0.008075062 0.0036036444 0.9999609 0.075805664
0.9798897 -0.1993115 -0.009106269 7.062744 0.19926104 0.97992295 -0.006155851 0.7680664 0.010150476 0.004217209 0.99993956 0.07165527
0.97844845 -0.20618212 -0.011206419 7.548706 0.20611735 0.9785035 -0.0066689383 0.875 0.012340665 0.0042154253 0.99991494 0.07885742
0.9766846 -0.21430653 -0.0125601 8.049927 0.21418914 0.9767393 -0.010062413 0.98168945 0.014424674 0.0071381256 0.99987054 0.08569336
0.9747328 -0.22301711 -0.0122593 8.572144 0.22281706 0.9747275 -0.015810868 1.092041 0.015475705 0.012680052 0.9997999 0.1015625
0.9731612 -0.22969408 -0.014048772 9.098267 0.22945786 0.97317654 -0.016614677 1.2211914 0.01748838 0.012944941 0.99976325 0.12207031
0.97109634 -0.23787516 -0.019735668 9.629272 0.23765671 0.9712661 -0.012795821 1.3690186 0.022212496 0.0077361846 0.9997234 0.1204834
0.9692127 -0.24507171 -0.023733377 10.172852 0.24486887 0.9694904 -0.011152108 1.5168457 0.025742223 0.0049965447 0.9996561 0.13134766
0.9665205 -0.25541142 -0.024579784 10.737183 0.2551495 0.9668105 -0.01331169 1.673706 0.027163621 0.0065943105 0.99960923 0.14611816
0.9641353 -0.2640998 -0.026162826 11.310547 0.26376808 0.96445686 -0.015473808 1.8272705 0.02931974 0.0080179265 0.999538 0.17053223
0.96216255 -0.27085227 -0.029367654 11.897339 0.27049875 0.96258557 -0.01548327 2.0010986 0.03246315 0.0069526723 0.9994488 0.18798828
0.9595672 -0.27963352 -0.033051185 12.486694 0.27927604 0.9601219 -0.015073627 2.1849365 0.03594616 0.0052378466 0.99934006 0.20471191
0.9575582 -0.2857184 -0.038223363 13.086548 0.28530908 0.9583109 -0.01588352 2.3737793 0.041168034 0.004307396 0.9991433 0.22998047
0.95534325 -0.2919046 -0.045581657 13.69873 0.29143527 0.95642656 -0.016775385 2.5665283 0.04849217 0.002738308 0.9988196 0.26379395
0.9535764 -0.29636627 -0.0538225 14.327515 0.29587942 0.9550944 -0.016979497 2.7679443 0.05643704 0.0002684351 0.9984058 0.2923584
0.9518579 -0.30014792 -0.062707156 14.967651 0.2996042 0.9539194 -0.018115733 2.9753418 0.06525507 -0.0015359628 0.997868 0.33154297
0.9499289 -0.30411074 -0.07193593 15.613403 0.30367982 0.9526321 -0.017119607 3.1923828 0.07373379 -0.0055790907 0.99726266 0.36865234
0.948606 -0.3061312 -0.08037314 16.266724 0.3058149 0.9519631 -0.01651904 3.4154053 0.081568144 -0.008904948 0.99662805 0.4189453
0.9460976 -0.31195447 -0.08726885 16.938965 0.31189838 0.95002156 -0.014626383 3.6485596 0.08746891 -0.01338264 0.99607563 0.47521973
0.9438606 -0.31671357 -0.09400359 17.617188 0.31683037 0.94838697 -0.0140745845 3.8867188 0.09360925 -0.016496668 0.99547213 0.54052734
0.94213635 -0.31986275 -0.10036313 18.30188 0.32035238 0.9472325 -0.011641428 4.1398926 0.09878947 -0.021189645 0.9948804 0.6043701
0.94004893 -0.32446334 -0.104956225 19.00232 0.32541534 0.94552463 -0.008409529 4.3953857 0.10196568 -0.02624868 0.9944422 0.68078613
0.93808 -0.32951257 -0.10710635 19.708008 0.33055353 0.9437729 -0.008398966 4.6585693 0.10384956 -0.027516332 0.9942126 0.751709
0.9358244 -0.3359249 -0.10670631 20.435547 0.33705407 0.9414497 -0.007801052 4.9282227 0.103083014 -0.028658668 0.9942626 0.83361816
0.93363404 -0.342377 -0.1052067 21.16687 0.34357074 0.9390797 -0.007134298 5.204956 0.10123954 -0.029489774 0.994425 0.91625977
0.9315102 -0.34872967 -0.1030908 21.899048 0.35000747 0.9367022 -0.0060242387 5.491333 0.098664775 -0.030479852 0.994653 0.99645996
0.92927194 -0.35558474 -0.10038255 22.636108 0.35672867 0.93421626 -0.006920344 5.77417 0.096239194 -0.02936861 0.9949251 1.0771484
0.92541796 -0.36677617 -0.095532924 23.411621 0.368019 0.92983305 -0.0049071154 6.088257 0.090628736 -0.03061331 0.9954133 1.1555176
0.92299926 -0.3738929 -0.09073211 24.15857 0.37525138 0.9268954 -0.0022392515 6.401001 0.08493726 -0.031981897 0.9958738 1.2341309
0.92005193 -0.38174045 -0.088488884 24.922485 0.38333666 0.9236353 0.001141964 6.731079 0.08129647 -0.034962773 0.9960772 1.3034668
0.9171842 -0.38877276 -0.08729979 25.68982 0.39040217 0.9206394 0.0017333953 7.0667725 0.07969771 -0.035675567 0.9961799 1.3758545
0.9127045 -0.39923155 -0.087042965 26.466309 0.40098235 0.91607654 0.0028904297 7.4125977 0.078583345 -0.03754046 0.99620056 1.4515381
0.9096672 -0.4062445 -0.08617697 27.24414 0.40803254 0.91293716 0.0034573204 7.7663574 0.07726844 -0.038315706 0.9962731 1.5172119
0.9056078 -0.4155003 -0.085043035 28.030884 0.41731375 0.90875477 0.003938346 8.140991 0.07564655 -0.03906363 0.99636805 1.5821533
0.9025418 -0.42267403 -0.082389876 28.828125 0.42451286 0.9054184 0.005395377 8.519165 0.0723204 -0.03984169 0.9965858 1.6524658
0.899291 -0.43033007 -0.077908285 29.629517 0.4319717 0.9018622 0.004748281 8.909424 0.06821972 -0.03792562 0.99694926 1.7213135
0.8952642 -0.4395259 -0.07346978 30.442627 0.44109684 0.89748394 0.0058688284 9.316162 0.063360475 -0.03765271 0.99728054 1.7811279
0.8931842 -0.44441357 -0.0688082 31.247925 0.4458028 0.8951234 0.005517694 9.72522 0.05914354 -0.03560423 0.99761444 1.8491211
0.888806 -0.45339784 -0.06680527 32.074585 0.454747 0.8906073 0.0057233097 10.152344 0.056902297 -0.03546784 0.9977492 1.907959
0.88594127 -0.4593052 -0.064763494 32.909424 0.46056083 0.8876398 0.005129773 10.586426 0.05513073 -0.03436764 0.99788755 1.9641113
0.88317925 -0.46475086 -0.06314434 33.749756 0.46591997 0.88480824 0.0043630623 11.029541 0.05384369 -0.033274952 0.9979947 2.0124512
0.8804743 -0.47018066 -0.061031774 34.60205 0.47127676 0.88199306 0.0041186074 11.491455 0.05189529 -0.032390963 0.9981269 2.067749
0.87830573 -0.47434008 -0.060287587 35.459717 0.47537652 0.87980634 0.0032908707 11.961304 0.05148103 -0.0315421 0.99817604 2.1219482
0.8763164 -0.47788298 -0.060310118 36.328735 0.47889537 0.8778331 0.0026936855 12.442139 0.051657315 -0.031244894 0.9981762 2.1767578
0.874948 -0.48046404 -0.060685277 37.202393 0.48142412 0.87652135 0.0013898327 12.932983 0.052527294 -0.030422088 0.99815667 2.2338867
0.87552476 -0.47941685 -0.060160566 38.092163 0.4803699 0.87706655 0.0015860368 13.428223 0.052005533 -0.030289391 0.9981871 2.2894287
0.8746318 -0.481194 -0.05932352 38.992554 0.48222986 0.87606454 0.0036499668 13.936035 0.050214015 -0.03179835 0.9982318 2.3395996
0.87399364 -0.4824875 -0.057034515 39.906616 0.48333922 0.87538195 0.0013099341 14.449585 0.04929717 -0.028718997 0.9983712 2.4024658
0.8741648 -0.48239845 -0.0567264 40.82715 0.48314032 0.8755937 -0.0007198694 14.965088 0.050016105 -0.026767986 0.99838996 2.4556885
0.87259024 -0.48526186 -0.05628375 41.76001 0.48594993 0.8740192 -0.0016516834 15.485962 0.049995903 -0.025903793 0.9984137 2.5090332
0.8721962 -0.48625004 -0.05410404 42.69287 0.48682126 0.8735495 -0.002953417 16.00879 0.048697688 -0.023758125 0.99853086 2.5686035
0.86926204 -0.49177155 -0.049953412 43.63025 0.49228156 0.8704038 -0.0023731815 16.548828 0.044647116 -0.022525474 0.99874926 2.623169
0.86660606 -0.49708474 -0.045236275 44.55786 0.49751112 0.8675392 -0.002087198 17.082642 0.04027978 -0.020691149 0.998974 2.6870117
0.8635226 -0.5023011 -0.04315776 45.487915 0.50264454 0.86439466 -0.0032821386 17.621216 0.03895487 -0.01886845 0.99906266 2.7358398
0.8579341 -0.5117787 -0.043934368 46.409546 0.5120141 0.85889256 -0.0065748864 18.178467 0.041099627 -0.01685684 0.99901295 2.7902832
0.8531031 -0.5197847 -0.046069764 47.327393 0.51994836 0.85419613 -0.009296585 18.733398 0.044183027 -0.016021919 0.9988947 2.8461914
0.84670943 -0.52997184 -0.046255615 48.240967 0.5301764 0.8477989 -0.008741403 19.311646 0.04384816 -0.01712608 0.99889135 2.8931885
0.8413506 -0.53891164 -0.041987497 49.151367 0.5391496 0.84222114 -0.0064055203 19.902344 0.038812187 -0.017248519 0.9990974 2.9434814
0.83766794 -0.54493713 -0.038407393 50.058594 0.54524153 0.83834475 -0.0029605147 20.50415 0.033812072 -0.018456724 0.99925774 2.9979248
0.8329659 -0.55178356 -0.040895887 50.947754 0.5521429 0.83372563 -0.0029313285 21.101196 0.035714272 -0.020135192 0.99915946 3.0426025
0.8292367 -0.5571424 -0.045174297 51.83838 0.5575319 0.8301916 -0.0046255924 21.707886 0.040080134 -0.021343118 0.99896866 3.0917969
0.8264726 -0.5606366 -0.051951066 52.719727 0.56110007 0.8277642 -0.006562915 22.31543 0.04667964 -0.02372703 0.9986275 3.1484375
0.8226628 -0.5660346 -0.053448368 53.60254 0.5665576 0.8240144 -0.0062578944 22.9375 0.04758602 -0.02513757 0.99855053 3.203003
0.8199328 -0.57035387 -0.050166667 54.461914 0.5708522 0.8211038 -0.005165438 23.550049 0.044137478 -0.024398841 0.9987274 3.267456
0.8175584 -0.5740606 -0.04494472 55.36035 0.5745291 0.8184591 -0.002988916 24.183105 0.038496673 -0.023382355 0.99898475 3.314087
0.8138333 -0.57955736 -0.042476125 56.24463 0.5800116 0.81461495 -0.0019618869 24.81836 0.035739668 -0.023033451 0.999096 3.3743896
0.81186545 -0.58236164 -0.04353272 57.118652 0.58286905 0.81266755 -0.0012665046 25.453247 0.03611226 -0.024344334 0.99905086 3.4215088
0.8076191 -0.5880185 -0.044515874 57.99121 0.5885377 0.8084654 -0.001757757 26.098389 0.037024446 -0.02478071 0.9990071 3.461914
0.8037069 -0.5932378 -0.046825077 58.842773 0.59375584 0.8046806 -0.0034413273 26.746704 0.039719917 -0.025036572 0.998897 3.5097656
0.8001696 -0.59798586 -0.04654584 59.715088 0.59842366 0.80117714 -0.00541412 27.39795 0.040531226 -0.02352142 0.9989014 3.5587158
0.79532164 -0.6045346 -0.044033792 60.58252 0.6049109 0.7962335 -0.0057173558 28.06958 0.038521785 -0.022096002 0.99901336 3.6091309
0.7912615 -0.6099183 -0.043619204 61.448486 0.610275 0.79216415 -0.006157464 28.741821 0.038308177 -0.021745406 0.9990294 3.6617432
0.7860023 -0.61666906 -0.044337835 62.311035 0.617016 0.78694886 -0.007017576 29.42334 0.039219435 -0.021840578 0.99899185 3.7181396
0.78006124 -0.6240964 -0.044275496 63.169678 0.6244227 0.7810176 -0.007734575 30.116943 0.03940689 -0.02161353 0.99898946 3.768921
0.77613056 -0.62896234 -0.044729162 64.021484 0.6292412 0.7771366 -0.009313683 30.811768 0.04061832 -0.020914836 0.99895585 3.8172607
0.7693856 -0.6373691 -0.044821292 64.871826 0.6376131 0.7704173 -0.01047799 31.523926 0.04120844 -0.020513028 0.9989398 3.87146
0.76433873 -0.6432966 -0.045376148 65.72461 0.6434536 0.7654421 -0.012994677 32.237915 0.04309442 -0.019260632 0.99888545 3.9284668
0.7571501 -0.6516865 -0.044172242 66.57422 0.6518158 0.7582074 -0.013388127 32.97119 0.04222293 -0.018649653 0.9989347 3.9804688
0.7514034 -0.6584811 -0.042611513 67.411865 0.6585609 0.75240904 -0.014125872 33.711914 0.041360565 -0.017456222 0.99899125 4.033325
0.7461387 -0.6646132 -0.040169273 68.25586 0.6646238 0.74705875 -0.015027224 34.45703 0.039994612 -0.015483638 0.9990798 4.0891113
0.7394608 -0.6719937 -0.040528044 69.08447 0.67192644 0.74043006 -0.017294917 35.22046 0.041630257 -0.014447864 0.9990284 4.143921
0.7328753 -0.67912954 -0.041052174 69.90674 0.6790135 0.73388934 -0.018843042 35.995728 0.042930122 -0.014064582 0.9989793 4.199585
0.72802687 -0.6844283 -0.04197886 70.73999 0.68438315 0.72906446 -0.017690724 36.780273 0.04270893 -0.015850594 0.9989613 4.2547607
0.72174555 -0.6909988 -0.040978424 71.565674 0.6909252 0.7227484 -0.018212868 37.580566 0.04220449 -0.015159911 0.99899435 4.3095703
0.7177373 -0.6950625 -0.04131897 72.38965 0.69503266 0.71874326 -0.017437577 38.382202 0.04181914 -0.016209505 0.99899346 4.36499
0.7114749 -0.7013962 -0.041625284 73.20972 0.7013886 0.7124908 -0.017247269 39.20581 0.041754644 -0.016933233 0.9989841 4.4230957
0.7064829 -0.706292 -0.044527125 74.02319 0.7062425 0.7076648 -0.019528685 40.02356 0.045304574 -0.017654784 0.99881697 4.4799805
0.70243764 -0.7102435 -0.046144478 74.835205 0.7101306 0.70373297 -0.021659615 40.849365 0.04785067 -0.017557062 0.9986997 4.5386963
0.69599944 -0.71649307 -0.046572834 75.64502 0.7163717 0.6973265 -0.022227053 41.692993 0.048403423 -0.017897312 0.99866736 4.60437
0.6922712 -0.7202287 -0.044946767 76.4563 0.72008014 0.69352293 -0.022343963 42.544678 0.047265712 -0.016896633 0.9987395 4.664795
0.6873453 -0.7250495 -0.043552905 77.26074 0.72486955 0.68853956 -0.022708176 43.40515 0.046449635 -0.015970888 0.99879235 4.7316895
0.68194973 -0.7301197 -0.042842694 78.06494 0.72989464 0.6831258 -0.023624226 44.269043 0.04651876 -0.015158091 0.9988026 4.7962646
0.6780469 -0.7337182 -0.042517785 78.872314 0.7334306 0.6792298 -0.02499756 45.138184 0.047221098 -0.01424143 0.99878263 4.855591
0.67301303 -0.7383452 -0.04116734 79.66992 0.73805106 0.6741329 -0.02489979 46.026245 0.046141732 -0.013627151 0.9988422 4.9174805
0.66928357 -0.7419119 -0.039822847 80.47241 0.74152184 0.6703666 -0.026729075 46.917114 0.046522237 -0.01164718 0.9988489 4.977173
0.66696477 -0.7440345 -0.03750941 81.271484 0.7435132 0.6679645 -0.02911167 47.810303 0.04671841 -0.008469901 0.99887246 5.04126
0.6614889 -0.74893624 -0.037652656 82.06787 0.7481976 0.66253376 -0.033757642 48.71045 0.050236825 -0.005843077 0.99872047 5.1085205
0.65688753 -0.75320786 -0.034796435 82.87036 0.7522088 0.657808 -0.038783982 49.621094 0.05210184 -0.00069546234 0.99864155 5.1696777
0.6515392 -0.7578947 -0.03055171 83.65796 0.7567281 0.65223986 -0.04227271 50.539062 0.051967237 0.004425342 0.9986392 5.2424316
0.6424068 -0.76599866 -0.027273929 84.44116 0.76467294 0.64292765 -0.045854203 51.469482 0.05266044 0.008605028 0.9985755 5.307617
0.6361257 -0.7712896 -0.023396213 85.23901 0.7699439 0.6364433 -0.047070872 52.400146 0.051205136 0.0119326785 0.9986171 5.383301
0.62495345 -0.7804585 -0.020207252 86.01172 0.77917856 0.62513614 -0.04664914 53.367676 0.049038205 0.013411444 0.99870694 5.4501953
0.61606985 -0.78743 -0.019676318 86.772705 0.7861763 0.61624575 -0.046295684 54.345215 0.048579797 0.013053215 0.99873394 5.5195312
0.60827345 -0.79329026 -0.021778952 87.52197 0.79198754 0.60855913 -0.046820357 55.318115 0.05040465 0.0112370085 0.99866617 5.5843506
0.59803426 -0.8012274 -0.022266833 88.26196 0.7998296 0.5983422 -0.048635993 56.31128 0.052286025 0.011282431 0.9985686 5.653076
0.5885644 -0.8081483 -0.022517268 88.99487 0.8066721 0.5888855 -0.05012815 57.319336 0.053770494 0.011345229 0.99848914 5.724121
0.57914907 -0.8150196 -0.018372478 89.7251 0.8135242 0.5792487 -0.05154947 58.32959 0.052654907 0.014905442 0.9985013 5.8016357
0.56733924 -0.8232743 -0.015606379 90.440186 0.8218128 0.5673131 -0.051750693 59.363037 0.05145969 0.016534401 0.9985382 5.876709
0.5564405 -0.8307919 -0.014529312 91.14136 0.8293168 0.55636775 -0.0523609 60.399414 0.051577814 0.017092217 0.9985229 5.9471436
0.54788625 -0.8365383 -0.015429066 91.83081 0.8350064 0.5478629 -0.05315025 61.45337 0.05290228 0.016242325 0.99846774 6.0180664
0.536452 -0.8438335 -0.016179277 92.504395 0.8422376 0.5364758 -0.05410168 62.526855 0.054325107 0.01538345 0.9984039 6.093506
0.5279426 -0.8491372 -0.017191492 93.167725 0.84751475 0.52803403 -0.05433073 63.60254 0.055210043 0.014107486 0.9983747 6.1712646
0.5162941 -0.85635686 -0.017582944 93.821045 0.8547291 0.51642954 -0.05436536 64.690186 0.05561593 0.013037006 0.99836653 6.248657
0.508224 -0.8610226 -0.016899623 94.46362 0.85952914 0.50836426 -0.052083213 65.78247 0.05343814 0.011950635 0.99850005 6.324585
0.4988989 -0.86639047 -0.013953665 95.096924 0.86498153 0.4989121 -0.051198915 66.88745 0.051327754 0.013474068 0.99859107 6.4017334
0.49137107 -0.8707615 -0.013089267 95.72656 0.86936706 0.4913529 -0.051129173 68.0061 0.05097308 0.013736606 0.99860543 6.475586
0.48419064 -0.874871 -0.0124835735 96.349365 0.873321 0.48410773 -0.054285638 69.12671 0.053523757 0.015380673 0.99844784 6.554077
0.47852483 -0.8779388 -0.010639465 96.965576 0.8762516 0.47830024 -0.057343923 70.24951 0.055433776 0.01811735 0.9982979 6.626831
0.47050306 -0.8824197 -0.0106021855 97.575195 0.88058746 0.47024608 -0.05986558 71.382324 0.057805218 0.01882175 0.9981498 6.7070312
0.46646038 -0.8845053 -0.009667609 98.16797 0.8824305 0.46606854 -0.06421062 72.50757 0.061309613 0.021408875 0.9978885 6.7944336
0.4620027 -0.8869135 -0.0072773187 98.758545 0.8848614 0.4614646 -0.064689785 73.65234 0.060732156 0.02344539 0.9978786 6.8813477
0.45787653 -0.8889273 -0.0037898421 99.35034 0.8870881 0.45719564 -0.062482435 74.79248 0.057281386 0.025245264 0.9980389 6.9696045
0.45376503 -0.89108264 0.0022742643 99.93408 0.8894592 0.4527811 -0.06154533 75.91748 0.053816885 0.029949825 0.99810165 7.0562744
0.45029017 -0.8928927 0.004586814 100.50903 0.8914287 0.44924468 -0.059774376 77.061035 0.051317573 0.030999469 0.9982009 7.1383057
0.44677663 -0.89462215 0.006602994 101.072266 0.8932565 0.4456593 -0.059013143 78.197754 0.049849648 0.03226085 0.99823546 7.2181396
0.4450429 -0.89552045 0.008958175 101.63013 0.8942558 0.4438296 -0.058495194 79.31958 0.048403915 0.034034997 0.99824744 7.295166
0.44253898 -0.8967795 0.01125242 102.18359 0.8956146 0.4412368 -0.058009446 80.43506 0.047044583 0.0357378 0.99825275 7.3674316
0.4400262 -0.8977362 0.013739397 102.737305 0.89667326 0.4386222 -0.057717025 81.56348 0.045787193 0.03772421 0.9982391 7.4398193
0.43748507 -0.899096 0.015882459 103.27295 0.8980634 0.43594453 -0.05876643 82.67236 0.045912433 0.03997226 0.9981454 7.510498
0.4354811 -0.89983296 0.02058035 103.81543 0.8990576 0.43379578 -0.057304505 83.78003 0.04263924 0.04345845 0.99814487 7.5838623
0.4355107 -0.89987594 0.023575086 104.346924 0.89923346 0.43369836 -0.057325006 84.879395 0.04136025 0.046154246 0.9980771 7.6514893
0.4329404 -0.90106535 0.02460396 104.86133 0.9004241 0.43103966 -0.058342412 85.96118 0.041955654 0.04741814 0.997994 7.715576
0.43294728 -0.90110373 0.025719907 105.37744 0.90049696 0.4309772 -0.058799073 87.031006 0.0418948 0.048621148 0.99793863 7.786621
0.43293557 -0.9010808 0.02538345 105.88965 0.9003871 0.4308991 -0.060450766 88.09912 0.04352957 0.04903578 0.99784863 7.855713
0.4324305 -0.90139663 0.024301372 106.37695 0.9006386 0.43042973 -0.060692992 89.13989 0.04425091 0.04814081 0.9978604 7.925049
0.43443304 -0.90041053 0.021705912 106.871826 0.8995551 0.4325693 -0.06021842 90.19165 0.044828642 0.045674995 0.99794936 7.9902344
0.43959498 -0.8979815 0.019115891 107.362305 0.89703935 0.43785778 -0.059850343 91.22803 0.045389708 0.043482173 0.99802375 8.059448
0.44309938 -0.8963059 0.017400617 107.859375 0.89524597 0.44139403 -0.06089346 92.247314 0.046901084 0.042538643 0.997992 8.127319
0.4515178 -0.8920675 0.015484635 108.36279 0.8909514 0.4498981 -0.06073816 93.259766 0.04722955 0.04122188 0.99803305 8.197388
0.455069 -0.89025897 0.014648685 108.866455 0.8891651 0.45352763 -0.059685707 94.260254 0.04649541 0.040192466 0.9981099 8.26062
0.46465144 -0.88534623 0.013667341 109.37622 0.8843059 0.46320903 -0.058026683 95.2666 0.045048133 0.03905919 0.99822146 8.3203125
0.47362235 -0.8806324 0.0126549015 109.90454 0.8796403 0.4722788 -0.05636901 96.258545 0.04366231 0.03782596 0.99832976 8.38208
0.48255262 -0.87583905 0.011561405 110.42993 0.87482923 0.48125473 -0.056139395 97.23633 0.04361096 0.037203304 0.99835545 8.4453125
0.49257955 -0.87011737 0.009913338 110.97388 0.86900747 0.4912977 -0.057365973 98.20776 0.04504516 0.036879264 0.9983043 8.505859
0.501998 -0.86489207 0.005970674 111.51489 0.86361015 0.50085086 -0.058320068 99.16138 0.047454655 0.034436446 0.99827975 8.567139
0.513482 -0.8581603 0.0030843378 112.06323 0.85675985 0.5124316 -0.05907067 100.109375 0.04910348 0.032976765 0.9982493 8.628906
0.5267992 -0.85012686 0.0015010759 112.639404 0.8487879 0.52586836 -0.057063017 101.05127 0.04771719 0.031334765 0.99836916 8.69104
0.5376291 -0.8431045 0.00021968689 113.2168 0.84189725 0.5368453 -0.05364296 101.97119 0.045108292 0.029030085 0.9985604 8.755005
0.5515783 -0.8342267 0.0007868754 113.78931 0.83311623 0.5507948 -0.05210728 102.893555 0.04303371 0.029396059 0.998641 8.817261
0.5625543 -0.8269022 -0.00012929179 114.40332 0.8258098 0.5618193 -0.051298663 103.785645 0.04248449 0.028745132 0.9986831 8.880249
0.5740415 -0.81887436 -0.001322018 115.019775 0.8177338 0.57332623 -0.051853802 104.67334 0.043216117 0.028676637 0.9986536 8.934692
0.5853959 -0.8107131 -0.0024875584 115.637695 0.80953485 0.5847053 -0.052187372 105.54907 0.04376452 0.028536992 0.9986343 8.995361
0.5950865 -0.80374694 -0.0012152409 116.2583 0.8025267 0.5942651 -0.05421059 106.3916 0.044285253 0.031283215 0.998529 9.053101
0.60682076 -0.79483265 -0.0020687655 116.89917 0.79364276 0.6060507 -0.05317442 107.234375 0.043525092 0.030621562 0.9985827 9.117798
0.61778873 -0.7863949 -0.0016316812 117.53784 0.7853151 0.6170466 -0.051148083 108.06323 0.041229088 0.030316362 0.99868965 9.171631
0.6273551 -0.7787445 3.0722003e-06 118.17651 0.7777878 0.6265843 -0.049547233 108.87109 0.038586542 0.031081641 0.9987715 9.223511
0.6373893 -0.7705189 1.4931429e-06 118.83472 0.7696517 0.63667184 -0.047440246 109.67334 0.036548264 0.030243305 0.99887455 9.277588
0.6464141 -0.76307195 -0.0030347658 119.46924 0.7621737 0.6458365 -0.04610404 110.454346 0.03713809 0.02748829 0.99893194 9.326782
0.6557229 -0.7549819 -0.0059154956 120.122314 0.7540401 0.6552607 -0.04541207 111.22046 0.038160697 0.025317034 0.99895096 9.375
0.6661401 -0.745725 -0.006610905 120.791504 0.744803 0.66571194 -0.044590097 111.960205 0.037655223 0.024776394 0.99898344 9.425415
0.67449725 -0.7382491 -0.005665581 121.448 0.7374676 0.67410165 -0.041476 112.701416 0.034427162 0.023798397 0.99912405 9.474121
0.6833286 -0.7301188 -0.0041233534 122.11694 0.72941846 0.6829006 -0.040289436 113.42334 0.032239757 0.024520237 0.99917907 9.517578
0.6914288 -0.72241473 -0.0036113276 122.79468 0.72173244 0.6909773 -0.04029066 114.14038 0.031594276 0.025251059 0.99918187 9.565918
0.6984566 -0.71564394 -0.00536993 123.44873 0.7149866 0.6981019 -0.038271785 114.82446 0.031137481 0.02289529 0.9992531 9.603027
0.7061789 -0.70796895 -0.005271132 124.1333 0.70735216 0.70584005 -0.037137866 115.509766 0.030017747 0.022496786 0.9992961 9.653198
0.71307534 -0.7010271 -0.004649983 124.79639 0.70048267 0.71275514 -0.03522925 116.183105 0.028014068 0.021863349 0.9993684 9.689575
0.7208129 -0.69309676 -0.0036241207 125.471436 0.69267195 0.7205365 -0.031629883 116.84033 0.024536256 0.020287704 0.99949306 9.726807
0.72752064 -0.686091 -0.0034241313 126.14868 0.68570054 0.72725874 -0.030475622 117.48364 0.023397198 0.019821957 0.9995297 9.768555
0.735201 -0.67792666 -0.0043453425 126.80835 0.67755467 0.73498356 -0.029029714 118.108154 0.022869714 0.018399531 0.9995692 9.809937
0.7431352 -0.6692318 -0.0050132284 127.47388 0.6689264 0.7429876 -0.025557011 118.72217 0.020826258 0.015638983 0.9996608 9.829956
0.75268877 -0.6584057 -0.0035305375 128.15088 0.65817183 0.75254536 -0.02315111 119.32178 0.017900113 0.015102819 0.9997257 9.866455
0.7618833 -0.6478592 -0.0027741203 128.81934 0.64770216 0.7617809 -0.019159244 119.8916 0.014522102 0.012801026 0.9998126 9.893677
0.77121955 -0.6366685 -0.0028034737 129.49707 0.63654166 0.771141 -0.01704216 120.454834 0.013011238 0.011356561 0.99985087 9.919434
0.78051275 -0.62527424 -0.004737921 130.15625 0.6251325 0.78046227 -0.016687378 120.99243 0.014129607 0.010062405 0.99984956 9.946411
0.7907207 -0.61227983 -0.005992728 130.83374 0.6121266 0.7906861 -0.01668062 121.52539 0.014948636 0.009523306 0.99984294 9.96875
0.8002387 -0.59952575 -0.0062540616 131.531 0.59938633 0.8002154 -0.015609277 122.0459 0.014365258 0.008741838 0.9998586 9.9904785
0.81059694 -0.5855898 -0.005551318 132.21045 0.5854772 0.8105748 -0.014092137 122.55347 0.012752656 0.008172425 0.99988526 10.008667
0.8208385 -0.5709863 -0.0037431829 132.91943 0.57092005 0.82081676 -0.011195036 123.05347 0.009466795 0.0070512844 0.9999304 10.027344
0.829649 -0.5583977 -0.0019789934 133.60791 0.5583563 0.829622 -0.0097517595 123.53247 0.0070861466 0.006985573 0.99995047 10.049194
0.83739966 -0.54658574 -0.0001462244 134.3247 0.546569 0.8373757 -0.007660694 124.00122 0.0043094605 0.0063349376 0.9999707 10.065063
0.8464584 -0.53250355 0.002589862 135.05103 0.5325076 0.84643024 -0.007078727 124.45508 0.0015763072 0.0073710834 0.9999716 10.078613
0.8531438 -0.52167207 0.0041029914 135.76465 0.52168804 0.85311055 -0.0075524943 124.90576 0.00044072373 0.008583254 0.99996305 10.092407
0.85942304 -0.5111771 0.003938028 136.49438 0.51119226 0.8593986 -0.006477965 125.34253 -7.295143e-05 0.0075807516 0.9999713 10.102905
0.86657584 -0.49906465 0.0039305673 137.25 0.49907976 0.8665591 -0.0054272995 125.774414 -0.0006980817 0.006664729 0.9999775 10.116577
0.8728044 -0.48816952 0.0036171584 137.97461 0.48818144 0.8727963 -0.003968025 126.20093 -0.0012209527 0.0052286517 0.9999856 10.123657
0.87864286 -0.47747043 0.004106854 138.74634 0.4774821 0.8786427 -0.002493468 126.61255 -0.0024179155 0.0041518705 0.99998844 10.126953
0.8849334 -0.46567446 0.0035539493 139.49805 0.46568435 0.88493115 -0.0027462598 127.019775 -0.0018658871 0.0040852707 0.9999899 10.136108
0.8897993 -0.45630303 0.0037077994 140.25977 0.4563158 0.88979167 -0.003969664 127.41968 -0.0014881296 0.005224104 0.9999853 10.14502
0.89422536 -0.44763026 0.0026549918 141.0476 0.44763786 0.89421487 -0.004347744 127.8064 -0.00042769426 0.0050762864 0.99998695 10.148804
0.8974538 -0.44105795 0.0035657457 141.82764 0.44106972 0.8974467 -0.003864127 128.20068 -0.0014953694 0.0050405343 0.9999862 10.157349
0.9005678 -0.4346857 0.006145578 142.62036 0.43470243 0.9005791 -0.001666015 128.5896 -0.0048103384 0.004172347 0.9999797 10.166626
0.90361995 -0.42824605 0.008987446 143.4353 0.42824912 0.90366167 0.0016662246 128.97949 -0.008835337 0.0023422912 0.9999582 10.16333
0.90615046 -0.42276964 0.010639856 144.26123 0.4227426 0.90621305 0.00477242 129.37402 -0.011659593 0.00017385138 0.999932 10.158813
0.9102101 -0.41393661 0.0116854245 145.09912 0.41388002 0.9102838 0.007008107 129.7561 -0.013538688 -0.0015420076 0.9999071 10.154907
0.91259974 -0.40863276 0.01307469 145.94849 0.40854615 0.91268927 0.0088392645 130.1521 -0.015545988 -0.0027251667 0.9998754 10.1414795
0.91563547 -0.40168118 0.015726719 146.82227 0.4015541 0.91576403 0.010677151 130.5315 -0.018690944 -0.0034603318 0.9998193 10.131714
0.9199299 -0.39166692 0.01878735 147.70532 0.39153215 0.92011875 0.010531262 130.90527 -0.021410262 -0.0023324876 0.999768 10.119751
0.9230895 -0.38404664 0.02009292 148.5896 0.38390368 0.9233056 0.010699477 131.28955 -0.022660729 -0.002164022 0.99974096 10.108398
0.9261694 -0.3766142 0.02004018 149.49463 0.37648496 0.9263846 0.010016095 131.66235 -0.022336436 -0.0017325883 0.999749 10.081299
0.93000054 -0.36688197 0.020863334 150.43921 0.36681813 0.9302339 0.006948892 132.021 -0.021957634 0.0011928349 0.9997582 10.074341
0.9333093 -0.35853237 0.02015745 151.3706 0.35849282 0.9335251 0.005662624 132.3894 -0.020848026 0.0019399626 0.99978083 10.053223
0.93772644 -0.34691557 0.01820532 152.3252 0.34688634 0.9379016 0.004836037 132.74658 -0.018752292 0.0017807418 0.99982256 10.046509
0.9433 -0.33152658 0.016466087 153.31372 0.3314573 0.9434432 0.0068511963 133.09766 -0.017805398 -0.0010038856 0.999841 10.028564
0.9484062 -0.31651238 0.017364003 154.27686 0.31636897 0.9485546 0.010534407 133.44629 -0.019805647 -0.0044963397 0.99979377 10.015259
0.9542194 -0.2985414 0.018836081 155.31177 0.29830977 0.9543727 0.014164243 133.76904 -0.022204408 -0.007897437 0.9997223 9.993164
0.9603754 -0.27800423 0.01992387 156.31934 0.27768424 0.96051705 0.017397314 134.07666 -0.023973739 -0.011175309 0.9996501 9.985474
0.9663749 -0.25635532 0.020778466 157.36548 0.2559831 0.96651036 0.01898451 134.36523 -0.024948388 -0.013029162 0.9996039 9.965698
0.9715655 -0.23578581 0.021857765 158.42188 0.23534697 0.9716934 0.02087856 134.6482 -0.026161978 -0.015140813 0.99954295 9.937988
0.97672766 -0.21292254 0.025663316 159.51611 0.21237558 0.97692573 0.022462066 134.8916 -0.02985301 -0.016488452 0.9994184 9.927124
0.98114944 -0.19094463 0.029387087 160.60059 0.19028457 0.9814279 0.023850951 135.10791 -0.033396542 -0.017808253 0.9992836 9.887573
0.9850778 -0.16886097 0.033428118 161.7356 0.16804549 0.9854446 0.025879074 135.31494 -0.037310652 -0.019875973 0.9991059 9.8654785
0.98846954 -0.14678024 0.037158594 162.8562 0.14578673 0.98891336 0.028179204 135.49414 -0.040882997 -0.022436433 0.99891186 9.826416
0.9915623 -0.124169774 0.037165843 163.99658 0.12310226 0.9919448 0.029763605 135.66821 -0.040563114 -0.024937648 0.9988661 9.789673
0.99407506 -0.10261775 0.035831265 165.15234 0.10157826 0.9943828 0.029725837 135.7998 -0.038680613 -0.025910579 0.99891585 9.753662
0.9961579 -0.08001278 0.035663452 166.33691 0.07899183 0.9964503 0.02917627 135.90063 -0.03787047 -0.026248153 0.99893785 9.7052
0.9974219 -0.060860608 0.038014315 167.51978 0.059806522 0.9978093 0.028278654 135.97852 -0.03965195 -0.025932077 0.9988769 9.673218
0.9984027 -0.039907914 0.039998036 168.72388 0.038818207 0.9988632 0.027666993 136.04321 -0.04105659 -0.026070306 0.99881685 9.638306
0.99895 -0.019004695 0.0416925 169.94946 0.017813776 0.9994277 0.028759692 136.07202 -0.042215213 -0.02798687 0.9987167 9.593262
0.99908924 -0.001062537 0.042658694 171.17871 -0.0001858537 0.9995721 0.029247215 136.08423 -0.042671528 -0.029228492 0.99866134 9.554932
0.9988165 0.02144297 0.043655965 172.41016 -0.02276908 0.9992872 0.030109633 136.08496 -0.042979132 -0.031068098 0.99859273 9.506592
0.99817777 0.041619852 0.04368965 173.66162 -0.043065276 0.99853736 0.032680713 136.03857 -0.04226526 -0.03450275 0.9985105 9.463867
0.99730116 0.05952406 0.04295906 174.9248 -0.060993627 0.99756724 0.03374205 135.979 -0.040845875 -0.03627217 0.9985065 9.41394
0.99583304 0.081332706 0.04125104 176.20532 -0.0827253 0.996018 0.033249244 135.89722 -0.03838271 -0.03652358 0.9985952 9.373779
0.99439436 0.09816782 0.039271336 177.46973 -0.099570535 0.9943961 0.03551869 135.78516 -0.035564683 -0.039229874 0.99859726 9.332153
0.9922744 0.11817192 0.0377826 178.78491 -0.11954445 0.9921612 0.036410946 135.6377 -0.03318439 -0.04064566 0.99862283 9.29126
0.9899183 0.13704401 0.035792183 180.08691 -0.13832784 0.9897221 0.036264636 135.47241 -0.030453933 -0.04084871 0.9987013 9.261108
0.98701805 0.15748352 0.03146013 181.44604 -0.15864775 0.98657143 0.038772188 135.28223 -0.02493203 -0.0432598 0.998753 9.223877
0.98383075 0.17722218 0.025798695 182.76172 -0.17816344 0.98316747 0.0404447 135.07202 -0.01819557 -0.044387873 0.99884844 9.207153
0.98117733 0.19189534 0.021690015 184.05688 -0.1926753 0.9803324 0.042757142 134.83203 -0.013059586 -0.046131767 0.99885017 9.18103
0.9775467 0.20996664 0.018273264 185.39746 -0.2105926 0.97654957 0.0449265 134.56738 -0.008411492 -0.04776547 0.99882275 9.181519
0.9730249 0.2301083 0.01694224 186.7666 -0.23066267 0.9718997 0.047120526 134.25757 -0.0056250533 -0.0497569 0.99874556 9.174316
0.9690028 0.24648479 0.017499939 188.11255 -0.24704431 0.9679045 0.046452045 133.94116 -0.0054921983 -0.049334437 0.9987675 9.170166
0.9645055 0.2634949 0.01665682 189.44531 -0.26399046 0.96343094 0.0456882 133.59009 -0.004006547 -0.048464842 0.9988168 9.177368
0.9593935 0.28176257 0.012949593 190.79639 -0.2820594 0.95828485 0.046100494 133.21777 0.0005837429 -0.047880735 0.9988523 9.190918
0.9548727 0.29687816 0.009872456 192.14624 -0.2970034 0.9536825 0.047910396 132.81177 0.0048052156 -0.048680205 0.99880314 9.192627
0.9494384 0.31377697 0.010194094 193.48389 -0.3138913 0.94819623 0.048870873 132.39795 0.0056722844 -0.04959929 0.9987526 9.216919
0.9433638 0.33148584 0.012106506 194.84644 -0.33165652 0.9419584 0.051794067 131.93604 0.0057691047 -0.052875668 0.9985842 9.232544
0.93764436 0.34742516 0.010298668 196.1748 -0.3474383 0.9360179 0.05606547 131.46533 0.009843482 -0.05614657 0.9983734 9.245117
0.9298692 0.36783493 0.008118946 197.56592 -0.36767834 0.92821395 0.057054754 130.94092 0.013452881 -0.056036517 0.9983373 9.279907
0.9233595 0.38393408 0.005775907 198.94922 -0.38361037 0.92171466 0.05758913 130.37524 0.01678504 -0.05539023 0.99832356 9.303223
0.9154368 0.40246975 0.0016996679 200.2793 -0.40188572 0.9138644 0.057871517 129.82788 0.021736462 -0.05365916 0.9983227 9.342041
0.9076803 0.41975087 -0.0019293325 201.58716 -0.4188428 0.90599996 0.06173863 129.25146 0.027660506 -0.055230487 0.99808997 9.391602
0.8973524 0.44141087 -0.0032587345 202.93921 -0.44028816 0.8955505 0.06503813 128.61841 0.031622913 -0.05692469 0.99787694 9.445068
0.88457865 0.46638772 -0.0029611285 204.31323 -0.46514082 0.88264376 0.06774378 127.91846 0.034209874 -0.05854717 0.9976982 9.501465
0.8707492 0.4917119 -0.0020705927 205.66797 -0.49031115 0.8685727 0.07186013 127.17505 0.037137676 -0.061550803 0.99741185 9.567017
0.85592335 0.517105 -0.0017729481 206.97217 -0.5154704 0.8534808 0.07660643 126.447754 0.041117813 -0.06465487 0.99706095 9.631958
0.8427756 0.5381715 -0.0015030026 208.22778 -0.5363582 0.84015846 0.0797354 125.697266 0.044174463 -0.06639631 0.996816 9.706543
0.8267616 0.5625334 -0.0017318383 209.50977 -0.560554 0.8241024 0.08134562 124.882324 0.047184505 -0.06628589 0.9966851 9.784424
0.8097983 0.5866451 -0.002683928 210.78711 -0.58444494 0.8071412 0.08295142 123.9895 0.05083075 -0.06560362 0.99655026 9.873413
0.7927978 0.6093262 -0.004709871 212.04102 -0.6068265 0.7902005 0.08472326 123.083984 0.05534475 -0.06431522 0.99639523 9.968628
0.77764314 0.6287623 -0.0076664956 213.22827 -0.62588716 0.7751445 0.0868534 122.16846 0.06055243 -0.06274702 0.9961908 10.067993
0.7603133 0.6494893 -0.009093862 214.406 -0.64633226 0.75786173 0.0888647 121.207275 0.06460414 -0.061689593 0.9960028 10.169067
0.74551624 0.6663243 -0.009777747 215.57031 -0.66297805 0.74309796 0.09022359 120.218506 0.06740484 -0.060768932 0.9958715 10.284302
0.72757137 0.6857585 -0.011246179 216.74487 -0.6822631 0.72534245 0.09028692 119.14722 0.07007688 -0.058028065 0.9958543 10.404053
0.71055514 0.703552 -0.011342547 217.875 -0.69996256 0.70839167 0.090763874 118.07715 0.07188818 -0.05656368 0.9958088 10.526245
0.69658035 0.717442 -0.01297781 218.94043 -0.71368647 0.6945854 0.09121181 117.04468 0.074436314 -0.054267813 0.99574745 10.642334
0.68204874 0.7312357 -0.015036787 219.99756 -0.7272232 0.68021035 0.092631765 115.96387 0.07796162 -0.05224771 0.99558645 10.767822
0.6673416 0.74454695 -0.017461793 221.05371 -0.7402367 0.665691 0.09435158 114.805176 0.08188474 -0.05003756 0.9953846 10.910034
0.6519624 0.7580377 -0.018385708 222.09839 -0.75344354 0.65035874 0.09681388 113.65674 0.08533606 -0.049272925 0.9951341 11.040405
0.63633555 0.77111036 -0.01822353 223.09424 -0.76643103 0.63477826 0.09752247 112.51636 0.08676264 -0.04809676 0.9950685 11.187378
0.6205083 0.7840823 -0.01523618 224.08398 -0.779435 0.6187433 0.09841628 111.31348 0.08658738 -0.049191043 0.9950289 11.3342285
0.6033424 0.7974929 -0.010632107 225.04688 -0.79298097 0.6012472 0.09904042 110.10791 0.085387066 -0.05133259 0.9950254 11.486938
0.5853511 0.8108355 -0.0056764567 225.97925 -0.80649126 0.5829116 0.0995323 108.88989 0.08400952 -0.053683046 0.99501777 11.628296
0.56754863 0.8233003 -0.0022641069 226.86768 -0.8189752 0.564845 0.10084175 107.67334 0.08430629 -0.055374227 0.99489963 11.78125
0.5490706 0.8357929 5.4955482e-05 227.73267 -0.831326 0.5461291 0.10328587 106.43213 0.086293414 -0.056757454 0.99465185 11.933838
0.53303313 0.8459462 0.0032908441 228.54272 -0.8412718 0.5296718 0.10710918 105.19824 0.08887336 -0.059864458 0.9942427 12.082886
0.5148812 0.85725266 0.006160712 229.32935 -0.85267234 0.5113601 0.10714688 103.937744 0.08871139 -0.06041512 0.9942228 12.238403
0.4923013 0.87029636 0.009776253 230.10156 -0.8659967 0.48868287 0.10539593 102.66968 0.08697983 -0.060363006 0.9943804 12.392456
0.4724323 0.8812533 0.013093242 230.79346 -0.87725914 0.46875748 0.10321668 101.41724 0.08482448 -0.060248535 0.99457264 12.536987
0.45015272 0.8928721 0.0160932 231.50024 -0.88911366 0.44643006 0.101445705 100.11304 0.0833909 -0.05995918 0.99470985 12.687744
0.42969453 0.9027881 0.018264255 232.13013 -0.89921445 0.4259782 0.099768944 98.84546 0.08226882 -0.05927554 0.9948442 12.824463
0.40890375 0.9124587 0.02061059 232.72827 -0.9089847 0.40510595 0.09920123 97.58154 0.08216372 -0.059286654 0.9948529 12.964111
0.38549346 0.9222809 0.020190515 233.29858 -0.91874945 0.38186234 0.09848637 96.292725 0.08313186 -0.056530215 0.99493474 13.101074
0.36380672 0.93114495 0.018987682 233.83911 -0.9274677 0.36036453 0.09843862 95.00415 0.08481551 -0.053421266 0.9949631 13.23938
0.34455645 0.9386162 0.018537136 234.3208 -0.93487763 0.3412458 0.09806691 93.73999 0.08573214 -0.051125616 0.99500626 13.379883
0.32175627 0.94657487 0.018576708 234.79004 -0.9430063 0.3186733 0.09522285 92.43091 0.08421552 -0.04818669 0.99528414 13.519043
0.30306226 0.95267177 0.017860992 235.21802 -0.94909143 0.3001547 0.09426292 91.159424 0.08445587 -0.04554888 0.9953879 13.651367
0.28348634 0.9588619 0.01950675 235.62476 -0.95480585 0.2802573 0.099803746 89.903076 0.09021997 -0.04690638 0.9948159 13.789673
0.2612909 0.96502805 0.022031013 236.00317 -0.9602128 0.25751582 0.10821754 88.63379 0.098773845 -0.049422227 0.99388146 13.934814
0.24284667 0.96970856 0.024141427 236.33862 -0.96411866 0.2385552 0.11602126 87.38721 0.1067749 -0.051480696 0.9929529 14.080811
0.22256748 0.9745042 0.027641654 236.66089 -0.9685873 0.21781993 0.119785205 86.13965 0.110712595 -0.053412244 0.9924141 14.23938
0.2028136 0.97871727 0.031498272 236.96118 -0.9728405 0.1977213 0.12041124 84.88672 0.11161824 -0.05505237 0.992224 14.394043
0.18473996 0.9821125 0.036728133 237.22876 -0.9765158 0.17921253 0.11969532 83.6582 0.110944696 -0.057987228 0.9921338 14.550293
0.16399814 0.9856101 0.04139486 237.46802 -0.98023635 0.15810391 0.1190402 82.41211 0.11079725 -0.060076434 0.9920238 14.711914
0.14477208 0.98852 0.042628348 237.66504 -0.9832477 0.13891974 0.117799 81.17993 0.11052394 -0.05898509 0.992123 14.866577
