1.000000000000000000e+00 -3.306050084167601550e-19 -2.270457535318767223e-19 -8.673617379884035472e-19 7.546676715296109287e-19 1.000000000000000000e+00 6.237773588823049983e-19 1.387778780781445676e-17 -3.447385680526250622e-20 4.770700176052009879e-20 1.000000000000000222e+00 5.551115123125782702e-17
9.997673851886845764e-01 2.802730486500314231e-04 2.157253289241276364e-02 -1.076516406341005740e-02 -2.904211730127984406e-04 9.999998483910838010e-01 4.673057315398463306e-04 -3.989423834041119776e-03 -2.157240203348581228e-02 -4.734627370503546829e-04 9.997673137491808193e-01 2.089573390675536213e-01
9.993119984134657408e-01 3.799961280319542022e-03 3.689265822046719490e-02 4.641070080945061682e-02 -3.770849430972182583e-03 9.999925205667239414e-01 -8.586303438754695327e-04 8.024151727823863878e-04 -3.689564756478599244e-02 7.189293854580236683e-04 9.993188521440781180e-01 2.758480720869445624e-01
9.979408820649442458e-01 5.357543169537050398e-03 6.391266428920990006e-02 7.044023190104937993e-02 -5.400838702705331243e-03 9.999852773656354721e-01 5.047048947995430796e-04 5.039312738178813866e-03 -6.390903016182467034e-02 -8.488344635378796549e-04 9.979551000107962366e-01 4.249842412570860595e-01
9.952397461459888683e-01 4.882181383879098842e-03 9.732083207156894122e-02 1.183339953010713735e-01 -5.171457716784357526e-03 9.999829501749296634e-01 2.720133103078341448e-03 6.839736177040936504e-03 -9.730589576319868816e-02 -3.210580775644115981e-03 9.952480110956162251e-01 6.097395415780995087e-01
9.907775555899561715e-01 9.449960733100964136e-04 1.354741765179542645e-01 1.992178506602558796e-01 -1.741903189905216276e-03 9.999818759017554681e-01 5.762923973211421698e-03 1.671237572757638956e-03 -1.354662797239268857e-01 -5.945860431376503823e-03 9.907612212792846762e-01 8.011863872251501206e-01
9.846050063029715416e-01 -1.427137650598236940e-03 1.747873366978826837e-01 2.535560146216886412e-01 3.343393737374468727e-04 9.999802152070637051e-01 6.282903928494202803e-03 2.602728133707987723e-03 -1.747928554367977061e-01 -6.127739964737343066e-03 9.845860045145926609e-01 9.895602780881633809e-01
9.761248245596266804e-01 -2.825342315799855234e-03 2.171776716540959329e-01 3.487270951956667475e-01 1.021739582779971874e-03 9.999640563848781749e-01 8.416232518824652564e-03 4.167746652018342046e-03 -2.171936512314154577e-01 -7.993460841277066214e-03 9.760926371333455975e-01 1.206027479676622161e+00
9.639142038982890792e-01 -1.819383126961038192e-03 2.662266487273029503e-01 4.540781112957649190e-01 -9.283760912750258030e-04 9.999476137081317884e-01 1.019445018992709909e-02 1.493037864310201024e-02 -2.662312437781789165e-01 -1.007380393563059133e-02 9.638620073714541103e-01 1.403695375832983760e+00
9.499341884334979724e-01 -6.727739348948265190e-03 3.123982875552298588e-01 5.655116868448891720e-01 1.300830241301305758e-03 9.998446375599671088e-01 1.757676435160603415e-02 1.149966528228411888e-02 -3.124680406171801983e-01 -1.629067168089413931e-02 9.497953345824018401e-01 1.642118612715046222e+00
9.330528149048610276e-01 -1.583534411569817099e-02 3.593557918610620350e-01 7.102412092333484361e-01 7.185891937140808337e-03 9.996517688981975125e-01 2.538914722334215807e-02 4.624182916260724530e-03 -3.596328085630599025e-01 -2.110617928146794192e-02 9.328417619076961875e-01 1.847487360131649714e+00
9.114369573045523198e-01 -2.203835057978742809e-02 4.109440779422777745e-01 8.692693681297317676e-01 1.001273339374096974e-02 9.994567656285548995e-01 3.139899126714666006e-02 2.092654375178110149e-03 -4.114128978353146504e-01 -2.450456353707105087e-02 9.111625109497971664e-01 2.080224386836067918e+00
8.867072208381641119e-01 -2.311732182458266921e-02 4.616974285936707445e-01 1.062000674674020262e+00 7.932393620131950387e-03 9.993628241921135302e-01 3.480153081779390617e-02 7.485932822653071361e-03 -4.622077231164049560e-01 -2.719616733378428866e-02 8.863256253836937493e-01 2.323313645560790786e+00
8.583867107533413865e-01 -2.635380609524231449e-02 5.122428635556907084e-01 1.242049363101161985e+00 7.010627163302073431e-03 9.991889511580090977e-01 3.965379127797472036e-02 2.437604992169651458e-02 -5.128723952660798613e-01 -3.044610743641618100e-02 8.578753402096214176e-01 2.538958255886298421e+00
8.263175949905298134e-01 -3.131634966962466848e-02 5.622919044447054482e-01 1.477450521975272935e+00 7.774180571550346440e-03 9.989920131753547983e-01 4.420233474029174048e-02 3.187499281926574335e-02 -5.631096279057676846e-01 -3.215210725441682016e-02 8.257281444624421374e-01 2.781359260950340140e+00
7.900188348289888252e-01 -3.720200335247314527e-02 6.119873186051530967e-01 1.712778978858936263e+00 9.892623361881083821e-03 9.988009608904546699e-01 4.795242110045851158e-02 3.476297483604282035e-02 -6.130371106677638959e-01 -3.183391208155014057e-02 7.894393147313012449e-01 2.996863674893213147e+00
7.522301890026070748e-01 -4.098929047462460812e-02 6.575547136987314190e-01 1.971993157108846262e+00 1.044905205894451454e-02 9.986797942913774317e-01 5.028754128413683022e-02 4.881075681397473859e-02 -6.587480805258140171e-01 -3.095516458064761708e-02 7.516652949881812429e-01 3.212665782558305594e+00
7.129727223147639403e-01 -4.530114642613950610e-02 6.997672372188455947e-01 2.264539424346390106e+00 1.241154323459013088e-02 9.985697355354529181e-01 5.199917013262832927e-02 5.842062613535892873e-02 -7.011224887078806312e-01 -2.838534626819267520e-02 7.125155026600373809e-01 3.436363953086632339e+00
6.707349994823033068e-01 -4.706193294165272184e-02 7.401899773439388763e-01 2.568951207974378370e+00 1.097569165431833485e-02 9.985054694101869188e-01 5.353807823398464005e-02 7.515358028077764874e-02 -7.416033873931094922e-01 -2.778592118479376524e-02 6.702489910989650745e-01 3.645038758635322562e+00
6.284066969451894691e-01 -4.720661554145564459e-02 7.763705695392526529e-01 2.903903526762868559e+00 6.702005939264408033e-03 9.984483981270281250e-01 5.529249583397647522e-02 1.061640772939006078e-01 -7.777755014412595091e-01 -2.954640975683826831e-02 6.277480524344966062e-01 3.861568783523205983e+00
5.857440531955931950e-01 -4.787248028103393421e-02 8.091003421910749616e-01 3.268813966320446962e+00 3.701601011584529886e-03 9.984015429382757656e-01 5.638943053051122256e-02 1.211809750934450536e-01 -8.105072464054575709e-01 -3.002790331458531081e-02 5.849852656253170524e-01 4.063428470617010291e+00
5.458882228521209079e-01 -4.919831075492830941e-02 8.364708772577887919e-01 3.642792812795918600e+00 1.673815431422594636e-03 9.983366368605438579e-01 5.762824168133202224e-02 1.431450758248412058e-01 -8.379149183954491820e-01 -3.005836749241177011e-02 5.450624809283571848e-01 4.281131055856957524e+00
5.073568297219238632e-01 -5.157173126374801214e-02 8.602327003250208604e-01 4.062065859344150098e+00 1.883336047682271971e-04 9.982142209974652625e-01 5.974676801002364035e-02 1.556839619127570185e-01 -8.617773733999755104e-01 -3.015567459455435403e-02 5.064605044563921243e-01 4.490521112467115827e+00
4.691028199264399290e-01 -5.175224830261223458e-02 8.814914517328713561e-01 4.494596497520926270e+00 -2.771675883367615088e-03 9.981902221903605765e-01 6.008115976125891905e-02 1.799797904876543897e-01 -8.830050533845580363e-01 -3.062954372703815403e-02 4.681106029218043973e-01 4.679211784084070125e+00
4.343765509541002712e-01 -5.097064668330400505e-02 8.994837507802529997e-01 4.958128710721041443e+00 -3.619657884570893179e-03 9.982905528547642016e-01 5.833738847813878248e-02 2.087648911093674675e-01 -9.009202467402637193e-01 -2.859217146448880115e-02 4.334497775616800719e-01 4.880414211696090021e+00
3.993375904521059838e-01 -5.039751545435327412e-02 9.154021003586725325e-01 5.461092047941984440e+00 -2.321585864708273876e-03 9.984295371158858901e-01 5.596736316101830894e-02 2.328113332379024292e-01 -9.167848388896944201e-01 -2.448129925304282431e-02 3.985929479057936931e-01 5.073579358170678510e+00
3.715055965122397996e-01 -4.820960740831173319e-02 9.272258281919916190e-01 5.978852758050568816e+00 -7.345903365197357145e-04 9.986353292219056765e-01 5.222113710150710214e-02 2.545704969271986862e-01 -9.284781103990873419e-01 -2.008158780737760371e-02 3.709632002424173014e-01 5.249807714443142537e+00
3.447353761177537890e-01 -4.754416343688151053e-02 9.375449504803547995e-01 6.528131388185066442e+00 9.500961806905121321e-04 9.987330835503730464e-01 5.030652533990795372e-02 2.816223116120823433e-01 -9.387502442394194402e-01 -1.643294642357814514e-02 3.443446137285560149e-01 5.435326893773746448e+00
3.252531388825235514e-01 -4.701590822120219060e-02 9.443804494532392901e-01 7.106798187907461539e+00 1.650459502026137412e-03 9.987898166973262493e-01 4.915345141195223699e-02 3.093043429425825219e-01 -9.455487589123487968e-01 -1.442288523009239640e-02 3.249373341177975161e-01 5.620280459116104410e+00
3.100017862997136442e-01 -4.737779757585055401e-02 9.496074680380630628e-01 7.701358376649420912e+00 1.881080340641934617e-03 9.987862673333155472e-01 4.921694883460407677e-02 3.364115567521389627e-01 -9.507868301914961240e-01 -1.347176571943039559e-02 3.097145632492953049e-01 5.804632525679986443e+00
2.980436002290244302e-01 -4.828116263515404294e-02 9.532980774832162663e-01 8.328160611075116293e+00 3.374921233526554775e-03 9.987669821598451625e-01 4.952810762131667349e-02 3.560260633539356068e-01 -9.545140769297507655e-01 -1.154144696183708255e-02 2.978390901193702645e-01 5.988972687827994967e+00
2.871481147713587645e-01 -5.021164154731720675e-02 9.565538268922469944e-01 8.976909879807545067e+00 2.270722406530692981e-03 9.986578866591724335e-01 5.174738367083205060e-02 3.887773894068471403e-01 -9.578684607777366855e-01 -1.268616407735912409e-02 2.868770050945085859e-01 6.192071497364953991e+00
2.767456496084398920e-01 -5.129767566464236289e-02 9.596835367231509872e-01 9.648875851577770391e+00 2.783853378408459819e-04 9.985778453914183617e-01 5.330745457972209389e-02 4.191094697557281590e-01 -9.610545406918266087e-01 -1.446909163863539967e-02 2.763670238561904413e-01 6.385294141934030776e+00
2.662259011105567175e-01 -5.393369728580588857e-02 9.625167161061334298e-01 1.033627474932640311e+01 -6.829245639102186601e-04 9.984227717425945281e-01 5.614014390272781263e-02 4.552736588203393775e-01 -9.640264545248978800e-01 -1.560726676442153980e-02 2.657690078872053663e-01 6.591173362004978387e+00
2.568410511437690946e-01 -5.583611257241900133e-02 9.649350780685547191e-01 1.108048108926132080e+01 -1.479097003555019307e-03 9.983055714220293586e-01 5.816340485649118541e-02 4.860997163534629961e-01 -9.665486387787125544e-01 -1.635481698054878572e-02 2.563236058678106666e-01 6.774835582180750215e+00
2.449927949198784372e-01 -5.753363293056194122e-02 9.678175030759835762e-01 1.182039020538312357e+01 -1.461858575697722040e-03 9.982154516955473733e-01 5.968962212987147242e-02 5.263872909278460854e-01 -9.695240305723711316e-01 -1.604809626868008987e-02 2.444705643386682614e-01 6.966734268934555274e+00
2.343716058342916742e-01 -5.894789262088600407e-02 9.703382482845293033e-01 1.258774963538075298e+01 -2.610028247272621130e-03 9.981174289180669845e-01 6.128509562247346637e-02 5.600335568327390323e-01 -9.721245358290494520e-01 -1.688971752814771854e-02 2.337772993044957281e-01 7.153818797292236020e+00
2.247727180429495153e-01 -6.161135073226027548e-02 9.725335793064351364e-01 1.336753671914665453e+01 -3.467385771196431279e-03 9.979419466968670882e-01 6.403102577198670209e-02 5.987609626355907544e-01 -9.744776010750445527e-01 -1.776302799693466397e-02 2.240966536577055912e-01 7.334824444214088857e+00
2.126264361251218871e-01 -6.594950911275455907e-02 9.748627653841652752e-01 1.415987925584304996e+01 -5.545020077002462897e-03 9.976221452088778197e-01 6.869675696085598970e-02 6.476391266113713518e-01 -9.770753252240279574e-01 -2.001258019882300870e-02 2.117551795998766084e-01 7.517365930419110498e+00
1.992382671896439084e-01 -7.001742051508211273e-02 9.774461406618569770e-01 1.496792003536006632e+01 -6.502969150069911296e-03 9.973284928475878441e-01 7.274397887300226850e-02 6.880374171729786159e-01 -9.799281540930556700e-01 -2.085419880255524883e-02 1.982497428915021564e-01 7.677134602484943393e+00
1.870045226460690657e-01 -7.309163899624417093e-02 9.797121098053263033e-01 1.577342095662198318e+01 -6.656305940804011466e-03 9.971108366940200085e-01 7.566220598527058361e-02 7.345549096427306246e-01 -9.824127885248450376e-01 -2.066404873186121136e-02 1.859778372903890253e-01 7.837918407154184308e+00
1.716998625434894010e-01 -7.305777599471462158e-02 9.824297848214353923e-01 1.658647703740864543e+01 -8.161150804211574766e-03 9.971063906543771171e-01 7.558066218987256890e-02 7.740514069428414690e-01 -9.851091637302256121e-01 -2.099125131720755433e-02 1.706070916622104416e-01 7.977094242621502573e+00
1.581236335943312088e-01 -7.226852513732873184e-02 9.846981472461951990e-01 1.740758262974969028e+01 -8.818584865016349320e-03 9.971755692184127717e-01 7.458779640533584609e-02 8.209398431142319597e-01 -9.873059445562861747e-01 -2.049399069454073755e-02 1.570389258732073912e-01 8.107478255240122778e+00
1.425838329296034435e-01 -7.123379050891374964e-02 9.871881195282253829e-01 1.822996844795204296e+01 -9.941024714925713809e-03 9.972537942219804608e-01 7.339550849986034575e-02 8.619750876437795029e-01 -9.897045703257840721e-01 -2.028940084585685588e-02 1.414837345093735987e-01 8.224201148313861509e+00
1.219801927997956059e-01 -6.985215136916053669e-02 9.900808209260886228e-01 1.906156535902500337e+01 -1.306945033053851304e-02 9.973195989174679088e-01 7.198924227551603550e-02 9.052579095155558475e-01 -9.924578259944100145e-01 -2.169445975285422268e-02 1.207415908935345478e-01 8.326286097099464101e+00
9.660350233811421106e-02 -6.855800956505267441e-02 9.929826461494350998e-01 1.989023710479359508e+01 -1.731429810657624663e-02 9.973582812178765078e-01 7.054342007508498935e-02 9.472269660114118750e-01 -9.951961762994078198e-01 -2.400546811980844297e-02 9.516124347066266809e-02 8.403847263126305478e+00
6.635639993428969763e-02 -6.816663127055637428e-02 9.954366625513088040e-01 2.073830367089690796e+01 -2.183546817665396253e-02 9.973257331514291391e-01 6.977211740653872785e-02 9.960245886902339141e-01 -9.975286660143088957e-01 -2.639697882433621884e-02 6.469023811102811439e-02 8.452750091272720923e+00
3.239650741148947938e-02 -6.840693332504253765e-02 9.971422977740496130e-01 2.159582317183501488e+01 -2.437085603784518856e-02 9.973041335014616315e-01 6.919352439350395789e-02 1.040315908961567004e+00 -9.991894170578500267e-01 -2.651915803058906354e-02 3.064212356895111566e-02 8.479619781605522988e+00
-7.059407662201323255e-04 -6.677758096697891665e-02 9.977658599958428853e-01 2.244740659111275960e+01 -2.613927214466342866e-02 9.974274596053741559e-01 6.673426037458132787e-02 1.078418677543537374e+00 -9.996581620005460245e-01 -2.599504950600524389e-02 -2.448880959678002497e-03 8.470071514211012342e+00
-3.702536471379027500e-02 -6.618197221570887301e-02 9.971324049214326246e-01 2.331756299971836555e+01 -2.752284329530610765e-02 9.974938722690379622e-01 6.519397768156999506e-02 1.114682861423927474e+00 -9.989466027217871469e-01 -2.505848442901377135e-02 -3.875448107433436540e-02 8.427523905028031947e+00
-6.833158399303283781e-02 -6.453232453609707153e-02 9.956145942892964396e-01 2.416606071655289512e+01 -2.981961306531946340e-02 9.975926705028949071e-01 6.262065809303718478e-02 1.148229231299481956e+00 -9.972564872779453582e-01 -2.544995361073436671e-02 -7.009201310698036369e-02 8.364636525926275823e+00
-1.019686436614862524e-01 -6.111344790128089149e-02 9.928960659781094211e-01 2.502649853499076116e+01 -3.243364868688108915e-02 9.977847124796559442e-01 5.807219146286103639e-02 1.191708134121090001e+00 -9.942464431421943472e-01 -2.627030895016813083e-02 -1.037249599595842786e-01 8.272239408078128520e+00
-1.345822532575634833e-01 -5.648667896512733072e-02 9.892684310935526693e-01 2.588846550068704744e+01 -2.998056958886811604e-02 9.981488977139001406e-01 5.291043578670217434e-02 1.216769703490031551e+00 -9.904262891732409368e-01 -2.253290430016674853e-02 -1.360266729855037771e-01 8.150113961946130914e+00
-1.647906603348551491e-01 -5.099823419474434211e-02 9.850109292607170941e-01 2.673375472536168473e+01 -2.430385775754431710e-02 9.985686443318928518e-01 4.764941679513392397e-02 1.240970385422337730e+00 -9.860318268188285051e-01 -1.607609920422007482e-02 -1.657939007021690669e-01 7.992012937439846532e+00
-1.960113945975844318e-01 -4.533078869566194158e-02 9.795369849991344413e-01 2.758062058152733798e+01 -1.861615091692654309e-02 9.989228849083439110e-01 4.249833106460094989e-02 1.262771127058382792e+00 -9.804084158406024541e-01 -9.902480101455456846e-03 -1.966442466870258754e-01 7.810817566259975031e+00
-2.251804588375351523e-01 -3.985712428067583746e-02 9.734231054783248904e-01 2.841516954794078842e+01 -1.274723547720307999e-02 9.991978196413894286e-01 3.796576896342640506e-02 1.276635127988536178e+00 -9.741555808511153103e-01 -3.856824695740145633e-03 -2.255077779266950189e-01 7.601394930418067020e+00
-2.533051766588552689e-01 -3.407070134266580036e-02 9.668883056317643110e-01 2.924685443531753037e+01 -4.736300834156697420e-03 9.994114016912249987e-01 3.398095167670395905e-02 1.291380656180482811e+00 -9.674766716604373817e-01 4.019733890764756387e-03 -2.533175525851651955e-01 7.364383193409480555e+00
-2.804829406887430765e-01 -2.374528306920766982e-02 9.595209576362500048e-01 3.007266161899944379e+01 1.274255292626316587e-03 9.996835761829767630e-01 2.511929972691145235e-02 1.292284383150903437e+00 -9.598140127406413757e-01 8.276114209572048297e-03 -2.803637927188886714e-01 7.115922599660962966e+00
-3.037852600913116818e-01 -8.828432889391956556e-03 9.528347330005477733e-01 3.087649348763848778e+01 5.775036281775960088e-03 9.999215772126087698e-01 1.110587253559230762e-02 1.288401353507407698e+00 -9.528581723280369342e-01 8.873828067344574633e-03 -3.037104819886982665e-01 6.840653500293060851e+00
-3.269059190720517982e-01 8.942676140125898829e-03 9.448483712856486916e-01 3.167157178163233766e+01 6.874935118564933466e-03 9.999512901586643521e-01 -7.085098328749565508e-03 1.271159075085266377e+00 -9.448655609659510901e-01 4.177912220022128760e-03 -3.269514780354650374e-01 6.570802566699259550e+00
-3.543535243197085682e-01 2.398943121564952805e-02 9.348899603731712915e-01 3.246619135854898985e+01 5.924174399428504961e-03 9.997084413028587413e-01 -2.340431004775194931e-02 1.255647905358652894e+00 -9.351787989239892518e-01 -2.753960798226309011e-03 -3.543924295239674338e-01 6.274376063386556623e+00
-3.779662899245266328e-01 3.455415897894724420e-02 9.252469055663713471e-01 3.324926090359502950e+01 9.545320265113991023e-03 9.993954681216961067e-01 -3.342110363723960198e-02 1.220949295018521008e+00 -9.258427077084343537e-01 -3.807860157875931663e-03 -3.780676753113508815e-01 5.947738710401256235e+00
-4.006548538375203639e-01 3.909930036087701927e-02 9.150656268143012584e-01 3.402693888558979296e+01 1.318978187438333595e-02 9.992313932302273605e-01 -3.691081148696968156e-02 1.169615383855695967e+00 -9.158055714330132213e-01 -2.725207666170000563e-03 -4.008624490454169575e-01 5.612757469281251410e+00
-4.226968445260411156e-01 3.811338207395290056e-02 9.052825101176549261e-01 3.479860252762281903e+01 1.560387259447976356e-02 9.992730623844123805e-01 -3.478914108179534392e-02 1.127967512568047503e+00 -9.059502466717593849e-01 -5.723126231066978089e-04 -4.229841677828401481e-01 5.249187263594148334e+00
-4.426879540024981075e-01 3.404812655461806475e-02 8.959768676779032992e-01 3.555463552528222948e+01 1.906031929905114414e-02 9.994101941054471805e-01 -2.855559322758519439e-02 1.089311957484458748e+00 -8.964209750608294058e-01 4.428832328849730167e-03 -4.430757924444103102e-01 4.865121222896814146e+00
-4.631327553207519876e-01 3.251181251875264605e-02 8.857583771405247441e-01 3.630542162797970462e+01 2.673275182803407438e-02 9.993845170566140190e-01 -2.271842022064128261e-02 1.048442831434253986e+00 -8.859519738965513369e-01 1.315973263384258470e-02 -4.637168727530892043e-01 4.470872625297957370e+00
-4.772245128385708690e-01 3.295444887875082635e-02 8.786867208824813424e-01 3.704378088122075496e+01 3.033242112831067289e-02 9.993188348779977748e-01 -2.102130489026102222e-02 1.004917484746302270e+00 -8.787806898136678591e-01 1.663640481703000662e-02 -4.778990574615613052e-01 4.062354927564694407e+00
-4.851834723968655450e-01 3.706113853129419655e-02 8.730979409864206842e-01 3.776497540055994762e+01 3.296090500251311339e-02 9.991664854824837683e-01 -2.405369338854764991e-02 9.720676723832992749e-01 -8.732617726791415125e-01 1.710605074646291343e-02 -4.860007483284618512e-01 3.650070331941040802e+00
-4.969816449292518423e-01 3.858413709040035139e-02 8.672370922569231366e-01 3.845974408169863068e+01 3.431303813952024662e-02 9.991033474825131711e-01 -2.482638544471203051e-02 9.268078085958584289e-01 -8.674174526185431944e-01 1.742519725324373492e-02 -4.978599406494984003e-01 3.247129818728263118e+00
-5.051644147901183102e-01 3.922417325694668722e-02 8.621245421674489373e-01 3.917568690408266718e+01 2.847866117642632727e-02 9.991799747858011171e-01 -2.880031032345124406e-02 8.907141846649184735e-01 -8.625472803538939415e-01 1.001121830573247634e-02 -5.058670495395974909e-01 2.836952451386017593e+00
-5.170596546964142393e-01 3.708188768773897082e-02 8.551618634217803550e-01 3.987175526417761517e+01 2.642259308067636606e-02 9.992763042893032521e-01 -2.737863680540987207e-02 8.569783323362668570e-01 -8.555582263845624702e-01 8.447697828395916639e-03 -5.176652007708675285e-01 2.423352876024222891e+00
-5.260857646812600041e-01 3.808610288555121237e-02 8.500251430724352630e-01 4.057026198811767870e+01 2.877289879985503798e-02 9.992219612630414138e-01 -2.697764805422257078e-02 8.167192375872808219e-01 -8.503909133586049496e-01 1.027987230110636620e-02 -5.267723302525881834e-01 1.984975845290346541e+00
-5.312567964340316751e-01 4.114452741856847173e-02 8.462732591200400334e-01 4.127564339252823800e+01 3.289260010237787801e-02 9.990686733141820319e-01 -2.793031134135161644e-02 7.766137305303714156e-01 -8.466342891522596892e-01 1.300037074634027325e-02 -5.321153942217640154e-01 1.541093854834710841e+00
-5.355088120113027372e-01 4.494553679323990553e-02 8.427678703145521366e-01 4.198125632393605144e+01 3.341978677900936390e-02 9.989282728603803285e-01 -3.200779638892153889e-02 7.445427359001552947e-01 -8.433038388554443543e-01 1.100631544508845656e-02 -5.364368196289849289e-01 1.087742535706934355e+00
-5.341375393774224767e-01 4.612091726183070034e-02 8.438267223862923050e-01 4.271241014552408188e+01 3.302101842365738615e-02 9.988868451042267615e-01 -3.367549220139241795e-02 7.108763777376216897e-01 -8.444412876993986350e-01 9.855471534690126573e-03 -5.350657992380042360e-01 6.192720874042275669e-01
-5.326614581862748610e-01 4.731146245998320982e-02 8.452799554063721299e-01 4.346767123695532575e+01 3.577310477135573624e-02 9.988028204298030621e-01 -3.336149904786991222e-02 6.704354417501051655e-01 -8.458459668889884986e-01 1.247923694272080539e-02 -5.337163997229287249e-01 1.592452564798098602e-01
-5.274453214335342865e-01 4.614857832161172596e-02 8.488291170394383078e-01 4.421762442002928140e+01 3.409123451127099580e-02 9.988690123552064204e-01 -3.316926021465379376e-02 6.323846331585364355e-01 -8.493996845666437201e-01 1.145112684441981603e-02 -5.284218245810348158e-01 -2.924128000730407129e-01
-5.194403427240249504e-01 4.469012224327088834e-02 8.536904804741798358e-01 4.499426846689745219e+01 3.189868413243326234e-02 9.989498059715863354e-01 -3.289486471073699292e-02 5.933764085687701639e-01 -8.542637439360306617e-01 1.015537400997358619e-02 -5.203204058974030266e-01 -7.558124757433316576e-01
-5.104155623380376428e-01 4.365832187765904260e-02 8.581442128400205149e-01 4.579463599450409106e+01 2.996818102559666713e-02 9.990065593012259493e-01 -3.297078041882609001e-02 5.557916356702260474e-01 -8.587316669359201793e-01 8.866641777560168788e-03 -5.112166817013474862e-01 -1.222482920402718332e+00
-5.062799030064345507e-01 4.126199460550212389e-02 8.615629373294378945e-01 4.659614129304699048e+01 2.671789697464482111e-02 9.991258926417150299e-01 -3.215243219270780967e-02 5.092363775188576414e-01 -8.621361501553503892e-01 6.747429098582682916e-03 -5.069398655202902448e-01 -1.675619331375035825e+00
-4.997753367405519120e-01 4.016095632225739898e-02 8.651099780542925721e-01 4.744928326507745453e+01 2.268027525008310674e-02 9.991889101899564807e-01 -3.325707963281739760e-02 4.689573711385104371e-01 -8.657441783696137039e-01 2.991173190455434592e-03 -5.002809402401761085e-01 -2.149303460516377218e+00
-4.998797093206053255e-01 3.647155196961365808e-02 8.654516197299724212e-01 4.827424228382103166e+01 1.779120926019914922e-02 9.993347177270582860e-01 -3.183517087202736295e-02 4.281902497098857285e-01 -8.660368344159573573e-01 -5.127124328235255213e-04 -5.001959835479781180e-01 -2.612023605469769638e+00
-4.975067810239816035e-01 3.360707501151841137e-02 8.662667736036556709e-01 4.915022341531114591e+01 1.484832379737551812e-02 9.994326490066531843e-01 -3.021865409363480928e-02 3.832120098136808650e-01 -8.667909735831850204e-01 -2.183478105483332120e-03 -4.977235319097498278e-01 -3.097673758759361462e+00
-5.013398926475794992e-01 3.262804782639119883e-02 8.648533855199986853e-01 5.002131347789148919e+01 1.399082005056825548e-02 9.994639081342706621e-01 -2.959567043752898280e-02 3.393054827890416569e-01 -8.653555223340062552e-01 -2.740767669525774088e-03 -5.015277983312345089e-01 -3.588622955020036809e+00
-5.013610076353004485e-01 3.275447775262466110e-02 8.643851824543202778e-01 5.089049213867176036e+01 1.352121487753299781e-02 9.994577134015671938e-01 -3.001717520741363845e-02 2.951614632929305815e-01 -8.648998805265865064e-01 -3.372240400334557478e-03 -5.015319598632516085e-01 -4.073922022055048942e+00
-4.999299923785867628e-01 3.156554622012777700e-02 8.653969652299787763e-01 5.178823682935516359e+01 1.364256435834088933e-02 9.994987354089718279e-01 -2.855416461186009031e-02 2.544560939008804756e-01 -8.658647372573903267e-01 -2.484086729382735999e-03 -5.001101618212023814e-01 -4.592750098110395918e+00
-4.999197971668890017e-01 3.158506863700531048e-02 8.653665487416035695e-01 5.269411467915338676e+01 1.392685896988362683e-02 9.994988762071337352e-01 -2.841857148863925764e-02 2.112582014543234465e-01 -8.658304220668925355e-01 -2.154983283157595967e-03 -5.001092623555218886e-01 -5.108058240888918355e+00
-4.999109217240771952e-01 3.111357772895941703e-02 8.653949026778671172e-01 5.360772802149782734e+01 1.391138743412694175e-02 9.995140010905474437e-01 -2.787902725469762477e-02 1.621081371293817130e-01 -8.658424214422625331e-01 -1.924441151202059596e-03 -5.001008675573118678e-01 -5.616804437375275683e+00
-4.999399678506120659e-01 2.905754409637161667e-02 8.654779670050593010e-01 5.453915420206925546e+01 1.196267917669289506e-02 9.995734096864555829e-01 -2.663124771604161861e-02 1.202379602968327438e-01 -8.658829402462947522e-01 -2.974615892343459005e-03 -5.000743671955693026e-01 -6.143016181163509337e+00
-5.013665109914339224e-01 2.844043598327239408e-02 8.649670651670864352e-01 5.543752884897541833e+01 1.088113732031674614e-02 9.995881985630473698e-01 -2.655600530149104452e-02 6.964971517196520689e-02 -8.653657916776005266e-01 -3.888931589250344250e-03 -5.014697234793588088e-01 -6.643681734479621070e+00
-4.989907391495093658e-01 2.649474280657570027e-02 8.659483152127426253e-01 5.636650821934583178e+01 8.529693587873175137e-03 9.996340666258589636e-01 -2.567640097414448930e-02 1.908808226470659619e-02 -8.663120122152154767e-01 -5.430890509117236066e-03 -4.990340020674141064e-01 -7.162597934429814295e+00
-4.989651236281472113e-01 2.585851174971810079e-02 8.664028820060899472e-01 5.726756233646793959e+01 8.855266529655202168e-03 9.996547385697500676e-01 -2.474616644902710369e-02 -3.146966607753594325e-02 -8.667435202327601340e-01 -4.663009605985687055e-03 -4.990217577714979313e-01 -7.681593122532347273e+00
-4.961242074077843456e-01 2.337611473899110434e-02 8.674793142977268445e-01 5.817944499086980414e+01 8.755829535810435646e-03 9.997212011066507475e-01 -2.192952238730962178e-02 -7.661478872408880592e-02 -8.677502362123247215e-01 -3.294051119171028611e-03 -4.961904013297867011e-01 -8.178435791397239640e+00
-4.932629159199797275e-01 2.214874623205412632e-02 8.695053090012712094e-01 5.910530781546784596e+01 1.009613615500612460e-02 9.997541559026967839e-01 -1.973457093582244373e-02 -1.242513973470374122e-01 -8.697289558836519552e-01 -9.672502601235445684e-04 -4.933651945172477515e-01 -8.696811440681395666e+00
-4.908478081217341749e-01 2.152754344348558474e-02 8.711742780043874035e-01 6.000828942553269485e+01 9.743188367607453007e-03 9.997678347098810647e-01 -1.922595159430376052e-02 -1.637765708603755033e-01 -8.713858336665355475e-01 -9.383287126599897153e-04 -4.909435637471128988e-01 -9.189839677204281188e+00
-4.894350789189609308e-01 2.198422894830799612e-02 8.723436135105543388e-01 6.091850085041942719e+01 1.044071225710028160e-02 9.997583632385624863e-01 -1.935308278898159595e-02 -2.049988915393548550e-01 -8.725580556629803919e-01 -3.460936749901695063e-04 -4.895465356623749931e-01 -9.688655807672432729e+00
-4.870231880768974841e-01 2.181969490754703464e-02 8.730178774963113231e-01 6.182219915726656012e+01 1.031098592367940894e-02 9.997618354723452061e-01 -1.923837733032797773e-02 -2.510049260191027920e-01 -8.732296407673947325e-01 -3.588140428385791980e-04 -4.871321939767159215e-01 -1.016390141832856919e+01
-4.894775948238411778e-01 2.278986650431308325e-02 8.720153900536971037e-01 6.272745986117588757e+01 9.479642198948964871e-03 9.997385070395932161e-01 -2.081282844852599262e-02 -2.909266293735495723e-01 -8.722615893455496483e-01 -1.912997042491076461e-03 -4.895657027125782101e-01 -1.067170898842735483e+01
-4.895639231626838228e-01 2.536360401566083514e-02 8.719088804639495427e-01 6.363470744077275043e+01 8.295538143892835017e-03 9.996672683149829819e-01 -2.442689016993757761e-02 -3.357984073356854449e-01 -8.722382103271967280e-01 -4.714437075834860234e-03 -4.896115961040661269e-01 -1.118213585178216363e+01
-4.948427017259973137e-01 2.543090592754341725e-02 8.692110130074489627e-01 6.453365501488224254e+01 6.579497153308556077e-03 9.996530350323866720e-01 -2.551091401923314197e-02 -3.835265651054222680e-01 -8.695578761454609840e-01 -6.882367874364906345e-03 -4.948386550494007774e-01 -1.169781155886484036e+01
-4.976376123474308133e-01 2.480036024977634243e-02 8.664527727865123374e-01 6.542342108667216394e+01 6.340772417781815815e-03 9.996680198319318755e-01 -2.497066672359866263e-02 -4.220909372150338790e-01 -8.667846199583489897e-01 -6.946706248913886439e-03 -4.976294389328653200e-01 -1.219270404935026519e+01
-5.040899960045502892e-01 2.167589918652415917e-02 8.631139321294872824e-01 6.630427209646666142e+01 9.530810775347306127e-03 9.997636549681598872e-01 -1.953796359419058756e-02 -4.761201655836720947e-01 -8.633336279679424408e-01 -1.631156252626673846e-03 -5.041773344244249166e-01 -1.271079752085381465e+01
-5.093775954756037949e-01 2.011362439721103845e-02 8.599237294427497513e-01 6.718023052002097018e+01 6.891598435501119189e-03 9.997899491901960367e-01 -1.929998688087992617e-02 -5.194317122649041440e-01 -8.601313405658285172e-01 -3.915034754575540468e-03 -5.094090096556018743e-01 -1.320916280811199428e+01
-5.145925472401445822e-01 2.214934130378602706e-02 8.575703137799670639e-01 6.805676829348774959e+01 8.478628369137840293e-03 9.997491996620078147e-01 -2.073624751561396404e-02 -5.622141135969562775e-01 -8.578143357349339304e-01 -3.383972293125889728e-03 -5.146513552378729761e-01 -1.372221524640496959e+01
-5.184744451204605920e-01 2.499948705379658603e-02 8.545532372745471283e-01 6.891583897743046805e+01 8.749007525742393682e-03 9.996753749325539840e-01 -2.391494082762549503e-02 -6.038291597100570174e-01 -8.548741359075610058e-01 -4.944019425615040625e-03 -5.185248815332847983e-01 -1.423986464553202502e+01
-5.227406038111777065e-01 2.423448174796748178e-02 8.515109690213499283e-01 6.976565789441238508e+01 6.782721906255227348e-03 9.996821769256406531e-01 -2.428255955948432215e-02 -6.481071638039290761e-01 -8.518288786868872808e-01 -6.926313633293009094e-03 -5.227386827183448936e-01 -1.473780025152811568e+01
-5.266333157186020575e-01 2.444459330491399740e-02 8.496794987821146838e-01 7.061597099623804752e+01 5.651087357284158806e-03 9.996648927320087585e-01 -2.525712955200567003e-02 -6.966806672337725326e-01 -8.500124319119009009e-01 -8.509856444159698274e-03 -5.265948142036531721e-01 -1.526296390189147090e+01
-5.294390962618543695e-01 2.324390182957396592e-02 8.478921434257608025e-01 7.145690562806149160e+01 4.997836246855707175e-03 9.996925454831403490e-01 -2.428809818548000043e-02 -7.426888044006261236e-01 -8.481961623317627597e-01 -8.623946211963792394e-03 -5.293923433024017022e-01 -1.576960422949763263e+01
-5.330834414221720108e-01 1.675909576633809878e-02 8.454904197724956161e-01 7.228510561566253045e+01 7.473484860310952542e-03 9.998580374376313529e-01 -1.509584285691743799e-02 -7.816715515561789562e-01 -8.456234810326315188e-01 -1.740087888007583235e-03 -5.331329834857047034e-01 -1.629569121072382032e+01
-5.344184477000180067e-01 7.527863774089320510e-03 8.448150158365238527e-01 7.312765764586170292e+01 6.895382943709618510e-03 9.999658136769935535e-01 -4.550089303852951697e-03 -8.168354316133374926e-01 -8.448204584304461751e-01 3.389834146794124588e-03 -5.344521234766704820e-01 -1.683338807078470367e+01
-5.382669673330525706e-01 4.225694806120109358e-03 8.428521058568508861e-01 7.395305216068305754e+01 6.592664711863449080e-03 9.999778747837893000e-01 -8.031137530672067312e-04 -8.437219973415805985e-01 -8.428370509127944832e-01 5.118691860919510894e-03 -5.382830276404034775e-01 -1.735943561046998695e+01
-5.382632623325545040e-01 1.003514670821460154e-02 8.430478725605495827e-01 7.477939777733344329e+01 7.867625051512248946e-03 9.999453413672806379e-01 -6.878947997012412573e-03 -8.681955723136567382e-01 -8.430707551948259937e-01 2.929504142999463275e-03 -5.383127905902070909e-01 -1.787654089230880317e+01
-5.383064731003461834e-01 1.595174514019002607e-02 8.427763315456906490e-01 7.559579366229597497e+01 8.293862364930329814e-03 9.998727293793405746e-01 -1.361928205518618019e-02 -8.986397513318102881e-01 -8.428864555168865680e-01 -3.434166577181545503e-04 -5.383702385368375198e-01 -1.839976994465586557e+01
-5.395829160625530418e-01 2.035770428541946661e-02 8.416479736331755612e-01 7.641443931987301141e+01 1.484426334823540569e-02 9.997822312995794380e-01 -1.466109725024162917e-02 -9.310850696997547971e-01 -8.417633080449841154e-01 4.577144610662491932e-03 -5.397676417102625912e-01 -1.892212897703327101e+01
-5.381214692093038154e-01 2.023992472727803235e-02 8.425870959181221975e-01 7.723443854186147917e+01 1.709202783656969468e-02 9.997680747235093701e-01 -1.309580810990054224e-02 -9.664603370470071786e-01 -8.426567891820199163e-01 7.357087402411416691e-03 -5.383425245510707891e-01 -1.946351056511706545e+01
-5.381144707844277564e-01 1.736241446296801771e-02 8.427202564622123804e-01 7.805646869683228317e+01 1.663860583581294392e-02 9.998117714508935050e-01 -9.968079601537060963e-03 -1.002005390983798483e+00 -8.427348080029379851e-01 8.653601378439665370e-03 -5.383021438061142971e-01 -1.997860327923724810e+01
-5.381444334652905059e-01 1.041206190754350239e-02 8.430460672107604747e-01 7.887309989310178082e+01 1.416916883262143642e-02 9.998940795297632800e-01 -3.307181140058469346e-03 -1.026311451944639241e+00 -8.429912544427548005e-01 1.016580109196750514e-02 -5.382350414959911067e-01 -2.049581376381009079e+01
-5.381765298011428333e-01 5.305775970734632856e-03 8.434412817468616153e-01 7.969176478349942272e+01 1.266239717337102298e-02 9.999182674283428884e-01 1.785258584734378826e-03 -1.044120382406992675e+00 -8.433630319308154100e-01 1.163592766362084654e-02 -5.381997745267668165e-01 -2.100615343807778501e+01
-5.358665321035255280e-01 -2.708747158965574167e-04 8.444966226948488197e-01 8.050042532279738339e+01 3.576355514457003719e-03 9.999902915350240562e-01 2.593647433622184740e-03 -1.067470785089613017e+00 -8.444891733605121020e-01 4.417208880957463821e-03 -5.358603336044722720e-01 -2.149614592242201638e+01
-5.345941443122005365e-01 -6.354564315432164809e-03 8.453007179593750031e-01 8.132520253078966732e+01 -4.516095902018408235e-03 9.999790089692396355e-01 4.662999955947541748e-03 -1.075840751123106287e+00 -8.453125131122073421e-01 -1.330559395104376338e-03 -5.346117256571000231e-01 -2.199286075801205698e+01
-5.331429133051841518e-01 -6.179902011172265508e-03 8.458736577537925294e-01 8.213918619376261177e+01 -1.621832140859894630e-03 9.999790045798506721e-01 6.270902122354624769e-03 -1.094782219098642706e+00 -8.458947600507400466e-01 1.966247186464728167e-03 -5.331418478435749897e-01 -2.249808101015472062e+01
-5.302556856904673266e-01 -2.165063992063480901e-03 8.477901594415561126e-01 8.295242748863122983e+01 3.430433370724693658e-03 9.999831192332085950e-01 4.700166871608409125e-03 -1.115526951478892581e+00 -8.477861373950213997e-01 5.397695890706319562e-03 -5.302392610116134497e-01 -2.299794382677945137e+01
-5.235870057241681641e-01 6.871366553457315413e-04 8.518581147808121923e-01 8.376308832747136535e+01 4.358875111553569236e-03 9.999888412946442706e-01 1.867178339111637579e-03 -1.131005741148305210e+00 -8.518475117248133222e-01 4.680777901335328971e-03 -5.235842763282274603e-01 -2.350696919849351119e+01
-5.158387682060395774e-01 2.384817907531357369e-03 8.562899249971691606e-01 8.457448175253117029e+01 9.265347408953416436e-03 9.999532448565712217e-01 2.795007451665703496e-03 -1.146550524174582142e+00 -8.562431629311626491e-01 9.381833833684637830e-03 -5.158367838557318397e-01 -2.399802881927669773e+01
-5.077039129400402473e-01 6.015124079007698986e-03 8.614184782967093668e-01 8.538397625577938754e+01 1.723978251179405022e-02 9.998463021594294897e-01 3.180350398262878162e-03 -1.168809730034644057e+00 -8.612670679751576186e-01 1.646644903047245548e-02 -5.077295998746016448e-01 -2.447480464632561947e+01
-4.972911630763000024e-01 4.233052055112776491e-03 8.675730578717796293e-01 8.621259128702747887e+01 1.521291839222738140e-02 9.998768782153875101e-01 3.841607367294975171e-03 -1.189864918667300930e+00 -8.674498739714529005e-01 1.510940471105710371e-02 -4.972944022061193126e-01 -2.494540323371815660e+01
-4.855272306042737740e-01 1.472228912183510055e-03 8.735827311269130924e-01 8.704406662214611856e+01 1.150205023459512955e-02 9.999227014778705458e-01 4.711327120477537198e-03 -1.198031431290488724e+00 -8.735081158053633610e-01 1.234161206528618278e-02 -4.855066194694068193e-01 -2.538297080491088309e+01
-4.751382745490374537e-01 -1.201024112204140265e-03 8.799923207737295749e-01 8.788101325968644062e+01 1.411192336072904577e-02 9.998600764143842357e-01 8.986895550946069969e-03 -1.213026810561016466e+00 -8.798798714013013056e-01 1.668588427593854437e-02 -4.750548308971002665e-01 -2.583759634689713280e+01
-4.634044260456770536e-01 -3.358570961541375993e-03 8.858470371776376862e-01 8.871573452997627385e+01 1.263841438890715534e-02 9.998659582575527560e-01 1.040331818227809360e-02 -1.224854611122969006e+00 -8.857631877235775386e-01 1.602249890469739993e-02 -4.632998705869671996e-01 -2.626869075416914967e+01
-4.516659250546599114e-01 -3.680737030649497161e-03 8.919957821357217265e-01 8.955709029441673863e+01 1.367895823314995915e-02 9.998454068552281582e-01 1.105148562319577255e-02 -1.225638953083910465e+00 -8.918984412891926006e-01 1.719846569765373298e-02 -4.515456302724005777e-01 -2.667905829657771122e+01
-4.389454902381658141e-01 -2.716724912959484275e-03 8.982770497124505926e-01 9.041865778435567336e+01 1.597169031263544897e-02 9.998138568308122531e-01 1.082876420369247375e-02 -1.238632231665994121e+00 -8.981391341936121320e-01 1.910174348056428023e-02 -4.388203760321148228e-01 -2.710129597034105586e+01
