1.0 0.0 0.0 0.0 0.0 1.0 0.0 0.0 0.0 0.0 1.0 0.0
0.99976736 0.021565543 0.0006491569 0.20922852 -0.021565815 0.9997675 0.00041733807 0.017578125 -0.0006400069 -0.0004312379 0.9999997 0.0029296875
0.9993198 0.03687491 -0.00041060374 0.27612305 -0.036872957 0.9993118 0.0040348554 -0.034301758 0.00055909983 -0.0040169703 0.9999918 -0.0031738281
0.9979574 0.06386357 0.0013862062 0.42590332 -0.06387053 0.9979414 0.005753653 -0.049438477 -0.001015914 -0.0058304416 0.9999825 -0.008056641
0.99525136 0.09724102 0.004033432 0.6118164 -0.097262315 0.9952424 0.005468743 -0.08654785 -0.0034823394 -0.0058351164 0.99997693 -0.010620117
0.99076277 0.13539948 0.007097831 0.8050537 -0.13541491 0.9907846 0.0017379532 -0.15539551 -0.0067969807 -0.0026832244 0.9999733 -0.006225586
0.98458564 0.17473567 0.0076320837 0.99560547 -0.17473751 0.9846148 -0.00042934093 -0.19714355 -0.007589728 -0.00091064017 0.9999708 -0.008544922
0.9760909 0.21712326 0.009891538 1.2150879 -0.21711792 0.97614086 -0.0016243441 -0.27868652 -0.010008148 -0.0005622275 0.99994975 -0.011474609
0.9638627 0.26612824 0.01244757 1.4169922 -0.26614404 0.96393865 -0.00040246698 -0.36791992 -0.012105661 -0.0029249345 0.99992245 -0.02368164
0.94978917 0.31232655 0.019118067 1.6606445 -0.31228626 0.949981 -0.0051346207 -0.46484375 -0.019765057 -0.0010933662 0.999804 -0.020141602
0.9328172 0.35948765 0.024405316 1.8720703 -0.35923827 0.9331262 -0.01408093 -0.5950928 -0.027836058 0.00436606 0.9996029 -0.013061523
0.91112226 0.4112551 0.028348485 2.1123047 -0.4108167 0.91153854 -0.02012813 -0.73791504 -0.0341168 0.0066960007 0.99939543 -0.011230469
0.88628185 0.462011 0.03160727 2.3637695 -0.46154803 0.88683575 -0.02108131 -0.91430664 -0.03777141 0.0040946165 0.99927807 -0.018554688
0.85782254 0.5126397 0.035442315 2.5889893 -0.51207393 0.8585503 -0.024222588 -1.078125 -0.04284904 0.0026270654 0.99907815 -0.036621094
0.82565856 0.56286407 0.037750773 2.842041 -0.5621174 0.8265167 -0.029120294 -1.2977295 -0.047592066 0.0028169435 0.9988625 -0.046020508
0.78934526 0.6128034 0.038057897 3.069458 -0.61182004 0.7902501 -0.034973815 -1.517456 -0.051504415 0.0043280106 0.9986637 -0.05090332
0.7515522 0.6585207 0.037784398 3.2974854 -0.65739274 0.7524896 -0.03876728 -1.762207 -0.053961355 0.0042892527 0.9985334 -0.06762695
0.7123766 0.7009241 0.03580115 3.5336914 -0.6996194 0.71325326 -0.04311593 -2.041504 -0.055756196 0.005664965 0.9984281 -0.080444336
0.67009807 0.74139625 0.035797954 3.7559814 -0.74004114 0.6710439 -0.044953026 -2.3330078 -0.05734968 0.0036301669 0.9983475 -0.10046387
0.6275989 0.7775227 0.03812423 3.986206 -0.77620846 0.6287539 -0.045206532 -2.65625 -0.05912822 -0.00121467 0.99825037 -0.13500977
0.58483386 0.81022733 0.03914474 4.201782 -0.808934 0.5861235 -0.046004053 -3.0107422 -0.060217388 -0.0047680326 0.9981735 -0.15393066
0.54490495 0.83761823 0.039651692 4.432129 -0.8363036 0.5462972 -0.04747273 -3.3760986 -0.061422 -0.0072913337 0.9980852 -0.17993164
0.5062916 0.8614672 0.040186122 4.6536865 -0.8600643 0.50779915 -0.05000137 -3.788086 -0.06348519 -0.009236615 0.9979408 -0.1965332
0.46794415 0.8826689 0.0410788 4.85437 -0.8813222 0.46957296 -0.050352573 -4.213867 -0.06374786 -0.012641119 0.99788654 -0.22546387
0.43328273 0.9005921 0.039412457 5.06604 -0.8993244 0.43484962 -0.049731 -4.671631 -0.06192525 -0.013888851 0.9979845 -0.2598877
0.398416 0.91649514 0.03565748 5.2695312 -0.9152594 0.39979795 -0.049330514 -5.1695557 -0.059454154 -0.012981479 0.9981461 -0.29003906
0.370783 0.9282316 0.03153665 5.4536133 -0.9271003 0.3719376 -0.047283866 -5.6834717 -0.055619765 -0.011703287 0.9983835 -0.31835938
0.34415424 0.93854177 0.02814539 5.6466064 -0.93743163 0.34515026 -0.04676134 -6.229492 -0.05361192 -0.01030534 0.9985086 -0.35168457
0.32474217 0.94535947 0.02631734 5.83667 -0.94427377 0.32565945 -0.0463425 -6.8060303 -0.05238641 -0.009808639 0.99857867 -0.38562012
0.30951348 0.9506056 0.025506448 6.0247803 -0.9495032 0.3104101 -0.046791546 -7.399048 -0.052392904 -0.009734667 0.998579 -0.41870117
0.29762405 0.9543571 0.02368154 6.21167 -0.9531977 0.29844785 -0.047763664 -8.024902 -0.052654106 -0.00836072 0.9985778 -0.444458
0.2866556 0.95769453 0.024919968 6.4171143 -0.9564484 0.2875773 -0.04976183 -8.672852 -0.05483129 -0.00956922 0.9984501 -0.48303223
0.27614757 0.96085286 0.026793957 6.612549 -0.95957273 0.2772002 -0.05091377 -9.343994 -0.056352675 -0.011662166 0.99834275 -0.51953125
0.26553923 0.9638089 0.028018828 6.8205566 -0.96240044 0.2667098 -0.053616792 -10.030762 -0.05914225 -0.012720763 0.99816865 -0.5616455
0.2560861 0.96631944 0.028843597 7.0058594 -0.9648151 0.25734708 -0.05557939 -10.774414 -0.061125983 -0.013604018 0.99803704 -0.598999
0.24422184 0.9692967 0.028634004 7.2000732 -0.96769667 0.24551292 -0.05735228 -11.51355 -0.0625991 -0.013697888 0.99794406 -0.6459961
0.23352425 0.97188246 0.02956255 7.38916 -0.970214 0.23491289 -0.058836333 -12.280273 -0.06414832 -0.0149445245 0.9978292 -0.68652344
0.22383212 0.97422254 0.030511467 7.5717773 -0.9724047 0.22534265 -0.06156287 -13.05957 -0.066851884 -0.015887758 0.99763656 -0.7318115
0.21147591 0.9767884 0.032851707 7.756836 -0.9747246 0.21324827 -0.06598495 -13.85144 -0.07146228 -0.018068451 0.9972796 -0.78674316
0.19795069 0.9796277 0.03379442 7.9194336 -0.9773021 0.19990088 -0.070142865 -14.658936 -0.0754464 -0.019142628 0.99696493 -0.833374
0.18565951 0.9821123 0.03369682 8.08252 -0.9795649 0.18769346 -0.07329868 -15.463867 -0.07830496 -0.019403348 0.9967402 -0.8864746
0.170292 0.98479545 0.03414528 8.225098 -0.98228353 0.17240168 -0.07337088 -16.276001 -0.07814852 -0.021048859 0.99671966 -0.9334717
0.1567275 0.9869911 0.033755522 8.358154 -0.98455536 0.15882541 -0.07267587 -17.096191 -0.07708677 -0.021832207 0.9967852 -0.9881592
0.14117919 0.98938316 0.0336734 8.4782715 -0.98704886 0.14328751 -0.07175033 -17.917603 -0.07581532 -0.023098072 0.99685466 -1.0369873
0.12045586 0.9921038 0.035237726 8.585571 -0.9899446 0.122699566 -0.07051874 -18.748047 -0.07430339 -0.026413042 0.99688596 -1.0881348
0.0949006 0.9947949 0.037738774 8.670044 -0.9928504 0.09734863 -0.069414355 -19.575562 -0.07272291 -0.03088247 0.9968738 -1.1378174
0.0644511 0.9970775 0.040346622 8.727417 -0.9953091 0.067137 -0.06925436 -20.422607 -0.071782626 -0.035662927 0.99678427 -1.1940918
0.030408839 0.99871916 0.040702093 8.763794 -0.99702245 0.03320175 -0.069756866 -21.279419 -0.07100201 -0.03848313 0.9967322 -1.2457275
-0.0026685174 0.9991788 0.040399898 8.763428 -0.99765694 0.00010288367 -0.06838994 -22.130493 -0.06833586 -0.040526517 0.9968383 -1.2915039
-0.03896883 0.9984639 0.039694376 8.731079 -0.99703395 -0.036207687 -0.06808958 -23.00061 -0.06655736 -0.04220118 0.99689054 -1.335083
-0.070286155 0.9967542 0.04027879 8.67688 -0.9955278 -0.067506306 -0.06670319 -23.849243 -0.06377247 -0.04474438 0.99696153 -1.3759766
-0.103883415 0.9937189 0.041300096 8.593872 -0.9928256 -0.10114705 -0.06357568 -24.70996 -0.058987945 -0.047619436 0.9971216 -1.4273682
-0.1361748 0.98994255 0.03775243 8.480469 -0.98921204 -0.13381515 -0.05923148 -25.57251 -0.05358071 -0.045417137 0.9975299 -1.4603271
-0.16594863 0.98563457 0.031466644 8.330078 -0.98496395 -0.16411124 -0.054006137 -26.418457 -0.048079066 -0.039969224 0.99804395 -1.4920654
-0.19680443 0.98009557 0.02546106 8.156982 -0.9794974 -0.1954211 -0.048617836 -27.266357 -0.04267094 -0.034509774 0.9984928 -1.5212402
-0.22567667 0.97392756 0.01956465 7.955078 -0.97338694 -0.22467935 -0.043410566 -28.102173 -0.037889205 -0.02884676 0.9988656 -1.5419922
-0.2535106 0.96736217 0.011827531 7.7250977 -0.96684915 -0.25291312 -0.03788125 -28.93518 -0.03365494 -0.021029375 0.9992124 -1.5632324
-0.2805262 0.9597712 0.007705953 7.4837646 -0.95948833 -0.28022003 -0.027817734 -29.76233 -0.024545703 -0.015207576 0.99958307 -1.5721436
-0.3037852 0.9528482 0.007232491 7.2147217 -0.9528198 -0.3036765 -0.013133533 -30.566895 -0.010317484 -0.0108779315 0.9998875 -1.5776367
-0.32687667 0.94482386 0.01204682 6.951538 -0.94486624 -0.32694724 0.004390266 -31.363037 0.008090001 -0.009946467 0.9999178 -1.571167
-0.3541651 0.9350738 0.019103654 6.66333 -0.93494374 -0.35450673 0.01914052 -32.159546 0.02466315 -0.011083476 0.9996343 -1.5656738
-0.37776688 0.9257518 0.020253103 6.343384 -0.92531455 -0.3782326 0.029452607 -32.944824 0.03491547 -0.007608451 0.999361 -1.5385742
-0.40054473 0.91574645 0.019244874 6.0147705 -0.9151335 -0.40098587 0.033751905 -33.725464 0.038640615 -0.004087262 0.9992447 -1.4925537
-0.42269334 0.90592366 0.017154818 5.6572266 -0.9053412 -0.42303786 0.03252848 -34.500244 0.036746047 -0.0017835286 0.99932325 -1.4541016
-0.44285735 0.89645684 0.012201326 5.2783203 -0.8960131 -0.44302252 0.028249685 -35.2594 0.03072543 0.0015835761 0.9995263 -1.4169922
-0.46359238 0.8861078 0.0035182042 4.88916 -0.8857588 -0.46351516 0.026497833 -36.013428 0.025119137 0.009168971 0.99964243 -1.3776855
-0.47780764 0.87898767 7.662922e-05 4.484009 -0.8786716 -0.47763845 0.026787622 -36.753784 0.02357744 0.01270473 0.99964136 -1.3369141
-0.48589218 0.8734896 -0.00037825853 4.073242 -0.8730811 -0.48565122 0.030795708 -37.476074 0.026711237 0.015300132 0.99952567 -1.3082275
-0.49774787 0.8676564 -0.0006651189 3.6732178 -0.8672174 -0.4974718 0.03218663 -38.172363 0.027610118 0.016594032 0.99948144 -1.2662354
-0.50568044 0.8626882 0.006762185 3.2651367 -0.86213374 -0.5056125 0.032714173 -38.889526 0.031666175 0.0107184015 0.99944144 -1.2346191
-0.5174773 0.85567284 0.008342373 2.8544922 -0.85517466 -0.5174731 0.030427635 -39.587646 0.030373763 0.008614052 0.9995018 -1.2033691
-0.5265985 0.85053545 0.0065294104 2.4179688 -0.8500288 -0.5265256 0.031329367 -40.287354 0.030077334 0.010925971 0.999488 -1.1657715
-0.53195274 0.8468276 0.0038183655 1.9746094 -0.84626496 -0.53175414 0.0343275 -40.993286 0.0311017 0.015027198 0.99940336 -1.1287842
-0.53623426 0.8434845 0.005819466 1.5217285 -0.8427681 -0.53604096 0.038068928 -41.69922 0.03523529 0.015535314 0.99925786 -1.1008301
-0.5348449 0.8446101 0.006972318 1.0517578 -0.8438326 -0.53467613 0.039260477 -42.42932 0.03688445 0.015137554 0.9992045 -1.0705566
-0.5335146 0.84605396 0.0043531433 0.5899658 -0.8452752 -0.53323185 0.04047744 -43.18347 0.036554776 0.017893208 0.99917144 -1.033081
-0.5282149 0.84958845 0.0053736623 0.13549805 -0.84883004 -0.52799314 0.03937737 -43.931763 0.03629686 0.016230393 0.9992099 -0.9980469
-0.5201072 0.8544279 0.006653685 -0.33166504 -0.85369813 -0.5199593 0.03801214 -44.7063 0.035927154 0.014070968 0.99925554 -0.9621582
-0.51099503 0.858873 0.007917638 -0.80249023 -0.8581586 -0.5109112 0.037079304 -45.50464 0.035904873 0.012183879 0.9992806 -0.9279785
-0.50671005 0.8622392 0.010032568 -1.2580566 -0.8615861 -0.5067303 0.034734026 -46.304688 0.03502586 0.008945895 0.9993465 -0.88464355
-0.50001985 0.86579067 0.013772535 -1.7349854 -0.8651489 -0.50018483 0.033701476 -47.156128 0.036051396 0.0049353796 0.9993373 -0.84851074
-0.4999216 0.8660231 0.017271854 -2.1987305 -0.8655033 -0.50022 0.030006513 -47.980713 0.034617815 4.5822468e-05 0.9994006 -0.8109131
-0.49744907 0.8667447 0.018927768 -2.6864014 -0.866324 -0.49780035 0.027162978 -48.85608 0.03297378 -0.002880183 0.99945176 -0.7692871
-0.50125366 0.86529905 0.019496478 -3.1773682 -0.8649123 -0.5016184 0.02614278 -49.727173 0.032385416 -0.0037582037 0.99946827 -0.7290039
-0.501251 0.86483526 0.020124413 -3.6639404 -0.8644467 -0.50163674 0.026264956 -50.595947 0.032809753 -0.004225671 0.9994525 -0.6888428
-0.49984458 0.8658081 0.019233007 -4.1846924 -0.86545426 -0.5001972 0.025095398 -51.492798 0.03132996 -0.0040967218 0.99950033 -0.65148926
-0.4998467 0.8657783 0.018903704 -4.701416 -0.8654226 -0.5001894 0.02511537 -52.39807 0.03119516 -0.0038119224 0.99950594 -0.6121826
-0.49984333 0.8657921 0.018672466 -5.211548 -0.86544967 -0.5001766 0.024644444 -53.311157 0.030655429 -0.0038265279 0.99952215 -0.56689453
-0.49981824 0.86581147 0.019719232 -5.7391357 -0.8655361 -0.50017333 0.022586582 -54.242065 0.029403517 -0.0057735983 0.99955064 -0.5286865
-0.5012081 0.86527985 0.020637253 -6.2406006 -0.86502874 -0.5015861 0.021953028 -55.140137 0.029339453 -0.0068630744 0.9995462 -0.48205566
-0.49876833 0.8661984 0.022167524 -6.7615967 -0.86601543 -0.4991758 0.020029947 -56.06836 0.028431991 -0.00919989 0.99955344 -0.43530273
-0.49876714 0.86663824 0.021402106 -7.2819824 -0.8664666 -0.49914765 0.019398075 -56.96875 0.027498826 -0.008875422 0.99958265 -0.38830566
-0.4959632 0.8676555 0.02001894 -7.78125 -0.8675362 -0.49628606 0.016947541 -57.879883 0.024655554 -0.008953862 0.99965584 -0.34631348
-0.4931675 0.8696618 0.017688036 -8.302124 -0.86955214 -0.49342585 0.015760183 -58.804565 0.022428885 -0.0075998046 0.9997194 -0.30200195
-0.49074948 0.8713167 0.0176557 -8.797363 -0.8712208 -0.49100304 0.015169236 -59.70642 0.021890573 -0.007943168 0.999729 -0.26635742
-0.4893555 0.8724982 0.017064713 -9.298096 -0.87238806 -0.4895997 0.015645942 -60.6156 0.022000508 -0.0072421427 0.99973196 -0.22924805
-0.48694193 0.87316895 0.017066907 -9.775513 -0.8730623 -0.4871856 0.015505163 -61.518555 0.021864507 -0.007356601 0.999734 -0.18737793
-0.489355 0.87218285 0.01863049 -10.283813 -0.87206644 -0.48964098 0.016446508 -62.423462 0.023460971 -0.008203995 0.9996912 -0.15197754
-0.48935914 0.8721291 0.02143593 -10.79541 -0.87197244 -0.48973855 0.019014416 -63.329956 0.027073266 -0.009394512 0.99958944 -0.11230469
-0.4945649 0.86941993 0.023615887 -11.310547 -0.8692834 -0.4950037 0.019018093 -64.22925 0.028209439 -0.011137265 0.99954027 -0.068847656
-0.49735868 0.8666446 0.023674915 -11.805908 -0.8665252 -0.4977914 0.018346973 -65.119385 0.027709147 -0.011379598 0.99955106 -0.034057617
-0.50397617 0.8632572 0.018369634 -12.323486 -0.8631632 -0.50424385 0.01515753 -66.0011 0.022352789 -0.008210459 0.99971634 0.018066406
-0.50919443 0.86001927 0.020658601 -12.821289 -0.8599817 -0.5094972 0.013527966 -66.877686 0.022169514 -0.010870818 0.999695 0.057617188
-0.5144306 0.8577167 0.020146439 -13.333984 -0.85762703 -0.51474106 0.015507522 -67.75427 0.023661403 -0.009313323 0.99967694 0.096191406
-0.51827306 0.85476553 0.021712493 -13.8515625 -0.8546175 -0.5186479 0.018304534 -68.613525 0.026889358 -0.009060414 0.999597 0.13317871
-0.5224715 0.8516914 0.02369593 -14.349243 -0.8515836 -0.52289176 0.017482042 -69.46387 0.027305022 -0.011041703 0.99956614 0.17370605
-0.52631086 0.8498547 0.025289897 -14.874268 -0.849759 -0.5267768 0.017646328 -70.31421 0.028316986 -0.012194358 0.9995244 0.21850586
-0.5291139 0.84803325 0.02540544 -15.381226 -0.84797186 -0.5295674 0.01641113 -71.15527 0.02737945 -0.012856759 0.9995424 0.26135254
-0.5329589 0.84553236 0.01851518 -15.907837 -0.84553826 -0.53317916 0.009892438 -71.98413 0.018237103 -0.01037867 0.9997797 0.3001709
-0.53437996 0.8447671 0.013371699 -16.446777 -0.84483784 -0.5344351 0.00065476826 -72.826904 0.007705501 -0.010943762 0.9999103 0.3355713
-0.5382463 0.8427956 0.011645917 -16.973022 -0.8428665 -0.5382544 -0.0026879723 -73.652466 0.0039988607 -0.011257793 0.99992853 0.36047363
-0.5382223 0.84301984 0.013847404 -17.491333 -0.8430735 -0.53830767 0.0031188142 -74.47754 0.010075217 -0.009995399 0.99989927 0.37963867
-0.5382146 0.8428118 0.017129222 -18.015625 -0.8428179 -0.53840196 0.009027787 -75.29285 0.016818088 -0.00958015 0.9998126 0.4046631
-0.53963697 0.8417709 0.012216946 -18.539185 -0.8416693 -0.5397666 0.013425011 -76.11084 0.017889986 -0.0030350164 0.99983525 0.43359375
-0.53824013 0.84270144 0.009435046 -19.08252 -0.8425964 -0.5383224 0.013330001 -76.92981 0.016312214 -0.0007786704 0.9998666 0.46643066
-0.5382286 0.84278697 0.008134044 -19.598999 -0.8427231 -0.53828853 0.010455518 -77.75134 0.013182735 -0.0012270873 0.99991226 0.49975586
-0.5382147 0.8430396 0.0066113626 -20.117676 -0.8430404 -0.53824264 0.0035095247 -78.56763 0.0065149325 -0.0036864756 0.9999719 0.5230713
-0.5382221 0.8434134 0.005134919 -20.629517 -0.8434278 -0.53822154 -0.0015917198 -79.38574 0.0014166225 -0.0051865294 0.9999856 0.53930664
-0.5358412 0.84442264 0.01233666 -21.121094 -0.8445126 -0.53579366 -0.0071555115 -80.193726 0.00056762795 -0.014258859 0.9998983 0.5595703
-0.53456897 0.84514743 0.018070819 -21.619263 -0.84533924 -0.5344072 -0.013233084 -81.01782 -0.0015317987 -0.022341173 0.9997493 0.56518555
-0.5331309 0.845775 0.014769968 -22.126587 -0.84589803 -0.53298086 -0.013037358 -81.83081 -0.0031481942 -0.019436533 0.999806 0.5814209
-0.5302404 0.8477267 0.011342879 -22.629028 -0.84780097 -0.5301668 -0.008981286 -82.642334 -0.0016020562 -0.01437703 0.9998954 0.5983887
-0.52356267 0.8517884 0.0120545775 -23.141602 -0.8518727 -0.52352893 -0.006050528 -83.45056 0.0011567108 -0.013426608 0.99990916 0.6097412
-0.515852 0.85625386 0.0073422785 -23.636963 -0.8562854 -0.5158344 -0.004253478 -84.25952 0.00015222619 -0.008485065 0.99996406 0.62231445
-0.5077936 0.86138666 0.00025259517 -24.118286 -0.8613866 -0.5077934 -0.00051163463 -85.066284 -0.00031231577 -0.0004774402 0.9999998 0.6413574
-0.49735433 0.8675456 0.0015884967 -24.593628 -0.86754656 -0.49735072 -0.0021724224 -85.89221 -0.0010944277 -0.0024592292 0.99999636 0.6590576
-0.48555472 0.8735578 0.0043234713 -25.036377 -0.8735662 -0.4855355 -0.004804508 -86.72107 -0.002095726 -0.006112798 0.9999791 0.6636963
-0.47515932 0.87998164 -4.1961088e-05 -25.496216 -0.8799579 -0.47514677 -0.0073443814 -87.5553 -0.006485832 -0.0034526351 0.99997306 0.6763916
-0.46340972 0.88585037 0.00058857247 -25.932617 -0.8858143 -0.4633845 -0.009370542 -88.38745 -0.0080283135 -0.0048669893 0.9999559 0.68481445
-0.45166782 0.8920021 -0.0006147354 -26.34851 -0.891959 -0.45165256 -0.009556128 -89.22595 -0.008800289 -0.0037704948 0.9999542 0.6817627
-0.43895403 0.8982733 -0.0025483961 -26.776611 -0.89823484 -0.43895912 -0.008445516 -90.084595 -0.008706449 -0.0014163039 0.99996114 0.69055176
-0.42726642 0.9043365 -0.0012942279 -27.174683 -0.9043221 -0.42726696 -0.005231102 -90.93164 -0.005280509 -0.0010628488 0.9999855 0.6951904
-0.41602504 0.9092824 -0.00046219886 -27.555542 -0.90927285 -0.41601798 0.0048603043 -91.76941 0.004227235 0.002443798 0.99998814 0.70202637
-0.40275168 0.9152965 0.0030055353 -27.929565 -0.91525614 -0.4027623 0.008620818 -92.61853 0.009103015 0.0007229045 0.99995834 0.720459
-0.3915725 0.92005 0.003300185 -28.28357 -0.9200255 -0.39158615 0.0067252927 -93.474365 0.007484287 -0.00040284224 0.99997187 0.725708
-0.37836766 0.9254967 0.0011089549 -28.635132 -0.9254953 -0.37836906 0.0016688807 -94.33972 0.001964298 -0.0003946813 0.9999979 0.75061035
-0.37096503 0.9285162 0.004893892 -28.96643 -0.9285152 -0.370983 0.0034937859 -95.19385 0.0050629666 -0.0032472129 0.99998194 0.76745605
-0.36357802 0.93134063 0.012404555 -29.28003 -0.9313505 -0.3636838 0.007652574 -96.06128 0.011643244 -0.0087689655 0.99989367 0.7844238
-0.35783756 0.93372947 0.0207341 -29.603271 -0.93377537 -0.35811973 0.011923639 -96.93518 0.01854464 -0.01509526 0.999714 0.8031006
-0.35415888 0.9351116 0.025859574 -29.921997 -0.93521035 -0.3545756 0.013728213 -97.814575 0.021984093 -0.019320024 0.9995716 0.83081055
-0.3504882 0.93627805 0.02813054 -30.231567 -0.93643916 -0.35094163 0.0130926315 -98.6875 0.022116868 -0.021748558 0.9995187 0.8609619
-0.3452078 0.9380418 0.029610958 -30.548096 -0.9382834 -0.3456448 0.011028716 -99.566284 0.020581845 -0.023981446 0.99950063 0.8989258
-0.33952022 0.9401688 0.029697033 -30.855347 -0.940481 -0.3398707 0.007522804 -100.45154 0.017167594 -0.025368262 0.9995306 0.9281006
-0.33357167 0.9421949 0.027429765 -31.16504 -0.9424953 -0.33381677 0.004761633 -101.330444 0.013652392 -0.024268722 0.9996122 0.9498291
-0.32699442 0.94439006 0.028688721 -31.46753 -0.9447676 -0.32715955 0.0011277227 -102.21484 0.010454821 -0.026735615 0.9995877 0.9888916
-0.3213615 0.9464539 0.03339605 -31.742798 -0.94697547 -0.3215586 0.00056698825 -103.08069 0.0112594385 -0.031436354 0.9994424 1.0029297
-0.31482401 0.9483068 0.04125597 -32.011963 -0.94908255 -0.3151798 0.0022544684 -103.9375 0.015129546 -0.038431983 0.9991464 1.0157471
-0.30819833 0.95040625 0.04218264 -32.29126 -0.95117617 -0.3086685 0.004966762 -104.806274 0.017730845 -0.03858166 0.999098 1.0447998
-0.3015246 0.95285183 0.038988486 -32.574707 -0.9534275 -0.30208436 0.009236384 -105.67981 0.020568777 -0.03439593 0.999197 1.0780029
-0.2927535 0.9552399 0.040549178 -32.834106 -0.95593214 -0.29323414 0.0063273013 -106.55847 0.017942099 -0.03691851 0.9991573 1.1040039
-0.28627983 0.95734906 0.040195152 -33.08667 -0.95810133 -0.28657988 0.0017915666 -107.407715 0.013231441 -0.03799919 0.9991903 1.1345215
-0.2791347 0.95954543 0.040457662 -33.34253 -0.9603438 -0.27931884 -0.0011327541 -108.30823 0.010198804 -0.039168417 0.9991809 1.1623535
-0.2719448 0.9613614 0.04396615 -33.57483 -0.9622722 -0.2722719 0.001519158 -109.158325 0.013417919 -0.041882604 0.9990324 1.1884766
-0.26606455 0.963127 0.04453611 -33.815918 -0.9640198 -0.26651877 0.004504329 -110.05347 0.01617149 -0.04172997 0.9989984 1.2121582
-0.25956774 0.9647068 0.04484857 -34.03894 -0.9656057 -0.26004612 0.005091781 -110.91223 0.016549041 -0.041963216 0.9989817 1.2281494
-0.25224203 0.9665337 0.046195365 -34.256348 -0.96751326 -0.25268617 0.0039500105 -111.804565 0.01548927 -0.043706972 0.9989246 1.2529297
-0.2428212 0.9689805 0.04208997 -34.47632 -0.96978486 -0.24321663 0.004453223 -112.68689 0.014565393 -0.03973523 0.9991038 1.2779541
-0.23563828 0.9712409 0.037268125 -34.69873 -0.9718557 -0.23599063 0.005297986 -113.569824 0.013927824 -0.03496379 0.99929154 1.3026123
-0.22764573 0.97290003 0.036451187 -34.914917 -0.97347903 -0.22800884 0.0060709007 -114.4668 0.014233891 -0.034111977 0.99931663 1.3283691
-0.22065185 0.97450095 0.042139314 -35.098633 -0.97530115 -0.22106943 0.005467784 -115.355225 0.0146271065 -0.0398724 0.99909747 1.3450928
-0.21348634 0.9757134 0.046024524 -35.286865 -0.97671163 -0.21385919 0.0032652812 -116.25598 0.013055764 -0.044259965 0.9989344 1.3729248
-0.2092941 0.97684455 0.043713987 -35.478394 -0.97776127 -0.20957111 0.0017913594 -117.16699 0.010921569 -0.042355433 0.99904245 1.4036865
-0.20420407 0.9780905 0.042355333 -35.670532 -0.9789395 -0.20450734 0.00291534 -118.05322 0.011502721 -0.040865466 0.99909866 1.4246826
-0.19912338 0.9790233 0.040932875 -35.862915 -0.97980267 -0.19945525 0.0041368445 -118.963135 0.012232246 -0.039282512 0.999153 1.4476318
-0.19337067 0.9804461 0.034649607 -36.06128 -0.98101115 -0.19358669 0.002960319 -119.84802 0.009611369 -0.033425856 0.9993951 1.4638672
-0.18913472 0.9816368 0.025967455 -36.240234 -0.9819594 -0.18923712 0.0015179949 -120.72864 0.0064076153 -0.025209315 0.9996616 1.4863281
-0.18476963 0.98242676 0.023233892 -36.4104 -0.9826907 -0.18482687 0.00032350817 -121.62891 0.004613802 -0.022781296 0.99973 1.5020752
-0.17975366 0.98336643 0.02496705 -36.567993 -0.98365545 -0.17988215 0.002977924 -122.51672 0.0074253343 -0.024024855 0.99968374 1.5107422
-0.17414618 0.9841821 0.02930966 -36.725098 -0.98458564 -0.17430663 0.0029845308 -123.41028 0.008063056 -0.02834075 0.9995656 1.5252686
-0.17415515 0.98423463 0.030382145 -36.88037 -0.98466736 -0.17433023 0.0031940336 -124.29602 0.008438364 -0.029363347 0.99953324 1.5394287
-0.17286827 0.9845558 0.030174408 -37.026733 -0.9849978 -0.1729796 0.0011097307 -125.18347 0.0062971245 -0.029530667 0.9995442 1.5655518
-0.17142116 0.9846582 0.028924458 -37.180176 -0.98508245 -0.17138146 -0.003874521 -126.07251 0.0011567161 -0.029159166 0.9995738 1.5767822
-0.1708505 0.98493856 0.028354213 -37.330566 -0.985338 -0.17065738 -0.009110631 -126.95032 -0.0041377377 -0.02949363 0.9995565 1.5891113
-0.16936122 0.98517275 0.02700697 -37.47754 -0.9855222 -0.16911697 -0.01109633 -127.83386 -0.0063687414 -0.028503153 0.9995736 1.5977783
-0.16861187 0.98536634 0.026961239 -37.621338 -0.98573416 -0.16851005 -0.006014151 -128.70044 -0.0013903533 -0.027595509 0.99961853 1.6031494
-0.1679027 0.9854207 0.027757142 -37.76599 -0.98580766 -0.16791356 -0.0019578943 -129.5581 0.0027333838 -0.027687982 0.99961287 1.6135254
-0.16795744 0.9854401 0.030243069 -37.907715 -0.9859021 -0.1679343 -0.0033143624 -130.43652 0.0017956728 -0.030366648 0.99953735 1.6209717
-0.16733038 0.98543334 0.03105013 -38.04358 -0.9859217 -0.1672785 -0.0042801974 -131.29663 0.0009693764 -0.031322476 0.9995089 1.6328125
-0.16790983 0.98555917 0.025649732 -38.20044 -0.9858926 -0.16785704 -0.004211999 -132.15503 0.00014609518 -0.025989134 0.9996623 1.6468506
-0.16638948 0.9856806 0.027242148 -38.336304 -0.98605317 -0.16640365 -0.0017531952 -133.01892 0.0028015603 -0.027170464 0.99962723 1.6582031
-0.16584454 0.9854769 0.03681469 -38.47058 -0.98614764 -0.16594324 -0.00037736073 -133.87903 0.0057316064 -0.036369078 0.9993222 1.6673584
-0.16525243 0.9853484 0.043403856 -38.593872 -0.9862618 -0.1654911 0.0019480083 -134.73657 0.009086634 -0.042485572 0.99905616 1.6767578
-0.1651491 0.985427 0.041407574 -38.72583 -0.9862164 -0.16552486 0.005792775 -135.58203 0.01256183 -0.039873358 0.9991256 1.6949463
-0.16426279 0.9856223 0.038736407 -38.869263 -0.98630816 -0.16460967 0.0059180777 -136.45825 0.012222905 -0.03725102 0.9992314 1.7249756
-0.16294183 0.98585373 0.040491633 -38.99524 -0.9865756 -0.16339661 0.008172695 -137.2655 0.014663472 -0.038611475 0.99914664 1.7332764
-0.16136289 0.9863344 0.032943908 -39.1416 -0.9868018 -0.16169155 0.0075577158 -138.12671 0.012778573 -0.031301536 0.9994285 1.7547607
-0.1578616 0.9871679 0.024786295 -39.277954 -0.98744476 -0.1580155 0.0043710032 -138.96948 0.008227655 -0.023791624 0.99968314 1.7802734
-0.15657581 0.98749787 0.019682633 -39.41565 -0.9876933 -0.1565652 -0.0020918678 -139.80591 0.0010163793 -0.019757606 0.99980414 1.8078613
-0.15156199 0.98844147 0.013728352 -39.54358 -0.9885346 -0.15157548 -5.6709163e-05 -140.63806 0.0020184815 -0.013576444 0.99990577 1.8162842
-0.14660348 0.9890958 0.013717303 -39.661377 -0.98917925 -0.14665498 0.00282853 -141.4585 0.0048115444 -0.013155894 0.99990183 1.8413086
-0.1410016 0.98999524 0.012451816 -39.78076 -0.990036 -0.14109457 0.0069362847 -142.27344 0.008617939 -0.011351746 0.9998983 1.8446045
-0.13181317 0.9912362 0.007709748 -39.898926 -0.99123025 -0.13187061 0.0074927234 -143.1427 0.008442607 -0.006654754 0.99994224 1.8485107
-0.12201655 0.9925287 0.006189699 -39.99353 -0.9925369 -0.1220423 0.0039647534 -143.92993 0.0046919747 -0.005661403 0.999973 1.8675537
-0.110966675 0.9938353 0.0017573736 -40.08264 -0.99383587 -0.11096871 0.0010982333 -144.72632 0.001285946 -0.0016239304 0.99999785 1.8858643
-0.0964073 0.99535304 -0.0002679578 -40.16516 -0.9953502 -0.096406445 0.0023830635 -145.58813 0.0023447946 0.00049583195 0.99999714 1.9187012
-0.08257973 0.996591 -0.002238281 -40.22278 -0.99658585 -0.08257018 0.004087055 -146.33008 0.003889223 0.002566923 0.99998915 1.9274902
-0.06882574 0.99765706 -0.0033310498 -40.279297 -0.9976569 -0.06881381 0.003593179 -147.1853 0.003357673 0.003568422 0.999988 1.9421387
-0.054547064 0.99849004 -0.0068867407 -40.320435 -0.99849665 -0.05450464 0.006218131 -147.93982 0.0058301627 0.007213646 0.99995697 1.954956
-0.0401894 0.9991814 -0.003239118 -40.349854 -0.99910843 -0.040145393 0.0126378015 -148.7815 0.01250002 0.0037457873 0.9999148 1.9737549
-0.028108489 0.9996159 0.0034230049 -40.34973 -0.9993965 -0.028174756 0.021139544 -149.54236 0.021226052 -0.002831012 0.99977076 1.9992676
-0.013916848 0.9998562 0.009502573 -40.350708 -0.99947286 -0.014188287 0.029136604 -150.33496 0.029265244 -0.009088306 0.9995304 2.0180664
