1.000000000000000000e+00 -3.306050084167601550e-19 -2.270457535318767223e-19 -8.673617379884035472e-19 7.546676715296109287e-19 1.000000000000000000e+00 6.237773588823049983e-19 1.387778780781445676e-17 -3.447385680526250622e-20 4.770700176052009879e-20 1.000000000000000222e+00 5.551115123125782702e-17
9.997629627952830944e-01 1.026376482297673438e-03 2.174536826786343385e-02 4.667024184190169539e-02 -1.023167536744645431e-03 9.999994886435036312e-01 -1.586578147976281674e-04 2.250166772034858931e-02 -2.174552208031592035e-02 1.363613649671439811e-04 9.997634532166702614e-01 8.647401259347745062e-02
9.992850718933823373e-01 2.917657596580271878e-03 3.769877465834177432e-02 4.108784320827253700e-02 -2.879119137815334527e-03 9.999952904314768354e-01 -1.076828276126183493e-03 -5.510531689519593268e-03 -3.770174023903374166e-02 9.675299414138695611e-04 9.992887685726629110e-01 2.667682568972407631e-01
9.979350651910763315e-01 4.917394511808474353e-03 6.402920182358620704e-02 6.807201916090913074e-02 -5.001424619044072054e-03 9.999868063683939878e-01 1.152084758819917109e-03 -2.510531138211605229e-03 -6.402269732157266080e-02 -1.470021767568153526e-03 9.979465132786341508e-01 4.209741497645402841e-01
9.952255030419355775e-01 4.283013661961941436e-03 9.751599409391406570e-02 1.251496956509395575e-01 -4.535729171488069901e-03 9.999869203131381834e-01 2.370653391727214811e-03 1.158151718009631237e-02 -9.750458275203661984e-02 -2.801478233727651857e-03 9.952318792038253870e-01 5.868575714650883235e-01
9.908274728040507018e-01 8.833520188053443347e-04 1.351549438392108393e-01 1.941163731525256120e-01 -1.662503219470256059e-03 9.999826156646508535e-01 5.652813855451572882e-03 1.131335261174856721e-03 -1.351476224406518711e-01 -5.825603691470293728e-03 9.908117729891234848e-01 7.909469445399042176e-01
9.845830546508733683e-01 -2.400200891592480304e-03 1.749045651000709356e-01 2.738391438237671172e-01 1.266677522724281952e-03 9.999774862981519741e-01 6.591921309808306331e-03 6.526661333966468637e-03 -1.749164741795345146e-01 -6.268687009192362367e-03 9.845638954294539946e-01 9.782516414019115647e-01
9.760321586361929702e-01 -2.689275876784290656e-03 2.176082577163273024e-01 3.608642020446130028e-01 9.706489040809484050e-04 9.999675043087841164e-01 8.004947032594893902e-03 1.398195943285468479e-03 -2.176227346813985331e-01 -7.601806043895216469e-03 9.760030411985474164e-01 1.182957627478424145e+00
9.640112748921522146e-01 -2.836356607303042870e-03 2.658046259255010813e-01 4.577586277024739414e-01 -1.698738720464647073e-04 9.999363177160416338e-01 1.128682248171444802e-02 1.368765739435154338e-02 -2.658197561640260331e-01 -1.092576994686731383e-02 9.639493838627538613e-01 1.402440083968315099e+00
9.497802089497403566e-01 -6.526846539158159301e-03 3.127754942917099212e-01 5.873286633761258813e-01 1.129168660867538483e-03 9.998474114893681763e-01 1.743176811126467482e-02 1.923690331781928442e-02 -3.128415746427052335e-01 -1.620260873203006532e-02 9.496426756576935579e-01 1.638134626410634009e+00
9.328230871727291040e-01 -1.643758519710258534e-02 3.599529639967606887e-01 7.234945698164780836e-01 7.531990005282958658e-03 9.996301839888898089e-01 2.612877320137409892e-02 1.035652557284742759e-02 -3.602494498435926951e-01 -2.166154774110937847e-02 9.326019918808313713e-01 1.851207732392870620e+00
9.116389174483082725e-01 -2.227494607653671826e-02 4.104451867086030270e-01 8.730483979225251989e-01 1.038971203290468132e-02 9.994601160048679489e-01 3.117272773406504216e-02 9.657127830439066196e-03 -4.109179707992043351e-01 -2.415449357596989935e-02 9.113781880357766374e-01 2.083555243729177331e+00
8.863504889229976147e-01 -2.372135149046677299e-02 4.623950923888809905e-01 1.067699501509165039e+00 8.653529582513053500e-03 9.993609675407599813e-01 3.467521134256298931e-02 1.114645275868643426e-02 -4.629224496109607956e-01 -2.673043054316641062e-02 8.859894622107116202e-01 2.329492067514577602e+00
8.574855799006106949e-01 -2.580682900656559864e-02 5.138558721257465711e-01 1.251072643482496805e+00 6.205881824629787963e-03 9.991873897521298398e-01 3.981509911790670486e-02 3.180504462852468128e-02 -5.144660588300207227e-01 -3.095079594885323873e-02 8.569489447340090660e-01 2.557344894794631340e+00
8.260259009793337048e-01 -3.154316460406784983e-02 5.626278231275474440e-01 1.482178650830054956e+00 8.091566221802857020e-03 9.989935551468689390e-01 4.411964924544069244e-02 3.250764553424495551e-02 -5.634530790336284012e-01 -3.189107594016268865e-02 8.254497277956114321e-01 2.786912020761712849e+00
7.904941882273893716e-01 -3.728631900984243769e-02 6.113363954600209427e-01 1.719797382277805875e+00 9.786905914021362327e-03 9.987866643376502873e-01 4.827254717116743338e-02 3.992516194366346749e-02 -6.123944027036406501e-01 -3.217580264912729693e-02 7.899001033218014944e-01 2.998872888122432911e+00
7.517066656575039918e-01 -4.121807994120255114e-02 6.582242806423189707e-01 1.987751794322871968e+00 1.040282749134927888e-02 9.986621190342004351e-01 5.065665208930620472e-02 5.254793528274438741e-02 -6.594313039417780686e-01 -3.123652485340151080e-02 7.511294376593700139e-01 3.200429988812633741e+00
7.126342062140346156e-01 -4.405829815152396273e-02 7.000992826993391871e-01 2.283959392347732376e+00 1.174126306695415407e-02 9.986351246293626582e-01 5.089270341422237609e-02 6.532762321484608670e-02 -7.013860147291767211e-01 -2.804609594219357668e-02 7.121789933600941591e-01 3.438921585624956201e+00
6.703369735245152672e-01 -4.715465663959027970e-02 7.406604516505282954e-01 2.578688386928902787e+00 1.093867597332363710e-02 9.984984692442838705e-01 5.367960844091927003e-02 8.152856908079422760e-02 -7.420795660181627174e-01 -2.788476569366086372e-02 6.698461954720154043e-01 3.636042191845665794e+00
6.286085667980174652e-01 -4.734875136353085961e-02 7.762703364242553583e-01 2.920653157323677362e+00 6.446313260560841522e-03 9.984281170677241635e-01 5.567744546279119328e-02 1.098383378066478955e-01 -7.776860892871049202e-01 -2.999973808000901826e-02 6.279254028118098629e-01 3.839554149670010297e+00
5.866186130011522559e-01 -4.860459718175593608e-02 8.084387795212371053e-01 3.262600212831176183e+00 3.406304858088962488e-03 9.983365544451389129e-01 5.754991386610707610e-02 1.255395394725916658e-01 -8.098917316713067915e-01 -3.100214358159108716e-02 5.858085039518720061e-01 4.060109507423334207e+00
5.463686514054696408e-01 -4.848704818027645830e-02 8.360684122379976602e-01 3.647635491768745020e+00 1.666840917794615426e-03 9.983840463504614071e-01 5.680667138715805170e-02 1.448724820554178061e-01 -8.374711079395915636e-01 -2.965175731005225898e-02 5.455661608675737018e-01 4.268291518171867693e+00
5.080659185276870105e-01 -5.183268326077863919e-02 8.598863820084772236e-01 4.067380657280229350e+00 4.804658736263795328e-04 9.982048893541677348e-01 5.987340470962153327e-02 1.610479813251533276e-01 -8.614467650688140132e-01 -3.000636565457128965e-02 5.071782649559750666e-01 4.472995314413421575e+00
4.708576311579071305e-01 -5.158565173911632690e-02 8.807754526169476739e-01 4.491989575494319098e+00 -3.394456535637656314e-03 9.981757322700347546e-01 6.027526990916914906e-02 1.865327838402361937e-01 -8.822783682364149227e-01 -3.136979666020759533e-02 4.698234171010805538e-01 4.679282369957409315e+00
4.343793265935330106e-01 -5.091244377903379748e-02 8.993534284785933419e-01 4.958753275799488769e+00 -3.968275668760099656e-03 9.982833075807256984e-01 5.843869984126471434e-02 2.128933012280655457e-01 -9.007849370736974448e-01 -2.895297934310179025e-02 4.334317166405607935e-01 4.869057342032425240e+00
3.999154304081242728e-01 -4.991821236084142965e-02 9.152078576114147657e-01 5.459035836396581409e+00 -2.779639868887741685e-03 9.984448923768466377e-01 5.568000715543294094e-02 2.355010630761747437e-01 -9.165645659403696133e-01 -2.480417573584770344e-02 3.991550993208185516e-01 5.060696949871462458e+00
3.704143212345372693e-01 -4.797880195091979577e-02 9.275868284181943979e-01 5.975411963431471740e+00 -8.092448299325644915e-04 9.986485808719376411e-01 5.196322050571304529e-02 2.613498082655315580e-01 -9.288256676617682173e-01 -2.001105104276198338e-02 3.698741479976663804e-01 5.230686088360488206e+00
3.458086046003501779e-01 -4.668122825359802969e-02 9.371025317065608817e-01 6.526678066915670762e+00 -3.097201408121310145e-06 9.987620691609049306e-01 4.973540257084558408e-02 2.887574069540668198e-01 -9.382639022625149927e-01 -1.721073004781434324e-02 3.453797327901063086e-01 5.417962225697056766e+00
3.241377261736785309e-01 -4.611828789963177966e-02 9.448033657881987901e-01 7.104893102295378959e+00 1.291776764469339516e-03 9.988317567128786045e-01 4.831840466059934835e-02 3.170712098748082464e-01 -9.459270523387575125e-01 -1.445303651187782555e-02 3.238184883716064277e-01 5.605668420975330690e+00
3.106170356501546381e-01 -4.715095101014589452e-02 9.493817216996107700e-01 7.700544325626944797e+00 2.241499656726556912e-03 9.988018304024821603e-01 4.889325897703521162e-02 3.443604793042273071e-01 -9.505500804634728906e-01 -1.305095845374423455e-02 3.103513330078033761e-01 5.787471556966798047e+00
2.980414454722915552e-01 -4.851802898069648012e-02 9.531713986129736194e-01 8.325996744942393946e+00 2.945327515084653069e-03 9.987496801921686984e-01 4.991127353473234080e-02 3.663400528148874624e-01 -9.544004885427704865e-01 -1.207900264330571960e-02 2.978113101627951065e-01 5.982760916617048785e+00
2.859777212535604130e-01 -5.037283296741509181e-02 9.568852268465118938e-01 8.974670801750823657e+00 1.966077027628453881e-03 9.986460671977996917e-01 5.198190300750322318e-02 3.981512622727849116e-01 -9.582083216519935442e-01 -1.298283560145840204e-02 2.856895758159893051e-01 6.172664035638718794e+00
2.767254322953728307e-01 -5.222376500687951617e-02 9.594777761238775238e-01 9.652061779056557711e+00 1.246855271442694549e-04 9.985239621553395617e-01 5.432987815139513066e-02 4.354822764422821568e-01 -9.608981441498248843e-01 -1.492579695432205526e-02 2.763235244411945124e-01 6.374370384798899281e+00
2.656843521764197802e-01 -5.354941550954333412e-02 9.625901032454738937e-01 1.035376928620881998e+01 -7.147476869745995540e-04 9.984440195437199739e-01 5.575541719233085419e-02 4.642923290322896190e-01 -9.640793916517131912e-01 -1.547976087550584530e-02 2.652337405635671885e-01 6.570953313808750806e+00
2.551046176340728278e-01 -5.557300520717725623e-02 9.652592871356742155e-01 1.108474622846074809e+01 -2.015917507785396513e-03 9.983141082423987456e-01 5.800905649451928298e-02 4.957968684770426293e-01 -9.668557829912212132e-01 -1.674344636509445330e-02 2.545626042798547761e-01 6.752681393163363133e+00
2.456358636636390147e-01 -5.797738230336193371e-02 9.676267278305474839e-01 1.182626176638735238e+01 -2.474984214713505173e-03 9.981684754172226448e-01 6.045200799528621660e-02 5.354968900275993704e-01 -9.693597408696238427e-01 -1.723740980520085952e-02 2.450431401433435241e-01 6.948108301581565449e+00
2.337322860898366217e-01 -5.841268715884345708e-02 9.705698227992949345e-01 1.259040445572381728e+01 -2.393458840903426102e-03 9.981562288473520006e-01 6.065624236413461740e-02 5.665629691835945003e-01 -9.723228365831764197e-01 -1.651031060605046355e-02 2.331613628256060666e-01 7.128419214857276920e+00
2.247908944008037424e-01 -6.112645759535439982e-02 9.724898747503346597e-01 1.336682115752807931e+01 -4.027210139084996809e-03 9.979628608786940136e-01 6.366234050570566960e-02 6.075967212367398007e-01 -9.744015702965971304e-01 -1.820896149210435994e-02 2.240876336613136233e-01 7.309454579088356496e+00
2.133286281672689133e-01 -6.493112821785690381e-02 9.748739173502880551e-01 1.415847219519306677e+01 -6.648132937633646246e-03 9.976692223481986588e-01 6.789683929043059674e-02 6.524703823897523014e-01 -9.770116039425289500e-01 -2.095233664714735156e-02 2.123999438504154402e-01 7.485925991462475615e+00
1.999482867949349818e-01 -6.868724196573598728e-02 9.774447148534665120e-01 1.495883614557039110e+01 -6.845734767337388095e-03 9.974160411273134130e-01 7.151455882957612198e-02 6.936054719184120421e-01 -9.798332902958027946e-01 -2.096627796163645294e-02 1.989630037399297280e-01 7.652361733367477825e+00
1.870761900262803423e-01 -7.112959038545929591e-02 9.796664369467211753e-01 1.577288298988923643e+01 -7.570266633329554573e-03 9.972405494920467683e-01 7.386719974479900863e-02 7.350250005800701425e-01 -9.822165886395314294e-01 -2.124186016652613099e-02 1.860219686439806563e-01 7.806402491533934729e+00
1.729979287374888708e-01 -7.181363061085214994e-02 9.823333887395044872e-01 1.657891111833515296e+01 -8.219731969832028140e-03 9.971971949795042089e-01 7.437418150844662956e-02 7.753460849693833978e-01 -9.849221086775258316e-01 -2.092817416121342186e-02 1.719239292891791560e-01 7.952145167052100838e+00
1.581870576725875888e-01 -7.047302778884760588e-02 9.847958969644186045e-01 1.740377937049552060e+01 -9.584278865365305350e-03 9.972943883507848772e-01 7.289984356281492550e-02 8.222846509081174204e-01 -9.872656131545688440e-01 -2.101155745240994993e-02 1.570822117372477067e-01 8.082434911839749603e+00
1.420176088173056017e-01 -7.089092083386586141e-02 9.872697458055417208e-01 1.822189504921227154e+01 -1.074331280228106589e-02 9.972629619528682321e-01 7.318105934207023988e-02 8.632269196913732179e-01 -9.897532130494312019e-01 -2.102743658368673094e-02 1.408673244467680830e-01 8.198909407552937623e+00
1.213001445294215191e-01 -6.892087620585815588e-02 9.902150791196241419e-01 1.905328494259092054e+01 -1.314071426613103513e-02 9.973878087013269278e-01 7.102091522771906973e-02 9.026279835512389660e-01 -9.925234001623185476e-01 -2.162627585690928694e-02 1.200773758917950684e-01 8.297595342631495896e+00
9.722139193818304936e-02 -6.797537375205885135e-02 9.929143350242757293e-01 1.988837457160328270e+01 -1.783433543461323406e-02 9.973859784698546616e-01 7.002780286071735860e-02 9.492042264631677106e-01 -9.950782247612689480e-01 -2.452864480686303347e-02 9.575466582014233174e-02 8.376063335054469761e+00
6.772312994296499078e-02 -6.703524347931716365e-02 9.954758252316701084e-01 2.073339560331926279e+01 -2.191442132304156909e-02 9.973995317656223492e-01 6.864300517891967768e-02 9.900958477102006494e-01 -9.974899406951980296e-01 -2.644686171553965737e-02 6.607806164146090566e-02 8.431557882824163741e+00
3.243271880630717308e-02 -6.703987767837052414e-02 9.972154110952976547e-01 2.159326485435133591e+01 -2.523110605550448610e-02 9.973744658533232332e-01 6.789239102609147258e-02 1.035522146007075595e+00 -9.991490027493771242e-01 -2.735931135927048216e-02 3.065659774026249784e-02 8.458777491763452616e+00
-6.648416730183861112e-05 -6.618138618760886771e-02 9.978075824798577909e-01 2.244171993162703416e+01 -2.692183071418424029e-02 9.974465072561088386e-01 6.615958607007821346e-02 1.071946786627347326e+00 -9.996366307412439811e-01 -2.688455182703854141e-02 -1.848458626808245154e-03 8.447694074367593231e+00
-3.638937944646352535e-02 -6.581285122764819751e-02 9.971750979254623282e-01 2.330636171171352089e+01 -2.717083928693116851e-02 9.975262466350803825e-01 6.481274531056609167e-02 1.108900930523620154e+00 -9.989731945416944203e-01 -2.474639413823056383e-02 -3.808847525040731652e-02 8.410743391973948491e+00
-6.832933906949824332e-02 -6.444111714196125440e-02 9.955998269217588570e-01 2.415833799896571321e+01 -3.000020111190577696e-02 9.975935181864293844e-01 6.249525587846690988e-02 1.141128988216683515e+00 -9.972310870525128434e-01 -2.560140054659642769e-02 -7.009844357415678795e-02 8.351867691019821294e+00
-9.985619884632861154e-02 -6.046554487350977447e-02 9.931448065891850252e-01 2.501779305918110907e+01 -3.247163612464105953e-02 9.978182253287818382e-01 5.749512611725653144e-02 1.182964636754478605e+00 -9.944537516885360029e-01 -2.652171645865281785e-02 -1.016016529854439077e-01 8.266265328452485406e+00
-1.339275775906700883e-01 -5.612893315428563873e-02 9.894351257123998877e-01 2.587934472070377723e+01 -2.932323664510976674e-02 9.981816187770536919e-01 5.268400318063591603e-02 1.209596101419044833e+00 -9.905931757077010014e-01 -2.195804883907436639e-02 -1.353296475325138915e-01 8.146540736891024537e+00
-1.634716580386813556e-01 -5.044588665984275910e-02 9.852453714449280753e-01 2.672565878601993461e+01 -2.440649016286497441e-02 9.985934254663900722e-01 4.704948892372760177e-02 1.234875055284838874e+00 -9.862330624106320220e-01 -1.635490684220893345e-02 -1.644732969067355111e-01 7.989449350251444315e+00
-1.959830510086429667e-01 -4.357977488562934237e-02 9.797263123075901081e-01 2.757390825231279408e+01 -1.874866930244480437e-02 9.989960652273588426e-01 4.069421129131507719e-02 1.253684659959316994e+00 -9.805154919531062774e-01 -1.041127595262227035e-02 -1.966035390113871351e-01 7.810603398126374941e+00
-2.244968564620735407e-01 -3.876280900971221938e-02 9.736240629797928703e-01 2.840975749457089705e+01 -1.227320313383306778e-02 9.992416525742578992e-01 3.694059360038929457e-02 1.267912914273292113e+00 -9.743182379949036909e-01 -3.640322075784361081e-03 -2.248021983653352152e-01 7.602679672569920832e+00
-2.539501234361776771e-01 -3.281715148417638228e-02 9.668225212063663587e-01 2.923696362006143090e+01 -5.439335804521886614e-03 9.994569532988938354e-01 3.249921797193664613e-02 1.283720075569421581e+00 -9.673641530558834134e-01 2.994030927937806411e-03 -2.539908357907556535e-01 7.370732672739531921e+00
-2.791107349591498421e-01 -2.223658229724253740e-02 9.598623286945782151e-01 3.006560597964680426e+01 9.651046209978150683e-04 9.997249242925571044e-01 2.343278722516024468e-02 1.282111489734679477e+00 -9.601194868648160741e-01 7.467681193088509042e-03 -2.790125255055110887e-01 7.120265717725207111e+00
-3.021765903240670181e-01 -7.445433250439724079e-03 9.531880903812438577e-01 3.086841441495731075e+01 5.965588684216639910e-03 9.999350868580254570e-01 9.706967009475528374e-03 1.273912324975532417e+00 -9.531985344886733102e-01 8.623292973282773236e-03 -3.021124906650466402e-01 6.849117709811570087e+00
-3.262377238178250649e-01 9.668743083788167852e-03 9.451394686414122948e-01 3.166707220485136531e+01 6.351103596121381728e-03 9.999475138318125733e-01 -8.039547919643749360e-03 1.256515666022623767e+00 -9.451676976088527748e-01 3.378709143081085314e-03 -3.262820046174115807e-01 6.582705698828289265e+00
-3.527391802973970925e-01 2.497459406953811065e-02 9.353661170330630492e-01 3.245637790435628034e+01 5.978822252747385477e-03 9.996834885178530472e-01 -2.444287548867724036e-02 1.237718810801385683e+00 -9.356804875081516926e-01 -3.023218262064304544e-03 -3.527767598024107998e-01 6.287578583633377072e+00
-3.756387800448326986e-01 3.544138049480623220e-02 9.258901347006878169e-01 3.323982882622483004e+01 9.978341827063461067e-03 9.993647827964138308e-01 -3.421207116338905591e-02 1.199176308117194889e+00 -9.265148665001625705e-01 -3.626660634813383584e-03 -3.757534249412937677e-01 5.964111697217009400e+00
-4.006751096146603519e-01 4.015581893442668471e-02 9.152560450915401269e-01 3.401908373246503459e+01 1.330779979952486682e-02 9.991887963255824401e-01 -3.800897062117095104e-02 1.149803486126012242e+00 -9.160397744489569005e-01 -3.047147693139981659e-03 -4.008845329824369808e-01 5.627599466838651310e+00
-4.227481909684770445e-01 4.039517281882808869e-02 9.055368573242856822e-01 3.479196992103488384e+01 1.560505070253651733e-02 9.991824550739555333e-01 -3.729757432368353137e-02 1.108309670841876038e+00 -9.063031861262218492e-01 -1.631216148721041778e-03 -4.230330383001957850e-01 5.259699256890058017e+00
-4.426974065700665095e-01 3.598280268168120577e-02 8.957798866311161845e-01 3.555106446890476235e+01 1.974990984989952181e-02 9.993432041298079271e-01 -3.036775669916052384e-02 1.064323230980493973e+00 -8.962848666382948748e-01 4.230707718370839594e-03 -4.431173372955355405e-01 4.883239615381993914e+00
-4.617490941547740535e-01 3.475331649690587693e-02 8.864804332851711210e-01 3.630473318679568706e+01 2.716704637136995240e-02 9.993173941089033008e-01 -2.503309570695274114e-02 1.020832614102791913e+00 -8.867455906661990683e-01 1.251718872837035042e-02 -4.623779942442904356e-01 4.487938976037567862e+00
-4.748353042291957871e-01 3.444112198292971494e-02 8.796025020525769511e-01 3.704078641987954512e+01 3.005856999329356224e-02 9.992855118919367063e-01 -2.291530221509726489e-02 9.760387516037726252e-01 -8.797632652792474195e-01 1.556856113340416084e-02 -4.755314836026821590e-01 4.073859803610417885e+00
-4.851793849553613924e-01 3.886586199531714969e-02 8.736441935044777507e-01 3.775778235563896601e+01 3.372433343591110799e-02 9.991000290575882126e-01 -2.573927899446767573e-02 9.377492163759515442e-01 -8.738583324455362344e-01 1.697956620984038267e-02 -4.860534759141316163e-01 3.668729185623951228e+00
-4.955812610242701366e-01 4.117627327672528786e-02 8.678550158150259985e-01 3.845655921329955618e+01 3.525699429311102140e-02 9.990060471160909783e-01 -2.727546481215556429e-02 8.937914901417407521e-01 -8.681153154120359039e-01 1.709327341083514279e-02 -4.965404496202632245e-01 3.265760522037575164e+00
-5.037703067105543386e-01 4.137125407956416395e-02 8.630278111321021406e-01 3.916923820180510774e+01 2.932251602995374767e-02 9.990956312129870565e-01 -3.081116534133956919e-02 8.555100962497967920e-01 -8.635217760372411178e-01 9.802269268294321394e-03 -5.045277452139499408e-01 2.862046034088646884e+00
-5.156731493314663517e-01 3.887527151673273590e-02 8.559310149517785904e-01 3.986754770429594430e+01 2.681079758427456355e-02 9.992129293263971590e-01 -2.924017976896209695e-02 8.216605801713807722e-01 -8.563940503022713369e-01 7.872898261417366622e-03 -5.163095792274136064e-01 2.451847013840333656e+00
-5.236602402432670722e-01 4.057821011591829924e-02 8.511029947688170116e-01 4.056747755405761779e+01 2.947004514975246070e-02 9.991299231255590385e-01 -2.951769303770272745e-02 7.853486042246051735e-01 -8.515601808888343394e-01 9.632051008475479847e-03 -5.244004470805951890e-01 2.008582719583554610e+00
-5.312739879060668358e-01 4.373480902590330677e-02 8.459758752992045938e-01 4.126903949370543501e+01 3.348662464386719523e-02 9.989704876815056478e-01 -3.058931111377385242e-02 7.381389747194554429e-01 -8.464429022073706177e-01 1.207868253489079342e-02 -5.321916460500056845e-01 1.565404408063220565e+00
-5.341122508589251083e-01 4.681676949639113766e-02 8.441717631913655540e-01 4.198090486284835521e+01 3.411809139217619746e-02 9.988458409634838331e-01 -3.380654805862818441e-02 7.079476534558792888e-01 -8.447802566015946146e-01 1.074827054130058322e-02 -5.350931777739311723e-01 1.123697651587706403e+00
-5.341744279760849423e-01 4.909215519652560672e-02 8.444591785896101710e-01 4.271172487391113748e+01 3.357116319930524700e-02 9.987570000740526588e-01 -3.686752321428312523e-02 6.711051826926353048e-01 -8.452187535035055044e-01 8.684135468834341953e-03 -5.351585842325196074e-01 6.580839979517804084e-01
-5.288351246635608627e-01 4.912125270873740623e-02 8.470255154483468107e-01 4.346553413915397357e+01 3.602763284779354064e-02 9.987232260645172444e-01 -3.539819349624677425e-02 6.246110191692783031e-01 -8.476834834322287682e-01 1.178192311736589275e-02 -5.299295290132611802e-01 1.971403393264642701e-01
-5.260503174751512967e-01 4.790393424395254091e-02 8.498152883865620622e-01 4.421300123979301588e+01 3.471234804194135715e-02 9.987900479792818365e-01 -3.485812835327457837e-02 5.846105054673355061e-01 -8.504561988328517286e-01 1.119212333634526241e-02 -5.270768147974960183e-01 -2.537279639909585383e-01
-5.170091776591073662e-01 4.623228128512704010e-02 8.544577717601119504e-01 4.500579919399637419e+01 3.257807838810343470e-02 9.988794089397540210e-01 -3.434416516813409981e-02 5.429525239008888837e-01 -8.550883082783492517e-01 1.008167188889786195e-02 -5.179358097413400142e-01 -7.299371421979774510e-01
-5.090461737418557897e-01 4.667781580587615498e-02 8.598233862055610910e-01 4.581018892748195270e+01 3.064897188160367256e-02 9.988784881105594593e-01 -3.609271642749097703e-02 5.012871815838304546e-01 -8.605437384438454629e-01 7.988419181682672454e-03 -5.099062050547389369e-01 -1.186181675206030128e+00
-5.038787866342697708e-01 4.441542479420339945e-02 8.621941788779071691e-01 4.659538869674850758e+01 2.772040716039869332e-02 9.989940871756389784e-01 -3.523028264163325513e-02 4.577951263325861775e-01 -8.628926771724294564e-01 6.121797231418572675e-03 -5.046031082920710009e-01 -1.637252623463754331e+00
-4.987516180823699519e-01 4.212588250879610585e-02 8.659676448802704485e-01 4.743369431404884295e+01 2.383108180542539700e-02 9.991068543401693258e-01 -3.491154527030026350e-02 4.134384142474391566e-01 -8.666646935493268478e-01 3.237387230020920270e-03 -4.993100986139852870e-01 -2.105527337781411656e+00
-4.960841323214598142e-01 3.896955290636960889e-02 8.670778861070894683e-01 4.827092927235625552e+01 1.860528453456417389e-02 9.992395246357723693e-01 -3.425537829292612385e-02 3.735182883980027180e-01 -8.677541223749705157e-01 -8.868465835552275228e-04 -4.964317499650693910e-01 -2.564404677835361746e+00
-4.961612280095703542e-01 3.651478310067538674e-02 8.670918823915407803e-01 4.914538795860618592e+01 1.520339942166656390e-02 9.993271025595837909e-01 -3.335708793192693200e-02 3.213612681713712282e-01 -8.677273482966733065e-01 -3.401832151525324872e-03 -4.963823295327710050e-01 -3.052800741726730660e+00
-4.975528935965006228e-01 3.522736493431568444e-02 8.665074248551862812e-01 5.001429753557158620e+01 1.461645034849788465e-02 9.993735179020422077e-01 -3.223488345539812089e-02 2.785749558560388084e-01 -8.671001524644161851e-01 -3.371334586513443851e-03 -4.977559749620510399e-01 -3.535939070736309198e+00
-4.999434511178577067e-01 3.406388346183393534e-02 8.652527168669010837e-01 5.089847703481698460e+01 1.473006835927206069e-02 9.994161850900205035e-01 -3.081398469674757196e-02 2.291963530641046298e-01 -8.657975122537919788e-01 -2.671756414358180971e-03 -5.001533892131754255e-01 -4.041476859493075224e+00
-4.989540060654044096e-01 3.310650472760971047e-02 8.661824688845120024e-01 5.179347095600768114e+01 1.330530428737051844e-02 9.994448850266040019e-01 -3.055987546732377019e-02 1.836453187488271133e-01 -8.667129455049340514e-01 -3.696323162575145243e-03 -4.991175879455746478e-01 -4.551208161119617124e+00
-4.975141083296807376e-01 3.414192655795283277e-02 8.668490572655460635e-01 5.269630361567473642e+01 1.495869654255007827e-02 9.994143464866551696e-01 -3.078581005573538185e-02 1.338477819890054599e-01 -8.673921291581290216e-01 -2.331708598629749114e-03 -4.977335456616284182e-01 -5.059804306937496499e+00
-4.999228523377681754e-01 3.230941629912807006e-02 8.656855666650433712e-01 5.360576063895886989e+01 1.425547453038917417e-02 9.994756558496602494e-01 -2.906273936989329371e-02 8.766694807115385513e-02 -8.661708760756366976e-01 -2.194071958276271831e-03 -5.001213722184046917e-01 -5.566412088815318349e+00
-4.975508184640580200e-01 3.105272246092015756e-02 8.664461932068657779e-01 5.453499049368178930e+01 1.222426266940898100e-02 9.995103587240709020e-01 -2.879028201927405148e-02 4.210571327471356040e-02 -8.669163117071472247e-01 -3.751032509792227593e-03 -4.976868707062563346e-01 -6.078458514462412587e+00
-4.989655016378395924e-01 3.085706780576629241e-02 8.661603633309885586e-01 5.543970677650671774e+01 1.169245187862833976e-02 9.995145242658860507e-01 -2.888771991230559485e-02 -6.536343746833914170e-03 -8.666310726930883668e-01 -4.270513181200471381e-03 -4.990842086803689015e-01 -6.575532188274308965e+00
-4.962002106441936733e-01 2.970615343321674623e-02 8.674351277983208819e-01 5.636735371335762323e+01 1.017241498404363766e-02 9.995445988580283769e-01 -2.839383421272291541e-02 -5.730238826635564164e-02 -8.678840580228762702e-01 -5.289795467132703960e-03 -4.962763502270793881e-01 -7.080374157132792945e+00
-4.961933259400738705e-01 2.830661798685600930e-02 8.676812443219273918e-01 5.728656743648856775e+01 9.531901360791858804e-03 9.995856990433250600e-01 -2.715520363372937382e-02 -1.121459016102800132e-01 -8.680904491221225205e-01 -5.201278713080190533e-03 -4.962576077166697130e-01 -7.604659544647182301e+00
-4.947111183748104102e-01 2.609965627086712273e-02 8.688425353285498254e-01 5.819612901120807891e+01 1.059787209246247641e-02 9.996558519204047366e-01 -2.399853729781677159e-02 -1.614583998076650762e-01 -8.691697465451012627e-01 -2.656517550629628865e-03 -4.948176063750315823e-01 -8.096786100821677934e+00
-4.908720285550755014e-01 2.461439154342708047e-02 8.711887383197467472e-01 5.912988982502468360e+01 1.050848780182592028e-02 9.996953992919015430e-01 -2.233623829411421000e-02 -2.099596134885833298e-01 -8.714730069395819623e-01 -1.795019906687149317e-03 -4.909813163697606120e-01 -8.613824371141978631e+00
-4.880961374435487943e-01 2.372467242884534339e-02 8.724511253739579697e-01 6.004025014919112380e+01 9.456249350816719329e-03 9.997156938725353381e-01 -2.189117118622444999e-02 -2.558633287229548636e-01 -8.727222802805679747e-01 -2.437556731671909269e-03 -4.881817286034403347e-01 -9.115101852709155850e+00
-4.856489231281704844e-01 2.578576819731418293e-02 8.738600071082676113e-01 6.095248557234589981e+01 1.154591171522301694e-02 9.996669441631097497e-01 -2.308831087554615372e-02 -2.977250224042940485e-01 -8.741640877629973660e-01 -1.115481254534009519e-03 -4.857850293395351571e-01 -9.609379817887122144e+00
-4.856598176419910096e-01 2.492416259825353669e-02 8.741484406249098171e-01 6.184537610367194560e+01 1.077280751185086261e-02 9.996883843316066720e-01 -2.253292483153852832e-02 -3.464536055801232806e-01 -8.744372871412541270e-01 -1.507386744273363959e-03 -4.857770379496864077e-01 -1.010063043346969103e+01
-4.843126148962962341e-01 2.597430471295482726e-02 8.742117100072953617e-01 6.274923775961222816e+01 9.866027321677158304e-03 9.996576497871608735e-01 -2.422119457848414745e-02 -3.950685796285231532e-01 -8.745420416817838438e-01 -3.132949835959335065e-03 -4.844029226834518642e-01 -1.060699189219130112e+01
-4.871773271651395620e-01 2.731215800758707984e-02 8.728188761067083856e-01 6.366176196283973354e+01 8.640050358529990232e-03 9.996126162720148089e-01 -2.646572513639325330e-02 -4.429024456810761734e-01 -8.732035726930004182e-01 -5.343097984362219117e-03 -4.872246403317745389e-01 -1.110622233975871254e+01
-4.910540373232077371e-01 2.803490417648656780e-02 8.711443731584510575e-01 6.455994387852616967e+01 7.381186507273406090e-03 9.995804703319137730e-01 -2.801843903223968230e-02 -4.966942449314629138e-01 -8.715640425452232387e-01 -7.309109855870117231e-03 -4.910550897298212036e-01 -1.161255086397959602e+01
-4.962671872986588739e-01 2.779341155618926529e-02 8.676633315462709550e-01 6.545592468167123457e+01 7.327945072889752165e-03 9.995859855774966718e-01 -2.781958994239790844e-02 -5.401573399424802746e-01 -8.680775388394026404e-01 -7.456837905301160439e-03 -4.962653634300524530e-01 -1.211254577226660167e+01
-5.012901022430292786e-01 2.347488521844039167e-02 8.651027710242358282e-01 6.633828641211499644e+01 1.043831566481011851e-02 9.997232135060546421e-01 -2.108563253171159488e-02 -5.949854797686848773e-01 -8.653583000807409942e-01 -1.538824330017282216e-03 -5.013963561780339084e-01 -1.262939839843169132e+01
-5.080022524333758227e-01 2.132865287619151867e-02 8.611770319579776789e-01 6.721500299973709502e+01 6.768861709228575323e-03 9.997612600328851240e-01 -2.077426024188167714e-02 -6.409342136951605706e-01 -8.614146424578303929e-01 -4.730140277884774952e-03 -5.080250555540686275e-01 -1.311512469777861867e+01
-5.132530706769448114e-01 2.431059212035025299e-02 8.583698185697756777e-01 6.809948795118199882e+01 7.875005615653959262e-03 9.996902129697875505e-01 -2.361181629953049491e-02 -6.874324436361539670e-01 -8.586778895086515373e-01 -5.352595444701241031e-03 -5.132854584854698032e-01 -1.362753946370535374e+01
-5.160739083347249956e-01 2.600169275684576994e-02 8.555107252466283008e-01 6.895545758141302883e+01 8.400101811332152599e-03 9.996442661644994176e-01 -2.530960420590152096e-02 -7.310939137048136915e-01 -8.558647087972002243e-01 -5.894142254638037003e-03 -5.161084142033706135e-01 -1.414393154163772515e+01
-5.213655122650751039e-01 2.589223912622164170e-02 8.526449071064287066e-01 6.980962639147564630e+01 7.033820611849063258e-03 9.996357250569685160e-01 -2.605040874597788075e-02 -7.771571887263193368e-01 -8.530091797887466853e-01 -7.605168390713603656e-03 -5.213573972210621132e-01 -1.463584898126762468e+01
-5.242456047555197340e-01 2.646048429808510460e-02 8.509466108867144163e-01 7.067355698118828400e+01 5.549186239836754846e-03 9.996018568657886183e-01 -2.766986705524728668e-02 -8.285755399370711149e-01 -8.513399539973104391e-01 -9.785345280168335561e-03 -5.241834234359523670e-01 -1.516778516745666394e+01
-5.280598986851285925e-01 2.550663835258258974e-02 8.492762930177784053e-01 7.151071854793869420e+01 5.706464067901257167e-03 9.996332820270671382e-01 -2.647966663524877959e-02 -8.777042255559035500e-01 -8.496399174755892014e-01 -9.121183897568817603e-03 -5.280118293868605317e-01 -1.566619597936146668e+01
-5.306665041849999431e-01 1.917585115510801741e-02 8.474891137605971014e-01 7.235108984841471624e+01 7.708909360566218276e-03 9.998119197219021981e-01 -1.780437551180532110e-02 -9.177133784930979754e-01 -8.476709414696155243e-01 -2.898012191482822811e-03 -5.307145101948002042e-01 -1.618830878336869361e+01
-5.316197615528720499e-01 9.709679892082316577e-03 8.468331265721276147e-01 7.318896047007848438e+01 7.018504426952665992e-03 9.999503926542477883e-01 -7.053794738791025268e-03 -9.575152371946558105e-01 -8.468599242780527891e-01 2.184768011333655061e-03 -5.316615198495445727e-01 -1.672824335915447946e+01
-5.344094649848863954e-01 6.435017934305519577e-03 8.447598994654602622e-01 7.402270005013660636e+01 7.147518848819691892e-03 9.999696371166756359e-01 -3.097900369318161776e-03 -9.880043534228537538e-01 -8.447544318792835627e-01 4.380495301558159395e-03 -5.344391208202964316e-01 -1.724353630663839354e+01
-5.344412002494822733e-01 1.209289917768014561e-02 8.446565296611100448e-01 7.484978978353606749e+01 7.242890947057803799e-03 9.999263431204000740e-01 -9.732633137662396322e-03 -1.014929081075868211e+00 -8.447122881721521592e-01 9.071098067817761701e-04 -5.344894401273876383e-01 -1.777125269441668820e+01
-5.358751068258139627e-01 1.803420867070142097e-02 8.434754706073972486e-01 7.565715053545892488e+01 8.635608759497509501e-03 9.998363775032886869e-01 -1.588071554887093839e-02 -1.049937965651016825e+00 -8.436243423240672445e-01 -1.242892946787835630e-03 -5.359431179636993114e-01 -1.828331152539404059e+01
-5.371788056212872808e-01 2.214490687669026098e-02 8.432280877318143464e-01 7.647848445404473239e+01 1.391571345792722708e-02 9.997518020389660753e-01 -1.740357242118052011e-02 -1.086454721211791874e+00 -8.434042998331796603e-01 2.395746463521370839e-03 -5.373535797993316265e-01 -1.880896802379262311e+01
-5.370872212427817427e-01 2.321326970442828472e-02 8.432624886815833776e-01 7.729540845772581292e+01 1.770698845991021050e-02 9.997111473009442362e-01 -1.625185709427159897e-02 -1.125303839630252822e+00 -8.433962972137818426e-01 6.211648636163636696e-03 -5.373430570510520088e-01 -1.934027042776587990e+01
-5.357018440469925036e-01 1.975232478180764806e-02 8.434349667766766201e-01 7.811728027749737180e+01 1.572810357026188308e-02 9.997862682174017968e-01 -1.340865802505906458e-02 -1.165027687442468984e+00 -8.435199154352055473e-01 6.075098642543011983e-03 -5.358978883351432909e-01 -1.986589050888120767e+01
-5.357070535709156367e-01 1.399852800563007420e-02 8.444565152314782441e-01 7.893838629835116194e+01 1.391970668646774767e-02 9.998730345485262738e-01 -7.746309006886156409e-03 -1.187546721706604025e+00 -8.444580208974998836e-01 7.609718689042227480e-03 -5.358337713905135802e-01 -2.037587985400418589e+01
-5.343297072573616191e-01 8.037991828950600409e-03 8.450618864568323341e-01 7.976389044142564444e+01 1.184282276465601150e-02 9.999278130811032339e-01 -2.022361175030789205e-03 -1.207847681508479543e+00 -8.450173178230149240e-01 8.929154481664069651e-03 -5.343862766382556639e-01 -2.089162414805859669e+01
-5.330512366676313230e-01 2.163032981248628854e-03 8.458954719822672219e-01 8.057313785186838118e+01 4.122806560243984578e-03 9.999915872129987449e-01 3.541915160825877815e-05 -1.234495682899443780e+00 -8.458883373246447457e-01 3.499934227605412500e-03 -5.330555510649289674e-01 -2.137366495844286618e+01
-5.318125978896307560e-01 -3.422182879033453841e-03 8.471583104389297514e-01 8.139744220016250154e+01 -5.295231542507957030e-03 9.999858207248690789e-01 7.235340779225783985e-04 -1.250391085342358766e+00 -8.471488263516736561e-01 -4.095957203880905978e-03 -5.318231156422452699e-01 -2.187313340570513276e+01
-5.292921823034038020e-01 -2.959927485904010822e-03 8.479462692051574768e-01 8.221505807429743129e+01 -1.331524393175223010e-03 9.999956348999197164e-01 2.648216175464983800e-03 -1.269744001789020027e+00 -8.479505172402567181e-01 2.819550642622987904e-04 -5.292936859224743884e-01 -2.237694173534492847e+01
-5.278170186080778370e-01 9.761027636486717092e-05 8.494490160950263213e-01 8.302302661819751961e+01 3.045196341394686406e-03 9.999937622850539887e-01 1.777635225926519746e-03 -1.296571904283604804e+00 -8.494437060555822816e-01 3.529218337301934412e-03 -5.278140436914720013e-01 -2.287636515223700329e+01
-5.211718335099340127e-01 3.621991199316007461e-03 8.533875015903810146e-01 8.384237113511301231e+01 3.382702676004732244e-03 9.999919707512621159e-01 -2.180268918517190655e-03 -1.310444271291201446e+00 -8.533887033213172213e-01 1.754633167481047928e-03 -5.211797277717235000e-01 -2.338239365812286863e+01
-5.130418406447843083e-01 5.039747648749099383e-03 8.582456920658372290e-01 8.465395163703422554e+01 8.553671018300183088e-03 9.999632214142687436e-01 -7.586505822130704341e-04 -1.330655040941705503e+00 -8.582182201759191997e-01 6.948767970835123022e-03 -5.130659449212485734e-01 -2.386234146290684777e+01
-5.063045455619338275e-01 7.569145083404944623e-03 8.626419470016254420e-01 8.546614287020994993e+01 1.606406510471878116e-02 9.998708560357253416e-01 6.512112733603409379e-04 -1.355524940965680658e+00 -8.625256239969888439e-01 1.418395012887106905e-02 -5.063606858934082133e-01 -2.433995077734360635e+01
-4.958653487710597552e-01 7.776901550030039870e-03 8.687011037702683236e-01 8.629129554073827535e+01 1.576251346583631280e-02 9.998757986763410210e-01 4.045927338555001089e-05 -1.380657331593997394e+00 -8.685928305843766406e-01 1.371227497187951436e-02 -4.959264209460070849e-01 -2.480660817997642198e+01
-4.855193100829432451e-01 4.532200742167384090e-03 8.743043543998573197e-01 8.712379198874388919e+01 1.085068166652574523e-02 9.999407767467812791e-01 8.436356102202056603e-04 -1.391426742883913770e+00 -8.742485951871197258e-01 9.895767833939538710e-03 -4.855397380146985742e-01 -2.524424491593301312e+01
-4.723414328124447836e-01 8.718922234139842324e-04 8.812490769082844677e-01 8.796524056869166941e+01 1.215755877489449119e-02 9.999107603261759847e-01 5.526352796463207019e-03 -1.406842099040768845e+00 -8.811655798690092301e-01 1.332710740009826304e-02 -4.723099209471112170e-01 -2.569361300543972604e+01
-4.619778095439444621e-01 7.561230003165801336e-04 8.870751638465170785e-01 8.880007453489385227e+01 1.162171110142888250e-02 9.999188979963185009e-01 5.198572177019441035e-03 -1.420626112098525295e+00 -8.869994444788091847e-01 1.270803770418062889e-02 -4.619492194795956630e-01 -2.611968528601053308e+01
-4.492569938983574374e-01 -3.182218364663527677e-04 8.930094678825590826e-01 8.964173741498878201e+01 1.135742676076278816e-02 9.999170852757155448e-01 6.070182212002711748e-03 -1.428906249648308036e+00 -8.929372793115762930e-01 1.287473554110719724e-02 -4.492161152134939162e-01 -2.653082382526478966e+01
-4.375324905221381622e-01 -1.675886144590861874e-04 8.995163597591667726e-01 9.049968152763470641e+01 1.426015505975084148e-02 9.998729093387779265e-01 7.118862081754758452e-03 -1.453044405030399000e+00 -8.994033916321401145e-01 1.593832523144792651e-02 -4.374745590697068365e-01 -2.695277738071623475e+01
