1.0 0.0 0.0 0.0 0.0 1.0 0.0 0.0 0.0 0.0 1.0 0.0
0.9997636 0.021738796 4.211733e-05 0.08642578 -0.02173883 0.99976295 0.001165645 -0.03930664 -1.6756618e-05 -0.0011662852 0.99999934 -0.0234375
0.9992895 0.037688754 -0.00065408356 0.26708984 -0.037686512 0.9992848 0.003158017 -0.028808594 0.0007726244 -0.0031311316 0.9999948 0.0031738281
0.99794865 0.063974835 0.0020075575 0.42199707 -0.06398471 0.9979359 0.005313058 -0.04711914 -0.0016634244 -0.0054306285 0.99998385 -0.00024414062
0.99523485 0.09744712 0.003624996 0.5888672 -0.09746417 0.9952279 0.0048714615 -0.09326172 -0.0031331605 -0.0052014915 0.9999816 -0.015380859
0.99081326 0.13508232 0.0069745798 0.7947998 -0.13509698 0.99083436 0.0016748591 -0.15039062 -0.006684482 -0.0026015711 0.99997425 -0.0056152344
0.98456246 0.1748642 0.007772395 0.9842529 -0.17485857 0.98459315 -0.0014020451 -0.21740723 -0.007897865 2.1288579e-05 0.9999688 -0.012451172
0.97600144 0.21755512 0.009504204 1.1920166 -0.21755092 0.9760475 -0.0014855406 -0.2906494 -0.009599829 -0.00061764044 0.99995375 -0.0087890625
0.96394855 0.26571488 0.013293715 1.4157715 -0.26571983 0.9640378 -0.001422859 -0.37182617 -0.013193872 -0.0021608768 0.99991065 -0.022094727
0.9496369 0.31269965 0.019034384 1.6566162 -0.31266332 0.9498268 -0.004932385 -0.4864502 -0.019622406 -0.0012689752 0.99980664 -0.028076172
0.9325763 0.36010206 0.024965951 1.8758545 -0.35983336 0.9328985 -0.014681987 -0.6081543 -0.028578434 0.004707858 0.99958044 -0.018676758
0.91133714 0.41076544 0.02799265 2.1154785 -0.4103212 0.91173935 -0.02036572 -0.7418213 -0.03388721 0.007077342 0.99940073 -0.018920898
0.88594353 0.46273407 0.0311484 2.369995 -0.46225065 0.88647807 -0.021682821 -0.9197998 -0.037647225 0.0048079863 0.9992793 -0.022338867
0.85689837 0.514224 0.035966773 2.607666 -0.513682 0.85765135 -0.023673315 -1.0865479 -0.043018818 0.0018051006 0.9990722 -0.044189453
0.825379 0.5632116 0.037493933 2.8476562 -0.5624555 0.82622427 -0.029346818 -1.3023682 -0.04750969 0.003129566 0.9988659 -0.04675293
0.7898062 0.61215734 0.03839136 3.071289 -0.6111671 0.79072696 -0.035059027 -1.5246582 -0.05182257 0.0042310115 0.9986478 -0.056030273
0.75101584 0.6592013 0.038074184 3.2854004 -0.6580608 0.7519683 -0.038996305 -1.77771 -0.05433258 0.0042352267 0.99851406 -0.07128906
0.71204495 0.70118594 0.03546888 3.536255 -0.6999523 0.7129103 -0.041873574 -2.060669 -0.054651048 0.0049876887 0.9984931 -0.087890625
0.669695 0.74187136 0.03590302 3.7470703 -0.74051106 0.6706469 -0.045046024 -2.3425293 -0.057492502 0.0035871863 0.9983397 -0.10681152
0.6277767 0.77742803 0.03857526 3.9641113 -0.776106 0.62895894 -0.04534834 -2.6729736 -0.059514116 -0.0014672447 0.99822646 -0.1385498
0.5856559 0.80960226 0.040106867 4.198242 -0.8082677 0.5870062 -0.04673463 -3.0047607 -0.06137884 -0.0050495565 0.99810153 -0.15783691
0.5454112 0.83717763 0.03923987 4.4190674 -0.83590317 0.546772 -0.046759874 -3.3809814 -0.06060017 -0.0072934944 0.9981356 -0.18188477
0.5070076 0.8611397 0.040028986 4.6358643 -0.8597187 0.5085079 -0.050258517 -3.793457 -0.063613206 -0.008936344 0.99793357 -0.20178223
0.4696604 0.88193244 0.041802235 4.853882 -0.88060343 0.47133136 -0.050177693 -4.211426 -0.063948564 -0.013244512 0.997865 -0.2319336
0.43326634 0.90045166 0.039772313 5.0546875 -0.89919287 0.43485475 -0.0496742 -4.672241 -0.062026095 -0.014236283 0.99797326 -0.26391602
0.39898205 0.91626936 0.03597587 5.2564697 -0.91506433 0.40037563 -0.04884852 -5.1674805 -0.05916964 -0.013434069 0.99815774 -0.2927246
0.3696952 0.92857915 0.031476475 5.4348145 -0.9274619 0.37084517 -0.047059488 -5.6798096 -0.055357754 -0.011789565 0.9983967 -0.32507324
0.34519798 0.9380431 0.028914208 5.6289062 -0.9369881 0.34622425 -0.045894254 -6.2280273 -0.053045556 -0.011247937 0.9985282 -0.35888672
0.3236289 0.9457351 0.026359672 5.8223877 -0.9446976 0.32453987 -0.045451522 -6.803833 -0.05154793 -0.010180624 0.9986192 -0.3935547
0.31014958 0.95037454 0.025080167 6.007324 -0.9492786 0.3110206 -0.0465606 -7.3981934 -0.052070748 -0.009368537 0.9986 -0.42663574
0.2975973 0.95423645 0.024217762 6.2054443 -0.95306945 0.29845104 -0.048002172 -8.022705 -0.053036988 -0.008788683 0.9985541 -0.45458984
0.28546864 0.95803 0.025226668 6.3980713 -0.95677894 0.28641072 -0.049930718 -8.67041 -0.055061426 -0.009884921 0.998434 -0.4921875
0.2761005 0.96069187 0.027247615 6.6015625 -0.9593647 0.27718857 -0.05184171 -9.347168 -0.057373784 -0.0118126385 0.99828386 -0.53552246
0.26500562 0.9638626 0.027896062 6.800415 -0.96247447 0.2661655 -0.053236347 -10.048096 -0.05875457 -0.012758183 0.998191 -0.5708008
0.25432867 0.9666199 0.029246593 6.984253 -0.96513885 0.255613 -0.055328913 -10.778442 -0.060963787 -0.014157107 0.99803966 -0.6086426
0.24479719 0.96911645 0.029817045 7.1812744 -0.9675025 0.24616763 -0.057793792 -11.519409 -0.06336586 -0.014702838 0.99788266 -0.65478516
0.2329099 0.9720851 0.02918999 7.3638916 -0.97044724 0.23426762 -0.05830443 -12.282715 -0.06351669 -0.014735908 0.99787235 -0.69311523
0.22382832 0.97413933 0.030957805 7.5463867 -0.9723608 0.2253615 -0.061079074 -13.058716 -0.06648371 -0.016447736 0.9976516 -0.7406006
0.21213178 0.9767101 0.033788808 7.7252197 -0.97473544 0.21395126 -0.06496289 -13.8498535 -0.07066842 -0.01916724 0.99731475 -0.791626
0.19867246 0.97952974 0.033904076 7.894409 -0.9773019 0.2006031 -0.068807915 -14.649658 -0.074221686 -0.019482035 0.9970518 -0.8391113
0.18571876 0.9819055 0.034277085 8.051025 -0.9795209 0.187757 -0.07133845 -15.463135 -0.07651079 -0.02031976 0.99686295 -0.8873291
0.17161605 0.98460853 0.034075014 8.199707 -0.98218876 0.1736903 -0.07211757 -16.26831 -0.07694934 -0.021098763 0.9968127 -0.9349365
0.15678483 0.98694164 0.03427644 8.33313 -0.984655 0.15888083 -0.070881136 -17.092163 -0.07540059 -0.022601154 0.996898 -0.98986816
0.14056891 0.9894207 0.03441641 8.453247 -0.9871299 0.1427251 -0.07141286 -17.909424 -0.07559899 -0.023905609 0.9968539 -1.0380859
0.11979739 0.9921694 0.035176508 8.557129 -0.99008065 0.12201278 -0.06959252 -18.739624 -0.07333155 -0.02649256 0.99695516 -1.0855713
0.09550064 0.99466944 0.03825833 8.64209 -0.9927824 0.09796608 -0.068828344 -19.573608 -0.07221141 -0.031397887 0.9968953 -1.1397705
0.065846376 0.9970379 0.040389724 8.705811 -0.99535 0.06849533 -0.06811243 -20.417603 -0.07066252 -0.03573332 0.996859 -1.1883545
0.030436989 0.9986664 0.04154466 8.743042 -0.99709713 0.03323412 -0.06839112 -21.276733 -0.06970276 -0.03934571 0.9967927 -1.2412109
-0.0020587493 0.99914515 0.041286435 8.740967 -0.9976993 0.00074393593 -0.067790054 -22.124756 -0.06776679 -0.0413049 0.9968464 -1.2850342
-0.038302425 0.9984953 0.039379105 8.714111 -0.99707735 -0.035577517 -0.067714795 -22.98938 -0.06617992 -0.041845247 0.99692833 -1.3292236
-0.07029081 0.99672645 0.04043022 8.664185 -0.99551344 -0.06750332 -0.06661233 -23.841553 -0.06364725 -0.044925 0.99695987 -1.3687744
-0.1017549 0.993924 0.041540787 8.58728 -0.9930747 -0.09903956 -0.0629099 -24.701172 -0.058426518 -0.047643095 0.99715483 -1.4187012
-0.13548005 0.99011827 0.037175346 8.476685 -0.9893783 -0.1331687 -0.05886667 -25.563354 -0.053358678 -0.044756398 0.99757314 -1.453125
-0.16462244 0.9858329 0.03173965 8.327148 -0.9851996 -0.16279587 -0.053442363 -26.410278 -0.047489643 -0.040063836 0.9980668 -1.486084
-0.19674887 0.9801976 0.025974061 8.15686 -0.9796899 -0.1954056 -0.046866924 -27.259521 -0.040868446 -0.03464668 0.99856395 -1.5126953
-0.22496593 0.974095 0.019347198 7.9561768 -0.97358906 -0.22400834 -0.042309478 -28.09668 -0.036869068 -0.028370604 0.99891686 -1.5335693
-0.25416768 0.9672368 0.01285914 7.7318115 -0.96678716 -0.25356233 -0.036635526 -28.925293 -0.032169413 -0.021739881 0.999246 -1.5560303
-0.27915886 0.9600682 0.008511011 7.487793 -0.9598334 -0.27885747 -0.026297588 -29.755127 -0.022871086 -0.015511064 0.999618 -1.5625
-0.3021766 0.9531878 0.0074779987 7.2227783 -0.95317537 -0.30208054 -0.011735912 -30.558716 -0.0089313835 -0.0106793605 0.99990314 -1.5635986
-0.32619584 0.94511616 0.012845312 6.963379 -0.94516027 -0.3262807 0.005122207 -31.35852 0.009036701 -0.01046853 0.99990433 -1.5568848
-0.35254097 0.9355737 0.019368086 6.6761475 -0.93542176 -0.3529009 0.020141445 -32.14966 0.02568731 -0.011020811 0.9996094 -1.5480957
-0.3754487 0.9264283 0.02006377 6.359131 -0.9259582 -0.3759159 0.030363247 -32.935303 0.035686858 -0.0071623325 0.9993372 -1.5170898
-0.40055752 0.9159788 0.019570464 6.029785 -0.9153259 -0.40101564 0.034809213 -33.71765 0.039737284 -0.003972627 0.9992023 -1.4731445
-0.42271888 0.906268 0.018220345 5.6679688 -0.90560097 -0.4231077 0.034810252 -34.49353 0.039252046 -0.0017889446 0.9992278 -1.4353027
-0.44288573 0.8963236 0.012401728 5.296631 -0.8958181 -0.4430532 0.03018307 -35.25598 0.03254025 0.0022710639 0.9994674 -1.3927002
-0.46223423 0.8868991 0.0041620657 4.906006 -0.8864848 -0.46215323 0.028754434 -36.012573 0.027419606 0.009605473 0.99957776 -1.3509521
-0.47542083 0.87995994 0.0011394098 4.494995 -0.8795928 -0.47525924 0.028297793 -36.75061 0.025447883 0.012440578 0.9995988 -1.3087158
-0.48593304 0.87409014 -0.0002437476 4.092163 -0.8736291 -0.48566788 0.03260419 -37.468872 0.028393714 0.01605704 0.9994681 -1.2745361
-0.49641022 0.86835784 -0.0003320221 3.6916504 -0.867838 -0.4961001 0.03479407 -38.169067 0.030046728 0.017540867 0.99939466 -1.2341309
-0.50432664 0.86366653 0.0069736857 3.290039 -0.8630391 -0.50424266 0.034878496 -38.882935 0.033662047 0.01156401 0.9993669 -1.2001953
-0.5161058 0.8565066 0.008917935 2.8828125 -0.855947 -0.51610434 0.032236554 -39.583374 0.032220565 0.009005031 0.9994403 -1.1688232
-0.52420586 0.8517041 0.0071751866 2.44104 -0.8511107 -0.52412605 0.03384743 -40.2843 0.032593936 0.011631032 0.99940115 -1.135376
-0.53200555 0.8466327 0.0047430308 1.9992676 -0.8459721 -0.5317971 0.036914714 -40.98694 0.03376395 0.015618141 0.9993075 -1.0913086
-0.5348772 0.84496343 0.006083573 1.5574951 -0.8441741 -0.5346653 0.039960586 -41.69861 0.03701474 0.016232539 0.9991829 -1.0650635
-0.53490907 0.8453817 0.008154998 1.0909424 -0.8444714 -0.5347416 0.042234316 -42.42859 0.04007203 0.015677463 0.99907464 -1.0321045
-0.52971 0.84788764 0.0050434293 0.6269531 -0.8470251 -0.5294225 0.042328663 -43.18103 0.03855274 0.018163493 0.9990911 -0.9881592
-0.52685714 0.850647 0.005635146 0.17407227 -0.8498182 -0.52661747 0.04115041 -43.927124 0.037969664 0.016853321 0.9991375 -0.9510498
-0.5177127 0.8552564 0.006720949 -0.3062744 -0.85446686 -0.51754624 0.039579175 -44.717896 0.037355594 0.014762386 0.9991934 -0.9124756
-0.5096584 0.8606824 0.008806573 -0.76623535 -0.8598431 -0.5095719 0.040120006 -45.519897 0.039005112 0.012859133 0.9991564 -0.8748779
-0.5043491 0.8629973 0.010654025 -1.2200928 -0.8622214 -0.504363 0.03791063 -46.303955 0.038084395 0.009958077 0.9992243 -0.83447266
-0.49903977 0.8667207 0.013530568 -1.6911621 -0.866007 -0.49918637 0.035681147 -47.140625 0.037694257 0.0060858936 0.9992713 -0.7937012
-0.4961392 0.8677428 0.017639354 -2.1519775 -0.86713254 -0.49645147 0.03254556 -47.977173 0.037001356 0.0008755089 0.9993143 -0.7573242
-0.49607944 0.8676735 0.020149479 -2.6414795 -0.86715543 -0.4964813 0.030085403 -48.85132 0.036096714 -0.0025253166 0.9993443 -0.70874023
-0.4974606 0.8670427 0.020120762 -3.1254883 -0.8665704 -0.49785772 0.028782766 -49.71997 0.03498735 -0.003117619 0.999383 -0.6694336
-0.49987176 0.86574644 0.019424468 -3.6315918 -0.865312 -0.5002396 0.027592845 -50.604126 0.033592656 -0.0030125543 0.9994307 -0.6234131
-0.49883106 0.8666443 0.020447958 -4.1429443 -0.86624587 -0.499231 0.026647542 -51.49829 0.033321813 -0.0044348165 0.99943537 -0.58166504
-0.4974544 0.86734533 0.019081749 -4.6534424 -0.86690736 -0.4978129 0.0277014 -52.40027 0.03353638 -0.002774679 0.999434 -0.5358887
-0.49985433 0.8661206 0.018946795 -5.1606445 -0.8657421 -0.500201 0.025841827 -53.309692 0.031837285 -0.0034865881 0.99948674 -0.49316406
-0.49741167 0.8668403 0.020491656 -5.6748047 -0.8665086 -0.4978026 0.024606299 -54.23816 0.031539265 -0.0055029793 0.9994869 -0.45166016
-0.49880496 0.86654735 0.021017488 -6.1727295 -0.86622494 -0.4992113 0.024396487 -55.142456 0.03164706 -0.0060444544 0.9994811 -0.4071045
-0.49599388 0.8677823 0.022026582 -6.6798096 -0.86750305 -0.49642465 0.02327419 -56.069214 0.031122018 -0.0075494368 0.99948657 -0.36035156
-0.49598384 0.86798525 0.021937298 -7.2054443 -0.86774826 -0.49640128 0.021876235 -56.987915 0.029880386 -0.008189185 0.9995199 -0.30908203
-0.494581 0.8690921 0.019388633 -7.699585 -0.8688982 -0.4949099 0.019692723 -57.89673 0.026707705 -0.007113224 0.99961805 -0.26281738
-0.49076134 0.87140185 0.018518446 -8.21936 -0.8712403 -0.49105835 0.018254861 -58.829224 0.025001828 -0.0071838843 0.99966174 -0.21789551
-0.48796064 0.8726392 0.01915129 -8.7229 -0.8725047 -0.48826697 0.017394474 -59.738647 0.024526589 -0.008221046 0.99966544 -0.17590332
-0.48556474 0.8741053 0.017828964 -9.219482 -0.8739096 -0.4858534 0.01948693 -60.64966 0.025700489 -0.0061231805 0.99965113 -0.1385498
-0.48555785 0.8743703 0.018221509 -9.712036 -0.87419915 -0.4858511 0.018626323 -61.541992 0.025141412 -0.0068971687 0.9996605 -0.09362793
-0.48416224 0.87445605 0.019840518 -10.220093 -0.8742692 -0.48450518 0.01968509 -62.44519 0.02681824 -0.0077964854 0.99960953 -0.049560547
-0.48695487 0.87309164 0.022060042 -10.7196045 -0.87288606 -0.48737064 0.020987302 -63.357544 0.029089509 -0.009040406 0.99953616 -0.006591797
-0.4907623 0.8714279 0.02403853 -11.22583 -0.87121975 -0.4912428 0.02166479 -64.25574 0.03067782 -0.010322235 0.99947643 0.04272461
-0.4959727 0.8679398 0.024191536 -11.725464 -0.86773914 -0.49645323 0.021358466 -65.15234 0.030540701 -0.010394509 0.99947935 0.08227539
-0.5011858 0.86528856 0.01827865 -12.24231 -0.86515254 -0.501466 0.016992306 -66.0354 0.023867823 -0.0072962036 0.9996885 0.13562012
-0.50779563 0.86129516 0.02147701 -12.726929 -0.8612389 -0.5081308 0.014760929 -66.913086 0.023624228 -0.010993255 0.9996604 0.17773438
-0.5130332 0.8585604 0.022116492 -13.238892 -0.85843563 -0.51341426 0.01768166 -67.79773 0.026519988 -0.009916459 0.99959916 0.21948242
-0.5158414 0.8557462 0.02265644 -13.755615 -0.85557956 -0.5162528 0.019330816 -68.65393 0.028259706 -0.009398664 0.9995562 0.2590332
-0.5210743 0.85286784 0.024378002 -14.246948 -0.8527209 -0.5215322 0.0191573 -69.508545 0.029054876 -0.010790095 0.9995193 0.30114746
-0.52387553 0.85117126 0.026563577 -14.779053 -0.8510323 -0.5244047 0.019687817 -70.37244 0.03070316 -0.012289543 0.99945307 0.34851074
-0.52771586 0.8494775 0.025909081 -15.277466 -0.84935886 -0.5282123 0.018693391 -71.20972 0.029551787 -0.012150047 0.9994897 0.39453125
-0.5305154 0.84757197 0.019677917 -15.800415 -0.8475429 -0.5307838 0.012339802 -72.05054 0.020913877 -0.010141692 0.99973005 0.43408203
-0.53156537 0.84679765 0.014578862 -16.341675 -0.8468617 -0.53165513 0.0028700784 -72.88867 0.010174871 -0.010815811 0.9998896 0.47424316
-0.5343828 0.8447107 0.012378566 -16.857544 -0.8447781 -0.53441936 -0.00043660123 -73.72266 0.00625426 -0.010688538 0.9999232 0.50268555
-0.53436744 0.8446411 0.015861629 -17.386353 -0.8446915 -0.5344974 0.005214277 -74.548584 0.012889691 -0.010604972 0.9998605 0.5241699
-0.535767 0.8435447 0.018022396 -17.899048 -0.8435216 -0.5359903 0.01113294 -75.355225 0.019058459 -0.009227519 0.99977547 0.5539551
-0.537191 0.84338826 0.014398703 -18.425781 -0.84325975 -0.5373696 0.015238165 -76.17566 0.020601962 -0.003959473 0.99978 0.586792
-0.53721267 0.8434357 0.010584928 -18.958618 -0.8432778 -0.53731716 0.016314305 -76.99182 0.019456986 -0.00016560312 0.9998107 0.6229248
-0.53578526 0.84354544 0.010707171 -19.485962 -0.84344983 -0.535888 0.012865065 -77.81323 0.016599873 -0.0021292008 0.9998598 0.6604004
-0.53576803 0.84448415 0.0091698235 -19.997437 -0.8444631 -0.5358323 0.007120245 -78.63367 0.010926282 -0.003933743 0.9999325 0.68151855
-0.5343664 0.8450407 0.007835025 -20.515137 -0.845061 -0.53439033 0.0011770211 -79.45862 0.0051847557 -0.0059927693 0.9999686 0.70043945
-0.533014 0.845818 0.013251403 -20.998535 -0.84591603 -0.5330025 -0.004691651 -80.267334 0.0030973318 -0.013703596 0.9999013 0.72436523
-0.531737 0.8469564 0.020838004 -21.499268 -0.84720933 -0.53164303 -0.0102713145 -81.09082 0.00237297 -0.02311696 0.99973017 0.73706055
-0.5292485 0.8478191 0.016451696 -22.005615 -0.84797865 -0.52915853 -0.009776232 -81.90735 0.00043333136 -0.019135365 0.9998168 0.7537842
-0.5277842 0.8493667 0.013212972 -22.50708 -0.84946847 -0.52774334 -0.006691704 -82.71387 0.0012905707 -0.014758753 0.99989027 0.7770996
-0.521113 0.8532997 0.014982576 -23.016602 -0.8534154 -0.5211296 -0.0030916054 -83.53076 0.005174188 -0.014400609 0.999883 0.78637695
-0.5130424 0.8582047 0.009777914 -23.500977 -0.8582523 -0.51305324 -0.0015678264 -84.33984 0.0036706866 -0.009193502 0.99995106 0.80371094
-0.5063935 0.8626192 0.00253906 -23.982666 -0.8626202 -0.5063972 0.0010573362 -85.14966 0.0021958675 -0.0016546911 0.9999963 0.8256836
-0.49595264 0.8686809 0.0029923024 -24.454102 -0.868682 -0.4959579 0.0013875571 -85.972046 0.0026896226 -0.0019126217 0.9999946 0.8470459
-0.48554686 0.8742743 0.0067809112 -24.896362 -0.87429905 -0.48554692 -0.0017443802 -86.802124 0.0017650392 -0.0067760446 0.9999755 0.85424805
-0.47237027 0.88122773 0.0033130543 -25.351807 -0.8812288 -0.472351 -0.0052471478 -87.64075 -0.003056797 -0.005399259 0.9999807 0.86743164
-0.46200386 0.8870534 0.0039116973 -25.782715 -0.8870574 -0.46198282 -0.005242835 -88.4729 -0.002844076 -0.005890047 0.99997854 0.87719727
-0.44927803 0.8929912 0.0037083132 -26.199585 -0.8929907 -0.44925207 -0.006175915 -89.31189 -0.0038464784 -0.0060887244 0.9999741 0.88171387
-0.43756366 0.899501 0.00062111183 -26.627075 -0.89948726 -0.4375529 -0.0058830767 -90.16699 -0.0050183265 -0.0031316811 0.9999824 0.9020996
-0.42489424 0.90482426 0.0021642875 -27.01941 -0.904827 -0.4248932 -0.00087991613 -91.01111 0.00012466498 -0.0023327558 0.9999972 0.9041748
-0.4129727 0.9105688 0.0037920754 -27.401001 -0.9105441 -0.4129896 0.006740845 -91.851685 0.0077084913 -0.00066673534 0.99997 0.9189453
-0.39972016 0.9163703 0.0059653837 -27.772217 -0.9162941 -0.39976403 0.011838637 -92.6991 0.01323801 -0.00073412084 0.9999121 0.94018555
-0.3902028 0.92084897 0.0052542794 -28.121094 -0.92079574 -0.39023694 0.009957487 -93.551025 0.011217348 -0.000956152 0.99993664 0.95214844
-0.37768078 0.92591864 0.004915857 -28.476318 -0.92591184 -0.37770215 0.0045366194 -94.418335 0.0060565174 -0.0028390926 0.9999777 0.97680664
-0.3689066 0.92959017 0.008987014 -28.802246 -0.9295971 -0.36896062 0.0052999165 -95.2738 0.00823382 -0.0063964888 0.9999457 0.99609375
-0.36152363 0.93236566 0.016666118 -29.112915 -0.9323986 -0.3617028 0.009307928 -96.138794 0.01469664 -0.012172239 0.9998179 1.0181885
-0.3541558 0.93496966 0.02404967 -29.442505 -0.9350338 -0.35453454 0.013777394 -97.01074 0.021402217 -0.017599797 0.99961597 1.0389404
-0.35116544 0.93604344 0.029689252 -29.756714 -0.9361721 -0.35171783 0.015896928 -97.88464 0.02531305 -0.022212032 0.99943286 1.0726318
-0.34749234 0.9371488 0.031192787 -30.062134 -0.9373028 -0.348093 0.016330715 -98.765625 0.026164632 -0.023563648 0.99937993 1.1070557
-0.34153315 0.9391601 0.033763107 -30.375732 -0.93941814 -0.3421647 0.014960452 -99.65137 0.025610458 -0.026616959 0.9993177 1.1428223
-0.33652446 0.9409865 0.0333987 -30.68518 -0.9413118 -0.33706197 0.011863516 -100.517944 0.022422235 -0.027442612 0.9993717 1.1699219
-0.33058703 0.94323283 0.031176258 -30.994507 -0.94357187 -0.33098343 0.00839668 -101.39697 0.018248718 -0.026648136 0.9994784 1.1994629
-0.32492587 0.9452956 0.03194113 -31.295166 -0.9457028 -0.32525992 0.005740309 -102.28516 0.01581563 -0.02833525 0.99947333 1.2312012
-0.31906983 0.9470853 0.0376608 -31.575562 -0.94770074 -0.3194395 0.0040867757 -103.15369 0.01589831 -0.034393083 0.9992822 1.2575684
-0.3111908 0.94933635 0.04487471 -31.849976 -0.95021635 -0.31170303 0.0047271205 -104.01892 0.01847254 -0.04115074 0.9989817 1.2792969
-0.3052181 0.9514576 0.044489533 -32.123413 -0.95225185 -0.30586714 0.00843164 -104.889404 0.02162592 -0.0397814 0.9989743 1.3187256
-0.2979003 0.9538284 0.0424077 -32.401855 -0.954468 -0.29863 0.011927031 -105.753174 0.02402115 -0.036920376 0.9990296 1.357666
-0.2897706 0.9560381 0.041594647 -32.66333 -0.95669043 -0.2904173 0.010313914 -106.63855 0.021944743 -0.036795776 0.99908143 1.3869629
-0.28488794 0.95771974 0.041920103 -32.91455 -0.9584808 -0.28535748 0.005550157 -107.50867 0.01727524 -0.038582757 0.9991058 1.4100342
-0.27683294 0.96007454 0.041047625 -33.163696 -0.96086 -0.27714255 0.001944988 -108.39575 0.013231167 -0.038895696 0.9991557 1.4425049
-0.27031216 0.96169925 0.04548237 -33.40149 -0.9626081 -0.27084163 0.0057880715 -109.270996 0.017896652 -0.042216234 0.9989481 1.4676514
-0.26241913 0.963875 0.04573624 -33.637207 -0.9647364 -0.26308182 0.009022246 -110.14783 0.020722225 -0.041747585 0.99891305 1.4881592
-0.25658718 0.9656071 0.04543393 -33.861694 -0.96644 -0.25727797 0.009987886 -111.02356 0.021311177 -0.041349497 0.9989179 1.5107422
-0.25014055 0.9672003 0.046094213 -34.071045 -0.9680856 -0.25079826 0.008993941 -111.89905 0.020248856 -0.042356994 0.998897 1.541748
-0.23986271 0.9697686 0.042008292 -34.294678 -0.97050107 -0.24042036 0.00868744 -112.78516 0.018534498 -0.038684882 0.99907935 1.56604
-0.23269716 0.9717347 0.037893526 -34.504395 -0.97229296 -0.23322713 0.010162653 -113.65857 0.018713083 -0.034468558 0.99923027 1.5958252
-0.22626151 0.9734204 0.036750656 -34.723145 -0.9739372 -0.22677782 0.010497376 -114.56091 0.018549027 -0.03342567 0.99926925 1.6291504
-0.21773817 0.9751822 0.042819697 -34.90869 -0.97595567 -0.21830048 0.008879783 -115.45337 0.017990066 -0.039851688 0.9990437 1.6574707
-0.2112227 0.97626036 0.046782706 -35.09729 -0.977232 -0.21178389 0.007325836 -116.35901 0.017069677 -0.04418064 0.9988779 1.6831055
-0.20701948 0.97743016 0.043748308 -35.28601 -0.978293 -0.20747484 0.0060953144 -117.27002 0.015018655 -0.041527875 0.9990244 1.7161865
-0.20194712 0.9784133 0.04268385 -35.474976 -0.9792216 -0.2024186 0.0069857873 -118.16199 0.015474886 -0.040390987 0.99906415 1.7407227
-0.19774128 0.9795315 0.040626995 -35.660034 -0.98025155 -0.19820108 0.0075825085 -119.06079 0.015473731 -0.038322188 0.9991456 1.7664795
-0.19049148 0.9810281 0.035625603 -35.85498 -0.98158634 -0.19083609 0.0065081604 -119.93823 0.013183294 -0.03373635 0.9993439 1.7907715
-0.18626453 0.9821473 0.027257262 -36.031372 -0.9824675 -0.18648326 0.00568967 -120.82251 0.010672478 -0.025714556 0.9996123 1.8127441
-0.18124604 0.9831889 0.024249354 -36.1969 -0.9834483 -0.1814046 0.0044940794 -121.73047 0.008813788 -0.023031157 0.99969596 1.836792
-0.17624474 0.9839816 0.026307989 -36.356323 -0.9842688 -0.17647626 0.0067287283 -122.61841 0.0112716155 -0.024706224 0.9996311 1.8498535
-0.17277215 0.9845283 0.029295545 -36.511353 -0.9848725 -0.1730851 0.008486204 -123.512695 0.01342194 -0.027388072 0.99953485 1.8675537
-0.17060852 0.9848573 0.028833793 -36.65857 -0.98519456 -0.17090476 0.008113834 -124.407715 0.0129309995 -0.02701667 0.9995511 1.892456
-0.16998994 0.9850634 0.029784836 -36.80786 -0.98545915 -0.17022002 0.0053545698 -125.29175 0.010337749 -0.028435808 0.9995422 1.9099121
-0.17000507 0.98513037 0.026936404 -36.958862 -0.98547876 -0.17011106 0.0016805194 -126.18945 0.00623024 -0.026254078 0.9996359 1.9309082
-0.16791359 0.9854879 0.025879003 -37.101685 -0.9858275 -0.16785944 -0.0042637205 -127.05371 0.00013566669 -0.026226802 0.9996561 1.949707
-0.16643561 0.9856544 0.025881816 -37.248657 -0.985993 -0.1663371 -0.0059275595 -127.93945 -0.0015353587 -0.02650747 0.99964744 1.9606934
-0.16571113 0.9858379 0.026123589 -37.394653 -0.98617834 -0.1657406 -0.0010450464 -128.80481 0.0032997068 -0.025940616 0.99965805 1.967041
-0.1650058 0.98599994 0.026795015 -37.539917 -0.98633164 -0.16515909 0.0035971198 -129.67212 0.007967816 -0.025828952 0.9996345 1.982666
-0.16504037 0.9859732 0.028749662 -37.68347 -0.98636675 -0.16517518 0.002371769 -130.53723 0.007075379 -0.027964871 0.99958396 1.9980469
-0.16358326 0.98595506 0.030376729 -37.816406 -0.98640794 -0.16367304 0.00046961475 -131.39966 0.005448674 -0.029889137 0.9995382 2.0152588
-0.16350721 0.98615503 0.025965039 -37.958984 -0.9864735 -0.16362795 0.0025839158 -132.25183 0.006803352 -0.025200987 0.99965936 2.0335693
-0.16284908 0.98626655 0.02662411 -38.096558 -0.98659563 -0.16299662 0.0034507103 -133.11353 0.0077503663 -0.025708871 0.99963945 2.0610352
-0.16295052 0.9860058 0.036699705 -38.22632 -0.9866345 -0.16321789 0.0044004912 -133.97205 0.010321697 -0.035497427 0.9993167 2.0743408
-0.16234553 0.9858232 0.043370925 -38.353027 -0.9866773 -0.16279551 0.0070320754 -134.83899 0.013984331 -0.04163865 0.99903464 2.08667
-0.16228046 0.9858903 0.042363085 -38.48401 -0.986654 -0.16284478 0.010216156 -135.67932 0.016952848 -0.04013936 0.99905044 2.1070557
-0.16289559 0.9859533 0.03938919 -38.622314 -0.9865973 -0.16342044 0.0104831485 -136.56152 0.016759757 -0.037160706 0.9991691 2.1383057
-0.15942049 0.9863984 0.040554017 -38.74475 -0.98705363 -0.16003643 0.012407245 -137.37158 0.018716598 -0.03803884 0.9991007 2.154419
-0.1585132 0.9868389 0.031907633 -38.891113 -0.98723197 -0.15892053 0.0106444135 -138.22363 0.015582606 -0.029822517 0.9994339 2.1815186
-0.15435937 0.98771936 0.024447225 -39.02417 -0.9879324 -0.15463102 0.009636927 -139.06873 0.013291761 -0.022662653 0.9996548 2.2075195
-0.15286829 0.9879803 0.019095404 -39.16028 -0.98813796 -0.1529784 0.0044302135 -139.89612 0.0073069707 -0.0181915 0.9998078 2.2330322
-0.1500497 0.9885174 0.013751533 -39.284912 -0.9885994 -0.15010631 0.00317631 -140.73206 0.0052111335 -0.013119388 0.99990034 2.2519531
-0.1450969 0.9892821 0.0145593975 -39.403687 -0.9893415 -0.14521873 0.007688223 -141.55066 0.009724309 -0.01328676 0.9998644 2.2814941
-0.13821031 0.9903314 0.013477322 -39.51367 -0.9903338 -0.13836777 0.011557692 -142.36047 0.013307531 -0.011748521 0.99984246 2.2912598
-0.12904193 0.9915341 0.010587423 -39.626953 -0.99147487 -0.12918247 0.0138941 -143.2135 0.015142422 -0.008697504 0.9998474 2.291748
-0.119896196 0.9927557 0.0080738375 -39.725952 -0.99274766 -0.119961165 0.00811079 -144.02197 0.0090224575 -0.007042988 0.9999345 2.312378
-0.108858354 0.994124 0.0035433145 -39.81482 -0.9941099 -0.108878255 0.0060200104 -144.83508 0.0063688923 -0.0028693718 0.9999756 2.34021
-0.09368182 0.99560875 -0.0008697463 -39.901855 -0.99558663 -0.09367373 0.006798949 -145.68298 0.00668534 0.0015011923 0.9999765 2.371704
-0.079061404 0.99684626 -0.0014955718 -39.966064 -0.9968193 -0.07904783 0.007618992 -146.47656 0.007478026 0.0020941505 0.99996984 2.3919678
-0.06471528 0.9978716 -0.006289713 -40.01538 -0.9978687 -0.06467011 0.007146259 -147.27026 0.0067252414 0.0067409137 0.99995464 2.4119873
-0.051738635 0.9986055 -0.0100254435 -40.058838 -0.99862295 -0.051652797 0.008634445 -148.08557 0.008105346 0.010464757 0.99991244 2.4250488
-0.037588485 0.9992637 -0.008045252 -40.08545 -0.9991807 -0.037460696 0.015498587 -148.88123 0.015191936 0.008620628 0.9998475 2.4432373
-0.024713418 0.9996863 0.0029145293 -40.08484 -0.9993698 -0.024779331 0.02525828 -149.63037 0.025325816 -0.0022891862 0.9996767 2.4575195
-0.0107038 0.99990964 0.008149294 -40.082886 -0.99939674 -0.010966539 0.032958176 -150.45703 0.033027243 -0.0077861273 0.9994238 2.4821777
