1 0 0 0 0 1 0 0 0 0 1 0
0.99988352 0.0010054324 0.015229512 -0.0021647968 -0.00099486734 0.99999926 -0.000701284 -0.004761624 -0.015230207 0.00068605099 0.99988378 0.10810997
0.99933129 0.0038101389 0.036365671 0.013092496 -0.0037913884 0.99999264 -0.00058456158 -0.0022590187 -0.036367634 0.00044629433 0.99933838 0.28545969
0.99795167 0.00540546 0.063743622 0.061184642 -0.0054669035 0.99998474 0.00078953249 0.0021801547 -0.063738387 -0.0011363955 0.99796599 0.43102008
0.99532651 0.0048435636 0.096445164 0.11401883 -0.005145078 0.99998262 0.0028778301 0.0030620618 -0.096429557 -0.0033605985 0.99533414 0.59471463
0.99090791 0.0019574053 0.13452765 0.19451908 -0.002673246 0.99998321 0.0051407124 -0.0010374608 -0.13451534 -0.0054535981 0.9908965 0.79312661
0.98482292 -0.0016162448 0.17355463 0.25508978 0.00065081381 0.999984 0.0056194558 -0.0086870322 -0.17356095 -0.0054212171 0.98480821 0.99226014
0.97595985 -0.0016206634 0.21794434 0.33423518 9.0317986e-05 0.99997527 0.0070315045 -0.0067041371 -0.21795036 -0.0068427817 0.97593587 1.1909998
0.96422395 -0.0017568474 0.26508315 0.41722783 -0.00095386834 0.99994857 0.010096831 0.002518904 -0.26508728 -0.0099884604 0.96417269 1.3971994
0.95009731 -0.0056538634 0.31190244 0.57455365 0.00041996844 0.99985802 0.016845171 0.0084789781 -0.31195342 -0.015873562 0.94996479 1.6419776
0.93266167 -0.015325851 0.36042656 0.70385581 0.0068952957 0.999672 0.024664794 -0.0020246459 -0.36068638 -0.02051866 0.93246144 1.8824578
0.91152352 -0.020999854 0.41071142 0.84123727 0.0093579389 0.99949595 0.030335869 -0.0043395906 -0.41114149 -0.023808446 0.91126058 2.076809
0.88664614 -0.022852395 0.46188351 1.0421969 0.0080871506 0.99939176 0.033922091 1.9784011e-05 -0.46237781 -0.02634157 0.88629165 2.3153546
0.85866099 -0.024835121 0.5119419 1.212672 0.0060704893 0.9992481 0.038293322 0.015572845 -0.51250803 -0.029773244 0.85816612 2.5245957
0.8261443 -0.030116048 0.56265317 1.4550151 0.0075015455 0.99906997 0.042460759 0.023164146 -0.56340869 -0.030857946 0.82560188 2.7835734
0.79083664 -0.03599901 0.61096763 1.7009558 0.0098288583 0.99888694 0.046133245 0.028453126 -0.61194839 -0.030478746 0.79031022 3.0061049
0.75250682 -0.040249172 0.65735337 1.9535759 0.010554724 0.9987396 0.049069407 0.032502519 -0.6584999 -0.029986881 0.75198318 3.1942911
0.71312514 -0.043582386 0.6996807 2.2472897 0.011908575 0.99867476 0.050069017 0.042666202 -0.70093564 -0.027373274 0.71269908 3.4131343
0.67149823 -0.045683813 0.73959656 2.5221881 0.011380233 0.99861584 0.051350662 0.060713582 -0.7409188 -0.026065097 0.67108866 3.6100507
0.62890875 -0.045951437 0.77611996 2.8695225 0.00713491 0.99855096 0.053339233 0.081509787 -0.77744641 -0.028007964 0.6283253 3.8634544
0.58740748 -0.046737775 0.80794057 3.2192868 0.0039901526 0.99848611 0.054859447 0.10263614 -0.80928152 -0.029001043 0.58670471 4.0545035
0.54704202 -0.047610773 0.83575008 3.6042058 0.0017955161 0.99844572 0.055703913 0.1189664 -0.83710326 -0.028971778 0.54627724 4.2387155
0.50724222 -0.050366009 0.86033048 4.0211693 0.00079682211 0.99831776 0.057974348 0.13060751 -0.8618032 -0.028721506 0.50642905 4.4375221
0.4708895 -0.050277126 0.88075832 4.4476093 -0.0023496496 0.99829967 0.058243063 0.15789302 -0.88218911 -0.02949552 0.4699707 4.6584679
0.43473036 -0.049229428 0.89921405 4.8961334 -0.0033031272 0.99841085 0.056257089 0.17715508 -0.90055465 -0.027426883 0.4338769 4.8273532
0.40023809 -0.048135394 0.9151461 5.4025669 -0.002045864 0.99857014 0.053418136 0.19348064 -0.91640895 -0.023252237 0.39956732 5.0356866
0.36850621 -0.046422686 0.92846542 5.9450685 -9.6672468e-05 0.99875045 0.049975262 0.22417151 -0.92962532 -0.018505951 0.36804126 5.1748813
0.34539571 -0.044690101 0.93739241 6.4646276 0.0012167212 0.99888597 0.047173483 0.2482823 -0.93845639 -0.015152973 0.34506531 5.3671703
0.32412851 -0.044030012 0.94498783 7.0379415 0.0020951001 0.99894726 0.04582554 0.26924091 -0.94601078 -0.012873519 0.32387953 5.5517298
0.30974338 -0.044412523 0.94978234 7.6032813 0.0030314368 0.99894956 0.045723005 0.28941797 -0.9508154 -0.011283192 0.30955264 5.7458787
0.29605146 -0.045923288 0.95406735 8.2282866 0.0041297853 0.99889576 0.046799577 0.31054879 -0.95516311 -0.0099149889 0.2959142 5.9002073
0.28483496 -0.047657487 0.95739111 8.8440164 0.002917889 0.99880183 0.048850744 0.34431357 -0.95857217 -0.011120838 0.28463274 6.1253268
0.2735741 -0.049477968 0.96057746 9.4973632 0.0016270629 0.99869844 0.050978134 0.36811425 -0.96184959 -0.012383377 0.27329853 6.2951024
0.26474428 -0.051632925 0.96293532 10.223236 0.00054620644 0.99857339 0.05339368 0.39854731 -0.96431854 -0.013609709 0.2643948 6.5029656
0.25434247 -0.052992083 0.96566126 10.903996 -0.00030983911 0.99849316 0.054875389 0.42220796 -0.96711421 -0.014256341 0.25394279 6.6630804
0.2449974 -0.054995862 0.96796263 11.651327 -0.00012946113 0.998388 0.05675728 0.45672062 -0.96952377 -0.014030699 0.24459534 6.8623104
0.2342552 -0.056061621 0.97055732 12.37903 -0.0010766453 0.99832035 0.057925137 0.48469877 -0.97217458 -0.01461421 0.23380137 7.0215447
0.22354281 -0.05941052 0.97288176 13.151555 -0.0020678392 0.99810948 0.061426225 0.5219596 -0.97469196 -0.015743153 0.22299734 7.2330215
0.21163019 -0.062626783 0.97534121 13.910759 -0.004707691 0.99786799 0.065094708 0.56234338 -0.97733852 -0.01836761 0.21088416 7.339966
0.20083259 -0.066395162 0.97737294 14.721125 -0.0041135484 0.99763461 0.068616842 0.59252912 -0.97961698 -0.017800969 0.20008442 7.5366784
0.18926078 -0.068691762 0.97952117 15.537415 -0.0050226077 0.9974693 0.070920883 0.63986842 -0.98191406 -0.018342291 0.1884368 7.75664
0.17523193 -0.069487651 0.98207187 16.326044 -0.005836993 0.99741529 0.071614791 0.67493695 -0.98450992 -0.018281544 0.1743734 7.8857238
0.16032251 -0.068418179 0.98469059 17.131915 -0.0073376189 0.99748466 0.07050181 0.71022857 -0.98703745 -0.018528311 0.15941722 8.0305896
0.14432095 -0.067555988 0.98722215 17.917677 -0.008679971 0.99754202 0.069531096 0.7504533 -0.9894929 -0.018603853 0.14337983 8.1240788
0.12476127 -0.06641593 0.98996135 18.748769 -0.010842659 0.99760623 0.068295282 0.79073002 -0.99212759 -0.019254419 0.1237425 8.2146748
0.097670373 -0.064812847 0.99310609 19.592971 -0.014459722 0.99767942 0.066533405 0.83492701 -0.99511381 -0.02085838 0.096506543 8.2868878
0.067810489 -0.063923194 0.99564827 20.3954 -0.02012831 0.9976546 0.065422881 0.86985684 -0.9974952 -0.024477074 0.066364778 8.34406
0.033760616 -0.06378423 0.99739245 21.241807 -0.022860136 0.99765101 0.064574554 0.90803566 -0.99916851 -0.024980603 0.032223195 8.3793155
-0.00050959041 -0.063185813 0.99800161 22.088648 -0.023649277 0.99772342 0.063156124 0.94064491 -0.99972023 -0.023569832 -0.0020027306 8.373361
-0.033038041 -0.062413365 0.99750337 22.916306 -0.0249763 0.99778812 0.061603948 0.97214581 -0.99914201 -0.022878669 -0.034523821 8.3286137
-0.064746567 -0.060176789 0.99608561 23.77586 -0.027680851 0.9979043 0.058487378 1.0005202 -0.99751779 -0.02378564 -0.066276624 8.3079691
-0.099093299 -0.0572213 0.99343151 24.584181 -0.029271994 0.99808083 0.054569262 1.0413693 -0.99464755 -0.023672272 -0.10057811 8.1811024
-0.13058966 -0.052479385 0.99004655 25.455776 -0.026152508 0.99843294 0.04947434 1.0681599 -0.99109155 -0.019431362 -0.13175749 8.0947223
-0.16293278 -0.047284025 0.98550345 26.297117 -0.022024939 0.99877637 0.044279482 1.0863184 -0.98639135 -0.014491074 -0.16377483 7.9422837
-0.19389467 -0.041242982 0.98015498 27.129495 -0.01585823 0.99911712 0.03890379 1.1043458 -0.98089421 -0.0080002852 -0.19437753 7.7365189
-0.22317838 -0.035438117 0.97413319 27.921091 -0.010314313 0.99936884 0.033993112 1.1161674 -0.97472309 -0.0024609857 -0.22340304 7.5297065
-0.2511725 -0.028522301 0.96752197 28.723039 -0.0016264558 0.99957678 0.029045035 1.1297102 -0.96794101 0.0057216834 -0.25111259 7.3018745
-0.27828681 -0.018505207 0.9603197 29.547355 0.0052698606 0.99976992 0.020792537 1.1240131 -0.96048361 0.010847041 -0.27812526 7.0396767
-0.30283996 -0.0032487476 0.95303585 30.291838 0.0092160358 0.99993745 0.0063371477 1.1185784 -0.9529969 0.010702355 -0.30279108 6.7964407
-0.32818776 0.013408015 0.94451731 31.079178 0.010147415 0.9998916 -0.010668204 1.0996563 -0.94455804 0.0060832365 -0.32828824 6.4967703
-0.35267581 0.027893614 0.9353297 31.841658 0.0080031655 0.99960897 -0.026792887 1.0661579 -0.93571138 -0.0019636041 -0.35276115 6.1702125
-0.37727712 0.038845399 0.92528533 32.616177 0.012580261 0.9992427 -0.036820788 1.0266507 -0.926015 -0.0022513087 -0.37748009 5.8378638
-0.40042557 0.043601435 0.91529132 33.383334 0.01647516 0.99904841 -0.040383719 0.98182158 -0.91618121 -0.0010911022 -0.40076287 5.488633
-0.42307231 0.042357286 0.9051053 34.09117 0.01789406 0.99910253 -0.038391984 0.92893977 -0.90591925 -4.657592e-05 -0.42345056 5.1532337
-0.44330529 0.039267021 0.89551016 34.854579 0.021719819 0.99921726 -0.033062464 0.88692162 -0.89610755 0.0047935541 -0.44381117 4.7743457
-0.46220163 0.037743973 0.88597121 35.572116 0.029523425 0.99919488 -0.027165453 0.85338659 -0.8862833 0.013600988 -0.46294384 4.3749031
-0.47669092 0.038845345 0.87821224 36.258042 0.03391061 0.99909218 -0.025785566 0.81537592 -0.8784167 0.017488969 -0.47757544 3.9912648
-0.4864124 0.042352274 0.87270224 36.997232 0.036042534 0.99894691 -0.028390139 0.75659413 -0.87298567 0.017645085 -0.48742665 3.5920936
-0.49694491 0.044842515 0.86662266 37.647334 0.038205473 0.9988262 -0.0297752 0.7269609 -0.86694069 0.018313096 -0.49807483 3.1818594
-0.50709196 0.044080578 0.86076395 38.342823 0.031715656 0.99896925 -0.032473928 0.66920987 -0.86130826 0.010832426 -0.50796732 2.7957046
-0.51940734 0.042679149 0.85346027 39.059394 0.029509677 0.99905212 -0.032000494 0.64085703 -0.85401713 0.0085640466 -0.52017446 2.3785103
-0.52689244 0.044376968 0.84877263 39.737345 0.03220783 0.99896122 -0.032235732 0.59943566 -0.84932154 0.010352362 -0.5277744 1.9416701
-0.53368725 0.047475856 0.84434821 40.391488 0.035923706 0.99879444 -0.03345373 0.54861817 -0.84491861 0.012478289 -0.53474937 1.4947095
-0.53802353 0.051080484 0.84138065 41.108109 0.036343935 0.99863972 -0.037387486 0.51419086 -0.84214598 0.010463737 -0.53914814 1.0684775
-0.53738029 0.052084864 0.84173008 41.816701 0.036011713 0.99859784 -0.038800856 0.46737513 -0.84257085 0.0094613285 -0.53850246 0.60634016
-0.53406131 0.053433374 0.84375549 42.543635 0.038937391 0.99849633 -0.038587095 0.43119127 -0.84454867 0.012245764 -0.53533882 0.15956415
-0.52827218 0.051840843 0.84749099 43.292687 0.036991265 0.99859186 -0.03802564 0.37941279 -0.84826895 0.011261877 -0.52944595 -0.29732968
-0.52114589 0.051018098 0.85194134 44.031864 0.034650837 0.99865349 -0.038607423 0.34148761 -0.85276394 0.0094003813 -0.52221198 -0.75744262
-0.51415554 0.050018401 0.85623722 44.834143 0.032698907 0.99871547 -0.03870636 0.2830423 -0.85707346 0.0080969331 -0.51513064 -1.214043
-0.50782224 0.048548327 0.86009277 45.614651 0.029895089 0.99880254 -0.038726985 0.23878069 -0.86094304 0.0060461264 -0.50866549 -1.6790816
-0.50358144 0.04671378 0.86268389 46.419316 0.025996553 0.99890431 -0.03891485 0.1929269 -0.86355658 0.0028300123 -0.50424407 -2.1424494
-0.50215124 0.043288472 0.86369565 47.271048 0.020720467 0.9990619 -0.038026189 0.14717288 -0.86453159 -0.0011987194 -0.50257712 -2.6132883
-0.50265706 0.041002232 0.86351296 48.133855 0.017881638 0.99915401 -0.037033853 0.090949159 -0.86430098 -0.0031743007 -0.502965 -3.0894363
-0.50328753 0.03992536 0.86319613 48.949186 0.016415185 0.99919353 -0.036644745 0.042969429 -0.86396311 -0.0042733187 -0.50353703 -3.5774247
-0.5042473 0.039450975 0.86265765 49.839889 0.016763519 0.99921488 -0.035897254 -0.0077722724 -0.86339661 -0.0036399148 -0.50451274 -4.0623744
-0.50366765 0.038632783 0.86303322 50.692543 0.016336224 0.99924689 -0.035196396 -0.055528204 -0.86374307 -0.0036285812 -0.50391945 -4.5865385
-0.50418786 0.03789275 0.86276223 51.579525 0.016936534 0.99927862 -0.033991078 -0.096855416 -0.86342794 -0.0025256863 -0.50446593 -5.0919538
-0.50480712 0.037593413 0.86241315 52.490919 0.016505244 0.99928897 -0.033898738 -0.15934648 -0.8630744 -0.0028779835 -0.50506868 -5.5970731
-0.5044989 0.036032267 0.86266011 53.381308 0.014710244 0.99934251 -0.033138512 -0.20542257 -0.86328705 -0.004028401 -0.50469724 -6.1238686
-0.50503078 0.035686135 0.86236324 54.27655 0.014599714 0.99935513 -0.032804988 -0.26474752 -0.86297788 -0.0039772712 -0.50522611 -6.6360843
-0.50429852 0.035132166 0.86281439 55.179295 0.013341027 0.99936977 -0.032894866 -0.31777444 -0.86342636 -0.0050780017 -0.5044494 -7.1567547
-0.50289355 0.033210383 0.86371007 56.068213 0.012623523 0.99943721 -0.031079182 -0.37398908 -0.8642562 -0.0047264554 -0.50302976 -7.6566952
-0.50069588 0.031099092 0.8650644 56.949554 0.013246363 0.99951268 -0.028265567 -0.42095132 -0.86552194 -0.0026934949 -0.50086383 -8.1833854
-0.4980363 0.029866093 0.86664168 57.847521 0.013868611 0.99955323 -0.026476544 -0.47514538 -0.86704531 -0.0011671629 -0.49822799 -8.6943831
-0.4960351 0.029677922 0.8677951 58.744745 0.013969367 0.99955913 -0.026199203 -0.52691043 -0.86819013 -0.00087317524 -0.496231 -9.1719381
-0.49374584 0.030139528 0.86908377 59.642919 0.014383652 0.99954553 -0.026492223 -0.57915858 -0.86948733 -0.0005798261 -0.49395497 -9.6874165
-0.49323699 0.030622597 0.86935577 60.520572 0.014495069 0.99953077 -0.02698403 -0.6258405 -0.86977424 -0.0007081497 -0.49344943 -10.167358
-0.49312434 0.031687651 0.86938151 61.417858 0.013602587 0.9994951 -0.028714532 -0.67993537 -0.86985253 -0.002333996 -0.49330639 -10.684784
-0.49598776 0.033784767 0.86767198 62.275505 0.012797034 0.99941869 -0.031599446 -0.72611706 -0.86823525 -0.0045693097 -0.49613178 -11.174332
-0.50026154 0.033950638 0.86520846 63.144742 0.010820955 0.99939811 -0.032959564 -0.786075 -0.86580677 -0.0071260194 -0.50032781 -11.697608
-0.5065062 0.032512739 0.86162308 64.048608 0.010538611 0.99944761 -0.031518314 -0.8433919 -0.86217195 -0.0068839104 -0.50656906 -12.175219
-0.51146469 0.030984921 0.85874545 64.901922 0.014376755 0.99951837 -0.027501507 -0.89818184 -0.85918406 -0.0017200759 -0.51166382 -12.72099
-0.51676949 0.028607719 0.85564644 65.740645 0.011444458 0.99958308 -0.026508197 -0.94819339 -0.85604812 -0.0039062168 -0.51688144 -13.194341
-0.52206709 0.030643325 0.85235373 66.603051 0.012588921 0.99952236 -0.028223524 -0.99296382 -0.85281155 -0.0040043589 -0.5222035 -13.720232
-0.52704408 0.033544153 0.84917564 67.424454 0.013088014 0.99942258 -0.031356084 -1.0447446 -0.8497372 -0.0054120153 -0.52717878 -14.239423
-0.53165448 0.03321454 0.84630978 68.257178 0.011178529 0.9994189 -0.03220112 -1.1035048 -0.84688761 -0.0076593705 -0.53171682 -14.746182
-0.53520444 0.033681929 0.84405075 69.09762 0.010336218 0.99939106 -0.033326701 -1.1539508 -0.84465936 -0.0091123052 -0.53522668 -15.269535
-0.5386927 0.033590291 0.84183241 69.91528 0.010709477 0.99939717 -0.033024297 -1.2142344 -0.84243429 -0.0087743623 -0.5387277 -15.786727
-0.5410813 0.026395729 0.84055591 70.740059 0.011826575 0.99964729 -0.023778644 -1.2604065 -0.84088716 -0.0029252809 -0.54120263 -16.325015
-0.54325455 0.018418369 0.83936595 71.555928 0.012883353 0.9998245 -0.013600976 -1.296254 -0.83946922 0.0034250562 -0.5433965 -16.846925
-0.54580682 0.0160242 0.83775777 72.380561 0.013695637 0.99985417 -0.010201863 -1.3284558 -0.83779914 0.0059053807 -0.54594668 -17.362711
-0.54640345 0.021027234 0.83725806 73.178493 0.013342426 0.99977646 -0.016401377 -1.3658045 -0.83741585 0.0022092856 -0.54656186 -17.889122
-0.5477289 0.026193111 0.83624572 73.985916 0.014028912 0.99965683 -0.02212278 -1.4107007 -0.83653828 -0.00038566766 -0.5479084 -18.400693
-0.54883028 0.031366719 0.83534507 74.781501 0.020196937 0.99950162 -0.024261106 -1.4493394 -0.83568981 0.0035561833 -0.54919027 -18.935816
-0.54835375 0.032188237 0.83562673 75.556907 0.023242589 0.99945954 -0.023246837 -1.4948599 -0.83592345 0.0066746392 -0.54880552 -19.454961
-0.5475518 0.029278616 0.83625937 76.369869 0.022605678 0.99954049 -0.020193952 -1.5418323 -0.83646642 0.0078469765 -0.54796206 -19.98703
-0.54757425 0.024330038 0.83640327 77.178243 0.020944182 0.99966254 -0.015367386 -1.5667716 -0.83649497 0.009102998 -0.54789904 -20.504736
-0.54647105 0.018453602 0.83727463 77.958271 0.019477072 0.99976684 -0.0093226788 -1.5941061 -0.83725151 0.011213085 -0.54670305 -21.008069
-0.54556686 0.011742178 0.837985 78.774107 0.010279915 0.99992038 -0.0073185816 -1.630779 -0.83800429 0.0046216395 -0.54564413 -21.515273
-0.54456809 0.0066588009 0.83869017 79.571712 0.0020962307 0.99997617 -0.0065782346 -1.6508165 -0.83871405 -0.0018242078 -0.54456907 -22.012985
-0.54305244 0.0070060711 0.83966952 80.377564 0.0049275837 0.99997456 -0.0051567376 -1.6832288 -0.83968436 0.0013371637 -0.54307315 -22.51995
-0.53962761 0.010916132 0.84183301 81.170143 0.011250057 0.99992016 -0.0057546071 -1.7016673 -0.84182869 0.0063653253 -0.53970733 -23.028655
-0.53484501 0.014078506 0.84483285 81.925061 0.012108121 0.99988622 -0.0089969688 -1.7332053 -0.84486346 0.0054173552 -0.53495462 -23.505583
-0.52696517 0.015778058 0.84974037 82.697905 0.016676206 0.99982713 -0.008223158 -1.7612157 -0.84972329 0.0098371291 -0.52713719 -23.985494
-0.51880857 0.018662863 0.85468667 83.518544 0.024396205 0.99967772 -0.0070199843 -1.7987806 -0.8545423 0.017209084 -0.51909668 -24.493318
-0.50820826 0.01821845 0.86104145 84.344159 0.022734578 0.99971162 -0.0077340011 -1.8217535 -0.86093412 0.015644932 -0.5084759 -24.973853
-0.49820825 0.015153951 0.86692493 85.13764 0.018617153 0.99980371 -0.0067776996 -1.8443077 -0.86685755 0.012762969 -0.49839258 -25.432024
-0.48532329 0.011756884 0.87425569 85.977229 0.019301381 0.99980998 -0.0027305969 -1.878986 -0.87412174 0.015549121 -0.485458 -25.880195
-0.47473387 0.010713715 0.88006415 86.784461 0.019050691 0.99981672 -0.0018950245 -1.9000562 -0.87992323 0.015866199 -0.47485097 -26.299181
-0.46358994 0.010017816 0.8859932 87.612764 0.019054834 0.99981755 -0.0013345011 -1.9185709 -0.88584499 0.016263793 -0.46369624 -26.723185
-0.45084329 0.011736461 0.89252592 88.439763 0.022422304 0.99974693 -0.0018201654 -1.9383187 -0.89232148 0.019191879 -0.45099236 -27.148986
-0.43950785 0.014424346 0.89812289 89.24755 0.021585026 0.99975192 -0.0054936559 -1.9687872 -0.8979794 0.016971502 -0.43971017 -27.544246
-0.42778095 0.023882778 0.90356682 90.08385 0.023097325 0.99961327 -0.015486342 -1.9986791 -0.90358732 0.014245216 -0.42816714 -27.917537
-0.41444 0.029718425 0.90959124 90.902397 0.024923002 0.99946245 -0.021298974 -2.0213743 -0.90973535 0.013842599 -0.41495789 -28.288413
-0.40363962 0.026065839 0.91454664 91.743877 0.02218681 0.99957899 -0.01869712 -2.0476283 -0.91464904 0.012743975 -0.404048 -28.648129
-0.39144989 0.022110563 0.91993371 92.598232 0.023078935 0.99963271 -0.014205584 -2.091876 -0.91991001 0.015670317 -0.3918164 -29.004501
-0.38168496 0.022623986 0.92401552 93.452218 0.019701656 0.9996724 -0.016338198 -2.128668 -0.92408252 0.011968593 -0.38200565 -29.342817
-0.37441718 0.026782539 0.92687345 94.300424 0.014538417 0.99962947 -0.023011967 -2.1686746 -0.92714642 0.0048591981 -0.37466783 -29.674331
-0.37000566 0.031515013 0.92849477 95.137419 0.0066381732 0.99948864 -0.031279373 -2.2072161 -0.92900582 -0.0054100352 -0.37002565 -29.98472
-0.3662159 0.033150743 0.92993917 96.003894 0.0025278616 0.99939696 -0.034631305 -2.2560017 -0.93052652 -0.010331776 -0.36607886 -30.314678
-0.36280648 0.03335265 0.93126741 96.829481 0.0029254956 0.99939513 -0.034652867 -2.2964735 -0.93185995 -0.0098478652 -0.3626846 -30.635229
-0.35761839 0.032983786 0.9332851 97.690343 0.0020787091 0.99940171 -0.034523927 -2.3540796 -0.93386554 -0.010406362 -0.35747299 -30.958697
-0.35239327 0.029845288 0.93537595 98.526589 0.0015869095 0.99950897 -0.031293744 -2.3925522 -0.9358507 -0.0095433471 -0.3522676 -31.253237
-0.34714312 0.025153988 0.93747472 99.399821 -0.00059364387 0.99963413 -0.027041649 -2.4370624 -0.93781202 -0.0099438479 -0.34700118 -31.571344
-0.34102202 0.022684566 0.93978153 100.23813 -0.0012458277 0.99969702 -0.02458289 -2.4867475 -0.94005452 -0.0095541122 -0.34089044 -31.872952
-0.33543688 0.022233785 0.94180024 101.07928 -0.0033148777 0.99968741 -0.024781015 -2.5242931 -0.94205689 -0.011434418 -0.33525832 -32.157646
-0.32909081 0.02103955 0.94406382 101.92342 -0.017654574 0.99943993 -0.028427869 -2.5655232 -0.94413327 -0.026022394 -0.32853505 -32.424304
-0.32238298 0.024793375 0.94628454 102.76521 -0.014623108 0.99940721 -0.031167071 -2.6108686 -0.94649641 -0.023885354 -0.32182932 -32.699933
-0.31516841 0.028836387 0.94859752 103.62522 -0.012055392 0.99933598 -0.034384146 -2.6533597 -0.94895923 -0.022272511 -0.31461149 -32.983907
-0.30846557 0.026860755 0.95085615 104.47683 -0.014166692 0.99936065 -0.032826749 -2.7030231 -0.95113005 -0.023596408 -0.30788783 -33.251253
-0.30143156 0.021635149 0.95324229 105.3445 -0.014797209 0.999516 -0.027364524 -2.7433666 -0.95337303 -0.022353856 -0.30096553 -33.526365
-0.29435902 0.019211782 0.95550175 106.17636 -0.01402144 0.9996035 -0.024418061 -2.7832447 -0.95559209 -0.020585186 -0.29397293 -33.756508
-0.28849865 0.021995901 0.95722758 107.04568 -0.017563485 0.99944631 -0.028259489 -2.8298448 -0.95731924 -0.024965076 -0.28795259 -34.009737
-0.28156954 0.024436579 0.95922957 107.90439 -0.018522042 0.99935099 -0.030895587 -2.8770499 -0.95936208 -0.026466146 -0.28093418 -34.262646
-0.27502285 0.025799249 0.96109144 108.76053 -0.019419939 0.99928689 -0.032381702 -2.9181013 -0.96124158 -0.027570045 -0.27432571 -34.495549
-0.26807573 0.02459646 0.96308376 109.63372 -0.020315973 0.9993074 -0.031176563 -2.9612067 -0.96318365 -0.027923664 -0.26739036 -34.724289
-0.26019484 0.024575255 0.9652433 110.49332 -0.017030833 0.99940372 -0.030035883 -3.0057841 -0.96540596 -0.024254079 -0.25962115 -34.955319
-0.25256393 0.025530529 0.96724328 111.34559 -0.012655292 0.99947916 -0.029685913 -3.0527639 -0.96749748 -0.019738337 -0.25210929 -35.171167
-0.24555302 0.026417481 0.96902309 112.23071 -0.010271356 0.99950158 -0.029851172 -3.0929606 -0.96932879 -0.017283227 -0.24515929 -35.397228
-0.23907792 0.02573891 0.97065915 113.08529 -0.016930085 0.99938615 -0.03067062 -3.1337054 -0.97085282 -0.02376601 -0.2384954 -35.588234
-0.23332827 0.023420441 0.9721159 113.93975 -0.022085003 0.9993244 -0.029376818 -3.1831 -0.97214724 -0.028323624 -0.23265339 -35.784704
-0.22813792 0.023490305 0.97334537 114.82681 -0.020060903 0.99938327 -0.028820673 -3.2277446 -0.97342217 -0.026101275 -0.22752599 -35.993337
-0.22386828 0.023480764 0.97433648 115.67974 -0.018286362 0.99943256 -0.028287122 -3.271376 -0.97444789 -0.024149658 -0.22331187 -36.17969
-0.21878429 0.025147496 0.9754491 116.57631 -0.017377161 0.9994089 -0.029662726 -3.3116843 -0.97561855 -0.023440274 -0.21821798 -36.383949
-0.21363076 0.02406902 0.97661789 117.42799 -0.011009634 0.99957364 -0.027043077 -3.3462476 -0.97685248 -0.016529438 -0.21327469 -36.54675
-0.20770623 0.023452359 0.97791003 118.29438 -0.0026201168 0.99969563 -0.024531331 -3.3894015 -0.97818778 -0.0076575481 -0.20758157 -36.752855
-0.20344593 0.022312621 0.97883187 119.18515 -0.00010222695 0.9997398 -0.022810467 -3.4357706 -0.97908622 -0.0047407588 -0.20339071 -36.934851
-0.19923621 0.02412485 0.97965445 120.03344 -0.0017312567 0.9996867 -0.024970253 -3.4697093 -0.97995001 -0.0066710112 -0.19913202 -37.090849
-0.19579089 0.025946329 0.98030232 120.91235 -0.0048158556 0.99961242 -0.027419268 -3.5110609 -0.98063389 -0.010089437 -0.19559005 -37.263575
-0.19338285 0.024880887 0.9808078 121.79711 -0.0077134619 0.99960894 -0.026878668 -3.5526433 -0.98109309 -0.012763296 -0.19311531 -37.428401
-0.19275549 0.023550999 0.98096411 122.64273 -0.0093490501 0.99962248 -0.025835998 -3.5946767 -0.98120232 -0.014151113 -0.19246254 -37.57836
-0.1922539 0.019167136 0.98115798 123.53026 -0.0093366578 0.99972826 -0.021359389 -3.6370703 -0.98130084 -0.013267162 -0.19202271 -37.756185
-0.19068483 0.01380743 0.98155416 124.3899 -0.0075505115 0.99985087 -0.015531632 -3.672948 -0.98162231 -0.010372882 -0.19055215 -37.905951
-0.19001181 0.011651832 0.98171262 125.25745 -0.0063507325 0.99989407 -0.013096817 -3.7046817 -0.98176131 -0.0087231434 -0.18991768 -38.07169
-0.18919171 0.016447357 0.98180237 126.13115 -0.0083790257 0.99979627 -0.018363418 -3.7406275 -0.98190446 -0.011700753 -0.18901536 -38.238541
-0.18841015 0.02027409 0.9818811 126.96107 -0.008634854 0.99971405 -0.022299223 -3.772349 -0.98205251 -0.012679799 -0.18818121 -38.38465
-0.18856002 0.019192884 0.98187406 127.82249 -0.010726868 0.99970911 -0.021601505 -3.8019699 -0.98200312 -0.014605613 -0.18829929 -38.548187
-0.18835512 0.018692386 0.98192304 128.67596 -0.011445905 0.99970917 -0.021226555 -3.8418695 -0.98203433 -0.015237127 -0.18808639 -38.706136
-0.18778273 0.018593429 0.98203455 129.51164 -0.0078572087 0.99976038 -0.020431481 -3.8866685 -0.98217921 -0.011552729 -0.18759164 -38.863018
-0.18700526 0.021707178 0.98211901 130.35604 -0.0085308012 0.99968225 -0.023719716 -3.9181437 -0.98232191 -0.012813973 -0.18676066 -39.015434
-0.18748557 0.023118118 0.98199523 131.19193 -0.019062404 0.9994491 -0.027168468 -3.9520575 -0.98208241 -0.023812885 -0.1869416 -39.156894
-0.18667886 0.024394809 0.98211803 132.03206 -0.022480293 0.99932382 -0.029095187 -3.989523 -0.9821638 -0.027509757 -0.18600423 -39.302086
-0.18676003 0.027684989 0.98201535 132.88233 -0.023393657 0.99919407 -0.032618304 -4.0392197 -0.98212703 -0.029064726 -0.18596186 -39.455569
-0.18599479 0.028517805 0.98213675 133.68926 -0.019646067 0.99927093 -0.032735847 -4.0855071 -0.98235434 -0.025383821 -0.18529892 -39.602106
-0.18439633 0.029958598 0.98239523 134.51711 -0.019635102 0.99922357 -0.034157308 -4.1269693 -0.98265586 -0.025587912 -0.18366492 -39.746841
-0.18241656 0.028957331 0.98279478 135.35671 -0.015902754 0.99934856 -0.032396785 -4.1699929 -0.98309276 -0.021538853 -0.18183723 -39.904616
-0.17901524 0.026567003 0.9834875 136.17407 -0.0055361117 0.99959232 -0.02800973 -4.2175906 -0.98383077 -0.010458864 -0.17879518 -40.059193
-0.17708332 0.021538868 0.98396011 136.98225 8.8922834e-05 0.99976085 -0.021868742 -4.2472865 -0.9841959 -0.0037850921 -0.17704289 -40.212924
-0.17308181 0.021501827 0.98467268 137.80669 0.0041820144 0.9997687 -0.021096373 -4.2814802 -0.98489861 0.00046651775 -0.1731317 -40.352913
-0.16825778 0.025044824 0.98542478 138.61304 -0.0017108582 0.99966826 -0.025698948 -4.3381956 -0.98574159 -0.0060099691 -0.16815911 -40.484054
-0.16197179 0.028383442 0.98638706 139.43612 -0.0013258587 0.99957909 -0.028980759 -4.3791409 -0.98679454 -0.0060018745 -0.16186598 -40.611651
-0.15389078 0.029006594 0.98766197 140.19489 -0.0041285871 0.99954141 -0.029998767 -4.409434 -0.98807928 -0.0086941816 -0.15370046 -40.719649
-0.14361785 0.026177697 0.98928689 140.99287 0.0066844905 0.99965294 -0.025481586 -4.4368266 -0.98961069 0.0029532692 -0.14374299 -40.843679
-0.13214873 0.024466978 0.99092785 141.81433 0.012878325 0.99965332 -0.022964982 -4.4766316 -0.99114628 0.0097266982 -0.13241801 -40.946661
-0.11834033 0.02653134 0.99261854 142.59141 0.01154068 0.99961221 -0.025342386 -4.5194716 -0.99290607 0.0084564681 -0.11860063 -41.039162
-0.10403168 0.0279835 0.99418019 143.40043 0.014668474 0.99953855 -0.026599404 -4.5499401 -0.99446585 0.011815926 -0.10439415 -41.117958
-0.090303859 0.028074728 0.99551843 144.15573 0.015709167 0.99951838 -0.026762545 -4.5876557 -0.9957904 0.013222006 -0.090701399 -41.184215
-0.076938638 0.02936764 0.99660318 144.94473 0.017497221 0.99945195 -0.028100784 -4.6289946 -0.99688233 0.015275752 -0.077410325 -41.235404
-0.062541584 0.035178443 0.99742215 145.78141 0.015450427 0.99929298 -0.034275633 -4.6771327 -0.9979228 0.013266947 -0.063040889 -41.276928
-0.049583413 0.044895394 0.99776039 146.50867 0.013883231 0.99892367 -0.044257812 -4.712419 -0.99867353 0.011657685 -0.05015334 -41.302439
-0.036457527 0.052874394 0.9979354 147.26327 0.00010671512 0.99859951 -0.052905681 -4.7669715 -0.99933524 -0.0018223147 -0.036412112 -41.306978
-0.023199551 0.054185272 0.99826131 148.04323 0.00068301398 0.99853073 -0.054184021 -4.8126526 -0.99973066 -0.00057521768 -0.023202475 -41.312665
-0.011115052 0.049856848 0.99869448 148.82059 -0.0018126184 0.99875357 -0.04987997 -4.8726818 -0.99993663 -0.0023646697 -0.011010828 -41.312841
0.00028255824 0.047189649 0.99888587 149.59321 0.00038779772 0.99888587 -0.047189757 -4.9193683 -0.99999993 0.00040070037 0.00026394186 -41.301988
0.0086462885 0.053426623 0.9985343 150.31599 -0.005475597 0.99855923 -0.053380542 -4.9857846 -0.99994767 -0.0050060271 0.0089263723 -41.269058
0.015431083 0.061808631 0.99796868 151.07996 -0.011702415 0.99803037 -0.061631501 -5.0338868 -0.99981249 -0.010727602 0.016123998 -41.247705
0.018475579 0.06532272 0.99769309 151.86013 -0.019366933 0.99769962 -0.064964503 -5.0909649 -0.99964177 -0.018121998 0.019698177 -41.229122
0.018889991 0.061073248 0.99795448 152.59948 -0.019273421 0.99796939 -0.060709338 -5.1497804 -0.99963583 -0.018087197 0.020028722 -41.205603
0.017048595 0.055310891 0.99832358 153.34971 -0.015206473 0.9983676 -0.055053644 -5.2130874 -0.99973906 -0.014242393 0.017861847 -41.183927
0.013816241 0.052803701 0.99850929 154.08365 -0.016138508 0.99848634 -0.05257918 -5.2657033 -0.99977435 -0.015388003 0.0146475 -41.168423
0.011203423 0.053254063 0.9985181 154.86651 -0.011785798 0.99851848 -0.053121845 -5.318222 -0.99986782 -0.011173185 0.011814465 -41.160283
0.007920431 0.053303687 0.99854689 155.59107 -0.012731882 0.99850269 -0.053200337 -5.3762463 -0.99988762 -0.012292011 0.0085872264 -41.153654
0.003458856 0.051660722 0.99865866 156.32978 -0.010787985 0.99860849 -0.051620761 -5.427411 -0.99993587 -0.010594965 0.0040113565 -41.14231
-0.0020944304 0.052069002 0.99864125 157.07958 -0.01439803 0.9985384 -0.052093835 -5.4757634 -0.99989419 -0.014487573 -0.0013416796 -41.139772
-0.0083208591 0.049995576 0.99871473 157.81277 -0.013823328 0.99864817 -0.050107412 -5.5249844 -0.99986987 -0.014222498 -0.007618507 -41.139566
-0.014392553 0.047177269 0.9987828 158.56461 -0.012184803 0.99880386 -0.047353846 -5.5770605 -0.99982222 -0.012851514 -0.013800494 -41.146608
-0.01932698 0.047443928 0.99868687 159.28875 -0.014544609 0.99875444 -0.04772861 -5.6269992 -0.99970746 -0.01544796 -0.018612855 -41.163271
-0.025125637 0.048373943 0.99851318 160.01063 -0.014120751 0.99871173 -0.048738881 -5.6757144 -0.99958461 -0.015324351 -0.024410194 -41.17363
-0.029404732 0.051030068 0.9982641 160.72514 -0.015710703 0.99854903 -0.051507404 -5.7294677 -0.99944416 -0.017197992 -0.02856035 -41.185028
-0.031663086 0.053047378 0.99808985 161.449 -0.017309495 0.99841172 -0.053613604 -5.782528 -0.99934875 -0.018974003 -0.030694574 -41.210648
-0.033622017 0.054745106 0.99793409 162.15044 -0.016520464 0.9983318 -0.055323523 -5.8416554 -0.99929811 -0.018346423 -0.032661516 -41.230509
-0.032405476 0.052746606 0.99808196 162.86038 -0.0096179752 0.99854377 -0.053083284 -5.8833887 -0.99942857 -0.011319716 -0.031850972 -41.260287
-0.029184545 0.048885241 0.99837789 163.57776 -0.0045377629 0.99878661 -0.049037899 -5.9306835 -0.99956378 -0.0059615502 -0.028927305 -41.281938
-0.021682685 0.04856737 0.99858449 164.30558 -0.0054013427 0.99879909 -0.048695087 -5.9888403 -0.99975035 -0.0064495365 -0.021394318 -41.286759
-0.01054194 0.049797142 0.99870367 165.01031 -0.004747672 0.99874546 -0.049849339 -6.0438347 -0.9999332 -0.0052670255 -0.010292296 -41.28563
0.0031906622 0.050160864 0.99873601 165.68349 -0.0030253091 0.99873705 -0.05015125 -6.0929154 -0.99999038 -0.0028614687 0.0033383831 -41.278425
0.018555924 0.048026833 0.99867363 166.3643 -0.0051014255 0.99883719 -0.04793991 -6.1386793 -0.99981485 -0.004205089 0.018779351 -41.248936
0.034668215 0.042726429 0.99848509 167.07072 -0.0064911766 0.99907426 -0.04252626 -6.1807853 -0.99937784 -0.0050070328 0.034913464 -41.207444
0.051686543 0.036274243 0.99800431 167.73602 -0.0060625364 0.99933309 -0.03600856 -6.2133952 -0.998645 -0.0041892787 0.051871985 -41.167153
0.068619943 0.028967349 0.9972222 168.42263 -0.0092458759 0.99955391 -0.028398861 -6.2565159 -0.99760007 -0.0072714638 0.06885716 -41.106385
0.08621646 0.021109897 0.99605271 169.10307 -0.006259887 0.99976724 -0.020646776 -6.2852105 -0.9962568 -0.0044550848 0.086328536 -41.032863
0.10369851 0.014952191 0.99449634 169.75675 -0.0098533967 0.99985337 -0.014005295 -6.3207613 -0.99456001 -0.008346838 0.10383063 -40.947943
0.12162276 0.012621002 0.99249611 170.41581 -0.010503551 0.99987953 -0.011427762 -6.3476576 -0.99252086 -0.0090348572 0.12174068 -40.853925
0.13944723 0.012168437 0.99015469 171.05171 -0.011404305 0.99987791 -0.010681818 -6.3708553 -0.99016387 -0.0098024759 0.13956898 -40.753056
0.1571232 0.011446678 0.98751263 171.69501 -0.010874036 0.99989226 -0.0098600064 -6.3853102 -0.98751918 -0.0091890111 0.15723074 -40.637514
0.17357167 0.010920347 0.98476065 172.33725 -0.016423836 0.99983155 -0.0081926451 -6.3990397 -0.98468432 -0.014751535 0.17372179 -40.50531
0.18727536 0.0072356637 0.98228077 172.9739 -0.019547352 0.99980231 -0.0036379575 -6.4196472 -0.98211299 -0.018519687 0.18737977 -40.368485
0.20024208 0.0032999155 0.97974085 173.59569 -0.016144909 0.99986966 -6.7971848e-05 -6.4430096 -0.97961346 -0.015804216 0.20026926 -40.228943
0.21099518 0.0014030376 0.97748605 174.21912 -0.012410427 0.99992221 0.0012436108 -6.4554468 -0.97740836 -0.012393415 0.21099618 -40.093583
0.22053715 0.0049834273 0.9753658 174.81425 -0.015785267 0.99987422 -0.0015394863 -6.4728886 -0.97525088 -0.015056895 0.22058808 -39.935783
0.22945627 0.012116052 0.97324352 175.42751 -0.021060999 0.99975021 -0.0074806018 -6.4997987 -0.97309112 -0.018781009 0.22965413 -39.778127
0.23893475 0.022355734 0.97077821 176.02029 -0.021984615 0.99960323 -0.017608528 -6.5148201 -0.97078676 -0.017134895 0.23933143 -39.620754
0.24718605 0.028935864 0.96853585 176.59405 -0.017634416 0.99952281 -0.025361037 -6.5279447 -0.9688076 -0.010810669 0.24757836 -39.470851
0.25359764 0.027331377 0.96692355 177.20429 -0.015811591 0.99958432 -0.024107628 -6.541133 -0.9671806 -0.0091749612 0.25392437 -39.310302
0.25907375 0.019917196 0.96565212 177.79482 -0.017507742 0.99971993 -0.015922733 -6.5638123 -0.96569889 -0.012781226 0.2593499 -39.14356
0.26357089 0.0092311078 0.96459582 178.41121 -0.022243667 0.99974649 -0.0034895281 -6.5879001 -0.96438358 -0.02053641 0.2637094 -38.958703
0.26606218 0.00017407787 0.96395581 179.02069 -0.023269724 0.99970974 0.0062421597 -6.6092931 -0.96367501 -0.024091788 0.265989 -38.780953
0.26692581 -0.00062212478 0.96371684 179.62691 -0.018383397 0.99981455 0.0057371753 -6.6292949 -0.96354177 -0.019247789 0.26686487 -38.613957
0.26763025 0.002635879 0.96351805 180.24049 -0.01750832 0.99984445 0.0021279179 -6.6273336 -0.96336265 -0.017439077 0.26763477 -38.442723
0.26947218 0.0019232488 0.96300621 180.85535 -0.013131879 0.99991237 0.001677659 -6.6392507 -0.96291868 -0.013098163 0.26947382 -38.280651
0.271501 -7.2621335e-05 0.96243811 181.44911 -0.01395768 0.99989453 0.0040128689 -6.6389259 -0.96233698 -0.014522901 0.27147135 -38.103161
0.27407685 -0.0042537681 0.96169835 182.06825 -0.014564394 0.99985718 0.0085732952 -6.6556137 -0.96159754 -0.016356295 0.27397575 -37.925282
0.2772986 -0.010170451 0.96072992 182.6817 -0.012960873 0.99981339 0.014325134 -6.6671173 -0.9606964 -0.016424238 0.27711503 -37.735278
0.28118733 -0.012912359 0.95956599 183.2997 -0.011693636 0.99978914 0.016880275 -6.6672476 -0.95958169 -0.015967334 0.28097704 -37.548884
0.28772858 -0.01440039 0.95760368 183.90801 -0.011649437 0.99976035 0.018534614 -6.6637581 -0.95764118 -0.016488482 0.28749187 -37.357415
0.29535141 -0.017429562 0.95522965 184.54413 -0.0099272542 0.99972361 0.021310868 -6.6660986 -0.95533715 -0.015777002 0.29509675 -37.162057
0.30502919 -0.019460315 0.95214412 185.13984 -0.0073002009 0.99971405 0.022771264 -6.6708639 -0.95231506 -0.013896743 0.3047999 -36.961285
0.31618746 -0.018337403 0.94851945 185.77467 -0.0074236976 0.99973474 0.021802209 -6.668122 -0.94866773 -0.013935106 0.31596746 -36.7392
0.32768282 -0.013696193 0.94468847 186.38873 -0.0093619864 0.99979876 0.017742567 -6.6684497 -0.94474144 -0.014658095 0.32748865 -36.506344
0.33898039 -0.010062805 0.94073958 186.99639 -0.010866061 0.99983422 0.014610332 -6.6699253 -0.94073073 -0.015174749 0.33881485 -36.273013
0.35067457 -0.0098370482 0.93644568 187.62472 -0.0093198404 0.99985866 0.013993218 -6.659997 -0.93645105 -0.013634589 0.35053332 -36.028762
0.36203679 -0.012949146 0.93207382 188.24505 -0.0087668292 0.99981199 0.017295439 -6.6703373 -0.93212262 -0.014432917 0.3618552 -35.780772
0.37307 -0.015107688 0.92768015 188.84857 -0.0081290084 0.99977582 0.019550909 -6.6684008 -0.92776763 -0.014834977 0.37286355 -35.518255
0.38492115 -0.015254456 0.92282335 189.48524 -0.011039428 0.99971578 0.021130186 -6.6706135 -0.92288348 -0.018320897 0.38464334 -35.237851
0.39419456 -0.016594809 0.91887714 190.10866 -0.012541944 0.99964671 0.02343394 -6.6527984 -0.91894147 -0.020762037 0.39384716 -34.960117
0.40116296 -0.014892421 0.9158856 190.74432 -0.018418661 0.99953454 0.024320039 -6.6639997 -0.91582155 -0.026625685 0.40070193 -34.662449
0.40591629 -0.017698336 0.91373884 191.3828 -0.018138899 0.99945951 0.027416635 -6.6478423 -0.91373028 -0.027703075 0.40537587 -34.368651
0.40741436 -0.022745001 0.91296009 192.02488 -0.013550566 0.99942919 0.030946274 -6.6427912 -0.91314292 -0.024979082 0.4068736 -34.076217
0.40842092 -0.020629887 0.91256051 192.67104 -0.012101119 0.99953434 0.028011983 -6.6403378 -0.91271353 -0.022483683 0.40798109 -33.784032
0.40740108 -0.02041364 0.91302112 193.33267 -0.0095510142 0.99960023 0.026611184 -6.6352542 -0.91319944 -0.019561702 0.40704324 -33.486425
0.40596653 -0.019774225 0.91367395 194.01503 -0.0063206158 0.99968122 0.024444037 -6.6264357 -0.91386613 -0.015698442 0.40571212 -33.202191
0.40603003 -0.020761371 0.91362384 194.681 -0.0034858405 0.99969945 0.024266538 -6.6168313 -0.91385313 -0.013037689 0.40583562 -32.904341
0.40482016 -0.027004862 0.91399743 195.36337 -0.00020475011 0.9995611 0.029623603 -6.6096557 -0.91439634 -0.012179372 0.40463695 -32.612605
0.40424772 -0.029989347 0.91415773 196.03932 0.00082157294 0.99947384 0.032424874 -6.6043935 -0.91464921 -0.012356634 0.40405966 -32.310735
0.40311563 -0.032502949 0.91457164 196.73269 0.0018472269 0.99939595 0.034703317 -6.5904345 -0.91514723 -0.012300028 0.40293217 -31.993466
0.40070837 -0.032506554 0.91562878 197.42563 0.0010807551 0.99938648 0.035007137 -6.5823149 -0.91620506 -0.013038082 0.40049765 -31.696655
0.39962555 -0.032826367 0.91609049 198.09562 -0.0002660246 0.99935442 0.035926019 -6.5692767 -0.91667847 -0.014600657 0.39935882 -31.386641
0.39759665 -0.031304228 0.91702611 198.79243 -0.0018147571 0.99938907 0.034902654 -6.5607612 -0.91755855 -0.015541357 0.39729693 -31.077976
0.39687824 -0.028911352 0.91741579 199.47783 -0.00029142956 0.99949979 0.031624213 -6.5581717 -0.91787126 -0.012818323 0.39667129 -30.779844
0.39640329 -0.022450093 0.91780191 200.15129 -0.001382681 0.99968524 0.025050205 -6.5550286 -0.91807548 -0.01119901 0.39624748 -30.473598
0.3950726 -0.019745973 0.91843762 200.83318 -0.0027353942 0.99973925 0.022670569 -6.5461649 -0.91864587 -0.011468809 0.39491557 -30.190427
0.39411327 -0.022465752 0.91878722 201.53281 -0.0035121684 0.99965708 0.025949687 -6.531578 -0.9190552 -0.013454051 0.39389922 -29.87148
0.39230897 -0.025775293 0.91947226 202.22361 -0.0038840962 0.99955198 0.029677362 -6.5228915 -0.91982534 -0.015214013 0.39203309 -29.572949
0.38983902 -0.024956667 0.92054475 202.90749 -0.0082053422 0.99949889 0.030572031 -6.5247606 -0.92084651 -0.019471555 0.38943888 -29.279508
0.3857944 -0.025103933 0.92224314 203.58706 -0.011009835 0.99943327 0.031810742 -6.5200247 -0.92251913 -0.02242615 0.38529937 -28.978021
0.37861472 -0.026021051 0.92518848 204.27797 -0.011298474 0.9994003 0.03273194 -6.512581 -0.92548545 -0.022846012 0.37809366 -28.703525
0.36962109 -0.026144239 0.92881465 204.98398 -0.01155347 0.99939749 0.032728696 -6.4962938 -0.92911078 -0.022828248 0.36909633 -28.418326
