1.000000000000000000e+00 -3.306050084167601550e-19 -2.270457535318767223e-19 -8.673617379884035472e-19 7.546676715296109287e-19 1.000000000000000000e+00 6.237773588823049983e-19 1.387778780781445676e-17 -3.447385680526250622e-20 4.770700176052009879e-20 1.000000000000000222e+00 5.551115123125782702e-17
9.999236257304277009e-01 -2.781266219401501861e-03 1.204476119667814531e-02 1.323039478296248947e-02 2.771295793964755928e-03 9.999958175869890775e-01 8.445388353230753962e-04 -6.497146663989261661e-03 -1.204706039819574033e-02 -8.111115198855088767e-04 9.999271343269316992e-01 3.008642213422568212e-01
9.998352126969686227e-01 -5.174789706778935676e-03 1.740162162821243252e-02 2.798307866140568867e-02 5.154727543014910388e-03 9.999860034263030606e-01 1.198053751196997106e-03 -9.164537503576930533e-03 -1.740757947224729277e-02 -1.108167308477581983e-03 9.998479184935803454e-01 5.833958177307572157e-01
9.997525147741170848e-01 -7.999912675156171937e-03 2.075334825440297570e-02 3.907964978631875419e-02 8.008680700535241587e-03 9.999678776231170074e-01 -3.391789184383495540e-04 -1.217011817742870428e-02 -2.074997197963185727e-02 5.052776174392194838e-04 9.997844718186170709e-01 8.812159820290902390e-01
9.997737954297565288e-01 -1.022097770285161460e-02 1.864583720675944828e-02 5.108400903827270412e-02 1.025525708741027719e-02 9.999458686017799192e-01 -1.743517003453087843e-03 -1.266162100203467589e-02 -1.862700731505075383e-02 1.934433075335123282e-03 9.998245392498665840e-01 1.189724721942452046e+00
9.998677099317307970e-01 -1.098541912994528691e-02 1.200081303673445655e-02 4.991165258554038087e-02 1.101884207300832599e-02 9.999355780468682786e-01 -2.722581022338972211e-03 -1.701277916006026236e-02 -1.197013222900985760e-02 2.854414647118588746e-03 9.999243187947775002e-01 1.507711676602351059e+00
9.999054002460843193e-01 -1.370656121201491336e-02 1.149026568150646795e-03 4.078286059232456157e-02 1.371134929982480676e-02 9.998968573979306607e-01 -4.267317534437881608e-03 -2.751767696443896405e-02 -1.090402351329011754e-03 4.282669321450928608e-03 9.999902585875221073e-01 1.832164087538505681e+00
9.998043457259329081e-01 -1.220303959223911598e-02 -1.557105535316863180e-02 2.396198077917978050e-02 1.213144445182234334e-02 9.999154475475701132e-01 -4.683768933247911721e-03 -2.873618503222528930e-02 1.562691425907622444e-02 4.493983993276869614e-03 9.998678617939411595e-01 2.161788002527201158e+00
9.993401003316715325e-01 -1.018332869884728924e-02 -3.487939489915777708e-02 -1.354677305474448826e-02 1.001272166278206754e-02 9.999370822393999214e-01 -5.063914700333955847e-03 -3.625089811147362562e-02 3.492876291286616669e-02 4.711524667711799834e-03 9.993791499217571372e-01 2.509413513918229199e+00
9.984887575378185165e-01 -3.829101106533735512e-03 -5.481696327924522744e-02 -6.095228981238511728e-02 3.495229072673469543e-03 9.999747624900306997e-01 -6.184487078420603141e-03 -4.203080765857943046e-02 5.483926256465773003e-02 5.983543537174847160e-03 9.984769735558302051e-01 2.861858529574321519e+00
9.971744340752278779e-01 -3.773262688031809794e-03 -7.501418172775026205e-02 -1.030406040125887435e-01 3.289625723105826533e-03 9.999730089914313780e-01 -6.570373135818863980e-03 -4.351969913618979058e-02 7.503695707214907973e-02 6.304956623015371513e-03 9.971599557294225091e-01 3.227195381548166431e+00
9.955439397641844268e-01 -4.961805158107878040e-03 -9.416292774126693021e-02 -1.554421971533917202e-01 4.461392152792054838e-03 9.999747814724244677e-01 -5.522486920109237994e-03 -5.074350254639975466e-02 9.418798287805732472e-02 5.077602431267543015e-03 9.955409992795961616e-01 3.604582164600796279e+00
9.933539334470263826e-01 -6.319076203079873090e-03 -1.149137592514849066e-01 -2.128316081888775024e-01 5.827996919218612903e-03 9.999724263360333376e-01 -4.609366128978241439e-03 -6.061876292529391752e-02 1.149397107587606659e-01 3.909078382627929199e-03 9.933633269921480213e-01 3.993976479727451956e+00
9.911833100013872633e-01 -5.160056572062119568e-03 -1.324105597878405260e-01 -2.853894527282448412e-01 4.640374578741591170e-03 9.999802631735927871e-01 -4.233213582846877959e-03 -6.400975922201618262e-02 1.324298114683488126e-01 3.581483747548015566e-03 9.911877299256062201e-01 4.390998841959257604e+00
9.889822743678657879e-01 -4.613778913224804608e-03 -1.479867100212069742e-01 -3.707195779723209128e-01 4.109018856139028467e-03 9.999846528037570348e-01 -3.716941522286310636e-03 -7.138043292722733024e-02 1.480015918477723125e-01 3.067956008351719645e-03 9.889860299816978229e-01 4.804662726705841713e+00
9.869746951769345911e-01 -3.398452350373298240e-03 -1.608844307708898469e-01 -4.523061363218953690e-01 2.867249548952074869e-03 9.999896434560452407e-01 -3.534582194893087868e-03 -7.737613645432031562e-02 1.608948008902467697e-01 3.027379805636863392e-03 9.869742456947182552e-01 5.229901657959829642e+00
9.848146661936459934e-01 -3.033746882800755600e-03 -1.735710068022747188e-01 -5.402802745815330487e-01 2.399317405726621340e-03 9.999896622514360400e-01 -3.864690353408076727e-03 -8.638305347634443743e-02 1.735809451344494658e-01 3.389438164159478371e-03 9.848117866481492788e-01 5.668516546717703442e+00
9.833545709353035402e-01 -6.901614274590894653e-03 -1.815319748316396309e-01 -6.218861948721174926e-01 5.986505892696164857e-03 9.999664875006447629e-01 -5.588586736673227182e-03 -9.811815643677350429e-02 1.815644629201683125e-01 4.408762592541590544e-03 9.833629253668474401e-01 6.113860066518814307e+00
9.817566752997544111e-01 -5.406194761132300866e-03 -1.900709818171971710e-01 -7.263565907821966094e-01 4.020877242325004639e-03 9.999624511975586660e-01 -7.674283379125833651e-03 -1.049275568987836776e-01 1.901053703766844016e-01 6.769845297264580168e-03 9.817416169299639783e-01 6.577548094926658706e+00
9.803151068803586110e-01 -5.767431673524870371e-03 -1.973758530137262324e-01 -8.338307608296103846e-01 3.940751366457496442e-03 9.999457017070111364e-01 -9.646716239766581213e-03 -1.071028236902211161e-01 1.974207922258017223e-01 8.678938085588941073e-03 9.802846120592978441e-01 7.053116707559903276e+00
9.788324547978641821e-01 -5.822525497845476919e-03 -2.045707289269421969e-01 -9.446343066842428637e-01 3.367430909512037548e-03 9.999181321090555574e-01 -1.234588623344343161e-02 -1.175320620055299164e-01 2.046258757125837269e-01 1.139575261571345970e-02 9.787719245753193631e-01 7.544170543029854237e+00
9.770138897522935295e-01 -1.025669105247702800e-02 -2.129660174236336911e-01 -1.056281908661042657e+00 7.318178080307002203e-03 9.998667639676090957e-01 -1.458665080070107971e-02 -1.251707448443075410e-01 2.130873256100044022e-01 1.269255051824808543e-02 9.769588867616650907e-01 8.045662981897633514e+00
9.752054077474838767e-01 -1.525571737531750474e-02 -2.207889396126094528e-01 -1.169483280577065409e+00 1.221327712478577181e-02 9.998108197131201358e-01 -1.513754690080428185e-02 -1.429567923724488487e-01 2.209781806094046341e-01 1.206571848727091591e-02 9.752071588270854186e-01 8.563805488568242197e+00
9.732115291245090338e-01 -1.630357860302274892e-02 -2.293291330113608473e-01 -1.298186297756563690e+00 1.275440205190002223e-02 9.997749596769662794e-01 -1.695428622816874675e-02 -1.662129447586466191e-01 2.295539159319266997e-01 1.357477887778222626e-02 9.732005305466693290e-01 9.085989787619924485e+00
9.711258086811038748e-01 -1.219422188686350612e-02 -2.382536709635625083e-01 -1.453830509180875419e+00 7.287796434598142227e-03 9.997430898810286681e-01 -2.146211481574992336e-02 -1.692397683603261704e-01 2.384541767102525966e-01 1.910628284718953601e-02 9.709651935780654330e-01 9.617514418335051829e+00
9.694693150098379064e-01 -9.617508491601499399e-03 -2.450349823799174154e-01 -1.613488587894563953e+00 3.630532009717738449e-03 9.996839444667895425e-01 -2.487716156319072155e-02 -1.825390568013800507e-01 2.451968204058098955e-01 2.322802196846682210e-02 9.691978948507653513e-01 1.015840366521432259e+01
9.668449172236202038e-01 -1.202294893732589083e-02 -2.551537495078604612e-01 -1.769965104534823475e+00 5.346264096303937792e-03 9.996250288991871402e-01 -2.685387917489415188e-02 -2.015122977424213535e-01 2.553810776255042159e-01 2.459939464540174606e-02 9.665467713111224324e-01 1.072356182615144604e+01
9.646886284172505599e-01 -1.363012973060932949e-02 -2.630853452356838318e-01 -1.929384627006121899e+00 6.282702469878302318e-03 9.995666965664877779e-01 -2.875258911302862666e-02 -2.279230901392240161e-01 2.633633767728922326e-01 2.608395513661943693e-02 9.643563707827111919e-01 1.129553036814211708e+01
9.630511826437551104e-01 -1.338112626731044995e-02 -2.690205537777665135e-01 -2.101890771914767697e+00 5.079313324889160076e-03 9.994897233586969021e-01 -3.153091260413695696e-02 -2.492252525506467586e-01 2.693052234291772873e-01 2.899973915241103872e-02 9.626276678539020804e-01 1.187837801125658110e+01
9.604919569424513748e-01 -1.286802006378670767e-02 -2.780047709653625243e-01 -2.289837512877211267e+00 3.372209696542984025e-03 9.993953010855296526e-01 -3.460137142349004741e-02 -2.718156181262375570e-01 2.782819734538804490e-01 3.229680482218923870e-02 9.599543891201516299e-01 1.247361375154406815e+01
9.582113074473681547e-01 -1.444577137195560482e-02 -2.856649016421749510e-01 -2.480128977786447031e+00 3.080850325230853962e-03 9.991873830683195568e-01 -4.018682425300888761e-02 -3.042556624751980299e-01 2.860133353803289147e-01 3.762703759802882297e-02 9.574771744669173801e-01 1.306838455316695402e+01
9.563105638720210688e-01 -1.504444504943208347e-02 -2.920173966431186541e-01 -2.675582579624004698e+00 1.440926901424636900e-03 9.989055953272659716e-01 -4.673833748652340969e-02 -3.399143377872269056e-01 2.924010676519681606e-01 4.427614089482325571e-02 9.552854401125420170e-01 1.368211107178515995e+01
9.548455341673669494e-01 -1.539336985096382768e-02 -2.967014358970679333e-01 -2.882054065598791404e+00 -9.614374031046924113e-04 9.984915146110509010e-01 -5.490261612841175476e-02 -3.737749434619574984e-01 2.970987412807445938e-01 5.271014372529046060e-02 9.533903248215884751e-01 1.430569700529147426e+01
9.539862459809603790e-01 -1.558189271234357472e-02 -2.994576179023371032e-01 -3.088841285760884681e+00 -3.880620564009277639e-03 9.979236572270314687e-01 -6.427257558986283759e-02 -4.205644591705993141e-01 2.998376347986684287e-01 6.247640178042465631e-02 9.519450033509988529e-01 1.494005899898074752e+01
9.530830680293331802e-01 -1.520049833368705174e-02 -3.023324793688674794e-01 -3.310649321798105671e+00 -7.448578455402574995e-03 9.972583556047324160e-01 -7.363301931143967360e-02 -4.644229730116546384e-01 3.026228279117193498e-01 7.243057863064515656e-02 9.503568805422651922e-01 1.559171282091944022e+01
9.514545727499685857e-01 -1.430365641271253742e-02 -3.074711180139160227e-01 -3.530271061785924314e+00 -1.093071966438098445e-02 9.967191806039671365e-01 -8.020675994206771797e-02 -5.231712133851239566e-01 3.076094485710798576e-01 7.967452032488100966e-02 9.481767496138990836e-01 1.625203886370382378e+01
9.497157123883919194e-01 -1.335852017215731838e-02 -3.127452506895330719e-01 -3.768003858050352761e+00 -1.458568344964996343e-02 9.961174571224450380e-01 -8.681342406433015246e-02 -5.815636768525096478e-01 3.126906993010496461e-01 8.700960153862359603e-02 9.458338388891267545e-01 1.691497213108008069e+01
9.486862327015060936e-01 -1.093578522219761442e-02 -3.160605589059273246e-01 -4.005929120190558024e+00 -1.935687026271019906e-02 9.955192340953658015e-01 -9.256801974883197004e-02 -6.504730822626469955e-01 3.156565687311097546e-01 9.393658097697504816e-02 9.442238769035373736e-01 1.758756007885185468e+01
9.471213736226882229e-01 -9.457240788970651402e-03 -3.207019766014261863e-01 -4.261388455704934408e+00 -2.356034574295829895e-02 9.948178280694010001e-01 -9.889104961788547365e-02 -7.231816090723434121e-01 3.199750337475934514e-01 1.012183571054030284e-01 9.419904681649362566e-01 1.827212462987536412e+01
9.452463470621239594e-01 -7.005072992978128750e-03 -3.262957694501701922e-01 -4.518502425968047298e+00 -2.787287019134251573e-02 9.943838870159688037e-01 -1.020731383517727575e-01 -7.976437220662440097e-01 3.251780458803267271e-01 1.055789802500259333e-01 9.397426010812092168e-01 1.897915893868567849e+01
9.436347455567624110e-01 -5.667992910855373066e-03 -3.309699580819069897e-01 -4.781286889931110728e+00 -3.053033764809289646e-02 9.941001699024613059e-01 -1.041034898536973979e-01 -8.758210321364574558e-01 3.296069982015882860e-01 1.083419384168266414e-01 9.378946287988941810e-01 1.968860969021909568e+01
9.408979270425855690e-01 -5.582654972006598736e-03 -3.386479691099692491e-01 -5.054318998039905253e+00 -3.117859955492108606e-02 9.941908203888215612e-01 -1.030303607958310552e-01 -9.644027170617389677e-01 3.372562518113991215e-01 1.074990076909444620e-01 9.352580371602680076e-01 2.040929757240656528e+01
9.389502840820712626e-01 -4.930608829783443732e-03 -3.439726168404570461e-01 -5.335778578321781929e+00 -3.181748682004265083e-02 9.943679383484741452e-01 -1.010868814473779853e-01 -1.049227271275094520e+00 3.425332634003195875e-01 1.058619185825384057e-01 9.335054508177458299e-01 2.113522131241403912e+01
9.366727799356270312e-01 -4.793996317895028031e-03 -3.501281817439236277e-01 -5.622182300074541672e+00 -3.206157721511692510e-02 9.945331823904927093e-01 -9.937707595675045191e-02 -1.129781074399113905e+00 3.486899221900955359e-01 1.043119424120501765e-01 9.313986557463902471e-01 2.187399667998720076e+01
9.347119392896343637e-01 -4.412861876658011502e-03 -3.554157482154358116e-01 -5.915899492247088887e+00 -3.190262002169725469e-02 9.948445710810118747e-01 -9.625834606590037701e-02 -1.216625491771799128e+00 3.540086564471371378e-01 1.013101069003522203e-01 9.297523880782979644e-01 2.261263518435777087e+01
9.298148910975000403e-01 -2.291749533775918474e-03 -3.679897936746233111e-01 -6.237185535617072674e+00 -3.316959016860596132e-02 9.953890491993889755e-01 -9.002365940320466997e-02 -1.293370241856205860e+00 3.664991282360579583e-01 9.591381598413811771e-02 9.254515558235640871e-01 2.337918875701132748e+01
9.269002578027721873e-01 -5.248099550420918472e-04 -3.753259997654277980e-01 -6.555319972048231136e+00 -3.407634323938921184e-02 9.957509189009656758e-01 -8.552981924442901174e-02 -1.378592332800754550e+00 3.737759280582026444e-01 9.206639216340345433e-02 9.229438254706398004e-01 2.413685975654519922e+01
9.237442924523082688e-01 3.260491577520232501e-03 -3.829607008097717924e-01 -6.886604021676570042e+00 -3.718338088484690607e-02 9.960038083769569006e-01 -8.123126614469493301e-02 -1.451904958833247106e+00 3.811654770721986107e-01 8.927987622148977898e-02 9.201740292786149134e-01 2.488749458883311405e+01
9.203176459375225216e-01 4.105284083100971260e-03 -3.910910131740306106e-01 -7.225415689285801690e+00 -3.797443167340520259e-02 9.961595881285291165e-01 -7.889185227002940004e-02 -1.529834898346312810e+00 3.892650079927653661e-01 8.745901835836022986e-02 9.169391086692392223e-01 2.565619822689004792e+01
9.159392415703135892e-01 5.764558765800495421e-03 -4.013690904791863412e-01 -7.573463661981921113e+00 -4.029849356383338743e-02 9.961641477022393776e-01 -7.768897184392463406e-02 -1.610095347117480591e+00 3.993820944732987543e-01 8.733061498717038795e-02 9.126579418088377471e-01 2.643210426084711173e+01
9.125548407702676057e-01 5.877373726044591608e-03 -4.088891910881528036e-01 -7.932452188760110268e+00 -4.071644836841534221e-02 9.962343665904536127e-01 -7.654710884415369399e-02 -1.679284321539354030e+00 4.068994965489021176e-01 8.650270509360753757e-02 9.093577366852995114e-01 2.720881243078067513e+01
9.088409896954627865e-01 6.333214099910729200e-03 -4.171016879244880959e-01 -8.312040822842435617e+00 -4.126300304861876128e-02 9.963459144438728821e-01 -7.476608670412482338e-02 -1.749424092272359399e+00 4.151042543550041986e-01 8.515789920981289840e-02 9.057811372806475747e-01 2.798351710424739025e+01
9.045533450662187613e-01 5.220407244461823006e-03 -4.262618927633795018e-01 -8.695810444126095717e+00 -4.020125979528315491e-02 9.965145745945652722e-01 -7.308161018385550545e-02 -1.823171904709035784e+00 4.243942918109660511e-01 8.324431429707958296e-02 9.016103077638377705e-01 2.878871896990177959e+01
9.014749510819577427e-01 4.837153843798043876e-03 -4.328165792543990364e-01 -9.090460261974603995e+00 -3.855796546254963708e-02 9.968597262830140027e-01 -6.916617217922199634e-02 -1.894058270845661696e+00 4.311232775849225818e-01 7.903646683603159084e-02 8.988302396272161987e-01 2.958613960451103608e+01
8.977976235951538042e-01 7.736147276815343726e-03 -4.404098481897678607e-01 -9.502390947422071577e+00 -3.940101615310671185e-02 9.972473413236859763e-01 -6.281440807857884001e-02 -1.956033506276186662e+00 4.387116525104440279e-01 7.374490152956585109e-02 8.956309732105856014e-01 3.039703764830083799e+01
8.943957941899929320e-01 7.146754288702290327e-03 -4.472034423435042316e-01 -9.921066913097622120e+00 -3.739251450097866303e-02 9.975671354446863370e-01 -5.883547434716855651e-02 -2.024112506509222698e+00 4.456953563310186439e-01 6.934072490270941358e-02 8.924866476968640328e-01 3.120845751730383100e+01
8.902166955628628697e-01 7.532956090714476236e-03 -4.554970481781350222e-01 -1.035309935597434183e+01 -3.716731832161329629e-02 9.977308536141076267e-01 -5.614625521169196859e-02 -2.087381890561653464e+00 4.540404794797251453e-01 6.691226775807242177e-02 8.884766799680798854e-01 3.203403238333336844e+01
8.871805149290752368e-01 7.239282785440771979e-03 -4.614255394153077283e-01 -1.079536915550342968e+01 -3.667852477169710607e-02 9.978193542648718939e-01 -5.486608806882755512e-02 -2.148654172380727090e+00 4.600219576264747423e-01 6.559899134319878422e-02 8.855115791893843902e-01 3.286893370379815593e+01
8.848144691522634719e-01 6.724840712038532460e-03 -4.657966264133385215e-01 -1.124560852379664588e+01 -3.569317529227701569e-02 9.979358872933220548e-01 -5.340444718874533259e-02 -2.202911937034201184e+00 4.644758011851392587e-01 6.388687430157191649e-02 8.832283971211566387e-01 3.369709733964167953e+01
8.816683230542757821e-01 5.344192474034495030e-03 -4.718774150216964447e-01 -1.170904384889824890e+01 -3.391190400496291862e-02 9.980680107035487802e-01 -5.207564237957733322e-02 -2.264837429551547654e+00 4.706874590798914015e-01 6.191591906209836099e-02 8.801461163459355364e-01 3.454969156105359218e+01
8.791067099015900110e-01 5.193254176841283383e-03 -4.765428145335570687e-01 -1.218139337137403189e+01 -3.386852207265467207e-02 9.980936536757786248e-01 -5.160407639868277302e-02 -2.320082489815246340e+00 4.753663319513542485e-01 6.150766469355700011e-02 8.776066318144772893e-01 3.541053680346051635e+01
8.773843082385675007e-01 3.455549030084666563e-03 -4.797041863423054386e-01 -1.266756232244327762e+01 -3.260948034867256623e-02 9.980913153896089351e-01 -5.245038484157990566e-02 -2.381280696140997577e+00 4.786072529290306132e-01 6.166441224021906170e-02 8.758222675118079170e-01 3.627404813760586677e+01
8.751844150604853878e-01 4.057389269239776962e-03 -4.836561119748203352e-01 -1.316223568821870771e+01 -3.375794368171002729e-02 9.980398355162826141e-01 -5.268933184641289708e-02 -2.438738091739557134e+00 4.824944068609078318e-01 6.243865536091560559e-02 8.736055571815635190e-01 3.714589391901982651e+01
8.763518223391221218e-01 3.917539652646635784e-03 -4.816514541208115063e-01 -1.366355395719551069e+01 -3.292001992033190272e-02 9.981159687725024154e-01 -5.178476890412107847e-02 -2.499464549413871861e+00 4.805414211924297629e-01 6.123585478639123614e-02 8.748295893357633801e-01 3.803051722758041819e+01
8.754594878834890403e-01 3.467563547778283132e-03 -4.832382798141373059e-01 -1.416810677797832163e+01 -3.179203746475726955e-02 9.982216729930325494e-01 -5.042552568177777889e-02 -2.562208878169777826e+00 4.822040284530025867e-01 5.950771023931838294e-02 8.740127950217635444e-01 3.893199837581399692e+01
8.748499390157481459e-01 3.611437129250745417e-03 -4.844180488806313911e-01 -1.468661617466573155e+01 -3.173330994462474769e-02 9.982513919681987868e-01 -4.986804440044916020e-02 -2.624328319188984349e+00 4.833909135166163384e-01 5.899783704705138104e-02 8.734349835035105647e-01 3.982483678578975628e+01
8.751805244325588928e-01 2.124366787398251997e-03 -4.837973185104434970e-01 -1.520514153984437833e+01 -3.002261536201546177e-02 9.983015379940697320e-01 -4.992451474582108861e-02 -2.680993253817490984e+00 4.828694416609353168e-01 5.821878071392817128e-02 8.737579444970472453e-01 4.075082147802847032e+01
8.736232179406369092e-01 -9.015704126745227847e-04 -4.865648271087854027e-01 -1.573340500722336976e+01 -2.751245881845848507e-02 9.983072112689568289e-01 -5.123875374719515791e-02 -2.743327475153603423e+00 4.857875166467226502e-01 5.814852548277490984e-02 8.721194775210586725e-01 4.168679009205563091e+01
8.726020159689517053e-01 -1.787727347994605594e-03 -4.885104778423926541e-01 -1.625942785773471044e+01 -2.548602792682141266e-02 9.984645396791496097e-01 -4.918700005120885121e-02 -2.809255620778599916e+00 4.878484443139679549e-01 5.536815431825321820e-02 8.712165502021187447e-01 4.261532767968245849e+01
8.704468467352731720e-01 1.650017032387189340e-05 -4.921998249392467439e-01 -1.680367298829426659e+01 -2.532830709120244619e-02 9.986768468339086713e-01 -4.475917922977739466e-02 -2.873575363163349383e+00 4.915476226140975125e-01 5.143138700207528641e-02 8.692958392066972850e-01 4.355208769338226915e+01
8.671009037450746471e-01 -2.778764289248005512e-04 -4.980397806462973920e-01 -1.734242416375326101e+01 -2.317706688487126965e-02 9.988944030010409314e-01 -4.090459273973294507e-02 -2.938042303213605599e+00 4.975003493897401929e-01 4.701445562450090598e-02 8.661358764013150635e-01 4.447523751654189539e+01
8.631983882208292824e-01 -1.456372273845322118e-03 -5.048107155236891685e-01 -1.788926882192507506e+01 -2.081652476312342154e-02 9.990428040466303727e-01 -3.847025872919986739e-02 -2.990009744373353762e+00 5.043834527421352520e-01 4.371662378901343404e-02 8.623418970841945086e-01 4.540199412221000586e+01
8.581771062786123228e-01 -4.771991156154588992e-03 -5.133309330955234673e-01 -1.844852153307907017e+01 -1.925387279272520319e-02 9.989540439856627874e-01 -4.147603378506291294e-02 -3.054508940281826845e+00 5.129919494810670777e-01 4.547859500349726164e-02 8.571877212338330221e-01 4.631674387418355821e+01
8.529297789526857354e-01 -7.742324523187951377e-03 -5.218495923499338884e-01 -1.901091739082002974e+01 -1.774755751646340737e-02 9.988817876262395812e-01 -4.381659616518408101e-02 -3.116722353454536520e+00 5.216052753636188921e-01 4.663542872729500854e-02 8.518387291554804230e-01 4.723725117222871006e+01
8.467760945291440411e-01 -7.759031648685966488e-03 -5.316946672321154477e-01 -1.959268560321567776e+01 -1.852112801686223512e-02 9.988572209665267376e-01 -4.405984009647691269e-02 -3.176941525569667135e+00 5.314286514058985667e-01 4.716104511799071308e-02 8.456647520740619983e-01 4.814996881551763863e+01
8.412013485390567036e-01 -4.678769131852365121e-03 -5.407304429037933513e-01 -2.019292688977384032e+01 -1.939980329953051863e-02 9.990574727791823317e-01 -3.882964002974835516e-02 -3.227329815346074771e+00 5.404023634286125866e-01 4.315695306858764041e-02 8.403178607725204641e-01 4.905934681914789053e+01
8.365005262335564185e-01 -1.355925353343123219e-03 -5.478947186671404568e-01 -2.079804583867021250e+01 -2.057935234241651049e-02 9.992136480000775034e-01 -3.389095127623787534e-02 -3.285835507336564820e+00 5.475099746547071877e-01 3.962528323666141689e-02 8.358148208034451576e-01 4.995065922255210467e+01
8.324082107223655935e-01 -6.739243739659061009e-04 -5.542455831297610214e-01 -2.140154993943438200e+01 -2.276454455484212477e-02 9.991134454360313111e-01 -3.540759002037363601e-02 -3.338579540038074445e+00 5.537782265887811750e-01 4.208839071914306784e-02 8.316549400063065756e-01 5.083964665543715000e+01
8.285609120535875061e-01 -2.628683577891090164e-03 -5.599209230964191653e-01 -2.201733156756750631e+01 -2.321642585827208075e-02 9.989674858554529191e-01 -3.904397107175010956e-02 -3.390916029956818178e+00 5.594454972930342773e-01 4.535006144072547402e-02 8.276445461598685993e-01 5.172335284691263269e+01
8.260807188106801258e-01 -4.399753043013817505e-03 -5.635371282824681582e-01 -2.262848330485442006e+01 -2.637109956243484377e-02 9.985722814867822317e-01 -4.646174358975007496e-02 -3.459304558713798716e+00 5.629369669506759655e-01 5.324437187865556365e-02 8.247852616883167842e-01 5.260084855144889815e+01
8.230500084732451649e-01 -5.701214039607454924e-03 -5.679787481531206605e-01 -2.325227810453152699e+01 -2.572925065410786721e-02 9.985487504917239798e-01 -4.729949948055578446e-02 -3.517458271722355700e+00 5.674241200029940257e-01 5.354200930471984810e-02 8.217089864917267450e-01 5.348433985557354475e+01
8.192705483512832121e-01 -4.460822735169610656e-03 -5.734269333627839416e-01 -2.387930687222149118e+01 -2.536530227623421535e-02 9.987089533102549987e-01 -4.399861687400027921e-02 -3.579395822406241656e+00 5.728831384812962391e-01 5.058778205952169094e-02 8.180997501046669562e-01 5.436029967228168402e+01
8.160454101423408879e-01 -1.469935581986331645e-03 -5.779418624741357036e-01 -2.451527798036034156e+01 -2.499607728769364864e-02 9.989713092393899263e-01 -3.783219405713399153e-02 -3.637515686497251544e+00 5.774028655266014720e-01 4.532260998026724219e-02 8.151693615508864843e-01 5.524095199901715603e+01
8.136807373425227752e-01 2.901544853050597975e-04 -5.813212137927170620e-01 -2.515931972413327600e+01 -2.497942021005584989e-02 9.990937120715964737e-01 -3.445153242443155933e-02 -3.692152440124201185e+00 5.807845206032626884e-01 4.254869144853971885e-02 8.129505218802840494e-01 5.610884858267310449e+01
8.111192141797998190e-01 1.147426548361860912e-03 -5.848996381382246534e-01 -2.579459142923354520e+01 -2.690432332760434031e-02 9.990128363839935188e-01 -3.534641432351118967e-02 -3.747388875212867898e+00 5.842819290353596928e-01 4.440169099511547673e-02 8.103492617111395235e-01 5.698503638079430544e+01
8.064485415170464799e-01 -6.321424857477877298e-04 -5.914259849252122558e-01 -2.644440048298287493e+01 -2.620968029977973832e-02 9.989784025763693842e-01 -3.680946454676341240e-02 -3.795774744479252671e+00 5.908453413425293066e-01 4.517992831200675491e-02 8.056081048682238732e-01 5.784801454232037798e+01
8.032422885441041771e-01 -1.856006608256134801e-03 -5.958324589665785487e-01 -2.710036697189973509e+01 -2.650149310362971342e-02 9.988935231679084703e-01 -3.884513183419374682e-02 -3.853236472737478824e+00 5.952455662007951620e-01 4.698754075901198646e-02 8.023044005377433230e-01 5.871464151441293211e+01
8.003363307913776703e-01 -3.412425731304287273e-03 -5.996311652995254260e-01 -2.776416234495044932e+01 -2.517780102234253720e-02 9.989102595289821585e-01 -3.929452631237739801e-02 -3.917230731566204938e+00 5.991118796643737365e-01 4.654500063663970233e-02 7.993784139711749281e-01 5.959068793403525888e+01
7.947678763381461620e-01 -5.338348435924304171e-03 -6.067446794578281732e-01 -2.844217637929347475e+01 -2.296637209248856767e-02 9.989805510458501514e-01 -3.886949444907455975e-02 -3.970463974126168250e+00 6.063336893632896851e-01 4.482791882742371420e-02 7.938352336954105359e-01 6.045020091615347724e+01
7.908457772664040375e-01 -4.745377362625793384e-03 -6.118449412416853139e-01 -2.911800605555129451e+01 -2.304698861087455669e-02 9.990297098777041196e-01 -3.753515509227833141e-02 -4.025515658871461788e+00 6.114294362572103569e-01 4.378929325711827109e-02 7.899689876483725337e-01 6.131396456885482138e+01
7.854471235210882529e-01 -5.290550178819505844e-03 -6.190143838601909199e-01 -2.980696939687022606e+01 -2.310372821781548139e-02 9.990158901928722912e-01 -3.784966790274700565e-02 -4.085731558711648503e+00 6.186053813833528592e-01 4.402766618458772707e-02 7.845520719832138612e-01 6.216920430833565092e+01
7.796542875977917619e-01 -6.946140098319093271e-03 -6.260452862703642651e-01 -3.050595447878933086e+01 -2.272289492668405284e-02 9.989661348559055742e-01 -3.937306148175846038e-02 -4.144286498524850870e+00 6.256714784016307318e-01 4.492718961096700547e-02 7.786903971721572670e-01 6.301945539888799175e+01
7.744450914736102920e-01 -7.705048317703459826e-03 -6.324290044267878441e-01 -3.120763271474395850e+01 -2.232109916405412495e-02 9.989704758129142048e-01 -3.949327079954392111e-02 -4.192951554732149866e+00 6.320820873385740724e-01 4.470481342255640950e-02 7.734757047814994069e-01 6.387086921584758414e+01
7.691689186212941065e-01 -8.698053612893837105e-03 -6.389839743282277329e-01 -3.193473781057609884e+01 -2.235920833775671343e-02 9.989287742754953126e-01 -4.051746285020170479e-02 -4.253048759363585063e+00 6.386518309779407598e-01 4.545481541914909301e-02 7.681506930094303964e-01 6.471853689757034545e+01
7.641721177555144129e-01 -1.179326513164065914e-02 -6.449175938059802382e-01 -3.265311583668652418e+01 -2.001610660565922989e-02 9.989177287879431599e-01 -4.199105926028254276e-02 -4.314281246561036731e+00 6.447148150658597032e-01 4.499794756862591366e-02 7.631090174396970571e-01 6.555889348709480657e+01
7.565737307358683106e-01 -1.285210559890761703e-02 -6.536807777103109673e-01 -3.338583409547036496e+01 -1.962618712687896894e-02 9.989101317478117359e-01 -4.235746472978602767e-02 -4.372136547811427576e+00 6.535125434213530093e-01 4.488049530249052510e-02 7.554969224093560642e-01 6.640184201068699110e+01
7.504211848031474563e-01 -1.302622026594838812e-02 -6.607970942668408565e-01 -3.413980288037640065e+01 -1.810583907066907680e-02 9.990253726817114321e-01 -4.024734152715401386e-02 -4.432493616373245793e+00 6.606775392796508939e-01 4.216578997570270132e-02 7.494539752376144781e-01 6.724188003721759799e+01
7.440115769359862963e-01 -1.337258588802455947e-02 -6.678864479801602805e-01 -3.489463866434154227e+01 -1.760138934840704827e-02 9.990604993934573130e-01 -3.960079687442822488e-02 -4.496929332828180748e+00 6.677882323777492024e-01 4.122432933059888560e-02 7.430771155269407791e-01 6.807019257210073704e+01
7.367994521311237444e-01 -1.583152609947666503e-02 -6.758837295061312922e-01 -3.566294221311628831e+01 -1.573534000989737502e-02 9.990535762629928485e-01 -4.055597828955472689e-02 -4.554242455941834855e+00 6.758860172355208862e-01 4.051829210895682709e-02 7.358530639635192383e-01 6.890119934758797626e+01
7.321703094203846351e-01 -1.691228954830347950e-02 -6.808781697062336047e-01 -3.644395299002892585e+01 -1.593102036990793474e-02 9.989929405222943704e-01 -4.193951266061723276e-02 -4.617875912594989529e+00 6.809018941530426972e-01 4.155021270718620846e-02 7.311634555131012458e-01 6.972186904151203635e+01
7.271523802140782422e-01 -1.657873817240270928e-02 -6.863901442735733660e-01 -3.724328529071976845e+01 -1.675603806103785967e-02 9.989818333608824208e-01 -4.188152819608199906e-02 -4.673554439156119678e+00 6.863861055556967905e-01 4.194775148492937283e-02 7.261340888656828696e-01 7.054215133480460054e+01
7.204567952772165107e-01 -1.638221809025462716e-02 -6.932582017765395177e-01 -3.805253336757276372e+01 -1.642566411565460002e-02 9.990374064359456296e-01 -4.066877821256741077e-02 -4.734496590884123002e+00 6.932571621094193448e-01 4.068572675166799019e-02 7.194941262668796966e-01 7.136148218290379930e+01
7.166164401318134702e-01 -1.587894409318238789e-02 -6.972337255548387569e-01 -3.885758928837250892e+01 -1.712336305578324516e-02 9.990389067341873819e-01 -4.035169808779625472e-02 -4.795241354901966346e+00 6.972044201217298953e-01 4.085462742613835824e-02 7.156557836576810105e-01 7.217525702384155295e+01
7.103320100826756578e-01 -1.685837785972312333e-02 -7.036447071207944104e-01 -3.968243183971118526e+01 -1.724524270150941049e-02 9.989961640632857298e-01 -4.133764790929866928e-02 -4.861680819490969085e+00 7.036352580792304412e-01 4.149970620672018690e-02 7.093279962222335255e-01 7.299428176250519584e+01
7.056588369197968058e-01 -1.891339235983584624e-02 -7.084301169872511128e-01 -4.050983387425615234e+01 -1.747247760726195961e-02 9.988751022389373846e-01 -4.407826642793603866e-02 -4.924938851046738897e+00 7.084672720119010725e-01 4.347980584260515563e-02 7.045346452834048145e-01 7.381929935009458177e+01
7.015103551057125797e-01 -2.083880755151398118e-02 -7.123948326551826637e-01 -4.133962037968701253e+01 -1.778301831068344885e-02 9.987491374144574774e-01 -4.672600593614887471e-02 -4.991889633701555695e+00 7.124781853299848589e-01 4.544105837828638084e-02 7.002623819076257972e-01 7.461955366486506591e+01
6.958253251967998487e-01 -2.153809362950285730e-02 -7.179094970905972595e-01 -4.219300946080377912e+01 -1.817584678878909898e-02 9.987019335084319493e-01 -4.758070923834235161e-02 -5.054165524953383226e+00 7.180022883459065142e-01 4.616167090225224701e-02 6.945306755789787401e-01 7.542263812912536025e+01
6.910722096792309976e-01 -2.105565867437628885e-02 -7.225221163918977840e-01 -4.304508498054132559e+01 -1.716564324356030860e-02 9.988154403089805067e-01 -4.552123096193858715e-02 -5.122294602733505897e+00 7.226253343171269439e-01 4.385422711557500353e-02 6.898922848949062825e-01 7.622606275579529722e+01
6.860777108072239061e-01 -2.048858679071648495e-02 -7.272434978671750150e-01 -4.391261019997924109e+01 -1.779510833955733756e-02 9.988316381831081614e-01 -4.491717039868475814e-02 -5.182439473314869538e+00 7.273146749995148541e-01 4.375171964265232166e-02 6.849116034251343521e-01 7.702028396057424686e+01
6.810266879435049603e-01 -2.215456317418758661e-02 -7.318306982979011499e-01 -4.478747681645251077e+01 -1.570905452229870783e-02 9.988700150742899631e-01 -4.485355552069273527e-02 -5.258138140853925613e+00 7.319978379322883422e-01 4.204092392259672212e-02 6.799092385639313729e-01 7.782427672462432611e+01
6.773150126389194670e-01 -2.226514621895583218e-02 -7.353381305565140913e-01 -4.567103744882887639e+01 -1.578744092426231233e-02 9.988717798637347656e-01 -4.477565176308606620e-02 -5.320720627876805331e+00 7.355054985843341164e-01 4.194040232791049205e-02 6.761993840834971126e-01 7.863059075750700799e+01
6.716089574209943569e-01 -2.330239483348679405e-02 -7.403825685521561173e-01 -4.655391369463843887e+01 -1.466588639878870989e-02 9.988912226818457141e-01 -4.473079096124832343e-02 -5.395654500367093931e+00 7.406039912651364299e-01 4.090113588044810844e-02 6.705225497708172666e-01 7.941853036917349584e+01
6.676336930742463593e-01 -2.480932547831394067e-02 -7.442242675283000652e-01 -4.746040942381149819e+01 -1.309128141927220351e-02 9.988986750140754767e-01 -4.504037011325308371e-02 -5.448311067437285438e+00 7.445227470089186284e-01 3.980585876860505412e-02 6.665737324709130052e-01 8.020957941556675053e+01
6.646105161215563051e-01 -2.735944979327478363e-02 -7.467544759691885359e-01 -4.836488107264806757e+01 -1.042050593085474229e-02 9.988927146977346627e-01 -4.587326135804911664e-02 -5.522992827462990917e+00 7.471826740134758227e-01 3.827131354592553519e-02 6.635894167331994886e-01 8.099930889879523477e+01
6.601135444707715294e-01 -3.248286588166583722e-02 -7.503900413825470572e-01 -4.926867070015303085e+01 -6.269263813656497826e-03 9.987913870797910931e-01 -4.874968902098307522e-02 -5.593766419100099085e+00 7.510664718541230078e-01 3.688807208108901836e-02 6.591120743698476447e-01 8.179444825256064178e+01
6.545784375855813186e-01 -3.653641349289532547e-02 -7.551354457508049345e-01 -5.018544677240133467e+01 -2.398357611839674677e-03 9.987260699869202618e-01 -5.039367167726393343e-02 -5.663056257634569768e+00 7.560148197906242373e-01 3.479791163185631114e-02 6.536567308117454678e-01 8.259041827783347856e+01
6.489748715022263248e-01 -4.041583793582666922e-02 -7.597081232086514424e-01 -5.111532269019402719e+01 2.655518734991887172e-03 9.987022377102763304e-01 -5.086980482065520115e-02 -5.732507104851373825e+00 7.607778289611210054e-01 3.099932149094120071e-02 6.482399249366675997e-01 8.337599269817499703e+01
6.408350766664054898e-01 -4.388206622891694525e-02 -7.664402462290744733e-01 -5.204153365436832956e+01 7.781602724858418391e-03 9.986849501042885935e-01 -5.066990873627595648e-02 -5.810638036097807380e+00 7.676558904658044025e-01 2.650901594428815844e-02 6.403337344254426133e-01 8.413574251055571551e+01
6.330961410197971651e-01 -4.518814752131424667e-02 -7.727615061662640450e-01 -5.299651010346092050e+01 1.121253394103664119e-02 9.987246496710358024e-01 -4.922560980849638446e-02 -5.883892029943288193e+00 7.740011156365466105e-01 2.248750285637962990e-02 6.327963543706602856e-01 8.492076935868495013e+01
6.221727224199267159e-01 -4.440924324993793942e-02 -7.816143647358381186e-01 -5.396170284640307102e+01 1.281819174177398213e-02 9.988340745132594511e-01 -4.653092161492483614e-02 -5.960288998903069846e+00 7.827697699611780857e-01 1.893278731518820493e-02 6.220160025586964903e-01 8.568152430207403825e+01
6.138885335337038729e-01 -4.448509155190594200e-02 -7.881353873854717307e-01 -5.493861064281532691e+01 1.248291818553079816e-02 9.988328039794059920e-01 -4.666008256440971891e-02 -6.037996554873318544e+00 7.892913839315043312e-01 1.880152268703902743e-02 6.137277348478825667e-01 8.643746714201094505e+01
6.050710923447240042e-01 -4.534574147738772154e-02 -7.949395400133923983e-01 -5.592455967296709929e+01 1.126454367002016274e-02 9.987644794568490969e-01 -4.840207293136895156e-02 -6.102855478965081737e+00 7.961520277075225804e-01 2.033617535565632184e-02 6.048341502786577228e-01 8.717167297648573765e+01
5.947518738795203319e-01 -4.788627969131879769e-02 -8.025795255981259535e-01 -5.692251640227598841e+01 1.261660893525463206e-02 9.986572725593039213e-01 -5.024475351576934007e-02 -6.184806555859636568e+00 8.039080136438737645e-01 1.975744851165009419e-02 5.945574983251223911e-01 8.789732123391780760e+01
5.841887122667053234e-01 -4.823495968350254709e-02 -8.102827458970129904e-01 -5.793639003000484422e+01 1.135755239101053637e-02 9.986203589681920123e-01 -5.126629424745239583e-02 -6.258686771550941330e+00 8.116380041899589060e-01 2.074275018435211421e-02 5.839308694084132112e-01 8.862542945174838849e+01
5.760089636856142725e-01 -5.075468780171830258e-02 -8.159827903355171275e-01 -5.895221325909979981e+01 1.651415969727559538e-02 9.985893794790605682e-01 -5.045762897031071809e-02 -6.336278643840564939e+00 8.173931148456711204e-01 1.558881375842578396e-02 5.760345151116925688e-01 8.935078295052483099e+01
5.636325143688086792e-01 -4.975645302312806106e-02 -8.245542598322118666e-01 -6.000044086846245506e+01 1.735575955666735642e-02 9.986773178559109621e-01 -4.840576072898591237e-02 -6.412549337735113930e+00 8.258719690353526488e-01 1.297573613103796333e-02 5.637504151965452293e-01 9.004796142867367337e+01
5.521971571140088519e-01 -5.000319555341998373e-02 -8.320980889417430859e-01 -6.104278639848224230e+01 1.746308308119365674e-02 9.986750275249539621e-01 -4.841303474327890433e-02 -6.489170032916755204e+00 8.334157888699839090e-01 1.220956438410308875e-02 5.523379665565634200e-01 9.074142429874409288e+01
5.434108354169504551e-01 -5.100782677408870203e-02 -8.379568689387486558e-01 -6.210024239063927354e+01 1.654831957014191862e-02 9.986093899410939390e-01 -5.007082360053760617e-02 -6.569805351839053564e+00 8.393448958881933875e-01 1.335088090835111208e-02 5.434991480588564627e-01 9.142313196320139923e+01
5.333401792915699602e-01 -5.187838793335781268e-02 -8.443658325276134358e-01 -6.316464835251852605e+01 1.652229328796350413e-02 9.985658580443507182e-01 -5.092385047516630875e-02 -6.646203563087476063e+00 8.457970677529691450e-01 1.320566860699195523e-02 5.334329318947313991e-01 9.208530748862939674e+01
5.224979892707090068e-01 -5.235274479458802005e-02 -8.510251078671940972e-01 -6.425477488468369813e+01 1.491914471310583183e-02 9.985224631944895624e-01 -5.224408894618513127e-02 -6.726810610677964597e+00 8.525027520104042633e-01 1.460516161080060819e-02 5.225061374052545338e-01 9.274406234292871432e+01
