1.0 0.0 0.0 0.0 0.0 1.0 0.0 0.0 0.0 0.0 1.0 0.0
0.9999269 0.012057888 0.00090350944 0.3010254 -0.012055405 0.9999237 -0.0027052246 -0.010009766 -0.0009360432 0.0026941367 0.99999595 0.004760742
0.99984735 0.017431196 0.0012398472 0.58361816 -0.017424706 0.9998354 -0.0050651603 -0.02368164 -0.001327924 0.005042792 0.9999864 0.0056152344
0.9997834 0.020804884 -0.00035143291 0.88134766 -0.020807004 0.99975246 -0.007866023 -0.034423828 0.00018771991 0.007871635 0.999969 0.0061035156
0.9998233 0.018708086 -0.0018020438 1.1896973 -0.018725356 0.99977356 -0.010097696 -0.047851562 0.0016126358 0.010129658 0.99994737 0.0040283203
0.9999234 0.012063918 -0.0027776903 1.5075684 -0.01209353 0.9998675 -0.010902639 -0.049560547 0.002645834 0.010935395 0.9999367 0.0059814453
0.99999005 0.0012136959 -0.0042990963 1.8319092 -0.0012724674 0.99990547 -0.013690777 -0.044921875 0.0042820717 0.013696112 0.999897 0.013916016
0.999869 -0.01551126 -0.004641393 2.161499 0.015453172 0.99980503 -0.012296216 -0.034179688 0.0048311856 0.012222874 0.99991363 0.012939453
0.99938136 -0.034824073 -0.0050073997 2.5092773 0.034770563 0.9993416 -0.01040519 -0.0036621094 0.005366257 0.0102247 0.99993336 0.018310547
0.9984783 -0.05476557 -0.0064221295 2.8619385 0.054739386 0.9984916 -0.0041851248 0.036865234 0.006641648 0.003827167 0.9999706 0.021728516
0.99716175 -0.074961 -0.006897546 3.2276611 0.074932724 0.99717855 -0.004270153 0.0715332 0.0071982886 0.003741207 0.9999671 0.020996094
0.995544 -0.094113365 -0.0058160853 3.605713 0.094081044 0.9955483 -0.005598192 0.11669922 0.0063172323 0.005025889 0.9999674 0.026489258
0.9933681 -0.11486464 -0.0048030536 3.9959717 0.11482915 0.9933584 -0.0071097 0.16625977 0.005587781 0.0065110596 0.9999632 0.0345459
0.9911923 -0.13236426 -0.0046000537 4.393799 0.13233547 0.9911881 -0.0060822605 0.2322998 0.0053645303 0.005419984 0.9999709 0.036010742
0.98899066 -0.1479429 -0.00419664 4.8083496 0.14791837 0.9889871 -0.0056556636 0.3116455 0.004987032 0.0049727694 0.9999752 0.041503906
0.98697805 -0.16084391 -0.0042446097 5.234375 0.16082467 0.98697984 -0.004540246 0.3881836 0.004919363 0.0037987242 0.9999807 0.045410156
0.9848155 -0.17352961 -0.004694133 5.673828 0.17351018 0.9848208 -0.0042744903 0.47106934 0.005364777 0.0033950277 0.99997985 0.052124023
0.9833712 -0.1814813 -0.0057754926 6.119751 0.18143164 0.9833631 -0.008203489 0.5488281 0.007168388 0.007019163 0.9999497 0.061035156
0.98174816 -0.19001557 -0.008192096 6.5839844 0.1899631 0.9817691 -0.0067718793 0.6496582 0.009329689 0.005092245 0.9999435 0.064941406
0.9802916 -0.19731581 -0.0101513695 7.0600586 0.19724934 0.9803312 -0.0071883476 0.7537842 0.011370037 0.0050444314 0.99992263 0.064208984
0.97877884 -0.2045024 -0.0129166115 7.5516357 0.20442176 0.9788537 -0.0072967024 0.86120605 0.014135606 0.004501133 0.99988997 0.07141113
0.97697186 -0.21292742 -0.014278148 8.053833 0.21276967 0.9770393 -0.011796919 0.96875 0.016462378 0.008488324 0.9998284 0.075927734
0.9752277 -0.2207913 -0.013712964 8.572876 0.22055507 0.9752319 -0.01686174 1.0778809 0.017096018 0.013419392 0.9997638 0.09106445
0.9732231 -0.229351 -0.015280182 9.095947 0.22907332 0.9732423 -0.017977843 1.2025146 0.018995171 0.013996997 0.99972165 0.111328125
0.97098124 -0.23824163 -0.020861486 9.628052 0.23798802 0.97116756 -0.013932652 1.3544922 0.02357909 0.008563324 0.9996853 0.1105957
0.9692095 -0.24497439 -0.025021678 10.169556 0.2447584 0.9695198 -0.0114051225 1.5109863 0.027053066 0.004930671 0.99962187 0.1204834
0.9665623 -0.255136 -0.026462609 10.73584 0.25484502 0.96690124 -0.013894124 1.6627197 0.029131029 0.0066881217 0.9995532 0.13635254
0.96437454 -0.2630999 -0.028000526 11.308838 0.26275045 0.9647506 -0.015566745 1.8181152 0.031108996 0.0076559223 0.99948657 0.15966797
0.962645 -0.2690257 -0.030952942 11.892456 0.26866472 0.96312094 -0.0153633095 1.9874268 0.033943504 0.0064734006 0.99940264 0.1776123
0.95997036 -0.27798647 -0.034304585 12.48877 0.2776272 0.96057147 -0.014922102 2.1711426 0.03709978 0.004799033 0.9992998 0.19677734
0.95749474 -0.28567618 -0.039685134 13.084473 0.28523204 0.95830613 -0.01655612 2.3574219 0.042760797 0.004530859 0.999075 0.22497559
0.95530236 -0.2920203 -0.046374254 13.698975 0.2915281 0.9564236 -0.017196499 2.5493164 0.049372546 0.002907306 0.99877566 0.25598145
0.9534055 -0.29666474 -0.05483695 14.32312 0.29614475 0.9549808 -0.01756841 2.7528076 0.0575794 0.00051197456 0.9983411 0.28466797
0.95195764 -0.29934284 -0.06461972 14.957886 0.29882532 0.9541465 -0.017758822 2.9571533 0.06697151 -0.0024089701 0.99775076 0.32580566
0.95036584 -0.30206975 -0.074589446 15.609985 0.30162853 0.9532688 -0.017379327 3.1765137 0.07635419 -0.0059779333 0.99706364 0.36401367
0.9481817 -0.3070195 -0.08186114 16.27124 0.30672085 0.95166093 -0.016511 3.3928223 0.08297333 -0.009448534 0.9965079 0.41796875
0.94583446 -0.31206417 -0.089223996 16.93518 0.3119488 0.9499436 -0.0155954715 3.6271973 0.08962682 -0.013091782 0.99588895 0.4716797
0.94421756 -0.3150041 -0.09616376 17.608643 0.31523448 0.9489324 -0.0131848045 3.8624268 0.09540579 -0.017857721 0.9952794 0.5361328
0.9419786 -0.3192899 -0.103467554 18.294312 0.31983563 0.94738895 -0.011729687 4.114624 0.10176822 -0.022051696 0.99456215 0.60424805
0.93972385 -0.32448494 -0.107853785 19.002686 0.3254201 0.94552827 -0.009317284 4.368164 0.10499916 -0.026347864 0.9941207 0.6750488
0.93787163 -0.32890832 -0.110639796 19.713501 0.3300868 0.94392693 -0.008016048 4.6275635 0.10707238 -0.028990988 0.993831 0.75
0.9352337 -0.33656847 -0.109840676 20.436157 0.33777326 0.9411948 -0.008004783 4.895996 0.1060776 -0.029610403 0.9939183 0.8364258
0.9334793 -0.34186298 -0.10823244 21.163818 0.34311703 0.9392471 -0.007407427 5.173706 0.10418842 -0.030228585 0.9940973 0.9194336
0.93137157 -0.3480338 -0.10671712 21.904419 0.34928647 0.9369706 -0.007333261 5.4560547 0.10254252 -0.030449256 0.99426246 0.9980469
0.9297246 -0.35337603 -0.103744805 22.644897 0.3546006 0.9350056 -0.0070103146 5.7459717 0.099479474 -0.030268367 0.9945787 1.0834961
0.9254187 -0.36591882 -0.09841397 23.414307 0.36723652 0.9301019 -0.005024679 6.061157 0.09337543 -0.031486675 0.99513495 1.1599121
0.922907 -0.37323296 -0.09460341 24.174194 0.37461904 0.9271804 -0.0033389425 6.374878 0.08895784 -0.03236436 0.9955076 1.2442627
0.920128 -0.38066557 -0.091849975 24.927002 0.3823116 0.92401874 0.00036404422 6.7019043 0.08473498 -0.035443015 0.9957754 1.3167725
0.9168899 -0.38878497 -0.09007087 25.697998 0.39046526 0.92059183 0.0011238661 7.0360107 0.082481675 -0.036206078 0.9959346 1.3931885
0.91260225 -0.39891803 -0.08999316 26.47644 0.40076286 0.91621876 0.002680944 7.378662 0.08138518 -0.038497582 0.9959403 1.4715576
0.90930015 -0.40644473 -0.08920376 27.255371 0.40829214 0.912837 0.0027156668 7.7331543 0.08032499 -0.038892493 0.99600977 1.5389404
0.9057209 -0.41466385 -0.087900326 28.03247 0.41652104 0.90912414 0.003084954 8.108032 0.078633085 -0.039413363 0.996123 1.607666
0.9015515 -0.42396232 -0.086035505 28.840332 0.42568663 0.9048374 0.0018733849 8.486572 0.07705245 -0.038324162 0.9962893 1.6798096
0.89877313 -0.43071485 -0.08186237 29.640137 0.43226922 0.90174943 0.0014122145 8.876953 0.0732132 -0.036657643 0.99664235 1.75
0.8955672 -0.43835193 -0.07660346 30.453613 0.4399309 0.8980558 0.0042191846 9.284546 0.06694466 -0.037472602 0.99705297 1.8121338
0.8924254 -0.4453583 -0.07223422 31.267578 0.4467516 0.8946431 0.0035475625 9.698853 0.063046694 -0.035441518 0.99738103 1.8796387
0.88841385 -0.45372158 -0.06984525 32.095825 0.45506835 0.8904595 0.003840473 10.126099 0.060451843 -0.03519226 0.9975509 1.9418945
0.885449 -0.45971042 -0.06856091 32.932983 0.4610046 0.887422 0.003480774 10.564331 0.059240136 -0.034687497 0.99764043 2.001709
0.8831674 -0.46417168 -0.06687008 33.763184 0.4653836 0.8850525 0.0029148282 11.011108 0.057831086 -0.03369059 0.99775887 2.0546875
0.88008916 -0.47038758 -0.06493087 34.618164 0.47146547 0.8819036 0.001464753 11.470337 0.05657533 -0.031893015 0.9978897 2.1152344
0.87754935 -0.47506937 -0.064543955 35.48108 0.47613326 0.87934303 0.001261994 11.939087 0.056158047 -0.03183926 0.9979146 2.1688232
0.8757694 -0.47830066 -0.06471843 36.346436 0.4792764 0.87762475 -0.0005096523 12.421997 0.057043552 -0.030574594 0.99790376 2.2280273
0.8735494 -0.4821889 -0.065508835 37.220215 0.48323002 0.8754293 5.070679e-05 12.91333 0.057326265 -0.031715572 0.99785113 2.2836914
0.87477523 -0.48024032 -0.06429802 38.105835 0.48123178 0.8765911 -6.962288e-05 13.413208 0.056399688 -0.030879887 0.99793106 2.3430176
0.87396073 -0.4819096 -0.062578134 39.009033 0.48282632 0.8756935 -0.0005411424 13.915039 0.055061303 -0.029746687 0.9980397 2.404419
0.8733826 -0.48310024 -0.062073626 39.903442 0.48401135 0.8750824 -0.0004110281 14.43103 0.054517396 -0.029684395 0.9980713 2.465088
0.8737108 -0.48257393 -0.061294872 40.83069 0.48338056 0.87541133 -0.0018932002 14.94751 0.054570165 -0.027974935 0.99811786 2.5198975
0.8720811 -0.48547605 -0.061243005 41.768555 0.48611775 0.8738586 -0.004949614 15.472412 0.05592175 -0.025460841 0.99811023 2.579956
0.87118274 -0.48754635 -0.058474023 42.698975 0.48807374 0.8728285 -0.005863048 15.995483 0.05389629 -0.023426808 0.9982719 2.6447754
0.86925894 -0.49127653 -0.054549973 43.63806 0.49180964 0.8706577 -0.004109299 16.536377 0.049512554 -0.0232561 0.9985029 2.7088623
0.8661026 -0.49725103 -0.050159693 44.563965 0.4976778 0.86729723 -0.004478504 17.070923 0.045730967 -0.021087945 0.9987314 2.7729492
0.86231416 -0.5041454 -0.046893947 45.49353 0.50445986 0.8633857 -0.0057396293 17.613281 0.043381073 -0.018710965 0.99888325 2.8240967
0.8571681 -0.5127291 -0.04869847 46.411255 0.5129339 0.858379 -0.009146659 18.167236 0.04649086 -0.017137673 0.9987718 2.8861084
0.8518268 -0.52132297 -0.049895905 47.33484 0.5214139 0.853144 -0.012211499 18.724365 0.04893673 -0.015621423 0.9986795 2.946045
0.84565127 -0.5311469 -0.050460804 48.250977 0.53125614 0.846997 -0.012340352 19.30066 0.049297664 -0.01638107 0.9986498 3.0048828
0.8402968 -0.54015875 -0.04648743 49.16382 0.54035276 0.8414048 -0.009372865 19.895996 0.044174924 -0.017238548 0.9988751 3.0559082
0.835785 -0.54730266 -0.042976744 50.05835 0.5475773 0.8366869 -0.006142409 20.496826 0.039322324 -0.018402144 0.9990571 3.1151123
0.83161926 -0.553565 -0.045462735 50.94995 0.55392003 0.8326068 -0.005529107 21.096191 0.040912375 -0.020581573 0.99895054 3.1663818
0.82761145 -0.5592086 -0.04874855 51.83618 0.55955327 0.8287791 -0.007544175 21.707886 0.04461842 -0.021033095 0.9987824 3.2166748
0.82474935 -0.5626562 -0.056658164 52.715576 0.5630988 0.82633847 -0.009340476 22.315552 0.0520751 -0.024195347 0.99835044 3.2817383
0.8216766 -0.56713665 -0.05697454 53.601562 0.5675249 0.82331336 -0.010694284 22.935669 0.052969478 -0.023550127 0.9983178 3.3388672
0.8180653 -0.5726173 -0.054037604 54.48047 0.57300687 0.81952125 -0.009526561 23.558838 0.04973776 -0.023176512 0.9984927 3.401245
0.8151292 -0.57717746 -0.048782703 55.364014 0.5775898 0.8162693 -0.006603127 24.191406 0.043629467 -0.022794886 0.9987876 3.4608154
0.81290656 -0.58058155 -0.04601764 56.234375 0.5810072 0.81389046 -0.0048903027 24.832397 0.04029145 -0.0227702 0.99892795 3.5161133
0.81029934 -0.5840764 -0.04788087 57.112793 0.58458376 0.81133753 -0.0040727565 25.464478 0.04122796 -0.024694009 0.99884444 3.5704346
0.80556273 -0.5906288 -0.04868472 57.97876 0.5910863 0.806676 -0.0059303623 26.109985 0.042775184 -0.023996782 0.99879634 3.61792
0.80226064 -0.5950161 -0.050509136 58.8479 0.5954683 0.8034821 -0.0072044237 26.76233 0.04486651 -0.024288872 0.99869746 3.6743164
0.7993404 -0.5988773 -0.05008153 59.726562 0.59925294 0.80057836 -0.00880972 27.422607 0.04536789 -0.022964455 0.9987062 3.737793
0.79380566 -0.60609853 -0.04838979 60.5896 0.6063566 0.7950082 -0.010830244 28.09607 0.045040485 -0.020750828 0.9987698 3.7910156
0.7899377 -0.6112032 -0.047365744 61.4563 0.6114709 0.7910822 -0.010304295 28.768188 0.043772526 -0.020827958 0.9988246 3.8463135
0.78452146 -0.61837745 -0.04762789 62.31494 0.6186336 0.78568876 -0.010938794 29.452637 0.044179637 -0.020882083 0.99880487 3.906372
0.778664 -0.6254336 -0.04854969 63.1687 0.625641 0.77990663 -0.012684371 30.147095 0.045797855 -0.020504415 0.9987402 3.9644775
0.7734517 -0.6318433 -0.048346516 64.02344 0.6320182 0.7747007 -0.013526986 30.844604 0.04600398 -0.020103237 0.9987389 4.0131836
0.76812863 -0.6384071 -0.049117006 64.87451 0.638558 0.7694332 -0.014603126 31.567383 0.047115024 -0.02014273 0.99868655 4.073242
0.76309943 -0.6444584 -0.048682075 65.71826 0.6444591 0.76444304 -0.017777566 32.281494 0.048673064 -0.017803114 0.9986564 4.1342773
0.7554907 -0.65325445 -0.048588146 66.56543 0.65321165 0.7568506 -0.018954447 33.009155 0.04915995 -0.01741791 0.99863946 4.192383
0.7494519 -0.66043156 -0.045891583 67.409424 0.6603429 0.7506877 -0.019230243 33.758667 0.0471499 -0.015897755 0.99876094 4.2540283
0.74307716 -0.6675466 -0.04496648 68.2417 0.6674344 0.7442773 -0.019676182 34.509033 0.046602923 -0.015397911 0.99879473 4.319336
0.735864 -0.67563784 -0.044283435 69.076904 0.67540723 0.7370706 -0.022246098 35.27246 0.04767251 -0.013539079 0.9987715 4.377075
0.7311768 -0.68064654 -0.045327738 69.90088 0.68038315 0.7324521 -0.023393974 36.049683 0.04912578 -0.013741497 0.9986978 4.441162
0.72614473 -0.68613285 -0.0457363 70.72461 0.68589723 0.7274384 -0.023135722 36.845215 0.049143206 -0.014571147 0.9986852 4.497925
0.71950537 -0.693012 -0.04448587 71.548096 0.6927755 0.720739 -0.023040453 37.650146 0.048029814 -0.01424838 0.99874395 4.560425
0.7156641 -0.6969624 -0.044660743 72.36499 0.6967564 0.7169004 -0.02259359 38.451904 0.04776839 -0.014950836 0.99874663 4.6224365
0.7093387 -0.70338875 -0.045318685 73.18799 0.70315254 0.7106253 -0.02366352 39.27246 0.04884637 -0.015083029 0.99869215 4.6898193
0.7045504 -0.70820606 -0.0473112 74.01636 0.7079023 0.7059709 -0.02578229 40.09607 0.05165515 -0.015320496 0.9985473 4.753418
0.70028263 -0.71220297 -0.04928143 74.819824 0.71183306 0.70184076 -0.027761923 40.922363 0.054360893 -0.015642159 0.9983985 4.820923
0.694552 -0.7177237 -0.05001098 75.62671 0.7173358 0.6961649 -0.028540913 41.77185 0.05529604 -0.016046077 0.998341 4.8845215
0.6899154 -0.722359 -0.047709104 76.43384 0.7219674 0.6914001 -0.028131938 42.62036 0.05330646 -0.015041372 0.9984644 4.954956
0.68493176 -0.7270533 -0.04761093 77.23169 0.7266968 0.6864064 -0.027636036 43.484375 0.052771702 -0.015679672 0.9984828 5.01709
0.6799401 -0.7317368 -0.045908287 78.03955 0.73127306 0.6813525 -0.0293758 44.35547 0.052781414 -0.01360411 0.99851334 5.0946045
0.67623055 -0.73524576 -0.045812167 78.84912 0.73478 0.6776426 -0.029539187 45.23584 0.052755658 -0.0136895 0.99851304 5.1590576
0.6705603 -0.7403454 -0.04477898 79.64111 0.73981744 0.67193633 -0.030657088 46.11487 0.05279032 -0.012580893 0.9985261 5.235962
0.6666206 -0.7442628 -0.04369243 80.43555 0.7436464 0.66796094 -0.032222915 47.018066 0.05315925 -0.011013496 0.99852455 5.2906494
0.6636515 -0.74691784 -0.042164747 81.228516 0.74615294 0.66493726 -0.034816407 47.919434 0.05403652 -0.008351263 0.99850386 5.3671875
0.6592015 -0.7507859 -0.04079394 82.02734 0.7497316 0.6604489 -0.04000094 48.81958 0.056977753 -0.0042153876 0.9983666 5.439087
0.6537702 -0.7557261 -0.038716245 82.82739 0.75443673 0.65491605 -0.044132866 49.73242 0.058701646 -0.0003593797 0.998275 5.51001
0.648381 -0.76048726 -0.034928307 83.61719 0.75897944 0.6493038 -0.04809367 50.658447 0.05925854 0.004679596 0.99823225 5.581665
0.6405027 -0.7673687 -0.03044876 84.38208 0.7656894 0.6411515 -0.05167707 51.58008 0.059173144 0.009785239 0.9981996 5.6623535
0.6329823 -0.77372444 -0.026431726 85.17212 0.7720126 0.633396 -0.053094193 52.53076 0.057835095 0.013197272 0.9982388 5.7386475
0.6222082 -0.78251165 -0.022875667 85.938965 0.7808908 0.622454 -0.05246823 53.490967 0.055285342 0.014775794 0.99836063 5.8187256
0.61392194 -0.7890366 -0.022743378 86.69995 0.78740954 0.61417365 -0.052653234 54.463623 0.055520076 0.014415909 0.9983535 5.899292
0.60502994 -0.7958927 -0.02427769 87.43921 0.79419345 0.6053736 -0.053625412 55.445312 0.057371676 0.013168495 0.99826616 5.966675
0.5947692 -0.8036448 -0.023700275 88.170654 0.8018011 0.5950649 -0.0562985 56.438477 0.059343997 0.014485361 0.9981326 6.0512695
0.58414316 -0.811375 -0.024679864 88.90454 0.809493 0.5845154 -0.056779917 57.447754 0.060493805 0.013189891 0.9980814 6.128174
0.5762752 -0.8171388 -0.019526064 89.635254 0.81518185 0.5763151 -0.059411656 58.459473 0.0597913 0.018319637 0.9980425 6.2094727
0.5639955 -0.8256336 -0.01689929 90.33911 0.823775 0.5639245 -0.0585743 59.50293 0.057890292 0.019119538 0.9981403 6.290283
0.5525885 -0.8331831 -0.01612042 91.03882 0.8313161 0.552491 -0.05896336 60.54077 0.058032412 0.019183738 0.9981306 6.3707275
0.54375327 -0.839109 -0.017254513 91.72583 0.8371544 0.54372084 -0.060073882 61.59424 0.059792407 0.018234283 0.99804527 6.454834
0.53369385 -0.8455627 -0.01709796 92.3938 0.84354997 0.53365815 -0.061066855 62.65454 0.06076183 0.01816787 0.997987 6.5351562
0.5227669 -0.85226756 -0.01848182 93.05859 0.8501948 0.52283347 -0.06166858 63.74048 0.062203184 0.016518952 0.99792624 6.619751
0.5127222 -0.85848945 -0.01887482 93.70068 0.85637933 0.51282924 -0.062159404 64.83154 0.063036054 0.01569851 0.9978872 6.7060547
0.50462246 -0.86304075 -0.01836929 94.34155 0.861078 0.50475085 -0.05993464 65.92285 0.061003286 0.014420495 0.99803317 6.78833
0.49796373 -0.86689425 -0.01574412 94.980225 0.86505187 0.49796897 -0.058598563 67.034424 0.058653615 0.015566729 0.9981575 6.873413
0.4887088 -0.87222046 -0.014929416 95.60132 0.87038034 0.4886833 -0.058771316 68.15137 0.058570683 0.015731232 0.9981596 6.9560547
0.48152056 -0.87640995 -0.013619488 96.22974 0.8743781 0.48137283 -0.06233754 69.278076 0.061177004 0.018114826 0.99796265 7.0439453
0.47482246 -0.8800453 -0.012385324 96.829834 0.877866 0.47456238 -0.06504212 70.39697 0.063117646 0.020004801 0.9978051 7.130371
0.4695097 -0.88286364 -0.012179693 97.43091 0.88045645 0.46917543 -0.06859924 71.520996 0.06628446 0.021488864 0.9975696 7.2177734
0.46419543 -0.88575524 -0.011148442 98.04248 0.8831166 0.4637238 -0.07230492 72.66089 0.06920716 0.023701988 0.9973194 7.3153076
0.45952144 -0.8880805 -0.00892685 98.63281 0.885479 0.45890483 -0.07253132 73.79932 0.06850766 0.025423676 0.9973264 7.413208
0.45516104 -0.89032376 -0.0044914274 99.20923 0.88794655 0.45430303 -0.07090617 74.934814 0.065180555 0.028290894 0.9974727 7.5059814
0.45256326 -0.89185846 0.0008073896 99.795166 0.88972914 0.45142055 -0.06946431 76.07471 0.0615816 0.032142278 0.9975834 7.60437
0.4468086 -0.8945434 0.002744814 100.36914 0.89254993 0.44560286 -0.06816079 77.21582 0.059766218 0.03291633 0.9976702 7.694336
0.4448056 -0.89560586 0.004595128 100.92822 0.89369273 0.4435075 -0.067804866 78.345215 0.058689512 0.03426856 0.99768794 7.781128
0.4433755 -0.8964941 0.0074458574 101.48364 0.8947406 0.44195327 -0.0667507 79.471924 0.056536093 0.036262743 0.99774206 7.8691406
0.43984744 -0.8978641 0.0101192985 102.03418 0.89620775 0.43828437 -0.06670789 80.59131 0.05545406 0.038427778 0.9977225 7.956299
0.4378358 -0.89898556 0.01303977 102.579346 0.8974355 0.4361137 -0.066772096 81.71704 0.05433255 0.040919676 0.99768287 8.036499
0.43480885 -0.90032077 0.0147403665 103.11914 0.89883745 0.43299866 -0.06676609 82.81958 0.053738333 0.042293172 0.99765974 8.116089
0.43385544 -0.9009399 0.019052843 103.64868 0.8996958 0.43186653 -0.06575057 83.920654 0.05099472 0.045648728 0.99765414 8.19751
0.4302725 -0.9022437 0.0219596 104.18042 0.901102 0.4281155 -0.06627977 85.0249 0.050409414 0.0483094 0.9975596 8.274902
0.43029186 -0.902345 0.023306632 104.69116 0.9012747 0.4280741 -0.06616193 86.113525 0.04971126 0.0494645 0.99753755 8.353638
0.42770717 -0.90340465 0.023963332 105.204834 0.9023162 0.425414 -0.06707671 87.18286 0.050393466 0.050325096 0.99746174 8.430176
0.42874297 -0.90332067 0.02423412 105.70996 0.9021632 0.42634815 -0.06872768 88.25098 0.051749665 0.051327847 0.99734026 8.510132
0.42872658 -0.9032389 0.023133332 106.19653 0.9020214 0.4263872 -0.068775356 89.29956 0.05226252 0.050332922 0.9973629 8.582031
0.43279856 -0.9013551 0.020242056 106.68677 0.8999882 0.43058965 -0.06913488 90.35596 0.053586703 0.048138466 0.9974025 8.659668
0.43483502 -0.9005083 0.017521461 107.16553 0.8990268 0.43277714 -0.068988465 91.37964 0.05452018 0.04575505 0.99746454 8.733887
0.43889627 -0.8982444 0.015486753 107.6582 0.8966865 0.43694836 -0.06887405 92.406006 0.05510086 0.044118654 0.99750584 8.809692
0.44707146 -0.89427525 0.014081076 108.161865 0.89265174 0.44516745 -0.06927896 93.43945 0.055704404 0.04356639 0.9974979 8.885376
0.4539333 -0.8909947 0.013448222 108.656494 0.889433 0.45211202 -0.06791334 94.444336 0.054424454 0.04279758 0.99760103 8.9609375
0.46073097 -0.88754773 0.0119787725 109.163086 0.88599163 0.45902053 -0.06690047 95.43921 0.053872656 0.041426763 0.9976877 9.03064
0.47128093 -0.88193834 0.011702068 109.68921 0.8804554 0.46961686 -0.065688 96.4292 0.052441057 0.04125404 0.99777114 9.105225
0.48070177 -0.87682694 0.010622981 110.20874 0.875327 0.47908545 -0.065519296 97.41016 0.05235818 0.040798925 0.997795 9.175171
0.49147096 -0.8709732 0.008644 110.748535 0.8694018 0.48993254 -0.06571433 98.37964 0.052990213 0.039799083 0.997801 9.243652
0.49988726 -0.8661111 0.004224891 111.29028 0.86431915 0.49852675 -0.066920586 99.33862 0.055841163 0.03710861 0.9977503 9.314453
0.5102039 -0.86000687 0.0013089436 111.84155 0.8580839 0.5089599 -0.06763089 100.2854 0.057498556 0.035633735 0.9977099 9.385742
0.5249625 -0.85130036 -0.00093072 112.409424 0.8494563 0.5238971 -0.06522309 101.22754 0.055996336 0.03344336 0.99787045 9.453857
0.5344034 -0.84517306 -0.0027574617 112.98047 0.8434515 0.533517 -0.062129088 102.15747 0.053996444 0.030878222 0.99806374 9.528198
0.54863846 -0.8361878 -0.0020316308 113.57446 0.8345906 0.5477377 -0.060498793 103.078125 0.05169022 0.031492405 0.9981663 9.595459
0.55963784 -0.8287108 -0.0029685646 114.17383 0.8271006 0.558767 -0.060397763 103.97754 0.051719096 0.03133927 0.9981694 9.665161
0.57005215 -0.8215587 -0.0039209053 114.782715 0.8199486 0.5692209 -0.060044616 104.862305 0.05156945 0.031020038 0.998188 9.731567
0.58321816 -0.8122773 -0.0053033456 115.39307 0.8106249 0.5824248 -0.060274877 105.73071 0.052063588 0.030856494 0.99816704 9.79895
0.5931221 -0.8050624 -0.0053374846 116.01636 0.8032941 0.59223443 -0.06265063 106.58276 0.053600386 0.03287659 0.9980215 9.867554
0.6038095 -0.79712933 -0.005615252 116.65234 0.795435 0.60295856 -0.06129257 107.42749 0.052238423 0.032534674 0.99810404 9.93335
0.6141833 -0.7891663 -0.00551868 117.28833 0.7875878 0.6133686 -0.059321824 108.26538 0.050205436 0.03209871 0.9982237 10.001343
0.6235816 -0.7816667 -0.004412668 117.92334 0.7802289 0.62275904 -0.057369303 109.06348 0.04759062 0.032328807 0.9983436 10.060791
0.6349382 -0.7725783 -0.004032288 118.57544 0.7712665 0.6341484 -0.055173334 109.86865 0.045177232 0.03191791 0.99846876 10.122192
0.6435355 -0.7654167 -0.0074970806 119.21631 0.763995 0.64288324 -0.05540361 110.64526 0.047223423 0.029922966 0.99843585 10.182861
0.6528875 -0.7574028 -0.009862529 119.868164 0.7559822 0.6523677 -0.054082982 111.41431 0.047399014 0.027847972 0.9984875 10.228149
0.6635729 -0.74820286 -0.009561958 120.533936 0.7468088 0.6630255 -0.053854346 112.17627 0.04663026 0.02858802 0.99850255 10.291748
0.6715321 -0.74090755 -0.010504624 121.183105 0.7396435 0.6711036 -0.050571486 112.9104 0.044514112 0.026191449 0.99866545 10.355225
0.67981905 -0.7331996 -0.008895339 121.8479 0.73199725 0.67931455 -0.050262183 113.63794 0.04290291 0.027653264 0.99869627 10.40686
0.69049317 -0.7233473 -0.008144786 122.523926 0.722254 0.68999374 -0.048320904 114.346436 0.040576328 0.027481474 0.99879825 10.461426
0.6967311 -0.717294 -0.010534805 123.18579 0.7161563 0.69633126 -0.047940858 115.04053 0.04172096 0.025848107 0.9987943 10.512451
0.7056084 -0.70855886 -0.01016118 123.86963 0.7074649 0.7051969 -0.047253437 115.72412 0.040643286 0.026152233 0.9988314 10.566528
0.7125304 -0.70168996 -0.009829078 124.524414 0.70074165 0.7121814 -0.043850176 116.38672 0.037768632 0.024360828 0.9989897 10.608765
0.71900344 -0.69495374 -0.008770527 125.20068 0.69410324 0.7186534 -0.04197007 117.051025 0.035470102 0.024088353 0.9990804 10.658325
0.7268261 -0.68669254 -0.008857515 125.88086 0.685923 0.7265235 -0.03968997 117.70288 0.03368514 0.02277381 0.9991733 10.702148
0.73309374 -0.67994636 -0.009278314 126.53735 0.67919976 0.7328179 -0.03879807 118.323975 0.033184733 0.022143826 0.9992042 10.750977
0.7410485 -0.67122936 -0.010452484 127.19556 0.6705517 0.7408612 -0.03600196 118.93848 0.031915303 0.01966894 0.9992971 10.786987
0.7508324 -0.6605073 -0.008980297 127.87842 0.659949 0.75064766 -0.03309177 119.53906 0.028599003 0.01892 0.9994119 10.826416
0.75923395 -0.6508001 -0.008468375 128.54199 0.6503673 0.75910443 -0.028836684 120.11865 0.025194071 0.016386231 0.9995484 10.86499
0.7702849 -0.63774014 -0.008398615 129.22217 0.6373502 0.77017254 -0.02720969 120.68945 0.023821725 0.015606158 0.9995944 10.9021
0.77894366 -0.62697816 -0.009900097 129.88013 0.626587 0.77887434 -0.026387567 121.231445 0.024258617 0.014351226 0.99960274 10.93335
0.78917396 -0.6141177 -0.011322291 130.55469 0.613703 0.7891307 -0.026559066 121.76245 0.025244735 0.0140129365 0.99958324 10.964478
0.8004194 -0.5993551 -0.01175808 131.25 0.5989518 0.80038863 -0.025893306 122.288086 0.024933174 0.013686506 0.9995956 10.99292
0.8085283 -0.5882204 -0.01118752 131.92993 0.5878879 0.8085134 -0.023241665 122.79175 0.022719922 0.012214212 0.99966735 11.027588
0.8195742 -0.572881 -0.009285439 132.63965 0.57260984 0.8195346 -0.021484576 123.29199 0.019917885 0.012290486 0.9997261 11.047363
0.82872516 -0.5596707 -0.006887211 133.32617 0.55945116 0.8286512 -0.020397978 123.77173 0.017118227 0.0130528165 0.9997683 11.077148
0.83693856 -0.5472696 -0.0046560853 134.03882 0.54710823 0.8368501 -0.018608289 124.24463 0.014082201 0.013028432 0.99981594 11.105957
0.84561497 -0.53392434 -0.002954822 134.76733 0.5337959 0.8455108 -0.017944656 124.70532 0.012076404 0.013597928 0.99983466 11.121216
0.85233504 -0.52312964 -0.00071534235 135.48315 0.5230344 0.85220444 -0.017970594 125.14404 0.01000977 0.014943282 0.9998382 11.142212
0.8586344 -0.5125973 -0.00036159623 136.20923 0.5125105 0.8585016 -0.01781171 125.57666 0.009439452 0.015107211 0.99984133 11.166504
0.86593956 -0.50012654 -0.00018770713 136.9685 0.50006163 0.86583287 -0.015806263 126.01074 0.008068226 0.0135941915 0.999875 11.184082
0.8718129 -0.48983848 -0.00036021043 137.68921 0.48978558 0.87172896 -0.014075944 126.44238 0.007208757 0.012094875 0.99990076 11.186768
0.8780429 -0.47856918 0.0006520846 138.45752 0.47853556 0.87796324 -0.01313308 126.85303 0.005713488 0.01184311 0.99991345 11.199829
0.8845243 -0.46643275 0.0006812364 139.21997 0.46639884 0.8844403 -0.013441346 127.25293 0.0056687277 0.012206733 0.99990934 11.219971
0.8893384 -0.45724523 -4.025828e-05 139.98413 0.45720086 0.88925326 -0.013850968 127.653564 0.006369468 0.0122996215 0.9999039 11.232666
0.89337546 -0.44927648 -0.0006027654 140.76343 0.44922164 0.8932856 -0.014492162 128.04956 0.0070514325 0.012676546 0.99989474 11.240723
0.8971764 -0.44171026 6.53725e-05 141.54541 0.44167036 0.89709324 -0.01358156 128.43945 0.0059404895 0.012214157 0.99990773 11.251587
0.89971054 -0.43640226 0.0030786078 142.3396 0.43640813 0.8996439 -0.011142625 128.83228 0.0020943885 0.01136856 0.9999332 11.268799
0.9030636 -0.42949998 0.0057624686 143.16089 0.42953548 0.9030271 -0.008283548 129.22314 -0.0016459548 0.009955099 0.9999491 11.2734375
0.90566534 -0.4239732 0.007740485 143.96973 0.42401573 0.9056646 -0.005013072 129.625 -0.0048851273 0.0078220405 0.99995744 11.274658
0.9093781 -0.41578677 0.008997891 144.8042 0.41582146 0.90940374 -0.0023099286 130.00684 -0.007222417 0.0058430317 0.9999568 11.274536
0.91229886 -0.40938798 0.010420375 145.66748 0.40941504 0.91234607 -0.0005126726 130.39697 -0.009297194 0.004733891 0.9999456 11.274536
0.91530645 -0.40254715 0.012870133 146.54517 0.40256694 0.91538763 0.0011350084 130.79004 -0.012237748 0.004142195 0.99991655 11.271118
0.9189913 -0.39394414 0.015602009 147.4209 0.39397016 0.9191113 0.0014986517 131.16064 -0.014931147 0.004768895 0.99987715 11.265381
0.92232907 -0.38606113 0.016588831 148.32349 0.38609722 0.9224624 0.0010985722 131.54321 -0.015726969 0.0053907465 0.9998618 11.255005
0.9258403 -0.37746122 0.01698521 149.21143 0.37750828 0.92597675 0.00046662526 131.92505 -0.015904244 0.0059795347 0.99985564 11.236206
0.9301816 -0.36662638 0.017913047 150.18408 0.36672142 0.930314 -0.0022198856 132.28174 -0.015850468 0.008636177 0.9998369 11.236694
0.9329553 -0.35956627 0.01679115 151.09424 0.3596704 0.93305933 -0.0035536783 132.64966 -0.014389425 0.009353548 0.9998527 11.220459
0.93749887 -0.34762797 0.015374779 152.04297 0.3477311 0.9375755 -0.0045571374 133.01416 -0.01283054 0.009618664 0.9998714 11.215088
0.9423803 -0.33423215 0.013379173 153.0293 0.33429387 0.94244987 -0.0026126867 133.36426 -0.0117357345 0.0069347927 0.999907 11.199341
0.94808793 -0.31764728 0.014259635 153.99829 0.31765378 0.9481911 0.0018727143 133.72632 -0.014115855 0.0027541153 0.9998965 11.195801
0.9540735 -0.2991214 0.016107127 155.01733 0.29907364 0.9542093 0.0053585167 134.0376 -0.016972318 -0.00029550493 0.9998559 11.180054
0.9600195 -0.27939048 0.016630312 156.03857 0.279291 0.9601585 0.008079287 134.35693 -0.01822475 -0.0031097198 0.9998289 11.167725
0.9660786 -0.25760028 0.017891 157.08691 0.25744534 0.96622825 0.010524337 134.65088 -0.019997694 -0.0055598314 0.9997844 11.155273
0.97164285 -0.23561056 0.019413758 158.15552 0.23540469 0.97180855 0.012315663 134.92676 -0.021768585 -0.0073960386 0.99973565 11.137695
0.9763728 -0.21490549 0.02261547 159.23462 0.21465476 0.9766031 0.013013769 135.17163 -0.02488289 -0.007850875 0.99965936 11.119019
0.98085296 -0.19298565 0.025840145 160.3291 0.19263457 0.98114014 0.015472663 135.39722 -0.028339496 -0.010197478 0.9995462 11.095093
0.9849189 -0.17021765 0.030854136 161.45288 0.16973588 0.98532695 0.017639963 135.59912 -0.03340407 -0.012137769 0.9993685 11.069824
0.98840624 -0.14798293 0.033975165 162.59009 0.14741178 0.9888973 0.018757833 135.78833 -0.036373362 -0.013531979 0.9992466 11.039429
0.99149334 -0.12540038 0.03478536 163.72095 0.12474568 0.9919763 0.020396473 135.94946 -0.03706462 -0.015881946 0.9991863 11.003418
0.99389374 -0.10538922 0.032747574 164.87476 0.10476601 0.9942937 0.020204518 136.09302 -0.034689546 -0.016651325 0.99925953 10.97168
0.99608064 -0.082253344 0.032502618 166.0481 0.08156026 0.9964225 0.022109246 136.20288 -0.03420492 -0.019371547 0.99922717 10.933472
0.9974741 -0.0619532 0.034768403 167.25586 0.06130341 0.9979301 0.019455858 136.28223 -0.035901673 -0.017275862 0.99920607 10.900391
0.9984942 -0.040507603 0.03699649 168.46606 0.039807674 0.9990178 0.019464 136.34595 -0.037748694 -0.017962042 0.9991259 10.866211
0.9990715 -0.019894278 0.038226277 169.6665 0.019128898 0.9996112 0.020290153 136.38379 -0.038615033 -0.01954031 0.99906343 10.833496
0.99919796 -0.0025498832 0.039963037 170.89136 0.0016738609 0.999758 0.021941755 136.40747 -0.04000931 -0.021857273 0.9989603 10.789429
0.9989713 0.020590024 0.04039808 172.18091 -0.021500694 0.99952143 0.022238906 136.40869 -0.039920777 -0.023084901 0.998936 10.746094
0.99839926 0.03956596 0.040420048 173.39453 -0.040529057 0.9989066 0.02329851 136.36816 -0.039454006 -0.024899187 0.9989116 10.706177
0.9974799 0.05873125 0.039780445 174.64893 -0.059785318 0.99787617 0.025841758 136.30713 -0.038178112 -0.028155873 0.99887407 10.658569
0.9960461 0.07994333 0.038717777 175.95288 -0.08094008 0.9964076 0.024889262 136.22314 -0.03658874 -0.027925827 0.9989398 10.61438
0.9946071 0.09722457 0.036121182 177.2356 -0.098239034 0.99478453 0.027454283 136.11353 -0.033263598 -0.030854696 0.9989702 10.577148
0.9925782 0.116484754 0.034915507 178.50879 -0.11748761 0.9926743 0.028187748 135.97852 -0.031376753 -0.03208154 0.9989926 10.5373535
0.9899788 0.13702986 0.03392491 179.85254 -0.13802646 0.98999715 0.028992504 135.81274 -0.029610092 -0.033387296 0.9990033 10.504272
0.98742896 0.15534417 0.029093541 181.16333 -0.15621486 0.98724884 0.030512474 135.62598 -0.023982242 -0.034674495 0.99911094 10.470947
0.98434484 0.17454176 0.024264328 182.49048 -0.17528017 0.98397154 0.03264861 135.4143 -0.018177275 -0.03639171 0.99917257 10.453125
0.9811041 0.19257444 0.018906657 183.80444 -0.19313787 0.9805585 0.034794882 135.16968 -0.011839567 -0.037788786 0.9992157 10.435303
0.97778684 0.2090062 0.015650298 185.13696 -0.20945123 0.9771356 0.03649883 134.90063 -0.0076640677 -0.038966626 0.9992113 10.434204
0.97351056 0.22820358 0.013984299 186.47974 -0.22858442 0.97272974 0.039255504 134.60376 -0.0046427874 -0.04141191 0.99913114 10.4279785
0.96968704 0.24393594 0.014735661 187.81445 -0.24433862 0.96887416 0.03995513 134.28442 -0.0045319293 -0.0423437 0.999093 10.432129
0.9648453 0.26243493 0.01391687 189.177 -0.26278028 0.96411264 0.037749875 133.92871 -0.0035082242 -0.04008009 0.9991901 10.4375
0.9597478 0.28072935 0.010563866 190.51978 -0.28092706 0.958964 0.038782135 133.55103 0.00075578 -0.040187888 0.99919176 10.448364
0.95531386 0.2955545 0.0075780516 191.86035 -0.29561675 0.9544938 0.039825875 133.16772 0.0045374385 -0.04028545 0.99917763 10.455688
0.9501355 0.31162006 0.00875733 193.22021 -0.3117036 0.9491945 0.042561635 132.72998 0.0049563395 -0.043169674 0.99905527 10.473389
0.94353247 0.33114225 0.009036564 194.59888 -0.3312041 0.9424821 0.044969544 132.2732 0.006372298 -0.04542303 0.9989479 10.491455
0.9372124 0.348629 0.007938722 195.948 -0.3485934 0.9360197 0.048174173 131.79419 0.009369439 -0.04791607 0.9988071 10.502686
0.9306864 0.36579934 0.005502937 197.29004 -0.3656133 0.9294721 0.049246926 131.27832 0.012897406 -0.04784552 0.9987717 10.531616
0.9237353 0.3829801 0.0032348682 198.65332 -0.38265368 0.9225268 0.04991511 130.73657 0.016135722 -0.047346324 0.998748 10.557617
0.91652375 0.40000388 -0.0011855743 199.99683 -0.39943877 0.9153791 0.05049316 130.16284 0.02128407 -0.045803513 0.9987234 10.593872
0.90724623 0.4205074 -0.0045664283 201.33618 -0.41967842 0.90604305 0.053832583 129.58472 0.026783504 -0.046920538 0.99853885 10.642212
0.8975483 0.4408013 -0.006392445 202.68115 -0.43974882 0.89624023 0.057574656 128.95972 0.031110218 -0.04886615 0.9983211 10.689819
0.8853871 0.46484816 -0.005730116 204.00977 -0.46374568 0.8840151 0.059033856 128.29272 0.032502823 -0.04961088 0.99823993 10.744995
0.872968 0.4876966 -0.0043130284 205.35376 -0.48643407 0.8712801 0.06474763 127.56592 0.03534239 -0.054427586 0.99789214 10.80542
0.8574896 0.51430035 -0.0041166223 206.68701 -0.5128461 0.8556165 0.068714336 126.82471 0.038867958 -0.05680768 0.9976286 10.868164
0.8420968 0.5394079 -0.0035465779 207.95483 -0.53779703 0.84005475 0.071968086 126.059326 0.04180462 -0.05869427 0.9973991 10.940308
0.82720155 0.5619872 -0.003627571 209.24072 -0.56024045 0.82510614 0.07372324 125.24634 0.044418246 -0.058950935 0.9972721 11.013672
0.8113304 0.5846185 -0.0041655293 210.52002 -0.58271897 0.80922914 0.07511762 124.356445 0.047271844 -0.0585221 0.9971674 11.092163
0.7940799 0.6077717 -0.006395261 211.75513 -0.60557723 0.7920241 0.077220194 123.44238 0.05200634 -0.05745117 0.99699295 11.18396
0.778158 0.6278406 -0.009116198 212.96387 -0.6252693 0.7761373 0.080283 122.55298 0.057499982 -0.05677106 0.9967296 11.274902
0.7595064 0.6503808 -0.010930206 214.104 -0.647595 0.75761724 0.08122748 121.588135 0.061129693 -0.054617103 0.99663395 11.373901
0.7451906 0.66678673 -0.012363154 215.28687 -0.6638398 0.7434158 0.08197041 120.58765 0.06383281 -0.052887183 0.9965597 11.480469
0.72689724 0.6865724 -0.0129319485 216.44531 -0.68347895 0.7251867 0.083006956 119.54492 0.06637024 -0.05149311 0.996465 11.589722
0.7109907 0.7032303 -0.0128607955 217.56885 -0.7000845 0.7093326 0.083266206 118.468506 0.06767091 -0.05019965 0.99644387 11.710815
0.69586474 0.7179798 -0.015012617 218.69067 -0.7146483 0.69439024 0.08394925 117.37671 0.07070668 -0.047694992 0.9963569 11.82312
0.68036515 0.7326614 -0.016745836 219.7395 -0.72911495 0.6790228 0.08539878 116.28516 0.07392853 -0.045901734 0.9962078 11.945923
0.66561615 0.74602133 -0.019293047 220.75879 -0.7421866 0.6644539 0.08734245 115.17383 0.0779642 -0.04381814 0.995993 12.072754
0.6512159 0.7585987 -0.020147916 221.82153 -0.7544856 0.6500756 0.090065055 114.021484 0.08143295 -0.04345981 0.9957318 12.197998
0.63376397 0.7731881 -0.019237109 222.8003 -0.76910955 0.6326545 0.08980562 112.85498 0.08162332 -0.04212391 0.99577314 12.341797
0.6174136 0.786363 -0.016754292 223.76758 -0.7822443 0.61612326 0.09128027 111.666016 0.08212159 -0.043259986 0.99568397 12.4782715
0.5997451 0.79999864 -0.011976596 224.75293 -0.796011 0.5981311 0.09190563 110.46069 0.08067695 -0.04559689 0.99569803 12.621216
0.58344483 0.81215405 -0.006978386 225.66797 -0.8082787 0.5814592 0.092956714 109.2124 0.079551786 -0.04859601 0.99564546 12.759399
0.5663039 0.8242116 -0.00302989 226.55957 -0.82040656 0.5640352 0.09396789 108.01221 0.07916057 -0.050726343 0.9955701 12.901001
0.5463935 0.8375219 -0.00056563783 227.41382 -0.83353156 0.5438547 0.097135164 106.76831 0.08166975 -0.052609507 0.9952706 13.045776
0.52957666 0.8482716 0.0017862164 228.21826 -0.84405905 0.5267367 0.10068464 105.53198 0.08443506 -0.05482691 0.99491954 13.189697
0.5109295 0.85954124 0.0055623576 229.01025 -0.85546 0.50784963 0.10081641 104.27075 0.08386282 -0.056269117 0.99488723 13.337158
0.48944154 0.87206054 0.008789983 229.77393 -0.8682365 0.48629907 0.09899669 102.99902 0.082028896 -0.056079872 0.99505067 13.482056
0.4693225 0.8828044 0.012572787 230.4707 -0.8793354 0.4661052 0.0963516 101.72485 0.07921017 -0.05629692 0.9952689 13.618164
0.44774657 0.89409184 0.016437232 231.15186 -0.890854 0.44437578 0.09517698 100.43677 0.07776919 -0.0572606 0.99532604 13.757324
0.4267003 0.9041317 0.017380223 231.79517 -0.90097386 0.4234057 0.093837485 99.16235 0.07748909 -0.055713486 0.9954364 13.892822
0.40634808 0.9134585 0.019414833 232.38306 -0.9103763 0.40299025 0.093357824 97.88086 0.0774817 -0.055628173 0.99544203 14.020142
0.38509032 0.9226843 0.019697228 232.95679 -0.91961235 0.38183233 0.092427164 96.59546 0.07779201 -0.05371251 0.9955221 14.151245
0.36233413 0.9318573 0.019045118 233.49707 -0.92874914 0.3592564 0.09145962 95.29907 0.07839112 -0.050819863 0.9956258 14.283081
0.34305635 0.9391591 0.018317193 233.97412 -0.93597496 0.3401141 0.09118216 94.03784 0.07941621 -0.04842174 0.9956646 14.409546
0.3190722 0.94766587 0.018475609 234.44897 -0.9445793 0.31629378 0.089125015 92.7229 0.078631625 -0.04588219 0.9958473 14.543823
0.30036634 0.95378715 0.018130183 234.86743 -0.95074224 0.29773936 0.08774267 91.45215 0.07827252 -0.043591432 0.99597865 14.66748
0.27786303 0.96035755 0.019703543 235.27124 -0.9568627 0.27493647 0.09332206 90.18164 0.084210776 -0.04480348 0.9954416 14.792114
0.25906634 0.9657346 0.021564756 235.6438 -0.961491 0.25565106 0.10197848 88.916504 0.092956096 -0.04714395 0.9945529 14.929321
0.23887494 0.9706979 0.02427964 235.98242 -0.9657942 0.23493396 0.10933941 87.66016 0.10042622 -0.04957567 0.9937091 15.0703125
0.21924229 0.97529525 0.028403712 236.29834 -0.970162 0.2148042 0.11277793 86.41113 0.10388285 -0.05227644 0.9932143 15.216431
0.19941527 0.97935027 0.03224035 236.58862 -0.97417617 0.19460228 0.11420022 85.1582 0.10557957 -0.054174125 0.9929336 15.364136
0.17947055 0.98306 0.03739399 236.85083 -0.97821546 0.17429656 0.11281678 83.90845 0.104377955 -0.05680362 0.99291193 15.512207
0.16047235 0.98616415 0.04189173 237.08838 -0.98142344 0.15488642 0.11332296 82.66577 0.10527589 -0.059290618 0.9926734 15.662109
0.14124024 0.98899937 0.043189228 237.27881 -0.9844894 0.13575196 0.11085414 81.43921 0.10380219 -0.058206536 0.99289626 15.80957
