1.000000000000000000e+00 4.398956837314658088e-19 2.733407509747682871e-20 -8.673617379884035472e-19 -5.583667658079949532e-19 1.000000000000000000e+00 -6.100159232558060012e-19 0.000000000000000000e+00 4.145284534913582806e-20 -2.210423569125054137e-19 1.000000000000000222e+00 0.000000000000000000e+00
9.998932005961884695e-01 4.203910608781203555e-04 1.460858271370409252e-02 -7.590719987129052049e-02 -4.180091275903366271e-04 9.999998988393741239e-01 -1.661036437331675118e-04 -1.020000878982636749e-02 -1.460865131751718296e-02 1.599793977503888396e-04 9.998932751531179886e-01 7.849982037828828751e-03
9.992595192052741160e-01 4.595157027663662914e-03 3.820075691878335733e-02 8.009991959903230152e-02 -4.567812932493886015e-03 9.999892450449384684e-01 -8.030493497456877216e-04 1.483458033209612836e-02 -3.820403687177634927e-02 6.279608336087342309e-04 9.992697619779500329e-01 3.038948204845032253e-01
9.979275476886501073e-01 5.467685276634881575e-03 6.411484999664247841e-02 3.889631730281568889e-02 -5.516520816427494638e-03 9.999846129584216703e-01 5.846835060024575034e-04 8.455847293053611602e-03 -6.411066770315602958e-02 -9.371626348875435357e-04 9.979423550457549030e-01 4.159797845954744111e-01
9.952541839159643189e-01 5.048349063164019740e-03 9.717830793031893843e-02 9.663672934124792335e-02 -5.356670063987467242e-03 9.999814127097491623e-01 2.912100663176030516e-03 5.783651420963695222e-03 -9.716180202799101773e-02 -3.418832446541801486e-03 9.952627270420848493e-01 5.757081548779311442e-01
9.908140487237089289e-01 1.936449245597524115e-03 1.352174947407828454e-01 1.993913324465603210e-01 -2.629585051689150611e-03 9.999843028229269404e-01 4.947665493779649509e-03 1.151348673633831310e-02 -1.352057936412073835e-01 -5.257782306138848553e-03 9.908035876093264083e-01 8.100196359143012614e-01
9.846487786585590429e-01 -1.453059553296144613e-03 1.745413160849822454e-01 2.465506176930299942e-01 4.618364934500460432e-04 9.999835368823039028e-01 5.719499021600188936e-03 -4.652549337042871658e-03 -1.745467563805340183e-01 -5.551088063660773730e-03 9.846332391018305374e-01 9.696615414209743822e-01
9.759510066194025946e-01 -1.699327573382333192e-03 2.179833581801577103e-01 3.453776026398858168e-01 2.661584847864482441e-04 9.999781588194606163e-01 6.603865642389893445e-03 -2.971117932181466248e-04 -2.179898230658058877e-01 -6.387031054233759456e-03 9.759301426829715131e-01 1.192622748056957338e+00
9.641339512635073161e-01 -1.615174546550948850e-03 2.654112174999058160e-01 4.234982398297825190e-01 -1.036171397407021797e-03 9.999509580378794782e-01 9.849257175534816000e-03 1.126081377759158286e-02 -2.654141140692481415e-01 -9.771014589107430981e-03 9.640849942744710299e-01 1.387414930691699855e+00
9.497318106801576620e-01 -5.505222444868072655e-03 3.130162600229937642e-01 5.723414826361242769e-01 3.990659239457485657e-04 9.998658495842360772e-01 1.637447937935176262e-02 2.602225369835736712e-02 -3.130644193194286884e-01 -1.542644966984877374e-02 9.496066002733181133e-01 1.661455099487696208e+00
9.329176217571323315e-01 -1.534833240064296424e-02 3.597626133487845657e-01 7.005835572328967809e-01 6.943904485074041573e-03 9.996722273614810916e-01 2.464183454330426751e-02 6.293464915622160039e-03 -3.600229102895147193e-01 -2.049064429087396264e-02 9.327184137402773079e-01 1.835578685869336146e+00
9.115881755474305459e-01 -2.096079423180953472e-02 4.105698977613065903e-01 8.528525504677840763e-01 9.605535899552880216e-03 9.995126769923348142e-01 2.970087845045510724e-02 -5.515781760689897339e-05 -4.109923786996316220e-01 -2.313122551491810300e-02 9.113452767461495130e-01 2.093079422109688892e+00
8.866323788975086773e-01 -2.284638294872845532e-02 4.619102341288409685e-01 1.052396673660000337e+00 8.232091198541621052e-03 9.994004622801744286e-01 3.362957979103056022e-02 3.401962237233116526e-03 -4.624016237603668644e-01 -2.601458694187646498e-02 8.862888822080049467e-01 2.313580099547662527e+00
8.582140207432451540e-01 -2.494240271429169070e-02 5.126856417440551761e-01 1.208373923083692736e+00 6.399467438623079527e-03 9.992609661386812059e-01 3.790208880469393693e-02 3.008959532077556259e-02 -5.132521277167885199e-01 -2.924718871857346844e-02 8.577393889023749995e-01 2.543680883651803448e+00
8.260098198309155926e-01 -3.012944663948861554e-02 5.628498815828801849e-01 1.460578150589759705e+00 7.491340346956212003e-03 9.990689587042407283e-01 4.248641588745027953e-02 2.859302901821933474e-02 -5.636059470300086582e-01 -3.087769642817199053e-02 8.254664797339744675e-01 2.783365723725909291e+00
7.901913671557516672e-01 -3.589036105674858063e-02 6.118083682822089697e-01 1.675258167304548129e+00 9.689757556281175868e-03 9.988906312235252827e-01 4.608270181579213198e-02 3.138139592500542585e-02 -6.127835825693289662e-01 -3.048587805649689841e-02 7.896625215710501022e-01 2.977381313861359402e+00
7.525053012325005897e-01 -4.035544215624486952e-02 6.573486161593785626e-01 1.949037390611023213e+00 1.087361377052496747e-02 9.987461240214753344e-01 4.886659620889565597e-02 4.215672100766079677e-02 -6.584964269903488265e-01 -2.962461734438645578e-02 7.520005614874613054e-01 3.191915892583173431e+00
7.124217497818614575e-01 -4.370603649242207206e-02 7.003891954244968465e-01 2.249960755385368660e+00 1.192042141380429861e-02 9.986683368094211311e-01 5.019418844730872548e-02 5.299953765648818954e-02 -7.016503140685549367e-01 -2.741049674125687827e-02 7.119940373585543769e-01 3.422042850454295682e+00
6.709544547703979456e-01 -4.540772728059348784e-02 7.401069174022238961e-01 2.534188930418057595e+00 1.099880177881582162e-02 9.986228575173349276e-01 5.129731717964681331e-02 5.868230346689590204e-02 -7.414169921256721363e-01 -2.627787368894084555e-02 6.705298844463015717e-01 3.613018273765840060e+00
6.281064977508482583e-01 -4.591459938712383337e-02 7.767715670181331022e-01 2.876400113398283054e+00 6.819733139816230340e-03 9.985440817580462092e-01 5.350895230344843850e-02 8.952101737772140411e-02 -7.780975066787173544e-01 -2.831194530098194925e-02 6.275051502747879262e-01 3.844170895442515334e+00
5.864757265558072641e-01 -4.671110839646842178e-02 8.086187506473547781e-01 3.221279077729673368e+00 3.931554345146600835e-03 9.984880889275231652e-01 5.482772204195482391e-02 1.040931811258144490e-01 -8.099572686698811586e-01 -2.897599899796816231e-02 5.857726735446118216e-01 4.050616220531047418e+00
5.462466432089267965e-01 -4.771025656233621182e-02 8.362645064645355397e-01 3.600109733635672438e+00 1.735515999125831089e-03 9.984388405952325796e-01 5.582893095557747015e-02 1.225414526105876867e-01 -8.376225913617327823e-01 -2.904501510874566567e-02 5.454766658717612460e-01 4.259042155479091818e+00
5.077911408324393694e-01 -5.035587067622587093e-02 8.600072275413119804e-01 4.035434166002526801e+00 1.014738800978015089e-03 9.983244470298167084e-01 5.785558506380383825e-02 1.375721113430365961e-01 -8.614796231267202176e-01 -2.850587021803505788e-02 5.069914067343679331e-01 4.478729538703507096e+00
4.703344121913946574e-01 -5.020909977346920544e-02 8.810587802082302522e-01 4.440860273259090718e+00 -1.925292339877886574e-03 9.983194155456867058e-01 5.791923475285407075e-02 1.611554253348292942e-01 -8.824861744096067495e-01 -2.893770431112793751e-02 4.694473070656232094e-01 4.654071569176318590e+00
4.344035157439143369e-01 -4.961620100190555077e-02 8.993507684327167739e-01 4.900209945701226033e+00 -2.933750360361382821e-03 9.983984240860908077e-01 5.649760928822335215e-02 1.878069832139934170e-01 -9.007136022139378140e-01 -2.718123006908735803e-02 4.335622227335079182e-01 4.835481031262621521e+00
4.007542264892201556e-01 -4.830328143961760273e-02 9.149113776757710204e-01 5.395328626646581860e+00 -1.856522666469630125e-03 9.985643554348166973e-01 5.353299304512872808e-02 2.022168235474243736e-01 -9.161837252010320842e-01 -2.315212619813442410e-02 4.000892084475009547e-01 5.032177683655396194e+00
3.705082354628562169e-01 -4.663603507230040107e-02 9.276576487544749838e-01 5.874406571815147693e+00 -1.053728058298873492e-04 9.987365914418930846e-01 5.025146543155661200e-02 2.228109688165673119e-01 -9.288291833119676211e-01 -1.871633088950484802e-02 3.700352167211861665e-01 5.188543359021529078e+00
3.450028335128819679e-01 -4.463789931003946110e-02 9.375395928008264379e-01 6.442457631457459755e+00 9.023191703955414861e-04 9.988837958570021547e-01 4.722656204293369103e-02 2.466664889081279233e-01 -9.386012179820016899e-01 -1.544733694766392031e-02 3.446580162423114602e-01 5.376735098009828739e+00
3.248065116702446575e-01 -4.410571211278824927e-02 9.447515023176782378e-01 7.025302469783803794e+00 2.065806698496115874e-03 9.989427359845064469e-01 4.592540292456954304e-02 2.703460511094065710e-01 -9.457782395147801280e-01 -1.296519508124581964e-02 3.245542179877499711e-01 5.553863387537696816e+00
3.093769773223539188e-01 -4.451593105968703473e-02 9.498969431430058785e-01 7.615132253489107050e+00 2.999335239571806078e-03 9.989444011354372543e-01 4.583761985596009059e-02 2.996631243410904366e-01 -9.509347537885073365e-01 -1.133204402363955157e-02 3.091839162084735748e-01 5.741654226888332602e+00
2.979171472099864659e-01 -4.625851260209309229e-02 9.534702449921117484e-01 8.237105424283775790e+00 4.313938276735451195e-03 9.988802173316406741e-01 4.711370630929097303e-02 3.216199782486787173e-01 -9.545819920329754460e-01 -9.922768294292021521e-03 2.977830997863419316e-01 5.922368352903225386e+00
2.872818059500558130e-01 -4.805362792187325288e-02 9.566399517948743769e-01 8.864971003623756118e+00 3.122289514409048658e-03 9.987824460117993297e-01 4.923288340911324140e-02 3.475297112982590475e-01 -9.578410262415790744e-01 -1.115680387503368252e-02 2.870820608421818521e-01 6.120372728740274937e+00
2.764610342013321120e-01 -4.972683525168689056e-02 9.597377365006913852e-01 9.527639525449460578e+00 1.472054084431828917e-03 9.986811463865072902e-01 5.132056967061091046e-02 3.778202032479764383e-01 -9.610240090602107932e-01 -1.277535102924672733e-02 2.761696218164119698e-01 6.302489713108317737e+00
2.666553717688786573e-01 -5.155280263395811691e-02 9.624121807127874462e-01 1.022448907638658966e+01 8.476431687534268433e-04 9.985805671358929381e-01 5.325535091297023405e-02 4.080427490846894600e-01 -9.637915805052132967e-01 -1.338504240391629255e-02 2.663205694063167650e-01 6.490370653664112588e+00
2.566346783739203996e-01 -5.358538976268232418e-02 9.650218816668723054e-01 1.092330719651417148e+01 -1.695999545528911983e-04 9.984593842569002842e-01 5.548719839325900322e-02 4.350154144304617110e-01 -9.665084736382669739e-01 -1.440360610321110568e-02 2.562302135196604103e-01 6.673830601689247466e+00
2.463741058657699934e-01 -5.499484728627465624e-02 9.676132237964463201e-01 1.168329825360462415e+01 -3.975654556515924721e-04 9.983829427459056660e-01 5.684489013796723694e-02 4.678410000534931057e-01 -9.691747306340892099e-01 -1.438979769075002767e-02 2.459538394267253569e-01 6.889913025867906882e+00
2.352238737845452343e-01 -5.643232870875902057e-02 9.703015539033692516e-01 1.244110971097351559e+01 -1.242645561948959492e-03 9.982947330226649152e-01 5.836164673700990069e-02 4.927824888111638213e-01 -9.719404311537956920e-01 -1.493379266365435498e-02 2.347526275414531238e-01 7.039879679834045056e+00
2.255788398546431095e-01 -5.935620368020164822e-02 9.724150410385590249e-01 1.319862628974110130e+01 -2.266871646997805755e-03 9.981075678606173840e-01 6.145033953299632035e-02 5.286483845778641166e-01 -9.742222872859572780e-01 -1.606623550943041961e-02 2.250173929542731432e-01 7.213053602376635176e+00
2.137892641627739676e-01 -6.281222531724522939e-02 9.748583275135858095e-01 1.397873061804543049e+01 -4.061312097581684134e-03 9.978649153430655394e-01 6.518524699611567830e-02 5.780816187768107461e-01 -9.768713697763184989e-01 -1.789510904248644077e-02 2.130777045728273200e-01 7.397752499238912094e+00
2.015555737903634848e-01 -6.655270891794391741e-02 9.772134215994122686e-01 1.476298465955141381e+01 -4.229169894860585442e-03 9.976204867654560049e-01 6.881481277625228765e-02 6.130065167570566409e-01 -9.794679584774069747e-01 -1.800280978652932240e-02 2.007945055573139848e-01 7.559101048238398235e+00
1.884498878484802131e-01 -6.903352492726017031e-02 9.796535080564808817e-01 1.555765640115224713e+01 -5.547652343023280058e-03 9.974356448693799670e-01 7.135375144762388933e-02 6.544042252163900786e-01 -9.820671465242080123e-01 -1.888138266840446583e-02 1.875836600474804772e-01 7.699126023140424380e+00
1.750716457438706852e-01 -6.969223342863116455e-02 9.820859916499778963e-01 1.636057968059740730e+01 -5.935605425751062925e-03 9.973987244299541421e-01 7.183698937084247171e-02 6.848591072068136443e-01 -9.845378126156479892e-01 -1.840589401771841604e-02 1.742025691785549779e-01 7.859398381109798493e+00
1.607314937274005595e-01 -6.885982139955609815e-02 9.845931623538504152e-01 1.715853659262079844e+01 -7.534438396097966131e-03 9.974486514617348920e-01 7.098887157592409514e-02 7.261933720588502617e-01 -9.869694201196799188e-01 -1.882850301678205482e-02 1.598025902086494532e-01 7.993295181106989666e+00
1.448384841732740236e-01 -6.794356409617938186e-02 9.871197844862327209e-01 1.795153703972811599e+01 -8.642696277547868428e-03 9.975146586362237944e-01 6.992717328052534820e-02 7.619981138427758260e-01 -9.894175733506855863e-01 -1.865952138587712028e-02 1.438912941304963944e-01 8.102461761348926927e+00
1.227666369681310737e-01 -6.645380123146191198e-02 9.902081742420226762e-01 1.877901314679914435e+01 -1.116148220277211368e-02 9.976000844534589351e-01 6.833368698360897664e-02 8.016159863826558540e-01 -9.923728086693307526e-01 -1.944128697813952977e-02 1.217302831048964196e-01 8.224079859335352793e+00
9.851767169712705163e-02 -6.515725304776344429e-02 9.929998911347774904e-01 1.959486158698862468e+01 -1.540009853518315396e-02 9.976348410133260014e-01 6.698925984830433888e-02 8.463843905086323449e-01 -9.950161418847622841e-01 -2.189192121796933871e-02 9.728123223682250131e-02 8.307256669952808537e+00
6.911055122818017538e-02 -6.463427312671472802e-02 9.955129960833878355e-01 2.043884466660522392e+01 -1.904664866854208563e-02 9.976315940769829860e-01 6.609408185482663900e-02 8.827437313144496089e-01 -9.974271773972650523e-01 -2.352898386144629261e-02 6.771580170721126779e-02 8.327147626246038215e+00
3.494919815670667618e-02 -6.455507137938364115e-02 9.973019498219251044e-01 2.128119799237883925e+01 -2.220050625972670721e-02 9.976151957938336201e-01 6.535333681626120939e-02 9.270693733304552486e-01 -9.991424865410926115e-01 -2.442465405171869233e-02 3.343269450333512943e-02 8.347516767432923146e+00
6.713068738234334110e-04 -6.385678269752964598e-02 9.979588385237161408e-01 2.210904827515874516e+01 -2.402320446258502523e-02 9.976700322319083103e-01 6.385446288034575535e-02 9.612014899528477097e-01 -9.997111844477869491e-01 -2.401703430882445173e-02 -8.643031900319853413e-04 8.316040730293334349e+00
-3.386054214651024186e-02 -6.281923920239793069e-02 9.974503444155030651e-01 2.295241853283515709e+01 -2.507725290209904950e-02 9.977618323836011660e-01 6.198755702800577694e-02 9.896752591688313672e-01 -9.991119118102059771e-01 -2.291438139026654927e-02 -3.536009191914610966e-02 8.308564469461122926e+00
-6.603827406339003725e-02 -6.089276082632944648e-02 9.959573287773489936e-01 2.377614910180918173e+01 -2.757528554437881085e-02 9.978663265351347400e-01 5.918106119874792792e-02 1.018148376231615249e+00 -9.974359965105257242e-01 -2.355559173102209775e-02 -6.757650660867575709e-02 8.256225598959458623e+00
-9.842712317080100359e-02 -5.770546475295775662e-02 9.934697597358655985e-01 2.460944752795931834e+01 -2.928706222935809414e-02 9.980528812153893758e-01 5.507008537298590384e-02 1.057097323812545397e+00 -9.947132181807746276e-01 -2.367541974154675766e-02 -9.992549879526406442e-02 8.169392505537201643e+00
-1.311886021903164723e-01 -5.324807715612192571e-02 9.899263486540121892e-01 2.547106679808042173e+01 -2.654600032058331352e-02 9.983870766215485748e-01 5.018520819190577104e-02 1.076953492007363566e+00 -9.910019562857478315e-01 -1.969485696313593923e-02 -1.323905298836633715e-01 8.040037416473843734e+00
-1.623773229779298666e-01 -4.759461922570491776e-02 9.855802048217856548e-01 2.631844617213550563e+01 -2.285522888239790995e-02 9.987494644350046746e-01 4.446510790569380145e-02 1.099303805569234127e+00 -9.864640186725044391e-01 -1.530553504779093299e-02 -1.632620516549460610e-01 7.893882001903865131e+00
-1.929667757671632011e-01 -4.177370354115517159e-02 9.803156451961790863e-01 2.715890857061629049e+01 -1.622395361917849596e-02 9.990925763666768100e-01 3.938028931664248194e-02 1.114579882864348948e+00 -9.810711611244263830e-01 -8.305507115414197464e-03 -1.934694091553020023e-01 7.707316379559816966e+00
-2.219943430782741478e-01 -3.600809490544325947e-02 9.743828364568350997e-01 2.796604250080821430e+01 -1.039572552685663967e-02 9.993484783481739742e-01 3.456222960560700191e-02 1.125350709242370684e+00 -9.749925418663902832e-01 -2.456796035941284043e-03 -2.222240405934093888e-01 7.529729919626658941e+00
-2.497994326040477997e-01 -2.954467918205060106e-02 9.678467537937655019e-01 2.875222589259867689e+01 -1.146336582423476171e-03 9.995427238897961475e-01 3.021637004575488533e-02 1.155201733313450552e+00 -9.682969303259627569e-01 6.438555059991463506e-03 -2.497190747946919087e-01 7.279247546199083096e+00
-2.769417581595977618e-01 -1.937558327864019950e-02 9.606913307597745311e-01 2.959945064816529836e+01 4.830459710649155462e-03 9.997559741072779005e-01 2.155594763367227676e-02 1.144930588111039205e+00 -9.608745729053359552e-01 1.061032393853560303e-02 -2.767805855735017695e-01 7.011722217476434871e+00
-3.012272393386648539e-01 -4.539268152921449757e-03 9.535415718134475638e-01 3.035340724440331428e+01 9.293554293458570689e-03 9.999271984244383349e-01 7.695952253669062146e-03 1.138466610724105488e+00 -9.535071029948403165e-01 1.118002194522355053e-02 -3.011631249254005382e-01 6.731770208701738589e+00
-3.254819193108876574e-01 1.251522706448926665e-02 9.454654268596875966e-01 3.116015752450869059e+01 1.020281670529411128e-02 9.999006739482705353e-01 -9.723412573661405559e-03 1.105732172078232711e+00 -9.454932246041145572e-01 6.481616529760293732e-03 -3.255772823741316935e-01 6.453922306618585125e+00
-3.517267219049241556e-01 2.740870067439840282e-02 9.357013736281899474e-01 3.193539665464377819e+01 8.579377542108577656e-03 9.996236644864343601e-01 -2.605616363468766725e-02 1.075959923529082429e+00 -9.360634177669612255e-01 -1.136912691045081523e-03 -3.518295055563001039e-01 6.199342411787066354e+00
-3.767958903248725955e-01 3.805322233544261579e-02 9.255143402402050690e-01 3.269025936221249395e+01 1.285342429460204806e-02 9.992744116459852943e-01 -3.585302896722800114e-02 1.044124191315407124e+00 -9.262071371306439538e-01 -1.613244504486556052e-03 -3.770116071312483164e-01 5.894201635329525679e+00
-4.003591353866421398e-01 4.289565881508099199e-02 9.153537622982320654e-01 3.347040286527646913e+01 1.659191546338036408e-02 9.990793451467901987e-01 -3.956223460434538097e-02 9.969782349400275745e-01 -9.162081013940732710e-01 -6.516288381438371195e-04 -4.007022652405453633e-01 5.539684197638577778e+00
-4.220788172856840825e-01 4.220920270311980665e-02 9.055759716777921353e-01 3.420400086894898095e+01 1.845788643379095428e-02 9.991085559239684111e-01 -3.796577235237668518e-02 9.413536973272507158e-01 -9.063712220161633804e-01 6.904711154558184185e-04 -4.224816515706702469e-01 5.148405111419074309e+00
-4.427848392534954880e-01 3.888729234934318324e-02 8.957842096075644411e-01 3.493202836178432591e+01 2.311069749437801371e-02 9.992221131340653928e-01 -3.195409587393190781e-02 9.113748204825052879e-01 -8.963300146281040215e-01 6.553409697470175856e-03 -4.433391164548440289e-01 4.788015694555814328e+00
-4.610863824843632330e-01 3.760795274665704180e-02 8.865579369719522873e-01 3.567286415230264396e+01 3.003653876547414045e-02 9.991904126731000479e-01 -2.676425808532297695e-02 8.760193776428699675e-01 -8.868467552212538907e-01 1.428849798043496135e-02 -4.618427067725717761e-01 4.388750582104913533e+00
-4.753600046789446254e-01 3.854772583642324113e-02 8.789464857634188277e-01 3.638008210675381093e+01 3.419984769007838876e-02 9.990942052155529218e-01 -2.532073196347991648e-02 8.348969304786607593e-01 -8.791264124902093968e-01 1.802337378341072743e-02 -4.762477536573607728e-01 4.019642610539840177e+00
-4.856159323146552187e-01 4.172829015814723264e-02 8.731757568218212473e-01 3.708754034331735028e+01 3.675284145534545022e-02 9.989514486079933420e-01 -2.729893605006035798e-02 7.821655839789858344e-01 -8.733993402281566842e-01 1.883489298018647951e-02 -4.866403735164359090e-01 3.593952919770518228e+00
-4.956844881538537417e-01 4.421342225842535972e-02 8.673765317795664176e-01 3.776361003960612805e+01 3.767100715910280673e-02 9.988579840293779766e-01 -2.938746159453248935e-02 7.269300446571139718e-01 -8.676853092137714052e-01 1.810803977523528507e-02 -4.967839739216823869e-01 3.186484238044866579e+00
-5.059744955369698260e-01 4.351688994574164776e-02 8.614499850319868868e-01 3.845774842817866102e+01 3.170735099290414999e-02 9.989898726480441749e-01 -3.184145387962288021e-02 6.738857742396090478e-01 -8.619654668164520306e-01 1.120333450270151812e-02 -5.068432033778834667e-01 2.780165475910069794e+00
-5.175996972514315120e-01 4.250881841145532497e-02 8.545662879583609817e-01 3.915682105786500955e+01 3.038482770038385128e-02 9.990483300863873817e-01 -3.129211314037903119e-02 6.599936238720298665e-01 -8.550832285002123445e-01 9.769062141099888949e-03 -5.183987375201853931e-01 2.369521257575504691e+00
-5.265793706026209442e-01 4.374157284656066125e-02 8.489998988053573115e-01 3.983105249057837227e+01 3.254300878379681738e-02 9.989805979277749381e-01 -3.128446080340477331e-02 6.186047987485630006e-01 -8.495028727869811114e-01 1.115526050317063034e-02 -5.274660580874627192e-01 1.953381026787755825e+00
-5.333514981243062669e-01 4.713114473276341920e-02 8.445796716007747396e-01 4.051240281102732155e+01 3.628187385262671844e-02 9.988023406362819268e-01 -3.282544604702856278e-02 5.691628305104825536e-01 -8.451152683394208553e-01 1.313543330860831443e-02 -5.344227321473971060e-01 1.513615026390976004e+00
-5.372973859676747344e-01 5.007750729691049646e-02 8.419048339376991041e-01 4.121339415400344564e+01 3.721523975288630603e-02 9.986711094278996059e-01 -3.565166280284706724e-02 5.360532786966702989e-01 -8.425713955426372692e-01 1.217614603278266948e-02 -5.384470241651101441e-01 1.082244367674292107e+00
-5.371903888697304730e-01 5.143312905921576528e-02 8.418913863760029148e-01 4.191160505327016494e+01 3.644845964563828145e-02 9.986222250564259495e-01 -3.775130923762199525e-02 4.887732548316997550e-01 -8.426731320762169686e-01 1.040600473353998218e-02 -5.383249209288578641e-01 6.418056829142856357e-01
-5.341639433272378223e-01 5.225607340885982804e-02 8.437642866945126441e-01 4.262149166083085561e+01 3.861098508898676979e-02 9.985542088372694192e-01 -3.739898096974102193e-02 4.463601906050425616e-01 -8.444987182712456741e-01 1.260138416284206121e-02 -5.354093134803924459e-01 1.916507678155515149e-01
-5.278805282936039900e-01 5.127423018661642767e-02 8.477694781683943193e-01 4.337597073071509612e+01 3.700397588234279750e-02 9.986166455225308214e-01 -3.735640494017600927e-02 4.026505735974215683e-01 -8.485121480703744501e-01 1.165112356584398212e-02 -5.290476339746252865e-01 -2.746007884070751359e-01
-5.212026778324641008e-01 4.981610428208945590e-02 8.519777644994557253e-01 4.413028521459654030e+01 3.504491122474468617e-02 9.987022006957886333e-01 -3.695630475637554091e-02 3.581422100582379864e-01 -8.527131022526287518e-01 1.059576113191587621e-02 -5.222720635138937695e-01 -7.234104613081877577e-01
-5.143576132651129784e-01 4.918647567597131398e-02 8.561640748095861175e-01 4.491347508598668270e+01 3.314500815750034968e-02 9.987480933078624057e-01 -3.746537720410460237e-02 3.113163439365010943e-01 -8.569350419826914367e-01 9.106964246274789135e-03 -5.153439728721793678e-01 -1.182060246913455570e+00
-5.072287137891831055e-01 4.770354512220947168e-02 8.604902034739022598e-01 4.573289881495031750e+01 2.999126253201295569e-02 9.988391510677013807e-01 -3.769448780975569180e-02 2.624757481505227141e-01 -8.612894799568118209e-01 6.687462013336819416e-03 -5.080705886374280444e-01 -1.685609556601017411e+00
-5.030279039080586267e-01 4.544013130184037380e-02 8.630747991147043052e-01 4.655406692027730031e+01 2.601082113115835495e-02 9.989605094495047632e-01 -3.743444530783646834e-02 2.132908383000702290e-01 -8.638786820857110582e-01 3.618714624163762213e-03 -5.036869474996723550e-01 -2.124118000019647567e+00
-5.017621135136856036e-01 4.259701660735403655e-02 8.639561690864504540e-01 4.737562436525629295e+01 2.099571148019469674e-02 9.990922297588060719e-01 -3.706610977503201065e-02 1.700956597434708506e-01 -8.647508160508735608e-01 -4.589941988507152486e-04 -5.022009846871409167e-01 -2.592144993900994621e+00
-5.016338389073426995e-01 4.026365262559380293e-02 8.641425324671250241e-01 4.821989345293554408e+01 1.847541353939573250e-02 9.991870714789805596e-01 -3.583092584938431940e-02 1.259005270415294586e-01 -8.648827452797118731e-01 -2.008613329689976513e-03 -5.019699353030379063e-01 -3.079667213683860982e+00
-5.032270984207756204e-01 3.874790010806850038e-02 8.632850480315720221e-01 4.906036571187823370e+01 1.676689733204459604e-02 9.992439681698057630e-01 -3.507653341821498350e-02 7.839774801311988339e-02 -8.639915340251788090e-01 -3.176849464973625393e-03 -5.034963259956544146e-01 -3.541924334976450872e+00
-5.037393978693258667e-01 3.855688734937087053e-02 8.629947693833985856e-01 4.994754139446047247e+01 1.702898584469886289e-02 9.992525225677875156e-01 -3.470460703249865497e-02 2.438241068613552359e-02 -8.636878168435290215e-01 -2.786151233364022716e-03 -5.040194499423320540e-01 -4.052974809542997825e+00
-5.035934138146223038e-01 3.748439783878776410e-02 8.631272096209793299e-01 5.082127785367227801e+01 1.667447049309149498e-02 9.992939252543825424e-01 -3.366916914272129885e-02 -2.512854273631213997e-02 -8.637798607793932826e-01 -2.563381732802674871e-03 -5.038628729245967497e-01 -4.558315889223984563e+00
-5.036945331104136780e-01 3.709372242258630187e-02 8.630850824684294098e-01 5.168352222182053879e+01 1.715821627433223098e-02 9.993102055578149123e-01 -3.293491534992395997e-02 -6.590831683061061652e-02 -8.637114247352489782e-01 -1.780135387170891014e-03 -5.039835507484031751e-01 -5.073799361073279890e+00
-5.037607626062234889e-01 3.666033939160698307e-02 8.630649454604099047e-01 5.259995540012766924e+01 1.670082520141252108e-02 9.993256623097805935e-01 -3.270019960756204852e-02 -1.240163161397638270e-01 -8.636817636054680003e-01 -2.059179787464280806e-03 -5.040333168728005075e-01 -5.594120137170345508e+00
-5.037346256910056885e-01 3.508250122870545246e-02 8.631457765020130735e-01 5.350222106224769192e+01 1.470451946324955947e-02 9.993784766255237040e-01 -3.203806386484626956e-02 -1.757806154948684529e-01 -8.637333015921128121e-01 -3.446537337611197196e-03 -5.039374153842725024e-01 -6.130338410475556721e+00
-5.042714540601004325e-01 3.456768169513226019e-02 8.628530364531182828e-01 5.437230021801065760e+01 1.469792370207963564e-02 9.993973118553143298e-01 -3.144811706076527935e-02 -2.243612711047996700e-01 -8.634201086036110695e-01 -3.176238718157966753e-03 -5.044756099962184326e-01 -6.602052163295814680e+00
-5.031541550646057015e-01 3.345427912477087762e-02 8.635488949348846255e-01 5.527308048244699279e+01 1.305621551219404014e-02 9.994306557796706070e-01 -3.111108321212985306e-02 -2.805768972604462119e-01 -8.640980521806962411e-01 -4.378989415291085173e-03 -5.033044746484161003e-01 -7.143816592916548913e+00
-5.019409160423362604e-01 3.232235972545365738e-02 8.642977313034975184e-01 5.618128621669893619e+01 1.277734419257505437e-02 9.994695190371061244e-01 -2.995696857710811525e-02 -3.351411326192364482e-01 -8.648075326945323660e-01 -3.993197752979731931e-03 -5.020876410740228168e-01 -7.660279254463699949e+00
-5.004827913450992094e-01 3.022703968677171657e-02 8.652186360014234578e-01 5.706031355764138624e+01 1.346212706529592053e-02 9.995411920728689559e-01 -2.713257192796574360e-02 -3.811116894499380625e-01 -8.656418191464281264e-01 -1.931701197980798717e-03 -5.006600873400770535e-01 -8.150409391181838714e+00
-4.976694859898078138e-01 2.902483902460605003e-02 8.668809767385207143e-01 5.796192552445888424e+01 1.390584582585523664e-02 9.995784932451959870e-01 -2.548456921892714236e-02 -4.368032735474683959e-01 -8.672552810849458726e-01 -6.281783181495338058e-04 -4.978633310966321113e-01 -8.674163426377822006e+00
-4.954545039570546483e-01 2.831981528421866762e-02 8.681721078971185168e-01 5.885197027338551834e+01 1.364213447337575373e-02 9.995988104116984019e-01 -2.482157057658649149e-02 -4.927635349303724488e-01 -8.685267636171101202e-01 -4.542373586396314692e-04 -4.956420767189385623e-01 -9.188915176207414603e+00
-4.930510631956359635e-01 2.854862107827739123e-02 8.695318347460173625e-01 5.976751374903265912e+01 1.390981553830458219e-02 9.995923855674866410e-01 -2.493150059821006709e-02 -5.456007536684278625e-01 -8.698891760446821886e-01 -1.974745109509010827e-04 -4.932471957433133269e-01 -9.703755785428260339e+00
-4.915277996562384399e-01 2.912739091860094484e-02 8.703746340283109451e-01 6.064750682644901758e+01 1.413141228764122626e-02 9.995756833653265394e-01 -2.547069661140637792e-02 -5.872880618548675935e-01 -8.707472296052283234e-01 -2.199317228788765552e-04 -4.917308486295525194e-01 -1.018764416289737440e+01
-4.929084166149899082e-01 3.016244106467244265e-02 8.695582247897363226e-01 6.152543345668252073e+01 1.361010955637829284e-02 9.995439551014766444e-01 -2.695638538024317313e-02 -6.369067857789105780e-01 -8.699747526435910316e-01 -1.452245602949847831e-03 -4.930941435976211040e-01 -1.067747563309092840e+01
-4.958043366971312538e-01 3.192930509778147546e-02 8.678470865068077522e-01 6.240138971960953285e+01 1.202202155809221386e-02 9.994804743472798236e-01 -2.990405278048697060e-02 -6.932374910212190100e-01 -8.683510483377983036e-01 -4.393281772303264492e-03 -4.959306096414564657e-01 -1.116271139229578679e+01
-4.999851108970713165e-01 3.263153533759541314e-02 8.654190073153671392e-01 6.327285126937415072e+01 1.096640833556157546e-02 9.994483198206796093e-01 -3.134954343545023892e-02 -7.425573571173311738e-01 -8.659645715239380204e-01 -6.183765856324904137e-03 -5.000671309808943921e-01 -1.165164265744569683e+01
-5.059530861993887241e-01 3.137202040287596916e-02 8.619902884829622192e-01 6.413294560309914516e+01 1.122406561419421640e-02 9.994932088209254051e-01 -2.978835090841374170e-02 -7.788549704000637952e-01 -8.624879750885745544e-01 -5.396471633389181288e-03 -5.060487964671311900e-01 -1.216850986829666859e+01
-5.106449305828412166e-01 2.900265465510335969e-02 8.593023842087185171e-01 6.500460396675893548e+01 1.352180909985862926e-02 9.995782013461284032e-01 -2.570175183964758595e-02 -8.511172024958640892e-01 -8.596853655351122114e-01 -1.505145565562645378e-03 -5.108217108076767987e-01 -1.268232271650978582e+01
-5.169330398306489771e-01 2.663343343879236505e-02 8.556114066986084676e-01 6.585621896324337854e+01 1.107443761887006405e-02 9.996403005456008239e-01 -2.442593573053531211e-02 -8.869200424439557251e-01 -8.559542050926682855e-01 -3.151157154544067997e-03 -5.170420507994628601e-01 -1.317982644375746126e+01
-5.216351836010011400e-01 2.913702207529164645e-02 8.526709541064245723e-01 6.672593634923093475e+01 1.225216374654470447e-02 9.995694370959191666e-01 -2.666129937659183352e-02 -9.488501446738809575e-01 -8.530806712593098640e-01 -3.460406746612186210e-03 -5.217675796071604699e-01 -1.369081180323009583e+01
-5.262527632526902144e-01 3.176809394393249192e-02 8.497345492934588185e-01 6.757096790542381370e+01 1.326507332418010859e-02 9.994869831336705701e-01 -2.915147253108959363e-02 -9.869264954740344375e-01 -8.502247225722520119e-01 -4.069250982407187668e-03 -5.264041940009837051e-01 -1.422543052342515502e+01
-5.309131448605184378e-01 3.183113846849065787e-02 8.468281987553839540e-01 6.837492218702449520e+01 1.157167232603780078e-02 9.994734376469532888e-01 -3.031408608029753302e-02 -1.039978297766666282e+00 -8.473472374427524212e-01 -6.294927477200270259e-03 -5.310019266819054895e-01 -1.472977097906584376e+01
-5.352564537951087775e-01 3.227545383652111188e-02 8.440727520761991398e-01 6.920657376295868346e+01 1.025629640374510661e-02 9.994444042198782352e-01 -3.171263528164980361e-02 -1.096945971690350907e+00 -8.446273431289945677e-01 -8.317331525886106219e-03 -5.352900953773859216e-01 -1.524282837435957205e+01
-5.384698703675981912e-01 3.124182087121172430e-02 8.420653979580910997e-01 7.004557266868818033e+01 1.044691245104973493e-02 9.994831619605227813e-01 -3.040182489018957573e-02 -1.150201817811161931e+00 -8.425800094772021298e-01 -7.573482367171501840e-03 -5.385179504082020507e-01 -1.576248803206986437e+01
-5.413459415164895150e-01 2.496589146598188549e-02 8.404292135651123541e-01 7.084832822109619599e+01 1.198743572417901131e-02 9.996866438176980063e-01 -2.197533927091940148e-02 -1.200562776811384902e+00 -8.407145083644624872e-01 -1.821668643688752285e-03 -5.414755856207256191e-01 -1.629767899375235629e+01
-5.429346178210284757e-01 1.684323050618143428e-02 8.396060347110413380e-01 7.167381432613794345e+01 1.265179365025915006e-02 9.998494288712811429e-01 -1.187651809613278139e-02 -1.229570210034856226e+00 -8.396796677562224920e-01 4.174350450883405547e-03 -5.430659658003635926e-01 -1.681576841367342823e+01
-5.447875577854640605e-01 1.430934652658337296e-02 8.384519942611536880e-01 7.251170166974083031e+01 1.327041662714163565e-02 9.998763086354621743e-01 -8.441768174101802955e-03 -1.258679217632192593e+00 -8.384690956987324029e-01 6.527638007003036709e-03 -5.449100644381469349e-01 -1.736167710852008383e+01
-5.458788205964089091e-01 1.937431231922653180e-02 8.376400996063722015e-01 7.333156684397521019e+01 1.326735217846510169e-02 9.998071490619401258e-01 -1.447902028942573208e-02 -1.296267308535885787e+00 -8.377590954959756031e-01 3.209476634959905570e-03 -5.460305943567806963e-01 -1.785976323255258436e+01
-5.472169132282150850e-01 2.412787795167023117e-02 8.366429839753177777e-01 7.408563188448134440e+01 1.301393201162775841e-02 9.997088537872239611e-01 -2.031859272787504486e-02 -1.347413255456962444e+00 -8.368896575537722038e-01 -2.306617641968759520e-04 -5.473715928367877126e-01 -1.838914080944497798e+01
-5.472150215703882603e-01 2.937374700438965050e-02 8.364764733178665645e-01 7.489518604316350547e+01 1.962802068892230412e-02 9.995595171012375824e-01 -2.226011101758340258e-02 -1.376090013026208148e+00 -8.367618970960226665e-01 4.237311348731194645e-03 -5.475505324029997789e-01 -1.893025727878981712e+01
-5.469815478135273690e-01 3.017478696786424913e-02 8.366006549360720523e-01 7.568364778748379251e+01 2.302420619625024020e-02 9.995143827015076088e-01 -2.099725370765801249e-02 -1.419472434059832588e+00 -8.368279893383212542e-01 7.776956637626650064e-03 -5.474106758070477197e-01 -1.942425771678906088e+01
-5.469137845345407589e-01 2.739716307676321946e-02 8.367405183166681804e-01 7.647563430196342438e+01 2.275104181838204231e-02 9.995816464068051355e-01 -1.785839369081296604e-02 -1.455407460621839233e+00 -8.368797487354542319e-01 9.269717847229588803e-03 -5.473082963684577917e-01 -1.996210535543027831e+01
-5.464796201411319387e-01 2.266161431775058285e-02 8.371657322442901394e-01 7.730420432678270970e+01 2.127877349499471618e-02 9.996868235262145186e-01 -1.317074909463051419e-02 -1.477981655163395747e+00 -8.372020365724321955e-01 1.061631505096854826e-02 -5.467906881169525279e-01 -2.048810240394200832e+01
-5.459648304761952620e-01 1.673147387599352789e-02 8.376410023904184987e-01 7.808092050078924728e+01 1.933191640079027010e-02 9.997859577412537835e-01 -7.369917217895222833e-03 -1.518132952942964797e+00 -8.375850359077298135e-01 1.216949126531101204e-02 -5.461714235632264547e-01 -2.097958420938311264e+01
-5.450073280219777105e-01 1.021571511078780969e-02 8.383690349500760863e-01 7.894605588359860349e+01 1.026380761229181600e-02 9.999321332172245169e-01 -5.512095392321877084e-03 -1.557341494347592725e+00 -8.383684620575126978e-01 5.600727083803949680e-03 -5.450751934410392741e-01 -2.151437208270629853e+01
-5.440385193333023839e-01 4.736585581471032536e-03 8.390468648482589664e-01 7.967405904198210465e+01 2.371386197284941922e-03 9.999887523201498318e-01 -4.107524442616098705e-03 -1.568575620236056345e+00 -8.390568976865181439e-01 -2.449464285090871638e-04 -5.440436336145613172e-01 -2.196208584988496781e+01
-5.421462477497566157e-01 5.377184357330657381e-03 8.402669332292956872e-01 8.047754625183289079e+01 5.202469118762523617e-03 9.999818383167408120e-01 -3.042588185390808324e-03 -1.592259527238842010e+00 -8.402680476761484885e-01 2.721935964426259753e-03 -5.421643772774776826e-01 -2.247616075287690762e+01
-5.388063571618623149e-01 7.934989775787062993e-03 8.423922675931545534e-01 8.127136378164186681e+01 9.736679432279533170e-03 9.999475047228462143e-01 -3.191372036364885107e-03 -1.631737906171494723e+00 -8.423733840727033462e-01 6.482572919827724219e-03 -5.388553340085258103e-01 -2.300701972176473120e+01
-5.338801092411812332e-01 1.156958135500653698e-02 8.454810232884834020e-01 8.206988990985372823e+01 1.107849086701329089e-02 9.999162696973469266e-01 -6.687347459388992728e-03 -1.660145521655433498e+00 -8.454876153607963074e-01 5.796412991391436745e-03 -5.339635819880511614e-01 -2.348809692471821720e+01
-5.260381108350979940e-01 1.337761665191217371e-02 8.503557680066997637e-01 8.280525372048136035e+01 1.636389955402879626e-02 9.998503833766346771e-01 -5.606569864292225945e-03 -1.668726077626109916e+00 -8.503035579218621853e-01 1.096586799185403534e-02 -5.261783179602125271e-01 -2.393422874749800755e+01
-5.174271625747564052e-01 1.660065251555487009e-02 8.555662081221342419e-01 8.364723129520967859e+01 2.414055603169698236e-02 9.996970625100578545e-01 -4.797574799182457821e-03 -1.709670315589858491e+00 -8.553866827401145345e-01 1.817144957685183290e-02 -5.176711646748685114e-01 -2.450989616394021553e+01
-5.074084522165084321e-01 1.611121817380465823e-02 8.615550346971098117e-01 8.445088836903400420e+01 2.261457283539214727e-02 9.997298013506834558e-01 -5.376369575186514503e-03 -1.737693468664835095e+00 -8.614088784821337663e-01 1.675568481745263669e-02 -5.076357006670273453e-01 -2.495213948510326318e+01
-4.964309513072628910e-01 1.291434361012936891e-02 8.679801361041989960e-01 8.530007471901080862e+01 1.859274452632381572e-02 9.998181410517518186e-01 -4.242009408743299334e-03 -1.757576842231490133e+00 -8.678770839549960758e-01 1.403226923860300020e-02 -4.965807852087968377e-01 -2.538353192147976500e+01
-4.857611092551393228e-01 1.054097259407184815e-02 8.740280423505351060e-01 8.607125268087679615e+01 2.017881767457098754e-02 9.997960315823241073e-01 -8.429208830316510959e-04 -1.779168611973812819e+00 -8.738586685843415802e-01 1.722739544166616843e-02 -4.858747349235777446e-01 -2.584745193490794790e+01
-4.741599454247321654e-01 9.562955014955744695e-03 8.803867797993124578e-01 8.689712978256294207e+01 2.035279395032571492e-02 9.997928552494339538e-01 1.016675581079616478e-04 -1.801495557200203601e+00 -8.802034553123194716e-01 1.796653853754607774e-02 -4.742563597721557445e-01 -2.626216299120281406e+01
-4.618942474291304889e-01 8.010338585640715270e-03 8.868988242620744478e-01 8.774570823590958923e+01 1.910836732275838362e-02 9.998169939139264217e-01 9.213829901786740753e-04 -1.825027635917280788e+00 -8.867291511575332574e-01 1.737277114324071656e-02 -4.619627837098796430e-01 -2.672879939487071965e+01
-4.494351202750223595e-01 1.014316594186362268e-02 8.932553803220666389e-01 8.858018668243249749e+01 2.312660636595853872e-02 9.997325039868095731e-01 2.837459569095940586e-04 -1.832996015115887056e+00 -8.930135754660732950e-01 2.078549212589761788e-02 -4.495494764345820404e-01 -2.711561152384953033e+01
