1 0 0 0 0 1 0 0 0 0 1 0
0.99993724 -0.0022824251 0.010968275 0.01038727 0.0022708523 0.99999685 0.0010674599 -0.010117077 -0.010970678 -0.0010424856 0.99993928 0.29160864
0.99983211 -0.0042003644 0.017835755 0.016324539 0.0041771293 0.99999038 0.0013397915 -0.014179713 -0.017841213 -0.0012650644 0.99984003 0.57665656
0.99977798 -0.0074789297 0.019698926 0.02681145 0.0074831744 0.99997199 -0.00014174578 -0.018528741 -0.019697316 0.00028912484 0.99980595 0.88331248
0.9998177 -0.0084309378 0.01713122 0.034211058 0.0084517324 0.99996363 -0.0011417685 -0.02029777 -0.017120972 0.0012863489 0.9998526 1.1739387
0.99987475 -0.011267704 0.011114429 0.03095829 0.011303199 0.9999312 -0.0031358671 -0.022861215 -0.011078331 0.003261103 0.99993332 1.501525
0.99992356 -0.012316481 -0.0010864182 0.02021524 0.01231159 0.99991453 -0.0044003638 -0.033446726 0.0011405224 0.004386652 0.99998973 1.8243005
0.99978561 -0.011776328 -0.017030715 -0.0084321512 0.011698089 0.99992059 -0.0046863981 -0.040832384 0.017084553 0.0044861666 0.99984398 2.1533191
0.99932762 -0.0076532981 -0.035857065 -0.04676352 0.0074741329 0.99995892 -0.0051280484 -0.044112047 0.035894841 0.0048566 0.99934377 2.4962994
0.99845491 -0.00398177 -0.055425115 -0.086739421 0.0036456237 0.99997435 -0.0061646642 -0.050267366 0.055448245 0.0059530802 0.99844382 2.8505294
0.99721525 -0.0033064341 -0.074503723 -0.12550713 0.0028408947 0.99997578 -0.0063536509 -0.055687698 0.074522933 0.0061243004 0.99720049 3.2076216
0.99531122 -0.0043192955 -0.096627702 -0.17907138 0.0037708799 0.99997574 -0.0058574493 -0.061304575 0.096650665 0.0054656136 0.99530336 3.5879802
0.99329559 -0.0054902216 -0.11547172 -0.23882181 0.0049394676 0.99997502 -0.0050552062 -0.069737798 0.1154966 0.0044509452 0.9932979 3.9765128
0.99109703 -0.0047520393 -0.13305675 -0.31026279 0.0042089279 0.99998163 -0.0043627721 -0.079595805 0.13307505 0.0037639042 0.99109882 4.3721394
0.98877669 -0.0038678233 -0.14935093 -0.38765561 0.0033082193 0.99998655 -0.0039951635 -0.085452043 0.14936439 0.0034562388 0.98877618 4.7876994
0.98672715 -0.0031851665 -0.1623557 -0.47410381 0.0025848807 0.99998902 -0.0039084537 -0.091252635 0.16236638 0.0034369072 0.98672456 5.2022183
0.98461133 -0.0045398918 -0.17469951 -0.56058766 0.0037313574 0.99998076 -0.004956327 -0.098638626 0.17471867 0.0042281893 0.98460932 5.6342185
0.98292134 -0.0074560913 -0.18387507 -0.65830212 0.0062840326 0.99995606 -0.006956105 -0.11377632 0.18391887 0.0056818271 0.98292501 6.0906891
0.9812412 -0.0066600693 -0.192669 -0.74964519 0.0051107946 0.9999505 -0.0085370125 -0.12316463 0.19271634 0.0073921767 0.98122667 6.5285894
0.97971654 -0.0068610734 -0.20027087 -0.85832973 0.0048103746 0.99993092 -0.010724456 -0.12211226 0.20033064 0.0095435491 0.97968187 7.0055109
0.97818894 -0.0069406735 -0.20760111 -0.96695087 0.004326054 0.99990554 -0.013045787 -0.13359288 0.20767207 0.011863151 0.97812657 7.4844187
0.97640967 -0.010784247 -0.2156568 -1.0953832 0.0077490882 0.99985874 -0.01491462 -0.14528519 0.2157872 0.012891636 0.97635531 7.9948473
0.97444007 -0.016756694 -0.22402179 -1.2075794 0.01351278 0.99978059 -0.016005692 -0.16485014 0.22424086 0.01256943 0.97445269 8.5056032
0.97263216 -0.017242432 -0.2317097 -1.3377728 0.013340746 0.99974179 -0.018395178 -0.18742855 0.23196706 0.014800561 0.97261104 9.0219739
0.97057658 -0.013648493 -0.24040554 -1.4873667 0.0084683904 0.99970946 -0.022567312 -0.19281436 0.24064372 0.019867457 0.97041017 9.5658672
0.96852182 -0.01098006 -0.2486864 -1.639491 0.0046992378 0.99965516 -0.02583559 -0.21008683 0.24888434 0.023853696 0.96823943 10.096972
0.96611993 -0.013323883 -0.25774938 -1.7965672 0.0063655036 0.99959289 -0.027812363 -0.23173933 0.25801504 0.025229374 0.96581143 10.652535
0.96400212 -0.015340264 -0.26545165 -1.9616373 0.0077701406 0.99953326 -0.029544635 -0.2630168 0.265781 0.026418495 0.96367138 11.226859
0.96177843 -0.015456119 -0.27339232 -2.1342019 0.006827624 0.99944893 -0.032484236 -0.28600198 0.27374377 0.029376017 0.96135394 11.791781
0.95935514 -0.014429823 -0.28183239 -2.3232041 0.0044889963 0.99934581 -0.035886016 -0.31008359 0.28216587 0.03316229 0.95879231 12.387587
0.95707148 -0.015676174 -0.28942778 -2.5088881 0.00404266 0.99916123 -0.040749064 -0.33862794 0.28982383 0.03782971 0.95633209 12.950728
0.95522087 -0.016408942 -0.29543837 -2.7162928 0.0023342338 0.99884797 -0.047929894 -0.37966935 0.29588452 0.045094014 0.95415873 13.579029
0.95389058 -0.016678335 -0.29969083 -2.9255888 -0.00022115824 0.9984157 -0.056267561 -0.41564077 0.3001545 0.053739376 0.95237564 14.21365
0.95273737 -0.01723752 -0.30330571 -3.1268561 -0.0025890312 0.99789199 -0.06484497 -0.46088958 0.30378413 0.062565495 0.95068437 14.825938
0.95128102 -0.016448484 -0.30788613 -3.3560054 -0.0066469877 0.99724985 -0.073814307 -0.50723715 0.30825355 0.072264665 0.94855552 15.460823
0.95002801 -0.015600152 -0.31177462 -3.579978 -0.010209234 0.99666353 -0.080978879 -0.56627014 0.3119977 0.080115185 0.946699 16.112822
0.94836074 -0.014649973 -0.31685528 -3.8190508 -0.013860322 0.99606474 -0.087538088 -0.62923295 0.31689083 0.087409404 0.94442565 16.773031
0.94687927 -0.013170932 -0.32131943 -4.0567493 -0.017810311 0.99547975 -0.093289128 -0.69762549 0.32109571 0.094056342 0.94236456 17.441653
0.94540496 -0.011162282 -0.32570671 -4.3040129 -0.022231549 0.99487628 -0.098625248 -0.77336771 0.32513879 0.10048177 0.94031282 18.112193
0.94346212 -0.0087521946 -0.33136478 -4.5788196 -0.026498115 0.99446095 -0.10171172 -0.84911702 0.33041956 0.1047417 0.93800432 18.806206
0.9419002 -0.008151772 -0.33579392 -4.823571 -0.028190406 0.99425995 -0.1032107 -0.92877461 0.33470783 0.10668035 0.93626384 19.505345
0.93958962 -0.0069328884 -0.34223277 -5.1075885 -0.029890959 0.99431393 -0.10220734 -1.0186184 0.34099543 0.10626262 0.93403982 20.230044
0.93734117 -0.0075362991 -0.34833135 -5.3942345 -0.029493341 0.99446128 -0.10088061 -1.0984374 0.34716234 0.104833 0.93192723 20.942814
0.93479733 -0.0067365915 -0.35511766 -5.6711889 -0.030459966 0.9946162 -0.099049469 -1.1859802 0.35387307 0.10340805 0.92955938 21.664882
0.9318599 -0.0066600199 -0.36275715 -5.958936 -0.030173281 0.99494544 -0.09577654 -1.2704637 0.36156148 0.10019589 0.92694881 22.367446
0.92815153 -0.0029081608 -0.37219116 -6.3058271 -0.033150592 0.99534942 -0.090446548 -1.354554 0.37072332 0.096286461 0.92373868 23.186424
0.92504406 -0.0013381732 -0.37985746 -6.6062202 -0.033495911 0.99581105 -0.085078644 -1.4363094 0.37838014 0.091425167 0.92112427 23.909611
0.92158565 0.00071090091 -0.3881744 -6.9473515 -0.034814581 0.99611963 -0.080830866 -1.5087682 0.38661071 0.088006697 0.91803431 24.654243
0.9177233 0.0015343822 -0.39721729 -7.2841527 -0.035915162 0.99621716 -0.079129487 -1.5852219 0.3955933 0.086885098 0.91430681 25.39426
0.91399672 0.0031882637 -0.40570903 -7.6436565 -0.038237439 0.99619516 -0.078314152 -1.6618812 0.40391571 0.087092154 0.91064102 26.157558
0.91004693 0.0039009245 -0.41448686 -7.9943941 -0.039472283 0.99622703 -0.077289351 -1.732762 0.41262155 0.08669768 0.90676733 26.88983
0.9059382 0.0038671238 -0.42339226 -8.3958484 -0.039534739 0.99636232 -0.075492572 -1.8068638 0.4215602 0.085130308 0.90279557 27.678817
0.9021772 0.0033196823 -0.43135282 -8.7792341 -0.038645604 0.99657134 -0.07315793 -1.8777208 0.42963104 0.082671308 0.89921223 28.48097
0.89893529 0.0046984787 -0.43805622 -9.1806911 -0.038821323 0.99686288 -0.068973146 -1.9515906 0.43635795 0.079008318 0.89629763 29.258454
0.89476462 0.0059994388 -0.44649778 -9.5852248 -0.038339624 0.99724948 -0.063431444 -2.0151973 0.44488917 0.07387477 0.89253356 30.063952
0.89129768 0.0052388223 -0.45338833 -9.9955714 -0.036063541 0.99758446 -0.059368931 -2.0813263 0.45198217 0.06926618 0.88933365 30.86276
0.8874542 0.0037314047 -0.46088079 -10.448522 -0.033962482 0.9977781 -0.057318577 -2.1498749 0.45964292 0.066520269 0.88560909 31.687308
0.88368629 0.005229964 -0.46805038 -10.884312 -0.035656045 0.99778434 -0.056169977 -2.2117008 0.46671961 0.066325465 0.88191482 32.475817
0.88125846 0.0042072135 -0.47261592 -11.330115 -0.033888044 0.99794917 -0.054305275 -2.2650374 0.47141823 0.063873012 0.87959372 33.300349
0.87828848 0.0029053525 -0.47812224 -11.803493 -0.032186696 0.99807244 -0.053060593 -2.3304303 0.47704651 0.061991684 0.87668904 34.165981
0.87516896 0.0015027624 -0.48381506 -12.263633 -0.030882278 0.99812946 -0.052762429 -2.3865787 0.48283081 0.061117353 0.87357833 34.978637
0.87314904 0.0011999412 -0.48745183 -12.745447 -0.03100483 0.99810879 -0.053080451 -2.445643 0.48646631 0.061460507 0.87153494 35.818213
0.87156754 0.0019541861 -0.49027155 -13.25942 -0.032401295 0.99803546 -0.053622463 -2.5107476 0.48920364 0.062621032 0.86991863 36.692367
0.87130829 0.0018264785 -0.49073263 -13.74515 -0.031796487 0.99810191 -0.05274059 -2.5683468 0.48970488 0.061556888 0.86971254 37.532526
0.8707105 0.0015064246 -0.49179359 -14.265658 -0.030611227 0.9982223 -0.051138869 -2.6313471 0.49084234 0.059581556 0.86920876 38.452311
0.87053563 0.00086092989 -0.49210461 -14.779202 -0.0295189 0.99828911 -0.050472592 -2.6975795 0.49121926 0.058464577 0.86907166 39.343243
0.87019705 -0.0010383863 -0.49270275 -15.30171 -0.02777434 0.99830428 -0.051158173 -2.7600266 0.49192042 0.058202185 0.86869259 40.240942
0.86898387 -0.0028433593 -0.49483222 -15.831355 -0.026323795 0.99830196 -0.051964042 -2.8264742 0.49413977 0.058181777 0.86743345 41.160017
0.86815238 -0.0039990389 -0.49628161 -16.358383 -0.024012818 0.99845793 -0.050051533 -2.8872775 0.49571651 0.055369479 0.86671759 42.079909
0.86576519 -0.0040571471 -0.50043397 -16.89817 -0.022129606 0.99867865 -0.046381398 -2.9501996 0.49996094 0.051229807 0.86453143 43.007061
0.86307539 -0.0023705998 -0.50506954 -17.442725 -0.021805192 0.99888176 -0.041949613 -3.0213272 0.50460423 0.047218817 0.86205857 43.933191
0.85896248 -0.0051141282 -0.51201296 -17.984696 -0.017756906 0.99905114 -0.039768115 -3.0787122 0.51173056 0.043251085 0.85805664 44.810297
0.85449212 -0.0068542069 -0.51941912 -18.520909 -0.017613477 0.99895569 -0.042157911 -3.142083 0.51916569 0.04517238 0.85347904 45.73156
0.84927754 -0.010857487 -0.52783497 -19.118807 -0.015519294 0.99884304 -0.045516334 -3.2021766 0.52771852 0.046847627 0.84812646 46.612182
0.84315292 -0.010079431 -0.53757933 -19.714688 -0.016875542 0.9988356 -0.045195851 -3.2625831 0.53740897 0.047178957 0.84200105 47.51795
0.83706989 -0.0075187725 -0.54704428 -20.304949 -0.017323919 0.99903986 -0.040239673 -3.3195069 0.54682164 0.04316037 0.83613593 48.412393
0.83206853 -0.0054189556 -0.55464634 -20.902694 -0.016641321 0.99925825 -0.034727813 -3.3794851 0.55442317 0.038125969 0.83136117 49.27684
0.82825173 -0.0033268034 -0.5603463 -21.51767 -0.020537836 0.99913027 -0.036288999 -3.4365874 0.55997973 0.041564727 0.82746305 50.171237
0.82440233 -0.0061234989 -0.56597109 -22.13518 -0.020736984 0.99894336 -0.041013835 -3.4901097 0.56562426 0.045548435 0.82340425 51.025023
0.8221042 -0.0072787513 -0.56929051 -22.742531 -0.02427511 0.99856082 -0.047822585 -3.5595097 0.56881934 0.053134738 0.82074435 51.888246
0.817991 -0.007902232 -0.57517671 -23.34664 -0.025164804 0.99845676 -0.049505862 -3.6201004 0.57468033 0.054969559 0.81652979 52.746076
0.81539382 -0.0060493726 -0.57887503 -23.992868 -0.025198518 0.99862679 -0.045930085 -3.6897386 0.578358 0.052037901 0.81412168 53.588838
0.81165707 -0.0047285628 -0.58411506 -24.607006 -0.022903029 0.9989407 -0.039911585 -3.744964 0.58368508 0.045772525 0.81068898 54.471521
0.80927291 -0.003149978 -0.58742438 -25.255731 -0.022812187 0.9990628 -0.036784836 -3.8064477 0.58698977 0.043169407 0.8084426 55.340807
0.80756769 -0.0027897223 -0.58976827 -25.893569 -0.023979018 0.99900664 -0.037559887 -3.8595691 0.58928725 0.044474215 0.80669859 56.195576
0.80408916 -0.0039302908 -0.59449571 -26.561847 -0.024234592 0.99893027 -0.039382719 -3.9169969 0.5940146 0.046074579 0.80313375 57.082093
0.79959565 -0.0054194717 -0.60051427 -27.214128 -0.024623106 0.99882253 -0.041800201 -3.9804604 0.60003377 0.048209786 0.79852071 57.916362
0.79580611 -0.0065579828 -0.60551598 -27.87289 -0.023854274 0.99882571 -0.042168428 -4.0369372 0.60508152 0.048002037 0.79471516 58.753608
0.79054915 -0.0079159301 -0.6123474 -28.531886 -0.021913342 0.99891044 -0.041203536 -4.0969122 0.61200643 0.045991999 0.78951434 59.613728
0.78690471 -0.006305651 -0.61704228 -29.211596 -0.02373149 0.9988988 -0.040472311 -4.15874 0.61661805 0.046491186 0.78588853 60.465216
0.78153252 -0.0096967526 -0.62378912 -29.884249 -0.020692743 0.99892612 -0.041453737 -4.2205942 0.62352126 0.045305352 0.7804926 61.32078
0.77600715 -0.010003186 -0.63064476 -30.577873 -0.021400677 0.99888091 -0.042177579 -4.2808563 0.63036097 0.046226328 0.77492465 62.131227
0.77111501 -0.010293594 -0.63661264 -31.27116 -0.022305054 0.99881881 -0.043167844 -4.3429701 0.63630509 0.047487052 0.76997458 62.948243
0.76520375 -0.011535729 -0.64368479 -32.000367 -0.022002554 0.99878674 -0.044055987 -4.4052615 0.64341211 0.047874516 0.76402155 63.805621
0.75915865 -0.014559905 -0.65074275 -32.699831 -0.019727769 0.99877583 -0.045361376 -4.4646516 0.65060664 0.047274184 0.75794207 64.58668
0.75192645 -0.012831404 -0.65912209 -33.467161 -0.02264258 0.99871801 -0.045273111 -4.5392382 0.65885807 0.048966274 0.75067195 65.432969
0.74673422 -0.015185887 -0.66494914 -34.179982 -0.018784845 0.99885901 -0.043906884 -4.5933806 0.66485726 0.04527774 0.74559693 66.244018
0.74122886 -0.016071509 -0.67105995 -34.93175 -0.017066241 0.99893897 -0.042774787 -4.6583133 0.67103544 0.043158377 0.74016811 67.047601
0.73462353 -0.015701484 -0.67829322 -35.719605 -0.018736302 0.99888142 -0.043414922 -4.7301338 0.67821623 0.04460233 0.73350761 67.884861
0.72720694 -0.019951585 -0.68612824 -36.494123 -0.015184782 0.99886528 -0.045139409 -4.7934654 0.68625034 0.0432444 0.72607881 68.682043
0.72140581 -0.018131601 -0.69227514 -37.253623 -0.018368342 0.99880448 -0.045301283 -4.8556946 0.69226896 0.045396555 0.72021031 69.421577
0.71654153 -0.016210866 -0.69735601 -38.072348 -0.020444192 0.99881238 -0.044225222 -4.9269226 0.6972448 0.045946089 0.71535913 70.269312
0.71149879 -0.016976926 -0.70248218 -38.862755 -0.019899751 0.99882034 -0.044293717 -4.9847447 0.70240552 0.045494147 0.71032163 71.067206
0.70570574 -0.017163368 -0.7082971 -39.660806 -0.020585241 0.99878779 -0.044712429 -5.0538899 0.70820597 0.046134284 0.70449696 71.879057
0.70118401 -0.019511387 -0.7127133 -40.51764 -0.020288167 0.99867468 -0.047299896 -5.1295439 0.71269167 0.047625577 0.69985886 72.691831
0.69694774 -0.021573617 -0.71679731 -41.340189 -0.020524968 0.9985378 -0.050009815 -5.1934839 0.71682817 0.049566469 0.69548587 73.452235
0.69185225 -0.02231303 -0.72169422 -42.192943 -0.021230621 0.99846156 -0.051222738 -5.2655667 0.72172694 0.050760584 0.69031416 74.265375
0.68609723 -0.021628345 -0.72718825 -43.02731 -0.021089878 0.9985466 -0.049597358 -5.3394886 0.72720413 0.049364922 0.68464392 75.052222
0.6825107 -0.021335554 -0.7305641 -43.872706 -0.020582949 0.99861628 -0.048392897 -5.4121998 0.73058575 0.048065833 0.68112714 75.835534
0.67746238 -0.022939793 -0.7351996 -44.766635 -0.01896627 0.99863646 -0.04863638 -5.4880183 0.7353129 0.046893312 0.67610355 76.605744
0.6730546 -0.022118393 -0.73926195 -45.611037 -0.020843145 0.99858844 -0.048853785 -5.5629021 0.73929907 0.048289809 0.67164353 77.37933
0.66725755 -0.025018749 -0.74440672 -46.504253 -0.016938813 0.99866749 -0.048747492 -5.6296159 0.74463446 0.045136499 0.66594464 78.161927
0.66380392 -0.025648536 -0.74746669 -47.408636 -0.016020352 0.99869487 -0.048496386 -5.7021281 0.74773508 0.044166771 0.66252668 78.960912
0.66089411 -0.028844366 -0.74992461 -48.284798 -0.012671404 0.99868979 -0.049579689 -5.7740279 0.75037221 0.042269523 0.6596627 79.683857
0.65646529 -0.031988517 -0.75367766 -49.22742 -0.01151935 0.99855892 -0.052415606 -5.8616727 0.75426831 0.043090903 0.65515078 80.496399
0.6509292 -0.036879356 -0.75824207 -50.089409 -0.0067460564 0.99849882 -0.054356253 -5.9246802 0.7591085 0.040497216 0.64970325 81.255541
0.64539486 -0.041021501 -0.76274679 -51.02656 -0.0008520952 0.99851763 -0.054422555 -6.0122084 0.76384868 0.03577397 0.64440319 82.035013
0.63605264 -0.043374386 -0.77042563 -51.960573 0.0019762488 0.99850725 -0.054583647 -6.1009045 0.77164317 0.03319552 0.63518889 82.786545
0.62894462 -0.0458144 -0.776099 -52.901066 0.0068449368 0.9985498 -0.053398953 -6.176749 0.77742001 0.028272635 0.62834612 83.574493
0.61899481 -0.04503133 -0.78410303 -53.848661 0.0084878961 0.99868019 -0.050653973 -6.2510142 0.78534924 0.024699161 0.61856008 84.325633
0.61001003 -0.04417748 -0.79116121 -54.85567 0.0071626488 0.99871128 -0.050244198 -6.3388656 0.79236135 0.024982655 0.60954033 84.982078
0.60229887 -0.044958723 -0.79700359 -55.795197 0.0047181915 0.99859582 -0.05276492 -6.4106793 0.79825676 0.028019836 0.60166526 85.742442
0.59246548 -0.047053624 -0.80422047 -56.784598 0.0058602648 0.99851809 -0.054104429 -6.4956164 0.80557456 0.027342062 0.59186324 86.469871
0.58303295 -0.048406672 -0.81100513 -57.77161 0.0049975132 0.99841825 -0.056000127 -6.5705821 0.81243317 0.02859691 0.58235266 87.166633
0.576569 -0.050354243 -0.8154953 -58.755387 0.0097391166 0.99845175 -0.054765501 -6.6486167 0.81699045 0.023633886 0.57616673 87.857562
0.56319343 -0.049212453 -0.82485831 -59.837127 0.0094777177 0.99854403 -0.053103681 -6.7415622 0.82627077 0.02208987 0.56283986 88.560794
0.55270638 -0.049680374 -0.8318939 -60.855763 0.0098990209 0.99854249 -0.053055698 -6.8269487 0.8333173 0.021089288 0.55239259 89.249643
0.54326159 -0.051037313 -0.83801073 -61.895435 0.0095560786 0.9984618 -0.054614285 -6.9050377 0.83950913 0.021661747 0.54291366 89.904836
0.53296573 -0.05228816 -0.84451964 -62.951636 0.0093890647 0.99839279 -0.055889845 -6.9865933 0.84608477 0.021858123 0.53260008 90.560996
0.52385618 -0.052898329 -0.85016258 -64.01579 0.0075907255 0.99832012 -0.057439623 -7.0732794 0.85177294 0.02363675 0.5233777 91.193217
0.51439157 -0.052629367 -0.8559389 -65.087645 0.0067034279 0.99833128 -0.057356145 -7.1627315 0.85752926 0.023765793 0.51388599 91.820633
0.50373973 -0.049124213 -0.86245755 -66.193547 0.0027884918 0.99846907 -0.055242525 -7.2626499 0.86385101 0.025422899 0.50310553 92.536535
0.49721832 -0.047940526 -0.86629994 -67.265656 0.0042955707 0.99859607 -0.052796246 -7.347065 0.86761486 0.022530008 0.49672619 93.112835
0.48943069 -0.049672339 -0.87062632 -68.384115 0.0071374769 0.99857115 -0.052959648 -7.4236371 0.87201303 0.019706002 0.4890859 93.729303
0.48249479 -0.05211054 -0.8743473 -69.524327 0.007602319 0.99844022 -0.055311179 -7.5175571 0.87586588 0.020040288 0.48213837 94.3213
0.47523265 -0.054829377 -0.8781501 -70.600637 0.0093790451 0.99831545 -0.057256481 -7.5975322 0.87981022 0.01897394 0.47494635 94.882574
0.46780361 -0.058572083 -0.88188946 -71.739222 0.011461668 0.99811982 -0.060211794 -7.6967271 0.88375815 0.018059371 0.46759539 95.525014
0.46370383 -0.061735199 -0.88383678 -72.905265 0.012677809 0.99792965 -0.063053086 -7.7952525 0.8858996 0.018032843 0.46352647 96.104198
0.45906154 -0.06241533 -0.88620921 -73.998343 0.014758755 0.99792715 -0.062638455 -7.8913295 0.88828191 0.015675561 0.45903115 96.670538
0.45490515 -0.060337529 -0.88849346 -75.109464 0.016727608 0.99810499 -0.05921677 -7.9908254 0.89038282 0.012075643 0.4550524 97.281013
0.45002804 -0.058890102 -0.89107051 -76.221005 0.021099411 0.99824588 -0.055317143 -8.0835963 0.89276517 0.0060932023 0.45048118 97.792207
0.44744775 -0.058637686 -0.8923856 -77.354961 0.023356765 0.99827398 -0.053884268 -8.1739569 0.89400505 0.0032671532 0.44804504 98.384679
0.4459116 -0.058519216 -0.89316196 -78.447424 0.023684413 0.99828252 -0.053582171 -8.2609852 0.89476363 0.0027388946 0.44653175 98.928815
0.44527392 -0.05736179 -0.89355509 -79.592938 0.025537653 0.99835346 -0.051363471 -8.3545009 0.89503019 5.1513632e-05 0.44600564 99.488893
0.44020768 -0.057130497 -0.89607658 -80.692491 0.028112787 0.99836143 -0.049841075 -8.4379016 0.89745581 -0.0032507866 0.44109247 100.03227
0.44025026 -0.057807572 -0.89601223 -81.804098 0.030216594 0.99831391 -0.049560975 -8.5272084 0.89736655 -0.0052552068 0.44125471 100.57214
0.43695443 -0.058437533 -0.89758332 -82.944325 0.032734673 0.99825944 -0.049056459 -8.6101746 0.89888783 -0.0079466608 0.43810682 101.11093
0.43505013 -0.056349583 -0.89864122 -83.977967 0.033509616 0.99836166 -0.046379912 -8.6915351 0.89978251 -0.009935536 0.43622562 101.64413
0.43380271 -0.056683248 -0.89922308 -85.084985 0.037342898 0.9982927 -0.044913241 -8.7735602 0.90023374 -0.014096111 0.43517879 102.1623
0.43129668 -0.057227805 -0.90039329 -86.142557 0.038912443 0.99823751 -0.044807237 -8.8519019 0.90137066 -0.015711291 0.4327634 102.66323
0.42971475 -0.057073118 -0.90115916 -87.198364 0.037159238 0.99827278 -0.045504357 -8.9263083 0.90219981 -0.013932495 0.43109333 103.21917
0.42949879 -0.060511257 -0.9010378 -88.253825 0.041786265 0.99801551 -0.047105709 -9.0145065 0.9021002 -0.01741916 0.43117499 103.66958
0.43000353 -0.060267673 -0.90081335 -89.291777 0.0395341 0.99806932 -0.047902835 -9.0862043 0.90196124 -0.015014457 0.43155597 104.16345
0.43206181 -0.05919797 -0.89989895 -90.347061 0.035595954 0.99818514 -0.048573102 -9.1688798 0.90114127 -0.01104618 0.43338489 104.62307
0.43586126 -0.05954526 -0.8980419 -91.344043 0.034268987 0.99818342 -0.049552886 -9.2523861 0.89936125 -0.0091768031 0.43711005 105.14787
0.44103086 -0.060367156 -0.89545939 -92.3545 0.033708319 0.99814553 -0.050687724 -9.332118 0.89685874 -0.0078295817 0.44224786 105.63226
0.44774428 -0.059649253 -0.8921698 -93.35971 0.031314744 0.99820641 -0.051023101 -9.4080081 0.89361318 -0.0050927679 0.44880911 106.13199
0.45193375 -0.058496399 -0.89013145 -94.364982 0.030419599 0.99827788 -0.050158905 -9.4883369 0.89153273 -0.0044089398 0.45293491 106.64063
0.46187796 -0.058332363 -0.88502318 -95.363529 0.031109031 0.99828643 -0.049562354 -9.5665863 0.88639779 -0.0046404551 0.46290116 107.1388
0.4711789 -0.05746083 -0.88016398 -96.351905 0.030061399 0.9983422 -0.049083212 -9.6387892 0.88152528 -0.0033319873 0.47212513 107.64648
0.48172769 -0.056818041 -0.87447703 -97.296019 0.029010112 0.99838289 -0.048887718 -9.7103713 0.87584069 -0.0018181097 0.48259698 108.17774
0.49102506 -0.056989369 -0.86927932 -98.242897 0.027005628 0.9983741 -0.050198215 -9.7797304 0.87072679 0.0011731476 0.49176574 108.69341
0.49944427 -0.058383401 -0.8643765 -99.201343 0.025213016 0.9982836 -0.052859715 -9.8600708 0.86597909 0.0046069424 0.50005905 109.24118
0.51253046 -0.059304315 -0.85661862 -100.1354 0.02461663 0.9982169 -0.054378689 -9.9413412 0.85831615 0.0067836706 0.51307644 109.80186
0.52455592 -0.057040944 -0.84946298 -101.05829 0.021799409 0.99832582 -0.053575541 -10.022453 0.8510969 0.0095855759 0.52492118 110.37298
0.53717186 -0.05590508 -0.84161806 -101.98954 0.022277281 0.99839335 -0.052100274 -10.096561 0.84317862 0.0092378384 0.53755422 110.93643
0.54888416 -0.052583638 -0.83424282 -102.85397 0.018731767 0.99854255 -0.050615275 -10.162425 0.83568856 0.01215508 0.54906917 111.51944
0.56055488 -0.053387819 -0.82639452 -103.77408 0.021919291 0.99852662 -0.049639963 -10.243753 0.82782717 0.0097119413 0.5608992 112.10176
0.57222654 -0.052680422 -0.81840179 -104.63484 0.019898944 0.99853277 -0.050362088 -10.311544 0.81985418 0.012533192 0.57243524 112.71479
0.58298283 -0.05257335 -0.81078173 -105.47887 0.018687827 0.99850797 -0.051308787 -10.381804 0.81226956 0.014760392 0.58309548 113.30882
0.5919476 -0.055785155 -0.80404353 -106.31795 0.022341488 0.99835418 -0.052818474 -10.459765 0.80566678 0.013302239 0.59221968 113.93545
0.60290397 -0.05424827 -0.79596726 -107.1367 0.021448497 0.99842709 -0.051800572 -10.536263 0.79752543 0.014158469 0.6031192 114.54929
0.61358142 -0.051981188 -0.78791861 -107.96227 0.020078579 0.99853531 -0.050240225 -10.607582 0.78937617 0.015006182 0.61372643 115.19342
0.62334641 -0.05074479 -0.78029748 -108.75501 0.022093721 0.99863663 -0.047294226 -10.675971 0.78163365 0.012241011 0.62361771 115.81484
0.63318149 -0.049705228 -0.77240568 -109.56978 0.022001555 0.99868845 -0.046230966 -10.743902 0.77369062 0.012278465 0.63344464 116.44422
0.64222144 -0.049345637 -0.76492913 -110.30779 0.02037253 0.99867201 -0.04731998 -10.816926 0.76624841 0.014806363 0.64237387 117.06596
0.65317036 -0.047735575 -0.7557048 -111.09695 0.017199218 0.99868872 -0.048218512 -10.880038 0.75701566 0.018497371 0.65313489 117.73149
0.6613347 -0.046453726 -0.74865106 -111.80514 0.015205962 0.99870563 -0.048537121 -10.948641 0.74993682 0.020715323 0.66118506 118.38596
0.67032207 -0.046101303 -0.74063685 -112.53947 0.017687916 0.99877741 -0.046160733 -11.01616 0.74185949 0.017842236 0.67031798 119.03816
0.6795669 -0.044277459 -0.7322761 -113.2603 0.017331623 0.99886735 -0.044312945 -11.079504 0.73340882 0.017422077 0.67956459 119.70626
0.688005 -0.043864096 -0.72437906 -113.94895 0.01826156 0.998902 -0.043143005 -11.142969 0.72547618 0.016454312 0.68805059 120.36106
0.6955057 -0.042971773 -0.71723441 -114.65962 0.01703709 0.99891566 -0.043327235 -11.204571 0.71831859 0.017914751 0.69548365 121.01867
0.70320234 -0.04038389 -0.70984193 -115.33611 0.014566528 0.99899436 -0.042403895 -11.260764 0.71084057 0.019478586 0.70308343 121.65792
0.71010008 -0.038201576 -0.70306364 -115.98748 0.013975759 0.99909507 -0.040171071 -11.316445 0.70396207 0.018699632 0.70999138 122.33103
0.71787834 -0.036024128 -0.69523586 -116.62959 0.01358628 0.99919503 -0.037745225 -11.373549 0.69603602 0.01765081 0.71778991 122.98309
0.72533888 -0.035104004 -0.68749631 -117.2778 0.013512452 0.99923257 -0.036765228 -11.429775 0.68825937 0.017377488 0.72525657 123.65138
0.73231687 -0.033673795 -0.6801309 -117.89358 0.012526704 0.99927375 -0.03598693 -11.48844 0.68084883 0.017834038 0.73220684 124.3368
0.74028872 -0.031147091 -0.67156715 -118.49724 0.010211015 0.99933189 -0.035092815 -11.536164 0.67221156 0.019121433 0.74011217 124.96699
0.74879638 -0.02880874 -0.6621737 -119.09441 0.0099696383 0.99943147 -0.032207761 -11.586459 0.66272515 0.017515423 0.74865788 125.65961
0.75840433 -0.024551193 -0.65132179 -119.66396 0.0071395133 0.99954329 -0.029363892 -11.622456 0.6517453 0.017619582 0.75823324 126.29505
0.76811304 -0.022088152 -0.63993316 -120.24869 0.005590871 0.9995981 -0.027791737 -11.677045 0.64028989 0.017769411 0.76792782 127.01135
0.77801917 -0.021918104 -0.62785805 -120.76465 0.0046055955 0.99956336 -0.029186999 -11.714197 0.62822368 0.019816385 0.7777804 127.65143
0.78758501 -0.022329544 -0.61580127 -121.30184 0.0045522944 0.99952679 -0.030421597 -11.766816 0.61618922 0.021156285 0.78731397 128.32839
0.79737137 -0.021706403 -0.60309842 -121.81281 0.004612355 0.99954294 -0.029876919 -11.810057 0.60347134 0.021041296 0.79710705 128.99281
0.80737743 -0.020227406 -0.58968849 -122.31215 0.0040724891 0.99957944 -0.028711538 -11.840361 0.5900213 0.020779548 0.80712025 129.67818
0.81726643 -0.018354993 -0.57596757 -122.79931 0.003834651 0.99964369 -0.026415588 -11.877589 0.57624726 0.019379939 0.81704562 130.36786
0.82633843 -0.017083366 -0.56291468 -123.27805 0.0042882144 0.9997017 -0.02404406 -11.921209 0.56315756 0.017454632 0.82616519 131.07327
0.83545323 -0.015708052 -0.54933699 -123.75348 0.0047708274 0.99976106 -0.021332071 -11.953455 0.54954087 0.015201155 0.83532855 131.78326
0.84364129 -0.014843308 -0.53670199 -124.19863 0.0054525261 0.99980309 -0.019080253 -11.985756 0.53687956 0.013170507 0.8435561 132.4936
0.85052795 -0.015242838 -0.52570889 -124.63943 0.0069311939 0.99981797 -0.017775788 -12.016313 0.52588419 0.011475014 0.85047878 133.20888
0.85677669 -0.01516009 -0.5154647 -125.056 0.0072476475 0.99982306 -0.017358692 -12.047178 0.5156367 0.011136616 0.85673496 133.90984
0.86352054 -0.014278655 -0.50411147 -125.46685 0.0066244607 0.99983402 -0.016972292 -12.073334 0.50427018 0.011316456 0.8634718 134.62924
0.86989652 -0.012697767 -0.49307078 -125.90376 0.0053379177 0.99985239 -0.01633124 -12.105413 0.49320541 0.011574517 0.86983589 135.39133
0.87622824 -0.011838234 -0.48175087 -126.32204 0.0046951951 0.99986049 -0.016030111 -12.126784 0.48187347 0.011784121 0.87616158 136.12872
0.88179662 -0.012296366 -0.47146952 -126.70909 0.0051574382 0.9998517 -0.016431034 -12.157465 0.47160168 0.012057255 0.88172927 136.86309
0.88671414 -0.013075263 -0.46213316 -127.10986 0.0060443543 0.99984242 -0.016691269 -12.18656 0.46227862 0.012007087 0.88665344 137.63493
0.8910816 -0.013796341 -0.45363337 -127.50525 0.0065345154 0.99982425 -0.017571746 -12.216227 0.4537961 0.012693585 0.89101514 138.42014
0.89415701 -0.013263314 -0.44755704 -127.88373 0.0062912549 0.99983466 -0.017060957 -12.240972 0.44770937 0.012439478 0.89409261 139.18831
0.89696697 -0.011522969 -0.44194735 -128.28982 0.0060740489 0.99988712 -0.013742469 -12.267727 0.44205585 0.0096421309 0.89693571 139.9706
0.90073151 -0.0076710977 -0.43430851 -128.68425 0.0037773454 0.99994457 -0.0098278036 -12.292206 0.43435986 0.007211679 0.90071056 140.7828
0.90388051 -0.004973977 -0.42775608 -129.06409 0.0022187034 0.99997346 -0.0069394744 -12.306212 0.42777928 0.0053233915 0.90386756 141.59449
0.90694914 -0.0022783283 -0.42123397 -129.453 0.00031058909 0.99998872 -0.0047399173 -12.330107 0.42124006 0.004168033 0.90693961 142.43576
0.90999467 -9.416982e-05 -0.41461993 -129.83825 -0.00092279398 0.99999704 -0.0022524416 -12.340273 0.41461894 0.0024323183 0.90999188 143.25157
0.91302179 0.0010414836 -0.40790944 -130.2351 -0.0010003593 0.99999945 0.00031412158 -12.356488 0.40790958 0.00012125583 0.91302233 144.12193
0.91668862 0.00089222185 -0.39960125 -130.62567 5.8920196e-05 0.99999719 0.0023679373 -12.370995 0.39960228 -0.0021942061 0.916686 144.99263
0.91979529 0.00065058441 -0.39239799 -131.00006 0.00071640217 0.99999417 0.0033372338 -12.383366 0.3923979 -0.0033506871 0.91978947 145.87447
0.92354991 -0.00014699165 -0.38347819 -131.39222 0.0013751651 0.99999477 0.0029285695 -12.37975 0.38347578 -0.0032320263 0.92354528 146.78206
0.92742381 -0.0025789094 -0.37400324 -131.76254 0.0038969742 0.99998858 0.002768068 -12.411734 0.37399186 -0.0040246535 0.92742326 147.6935
0.93109553 -0.0042468713 -0.36475068 -132.12556 0.0051500252 0.99998561 0.0015033692 -12.410717 0.36473908 -0.0032782559 0.93110401 148.62059
0.93563559 -0.0050460908 -0.35293138 -132.48262 0.0052604921 0.9999861 -0.00035167577 -12.43323 0.35292828 -0.0015275527 0.93564914 149.57054
0.940298 -0.0034965303 -0.34033429 -132.83983 0.0031906959 0.99999385 -0.0014582841 -12.443043 0.34033732 0.0002853181 0.94030337 150.52819
0.94605698 -0.00019653052 -0.32400022 -133.18274 0.00012560004 0.99999996 -0.00023983253 -12.453195 0.32400028 0.00018620055 0.94605697 151.51011
0.9523922 0.0037044382 -0.30485303 -133.51797 -0.0030673434 0.999992 0.0025687614 -12.458964 0.30486013 -0.0015113797 0.95239594 152.52068
0.95825328 0.0067503609 -0.28584102 -133.81832 -0.0057137639 0.99997373 0.0044603496 -12.47182 0.28586364 -0.0026409169 0.95826667 153.53311
0.96452595 0.0084539051 -0.26385266 -134.1115 -0.0073336648 0.99995943 0.0052303909 -12.488848 0.26388619 -0.003109841 0.96454881 154.58255
0.96999207 0.0097859779 -0.24293954 -134.39201 -0.008480676 0.99994344 0.0064182079 -12.488991 0.24298863 -0.0041653195 0.9700202 155.62607
0.9752327 0.010414039 -0.22093601 -134.63678 -0.0085918912 0.9999207 0.0092068321 -12.503674 0.22101439 -0.007080546 0.97524485 156.68801
0.98005991 0.012475676 -0.19831018 -134.85566 -0.010232901 0.99987162 0.012330271 -12.50226 0.19843856 -0.010055117 0.98006175 157.78834
0.98430289 0.014244899 -0.17591163 -135.0723 -0.011503284 0.99979612 0.016595148 -12.508947 0.17611218 -0.014311091 0.98426607 158.8794
0.98809625 0.016027066 -0.15299975 -135.25334 -0.01314101 0.99971649 0.019855848 -12.497647 0.15327461 -0.017608919 0.98802673 160.00196
0.99121221 0.017326089 -0.13114173 -135.41705 -0.014854725 0.9996936 0.019799925 -12.493868 0.13144461 -0.017677853 0.99116588 161.13944
0.99384121 0.017634825 -0.10940142 -135.54032 -0.01573968 0.99971115 0.01816237 -12.490539 0.10969012 -0.016328569 0.9938317 162.29418
0.99602173 0.017461666 -0.087383133 -135.65999 -0.016045826 0.99972878 0.016879 -12.47839 0.087654176 -0.015409716 0.99603177 163.43737
0.99759492 0.016104076 -0.067416922 -135.76217 -0.014881368 0.99971626 0.018599649 -12.48554 0.067697329 -0.01755166 0.99755151 164.63045
0.99875162 0.016417557 -0.047176967 -135.81373 -0.015461468 0.99966906 0.020560004 -12.478036 0.047498903 -0.019804913 0.99867493 165.80582
0.9995075 0.017099054 -0.02631301 -135.86109 -0.016532935 0.99963033 0.021584058 -12.474476 0.026672352 -0.021138397 0.99942071 167.01484
0.99981939 0.01816246 -0.0055950822 -135.8858 -0.01803524 0.99959515 0.022006006 -12.459042 0.0059925007 -0.021901123 0.99974218 168.2431
0.99972726 0.018463865 0.014300239 -135.88389 -0.018781027 0.99957331 0.022371427 -12.450124 -0.013881076 -0.022633899 0.99964745 169.47101
0.99918101 0.020899685 0.034648482 -135.8529 -0.021666358 0.99952534 0.021901314 -12.442952 -0.034174308 -0.022634084 0.99915955 170.71802
0.99822884 0.021794681 0.055354957 -135.79895 -0.022977974 0.99951893 0.020830618 -12.423056 -0.054874335 -0.022065668 0.99824942 171.97031
0.9970259 0.021906217 0.073888191 -135.70461 -0.023337179 0.99955537 0.01855904 -12.42023 -0.073448786 -0.020228186 0.99709383 173.26276
0.99540538 0.023848746 0.092732779 -135.60644 -0.025440999 0.99954786 0.01602608 -12.415856 -0.092308657 -0.018311661 0.99556205 174.51557
0.99334635 0.024234463 0.1125865 -135.48352 -0.025963006 0.99956609 0.013912041 -12.415068 -0.11220051 -0.016742559 0.99354453 175.77511
0.99094019 0.024069758 0.13212945 -135.30434 -0.025788617 0.9996034 0.011312872 -12.416361 -0.13180476 -0.014617816 0.99116791 177.07777
0.98844831 0.025579819 0.14938408 -135.13639 -0.026756797 0.99962471 0.0058740521 -12.420037 -0.14917777 -0.0098032364 0.9887618 178.37426
0.98538448 0.026998663 0.16819184 -134.93199 -0.027312947 0.99962683 -0.00044494667 -12.446214 -0.1681411 -0.004155371 0.98575418 179.68365
0.98219997 0.029630573 0.18548651 -134.69526 -0.029038711 0.99956083 -0.005907388 -12.453133 -0.18558011 0.00041594711 0.98262905 180.97645
0.97881045 0.031773066 0.20228835 -134.4431 -0.030418956 0.99948919 -0.0098001019 -12.493935 -0.20249642 0.0034390419 0.97927697 182.31543
0.97465324 0.03377346 0.22115698 -134.15534 -0.031703076 0.99941401 -0.012905605 -12.512936 -0.22146327 0.0055671339 0.97515283 183.63599
0.97072173 0.033210908 0.23789988 -133.83785 -0.031073046 0.99943602 -0.012731822 -12.553394 -0.23818857 0.0049667829 0.97120623 184.96128
0.96644082 0.031966706 0.25489264 -133.51539 -0.029524929 0.99947421 -0.013400947 -12.582799 -0.25518702 0.0054255356 0.96687649 186.2763
0.9617212 0.031812081 0.27217701 -133.14877 -0.027951621 0.9994463 -0.018050026 -12.643881 -0.27260054 0.0097513041 0.96207789 187.63956
0.95707293 0.033108457 0.28795005 -132.77917 -0.027868382 0.99936329 -0.022279226 -12.688063 -0.28850436 0.013298143 0.95738623 188.9533
0.95148023 0.035546274 0.30564983 -132.34996 -0.029973077 0.99928814 -0.022909162 -12.7273 -0.30624661 0.012636349 0.95186834 190.31761
0.94603162 0.037131581 0.32194006 -131.92049 -0.03136229 0.99924133 -0.023090306 -12.787938 -0.32255322 0.011747382 0.94647843 191.66215
0.93954133 0.041287318 0.33993741 -131.44859 -0.034275226 0.99905814 -0.02660914 -12.829485 -0.34071589 0.013348956 0.94007154 193.00721
0.93299085 0.042153648 0.35742291 -130.96261 -0.033773192 0.99898933 -0.029659454 -12.893612 -0.35831196 0.015600687 0.93347157 194.35162
0.92632076 0.043052664 0.37426769 -130.46554 -0.033217293 0.99891329 -0.03269321 -12.951371 -0.37526854 0.01785224 0.92674421 195.67081
0.91903803 0.043369049 0.39177571 -129.89679 -0.031142261 0.99881077 -0.037512671 -13.032365 -0.39293672 0.022274791 0.9192957 197.00246
0.9105425 0.046675635 0.41077212 -129.32342 -0.031608675 0.99855765 -0.043399421 -13.118027 -0.41220538 0.026533055 0.91070453 198.3585
0.90146895 0.05003412 0.4299422 -128.72503 -0.032999805 0.99835008 -0.046990664 -13.194878 -0.43158401 0.028172617 0.90163272 199.66766
0.88877338 0.052885951 0.45528555 -128.0778 -0.034438971 0.99821838 -0.048723903 -13.280651 -0.45705125 0.027624943 0.88901127 201.00547
0.87631067 0.057353184 0.47832019 -127.41092 -0.037433619 0.99799255 -0.051084134 -13.375369 -0.48028987 0.026860317 0.87669846 202.31036
0.86222464 0.061723981 0.50275123 -126.69473 -0.039783 0.9977337 -0.054265832 -13.480439 -0.50496139 0.026788387 0.86272614 203.59972
0.84668092 0.065400712 0.52806642 -125.93126 -0.041156298 0.9974939 -0.05755064 -13.587316 -0.53050693 0.02699377 0.84725071 204.88142
0.83192407 0.066834767 0.55084974 -125.13952 -0.040592601 0.99739017 -0.059708442 -13.688117 -0.55340276 0.027312467 0.83246588 206.12751
0.81620996 0.068094393 0.57372853 -124.30141 -0.039578305 0.99728739 -0.062059794 -13.80449 -0.5763982 0.02794662 0.81669096 207.39164
0.80049373 0.070295621 0.59520441 -123.43195 -0.037922368 0.99704863 -0.066752758 -13.926436 -0.59814022 0.030863605 0.80079695 208.59613
0.78328801 0.072670273 0.61739687 -122.5276 -0.035898095 0.99677421 -0.071780908 -14.054426 -0.62062167 0.034061754 0.78337001 209.80601
0.76708816 0.074571164 0.63719296 -121.58962 -0.034235987 0.99656445 -0.075413501 -14.186586 -0.64062758 0.036033875 0.7670058 210.96594
0.75116807 0.075958933 0.65572611 -120.61298 -0.03226861 0.99639516 -0.078456483 -14.319992 -0.65932185 0.037774636 0.75091132 212.10762
0.73572104 0.076915684 0.67290304 -119.61211 -0.030867128 0.99630611 -0.080133344 -14.464228 -0.67658098 0.038185204 0.73537753 213.24879
0.71956354 0.077096974 0.69013356 -118.5979 -0.028555171 0.99626234 -0.081522701 -14.607328 -0.69383929 0.038953883 0.71907557 214.37854
0.70463549 0.077660154 0.7053068 -117.53049 -0.025496381 0.99612185 -0.084209199 -14.753694 -0.70911128 0.041354021 0.70388286 215.46649
0.68927165 0.079146104 0.72016695 -116.45652 -0.022929551 0.99590031 -0.087503237 -14.912183 -0.72414009 0.043800397 0.68826063 216.53089
0.67480935 0.081478543 0.73348043 -115.34635 -0.020710566 0.99558596 -0.091540559 -15.076506 -0.73770147 0.046581632 0.67351818 217.57354
0.66003406 0.083842386 0.74654233 -114.19892 -0.019534848 0.99533202 -0.094512184 -15.232816 -0.75098168 0.047797671 0.65859088 218.60524
0.64398021 0.084256161 0.76038828 -113.06009 -0.017962058 0.99530808 -0.09507462 -15.406804 -0.76483129 0.047568037 0.64247212 219.60588
0.62728103 0.085877319 0.77404363 -111.90552 -0.018882096 0.99528658 -0.095121462 -15.57527 -0.77856408 0.045052324 0.62594593 220.57497
0.61008067 0.086722623 0.78757902 -110.70184 -0.020590815 0.99539174 -0.093655267 -15.748288 -0.79207174 0.040920376 0.60905495 221.54392
0.59188629 0.087620491 0.80124479 -109.48414 -0.022788378 0.99549554 -0.092028902 -15.912702 -0.8056993 0.036211577 0.59121689 222.4542
0.57466693 0.088796145 0.81355584 -108.27752 -0.024588885 0.9955209 -0.091288138 -16.081159 -0.81801795 0.032455845 0.57427634 223.34134
0.55556018 0.092342561 0.82633267 -107.05086 -0.02648757 0.99527498 -0.09341371 -16.258919 -0.83105436 0.030009394 0.55538108 224.19278
0.53782605 0.095976532 0.83757482 -105.83629 -0.028743298 0.99500861 -0.095559916 -16.428751 -0.84256574 0.02731995 0.53790023 225.01947
0.51854534 0.096031853 0.84964025 -104.61471 -0.028914325 0.99507415 -0.094822985 -16.600052 -0.85456115 0.024603244 0.51876776 225.79251
0.49721301 0.095152666 0.86239499 -103.36576 -0.029202805 0.99524025 -0.092973345 -16.772029 -0.86713694 0.021043205 0.49762513 226.54605
0.47669113 0.092909496 0.8741472 -102.11206 -0.02870347 0.9955139 -0.090156445 -16.93278 -0.87860215 0.017885721 0.47721947 227.2793
0.45506894 0.091319836 0.88576119 -100.84834 -0.028441364 0.99571053 -0.088043302 -17.094196 -0.89000192 0.014873517 0.45571419 227.95044
0.43279823 0.090469396 0.89693975 -99.583322 -0.027535113 0.99581408 -0.087155853 -17.257016 -0.90107024 0.013023563 0.43347765 228.59932
