1.0 0.0 0.0 0.0 0.0 1.0 0.0 0.0 0.0 0.0 1.0 0.0
0.9994546 -0.033003174 -0.00071215845 2.699585 0.033006035 0.9994448 0.0044712834 2.6312256 0.00056415383 -0.0044923583 0.99998975 0.04699707
0.99998915 -0.0027738195 0.0037464742 4.591919 0.0027282839 0.999923 0.012106285 4.5620117 -0.0037797545 -0.012095935 0.9999197 0.08654785
0.9995574 -0.029474484 0.0040305 5.9799805 0.029419841 0.99948263 0.012998177 6.3125 -0.0044115605 -0.012873814 0.9999075 0.10144043
0.9955538 -0.09394837 0.006750812 6.7890625 0.093881026 0.99553585 0.009688378 8.2734375 -0.007630644 -0.009011556 0.9999304 0.09509277
0.9966658 -0.08113325 0.00845017 7.8657227 0.081104524 0.9966971 0.0036885617 9.212524 -0.008721617 -0.002990623 0.99995756 0.100097656
0.99948066 0.02870073 0.014659602 8.548828 -0.028828805 0.9995476 0.008600936 8.958862 -0.014406148 -0.009018976 0.99985564 0.115600586
0.99989796 0.003572783 0.013822503 8.249756 -0.0036471984 0.9999789 0.0053596753 9.370728 -0.013803057 -0.005409562 0.99989 0.11315918
0.99576354 0.09012296 0.01825006 8.726074 -0.090291046 0.99587846 0.008599908 8.822754 -0.017399557 -0.010211353 0.99979645 0.118774414
0.99440384 0.10289112 0.023921138 8.752563 -0.10303831 0.9946638 0.004999526 9.264038 -0.023278967 -0.0074368296 0.9997013 0.10864258
0.9822344 0.18490785 0.032144148 9.126221 -0.18494833 0.9827514 -0.0017360616 8.68396 -0.031910706 -0.004240861 0.9994815 0.11779785
0.9769493 0.21064492 0.034673218 9.26416 -0.21050695 0.9775645 -0.00762628 8.980103 -0.035501335 0.0001514135 0.9993697 0.11816406
0.9554138 0.29242358 0.04031942 9.620361 -0.2923356 0.95625657 -0.008195701 8.441895 -0.040952396 -0.003962663 0.99915284 0.107910156
0.9430998 0.3294987 0.04396522 9.767944 -0.32942766 0.94410485 -0.009060989 8.64624 -0.04449485 -0.0059379176 0.9989926 0.09802246
0.9145785 0.40164557 0.047367923 10.137085 -0.40145484 0.91578263 -0.0138952825 8.170044 -0.04895845 -0.006305543 0.9987811 0.08312988
0.89378446 0.44595006 0.04852466 10.272217 -0.44553742 0.8950913 -0.01960862 8.233765 -0.05217768 -0.0040879073 0.9986297 0.07556152
0.86131066 0.50558203 0.04959594 10.630981 -0.50505775 0.86272395 -0.023516847 7.8496094 -0.05467971 -0.004795512 0.99849266 0.059570312
0.83173877 0.5531963 0.048417155 10.862183 -0.5525682 0.83313495 -0.026740555 7.7266846 -0.055123247 -0.0045074346 0.9984692 0.047851562
0.79843843 0.6000438 0.048886877 11.145386 -0.5993537 0.7999122 -0.029366177 7.4351807 -0.056724515 -0.0058537275 0.99837285 0.026489258
0.7627945 0.64478534 0.05064848 11.434326 -0.6442382 0.7643976 -0.028655566 7.1829834 -0.057190318 -0.010757422 0.9983061 -0.005004883
0.7272524 0.6842491 0.05282018 11.720825 -0.68373704 0.7290288 -0.030068118 6.883667 -0.05908035 -0.014252822 0.99815136 -0.018676758
0.69334745 0.7186972 0.053672887 12.005737 -0.7182349 0.6952123 -0.030934988 6.5595703 -0.059539273 -0.017103363 0.9980787 -0.04675293
0.6606672 0.7488065 0.053709712 12.295166 -0.7482423 0.66261107 -0.034038905 6.1992188 -0.061066695 -0.017700644 0.9979762 -0.06506348
0.6274623 0.77669173 0.054404065 12.570557 -0.7762802 0.6294508 -0.033142965 5.8240967 -0.059993364 -0.021430649 0.9979695 -0.095825195
0.5956705 0.80146897 0.0527913 12.862793 -0.8010829 0.5975867 -0.033439886 5.4213867 -0.058360584 -0.022373088 0.99804544 -0.12243652
0.5658203 0.8230855 0.04988638 13.148804 -0.822708 0.5675827 -0.03335529 4.959961 -0.055765238 -0.022169018 0.99819756 -0.15625
0.5387401 0.8413044 0.04542508 13.4279785 -0.8409223 0.5402595 -0.03267494 4.4989014 -0.052021552 -0.020593569 0.99843323 -0.18359375
0.5150992 0.85598046 0.042163745 13.706909 -0.8556197 0.5164448 -0.031728495 4.0 -0.048941333 -0.019733854 0.99860704 -0.21289062
0.4966132 0.8670546 0.04033237 14.013062 -0.8666799 0.49788126 -0.03186686 3.463623 -0.04770975 -0.01913366 0.9986778 -0.24157715
0.48394924 0.8742624 0.0382972 14.3046875 -0.8738196 0.4851454 -0.032896455 2.9243164 -0.047336735 -0.017551946 0.99872446 -0.27197266
0.4720507 0.88068944 0.037508056 14.618408 -0.88014925 0.4732505 -0.03497269 2.352295 -0.04856292 -0.016505206 0.9986842 -0.29785156
0.4629323 0.8856073 0.038971093 14.937622 -0.88504714 0.46423042 -0.036157552 1.7467041 -0.05010401 -0.01774399 0.99858636 -0.3343506
0.45247054 0.89085686 0.040993728 15.259888 -0.8902914 0.45389977 -0.03730567 1.1218262 -0.051842753 -0.019611128 0.9984629 -0.37268066
0.44322357 0.8953557 0.042586207 15.591553 -0.894766 0.44476986 -0.03865622 0.47460938 -0.0535692 -0.02096321 0.99834514 -0.40881348
0.43332615 0.9002083 0.043934036 15.915039 -0.8995277 0.43500763 -0.041161984 -0.1965332 -0.05617049 -0.021679971 0.9981862 -0.4477539
0.4229262 0.905068 0.044430375 16.238403 -0.90434605 0.4246719 -0.042428955 -0.8885498 -0.057275925 -0.022239104 0.9981109 -0.48815918
0.41293016 0.90981376 0.044496194 16.565186 -0.90899634 0.41473335 -0.04442959 -1.5992432 -0.058872756 -0.022109115 0.99802035 -0.52612305
0.40377536 0.91354734 0.0470335 16.892822 -0.9126722 0.40579155 -0.046664845 -2.3260498 -0.061726294 -0.024096906 0.9978022 -0.567749
0.3934037 0.9180477 0.049825445 17.215942 -0.9170432 0.39569643 -0.050184354 -3.062378 -0.06576768 -0.025941439 0.9974971 -0.6176758
0.3809253 0.92324114 0.050937634 17.537598 -0.92206866 0.3833978 -0.053563364 -3.8171387 -0.06897634 -0.026574414 0.9972637 -0.6567383
0.36888608 0.9278592 0.052043922 17.842163 -0.92659694 0.37150916 -0.055729542 -4.5827637 -0.07106492 -0.027664088 0.9970892 -0.7030029
0.3551609 0.93348676 0.052261256 18.13501 -0.9321265 0.35787627 -0.057747368 -5.352173 -0.07258139 -0.028191017 0.9969632 -0.7451172
0.34197783 0.9382602 0.05228072 18.423584 -0.9370399 0.34467113 -0.056349795 -6.131714 -0.07086386 -0.029695466 0.99704325 -0.79870605
0.32477662 0.94421136 0.052080687 18.699097 -0.9430692 0.32746178 -0.055836234 -6.911255 -0.06977396 -0.030968983 0.99708223 -0.838501
0.30448043 0.95091033 0.052819014 18.965576 -0.949915 0.30720934 -0.05487687 -7.7073975 -0.06842694 -0.033467785 0.99709535 -0.8874512
0.28156766 0.957942 0.055384398 19.204834 -0.9572353 0.28442082 -0.052935116 -8.507324 -0.066492096 -0.03811205 0.9970606 -0.9349365
0.25117832 0.9662451 0.058086492 19.428467 -0.96580994 0.25418627 -0.051904175 -9.320801 -0.06492127 -0.043068856 0.99696076 -0.98168945
0.21842955 0.97399735 0.059311017 19.626953 -0.97370464 0.22153738 -0.052147698 -10.1501465 -0.06393811 -0.0463344 0.9968783 -1.0283203
0.18529123 0.9810397 0.05798677 19.794922 -0.9808207 0.18830241 -0.051645756 -10.983398 -0.06157893 -0.04729602 0.9969809 -1.0654297
0.1527554 0.9866553 0.05644468 19.933594 -0.98647 0.15567198 -0.051479224 -11.830444 -0.059595976 -0.047820203 0.9970774 -1.1018066
0.120251834 0.9910824 0.0573834 20.03955 -0.9911447 0.12313437 -0.04964308 -12.6779785 -0.05629402 -0.050911553 0.9971168 -1.1361084
0.08841458 0.9943559 0.058444876 20.11853 -0.9947178 0.09119872 -0.046853505 -13.536011 -0.05191866 -0.053960297 0.99719244 -1.1807861
0.055283245 0.99701 0.0537086 20.170288 -0.99738395 0.057635862 -0.04328277 -14.406372 -0.046247534 -0.05118165 0.99761784 -1.2120361
0.024273131 0.998597 0.046812307 20.18396 -0.99887824 0.026115255 -0.039168455 -15.260742 -0.040363938 -0.045787424 0.99813646 -1.2336426
-0.0064646006 0.99920356 0.03942422 20.1792 -0.9994104 -0.005125284 -0.033991914 -16.128052 -0.033775523 -0.039605904 0.99864477 -1.2562256
-0.03572941 0.9988711 0.031824276 20.135864 -0.9989609 -0.034776807 -0.030003708 -16.972046 -0.028866338 -0.032858517 0.99904317 -1.270874
-0.064641 0.9976454 0.02346305 20.074707 -0.9976282 -0.06403458 -0.025741655 -17.844238 -0.024181109 -0.02506946 0.9993933 -1.2839355
-0.09187353 0.9956141 0.018044287 19.991577 -0.9956626 -0.09157276 -0.016857512 -18.703003 -0.015126675 -0.019502379 0.99969524 -1.2869873
-0.11654353 0.9931005 0.013736239 19.884033 -0.9931952 -0.11652421 -0.0021952689 -19.54065 -0.0005832948 -0.013897503 0.99990326 -1.2813721
-0.14164984 0.9898261 0.015530301 19.76831 -0.9897859 -0.14189301 0.015864104 -20.369385 0.01790362 -0.013121067 0.99975365 -1.2684326
-0.16843665 0.98549217 0.019596541 19.633057 -0.9850846 -0.16899513 0.031593293 -21.196777 0.03444714 -0.013973743 0.99930865 -1.2501221
-0.19490421 0.98068404 0.018966569 19.469849 -0.9798495 -0.19554602 0.04177767 -22.030518 0.04466571 -0.010441478 0.9989472 -1.2149658
-0.22139803 0.9749844 0.016413104 19.282227 -0.973933 -0.22192718 0.045645345 -22.859375 0.048140198 -0.0058691464 0.9988229 -1.161499
-0.24292587 0.9698214 0.014536984 19.08789 -0.96877635 -0.24333978 0.045110106 -23.68689 0.047284666 -0.0030994716 0.9988759 -1.1114502
-0.26454648 0.96432114 0.010992122 18.862549 -0.963472 -0.26477516 0.04045946 -24.510132 0.041938268 0.000105089275 0.99912053 -1.0633545
-0.28572586 0.9583009 0.0027564783 18.624512 -0.9576468 -0.2856351 0.03622868 -25.309814 0.035510935 0.0077133533 0.9993396 -1.0150146
-0.2988776 0.95426196 -0.00066314917 18.372192 -0.95366734 -0.2986666 0.035514675 -26.10791 0.033690996 0.0112481 0.99936897 -0.9682617
-0.312155 0.95017856 -0.002351568 18.105713 -0.94949335 -0.31183425 0.038833488 -26.90393 0.036159348 0.014328407 0.99924344 -0.9244385
-0.32449755 0.94590044 -0.002097141 17.852783 -0.945137 -0.32414532 0.04093219 -27.655151 0.03806163 0.0152722355 0.9991592 -0.87927246
-0.33400965 0.94243073 0.0048052557 17.580566 -0.9415235 -0.33390442 0.04246321 -28.438232 0.041617557 0.009656219 0.9990866 -0.83288574
-0.34790385 0.9376419 0.006767599 17.3125 -0.9368165 -0.34788707 0.04006678 -29.20166 0.03991808 0.0075801928 0.9991744 -0.7918701
-0.35601413 0.9345519 0.004902905 17.015625 -0.9336862 -0.3559022 0.04148041 -29.97351 0.040521037 0.010194508 0.9991269 -0.7495117
-0.3635081 0.9314727 0.0026821895 16.718506 -0.93051803 -0.36326253 0.04431116 -30.749268 0.042231113 0.013617313 0.99901444 -0.6984863
-0.3679785 0.9297199 0.0026915083 16.418701 -0.9286336 -0.36768532 0.047340162 -31.514526 0.045002326 0.014933665 0.9988751 -0.6690674
-0.36732724 0.93010765 0.0044836747 16.107544 -0.9288874 -0.36708438 0.04967253 -32.308838 0.04782886 0.014078112 0.9987559 -0.62524414
-0.363713 0.9316282 0.0011754816 15.79248 -0.93044907 -0.36331603 0.04986348 -33.12549 0.0468718 0.017015705 0.9987561 -0.5827637
-0.35690925 0.9339324 0.002315002 15.487427 -0.93285906 -0.35661542 0.047092818 -33.952637 0.044817463 0.014677145 0.9988872 -0.5325928
-0.3488449 0.9373183 0.0037676585 15.180786 -0.93620574 -0.34862173 0.047481634 -34.80481 0.04580779 0.013028677 0.9988653 -0.49035645
-0.34075102 0.940218 0.005871143 14.863892 -0.93911546 -0.3406429 0.046696376 -35.673218 0.045886695 0.010390103 0.9988923 -0.44470215
-0.33336148 0.94283974 0.007394314 14.575073 -0.941774 -0.33334208 0.045563906 -36.54883 0.045416836 0.008217918 0.9989343 -0.39501953
-0.3279688 0.94453233 0.011731133 14.260132 -0.9435223 -0.3281623 0.043791793 -37.461792 0.045232024 0.0032958617 0.9989714 -0.3446045
-0.3265008 0.9451488 0.015272373 13.959106 -0.9442393 -0.32685706 0.041469883 -38.370728 0.044194017 -0.00089797657 0.9990231 -0.30249023
-0.3241303 0.9456939 0.018184662 13.644653 -0.9448882 -0.32460976 0.0392818 -39.321533 0.04307249 -0.0044461573 0.9990623 -0.24584961
-0.32639173 0.94511896 0.01897704 13.328125 -0.9443645 -0.32689786 0.03816112 -40.276367 0.042282753 -0.005483439 0.9990913 -0.20043945
-0.32705876 0.9448871 0.018717436 13.00415 -0.9441741 -0.3275473 0.03711522 -41.230347 0.041201513 -0.005534108 0.9991357 -0.15258789
-0.3263756 0.9449494 0.018651828 12.65979 -0.9442451 -0.32686022 0.03690248 -42.21338 0.040957704 -0.0055625914 0.9991451 -0.10473633
-0.32636937 0.9451056 0.01822236 12.332153 -0.9444275 -0.32683307 0.036198303 -43.200317 0.04016063 -0.0053855972 0.99917847 -0.051757812
-0.32771543 0.94446117 0.018405007 12.005493 -0.94381845 -0.32818067 0.035312574 -44.183716 0.039404973 -0.0057940003 0.99920654 0.00012207031
-0.3270037 0.9445851 0.020303465 11.671387 -0.94398993 -0.32753766 0.034441553 -45.19409 0.039184924 -0.007890311 0.9992004 0.057128906
-0.3263115 0.9449567 0.02076488 11.353149 -0.9443875 -0.3268597 0.033898503 -46.18152 0.038823392 -0.008555451 0.9992096 0.10595703
-0.3269656 0.9445456 0.022114195 11.029297 -0.9440375 -0.3275528 0.03260996 -47.164917 0.038048573 -0.010195017 0.99922335 0.16259766
-0.32491565 0.9455456 0.022103367 10.682129 -0.9450662 -0.32549623 0.03189985 -48.177856 0.037332512 -0.010530837 0.9992472 0.21972656
-0.3226087 0.9463553 0.019865656 10.376221 -0.9459749 -0.3230774 0.028496198 -49.151123 0.033394564 -0.009602612 0.9993963 0.27246094
-0.3189601 0.94768274 0.01824569 10.029785 -0.9473354 -0.31936467 0.027083531 -50.165894 0.03149342 -0.00866119 0.99946666 0.32055664
-0.3166736 0.9482328 0.018395688 9.717529 -0.947893 -0.31708205 0.026896406 -51.147827 0.03135045 -0.008911694 0.9994687 0.36608887
-0.31304196 0.9494126 0.017972682 9.385132 -0.9490539 -0.31344315 0.027437579 -52.13745 0.03169789 -0.008467635 0.9994617 0.41711426
-0.31304464 0.94943786 0.018136533 9.08667 -0.9490676 -0.31345463 0.027840154 -53.102905 0.032133654 -0.008497252 0.9994476 0.46899414
-0.31303883 0.9494374 0.019252999 8.769287 -0.949071 -0.31348673 0.028029108 -54.08545 0.032665916 -0.009492759 0.9994213 0.5124512
-0.31532112 0.94862515 0.022409637 8.447144 -0.9482089 -0.31590155 0.030422814 -55.073364 0.03594788 -0.011657948 0.9992857 0.5699463
-0.31897223 0.9474388 0.023488741 8.101685 -0.9469711 -0.31961012 0.032097958 -56.050293 0.037903316 -0.01200533 0.999209 0.62353516
-0.32624912 0.9451429 0.023397863 7.7995605 -0.944748 -0.32685506 0.029982926 -57.012817 0.03598244 -0.012342086 0.9992766 0.6628418
-0.3321859 0.9432422 0.019211387 7.454712 -0.94294256 -0.33260265 0.025649946 -57.9812 0.030574117 -0.009609004 0.9994864 0.72302246
-0.33718696 0.9410547 0.022365544 7.135254 -0.94082135 -0.33768645 0.024531122 -58.946533 0.030646041 -0.012756537 0.99944854 0.76953125
-0.3424893 0.93933403 0.021876622 6.7946777 -0.9390224 -0.34299806 0.026741551 -59.902954 0.032602932 -0.011384238 0.9994032 0.8175049
-0.34686142 0.937603 0.022999343 6.4594727 -0.9372045 -0.347439 0.029571591 -60.835693 0.035702355 -0.0112855425 0.99929816 0.86572266
-0.35326496 0.93516135 0.025107339 6.1394043 -0.93476325 -0.35392433 0.030148927 -61.77356 0.0370948 -0.012826929 0.99922967 0.9154053
-0.3555695 0.9341912 0.025928136 5.7835693 -0.9338173 -0.35625234 0.029739752 -62.7135 0.037015352 -0.013637628 0.9992214 0.96447754
-0.36062327 0.9323199 0.025566656 5.4350586 -0.93194777 -0.3612875 0.029464966 -63.622925 0.036715783 -0.013211487 0.99923855 1.0203857
-0.36427715 0.9309817 0.02101323 5.092407 -0.9308275 -0.36468557 0.020766787 -64.534546 0.027007123 -0.012001682 0.9995632 1.0665283
-0.3652127 0.930939 0.016892344 4.718994 -0.9309549 -0.36541036 0.010557214 -65.46179 0.01598974 -0.011866322 0.9998017 1.1083984
-0.3689096 0.92958313 0.016056359 4.3719482 -0.9296276 -0.36906317 0.007872233 -66.368286 0.013237435 -0.012026733 0.9998402 1.1469727
-0.3672697 0.92967075 0.017726468 4.0125732 -0.92965764 -0.36750823 0.012775322 -67.273315 0.01840268 -0.011782833 0.99976116 1.1755371
-0.37029153 0.92889196 0.019817399 3.6485596 -0.9287541 -0.37065306 0.019522935 -68.165405 0.025471717 -0.011185209 0.9996131 1.2055664
-0.37102464 0.9285021 0.014151506 3.293335 -0.9282345 -0.37126487 0.022775896 -69.06604 0.026397724 -0.0046890047 0.9996405 1.2432861
-0.36967093 0.9291644 0.010593564 2.9122314 -0.9288983 -0.3698191 0.02230065 -69.96802 0.024629364 -0.0015986841 0.9996953 1.2834473
-0.3696498 0.92921466 0.010305576 2.553833 -0.92900383 -0.3697869 0.01990925 -70.86841 0.022315536 -0.0022156471 0.9997486 1.3258057
-0.3689188 0.92939746 0.00993083 2.2041016 -0.92932135 -0.36902452 0.012733383 -71.7699 0.015493374 -0.0045273337 0.99986964 1.3509521
-0.36658394 0.93039006 0.010762699 1.8460693 -0.9303983 -0.36666283 0.006531138 -72.68103 0.010024122 -0.007618715 0.99992067 1.3800049
-0.36592922 0.9304146 0.017593581 1.5201416 -0.93054026 -0.36602458 0.0024257791 -73.5697 0.008702035 -0.015486205 0.99984217 1.4088135
-0.36370087 0.9309527 0.024757385 1.1838379 -0.93125504 -0.36376348 -0.0020927582 -74.46814 0.0070614535 -0.023820585 0.9996912 1.4229736
-0.36232606 0.9318464 0.02212827 0.8371582 -0.932097 -0.36233974 -0.0035305205 -75.36975 0.0047245165 -0.021904673 0.9997489 1.4471436
-0.3599495 0.9326531 0.018010303 0.4951172 -0.9328098 -0.35999307 -0.00087237963 -76.24988 0.005678408 -0.017116645 0.9998373 1.4733887
-0.35349584 0.93536466 0.017282445 0.14672852 -0.9354817 -0.35359573 0.0030149878 -77.14722 0.008926848 -0.0150943175 0.9998461 1.4875488
-0.34450123 0.9384509 0.012389001 -0.18225098 -0.9384989 -0.34457073 0.0039256047 -78.0343 0.007957891 -0.010275796 0.9999155 1.5064697
-0.33647975 0.94150066 0.00462625 -0.50476074 -0.9414935 -0.3364999 0.0046342853 -78.91968 0.0059230262 -0.0027951398 0.9999785 1.5328369
-0.3261913 0.9450871 0.007967428 -0.81359863 -0.94509864 -0.32622957 0.0040712194 -79.81152 0.006450821 -0.0062019024 0.99995995 1.5548096
-0.3145859 0.9492154 0.0108325705 -1.0930176 -0.94926196 -0.31462514 0.0020760503 -80.712036 0.0053796554 -0.009628644 0.9999391 1.5648193
-0.30074283 0.95365834 0.0072505083 -1.3834229 -0.9536858 -0.30073702 -0.0019024927 -81.60535 0.00036537275 -0.0074868253 0.99997187 1.5827637
-0.29125008 0.95675045 0.008034309 -1.6535645 -0.9567835 -0.29123056 -0.0035323193 -82.51172 -0.0010417015 -0.0087133795 0.9999615 1.6036377
-0.27816868 0.96048015 0.0082313195 -1.9036865 -0.9605153 -0.2781556 -0.0027249488 -83.41589 -0.00032426137 -0.008662889 0.99996233 1.6010742
-0.2635658 0.96456426 0.004282415 -2.1672363 -0.96457016 -0.26355028 -0.0038623037 -84.34387 -0.0025968296 -0.0051514017 0.9999833 1.6204834
-0.25059164 0.9681133 0.0057338416 -2.399292 -0.9681278 -0.2505999 0.0007685325 -85.23779 0.0021789884 -0.005359748 0.9999832 1.6278076
-0.23768917 0.9712958 0.0053780256 -2.6208496 -0.9712475 -0.23773313 0.010093303 -86.13367 0.011077752 -0.002825248 0.99993455 1.6439209
-0.22397184 0.9744463 0.0065110517 -2.8289795 -0.974344 -0.2240449 0.014449726 -87.03369 0.015538607 -0.0030992872 0.99987435 1.6643066
-0.21181929 0.97718614 0.008928848 -3.0101318 -0.9771371 -0.21191488 0.011620626 -87.93689 0.013247518 -0.0062616887 0.9998926 1.6837158
-0.19973111 0.9798932 0.008072196 -3.19458 -0.97988546 -0.19979128 0.0075094504 -88.85474 0.008969581 -0.0064121415 0.99993914 1.7127686
-0.18901777 0.98186725 0.01134175 -3.3580322 -0.98188657 -0.18910813 0.007500334 -89.7572 0.009510369 -0.009713962 0.99990755 1.7337646
-0.18117428 0.9832625 0.017524146 -3.5098877 -0.98329306 -0.18140697 0.0127389915 -90.65991 0.015701491 -0.014922427 0.9997653 1.7547607
-0.17551911 0.98425186 0.024918532 -3.664795 -0.9842728 -0.17602941 0.020015169 -91.58215 0.024077158 -0.021022478 0.9994892 1.7758789
-0.16987778 0.9850458 0.028702654 -3.8164062 -0.98511195 -0.1705228 0.02175314 -92.50391 0.026312388 -0.024570934 0.9993515 1.8137207
-0.1683736 0.985201 0.030050617 -3.956665 -0.9852985 -0.16905843 0.021898549 -93.411255 0.026665825 -0.025915895 0.9993082 1.8465576
-0.16275297 0.9862185 0.032264397 -4.0982666 -0.98639345 -0.16348197 0.021395667 -94.337524 0.026376389 -0.0283421 0.99925023 1.8863525
-0.15714753 0.9871548 0.03131612 -4.2371826 -0.9873867 -0.1577605 0.018166777 -95.25989 0.022860568 -0.028072847 0.99934465 1.9165039
-0.15155816 0.9880416 0.030067084 -4.376953 -0.98831743 -0.15204287 0.0145402 -96.17651 0.018931165 -0.027513288 0.99944216 1.935669
-0.1451485 0.9889316 0.030186854 -4.5129395 -0.98926175 -0.14555693 0.011791769 -97.09143 0.01605459 -0.028149163 0.99947476 1.9772949
-0.13895427 0.98969555 0.03576595 -4.6240234 -0.99018115 -0.13949037 0.012948165 -97.99585 0.017792962 -0.033604328 0.99927664 1.9934082
-0.1320113 0.9902629 0.045966677 -4.7232666 -0.9911324 -0.13276647 0.013791641 -98.88928 0.019736057 -0.043750644 0.99884814 2.0167236
-0.12491299 0.99119014 0.043279283 -4.836914 -0.991887 -0.12573706 0.016856765 -99.790405 0.02215848 -0.040813852 0.9989207 2.0548096
-0.11784387 0.9922261 0.039532393 -4.944824 -0.9927166 -0.11868858 0.019734861 -100.6853 0.02428391 -0.036923464 0.999023 2.0916748
-0.109602936 0.99305815 0.041825008 -5.037964 -0.9936776 -0.11044062 0.018263474 -101.60474 0.022756547 -0.03955347 0.99895805 2.1254883
-0.10270416 0.99383295 0.04113458 -5.1289062 -0.9945455 -0.10329175 0.012413016 -102.49304 0.016592283 -0.03963498 0.9990764 2.152588
-0.095194824 0.9945967 0.042290714 -5.205078 -0.99541664 -0.09563542 0.008522305 -103.41028 0.012511351 -0.041292936 0.9990691 2.1870117
-0.08823491 0.99511504 0.044699565 -5.283081 -0.9959708 -0.088904865 0.013234123 -104.303955 0.017131517 -0.043357007 0.99891305 2.2130127
-0.08193457 0.9956068 0.044637024 -5.3531494 -0.99641645 -0.082713485 0.015878676 -105.213135 0.019520463 -0.043187283 0.99887645 2.2401123
-0.073781736 0.99623245 0.045585915 -5.4125977 -0.99707717 -0.07459891 0.01649593 -106.12207 0.019824311 -0.044226427 0.9988247 2.267212
-0.066949956 0.9966536 0.046861444 -5.4641113 -0.99757445 -0.06775511 0.015813094 -107.022095 0.018922742 -0.04568261 0.9987768 2.2954102
-0.058008313 0.997345 0.043383893 -5.520752 -0.9981292 -0.058719635 0.01530344 -107.91467 0.017812608 -0.042417806 0.99894124 2.3128662
-0.051137805 0.99797404 0.03838911 -5.569214 -0.99856454 -0.05175388 0.015229946 -108.82617 0.017188312 -0.03756109 0.99914664 2.3482666
-0.04367876 0.99839664 0.03649196 -5.612549 -0.99889517 -0.044311646 0.016733833 -109.74097 0.01830217 -0.03572397 0.9991944 2.3812256
-0.034955144 0.99847394 0.042734884 -5.6384277 -0.99925375 -0.035617467 0.014841068 -110.65454 0.01632825 -0.042168755 0.99897677 2.406372
-0.028892996 0.99849975 0.046342865 -5.654419 -0.9994469 -0.029597286 0.014578884 -111.56494 0.015922071 -0.045875285 0.9988197 2.4274902
-0.024828792 0.9987022 0.044482935 -5.677124 -0.99959904 -0.025408626 0.012517335 -112.49072 0.013624247 -0.044144876 0.998932 2.4620361
-0.019481903 0.99889356 0.04280208 -5.701294 -0.9997122 -0.020059701 0.013116954 -113.39307 0.013945941 -0.04252123 0.99899805 2.484253
-0.013363481 0.99905944 0.041209187 -5.715332 -0.9997921 -0.013980032 0.014707354 -114.31067 0.015267199 -0.040990647 0.9990425 2.5090332
-0.0072720083 0.99931717 0.036222022 -5.7365723 -0.99989206 -0.007729766 0.0125136925 -115.2074 0.012792274 -0.036137156 0.9992652 2.531372
-0.002568126 0.9995954 0.02833485 -5.7509766 -0.9999501 -0.0028412347 0.0095976675 -116.11365 0.009674196 -0.028301446 0.9995525 2.5494385
0.0014568567 0.999674 0.025471548 -5.746216 -0.99997306 0.0012742878 0.007184893 -117.02319 0.0071454085 -0.025482217 0.9996498 2.574463
0.0068602557 0.9995811 0.028118208 -5.7323 -0.99992347 0.0065668826 0.0105121285 -117.923584 0.01032695 -0.02819483 0.9995492 2.5787354
0.009481728 0.99953765 0.028982164 -5.7231445 -0.99989665 0.009155512 0.011363595 -118.82507 0.0111023085 -0.029098507 0.9995151 2.5976562
0.010708809 0.9994773 0.030481579 -5.705078 -0.9998782 0.010358991 0.011610818 -119.72754 0.011286204 -0.030599188 0.99946797 2.6177979
0.013462185 0.9994368 0.030857759 -5.6937256 -0.99985296 0.013116482 0.01137389 -120.62744 0.010969114 -0.03100299 0.99945897 2.633667
0.014051497 0.9995278 0.027494822 -5.6707764 -0.99989426 0.013913572 0.0052004894 -121.52661 0.004814053 -0.027562516 0.99960846 2.657959
0.015369116 0.99948496 0.02831984 -5.661621 -0.9998861 0.015341761 0.0011785775 -122.41626 0.0007516155 -0.028332723 0.99959815 2.6716309
0.013965725 0.9995282 0.027203169 -5.63501 -0.9998962 0.01401913 -0.0017725135 -123.30383 -0.0021499833 -0.02718038 0.9996282 2.6868896
0.01600349 0.9994747 0.028170886 -5.618286 -0.9998702 0.01594561 0.002272821 -124.178345 0.0018293818 -0.028205188 0.99960035 2.6939697
0.016668258 0.99949515 0.02696818 -5.602295 -0.99984884 0.016540347 0.004957995 -125.05737 0.004512964 -0.027046286 0.9996239 2.7077637
0.017413376 0.9994397 0.028591087 -5.5863037 -0.99983644 0.01726502 0.0054258015 -125.93677 0.0049297377 -0.028680896 0.99957645 2.7145996
0.017401457 0.99941176 0.029582717 -5.5562744 -0.99983746 0.017247913 0.0054388 -126.81006 0.004928043 -0.029677901 0.99954736 2.7320557
0.018060923 0.9995287 0.025019407 -5.550415 -0.9998335 0.01795256 0.004547167 -127.68091 0.0040994342 -0.025099592 0.9996765 2.7471924
0.019460497 0.9994965 0.025126798 -5.526123 -0.99978983 0.01928514 0.007202743 -128.55664 0.006713994 -0.025264723 0.9996582 2.7664795
0.01802224 0.999295 0.03299849 -5.496216 -0.9998028 0.01772773 0.009199342 -129.42285 0.008605994 -0.03316544 0.99941295 2.7756348
0.019343853 0.9990154 0.040064104 -5.4628906 -0.99975204 0.01886457 0.012303749 -130.28711 0.011544308 -0.040296216 0.999121 2.7902832
0.018664 0.9991267 0.03725632 -5.4370117 -0.9997088 0.018091679 0.015650764 -131.14307 0.014945623 -0.037531376 0.9991837 2.8098145
0.02069336 0.9991832 0.03472705 -5.4188232 -0.9996558 0.020116327 0.016878132 -132.02393 0.016170727 -0.035056446 0.9992542 2.8353271
0.02144599 0.99910927 0.03636168 -5.3936768 -0.9996201 0.020797074 0.018134281 -132.84058 0.017361086 -0.036741074 0.9991741 2.857788
0.022721648 0.9993417 0.028163683 -5.3865967 -0.999634 0.022303047 0.015088063 -133.70581 0.014449585 -0.028489936 0.9994895 2.8792725
0.026092947 0.9994235 0.021776656 -5.362793 -0.99960953 0.025864422 0.010708969 -134.54614 0.010140125 -0.022048656 0.9997055 2.9064941
0.028059602 0.99947155 0.01734755 -5.3449707 -0.9996181 0.028005363 0.0033592219 -135.39905 0.0028755702 -0.017434271 0.99984384 2.9343262
0.032056626 0.99941945 0.012287108 -5.3112793 -0.9994879 0.032006975 0.00421271 -136.22693 0.0038193194 -0.012419017 0.9999156 2.9416504
0.036020752 0.9992675 0.012942273 -5.2764893 -0.9993282 0.035928726 0.0072737476 -137.0769 0.0068059554 -0.013202954 0.9998898 2.9694824
0.04391861 0.99899364 0.00999153 -5.2423096 -0.9989936 0.043814003 0.01045515 -137.90295 0.010012897 -0.010437839 0.9998953 2.9796143
0.05103087 0.99864066 0.0076528783 -5.1956787 -0.9986004 0.050935388 0.012196378 -138.76233 0.011787817 -0.0082685705 0.9998963 2.9855957
0.06081962 0.99808437 0.007868185 -5.142456 -0.99808294 0.06075227 0.008538112 -139.5575 0.008039737 -0.008376023 0.99993265 3.0063477
0.07249445 0.9973556 0.00084879575 -5.0861816 -0.9973438 0.07248932 0.0050124694 -140.36401 0.004937466 -0.0012096609 0.99998707 3.0300293
0.08602411 0.9962521 -0.0023826123 -5.0078125 -0.99624234 0.086034834 0.004825875 -141.23108 0.005013041 0.001957588 0.99998546 3.0570068
0.10018534 0.9949819 -0.0014766841 -4.9244385 -0.99496186 0.100192785 0.00636548 -142.0094 0.0064808065 0.0008323826 0.99997866 3.071167
0.11410301 0.9934253 -0.0054689646 -4.8286133 -0.99341476 0.11413782 0.006553794 -142.84607 0.00713207 0.004682825 0.9999635 3.0880127
0.12672263 0.99186414 -0.00949537 -4.739746 -0.9918717 0.12679558 0.007525118 -143.53845 0.008669322 0.008463841 0.99992657 3.095459
0.14117204 0.9899403 -0.0032194508 -4.609497 -0.9898434 0.14120346 0.013909036 -144.43384 0.014221599 0.0012223255 0.9998981 3.119995
0.15298341 0.9881357 -0.0018231198 -4.4937744 -0.9878508 0.1529832 0.02380328 -145.05005 0.0238013 -0.0018450273 0.99971503 3.1367188
0.16718704 0.9859148 0.0039066384 -4.340332 -0.9853972 0.16696744 0.033304267 -145.84021 0.032179266 -0.009414136 0.9994376 3.1611328
