1 0 0 0 0 1 0 0 0 0 1 0
0.99987154 0.00074325043 0.016011089 0.0045644365 -0.00072904691 0.99999934 -0.00089292707 -0.0024011199 -0.016011744 0.00088113956 0.99987142 0.12050175
0.99931523 0.0032138009 0.036861003 0.034451238 -0.0031958776 0.99999474 -0.0005451593 -0.0014491205 -0.036862564 0.00042698278 0.99932025 0.26623796
0.99796907 0.0051281305 0.063493675 0.050596474 -0.0051956825 0.9999861 0.00089884279 0.0020562659 -0.063488188 -0.0012269103 0.99798184 0.40147076
0.99531502 0.0047787405 0.096566899 0.10725628 -0.0051081282 0.99998195 0.003164047 0.0011009196 -0.096550043 -0.0036424996 0.99532147 0.59567274
0.99099534 0.0013973843 0.1338891 0.17647176 -0.0021175461 0.99998405 0.0052365441 0.00039368884 -0.13387965 -0.0054729071 0.99098249 0.78083919
0.98472341 -0.0018771716 0.1741157 0.24504078 0.00090594717 0.99998359 0.0056573502 -0.005498656 -0.17412348 -0.0054131855 0.98470895 0.97942773
0.97603504 -0.0018663549 0.21760541 0.32932857 0.00038372752 0.99997643 0.0068554335 -0.0043159652 -0.2176131 -0.0066076421 0.97601275 1.1861914
0.96413649 -0.0019109958 0.26540001 0.42600224 -0.00073464275 0.99995103 0.0098688694 0.0048648247 -0.2654059 -0.0097099113 0.96408788 1.3986315
0.94974285 -0.0057129954 0.31297903 0.55817904 0.00044716265 0.99985719 0.016894071 0.0079569353 -0.31303088 -0.01590507 0.94960977 1.635723
0.93292209 -0.015304861 0.35975286 0.71669872 0.0067149976 0.99966202 0.025114793 -0.001214424 -0.36001568 -0.021014406 0.93270956 1.848161
0.91155162 -0.021182487 0.41063966 0.87208949 0.009687471 0.99950134 0.030053829 -0.0035782259 -0.41107153 -0.023417557 0.91130227 2.0503033
0.88649431 -0.022957305 0.46216964 1.0483989 0.0082950152 0.99939649 0.03373213 -0.00064216487 -0.46266516 -0.026069637 0.88614973 2.3265241
0.85862354 -0.02522132 0.51198583 1.2319414 0.0064808167 0.99924313 0.038355845 0.017283666 -0.51256575 -0.029615145 0.85813712 2.5104717
0.82598796 -0.030471978 0.5628635 1.4475694 0.0074279593 0.99903948 0.043185078 0.021000578 -0.56363884 -0.031489427 0.82542092 2.7505434
0.79030527 -0.03616053 0.61164529 1.6794931 0.0097867353 0.99887462 0.046408152 0.023834063 -0.61263515 -0.030690597 0.78976977 2.9577001
0.75266391 -0.040750238 0.65714262 1.9604213 0.011171238 0.99872955 0.049137399 0.036893056 -0.65831017 -0.02964285 0.75216292 3.1703343
0.71314748 -0.044100811 0.69962543 2.241476 0.012390444 0.99865627 0.050320266 0.044730071 -0.70090455 -0.027217101 0.71273563 3.3897967
0.67156181 -0.045801342 0.73953156 2.5379782 0.011163615 0.99859982 0.051708617 0.062292214 -0.74086446 -0.026469687 0.67113281 3.6009927
0.62839058 -0.046055405 0.7765334 2.886656 0.0066815986 0.99852858 0.053814793 0.083660101 -0.77786932 -0.028628225 0.62777368 3.801419
0.58548902 -0.046987898 0.80931742 3.2216259 0.0040545902 0.99847609 0.055036964 0.10128791 -0.81067023 -0.028942087 0.5847873 4.0188685
0.5459902 -0.047943659 0.83641859 3.5859009 0.0019158607 0.99843008 0.055979566 0.11744975 -0.83778941 -0.028961832 0.54522489 4.231283
0.50660247 -0.050665406 0.86068978 4.0085101 0.0011757595 0.99831155 0.058074603 0.13455153 -0.86217899 -0.028408773 0.50580667 4.4325504
0.4704644 -0.050522132 0.88097145 4.4240893 -0.0020591015 0.99829406 0.058349992 0.15297674 -0.88241661 -0.029265603 0.46955778 4.6234198
0.43353647 -0.049777395 0.89976012 4.8869754 -0.0028330165 0.99839297 0.056599104 0.18236525 -0.90113161 -0.027086811 0.43269874 4.8281974
0.39897112 -0.048536141 0.91567801 5.4001905 -0.0017020031 0.99855723 0.053670792 0.19919702 -0.91696195 -0.022971583 0.39831289 4.9971277
0.36957037 -0.046921807 0.92801725 5.8898775 0.00018287294 0.99872787 0.050424205 0.22400775 -0.92920277 -0.018465582 0.36910881 5.1765589
0.34477687 -0.045082813 0.9376014 6.4417034 0.0013036778 0.99886804 0.047549314 0.24718489 -0.93868381 -0.015171573 0.34444536 5.342435
0.3232836 -0.04438262 0.94526072 7.0109709 0.0018337587 0.99892704 0.046275249 0.26959993 -0.94630039 -0.013226648 0.32301811 5.5442318
0.30902178 -0.044925601 0.94999324 7.5821348 0.0032707848 0.99892797 0.046175798 0.2971237 -0.95104938 -0.011162103 0.30883744 5.7214565
0.29742447 -0.046439046 0.95361524 8.2028275 0.0040340255 0.99886857 0.047384609 0.31416622 -0.95473687 -0.010246434 0.2972753 5.8973993
0.28720872 -0.048361195 0.95664636 8.8438154 0.003415437 0.99877 0.049465267 0.34247802 -0.95786197 -0.01093949 0.28702063 6.0975605
0.27629583 -0.050000652 0.95977105 9.5163699 0.0016121012 0.99866844 0.051562981 0.37316785 -0.96107133 -0.012699388 0.27600853 6.2842229
0.26577033 -0.051631041 0.96265274 10.211473 0.00049166247 0.99857192 0.053421795 0.40014634 -0.96403629 -0.013724627 0.26541617 6.4585779
0.25629066 -0.053784441 0.9651022 10.920287 2.174564e-05 0.99845105 0.055637173 0.43154577 -0.9665998 -0.0142383 0.25589485 6.6749553
0.24628922 -0.055369642 0.96761343 11.651656 -0.00022231066 0.99836353 0.057185837 0.46521032 -0.96919639 -0.014299365 0.24587386 6.8685372
0.23486624 -0.056669698 0.97037432 12.422864 -0.0010342355 0.99828395 0.058549938 0.49027584 -0.97202719 -0.014754999 0.23440459 7.0289536
0.22651581 -0.059654713 0.97217891 13.172485 -0.0017029546 0.99809688 0.061641873 0.52697748 -0.97400604 -0.015618435 0.22598313 7.2177402
0.21340706 -0.063031775 0.97492786 13.941234 -0.0044278801 0.99784389 0.0654826 0.56901023 -0.97695338 -0.018291313 0.21266784 7.3722786
0.2009752 -0.066723927 0.97732124 14.747502 -0.004280133 0.99760823 0.068989127 0.61089416 -0.97958702 -0.018048168 0.20020892 7.5435058
0.18797642 -0.069305763 0.97972521 15.537803 -0.0054366166 0.99741857 0.071600495 0.64541272 -0.98215854 -0.018785595 0.18711438 7.6992056
0.17409392 -0.069998983 0.98223794 16.335438 -0.005693531 0.99738207 0.072087359 0.68594755 -0.98471263 -0.018142373 0.17323961 7.8266986
0.15999112 -0.06922683 0.98468797 17.125606 -0.0071952597 0.99742956 0.071291683 0.72378252 -0.98709227 -0.018491122 0.15908177 7.9734477
0.14330229 -0.06827636 0.98732098 17.922388 -0.0081551982 0.99750213 0.070164084 0.76339764 -0.98964541 -0.018106472 0.14238754 8.0857056
0.12245006 -0.066768984 0.99022614 18.750915 -0.011125956 0.99757941 0.068640621 0.79766496 -0.99241235 -0.019422261 0.12141079 8.1620241
0.098468017 -0.06561812 0.99297443 19.568513 -0.014968186 0.99761314 0.067408972 0.84146871 -0.99502768 -0.021500654 0.097250803 8.2639282
0.068198714 -0.065002278 0.99555188 20.377707 -0.019312392 0.99760223 0.066459115 0.88245468 -0.99748486 -0.023758914 0.066779839 8.3071091
0.032713129 -0.064609866 0.99737422 21.263142 -0.022906549 0.99759777 0.065375665 0.92233543 -0.99920229 -0.024985043 0.031154554 8.3291862
-0.00037866463 -0.064111556 0.99794262 22.04864 -0.023702765 0.99766294 0.064084594 0.95091526 -0.99971902 -0.023629733 -0.0018974024 8.3434456
-0.0324437 -0.063168585 0.99747534 22.925548 -0.024201977 0.99775778 0.062399282 0.98897159 -0.99918054 -0.022116412 -0.03389976 8.3122612
-0.067342051 -0.060802426 0.99587551 23.78316 -0.027117496 0.99788419 0.059091353 1.0192559 -0.99736141 -0.023026317 -0.068848379 8.237365
-0.099111462 -0.057749078 0.99339915 24.596506 -0.02937728 0.99804922 0.055088427 1.0523337 -0.99464264 -0.02372347 -0.10061463 8.1671469
-0.13068836 -0.05338345 0.98998519 25.419622 -0.026887719 0.99837285 0.050286283 1.0794409 -0.99105887 -0.02004661 -0.13191108 8.0097347
-0.16268128 -0.047940683 0.98551327 26.27843 -0.022087443 0.99874556 0.044938341 1.0970306 -0.98643146 -0.014456841 -0.16353609 7.9106517
-0.19399584 -0.041579098 0.98012076 27.091342 -0.016221863 0.99910074 0.039173473 1.1092629 -0.98086826 -0.0082998931 -0.19449588 7.6993509
-0.22351384 -0.03570507 0.97404652 27.924123 -0.010442431 0.9993592 0.034236724 1.1230325 -0.97464486 -0.0025190309 -0.22374347 7.5367396
-0.25005705 -0.029122975 0.96779298 28.744603 -0.0017239192 0.99955935 0.02963347 1.1417774 -0.96822961 0.0057416622 -0.24999707 7.277278
-0.27701404 -0.018949099 0.96067897 29.532817 0.0043843186 0.99977019 0.020984391 1.1449397 -0.96085591 0.010024894 -0.2768673 7.0122742
-0.30121765 -0.0037718847 0.95354791 30.331992 0.00905784 0.99993574 0.006816673 1.1307683 -0.95351243 0.010690388 -0.30116413 6.7705776
-0.32733834 0.012862442 0.94481961 31.074549 0.0096288329 0.99990084 -0.010276332 1.1084859 -0.94485818 0.0057336737 -0.32742973 6.4938877
-0.35164453 0.027991614 0.93571498 31.877263 0.0089468371 0.9996077 -0.026540695 1.0825149 -0.93609089 -0.00096119975 -0.35175702 6.1356611
-0.37502521 0.038675053 0.92620746 32.620925 0.012011256 0.99924819 -0.03686156 1.0470854 -0.92693683 -0.0026990992 -0.37520781 5.8213056
-0.40001979 0.043368272 0.91547981 33.379342 0.016576944 0.99905878 -0.040084277 0.99939344 -0.91635661 -0.00085864532 -0.4003622 5.5256096
-0.42138149 0.042319438 0.90589549 34.136562 0.018703568 0.99910369 -0.037973661 0.95000789 -0.90669062 0.0009420809 -0.42179533 5.1418686
-0.44182768 0.039251018 0.89624081 34.894057 0.022886701 0.99921038 -0.032477929 0.90571958 -0.89680799 0.006162348 -0.44237713 4.7540825
-0.46036591 0.038357823 0.88690013 35.616378 0.029596192 0.99917385 -0.027850999 0.86614408 -0.8872358 0.013427217 -0.46112083 4.3806208
-0.47427917 0.039317266 0.87949608 36.32069 0.033991475 0.99907516 -0.026332641 0.8253905 -0.87971809 0.017406347 -0.47517699 3.9884416
-0.48589163 0.042202318 0.87299956 37.01764 0.036274382 0.99894669 -0.028101327 0.77236526 -0.87326603 0.018013321 -0.4869107 3.5866031
-0.49548844 0.045164621 0.86743951 37.721323 0.038338959 0.99881119 -0.030105174 0.73727368 -0.86776806 0.018339964 -0.49663096 3.1922369
-0.50620406 0.0440269 0.86128916 38.377057 0.031181511 0.99897742 -0.032738913 0.67162656 -0.86184989 0.010283729 -0.50705925 2.8032936
-0.5171497 0.04299442 0.85481437 39.09493 0.030453959 0.99902943 -0.031823791 0.657128 -0.85535303 0.0095748188 -0.51795713 2.3748185
-0.52600799 0.04441814 0.84931888 39.754542 0.032440345 0.99895637 -0.032152708 0.60755185 -0.84986074 0.010639618 -0.52689997 1.9547896
-0.53343591 0.047562674 0.84450214 40.418352 0.036119666 0.99878794 -0.033436857 0.5676008 -0.84506897 0.012666716 -0.5345073 1.5143852
-0.53655656 0.050962614 0.84232405 41.156433 0.037064769 0.99863469 -0.036809692 0.5275982 -0.84305001 0.011470066 -0.53771291 1.0723729
-0.53660674 0.052167872 0.8422183 41.840449 0.036372484 0.99858948 -0.038679481 0.48215843 -0.84304822 0.0098779024 -0.53774732 0.63646945
-0.53301229 0.053144376 0.8444368 42.572317 0.038898143 0.99850936 -0.038288204 0.44421321 -0.84521292 0.012438941 -0.53428499 0.16768202
-0.52751671 0.051891393 0.84795834 43.314011 0.037188144 0.9985865 -0.037974361 0.39860185 -0.84873036 0.011501887 -0.52870081 -0.29003961
-0.52009338 0.050673403 0.85260484 44.068571 0.034741824 0.99866746 -0.038161741 0.35357881 -0.85340257 0.0097733793 -0.52116082 -0.76187007
-0.51343337 0.049778144 0.85668445 44.828521 0.033244385 0.99872052 -0.038107002 0.30877629 -0.8574853 0.0089145418 -0.51443129 -1.1946696
-0.50640594 0.048502642 0.86092999 45.65099 0.030150781 0.99880227 -0.038535088 0.25744034 -0.86176796 0.0064433149 -0.5072618 -1.6775841
-0.50266775 0.046489547 0.8632287 46.469133 0.026074317 0.99891397 -0.038613567 0.20969378 -0.86408641 0.0030983051 -0.50333402 -2.1242387
-0.50062739 0.043347148 0.86457688 47.321647 0.021348419 0.99905998 -0.037728047 0.16675897 -0.86539963 -0.00043034306 -0.50108218 -2.5965323
-0.50095085 0.041369067 0.86448643 48.161625 0.018646132 0.999141 -0.037007793 0.11363243 -0.86527489 -0.002419756 -0.50129191 -3.0785422
-0.50263572 0.039734019 0.86358467 48.981033 0.016867456 0.99920378 -0.036156495 0.070444024 -0.86433378 -0.0036070689 -0.50290572 -3.5594014
-0.50355089 0.039320053 0.86307032 49.847393 0.017273329 0.99922234 -0.035444939 0.019570177 -0.86379291 -0.0029402325 -0.50383848 -4.0544792
-0.50302265 0.038371253 0.86342099 50.735287 0.016612419 0.99925866 -0.034729736 -0.031097078 -0.8641136 -0.0031263316 -0.50328718 -4.5763559
-0.50290325 0.037660489 0.86352182 51.630486 0.016745323 0.99928733 -0.033829336 -0.08595115 -0.86418052 -0.0025529305 -0.50317549 -5.0875853
-0.503422 0.037416272 0.86323012 52.538676 0.016710789 0.9992967 -0.033568543 -0.14470271 -0.8638791 -0.0024738858 -0.50369321 -5.5931093
-0.50387614 0.035961962 0.86302694 53.403135 0.015059805 0.99934684 -0.032849722 -0.18670719 -0.86364466 -0.0035551727 -0.50408861 -6.0989758
-0.50248401 0.03540154 0.86386138 54.321142 0.014410017 0.99936548 -0.032572671 -0.24885347 -0.86446644 -0.0039189886 -0.50267532 -6.628785
-0.50340717 0.034791934 0.86334853 55.202876 0.013600348 0.99938426 -0.032343829 -0.29587028 -0.86394231 -0.0045402742 -0.50357039 -7.1200505
-0.50098796 0.033227644 0.86481612 56.108103 0.012844802 0.99943812 -0.030959046 -0.35408904 -0.86535896 -0.0044017169 -0.50113327 -7.6472539
-0.50031261 0.031035372 0.86528841 56.992489 0.013563257 0.99951569 -0.028007392 -0.40182273 -0.86573864 -0.0022763223 -0.50049125 -8.1294532
-0.49732405 0.02973491 0.86705511 57.884694 0.013709244 0.99955704 -0.026415623 -0.45760801 -0.86745657 -0.0012504542 -0.4975114 -8.6541719
-0.49519902 0.029189709 0.86828902 58.762323 0.013710265 0.99957352 -0.025783983 -0.50960031 -0.86867141 -0.00086373003 -0.49538802 -9.1499539
-0.49325224 0.029684001 0.86937968 59.673365 0.014495266 0.99955932 -0.025904787 -0.55945628 -0.86976559 -0.00017570359 -0.49346515 -9.666089
-0.49262859 0.030053117 0.86972054 60.561908 0.014594493 0.99954827 -0.026272664 -0.60549828 -0.87011731 -0.00024953438 -0.49284467 -10.142749
-0.49233817 0.031704928 0.86982634 61.445078 0.014201296 0.99949595 -0.028393146 -0.65571637 -0.87028818 -0.0016263674 -0.49254026 -10.645866
-0.49505698 0.033352713 0.86822009 62.328148 0.012456883 0.99943271 -0.031290366 -0.71000198 -0.86877125 -0.0046751972 -0.49519161 -11.15039
-0.49986134 0.033918391 0.865441 63.180994 0.011278143 0.99940306 -0.032654605 -0.76166702 -0.86603205 -0.0065622065 -0.49994549 -11.636964
-0.50514414 0.032282365 0.86243097 64.07086 0.010938239 0.99945938 -0.031004828 -0.81614708 -0.86296571 -0.0062284304 -0.50522416 -12.157086
-0.51016787 0.0307869 0.85952362 64.915293 0.014915569 0.99952554 -0.026948472 -0.86676673 -0.85994554 -0.00092795971 -0.51038502 -12.662665
-0.51647782 0.028414919 0.85582895 65.792596 0.011815371 0.99959061 -0.02605767 -0.91972762 -0.85621909 -0.003346271 -0.51660211 -13.161992
-0.52072814 0.030504433 0.85317737 66.629195 0.012941565 0.99952866 -0.027838311 -0.96675268 -0.8536245 -0.0034547402 -0.52087748 -13.691567
-0.52607886 0.033595176 0.84977193 67.47339 0.013933357 0.9994258 -0.030885746 -1.0159335 -0.85032168 -0.0044081616 -0.52624488 -14.181973
-0.53073384 0.033291934 0.84688439 68.310507 0.012030651 0.99942347 -0.031748921 -1.0687443 -0.84745319 -0.0066616557 -0.53082838 -14.706902
-0.53441706 0.033578722 0.84455362 69.117018 0.010840149 0.99940065 -0.03287587 -1.1249613 -0.84515144 -0.0084143379 -0.53446076 -15.21509
-0.53745278 0.033182871 0.8426407 69.945482 0.01103008 0.99941666 -0.032321446 -1.1783518 -0.84322174 -0.0080768564 -0.53750527 -15.747974
-0.54063514 0.026371182 0.84084371 70.791943 0.012639351 0.99965036 -0.023225105 -1.2284177 -0.84116226 -0.0019285889 -0.54077943 -16.268889
-0.54271946 0.018288713 0.83971487 71.60854 0.013570887 0.99982334 -0.013004768 -1.2625161 -0.83980443 0.004337736 -0.54287177 -16.789133
-0.54432574 0.015594428 0.83872895 72.434673 0.013592154 0.9998599 -0.0097691667 -1.2999592 -0.83876385 0.006082525 -0.54446144 -17.325978
-0.54540023 0.020944783 0.83791399 73.219275 0.013857825 0.99977642 -0.015970659 -1.336515 -0.83806122 0.0029012648 -0.54556854 -17.833952
-0.54650416 0.026082441 0.83705009 74.013243 0.014353439 0.99965979 -0.02177809 -1.3754484 -0.83733341 0.00011273093 -0.54669261 -18.357512
-0.54693806 0.031251 0.83658955 74.818289 0.020765632 0.99950199 -0.023760661 -1.408547 -0.83691553 0.0043767019 -0.54731462 -18.885304
-0.54639452 0.031985656 0.83691689 75.612605 0.023994273 0.99945813 -0.022532684 -1.4515248 -0.83718418 0.0077694778 -0.54686592 -19.420971
-0.54586877 0.029133273 0.83736401 76.418398 0.023213999 0.99953753 -0.019642595 -1.5039041 -0.83754908 0.0087162888 -0.54629262 -19.936924
-0.54556249 0.023876298 0.83772993 77.212861 0.02122414 0.99966711 -0.01466971 -1.5297679 -0.83780138 0.0097768549 -0.54588764 -20.445018
-0.54520349 0.018375872 0.83810228 78.00771 0.020118274 0.99975859 -0.0088329094 -1.5582903 -0.83806233 0.01204544 -0.54544156 -20.950328
-0.54420984 0.011780729 0.83886638 78.815863 0.011256897 0.99991393 -0.0067395718 -1.5905335 -0.83887365 0.0057752923 -0.54429561 -21.459403
-0.54311548 0.0060673254 0.83963605 79.620876 0.0020212813 0.99998044 -0.0059185362 -1.6203415 -0.83965561 -0.0015173072 -0.54311712 -21.952691
-0.54155687 0.0065793718 0.84063834 80.428148 0.0053454651 0.99997611 -0.0043827887 -1.641103 -0.84064716 0.0021200744 -0.5415791 -22.46925
-0.53854126 0.010064366 0.842539 81.219895 0.010884754 0.99992832 -0.0049870148 -1.6724958 -0.84252887 0.0064851173 -0.53861221 -22.97579
-0.53280408 0.013330387 0.84613359 82.018297 0.011607291 0.99989698 -0.0084438211 -1.7013564 -0.84615906 0.0053224175 -0.53290392 -23.471567
-0.52409513 0.015234886 0.85152341 82.737842 0.016690509 0.9998317 -0.0076156534 -1.723961 -0.8514962 0.010221033 -0.52426121 -23.917053
-0.51607164 0.018481383 0.85634598 83.554146 0.025034799 0.99966553 -0.0064873914 -1.7575352 -0.85617953 0.018090492 -0.5163617 -24.418413
-0.50661397 0.017793608 0.86198934 84.352505 0.023169095 0.99970692 -0.0070193498 -1.7813876 -0.86186167 0.016415414 -0.50687775 -24.873174
-0.49592153 0.014752803 0.86824198 85.17315 0.018939798 0.99980159 -0.0061701935 -1.8021756 -0.86816081 0.013384397 -0.49610255 -25.341473
-0.48386761 0.012124784 0.87505718 85.983679 0.020688466 0.99978306 -0.0024131844 -1.8279306 -0.87489667 0.01693593 -0.48401348 -25.783861
-0.47337536 0.010467752 0.88079857 86.810121 0.019608311 0.99980684 -0.0013438241 -1.8548072 -0.88064257 0.01663484 -0.47348918 -26.218053
-0.46194475 0.0098776564 0.88685366 87.628783 0.020322372 0.99979333 -0.00055003584 -1.8703711 -0.88667588 0.017768885 -0.46205002 -26.62473
-0.44988744 0.011648498 0.89300926 88.437205 0.023386033 0.99972572 -0.0012589125 -1.8888141 -0.89277906 0.020317576 -0.45003646 -27.039162
-0.43752326 0.014770454 0.89908574 89.276652 0.023069499 0.99972035 -0.0051973691 -1.9194384 -0.89891115 0.018467489 -0.43774166 -27.437267
-0.42621581 0.023803833 0.90430824 90.115444 0.023630228 0.99960559 -0.015174988 -1.9488583 -0.90431287 0.014901191 -0.4266102 -27.824013
-0.41258793 0.029910624 0.91042654 90.94528 0.025864913 0.99944246 -0.021113615 -1.9755271 -0.91055053 0.014836882 -0.41313153 -28.195445
-0.40170556 0.025481883 0.91541425 91.788637 0.02225751 0.99958917 -0.018057888 -2.0040526 -0.9154984 0.013120889 -0.40210769 -28.558365
-0.39026229 0.022289932 0.92043383 92.612991 0.024373704 0.99960666 -0.013872834 -2.0427404 -0.92038108 0.017020339 -0.39065207 -28.893433
-0.38040696 0.022426013 0.92454721 93.467796 0.020481006 0.99966505 -0.015821132 -2.0815376 -0.92459242 0.012917189 -0.38073885 -29.220563
-0.3726554 0.026881741 0.92758032 94.335799 0.016092768 0.99961722 -0.022504136 -2.1179045 -0.92783029 0.0065410483 -0.37294536 -29.568855
-0.36837554 0.03108963 0.92915705 95.147299 0.0073952454 0.99950705 -0.030511608 -2.1563259 -0.9296477 -0.0043683849 -0.36842387 -29.873893
-0.36481227 0.03412529 0.93045548 96.00511 0.0064720675 0.99939692 -0.034116214 -2.1975549 -0.93105864 -0.0064240423 -0.36481312 -30.197171
-0.36032585 0.034017926 0.93220598 96.868531 0.005475105 0.99939475 -0.034353473 -2.248311 -0.93281047 -0.0072745182 -0.36029402 -30.516154
-0.35596803 0.032854677 0.93392037 97.70829 0.0024660855 0.99941133 -0.034218643 -2.3019536 -0.93449492 -0.009877615 -0.35583951 -30.827455
-0.35100265 0.029022996 0.93592453 98.5314 0.00069268236 0.99952731 -0.030735537 -2.3489535 -0.93637425 -0.010139956 -0.35085684 -31.14188
-0.34477668 0.0249377 0.93835339 99.406747 0.00018086182 0.99964879 -0.026500233 -2.3916033 -0.93868476 -0.0089669494 -0.3446601 -31.458404
-0.33934363 0.022548671 0.94039214 100.25251 -0.00042559721 0.99970887 -0.024124541 -2.4297881 -0.94066242 -0.0085867369 -0.33923524 -31.754662
-0.33309834 0.021229543 0.94265302 101.12967 -0.0048684842 0.99969445 -0.024234515 -2.477519 -0.94287956 -0.012661768 -0.33289321 -32.038787
-0.32698317 0.020577038 0.94480607 101.96947 -0.017248801 0.99946643 -0.027737041 -2.5151903 -0.94487278 -0.025366317 -0.32645377 -32.312023
-0.32031013 0.02414891 0.94700484 102.81171 -0.014241274 0.9994393 -0.030302899 -2.5561935 -0.94720572 -0.023192881 -0.31978663 -32.595806
-0.31334552 0.028306284 0.94921718 103.67539 -0.012017418 0.99935743 -0.03376856 -2.6067975 -0.94956318 -0.021988366 -0.31280401 -32.870387
-0.30666621 0.026558036 0.95144649 104.52296 -0.01408574 0.99937456 -0.032435922 -2.6503105 -0.95171293 -0.023348829 -0.30610032 -33.135637
-0.29929588 0.021562832 0.95391663 105.41012 -0.01452466 0.99952582 -0.027150985 -2.6946812 -0.95404983 -0.021981492 -0.29884077 -33.410224
-0.29234177 0.018852875 0.95612801 106.25851 -0.013925063 0.99961574 -0.023968032 -2.7310364 -0.95621256 -0.020320999 -0.29196691 -33.648704
-0.28601729 0.021280748 0.95798808 107.11421 -0.018468778 0.99944522 -0.02771572 -2.78183 -0.9580465 -0.025620044 -0.28546559 -33.906283
-0.27980067 0.024232753 0.9597522 107.97008 -0.01765019 0.9993826 -0.030379013 -2.8221105 -0.9598959 -0.025439877 -0.27920021 -34.130058
-0.2729391 0.025330461 0.96169774 108.8152 -0.018903266 0.99931909 -0.031686309 -2.8592418 -0.96184562 -0.02682766 -0.27227443 -34.37154
-0.26578968 0.024194153 0.96372735 109.6854 -0.020035714 0.99933046 -0.030613677 -2.9080785 -0.96382285 -0.027445765 -0.26512698 -34.590336
-0.25864645 0.024322577 0.96566575 110.53472 -0.015901501 0.99944028 -0.029432367 -2.9500268 -0.96584121 -0.022968112 -0.25811492 -34.810311
-0.25065678 0.025235493 0.96774701 111.39551 -0.012189061 0.99949867 -0.029220561 -2.9960931 -0.96799932 -0.019120259 -0.25022352 -35.037604
-0.2435749 0.025788813 0.96953913 112.28455 -0.010775081 0.99951279 -0.029293079 -3.0416741 -0.96982228 -0.01758192 -0.24317835 -35.257615
-0.23722315 0.025097976 0.97113088 113.13341 -0.016522332 0.99941738 -0.029865008 -3.0775797 -0.97131471 -0.023130018 -0.23667026 -35.435322
-0.23129783 0.022830538 0.97261503 114.00792 -0.021866044 0.99935008 -0.028658067 -3.1258516 -0.97263728 -0.027895792 -0.23064829 -35.641292
-0.22644076 0.02314801 0.9737498 114.89386 -0.018691633 0.9994302 -0.028105131 -3.1645873 -0.97384562 -0.024565121 -0.22587907 -35.846026
-0.2219669 0.023428503 0.97477265 115.7471 -0.016309253 0.99948222 -0.027736196 -3.2097838 -0.97491783 -0.022054331 -0.22146987 -36.03295
-0.21716914 0.02505018 0.97581247 116.6238 -0.015504809 0.99945602 -0.029107763 -3.2482107 -0.97601088 -0.021451094 -0.21666261 -36.225273
-0.21110287 0.023872082 0.97717226 117.48273 -0.010308469 0.99959176 -0.026646768 -3.2898323 -0.97740953 -0.015698359 -0.21077061 -36.403682
-0.20638743 0.022787101 0.97820494 118.35088 -0.002984373 0.99970948 -0.023917705 -3.3313022 -0.97846584 -0.0078556413 -0.20625947 -36.592338
-0.20085987 0.021858414 0.97937605 119.23925 0.00012196814 0.99975158 -0.022288154 -3.3746077 -0.97962002 -0.0043573423 -0.20081264 -36.787382
-0.19724502 0.023195779 0.98007973 120.0976 -0.002273838 0.99970653 -0.024117909 -3.4089369 -0.98035163 -0.0069856794 -0.1971344 -36.938073
-0.19361433 0.02523962 0.98075296 120.96534 -0.0047013712 0.99963367 -0.026653629 -3.4477968 -0.9810665 -0.0097714076 -0.19342475 -37.104651
-0.19206742 0.024545112 0.9810747 121.85954 -0.0065317419 0.99963307 -0.02628815 -3.4879793 -0.98136004 -0.011457223 -0.19183663 -37.26299
-0.19088959 0.023507333 0.98132996 122.70892 -0.0079453918 0.99964346 -0.025491571 -3.5302762 -0.9815794 -0.012663126 -0.19063476 -37.423813
-0.18998364 0.019136636 0.98160069 123.60315 -0.0070355935 0.99975781 -0.020852316 -3.564455 -0.98176209 -0.010867742 -0.18980299 -37.5934
-0.18905194 0.01364499 0.98187224 124.44747 -0.0058955084 0.99986966 -0.015030231 -3.6013771 -0.98194943 -0.0086301297 -0.18894685 -37.746179
-0.18789607 0.011409863 0.9821226 125.31749 -0.0047220326 0.99991047 -0.012519915 -3.6385001 -0.98217761 -0.006990057 -0.18782537 -37.907983
-0.18697147 0.016235012 0.98223114 126.1929 -0.0059466292 0.9998264 -0.017657802 -3.6667984 -0.98234739 -0.0091424688 -0.18684247 -38.068831
-0.18676305 0.020112483 0.98219905 127.03808 -0.0061379182 0.99974701 -0.021638923 -3.7070492 -0.98238586 -0.010070008 -0.18659235 -38.226374
-0.18686752 0.019071391 0.98219994 127.88769 -0.0091694313 0.99973413 -0.021156373 -3.7362512 -0.98234237 -0.012959653 -0.18664296 -38.378406
-0.18605446 0.018685608 0.9823617 128.74059 -0.0091030398 0.99974345 -0.020740298 -3.773711 -0.98249731 -0.012801302 -0.18583663 -38.531407
-0.18551525 0.018761011 0.98246223 129.57961 -0.0048355881 0.99978819 -0.020004953 -3.8108731 -0.98262953 -0.0084620058 -0.18538523 -38.691658
-0.18525898 0.021575913 0.9824528 130.42649 -0.0064014356 0.99971123 -0.023162033 -3.8470952 -0.98266892 -0.010580082 -0.18506736 -38.841191
-0.18514009 0.022783113 0.98244796 131.26397 -0.016583401 0.99951643 -0.026304036 -3.8814777 -0.98257225 -0.021162259 -0.18467275 -38.977208
-0.1847659 0.023894779 0.98249199 132.09997 -0.021637761 0.99936315 -0.028374257 -3.9196575 -0.98254438 -0.026501521 -0.1841312 -39.121699
-0.18465601 0.027280041 0.98242449 132.93819 -0.021597545 0.99926066 -0.031807011 -3.9696209 -0.98256592 -0.027091312 -0.18393031 -39.270698
-0.18364224 0.028051604 0.98259277 133.77311 -0.019219597 0.99929919 -0.032120603 -4.0125749 -0.98280528 -0.024783736 -0.1829744 -39.42141
-0.18213498 0.029618554 0.9828273 134.59958 -0.018038159 0.99927736 -0.033457076 -4.0588272 -0.98310811 -0.023822099 -0.1814691 -39.572119
-0.18037203 0.028620787 0.98318193 135.40222 -0.014215746 0.9993963 -0.031700777 -4.0953813 -0.98349577 -0.019694598 -0.17985628 -39.719316
-0.17706728 0.025546077 0.98386711 136.22291 -0.005398917 0.99962283 -0.026926819 -4.145129 -0.98418398 -0.010079675 -0.17686258 -39.873167
-0.17524332 0.02119671 0.9842969 137.02429 0.0018336333 0.9997735 -0.021203537 -4.1770471 -0.98452349 -0.0019109379 -0.1752425 -40.020148
-0.17134323 0.021051086 0.98498643 137.85165 0.0052558371 0.999777 -0.020452909 -4.2080669 -0.98519742 0.0016724617 -0.17141566 -40.162464
-0.16652381 0.025147112 0.98571667 138.68019 0.0014143227 0.9996798 -0.0252644 -4.2594399 -0.98603646 -0.0028130018 -0.16650605 -40.285344
-0.15972453 0.028671627 0.98674512 139.50271 0.0034365092 0.99958821 -0.028488536 -4.2951741 -0.98715569 -0.0011593585 -0.15975729 -40.414743
-0.15166893 0.029110745 0.98800254 140.29381 -0.0012912443 0.99955952 -0.029649482 -4.3339707 -0.98843055 -0.0057726571 -0.15156454 -40.529833
-0.14225758 0.025250659 0.9895075 141.05933 0.0055334529 0.99967923 -0.024714701 -4.3663665 -0.98981425 0.0019595404 -0.14235168 -40.636765
-0.1298566 0.023970337 0.99124296 141.85804 0.016413381 0.99962273 -0.022022761 -4.3998791 -0.99139697 0.013409848 -0.13020105 -40.748294
-0.1161977 0.0262008 0.99288042 142.65142 0.015689272 0.99957569 -0.024541348 -4.439703 -0.99310222 0.012725924 -0.11655947 -40.835235
-0.1020181 0.027784631 0.99439441 143.41403 0.017490748 0.99950545 -0.026133007 -4.4704208 -0.99462881 0.014726663 -0.10245362 -40.905794
-0.088727746 0.027390416 0.9956792 144.22321 0.015831781 0.99953434 -0.026085653 -4.5090223 -0.99593013 0.013448855 -0.08912007 -40.97748
-0.074538558 0.028726611 0.99680424 145.03115 0.01966211 0.99943302 -0.027332083 -4.5495284 -0.99702432 0.017561981 -0.075061123 -41.027565
-0.060760192 0.034625764 0.99755159 145.83046 0.017491166 0.9992816 -0.033620438 -4.5995571 -0.99799917 0.015405557 -0.061322189 -41.064994
-0.047922254 0.044027217 0.99788024 146.56951 0.010230029 0.99899734 -0.043585215 -4.6391098 -0.99879872 0.0081196434 -0.048324605 -41.084795
-0.034789702 0.052641771 0.99800723 147.34796 0.0026918446 0.99861309 -0.052579891 -4.6862964 -0.99939107 0.00085724243 -0.034883157 -41.080183
-0.021495538 0.053611093 0.99833046 148.12259 0.0014587946 0.99856184 -0.053592107 -4.7360444 -0.99976792 0.00030436881 -0.021542833 -41.092775
-0.0091388689 0.049450158 0.99873474 148.8801 0.001310745 0.99877622 -0.049440217 -4.7875477 -0.99995742 0.00085725974 -0.0091925031 -41.09202
0.0014716955 0.046666817 0.99890938 149.62414 0.0004025172 0.9989104 -0.046667456 -4.8393504 -0.99999888 0.00047075935 0.0014513062 -41.06773
0.010551716 0.052879915 0.99854509 150.38541 -0.0045635605 0.99859287 -0.05283422 -4.9050756 -0.99993396 -0.0039994285 0.010778188 -41.051547
0.017288542 0.061692516 0.99794542 151.18127 -0.011619546 0.99803963 -0.061497039 -4.957547 -0.99978306 -0.010532478 0.017971488 -41.022027
0.021105394 0.064933395 0.99766634 151.9271 -0.016162618 0.99778041 -0.064598901 -5.010259 -0.99964665 -0.014761514 0.022108041 -41.008498
0.019412655 0.06040368 0.9979852 152.61601 -0.02186739 0.99796022 -0.059976805 -5.0641725 -0.99957243 -0.020659022 0.020693927 -40.968116
0.019248732 0.055047468 0.99829814 153.39092 -0.011362902 0.99843073 -0.054835684 -5.1315648 -0.9997502 -0.010288046 0.019844023 -40.952283
0.016200826 0.052536441 0.99848754 154.17545 -0.011018193 0.99856739 -0.052361867 -5.1834254 -0.99980809 -0.010153222 0.016756472 -40.939492
0.013707785 0.052670627 0.99851781 154.91278 -0.013649555 0.99852849 -0.052483805 -5.2359878 -0.99981292 -0.012909887 0.014406543 -40.93254
0.0097331075 0.052756323 0.99855994 155.6694 -0.014502339 0.9985097 -0.052612311 -5.2925638 -0.99984751 -0.013969373 0.010483691 -40.917753
0.0047835738 0.05103706 0.99868526 156.41361 -0.013287452 0.99861181 -0.050969659 -5.3497448 -0.99990032 -0.013026165 0.0054550843 -40.908629
0.00014411473 0.051493543 0.99867327 157.12357 -0.01451996 0.99856815 -0.051486026 -5.3930178 -0.99989461 -0.014493276 0.00089159105 -40.897594
-0.0066799914 0.049633966 0.99874509 157.88429 -0.014758253 0.99865375 -0.049728134 -5.4454557 -0.99986882 -0.015071916 -0.0059384894 -40.894722
-0.012434421 0.046774548 0.99882803 158.62642 -0.011022382 0.9988382 -0.04691224 -5.4964124 -0.99986198 -0.01159279 -0.011904409 -40.908066
-0.017572466 0.046854437 0.99874711 159.37783 -0.012667273 0.99881079 -0.047080297 -5.5469194 -0.99976539 -0.013478719 -0.016958053 -40.918865
-0.022900821 0.048072196 0.99858126 160.07714 -0.013850343 0.99873214 -0.048397093 -5.591935 -0.99964184 -0.014939025 -0.022205971 -40.932829
-0.027101861 0.050440459 0.99835924 160.80826 -0.017144149 0.99855579 -0.050915789 -5.6474526 -0.99948569 -0.018495932 -0.026197963 -40.939821
-0.030192769 0.052544373 0.99816201 161.5357 -0.017033932 0.99844526 -0.05307453 -5.7012939 -0.99939898 -0.01860509 -0.029250791 -40.953916
-0.031071995 0.054222203 0.99804529 162.23015 -0.015545048 0.99838049 -0.054724373 -5.7560958 -0.9993963 -0.017215057 -0.030178788 -40.978354
-0.030171978 0.052171489 0.9981822 162.95415 -0.011289207 0.99855542 -0.052532232 -5.804269 -0.99948101 -0.012853686 -0.029539419 -41.003519
-0.026693979 0.048268684 0.99847758 163.67519 -0.0047745087 0.99881601 -0.048412687 -5.8465065 -0.99963229 -0.0060595665 -0.026431916 -41.027805
-0.019180421 0.047875081 0.99866912 164.3731 -0.0039611757 0.99884143 -0.047959418 -5.9012742 -0.99980823 -0.0048757849 -0.018968559 -41.031115
-0.0085451092 0.049343867 0.99874525 165.0587 -0.0034083401 0.99877452 -0.049374472 -5.9540048 -0.99995772 -0.0038259729 -0.0083664582 -41.028524
0.0052969929 0.049485301 0.99876076 165.74302 -0.00082871627 0.99877469 -0.049481594 -6.0013142 -0.99998567 -0.00056558481 0.0053315101 -41.020348
0.021731041 0.047436727 0.99863779 166.44586 -0.0012079869 0.99887423 -0.04742167 -6.0436678 -0.99976317 -0.00017581829 0.021763878 -40.997692
0.037496384 0.042441653 0.99839503 167.14754 -0.0050788045 0.99909287 -0.042280573 -6.0861767 -0.9992839 -0.0034852838 0.037677922 -40.954319
0.053744266 0.036042188 0.99790402 167.81478 -0.0070237181 0.99933731 -0.035715676 -6.1250999 -0.99853007 -0.005089483 0.053961799 -40.903876
0.069867408 0.028799051 0.99714045 168.47334 -0.0082489496 0.99956569 -0.028291109 -6.1649439 -0.99752222 -0.0062487341 0.070074625 -40.84315
0.088693197 0.021184515 0.99583365 169.18115 -0.0086812741 0.99975227 -0.020494684 -6.198508 -0.9960212 -0.006827365 0.088855132 -40.767116
0.10622489 0.014758327 0.99423256 169.83668 -0.010027821 0.9998549 -0.013770401 -6.2316466 -0.99429161 -0.0085072257 0.10635747 -40.685466
0.12414931 0.012274271 0.99218759 170.49416 -0.01113451 0.99987777 -0.010976179 -6.2611455 -0.99220112 -0.0096848368 0.12427081 -40.58817
0.14152583 0.011477943 0.98986798 171.11264 -0.0097962226 0.99990006 -0.010193659 -6.2762165 -0.98988613 -0.0082543003 0.14162413 -40.485689
0.15906183 0.010712543 0.98721046 171.75734 -0.010672944 0.99990136 -0.0091306036 -6.2974303 -0.98721097 -0.0090841109 0.15916048 -40.371433
0.17600384 0.010548863 0.98433292 172.40634 -0.017300565 0.99982129 -0.0076214162 -6.3146721 -0.98423748 -0.015688117 0.17615488 -40.233565
0.19018433 0.0068179538 0.98172468 173.03424 -0.017722875 0.99983678 -0.0035103807 -6.3274164 -0.98158846 -0.016731364 0.19027412 -40.095199
0.20248476 0.0024620107 0.97928228 173.66745 -0.013693846 0.99990618 0.00031759572 -6.345681 -0.97918971 -0.013474449 0.20249948 -39.957624
0.21329078 0.00061570117 0.97698853 174.27958 -0.010242677 0.99994625 0.0016059563 -6.3645308 -0.97693511 -0.010349513 0.21328563 -39.819753
0.22309254 0.0044600672 0.97478703 174.87701 -0.014871409 0.99988873 -0.0011714048 -6.3825267 -0.97468387 -0.014235124 0.22313404 -39.663469
0.23186682 0.01136641 0.97268109 175.49108 -0.019006201 0.99979378 -0.0071525584 -6.3990492 -0.97256189 -0.016828531 0.23203504 -39.499127
0.24143724 0.02137047 0.97018106 176.07049 -0.018775916 0.99967321 -0.017347567 -6.4170972 -0.97023482 -0.014027689 0.24175959 -39.351068
0.24900919 0.02849871 0.96808169 176.64553 -0.016113023 0.99955053 -0.02528052 -6.4340441 -0.96836712 -0.0093036398 0.24935647 -39.194946
0.25589117 0.027049832 0.96632703 177.26365 -0.01555853 0.99959421 -0.023861036 -6.4507062 -0.96658043 -0.0089287993 0.25620818 -39.031479
0.26177646 0.01939099 0.96493368 177.85024 -0.016678497 0.99973973 -0.015565738 -6.4689823 -0.96498445 -0.012018899 0.26203173 -38.856283
0.26580222 0.0088816383 0.96398663 178.46339 -0.02154366 0.99976256 -0.0032709756 -6.4880213 -0.96378687 -0.019898367 0.26593045 -38.679286
0.26822652 -0.00059065515 0.96335565 179.0735 -0.019939466 0.99978218 0.0061647224 -6.5128304 -0.96314954 -0.020862339 0.26815631 -38.497551
0.26886894 -0.0015533166 0.96317548 179.67535 -0.016354949 0.99984716 0.006177916 -6.5319119 -0.96303795 -0.017413735 0.26880244 -38.324235
0.27038238 0.0016775707 0.96275151 180.24256 -0.014986258 0.99988466 0.0024665172 -6.530812 -0.96263641 -0.015094945 0.27037633 -38.176714
0.27158307 0.0015362968 0.96241374 180.87933 -0.012506619 0.99991992 0.0019330694 -6.5434065 -0.96233378 -0.01256153 0.27158053 -37.991847
0.27353801 -0.00044327944 0.96186105 181.48566 -0.013709985 0.99989651 0.0043597107 -6.5397587 -0.96176352 -0.014379647 0.27350363 -37.805768
0.27588916 -0.004799607 0.96117743 182.09993 -0.013644227 0.99986722 0.0089091399 -6.556699 -0.96109265 -0.015572458 0.27578704 -37.624913
0.27968866 -0.010405639 0.96003432 182.71807 -0.01152099 0.99983289 0.014193441 -6.5644275 -0.96002167 -0.01503029 0.27952203 -37.439444
0.28343181 -0.013288305 0.95890028 183.34251 -0.0112935 0.99978841 0.017193061 -6.571807 -0.95892593 -0.0157024 0.28322177 -37.249629
0.28920762 -0.014757512 0.95715259 183.95759 -0.0094800418 0.99978798 0.018279304 -6.5655535 -0.95721949 -0.01436036 0.2890064 -37.072686
0.29771442 -0.018324681 0.95447905 184.58767 -0.0075414442 0.99973942 0.021545892 -6.5693708 -0.95462523 -0.013612673 0.29749864 -36.863099
0.30683637 -0.020620493 0.95153884 185.19426 -0.0050802872 0.99971555 0.023302721 -6.5717128 -0.95174877 -0.011984212 0.30664432 -36.658183
0.31793017 -0.018815842 0.94792737 185.81865 -0.0064992297 0.99973632 0.022024031 -6.5721823 -0.9480919 -0.013162901 0.31772404 -36.448932
0.32931399 -0.014959986 0.94410191 186.42102 -0.0068620785 0.99981016 0.018236299 -6.5711777 -0.94419558 -0.012483969 0.32914881 -36.220546
0.34102108 -0.011071948 0.93999041 187.02856 -0.0087079394 0.99985053 0.014936199 -6.5698658 -0.94001536 -0.013278938 0.34087369 -35.980407
0.35222508 -0.010615148 0.93585509 187.64787 -0.0081888831 0.99986245 0.014423192 -6.5651352 -0.93587954 -0.012743817 0.3520897 -35.740911
0.36414544 -0.013836229 0.93123927 188.27047 -0.0068046908 0.99982343 0.017516103 -6.5687254 -0.93131728 -0.012715204 0.36398699 -35.478639
0.37503802 -0.01585432 0.9268738 188.89078 -0.0068788331 0.99977862 0.019884728 -6.5691787 -0.92698395 -0.013833339 0.37484593 -35.216354
0.38641896 -0.015835798 0.92218737 189.52525 -0.0096900071 0.99972771 0.021227669 -6.5737297 -0.9222725 -0.017138775 0.38616029 -34.936846
0.39587424 -0.017246362 0.91814273 190.13824 -0.011854691 0.99964434 0.023888654 -6.5594003 -0.91822825 -0.020341201 0.39552899 -34.663652
0.40287173 -0.015536079 0.91512454 190.77659 -0.01796111 0.99952918 0.024876163 -6.5588412 -0.91508023 -0.026458556 0.40240301 -34.364055
0.40704354 -0.01788541 0.91323359 191.42666 -0.017682264 0.99946662 0.02745554 -6.5492944 -0.91323763 -0.027323638 0.40651018 -34.074295
0.40906466 -0.02333301 0.912207 192.06038 -0.011948518 0.99945036 0.030922698 -6.5405386 -0.91242721 -0.023548905 0.40856103 -33.781269
0.40990717 -0.021098333 0.91188316 192.71786 -0.010451152 0.99955818 0.027824851 -6.5387278 -0.91206741 -0.020935836 0.40950556 -33.488349
0.40848022 -0.021569715 0.91251224 193.3809 -0.007869287 0.99960037 0.027150915 -6.5284905 -0.91273329 -0.018271432 0.40814724 -33.191115
0.40762646 -0.019999671 0.91292968 194.03793 -0.0053343679 0.99969091 0.024282175 -6.5278029 -0.91313322 -0.01476796 0.40739378 -32.908647
0.40749401 -0.021523936 0.91295415 194.7063 -0.0017686606 0.99970172 0.024358545 -6.5132803 -0.9132062 -0.011540667 0.4073344 -32.600756
0.40647424 -0.027818218 0.91323862 195.39642 0.0010031462 0.99954937 0.030000844 -6.5085365 -0.91366173 -0.011278458 0.40631897 -32.301346
0.40579144 -0.030899588 0.91344319 196.07986 0.0019986043 0.99945595 0.032921326 -6.5002096 -0.91396356 -0.01153358 0.40563242 -31.991867
0.40451888 -0.03358111 0.91391286 196.75912 0.0035455528 0.99937569 0.03515204 -6.487489 -0.91452281 -0.010979337 0.4043854 -31.690416
0.40241279 -0.033698682 0.91483784 197.44752 0.0027033512 0.99936164 0.035623042 -6.4746744 -0.91545437 -0.011862039 0.402247 -31.383921
0.40145284 -0.033912963 0.91525158 198.13745 0.0013033508 0.99933438 0.036456813 -6.4599033 -0.91587881 -0.013442797 0.40122982 -31.073981
0.39916361 -0.032851618 0.91629096 198.82121 2.3874141e-05 0.99935828 0.035819416 -6.4550329 -0.91687976 -0.014275931 0.39890824 -30.769735
0.39791196 -0.029893142 0.91693642 199.51929 0.0013200345 0.99948663 0.03201153 -6.4480108 -0.91742269 -0.011527382 0.39774714 -30.470747
0.3972276 -0.023592408 0.91741679 200.20077 -0.0003477106 0.99966556 0.025858082 -6.4471576 -0.9177201 -0.010590539 0.39708655 -30.177853
0.39571675 -0.019939155 0.91815609 200.87 -0.0024245621 0.99973811 0.022755796 -6.4318699 -0.91836945 -0.011230976 0.39556478 -29.862013
0.39518248 -0.02336555 0.91830539 201.56291 -0.0028767947 0.99964007 0.026673043 -6.4273397 -0.91859817 -0.013182495 0.39497302 -29.570139
0.39339419 -0.026157879 0.91899766 202.26177 -0.0040889756 0.99953549 0.030200629 -6.4177348 -0.91936085 -0.015638511 0.3931045 -29.271426
0.39066541 -0.025855162 0.92016954 202.94381 -0.0078356573 0.99947586 0.031410223 -6.4130817 -0.92049944 -0.01948102 0.39025805 -28.962657
0.38647485 -0.025982223 0.92193386 203.63706 -0.010299876 0.99941919 0.032483648 -6.4068652 -0.92224247 -0.022049918 0.38598277 -28.668415
0.37937047 -0.026855781 0.92485498 204.31017 -0.010810769 0.99938177 0.033454395 -6.4005428 -0.92518174 -0.022690003 0.3788456 -28.390418
0.37108061 -0.027202885 0.92820209 205.00717 -0.01063348 0.99938081 0.033540023 -6.3891983 -0.92853981 -0.02231607 0.37056158 -28.103568
