1 0 0 0 0 1 0 0 0 0 1 0
0.99987436 0.00092565216 0.015824482 -0.012251163 -0.00091651501 0.99999941 -0.00058465241 -0.0048410042 -0.015825016 0.0005700756 0.99987461 0.10132368
0.99931182 0.0034206834 0.036934747 0.0080961881 -0.0034087033 0.99999412 -0.00038733262 0.0027844115 -0.036935858 0.00026116651 0.9993176 0.2423908
0.99797544 0.0051512677 0.063391534 0.055104936 -0.0052005843 0.99998629 0.00061298323 0.00192846 -0.063387512 -0.00094141519 0.99798855 0.39737325
0.99524445 0.0046673814 0.097296963 0.09958704 -0.0049933798 0.99998271 0.0031073169 0.0011723104 -0.097280785 -0.0035783806 0.99525054 0.57191374
0.99092165 0.0015008925 0.13443224 0.17109349 -0.0022316382 0.99998354 0.0052852698 0.00036974156 -0.1344221 -0.0055372924 0.99090869 0.77628411
0.98485653 -0.0016020174 0.17336389 0.23957114 0.00060179761 0.99998287 0.005821891 -0.0074235507 -0.17337026 -0.0056293974 0.98484063 0.96088606
0.97597597 -0.0018146124 0.21787062 0.31364766 0.00030213165 0.99997563 0.0069752178 -0.0059330664 -0.21787798 -0.0067418193 0.97595273 1.1753127
0.96410877 -0.0020266619 0.26549984 0.41579997 -0.00065080825 0.99994982 0.0099962776 0.0028209652 -0.2655068 -0.0098102884 0.96405908 1.3770094
0.95014318 -0.005949418 0.31175717 0.54969163 0.00071071152 0.99985668 0.016914728 0.010366493 -0.31181315 -0.015849844 0.95001124 1.6235527
0.93288821 -0.015421737 0.35983572 0.6932448 0.0069404307 0.9996671 0.024850112 -0.0019374071 -0.36009919 -0.020684962 0.93268468 1.829915
0.91187518 -0.021247982 0.40991727 0.84672977 0.0097780404 0.99950035 0.030057318 -0.0054137047 -0.41035114 -0.023400335 0.91162732 2.0416589
0.88695647 -0.023036001 0.46127817 1.0262259 0.0084300756 0.99939645 0.033699812 -0.0012034468 -0.46177611 -0.026001657 0.88661534 2.2889578
0.85865197 -0.025197513 0.51193932 1.2110735 0.0064390234 0.99924237 0.038382562 0.01899848 -0.51251865 -0.029660873 0.85816367 2.5175219
0.82671762 -0.030554726 0.56178676 1.4374257 0.0076493128 0.99904235 0.04307977 0.020200257 -0.5625651 -0.031317522 0.82615964 2.7416231
0.79070293 -0.036205386 0.61112848 1.6643955 0.0098815699 0.99887445 0.046391634 0.026249915 -0.6121203 -0.030643092 0.79017072 2.9441189
0.7531811 -0.040627929 0.65655736 1.927253 0.011009436 0.99872965 0.049171969 0.032408205 -0.65772112 -0.029807072 0.75267158 3.1717298
0.71302008 -0.043924845 0.69976634 2.2175288 0.012071483 0.99865685 0.050386301 0.045413615 -0.70103972 -0.027479227 0.71259262 3.3898886
0.67094835 -0.045789534 0.7400889 2.5088795 0.011365169 0.99860931 0.05148086 0.058977886 -0.74141702 -0.026129763 0.67053567 3.5911537
0.62893819 -0.046263135 0.77607759 2.857858 0.0070150667 0.99852501 0.053838501 0.081261101 -0.77742369 -0.028416853 0.62833505 3.7993865
0.58748784 -0.047163192 0.80785742 3.186576 0.0042218678 0.99846524 0.055220773 0.099886858 -0.80922202 -0.029030865 0.5867853 4.0137509
0.54717944 -0.048130306 0.83563035 3.5638095 0.0017967772 0.99841062 0.05632951 0.12022821 -0.83701344 -0.029320908 0.54639624 4.2136818
0.50801309 -0.050650483 0.8598588 3.9968818 0.001214595 0.9983107 0.058088477 0.13361393 -0.86134853 -0.028465327 0.50721643 4.4227861
0.47078291 -0.050493193 0.88080295 4.4083397 -0.002062092 0.99829518 0.058330763 0.15705351 -0.88224672 -0.029277423 0.46987618 4.612146
0.43441122 -0.049679119 0.89934354 4.8602996 -0.0034320421 0.99837925 0.056807567 0.18066866 -0.90070816 -0.027764429 0.43353664 4.7990962
0.40100264 -0.048694295 0.91478176 5.3642015 -0.0017603926 0.99854346 0.053924655 0.19995396 -0.91607524 -0.023234304 0.40033284 4.9949426
0.37134542 -0.046838985 0.92731258 5.8689572 -7.1674094e-05 0.99872533 0.050474777 0.2226103 -0.92849483 -0.018810041 0.37086872 5.1797953
0.3460229 -0.045093231 0.93714176 6.412688 0.0010852829 0.99886291 0.047662397 0.242421 -0.93822548 -0.015475217 0.34567838 5.3394071
0.32499961 -0.044504189 0.94466637 6.9889987 0.0024879636 0.9989289 0.046204601 0.27244003 -0.94571092 -0.012666181 0.32476222 5.531487
0.3102982 -0.044870505 0.94957969 7.5706024 0.0032227118 0.99892935 0.046149325 0.29555627 -0.95063385 -0.01125983 0.31011059 5.7311263
0.29843078 -0.046466233 0.95329947 8.182302 0.0040904652 0.99886729 0.047406802 0.31062707 -0.95442256 -0.01024821 0.29828281 5.9166741
0.28847226 -0.048406008 0.95626384 8.831827 0.0031906116 0.99876432 0.04959488 0.34123401 -0.95748298 -0.01125568 0.28827025 6.1123025
0.27730634 -0.049992193 0.95948001 9.4859633 0.0015176571 0.99866692 0.051595335 0.37378879 -0.9607804 -0.012851551 0.27701254 6.2916938
0.26696812 -0.051752099 0.96231474 10.181347 0.00081852791 0.99856887 0.053474722 0.40313997 -0.96370505 -0.013488364 0.26662841 6.4745832
0.25699669 -0.053763216 0.96491561 10.886957 -9.2171879e-05 0.99844999 0.055656235 0.4314131 -0.96641232 -0.014392405 0.25659338 6.6819994
0.24672812 -0.055203237 0.96751112 11.630552 -0.00062002259 0.99836702 0.057121895 0.46211761 -0.96908458 -0.014693456 0.24629098 6.8567406
0.23554369 -0.056713858 0.97020752 12.383288 -0.0013090547 0.99827643 0.058672444 0.4875116 -0.97186292 -0.015089978 0.23506347 7.0343447
0.2263333 -0.059825627 0.97221091 13.131451 -0.0020878884 0.99807995 0.06190356 0.52627529 -0.97404772 -0.016040705 0.22577382 7.2166245
0.21468163 -0.063209723 0.97463647 13.912425 -0.0044261481 0.99783034 0.065688893 0.56347964 -0.97667409 -0.018416084 0.21393607 7.3749346
0.20117932 -0.066765169 0.97727643 14.725898 -0.0043760562 0.99760328 0.069054692 0.60842826 -0.9795447 -0.018168992 0.20040498 7.5396158
0.1886978 -0.069323837 0.97958525 15.485925 -0.0055934345 0.99741322 0.071662961 0.64587801 -0.98201931 -0.019001889 0.18782193 7.6997913
0.17497335 -0.070018211 0.98208029 16.303967 -0.0059444054 0.9973748 0.072167736 0.68459921 -0.98455527 -0.018465313 0.17409779 7.8554088
0.16075002 -0.069247051 0.98456295 17.09719 -0.0077547963 0.99741639 0.071417197 0.7236247 -0.98696473 -0.0191154 0.1597977 7.9632563
0.14425135 -0.068259854 0.9871839 17.895529 -0.0086676784 0.99749252 0.070239209 0.76283517 -0.98950316 -0.018688693 0.14329799 8.0940206
0.12315993 -0.06673005 0.99014072 18.730941 -0.010909019 0.99758538 0.068588711 0.80043617 -0.99232692 -0.019248844 0.12213458 8.1814224
0.099043056 -0.06529817 0.99293834 19.560753 -0.015507093 0.99762218 0.067152983 0.84263207 -0.99496235 -0.022048624 0.097794963 8.2738055
0.069152227 -0.06490115 0.99549271 20.375302 -0.019391196 0.99760558 0.066385914 0.8783306 -0.99741768 -0.023894528 0.067728135 8.3210782
0.03479065 -0.064456069 0.99731386 21.22019 -0.022505423 0.99761444 0.065260582 0.91948557 -0.99914123 -0.024715428 0.033257042 8.3527
0.0014698964 -0.064107147 0.9979419 22.049846 -0.024138487 0.99764997 0.064123947 0.95408501 -0.99970759 -0.024183063 -8.100901e-05 8.349076
-0.032311138 -0.062976601 0.99749178 22.905145 -0.025309357 0.99774445 0.062172723 0.98462054 -0.9991574 -0.023237004 -0.033832157 8.3022833
-0.065975306 -0.06091341 0.99596021 23.7518 -0.027382308 0.99786955 0.059216303 1.0163454 -0.99744551 -0.023364875 -0.067502701 8.2465426
-0.097734697 -0.057863325 0.9935289 24.589401 -0.029445535 0.99803941 0.055229423 1.0555629 -0.99477685 -0.023857159 -0.099246898 8.167014
-0.12934273 -0.053400732 0.99016097 25.42893 -0.02634211 0.9983815 0.05040306 1.0800892 -0.99125004 -0.019563659 -0.13054008 8.0432994
-0.16187255 -0.047623478 0.98566181 26.281536 -0.022338369 0.9987557 0.044587557 1.1004459 -0.98655885 -0.014800575 -0.16273496 7.8935797
-0.19348824 -0.041445112 0.98022677 27.086513 -0.016165132 0.9991064 0.039052508 1.1160916 -0.98096946 -0.0082892933 -0.1939853 7.6881908
-0.22096897 -0.036014772 0.9746156 27.91456 -0.01003695 0.999349 0.03465312 1.1274087 -0.97522923 -0.0021249024 -0.2211866 7.5149321
-0.24941806 -0.029202379 0.96795546 28.730687 -0.0015532527 0.999556 0.029755506 1.1428161 -0.9683947 0.0059180823 -0.24935268 7.2845325
-0.27640372 -0.019143332 0.96085089 29.523175 0.0047840651 0.99976179 0.021294777 1.1399779 -0.96102975 0.01048273 -0.27624629 7.0283953
-0.30069879 -0.0039058118 0.95371112 30.318135 0.0086393465 0.99993943 0.0068190637 1.1303523 -0.95368007 0.010289926 -0.30064683 6.7574191
-0.32616693 0.013451209 0.94521644 31.110782 0.0096810462 0.99989385 -0.010888662 1.1072175 -0.94526265 0.0055991634 -0.32626253 6.5001136
-0.35152436 0.027850954 0.93576433 31.880971 0.0084410716 0.99961104 -0.02658028 1.0788762 -0.93614072 -0.0014447612 -0.35162272 6.1943061
-0.37617393 0.038676796 0.92574143 32.636916 0.012545682 0.99924941 -0.036649981 1.0421656 -0.92646416 -0.0021727089 -0.37637681 5.8681926
-0.40061686 0.043743078 0.91520085 33.389935 0.016787816 0.99904248 -0.040401743 0.99725189 -0.9160919 -0.00082139521 -0.40096761 5.5401207
-0.4228328 0.042752679 0.90519863 34.128325 0.018497992 0.99908559 -0.038546265 0.94662728 -0.90601894 0.00044573274 -0.423237 5.1882084
-0.44298135 0.039372397 0.89566582 34.885209 0.022880012 0.9992063 -0.03260784 0.90402503 -0.89623886 0.0060481804 -0.4435306 4.7997566
-0.46145004 0.038219434 0.88634252 35.613303 0.030550427 0.99916363 -0.027179078 0.87194928 -0.88664006 0.014536357 -0.46223172 4.4177729
-0.47504419 0.038986145 0.87909785 36.311333 0.034122424 0.99908283 -0.025868256 0.82456299 -0.87930015 0.017708386 -0.47593879 4.0187812
-0.485902 0.042402013 0.87298411 37.01571 0.036580316 0.99893391 -0.028159 0.77362943 -0.8732475 0.018251522 -0.48693506 3.617178
-0.49586241 0.045181659 0.8672249 37.720375 0.038340524 0.99881084 -0.030114802 0.73316679 -0.86755434 0.01831706 -0.49700504 3.2166089
-0.50644799 0.04415066 0.86113941 38.391093 0.031944129 0.99896339 -0.032430118 0.68058559 -0.86167864 0.011084181 -0.50733336 2.818627
-0.51826382 0.042965282 0.85414082 39.08469 0.030478736 0.9990307 -0.031760113 0.65650514 -0.85467755 0.0095730157 -0.519071 2.4079018
-0.52673396 0.044430523 0.84886819 39.759658 0.033126459 0.99894736 -0.031730394 0.61537291 -0.84938451 0.011406522 -0.52765132 1.9808492
-0.5337072 0.047684509 0.84432384 40.445539 0.03649623 0.99877756 -0.03333782 0.56623126 -0.84488148 0.013022004 -0.53479508 1.5464158
-0.53730271 0.050884259 0.84185303 41.15687 0.037135176 0.99863759 -0.036659727 0.52419989 -0.84257156 0.011564991 -0.53846028 1.1011677
-0.53683506 0.052264495 0.84206679 41.866346 0.036158497 0.99858761 -0.038927467 0.47709696 -0.84291206 0.0095502412 -0.53796665 0.64994742
-0.53388552 0.053124806 0.84388622 42.569606 0.038892363 0.99851092 -0.038253532 0.44064873 -0.84466188 0.012397724 -0.53515667 0.19856606
-0.52772545 0.052050184 0.84781871 43.330177 0.037431325 0.99857619 -0.038006488 0.39873972 -0.84858989 0.011677988 -0.52892237 -0.26675303
-0.52101103 0.050680515 0.85204397 44.082449 0.03518348 0.99866244 -0.037887417 0.35267079 -0.85282454 0.010238112 -0.52209726 -0.71825964
-0.5137887 0.049986162 0.85645928 44.870069 0.03328048 0.99871103 -0.038323592 0.30426679 -0.85727104 0.0088131478 -0.51479001 -1.1757802
-0.50741225 0.048697584 0.86032627 45.664926 0.030463969 0.9987915 -0.038567858 0.25757273 -0.8611648 0.0066391502 -0.50828257 -1.6322758
-0.50313239 0.046570891 0.86295358 46.481303 0.026419539 0.99890911 -0.038504459 0.20800605 -0.86380546 0.0034259965 -0.50381391 -2.0965523
-0.5021775 0.043596587 0.86366488 47.321596 0.021380055 0.99904903 -0.037999165 0.16097054 -0.86450027 -0.00061712226 -0.50263204 -2.5599412
-0.50204491 0.04161538 0.86383969 48.171604 0.018870485 0.99913092 -0.037165901 0.1125794 -0.86463569 -0.0023578768 -0.5023939 -3.0431142
-0.50305572 0.040004347 0.86332759 49.022742 0.017042033 0.99919308 -0.036369709 0.060665771 -0.86408598 -0.0035831324 -0.50333155 -3.5298205
-0.50362007 0.039418298 0.86302547 49.876405 0.017271627 0.99921828 -0.035559952 0.013470068 -0.86375261 -0.0030028511 -0.50390721 -4.0306281
-0.50355198 0.038681543 0.86309853 50.76915 0.016894026 0.99924707 -0.034926947 -0.036405727 -0.86379978 -0.0030063241 -0.50382633 -4.5314439
-0.50357827 0.038027041 0.86311228 51.649947 0.017191878 0.99927411 -0.033995553 -0.084279453 -0.86377858 -0.0022809 -0.50386648 -5.0502507
-0.50428138 0.037571556 0.86272163 52.53605 0.016700399 0.99929052 -0.033757352 -0.14538537 -0.86337793 -0.002615408 -0.50455106 -5.5559944
-0.50394959 0.036198095 0.86297418 53.441093 0.015199882 0.99933838 -0.033041742 -0.18922122 -0.86359935 -0.0035342658 -0.50416638 -6.0729855
-0.50405528 0.03555541 0.86293918 54.331034 0.014758324 0.99936095 -0.032555801 -0.24851596 -0.86354533 -0.0036743863 -0.5042579 -6.5916856
-0.50374212 0.034800219 0.8631528 55.229622 0.013749039 0.99938466 -0.032268717 -0.29661574 -0.8637447 -0.0043875891 -0.50391062 -7.0964644
-0.50251846 0.033517038 0.86391651 56.123585 0.013240175 0.99942942 -0.031073002 -0.35577179 -0.86446513 -0.0041763505 -0.50267551 -7.6043
-0.50026507 0.031132089 0.86531242 57.017548 0.013601537 0.99951266 -0.028096836 -0.40658962 -0.86576551 -0.0022862859 -0.50044472 -8.121894
-0.49789399 0.030063731 0.86671661 57.909574 0.014185623 0.99954757 -0.026522155 -0.45854771 -0.86712191 -0.00091030615 -0.4980952 -8.6246318
-0.49546932 0.029503168 0.86812421 58.802555 0.014032283 0.99956445 -0.025961436 -0.5109445 -0.86851212 -0.00068132948 -0.49566752 -9.1254799
-0.49338048 0.030028053 0.86929509 59.690627 0.014728676 0.99954905 -0.026167949 -0.56242222 -0.86968893 -0.00010718913 -0.49360027 -9.62804
-0.49225324 0.030665875 0.86991165 60.575807 0.015257005 0.99952968 -0.026601714 -0.60498869 -0.87031835 0.00017746767 -0.49248959 -10.121909
-0.49287349 0.031644146 0.86952533 61.466479 0.014195672 0.99949789 -0.028327623 -0.65785597 -0.86998521 -0.0016184375 -0.49307523 -10.620611
-0.49598871 0.033530477 0.8676813 62.344997 0.012866391 0.99942825 -0.031266918 -0.71093316 -0.86823368 -0.0043441108 -0.49613654 -11.105968
-0.49998537 0.03404266 0.86536447 63.218438 0.011493764 0.99939995 -0.032674693 -0.76846345 -0.86595761 -0.0063905728 -0.50007664 -11.607453
-0.50565793 0.032327274 0.86212815 64.085969 0.011033416 0.99945832 -0.031005399 -0.82060168 -0.86266354 -0.0061659063 -0.50574071 -12.117236
-0.510909 0.030496013 0.85909366 64.954566 0.014673034 0.99953432 -0.026755203 -0.8749406 -0.8595096 -0.0010639629 -0.51111856 -12.629488
-0.51644268 0.028178601 0.85585797 65.815456 0.011909976 0.99959812 -0.025724427 -0.91970664 -0.85623897 -0.003091943 -0.51657074 -13.135347
-0.52112186 0.030677548 0.85293073 66.655654 0.013132664 0.99952371 -0.02792632 -0.97059535 -0.85338127 -0.0033517624 -0.52127654 -13.656112
-0.52641855 0.033208057 0.84957676 67.4936 0.013550326 0.99943772 -0.030669672 -1.0228906 -0.85011762 -0.0046330418 -0.52657253 -14.159085
-0.53126285 0.033432184 0.84654711 68.333128 0.012159107 0.99941905 -0.031838841 -1.0728794 -0.84711982 -0.0066215363 -0.53136073 -14.678373
-0.53492569 0.033709274 0.84422635 69.163803 0.011233337 0.99939922 -0.03278744 -1.1262031 -0.84482446 -0.0080553647 -0.53498299 -15.194327
-0.53785892 0.032869884 0.84239378 69.981338 0.011127007 0.99942935 -0.031892882 -1.1842072 -0.84296146 -0.0077805484 -0.53791774 -15.722742
-0.54045667 0.026173351 0.84096461 70.807196 0.012925746 0.99965636 -0.022805418 -1.2270872 -0.84127259 -0.0014552441 -0.54060926 -16.253819
-0.5424928 0.0184639 0.83985748 71.628536 0.013730745 0.99981976 -0.01311144 -1.263172 -0.83994827 0.0044190081 -0.54264854 -16.781712
-0.54468494 0.015177915 0.83850336 72.452191 0.013628683 0.99986438 -0.0092456599 -1.3040433 -0.83853004 0.0063917255 -0.54481793 -17.302846
-0.54581433 0.021018851 0.83764244 73.259697 0.014052447 0.99977435 -0.015930521 -1.3382978 -0.83778834 0.00307582 -0.54598654 -17.814371
-0.54688735 0.025888816 0.8368058 74.047035 0.014323012 0.99966481 -0.021566609 -1.3795641 -0.83708371 0.00019107527 -0.54707484 -18.334534
-0.54684967 0.031263909 0.83664685 74.850705 0.020950282 0.99950062 -0.023655908 -1.4130841 -0.83696869 0.0045917626 -0.54723157 -18.868921
-0.54724772 0.032050582 0.83635676 75.645599 0.024078319 0.99945581 -0.022545802 -1.4551338 -0.83662431 0.0077999272 -0.54772164 -19.389442
-0.54671829 0.029205386 0.83680708 76.440709 0.023826271 0.99952945 -0.019317935 -1.5006258 -0.83697759 0.0093765247 -0.54715689 -19.910185
-0.54629734 0.024203503 0.83724151 77.24676 0.021822469 0.99965438 -0.014659545 -1.5287329 -0.83730702 0.010262208 -0.54663671 -20.426218
-0.54534707 0.018285589 0.83801083 78.045682 0.01999782 0.99976128 -0.0088011647 -1.5617593 -0.83797179 0.011958701 -0.54558256 -20.93935
-0.5449767 0.011399459 0.83837365 78.844659 0.010962187 0.99991898 -0.0064701438 -1.6007467 -0.83837956 0.0056643323 -0.54505752 -21.442364
-0.5433626 0.0063102542 0.83947437 79.651916 0.0025827617 0.99997958 -0.0058450243 -1.6212921 -0.83949418 -0.0010078045 -0.5433678 -21.940134
-0.54216394 0.006597003 0.8402468 80.440977 0.0054309299 0.9999758 -0.0043468037 -1.6439275 -0.84025521 0.002206642 -0.54218665 -22.443408
-0.53872251 0.010134278 0.84242227 81.238688 0.011108278 0.99992617 -0.0049253798 -1.6721947 -0.84241007 0.0067044484 -0.53879532 -22.955869
-0.53284748 0.013332575 0.84610622 82.02597 0.012256669 0.99989258 -0.0080370603 -1.6981925 -0.84612257 0.0060879177 -0.53295366 -23.448419
-0.52556448 0.015551951 0.85061158 82.817419 0.017433852 0.99981983 -0.007508169 -1.7218478 -0.85057516 0.01088341 -0.52574092 -23.937124
-0.51770547 0.018290337 0.85536334 83.614018 0.024944882 0.99966911 -0.0062782474 -1.7583817 -0.85519522 0.018086656 -0.51799042 -24.427842
-0.50777067 0.018087075 0.86130235 84.418988 0.023841429 0.99969168 -0.006937772 -1.7796879 -0.86116235 0.017011883 -0.50804534 -24.89726
-0.49748948 0.0148778 0.86734238 85.231862 0.019327647 0.99979481 -0.0060638633 -1.8073395 -0.8672547 0.01374698 -0.49767496 -25.34748
-0.48528332 0.012354681 0.87426964 86.049937 0.02144096 0.99976764 -0.0022268522 -1.8282593 -0.87409407 0.017664527 -0.48543546 -25.794597
-0.47425953 0.01082928 0.88031844 86.8701 0.020328474 0.99979245 -0.0013473075 -1.8530081 -0.8801504 0.017256558 -0.47438124 -26.227462
-0.46288735 0.010185907 0.88635855 87.694366 0.020721086 0.99978507 -0.00066811438 -1.8714387 -0.88617493 0.018057051 -0.46299893 -26.647171
-0.45068762 0.011954024 0.89260165 88.516256 0.024163079 0.99970732 -0.0011881271 -1.8907949 -0.89235468 0.021032531 -0.45084456 -27.058768
-0.43851664 0.014790462 0.89860132 89.344354 0.023015673 0.99972146 -0.0052232125 -1.9215183 -0.89842835 0.01839145 -0.4387349 -27.453374
-0.4271481 0.024087432 0.90386073 90.178774 0.024875108 0.99957978 -0.014882773 -1.9496128 -0.90383947 0.016126486 -0.42756779 -27.843827
-0.41437804 0.029554207 0.90962482 91.008487 0.025852561 0.99945152 -0.020695634 -1.9743829 -0.90973763 0.014940316 -0.41491481 -28.213166
-0.40259761 0.025162753 0.91503111 91.859394 0.021782329 0.9996024 -0.017904565 -2.0104734 -0.91511789 0.012723174 -0.40298565 -28.576695
-0.39093401 0.022352282 0.92014722 92.694084 0.024409832 0.99960523 -0.013911713 -2.0440999 -0.92009501 0.017022078 -0.3913253 -28.920288
-0.38087049 0.022451367 0.92435574 93.544553 0.021137938 0.99965531 -0.01557064 -2.0788354 -0.92438678 0.013608578 -0.38121379 -29.253632
-0.37423699 0.026964532 0.92694094 94.388901 0.016127764 0.99961523 -0.022567295 -2.1199919 -0.92719288 0.0065039689 -0.37452788 -29.588547
-0.36875249 0.030883473 0.92901439 95.228896 0.0067008421 0.99951025 -0.030567228 -2.1600837 -0.92950351 -0.005046562 -0.36877884 -29.903572
-0.36582537 0.033022361 0.93009744 96.074716 0.003880758 0.99941576 -0.033957073 -2.2059107 -0.93067546 -0.0088128751 -0.36573979 -30.226854
-0.36241809 0.033784085 0.93140308 96.916782 0.0052984838 0.99940135 -0.034188842 -2.2486939 -0.93200061 -0.0074556298 -0.36238013 -30.547818
-0.3570819 0.03319192 0.93348312 97.768601 0.0035078859 0.99940905 -0.034194192 -2.299085 -0.93406653 -0.008935574 -0.35698732 -30.867368
-0.35186033 0.029232725 0.9355959 98.610258 0.000917073 0.99952252 -0.030885219 -2.3449534 -0.9360521 -0.010009273 -0.35171913 -31.172751
-0.34634529 0.025683127 0.93775543 99.470957 0.0021394768 0.99964419 -0.026587945 -2.3893008 -0.9381047 -0.007202303 -0.34627701 -31.486261
-0.34033752 0.022271603 0.94003951 100.32708 -0.00075307432 0.99971268 -0.023958038 -2.435281 -0.94030308 -0.0088617382 -0.34022296 -31.784938
-0.33519289 0.021579228 0.94190232 101.16307 -0.0038679209 0.99969772 -0.024279803 -2.4750628 -0.94214162 -0.01178162 -0.33500811 -32.067128
-0.3285731 0.020828332 0.94424881 102.02643 -0.016154449 0.99948662 -0.027668084 -2.5129361 -0.94434042 -0.024344807 -0.32806795 -32.347033
-0.32179753 0.024428708 0.94649327 102.87271 -0.013728919 0.99944161 -0.030462971 -2.560948 -0.94670901 -0.022797238 -0.32128246 -32.62194
-0.31484059 0.028402802 0.94871946 103.7206 -0.011757798 0.99935875 -0.033820766 -2.6086012 -0.94907177 -0.021803002 -0.31430475 -32.901027
-0.30822557 0.026294 0.95094981 104.57397 -0.014353556 0.99937562 -0.032285314 -2.6500326 -0.95120505 -0.02360067 -0.30765571 -33.166946
-0.3014953 0.02125458 0.95323069 105.43179 -0.014377816 0.99953648 -0.026834606 -2.6924673 -0.95335929 -0.021795882 -0.30104996 -33.426674
-0.29437742 0.018843742 0.95550341 106.2833 -0.013863073 0.9996162 -0.023984722 -2.7312778 -0.95558873 -0.020306774 -0.2940032 -33.676615
-0.28776473 0.021479001 0.9574602 107.14132 -0.017380968 0.99946668 -0.027645194 -2.7804252 -0.95754344 -0.024596897 -0.28723794 -33.922484
-0.28126583 0.024563798 0.95931542 108.00737 -0.016736878 0.99939472 -0.030497206 -2.8209764 -0.95948397 -0.024633767 -0.28068446 -34.17491
-0.27454867 0.025378302 0.96123821 108.85797 -0.018808243 0.99931868 -0.031755695 -2.8597433 -0.96138928 -0.026797685 -0.27388429 -34.404482
-0.26770835 0.024129297 0.96319777 109.73593 -0.019332081 0.9993506 -0.03040807 -2.9100936 -0.96330607 -0.026761111 -0.26706803 -34.638676
-0.25984081 0.024094287 0.96535079 110.58402 -0.016373783 0.99943501 -0.029352282 -2.9504249 -0.96551268 -0.023433365 -0.25929949 -34.859804
-0.25196089 0.025390184 0.96740424 111.44623 -0.011826212 0.99950033 -0.029312708 -2.9989536 -0.9676652 -0.018826383 -0.25153472 -35.085768
-0.24493957 0.025946931 0.96919105 112.33141 -0.010112353 0.99951908 -0.029314516 -3.0395145 -0.96948565 -0.016981087 -0.24455939 -35.308085
-0.23861454 0.024985642 0.97079284 113.18058 -0.016242492 0.99942644 -0.029714892 -3.078155 -0.97097856 -0.0228585 -0.23807185 -35.495449
-0.23279338 0.022836449 0.97225802 114.05305 -0.02125537 0.999366 -0.028562457 -3.1237465 -0.97229395 -0.027314855 -0.23216039 -35.689538
-0.22815491 0.02318653 0.97334867 114.9372 -0.017804245 0.99944987 -0.027981646 -3.1607803 -0.97346208 -0.023713888 -0.22761658 -35.897196
-0.22341493 0.023266057 0.97444568 115.78969 -0.016382056 0.99948425 -0.027619859 -3.2107901 -0.9745858 -0.022134113 -0.22291856 -36.081697
-0.21857706 0.024862787 0.97550286 116.67981 -0.015468615 0.99946147 -0.028939414 -3.2504728 -0.97569712 -0.021415169 -0.21807476 -36.278915
-0.21298448 0.024034256 0.97675989 117.52862 -0.0098667776 0.99959352 -0.026747572 -3.286868 -0.9770058 -0.01533429 -0.21266077 -36.463383
-0.20776995 0.022851233 0.97791073 118.3976 -0.0019916814 0.99971514 -0.023783903 -3.3282708 -0.97817573 -0.0068892661 -0.20766525 -36.653314
-0.20267095 0.02190327 0.97900186 119.28889 0.00080109229 0.99975319 -0.022201699 -3.3708556 -0.97924661 -0.0037153679 -0.20263848 -36.843436
-0.19868659 0.02327988 0.97978651 120.14542 -0.0011901522 0.99971138 -0.023994642 -3.4075414 -0.9800624 -0.005933508 -0.19860154 -37.002707
-0.19515351 0.025351554 0.98044496 121.01363 -0.0030287787 0.99964553 -0.026450891 -3.4445369 -0.98076807 -0.0081315344 -0.19500755 -37.167142
-0.19328417 0.024704959 0.9808317 121.90331 -0.0048205715 0.99964696 -0.026128821 -3.4864797 -0.98113102 -0.0097784561 -0.19309684 -37.337486
-0.19250161 0.023268737 0.9810207 122.75319 -0.007015776 0.99966064 -0.025087531 -3.5297752 -0.98127162 -0.011712011 -0.19227304 -37.490948
-0.19141858 0.019266632 0.98131934 123.63873 -0.0053459328 0.99977202 -0.020671711 -3.5615313 -0.98149398 -0.0092030161 -0.19127195 -37.66384
-0.19042213 0.013639584 0.9816075 124.4959 -0.0057950148 0.99987044 -0.015017525 -3.6026375 -0.98168524 -0.0085480983 -0.19031842 -37.818573
-0.18939685 0.011202076 0.98183668 125.35965 -0.0045129921 0.99991443 -0.012278888 -3.6352642 -0.98189029 -0.0067566032 -0.18933009 -37.980688
-0.18861966 0.016124631 0.98191779 126.23148 -0.0062848876 0.9998249 -0.017625976 -3.6667224 -0.98203014 -0.0094958479 -0.18848529 -38.143594
-0.18842927 0.019763062 0.98188785 127.06789 -0.0075464646 0.99973885 -0.021570564 -3.7061719 -0.98205781 -0.011474307 -0.18823092 -38.296307
-0.18828777 0.019288255 0.98192444 127.92244 -0.0082064616 0.99974132 -0.021211857 -3.7321247 -0.98207966 -0.012052058 -0.18808077 -38.452139
-0.1881316 0.018513291 0.98196928 128.7875 -0.0096368704 0.9997394 -0.020694603 -3.7706784 -0.98209659 -0.013356419 -0.18790417 -38.60979
-0.18718466 0.018761713 0.98214552 129.62091 -0.0042853129 0.99979248 -0.019915545 -3.8076894 -0.98231544 -0.0079366845 -0.18706541 -38.771407
-0.18661028 0.021026637 0.98220894 130.47849 -0.0069044008 0.99971818 -0.022713235 -3.8469054 -0.9824098 -0.011020087 -0.18641251 -38.925376
-0.18673366 0.02244642 0.98215407 131.3042 -0.017409653 0.99950634 -0.026153031 -3.8784717 -0.98225634 -0.021982612 -0.18625069 -39.062663
-0.18621984 0.023772279 0.98222043 132.1395 -0.020568548 0.99939383 -0.028087523 -3.9157233 -0.98229282 -0.025433302 -0.185618 -39.207208
-0.18640607 0.027144907 0.98209768 132.97692 -0.020591754 0.99929071 -0.031528513 -3.962771 -0.98225701 -0.026100219 -0.18571489 -39.358351
-0.18555564 0.028070734 0.98223269 133.80016 -0.017991933 0.99932726 -0.031958163 -4.0077408 -0.98246907 -0.023602281 -0.18492576 -39.509589
-0.1841366 0.029230324 0.98246589 134.63008 -0.018692606 0.99927279 -0.033233783 -4.052305 -0.98272294 -0.024484403 -0.18345631 -39.654527
-0.18183927 0.028682313 0.98290982 135.45271 -0.011652416 0.99944147 -0.03132043 -4.0883602 -0.98325926 -0.017148558 -0.18140349 -39.811806
-0.17859151 0.025754046 0.98358615 136.2767 -0.0036905916 0.99963281 -0.026844315 -4.1360533 -0.98391643 -0.0084241808 -0.17843089 -39.961619
-0.17662826 0.02108034 0.98405183 137.08671 0.0013726538 0.99977493 -0.02117078 -4.1696583 -0.98427672 -0.0023885946 -0.17661744 -40.116815
-0.1725814 0.020742172 0.9847768 137.90656 0.0047790875 0.99978412 -0.020220736 -4.2051002 -0.98498371 0.0012166126 -0.17264327 -40.253713
-0.16800311 0.025030347 0.9854686 138.701 0.0021247107 0.99968446 -0.025029199 -4.2523366 -0.98578422 -0.0021111468 -0.16800328 -40.384148
-0.16140635 0.028304046 0.98648203 139.52322 0.0029793609 0.99959806 -0.028192891 -4.2889447 -0.98688358 -0.0016114249 -0.16142581 -40.51258
-0.15379305 0.028786604 0.98768363 140.30423 -0.0010097932 0.99957044 -0.029290286 -4.3271238 -0.98810261 -0.0055019979 -0.15369792 -40.624048
-0.14371692 0.025366102 0.98929365 141.10167 0.006278968 0.99967469 -0.024720117 -4.3555386 -0.98959896 0.002659045 -0.14382945 -40.741168
-0.13170045 0.023877849 0.99100189 141.92047 0.016675848 0.99962175 -0.021869382 -4.3942947 -0.99114933 0.01364559 -0.13204882 -40.847913
-0.118274 0.025829635 0.99264495 142.69162 0.014473737 0.99960027 -0.024286067 -4.4352773 -0.99287555 0.011494873 -0.11860058 -40.936874
-0.10391226 0.027227378 0.99421367 143.49809 0.014492185 0.99956054 -0.025859125 -4.4684711 -0.99448092 0.01172125 -0.10426118 -41.013244
-0.089827832 0.027158121 0.99558692 144.29902 0.016080823 0.99953739 -0.025814974 -4.5049462 -0.99582752 0.013690955 -0.090223003 -41.082284
-0.076432802 0.028421251 0.99666954 145.04945 0.019306523 0.99944844 -0.027019911 -4.5425532 -0.99688784 0.017177017 -0.076939362 -41.134244
-0.062561108 0.0342781 0.99745227 145.86669 0.016052541 0.9993153 -0.033335293 -4.5921986 -0.99791207 0.013926151 -0.063068525 -41.17269
-0.049723274 0.043730556 0.99780517 146.62931 0.0098255122 0.99901406 -0.043293905 -4.6359674 -0.99871474 0.0076512331 -0.050103927 -41.190845
-0.036248397 0.05238203 0.99796898 147.36875 0.0023507115 0.99862702 -0.052331185 -4.6784832 -0.99934009 0.00044901643 -0.036321765 -41.20065
-0.02303296 0.053196335 0.99831836 148.14685 -1.7524213e-05 0.9985833 -0.053210855 -4.7293904 -0.99973475 -0.0012430974 -0.022999399 -41.205368
-0.011164252 0.049145135 0.99872921 148.9158 0.00056688405 0.99879165 -0.049141869 -4.7792081 -0.99993756 1.7532313e-05 -0.011178622 -41.202143
-0.00022235054 0.046374903 0.99892404 149.68958 0.00020009233 0.99892409 -0.046374859 -4.8343741 -1 0.00018956642 -0.0002313921 -41.186804
0.0089555254 0.052330173 0.99858964 150.43446 -0.0046468277 0.99862112 -0.052290147 -4.8958979 -0.99994914 -0.0041719875 0.0091863446 -41.16614
0.015246779 0.061268229 0.99800484 151.18332 -0.011897776 0.99806135 -0.061089931 -4.9464273 -0.99981301 -0.010942613 0.015946175 -41.138832
0.018718072 0.064524675 0.99774051 151.93476 -0.01702645 0.99779124 -0.06420853 -4.9969428 -0.99967986 -0.015786119 0.019775353 -41.119027
0.01830622 0.060321912 0.99801105 152.68556 -0.018928708 0.99802038 -0.05997527 -5.0530241 -0.99965328 -0.017793139 0.019411794 -41.091042
0.017403064 0.054744545 0.99834868 153.45963 -0.012468733 0.99843418 -0.054531878 -5.1224459 -0.99977085 -0.011499121 0.018058408 -41.078112
0.01432703 0.05229258 0.99852899 154.20233 -0.012639636 0.99856121 -0.052112911 -5.1729351 -0.99981751 -0.011874419 0.014967374 -41.062725
0.011333201 0.052154143 0.99857469 154.94668 -0.013490913 0.99855595 -0.052000049 -5.2242448 -0.99984481 -0.012882356 0.012020441 -41.049786
0.007916305 0.052566503 0.99858601 155.69432 -0.011774059 0.99855301 -0.052471426 -5.2792075 -0.99989939 -0.01134203 0.0085237698 -41.045045
0.0032554338 0.050733661 0.99870687 156.4371 -0.011022269 0.99865336 -0.050695012 -5.3341644 -0.999934 -0.010842981 0.0038102484 -41.037234
-0.0020639511 0.051228992 0.99868476 157.18099 -0.01316125 0.99859904 -0.051251793 -5.3825113 -0.9999113 -0.01324972 -0.0013868236 -41.034121
-0.0079209983 0.049401319 0.99874756 157.92311 -0.013905416 0.99867692 -0.049508106 -5.431886 -0.99987198 -0.014280154 -0.0072235738 -41.034186
-0.013530086 0.046250783 0.99883818 158.66128 -0.0099489881 0.99887399 -0.046387206 -5.4838549 -0.99985901 -0.010565051 -0.013054704 -41.045826
-0.018880045 0.046238189 0.99875197 159.39918 -0.012624008 0.99883941 -0.046480876 -5.5338192 -0.9997421 -0.013485813 -0.018274423 -41.056058
-0.024281164 0.047702712 0.99856637 160.11601 -0.013651403 0.99875195 -0.048043524 -5.5787827 -0.999612 -0.014798384 -0.023599653 -41.066696
-0.028614526 0.049808524 0.99834875 160.83687 -0.015086007 0.9986225 -0.050254572 -5.6311176 -0.99947672 -0.016499107 -0.027823699 -41.082114
-0.030937455 0.051929641 0.99817138 161.5556 -0.015503861 0.99850438 -0.052427492 -5.6849205 -0.99940111 -0.017097483 -0.030086076 -41.101285
-0.032658074 0.05373159 0.99802118 162.26626 -0.013489553 0.99843922 -0.054195511 -5.7383618 -0.99937559 -0.01523278 -0.031882288 -41.122206
-0.031640229 0.051829326 0.99815456 162.98499 -0.0098867802 0.99858952 -0.052165307 -5.7870364 -0.99945046 -0.011519056 -0.031083177 -41.148507
-0.027989758 0.048054572 0.99845243 163.69513 -0.0035822819 0.99883257 -0.048173288 -5.8295193 -0.99960183 -0.004925096 -0.027784938 -41.168569
-0.020600467 0.047679331 0.9986502 164.40296 -0.003180806 0.99885403 -0.047754676 -5.8859788 -0.99978277 -0.0041602804 -0.020425202 -41.177873
-0.0098991016 0.04874736 0.99876204 165.10125 -0.0013072556 0.99880954 -0.048762633 -5.937206 -0.99995019 -0.0017883427 -0.0098235934 -41.179201
0.003858777 0.049019022 0.99879035 165.78854 0.00061979247 0.99879752 -0.049021767 -5.9858752 -0.99999241 0.00080820766 0.0038237537 -41.170418
0.019204936 0.046948619 0.99871263 166.48584 -0.0011259637 0.99889728 -0.046935646 -6.0315321 -0.99981498 -0.00022311728 0.01923662 -41.145055
0.035316095 0.042032139 0.99849186 167.18147 -0.0039006535 0.99911334 -0.041920335 -6.0718388 -0.99936862 -0.0024143075 0.035448733 -41.102288
0.052034951 0.035568338 0.99801161 167.85087 -0.0061609315 0.99935794 -0.035295096 -6.1130379 -0.9986263 -0.0043121018 0.052220674 -41.05129
0.069251336 0.028211773 0.99720021 168.53033 -0.0063891564 0.99959209 -0.027835741 -6.1465805 -0.99757883 -0.0044436051 0.069403336 -40.9942
0.087035203 0.020469687 0.99599487 169.22036 -0.0066952458 0.99977831 -0.019962378 -6.1810904 -0.99618278 -0.0049310001 0.087152956 -40.91861
0.10408352 0.014223742 0.9944668 169.87015 -0.0086461857 0.99987289 -0.013396131 -6.2131171 -0.99453102 -0.0072040274 0.10419327 -40.835726
0.12216795 0.011719729 0.9924402 170.53616 -0.0086922914 0.99990457 -0.010737866 -6.2411089 -0.99247142 -0.0073147556 0.12225816 -40.739647
0.14013251 0.010927329 0.99007242 171.16949 -0.0088177567 0.99991322 -0.009787896 -6.2607068 -0.99009354 -0.0073586146 0.1402167 -40.636505
0.15786563 0.0101029 0.98740888 171.81384 -0.0087310305 0.99992285 -0.0088350329 -6.2776472 -0.98742204 -0.0072263483 0.15794166 -40.520903
0.17398806 0.0098474028 0.98469848 172.45682 -0.01477963 0.99986348 -0.0073876204 -6.2944833 -0.98463689 -0.013268121 0.17410985 -40.390141
0.18809046 0.0063979456 0.98213083 173.07427 -0.018001352 0.99983326 -0.0030657788 -6.3130439 -0.98198677 -0.017103038 0.18817426 -40.25087
0.20052528 0.0021174861 0.9796862 173.70102 -0.01359454 0.9999074 0.00062138199 -6.3307298 -0.97959424 -0.013442985 0.2005355 -40.117416
0.21158954 0.00041778088 0.97735849 174.32836 -0.0099861749 0.99994863 0.0017344825 -6.3461195 -0.97730764 -0.010127071 0.21158284 -39.977409
0.22110016 0.0039848117 0.97524292 174.92574 -0.013599011 0.99990703 -0.0010025167 -6.3653409 -0.97515633 -0.013040682 0.22113379 -39.825391
0.22994659 0.010739812 0.97314395 175.53237 -0.016927212 0.99983198 -0.0070345735 -6.3808064 -0.97305607 -0.014855037 0.23008975 -39.669687
0.23924418 0.021010597 0.97073204 176.10892 -0.018621259 0.99968126 -0.017047827 -6.4009417 -0.9707809 -0.013997658 0.23955916 -39.513125
0.24745388 0.027996001 0.96849508 176.69415 -0.014778664 0.99957524 -0.025118425 -6.4155172 -0.968787 -0.008097411 0.24776252 -39.363398
0.25388088 0.026434776 0.96687415 177.30496 -0.014288182 0.99961988 -0.023578282 -6.4311391 -0.96712999 -0.0078287981 0.25416208 -39.198289
0.25982369 0.019072632 0.96546766 177.90325 -0.015711505 0.99975608 -0.015521761 -6.4489737 -0.96552829 -0.011136028 0.26005998 -39.022268
0.26427493 0.0081063011 0.96441328 178.51595 -0.019047313 0.99981351 -0.0031843837 -6.4700344 -0.96425932 -0.017527928 0.26438005 -38.842553
0.26643773 -0.0014151761 0.96385106 179.12544 -0.017936363 0.99981848 0.0064261412 -6.4945963 -0.96368527 -0.019000148 0.26636398 -38.66764
0.26737842 -0.0022189768 0.96358901 179.72873 -0.01501003 0.99986643 0.0064675275 -6.5111633 -0.96347473 -0.016192776 0.26730939 -38.501299
0.26850294 0.001212217 0.96327806 180.3395 -0.013874607 0.99990034 0.0026090877 -6.5122543 -0.96317898 -0.014065652 0.268493 -38.333897
0.27026812 0.00061639747 0.96278486 180.93645 -0.010157871 0.99994596 0.0022112779 -6.5251044 -0.96273155 -0.010377482 0.27025977 -38.16554
0.27200815 -0.0011138478 0.96229426 181.54263 -0.011863723 0.99991945 0.0045108734 -6.5197401 -0.96222186 -0.012643386 0.27197302 -37.984719
0.27450321 -0.0055002349 0.96157041 182.15637 -0.011881103 0.99988791 0.0091111574 -6.5360327 -0.96151282 -0.013925559 0.27440708 -37.805429
0.27798256 -0.011108591 0.96052185 182.77887 -0.0099269696 0.99984651 0.01443633 -6.5447621 -0.96053487 -0.013548119 0.27782961 -37.619889
0.28197958 -0.014165785 0.95931578 183.40182 -0.0091262486 0.99980615 0.017446241 -6.552563 -0.95937704 -0.013674437 0.28179563 -37.433111
0.28810506 -0.015633578 0.95747114 184.01047 -0.0079977094 0.99979257 0.01873113 -6.5472522 -0.95756545 -0.013054108 0.28792026 -37.247048
0.2959246 -0.018727567 0.95502766 184.63638 -0.006684288 0.99974271 0.021675596 -6.5478836 -0.95518795 -0.012798022 0.29572328 -37.047228
0.3057897 -0.020924737 0.95186908 185.2455 -0.00387701 0.99972281 0.023222192 -6.5497915 -0.95209123 -0.010791512 0.30562381 -36.842859
0.31643483 -0.019240768 0.94841906 185.87593 -0.0046666686 0.99975061 0.021839149 -6.5519866 -0.94860281 -0.011336624 0.31626612 -36.62524
0.32771844 -0.015388209 0.94465007 186.4875 -0.0057542108 0.99981629 0.018283112 -6.5506113 -0.94475795 -0.011427428 0.32756969 -36.400307
0.33930332 -0.011789827 0.9406031 187.09066 -0.0073198971 0.99985809 0.015173051 -6.5505897 -0.94064858 -0.012033384 0.33916886 -36.164597
0.35124813 -0.011090743 0.93621668 187.7146 -0.0065807687 0.9998759 0.014313833 -6.5453809 -0.93625932 -0.011188732 0.35113155 -35.919387
0.36269894 -0.014580523 0.93179226 188.34472 -0.0052444419 0.99982983 0.017686555 -6.5489658 -0.93189165 -0.011301624 0.36256075 -35.664106
0.3737792 -0.016119692 0.92737759 188.95619 -0.0057325413 0.99978972 0.019688859 -6.5483499 -0.92750004 -0.012675516 0.37360819 -35.399848
0.38491597 -0.015842536 0.9228156 189.59329 -0.0094232449 0.9997331 0.021093558 -6.5530949 -0.92290355 -0.016815164 0.38466395 -35.126436
0.39455493 -0.017907787 0.9186978 190.20694 -0.010216009 0.99966279 0.023873492 -6.5408609 -0.9188156 -0.018804828 0.39423893 -34.844048
0.40169046 -0.016790137 0.91562153 190.84392 -0.014599632 0.99958743 0.02473483 -6.5389065 -0.91565916 -0.023303483 0.40127961 -34.547578
0.40619646 -0.01905784 0.91358698 191.49038 -0.015155266 0.99950448 0.02758841 -6.5310782 -0.91366013 -0.025051968 0.40570635 -34.251752
0.40823304 -0.024201617 0.91255684 192.12732 -0.0098472526 0.9994736 0.030911883 -6.5223521 -0.91282467 -0.02160543 0.40777983 -33.962964
0.40842826 -0.022066201 0.91252363 192.78902 -0.008848085 0.99956508 0.02813123 -6.5196838 -0.91274758 -0.019563675 0.40805538 -33.678377
0.40747214 -0.022113808 0.91294981 193.44977 -0.0061334576 0.99961795 0.026950629 -6.5118943 -0.91319708 -0.016581169 0.40718083 -33.380281
0.40610189 -0.020722364 0.91359278 194.11159 -0.0034983938 0.99970028 0.024230551 -6.5080263 -0.91382115 -0.01303618 0.40590768 -33.08819
0.40621291 -0.02209554 0.91351124 194.78592 -0.0002577327 0.9997048 0.024294952 -6.4947618 -0.91377846 -0.010104364 0.4060873 -32.795148
0.40508374 -0.028423951 0.91383761 195.4715 0.0038746775 0.99956102 0.029372729 -6.4889001 -0.91427142 -0.0083575881 0.40501605 -32.495412
0.40468437 -0.03163022 0.9139092 196.15379 0.0044602753 0.999458 0.032616011 -6.4811851 -0.91444559 -0.0091229026 0.40460611 -32.188048
0.40302989 -0.034077753 0.9145521 196.84224 0.0054543153 0.9993782 0.034834878 -6.4687871 -0.9151706 -0.0090512413 0.40296516 -31.88072
0.40107727 -0.034337154 0.91540041 197.52526 0.0042288419 0.99935598 0.03563353 -6.4601646 -0.9160345 -0.010420715 0.40096417 -31.577305
0.39979456 -0.034594165 0.91595168 198.21412 0.0033152411 0.99933557 0.036296417 -6.4450253 -0.91659882 -0.011474509 0.39964361 -31.264693
0.39747792 -0.033463183 0.91700134 198.89818 0.0019231109 0.99936302 0.035635142 -6.4389019 -0.91760976 -0.012400686 0.39728908 -30.969792
0.39695048 -0.030681919 0.91732702 199.5857 0.0035333409 0.99948479 0.031900892 -6.4338815 -0.91783327 -0.0094218446 0.39685438 -30.664886
0.39637012 -0.023842267 0.91778113 200.27197 0.0018340318 0.99968131 0.025177803 -6.4318125 -0.91808901 -0.0082964886 0.39628753 -30.371296
0.3946945 -0.0208549 0.91857567 200.95621 -0.00045197022 0.99973785 0.02289177 -6.4176273 -0.91881234 -0.0094504241 0.3945816 -30.077233
0.39369247 -0.023912493 0.9189311 201.65261 -0.00064235354 0.9996542 0.026288275 -6.4112173 -0.91924202 -0.010939774 0.39354097 -29.767328
0.39231949 -0.027210635 0.91942641 202.33771 -0.0015691016 0.9995411 0.030251184 -6.4032617 -0.91982771 -0.013310802 0.39209676 -29.465218
0.38955758 -0.026278209 0.92062711 203.02421 -0.0066470064 0.99948662 0.0313418 -6.4039899 -0.92097816 -0.01832885 0.38918292 -29.17647
0.38555186 -0.026026176 0.92231899 203.70775 -0.0091664785 0.99944473 0.032034336 -6.3957053 -0.92264067 -0.020805315 0.38509921 -28.876568
0.37850345 -0.02732436 0.92519644 204.39696 -0.009265734 0.99940223 0.033306589 -6.3870546 -0.92555354 -0.021179283 0.37802401 -28.603445
0.3699146 -0.027896178 0.92864682 205.09145 -0.0086889983 0.99940152 0.033482772 -6.3731683 -0.92902517 -0.020454777 0.36945082 -28.314952
