1.000000000000000000e+00 -3.306050084167601550e-19 -2.270457535318767223e-19 -8.673617379884035472e-19 7.546676715296109287e-19 1.000000000000000000e+00 6.237773588823049983e-19 1.387778780781445676e-17 -3.447385680526250622e-20 4.770700176052009879e-20 1.000000000000000222e+00 5.551115123125782702e-17
9.999299700173395200e-01 -2.718107631708707034e-03 1.151599348016174584e-02 1.365866411667087700e-02 2.703693467611477386e-03 9.999955689703122763e-01 1.266311280012101179e-03 -7.345954438592705582e-03 -1.151938486566345468e-02 -1.235085581997675663e-03 9.999328403763623196e-01 3.020529762477316971e-01
9.998317423705125329e-01 -5.271930414573531946e-03 1.757378386573564197e-02 3.244290729128636308e-02 5.242171984833285565e-03 9.999847542606330464e-01 1.739348918674634564e-03 -6.237446253929371243e-03 -1.758268570970770647e-02 -1.646965566221806222e-03 9.998441741261485660e-01 5.874085976823257838e-01
9.997661003591075124e-01 -7.303573503388207690e-03 2.035262680517399905e-02 3.821563314245800952e-02 7.287517089163418268e-03 9.999730787430448631e-01 8.630702241900127612e-04 -1.620751017590288390e-02 -2.035837946889729883e-02 -7.145429787965608143e-04 9.997923879945582737e-01 8.884251783050733930e-01
9.998076726848397211e-01 -8.545604221537798570e-03 1.764989699285744382e-02 4.446757883273295964e-02 8.557374521643424173e-03 9.999631767612362498e-01 -5.912127027043202190e-04 -1.718546546533189501e-02 -1.764419261592659049e-02 7.421709681259550584e-04 9.998440449440306743e-01 1.200469287887357073e+00
9.998682218160009905e-01 -1.090502523364331525e-02 1.202741473341552465e-02 4.255548637218792979e-02 1.092526237187367751e-02 9.999390271845838285e-01 -1.618419724109793892e-03 -2.007104282806936035e-02 -1.200903531017853514e-02 1.749579243191226943e-03 9.999263778419144044e-01 1.518093492450770965e+00
9.999254124370059449e-01 -1.221392864108246726e-02 -1.249807755748782046e-04 3.568445990317230254e-02 1.221341238957248353e-02 9.999191860719212066e-01 -3.526892162874100713e-03 -2.719541910417055952e-02 1.680492599439201249e-04 3.525103118543719029e-03 9.999937536944421002e-01 1.844436708627593458e+00
9.998141349808886691e-01 -1.134350308133545357e-02 -1.559481986136115710e-02 1.431901924283180902e-02 1.128538437561552379e-02 9.999290834522928106e-01 -3.810983725261559568e-03 -3.259540856920596641e-02 1.563692440671695869e-02 3.634350661109072601e-03 9.998711395151219650e-01 2.173278113235589171e+00
9.993477217415615010e-01 -6.537771912783386583e-03 -3.551303686431497852e-02 -2.474922097738631657e-02 6.419175893627789009e-03 9.999734267703466184e-01 -3.452978852568158209e-03 -3.739647897568625090e-02 3.553466056223214542e-02 3.222784612885643083e-03 9.993631385593200189e-01 2.517082773445132649e+00
9.984947034870270688e-01 -2.471678935088728827e-03 -5.479446074205636397e-02 -6.915222827826762730e-02 2.222157682308350223e-03 9.999869081837750029e-01 -4.614535888371289196e-03 -4.075594440584322242e-02 5.480515698847523293e-02 4.485806577011430991e-03 9.984870749098561094e-01 2.868455330351302290e+00
9.971314436866239861e-01 -2.314965840322534638e-03 -7.565712796127335715e-02 -1.126932056028110696e-01 1.908519909699114446e-03 9.999833327742316813e-01 -5.444199324048935515e-03 -4.445975340964637701e-02 7.566847491361945732e-02 5.284194090603946091e-03 9.971193086221525892e-01 3.233919797162719156e+00
9.952774775535707663e-01 -3.359399112029880057e-03 -9.702481571633349289e-02 -1.727824594137221392e-01 2.980339223073166528e-03 9.999873730166807251e-01 -4.050583035211103092e-03 -5.020131696625976248e-02 9.703721253820377091e-02 3.742341794168589121e-03 9.952749386295777212e-01 3.616097688090089246e+00
9.931586770131399788e-01 -3.204418442573956759e-03 -1.167305751910704958e-01 -2.294444189982492721e-01 2.837628787016523591e-03 9.999904798960802532e-01 -3.308038978614430501e-03 -5.887580781935430885e-02 1.167400785562034277e-01 2.954145391078210649e-03 9.931583448836878159e-01 3.998463745002957648e+00
9.909483527994694674e-01 -3.431159968116843234e-03 -1.341957557186650163e-01 -3.001473870758971652e-01 3.096196308041040870e-03 9.999915566257390198e-01 -2.704493451415366113e-03 -6.269869998780124021e-02 1.342039127441013446e-01 2.264402984845995549e-03 9.909505901666193495e-01 4.397035901188964147e+00
9.887305253634876001e-01 -2.037543601571733132e-03 -1.496782372114115467e-01 -3.852589717973454730e-01 1.830253559096000618e-03 9.999971913730695272e-01 -1.522386140388905717e-03 -6.960330910274491190e-02 1.496809228021585558e-01 1.231266007067575215e-03 9.887314755394441823e-01 4.810046858816660276e+00
9.867461804436015171e-01 -1.181058257684221204e-03 -1.622661099023418596e-01 -4.695860462712415084e-01 9.390841993253388640e-04 9.999983469085551580e-01 -1.567762737685568552e-03 -7.722919947297149368e-02 1.622677119295180825e-01 1.394575255396967575e-03 9.867456512328961482e-01 5.233949833530679996e+00
9.845836164181295258e-01 -2.408114844604993410e-03 -1.748763719600380517e-01 -5.587179332921223818e-01 2.023250804126696962e-03 9.999951176644865658e-01 -2.378770652288548799e-03 -8.270929429297521618e-02 1.748812702933206231e-01 1.988283603033563166e-03 9.845837300592300556e-01 5.671138547520362394e+00
9.827781557934726075e-01 -6.028568890554929054e-03 -1.847183783620984787e-01 -6.492429778201540547e-01 5.303387872284597536e-03 9.999761378309803828e-01 -4.420845197078131228e-03 -9.569534457766240565e-02 1.847406360703178207e-01 3.365225024804600982e-03 9.827867115101299733e-01 6.114791202623861111e+00
9.812890389782087386e-01 -5.335365554502875807e-03 -1.924845304410980340e-01 -7.436575612108841105e-01 4.147930462713318375e-03 9.999697828397116073e-01 -6.571414074967399724e-03 -1.060335573137104748e-01 1.925138010304290326e-01 5.650049712845213283e-03 9.812815662893799029e-01 6.580579557816015779e+00
9.797375480442882534e-01 -4.640350836475730378e-03 -2.002616703724337255e-01 -8.592255258224873460e-01 3.053023782641418448e-03 9.999614439934637611e-01 -8.232462018689335956e-03 -1.024355841992649896e-01 2.002921652550741782e-01 7.454396065853342163e-03 9.797139403581833772e-01 7.057104223954354438e+00
9.782578174146004946e-01 -4.951269992930552345e-03 -2.073590816255981573e-01 -9.712732284415682704e-01 2.824417990091370075e-03 9.999403119364201897e-01 -1.055133142380955055e-02 -1.177201829898416596e-01 2.073989873871699419e-01 9.735918577008763342e-03 9.782134707618944658e-01 7.546508136022665347e+00
9.763932472219409853e-01 -9.266713853912065396e-03 -2.157780514655689985e-01 -1.087815356505497766e+00 6.714700019530462846e-03 9.998985274469902595e-01 -1.255747668155703795e-02 -1.263520073458808679e-01 2.158725794967801259e-01 1.081152696753766816e-02 9.763564477775107386e-01 8.049906840131312080e+00
9.747087105009072383e-01 -1.476034975403852680e-02 -2.229837385231245306e-01 -1.198870637112530169e+00 1.195999183229681101e-02 9.998317698791755470e-01 -1.390362062633854548e-02 -1.419669480623104163e-01 2.231514405178926519e-01 1.088502385882592245e-02 9.747212445688006044e-01 8.566569232271383783e+00
9.729595945055874440e-01 -1.525868941505534315e-02 -2.304717575733374324e-01 -1.331812759010023495e+00 1.188492464546974867e-02 9.998010211114258805e-01 -1.602170524257387832e-02 -1.646731143844712142e-01 2.306702951673081370e-01 1.284979217599972225e-02 9.729473612010718364e-01 9.088000765393895009e+00
9.707052857904219234e-01 -1.173209729405781145e-02 -2.399984529123687649e-01 -1.486827191897142297e+00 7.060577995626583087e-03 9.997686540026766711e-01 -2.031951405565018964e-02 -1.645978652253211605e-01 2.401813011656148966e-01 1.802995403307013078e-02 9.705635958743210612e-01 9.621915682359125199e+00
9.687604110873735408e-01 -9.341631151018835871e-03 -2.478333670764821528e-01 -1.646042155770223392e+00 3.628530779304234028e-03 9.997171837679076356e-01 -2.350008051302016412e-02 -1.822500220435239737e-01 2.479828299326582441e-01 2.186667942896605710e-02 9.685204148264208168e-01 1.016755263522980535e+01
9.662195866498279884e-01 -1.158317622182793334e-02 -2.574304660007609158e-01 -1.801220649724472489e+00 5.201242273658612282e-03 9.996623617319138067e-01 -2.545818840429026411e-02 -2.003512596667760826e-01 2.576384169714372452e-01 2.325953583241502018e-02 9.659535838066739544e-01 1.072957177523664996e+01
9.641011495356252015e-01 -1.384888359451223044e-02 -2.651195334768395306e-01 -1.963226563520755974e+00 6.807388081304196169e-03 9.995998418372215033e-01 -2.745504048619726301e-02 -2.336100311255794315e-01 2.653935818836208327e-01 2.466471119981745314e-02 9.638095681860218145e-01 1.130198813229310417e+01
9.619165951259739389e-01 -1.334662005286687408e-02 -2.730341810076301057e-01 -2.138525092169739850e+00 5.213665003948421590e-03 9.995212637882402440e-01 -3.049001311386842147e-02 -2.478081344845936562e-01 2.733104774831903727e-01 2.790505280419264614e-02 9.615257007133188871e-01 1.188899879849070551e+01
9.595651503224066348e-01 -1.254912059501233842e-02 -2.812586370674180491e-01 -2.328262505831731666e+00 3.218589310170005564e-03 9.994296348637404792e-01 -3.361800631052916377e-02 -2.693036057284746709e-01 2.815201244037677242e-01 3.135378332781913607e-02 9.590581265722760707e-01 1.248431409203063858e+01
9.578666793853493067e-01 -1.376299910445630270e-02 -2.868609262568285190e-01 -2.516969037752501137e+00 2.875803175770268692e-03 9.992607701809473886e-01 -3.832865884229191139e-02 -3.005775479382318260e-01 2.871764466462378151e-01 3.588874584402686890e-02 9.571981453357421010e-01 1.307556783568174374e+01
9.556969951378367911e-01 -1.495020309302344183e-02 -2.939459007042583005e-01 -2.717984239913472155e+00 1.365221927322068539e-03 9.989236523023066194e-01 -4.635213333931511442e-02 -3.386697427704896679e-01 2.943227304815431711e-01 4.389617798400706483e-02 9.546887397668880615e-01 1.369354174731784646e+01
9.543716532986996626e-01 -1.505984843492063491e-02 -2.982844536407486813e-01 -2.921024966209401441e+00 -1.202158642109460917e-03 9.985256818742803686e-01 -5.427022139089773128e-02 -3.721136140263440195e-01 2.986619979984899143e-01 5.215260649384864666e-02 9.529465187775207902e-01 1.431802680563528085e+01
9.533959391858602972e-01 -1.539957762317165427e-02 -3.012834138223480784e-01 -3.127292263515329740e+00 -3.679598749218266490e-03 9.980289209143645701e-01 -6.263127857908562524e-02 -4.173692155722472097e-01 3.016542246810575145e-01 6.082082481911792876e-02 9.514600404696910152e-01 1.495633295798748286e+01
9.520726378672151879e-01 -1.513372258436248424e-02 -3.054898896935490105e-01 -3.350492638662080580e+00 -7.107144359572921052e-03 9.974109513455828857e-01 -7.154401996299246391e-02 -4.584371815828350294e-01 3.057822187379506396e-01 7.028453017601268837e-02 9.495001277519240501e-01 1.559771632289325893e+01
9.511544426589947365e-01 -1.421768979975709599e-02 -3.083678667891197045e-01 -3.577882613798212930e+00 -1.040513570719995423e-02 9.968949497738995857e-01 -7.806113324040502011e-02 -5.152578382921789713e-01 3.085198337721851702e-01 7.745835034658812845e-02 9.480532744219644092e-01 1.625729130008780388e+01
9.489424514075374129e-01 -1.331651767401513010e-02 -3.150650481720222440e-01 -3.816239036954072184e+00 -1.433804669626867825e-02 9.962552440927041619e-01 -8.526551640448025438e-02 -5.748746801918025451e-01 3.150199450284476010e-01 8.543213706946983788e-02 9.451980054313076085e-01 1.692705837946060043e+01
9.478682780309699574e-01 -1.162418021796260414e-02 -3.184832322431783158e-01 -4.056110332263149765e+00 -1.832152508992073228e-02 9.956934381200316375e-01 -9.087731908858173724e-02 -6.472495209948001538e-01 3.181688442692389152e-01 9.197176128116793525e-02 9.435732530834649578e-01 1.759873306536728776e+01
9.460921357589479053e-01 -9.509738099460617045e-03 -3.237965729705993834e-01 -4.309296410503336006e+00 -2.304852391250782756e-02 9.950583300647933838e-01 -9.656926807090986109e-02 -7.171171404998983867e-01 3.231152338126175305e-01 9.882464189189291148e-02 9.411976543888136426e-01 1.828910275544087227e+01
9.440779323893129238e-01 -6.866193458387211471e-03 -3.297264382427438911e-01 -4.565402867729036807e+00 -2.745507415546738494e-02 9.946741293218537283e-01 -9.934877063648579754e-02 -7.916605434228874971e-01 3.286528832263822530e-01 1.028438729243296296e-01 9.388615423575895624e-01 1.899083563551935683e+01
9.426647659907381183e-01 -6.232164216549315044e-03 -3.336993541784916695e-01 -4.833118281855637299e+00 -2.927001872719148245e-02 9.944292091440997128e-01 -1.012648226934727419e-01 -8.693528886198554906e-01 3.324716526396935268e-01 1.052255513169373102e-01 9.372310022630813142e-01 1.969531646631073230e+01
9.406186971054174562e-01 -5.822993002389716295e-03 -3.394025407519576931e-01 -5.113506603426163366e+00 -3.004760708038484857e-02 9.945001908969360871e-01 -1.003512778341988237e-01 -9.551492455938944692e-01 3.381198279466571255e-01 1.045927734906691164e-01 9.352706927242701029e-01 2.042112246522797747e+01
9.382311945398447151e-01 -4.493946456189889214e-03 -3.459891427411388443e-01 -5.392619549183227612e+00 -3.147819643427625380e-02 9.946606047285360130e-01 -9.828459220965703180e-02 -1.034853968997797580e+00 3.445838881753879868e-01 1.031035549583642769e-01 9.330802428153597283e-01 2.115025046719363999e+01
9.357781954231879640e-01 -5.533617298622529705e-03 -3.525544054892353896e-01 -5.678189343282421753e+00 -3.061622026552222528e-02 9.948251613131384730e-01 -9.688078517442684501e-02 -1.121587495201304074e+00 3.512672224395463894e-01 1.014488494773364696e-01 9.307661338871480172e-01 2.188439726264570950e+01
9.338481901503138394e-01 -4.955607093130940353e-03 -3.575864997502292142e-01 -5.973989519411799343e+00 -3.043095396869440958e-02 9.951776038180417672e-01 -9.325572543287455329e-02 -1.208192124529907208e+00 3.563242223284657229e-01 9.796932167472181818e-02 9.291940084112531029e-01 2.261533000537546201e+01
9.287763656226861730e-01 -2.396966496985241963e-03 -3.706815813201479459e-01 -6.291491299075556931e+00 -3.219159764911409816e-02 9.956784980243091887e-01 -8.712243241676403960e-02 -1.281612910418654883e+00 3.692887803376543876e-01 9.284958240155463671e-02 9.246856612172016376e-01 2.338540604393161360e+01
9.259750902084585844e-01 2.193451524464723443e-05 -3.775706042329164958e-01 -6.614115851032821958e+00 -3.353219538457778703e-02 9.960535420602933954e-01 -8.216981090781878827e-02 -1.359984267041804529e+00 3.760785058581624374e-01 8.874878011811093703e-02 9.223217653180708631e-01 2.413251851185241748e+01
9.227056453192925556e-01 3.589148851950952832e-03 -3.854200633512068208e-01 -6.954271572792988465e+00 -3.654883612276652732e-02 9.962668856930910755e-01 -7.819697595827009018e-02 -1.433081387272736595e+00 3.837003917658429186e-01 8.624065271846804992e-02 9.193924277507392606e-01 2.488127629984270683e+01
9.190474832245715264e-01 4.864343827200053386e-03 -3.941112441380342779e-01 -7.301342648561836235e+00 -3.799802861671146975e-02 9.963595467530345084e-01 -7.630868204651584941e-02 -1.502297134724246641e+00 3.923046818022237203e-01 8.510996511513253815e-02 9.158870297758121559e-01 2.564717743002192663e+01
9.151631576762867537e-01 5.533901365758861490e-03 -4.030539517828912732e-01 -7.647058129402008575e+00 -3.901904888640606028e-02 9.964260250870788926e-01 -7.493520946049081477e-02 -1.580238562249853373e+00 4.011987896460098568e-01 8.430661981202952626e-02 9.121085630366528862e-01 2.643127104117958126e+01
9.115618269641150295e-01 5.562069630441391146e-03 -4.111391650976420897e-01 -8.011235117272274664e+00 -3.926144136186700273e-02 9.965167661808365107e-01 -7.354962915225693454e-02 -1.649260767048605247e+00 4.092974994407669320e-01 8.318758401366425914e-02 9.086053548950572267e-01 2.720129214482372504e+01
9.077171388266778163e-01 6.155134635270418340e-03 -4.195254396120967066e-01 -8.389866540863627264e+00 -4.007630695667248333e-02 9.965927693642290253e-01 -7.209175888822808020e-02 -1.714672485056209394e+00 4.176526810026542358e-01 8.225064183481840818e-02 9.048708879554863138e-01 2.798137919221566250e+01
9.037101325998209145e-01 6.092853624460129076e-03 -4.280839309627294531e-01 -8.774675765784275328e+00 -3.954943017375306402e-02 9.968114424244650662e-01 -6.927590200580810431e-02 -1.787354509273171965e+00 4.262965101210913765e-01 7.953538410017732541e-02 9.010698809121462372e-01 2.877651259824507690e+01
9.007129255249802791e-01 6.564344299655877971e-03 -4.343280378457503033e-01 -9.166579732124025881e+00 -3.857348794652877555e-02 9.971449494526560819e-01 -6.492061296327109043e-02 -1.855928626815721127e+00 4.326622795940580635e-01 7.522675535773416799e-02 8.983941968798162536e-01 2.957507647461815026e+01
8.963586605563050869e-01 9.049842713688083240e-03 -4.432807968562218481e-01 -9.581163020702780031e+00 -3.932864565858087275e-02 9.974729194423738177e-01 -5.918251812998643474e-02 -1.913592970766295309e+00 4.416252986649216172e-01 7.048221704589542613e-02 8.944495627129609439e-01 3.038799487132386545e+01
8.932703988720573918e-01 8.575909979088913726e-03 -4.495269992089548916e-01 -9.994148745405800227e+00 -3.735270187882849119e-02 9.977761839614013306e-01 -5.519668802678966146e-02 -1.982174247408810208e+00 4.480540476578750986e-01 6.609466891030335578e-02 8.916044839466318317e-01 3.119500349997877819e+01
8.890735362008945764e-01 8.936913166816204401e-03 -4.575767002727270660e-01 -1.042959838635882441e+01 -3.692055781981216228e-02 9.979522276846130024e-01 -5.223070354160783135e-02 -2.040661799128829834e+00 4.561729413242491815e-01 6.333192539076434868e-02 8.875826693611051921e-01 3.201739878488493218e+01
8.866014626707784396e-01 8.886623089961616026e-03 -4.625012264323081768e-01 -1.087500306132253236e+01 -3.646475845686990291e-02 9.980463830743980802e-01 -5.073014364154444789e-02 -2.097389150018004411e+00 4.611468465101933312e-01 6.184179938366901608e-02 8.851935272215900596e-01 3.284505071324537795e+01
8.833532655668441258e-01 7.958888534899108413e-03 -4.687080081103054408e-01 -1.132638486530248123e+01 -3.530183788864930255e-02 9.981455942532967418e-01 -4.957548955167496996e-02 -2.150938171094176177e+00 4.674442330046221228e-01 6.033548545638853927e-02 8.819962278034556569e-01 3.368013961140484724e+01
8.803546465003451171e-01 7.488516788370137151e-03 -4.743014058030183278e-01 -1.179468724201617036e+01 -3.412182321501503607e-02 9.982848563506010464e-01 -4.758342921998749003e-02 -2.208941295660679316e+00 4.731318988194738173e-01 5.807110458197980302e-02 8.790999218545595406e-01 3.453278644406935882e+01
8.777475619901294879e-01 5.559175956280982753e-03 -4.791226564365228535e-01 -1.226953174054668416e+01 -3.250780161857486084e-02 9.983196158022842326e-01 -4.797181764387603575e-02 -2.265489910613878166e+00 4.780510031634365165e-01 5.767993250308017100e-02 8.764532046119140052e-01 3.538504222120961629e+01
8.762923291634607814e-01 5.839627877401537721e-03 -4.817701420319829286e-01 -1.275460682592945716e+01 -3.276199359639248021e-02 9.983342363881432258e-01 -4.749431399838242168e-02 -2.321964265221963419e+00 4.806902777381738545e-01 5.740235853180013920e-02 8.750239724160783217e-01 3.624537067554670955e+01
8.744023291447938773e-01 5.506065744099913721e-03 -4.852607211460935877e-01 -1.325416649104504607e+01 -3.302336825702564815e-02 9.982924545195912547e-01 -4.818428391421988172e-02 -2.375146200662616724e+00 4.841669690121964131e-01 5.815275007719372669e-02 8.730908103221264316e-01 3.711940210694418596e+01
8.741703846242177001e-01 5.357429879273157246e-03 -4.855793336378768088e-01 -1.375744591019338969e+01 -3.225622765489802313e-02 9.983715227130023351e-01 -4.706583999707759230e-02 -2.431371111084909220e+00 4.845363057519461170e-01 5.680950993436550966e-02 8.729196758002923939e-01 3.799955835454157693e+01
8.735081867796871125e-01 5.564714983268823252e-03 -4.867496766005335318e-01 -1.426783275409655438e+01 -3.160122147373688878e-02 9.984738552672876022e-01 -4.530075418489244027e-02 -2.483685434770507072e+00 4.857547980260538689e-01 5.495358254456089719e-02 8.723508675370709176e-01 3.890202089287765830e+01
8.732283037848332929e-01 3.903032477386129614e-03 -4.873524165380129780e-01 -1.478110097379584431e+01 -2.984473377242694361e-02 9.985191571770514196e-01 -4.549549131518297596e-02 -2.551551698763864007e+00 4.864532138011733453e-01 5.427373275540167685e-02 8.720515698189077458e-01 3.980907193730618587e+01
8.742380648070133820e-01 2.059170701947102364e-03 -4.855777111050281203e-01 -1.530593193567445098e+01 -2.770020651317591995e-02 9.985735945863307705e-01 -4.565470345040596040e-02 -2.604832316550318438e+00 4.847912443360392620e-01 5.336245947999874312e-02 8.730479635619782242e-01 4.072502201159377222e+01
8.724085918556204744e-01 1.084890200389220221e-03 -4.887100141093806971e-01 -1.583323313564585710e+01 -2.682054466190325268e-02 9.985972890253105305e-01 -4.565693835299300396e-02 -2.657207264690821802e+00 4.879751136794036048e-01 5.293816330486499078e-02 8.712136268133136019e-01 4.165888874789056473e+01
8.711936142776507408e-01 2.791758382758001704e-04 -4.910201440688339858e-01 -1.636846195449141206e+01 -2.518320243206848344e-02 9.987087874433046020e-01 -4.411384278653746743e-02 -2.714702627563595261e+00 4.903739325314713238e-01 5.079351681275665747e-02 8.700755540972212598e-01 4.258902191753517741e+01
8.693464594577774429e-01 1.542471892569723330e-03 -4.940962095257658837e-01 -1.691055334875765936e+01 -2.431728375277369264e-02 9.989174962450866335e-01 -3.965799658214270995e-02 -2.775940786791284864e+00 4.935003795921245051e-01 4.649132627400170970e-02 8.684424799775255499e-01 4.352074496286783045e+01
8.659855971283052511e-01 1.625014919602438615e-03 -5.000468100135918581e-01 -1.744818519411382951e+01 -2.232622219895768340e-02 9.991232476396301188e-01 -3.542473022017201406e-02 -2.834847910767908985e+00 4.995510535565256816e-01 4.184103516271929502e-02 8.652623920332122021e-01 4.445147726624417572e+01
8.632206902078537469e-01 -2.406313377848908993e-04 -5.048097131516022795e-01 -1.799417480909398748e+01 -1.938158563973918502e-02 9.992469616364184626e-01 -3.361997013560034941e-02 -2.889688278116131048e+00 5.044376992650028146e-01 3.880588614007426246e-02 8.625655717847258153e-01 4.537493101125335215e+01
8.572908252591951994e-01 -2.718225625827385035e-03 -5.147557551169297252e-01 -1.855766357517741127e+01 -1.816419224634069698e-02 9.992038077874528801e-01 -3.553472819420301632e-02 -2.940784488216860115e+00 5.144423020654349532e-01 3.981714050148797007e-02 8.565587126335890700e-01 4.629797009087870663e+01
8.524196038177074275e-01 -4.637015263536734509e-03 -5.228358427575336975e-01 -1.912455052597946903e+01 -1.787657733322345691e-02 9.991175579970666965e-01 -3.799786160488000109e-02 -3.000955443910009901e+00 5.225507194881570117e-01 4.173588636185870948e-02 8.515845003251187872e-01 4.720340170284188730e+01
8.454472969065053300e-01 -4.611412070284453234e-03 -5.339324683090057588e-01 -1.970714669614893566e+01 -1.808256585191652874e-02 9.991421747125236452e-01 -3.725267224828038293e-02 -3.052253366170956106e+00 5.336460186220475244e-01 4.115453109640387214e-02 8.446387650562338090e-01 4.811022596399586604e+01
8.405407309627397350e-01 -1.686679428978531473e-03 -5.418845193504048252e-01 -2.030919434898455833e+01 -1.854287713314182670e-02 9.993196171700827746e-01 -3.187659190262746856e-02 -3.099004997032461350e+00 5.415695475375205126e-01 3.683915509708701047e-02 8.399377184832361731e-01 4.901517227632097473e+01
8.356856534605787701e-01 8.339868274029865053e-04 -5.491690401937995292e-01 -2.091437629710254953e+01 -1.941558749449011009e-02 9.994186925968733259e-01 -2.803344122814993566e-02 -3.152649562461258714e+00 5.488265387186791466e-01 3.409087892443363882e-02 8.352159263882268370e-01 4.990943353255854475e+01
8.305896525769346228e-01 2.041182411184218511e-03 -5.567433001935785386e-01 -2.152151074668610420e+01 -2.188937601776540232e-02 9.993401202661942317e-01 -2.898950364080412831e-02 -3.200056105285825403e+00 5.563167595901883367e-01 3.626875146990572035e-02 8.300862870323596487e-01 5.079859761126827067e+01
8.272920280852353869e-01 1.568755728480571892e-04 -5.619749673238719767e-01 -2.213888780414117363e+01 -2.272551717312447025e-02 9.991907861041875449e-01 -3.318971234397193742e-02 -3.243273999665475582e+00 5.615152767894916463e-01 4.022246435045487983e-02 8.266260210309140932e-01 5.167990755481380916e+01
8.248115660824849593e-01 -2.077175825027851273e-03 -5.655537439630892171e-01 -2.274538715932290245e+01 -2.496703747593312026e-02 9.988840897673636476e-01 -4.008964890953799903e-02 -3.307833575131015724e+00 5.650061981893597096e-01 4.718086398632091033e-02 8.238393106189627613e-01 5.255421723338881890e+01
8.208814119569141088e-01 -2.145143298221170811e-03 -5.709732354859770043e-01 -2.337397109541084461e+01 -2.585365296313029901e-02 9.988281139705039724e-01 -4.091994316265556986e-02 -3.356271374566075938e+00 5.703916780736411063e-01 4.835873295393437049e-02 8.198641077433889146e-01 5.343093980646343510e+01
8.181112905156733284e-01 -4.764450578585468208e-04 -5.750539153058725761e-01 -2.400123390141817481e+01 -2.528696847270205453e-02 9.990025221098777219e-01 -3.680446249838074252e-02 -3.417317041176811898e+00 5.744979395342716399e-01 4.465182791209273971e-02 8.172832768558028205e-01 5.430693991596579195e+01
8.153292211411032886e-01 1.532153040154725972e-03 -5.790501613265489622e-01 -2.463737158712001474e+01 -2.404875336420931112e-02 9.992230778785410328e-01 -3.122820946335869152e-02 -3.464141742966906801e+00 5.785524865894077218e-01 3.938683155459590801e-02 8.147326192886141794e-01 5.518559352352163216e+01
8.119032792788840602e-01 3.175144994714475255e-03 -5.838508254166515643e-01 -2.528001219180537973e+01 -2.452522978409974949e-02 9.992879634076091699e-01 -2.867372997467754203e-02 -3.513770052453839998e+00 5.833441475664575826e-01 3.759630615868421455e-02 8.114029350364377891e-01 5.604444653159438161e+01
8.096334153886982632e-01 4.143949315738656644e-03 -5.869989670371006385e-01 -2.592653989974545681e+01 -2.615040445539669120e-02 9.992367937858738225e-01 -2.902585009748790204e-02 -3.560435192821470363e+00 5.864308443209992339e-01 3.884814281954387244e-02 8.091238012738839469e-01 5.692170559031747956e+01
8.055499332826159264e-01 2.893249102892609878e-03 -5.924603477049363853e-01 -2.658116282938360442e+01 -2.591924179888805205e-02 9.992029995427514910e-01 -3.035986312518028016e-02 -3.602793139047746784e+00 5.919003839513088394e-01 3.981312808636535555e-02 8.049827348801686933e-01 5.779053713590530350e+01
8.021845897021318006e-01 1.869090830930647974e-03 -5.970909188333015649e-01 -2.723230594708704899e+01 -2.636133132111861607e-02 9.991309055115027427e-01 -3.229655090863401551e-02 -3.661915996900602543e+00 5.965120311936628061e-01 4.164230695628411832e-02 8.015364916714365906e-01 5.864881621558333791e+01
7.980439274799665528e-01 -3.038180926959510369e-04 -6.027247983622171512e-01 -2.789204805741670157e+01 -2.416651596862685880e-02 9.991792230990143020e-01 -3.250005855869281951e-02 -3.701310530731668713e+00 6.022402860738615971e-01 4.049556812614849705e-02 7.973814012131641427e-01 5.952262382181361744e+01
7.933747701073057268e-01 -4.842781380577841047e-04 -6.087028360275829053e-01 -2.857195838850857683e+01 -2.370936943593872359e-02 9.992163127745489204e-01 -3.168982559242298352e-02 -3.753815177720166929e+00 6.082410870438631489e-01 3.957351883032704520e-02 7.927415491829649108e-01 6.036662098968284340e+01
7.884959812653208333e-01 -1.259431659107308754e-03 -6.152189755289696471e-01 -2.924748669574072935e+01 -2.261267793935965026e-02 9.992624197850080714e-01 -3.103126108672224839e-02 -3.806397560795275137e+00 6.148047016803251941e-01 3.837223637957207917e-02 7.878857940294748952e-01 6.122835928006313111e+01
7.837129299134985017e-01 -1.314930194885151164e-03 -6.212415421346566546e-01 -2.994012310073879135e+01 -2.261613407490568883e-02 9.992743175207013939e-01 -3.064532070874844208e-02 -3.859032782651599103e+00 6.208313428592608929e-01 3.805900746285988123e-02 7.831142440170639762e-01 6.208576176456034545e+01
7.775785736617503163e-01 -3.095473370943751471e-03 -6.287129586727634445e-01 -3.064225488242530560e+01 -2.168115975130832304e-02 9.992611138991749353e-01 -3.174115141885676394e-02 -3.909484030628289641e+00 6.283469071816846219e-01 3.831557746304341955e-02 7.769368150483280111e-01 6.293639667296167062e+01
7.730028573337797138e-01 -4.371392423321735290e-03 -6.345046051785736552e-01 -3.134277696996364782e+01 -2.111423031741034226e-02 9.992449399492594475e-01 -3.262016091926735889e-02 -3.957640741971934162e+00 6.341685325932547856e-01 3.860875126891358949e-02 7.723268210564995240e-01 6.378219474678115120e+01
7.667110727174216711e-01 -5.493589193058302095e-03 -6.419116424093704865e-01 -3.206811997446273210e+01 -2.108280632619586106e-02 9.992084799530114303e-01 -3.372976089866081689e-02 -4.004354464181265172e+00 6.415889324324601795e-01 3.939771246309538982e-02 7.659883633985978824e-01 6.462962162470138594e+01
7.623644660428539055e-01 -7.331042643199721202e-03 -6.471417043784386536e-01 -3.279525759542924135e+01 -1.969691421302012177e-02 9.992096441602734691e-01 -3.452121280344944837e-02 -4.055452552813951783e+00 6.468836307455744228e-01 3.906172438515628786e-02 7.616175206371744721e-01 6.547806748931351706e+01
7.544015061544151468e-01 -8.240193578485918713e-03 -6.562252840456752612e-01 -3.353709862080374648e+01 -1.887143221609447613e-02 9.992355502170384707e-01 -3.424267805674243575e-02 -4.100578141350965211e+00 6.560057916845939419e-01 3.822282138890722991e-02 7.536692809851139874e-01 6.630431473426943967e+01
7.489125628702081316e-01 -8.668782995799153082e-03 -6.627574276088497029e-01 -3.428365122495652884e+01 -1.745510945291011903e-02 9.993094249532068485e-01 -3.280038036142882141e-02 -4.157895579599581559e+00 6.625841757598699422e-01 3.613130637633060749e-02 7.482439931832076674e-01 6.714024195981346566e+01
7.433601415835370263e-01 -8.741954757117326863e-03 -6.686456532464353231e-01 -3.504005705768412327e+01 -1.662891431813493318e-02 9.993640439662141439e-01 -3.154821833331363651e-02 -4.208187521116367513e+00 6.684960625601858997e-01 3.457698979929318267e-02 7.427421158914417898e-01 6.798670534170720714e+01
7.370258913222204056e-01 -1.070851799422104823e-02 -6.757222147101252796e-01 -3.581625503498477769e+01 -1.530684636656643414e-02 9.993535888209916784e-01 -3.252971619588660573e-02 -4.259903533856784108e+00 6.756335783421236751e-01 3.432559444829436091e-02 7.363855483335032259e-01 6.881048312891864782e+01
7.295398571953733979e-01 -1.258542010683274225e-02 -6.837229928248563793e-01 -3.659926334068708087e+01 -1.473358031730018225e-02 9.993094490368653604e-01 -3.410999679768193099e-02 -4.317109493080488747e+00 6.836802127336624180e-01 3.495813162376749245e-02 7.288507674867862329e-01 6.962851905895675486e+01
7.253988812494290839e-01 -1.073067947093050284e-02 -6.882889610876737896e-01 -3.738807886338006625e+01 -1.731961977964463495e-02 9.992774174913552354e-01 -3.383462440924389636e-02 -4.364118869595200678e+00 6.881546927697765881e-01 3.646744129765524395e-02 7.246888998714290375e-01 7.044606845832942099e+01
7.190486058275765702e-01 -1.102206098748741321e-02 -6.949161171330725528e-01 -3.819951857332371503e+01 -1.625749484357159880e-02 9.993337821627937823e-01 -3.268599120758736154e-02 -4.415166705406732284e+00 6.948135320419698280e-01 3.480329732456859115e-02 7.183904949480148794e-01 7.126456636964421421e+01
7.142744007303717391e-01 -1.112507940827917909e-02 -6.996786523373935696e-01 -3.901315261158820391e+01 -1.688850246928990870e-02 9.993084727189980310e-01 -3.312620280940992840e-02 -4.471352967304975223e+00 6.995631905889209134e-01 3.548362860703846433e-02 7.135925887965716141e-01 7.208027523921217039e+01
7.087155029482434809e-01 -1.082046035206841138e-02 -7.053123207969825836e-01 -3.983407858600514828e+01 -1.793227061928600458e-02 9.992830323012492633e-01 -3.334484012570958222e-02 -4.521294351709176595e+00 7.051673616764709829e-01 3.628470502433248090e-02 7.080135134718210654e-01 7.289380993408624931e+01
7.040322288040899990e-01 -1.332170748086847385e-02 -7.100786210911969043e-01 -4.066337246300559372e+01 -1.766311991814910332e-02 9.991862135200901829e-01 -3.626513179334207859e-02 -4.578354820871666675e+00 7.099839808422756526e-01 3.807334324820522975e-02 7.032241402830892163e-01 7.369809936923344651e+01
7.004359497550609603e-01 -1.555860254390273138e-02 -7.136182368358550132e-01 -4.149480607837130464e+01 -1.762572408064001783e-02 9.990803380236488174e-01 -3.907920342364104571e-02 -4.635754037378218229e+00 7.135702951605671363e-01 3.994470156427478574e-02 6.995176162969132250e-01 7.450689394531039511e+01
6.941823062879466377e-01 -1.504904121189976074e-02 -7.195118531380451099e-01 -4.235004175287528483e+01 -1.857294427302232098e-02 9.990739438126150507e-01 -3.881685994441793491e-02 -4.694588575757301818e+00 7.194297504241787822e-01 4.031126698527340985e-02 6.932600229211364207e-01 7.530955077508789941e+01
6.899836219997251829e-01 -1.496887709884291325e-02 -7.238172279644767837e-01 -4.320842270182635048e+01 -1.777924220671154090e-02 9.991340179725215487e-01 -3.761814555182007441e-02 -4.751260455668006699e+00 7.237539539600397198e-01 3.881737339933286068e-02 6.891198459133737186e-01 7.611643826975465288e+01
6.855514340749472302e-01 -1.589493364323259564e-02 -7.278499092387388236e-01 -4.407097167355314582e+01 -1.610442754764064913e-02 9.991858247722188446e-01 -3.698645396413331038e-02 -4.811643531085480596e+00 7.278450601730114267e-01 3.708260419030533217e-02 6.847373309775106609e-01 7.692612516566539682e+01
6.789471599345535680e-01 -1.713533419553576673e-02 -7.338920359883812639e-01 -4.494654406465421204e+01 -1.508153337466994030e-02 9.991910620093614748e-01 -3.727811442755052385e-02 -4.876004310781972606e+00 7.339373457019825464e-01 3.637658299182498084e-02 6.781396015042662206e-01 7.771289331524315003e+01
6.756127712938547747e-01 -1.784689333835136338e-02 -7.369380018308143709e-01 -4.582624832982067886e+01 -1.442236626414236320e-02 9.991956469962262055e-01 -3.742131987501846890e-02 -4.931161388010376179e+00 7.370130716488575429e-01 3.591508236480938504e-02 6.748119239645579137e-01 7.850715467141543513e+01
6.702964885297186814e-01 -1.838479139631017667e-02 -7.418446571782507659e-01 -4.671552300467467234e+01 -1.323560198724271948e-02 9.992378548362186308e-01 -3.671389721735698886e-02 -4.990609988092059801e+00 7.419545108268240652e-01 3.442672326474349731e-02 6.695423544604482968e-01 7.930285201519124882e+01
6.663272260585920703e-01 -1.910893880121637689e-02 -7.453341572469136533e-01 -4.761515590126467146e+01 -1.152042606070650781e-02 9.992883665051357500e-01 -3.590768683232162944e-02 -5.045288642525641798e+00 7.454901871847960937e-01 3.251030002712783362e-02 6.656329292410819720e-01 8.009775535130025048e+01
6.632993389289425501e-01 -2.198438538570032796e-02 -7.479386932740057503e-01 -4.851401472541717652e+01 -8.816274732021277608e-03 9.992694591672852678e-01 -3.717966897060573372e-02 -5.113831567451085469e+00 7.482098459979514837e-01 3.125525363759709685e-02 6.626210307764530683e-01 8.088998914076196911e+01
6.580173873521817374e-01 -2.601034650504040202e-02 -7.524553847430516251e-01 -4.942405655029360645e+01 -5.724789986273907255e-03 9.992015905547630972e-01 -3.954154921136777273e-02 -5.176673017199856730e+00 7.528829334870308365e-01 3.033124493594614376e-02 6.573431639883494659e-01 8.168127550603452391e+01
6.540778213678081210e-01 -3.126227677698787538e-02 -7.558284953602798506e-01 -5.034109373060694281e+01 -8.651419967345418431e-04 9.991139829073996115e-01 -4.207513986998930033e-02 -5.235366741182657435e+00 7.564745996416544216e-01 2.817039912879536201e-02 6.534712916758728118e-01 8.247465822666325153e+01
6.476486940376408041e-01 -3.536188542254795064e-02 -7.610832387855754888e-01 -5.126946832196159676e+01 5.152546718955887915e-03 9.991026878987324666e-01 -4.203147149227313278e-02 -5.299528691424971960e+00 7.618873697933112865e-01 2.329112487368923540e-02 6.472501377436502557e-01 8.326041247288573288e+01
6.390586892516920692e-01 -3.957770724319362166e-02 -7.681757758918802415e-01 -5.220215809345317837e+01 1.092511816353939139e-02 9.990415636042135894e-01 -4.238553116104121915e-02 -5.368378699419620759e+00 7.691172487218005394e-01 1.869513907617277940e-02 6.388786571134243975e-01 8.403640825209147636e+01
6.309249015122587734e-01 -3.989005675514791655e-02 -7.748616246711016453e-01 -5.314735859638700077e+01 1.313376992782368420e-02 9.990831969360690623e-01 -4.074825056863113498e-02 -5.436099573425893894e+00 7.757766844621118985e-01 1.552845174634255934e-02 6.308707625021421350e-01 8.481211835887302186e+01
6.216635821702601872e-01 -3.927295102544209326e-02 -7.824368677999862243e-01 -5.412101685885058799e+01 1.481968122489190319e-02 9.991531637144180911e-01 -3.837374519172684351e-02 -5.494826097395729469e+00 7.832819174065479562e-01 1.225681537934034462e-02 6.217193220779684282e-01 8.557231007889038210e+01
6.123196042517221604e-01 -3.848979807409148857e-02 -7.896701121483735708e-01 -5.510461641408247147e+01 1.420024830843033201e-02 9.991889602503688517e-01 -3.768858420233795609e-02 -5.563386994850843870e+00 7.904796323005468528e-01 1.187629153329373966e-02 6.123688654600671910e-01 8.632304558854488619e+01
6.032641538962170147e-01 -3.959493935257427100e-02 -7.966578865722047098e-01 -5.609208083773356890e+01 1.307450216991919503e-02 9.991235958648043702e-01 -3.977281277738056037e-02 -5.623379549716276848e+00 7.975342007943626577e-01 1.358097349166026251e-02 6.032531622949480754e-01 8.706283561452332265e+01
5.922564859823226113e-01 -4.256554643606766386e-02 -8.046515775688209970e-01 -5.709053801791122851e+01 1.467553001823503067e-02 9.990077487294692915e-01 -4.205448669289973268e-02 -5.688016055270040283e+00 8.056431410192241849e-01 1.309808543899021634e-02 5.922936928966983094e-01 8.778813291515000117e+01
5.834325258830608263e-01 -4.260557708547697831e-02 -8.108965408604417169e-01 -5.810651473645624066e+01 1.374872617660728193e-02 9.989981624363856172e-01 -4.259399504403381387e-02 -5.755790862465977042e+00 8.118983944084549043e-01 1.370233328346549470e-02 5.834336600921140592e-01 8.850755223731334809e+01
5.721462297676386255e-01 -4.464009482210672120e-02 -8.189605273656015427e-01 -5.912713733971695973e+01 1.770938077147110601e-02 9.989571924210604026e-01 -4.207803168150577033e-02 -5.820816083583602918e+00 8.199852095040458533e-01 9.567105535972958083e-03 5.723402218580846412e-01 8.922198846842850628e+01
5.628495036229822501e-01 -4.451714426221819315e-02 -8.253364509618017486e-01 -6.016342260791669361e+01 1.982524647358761133e-02 9.989885171867246560e-01 -4.036776118476183284e-02 -5.891614068869054144e+00 8.262981405868371487e-01 6.362785600580892452e-03 5.631625752367410698e-01 8.992972956419166053e+01
5.507011217878792220e-01 -4.518254664452437536e-02 -8.334862367823433482e-01 -6.122128425939833818e+01 2.015006139662569445e-02 9.989631379753972640e-01 -4.083761535661736136e-02 -5.957711621088962239e+00 8.344662942033310715e-01 5.707942667139711233e-03 5.510396353287342341e-01 9.061421785174475474e+01
5.412040030095188747e-01 -4.573133769574475038e-02 -8.396933842219012067e-01 -6.227700535389490710e+01 1.919983509636566041e-02 9.989322627868079119e-01 -4.202008233363486306e-02 -6.025825230939512167e+00 8.407184072236606465e-01 6.625646285074859344e-03 5.415035605014334452e-01 9.128868103314231064e+01
5.311576045808715785e-01 -4.621101175456758525e-02 -8.459540304609011185e-01 -6.335273585939503249e+01 1.821807815331417599e-02 9.989031754944971420e-01 -4.313270869483341874e-02 -6.093074395343513139e+00 8.470195811115669438e-01 7.491187234552094606e-03 5.314174771038916445e-01 9.195218279611682988e+01
5.219383853763002179e-01 -4.687955144486432441e-02 -8.515527195355307999e-01 -6.443268606199718818e+01 1.699015313777591310e-02 9.988621170522005155e-01 -4.456875051156442696e-02 -6.168118555683392401e+00 8.526724197810272576e-01 8.799585751990446000e-03 5.221405314116791541e-01 9.260176568021184096e+01
5.109983259584574000e-01 -4.610227568949604865e-02 -8.584328244693268939e-01 -6.553001283540095301e+01 1.568911340679353394e-02 9.988949095689979574e-01 -4.429846435108030639e-02 -6.239097445445488610e+00 8.595265225981859603e-01 9.173455692138728773e-03 5.111564427981979408e-01 9.324191725208157777e+01
