1.0 0.0 0.0 0.0 0.0 1.0 0.0 0.0 0.0 0.0 1.0 0.0
0.99993265 0.011526395 0.0013232954 0.3022461 -0.011522863 0.9999301 -0.0026462288 -0.010620117 -0.0013537047 0.002630793 0.99999565 0.0057373047
0.9998436 0.01760253 0.0017798773 0.5876465 -0.017593138 0.999832 -0.0051622014 -0.028076172 -0.0018704133 0.0051300875 0.9999851 0.0028076172
0.99979144 0.020398831 0.0008664307 0.8886719 -0.020392103 0.99976623 -0.0071744933 -0.033691406 -0.0010125835 0.0071553295 0.9999739 0.010498047
0.99984306 0.017704735 -0.00061472785 1.2005615 -0.017709294 0.9998076 -0.008430894 -0.041503906 0.00046530727 0.008440461 0.99996424 0.008911133
0.9999255 0.012093325 -0.001672426 1.5180664 -0.012110733 0.9998681 -0.0108241495 -0.042236328 0.0015413354 0.010843594 0.99994004 0.009399414
0.9999937 -6.0480663e-05 -0.0035488727 1.8442383 1.715088e-05 0.9999255 -0.012207861 -0.040161133 0.0035493462 0.012207723 0.9999192 0.013793945
0.9998722 -0.015533666 -0.0037802495 2.1730957 0.0154895475 0.9998147 -0.011438482 -0.024536133 0.003957162 0.011378487 0.99992746 0.017089844
0.9993646 -0.03546521 -0.0035166596 2.5170898 0.035440847 0.99934876 -0.0067668306 0.0075683594 0.0037543369 0.006637914 0.9999709 0.020019531
0.99848795 -0.054751787 -0.0049216975 2.8686523 0.054738317 0.99849683 -0.0028304292 0.045166016 0.0050692908 0.0025567608 0.9999839 0.020996094
0.99712044 -0.07560967 -0.0058789314 3.234497 0.07559416 0.9971349 -0.0028183928 0.08105469 0.006075175 0.002365878 0.9999787 0.022338867
0.9952771 -0.096982814 -0.0044991006 3.6174316 0.09696501 0.99528086 -0.004019114 0.13317871 0.004867566 0.0035638092 0.9999818 0.026489258
0.9931609 -0.11669201 -0.0038555593 4.0006104 0.11667658 0.9931621 -0.0040104063 0.18249512 0.004297194 0.003533102 0.9999845 0.033325195
0.9909538 -0.1341589 -0.0032925524 4.4000244 0.13414408 0.99095166 -0.0043694265 0.24658203 0.0038490768 0.0038881737 0.99998504 0.03527832
0.9887338 -0.14965172 -0.0023671214 4.813965 0.14964418 0.98873293 -0.0030960285 0.32580566 0.0028038186 0.0027068513 0.99999243 0.040527344
0.9867473 -0.16224241 -0.0026173447 5.2386475 0.16223648 0.986749 -0.0023368371 0.40515137 0.0029618214 0.0018812087 0.99999386 0.046020508
0.9845869 -0.1748436 -0.0033008368 5.6766357 0.17483146 0.9845877 -0.003661861 0.48913574 0.0038902694 0.0030282333 0.99998784 0.049072266
0.9827942 -0.18467017 -0.0047521763 6.1209717 0.1846329 0.98278517 -0.007357792 0.5751953 0.0060289213 0.0063540787 0.9999616 0.0592041
0.98128825 -0.19243209 -0.0070885643 6.5872803 0.19238581 0.9812999 -0.0067226114 0.6661377 0.0082495585 0.0052331183 0.99995226 0.06652832
0.97971976 -0.20020269 -0.008944133 7.064331 0.20015365 0.9797517 -0.006087074 0.7783203 0.009981285 0.0041731596 0.99994147 0.060180664
0.97821957 -0.2072923 -0.011273804 7.5543213 0.20722999 0.97827643 -0.0064514563 0.8869629 0.012366368 0.0039746067 0.9999156 0.072387695
0.97636855 -0.21573164 -0.012413692 8.058472 0.21560423 0.9764155 -0.01083397 0.99938965 0.014458962 0.007901396 0.99986416 0.07800293
0.9747415 -0.22297563 -0.0125456145 8.575928 0.22276284 0.97473323 -0.01638699 1.1065674 0.015882649 0.013178304 0.999787 0.09069824
0.97296864 -0.23047881 -0.014560495 9.098145 0.23023015 0.9729889 -0.016943991 1.2358398 0.01807208 0.013134247 0.99975044 0.11035156
0.97057927 -0.23997885 -0.019795483 9.63269 0.23974484 0.97074515 -0.013487456 1.3869629 0.02245295 0.008345817 0.9997131 0.10656738
0.96853197 -0.24777131 -0.023677696 10.179077 0.2475694 0.9688087 -0.011155912 1.5426025 0.02570318 0.0049432917 0.99965733 0.12084961
0.9659688 -0.25740504 -0.025136074 10.7421875 0.2571356 0.96627355 -0.013476964 1.6932373 0.027757559 0.0065549696 0.9995932 0.13586426
0.96382856 -0.26513812 -0.026594304 11.315674 0.26479343 0.9641607 -0.015806325 1.8511963 0.029832587 0.008191155 0.9995213 0.16601562
0.96154344 -0.2730388 -0.029883128 11.903564 0.2726866 0.96198505 -0.015366249 2.022705 0.032942552 0.006626246 0.99943507 0.17675781
0.9590739 -0.28123313 -0.033381052 12.499878 0.28089076 0.95964336 -0.014633803 2.208496 0.03614841 0.0046604797 0.99933565 0.19482422
0.957215 -0.28685468 -0.03795272 13.091919 0.28644723 0.9579576 -0.015887747 2.393921 0.040914267 0.004333405 0.99915296 0.22216797
0.95470566 -0.29394546 -0.04600562 13.710693 0.29346016 0.9558099 -0.017120551 2.5910645 0.049005732 0.0028396884 0.99879384 0.25512695
0.95296127 -0.29823405 -0.054288313 14.335693 0.29773486 0.95450616 -0.017250292 2.7912598 0.05696244 0.00027846545 0.9983764 0.28344727
0.9514728 -0.30117157 -0.062974654 14.974487 0.30066517 0.95355314 -0.017597044 2.994995 0.06534918 -0.002198753 0.99785894 0.32336426
0.9495095 -0.30524436 -0.07246223 15.616455 0.30480266 0.9522552 -0.01734639 3.215332 0.07429786 -0.0056215343 0.997219 0.3590088
0.94805866 -0.3079446 -0.07965025 16.276733 0.307635 0.95135593 -0.01643883 3.4401855 0.08083791 -0.008916941 0.99668807 0.4111328
0.94519883 -0.31440467 -0.08766024 16.947632 0.3142809 0.9491681 -0.015578787 3.6746826 0.088103116 -0.012833529 0.9960288 0.4658203
0.9435686 -0.31752568 -0.094215125 17.62024 0.3176658 0.9481119 -0.01390053 3.9117432 0.09374187 -0.016810969 0.9954545 0.5338135
0.9411862 -0.32244635 -0.101092584 18.311768 0.3229479 0.9463562 -0.011816934 4.161499 0.09947907 -0.021525465 0.99480575 0.59924316
0.93884283 -0.32797948 -0.10513888 19.014893 0.3288728 0.94435555 -0.009217501 4.4139404 0.10231088 -0.02591427 0.9944152 0.6702881
0.9372096 -0.33179033 -0.107541144 19.720703 0.33283457 0.9429517 -0.00861417 4.678467 0.10426452 -0.02771734 0.9941637 0.74487305
0.93524766 -0.3374486 -0.10693997 20.448242 0.3385472 0.9409086 -0.008260185 4.954956 0.10340868 -0.028473642 0.9942333 0.8284912
0.9330538 -0.34393406 -0.1054852 21.1792 0.34515822 0.93852186 -0.0069971634 5.2299805 0.10140777 -0.029879 0.9943964 0.9063721
0.9307412 -0.35062513 -0.1038702 21.915283 0.35172728 0.9360707 -0.008103484 5.5112305 0.10007447 -0.028992165 0.9945576 0.99108887
0.92916816 -0.3557094 -0.10041795 22.648071 0.35679123 0.9341347 -0.007582996 5.8033447 0.0965029 -0.028785821 0.9949169 1.0765381
0.9246537 -0.36872718 -0.09536561 23.42102 0.36995023 0.9290566 -0.0051637683 6.114624 0.09050462 -0.03049597 0.99543023 1.1495361
0.9222846 -0.37555918 -0.09129742 24.170288 0.37689346 0.92624664 -0.002822876 6.4331055 0.08562305 -0.031809013 0.99581915 1.2272949
0.91934633 -0.3832212 -0.088823855 24.921265 0.38479683 0.92297256 0.00066056894 6.768921 0.081728555 -0.034796957 0.99604607 1.2995605
0.91583633 -0.391844 -0.087736845 25.689453 0.39351055 0.9193159 0.0018470755 7.111206 0.07993103 -0.036217067 0.99614185 1.3671875
0.9120544 -0.4007511 -0.08697901 26.475952 0.4024678 0.91543454 0.0024253475 7.4519043 0.07865269 -0.037209682 0.9962088 1.4432373
0.9085496 -0.40886033 -0.08590188 27.248291 0.41056353 0.9118352 0.002369307 7.8114014 0.07735511 -0.03742673 0.99629915 1.5106201
0.904812 -0.41722828 -0.08500647 28.030762 0.41896453 0.9079925 0.0028746834 8.185303 0.07598805 -0.038216293 0.99637634 1.5744629
0.90101033 -0.42589065 -0.082334936 28.828491 0.4275442 0.90398216 0.0027178335 8.565186 0.07326823 -0.037662227 0.99659896 1.6459961
0.89833426 -0.43228516 -0.07805728 29.629395 0.43382528 0.90097374 0.0031139306 8.953003 0.0689847 -0.036663864 0.99694407 1.7139893
0.8943834 -0.44129175 -0.07335277 30.445068 0.44283885 0.89660585 0.0054946737 9.362793 0.06334534 -0.03738811 0.9972919 1.7716064
0.8915407 -0.44774324 -0.068997525 31.254517 0.44911304 0.89350605 0.004944739 9.771606 0.059433974 -0.035390515 0.9976043 1.8395996
0.88751763 -0.45588166 -0.06627234 32.07959 0.45718795 0.8893032 0.0052131605 10.202393 0.05656094 -0.034935515 0.9977876 1.8972168
0.88512844 -0.4608646 -0.06480629 32.9093 0.46212366 0.8868281 0.0051074983 10.644165 0.055117022 -0.034465387 0.9978848 1.9526367
0.8819334 -0.46716648 -0.063331045 33.746704 0.4683331 0.8835784 0.004109811 11.091431 0.054035846 -0.03328648 0.9979833 2.0047607
0.8790388 -0.47286475 -0.061093688 34.601685 0.4739388 0.88057446 0.0035736964 11.555786 0.05211072 -0.03209122 0.99812615 2.0616455
0.8763971 -0.47777632 -0.06072829 35.456055 0.47874406 0.8779703 0.0015912154 12.026855 0.05255816 -0.030467281 0.99815303 2.116333
0.8749666 -0.48041946 -0.060462102 36.318115 0.48139694 0.8765149 0.0018421393 12.509033 0.0521109 -0.03071532 0.998169 2.1712646
0.87303317 -0.48389164 -0.061228834 37.19397 0.4848796 0.8746298 0.0014725085 13.005371 0.05284071 -0.030970283 0.99812263 2.2225342
0.8728634 -0.4842669 -0.059887238 38.07556 0.4852061 0.874393 0.0013167846 13.50647 0.0517279 -0.030201219 0.9982052 2.2774658
0.87229514 -0.48549622 -0.05803642 38.979614 0.4863917 0.873724 0.0015068268 14.014404 0.04997787 -0.029541256 0.9983138 2.3286133
0.87200135 -0.48618865 -0.057363015 39.888184 0.48698205 0.87344354 -0.000162565 14.5251465 0.050182827 -0.02778322 0.99835414 2.3946533
0.87300444 -0.4845201 -0.056447852 40.805176 0.48519424 0.87445104 -0.0019888454 15.04834 0.050325483 -0.02564208 0.99840415 2.446167
0.87117285 -0.4877016 -0.056038946 41.740967 0.48831993 0.87262255 -0.0029990855 15.572388 0.050366547 -0.024756698 0.9984241 2.496704
0.87003857 -0.49010712 -0.053907026 42.672974 0.4906369 0.87140113 -0.003834439 16.104614 0.048853178 -0.023111679 0.99853826 2.5529785
0.8684045 -0.4932629 -0.049615823 43.606934 0.4937563 0.86953706 -0.0026157966 16.643555 0.044435866 -0.022233933 0.9987649 2.6140137
0.8652271 -0.49933824 -0.044992227 44.540405 0.4997406 0.8661599 -0.0026092883 17.177002 0.040276285 -0.02022466 0.9989842 2.6726074
0.86253816 -0.5042302 -0.04198161 45.46631 0.50450534 0.86338675 -0.004534662 17.719116 0.03853354 -0.017268326 0.9991083 2.7264404
0.8565373 -0.5142184 -0.04303931 46.39258 0.5144192 0.85746753 -0.0071220538 18.276978 0.040569063 -0.01603694 0.99904853 2.7753906
0.85156673 -0.5223091 -0.04499517 47.300903 0.52246654 0.8526098 -0.009127999 18.838867 0.043129265 -0.015739746 0.9989451 2.833374
0.8446202 -0.53341025 -0.044457953 48.211426 0.5335683 0.8456394 -0.00923173 19.41565 0.04251825 -0.015928764 0.9989686 2.883667
0.8399126 -0.5413717 -0.040169455 49.11963 0.5415815 0.84071326 -0.0064077685 20.013184 0.03723734 -0.016368868 0.9991722 2.9311523
0.835184 -0.5486566 -0.03744378 50.01709 0.5489124 0.8358452 -0.00397953 20.614014 0.03348277 -0.017227434 0.9992911 2.9851074
0.8300468 -0.55614513 -0.039646987 50.90918 0.55648625 0.8307595 -0.0028577894 21.216675 0.034528043 -0.019694775 0.99920976 3.03125
0.8265883 -0.56131685 -0.043624517 51.792725 0.5616718 0.82748395 -0.004793779 21.8302 0.038790032 -0.020530168 0.9990366 3.0722656
0.8238014 -0.5647657 -0.050598975 52.668945 0.5651809 0.8250395 -0.0070552686 22.433228 0.04573035 -0.02277905 0.99869406 3.133667
0.81982416 -0.5701473 -0.051794924 53.54834 0.5705929 0.8211172 -0.0071873227 23.057983 0.046628017 -0.023663431 0.99863225 3.1811523
0.8172408 -0.57427996 -0.048100207 54.427002 0.57471675 0.81832933 -0.0055758688 23.681885 0.042564545 -0.02308637 0.998827 3.24292
0.81468815 -0.5783692 -0.04284627 55.30835 0.57877004 0.8155214 -0.0036273971 24.31482 0.037041035 -0.021835944 0.99907535 3.2910156
0.8113537 -0.58317846 -0.04106933 56.16992 0.5836013 0.8120863 -0.0020471048 24.95398 0.034546528 -0.022304827 0.9991542 3.3410645
0.8090689 -0.58626556 -0.042329784 57.049316 0.58675265 0.8098217 -0.0011142706 25.597534 0.034935493 -0.023928482 0.99910337 3.387085
0.8049304 -0.59172565 -0.043314483 57.9209 0.5921948 0.80574673 -0.0024310686 26.248291 0.036340404 -0.023696873 0.99905854 3.4285889
0.801485 -0.5963252 -0.045160793 58.78174 0.5968029 0.8023934 -0.0035082344 26.895752 0.0383353 -0.024139076 0.9989736 3.4866943
0.79733866 -0.60204834 -0.04403695 59.658447 0.6024205 0.798253 -0.005753397 27.551514 0.038615316 -0.021941219 0.9990129 3.5256348
0.7926997 -0.60805357 -0.043133255 60.505615 0.60840327 0.79358196 -0.0060122157 28.227417 0.03788439 -0.021481587 0.999051 3.5783691
0.7878476 -0.6146197 -0.0419545 61.370605 0.614919 0.788701 -0.0068714614 28.898682 0.03731206 -0.020380799 0.9990956 3.6309814
0.78307575 -0.6206488 -0.041658904 62.2312 0.6209437 0.78391874 -0.0070051816 29.58728 0.037005622 -0.020383082 0.999107 3.6837158
0.7769039 -0.62815607 -0.041939322 63.08545 0.6283941 0.7777917 -0.008882819 30.28479 0.038203135 -0.019450638 0.9990809 3.7338867
0.77229786 -0.6339715 -0.042251952 63.934326 0.63416994 0.773222 -0.010232337 30.981323 0.039159484 -0.018884256 0.99905473 3.7818604
0.7659617 -0.6413852 -0.043061886 64.7854 0.64156014 0.76693946 -0.011451328 31.702148 0.040369518 -0.018857077 0.99900675 3.8284912
0.7615982 -0.6466735 -0.042743593 65.63696 0.64677143 0.7625969 -0.0133581795 32.425415 0.041233823 -0.017473286 0.9989965 3.8796387
0.7536539 -0.655797 -0.041928157 66.46753 0.6558504 0.7546352 -0.0143920295 33.16223 0.04108158 -0.016652467 0.99901724 3.925415
0.74823296 -0.6623831 -0.03985479 67.30713 0.6623906 0.7491388 -0.01491165 33.90454 0.03973015 -0.015235676 0.99909425 3.9837646
0.74273324 -0.6683022 -0.038312223 68.15723 0.6682877 0.7435807 -0.015071048 34.656982 0.038562972 -0.014414033 0.99915236 4.035034
0.7363848 -0.67543304 -0.03808081 68.98486 0.6753429 0.7372522 -0.01713471 35.42871 0.03964485 -0.013098366 0.99912804 4.0872803
0.7288564 -0.6834707 -0.038733065 69.80713 0.6833181 0.7297772 -0.019122034 36.20691 0.041338973 -0.012535678 0.9990665 4.1448975
0.7246833 -0.6879498 -0.0402482 70.627686 0.6878979 0.7256422 -0.017327257 36.99243 0.041122507 -0.0151252765 0.9990397 4.192993
0.71838844 -0.6946152 -0.03859705 71.450195 0.6945316 0.7192862 -0.017716281 37.799683 0.040070396 -0.014069487 0.99909824 4.2456055
0.7135892 -0.6993634 -0.039284885 72.26929 0.6992895 0.7145182 -0.017887102 38.60974 0.040578704 -0.014708715 0.9990681 4.3028564
0.7080066 -0.70496786 -0.04009453 73.086426 0.70492285 0.70896554 -0.017662052 39.42688 0.04087679 -0.015761077 0.9990399 4.354004
0.70322466 -0.7097681 -0.041896153 73.89404 0.70964915 0.70430064 -0.020227537 40.25244 0.043866098 -0.015502864 0.9989173 4.411499
0.6995243 -0.7133389 -0.04377718 74.70581 0.71315145 0.7007224 -0.022511758 41.080566 0.046731826 -0.0154753635 0.9987872 4.4693604
0.69326293 -0.71920156 -0.044149473 75.51245 0.7190499 0.6944726 -0.02209003 41.931885 0.046555754 -0.016434401 0.9987807 4.529907
0.6891248 -0.72353274 -0.04266305 76.322754 0.72336483 0.6902672 -0.022074878 42.786865 0.045420434 -0.015644792 0.99884546 4.588623
0.68474954 -0.72762704 -0.04093422 77.13599 0.727396 0.6858294 -0.023066366 43.645996 0.04485299 -0.013978418 0.99889565 4.650879
0.67815846 -0.7337184 -0.040236775 77.927 0.73342705 0.6792274 -0.02440036 44.517456 0.04523788 -0.012969751 0.99889195 4.717041
0.6748348 -0.7367936 -0.03977977 78.724365 0.7364669 0.6758937 -0.025159352 45.394165 0.045428365 -0.012317778 0.99889183 4.774048
0.66957045 -0.7417394 -0.038297795 79.523926 0.7413751 0.67057264 -0.025774948 46.279785 0.044797044 -0.011140842 0.9989336 4.8356934
0.6656683 -0.7452795 -0.036385544 80.322266 0.74486583 0.66659576 -0.026557626 47.17627 0.044047724 -0.009433661 0.99898446 4.8927
0.6626727 -0.74799174 -0.035138346 81.117676 0.7474411 0.6635697 -0.029476302 48.07202 0.0453648 -0.006738388 0.99894744 4.9628906
0.65741605 -0.7526522 -0.034225684 81.91284 0.7519121 0.6582959 -0.03357491 48.97827 0.04780213 -0.003662819 0.99885017 5.0270996
0.65357435 -0.7562299 -0.032079004 82.70972 0.7552302 0.65436023 -0.038883336 49.891846 0.05039588 0.001184552 0.9987285 5.087158
0.6473845 -0.7616433 -0.027210739 83.5 0.7604576 0.64791644 -0.043077514 50.816162 0.05044553 0.0071857283 0.99870056 5.1536865
0.63904524 -0.76887316 -0.022627003 84.28125 0.7675186 0.6393148 -0.047416255 51.74414 0.05092084 0.012935864 0.9986189 5.2248535
0.63104767 -0.77554405 -0.019462407 85.06201 0.7742145 0.6311662 -0.04784368 52.68506 0.04939364 0.015124804 0.998665 5.2956543
0.6219026 -0.78306496 -0.016190354 85.82764 0.7818117 0.62188685 -0.047356997 53.654297 0.047143098 0.016788501 0.99874663 5.358032
0.6125506 -0.79026985 -0.01580553 86.58374 0.7890547 0.6125421 -0.046697 54.633545 0.046575937 0.01614146 0.9987847 5.4298096
0.6034376 -0.797318 -0.017510425 87.32861 0.7960178 0.6035053 -0.047916457 55.6167 0.048772853 0.014985372 0.998698 5.4921875
0.5924963 -0.80542064 -0.017028118 88.059814 0.8039728 0.5925096 -0.051027164 56.61035 0.051191796 0.016547224 0.998552 5.559326
0.58363616 -0.8116771 -0.01762547 88.784424 0.81021243 0.58369404 -0.051177457 57.622314 0.05183721 0.015589072 0.99853414 5.630371
0.5725666 -0.819772 -0.013487592 89.50513 0.8182659 0.57239306 -0.05336235 58.638184 0.051464923 0.019512536 0.99848396 5.6990967
0.5633992 -0.82609737 -0.010274255 90.218506 0.8246553 0.5630788 -0.05336185 59.67041 0.049869604 0.021597277 0.9985226 5.77417
0.551284 -0.8342689 -0.009608064 90.909424 0.83279586 0.550934 -0.054178804 60.723633 0.05048399 0.021876628 0.99848586 5.844116
0.54174995 -0.8405199 -0.010515552 91.589355 0.8389892 0.54144967 -0.054842215 61.77539 0.051776197 0.020888643 0.9984402 5.9158936
0.5316658 -0.8468206 -0.011367571 92.258545 0.845237 0.53141576 -0.055441394 62.847168 0.053002518 0.019865137 0.9983967 5.9870605
0.52238995 -0.85247093 -0.012662891 92.913574 0.8508192 0.5222125 -0.056217544 63.92334 0.05454113 0.018597443 0.9983386 6.06604
0.5114022 -0.8593306 -0.0130191315 93.559814 0.85770565 0.5112773 -0.055572532 65.0166 0.054395303 0.017253011 0.9983702 6.1417236
0.50303143 -0.86419857 -0.01223808 94.19946 0.86270255 0.5029164 -0.05338352 66.11426 0.052283157 0.016299661 0.99849945 6.21521
0.49561006 -0.8684329 -0.009617664 94.83154 0.86704767 0.49539614 -0.052035898 67.2229 0.049963582 0.017442426 0.9985984 6.2888184
0.4870492 -0.8732191 -0.009462179 95.451416 0.871853 0.48684752 -0.05168711 68.34619 0.049731378 0.016925966 0.99861914 6.36145
0.4794011 -0.8775738 -0.007751761 96.07544 0.87608045 0.47906804 -0.05475531 69.46484 0.05176961 0.019473389 0.99847 6.433716
0.47416583 -0.880582 -0.0062856213 96.68335 0.8789301 0.47369224 -0.05825925 70.59155 0.054270588 0.022098677 0.99828166 6.5164795
0.46590456 -0.88477284 -0.005331909 97.28076 0.8829259 0.4653048 -0.062062558 71.73169 0.05740372 0.024221417 0.9980581 6.590576
0.46232414 -0.88668185 -0.00574465 97.87598 0.88467777 0.46169654 -0.06451311 72.85962 0.059866253 0.024747368 0.9979 6.6761475
0.4578433 -0.888968 -0.0033124262 98.465576 0.88699335 0.4570689 -0.06501568 74.001465 0.059309665 0.026827764 0.99787897 6.7631836
0.4529516 -0.8915105 0.0009074566 99.0437 0.88976866 0.45200223 -0.0629378 75.14697 0.055715136 0.029312698 0.9980162 6.847534
0.45105502 -0.8925948 0.0063860407 99.62598 0.891071 0.44984132 -0.062065914 76.286865 0.05251244 0.033678066 0.9980517 6.9313965
0.44499782 -0.8955728 0.0081939725 100.197266 0.8941671 0.44374275 -0.060812235 77.42529 0.050821543 0.034386046 0.9981154 7.01355
0.44456267 -0.89575136 0.010568322 100.75391 0.89444894 0.44320288 -0.060410943 78.55713 0.049435835 0.03630946 0.998117 7.090454
0.44046408 -0.89767 0.011492229 101.31201 0.8964633 0.43911755 -0.059007585 79.691895 0.047911342 0.036283854 0.9981918 7.166382
0.4395505 -0.8980855 0.015306233 101.86133 0.8970358 0.43803456 -0.05873442 80.81177 0.046052903 0.039563738 0.99815595 7.239624
0.4375027 -0.8989014 0.017341485 102.41235 0.89790964 0.4358782 -0.059189882 81.93115 0.045649152 0.041478883 0.9980966 7.3137207
0.43496367 -0.9002697 0.019695815 102.944336 0.8993685 0.43323138 -0.05927294 83.04028 0.04483015 0.043493643 0.9980473 7.3831787
0.43293747 -0.900913 0.023998873 103.48047 0.90026206 0.43108323 -0.057895813 84.149414 0.041813955 0.04667951 0.9980347 7.454956
0.43038002 -0.9020528 0.02719264 104.010254 0.9015233 0.4283626 -0.05856207 85.256836 0.041176487 0.049739547 0.9979142 7.520508
0.4278063 -0.9032235 0.028924424 104.52661 0.9027789 0.42572427 -0.05847515 86.33911 0.040494304 0.05114653 0.997871 7.5878906
0.4273102 -0.9036697 0.029379616 105.0354 0.9032071 0.4251564 -0.059457783 87.40747 0.041260324 0.051956873 0.9977971 7.6522217
0.4278 -0.9032392 0.029343937 105.54321 0.9027226 0.4255846 -0.06070131 88.48169 0.04233906 0.052455835 0.9977252 7.722412
0.42778713 -0.90360427 0.028117374 106.03076 0.9029839 0.42557424 -0.061635137 89.52515 0.04373084 0.051753815 0.9977018 7.787964
0.43293327 -0.90117335 0.025452828 106.52173 0.90046126 0.43087047 -0.06092435 90.58179 0.043929476 0.04928627 0.99781775 7.8529053
0.43395445 -0.90076375 0.022987736 107.0061 0.89996636 0.4320326 -0.060229156 91.6084 0.04432188 0.046822507 0.99791926 7.918579
0.44113398 -0.8972364 0.020891046 107.49805 0.8963269 0.43926826 -0.06091823 92.635254 0.045475263 0.04560316 0.9979243 7.982666
0.4477435 -0.89405274 0.019336356 108.00171 0.89312613 0.44598162 -0.060030114 93.6582 0.045036744 0.044137128 0.9980093 8.046875
0.45205808 -0.8918395 0.01845972 108.49829 0.8909086 0.45035636 -0.059450302 94.66138 0.04470482 0.043303948 0.9980603 8.106934
0.46091852 -0.8872101 0.017158099 109.00488 0.8863389 0.45935962 -0.057229444 95.6626 0.042887002 0.041593213 0.9982141 8.16687
0.4689545 -0.8829595 0.0166785 109.529785 0.88207006 0.46739542 -0.05751008 96.65381 0.042998113 0.041687664 0.9982052 8.229492
0.47987828 -0.8773654 0.015822327 110.041016 0.8764733 0.47835934 -0.05718143 97.629395 0.042587206 0.041300483 0.99823844 8.291504
0.48848537 -0.8725125 0.014265808 110.58057 0.87154996 0.48700327 -0.05769514 98.607666 0.043381985 0.04061678 0.99823266 8.350952
0.49940422 -0.8663834 0.009942325 111.11963 0.8652681 0.4980986 -0.057728197 99.56592 0.045058537 0.037432875 0.9982828 8.410278
0.5092418 -0.86067545 0.0064558145 111.66943 0.8594473 0.5080817 -0.05774921 100.511475 0.046416134 0.034959573 0.9983104 8.469849
0.5235454 -0.8520395 0.0037687337 112.239746 0.8508098 0.52254087 -0.05620713 101.45996 0.045918398 0.032635644 0.998412 8.529297
0.53511536 -0.84471315 0.0033456339 112.80762 0.8435942 0.534194 -0.0537286 102.38721 0.043592423 0.031575024 0.9985504 8.590698
0.5479402 -0.83656496 0.0034352615 113.40259 0.8355343 0.54705155 -0.05203252 103.312744 0.041651167 0.031372964 0.9986389 8.647461
0.5589854 -0.82915115 0.0032041864 113.999756 0.82820094 0.558151 -0.050161976 104.208984 0.039813552 0.030685708 0.9987353 8.70752
0.57008034 -0.8215243 0.0024580965 114.608154 0.820544 0.56924856 -0.05063434 105.09863 0.04019996 0.03088122 0.9987142 8.75769
0.5821367 -0.81295246 0.00087442884 115.22632 0.81188667 0.5813181 -0.05182751 105.971924 0.04162677 0.030883396 0.998656 8.817749
0.5929763 -0.80526596 0.001713207 115.845215 0.8041896 0.59207135 -0.052986357 106.819336 0.041651454 0.032796048 0.99859375 8.869995
0.604078 -0.7968964 0.000874133 116.484375 0.7958299 0.60321254 -0.05238513 107.66528 0.041218325 0.032336004 0.9986264 8.932495
0.6142227 -0.78898656 0.0013612022 117.11963 0.7880241 0.61338663 -0.050453104 108.500244 0.03898616 0.03206027 0.9987251 8.986694
0.6234173 -0.78193825 0.003284563 117.75244 0.78115064 0.62258947 -0.04769057 109.30249 0.035233587 0.032295194 0.9988572 9.036255
0.6337037 -0.7736011 0.0028626332 118.40332 0.772851 0.63291734 -0.04652154 110.10571 0.034174416 0.0316897 0.9989131 9.089111
0.64320076 -0.7657909 4.570326e-05 119.03662 0.76502204 0.6425523 -0.04484074 110.88428 0.034305394 0.028875915 0.9989941 9.136841
0.6531594 -0.757241 -0.003131271 119.690186 0.7564208 0.65263414 -0.04400631 111.65259 0.03537252 0.026368141 0.9990258 9.181641
0.6626136 -0.7488601 -0.0039430074 120.34888 0.7480364 0.6621146 -0.043707352 112.4126 0.035341535 0.026016802 0.999037 9.227417
0.67140216 -0.7410999 -0.0024083718 121.00073 0.7403705 0.6708792 -0.042286452 113.147705 0.032952435 0.026600145 0.99910253 9.270264
0.68007576 -0.7332413 -0.0011494365 121.6687 0.7326351 0.67957586 -0.039608072 113.8728 0.0298267 0.026086664 0.9992141 9.316162
0.68898034 -0.72484016 -0.0010167728 122.34204 0.72423804 0.6884644 -0.03980602 114.58618 0.029545251 0.026684236 0.9992071 9.362427
0.6956638 -0.71821386 -0.0022491256 122.997314 0.7176348 0.6952224 -0.038081482 115.278564 0.028923215 0.024875397 0.999272 9.401245
0.7039704 -0.71030676 -0.0025829913 123.67749 0.7097442 0.70354927 -0.037399456 115.96704 0.028374441 0.024491988 0.9992972 9.441162
0.71034825 -0.7039835 -0.0016247162 124.34033 0.70352805 0.70996815 -0.034407504 116.63452 0.025368486 0.02329881 0.99940675 9.47522
0.7173754 -0.6966913 -0.0006545787 125.00806 0.696319 0.7170226 -0.032013442 117.30078 0.022774126 0.022507388 0.9994871 9.5147705
0.72540253 -0.68838465 -0.00036847452 125.68262 0.6880755 0.7250923 -0.029590622 117.94653 0.020635415 0.021214882 0.99956214 9.548462
0.7316874 -0.68151796 -0.00089407526 126.341064 0.6812249 0.73140997 -0.028387224 118.569824 0.020006064 0.020160804 0.99959654 9.583496
0.7403677 -0.67223793 -0.002534745 127.00073 0.6719879 0.7401854 -0.024745407 119.18848 0.018510481 0.01661739 0.9996905 9.61084
0.74996275 -0.66153014 -0.0007461301 127.68115 0.66135585 0.74978966 -0.022152146 119.78613 0.015211621 0.016119495 0.99975437 9.639648
0.7583567 -0.65178204 -0.00014565233 128.33838 0.6516719 0.75823236 -0.018215498 120.36328 0.011986052 0.013719022 0.99983394 9.664429
0.76876116 -0.6394424 0.00066426554 129.0188 0.6393618 0.76864666 -0.016711175 120.93701 0.010177054 0.013272052 0.99986005 9.692505
0.7785973 -0.6275631 -0.0010532183 129.677 0.6274695 0.77850777 -0.016051957 121.48389 0.010892458 0.011836576 0.9998706 9.708374
0.78806233 -0.6154695 -0.0023832154 130.34912 0.6153583 0.7879829 -0.016355082 122.01807 0.011945235 0.011422602 0.9998634 9.730713
0.7991905 -0.6011038 -0.0026863008 131.04077 0.6009982 0.79912025 -0.015688766 122.54053 0.01157591 0.0109249065 0.99987334 9.747314
0.80745864 -0.5900232 -0.0018538418 131.71973 0.589947 0.80739766 -0.013850225 123.04321 0.009666553 0.010090607 0.99990237 9.765259
0.8189535 -0.57387793 0.00020639971 132.42725 0.5738359 0.81888866 -0.012420252 123.542725 0.0069590667 0.010290353 0.9999228 9.782471
0.8272303 -0.5617205 0.0021145646 133.11719 0.5617078 0.8271707 -0.010822303 124.02515 0.0043315394 0.010140696 0.9999392 9.800171
0.8353081 -0.5498031 0.003967396 133.83325 0.5498157 0.83526605 -0.0084826425 124.49536 0.0013499185 0.009266065 0.99995613 9.809204
0.8445477 -0.5354867 0.006980016 134.55908 0.53552866 0.8445173 -0.007400598 124.95679 -0.0019310783 0.009986756 0.99994826 9.818115
0.85180074 -0.5237138 0.008460091 135.271 0.5237717 0.85177433 -0.0074628643 125.40991 -0.003297878 0.010788403 0.9999364 9.835571
0.85875404 -0.5123613 0.009176406 136.0022 0.51242465 0.85873824 -0.00681453 125.84448 -0.0043902327 0.010553668 0.9999347 9.8428955
0.8657952 -0.5003764 0.008946133 136.7649 0.50043225 0.8657903 -0.0056823706 126.26416 -0.0049022287 0.009396281 0.99994385 9.846558
0.8711708 -0.49078223 0.009421933 137.48267 0.49083498 0.8711812 -0.004331983 126.704834 -0.00608236 0.008399488 0.99994624 9.852783
0.8772905 -0.47987464 0.008887605 138.2417 0.47991395 0.8773093 -0.002862744 127.125 -0.006422816 0.006777676 0.99995637 9.851685
0.8825475 -0.47015706 0.009664146 139.00049 0.47020528 0.8825683 -0.0033904146 127.53296 -0.0069348477 0.0075365645 0.99994755 9.856689
0.88833606 -0.45917162 0.00898362 139.77075 0.45921987 0.8883465 -0.00424452 127.92212 -0.0060321717 0.0078953 0.99995065 9.860352
0.89291006 -0.45016742 0.007889506 140.55396 0.45020953 0.89291143 -0.004694681 128.31616 -0.0049310722 0.0077440217 0.9999578 9.861084
0.89592916 -0.44408175 0.008919775 141.32593 0.4441273 0.8959424 -0.003923842 128.7207 -0.006249681 0.007477003 0.9999525 9.861938
0.898834 -0.43817058 0.011265149 142.12378 0.4382178 0.89887947 -0.002008754 129.11304 -0.009246159 0.0067431657 0.99993443 9.862915
0.901837 -0.43185094 0.0142465625 142.94019 0.4318699 0.90193844 0.0018733284 129.5022 -0.013658473 0.00446325 0.9998967 9.861328
0.9045386 -0.42600134 0.015968874 143.7522 0.42598265 0.9046761 0.004724098 129.91064 -0.016459174 0.0025310754 0.99986124 9.853638
0.90845793 -0.41761625 0.017452234 144.6018 0.4175495 0.90862554 0.007476912 130.29663 -0.01897974 0.0004969402 0.9998196 9.846069
0.9108145 -0.41236266 0.018486105 145.44067 0.41225561 0.9110017 0.009445699 130.68628 -0.020736616 -0.0009811325 0.9997844 9.829956
0.9144269 -0.40420127 0.020973176 146.31958 0.40406626 0.9146668 0.010503936 131.06616 -0.023428926 -0.0011315802 0.99972486 9.813232
0.9177018 -0.39645725 0.023851652 147.19604 0.3963055 0.91801155 0.010984144 131.45605 -0.02625184 -0.00062656123 0.9996552 9.797119
0.92114574 -0.3884188 0.025039982 148.08472 0.38827604 0.9214861 0.010526168 131.83691 -0.027162835 2.6910258e-05 0.9996311 9.778076
0.92411715 -0.3812974 0.025166892 148.9939 0.38117644 0.9244597 0.009628608 132.21289 -0.026936382 0.00069626526 0.9996368 9.751099
0.9280054 -0.37172806 0.025531616 149.90112 0.37165973 0.9283531 0.0075464947 132.58032 -0.026507737 0.0024832666 0.99964577 9.738159
0.93203574 -0.3615116 0.024840945 150.8396 0.36146078 0.93236256 0.006663065 132.9519 -0.0255698 0.0027678532 0.9996694 9.709595
0.93709755 -0.34833428 0.023371773 151.84277 0.34830153 0.93738455 0.005590131 133.30176 -0.02385487 0.002900831 0.99971133 9.696167
0.94141114 -0.3365755 0.0218346 152.77905 0.3364842 0.9416643 0.007838009 133.66235 -0.023198724 -3.37105e-05 0.99973106 9.674438
0.94716644 -0.320054 0.021938907 153.76685 0.3198757 0.94741327 0.011300334 134.01953 -0.024401318 -0.0036867715 0.9996955 9.651367
0.953172 -0.30154935 0.023968158 154.79126 0.30126256 0.95344806 0.014873712 134.34717 -0.027336795 -0.006956945 0.999602 9.625122
0.958841 -0.28295282 0.024646658 155.80273 0.2825726 0.9591045 0.017813902 134.66626 -0.028677218 -0.0101167215 0.9995375 9.604492
0.965221 -0.26006904 0.025921203 156.8601 0.25958887 0.9654809 0.020490576 134.95654 -0.030356228 -0.013046846 0.999454 9.581543
0.9706729 -0.23889647 0.026745526 157.92651 0.2383476 0.9709234 0.022151269 135.23291 -0.0312614 -0.015126172 0.9993968 9.554199
0.97551435 -0.21784997 0.030354567 158.99292 0.2172237 0.9758636 0.022633258 135.48291 -0.034552574 -0.0154862795 0.99928296 9.529785
0.9801576 -0.19534078 0.033768117 160.10083 0.19457391 0.98058075 0.024700236 135.7107 -0.037937023 -0.01763895 0.9991242 9.487671
0.9843031 -0.17227629 0.03833936 161.23438 0.17132647 0.9848497 0.02683457 135.9148 -0.04238198 -0.019844212 0.99890417 9.45813
0.98789144 -0.14948112 0.04146032 162.35425 0.14837788 0.9885161 0.028535057 136.10327 -0.045249477 -0.02203513 0.9987323 9.417358
0.99100775 -0.12709521 0.041872203 163.48853 0.12587333 0.9915745 0.030635513 136.26782 -0.04541304 -0.025089715 0.9986531 9.367432
0.9934489 -0.10698497 0.04016248 164.6394 0.10577947 0.9939054 0.031035082 136.4065 -0.043237414 -0.026582854 0.998711 9.3272705
0.9955908 -0.08475088 0.04017267 165.81104 0.0835303 0.9960168 0.031154802 136.51074 -0.042653415 -0.02766158 0.99870723 9.279419
0.9970109 -0.06480688 0.04208273 167.021 0.06358597 0.99753416 0.02972642 136.60205 -0.043905444 -0.026962211 0.99867177 9.236694
0.9980652 -0.043664448 0.044264082 168.21338 0.042363547 0.998654 0.029914191 136.66602 -0.045511045 -0.027981183 0.9985722 9.192871
0.9987007 -0.02318337 0.045380026 169.43335 0.021835923 0.9993123 0.029967222 136.71558 -0.046043623 -0.028937276 0.99852026 9.147095
0.99889654 -0.0038185155 0.04681549 170.66064 0.0023350674 0.99949455 0.031701434 136.73047 -0.046912905 -0.03155713 0.9984007 9.097778
0.9986259 0.019747239 0.048538882 171.90527 -0.021377645 0.99921685 0.033295598 136.71704 -0.047843378 -0.03428738 0.99826586 9.045776
0.9981446 0.037822135 0.047715753 173.14355 -0.03948513 0.9986274 0.034402154 136.6936 -0.046348795 -0.036222413 0.99826825 8.989136
0.9971595 0.05868464 0.047200296 174.4292 -0.060381327 0.9975491 0.035343565 136.63184 -0.04501002 -0.03809391 0.9982591 8.942505
0.9958702 0.07827875 0.045967057 175.71753 -0.080003336 0.9961077 0.0369664 136.54053 -0.04289417 -0.040491574 0.99825907 8.895142
0.99437374 0.09625647 0.044215437 176.9602 -0.09795055 0.99446994 0.03789077 136.43433 -0.040324222 -0.04200904 0.99830306 8.846191
0.9925347 0.114111155 0.04300508 178.25513 -0.11578154 0.9925229 0.038581867 136.30444 -0.03827992 -0.043273617 0.9983296 8.801025
0.9897612 0.13672456 0.040847108 179.58618 -0.13830933 0.98962057 0.038867313 136.13623 -0.035107356 -0.044120863 0.99840903 8.766235
0.9873008 0.15480845 0.035476483 180.9165 -0.15617888 0.98691994 0.03979185 135.94214 -0.028849076 -0.04482848 0.9985776 8.720337
0.9843284 0.17353898 0.031097088 182.23926 -0.17476425 0.9836913 0.042356867 135.73047 -0.023239069 -0.047128007 0.9986191 8.6953125
0.98146975 0.18982287 0.026140384 183.56543 -0.19085327 0.9805785 0.04517164 135.49072 -0.017060135 -0.049323577 0.99863774 8.662964
0.9780106 0.20725024 0.02327851 184.9043 -0.20815718 0.9769292 0.04774751 135.22876 -0.012847681 -0.05154271 0.99858874 8.659058
0.9739686 0.22564013 0.021954577 186.24854 -0.22647813 0.97275585 0.049639374 134.93286 -0.010157186 -0.053318895 0.998526 8.642212
0.96947 0.24408554 0.023198508 187.58252 -0.24496114 0.96828246 0.049100902 134.60962 -0.01047684 -0.053283796 0.9985245 8.637085
0.96488726 0.2616786 0.022391206 188.94043 -0.26247802 0.9637455 0.047787096 134.2561 -0.009071373 -0.051986873 0.9986062 8.633301
0.9602428 0.2785347 0.018839533 190.28809 -0.27913487 0.95901513 0.04874758 133.88306 -0.0044896984 -0.052067436 0.9986334 8.637451
0.95564604 0.29415724 0.015764216 191.63159 -0.29457936 0.95433736 0.05000121 133.49072 -0.00034097512 -0.05242714 0.998625 8.636353
0.9501858 0.31130674 0.016065156 192.97363 -0.3117189 0.9487341 0.052520163 133.0647 0.0011045868 -0.054910734 0.9984909 8.649414
0.94443846 0.32820565 0.017690161 194.35522 -0.3286796 0.9428516 0.054744262 132.60913 0.0012866727 -0.05751808 0.99834394 8.653442
0.93810034 0.34592497 0.016451892 195.69946 -0.3462834 0.93630064 0.058265593 132.13647 0.0047570188 -0.060357086 0.9981651 8.665894
0.9308713 0.36514315 0.013979066 197.04443 -0.3653104 0.92903847 0.059015196 131.63477 0.008555738 -0.060041375 0.9981595 8.688721
0.92423284 0.3817125 0.012261627 198.40967 -0.38173166 0.92234707 0.060149003 131.09131 0.011645719 -0.06027071 0.99811417 8.705078
0.91617894 0.40075877 0.007696845 199.77051 -0.40046924 0.9143612 0.060156 130.50757 0.017066251 -0.058196 0.99815935 8.74231
0.9085877 0.41774908 0.004494215 201.10425 -0.41714838 0.9065882 0.06442062 129.93433 0.022835314 -0.060404338 0.9979122 8.782959
0.898702 0.43852338 0.0027240785 202.43872 -0.4377013 0.89660114 0.06708767 129.32397 0.026974719 -0.061483968 0.99774396 8.826904
0.88583386 0.46396834 0.0029659467 203.7893 -0.46300316 0.88354045 0.07042381 128.64233 0.03006248 -0.06375729 0.99751186 8.878052
0.8727497 0.48820013 0.0033772402 205.13232 -0.48707202 0.87021905 0.0743051 127.920166 0.033336975 -0.066492215 0.99722934 8.935913
0.85863614 0.5127717 0.0040935143 206.47632 -0.5114775 0.8558431 0.07832019 127.18286 0.03662845 -0.06934389 0.9969218 8.996216
0.8427389 0.5383427 0.004047745 207.73657 -0.5367974 0.8397015 0.08238902 126.40845 0.04095072 -0.07160117 0.9965921 9.067261
0.82802445 0.56064403 0.004218867 209.02075 -0.55896586 0.82491505 0.08388696 125.61499 0.043550923 -0.07181929 0.99646676 9.138184
0.812791 0.58265495 0.0037817627 210.27686 -0.5808303 0.80969614 0.08461464 124.727295 0.04622352 -0.07097056 0.9964074 9.2178955
0.796231 0.60484415 0.0013570166 211.53833 -0.60264426 0.79314095 0.0870074 123.81958 0.05156031 -0.070094824 0.99620694 9.306763
0.78040814 0.6251891 -0.0014817487 212.72998 -0.6226048 0.77739406 0.08901863 122.91992 0.056805383 -0.06854743 0.99602973 9.39856
0.7638695 0.6453308 -0.0028744554 213.89941 -0.6424799 0.76089996 0.09059289 121.961426 0.06065372 -0.06734717 0.99588335 9.495605
0.747449 0.6643272 -0.00370445 215.09766 -0.6612413 0.7444925 0.09227478 120.96631 0.06405741 -0.06651575 0.99572635 9.601074
0.73033386 0.68309027 -0.003987926 216.24463 -0.67990506 0.72746706 0.09238688 119.93628 0.06601431 -0.0647637 0.99571466 9.712524
0.715042 0.6990776 -0.004735927 217.36768 -0.69577974 0.71229535 0.092432685 118.87842 0.06798555 -0.062797174 0.9957081 9.8272705
0.7025034 0.7115508 -0.0060115047 218.45508 -0.70805615 0.6998425 0.09342636 117.82471 0.070699945 -0.06137573 0.9956075 9.942139
0.6857799 0.72776103 -0.008748338 219.53247 -0.72397196 0.68334407 0.094410755 116.730225 0.0746832 -0.058413334 0.9954953 10.063721
0.67137736 0.7410055 -0.0108958585 220.57153 -0.7368798 0.6690579 0.09658085 115.6272 0.07885267 -0.056826323 0.99526703 10.192505
0.6562845 0.7545284 -0.012159686 221.60596 -0.750121 0.6540398 0.09857645 114.48535 0.08232888 -0.05556651 0.9950537 10.322266
0.64016294 0.7681709 -0.011301911 222.61255 -0.7637353 0.63792175 0.09892912 113.32153 0.083202995 -0.054701313 0.9950303 10.463379
0.6237521 0.7815112 -0.008661147 223.60547 -0.7770819 0.62132585 0.10002037 112.136475 0.08353709 -0.055662706 0.99494976 10.606201
0.60644937 0.7951159 -0.0032790974 224.58105 -0.79084706 0.6036085 0.10109398 110.927734 0.082360916 -0.058729455 0.9948721 10.753052
0.5871907 0.80935293 0.0020478396 225.50879 -0.8053237 0.5840133 0.10117414 109.71411 0.08067789 -0.06105642 0.9948686 10.889038
0.57190627 0.8203808 0.005753384 226.41602 -0.81641537 0.5684248 0.10242317 108.49805 0.08075092 -0.06325773 0.9947233 11.029541
0.5525514 0.83335197 0.0076303245 227.27539 -0.8291433 0.54879254 0.10581185 107.261475 0.08399841 -0.06479432 0.9943573 11.183594
0.5349551 0.8448862 0.011273937 228.09131 -0.8405597 0.5307595 0.10903276 106.0354 0.08613541 -0.067804664 0.99397355 11.330078
0.5168257 0.855895 0.014087111 228.87817 -0.851683 0.5124897 0.10887371 104.7832 0.08598228 -0.06827124 0.99395514 11.479004
0.49524435 0.8685487 0.018055296 229.6477 -0.86458135 0.49073836 0.10790634 103.51636 0.08487051 -0.06905209 0.9939965 11.629028
0.4746503 0.88003457 0.020919768 230.35645 -0.8763275 0.47013474 0.10589072 102.2666 0.0833361 -0.068578355 0.9941578 11.772339
0.4531847 0.8909633 0.025146276 231.03125 -0.8875636 0.44851002 0.10437781 100.98657 0.0817297 -0.06962279 0.99421966 11.914551
0.43090945 0.9019824 0.025996327 231.70581 -0.89863276 0.42633966 0.10307611 99.69702 0.08188828 -0.06777034 0.9943339 12.057983
0.41014898 0.9116518 0.029069442 232.2937 -0.90845466 0.40544382 0.10246799 98.433105 0.081617 -0.06842002 0.9943113 12.193237
0.3894384 0.92073244 0.02829682 232.86743 -0.91747713 0.3849495 0.10128194 97.150635 0.08234823 -0.065384485 0.99445486 12.326416
0.36565843 0.9302795 0.02784191 233.41553 -0.92695963 0.36135063 0.100365825 95.862305 0.083307795 -0.06250407 0.99456125 12.467407
0.34642884 0.93774015 0.027049849 233.90552 -0.9343295 0.3422918 0.09982616 94.596924 0.084325984 -0.059834115 0.99463826 12.60022
0.32362133 0.94587964 0.026549824 234.37207 -0.94253135 0.31973532 0.097611904 93.30469 0.08383387 -0.05661686 0.9948704 12.737915
0.30496797 0.9519555 0.026979264 234.80151 -0.9485704 0.30112347 0.09744226 92.038086 0.08461345 -0.05531625 0.9948777 12.871094
0.2832109 0.9586143 0.029129226 235.20752 -0.9548877 0.27901894 0.10166329 90.77515 0.089345746 -0.056615353 0.99439114 13.007446
0.26327533 0.96432674 0.030443018 235.59106 -0.9597428 0.25853434 0.11052652 89.5105 0.098713465 -0.058298435 0.9934054 13.149292
0.24609916 0.96877223 0.033171833 235.93579 -0.9634596 0.240699 0.11827892 88.26416 0.10659969 -0.061052892 0.9924248 13.298828
0.22652875 0.97332036 0.036513597 236.25171 -0.9677442 0.22066689 0.12158054 87.01758 0.11029323 -0.06290816 0.99190956 13.454956
0.20376968 0.9781761 0.040814884 236.5498 -0.97262144 0.19749682 0.12256545 85.762695 0.111832164 -0.0646956 0.9916214 13.609375
0.18626344 0.9812995 0.04651782 236.81421 -0.9760538 0.1794781 0.122166954 84.52881 0.111512534 -0.06820327 0.99142337 13.768921
0.16549522 0.984919 0.05093417 237.05298 -0.9798366 0.158331 0.122058645 83.28638 0.11213576 -0.07008944 0.991216 13.928711
0.1487477 0.98746103 0.052660707 237.26099 -0.98252857 0.14156851 0.12073419 82.05859 0.11173975 -0.069700606 0.9912898 14.081909
0.13004926 0.99002516 0.0542229 237.44287 -0.98516214 0.12283938 0.11989154 80.83472 0.11206649 -0.06905188 0.9913033 14.232178
