1.000000000000000000e+00 4.398956837314658088e-19 2.733407509747682871e-20 -8.673617379884035472e-19 -5.583667658079949532e-19 1.000000000000000000e+00 -6.100159232558060012e-19 0.000000000000000000e+00 4.145284534913582806e-20 -2.210423569125054137e-19 1.000000000000000222e+00 0.000000000000000000e+00
9.999432700616219805e-01 -9.071904962595425670e-04 1.061290151185831365e-02 7.093169638777864494e-02 9.039817303469888229e-04 9.999995442401957702e-01 3.071395460526633197e-04 -5.836910825419538984e-03 -1.061317549239715330e-02 -2.975282452443888987e-04 9.999436343964672735e-01 2.871133549392134721e-01
9.998556457640931372e-01 -2.387107610762653851e-03 1.682228801387726860e-02 1.007995706026595939e-01 2.376190637592581843e-03 9.999969531264948364e-01 6.689179972236472928e-04 -9.950766147128170536e-03 -1.682383382820528891e-02 -6.288484613186698900e-04 9.998582715296846501e-01 5.508833133574979612e-01
9.997889360013847426e-01 -6.141160583431497233e-03 1.960534692012287986e-02 7.888313206528498045e-02 6.165485227978025409e-03 9.999802963956875290e-01 -1.180508967295196884e-03 -1.413825138604413167e-02 -1.959771126886147852e-02 1.301136315598689155e-03 9.998070997628663026e-01 9.179342221666226820e-01
9.998284832130844846e-01 -6.695469565367698737e-03 1.726774085547718926e-02 8.491658477473121303e-02 6.728653600451760600e-03 9.999756244070234779e-01 -1.864349958668244786e-03 -1.668527176519156441e-02 -1.725483754552271237e-02 1.980218876911491507e-03 9.998491632716846045e-01 1.183891907209912553e+00
9.998906635983922930e-01 -1.052028414529476361e-02 1.039155915057917746e-02 8.246253076387100034e-02 1.055769790526452090e-02 9.999379568011886876e-01 -3.552118403750047660e-03 -1.787873619806544523e-02 -1.035354531159685121e-02 3.661441020799584799e-03 9.999396971497194198e-01 1.526661982077111901e+00
9.999395071494414644e-01 -1.090400294206526378e-02 -1.443876281060584932e-03 6.240869374135300796e-02 1.089677603785811806e-02 9.999285147604629609e-01 -4.921953113869150832e-03 -2.953146282527330246e-02 1.497442079021761010e-03 4.905921825787462436e-03 9.999868447132574945e-01 1.852346063992687197e+00
9.997953309825925450e-01 -1.071326787631462184e-02 -1.716164404924960807e-02 2.703786451029737206e-02 1.062491194846934030e-02 9.999298694277507504e-01 -5.231391241069025151e-03 -3.766135908093887208e-02 1.721648608364300531e-02 5.047979618446916256e-03 9.998390423148219019e-01 2.167122838584790934e+00
9.993267280904527539e-01 -6.375213070907229974e-03 -3.613097176154108497e-02 1.129469396813051300e-02 6.179692871661223753e-03 9.999656669979232193e-01 -5.520526344412832014e-03 -4.013144205201656101e-02 3.616492643047024974e-02 5.293531240191547832e-03 9.993318151122161375e-01 2.519556553222479511e+00
9.984162952418029757e-01 -3.734653408512858194e-03 -5.613335579699783168e-02 -5.054282651139456461e-02 3.384473803724047207e-03 9.999742244357818777e-01 -6.332124121705036413e-03 -5.431890858375582054e-02 5.615555818401674060e-02 6.132114041582913469e-03 9.984032004126275339e-01 2.859955697502990724e+00
9.971425104823234964e-01 -2.984710137706836613e-03 -7.548446923329776848e-02 -9.605091135095597532e-02 2.497282273423525548e-03 9.999754244036367368e-01 -6.550890504671147072e-03 -5.849791683429696187e-02 7.550216796844526346e-02 6.343665367628585627e-03 9.971254588788455164e-01 3.220997429869353113e+00
9.953151436135833086e-01 -3.254227875320247435e-03 -9.662905672476013175e-02 -1.323591496979449889e-01 2.665386933994622152e-03 9.999770891871276879e-01 -6.222283293705904543e-03 -6.468263467784261811e-02 9.664709327048062737e-02 5.935578932748672085e-03 9.953010140454671140e-01 3.603278805022148479e+00
9.932541248920742083e-01 -4.318351643175732946e-03 -1.158774992719474872e-01 -2.102041514967511737e-01 3.712048763390043797e-03 9.999782721305753297e-01 -5.447564117623787672e-03 -7.383244446899062119e-02 1.158985080007835233e-01 4.980672544849331675e-03 9.932485736896634609e-01 3.997393478769397657e+00
9.910686857485719869e-01 -4.198681833736680503e-03 -1.332862735385451358e-01 -2.912951052529851315e-01 3.579936023594184041e-03 9.999816771354116396e-01 -4.881541332386869422e-03 -8.213525319328082719e-02 1.333043296956089863e-01 4.360786341251633898e-03 9.910655577298066454e-01 4.394405829482740167e+00
9.887688032657968584e-01 -3.327166153903200405e-03 -1.494161405791734343e-01 -3.780996440693559224e-01 2.712283979046459584e-03 9.999869955760019025e-01 -4.318818155442221904e-03 -8.731615983808549419e-02 1.494285695179699835e-01 3.865053555558063333e-03 9.887649693254697558e-01 4.815163355142222379e+00
9.866203586800454950e-01 -2.616637717732073643e-03 -1.630135588341413422e-01 -4.587852174866511312e-01 1.922443687786736443e-03 9.999884010358597308e-01 -4.416107021190154511e-03 -9.442993797797680222e-02 1.630232262171044944e-01 4.043636595585057593e-03 9.866139454725842972e-01 5.221078927472103004e+00
9.844999179188733684e-01 -3.307146789354058636e-03 -1.753538526203863301e-01 -5.314159010749758272e-01 2.436602661808705012e-03 9.999836173757760127e-01 -5.179569855799676971e-03 -9.477783528979742689e-02 1.753681124943428649e-01 4.672018318470867737e-03 9.844918476745612157e-01 5.665795073882402555e+00
9.827476748678537488e-01 -6.442504827815281540e-03 -1.848391215025545764e-01 -6.343854542668542207e-01 5.227244116567951286e-03 9.999614066228853515e-01 -7.061244596498815994e-03 -1.116643753353542684e-01 1.848774832351939013e-01 5.973222388674541590e-03 9.827434241199101139e-01 6.104958762422019625e+00
9.812170784370978227e-01 -5.764139304643773470e-03 -1.928206907516653024e-01 -7.290973104025895157e-01 4.175131405594979805e-03 9.999539048134347130e-01 -8.646185263317979208e-03 -1.211717998700812676e-01 1.928616437949651763e-01 7.678732820244274157e-03 9.811959153609309814e-01 6.544501668983330411e+00
9.796124264430365880e-01 -5.678098590547655394e-03 -2.008164639417170383e-01 -8.321633233496225079e-01 3.603000394117609508e-03 9.999362911032888546e-01 -1.069729486096140589e-02 -1.202739815572896470e-01 2.008644139105035809e-01 9.755661086339805638e-03 9.795704748874897172e-01 7.020040916319030266e+00
9.779975502933989651e-01 -6.418896661126008429e-03 -2.085175972371211273e-01 -9.452100485494320248e-01 3.741298683511219518e-03 9.999054410145410410e-01 -1.323297804629178752e-02 -1.352312164467595057e-01 2.085828247439605043e-01 1.216169342593305912e-02 9.779290871370834859e-01 7.495376878645472196e+00
9.762429756578485662e-01 -1.000528578351761629e-02 -2.164475586463726065e-01 -1.056745114756342030e+00 6.911757574706779705e-03 9.998629349142232892e-01 -1.504456647707449676e-02 -1.449067555880136360e-01 2.165684201686128851e-01 1.319111922243669521e-02 9.761783212415222621e-01 8.011787035103079546e+00
9.744485139244933869e-01 -1.548445306583071460e-02 -2.240766035819573565e-01 -1.166946917924425176e+00 1.220014378206195696e-02 9.997970092106960305e-01 -1.603423975179623512e-02 -1.620734679881283835e-01 2.242794034009431559e-01 1.289077424065522733e-02 9.744396227170737390e-01 8.519024267142386364e+00
9.724008945256413794e-01 -1.643478396044341372e-02 -2.327367546666896103e-01 -1.309489353569726067e+00 1.246293842996565315e-02 9.997506975133271245e-01 -1.852614276990312975e-02 -1.817578444448275654e-01 2.329832099904391163e-01 1.511425389553007308e-02 9.723632985886661029e-01 9.009853330585764652e+00
9.703479145459246169e-01 -1.260811603708054084e-02 -2.413834269979744651e-01 -1.441063685511466685e+00 7.430189164191773263e-03 9.997226121013695899e-01 -2.234929817196723914e-02 -1.846097130580214296e-01 2.415982568666000530e-01 1.989307032029563604e-02 9.701724327988072716e-01 9.572072183647760468e+00
9.682330387619724199e-01 -9.093146672375106848e-03 -2.498841650196172715e-01 -1.601445258820664685e+00 2.846428839971169248e-03 9.996746234902289530e-01 -2.534847109104921767e-02 -1.998712646779571278e-01 2.500333602550593448e-01 2.383194969590876622e-02 9.679438818159500357e-01 1.009887249805747089e+01
9.659114247217113203e-01 -1.254106665905888908e-02 -2.585688298136814001e-01 -1.773293667830432296e+00 5.640416393419844104e-03 9.996082942306714347e-01 -2.741247520061174461e-02 -2.251969234629205840e-01 2.588113330485793950e-01 2.501958711253284701e-02 9.656038088397219665e-01 1.067061711717720662e+01
9.636214747735540875e-01 -1.376900106364421089e-02 -2.669158414040117555e-01 -1.932592317522519032e+00 6.222998672561918902e-03 9.995572389310753980e-01 -2.909639797114850490e-02 -2.564115017014814146e-01 2.671982943978971070e-01 2.637689700549931265e-02 9.632805055438761199e-01 1.121780552462831793e+01
9.613911365134776288e-01 -1.394654021135191893e-02 -2.748319031571809234e-01 -2.099341154267221565e+00 5.376820864051641904e-03 9.994762695262094931e-01 -3.191044403905913401e-02 -2.777873294776893598e-01 2.751330103424316498e-01 2.920069617801537842e-02 9.609626151061692045e-01 1.177497790498176222e+01
9.590985336127362260e-01 -1.362997317634361515e-02 -2.827440979223771467e-01 -2.301946570433434314e+00 3.770397548257106365e-03 9.993666101273919189e-01 -3.538591038396619870e-02 -2.950701280805838045e-01 2.830473245540982563e-01 3.287251716032503490e-02 9.585424411222462915e-01 1.240043972386449944e+01
9.568152788982016155e-01 -1.492591205897778918e-02 -2.903131712314477308e-01 -2.469062603239570830e+00 3.251074961206086578e-03 9.991679360118730369e-01 -4.065545651713030340e-02 -3.296827558925152779e-01 2.906784368628498871e-01 3.795593217918401957e-02 9.560676730199789697e-01 1.297796881707969341e+01
9.549633553241063666e-01 -1.616346008284333044e-02 -2.962831933377421678e-01 -2.685007548694160473e+00 2.104232251448017073e-03 9.988590321148858031e-01 -4.770960232761201764e-02 -3.711925132389382043e-01 2.967163010775544785e-01 4.493747342352574087e-02 9.539077848848468433e-01 1.358324574399803986e+01
9.536429536422967868e-01 -1.659593538731345824e-02 -3.004824286996728433e-01 -2.892349056021489506e+00 -1.890819578592963163e-04 9.984450108753294417e-01 -5.574517458661588931e-02 -4.013504704824853997e-01 3.009403302669371727e-01 5.321780897719898679e-02 9.521569116394312804e-01 1.420724417047364696e+01
9.523569204088735418e-01 -1.663966377870555041e-02 -3.045314692303824344e-01 -3.090799751704420117e+00 -3.170257940084378941e-03 9.979165042462984081e-01 -6.444067038004733239e-02 -4.519175766251493642e-01 3.049692555172473507e-01 6.233596200799376014e-02 9.503199371975986631e-01 1.483144909124065158e+01
9.510390947241766924e-01 -1.476211909215900328e-02 -3.087178616582560986e-01 -3.314610654783280541e+00 -8.266370966815738894e-03 9.972864556801753766e-01 -7.315321189626872167e-02 -4.966011051833379430e-01 3.089600437644288156e-01 7.212354117906455420e-02 9.483363792564998285e-01 1.548214005492380707e+01
9.496118856881189396e-01 -1.418819875081646538e-02 -3.131069457603928297e-01 -3.546639698162566745e+00 -1.159337776596012018e-02 9.967012289532002356e-01 -8.032592219504450237e-02 -5.555160773535625651e-01 3.132137631279121592e-01 7.990841800850276289e-02 9.463148447688872755e-01 1.612483269522028451e+01
9.480835149486005475e-01 -1.294815185478734136e-02 -3.177577566250673891e-01 -3.776857000753930826e+00 -1.544051000957829406e-02 9.961183119536208830e-01 -8.665967472090656265e-02 -6.199159547115297153e-01 3.176464081826174679e-01 8.706695135635417193e-02 9.442034248612044545e-01 1.678150986868231698e+01
9.465159197629346988e-01 -1.240757217931645791e-02 -3.224184603571541574e-01 -4.037296415077694434e+00 -1.845990628243121892e-02 9.955412244315373638e-01 -9.250352586419008372e-02 -6.868564186316931108e-01 3.221286184633390115e-01 9.350787500227555893e-02 9.420665755181077961e-01 1.744729272066133774e+01
9.448773171303620488e-01 -1.008498495878053063e-02 -3.272692261399754443e-01 -4.285809061001130793e+00 -2.334723515758620194e-02 9.949060385691294028e-01 -9.806569742753956653e-02 -7.655130284943825192e-01 3.265911259641297582e-01 1.003008853029228042e-01 9.398286924428370659e-01 1.814523513253646314e+01
9.430055894888529355e-01 -7.115627247835540521e-03 -3.327008020669514066e-01 -4.536079633169136649e+00 -2.815045303829522005e-02 9.944820953795046048e-01 -1.010589627536803425e-01 -8.368364052984005319e-01 3.315840943207454816e-01 1.046648457151884010e-01 9.376018669035615094e-01 1.883647478118603402e+01
9.413811058443933844e-01 -6.786938483537388253e-03 -3.372766648030015579e-01 -4.807728147905672600e+00 -2.962248434382519502e-02 9.942724860297693645e-01 -1.026875451841873788e-01 -9.147267211264286102e-01 3.360418477585067065e-01 1.066590882448761046e-01 9.357882868811295829e-01 1.952209706114359733e+01
9.393137670903763947e-01 -6.195872122189189160e-03 -3.430032880944077767e-01 -5.103221903839263440e+00 -3.062410653451886136e-02 9.943308228529104120e-01 -1.018252366458078650e-01 -1.005362077136656929e+00 3.416896436482534938e-01 1.061500165251075684e-01 9.337988883589697364e-01 2.023670969152578181e+01
9.370229764985216203e-01 -6.131169472940874512e-03 -3.492138996568522336e-01 -5.369603585541880442e+00 -3.085368623624469911e-02 9.944839904852578183e-01 -1.002479062705258911e-01 -1.092139582691056932e+00 3.479022752863253354e-01 1.047091282620764979e-01 9.316651801333578620e-01 2.095626279311021989e+01
9.344032998976179449e-01 -5.991825161106905696e-03 -3.561664898856599648e-01 -5.639265471708636568e+00 -3.119822036377013774e-02 9.946398134913965183e-01 -9.858150163644639752e-02 -1.180176265505853195e+00 3.548480602354064928e-01 1.032266417071022874e-01 9.292077901321583733e-01 2.168511385827579119e+01
9.314472494359333776e-01 -5.732503297226346738e-03 -3.638312207128829856e-01 -5.943965479195139956e+00 -3.107093057641644590e-02 9.949710727630682872e-01 -9.522164482737967284e-02 -1.265671548946482261e+00 3.625474045486051233e-01 9.999851435636820940e-02 9.265849552709871650e-01 2.238917128016849034e+01
9.279279905874260326e-01 -2.792546771168804079e-03 -3.727490349818988746e-01 -6.264654350429998075e+00 -3.307692217719838956e-02 9.954104383094725117e-01 -8.979964667252125776e-02 -1.341825254375011989e+00 3.712890563379290798e-01 9.565699705916137774e-02 9.235768394809428239e-01 2.317534597647913586e+01
9.243429518673531575e-01 -1.671943202541227802e-05 -3.815627131121031579e-01 -6.578112117476342391e+00 -3.481244736855403088e-02 9.958255565772816675e-01 -8.437745200068222373e-02 -1.425777705566676046e+00 3.799713183854157572e-01 9.127683541665014555e-02 9.204837529834744014e-01 2.390986662648642280e+01
9.210436424238489517e-01 3.353702676048138116e-03 -3.894449361509487173e-01 -6.916588254606729436e+00 -3.763034605148204981e-02 9.960505799280569006e-01 -8.041889904467351691e-02 -1.492338183583945543e+00 3.876371600496543168e-01 8.872426387387025160e-02 9.175322556954073061e-01 2.464677941470243638e+01
9.171257515712453179e-01 4.459081651162509485e-03 -3.985730411409799667e-01 -7.257946348153704541e+00 -3.888537110518047735e-02 9.961687219529075099e-01 -7.833138173805517801e-02 -1.572867788786922905e+00 3.966967177527986332e-01 8.733838840661727054e-02 9.137853813985861162e-01 2.539671920203614874e+01
9.131012724365428213e-01 5.209305363947016633e-03 -4.076995535967296580e-01 -7.601618992504167061e+00 -4.035759392569832071e-02 9.961628649285174664e-01 -7.765829770742660454e-02 -1.651108000093666206e+00 4.057306164919928237e-01 8.736366391261918274e-02 9.098078151045588813e-01 2.616619731611246991e+01
9.092497298766293312e-01 4.728814613664444368e-03 -4.162241745655406167e-01 -7.966114109529326193e+00 -4.024773853271106094e-02 9.962489877687776829e-01 -7.660335479927132818e-02 -1.716948715202989417e+00 4.143006766193245705e-01 8.640366182474676360e-02 9.060294476787665863e-01 2.692376107076100666e+01
9.053484577834264302e-01 4.660305769203600991e-03 -4.246439071381959973e-01 -8.349140319697532675e+00 -4.030251958391282974e-02 9.963694439892302190e-01 -7.499091982077636664e-02 -1.789710203199647243e+00 4.227527402672785484e-01 8.500713338788841444e-02 9.022493621408725906e-01 2.771182100746731436e+01
9.015965849241385222e-01 5.585088839478360295e-03 -4.325417910902841778e-01 -8.745539885189266727e+00 -4.096046598348022233e-02 9.965261485254863771e-01 -7.251121010983314907e-02 -1.864990681800904104e+00 4.306342309743599328e-01 8.309297309574747992e-02 8.986933407293116183e-01 2.849245098714692759e+01
8.975937250842752624e-01 6.506211996489643865e-03 -4.407756458388526477e-01 -9.127741863218650664e+00 -4.078319663638661774e-02 9.968283818868426405e-01 -6.833672512673215349e-02 -1.933510823201701312e+00 4.389330681164501091e-01 7.931485583232829317e-02 8.950122452929017980e-01 2.926175949947419497e+01
8.936359627713121867e-01 7.581671320524749000e-03 -4.487285150732946426e-01 -9.534661825614117348e+00 -3.997501965683712688e-02 9.972277109206285628e-01 -6.276058032460062053e-02 -1.996098643750052748e+00 4.470086874851426084e-01 7.402304310564038203e-02 8.914616236254045978e-01 3.007959601331623389e+01
8.899821295817553768e-01 7.711734887690896954e-03 -4.559301854325850112e-01 -9.968558090891052714e+00 -3.851303007087292229e-02 9.975556475622375796e-01 -5.830503064690515519e-02 -2.066839836296374244e+00 4.543661062310865861e-01 6.944968850624394507e-02 8.881037024970952487e-01 3.088320119067450165e+01
8.863112125032510669e-01 6.808758075984762577e-03 -4.630400318599449672e-01 -1.040326060340540693e+01 -3.712271175701219866e-02 9.977186502420465342e-01 -5.638616227661628205e-02 -2.129228846617043036e+00 4.615997637828315736e-01 6.716498968782033674e-02 8.845419868328466828e-01 3.168860757893320468e+01
8.831860541100891027e-01 6.747382057955700688e-03 -4.689742660959659859e-01 -1.085600438995591155e+01 -3.699991571569371390e-02 9.977826894315223738e-01 -5.532369269695680547e-02 -2.193229885319907702e+00 4.675611224373483199e-01 6.621312235364573695e-02 8.814774095506223706e-01 3.249979288744167150e+01
8.800737104795636201e-01 6.682024709288130783e-03 -4.747900695759462719e-01 -1.129534047226877291e+01 -3.644282523956656611e-02 9.979022862356050627e-01 -5.350651997707299434e-02 -2.251049171671806626e+00 4.734365721561788476e-01 6.439237326375520098e-02 8.784710802555246723e-01 3.332317342794470250e+01
8.769886140515809059e-01 5.362687215181444374e-03 -4.804812252442652865e-01 -1.176266698041090386e+01 -3.466480185354226667e-02 9.980383767788394422e-01 -5.213204438159840803e-02 -2.311562007615237668e+00 4.792591425034816166e-01 6.237499595630866672e-02 8.754541899731114185e-01 3.417553084078885917e+01
8.743461631684272817e-01 4.480969295425599359e-03 -4.852820861997492741e-01 -1.224390373737126758e+01 -3.387626617437407978e-02 9.980817147697188529e-01 -5.181977704486365882e-02 -2.372045593354715098e+00 4.841189822321492198e-01 6.174796848679502126e-02 8.728207170147519456e-01 3.500520765623740260e+01
8.723513971471659190e-01 4.547970829740751939e-03 -4.888582116655607046e-01 -1.271644588551718513e+01 -3.442048335860831143e-02 9.980465664808898518e-01 -5.213714149000193976e-02 -2.435798666450615713e+00 4.876661498316964827e-01 6.230864429306549879e-02 8.708038607154182653e-01 3.582570380925792364e+01
8.710028487540384390e-01 4.503445531078521455e-03 -4.912573171507881864e-01 -1.322593984932085043e+01 -3.487397988542951383e-02 9.980021602397008973e-01 -5.268295498793594545e-02 -2.488893854510007220e+00 4.900386173537293888e-01 6.301910180831576946e-02 8.694197783771697718e-01 3.670974089262882245e+01
8.702376199446284488e-01 3.984448994516656337e-03 -4.926160819434904914e-01 -1.372110407620402128e+01 -3.388959880685789988e-02 9.980825330231344328e-01 -5.179529348737282879e-02 -2.549012682549297804e+00 4.914651396169169573e-01 6.176877443544898788e-02 8.687040001032696468e-01 3.759030417119598155e+01
8.703232868994577043e-01 3.581531621759099279e-03 -4.924678102222376230e-01 -1.424549629226269687e+01 -3.263060735406781571e-02 9.981955318793439558e-01 -5.040757540575223350e-02 -2.610696532040991169e+00 4.913986398815616830e-01 5.994041056897388836e-02 8.688696845048669015e-01 3.847679717299243407e+01
8.700070378545921024e-01 2.756128151515466456e-03 -4.930315943482811436e-01 -1.474570800637028434e+01 -3.142593388942813842e-02 9.982609863145964768e-01 -4.987398056379263589e-02 -2.671753041260470418e+00 4.920367550372961030e-01 5.888469248336268558e-02 8.685806982906651985e-01 3.935978901693817988e+01
8.695105763785593300e-01 1.368853423479048656e-03 -4.939124203510183442e-01 -1.526447646991963758e+01 -3.010384547557658566e-02 9.982838918443960319e-01 -5.022977029659097398e-02 -2.737306365415904441e+00 4.929960645030991295e-01 5.854397979733040602e-02 8.680596106205011875e-01 4.025916713230926547e+01
8.682452803107851835e-01 -4.717645002340773103e-04 -4.961349673123460202e-01 -1.579653201543286123e+01 -2.845012829164839455e-02 9.983067138359789094e-01 -5.073751430999177969e-02 -2.793814724664059668e+00 4.953188135133381742e-01 5.816771089484823465e-02 8.667616715147905548e-01 4.117414351639346393e+01
8.667918929824305341e-01 -1.021929746005945583e-03 -4.986689934298556559e-01 -1.633244802143436658e+01 -2.708277629685616403e-02 9.984255531892710644e-01 -4.912166541110099538e-02 -2.856712101340808552e+00 4.979340730805645321e-01 5.608360221283286567e-02 8.653994992449486334e-01 4.207287994653832897e+01
8.648532121779999304e-01 -6.923269509696526863e-04 -5.020243391472739569e-01 -1.686794995549828968e+01 -2.567090948712243484e-02 9.986298256960769448e-01 -4.560126841693883104e-02 -2.924555511538682318e+00 5.013680579141386318e-01 5.232582487207881883e-02 8.636504405617393409e-01 4.303017037982375825e+01
8.617937339741903457e-01 -8.428554666078981461e-04 -5.072581636696736895e-01 -1.742892797537988869e+01 -2.324097707056785658e-02 9.988828729450293098e-01 -4.114441837806257635e-02 -2.981268239473611192e+00 5.067261793762033451e-01 4.724717727744505436e-02 8.608114127962558371e-01 4.393193804968858984e+01
8.579181211266323492e-01 -2.035980319856642209e-03 -5.137823926917098882e-01 -1.797488090040380015e+01 -2.097033086245220918e-02 9.990201063582765384e-01 -3.897527874353869798e-02 -3.042861402589316366e+00 5.133583023373854415e-01 4.421178462381973595e-02 8.570347581461347231e-01 4.482500018793906804e+01
8.525981727942362198e-01 -4.246156978313608138e-03 -5.225498259030449955e-01 -1.853146540710350365e+01 -1.998809743497001121e-02 9.989702300173922689e-01 -4.073027786035635783e-02 -3.107985942642684130e+00 5.221846759284872741e-01 4.517133726641398700e-02 8.516353209137781377e-01 4.573584306253741971e+01
8.468612466863538746e-01 -7.831054949406696108e-03 -5.317562391939366639e-01 -1.909398953109898045e+01 -1.832197545039978073e-02 9.988683807382980895e-01 -4.388921514551184788e-02 -3.173839662433103559e+00 5.314982016033651391e-01 4.691090017531320683e-02 8.457594425280876571e-01 4.663183456648735614e+01
8.407859195119755658e-01 -8.212097707068445260e-03 -5.413054528640464103e-01 -1.969654983667060577e+01 -1.839631470157776505e-02 9.988740842593982761e-01 -4.372801653229820701e-02 -3.229778199119651916e+00 5.410550966008772500e-01 4.672392600044760619e-02 8.396881938274000090e-01 4.752196110300961607e+01
8.349814703076609002e-01 -5.167376906162317492e-03 -5.502537928793724831e-01 -2.029400502618749869e+01 -1.930192469521973750e-02 9.990655276949932384e-01 -3.867178698649663404e-02 -3.278469215941651083e+00 5.499394371279971994e-01 4.291118273737170447e-02 8.341014636924628523e-01 4.839598728135651129e+01
8.296436618508606919e-01 -1.227252318933126510e-03 -5.582919327348732086e-01 -2.087683198111443872e+01 -2.122003240561038534e-02 9.992056737885202100e-01 -3.373027918753417065e-02 -3.347607617287008175e+00 5.578898720026427283e-01 3.983108511349289782e-02 8.289586125860699539e-01 4.926857519928497453e+01
8.256019156052700758e-01 -6.608539682671257494e-04 -5.642526331838801923e-01 -2.150213932919483284e+01 -2.306689443010294036e-02 9.991238322536705185e-01 -3.492114328490590613e-02 -3.394071583727083397e+00 5.637813407221798911e-01 4.184651859447177658e-02 8.248633067707568101e-01 5.017186349692659064e+01
8.221611073198472619e-01 -2.483292063285914494e-03 -5.692494537604074756e-01 -2.213451912482380379e+01 -2.426263258433765044e-02 9.989289089789255005e-01 -3.939999379746000202e-02 -3.447690896625473567e+00 5.687375872753016592e-01 4.620463279321664063e-02 8.212202475270157231e-01 5.104023877066619974e+01
8.193890968036950939e-01 -4.770928073360563952e-03 -5.732178817361902601e-01 -2.274689849681616494e+01 -2.638412323871518195e-02 9.985917393962683297e-01 -4.602625442914258513e-02 -3.520650987583937574e+00 5.726302393878350827e-01 5.283726225844843222e-02 8.181093074594398828e-01 5.188657539566514032e+01
8.160503124792480856e-01 -5.763678892032463030e-03 -5.779521269706420217e-01 -2.337022813417586065e+01 -2.687525172720656164e-02 9.984902980357012181e-01 -4.790454696041267224e-02 -3.572553249687115962e+00 5.773557078779527618e-01 5.462512940607389816e-02 8.146634201988409707e-01 5.276518959198412517e+01
8.129884777656819494e-01 -4.703563608149784019e-03 -5.822607706010758388e-01 -2.399024245096541463e+01 -2.579409003180860652e-02 9.986948312928555227e-01 -4.408286418145381663e-02 -3.636846773017150980e+00 5.817081786412229283e-01 5.085774733747345372e-02 8.118060673093415724e-01 5.359915972549931951e+01
8.096870214329486837e-01 -3.139752899463880541e-03 -5.868535274227522081e-01 -2.465422937126554004e+01 -2.410242313954865170e-02 9.989640612635882766e-01 -3.859893194845466502e-02 -3.697526156612437997e+00 5.863667843373042698e-01 4.539764617564168159e-02 8.087725604450748396e-01 5.448970485430588440e+01
8.065931800045788025e-01 -1.382146629560949925e-03 -5.911053416466514054e-01 -2.529618306579380516e+01 -2.452682895441430505e-02 9.990578053404768344e-01 -3.580413798598807568e-02 -3.752744726413932419e+00 5.905979021020565378e-01 4.337731299757881936e-02 8.057993133653952311e-01 5.534752839918128586e+01
8.038464456554299531e-01 -5.294918265015830915e-04 -5.948366201304675638e-01 -2.592181756352582411e+01 -2.593761735834466606e-02 9.990172708950191272e-01 -3.594068042828222481e-02 -3.813588047448289942e+00 5.942710974131351076e-01 4.431943273886462115e-02 8.030427494274420264e-01 5.618864994744527763e+01
7.999334805189890485e-01 -1.972606086779678074e-03 -6.000854344702910570e-01 -2.657981956045757599e+01 -2.555566893933524861e-02 9.989754035114613018e-01 -3.735038169944090991e-02 -3.859367625678394642e+00 5.995442769675171091e-01 4.521340541342847713e-02 7.990634610493119183e-01 5.704691680677959198e+01
7.961158027698449491e-01 -4.232678292474104965e-03 -6.051294952348814649e-01 -2.722365303585454654e+01 -2.514338111746607443e-02 9.988806455016610020e-01 -4.006577685332828737e-02 -3.926821598345199504e+00 6.046217367783073282e-01 4.711199952528109108e-02 7.951182439616105713e-01 5.791716334290478585e+01
7.920406276786192690e-01 -4.950817868029847371e-03 -6.104482995176497839e-01 -2.789722544573118057e+01 -2.489107539335623856e-02 9.988736436258945917e-01 -4.039651570665763608e-02 -3.978358683222907644e+00 6.099607234906150310e-01 4.719039619807074287e-02 7.910252773359613965e-01 5.874615321915854338e+01
7.873628999312638488e-01 -5.230253140700616768e-03 -6.164675993179107305e-01 -2.859597925856149203e+01 -2.433309837076427090e-02 9.989211196638084767e-01 -3.955372369775543573e-02 -4.038592428034975867e+00 6.160093911549124890e-01 4.614370121050973689e-02 7.863861621732671781e-01 5.962875000213638543e+01
7.827034260876850613e-01 -5.167335617546895896e-03 -6.223733911799410601e-01 -2.925881589423971008e+01 -2.437105577970923032e-02 9.989441834854253521e-01 -3.894316328028851748e-02 -4.094720278645218592e+00 6.219175221929580388e-01 4.564884382503194699e-02 7.817511023246138668e-01 6.042837290946749818e+01
7.771430367343595824e-01 -6.132064589931132161e-03 -6.292941209825458904e-01 -2.995799981489508923e+01 -2.402854310124582712e-02 9.989342563596836921e-01 -3.940787525362466487e-02 -4.152667771524920504e+00 6.288651172548320734e-01 4.574657662157911170e-02 7.761674577814975384e-01 6.127777682846203078e+01
7.718154594656470024e-01 -7.246071881683485531e-03 -6.358053029760172281e-01 -3.066290752968095745e+01 -2.398556541705082132e-02 9.988915844084872431e-01 -4.050055917314192983e-02 -4.210952047882033256e+00 6.353940473835626435e-01 4.650910724252326628e-02 7.707861669288833539e-01 6.212105596399523222e+01
7.666157457498807837e-01 -8.487199199602390998e-03 -6.420500432205513697e-01 -3.135030896757859509e+01 -2.337333346157912523e-02 9.988811125877676833e-01 -4.111216657408728326e-02 -4.276483943118868147e+00 6.416805997208068213e-01 4.652408386119382538e-02 7.655596157970411264e-01 6.291948808186356956e+01
7.606928809939862424e-01 -9.822112376114447777e-03 -6.490376406172539969e-01 -3.206825314174937347e+01 -2.295496616344131283e-02 9.988530391317881341e-01 -4.201994510103788938e-02 -4.333657103618933526e+00 6.487059556500310853e-01 4.686291003985371129e-02 7.595949306713657423e-01 6.376825446766925154e+01
7.546205757274382364e-01 -1.154908735823284745e-02 -6.560597511931453019e-01 -3.278253083882461993e+01 -2.224089599215262406e-02 9.988203615058458551e-01 -4.316512510372046141e-02 -4.398044120618514796e+00 6.557843669648897311e-01 4.716464810868509910e-02 7.534735351086933042e-01 6.456572762977297941e+01
7.483177237963641870e-01 -1.213791102052558767e-02 -6.632294075724307625e-01 -3.354151557621385393e+01 -2.194086160807215760e-02 9.988325863840116225e-01 -4.303560162395034944e-02 -4.462616129426986156e+00 6.629775182677609680e-01 4.675612794670357120e-02 7.471778121923504656e-01 6.541241498222092332e+01
7.422112188000165034e-01 -1.293612302399912463e-02 -6.700411591470293304e-01 -3.430913201460002426e+01 -2.035107843061064251e-02 9.989175128670132464e-01 -4.182865201248921194e-02 -4.517793249237963771e+00 6.698569603563258035e-01 4.468175479957545854e-02 7.411445215831602429e-01 6.622574706981134796e+01
7.359298033025768460e-01 -1.340413289037064963e-02 -6.769251400366409488e-01 -3.502158924028488229e+01 -1.944170760187086469e-02 9.989733609587821972e-01 -4.091752843927760896e-02 -4.581818212286327352e+00 6.767786579242092149e-01 4.327300910561706487e-02 7.349136707442395222e-01 6.702743522957375433e+01
7.293441239282122401e-01 -1.481001779294888708e-02 -6.839866983204553330e-01 -3.582054325797876970e+01 -1.842790271697980140e-02 9.989776530483035488e-01 -4.128027546498666545e-02 -4.646625155178580435e+00 6.838988000180356019e-01 4.271196647954411674e-02 7.283255645708700543e-01 6.784687709496517982e+01
7.230057786097362493e-01 -1.625010617358080278e-02 -6.906508301617371171e-01 -3.660095457950990294e+01 -1.851529350265324753e-02 9.989084053248490358e-01 -4.288568185435963354e-02 -4.711371025685066272e+00 6.905938281909415055e-01 4.379419843270725143e-02 7.219156748271653434e-01 6.863748927541161038e+01
7.170668831232540619e-01 -1.572689141635998447e-02 -6.968269088673202383e-01 -3.737769571337177155e+01 -1.981071909677058901e-02 9.988816416252894737e-01 -4.293019294065306829e-02 -4.774670597328979582e+00 6.967227771604982411e-01 4.458846160045255858e-02 7.159533853104381729e-01 6.942796154447698598e+01
7.115500001017686094e-01 -1.575527860088683785e-02 -7.024587954619491148e-01 -3.819276134247007803e+01 -1.959058530179091581e-02 9.989150459357217793e-01 -4.224855031520647480e-02 -4.829163948150935859e+00 7.023623097354987355e-01 4.382353472890474638e-02 7.104693468851706051e-01 7.024326045391357809e+01
7.070148087085873501e-01 -1.546641342603588196e-02 -7.070295898906500121e-01 -3.900319342346386264e+01 -2.037135181165361519e-02 9.989005478345801547e-01 -4.222207474611594513e-02 -4.890724347607256384e+00 7.069052809369034129e-01 4.425478041118004191e-02 7.059224089806932501e-01 7.102766372605549350e+01
7.018929676962087916e-01 -1.607242176431933692e-02 -7.121010670484437810e-01 -3.983695491734695082e+01 -2.039653592722862757e-02 9.988818827555523416e-01 -4.264933363420379125e-02 -4.960909989064232306e+00 7.119903449277108498e-01 4.445966214515472553e-02 7.007803483280731216e-01 7.181949030302079962e+01
6.966000020262115289e-01 -1.813570469436182053e-02 -7.172304537605357355e-01 -4.065728959600098591e+01 -2.034065247133458668e-02 9.987794136302463599e-01 -4.501045210328947360e-02 -5.029859802056712681e+00 7.171713206844624322e-01 4.594321623150642714e-02 6.953808504896475950e-01 7.262748019943566646e+01
6.915559227816218124e-01 -2.008237620973441287e-02 -7.220436926686033541e-01 -4.150355262703678960e+01 -2.062129901269854279e-02 9.986570965933071475e-01 -4.752647139249362856e-02 -5.094433585855036917e+00 7.220285146669244147e-01 4.775669148456697377e-02 6.902131062962180152e-01 7.341321585895055080e+01
6.865915534773007201e-01 -2.059734045271593983e-02 -7.267515245485073327e-01 -4.234953359977465936e+01 -2.139608304323978305e-02 9.985932360625280335e-01 -4.851552899691975729e-02 -5.158209217745519659e+00 7.267284601150564294e-01 4.885998821690898386e-02 6.851849798436101535e-01 7.419589295746514779e+01
6.818190557834954424e-01 -2.043957237344940989e-02 -7.312352488169823195e-01 -4.320685296711712198e+01 -2.079976268046758447e-02 9.986637262117240565e-01 -4.730889825452662401e-02 -5.231930419384893227e+00 7.312251045847610875e-01 4.746562778456025339e-02 6.804828216131365570e-01 7.497177794037342835e+01
6.769028739899674019e-01 -2.075914719447819953e-02 -7.357795505027014960e-01 -4.406990060625123107e+01 -1.979851884648857474e-02 9.987270832970570611e-01 -4.639215204613888338e-02 -5.305445508332809368e+00 7.358060386310835144e-01 4.597032613837537945e-02 6.756302336719791635e-01 7.575761094257579487e+01
6.715876252904833255e-01 -2.127620794462927248e-02 -7.406195881527989355e-01 -4.493069277043029786e+01 -1.957493930292122236e-02 9.987291986888728879e-01 -4.644146281150756533e-02 -5.379576071276435556e+00 7.406665188085111984e-01 4.568709499334002583e-02 6.703176914070014814e-01 7.653294042226895044e+01
6.668924330531517120e-01 -2.196985940837718754e-02 -7.448300462054442406e-01 -4.581610207642627586e+01 -1.919430142738490566e-02 9.987271118562999206e-01 -4.664477318433768449e-02 -5.444108408007054756e+00 7.449067528326274168e-01 4.540353847570507972e-02 6.656218585145220468e-01 7.730922236932293856e+01
6.623042160838462644e-01 -2.272575575638644679e-02 -7.488902823482096460e-01 -4.671739041588000418e+01 -1.838193394867501315e-02 9.987461403755862888e-01 -4.656448879730319679e-02 -5.510933898615397730e+00 7.490095051843382867e-01 4.460590872360802039e-02 6.610560372691246522e-01 7.809156123775457559e+01
6.583757261926760362e-01 -2.374197336107684159e-02 -7.523149017441874697e-01 -4.759699965140829647e+01 -1.667951730351901682e-02 9.987967664059524964e-01 -4.611738439947010715e-02 -5.582949699818343881e+00 7.525046218802606823e-01 4.291081561619394802e-02 6.571875427931563873e-01 7.886303526991983404e+01
6.542839904914459215e-01 -2.645977600006437294e-02 -7.557859018781997174e-01 -4.850436628375525316e+01 -1.372734933312858528e-02 9.988075309075689079e-01 -4.685163924656856466e-02 -5.653186028256093287e+00 7.561243474814325349e-01 4.102921431588767848e-02 6.531405555190190615e-01 7.962431133661029037e+01
6.503976789456081820e-01 -3.042747000945048366e-02 -7.589842011844748493e-01 -4.942208152294685419e+01 -1.144449147588794471e-02 9.986914227404579680e-01 -4.984441563659813140e-02 -5.739878122224049584e+00 7.595076642911048337e-01 4.110488019242792418e-02 6.491983574687597569e-01 8.041519781167289693e+01
6.455760879428830146e-01 -3.474419497795359912e-02 -7.629052004335041826e-01 -5.031115437400391954e+01 -7.367570736730987349e-03 9.986347444774618110e-01 -5.171427293071417797e-02 -5.804739363707138722e+00 7.636604238623363461e-01 3.900625575262534062e-02 6.444387323717367666e-01 8.118272891318818552e+01
6.388875951150607690e-01 -3.871672381201948787e-02 -7.683252209982186498e-01 -5.125804368307468195e+01 -1.698892787887935039e-03 9.986593415268144591e-01 -5.173618979092718673e-02 -5.881700689353467126e+00 7.692982283394613763e-01 3.435891172178286157e-02 6.379652905549797470e-01 8.194428888658352150e+01
6.307618760465100172e-01 -4.235193823082421954e-02 -7.748198229272960091e-01 -5.217425941410941448e+01 3.104054470581563922e-03 9.986391840279993382e-01 -5.205905252577909537e-02 -5.964267075117514416e+00 7.759702509212771382e-01 3.043178233136461727e-02 6.300349890144621989e-01 8.269427077502551526e+01
6.216011352691781511e-01 -4.322331373343811511e-02 -7.821405005076570438e-01 -5.311110846012886810e+01 5.408572177148583508e-03 9.986895170540588396e-01 -5.089200182820586421e-02 -6.045105159031005648e+00 7.833152532197956708e-01 2.740426236006475447e-02 6.210203150852341425e-01 8.343874688588697097e+01
6.126621473292790387e-01 -4.274004703349710416e-02 -7.891884250120113631e-01 -5.407839575389242981e+01 7.437030100339822244e-03 9.988042822367597662e-01 -4.831869559181843632e-02 -6.113991425639061283e+00 7.903099353785513204e-01 2.373381728336678917e-02 6.122474364345884545e-01 8.419253694412908828e+01
6.040505960118333073e-01 -4.223876301535470917e-02 -7.958258306570932250e-01 -5.506457242237318184e+01 6.615244241226234459e-03 9.988258167946205690e-01 -4.799193916470900073e-02 -6.196762182294357935e+00 7.969185192543710716e-01 2.372497676488250981e-02 6.036207507913846637e-01 8.492387345599271953e+01
5.944643354920741141e-01 -4.324322791555408607e-02 -8.029583832668516497e-01 -5.604784819881143676e+01 5.022415219465777708e-03 9.987331655219982007e-01 -5.006834738459681883e-02 -6.261227583574738631e+00 8.041062987592103584e-01 2.573105601790564440e-02 5.939284341423713975e-01 8.563141777704181834e+01
5.843108346315002422e-01 -4.549291312165494594e-02 -8.102538067669177169e-01 -5.706701911492314139e+01 6.069925702518349370e-03 9.986445713308436112e-01 -5.169309555778969084e-02 -6.354248646881801577e+00 8.115072490611896505e-01 2.528665495995663023e-02 5.837949827077957288e-01 8.636394652948170858e+01
5.743776040888256551e-01 -4.636223059652429257e-02 -8.172765133628812073e-01 -5.805447662204837656e+01 5.127082004470536608e-03 9.985790233858390375e-01 -5.304382206767863789e-02 -6.418708801472578607e+00 8.185744266098773370e-01 2.627693928798227260e-02 5.737991310441570292e-01 8.705387641133611965e+01
5.644414049537650468e-01 -4.762705402385029874e-02 -8.240980231194990901e-01 -5.907553057048651368e+01 8.581131523887451304e-03 9.986187566423258000e-01 -5.183573124996804227e-02 -6.507336419214754031e+00 8.254285406439378914e-01 2.218653896792837851e-02 5.640704691774711677e-01 8.774314164132016458e+01
5.541400485361421824e-01 -4.749018096861942068e-02 -8.310676727778150141e-01 -6.011385584904714108e+01 9.701734996764868613e-03 9.986719391683116509e-01 -5.059875714981290629e-02 -6.591458080592875746e+00 8.323669228816532595e-01 1.997599891079915660e-02 5.538648551536664577e-01 8.845328430941113140e+01
5.437249922429658877e-01 -4.798782204972424498e-02 -8.378903800441569460e-01 -6.115081522597427011e+01 1.021545463305347304e-02 9.986684296389984894e-01 -5.056690713684798555e-02 -6.674003502148904587e+00 8.392012803036973390e-01 1.893505950507235955e-02 5.434912027480983676e-01 8.910963081919381068e+01
5.333505091264738596e-01 -4.897514093856926432e-02 -8.444753738412369426e-01 -6.221931288638428725e+01 9.286052342000764015e-03 9.986013681988574753e-01 -5.204879088098648271e-02 -6.753791678185438130e+00 8.458433752252260129e-01 1.991840607659895596e-02 5.330593350447455636e-01 8.977411227947564498e+01
5.232175449345420892e-01 -4.993252594720135745e-02 -8.507350529910032710e-01 -6.328400431900328016e+01 8.877841927544222883e-03 9.985471770420893955e-01 -5.314808663313616566e-02 -6.824993857601531211e+00 8.521529185266951689e-01 2.025531956630459776e-02 5.229006967336351508e-01 9.041378462087088508e+01
5.135220683861857482e-01 -5.015471689154461787e-02 -8.566093487401509332e-01 -6.435816738026665007e+01 6.654677665881977497e-03 9.984930853219226021e-01 -5.447268858060473617e-02 -6.912719232044953976e+00 8.580505886500920942e-01 2.227246810610945121e-02 5.130819991140223024e-01 9.105262509383084080e+01
