7.776227022712880466e-01 -6.283705065112923371e-01 2.129411794468580657e-02 -6.595807290378949972e+01 6.274030482248456053e-01 7.777350923764441148e-01 3.864636029923498861e-02 2.571174814788696850e+01 -4.084541578283323177e-02 -1.669229262108566647e-02 9.990260353847540964e-01 -8.851881421678439166e-01 -4.809208017785018303e-24 -1.416202385148814181e-23 -3.430527606006730092e-24 9.999999999999997780e-01
7.495275095401685572e-01 -6.613916199374695326e-01 2.774234162797104344e-02 -6.555808575813169625e+01 6.606373025584350023e-01 7.500188775493386029e-01 3.209420178080576308e-02 2.609070501976261980e+01 -4.203411603480825681e-02 -5.727861391689640681e-03 9.990997571279107703e-01 -8.929399269600910571e-01 -4.809208017785018303e-24 -1.416202385148814181e-23 -3.430527606006730092e-24 9.999999999999997780e-01
7.211189941954637694e-01 -6.927160385445858548e-01 1.148416969654557362e-02 -6.520579800129566195e+01 6.923634452825144781e-01 7.211497778091878752e-01 2.399703319759046577e-02 2.648758464153089065e+01 -2.490493619844471110e-02 -9.353497145812312424e-03 9.996460654872275642e-01 -9.019587086957252531e-01 1.730978652696828056e-19 1.908215977439237811e-18 -6.519169443508336337e-22 9.999999999999998890e-01
6.910028618524705069e-01 -7.227133396381203445e-01 -1.415887074632445758e-02 -6.487011532220725485e+01 7.228481192673654743e-01 6.909309218632281313e-01 1.024976511255453956e-02 2.690142589604814205e+01 2.375159642299567216e-03 -1.731733011602128863e-02 9.998472226767075588e-01 -9.076793395398679021e-01 -8.230667452653704116e-19 3.558283634463318199e-18 4.163475421258120926e-20 1.000000000000000000e+00
6.563135438887850448e-01 -7.539504316090638314e-01 -2.848295603778771418e-02 -6.453099189786844647e+01 7.540006855051620827e-01 6.567788446297035954e-01 -1.115865155909174546e-02 2.732356710829004953e+01 2.712007311728915210e-02 -1.415259422793789697e-02 9.995319933402485590e-01 -9.273212722463287649e-01 -7.550567669132319822e-19 3.232532437399658466e-18 8.693522729528604623e-20 1.000000000000000000e+00
6.189200473950080550e-01 -7.849592892626805485e-01 -2.787273098906621963e-02 -6.419357171478630164e+01 7.842494803185744434e-01 6.195462032195871993e-01 -3.339542927168200753e-02 2.776736874373307984e+01 4.348249708335849562e-02 -1.190074125628672779e-03 9.990534801355571703e-01 -9.386155503580418946e-01 -3.639379748892802454e-18 4.838388328870193470e-18 1.772119279074112436e-19 1.000000000000000222e+00
5.861144878327614327e-01 -8.099224676065210904e-01 -2.225766426884585522e-02 -6.386850167206938522e+01 8.089642399336847145e-01 5.865131319279528466e-01 -3.973920714583650815e-02 2.825829369273474256e+01 4.524008909200428336e-02 5.286070585215788507e-03 9.989621573396616494e-01 -9.604421073902095207e-01 -7.088357470829978994e-18 6.749936157409613896e-18 2.729558186922242104e-19 1.000000000000000444e+00
5.573307373333660220e-01 -8.301376581261206145e-01 -1.593479790674709462e-02 -6.356583175464374591e+01 8.297929874499854197e-01 5.575584783628488861e-01 -2.391947291505736040e-02 2.876342548681014222e+01 2.874103690322234173e-02 1.084739169226424442e-04 9.995868851836389180e-01 -9.314314449830489728e-01 -8.912725565106611268e-18 7.486426749868935967e-18 3.438790045595071228e-19 1.000000000000000222e+00
5.286395218834687437e-01 -8.488097590905198109e-01 -7.889789320043815585e-03 -6.328480937967044895e+01 8.487700348807254436e-01 5.286938088988394346e-01 -8.502018619896741652e-03 2.927576551610529876e+01 1.138787914356110577e-02 -2.202113698109006267e-03 9.999327311893844161e-01 -8.754936252609796243e-01 -9.279670739159516620e-18 6.709390218683891117e-18 3.930062717697054847e-19 1.000000000000000000e+00
4.987607747314117268e-01 -8.667169478326309795e-01 -6.278688478900689221e-03 -6.301036802671550419e+01 8.667023721294773164e-01 4.987934351067344618e-01 -5.666325049451012563e-03 2.979473743781407080e+01 8.042868546643943545e-03 -2.615613526981502412e-03 9.999642347761276140e-01 -8.681654833058785048e-01 -1.197831007485899121e-17 4.982211840127986661e-18 4.548456573640136189e-19 9.999999999999997780e-01
4.712295930106518704e-01 -8.820001319291496111e-01 -4.293943174288663081e-03 -6.274866119931820663e+01 8.818804008253631199e-01 4.712380983669071655e-01 -1.488668155248514327e-02 3.031711174240909656e+01 1.515352470922707272e-02 3.228300561593238412e-03 9.998799671782390153e-01 -8.632155396312263251e-01 -1.635216258090908940e-17 3.514991681329935496e-18 5.178260765194264067e-19 9.999999999999996669e-01
4.457869523432734238e-01 -8.951227607915400730e-01 -5.407054043920074722e-03 -6.250040894523623081e+01 8.948715379732631314e-01 4.457932549742492090e-01 -2.175555894109845734e-02 3.085403963614397327e+01 2.188432420398102665e-02 4.859725548688760728e-03 9.997486981345409252e-01 -8.587373700319543834e-01 -2.071075573072354324e-17 2.351303751386952343e-18 6.211991888849427012e-19 9.999999999999992228e-01
4.227005856544416296e-01 -9.062512048475881432e-01 -5.741828950276008092e-03 -6.226174177119592912e+01 9.060090947966202846e-01 4.227225353138743258e-01 -2.128798448960331213e-02 3.140969288005529592e+01 2.171946208368063375e-02 3.796294261440314680e-03 9.997568970087961082e-01 -8.542552232078640673e-01 -2.525137324751645545e-17 3.008066556909050846e-18 7.447179716748886343e-19 9.999999999999988898e-01
4.030713917200424157e-01 -9.151546949980224888e-01 -5.033626918346578716e-03 -6.202885013650760015e+01 9.150467883561373972e-01 4.031013875875028019e-01 -1.409419895418788371e-02 3.198806947612805374e+01 1.492743434054661679e-02 1.074964242226103192e-03 9.998880018061344632e-01 -8.475092104625197020e-01 -3.029330640374401466e-17 4.733471106585274688e-18 8.737550388530086360e-19 9.999999999999985567e-01
3.858853935664196544e-01 -9.225440287668014161e-01 -2.231147421929114208e-03 -6.180179189290479513e+01 9.225292870019542457e-01 3.858918409321077658e-01 -5.215527366281909501e-03 3.257186867584085377e+01 5.672535214674883156e-03 -4.570300995641642116e-05 9.999839099982800183e-01 -8.428796289350066751e-01 -3.515515330731923816e-17 6.458800994633468004e-18 9.683862262943341694e-19 9.999999999999983347e-01
3.696090799323722420e-01 -9.291862544845836958e-01 1.425660712786674554e-03 -6.157720702132788659e+01 9.291856437232109966e-01 3.696109056872504128e-01 1.348293642910778842e-03 3.316100383170133625e+01 -1.779755667254427545e-03 8.263618943041749427e-04 9.999980747960253158e-01 -8.398798522814371337e-01 -4.103717214454403496e-17 9.263746515127175808e-18 1.025485838423085370e-18 9.999999999999977796e-01
3.555040712499096811e-01 -9.346729303639816910e-01 1.835366328778972747e-03 -6.136152262206042707e+01 9.346676762318087972e-01 3.555083321466875890e-01 3.187598112585610793e-03 3.375829676367175836e+01 -3.631849691131866075e-03 5.822534750183103007e-04 9.999932353014602260e-01 -8.408838783212524426e-01 -4.787276604122620180e-17 1.326674599072095383e-17 1.031297356185518906e-18 9.999999999999973355e-01
3.425313104626054317e-01 -9.395063386509678871e-01 3.754829410267854738e-04 -6.115745373350425496e+01 9.395038498377459302e-01 3.425312820501500433e-01 2.199308334945230918e-03 3.435820605700018149e+01 -2.194878774502559242e-03 -4.005642974403956190e-04 9.999975110245906684e-01 -8.460484691437061278e-01 -5.313266869054196377e-17 1.661810553548264825e-17 1.033021637271469829e-18 9.999999999999967804e-01
3.303239604365624804e-01 -9.438575990734301424e-01 -4.349003663014158923e-03 -6.096073463236631085e+01 9.438675255329672664e-01 3.303183769397738945e-01 1.965731458112281258e-03 3.497124570151876810e+01 -4.188147432001761432e-04 -4.754211526345206509e-03 9.999886109686143554e-01 -8.506333480040286776e-01 -5.904487509731526554e-17 2.302757558678483563e-17 1.045865031160119675e-18 9.999999999999963363e-01
3.199051217248850554e-01 -9.474209720916203503e-01 -7.363065609705595274e-03 -6.076517834720917932e+01 9.474495693129232343e-01 3.198967967684525626e-01 2.313660748476304308e-03 3.559859767585677304e+01 1.634103875345574322e-04 -7.716285264114018660e-03 9.999702156758124572e-01 -8.572599922362993397e-01 -6.417312583261433071e-17 2.812178577698732879e-17 1.091712732443965527e-18 9.999999999999960032e-01
3.118068383619663764e-01 -9.500989781991187044e-01 -9.403572497876658970e-03 -6.057008944969948772e+01 9.501454149855079745e-01 3.117960265941032705e-01 2.632144024528484168e-03 3.622770159190742589e+01 4.311991924561580009e-04 -9.755481799747611760e-03 9.999523211844012494e-01 -8.601381539978336654e-01 -6.947247057927008751e-17 3.212092871252805705e-17 1.157783923956245255e-18 9.999999999999957812e-01
3.058070632282630652e-01 -9.520292511936130353e-01 -1.106096521341288011e-02 -6.037322708474590627e+01 9.520917373143411577e-01 3.058082377545119357e-01 1.626486784214778306e-03 3.686852911587123316e+01 1.834071284532083493e-03 -1.102844473327711620e-02 9.999375028416759292e-01 -8.579574469304332984e-01 -7.396585414704747793e-17 3.602494372505652156e-17 1.224132961255535723e-18 9.999999999999954481e-01
3.012100095794876253e-01 -9.534726777491930871e-01 -1.274295550211671131e-02 -6.017333988316222815e+01 9.535552283182382460e-01 3.012134927951358732e-01 1.690652278582910383e-03 3.752042204457577412e+01 2.226359380129404753e-03 -1.266035323230290700e-02 9.999173759765853653e-01 -8.588298397602225354e-01 -7.859589563846024451e-17 4.191666192337674294e-17 1.329747386203607421e-18 9.999999999999948930e-01
2.978590762579872986e-01 -9.545240519736210016e-01 -1.279862862268920862e-02 -5.997385613326817122e+01 9.546062861482984552e-01 2.978678405006893737e-01 1.260175237549486472e-03 3.817441586705155743e+01 2.609432295275788700e-03 -1.259300596948186718e-02 9.999173001122160231e-01 -8.649123373516317548e-01 -8.383080695002803176e-17 4.753814327789127028e-17 1.467270372466183301e-18 9.999999999999945599e-01
2.956430019351520833e-01 -9.552251615046550848e-01 -1.183664797155669496e-02 -5.977061488633765407e+01 9.552892650027478005e-01 2.956719188630371198e-01 -7.325069143716819503e-04 3.883351730566728577e+01 4.199473454248571491e-03 -1.109086219774720050e-02 9.999296761264619970e-01 -8.672163773010073129e-01 -8.975756031919013073e-17 5.298128282646339597e-17 1.574664090790718256e-18 9.999999999999938938e-01
2.947582548704679173e-01 -9.555080323657814123e-01 -1.104406040442264432e-02 -5.956639519214235179e+01 9.555583009672162786e-01 2.947959458734627503e-01 -1.919309572927325059e-03 3.950205548018659130e+01 5.089659946742689303e-03 -9.987511255562983234e-03 9.999371705164776802e-01 -8.647396813535931370e-01 -9.476577743775609449e-17 5.512188130276576242e-17 1.686325459155398806e-18 9.999999999999930056e-01
2.944640332802831995e-01 -9.556022279633860084e-01 -1.073848293523252048e-02 -5.936021430936427379e+01 9.556512968268133790e-01 2.944965319043278407e-01 -1.546470035937918749e-03 4.018075279048255766e+01 4.640256194169772863e-03 -9.806865338884172140e-03 9.999411449753577985e-01 -8.636144331313128086e-01 -1.001567413590481177e-16 5.637450599477107413e-17 1.791494158073825491e-18 9.999999999999917843e-01
2.934189373580489146e-01 -9.559062647513648647e-01 -1.218770728222823112e-02 -5.915274432921052750e+01 9.559790339959315375e-01 2.934344969810598336e-01 5.315465140137806861e-04 4.087125331128991235e+01 3.068185112969952152e-03 -1.180715844759422546e-02 9.999255858559960020e-01 -8.643335644962633069e-01 -1.063613263728531663e-16 6.021339304935563640e-17 1.909278064841145364e-18 9.999999999999904521e-01
2.928712958723241888e-01 -9.560929119772201279e-01 -1.061827297710743294e-02 -5.894455313062550061e+01 9.561516022956549898e-01 2.928447981158690538e-01 4.004702728739455674e-03 4.156622164039529821e+01 -7.193618871935832061e-04 -1.132554119842960234e-02 9.999356052441517040e-01 -8.659786676228211633e-01 -1.131237985867059736e-16 6.589885325749545589e-17 2.026205457607827965e-18 9.999999999999890088e-01
2.923810733371754456e-01 -9.562797892152040680e-01 -6.501745362484798001e-03 -5.872726033193297468e+01 9.562978632709132620e-01 2.923533500331976231e-01 4.890340261117005587e-03 4.226824936767238938e+01 -2.775726516296051546e-03 -7.647448132211465133e-03 9.999669053920342554e-01 -8.721865649043294422e-01 -1.205574263448917338e-16 7.293903770748944560e-17 2.144555773536091284e-18 9.999999999999876765e-01
2.918155748176194386e-01 -9.564725477136919451e-01 -1.983875997872341142e-03 -5.850673934775512208e+01 9.564737873390765088e-01 2.918119852483729848e-01 1.912955478510756447e-03 4.296825144046266587e+01 -1.250770606757531378e-03 -2.455755591864196112e-03 9.999962024114450454e-01 -8.773920528333397639e-01 -1.290680258490147101e-16 8.084366454749239120e-17 2.214489645960697063e-18 9.999999999999861222e-01
2.914869062855570681e-01 -9.565747978204843793e-01 1.990949752570189159e-04 -5.828335900573167550e+01 9.565707715684846901e-01 2.914850613548948255e-01 -2.969509694050919118e-03 4.368187993628090737e+01 2.782524924145693759e-03 1.056021627995140351e-03 9.999955711768511168e-01 -8.778540143867710199e-01 -1.360488104595647789e-16 8.712603208646540426e-17 2.250462601530833818e-18 9.999999999999844569e-01
2.912554207995892708e-01 -9.566390273509456366e-01 -3.471484398244772604e-03 -5.806732575129088048e+01 9.566249140085297809e-01 2.912709938810245092e-01 -5.475584146837346455e-03 4.440621366467504316e+01 6.249300203339340325e-03 -1.726114899147844885e-03 9.999789831662829753e-01 -8.777998920249612258e-01 -1.410497995567284628e-16 8.995154685845304331e-17 2.297164556311048448e-18 9.999999999999825695e-01
2.908965547602954116e-01 -9.567056539341386445e-01 -9.668824079512314609e-03 -5.784935981422732709e+01 9.567061452026454083e-01 2.909686089343220261e-01 -7.114797701718579906e-03 4.514545345062850146e+01 9.620091480289727146e-03 -7.180553274512006118e-03 9.999279441512440858e-01 -8.788692542287974696e-01 -1.462912252133036826e-16 9.023794674634997553e-17 2.362259282229798593e-18 9.999999999999806821e-01
2.902755033966284981e-01 -9.569053668522958800e-01 -8.500059831941828709e-03 -5.762430094470996522e+01 9.568917308688486001e-01 2.903405164361876900e-01 -7.784594427656696229e-03 4.587976629625741509e+01 9.917031947949597054e-03 -5.873959898854357910e-03 9.999335723298826695e-01 -8.795370274993707937e-01 -1.518615444758906599e-16 8.940864001037321836e-17 2.439940734198671713e-18 9.999999999999789058e-01
2.897618210242070558e-01 -9.570913783257575247e-01 -3.765715241244330710e-03 -5.738961509805488248e+01 9.570622434274961288e-01 2.897828964358675208e-01 -7.598364217595820515e-03 4.662277060546935559e+01 8.363568751812752722e-03 -1.402308024403658678e-03 9.999640414784365383e-01 -8.814108252670510568e-01 -1.570606244226967916e-16 8.858330328428673097e-17 2.514614372405304943e-18 9.999999999999770184e-01
2.900742032523989100e-01 -9.569963387757055573e-01 -3.868355907052752757e-03 -5.716030401865085508e+01 9.569921729763319895e-01 2.900884299279076206e-01 -3.831929542159022081e-03 4.738665411645761338e+01 4.789307833784604319e-03 -2.590442416479961721e-03 9.999851759593790801e-01 -8.775071051011111845e-01 -1.619784855641264367e-16 8.647069901283769340e-17 2.605012952555288413e-18 9.999999999999751310e-01
2.912640796525776121e-01 -9.566264750865263178e-01 -5.569835519018318318e-03 -5.692937248773943537e+01 9.566426444944122753e-01 2.912573376347376564e-01 2.003499108795982805e-03 4.815872159229071769e+01 -2.943448259409633949e-04 -5.911889504325640310e-03 9.999824813083284525e-01 -8.755117168579742426e-01 -1.660780891177859141e-16 8.477162192832731647e-17 2.673779060519783379e-18 9.999999999999729106e-01
2.910515627813065609e-01 -9.566763935972255606e-01 -7.698424281063312967e-03 -5.669446248277883171e+01 9.566950717048314790e-01 2.909976016814568855e-01 7.411854784389220949e-03 4.894419826519185790e+01 -4.850523502466993174e-03 -9.522276487695467001e-03 9.999428977057602808e-01 -8.817566738732721676e-01 -1.705703876770348411e-16 8.124915593465338854e-17 2.713198290527797206e-18 9.999999999999706901e-01
2.908081350269791643e-01 -9.567753049602726323e-01 -3.412392174738080545e-03 -5.644927198693617498e+01 9.567500542280590325e-01 2.907678960574139326e-01 9.130408368146497242e-03 4.973018515083340674e+01 -7.743535157660275635e-03 -5.920003427807822224e-03 9.999524944829253359e-01 -8.981159706489846295e-01 -1.757654113902912278e-16 7.519106571686843654e-17 2.703355704415084635e-18 9.999999999999686917e-01
2.901851719947770580e-01 -9.569669521982125948e-01 2.611197976651630660e-03 -5.620446819928384485e+01 9.569357751142046897e-01 2.901968071712219821e-01 7.728868883849598394e-03 5.051314330395361907e+01 -8.154033415419347994e-03 2.559456133750890455e-04 9.999667225617310251e-01 -9.087073513331468400e-01 -1.796195411463349076e-16 6.837279679299547230e-17 2.706734120729092529e-18 9.999999999999668043e-01
2.893652710440040021e-01 -9.572175284717456822e-01 1.530718825339708392e-03 -5.596719755974697819e+01 9.571989883644975716e-01 2.893692025596726891e-01 5.963328263748957948e-03 5.130233488314689794e+01 -6.151145227908751990e-03 -2.603775882818078744e-04 9.999810476283249594e-01 -9.110698437988913323e-01 -1.826091216384869366e-16 6.031839303430997953e-17 2.758791790890078175e-18 9.999999999999649170e-01
2.900090885532327079e-01 -9.570022301586026403e-01 -6.438946189800840054e-03 -5.573920205935387173e+01 9.570185220820267569e-01 2.899783602370623048e-01 5.300847684932789329e-03 5.211041616524325804e+01 -3.205767998424218293e-03 -7.699484771999271296e-03 9.999652198880369935e-01 -9.202285930059195262e-01 -1.839352644218887600e-16 5.057580384473394660e-17 2.822040403101953156e-18 9.999999999999631406e-01
2.892695450948676861e-01 -9.572087320797878496e-01 -8.635595570999495332e-03 -5.549470447864974432e+01 9.572466094225564603e-01 2.892709720524552219e-01 1.110620038600039711e-03 5.290927201372547728e+01 1.434931926118845858e-03 -8.587663134025990547e-03 9.999620957877385363e-01 -9.305805948672337680e-01 -1.846515227211534075e-16 4.284442179135655026e-17 2.833327203241146874e-18 9.999999999999613642e-01
2.884398421544963065e-01 -9.574662610492449266e-01 -7.798487694545986476e-03 -5.524697466012570146e+01 9.574810365702297599e-01 2.884736684284684993e-01 -3.606554012597372027e-03 5.371017088827525043e+01 5.702812139168860275e-03 -6.426630211341534567e-03 9.999630874976199735e-01 -9.316650776988256721e-01 -1.861317532905869420e-16 3.351213491807714519e-17 2.861904512370721311e-18 9.999999999999598099e-01
2.885968151710237017e-01 -9.574007924757039767e-01 -9.777568209473676622e-03 -5.500339475720420523e+01 9.574242482666465159e-01 2.886497239206077814e-01 -4.488397445943475596e-03 5.452346454460149516e+01 7.119487635987091848e-03 -8.065943684712638048e-03 9.999421250493530922e-01 -9.281553299667267831e-01 -1.870320276854803374e-16 2.490390595761844999e-17 2.888172896320369312e-18 9.999999999999581446e-01
2.889127583901187624e-01 -9.572327774529801880e-01 -1.532409244043297925e-02 -5.476827136110304650e+01 9.573401459565301641e-01 2.889615782341120043e-01 -1.025302108933253114e-03 5.535144905023562956e+01 5.409526722070951213e-03 -1.437414603310297086e-02 9.998820535175142465e-01 -9.267179598509015515e-01 -1.876829554158548155e-16 1.693011466031323645e-17 2.903688744636748393e-18 9.999999999999563682e-01
2.889979028890268253e-01 -9.572500896245512703e-01 -1.234819985228336262e-02 -5.451972017344233734e+01 9.573297268466576249e-01 2.889727973690207063e-01 3.810049404663232858e-03 5.617965232337838444e+01 -7.887628028610951597e-05 -1.292239507948797841e-02 9.999164992557524334e-01 -9.277104837873946241e-01 -1.882986653524862664e-16 8.962035628692103516e-18 2.877975713629367197e-18 9.999999999999544809e-01
2.880452429955098759e-01 -9.575981951230700950e-01 -5.969479437648054707e-03 -5.426317972941382806e+01 9.576014578218449147e-01 2.879997436178072245e-01 7.456249298304338559e-03 5.700758127955943166e+01 -5.420882322853404732e-03 -7.864119352896360715e-03 9.999543837903711596e-01 -9.350776659551499614e-01 -1.895001233146833552e-16 1.069115084800120978e-18 2.863708079664162722e-18 9.999999999999525935e-01
2.876119642074795868e-01 -9.577042343112331935e-01 -9.053045184402908757e-03 -5.401599781660711841e+01 9.577160755731711772e-01 2.875138360410537941e-01 1.075698255692848077e-02 5.784689979667717097e+01 -7.699131994345738243e-03 -1.176408378813866354e-02 9.999011599648707227e-01 -9.445500336843796196e-01 -1.915817856903632623e-16 -5.848924848911205568e-18 2.862033809376155905e-18 9.999999999999510392e-01
2.881300354815346521e-01 -9.575379999219152394e-01 -1.010254220523054344e-02 -5.376705614577491588e+01 9.575638495087239743e-01 2.880258734676769961e-01 1.060991645904284762e-02 5.867565707189496038e+01 -7.249604642608619733e-03 -1.273086480966672054e-02 9.998926783978653310e-01 -9.610487280346909911e-01 -1.942864439613213629e-16 -1.073628794044936954e-17 2.826334936071768027e-18 9.999999999999497069e-01
2.863014464304232121e-01 -9.581213512079955752e-01 -5.912540170947395979e-03 -5.351331925828506542e+01 9.581362632136507518e-01 2.862787285906105983e-01 4.403484027675696848e-03 5.950615502883260177e+01 -2.526437583722839029e-03 -6.925742991949848139e-03 9.999728252293039743e-01 -9.573827540464687758e-01 -1.979826143123886643e-16 -1.975348439418267999e-17 2.755842501107779938e-18 9.999999999999481526e-01
2.858733120886015611e-01 -9.582537836169510159e-01 -5.112300788373210642e-03 -5.326288253148678820e+01 9.582648228450399985e-01 2.858808911965552979e-01 -8.033346054274977978e-04 6.034469912312665230e+01 2.231307530623700009e-03 -4.669286084932403914e-03 9.999866094273914818e-01 -9.607093352692395172e-01 -2.010661231967146194e-16 -2.805688525357931964e-17 2.723935029495218874e-18 9.999999999999468203e-01
2.858510716714123268e-01 -9.582431217070999097e-01 -7.699644498117956017e-03 -5.301560338779221837e+01 9.582664855716040986e-01 2.858715228244104178e-01 -1.677816546968589288e-03 6.119386599860690978e+01 3.808865263520172517e-03 -6.898705615343422685e-03 9.999689497210224598e-01 -9.676565442980542553e-01 -2.033641548039421377e-16 -3.667459005706309097e-17 2.742250353651818254e-18 9.999999999999454880e-01
2.850980150317734552e-01 -9.584779978711280846e-01 -6.248953669014727964e-03 -5.276024057249858146e+01 9.584981161135412986e-01 2.850966093291470438e-01 1.133470726760001058e-03 6.203782726690453586e+01 6.951487500784074049e-04 -6.312760573727305841e-03 9.999798327076799831e-01 -9.702752262937676120e-01 -2.058369664346277790e-16 -4.331815171170229875e-17 2.765952732675274180e-18 9.999999999999444888e-01
2.843375652895607786e-01 -9.587217944185083551e-01 -2.160988713957788260e-03 -5.250225293200568899e+01 9.587183285630951346e-01 2.843271841551214263e-01 4.149557528664199989e-03 6.289039028551045618e+01 -3.363843403874984279e-03 -3.251654572618362538e-03 9.999890555901189693e-01 -9.693632918619270455e-01 -2.093953477727402124e-16 -4.967790927336376606e-17 2.798759313663243596e-18 9.999999999999433786e-01
2.836653361120470285e-01 -9.589233395944124494e-01 -7.661331592006316051e-05 -5.225458101778396269e+01 9.589034432270709951e-01 2.836589339192348014e-01 6.464965209197474916e-03 6.374434806489544769e+01 -6.177673977228993751e-03 -1.907351301451945058e-03 9.999790989591555990e-01 -9.656347781381847684e-01 -2.108074880588061899e-16 -5.674008016759180711e-17 2.828957693897295898e-18 9.999999999999421574e-01
2.834569607143558878e-01 -9.589688585496477513e-01 -5.556955517823100078e-03 -5.201350079192696541e+01 9.589789620503225143e-01 2.834299367093896516e-01 5.178930573908785938e-03 6.459629944275125979e+01 -3.391425590237058443e-03 -6.797007354871966757e-03 9.999711490455124308e-01 -9.646931784773841168e-01 -2.126055462140483109e-16 -6.493710106413384969e-17 2.864215310318194931e-18 9.999999999999410472e-01
2.835039197828518875e-01 -9.589622324804524256e-01 -4.118755142716589400e-03 -5.176127947354136438e+01 9.589706340477990310e-01 2.835053042098393261e-01 2.559666898881546282e-04 6.544514511552178249e+01 9.222265413452517772e-04 -4.022332790614376909e-03 9.999914851322706522e-01 -9.741069445022753071e-01 -2.143065873262542718e-16 -7.461108867649071855e-17 2.861231506186874175e-18 9.999999999999398259e-01
2.830116212155062705e-01 -9.591124306895085772e-01 -2.787033170398236278e-03 -5.150834218235122819e+01 9.591068986875419533e-01 2.830205877445301499e-01 -3.647437841628845944e-03 6.629764278323381177e+01 4.287090740043099195e-03 -1.640795443755946933e-03 9.999894642661053545e-01 -9.866793576710400915e-01 -2.163699134086921253e-16 -8.594442991158518548e-17 2.897014678751078933e-18 9.999999999999386047e-01
2.835452584589439606e-01 -9.589458862625277469e-01 -4.987346557440214788e-03 -5.125863071583103192e+01 9.589569384362750526e-01 2.835512559945478350e-01 -5.248323054727380664e-04 6.715511756258271703e+01 1.917454160772884015e-03 -4.633836873938865404e-03 9.999874253835787652e-01 -9.916090482302282183e-01 -2.184087224786675163e-16 -1.005893247707236145e-16 2.976074235608769824e-18 9.999999999999372724e-01
2.839134738848577699e-01 -9.588381066599110936e-01 -4.756528516189960018e-03 -5.101128240024770122e+01 9.588410545394917550e-01 2.838860469502405004e-01 5.704776654279133420e-03 6.801793315596431455e+01 -4.119645168419771956e-03 -6.180417776062693824e-03 9.999724150993906102e-01 -9.832231545825601549e-01 -2.209294220666153031e-16 -1.163978819316262747e-16 2.997779591389220730e-18 9.999999999999362732e-01
2.832236229562088425e-01 -9.590475184801725561e-01 -3.498099003158429855e-03 -5.075744862650354605e+01 9.590201479813293961e-01 2.831811724700500910e-01 9.422278093766578780e-03 6.887563412023406784e+01 -8.045816647106553143e-03 -6.023359161878193840e-03 9.999494907138026800e-01 -9.792069753464285320e-01 -2.225261036868592777e-16 -1.296565911167227813e-16 2.986582513619983235e-18 9.999999999999352740e-01
2.832340205511282294e-01 -9.590434153242264337e-01 -3.770560400977640472e-03 -5.050928309258215876e+01 9.590094689937558314e-01 2.831831053440808654e-01 1.040034750008455612e-02 6.972361835767075888e+01 -8.906625783783749320e-03 -6.561735365526522208e-03 9.999388059506657545e-01 -9.859248719196970212e-01 -2.225129928804527192e-16 -1.443779594433166745e-16 2.967796485268883377e-18 9.999999999999340528e-01
2.835778246670748182e-01 -9.589384591996067408e-01 -4.544097822686009140e-03 -5.025516959651937299e+01 9.588943879737134024e-01 2.835077485595839386e-01 1.203782452616917152e-02 7.058802025998365082e+01 -1.025524596027572143e-02 -7.770969993430341428e-03 9.999172175513111327e-01 -1.004122212623535404e+00 -2.240167005080176391e-16 -1.557554159306968909e-16 2.940000909644331103e-18 9.999999999999324984e-01
2.836516845579400425e-01 -9.589011954094424084e-01 -7.086556979943221118e-03 -5.001121364504491851e+01 9.588784258886662304e-01 2.835547851162821820e-01 1.220033618663055215e-02 7.144575499231255833e+01 -9.689489812074923714e-03 -1.025579251340724869e-02 9.999004612995243679e-01 -1.017695087728260006e+00 -2.245078436773114644e-16 -1.668860011334615698e-16 2.900596718177949127e-18 9.999999999999310552e-01
2.838085387187280206e-01 -9.588326842816735640e-01 -9.622728489448888201e-03 -4.976540628139888156e+01 9.588637297531009684e-01 2.837289684762435704e-01 8.844219101637436700e-03 7.229268055265491455e+01 -5.749879513339389500e-03 -1.173695022913589549e-02 9.999145877947753780e-01 -1.028569179259551269e+00 -2.251856097907056551e-16 -1.763505351260645070e-16 2.825877000105862380e-18 9.999999999999295008e-01
2.837821181158092232e-01 -9.588415910945929932e-01 -9.513812323759869571e-03 -4.951438665834434261e+01 9.588865597872968660e-01 2.837888837720263235e-01 6.594746801882286121e-04 7.312992533859076616e+01 2.067582428159774229e-03 -9.309813891176221476e-03 9.999545252000746620e-01 -1.021639794249853406e+00 -2.257253408379262023e-16 -1.869379589228936183e-16 2.764881458077524851e-18 9.999999999999280575e-01
2.834777922138287387e-01 -9.589359669727252067e-01 -9.063805364880753515e-03 -4.926174181070048519e+01 9.589395375127717225e-01 2.835390513031615378e-01 -6.369441187612327575e-03 7.397375117937396283e+01 8.677829018696422633e-03 -6.886046199200062529e-03 9.999386369428643340e-01 -1.019778617549796929e+00 -2.262251007223585254e-16 -1.990687949798892913e-16 2.716013184419833707e-18 9.999999999999266143e-01
2.835662329120923197e-01 -9.589060841681960046e-01 -9.450571268121928797e-03 -4.900824058291404839e+01 9.589178581136766910e-01 2.836261261082501095e-01 -5.723808142944110909e-03 7.483047121051038175e+01 8.169023371190705859e-03 -7.439242845367518599e-03 9.999389604985561286e-01 -1.018187217777669185e+00 -2.259828235627149649e-16 -2.107417287897104278e-16 2.713235357263863662e-18 9.999999999999253930e-01
2.838271087367427725e-01 -9.588417106088067410e-01 -8.046511228332081656e-03 -4.875772661957422116e+01 9.588731741169748135e-01 2.838348093882817058e-01 1.921939417669391535e-04 7.568655164558880699e+01 2.099596412864134388e-03 -7.770133612883052716e-03 9.999676078345842711e-01 -1.011339928154957768e+00 -2.257277132900099693e-16 -2.229740466394542327e-16 2.714244641756713089e-18 9.999999999999238387e-01
2.835503870448352060e-01 -9.589301862909194174e-01 -7.216358279089257755e-03 -4.850659230621617724e+01 9.589437954210646708e-01 2.834983594321838218e-01 7.448316780496202355e-03 7.654551050994669481e+01 -5.096590064656780598e-03 -9.032055103206799648e-03 9.999462219290601306e-01 -1.008625564841115096e+00 -2.257988296483184667e-16 -2.341634476766283856e-16 2.720759671726150092e-18 9.999999999999222844e-01
2.833849629432217410e-01 -9.589799564290424350e-01 -7.099714433911862195e-03 -4.825607110301938008e+01 9.589621346847472250e-01 2.832931665906420760e-01 1.168785712103085836e-02 7.739982698004403971e+01 -9.197120128781663753e-03 -1.012052026632191508e-02 9.999064896532812163e-01 -1.014364083591182464e+00 -2.267209915784248663e-16 -2.437715059742274804e-16 2.711542963913312506e-18 9.999999999999208411e-01
2.832797697715138119e-01 -9.590116515819472331e-01 -7.015993748784825693e-03 -4.800504956964962133e+01 9.589934043860038893e-01 2.831892137784657870e-01 1.164128617645521745e-02 7.825170158496942463e+01 -9.177275329005992952e-03 -1.002603259820500012e-02 9.999076238771977820e-01 -1.024187213552405940e+00 -2.285742182958256739e-16 -2.521639897864801141e-16 2.691140810253636223e-18 9.999999999999191758e-01
2.839285632262421033e-01 -9.587907056123287086e-01 -1.024469695554822840e-02 -4.775960123247003253e+01 9.588264313054358778e-01 2.838394587360694166e-01 9.329324448511118820e-03 7.910057880466371216e+01 -6.037020332074781448e-03 -1.247174790822711161e-02 9.999040003367770657e-01 -1.034110904406346565e+00 -2.317871242306942570e-16 -2.594779590003540808e-16 2.621843543055093873e-18 9.999999999999176215e-01
2.841886395881996763e-01 -9.586848747291535355e-01 -1.265417301009552978e-02 -4.751061377854458811e+01 9.587614245472083629e-01 2.841115293378156936e-01 7.561064588167439385e-03 7.994981281639394410e+01 -3.653481811100938673e-03 -1.428110160077134504e-02 9.998913452008612035e-01 -1.041165531862363824e+00 -2.351980735387736747e-16 -2.689101682564106531e-16 2.560916747356207300e-18 9.999999999999160671e-01
2.834518834956010758e-01 -9.589040562498024611e-01 -1.257142197539716337e-02 -4.725802442791186309e+01 9.589818727273687893e-01 2.833856262912234913e-01 6.808420669579796046e-03 8.080629715462089280e+01 -2.966061906823820767e-03 -1.398562545123029598e-02 9.998977971559713795e-01 -1.044713312362217872e+00 -2.385403621687565276e-16 -2.782632383726955875e-16 2.514016134322845513e-18 9.999999999999144018e-01
2.825429112906984730e-01 -9.591753345665511299e-01 -1.233615979673815220e-02 -4.700538727594094723e+01 9.592449645644868239e-01 2.824588701139015834e-01 8.129246695197243217e-03 8.166175448528127845e+01 -4.312915160886617895e-03 -1.413026019494036285e-02 9.998908612991205258e-01 -1.048888046345907377e+00 -2.427487447280734133e-16 -2.896925986406629469e-16 2.447779984155554928e-18 9.999999999999125144e-01
2.824053499092549768e-01 -9.591992250393593933e-01 -1.356705666427312704e-02 -4.675754765930142298e+01 9.592629018767818705e-01 2.822516131176520116e-01 1.219475196952592676e-02 8.251873470083917539e+01 -7.867873009945335408e-03 -1.645823734270341829e-02 9.998335976539928227e-01 -1.050116233476219296e+00 -2.465744962628793970e-16 -3.015391184845356106e-16 2.350256575416560639e-18 9.999999999999105160e-01
2.821455291363267892e-01 -9.592810171361777494e-01 -1.318448142963598961e-02 -4.650778807490873845e+01 9.593253516957107596e-01 2.819703135307318753e-01 1.369714866181315563e-02 8.337251997546864857e+01 -9.421782337693598852e-03 -1.651279654125286864e-02 9.998192624508800419e-01 -1.056243938781316949e+00 -2.495979195663269052e-16 -3.149368977861514662e-16 2.149705431185360038e-18 9.999999999999085176e-01
2.812164173919223797e-01 -9.595695616773889380e-01 -1.198260787649690039e-02 -4.625392877768093314e+01 9.596040491974230369e-01 2.810682085717546297e-01 1.267796885780392117e-02 8.422405799618093170e+01 -8.797462889955967244e-03 -1.506381202022457656e-02 9.998478315293636287e-01 -1.062239466209661032e+00 -2.540799441503278182e-16 -3.259764759146872936e-16 1.950543042926167703e-18 9.999999999999066302e-01
2.805983147181554394e-01 -9.597278630047145764e-01 -1.367533362446982093e-02 -4.601244238749807636e+01 9.597971206016739920e-01 2.804524436831432044e-01 1.165822100824088353e-02 8.507697381584451080e+01 -7.353438801488946727e-03 -1.639682300355250685e-02 9.998385225290291611e-01 -1.077763553259300622e+00 -2.586196129098247976e-16 -3.363371600712239112e-16 1.792645682537094562e-18 9.999999999999045208e-01
2.798440422853482601e-01 -9.599529709292894397e-01 -1.332687515628614046e-02 -4.576646099489786934e+01 9.600213644526343071e-01 2.797116738373467415e-01 1.097083924792948556e-02 8.593471542180694200e+01 -6.803807172629195918e-03 -1.586420887382566577e-02 9.998510064427658106e-01 -1.091102732557488464e+00 -2.629185453630706247e-16 -3.445882424788192477e-16 1.700132973634791340e-18 9.999999999999023004e-01
2.784056211150253146e-01 -9.604207731248135538e-01 -9.069105903871632970e-03 -4.551295215937206962e+01 9.604480897705378606e-01 2.783350697439250232e-01 8.309982368456578228e-03 8.677787383368887220e+01 -5.456829466674353521e-03 -1.102395124403919568e-02 9.999243448936442347e-01 -1.092865891762319075e+00 -2.674066947641890085e-16 -3.543515924231822421e-16 1.553507740374302601e-18 9.999999999998999689e-01
2.770928220866904490e-01 -9.607408640041152914e-01 -1.401999217770382410e-02 -4.527321401993545891e+01 9.608426277473456345e-01 2.770478892828571738e-01 5.090358306401213985e-03 8.762465753109491118e+01 -1.006305996764051162e-03 -1.488150787356863278e-02 9.998887578483366401e-01 -1.094069383026752051e+00 -2.739102829279858800e-16 -3.617844685334788504e-16 1.513033169006332854e-18 9.999999999998974154e-01
2.763857256931241957e-01 -9.608053582577543716e-01 -2.154052404829913392e-02 -4.504148378649000506e+01 9.610379200026745172e-01 2.764100351594008798e-01 1.899679002902541743e-03 8.847794592842517147e+01 4.128795244607161123e-03 -2.122630458693894329e-02 9.997661711836662857e-01 -1.104201822452530957e+00 -2.801548290171794922e-16 -3.727763399406039342e-16 1.405853571133174156e-18 9.999999999998948619e-01
2.750625160774589628e-01 -9.611529432460222955e-01 -2.292666435936504404e-02 -4.480578311223546706e+01 9.614119782159805672e-01 2.751105423253390470e-01 1.094369453630124550e-03 8.932655608488174437e+01 5.255510644284269728e-03 -2.234298975105716498e-02 9.997365505055250123e-01 -1.106597604899888898e+00 -2.836102865829874427e-16 -3.843015355373273523e-16 1.235185634751934593e-18 9.999999999998921973e-01
2.737756159863096173e-01 -9.615563349049562891e-01 -2.136180927409175867e-02 -4.456541871221689632e+01 9.617908717230394533e-01 2.737601237551355315e-01 3.703202941125668772e-03 9.018113253584667177e+01 2.287173303053980766e-03 -2.155943982963156105e-02 9.997649520724084526e-01 -1.094636652746014960e+00 -2.876621157340565571e-16 -3.965242988993360999e-16 1.062498245714404718e-18 9.999999999998891997e-01
2.732913284479454030e-01 -9.617530317732118084e-01 -1.851906234637732199e-02 -4.432690254777659788e+01 9.619293937085460211e-01 2.732016804529653897e-01 7.258327452363633712e-03 9.103528858285348235e+01 -1.921279479447328756e-03 -1.979766836666094904e-02 9.998021609359689643e-01 -1.085273569971594299e+00 -2.921134582568956661e-16 -4.097504313410750007e-16 9.165444902371319086e-19 9.999999999998859801e-01
2.722284190050761610e-01 -9.620365984267629234e-01 -1.942346965538091150e-02 -4.409527536908300505e+01 9.622235120212502268e-01 2.720823540581169819e-01 9.854213510548909261e-03 9.189154148563072511e+01 -4.195330698025032459e-03 -2.137231615194696427e-02 9.997627835153998221e-01 -1.089204232084651114e+00 -2.970502259583703741e-16 -4.269303225303529107e-16 7.125813896512049707e-19 9.999999999998826494e-01
2.713247435335254809e-01 -9.623281120298864399e-01 -1.753534554698260930e-02 -4.386436173217745704e+01 9.624738936902406117e-01 2.711776213978581707e-01 1.032964752451143511e-02 9.274181318381738492e+01 -5.185316904354813836e-03 -1.968000127118073664e-02 9.997928835705868211e-01 -1.098067491345678715e+00 -3.056535610579251358e-16 -4.449760798480236791e-16 4.404683794322373548e-19 9.999999999998788747e-01
2.698683295764129353e-01 -9.627929479607693075e-01 -1.417124019405076492e-02 -4.362780527777938033e+01 9.628753617863751169e-01 2.697337735044641471e-01 1.071116688498632147e-02 9.359641698134929300e+01 -6.490173848493810058e-03 -1.653574274386634610e-02 9.998422109788837053e-01 -1.110752271708627559e+00 -3.157751813281570899e-16 -4.624580432711059953e-16 2.190455495268936217e-19 9.999999999998753220e-01
2.689821520486183615e-01 -9.630403493004942028e-01 -1.420871206211954743e-02 -4.340152689648875395e+01 9.631083492532028778e-01 2.688136208071236766e-01 1.271003019580857485e-02 9.444825947954224432e+01 -8.420776582944964478e-03 -1.710330049382634277e-02 9.998182673034992085e-01 -1.115665634762681213e+00 -3.279541217735316633e-16 -4.777907278433593872e-16 1.352099630314239972e-19 9.999999999998717692e-01
2.685886053299833542e-01 -9.630678467358639860e-01 -1.898640751768652241e-02 -4.318296794792789228e+01 9.632182621782493515e-01 2.683540832844374391e-01 1.402374383434137547e-02 9.529829646938217991e+01 -8.410736793419368654e-03 -2.205467225215765673e-02 9.997213866564278462e-01 -1.114098845266681792e+00 -3.380728650181460845e-16 -4.930234338513813915e-16 5.169576533404252084e-20 9.999999999998686606e-01
2.683281745300358789e-01 -9.630376560272503328e-01 -2.363183926198155274e-02 -4.296500050364669221e+01 9.632992889025889793e-01 2.680516054132351389e-01 1.424137758107378929e-02 9.615072573005474510e+01 -7.380430431213275480e-03 -2.658589680564235960e-02 9.996192871976281591e-01 -1.118571613435265677e+00 -3.485366002963681004e-16 -5.030910043308876604e-16 4.501146319437561054e-20 9.999999999998656630e-01
2.687379382283865414e-01 -9.628566915088508926e-01 -2.620900939316432934e-02 -4.273860690027328957e+01 9.631995858328298299e-01 2.684892396864361763e-01 1.265251059362440880e-02 9.699876978204217437e+01 -5.145717484530806275e-03 -2.864471660292034969e-02 9.995764111873127744e-01 -1.127744512811637234e+00 -3.578027646522728358e-16 -5.106284058567886999e-16 3.334543729108623008e-20 9.999999999998628875e-01
2.702772327797066665e-01 -9.623836349993685202e-01 -2.771202854956707901e-02 -4.250505154597826163e+01 9.627702440742996748e-01 2.700163372074393386e-01 1.283100800613552230e-02 9.784441434240852686e+01 -4.865651680086909882e-03 -3.014824582812532933e-02 9.995335955869668609e-01 -1.141575647674160532e+00 -3.678601369853231353e-16 -5.198696047151497986e-16 -9.669115618710415194e-21 9.999999999998600009e-01
2.714152464048650293e-01 -9.620841944655150746e-01 -2.697715290044362321e-02 -4.226608114122552706e+01 9.624309080391272309e-01 2.710732053233957384e-01 1.568644660041570646e-02 9.869594331171158785e+01 -7.778899034343558089e-03 -3.022118653154528406e-02 9.995129657059129702e-01 -1.153443143885565902e+00 -3.767482518334698039e-16 -5.245501406876474758e-16 -4.131414542849089744e-21 9.999999999998575584e-01
