1.000000000000000000e+00 4.398956837314658088e-19 2.733407509747682871e-20 -8.673617379884035472e-19 -5.583667658079949532e-19 1.000000000000000000e+00 -6.100159232558060012e-19 0.000000000000000000e+00 4.145284534913582806e-20 -2.210423569125054137e-19 1.000000000000000222e+00 0.000000000000000000e+00
9.999415143357909264e-01 -9.345697713152727225e-04 1.077471586779334481e-02 9.052712769511407631e-02 9.307898705741145425e-04 9.999995035094301210e-01 3.558220329719958435e-04 -1.773201421548992185e-03 -1.077504324491531697e-02 -3.457722186421687645e-04 9.999418877472782130e-01 2.924419215219840607e-01
9.998538041365332418e-01 -2.548823403641923679e-03 1.690780519235139667e-02 1.134463647941375136e-01 2.535372601157725742e-03 9.999964522494333430e-01 8.169268666958926168e-04 -5.147000411141106069e-03 -1.690982770180014805e-02 -7.739398389999572548e-04 9.998567190980782726e-01 5.257074847314766597e-01
9.997852839416131454e-01 -6.268888183246777365e-03 1.975062244624481433e-02 9.830472921741111036e-02 6.288206509863595965e-03 9.999798093481846450e-01 -9.161570389662504910e-04 -9.795920409203656698e-03 -1.974448072442952506e-02 1.040156350226550432e-03 9.998045176606011886e-01 9.257450389667221113e-01
9.998259103983870855e-01 -6.667563090866581235e-03 1.742677622725221157e-02 9.837717523858496849e-02 6.699806063775848308e-03 9.999759495362328110e-01 -1.792466489287166710e-03 -1.063849138544473161e-02 -1.741440602437211230e-02 1.908910498901497362e-03 9.998465354763295121e-01 1.183668328655521185e+00
9.998924853151011094e-01 -1.034195161058342437e-02 1.039528153968186618e-02 9.078699783473857809e-02 1.038091495983158724e-02 9.999392669195613648e-01 -3.701224018214860530e-03 -1.180472317256835157e-02 -1.035637250423434436e-02 3.808738667776504112e-03 9.999391176691878602e-01 1.546636765894249255e+00
9.999363294209993036e-01 -1.118309667066161653e-02 -1.508466250501018556e-03 7.231250011954851176e-02 1.117552875992672626e-02 9.999253716037319606e-01 -4.935459568050208114e-03 -2.915348550486017432e-02 1.563547421280832902e-03 4.918287468117735033e-03 9.999866827959529303e-01 1.839311216368163526e+00
9.997899769601805708e-01 -1.089901955437247785e-02 -1.735549861836168870e-02 4.081606313457905588e-02 1.081266491259385773e-02 9.999287300301467063e-01 -5.061730877993926223e-03 -3.552518581521975360e-02 1.740942989442100311e-02 4.873008643277909092e-03 9.998365694283449789e-01 2.147200377001446725e+00
9.993299103167331277e-01 -6.323595532888541884e-03 -3.605194064275970417e-02 1.886726043629482347e-02 6.128511155710609018e-03 9.999659895926632514e-01 -5.519148374418652962e-03 -3.497953862764546784e-02 3.608561598414773003e-02 5.294505349397501948e-03 9.993346769747004643e-01 2.511693429526794308e+00
9.984321091911505519e-01 -3.548790382200501300e-03 -5.586348804886496350e-02 -3.754252460623484777e-02 3.202765719933450307e-03 9.999751364175317736e-01 -6.282422587642935360e-03 -5.009323670418232288e-02 5.588439504560167859e-02 6.093654777446009911e-03 9.984186506134092864e-01 2.855761135117438343e+00
9.971214495918179210e-01 -3.076334866791066019e-03 -7.575850267654705983e-02 -9.489623736334124038e-02 2.601123173428620747e-03 9.999763245895531005e-01 -6.370589830728059545e-03 -5.169303606478899138e-02 7.577630843714745768e-02 6.155194558795980958e-03 9.971058443632264678e-01 3.194867662146732012e+00
9.952944467844463405e-01 -3.406299837890031015e-03 -9.683677519337205442e-02 -1.296062335458756376e-01 2.825268474786484137e-03 9.999771797649704697e-01 -6.136595399659233556e-03 -5.993589203193880333e-02 9.685547011125174299e-02 5.834129402181436122e-03 9.952813577775357912e-01 3.587379493632922856e+00
9.932304719708974217e-01 -3.988959901011266719e-03 -1.160918488060193043e-01 -2.043571883523140897e-01 3.376588855061874415e-03 9.999793328077974941e-01 -5.471069335208741252e-03 -6.912938098833443235e-02 1.161112753958024324e-01 5.042038277574173270e-03 9.932234139253113270e-01 3.977370787168153399e+00
9.910824634465020821e-01 -3.996553259885955549e-03 -1.331900061018559955e-01 -2.722966873149933464e-01 3.358303686581220245e-03 9.999817789625998765e-01 -5.016326725864285983e-03 -7.131838196937853591e-02 1.332076295613448258e-01 4.524300882490463714e-03 9.910778267214618298e-01 4.395553425561369743e+00
9.888155123425647064e-01 -3.169079448705068320e-03 -1.491101569301952756e-01 -3.555524470460509900e-01 2.572061190968699673e-03 9.999878866912393915e-01 -4.196542388576490583e-03 -8.181085496109802291e-02 1.491216524678759814e-01 3.766085664249414332e-03 9.888116857897821799e-01 4.802573928857224672e+00
9.866513267315909497e-01 -2.688474774054102658e-03 -1.628248472509188916e-01 -4.454439945654234956e-01 2.009033430829405917e-03 9.999885755165800472e-01 -4.337351500344886757e-03 -8.932714822710063896e-02 1.628346507372640528e-01 3.952332939775530206e-03 9.866454562133550876e-01 5.209979723362336834e+00
9.844961829912589613e-01 -3.176403548079859227e-03 -1.753772373106279592e-01 -5.270242854575534208e-01 2.291949584656426293e-03 9.999836158731911784e-01 -5.245469370314606236e-03 -9.406864156698205304e-02 1.753910286679607189e-01 4.762188672210466642e-03 9.844873332829845447e-01 5.649544733267090280e+00
9.827854941581106729e-01 -5.806191925816431808e-03 -1.846590365308631854e-01 -6.193360615115425238e-01 4.618790828408786235e-03 9.999658047871190503e-01 -6.859739085855879812e-03 -1.071016808299269374e-01 1.846925542304601597e-01 5.888750492099686408e-03 9.827787054429339975e-01 6.102144312134351267e+00
9.811778588066952800e-01 -5.410868445447461136e-03 -1.930303887692455533e-01 -7.196034668014213986e-01 3.815263696327870092e-03 9.999554232729689351e-01 -8.636852670329523210e-03 -1.170140720758337805e-01 1.930685203160688868e-01 7.737826673602911029e-03 9.811547652684350362e-01 6.558525110755232923e+00
9.795612211232492816e-01 -5.776003564488972099e-03 -2.010633006984249571e-01 -8.291704300802469341e-01 3.722038060059725852e-03 9.999369753133731109e-01 -1.059206439697442208e-02 -1.159373309854204170e-01 2.011118120223077954e-01 9.627210185844243401e-03 9.795209833696166823e-01 7.018578126376587178e+00
9.780009384963009866e-01 -6.111262664880173605e-03 -2.085109487300789155e-01 -9.364421191389394883e-01 3.451389063421001109e-03 9.999079992577030174e-01 -1.311796206794434150e-02 -1.326551599808160897e-01 2.085719364803589604e-01 1.210972673047984970e-02 9.779320543193164017e-01 7.508773990614969307e+00
9.762089821063705264e-01 -9.681386329572730376e-03 -2.166155417334078570e-01 -1.047909459865930870e+00 6.586750395125136326e-03 9.998657423441521530e-01 -1.500373269971699494e-02 -1.368468747416425324e-01 2.167317201123108994e-01 1.321998605175100060e-02 9.761416877533506398e-01 7.997012217071178597e+00
9.744232179941860750e-01 -1.502062733641940963e-02 -2.242181344929924935e-01 -1.144674912607017259e+00 1.169727103527747579e-02 9.998012691929107909e-01 -1.614298456848453286e-02 -1.608619610380790932e-01 2.244160570722964210e-01 1.310735860711120283e-02 9.744052707426309468e-01 8.542158506789400363e+00
9.724742579767013950e-01 -1.674235416465852389e-02 -2.324080676828949588e-01 -1.302222605651406795e+00 1.276818388973600948e-02 9.997455884248158675e-01 -1.859386682163536447e-02 -1.828644731660291622e-01 2.326602494997554726e-01 1.511462783293107855e-02 9.724406190486243329e-01 9.028158641303916099e+00
9.703860372127244283e-01 -1.277257232203314607e-02 -2.412214726420408017e-01 -1.459431098933403392e+00 7.633283466267171830e-03 9.997237917019116127e-01 -2.222775910714948691e-02 -1.860484843022900403e-01 2.414387550932937387e-01 1.972819516728007219e-02 9.702155055365083713e-01 9.552876329942414202e+00
9.682054354387675810e-01 -9.154201153695093809e-03 -2.499888677147876492e-01 -1.604407953508793838e+00 3.009077888374022975e-03 9.996841035501558004e-01 -2.495272637030429216e-02 -1.893706918526955052e-01 2.501383237050899822e-01 2.340712932002488381e-02 9.679271288293442854e-01 1.008121494131863649e+01
9.658550906080214382e-01 -1.231165777004619537e-02 -2.587901959870151924e-01 -1.768312548383099259e+00 5.430239612048715428e-03 9.996128427579148434e-01 -2.728877205150163562e-02 -2.150905552795473186e-01 2.590259779732025924e-01 2.495170663081885953e-02 9.655480084246866879e-01 1.067397196783691449e+01
9.635368859414170650e-01 -1.378001977424272127e-02 -2.672204687324973849e-01 -1.908631999271221513e+00 6.227450442113806328e-03 9.995573866508665750e-01 -2.909037022047080215e-02 -2.529553833112325734e-01 2.675030638705664376e-01 2.636554251528144127e-02 9.631962264131719298e-01 1.121292848308788592e+01
9.613636065730833957e-01 -1.398521396053678881e-02 -2.749262229941974445e-01 -2.090916209449912078e+00 5.489980334547837557e-03 9.994840834633554882e-01 -3.164533151416500101e-02 -2.687453934491480512e-01 2.752269554805374940e-01 2.891333050292786699e-02 9.609444021202582231e-01 1.177798374530889092e+01
9.590471422660701295e-01 -1.362121466658698828e-02 -2.829187863631150712e-01 -2.267329341843097978e+00 3.722809052962304348e-03 9.993629217555805022e-01 -3.549494755359063752e-02 -2.969557142294191321e-01 2.832220341330333180e-01 3.298807545203120278e-02 9.584868637679412329e-01 1.239945396255949817e+01
9.569385006875692490e-01 -1.521473199391149868e-02 -2.898917315337816158e-01 -2.474293738722886715e+00 3.582934809292653584e-03 9.991685193058997827e-01 -4.061320712358507806e-02 -3.314617657587324295e-01 2.902686162082649401e-01 3.782567845140114016e-02 9.561973385907860390e-01 1.298823874026306591e+01
9.549429914361633465e-01 -1.589313417328580905e-02 -2.963634415711948189e-01 -2.687606725446906264e+00 1.835617337741918091e-03 9.988623384964520069e-01 -4.765143469033529533e-02 -3.650393266482250265e-01 2.967836160343772511e-01 4.496039387230790080e-02 9.538857636760948999e-01 1.360406027187600309e+01
9.535268034544660543e-01 -1.614617903669359616e-02 -3.008752798942491147e-01 -2.871899333044956926e+00 -5.832882523553228936e-04 9.984624022298617119e-01 -5.543005586071241692e-02 -4.011356694397407163e-01 3.013076435076880166e-01 5.302954122117329444e-02 9.520512453025640198e-01 1.421759976015516891e+01
9.522465797646402219e-01 -1.599419041053960072e-02 -3.049108643640300875e-01 -3.067781936561786438e+00 -3.770082247562971979e-03 9.979350054538442816e-01 -6.412106793228149193e-02 -4.391807930926411863e-01 3.053067948888736893e-01 6.220860697171096826e-02 9.502198967726706025e-01 1.482927885580235383e+01
9.510882041173827073e-01 -1.473326965904111358e-02 -3.085679126487163582e-01 -3.312768821493885074e+00 -8.199793727000876525e-03 9.973060901431632930e-01 -7.289256429275477178e-02 -4.965656560775765782e-01 3.088106095909893822e-01 7.185745169138701982e-02 9.484052488757216404e-01 1.545919396409077251e+01
9.496457159518935098e-01 -1.481228527751570281e-02 -3.129754116362951644e-01 -3.543576187774097885e+00 -1.084047222408123130e-02 9.967306725667173239e-01 -8.006528902528439740e-02 -5.425498773376330464e-01 3.131381477839969008e-01 7.942646043193313243e-02 9.463804414165495338e-01 1.611730821029922112e+01
9.479811707630855233e-01 -1.339163776170753523e-02 -3.180445908406694389e-01 -3.763061042557752423e+00 -1.486870286725488176e-02 9.961614402579593852e-01 -8.626300828820110400e-02 -6.061859966027391966e-01 3.179789660588067668e-01 8.650461862605272889e-02 9.441431725504012551e-01 1.677494797275199190e+01
9.466534149809030518e-01 -1.119150127499101040e-02 -3.220590939532029240e-01 -4.049675032565273725e+00 -1.969755554912589260e-02 9.955185145565048632e-01 -9.249266707877971949e-02 -6.686115611266166825e-01 3.216509280905155976e-01 9.390227662295889954e-02 9.421905566959565270e-01 1.745505717643345989e+01
9.449095682701161847e-01 -9.766419249286896823e-03 -3.271857615706044164e-01 -4.270090497894949877e+00 -2.363103046145522204e-02 9.949113187507890865e-01 -9.794407692416469413e-02 -7.549266587062350986e-01 3.264773859930370503e-01 1.002800327714830630e-01 9.398704345551923689e-01 1.812685240474608861e+01
9.430591516007812425e-01 -7.094037272875383833e-03 -3.325494081687924153e-01 -4.536050841875026052e+00 -2.802629239170059683e-02 9.945226517403098487e-01 -1.006937043712510388e-01 -8.316888571761775761e-01 3.314422497743458318e-01 1.042802470266264298e-01 9.376948690797821673e-01 1.880712757013575143e+01
9.413689771552078422e-01 -6.477838158437335819e-03 -3.373165932132343170e-01 -4.787502996727956983e+00 -2.989007589111635291e-02 9.942827774625673243e-01 -1.025102033749316355e-01 -9.120564202528640418e-01 3.360521294043563589e-01 1.065823445488519872e-01 9.357933385996142217e-01 1.951340482280451738e+01
9.391871372011129093e-01 -5.658810681283894979e-03 -3.433591366086136687e-01 -5.077736022014252448e+00 -3.112306163053324068e-02 9.943467261825016390e-01 -1.015181912810632497e-01 -9.988594333942519832e-01 3.419925114331314742e-01 1.060309676816051511e-01 9.337015360944339593e-01 2.024332375346881818e+01
9.370260903922466023e-01 -5.506699713985448337e-03 -3.492159498365951520e-01 -5.367741603305693054e+00 -3.152092348366350438e-02 9.944619216029123576e-01 -1.002592532571991574e-01 -1.085289140195215385e+00 3.478340680486503578e-01 1.049531459925544113e-01 9.316631906510460803e-01 2.093564401525166474e+01
9.341598275843548960e-01 -5.013014900523075044e-03 -3.568196793124405741e-01 -5.609865926810509329e+00 -3.215841295846970371e-02 9.946504006385189500e-01 -9.816525347408450175e-02 -1.168319077365603142e+00 3.554029469135084884e-01 1.031767914890285159e-01 9.290012366427512491e-01 2.166346127871723937e+01
9.312298094029278772e-01 -4.836949580216095765e-03 -3.644003886251762636e-01 -5.924309538248618168e+00 -3.208667184987649273e-02 9.949404788980743541e-01 -9.520445865623308745e-02 -1.250678150139582279e+00 3.630172025216799048e-01 1.003496261775571885e-01 9.263630314077557770e-01 2.238076890476716230e+01
9.277068563654783384e-01 -1.856046572960467350e-03 -3.733048899322590208e-01 -6.222090275916237090e+00 -3.393980605556660979e-02 9.954269119824279421e-01 -8.929363072242428589e-02 -1.327688983991910598e+00 3.717634732925884644e-01 9.550820955755767727e-02 9.234013778998010347e-01 2.317218477892509654e+01
9.243509695029596962e-01 7.537339007983359087e-04 -3.815425455267519306e-01 -6.561648261866903198e+00 -3.555257808683877363e-02 9.958173974794009009e-01 -8.416486856907012815e-02 -1.417221684000776971e+00 3.798832732860961126e-01 9.136269949880197749e-02 9.205115745075278522e-01 2.389973452010984190e+01
9.209140350088690363e-01 3.547966898503637865e-03 -3.897495977091686159e-01 -6.911598107912301892e+00 -3.782635522571746456e-02 9.960519270303748174e-01 -8.031018336786596712e-02 -1.488987379536480971e+00 3.879259066137232814e-01 8.870158221172268209e-02 9.174124063843940302e-01 2.466146199564828478e+01
9.170468151387627387e-01 4.206402903052794580e-03 -3.987573720256716303e-01 -7.230024349185023347e+00 -3.857748080737189583e-02 9.961901974946709704e-01 -7.821041131271255775e-02 -1.566540751670018050e+00 3.969092074749716592e-01 8.710566391018752241e-02 9.137153208534846138e-01 2.538859572140392018e+01
9.129166350242636785e-01 4.820978220636617552e-03 -4.081175961042033951e-01 -7.579513594070408367e+00 -3.986603027603706495e-02 9.962021147182333891e-01 -7.740830906848220061e-02 -1.645834936512414526e+00 4.061944354669032586e-01 8.693736190910451855e-02 9.096416761908039383e-01 2.616083351150546576e+01
9.092825498753053237e-01 5.109780745828184333e-03 -4.161479677887059969e-01 -7.968282277830755156e+00 -4.060456058505073490e-02 9.962433519109170632e-01 -7.648825718939918084e-02 -1.708765427804598502e+00 4.141938151820890868e-01 8.644694332029947970e-02 9.060741762896287188e-01 2.691433566478728068e+01
9.055015092031236668e-01 5.727350904830401553e-03 -4.243043843943981042e-01 -8.354159689496349017e+00 -4.132351958123915703e-02 9.963465509915728768e-01 -7.473899327222549571e-02 -1.787547484330530789e+00 4.223261607484137259e-01 8.521002213950010229e-02 9.024299804870904440e-01 2.769733849053764629e+01
9.012747927773004930e-01 6.785691952305562477e-03 -4.331947581404222980e-01 -8.725274345594925762e+00 -4.232601106450038786e-02 9.964734270398697413e-01 -7.245148759439526409e-02 -1.857303964753842296e+00 4.311754391254923324e-01 8.363410596945558551e-02 8.983835933265907903e-01 2.848153548219882936e+01
8.976121963823664451e-01 7.454942539337701228e-03 -4.407230023569089772e-01 -9.119692605513929351e+00 -4.172613378078982027e-02 9.968040797716983814e-01 -6.812162928869608391e-02 -1.932798202509697472e+00 4.388066514846880040e-01 7.953647257405653537e-02 8.950545659385252817e-01 2.926484987105310864e+01
8.938136475888294186e-01 8.554543052686042551e-03 -4.483569773291093408e-01 -9.545740164717848586e+00 -4.093646695547004111e-02 9.971999424381774446e-01 -6.258179083717380076e-02 -1.984435683813980278e+00 4.465662010180119768e-01 7.429060960220591758e-02 8.916611113090001650e-01 3.007742250116550053e+01
8.902411989713236995e-01 7.334408453755064498e-03 -4.554303568430112525e-01 -9.969178858458475290e+00 -3.808320164490212184e-02 9.975679396130612275e-01 -5.837701323949490151e-02 -2.058122869565508495e+00 4.538945696433970833e-01 6.931386859698061842e-02 8.883553969976195619e-01 3.086509768259099573e+01
8.864402575631787906e-01 6.938777543514892086e-03 -4.627910098974557518e-01 -1.040387229869497432e+01 -3.714227779169573113e-02 9.977293342803104093e-01 -5.618386585586743198e-02 -2.125888493381939082e+00 4.613503267903086291e-01 6.699275296515651290e-02 8.846851706967560069e-01 3.168184611089917979e+01
8.833985610104937436e-01 7.559915264393369562e-03 -4.685614428129431519e-01 -1.084764977818370468e+01 -3.773876730050396838e-02 9.977700367077096955e-01 -5.505215126409515602e-02 -2.188604024623884037e+00 4.671003864178993048e-01 6.631592264775537648e-02 8.817139171741549264e-01 3.248127192332481883e+01
8.802938364103423119e-01 6.318663418960949671e-03 -4.743867953237567159e-01 -1.130420407247437353e+01 -3.594499277357298544e-02 9.979255580212055277e-01 -5.340915845753330810e-02 -2.236435883299035865e+00 4.730652410724690560e-01 6.406758308705913507e-02 8.786948428862415561e-01 3.331229598432607730e+01
8.772920812341242769e-01 5.777172090791145125e-03 -4.799221019062916427e-01 -1.176057766470598231e+01 -3.505835598118513946e-02 9.980277496359227785e-01 -5.207228337477479846e-02 -2.303510745445379815e+00 4.786747530494770975e-01 6.250788188875137930e-02 8.757643804242515317e-01 3.415587459443706564e+01
8.747362724643233944e-01 4.431991144510332228e-03 -4.845789991546811115e-01 -1.225965286304733581e+01 -3.379968361341764010e-02 9.980809289345927704e-01 -5.188487973405772613e-02 -2.354741694252807438e+00 4.834191125995673799e-01 6.176420328337142024e-02 8.732073919601556211e-01 3.498774192763162461e+01
8.725580634383375278e-01 4.175354679121357285e-03 -4.884925665813698581e-01 -1.272593813778902039e+01 -3.397207264549009093e-02 9.980612094955535474e-01 -5.215093902323799518e-02 -2.422257968741003076e+00 4.873277415404353996e-01 6.209982744957655287e-02 8.710082022759927378e-01 3.583008606880243718e+01
8.707689701205831856e-01 5.353281854167922689e-03 -4.916632366299416024e-01 -1.321649163471061428e+01 -3.571597600230617953e-02 9.979878450327814843e-01 -5.238921921305787072e-02 -2.471507376069800532e+00 4.903934881774013599e-01 6.317913895698977489e-02 8.692080463756806097e-01 3.670849508886222168e+01
8.705600166510857330e-01 4.484000024512928284e-03 -4.920418136213202676e-01 -1.371780767928931155e+01 -3.427457209265788451e-02 9.980823052732057388e-01 -5.154576287263869933e-02 -2.540042512491713200e+00 4.908671048655198210e-01 6.173820292194214659e-02 8.690442361581265374e-01 3.756788392922474173e+01
8.703501817624030856e-01 4.335109529722938441e-03 -4.924142190520222062e-01 -1.423896895953734543e+01 -3.338465418397984497e-02 9.981800442264423534e-01 -5.022015764169419222e-02 -2.589273528994874507e+00 4.913003455137477382e-01 6.014820185870487640e-02 8.689109097356865208e-01 3.846822798885828831e+01
8.699425835680892893e-01 3.098486769793751434e-03 -4.931432812647882913e-01 -1.474912116443935339e+01 -3.170133901466955922e-02 9.982633754687533223e-01 -4.965136814948532124e-02 -2.654897191158722247e+00 4.921330409002951378e-01 5.882714192463391750e-02 8.685300467966052818e-01 3.934172973568288967e+01
8.693064503079974692e-01 2.182892507823617871e-03 -4.942686775392935994e-01 -1.526948221941839634e+01 -3.105445748274883108e-02 9.982558155290831570e-01 -5.020903790737592937e-02 -2.722343899400184952e+00 4.932969893373199688e-01 5.899628624632828611e-02 8.678580087214018413e-01 4.026221472579310756e+01
8.680652916313433831e-01 5.380546585885912642e-04 -4.964497508194659070e-01 -1.578949895270273274e+01 -2.950654704640061701e-02 9.982875042091096107e-01 -5.051160928123973881e-02 -2.781120682344767836e+00 4.955724132266455251e-01 5.849589286279230360e-02 8.665946102933796968e-01 4.117247862809644232e+01
8.667792176238023893e-01 -1.023523261561112970e-03 -4.986910219605146244e-01 -1.634166116567408267e+01 -2.682266551819932621e-02 9.984546960112874459e-01 -4.866995657689948684e-02 -2.845349859675447846e+00 4.979702161349599532e-01 5.556232942711959721e-02 8.654123273082154899e-01 4.208670931053212172e+01
8.647962139695998252e-01 -4.542644749419676577e-04 -5.021227907324631312e-01 -1.688854384451722979e+01 -2.578171406985909145e-02 9.986403744158501850e-01 -4.530679696832879549e-02 -2.904592780508925109e+00 5.014606816391062871e-01 5.212673273356293463e-02 8.636087038896169688e-01 4.300231871967837805e+01
8.617483188986375664e-01 1.001803439570526249e-04 -5.073360028309527037e-01 -1.742761217621741565e+01 -2.419772088817164282e-02 9.988700115119494294e-01 -4.090440624223400101e-02 -2.970018220716074797e+00 5.067586298979740445e-01 4.752567829019882506e-02 8.607769780574255902e-01 4.392472164641352350e+01
8.579679351853611857e-01 -1.177685898423297493e-03 -5.137018883197438379e-01 -1.796471648400041943e+01 -2.176751582833747617e-02 9.990158591987976511e-01 -3.864567716602201886e-02 -3.028160618252446312e+00 5.132418546436398055e-01 4.433876577541265296e-02 8.570979393501207966e-01 4.481324030887364529e+01
8.529666052521505115e-01 -3.884544391818100725e-03 -5.219510276862383558e-01 -1.854170399388049617e+01 -2.023882782858870549e-02 9.989741878314352119e-01 -4.050878830544078074e-02 -3.093307246991298776e+00 5.215729711435218574e-01 4.511632057832960785e-02 8.520130038276623186e-01 4.571223179404083226e+01
8.472658984766341383e-01 -6.995645301514907648e-03 -5.311229167705537879e-01 -1.911640320985489438e+01 -1.922671550997562956e-02 9.988540869770169417e-01 -4.382746138313720063e-02 -3.157434332339271066e+00 5.308209066222366879e-01 4.734526263328932977e-02 8.461605029036667336e-01 4.659228642928046327e+01
8.411433771505565371e-01 -7.771957112051491694e-03 -5.407563315091170608e-01 -1.970788407413662924e+01 -1.884228134675400637e-02 9.988685200757001503e-01 -4.366518139149819233e-02 -3.216905525364447627e+00 5.404838498054076457e-01 4.691776103116992308e-02 8.400451996529907372e-01 4.749915854781524871e+01
8.350945298717092902e-01 -3.411895688155803033e-03 -5.500958818844684517e-01 -2.026754825620214362e+01 -2.123781207749778077e-02 9.990353004440633011e-01 -3.843727153916906558e-02 -3.269867233212910840e+00 5.496963580671054839e-01 4.378158808314346062e-02 8.342164541136882772e-01 4.839675204843646839e+01
8.297351111246973332e-01 -7.035008114806240670e-05 -5.581573562833429536e-01 -2.087495744360517946e+01 -2.256157148800285242e-02 9.991784810242629877e-01 -3.366509458797716653e-02 -3.323672547786712173e+00 5.577011973820427126e-01 4.052601796872683931e-02 8.290518815533781671e-01 4.925188700184321533e+01
8.257127566129325302e-01 -3.567039812961424238e-04 -5.640906932096826365e-01 -2.150467111528012154e+01 -2.345589873303531234e-02 9.991131925579515016e-01 -3.496640268007324137e-02 -3.373314115137271862e+00 5.636029357567935438e-01 4.210345880604272201e-02 8.249721423666080966e-01 5.016139646830804821e+01
8.222213157405344752e-01 -1.690396843954875862e-03 -5.691653926904087779e-01 -2.211584993921627174e+01 -2.499025496039064542e-02 9.989240142202755468e-01 -3.906790265535515366e-02 -3.424559011838710809e+00 5.686190288803385506e-01 4.634605052219593208e-02 8.212943746388010613e-01 5.100737990859393989e+01
8.193216253801594018e-01 -4.960120700014647097e-03 -5.733127113913901729e-01 -2.273896209902732934e+01 -2.591546764253457175e-02 9.986201138559410717e-01 -4.567556003650426188e-02 -3.510116337767020145e+00 5.727481712806516967e-01 5.228064108342425631e-02 8.180625117686612935e-01 5.188181380023973333e+01
8.162942144624766305e-01 -4.611500739800242048e-03 -5.776179386611228761e-01 -2.336076257657805755e+01 -2.790073317607918643e-02 9.984861965445522847e-01 -4.740110175167965706e-02 -3.561029089947792770e+00 5.769621387808877566e-01 5.480920909580451472e-02 8.149298420082091710e-01 5.274508159558945408e+01
8.129282303763443185e-01 -4.232725600677334811e-03 -5.823484951127400056e-01 -2.398223859996572926e+01 -2.630795732666658601e-02 9.986858141549338486e-01 -4.398336088027313129e-02 -3.617804722576407617e+00 5.817693604836009502e-01 5.107571503886781938e-02 8.117485380458304700e-01 5.360264602136698642e+01
8.098055597929360028e-01 -3.108495472762615695e-03 -5.866901106729778270e-01 -2.464214299722034696e+01 -2.390974092466823311e-02 9.989803712633107402e-01 -3.829545879388416424e-02 -3.677893069288524774e+00 5.862109559422636895e-01 4.503948388910712641e-02 8.089055362664013815e-01 5.447490658584352730e+01
8.067133884826904744e-01 -9.636870315965927105e-04 -5.909421066698086200e-01 -2.528075128904696101e+01 -2.478155438499491520e-02 9.990638179290872722e-01 -3.545930505742787148e-02 -3.736640077431951923e+00 5.904230591169828957e-01 4.324995996315419283e-02 8.059342770306540116e-01 5.532549102542478892e+01
8.037904157038832098e-01 5.553741355209061009e-04 -5.949123064635434277e-01 -2.592656212190265563e+01 -2.728975213178565923e-02 9.989813173146478986e-01 -3.593879712004250521e-02 -3.793525502836246677e+00 5.942863303640951722e-01 4.512226994563760946e-02 8.029867651737152556e-01 5.618606828861987879e+01
8.001492107340951732e-01 -1.111831565214564362e-03 -5.997999645636008514e-01 -2.659495722456270528e+01 -2.673430459792404054e-02 9.989383505585919254e-01 -3.751598049537450269e-02 -3.841941817319738384e+00 5.992049090467196359e-01 4.605361702440514265e-02 7.992700095608343824e-01 5.704847179512713495e+01
7.960814810096421557e-01 -2.888971430827743433e-03 -6.051825529733307896e-01 -2.723898774195166794e+01 -2.660370663480320086e-02 9.988548843538636035e-01 -3.976383842077439029e-02 -3.908056612894161397e+00 6.046044359773244947e-01 4.775535438341297484e-02 7.950930191419556259e-01 5.791917852510848519e+01
7.919825469222233627e-01 -3.605572803969802655e-03 -6.105330769801866619e-01 -2.788477182459335424e+01 -2.642715520658379599e-02 9.988429153357786250e-01 -4.018004480868839906e-02 -3.953907870972565686e+00 6.099715211103787782e-01 4.795654650793258755e-02 7.909708718784491666e-01 5.872643497183215544e+01
7.874723079034847695e-01 -4.437302570240483045e-03 -6.163340550203655344e-01 -2.857950462220757615e+01 -2.511399651166858205e-02 9.989126281136335717e-01 -3.927911176864222476e-02 -4.017961287863875519e+00 6.158381746168558601e-01 4.640982398686323979e-02 7.865045951094576937e-01 5.960511780033119322e+01
7.828728912282780783e-01 -4.230297254451634292e-03 -6.221672872981821589e-01 -2.925817274838734505e+01 -2.533890951944187120e-02 9.989304829200129632e-01 -3.867596159591159266e-02 -4.078203396123547542e+00 6.216654902901129764e-01 4.604340234821667488e-02 7.819284050447187218e-01 6.040982549974440730e+01
7.769319154612930323e-01 -5.039582023259161006e-03 -6.295644476996611338e-01 -2.996612746397966731e+01 -2.528442007548653558e-02 9.989114713245915711e-01 -3.919911485003545887e-02 -4.133374007395919314e+00 6.290767067460064643e-01 4.637321521620984405e-02 7.759587807583391283e-01 6.125821099448252482e+01
7.717634423178502123e-01 -6.407666653296085861e-03 -6.358774435592574603e-01 -3.065679789208075334e+01 -2.488638137388632376e-02 9.988788629440339406e-01 -4.027015311302011014e-02 -4.191431447420531420e+00 6.354225864670070001e-01 4.690372042830420057e-02 7.707387269716438061e-01 6.209596275635570350e+01
7.663031962898249061e-01 -7.545449609158248229e-03 -6.424347980284261794e-01 -3.134622631680228011e+01 -2.442692361154654573e-02 9.988659040607728024e-01 -4.086846158555011710e-02 -4.253463504660735417e+00 6.420145973198823075e-01 4.701033834521579219e-02 7.652498237181033502e-01 6.292476522467209321e+01
7.606270062894406880e-01 -8.502841870924048723e-03 -6.491334616271718927e-01 -3.206574720092123698e+01 -2.458752447347608075e-02 9.988194801627232611e-01 -4.189391044305417616e-02 -4.318696672865764974e+00 6.487233751795061787e-01 4.782622442685124931e-02 7.595200080889977778e-01 6.376894452083065801e+01
7.548257956510709965e-01 -1.134313005587106633e-02 -6.558272207609384674e-01 -3.279318969969525455e+01 -2.220234238019571163e-02 9.988356624692904528e-01 -4.282960904428236015e-02 -4.375933895912924143e+00 6.555494496440440466e-01 4.688979408003061955e-02 7.536950805022217814e-01 6.457046824888935532e+01
7.483858133062054607e-01 -1.182786585906104790e-02 -6.631581770084298277e-01 -3.352692039447769190e+01 -2.218341921619823229e-02 9.988352395701186603e-01 -4.284927237711447234e-02 -4.444307666584708549e+00 6.628925834824480612e-01 4.677890325612799050e-02 7.472517415394488438e-01 6.540692276105995973e+01
7.424694049234319415e-01 -1.162587398099152250e-02 -6.697790780206404060e-01 -3.428080874546041201e+01 -2.203122409237212934e-02 9.988847142336513274e-01 -4.176066180098136904e-02 -4.498493627129755090e+00 6.695175986870054441e-01 4.576206651321814561e-02 7.413852080604000916e-01 6.622691503464808704e+01
7.360919767923022050e-01 -1.181046858723006771e-02 -6.767784762510633545e-01 -3.502996045359284238e+01 -2.143769300596475719e-02 9.989394091413654753e-01 -4.074901496692238251e-02 -4.560376203301373721e+00 6.765419678171649132e-01 4.450359200537114951e-02 7.350580961120317669e-01 6.703023593795145985e+01
7.296967932051920958e-01 -1.365591136070223692e-02 -6.836344763784026890e-01 -3.580385190921916205e+01 -1.991294954106623619e-02 9.989520898998309750e-01 -4.120918052538036919e-02 -4.623915897340133974e+00 6.834808496134537892e-01 4.368338551976735235e-02 7.286602080426515249e-01 6.782799393660347675e+01
7.228777799318717445e-01 -1.568918790638154995e-02 -6.907977675965371045e-01 -3.659129837921748418e+01 -1.897143177778748066e-02 9.989146492241707254e-01 -4.253949192324914946e-02 -4.689961760161694748e+00 6.907154317021044765e-01 4.385627600528205911e-02 7.217955585755125858e-01 6.864132929042578724e+01
7.168953364655547000e-01 -1.456831074032220383e-02 -6.970285731427569020e-01 -3.738784313252239855e+01 -2.109465603366381808e-02 9.988706447028340429e-01 -4.257288660548800424e-02 -4.750469601134085451e+00 6.968616072938345063e-01 4.522388167432555423e-02 7.157783943852227271e-01 6.944997564676846480e+01
7.116554187708166168e-01 -1.449014025482003171e-02 -7.023792362682328427e-01 -3.822251085963811335e+01 -2.089750177736021328e-02 9.989082232541518502e-01 -4.178104798636888412e-02 -4.815039456112206295e+00 7.022178203114158856e-01 4.441168033868760773e-02 7.105756431789804761e-01 7.025855619912832140e+01
7.071279013386919665e-01 -1.470893618581930150e-02 -7.069326481389390793e-01 -3.900389624019116042e+01 -2.128333481823617770e-02 9.988878322532216414e-01 -4.207277352786828462e-02 -4.870002128381844209e+00 7.067652783826358087e-01 4.479671609147251043e-02 7.060284022637960399e-01 7.103432736768790789e+01
7.021004017179199863e-01 -1.468207478670803361e-02 -7.119265784649493334e-01 -3.980874758086630294e+01 -2.223628899381414892e-02 9.988477675642748466e-01 -4.252863414699447481e-02 -4.936682191308701562e+00 7.117306944346534214e-01 4.568997606329793654e-02 7.009649449942726429e-01 7.181353670580257642e+01
6.967374413506839392e-01 -1.762510915857748092e-02 -7.171096734524121663e-01 -4.065588776724033693e+01 -2.114319929735239759e-02 9.987591572689153985e-01 -4.509003137940641170e-02 -5.002160403845386405e+00 7.170145822205997721e-01 4.657790564653201126e-02 6.955002495628522796e-01 7.261376710777264520e+01
6.918881271006394051e-01 -1.899680105077926340e-02 -7.217547585048462722e-01 -4.147895769979024294e+01 -2.195002000820397287e-02 9.986382878431100396e-01 -4.732617363274600752e-02 -5.075029215726265974e+00 7.216709946283446087e-01 4.858694885238651340e-02 6.905289954670070784e-01 7.341629531061097680e+01
6.867790258189722108e-01 -1.926677808527203425e-02 -7.266108663744780261e-01 -4.235507769318622451e+01 -2.328714609550090048e-02 9.985522566760496321e-01 -4.848813825562502816e-02 -5.131369668770284775e+00 7.264931430723486905e-01 5.022132959068956876e-02 6.853360788031583883e-01 7.419504019499184722e+01
6.819945606497370694e-01 -1.910805751222738325e-02 -7.311075785718244013e-01 -4.318724361973846726e+01 -2.252589399032395995e-02 9.986355534067393735e-01 -4.711279665538371797e-02 -5.212461308613163702e+00 7.310102679640749779e-01 4.859952268358207900e-02 6.806335904335053533e-01 7.496205740396327144e+01
6.769965181132926446e-01 -2.040338580778073077e-02 -7.357033412033576747e-01 -4.405053505942132119e+01 -2.004245086472083298e-02 9.987338442110328396e-01 -4.614118141661134598e-02 -5.270571521566086659e+00 7.357132751782683444e-01 4.598271701797475297e-02 6.757304022187032855e-01 7.574011992158436612e+01
6.718657615756090662e-01 -2.055767800478827678e-02 -7.403875810183930817e-01 -4.493559695091529704e+01 -2.017145100536797686e-02 9.987361183559194666e-01 -4.603562194404807462e-02 -5.353839329121657720e+00 7.403982170123994955e-01 4.586444979798250110e-02 6.706019256076687363e-01 7.654728913443764782e+01
6.671289215086735336e-01 -2.122194837590371183e-02 -7.446399268871404242e-01 -4.581245572910881236e+01 -2.003426923566554302e-02 9.987214581345899012e-01 -4.641203668510876512e-02 -5.415075271763704734e+00 7.446728402609997799e-01 4.588112854024627152e-02 6.658508040614353751e-01 7.730452271409011189e+01
6.625363557002991177e-01 -2.147602082712218863e-02 -7.487218091660767794e-01 -4.668686862622169542e+01 -1.975267985457116945e-02 9.987403003749515396e-01 -4.612639240834792015e-02 -5.490124215801320595e+00 7.487692688677991537e-01 4.534967389901393281e-02 6.612775509793273887e-01 7.809233023179423583e+01
6.586356308145535632e-01 -2.222213195209848252e-02 -7.521338126967671567e-01 -4.759156972669368457e+01 -1.881590786066907398e-02 9.987648688870649494e-01 -4.598584910033148149e-02 -5.563663233157372545e+00 7.522267454110297402e-01 4.443999901330256824e-02 6.574040009143357066e-01 7.886719592594781147e+01
6.549962826168757024e-01 -2.519734808624826683e-02 -7.552118595856074368e-01 -4.849579356109649808e+01 -1.570285113559492449e-02 9.987741450507069407e-01 -4.694281272054486726e-02 -5.621523051159527995e+00 7.554689268209999753e-01 4.260634698102950396e-02 6.537976830273483086e-01 7.962185125870074387e+01
6.504864044463505302e-01 -2.946840450047815557e-02 -7.589460060661203933e-01 -4.942101867579889785e+01 -1.272865735593000508e-02 9.986837460284366808e-01 -4.968658484947178350e-02 -5.711781398204814231e+00 7.594112378601179936e-01 4.198081133147308491e-02 6.492551069658017981e-01 8.043394009404580913e+01
6.456793210515053838e-01 -3.337806344152598886e-02 -7.628788295031581068e-01 -5.029526436370063180e+01 -8.964850532858619978e-03 9.986440237010092424e-01 -5.128104314124128094e-02 -5.784122341640103748e+00 7.635560589848405799e-01 3.995020352082510884e-02 6.445045669077633654e-01 8.117345888532119602e+01
6.394383897965892904e-01 -3.742959830427471102e-02 -7.679306999668050748e-01 -5.125365554965919301e+01 -3.497981975208666692e-03 9.986623087362351825e-01 -5.158834388611357319e-02 -5.857232934903472632e+00 7.688343900453553648e-01 3.567377497419627758e-02 6.384520916584874861e-01 8.194829628121752307e+01
6.310172325995655473e-01 -4.092185411446616627e-02 -7.746887394094701396e-01 -5.218858648088372121e+01 1.097073231511039131e-03 9.986538201562916717e-01 -5.185888450066097888e-02 -5.933310942746261141e+00 7.757680441518194359e-01 3.187395914722197104e-02 6.302126652705778431e-01 8.269982572636388340e+01
6.216731132545901817e-01 -4.258349993480332885e-02 -7.821183890833964814e-01 -5.310707392786540737e+01 4.697817686142355571e-03 9.987058318666250933e-01 -5.064179975885084450e-02 -6.011397208860561392e+00 7.832627150009127126e-01 2.780839531651517482e-02 6.210686143320440777e-01 8.343426038041256732e+01
6.129972057247625727e-01 -4.121276909813414296e-02 -7.890094562200439254e-01 -5.407946625982908984e+01 5.292802261932841833e-03 9.988304090877874186e-01 -4.806037978105779512e-02 -6.083884611264995357e+00 7.900673529218436020e-01 2.528480704826223738e-02 6.124983819022641329e-01 8.419706387558132121e+01
6.041533530831977306e-01 -4.055675034974993987e-02 -7.958353248900952304e-01 -5.506671948314573939e+01 4.085679042839215729e-03 9.988485258999694194e-01 -4.780093634620199983e-02 -6.165662311196001610e+00 7.968576055413376658e-01 2.562756783393331170e-02 6.036233891202034130e-01 8.493347110953207846e+01
5.947110335522600710e-01 -4.161035958587453593e-02 -8.028619761450599412e-01 -5.603137767750156684e+01 2.625162724697001522e-03 9.987548403285907428e-01 -4.981844461201601071e-02 -6.237966408986231670e+00 8.039352620794100179e-01 2.751993493321671508e-02 5.940797584421542155e-01 8.564650775582347819e+01
5.847706548599255205e-01 -4.445514577795013633e-02 -8.099796350700049219e-01 -5.702800640441550684e+01 4.993137653959737847e-03 9.986755913699015830e-01 -5.120675498040858781e-02 -6.323228703144255114e+00 8.111833088303258554e-01 2.589986739065881782e-02 5.842181513504776103e-01 8.635581121985026698e+01
5.748156296710997815e-01 -4.504373609469763257e-02 -8.170422519857217791e-01 -5.804299763576586457e+01 3.248003056604460443e-03 9.986015129056068362e-01 -5.276806684082250426e-02 -6.396186708148518640e+00 8.182765139604083471e-01 2.767815340937639784e-02 5.741580607636348477e-01 8.706946494860783048e+01
5.647507369582622783e-01 -4.592570001500212440e-02 -8.239826592815732154e-01 -5.903785967272180102e+01 6.122118737561700261e-03 9.986560186849682275e-01 -5.146528909344270930e-02 -6.468615930750801546e+00 8.252388356787012658e-01 2.402053980065219779e-02 5.642728862587900185e-01 8.774271577936247013e+01
5.545183941332372246e-01 -4.579950306262461912e-02 -8.309101897964699113e-01 -6.010881028756293887e+01 7.184658051852768623e-03 9.987106349957883822e-01 -5.025383775366831091e-02 -6.548536841342499137e+00 8.321404584608753652e-01 2.189687133496307642e-02 5.541324724502135757e-01 8.845349498660877430e+01
5.439600044473511531e-01 -4.648283613360796457e-02 -8.378226821550676107e-01 -6.113736513023966523e+01 7.722529918164463408e-03 9.986995337726836119e-01 -5.039448131297018935e-02 -6.633522270071478211e+00 8.390756149790656870e-01 2.094247104671757148e-02 5.436115690952018076e-01 8.911413021127786749e+01
5.336525738435652366e-01 -4.734362124720107451e-02 -8.443775808248444870e-01 -6.220597530978258050e+01 6.918120113292964245e-03 9.986427923920644378e-01 -5.162085616238785285e-02 -6.719316803822086293e+00 8.456755180339503575e-01 2.170609672920017358e-02 5.332558265476861070e-01 8.978000505780732965e+01
5.231008561826668846e-01 -4.859307479175228872e-02 -8.508843600638573701e-01 -6.325686617029730030e+01 7.257694346021676020e-03 9.985910462835572154e-01 -5.256660657889643262e-02 -6.796183024443139153e+00 8.522398911647436348e-01 2.132217779051447451e-02 5.227165061595142603e-01 9.041115412795716111e+01
5.138244245228152929e-01 -4.940453153068367215e-02 -8.564716222543709012e-01 -6.433715362592326414e+01 6.037968701132171746e-03 9.985239626570511229e-01 -5.397628096553719335e-02 -6.872818805609854032e+00 8.578741258650692814e-01 2.256298215578678851e-02 5.133643046952451883e-01 9.102397272367491610e+01
