1 0 0 0 0 1 0 0 0 0 1 0
0.99987303 0.00085606578 0.015911845 -0.0064147952 -0.00084134198 0.99999921 -0.00093201048 -0.0037988173 -0.015912632 0.00091850487 0.99987296 0.10245079
0.99929844 0.0031850904 0.037315879 0.0098160414 -0.0031535469 0.99999462 -0.00090414386 -0.0013758442 -0.037318561 0.00078583222 0.99930311 0.24495327
0.99790113 0.0051811422 0.064548382 0.050724435 -0.0052315623 0.99998613 0.00061211789 0.0021817279 -0.06454432 -0.00094852198 0.99791439 0.41373034
0.99518004 0.0048254424 0.097945946 0.096532961 -0.0051225237 0.99998301 0.0027818671 -0.00040134567 -0.097930866 -0.003270189 0.99518785 0.58063723
0.99098159 0.0015689056 0.13398893 0.1542744 -0.0022638655 0.99998476 0.0050344989 -0.0023378144 -0.133979 -0.0052924287 0.99097004 0.78104593
0.98466496 -0.0018461425 0.17444627 0.24687636 0.00092248652 0.99998513 0.0053757237 -0.0065124344 -0.17445361 -0.0051323624 0.98465202 0.96027394
0.97601141 -0.0021910667 0.21770832 0.31775608 0.00074882118 0.99997723 0.0067069501 -0.007241419 -0.21771808 -0.0063830352 0.97599083 1.1682548
0.96408347 -0.0017742016 0.26559349 0.4249653 -0.00090203073 0.99995005 0.0099541063 0.00087610526 -0.26559791 -0.0098361628 0.96403372 1.3797893
0.95013142 -0.0058457247 0.31179498 0.54461464 0.00072395184 0.99986294 0.016539952 0.0091129006 -0.31184896 -0.015489404 0.95000543 1.621556
0.93259571 -0.015645352 0.3605835 0.70114491 0.0071434191 0.99966445 0.024899032 -0.0027658292 -0.36085209 -0.020644931 0.93239453 1.8319286
0.9118522 -0.021330563 0.40996409 0.8682997 0.009979016 0.9995058 0.029809034 -0.0063285742 -0.41039737 -0.023090395 0.91161442 2.0570341
0.8867608 -0.023309184 0.4616405 1.0219825 0.0087525952 0.99939539 0.033648767 0.0016849474 -0.46214575 -0.025797855 0.88642867 2.297745
0.85832293 -0.025161007 0.51249259 1.2157512 0.0063131608 0.99923925 0.038484722 0.016498025 -0.51307107 -0.029796871 0.8578288 2.5155329
0.82646936 -0.030439775 0.56215816 1.4465117 0.0077912861 0.99906001 0.04264263 0.019633836 -0.56292782 -0.030862892 0.82592965 2.7395005
0.7908511 -0.036436248 0.610923 1.6571785 0.010325737 0.99887849 0.046207565 0.023378025 -0.61192152 -0.030235074 0.79034038 2.9468559
0.75232357 -0.040646028 0.65753868 1.9556717 0.010991674 0.99873039 0.049160802 0.032624425 -0.65870211 -0.029757379 0.75181518 3.1523734
0.71234464 -0.043838303 0.70045933 2.2296775 0.012047235 0.99866402 0.050249815 0.042325971 -0.70172645 -0.027356588 0.71192109 3.4037207
0.67042825 -0.045808639 0.7405589 2.5168348 0.011412819 0.99861093 0.051438895 0.062895172 -0.74188662 -0.026034223 0.67001978 3.5870774
0.62865417 -0.046204396 0.77631117 2.8743977 0.0070500585 0.99853108 0.05372134 0.083247982 -0.77765306 -0.028299105 0.62805647 3.8072858
0.58707633 -0.046988297 0.80816671 3.2035112 0.0041554699 0.9984758 0.05503456 0.098112653 -0.80952095 -0.028951175 0.58637677 4.03282
0.54618761 -0.048110565 0.8362801 3.5858837 0.0019950873 0.99842117 0.056135396 0.11605885 -0.83766054 -0.028992006 0.54542125 4.22082
0.5087107 -0.050643887 0.85944666 4.0077014 0.0012782678 0.99831169 0.058070056 0.13091242 -0.86093661 -0.028442256 0.50791657 4.4138013
0.47092027 -0.050658777 0.88072 4.400059 -0.0016121916 0.99829875 0.058283911 0.15378931 -0.88217434 -0.028866964 0.47003744 4.6268307
0.43376775 -0.049811857 0.89964674 4.8844096 -0.0029181372 0.99838779 0.056685965 0.18045651 -0.90102003 -0.027213836 0.43292306 4.8123948
0.40049301 -0.048727261 0.91500324 5.3833739 -0.0016413478 0.99854528 0.053894589 0.20302256 -0.91629838 -0.023086245 0.39983043 4.9935672
0.36978763 -0.046776233 0.92793805 5.8971372 0.00019982828 0.99873587 0.050265433 0.22133423 -0.92911632 -0.018402107 0.36932952 5.1689874
0.34595086 -0.045106303 0.93716773 6.4267886 0.0013726835 0.998867 0.047569197 0.24568941 -0.93825167 -0.015170169 0.34562082 5.3465074
0.32426609 -0.044500416 0.94491859 7.0031785 0.0026504723 0.99893172 0.046134576 0.2679952 -0.94596224 -0.012455397 0.32403763 5.5265562
0.30948429 -0.045180712 0.94983057 7.5980489 0.0036903947 0.99892015 0.046313317 0.29775971 -0.95089744 -0.010827994 0.30931682 5.7074262
0.29725187 -0.046529366 0.95366465 8.1943184 0.004501782 0.99886908 0.047331713 0.31551835 -0.95478853 -0.0097762491 0.29712516 5.9138207
0.28776275 -0.048413696 0.9564772 8.8401383 0.0033848918 0.99876661 0.049535877 0.34224491 -0.95769579 -0.011017008 0.2875717 6.1128701
0.27704982 -0.050012844 0.95955304 9.4988576 0.0014892512 0.99866561 0.051621441 0.36943342 -0.96085444 -0.012872695 0.27675461 6.3010291
0.26655748 -0.051977308 0.96241643 10.201819 0.0014262242 0.99856498 0.053534568 0.40363829 -0.96381801 -0.012897418 0.2662491 6.494762
0.25639652 -0.053806833 0.96507283 10.914348 0.00051435561 0.9984568 0.055531476 0.43193012 -0.96657159 -0.013741686 0.25602852 6.6804234
0.24573106 -0.055304768 0.96775903 11.630646 0.00015964125 0.99837338 0.057013758 0.46193434 -0.96933807 -0.013855556 0.24534018 6.8629387
0.23490466 -0.056738544 0.97036099 12.414147 -0.00046988761 0.99828816 0.05848524 0.49116762 -0.97201834 -0.014194415 0.23447588 7.0534543
0.22597491 -0.059658507 0.97230454 13.185453 -0.0015848085 0.99809907 0.061609531 0.5243846 -0.97413188 -0.015463124 0.22545079 7.2371357
0.21381934 -0.063167327 0.97482875 13.923196 -0.0040371325 0.99784151 0.065544022 0.56477358 -0.97686492 -0.017950092 0.21310279 7.4210946
0.20103742 -0.066593834 0.97731732 14.773344 -0.003825234 0.99762559 0.068764491 0.60856851 -0.97957614 -0.017562702 0.20030533 7.5610137
0.19066669 -0.069215477 0.9792116 15.560659 -0.0046594222 0.9974361 0.071410931 0.64627047 -0.98164382 -0.018178246 0.18985533 7.7254222
0.17545136 -0.069901194 0.98200334 16.344403 -0.0048723007 0.99740226 0.071867841 0.68292946 -0.98447609 -0.017393926 0.174655 7.8860967
0.16156459 -0.069033041 0.98444464 17.1391 -0.006763261 0.99744947 0.071054959 0.72840994 -0.98683901 -0.018138021 0.16068563 8.0106255
0.14416565 -0.067950208 0.98721778 17.98043 -0.0082926677 0.99752161 0.069870416 0.76390593 -0.98951886 -0.018259582 0.14324486 8.1255699
0.12343804 -0.06664985 0.99011149 18.789638 -0.01098567 0.99758906 0.068522798 0.79926278 -0.99229151 -0.019335358 0.12240825 8.2213147
0.099670084 -0.065177205 0.99288354 19.603162 -0.014637912 0.99764832 0.066959404 0.84281721 -0.99491291 -0.02120759 0.098481632 8.3040259
0.06835864 -0.064569071 0.99556911 20.431268 -0.019412153 0.99762843 0.066035525 0.87756332 -0.99747198 -0.023840238 0.066943097 8.3545574
0.036903333 -0.064332187 0.99724592 21.293594 -0.02197121 0.99763226 0.065170159 0.91928597 -0.99907732 -0.024315695 0.035402497 8.4000494
0.0023020631 -0.063774534 0.99796163 22.105634 -0.023350022 0.9976888 0.063810961 0.95285538 -0.99972474 -0.023449323 0.00080760423 8.3781469
-0.032175076 -0.062835922 0.99750505 22.963981 -0.023913524 0.99778452 0.062082183 0.98649499 -0.99919617 -0.021856362 -0.033606423 8.3462409
-0.064628797 -0.060963041 0.99604545 23.785758 -0.026541205 0.99788413 0.05935344 1.0146504 -0.9975564 -0.022600304 -0.066110085 8.2642016
-0.098587833 -0.057698728 0.99345418 24.615849 -0.02974276 0.99804252 0.055013619 1.0540464 -0.99468381 -0.024124395 -0.10011097 8.1959615
-0.13031454 -0.053377266 0.9900348 25.478532 -0.026561881 0.99837932 0.050330917 1.0760908 -0.99111688 -0.019738336 -0.13152115 8.073165
-0.1608912 -0.047822535 0.98581283 26.281644 -0.021579192 0.99875711 0.044928605 1.0975651 -0.98673626 -0.014044427 -0.1617232 7.9360439
-0.19338857 -0.041273625 0.98025368 27.109633 -0.015358856 0.99911969 0.03903792 1.1128913 -0.98100206 -0.0075060868 -0.19385224 7.7511599
-0.22100905 -0.035652125 0.97461985 27.936749 -0.010286566 0.99936123 0.034224552 1.1244117 -0.97521755 -0.0024615553 -0.22123461 7.5309023
-0.24761216 -0.029069295 0.968423 28.767589 -0.0010910619 0.99955752 0.029724896 1.1394539 -0.96885866 0.0063036372 -0.24753431 7.3010466
-0.27615495 -0.01883577 0.9609285 29.569799 0.0051689216 0.99976438 0.02108248 1.1414318 -0.96109927 0.010788996 -0.27599252 7.0757492
-0.29879805 -0.0037332969 0.95430902 30.365395 0.0092022065 0.99993458 0.0067930352 1.1306583 -0.95427204 0.010811495 -0.29874415 6.7787237
-0.3243795 0.013540935 0.94583006 31.153367 0.0096947756 0.99989261 -0.010990022 1.1041385 -0.94587738 0.0056046733 -0.32447594 6.5340197
-0.34977482 0.028214968 0.93640879 31.915758 0.0086366184 0.99960101 -0.026892995 1.0794465 -0.93679403 -0.0013190865 -0.34987895 6.2301964
-0.37338334 0.039172566 0.92684967 32.688584 0.012257635 0.99922917 -0.037293612 1.0391222 -0.9275962 -0.0025638282 -0.37357569 5.9093792
-0.39877452 0.043883113 0.91599841 33.466986 0.016368377 0.99903589 -0.040735346 0.9870259 -0.91690295 -0.0012508095 -0.39910835 5.6024736
-0.42078136 0.042774621 0.90615303 34.194134 0.018999149 0.99908416 -0.038338951 0.94289472 -0.90696315 0.0010838212 -0.42120867 5.2452628
-0.4410155 0.039543544 0.89662789 34.9397 0.023306923 0.99919658 -0.032603334 0.90488638 -0.89719685 0.0065190628 -0.44158282 4.8724585
-0.45925654 0.038355859 0.88747518 35.663972 0.030112132 0.99916539 -0.027600381 0.86092447 -0.88779319 0.014048115 -0.46002822 4.4805463
-0.4739614 0.039161731 0.8796743 36.329522 0.034468807 0.99906997 -0.025905526 0.82311927 -0.87987076 0.018043105 -0.47487046 4.0966013
-0.48386236 0.042696795 0.8741019 37.057708 0.036611403 0.99892231 -0.028527453 0.77031857 -0.874378 0.018198738 -0.4849041 3.6830913
-0.49422625 0.045316803 0.86815133 37.763574 0.038635088 0.99879867 -0.03014208 0.72745803 -0.86847441 0.018644097 -0.49538334 3.289684
-0.50436592 0.044474342 0.86234389 38.435661 0.032252095 0.99894614 -0.032655898 0.67819719 -0.86288752 0.011341876 -0.50526879 2.8984017
-0.51620305 0.043191473 0.85537643 39.131977 0.030795481 0.99901781 -0.031860041 0.65274902 -0.85591244 0.0098954791 -0.51702614 2.4842653
-0.52442131 0.044704703 0.85028449 39.818416 0.032985617 0.99893776 -0.032176118 0.60691038 -0.85081978 0.011173318 -0.52533886 2.0523039
-0.53082734 0.04827937 0.84610365 40.508416 0.036832051 0.99874693 -0.033881679 0.56160532 -0.84667928 0.013178413 -0.5319404 1.611629
-0.53581606 0.051260683 0.84277721 41.202228 0.037760747 0.99861149 -0.036731762 0.5276349 -0.84348997 0.01214243 -0.53700772 1.1707108
-0.53442745 0.052647835 0.84357302 41.897289 0.036299772 0.99856694 -0.039324151 0.47391882 -0.84443453 0.0096056035 -0.53557269 0.72779878
-0.53194608 0.05382501 0.84506578 42.617418 0.039476358 0.99846899 -0.038746462 0.44105643 -0.84585758 0.012749091 -0.53325648 0.28192697
-0.5259777 0.052522201 0.84887503 43.385056 0.03760664 0.99855141 -0.038481357 0.3911804 -0.84966656 0.011683003 -0.52719096 -0.18420326
-0.51884239 0.05102407 0.8533458 44.134006 0.035326741 0.99864421 -0.038232895 0.34468538 -0.85413971 0.010309081 -0.51994147 -0.63232315
-0.5112431 0.050421248 0.85795578 44.914442 0.03352857 0.99868772 -0.038712753 0.30195883 -0.85878192 0.0089744036 -0.51226276 -1.0939472
-0.50526419 0.04894688 0.86157544 45.72617 0.030316694 0.99878066 -0.038962643 0.24953101 -0.86243206 0.0064336918 -0.50613201 -1.5528414
-0.5008043 0.046917894 0.86428797 46.527605 0.026358349 0.99889338 -0.038951831 0.20250838 -0.86515915 0.0032739601 -0.50148678 -2.0147274
-0.49989637 0.044134236 0.86495996 47.384858 0.021574407 0.99902544 -0.038506125 0.1529402 -0.86581651 -0.00058807318 -0.50036136 -2.4756836
-0.50009189 0.041789149 0.86496341 48.219862 0.018976879 0.99912394 -0.037299098 0.10589825 -0.86576443 -0.0022386694 -0.50044681 -2.9428316
-0.50124796 0.040201151 0.8643693 49.060429 0.017008825 0.99918495 -0.0366079 0.057025737 -0.86513655 -0.0036477284 -0.50152319 -3.4431307
-0.50194125 0.039796584 0.86398562 49.92204 0.017557623 0.99920384 -0.035824674 0.0072050334 -0.86472353 -0.0028123472 -0.50224036 -3.9270218
-0.50210737 0.039023598 0.86392435 50.823044 0.017056592 0.99923394 -0.035222368 -0.04575624 -0.8646371 -0.0029498053 -0.50238834 -4.4336949
-0.50238601 0.038492283 0.86378619 51.685669 0.017285942 0.99925604 -0.034475463 -0.094816985 -0.86447068 -0.0023886313 -0.50267763 -4.9355031
-0.50254134 0.037755404 0.86372835 52.585924 0.016821994 0.99928388 -0.033893316 -0.1515701 -0.86438954 -0.0025031593 -0.50281658 -5.4510785
-0.50240905 0.036625683 0.86385395 53.493762 0.015324509 0.99932267 -0.0334567 -0.19966498 -0.86449428 -0.00357081 -0.50263003 -5.9586121
-0.50208081 0.035841601 0.86407764 54.391482 0.014633928 0.99934988 -0.032949451 -0.25801992 -0.86469692 -0.0038984366 -0.5022789 -6.4985433
-0.50220792 0.035770821 0.86400671 55.28669 0.014140761 0.99935019 -0.033154805 -0.30386284 -0.86463132 -0.0044328926 -0.5023874 -6.9787081
-0.50047249 0.034091582 0.86508091 56.174866 0.01341963 0.99940982 -0.031621672 -0.36565064 -0.86564846 -0.0042167102 -0.50063462 -7.5016596
-0.49848834 0.031726618 0.86631561 57.070367 0.013805955 0.99949388 -0.028659823 -0.41803722 -0.8667865 -0.0023262731 -0.49867406 -8.0217464
-0.49559667 0.030684511 0.86801056 57.983079 0.014736416 0.99952897 -0.026919877 -0.4656722 -0.8684278 -0.00055003601 -0.49581541 -8.5222165
-0.49362602 0.029986327 0.86915712 58.858182 0.014114 0.99954999 -0.026469085 -0.52217313 -0.86955978 -0.00079854484 -0.49382711 -9.0154181
-0.49099613 0.030627109 0.87062317 59.760752 0.01503888 0.99953088 -0.026680554 -0.57114468 -0.87103197 -6.850829e-06 -0.4912264 -9.5340452
-0.49053534 0.03113027 0.87086504 60.643628 0.01518634 0.99951533 -0.027174986 -0.61904139 -0.871289 -0.00010503786 -0.49077035 -10.004987
-0.4906328 0.032491486 0.87076041 61.551886 0.014532593 0.99947069 -0.029105733 -0.66780526 -0.87124527 -0.00162582 -0.49084529 -10.498673
-0.49368939 0.034195772 0.86896569 62.416765 0.013098696 0.99940564 -0.031887057 -0.72371753 -0.86953969 -0.0043599831 -0.49384388 -10.992925
-0.49810272 0.034763959 0.86642084 63.288898 0.011564995 0.99937348 -0.033449821 -0.78354279 -0.86704094 -0.0066412936 -0.4981927 -11.489157
-0.50390587 0.033524754 0.8631077 64.167656 0.011643419 0.99941936 -0.032021611 -0.83111405 -0.86368013 -0.006086352 -0.50400362 -11.997604
-0.50961968 0.030891435 0.85984501 65.02466 0.014833651 0.99952218 -0.027117855 -0.88889946 -0.86027194 -0.001065151 -0.50983441 -12.499351
-0.51448491 0.02909697 0.85700559 65.882376 0.012507298 0.99957245 -0.026428897 -0.93583889 -0.85740825 -0.0028784434 -0.51462887 -13.012647
-0.51917409 0.031578407 0.85408489 66.72919 0.01348806 0.99949546 -0.028755715 -0.98879566 -0.85456211 -0.0034092731 -0.51933808 -13.524798
-0.5245428 0.033935192 0.85070747 67.576226 0.013965605 0.99941384 -0.031256035 -1.0393209 -0.85126957 -0.0045144832 -0.52470926 -14.032407
-0.52914204 0.033954162 0.84785362 68.409438 0.01209332 0.99939936 -0.03247575 -1.0937318 -0.84844712 -0.0069309185 -0.52923483 -14.551003
-0.53301325 0.034823669 0.84538992 69.24253 0.011307633 0.99935662 -0.034036536 -1.1491562 -0.84603136 -0.0085825656 -0.5330641 -15.056853
-0.5362205 0.034108675 0.84338847 70.064789 0.011586587 0.9993865 -0.033050941 -1.2025986 -0.84399845 -0.007950598 -0.53628674 -15.576345
-0.53914281 0.027361452 0.84176975 70.877657 0.013470002 0.99962444 -0.0238651 -1.2479665 -0.84210667 -0.0015280565 -0.53930889 -16.097488
-0.54101909 0.019061319 0.84079424 71.704255 0.013987952 0.99980878 -0.01366556 -1.2904904 -0.84089401 0.0043676613 -0.54118227 -16.632997
-0.54361733 0.016314422 0.83917458 72.534572 0.014075239 0.99984768 -0.010320132 -1.3299091 -0.83921519 0.0062013809 -0.54376416 -17.140035
-0.54468123 0.022235792 0.8383483 73.323663 0.014661197 0.99974814 -0.016991162 -1.3631916 -0.83851504 0.0030364236 -0.54487005 -17.65267
-0.54574916 0.026992089 0.83751371 74.133756 0.014777703 0.99963565 -0.022587492 -1.4059149 -0.83781832 4.9424926e-05 -0.5459492 -18.173173
-0.54666392 0.032407888 0.8367247 74.9332 0.021408564 0.99946505 -0.024724096 -1.4420411 -0.83707842 0.0043973038 -0.54706529 -18.696966
-0.54605508 0.033120901 0.83709426 75.720544 0.024414799 0.9994229 -0.023617365 -1.4856493 -0.83739347 0.0075411067 -0.5465486 -19.22234
-0.54548498 0.030403885 0.83756891 76.530962 0.024308164 0.99949532 -0.020450618 -1.5306086 -0.83776805 0.0092042579 -0.54594875 -19.748285
-0.54466739 0.025150543 0.83827491 77.321221 0.022088314 0.99963368 -0.015639911 -1.5587193 -0.83836126 0.0099975308 -0.54502341 -20.264537
-0.54451849 0.019453253 0.83852318 78.126027 0.020972145 0.99973421 -0.009574406 -1.5888909 -0.83848664 0.01237219 -0.54478174 -20.767792
-0.54345008 0.012517695 0.83934811 78.935274 0.011353649 0.99990696 -0.0075610909 -1.6265361 -0.83936474 0.0054205892 -0.54354164 -21.282631
-0.54213892 0.0071631509 0.8402583 79.726981 0.0025978652 0.99997317 -0.0068485531 -1.6546562 -0.84028489 -0.0015299887 -0.54214299 -21.768302
-0.54102586 0.0077786124 0.84096995 80.534195 0.0059286962 0.99996765 -0.0054351309 -1.676744 -0.8409851 0.0020453098 -0.54105448 -22.281412
-0.53856348 0.011441113 0.84250722 81.314844 0.011817174 0.99991203 -0.0060246456 -1.7050014 -0.8425021 0.006711401 -0.53865131 -22.775228
-0.53143904 0.014573686 0.84697113 82.084554 0.012770416 0.99987621 -0.0091917933 -1.7324123 -0.84700031 0.0059312963 -0.53155937 -23.262625
-0.52455189 0.016540055 0.85121776 82.887371 0.017585679 0.99980846 -0.0085903802 -1.76274 -0.85119687 0.010463144 -0.52474229 -23.748529
-0.51682302 0.01934361 0.85587366 83.688845 0.025196284 0.99965529 -0.0073783337 -1.7961296 -0.85572143 0.017751545 -0.51713226 -24.250147
-0.50648817 0.018676099 0.86204459 84.49182 0.023412144 0.99969466 -0.0079026336 -1.821948 -0.86192904 0.016179722 -0.50677077 -24.713907
-0.49657946 0.015978112 0.86784415 85.301229 0.019411896 0.99978492 -0.0072998422 -1.8460603 -0.86777421 0.01322155 -0.49678282 -25.166475
-0.48435413 0.01368582 0.87476495 86.112573 0.021942058 0.99975315 -0.0034920403 -1.8681335 -0.87459687 0.01750276 -0.48453486 -25.612459
-0.4734066 0.01228943 0.88075825 86.933154 0.021344622 0.99976911 -0.0024773051 -1.8919231 -0.88058541 0.017626681 -0.47355961 -26.039718
-0.46198874 0.011348143 0.88681315 87.761792 0.020924097 0.99977927 -0.0018932289 -1.9147337 -0.88663896 0.017681115 -0.46212422 -26.459708
-0.44921209 0.013368283 0.89332509 88.59441 0.02483727 0.99968845 -0.002470451 -1.9344847 -0.89307988 0.021078001 -0.44940418 -26.875388
-0.43778004 0.016153162 0.89893695 89.415292 0.023659806 0.99969932 -0.0064415124 -1.9678329 -0.89877078 0.01844871 -0.43803059 -27.261946
-0.42620355 0.026040094 0.90425239 90.256027 0.026467199 0.99951664 -0.016308602 -1.9913648 -0.90424006 0.016982245 -0.42668675 -27.654875
-0.41313411 0.031069069 0.91014002 91.072834 0.026678286 0.99940182 -0.022006255 -2.0240694 -0.91027938 0.015189442 -0.41371585 -28.017245
-0.40174036 0.027362201 0.9153447 91.936724 0.023793466 0.99952795 -0.019435835 -2.0583608 -0.9154445 0.013971065 -0.40220176 -28.384801
-0.38966075 0.023829498 0.92065009 92.759496 0.025145598 0.99956779 -0.015229397 -2.0960619 -0.92061516 0.017216 -0.39009154 -28.727089
-0.38014786 0.024669718 0.92459663 93.611078 0.0224418 0.99959596 -0.017443874 -2.1299337 -0.92465347 0.014118362 -0.3805479 -29.059167
-0.37352568 0.028621291 0.92717815 94.448477 0.01678474 0.99956878 -0.024093985 -2.1718037 -0.92746801 0.0065627225 -0.37384501 -29.389031
-0.36817232 0.033545397 0.92915218 95.303565 0.0097654263 0.99943331 -0.032213265 -2.2105388 -0.92970633 -0.0027864647 -0.36829127 -29.707514
-0.36412412 0.035233823 0.93068369 96.143022 0.005788789 0.99935047 -0.035568581 -2.2595999 -0.93133248 -0.0075638459 -0.36409157 -30.018744
-0.36118799 0.035554137 0.93181493 96.982946 0.0061050267 0.99934161 -0.035764253 -2.3070038 -0.93247308 -0.0072288629 -0.36116725 -30.345737
-0.35611093 0.03554635 0.93376731 97.839334 0.0053101585 0.99933706 -0.0360173 -2.3563513 -0.93442864 -0.007867701 -0.3560636 -30.670623
-0.35111802 0.030995325 0.93581801 98.667494 0.0019642832 0.99947413 -0.032366688 -2.4051407 -0.93632919 -0.0095263151 -0.35099427 -30.970696
-0.34540416 0.027303704 0.93805672 99.528598 0.0028434924 0.99960253 -0.028048087 -2.4494606 -0.93844976 -0.007020568 -0.34534451 -31.278047
-0.33993288 0.024825998 0.94012192 100.37949 0.0018788221 0.99966744 -0.025719076 -2.4928071 -0.94044786 -0.0069764369 -0.33986648 -31.586516
-0.33452214 0.023128027 0.942104 101.21979 -0.003897345 0.9996563 -0.025924764 -2.5408346 -0.94237987 -0.012344112 -0.33431703 -31.862822
-0.32780908 0.022242247 0.94448209 102.07717 -0.016544948 0.99943435 -0.029278742 -2.5807364 -0.94459915 -0.025224244 -0.32725566 -32.131651
-0.32095896 0.026056271 0.94673457 102.92846 -0.014269513 0.99937497 -0.032342658 -2.6295435 -0.94698564 -0.023890107 -0.32038655 -32.410279
-0.3138865 0.02989754 0.94898963 103.7925 -0.011877177 0.99930225 -0.035411096 -2.6785562 -0.94938626 -0.022386382 -0.31331239 -32.686982
-0.30737953 0.028149271 0.95117052 104.63217 -0.013876886 0.99932349 -0.034058768 -2.7193717 -0.95148586 -0.023668253 -0.30678096 -32.949097
-0.30055274 0.023094562 0.95348551 105.49395 -0.013790519 0.99949706 -0.02855599 -2.7657419 -0.95366553 -0.021731641 -0.30008309 -33.210158
-0.29367735 0.020750681 0.95567931 106.3445 -0.013485735 0.99957492 -0.025847911 -2.8028687 -0.95580951 -0.020478984 -0.29327268 -33.454371
-0.28708222 0.023235803 0.95762405 107.20521 -0.016369566 0.99944077 -0.029157808 -2.8518745 -0.95776611 -0.024046578 -0.28654132 -33.709854
-0.28026629 0.02636359 0.95956015 108.06912 -0.016499679 0.9993428 -0.032275794 -2.8978064 -0.95978052 -0.024878251 -0.27964711 -33.959576
-0.27414253 0.027406788 0.96129842 108.91851 -0.017611657 0.99928312 -0.033512219 -2.9355071 -0.96152784 -0.026117183 -0.27346333 -34.183323
-0.26703687 0.026078999 0.96333334 109.79267 -0.018685194 0.99930573 -0.03223238 -2.9887784 -0.96350519 -0.026607304 -0.26636418 -34.420109
-0.25926542 0.025876252 0.96545936 110.63933 -0.015886155 0.99939152 -0.031051784 -3.0340222 -0.96567549 -0.023388091 -0.25869659 -34.636638
-0.25134945 0.027294561 0.96751144 111.50621 -0.011183003 0.99945369 -0.031100913 -3.0807469 -0.96783184 -0.01863688 -0.2509069 -34.86235
-0.24434405 0.028010328 0.96928392 112.39478 -0.0091425294 0.99947174 -0.031187407 -3.1230724 -0.96964554 -0.016482164 -0.24395889 -35.087282
-0.2380095 0.027140014 0.97088352 113.24125 -0.01533479 0.99937992 -0.031695881 -3.1637404 -0.9711418 -0.022432215 -0.23744573 -35.273861
-0.23200144 0.024841818 0.97239814 114.11167 -0.020899611 0.99931576 -0.030515852 -3.2122245 -0.97249093 -0.027402465 -0.23132351 -35.467922
-0.22736572 0.025289171 0.97348097 114.99858 -0.017000812 0.99940731 -0.029933387 -3.2521052 -0.97366107 -0.023355793 -0.22680103 -35.673798
-0.22277894 0.025543337 0.97453425 115.84607 -0.014997287 0.99944858 -0.029624747 -3.2978277 -0.97475366 -0.021215139 -0.22227302 -35.857112
-0.21790396 0.026982967 0.9755971 116.73314 -0.014818829 0.99941103 -0.03095146 -3.3432324 -0.97585775 -0.021201652 -0.21737577 -36.05407
-0.21205224 0.026060983 0.97691074 117.5869 -0.0089699643 0.99955035 -0.028611993 -3.3832712 -0.97721721 -0.014830091 -0.21172312 -36.235461
-0.20683603 0.025149965 0.97805228 118.45967 -0.00066338446 0.99966572 -0.02584603 -3.423259 -0.97837544 -0.0059947143 -0.20675021 -36.426859
-0.20177673 0.023947274 0.9791387 119.34909 0.00098866269 0.99970552 -0.024246546 -3.4703907 -0.97943109 -0.0039243503 -0.20174099 -36.618113
-0.19771877 0.025635853 0.97992347 120.20223 -0.00027049284 0.99965651 -0.026206666 -3.5077134 -0.98025879 -0.0054466112 -0.19764392 -36.778305
-0.19425985 0.027395921 0.98056743 121.06768 -0.0037453907 0.99958194 -0.028669161 -3.5481966 -0.980943 -0.0092418745 -0.19407603 -36.936392
-0.19196674 0.026859789 0.98103376 121.95649 -0.0045474197 0.99959033 -0.028257678 -3.590763 -0.98139094 -0.0098857059 -0.19176595 -37.105402
-0.19154831 0.025580985 0.98114972 122.80776 -0.0058965186 0.99961225 -0.027213515 -3.6347635 -0.98146552 -0.01099807 -0.1913232 -37.258994
-0.19038474 0.021589067 0.9814721 123.69607 -0.0049038609 0.99972477 -0.022941808 -3.6705481 -0.98169735 -0.009180772 -0.19022647 -37.426221
-0.18952244 0.015854005 0.98174834 124.53977 -0.0049751872 0.99984129 -0.017106622 -3.7097671 -0.98186383 -0.0081264698 -0.18941349 -37.581251
-0.18900348 0.013669311 0.98188123 125.41345 -0.0042318586 0.99988249 -0.01473451 -3.7446209 -0.98196734 -0.0069400555 -0.18892342 -37.743698
-0.187613 0.018509131 0.98206858 126.29587 -0.005822405 0.99978392 -0.019955316 -3.782086 -0.98222581 -0.0094618771 -0.1874647 -37.908163
-0.18740371 0.022384188 0.98202786 127.12723 -0.0047898897 0.99970761 -0.023701247 -3.816935 -0.98227134 -0.0091455062 -0.1872417 -38.061868
-0.18745191 0.021826274 0.98203122 127.97664 -0.0063557376 0.99970522 -0.023432283 -3.8473785 -0.98225326 -0.010633958 -0.18725793 -38.221471
-0.18718925 0.020884384 0.9821018 128.83722 -0.0081734671 0.99970626 -0.02281661 -3.8897632 -0.98228991 -0.0122982 -0.18696357 -38.372839
-0.1863309 0.021337558 0.98225527 129.68134 -0.002681515 0.99974937 -0.022226257 -3.9269028 -0.98248343 -0.0067753699 -0.18622698 -38.537802
-0.18550505 0.023926716 0.98235193 130.52912 -0.0045842911 0.99967156 -0.025214248 -3.9698901 -0.98263266 -0.0091807567 -0.18533444 -38.686913
-0.18581068 0.024901121 0.98226994 131.35734 -0.016137692 0.99946666 -0.028389746 -4.0047612 -0.98245308 -0.021126688 -0.18530973 -38.823342
-0.18539206 0.02651388 0.98230683 132.19471 -0.019010693 0.99935207 -0.030561867 -4.0429676 -0.98248077 -0.024340261 -0.1847679 -38.968402
-0.18572223 0.029675311 0.98215403 133.03706 -0.020640985 0.99920547 -0.034093655 -4.0943627 -0.98238551 -0.026604576 -0.18496214 -39.114054
-0.18467024 0.030742389 0.98231956 133.86987 -0.015948136 0.99928531 -0.034271497 -4.1378622 -0.98267118 -0.021995091 -0.18404797 -39.266475
-0.18312155 0.031893905 0.98257274 134.69099 -0.01713631 0.99921819 -0.035627893 -4.1871356 -0.98294096 -0.023361906 -0.18243184 -39.412253
-0.18082346 0.031190164 0.98302084 135.50432 -0.011312642 0.99936494 -0.033789666 -4.2250749 -0.98345055 -0.017230527 -0.18035579 -39.565786
-0.17768467 0.02844561 0.98367623 136.32769 -0.0032357997 0.99955986 -0.029489419 -4.272808 -0.9840822 -0.0084227961 -0.17751442 -39.716557
-0.17559937 0.023710546 0.9841761 137.13809 0.0018124604 0.99971601 -0.023761545 -4.3099147 -0.98446008 -0.0023887313 -0.17559248 -39.868769
-0.17151038 0.023456269 0.984903 137.96474 0.0056865455 0.99972344 -0.022818977 -4.3460442 -0.98516594 0.0016870051 -0.17159633 -40.011573
-0.16693788 0.027480511 0.98558434 138.76655 0.0015391778 0.99961756 -0.027611085 -4.3982283 -0.98596626 -0.0030923456 -0.16691634 -40.137211
-0.16061423 0.031301945 0.98652074 139.58524 0.0051767658 0.99950996 -0.030871264 -4.4339633 -0.98700372 0.00014862337 -0.16069757 -40.26459
-0.15255268 0.031309522 0.98779923 140.36725 0.00089836558 0.99950203 -0.031541714 -4.4754477 -0.98829497 -0.0039243675 -0.15250484 -40.376407
-0.14275072 0.028132337 0.98935874 141.14737 0.0098069861 0.99958711 -0.027008167 -4.5022534 -0.98971013 0.0058471933 -0.14296767 -40.490912
-0.13070737 0.026635992 0.99106308 141.976 0.017107167 0.9995508 -0.024607912 -4.5457333 -0.99127343 0.013737847 -0.13110433 -40.59573
-0.11689071 0.02861864 0.99273232 142.76476 0.015511968 0.9995154 -0.026987703 -4.5883501 -0.99302368 0.012244622 -0.11727799 -40.686737
-0.10271897 0.029920107 0.99426029 143.58444 0.014015929 0.99949182 -0.028629524 -4.627273 -0.99461171 0.010994688 -0.10308613 -40.762584
-0.089166638 0.029786278 0.9955712 144.32657 0.017133713 0.9994507 -0.028367795 -4.6626429 -0.99586938 0.014528371 -0.08962801 -40.828726
-0.075440522 0.031703615 0.99664614 145.11142 0.021689916 0.99931013 -0.030146551 -4.6992173 -0.99691442 0.019342901 -0.076076128 -40.884456
-0.061489127 0.037165665 0.99741552 145.93432 0.016446259 0.99920855 -0.036218589 -4.7552847 -0.99797229 0.014176706 -0.062051699 -40.922394
-0.048696208 0.04659051 0.99772637 146.69383 0.0098562923 0.99888527 -0.046163567 -4.8010244 -0.99876505 0.0075858931 -0.049101136 -40.939316
-0.035139129 0.055067728 0.99786407 147.44224 0.0026542547 0.99848236 -0.055008379 -4.8458426 -0.99937895 0.00071563973 -0.035231966 -40.947768
-0.021902143 0.056168869 0.99818098 148.20517 0.0020722531 0.99842093 -0.0561369 -4.8984581 -0.99975801 0.00083896609 -0.021983956 -40.954482
-0.010076789 0.052068318 0.99859264 148.96679 0.0022771138 0.99864199 -0.052047911 -4.9510748 -0.99994668 0.0017494342 -0.010181672 -40.946606
0.00083865276 0.049261924 0.9987855 149.74781 0.0007252962 0.9987856 -0.049262536 -5.0090443 -0.99999943 0.00076573035 0.00080190328 -40.931286
0.0098818659 0.055220223 0.99842526 150.48999 -0.0044368378 0.99846664 -0.055178597 -5.0751723 -0.99994137 -0.0038845827 0.010111715 -40.908725
0.016351304 0.064117425 0.99780835 151.23397 -0.011069964 0.99789225 -0.063941408 -5.1229541 -0.99980507 -0.010000177 0.017026616 -40.882219
0.019547087 0.067240237 0.99754528 151.98279 -0.017321428 0.99760898 -0.066905112 -5.1786333 -0.99965892 -0.015971108 0.020665045 -40.8615
0.019318788 0.063144048 0.99781738 152.74662 -0.017869346 0.99786607 -0.062801158 -5.2349387 -0.99965372 -0.016617101 0.020405904 -40.83162
0.018275538 0.05747575 0.99817957 153.50161 -0.011540214 0.99829197 -0.057270932 -5.3070003 -0.99976643 -0.010472548 0.018907604 -40.815015
0.014943742 0.05509838 0.99836905 154.25108 -0.01304933 0.9984063 -0.05490511 -5.359525 -0.99980322 -0.012207559 0.015638922 -40.798248
0.012284831 0.055216666 0.99839878 155.00111 -0.012675634 0.99840254 -0.055060904 -5.4144225 -0.99984424 -0.011978922 0.012965111 -40.783754
0.0086243348 0.055522218 0.99842016 155.73308 -0.011118657 0.99840094 -0.055425105 -5.4675252 -0.99990104 -0.010623086 0.009227875 -40.779668
0.0039003785 0.053700435 0.99854943 156.49209 -0.010901497 0.99850001 -0.053655194 -5.5257538 -0.99993301 -0.010676408 0.0044799416 -40.771639
-0.0016145602 0.054069146 0.99853585 157.21857 -0.01446988 0.99843139 -0.054086884 -5.5793466 -0.99989404 -0.01453602 -0.0008296551 -40.764219
-0.0073753871 0.052322832 0.99860294 157.96123 -0.014151373 0.99852468 -0.052423247 -5.6286709 -0.99987271 -0.014518244 -0.0066240677 -40.76511
-0.012842903 0.049532081 0.99868992 158.71283 -0.011555718 0.99869828 -0.049681097 -5.6836673 -0.99985079 -0.012178628 -0.012253808 -40.777789
-0.018573174 0.049343193 0.99860913 159.44171 -0.012845657 0.99868725 -0.049585968 -5.7337551 -0.99974502 -0.013748759 -0.017914948 -40.784659
-0.02383174 0.050695432 0.99842974 160.1652 -0.013568277 0.99860504 -0.051028196 -5.7837885 -0.99962395 -0.014763062 -0.023110647 -40.795341
-0.028034577 0.052918281 0.99820521 160.87715 -0.014823127 0.99846593 -0.053348408 -5.836516 -0.99949708 -0.016292122 -0.027207158 -40.809166
-0.03032036 0.054996408 0.99802604 161.60657 -0.013816682 0.9983667 -0.055434934 -5.8912017 -0.99944478 -0.015470215 -0.029510971 -40.831219
-0.032066826 0.056554367 0.99788438 162.31796 -0.011494465 0.99831098 -0.056947915 -5.9475942 -0.99941967 -0.013296286 -0.031362604 -40.854152
-0.031168534 0.054990845 0.99800022 163.03929 -0.0085781037 0.9984339 -0.055282642 -5.9976176 -0.99947737 -0.010284028 -0.030648005 -40.880791
-0.027452092 0.051428263 0.99829927 163.73977 -0.0050787142 0.99865563 -0.051586278 -6.0463961 -0.99961026 -0.0064862272 -0.027153998 -40.898927
-0.020314789 0.050832324 0.99850053 164.44126 -0.0047440547 0.99869052 -0.050938514 -6.1048529 -0.99978242 -0.0057717455 -0.020047037 -40.906896
-0.0093455384 0.052148348 0.99859558 165.15251 -0.0027712563 0.99863404 -0.052176291 -6.1571821 -0.99995253 -0.0032549791 -0.0091882579 -40.905865
0.0047510952 0.05207253 0.99863196 165.83159 -0.00045180708 0.99864328 -0.052070969 -6.2070467 -0.99998865 -0.00020379402 0.0047681746 -40.896596
0.02017306 0.050166555 0.99853707 166.52198 -0.0011836273 0.99874085 -0.050152878 -6.2530163 -0.99979584 -0.00017015787 0.020207036 -40.869962
0.036242453 0.045209261 0.99831985 167.2173 -0.0051095697 0.99897152 -0.045053275 -6.2987125 -0.99933001 -0.0034681429 0.036436177 -40.828935
0.052710193 0.038646377 0.99786172 167.89223 -0.0067222143 0.99924196 -0.038344743 -6.3401987 -0.99858727 -0.0046866808 0.052930024 -40.779801
0.070405772 0.031208555 0.99703007 168.5737 -0.0065377382 0.99950344 -0.030824308 -6.3774031 -0.99749705 -0.0043481116 0.070574843 -40.72026
0.08721135 0.023356313 0.99591595 169.24754 -0.006536921 0.99971701 -0.022873023 -6.4110446 -0.99616843 -0.004515436 0.087339347 -40.647831
0.10465859 0.017334148 0.99435709 169.90475 -0.0089987574 0.99982366 -0.016482302 -6.44706 -0.99446754 -0.007222963 0.10479612 -40.562592
0.12262312 0.014968134 0.99234039 170.56669 -0.010092591 0.99985336 -0.013834319 -6.4784915 -0.99240203 -0.0083188772 0.12275621 -40.465482
0.1408081 0.013895628 0.98993935 171.20206 -0.0076876825 0.9998867 -0.012941767 -6.4930645 -0.9900071 -0.005788033 0.14089897 -40.362345
0.15861205 0.013712352 0.98724572 171.84338 -0.010113161 0.99987366 -0.012262955 -6.517807 -0.98728923 -0.0080391214 0.15873069 -40.245745
0.17456275 0.013001934 0.98456016 172.49671 -0.014332768 0.99984043 -0.010662518 -6.5334123 -0.98454177 -0.012250194 0.17472125 -40.115667
0.18882807 0.0094877506 0.98196429 173.11062 -0.017190967 0.99983203 -0.0063546296 -6.5542099 -0.98185972 -0.015680982 0.18895946 -39.97737
0.20150824 0.0051928658 0.97947301 173.73629 -0.013350635 0.99990761 -0.00255456 -6.5728652 -0.97939587 -0.012561821 0.20155895 -39.837555
0.21229207 0.003546462 0.97719978 174.37208 -0.010451619 0.99994446 -0.0013584415 -6.5929737 -0.97715041 -0.0099249327 0.21231735 -39.698413
0.22181776 0.0071010359 0.97506224 174.95846 -0.015018072 0.99987975 -0.0038652984 -6.6136433 -0.97497252 -0.013786163 0.22189773 -39.545156
0.23077122 0.014245341 0.97290371 175.56552 -0.018764258 0.99977203 -0.010187897 -6.6330381 -0.97282713 -0.015904742 0.23098592 -39.386651
0.23960409 0.02418135 0.97056945 176.12868 -0.017909449 0.99962976 -0.020484077 -6.6503223 -0.97070552 -0.012474295 0.23994845 -39.240605
0.24807816 0.031103536 0.96824053 176.7189 -0.015082867 0.99948729 -0.028242835 -6.6685759 -0.96862264 -0.007597412 0.2484201 -39.084974
0.25463846 0.029670926 0.96658099 177.33973 -0.014328425 0.99953523 -0.026907799 -6.6860695 -0.96693021 -0.0069978225 0.25494524 -38.920953
0.26047438 0.022127603 0.96522712 177.93171 -0.017009551 0.99968734 -0.018327429 -6.7073653 -0.96533095 -0.011644253 0.26076932 -38.74203
0.26513203 0.011614682 0.96414212 178.54713 -0.021486571 0.99975031 -0.0061349909 -6.7329126 -0.96397272 -0.019089525 0.26531539 -38.5561
0.2670489 0.0021583628 0.96368052 179.15299 -0.020055056 0.99979337 0.0033182822 -6.7599406 -0.96347432 -0.02021281 0.26703701 -38.386193
0.26773533 0.0012470483 0.96349165 179.75306 -0.016433647 0.9998596 0.0032724671 -6.7770541 -0.96335238 -0.016709836 0.26771823 -38.221116
0.26900948 0.0043198374 0.9631278 180.37135 -0.014492763 0.99989488 -0.00043679824 -6.7808768 -0.96302852 -0.013840879 0.26904381 -38.053592
0.27063538 0.0040330908 0.96267344 180.96771 -0.011225735 0.99993646 -0.0010333236 -6.7910004 -0.96261651 -0.010527062 0.27066346 -37.881621
0.27253946 0.0022750547 0.96214188 181.57372 -0.013196139 0.99991198 0.001373617 -6.7916755 -0.96205415 -0.013070922 0.27254549 -37.700656
0.27506514 -0.0022304166 0.96142296 182.19321 -0.012939199 0.99989815 0.0060216081 -6.8105725 -0.96133856 -0.014096377 0.27500827 -37.517567
0.27848618 -0.007507214 0.96041086 182.80435 -0.01134067 0.99987404 0.01110409 -6.8205234 -0.96037332 -0.013984038 0.27836596 -37.330867
0.28226196 -0.010528511 0.95927955 183.43409 -0.010800559 0.99984153 0.014151692 -6.8283123 -0.95927661 -0.01435524 0.28210351 -37.146626
0.28832043 -0.01221548 0.95745602 184.04043 -0.0089842147 0.9998401 0.01546166 -6.825578 -0.95749188 -0.013059902 0.28816458 -36.961008
0.29647912 -0.015178282 0.95491867 184.67448 -0.0078966569 0.99980056 0.018343393 -6.8284089 -0.95500673 -0.012979098 0.29630013 -36.757244
0.30576705 -0.017361719 0.95194801 185.28238 -0.0053634104 0.99978645 0.019956937 -6.8319322 -0.95209129 -0.011207861 0.30560863 -36.554238
0.31711965 -0.015572771 0.94825764 185.90513 -0.0068795319 0.9998011 0.018719921 -6.8361753 -0.94836063 -0.012460023 0.31694944 -36.333796
0.32896031 -0.012162745 0.94426538 186.50965 -0.0067443509 0.99986129 0.015228432 -6.8405747 -0.9443197 -0.011378006 0.32883265 -36.109313
0.33991035 -0.0081375108 0.9404226 187.12065 -0.0089194035 0.9998897 0.011875949 -6.8372044 -0.94041558 -0.012424766 0.33980028 -35.877569
0.35202314 -0.0078602833 0.93595825 187.75038 -0.0079620805 0.99990341 0.011391919 -6.836936 -0.93595747 -0.011462393 0.35192655 -35.631038
0.362906 -0.010733627 0.93176389 188.37519 -0.0072166119 0.99987129 0.014328949 -6.8418534 -0.93179785 -0.011924239 0.36278183 -35.381162
0.37402115 -0.012502033 0.92733587 188.99291 -0.0074580647 0.99983626 0.01648751 -6.8440694 -0.92739023 -0.013082808 0.37386666 -35.1172
0.38522692 -0.012998575 0.92273029 189.62053 -0.0097108906 0.99978833 0.018138258 -6.8508506 -0.92277082 -0.015947878 0.38501915 -34.846999
0.39499715 -0.014374287 0.91856985 190.23435 -0.012052062 0.99971046 0.020826565 -6.8405467 -0.91860333 -0.019297094 0.39470954 -34.55471
0.40179891 -0.013211112 0.91563259 190.88393 -0.016647314 0.99962531 0.021728185 -6.8418185 -0.91557664 -0.023973184 0.40142842 -34.263992
0.40648848 -0.015536292 0.91352377 191.52068 -0.016264455 0.99957393 0.024236902 -6.8330929 -0.91351117 -0.024709988 0.40606259 -33.970573
0.40841201 -0.020341882 0.91257096 192.15963 -0.012270649 0.99953897 0.027772068 -6.8291089 -0.91271525 -0.022540284 0.40797411 -33.678939
0.4089486 -0.018747826 0.91236478 192.81669 -0.009543218 0.99964641 0.024818892 -6.8240546 -0.91250755 -0.018856547 0.40862509 -33.393069
0.40820256 -0.018854165 0.91269662 193.47891 -0.0072257405 0.99968865 0.02388292 -6.8221517 -0.91286282 -0.016343978 0.40793923 -33.095572
0.40660373 -0.017467527 0.91343759 194.1543 -0.0046739227 0.99976435 0.021198871 -6.819924 -0.91359271 -0.012888876 0.40642627 -32.805276
0.40691713 -0.019033436 0.91326672 194.81734 -0.00093312819 0.99977371 0.021252099 -6.8082011 -0.91346464 -0.0095000373 0.40680729 -32.501013
0.40545066 -0.025462392 0.9137622 195.5089 0.0031235478 0.99964474 0.02646958 -6.802406 -0.91411163 -0.0078779282 0.40538616 -32.20898
0.40484421 -0.02847627 0.91394212 196.18813 0.0033205457 0.99955415 0.029672853 -6.7984836 -0.91437969 -0.0089780956 0.40475827 -31.903683
0.40321363 -0.030675113 0.91459157 196.88088 0.0042303318 0.99948982 0.031657558 -6.7897849 -0.91509614 -0.0088957322 0.40313768 -31.598254
0.40133933 -0.030944099 0.91540654 197.56814 0.0028655997 0.99946667 0.032529282 -6.7846301 -0.915925 -0.010432091 0.40121395 -31.292962
0.40004762 -0.031101313 0.91596645 198.24875 0.0013427297 0.99944286 0.033349288 -6.7706446 -0.91649341 -0.012111407 0.3998665 -30.979281
0.39799391 -0.030423871 0.9168834 198.94264 0.0010747526 0.99946471 0.032697549 -6.7635926 -0.91738747 -0.012028002 0.39781357 -30.694347
0.3969423 -0.027233949 0.9174394 199.63584 0.0022666734 0.99958574 0.028691735 -6.7606106 -0.9178408 -0.0093094273 0.39683959 -30.389574
0.39661559 -0.020939449 0.9177459 200.30441 0.00056919405 0.99974523 0.022564376 -6.7630914 -0.91798465 -0.0084270071 0.39652646 -30.084858
0.39494012 -0.017890432 0.91853261 200.9955 -0.0019021907 0.99979231 0.020291025 -6.7541623 -0.91870493 -0.0097609634 0.39482406 -29.782841
0.39412174 -0.0199032 0.91884267 201.69233 -0.0026945 0.99973616 0.022811207 -6.7454664 -0.91905433 -0.011466213 0.39396412 -29.483668
0.39266994 -0.023456252 0.91938025 202.37618 -0.0037006535 0.99962631 0.027084138 -6.7411618 -0.91967206 -0.014037434 0.3924364 -29.185161
0.38937979 -0.023114197 0.92078718 203.06731 -0.0079813897 0.99956287 0.028466822 -6.74313 -0.92104275 -0.018433566 0.3890251 -28.887563
0.38548837 -0.023124527 0.92242284 203.75542 -0.010685808 0.99950699 0.029522666 -6.7378527 -0.92265086 -0.021237477 0.38505121 -28.590925
0.37829197 -0.023991632 0.92537534 204.44274 -0.010916811 0.99947894 0.030375645 -6.731921 -0.925622 -0.02159301 0.37783295 -28.306062
0.36961933 -0.024329283 0.92886467 205.14288 -0.010260136 0.99948934 0.030261894 -6.7205629 -0.92912666 -0.020715658 0.36918095 -28.022145
