1.000000000000000000e+00 4.398956837314658088e-19 2.733407509747682871e-20 -8.673617379884035472e-19 -5.583667658079949532e-19 1.000000000000000000e+00 -6.100159232558060012e-19 0.000000000000000000e+00 4.145284534913582806e-20 -2.210423569125054137e-19 1.000000000000000222e+00 0.000000000000000000e+00
9.999509789991635200e-01 -1.379312434249704497e-03 9.804953363820034795e-03 4.643509476971131172e-02 1.372398272324317544e-03 9.999988048837445964e-01 7.118647254537826445e-04 -4.527908640567318566e-03 -9.805923698625871807e-03 -6.983735244480781352e-04 9.999516768938744304e-01 2.455790930028465269e-01
9.998652512225731925e-01 -3.298395004647464244e-03 1.608104511968011519e-02 8.057665812824045537e-02 3.276946292410911656e-03 9.999937060459531679e-01 1.359957794567584217e-03 -5.435082035342611584e-03 -1.608542986127774188e-02 -1.307077815535557727e-03 9.998697667576054160e-01 5.103148417201545106e-01
9.997878010527031512e-01 -7.129662592624828703e-03 1.932668649793792964e-02 5.934875318293270086e-02 7.145201616259768372e-03 9.999742025354042552e-01 -7.350815470636602733e-04 -1.663371095137013145e-02 -1.932094736959744444e-02 8.730186660583672421e-04 9.998129519116769615e-01 8.987336482518930580e-01
9.998260066327785411e-01 -7.700092251023533951e-03 1.699014634209757360e-02 6.188599189207276419e-02 7.725089290622431590e-03 9.999691724244726965e-01 -1.406123259090718289e-03 -1.948430159243266790e-02 -1.697879559284234258e-02 1.537129035778965437e-03 9.998546682970693711e-01 1.147176677241679821e+00
9.998765544707701736e-01 -1.142632025957920558e-02 1.078494590725562023e-02 6.661505893116567711e-02 1.146797685752773063e-02 9.999269875178911082e-01 -3.808558867345487181e-03 -2.573895832407441242e-02 -1.074064084660351914e-02 3.931770281950216876e-03 9.999345877621009793e-01 1.525623451489868776e+00
9.999251564443397688e-01 -1.214451356922009381e-02 -1.480648196567455662e-03 5.808476143212309983e-02 1.213790331265903605e-02 9.999166758887900741e-01 -4.394606022745569870e-03 -3.144270399970751362e-02 1.533895199179273949e-03 4.376305197476910297e-03 9.999892475020789595e-01 1.800793111094934895e+00
9.997813683845386823e-01 -1.165925317335897785e-02 -1.735733958348622055e-02 2.048997671673011972e-02 1.157474199484767249e-02 9.999207016005781101e-01 -4.961435152125782608e-03 -3.814117010907951133e-02 1.741381010115274075e-02 4.759443733973820444e-03 9.998370401929799201e-01 2.121397669169462485e+00
9.993120034116476091e-01 -7.250375307164676382e-03 -3.637240484598825568e-02 5.349096455104470835e-03 7.059591553557045297e-03 9.999606565800959190e-01 -5.370981954344861316e-03 -4.500274537405292430e-02 3.640991609258564105e-02 5.110512433490231772e-03 9.993238717981617336e-01 2.464432597867006969e+00
9.984250091766184720e-01 -3.945579821804763403e-03 -5.596367862248719655e-02 -4.310732123867299509e-02 3.595311750326514368e-03 9.999733234762830936e-01 -6.358149384945991321e-03 -5.160664662549552251e-02 5.598727325610128314e-02 6.146928494295943006e-03 9.984125603349672806e-01 2.848459667786150895e+00
9.971174451897859559e-01 -3.329352716138994292e-03 -7.580049939848655660e-02 -1.124560321584133216e-01 2.839473447003850945e-03 9.999743885430257828e-01 -6.569600011908678129e-03 -5.751513602221365595e-02 7.582043186015095804e-02 6.335429265196866264e-03 9.971013612729757725e-01 3.170833805930035609e+00
9.953126628845113677e-01 -4.135533711726617143e-03 -9.662090960740708778e-02 -1.565646437685718206e-01 3.549824398766065776e-03 9.999742736340448968e-01 -6.233041894565233450e-03 -6.486901130474788391e-02 9.664420252573821535e-02 5.860838231437063249e-03 9.953017376596061672e-01 3.555761981181673193e+00
9.931990461206426923e-01 -5.003256698769193746e-03 -1.163212010761648513e-01 -2.142736631503594502e-01 4.392496899831443806e-03 9.999751925563696853e-01 -5.506381362662661483e-03 -7.405575106973699695e-02 1.163458672943562672e-01 4.957992144007637020e-03 9.931963843430963168e-01 3.956605525008256130e+00
9.910361978107891101e-01 -4.963427890690529434e-03 -1.335013802426004703e-01 -2.931090623015558116e-01 4.329798513954131144e-03 9.999779448312580143e-01 -5.036138284273011280e-03 -8.366738815996846435e-02 1.335234346646722581e-01 4.412961180553454099e-03 9.910358311694186240e-01 4.369617414943542499e+00
9.888124501290296298e-01 -3.321272661710249208e-03 -1.491271505510496365e-01 -3.515381580285083518e-01 2.717638820315804084e-03 9.999872700451719609e-01 -4.251374200219616532e-03 -8.666240210841465175e-02 1.491393747211694210e-01 3.798537906264114802e-03 9.888088888193038439e-01 4.798495148534814625e+00
9.866130109858421982e-01 -3.388801400749854621e-03 -1.630438036182635109e-01 -4.430034098681525645e-01 2.700195606527814370e-03 9.999864759713693596e-01 -4.444863760330449061e-03 -9.771839276857532952e-02 1.630566641896752655e-01 3.945110144979205660e-03 9.866088186579755615e-01 5.173559654799157137e+00
9.844755606087216560e-01 -4.042982585960220969e-03 -1.754751380888206480e-01 -5.430947747591450270e-01 3.206200031991635231e-03 9.999820990782918306e-01 -5.051910458897457962e-03 -9.853524892823650738e-02 1.754924247430119377e-01 4.410873870451867754e-03 9.844709004451190903e-01 5.626410159535616629e+00
9.827242006394538709e-01 -6.755924575519461905e-03 -1.849527023992560970e-01 -6.286220781643845346e-01 5.551450373498120761e-03 9.999598835646122952e-01 -7.029413286031153604e-03 -1.162304521250730749e-01 1.849927761403659388e-01 5.881218693113312093e-03 9.827222826859606242e-01 6.072468403659861735e+00
9.811777740304585826e-01 -5.858437930504875601e-03 -1.930177545013303519e-01 -7.419410085266024968e-01 4.244813221082162184e-03 9.999525114925598146e-01 -8.772474782995321949e-03 -1.193234851151900450e-01 1.930599847113149969e-01 7.788032863149448037e-03 9.811560476065592784e-01 6.500488007111246525e+00
9.795610706715134341e-01 -6.157028009141735266e-03 -2.010527265796022145e-01 -8.410739042368416962e-01 4.075099993595086845e-03 9.999337263669684228e-01 -1.076737793726109151e-02 -1.189032892829452043e-01 2.011057006060532615e-01 9.727994205559239993e-03 9.795212423856020090e-01 6.989943632760999392e+00
9.780728385594325003e-01 -7.103204182765531990e-03 -2.081419370015306913e-01 -9.707836958324785881e-01 4.437511700227362091e-03 9.999020867042085481e-01 -1.327122780756174319e-02 -1.367466964068480006e-01 2.082158289738648693e-01 1.205659509760942730e-02 9.780085930656342574e-01 7.501249880694207839e+00
9.762693286299927165e-01 -1.075977629764024793e-02 -2.162924504041057461e-01 -1.068157374203710042e+00 7.671653600957297446e-03 9.998563749198814410e-01 -1.511208954123274134e-02 -1.520304867839870622e-01 2.164239918224548087e-01 1.309414868475708253e-02 9.762116574468926444e-01 7.972428337878683102e+00
9.743093749358814337e-01 -1.588749202138453609e-02 -2.246526838342429999e-01 -1.160965198237146945e+00 1.259324364857604926e-02 9.997912536806299322e-01 -1.608910366779750176e-02 -1.606516165974814780e-01 2.248614078024012419e-01 1.284665847787605682e-02 9.743060668105059108e-01 8.496423181128678337e+00
9.723211349909531842e-01 -1.731566829632531085e-02 -2.330059588315664121e-01 -1.302930075225720463e+00 1.336939692485596826e-02 9.997393755016048544e-01 -1.850514184339046089e-02 -1.897853324118903839e-01 2.332656646949596291e-01 1.487779130681509722e-02 9.722992246492185853e-01 9.004308929907814729e+00
9.703193620697435628e-01 -1.313926198502169199e-02 -2.414698616182870405e-01 -1.459706431361831314e+00 7.926927494442842850e-03 9.997144100478828621e-01 -2.254467007472089196e-02 -1.900891845452213902e-01 2.416971247457552763e-01 1.996141577200421027e-02 9.701464029214590390e-01 9.531138272067257944e+00
9.682148889602737452e-01 -1.044356187653457980e-02 -2.499016994882988230e-01 -1.601907161796834123e+00 4.139613679728230619e-03 9.996601509918666695e-01 -2.573802846293381935e-02 -2.039159400176323023e-01 2.500855716447743515e-01 2.388544587531445801e-02 9.679290747480528978e-01 1.007962185251690990e+01
9.659250169946326237e-01 -1.263139352710681597e-02 -2.585136513886143184e-01 -1.769298191734234527e+00 5.639865831043712127e-03 9.995984600421035093e-01 -2.776887796118460844e-02 -2.316650714787615029e-01 2.587606119105739788e-01 2.536467161340437773e-02 9.656083992263414517e-01 1.063626708116944108e+01
9.635993460251521814e-01 -1.495375174820721270e-02 -2.669319839914656711e-01 -1.936783742942070230e+00 7.352219589907884809e-03 9.995390915421457079e-01 -2.945419038034818859e-02 -2.638948550469568666e-01 2.672494080367587288e-01 2.641949603619044365e-02 9.632651585723269738e-01 1.122545529657942076e+01
9.612342596511640469e-01 -1.444937615363525371e-02 -2.753541572962257544e-01 -2.116277009796744935e+00 5.899170414220980888e-03 9.994751031455514356e-01 -3.185463807822974669e-02 -2.812820852732444976e-01 2.756699091597307749e-01 2.899540837707042032e-02 9.608149505246916799e-01 1.176861960233710036e+01
9.589843289371224877e-01 -1.428609726292076262e-02 -2.830988564651992223e-01 -2.302683988228638512e+00 4.380370647891498881e-03 9.993567856047522735e-01 -3.559251896680632604e-02 -3.022030010550621482e-01 2.834252462703562570e-01 3.289259004966110095e-02 9.584300752036337689e-01 1.235768149240362668e+01
9.567416598064927280e-01 -1.549236641503787260e-02 -2.905260421137905724e-01 -2.481306213251727844e+00 3.796338331165385275e-03 9.991609937186676227e-01 -4.077862715407596511e-02 -3.390300591920852868e-01 2.909140513752905832e-01 3.791167637283319319e-02 9.559977622087413307e-01 1.295269339163464473e+01
9.550525894941256366e-01 -1.649641257454224214e-02 -2.959770561798105715e-01 -2.689590543518426635e+00 2.334969794142639343e-03 9.988380496085955684e-01 -4.813624990118371000e-02 -3.799728714787227180e-01 2.964272260519057456e-01 4.528155278893022245e-02 9.539813847951501558e-01 1.356063094651706535e+01
9.537669215381859855e-01 -1.648199103049441047e-02 -3.000949873220433162e-01 -2.914880887726152281e+00 -4.095468244548223363e-04 9.984229579093700790e-01 -5.613759323771579102e-02 -4.111257545158236160e-01 3.005469893572548234e-01 5.366508266556586221e-02 9.522560412213685321e-01 1.419356432705014193e+01
9.523443434959018017e-01 -1.682646233584351655e-02 -3.045605351806162653e-01 -3.106878984859486881e+00 -3.081346735269197088e-03 9.978956384318019568e-01 -6.476727632205621366e-02 -4.598188082949286049e-01 3.050094390523268029e-01 6.261920616985060251e-02 9.502884189095780476e-01 1.482218730158876063e+01
9.508145006547976674e-01 -1.610360976019449553e-02 -3.093419742816856388e-01 -3.317381618227320583e+00 -6.936769234019240365e-03 9.972903748148445047e-01 -7.323789670818593722e-02 -5.002933108851401744e-01 3.096831732786970437e-01 7.178148846726313537e-02 9.481264431320597375e-01 1.543572690181524720e+01
9.494942939017547712e-01 -1.530592682089371853e-02 -3.134107725612982898e-01 -3.542615433910825118e+00 -1.049274485514792125e-02 9.967022940060418223e-01 -8.046390126822117184e-02 -5.629459856482954550e-01 3.136088159155498989e-01 7.968855484888436036e-02 9.462025401160322202e-01 1.608801491175108112e+01
9.483083872504386447e-01 -1.493553339956616918e-02 -3.169986283469570787e-01 -3.811308889735586014e+00 -1.340466074690618327e-02 9.961152615162446322e-01 -8.703275717289700453e-02 -6.284316716409704684e-01 3.170670576332877966e-01 8.678315318297838421e-02 9.444242518326427804e-01 1.676157769713385903e+01
9.462968896392592866e-01 -1.250573169728653837e-02 -3.230569626508138503e-01 -4.032268514696214723e+00 -1.852995144196385724e-02 9.955109624670819279e-01 -9.281467818740334053e-02 -6.917542273906645001e-01 3.227674687799784725e-01 9.381647169055204460e-02 9.418171972171153206e-01 1.741751333871493301e+01
9.448568660351389648e-01 -1.033833416154352446e-02 -3.273203618477051879e-01 -4.282974552555575798e+00 -2.316872003344137149e-02 9.948867861249681699e-01 -9.830306804938704346e-02 -7.637180942261768690e-01 3.266629983557128858e-01 1.004659232578478251e-01 9.397860852662869302e-01 1.809477654392685153e+01
9.432679800864361974e-01 -8.501018523113548081e-03 -3.319235576063680471e-01 -4.545566703234933392e+00 -2.682844295805174306e-02 9.944521673849386900e-01 -1.017109699938926748e-01 -8.497876309517481408e-01 3.309467537343437904e-01 1.048456941197803277e-01 9.378068185749364183e-01 1.879404563799929662e+01
9.413960700807554316e-01 -7.766485748523267729e-03 -3.372137579242403538e-01 -4.819356709746158707e+00 -2.870096848720725749e-02 9.942647660833865420e-01 -1.030234406370750533e-01 -9.303794333987118748e-01 3.360798939396531515e-01 1.066642242625524817e-01 9.357740381986257017e-01 1.949472777074045737e+01
9.394603960218215200e-01 -5.786659898941122482e-03 -3.426086344485134161e-01 -5.088342430368539837e+00 -3.109521867538495021e-02 9.942922160171051571e-01 -1.020591815490916460e-01 -1.018618965461050907e+00 3.412436859484677676e-01 1.065340501978337268e-01 9.339182220241043497e-01 2.019307221491212445e+01
9.369113299318374555e-01 -6.524200230190600920e-03 -3.495062118078263169e-01 -5.368085240279648396e+00 -3.065775448077457874e-02 9.944396657901306558e-01 -1.007464797876146817e-01 -1.101821816586386005e+00 3.482201365935001514e-01 1.051055946498887644e-01 9.315017729518102474e-01 2.091903634230412123e+01
9.344050033795523458e-01 -6.920176701387887111e-03 -3.561451925285518683e-01 -5.654486356774136802e+00 -3.025029450537379191e-02 9.946579823981210877e-01 -9.869355466532434007e-02 -1.187830472880555766e+00 3.549256415221904715e-01 1.029932488711925304e-01 9.292040584990247654e-01 2.164222320390790699e+01
9.315400840561195439e-01 -5.900710730388838803e-03 -3.635907736101082754e-01 -5.964815545488424853e+00 -3.097773543324918583e-02 9.949459875769962602e-01 -9.551367293219922838e-02 -1.272707441582065835e+00 3.623167860522091832e-01 1.002380342999945606e-01 9.266492787319978719e-01 2.237673744932831710e+01
9.278703628821786120e-01 -4.008944606105024205e-03 -3.728813687503551022e-01 -6.270725767076029911e+00 -3.193574020843644584e-02 9.954142072214618997e-01 -9.017019781681108459e-02 -1.352119877870552989e+00 3.715329057286504977e-01 9.557449723544575448e-02 9.234873135623485885e-01 2.314539535743604759e+01
9.244157478422815322e-01 -1.134126830660786523e-03 -3.813846298498982934e-01 -6.600154666219752997e+00 -3.370869420231159541e-02 9.958390518916738765e-01 -8.466585315157129643e-02 -1.432912928795448959e+00 3.798937364987223786e-01 9.112242631359612766e-02 9.205310724665027866e-01 2.387436100703651221e+01
9.210602507104204140e-01 2.453376834234247388e-03 -3.894123680239093832e-01 -6.934798312926116814e+00 -3.677315794684960643e-02 9.960596508274067729e-01 -8.070258290903889464e-02 -1.510924794584262543e+00 3.876799600986632899e-01 8.865186422559789836e-02 9.175211706552680591e-01 2.462565953641562189e+01
9.171340581565733396e-01 2.962118012305522182e-03 -3.985678636786683104e-01 -7.258533586119287229e+00 -3.765100619188987974e-02 9.961447170834656362e-01 -7.923448998673834898e-02 -1.580500690361935856e+00 3.967965766757745594e-01 8.767513089601851328e-02 9.137097741545139318e-01 2.537673558673333929e+01
9.134595167025764129e-01 3.871447575655244909e-03 -4.069111940508798875e-01 -7.631930488517632227e+00 -3.903410191243911892e-02 9.961772834967724810e-01 -7.814831272490818659e-02 -1.661592242847724998e+00 4.050531477444559991e-01 8.726873342434009195e-02 9.101187389649779691e-01 2.613786009785776443e+01
9.095046112561169238e-01 3.975995563162403393e-03 -4.156748128453279234e-01 -7.968469297664301010e+00 -3.956970056314090128e-02 9.962417006285536614e-01 -7.705006669438826949e-02 -1.730598585630396480e+00 4.138062388126761970e-01 8.652551925110776865e-02 9.062437501663870298e-01 2.690460523608071952e+01
9.050601931956507862e-01 5.181260168056420375e-03 -4.252519224596089109e-01 -8.341341666693860901e+00 -4.104189113601215688e-02 9.963227525679677621e-01 -7.520994578401837827e-02 -1.800891293224354595e+00 4.232984908671868496e-01 8.552267156914135360e-02 9.019447122190477062e-01 2.768273351395946236e+01
9.014762337490329625e-01 4.665914908309616929e-03 -4.328034489521556116e-01 -8.753329851427233521e+00 -4.018946123523059466e-02 9.965243095078578639e-01 -7.296648424604704197e-02 -1.873618957781572503e+00 4.309587100917776081e-01 8.317168921487505528e-02 8.985305025708933968e-01 2.845656512960395546e+01
8.976133256915556080e-01 5.614812110327520832e-03 -4.407479863796402997e-01 -9.139221551894321394e+00 -3.996112065715754641e-02 9.968377708887175004e-01 -6.868455013339684612e-02 -1.936046287845009983e+00 4.389685969438139601e-01 7.926495126110782996e-02 8.949992414887102399e-01 2.922475320393252929e+01
8.940351373015404945e-01 7.527052697221260982e-03 -4.479336030029325011e-01 -9.544621937080970397e+00 -4.018300496212670603e-02 9.971760312033259854e-01 -6.344516508734407423e-02 -2.007750716236602617e+00 4.461911050349105512e-01 7.472152535186597777e-02 8.918128701798226921e-01 3.004242260332327064e+01
8.900739271228037541e-01 6.871962502321223368e-03 -4.557643867286788053e-01 -9.969328326649366190e+00 -3.794869305220101297e-02 9.975322535089925502e-01 -5.907029685153295656e-02 -2.078351737193326443e+00 4.542337546926552561e-01 6.987259413963579913e-02 8.881382329334613912e-01 3.084581107809350442e+01
8.863880872311797887e-01 5.485471230230140084e-03 -4.629104277554932922e-01 -1.040485315384041343e+01 -3.594244797816293496e-02 9.977269795089814819e-01 -5.700013030738959596e-02 -2.145485897745647019e+00 4.615455582172001692e-01 6.716237064153213199e-02 8.845704708462768240e-01 3.163602130669219648e+01
8.828867601274053012e-01 7.126015798253738584e-03 -4.695318778100557866e-01 -1.084053419062437307e+01 -3.769072036934843078e-02 9.977342505286131980e-01 -5.572948041549209003e-02 -2.204390619643181282e+00 4.680709150857661482e-01 6.689981530769512075e-02 8.811549452315836639e-01 3.247129630275730960e+01
8.801260960869149441e-01 5.726189326500360187e-03 -4.747054468246972303e-01 -1.130766994597272301e+01 -3.567069703829766486e-02 9.978983020600771248e-01 -5.409787594532033950e-02 -2.262053339799110496e+00 4.733979928174270602e-01 6.454602670222593652e-02 8.784805947017708672e-01 3.328925372791056958e+01
8.765079650717159110e-01 4.541449617356843084e-03 -4.813659291947715024e-01 -1.176089184962920342e+01 -3.411122089389801576e-02 9.980278109797637853e-01 -5.269642474199008608e-02 -2.321917557433045065e+00 4.801772746881225462e-01 6.260881569962109539e-02 8.749342407409402833e-01 3.412565418667175976e+01
8.748712608837674320e-01 3.246627137930528737e-03 -4.843446413762715341e-01 -1.226934545236738572e+01 -3.271180067104394878e-02 9.980904251607641831e-01 -5.239695942086824987e-02 -2.386560872054969806e+00 4.832496439509920694e-01 6.168437945045272125e-02 8.733068324235921942e-01 3.497729830149121710e+01
8.725274786726954224e-01 2.638695216860021189e-03 -4.885579100916059847e-01 -1.273290979820554725e+01 -3.260474210856017380e-02 9.980706223201805116e-01 -5.283903585563039240e-02 -2.449114407084487244e+00 4.874758796320550203e-01 6.203281552486347716e-02 8.709300782805963204e-01 3.582120818139009799e+01
8.711605077795210317e-01 2.564369901537813957e-03 -4.909916383336860313e-01 -1.323239777047874099e+01 -3.295603949677284455e-02 9.980366597979988263e-01 -5.326091641351696909e-02 -2.504987028807123206e+00 4.898910824402306075e-01 6.257994694672178171e-02 8.695346354844963876e-01 3.665996335646915583e+01
8.703071731517374454e-01 3.022525310132113431e-03 -4.925000344111614692e-01 -1.371981870466470355e+01 -3.329034311889263187e-02 9.980551879006119842e-01 -5.270289383128350102e-02 -2.562105308275030247e+00 4.913829270007910033e-01 6.226320180791906911e-02 8.687152108146013463e-01 3.752356711200990702e+01
8.706822156237944421e-01 2.466854848269202805e-03 -4.918398003719022804e-01 -1.425392473119803860e+01 -3.163877703858582885e-02 9.981972567172309185e-01 -5.100220118134645569e-02 -2.631207958047584672e+00 4.908273328870981222e-01 5.996791941779282958e-02 8.691906480569837612e-01 3.841552869930926306e+01
8.700500816263385673e-01 2.849817963397454842e-03 -4.929550985488621029e-01 -1.474685229036982115e+01 -3.186592142789569648e-02 9.982170030703148011e-01 -5.047155525075180255e-02 -2.689613185516405380e+00 4.919323348351057335e-01 5.962124930800977163e-02 8.685895977573835358e-01 3.933519871147031921e+01
8.695397522401971946e-01 1.688841549880110583e-03 -4.938600634386181021e-01 -1.526071967047827016e+01 -3.087798430865323213e-02 9.982235785539241846e-01 -5.095328603600064732e-02 -2.755671456907731187e+00 4.928967162790685030e-01 5.955531110891697927e-02 8.680472318801999432e-01 4.020899828935290543e+01
8.686774643705774679e-01 -1.643036761788631154e-03 -4.953753712832635880e-01 -1.580780019731553310e+01 -2.750725341337830962e-02 9.982916648786905878e-01 -5.154709389233010780e-02 -2.821217158757084231e+00 4.946138064146861635e-01 5.840421478479050632e-02 8.671482774040780717e-01 4.113797341758697002e+01
8.673855066599063246e-01 -2.450244706268302815e-03 -4.976307609532363285e-01 -1.633150858027349273e+01 -2.597445466201063827e-02 9.984018580804339127e-01 -5.019021348072558175e-02 -2.881766624471712834e+00 4.969584632273814084e-01 5.645995146291111350e-02 8.659356584383813837e-01 4.203930151249688407e+01
8.652293194097817608e-01 -1.901337206128448634e-03 -5.013727204302343976e-01 -1.688868675221192817e+01 -2.453420895902051063e-02 9.986342869936711830e-01 -4.612627747122761274e-02 -2.946628434654227302e+00 5.007756994115970528e-01 5.221059078474236947e-02 8.640010173637987512e-01 4.297402724662063633e+01
8.627372840598159787e-01 -1.208300286696923622e-03 -5.056509800895843121e-01 -1.743579836313450571e+01 -2.306882847788716689e-02 9.988618731567381337e-01 -4.174670702633691971e-02 -3.006882745288502523e+00 5.051259363928498614e-01 4.768121635384561102e-02 8.617275062263852758e-01 4.390583918106831618e+01
8.585201725019574459e-01 -2.404626843235875208e-03 -5.127741471735131062e-01 -1.797311801852729118e+01 -2.125290380470288426e-02 9.989628798233708418e-01 -4.026759059822270642e-02 -3.076484994009762275e+00 5.123391761148320400e-01 4.546847841045880551e-02 8.575786793167859967e-01 4.479545678055016111e+01
8.534036915540044177e-01 -5.544307313190894280e-03 -5.212210611417192885e-01 -1.854206172906692274e+01 -1.891613376237985880e-02 9.989553586891268822e-01 -4.159773144753933088e-02 -3.130528733985617151e+00 5.209072116706351396e-01 4.535914484416121717e-02 8.524073146667769940e-01 4.569301039856188851e+01
8.476356349369511545e-01 -7.901171471296604409e-03 -5.305199302388342586e-01 -1.909406638553327795e+01 -1.884007199412595854e-02 9.988103450601808486e-01 -4.497717552019454834e-02 -3.201929144304671571e+00 5.302441760930477477e-01 4.811929038297408506e-02 8.464783831123411373e-01 4.657330962531189300e+01
8.410263906666001210e-01 -9.322376861164228742e-03 -5.409137618879150677e-01 -1.970289697855065469e+01 -1.776801197180716274e-02 9.988361322194788672e-01 -4.484059266859786314e-02 -3.255711865508365221e+00 5.407022400077015067e-01 4.732308396228749464e-02 8.398819077940162803e-01 4.747121966847534935e+01
8.353385941805586690e-01 -6.353448942788988626e-03 -5.496990639348743324e-01 -2.029990461980686334e+01 -1.851019315797943626e-02 9.990411504116095687e-01 -3.967559155714928815e-02 -3.315847965212939563e+00 5.494240715294729238e-01 4.331758863838026247e-02 8.344200273092249320e-01 4.837046742982801106e+01
8.298917671348198244e-01 -2.805866678987905139e-03 -5.579173558136499844e-01 -2.090283454687894604e+01 -1.983484733794645474e-02 9.992068434437987312e-01 -3.452915989848560907e-02 -3.377566819908900619e+00 5.575717338392458533e-01 3.972167097463401991e-02 8.291778798769754433e-01 4.923795215495324840e+01
8.265097599190648348e-01 -1.878393605824644477e-03 -5.629192502113766761e-01 -2.151917040191832342e+01 -2.225430433949340814e-02 9.991036504116195260e-01 -3.600891159821076326e-02 -3.425918613637170651e+00 5.624823263797706918e-01 4.228909308054596555e-02 8.257271166749541313e-01 5.011241675900155457e+01
8.226075329725431873e-01 -3.363198983835521266e-03 -5.685996212970984010e-01 -2.211966514146724805e+01 -2.379407561576237645e-02 9.989029887668983143e-01 -4.033188616474243926e-02 -3.479451254534213778e+00 5.681115150743565323e-01 4.670661568698874361e-02 8.216250998464860178e-01 5.099751149683172713e+01
8.199895673984282096e-01 -5.772789574672585952e-03 -5.723493495540210585e-01 -2.272078283162363732e+01 -2.582100660206300760e-02 9.985580576290906674e-01 -4.706464922253663502e-02 -3.552505338490703490e+00 5.717957589398648954e-01 5.337115767372187930e-02 8.186581312525629262e-01 5.185159354210118465e+01
8.160976126853114465e-01 -6.923101516409614804e-03 -5.778726077602244215e-01 -2.336794223032582707e+01 -2.611665048383645174e-02 9.984648631131418650e-01 -4.884503802723064170e-02 -3.609872825861646817e+00 5.773236633026903597e-01 5.495441584171232435e-02 8.146639837144288299e-01 5.271213113566783903e+01
8.128835012181144792e-01 -5.358326704652435421e-03 -5.824016614430068683e-01 -2.396591854512972475e+01 -2.576143541592251437e-02 9.986482556488995854e-01 -4.514432389690095637e-02 -3.675220816043939909e+00 5.818563113467569714e-01 5.170057881707582764e-02 8.116466531571908671e-01 5.353904292801293963e+01
8.098439434664964631e-01 -3.919407144476191179e-03 -5.866322688513424533e-01 -2.463388892246796402e+01 -2.376119902169917045e-02 9.989379471965115220e-01 -3.947636147966419873e-02 -3.736470503899781637e+00 5.861639684425451469e-01 4.590877824946987262e-02 8.088907174372335085e-01 5.442356865274740585e+01
8.071400305391325247e-01 -2.187728121649150717e-03 -5.903559758706347083e-01 -2.526124976220617313e+01 -2.394691831497214318e-02 9.990487851225934302e-01 -3.644269602947764614e-02 -3.799263039509685580e+00 5.898741573645813752e-01 4.355156499340162579e-02 8.063198784075865655e-01 5.529878523529102807e+01
8.044723483395187502e-01 -1.492340719151808836e-03 -5.939882211779757837e-01 -2.591506936245048109e+01 -2.533346825240975417e-02 9.990007350359298988e-01 -3.682046757731150671e-02 -3.852468111939632234e+00 5.934496284734885885e-01 4.466882964545739604e-02 8.036306619662106909e-01 5.613696801952943360e+01
8.005284142727370211e-01 -2.642627552891405225e-03 -5.992889683389882594e-01 -2.658327031268635210e+01 -2.567934129583625616e-02 9.989205782506768161e-01 -3.870723222515794898e-02 -3.904994860532484235e+00 5.987443819117498345e-01 4.637558508197078821e-02 7.995964463888142193e-01 5.702837890090801665e+01
7.961421212240845646e-01 -4.421286481088205697e-03 -6.050935200680176429e-01 -2.722124459641697669e+01 -2.554294416115344274e-02 9.988364516739693943e-01 -4.090600027052967297e-02 -3.968255269762766879e+00 6.045703320818744952e-01 4.802285972807972952e-02 7.951028395579492480e-01 5.787529404014437517e+01
7.926435615377771526e-01 -5.890693216589230723e-03 -6.096568518269072090e-01 -2.788554544304828653e+01 -2.443502035749778659e-02 9.988429770231680438e-01 -4.142024958879018948e-02 -4.017983742588827845e+00 6.091954693253326392e-01 4.772847164027271827e-02 7.915825163624057303e-01 5.870704942077782817e+01
7.877387494122597422e-01 -6.403430333140107400e-03 -6.159761777142092054e-01 -2.854613284225023406e+01 -2.357094501006998244e-02 9.989003509700843386e-01 -4.052776117702686087e-02 -4.082411502126713110e+00 6.155583474153621948e-01 4.644442840262553995e-02 7.867215792119501838e-01 5.954531120864876215e+01
7.830424673767839572e-01 -5.684187535864693164e-03 -6.219422617271204157e-01 -2.922531368000232987e+01 -2.422643503745757279e-02 9.989206375131118865e-01 -3.963129874944412712e-02 -4.141230470341433545e+00 6.214962430304434848e-01 4.610043363436575753e-02 7.820595739758343656e-01 6.038247502624062690e+01
7.775828460143937582e-01 -7.275891632851700340e-03 -6.287383966824628967e-01 -2.992660402980742163e+01 -2.339706369293464636e-02 9.989057466609430058e-01 -4.049551506968612075e-02 -4.204741961296969421e+00 6.283450494055787816e-01 4.619925004381745387e-02 7.765617397623274520e-01 6.120514599558729429e+01
7.726260271329353779e-01 -8.650376482345860721e-03 -6.348024775691064603e-01 -3.065398253484288205e+01 -2.295822013779999157e-02 9.988724465390516061e-01 -4.155425025331645900e-02 -4.264219347069258426e+00 6.344461746866608687e-01 4.667983017975911586e-02 7.715562536163811380e-01 6.207566408934736302e+01
7.671859729386225624e-01 -1.048557329327906053e-02 -6.413390116612769365e-01 -3.134534141572648736e+01 -2.176742603845171695e-02 9.988648500492530724e-01 -4.236968890054556430e-02 -4.316912225495626032e+00 6.410552772459198190e-01 4.646573036996196754e-02 7.660868587691770371e-01 6.286407358783488064e+01
7.613225810476678124e-01 -1.109570290401407783e-02 -6.482783391469791878e-01 -3.205342066977136994e+01 -2.226906026512457878e-02 9.988161647471681670e-01 -4.324763615628841179e-02 -4.375047807155674207e+00 6.479907584904736062e-01 4.736195125439979919e-02 7.601742105614304190e-01 6.368481821184981584e+01
7.551091788349693079e-01 -1.302736743324319282e-02 -6.554696084623018448e-01 -3.277245518356745890e+01 -2.112827732486265153e-02 9.987996533791513309e-01 -4.419104368872462524e-02 -4.455323080155871196e+00 6.552585219951098106e-01 4.721800623987310735e-02 7.539275411625460110e-01 6.453342796625592825e+01
7.495043175325787344e-01 -1.330920277430018388e-02 -6.618656471331599844e-01 -3.352161641574612361e+01 -2.129743170043370964e-02 9.987955823840815039e-01 -4.420185571570101751e-02 -4.513076506676551247e+00 6.616567873588626858e-01 4.722551997409797642e-02 7.483181504119496008e-01 6.535866611010838767e+01
7.425660595653177376e-01 -1.354749165856971096e-02 -6.696357996733107720e-01 -3.426415827873788089e+01 -2.058038097996726240e-02 9.988617899024230251e-01 -4.302990386230205744e-02 -4.581922447392424935e+00 6.694565722543794895e-01 4.573390586712405143e-02 7.414420517694459978e-01 6.620528885980814948e+01
7.365563583209668863e-01 -1.452446922569321230e-02 -6.762202024559649249e-01 -3.499778506455493243e+01 -1.912234240982913294e-02 9.989226062767926351e-01 -4.228430822243723491e-02 -4.648098794792401733e+00 6.761058158510074856e-01 4.407569015169162524e-02 7.354850561903132355e-01 6.698407234936240684e+01
7.299447907426213078e-01 -1.584119758697554933e-02 -6.833225081603213624e-01 -3.579008714537584268e+01 -1.838038859872970915e-02 9.989149180550705998e-01 -4.279191316102892717e-02 -4.704719997119800823e+00 6.832589341830140883e-01 4.379546714592084944e-02 7.288615744123032592e-01 6.781144875556657325e+01
7.241791953706153695e-01 -1.750900350293859917e-02 -6.893895262310014704e-01 -3.656171643552661266e+01 -1.813677315529691955e-02 9.988482696723477439e-01 -4.442062201948947936e-02 -4.772603105673601576e+00 6.893733081250067452e-01 4.467179157887189028e-02 7.230275803626635689e-01 6.859528713694376734e+01
7.179237021093859417e-01 -1.644840093844036552e-02 -6.959274380176994068e-01 -3.735135434702624480e+01 -2.015188383061953387e-02 9.988107437840175740e-01 -4.439594252533277108e-02 -4.838215547765826408e+00 6.958300562516787080e-01 4.589714812114319142e-02 7.167384415868576220e-01 6.938860273867399542e+01
7.121152813061025766e-01 -1.725644030986157179e-02 -7.018504343411413604e-01 -3.815513031269146182e+01 -1.904097752241690547e-02 9.988554094628447899e-01 -4.387837955809537754e-02 -4.893690493697802069e+00 7.018042997208319145e-01 4.461038274972956019e-02 7.109716223779598554e-01 7.017184273476782153e+01
7.077849976002132948e-01 -1.614718248365478934e-02 -7.062433407461260471e-01 -3.897261374816748969e+01 -2.067711014877894951e-02 9.988368529862939882e-01 -4.355913528761747033e-02 -4.957153796280024949e+00 7.061252454011784918e-01 4.543357361977930914e-02 7.066278635054279444e-01 7.098782154999310023e+01
7.022247973092087259e-01 -1.692251401629920812e-02 -7.117541381031980974e-01 -3.978359034256060767e+01 -2.091945036196622351e-02 9.987953814161122379e-01 -4.438651476677706043e-02 -5.026980809838763165e+00 7.116478895360172086e-01 4.605881650541869543e-02 7.010248755662599196e-01 7.177414152262856817e+01
6.972043171559522134e-01 -1.881438642528379321e-02 -7.166255294275805099e-01 -4.060422464640038243e+01 -2.085412695851217649e-02 9.987001655958532842e-01 -4.650897398290081142e-02 -5.100790327296801152e+00 7.165690850786941013e-01 4.737085703721093111e-02 6.959057103910687436e-01 7.256050757869134316e+01
6.926505428622192762e-01 -2.083680774796458843e-02 -7.209722901984363386e-01 -4.140032082718418849e+01 -2.090630504975259443e-02 9.985826489137306083e-01 -4.894506848999611442e-02 -5.162069157350038573e+00 7.209702907571196029e-01 4.897469472134399066e-02 6.912331942059986023e-01 7.333783963152609431e+01
6.875708897571036760e-01 -2.109856119149369075e-02 -7.258106588304952256e-01 -4.225741461279548616e+01 -2.190815136734646645e-02 9.985199047640929138e-01 -4.977984257877878654e-02 -5.230030740454076899e+00 7.257866855041487097e-01 5.012834026842858531e-02 6.860909898953313490e-01 7.411815641165591728e+01
6.829689501621940551e-01 -2.085140225208717210e-02 -7.301497258966196391e-01 -4.314506051243833440e+01 -2.158593767793333049e-02 9.985797684494929216e-01 -4.870824746899529017e-02 -5.303624057468383945e+00 7.301283920737561273e-01 4.902718693995489208e-02 6.815488800566915639e-01 7.494320949105288321e+01
6.784222989385330083e-01 -2.121450726742720935e-02 -7.343657937067933350e-01 -4.399966466193551895e+01 -2.045238145705117333e-02 9.986502162203214628e-01 -4.774354163118466748e-02 -5.374168573472958066e+00 7.343874270498937928e-01 4.740981241977550859e-02 6.770726893498650867e-01 7.570820608266703289e+01
6.721453224572414564e-01 -2.215957619344089899e-02 -7.400875681427497854e-01 -4.486518717838051629e+01 -1.978374748478188214e-02 9.986576716265845866e-01 -4.786917867371624780e-02 -5.446726239998676000e+00 7.401549010827350727e-01 4.681674989568580109e-02 6.708046842894522799e-01 7.648741900522381343e+01
6.689248502703134536e-01 -2.352603584690397126e-02 -7.429576435393986378e-01 -4.576109476451358660e+01 -1.859513975035840747e-02 9.986566191100021417e-01 -4.836504846007280006e-02 -5.522396162547764220e+00 7.430974191238545190e-01 4.616798379781029277e-02 6.675887605187524887e-01 7.725710617878394260e+01
6.635440805806053222e-01 -2.384672353983699131e-02 -7.477570304219979258e-01 -4.663301719419752089e+01 -1.817142189019092108e-02 9.986832825853479978e-01 -4.797395686682604660e-02 -5.602292462748882151e+00 7.479164803098817815e-01 4.542064334975739331e-02 6.622370527005295715e-01 7.804406032594033604e+01
6.593129284369321219e-01 -2.489528847371554054e-02 -7.514563703608341250e-01 -4.756592670902914222e+01 -1.713136245238043934e-02 9.986947901591795018e-01 -4.811686350410234597e-02 -5.673481634989895994e+00 7.516734582798673125e-01 4.459754139962229802e-02 6.580258975500185015e-01 7.884679464120401349e+01
6.554778376650585159e-01 -2.677439958582097240e-02 -7.547396407512370065e-01 -4.843181855542714942e+01 -1.501187466525545633e-02 9.987119737931574592e-01 -4.846686538659497612e-02 -5.738313492042043329e+00 7.550652005666955713e-01 4.309901276640668022e-02 6.542316321517915867e-01 7.960964316919978501e+01
6.515873284683095790e-01 -3.143520968209265187e-02 -7.579220080962448813e-01 -4.933878364882495049e+01 -1.163410940612462884e-02 9.986093633204043973e-01 -5.141971408989284148e-02 -5.813264610478491079e+00 7.584844165375380642e-01 4.232218144384997799e-02 6.503154876156120867e-01 8.036231722629996455e+01
6.473745779020256830e-01 -3.598561878888063836e-02 -7.613219952328593720e-01 -5.026533351431923791e+01 -7.451380639086766650e-03 9.985382087326475364e-01 -5.353431261588527390e-02 -5.890287547055129913e+00 7.621355799118639807e-01 4.032965273621764990e-02 6.461601099140278359e-01 8.113816757706673854e+01
6.408470537090242836e-01 -3.924794172034692247e-02 -7.666646215808189391e-01 -5.117605155524555016e+01 -2.563727535691969536e-03 9.985772140202830993e-01 -5.326326060910113736e-02 -5.970567088885514906e+00 7.676643085119695398e-01 3.609912252007400207e-02 6.398346455448776782e-01 8.188164045234833566e+01
6.319260790109997306e-01 -4.321673507234831402e-02 -7.738228049423839794e-01 -5.209896535002475559e+01 2.589369510757835550e-03 9.985562737041955295e-01 -5.365317689960016900e-02 -6.060697524793123847e+00 7.750243451321282562e-01 3.190112817191732841e-02 6.311256558883936441e-01 8.266341390834558922e+01
6.231529432558554626e-01 -4.465767983361344090e-02 -7.808239812732751250e-01 -5.304738897102123474e+01 5.580763419703083789e-03 9.985969618865402353e-01 -5.265892864209010399e-02 -6.142638269509436810e+00 7.820800945587914610e-01 2.845697206895615033e-02 6.225278609608297931e-01 8.342170674085726034e+01
6.139050024181792464e-01 -4.294407266342950558e-02 -7.882109129026493299e-01 -5.399329253847630383e+01 5.765599281981341646e-03 9.987364006963225238e-01 -4.992353919615285379e-02 -6.216326017317586050e+00 7.893588638805727475e-01 2.610380175772370956e-02 6.133768718987988589e-01 8.414893396336195508e+01
6.047289325469790144e-01 -4.267649154051112587e-02 -7.952871328076844826e-01 -5.498252163368577783e+01 5.502154590571994505e-03 9.987633457570570528e-01 -4.941159220943232983e-02 -6.302544683508586765e+00 7.964123647638997605e-01 2.550482623267040158e-02 6.042159057102772790e-01 8.490101447190258455e+01
5.955556168704166931e-01 -4.354398446586926069e-02 -8.021330418606383850e-01 -5.595835966608643730e+01 3.672730685071256152e-03 9.986669628191824355e-01 -5.148600200382563025e-02 -6.369177987201159574e+00 8.033056882468042614e-01 2.771675863177133076e-02 5.949216455367013490e-01 8.561041512322960045e+01
5.862051312182970930e-01 -4.574992490173045850e-02 -8.088698761452060015e-01 -5.696917276855755574e+01 4.249897108467330480e-03 9.985642063106306976e-01 -5.339910323943573150e-02 -6.458831170341230887e+00 8.101515248464528085e-01 2.786521415575321167e-02 5.855578951920102915e-01 8.632841656855951840e+01
5.769656661307386303e-01 -4.729550142836326521e-02 -8.153979050146444862e-01 -5.798072156647145903e+01 4.333089910492701237e-03 9.984852546888224323e-01 -5.484906996943718360e-02 -6.524347365241941255e+00 8.167569132444127966e-01 2.811283733662378603e-02 5.762966468905904582e-01 8.700731391472123732e+01
5.664418820768867269e-01 -4.873809381702370186e-02 -8.226592126093664747e-01 -5.898994717712685798e+01 8.359260405715402548e-03 9.985380955314634432e-01 -5.340219571677831678e-02 -6.613329940277640873e+00 8.240592989027227810e-01 2.337241719757472344e-02 5.660212137243665342e-01 8.770704918795870242e+01
5.563136361583249645e-01 -4.778682005946593286e-02 -8.295972188420317472e-01 -5.999209022758252274e+01 7.865072973614580312e-03 9.986031788443177071e-01 -5.224779230192268947e-02 -6.698911017843201421e+00 8.309351901125539008e-01 2.254131617031652698e-02 5.559124134871569201e-01 8.841681315154649212e+01
5.461435872541514636e-01 -4.878746068868908270e-02 -8.362696652704771916e-01 -6.108336619363965525e+01 9.153653060457895077e-03 9.985905559343581928e-01 -5.227917561819803161e-02 -6.781873882515739638e+00 8.376415726638867243e-01 2.089701362887626257e-02 5.458204130725839986e-01 8.907534098652095622e+01
5.355107222167246883e-01 -4.966858263194189049e-02 -8.430665960467504938e-01 -6.212962102639960449e+01 8.039172239121072580e-03 9.985236351831870971e-01 -5.372077493941567611e-02 -6.863059834123625969e+00 8.444901715377447493e-01 2.199049291556511715e-02 5.351194084950149366e-01 8.974566352595365970e+01
5.255594105945485817e-01 -5.022533889102217403e-02 -8.492730468893600060e-01 -6.320155676941784861e+01 7.037271950365361385e-03 9.984783465362485622e-01 -5.469431663886874240e-02 -6.946281019154155523e+00 8.507278029141280840e-01 2.276854693172402494e-02 5.251131418510845972e-01 9.038526904589402022e+01
5.166307409325888722e-01 -5.066401929488530131e-02 -8.547080328519909287e-01 -6.428078782943148894e+01 5.302437969568169797e-03 9.984179474244151420e-01 -5.597755251324681991e-02 -7.034970221690882042e+00 8.561919024103515907e-01 2.438768762250399444e-02 5.160820479507165492e-01 9.101188596837646116e+01
