1 0 0 0 0 1 0 0 0 0 1 0
0.99993328 -0.0023835752 0.01130307 -0.0026500973 0.002370406 0.9999965 0.0011783662 -0.0089309067 -0.01130584 -0.0011514948 0.99993542 0.29507682
0.99983272 -0.0035992217 0.017932416 0.0042583444 0.0035763934 0.99999275 0.0013049406 -0.012256043 -0.017936984 -0.001240589 0.99983835 0.59368529
0.99976898 -0.0074580162 0.020158386 0.022776309 0.0074659485 0.99997208 -0.00031824441 -0.014035027 -0.020155451 0.00046867239 0.99979675 0.88835181
0.99980054 -0.0081872087 0.018216796 0.018543986 0.0082139016 0.9999653 -0.0013909218 -0.021318269 -0.018204777 0.0015402754 0.99983309 1.2117386
0.99987382 -0.011059886 0.011402703 0.017139777 0.011098718 0.9999328 -0.0033478471 -0.020747805 -0.011364911 0.0034739802 0.99992938 1.5238007
0.99992721 -0.012053738 -0.0005318831 0.010692313 0.012051149 0.99991667 -0.0046292164 -0.028517914 0.00058763819 0.0046224698 0.99998914 1.8415073
0.99980695 -0.011308755 -0.016067684 -0.016873794 0.011232822 0.99992535 -0.0048082268 -0.041506588 0.016120861 0.0046268132 0.99985935 2.1709255
0.99936484 -0.0079674044 -0.034733671 -0.050909883 0.0077764844 0.99995392 -0.0056283322 -0.044495459 0.034776917 0.0053546516 0.99938076 2.5104152
0.9984842 -0.0040830952 -0.054887367 -0.081636388 0.0037477489 0.99997369 -0.0062112631 -0.050252684 0.054911289 0.0059961441 0.99847323 2.867919
0.99722599 -0.0033035009 -0.074359964 -0.13270679 0.0028326673 0.99997527 -0.0064363923 -0.053309466 0.074379395 0.0062079007 0.99721069 3.2160053
0.99542735 -0.004331781 -0.095423433 -0.18741901 0.003776124 0.99997485 -0.0060028775 -0.060978962 0.095447045 0.0056150977 0.99541867 3.6083072
0.99335982 -0.0055948424 -0.11491288 -0.24665653 0.0050237289 0.99997355 -0.0052589783 -0.070741491 0.11493927 0.0046467666 0.99336165 3.9943227
0.99123014 -0.0049757714 -0.13205322 -0.31712322 0.0043973375 0.99997942 -0.00467157 -0.077034317 0.13207376 0.0040499184 0.99123162 4.3845326
0.98902617 -0.0040193046 -0.14768577 -0.39535097 0.0034255784 0.999985 -0.004274331 -0.085511772 0.14770075 0.0037215159 0.9890251 4.8090417
0.98692669 -0.0029680984 -0.16114249 -0.48123719 0.0023297513 0.99998867 -0.0041501856 -0.091818128 0.16115299 0.0037205069 0.98692242 5.2230699
0.9847197 -0.004344782 -0.1740926 -0.56796519 0.0035289397 0.9999813 -0.0049955281 -0.097808746 0.17411107 0.0043048326 0.98471661 5.6491315
0.9829779 -0.0073220435 -0.18357785 -0.66205131 0.0061495397 0.9999569 -0.0069554509 -0.11299294 0.18362088 0.0057081353 0.98298057 6.0957469
0.9814873 -0.0068755072 -0.19140378 -0.75278339 0.0052673927 0.99994644 -0.0089092295 -0.1195008 0.1914548 0.0077360968 0.98147095 6.5485922
0.97999264 -0.0065507535 -0.19892591 -0.8692678 0.0045337123 0.99993361 -0.010593462 -0.12663575 0.19898212 0.009479642 0.97995727 7.0428906
0.97829647 -0.0074319553 -0.20707675 -0.97281419 0.0047635492 0.99989911 -0.013381717 -0.13684498 0.20715533 0.012104866 0.97823318 7.4961755
0.97653613 -0.011010438 -0.21507198 -1.0966589 0.0079742508 0.999856 -0.014979677 -0.14456285 0.21520596 0.012913158 0.97648331 8.0014044
0.97483689 -0.016776596 -0.22228717 -1.1961044 0.013479519 0.9997756 -0.016341474 -0.16200121 0.22251146 0.012933947 0.97484428 8.5277057
0.97312612 -0.017592538 -0.22959976 -1.33587 0.013661367 0.9997318 -0.018700312 -0.18977804 0.22986719 0.015061116 0.97310546 9.0350791
0.97081695 -0.013620567 -0.23943459 -1.4920208 0.0084522221 0.99970887 -0.02259925 -0.19328386 0.23967272 0.019915981 0.97064945 9.5805072
0.96889053 -0.011000211 -0.24724508 -1.638445 0.0047151467 0.99965087 -0.02599813 -0.21107953 0.24744476 0.024023545 0.96860413 10.119301
0.96636151 -0.013321316 -0.2568423 -1.8077694 0.0063765388 0.99959169 -0.027853026 -0.23422619 0.25710849 0.025278328 0.96605188 10.679839
0.9641863 -0.015200473 -0.26478994 -1.9678173 0.007656758 0.9995355 -0.029498369 -0.25942682 0.26511536 0.026414491 0.96385483 11.237246
0.96191987 -0.015338568 -0.27290087 -2.139835 0.0067694911 0.99945484 -0.032313925 -0.28736593 0.27324777 0.029236006 0.96149931 11.807192
0.95954554 -0.01484189 -0.28116198 -2.3213974 0.0049182322 0.99934084 -0.035968016 -0.30776549 0.28151051 0.03313013 0.95898605 12.407336
0.95720389 -0.015687996 -0.2889889 -2.5052287 0.0039954075 0.99915092 -0.041005923 -0.3409286 0.28938685 0.038096401 0.95645383 12.968538
0.95538765 -0.016718183 -0.29488121 -2.7026043 0.0026045092 0.99883478 -0.048190209 -0.38052264 0.29534328 0.045272311 0.95431796 13.590167
0.95387792 -0.01692573 -0.29971723 -2.9244817 8.9540938e-05 0.99842524 -0.056098425 -0.41235885 0.30019478 0.053484213 0.95237731 14.196023
0.95281416 -0.017217223 -0.30306558 -3.1273605 -0.0026327782 0.99788392 -0.064967252 -0.46096425 0.30354285 0.062699623 0.9507526 14.816684
0.95094073 -0.017065234 -0.3089021 -3.3359267 -0.0059835618 0.9972762 -0.073514438 -0.50690058 0.30931528 0.071756209 0.94824845 15.497796
0.95025451 -0.015214109 -0.3111027 -3.5646485 -0.010498614 0.99667432 -0.080808895 -0.56295006 0.31129753 0.080055166 0.94693454 16.111347
0.94831848 -0.014724521 -0.3169783 -3.8055995 -0.013768022 0.99607282 -0.087460759 -0.62497572 0.31702132 0.08730482 0.94439153 16.775731
0.94686459 -0.012936579 -0.3213722 -4.051857 -0.018105497 0.99546252 -0.093416082 -0.69682307 0.32112249 0.094270985 0.94233398 17.443593
0.94516488 -0.010963346 -0.32640948 -4.3056171 -0.022464384 0.99488695 -0.098464769 -0.77066263 0.32582007 0.10039803 0.94008592 18.097785
0.94354364 -0.0085502879 -0.33113787 -4.5661375 -0.026782482 0.99442473 -0.10199092 -0.85104141 0.33016377 0.10510158 0.93805413 18.818927
0.94175522 -0.0073700027 -0.33621836 -4.8319699 -0.029115216 0.99421925 -0.10334594 -0.92986935 0.33503646 0.10711565 0.93609659 19.496647
0.93938784 -0.0065804502 -0.3427932 -5.1163554 -0.030397113 0.99428012 -0.10238676 -1.0145292 0.34150625 0.10660081 0.93381463 20.215981
0.93721854 -0.0071117752 -0.34867007 -5.4001055 -0.030004741 0.9944404 -0.10093563 -1.1004296 0.34744947 0.1050605 0.9317946 20.930794
0.93460814 -0.0070565996 -0.35560909 -5.6715639 -0.030135946 0.99463694 -0.09894025 -1.1836777 0.35440015 0.10318698 0.92938312 21.657747
0.93228251 -0.0056546823 -0.36168679 -5.95168 -0.031068248 0.99493138 -0.095636345 -1.2685531 0.36039436 0.10039707 0.92738145 22.369475
0.92815517 -0.0029363573 -0.37218187 -6.2984898 -0.033228511 0.99532206 -0.090718641 -1.3556575 0.37070723 0.096568027 0.92371574 23.186198
0.92467073 -0.0015743245 -0.38076443 -6.5973709 -0.03330427 0.99582459 -0.084995418 -1.4329658 0.37930843 0.091273859 0.92075741 23.867561
0.92140829 0.0014522656 -0.38859315 -6.9393364 -0.035691653 0.99608239 -0.080907258 -1.5086264 0.38695333 0.088418152 0.91785041 24.634498
0.91785851 0.00039227031 -0.39690753 -7.2738745 -0.034704256 0.99624892 -0.079269838 -1.5798614 0.39538763 0.086532877 0.91442916 25.376693
0.91388295 0.0032841486 -0.40596448 -7.6450842 -0.0383724 0.99618929 -0.078322727 -1.6625445 0.40416028 0.087155637 0.91052643 26.173624
0.91045949 0.0037878914 -0.41358089 -7.9809137 -0.039270549 0.99623215 -0.077326159 -1.7314607 0.41172971 0.086643886 0.90717776 26.917915
0.90682994 0.0045053001 -0.42147259 -8.3905059 -0.040014241 0.99634691 -0.075443262 -1.8065763 0.41959305 0.085279116 0.90369749 27.713616
0.90287037 0.0039310161 -0.42989491 -8.7653982 -0.039172869 0.99655069 -0.073158723 -1.8816083 0.42812452 0.082893061 0.89991008 28.492922
0.89876475 0.0035759261 -0.43841661 -9.1563034 -0.037604792 0.99691046 -0.068959478 -1.9498251 0.43681555 0.078464914 0.89612245 29.255289
0.8952489 0.0053357195 -0.44553442 -9.559977 -0.037609142 0.99726478 -0.063627891 -2.0127254 0.44397632 0.073718968 0.89300087 30.069462
0.8920361 0.0048632707 -0.45193797 -9.9847726 -0.035534879 0.99760136 -0.059403698 -2.0838587 0.45056508 0.069049805 0.89006924 30.856992
0.88782385 0.0043533582 -0.46016284 -10.419524 -0.034665177 0.99774679 -0.057442752 -2.1484581 0.45887596 0.066950673 0.88597431 31.688227
0.88472822 0.0041799341 -0.46608849 -10.851682 -0.034391475 0.99781952 -0.056333265 -2.2083994 0.46483676 0.065869101 0.88294284 32.519417
0.88171149 0.0044200952 -0.47176826 -11.296561 -0.034082448 0.99794019 -0.05434849 -2.2659551 0.47055632 0.063998706 0.88004598 33.311143
0.87931294 0.0023551002 -0.47623858 -11.78276 -0.031356616 0.9981042 -0.052960094 -2.3271122 0.47521104 0.061501727 0.87771979 34.162399
0.87597546 0.0034980537 -0.48234297 -12.247037 -0.033010162 0.99806406 -0.052711058 -2.3922567 0.48122484 0.062095813 0.8743951 35.006164
0.87404424 0.0011979826 -0.48584484 -12.712148 -0.03098641 0.99809852 -0.053284062 -2.4485971 0.48485722 0.061627216 0.87241938 35.844859
0.87345913 0.0019491126 -0.48689354 -13.223008 -0.032134223 0.99804253 -0.053651627 -2.5126946 0.48583593 0.06250845 0.871812 36.72438
0.87285093 0.0017130454 -0.48798392 -13.732979 -0.031512377 0.99810449 -0.052862003 -2.5707342 0.48696842 0.061518183 0.87125042 37.574807
0.87221118 0.0029517871 -0.48912056 -14.25143 -0.032131133 0.99816765 -0.051273152 -2.6367636 0.48807301 0.060437015 0.87070783 38.491759
0.87242869 0.0016077231 -0.48873875 -14.745449 -0.030200882 0.99826091 -0.050626611 -2.7001816 0.48780744 0.058928451 0.87096002 39.386965
0.87174308 -0.0010843552 -0.48996205 -15.246107 -0.0275495 0.99830705 -0.051225606 -2.7588527 0.48918816 0.058153777 0.87023739 40.273206
0.87087173 -0.0030461388 -0.49150089 -15.787574 -0.025900817 0.99830699 -0.052079802 -2.8287383 0.49082746 0.058085103 0.86931844 41.209168
0.86894256 -0.0026003408 -0.4949061 -16.29833 -0.025592004 0.99841227 -0.050179604 -2.8892139 0.49425085 0.056268833 0.86749636 42.114116
0.8671243 -0.001950831 -0.49808797 -16.820418 -0.024492057 0.99861568 -0.046549582 -2.9570817 0.49748931 0.052563473 0.86587614 43.046131
0.86491917 -0.0032863326 -0.5019004 -17.378634 -0.020752593 0.99888927 -0.042303206 -3.0197198 0.50148199 0.047004589 0.86389028 43.969635
0.86078178 -0.0053499901 -0.50894605 -17.918132 -0.01750952 0.99904161 -0.040115721 -3.0802613 0.50867294 0.043442283 0.85986315 44.859517
0.8555643 -0.0079934888 -0.51763482 -18.485963 -0.016113172 0.99898519 -0.042059053 -3.140615 0.51744576 0.044324964 0.85456726 45.752584
0.85045377 -0.0096755861 -0.52596078 -19.044313 -0.016825772 0.99881895 -0.045580773 -3.2068389 0.52578066 0.047614037 0.84928654 46.631902
0.84420069 -0.0097111567 -0.53593923 -19.623096 -0.017318582 0.99881974 -0.045378378 -3.2689896 0.5357474 0.047590166 0.84303613 47.558362
0.83894398 -0.0067251874 -0.5441762 -20.22546 -0.018082626 0.99902705 -0.040224018 -3.3258938 0.54391731 0.043585833 0.83800612 48.472602
0.83402568 -0.0041129042 -0.55171027 -20.817759 -0.018075206 0.99923175 -0.034773558 -3.3851973 0.55142949 0.038974317 0.8333106 49.317851
0.83019998 -0.0045690033 -0.55744693 -21.438782 -0.01910914 0.9991455 -0.036648342 -3.4401514 0.55713809 0.041077785 0.82940327 50.231103
0.8262374 -0.0053987301 -0.56329618 -22.04571 -0.021476884 0.99892518 -0.04107596 -3.4947946 0.56291254 0.046036341 0.8252334 51.085178
0.82426571 -0.0074768335 -0.56615379 -22.647805 -0.023891887 0.99856292 -0.047971683 -3.5636499 0.5656989 0.053067896 0.82290253 51.94992
0.82054468 -0.0078940187 -0.57152786 -23.271799 -0.024956804 0.99845625 -0.049621384 -3.6246207 0.57103732 0.054980072 0.81908095 52.802439
0.81791632 -0.006529589 -0.57530013 -23.891926 -0.024285328 0.99865256 -0.04586155 -3.6885928 0.57482445 0.051482263 0.81665565 53.656732
0.81468933 -0.0048036224 -0.57987774 -24.542518 -0.022593697 0.9989435 -0.040017729 -3.7527652 0.57945738 0.045703599 0.81372007 54.548001
0.81204004 -0.0054559809 -0.58357619 -25.166289 -0.019897755 0.9991161 -0.037028466 -3.8036329 0.58326244 0.041680454 0.81121372 55.409749
0.80913951 -0.0029728481 -0.58760905 -25.801679 -0.023609608 0.99901525 -0.037564748 -3.8626856 0.58714212 0.044268341 0.80827252 56.249858
0.80534552 -0.0044803113 -0.59278874 -26.460329 -0.023335782 0.99895676 -0.03925345 -3.9187776 0.59234624 0.045445779 0.8044008 57.124792
0.80150222 -0.0065173624 -0.59795626 -27.120416 -0.02324829 0.99884504 -0.042048877 -3.9855616 0.59753974 0.047603729 0.800425 58.00141
0.79809255 -0.0067997999 -0.60249649 -27.782376 -0.02355495 0.99881984 -0.04247461 -4.0390308 0.60207432 0.048090444 0.7969905 58.830417
0.79337947 -0.0078887805 -0.60867623 -28.438675 -0.021824685 0.99890452 -0.041393754 -4.0963701 0.60833604 0.046125122 0.79233817 59.647296
0.7901082 -0.0071681698 -0.61292546 -29.09791 -0.022703556 0.99890327 -0.040948817 -4.1620026 0.61254683 0.046269584 0.78907892 60.506363
0.78423144 -0.007564861 -0.62042227 -29.768088 -0.023127907 0.99887437 -0.041413691 -4.224097 0.62003724 0.046826987 0.78317372 61.344414
0.77828364 -0.0097796005 -0.62783668 -30.449849 -0.021745682 0.99885913 -0.042515435 -4.2831238 0.62753624 0.046741805 0.77718306 62.192246
0.77258687 -0.0114244 -0.63480626 -31.184189 -0.020608299 0.99886003 -0.043057352 -4.339952 0.63457456 0.046347822 0.7714707 63.012294
0.76675084 -0.011389747 -0.64184374 -31.891664 -0.022213724 0.99877304 -0.044260247 -4.4103128 0.64156039 0.048194321 0.76555706 63.857804
0.76227997 -0.014190965 -0.64709183 -32.588794 -0.020218584 0.99874964 -0.045720622 -4.4748985 0.6469316 0.047935195 0.76103992 64.692584
0.75627415 -0.015963151 -0.65406005 -33.297553 -0.018188711 0.99880292 -0.045408204 -4.5330518 0.654002 0.04623756 0.75507848 65.515531
0.7496322 -0.014142514 -0.6617035 -34.07027 -0.020148933 0.99882064 -0.044174049 -4.6005747 0.6615479 0.046446909 0.74846316 66.33445
0.74336648 -0.017517596 -0.66865489 -34.770402 -0.015089204 0.99896343 -0.042946287 -4.6621073 0.66871416 0.042014301 0.74233161 67.179698
0.7355669 -0.01707332 -0.67723689 -35.553059 -0.016898314 0.99890891 -0.04353651 -4.7341165 0.67724133 0.043468177 0.73447582 67.978825
0.72975609 -0.018701866 -0.68345172 -36.314499 -0.017060597 0.99881646 -0.045547922 -4.8020086 0.68349472 0.044898968 0.72857333 68.785032
0.72626933 -0.017222515 -0.68719444 -37.11333 -0.019314125 0.99878017 -0.045443851 -4.864364 0.6871389 0.046277035 0.72505077 69.594863
0.72003513 -0.017687008 -0.69371214 -37.914647 -0.018358793 0.9988397 -0.044522012 -4.9272397 0.69369475 0.04479313 0.71887496 70.408764
0.71569294 -0.01773838 -0.69818975 -38.693804 -0.018664152 0.99883463 -0.044508686 -4.9924327 0.69816567 0.044885672 0.71452783 71.183906
0.711236 -0.020008982 -0.70266845 -39.511186 -0.01658825 0.99883872 -0.045233147 -5.0582285 0.70275759 0.043827482 0.71007814 72.025377
0.70651739 -0.019852469 -0.70741714 -40.352453 -0.019893971 0.99865428 -0.047894214 -5.134125 0.70741604 0.047911432 0.70517167 72.791875
0.70384453 -0.022719574 -0.70999061 -41.217158 -0.019197201 0.99851498 -0.050983321 -5.2050025 0.71009464 0.049514164 0.70236315 73.613431
0.6977078 -0.024532231 -0.71596226 -42.009374 -0.018033249 0.99849534 -0.051786606 -5.270651 0.71615548 0.049043045 0.69621559 74.410836
0.69064915 -0.02248091 -0.72284045 -42.82229 -0.019643508 0.99856478 -0.049824848 -5.3433428 0.72292319 0.048610612 0.68921631 75.191805
0.68730658 -0.021827141 -0.72603939 -43.69603 -0.019781072 0.99861524 -0.04874746 -5.4212184 0.72609808 0.047866288 0.68592306 75.968205
0.6838282 -0.023053283 -0.72927875 -44.593182 -0.018949712 0.99860248 -0.049335609 -5.5005903 0.72939697 0.047556704 0.68243568 76.772617
0.6775184 -0.022376136 -0.73516535 -45.405743 -0.020405244 0.99858054 -0.049198866 -5.5673646 0.73522275 0.048334365 0.6761001 77.539426
0.67270802 -0.024551767 -0.73950056 -46.276471 -0.017498334 0.99864189 -0.049073244 -5.638469 0.73970114 0.045951993 0.6713648 78.329307
0.66741591 -0.026543105 -0.74421195 -47.150411 -0.014621514 0.99870484 -0.048732565 -5.7134247 0.74454165 0.043406394 0.66616339 79.130683
0.66502322 -0.029014412 -0.74625883 -48.047318 -0.012134009 0.99869336 -0.049642157 -5.7816844 0.74672414 0.042068299 0.66380221 79.863214
0.66029974 -0.033151698 -0.75027007 -48.936306 -0.0096965072 0.9985656 -0.052656699 -5.8622333 0.7509396 0.042044204 0.65903114 80.677762
0.65461735 -0.037162752 -0.75504636 -49.849507 -0.0063879732 0.99848334 -0.054682823 -5.9445284 0.75593344 0.040619541 0.65338713 81.453667
0.64976104 -0.041649917 -0.75899659 -50.767832 0.00018699626 0.99850649 -0.054632932 -6.0265261 0.76013854 0.035356421 0.6487984 82.240392
0.64237754 -0.046036122 -0.76500439 -51.707137 0.0060722343 0.99846863 -0.054986556 -6.1083758 0.76636432 0.030676843 0.64167337 83.015128
0.63232634 -0.045852447 -0.77334397 -52.580395 0.0066523451 0.99853147 -0.053764766 -6.1901382 0.7746736 0.028852327 0.63170278 83.735137
0.62341499 -0.045786721 -0.78054934 -53.567613 0.0094835097 0.99865331 -0.051006254 -6.2674693 0.78183365 0.024395716 0.62300966 84.515104
0.6160085 -0.044235683 -0.78649646 -54.550125 0.0070238675 0.9986908 -0.050669023 -6.3510951 0.78770823 0.025688302 0.61551272 85.253411
0.60782039 -0.044718949 -0.79281431 -55.529306 0.0043388325 0.99858513 -0.052999102 -6.4340626 0.79406272 0.028774046 0.60715443 86.01306
0.5979199 -0.047714098 -0.80013443 -56.526024 0.006555014 0.99848439 -0.054643829 -6.512859 0.80152909 0.02742774 0.59732646 86.719923
0.58692429 -0.048150019 -0.80820876 -57.517077 0.0043289544 0.99840241 -0.056337333 -6.5931317 0.80963028 0.029567051 0.58619507 87.467664
0.57751774 -0.048815621 -0.81491732 -58.488631 0.0068269501 0.99846453 -0.054972425 -6.6856441 0.81634962 0.026184151 0.57696424 88.128591
0.56647017 -0.049805804 -0.82257576 -59.510911 0.010089564 0.99851631 -0.053510537 -6.759289 0.82402051 0.022012692 0.56613222 88.816644
0.55724638 -0.050455344 -0.82881281 -60.545562 0.010760178 0.99850713 -0.053551235 -6.8459625 0.83027751 0.020923058 0.55695739 89.531823
0.54638616 -0.051128219 -0.83597129 -61.579069 0.0090089868 0.99843598 -0.055176377 -6.9272998 0.83748496 0.022616354 0.54599222 90.178312
0.53582665 -0.052480619 -0.84269539 -62.648349 0.009312693 0.99837304 -0.056254308 -7.010763 0.84427669 0.022294794 0.53544362 90.832882
0.525467 -0.052438124 -0.84919645 -63.687447 0.0067600579 0.9983247 -0.057463837 -7.0995389 0.85078716 0.024454733 0.52494117 91.477554
0.51738308 -0.052181913 -0.85416142 -64.786745 0.0054787515 0.99832065 -0.05767021 -7.1901489 0.8557364 0.025157853 0.51680011 92.125528
0.50965373 -0.050206511 -0.85891345 -65.891651 0.003964142 0.99842239 -0.056009095 -7.2801604 0.86037051 0.025140389 0.50904872 92.798426
0.50095874 -0.048781152 -0.86409529 -66.979388 0.0056695967 0.99857385 -0.053085984 -7.3684917 0.86545263 0.021694815 0.50052087 93.388403
0.49360727 -0.049708635 -0.86826312 -68.102649 0.0067319538 0.99855368 -0.053340741 -7.4501655 0.8696589 0.02048427 0.49322799 94.020878
0.48796291 -0.052809104 -0.87126536 -69.205811 0.0081289373 0.99839979 -0.05596226 -7.5415793 0.87282655 0.020225046 0.48761135 94.640867
0.48016686 -0.056196776 -0.87537515 -70.299355 0.010806704 0.99824895 -0.058157181 -7.623092 0.87711064 0.018465231 0.47993336 95.195824
0.47496913 -0.059048207 -0.87801911 -71.456223 0.011763735 0.99808314 -0.060759052 -7.7235701 0.87992386 0.01852989 0.47475331 95.827521
0.46908612 -0.06230933 -0.88095159 -72.568133 0.013197069 0.99789118 -0.063553287 -7.8142743 0.88305386 0.018185985 0.4689192 96.429029
0.46374746 -0.062929122 -0.88372968 -73.682115 0.014815237 0.99788562 -0.063283534 -7.9177961 0.88584359 0.016254913 0.46369923 97.010218
0.45994032 -0.060960459 -0.88585476 -74.822438 0.017196807 0.99806502 -0.059753583 -8.0148398 0.88778333 0.012249209 0.46009867 97.595429
0.45517422 -0.059151552 -0.8884354 -75.920316 0.021378669 0.99822931 -0.055508588 -8.1065519 0.89014575 0.0062725115 0.45563283 98.15197
0.4520097 -0.058739349 -0.89007688 -77.091072 0.023306808 0.99826656 -0.054043225 -8.20109 0.89170852 0.00368321 0.4525952 98.730806
0.44839638 -0.057016791 -0.89201441 -78.161448 0.021261323 0.99836141 -0.053126792 -8.2970562 0.89358195 0.0048564539 0.44887389 99.286791
0.4458971 -0.057464884 -0.89323765 -79.255917 0.025690126 0.99834753 -0.05140264 -8.3843431 0.89471552 -2.7100296e-05 0.44663655 99.871634
0.44175375 -0.056017665 -0.89538572 -80.363226 0.026351671 0.99842825 -0.049463231 -8.463335 0.89674929 -0.0017443424 0.44253558 100.39518
0.44102905 -0.05756742 -0.89564463 -81.489268 0.029265128 0.9983325 -0.049757073 -8.5523385 0.8970156 -0.0042668404 0.44197836 100.94621
0.44009085 -0.057050121 -0.89613908 -82.513704 0.029817466 0.99835781 -0.048914327 -8.6296319 0.89745809 -0.0051938497 0.44106923 101.44386
0.43883 -0.058003228 -0.89669604 -83.648551 0.035829172 0.99825032 -0.047038042 -8.7203012 0.89785554 -0.011486174 0.44014039 102.02064
0.43485954 -0.057630668 -0.89865222 -84.744699 0.039212919 0.99821526 -0.04504045 -8.7983656 0.89964415 -0.015652508 0.4363433 102.51817
0.43351261 -0.057886778 -0.89928631 -85.841308 0.039943355 0.99818822 -0.044997853 -8.8774908 0.90026186 -0.016413377 0.43503937 103.062
0.43203398 -0.056649699 -0.90007632 -86.911571 0.036067959 0.99831209 -0.045520024 -8.9605958 0.90113584 -0.01279772 0.43334799 103.61147
0.43331571 -0.060007455 -0.8992422 -87.942429 0.04038512 0.99807147 -0.047142163 -9.0414099 0.90033694 -0.015888565 0.43490346 104.03381
0.43216929 -0.060076629 -0.8997891 -88.998625 0.038828509 0.9980928 -0.047990759 -9.1204319 0.90095622 -0.014197338 0.43367775 104.5391
0.43199723 -0.059772528 -0.89989198 -90.000796 0.036509527 0.99814245 -0.048771947 -9.2027832 0.90113568 -0.011785286 0.43337704 105.06088
0.43885475 -0.059645954 -0.89657616 -91.050355 0.034339121 0.99817883 -0.04959695 -9.2840797 0.89790167 -0.0090217814 0.44010371 105.53885
0.4445104 -0.061683187 -0.89364737 -92.019012 0.036142208 0.99804896 -0.050911865 -9.3623234 0.89504431 -0.0096675361 0.44587251 106.02443
0.45008335 -0.060008505 -0.89096795 -93.041612 0.032169888 0.99818149 -0.050978543 -9.4410008 0.89240694 -0.0057177462 0.45119534 106.528
0.45665943 -0.059395248 -0.88765664 -94.045774 0.031543143 0.99822248 -0.050565946 -9.5236589 0.88908226 -0.0049080652 0.45772122 107.0217
0.46441758 -0.058211701 -0.88370111 -95.037551 0.030711533 0.99829586 -0.049620313 -9.5917064 0.88508371 -0.0040952711 0.46541392 107.53161
0.4733942 -0.057335814 -0.87898264 -96.015528 0.02934612 0.99835195 -0.049317287 -9.6681533 0.88036175 -0.0024482132 0.4742966 108.01894
0.48323757 -0.057185444 -0.8736196 -96.96619 0.029008429 0.99836242 -0.049305025 -9.7419513 0.87500858 -0.0015162922 0.4841051 108.58399
0.49199738 -0.05933837 -0.86857209 -97.917919 0.030986444 0.99823593 -0.050644553 -9.8211744 0.87004511 -0.0019969737 0.49296814 109.0951
0.50367737 -0.05953929 -0.86183764 -98.853112 0.027147151 0.99822035 -0.053095761 -9.8919384 0.86346523 0.0033466963 0.50439733 109.63248
0.51374073 -0.059215295 -0.8558995 -99.772615 0.023772306 0.99821474 -0.05479239 -9.9672868 0.85761612 0.0078023778 0.51423126 110.17906
0.52657762 -0.058039423 -0.84814349 -100.74515 0.02278195 0.99827188 -0.0541685 -10.05361 0.84982178 0.0092015572 0.52698989 110.79601
0.53916016 -0.054661644 -0.84042749 -101.65506 0.019662368 0.99843654 -0.052324582 -10.126184 0.84197373 0.011686536 0.53939199 111.38017
0.5520867 -0.054071044 -0.83203157 -102.55552 0.021282045 0.99848376 -0.050766735 -10.198404 0.83351509 0.010320306 0.55240035 111.91652
0.56410096 -0.052810984 -0.8240152 -103.41034 0.020557679 0.99854147 -0.049923049 -10.268496 0.82544991 0.011221799 0.56436388 112.52686
0.57457671 -0.053057917 -0.81672909 -104.26977 0.020186142 0.99851163 -0.050666079 -10.342365 0.8182018 0.012624939 0.57479256 113.13969
0.58538169 -0.053871044 -0.80896609 -105.16887 0.019938202 0.99844484 -0.052061278 -10.421513 0.81051268 0.014346389 0.58554542 113.75873
0.59621153 -0.056446968 -0.8008405 -106.00689 0.02388588 0.99833078 -0.05258439 -10.498757 0.80247201 0.012222639 0.59656461 114.35852
0.60645018 -0.054187178 -0.79327289 -106.81906 0.020849686 0.9984158 -0.052260754 -10.572568 0.79484811 0.015154053 0.60661923 114.9938
0.61812994 -0.053050672 -0.78428372 -107.6636 0.021619162 0.99848999 -0.050501002 -10.645324 0.78577862 0.014260624 0.61834347 115.62938
0.62723111 -0.051655169 -0.77711828 -108.45678 0.023295329 0.99859601 -0.047574598 -10.711795 0.77848476 0.011737041 0.62755381 116.27826
0.63726255 -0.051070436 -0.76895266 -109.24676 0.024014329 0.99863317 -0.046423143 -10.785284 0.77027255 0.011117848 0.63761795 116.89138
0.64715167 -0.049156126 -0.76077483 -109.99409 0.020069471 0.99867172 -0.047455357 -10.849659 0.7620971 0.015442465 0.64727861 117.55365
0.65700007 -0.048360001 -0.7523378 -110.75717 0.018177463 0.99866649 -0.048319942 -10.919568 0.75367137 0.018070613 0.65700302 118.2175
0.66577044 -0.046949914 -0.74467804 -111.4786 0.01638034 0.99869756 -0.048320505 -10.987343 0.74597684 0.019972284 0.66567237 118.86532
0.67529331 -0.046024969 -0.73611182 -112.15936 0.017774255 0.99877674 -0.04614222 -11.048888 0.73733512 0.018075693 0.67528531 119.4865
0.68371721 -0.044835248 -0.7283684 -112.9277 0.018357917 0.99885169 -0.044252525 -11.113363 0.72951614 0.016884886 0.68375518 120.16068
0.69150957 -0.043548373 -0.72105341 -113.61182 0.017789276 0.99890507 -0.043268967 -11.176135 0.72214826 0.017093887 0.69152711 120.79715
0.69911587 -0.043317271 -0.71369501 -114.30576 0.017835179 0.99890908 -0.043157314 -11.240944 0.71478595 0.017443085 0.69912576 121.47353
0.70635743 -0.041230718 -0.7066535 -114.98047 0.015816819 0.99897227 -0.042476287 -11.30037 0.70767863 0.01882643 0.70628362 122.15274
0.71331712 -0.038955337 -0.6997579 -115.63876 0.015170603 0.99907834 -0.040153862 -11.357049 0.70067723 0.018026688 0.71325066 122.80337
0.72031685 -0.036399859 -0.69268943 -116.29716 0.014331316 0.99918998 -0.037603123 -11.412145 0.69349714 0.017159012 0.72025504 123.4828
0.72828944 -0.034376464 -0.68440684 -116.9206 0.012702887 0.99924658 -0.036672904 -11.469254 0.68515193 0.018014546 0.72817741 124.15341
0.73501746 -0.033912525 -0.67719956 -117.52892 0.013129706 0.99927306 -0.035790498 -11.524211 0.67792108 0.01741521 0.73492841 124.80811
0.74350571 -0.030720545 -0.66802355 -118.1574 0.010108293 0.99934642 -0.0347067 -11.571419 0.66865321 0.019052051 0.7433303 125.48897
0.75199131 -0.028273633 -0.65856634 -118.72222 0.009381384 0.99943755 -0.032195711 -11.622165 0.65910628 0.018032631 0.75183361 126.1352
0.7616878 -0.02466432 -0.64747458 -119.30474 0.0075315261 0.99954476 -0.029215696 -11.66117 0.64790046 0.017376767 0.76152681 126.79475
0.77151393 -0.022427863 -0.63581696 -119.86636 0.0060806329 0.99959275 -0.027881351 -11.707361 0.63618339 0.017644681 0.77133611 127.45953
0.78111976 -0.021594203 -0.62400768 -120.40191 0.0045237327 0.99957126 -0.028928118 -11.74293 0.62436487 0.01977348 0.78088255 128.14533
0.7907843 -0.022543552 -0.61167961 -120.92858 0.0050624366 0.99952824 -0.030293018 -11.799229 0.61207401 0.020858653 0.79052536 128.7973
0.80088168 -0.021602566 -0.59843281 -121.42703 0.004541881 0.99953947 -0.030003549 -11.838243 0.59880542 0.021311282 0.80061097 129.48988
0.81033764 -0.02037322 -0.58560893 -121.92086 0.0043796865 0.99957805 -0.028714724 -11.875638 0.58594689 0.020703838 0.81008495 130.16452
0.81982024 -0.018670149 -0.57231649 -122.39396 0.0044680705 0.99964647 -0.026210208 -11.913455 0.57260356 0.018930509 0.81961383 130.84732
0.82958739 -0.017285042 -0.55810927 -122.87749 0.0048892386 0.9997073 -0.023694163 -11.954967 0.55835551 0.016927649 0.82942908 131.53813
0.83842938 -0.016014411 -0.54477489 -123.32824 0.0055530375 0.99976734 -0.020843206 -11.986377 0.54498198 0.014450401 0.83832324 132.26387
0.84645435 -0.015225094 -0.53224356 -123.7999 0.0060386487 0.99980132 -0.018996245 -12.020805 0.53242707 0.012865423 0.84637812 132.97962
0.85319734 -0.015424717 -0.52136011 -124.2285 0.0072846552 0.99981753 -0.017658916 -12.04917 0.5215374 0.011268611 0.85315402 133.69041
0.85952476 -0.015331318 -0.51086408 -124.66108 0.0075334781 0.99982144 -0.017330187 -12.082064 0.5110386 0.011047141 0.85948679 134.40586
0.86632273 -0.01455189 -0.49927263 -125.08937 0.0069913021 0.99983087 -0.017010156 -12.110479 0.49943576 0.011245719 0.86627795 135.13969
0.87223577 -0.012826799 -0.48891739 -125.49292 0.0054586108 0.99984908 -0.016492904 -12.141466 0.4890552 0.011716891 0.87217415 135.87765
0.87842394 -0.011895279 -0.47773409 -125.90304 0.0049570923 0.99986318 -0.015781213 -12.155071 0.47785649 0.011494424 0.87836272 136.61558
0.88405795 -0.012373717 -0.46721345 -126.29985 0.0055759991 0.99985757 -0.015929441 -12.19206 0.46734405 0.011477367 0.88400103 137.39458
0.88886889 -0.013450505 -0.45796415 -126.70394 0.0066560509 0.99984259 -0.016446771 -12.22092 0.45811332 0.01157079 0.8888185 138.14158
0.89310812 -0.014210563 -0.44961754 -127.09959 0.0070710808 0.9998209 -0.017554428 -12.253647 0.44978651 0.01249872 0.89304865 138.91865
0.89639323 -0.013451745 -0.44305553 -127.47859 0.0068278527 0.99983985 -0.016542283 -12.277027 0.44320714 0.011803273 0.89634153 139.69805
0.89961845 -0.011841526 -0.43651621 -127.8722 0.0064817959 0.99988424 -0.01376584 -12.306526 0.43662872 0.0095545942 0.89959107 140.49221
0.90277949 -0.0078099071 -0.43003278 -128.26278 0.0041803919 0.99994723 -0.0093842222 -12.325869 0.43008341 0.0066741776 0.90276449 141.29097
0.90606208 -0.0049449388 -0.42311587 -128.63989 0.0024515404 0.99997628 -0.0064369457 -12.343182 0.4231377 0.0047949866 0.90605271 142.08651
0.90930229 -0.0027448758 -0.41612713 -129.03108 0.00083596391 0.99998828 -0.0047694555 -12.362454 0.41613538 0.0039890094 0.90929393 142.93054
0.91214129 -0.0007887369 -0.40987514 -129.42417 -0.0001263744 0.99999756 -0.0022055652 -12.37159 0.40987591 0.0020635846 0.91213897 143.7764
0.91531646 0.00038987648 -0.40273515 -129.79952 -0.00023741915 0.99999988 0.00042847687 -12.388738 0.40273531 -0.00029657522 0.91531645 144.63673
0.91884262 0.00071609738 -0.39462352 -130.17734 0.00019427774 0.99999741 0.0022669862 -12.4028 0.39462415 -0.0021596705 0.9188401 145.50325
0.92174278 0.00022378734 -0.38780174 -130.55591 0.0010889574 0.9999944 0.0031653405 -12.415821 0.38780031 -0.0033399297 0.92173737 146.39665
0.92557748 -0.0003830246 -0.37855802 -130.93583 0.0018387339 0.99999224 0.003483928 -12.411129 0.37855378 -0.0039207131 0.925571 147.28542
0.92919364 -0.0028059801 -0.3695826 -131.29445 0.0041757603 0.99998706 0.0029063753 -12.442682 0.36956969 -0.0042438742 0.92919333 148.21807
0.93269438 -0.0046474211 -0.36063773 -131.65934 0.0055430674 0.99998359 0.0014492178 -12.445567 0.36062511 -0.0033507169 0.93270484 149.15194
0.93725022 -0.0056500043 -0.34861166 -132.0146 0.0058989108 0.99998254 -0.00034752316 -12.462937 0.34860757 -0.0017307132 0.93726719 150.09012
0.94211317 -0.0035985375 -0.33527572 -132.36762 0.0036084136 0.99999331 -0.00059348119 -12.473817 0.33527565 -0.00065068731 0.94211986 151.03924
0.9477288 -0.00040146559 -0.31907671 -132.6924 0.00041111138 0.99999991 -3.7118171e-05 -12.486132 0.31907672 -9.5998365e-05 0.94772889 152.01765
0.95389977 0.0033063155 -0.30010714 -133.02167 -0.002579389 0.9999927 0.0028183698 -12.49102 0.30011429 -0.0019143495 0.95390134 153.03921
0.96000738 0.0062001839 -0.27990603 -133.34066 -0.0051838714 0.99997701 0.0043710626 -12.505182 0.27992672 -0.0027452557 0.96001745 154.05074
0.96590008 0.0080005042 -0.25879145 -133.62191 -0.0068203503 0.99996185 0.0054577628 -12.516394 0.25882526 -0.0035066054 0.9659178 155.10097
0.97128418 0.0094229629 -0.23773564 -133.88087 -0.0080510858 0.99994487 0.0067408972 -12.517174 0.23778607 -0.0046332971 0.9713065 156.13042
0.97650837 0.0099371893 -0.21525019 -134.15234 -0.0081187786 0.99992351 0.0093304185 -12.533577 0.21532646 -0.0073636635 0.97651436 157.20336
0.9810689 0.012165899 -0.1932765 -134.35524 -0.0098493925 0.99986774 0.012941862 -12.531779 0.1934084 -0.010793202 0.98105897 158.32317
0.98515797 0.013822004 -0.17109273 -134.56466 -0.011094069 0.9997958 0.016890088 -12.541819 0.17129126 -0.014741291 0.98511015 159.41199
0.98891759 0.015767263 -0.14762587 -134.74563 -0.012932069 0.99971342 0.020145484 -12.532913 0.14790121 -0.018013116 0.98883809 160.57185
0.99178425 0.016883937 -0.1268027 -134.90512 -0.014418177 0.99968918 0.020338437 -12.523158 0.12710669 -0.018343078 0.99171943 161.65788
0.99431516 0.016815971 -0.10514082 -135.02883 -0.014990005 0.99972321 0.018133096 -12.524896 0.10541665 -0.016453951 0.99429201 162.81328
0.99639871 0.016933418 -0.083083527 -135.13782 -0.015553038 0.99973052 0.017233606 -12.516737 0.083352968 -0.015879342 0.99639356 163.96988
0.9979085 0.015902609 -0.062655666 -135.22168 -0.014736878 0.99971042 0.019023804 -12.512703 0.062940055 -0.018060667 0.99785388 165.1612
0.9989628 0.016169136 -0.042566213 -135.2937 -0.0152822 0.99966098 0.021080238 -12.503428 0.042892635 -0.020407869 0.99887123 166.35863
0.99963351 0.016246153 -0.021654065 -135.30613 -0.01577272 0.99963666 0.021857852 -12.495995 0.022001305 -0.021508298 0.99952656 167.55539
0.99984297 0.017634325 -0.0017508107 -135.33731 -0.017590735 0.99959451 0.022391468 -12.48641 0.0021449594 -0.022357155 0.99974775 168.76621
0.99966059 0.017960748 0.018871166 -135.32517 -0.018384701 0.99957694 0.022537592 -12.477266 -0.018458392 -0.022876883 0.99956787 170.02097
0.99900953 0.019868943 0.039814418 -135.29454 -0.020768266 0.99953552 0.022302956 -12.467303 -0.039352792 -0.023107742 0.99895815 171.21744
0.99795705 0.021394833 0.06019952 -135.2333 -0.022700068 0.99952001 0.021082025 -12.450293 -0.059719583 -0.02240549 0.99796371 172.51412
0.99677644 0.021402327 0.077321843 -135.15787 -0.022925029 0.99955929 0.01885926 -12.451057 -0.07688414 -0.020571072 0.9968278 173.75541
0.99505421 0.023152953 0.096597405 -135.04094 -0.024871355 0.99955244 0.01662316 -12.441063 -0.096169305 -0.018943454 0.99518471 175.02005
0.992944 0.023501063 0.11623213 -134.90542 -0.025345352 0.99957483 0.014414628 -12.437839 -0.11584396 -0.017258863 0.99311747 176.29797
0.99059559 0.023665109 0.13476031 -134.75002 -0.025483728 0.99960576 0.011786022 -12.446747 -0.13442828 -0.015109377 0.99080813 177.57885
0.98783453 0.024718816 0.15353151 -134.56778 -0.026007009 0.99964135 0.0063874092 -12.445947 -0.15331857 -0.010302599 0.98812311 178.87377
0.9847942 0.026385215 0.17170962 -134.33536 -0.026768397 0.99964166 -8.3856789e-05 -12.467197 -0.17165032 -0.0045138097 0.9851476 180.19112
0.98150907 0.029207761 0.18917411 -134.09699 -0.028711922 0.99957335 -0.0053616714 -12.480404 -0.18925001 -0.00016902292 0.98192892 181.45273
0.97797031 0.030997295 0.20642975 -133.83051 -0.029666152 0.99951432 -0.0095413884 -12.513803 -0.20662527 0.0032072182 0.9784149 182.82345
0.97403296 0.033169716 0.22396331 -133.54605 -0.031246295 0.99943814 -0.012127699 -12.537317 -0.22423977 0.0048147552 0.97452211 184.13778
0.96983874 0.032773831 0.24153405 -133.23746 -0.030685174 0.99945212 -0.0124049 -12.574588 -0.24180829 0.0046192383 0.97031305 185.48854
0.96556778 0.031560883 0.25823006 -132.88216 -0.029196072 0.99948932 -0.012988345 -12.608869 -0.25850813 0.0050018245 0.96599614 186.78346
0.96062019 0.031335148 0.27609231 -132.51699 -0.027533446 0.99946529 -0.017636169 -12.662118 -0.27649733 0.0093398879 0.9609693 188.136
0.95613442 0.032689678 0.29109851 -132.13272 -0.027574535 0.9993851 -0.021658014 -12.709462 -0.29162754 0.012681067 0.9564479 189.46308
0.95076361 0.034896707 0.30794605 -131.70792 -0.029452425 0.99931715 -0.022311006 -12.746975 -0.30851438 0.012142735 0.95114218 190.82211
0.9448716 0.036829435 0.32536326 -131.26637 -0.031102869 0.99925642 -0.022786328 -12.806466 -0.32596056 0.011410424 0.94531451 192.13517
0.93842481 0.040785582 0.34306764 -130.80865 -0.03388491 0.9990852 -0.026087665 -12.84409 -0.34381783 0.012856497 0.93894836 193.48792
0.93179424 0.041697408 0.36058398 -130.31087 -0.033307615 0.99901107 -0.029453141 -12.913164 -0.36145553 0.015434076 0.9322616 194.82043
0.92472551 0.042673509 0.37823497 -129.79179 -0.0328173 0.99893382 -0.032469283 -12.971429 -0.37921732 0.017612525 0.92514001 196.16669
0.91769219 0.042698724 0.39499094 -129.23386 -0.030619386 0.99885206 -0.036837651 -13.041106 -0.39611047 0.021711246 0.91794615 197.47786
0.90914867 0.046164603 0.41390519 -128.65864 -0.031284793 0.99859969 -0.042660572 -13.129075 -0.41529503 0.025835865 0.90931983 198.81208
0.89975095 0.049650336 0.43357012 -128.06768 -0.03268114 0.99838309 -0.046509593 -13.211858 -0.43517834 0.027677486 0.89991877 200.15543
0.88776172 0.052553078 0.45729343 -127.40692 -0.03419234 0.99824546 -0.048341439 -13.290483 -0.45903162 0.027279747 0.88800102 201.45326
0.87461963 0.056833103 0.48146702 -126.7302 -0.037027603 0.99803508 -0.050546275 -13.389648 -0.48339372 0.026381196 0.87500547 202.76629
0.8601077 0.061384879 0.5064056 -126.00428 -0.039456056 0.99776481 -0.053931507 -13.489412 -0.5085843 0.026406138 0.86060719 204.05651
0.84480149 0.064774679 0.53114467 -125.23427 -0.040592553 0.99754349 -0.057089741 -13.591091 -0.53353792 0.02666898 0.84535559 205.34339
0.83002986 0.066230728 0.55377242 -124.44941 -0.04006964 0.9974396 -0.059233998 -13.697547 -0.5562777 0.026976527 0.8305585 206.58006
0.81404602 0.067620593 0.57685051 -123.62 -0.0391745 0.9973301 -0.061628113 -13.811247 -0.57947775 0.02757029 0.8145216 207.83097
0.79826288 0.069622348 0.59827174 -122.72958 -0.037350754 0.9971071 -0.066199378 -13.929134 -0.60115001 0.030498606 0.79855403 209.04304
0.78126206 0.072439615 0.61998554 -121.8384 -0.035932449 0.99681541 -0.071189186 -14.063344 -0.62316811 0.033339812 0.78137699 210.21851
0.76470243 0.074119718 0.64010658 -120.88941 -0.033857906 0.99661217 -0.07495219 -14.188434 -0.64349349 0.035643454 0.76462128 211.40923
0.74812184 0.075895665 0.65920674 -119.90962 -0.032407585 0.99643102 -0.077942124 -14.32748 -0.66276957 0.036946908 0.7479114 212.561
0.73258072 0.076358114 0.67638369 -118.90727 -0.030237302 0.99635771 -0.079730975 -14.470435 -0.68000826 0.037957359 0.7322213 213.69436
0.71734571 0.076773215 0.69247452 -117.85736 -0.028153744 0.99629262 -0.081291972 -14.613919 -0.69614836 0.038818699 0.71684769 214.80159
0.70211934 0.07727062 0.70785425 -116.80357 -0.025338952 0.99617628 -0.083610701 -14.758808 -0.71160833 0.040768406 0.70139259 215.87703
0.68605765 0.078808012 0.72326631 -115.70851 -0.022382649 0.99593174 -0.087286815 -14.912064 -0.72720284 0.043695172 0.68503052 216.95521
0.67193861 0.080996647 0.73616438 -114.60797 -0.020258398 0.99563983 -0.091054511 -15.078797 -0.74032975 0.046269532 0.67064971 217.9964
0.65693889 0.083613253 0.74929305 -113.46965 -0.01923806 0.99536686 -0.094205639 -15.238068 -0.75369838 0.047472404 0.65550376 219.01598
0.64073053 0.083937709 0.76316368 -112.30404 -0.017568953 0.99534848 -0.09472451 -15.409268 -0.76756483 0.0472849 0.63922486 220.00905
0.6244517 0.085586731 0.77636005 -111.12759 -0.018442408 0.99531683 -0.09489092 -15.5822 -0.7808457 0.044936849 0.62310571 220.99343
0.60692786 0.086226855 0.79006547 -109.95084 -0.020191397 0.99544909 -0.09313117 -15.748661 -0.79450043 0.040571378 0.60590683 221.93598
0.58889617 0.087622403 0.80344481 -108.73938 -0.022942567 0.99551742 -0.091753456 -15.915913 -0.80788304 0.035600173 0.58826668 222.85549
0.57039704 0.08846755 0.81659087 -107.54691 -0.024175316 0.99556015 -0.090969959 -16.079221 -0.82101329 0.032147655 0.5700033 223.72374
0.55224865 0.091935114 0.82859478 -106.30751 -0.025959313 0.99531533 -0.09313169 -16.258659 -0.83327523 0.0299221 0.55204812 224.58597
0.53459296 0.09526744 0.83972282 -105.08533 -0.028203961 0.99508359 -0.094937786 -16.42373 -0.84463895 0.027069564 0.5346516 225.40104
0.51460424 0.095516264 0.85209099 -103.84392 -0.028118574 0.99512124 -0.094567746 -16.604708 -0.85696668 0.024705381 0.51477939 226.17274
0.49327097 0.094258696 0.86475372 -102.61661 -0.028680173 0.99533366 -0.092132307 -16.761211 -0.86940282 0.020644907 0.49367255 226.92159
0.47199076 0.092555172 0.87673154 -101.36103 -0.028870831 0.99556314 -0.089557347 -16.931016 -0.88113067 0.016958273 0.47256874 227.64168
0.45098277 0.090885435 0.88789319 -100.08567 -0.028223899 0.99575663 -0.087590807 -17.089642 -0.89208633 0.014442138 0.45163422 228.31633
0.428978 0.090046028 0.89881562 -98.830943 -0.027182839 0.99585534 -0.086794193 -17.247637 -0.90290589 0.01280044 0.42964774 228.93367
