1.000000000000000000e+00 4.398956837314658088e-19 2.733407509747682871e-20 -8.673617379884035472e-19 -5.583667658079949532e-19 1.000000000000000000e+00 -6.100159232558060012e-19 0.000000000000000000e+00 4.145284534913582806e-20 -2.210423569125054137e-19 1.000000000000000222e+00 0.000000000000000000e+00
9.999441159051269956e-01 -1.195929357497721186e-03 1.050403897219719454e-02 5.996920791010928314e-02 1.191365626101111713e-03 9.999991932048669652e-01 4.407213102724096367e-04 -8.776041491203770417e-03 -1.050455775050664411e-02 -4.281825233648522576e-04 9.999447339295489678e-01 2.878542595018717676e-01
9.998589332944233243e-01 -2.783275060061731181e-03 1.656402471868602400e-02 9.746073362111595806e-02 2.769480747643663504e-03 9.999957988920260554e-01 8.556690021463207556e-04 -1.077636464966151564e-02 -1.656633697942471589e-02 -8.096745383226478790e-04 9.998624409826929460e-01 5.087661237129650349e-01
9.997986063127163314e-01 -6.175634560025742084e-03 1.909472137967685446e-02 7.920372002979850223e-02 6.193390685498750652e-03 9.999804415275408420e-01 -8.708979394342668484e-04 -1.091698495360214627e-02 -1.908896989945573983e-02 9.889836467267389217e-04 9.998172998697650860e-01 8.991661325300668306e-01
9.998356900072015163e-01 -6.848299940168551918e-03 1.678373637645728944e-02 9.380123162218091670e-02 6.878622254075732710e-03 9.999748114350837103e-01 -1.749582588441014842e-03 -1.739493634488660512e-02 -1.677133224326865513e-02 1.864744134560795659e-03 9.998576124254483499e-01 1.170286884626178026e+00
9.998956341573447260e-01 -1.039864716115647923e-02 1.002940481903745462e-02 1.022005226590158022e-01 1.043268731552986217e-02 9.999399741578102185e-01 -3.347700522238290701e-03 -2.042546593608079997e-02 -9.993991414141863844e-03 3.451984829364217883e-03 9.999441003993647659e-01 1.504201555894076225e+00
9.999344077313024881e-01 -1.127958840330720025e-02 -1.987746833621014536e-03 7.694970167675359296e-02 1.127015176693970527e-02 9.999254611129433368e-01 -4.696368608544962929e-03 -3.415332652619747222e-02 2.040571806309651997e-03 4.673658403563888709e-03 9.999869964084371343e-01 1.826224170437078076e+00
9.997892762109044096e-01 -1.083696308533910885e-02 -1.743454599573121544e-02 1.635641796980846774e-02 1.074792773136562692e-02 9.999287576427678959e-01 -5.192462834687666326e-03 -3.767006742096405680e-02 1.748957474500187348e-02 5.003983456280418872e-03 9.998345237856495205e-01 2.165507336170670705e+00
9.993103520545980611e-01 -6.106634323375886506e-03 -3.662689217051399299e-02 7.693323231496192183e-03 5.914280528081620157e-03 9.999681573255199130e-01 -5.357761752704181049e-03 -3.794246427906637631e-02 3.665844439473459754e-02 5.137445085806889404e-03 9.993146477391767757e-01 2.507504543909297112e+00
9.984133708943917496e-01 -3.607303540243095991e-03 -5.619366559959913104e-02 -4.300137430633054619e-02 3.274808239695079035e-03 9.999765900155122011e-01 -6.007915351733800896e-03 -5.343677141084998694e-02 5.621402344937456719e-02 5.814359543373936838e-03 9.984018113579062881e-01 2.850412643940920088e+00
9.970761017161000606e-01 -2.840269461101416464e-03 -7.636216375441014226e-02 -8.796328166086953004e-02 2.368259174386243456e-03 9.999775323782451597e-01 -6.271051251521011193e-03 -5.514616226380360253e-02 7.637826087066032499e-02 6.071869928079209541e-03 9.970604263875423312e-01 3.194926590807575018e+00
9.952633580321974538e-01 -3.314868137426445118e-03 -9.715893944671215310e-02 -1.445909975735896746e-01 2.757485174198378002e-03 9.999789663521453376e-01 -5.870530185926990489e-03 -6.530344231797105548e-02 9.717635755098096018e-02 5.574809215360255685e-03 9.952515648481929933e-01 3.576205687697046276e+00
9.931551831454871193e-01 -4.125046298583718782e-03 -1.167294555495787395e-01 -2.034268665303774204e-01 3.533685940049096676e-03 9.999798563059094647e-01 -5.272574369339365873e-03 -7.401430209802696558e-02 1.167488558179218261e-01 4.823999267495043299e-03 9.931497541122744632e-01 3.958741745509761767e+00
9.909811193912032579e-01 -4.231248834691942254e-03 -1.339347492399192430e-01 -3.031338627206659475e-01 3.620520024338267848e-03 9.999819107457001977e-01 -4.803125056996662701e-03 -8.451776381941257521e-02 1.339526519932831283e-01 4.274892723250325703e-03 9.909785127900032631e-01 4.391478313330206440e+00
9.887236650681352490e-01 -3.172642839394934459e-03 -1.497178943255358108e-01 -3.681485410423127602e-01 2.539312413513451945e-03 9.999870026323802730e-01 -4.421137281619247350e-03 -9.291793052995721280e-02 1.497299776656949855e-01 3.991102450824694260e-03 9.887188708039028606e-01 4.827406418023231005e+00
9.865180650800057238e-01 -2.996345287026035403e-03 -1.636249629511422610e-01 -4.698736226960253948e-01 2.330497819558032067e-03 9.999882055857575169e-01 -4.261157793073947452e-03 -9.261601645788884729e-02 1.636358038206642274e-01 3.822381408891197506e-03 9.865134128823808135e-01 5.216955231965903828e+00
9.843994709041514746e-01 -3.473081598721017901e-03 -1.759136680731044067e-01 -5.448450993199920322e-01 2.633230180069990895e-03 9.999839957337116614e-01 -5.007431601862457997e-03 -1.033637661126210056e-01 1.759282469647924507e-01 4.466091721955567535e-03 9.843928619822163162e-01 5.655717887131561206e+00
9.826635866954985810e-01 -6.206525199956214843e-03 -1.852936954897015098e-01 -6.307305996623002731e-01 5.016553728178682267e-03 9.999636788341995652e-01 -6.890224448645020788e-03 -1.105621824890700988e-01 1.853297329624278011e-01 5.841236779315557917e-03 9.826590308344633762e-01 6.076619665337805287e+00
9.811533708058876035e-01 -5.871334900908501200e-03 -1.931413717483738413e-01 -7.335867643103862745e-01 4.310813604601644936e-03 9.999545913251436380e-01 -8.498950939891383380e-03 -1.250272835657817994e-01 1.931825049803304051e-01 7.506177806394358568e-03 9.811341284314282207e-01 6.546877069990131304e+00
9.795570648019223947e-01 -5.985847703700025203e-03 -2.010774116044330706e-01 -8.238135552451965049e-01 3.952261035209039125e-03 9.999369221546319242e-01 -1.051338853952565010e-02 -1.217750018173667098e-01 2.011276630913079178e-01 9.503753507561904165e-03 9.795189343658025072e-01 7.023697798723369523e+00
9.779699776715040649e-01 -6.456878378487151439e-03 -2.086457056005477928e-01 -9.582394417424396904e-01 3.854636850238486213e-03 9.999096677880718875e-01 -1.287625849401347229e-02 -1.393132791130885784e-01 2.087100022107667152e-01 1.178834072851694600e-02 9.779065246920067844e-01 7.506067859068703108e+00
9.761640479787693225e-01 -9.832946087835562135e-03 -2.168111240465589451e-01 -1.064771559475443663e+00 6.766169060608981205e-03 9.998663527430842191e-01 -1.488272815355739555e-02 -1.471189418519405490e-01 2.169284926428153848e-01 1.306100336855909629e-02 9.761001180086599227e-01 8.008036276516165231e+00
9.742303456740587508e-01 -1.553187136243945783e-02 -2.250199844025325413e-01 -1.183322604563767477e+00 1.225487893332996917e-02 9.997976457794731653e-01 -1.595259901842320527e-02 -1.645803330393141306e-01 2.252222282639960160e-01 1.278391331239121798e-02 9.742235475681135792e-01 8.521515901876012933e+00
9.723973057285733024e-01 -1.615245101096306549e-02 -2.327715122352401189e-01 -1.321412723721035576e+00 1.219333405365593398e-02 9.997556595915809696e-01 -1.843756215846761859e-02 -1.856381802308202378e-01 2.330124525902808330e-01 1.509037489756202485e-02 9.723566623282291488e-01 9.040523199221151884e+00
9.701680011261283321e-01 -1.292670711085066974e-02 -2.420887203295480627e-01 -1.464606561895642756e+00 7.787688726252340460e-03 9.997238225685499691e-01 -2.217274180652401006e-02 -1.857424119169036048e-01 2.423084856058552172e-01 1.962597296824581880e-02 9.700007321264570992e-01 9.555063665436371423e+00
9.681004715676821970e-01 -1.047920867529761671e-02 -2.503430880368076594e-01 -1.633776840113507767e+00 4.375029415693404075e-03 9.996796924341202484e-01 -2.492732725095910332e-02 -2.074114603165656545e-01 2.505241242323873463e-01 2.303689888303891639e-02 9.678362288549505754e-01 1.009784009356484979e+01
9.657525404120472778e-01 -1.255256501796737229e-02 -2.591610740547162228e-01 -1.790875039377756828e+00 5.705008260395326956e-03 9.996148938877165158e-01 -2.715726030044197589e-02 -2.279945196292905152e-01 2.594021672856797189e-01 2.474867705738602666e-02 9.654522360515439550e-01 1.064417983145617264e+01
9.633957596470565932e-01 -1.441122909318593229e-02 -2.676955830609122344e-01 -1.952850134384045200e+00 6.915145100634931957e-03 9.995576929777523212e-01 -2.892402397562058788e-02 -2.606892621340501925e-01 2.679940147772310599e-01 2.601412825546611796e-02 9.630692990479711169e-01 1.119085100411831135e+01
9.613079241217797888e-01 -1.399383275290687345e-02 -2.751204209179359261e-01 -2.107168862782889729e+00 5.505182741140383397e-03 9.994853594015267184e-01 -3.160236213125581367e-02 -2.815160818067778958e-01 2.754210756925948300e-01 2.886501296911678574e-02 9.608902350231451894e-01 1.177755748740816344e+01
9.588808836200163332e-01 -1.392046072002068799e-02 -2.834672292359652901e-01 -2.284341455758907458e+00 4.116737905368481228e-03 9.993735184678118610e-01 -3.515143016495436701e-02 -3.033954904178910450e-01 2.837789712382854934e-01 3.253907418014004987e-02 9.583374697343345350e-01 1.236269776976029355e+01
9.565656997198791478e-01 -1.462434802736604228e-02 -2.911497702705441726e-01 -2.484928020757710243e+00 3.011991315817737300e-03 9.991833758734292026e-01 -4.029279432324953114e-02 -3.362048380762688859e-01 2.915012712031423980e-01 3.766576450712919716e-02 9.558285939010000565e-01 1.295320407755763270e+01
9.548148869297417018e-01 -1.664684599688449895e-02 -2.967345822774059005e-01 -2.706431968212985595e+00 2.710898765560931702e-03 9.988763814156863541e-01 -4.731411694226340253e-02 -3.714763146085973133e-01 2.971888017086741773e-01 4.437180595488445650e-02 9.537871674998462668e-01 1.358373779871181419e+01
9.535341070744903780e-01 -1.639129070861618589e-02 -3.008388776244803053e-01 -2.911809514773249674e+00 -2.955922180457455878e-04 9.984675967960648935e-01 -5.533869132517178768e-02 -4.073822402310174340e-01 3.012849489082430332e-01 5.285625547394844775e-02 9.520680636271663388e-01 1.421342685862203759e+01
9.523783420510930631e-01 -1.695564779830189411e-02 -3.044470358110810682e-01 -3.135719252048101868e+00 -2.696039380884281914e-03 9.979454455463511175e-01 -6.401264770351045019e-02 -4.527526335376419464e-01 3.049069139274336870e-01 6.178506079075905821e-02 9.503759162073007749e-01 1.482774783082167502e+01
9.508765083312429311e-01 -1.634689256672587979e-02 -3.091385497882810363e-01 -3.338447073616188199e+00 -6.486595336180575946e-03 9.973334951544435834e-01 -7.268991335552789368e-02 -5.004204554958866513e-01 3.095024898422940041e-01 7.112438806166082594e-02 9.482349562564130752e-01 1.548158991014535246e+01
9.494619590536177434e-01 -1.554337825448661586e-02 -3.134970328521727856e-01 -3.577971918375477678e+00 -1.004295235124464530e-02 9.967574114442114830e-01 -7.983609345239912891e-02 -5.591351684408865097e-01 3.137214189157474520e-01 7.894976990726301769e-02 9.462271435875395653e-01 1.613683467063853882e+01
9.480418319246887160e-01 -1.350947346468817610e-02 -3.178587373289092355e-01 -3.798724981267661782e+00 -1.467679426455661268e-02 9.961771901683496022e-01 -8.611386345347878113e-02 -6.188672945400385261e-01 3.178069821947583362e-01 8.630469266962526032e-02 9.442193729543172376e-01 1.675409255034623257e+01
9.463632794395185899e-01 -1.289645798895750796e-02 -3.228470574225271172e-01 -4.049785774043750841e+00 -1.788628341303985861e-02 9.955798868668765955e-01 -9.219961882166073652e-02 -6.868390306412557322e-01 3.226090909096483994e-01 9.302886817047680001e-02 9.419495774104635899e-01 1.746746719058370090e+01
9.445691184438287369e-01 -1.043158844074571628e-02 -3.281468576136806203e-01 -4.281400538256349364e+00 -2.296985653153592322e-02 9.949461500074731068e-01 -9.774734911294771789e-02 -7.670762404722299976e-01 3.275081183093394022e-01 9.986661425047548002e-02 9.395557961613346665e-01 1.814012717686094334e+01
9.425883591112432791e-01 -7.407573358687615829e-03 -3.338746932080818852e-01 -4.535281630086227089e+00 -2.779907472939527682e-02 9.945438286456531607e-01 -1.005474233211639395e-01 -8.412178030156466368e-01 3.327978337447452528e-01 1.040562389675711297e-01 9.372395122685330815e-01 1.884863616640448214e+01
9.412462769165483856e-01 -6.838609624739843025e-03 -3.376517099021251189e-01 -4.835318863895738950e+00 -2.943977962096598622e-02 9.943275676121601236e-01 -1.022056145872995842e-01 -9.201698409261623857e-01 3.364353534268411661e-01 1.061410468136249896e-01 9.357057943415542089e-01 1.952999608378595653e+01
9.389758474554116274e-01 -6.351222284568558071e-03 -3.439244355662399166e-01 -5.103282267992525156e+00 -3.033913586467017545e-02 9.944039073700836617e-01 -1.011948903688829199e-01 -1.009485198764952463e+00 3.426425196381533422e-01 1.054539287831408323e-01 9.335285615003271475e-01 2.023348093900488820e+01
9.367065984377576093e-01 -6.695925417794157050e-03 -3.500512968902617650e-01 -5.381191108198551731e+00 -3.017848758902871159e-02 9.945518454205032333e-01 -9.977918447280434422e-02 -1.091416030986290808e+00 3.488122832280318719e-01 1.040278398458437670e-01 9.314012036609777834e-01 2.094448914218703806e+01
9.340455693298495010e-01 -6.941557520591654963e-03 -3.570863852477909051e-01 -5.662163389991950346e+00 -3.003766168777600651e-02 9.947420610606516611e-01 -9.790797126016374807e-02 -1.177826767120342621e+00 3.558884867131975049e-01 1.021765474126087037e-01 9.289259070829157805e-01 2.170278397523072300e+01
9.310376462446174894e-01 -5.891425221530616381e-03 -3.648755810016539036e-01 -5.935216491089769342e+00 -3.086673502737536171e-02 9.950150937849583377e-01 -9.482725248974666066e-02 -1.264596185937627792e+00 3.636153843144351860e-01 9.955026042451990687e-02 9.262146623252244249e-01 2.240588517716593486e+01
9.275139666871690114e-01 -2.861393085087456448e-03 -3.737775423009780940e-01 -6.258866348541961777e+00 -3.289501041761838662e-02 9.954660535475778893e-01 -8.924827473421102775e-02 -1.340361968233341861e+00 3.723382356878056632e-01 9.507443800549003621e-02 9.232145429774822887e-01 2.316037116892229974e+01
9.242574977650171997e-01 -6.669592447452965750e-04 -3.817690793823964035e-01 -6.616500014324607548e+00 -3.394151856041278253e-02 9.958949674202077773e-01 -8.391178232939854043e-02 -1.428334072941101818e+00 3.802578771066758567e-01 9.051391675088936439e-02 9.204407535316926348e-01 2.390766230386448044e+01
9.206266729167649210e-01 3.293802029678551471e-03 -3.904301177327368921e-01 -6.926533648025770873e+00 -3.739190917817435816e-02 9.961120686992754880e-01 -7.976585586812762196e-02 -1.493538165423226705e+00 3.886494259609185598e-01 8.803350245841119748e-02 9.171705017345677113e-01 2.464150282972615358e+01
9.168307774511713637e-01 3.712176501657391599e-03 -3.992587406477540735e-01 -7.285662585158407367e+00 -3.793220161951808139e-02 9.962438159844503316e-01 -7.784219446694611022e-02 -1.570939319873340789e+00 3.974700941787315811e-01 8.651288315369973225e-02 9.135278039095814373e-01 2.537138287122736102e+01
9.127025213265493875e-01 4.379514205009662174e-03 -4.086011796333898216e-01 -7.611812721732635900e+00 -3.935480765074946680e-02 9.962362933218650296e-01 -7.722983253806520176e-02 -1.646736565600228852e+00 4.067251024521404412e-01 8.656828413482632600e-02 9.094397322462683952e-01 2.613582978620069852e+01
9.088340068074196587e-01 4.237047726694891624e-03 -4.171364188665523942e-01 -7.964810877725531313e+00 -3.965077709082522051e-02 9.962985716476298048e-01 -7.626907670631889735e-02 -1.717589773507923079e+00 4.152692696853760301e-01 8.585571415086681868e-02 9.056380256493719028e-01 2.690552944130975277e+01
9.049108094498098387e-01 4.568030868874500827e-03 -4.255767337985660870e-01 -8.365036173127503361e+00 -4.010263979224863023e-02 9.964086722489612358e-01 -7.457570787115869182e-02 -1.791279487494430001e+00 4.237076913805143952e-01 8.455111502626674880e-02 9.018441688236920051e-01 2.767951851286171561e+01
9.009889980461511794e-01 5.383884600051468822e-03 -4.338085238562263135e-01 -8.762587813421960803e+00 -4.062812960225612585e-02 9.965758467507830343e-01 -7.201344886799841694e-02 -1.867277677201311992e+00 4.319353922876655871e-01 8.250815443646562775e-02 8.981226113938983735e-01 2.849272404962508531e+01
8.971348350844245978e-01 6.008982010144674549e-03 -4.417159447752347368e-01 -9.128019287638696966e+00 -4.006936074000879561e-02 9.968925984775751648e-01 -6.782030295748646409e-02 -1.932110678850745611e+00 4.399358325343417642e-01 7.854323216632233540e-02 8.945878536035567485e-01 2.925051985294984647e+01
8.932962915699225181e-01 6.840941364669670885e-03 -4.494162134555003130e-01 -9.547683575391912925e+00 -3.903945895097459678e-02 9.972863075510851605e-01 -6.241747736875233321e-02 -1.993400684376609888e+00 4.477696494474641686e-01 7.330226714552745548e-02 8.911392274341137787e-01 3.007036201591198932e+01
8.894391333871572991e-01 6.782818861459555954e-03 -4.570033010491758585e-01 -9.964270672651501570e+00 -3.738452763441497961e-02 9.976191044244216988e-01 -5.795273630879070603e-02 -2.065416828105232305e+00 4.555221488173591404e-01 6.863028431310902455e-02 8.875750447963032252e-01 3.087605059017989007e+01
8.857494002951061818e-01 5.923170126642589815e-03 -4.641259652464364560e-01 -1.039095740741303331e+01 -3.601146670795646321e-02 9.977816030273086723e-01 -5.599149032304937684e-02 -2.132580465737720754e+00 4.627647104337192507e-01 6.630828591010753947e-02 8.839977591886948316e-01 3.169895371177411292e+01
8.828439081740464545e-01 6.220259777845469143e-03 -4.696253163506141082e-01 -1.087024038422651095e+01 -3.625657838196752469e-02 9.978310692427811990e-01 -5.494194974749595090e-02 -2.199548740686186221e+00 4.682649863998153417e-01 6.553217290714448418e-02 8.811546068498369300e-01 3.252195996047274207e+01
8.793501253195886713e-01 6.241326477081570595e-03 -4.761348531887309998e-01 -1.130445407711067674e+01 -3.566652799226848608e-02 9.979685428435596251e-01 -5.278907405891534316e-02 -2.246386843376488862e+00 4.748381399464335351e-01 6.340215611019944797e-02 8.777863703154923369e-01 3.332771031262822703e+01
8.764246080647242199e-01 4.525190081412184401e-03 -4.815178339573915611e-01 -1.177120872148225139e+01 -3.352020678075762206e-02 9.981035110791176557e-01 -5.163116276751623934e-02 -2.314256329063195672e+00 4.803710081506296081e-01 6.139139908487918629e-02 8.749141644762872261e-01 3.417961384061679553e+01
8.739564301778819377e-01 3.638601416808541662e-03 -4.859906522134304074e-01 -1.227111972211272573e+01 -3.278710588159702150e-02 9.981352573129089745e-01 -5.148799719268477848e-02 -2.373731141790826449e+00 4.848970687342498143e-01 6.093249331715442502e-02 8.724460261956623608e-01 3.503333461668142235e+01
8.719712703665349895e-01 3.315668559758142963e-03 -4.895458152647391703e-01 -1.274852040354490867e+01 -3.290176774374153901e-02 9.981130595459021260e-01 -5.184393987150386074e-02 -2.425703811405480526e+00 4.884501825365381023e-01 6.131334894701006427e-02 8.704350045333283381e-01 3.582967714742452614e+01
8.702618684018010864e-01 2.451268321530477960e-03 -4.925832588328926676e-01 -1.323572285310488716e+01 -3.235140661948997937e-02 9.981130539230204102e-01 -5.218925305804630876e-02 -2.478034055506960875e+00 4.915258593717654056e-01 6.135407829825190867e-02 8.686990338405211620e-01 3.667525754157323803e+01
8.696178409255214126e-01 3.939403944066800604e-03 -4.937097193808616669e-01 -1.373764717366262467e+01 -3.359259729301960345e-02 9.981229994444269504e-01 -5.120561929568843984e-02 -2.553333723219517903e+00 4.925813148125495200e-01 6.111431199482465076e-02 8.681179032459386269e-01 3.759717501616081847e+01
8.694664478331070034e-01 3.491403250897208953e-03 -4.939796568303286839e-01 -1.425775553588672828e+01 -3.225445852604544306e-02 9.982424189992868957e-01 -4.971642458640108259e-02 -2.612394041834721126e+00 4.929378759603726401e-01 5.915980953692852318e-02 8.680509041264969916e-01 3.850281194918274252e+01
8.692923475706598735e-01 2.206218589050464030e-03 -4.942933766675242646e-01 -1.477995649102492237e+01 -3.063980323997303468e-02 9.983075526257235710e-01 -4.942906920161746487e-02 -2.670020288972688061e+00 4.933477682930443309e-01 5.811336349823475328e-02 8.678887148051619427e-01 3.937140299557204770e+01
8.688881216901039872e-01 1.095638308823997315e-03 -4.950072996574657602e-01 -1.530331279255464594e+01 -2.961502096887182189e-02 9.983213561953874216e-01 -4.977369133194367579e-02 -2.731625414961114995e+00 4.941218332556436277e-01 5.790742081812647740e-02 8.674620160624013643e-01 4.022714742921274222e+01
8.675150109777814977e-01 -1.325220912639384638e-03 -4.974092325538150838e-01 -1.582995183177585474e+01 -2.726397423610802881e-02 9.983664770651087261e-01 -5.021009088982734958e-02 -2.789395142884113721e+00 4.966632511698270136e-01 5.711936013092152459e-02 8.660617752088594079e-01 4.119198887937317721e+01
8.657753188291984481e-01 -1.242905810864599952e-03 -5.004313614758444384e-01 -1.635685295342439360e+01 -2.669063212724681958e-02 9.984589054690231613e-01 -4.865618451582579690e-02 -2.856305286755054240e+00 4.997206330935302643e-01 5.548215309882851415e-02 8.644079039698256972e-01 4.212312935204806053e+01
8.639130087628933419e-01 -1.114597464614148093e-03 -5.036398176885944489e-01 -1.691178445906385619e+01 -2.494080754079110868e-02 9.986759573174327498e-01 -4.499209307081944442e-02 -2.916140319367899636e+00 5.030231338049682144e-01 5.143043828055447741e-02 8.627413528010956512e-01 4.304486504185843643e+01
8.607523619133805592e-01 -5.917540250562104698e-04 -5.090235909925248103e-01 -1.744621758178186610e+01 -2.313927099529545020e-02 9.989200827873725430e-01 -4.028948229819346444e-02 -2.976625727027707669e+00 5.084977378768081868e-01 4.645770183496287370e-02 8.598091285705140585e-01 4.394021828820640252e+01
8.570826466796950260e-01 -2.294115904016276117e-03 -5.151738236562360962e-01 -1.798455870916819066e+01 -2.033786005993522619e-02 9.990598913512648283e-01 -3.828452661339920571e-02 -3.038807258892051166e+00 5.147773423009287530e-01 4.329053646697262475e-02 8.562302391772469434e-01 4.480660347350579542e+01
8.522644583595253565e-01 -4.233225804938621148e-03 -5.230940330940568872e-01 -1.856410389153544216e+01 -1.971883727678054588e-02 9.989965790107594446e-01 -4.021197104803695549e-02 -3.102567853708554590e+00 5.227393849226117384e-01 4.458603978849035726e-02 8.513258047482263891e-01 4.569211629228703941e+01
8.464299538327338945e-01 -8.371022950292204834e-03 -5.324342717178115469e-01 -1.912997584749278701e+01 -1.745278514224789593e-02 9.989031365869833756e-01 -4.345024781340731806e-02 -3.157798943170079919e+00 5.322139962369922817e-01 4.607005215040962248e-02 8.453554388578414791e-01 4.658831585993743118e+01
8.402683337557803611e-01 -7.966600523399062703e-03 -5.421122161011135976e-01 -1.973730556816295589e+01 -1.841944816952056224e-02 9.988953698632019318e-01 -4.322920337942918328e-02 -3.217891536352211812e+00 5.418577817406305952e-01 4.630953850642913205e-02 8.391934083975735037e-01 4.750326685672428795e+01
8.341253639892627358e-01 -5.059729391176438253e-03 -5.515516932997871491e-01 -2.031711476464894162e+01 -1.914141240980152606e-02 9.990900768490134087e-01 -3.811331403646297383e-02 -3.260669567065334284e+00 5.512426762032340832e-01 4.234876027046239472e-02 8.332695244086426589e-01 4.837552888005232887e+01
8.287370186081128853e-01 -2.305809676131064141e-03 -5.596334793052941681e-01 -2.091586515285646186e+01 -1.973314885787127299e-02 9.992492722653869563e-01 -3.333908742928886476e-02 -3.333137609531041434e+00 5.592902301672841858e-01 3.867266652982724595e-02 8.280693626360379200e-01 4.927229963145251901e+01
8.248802443110508920e-01 -1.423974147447287612e-03 -5.653057125633750291e-01 -2.156290641105590922e+01 -2.195360872403685770e-02 9.991617823939972221e-01 -3.455100156444710496e-02 -3.385103836038839020e+00 5.648810728355232458e-01 4.091093890751688888e-02 8.241575545817760862e-01 5.018037744566397862e+01
8.213752504901221663e-01 -3.222711222146833979e-03 -5.703790894905687026e-01 -2.216231591351706598e+01 -2.303442233594307081e-02 9.989808817549500342e-01 -3.881511713510159278e-02 -3.425886623291661159e+00 5.699229054909014103e-01 4.502012930606313218e-02 8.204639394867957458e-01 5.104069771740324057e+01
8.188305872315796430e-01 -5.618078742001637524e-03 -5.740077527767130094e-01 -2.277067434680614966e+01 -2.520244927875029892e-02 9.986360646612898462e-01 -4.572577994859877704e-02 -3.497533811243523250e+00 5.734817442285213840e-01 5.190806849135916334e-02 8.175721667081314870e-01 5.183854085231125453e+01
8.153058496610593453e-01 -5.980262187407004056e-03 -5.789996558833666596e-01 -2.339115925776605920e+01 -2.621814913509172215e-02 9.985398050501920197e-01 -4.723204877457871931e-02 -3.557855797959589061e+00 5.784366735074264465e-01 5.368886496637559347e-02 8.139585535730102794e-01 5.273817594552065202e+01
8.119542327753624944e-01 -5.060529172701240704e-03 -5.836991591261889711e-01 -2.402021767124672635e+01 -2.535720261991583971e-02 9.987126799707058966e-01 -4.393171048534051659e-02 -3.621323561106962963e+00 5.831700792574301406e-01 5.047151607629693504e-02 8.107806677744250345e-01 5.358878719107605093e+01
8.084794313086114403e-01 -3.635668620879602391e-03 -5.885131981564388770e-01 -2.465965703383369600e+01 -2.317127402325939653e-02 9.990089217739520633e-01 -3.800350404020571421e-02 -3.684416266215362334e+00 5.880681138253696094e-01 4.436165180125333646e-02 8.075939226916278857e-01 5.444637723785015737e+01
8.054750666297519901e-01 -1.417560435087664682e-03 -5.926279615497908049e-01 -2.533479746628122697e+01 -2.415790768241313571e-02 9.990874084471110805e-01 -3.522422214108187483e-02 -3.738688182086011835e+00 5.921370769519609389e-01 4.268888412712731895e-02 8.047057524174389131e-01 5.534058767000590251e+01
8.027712331958244407e-01 -6.672740895772520100e-04 -5.962867557398753293e-01 -2.594490179295745236e+01 -2.553409559495021033e-02 9.990436314348810631e-01 -3.549411924827714643e-02 -3.790664318575861724e+00 5.957401804084961894e-01 4.371930077501671313e-02 8.019864506116658465e-01 5.618280489746953776e+01
7.987740331431063545e-01 -2.043844937243276001e-03 -6.016276753398311916e-01 -2.662000838830046945e+01 -2.527102877776437814e-02 9.989976878387784032e-01 -3.694583664941328977e-02 -3.837997312802194916e+00 6.011001785288662136e-01 4.471512512270599260e-02 7.979217629872918938e-01 5.703803927022661213e+01
7.952483131506248304e-01 -4.352020658744923040e-03 -6.062682354466712997e-01 -2.729996251943422791e+01 -2.455473261766269802e-02 9.989225860655420730e-01 -3.937933721985615448e-02 -3.912628086737337973e+00 6.057864237340200297e-01 4.620310580178599302e-02 7.942846396750954385e-01 5.787545788285445525e+01
7.909691824817342010e-01 -4.685995899309632062e-03 -6.118380395589350096e-01 -2.794559169501472695e+01 -2.493539655749025738e-02 9.988930429769564689e-01 -3.988627253903732905e-02 -3.966090524212070978e+00 6.113476785924414347e-01 4.680523641760921116e-02 7.899767672738933211e-01 5.874425023034648063e+01
7.862001719083696605e-01 -5.601012934595871011e-03 -6.179465276692139852e-01 -2.864154475122365895e+01 -2.348993470481037377e-02 9.989654037386855867e-01 -3.894027663239622156e-02 -4.017626357112916047e+00 6.175253181425953697e-01 4.513037563840515548e-02 7.852552055803907471e-01 5.960104248588363873e+01
7.813733269679317139e-01 -5.909020689162817162e-03 -6.240358963693659611e-01 -2.930881069574878239e+01 -2.294389995322047848e-02 9.990071205702575341e-01 -3.818835617575361968e-02 -4.076104244520722730e+00 6.236419705055635809e-01 4.415717994596483897e-02 7.804619423525108735e-01 6.042376950574274019e+01
7.758817388250537350e-01 -6.374459875980387040e-03 -6.308461667070405232e-01 -2.998819038262086423e+01 -2.329812201320085457e-02 9.989773413352398546e-01 -3.874879420737646629e-02 -4.135773323913052302e+00 6.304480399140685032e-01 4.476201264662328649e-02 7.749397645748826724e-01 6.124403627746303869e+01
7.705225201123104828e-01 -7.367359404309265294e-03 -6.373701909413200806e-01 -3.070144495895505443e+01 -2.340073188619371664e-02 9.989321790604827056e-01 -3.983600667071009183e-02 -4.185171486039629407e+00 6.369830908675303549e-01 4.560946906072959467e-02 7.695273393146279117e-01 6.209000385453431647e+01
7.650722158423178820e-01 -8.130546370599230771e-03 -6.438931517737933596e-01 -3.139275500096394111e+01 -2.359851915353000304e-02 9.988946144928261273e-01 -4.065290978314251708e-02 -4.252842533139488346e+00 6.435119430800508855e-01 4.629733650371175430e-02 7.640346481435276171e-01 6.292034375108511313e+01
7.595096095761628696e-01 -1.030558910399338550e-02 -6.504144369463967790e-01 -3.212140151835193080e+01 -2.202144387304829157e-02 9.988940365091925067e-01 -4.154226612642401839e-02 -4.312887943681903202e+00 6.501232310617029997e-01 4.587481519666433000e-02 7.584426766289922295e-01 6.375897674219700662e+01
7.536312555822741732e-01 -1.203133776702867107e-02 -6.571873167988094844e-01 -3.288590789712186080e+01 -2.140059109118080949e-02 9.988532521315947044e-01 -4.282750802688239239e-02 -4.371359773069662502e+00 6.569489721880176214e-01 4.634034553731533612e-02 7.525095537198737139e-01 6.457870469537726876e+01
7.473519606435035101e-01 -1.253643622057236569e-02 -6.643100754655958395e-01 -3.361960256585393125e+01 -2.110613243573320960e-02 9.988694797375605727e-01 -4.259452615762288757e-02 -4.432553640238701576e+00 6.640930544785472733e-01 4.585411891012065172e-02 7.462424693491060967e-01 6.540780099141483106e+01
7.409900964620276254e-01 -1.315151226894323462e-02 -6.713871507420288154e-01 -3.436847401382573963e+01 -1.972167855651835167e-02 9.989507173088922887e-01 -4.133424508455302987e-02 -4.494316143271371189e+00 6.712262952359118184e-01 4.386914764492932245e-02 7.399532194157740772e-01 6.622466234370043026e+01
7.347010381030759651e-01 -1.365309636872616243e-02 -6.782536169603415876e-01 -3.511494666005674503e+01 -1.879715708580675243e-02 9.990038753782655156e-01 -4.047127248852237791e-02 -4.561064030378008560e+00 6.781305617159497645e-01 4.248352549321166710e-02 7.337125458559092817e-01 6.703703247146712840e+01
7.281954424980093821e-01 -1.449351996618262334e-02 -6.852162626422623193e-01 -3.591985162554534128e+01 -1.885076955456339506e-02 9.989745934982043885e-01 -4.116321251070976378e-02 -4.620713999275058548e+00 6.851102490940480516e-01 4.289171741007455352e-02 7.271755331051028559e-01 6.791263999844269961e+01
7.215700621685375848e-01 -1.669551888236461834e-02 -6.921400841251358349e-01 -3.668755777177842248e+01 -1.755241829790400374e-02 9.989467363977295733e-01 -4.239493461024963078e-02 -4.690497125099021503e+00 6.921188955400038312e-01 4.273964767311141943e-02 7.205170129174386373e-01 6.867798731837061155e+01
7.158559638894608224e-01 -1.523519591819476153e-02 -6.980817420944709362e-01 -3.747900334397271394e+01 -2.005848136945610413e-02 9.989006337162339433e-01 -4.236958013013060464e-02 -4.749414708758628478e+00 6.979598154593703585e-01 4.433297604407220732e-02 7.147633820563457085e-01 6.943579345521752089e+01
7.102705455194551210e-01 -1.550951498693449448e-02 -7.037579113948951859e-01 -3.826601770276172942e+01 -1.944867758223909823e-02 9.989432252507839394e-01 -4.164350728313653133e-02 -4.799687339971581146e+00 7.036600805458850250e-01 4.326531713796634426e-02 7.092183109646801320e-01 7.021722156053284891e+01
7.057265357961939323e-01 -1.509098522902634076e-02 -7.083235909273881692e-01 -3.904940434994719567e+01 -2.044980887559981475e-02 9.989226657578454960e-01 -4.165709048161368028e-02 -4.862078724378010364e+00 7.081891484242262003e-01 4.388359600311749625e-02 7.046576256555047157e-01 7.099821901294158977e+01
7.006525237061826950e-01 -1.581535209832721917e-02 -7.133273485335855923e-01 -3.990255583532422179e+01 -2.032605542255785588e-02 9.989061223495880881e-01 -4.211187763745317947e-02 -4.929130417143931631e+00 7.132130821675596311e-01 4.400492435255295293e-02 6.995646328390973112e-01 7.181929379158211191e+01
6.956891890214178531e-01 -1.752578168986947474e-02 -7.181290898169069292e-01 -4.073506707999288778e+01 -2.066020085846831389e-02 9.988006172200050159e-01 -4.439012475297970939e-02 -4.998732010834854300e+00 7.180457621759589459e-01 4.571842092803229257e-02 6.944927062168866350e-01 7.260414418796781888e+01
6.903459292957629945e-01 -1.989075494857846238e-02 -7.232059499438865391e-01 -4.157939149325861905e+01 -2.082324353526558355e-02 9.986615792157398364e-01 -4.734387774287521916e-02 -5.065098932426169043e+00 7.231797140141691393e-01 4.774314671493235657e-02 6.890077669268395155e-01 7.339253263204766142e+01
6.854650062875453642e-01 -2.034734337460942372e-02 -7.278212012022082789e-01 -4.241980110036831064e+01 -2.161981635687290626e-02 9.985998805431713921e-01 -4.827900323945754496e-02 -5.125318037334312571e+00 7.277845265870990232e-01 4.882892779250179449e-02 6.840653685799890082e-01 7.416658021266397327e+01
6.807309524892055652e-01 -2.018139814283236022e-02 -7.322554687586321220e-01 -4.328659595560026929e+01 -2.090106048552408183e-02 9.986783347098433516e-01 -4.695454700997449271e-02 -5.202256082223902567e+00 7.322352931615994098e-01 4.726832915787983896e-02 6.794094424124726972e-01 7.495705201344841839e+01
6.755863247538533845e-01 -2.019847454898601735e-02 -7.370041582963005045e-01 -4.413998447549983695e+01 -2.016375441373728650e-02 9.987445737605563645e-01 -4.585520062071512387e-02 -5.273955766590332495e+00 7.370051217558353240e-01 4.583991709570198886e-02 6.743308998997327164e-01 7.572541215123676750e+01
6.704525100069221866e-01 -2.097685492456426853e-02 -7.416558455103448022e-01 -4.498188498385975720e+01 -1.959592261536703336e-02 9.987509173597604040e-01 -4.596308215007011838e-02 -5.347871855904563709e+00 7.416936297722962479e-01 4.534949413097816989e-02 6.692039996216727626e-01 7.648870425107057258e+01
6.656291377611069926e-01 -2.139173751746942242e-02 -7.459760279097201741e-01 -4.590235722246701044e+01 -1.942824971306035889e-02 9.987535929773494470e-01 -4.597612052342608946e-02 -5.413594011068648015e+00 7.460297601249100685e-01 4.509605378620720056e-02 6.643838899490592809e-01 7.728325734214351428e+01
6.608304538636611269e-01 -2.179338076956282774e-02 -7.502187343560604571e-01 -4.677688000692994308e+01 -1.910986373767288929e-02 9.987656966135185499e-01 -4.584644376474197175e-02 -5.482840030706929824e+00 7.502918987846044496e-01 4.463330379508471946e-02 6.595983211037359517e-01 7.806409082767444829e+01
6.572227709690440234e-01 -2.322282910670013523e-02 -7.533385155601773908e-01 -4.765587801454995542e+01 -1.711173089569034342e-02 9.988078018474463304e-01 -4.571830771068698812e-02 -5.545892495839843228e+00 7.535021082251570634e-01 4.293803857909080091e-02 6.560418494420627855e-01 7.883387390251978388e+01
6.531757414734049583e-01 -2.569668747895325830e-02 -7.567701899615646433e-01 -4.857928816078895551e+01 -1.451213918068170600e-02 9.988156102713346973e-01 -4.644108648729217137e-02 -5.619765747734408734e+00 7.570672742752546647e-01 4.131654515947254247e-02 6.520292139827155165e-01 7.960039370287425697e+01
6.491392492816282500e-01 -3.057672377359675620e-02 -7.600547929815413273e-01 -4.949302056070204969e+01 -1.092896129467985089e-02 9.987137339777641953e-01 -4.951197207760892754e-02 -5.700051246061836885e+00 7.605910873501687819e-01 4.044677352562362632e-02 6.479701127491889201e-01 8.037138602790756181e+01
6.445226066775114893e-01 -3.474866530379585455e-02 -7.637952140297439296e-01 -5.041447607173122947e+01 -7.016618732808896537e-03 9.986558374383298631e-01 -5.135450722509351390e-02 -5.768154598353041784e+00 7.645530628827367225e-01 3.845840037599008304e-02 6.434124464472293914e-01 8.113650327549913754e+01
6.377748717004578793e-01 -3.780662342042800939e-02 -7.692943918576911067e-01 -5.133779790749751015e+01 -2.616816313052404853e-03 9.986824659706762253e-01 -5.124923830481246251e-02 -5.840954816178252074e+00 7.702183942742488743e-01 3.469857816963833885e-02 6.368356496869573835e-01 8.191653602435236792e+01
6.291853644589286976e-01 -4.153698518961217862e-02 -7.761446031013307101e-01 -5.226901220514292845e+01 2.426348939419147119e-03 9.986711286312230929e-01 -5.147902146616433611e-02 -5.927503359551851148e+00 7.772515035420087814e-01 3.050664887796041697e-02 6.284500423444925321e-01 8.267547249175717639e+01
6.203063133265244167e-01 -4.240392595066382053e-02 -7.832125978524006049e-01 -5.320314690635959920e+01 4.641559006425509393e-03 9.987185531240622138e-01 -5.039551125137357868e-02 -6.005855353538272823e+00 7.843459335984259706e-01 2.762532590287876746e-02 6.197082451560382843e-01 8.341543576355280720e+01
6.114570433594828103e-01 -4.153913024518992442e-02 -7.901865433685785201e-01 -5.416095967425989954e+01 6.202529829872717448e-03 9.988420533565287585e-01 -4.770829118469857577e-02 -6.070522309656820603e+00 7.912533241126274985e-01 2.427041462605926750e-02 6.110066575257797616e-01 8.412450346947800028e+01
6.028944831521605430e-01 -4.152170940815985006e-02 -7.967397179706254828e-01 -5.517379377976459409e+01 6.173952732289336720e-03 9.988577072765755238e-01 -4.738314995495893078e-02 -6.153932000819762216e+00 7.977970511638490247e-01 2.364800589357944280e-02 6.024621553544377006e-01 8.484954542087045581e+01
5.935338261531745152e-01 -4.165098148349028612e-02 -8.037305401208807432e-01 -5.611744533382938727e+01 3.357662981978847168e-03 9.987793947952191553e-01 -4.927927164119362546e-02 -6.228339347794118908e+00 8.048020463814693493e-01 2.655025793651680233e-02 5.929492067558955748e-01 8.556787453232644225e+01
5.831684598509276896e-01 -4.383689537122013175e-02 -8.111675918120346829e-01 -5.710586366953261717e+01 4.273132781782777202e-03 9.986946579614195407e-01 -5.089912056592306444e-02 -6.311030251994766971e+00 8.123400141182298695e-01 2.621653448400529385e-02 5.825945475511985494e-01 8.629237400427864202e+01
5.732536196413272611e-01 -4.528916636209903007e-02 -8.181253979396710951e-01 -5.812707859934076993e+01 4.071706315593373073e-03 9.986164246544612100e-01 -5.242764152702174968e-02 -6.374440087112356323e+00 8.193678781511708475e-01 2.672316848899813566e-02 5.726448853925870663e-01 8.698940464481395907e+01
5.630481678153169689e-01 -4.663971213553320949e-02 -8.251069540090765209e-01 -5.916798274769342925e+01 7.462222440113431068e-03 9.986524630798991886e-01 -5.135730905509220540e-02 -6.456949300412470727e+00 8.263903963242181794e-01 2.275950666288629326e-02 5.626374766796835569e-01 8.771102177124875254e+01
5.529415536109228979e-01 -4.623889546375691689e-02 -8.319360493622882657e-01 -6.020593493227450210e+01 8.138064952823828926e-03 9.987110847770810373e-01 -5.009931151818165090e-02 -6.541279192123352182e+00 8.331803055595623508e-01 2.093164104028539738e-02 5.526051551214019586e-01 8.837962046273845829e+01
5.426916467367687291e-01 -4.709733493804822702e-02 -8.386105203303333422e-01 -6.124237053326177005e+01 9.687377080122870632e-03 9.987112423854342946e-01 -4.981976543591595807e-02 -6.626114073258131398e+00 8.398761473416044288e-01 1.891283368847099591e-02 5.424484995590006520e-01 8.902201280560014141e+01
5.319407583668142037e-01 -4.782551116925193302e-02 -8.454299125782838153e-01 -6.232205519423230555e+01 8.031964869748459829e-03 9.986438355622114793e-01 -5.143906303110650641e-02 -6.703813061090423631e+00 8.467434847225957517e-01 2.057207032913496714e-02 5.316034932334725571e-01 8.972515645978609200e+01
5.216382686949738723e-01 -4.823466567958159534e-02 -8.518021604173128258e-01 -6.335450035244902267e+01 6.905267093212489465e-03 9.986065510819065461e-01 -5.231895828117367336e-02 -6.778663870999353414e+00 8.531388198325107197e-01 2.140964888096615407e-02 5.212444668528548597e-01 9.036047494983938577e+01
5.120067516565860455e-01 -4.924712828382873248e-02 -8.575685356177314977e-01 -6.445136527394755888e+01 6.295911311332808881e-03 9.985435038515856343e-01 -5.358388180827561992e-02 -6.866454848972655789e+00 8.589583575027167628e-01 2.203613331576941003e-02 5.115710725441455775e-01 9.099160272894734192e+01
