1.000000000000000000e+00 4.398956837314658088e-19 2.733407509747682871e-20 -8.673617379884035472e-19 -5.583667658079949532e-19 1.000000000000000000e+00 -6.100159232558060012e-19 0.000000000000000000e+00 4.145284534913582806e-20 -2.210423569125054137e-19 1.000000000000000222e+00 0.000000000000000000e+00
9.999424399965921584e-01 -1.150521256646424651e-03 1.066738063582454640e-02 7.179783991618882144e-02 1.146350717203917539e-03 9.999992641067876331e-01 3.970689123643637332e-04 -7.118392400696088584e-03 -1.066782980623103873e-02 -3.848174904865843708e-04 9.999430230317074564e-01 2.899951111767332668e-01
9.998545143083378273e-01 -2.605455933695200160e-03 1.685710058516856971e-02 9.709211437337343653e-02 2.593122357770077241e-03 9.999963539888604425e-01 7.534723078332113263e-04 -1.187141903693315903e-02 -1.685900255386791474e-02 -7.096501530584056142e-04 9.998576250701549650e-01 5.427196320149029196e-01
9.997873918946375005e-01 -6.282047156757720324e-03 1.963942270693122896e-02 7.879079541794757613e-02 6.306383396723491339e-03 9.999794213382421360e-01 -1.177462256766344294e-03 -1.270161586305018631e-02 -1.963162202091863970e-02 1.301065682577776106e-03 9.998064345781220164e-01 9.248938748633472873e-01
9.998264415042873443e-01 -6.921849397887674081e-03 1.729667312909021620e-02 8.668731310636271226e-02 6.953400413472656492e-03 9.999742678120391304e-01 -1.764631496252189961e-03 -1.879438495646143514e-02 -1.728401383465389893e-02 1.884595961737692065e-03 9.998488441481669931e-01 1.179461177440444430e+00
9.998893927172722851e-01 -1.065366886999780105e-02 1.037794308201238705e-02 8.740193055126646571e-02 1.069125178023038088e-02 9.999364644801810309e-01 -3.572690859034988436e-03 -1.701556209598317770e-02 -1.033922162988736015e-02 3.683248946755794499e-03 9.999397652659069990e-01 1.534854192031705367e+00
9.999370375692980817e-01 -1.111584251118166201e-02 -1.535890544941350333e-03 6.632418810952343813e-02 1.110820837567329591e-02 9.999263316046573813e-01 -4.892755002762854549e-03 -2.782521480878569209e-02 1.590164516632361922e-03 4.875386001935269435e-03 9.999868509083493784e-01 1.846706412527548302e+00
9.997907812350596002e-01 -1.102025971821385918e-02 -1.723216826632424301e-02 2.833702065413883087e-02 1.093384004144073995e-02 9.999272116603216132e-01 -5.101225799586744936e-03 -3.783642432989881010e-02 1.728713109456428768e-02 4.911744792929084377e-03 9.998385019042258515e-01 2.159443262256656393e+00
9.993236344942192373e-01 -6.560010659518735431e-03 -3.618341802117883838e-02 8.956530426500172726e-03 6.365855023641214978e-03 9.999647304717300678e-01 -5.478475316722445157e-03 -4.105337081730807414e-02 3.621808132850454220e-02 5.244431490974010499e-03 9.993301489475621135e-01 2.509343398313895523e+00
9.984235104778694803e-01 -3.810933850855311410e-03 -5.599973555558104138e-02 -5.357235569968427091e-02 3.454953395353537859e-03 9.999732154284547425e-01 -6.452264514162113149e-03 -5.524218442901115966e-02 5.602282574451205449e-02 6.248616118700135030e-03 9.984099348080879288e-01 2.867791756208331932e+00
9.971302137457501713e-01 -3.086999946063265048e-03 -7.564262731598420109e-02 -9.766777795967922227e-02 2.600826997958748284e-03 9.999753303786013126e-01 -6.524900714503970023e-03 -5.959813474953015722e-02 7.566090491364661774e-02 6.309442247255932050e-03 9.971136437785812490e-01 3.216421813142240183e+00
9.953058599863014999e-01 -3.406391446014920676e-03 -9.671939455557113097e-02 -1.386099174258574040e-01 2.815415416644922487e-03 9.999765300065528439e-01 -6.246028167647865899e-03 -6.563551167067221970e-02 9.673840263874003420e-02 5.944403130391222138e-03 9.952920907058349087e-01 3.603610699900257508e+00
9.932247303239606362e-01 -4.332015938356347309e-03 -1.161286714081790905e-01 -2.040913679401237246e-01 3.714426011149614924e-03 9.999777885054886850e-01 -5.534033716270939096e-03 -7.773568539003779254e-02 1.161500675459220949e-01 5.065187730567420436e-03 9.932187604329751895e-01 3.993240620889584314e+00
9.910839602076225718e-01 -4.390648157020002502e-03 -1.331664580264929898e-01 -2.915667726113504998e-01 3.776607852279811363e-03 9.999810425515662793e-01 -4.863307981245281082e-03 -8.269109341169129934e-02 1.331852889069498058e-01 4.317028963186678517e-03 9.910817537269117627e-01 4.385208799938133062e+00
9.887497878040942823e-01 -3.624814558358428144e-03 -1.495350034218918822e-01 -3.769706544376356661e-01 3.020743793923922477e-03 9.999863355416767075e-01 -4.266594901950650741e-03 -8.684016728103334526e-02 1.495484283086336019e-01 3.766887770369047213e-03 9.887472269190631380e-01 4.809172708430203613e+00
9.866564555261539970e-01 -2.844587762637526898e-03 -1.627911128091460158e-01 -4.544432498478002680e-01 2.153963530938254791e-03 9.999879175196483283e-01 -4.418738803468011053e-03 -9.207708134275553735e-02 1.628017181944612646e-01 4.009130935191135107e-03 9.866506616349446368e-01 5.228526989992822394e+00
9.845167867303938891e-01 -3.472207325007233090e-03 -1.752559261603753860e-01 -5.290294578952281501e-01 2.594185993461220127e-03 9.999829125096790783e-01 -5.238786479330643370e-03 -9.667937641830195994e-02 1.752711246599412687e-01 4.703026647203921440e-03 9.845089716060140272e-01 5.661587786610935424e+00
9.827608151091876687e-01 -6.764474308578263990e-03 -1.847577368850568114e-01 -6.348983092304053555e-01 5.560776344371475693e-03 9.999598107800889979e-01 -7.032395184315549247e-03 -1.154582769595082631e-01 1.847978852671899874e-01 5.883765860451539015e-03 9.827589347055095681e-01 6.107047869514065752e+00
9.812026966968618868e-01 -5.849178621825283121e-03 -1.928913015258597874e-01 -7.281528201146405532e-01 4.263341980691038278e-03 9.999536253098685323e-01 -8.635458189676771187e-03 -1.209835274913522024e-01 1.929328699229262423e-01 7.650773177308090554e-03 9.811821310438090249e-01 6.552039281022373984e+00
9.796102359221527944e-01 -5.826232276809105784e-03 -2.008229063863703479e-01 -8.395749503665775881e-01 3.752097854030200536e-03 9.999356360565355706e-01 -1.070726389980467506e-02 -1.232047817770132309e-01 2.008723671081522610e-01 9.735438028730957621e-03 9.795690452178315022e-01 7.024689474972142911e+00
9.779894849675465629e-01 -6.358763579320554984e-03 -2.085572640547308232e-01 -9.482824752251248768e-01 3.706834004886501790e-03 9.999072683014913476e-01 -1.310397549880168606e-02 -1.341762913956202063e-01 2.086212528690042090e-01 1.204246301516906717e-02 9.779223655128215231e-01 7.496623297397849939e+00
9.762214153508184111e-01 -1.007010042068089486e-02 -2.165417747135908733e-01 -1.059334745761403074e+00 6.991851437575285350e-03 9.998633935419387608e-01 -1.497692413935905985e-02 -1.421838024408966228e-01 2.166630165788668849e-01 1.310676609166149670e-02 9.761584661483051484e-01 8.011339156874878853e+00
9.744241716735714265e-01 -1.556971323854356923e-02 -2.241765298517968963e-01 -1.168099780708694357e+00 1.227572363889573547e-02 9.997953486842604542e-01 -1.608002915736636562e-02 -1.631631854604764786e-01 2.243810171473245851e-01 1.291683989007833509e-02 9.744158842935055631e-01 8.528249279362267288e+00
9.723856625100558704e-01 -1.651637535725495459e-02 -2.327946121807698276e-01 -1.313130880777562570e+00 1.254837301279878095e-02 9.997498198880822029e-01 -1.851582963200936599e-02 -1.815358235983784985e-01 2.330421900133380908e-01 1.508333357211799966e-02 9.723496449185344837e-01 9.028974945902412230e+00
9.702835830289434638e-01 -1.259462273869895073e-02 -2.416425928162901360e-01 -1.444333071479130481e+00 7.436048094573872828e-03 9.997248263841517213e-01 -2.224807152326654588e-02 -1.857609860243624178e-01 2.418563093878518810e-01 1.979007258126974297e-02 9.701102411424851191e-01 9.557815973456229131e+00
9.682291608743177624e-01 -9.270389875130645441e-03 -2.498926779611103655e-01 -1.607565679526897995e+00 3.047944329857135010e-03 9.996758654957614842e-01 -2.527595644949091197e-02 -2.012769128146641995e-01 2.500460014002863218e-01 2.371125912894181051e-02 9.679435803733998922e-01 1.009697388152887498e+01
9.658648436352563760e-01 -1.258156689827366094e-02 -2.587408095260956276e-01 -1.773261588824626367e+00 5.658985883723007156e-03 9.996062714710191033e-01 -2.748231982545252389e-02 -2.260350330398308571e-01 2.589847109946480930e-01 2.507999595559148170e-02 9.655557543586387181e-01 1.066277064766888039e+01
9.635437236623506374e-01 -1.405235462417702905e-02 -2.671816280089333584e-01 -1.924333748522257137e+00 6.520341140258657797e-03 9.995564904700338094e-01 -2.905696985259505899e-02 -2.572300963660125728e-01 2.674714538627546156e-01 2.625554557661047977e-02 9.632080093539259202e-01 1.121346698963368382e+01
9.614129180350682313e-01 -1.406681082955292192e-02 -2.747495663563251922e-01 -2.102150385161395629e+00 5.477911321155344744e-03 9.994727555196473157e-01 -3.200317872812915437e-02 -2.799541549317183242e-01 2.750548935608478907e-01 2.926321571576858196e-02 9.609830755025874360e-01 1.178096845920295621e+01
9.590867023200383423e-01 -1.366058150149349927e-02 -2.827827508925577216e-01 -2.284228581501786870e+00 3.776504523699274023e-03 9.993636576078985811e-01 -3.546854740450794408e-02 -2.993546520764092667e-01 2.830873300941198489e-01 3.294948188309670262e-02 9.585279844316133557e-01 1.239783207905287554e+01
9.568396396415982386e-01 -1.517034881982872764e-02 -2.902201969245521984e-01 -2.479251813723712061e+00 3.482616261180356866e-03 9.991634618049096694e-01 -4.074614048930504107e-02 -3.386648097898514731e-01 2.905955548054632298e-01 3.797679690078836073e-02 9.560920396394843035e-01 1.298425552925779769e+01
9.549899853093681834e-01 -1.622207401531206364e-02 -2.961941430594084435e-01 -2.682923827938605843e+00 2.157146194662139249e-03 9.988569552877032409e-01 -4.775070238918387860e-02 -3.707229014021787283e-01 2.966302004328215669e-01 4.496250865947876152e-02 9.539333828480903721e-01 1.360031330366921054e+01
9.536886917549605158e-01 -1.604740408292897394e-02 -3.003670389734837132e-01 -2.892760193948762382e+00 -7.987365506913838556e-04 9.984372542314374765e-01 -5.587854120587507772e-02 -4.020107897574877187e-01 3.007943523421672816e-01 5.353064722227128536e-02 9.521855015498017494e-01 1.421064862533681072e+01
9.523732168559529976e-01 -1.639074487725106222e-02 -3.044940020933953884e-01 -3.107060436268036518e+00 -3.461053586060850850e-03 9.979089822318236713e-01 -6.454211238555661312e-02 -4.467784464719199433e-01 3.049151982425953311e-01 6.252204956220996923e-02 9.503250587057620047e-01 1.483051548804702868e+01
9.511517334097817633e-01 -1.523727459241112567e-02 -3.083475368158103969e-01 -3.330629452476932428e+00 -7.711132923603570243e-03 9.972971004956684427e-01 -7.306867833577238014e-02 -4.986322772208877097e-01 3.086274772019511614e-01 7.187710929097039514e-02 9.484633696291855376e-01 1.547704106927332113e+01
9.496709948668906609e-01 -1.434374326760151294e-02 -3.129205273666380571e-01 -3.553853441325995899e+00 -1.145089476364122630e-02 9.966937854471679126e-01 -8.043864146657428438e-02 -5.505151481930959934e-01 3.130397415299063235e-01 7.997346515630621155e-02 9.463669305312235602e-01 1.612680194607091266e+01
9.481144065424231826e-01 -1.305703114891727801e-02 -3.176611148610549717e-01 -3.795063293612999100e+00 -1.529592255620988196e-02 9.961259297273941105e-01 -8.659773010347279754e-02 -6.182090838946979749e-01 3.175611880523491193e-01 8.696347581707432328e-02 9.442416257954981962e-01 1.678468504756269297e+01
9.464873207907389396e-01 -1.208604360207568215e-02 -3.225146150516094989e-01 -4.051145339347568708e+00 -1.885365369865471541e-02 9.955214707588876388e-01 -9.263660713173854644e-02 -6.882261360395794947e-01 3.221898394771758878e-01 9.375995353393702658e-02 9.420205840006407039e-01 1.746938419528238740e+01
9.448202552001193633e-01 -1.030279440068614973e-02 -3.274271453572857316e-01 -4.291573390936096466e+00 -2.315177036189834670e-02 9.949060288323443579e-01 -9.811212618429195065e-02 -7.624680200738416236e-01 3.267700755428495918e-01 1.002788428115640174e-01 9.397688405699315961e-01 1.813669641812998634e+01
9.429990901545631798e-01 -7.077073223010882028e-03 -3.327200454681076836e-01 -4.542573386894406262e+00 -2.818539615499800199e-02 9.944833986138514881e-01 -1.010363959901178360e-01 -8.349689423923515319e-01 3.315996092147193708e-01 1.046550764474073747e-01 9.375974703990795911e-01 1.882756662495986788e+01
9.412869153472009920e-01 -6.705710775638933432e-03 -3.375410701396959201e-01 -4.803169438450275663e+00 -2.975133078783791934e-02 9.942654164224837832e-01 -1.027187422689569002e-01 -9.162862616342222211e-01 3.362942205561222919e-01 1.067301047715444318e-01 9.356895234923605642e-01 1.951928627535597371e+01
9.390761257782508364e-01 -6.136985616814002835e-03 -3.436544265868135550e-01 -5.088747116430298867e+00 -3.073748646481893471e-02 9.943349605485720666e-01 -1.017506420198683176e-01 -1.005843487018599713e+00 3.423320587512854729e-01 1.061146726584904637e-01 9.335675874252842288e-01 2.022974856442132108e+01
9.368317047373445616e-01 -6.010090385386164871e-03 -3.497287995637110569e-01 -5.359475566451801676e+00 -3.109505383890407912e-02 9.944626099428851562e-01 -1.003853328439516662e-01 -1.096433530501907505e+00 3.483955456383976412e-01 1.049189990030565400e-01 9.314572185548166683e-01 2.096347054914423680e+01
9.344204154100201887e-01 -5.804046482331865625e-03 -3.561246939703234249e-01 -5.639232621030234149e+00 -3.143343426095963206e-02 9.946219468575286937e-01 -9.868699023317874242e-02 -1.173345986547532860e+00 3.547822263597005255e-01 1.034093611989790468e-01 9.292126121228827529e-01 2.168618252597187279e+01
9.314711802660925466e-01 -5.873469926424086836e-03 -3.637677004999912422e-01 -5.946847978920585476e+00 -3.092379431593205233e-02 9.949730232726567980e-01 -9.524915700506982053e-02 -1.264628141497376568e+00 3.624984979720690115e-01 9.997092283862975270e-02 9.266070668341840344e-01 2.238603025512859546e+01
9.277862966764680586e-01 -2.369454853060474694e-03 -3.731045034443196129e-01 -6.263342906868380133e+00 -3.354797397560291966e-02 9.953996891409546688e-01 -8.974403779730510955e-02 -1.341362470046811639e+00 3.716007575304908772e-01 9.578018919419094279e-02 9.234387013946195877e-01 2.318150262017912766e+01
9.244061872204879515e-01 -2.218898389190296382e-04 -3.814094240835753657e-01 -6.590973711108471633e+00 -3.462429661125920877e-02 9.958219964877697006e-01 -8.449680127097433657e-02 -1.422502500073162590e+00 3.798346496377347226e-01 9.131539942092284368e-02 9.205363326599625973e-01 2.391348409954736098e+01
9.209543981465992957e-01 3.669798509727934931e-03 -3.896530841330801409e-01 -6.915466046953783419e+00 -3.801067248823831318e-02 9.960329503448360766e-01 -8.045837835683249117e-02 -1.498831464583207929e+00 3.878120515892500841e-01 8.890947364449962309e-02 9.174404183563357185e-01 2.464945986137194467e+01
9.170602196315530419e-01 3.814932742468286984e-03 -3.987304811334396182e-01 -7.252220008450788846e+00 -3.817955533285371378e-02 9.962000830144133179e-01 -7.827973047458787470e-02 -1.571581862088706316e+00 3.969167132843615109e-01 8.701057972750178560e-02 9.137211199031713971e-01 2.538957231805139614e+01
9.130574715915755757e-01 4.776460240474611312e-03 -4.078029371989785323e-01 -7.609914741327040488e+00 -3.991117316288267380e-02 9.961782298355799092e-01 -7.769190891007164701e-02 -1.651802709833646521e+00 4.058733227271657529e-01 8.721307198719506493e-02 9.097586104739789903e-01 2.616083342669173817e+01
9.091666285123959357e-01 4.456236528439242589e-03 -4.164086694752572315e-01 -7.973040803907180951e+00 -3.999887198005818573e-02 9.962538759675259037e-01 -7.667010442861935116e-02 -1.719008829563648755e+00 4.145070979219855900e-01 8.636177782937215497e-02 9.059390225564876165e-01 2.692539778107645532e+01
9.053608970301412207e-01 4.609030336166601571e-03 -4.246179450976072522e-01 -8.363270102581385146e+00 -4.026503385599506518e-02 9.963674828585283860e-01 -7.503709886697550180e-02 -1.790984955384616661e+00 4.227296721028841464e-01 8.503291147301726693e-02 9.022577413931107682e-01 2.771661623577732314e+01
9.015623658899252213e-01 5.624927457767860128e-03 -4.326125943666745410e-01 -8.747276199037465005e+00 -4.102107123478480194e-02 9.965222382668725842e-01 -7.253068602106385598e-02 -1.865832546279899251e+00 4.307000983676438355e-01 8.313716931128876941e-02 8.986576879335346213e-01 2.849010196675804352e+01
8.976813016656158828e-01 6.203272806917021175e-03 -4.406016297287160821e-01 -9.131801801203886626e+00 -4.040744757465924986e-02 9.968467908835790814e-01 -6.829138854021343796e-02 -1.937845704441916839e+00 4.387886980579991936e-01 7.910749013932501239e-02 8.951013838242524168e-01 2.927244293712587009e+01
8.938043461867797301e-01 7.311970749900733625e-03 -4.483975041917427351e-01 -9.549806493729310120e+00 -3.972187526885295750e-02 9.972279618239905385e-01 -6.291712682524847056e-02 -1.991445701338620200e+00 4.466944886613317678e-01 7.404679141158461431e-02 8.916171322214393458e-01 3.007272560266252626e+01
8.900107704905797501e-01 7.198378087013783400e-03 -4.558826686591363475e-01 -9.969142419059418003e+00 -3.795719762708727602e-02 9.975742397654685512e-01 -5.835141275483281265e-02 -2.066578487716651757e+00 4.543567788767392535e-01 6.923741459661721109e-02 8.881250486405595224e-01 3.088054469084174869e+01
8.863283245423063672e-01 6.454604544063830517e-03 -4.630123485347215073e-01 -1.041147956521266060e+01 -3.671256304872962117e-02 9.977348136362261810e-01 -5.636869199251946100e-02 -2.131915395527824941e+00 4.615997095865829181e-01 6.695953856398598192e-02 8.845575914202424839e-01 3.168686549825441645e+01
8.832189872597346891e-01 6.513528414144866170e-03 -4.689155468656487913e-01 -1.086803990779984730e+01 -3.676778242949150372e-02 9.977873958197088777e-01 -5.539352835576076550e-02 -2.195835499088458320e+00 4.675172230742737911e-01 6.616560100328756910e-02 8.815042618767141569e-01 3.250789138374687326e+01
8.801015846480256810e-01 7.033615528212276875e-03 -4.747333192988007489e-01 -1.130580113375238582e+01 -3.687872269404192382e-02 9.978820928888663122e-01 -5.358440604296308557e-02 -2.247759027338358528e+00 4.733509942467435394e-01 6.466727927087746741e-02 8.784970026532334941e-01 3.333401007670063620e+01
8.770194843404509610e-01 5.633400281282321433e-03 -4.804217774951466957e-01 -1.176819162401494623e+01 -3.499079798529509955e-02 9.980248286765402987e-01 -5.217360888980029227e-02 -2.310710013404583041e+00 4.791789555883697038e-01 6.256761306940739065e-02 8.754843384377869464e-01 3.417048153615007067e+01
8.744420840034531350e-01 4.644651024890718467e-03 -4.851076831621307095e-01 -1.225267067538085541e+01 -3.404862890294565320e-02 9.980758852253712732e-01 -5.181909167870387550e-02 -2.373931880711181996e+00 4.839336070218059338e-01 6.183004613106395098e-02 8.729177017376466008e-01 3.500641785252557980e+01
8.725714958246859609e-01 4.139056205239647658e-03 -4.884688814568330373e-01 -1.273214549790020378e+01 -3.394737899971208422e-02 9.980602973392699306e-01 -5.218446506937105683e-02 -2.434962645334681763e+00 4.873054110093409386e-01 6.211691512325963338e-02 8.710194773553684433e-01 3.583755451839287076e+01
8.709048079656888097e-01 4.135886900175179265e-03 -4.914343344870276131e-01 -1.323500581309588497e+01 -3.446186357207012968e-02 9.980170018118640352e-01 -5.267299227310181381e-02 -2.488940838906356312e+00 4.902419799790619370e-01 6.280890534461319730e-02 8.693203363566873731e-01 3.670830388602481520e+01
8.703290452981465863e-01 4.290807822687525523e-03 -4.924519642271072972e-01 -1.373187866627412745e+01 -3.428079642622504364e-02 9.980642815776110677e-01 -5.188946807263238037e-02 -2.550902529998494206e+00 4.912760765966016629e-01 6.204255687030489630e-02 8.687914263198303066e-01 3.759165506683773117e+01
8.701563279888707703e-01 3.616644277153976440e-03 -4.927624985052042050e-01 -1.424807572451892668e+01 -3.273514512797943282e-02 9.981884542505146118e-01 -5.047989830708270176e-02 -2.609708688738787696e+00 4.916872773136958252e-01 6.005605495845263431e-02 8.686983920464015352e-01 3.847224723830231596e+01
8.700002052199687919e-01 2.602270099104676132e-03 -4.930444871328223400e-01 -1.475886041382815428e+01 -3.124290734210012979e-02 9.982673916088743438e-01 -4.986076259629124152e-02 -2.674984569410112201e+00 4.920604914069023339e-01 5.878301701502607751e-02 8.685741387279662939e-01 3.935711007276655948e+01
8.693900930300099139e-01 1.416714377975266878e-03 -4.941243307393790030e-01 -1.527466958124084506e+01 -3.019747992628199137e-02 9.982790914981770625e-01 -5.026895400079924719e-02 -2.737986184416731028e+00 4.932027797090767773e-01 5.862464024905880006e-02 8.679367341132953051e-01 4.026199118908306218e+01
8.681596621930504076e-01 -3.944191523573452383e-04 -4.962848380771741619e-01 -1.581223544610919340e+01 -2.856120496772471609e-02 9.983026022367277319e-01 -5.075600443868452660e-02 -2.793761052544974532e+00 4.954624729642805869e-01 5.823880874141641045e-02 8.666747855229111064e-01 4.118407928179274791e+01
8.667520075074466313e-01 -1.114143757150674353e-03 -4.987381189093154643e-01 -1.634810679770998831e+01 -2.698747714620270549e-02 9.984276409155399268e-01 -4.913167999254176854e-02 -2.857900578061533192e+00 4.980086718191282236e-01 5.604466592085248500e-02 8.653590948740809141e-01 4.208518170121134006e+01
8.647827807295324076e-01 -9.234417734520689904e-04 -5.021452821988866555e-01 -1.688414837090985898e+01 -2.541444517935164196e-02 9.986362313073179342e-01 -4.560464385181595831e-02 -2.923423600658978661e+00 5.015025940486995681e-01 5.219985450147111156e-02 8.635799489812924223e-01 4.303645578752805534e+01
8.616720606484091771e-01 -9.015051515737914235e-04 -5.074647200690158844e-01 -1.743596486179910698e+01 -2.311735839288169697e-02 9.988905442751572217e-01 -4.102765335932170854e-02 -2.986439059574049537e+00 5.069387058019574344e-01 4.708362639814156481e-02 8.606952339330928847e-01 4.393442306218171467e+01
8.580165390376218726e-01 -2.342030777768293066e-03 -5.136167135584545074e-01 -1.797632287405885165e+01 -2.063596235061341752e-02 9.990249871977359142e-01 -3.902860552687378859e-02 -3.050137754758572850e+00 5.132073457251928872e-01 4.408616414818999907e-02 8.571316325807878389e-01 4.481910658027899075e+01
8.526403000890443451e-01 -4.767915414280073962e-03 -5.224765834955998889e-01 -1.853805749689559690e+01 -1.951986696348387285e-02 9.989696420596060333e-01 -4.097107602342527771e-02 -3.110150476609115699e+00 5.221336012202405508e-01 4.513226390750093436e-02 8.516687070353777811e-01 4.573936902633036539e+01
8.469556411900727166e-01 -7.698185422962230094e-03 -5.316078199976330687e-01 -1.910398387297434653e+01 -1.858185774360048004e-02 9.988556674670219238e-01 -4.406892512328038775e-02 -3.177900448241779863e+00 5.313387437850877193e-01 4.720268558464383452e-02 8.458433964461971044e-01 4.662274898133961898e+01
8.407304382273305121e-01 -8.355314739927231435e-03 -5.413894284624808373e-01 -1.969710611873985329e+01 -1.828066632475191036e-02 9.988728792593701833e-01 -4.380397639507299656e-02 -3.233679440809826833e+00 5.411452225424993046e-01 4.672429571556398209e-02 8.396300935428997470e-01 4.751766133125209990e+01
8.350213207620361677e-01 -4.935348165562862890e-03 -5.501954473925743105e-01 -2.029722613976259282e+01 -1.976338680496191047e-02 9.990454586097363698e-01 -3.895613184457567130e-02 -3.281259840315482901e+00 5.498625346170961103e-01 4.340292602075446898e-02 8.341267199185393721e-01 4.838167988026675914e+01
8.296458277177284346e-01 -9.898546083869487564e-04 -5.582891855414552351e-01 -2.088901541083118474e+01 -2.160185623371673261e-02 9.991926630130453235e-01 -3.387302805320525217e-02 -3.350082757855083582e+00 5.578719970250558546e-01 4.016269899097963531e-02 8.289546420339157784e-01 4.927119040619920298e+01
8.258286691837221083e-01 -8.484239943624238400e-04 -5.639204581959462725e-01 -2.152150637244054465e+01 -2.291941139894320897e-02 9.991221060688911804e-01 -3.506733222574448527e-02 -3.397452375589684159e+00 5.634551575286360636e-01 4.188433316400827500e-02 8.250842346118288928e-01 5.016808178791091422e+01
8.223047978338192676e-01 -2.777993556814104675e-03 -5.690405046666863198e-01 -2.213023059743275667e+01 -2.392030504941451696e-02 9.989354571634726510e-01 -3.944326903452041733e-02 -3.447430094007323031e+00 5.685443196195004711e-01 4.604601174422789239e-02 8.213629694882952359e-01 5.103191642895472313e+01
8.192903882556268336e-01 -4.936198791649274061e-03 -5.733575562494817035e-01 -2.274366545351461255e+01 -2.632142790398767432e-02 9.985849681618602647e-01 -4.620869875177118641e-02 -3.521829996656644202e+00 5.727743422405641160e-01 5.294993230031541653e-02 8.180011392652685176e-01 5.188832944780864409e+01
8.161050917528326343e-01 -6.071097825833082599e-03 -5.778716246278968738e-01 -2.337175754893197421e+01 -2.652612689034618623e-02 9.984973576937323791e-01 -4.795196884684616717e-02 -3.576196920158694059e+00 5.772944213125961177e-01 5.446254196670960446e-02 8.147177358046326923e-01 5.276452459692305297e+01
8.130862669121082797e-01 -4.713160026489961359e-03 -5.821241295081970302e-01 -2.399662419205325392e+01 -2.590182302501115377e-02 9.986840134433835336e-01 -4.426439768955633264e-02 -3.643310982069396520e+00 5.815666971882323955e-01 5.106885000985932760e-02 8.118941776856387627e-01 5.360602291867090230e+01
8.096046765017966829e-01 -2.738555965700161920e-03 -5.869691316146486981e-01 -2.464874155700367808e+01 -2.478164202565562302e-02 9.989380256652380385e-01 -3.884187360307626846e-02 -3.697817383226430721e+00 5.864521662148060033e-01 4.599262131496571759e-02 8.086770320154271774e-01 5.449601302782830459e+01
8.065740286444126328e-01 -1.254271149515888114e-03 -5.911317589183376908e-01 -2.531019024812855633e+01 -2.470928011086874140e-02 9.990522188103440060e-01 -3.583455893612687293e-02 -3.758695332853332793e+00 5.906164517931126179e-01 4.350966465399217636e-02 8.057785816362420528e-01 5.535369664816263935e+01
8.035552262739593665e-01 -9.625840851311180278e-04 -5.952294221177878430e-01 -2.593175018295928780e+01 -2.550032285979157362e-02 9.990249206487407108e-01 -3.604083109720123551e-02 -3.814861045079961599e+00 5.946837287822547280e-01 4.413934050384005908e-02 8.027471507873299439e-01 5.619095430565908345e+01
7.999516609701364800e-01 -1.671379958938630289e-03 -6.000621131963295163e-01 -2.658516037628367101e+01 -2.606293130586176399e-02 9.989556668550907403e-01 -3.752731431721035432e-02 -3.862529491818360583e+00 5.994981811782299497e-01 4.565941494245628895e-02 7.990726847087186169e-01 5.705506733328765989e+01
7.961462206572335054e-01 -4.177485936109271575e-03 -6.050898585614044034e-01 -2.723853185231779150e+01 -2.529027601320934376e-02 9.988726797850832062e-01 -4.017177572778537348e-02 -3.928630729333773886e+00 6.045755559811955004e-01 4.728549685815879727e-02 7.951430599964520729e-01 5.790249894749904769e+01
7.919473177518447926e-01 -4.781872980207914348e-03 -6.105706940794786153e-01 -2.790050816339509865e+01 -2.521415731158319420e-02 9.988602475802169645e-01 -4.052717756866593135e-02 -3.982256524335126890e+00 6.100686009848056424e-01 4.749041499916890896e-02 7.909241238303360566e-01 5.874304240013112377e+01
7.873356849183746897e-01 -5.202062371863010355e-03 -6.165025957327905370e-01 -2.858474414031194044e+01 -2.445689759657904486e-02 9.989137725483197006e-01 -3.966276866965190440e-02 -4.038580029152735840e+00 6.160392725062928676e-01 4.630565386975863534e-02 7.863532338333889538e-01 5.961264367886772675e+01
7.826039784015156320e-01 -5.007306125577964256e-03 -6.224997449703215668e-01 -2.926142726164516361e+01 -2.456462181570811393e-02 9.989404276126669924e-01 -3.891788126281298110e-02 -4.102969078635046785e+00 6.220350458995715925e-01 4.574875939411804371e-02 7.816517511194315260e-01 6.043417659602889103e+01
7.771540353868635620e-01 -5.680001669545542767e-03 -6.292847807842146812e-01 -2.996129383997395834e+01 -2.479102665508509801e-02 9.989067305030155941e-01 -3.963267338011486340e-02 -4.158977333895005124e+00 6.288219274211946930e-01 4.640130769666287597e-02 7.761635843870491325e-01 6.128414916134709500e+01
7.716570438776855223e-01 -7.238551475321193182e-03 -6.359976433309200150e-01 -3.066962174939515862e+01 -2.408174645521371851e-02 9.988857554077452683e-01 -4.058715529761719454e-02 -4.215437709529568977e+00 6.355827895676621209e-01 4.663529813881894109e-02 7.706229131117964259e-01 6.211361667521315155e+01
7.665007664476510829e-01 -8.481045485885220503e-03 -6.421873862673835864e-01 -3.135204725255146840e+01 -2.345094269479630622e-02 9.988764091306796544e-01 -4.118218803273968054e-02 -4.280537708624625459e+00 6.418151094603152806e-01 4.662607815097569164e-02 7.654406455657809527e-01 6.291555386016792539e+01
7.607250272067881403e-01 -9.665433198753830418e-03 -6.490023146394875431e-01 -3.206759735997359684e+01 -2.326306098568029987e-02 9.988407192759338749e-01 -4.214317917786236656e-02 -4.332991820037901398e+00 6.486572820339658874e-01 4.715715141716873143e-02 7.596182866862282168e-01 6.376945784643758941e+01
7.546033547781336726e-01 -1.187718556425631719e-02 -6.560737011085892023e-01 -3.279133692979998216e+01 -2.184153759171448064e-02 9.988274968201107384e-01 -4.320392191916715141e-02 -4.398551379004772777e+00 6.558176049144353037e-01 4.693148268417788455e-02 7.534591648617718906e-01 6.456684530854704462e+01
7.483888511826273238e-01 -1.244473003470736479e-02 -6.631434594586773645e-01 -3.354071207289407397e+01 -2.165298429263276883e-02 9.988326027223566328e-01 -4.318078330910893325e-02 -4.464672522089920825e+00 6.629066922122920369e-01 4.667505157613110328e-02 7.472457194527977187e-01 6.541416582413469882e+01
7.420820946308896993e-01 -1.274334784747569935e-02 -6.701878568377870327e-01 -3.429540217520126788e+01 -2.068716974851437032e-02 9.989076104791003718e-01 -4.190020012284988854e-02 -4.525098141367076110e+00 6.699897110272731160e-01 4.495767805979095089e-02 7.410078290588447691e-01 6.622660025503168413e+01
7.361605894021894247e-01 -1.344704897441736414e-02 -6.766732999550312266e-01 -3.503824535821407693e+01 -1.953890999850804722e-02 9.989636323636961190e-01 -4.110829897063068838e-02 -4.587367846170764984e+00 6.765248146270789187e-01 4.348376811665746050e-02 7.351349166537967106e-01 6.702479954042932775e+01
7.292426543160827057e-01 -1.472824590496082942e-02 -6.840966460309917396e-01 -3.581386877891863207e+01 -1.873867939551259951e-02 9.989634957906798896e-01 -4.148247827293707196e-02 -4.650820585242023242e+00 6.839985529193789437e-01 4.306986009069683347e-02 7.282108043089039473e-01 6.784798812726005224e+01
7.227110107695903229e-01 -1.662877418119044354e-02 -6.909502658162939293e-01 -3.659652281806296514e+01 -1.810141347168571155e-02 9.989122029357335730e-01 -4.297382558815467102e-02 -4.719477199000749579e+00 6.909132661071190062e-01 4.356483317934749938e-02 7.216238444979462541e-01 6.864285343388186789e+01
7.170116719847097198e-01 -1.519773589930233440e-02 -6.968954598548970925e-01 -3.738421782671183280e+01 -2.059336022654946821e-02 9.988640669960097140e-01 -4.297079489122770934e-02 -4.779335504784909539e+00 6.967569041133976349e-01 4.516198054736041828e-02 7.158842232815290085e-01 6.942929147757141095e+01
7.115080104664167626e-01 -1.563228455315255130e-02 -7.025040736472796254e-01 -3.819465716108027920e+01 -1.981029270225452901e-02 9.989088677935881178e-01 -4.229215269783734993e-02 -4.843341129687357416e+00 7.023986839111321379e-01 4.400801654376816641e-02 7.104219820058410573e-01 7.025703792830191219e+01
7.068867690473147336e-01 -1.542946811008789366e-02 -7.071584107644776074e-01 -3.899986153214396722e+01 -2.040904630595674271e-02 9.989008719723694307e-01 -4.219619457421054654e-02 -4.896859320093149393e+00 7.070322301721171376e-01 4.426036019387944581e-02 7.057949102418307197e-01 7.103635109277037429e+01
7.016220243169921655e-01 -1.572509079602777901e-02 -7.123757765673839337e-01 -3.984435270895496473e+01 -2.091877379772087014e-02 9.988709591347347816e-01 -4.265222076016605274e-02 -4.968984907160873377e+00 7.122421975362667190e-01 4.482776499579251700e-02 7.005009157533435005e-01 7.184479864799176596e+01
6.966675718654183891e-01 -1.812678437371867401e-02 -7.171650468408574675e-01 -4.066343143968550322e+01 -2.057593922345315324e-02 9.987645745926055918e-01 -4.523223736895560371e-02 -5.038720969905022606e+00 7.170989703048884500e-01 4.626817720124672823e-02 6.954339164304736975e-01 7.262837315216721379e+01
6.915072448109345071e-01 -2.009329401335194568e-02 -7.220900083781930379e-01 -4.149019681242997137e+01 -2.061935069049716102e-02 9.986567187229533626e-01 -4.753525595558463074e-02 -5.102556432738518666e+00 7.220751907188781571e-01 4.776000080750729404e-02 6.901640464042378964e-01 7.340245324468291699e+01
6.865739067166358733e-01 -2.046832467872656755e-02 -7.267718407270370440e-01 -4.234376426666314330e+01 -2.181159703619539592e-02 9.985738831686775674e-01 -4.872837081451438651e-02 -5.163405205188299263e+00 7.267327798217390056e-01 4.930768227337185838e-02 6.851483262726802970e-01 7.420106037116923403e+01
6.816720319804947525e-01 -2.028370844268875817e-02 -7.313766485501460579e-01 -4.321311926061093800e+01 -2.108178353573572292e-02 9.986560832942886767e-01 -4.734538769069293607e-02 -5.245205060569891664e+00 7.313540919100594007e-01 4.769275062923464259e-02 6.803283058152607143e-01 7.498557877343336031e+01
6.769187623405704679e-01 -2.076809425250560059e-02 -7.357646807226416730e-01 -4.407865683533362500e+01 -1.994917509383634796e-02 9.987170209464735215e-01 -4.654398474725725265e-02 -5.308989867073840685e+00 7.357873526054303781e-01 4.618439478537349208e-02 6.756359844224284483e-01 7.575859801906159419e+01
6.715661187610492133e-01 -2.109492363827921574e-02 -7.406442750413868570e-01 -4.493598906615168431e+01 -1.992858736905566558e-02 9.987187702879365414e-01 -4.651525890795453477e-02 -5.386849837552750486e+00 7.406765882040067250e-01 4.599806581935508842e-02 6.702852972976783841e-01 7.652930778341038831e+01
6.667992558752192656e-01 -2.180571800758633952e-02 -7.449182859484817509e-01 -4.580891537464095364e+01 -1.938763725800392648e-02 9.987259431598519699e-01 -4.658980587006823770e-02 -5.449247719346833385e+00 7.449851547340619051e-01 4.550825317968949096e-02 6.655269554078246941e-01 7.731025856836903642e+01
6.622546623699445689e-01 -2.271366407307477339e-02 -7.489344705948702829e-01 -4.672103802995326305e+01 -1.830625300886826179e-02 9.987515756211023943e-01 -4.647764325786379880e-02 -5.521480748866719246e+00 7.490551730453122170e-01 4.449021961658672364e-02 6.610120864653599160e-01 7.809534187788868564e+01
6.583015329320408560e-01 -2.342692056494546926e-02 -7.523896999927570661e-01 -4.759449914983050434e+01 -1.720043496832070543e-02 9.987864998197091282e-01 -4.614837852220975839e-02 -5.588338984581610269e+00 7.525578023417441864e-01 4.332097818331455408e-02 6.570997317267365245e-01 7.885699954920021071e+01
6.543029388712779948e-01 -2.622959911170705954e-02 -7.557775213329250841e-01 -4.852041134741464390e+01 -1.418541319149762767e-02 9.987967702044250329e-01 -4.694449808226191373e-02 -5.663137246507742972e+00 7.560994957167802566e-01 4.143693921606318026e-02 6.531435854309087796e-01 7.963563753073422902e+01
6.502246255284541698e-01 -3.056622915982032743e-02 -7.591268875124536075e-01 -4.942481464778321509e+01 -1.141298131180804726e-02 9.986846206054570407e-01 -4.998772283472050632e-02 -5.743756474164014136e+00 7.596562969513662722e-01 4.116714907544213181e-02 6.490204827088537076e-01 8.041459973427799923e+01
6.454531029539236631e-01 -3.482996788562299495e-02 -7.630053436762110897e-01 -5.032930304267048172e+01 -7.535566424039144562e-03 9.986207339196310206e-01 -5.196003296311251657e-02 -5.809182950031026138e+00 7.637627357525114125e-01 3.928744167095156448e-02 6.443003889084151226e-01 8.118410862316099497e+01
6.390557435196223546e-01 -3.863184824609369045e-02 -7.681896420128324632e-01 -5.125997075220951160e+01 -2.191928650981537011e-03 9.986423530903221213e-01 -5.204465441623579158e-02 -5.887334637760514688e+00 7.691573061953965729e-01 3.494325188446428809e-02 6.381034542796003572e-01 8.193506436756914013e+01
6.305202469150678057e-01 -4.231385964571595520e-02 -7.750185445868202905e-01 -5.217819419753522681e+01 2.722886877211785298e-03 9.986273365563862470e-01 -5.230706023115857389e-02 -5.972306968390911130e+00 7.761680319781228965e-01 3.087037234180114650e-02 6.297699717552309728e-01 8.269748454111829972e+01
6.217366434107767237e-01 -4.312918756700395012e-02 -7.820379838442705900e-01 -5.311871531088751652e+01 4.959244742689172120e-03 9.986794775967053894e-01 -5.113420475716153046e-02 -6.056355386089480319e+00 7.832106754099307233e-01 2.791369067113185984e-02 6.211295155316182148e-01 8.343293145036578551e+01
6.128137006693039623e-01 -4.236271395836793685e-02 -7.890910956943095744e-01 -5.407341121112408189e+01 6.659569892186354909e-03 9.988034395292585410e-01 -4.844934766930845266e-02 -6.121063609153646112e+00 7.901993599981799177e-01 2.443541630102548032e-02 6.123625505748071518e-01 8.418934108803655647e+01
6.040430652518187227e-01 -4.200611317586833843e-02 -7.958438604153754703e-01 -5.506814981820307509e+01 6.071128390683444218e-03 9.988235065923084521e-01 -4.811178708190317482e-02 -6.205771507326358183e+00 7.969285583099490200e-01 2.422992064459799505e-02 6.035874381846202397e-01 8.492144927364262230e+01
5.944833484689139302e-01 -4.275681936786810550e-02 -8.029703549828979270e-01 -5.605022757718381854e+01 4.111974616890823157e-03 9.987339061588461631e-01 -5.013657679903704700e-02 -6.274477704486441709e+00 8.040974136181261445e-01 2.650356591067595108e-02 5.939064928390215270e-01 8.563375142984230592e+01
5.844296783288830399e-01 -4.512153170112670475e-02 -8.101888585134736642e-01 -5.704563944096342709e+01 5.399056020767778290e-03 9.986468937440414750e-01 -5.172264287148186507e-02 -6.364558795072679409e+00 8.114264057965422383e-01 2.585399206335949399e-02 5.838824976828144164e-01 8.633897397698784459e+01
5.746139327916848227e-01 -4.624069534110046564e-02 -8.171172585007041578e-01 -5.804523839398422780e+01 4.958803154975832857e-03 9.985810002262645035e-01 -5.302260116547687779e-02 -6.426564413594830327e+00 8.184095853888214700e-01 2.641560130579315852e-02 5.740278553970349362e-01 8.704280041321005967e+01
5.645422164761384476e-01 -4.735929711462486674e-02 -8.240443983215312018e-01 -5.906989268555550865e+01 7.835383322993463157e-03 9.986150823174388957e-01 -5.202426460624672011e-02 -6.510971993001585467e+00 8.253670115382303329e-01 2.291318944123220402e-02 5.641314513750327331e-01 8.773679082017073938e+01
5.541704402639375804e-01 -4.772383738121599439e-02 -8.310340221078007517e-01 -6.011141768404606722e+01 9.881939689338859606e-03 9.986619642705334421e-01 -5.076049995921278618e-02 -6.593408421297386468e+00 8.323445691336553987e-01 1.991774001740286709e-02 5.539005456578937059e-01 8.843076700159559778e+01
5.437115749345280413e-01 -4.813698215169173733e-02 -8.378905307119726142e-01 -6.116374122285043313e+01 1.017881074791392344e-02 9.986585984159460638e-01 -5.076805678714134407e-02 -6.678433577404312871e+00 8.392104185843597408e-01 1.907445045304610731e-02 5.434722177681617916e-01 8.911558716073162145e+01
5.333675256389480701e-01 -4.881551462479920972e-02 -8.444738688470145860e-01 -6.220613168439118112e+01 8.926436464341824806e-03 9.986026478339674606e-01 -5.208714275660082660e-02 -6.756950399755228709e+00 8.458365167637990067e-01 2.024344760034079219e-02 5.330579731407125710e-01 8.976095281513170221e+01
5.232266652375301419e-01 -4.964764580382364373e-02 -8.507461166015483078e-01 -6.328110744126711751e+01 8.488000034179302503e-03 9.985556137861446580e-01 -5.305318087677123734e-02 -6.832722088102406666e+00 8.521512909087550769e-01 2.053770532882506425e-02 5.228923342627594950e-01 9.039785921468462959e+01
5.135791977492618621e-01 -4.992353546074576598e-02 -8.565886030890352831e-01 -6.435231866584317117e+01 6.337032980926086273e-03 9.984993924940341881e-01 -5.439490026107101500e-02 -6.923895996587190460e+00 8.580188003698248078e-01 2.250785850798551341e-02 5.131248852367643609e-01 9.104373937973925024e+01
