7.777518782926781116e-01 -6.282090796356807338e-01 2.133935508636704628e-02 -6.595482248931834590e+01 6.272367418299645836e-01 7.778642417308588852e-01 3.874649835801224906e-02 2.570951126466361103e+01 -4.094002333587467429e-02 -1.675033431808272202e-02 9.990211913615696382e-01 -8.862708185386219961e-01 -4.809208017785018303e-24 -1.416202385148814181e-23 -3.430527606006730092e-24 9.999999999999997780e-01
7.496572445604676727e-01 -6.612454989728172583e-01 2.772013286759748493e-02 -6.555843419649519888e+01 6.604905049320899391e-01 7.501474344047998066e-01 3.211105028569737063e-02 2.609417781896474153e+01 -4.202747402069562099e-02 -5.763396922614575507e-03 9.990998321906334745e-01 -8.938618011535174324e-01 -4.809208017785018303e-24 -1.416202385148814181e-23 -3.430527606006730092e-24 9.999999999999997780e-01
7.210308296902784297e-01 -6.928069345308396354e-01 1.153664171806136757e-02 -6.520930036907324734e+01 6.924489167868225215e-01 7.210611128060149255e-01 2.419440513235952134e-02 2.648394886150247629e+01 -2.508067536781697499e-02 -9.456376945418851557e-03 9.996407037821944952e-01 -9.010317757199912680e-01 3.919298138047565976e-18 -7.611203937345580761e-19 4.585711528540871450e-20 9.999999999999995559e-01
6.908980049347978047e-01 -7.228124041593699811e-01 -1.421883154378224268e-02 -6.486922980563848284e+01 7.229483862454217924e-01 6.908249290548355015e-01 1.032221979631058224e-02 2.689986318687149236e+01 2.361694785243061232e-03 -1.741108238264257174e-02 9.998456263883978012e-01 -9.075645299331096538e-01 5.822358642231456508e-18 -2.488758141057367754e-18 -1.618052041069225050e-20 9.999999999999994449e-01
6.563024516817966836e-01 -7.539586648947943504e-01 -2.852058110429834745e-02 -6.453178708014968379e+01 7.540084748610190735e-01 6.567692861760079381e-01 -1.119484585057183880e-02 2.732387523437090238e+01 2.717189272439475209e-02 -1.415755508267224627e-02 9.995305157321900946e-01 -9.270337938583202986e-01 8.628469300784669470e-18 -3.973536896253414231e-18 -1.807489396420497330e-19 9.999999999999994449e-01
6.190536873223974057e-01 -7.848501145775723664e-01 -2.797909684248956266e-02 -6.419623323700298556e+01 7.841382862469932213e-01 6.196844096490432552e-01 -3.344219609334168203e-02 2.776506566256537312e+01 4.358532154493596072e-02 -1.236966245066996144e-03 9.990489425750558317e-01 -9.387224511664388205e-01 9.827887388056462756e-18 -4.754948753815270019e-18 -3.436769018331057830e-19 9.999999999999995559e-01
5.861901089866992098e-01 -8.098725885814768155e-01 -2.208045267898174277e-02 -6.387504073204206634e+01 8.089191306790479707e-01 5.865811189295168093e-01 -3.965388930293506364e-02 2.825588010680991147e+01 4.506657461599818809e-02 5.383417106151870864e-03 9.989694803509503451e-01 -9.591753391398198936e-01 8.994535268533989131e-18 -4.298351996293692381e-18 -4.544527698703925111e-19 9.999999999999997780e-01
5.572512655818309124e-01 -8.301916850599477815e-01 -1.589946743713528676e-02 -6.356572080279072878e+01 8.298465748995558222e-01 5.574780222584394540e-01 -2.393568102843195849e-02 2.876248995099902217e+01 2.873480702786753230e-02 1.440699502228657300e-04 9.995870597946574510e-01 -9.315760792811919044e-01 7.925705411604444472e-18 -4.219444484331980487e-18 -5.107057160856108880e-19 1.000000000000000000e+00
5.286888773594913271e-01 -8.487788096722808096e-01 -7.912218884874287067e-03 -6.328526391282647268e+01 8.487401647440803165e-01 5.287432135806747757e-01 -8.411114228963329983e-03 2.927460976529317804e+01 1.132270756301881863e-02 -2.268555420786202981e-03 9.999333227519489053e-01 -8.753435060824655833e-01 7.213566338630140284e-18 -4.899820156409801484e-18 -6.103675922801205616e-19 1.000000000000000000e+00
4.987096880113569553e-01 -8.667463533819759203e-01 -6.277418472629146644e-03 -6.300933667241632463e+01 8.667326225311787757e-01 4.987420594915991101e-01 -5.560497666947284909e-03 2.979380731628597445e+01 7.950353693144777967e-03 -2.667769318836044328e-03 9.999648368232880724e-01 -8.685166654137563835e-01 3.485648445942219066e-18 -7.414944163348426755e-18 -7.004528691662017552e-19 9.999999999999998890e-01
4.714733681828704448e-01 -8.818699083695173968e-01 -4.281098767954219855e-03 -6.275059724037086539e+01 8.817495771747699829e-01 4.714815086853941795e-01 -1.492883518096361183e-02 3.031856442518093786e+01 1.518374941904562098e-02 3.263691177329187780e-03 9.998793937638128515e-01 -8.629360191880151021e-01 -6.300106371744820036e-19 -8.984028143576944447e-18 -7.834001542282412492e-19 9.999999999999997780e-01
4.459139419861050668e-01 -8.950588621897632713e-01 -5.512672492124480635e-03 -6.249912559114066823e+01 8.948080724314340095e-01 4.459227274481831205e-01 -2.171254606713227814e-02 3.085606837491897636e+01 2.189223273130616251e-02 4.749143160726621189e-03 9.997490564063015173e-01 -8.588020363750121788e-01 -6.772039174384135790e-18 -1.054647501805052876e-17 -8.043692487223669834e-19 9.999999999999996669e-01
4.225524931946669227e-01 -9.063207168709175310e-01 -5.669979328747088050e-03 -6.226146740736481888e+01 9.060799637645824411e-01 4.225731144514272564e-01 -2.123822514236446690e-02 3.140770157099918691e+01 2.164462425991667618e-02 3.836810320199329685e-03 9.997583653699673167e-01 -8.544363989137364612e-01 -1.175769136777599510e-17 -1.393566196547226903e-17 -8.044855436974571388e-19 9.999999999999994449e-01
4.029178091188408417e-01 -9.152221870017120953e-01 -5.058410295053598037e-03 -6.202855961871554769e+01 9.151145146387356100e-01 4.029482110828661590e-01 -1.407708359833527260e-02 3.199018025256608411e+01 1.492193661678849551e-02 1.042883000223348991e-03 9.998881178425260696e-01 -8.476551639607606825e-01 -1.730283236529349594e-17 -1.499211415387687973e-17 -7.897874252847986652e-19 9.999999999999992228e-01
3.858143136368545889e-01 -9.225739681338205322e-01 -2.142128563148827571e-03 -6.180073187154068393e+01 9.225593959252207377e-01 3.858202596139954088e-01 -5.185389231973715728e-03 3.257804550651226094e+01 5.610381718420264473e-03 2.435655426227947363e-05 9.999842613880232101e-01 -8.421851137078237848e-01 -2.365594576781860931e-17 -1.512325108817700875e-17 -7.850579958673569149e-19 9.999999999999991118e-01
3.697358213203448818e-01 -9.291357231931732796e-01 1.493425229487510856e-03 -6.157688214216582878e+01 9.291352967041524025e-01 3.697377040808420556e-01 1.276949302342918376e-03 3.316249118140102325e+01 -1.738634829081235275e-03 9.154601946205816881e-04 9.999980695389283358e-01 -8.387538252593705890e-01 -3.088466660874961456e-17 -1.433892182847307850e-17 -8.200598719117635480e-19 9.999999999999988898e-01
3.552194049680313936e-01 -9.347814593478394052e-01 1.672600888845339993e-03 -6.136108177245549200e+01 9.347759193720237558e-01 3.552231049867531354e-01 3.244417630949531211e-03 3.375850957860011192e+01 -3.626967928932923677e-03 4.110269332808230572e-04 9.999933380580715570e-01 -8.417258880343236882e-01 -3.671202877639332707e-17 -1.436866482743481557e-17 -9.041608441205521689e-19 9.999999999999986677e-01
3.426651900856810262e-01 -9.394575131921355515e-01 3.852407660852325954e-04 -6.115541494413474055e+01 9.394549411762147528e-01 3.426651685008687553e-01 2.235127708050567343e-03 3.436438261817254869e+01 -2.231816110297019963e-03 -4.039841197018177125e-04 9.999974278935446215e-01 -8.455163919651650373e-01 -4.232397007577870261e-17 -1.331790541798702994e-17 -9.984077659351858542e-19 9.999999999999986677e-01
3.304800380961150919e-01 -9.438029590057898099e-01 -4.349596758894531262e-03 -6.096571501114010516e+01 9.438128633645719301e-01 3.304741794333780347e-01 2.023777509152662780e-03 3.496888132449549147e+01 -4.726177817471280147e-04 -4.774023439814363383e-03 9.999884926001171292e-01 -8.500143410545319966e-01 -4.733624559456855077e-17 -1.335988175879601646e-17 -1.081171228161194006e-18 9.999999999999985567e-01
3.197742984722556914e-01 -9.474664402181323108e-01 -7.193239674922184690e-03 -6.076421838116593932e+01 9.474937283260487231e-01 3.197665287521403998e-01 2.236486666891991486e-03 3.559187073293286119e+01 1.811612204551511459e-04 -7.530720433280604399e-03 9.999716273126931787e-01 -8.561964604501697274e-01 -5.285208972086324310e-17 -1.342750992476962046e-17 -1.153585993836514834e-18 9.999999999999982236e-01
3.117440989578441068e-01 -9.501187763963705457e-01 -9.483011341020324350e-03 -6.056757548982081829e+01 9.501660028972395144e-01 3.117330427810862115e-01 2.660258770733925880e-03 3.622487534962696287e+01 4.286061719147918054e-04 -9.839754954801134892e-03 9.999514965833135038e-01 -8.598649856992285345e-01 -5.831655624003874058e-17 -1.289922713924510072e-17 -1.225660556030941571e-18 9.999999999999980016e-01
3.056014424847200428e-01 -9.520949529392651600e-01 -1.108868517501488717e-02 -6.037257448015662931e+01 9.521576718473074852e-01 3.056030916783892271e-01 1.586914906699958203e-03 3.686859749287992827e+01 1.877842798717886544e-03 -1.104314014467518319e-02 9.999372594129088965e-01 -8.591073862493907587e-01 -6.292005615554234699e-17 -1.469786784104117149e-17 -1.310634176308286808e-18 9.999999999999975575e-01
3.013352454186453144e-01 -9.534324418373145704e-01 -1.279252597026793448e-02 -6.017421883946302330e+01 9.535155730842265198e-01 3.013391190047842172e-01 1.669503900091783141e-03 3.752730422222097673e+01 2.263129325602904456e-03 -1.270095309919344259e-02 9.999167785551251741e-01 -8.583516312386046954e-01 -6.764920195610905915e-17 -1.441489321050055048e-17 -1.398914187617788945e-18 9.999999999999972244e-01
2.975587200118781084e-01 -9.546180461818649654e-01 -1.277474261570994522e-02 -5.997449870921221304e+01 9.546998684859543394e-01 2.975679433673646401e-01 1.216631829494229950e-03 3.818025999167905837e+01 2.639935187207474287e-03 -1.255806450506700631e-02 9.999176594890830660e-01 -8.651018998978146080e-01 -7.339300044530478030e-17 -1.253370136455639421e-17 -1.471025642732822316e-18 9.999999999999970024e-01
2.952513506425226697e-01 -9.553483347367273115e-01 -1.167044384852819472e-02 -5.977223435160758669e+01 9.554107461728066353e-01 2.952792127713633752e-01 -7.018565615871520495e-04 3.883086294794266280e+01 4.116556969619374756e-03 -1.094284336772072090e-02 9.999316517331462428e-01 -8.674800080481156472e-01 -7.887594498565954632e-17 -1.408272089805762561e-17 -1.550515207393601729e-18 9.999999999999965583e-01
2.946886554339106512e-01 -9.555307811730495704e-01 -1.093263872431836023e-02 -5.956507858623409390e+01 9.555798463093998496e-01 2.947259710361537777e-01 -1.938897647233247873e-03 3.950211968624925163e+01 5.074808947484378378e-03 -9.875638091249236417e-03 9.999383571433141382e-01 -8.640343759521383893e-01 -8.284841422520507110e-17 -1.824704962553703006e-17 -1.650954086837758023e-18 9.999999999999958922e-01
2.944305687675521921e-01 -9.556122193574522194e-01 -1.076691181572481983e-02 -5.935975202921112270e+01 9.556617415780396252e-01 2.944628300494595563e-01 -1.509106780577208415e-03 4.018436418033259372e+01 4.612576203982597482e-03 -9.845198529491975756e-03 9.999408963567348874e-01 -8.645209755398695073e-01 -8.687307128792454595e-17 -2.064205586114458524e-17 -1.722604688249364231e-18 9.999999999999953371e-01
2.935579423452951975e-01 -9.558633804376234222e-01 -1.220378730024047897e-02 -5.915335672401769784e+01 9.559362175062607880e-01 2.935740200050050430e-01 4.927858614666986818e-04 4.086987111862129751e+01 3.111678937640578995e-03 -1.181070347454691791e-02 9.999254095869642978e-01 -8.640595307189824492e-01 -9.108022697258739558e-17 -2.443728827210938929e-17 -1.796039101985414769e-18 9.999999999999948930e-01
2.927591568858911031e-01 -9.561268724999697488e-01 -1.065268712627940803e-02 -5.894529920202698037e+01 9.561860025221347037e-01 2.927335117152621846e-01 3.926792529491940874e-03 4.156685895083489868e+01 -6.361133485032794029e-04 -1.133555478959034739e-02 9.999355482017094898e-01 -8.668960223296831025e-01 -9.577815514320136517e-17 -2.826553607138561845e-17 -1.880109597838897955e-18 9.999999999999945599e-01
2.924950908861473353e-01 -9.562450025335901271e-01 -6.489756325801121495e-03 -5.872695692639926079e+01 9.562630207346198841e-01 2.924674924127864117e-01 4.878632723699659161e-03 4.226529252459451413e+01 -2.767125402261500638e-03 -7.632890109854390155e-03 9.999670404596405771e-01 -8.717671558120119180e-01 -1.014911554111964833e-16 -3.063130863840709815e-17 -1.989335247524195880e-18 9.999999999999941158e-01
2.919409182171446293e-01 -9.564343187230578414e-01 -1.973382737393649701e-03 -5.850633653518828226e+01 9.564354766750100545e-01 2.919372333908507589e-01 1.957221887315801438e-03 4.297024855374935015e+01 -1.295850285613384589e-03 -2.458806414031716910e-03 9.999961375140853370e-01 -8.766987246200532713e-01 -1.072263152770042094e-16 -3.063338606057609867e-17 -2.078239498229306383e-18 9.999999999999940048e-01
2.915082911495476825e-01 -9.565682896040931249e-01 1.533463908925495895e-04 -5.828367599719756953e+01 9.565644448985546333e-01 2.915066567695199784e-01 -2.886488342192876887e-03 4.368687760128631226e+01 2.716421722711370897e-03 9.881209893449706318e-04 9.999958223262580548e-01 -8.779335336045305249e-01 -1.135121599605420405e-16 -3.168141286638438520e-17 -2.136768011326987466e-18 9.999999999999940048e-01
2.911744892215508695e-01 -9.566636350887582907e-01 -3.479385791525307740e-03 -5.806787773863825919e+01 9.566496341636222533e-01 2.911900857883535920e-01 -5.459981057659723386e-03 4.440218183125402618e+01 6.236527973255499152e-03 -1.738745948945137837e-03 9.999790410210600555e-01 -8.778276831724088902e-01 -1.200679653258847441e-16 -3.029300323782910814e-17 -2.171816395859008219e-18 9.999999999999938938e-01
2.907401564567128616e-01 -9.567529832379576549e-01 -9.689710468188639583e-03 -5.784739508061784363e+01 9.567522098719065671e-01 2.908134681373233388e-01 -7.261931914748534847e-03 4.515019742791348278e+01 9.765773330000459412e-03 -7.159316682378064414e-03 9.999266842403717881e-01 -8.785745742061832342e-01 -1.263872674957461589e-16 -2.827561891900379202e-17 -2.181409744609387624e-18 9.999999999999938938e-01
2.904205374442934140e-01 -9.568595506587717070e-01 -8.701249555845502748e-03 -5.762515680184619526e+01 9.568469988648290458e-01 2.904876146291340278e-01 -7.795287705548194224e-03 4.587886004385254779e+01 9.986600718949875319e-03 -6.061852878897436118e-03 9.999317585444477130e-01 -8.795260578491643777e-01 -1.315650181624159643e-16 -2.694689946128179978e-17 -2.172491730886591269e-18 9.999999999999938938e-01
2.899371473220275774e-01 -9.570379555354868728e-01 -3.847371492464978556e-03 -5.738968676708379490e+01 9.570090930072331359e-01 2.899588732658163748e-01 -7.579427145576688417e-03 4.662081653539276260e+01 8.369378962515310744e-03 -1.484412017532029705e-03 9.999638743558598719e-01 -8.806861306603139816e-01 -1.368389431467279548e-16 -2.647309056399163912e-17 -2.156220751659269550e-18 9.999999999999936717e-01
2.898709836283988595e-01 -9.570582321886622612e-01 -3.788541989656988174e-03 -5.716188320798351441e+01 9.570541053261476527e-01 2.898847023798980516e-01 -3.781375999051361184e-03 4.738549493872276486e+01 4.717237396010362516e-03 -2.529728484077081990e-03 9.999856739699749530e-01 -8.777569965493574600e-01 -1.433112194277250548e-16 -2.354555247397928264e-17 -2.158828135551569626e-18 9.999999999999935607e-01
2.912994791143045381e-01 -9.566159792296428099e-01 -5.521028024395602599e-03 -5.693150878636217271e+01 9.566318876470419896e-01 2.912933407432963806e-01 1.902938628812323894e-03 4.815901327683969413e+01 -2.121428022593215999e-04 -5.835916492077888006e-03 9.999829483917049844e-01 -8.757918409997399456e-01 -1.502812292955372758e-16 -2.231298780748624093e-17 -2.173313362084439581e-18 9.999999999999933387e-01
2.909480508040560576e-01 -9.567073153198422109e-01 -7.768175270216933458e-03 -5.669643099184808932e+01 9.567269794232134972e-01 2.908943993464692679e-01 7.344063762320041794e-03 4.894318952562117886e+01 -4.766400846346467365e-03 -9.568763898520588757e-03 9.999428584576540713e-01 -8.821442282513599631e-01 -1.557772606960455174e-16 -2.240014274433912669e-17 -2.229210925316517873e-18 9.999999999999930056e-01
2.908089893583326035e-01 -9.567752298816638579e-01 -3.360237118356535369e-03 -5.645077645346901107e+01 9.567497758847910427e-01 2.907692334750162089e-01 9.116973659295930787e-03 4.973228308041123569e+01 -7.745840997506834441e-03 -5.866204005760791013e-03 9.999527936847024678e-01 -8.980262958232440029e-01 -1.601291272448415450e-16 -2.363041857389770823e-17 -2.303836614335426452e-18 9.999999999999925615e-01
2.902929735855295235e-01 -9.569339930408936601e-01 2.706002569691339128e-03 -5.620630188708496178e+01 9.569032267524858471e-01 2.903053630198028645e-01 7.681850855666543312e-03 5.052054807062805963e+01 -8.136591271592876970e-03 3.593952630203584063e-04 9.999668328087492064e-01 -9.090186034491114508e-01 -1.644524443632471495e-16 -2.489555036662493765e-17 -2.379899987445648034e-18 9.999999999999922284e-01
2.892931212985501155e-01 -9.572394998444506697e-01 1.424748090825069457e-03 -5.596941287749812943e+01 9.572205753450284682e-01 2.892963788012384296e-01 6.031197938030074049e-03 5.130268472054360984e+01 -6.185475361051633210e-03 -3.809858894262727297e-04 9.999807971877990864e-01 -9.114791265794077724e-01 -1.680980473889285981e-16 -2.662018378108172609e-17 -2.441664258077867877e-18 9.999999999999920064e-01
2.898658496562452336e-01 -9.570452607536367173e-01 -6.492924788489102747e-03 -5.574078814232871792e+01 9.570618669102438636e-01 2.898347087809117761e-01 5.331462473306331981e-03 5.210967115798642624e+01 -3.220575927765114994e-03 -7.759539619500476285e-03 9.999647080950517797e-01 -9.200593583313854129e-01 -1.713173996599921401e-16 -2.675275885155402673e-17 -2.503948168493768223e-18 9.999999999999917843e-01
2.894023242726175282e-01 -9.571691660392819267e-01 -8.572181141517462577e-03 -5.549633872327871842e+01 9.572064801404094325e-01 2.894037879300110361e-01 1.096316061959623587e-03 5.290830342013072141e+01 1.431461762425385387e-03 -8.522623754052298037e-03 9.999626572035595906e-01 -9.302180654275920002e-01 -1.739660449648994289e-16 -2.829821037689990553e-17 -2.564054050187928422e-18 9.999999999999917843e-01
2.884999760500665533e-01 -9.574486413744925928e-01 -7.737115063643861153e-03 -5.524862748744447316e+01 9.574628113091391279e-01 2.885336889855256159e-01 -3.643525811643979779e-03 5.371289626740467327e+01 5.720907189578148221e-03 -6.356842830847010684e-03 9.999634302164178701e-01 -9.310479867765774076e-01 -1.756409656383886252e-16 -3.211799032320552335e-17 -2.635090904445382268e-18 9.999999999999916733e-01
2.885798024221094549e-01 -9.574056931287023842e-01 -9.799816275449641650e-03 -5.500635022699986365e+01 9.574292765054347454e-01 2.886329293988024181e-01 -4.495837728371501058e-03 5.452073454566500033e+01 7.132890315666272005e-03 -8.085223043099774506e-03 9.999418738327342515e-01 -9.275777054129847876e-01 -1.760122666393038780e-16 -3.642201952462475359e-17 -2.684621263477753640e-18 9.999999999999917843e-01
2.889668661585625964e-01 -9.572182735754588556e-01 -1.520943772772814957e-02 -5.476890450370598273e+01 9.573244191863067298e-01 2.890139458708383402e-01 -9.463200832485046130e-04 5.534861394608508789e+01 5.301574488492178869e-03 -1.428691098999368414e-02 9.998838819994738669e-01 -9.272057913754540026e-01 -1.757280931018053900e-16 -4.119407636808658867e-17 -2.752624668124397959e-18 9.999999999999916733e-01
2.888941691778648679e-01 -9.572788891222723251e-01 -1.254142958932584484e-02 -5.451922980895786708e+01 9.573610368135931914e-01 2.888684914455094122e-01 3.852251435952473886e-03 5.617987991737919629e+01 -6.485512920167804446e-05 -1.311956901279940843e-02 9.999139326475858791e-01 -9.273332609301481178e-01 -1.751059725388107338e-16 -4.647013908503657857e-17 -2.848840120168289807e-18 9.999999999999915623e-01
2.880338965614143709e-01 -9.576004180191092230e-01 -6.157421665628211131e-03 -5.426230973006823177e+01 9.576047677224343024e-01 2.879867760193565718e-01 7.531644784824084726e-03 5.700906356168510314e+01 -5.439050180255095533e-03 -8.065745338754480229e-03 9.999526791230155531e-01 -9.355523457013593669e-01 -1.744879014264103359e-16 -4.980558095548961219e-17 -2.901227526877592745e-18 9.999999999999913403e-01
2.875154832946368866e-01 -9.577345022818812836e-01 -8.914595056942370074e-03 -5.401523647344386347e+01 9.577450542193753913e-01 2.874189350329082737e-01 1.071293156874455164e-02 5.784518286419478272e+01 -7.697920766467347513e-03 -1.161804302362685545e-02 9.999028768296464031e-01 -9.454412923388526568e-01 -1.739534980526121835e-16 -5.105479057094291111e-17 -2.960970706660127378e-18 9.999999999999908962e-01
2.881527427316362688e-01 -9.575299048367599264e-01 -1.022145781430008893e-02 -5.376729965496656405e+01 9.575570647954538828e-01 2.880473428601606489e-01 1.063935766084293452e-02 5.867690991731446104e+01 -7.243239364957221836e-03 -1.285338923344793785e-02 9.998911570109737523e-01 -9.610411630315356390e-01 -1.726741216370645388e-16 -5.251790985409882719e-17 -3.008774190033833469e-18 9.999999999999906741e-01
2.860849319763477117e-01 -9.581851963654649529e-01 -6.044928657985722958e-03 -5.351111247916396962e+01 9.582009243814740840e-01 2.860615859056890864e-01 4.444950340242188186e-03 5.950808850034246689e+01 -2.529863736023776465e-03 -7.063889543608807553e-03 9.999718502308053703e-01 -9.574830268227157992e-01 -1.729152203834396286e-16 -5.496091258873461766e-17 -3.065484711062482954e-18 9.999999999999903411e-01
2.859437057498168122e-01 -9.582325806037853555e-01 -5.149622490665885059e-03 -5.326305032161644704e+01 9.582437783565735945e-01 2.859514023520956516e-01 -8.103910794515543177e-04 6.034297097620100203e+01 2.249084908135134953e-03 -4.702867484180595255e-03 9.999864122349507722e-01 -9.599628882019907161e-01 -1.724957724856781213e-16 -5.880711241803888315e-17 -3.098721126962768955e-18 9.999999999999901190e-01
2.857932415199298526e-01 -9.582606909153654762e-01 -7.659722466899316837e-03 -5.301746829271402106e+01 9.582839647793495175e-01 2.858132056337506777e-01 -1.629212092316241782e-03 6.118941789564116362e+01 3.750459737743548801e-03 -6.874571409682934606e-03 9.999693366897378644e-01 -9.689284911389590693e-01 -1.714174826918538243e-16 -6.227203960503028865e-17 -3.104427919541009452e-18 9.999999999999898970e-01
2.850183739797925719e-01 -9.585013090739613606e-01 -6.306107972323167325e-03 -5.275927480409912818e+01 9.585217822590814674e-01 2.850170718560522398e-01 1.123247695626992384e-03 6.203969097853978809e+01 7.207140423904375261e-04 -6.364688084512157978e-03 9.999794854480167361e-01 -9.686809382236191146e-01 -1.699967883339347291e-16 -6.563900828993795810e-17 -3.135574788286501313e-18 9.999999999999894529e-01
2.843342115045201512e-01 -9.587226725382418380e-01 -2.212087155503885978e-03 -5.250421477695081762e+01 9.587191593770049147e-01 2.843234486428495855e-01 4.213074316145597360e-03 6.288589140294921975e+01 -3.410221619242341604e-03 -3.318691501861419958e-03 9.999886782735323276e-01 -9.692764258905837149e-01 -1.690410996075572607e-16 -6.957356870802123565e-17 -3.155193995523684497e-18 9.999999999999891198e-01
2.837278578319822886e-01 -9.589048296818207806e-01 -1.740784619465023000e-04 -5.225408036264475697e+01 9.588852935374755360e-01 2.837209086993749407e-01 6.437375572032848561e-03 6.374166301986275585e+01 -6.123440827106118797e-03 -1.993384058170530847e-03 9.999792647312516491e-01 -9.656062243861285310e-01 -1.686392119940716599e-16 -6.975688134913657446e-17 -3.146738250508127909e-18 9.999999999999887867e-01
2.835679551593888181e-01 -9.589349323465694575e-01 -5.745461910888324288e-03 -5.201369054778550804e+01 9.589461264508480909e-01 2.835398604842495618e-01 5.241572415758534269e-03 6.459487706943613716e+01 -3.397259421281169801e-03 -6.995930415849946522e-03 9.999697573357204661e-01 -9.637395604560529128e-01 -1.686013784576817654e-16 -6.759326207385542515e-17 -3.134536867076528212e-18 9.999999999999884537e-01
2.837392890368811704e-01 -9.588921643162873210e-01 -4.222921979669063026e-03 -5.176083435406754774e+01 9.589010086461473570e-01 2.837406904595330404e-01 2.760341477865970133e-04 6.544645068838887880e+01 9.335278168530855743e-04 -4.127685878556975295e-03 9.999910453274667432e-01 -9.744644021771032838e-01 -1.678228548893580792e-16 -6.389482486507031728e-17 -3.097260522206298610e-18 9.999999999999881206e-01
2.830342285647355904e-01 -9.591060828579470732e-01 -2.673440860146083283e-03 -5.150733688454381820e+01 9.591002120182500201e-01 2.830427664091911821e-01 -3.684520305508685780e-03 6.629941939116628191e+01 4.290543934293926040e-03 -1.521252333458259333e-03 9.999896384583691900e-01 -9.870953085020907070e-01 -1.674563139272324789e-16 -6.153450382370016935e-17 -3.062499147387462962e-18 9.999999999999877875e-01
2.836362541029171513e-01 -9.589182559446224330e-01 -5.123843770069923947e-03 -5.125931892495584918e+01 9.589300020601591035e-01 2.836423868654573410e-01 -4.975159004166150980e-04 6.715254063711641663e+01 1.930416356380659478e-03 -4.772293970612555974e-03 9.999867492636891342e-01 -9.913347136479918609e-01 -1.656855858665620453e-16 -6.194091435155055221e-17 -3.048331563365635297e-18 9.999999999999874545e-01
2.839893181197443717e-01 -9.588161635072204314e-01 -4.650998986969945813e-03 -5.101137756090769670e+01 9.588187489901194294e-01 2.839627440615899445e-01 5.636183987109471757e-03 6.801491680283419328e+01 -4.083353872392580554e-03 -6.060081077510524189e-03 9.999733004628155175e-01 -9.834108673947059565e-01 -1.628762311302513427e-16 -6.309699723194790235e-17 -3.039957654893383343e-18 9.999999999999870104e-01
2.833930894541076273e-01 -9.589974778925896004e-01 -3.492026018675647471e-03 -5.075725176523587123e+01 9.589698741004061278e-01 2.833505303684020760e-01 9.447619155107590816e-03 6.888201613668810808e+01 -8.070775517404760180e-03 -6.026137731808260678e-03 9.999492728366738969e-01 -9.798451719831650086e-01 -1.599134814664086149e-16 -6.427381444206659808e-17 -3.017162407158064726e-18 9.999999999999867883e-01
2.831203448190437455e-01 -9.590768332926857820e-01 -3.807649043026566441e-03 -5.050719209684196898e+01 9.590435537299467628e-01 2.830694218886158908e-01 1.035202591690606057e-02 6.972572446230348930e+01 -8.850559221205004864e-03 -6.582570416721817037e-03 9.999391668337564987e-01 -9.863708583069284996e-01 -1.559245154717280514e-16 -6.548764886121560426e-17 -2.984017871385846483e-18 9.999999999999868994e-01
2.835002723549162051e-01 -9.589611904736951020e-01 -4.585928519496329167e-03 -5.025674875251796436e+01 9.589181383243512435e-01 2.834303049217959947e-01 1.196938780408000023e-02 7.058629730565446891e+01 -1.017838725923073812e-02 -7.790854740752639618e-03 9.999178481331426616e-01 -1.004667730243836044e+00 -1.516907657182818809e-16 -6.625592397817367577e-17 -2.944573188281599770e-18 9.999999999999870104e-01
2.838691129715976702e-01 -9.588384426596023857e-01 -6.867865699060398017e-03 -5.001203367120366750e+01 9.588137396171770854e-01 2.837746071152058014e-01 1.217312933648430698e-02 7.144160743601247532e+01 -9.723138484837204332e-03 -1.004057942091113147e-02 9.999023189006519541e-01 -1.018365094212211774e+00 -1.473901807122501922e-16 -6.693646262386720309e-17 -2.917725298934831029e-18 9.999999999999872324e-01
2.838284082970124467e-01 -9.588270550802675540e-01 -9.597556466543515769e-03 -4.976569944464606721e+01 9.588582337202288253e-01 2.837498562983324923e-01 8.769645232767965884e-03 7.229474165942413322e+01 -5.685267844457454409e-03 -1.169177048925644676e-02 9.999154865449213503e-01 -1.029415286004697894e+00 -1.433660676342868241e-16 -7.012212746598035379e-17 -2.907683433901349283e-18 9.999999999999871214e-01
2.838139418374502898e-01 -9.588339931415279516e-01 -9.328451930115472246e-03 -4.951651851031819973e+01 9.588773022101060306e-01 2.838201031552456954e-01 6.843618392119844938e-04 7.312784699136335576e+01 1.991412794015510589e-03 -9.139072251745884376e-03 9.999562548599136846e-01 -1.021423088637518184e+00 -1.407481570666987278e-16 -7.078214851419898214e-17 -2.898834393546160622e-18 9.999999999999868994e-01
2.833986033356739043e-01 -9.589576998272686392e-01 -9.239132526635975007e-03 -4.926302711115327071e+01 9.589623566965475021e-01 2.834615016990942871e-01 -6.385569153369296223e-03 7.397189119109074795e+01 8.742429087774469462e-03 -7.050318921976356235e-03 9.999369294794282492e-01 -1.018915064666074732e+00 -1.387007665796054140e-16 -7.033777419818599267e-17 -2.918110236538145181e-18 9.999999999999866773e-01
2.835752864242263027e-01 -9.589053427480710434e-01 -9.252058100412059380e-03 -4.900764502493325381e+01 9.589153607967532134e-01 2.836338285546409765e-01 -5.760392988834852138e-03 7.483101365930335191e+01 8.147868274325833701e-03 -7.238435539713491441e-03 9.999406068829916894e-01 -1.017794825084423094e+00 -1.363819576167299195e-16 -7.076347538197028916e-17 -2.929055344693307263e-18 9.999999999999866773e-01
2.839772232632071791e-01 -9.587980828802412647e-01 -7.948140246184598121e-03 -4.875587860836449039e+01 9.588287834390722963e-01 2.839847310801757452e-01 1.912118908503125138e-04 7.568757795495389473e+01 2.073816876003418703e-03 -7.675205464638640979e-03 9.999683947528770211e-01 -1.012031040041531327e+00 -1.327346442551534570e-16 -7.036362428349612781e-17 -2.981072198161930330e-18 9.999999999999867883e-01
2.835105637966905956e-01 -9.589429877925029766e-01 -7.078585999985656865e-03 -4.850519886799170166e+01 9.589545956849766517e-01 2.834579318702821760e-01 7.595016419078144156e-03 7.654708847174227060e+01 -5.276706389146594220e-03 -8.941309962621763266e-03 9.999461032204891575e-01 -1.009791587763831044e+00 -1.294655312797755326e-16 -7.281054396403602805e-17 -3.038671631008232014e-18 9.999999999999870104e-01
2.833224267447734257e-01 -9.589983744879317928e-01 -7.107758680118523610e-03 -4.825302699877006773e+01 9.589810932674579513e-01 2.832310707777037084e-01 1.163715178164343930e-02 7.740125050868469714e+01 -9.146871540490110128e-03 -1.011327227287902447e-02 9.999070239102054725e-01 -1.014497599602111944e+00 -1.255734544721263114e-16 -7.693362469856437857e-17 -3.062167550902082146e-18 9.999999999999874545e-01
2.831618822234044375e-01 -9.590468445248432339e-01 -6.964083798092141238e-03 -4.800508271540613947e+01 9.590268431054762566e-01 2.830704838748036023e-01 1.177350253552995017e-02 7.824975998543506250e+01 -9.320013885259520459e-03 -1.001255043829338449e-02 9.999064387105971452e-01 -1.023881078521743371e+00 -1.217138217492222293e-16 -8.288392164594603862e-17 -3.096900355235583128e-18 9.999999999999876765e-01
2.837620102452076964e-01 -9.588428578372810707e-01 -9.974743934078133742e-03 -4.775835728224046051e+01 9.588712958394265407e-01 2.836669802602312385e-01 9.943959231002098137e-03 7.910257773225397671e+01 -6.705188796648349665e-03 -1.238621350288615988e-02 9.999008061594282237e-01 -1.034955045320116618e+00 -1.180865733698464384e-16 -9.077773964047869406e-17 -3.125952164591736911e-18 9.999999999999880096e-01
2.843190740562173691e-01 -9.586452318137912432e-01 -1.272727971811372927e-02 -4.751153467112098383e+01 9.587226975628809766e-01 2.842411520944466696e-01 7.599778529924314241e-03 7.994933967319337853e+01 -3.667874800474906632e-03 -1.436269393861257238e-02 9.998901238222568377e-01 -1.041876367601804354e+00 -1.144357317726435927e-16 -9.867165651532348653e-17 -3.181636365326541768e-18 9.999999999999881206e-01
2.834712387168550340e-01 -9.588989016462815540e-01 -1.252809811666937695e-02 -4.725704167494694730e+01 9.589761669883508644e-01 2.834053587823235909e-01 6.790711429954648763e-03 8.080620974525693612e+01 -2.961075589993609602e-03 -1.393911889235955812e-02 9.998984613428865131e-01 -1.044520040681881756e+00 -1.109715502208106093e-16 -1.081730870268489962e-16 -3.273252042860269445e-18 9.999999999999881206e-01
2.825528764047285923e-01 -9.591730701132210601e-01 -1.228387583521939677e-02 -4.700285536040274792e+01 9.592420638857090953e-01 2.824693894267760741e-01 8.105979834858516656e-03 8.166903502855601005e+01 -4.305218657536853503e-03 -1.407357832707273500e-02 9.998916938775929131e-01 -1.049394647834474892e+00 -1.080195671130229956e-16 -1.199636712806174770e-16 -3.380163766953010958e-18 9.999999999999878986e-01
2.822999219397785420e-01 -9.592290016765998573e-01 -1.365563677973690229e-02 -4.675728377767558186e+01 9.592944875412889871e-01 2.821462519554603365e-01 1.214819658700829787e-02 8.251755897881675139e+01 -7.800015748887149762e-03 -1.652921203485167509e-02 9.998329585004913644e-01 -1.049933531109560114e+00 -1.053940555706641554e-16 -1.320202461578975839e-16 -3.510004079041605684e-18 9.999999999999874545e-01
2.820180705654176667e-01 -9.593208264087946802e-01 -1.301383469492838237e-02 -4.650954758657196919e+01 9.593623348576956200e-01 2.818444635251963204e-01 1.369703750896765146e-02 8.337068756514233314e+01 -9.471976084485836736e-03 -1.634779492908129683e-02 9.998214997038398222e-01 -1.056707894187589147e+00 -1.029320368297456568e-16 -1.473337268319986146e-16 -3.678960049370487384e-18 9.999999999999870104e-01
2.812462314269549846e-01 -9.595603917374879721e-01 -1.201715096450891966e-02 -4.625302114186406044e+01 9.595943943426136213e-01 2.810959927529718128e-01 1.279223218962398899e-02 8.422242418917113582e+01 -8.896946350671048817e-03 -1.512935779634274128e-02 9.998459615752469665e-01 -1.062478961798245303e+00 -9.978983383143345380e-17 -1.639541293896482869e-16 -3.856042616841365096e-18 9.999999999999865663e-01
2.807859614690661476e-01 -9.596761414476749907e-01 -1.345166824496306195e-02 -4.601109935989434518e+01 9.597420324895054033e-01 2.806422999447733546e-01 1.162456685487318030e-02 8.507684155257310010e+01 -7.380712350955190466e-03 -1.617414660276306898e-02 9.998419485433158727e-01 -1.077930221452875204e+00 -9.644886760999896298e-17 -1.827596813290503401e-16 -3.996824301715379298e-18 9.999999999999862332e-01
2.796854267774675495e-01 -9.599953671471711525e-01 -1.359989356061755070e-02 -4.576620234733469772e+01 9.600669380641367878e-01 2.795484303375950219e-01 1.114224088259984161e-02 8.593756292603076474e+01 -6.894670729335995556e-03 -1.617313056520777725e-02 9.998454347364340578e-01 -1.094204092994464750e+00 -9.378039295691354457e-17 -2.017062456646433306e-16 -4.176136628664040601e-18 9.999999999999857891e-01
2.784400595017774704e-01 -9.604141186543890818e-01 -8.709417578340740429e-03 -4.551255659285858002e+01 9.604383226090240644e-01 2.783730205842092631e-01 8.166386883925503409e-03 8.677934835238114886e+01 -5.418646382937655596e-03 -1.063870765967641664e-02 9.999287255453498391e-01 -1.091963700951443794e+00 -9.131048774731925552e-17 -2.205155414765300332e-16 -4.379565757189578476e-18 9.999999999999853451e-01
2.771924905723430199e-01 -9.607138933366397016e-01 -1.389742137452226051e-02 -4.527342745175982230e+01 9.608139806191774435e-01 2.771497561770924212e-01 4.950484588664731331e-03 8.762175221664645619e+01 -9.043323776747371747e-04 -1.472507390382865426e-02 9.998911712689135811e-01 -1.093687110699726128e+00 -8.748258765677424353e-17 -2.413579900962913778e-16 -4.451865044063316069e-18 9.999999999999849010e-01
2.764524659589854827e-01 -9.607846170120156737e-01 -2.160911332943401750e-02 -4.504123977947337210e+01 9.610187497618511987e-01 2.764764875401286570e-01 1.927289183616567479e-03 8.847851124841201909e+01 4.122701951990445993e-03 -2.129956692270370752e-02 9.997646381911924340e-01 -1.104751949432815517e+00 -8.060195556806962042e-17 -2.673519269472201111e-16 -4.682481700643803101e-18 9.999999999999843459e-01
2.751875431834516217e-01 -9.611175107379107407e-01 -2.291171382157218203e-02 -4.480799579760832074e+01 9.613760293933120149e-01 2.752362702199421807e-01 1.060972818870516837e-03 8.932426990833685920e+01 5.286415101926380568e-03 -2.231873896375029254e-02 9.997369292501342430e-01 -1.106565025854997053e+00 -7.201017505299959890e-17 -2.981344259097131307e-16 -5.172749556888895165e-18 9.999999999999835687e-01
2.738073048653183461e-01 -9.615453448204689391e-01 -2.145016683170265434e-02 -4.456214845528605650e+01 9.617815995835840015e-01 2.737937874795818294e-01 3.621690211277895678e-03 9.018474434771921722e+01 2.390503055848178932e-03 -2.162202100249760450e-02 9.997633588519643233e-01 -1.094004302348630331e+00 -6.335726147349093385e-17 -3.297403508165658933e-16 -5.719139850463037989e-18 9.999999999999826805e-01
2.730853318784493555e-01 -9.618117449308839495e-01 -1.850861492616870038e-02 -4.432783048461200792e+01 9.619876143441157268e-01 2.729930175068409626e-01 7.392039027586175086e-03 9.103452792074325828e+01 -2.057027317189147678e-03 -1.982371574870474620e-02 9.998013747402980655e-01 -1.085399822013886517e+00 -5.409814143956071383e-17 -3.647349980154272200e-16 -6.281729130972815751e-18 9.999999999999816813e-01
2.721054333294982142e-01 -9.620723227110510312e-01 -1.937728119674993893e-02 -4.409634390129730974e+01 9.622580422897198948e-01 2.719585858749735685e-01 9.898869511222008546e-03 9.188963933477579360e+01 -4.253610390541081795e-03 -2.133948084706374648e-02 9.997632386499748502e-01 -1.088773158255459172e+00 -4.450950167383460046e-17 -4.015966682543186251e-16 -6.721445921445144194e-18 9.999999999999807931e-01
2.714632084645359766e-01 -9.622891050913702227e-01 -1.753295962600608798e-02 -4.386171504562108936e+01 9.624348353099072551e-01 2.713160223448990438e-01 1.033459243972483822e-02 9.274358619394043046e+01 -5.187892844681876031e-03 -1.967979273196889325e-02 9.997928743124382400e-01 -1.098325770770622212e+00 -3.572572166214910993e-17 -4.337478111063131250e-16 -7.072476248503102112e-18 9.999999999999800160e-01
2.698101791102708868e-01 -9.628093197644762569e-01 -1.416619298951166811e-02 -4.362794687748803568e+01 9.628921217581183356e-01 2.696768783353296062e-01 1.063687677015612981e-02 9.359489952491148301e+01 -6.420989384222960950e-03 -1.651045325139147146e-02 9.998430756017845367e-01 -1.112011372196228143e+00 -2.643800554716097709e-17 -4.634132025848123940e-16 -7.365731770363136496e-18 9.999999999999795719e-01
2.688531001704152490e-01 -9.630762607164584654e-01 -1.421712255825922054e-02 -4.340085088017158910e+01 9.631443184720531736e-01 2.686843599934243265e-01 1.271756619372304067e-02 9.444742231032974189e+01 -8.428067619788487050e-03 -1.711229791476836723e-02 9.998180519156235624e-01 -1.115939543648290844e+00 -1.562305603867431379e-17 -4.911077748490282074e-16 -7.553047843173927659e-18 9.999999999999794609e-01
2.686521900741113411e-01 -9.630453616440239895e-01 -1.922582078874978881e-02 -4.318262577421975834e+01 9.632016863952791441e-01 2.684172392115851680e-01 1.395338737677060195e-02 9.530483579324079813e+01 -8.277203254765311616e-03 -2.226695108373527576e-02 9.997177955782314829e-01 -1.115370729701913977e+00 -5.563095029301990475e-18 -5.172515052810756754e-16 -7.672240664972520668e-18 9.999999999999791278e-01
2.684111929047804934e-01 -9.630107156278157055e-01 -2.378640599443846912e-02 -4.296638847986698551e+01 9.632761048460066755e-01 2.681320930169613925e-01 1.429428301861317835e-02 9.614814455105444324e+01 -7.387648894538040127e-03 -2.674962207130997249e-02 9.996148660173796996e-01 -1.119114444140523634e+00 4.809194054030642281e-18 -5.430483806209636102e-16 -7.931977819406748395e-18 9.999999999999786837e-01
2.689771965857304381e-01 -9.627903358724939631e-01 -2.619230551364155543e-02 -4.274096210491757120e+01 9.631328124956342052e-01 2.687286639365038532e-01 1.265269430284748746e-02 9.699705031690493229e+01 -5.143268531470567527e-03 -2.862995511789215644e-02 9.995768467000708535e-01 -1.128377104918881990e+00 1.499584759108979250e-17 -5.695722513964348622e-16 -8.363845073928766608e-18 9.999999999999783507e-01
2.702770918008508549e-01 -9.623897744926076525e-01 -2.749937454675077664e-02 -4.250439541516202269e+01 9.627702136138862610e-01 2.700185947270328235e-01 1.278570606118858977e-02 9.784228519124286549e+01 -4.879490302008068076e-03 -2.993126215741951160e-02 9.995400492827479777e-01 -1.140548832977582361e+00 2.623946545196075939e-17 -5.955637560925868219e-16 -8.877728120723073211e-18 9.999999999999780176e-01
