1 0 0 0 0 1 0 0 0 0 1 0
0.99987611 0.00056071318 0.015730235 -0.0086754257 -0.00055685774 0.99999981 -0.00024947825 -0.005645457 -0.015730373 0.00024068785 0.99987624 0.10733991
0.99932286 0.0024083524 0.036715326 0.023975469 -0.0024049987 0.9999971 -0.00013551331 0.0034103513 -0.036715549 4.7121263e-05 0.99932576 0.27228564
0.99788638 0.0049324154 0.064795456 0.047873035 -0.0050182134 0.99998673 0.0011614474 -0.00025154276 -0.064788873 -0.00148415 0.99789789 0.42550029
0.99533324 0.0043158635 0.096400804 0.110919 -0.0047048116 0.99998168 0.0038077549 0.0021988458 -0.096382613 -0.0042435326 0.99533531 0.59144536
0.99094784 0.0011314769 0.13424266 0.16306409 -0.0018768144 0.99998352 0.0054257473 0.00077040446 -0.13423432 -0.0056285812 0.99093363 0.78509447
0.98449571 -0.0018265277 0.17539916 0.21716579 0.00072075544 0.99997947 0.0063678162 -0.0015096457 -0.1754072 -0.0061426678 0.98447681 0.99322004
0.97589843 -0.0024040668 0.21821199 0.32686822 0.00079659817 0.9999719 0.0074542207 -0.0068783307 -0.2182238 -0.007100735 0.97587292 1.1976482
0.96387574 -0.0021996719 0.26634323 0.39794257 -0.00055231834 0.99994724 0.010257148 0.0076134008 -0.26635176 -0.010033723 0.96382367 1.3947928
0.94987801 -0.0059183531 0.31256475 0.58560014 0.00046289461 0.99984632 0.017525169 0.0169051 -0.31262046 -0.016502088 0.94973477 1.6920593
0.93280191 -0.015925074 0.36003748 0.66557651 0.0073520286 0.99965619 0.025168525 -0.0023495753 -0.36031454 -0.020830242 0.93259828 1.8559971
0.91180366 -0.021537704 0.41006122 0.83143978 0.010017672 0.99949303 0.030221429 0.00067661352 -0.41050426 -0.023448151 0.91155716 2.0862937
0.88638011 -0.023007391 0.46238613 1.0588483 0.0080986263 0.99938211 0.034202396 0.0021527716 -0.46288738 -0.026571631 0.88601876 2.320434
0.85825623 -0.025368648 0.51259404 1.2232689 0.0063859084 0.99922813 0.038760343 0.024847033 -0.51318172 -0.029992928 0.85775577 2.4969322
0.82604644 -0.030659572 0.56276749 1.4104534 0.00726138 0.99901534 0.04376789 0.017059908 -0.56355531 -0.032067841 0.82545569 2.7423319
0.79126713 -0.036553363 0.61037706 1.6739432 0.009830994 0.99884308 0.047072759 0.029488318 -0.61139162 -0.031246513 0.79071105 2.9557199
0.75210375 -0.040828539 0.65777879 1.9190274 0.010721499 0.9987051 0.04973099 0.040119265 -0.65895753 -0.03035049 0.7515676 3.1512182
0.71192406 -0.04418183 0.70086522 2.2516877 0.01173706 0.99862814 0.051030244 0.046974841 -0.7021584 -0.028103561 0.71146596 3.3815939
0.67094418 -0.045951552 0.74008264 2.4883322 0.010995013 0.99858478 0.052034028 0.064186365 -0.74142637 -0.026774709 0.67049988 3.5706967
0.62759046 -0.046254771 0.77716836 2.8926278 0.006274518 0.99850163 0.054360983 0.088426592 -0.7785184 -0.029240077 0.62694032 3.8067384
0.58682568 -0.047245852 0.80833371 3.190312 0.0034559586 0.9984333 0.055847957 0.10393306 -0.80970595 -0.029979448 0.58606958 3.9743691
0.54736765 -0.048482126 0.83548673 3.5385154 0.0017240273 0.99838379 0.05680532 0.12149451 -0.83689052 -0.029652993 0.54656657 4.194523
0.50723985 -0.051044909 0.86029186 3.9784662 0.00048922003 0.99826124 0.058942789 0.13562716 -0.86180483 -0.029477259 0.50638285 4.3903512
0.47093945 -0.050816486 0.88070066 4.4045692 -0.0020730832 0.99827299 0.058708962 0.1617658 -0.88216314 -0.029474131 0.47002078 4.5939327
0.43401343 -0.050113317 0.89951149 4.8471293 -0.0037887003 0.99834135 0.05744734 0.18352647 -0.90089847 -0.028340896 0.43310369 4.7472472
0.4005637 -0.048868966 0.91496474 5.3707182 -0.0024283631 0.99851656 0.054394648 0.2065657 -0.91626573 -0.024010388 0.39985082 4.9778408
0.37000733 -0.047108899 0.92783364 5.8609557 -0.00035404441 0.99870632 0.050848505 0.22447247 -0.92902881 -0.019142813 0.36951197 5.1079505
0.34467685 -0.045396043 0.93762306 6.3634519 0.00062291634 0.99884084 0.04813098 0.2512268 -0.93872123 -0.016005573 0.34430559 5.3072908
0.32484793 -0.044767128 0.94470612 6.9873227 0.001673504 0.99890475 0.046760004 0.27513848 -0.94576482 -0.013608921 0.32456706 5.5043855
0.30955075 -0.045408019 0.94979807 7.5339059 0.002771581 0.99889799 0.0468521 0.30390122 -0.95087892 -0.01187066 0.30933547 5.6855753
0.29807132 -0.046994288 0.95338604 8.151152 0.0041510014 0.99884173 0.047937099 0.31866306 -0.95453462 -0.010331167 0.29792114 5.9055345
0.28826582 -0.048851674 0.95630343 8.7665319 0.0026893936 0.99873513 0.050208564 0.34281995 -0.95754669 -0.011901536 0.28803259 6.0542875
0.27822078 -0.050375933 0.95919518 9.4773653 0.0011130165 0.99863996 0.052124694 0.3739788 -0.96051655 -0.013434572 0.27789845 6.2256606
0.2662827 -0.051953147 0.9624938 10.144001 0.00019864867 0.99854932 0.05384438 0.40867175 -0.963895 -0.014146628 0.26590673 6.4455182
0.25746546 -0.054149065 0.96476906 10.86932 -0.00039387113 0.99842266 0.056143033 0.43762041 -0.96628746 -0.014834886 0.25703802 6.6387752
0.24546301 -0.055659536 0.96780672 11.633608 -0.00050053248 0.99834292 0.057542652 0.47404838 -0.96940587 -0.014609011 0.2450284 6.8058487
0.23575157 -0.056915192 0.97014523 12.39213 -0.0012408036 0.9982651 0.058866414 0.50207358 -0.9718126 -0.015081609 0.23527195 7.0427462
0.2270874 -0.059756089 0.97203932 13.135019 -0.0029390246 0.99806916 0.062042886 0.53183642 -0.97386999 -0.016946004 0.2264733 7.2681645
0.21592863 -0.063475879 0.97434366 13.921829 -0.0044524276 0.99781026 0.065991387 0.57875605 -0.97639904 -0.018587624 0.21517318 7.4009599
0.20083222 -0.066671969 0.97735418 14.77285 -0.0048757689 0.99760094 0.069055037 0.6195851 -0.97961356 -0.018633829 0.20002533 7.587978
0.18742079 -0.069982604 0.97978355 15.445821 -0.004706076 0.99738342 0.072139918 0.65929976 -0.98226849 -0.018131456 0.18660105 7.5843357
0.17568842 -0.07026055 0.98193531 16.27606 -0.0065192303 0.99734496 0.072529582 0.68798359 -0.98442428 -0.019144069 0.17476391 7.8124715
0.16117585 -0.069509515 0.98447483 17.100827 -0.0078263674 0.99739532 0.071703088 0.73948318 -0.98689471 -0.019261668 0.16021203 7.9571012
0.14491759 -0.068280442 0.9870849 17.888161 -0.0091294123 0.9974813 0.070339923 0.77098884 -0.98940165 -0.019204997 0.14392923 8.1029286
0.12368105 -0.067268571 0.99003932 18.693235 -0.010303894 0.99755883 0.069066704 0.81406548 -0.99226857 -0.018743502 0.12268599 8.1981525
0.099386091 -0.065456398 0.99289364 19.538554 -0.01585863 0.99760308 0.067354274 0.85179089 -0.99492261 -0.02244001 0.09810982 8.2618835
0.067471499 -0.065376857 0.99557691 20.308134 -0.019304653 0.9975785 0.066816596 0.89517358 -0.99753447 -0.023727482 0.066046038 8.311506
0.034260253 -0.064899164 0.99730349 21.19484 -0.023001091 0.99757383 0.06570691 0.92673673 -0.99914827 -0.025190204 0.032684379 8.3141698
0.0016412107 -0.064375379 0.99792436 21.928942 -0.024074716 0.99763397 0.064396239 0.96199493 -0.99970886 -0.024130433 8.7507112e-05 8.348221
-0.031175545 -0.063255781 0.99751025 22.939044 -0.024955218 0.99773355 0.062490007 0.99720177 -0.99920239 -0.022944926 -0.03268345 8.2971957
-0.06827329 -0.06081724 0.9958112 23.768229 -0.029102284 0.99783689 0.058945689 1.0299439 -0.99724215 -0.024955963 -0.06989553 8.1750141
-0.099826458 -0.057698123 0.99333052 24.683631 -0.02879868 0.9980666 0.055079047 1.0711304 -0.99458805 -0.023108261 -0.10129508 8.1729767
-0.13082469 -0.053799085 0.98994468 25.40151 -0.026671166 0.99835613 0.050731521 1.091557 -0.99104674 -0.019766043 -0.13204452 7.9949338
-0.16383446 -0.048397539 0.98529989 26.246713 -0.022580499 0.9987181 0.045301979 1.1103239 -0.98622942 -0.014826537 -0.16471729 7.8269623
-0.19406838 -0.042396508 0.98007138 26.960258 -0.016449372 0.99906583 0.039960967 1.1249348 -0.98085012 -0.0083663984 -0.19458448 7.6187121
-0.22164419 -0.036382095 0.97444862 27.887147 -0.010599285 0.99933459 0.034900369 1.1391216 -0.97507004 -0.0025929942 -0.22188233 7.4506095
-0.24934447 -0.029720031 0.96795866 28.685849 -0.001494161 0.99953959 0.030304794 1.1597264 -0.96841374 0.0061100477 -0.24927408 7.2389017
-0.27603648 -0.019073089 0.96095786 29.50265 0.0038118414 0.9997735 0.020938459 1.1541494 -0.96113964 0.0094427986 -0.27590126 7.0118602
-0.30038002 -0.0040196191 0.9538111 30.327195 0.0085233251 0.99993988 0.0068982368 1.1438172 -0.95378156 0.010201736 -0.30032771 6.7449526
-0.32305114 0.012985899 0.94629237 31.130767 0.0086496963 0.9999046 -0.010768728 1.1181648 -0.94634202 0.0047062929 -0.32313265 6.5447132
-0.35044899 0.027942871 0.93616485 32.01038 0.0074763348 0.99960645 -0.027037759 1.083648 -0.93655202 -0.0024762727 -0.35051999 6.148015
-0.3758055 0.039392104 0.9258609 32.742597 0.011430156 0.99921716 -0.037873669 1.0427959 -0.92662811 -0.0036503979 -0.37596157 5.841118
-0.40031051 0.04405704 0.91531984 33.57225 0.015178031 0.99902537 -0.041447997 0.99587771 -0.91625389 -0.0026993154 -0.40058906 5.5499477
-0.42096742 0.042753517 0.9060676 34.195544 0.017477277 0.99908548 -0.039022533 0.95188633 -0.90690741 -0.00059161972 -0.42132965 5.1636747
-0.44094666 0.03963813 0.89665757 34.956927 0.021479639 0.99920423 -0.033608383 0.91171832 -0.89727629 0.0044403774 -0.44144719 4.7889675
-0.46064368 0.038331606 0.88675702 35.66986 0.029238153 0.99918015 -0.028002945 0.87876353 -0.88710349 0.013027759 -0.46138677 4.4019872
-0.47346897 0.03885315 0.87995312 36.381605 0.032794089 0.99911157 -0.026469191 0.83830915 -0.88019983 0.016324922 -0.47432248 3.9962337
-0.48565856 0.042063903 0.87313591 37.066745 0.035425505 0.99896809 -0.028421459 0.77908643 -0.87343051 0.017128157 -0.48664754 3.631573
-0.49439934 0.045232327 0.86805718 37.80292 0.037635362 0.99882258 -0.030611083 0.7427338 -0.86841979 0.017535547 -0.49551956 3.18251
-0.50596597 0.044472609 0.86140615 38.506501 0.030458872 0.99896829 -0.033683963 0.6687828 -0.86201552 0.009194522 -0.50679855 2.8196954
-0.51804471 0.043179167 0.85426294 39.148721 0.029758091 0.99903024 -0.032450514 0.6635413 -0.85483577 0.0086104188 -0.51882726 2.4095339
-0.52624409 0.044689872 0.84915835 39.779852 0.031776917 0.998954 -0.032880453 0.62221206 -0.84973963 0.0096804912 -0.52711375 2.0188731
-0.53216211 0.04774355 0.8452952 40.509284 0.035190484 0.99879325 -0.034258911 0.5638065 -0.84591086 0.011515054 -0.53320004 1.5481832
-0.53674941 0.05075831 0.84221352 41.227456 0.036265582 0.99865425 -0.037074294 0.53050062 -0.842962 0.010643759 -0.53786786 1.0849521
-0.53580921 0.052045641 0.84273345 41.896691 0.035325645 0.99860629 -0.039212039 0.48463727 -0.84359981 0.0087599319 -0.536901 0.62904576
-0.53301588 0.053327421 0.84442299 42.661806 0.03812411 0.99851191 -0.038993855 0.4455175 -0.84524593 0.011408532 -0.53425577 0.18579771
-0.5266622 0.051846156 0.8484921 43.410359 0.036294539 0.99859963 -0.038490152 0.39485856 -0.84929953 0.010524323 -0.52780641 -0.26245212
-0.51995984 0.050769782 0.85268055 44.143436 0.033945692 0.9986717 -0.038762403 0.35282252 -0.85351597 0.0087899393 -0.5209926 -0.72603413
-0.51274508 0.049831709 0.85709347 44.918078 0.032168045 0.99872821 -0.038822284 0.30741061 -0.85793809 0.0076650872 -0.51369597 -1.1730255
-0.50552027 0.048730882 0.86143746 45.694243 0.029490876 0.9987963 -0.039194939 0.26135272 -0.86231062 0.0055907101 -0.50634889 -1.6263236
-0.50225771 0.04639512 0.86347242 46.505158 0.025198983 0.99892083 -0.039015337 0.2072784 -0.86435078 0.0021628737 -0.50288479 -2.0761807
-0.49989472 0.043745992 0.86498063 47.459805 0.020686935 0.99904172 -0.038570552 0.16609153 -0.86583912 -0.0013874164 -0.50032066 -2.5867705
-0.50139254 0.041387025 0.86422947 48.211638 0.017765837 0.99913717 -0.037540557 0.1148466 -0.86503755 -0.0034687945 -0.5016952 -3.0315256
-0.50382262 0.03985675 0.8628871 48.984872 0.01628944 0.99919569 -0.036641761 0.072355855 -0.86365357 -0.0044049997 -0.50406664 -3.409918
-0.50352568 0.03974006 0.86306579 49.917225 0.016118031 0.99919983 -0.036604877 0.0061096606 -0.86382994 -0.0045205733 -0.5037633 -3.9862734
-0.50378371 0.038744857 0.86296046 50.789704 0.016198393 0.99924168 -0.035407171 -0.034360546 -0.86367798 -0.0038589829 -0.50402929 -4.484374
-0.50369125 0.037972219 0.86304877 51.650077 0.016216394 0.99927307 -0.034501595 -0.092396113 -0.86373156 -0.0033826121 -0.50394088 -4.9817102
-0.5033567 0.037599165 0.86326026 52.62092 0.015855131 0.99928653 -0.034278829 -0.15143829 -0.86393328 -0.003567373 -0.50359371 -5.5286663
-0.50477255 0.036418894 0.86248378 53.46791 0.01469244 0.99932741 -0.03359838 -0.18724544 -0.86312738 -0.0042875477 -0.50496813 -6.0075159
-0.50365815 0.035846799 0.86315897 54.406658 0.014081425 0.99934666 -0.033286051 -0.24508968 -0.86378831 -0.0046102814 -0.50383387 -6.5510172
-0.50312443 0.035029673 0.86350371 55.254431 0.012852789 0.99937097 -0.033052649 -0.3005646 -0.86411844 -0.0055311638 -0.50325818 -7.0494599
-0.5023366 0.033411694 0.86402635 56.134529 0.012414544 0.99942885 -0.031429979 -0.35199547 -0.86458307 -0.005061935 -0.50246449 -7.5496786
-0.5005018 0.031221713 0.86517229 57.050773 0.012924742 0.99950759 -0.028592549 -0.40927203 -0.86563905 -0.0031284924 -0.50065888 -8.0660143
-0.49683389 0.030037902 0.86732563 57.929441 0.013021151 0.99954634 -0.02715811 -0.4634512 -0.867748 -0.0021994909 -0.49699963 -8.5824597
-0.49547078 0.029488181 0.86812389 58.830836 0.013360511 0.99956408 -0.026327558 -0.50902699 -0.86852189 -0.0014459561 -0.49564877 -9.070498
-0.49258707 0.030145106 0.86974087 59.732332 0.013713461 0.99954467 -0.026877322 -0.5697761 -0.87015515 -0.0013122631 -0.49277618 -9.5936373
-0.49230955 0.030661523 0.86987994 60.664026 0.013760697 0.99952864 -0.027443495 -0.62335833 -0.87031145 -0.0015405395 -0.49249942 -10.102951
-0.4918709 0.031984426 0.87008043 61.536546 0.013398238 0.99948475 -0.029167121 -0.66348952 -0.87056509 -0.0026889125 -0.492046 -10.612062
-0.49467112 0.03381719 0.86842203 62.426402 0.011678444 0.99941109 -0.032265746 -0.72910921 -0.86900182 -0.0058191133 -0.49477474 -11.088682
-0.49985756 0.034456924 0.86542191 63.288399 0.0108622 0.99937913 -0.033516574 -0.77520879 -0.86603955 -0.0073531263 -0.49992149 -11.6067
-0.50319504 0.032321971 0.86356816 64.156038 0.0097821459 0.99944931 -0.031707796 -0.83194422 -0.86411754 -0.0075076554 -0.50323412 -12.139498
-0.50986385 0.030757201 0.85970506 65.007969 0.013651198 0.99952408 -0.027663336 -0.89625934 -0.86014682 -0.0023685309 -0.51004107 -12.647565
-0.51449314 0.028489782 0.85702105 65.845133 0.010959042 0.99958475 -0.026649986 -0.93243347 -0.8574245 -0.0043191049 -0.51459172 -13.150477
-0.51826132 0.030956785 0.85466182 66.726053 0.01182896 0.99950854 -0.029030286 -0.99032595 -0.85514054 -0.0049355131 -0.5183728 -13.68602
-0.52578838 0.033252477 0.84996517 67.519971 0.012332157 0.99942858 -0.031471137 -1.0434195 -0.85052605 -0.0060652532 -0.52589801 -14.138644
-0.53074242 0.033324492 0.84687774 68.340294 0.010707472 0.99941059 -0.032616206 -1.0947864 -0.84746557 -0.0082428835 -0.53078642 -14.637148
-0.53403701 0.03385573 0.84478293 69.231797 0.0098244926 0.99937895 -0.033840716 -1.1510326 -0.84540405 -0.0097726307 -0.53403796 -15.204639
-0.53642697 0.032837792 0.84330761 70.03252 0.0096296073 0.99941583 -0.032791151 -1.2074664 -0.84389184 -0.0094693361 -0.53642983 -15.724779
-0.53915644 0.026158438 0.84179927 70.837565 0.011355509 0.99965247 -0.023790649 -1.2557115 -0.84212911 -0.0032678217 -0.53926611 -16.253235
-0.54184111 0.018891039 0.84026858 71.700158 0.013039179 0.99981599 -0.014069786 -1.2850963 -0.84037983 0.003332825 -0.54198773 -16.762966
-0.54386456 0.016049132 0.83901949 72.562326 0.01310974 0.99985758 -0.01062779 -1.3251976 -0.83907064 0.0052192501 -0.5439975 -17.338154
-0.54366002 0.021213961 0.83903736 73.271372 0.012868556 0.9997737 -0.016939698 -1.365738 -0.83920691 0.0015877641 -0.54380998 -17.782577
-0.5464278 0.025707782 0.83711153 74.094304 0.013066365 0.99966881 -0.022170811 -1.4094489 -0.83740432 -0.0011767415 -0.54658273 -18.300121
-0.54547895 0.031589016 0.83752898 74.946405 0.019569316 0.99949708 -0.024952543 -1.444623 -0.83789606 0.0027787832 -0.5458228 -18.879433
-0.54652178 0.032350636 0.83681976 75.732557 0.023123017 0.99945553 -0.023536477 -1.4890917 -0.83712563 0.0064866011 -0.54697226 -19.405865
-0.54532694 0.029614352 0.8377001 76.516848 0.022712378 0.99953081 -0.020550057 -1.5310351 -0.83791571 0.0078196627 -0.54574369 -19.932268
-0.54468394 0.024425683 0.83828559 77.351396 0.020361408 0.99966628 -0.015897921 -1.5679654 -0.83839422 0.0084093335 -0.54499951 -20.432779
-0.54407938 0.018552492 0.83882858 78.109007 0.01896396 0.99977202 -0.0098117332 -1.5940899 -0.83881944 0.010569151 -0.54430717 -20.951327
-0.543423 0.012367737 0.83936787 78.975937 0.010214876 0.99991486 -0.0081200205 -1.6382442 -0.8393969 0.0041614333 -0.54350307 -21.460374
-0.54315788 0.0066595775 0.83960413 79.729225 0.0013421465 0.99997415 -0.0070633366 -1.6598833 -0.83962954 -0.0027096345 -0.54315278 -21.921631
-0.53958616 0.0075796609 0.84189623 80.598003 0.0048861092 0.99997083 -0.0058712244 -1.6856901 -0.84191624 0.00094556628 -0.53960746 -22.484531
-0.5373747 0.01037395 0.84327976 81.348287 0.0097913214 0.99993369 -0.006061634 -1.7107206 -0.8432868 0.0049994553 -0.53744065 -22.958034
-0.53049591 0.014195555 0.84756859 82.032125 0.011520506 0.99988817 -0.0095359662 -1.7392512 -0.84760924 0.0047056287 -0.53060012 -23.417417
-0.5245524 0.016050241 0.85122682 82.834997 0.016627766 0.99982472 -0.0086055703 -1.7556126 -0.85121581 0.0096399293 -0.52472734 -23.887253
-0.51686634 0.019156601 0.85585171 83.650772 0.024475099 0.99967159 -0.0075947203 -1.8008326 -0.8557162 0.017021601 -0.51716546 -24.366217
-0.50708781 0.018611943 0.86169338 84.416346 0.022754967 0.99970743 -0.0082021412 -1.8220666 -0.861594 0.0154486 -0.50736296 -24.821429
-0.49370811 0.015056969 0.86949728 85.283952 0.017631877 0.99981788 -0.0073021795 -1.8526442 -0.86944895 0.011725725 -0.49388368 -25.341391
-0.48325935 0.0128634 0.8753827 86.08162 0.020356312 0.99978682 -0.0034536656 -1.8648765 -0.87524059 0.016150548 -0.48341819 -25.756593
-0.47289976 0.01187071 0.88103623 86.827837 0.02025744 0.99979142 -0.0025975039 -1.897208 -0.88088338 0.016619181 -0.47304159 -26.146024
-0.46248946 0.010499175 0.88656257 87.661845 0.019446246 0.99980947 -0.0016958653 -1.915055 -0.88641153 0.016455995 -0.46260552 -26.563157
-0.44868278 0.012220154 0.8936075 88.582636 0.022482572 0.99974439 -0.0023830232 -1.9389933 -0.89340828 0.019021374 -0.44884284 -27.015845
-0.43641669 0.01467488 0.89962495 89.404336 0.020742515 0.99976534 -0.0062459983 -1.9786036 -0.89950558 0.015934627 -0.43661868 -27.406132
-0.4260058 0.025530842 0.90436008 90.218958 0.025046518 0.99955143 -0.016419816 -1.9904373 -0.9043737 0.015656135 -0.42645417 -27.795577
-0.41125676 0.02995357 0.91102722 90.986234 0.024183266 0.99946666 -0.021944528 -2.0213533 -0.91119872 0.013006779 -0.4117618 -28.141225
-0.40006158 0.025380619 0.91613672 91.919911 0.019941716 0.99962087 -0.018985246 -2.0609243 -0.91627132 0.010674072 -0.40041604 -28.545095
-0.38900037 0.022996318 0.92095049 92.74613 0.023814161 0.99960534 -0.014901478 -2.091524 -0.92092979 0.016134984 -0.38939448 -28.864335
-0.37913364 0.023131357 0.92505273 93.60671 0.019965895 0.99965927 -0.016813887 -2.133374 -0.92512654 0.012094797 -0.3794663 -29.201801
-0.37220548 0.027683147 0.92773738 94.421589 0.015434479 0.9996015 -0.023635262 -2.1712487 -0.92802205 0.0055219697 -0.37248443 -29.522934
-0.3669185 0.032340335 0.92969073 95.291416 0.0070477124 0.99946347 -0.031985955 -2.2077845 -0.93022643 -0.005184045 -0.36694956 -29.83734
-0.36281579 0.03455939 0.93121978 96.142383 0.0049512653 0.99936945 -0.035159476 -2.2538748 -0.93184777 -0.0081456962 -0.36275813 -30.188599
-0.35954868 0.034569778 0.93248571 96.98678 0.0047083308 0.999368 -0.035233842 -2.3003345 -0.93311449 -0.0082778293 -0.35948421 -30.507474
-0.35433646 0.034489924 0.9344817 97.868879 0.0041861401 0.99936808 -0.035297455 -2.3514502 -0.93510867 -0.0085953031 -0.35425693 -30.826974
-0.34951015 0.03044737 0.93643769 98.679907 0.001457222 0.99948829 -0.031953513 -2.4028437 -0.93693148 -0.009803479 -0.34937567 -31.100816
-0.34375665 0.025685583 0.93870738 99.547691 -0.00056785536 0.99961998 -0.027560265 -2.4540688 -0.93905863 -0.010007074 -0.34361143 -31.428428
-0.33747232 0.02321596 0.94104908 100.39285 -0.0013296192 0.99968307 -0.025139295 -2.489117 -0.94133455 -0.0097350525 -0.3373345 -31.716094
-0.33236761 0.021879323 0.94289606 101.25023 -0.0057108026 0.99966587 -0.025209668 -2.5370154 -0.94313267 -0.01376357 -0.33213161 -31.996803
-0.32530509 0.021502793 0.94536456 102.13802 -0.017359931 0.99943713 -0.028706346 -2.5725999 -0.94544979 -0.025749783 -0.3247487 -32.273232
-0.31926248 0.025421536 0.94732526 102.95983 -0.013903829 0.99940689 -0.031504942 -2.6203995 -0.94756437 -0.023229794 -0.31871966 -32.545667
-0.31213171 0.02913934 0.94959182 103.77809 -0.012761118 0.99931074 -0.034859613 -2.6726858 -0.94995317 -0.022998644 -0.31154472 -32.81134
-0.30544237 0.026917557 0.95182999 104.648 -0.015550056 0.99932606 -0.033250749 -2.7169431 -0.95208363 -0.024957197 -0.30481795 -33.080008
-0.2984195 0.022353169 0.95417297 105.56372 -0.015135474 0.99948916 -0.028148427 -2.7567255 -0.95431483 -0.022841899 -0.29792873 -33.368192
-0.29188195 0.019538224 0.95625473 106.32568 -0.014889078 0.99957737 -0.024968052 -2.7915889 -0.9563385 -0.021525475 -0.29146768 -33.583142
-0.28503492 0.022487121 0.95825328 107.22183 -0.017871807 0.9994263 -0.028769333 -2.8413023 -0.95835055 -0.025325982 -0.28446952 -33.848345
-0.2790895 0.024844543 0.9599436 108.1072 -0.018871084 0.99933029 -0.031350408 -2.8906962 -0.96007969 -0.026864746 -0.27843375 -34.088644
-0.2722184 0.02608575 0.9618818 108.94348 -0.019879669 0.99926665 -0.032725673 -2.9257262 -0.96203015 -0.028030423 -0.2715002 -34.303554
-0.26535122 0.024980849 0.9638281 109.78972 -0.020219162 0.99930027 -0.031466759 -2.9765224 -0.96393983 -0.027837539 -0.26466045 -34.522441
-0.25765832 0.024612174 0.96592254 110.67256 -0.01779978 0.99938499 -0.030212874 -3.0238775 -0.96607217 -0.024977807 -0.25706177 -34.754067
-0.25011274 0.026116008 0.9678644 111.47867 -0.012504378 0.99946566 -0.030200053 -3.0665905 -0.96813601 -0.01965596 -0.24965253 -34.955754
-0.24259752 0.026935826 0.96975297 112.42645 -0.010764032 0.9994782 -0.030454247 -3.1101703 -0.97006735 -0.017826576 -0.24218099 -35.202898
-0.23648128 0.025591699 0.97129892 113.2327 -0.017412718 0.99938091 -0.030571058 -3.147466 -0.97148005 -0.024142437 -0.23588926 -35.379455
-0.22970901 0.023854859 0.97296692 114.1763 -0.022688673 0.99929664 -0.029856998 -3.1979095 -0.9729949 -0.028933749 -0.22900621 -35.593406
-0.22515118 0.024126797 0.97402503 115.08306 -0.019346495 0.99938556 -0.029227028 -3.2391836 -0.97413179 -0.02542447 -0.22454607 -35.800604
-0.22084405 0.023927547 0.97501554 115.9268 -0.018455274 0.9994175 -0.028706563 -3.2848748 -0.97513455 -0.024333853 -0.22027382 -35.977893
-0.21621895 0.025610115 0.97600892 116.73801 -0.01664521 0.99941394 -0.029911729 -3.3216793 -0.97620304 -0.022713356 -0.21566595 -36.156332
-0.2101301 0.024425525 0.97736823 117.60705 -0.012016084 0.99954784 -0.027563224 -3.3699266 -0.97759963 -0.017536002 -0.20974159 -36.348241
-0.20468752 0.023657116 0.9785414 118.56015 -0.0032742776 0.99968575 -0.024853199 -3.4111888 -0.97882193 -0.0082911552 -0.20454574 -36.551821
-0.20038031 0.022521989 0.97945924 119.36756 -0.001159854 0.99972958 -0.023225376 -3.4471975 -0.97971754 -0.005789937 -0.20030001 -36.708264
-0.19534074 0.023947944 0.98044297 120.2852 -0.0033198764 0.99967995 -0.025079261 -3.4922682 -0.98072986 -0.0081539502 -0.19519872 -36.897914
-0.19248513 0.026222104 0.98094944 121.0913 -0.0050701508 0.99960299 -0.027715619 -3.5235289 -0.98128683 -0.010308406 -0.19227576 -37.02588
-0.19068255 0.025362578 0.98132402 122.0349 -0.0067927039 0.99960815 -0.027155036 -3.5709993 -0.98162829 -0.011843834 -0.19043555 -37.19871
-0.18965697 0.024088604 0.98155483 122.86262 -0.008105356 0.99962652 -0.026098229 -3.6084332 -0.981817 -0.012905562 -0.18939089 -37.355209
-0.18877245 0.019607823 0.98182504 123.75289 -0.0079504361 0.99973736 -0.021494151 -3.650996 -0.98198871 -0.01186344 -0.18856698 -37.52288
-0.18830161 0.014260426 0.98200767 124.62248 -0.0076339412 0.99984312 -0.015983247 -3.6911682 -0.98208162 -0.010506259 -0.18816321 -37.678089
-0.18657403 0.01183402 0.98236959 125.49415 -0.0065031542 0.99989067 -0.013280179 -3.7213552 -0.98241942 -0.0088662368 -0.18647668 -37.840781
-0.18556466 0.016440861 0.98249447 126.33647 -0.0095920461 0.99978207 -0.018541806 -3.7559083 -0.98258528 -0.012864835 -0.18536652 -37.992961
-0.18615796 0.020592795 0.98230396 127.10902 -0.0075398865 0.99972095 -0.022386815 -3.7856291 -0.98249094 -0.011573943 -0.18595074 -38.130352
-0.18555936 0.01957351 0.98243805 128.06932 -0.012495238 0.99967375 -0.022276958 -3.82141 -0.98255365 -0.016409495 -0.18525424 -38.306174
-0.1852897 0.018985821 0.98250047 128.83283 -0.011792025 0.9996984 -0.02154201 -3.8528161 -0.98261323 -0.015577182 -0.18500994 -38.446292
-0.18544904 0.018793354 0.98247411 129.60766 -0.0079149049 0.9997561 -0.020617928 -3.8944858 -0.98262205 -0.011599763 -0.18525506 -38.594756
-0.18431112 0.021338665 0.98263624 130.44229 -0.010106575 0.99967029 -0.02360424 -3.9327881 -0.98281603 -0.014281611 -0.1840347 -38.742173
-0.18454003 0.0231074 0.98255328 131.28527 -0.018477011 0.99946532 -0.026975424 -3.9605491 -0.98265134 -0.023132693 -0.18401441 -38.892293
-0.18392905 0.024764538 0.98262747 132.16065 -0.021724906 0.99933595 -0.029252116 -4.0014932 -0.98269945 -0.026727803 -0.1832689 -39.028313
-0.18436056 0.027589679 0.98247133 132.9631 -0.024199875 0.99917547 -0.032599864 -4.0538443 -0.98256075 -0.029785812 -0.18354088 -39.165696
-0.18300736 0.029002997 0.9826836 133.83328 -0.017654317 0.99930661 -0.032781411 -4.0941012 -0.98295306 -0.023347847 -0.18236844 -39.341974
-0.18168184 0.030061984 0.98289771 134.61684 -0.019158406 0.99923468 -0.034102948 -4.1406992 -0.98317076 -0.025026639 -0.18096686 -39.468351
-0.17936436 0.02906951 0.98335309 135.42462 -0.015050178 0.99936529 -0.032288019 -4.179378 -0.98366763 -0.020590958 -0.17881301 -39.636831
-0.17687246 0.026402874 0.98387954 136.25277 -0.0051487011 0.99960162 -0.027750367 -4.2232763 -0.98422035 -0.0099739766 -0.17666606 -39.77052
-0.17423259 0.021628523 0.98446693 137.04718 -0.0003185493 0.99975746 -0.022020829 -4.2583125 -0.98470452 -0.0041503465 -0.17418344 -39.923805
-0.1705768 0.021236674 0.98511546 137.88243 0.0037971201 0.99977446 -0.020895198 -4.2960826 -0.98533711 0.00017636666 -0.17061897 -40.054456
-0.16533813 0.025756394 0.98590052 138.69808 0.0009100855 0.99966248 -0.025963297 -4.3423784 -0.98623656 -0.0033954684 -0.16530577 -40.204758
-0.1598469 0.029031362 0.98671478 139.38128 0.0013142679 0.99957282 -0.029196762 -4.3725304 -0.98714098 -0.0033702036 -0.15981678 -40.310715
-0.15164779 0.029296544 0.98800029 140.26033 -0.0042882732 0.99953175 -0.030296683 -4.4188165 -0.98842533 -0.0088312395 -0.15145115 -40.424187
-0.1418178 0.025913397 0.9895535 140.93933 0.0074392768 0.99965697 -0.025111815 -4.4367609 -0.98986486 0.0038002609 -0.14196193 -40.53816
-0.13035953 0.024622456 0.99116096 141.74307 0.016258372 0.99961025 -0.022694018 -4.4755725 -0.99133352 0.013156283 -0.13070905 -40.635777
-0.1161419 0.026423219 0.99288106 142.61627 0.012852304 0.99960236 -0.025098696 -4.5273035 -0.99314952 0.0098457998 -0.11643532 -40.737101
-0.10235292 0.027580207 0.99436569 143.38087 0.0098450068 0.99959469 -0.026711865 -4.5661617 -0.99469947 0.0070555006 -0.10258297 -40.801508
-0.088256066 0.027429084 0.99572006 144.25554 0.011859012 0.99957889 -0.026484253 -4.6040341 -0.99602727 0.0094708613 -0.088544184 -40.873459
-0.073788701 0.029374403 0.99684115 145.0518 0.019427506 0.99941877 -0.028012285 -4.639174 -0.99708469 0.017299149 -0.074316486 -40.930072
-0.060375253 0.035110504 0.99755802 145.77393 0.01599785 0.99928685 -0.034203113 -4.6787848 -0.99804758 0.013893763 -0.06089389 -40.955868
-0.047175228 0.044369355 0.99790068 146.56172 0.00809665 0.99899716 -0.044035341 -4.7297388 -0.99885386 0.0060022763 -0.047487163 -40.979913
-0.034115412 0.053137624 0.99800423 147.28358 0.0022911081 0.99858709 -0.053090337 -4.766779 -0.99941532 0.0004753377 -0.034188955 -40.981642
-0.021251317 0.054118474 0.99830831 148.02769 0.00062866149 0.99853438 -0.054117345 -4.8186649 -0.99977401 -0.00052246601 -0.021254194 -40.988842
-0.0090808534 0.049849781 0.9987154 148.86985 -0.0016009622 0.99875462 -0.049866294 -4.8757331 -0.99995753 -0.0020517333 -0.0089897382 -40.973699
0.0013485899 0.047148876 0.99888692 149.60566 -0.0013888846 0.998887 -0.047147003 -4.9292174 -0.99999817 -0.0013237559 0.0014125717 -40.956764
0.010540275 0.053029405 0.99853728 150.28256 -0.0066459387 0.99857445 -0.052961225 -4.9882209 -0.99992241 -0.006077991 0.010877678 -40.935165
0.017668997 0.061837297 0.99792979 151.13921 -0.013698233 0.99800694 -0.06159954 -5.0407076 -0.99975009 -0.012581473 0.018480842 -40.913316
0.020844851 0.065040793 0.99766482 151.87923 -0.019164832 0.99772433 -0.064644247 -5.0950022 -0.99959906 -0.017772578 0.022043909 -40.897963
0.020687631 0.060635849 0.99794551 152.65209 -0.021919238 0.99794676 -0.060181532 -5.1488715 -0.99954572 -0.020629191 0.021974244 -40.864616
0.019431019 0.055277094 0.99828192 153.42473 -0.014549317 0.99838038 -0.05499935 -5.2237683 -0.99970538 -0.013455626 0.02020379 -40.843066
0.015674465 0.052805905 0.99848173 154.06161 -0.016803833 0.99847733 -0.052541879 -5.2677044 -0.99973598 -0.015954754 0.016537938 -40.833713
0.012654539 0.052955578 0.99851664 154.77854 -0.014673051 0.99849896 -0.052768682 -5.3169613 -0.99981231 -0.013983522 0.013412562 -40.819181
0.0094533223 0.05328843 0.99853437 155.6211 -0.016508359 0.99845126 -0.053127705 -5.3795733 -0.99981908 -0.01598193 0.010318385 -40.800841
0.0054981168 0.051343956 0.99866585 156.39504 -0.013743524 0.99859054 -0.051264418 -5.4344155 -0.99989048 -0.01344333 0.0061960128 -40.809762
-0.00053192232 0.051861229 0.99865412 157.13414 -0.017430179 0.99850211 -0.051862617 -5.486315 -0.99984798 -0.017434307 0.00037282342 -40.791307
-0.0071986965 0.049922368 0.99872712 157.81611 -0.016756641 0.99860678 -0.050037131 -5.5292644 -0.99983373 -0.017095513 -0.0063521374 -40.784646
-0.012316053 0.046958155 0.99882089 158.60496 -0.01295661 0.99880533 -0.047117184 -5.5824816 -0.99984025 -0.013521629 -0.011692923 -40.80014
-0.01774891 0.047176451 0.99872883 159.34986 -0.015152873 0.99875881 -0.047447154 -5.6349582 -0.99972769 -0.015975746 -0.017012023 -40.812969
-0.022981437 0.048295669 0.99856862 160.08048 -0.01330804 0.99872919 -0.04860971 -5.6755908 -0.99964735 -0.014406112 -0.022309512 -40.818824
-0.027721152 0.05057708 0.99833532 160.79761 -0.017610581 0.99853947 -0.05107642 -5.7374892 -0.9994606 -0.018997162 -0.026789974 -40.833903
-0.029649906 0.05274234 0.99816784 161.52968 -0.018405332 0.99840882 -0.053301789 -5.7890028 -0.99939092 -0.019952003 -0.028631989 -40.849118
-0.030742923 0.054382296 0.99804677 162.25061 -0.01634148 0.99835798 -0.05490262 -5.8440754 -0.99939377 -0.017997427 -0.029803757 -40.87166
-0.031863874 0.052898485 0.99809136 162.84055 -0.012530395 0.99849885 -0.053320111 -5.8906161 -0.99941371 -0.014205464 -0.031153204 -40.910464
-0.028001257 0.048994342 0.99840643 163.5122 -0.0070619061 0.99876349 -0.04920992 -5.9279772 -0.99958298 -0.0084285915 -0.027620642 -40.928176
-0.020473562 0.048108185 0.99863224 164.25284 -0.0053475118 0.99882209 -0.048226961 -5.9875031 -0.99977614 -0.0063275746 -0.020192188 -40.926309
-0.0095913413 0.049465329 0.99872974 164.9512 -0.0026125684 0.99877108 -0.049492464 -6.0348238 -0.99995063 -0.0030839481 -0.0094503243 -40.932074
0.0049532982 0.049763344 0.99874871 165.62938 0.00015212236 0.99876096 -0.049764707 -6.0839736 -0.99998776 0.0003984323 0.0049395892 -40.924228
0.020297479 0.047795741 0.99865084 166.37286 -0.003324948 0.99885436 -0.047737901 -6.1335704 -0.9997885 -0.0023515023 0.020433142 -40.897538
0.035218601 0.042474103 0.9984766 167.05176 -0.0074408033 0.9990799 -0.042237311 -6.1788991 -0.99935197 -0.0059419282 0.035502236 -40.840827
0.052085284 0.036442123 0.99797746 167.71287 -0.01005435 0.99930244 -0.03596576 -6.2188391 -0.99859207 -0.0081607271 0.052415352 -40.795266
0.069274988 0.029239144 0.99716897 168.40083 -0.010678786 0.99953485 -0.028566642 -6.2576254 -0.99754049 -0.0086695992 0.069555001 -40.739883
0.087622194 0.021350406 0.99592491 169.10372 -0.011031471 0.99972978 -0.020461416 -6.2906543 -0.99609274 -0.009193642 0.087834042 -40.65927
0.10414203 0.015270102 0.99444516 169.7223 -0.011195741 0.99983677 -0.014180431 -6.3161452 -0.99449946 -0.0096567708 0.10429599 -40.585654
0.12273403 0.012822112 0.99235672 170.42383 -0.013272249 0.99984832 -0.011277406 -6.3490645 -0.99235089 -0.011786684 0.12288559 -40.473999
0.14186682 0.011447101 0.98981952 171.07427 -0.0094805676 0.99990298 -0.010204902 -6.3637564 -0.98984039 -0.0079363132 0.14196158 -40.38597
0.15803755 0.011193014 0.98736962 171.70315 -0.013570765 0.99986593 -0.0091625486 -6.3890253 -0.98733989 -0.011951333 0.15816826 -40.249591
0.17473505 0.01063771 0.98455798 172.35301 -0.017520709 0.9998169 -0.0076930767 -6.4004266 -0.98445963 -0.015905903 0.17488943 -40.129231
0.18928962 0.0071201098 0.98189544 173.0015 -0.020797883 0.99977845 -0.0032403741 -6.4202443 -0.98170106 -0.019807977 0.18939576 -39.980293
0.20160475 0.002984146 0.97946237 173.62826 -0.016580092 0.99986247 0.00036641537 -6.4389628 -0.97932666 -0.016313447 0.2016265 -39.84683
0.2114537 0.0013813471 0.977387 174.19003 -0.014878294 0.99988768 0.0018057115 -6.4569691 -0.97727481 -0.014923675 0.2114505 -39.723524
0.22169442 0.0047227447 0.97510471 174.75391 -0.017303192 0.99984988 -0.00090863513 -6.4704619 -0.9749627 -0.016670984 0.22174285 -39.575452
0.23079382 0.011813545 0.97293092 175.42337 -0.020907844 0.99975563 -0.0071796022 -6.4892142 -0.97277806 -0.01868488 0.23098441 -39.409435
0.23916297 0.022027494 0.97072951 175.96996 -0.022365131 0.99960237 -0.017172471 -6.5055175 -0.97072187 -0.017603473 0.23956052 -39.263409
0.2483577 0.028812039 0.96823976 176.61564 -0.017433542 0.9995286 -0.025271325 -6.5220545 -0.96851154 -0.01060352 0.24874292 -39.097739
0.25423151 0.02712927 0.96676278 177.22075 -0.016633684 0.9995813 -0.023676029 -6.5359739 -0.96700038 -0.010061634 0.25457632 -38.950086
0.26090164 0.019857772 0.96516109 177.84018 -0.019383825 0.99969461 -0.015328463 -6.5550236 -0.9651708 -0.014709292 0.26120688 -38.752851
0.26494482 0.0091353024 0.96422026 178.44274 -0.02313899 0.99972741 -0.0031136624 -6.5766444 -0.96398595 -0.021486134 0.26508398 -38.58183
0.26724456 -0.00040140246 0.96362861 179.02155 -0.021416783 0.99975043 0.0063559976 -6.5988493 -0.96339075 -0.022336431 0.26716926 -38.397677
0.26879238 -0.0012820189 0.96319724 179.64897 -0.018666346 0.99980438 0.0065398232 -6.618236 -0.96301729 -0.019737227 0.26871587 -38.225086
0.26923298 0.0020383371 0.96307288 180.22541 -0.018421502 0.99982571 0.0030337208 -6.6215737 -0.96289892 -0.018558027 0.2692236 -38.071214
0.2706888 0.0019289736 0.96266493 180.84275 -0.014959673 0.99988567 0.0022029088 -6.6321061 -0.96255071 -0.014997455 0.27068671 -37.901784
0.27294148 -0.00029526117 0.96203055 181.49197 -0.01611996 0.99985815 0.0048803285 -6.6297364 -0.96189562 -0.016839938 0.272898 -37.707589
0.2747238 -0.0045321861 0.96151246 182.09037 -0.015298443 0.99984171 0.0090839333 -6.6452734 -0.96140151 -0.017205215 0.27461098 -37.544625
0.27871137 -0.010169086 0.96032103 182.69202 -0.014123564 0.9997924 0.014686102 -6.6557479 -0.96027109 -0.017656338 0.27850988 -37.344686
0.28196266 -0.013170446 0.95933494 183.31118 -0.013360471 0.99975492 0.0176522 -6.6604384 -0.95933239 -0.017794427 0.2817176 -37.171849
0.28763967 -0.014696049 0.9576259 183.91426 -0.011256167 0.99976133 0.01872366 -6.6491122 -0.95767259 -0.016164864 0.2874056 -37.002662
0.29576121 -0.018097602 0.95509042 184.5216 -0.0097648241 0.99971101 0.021966955 -6.658192 -0.95521203 -0.015823263 0.29549902 -36.802815
0.30559707 -0.020174959 0.95194712 185.16492 -0.0074182668 0.99969471 0.023568327 -6.658558 -0.95213207 -0.014264209 0.30535411 -36.591506
0.31623456 -0.018096553 0.94850838 185.77441 -0.0093161294 0.9997106 0.022179454 -6.6613525 -0.94863533 -0.015850336 0.31597445 -36.374564
0.32819161 -0.014612669 0.9444981 186.36321 -0.0093886328 0.99978049 0.018730299 -6.6575445 -0.94456455 -0.015014672 0.32798237 -36.142445
0.33958439 -0.011012417 0.94051108 186.98646 -0.010709559 0.99982137 0.015573712 -6.655162 -0.94051466 -0.015361048 0.33940579 -35.906715
0.35154119 -0.010051184 0.93611842 187.58693 -0.010606162 0.99983543 0.014718258 -6.6494411 -0.93611237 -0.015102697 0.35137673 -35.642898
0.36242617 -0.012887008 0.93192335 188.23853 -0.01063005 0.99978221 0.017959427 -6.6548067 -0.9319519 -0.016415358 0.36221025 -35.39828
0.37388974 -0.014795236 0.9273551 188.84109 -0.010435064 0.99974236 0.020157313 -6.6532844 -0.92741449 -0.017213622 0.37363902 -35.126719
0.38511864 -0.015490193 0.92273702 189.48009 -0.011804612 0.99969464 0.021708935 -6.6582335 -0.92279161 -0.019253068 0.38481819 -34.861757
0.3948076 -0.017190482 0.91860295 190.06075 -0.013123231 0.99961743 0.024346815 -6.6455707 -0.91867013 -0.021667345 0.39443096 -34.584343
0.4018249 -0.015918108 0.91557812 190.72386 -0.018190164 0.99951286 0.025360603 -6.642002 -0.91553588 -0.026845038 0.4013396 -34.294795
0.40685834 -0.017839481 0.91331702 191.36456 -0.019117533 0.99942404 0.028037726 -6.6342243 -0.91329124 -0.028867751 0.40628295 -33.974707
0.40797148 -0.023443384 0.9126936 192.02119 -0.013299164 0.99941162 0.031615505 -6.6204663 -0.91289784 -0.025036286 0.40741966 -33.708353
0.40885467 -0.021537275 0.9123453 192.64359 -0.011022986 0.99953201 0.028535242 -6.6191028 -0.91253297 -0.021723536 0.40842592 -33.409444
0.40777959 -0.021742751 0.91282144 193.33144 -0.0087570673 0.99957733 0.027721209 -6.6040553 -0.91303844 -0.019297782 0.40741683 -33.106656
0.40670161 -0.020094877 0.91333999 193.9841 -0.0060767111 0.99967643 0.024700313 -6.6059283 -0.91354089 -0.01559576 0.4064479 -32.823349
0.40655392 -0.021710586 0.91336876 194.64598 -0.002773825 0.99968368 0.024996944 -6.5903871 -0.91362262 -0.01269613 0.4063651 -32.528365
0.40570354 -0.028103772 0.91357252 195.33717 0.0013814685 0.99954488 0.030135007 -6.5841643 -0.91400372 -0.010963807 0.40555772 -32.235058
0.40516292 -0.031126001 0.91371446 196.02049 0.0017704655 0.99944512 0.033261379 -6.5761476 -0.91424283 -0.011858577 0.40499321 -31.929741
0.40318071 -0.03347252 0.91450797 196.71492 0.0022537325 0.99936412 0.035584789 -6.5666594 -0.91511765 -0.012286044 0.40299977 -31.618598
0.40137286 -0.033812121 0.91529039 197.40773 0.0019969412 0.99934829 0.03604164 -6.5532212 -0.91591261 -0.012638355 0.40117881 -31.310536
0.40061404 -0.033595945 0.91563073 198.07987 -0.00017712418 0.99932468 0.036744305 -6.5363845 -0.91624693 -0.014882464 0.40033755 -31.015143
0.39798857 -0.032997399 0.91679671 198.78647 -0.00069234728 0.99934183 0.036268921 -6.5303366 -0.91739015 -0.015069357 0.39770378 -30.714103
0.39745044 -0.029821395 0.9171389 199.46013 -0.00022076866 0.99946865 0.032594074 -6.5257195 -0.91762366 -0.013157004 0.39723267 -30.408604
0.39608622 -0.023328696 0.91791689 200.14917 -0.00074611869 0.99966869 0.025728358 -6.51953 -0.91821306 -0.010875522 0.39593758 -30.115962
0.39608384 -0.020185835 0.9179924 200.7972 -0.0027865338 0.9997273 0.023185411 -6.5086751 -0.91821016 -0.011741383 0.39591958 -29.813969
0.39404296 -0.022834239 0.91880829 201.51837 -0.0048264016 0.99962614 0.026912591 -6.5068575 -0.91907939 -0.015039254 0.39378544 -29.53307
0.39260575 -0.02575289 0.9193462 202.227 -0.0062676141 0.99950976 0.030675023 -6.4953517 -0.91968555 -0.017805297 0.39225187 -29.200269
0.38976312 -0.025532674 0.92056109 202.92939 -0.0094335653 0.99945243 0.031714949 -6.4942826 -0.92086687 -0.02104549 0.38930883 -28.88355
0.38588657 -0.025659041 0.92218929 203.58826 -0.011936776 0.99939059 0.032801991 -6.4838221 -0.92246904 -0.023665815 0.38534512 -28.622161
0.37905117 -0.026751205 0.92498893 204.243 -0.011771265 0.9993618 0.033725856 -6.4735777 -0.92530088 -0.023672115 0.37849436 -28.350534
0.37078357 -0.02660228 0.92833819 204.94963 -0.012905741 0.99934557 0.03379168 -6.4648273 -0.92862967 -0.024510292 0.3701976 -28.071965
