1 0 0 0 0 1 0 0 0 0 1 0
0.99994772 -0.0022094426 0.0099835419 0.012317693 0.0021998971 0.99999711 0.00096701868 -0.0082191498 -0.0099856505 -0.00094500537 0.9999497 0.28899849
0.99984754 -0.0040783009 0.016978608 0.015103687 0.0040605677 0.99999117 0.0010788026 -0.011546307 -0.016982859 -0.0010096953 0.99985527 0.58385763
0.99979366 -0.0070720539 0.019042459 0.023954536 0.0070813397 0.99997484 -0.00042022897 -0.016133909 -0.019039009 0.00055498841 0.99981859 0.88415791
0.99981746 -0.0082491824 0.017233367 0.028287649 0.008277133 0.99996454 -0.0015511602 -0.019401468 -0.017219961 0.00169352 0.99985029 1.190407
0.99988073 -0.01123279 0.010599153 0.031091697 0.011269735 0.9999306 -0.0034323197 -0.024429247 -0.010559864 0.0035513601 0.99993794 1.5064541
0.99992674 -0.011959614 -0.0018637878 0.020048372 0.011951312 0.99991888 -0.0044041471 -0.031782064 0.0019163087 0.0043815499 0.99998856 1.8259925
0.99978741 -0.011367242 -0.017202116 -0.003992177 0.011280221 0.99992313 -0.0051474134 -0.037278039 0.017259307 0.0049522755 0.99983878 2.1593628
0.9993185 -0.007736903 -0.036092704 -0.040600039 0.0075386971 0.99995577 -0.0056244543 -0.046671792 0.036134626 0.0053485293 0.99933262 2.5060813
0.99840823 -0.0040842028 -0.056252283 -0.085908915 0.0037281738 0.99997236 -0.0064326405 -0.052534361 0.056277005 0.0062126831 0.99839586 2.8470243
0.9971246 -0.0032894218 -0.075708034 -0.13335031 0.0027921939 0.99997384 -0.0066726173 -0.055240069 0.075728009 0.0064420395 0.9971077 3.2078326
0.99528143 -0.0045062017 -0.096925551 -0.18630393 0.0039250825 0.99997317 -0.0061853585 -0.062247756 0.096950831 0.0057757317 0.99527241 3.5940711
0.99315742 -0.0055246741 -0.11665258 -0.2420297 0.0049178229 0.99997284 -0.0054893949 -0.070571005 0.11667975 0.0048781565 0.99315761 3.9719108
0.99112561 -0.0045649865 -0.13285021 -0.31794215 0.0039839128 0.9999813 -0.0046393858 -0.07665238 0.13286892 0.0040689504 0.99112527 4.3872797
0.98878508 -0.0036333611 -0.14930124 -0.39228419 0.003046881 0.99998672 -0.004156714 -0.085055656 0.14931437 0.0036551936 0.98878302 4.7912945
0.98663377 -0.0029009075 -0.16292755 -0.47414584 0.0022370044 0.99998843 -0.0042581501 -0.093092105 0.16293803 0.003836765 0.98662885 5.1985507
0.98453249 -0.0045860811 -0.17514206 -0.56600946 0.0037027634 0.99997873 -0.0053698866 -0.10079998 0.17516297 0.0046383182 0.98452853 5.6435154
0.98276217 -0.0071116227 -0.18473751 -0.65927134 0.0059281492 0.99995822 -0.0069577924 -0.11266938 0.18477928 0.0057427036 0.98276327 6.0903428
0.98131197 -0.0069046483 -0.19229959 -0.75401372 0.0052757601 0.99994575 -0.0089813375 -0.12337017 0.19235119 0.0077989676 0.98129516 6.5436127
0.9796885 -0.0066546578 -0.20041497 -0.86813299 0.0045409887 0.99992914 -0.011004328 -0.12685175 0.20047402 0.0098707319 0.97964929 7.0180521
0.97812243 -0.0068941029 -0.20791582 -0.9718757 0.0042340171 0.99990343 -0.013236368 -0.13542672 0.20798701 0.01206647 0.97805716 7.4912554
0.97636484 -0.01088899 -0.2158544 -1.0875733 0.0077907853 0.99985414 -0.015198918 -0.14792541 0.21598843 0.013158014 0.97630726 8.0019303
0.97448572 -0.016610967 -0.22383398 -1.2056433 0.013275097 0.99977738 -0.016400002 -0.16376411 0.22405659 0.01301015 0.97448929 8.5115077
0.97257198 -0.017344209 -0.23195456 -1.3394847 0.013373362 0.99973606 -0.018680702 -0.19044308 0.23221736 0.015066315 0.97254723 9.0280299
0.97040927 -0.013755314 -0.24107392 -1.4916156 0.008516734 0.99970471 -0.022758724 -0.19394467 0.24131581 0.020032115 0.97023987 9.5559034
0.96837401 -0.011104562 -0.24925581 -1.6410188 0.0046842487 0.99964216 -0.026336332 -0.21152002 0.24945909 0.024335844 0.96807951 10.096435
0.96591765 -0.013407573 -0.25850207 -1.8059815 0.0063461345 0.99958407 -0.028131896 -0.23335068 0.25877175 0.025532606 0.96560099 10.657865
0.96355423 -0.015430957 -0.26706765 -1.9675822 0.0077501739 0.99952613 -0.02978995 -0.26264181 0.26740081 0.026634411 0.96321722 11.213776
0.96147871 -0.015156738 -0.27446121 -2.1408389 0.0064328738 0.99944589 -0.032657689 -0.28811586 0.27480414 0.029634099 0.96104345 11.786054
0.95918368 -0.014664312 -0.2824033 -2.328426 0.0046987146 0.99934314 -0.035933535 -0.31018595 0.28274477 0.033139928 0.95862253 12.385343
0.95690003 -0.015630177 -0.28999659 -2.5176922 0.003863966 0.99914749 -0.041101941 -0.34072044 0.29039182 0.038209913 0.95614466 12.95846
0.95490361 -0.016770772 -0.29644194 -2.7218672 0.0025156486 0.99882469 -0.048403607 -0.3804032 0.29690532 0.045475036 0.9538235 13.564254
0.95357057 -0.016779978 -0.30070184 -2.9302345 -0.00021423742 0.99840861 -0.056393285 -0.41430429 0.30116961 0.053839399 0.95204947 14.187525
0.95232751 -0.01723534 -0.30459029 -3.1322162 -0.0027228275 0.99788294 -0.06497868 -0.46294842 0.30506541 0.062710332 0.95026445 14.795272
0.95104519 -0.016432624 -0.30861466 -3.3580616 -0.0067466599 0.99724354 -0.073890544 -0.50658098 0.30897822 0.072355365 0.9483128 15.449666
0.94970098 -0.01558259 -0.31277024 -3.5840428 -0.01037271 0.99664792 -0.081150072 -0.56818093 0.31298637 0.08031258 0.94635587 16.087988
0.94813343 -0.014841599 -0.31752594 -3.8232061 -0.013701602 0.99607285 -0.087470835 -0.63096685 0.3175772 0.087284638 0.94420661 16.769264
0.94675164 -0.013031684 -0.32170093 -4.0633106 -0.018085963 0.99545024 -0.093550573 -0.701351 0.32145642 0.094387431 0.94220847 17.44446
0.94496938 -0.011194343 -0.3269672 -4.3133706 -0.022401362 0.99485484 -0.098803017 -0.77516029 0.32639096 0.10069034 0.93985659 18.090545
0.94314342 -0.0086570808 -0.33227329 -4.5884829 -0.026838371 0.99441326 -0.10208809 -0.85274841 0.33130078 0.10520139 0.93764198 18.789284
0.94130987 -0.007919678 -0.33745073 -4.8482498 -0.028664679 0.99423782 -0.10329326 -0.92893239 0.33632436 0.10690388 0.93565886 19.476998
0.93923096 -0.0064929959 -0.34322446 -5.1296663 -0.030564369 0.99426865 -0.10244836 -1.0174789 0.34192255 0.10671311 0.93364945 20.206791
0.93698036 -0.0071716383 -0.3493084 -5.407821 -0.030151996 0.99439938 -0.1012953 -1.1033793 0.34807854 0.10544405 0.93151645 20.931214
0.93443236 -0.0068305903 -0.35607513 -5.6868423 -0.030540283 0.99459626 -0.099224862 -1.1882197 0.35482879 0.10359356 0.92917432 21.647168
0.93161435 -0.0067010953 -0.36338657 -5.9649665 -0.030217439 0.99494032 -0.095815835 -1.2724389 0.36219005 0.10024402 0.92669818 22.342744
0.92803304 -0.0033653654 -0.37248266 -6.3185887 -0.03283166 0.99532852 -0.090792166 -1.3573012 0.37104819 0.096487356 0.92358727 23.189147
0.92488942 -0.0015938304 -0.38023283 -6.6214211 -0.033255324 0.99582024 -0.085065416 -1.4345859 0.37877916 0.091320871 0.92097061 23.881059
0.92157771 0.00093278924 -0.38819279 -6.9615841 -0.035236756 0.99606992 -0.081259321 -1.5133813 0.3865914 0.088565435 0.91798871 24.640244
0.9177021 0.0014640057 -0.39726653 -7.2981054 -0.035957697 0.99619469 -0.079392584 -1.5865443 0.39563861 0.087143532 0.9142626 25.376697
0.91370565 0.0042778062 -0.40635413 -7.6550435 -0.039570518 0.99612929 -0.078489555 -1.6684744 0.40444552 0.087795994 0.91033823 26.15537
0.91009766 0.003458659 -0.41437937 -8.008437 -0.039075715 0.99622579 -0.077506534 -1.7373969 0.41254739 0.086730687 0.90679791 26.912538
0.90618826 0.0038931381 -0.42285655 -8.4163123 -0.039658706 0.99633282 -0.075816231 -1.8105786 0.42101073 0.085473724 0.9030195 27.703935
0.90253365 0.0040540887 -0.43060023 -8.7917553 -0.039447418 0.99652955 -0.073299079 -1.8853589 0.42880873 0.083140954 0.89956138 28.488092
0.89877856 0.005342704 -0.43837032 -9.1786468 -0.039687256 0.99681161 -0.069220888 -1.9592298 0.43660284 0.079611966 0.89612494 29.262493
0.89483709 0.0064013867 -0.44634694 -9.5913862 -0.038897157 0.99721209 -0.063679334 -2.0236836 0.44469497 0.074344258 0.89259136 30.07285
0.8914582 0.0052564835 -0.45307243 -9.9993226 -0.036099071 0.9975781 -0.059454196 -2.0862119 0.45166265 0.069356425 0.88948893 30.859176
0.88766652 0.0049916254 -0.46045979 -10.436656 -0.035357233 0.99772812 -0.05734517 -2.1532715 0.45912747 0.067183973 0.88582634 31.686313
0.8844809 0.0055109797 -0.46654384 -10.890808 -0.035966565 0.99776021 -0.056400061 -2.2196285 0.4651881 0.066664757 0.88269806 32.505844
0.88180323 0.0064085182 -0.47157394 -11.337783 -0.036414231 0.99784786 -0.054531125 -2.2759585 0.47020962 0.065257725 0.88013883 33.32011
0.87872363 0.0041638508 -0.47731271 -11.804938 -0.033533534 0.99802981 -0.053028252 -2.3387601 0.47615155 0.062603161 0.87713201 34.173719
0.87690029 0.0032012993 -0.48066165 -12.296514 -0.032605399 0.99807073 -0.052836664 -2.3992426 0.47956522 0.062004652 0.87531289 35.027694
0.87439609 0.0031168901 -0.48520279 -12.764402 -0.033158221 0.99802552 -0.053344046 -2.4598383 0.48407854 0.062732287 0.87277296 35.854824
0.87301585 0.0026539861 -0.48768459 -13.271048 -0.033138406 0.99799681 -0.053890735 -2.5216135 0.48656469 0.063208557 0.87135498 36.726287
0.87275785 0.0027056247 -0.48814588 -13.756912 -0.032653509 0.99806848 -0.052849377 -2.5763269 0.48706007 0.062064385 0.87116045 37.584134
0.87297282 0.002335768 -0.48776324 -14.26725 -0.031408627 0.9981824 -0.051433464 -2.6427326 0.48675659 0.060219991 0.87145946 38.495667
0.87256958 0.00026185797 -0.48848975 -14.778121 -0.028752783 0.9982936 -0.050824794 -2.7050726 0.48764293 0.05839361 0.87108816 39.386016
0.87200835 -0.0010082576 -0.48948995 -15.284425 -0.027742223 0.99828873 -0.051478035 -2.7687506 0.48870424 0.058468816 0.87048813 40.27831
0.87061434 -0.0025216966 -0.49195964 -15.824206 -0.026534606 0.99829059 -0.05207499 -2.8333602 0.49125004 0.058391189 0.8690592 41.214161
0.86978208 -0.0026477393 -0.49342892 -16.342651 -0.02543349 0.9984158 -0.050189877 -2.9000955 0.49278017 0.056203876 0.86833683 42.120715
0.86739083 -0.0023708501 -0.49762185 -16.890802 -0.024086566 0.99861654 -0.046742391 -2.96362 0.49704426 0.052529923 0.86613372 43.054283
0.86507152 -0.0013881187 -0.5016466 -17.425608 -0.02290657 0.99884379 -0.042265479 -3.0308523 0.50112531 0.048053666 0.86403952 43.969891
0.86105894 -0.0046685276 -0.50848372 -17.968228 -0.018174461 0.99903643 -0.039948792 -3.0862779 0.5081803 0.043639682 0.8601444 44.866026
0.85557188 -0.0073473707 -0.51763188 -18.52538 -0.016784863 0.99897986 -0.041922709 -3.1519618 0.51741188 0.044556271 0.85457575 45.774044
0.85020456 -0.0089824639 -0.52637581 -19.08252 -0.017703286 0.99880113 -0.045638702 -3.2174523 0.52615475 0.048120815 0.84902626 46.65744
0.8439646 -0.0083473101 -0.53633389 -19.671926 -0.018873689 0.99879765 -0.045244201 -3.2764303 0.53606674 0.048307104 0.84279232 47.55427
0.83854003 -0.0062365687 -0.54480427 -20.270882 -0.018763201 0.99901081 -0.040315568 -3.3327088 0.54451683 0.04402849 0.83759354 48.454104
0.83356523 -0.0036061714 -0.55240925 -20.856749 -0.01882673 0.99921235 -0.034931778 -3.3915526 0.55210016 0.039517976 0.83284078 49.321598
0.82938744 -0.002880715 -0.55866641 -21.45626 -0.021045709 0.99911581 -0.036395984 -3.4479705 0.55827734 0.041943903 0.82859348 50.203261
0.82594144 -0.0041568834 -0.56374057 -22.087326 -0.02292279 0.99889821 -0.040950013 -3.5011504 0.56328972 0.04674482 0.82493614 51.089139
0.82301298 -0.0059961193 -0.56799089 -22.68416 -0.025625417 0.99853428 -0.047672208 -3.5685063 0.56744427 0.053789851 0.82165302 51.928458
0.82005465 -0.0067018867 -0.57224595 -23.310782 -0.026457722 0.99841826 -0.049608149 -3.63028 0.57167332 0.055821719 0.81858022 52.799183
0.81685329 -0.0056601332 -0.57681769 -23.933255 -0.025491108 0.99862083 -0.045898073 -3.6986283 0.576282 0.052195715 0.81558243 53.666992
0.81409372 -0.0044306485 -0.58071659 -24.569821 -0.023090063 0.99893322 -0.039990929 -3.7558423 0.58027433 0.045965148 0.81312296 54.539058
0.81155949 -0.0037868844 -0.5842575 -25.205301 -0.022044491 0.99906852 -0.037096266 -3.8145256 0.5838538 0.042985486 0.81072006 55.402683
0.80831705 -0.0017533895 -0.58874481 -25.854276 -0.025201754 0.99897594 -0.037575873 -3.8727382 0.58820783 0.045210621 0.80744509 56.257523
0.8050546 -0.0025262009 -0.59319532 -26.519864 -0.025857726 0.99889099 -0.039346702 -3.9314101 0.59263691 0.047014926 0.80409646 57.132165
0.8010311 -0.0045603752 -0.59860534 -27.156111 -0.025471517 0.99880568 -0.041694256 -3.9935022 0.59808061 0.048645783 0.79995825 57.99351
0.79808445 -0.0062148508 -0.60251352 -27.816342 -0.024193846 0.99880988 -0.042349564 -4.0493353 0.60205971 0.048375648 0.79698428 58.841833
0.79300239 -0.0068037656 -0.6091805 -28.481484 -0.02311359 0.99888171 -0.041244405 -4.1077451 0.60877993 0.046787261 0.79195832 59.718342
0.78845448 -0.00673045 -0.61505625 -29.147091 -0.023057469 0.99891391 -0.040488822 -4.1654196 0.61466081 0.046105234 0.78744297 60.533147
0.78275914 -0.0074352595 -0.62228033 -29.846832 -0.023309939 0.99887665 -0.041256283 -4.2321722 0.6218881 0.04679905 0.78170652 61.383067
0.77718233 -0.008221253 -0.62922174 -30.524187 -0.023729381 0.99882059 -0.042359647 -4.2957353 0.62882794 0.047852212 0.77607063 62.216588
0.77276357 -0.009374052 -0.63462474 -31.223889 -0.023295613 0.99879828 -0.043119634 -4.3547162 0.63426636 0.048105255 0.77161655 63.028472
0.76701599 -0.011427168 -0.64152619 -31.941694 -0.021864079 0.99879525 -0.043931952 -4.4159913 0.64125538 0.04772289 0.76584208 63.9002
0.76141378 -0.012078888 -0.64815362 -32.619712 -0.022542028 0.99872842 -0.045093227 -4.4802015 0.64787417 0.048945303 0.7601733 64.688301
0.75469929 -0.013801274 -0.65592566 -33.385302 -0.021067376 0.99875332 -0.045254519 -4.5436045 0.65573256 0.047972186 0.75346766 65.527541
0.7480763 -0.014350658 -0.66345751 -34.127212 -0.019658775 0.99884814 -0.043771288 -4.6078857 0.66332151 0.045787025 0.7469325 66.344095
0.74385616 -0.014468223 -0.66818309 -34.85068 -0.018554126 0.99893328 -0.0422854 -4.6709692 0.66808218 0.043851809 0.74279422 67.190768
0.73567468 -0.017122679 -0.67711855 -35.634405 -0.016728845 0.99891616 -0.043435683 -4.7349252 0.67712845 0.043281944 0.73459089 67.999954
0.72964732 -0.017566433 -0.68359796 -36.412609 -0.018157626 0.99881982 -0.045047476 -4.8024727 0.68358257 0.045281286 0.72846723 68.782644
0.72713662 -0.016495042 -0.68629455 -37.129793 -0.019839148 0.99878882 -0.045025615 -4.8646601 0.68620608 0.046355273 0.72592868 69.573248
0.72142167 -0.017079042 -0.69228538 -37.936391 -0.018764755 0.99884661 -0.044196574 -4.9313315 0.6922418 0.044874932 0.7202691 70.402756
0.71673353 -0.016523132 -0.69715134 -38.742959 -0.01998789 0.99882174 -0.044222324 -4.9968281 0.69706067 0.045630207 0.71555877 71.225931
0.71178392 -0.016723327 -0.70219936 -39.554931 -0.020756846 0.99877911 -0.044826725 -5.0664285 0.70209176 0.046482386 0.71056779 72.002347
0.70670347 -0.019275242 -0.70724722 -40.380667 -0.020319247 0.99866354 -0.047521095 -5.1339069 0.70721805 0.047954054 0.70536733 72.820702
0.70223337 -0.020561317 -0.71164983 -41.184458 -0.021795619 0.99849347 -0.050356156 -5.2061065 0.71161316 0.050872622 0.70072729 73.624479
0.69683302 -0.020957607 -0.7169271 -42.050266 -0.022641661 0.99843205 -0.051193772 -5.2803716 0.71687596 0.051905932 0.69526591 74.422567
0.69221529 -0.021283173 -0.72137714 -42.885739 -0.020929089 0.99855264 -0.049543852 -5.3467653 0.72138756 0.049392778 0.69076797 75.208687
0.68743578 -0.021230115 -0.72593476 -43.744185 -0.02034162 0.9986176 -0.04846761 -5.421559 0.72596027 0.048085059 0.68605362 75.999504
0.68340744 -0.022431435 -0.72969244 -44.61963 -0.019326688 0.9986216 -0.04879935 -5.4985341 0.72978133 0.047452378 0.68203191 76.785063
0.67928532 -0.022403332 -0.7335322 -45.461406 -0.019894433 0.99860444 -0.048922272 -5.5707746 0.7336046 0.047825389 0.67789164 77.574818
0.67424045 -0.024472684 -0.73810626 -46.346066 -0.017099241 0.99866554 -0.048731499 -5.6422278 0.73831394 0.045477805 0.67292224 78.365645
0.66965083 -0.025069392 -0.74225282 -47.233744 -0.016626186 0.99867361 -0.048729863 -5.7149225 0.74248999 0.044972827 0.6683458 79.145063
0.66653115 -0.028196934 -0.7449437 -48.123146 -0.012990461 0.99869337 -0.049424724 -5.7909359 0.74536402 0.042620281 0.66529395 79.932211
0.66134587 -0.032870646 -0.74936047 -49.031983 -0.010245733 0.99855023 -0.052843678 -5.8705884 0.75001114 0.042625695 0.66005029 80.716196
0.65675808 -0.036355445 -0.75322444 -49.920995 -0.0073418281 0.99848161 -0.05459468 -5.9428669 0.75406563 0.041385542 0.65549395 81.489457
0.65039846 -0.040773063 -0.75849809 -50.826821 -0.0010059574 0.99851121 -0.054537557 -6.0252073 0.75959258 0.03623416 0.64938914 82.271925
0.64248144 -0.04481775 -0.76498949 -51.762862 0.00460371 0.99849597 -0.054631528 -6.10749 0.76628745 0.031577953 0.64172146 83.052078
0.63371237 -0.046056968 -0.77219644 -52.673355 0.0072097378 0.99853431 -0.05363993 -6.1866756 0.7735352 0.028424953 0.6331156 83.803161
0.6253188 -0.044501673 -0.77909945 -53.629205 0.0077313614 0.99867696 -0.050838477 -6.2632199 0.78033114 0.025766756 0.62483553 84.555243
0.61832336 -0.043356696 -0.78472693 -54.589629 0.0060189473 0.99870912 -0.050436744 -6.3503938 0.78590078 0.026462987 0.61778615 85.334251
0.60975107 -0.043965275 -0.79137263 -55.543842 0.0035647368 0.99860237 -0.052731448 -6.4249465 0.792585 0.029332022 0.60905558 86.044362
0.59871556 -0.04680842 -0.79959277 -56.540425 0.0055660022 0.99850995 -0.054285409 -6.5083687 0.80094241 0.028050984 0.59808398 86.76417
0.58960416 -0.047614254 -0.80628764 -57.53292 0.0041309019 0.99842559 -0.055939953 -6.5882105 0.80768182 0.029651734 0.58887257 87.503448
0.58025733 -0.049378625 -0.81293488 -58.527391 0.0085826191 0.99847566 -0.054522482 -6.6703066 0.81438801 0.024659959 0.57979662 88.202952
0.56908552 -0.05004764 -0.82075383 -59.564001 0.011015886 0.99852048 -0.053249356 -6.7520616 0.82220458 0.021262106 0.56879487 88.89767
0.55884262 -0.050540522 -0.82773216 -60.594242 0.011386299 0.99851465 -0.053280886 -6.8367749 0.8291956 0.020350823 0.55858801 89.591235
0.54998448 -0.05092979 -0.83362052 -61.608458 0.0093913722 0.99845296 -0.054804181 -6.9205753 0.8351221 0.022312609 0.54961193 90.245489
0.53945503 -0.051926614 -0.84041171 -62.702601 0.0086676628 0.9983862 -0.056123683 -7.0063778 0.84196984 0.022991798 0.53903454 90.931456
0.53071083 -0.05198357 -0.84595725 -63.733914 0.0061765477 0.99832802 -0.057471809 -7.0954249 0.84753049 0.025275816 0.53014457 91.578296
0.52058219 -0.051853551 -0.85223549 -64.825036 0.0055672183 0.99833905 -0.057342402 -7.1831124 0.85379345 0.025106852 0.52000621 92.214562
0.51138276 -0.05060426 -0.85786177 -65.926421 0.0055443765 0.9984382 -0.055591622 -7.2674149 0.8593352 0.023672288 0.51086465 92.851109
0.50519054 -0.048846964 -0.8616243 -66.976247 0.0062715236 0.99857832 -0.052933982 -7.3521952 0.86298508 0.021338049 0.50477866 93.472673
0.49785086 -0.048817875 -0.86588756 -68.12781 0.005940705 0.99858302 -0.052883443 -7.4421995 0.86724235 0.021184085 0.49743543 94.125306
0.48897924 -0.052139278 -0.87073574 -69.252428 0.0080944625 0.99844026 -0.055240561 -7.5291288 0.8722579 0.019963349 0.4886386 94.728352
0.48344348 -0.056060572 -0.87357859 -70.320934 0.011292872 0.99826359 -0.057812499 -7.6123099 0.87530277 0.018083864 0.48323711 95.308497
0.47648088 -0.058811486 -0.87721555 -71.432537 0.01242447 0.99811093 -0.060168068 -7.7061147 0.87909708 0.017769996 0.47631148 95.930838
0.47117496 -0.061580652 -0.87988744 -72.552978 0.012958227 0.99793549 -0.062903416 -7.8032191 0.88194462 0.018236733 0.47100019 96.511732
0.46648755 -0.062882225 -0.8822897 -73.685248 0.015488776 0.99789759 -0.062932502 -7.9046867 0.88439218 0.015691641 0.46648077 97.103322
0.46318423 -0.060969298 -0.88416234 -74.819545 0.017574481 0.9980666 -0.059617103 -8.0091157 0.88608779 0.012075007 0.46336022 97.710847
0.45886077 -0.058339581 -0.88659078 -75.933039 0.0202986 0.99826993 -0.055182637 -8.0991334 0.88827632 0.007324595 0.45925112 98.302493
0.45580354 -0.0578441 -0.88819881 -77.05225 0.021578825 0.99831091 -0.053941405 -8.1967006 0.88981883 0.0054203955 0.45628185 98.890028
0.45274101 -0.057657928 -0.88977585 -78.177839 0.022892233 0.99832974 -0.053044114 -8.2812714 0.89134819 0.0036462893 0.45330474 99.42841
0.45003576 -0.057472046 -0.8911592 -79.276518 0.025949281 0.99834711 -0.051280341 -8.3703502 0.89263347 -4.6953789e-05 0.45078326 99.999008
0.44701449 -0.056740772 -0.8927253 -80.382222 0.028080977 0.99838447 -0.049395377 -8.4545493 0.89408589 -0.00298815 0.44788567 100.5426
0.44606908 -0.057674848 -0.89313824 -81.48726 0.029972808 0.9983244 -0.049497674 -8.5423588 0.89449655 -0.0046904799 0.44705032 101.07818
0.44275495 -0.057776567 -0.89477922 -82.573601 0.031681485 0.99830673 -0.048784774 -8.6268446 0.89608281 -0.0067482353 0.4438357 101.62137
0.44003543 -0.056823851 -0.89618067 -83.658958 0.034524648 0.99832853 -0.046348694 -8.703759 0.89731652 -0.010545255 0.44126175 102.16945
0.43847425 -0.056733642 -0.89695126 -84.742522 0.03746646 0.99829189 -0.044828141 -8.7868538 0.89796251 -0.013949604 0.4398509 102.69665
0.43584725 -0.057903692 -0.89815604 -85.832029 0.039740556 0.99819314 -0.045068178 -8.8729501 0.89914289 -0.01605038 0.43736086 103.21853
0.43614927 -0.058956018 -0.89794094 -86.903482 0.041242062 0.9981126 -0.045500821 -8.9455829 0.89892879 -0.017187787 0.43775755 103.7084
0.43509897 -0.060432575 -0.89835223 -87.968943 0.041558116 0.99802955 -0.047010072 -9.0299544 0.89942308 -0.016879793 0.43675309 104.21793
0.43536065 -0.060069401 -0.8982498 -88.99346 0.038847379 0.99809556 -0.047918054 -9.106967 0.89941762 -0.014033016 0.43686508 104.71975
0.43753228 -0.060165444 -0.89718758 -90.011884 0.037265789 0.99811508 -0.048760206 -9.1861652 0.89843021 -0.01210024 0.43894967 105.20512
0.44152305 -0.060753739 -0.89519066 -91.050531 0.036738103 0.99809239 -0.049617503 -9.2729322 0.8964975 -0.010980336 0.44291278 105.71697
0.44654625 -0.0605237 -0.89271119 -92.045766 0.033944498 0.99813732 -0.050691844 -9.344963 0.89411648 -0.0076663809 0.44776892 106.2066
0.45314052 -0.060452136 -0.88938695 -93.041329 0.033231688 0.99815003 -0.050913359 -9.4254725 0.89081951 -0.0064849248 0.45431115 106.70616
0.4594674 -0.058770066 -0.88624812 -94.057975 0.031426438 0.99825941 -0.049905154 -9.5011195 0.88763853 -0.0049218312 0.46051459 107.21581
0.46737985 -0.058102936 -0.88214515 -95.038531 0.030960267 0.99830157 -0.04935021 -9.5787804 0.88351435 -0.0042461565 0.46838492 107.71951
0.47653047 -0.057566459 -0.87727119 -95.998811 0.030734097 0.99833482 -0.048815996 -9.6529705 0.87862062 -0.0036998296 0.47750621 108.23575
0.4862571 -0.057707058 -0.87190817 -96.954561 0.030546702 0.99832966 -0.049038556 -9.7287322 0.87328174 -0.0027885743 0.48720765 108.76278
0.49592485 -0.058607787 -0.86638537 -97.920126 0.030349064 0.99828008 -0.05015797 -9.8070951 0.86783497 -0.0014194014 0.49685059 109.31174
0.50637289 -0.059558252 -0.86025534 -98.86981 0.027752631 0.99822077 -0.052773988 -9.8805223 0.86186794 0.0028489677 0.50712484 109.86218
0.51726333 -0.059318031 -0.85376809 -99.800525 0.024188367 0.99820988 -0.054698799 -9.9554513 0.85548444 0.007642427 0.51777218 110.4202
0.52921388 -0.057106154 -0.84656453 -100.7118 0.021408351 0.9983136 -0.053959565 -10.029518 0.84821838 0.010432599 0.52954396 110.97662
0.54226918 -0.055015022 -0.8384017 -101.63153 0.020738755 0.9984264 -0.052102069 -10.109422 0.83994886 0.010865939 0.54255681 111.56833
0.55376199 -0.053258625 -0.83096998 -102.54149 0.020303863 0.99851934 -0.050466636 -10.182057 0.83242745 0.011074604 0.55402342 112.14708
0.56575316 -0.052182292 -0.82292181 -103.41236 0.019701129 0.9985661 -0.049775679 -10.257213 0.8243393 0.011948258 0.56596998 112.74852
0.57724203 -0.053228029 -0.8148364 -104.28962 0.02114304 0.99851293 -0.0502484 -10.333286 0.81629937 0.01177737 0.57750904 113.37617
0.58851059 -0.05381785 -0.80669627 -105.16011 0.020836611 0.99846023 -0.0514102 -10.407471 0.808221 0.01344663 0.5887258 113.97695
0.59831807 -0.055279974 -0.79934946 -105.97901 0.022616222 0.9983849 -0.052116127 -10.474202 0.80093947 0.013103756 0.59860196 114.6001
0.60956445 -0.054301522 -0.7908745 -106.80616 0.02184659 0.99842297 -0.051713619 -10.552766 0.79243546 0.014244872 0.60978945 115.23512
0.6200068 -0.053121944 -0.782796 -107.62628 0.022036745 0.99849074 -0.050305364 -10.627271 0.78428694 0.013939392 0.62024169 115.8748
0.62916686 -0.05090132 -0.77560175 -108.41098 0.022390183 0.99862619 -0.047375127 -10.692824 0.77694774 0.012440994 0.6294422 116.51749
0.64020578 -0.049873705 -0.76658276 -109.213 0.022487267 0.99867936 -0.046193789 -10.764049 0.76787429 0.012335179 0.64048182 117.16235
0.64923399 -0.048475897 -0.75904233 -109.9755 0.019604425 0.99870186 -0.047013333 -10.831899 0.76033607 0.015642065 0.64934154 117.80856
0.65893263 -0.047702682 -0.75068782 -110.73449 0.017300316 0.9986842 -0.048275956 -10.896376 0.75200302 0.018823466 0.65889087 118.4559
0.66851694 -0.046520183 -0.74224048 -111.45936 0.016408808 0.99872136 -0.047816221 -10.964448 0.7435159 0.019786672 0.66842549 119.11154
0.67639779 -0.045959403 -0.73510117 -112.15999 0.01791906 0.99878269 -0.045957 -11.032402 0.73631854 0.017912891 0.67639795 119.77027
0.68577558 -0.04502923 -0.72641874 -112.86932 0.019018268 0.99885214 -0.043962632 -11.092922 0.72756457 0.016333274 0.68584478 120.43201
0.6935499 -0.043411299 -0.7190994 -113.5535 0.017796378 0.99891056 -0.043139138 -11.157293 0.72018877 0.01712178 0.69356688 121.07545
0.7014563 -0.042198671 -0.71146207 -114.24799 0.016281033 0.99893389 -0.043197313 -11.215212 0.71252651 0.01871769 0.70139552 121.73973
0.70825387 -0.040651153 -0.70478642 -114.90847 0.015204916 0.99898753 -0.042340564 -11.279263 0.7057941 0.01927165 0.70815489 122.41897
0.71575945 -0.037562577 -0.69733595 -115.57338 0.013443302 0.99910847 -0.040019332 -11.330616 0.69821754 0.019269717 0.71562629 123.07975
0.72339446 -0.035545083 -0.68951937 -116.23984 0.013435839 0.99920953 -0.03741385 -11.388726 0.69030427 0.0178007 0.72330021 123.75693
0.73075766 -0.034673521 -0.68175578 -116.87121 0.013638464 0.99925141 -0.036202338 -11.444616 0.68250074 0.017157035 0.73068352 124.41008
0.7378541 -0.03310131 -0.67414805 -117.48144 0.012063418 0.99928392 -0.035862397 -11.502092 0.67485246 0.018328686 0.73772505 125.08428
0.74570555 -0.03040024 -0.66558171 -118.08456 0.0099121984 0.99935417 -0.034539749 -11.549126 0.66620193 0.019159105 0.74552529 125.75571
0.75465936 -0.027917172 -0.65552257 -118.66379 0.0093924294 0.99945166 -0.03175143 -11.597885 0.65604959 0.017804564 0.75450777 126.42771
0.7640439 -0.024486639 -0.64469938 -119.24928 0.0075662012 0.99955085 -0.028997595 -11.64007 0.64511992 0.01727751 0.763886 127.09172
0.77335572 -0.021801963 -0.63359733 -119.77537 0.0055201182 0.99960219 -0.02765838 -11.685464 0.63394834 0.017892234 0.77316842 127.73035
0.78302497 -0.021360353 -0.62162335 -120.32024 0.0043836872 0.99957484 -0.028825711 -11.726651 0.62197484 0.019846249 0.7827857 128.41624
0.79286363 -0.021634625 -0.60901493 -120.84005 0.0041223583 0.99953716 -0.030140713 -11.77615 0.60938519 0.021386897 0.79258585 129.10419
0.80218312 -0.021036683 -0.59670735 -121.33728 0.0041519729 0.99955151 -0.029657094 -11.817245 0.59706367 0.021312907 0.8019107 129.76559
0.81178018 -0.019781213 -0.58362798 -121.85205 0.0038087282 0.9995842 -0.028581799 -11.853335 0.58395074 0.020979257 0.81151798 130.46899
0.821787 -0.017965927 -0.56951148 -122.33369 0.0036536853 0.99964839 -0.026262963 -11.887638 0.56978313 0.019501746 0.82156369 131.15239
0.83109092 -0.016661808 -0.5558869 -122.79731 0.0042952301 0.9997136 -0.023543116 -11.929963 0.55612001 0.017178807 0.83092446 131.85433
0.8400321 -0.015328974 -0.54232008 -123.25428 0.0046472689 0.9997674 -0.021060539 -11.96232 0.54251682 0.015171221 0.83990795 132.55963
0.84766403 -0.014836135 -0.53032589 -123.70318 0.0055167733 0.99980136 -0.01915203 -11.994811 0.53050473 0.013308799 0.84757751 133.27541
0.85433102 -0.014899923 -0.51951562 -124.12465 0.0067103564 0.99982188 -0.017640286 -12.023631 0.51968596 0.011584508 0.85427883 133.99051
0.86056905 -0.014824848 -0.50911798 -124.56776 0.006970549 0.99982551 -0.017331194 -12.059886 0.50928611 0.011365857 0.86052222 134.71716
0.86767023 -0.0140665 -0.49694113 -124.98437 0.0064353432 0.99983367 -0.017065211 -12.083674 0.49709857 0.011608989 0.86761643 135.46219
0.8735929 -0.012227351 -0.48650377 -125.39913 0.004779428 0.99985166 -0.016547174 -12.112972 0.48663398 0.012130284 0.87352175 136.18429
0.87980781 -0.011079141 -0.47520043 -125.80485 0.0039009544 0.99986295 -0.01608907 -12.133622 0.4753136 0.012301554 0.87973046 136.93792
0.88524061 -0.011770974 -0.46498439 -126.21003 0.0048638156 0.99985934 -0.016051445 -12.168962 0.46510797 0.011947793 0.88517334 137.68924
0.89023316 -0.012911207 -0.45532208 -126.59686 0.005836897 0.99983948 -0.016939516 -12.195589 0.45546774 0.012422451 0.89016562 138.44301
0.89446071 -0.013397397 -0.44694579 -126.98459 0.0063248136 0.99983012 -0.017312668 -12.226758 0.44710184 0.012658653 0.89439349 139.22581
0.89783856 -0.012796962 -0.44013877 -127.37103 0.0059984616 0.99984031 -0.016833938 -12.251304 0.44028394 0.012474004 0.89777195 140.00508
0.90078813 -0.01098191 -0.43411994 -127.75926 0.005620684 0.99989129 -0.013631419 -12.280585 0.43422248 0.0098389691 0.90075193 140.81116
0.9038623 -0.0075801455 -0.42775631 -128.14308 0.0036504665 0.99994327 -0.010006157 -12.303541 0.42780793 0.0074826776 0.9038387 141.60404
0.90705818 -0.0045405713 -0.42098079 -128.53523 0.0017218628 0.99997349 -0.0070754329 -12.321157 0.42100179 0.0056929579 0.90704195 142.4344
0.91023655 -0.0019574271 -0.41408401 -128.91191 -1.1709095e-06 0.99998882 -0.0047296468 -12.338597 0.41408867 0.004305582 0.91022637 143.26421
0.91327241 -5.2067476e-05 -0.40734933 -129.29533 -0.0011056573 0.99999599 -0.0026066904 -12.350757 0.40734787 0.002831007 0.9132687 144.10692
0.91603127 0.00092102569 -0.40110577 -129.68322 -0.001043629 0.99999945 -8.7188154e-05 -12.367799 0.40110551 0.00049847239 0.91603173 144.95486
0.91983539 0.0014027102 -0.39230203 -130.05904 -0.00044910159 0.99999672 0.0025225615 -12.382656 0.39230431 -0.0021441582 0.919833 145.83982
0.92289475 0.00090920119 -0.38505123 -130.43818 0.00037247562 0.99999464 0.0032539877 -12.395375 0.38505215 -0.0031465107 0.92288946 146.73049
0.92645312 0.00027330663 -0.37641004 -130.8063 0.0010020771 0.9999944 0.0031924823 -12.392286 0.37640884 -0.0033348775 0.92644766 147.63307
0.93025325 -0.0022465062 -0.3669112 -131.16514 0.0035220225 0.99998986 0.0028069165 -12.418761 0.3669012 -0.0039034131 0.93025173 148.55228
0.93391805 -0.0039597022 -0.35746523 -131.53301 0.0048289805 0.99998716 0.0015392276 -12.423287 0.35745458 -0.0031637054 0.93392517 149.48686
0.93812928 -0.0047672416 -0.3462524 -131.87928 0.0050694291 0.99998715 -3.29264e-05 -12.43824 0.34624813 -0.0017244131 0.93814139 150.41968
0.94302448 -0.0032144373 -0.33270781 -132.23146 0.0029319673 0.99999479 -0.001351047 -12.453648 0.33271045 0.0002985817 0.94302899 151.37832
0.94864246 0.00040555306 -0.31634997 -132.5644 -0.00044939124 0.9999999 -6.5619197e-05 -12.461675 0.31634994 0.00020441381 0.94864255 152.37239
0.95465355 0.0039541807 -0.29769271 -132.89035 -0.0033442931 0.99999114 0.0025580219 -12.472005 0.29770021 -0.0014464533 0.95465832 153.38477
0.96076084 0.0068662366 -0.27729309 -133.20019 -0.0059543083 0.99997374 0.0041306128 -12.485098 0.27731419 -0.0023174427 0.9607765 154.39702
0.9666492 0.0088714782 -0.25595042 -133.4742 -0.007807324 0.99995614 0.0051734471 -12.50179 0.25598512 -0.0030026209 0.96667606 155.44265
0.97195958 0.0098833471 -0.23494017 -133.74174 -0.0086190881 0.99994233 0.0064074706 -12.494952 0.23498997 -0.0042028327 0.97198871 156.48654
0.97696912 0.010791012 -0.21310767 -133.97576 -0.0090628163 0.99991766 0.0090847594 -12.515184 0.21318818 -0.0069441741 0.97698648 157.57208
0.98155912 0.012646987 -0.19074001 -134.19513 -0.010461257 0.99986762 0.012461841 -12.514335 0.19087239 -0.010236654 0.98156148 158.67003
0.985588 0.014451374 -0.16854511 -134.40157 -0.011856011 0.9997953 0.016394867 -12.525557 0.16874755 -0.014160312 0.98555758 159.77118
0.9892207 0.015947954 -0.14556123 -134.57571 -0.013222421 0.99971904 0.019672694 -12.510509 0.14583408 -0.017535965 0.98915363 160.89124
0.99212289 0.017753475 -0.12400393 -134.7277 -0.015382966 0.99968067 0.020047865 -12.504731 0.12432026 -0.017982399 0.99207918 162.03674
0.99469538 0.017677212 -0.10133414 -134.85067 -0.015927833 0.99971027 0.018046729 -12.50054 0.1016238 -0.016336965 0.99468875 163.17232
0.99657656 0.017913601 -0.080710994 -134.95449 -0.016599698 0.99971903 0.016920851 -12.494008 0.080991437 -0.015523146 0.99659391 164.33876
0.99806286 0.016520172 -0.059980029 -135.04196 -0.015434281 0.99970931 0.018522642 -12.493911 0.060268596 -0.017561012 0.99802771 165.51753
0.99906758 0.016570143 -0.039867175 -135.10349 -0.015761214 0.9996652 0.020520075 -12.483357 0.040193851 -0.019872587 0.99899426 166.70834
0.99966917 0.017107156 -0.019206783 -135.12975 -0.016697532 0.99963393 0.02128864 -12.483614 0.019563942 -0.020960892 0.99958886 167.9127
0.99983022 0.018409432 0.00078673031 -135.14422 -0.018422264 0.99958962 0.0219366 -12.470817 -0.00038256713 -0.021947369 0.99975905 169.13311
0.99958014 0.018573547 0.022239015 -135.13435 -0.019068073 0.99957091 0.022235187 -12.462501 -0.021816488 -0.022649907 0.99950539 170.37393
0.99887717 0.020659753 0.042632967 -135.10288 -0.021606655 0.9995273 0.021870524 -12.449719 -0.042160979 -0.022767124 0.9988514 171.59703
0.99781214 0.021974594 0.062354214 -135.02887 -0.023303666 0.99951476 0.020668187 -12.436992 -0.061869788 -0.02207605 0.99784006 172.84834
0.9963877 0.021826227 0.082068044 -134.94006 -0.023424709 0.99955321 0.01856527 -12.431238 -0.081626174 -0.020420627 0.9964538 174.11506
0.99463826 0.023898136 0.10061618 -134.82261 -0.025627642 0.9995446 0.015931613 -12.427438 -0.10018964 -0.018424748 0.99479775 175.37308
0.99251466 0.024434989 0.1196561 -134.68628 -0.026262431 0.99956094 0.013719195 -12.42703 -0.11926834 -0.016758962 0.99272061 176.68095
0.98996023 0.024482581 0.13920973 -134.51917 -0.026306341 0.99959033 0.011275638 -12.434791 -0.13887665 -0.014824532 0.99019872 177.96115
0.98722561 0.02559032 0.15726007 -134.3241 -0.026844312 0.99962248 0.0058548313 -12.430104 -0.15705089 -0.010001578 0.98753987 179.27226
0.98409916 0.027273888 0.17551348 -134.10607 -0.027583093 0.99961928 -0.00067805549 -12.457447 -0.17546517 -0.0041739308 0.98447679 180.563
0.98107733 0.029840718 0.19130293 -133.8629 -0.02920351 0.99955457 -0.0061500676 -12.467831 -0.19140125 0.00044697504 0.98151177 181.87228
0.97733537 0.031800864 0.2092947 -133.5991 -0.030401937 0.99948874 -0.0098985751 -12.502536 -0.20950249 0.0033112636 0.97780251 183.178
0.97307671 0.034037901 0.22795426 -133.3048 -0.031933747 0.99940656 -0.012913634 -12.533088 -0.22825855 0.0052865226 0.9735862 184.50821
0.96911295 0.033431964 0.24434073 -132.99147 -0.031271827 0.99943003 -0.012715763 -12.564214 -0.2446266 0.00468203 0.96960606 185.83603
0.96469681 0.032513062 0.26134835 -132.6436 -0.030096753 0.99945925 -0.013243786 -12.604176 -0.26163764 0.0049105017 0.96515369 187.16583
0.9598485 0.03224003 0.27866007 -132.26527 -0.028340878 0.99943604 -0.018010836 -12.66036 -0.27908361 0.0093902037 0.9602209 188.51656
0.95518562 0.033755845 0.29407647 -131.87299 -0.028447515 0.99934627 -0.022310939 -12.706648 -0.29463737 0.012945344 0.95552145 189.83391
0.94966217 0.036024416 0.31119768 -131.45223 -0.030308319 0.99927164 -0.023186275 -12.746358 -0.31180632 0.01258725 0.95006231 191.19824
0.94404946 0.037629489 0.32765015 -131.01848 -0.031811183 0.9992269 -0.023101067 -12.803656 -0.32826616 0.011385612 0.94451665 192.53599
0.93737348 0.041697638 0.34582114 -130.54405 -0.034659762 0.99904743 -0.026513066 -12.847995 -0.34659728 0.012866567 0.93792579 193.87516
0.93073676 0.042739807 0.36318367 -130.04129 -0.034123304 0.99896394 -0.0301107 -12.914911 -0.36409435 0.015632109 0.93123088 195.22543
0.92392258 0.04354768 0.38009297 -129.50662 -0.033462701 0.99889158 -0.033103657 -12.974509 -0.38111328 0.017866279 0.92435571 196.56553
0.91662975 0.044035172 0.39730441 -128.94903 -0.031593115 0.99878536 -0.037811054 -13.056745 -0.39848688 0.022106654 0.91690758 197.90006
0.90823918 0.047143365 0.41578731 -128.37303 -0.031883844 0.99854141 -0.043571429 -13.134905 -0.41723499 0.026316382 0.90841754 199.2094
0.89829149 0.050901003 0.43644182 -127.75206 -0.033484408 0.99830928 -0.047511914 -13.22009 -0.43812236 0.028065554 0.89847712 200.53974
0.88612756 0.053587603 0.4603328 -127.10229 -0.034909941 0.99818855 -0.048999055 -13.300902 -0.46212472 0.027349223 0.88639313 201.86192
0.87279093 0.057999743 0.48463594 -126.40769 -0.037727269 0.99796069 -0.051489054 -13.402572 -0.48663401 0.02665519 0.87319921 203.17819
0.85812524 0.06247275 0.50962555 -125.68963 -0.040122323 0.99769401 -0.054743551 -13.50289 -0.51187038 0.026529463 0.85865297 204.46326
0.84359008 0.065894202 0.53292937 -124.91895 -0.04124642 0.99746175 -0.058041232 -13.605004 -0.53540129 0.02698158 0.84416674 205.74081
0.82839449 0.067663647 0.55604332 -124.11533 -0.041033114 0.9973406 -0.060232894 -13.716005 -0.55864021 0.027080409 0.82896791 207.00205
0.8118191 0.068633837 0.57986129 -123.27636 -0.039703575 0.99725793 -0.062452038 -13.827535 -0.58255764 0.027677192 0.81231804 208.21795
0.79622623 0.070771997 0.60084531 -122.41329 -0.038075847 0.99702753 -0.066980039 -13.948525 -0.60379968 0.030453571 0.79655418 209.43787
0.77982063 0.073397304 0.62168528 -121.50171 -0.036196498 0.99672794 -0.072271888 -14.077806 -0.6249557 0.033856281 0.77992574 210.62904
0.76282793 0.075281412 0.64220419 -120.54419 -0.03449269 0.99652289 -0.075844512 -14.211817 -0.64568091 0.035704963 0.76277215 211.79238
0.74644285 0.076976837 0.6609823 -119.56416 -0.03291699 0.99634215 -0.078859321 -14.353079 -0.66463493 0.03710643 0.74624632 212.9582
0.73043466 0.07769146 0.67854934 -118.52585 -0.030839469 0.99624751 -0.080869147 -14.497228 -0.68228599 0.038143527 0.73008967 214.0871
0.71433379 0.077863045 0.69545995 -117.49624 -0.028597915 0.99620871 -0.082160571 -14.640584 -0.6992206 0.038801368 0.71385226 215.19564
0.69978197 0.078579766 0.71002139 -116.43998 -0.025945818 0.99607153 -0.084665973 -14.792437 -0.71388518 0.040825637 0.69907171 216.26933
0.6841067 0.079942146 0.72498775 -115.34071 -0.023134289 0.99585357 -0.0879799 -14.945434 -0.729015 0.043415564 0.6831195 217.33677
0.66952878 0.08229905 0.73821273 -114.23076 -0.020675747 0.99552277 -0.092232993 -15.11366 -0.74249833 0.046489545 0.66823274 218.37802
0.65443841 0.084923889 0.75133099 -113.08856 -0.019876439 0.99526138 -0.095182499 -15.273147 -0.75585405 0.0473573 0.65302526 219.39666
0.63835667 0.085289831 0.76500089 -111.92717 -0.018188068 0.99523619 -0.095781654 -15.44638 -0.76952583 0.047228971 0.63686691 220.38649
0.62231993 0.086719824 0.77794442 -110.75126 -0.018872756 0.99521757 -0.095842579 -15.61979 -0.78253548 0.044962793 0.62098037 221.35818
0.60480139 0.087670402 0.79153593 -109.57051 -0.020863641 0.99532514 -0.094300451 -15.791516 -0.79610304 0.040518724 0.60380315 222.31175
0.58561514 0.088485041 0.80574515 -108.36309 -0.022854773 0.99543128 -0.092705088 -15.954227 -0.81026701 0.035874382 0.58496193 223.23756
0.56793199 0.089692844 0.81817382 -107.1535 -0.024547756 0.99544834 -0.092086956 -16.120609 -0.82270938 0.032214798 0.56754871 224.1046
0.54973774 0.093039079 0.8301398 -105.92526 -0.026385057 0.99521613 -0.094067444 -16.299725 -0.83492054 0.029809139 0.54956271 224.95041
0.53159325 0.096833412 0.84144628 -104.69726 -0.028922588 0.99493929 -0.096225172 -16.476137 -0.84650585 0.026815849 0.53170368 225.76285
0.512529 0.097167951 0.85315436 -103.45786 -0.029250705 0.99497573 -0.09574811 -16.652142 -0.85817159 0.024118318 0.51279614 226.54493
0.49080205 0.095860996 0.8659815 -102.2052 -0.028990474 0.99517532 -0.093731693 -16.820462 -0.8707887 0.020898494 0.49121314 227.29326
0.46990725 0.093818918 0.87771585 -100.94581 -0.02871007 0.99543411 -0.091031146 -16.982563 -0.88224882 0.017576913 0.47045525 227.99393
0.44813953 0.092377452 0.88917788 -99.680291 -0.028924603 0.9956242 -0.08885845 -17.145204 -0.89349561 0.014101868 0.44885054 228.65399
0.42641301 0.091312526 0.89990772 -98.427963 -0.027667022 0.99574263 -0.08792701 -17.303012 -0.90410539 0.012595455 0.42712396 229.28559
