1.000000000000000000e+00 -3.306050084167601550e-19 -2.270457535318767223e-19 -8.673617379884035472e-19 7.546676715296109287e-19 1.000000000000000000e+00 6.237773588823049983e-19 1.387778780781445676e-17 -3.447385680526250622e-20 4.770700176052009879e-20 1.000000000000000222e+00 5.551115123125782702e-17
9.999257627796425130e-01 -2.427249160294201770e-03 1.194078369595290116e-02 3.330937433883521259e-02 2.416206322650666337e-03 9.999966302736544854e-01 9.392570876968988789e-04 1.848388168106118723e-05 -1.194302382399775424e-02 -9.103415669939969503e-04 9.999282973115408701e-01 2.923920660564497398e-01
9.998103176052609564e-01 -4.818418561639834126e-03 1.886664293052318572e-02 4.345110294232266968e-02 4.777807863447438783e-03 9.999861670781384770e-01 2.195766942216814156e-03 -3.181269688715682165e-04 -1.887696870399924523e-02 -2.105171765181967566e-03 9.998194825903129468e-01 5.882720293588858951e-01
9.997551964793927048e-01 -7.803373569803210424e-03 2.070431209911410483e-02 3.622969938467671125e-02 7.795882099991017708e-03 9.999695284319668476e-01 4.427648525515475927e-04 -1.511311933146640418e-02 -2.070713711219713399e-02 -2.812372243332935231e-04 9.997855633271659492e-01 8.891896122927474000e-01
9.997541609092128745e-01 -7.996901487617589371e-03 2.067997494822557819e-02 6.005513945898029171e-02 8.018769494058376052e-03 9.999673577132318636e-01 -9.746089706022767907e-04 -1.467038360574000888e-02 -2.067150516628839946e-02 1.140227523791697032e-03 9.997856701745526653e-01 1.207466831825064535e+00
9.998886796044033076e-01 -1.050169886578416860e-02 1.060049362999298736e-02 7.404608694823563986e-02 1.053394556826971890e-02 9.999400107978886343e-01 -2.991953199116300591e-03 -1.256634365476079485e-02 -1.056843721640679350e-02 3.103258406928587846e-03 9.999393879248874573e-01 1.511600995393943991e+00
9.999269740114299365e-01 -1.207748209595618794e-02 3.465276505256937082e-04 5.041227374221430441e-02 1.207866986152473718e-02 9.999203869824037083e-01 -3.653466220710643517e-03 -2.438770679119989238e-02 -3.023626586791401780e-04 3.657385229117031747e-03 9.999932561860372937e-01 1.838630015671646634e+00
9.998132005897478747e-01 -1.074090434171566348e-02 -1.607050264833553149e-02 2.785677700933617690e-02 1.067779597927567999e-02 9.999349973320462714e-01 -4.007624998887108873e-03 -3.165348670586762281e-02 1.611249055663206003e-02 3.835324574007640663e-03 9.998628221664020987e-01 2.188827549530426353e+00
9.993759716123700176e-01 -6.478110159538150517e-03 -3.472516519053173156e-02 -2.744960279997397078e-03 6.359020096975446720e-03 9.999735001380776200e-01 -3.538409566361128741e-03 -3.578986406856229929e-02 3.474716947075527640e-02 3.315421642157123736e-03 9.993907244775799281e-01 2.520319899320826895e+00
9.984873714578337278e-01 -2.362304217686110423e-03 -5.493049925077721912e-02 -4.382340176979299118e-02 2.097943946334732915e-03 9.999859157735812021e-01 -4.868927387424002058e-03 -4.314483952617574614e-02 5.494123519722680926e-02 4.746288433951168818e-03 9.984782928161928250e-01 2.872166549725081452e+00
9.972885746211219704e-01 -1.392837513789420799e-03 -7.356366353747897935e-02 -9.382642653117391485e-02 1.022485401387490580e-03 9.999866180505943003e-01 -5.069846981336669292e-03 -3.997811197622955226e-02 7.356975188659391207e-02 4.980885597357983391e-03 9.972766447725895933e-01 3.235588889766205511e+00
9.953200101932633270e-01 -2.878559451555244737e-03 -9.659614354519266421e-02 -1.579329977360376391e-01 2.407202933606797986e-03 9.999846112005068566e-01 -4.995726556678584118e-03 -4.664300853995717588e-02 9.660904723860430643e-02 4.739853086475546810e-03 9.953116405653061882e-01 3.621360543506818797e+00
9.933145837339339979e-01 -4.710530031817047360e-03 -1.153378914506653918e-01 -2.121371854731293749e-01 4.260714866794226320e-03 9.999823077906999647e-01 -4.145132663002687630e-03 -5.886480446946658340e-02 1.153553830918830764e-01 3.626080495450037175e-03 9.933170973517091440e-01 4.008968995065196772e+00
9.910051209707422259e-01 -3.491518597514913294e-03 -1.338068059227733309e-01 -2.807358270429399227e-01 3.100255061513908228e-03 9.999902934816337075e-01 -3.133525866929179771e-03 -5.932178182827252400e-02 1.338164627682615626e-01 2.690510570195744910e-03 9.910063074066027822e-01 4.413866581920479426e+00
9.889181828409602248e-01 -2.883853295250746619e-03 -1.484715435303007314e-01 -3.706151088666767013e-01 2.493869003907208011e-03 9.999929183904108232e-01 -2.813071059631284607e-03 -6.592335224550001371e-02 1.484786189914659160e-01 2.411689414249800975e-03 9.889183550979749882e-01 4.817811866262473153e+00
9.868811501064771452e-01 -2.144498708356375183e-03 -1.614002982309729606e-01 -4.514187578591454808e-01 1.705671022478049553e-03 9.999944442460075855e-01 -2.858048974314064943e-03 -7.505708350081849445e-02 1.614055402915385018e-01 2.545173273073407169e-03 9.868793480646602667e-01 5.243890828789947278e+00
9.845133410974991062e-01 -3.500640465891619296e-03 -1.752491601635371710e-01 -5.453177354012694877e-01 2.829314767173846026e-03 9.999876720693694487e-01 -4.080165832609753025e-03 -7.618870291278255491e-02 1.752612827457088740e-01 3.521418825396414962e-03 9.845110684562090597e-01 5.672398448550158179e+00
9.828909127208815821e-01 -5.947587823755367577e-03 -1.841152326385712412e-01 -6.373187751535527301e-01 5.050295815586397681e-03 9.999729935912192724e-01 -5.342457108835641996e-03 -9.254702145079438114e-02 1.841420504482284004e-01 4.321319158620929440e-03 9.828944173573331833e-01 6.131906801896404247e+00
9.815269328885795064e-01 -4.892086411444501216e-03 -1.913089817418020255e-01 -7.299039901105396355e-01 3.710850151896580729e-03 9.999717407624516552e-01 -6.534100783478833177e-03 -9.834161061127622006e-02 1.913355697021445201e-01 5.703543063607917699e-03 9.815173595215765934e-01 6.603192596544269044e+00
9.799885877214827845e-01 -5.544164425241862419e-03 -1.989460923721282359e-01 -8.459196955357241032e-01 3.770534641073173578e-03 9.999496947602674046e-01 -9.293165716367767989e-03 -9.746009458251331248e-02 1.989876235279840755e-01 8.357008005341417384e-03 9.799602489551703099e-01 7.085625987952801630e+00
9.785535146718807864e-01 -6.197221458224347508e-03 -2.059184235744997149e-01 -9.557150265097533737e-01 3.813010789873616524e-03 9.999210473892969908e-01 -1.197172668233285019e-02 -1.099008171230583530e-01 2.059763662209320167e-01 1.093008045867870960e-02 9.784998251077067222e-01 7.567152711345686456e+00
9.763590502017953643e-01 -9.978940474377922740e-03 -2.158721589113353212e-01 -1.072347859908983958e+00 7.181294889558910433e-03 9.998798240180840624e-01 -1.373952499067953616e-02 -1.162597084223029875e-01 2.159832676983394484e-01 1.186458277884687613e-02 9.763133847484741779e-01 8.070209172946061216e+00
9.744322553295906575e-01 -1.576826061514850080e-02 -2.241597044013160789e-01 -1.191942801216768322e+00 1.272330799803329110e-02 9.998061482334221761e-01 -1.502385977443607828e-02 -1.301648062460143696e-01 2.243532099274334890e-01 1.178760162661838043e-02 9.744439046340090949e-01 8.581289998490795767e+00
9.729872768614066247e-01 -1.619793603933076045e-02 -2.302898311700830036e-01 -1.318358911455441262e+00 1.260366520215291594e-02 9.997748287565479952e-01 -1.706867466586294360e-02 -1.550429837136370614e-01 2.305145271620898106e-01 1.370461400370182915e-02 9.729723952670555898e-01 9.113918210573205059e+00
9.709466094359293642e-01 -1.249533652684056695e-02 -2.389784183920283245e-01 -1.477599840987378954e+00 7.691305819927893653e-03 9.997493278281034401e-01 -2.102966713697986337e-02 -1.567306677842061347e-01 2.391812717884484185e-01 1.858074126643870574e-02 9.707993024706170759e-01 9.641508789223784959e+00
9.688872262212339104e-01 -1.042037014660305953e-02 -2.472857825001339993e-01 -1.626130783064754448e+00 4.465852195265858360e-03 9.996866691459728171e-01 -2.462427526398584809e-02 -1.712808331981852672e-01 2.474648916526473175e-01 2.275429514140343140e-02 9.686303463854182283e-01 1.020108827394130024e+01
9.666562710138919545e-01 -1.205009100278681307e-02 -2.557234824209239643e-01 -1.782257953387743177e+00 5.426885097841889320e-03 9.996318411662166170e-01 -2.658803863843391471e-02 -1.943783166445388622e-01 2.559496370385977437e-01 2.431375035836487106e-02 9.663658513857180665e-01 1.076281387616101526e+01
9.643487657804499236e-01 -1.485375965099215365e-02 -2.641492924040372836e-01 -1.947652384892878397e+00 7.583553640289528684e-03 9.995645210846090256e-01 -2.851620208614146987e-02 -2.190315584165443141e-01 2.644578823219021491e-01 2.549561741625721786e-02 9.640416253206103292e-01 1.133362016223275859e+01
9.622980002255776544e-01 -1.509847653185070714e-02 -2.715928925919317560e-01 -2.124242706549761106e+00 6.989283019583520350e-03 9.995009830614476343e-01 -3.081109543803455669e-02 -2.412154824798120045e-01 2.719224831515419938e-01 2.775147853453343791e-02 9.619235222824329412e-01 1.191274312315578499e+01
9.598930585336613586e-01 -1.417022341994008533e-02 -2.799079561576801045e-01 -2.315297332377904027e+00 4.557528708840310160e-03 9.993785766244913660e-01 -3.496312703415668105e-02 -2.582575438097057807e-01 2.802292095668678651e-01 3.228562235461275576e-02 9.593611701892903465e-01 1.250374093782562923e+01
9.586220030479638554e-01 -1.548388203206339277e-02 -2.842548338058771829e-01 -2.498346859417513333e+00 4.445794510341580935e-03 9.992122165270002077e-01 -3.943326143106701265e-02 -2.851229307766952603e-01 2.846414438736106778e-01 3.653875141426425610e-02 9.579356554746273344e-01 1.311785654179076843e+01
9.562886027341334083e-01 -1.691465812297395302e-02 -2.919826924241045174e-01 -2.708131890046761470e+00 2.995561910983520273e-03 9.988399279308034506e-01 -4.806163181857906613e-02 -3.247457887236712692e-01 2.924568809920265466e-01 4.508694602914355837e-02 9.552299578947862635e-01 1.372504088405431766e+01
9.548207635035432794e-01 -1.771625836961168710e-02 -2.966505465111212159e-01 -2.911590504040240557e+00 1.224189625393912531e-03 9.984475325006989532e-01 -5.568244130787439877e-02 -3.586017162925193569e-01 2.971764397456599927e-01 5.280424522604972026e-02 9.533599550715026183e-01 1.435395841104160297e+01
9.539049482937859148e-01 -1.648812804252744457e-02 -2.997024434674255833e-01 -3.124246639337609377e+00 -2.915081638468654170e-03 9.979334054538595566e-01 -6.418134305627043457e-02 -4.067670750583482486e-01 3.001415268215715804e-01 6.209658068473201259e-02 9.518855418021289205e-01 1.498874358553464781e+01
9.525895355852234125e-01 -1.615414956006510500e-02 -3.038239764959132505e-01 -3.341815193318705468e+00 -6.721189303593358595e-03 9.972285961938217591e-01 -7.409023251119081777e-02 -4.483978034980350413e-01 3.041792672457654390e-01 7.261792007273674965e-02 9.498410846249164541e-01 1.563860789015529562e+01
9.514458222834260015e-01 -1.606348588654851403e-02 -3.072987038892318057e-01 -3.552239004232826236e+00 -9.285147310606194082e-03 9.966852579401811463e-01 -8.084386710229116146e-02 -5.044303374990732891e-01 3.075780623943918379e-01 7.977381638611255599e-02 9.481428903803361674e-01 1.629386582479970969e+01
9.496356847758842257e-01 -1.448093963914558885e-02 -3.130938967227792080e-01 -3.805392875895472926e+00 -1.357145547313650530e-02 9.960937293167139162e-01 -8.724205465033155193e-02 -5.650095504573372507e-01 3.131345009151292880e-01 8.709610537045082979e-02 9.457295740970993458e-01 1.696564522519457796e+01
9.480978386340037645e-01 -1.315824630210097636e-02 -3.176584990617919990e-01 -4.050798145745156731e+00 -1.767729124165551280e-02 9.954173000697685847e-01 -9.396490548398159226e-02 -6.358073574729160571e-01 3.174394923289782788e-01 9.470203683566638664e-02 9.435201715646300835e-01 1.764294901567264162e+01
9.468098664898112471e-01 -1.100988644178979743e-02 -3.216184936152229890e-01 -4.297485329869657811e+00 -2.213437261271886114e-02 9.948193576677420991e-01 -9.922675614845424819e-02 -7.108916553964407248e-01 3.210451522015449477e-01 1.010664866262231121e-01 9.416608282563873056e-01 1.834367947597372250e+01
9.456646725805752940e-01 -8.754688528163721145e-03 -3.250661648554604155e-01 -4.562522671998891610e+00 -2.587692329731445390e-02 9.944401348953096909e-01 -1.020814512928312212e-01 -7.845625409067668032e-01 3.241522770931389852e-01 1.049472836438739010e-01 9.401804555856387857e-01 1.903284641892809859e+01
9.439876446801809262e-01 -8.050492875370601764e-03 -3.299073003209647137e-01 -4.834619316181367310e+00 -2.782011897558430216e-02 9.942015419607739268e-01 -1.038666024196167742e-01 -8.646666159843491295e-01 3.288302907697153721e-01 1.072271526177057538e-01 9.382899026191467984e-01 1.976321509317635616e+01
9.412944735092894089e-01 -6.964128636541789749e-03 -3.375115924645656906e-01 -5.098625522033927382e+00 -2.927420922958997793e-02 9.943373042351463242e-01 -1.021666721565059333e-01 -9.541204167345106457e-01 3.363118463568391947e-01 1.060497742962242529e-01 9.357602935026655411e-01 2.047012868509333217e+01
9.391426849953292688e-01 -6.785299718916790526e-03 -3.435329738430752400e-01 -5.382174700650951493e+00 -2.977424055897585214e-02 9.944349026087030419e-01 -1.010513972253922060e-01 -1.036567754212980086e+00 3.423076700177382081e-01 1.051260426610555465e-01 9.337141013150355162e-01 2.120237179466399624e+01
9.368340806262097642e-01 -7.428034236549573358e-03 -3.496717960206763287e-01 -5.664906385775801745e+00 -2.909739001482955154e-02 9.946539915466471315e-01 -9.909321736049374330e-02 -1.121897948009706880e+00 3.485377412008167641e-01 1.030118954899588574e-01 9.316097147305246740e-01 2.195292337955870821e+01
9.340406584232976428e-01 -7.549139043122936495e-03 -3.571563948166782687e-01 -5.961931617408670725e+00 -2.860167524115496407e-02 9.949849658765246296e-01 -9.582148430336696887e-02 -1.206308802086069720e+00 3.560892961008209623e-01 9.971223797130664146e-02 9.291403550855541482e-01 2.268518286455111976e+01
9.291495765487428615e-01 -3.976184283622516760e-03 -3.696808617087913862e-01 -6.294491253110402695e+00 -3.158384366024629547e-02 9.954329631186710214e-01 -9.008513494680046862e-02 -1.287451707536354295e+00 3.683512189577925477e-01 9.537604156028645086e-02 9.247802509171505481e-01 2.345723811818801963e+01
9.264699637475806160e-01 -2.900834646294426535e-03 -3.763658593401432717e-01 -6.606431695473879095e+00 -3.145531156563585728e-02 9.958750004557377355e-01 -8.510733663083053235e-02 -1.369545581317181071e+00 3.750599018706536891e-01 9.068924996208696521e-02 9.225573127894798331e-01 2.420349541401170868e+01
9.234039669431497455e-01 1.204167904152418211e-03 -3.838560652134112572e-01 -6.939837087744405331e+00 -3.484999315546919579e-02 9.961277017277694323e-01 -8.071281109794119224e-02 -1.442322386709273818e+00 3.822729677500978918e-01 8.790499032537243962e-02 9.198702320973611846e-01 2.495427846655776705e+01
9.195884529908505689e-01 1.325187742372494664e-03 -3.929205559588787589e-01 -7.281715796709122834e+00 -3.515748976952968313e-02 9.962598632541111998e-01 -7.892509782782240746e-02 -1.518804394638204824e+00 3.913465981325854881e-01 8.639088079340254134e-02 9.161959275675995995e-01 2.573812721526827119e+01
9.158235066876597719e-01 1.565516225459384972e-03 -4.016775588368309835e-01 -7.622695176426746322e+00 -3.588750935257104674e-02 9.963104197718598565e-01 -7.794815412338609861e-02 -1.593361515854704757e+00 4.000741368435424272e-01 8.579627637415973562e-02 9.125007447517232695e-01 2.650129812406426311e+01
9.126167813531882445e-01 2.721326654800975634e-03 -4.087311655308639158e-01 -7.984984319765957572e+00 -3.762335983049000521e-02 9.962931801968712975e-01 -7.737915048847847366e-02 -1.661992867666473250e+00 4.070051606317366399e-01 8.600045382143424455e-02 9.093364626480914259e-01 2.727800091405886462e+01
9.088528759141377700e-01 3.181842356029728966e-03 -4.170999841369966710e-01 -8.370303783192449387e+00 -3.812045209230609938e-02 9.964197238832209758e-01 -7.545071028269320634e-02 -1.736530047153877598e+00 4.153664442347095864e-01 8.447353088812546706e-02 9.057204159687851641e-01 2.806789955497794509e+01
9.046083710621192209e-01 2.795094318124738061e-03 -4.262058396980309416e-01 -8.746146725814668343e+00 -3.734845035307850919e-02 9.966520189200670510e-01 -7.274672881805958891e-02 -1.805220658425579661e+00 4.245754710391173581e-01 8.172880113153098425e-02 9.016844490185159655e-01 2.887068877366339237e+01
9.015713821232594904e-01 3.190405810625447300e-03 -4.325419262505105222e-01 -9.145955116190798151e+00 -3.622452324464026097e-02 9.970179682499203944e-01 -6.814891228424715952e-02 -1.883095965114242709e+00 4.310343133985772845e-01 7.711461420589940663e-02 8.989986403876237819e-01 2.965792112047857998e+01
8.977514522587106693e-01 4.935569020635284174e-03 -4.405182344171089670e-01 -9.557970771415730482e+00 -3.621533883442217688e-02 9.973791910351487155e-01 -6.261281997443554626e-02 -1.942236067475107797e+00 4.390549615040985620e-01 7.215873032478087312e-02 8.955773025298103818e-01 3.047916827087653857e+01
8.944016912278714981e-01 4.385163223393627463e-03 -4.471824510382439444e-01 -9.970853807992796192e+00 -3.402001522012633450e-02 9.977219541594261054e-01 -5.825844364102692602e-02 -2.007708716796389847e+00 4.459078870551619889e-01 6.732511490210972560e-02 8.925138057845777295e-01 3.129659132234005625e+01
8.902415003619544853e-01 3.113653595286444784e-03 -4.555052391213305074e-01 -1.040608252177542603e+01 -3.263881811742003897e-02 9.978421283011865706e-01 -5.696295646757695841e-02 -2.076446057672440393e+00 4.543451459357296107e-01 6.557580773773656613e-02 8.884219012173830698e-01 3.210713597113841189e+01
8.875859380447872482e-01 4.128071867290784847e-03 -4.606821797991577094e-01 -1.084532665540163521e+01 -3.352311788861829511e-02 9.978873223799686887e-01 -5.563063688148157243e-02 -2.138830073858311476e+00 4.594796991703445355e-01 6.481274014258336935e-02 8.858489303368102252e-01 3.294208022555364579e+01
8.845763765391065903e-01 4.041497977274091311e-03 -4.663779811152216070e-01 -1.130353892514943581e+01 -3.266148049057443492e-02 9.980443427711999105e-01 -5.329880370727597266e-02 -2.189023482254611075e+00 4.652509042783580795e-01 6.237635078690970808e-02 8.829782334599268756e-01 3.378136399203741291e+01
8.812526628481890389e-01 2.105003214627627992e-03 -4.726293132957056775e-01 -1.176789446754292534e+01 -3.017391228816452067e-02 9.982008220696293455e-01 -5.181703512266323114e-02 -2.246856151444029948e+00 4.716698568617878062e-01 5.992581187021322336e-02 8.797305775631082403e-01 3.463364927216991163e+01
8.788089473453982725e-01 1.529764850662086425e-03 -4.771209331943790377e-01 -1.224357971399985523e+01 -2.986698373500998663e-02 9.982104964222482391e-01 -5.180372162236073635e-02 -2.311242162681791612e+00 4.761877999704999254e-01 5.977724157470334226e-02 8.772819254225697749e-01 3.549167095070098554e+01
8.775506413491195312e-01 9.697309134995023066e-04 -4.795372491794711589e-01 -1.272449081188771736e+01 -2.948936699765776839e-02 9.982141542461701045e-01 -5.194912125152419818e-02 -2.365829824353760547e+00 4.786308505526400414e-01 5.972521018294236345e-02 8.760118996561755411e-01 3.636307603614049810e+01
8.754838152763541048e-01 9.932767584084356300e-04 -4.832071257417808186e-01 -1.322249576184715458e+01 -3.005538823626207126e-02 9.981740273708482603e-01 -5.240810266801898543e-02 -2.422736877436671765e+00 4.822729682111997485e-01 6.040501265849956142e-02 8.739148177989649602e-01 3.721883775640291248e+01
8.758458305601567462e-01 1.633202866950314103e-03 -4.826216896837952630e-01 -1.372497033751630546e+01 -3.020723036236638848e-02 9.982189249521568053e-01 -5.145328373767543706e-02 -2.482865843407439765e+00 4.816780495977228682e-01 5.964571861984113710e-02 8.743352174033361957e-01 3.810762876736742299e+01
8.749583193740070319e-01 9.158883809107095601e-04 -4.841959166842515483e-01 -1.423281100144299849e+01 -2.843410364014093208e-02 9.983697369514860087e-01 -4.949189490284023468e-02 -2.542447383313559239e+00 4.833613579977705244e-01 5.707022036140053933e-02 8.735578990082167872e-01 3.900919617403582862e+01
8.749780859881649553e-01 -3.492557927256376583e-04 -4.842128649379145999e-01 -1.475155658657814151e+01 -2.678639195277230170e-02 9.984332856418575153e-01 -4.912533853664137473e-02 -2.602725049716924310e+00 4.834713355664806422e-01 5.595318855687087672e-02 8.735978461090830871e-01 3.993052348081772607e+01
8.752952720411751875e-01 -1.767767447966547270e-03 -4.835317854998295584e-01 -1.525387180516196217e+01 -2.554983554246012187e-02 9.984276707974374387e-01 -4.989884186246457132e-02 -2.663736683754414525e+00 4.828597681897983662e-01 5.603055599351876304e-02 8.738737978840438458e-01 4.086644628915388466e+01
8.738476652983342419e-01 -4.501720552616154079e-03 -4.862608797853548714e-01 -1.578562701717979166e+01 -2.311620326063123718e-02 9.984416744358919349e-01 -5.079652525246397543e-02 -2.727279970750246640e+00 4.857320656494300559e-01 5.562611618745810088e-02 8.723817069996303575e-01 4.178887364796453596e+01
8.726944249041194146e-01 -4.713951786722903915e-03 -4.882668161425390840e-01 -1.631911445606011313e+01 -2.187360215862810958e-02 9.985720818586272252e-01 -4.873269979190048007e-02 -2.785294854058667280e+00 4.877993948157505200e-01 5.320731080033324484e-02 8.713452590987648128e-01 4.271096070733956651e+01
8.697358363354936728e-01 -3.607690380155208296e-03 -4.934128517349385956e-01 -1.685561888624195959e+01 -2.123851618734886107e-02 9.987732361786644253e-01 -4.472357882483876668e-02 -2.850357912626750867e+00 4.929686194134023092e-01 4.937999413660199011e-02 8.685923035425133776e-01 4.365515988813766057e+01
8.676369468423056341e-01 -3.512880082815506965e-03 -4.973995939413476952e-01 -1.739458277557163868e+01 -1.895660498345342476e-02 9.990142730303700480e-01 -4.014008311597486861e-02 -2.912358979028488282e+00 4.970506697795399886e-01 4.425009445635090521e-02 8.667149715145012756e-01 4.459504741775336356e+01
8.639914915747799462e-01 -5.152430565978056466e-03 -5.036404287029363491e-01 -1.794294058250507717e+01 -1.601807716681364832e-02 9.991603214454075621e-01 -3.771016796260374254e-02 -2.964013834104064937e+00 5.034118027535068318e-01 4.064674944024032621e-02 8.631834144692840383e-01 4.549476547057943066e+01
8.580676376276922257e-01 -8.259716669725448990e-03 -5.134610596513164982e-01 -1.849786697557329518e+01 -1.443073217888963047e-02 9.990880571640424757e-01 -4.018817164907037554e-02 -3.027344020164740357e+00 5.133248303542549129e-01 4.189408925926692978e-02 8.571658589153882124e-01 4.641983094550197109e+01
8.539955792894133868e-01 -1.027509874187006525e-02 -5.201825412101037660e-01 -1.904114900457651416e+01 -1.414741537640974017e-02 9.989765518116040521e-01 -4.296444325400507885e-02 -3.089839535352632449e+00 5.200917647290360657e-01 4.405113411356900016e-02 8.529761621080589329e-01 4.733764952556735750e+01
8.478689445357777688e-01 -1.048546378899858737e-02 -5.301673706166587507e-01 -1.963742918327159259e+01 -1.409950924898180878e-02 9.990048351270257587e-01 -4.230885486440213311e-02 -3.140237980835259179e+00 5.300838650275815356e-01 4.334419809793562534e-02 8.468773766673054482e-01 4.825082575504844584e+01
8.417733901371147187e-01 -7.663453151623669107e-03 -5.398038057650291766e-01 -2.023502205060712811e+01 -1.463142690784727772e-02 9.992078626498409610e-01 -3.700928994164604663e-02 -3.198305354587479776e+00 5.396598671746659637e-01 3.905457168478807667e-02 8.409945887352614502e-01 4.915849722193254934e+01
8.380570664346158605e-01 -4.874432138065143243e-03 -5.455637016192332878e-01 -2.082826514934761875e+01 -1.591556028060492692e-02 9.993159995728303491e-01 -3.338010634874012672e-02 -3.256510738841423169e+00 5.453532346238787465e-01 3.666050082284962042e-02 8.374062299138799181e-01 5.007219105002785398e+01
8.330031245019922093e-01 -2.550568228489639988e-03 -5.531591114145301136e-01 -2.144530969807048493e+01 -1.933335205249508276e-02 9.992444133094914305e-01 -3.371668890083350661e-02 -3.302481408295327547e+00 5.528272156804262538e-01 3.878292734340867826e-02 8.323244626920566214e-01 5.095305544299284861e+01
8.300149501802031038e-01 -4.975519575788217748e-03 -5.575731191111352736e-01 -2.204766336464820853e+01 -1.948906660908954550e-02 9.990907586989060674e-01 -3.792606500818260923e-02 -3.358044707507583659e+00 5.572548065568020403e-01 4.235156989220448948e-02 8.291633388580127439e-01 5.183731056730997011e+01
8.272621864047731144e-01 -6.950157063492557775e-03 -5.616850827373142119e-01 -2.265139759513390061e+01 -2.236149598109034298e-02 9.987237127631803935e-01 -4.529130541493034401e-02 -3.419957723458689536e+00 5.612828099379668645e-01 5.003238167268708042e-02 8.260509465160983389e-01 5.272648360674899948e+01
8.242329373368545431e-01 -7.403547266179873187e-03 -5.662982573569093070e-01 -2.328848331011163353e+01 -2.275450144056504614e-02 9.986737462203595372e-01 -4.618700309366601670e-02 -3.476811488396571281e+00 5.658894011888779829e-01 5.095417750053690686e-02 8.229712141821965421e-01 5.361024816604319199e+01
8.226507402591345386e-01 -5.485297469202959561e-03 -5.686179363879992898e-01 -2.390779527023167361e+01 -2.276069934499690139e-02 9.988341808507146258e-01 -4.257273991797742158e-02 -3.535544530980429645e+00 5.681890738359539617e-01 4.795899719320498300e-02 8.215667031882467608e-01 5.448988837522153972e+01
8.181467331667906517e-01 -3.745506863504546088e-03 -5.749478332217389243e-01 -2.453631888957624696e+01 -2.109416896428346552e-02 9.991101507665194337e-01 -3.652763924443303695e-02 -3.593975824826922238e+00 5.745733266915802329e-01 4.201362704604343079e-02 8.173397022941070178e-01 5.538399632224098923e+01
8.147510439080475342e-01 -1.751038293062700743e-03 -5.796910028064623521e-01 -2.517446535404518215e+01 -2.176043550851608499e-02 9.991985502917465345e-01 -3.358882857970485469e-02 -3.649322689262176844e+00 5.792853089931248034e-01 3.998269833552621499e-02 8.140599039195602904e-01 5.625429320459734583e+01
8.122010384024497265e-01 -8.399395620460079837e-04 -5.834207502046323546e-01 -2.581670285260723929e+01 -2.365427498873403853e-02 9.991291355972121702e-01 -3.436788095542060717e-02 -3.700769861571803432e+00 5.829416740618810211e-01 4.171305001501018211e-02 8.114738716775233840e-01 5.712560637526753027e+01
8.084496772433180656e-01 -1.989659266502458081e-03 -5.886521495289152028e-01 -2.646616651762437300e+01 -2.297213252089414307e-02 9.991255623665600272e-01 -3.492268723216391396e-02 -3.747124255944213278e+00 5.882071937828204922e-01 4.175146449485016981e-02 8.076969247349098380e-01 5.800521481191024975e+01
8.046453959869918071e-01 -4.767802558375684903e-03 -5.936591588878779024e-01 -2.712086294444170420e+01 -2.286903496529479191e-02 9.989768076957833420e-01 -3.900862544329070786e-02 -3.805639875564695629e+00 5.932378406553621142e-01 4.496718410567228374e-02 8.037131849776562031e-01 5.886976839472431777e+01
8.006696993801326601e-01 -5.684041723984392322e-03 -5.989928775934419969e-01 -2.777552937175807912e+01 -2.193962467183513398e-02 9.990060155165696454e-01 -3.880363689203564920e-02 -3.862456453615599195e+00 5.986180925113711027e-01 4.421465195202629872e-02 7.997490645184286429e-01 5.973330821589870965e+01
7.957220216379440325e-01 -5.931773731924433815e-03 -6.057309359779464719e-01 -2.843120888446656735e+01 -2.100718634178511471e-02 9.990800596236738551e-01 -3.737472504761439607e-02 -3.915695026857139105e+00 6.053959286418861829e-01 4.245828628144490691e-02 7.948654178037815043e-01 6.059844654525840468e+01
7.918106477015038891e-01 -6.179264828843858415e-03 -6.109253059127386365e-01 -2.912029422596902251e+01 -2.043300183625191765e-02 9.991211024826780474e-01 -3.660231690165809126e-02 -3.967669452907089944e+00 6.106147313877678950e-01 4.146005461933589126e-02 7.909885159672466193e-01 6.146489249195450100e+01
7.868982813270687382e-01 -6.812315863338816446e-03 -6.169904727554157420e-01 -2.980870946268502664e+01 -2.049019847964027655e-02 9.990991837838658629e-01 -3.715718335364697616e-02 -4.032451102736601456e+00 6.166878433216814726e-01 4.188291706871663522e-02 7.860500068891875802e-01 6.233394373632558683e+01
7.811272867059373404e-01 -8.580728847271115386e-03 -6.242648099645373705e-01 -3.050125352048817007e+01 -1.945447645969282380e-02 9.990856047634455450e-01 -3.806784587771471634e-02 -4.083041944928949007e+00 6.240205049028598738e-01 4.188459536558663404e-02 7.802461858888632973e-01 6.318518851957394844e+01
7.772373803099157374e-01 -9.866451913825889999e-03 -6.292291454839513687e-01 -3.119940290021104445e+01 -1.870993125771973353e-02 9.990724523167604509e-01 -3.878325762554091227e-02 -4.143029306915067878e+00 6.290282118141735657e-01 4.191718543246478884e-02 7.763319763599877410e-01 6.403551744760819986e+01
7.701756418906918755e-01 -1.238793559549354606e-02 -6.375841911367232662e-01 -3.191156506050004893e+01 -1.741603466479243328e-02 9.990301469884640406e-01 -4.044205589109783894e-02 -4.197503724920759183e+00 6.374667764409842619e-01 4.225369456075611652e-02 7.692129809572700871e-01 6.488678190979810267e+01
7.655193125105758112e-01 -1.400784553223596157e-02 -6.432662451365485090e-01 -3.264821185379430801e+01 -1.609846748168781636e-02 9.990329784785444422e-01 -4.091128684701438034e-02 -4.259549656231410353e+00 6.432174508083875475e-01 4.167293408692639145e-02 7.645536107290197281e-01 6.573844460682761337e+01
7.587884264820051738e-01 -1.424283756664369155e-02 -6.510339890100952376e-01 -3.338270128480659338e+01 -1.642838866085749930e-02 9.990243841064587738e-01 -4.100822508905985209e-02 -4.316606595532566537e+00 6.509825262872604990e-01 4.181982551112226748e-02 7.578140967601691980e-01 6.656875986371284171e+01
7.521452089898681415e-01 -1.449865318563363023e-02 -6.589570515915594839e-01 -3.411273444993501869e+01 -1.551679317743110548e-02 9.990911906425442579e-01 -3.970225676351135657e-02 -4.371702659410344971e+00 6.589343602954704782e-01 4.007962125674392750e-02 7.512366566839636661e-01 6.740975208943272889e+01
7.467829740230415014e-01 -1.662058956889879424e-02 -6.648474133338317937e-01 -3.487335112485999389e+01 -1.296485515525086334e-02 9.991338723861123983e-01 -3.952986595374220063e-02 -4.427293140455023313e+00 6.649286440279522648e-01 3.814074809393497995e-02 7.459207147213700040e-01 6.825205966831677529e+01
7.399666016460377804e-01 -1.728915953198916639e-02 -6.724220599465461357e-01 -3.564532040959987569e+01 -1.302063797886385613e-02 9.991140835230277739e-01 -4.001597572104656497e-02 -4.489648540852363645e+00 6.725181177763893681e-01 3.836889466759196843e-02 7.390859546357748666e-01 6.907882699610779298e+01
7.337577323508374105e-01 -1.948297774835155982e-02 -6.790628757003861482e-01 -3.642099866997407531e+01 -1.210199739593655760e-02 9.990553061681137770e-01 -4.173231926936333408e-02 -4.552164354932651591e+00 6.792347047408765492e-01 3.883833804531145600e-02 7.328286388606570778e-01 6.990994554711377873e+01
7.291169922752427368e-01 -1.928289918058647204e-02 -6.842173422709538766e-01 -3.720043954191527291e+01 -1.219032979204839190e-02 9.990784373657695117e-01 -4.114682154262965658e-02 -4.608038695252779426e+00 6.843805904264601558e-01 3.833727894502447775e-02 7.282100311934910364e-01 7.072642543772835211e+01
7.237191722728446575e-01 -1.829356890679021547e-02 -6.898099540278251895e-01 -3.800602300306633197e+01 -1.271147971321540983e-02 9.991255577051505465e-01 -3.982900435593218769e-02 -4.668143710902744381e+00 6.899352934999853915e-01 3.759815259631055923e-02 7.228537100969257834e-01 7.154964626040427333e+01
7.189867646600270890e-01 -1.815094092391374495e-02 -6.948308412159966974e-01 -3.881382164376888966e+01 -1.393872539339705528e-02 9.990812075021907601e-01 -4.052799263386540340e-02 -4.732333116385687433e+00 6.949279164143923326e-01 3.882777434896209079e-02 7.180731611461932395e-01 7.237341889927044747e+01
7.131034879729071241e-01 -1.871944197210440031e-02 -7.007559851464567613e-01 -3.964750607054890708e+01 -1.362108479895489908e-02 9.990846749071404798e-01 -4.054139309095496774e-02 -4.782887011402573663e+00 7.008735196078401675e-01 3.845756098202052914e-02 7.121958350371279112e-01 7.319577520904445578e+01
7.084530201093558466e-01 -2.019422388740639562e-02 -7.055621302236970704e-01 -4.045873742065317913e+01 -1.489681370203034538e-02 9.989398882613769182e-01 -4.356453473201547105e-02 -4.850688135701433978e+00 7.056940839819328959e-01 4.137311540255613623e-02 7.074012386438854882e-01 7.398936729042601712e+01
7.044945321964295459e-01 -2.320230933296548587e-02 -7.092663182275587008e-01 -4.127061917290340887e+01 -1.394300938546213543e-02 9.988200583288295853e-01 -4.652069700574890804e-02 -4.935675093557829740e+00 7.095083337586662875e-01 4.267170512771454455e-02 7.033398269895422272e-01 7.480420820620430788e+01
6.990485922154844323e-01 -2.230373173677651505e-02 -7.145945152110992904e-01 -4.213788713365565286e+01 -1.570841584769885543e-02 9.987931811923428382e-01 -4.653063736648838100e-02 -4.980007807999845326e+00 7.147700462849035929e-01 4.375193011760877132e-02 6.978546877928869518e-01 7.563019413457313078e+01
6.933437672972899701e-01 -2.318804194922865353e-02 -7.201060223704424113e-01 -4.298938504513666459e+01 -1.396266298795570057e-02 9.988621361839457036e-01 -4.560006422661217612e-02 -5.050279716727509971e+00 7.203436937816504182e-01 4.167596415618284728e-02 6.922311211121177088e-01 7.642207090221342014e+01
6.885462870136361824e-01 -2.459076395479321830e-02 -7.248599543090165076e-01 -4.384138948483148113e+01 -1.143415977335609200e-02 9.989324466150824033e-01 -4.476084171262545430e-02 -5.133077685965893977e+00 7.251872347764547477e-01 3.910360475420545517e-02 6.875302666726428313e-01 7.722243454297564824e+01
6.827520519530085874e-01 -2.442403819467819925e-02 -7.302474608936544431e-01 -4.471933564376990944e+01 -1.176580044835299176e-02 9.989439507353438108e-01 -4.441582937260517283e-02 -5.188598630150679902e+00 7.305608758406597625e-01 3.892054795742400097e-02 6.817437956667502519e-01 7.805570315526099989e+01
6.784591994144912874e-01 -2.523773474944691897e-02 -7.340875118676066791e-01 -4.559427474656555290e+01 -1.104943164685130014e-02 9.989460800515697070e-01 -4.454135384895756278e-02 -5.255593200799967946e+00 7.344379021351356007e-01 3.833090988421245654e-02 6.774653379236182937e-01 7.884371447976374725e+01
6.737455887606289551e-01 -2.585389302055096303e-02 -7.385378667621984583e-01 -4.648611051571644026e+01 -1.044899181815936440e-02 9.989545543822433427e-01 -4.450866857908739038e-02 -5.321507938689912010e+00 7.389166083693924358e-01 3.770519486986281116e-02 6.727711793935964302e-01 7.962570330677350228e+01
6.701773031873680120e-01 -2.712421039818327731e-02 -7.417761115504023506e-01 -4.738641031915452828e+01 -8.390109307382898410e-03 9.989912305399049064e-01 -4.410526109603962741e-02 -5.385096045866775150e+00 7.422249208632982764e-01 3.577552142112788713e-02 6.692737918647683193e-01 8.043826252381170150e+01
6.683433517323478235e-01 -2.994693006281317835e-02 -7.431601172161113045e-01 -4.825593884060322125e+01 -5.507821895275705551e-03 9.989626037232803846e-01 -4.520554996177234691e-02 -5.455770617897516495e+00 7.437427710555447602e-01 3.430961964741563452e-02 6.674851088067619287e-01 8.123141145987500522e+01
6.612953737138347332e-01 -3.325963991355340016e-02 -7.492642384201604333e-01 -4.918102714755264060e+01 -3.422373070038244123e-03 9.988722475540476875e-01 -4.735099618130041849e-02 -5.520447176684608159e+00 7.499944638910428507e-01 3.387485429095219575e-02 6.604361070264902489e-01 8.203212034452906209e+01
6.577583868767613584e-01 -3.779733652921060671e-02 -7.523276007816843691e-01 -5.009584913125556227e+01 8.011246825344090459e-04 9.987748233349927895e-01 -4.947976653687068821e-02 -5.592683831398956862e+00 7.532761670204282112e-01 3.194610330994016034e-02 6.569826317491529455e-01 8.284217548609774440e+01
6.521390275374234768e-01 -4.234250903041765490e-02 -7.569999073756964458e-01 -5.100462883988028295e+01 7.139513486890003251e-03 9.987378194655366359e-01 -4.972949655157579002e-02 -5.674539327021203228e+00 7.581496647200869354e-01 2.703537063997514533e-02 6.516180365343324787e-01 8.360664811769927951e+01
6.434189537627622579e-01 -4.559700744575245074e-02 -7.641690635012409194e-01 -5.194506088548345701e+01 1.178931533208335720e-02 9.986961008415086161e-01 -4.965510264253711337e-02 -5.736928571671044530e+00 7.654379747350328334e-01 2.293296876174201818e-02 6.431178469689106114e-01 8.439633609919705748e+01
6.354946204724836178e-01 -4.686802972752947966e-02 -7.707236922230193965e-01 -5.288774389612893856e+01 1.461832233299030503e-02 9.987071817224514314e-01 -4.868569608095179441e-02 -5.823542271096567191e+00 7.720094047662732217e-01 1.967001316324537563e-02 6.353585348717156744e-01 8.516785497146591410e+01
6.252142612135155320e-01 -4.672614834331680067e-02 -7.790957509082516719e-01 -5.384665663167376692e+01 1.709448423721683305e-02 9.987865700573942407e-01 -4.617560690954309460e-02 -5.891297463687354075e+00 7.803085227020157832e-01 1.554928819278313286e-02 6.252543490879771682e-01 8.593471933299124998e+01
6.161127113590846305e-01 -4.663394744413843634e-02 -7.862676265322907643e-01 -5.483031670128841739e+01 1.690567334704465297e-02 9.987987065847496737e-01 -4.600112289334205157e-02 -5.964765353714520657e+00 7.874680190598644103e-01 1.505140445591802469e-02 6.161610078984509631e-01 8.668183897130853666e+01
6.083895719829823800e-01 -4.757961322647488722e-02 -7.921415505219980835e-01 -5.581210727166440932e+01 1.585042013554227927e-02 9.987307258580671032e-01 -4.781384034982207043e-02 -6.032370060616422336e+00 7.934107320101629890e-01 1.653491588004638718e-02 6.083714738569488967e-01 8.743617075317131082e+01
5.972171479749718292e-01 -5.032346690307879650e-02 -8.004641304008374147e-01 -5.680319847813535716e+01 1.757356024414325271e-02 9.986114663392950952e-01 -4.966018292383548444e-02 -6.108451152799990069e+00 8.018515965934347456e-01 1.559342644355402215e-02 5.972718977134737761e-01 8.816987304845628159e+01
5.875519992776933043e-01 -5.122544673442533392e-02 -8.075440977610688353e-01 -5.781079051139133185e+01 1.665610606614952721e-02 9.985484202857068947e-01 -5.121776698101603714e-02 -6.182418780655129176e+00 8.089958229317327776e-01 1.664027501873826045e-02 5.875522293623812731e-01 8.889536809390737915e+01
5.783521597342304865e-01 -5.231471019539909312e-02 -8.140039458313734766e-01 -5.882357800265430114e+01 2.024255559646663538e-02 9.985543093110890167e-01 -4.979989477081450677e-02 -6.258596332467169177e+00 8.154322270351052060e-01 1.232045646640101029e-02 5.785755847113945860e-01 8.961726514555742540e+01
5.666158060221179182e-01 -5.256658036399939476e-02 -8.222294675855501556e-01 -5.986740799971914839e+01 2.240629581882994451e-02 9.985773838010401082e-01 -4.839808894446445686e-02 -6.336030958428428228e+00 8.236028926506556713e-01 9.010281784073871994e-03 5.669868452911306367e-01 9.032365863015975549e+01
5.561747002229923131e-01 -5.227206492664487891e-02 -8.293854836153040644e-01 -6.091787912197895594e+01 2.166302651344600635e-02 9.985929858892873545e-01 -4.840784328876011899e-02 -6.412585236942137001e+00 8.307483759968323778e-01 8.960734030743820397e-03 5.565241396590523415e-01 9.101698613001919114e+01
5.471757648110913141e-01 -5.348435311310371226e-02 -8.352241424860935570e-01 -6.196238669774017893e+01 2.088711706780599017e-02 9.985185103406335472e-01 -5.024603439652625819e-02 -6.489878360622535425e+00 8.366736637982208347e-01 1.005215265222559815e-02 5.474816129097989093e-01 9.170379527323726165e+01
5.374242864479491510e-01 -5.391014900917891206e-02 -8.415894815981893595e-01 -6.303754973701843767e+01 1.990051527448418942e-02 9.984872689815087465e-01 -5.126718630736321058e-02 -6.570150998554928456e+00 8.430796927589815359e-01 1.080784201404580425e-02 5.376843856372843788e-01 9.238414854056270542e+01
5.291629698354647360e-01 -5.541074030449932852e-02 -8.467457561870045391e-01 -6.410937644119532308e+01 1.986862676525683741e-02 9.984010131411131805e-01 -5.291227713844256358e-02 -6.647784545784602095e+00 8.483243354659296687e-01 1.117213527732373660e-02 5.294179382194059702e-01 9.303643773945299245e+01
