1.0 0.0 0.0 0.0 0.0 1.0 0.0 0.0 0.0 0.0 1.0 0.0
0.9999281 0.011950755 0.0010025351 0.29248047 -0.01194837 0.99992585 -0.0023520628 -0.030029297 -0.0010305647 0.0023399165 0.9999967 -0.0018310547
0.9998189 0.018890047 0.0022494767 0.588501 -0.018879307 0.99981064 -0.0047013545 -0.03857422 -0.0023378956 0.00465801 0.9999864 -0.0030517578
0.9997845 0.020754348 0.00043506763 0.8894043 -0.020750403 0.99975526 -0.007671258 -0.03161621 -0.0005941841 0.0076605813 0.9999705 0.009277344
0.9997846 0.020731593 -0.000986998 1.2075195 -0.020738723 0.999754 -0.007862291 -0.056030273 0.00082372694 0.007881069 0.9999686 0.0061035156
0.9999386 0.01066116 -0.0030370082 1.5113525 -0.0106922975 0.9998885 -0.010427409 -0.07409668 0.002925527 0.010459228 0.999941 0.0012207031
0.99999315 0.00041009812 -0.0036771048 1.8383789 -0.00045445986 0.99992704 -0.012068113 -0.0546875 0.0036718876 0.012069702 0.9999204 0.010864258
0.99986386 -0.016011525 -0.0039838655 2.1885986 0.015967552 0.9998138 -0.010838662 -0.038208008 0.004156622 0.010773574 0.99993336 0.01586914
0.99939215 -0.034677405 -0.003603023 2.5202637 0.03465272 0.999377 -0.006701665 -0.014160156 0.0038331342 0.0065727234 0.99997103 0.018188477
0.9984791 -0.05488657 -0.0051830187 2.8723145 0.054873016 0.9984896 -0.0027215052 0.01977539 0.0053245947 0.0024329089 0.99998283 0.023071289
0.9972773 -0.073519245 -0.0055580633 3.236084 0.07350981 0.99729174 -0.0018820476 0.06298828 0.0056813858 0.001468189 0.9999828 0.017822266
0.99531347 -0.09655036 -0.0054925205 3.6225586 0.0965319 0.99532413 -0.003533286 0.11853027 0.0058079325 0.0029865229 0.99997866 0.022460938
0.9933207 -0.115292735 -0.0045201345 4.0109863 0.115267456 0.9933187 -0.0055048736 0.16552734 0.005124522 0.004946961 0.9999746 0.032836914
0.99100953 -0.133768 -0.003716007 4.416748 0.13375132 0.9910089 -0.004426 0.22729492 0.004274598 0.0038893952 0.9999833 0.03149414
0.9889214 -0.14843567 -0.0035406048 4.821533 0.14842169 0.98892206 -0.003930742 0.31152344 0.0040846886 0.0033618242 0.999986 0.036254883
0.9868819 -0.16136605 -0.0037636089 5.248413 0.1613541 0.98688555 -0.0032913683 0.38720703 0.0042455685 0.0026409312 0.9999875 0.04321289
0.9845153 -0.17520602 -0.0048385514 5.6777344 0.17518346 0.9845198 -0.0047544083 0.47558594 0.0055964645 0.0038331028 0.999977 0.041870117
0.9829017 -0.18406555 -0.005703998 6.1379395 0.18402292 0.9828993 -0.007270185 0.56347656 0.0069444627 0.006096343 0.9999573 0.055541992
0.98152345 -0.19125631 -0.00713328 6.609741 0.19121352 0.9815377 -0.006269729 0.65283203 0.008200481 0.004790375 0.9999549 0.05859375
0.97996706 -0.19888628 -0.009839531 7.0926514 0.19882376 0.98000425 -0.006978527 0.76538086 0.011030966 0.0048823645 0.9999272 0.05456543
0.97850734 -0.2058537 -0.0124607235 7.574707 0.20576993 0.9785742 -0.007683259 0.8718262 0.013774897 0.004953882 0.99989283 0.06384277
0.9763263 -0.2158308 -0.013468749 8.078613 0.21568422 0.9763833 -0.011544936 0.9838867 0.01564271 0.008366399 0.99984264 0.06726074
0.97446555 -0.22416513 -0.013458048 8.590576 0.22392318 0.9744588 -0.017402815 1.0992432 0.017015306 0.013945319 0.99975795 0.07836914
0.97299486 -0.2303115 -0.01541608 9.123901 0.23003373 0.9730184 -0.01787999 1.2224121 0.019118495 0.013850475 0.9997212 0.100097656
0.97081596 -0.23897032 -0.020341244 9.6521 0.23871422 0.97098756 -0.014240928 1.3780518 0.023154339 0.0089708455 0.9996917 0.0982666
0.96864337 -0.24724078 -0.02456399 10.212402 0.24700584 0.9689375 -0.012228133 1.5228271 0.026823508 0.0057764435 0.99962336 0.10913086
0.9663815 -0.25570634 -0.026180383 10.7751465 0.25541666 0.9667122 -0.013927065 1.6748047 0.028871149 0.0067713438 0.9995603 0.12915039
0.96406204 -0.2641907 -0.027421216 11.347046 0.26380822 0.9644102 -0.01680104 1.8359375 0.030885547 0.008961572 0.9994827 0.15075684
0.9619442 -0.2716406 -0.029724274 11.927124 0.2712314 0.96236634 -0.01710575 2.008789 0.033252496 0.008395489 0.99941194 0.1697998
0.9593795 -0.27992603 -0.03430772 12.519043 0.27951887 0.95997363 -0.016241292 2.1959229 0.0374827 0.0059916144 0.9992797 0.18310547
0.9579553 -0.28430432 -0.03859052 13.133789 0.28382128 0.95871425 -0.017583985 2.3760986 0.041995563 0.0058913846 0.9991003 0.20593262
0.95525 -0.29205942 -0.04718896 13.741821 0.29147068 0.9564043 -0.019064538 2.581787 0.05069822 0.004460209 0.99870414 0.24035645
0.95337933 -0.29672748 -0.05493599 14.371338 0.2960725 0.95495737 -0.01989054 2.7822266 0.05836261 0.002696808 0.99829155 0.26916504
0.95189995 -0.29964355 -0.064243555 15.006592 0.29906493 0.95406485 -0.01866805 2.9924316 0.066884436 -0.0014420347 0.9977591 0.31201172
0.9498517 -0.30361986 -0.07478791 15.656982 0.3031101 0.95277727 -0.01834598 3.2071533 0.07682784 -0.0052450267 0.99703026 0.34777832
0.94815105 -0.3069766 -0.08196338 16.312988 0.30653194 0.95165336 -0.018269248 3.414795 0.08361197 -0.007804146 0.99646956 0.39892578
0.94573224 -0.31250063 -0.08931559 16.98584 0.31228673 0.9498646 -0.016720392 3.6644287 0.09006058 -0.012075924 0.9958621 0.45495605
0.9435176 -0.3167697 -0.096943706 17.664185 0.31680685 0.94834876 -0.015419997 3.9066162 0.09682237 -0.016173067 0.9951689 0.5209961
0.9416518 -0.3203519 -0.10332499 18.365967 0.32073933 0.94707876 -0.013291005 4.1502686 0.10211599 -0.020621927 0.99455947 0.5916748
0.94016546 -0.32345137 -0.107219495 19.056274 0.3241791 0.94594496 -0.011057128 4.4124756 0.10499869 -0.02435569 0.99417484 0.6619873
0.93827206 -0.3281231 -0.10952502 19.788086 0.32901055 0.9442777 -0.010391623 4.6810303 0.10682992 -0.02628337 0.9939293 0.7388916
0.9357394 -0.3356236 -0.108388685 20.496948 0.33663473 0.94158745 -0.009379538 4.9405518 0.10520592 -0.027708558 0.9940652 0.826416
0.9336921 -0.34163007 -0.107499056 21.230957 0.3426656 0.93943834 -0.0092595555 5.220093 0.10415215 -0.028185744 0.99416125 0.9067383
0.93158865 -0.3478729 -0.10542125 21.983398 0.34881517 0.9371298 -0.009966333 5.498657 0.10225974 -0.027485233 0.99437934 0.9901123
0.92911947 -0.35544813 -0.10216457 22.717773 0.35632414 0.9343337 -0.01016725 5.7911377 0.09906744 -0.02695968 0.9947128 1.0732422
0.924751 -0.36776486 -0.09788956 23.492676 0.36891603 0.9294377 -0.0067267055 6.117676 0.09345799 -0.029894745 0.9951741 1.1539307
0.92252624 -0.37451103 -0.09323766 24.241089 0.37564668 0.92674863 -0.005728637 6.425415 0.08855176 -0.029738707 0.9956274 1.2353516
0.91982937 -0.381769 -0.090485014 24.994019 0.38319764 0.9236766 -0.0017042975 6.7546387 0.08423071 -0.033105247 0.9958959 1.307373
0.91615343 -0.39085677 -0.08901913 25.780273 0.39227635 0.91986287 -0.0016766293 7.0914307 0.08254016 -0.03338239 0.99602795 1.3820801
0.912456 -0.39959368 -0.088470116 26.545776 0.40104198 0.91610205 -0.0015248773 7.42749 0.08165671 -0.03408472 0.99607664 1.4547119
0.90928704 -0.4065342 -0.08870761 27.324585 0.40810707 0.9129 -0.00044011557 7.7855225 0.08116178 -0.035800233 0.9960594 1.5213623
0.90566856 -0.414911 -0.08722296 28.116943 0.41649348 0.9091366 -6.8029854e-05 8.166016 0.07932416 -0.03627088 0.99618787 1.5944824
0.90163285 -0.4241372 -0.084525496 28.922363 0.42561746 0.90488946 -0.0005549509 8.536743 0.07672267 -0.035470247 0.9964225 1.6618652
0.89894706 -0.43062633 -0.079942904 29.712036 0.4319919 0.9018407 -0.00023677759 8.932373 0.07219791 -0.03432343 0.99680024 1.7393799
0.89552206 -0.4386873 -0.075023994 30.535889 0.44002268 0.898007 0.0014136382 9.339844 0.06675087 -0.03428578 0.9971789 1.7983398
0.8924615 -0.4455652 -0.070224576 31.355835 0.44671723 0.89464456 0.000781266 9.748413 0.062476404 -0.032067806 0.9975314 1.8632812
0.8883725 -0.45400745 -0.06851827 32.169067 0.45504138 0.890484 -0.00058185234 10.178711 0.061277755 -0.030663991 0.9976491 1.9306641
0.885796 -0.4591539 -0.067777745 33.006104 0.46023506 0.88782746 0.00037578837 10.614258 0.060002565 -0.0315343 0.9976987 1.9915771
0.882926 -0.4649392 -0.06536841 33.847656 0.4659483 0.884812 0.00022223563 11.0686035 0.057737887 -0.030656481 0.99786097 2.0407715
0.87968445 -0.4713617 -0.06295108 34.702393 0.4721983 0.8814844 -0.0017872876 11.528687 0.056333046 -0.028152615 0.9980152 2.09729
0.8772367 -0.47587872 -0.06282402 35.5625 0.47668594 0.87904304 -0.0024116298 12.000732 0.056372367 -0.027836114 0.9980216 2.159912
0.875968 -0.47831964 -0.06278443 36.435547 0.47909728 0.87778634 -0.0029975472 12.47876 0.056546137 -0.02745308 0.9980224 2.2126465
0.8738696 -0.48195982 -0.06348018 37.293213 0.48276338 0.87572396 -0.0030128201 12.973511 0.057046942 -0.02801263 0.9979791 2.2678223
0.87428874 -0.48137212 -0.06271737 38.183228 0.48218971 0.876082 -0.0023680127 13.474121 0.056084767 -0.028164038 0.99802923 2.326538
0.87351525 -0.4830648 -0.060150765 39.086548 0.4837747 0.87518626 -0.0031086921 13.979248 0.054145366 -0.026384791 0.99818444 2.3850098
0.8735599 -0.4831731 -0.0590368 40.009277 0.4837863 0.87520313 -0.004376329 14.495728 0.053782076 -0.02473606 0.9982462 2.4436035
0.8738402 -0.48255283 -0.059113663 40.94641 0.48308992 0.8755219 -0.0057876026 14.995972 0.05455044 -0.023502285 0.9982346 2.5023193
0.87235636 -0.48541242 -0.058727607 41.870728 0.4857939 0.8740771 -0.0085516125 15.524414 0.055484153 -0.021063438 0.9982376 2.5638428
0.87132215 -0.4874913 -0.056318313 42.794678 0.48781464 0.87291574 -0.008791715 16.055054 0.053446393 -0.019814013 0.99837387 2.6208496
0.8685681 -0.49268746 -0.05251151 43.741455 0.49299926 0.8699434 -0.0077515026 16.587646 0.049499232 -0.019163549 0.9985899 2.6854248
0.8666943 -0.49679628 -0.047400653 44.683716 0.4970227 0.8678257 -0.0077110254 17.123047 0.04496594 -0.016865678 0.99884623 2.7471924
0.86317027 -0.5031674 -0.043827757 45.58618 0.50327164 0.86417025 -0.009428229 17.667114 0.042615518 -0.01391202 0.9989947 2.7982178
0.85716075 -0.5130597 -0.04512208 46.514526 0.5130515 0.8582592 -0.01264373 18.216309 0.04521378 -0.012312015 0.9989016 2.8591309
0.85297513 -0.51980704 -0.04731086 47.434937 0.51973724 0.85420144 -0.014730369 18.755005 0.048070908 -0.0120217465 0.9987717 2.9190674
0.8468769 -0.52980435 -0.046645083 48.351562 0.5297251 0.8480765 -0.015056301 19.345825 0.047535524 -0.011957402 0.9987977 2.9685059
0.840988 -0.5394185 -0.04238801 49.26294 0.5394212 0.8419628 -0.012355694 19.938232 0.04235237 -0.012468308 0.99902505 3.0272217
0.8373919 -0.5451396 -0.040010743 50.179443 0.54522765 0.8382345 -0.00963947 20.527588 0.038791455 -0.013739723 0.9991529 3.0854492
0.832299 -0.5526185 -0.042156592 51.063232 0.55283487 0.8331894 -0.007401085 21.140259 0.0392155 -0.01714976 0.9990836 3.1304932
0.8291421 -0.557018 -0.04574581 51.949707 0.55719924 0.83022225 -0.009870584 21.738892 0.043479327 -0.017307216 0.9989047 3.1837158
0.82602787 -0.5610021 -0.0534448 52.84082 0.56123954 0.8275085 -0.011876476 22.33899 0.050889798 -0.020186072 0.99850047 3.2421875
0.8229481 -0.5656036 -0.05438488 53.72705 0.5658423 0.82448626 -0.012381978 22.972412 0.051841494 -0.02057481 0.99844354 3.2980957
0.8215397 -0.5679277 -0.05139459 54.608887 0.5682029 0.82288873 -0.010498556 23.58899 0.048256285 -0.020573573 0.9986232 3.3572998
0.8173122 -0.5743494 -0.045468323 55.506348 0.5745916 0.8183577 -0.0088495845 24.213379 0.04229473 -0.018893179 0.9989267 3.4169922
0.8140267 -0.5790822 -0.043449868 56.379395 0.5793707 0.8149515 -0.0069178613 24.848022 0.039414942 -0.019551614 0.9990313 3.4727783
0.81143475 -0.5827368 -0.045191657 57.25293 0.58309984 0.8124094 -0.006047703 25.48706 0.04023688 -0.02144312 0.9989599 3.5234375
0.80766124 -0.58799744 -0.045250133 58.135254 0.5883189 0.8086621 -0.00726135 26.13269 0.04085943 -0.020758012 0.9989488 3.5690918
0.8036832 -0.5930011 -0.048486583 59.00244 0.5932749 0.80487967 -0.010095124 26.783447 0.045010414 -0.020659117 0.9987725 3.6258545
0.79972273 -0.59838134 -0.047753192 59.868896 0.5986038 0.8009042 -0.011079527 27.434204 0.044875916 -0.019726692 0.99879783 3.682373
0.79484135 -0.60516727 -0.046019755 60.737305 0.605351 0.7959514 -0.011414647 28.085571 0.043535143 -0.018788148 0.9988747 3.7357178
0.79096603 -0.61039037 -0.045038626 61.60669 0.6105494 0.7920377 -0.011729485 28.770874 0.042831022 -0.018210547 0.9989165 3.7878418
0.78602856 -0.6164603 -0.045479693 62.479004 0.61660546 0.78713125 -0.012440371 29.455078 0.043466426 -0.018268734 0.99888766 3.852295
0.78023076 -0.6237861 -0.045506153 63.33374 0.62386036 0.78136665 -0.014302149 30.143066 0.044474952 -0.017233461 0.9988617 3.902588
0.77632105 -0.6287886 -0.045556158 64.18701 0.62881017 0.77748144 -0.015651101 30.837402 0.045256883 -0.016488947 0.9988393 3.9624023
0.76921076 -0.63721585 -0.045919407 65.04224 0.6371348 0.7704302 -0.018282423 31.544556 0.04703098 -0.0151998345 0.9987778 4.0164795
0.76455826 -0.6429626 -0.045357738 65.89722 0.642802 0.76577675 -0.01997764 32.2771 0.047578484 -0.013883334 0.9987709 4.0787354
0.7578187 -0.6507285 -0.045523975 66.731445 0.6505667 0.75905085 -0.02031679 33.006958 0.047780965 -0.014217189 0.99875736 4.1362305
0.7512443 -0.6586885 -0.04380524 67.576416 0.6584977 0.75240284 -0.02068123 33.7323 0.04658356 -0.013305692 0.9988259 4.1921387
0.74593985 -0.66468185 -0.041883852 68.42236 0.66437495 0.7470377 -0.02288835 34.48877 0.04649789 -0.010758091 0.99886 4.248413
0.739107 -0.67226976 -0.042130187 69.253174 0.6719406 0.74022764 -0.023660237 35.256104 0.04708899 -0.010820246 0.998832 4.3114014
0.7328579 -0.6789765 -0.0426176 70.088135 0.6785528 0.7340296 -0.025945544 36.027344 0.048900463 -0.009910651 0.9987542 4.3741455
0.72823894 -0.684127 -0.04212754 70.90796 0.6837127 0.72938824 -0.025817372 36.8031 0.04838642 -0.010002103 0.9987783 4.4311523
0.7228792 -0.68969107 -0.04139631 71.73486 0.6893217 0.7239869 -0.024909586 37.60486 0.047147807 -0.01052869 0.99883235 4.492798
0.7180954 -0.69468164 -0.04263517 72.56201 0.6943375 0.7192635 -0.024834923 38.408936 0.047915645 -0.011762551 0.9987822 4.5578613
0.7122208 -0.70062816 -0.042275783 73.38818 0.7002582 0.71338266 -0.025489863 39.238647 0.048015412 -0.011453766 0.99878055 4.609741
0.707427 -0.70543325 -0.045202725 74.18506 0.70503026 0.70875466 -0.027026441 40.046143 0.051104836 -0.012739933 0.99861246 4.6778564
0.7033763 -0.70923066 -0.04651204 75.003174 0.70869094 0.7048132 -0.03008674 40.85437 0.054117817 -0.011797607 0.99846494 4.7630615
0.69788456 -0.71449506 -0.0475976 75.83276 0.7140244 0.69937444 -0.029264344 41.718018 0.054202847 -0.013572521 0.99843746 4.80896
0.69226855 -0.72007424 -0.045531288 76.62866 0.7195369 0.6936632 -0.030234694 42.56555 0.053356726 -0.0118354345 0.9985053 4.8812256
0.687579 -0.72492224 -0.04296964 77.43286 0.72428775 0.68885714 -0.03171215 43.413696 0.052591283 -0.009313209 0.9985729 4.9659424
0.6817917 -0.73029953 -0.04279198 78.27002 0.7296785 0.6830646 -0.031627428 44.28784 0.05232664 -0.0096561145 0.9985835 5.0231934
0.677518 -0.7341767 -0.04220734 79.06152 0.7335118 0.67877287 -0.032501627 45.159424 0.05251208 -0.008949403 0.99857974 5.092041
0.67282784 -0.7386566 -0.04158837 79.84717 0.7379579 0.67405975 -0.033185765 46.04773 0.052546766 -0.008357874 0.99858373 5.160034
0.6693404 -0.7419672 -0.039664812 80.663086 0.7411906 0.6704855 -0.03450962 46.944824 0.052196044 -0.006305841 0.99861646 5.225708
0.66756815 -0.74347824 -0.038204975 81.458984 0.74254715 0.66865146 -0.037358373 47.811646 0.053323947 -0.0034302277 0.99857146 5.2978516
0.6605359 -0.7497199 -0.037781615 82.26416 0.7486118 0.6616141 -0.04076718 48.73242 0.055567164 -0.0013640942 0.99845374 5.3640137
0.6571084 -0.7529899 -0.03586598 83.07764 0.75162804 0.65808034 -0.04535567 49.6438 0.05774972 0.0028491663 0.9983271 5.437622
0.65177715 -0.75786227 -0.03096846 83.846436 0.7562677 0.65244734 -0.049984932 50.548584 0.05808291 0.009173748 0.9982704 5.5217285
0.6433032 -0.7651539 -0.026876036 84.64136 0.76341504 0.6437169 -0.053363193 51.484375 0.05812936 0.013801073 0.9982128 5.586548
0.6355591 -0.7717336 -0.023618056 85.41797 0.7699681 0.6357806 -0.0547466 52.422607 0.057268213 0.016610539 0.9982207 5.6760254
0.6254659 -0.7800502 -0.019497972 86.190674 0.7783599 0.6254797 -0.054750137 53.37671 0.054896157 0.019061603 0.99830955 5.7473145
0.6163751 -0.78721505 -0.018998591 86.943115 0.7855329 0.6163795 -0.054778703 54.355957 0.05483808 0.01884617 0.99831784 5.8238525
0.60858786 -0.79315263 -0.020481681 87.70215 0.79138553 0.6086731 -0.05582115 55.33374 0.056746054 0.017764602 0.9982308 5.893799
0.5975066 -0.80159014 -0.019542148 88.441895 0.7996743 0.59750986 -0.058709413 56.319824 0.058733452 0.019450203 0.99808407 5.972412
0.5877905 -0.8087319 -0.020585643 89.17285 0.8067351 0.5878601 -0.05973248 57.322998 0.060408805 0.018499015 0.99800205 6.0491943
0.5788331 -0.81518036 -0.016261542 89.90039 0.813198 0.57864076 -0.06094574 58.331543 0.05910769 0.022055607 0.9980082 6.1292725
0.56725734 -0.8233641 -0.01294245 90.61328 0.82143176 0.5668897 -0.061351772 59.370605 0.057851344 0.024180157 0.998033 6.2109375
0.5567955 -0.8305149 -0.012882021 91.3125 0.8285887 0.5564529 -0.061187897 60.416748 0.05798526 0.02339904 0.9980435 6.291382
0.547758 -0.8364365 -0.013965311 92.00464 0.83440405 0.5474707 -0.06250766 61.457275 0.05992699 0.022586452 0.9979472 6.3719482
0.5379628 -0.84284294 -0.014710113 92.690674 0.84075767 0.5377313 -0.063051455 62.52832 0.06106079 0.02156134 0.99790186 6.4560547
0.5297048 -0.848085 -0.015066449 93.348145 0.8458903 0.529483 -0.06465041 63.596436 0.06280017 0.021494735 0.9977941 6.5374756
0.5178356 -0.85527766 -0.015464019 93.99805 0.85310465 0.5176806 -0.064138316 64.68994 0.06285202 0.020009998 0.9978214 6.624634
0.50879717 -0.8606966 -0.015165184 94.654785 0.8586653 0.50868714 -0.061918344 65.78052 0.061019372 0.01847863 0.99796546 6.7055664
0.50311106 -0.8639655 -0.013359821 95.29419 0.86206234 0.5029353 -0.06033398 66.881836 0.05886049 0.018841427 0.9980888 6.7946777
0.49437475 -0.8693109 -0.01241754 95.91504 0.8674138 0.4941606 -0.060495794 67.99951 0.058714285 0.019131158 0.9980909 6.872925
0.48846897 -0.8726812 -0.0119674625 96.56714 0.87064683 0.48819318 -0.06291814 69.12988 0.06073339 0.020314109 0.99794704 6.9622803
0.4817779 -0.87629545 -0.010624502 97.16699 0.87399644 0.4813322 -0.06756269 70.22778 0.064324476 0.023272667 0.9976582 7.0491943
0.47380888 -0.88063055 -0.009955568 97.77319 0.87821096 0.4732939 -0.06958446 71.38306 0.065984994 0.024223829 0.9975262 7.133423
0.46899286 -0.8831085 -0.010017451 98.358154 0.88039935 0.4683911 -0.07376462 72.49072 0.06984114 0.025770264 0.9972248 7.22937
0.46353507 -0.8859593 -0.0076886998 98.97754 0.88326335 0.46277046 -0.07441453 73.64551 0.069493026 0.027701806 0.9971977 7.333496
0.45946822 -0.88811386 -0.003082886 99.56323 0.88567585 0.45845938 -0.07251839 74.79639 0.06582842 0.03057612 0.9973614 7.425049
0.45686594 -0.889593 0.0023957333 100.13599 0.88735825 0.45552462 -0.07212664 75.90283 0.06305133 0.035077292 0.9973935 7.522217
0.4529191 -0.89155793 0.00422014 100.718506 0.88949835 0.4515397 -0.070240825 77.03516 0.06071959 0.03557309 0.9975211 7.617798
0.45016336 -0.89298743 0.005515051 101.29541 0.89101875 0.44874266 -0.069419384 78.17993 0.05951003 0.03615661 0.9975721 7.710205
0.44847265 -0.89390415 0.009175459 101.8584 0.89206666 0.4468379 -0.06948105 79.31592 0.058001652 0.03933224 0.99754053 7.79895
0.44599628 -0.89495057 0.011410186 102.42041 0.8932636 0.4442842 -0.06833818 80.42749 0.056097757 0.040669665 0.99759644 7.885742
0.44451576 -0.8956432 0.013540256 102.97412 0.8940095 0.44266152 -0.06894062 81.536865 0.055761788 0.04276804 0.99752873 7.967407
0.44248053 -0.8966915 0.015476361 103.5332 0.8950929 0.44048706 -0.06974791 82.646484 0.05572362 0.044725522 0.99744487 8.05188
0.4400125 -0.89763564 0.019681068 104.08423 0.8962902 0.4378495 -0.06856324 83.754395 0.052938074 0.047820754 0.9974528 8.137207
0.4375033 -0.8988178 0.023271382 104.61743 0.8976429 0.43515563 -0.06857325 84.84546 0.05151635 0.050902337 0.99737483 8.21106
0.43751627 -0.8989665 0.024992209 105.12866 0.89781666 0.4350163 -0.06977476 85.91943 0.05186292 0.052948207 0.9972484 8.294067
0.43494368 -0.9000346 0.025317162 105.643555 0.8988517 0.43238586 -0.070640996 87.0083 0.052619357 0.053493105 0.997182 8.371094
0.4359752 -0.8997086 0.025561687 106.15991 0.8984707 0.4333302 -0.07197011 88.071045 0.05366278 0.05434864 0.9970797 8.453369
0.43594754 -0.8997553 0.023933139 106.66016 0.8984081 0.43336868 -0.07236985 89.11792 0.05474132 0.053057373 0.99709064 8.533447
0.4374456 -0.8991249 0.021179048 107.156494 0.8977052 0.43507767 -0.071174376 90.17139 0.05477201 0.050150767 0.99723905 8.608643
0.4414609 -0.8971555 0.018079044 107.658936 0.8955048 0.43918374 -0.072751865 91.200195 0.057306636 0.048302002 0.9971873 8.688843
0.44782218 -0.89388406 0.016083155 108.14917 0.8921369 0.44563264 -0.07303378 92.22046 0.05813581 0.047050707 0.9971989 8.76709
0.45390835 -0.8908825 0.014955305 108.660645 0.8891416 0.4518078 -0.07227606 93.237305 0.0576461 0.046101633 0.9972717 8.840942
0.458958 -0.888327 0.014012225 109.16455 0.88664436 0.4569734 -0.07072389 94.24048 0.05641624 0.044883996 0.99739796 8.922241
0.4677548 -0.88376564 0.013057681 109.67871 0.88210803 0.46584454 -0.069859706 95.2417 0.055667207 0.044198565 0.9974707 8.98938
0.4796826 -0.8774095 0.012071454 110.21533 0.8757449 0.477814 -0.069641486 96.22803 0.055352926 0.043964908 0.9974974 9.066895
0.48484078 -0.8744457 0.009605757 110.74878 0.87277967 0.48317033 -0.06799173 97.19971 0.054808088 0.041359916 0.99764067 9.133667
0.49682578 -0.8679153 0.009310279 111.29419 0.8661795 0.49508655 -0.0694444 98.17041 0.055651266 0.04257331 0.9975429 9.208252
0.50593 -0.86260295 0.0061283247 111.84424 0.86063224 0.5042666 -0.07152167 99.11499 0.058587156 0.04145871 0.9974212 9.278931
0.5166248 -0.8562055 0.00141887 112.40259 0.8541486 0.5152681 -0.07015425 100.05664 0.059322707 0.03745386 0.997536 9.349243
0.53079045 -0.8476424 -0.0021724487 112.97632 0.84560895 0.5296912 -0.06791619 101.0166 0.058711264 0.03420814 0.9976885 9.426514
0.5420522 -0.84031034 -0.0025146566 113.552 0.8383911 0.5410108 -0.066003315 101.92847 0.05682871 0.033677068 0.9978164 9.501831
0.5566495 -0.8306848 -0.0014617331 114.15747 0.82893467 0.55559003 -0.063923486 102.84863 0.05390542 0.03436563 0.99795425 9.570801
0.5659236 -0.8244042 -0.003674212 114.761475 0.822571 0.5649509 -0.06429595 103.73901 0.055082336 0.033374395 0.99792475 9.644409
0.57719517 -0.8165207 -0.0040818043 115.37158 0.8147698 0.57627124 -0.062747985 104.62891 0.053601544 0.032887053 0.9980205 9.705933
0.5904566 -0.80701643 -0.005117785 116.0 0.8051751 0.58951706 -0.064069 105.48364 0.054708906 0.033701997 0.997933 9.772705
0.6005062 -0.7995533 -0.0042916755 116.63843 0.7975468 0.59936213 -0.0677908 106.33447 0.056784276 0.03729479 0.9976902 9.845459
0.6104301 -0.7921412 -0.0056849434 117.27246 0.79019475 0.60940385 -0.06605196 107.174805 0.055787258 0.03582914 0.9977996 9.921875
0.6224202 -0.7827221 -0.00508621 117.92676 0.78092235 0.6214052 -0.064058185 107.977295 0.053290557 0.03590347 0.9979337 9.987549
0.6313352 -0.77541655 -0.003382925 118.55835 0.77380246 0.6302916 -0.06187839 108.78882 0.050117757 0.036443055 0.9980778 10.055786
0.6425618 -0.76632255 -0.0033384606 119.2168 0.7648112 0.6415567 -0.06012594 109.58618 0.04821232 0.036078077 0.99818504 10.116699
0.65231645 -0.7579827 -0.006187465 119.87134 0.75641423 0.65145284 -0.059488032 110.351074 0.049119677 0.0341199 0.9982094 10.179565
0.6609081 -0.75049794 -0.009352962 120.52173 0.74886173 0.6602025 -0.05892697 111.124756 0.05039166 0.031931486 0.9982181 10.242676
0.67105657 -0.7412375 -0.010452134 121.18921 0.73967725 0.67044693 -0.05690341 111.87378 0.049191758 0.03045039 0.9983249 10.303345
0.6803332 -0.73284173 -0.009443258 121.86548 0.73138434 0.6796963 -0.055565696 112.605225 0.047148723 0.030893797 0.99840975 10.362305
0.6887048 -0.72494924 -0.008252933 122.539795 0.72362226 0.6880558 -0.05370479 113.31958 0.04461149 0.031015499 0.99852294 10.413696
0.6977027 -0.7163646 -0.0078069414 123.21582 0.71509224 0.6970403 -0.052959226 114.013916 0.043389004 0.03136936 0.99856555 10.478882
0.70521176 -0.70903164 -0.009285207 123.88501 0.7077895 0.7046493 -0.051377207 114.71631 0.042958617 0.029659819 0.9986365 10.525757
0.713754 -0.70034564 -0.009792712 124.582275 0.69913435 0.7132252 -0.05045197 115.39136 0.042317268 0.029161032 0.9986784 10.581055
0.7200359 -0.69395447 -0.009118417 125.25781 0.6928671 0.71953875 -0.04802265 116.04077 0.039883785 0.028259415 0.9988045 10.628662
0.7260767 -0.68759376 -0.007912399 125.92163 0.686655 0.72560465 -0.04513946 116.71289 0.036778823 0.02734332 0.99894935 10.678711
0.7354039 -0.6777085 -0.0072776144 126.619385 0.67683727 0.7349305 -0.04391583 117.33447 0.035106424 0.02736714 0.9990086 10.722778
0.7410527 -0.6713767 -0.007722709 127.27075 0.6705451 0.74062485 -0.042537607 117.940186 0.03427653 0.026336314 0.99906504 10.77832
0.74922985 -0.6623351 -0.008922059 127.95557 0.6615584 0.74889225 -0.040163416 118.55493 0.033282477 0.024187613 0.99915314 10.811157
0.7583547 -0.65177095 -0.0075359186 128.6394 0.6511416 0.7580462 -0.036666907 119.153076 0.029612819 0.02290139 0.9992992 10.852051
0.767463 -0.6412052 -0.006202571 129.2998 0.6406908 0.7671739 -0.033777803 119.711914 0.026415784 0.021952502 0.9994101 10.89209
0.77799517 -0.6281836 -0.0068543293 129.98633 0.6277462 0.77778494 -0.03038572 120.27954 0.024420189 0.019339077 0.9995149 10.934082
0.7868203 -0.6172336 -0.008281205 130.65161 0.616763 0.7866326 -0.030720705 120.8186 0.02547862 0.019064862 0.99949354 10.963501
0.7976415 -0.6031063 -0.009467737 131.3352 0.60260034 0.7974646 -0.03133613 121.33716 0.026445203 0.019286972 0.99946415 10.991333
0.80789036 -0.5891803 -0.010681795 132.01733 0.58867645 0.8077525 -0.030505477 121.85742 0.02659927 0.018354705 0.9994777 11.022339
0.8164438 -0.57727396 -0.009707175 132.71338 0.57685167 0.81631815 -0.02804624 122.3479 0.024117207 0.017295334 0.9995595 11.053711
0.82797396 -0.56070334 -0.008097301 133.43604 0.560362 0.82784235 -0.025800642 122.82373 0.021172129 0.016825385 0.9996344 11.08728
0.83564925 -0.5492183 -0.00579626 134.11914 0.54892945 0.8354766 -0.025284404 123.30957 0.018730387 0.017947204 0.9996635 11.11499
0.84410447 -0.53616095 -0.0032475067 134.84717 0.53594995 0.84391516 -0.023589896 123.754395 0.01538594 0.018172324 0.9997166 11.137085
0.8531221 -0.5218199 -0.0008518221 135.57324 0.52167475 0.85292125 -0.02225074 124.21655 0.012333091 0.018539064 0.9997521 11.1571045
0.86018735 -0.51000756 0.0009036721 136.29419 0.50989026 0.8599485 -0.02304521 124.636475 0.010976205 0.020283991 0.999734 11.178223
0.86581284 -0.5003185 0.0019275742 137.02515 0.5002295 0.86557186 -0.022582587 125.07568 0.00963211 0.02051568 0.999743 11.197998
0.8721871 -0.48906732 0.0022425074 137.79785 0.48899716 0.871963 -0.021546869 125.50391 0.008584275 0.019890258 0.9997653 11.213989
0.8786446 -0.47749445 0.0021413416 138.52588 0.47743934 0.8784543 -0.019787375 125.9082 0.007566629 0.018408513 0.9998019 11.227783
0.8848773 -0.46582127 0.002580192 139.2959 0.46578255 0.88469875 -0.018940587 126.32471 0.006538526 0.017961819 0.9998173 11.243774
0.89082986 -0.45428827 0.002360689 140.06055 0.45424965 0.8906572 -0.018665154 126.72266 0.006376609 0.01769999 0.999823 11.253906
0.89517415 -0.44573453 0.001649823 140.81445 0.4456768 0.89498496 -0.019826833 127.095215 0.0073589254 0.018483737 0.99980205 11.270386
0.89959925 -0.4367106 0.002632446 141.6062 0.43666843 0.8993884 -0.020572502 127.48804 0.0066149742 0.019656735 0.99978495 11.285278
0.90226257 -0.4311011 0.0031553875 142.37402 0.43107376 0.90205866 -0.020027863 127.87305 0.005789859 0.019430626 0.9997945 11.290527
0.90547174 -0.42439616 0.0062664095 143.19385 0.4244377 0.9052933 -0.01807459 128.24683 0.0019999575 0.019024542 0.99981695 11.29895
0.9085637 -0.4175774 0.009069615 144.02759 0.41767165 0.9084375 -0.015250256 128.61426 -0.0018698745 0.017644733 0.99984264 11.304932
0.91000146 -0.41447997 0.01113827 144.8186 0.414601 0.9099258 -0.012703891 129.04028 -0.0048698457 0.016177895 0.9998573 11.309814
0.9141789 -0.4051584 0.01241689 145.68994 0.4052805 0.91415775 -0.009672143 129.38452 -0.007432292 0.013873112 0.99987614 11.310791
0.9165138 -0.39979866 0.014322622 146.52222 0.39993453 0.916529 -0.008267453 129.77344 -0.009823043 0.013304541 0.99986327 11.306763
0.92089945 -0.38939705 0.01691029 147.42383 0.3895463 0.92096823 -0.0065421294 130.12842 -0.013027495 0.012612698 0.99983567 11.297241
0.9234161 -0.3832546 0.018944854 148.32886 0.3834272 0.92351663 -0.006378686 130.57129 -0.015050679 0.013155847 0.9998002 11.2960205
0.92693156 -0.37470448 0.020206716 149.19116 0.3748995 0.9270483 -0.006782715 130.86304 -0.01619106 0.013864368 0.99977285 11.289917
0.92969185 -0.36775848 0.020900803 150.13501 0.36798316 0.9298032 -0.008034052 131.25122 -0.016479295 0.015159916 0.99974936 11.263794
0.9334318 -0.35816354 0.02145267 151.07837 0.35843652 0.9335146 -0.010500358 131.6018 -0.01626675 0.017489051 0.99971485 11.265869
0.93730575 -0.34782225 0.020627305 152.0122 0.3480992 0.9373565 -0.011728527 131.9375 -0.015254303 0.018173968 0.99971855 11.247437
0.9410317 -0.33770457 0.019207152 152.98145 0.33797404 0.94104046 -0.013046955 132.30981 -0.013667071 0.018770225 0.99973047 11.240112
0.94609463 -0.32344007 0.017152365 153.95435 0.32364985 0.9461115 -0.011258303 132.63037 -0.012586722 0.016203063 0.99978954 11.2248535
0.95156467 -0.3069166 0.018084306 154.91748 0.30708158 0.95165676 -0.0071221516 132.97314 -0.015024394 0.012331476 0.9998112 11.217651
0.9575491 -0.28765103 0.019642986 155.97778 0.2877825 0.95770204 -0.004172151 133.29004 -0.017612608 0.009647127 0.9997984 11.200684
0.962897 -0.26895466 0.021216316 156.97632 0.2690332 0.9631083 -0.00088517333 133.5935 -0.02019551 0.0065608495 0.9997745 11.181763
0.9683039 -0.24885586 0.021682128 158.05444 0.24890712 0.9685334 0.00034120737 133.84521 -0.021084761 0.005065437 0.99976486 11.166626
0.9740752 -0.22510675 0.02265139 159.1499 0.2251087 0.9743348 0.0024967312 134.12866 -0.022631936 0.0026663756 0.99974024 11.15271
0.9787328 -0.20353729 0.025843967 160.229 0.20352595 0.9790715 0.0030960024 134.36719 -0.025933057 0.00222976 0.99966097 11.128052
0.98297817 -0.18131913 0.029850524 161.30127 0.18121642 0.98343104 0.006132136 134.55688 -0.030467581 -0.0006193961 0.9995355 11.104004
0.9866796 -0.15909013 0.03396366 162.47559 0.15893126 0.98726195 0.0073459065 134.7605 -0.034699477 -0.0018512956 0.9993962 11.084839
0.99015105 -0.13500607 0.036947016 163.6062 0.13477153 0.9908337 0.008777994 134.93066 -0.037793428 -0.0037092788 0.9992782 11.046143
0.9927641 -0.11397579 0.037860136 164.7461 0.11367271 0.9934693 0.010069126 135.0857 -0.03876043 -0.005693755 0.9992325 11.007446
0.99499565 -0.092993274 0.036607 165.89648 0.092660874 0.9956421 0.010680527 135.1853 -0.037440397 -0.0072363545 0.99927294 10.969482
0.99688363 -0.070526116 0.03534712 167.11328 0.07018108 0.99747497 0.010908125 135.29224 -0.036027137 -0.0083932355 0.9993154 10.932129
0.9980001 -0.050095946 0.03856515 168.26294 0.04975373 0.998714 0.009785543 135.35913 -0.039005615 -0.007847639 0.99920833 10.893433
0.99875504 -0.03055015 0.039443877 169.51001 0.030204698 0.99950016 0.009326484 135.39404 -0.039709102 -0.008123692 0.9991786 10.850952
0.9991094 -0.00964711 0.041090205 170.7124 0.009238966 0.99990606 0.010113748 135.43457 -0.04118392 -0.009725194 0.9991046 10.8133545
0.9990675 0.007521217 0.042516746 171.96411 -0.00800964 0.99990374 0.011328136 135.43652 -0.04242745 -0.01165807 0.9990316 10.760376
0.9986063 0.03050219 0.04307358 173.20044 -0.030996485 0.99946046 0.0108579425 135.39893 -0.042719193 -0.0121778585 0.9990131 10.714722
0.99783754 0.049882494 0.04279009 174.3916 -0.050458744 0.9986479 0.0124899475 135.36353 -0.042109106 -0.014622527 0.9990057 10.670898
0.9967083 0.06947502 0.0417794 175.68652 -0.07011475 0.99744 0.014043398 135.29639 -0.04069671 -0.016926654 0.999028 10.61731
0.99504197 0.09068573 0.04078868 176.99585 -0.09134968 0.9957081 0.014721348 135.19385 -0.039278824 -0.018375318 0.99905944 10.58252
0.9930989 0.110665984 0.03883827 178.27246 -0.1114212 0.9936137 0.01784737 135.08667 -0.03661561 -0.02205167 0.999086 10.535767
0.9912742 0.12623717 0.037918255 179.5669 -0.12696208 0.9917546 0.01735461 134.90869 -0.035414718 -0.022017026 0.9991303 10.490845
0.98846316 0.1475813 0.03414345 180.85474 -0.14821678 0.9888137 0.016884198 134.72998 -0.031270422 -0.021749891 0.99927425 10.453369
0.9854399 0.16739397 0.029697243 182.23877 -0.16799599 0.9856005 0.01907361 134.51855 -0.02607682 -0.023785673 0.99937695 10.414307
0.982624 0.1842166 0.022906512 183.48169 -0.18468714 0.9825898 0.020457044 134.31567 -0.018740168 -0.024332253 0.99952835 10.394287
0.9798513 0.19873291 0.02007365 184.78784 -0.19915217 0.9797327 0.021645216 134.07617 -0.015365957 -0.02520574 0.99956435 10.372681
0.97591466 0.2175566 0.016581181 186.14526 -0.21793418 0.9756237 0.026037639 133.7815 -0.010512868 -0.029023336 0.99952346 10.35376
0.9710794 0.2382771 0.014845647 187.5227 -0.23861417 0.9707039 0.028083306 133.4624 -0.0077196043 -0.030813312 0.99949557 10.345459
0.9677012 0.2515844 0.014947183 188.84619 -0.25191152 0.9673543 0.027013816 133.1394 -0.0076616257 -0.0299079 0.9995234 10.345459
0.96232146 0.2715831 0.014771338 190.20044 -0.27189237 0.96198946 0.026248783 132.75659 -0.007082903 -0.029274771 0.9995464 10.334717
0.9569524 0.29007134 0.011134101 191.54297 -0.29026932 0.9565955 0.02630076 132.37256 -0.0030215755 -0.028399944 0.99959195 10.341797
0.95275515 0.3036586 0.008056276 192.86182 -0.30376405 0.952335 0.028308216 131.99414 0.00092286034 -0.029417714 0.99956685 10.349243
0.9468834 0.32146585 0.0074936473 194.17822 -0.321544 0.9464233 0.029606821 131.56445 0.0024278103 -0.030443557 0.9995334 10.341309
0.9394384 0.3426239 0.008204554 195.61377 -0.34270886 0.93892217 0.03129189 131.02954 0.0030160164 -0.03220891 0.99947685 10.363281
0.9338812 0.35744098 0.008138673 196.95166 -0.35749853 0.933228 0.03528399 130.5857 0.005017169 -0.035861913 0.9993443 10.3671875
0.92705554 0.374887 0.005410057 198.25244 -0.3748285 0.9263889 0.03617482 130.05908 0.008547991 -0.03556379 0.99933106 10.389282
0.91944754 0.39319766 0.0032956651 199.64062 -0.39305034 0.91879857 0.03632666 129.46973 0.011255201 -0.034695353 0.9993346 10.408569
0.9118492 0.41052854 -0.0010568697 201.0044 -0.41020548 0.9112282 0.03739368 128.89478 0.016314257 -0.03366262 0.9993 10.432495
0.9030365 0.42953807 -0.0042173774 202.3064 -0.42900813 0.90233195 0.041775562 128.29419 0.02174673 -0.035917327 0.99911845 10.466919
0.8935313 0.44897065 -0.0061134025 203.62524 -0.44828054 0.8927693 0.04492474 127.65381 0.025625626 -0.037402745 0.9989718 10.515381
0.8813122 0.47257555 -0.0058327634 204.92896 -0.47182363 0.8804884 0.04685607 126.998535 0.027273715 -0.038542643 0.9988847 10.550537
0.8682891 0.49603975 -0.005688058 206.219 -0.49514768 0.86731386 0.05108587 126.27466 0.03026915 -0.041538335 0.9986784 10.603149
0.8532257 0.5214275 -0.0044320463 207.54932 -0.52043 0.85206234 0.055165827 125.507324 0.032545503 -0.044764765 0.9984675 10.661743
0.8384424 0.5448756 -0.004115438 208.81396 -0.5437385 0.83713573 0.05869517 124.73633 0.03542937 -0.046977352 0.9982679 10.720947
0.8255559 0.56435287 -0.0042480603 210.08643 -0.56313413 0.8242252 0.059899975 123.93677 0.037298992 -0.047053304 0.9981954 10.787109
0.80646 0.59133327 -0.003971071 211.32178 -0.59002906 0.8050933 0.061308138 123.05615 0.039447114 -0.047098637 0.9981109 10.852783
0.79027736 0.6127729 -0.0061278027 212.54321 -0.61123043 0.78892505 0.063733645 122.156006 0.043879874 -0.046624817 0.9979487 10.926025
0.7770037 0.62950855 -0.009368142 213.7649 -0.6276776 0.7757279 0.06611617 121.22998 0.048876617 -0.04549172 0.99776834 11.006836
0.75659597 0.65388405 -0.011559978 214.95312 -0.65182775 0.75541615 0.06783654 120.19971 0.053083945 -0.043789487 0.9976293 11.097778
0.7406506 0.67177284 -0.012023201 216.1001 -0.66958404 0.7394799 0.06937599 119.27002 0.05549729 -0.043326695 0.9975178 11.182861
0.73122555 0.68204844 -0.013146422 217.25952 -0.6798022 0.7301522 0.06929192 118.30176 0.056852665 -0.041736886 0.9975104 11.273071
0.70836776 0.70584 -0.014106195 218.33887 -0.70348513 0.70740134 0.06989463 117.12402 0.059303075 -0.039588653 0.99745464 11.3845215
0.69398504 0.7199084 -0.015482934 219.43188 -0.7174501 0.69313025 0.070412904 116.06079 0.061418455 -0.03775174 0.9973972 11.47876
0.67845786 0.73444176 -0.017200448 220.49365 -0.7318221 0.6777159 0.07169871 115.00293 0.064328484 -0.03606268 0.9972774 11.577026
0.66407496 0.7475272 -0.019697081 221.49243 -0.7446311 0.6634609 0.074317485 113.86963 0.06861701 -0.034682516 0.9970395 11.696167
0.6451879 0.7637628 -0.02008419 222.59839 -0.76068425 0.64459884 0.07651871 112.69507 0.07139439 -0.03409618 0.9968657 11.812988
0.63046795 0.775989 -0.020087238 223.56494 -0.7728863 0.6299324 0.07672474 111.5188 0.07217505 -0.032856163 0.99685127 11.930908
0.6144879 0.7888164 -0.017340185 224.52466 -0.78570396 0.6137755 0.077950805 110.33447 0.07212567 -0.034288593 0.996807 12.047974
0.5980406 0.8013971 -0.012965215 225.51147 -0.79839975 0.59707004 0.0782515 109.08838 0.07044669 -0.03644431 0.9968493 12.1813965
0.57904816 0.8152588 -0.0072950097 226.40479 -0.8123852 0.5777148 0.07917921 107.857666 0.06878629 -0.03992248 0.99683213 12.298828
0.5633442 0.8261752 -0.004701679 227.27734 -0.82329947 0.5618403 0.08035816 106.64551 0.06903931 -0.04139974 0.99675465 12.4210205
0.5417444 0.8404039 -0.002047707 228.16064 -0.8373591 0.53998584 0.08375185 105.40967 0.07151187 -0.04365428 0.9964837 12.561035
0.5255728 0.8506956 0.0007056119 228.9353 -0.847502 0.5235276 0.08700991 104.13989 0.07364971 -0.04633086 0.9962076 12.683716
0.5038934 0.8637316 0.003565358 229.72412 -0.860646 0.5017373 0.08661449 102.90381 0.073017314 -0.046699934 0.9962356 12.81189
0.48203442 0.8760802 0.007307572 230.47266 -0.8732078 0.47974274 0.08532174 101.612305 0.071257256 -0.047496933 0.9963254 12.94458
0.46423885 0.88569486 0.010619735 231.15918 -0.88307667 0.46186754 0.08331035 100.33423 0.06887462 -0.048056107 0.99646753 13.065063
0.4417879 0.8969216 0.013935251 231.81982 -0.8945446 0.43935597 0.08121584 99.02222 0.06672395 -0.048345365 0.99659944 13.186523
0.41748396 0.90857816 0.015965084 232.47559 -0.9062903 0.41502267 0.08036481 97.74097 0.06635868 -0.048013527 0.99663967 13.30896
0.4017681 0.915534 0.017888544 233.03394 -0.91335595 0.39925995 0.07945923 96.487305 0.06560153 -0.04826742 0.9966782 13.424927
0.37934217 0.9250818 0.018286388 233.60425 -0.92291224 0.37689787 0.07868127 95.14917 0.06589384 -0.046710603 0.99673176 13.535767
0.354822 0.9348188 0.016586652 234.1394 -0.93254393 0.35257104 0.07820091 93.85596 0.06725203 -0.043216027 0.9967997 13.649048
0.3343191 0.9422285 0.016395697 234.59326 -0.93989074 0.3321275 0.07829085 92.64307 0.06833155 -0.041583356 0.9967955 13.759766
0.31133252 0.95019335 0.015882755 235.06982 -0.9479995 0.30935782 0.075111695 91.249756 0.06646047 -0.038442146 0.99704826 13.880005
0.29364702 0.95577925 0.014713944 235.4668 -0.95352185 0.29179984 0.07489023 90.00635 0.067292035 -0.036031295 0.9970831 13.984741
0.27400532 0.9615602 0.017038668 235.85767 -0.9590132 0.2718677 0.07968236 88.73657 0.071986 -0.03817612 0.99667495 14.097168
0.25047043 0.96804535 0.01826417 236.22754 -0.96484476 0.2479812 0.08808295 87.4436 0.08072861 -0.03966699 0.99594533 14.210815
0.23561552 0.97158825 0.021113962 236.55444 -0.9678552 0.2326396 0.09528986 86.19287 0.08767027 -0.042890716 0.9952259 14.337524
0.21525031 0.976144 0.025235254 236.85547 -0.9721044 0.21177492 0.099985436 84.94946 0.092246205 -0.046082277 0.9946711 14.469482
0.19302638 0.98078394 0.029387379 237.14624 -0.97685486 0.18925579 0.09997107 83.681885 0.09251022 -0.048003018 0.99455434 14.603149
0.17536175 0.983829 0.034406696 237.40332 -0.9800748 0.17119472 0.10003484 82.44458 0.092513874 -0.051293444 0.99439126 14.731689
0.15448089 0.9872939 0.038541365 237.61792 -0.9837948 0.15008563 0.098593384 81.18115 0.09153809 -0.053138044 0.99438196 14.865601
0.140181 0.98932904 0.04001445 237.80786 -0.9859073 0.13573699 0.097891964 79.94824 0.091420196 -0.05315532 0.9943914 15.001953
