1 0 0 0 0 1 0 0 0 0 1 0
0.99993979 -0.0024325638 0.010700742 0.01015247 0.0024198046 0.99999635 0.001205161 -0.0094441021 -0.010703635 -0.0011791948 0.99994202 0.28486657
0.99983872 -0.0044428181 0.017400911 0.019648854 0.0044199757 0.99998932 0.0013509668 -0.01275363 -0.017406729 -0.0012738373 0.99984768 0.57780352
0.99978391 -0.0070923078 0.019540553 0.024188101 0.0070942903 0.99997483 -3.2112853e-05 -0.017472729 -0.019539836 0.0001707323 0.99980906 0.8798409
0.99981149 -0.0087083629 0.017353651 0.031531349 0.0087342882 0.99996085 -0.0014186703 -0.021124446 -0.017340619 0.0015699747 0.99984841 1.1796938
0.99987788 -0.011219011 0.010879115 0.023092162 0.011252201 0.99993221 -0.0029942985 -0.023439743 -0.010844786 0.003116347 0.99993634 1.503932
0.99992188 -0.012431409 -0.0012990467 0.018724545 0.012425438 0.99991264 -0.0045077845 -0.034387632 0.0013549714 0.0044912912 0.999989 1.8174324
0.99978899 -0.01180147 -0.01681393 -0.0034855975 0.011723664 0.99992014 -0.0047185954 -0.040341051 0.016868275 0.004520479 0.9998475 2.1449747
0.99930373 -0.0080591244 -0.036429594 -0.039712621 0.0078768875 0.99995575 -0.0051432181 -0.044526378 0.036469435 0.0048526852 0.99932299 2.488291
0.99844228 -0.0040750277 -0.055645432 -0.089998637 0.0037310347 0.99997329 -0.0062843669 -0.051241706 0.05566956 0.0060669626 0.99843082 2.8585944
0.99721463 -0.0033419116 -0.074510465 -0.1336651 0.0028452649 0.99997303 -0.0067706172 -0.055538751 0.074531088 0.0065397566 0.99719725 3.2151077
0.99528589 -0.004472518 -0.096881378 -0.18626769 0.0039123334 0.99997452 -0.0059713649 -0.060481726 0.096905625 0.0055641829 0.99527802 3.5862413
0.9932511 -0.0058075191 -0.11583836 -0.24799224 0.0052446477 0.99997292 -0.0051633158 -0.073108453 0.11586522 0.0045209377 0.99325466 3.9781697
0.99111881 -0.0049387121 -0.13288758 -0.31887993 0.0043574979 0.99997963 -0.0046641952 -0.078067889 0.13290792 0.0040437142 0.99112014 4.3719865
0.98880222 -0.0039015301 -0.14918091 -0.39767498 0.0033474102 0.99998654 -0.0039653276 -0.087604784 0.14919438 0.003421555 0.98880197 4.7873811
0.98667498 -0.003004997 -0.16267593 -0.47573459 0.0023958549 0.99998937 -0.0039405656 -0.093748271 0.16268606 0.0034983095 0.98667168 5.1939629
0.98452169 -0.0045433573 -0.17520385 -0.5665181 0.0037311742 0.99998071 -0.0049647772 -0.10083991 0.17522304 0.0042342148 0.98451966 5.6314829
0.98285724 -0.0074827639 -0.18421634 -0.66109593 0.0063165675 0.99995613 -0.0069166065 -0.11401369 0.18426003 0.0056344218 0.98286138 6.0912411
0.98119239 -0.0067800148 -0.19291322 -0.75678106 0.0052099275 0.99994906 -0.0086449672 -0.12200793 0.19296203 0.0074773122 0.98117774 6.5265384
0.97976577 -0.0064107209 -0.20004482 -0.86942955 0.0043407331 0.99993242 -0.010784515 -0.1263083 0.20010045 0.0096979575 0.97972739 7.0172402
0.97808842 -0.0074808808 -0.20805546 -0.97288615 0.0047952146 0.99989859 -0.013409783 -0.13599805 0.20813469 0.012118283 0.9780251 7.4834759
0.97618929 -0.01131437 -0.21662513 -1.0902144 0.0082542708 0.99985303 -0.015025849 -0.14741957 0.21676332 0.012879991 0.97613922 7.9837245
0.97440263 -0.016626128 -0.22419429 -1.2135776 0.013340774 0.9997804 -0.016160952 -0.16377192 0.22441377 0.012756349 0.97441046 8.5080209
0.97257828 -0.017779996 -0.23189513 -1.3347124 0.013899027 0.99973484 -0.01835912 -0.19031386 0.23216009 0.014632565 0.97256752 9.0188647
0.97043602 -0.014399888 -0.24092854 -1.4918697 0.0090979143 0.99969166 -0.02310438 -0.19490693 0.24118697 0.020229376 0.97026781 9.5491959
0.96831851 -0.011265442 -0.2494641 -1.6483111 0.0048688901 0.99964372 -0.026243422 -0.21087639 0.24967089 0.024197378 0.96802838 10.08287
0.96600464 -0.013722026 -0.25816029 -1.8079946 0.0066997512 0.99958375 -0.028061342 -0.23290157 0.25843791 0.025377778 0.96569448 10.646956
0.9636025 -0.015685883 -0.26687855 -1.9714688 0.0080124402 0.99952325 -0.0298173 -0.26314723 0.26721905 0.026593677 0.96326879 11.209604
0.96150099 -0.015551758 -0.27436103 -2.1457521 0.0069764991 0.99945698 -0.032203561 -0.28495439 0.27471289 0.029049676 0.96108738 11.778274
0.95904906 -0.014866917 -0.28284954 -2.3313315 0.0048859594 0.99934129 -0.035959928 -0.30898127 0.28319786 0.033105345 0.95848997 12.366584
0.95683087 -0.015837018 -0.29021349 -2.5227303 0.004113675 0.99915227 -0.040961229 -0.34114498 0.2906162 0.037999125 0.95608488 12.94091
0.95509554 -0.016852422 -0.29581835 -2.7201474 0.0027129688 0.99883675 -0.04814331 -0.37948416 0.29628559 0.045178915 0.95403025 13.569129
0.95352932 -0.017097342 -0.30081475 -2.9303034 0.00010317663 0.99840716 -0.056419196 -0.4157839 0.30130025 0.053766321 0.95201226 14.172763
0.95228688 -0.017388543 -0.30470861 -3.1363828 -0.002539471 0.9978897 -0.064882157 -0.45996651 0.30519382 0.062560226 0.95023311 14.78833
0.95101907 -0.016650569 -0.30868345 -3.3545106 -0.0065620765 0.99723602 -0.074008523 -0.50857977 0.30906256 0.072409122 0.94828121 15.436026
0.94952577 -0.015702337 -0.31329577 -3.5817382 -0.010294536 0.99664856 -0.081152192 -0.56845499 0.31352008 0.080281333 0.94618184 16.069978
0.94803795 -0.014604796 -0.31782187 -3.8220303 -0.013974592 0.99607024 -0.087457305 -0.62896173 0.31785023 0.087354276 0.94410829 16.745341
0.94645438 -0.013219701 -0.32256679 -4.072556 -0.017923254 0.99546861 -0.09338636 -0.69944936 0.32233968 0.094167377 0.94192869 17.415505
0.94496241 -0.011110938 -0.32699018 -4.3137796 -0.022492038 0.99485271 -0.098803808 -0.77465156 0.3264049 0.10072056 0.93984851 18.074406
0.94315928 -0.0083898034 -0.33223512 -4.5870038 -0.027067013 0.99442119 -0.10195039 -0.85200722 0.33123701 0.10514807 0.93767048 18.791032
0.94165072 -0.007082243 -0.33651709 -4.842526 -0.029542407 0.9941813 -0.10358957 -0.9323801 0.33529267 0.10748672 0.93596231 19.494154
0.93935566 -0.0067598517 -0.34287788 -5.1207646 -0.030297646 0.99426056 -0.10260597 -1.0176225 0.34160358 0.10677189 0.93375948 20.206918
0.9369061 -0.0068413754 -0.34951415 -5.4124761 -0.030460996 0.99440799 -0.10111811 -1.1026871 0.34825148 0.10538472 0.93145852 20.930567
0.93435749 -0.0072659664 -0.35626294 -5.6882523 -0.030084143 0.99461407 -0.099185658 -1.1868573 0.35506485 0.10339273 0.92910651 21.643271
0.93197908 -0.0067917102 -0.36244841 -5.9558591 -0.030067995 0.99493109 -0.095958548 -1.2739221 0.36126295 0.10032946 0.92705075 22.354142
0.92824853 -0.0033792961 -0.37194521 -6.3067688 -0.032791138 0.99532198 -0.090878468 -1.3593793 0.37051238 0.096554312 0.92379535 23.173206
0.92481966 -0.0017613809 -0.38040173 -6.6223631 -0.03312476 0.99581799 -0.08514273 -1.4375978 0.37896088 0.091342388 0.92089371 23.889201
0.92126964 0.0015111786 -0.38892153 -6.9600659 -0.036008084 0.9960288 -0.081425099 -1.5132167 0.38725403 0.089018792 0.91766551 24.630538
0.91751232 0.00066685795 -0.39770678 -7.2967015 -0.035137443 0.99622401 -0.079391894 -1.5864696 0.39615214 0.086817442 0.91407124 25.383852
0.91387726 0.0030771065 -0.4059789 -7.6673265 -0.038289147 0.99616749 -0.078640206 -1.6696891 0.40418103 0.087412084 0.91049263 26.163904
0.91020357 0.0028337768 -0.41415144 -8.0167842 -0.038391816 0.99624829 -0.077559118 -1.7371726 0.41237791 0.086494613 0.90689755 26.884901
0.90651271 0.0037047602 -0.42216226 -8.409543 -0.039509869 0.99631736 -0.076096521 -1.8129712 0.4203257 0.08566204 0.90332073 27.690369
0.90202514 0.0037944356 -0.4316668 -8.7649882 -0.039273064 0.99653589 -0.073306534 -1.8878331 0.42989334 0.083077217 0.89904945 28.48291
0.89847061 0.0041963747 -0.4390136 -9.1819325 -0.038597068 0.99683757 -0.069463052 -1.9586394 0.43733379 0.079355149 0.89579123 29.248724
0.89493908 0.0051665491 -0.44615842 -9.5857629 -0.037617787 0.99724651 -0.06390847 -2.0231819 0.44459978 0.07397768 0.89266923 30.057291
0.89130583 0.0049254695 -0.45337583 -10.010111 -0.035948698 0.99756075 -0.059835183 -2.0907508 0.45197526 0.069629719 0.88930877 30.835933
0.88806456 0.0036324463 -0.45970438 -10.441688 -0.033904307 0.99776313 -0.057612874 -2.1527083 0.45846684 0.066749911 0.88620123 31.679762
0.88420118 0.0041366655 -0.46708793 -10.870143 -0.034481293 0.99781059 -0.05643646 -2.2159512 0.46583186 0.066006981 0.88240794 32.468539
0.88157694 0.0046105298 -0.47201782 -11.334667 -0.034436872 0.99791596 -0.05456961 -2.2722769 0.47078256 0.064362128 0.87989847 33.29671
0.87867871 0.0022295033 -0.47740835 -11.810875 -0.031501124 0.99808063 -0.053317336 -2.3370139 0.47637319 0.061887708 0.87706243 34.144462
0.87497495 0.0017546815 -0.48416499 -12.27103 -0.031259658 0.99811177 -0.052874636 -2.3976427 0.48315804 0.061398814 0.87337765 34.985649
0.87315832 0.00096887834 -0.48743572 -12.756076 -0.03107463 0.9980745 -0.053681041 -2.4585852 0.4864452 0.062018933 0.87150717 35.800899
0.87169904 0.0019385957 -0.49003776 -13.241911 -0.032611344 0.9980049 -0.054062256 -2.5201669 0.48895532 0.063106807 0.87002313 36.675767
0.87169175 0.00026459227 -0.49005449 -13.759361 -0.030207903 0.9981272 -0.053193842 -2.5797446 0.48912268 0.061172153 0.87006723 37.545396
0.87198136 0.0011405421 -0.48953773 -14.276945 -0.030360607 0.99819827 -0.05175371 -2.6438928 0.48859673 0.059990933 0.87044491 38.451438
0.87075251 -0.00024641729 -0.49172144 -14.788369 -0.028562634 0.99828605 -0.051079689 -2.7049197 0.49089129 0.058522628 0.86925305 39.332657
0.87053451 -0.0017818978 -0.49210412 -15.311553 -0.027270889 0.9982821 -0.051857084 -2.7699745 0.49135118 0.058563499 0.86899042 40.232997
0.86906089 -0.0026912891 -0.49469779 -15.832142 -0.026799866 0.99826064 -0.052511497 -2.8395489 0.4939787 0.058893524 0.86747716 41.13885
0.86822971 -0.0046711182 -0.49614043 -16.371509 -0.023732909 0.9984201 -0.050931855 -2.8972379 0.49559453 0.055995406 0.86674713 42.047264
0.86542955 -0.0044175484 -0.50101113 -16.896365 -0.022169773 0.9986441 -0.047100619 -2.9655662 0.50053992 0.051869571 0.86415818 42.987864
0.86297426 -0.0036348218 -0.5052348 -17.443621 -0.020933188 0.99885827 -0.042941366 -3.0291296 0.50481408 0.047633469 0.86191288 43.900956
0.8596353 -0.0073610799 -0.51085511 -18.004741 -0.015778642 0.99903673 -0.040946768 -3.0860298 0.51066448 0.043259887 0.85869109 44.803135
0.8539591 -0.0077450887 -0.52028246 -18.553554 -0.017229379 0.99892005 -0.043149462 -3.1551189 0.52005483 0.04581202 0.85290343 45.7063
0.84855974 -0.010634786 -0.52899266 -19.110236 -0.016447694 0.99878458 -0.046463234 -3.2179262 0.52884389 0.04812754 0.84735347 46.57914
0.84226094 -0.010753062 -0.53896277 -19.670238 -0.016629733 0.99880689 -0.045915613 -3.2783902 0.5388135 0.047635734 0.84107721 47.489713
0.83630161 -0.0078988243 -0.54821274 -20.294085 -0.017451512 0.99900606 -0.041016375 -3.3377958 0.54799187 0.043869202 0.83533252 48.387032
0.83244758 -0.0049392668 -0.55408177 -20.907298 -0.018321194 0.99916816 -0.036432511 -3.3975769 0.55380086 0.040479596 0.83166462 49.243322
0.82827799 -0.0044382358 -0.56029978 -21.508055 -0.020152393 0.9990857 -0.037704745 -3.4547074 0.55995488 0.042521393 0.82743126 50.14491
0.82550235 -0.0066243125 -0.56435978 -22.12796 -0.020902591 0.9988863 -0.042299385 -3.5119355 0.5640115 0.046714824 0.82444453 51.022688
0.82204429 -0.007834415 -0.56936964 -22.736761 -0.024449896 0.99849754 -0.04903939 -3.5810748 0.56889843 0.054233579 0.82061765 51.851004
0.81878881 -0.008284982 -0.57403502 -23.351167 -0.02538908 0.99839501 -0.05062405 -3.6436051 0.57353317 0.056024627 0.81726432 52.721684
0.81614825 -0.0084367929 -0.57778096 -23.969392 -0.022896669 0.99863596 -0.046924979 -3.7087873 0.57738879 0.051526999 0.81484182 53.58735
0.81250752 -0.0058529064 -0.5829213 -24.620114 -0.022636134 0.99887869 -0.041580864 -3.77369 0.58251109 0.04697985 0.81146396 54.464017
0.81027939 -0.0046910228 -0.58602498 -25.264482 -0.022064782 0.99901476 -0.038505248 -3.8320267 0.58562829 0.044130523 0.80937756 55.317579
0.80702366 -0.0025197648 -0.5905137 -25.886456 -0.025332471 0.99892261 -0.038883013 -3.8911554 0.58997552 0.046338684 0.80609035 56.172792
0.80445867 -0.0035793852 -0.59399782 -26.565079 -0.025609345 0.99884308 -0.040702005 -3.9544809 0.59345635 0.047954976 0.80343632 57.08526
0.79927371 -0.0067048258 -0.60092974 -27.216701 -0.024035257 0.99878108 -0.043112196 -4.0140433 0.60048637 0.048901946 0.7981383 57.921896
0.79614518 -0.0069641479 -0.60506556 -27.851622 -0.024546066 0.99873904 -0.043792936 -4.0703096 0.60460762 0.049717514 0.79497033 58.74281
0.79177431 -0.0081879924 -0.61075885 -28.529858 -0.022695477 0.99882532 -0.042812426 -4.1337391 0.610392 0.047759243 0.79065839 59.610672
0.78712579 -0.0084255915 -0.61673492 -29.190064 -0.022308898 0.99886353 -0.042118457 -4.1952742 0.61638894 0.046911201 0.78604328 60.438372
0.78181987 -0.0091478051 -0.62343723 -29.891935 -0.022457611 0.99883041 -0.042818924 -4.2616419 0.62309982 0.047477597 0.78070003 61.28406
0.77597158 -0.011646319 -0.63066032 -30.586306 -0.020664172 0.99882349 -0.043870567 -4.3199862 0.63042933 0.047074387 0.77481798 62.116757
0.76975669 -0.011663708 -0.63823081 -31.287739 -0.021784024 0.9987707 -0.044525845 -4.383337 0.63796562 0.048177303 0.76855634 62.935579
0.76410114 -0.012534813 -0.64497465 -32.000718 -0.02216654 0.99871061 -0.045670211 -4.4497323 0.64471554 0.049193517 0.76283806 63.754528
0.76094482 -0.015085527 -0.64864118 -32.70136 -0.020433313 0.99867657 -0.047197412 -4.5111687 0.6484948 0.049168515 0.75962951 64.585218
0.75242005 -0.016104622 -0.65848665 -33.459938 -0.019728197 0.99870157 -0.046967697 -4.5823196 0.65838811 0.048330192 0.75112538 65.412062
0.74606401 -0.0150137 -0.66570492 -34.201184 -0.020396678 0.99876137 -0.045383967 -4.6481072 0.6655618 0.047437514 0.74483368 66.245972
0.74100423 -0.014869606 -0.67133567 -34.962361 -0.020451247 0.99879127 -0.044696108 -4.716458 0.67118888 0.046849657 0.73980446 67.079149
0.73459669 -0.017942322 -0.67826672 -35.71893 -0.017515407 0.99881569 -0.045391925 -4.7802507 0.67827793 0.045224875 0.73341243 67.868135
0.72806206 -0.020192201 -0.68521374 -36.488589 -0.016428172 0.99876507 -0.046887549 -4.8484589 0.68531438 0.045393854 0.72683123 68.696846
0.72194433 -0.019391335 -0.69167935 -37.252309 -0.018018199 0.99874146 -0.046806465 -4.9109358 0.69171654 0.046254478 0.72068634 69.475394
0.71760736 -0.018301869 -0.69620735 -38.022985 -0.01911115 0.99876073 -0.045953965 -4.9771716 0.69618567 0.046282227 0.71636828 70.247794
0.71312933 -0.0170556 -0.70082496 -38.831005 -0.021344427 0.99871226 -0.046024292 -5.0465115 0.70070751 0.04777998 0.71184697 71.048169
0.70860867 -0.018541458 -0.70535801 -39.668004 -0.020548541 0.99868843 -0.046895353 -5.1150366 0.70530246 0.047724532 0.70729828 71.863696
0.70348067 -0.021172995 -0.71039891 -40.469592 -0.019850535 0.99858084 -0.049419296 -5.1840056 0.71043715 0.048867318 0.70206202 72.660788
0.69917384 -0.021703606 -0.71462217 -41.309853 -0.022256642 0.99839396 -0.052097472 -5.26026 0.71460522 0.05233028 0.69756789 73.434234
0.69447333 -0.023345963 -0.71913957 -42.180541 -0.021435245 0.99835856 -0.053110479 -5.3356946 0.71919912 0.052298744 0.69283296 74.25988
0.6892317 -0.022989202 -0.72417616 -43.013445 -0.020864927 0.99845221 -0.051554289 -5.4057015 0.72424054 0.050642733 0.68768524 75.037187
0.68485301 -0.022725561 -0.72832675 -43.86191 -0.020743707 0.99850045 -0.050661151 -5.4823334 0.72838596 0.049803639 0.68335462 75.791163
0.67986204 -0.023464863 -0.7329645 -44.734672 -0.020325578 0.99850104 -0.050818666 -5.5648328 0.73305833 0.04944761 0.67836602 76.610936
0.67595212 -0.024167313 -0.73654913 -45.577876 -0.02004974 0.99848908 -0.051162183 -5.634463 0.73667278 0.049350805 0.67444626 77.378762
0.67056966 -0.025251524 -0.74141665 -46.472858 -0.018584353 0.99853505 -0.050817086 -5.71763 0.74161378 0.047855145 0.66911803 78.187669
0.66686647 -0.026591447 -0.7447026 -47.378026 -0.016802928 0.99857241 -0.050703184 -5.7849775 0.7449878 0.046325437 0.66546764 78.967613
0.66257048 -0.029547884 -0.74841649 -48.250858 -0.013995786 0.99855867 -0.05181405 -5.8631898 0.74886883 0.044805138 0.66120195 79.722185
0.65945283 -0.034538925 -0.75095205 -49.127512 -0.0099817424 0.9984536 -0.054687914 -5.940897 0.7516797 0.04355991 0.6580883 80.50468
0.65386109 -0.037167466 -0.75570114 -50.052016 -0.008886009 0.9983466 -0.056789948 -6.0267448 0.75656246 0.043847905 0.65244973 81.30197
0.64921023 -0.041867891 -0.75945579 -50.943644 -0.00201831 0.99838552 -0.056765126 -6.1042485 0.76060637 0.038385318 0.6480776 82.053648
0.63986067 -0.045337267 -0.7671524 -51.893157 0.002511694 0.99837631 -0.056907232 -6.1956149 0.76848687 0.034485847 0.63893561 82.843486
0.63154043 -0.045828875 -0.77398731 -52.81136 0.0041353487 0.9984365 -0.05574456 -6.2785521 0.77533195 0.032004236 0.63074253 83.571357
0.62225059 -0.045243659 -0.78150954 -53.749827 0.0060096429 0.99857509 -0.053025183 -6.3556804 0.78279508 0.028298358 0.62163584 84.300485
0.61520849 -0.04399553 -0.78713585 -54.733224 0.0036485333 0.99858982 -0.05296275 -6.4458154 0.78835604 0.029711242 0.61450146 85.087911
0.60458968 -0.045275779 -0.79524925 -55.687765 0.0024335613 0.99848359 -0.054996363 -6.5204716 0.79653339 0.031314946 0.60378306 85.793926
0.59452195 -0.04845864 -0.80261782 -56.693611 0.0045530983 0.99836923 -0.056904665 -6.6035495 0.80406652 0.030176675 0.59377306 86.510959
0.58512354 -0.050764565 -0.80935366 -57.69736 0.0062476986 0.99829131 -0.058098395 -6.6797605 0.81092013 0.028938141 0.58444091 87.230516
0.57597896 -0.051138793 -0.81586335 -58.710294 0.0079199111 0.99834359 -0.056985503 -6.7734672 0.81742618 0.026360886 0.57542992 87.932791
0.56511732 -0.050666419 -0.82345326 -59.74451 0.0086089932 0.99842025 -0.05552384 -6.8627763 0.82496567 0.02428838 0.56466076 88.626705
0.55498511 -0.051981283 -0.83023456 -60.796907 0.01023187 0.99839678 -0.055670303 -6.9469515 0.83179739 0.022401337 0.55462721 89.313851
0.54666335 -0.052604757 -0.83569843 -61.796009 0.0087321662 0.99832857 -0.057129791 -7.0307838 0.83730699 0.023933306 0.546209 89.999893
0.53485567 -0.053758588 -0.8432315 -62.8855 0.0082166217 0.99825768 -0.058430237 -7.115943 0.84490352 0.024323229 0.53436549 90.653775
0.52752042 -0.054149299 -0.84781484 -63.955688 0.005668652 0.99816872 -0.060225186 -7.2125578 0.84952347 0.026964048 0.52686134 91.281902
0.51470252 -0.053376029 -0.8557057 -65.037755 0.0039146439 0.99819614 -0.059909462 -7.3086989 0.85735993 0.027485768 0.51398302 91.959863
0.50706306 -0.051857047 -0.86034751 -66.11343 0.0035736429 0.99830634 -0.058066253 -7.3928465 0.86190159 0.026368677 0.50638958 92.571267
0.49975876 -0.05045525 -0.86469381 -67.167139 0.0050632474 0.99845507 -0.055333919 -7.4804147 0.86614988 0.023275451 0.49924213 93.176375
0.49111633 -0.050360415 -0.869637 -68.321184 0.0043734959 0.99845741 -0.05535049 -7.5745679 0.87108305 0.023380176 0.49057899 93.797312
0.48589083 -0.053784678 -0.87236302 -69.457494 0.005971147 0.99828577 -0.058222496 -7.669684 0.87399915 0.023080769 0.48537906 94.417587
0.47789088 -0.056974807 -0.87656952 -70.534888 0.0084601653 0.99814658 -0.06026467 -7.7576111 0.87837851 0.021384013 0.47748716 94.98913
0.47341203 -0.060328827 -0.87877268 -71.680276 0.01048897 0.99796717 -0.062861062 -7.8506515 0.88077869 0.020541762 0.47308245 95.623646
0.46622446 -0.063536953 -0.88238185 -72.794029 0.011577765 0.99777039 -0.065728292 -7.9526692 0.88459074 0.020428127 0.46592058 96.179173
0.4610549 -0.064824514 -0.88500062 -73.900298 0.014411365 0.99774358 -0.065574883 -8.0525747 0.88725462 0.017479554 0.46094878 96.732599
0.45553402 -0.061825741 -0.88806884 -75.07444 0.015327208 0.99798226 -0.061615637 -8.1563975 0.89008645 0.014456403 0.45556249 97.386732
0.45238687 -0.060378405 -0.88977554 -76.122307 0.01926968 0.99813441 -0.057934178 -8.2525369 0.89161363 0.0090629713 0.45270637 97.930124
0.44588894 -0.059492539 -0.89310897 -77.255737 0.020620911 0.99820666 -0.056198308 -8.3498522 0.89485077 0.0066414827 0.44631609 98.465216
0.44446034 -0.059606813 -0.89381316 -78.360573 0.021254147 0.99820454 -0.055999585 -8.4447029 0.89554639 0.005892358 0.44492922 99.027536
0.44119978 -0.058531317 -0.89549805 -79.475537 0.023037674 0.9982806 -0.053899014 -8.5360486 0.89711319 0.0031500409 0.44178961 99.613482
0.43897327 -0.058364478 -0.89660247 -80.607927 0.025620221 0.99829534 -0.052440626 -8.6222269 0.89813481 4.8879449e-05 0.43972028 100.15002
0.43636761 -0.05921195 -0.89781801 -81.749966 0.028667839 0.99824065 -0.051901453 -8.7132126 0.8993117 -0.00309039 0.43729737 100.67552
0.43447194 -0.059980713 -0.89868592 -82.794016 0.030758297 0.99818621 -0.051751456 -8.7975811 0.90016005 -0.0051574938 0.43552881 101.18022
0.43368926 -0.059474678 -0.8990975 -83.906902 0.03460577 0.99818252 -0.049336623 -8.8840491 0.90039777 -0.009717199 0.4349592 101.71378
0.43127468 -0.058638368 -0.90031307 -85.018378 0.036388125 0.99820426 -0.047583217 -8.9725817 0.90148662 -0.012239268 0.43263396 102.26094
0.42742769 -0.058772252 -0.90213708 -86.069228 0.036942952 0.99818659 -0.047526296 -9.0525817 0.90329444 -0.013013553 0.42882381 102.76678
0.42771716 -0.060179724 -0.90190707 -87.147713 0.038475954 0.99808908 -0.048350769 -9.1283861 0.9030934 -0.014021283 0.4292153 103.2726
0.42600275 -0.061549999 -0.90262572 -88.151883 0.039015317 0.99800484 -0.049640249 -9.2198162 0.90388026 -0.014069346 0.4275542 103.73345
0.42854128 -0.062488758 -0.90135867 -89.230901 0.038938567 0.99795595 -0.050672664 -9.3046199 0.90268279 -0.013382287 0.43009854 104.24639
0.43145113 -0.062267279 -0.8999848 -90.258418 0.036516999 0.99800294 -0.051542678 -9.3852687 0.90139697 -0.010626597 0.43286331 104.72022
0.43325826 -0.062318889 -0.89911266 -91.256311 0.034591324 0.99802133 -0.052505773 -9.4665685 0.90060579 -0.0083529381 0.43455668 105.17425
0.44035305 -0.062400036 -0.89565359 -92.257005 0.032688932 0.99803473 -0.053461219 -9.5471457 0.89722945 -0.0057361495 0.44152743 105.67981
0.44453865 -0.062157619 -0.89360044 -93.275379 0.031332307 0.99805806 -0.053836692 -9.6297574 0.89521156 -0.0040660733 0.44562293 106.16849
0.45156047 -0.06140817 -0.89012477 -94.291577 0.031225196 0.9981053 -0.053017012 -9.7159843 0.89169401 -0.0038539346 0.45262238 106.68255
0.46075828 -0.060356827 -0.88547094 -95.290826 0.029942801 0.99817411 -0.05245822 -9.7927934 0.88702046 -0.0023429216 0.46172424 107.18647
0.46876461 -0.059415012 -0.8813226 -96.263797 0.028952676 0.99823266 -0.05189702 -9.8669212 0.88284854 -0.001189162 0.46965637 107.71017
0.47713922 -0.059559641 -0.87680713 -97.213775 0.028953804 0.9982246 -0.052051246 -9.9434761 0.87835067 -0.00055121112 0.47801659 108.2141
0.48837005 -0.060287389 -0.87055158 -98.184381 0.027937829 0.99817947 -0.053453048 -10.024908 0.87218933 0.001783546 0.48916526 108.74773
0.4973991 -0.061443688 -0.86534314 -99.135698 0.025988592 0.99809631 -0.055931589 -10.102371 0.86713251 0.0053312711 0.49804904 109.25972
0.50927927 -0.060944334 -0.85844065 -100.0803 0.022486725 0.99809118 -0.057518221 -10.181086 0.86030752 0.0099893186 0.50967759 109.82625
0.52256855 -0.059327456 -0.8505306 -101.00624 0.020437884 0.99816107 -0.057068096 -10.264066 0.85235232 0.012438945 0.52282011 110.39828
0.53238772 -0.058523074 -0.84447517 -101.94279 0.021937377 0.9982261 -0.055348069 -10.348324 0.84621636 0.010941062 0.53272716 110.9585
0.54494167 -0.054634961 -0.83669202 -102.83522 0.01721534 0.99839353 -0.053981434 -10.41627 0.83829724 0.015012795 0.5450068 111.53826
0.55787404 -0.055267014 -0.82808336 -103.71763 0.021093965 0.99840214 -0.052423381 -10.499105 0.82965756 0.011778081 0.55814843 112.09465
0.56964887 -0.054251135 -0.82009568 -104.58226 0.017752535 0.99839848 -0.053715122 -10.57156 0.82169646 0.016039981 0.56969966 112.73443
0.5797829 -0.055339471 -0.81288946 -105.43582 0.018302969 0.9983236 -0.054909005 -10.64994 0.81456543 0.016957011 0.57982383 113.33271
0.59055574 -0.057667006 -0.80493377 -106.26029 0.021030185 0.99820454 -0.056084081 -10.723918 0.80672282 0.016192869 0.59070817 113.92293
0.60137243 -0.057735938 -0.79687998 -107.13824 0.022450193 0.99821288 -0.055380774 -10.811768 0.79865339 0.015414361 0.60159389 114.54902
0.61200038 -0.055276519 -0.78892331 -107.95681 0.020824569 0.99833485 -0.053794622 -10.885715 0.79058328 0.016493341 0.61213242 115.18495
0.62256747 -0.053125294 -0.78076078 -108.75042 0.021632916 0.99848013 -0.05068979 -10.954875 0.7822671 0.014667682 0.6227705 115.80818
0.63149028 -0.052739532 -0.77358808 -109.55349 0.02233439 0.99850738 -0.049841593 -11.030196 0.7750621 0.014196863 0.63172561 116.45759
0.64110725 -0.050695795 -0.76577502 -110.29097 0.018482052 0.99854632 -0.050632525 -11.101287 0.76722875 0.018307785 0.64111226 117.10494
0.65053915 -0.050883326 -0.75776622 -111.06119 0.017699095 0.99849784 -0.051853641 -11.173614 0.75926649 0.020321047 0.65046253 117.74058
0.65977225 -0.049622843 -0.74982538 -111.80339 0.016972026 0.99854679 -0.051149321 -11.242303 0.75127397 0.021020847 0.65965567 118.38987
0.66874823 -0.049163555 -0.74186165 -112.51283 0.018208307 0.99859503 -0.049763604 -11.310123 0.74326597 0.019771277 0.66870385 119.05436
0.67842926 -0.047455392 -0.73313142 -113.24233 0.018323566 0.99869416 -0.04768883 -11.377431 0.73443722 0.018919916 0.67841289 119.68314
0.68738931 -0.047063884 -0.72476264 -113.94205 0.019075198 0.99872389 -0.046762536 -11.448596 0.72603864 0.018319077 0.68740988 120.34025
0.69422596 -0.04505946 -0.71834526 -114.65279 0.016476842 0.99877184 -0.046726094 -11.506649 0.71956853 0.020602407 0.69411578 121.00224
0.70126585 -0.04466059 -0.71149954 -115.33181 0.016730189 0.9987919 -0.046204283 -11.579123 0.71270355 0.020497964 0.70116583 121.67522
0.70877657 -0.041591059 -0.70420587 -115.98533 0.015369356 0.99893394 -0.043528864 -11.632159 0.70526562 0.020029048 0.7086602 122.34309
0.71594598 -0.039534552 -0.69703539 -116.64536 0.014998366 0.99903594 -0.041258191 -11.693145 0.69799459 0.019084244 0.71584872 123.01413
0.72376494 -0.037822697 -0.68900922 -117.28538 0.014152688 0.99910031 -0.039978345 -11.75302 0.68990148 0.019183592 0.72364907 123.66307
0.7311341 -0.036110412 -0.68127742 -117.89323 0.012657622 0.99914434 -0.039374702 -11.809603 0.68211638 0.020164835 0.73096557 124.31591
0.73928904 -0.033954767 -0.6725316 -118.52778 0.010879554 0.99919983 -0.038488099 -11.861314 0.67330038 0.021136985 0.73906689 124.98414
0.74848199 -0.030753503 -0.66244161 -119.1083 0.0097653586 0.99932694 -0.035359507 -11.913827 0.66308324 0.019996974 0.74827854 125.63541
0.7570653 -0.027413874 -0.6527638 -119.69856 0.0080132118 0.99943377 -0.032679243 -11.958382 0.6532901 0.019509586 0.7568563 126.30111
0.76756815 -0.025175078 -0.64047273 -120.25048 0.0067134497 0.99948933 -0.031241286 -12.011946 0.64093221 0.019680035 0.76734518 126.94849
0.77716166 -0.024498851 -0.62882392 -120.79172 0.0051344688 0.99945552 -0.032592907 -12.049253 0.62928008 0.022101281 0.7768643 127.63512
0.78702302 -0.025183468 -0.61640938 -121.31099 0.0053607985 0.99940792 -0.033986319 -12.100127 0.61690036 0.023443569 0.78669204 128.29745
0.79603272 -0.024586106 -0.604754 -121.79678 0.0053301713 0.99942064 -0.033615108 -12.146985 0.60523014 0.023535284 0.79570258 128.97288
0.80624617 -0.023068966 -0.59113019 -122.31739 0.0050943093 0.99947308 -0.032056463 -12.187215 0.59155827 0.022834001 0.80593886 129.64852
0.81626287 -0.021170857 -0.57729255 -122.80298 0.0049598803 0.99954824 -0.029643075 -12.23043 0.57765937 0.02133324 0.81599912 130.35722
0.82607868 -0.019684185 -0.5632109 -123.29733 0.0053384761 0.9996183 -0.027106489 -12.272293 0.56352953 0.019385405 0.82586845 131.04527
0.83463524 -0.018585277 -0.5504894 -123.7554 0.0057830024 0.99967117 -0.024982258 -12.30397 0.55077273 0.017667591 0.83446826 131.75227
0.8428369 -0.017866429 -0.5378724 -124.20808 0.0066717647 0.99971886 -0.022752974 -12.340889 0.53812774 0.015588488 0.84271914 132.44999
0.85001597 -0.017969667 -0.52645029 -124.64259 0.0079443233 0.99974161 -0.02129778 -12.374915 0.52669702 0.013921162 0.8499391 133.17263
0.85642792 -0.017878691 -0.51595692 -125.0895 0.008518289 0.99975349 -0.020503618 -12.413604 0.51619635 0.0131648 0.8563691 133.88821
0.86322858 -0.016997657 -0.50452699 -125.51298 0.0076348387 0.99975825 -0.020619189 -12.436609 0.50475554 0.013947091 0.86314967 134.61488
0.86908563 -0.015277327 -0.49442568 -125.93364 0.0062019211 0.99978093 -0.01999083 -12.472185 0.49462281 0.014307354 0.86898999 135.36041
0.87508193 -0.014288241 -0.48376383 -126.34738 0.0056412734 0.99979734 -0.019325068 -12.499704 0.48394195 0.014181974 0.87498519 136.09456
0.88115353 -0.015104263 -0.47258894 -126.7501 0.0066086449 0.99978544 -0.019631842 -12.529826 0.4727841 0.014175494 0.88106428 136.85176
0.8860818 -0.015976801 -0.46325345 -127.15805 0.0073969119 0.99976592 -0.020331835 -12.56261 0.4634699 0.014589024 0.88599257 137.61536
0.89050731 -0.016587582 -0.45466643 -127.55484 0.0080042244 0.99975168 -0.02079688 -12.594745 0.45489854 0.014880521 0.89041895 138.38377
0.89370332 -0.015800569 -0.44838009 -127.94201 0.0075246754 0.99976698 -0.020232968 -12.624735 0.44859534 0.014708356 0.89361396 139.14277
0.89692409 -0.014122985 -0.44195893 -128.32055 0.0073959568 0.99982915 -0.016940398 -12.654578 0.44212271 0.011925542 0.8968753 139.94058
0.9003982 -0.010342807 -0.43494377 -128.71542 0.0052444494 0.99990277 -0.012920542 -12.680685 0.43503516 0.0093525922 0.9003649 140.75467
0.90358509 -0.0074893049 -0.42834317 -129.1129 0.003412149 0.99994128 -0.010285441 -12.700475 0.42839508 0.0078322003 0.90355759 141.57439
0.90703125 -0.004935183 -0.42103437 -129.50958 0.001712329 0.99996627 -0.0080323153 -12.724703 0.42105985 0.0065646115 0.90700911 142.40144
0.91002147 -0.0030250695 -0.41455006 -129.89166 0.00066542536 0.99998275 -0.0058363663 -12.736472 0.4145606 0.0050353662 0.91000778 143.25774
0.91305839 -0.0019312391 -0.40782428 -130.29987 0.00075343076 0.99999507 -0.0030486253 -12.756341 0.40782819 0.0024763053 0.91305534 144.09674
0.91650108 -0.0017126252 -0.40002852 -130.68526 0.0013097351 0.99999832 -0.0012805307 -12.777155 0.40003008 0.00064967608 0.91650179 144.97892
0.91987225 -0.0019086893 -0.39221344 -131.0479 0.0020003847 0.99999798 -0.00017487242 -12.791178 0.39221301 -0.00062371778 0.91987422 145.84996
0.92308562 -0.0028973983 -0.38458358 -131.43329 0.0029579808 0.99999553 -0.00043401763 -12.795813 0.38458315 -0.00073695573 0.92309006 146.74235
0.92713535 -0.0053272816 -0.37468874 -131.80221 0.0055201372 0.99998461 -0.00055855879 -12.821392 0.37468598 -0.001550474 0.92715049 147.66315
0.9311168 -0.0067224306 -0.36465916 -132.15853 0.0065216675 0.99997715 -0.0017820566 -12.826275 0.36466284 -0.00071888324 0.93113936 148.60322
0.93518887 -0.0077559456 -0.35406443 -132.53003 0.0068685742 0.99996933 -0.0037628577 -12.854788 0.35408278 0.0010870646 0.93521346 149.5473
0.94051875 -0.0063774167 -0.3396819 -132.87266 0.0050642559 0.99997588 -0.0047521976 -12.861485 0.33970405 0.0027492947 0.94052837 150.50491
0.94600185 -0.002830525 -0.32414886 -133.24021 0.0017276902 0.9999917 -0.0036899822 -12.88415 0.32415664 0.002930701 0.94599889 151.48769
0.95231894 0.0010758818 -0.3051024 -133.54456 -0.0012765898 0.99999908 -0.00045833732 -12.890746 0.30510165 0.00082597368 0.95231944 152.4957
0.95827645 0.003837494 -0.28581727 -133.86522 -0.0037000521 0.99999263 0.001020908 -12.909093 0.2858191 7.9226423e-05 0.95828359 153.49758
0.96441076 0.0057920989 -0.26434511 -134.15316 -0.0054163521 0.99998302 0.0021502669 -12.926983 0.26435309 -0.00064195455 0.96442575 154.53717
0.97015687 0.0069343142 -0.24237895 -134.42199 -0.006400908 0.99997505 0.0029881172 -12.928172 0.24239364 -0.0013474973 0.97017705 155.5904
0.97527327 0.0077630097 -0.22086597 -134.66971 -0.0066171241 0.99996054 0.0059275743 -12.950517 0.22090329 -0.0043195075 0.97528615 156.6485
0.98010974 0.0097194358 -0.19821813 -134.90254 -0.0079796109 0.99992233 0.0095742346 -12.946031 0.19829581 -0.0078020973 0.98011117 157.73768
0.98429162 0.011417252 -0.17618074 -135.11655 -0.0091374088 0.99986377 0.013746234 -12.961429 0.1763137 -0.011920468 0.98426185 158.82588
0.98814043 0.013439558 -0.15296359 -135.29255 -0.010964229 0.99979512 0.017014558 -12.956891 0.15316093 -0.015135646 0.98808534 159.97965
0.99120902 0.014968111 -0.13145581 -135.45362 -0.012826335 0.99977109 0.017124437 -12.954324 0.13168205 -0.015287801 0.99117411 161.09653
0.99392797 0.014786818 -0.10903459 -135.59684 -0.013208361 0.99979746 0.01518476 -12.9542 0.10923705 -0.01365239 0.99392197 162.25105
0.99604402 0.014873609 -0.087607566 -135.7011 -0.013684938 0.99980619 0.014153198 -12.946326 0.087801103 -0.012898304 0.99605452 163.40928
0.99759573 0.013111506 -0.068050369 -135.79145 -0.01206849 0.99980367 0.015715689 -12.949327 0.068243071 -0.01485664 0.9975581 164.58485
0.99877433 0.01392249 -0.04749729 -135.86373 -0.013084474 0.999754 0.017909008 -12.947594 0.047734947 -0.01726558 0.99871081 165.77929
0.99955548 0.014014578 -0.026314235 -135.91027 -0.013523838 0.99973301 0.018735511 -12.944608 0.026569782 -0.018371314 0.99947813 167.01347
0.99985953 0.01527073 -0.0069085094 -135.93257 -0.015133962 0.99969659 0.019434177 -12.936423 0.007203188 -0.019326895 0.99978727 168.19429
0.99975913 0.015806739 0.015225781 -135.92704 -0.01611 0.99967008 0.0200052 -12.931155 -0.014904542 -0.020245669 0.99968393 169.45167
0.99922784 0.018064291 0.034891248 -135.88611 -0.018752524 0.99963399 0.019499545 -12.925521 -0.034526235 -0.020138788 0.99920086 170.67536
0.9983438 0.018965669 0.05431362 -135.83048 -0.019990227 0.99963116 0.018382944 -12.910304 -0.053944947 -0.01943824 0.9983547 171.91835
0.99690471 0.019288334 0.076216576 -135.75372 -0.020572679 0.99965869 0.016102118 -12.917648 -0.075879985 -0.017620257 0.99696126 173.22091
0.99536698 0.02092491 0.093844149 -135.65419 -0.02229068 0.99965999 0.013528919 -12.910694 -0.093529157 -0.015558089 0.99549497 174.4628
0.99333845 0.021535273 0.11320312 -135.53804 -0.022996556 0.99966803 0.01161839 -12.907178 -0.11291534 -0.014144276 0.99350393 175.74712
0.99094023 0.021380617 0.13259086 -135.36519 -0.022785493 0.99969908 0.009087179 -12.920657 -0.13235668 -0.012025999 0.9911292 177.05547
0.98836968 0.022578297 0.15038484 -135.17438 -0.023426682 0.99971806 0.0038719983 -12.921787 -0.15025503 -0.0073499836 0.98861995 178.33633
0.98549165 0.024160892 0.16799543 -134.97793 -0.02409423 0.99970673 -0.0024354502 -12.949596 -0.16800501 -0.0016476046 0.98578476 179.61824
0.98233181 0.026941503 0.18519819 -134.74516 -0.025886335 0.99963197 -0.0081135693 -12.963051 -0.18534863 0.0031761151 0.9826677 180.96456
0.97881472 0.028964847 0.20268885 -134.46928 -0.027121791 0.99956172 -0.011865211 -13.006338 -0.2029437 0.0061165593 0.9791713 182.26445
0.97485155 0.030971588 0.22069258 -134.1935 -0.028365337 0.99948553 -0.014969524 -13.031452 -0.22104269 0.0083330451 0.97522853 183.59395
0.97090363 0.030385584 0.23753493 -133.90827 -0.027738538 0.99951035 -0.014478968 -13.071013 -0.2378586 0.0074688108 0.97127108 184.9092
0.96654225 0.029362637 0.25482134 -133.55232 -0.026387596 0.99953794 -0.015086433 -13.108269 -0.2551466 0.0078575524 0.96687046 186.24097
0.96166443 0.028981293 0.27269322 -133.1826 -0.024577994 0.99950673 -0.019550233 -13.164189 -0.27312533 0.012098512 0.96190238 187.57803
0.95712508 0.030352815 0.28808033 -132.79869 -0.024427575 0.99941007 -0.024141412 -13.215075 -0.28864317 0.016069248 0.95730189 188.91399
0.95167042 0.032717329 0.30537352 -132.38646 -0.026436359 0.99934575 -0.024681983 -13.258087 -0.30598128 0.01541615 0.95191271 190.27305
0.94582107 0.03438474 0.32286248 -131.93633 -0.027939448 0.99930742 -0.024577674 -13.314286 -0.323484 0.014225483 0.94612671 191.61024
0.93955216 0.038506794 0.34023369 -131.47488 -0.030749197 0.99913022 -0.028165432 -13.360135 -0.34102235 0.016000981 0.93991901 192.96771
0.93281958 0.03941612 0.35818151 -130.98176 -0.030084317 0.99904801 -0.031591129 -13.429033 -0.35908576 0.018693178 0.93311735 194.29894
0.92634069 0.040497447 0.3745035 -130.47075 -0.02982559 0.99896813 -0.03425069 -13.495303 -0.37550415 0.02055802 0.92659269 195.65471
0.91914327 0.040524228 0.39183342 -129.91996 -0.027400895 0.99886233 -0.039028775 -13.575048 -0.39296929 0.02513645 0.91920798 196.98088
0.91068433 0.043678687 0.4107873 -129.33878 -0.027686106 0.99861209 -0.044803635 -13.653736 -0.41217416 0.029428869 0.91062968 198.28905
0.90083176 0.047605868 0.43155046 -128.71697 -0.029414328 0.99837857 -0.048734322 -13.747554 -0.43317081 0.031207659 0.90077142 199.63733
0.88831212 0.050276245 0.45647986 -128.07875 -0.030748204 0.99827015 -0.05011234 -13.830963 -0.45820972 0.030479464 0.88832138 200.96319
0.87570152 0.054578719 0.47975826 -127.38903 -0.033516516 0.99806539 -0.052365265 -13.929092 -0.48168819 0.029776518 0.87583667 202.26017
0.8618218 0.059088968 0.50375754 -126.69663 -0.035925712 0.99780781 -0.055578073 -14.032922 -0.5059373 0.029800548 0.86205533 203.55815
0.84683272 0.062515782 0.52817241 -125.9457 -0.037058448 0.99758991 -0.058660406 -14.135407 -0.53056671 0.030102303 0.84710852 204.84213
0.83199585 0.064304118 0.55104252 -125.12353 -0.036735719 0.99746556 -0.060933915 -14.248161 -0.55356429 0.030453822 0.83224946 206.08305
0.81546853 0.065423913 0.57509197 -124.28633 -0.03556036 0.99737725 -0.063040299 -14.35839 -0.57770804 0.030956904 0.81565625 207.34973
0.79983615 0.067593227 0.59640025 -123.43643 -0.033947951 0.99714266 -0.067483694 -14.484345 -0.59925763 0.033729333 0.7998454 208.53114
0.78312261 0.070104799 0.61790312 -122.52046 -0.031861366 0.99684355 -0.072717162 -14.612565 -0.62105061 0.037259218 0.78288436 209.73339
0.76672835 0.071889115 0.63793382 -121.58764 -0.029932113 0.99663278 -0.076335895 -14.740594 -0.64127353 0.039434189 0.7662984 210.90712
0.7502387 0.07355775 0.65706249 -120.6053 -0.028236332 0.99644989 -0.079311518 -14.886759 -0.66056388 0.040949537 0.74965228 212.06419
0.73432772 0.074418857 0.67470333 -119.59715 -0.026732784 0.99637152 -0.080803224 -15.027077 -0.67826852 0.041299351 0.73365265 213.20549
0.71819516 0.0747104 0.69181936 -118.55487 -0.024165137 0.99629764 -0.082504934 -15.176493 -0.69542203 0.042536736 0.71734153 214.33065
0.70379721 0.075548964 0.70637228 -117.51091 -0.021748366 0.99615439 -0.084873083 -15.327198 -0.71006798 0.044370998 0.70273375 215.41908
0.6883713 0.07677179 0.72128427 -116.42348 -0.018571239 0.99592258 -0.088279826 -15.479216 -0.72512075 0.047374158 0.68699027 216.47362
0.67386316 0.079476145 0.73456922 -115.31969 -0.016727829 0.99558414 -0.092371037 -15.644963 -0.73866682 0.049957691 0.67221693 217.52235
0.65886813 0.081351738 0.74784667 -114.16983 -0.015270751 0.99537687 -0.094824554 -15.80396 -0.75210348 0.051056698 0.65706439 218.54732
0.64222266 0.082308275 0.76208619 -113.02498 -0.013958158 0.99530904 -0.095734479 -15.978664 -0.76639107 0.050845534 0.64035889 219.54803
0.62620411 0.083559309 0.7751685 -111.86739 -0.014710495 0.99532955 -0.095408 -16.146833 -0.77952041 0.048341771 0.62450865 220.52503
0.60894202 0.08479448 0.78866943 -110.66489 -0.016684402 0.99541905 -0.094141098 -16.321885 -0.79303928 0.044167994 0.60756723 221.47405
0.59070194 0.085559824 0.80234075 -109.47215 -0.018872867 0.99555523 -0.09226914 -16.482069 -0.80666913 0.039361092 0.58969117 222.39383
0.57297047 0.086963759 0.81494913 -108.27071 -0.020423502 0.99556083 -0.091877695 -16.656484 -0.81932153 0.035999092 0.57220306 223.28435
0.55441576 0.090514272 0.82730301 -107.04842 -0.02233098 0.99532808 -0.09393263 -16.831395 -0.83194023 0.033603245 0.55384685 224.1474
0.53691328 0.093762771 0.83841077 -105.82895 -0.02452215 0.99511925 -0.095584255 -17.00221 -0.84328101 0.030760822 0.536592 224.95096
0.51697234 0.094528911 0.85076661 -104.5833 -0.025349452 0.99513856 -0.095166403 -17.181376 -0.85562671 0.027631932 0.51685537 225.74301
0.49544906 0.093205424 0.86362197 -103.33967 -0.025076003 0.99534693 -0.093035902 -17.345769 -0.86827501 0.024438364 0.49548092 226.49746
0.4749785 0.091234739 0.87525515 -102.09517 -0.024781352 0.9956034 -0.090331379 -17.509374 -0.87964844 0.021215458 0.47515113 227.20506
0.45445236 0.089682576 0.8862449 -100.84236 -0.024964362 0.99581038 -0.087968603 -17.669214 -0.8904212 0.017853002 0.45478724 227.86111
0.43153352 0.088909933 0.89770473 -99.566341 -0.023886317 0.99590846 -0.087153832 -17.828812 -0.90178065 0.016166942 0.43189161 228.49619
