1.000000000000000000e+00 4.398956837314658088e-19 2.733407509747682871e-20 -8.673617379884035472e-19 -5.583667658079949532e-19 1.000000000000000000e+00 -6.100159232558060012e-19 0.000000000000000000e+00 4.145284534913582806e-20 -2.210423569125054137e-19 1.000000000000000222e+00 0.000000000000000000e+00
9.999356030746254786e-01 -1.449557291768712028e-03 1.125559877230500501e-02 5.332237014628417315e-02 1.441822747866393101e-03 9.999987188794111637e-01 6.952581532003224672e-04 -1.058331320025343580e-02 -1.125659236317773544e-02 -6.789847971631464635e-04 9.999364120255522792e-01 2.853730424530069310e-01
9.998419504301976346e-01 -3.515854548281915643e-03 1.742736217450856565e-02 6.457773920364390241e-02 3.508080975203406969e-03 9.999937330835393379e-01 4.766078333936022153e-04 -1.072298526789582096e-02 -1.742892894352714855e-02 -4.153958932461279327e-04 9.998480183822926470e-01 5.709924614259065390e-01
9.997931945498971240e-01 -5.328277957264787590e-03 1.962594242975958594e-02 7.945451190074553915e-02 5.337221526129531934e-03 9.999856755809918285e-01 -4.033480429564819465e-04 -1.486753849873326261e-02 -1.962351248872837642e-02 5.080126573749980381e-04 9.998073112654131123e-01 8.839635098128428847e-01
9.998114314420829540e-01 -6.827034083658966961e-03 1.817947181393850947e-02 5.985046262240277526e-02 6.854824141557335111e-03 9.999754296748779581e-01 -1.466772137616314696e-03 -1.807164103222917706e-02 -1.816901175035920066e-02 1.591112669023090828e-03 9.998336638423599432e-01 1.180940203812599343e+00
9.998943459162120684e-01 -9.223999433738418532e-03 1.123453911934873921e-02 6.836252581923646376e-02 9.260757512401664171e-03 9.999519200998863155e-01 -3.224258511459108384e-03 -2.056503787341518175e-02 -1.120425860122546517e-02 3.327958245359740989e-03 9.999316923015417746e-01 1.516513583688145372e+00
9.999483282509221693e-01 -1.013114904317201012e-02 -8.370567330656821349e-04 4.478736381056815097e-02 1.012725488081669782e-02 9.999384458837885514e-01 -4.532453517395192318e-03 -2.800592963366207999e-02 8.829241830907978315e-04 4.523742278576639055e-03 9.999893780441700963e-01 1.839615406759813387e+00
9.998034620100493264e-01 -9.752203027641698913e-03 -1.726070324955510799e-02 1.913069613517108525e-02 9.672415055265053130e-03 9.999421755611144214e-01 -4.699989860505453254e-03 -3.684421231389173323e-02 1.730554071091637558e-02 4.532113480469952826e-03 9.998399763145483510e-01 2.148139379578640096e+00
9.993290696280718866e-01 -6.696442137324385736e-03 -3.600789077383414333e-02 2.421984184201829426e-04 6.517717269468235181e-03 9.999658630623322608e-01 -5.078588452534632362e-03 -4.445297477874628200e-02 3.604067066867780444e-02 4.840491837670929734e-03 9.993386011600197127e-01 2.504375065380673338e+00
9.984324832954877271e-01 -2.793209738330506165e-03 -5.589967935816666372e-02 -5.281962954303814906e-02 2.461802637627037455e-03 9.999789900069526727e-01 -5.996588100966237719e-03 -5.167578286583096592e-02 5.591525559757697800e-02 5.849574375013893816e-03 9.984183826443210341e-01 2.850653801619706051e+00
9.971253483180810839e-01 -2.263238209563249882e-03 -7.573583889470207609e-02 -9.873289370311562341e-02 1.788572193736882431e-03 9.999783364997042456e-01 -6.334630096278374110e-03 -5.154423672878824525e-02 7.574853627424738001e-02 6.180961214314722660e-03 9.971077951627796976e-01 3.217261988889340785e+00
9.953368955263428575e-01 -2.833401969676524121e-03 -9.641802708322581850e-02 -1.525941095246384771e-01 2.279475557920031779e-03 9.999802629628699036e-01 -5.854713708884352365e-03 -6.242450669703580868e-02 9.643271449916605842e-02 5.607629995911891409e-03 9.953237093298180627e-01 3.604620964676633399e+00
9.932202996802826922e-01 -3.999335385297723110e-03 -1.161784886752215695e-01 -2.075857891995190330e-01 3.442266807653999918e-03 9.999815993117247004e-01 -4.995180849014627805e-03 -7.112162909476849038e-02 1.161963303226604682e-01 4.561397602418814506e-03 9.932157906847646212e-01 3.968297707401353236e+00
9.910446590836692327e-01 -3.506747468004312984e-03 -1.334847779181909666e-01 -2.906478099707193730e-01 2.952438105677898661e-03 9.999861788302585319e-01 -4.350316427704666727e-03 -7.800838135751334002e-02 1.334981907717286420e-01 3.917252232035370492e-03 9.910413153286575794e-01 4.368591193009141449e+00
9.887495197642631739e-01 -2.977500639203427280e-03 -1.495510650789781959e-01 -3.667647270038235097e-01 2.429063423581148424e-03 9.999896394740622751e-01 -3.849752152121082346e-03 -8.786575600551276011e-02 1.495609808774860938e-01 3.443171466019703808e-03 9.887465085463674752e-01 4.784817282164311791e+00
9.866556041547971390e-01 -2.000223009616405520e-03 -1.628088364212865180e-01 -4.512205730617786514e-01 1.373393551104979456e-03 9.999912059334866710e-01 -3.962555236303264700e-03 -9.143215357857989445e-02 1.628153334795735818e-01 3.686076610710796540e-03 9.866496747610016271e-01 5.215440488613921843e+00
9.845330821207822769e-01 -3.163418115264403363e-03 -1.751702093041500041e-01 -5.449487182295895682e-01 2.367346716709146232e-03 9.999859006447183729e-01 -4.753333328938320369e-03 -9.630087775937425099e-02 1.751827793274676193e-01 4.265125173787394017e-03 9.845266899916100822e-01 5.652713951378293800e+00
9.827948964202048998e-01 -5.664477793300274656e-03 -1.846133917857239182e-01 -6.332859073097742986e-01 4.532332959150075363e-03 9.999682514344374606e-01 -6.553935750654208379e-03 -1.116679551543994231e-01 1.846446583912629558e-01 5.604445133371595451e-03 9.827893676493945074e-01 6.090193506557465497e+00
9.811161064034148449e-01 -5.258815369420755288e-03 -1.933482084534010048e-01 -7.287205625963808497e-01 3.773722825098372625e-03 9.999604902002802165e-01 -8.048419015125454073e-03 -1.187191848733808036e-01 1.933828977961857543e-01 7.166790872010793574e-03 9.810971882840824332e-01 6.531951673344640774e+00
9.796331964542636106e-01 -5.186056042648732288e-03 -2.007284341160894270e-01 -8.430535926629996180e-01 3.160903994712348578e-03 9.999408372205298434e-01 -1.040820541797787997e-02 -1.251049718385103260e-01 2.007705394683901579e-01 9.561740141617789540e-03 9.795916315365719163e-01 7.034954956054296993e+00
9.779987176974326291e-01 -5.923221220879396585e-03 -2.085267910927013357e-01 -9.556772350842460684e-01 3.364714938471663648e-03 9.999146780308471039e-01 -1.262201833496772070e-02 -1.345978625218735569e-01 2.085837657842628812e-01 1.164268445777761132e-02 9.779352031622552399e-01 7.497811712701204279e+00
9.762660511454689383e-01 -9.615620849755496941e-03 -2.163611243396504069e-01 -1.066483530082557918e+00 6.601876482836929738e-03 9.998709217864816257e-01 -1.464769544570274432e-02 -1.451059802189894055e-01 2.164740472549448180e-01 1.287165829983144549e-02 9.762035179098424997e-01 7.998614162455053744e+00
9.745466755480056698e-01 -1.479458556562840421e-02 -2.236959907282688453e-01 -1.191576579125005253e+00 1.156895439462712546e-02 9.998094474979284385e-01 -1.572348461906269979e-02 -1.652923144926526922e-01 2.238859912021087528e-01 1.273534087148845036e-02 9.745321314375644528e-01 8.516510007440748709e+00
9.724934969481490166e-01 -1.542868802612926658e-02 -2.324184862520628780e-01 -1.324425138447467232e+00 1.168463495900634586e-02 9.997789822874246779e-01 -1.747729562234473857e-02 -1.849765079827166980e-01 2.326367734076459359e-01 1.428083109710519445e-02 9.724588375706364474e-01 9.032650514713676415e+00
9.703653005425353362e-01 -1.275916702192906108e-02 -2.413055860186441581e-01 -1.466841763238857954e+00 7.678876645913607600e-03 9.997288753275505035e-01 -2.198205349796656868e-02 -1.849900136383018645e-01 2.415206389773192908e-01 1.947766608770512206e-02 9.702001869725876970e-01 9.548230449532528752e+00
9.683528496483915227e-01 -1.006692968522395100e-02 -2.493820645220478915e-01 -1.613450298510639147e+00 3.938855201858530546e-03 9.996781917504422577e-01 -2.505989526046893678e-02 -2.000970696593972753e-01 2.495540918195860436e-01 2.328454113877060153e-02 9.680808782364890286e-01 1.009613677987568892e+01
9.660109099641778219e-01 -1.198584759128668888e-02 -2.582232750982482727e-01 -1.777461150946893609e+00 5.218718426152982488e-03 9.996251518055350171e-01 -2.687602733171488151e-02 -2.254377727862338920e-01 2.584486169898452812e-01 2.461494105420226897e-02 9.657113536397836651e-01 1.064865899002863436e+01
9.637094220276631873e-01 -1.373154384949377450e-02 -2.666000619454854670e-01 -1.938724182425047404e+00 6.291363054058018815e-03 9.995670714607591822e-01 -2.874175341149705354e-02 -2.541844882809811135e-01 2.668793164147327257e-01 2.602142079400033073e-02 9.633785952118010254e-01 1.122301040021425855e+01
9.615159152991669123e-01 -1.403568286864608460e-02 -2.743904928769225759e-01 -2.113297584982269939e+00 5.631988307356163188e-03 9.994913244096765848e-01 -3.139065345982713917e-02 -2.800331546842728669e-01 2.746915111180487368e-01 2.863724886866837391e-02 9.611058648043689923e-01 1.179026786126649640e+01
9.590590687754501076e-01 -1.291239843124549272e-02 -2.829115954149258316e-01 -2.305559553686664653e+00 3.286269511873064417e-03 9.994002123751242195e-01 -3.447340899056158120e-02 -2.920157801957988242e-01 2.831870478068319597e-01 3.213231182010693743e-02 9.585262710262396624e-01 1.237421225527090130e+01
9.567950018161002212e-01 -1.399492535736399437e-02 -2.904263499333543108e-01 -2.472403369104030801e+00 2.442609706084736352e-03 9.991926233816315062e-01 -4.010155890489855435e-02 -3.306702307034751209e-01 2.907530898119068952e-01 3.765957299545928672e-02 9.560566924434673597e-01 1.298857660623391475e+01
9.549036123144178934e-01 -1.507049486334800445e-02 -2.965332518911155679e-01 -2.677794835243580529e+00 1.297720182540984969e-03 9.989133420375226891e-01 -4.658809943676438942e-02 -3.618667598236151028e-01 2.969131324847050224e-01 4.410232740319277450e-02 9.538855163931873049e-01 1.356760114873885747e+01
9.534584707406492665e-01 -1.564099689196797247e-02 -3.011184183018114635e-01 -2.904525165878621973e+00 -9.497028787170436496e-04 9.984929529896833245e-01 -5.487185872627312055e-02 -3.984595946145107481e-01 3.015228744326041710e-01 5.260401175690765374e-02 9.520067101149186639e-01 1.418752532295555824e+01
9.521399927696742038e-01 -1.602780037123682430e-02 -3.052417759539798880e-01 -3.099425535187467329e+00 -3.645755877752731699e-03 9.979577389851816971e-01 -6.377350270170037416e-02 -4.444332952581123708e-01 3.056405467782705720e-01 6.183413970190983905e-02 9.501370413500936918e-01 1.481110673864960781e+01
9.508751251977194396e-01 -1.489414869656472719e-02 -3.092162003676456328e-01 -3.326857185025554831e+00 -7.825395638254151534e-03 9.973663800709218208e-01 -7.210455651629932294e-02 -4.851811529853087279e-01 3.094757836966242626e-01 7.098216869206123991e-02 9.482543293310462529e-01 1.545643386772002970e+01
9.498135094495369080e-01 -1.417498377689975671e-02 -3.124953839927206989e-01 -3.576842401409630501e+00 -1.119519752196037471e-02 9.967925150994590977e-01 -7.924234585095435435e-02 -5.431491604630414027e-01 3.126163240705764901e-01 7.876389860809469845e-02 9.466083056386903616e-01 1.611372448664238277e+01
9.480491561179650306e-01 -1.261231609022912120e-02 -3.178737562525160154e-01 -3.800104251833828162e+00 -1.558583171264763152e-02 9.961723951955173684e-01 -8.600953948764833434e-02 -6.093978939755532176e-01 3.177418460519755294e-01 8.649559871547118917e-02 9.442238256051787015e-01 1.676601266419270431e+01
9.462007286826307206e-01 -1.152200927278355415e-02 -3.233750486985056405e-01 -4.036014513943237070e+00 -1.923687359522976634e-02 9.955952345930969560e-01 -9.176094775317272800e-02 -6.776524540568523713e-01 3.230079334630935883e-01 9.304500113436672826e-02 9.418112894434109705e-01 1.743372293036683374e+01
9.445694548656046186e-01 -9.571450616357782964e-03 -3.281721042124855492e-01 -4.286502100757945577e+00 -2.358726530707215899e-02 9.950135034173307469e-01 -9.691113928562050672e-02 -7.490257511168205706e-01 3.274632608923426225e-01 9.927998511588490005e-02 9.396335986014722197e-01 1.810745691081042352e+01
9.425311243546101725e-01 -7.210217704121895874e-03 -3.340405514618786653e-01 -4.542181211687069009e+00 -2.789809048953867388e-02 9.945776040215477121e-01 -1.001852589760934831e-01 -8.278361723986440435e-01 3.329516145093258106e-01 1.037468189749013725e-01 9.372191965172546047e-01 1.881373737977027361e+01
9.410525211808757895e-01 -6.008995517356009210e-03 -3.382070991777642588e-01 -4.804878199091596969e+00 -3.016106462265553956e-02 9.943690838205752058e-01 -1.015895433411016652e-01 -9.044837318495611012e-01 3.369131401902631939e-01 1.058017827319754356e-01 9.355722960637667951e-01 1.949194068013598624e+01
9.389518748826140015e-01 -5.426997029210436398e-03 -3.440057003362411159e-01 -5.096830480098232918e+00 -3.114964047882549589e-02 9.944280873791617736e-01 -1.007098750219065503e-01 -9.920964901422968385e-01 3.426354886536806532e-01 1.052773805199258700e-01 9.335510685347063742e-01 2.020939728773819866e+01
9.367218371637423546e-01 -5.310904016522906279e-03 -3.500342719017066617e-01 -5.381795190942280982e+00 -3.147815264401811197e-02 9.945567044101275567e-01 -9.932818139616826636e-02 -1.081948316531680110e+00 3.486564602643558164e-01 1.040613094452894211e-01 9.314558063404458910e-01 2.093863887074914132e+01
9.341969985991869230e-01 -5.304572026019162105e-03 -3.567181333506560525e-01 -5.651513415755443859e+00 -3.159354126598362678e-02 9.947308569435777681e-01 -9.753138160689965586e-02 -1.161609204562476849e+00 3.553559027650716740e-01 1.023835136555560354e-01 9.291069912344316339e-01 2.165436769624784930e+01
9.313614476683763632e-01 -5.624897289692856739e-03 -3.640524846304295514e-01 -5.947178568604233106e+00 -3.089236372337782199e-02 9.950542778433537627e-01 -9.440681127868451317e-02 -1.250591357392141667e+00 3.627830169910916114e-01 9.917330677884191037e-02 9.265814268377946528e-01 2.236094561106701306e+01
9.277597610694834351e-01 -1.597145954475724921e-03 -3.731745864474696472e-01 -6.284982864206488884e+00 -3.396056136379413393e-02 9.954800925156165325e-01 -8.869084337967193810e-02 -1.323040149338058136e+00 3.716295304032263269e-01 9.495701464300543293e-02 9.235121333121610876e-01 2.316709521923464266e+01
9.241947692087412181e-01 4.581523471784956694e-04 -3.819212165376363322e-01 -6.592109971920010025e+00 -3.495073529467940948e-02 9.959046333398434703e-01 -8.338109753772909860e-02 -1.404968102437004429e+00 3.803189143702898067e-01 9.040880202453932535e-02 9.204258660417627969e-01 2.389503816464825547e+01
9.208515158672729850e-01 4.572278225117059475e-03 -3.898866205103027061e-01 -6.928000736336655585e+00 -3.870459144582730909e-02 9.960645440569944054e-01 -7.973317201560788103e-02 -1.480144820844643716e+00 3.879876832758753502e-01 8.851281513210655649e-02 9.174045139856871200e-01 2.462927167509397108e+01
9.168920639337506673e-01 4.436327016888071996e-03 -3.991105846988068362e-01 -7.273035823594534044e+00 -3.865754066779198556e-02 9.962242350428152093e-01 -7.773588689439965560e-02 -1.556124826513691328e+00 3.972587819157495925e-01 8.670405187016005932e-02 9.136015930431662380e-01 2.537361741762290279e+01
9.129283141944075641e-01 5.313098734086689479e-03 -4.080853595861551053e-01 -7.626179979956473787e+00 -4.005448758430476403e-02 9.962543318632499645e-01 -7.663513764158054464e-02 -1.629143963683437946e+00 4.061496441510131228e-01 8.630803740688768044e-02 9.097216016986398035e-01 2.612451491317223073e+01
9.089219363488583170e-01 4.943120194267646740e-03 -4.169370163902095250e-01 -7.976195480592112474e+00 -4.007577352547794097e-02 9.963361449744287945e-01 -7.555275407550231248e-02 -1.696520435084952538e+00 4.150359603638566486e-01 8.538062938079667152e-02 9.057898780771637126e-01 2.688281573870303731e+01
9.048999803381013729e-01 5.349667245413294511e-03 -4.255906518695327656e-01 -8.356555018963909731e+00 -4.070251047610783796e-02 9.964259713802947616e-01 -7.401749291677854614e-02 -1.766853546112842288e+00 4.236736169935000351e-01 8.430103624030205189e-02 9.018835873771530176e-01 2.768012130115728198e+01
9.011501329044235842e-01 6.845622915277064201e-03 -4.334530788913508181e-01 -8.758543040637018606e+00 -4.201804426456907937e-02 9.965467867829850279e-01 -7.161693774953770131e-02 -1.839333443369160159e+00 4.314660178280156910e-01 8.275046399353053195e-02 8.983259096326940973e-01 2.847738761778392202e+01
8.974519350104922522e-01 6.537561770143051655e-03 -4.410638056984106936e-01 -9.143235616923295339e+00 -4.029347120163485896e-02 9.969248831394497135e-01 -6.721021960852420485e-02 -1.911689803934013776e+00 4.392680995182982051e-01 7.808993371055708566e-02 8.949555870933565416e-01 2.924223044235082725e+01
8.934270533034588402e-01 7.466268849608388714e-03 -4.491462469913130029e-01 -9.561470118271669705e+00 -3.956990784288225149e-02 9.972831605506979891e-01 -6.213308411846144713e-02 -1.973444360851073442e+00 4.474620941127988027e-01 7.328405412346997161e-02 8.912951956255821262e-01 3.004979278620496785e+01
8.897475874662691409e-01 8.228492219941697244e-03 -4.563787005588965107e-01 -9.969641723419091051e+00 -3.873383958031479529e-02 9.975921973080081884e-01 -5.752823315579508323e-02 -2.038593238324720058e+00 4.548064678820373241e-01 6.886290625474403293e-02 8.879239725540970518e-01 3.084731127974316678e+01
8.861830814861693106e-01 7.024325473645539122e-03 -4.632819882482416274e-01 -1.042108910241869424e+01 -3.696803829128967461e-02 9.977693163454687264e-01 -5.558556979924881430e-02 -2.109569306714518255e+00 4.618581094862244107e-01 6.638561800188161333e-02 8.844659635412069898e-01 3.165039619625015987e+01
8.829078275941506515e-01 7.010614044992812509e-03 -4.694939987409731952e-01 -1.084931393091895835e+01 -3.673675216962757339e-02 9.978548910169549035e-01 -5.418512323097612882e-02 -2.165237966524107271e+00 4.681070200008311533e-01 6.508815428909840717e-02 8.812714419184892733e-01 3.247641404102476059e+01
8.797708992585318022e-01 7.189923579923254357e-03 -4.753435234709182389e-01 -1.130888951092760664e+01 -3.650561002452872711e-02 9.979550202202008835e-01 -5.247016410000984038e-02 -2.217741084260385520e+00 4.739942072503390280e-01 6.351442890275793562e-02 8.782342587593783279e-01 3.329466528800588065e+01
8.768291961808911683e-01 5.950518218644495864e-03 -4.807651687199253066e-01 -1.179088508482053577e+01 -3.478258920511437258e-02 9.980884885450723720e-01 -5.108366260666552527e-02 -2.285391602421883217e+00 4.795422145693962190e-01 6.151390431949301657e-02 8.753601022215626859e-01 3.414306115638326844e+01
8.739192199340551914e-01 5.227177359697197760e-03 -4.860430731443808883e-01 -1.227242170292809931e+01 -3.419286831612834004e-02 9.981261233099414376e-01 -5.074534249233209754e-02 -2.343210296473348553e+00 4.848670417882649519e-01 6.096653704343894808e-02 8.724603359359189847e-01 3.497985594020025957e+01
8.717998868744025742e-01 4.872532950662017588e-03 -4.898379435146091310e-01 -1.272776914029719819e+01 -3.426608171158088134e-02 9.981076982595317171e-01 -5.105740280550582350e-02 -2.403089583451799349e+00 4.886622518437876983e-01 6.129666510910180416e-02 8.703171417185890935e-01 3.582034141746460421e+01
8.706709006888703195e-01 4.637738951824512193e-03 -4.918441514075887477e-01 -1.324307392556408836e+01 -3.438416574172936668e-02 9.980831559355231031e-01 -5.145622456125501648e-02 -2.458656641926370678e+00 4.906627307623592227e-01 6.171308832941230921e-02 8.691614258035150753e-01 3.667836920080583951e+01
8.702706066335523793e-01 4.918683749743277094e-03 -4.925493609473033940e-01 -1.374852832684028847e+01 -3.444954293850226862e-02 9.981093936657886578e-01 -5.090056316043988643e-02 -2.517415591243431283e+00 4.913677886793589300e-01 6.126536445750514759e-02 8.687947145982632957e-01 3.755435768282909237e+01
8.700746134655518160e-01 4.640783994744480251e-03 -4.928981895996806251e-01 -1.426298367824822577e+01 -3.336727109656877077e-02 9.982164919715530438e-01 -4.950212557507958216e-02 -2.572567599185980658e+00 4.917893815049786954e-01 5.951721039319661510e-02 8.686776793846657796e-01 3.843193615907178895e+01
8.697993099925908078e-01 3.436603995538657034e-03 -4.933937020943489071e-01 -1.477620158345100165e+01 -3.166864879781076947e-02 9.983027271464228747e-01 -4.887495997412433929e-02 -2.633593975970020207e+00 4.923883229425077834e-01 5.813651842207869652e-02 8.684318565215761732e-01 3.933078114618173515e+01
8.689836045984794533e-01 2.091432898998045117e-03 -4.948364537911955074e-01 -1.528995464938677884e+01 -3.046312831199908186e-02 9.983204789126618461e-01 -4.927696470967628944e-02 -2.698025007073533654e+00 4.939023145612361776e-01 5.789514088979055145e-02 8.675878405817267769e-01 4.022486471884732850e+01
8.679839641533576566e-01 -1.719022381536652541e-04 -4.965921903808799276e-01 -1.581942500596908552e+01 -2.828741671211765923e-02 9.983591110393971180e-01 -4.978862830802129741e-02 -2.760018966750009461e+00 4.957859050419309854e-01 5.726304127539952327e-02 8.665548368638850141e-01 4.114965606630615724e+01
8.663599436878851590e-01 -6.076593403888134667e-04 -4.994197370928245006e-01 -1.633234660898934365e+01 -2.692324979770777116e-02 9.984882853832409699e-01 -4.791954318621425429e-02 -2.826071278245806173e+00 4.986938843145921063e-01 5.496157513020819008e-02 8.650338952234216672e-01 4.204687789051864399e+01
8.642658368797967450e-01 3.411979727498090133e-05 -5.030353437346959389e-01 -1.689681470968610455e+01 -2.586851108266961102e-02 9.986798800245768604e-01 -4.437699195014570969e-02 -2.884021711206854022e+00 5.023697712425593265e-01 5.136629347189691080e-02 8.631257856086780311e-01 4.298790377737725521e+01
8.619180952665409512e-01 -3.462266464965338126e-04 -5.070474061805128052e-01 -1.746221881674509291e+01 -2.338884740291072989e-02 9.989081783511269963e-01 -4.044024088543106410e-02 -2.942824330275791489e+00 5.065078110582132975e-01 4.671542978075377689e-02 8.609689372908660987e-01 4.389515597168391281e+01
8.578035183567304101e-01 -1.349921721034669274e-03 -5.139759687134233257e-01 -1.798702373142560162e+01 -2.153487112954522928e-02 9.990240331401016860e-01 -3.856462852280518466e-02 -3.003958435223766266e+00 5.135264132788235347e-01 4.414928022743704744e-02 8.569372608729668439e-01 4.478619255604918692e+01
8.521758517688322598e-01 -4.048616817750738325e-03 -5.232398312467193557e-01 -1.853593641021395655e+01 -1.984225617617707202e-02 9.990008021524455772e-01 -4.004600108979702866e-02 -3.066014574996732467e+00 5.228791510567621925e-01 4.450849380547750728e-02 8.512440265255821759e-01 4.568670575387439925e+01
8.462912841438456901e-01 -6.673168339617721254e-03 -5.326786326385819503e-01 -1.911209204257676930e+01 -1.911379639163826236e-02 9.988973449307482211e-01 -4.288073121303102864e-02 -3.127632296285423941e+00 5.323774313542471992e-01 4.647109996511455954e-02 8.452305679268145022e-01 4.657156704008423276e+01
8.402074322998749345e-01 -7.568823104357845846e-03 -5.422122996622883440e-01 -1.969924644013457282e+01 -1.847044718478126415e-02 9.989229193621302905e-01 -4.256575835276930203e-02 -3.187785838188993193e+00 5.419504753267735397e-01 4.577897011476114025e-02 8.391626623472964175e-01 4.747505210446117019e+01
8.344730682999003113e-01 -4.573349018231427643e-03 -5.510297422681973423e-01 -2.031529623325265277e+01 -1.960097523677769779e-02 9.990864124407543567e-01 -3.797554846429582187e-02 -3.238126531637094185e+00 5.507000132815210725e-01 4.249029268190848696e-02 8.336210627504299087e-01 4.835472026535684620e+01
8.296349878912160358e-01 -2.545992589649894735e-04 -5.583061131661622989e-01 -2.091080354199938540e+01 -2.250251354462636660e-02 9.991720720795811417e-01 -3.389406000656621648e-02 -3.288572806233827972e+00 5.578525149681645701e-01 4.068298881255070359e-02 8.289423815735714740e-01 4.922945251097964814e+01
8.252278023679407992e-01 -1.626134044561930480e-04 -5.648000013970636557e-01 -2.152065525826879266e+01 -2.357481585518119219e-02 9.991185432276218359e-01 -3.473276092646603030e-02 -3.352123428519046211e+00 5.643078123524006839e-01 4.197749587963255091e-02 8.244965669364513472e-01 5.012423385714781432e+01
8.219669263591373731e-01 -2.002885619568108878e-03 -5.695316972301948111e-01 -2.215664020651339783e+01 -2.445274134249433504e-02 9.989476017902686467e-01 -3.880402510072217953e-02 -3.399597949854228585e+00 5.690100529222482661e-01 4.582223643591898377e-02 8.210529145839038367e-01 5.098303835622345304e+01
8.192339813626151601e-01 -4.595572020749253903e-03 -5.734409805301218244e-01 -2.276243480654572693e+01 -2.596113368449148862e-02 9.986454490126481787e-01 -4.509198099468776644e-02 -3.478855700391922046e+00 5.728714587976474482e-01 5.182806104204214226e-02 8.180049816993827383e-01 5.184736540647534753e+01
8.154961607330311057e-01 -5.328616912454896791e-03 -5.787379469297523338e-01 -2.338297271110914721e+01 -2.646589586264330371e-02 9.985682299929540262e-01 -4.648705681322192612e-02 -3.537076007312259573e+00 5.781570489703318216e-01 5.322683456756546749e-02 8.141875319707537750e-01 5.270900888681012475e+01
8.125129915617382848e-01 -3.932845409600762079e-03 -5.829298111495295753e-01 -2.399832463375197378e+01 -2.604747791207821100e-02 9.987335586433770951e-01 -4.304425375353767430e-02 -3.593170214179436162e+00 5.823608611580500805e-01 5.015786671167766358e-02 8.113815516108914272e-01 5.356084637615067834e+01
8.090838019008985693e-01 -2.086136179944362515e-03 -5.876895803843397159e-01 -2.464642378719460325e+01 -2.516655313781439307e-02 9.989534106494830645e-01 -3.819329787495438777e-02 -3.643577028263811357e+00 5.871541972695963896e-01 4.569169960330336094e-02 8.081845233692145358e-01 5.442301816578841311e+01
8.062735231740281172e-01 -4.541484992320716195e-04 -5.915427227594359794e-01 -2.530591157990157214e+01 -2.540390457980383834e-02 9.990505533734782562e-01 -3.539256257528290012e-02 -3.703315654366200249e+00 5.909971681855848979e-01 4.356358087984060767e-02 8.054964731742658701e-01 5.528917723119369754e+01
8.032114663829481582e-01 1.981093615518925881e-04 -5.956939601903284975e-01 -2.592904339440627126e+01 -2.656415276692853170e-02 9.990170664212987273e-01 -3.548586815633140296e-02 -3.753467321955316294e+00 5.951014127713136759e-01 4.432676143588158701e-02 8.024272262969025515e-01 5.613415605060009028e+01
7.995604074440787468e-01 -4.133225835810205688e-04 -6.005855285410821587e-01 -2.659536979168115423e+01 -2.716651579616598255e-02 9.989513206457706351e-01 -3.685430032507895637e-02 -3.809460118991430111e+00 5.999709499541078239e-01 4.578305551906908244e-02 7.987106972521088588e-01 5.700188349945338473e+01
7.959132998380531454e-01 -3.138806759879883036e-03 -6.054024777075058816e-01 -2.724872402294129259e+01 -2.579521972467261823e-02 9.989026266279886768e-01 -3.909154900660429671e-02 -3.879189505627385071e+00 6.048608363938877686e-01 4.672997359345810314e-02 7.949589204070892645e-01 5.785439845936073766e+01
7.916567774232822208e-01 -4.045137281479169698e-03 -6.109526794173218978e-01 -2.789471247850278601e+01 -2.544707833746199382e-02 9.988920295562906393e-01 -3.958736592186617304e-02 -3.924140458086024630e+00 6.104359087586860300e-01 4.688656711686684658e-02 7.906767090355425465e-01 5.867603357021058486e+01
7.868825657627850356e-01 -4.741342984910473443e-03 -6.170845485799265617e-01 -2.858067214885243246e+01 -2.466836111935368989e-02 9.989295305542892356e-01 -3.913138117065295685e-02 -3.981472362100084705e+00 6.166095243555513861e-01 4.601426598108279697e-02 7.859232717151062309e-01 5.953151473040715302e+01
7.822663125188977773e-01 -4.567622662540290340e-03 -6.229274000427211799e-01 -2.925899004899653022e+01 -2.452283677378973639e-02 9.989722000140708325e-01 -3.812052100642971536e-02 -4.040556957501530100e+00 6.224612861582935475e-01 4.509634621681574140e-02 7.813502890145896940e-01 6.036791672250013363e+01
7.765349935060447129e-01 -5.153347578673204803e-03 -6.300530448424951357e-01 -2.995535619543150929e+01 -2.488931560509705793e-02 9.989351731783600030e-01 -3.884638725190150965e-02 -4.099477458791971785e+00 6.295823472524297859e-01 4.584716801940020431e-02 7.755798557982463981e-01 6.120864087056601477e+01
7.713450583377889913e-01 -6.528594672539991990e-03 -6.363836663020041584e-01 -3.066626587036727969e+01 -2.430751685204069271e-02 9.989155296354756963e-01 -3.971031758254007366e-02 -4.154120912230988338e+00 6.359527906088043858e-01 4.609926378922682422e-02 7.703498644405144535e-01 6.204400041834134072e+01
7.662673203473107097e-01 -7.759277748797774842e-03 -6.424750419646981792e-01 -3.136502506134154800e+01 -2.406792646695535276e-02 9.988786845485136956e-01 -4.076896508468833696e-02 -4.212148430540913147e+00 6.420709735674964280e-01 4.670296756083608392e-02 7.652213441274774430e-01 6.285746575081502385e+01
7.600091570616172021e-01 -9.680924776781644689e-03 -6.498402518188396426e-01 -3.207857131614365187e+01 -2.301742898283849065e-02 9.988608281709961956e-01 -4.180004724278278683e-02 -4.273337548945579378e+00 6.495046464233350525e-01 4.672607037709635563e-02 7.589205469445859942e-01 6.369354568627607449e+01
7.545203027902026571e-01 -1.131855700486656714e-02 -6.561790874504790372e-01 -3.281604325322889082e+01 -2.235189148639579390e-02 9.988279858898321262e-01 -4.293073012476570499e-02 -4.332076653966694835e+00 6.558959615274577715e-01 4.705895111049618329e-02 7.533830041027693714e-01 6.451068605855442684e+01
7.481098848523259903e-01 -1.218694098229168923e-02 -6.634629381894323608e-01 -3.354930073597051177e+01 -2.164030869380859784e-02 9.988514572050771756e-01 -4.274884227932514852e-02 -4.400625733185029809e+00 6.632219116676856263e-01 4.633837411177921251e-02 7.469869203915320277e-01 6.533883938074433217e+01
7.418660163508110639e-01 -1.236321978982125695e-02 -6.704341549421510837e-01 -3.429337452171311895e+01 -2.070213491194639738e-02 9.989311061811753101e-01 -4.132876419252119043e-02 -4.457154879761073829e+00 6.702285001741812298e-01 4.453982380246794548e-02 7.408170962398096249e-01 6.615725235672574911e+01
7.356434104274627295e-01 -1.290897111019090153e-02 -6.772459837699875695e-01 -3.503338264954095393e+01 -1.982974336939079957e-02 9.989794552695618890e-01 -4.058114416339368008e-02 -4.527134790399724551e+00 6.770786964483821446e-01 4.328286515573603194e-02 7.346366727793020024e-01 6.695530999923296633e+01
7.291178645029786631e-01 -1.416319072488626471e-02 -6.842415764182607774e-01 -3.581257502943734750e+01 -1.942758791822840614e-02 9.989546178886100636e-01 -4.137922497787850651e-02 -4.580036959229870419e+00 6.841123561721725865e-01 4.346349533877132826e-02 7.280805020491800672e-01 6.778212597842050968e+01
7.224926182081875536e-01 -1.586821956141943116e-02 -6.911965041042700264e-01 -3.661269312865751857e+01 -1.868942209750398126e-02 9.989229848131830902e-01 -4.246852887059516385e-02 -4.653223019124080650e+00 6.911259868365671188e-01 4.360126163430117635e-02 7.214179157942318676e-01 6.857813826514485811e+01
7.166416832382195290e-01 -1.504217159817016619e-02 -6.972792997176942009e-01 -3.737259462351148187e+01 -2.046231977282409950e-02 9.988835333987770015e-01 -4.257910531028116785e-02 -4.706822905918610189e+00 6.971413049029847597e-01 4.478191350906304130e-02 7.155337799784160513e-01 6.935688286912046863e+01
7.117340005771173317e-01 -1.498939363938332076e-02 -7.022891294009204755e-01 -3.819433027222452637e+01 -2.035892850760653502e-02 9.989121326507831578e-01 -4.195313227791207938e-02 -4.768189454367555591e+00 7.021539961154326104e-01 4.415732464707428778e-02 7.106545613801500405e-01 7.017314131879004435e+01
7.067990030509968546e-01 -1.450024457045118870e-02 -7.072657936343763607e-01 -3.901733697881414997e+01 -2.135613634154380838e-02 9.988968405028004760e-01 -4.182125669124225203e-02 -4.827031701663775820e+00 7.070919973062503860e-01 4.466368705156837510e-02 7.057096228021242368e-01 7.097582619017256889e+01
7.013228716921297012e-01 -1.516542350792710395e-02 -7.126824188167191210e-01 -3.982550788450348733e+01 -2.125537280898347203e-02 9.988842351264115571e-01 -4.217219438695547773e-02 -4.899814251697609535e+00 7.125268042888620590e-01 4.472465477324374938e-02 7.002180145279470747e-01 7.176545674486416715e+01
6.961317695368862690e-01 -1.722556788743900835e-02 -7.177073426188333993e-01 -4.066050386062654098e+01 -2.121872331108018081e-02 9.987816810714753579e-01 -4.455243396727384675e-02 -4.965448311757918454e+00 7.176003995333510854e-01 4.624319802129681078e-02 6.949181554646753911e-01 7.255866391884457300e+01
6.912733873126369888e-01 -1.938965969022113378e-02 -7.223331193941542328e-01 -4.149044599500169994e+01 -2.094968314418533401e-02 9.986819171066360079e-01 -4.685658175433515815e-02 -5.027037996509283957e+00 7.222895700999149016e-01 4.752335777765091807e-02 6.899560254638048562e-01 7.333201045818978514e+01
6.866030264647947634e-01 -1.981404163693468654e-02 -7.267624632410215613e-01 -4.235018636268319625e+01 -2.164272444235260107e-02 9.986285061718627176e-01 -4.767283475990376218e-02 -5.096994890036261161e+00 7.267103170758953956e-01 4.846143217317912949e-02 6.852325258188163293e-01 7.412635125054246998e+01
6.812726769496392221e-01 -1.953556811019504028e-02 -7.317690149678550693e-01 -4.320887426386510555e+01 -2.193296606824941125e-02 9.986503083708555550e-01 -4.707978999163306422e-02 -5.167555432462291876e+00 7.317010955194407362e-01 4.812403934546194417e-02 6.799246969854639833e-01 7.491201409199490513e+01
6.769540784948033796e-01 -1.978834317781851676e-02 -7.357591909241411043e-01 -4.406192614674786512e+01 -2.109338513947796659e-02 9.987063407594538589e-01 -4.626785130341935087e-02 -5.233005383201376759e+00 7.357229460601896198e-01 4.684086242478092271e-02 6.756609284752105316e-01 7.566324003803022435e+01
6.706218795674788735e-01 -2.047936237634321102e-02 -7.415166081497962525e-01 -4.492600389904040981e+01 -2.035770520584574347e-02 9.987342290540283107e-01 -4.599460389150512862e-02 -5.312612663852041450e+00 7.415199709255116955e-01 4.594056401081499097e-02 6.693561140861639114e-01 7.646339854740276110e+01
6.665946459951014313e-01 -2.149412150098620536e-02 -7.451104417335759900e-01 -4.581565335359968572e+01 -1.989656198068230283e-02 9.987150014280190558e-01 -4.660979269529662294e-02 -5.371757256476986875e+00 7.451548252841398989e-01 4.589497413056595893e-02 6.653104147428943183e-01 7.723423745803599161e+01
6.626840751368370253e-01 -2.238088203984528457e-02 -7.485645612103182245e-01 -4.672236426979920054e+01 -1.836316693072068823e-02 9.987672041312465332e-01 -4.611795832579706350e-02 -5.443164653406719289e+00 7.486739074164043828e-01 4.430765232197977216e-02 6.614561381155316111e-01 7.802430867222224720e+01
6.582239785949010047e-01 -2.296120135440838858e-02 -7.524719042965166693e-01 -4.760932402808384012e+01 -1.757787076254309702e-02 9.987934972476791851e-01 -4.585377129145335601e-02 -5.517376973299973564e+00 7.526169155370625585e-01 4.340890541390089730e-02 6.570262215705230391e-01 7.878270103337352737e+01
6.543424098187738958e-01 -2.599612740094312674e-02 -7.557514151561525173e-01 -4.850624733140256950e+01 -1.456095415931030028e-02 9.987904849337049251e-01 -4.696323923091200864e-02 -5.587785608339214782e+00 7.560581978334680597e-01 4.173450058182723299e-02 6.531724454483565090e-01 7.954944043459310876e+01
6.496366778543172238e-01 -3.016702715100524901e-02 -7.596460535002707015e-01 -4.941804529659577838e+01 -1.168885973462767056e-02 9.986979604190888704e-01 -4.965636338029995323e-02 -5.671778397611597633e+00 7.601549622553264163e-01 4.113799084083112623e-02 6.484382080951303085e-01 8.033292340333092341e+01
6.449000547491425817e-01 -3.383195954144820050e-02 -7.635177189420202515e-01 -5.031737877777116807e+01 -8.271012356192255707e-03 9.986522731020558430e-01 -5.123697674312432948e-02 -5.736879520806684063e+00 7.642221660936919791e-01 3.935779331009798404e-02 6.437510821066350086e-01 8.109496685206893574e+01
6.383583752010202339e-01 -3.760330215867693088e-02 -7.688202426969162895e-01 -5.123133670570003773e+01 -3.308602142696436162e-03 9.986627573559568871e-01 -5.159215264824395381e-02 -5.806699055067783277e+00 7.697321920818114283e-01 3.547800271829006785e-02 6.373803218645526236e-01 8.186147646925135746e+01
6.301348081211466390e-01 -4.136256574705491490e-02 -7.753832927529059615e-01 -5.217578731378437595e+01 1.643278256244220040e-03 9.986490034462355281e-01 -5.193714985827655589e-02 -5.892339140979030887e+00 7.764840197875515493e-01 3.145323509361231534e-02 6.293514694527464481e-01 8.262195537461600736e+01
6.218786785707525189e-01 -4.240194002687209390e-02 -7.819648159462433412e-01 -5.310542676272584828e+01 4.481475566806582961e-03 9.987094071695369335e-01 -5.059087256104358166e-02 -5.977909179399617301e+00 7.831007824388448446e-01 2.795702836111356795e-02 6.212661107556275430e-01 8.336382980559390887e+01
6.122996295036824410e-01 -4.216214288696152473e-02 -7.895007954218433710e-01 -5.407230526492830336e+01 6.669495961457266343e-03 9.988169895413396837e-01 -4.816782332198991934e-02 -6.037696418336657267e+00 7.905976800402982896e-01 2.422756756891600305e-02 6.118564739816999554e-01 8.410077551542072172e+01
6.041947795496317442e-01 -4.141096380958585871e-02 -7.957598813883517419e-01 -5.506522757781209521e+01 5.121312574352989040e-03 9.988298686745287203e-01 -4.809018174631400633e-02 -6.118886412580715195e+00 7.968202123734294817e-01 2.498050123498693834e-02 6.036998719116046797e-01 8.483612055041791677e+01
5.946781908695097929e-01 -4.227425736434611836e-02 -8.028516205764119062e-01 -5.604467830810388307e+01 3.592125093388481242e-03 9.987463396285056749e-01 -4.992840571028944047e-02 -6.194777674805482803e+00 8.039558174838756788e-01 2.680739010304186015e-02 5.940845219286476908e-01 8.554132703479507427e+01
5.839888118481323387e-01 -4.449318448941499277e-02 -8.105414314853890412e-01 -5.702320619269129054e+01 4.501408390865714072e-03 9.986589110696583171e-01 -5.157631861206272983e-02 -6.270598980284710855e+00 8.117492320342706291e-01 2.647141459208848455e-02 5.834059140419901590e-01 8.626456817542721467e+01
5.742751059854338536e-01 -4.570406580927415668e-02 -8.173856059474325919e-01 -5.804280363117026553e+01 4.399753672556474225e-03 9.985982999027896989e-01 -5.274540336459612039e-02 -6.348634206989114404e+00 8.186505700008330777e-01 2.669407635047688424e-02 5.736712322853223522e-01 8.696608992296617657e+01
5.642967027083872766e-01 -4.736178190597453014e-02 -8.242124001339354855e-01 -5.906917480740873572e+01 8.051397874535060756e-03 9.986213124640472838e-01 -5.187146861312348645e-02 -6.427034199734885433e+00 8.255328082281447877e-01 2.263483625963371923e-02 5.639000435784792264e-01 8.766361245514184475e+01
5.543275027838913127e-01 -4.682727351763815715e-02 -8.309802726485201463e-01 -6.010165899847876858e+01 8.882390205163700689e-03 9.986919886420624337e-01 -5.035290396077588687e-02 -6.512083301690704040e+00 8.322512446119310070e-01 2.053090797436590842e-02 5.540183753902340191e-01 8.834307605238062422e+01
5.434969997997907143e-01 -4.775580179551123378e-02 -8.380515388829973267e-01 -6.115928033815143294e+01 9.706888192635983875e-03 9.986711447310353540e-01 -5.061344655769431378e-02 -6.597570496296053300e+00 8.393549899181580454e-01 1.937338324893231670e-02 5.432383323469400782e-01 8.901937422209358886e+01
5.336507533375094425e-01 -4.813852754990480959e-02 -8.443337862902655644e-01 -6.217726042494319216e+01 8.027233492848917865e-03 9.986220224100271770e-01 -5.186154501595598848e-02 -6.670989045542690121e+00 8.456668662917428136e-01 2.089828761094512932e-02 5.333018149381554274e-01 8.966034879708816163e+01
5.235221907247357143e-01 -4.899086516844471800e-02 -8.506023735065100233e-01 -6.327644189911817563e+01 7.301255458952674894e-03 9.985667994492607447e-01 -5.301922932376712527e-02 -6.755255132251787309e+00 8.519807623640048844e-01 2.154627735731596411e-02 5.231295744420316751e-01 9.031814851207208505e+01
5.139188295274093043e-01 -4.965139354058984572e-02 -8.564007020534833980e-01 -6.432630582270816433e+01 5.797868182686297805e-03 9.985018072229576713e-01 -5.441071282719889962e-02 -6.837926198963905300e+00 8.578192312548781340e-01 2.299739097141429572e-02 5.134367534793492505e-01 9.094188197627325110e+01
