1.0 0.0 0.0 0.0 0.0 1.0 0.0 0.0 0.0 0.0 1.0 0.0
0.999291 0.037316743 0.004909315 1.8845215 -0.037352834 0.9992737 0.007477954 3.074585 -0.0046266103 -0.0076560695 0.99996 0.06347656
0.9941383 -0.108050965 0.003096856 3.8613281 0.10801873 0.9941044 0.009163359 5.29187 -0.00406902 -0.008775112 0.9999532 0.11376953
0.99246234 -0.12255143 0.0010274147 5.517334 0.12253864 0.992429 0.008381284 7.2025146 -0.0020469886 -0.008192191 0.99996436 0.12023926
0.99791217 -0.06426507 0.006295895 6.4038086 0.064177975 0.99785054 0.013180135 8.809082 -0.0071294755 -0.0127485115 0.99989337 0.119384766
0.99750787 -0.07013182 0.007617551 7.1325684 0.07007733 0.9975147 0.0071980725 9.547974 -0.008103449 -0.0066462015 0.9999451 0.16381836
0.9993182 -0.035276357 0.010906712 7.3164062 0.035207223 0.99935913 0.006468091 9.550293 -0.0111278985 -0.00607977 0.9999197 0.12524414
0.999793 0.014609839 0.014164068 7.4923096 -0.014708412 0.9998682 0.0068804827 9.455444 -0.014061673 -0.007087397 0.999876 0.15808105
0.99784386 0.06381356 0.015387439 7.76355 -0.06394462 0.99792063 0.008183872 9.503418 -0.014833341 -0.009149949 0.9998481 0.1171875
0.9932099 0.11393587 0.023628239 7.991089 -0.11411604 0.99344945 0.006418109 9.369873 -0.022742392 -0.0090702 0.99970025 0.14331055
0.98576736 0.1652962 0.030425059 8.262085 -0.16534337 0.9862284 -0.0009784028 9.352539 -0.030167717 -0.004067131 0.99953663 0.12805176
0.97499 0.21951711 0.034868453 8.527832 -0.2194009 0.9756128 -0.0071717324 9.206909 -0.035592474 -0.0006556376 0.9993664 0.14013672
0.9609663 0.2738959 0.03874505 8.797363 -0.2738124 0.9617413 -0.0075472286 9.107544 -0.039330672 -0.0033590812 0.9992205 0.12536621
0.943206 0.32925865 0.043517113 9.053955 -0.32921275 0.9441871 -0.008423624 8.974365 -0.04386314 -0.0063808053 0.9990178 0.10852051
0.9222987 0.38358825 0.04667336 9.342651 -0.38339397 0.9234626 -0.013405518 8.816895 -0.048243344 -0.005535764 0.99882 0.09838867
0.8962488 0.4409465 0.04820135 9.598999 -0.44053465 0.89753544 -0.019433945 8.641724 -0.051830545 -0.003812177 0.998649 0.08959961
0.86842394 0.4934773 0.0488172 9.87793 -0.49294105 0.8697868 -0.023308009 8.452393 -0.053962987 -0.0038222135 0.99853545 0.072753906
0.8384577 0.54279727 0.04820054 10.161377 -0.5421742 0.83983165 -0.026315412 8.218262 -0.054766376 -0.0040660966 0.9984914 0.053710938
0.80581295 0.5902186 0.048454657 10.436523 -0.5895364 0.8072512 -0.02885428 7.9874268 -0.056147233 -0.005316183 0.9984082 0.036132812
0.7708974 0.6348006 0.05090448 10.727905 -0.6341857 0.7725178 -0.029522609 7.7076416 -0.058065522 -0.009533961 0.9982668 0.008544922
0.73598325 0.6749653 0.05252788 11.02771 -0.67438954 0.7377435 -0.030688532 7.4223633 -0.0594654 -0.012836389 0.9981479 -0.0107421875
0.7029616 0.7092723 0.053333618 11.314575 -0.7087038 0.70481974 -0.03219823 7.109375 -0.06041783 -0.0151707865 0.9980568 -0.03540039
0.6686043 0.7416136 0.053873368 11.60022 -0.7410044 0.67055833 -0.034458455 6.7475586 -0.061691094 -0.01688001 0.9979532 -0.053344727
0.6361733 0.7696302 0.05470596 11.896606 -0.7691473 0.63819516 -0.03405428 6.383545 -0.061119244 -0.020417273 0.99792117 -0.08679199
0.6045133 0.7948079 0.053687494 12.190918 -0.7944089 0.6064821 -0.033643223 5.9752197 -0.059299834 -0.022307865 0.9979911 -0.11413574
0.57484746 0.81675076 0.049277067 12.492554 -0.81631505 0.5765814 -0.033813678 5.5319824 -0.05603294 -0.02079432 0.9982123 -0.15014648
0.5487344 0.8347461 0.0448089 12.773804 -0.8343142 0.5502241 -0.033043683 5.05896 -0.052239235 -0.019255873 0.9984488 -0.1776123
0.52507526 0.8500604 0.042117562 13.069702 -0.8496728 0.5264189 -0.03193966 4.5671387 -0.049322154 -0.019021284 0.99860156 -0.2109375
0.50750816 0.8609247 0.039709844 13.381958 -0.8604898 0.5087542 -0.032562025 4.0422363 -0.048223514 -0.017643295 0.99868023 -0.24389648
0.49394476 0.86861694 0.03890521 13.683716 -0.86813617 0.4951769 -0.033608712 3.4979248 -0.048461743 -0.01717576 0.9986775 -0.27661133
0.48288524 0.8748322 0.038393233 13.999634 -0.8742643 0.48413098 -0.035538055 2.9326172 -0.049674634 -0.016398218 0.99863094 -0.30273438
0.47265267 0.88030535 0.039506476 14.314331 -0.87970436 0.47398397 -0.03685409 2.3319092 -0.051175054 -0.017339159 0.99853927 -0.33605957
0.46278656 0.88562167 0.041155398 14.645142 -0.8850181 0.46422756 -0.03779134 1.7119141 -0.052556362 -0.018933807 0.99843764 -0.3779297
0.4525789 0.8905712 0.042584743 14.981323 -0.88988346 0.45415026 -0.040170696 1.0612793 -0.055118676 -0.019724969 0.99828464 -0.4116211
0.44304013 0.8953847 0.0445684 15.314697 -0.89468545 0.4447557 -0.04140707 0.39257812 -0.0569043 -0.021535942 0.9981474 -0.44958496
0.4331669 0.9002474 0.04527553 15.651489 -0.899434 0.43498707 -0.043965764 -0.28674316 -0.05927721 -0.021678317 0.9980063 -0.4918213
0.42326835 0.9046698 0.04563704 15.993408 -0.9038096 0.42514578 -0.04521869 -1.0057373 -0.060326982 -0.02210134 0.9979349 -0.5291748
0.41527778 0.9085325 0.04746826 16.333252 -0.90758604 0.4173309 -0.047566406 -1.730835 -0.063025825 -0.023330636 0.99773914 -0.57714844
0.40345883 0.9138232 0.049818754 16.655518 -0.912739 0.40576112 -0.050990887 -2.463379 -0.066794716 -0.024900807 0.9974552 -0.6237793
0.3914622 0.91870517 0.05268676 16.995972 -0.9174583 0.39407745 -0.05488473 -3.2108154 -0.07117307 -0.026839433 0.9971027 -0.6689453
0.37953573 0.92362607 0.052797385 17.311157 -0.9221835 0.3822641 -0.05808214 -3.9702148 -0.07382277 -0.026662873 0.9969138 -0.7171631
0.36487442 0.9293595 0.053418316 17.613037 -0.9279574 0.36767617 -0.05835519 -4.7365723 -0.073884 -0.028267287 0.996867 -0.7619629
0.35119003 0.9346894 0.053759683 17.917236 -0.9333481 0.35403496 -0.058227073 -5.5146484 -0.07345707 -0.029734535 0.99685466 -0.8183594
0.33581245 0.9402922 0.052985154 18.19873 -0.9390288 0.33859763 -0.05747187 -6.2973633 -0.071990676 -0.03043902 0.9969417 -0.86206055
0.31570336 0.9474296 0.05331908 18.472778 -0.9463074 0.3185094 -0.05647747 -7.0841064 -0.07048005 -0.03264194 0.996978 -0.9128418
0.29233998 0.95463175 0.05579167 18.718262 -0.95377916 0.2952839 -0.054842606 -7.878784 -0.068848565 -0.037180167 0.9969351 -0.9625244
0.2633824 0.9630406 0.057502955 18.945557 -0.9623727 0.26645413 -0.054464635 -8.695068 -0.067761324 -0.041022543 0.9968566 -1.0108643
0.23030736 0.9713102 0.059421554 19.15149 -0.97084785 0.23351537 -0.05420589 -9.523804 -0.06654938 -0.04522316 0.9967589 -1.0584717
0.19723532 0.97862184 0.058643512 19.329224 -0.97820044 0.20042941 -0.054719567 -10.359009 -0.065296076 -0.04657077 0.9967782 -1.1043701
0.16246669 0.98506564 0.057723194 19.47522 -0.98472106 0.16560954 -0.054587383 -11.20752 -0.06332862 -0.047982804 0.99683833 -1.1431885
0.13075759 0.98972225 0.057815228 19.595703 -0.9895643 0.13384809 -0.053254265 -12.055542 -0.0604591 -0.050255105 0.9969055 -1.1789551
0.098582745 0.99343467 0.05839683 19.681396 -0.9936229 0.101511836 -0.049520202 -12.9123535 -0.055100925 -0.053133067 0.9970649 -1.2280273
0.06677666 0.99633795 0.054027844 19.7406 -0.99651563 0.06934333 -0.04709074 -13.77002 -0.0506476 -0.050716393 0.99742717 -1.2602539
0.035340548 0.9982735 0.047041126 19.76184 -0.99836236 0.03739117 -0.04342489 -14.619507 -0.045115605 -0.04545352 0.99794745 -1.2894287
0.00339359 0.9992006 0.0398687 19.763184 -0.99924433 0.004934013 -0.03860316 -15.490723 -0.038758125 -0.039707974 0.99845886 -1.3140869
-0.023686172 0.9991714 0.033009272 19.733765 -0.99915415 -0.022552487 -0.034301225 -16.34497 -0.033523813 -0.033794787 0.9988662 -1.3382568
-0.05318892 0.99831563 0.024046766 19.682251 -0.99818194 -0.05245042 -0.030383434 -17.203125 -0.029069327 -0.025602909 0.9992494 -1.3546143
-0.081530094 0.9965045 0.018165719 19.602417 -0.99645907 -0.081124544 -0.022044187 -18.065918 -0.020505723 -0.019898763 0.99959195 -1.3590088
-0.10540331 0.9942996 0.01436867 19.51062 -0.99438375 -0.1052996 -0.0077859815 -18.908813 -0.006228842 -0.015116157 0.9998663 -1.3630371
-0.13116693 0.991326 0.015650708 19.400879 -0.9913712 -0.1313386 0.010502338 -19.737793 0.012454908 -0.0141451135 0.9998225 -1.3521729
-0.15781176 0.9871949 0.019255362 19.272095 -0.98693967 -0.15829456 0.026852585 -20.559082 0.029555392 -0.014750445 0.99945384 -1.3414307
-0.18132569 0.9833666 0.018115422 19.118774 -0.9827012 -0.18189931 0.03779317 -21.399536 0.04045575 -0.010961514 0.99912155 -1.3062744
-0.20765352 0.9779514 0.01657417 18.956665 -0.977117 -0.20817244 0.04109463 -22.229492 0.043639608 -0.007637337 0.9990175 -1.2573242
-0.23059927 0.97281194 0.014516361 18.76538 -0.9720369 -0.23099981 0.039151154 -23.059204 0.041451912 -0.0050761164 0.99912757 -1.2167969
-0.25504768 0.9668107 0.010300295 18.553589 -0.96619934 -0.2552532 0.03439739 -23.880615 0.035901625 -0.0011886726 0.99935496 -1.1717529
-0.27547476 0.9614354 0.0035235425 18.327759 -0.9609501 -0.27544916 0.030979618 -24.691162 0.030745132 0.005146184 0.9995139 -1.1254883
-0.28994468 0.9568843 0.00010206923 18.083862 -0.95642143 -0.28980744 0.031067034 -25.491333 0.029754123 0.008919254 0.99951726 -1.0788574
-0.30022052 0.95385396 -0.0021597547 17.828735 -0.953328 -0.29997826 0.03394307 -26.278564 0.03174969 0.012261775 0.999421 -1.0463867
-0.31276166 0.94985235 -0.0019194558 17.589478 -0.94924915 -0.31248972 0.036313605 -27.04956 0.033901997 0.01318726 0.9993383 -1.0009766
-0.322907 0.94648266 0.0049475282 17.335327 -0.94579446 -0.3228649 0.036792587 -27.825562 0.03643212 0.0071980963 0.99931055 -0.9674072
-0.33610237 0.94204235 0.006390104 17.07727 -0.94141906 -0.3361157 0.034733653 -28.59497 0.034860387 0.0056421286 0.9993764 -0.932251
-0.34417903 0.93888396 0.004995765 16.789307 -0.9382045 -0.34412456 0.036573686 -29.370483 0.03605967 0.007904369 0.9993184 -0.8935547
-0.35297132 0.93539643 0.0027520885 16.493774 -0.93468046 -0.35281318 0.038184084 -30.14441 0.03668926 0.0109203085 0.99926674 -0.852417
-0.35838267 0.93365145 0.0029098557 16.192871 -0.9327825 -0.35818076 0.042137783 -30.926636 0.040378936 0.01236753 0.99910796 -0.8187256
-0.35538843 0.9348489 0.004936146 15.890137 -0.9338897 -0.35525474 0.043728944 -31.730713 0.042622406 0.010919728 0.99903154 -0.78430176
-0.3531393 0.93552595 0.0014796495 15.587402 -0.9346143 -0.35286427 0.04359773 -32.542603 0.041319154 0.014018008 0.9990478 -0.7397461
-0.34801972 0.9377173 0.0030619004 15.28833 -0.9368475 -0.34783462 0.042055715 -33.37036 0.040492885 0.011751567 0.9991109 -0.6989746
-0.3383197 0.9407695 0.004968635 14.984741 -0.9399117 -0.33822858 0.04121794 -34.22998 0.04046283 0.009292797 0.9991376 -0.6586914
-0.32892367 0.94436526 0.0066776443 14.692627 -0.94349355 -0.3289112 0.04121112 -35.098267 0.0411013 0.007257148 0.99912834 -0.6192627
-0.3235916 0.9461458 0.008934581 14.395142 -0.9453171 -0.32368445 0.039840598 -35.981445 0.04058457 0.0044406303 0.9991662 -0.5722656
-0.31850776 0.94794446 0.011767652 14.098267 -0.9471752 -0.3187236 0.038201213 -36.898315 0.03995398 0.0010083308 0.99920124 -0.5300293
-0.31612933 0.9486804 0.016303368 13.808472 -0.94799954 -0.31652388 0.03615756 -37.807983 0.039460875 -0.0040237214 0.9992131 -0.4918213
-0.3153918 0.94875795 0.019325895 13.511108 -0.9481644 -0.31589472 0.034385033 -38.758667 0.038724344 -0.0074816104 0.9992219 -0.44641113
-0.31672207 0.948321 0.019984838 13.208496 -0.9477979 -0.31723547 0.03264875 -39.71106 0.037308916 -0.00860118 0.99926704 -0.40270996
-0.3183335 0.94787526 0.019496594 12.9021 -0.94733894 -0.3188296 0.032872446 -40.667847 0.037367206 -0.008009298 0.9992696 -0.35180664
-0.3183086 0.947992 0.02031159 12.568726 -0.9475193 -0.3188211 0.03133413 -41.650146 0.036158755 -0.009274483 0.999303 -0.3100586
-0.31601632 0.9484686 0.020090248 12.245728 -0.9480293 -0.31651345 0.030371334 -42.641235 0.035173897 -0.00944902 0.99933666 -0.26696777
-0.31669524 0.94814116 0.019783733 11.918579 -0.9477074 -0.31717888 0.030120544 -43.637695 0.034844115 -0.009212584 0.9993505 -0.21911621
-0.3166738 0.9482709 0.021649426 11.600586 -0.9478858 -0.31721368 0.029265745 -44.65332 0.034629423 -0.011250671 0.999337 -0.17199707
-0.31666556 0.9481083 0.021809554 11.291504 -0.947754 -0.3172008 0.028416554 -45.638184 0.033868857 -0.011661181 0.9993581 -0.12609863
-0.31665197 0.94814324 0.02331274 10.988159 -0.9478298 -0.31723025 0.027769491 -46.639038 0.033738125 -0.013308473 0.9993423 -0.07116699
-0.3146037 0.9490396 0.023464588 10.645142 -0.94878 -0.31516647 0.026255187 -47.62329 0.032299727 -0.014013912 0.9993802 -0.022949219
-0.3129921 0.94926924 0.021551695 10.348022 -0.94907975 -0.31345466 0.023111882 -48.620117 0.028718486 -0.013217375 0.99950016 0.025512695
-0.31095287 0.9503263 0.020374037 10.019531 -0.950166 -0.3113625 0.021556428 -49.619507 0.026819028 -0.012654656 0.99956024 0.060668945
-0.30799675 0.95138454 0.020499902 9.699097 -0.95122814 -0.30840984 0.021521932 -50.62378 0.026789745 -0.012870612 0.9995582 0.107910156
-0.3036861 0.9526026 0.020307291 9.392578 -0.9524649 -0.30408514 0.02078649 -51.615845 0.025958713 -0.0130224265 0.9995779 0.15209961
-0.30209327 0.95289385 0.019948553 9.083984 -0.95274764 -0.30248573 0.020961048 -52.6062 0.02601208 -0.012674826 0.99958116 0.19641113
-0.30504638 0.95198274 0.021217432 8.786377 -0.95180756 -0.3054935 0.022584468 -53.577026 0.027982986 -0.013293547 0.9995197 0.23095703
-0.3057271 0.9518022 0.023189487 8.458496 -0.9515928 -0.30626157 0.024686452 -54.563232 0.030607712 -0.014528327 0.99942607 0.27404785
-0.3093522 0.95057064 0.025560189 8.132568 -0.95038575 -0.30996442 0.02500747 -55.54895 0.031697027 -0.01655662 0.9993603 0.32983398
-0.31594047 0.94854563 0.025404207 7.828369 -0.9484148 -0.3165145 0.023051 -56.529907 0.029910037 -0.016823616 0.9994112 0.37036133
-0.32186607 0.9466547 0.021678861 7.491333 -0.9465655 -0.32227802 0.019324783 -57.497314 0.025265314 -0.014294652 0.99957854 0.4230957
-0.3291626 0.9440887 0.024189198 7.1883545 -0.94407964 -0.32960907 0.017550489 -58.45227 0.024535514 -0.017057393 0.9995535 0.4613037
-0.33350158 0.9425014 0.023624094 6.859741 -0.9424531 -0.33395267 0.018671762 -59.417603 0.025496235 -0.016047262 0.9995464 0.5070801
-0.33946744 0.94048357 0.024925906 6.531616 -0.9403636 -0.34000567 0.021948678 -60.365356 0.029104328 -0.015993258 0.9994486 0.54418945
-0.343135 0.93889874 0.026775457 6.2043457 -0.9387684 -0.34374955 0.023221655 -61.303223 0.0310024 -0.017163444 0.9993719 0.5863037
-0.34518054 0.937979 0.028481651 5.8605957 -0.93787736 -0.34584916 0.02324232 -62.248047 0.031673416 -0.018696573 0.9993238 0.6328125
-0.34953547 0.93645984 0.027988866 5.5218506 -0.9363739 -0.35017154 0.022352118 -63.16333 0.030742945 -0.018398285 0.9993582 0.6768799
-0.35346976 0.9351915 0.024006085 5.1812744 -0.9352284 -0.35386837 0.014991965 -64.09448 0.02249944 -0.017137265 0.99959975 0.7186279
-0.35555205 0.9342055 0.019723333 4.821289 -0.93435043 -0.35569438 0.004123807 -65.01196 0.010882027 -0.016964527 0.9997968 0.7593994
-0.35789457 0.93356663 0.018825257 4.4820557 -0.9337335 -0.35795403 -0.00022491906 -65.93469 0.0065222336 -0.0176527 0.99982285 0.7907715
-0.3585436 0.93330586 0.02049125 4.117798 -0.9334432 -0.3587241 0.0058189183 -66.852295 0.0127754435 -0.017040312 0.99977314 0.81066895
-0.36152604 0.9322737 0.0220337 3.772461 -0.9323427 -0.36182964 0.0117141465 -67.745605 0.01888594 -0.016308546 0.9996887 0.8425293
-0.36152783 0.93220896 0.016947214 3.4228516 -0.9321324 -0.36178276 0.01566819 -68.65051 0.020727275 -0.010129484 0.9997337 0.86657715
-0.361534 0.9324745 0.0137318615 3.0620117 -0.93237716 -0.36172184 0.015318571 -69.55432 0.01924812 -0.0072725415 0.9997884 0.9022217
-0.36084056 0.93262255 0.012860347 2.710083 -0.9325759 -0.3609888 0.0120712295 -70.4635 0.015893606 -0.0076391576 0.9998445 0.9313965
-0.35989144 0.93279916 0.012717092 2.3687744 -0.93282413 -0.359991 0.0066013094 -71.35889 0.010742954 -0.009491146 0.9998973 0.9592285
-0.35855138 0.93358773 0.0131870005 2.0255127 -0.93367094 -0.35857654 -0.0004823718 -72.26843 0.0042721545 -0.012486825 0.9999129 0.97888184
-0.35796157 0.93352973 0.02066845 1.7067871 -0.93375456 -0.35793623 -0.0050390037 -73.16785 0.0027015272 -0.021103263 0.99977356 0.9998779
-0.35647297 0.93365496 0.027496807 1.380127 -0.9340589 -0.35635868 -0.0091216285 -74.0686 0.0012919402 -0.02894412 0.99958014 0.9998779
-0.35438883 0.9348545 0.02403434 1.0446777 -0.935163 -0.35425413 -0.00979033 -74.96704 -0.0006451998 -0.02594588 0.9996631 1.0218506
-0.35132194 0.9361596 0.021070639 0.7110596 -0.9363965 -0.35124373 -0.0074271895 -75.85608 0.00045032008 -0.02233274 0.9997504 1.0412598
-0.3439211 0.93877864 0.020481024 0.3696289 -0.9389954 -0.34391773 -0.0037939 -76.752075 0.003479984 -0.02053177 0.99978304 1.0535889
-0.33653975 0.9416817 0.015098627 0.049438477 -0.9417994 -0.3365364 -0.0028353292 -77.64453 0.0024084873 -0.015170416 0.999882 1.0667725
-0.3278191 0.94481575 0.008438648 -0.26000977 -0.9448522 -0.32781887 -0.0014441528 -78.52771 0.0014000293 -0.008443888 0.99996334 1.083252
-0.31596196 0.9485292 0.009966484 -0.5689697 -0.948581 -0.31595635 -0.0021743511 -79.43176 0.0010913542 -0.0101428665 0.9999479 1.1005859
-0.3057909 0.9519102 0.014078473 -0.8392334 -0.95201373 -0.30573946 -0.0057328986 -80.32971 -0.0011505822 -0.01515636 0.9998844 1.1052246
-0.29265893 0.9560783 0.011308338 -1.1174316 -0.9561354 -0.29258183 -0.0079936 -81.23523 -0.004333319 -0.013155405 0.9999041 1.1173096
-0.2795763 0.95992523 0.010408516 -1.3841553 -0.9599672 -0.27949607 -0.008521248 -82.14441 -0.005270015 -0.012383321 0.9999094 1.125
-0.26813078 0.96347666 0.010519327 -1.6273193 -0.9635134 -0.26803744 -0.0094900215 -83.041504 -0.0063280407 -0.012672929 0.9998996 1.1241455
-0.2542251 0.9670832 0.0066029215 -1.8797607 -0.9670763 -0.25415817 -0.009540461 -83.95703 -0.007550379 -0.008812245 0.99993265 1.1414795
-0.24060126 0.9707182 0.007304379 -2.0968018 -0.9707413 -0.24057056 -0.004843542 -84.86243 -0.0029432308 -0.008254227 0.99996156 1.1422119
-0.22836491 0.97357494 0.006025081 -2.308838 -0.9735742 -0.22839513 0.0049143257 -85.75427 0.0061588273 -0.0047400524 0.9999697 1.152832
-0.21467866 0.9767541 0.007847728 -2.5096436 -0.9767261 -0.21474743 0.009333694 -86.65576 0.010802029 -0.005662438 0.99992555 1.1717529
-0.20324339 0.9791989 0.009167899 -2.6811523 -0.9792057 -0.20330752 0.0067027025 -87.5625 0.008425044 -0.007617883 0.99993545 1.1815186
-0.19034266 0.98168486 0.008870784 -2.859497 -0.9817163 -0.19037116 0.002490059 -88.472534 0.004133389 -0.008235235 0.9999575 1.2089844
-0.18052553 0.9835611 0.011662355 -3.0183105 -0.9836128 -0.18058015 0.0038148682 -89.374146 0.0058526946 -0.010779761 0.9999247 1.2285156
-0.17270245 0.98496664 0.016001705 -3.1591797 -0.9850306 -0.17285623 0.008779882 -90.285034 0.011410861 -0.014242669 0.9998334 1.2453613
-0.16490592 0.98612463 0.024152178 -3.30188 -0.9862252 -0.165311 0.015858741 -91.206055 0.019619 -0.021207448 0.9995827 1.2595215
-0.16209447 0.98646027 0.027550172 -3.4447021 -0.9865801 -0.16263425 0.01863597 -92.13135 0.022848887 -0.024158645 0.9994469 1.289917
-0.15779436 0.98694754 0.029952176 -3.574829 -0.98713315 -0.15838686 0.018540304 -93.04663 0.023053583 -0.026647158 0.9993791 1.3205566
-0.15286456 0.9877047 0.03271023 -3.710083 -0.98801297 -0.1534642 0.016662525 -93.98108 0.02148547 -0.029780148 0.99932575 1.3635254
-0.1472864 0.988591 0.032986112 -3.8416748 -0.98895144 -0.14782956 0.014672982 -94.911255 0.019375902 -0.030472003 0.99934804 1.3901367
-0.14106844 0.9895836 0.02953973 -3.9743652 -0.9899266 -0.14141083 0.009834144 -95.82129 0.013903703 -0.02785027 0.9995153 1.4130859
-0.13474701 0.9902506 0.034132596 -4.0980225 -0.9907771 -0.1350428 0.0064995913 -96.74109 0.011052224 -0.032946452 0.9993961 1.4473877
-0.12920807 0.9909892 0.036565255 -4.206909 -0.9915897 -0.12955977 0.00741956 -97.651 0.012074929 -0.0353066 0.999304 1.4556885
-0.12228893 0.9914493 0.04580652 -4.298584 -0.99239564 -0.122835875 0.009313336 -98.55835 0.014859321 -0.044320166 0.99890685 1.4735107
-0.115260944 0.9923045 0.0457914 -4.400635 -0.9932258 -0.11588216 0.011151863 -99.448975 0.016366951 -0.04421044 0.9988887 1.5042725
-0.10817277 0.9932608 0.041516706 -4.506836 -0.99393815 -0.10887494 0.015030056 -100.359375 0.019462032 -0.03964926 0.9990242 1.5340576
-0.09996616 0.99411225 0.042738147 -4.584839 -0.99487466 -0.10061787 0.013378596 -101.26514 0.017593808 -0.041173894 0.998997 1.5610352
-0.09249699 0.9947657 0.043206695 -4.666382 -0.9956418 -0.0928862 0.0070753717 -102.14258 0.011057926 -0.042349175 0.9990412 1.5931396
-0.08630668 0.9952662 0.04534352 -4.7349854 -0.9962616 -0.08660567 0.004678063 -103.079834 0.008569144 -0.04477822 0.9989607 1.6196289
-0.07873761 0.99578226 0.047231402 -4.7999268 -0.9968292 -0.07921492 0.008320387 -103.989136 0.0120211 -0.0464274 0.9988494 1.6364746
-0.0724418 0.9963175 0.04613186 -4.86499 -0.9972871 -0.073004365 0.010627984 -104.85144 0.013953466 -0.04523227 0.99887896 1.659668
-0.06433058 0.996839 0.046772394 -4.9123535 -0.99784446 -0.06488776 0.010489663 -105.772095 0.013493162 -0.045995448 0.9988504 1.6798096
-0.057533138 0.99717295 0.048501745 -4.951782 -0.9982653 -0.058097005 0.010303167 -106.69763 0.013073328 -0.047815807 0.99877065 1.7032471
-0.049849868 0.9977961 0.043678362 -4.9976807 -0.99867314 -0.050348885 0.010391802 -107.57422 0.012588091 -0.043115024 0.9989909 1.7181396
-0.04174149 0.99835306 0.039357617 -5.0424805 -0.9990592 -0.042168856 0.01009939 -108.48572 0.011728717 -0.0388927 0.99917454 1.7419434
-0.03355968 0.9986801 0.038330495 -5.0770264 -0.9993583 -0.033943053 0.009384319 -109.413574 0.010685926 -0.037980903 0.9992209 1.7736816
-0.026903395 0.99864095 0.044517636 -5.084717 -0.9995694 -0.027376413 0.010039213 -110.31372 0.011256458 -0.04421846 0.9989579 1.7889404
-0.0202713 0.99862343 0.04826103 -5.095459 -0.99973977 -0.020726202 0.008937765 -111.23059 0.009936975 -0.048067827 0.99879444 1.807373
-0.016218659 0.9987854 0.04667761 -5.1118164 -0.99984187 -0.016582612 0.007415631 -112.17285 0.008185021 -0.04654558 0.9988823 1.8342285
-0.0101001235 0.9989989 0.04347788 -5.1326904 -0.99991614 -0.010422228 0.0071770493 -113.0603 0.007646924 -0.043411527 0.9990277 1.8474121
-0.0047653876 0.99909735 0.042253956 -5.1331787 -0.9999457 -0.0051593813 0.009229725 -113.987305 0.00942838 -0.042211257 0.99906445 1.8572998
-7.54612e-05 0.9993304 0.03659212 -5.14624 -0.9999794 -0.00030911143 0.006380506 -114.8833 0.0063797925 -0.036583673 0.9993102 1.8809814
0.0060099363 0.99956036 0.028990207 -5.1557617 -0.99997544 0.0059142113 0.0033855159 -115.782104 0.0032116435 -0.02900708 0.999574 1.8927002
0.010043979 0.99963504 0.024994869 -5.149658 -0.9999461 0.010003269 0.0017568282 -116.7207 0.0014942328 -0.02500671 0.9996862 1.9057617
0.014045 0.99951106 0.027681066 -5.122925 -0.9998845 0.01391685 0.0048219804 -117.59741 0.004426504 -0.027749274 0.99960524 1.9125977
0.018665971 0.99939805 0.02905198 -5.105957 -0.999796 0.018456161 0.00747261 -118.50098 0.006925878 -0.029177593 0.99955016 1.9197998
0.020002304 0.9993212 0.030681578 -5.080078 -0.9997783 0.019831061 0.0058804285 -119.41748 0.005261421 -0.030795258 0.99951196 1.9304199
0.021969259 0.9992513 0.03197747 -5.0531006 -0.9997517 0.021806598 0.005422486 -120.30188 0.0047257543 -0.03208454 0.99947387 1.9453125
0.021910133 0.9992885 0.030809334 -5.0288086 -0.99976325 0.021917047 0.00011134776 -121.19946 -0.0005593039 -0.030807465 0.9995251 1.9578857
0.023795187 0.9992292 0.031200925 -5.0112305 -0.99969596 0.023981154 -0.00560264 -122.098145 -0.0063463505 -0.031053623 0.99949753 1.9743652
0.023780525 0.9992482 0.030443342 -4.9803467 -0.99968064 0.024009168 -0.0071667717 -122.98572 -0.007894576 -0.03026399 0.99951077 1.975708
0.02523583 0.9992455 0.029550081 -4.956299 -0.9996745 0.025342762 -0.0032454543 -123.856445 -0.0039914567 -0.029464982 0.99955785 1.9814453
0.02591908 0.9992418 0.02895752 -4.935547 -0.99966127 0.025913298 0.0005685021 -124.73218 -0.00017623836 -0.02895703 0.9995803 1.9925537
0.025870143 0.99917775 0.031316184 -4.9072266 -0.99966794 0.025891123 -0.00026536314 -125.61548 -0.0010730992 -0.03130147 0.9995093 1.9953613
0.026489794 0.99914986 0.0313964 -4.8740234 -0.9996425 0.026500463 8.398248e-05 -126.47717 -0.00076063443 -0.031388387 0.99950707 1.9998779
0.027894912 0.99923754 0.027782423 -4.8571777 -0.9996218 0.027939318 -0.001211612 -127.348755 -0.001982105 -0.027742386 0.999613 2.013916
0.027915776 0.9992193 0.028547945 -4.8250732 -0.9996272 0.02789694 0.0010603573 -128.22778 0.00026814546 -0.02857543 0.9995915 2.031372
0.027819036 0.9988798 0.038065817 -4.789673 -0.9995988 0.027666988 0.0045253374 -129.08643 0.0034601465 -0.03818848 0.9992649 2.0372314
0.029138448 0.9986245 0.043710496 -4.7469482 -0.99956083 0.028834103 0.007587996 -129.95752 0.006309053 -0.04392488 0.99901533 2.0493164
0.02844667 0.998704 0.041998204 -4.7175293 -0.9995534 0.028078971 0.009313771 -130.81616 0.008126243 -0.042236324 0.9990743 2.0650635
0.028496858 0.99880826 0.0392111 -4.680908 -0.9995407 0.028139232 0.009650249 -131.68884 0.008521578 -0.039462883 0.9991848 2.0931396
0.030516269 0.99878174 0.03842805 -4.6453857 -0.9994671 0.030095102 0.01149897 -132.5155 0.010314986 -0.03875626 0.99919546 2.1047363
0.032545622 0.9989297 0.032665987 -4.6256104 -0.9994284 0.032251954 0.009476757 -133.38574 0.008417589 -0.032963213 0.99942124 2.1188965
0.03590995 0.9990205 0.02575421 -4.598633 -0.99934644 0.035808265 0.004400737 -134.23303 0.0034744563 -0.025903026 0.9996584 2.1416016
0.037852343 0.9990435 0.022255426 -4.567871 -0.99928725 0.037907537 -0.0020637661 -135.08923 -0.0029012985 -0.022165857 0.99975 2.16333
0.040476922 0.99900144 0.01808338 -4.5343018 -0.9991584 0.040536042 -0.0029110052 -135.9248 -0.003650241 -0.017948197 0.99983233 2.161255
0.046410024 0.99874914 0.019109694 -4.489258 -0.99893194 0.046400666 0.0009332821 -136.74182 4.549697e-05 -0.019134425 0.9998169 2.1867676
0.05294615 0.99844354 0.016863605 -4.4451904 -0.99858296 0.05289757 0.0033135158 -137.58997 0.002416112 -0.017012985 0.99985224 2.1861572
0.060801208 0.9980393 0.013919672 -4.39563 -0.9981234 0.0607236 0.0059324345 -138.42688 0.005074198 -0.014255785 0.9998855 2.1854248
0.07049113 0.9973685 0.014967136 -4.3310547 -0.997479 0.07050997 -0.0007341271 -139.25183 -0.0017910758 -0.01487567 0.9998878 2.2033691
0.08151471 0.996578 0.011562776 -4.25708 -0.9966338 0.081563115 -0.0037748707 -140.05261 -0.00470663 -0.011219269 0.99992603 2.217163
0.095639415 0.9953887 0.0035162494 -4.1730957 -0.9953898 0.09564972 -0.0028874367 -140.93042 -0.003211103 -0.003222404 0.9999897 2.234375
0.11163509 0.9937707 0.0050162254 -4.07959 -0.99378264 0.1116398 -0.0006697448 -141.78467 -0.0012258072 -0.004909587 0.99998724 2.2332764
0.124313 0.992303 0.0009613484 -3.9925537 -0.9922977 0.12431555 -0.0032752636 -142.47656 -0.003369966 -0.0005476894 0.9999942 2.2478027
0.13748886 0.9904969 -0.0036137225 -3.88208 -0.99050343 0.13748793 -0.0004995754 -143.27979 1.2293458e-06 0.0036478452 0.9999933 2.2470703
0.1518467 0.98838603 2.2333115e-05 -3.7575684 -0.9883787 0.1518455 0.0038333237 -144.06323 0.0037844386 -0.0006032279 0.9999927 2.2653809
0.16364074 0.9864741 0.0046965135 -3.6160889 -0.98636335 0.1635438 0.016494988 -144.7727 0.015504946 -0.0073332656 0.9998529 2.2652588
0.17661643 0.98421705 0.008525215 -3.4694824 -0.9839903 0.1763619 0.024670267 -145.50623 0.02278608 -0.012746678 0.99965906 2.293335
