1.000000000000000000e+00 4.398956837314658088e-19 2.733407509747682871e-20 -8.673617379884035472e-19 -5.583667658079949532e-19 1.000000000000000000e+00 -6.100159232558060012e-19 0.000000000000000000e+00 4.145284534913582806e-20 -2.210423569125054137e-19 1.000000000000000222e+00 0.000000000000000000e+00
9.998984436996323222e-01 2.659490996391127948e-04 1.424891484037639662e-02 -8.192388130441011218e-02 -2.612171511414721164e-04 9.999999101210341745e-01 -3.339522072749209584e-04 -9.215836103672644941e-03 -1.424900262104075201e-02 3.301962474251769666e-04 9.998984232801808592e-01 1.512297723485145351e-02
9.995242593186636215e-01 1.720907790134384172e-03 3.079437502922746997e-02 -8.517204934327572696e-02 -1.707164792612698078e-03 9.999984311336311826e-01 -4.725694958305599815e-04 -1.284924419770697157e-02 -3.079514049927708011e-02 4.197736336284628163e-04 9.995256290285204903e-01 4.611548649673630207e-02
9.979524745406272990e-01 5.105145999467468158e-03 6.375575308803005381e-02 1.448306632843544134e-02 -5.177797793956257985e-03 9.999861204266533576e-01 9.743580625408038457e-04 9.584049769745209280e-03 -6.374989504836842125e-02 -1.302477393651316423e-03 9.979650567104660919e-01 4.109244773464674205e-01
9.954091272373875032e-01 4.111469958393629623e-03 9.562303694629949169e-02 2.612427070949517940e-02 -4.398954609958395483e-03 9.999864161878914137e-01 2.795826471086977974e-03 1.437817255005915951e-02 -9.561024471736609409e-02 -3.203632530072371941e-03 9.954136918229167241e-01 5.509256192579456979e-01
9.909219841481579083e-01 1.639720814833555123e-03 1.344281686203387116e-01 1.590199317428167836e-01 -2.301159184600984342e-03 9.999859988756679696e-01 4.765157092285247920e-03 1.258561366431507761e-02 -1.344184752706041319e-01 -5.031239457623205673e-03 9.909118831971289731e-01 7.910376436291508551e-01
9.851154794328861319e-01 -2.467212832764226812e-03 1.718761320642146484e-01 1.553045869586906491e-01 1.497079162718302709e-03 9.999822110122010832e-01 5.773769034953287436e-03 -1.619832707714093101e-02 -1.718873226498963958e-01 -5.430516962696780615e-03 9.851016485983704607e-01 8.983686993323920511e-01
9.763902601577496565e-01 -2.596840495351583102e-03 2.159984161553268056e-01 2.729443568735908099e-01 1.221097219657337656e-03 9.999781133717566828e-01 6.502437623637493877e-03 -4.115031792706086433e-03 -2.160105782060890711e-01 -6.085161549344425373e-03 9.763720609598048883e-01 1.165686160940780036e+00
9.647564117993585597e-01 -2.606267280219189651e-03 2.631316636691009569e-01 3.618348257612062358e-01 -4.461268826962697326e-05 9.999493167093963519e-01 1.006787063639687577e-02 7.612052877012664975e-03 -2.631445713997117020e-01 -9.724781600884444682e-03 9.647073981297475953e-01 1.335975172703874225e+00
9.503867019711087494e-01 -6.204141495894064350e-03 3.110090418236231002e-01 5.293215821457951664e-01 1.066390150641906460e-03 9.998601945456397910e-01 1.668694601156970464e-02 2.708171775084448896e-02 -3.110690946091549391e-01 -1.552739445226518009e-02 9.502604483284059489e-01 1.610155546991948849e+00
9.335012916164394658e-01 -1.586667801377880660e-02 3.582228152330491633e-01 6.370561636323672783e-01 7.462483352535549154e-03 9.996638046554414681e-01 2.483120979812175264e-02 4.022866685120182750e-03 -3.584963773885243565e-01 -2.050673446242579773e-02 9.333058571501249290e-01 1.811975020245917278e+00
9.124036532604731242e-01 -2.155296701297664680e-02 4.087236729081103470e-01 8.079656541548516646e-01 1.025374508532924701e-02 9.995027958501002674e-01 2.981646805768108435e-02 -6.600165596930648859e-03 -4.091630942166832319e-01 -2.301370583943143991e-02 9.121710004385542581e-01 2.046427321796990384e+00
8.877120955935458024e-01 -2.355494914166558762e-02 4.597960381048446510e-01 1.005106278789688723e+00 9.040858056217576308e-03 9.993896504593244856e-01 3.374299049000897138e-02 -2.866735077459520165e-03 -4.603102241747051293e-01 -2.579710986703665984e-02 8.873832372356746934e-01 2.278837568580792894e+00
8.593574778304104989e-01 -2.549970123636098249e-02 5.107391571746793257e-01 1.167208753873057558e+00 6.986456921727192231e-03 9.992482006958485208e-01 3.813427319693805939e-02 3.134681281813976594e-02 -5.113276052312668574e-01 -2.920271547619951100e-02 8.588895653302093258e-01 2.503936749687458274e+00
8.270838450465186620e-01 -3.075805356567833798e-02 5.612363589833053723e-01 1.408983836429840375e+00 8.080937279685944385e-03 9.990491247729620383e-01 4.284325738387600307e-02 2.673371708682120707e-02 -5.620204781408496553e-01 -3.089964995959259067e-02 8.265459446283582867e-01 2.755034598470328611e+00
7.913603250241623144e-01 -3.651433657128323740e-02 6.102585791937531479e-01 1.617372226621456521e+00 1.028182817005391866e-02 9.988684708826013336e-01 4.643341295968289595e-02 2.691154221500463573e-02 -6.112635496662812695e-01 -3.047098658814591590e-02 7.908403110588172469e-01 2.940039326980826484e+00
7.537502634509114507e-01 -4.105159125923549951e-02 6.558775041864060018e-01 1.881833411328154737e+00 1.141648066566864489e-02 9.987143309408845759e-01 4.938976706226567981e-02 3.596914131382280416e-02 -6.570618026511337861e-01 -2.973973670011277950e-02 7.532498538432486068e-01 3.139069773987582135e+00
7.138320473911811126e-01 -4.423329366818104513e-02 6.989186048032495213e-01 2.216044192435920213e+00 1.239841458034631957e-02 9.986451027037691608e-01 5.053947078070139542e-02 4.301758248497361548e-02 -7.002071812258469086e-01 -2.741121082419034280e-02 7.134133000191706930e-01 3.382754418473238101e+00
6.725786876199848496e-01 -4.623553308926939970e-02 7.385798370785596756e-01 2.490522795817671220e+00 1.159379255723711963e-02 9.985821732519480909e-01 5.195408725351281093e-02 5.177910069999618753e-02 -7.399347965368817670e-01 -2.638026989444638287e-02 6.721611317160258725e-01 3.571318971873090220e+00
6.295649987224218869e-01 -4.648466091204645628e-02 7.755559805705081189e-01 2.834760325194681130e+00 7.284319370299780459e-03 9.985178649381668547e-01 5.393525785690776730e-02 8.486645752874576176e-02 -7.769136774576250737e-01 -2.830635256156292801e-02 6.289705063986079647e-01 3.824837671186754662e+00
5.878721575618163220e-01 -4.739030938872601517e-02 8.075645326260901813e-01 3.165407719563104738e+00 4.361023554383163837e-03 9.984537387556329247e-01 5.541762346965028313e-02 1.029801165267639762e-01 -8.089420991886910883e-01 -2.905666936962673572e-02 5.871698227572935691e-01 4.007883652488272830e+00
5.479884184238170697e-01 -4.843292468012714430e-02 8.350825909373917888e-01 3.547790772413965676e+00 2.206031485563829386e-03 9.984025660628417231e-01 5.645750135456189395e-02 1.246180974493339977e-01 -8.364830180340488974e-01 -2.909583779878286564e-02 5.472198865191573169e-01 4.208625792314954595e+00
5.092057422392941568e-01 -5.109416631115432095e-02 8.591268160812416399e-01 3.995522247743301669e+00 1.385400947782362314e-03 9.982835747652073488e-01 5.854899633621434701e-02 1.352887248289298960e-01 -8.606437161662916502e-01 -2.862324941083569871e-02 5.084025133616882908e-01 4.428006255371387923e+00
4.719107977810005350e-01 -5.102854864543270030e-02 8.801683210404633861e-01 4.363514959580177432e+00 -1.599447695924490062e-03 9.982724283669869303e-01 5.873329965316532314e-02 1.616831339848017468e-01 -8.816448574946692540e-01 -2.912466084939267785e-02 4.710139193510776701e-01 4.631031499599633783e+00
4.357355839082833748e-01 -5.030791669331019511e-02 8.986676810867917364e-01 4.829882275784880719e+00 -2.922714274708495836e-03 9.983524139776673856e-01 5.730545531837619860e-02 1.844044555213882886e-01 -9.000699824089539725e-01 -2.759657422026020809e-02 4.348706351305087203e-01 4.798056074114529501e+00
4.026294026816892857e-01 -4.906329702410257287e-02 9.140472324000842308e-01 5.349097158474392266e+00 -1.532390183900249206e-03 9.985249690186265292e-01 5.427281078895643263e-02 2.016453191198268602e-01 -9.153618032784527347e-01 -2.325250566593039386e-02 4.019603264476164228e-01 4.986286442876338043e+00
3.722414108893765672e-01 -4.732965390419572455e-02 9.269283799256884393e-01 5.851519169311929502e+00 2.752145715568336793e-04 9.987045284278002200e-01 5.088407530619485503e-02 2.240817966932973637e-01 -9.281359122871097878e-01 -1.868605500063370492e-02 3.717722072387881216e-01 5.156209553261401624e+00
3.464455713429483441e-01 -4.544535178653163338e-02 9.369686074645618978e-01 6.394753828340237867e+00 1.229606441606942912e-03 9.988469651508125047e-01 4.799196019727972051e-02 2.496243966201889819e-01 -9.380692777500326818e-01 -1.547449860879225245e-02 3.461019861132679232e-01 5.343694504520187571e+00
3.261146000794969968e-01 -4.487164139349855696e-02 9.442646813405231043e-01 6.960151373839088329e+00 2.330675894980242628e-03 9.989079526276690713e-01 4.666336992908711595e-02 2.726841707455170960e-01 -9.453273779342986627e-01 -1.301683043416764982e-02 3.258630474198747629e-01 5.541816682798145877e+00
3.113273450603668557e-01 -4.537577576429169257e-02 9.492187882800804388e-01 7.548541429214673748e+00 3.276466384674261208e-03 9.989046939762374899e-01 4.667630110324075959e-02 3.012698209429993668e-01 -9.502970930393092042e-01 -1.142152456970925434e-02 3.111350172203052322e-01 5.713967247106006120e+00
2.989647800945956502e-01 -4.696092110869830999e-02 9.531079250746585796e-01 8.170150547506526806e+00 4.338479110643219533e-03 9.988449391507090436e-01 4.785357973385158392e-02 3.213082655157646350e-01 -9.542542921209671292e-01 -1.017149522269308881e-02 2.988231952238959988e-01 5.911243228221999324e+00
2.887813298212275614e-01 -4.885118251442063797e-02 9.561479436197636295e-01 8.791253705075215308e+00 3.127604914652960116e-03 9.987401783726560511e-01 5.008267317739723695e-02 3.513040254698772680e-01 -9.573899821359777018e-01 -1.147248706417892256e-02 2.885703027177572988e-01 6.082436946737894701e+00
2.783554794064181381e-01 -5.047450636117545297e-02 9.591509452391856483e-01 9.472566431815025112e+00 1.528665194224170399e-03 9.986402351025442936e-01 5.210896255404634525e-02 3.852017034873632673e-01 -9.604769162329566123e-01 -1.303859370701880918e-02 2.780541386765717493e-01 6.280765411158294675e+00
2.678937805789468607e-01 -5.223017692221675751e-02 9.620316602362819491e-01 1.017043559948313813e+01 8.028739780272104972e-04 9.985412203665229303e-01 5.398876348611880011e-02 4.124565119360711352e-01 -9.634481273817734337e-01 -1.369086289386517961e-02 2.675449154929742113e-01 6.467784244766763280e+00
2.578735517129754351e-01 -5.426360885763116537e-02 9.646536561535913323e-01 1.088552800387305020e+01 4.007982775227510300e-05 9.984222061952444660e-01 5.615244009818922549e-02 4.418489073350225782e-01 -9.661786823532840796e-01 -1.444156513581687333e-02 2.574688539484693561e-01 6.677655511580819159e+00
2.477658658567920280e-01 -5.594326752881435827e-02 9.672033967500173191e-01 1.158857614049012064e+01 -4.349058054289405267e-04 9.983249162828234935e-01 5.785475212708852261e-02 4.707245319746387047e-01 -9.688198507267152815e-01 -1.475507424790274170e-02 2.473265058856683740e-01 6.849225015001907835e+00
2.364986028806161933e-01 -5.707863934457095556e-02 9.699538256063195973e-01 1.238006823446661819e+01 -1.186630920137625314e-03 9.982553016437037963e-01 5.903341939082276668e-02 5.035624159244366238e-01 -9.716311128259735863e-01 -1.511229752939511305e-02 2.360182515231030176e-01 7.039882571241220077e+00
2.269494356510744770e-01 -6.016142819759544985e-02 9.720465730470047028e-01 1.313300244970638708e+01 -2.158365224529832423e-03 9.980566847229835892e-01 6.227515952960517576e-02 5.384403036865134107e-01 -9.739041594788399037e-01 -1.623134295486623746e-02 2.263785496531016961e-01 7.222018399722361259e+00
2.157246360044242084e-01 -6.357789065540109252e-02 9.743822233098200503e-01 1.390204320859369247e+01 -4.048462319315072715e-03 9.978112159238248235e-01 6.600293389542459532e-02 5.866709988177525315e-01 -9.764458552206588537e-01 -1.818320774216510699e-02 2.149950673007300084e-01 7.384343983705741188e+00
2.027266619797812308e-01 -6.748738160122012830e-02 9.769070260792519500e-01 1.469322436131849763e+01 -4.050012041404383797e-03 9.975559793935876440e-01 6.975432120246194412e-02 6.201112651709750345e-01 -9.792269986097406065e-01 -1.809754504421407645e-02 2.019578677680566869e-01 7.547028874836136048e+00
1.901661335688294707e-01 -6.989681342835957212e-02 9.792605683742733325e-01 1.547673540907460499e+01 -5.174048334171827031e-03 9.973771382988978473e-01 7.219468933879284733e-02 6.650198083367591106e-01 -9.817382990477871996e-01 -1.879572557858717394e-02 1.893057032418275776e-01 7.688823031942352948e+00
1.765163453986473008e-01 -7.060569872407469749e-02 9.817620886274855962e-01 1.630091743277316851e+01 -5.830628336118538410e-03 9.973314337346942393e-01 7.277372468411591466e-02 7.016281765926500880e-01 -9.842804481440744491e-01 -1.857004089951718590e-02 1.756336228755305540e-01 7.833660771989009675e+00
1.621489978076152416e-01 -6.981563014889474728e-02 9.842933829613860208e-01 1.709334535311610992e+01 -7.281883734834986542e-03 9.973821194806338220e-01 7.194360193969044637e-02 7.375891993205740960e-01 -9.867394254626936645e-01 -1.883309205200940986e-02 1.612161204289989935e-01 7.971064672319518429e+00
1.450105604298713435e-01 -6.875320052108470359e-02 9.870384582721593025e-01 1.787802315692819732e+01 -8.850218538361515064e-03 9.974527699065529607e-01 7.077884848429211173e-02 7.774060530006203784e-01 -9.893905336855999266e-01 -1.899918566789482802e-02 1.440327029383569324e-01 8.055937367625896073e+00
1.253965299994343474e-01 -6.752371808010652898e-02 9.898061633289760852e-01 1.867573462980740473e+01 -1.105573185716219632e-02 9.975241095272200376e-01 6.945085792445626627e-02 8.152852451219031460e-01 -9.920451089910998776e-01 -1.965192724499967639e-02 1.243395364222222021e-01 8.166477720430169285e+00
9.997640353920558831e-02 -6.603372579268944331e-02 9.927961768947990429e-01 1.952010252854745787e+01 -1.539363497642473079e-02 9.975732577259274203e-01 6.790163064712111118e-02 8.553359285549174684e-01 -9.948707313100010330e-01 -2.207130192107938441e-02 9.871728611717481283e-02 8.254063356845472654e+00
7.001593181021423251e-02 -6.564329615156232201e-02 9.953836998327841856e-01 2.034539454177828333e+01 -1.946677707388151657e-02 9.975525877051685253e-01 6.715563516719695591e-02 9.014239870186988579e-01 -9.973559200251821411e-01 -2.407887611483826296e-02 6.856670915569505753e-02 8.332800281275144272e+00
3.633852548264862592e-02 -6.542059334321653763e-02 9.971958886541144595e-01 2.120012800097914507e+01 -2.248519348073284296e-02 9.975488031337841344e-01 6.626312269842453417e-02 9.414990324257102028e-01 -9.990865553001307964e-01 -2.483004582390001269e-02 3.477845651181816350e-02 8.334191673157139491e+00
1.800830281909615452e-03 -6.466530556841926236e-02 9.979053752766005037e-01 2.203142270319526830e+01 -2.439087887079227981e-02 9.976072815859630127e-01 6.469000502533861496e-02 9.755404673917380531e-01 -9.997008849426776145e-01 -2.445628400233949146e-02 2.192763736391921154e-04 8.341136541462667253e+00
-3.261912589925398259e-02 -6.362149350969296957e-02 9.974408658630848912e-01 2.289609649196261643e+01 -2.566368630288437883e-02 9.976962077052321520e-01 6.279850584993677820e-02 1.007045876809350649e+00 -9.991383212961701954e-01 -2.354957625734421800e-02 -3.417674165270447734e-02 8.276062561459122335e+00
-6.496189024674256518e-02 -6.167348168466703362e-02 9.959800787065120620e-01 2.372451011153117051e+01 -2.790419064925456563e-02 9.978102728707786140e-01 5.996678670406278833e-02 1.039485514261055510e+00 -9.974975318830023863e-01 -2.389646132418466254e-02 -6.654059141512536080e-02 8.238301964699287439e+00
-9.721210694195257795e-02 -5.853224035620653576e-02 9.935410237373546449e-01 2.454667198194509226e+01 -2.972856389271140085e-02 9.979944815193108054e-01 5.588584226068937094e-02 1.076683329630370389e+00 -9.948195996117631390e-01 -2.410376647441597742e-02 -9.875722709985075565e-02 8.161597946240700452e+00
-1.295886766006272839e-01 -5.422311326389636643e-02 9.900841437503532516e-01 2.537519384578142478e+01 -2.680701998126517813e-02 9.983303157338824230e-01 5.116604718986762779e-02 1.104857153160717642e+00 -9.912054153533443879e-01 -1.991066419144929545e-02 -1.308258658906288063e-01 8.043429738161290032e+00
-1.607519600966257900e-01 -4.880549337724951475e-02 9.857874081508576358e-01 2.620693679673982501e+01 -2.250847892612477599e-02 9.986981959892030636e-01 4.577424734207165974e-02 1.120785594158285381e+00 -9.867381579491913968e-01 -1.483027418680080145e-02 -1.616412313480144469e-01 7.901226657405348242e+00
-1.919042781679276555e-01 -4.260924023677353789e-02 9.804882374287594571e-01 2.709546973056018260e+01 -1.644055123387953149e-02 9.990564546887570341e-01 4.019836598939824368e-02 1.139870859759382293e+00 -9.812759411681964972e-01 -8.405527707001973770e-03 -1.924237285555356891e-01 7.705855081941974660e+00
-2.203709301793687625e-01 -3.716709053518450767e-02 9.747077735108669039e-01 2.786595248266395686e+01 -1.068965092288506891e-02 9.993057996133485332e-01 3.568823648238274304e-02 1.147412497974879431e+00 -9.753575758011684416e-01 -2.554634947164341387e-03 -2.206152531832791530e-01 7.504364682712537871e+00
-2.483315672018801823e-01 -3.036438314236939232e-02 9.681990603090780967e-01 2.868977936631336334e+01 -2.024639989387244394e-03 9.995226706534343641e-01 3.082744996284704497e-02 1.179225094341838087e+00 -9.686729837641794294e-01 5.695175528121180705e-03 -2.482745095588622941e-01 7.283858648666997837e+00
-2.748431658349846929e-01 -2.014214615123386190e-02 9.612780616251495047e-01 2.952282777307059902e+01 4.117819476539065146e-03 9.997467198511255093e-01 2.212554390671001361e-02 1.172798750237609600e+00 -9.614802615703305078e-01 1.003942518776686221e-02 -2.746906131440898235e-01 7.041018642696845298e+00
-3.002317410294065847e-01 -5.081710600235720202e-03 9.538527463597005207e-01 3.030445569987171694e+01 8.336942310634951753e-03 9.999336337354277626e-01 7.951320679609583456e-03 1.167335432104950499e+00 -9.538298655506819435e-01 1.033945528826460229e-02 -3.001694511818582822e-01 6.769446746338230625e+00
-3.248444899607916825e-01 1.156056031531861421e-02 9.456967774471937149e-01 3.106894731103994189e+01 8.848086236962015780e-03 9.999186785909726094e-01 -9.184092776857010615e-03 1.132564932901965360e+00 -9.457260616904948902e-01 5.384205762796831322e-03 -3.249203633133589397e-01 6.480957590210566721e+00
-3.496230453797033455e-01 2.613775927193602230e-02 9.365257754271865132e-01 3.185371443779030898e+01 7.895331611723226117e-03 9.996574660819481650e-01 -2.495223898793341374e-02 1.104402833318431698e+00 -9.368571954195346052e-01 -1.329695245867989909e-03 -3.497096552230417599e-01 6.202005047184787401e+00
-3.743072007775220533e-01 3.703708829926173618e-02 9.265648159688675278e-01 3.261261552719401635e+01 1.166627773236554762e-02 9.993110621831589047e-01 -3.523207256454540665e-02 1.066697746430399496e+00 -9.272313798615555713e-01 -2.378055024507373140e-03 -3.744814126553805411e-01 5.879617597840121945e+00
-3.978899802735504920e-01 4.176630293472737010e-02 9.164819280760766462e-01 3.339911026464696420e+01 1.565415006787565164e-02 9.991268385368962113e-01 -3.873639202958553684e-02 1.017051531440344103e+00 -9.172995831394989974e-01 -1.066075667310317342e-03 -3.981963753416872809e-01 5.532718070949190547e+00
-4.205614472183261676e-01 4.105181162003088829e-02 9.063348184464090629e-01 3.412037763122145151e+01 1.780595745320143197e-02 9.991568507465033999e-01 -3.699372175698950604e-02 9.705370100721931736e-01 -9.070893179226089398e-01 5.800270206907929323e-04 -4.209378192363796845e-01 5.174060568417916173e+00
-4.410736278417951017e-01 3.791653331551517875e-02 8.966696029525355049e-01 3.488311575123549346e+01 2.222815189108529391e-02 9.992621898138107639e-01 -3.132068376517913033e-02 9.418192359183370499e-01 -8.971956182738251018e-01 6.116581527061934302e-03 -4.415910149515292482e-01 4.823622754317402617e+00
-4.589359989160168851e-01 3.646724036451178680e-02 8.877206064271631059e-01 3.560309944078109368e+01 2.918835673808496678e-02 9.992368090076509946e-01 -2.595841494177028932e-02 9.073415964317751436e-01 -8.879897531996249205e-01 1.399785573070640339e-02 -4.596501631676043198e-01 4.389038406719183882e+00
-4.730208427231720192e-01 3.720958936239793236e-02 8.802651389336613175e-01 3.630085917184980104e+01 3.282648422707303004e-02 9.991583846949873005e-01 -2.459561289198307701e-02 8.609664424565166563e-01 -8.804395022339207566e-01 1.726177326350429239e-02 -4.738442023813228543e-01 4.021102551477171438e+00
-4.844719205241524440e-01 4.055355505115576520e-02 8.738663247859843608e-01 3.700980212382486911e+01 3.554464811531500568e-02 9.990125502683158132e-01 -2.665524974657165758e-02 8.082875047223004872e-01 -8.740844060044680175e-01 1.814755208080102641e-02 -4.854349919323715512e-01 3.631323097500198216e+00
-4.939996987484402968e-01 4.317455033748215931e-02 8.683894530661011579e-01 3.769206289025608925e+01 3.707640745488411521e-02 9.989038940187431326e-01 -2.857184740405281642e-02 7.704203459178414759e-01 -8.686711979110549597e-01 1.808227827789878062e-02 -4.950589811684761310e-01 3.236307774766020717e+00
-5.044377447125103497e-01 4.231907595168363234e-02 8.624103687040867161e-01 3.839705026271401067e+01 3.094120942823298456e-02 9.990426629509143730e-01 -3.092570306408996481e-02 7.071302757749284851e-01 -8.628935134319444256e-01 1.108392895266233427e-02 -5.052642323782056133e-01 2.842825720140953027e+00
-5.161430141477590938e-01 4.113588817006462450e-02 8.555140059497075011e-01 3.908171461522413637e+01 2.928515566769030257e-02 9.991095550214217358e-01 -3.037230106360327628e-02 6.937671500492145205e-01 -8.560016242067371994e-01 9.377410831363017577e-03 -5.168880892870885146e-01 2.423715123045547148e+00
-5.247141926619243169e-01 4.257630857968620897e-02 8.502130679089154874e-01 3.977650005296514735e+01 3.157408719641992267e-02 9.990346431334997668e-01 -3.054273699351788343e-02 6.533680095620485462e-01 -8.506927206178709344e-01 1.081849497548533802e-02 -5.255519654913208827e-01 2.002215042092224007e+00
-5.316607090617896381e-01 4.554494886542662796e-02 8.457319522617514629e-01 4.045379873428601059e+01 3.543061448655269313e-02 9.988749785852575336e-01 -3.151902051209011513e-02 6.062033647895431754e-01 -8.462160325431981045e-01 1.320737899864949348e-02 -5.326762660964794449e-01 1.542131868917983262e+00
-5.356411576897146531e-01 4.869438838916619050e-02 8.430405647467087427e-01 4.114143373575056017e+01 3.606988116570715441e-02 9.987442084533618702e-01 -3.477024147027864970e-02 5.684473598540979999e-01 -8.436750117905932322e-01 1.178400161025609967e-02 -5.367249060437095931e-01 1.096794976428223878e+00
-5.350491895019784394e-01 5.027217605036927994e-02 8.433238169296729536e-01 4.185918285031902286e+01 3.533453453160103480e-02 9.986860909739225800e-01 -3.711552643843127330e-02 5.216724787359363624e-01 -8.440816590554504062e-01 9.939823190313409537e-03 -5.361225286728830142e-01 6.713730100560297842e-01
-5.318010836229196681e-01 5.102071826442874936e-02 8.453309888919202653e-01 4.258333429316340357e+01 3.762185058099801194e-02 9.986213979506097793e-01 -3.660464245763211943e-02 4.810861839299433451e-01 -8.460332236655012661e-01 1.233652865246391908e-02 -5.329874365909829104e-01 2.055646805417785938e-01
-5.264717241535837866e-01 5.004215355896605988e-02 8.487186185383202019e-01 4.333934793774860594e+01 3.628966681111031600e-02 9.986791546281846843e-01 -3.637315124014553480e-02 4.393756612614487800e-01 -8.494177980141757178e-01 1.165028125527605915e-02 -5.275923506899017346e-01 -2.224982057698278448e-01
-5.193331046938951534e-01 4.873871536470988225e-02 8.531809015597663359e-01 4.409553467159294371e+01 3.415270296182522369e-02 9.987584094762836928e-01 -3.626613187197827437e-02 3.952490365414205176e-01 -8.538891797077341472e-01 1.030423205372107791e-02 -5.203528657045596306e-01 -6.774462158407712487e-01
-5.119116041388332983e-01 4.801011759519591138e-02 8.576954732423663907e-01 4.486243027319415688e+01 3.212383831591934108e-02 9.988085507988393452e-01 -3.673605593481218956e-02 3.480442427548339768e-01 -8.584372898904807370e-01 8.746858383392425162e-03 -5.128439579319353792e-01 -1.160757092557397119e+00
-5.054625655726655564e-01 4.642435805165694152e-02 8.615987234997183331e-01 4.568133811411507139e+01 2.915965986002172841e-02 9.989002317248021345e-01 -3.671568117054310743e-02 2.970352845840084632e-01 -8.623556814216140065e-01 6.565524295860113851e-03 -5.062603935837765023e-01 -1.615299815456160637e+00
-5.009305353663293658e-01 4.418935807133259064e-02 8.643586557926208336e-01 4.648146878177887231e+01 2.508933730129827774e-02 9.990174367847820536e-01 -3.653335608186403932e-02 2.512523593659074517e-01 -8.651237693066001766e-01 3.385513202071324668e-03 -5.015470223772279246e-01 -2.080857171841416609e+00
-4.997978388110163595e-01 4.147717997247372945e-02 8.651483978550098541e-01 4.731345784843513513e+01 2.045153474918354891e-02 9.991393929458528556e-01 -3.608612129840686744e-02 2.187923401240645660e-01 -8.659006105793527475e-01 -3.421519874374241558e-04 -5.002159824720034953e-01 -2.533342998625492726e+00
-5.001047872140942374e-01 3.894086991128725000e-02 8.650888953784273694e-01 4.815865172806934424e+01 1.772510319079342173e-02 9.992394421141010952e-01 -3.473266482008764006e-02 1.673831766628603168e-01 -8.657834803669085533e-01 -2.036181096655403054e-03 -5.004146607306851902e-01 -3.033918142983089261e+00
-5.008246516605319165e-01 3.783624880857948403e-02 8.647213846242525204e-01 4.902703233266019822e+01 1.626713556913804079e-02 9.992791041573921840e-01 -3.430236526042437090e-02 1.221935784577975748e-01 -8.653958983796200544e-01 -3.112929236093046979e-03 -5.010790978581478594e-01 -3.516191030162282516e+00
-5.016678508170443473e-01 3.720186729233316419e-02 8.642600158522562026e-01 4.989748479176448370e+01 1.631781887802040421e-02 9.993040566948071524e-01 -3.354297286017308977e-02 7.245607813923458929e-02 -8.649064160769345255e-01 -2.724591795556133723e-03 -5.019257729846082761e-01 -4.004704672427412682e+00
-5.011332333522589000e-01 3.636243147909405671e-02 8.646058306946006189e-01 5.075295704189110779e+01 1.592044220304622559e-02 9.993350938516940563e-01 -3.280106225992619057e-02 3.015847755705517580e-02 -8.652236903180751115e-01 -2.672794323381454031e-03 -5.013789339907708253e-01 -4.515722073974898443e+00
-5.016066251906515783e-01 3.589071212851520365e-02 8.643509916805829363e-01 5.164895719789990380e+01 1.645357880698147812e-02 9.993540932062566773e-01 -3.194802192178008982e-02 -2.004735329889413553e-02 -8.649393537338836424e-01 -1.803671382748050231e-03 -5.018731659414856772e-01 -5.019880824544632247e+00
-5.020854922842007406e-01 3.529214700239064612e-02 8.640975693035263250e-01 5.252744118762967673e+01 1.587070756363258631e-02 9.993747258611387352e-01 -3.159553640730273366e-02 -7.537724480401628013e-02 -8.646723607237335463e-01 -2.149819708695715256e-03 -5.023316637716928046e-01 -5.536531104361674949e+00
-5.021674719189271885e-01 3.389003268607193586e-02 8.641060596414330552e-01 5.343543759277621774e+01 1.424289058577592540e-02 9.994203819838164415e-01 -3.091989837448822984e-02 -1.221039388289871103e-01 -8.646530995349823723e-01 -3.219598232099440526e-03 -5.023590998493139281e-01 -6.042673783049283820e+00
-5.024798868332412960e-01 3.317187146911809714e-02 8.639523000452333790e-01 5.434351052948337468e+01 1.387874352123042061e-02 9.994444243846851705e-01 -3.030219493497778721e-02 -1.737982122447495614e-01 -8.644775046941733931e-01 -3.235670189964596957e-03 -5.026611063736277085e-01 -6.538599932403020176e+00
-5.018024742795542670e-01 3.217176157155135496e-02 8.643837348271926624e-01 5.524547438907029573e+01 1.263054631049421311e-02 9.994740687999564832e-01 -2.986729100282369681e-02 -2.249533884227714609e-01 -8.648900267876681314e-01 -4.069840834269598633e-03 -5.019449088434085882e-01 -7.058890924800551581e+00
-5.004911955548551061e-01 3.098139981766713860e-02 8.651870910291749039e-01 5.613909555205817981e+01 1.204928647532179514e-02 9.995119579214231109e-01 -2.882118395125832580e-02 -2.797476472801307956e-01 -8.656577789300338166e-01 -3.999860798254910137e-03 -5.006202397711945196e-01 -7.577143943239168067e+00
-4.983878871427060986e-01 2.861411949687429554e-02 8.664818131519308464e-01 5.703512201212660671e+01 1.252362505260637242e-02 9.995885112516926796e-01 -2.580633577493894951e-02 -3.304442905337999781e-01 -8.668637062174455732e-01 -2.010070897838937831e-03 -4.985411598582090709e-01 -8.080055081116595872e+00
-4.958483287267222428e-01 2.733386858841454353e-02 8.679788481822031665e-01 5.791735682604706170e+01 1.312433867181590774e-02 9.996262350646891726e-01 -2.398211586288898425e-02 -3.779756409167058240e-01 -8.683099671606187009e-01 -4.998427694613499046e-04 -4.960217381783763035e-01 -8.590948184664304321e+00
-4.930178979294491670e-01 2.670415546828104614e-02 8.696092379452299292e-01 5.881584220269311203e+01 1.262589845594305413e-02 9.996431847120971215e-01 -2.353911477132266533e-02 -4.368750249967388588e-01 -8.699275553159936392e-01 -6.256060115785484635e-04 -4.931791467853723354e-01 -9.103443290430611512e+00
-4.914243298304933338e-01 2.725022701956753349e-02 8.704938480371465781e-01 5.970442420623433577e+01 1.360827535896329092e-02 9.996286140444692325e-01 -2.361035368248933994e-02 -4.787494697106550179e-01 -8.708139614224623681e-01 2.432186926028027344e-04 -4.916126515542270092e-01 -9.591859824286194325e+00
-4.901560703067160407e-01 2.770009689653484680e-02 8.711944201186573311e-01 6.058971714328487934e+01 1.338354198766878930e-02 9.996162526489570377e-01 -2.425341666361818110e-02 -5.286386528390221162e-01 -8.715319386483556530e-01 -2.282913606821293051e-04 -4.903387008491919552e-01 -1.009404254728858241e+01
-4.905651575003542875e-01 2.866015944777355537e-02 8.709330673406575629e-01 6.149992956976941372e+01 1.272378624623367142e-02 9.995880282121099025e-01 -2.572701100467893187e-02 -5.708263941768214611e-01 -8.713116228093165105e-01 -1.539208093205204431e-03 -4.907277254637941732e-01 -1.061110104433958412e+01
-4.934758530708847624e-01 3.065423936768473315e-02 8.692191244876092959e-01 6.237497400521353796e+01 1.167488365314210859e-02 9.995221405089422806e-01 -2.862145526773810650e-02 -6.166570825726509497e-01 -8.696811438736238298e-01 -3.975964003208276761e-03 -4.935979268525355623e-01 -1.107987060781215227e+01
-4.981908077174816984e-01 3.141975849985940289e-02 8.664979540023529658e-01 6.325755204771547824e+01 1.056209358943827580e-02 9.994889927753691783e-01 -3.016944611340427462e-02 -6.657866591285783731e-01 -8.670030990042745245e-01 -5.878107358715747681e-03 -4.982680882650535881e-01 -1.156301061437510924e+01
-5.035388321696205871e-01 2.981452762659533504e-02 8.634580041524511085e-01 6.415578658263616774e+01 1.061775953596997939e-02 9.995424730678087455e-01 -2.832150588095255425e-02 -7.095069985216739816e-01 -8.639073561329607687e-01 -5.092987649352189415e-03 -5.036250142928234697e-01 -1.206154324725038940e+01
-5.087816364975171757e-01 2.764258513961736011e-02 8.604516955821407409e-01 6.499818781155890690e+01 1.340406756674951405e-02 9.996175721404079173e-01 -2.418760874297300884e-02 -7.720354294702275189e-01 -8.607912578184412355e-01 -7.726575650580362218e-04 -5.089575885152306522e-01 -1.258561142370203356e+01
-5.141958725152161458e-01 2.550215690514784361e-02 8.572935502797236484e-01 6.584158344376083960e+01 1.057699340392455854e-02 9.996703811748860469e-01 -2.339350749840756957e-02 -8.175894752069461369e-01 -8.576075699313061573e-01 -2.961255865143343560e-03 -5.142961212274718141e-01 -1.309764568815823615e+01
-5.190677254190513290e-01 2.778155335403210274e-02 8.542814925291759565e-01 6.668960990014694801e+01 1.184896696156670023e-02 9.996094734384721736e-01 -2.530815228819799714e-02 -8.669773946192469438e-01 -8.546509874926679906e-01 -3.014290958596416419e-03 -5.191941995951423472e-01 -1.359318134395996580e+01
-5.242304450572004004e-01 2.974889913680757100e-02 8.510566551786947764e-01 6.749273695853794663e+01 1.201276499366111389e-02 9.995485219480981787e-01 -2.753989335291416596e-02 -9.083912809391964105e-01 -8.514917180259772289e-01 -4.213706065723485904e-03 -5.243511342491609106e-01 -1.412335038106784957e+01
-5.292692854309520856e-01 3.018591837478808507e-02 8.479167534428510011e-01 6.835417142562403114e+01 1.098071598431636826e-02 9.995269195812269691e-01 -2.872909479289078097e-02 -9.533865543847435120e-01 -8.483828494235692297e-01 -5.894693553771320794e-03 -5.293503626856088662e-01 -1.463906269092232293e+01
-5.330427857956572257e-01 3.089519589297791413e-02 8.455240164463865282e-01 6.917542661801223858e+01 9.943198512416101184e-03 9.994928251918210327e-01 -3.025268869631821123e-02 -1.007821466130887744e+00 -8.460298653498672383e-01 -7.718763466562762396e-03 -5.330796381789528748e-01 -1.514563294373179758e+01
-5.364044881592586744e-01 2.974710929306178392e-02 8.434366138812451341e-01 6.997425231298585402e+01 9.639373552405889820e-03 9.995293869797685637e-01 -2.912193369657203532e-02 -1.064404982198652316e+00 -8.439059895777467624e-01 -7.490934497058025256e-03 -5.364387939086375789e-01 -1.565731463358676834e+01
-5.386334926961888758e-01 2.342784140697625264e-02 8.422143930666963207e-01 7.082344054933226118e+01 1.135090101055466656e-02 9.997243916791480611e-01 -2.054988341008916197e-02 -1.113469136958988415e+00 -8.424637257661664602e-01 -1.508962359284358535e-03 -5.387509691173074655e-01 -1.618893830050083338e+01
-5.408546811925065700e-01 1.584967196784522678e-02 8.409666990181076107e-01 7.165985666752555971e+01 1.270062760012647014e-02 9.998623473494299141e-01 -1.067615990281835237e-02 -1.131846070729610076e+00 -8.410201659207652281e-01 4.906554781962398082e-03 -5.409815330759550900e-01 -1.672211124275222716e+01
-5.430161906695448737e-01 1.358309201755914138e-02 8.396123530804866508e-01 7.246251349729453750e+01 1.360571981318759935e-02 9.998802291863618796e-01 -7.376425139219786563e-03 -1.157128786168997836e+00 -8.396120012305681168e-01 7.418013145670126346e-03 -5.431359621033748919e-01 -1.723821642911298468e+01
-5.437703353863923006e-01 1.747904058984147552e-02 8.390520202438561670e-01 7.327008860126343848e+01 1.230611854342860897e-02 9.998416637916691663e-01 -1.285327865283707530e-02 -1.210796474569720838e+00 -8.391438454392482482e-01 3.336242938573398369e-03 -5.438993371788507503e-01 -1.773272958797457832e+01
-5.452948172563057971e-01 2.217641813793557945e-02 8.379509269443657926e-01 7.406062489688353878e+01 1.216387903523502567e-02 9.997540697061884085e-01 -1.854292673373331146e-02 -1.263336163535654144e+00 -8.381560796349406539e-01 8.137279138845882683e-05 -5.454304651881806132e-01 -1.827075871934505358e+01
-5.458412266657652889e-01 2.787044783854545835e-02 8.374249701565541493e-01 7.486203865181352057e+01 1.903675796381832167e-02 9.996011615744690992e-01 -2.085952043459366606e-02 -1.287041946590572250e+00 -8.376723515828211619e-01 4.555871208030547181e-03 -5.461540883590147999e-01 -1.880898943831309111e+01
-5.454546313568996441e-01 2.891723435992098190e-02 8.376413468275534235e-01 7.566801595180284323e+01 2.273783372663435928e-02 9.995473444127858098e-01 -1.970018164532846838e-02 -1.321850957204096622e+00 -8.378318730739623410e-01 8.300595343476310783e-03 -5.458652447165273092e-01 -1.932203108887563658e+01
-5.455098048097350993e-01 2.581327741888400640e-02 8.377068191132965858e-01 7.643697732393670208e+01 2.222683082308072461e-02 9.996196015380747202e-01 -1.632850807013733196e-02 -1.360665183180711502e+00 -8.378096635499177047e-01 9.712207506512828686e-03 -5.458760422483964758e-01 -1.983712679729215722e+01
-5.445041258581624355e-01 2.106335845140930307e-02 8.384936368591699996e-01 7.726303535250860932e+01 2.040881168539682503e-02 9.997213677283418587e-01 -1.186032374997178854e-02 -1.385846501248269025e+00 -8.385098382494865499e-01 1.065466453964488379e-02 -5.447822887326148056e-01 -2.036659319186386696e+01
-5.434227988406863386e-01 1.528636783112121214e-02 8.393199484292782619e-01 7.805774695179988498e+01 1.884788504925144492e-02 9.998043230836842765e-01 -6.006058702213673377e-03 -1.418272250143739699e+00 -8.392475382537636364e-01 1.255557772113047831e-02 -5.436045804274077797e-01 -2.087238804463067154e+01
-5.433251078251076782e-01 8.438765837244018020e-03 8.394799590232056019e-01 7.887223374539458121e+01 9.931176613952539742e-03 9.999441169170815158e-01 -3.624190529867541127e-03 -1.441042212900743413e+00 -8.394636445304017869e-01 6.367911018194010071e-03 -5.433785531969039795e-01 -2.139623024373915783e+01
-5.414691061641144776e-01 3.435391357724223819e-03 8.407136208491932106e-01 7.967532582666483165e+01 1.451676202584329138e-03 9.999939809880511454e-01 -3.151288905906777463e-03 -1.474461072179840793e+00 -8.407194010509182469e-01 -4.858806974028639773e-04 -5.414708353118675710e-01 -2.186123638115373780e+01
-5.397715585286707585e-01 4.243604152517373510e-03 8.418008336434114058e-01 8.049769757699721140e+01 4.900983688963763026e-03 9.999861879879372584e-01 -1.898468781385501169e-03 -1.497016526785110324e+00 -8.417972776081554809e-01 3.100913668480930179e-03 -5.397849022147851450e-01 -2.236079341685846344e+01
-5.365424074400929610e-01 7.136926078527602857e-03 8.438431704675267708e-01 8.129020507923114280e+01 9.847040664661891110e-03 9.999491050528257485e-01 -2.196150531238181929e-03 -1.520800918835433224e+00 -8.438159114941313765e-01 7.131031123979899612e-03 -5.365853789298902221e-01 -2.288343457916996826e+01
-5.317316771008083753e-01 1.020989466403979251e-02 8.468513261346573007e-01 8.206296626715104026e+01 1.073456581597282376e-02 9.999282558634942086e-01 -5.315280273429844222e-03 -1.550629807016257411e+00 -8.468448526369775076e-01 6.264279397778356462e-03 -5.318031284474679099e-01 -2.336605676451645053e+01
-5.235877444626889643e-01 1.227558628267366378e-02 8.518833081158913023e-01 8.288648651151615354e+01 1.590471540343974671e-02 9.998627803564439365e-01 -4.632543482704894536e-03 -1.568033950713931368e+00 -8.518232949371808971e-01 1.112341962133953609e-02 -5.237111388431683334e-01 -2.384477406585949666e+01
-5.153462489296365412e-01 1.438464772728939405e-02 8.568613145080394844e-01 8.365252118608532328e+01 2.285523084601280563e-02 9.997341715472870538e-01 -3.037206949462890014e-03 -1.600614039544983047e+00 -8.566772403903494260e-01 1.801855104502881819e-02 -5.155380208834881017e-01 -2.433757258274365753e+01
-5.057057879034136949e-01 1.503690138150817930e-02 8.625749441015897467e-01 8.444295425857430359e+01 2.336284751378187377e-02 9.997200906150226496e-01 -3.730648534426072877e-03 -1.598470349389000233e+00 -8.623896136203800245e-01 1.826559744540399641e-02 -5.059155421548897635e-01 -2.476666809309877948e+01
-4.944386371650670298e-01 1.192851217593210965e-02 8.691306754454410921e-01 8.526602290129272887e+01 1.875106081926490587e-02 9.998195163430140253e-01 -3.054902030253632897e-03 -1.626882591438220338e+00 -8.690102670574414434e-01 1.478666164744849021e-02 -4.945730725512768045e-01 -2.526017497556887292e+01
-4.831012320476074651e-01 8.701328648385003167e-03 8.755212576590593043e-01 8.607953036942487302e+01 1.954990779512436397e-02 9.998085202445143871e-01 8.508339730802285403e-04 -1.658940950383590573e+00 -8.753462248474526142e-01 1.752739992148021411e-02 -4.831788393457107644e-01 -2.572569774787589481e+01
-4.720885251949916706e-01 7.462197916849058754e-03 8.815195550563419413e-01 8.686795890214872884e+01 1.984391944780601255e-02 9.998007486832873880e-01 2.163737353501862110e-03 -1.672088253113073186e+00 -8.813277801631103081e-01 1.851427975355169134e-02 -4.721425414286041233e-01 -2.612865014029747002e+01
-4.597110662114577972e-01 6.474418485653592875e-03 8.880449331445505745e-01 8.772929075716217540e+01 1.896896163013385081e-02 9.998168712828741089e-01 2.530288541524215121e-03 -1.700490166926323043e+00 -8.878659398563006899e-01 1.800849304191650541e-02 -4.597496941580633267e-01 -2.655095589737441131e+01
-4.479189262286678574e-01 8.444239729208666626e-03 8.940342923760062899e-01 8.854368855111118819e+01 2.272971199640132223e-02 9.997397544168650230e-01 1.945145966917544850e-03 -1.715320123575492905e+00 -8.937852141144730922e-01 2.119241084160004146e-02 -4.479942937009234738e-01 -2.695998963257541092e+01
