1.000000000000000000e+00 -3.306050084167601550e-19 -2.270457535318767223e-19 -8.673617379884035472e-19 7.546676715296109287e-19 1.000000000000000000e+00 6.237773588823049983e-19 1.387778780781445676e-17 -3.447385680526250622e-20 4.770700176052009879e-20 1.000000000000000222e+00 5.551115123125782702e-17
9.999150323234536897e-01 -3.162939388380774184e-03 1.264490990383339980e-02 1.682080872029904917e-02 3.143767797428716811e-03 9.999938834193545789e-01 1.535542971147782400e-03 -7.122154030077709752e-03 -1.264969010449455700e-02 -1.495647485143879836e-03 9.999188268337911856e-01 2.970248627854625845e-01
9.997897719662813820e-01 -5.225543941274674552e-03 1.982601018109128935e-02 3.265824406240867839e-02 5.187363191014214385e-03 9.999845770393580580e-01 1.977224711200269765e-03 -1.523317008005922735e-02 -1.983603175058416129e-02 -1.873961389986324427e-03 9.998014447374944380e-01 5.755880502449890468e-01
9.997855251431080337e-01 -7.660775139592995026e-03 1.924397602976705979e-02 3.952001934854685455e-02 7.651636142404855991e-03 9.999705843589428156e-01 5.488018915233911551e-04 -1.884450035893273090e-02 -1.924761527983575790e-02 -4.014438436786577774e-04 9.998147370555666713e-01 8.817336480832067558e-01
9.997945044618588017e-01 -9.049071590599594081e-03 1.814531578131012290e-02 4.102980000224804025e-02 9.061554642834788315e-03 9.999587940377639983e-01 -6.057964163928892696e-04 -2.270900746522687419e-02 -1.813908812584461017e-02 7.700224402751285101e-04 9.998352506374930115e-01 1.190291551212654175e+00
9.998647163143052907e-01 -1.151017115747316778e-02 1.174608426129120434e-02 4.366647660540934339e-02 1.153257121631246288e-02 9.999317702343097913e-01 -1.841155345715898535e-03 -1.874768572071038031e-02 -1.172409128765973529e-02 1.976400096173085239e-03 9.999293320854183431e-01 1.508480076229847144e+00
9.999198130007196372e-01 -1.266269689951878864e-02 -6.452309038630570461e-05 3.496221254698797520e-02 1.266241248425993386e-02 9.999142919031166477e-01 -3.331999627611739907e-03 -2.775454039834121533e-02 1.067111499214714254e-04 3.330915436680128086e-03 9.999944721377900247e-01 1.828913748464241706e+00
9.998055898990441115e-01 -1.167013245844824611e-02 -1.588946032356879784e-02 1.295482966827022318e-02 1.161620571373764635e-02 9.999264243611033498e-01 -3.481684101126691303e-03 -3.764936915394659356e-02 1.592892883906534690e-02 3.296388968743849384e-03 9.998676809455413483e-01 2.161864973130997125e+00
9.993726896200607612e-01 -7.108129377850905435e-03 -3.469396509583107940e-02 -2.038039486333881323e-02 6.989095676974929096e-03 9.999692890239598730e-01 -3.551152890154828014e-03 -4.165891597567034088e-02 3.471814170386896409e-02 3.306478985670834297e-03 9.993916610730816386e-01 2.505721992040486068e+00
9.985217571650283341e-01 -2.407366104643730940e-03 -5.429558370265079315e-02 -6.960019526407186519e-02 2.193442760021381208e-03 9.999895753003069654e-01 -4.000136373976777987e-03 -4.425536949469792425e-02 5.430464856127906886e-02 3.875147516676641368e-03 9.985166607368745062e-01 2.856917976975178686e+00
9.972124057721454271e-01 -1.245137548343891454e-03 -7.461091516394541268e-02 -1.143814344327502563e-01 9.424121568581629626e-04 9.999911619803711904e-01 -4.093366257468159831e-03 -5.161472929383804920e-02 7.461535901694689443e-02 4.011626137869515191e-03 9.972048013118147702e-01 3.222810155269925758e+00
9.953746992282374029e-01 -2.542653346336682611e-03 -9.601716116261690970e-02 -1.660476378067006764e-01 2.177530661427982701e-03 9.999900024916814623e-01 -3.908292147184674881e-03 -5.356383231693338798e-02 9.602613868293044530e-02 3.681161520798765727e-03 9.953702926915498628e-01 3.606466131156256694e+00
9.933236443086844725e-01 -4.452788014951502768e-03 -1.152769672804167533e-01 -2.250151054512772864e-01 4.134968140791095079e-03 9.999869425907380593e-01 -2.996157556425660048e-03 -6.008069988726805200e-02 1.152888208827297367e-01 2.499422410713206776e-03 9.933291511834634324e-01 3.989201902996371896e+00
9.909312357600578158e-01 -3.671759349879795409e-03 -1.343115180690252763e-01 -2.985032215446150605e-01 3.394727531826979318e-03 9.999916287439029050e-01 -2.291180849199937666e-03 -6.544950297111057358e-02 1.343188215905173344e-01 1.814445402983836655e-03 9.909353889750435185e-01 4.388803886859443892e+00
9.886717474239697934e-01 -3.150228990215980535e-03 -1.500470878251978502e-01 -3.804692518046078331e-01 2.957819089289460360e-03 9.999944852498854342e-01 -1.505798657167733675e-03 -7.239603219403384360e-02 1.500510172085276761e-01 1.044848524764984419e-03 9.886755980565834490e-01 4.803171303422300475e+00
9.867637822456361008e-01 -2.007200253974618029e-03 -1.621660091361475098e-01 -4.600939933927626346e-01 1.738332548090393802e-03 9.999968590260958079e-01 -1.800233100745961528e-03 -8.059006848800522038e-02 1.621691388033563164e-01 1.494489923770258308e-03 9.867641676119353056e-01 5.220775363407226699e+00
9.845166873330046808e-01 -3.077140503736679016e-03 -1.753030132476240399e-01 -5.487695637751908162e-01 2.672062038506071383e-03 9.999931885388332331e-01 -2.546972568109668027e-03 -8.435575678889616069e-02 1.753096836606385933e-01 2.039089338353915204e-03 9.845181797960395054e-01 5.659533999165327955e+00
9.826726426405502091e-01 -6.505264280100147255e-03 -1.852174358593439984e-01 -6.383430674521577419e-01 5.772524069190832115e-03 9.999732278483203229e-01 -4.494660302321410242e-03 -9.843822207839789118e-02 1.852417322152418999e-01 3.347476883424087626e-03 9.826838957846284472e-01 6.106337907727131586e+00
9.815903901821257937e-01 -6.046262835828999926e-03 -1.909154180528161160e-01 -7.385305541091665704e-01 4.922708450402476198e-03 9.999676730884650144e-01 -6.357503751106122203e-03 -1.074854225299874400e-01 1.909477163036910619e-01 5.300603371741664446e-03 9.815883848647856125e-01 6.565632660251190522e+00
9.797926538540958630e-01 -5.711393147186028495e-03 -1.999538209275285860e-01 -8.525894923274501824e-01 4.100247416400084124e-03 9.999557389404052365e-01 -8.472263924056758905e-03 -1.032063487415866843e-01 1.999933771305712482e-01 7.481393757490960826e-03 9.797726624270567397e-01 7.043215832311297220e+00
9.782875880249125577e-01 -6.306547905261919267e-03 -2.071456967459877063e-01 -9.612591820753739746e-01 4.105364731514420454e-03 9.999304722224559017e-01 -1.105108308638724432e-02 -1.174924517048159811e-01 2.072010207701558415e-01 9.960605580216684574e-03 9.782454555111460559e-01 7.530563961803953710e+00
9.767964225673853029e-01 -9.870483527706608654e-03 -2.139418035959291531e-01 -1.074036717061520596e+00 7.391850551759752627e-03 9.998960635006511888e-01 -1.237972878266936638e-02 -1.261913858214280815e-01 2.140417355218436068e-01 1.051176579406547067e-02 9.767679688727595178e-01 8.037343105194523218e+00
9.748930452098649724e-01 -1.607496479337520295e-02 -2.220700700034839714e-01 -1.192410509608684333e+00 1.327458551200700644e-02 9.998124931612195621e-01 -1.409854967865062890e-02 -1.416335781992928144e-01 2.222551050914351456e-01 1.079568097823309543e-02 9.749239472360631265e-01 8.554677091018163537e+00
9.729917615687959653e-01 -1.591589220011907849e-02 -2.303139708576156242e-01 -1.323721465591812585e+00 1.262968151604565437e-02 9.997964132186004660e-01 -1.574229390432392919e-02 -1.628747876632600788e-01 2.305175641885429394e-01 1.240904375725594179e-02 9.729947250691713956e-01 9.079098232288954406e+00
9.709335809148346152e-01 -1.236938060408773223e-02 -2.390457387545186219e-01 -1.479577684034580010e+00 7.722395007666678877e-03 9.997627198464176246e-01 -2.036927828146710417e-02 -1.647194279651109095e-01 2.392409885747844300e-01 1.793119671370327697e-02 9.707989389733977514e-01 9.611130300058640330e+00
9.692073613979517166e-01 -1.036548034420637678e-02 -2.460296833165568908e-01 -1.635695315136087791e+00 4.740161948757794230e-03 9.997137925521054624e-01 -2.344224543626564558e-02 -1.774955166399592166e-01 2.462023548228632897e-01 2.155393168533164053e-02 9.689792700535442282e-01 1.016027686468009250e+01
9.666452965491315608e-01 -1.307411060523371721e-02 -2.557625915206503953e-01 -1.790487170840616260e+00 6.699562667499400423e-03 9.996452540288423005e-01 -2.577468771679927717e-02 -1.985299625309522031e-01 2.560088557704366941e-01 2.320155549477558032e-02 9.663902350780019246e-01 1.072192444411692058e+01
9.643896270273593085e-01 -1.424628826510779094e-02 -2.640931262781714417e-01 -1.953657404900032812e+00 7.388237254772161457e-03 9.996096082915363334e-01 -2.693534382629778762e-02 -2.243813850865837844e-01 2.643739015080115995e-01 2.402465307463077723e-02 9.641187551748788831e-01 1.128783286690328680e+01
9.622440161526881752e-01 -1.408827065249282882e-02 -2.718715905403698563e-01 -2.126785960086886806e+00 6.129357666040625638e-03 9.995278592447465194e-01 -3.011321125869798401e-02 -2.453348929723216942e-01 2.721674132184322970e-01 2.731044540304481544e-02 9.618762435753437368e-01 1.187140255185559035e+01
9.599031952037329063e-01 -1.333971728994629014e-02 -2.799167074135530675e-01 -2.315629523153538649e+00 4.141846512587481384e-03 9.994330988212318800e-01 -3.341680503814373898e-02 -2.705144862317716004e-01 2.802037398420800796e-01 3.091727902868696143e-02 9.594142304959093481e-01 1.245999451246000334e+01
9.577470230226594605e-01 -1.498654933906839494e-02 -2.872372026814742907e-01 -2.506391558523430874e+00 4.055796124797424532e-03 9.992459251702122680e-01 -3.861269076617426799e-02 -2.984385249132006646e-01 2.875994459435212702e-01 3.581560799701000858e-02 9.570857642705076218e-01 1.305725049577436536e+01
9.559419026221631643e-01 -1.578732127253689235e-02 -2.930654253093911144e-01 -2.702303132881431313e+00 2.393645071479971048e-03 9.989388116994991629e-01 -4.600195192849704934e-02 -3.358269531087626492e-01 2.934804925445155255e-01 4.327435824641218814e-02 9.549654723162164238e-01 1.366921622812984971e+01
9.548375227065986071e-01 -1.629990672717628736e-02 -2.967225665017987901e-01 -2.903797752987197889e+00 3.171562956797299650e-04 9.985495162331156083e-01 -5.384757818823633635e-02 -3.681716989580290922e-01 2.971697726865863420e-01 5.132231663134293603e-02 9.534579346244340670e-01 1.429621217622420559e+01
9.536812534075616021e-01 -1.673027615618659716e-02 -3.003609542420930256e-01 -3.119181317184078761e+00 -2.392386340944366741e-03 9.979988046683450076e-01 -6.319529931043882387e-02 -4.132796626045913690e-01 3.008173974226905911e-01 6.098570323141749849e-02 9.517329992513642312e-01 1.492766534717613247e+01
9.523669482586515356e-01 -1.618282035859405776e-02 -3.044701099580190973e-01 -3.344909091597644935e+00 -6.037335081741378000e-03 9.973947415355908230e-01 -7.187692384884362962e-02 -4.557335694689302330e-01 3.048399387482680911e-01 7.029207665718953391e-02 9.497882116912010897e-01 1.557195719189918925e+01
9.516029853830949570e-01 -1.569685687626687018e-02 -3.068249756435213471e-01 -3.570558407339285978e+00 -9.004403346990069723e-03 9.968420672116159453e-01 -7.888774060760009310e-02 -5.124611874664871669e-01 3.070939581358063108e-01 7.783380436646999967e-02 9.484565549187172762e-01 1.622732741300756132e+01
9.494860778114443400e-01 -1.437035210071331386e-02 -3.134178159155083798e-01 -3.801189332816450772e+00 -1.295599379975728022e-02 9.963040458123383347e-01 -8.490555264144858394e-02 -5.752856134010598810e-01 3.134796247030263161e-01 8.467722130058351337e-02 9.457905772505459385e-01 1.689852992647394458e+01
9.481038208354081176e-01 -1.182858784435976592e-02 -3.177405421451424683e-01 -4.048588639012906221e+00 -1.816933264790675587e-02 9.956594747996038164e-01 -9.128074615580751561e-02 -6.433488820426455090e-01 3.174418144002562059e-01 9.231445266273895223e-02 9.437736473238201862e-01 1.756968589978353634e+01
9.467359643829434956e-01 -1.055071890554097440e-02 -3.219186122231301739e-01 -4.299273709237521501e+00 -2.184890280399560611e-02 9.950550015114415503e-01 -9.690113775991028577e-02 -7.151568468667834910e-01 3.213491590141939191e-01 9.877296934521699601e-02 9.418238722289368203e-01 1.826027725345377561e+01
9.445754449253102036e-01 -7.783144636330295400e-03 -3.281999109289517325e-01 -4.569408235613618530e+00 -2.631023843565764159e-02 9.947086375165107297e-01 -9.930003541037979442e-02 -7.897082309539690259e-01 3.272360367050504149e-01 1.024315525344262484e-01 9.393725433058601748e-01 1.896277462094283450e+01
9.435742067503949393e-01 -6.401105342262315527e-03 -3.311542483979026952e-01 -4.841388296724607798e+00 -2.874445730833697851e-02 9.944566116864090866e-01 -1.011325209084324855e-01 -8.689620235327902842e-01 3.299665218367283659e-01 1.049421300855933048e-01 9.381595459240055224e-01 1.967299558395999881e+01
9.411240096594255533e-01 -6.057367012439459318e-03 -3.379485468054414521e-01 -5.102881953212891730e+00 -2.976962352666050193e-02 9.944702044585651546e-01 -1.007206764963505391e-01 -9.562263555287936478e-01 3.366893070152083278e-01 1.048543795779871973e-01 9.357396233911650096e-01 2.040506840427206470e+01
9.385421969673996001e-01 -5.555787913328765447e-03 -3.451725894977032416e-01 -5.385887162026887331e+00 -3.039563476589245486e-02 9.946556738018544896e-01 -9.867185209300734228e-02 -1.033137347230206782e+00 3.438760803796053200e-01 1.030989603738595717e-01 9.333574623682583393e-01 2.112192038007793471e+01
9.362633754530850227e-01 -5.743157617773770110e-03 -3.512847398344307037e-01 -5.675783462118255684e+00 -3.008947206298995605e-02 9.948808612192087120e-01 -9.646342850305743288e-02 -1.122260457526042199e+00 3.500407332044284114e-01 1.008836212142000949e-01 9.312978991385586491e-01 2.185779192037756147e+01
9.338517117107900667e-01 -5.212129398356257076e-03 -3.575899441093729481e-01 -5.964556732271852901e+00 -3.012994338106387768e-02 9.951931196599720364e-01 -9.318558493636980300e-02 -1.206037752860908308e+00 3.563570092403541278e-01 9.779528145941768225e-02 9.292056674009054884e-01 2.259545472855789683e+01
9.291974142437012807e-01 -2.909466978748063808e-03 -3.695708435719076701e-01 -6.284758809950805158e+00 -3.155866495268029592e-02 9.956920597743249557e-01 -8.719253988127917410e-02 -1.280798330156108555e+00 3.682318872538979382e-01 9.268527393591921570e-02 9.251026820107214332e-01 2.336198539841396737e+01
9.262188825176156382e-01 -4.656098581474400647e-04 -3.769482668193629982e-01 -6.602327168498926646e+00 -3.289930474512701292e-02 9.960841987159027022e-01 -8.207791557291929663e-02 -1.361991747732090197e+00 3.755107083224362152e-01 8.842404463369724077e-02 9.225766055989099712e-01 2.411329786959380073e+01
9.229190035407296433e-01 2.460250318272824959e-03 -3.849787920744002223e-01 -6.939308319953178206e+00 -3.529625851124487679e-02 9.963089046585572595e-01 -7.824724994224287189e-02 -1.434731758673659430e+00 3.833653586319014095e-01 8.580425296349507291e-02 9.195992845840690322e-01 2.487144087513214075e+01
9.194603505189308246e-01 3.762614268318227942e-03 -3.931244161228910627e-01 -7.282558048754604663e+00 -3.688001537142345659e-02 9.963708288962918047e-01 -7.673111066801682756e-02 -1.509177068588361870e+00 3.914088987132656183e-01 8.505293749584369456e-02 9.162622382292784362e-01 2.562909610114168402e+01
9.152617254366313126e-01 5.507503834703686776e-03 -4.028535022356897199e-01 -7.635025124194905644e+00 -3.912436591310642503e-02 9.963951830397543841e-01 -7.528258178421469438e-02 -1.585063043714256770e+00 4.009871022924231254e-01 8.466324345571640819e-02 9.121776895880374658e-01 2.640799505545154346e+01
9.120253137276083111e-01 5.366198494538199429e-03 -4.100516876717846260e-01 -7.997939862619896090e+00 -3.913462061568868944e-02 9.964905529600414091e-01 -7.399628151178726243e-02 -1.653531116792712918e+00 4.082154812868138416e-01 8.353550635206845321e-02 9.090345540734590113e-01 2.718070076663892465e+01
9.079198728577481114e-01 6.592280956179408929e-03 -4.190250196013672324e-01 -8.371276699382535824e+00 -4.033246479643559645e-02 9.966103850735427150e-01 -7.170645543371985398e-02 -1.721958215209005161e+00 4.171314784395971365e-01 8.200946484774773726e-02 9.051084210962668797e-01 2.797251310827112647e+01
9.039226694805874152e-01 6.204348946408951362e-03 -4.276021424645051749e-01 -8.757050017051460244e+00 -3.959863634890511269e-02 9.968140636113430597e-01 -6.924629105053069222e-02 -1.789738759051419326e+00 4.258104329611320793e-01 7.952637677189816623e-02 9.012883466352424877e-01 2.876646742326868633e+01
9.007164895175053809e-01 6.365681061827209788e-03 -4.343995474020354575e-01 -9.147619455000761235e+00 -3.838823770135013635e-02 9.971470761292133833e-01 -6.498507117944177236e-02 -1.865033892611520194e+00 4.327462118214951414e-01 7.520973644168371663e-02 8.983914864429727309e-01 2.955942577775729418e+01
8.971564655245987119e-01 7.952891594342214460e-03 -4.416672860663274358e-01 -9.562309372097450577e+00 -3.828970302859805580e-02 9.974745529795918664e-01 -5.982648850355272441e-02 -1.922753644854537924e+00 4.400763134154266343e-01 7.058455290583186270e-02 8.951950766000271731e-01 3.037149610774642383e+01
8.942990099059999753e-01 7.998223173097505564e-03 -4.474380518180611221e-01 -9.976190581552925707e+00 -3.644934342971605651e-02 9.978195984672775243e-01 -5.502366622845585725e-02 -1.988304240369966669e+00 4.460224028417443809e-01 6.551678241057370955e-02 8.926407342971633962e-01 3.118796507758597869e+01
8.900126232883135424e-01 7.808262629842688263e-03 -4.558536039892328029e-01 -1.041352630856108696e+01 -3.579701470096764704e-02 9.979634387919117389e-01 -5.277745775120046279e-02 -2.049323132219193155e+00 4.545129438937465238e-01 6.329059355906276052e-02 8.884796979219111712e-01 3.200789550679883178e+01
8.867665056875811969e-01 6.465913058802843019e-03 -4.621920345061205637e-01 -1.085245533639143112e+01 -3.394239156927349871e-02 9.981132766899388775e-01 -5.116215501477149041e-02 -2.110327457531863349e+00 4.609889552991775497e-01 6.106006746221324250e-02 8.853131983887766454e-01 3.283473741839593174e+01
8.840267573011749702e-01 6.770877871047660881e-03 -4.673955832015612155e-01 -1.130079128263487753e+01 -3.382922593355120605e-02 9.981997570146446952e-01 -4.951884756860040065e-02 -2.157261782606485490e+00 4.662187671502243669e-01 5.958817828163542191e-02 8.826644544837716211e-01 3.366871086504874455e+01
8.810892090937760823e-01 6.630145630976184111e-03 -4.728186702153259202e-01 -1.176668638162260727e+01 -3.299531307230908067e-02 9.983271935662152430e-01 -4.747632833690203225e-02 -2.215839220534805420e+00 4.717128621357192797e-01 5.743397476571538568e-02 8.798339997905701981e-01 3.451516162794127496e+01
8.786567184667221087e-01 5.417638274245996366e-03 -4.773908886268658502e-01 -1.223944039924774430e+01 -3.205559793729310936e-02 9.983488196411304250e-01 -4.767539592545346622e-02 -2.270680723738045970e+00 4.763443769571863995e-01 5.719564833065622633e-02 8.773796352129179521e-01 3.537446396762937439e+01
8.770472326925072837e-01 4.340403107139640532e-03 -4.804758026912211988e-01 -1.272267013245154921e+01 -3.102929512812423185e-02 9.983829113598324811e-01 -4.762560509314776869e-02 -2.325232003122406077e+00 4.794922935170492506e-01 5.667606805722127244e-02 8.757636177732219807e-01 3.623473194032387568e+01
8.756918472413219856e-01 5.493024442481520171e-03 -4.827755264791376844e-01 -1.321980944524912971e+01 -3.245338363250289265e-02 9.983437586484239512e-01 -4.749752148918300748e-02 -2.383172752283539531e+00 4.817149586391319960e-01 5.726285160972415661e-02 8.744199185548343634e-01 3.710988980054710140e+01
8.751593027773409972e-01 5.087669614256726605e-03 -4.837044260245399463e-01 -1.372052720303833695e+01 -3.150036665425520049e-02 9.984223114666442855e-01 -4.647108262391828892e-02 -2.441305631172939972e+00 4.827047978618637658e-01 5.590827381683267927e-02 8.739388325333589114e-01 3.799372193009681808e+01
8.751708607358663627e-01 4.965184842898067406e-03 -4.837970773458710738e-01 -1.423178312623710262e+01 -3.077527014531101016e-02 9.984935696767638369e-01 -4.542643556553396800e-02 -2.492503663613717890e+00 4.828427178672686226e-01 5.464554594317976716e-02 8.740053856045207903e-01 3.889546501176918980e+01
8.748877497085930655e-01 4.251900284316614820e-03 -4.843600048582312745e-01 -1.474661587631221771e+01 -2.931945411754497202e-02 9.985924021572157860e-01 -4.418990397583172358e-02 -2.551949403850874543e+00 4.834903600721692229e-01 5.286104801363451094e-02 8.737811339160518331e-01 3.980372896004212180e+01
8.754022726665855458e-01 1.654013001077945860e-03 -4.833854486142739049e-01 -1.526302846875259966e+01 -2.723124286121350254e-02 9.985748974467107963e-01 -4.590726037427111245e-02 -2.611205472190162080e+00 4.826205746428242072e-01 5.335296144843891530e-02 8.741999410355378863e-01 4.072079452252189213e+01
8.729138407752030648e-01 1.446033992199331915e-04 -4.878737548376703703e-01 -1.579379012187567000e+01 -2.567986967260190573e-02 9.986274235433592050e-01 -4.565257720851686324e-02 -2.668928497471935835e+00 4.871976242451788730e-01 5.237861695042057147e-02 8.717193577059740850e-01 4.164973217916339365e+01
8.720215794865243675e-01 -1.726887825174213765e-03 -4.893978083741482576e-01 -1.631652739165058819e+01 -2.269489759141896795e-02 9.987757275897922726e-01 -4.395082888825049827e-02 -2.729625950873217466e+00 4.888746192011932945e-01 4.943219383639479297e-02 8.709149054862446171e-01 4.257857339370985272e+01
8.696151986503104503e-01 -3.973460263859718311e-04 -4.937806944327237657e-01 -1.685730340370616531e+01 -2.225491109919975480e-02 9.989518075361553118e-01 -3.999433702792838663e-02 -2.783788553019904466e+00 4.932791716858293540e-01 4.576630687117183571e-02 8.686948255739409541e-01 4.351996925245493486e+01
8.668908961993239126e-01 -8.198200192657142081e-04 -4.983645782268279478e-01 -1.739801422114881646e+01 -1.947173307396413144e-02 9.991797769631205473e-01 -3.550892094379811542e-02 -2.842561932095596156e+00 4.979847985988520298e-01 4.049123409960071057e-02 8.661641028576058110e-01 4.442961922701896782e+01
8.637412493906491129e-01 -1.521731952660375841e-03 -5.039737985987475799e-01 -1.793639909749433059e+01 -1.781183848318417320e-02 9.992783816436890953e-01 -3.354480656774258551e-02 -2.898872867019918420e+00 5.036611755061086715e-01 3.795072891089461969e-02 8.630910657582646639e-01 4.535116096567011112e+01
8.580817149702398838e-01 -4.678466599443235549e-03 -5.135988763705719995e-01 -1.849874208152172628e+01 -1.590733505082131752e-02 9.992364710800256677e-01 -3.568649521996265089e-02 -2.951395414199961209e+00 5.133738166408280401e-01 3.879031775922020531e-02 8.573522336427277235e-01 4.627463503619172513e+01
8.524259436227761277e-01 -7.438375830141353770e-03 -5.227434002600475083e-01 -1.906335189189371349e+01 -1.499007902767758062e-02 9.991400517110388124e-01 -3.865605981779951517e-02 -3.009219226019765436e+00 5.225813459585303411e-01 4.078889337330397769e-02 8.515813564079760534e-01 4.718410554594150597e+01
8.465372177483687643e-01 -7.078527502147300560e-03 -5.324430206800641052e-01 -1.964586605455806634e+01 -1.551715188594959306e-02 9.991586202306873554e-01 -3.796223545406621214e-02 -3.065802649445276806e+00 5.322638982733022273e-01 4.039434137542448344e-02 8.457149419739469209e-01 4.809443624092396874e+01
8.402747920181882213e-01 -4.349416399642849242e-03 -5.421367315856713276e-01 -2.024544634168301727e+01 -1.596220756333956853e-02 9.993357905055197943e-01 -3.276034880614275141e-02 -3.109488639317951719e+00 5.419190855281141861e-01 3.618287983398416757e-02 8.396471679874614180e-01 4.900287426884887054e+01
8.365409025019754363e-01 -1.243077471307696630e-03 -5.479422204717854239e-01 -2.084736358220702712e+01 -1.691168974815718956e-02 9.994624131468820005e-01 -2.809626806675679517e-02 -3.158835057271559332e+00 5.476824458433408038e-01 3.277176413420918033e-02 8.360700486089551742e-01 4.989505172792725318e+01
8.320261431674327302e-01 5.346833923478616548e-04 -5.547070368086874925e-01 -2.145601773726493278e+01 -1.984061036702546368e-02 9.993884291717531898e-01 -2.880059030568428782e-02 -3.205564363402431560e+00 5.543523556274206898e-01 3.496786652669726242e-02 8.315277179669056107e-01 5.078904860465036109e+01
8.288844243532766942e-01 -1.809537692516362565e-03 -5.594808033124732960e-01 -2.206418415047632564e+01 -2.022928636478799405e-02 9.992437765788003690e-01 -3.320200175131999415e-02 -3.256144608992735723e+00 5.591177324900733492e-01 3.883690444080770826e-02 8.282209811968292978e-01 5.167378917602851374e+01
8.256936343977421267e-01 -3.529139666377279893e-03 -5.640291981218855666e-01 -2.267373908388382020e+01 -2.306620660440044518e-02 9.989329035919032318e-01 -4.002001950209432835e-02 -3.315173995726813594e+00 5.635685445750324707e-01 4.605528091604111501e-02 8.247309597024630179e-01 5.254938304470191213e+01
8.220704155084983533e-01 -4.243883329987678185e-03 -5.692390434193530524e-01 -2.329809567751916433e+01 -2.320653863966255434e-02 9.988915734394309132e-01 -4.095870878012318472e-02 -3.371986005157676214e+00 5.687816779557813840e-01 4.688559972478922866e-02 8.210606803674090903e-01 5.342735560141979079e+01
8.197494803413839515e-01 -2.435331069477833423e-03 -5.726444258746021809e-01 -2.392230719734185129e+01 -2.259208018710011368e-02 9.990750207222035550e-01 -3.658642748042805620e-02 -3.431642320460328577e+00 5.722037752265097810e-01 4.293340585596625014e-02 8.189361977317312080e-01 5.430618613692663388e+01
8.160853466461446271e-01 -4.691970749051048244e-04 -5.778451686221814931e-01 -2.456582187899510572e+01 -2.204341437599694961e-02 9.992466079729874773e-01 -3.193091880423618717e-02 -3.479589355774116655e+00 5.774247954680233885e-01 3.879879784252313057e-02 8.154602459462061415e-01 5.518606591773335879e+01
8.128346114475740736e-01 5.759405405661652266e-04 -5.824236503235399320e-01 -2.520467107617199076e+01 -2.116039940629211441e-02 9.993686919611500796e-01 -2.854899222740031953e-02 -3.527976427379859281e+00 5.820396049192069210e-01 3.553271810585866691e-02 8.123334492920817329e-01 5.606246927133045688e+01
8.110269733251961322e-01 1.173940278570217294e-03 -5.850242430399580362e-01 -2.584554867464352057e+01 -2.230300271878313950e-02 9.993330067125928418e-01 -2.890979191466148263e-02 -3.575162430548365133e+00 5.846001887378532436e-01 3.649340294727809741e-02 8.105121002882914594e-01 5.693815514919442933e+01
8.064928241190071345e-01 9.637712370672088394e-04 -5.912289246460303849e-01 -2.649902724251207786e+01 -2.316235472580994298e-02 9.992825516149836940e-01 -2.996606443664608099e-02 -3.621563384935424956e+00 5.907760589713701993e-01 3.786023954228887739e-02 8.059364839690733584e-01 5.780196718208475204e+01
8.023762997618912873e-01 -1.790994570479897009e-03 -5.966899548186925806e-01 -2.715002771324848752e+01 -2.212323021864096365e-02 9.992189698616923410e-01 -3.274428139433013807e-02 -3.670305784331159060e+00 5.962825914742434508e-01 3.947712770024105339e-02 8.017097721664252497e-01 5.867298411679015402e+01
7.989996358604852800e-01 -2.934157216899571825e-03 -6.013474434232854993e-01 -2.780636293676642623e+01 -2.093279669757040773e-02 9.992462720500505657e-01 -3.268288355624513614e-02 -3.719545970999444506e+00 6.009904921732874827e-01 3.869657598073467097e-02 7.983357895534536341e-01 5.953065803170138537e+01
7.941823684884439238e-01 -3.489417373682105524e-03 -6.077294206825971656e-01 -2.848412028013725816e+01 -2.013285498343986638e-02 9.992835151387833292e-01 -3.204126243689872644e-02 -3.767745265016348544e+00 6.074059363590444960e-01 3.767706626333227476e-02 7.935430098626106155e-01 6.039587223561704832e+01
7.908842536626117248e-01 -2.416308003880503815e-03 -6.121055920434966824e-01 -2.916021974312042175e+01 -2.063817516397051244e-02 9.993180785788169374e-01 -3.062194092398130146e-02 -3.816505105757181049e+00 6.117623056432168749e-01 3.684952335949050889e-02 7.902948730159873314e-01 6.125427851935643275e+01
7.846922821721974417e-01 -3.522137839306813557e-03 -6.198779894744806951e-01 -2.985327899002533769e+01 -2.006033254923174358e-02 9.993158155911014973e-01 -3.107328592958018970e-02 -3.868110730553532495e+00 6.195634664596791907e-01 3.681698309214295056e-02 7.840846060559762964e-01 6.211636556220019401e+01
7.784023065260274876e-01 -5.165440935094374637e-03 -6.276735627698037945e-01 -3.055086153395588155e+01 -1.919424592653673489e-02 9.993028212713558345e-01 -3.202603729014501938e-02 -3.917569014709053832e+00 6.274010703844733472e-01 3.698134333522277301e-02 7.777605108401596246e-01 6.296598443822652058e+01
7.743274080389582759e-01 -6.394682348606532153e-03 -6.327472240681086824e-01 -3.125080411064550034e+01 -1.872800227393923295e-02 9.992794087563406924e-01 -3.301962528208082087e-02 -3.969677162607020637e+00 6.325025431903463780e-01 3.741497258669386483e-02 7.736495337219743140e-01 6.381241959825599963e+01
7.680561580341526140e-01 -7.340345073203504746e-03 -6.403726608499574757e-01 -3.197364656364520030e+01 -1.837838927790971799e-02 9.992697429630685857e-01 -3.350031819395216798e-02 -4.016564175772449730e+00 6.401508587655071469e-01 3.749906579849705823e-02 7.673603067740804029e-01 6.465981453969033055e+01
7.635441664721053234e-01 -8.934686952219966782e-03 -6.456868711895120683e-01 -3.269311774454928354e+01 -1.754057710207880885e-02 9.992484129242512614e-01 -3.456251471572366341e-02 -4.070710440776907468e+00 6.455104246231427867e-01 3.771648993375258108e-02 7.628135759991512277e-01 6.550237818622160546e+01
7.559371283369155092e-01 -1.010711904518243366e-02 -6.544044232473218425e-01 -3.343384474530743944e+01 -1.677001423021729290e-02 9.992536894828805139e-01 -3.479282156256415653e-02 -4.122615740268175344e+00 6.542673787663759732e-01 3.727963780019442896e-02 7.552034573686502439e-01 6.634874514751301433e+01
7.499519223232624654e-01 -1.041848512728630292e-02 -6.614881423257131798e-01 -3.418238685905973284e+01 -1.511798714785786597e-02 9.993448638649836679e-01 -3.287597632690911209e-02 -4.177554062926289724e+00 6.613975463690178191e-01 3.464991482373406401e-02 7.493031603106250493e-01 6.718351129812300826e+01
7.440563830021759140e-01 -1.139406882462365433e-02 -6.679551691378534661e-01 -3.493548619796471399e+01 -1.360610178582614786e-02 9.993888078579837853e-01 -3.220055371411161688e-02 -4.228561027333256561e+00 6.679138712674613787e-01 3.304756197359992598e-02 7.434465556608365056e-01 6.801228026975876162e+01
7.384399440188981201e-01 -1.227668630176717568e-02 -6.741587272245257445e-01 -3.570043622218919666e+01 -1.291638565161586441e-02 9.993933018859656459e-01 -3.233842105516770982e-02 -4.279339634080491450e+00 6.741468726862429595e-01 3.258596519475322889e-02 7.378333366795175596e-01 6.883435787542255468e+01
7.311414059472264304e-01 -1.471297869444155096e-02 -6.818961729307767561e-01 -3.648414921041273828e+01 -1.195289993061910902e-02 9.993377081274712470e-01 -3.437514213160238613e-02 -4.338422165788172080e+00 6.819502427060749605e-01 3.328600722223169078e-02 7.304813337135410700e-01 6.965586410890270486e+01
7.268367290764111699e-01 -1.433256800082280749e-02 -6.865327030697319088e-01 -3.727679565648475091e+01 -1.278226467839297525e-02 9.993267948589925620e-01 -3.438400429441185874e-02 -4.387986859716165533e+00 6.865634246653882222e-01 3.376628103667320829e-02 7.261642639407257516e-01 7.048229735626904358e+01
7.203143227782755620e-01 -1.415830075279370104e-02 -6.935515083277921100e-01 -3.808332336191578094e+01 -1.249480695320399903e-02 9.993645392442398467e-01 -3.338096656886390540e-02 -4.438756173908284808e+00 6.935835489542921950e-01 3.271009194563864741e-02 7.196797300108710438e-01 7.129981431284738846e+01
7.161157965839038964e-01 -1.343525911157462255e-02 -6.978991629309490019e-01 -3.889134786230228258e+01 -1.341865712995928342e-02 9.993648875057586922e-01 -3.301003178944516420e-02 -4.490315237367497936e+00 6.978997911121761488e-01 3.299794995856673158e-02 7.154807459831219463e-01 7.211499818974249365e+01
7.107541476761040089e-01 -1.366539777606780998e-02 -7.032477801454718458e-01 -3.971728204010662466e+01 -1.415168198329696744e-02 9.993311750059572507e-01 -3.371930187294029657e-02 -4.547233874471856119e+00 7.032382689853241553e-01 3.391915933212652501e-02 7.100854017098762183e-01 7.293147797071202376e+01
7.064602233286655375e-01 -1.550406268927571884e-02 -7.076685279903125458e-01 -4.054824133671866093e+01 -1.449274730746147495e-02 9.992335101114524498e-01 -3.635252152416989374e-02 -4.602526861409410586e+00 7.076900617614806377e-01 3.592946354925220798e-02 7.056941273348761312e-01 7.374349087237358447e+01
7.021221753842388225e-01 -1.782060605851781138e-02 -7.117445952501534334e-01 -4.136570104820329163e+01 -1.417250681395118735e-02 9.991390104479257461e-01 -3.899372763178468593e-02 -4.659851775798902196e+00 7.118262718097505548e-01 3.747254157273053471e-02 7.012649543808483488e-01 7.455107244860516857e+01
6.962639500316517571e-01 -1.763755714584077858e-02 -7.176990919579488981e-01 -4.221794664388654184e+01 -1.533547966846995382e-02 9.991043639306003143e-01 -3.943752300475504569e-02 -4.721389533296600938e+00 7.177523885532000048e-01 3.845711419735853981e-02 6.953698752581767284e-01 7.535364153681742039e+01
6.920717290329898574e-01 -1.839190484883193935e-02 -7.214619088515701328e-01 -4.308022044029979014e+01 -1.371792041585758251e-02 9.991597055740123468e-01 -3.862242929058035124e-02 -4.776083174358060290e+00 7.215657860457750372e-01 3.662917028010721082e-02 6.912378022437366543e-01 7.616124339667301513e+01
6.870826180142153294e-01 -1.872879809223158137e-02 -7.261837453590643809e-01 -4.394027385701298982e+01 -1.199289125722588847e-02 9.992392709184778621e-01 -3.712297306964380816e-02 -4.837383173593812202e+00 7.263261552975878166e-01 3.422013776439260246e-02 6.863352312951206402e-01 7.696558040581834348e+01
6.812703877552909182e-01 -1.880877058217463038e-02 -7.318203931891672509e-01 -4.481040695938818175e+01 -1.222248107436990118e-02 9.992382769750498550e-01 -3.706019812494705523e-02 -4.903809501828225947e+00 7.319599485686681950e-01 3.419268880412932449e-02 6.805216158597168219e-01 7.776193117291578005e+01
6.773553211399454543e-01 -2.029486697428849531e-02 -7.353152039440242760e-01 -4.568569508056882711e+01 -1.073236286796692800e-02 9.992404658390015015e-01 -3.747471894184657010e-02 -4.959372852908551899e+00 7.355167193933789260e-01 3.328305333803156796e-02 6.766229472854271565e-01 7.856183727097877068e+01
6.730312983054421716e-01 -2.084807486649447109e-02 -7.392384784260561670e-01 -4.657452573883190183e+01 -9.930482648845179866e-03 9.992578286512898700e-01 -3.720819210729666565e-02 -5.019957780268520686e+00 7.394656876220666586e-01 3.238248196661197564e-02 6.723247231599981388e-01 7.935911197338815271e+01
6.686575425210812273e-01 -2.288563960299598229e-02 -7.431843233543363736e-01 -4.746833829042692088e+01 -6.977220944429311789e-03 9.992891025398967786e-01 -3.704509097334936218e-02 -5.078686171511475500e+00 7.435037705571151401e-01 2.995814902020051129e-02 6.680223857961083977e-01 8.015481219171941518e+01
6.662535535229006101e-01 -2.448856786811879835e-02 -7.453674769332229166e-01 -4.836850159179701336e+01 -5.310092896297945349e-03 9.992794583530191233e-01 -3.758198793553231554e-02 -5.140410539886652863e+00 7.457510703849586919e-01 2.899352984281605358e-02 6.656434479133566118e-01 8.095146669099381143e+01
6.605621822133301846e-01 -2.932836774699117133e-02 -7.502754715838351185e-01 -4.927155336864505131e+01 -1.622436876519484702e-03 9.991785757320256200e-01 -4.047802281698401755e-02 -5.204979622704358100e+00 7.508468442650996222e-01 2.795107928158892946e-02 6.599718809096248862e-01 8.174676867742198283e+01
6.566361807321020594e-01 -3.369221192341657206e-02 -7.534606198170434865e-01 -5.018625969359449357e+01 2.883375809054201759e-03 9.991063288685007038e-01 -4.216229309667366559e-02 -5.262320436709751803e+00 7.542085218725897988e-01 2.550288356822934949e-02 6.561469004183184683e-01 8.254186492516669205e+01
6.508095326801112135e-01 -3.814462420669696013e-02 -7.582365670426702842e-01 -5.111062291513858469e+01 8.856325540814748848e-03 9.990504298727338472e-01 -4.265025177321632444e-02 -5.328110379731636925e+00 7.591440767152591862e-01 2.103401924559826844e-02 6.505296253263360695e-01 8.333907723936574996e+01
6.412330372356795927e-01 -4.190086584014419274e-02 -7.661463157009109626e-01 -5.203772297271053304e+01 1.394404557104073593e-02 9.989795189910665174e-01 -4.295575782254630604e-02 -5.400169002942534213e+00 7.671644111596485072e-01 1.686072084318599243e-02 6.411628519458615338e-01 8.411476535135942356e+01
6.333184469434656183e-01 -4.229619552898175594e-02 -7.726966927953681230e-01 -5.297896425155777678e+01 1.628091865714616573e-02 9.990128913731850524e-01 -4.134209877588208154e-02 -5.465392772696292312e+00 7.736820614256513240e-01 1.360833683966669420e-02 6.333813997204590374e-01 8.489471812509944471e+01
6.238747021978601204e-01 -4.162064959004505016e-02 -7.804190971001829791e-01 -5.394388697417448242e+01 1.853684091707083481e-02 9.990881815748882122e-01 -3.846281226101017081e-02 -5.523688555693235358e+00 7.813081928477432214e-01 9.531504509149198168e-03 6.240772091723507664e-01 8.566043367960837429e+01
6.143438766596821532e-01 -4.124982388498441704e-02 -7.878581353097996454e-01 -5.492613792344236145e+01 1.772444496610314779e-02 9.991022445763546589e-01 -3.847459285668479445e-02 -5.594688943094348943e+00 7.887379846478655976e-01 9.669502110438266129e-03 6.145230483806626287e-01 8.641039627480404306e+01
6.066238343043406367e-01 -4.162735435591402577e-02 -7.938142034562701843e-01 -5.590855570789616280e+01 1.629432971175148737e-02 9.990696741504745404e-01 -3.993881637920817379e-02 -5.652836737498114772e+00 7.947375560028916430e-01 1.129931828095257981e-02 6.067373859200324571e-01 8.715601043881225962e+01
5.962929352378869563e-01 -4.486950976274401565e-02 -8.015127519125841982e-01 -5.689964357290733687e+01 1.818847350858181222e-02 9.989360129614353045e-01 -4.239071868722693592e-02 -5.721750222946538678e+00 8.025613538701638072e-01 1.070857390617429954e-02 5.964740137223697447e-01 8.788322616357207551e+01
5.861868883626444315e-01 -4.537454371251781887e-02 -8.089110474733436362e-01 -5.791630954470271320e+01 1.705739031095495836e-02 9.989002868775475052e-01 -4.368255749188612591e-02 -5.789371264646749005e+00 8.100032873252699384e-01 1.180877676767519424e-02 5.863164116242798318e-01 8.861495192481021377e+01
5.776288565266305408e-01 -4.684938691610476130e-02 -8.149689280746088560e-01 -5.893765792822215133e+01 2.082509882228734954e-02 9.988725042357392558e-01 -4.267907906520280320e-02 -5.851441251349711159e+00 8.160488275799255842e-01 7.685659134882571325e-03 5.779533473369955487e-01 8.933445710564284070e+01
5.645760509419167628e-01 -4.631407784514515041e-02 -8.241205285286834492e-01 -5.997410594303454445e+01 2.220284209332963610e-02 9.989152582911704492e-01 -4.093380113896930711e-02 -5.920506670019883622e+00 8.251223760820989295e-01 4.813123339799781075e-03 5.649919862075867272e-01 9.003781067235566127e+01
5.538175704699984658e-01 -4.690882151836497926e-02 -8.313768267995921279e-01 -6.102240788050716702e+01 2.261989125017674004e-02 9.988910955986955997e-01 -4.129456488727761138e-02 -5.988755017601492980e+00 8.323918815407707061e-01 4.068739313777955044e-03 5.542642667468579143e-01 9.072861660157674635e+01
5.450538749754987311e-01 -4.758599259371397439e-02 -8.370823233989654888e-01 -6.207844935553973897e+01 2.192534401417058770e-02 9.988554284449587817e-01 -4.250942000205559790e-02 -6.054124140569628665e+00 8.381472279328742170e-01 4.815951131591936739e-03 5.454734642568499492e-01 9.141212003561460619e+01
5.350393617876384456e-01 -4.785030391256052396e-02 -8.434942743180781077e-01 -6.315249797632156969e+01 2.093278755403323033e-02 9.988394165056900809e-01 -4.339069023528970004e-02 -6.119384347824352588e+00 8.445910259734504821e-01 5.569550329602755180e-03 5.354193698618840980e-01 9.208003515654003479e+01
5.251505719802225247e-01 -4.848146540686253808e-02 -8.495318409929071279e-01 -6.423088978430423879e+01 1.999424318290471056e-02 9.988036357956368017e-01 -4.463813131939323858e-02 -6.193440554337927395e+00 8.506787997674339907e-01 6.465284758984658070e-03 5.254909445068558504e-01 9.273548505701857891e+01
