1.000000000000000000e+00 4.398956837314658088e-19 2.733407509747682871e-20 -8.673617379884035472e-19 -5.583667658079949532e-19 1.000000000000000000e+00 -6.100159232558060012e-19 0.000000000000000000e+00 4.145284534913582806e-20 -2.210423569125054137e-19 1.000000000000000222e+00 0.000000000000000000e+00
9.999088610286870349e-01 5.831662426239941173e-04 1.348812693273161549e-02 -6.444656152314895414e-02 -5.790759852041810077e-04 9.999997851646539315e-01 -3.071527104367852362e-04 -1.250328080965501520e-02 -1.348830338998381964e-02 2.993140812934619397e-04 9.999089838914823059e-01 1.272345761697429856e-02
9.994744558996555561e-01 2.424281302622616121e-03 3.232545261837514727e-02 -6.057796193103712201e-02 -2.406106038943974217e-03 9.999969246356491537e-01 -6.011469022559671983e-04 -1.007225861531771405e-02 -3.232681111549685904e-02 5.230525393610466894e-04 9.994772151839129704e-01 1.409866112499343627e-01
9.980389110867450286e-01 5.051826524999579980e-03 6.239239549803973772e-02 6.864996316754030936e-04 -5.115893957624566279e-03 9.999865377664899357e-01 8.671356794541752126e-04 2.214000120209530520e-03 -6.238717601767799353e-02 -1.184627984925253497e-03 9.980513197752683974e-01 3.988918875873522230e-01
9.954301285674266309e-01 4.430186778952984600e-03 9.538989754015794742e-02 5.442698901849453430e-02 -4.734505650817654072e-03 9.999843989590200266e-01 2.964169871787543636e-03 2.393242723446889486e-03 -9.537527918104174440e-02 -3.402247951160433572e-03 9.954355734322620775e-01 5.598525554063260579e-01
9.911465086229938048e-01 1.289960615275195961e-03 1.327664653563869479e-01 1.513763877209816089e-01 -1.962390860666807409e-03 9.999859020618332428e-01 4.934035070687111356e-03 1.836109225262741451e-03 -1.327582312061979519e-01 -5.150891256435521579e-03 9.911350667223469690e-01 7.417789932923257723e-01
9.850624703771865276e-01 -2.048357666723131347e-03 1.721851718757333449e-01 2.120312305667310659e-01 1.068982026380280127e-03 9.999827216724559431e-01 5.780452446918288127e-03 -8.729737722423455692e-03 -1.721940402143467552e-01 -5.510043801626284508e-03 9.850476395620848535e-01 9.181001783227286106e-01
9.762881667275280506e-01 -2.337888454286647134e-03 2.164623507105229439e-01 2.919782257509231371e-01 9.290367323920476709e-04 9.999777217588172729e-01 6.610058494408569026e-03 -6.013468169794269902e-03 -2.164729856318449441e-01 -6.252220267515524663e-03 9.762685884259054703e-01 1.160546626990454744e+00
9.647201882028335618e-01 -2.196896475144724612e-03 2.632681736943054407e-01 3.857929519281707575e-01 -3.768772753970031793e-04 9.999526367021372986e-01 9.725343888041087723e-03 4.087491103686974325e-03 -2.632770745690032332e-01 -9.481455216302454858e-03 9.646736675451564880e-01 1.345772762886450646e+00
9.501980526634126178e-01 -6.084912772965734434e-03 3.115872803833995008e-01 5.172217000704135703e-01 9.257883082821429573e-04 9.998600699525038715e-01 1.670279685621470916e-02 1.898471450679753425e-02 -3.116453204040767200e-01 -1.558250103097728358e-02 9.500707243116711664e-01 1.612958708040807432e+00
9.333064929457921544e-01 -1.570935209285794290e-02 3.587369576029764695e-01 6.433310555469418102e-01 7.239103245535142769e-03 9.996626798052338225e-01 2.494237288516551812e-02 -4.111208849407327337e-03 -3.590077830966844075e-01 -2.068194452900496902e-02 9.331053909403742574e-01 1.803403995158228801e+00
9.124533941903850698e-01 -2.169817843696651705e-02 4.086049316275373600e-01 7.970313141028869675e-01 1.031646380061201559e-02 9.994954978553702851e-01 3.003864692532907596e-02 -7.037253632052944963e-03 -4.090505805445116549e-01 -2.319350716829457135e-02 9.122169074000125999e-01 2.012409740891674126e+00
8.876693958340025059e-01 -2.341370404634446692e-02 4.598856804794573261e-01 9.995576371120282744e-01 8.882249326372246984e-03 9.993912905250041945e-01 3.373653860061899545e-02 -3.331691203420250602e-03 -4.603956489857580214e-01 -2.586207334498204571e-02 8.873370287791867428e-01 2.264509267135961235e+00
8.596700284496645583e-01 -2.545981267460208780e-02 5.102148922468224823e-01 1.190564728789493376e+00 6.908095638899349605e-03 9.992453575069816241e-01 3.822294705943982823e-02 2.038706460952573185e-02 -5.108030202975399892e-01 -2.933450847836734446e-02 8.591971630273310678e-01 2.484780957439889804e+00
8.272476992141444274e-01 -3.076747347619278317e-02 5.609942976236804713e-01 1.409428087306172639e+00 7.892445213731422854e-03 9.990372805984325533e-01 4.315346154416374591e-02 1.954630802124741884e-02 -5.617819502104857143e-01 -3.127098474421080576e-02 8.266941216224619193e-01 2.714604138718958559e+00
7.915146324019470825e-01 -3.643719751396101714e-02 6.100630390476748932e-01 1.637201327568674092e+00 1.018791003401618017e-02 9.988690673826218225e-01 4.644128194185256908e-02 2.582745560950906738e-02 -6.110652995726535419e-01 -3.054368651546743654e-02 7.909907007278846880e-01 2.929632679066222156e+00
7.539633113694479416e-01 -4.093841006956853990e-02 6.556396609343253523e-01 1.896287156206886371e+00 1.127796596312048011e-02 9.987158461786060926e-01 4.939095082763538674e-02 3.166275561416037609e-02 -6.568197171013180347e-01 -2.984468266963195837e-02 7.534568075841092671e-01 3.128776893211528076e+00
7.140073889071472113e-01 -4.425283866778628727e-02 6.987382393656198509e-01 2.197613011639010239e+00 1.235443925779865747e-02 9.986414653515788276e-01 5.062204515993585369e-02 4.683480402976693269e-02 -7.000291605492463543e-01 -2.751199469454078048e-02 7.135841031634759801e-01 3.378766460656291049e+00
6.722726313976497003e-01 -4.586969096745924235e-02 7.388812298440706750e-01 2.491347220605035773e+00 1.122489142252860832e-02 9.985954438151289914e-01 5.177973879611019042e-02 5.605454302801184119e-02 -7.402185630511672887e-01 -2.651623916664038599e-02 6.718432679856888301e-01 3.590166391742699581e+00
6.294351568778839834e-01 -4.628735947850007304e-02 7.756731618088039681e-01 2.820213246987777200e+00 6.940157236458261575e-03 9.985193195453930803e-01 5.395370851147821695e-02 7.807634706583427286e-02 -7.770220258473455877e-01 -2.857706674632980171e-02 6.288244050149578435e-01 3.808647120785137119e+00
5.879768542118500863e-01 -4.717367121019192672e-02 8.075009926144824934e-01 3.174472313912697796e+00 4.183838967033618600e-03 9.984619572767321483e-01 5.528304727172669852e-02 9.812659819405493422e-02 -8.088669398628213214e-01 -2.912669755017287601e-02 5.872698866075614088e-01 4.010481469968514290e+00
5.478850872796751093e-01 -4.819068534611019305e-02 8.351644015319971137e-01 3.549432285611656024e+00 2.116584842684688435e-03 9.984160425122402538e-01 5.622211378301400497e-02 1.160209763444972203e-01 -8.365509332777466556e-01 -2.903556081515332871e-02 5.471192591025902940e-01 4.219038801597106314e+00
5.093001732063334730e-01 -5.103338961404616653e-02 8.590744522964924856e-01 3.973331777416555521e+00 1.343234998001763920e-03 9.982860983602188654e-01 5.850693543815569525e-02 1.322664178810997737e-01 -8.605879052902720705e-01 -2.864365286185415957e-02 5.084958314410455982e-01 4.412075567796890141e+00
4.723491918603661133e-01 -5.072330042945011330e-02 8.799507798460924901e-01 4.395286132781468069e+00 -1.705060223525438389e-03 9.982882996909624440e-01 5.845993011546069679e-02 1.520310852877877206e-01 -8.814098636580280921e-01 -2.911386918064727894e-02 4.714541840931981143e-01 4.606786955025984120e+00
4.358330149842419288e-01 -5.011322980030995244e-02 8.986313114096118326e-01 4.828038042519730233e+00 -2.771288717014278036e-03 9.983692301344652131e-01 5.701929710776031113e-02 1.819891005892101399e-01 -9.000232872451674471e-01 -2.734125830891207323e-02 4.349833921546389370e-01 4.802476660758644655e+00
4.012917382677075318e-01 -4.878530612114417853e-02 9.146501630465433408e-01 5.336141173993522280e+00 -1.825780981129350444e-03 9.985359862765588179e-01 5.406061967413583469e-02 2.008638937262003099e-01 -9.159484823742141124e-01 -2.336403018304076054e-02 4.006151690945036203e-01 5.013432029526022404e+00
3.724943948993242882e-01 -4.705491735291331135e-02 9.268407339752868790e-01 5.866371126909040612e+00 6.806581744225328415e-05 9.987151151673648863e-01 5.067656330995782415e-02 2.199821097882123655e-01 -9.280344479239676092e-01 -1.881364882880711548e-02 3.720189840374085177e-01 5.168690498551259616e+00
3.477110088012680955e-01 -4.540214940021203988e-02 9.365018336774069141e-01 6.387001584981587321e+00 1.313669774377459023e-03 9.988494948332977685e-01 4.793705153082140902e-02 2.425658791134054915e-01 -9.376008448748360813e-01 -1.543798556815013413e-02 3.473706076112555996e-01 5.320931516759966229e+00
3.264005901879805105e-01 -4.480102522422846345e-02 9.441692157027509191e-01 6.949285067663680593e+00 2.442626792658349373e-03 9.989127790051995914e-01 4.655419938576582650e-02 2.673618274653661864e-01 -9.452283873243062517e-01 -1.288906427382460751e-02 3.261551514777850658e-01 5.492626726492146005e+00
3.113879966075132621e-01 -4.520130166671444683e-02 9.492072180136958970e-01 7.547918925348762187e+00 3.251244982877433010e-03 9.989129189583665358e-01 4.650171726696875063e-02 2.972145651913897235e-01 -9.502773074358343841e-01 -1.139397049468544691e-02 3.111964517974479816e-01 5.690642844057953731e+00
2.999548545766282381e-01 -4.691284727001296395e-02 9.527991680710627964e-01 8.168333564899114663e+00 4.318566560782015687e-03 9.988466081544639108e-01 4.782053243716530289e-02 3.165496543398865215e-01 -9.539436311224033238e-01 -1.022927333149809687e-02 2.998114840141173909e-01 5.880194609799517025e+00
2.895459349810621807e-01 -4.876916387578267287e-02 9.559208674226120639e-01 8.796392719827402118e+00 3.255735846892633331e-03 9.987455207968382043e-01 4.996783798801775200e-02 3.446030091943850238e-01 -9.571585908163293688e-01 -1.135575764425047346e-02 2.893414838055123339e-01 6.066918565155293486e+00
2.791867609902267677e-01 -5.032053413596626612e-02 9.589174004063836243e-01 9.460221513173232566e+00 1.643866324767994736e-03 9.986495341590668762e-01 5.192692547027220884e-02 3.737078346834281639e-01 -9.602354224530315063e-01 -1.292097722671238860e-02 2.788924476970761623e-01 6.250245891450934010e+00
2.682568242086526555e-01 -5.198707224129008042e-02 9.619436599613874206e-01 1.015862331565448784e+01 8.826789626388555857e-04 9.985556711922995987e-01 5.371957155615388058e-02 4.040198512108081341e-01 -9.633470369370498165e-01 -1.356155335155301463e-02 2.679152596998257141e-01 6.457867673847043299e+00
2.581102226953046475e-01 -5.386890398881204189e-02 9.646124809346064977e-01 1.087781806298017173e+01 -3.306033176801056973e-04 9.984393155660375996e-01 5.584643044686848218e-02 4.317335095669813105e-01 -9.661154279655681520e-01 -1.473343781161724590e-02 2.576895835018916947e-01 6.654827011718944973e+00
2.481790974310437992e-01 -5.566317010298520856e-02 9.671136082417532975e-01 1.160379405589400470e+01 -3.017494558529614174e-04 9.983432679972528145e-01 5.753805827320424005e-02 4.658069806777648258e-01 -9.687141276617936558e-01 -1.457156849479164865e-02 2.477511334949800414e-01 6.816883148410992632e+00
2.375774703009028155e-01 -5.693406684503105747e-02 9.696986344685967207e-01 1.238080558359049199e+01 -9.911067251933726452e-04 9.982660986453506524e-01 5.885417538636691925e-02 4.906541106018723619e-01 -9.713680970540068405e-01 -1.494350006150831078e-02 2.371091053116230196e-01 6.991926888544926832e+00
2.269997736528614751e-01 -6.003640549353243122e-02 9.720425488294016647e-01 1.313268433363682774e+01 -2.032127377556475992e-03 9.980667248035469674e-01 6.211830047048640113e-02 5.270203867747657034e-01 -9.738926994040676410e-01 -1.607615354545788300e-02 2.264389176395004422e-01 7.182958180791254144e+00
2.159527164077947869e-01 -6.348357204785716468e-02 9.743378491158095622e-01 1.390611738850565793e+01 -3.688458940578422367e-03 9.978239476835444322e-01 6.583133488543364831e-02 5.723085409722334926e-01 -9.763968641640661250e-01 -1.781025987735534652e-02 2.152486340892101058e-01 7.369299054071130506e+00
2.030782355193563871e-01 -6.706016957039770410e-02 9.768634232448273336e-01 1.468259600255881203e+01 -4.139234841864529793e-03 9.975842812056349151e-01 6.934312204529209656e-02 6.098603817246379677e-01 -9.791537743748309763e-01 -1.812554511747845043e-02 2.023100764544914498e-01 7.530469550850042992e+00
1.905840782848426118e-01 -6.948484517248093573e-02 9.792086340790436827e-01 1.548593711750704394e+01 -5.336975513688551644e-03 9.974037116073746212e-01 7.181471096697769618e-02 6.553029642325594040e-01 -9.816563771220372381e-01 -1.891275213159641228e-02 1.897184267700462446e-01 7.672292638821151201e+00
1.775721552981766593e-01 -7.016338326577059581e-02 9.816033887829080928e-01 1.628647882881873699e+01 -6.092599672785667213e-03 9.973576754289936730e-01 7.239162548023610200e-02 6.829968024021098039e-01 -9.840889324168027308e-01 -1.883525257435146594e-02 1.766754732525739335e-01 7.811712341162064810e+00
1.627059203817667610e-01 -6.944249997404486341e-02 9.842278730649927088e-01 1.709984017858673511e+01 -7.111098045828003443e-03 9.974117903675886465e-01 7.154825414403902240e-02 7.254387073766888072e-01 -9.866489917078629102e-01 -1.864026456877353188e-02 1.617909895511667751e-01 7.969674545306973279e+00
1.456733934723052903e-01 -6.842959440883689126e-02 9.869633409470809360e-01 1.789432892969711020e+01 -8.262515871482210839e-03 9.974861247003325992e-01 7.037870286158925959e-02 7.685866259639106968e-01 -9.892982413885400561e-01 -1.840710385924579709e-02 1.447417867384711843e-01 8.079744897071828191e+00
1.254948150267967133e-01 -6.697171851096739292e-02 9.898312096130439386e-01 1.871609930433910662e+01 -1.072418789685931732e-02 9.975690414882418811e-01 6.885491427523791896e-02 8.064146384002169876e-01 -9.920363201068210790e-01 -1.925606972894691737e-02 1.244715236626482285e-01 8.186682867258756602e+00
1.006966332526900015e-01 -6.553407975500503968e-02 9.927564935615644792e-01 1.952668681450028387e+01 -1.532993358996892659e-02 9.976076313337299828e-01 6.740925020853195948e-02 8.484181818705743838e-01 -9.947990744195068791e-01 -2.200677480471841668e-02 9.945109530582643687e-02 8.290343916921305123e+00
7.053449353442615977e-02 -6.502952940134494597e-02 9.953873760795252101e-01 2.036363790460323742e+01 -1.902164481249967939e-02 9.976036144455577848e-01 6.652221775788888514e-02 8.869150699117313019e-01 -9.973279699157183709e-01 -2.362601520799865323e-02 6.912849569274114037e-02 8.332107018459096182e+00
3.805703647226191255e-02 -6.476372790577691885e-02 9.971746609009141116e-01 2.119774543906991227e+01 -2.172405588390889999e-02 9.976081159290860478e-01 6.562097543435646552e-02 9.268365318298109612e-01 -9.990394109907916320e-01 -2.416001706599229734e-02 3.655907621647437600e-02 8.361179110246991897e+00
3.754813589435445839e-03 -6.411731449643362502e-02 9.979352955472419184e-01 2.205801064548842305e+01 -2.362904710375377665e-02 9.976580159039868390e-01 6.418840573012507544e-02 9.601104344425965831e-01 -9.997137524449145607e-01 -2.382127474731578903e-02 2.230987437941077747e-03 8.357691528231567801e+00
-3.047666789192253131e-02 -6.340767330980411065e-02 9.975222415489322092e-01 2.289728399222362043e+01 -2.508786752048269494e-02 9.977199541146762884e-01 6.265374741127388569e-02 9.894645735168923206e-01 -9.992205906977951191e-01 -2.311622752775548129e-02 -3.199794439145696445e-02 8.323591429144938658e+00
-6.383150707138232627e-02 -6.149544181083226729e-02 9.960641706477654234e-01 2.371057625327716067e+01 -2.700664458324682909e-02 9.978405155444948216e-01 5.987442437512829896e-02 1.025662603914861970e+00 -9.975952069905144048e-01 -2.307847542995086765e-02 -6.535445085567778700e-02 8.249719002082775532e+00
-9.735866215995202244e-02 -5.798045081929958933e-02 9.935590274217027673e-01 2.456814137614021831e+01 -2.977472284265846730e-02 9.980244413068442011e-01 5.532341686784950086e-02 1.062786768068215704e+00 -9.948038871055421284e-01 -2.419672996276770252e-02 -9.889267764975982755e-02 8.176715880169881601e+00
-1.296233270119112879e-01 -5.398320504056836749e-02 9.900927176223366377e-01 2.540046541153413173e+01 -2.623889211452138173e-02 9.983539855764410609e-01 5.099843175833067982e-02 1.083872909408720941e+00 -9.912160866753316757e-01 -1.936834870835275196e-02 -1.308264260228404752e-01 8.043609160757693388e+00
-1.601239839186879288e-01 -4.837832785646426631e-02 9.859106602995918456e-01 2.620313170040091677e+01 -2.256245291597859526e-02 9.987166824737956361e-01 4.534229684215917988e-02 1.099755195193581114e+00 -9.868390254485155388e-01 -1.498417271064997683e-02 -1.610100291269862816e-01 7.884944963883159907e+00
-1.921941774245785051e-01 -4.213387831089172170e-02 9.804519965468232456e-01 2.706592963174124122e+01 -1.677610523802272255e-02 9.990729669999811602e-01 3.964554089030083300e-02 1.122247810147973146e+00 -9.812135225701248409e-01 -8.828522773244947344e-03 -1.927228508285997732e-01 7.716085796796277485e+00
-2.195583509963126290e-01 -3.663401818561934364e-02 9.749113100397909237e-01 2.787835313290165473e+01 -1.064058385953815800e-02 9.993252220440493883e-01 3.515506454353185123e-02 1.129838328152902527e+00 -9.755413495428187920e-01 -2.655036517549184873e-03 -2.198000065691561866e-01 7.489100664503437699e+00
-2.472688654561224220e-01 -3.017553969689918542e-02 9.684769116443698866e-01 2.867550102417073887e+01 -2.081448344084846618e-03 9.995291870284690461e-01 3.061162915859498915e-02 1.153727178460907332e+00 -9.689446793651129708e-01 5.553469247687146081e-03 -2.472152582516606856e-01 7.283267675769721450e+00
-2.749684447021411571e-01 -1.988914601725705680e-02 9.612475019002045817e-01 2.953929663731846134e+01 4.598189830327111677e-03 9.997473727311098068e-01 2.200107611590169238e-02 1.147227890833417252e+00 -9.614422638408562927e-01 1.046960130287693733e-02 -2.748075274547708280e-01 7.030129408050117767e+00
-3.015229536929255327e-01 -4.996606907544342419e-03 9.534458171127124793e-01 3.027169580269561067e+01 8.512061654935607069e-03 9.999323107977917680e-01 7.932125292570240543e-03 1.136840703974096645e+00 -9.534209293552131648e-01 1.050750854632482439e-02 -3.014600137578503092e-01 6.740372854209055298e+00
-3.252197218005491441e-01 1.201582432906407767e-02 9.455621273128709259e-01 3.105501883184325607e+01 9.899242556280229283e-03 9.999077379106497965e-01 -9.301647527799040277e-03 1.120801862649045244e+00 -9.455866711156919457e-01 6.335270693134613558e-03 -3.253086652385732136e-01 6.483870961179158954e+00
-3.509290909494180988e-01 2.658456974185865671e-02 9.360245820232181435e-01 3.185066004277545204e+01 8.330185339027131389e-03 9.996459950654893456e-01 -2.526841004200646931e-02 1.082494187710312694e+00 -9.363649907226653246e-01 -1.070160935674582424e-03 -3.510263160299038621e-01 6.180300145006500934e+00
-3.750104215384651996e-01 3.736518920133615612e-02 9.262672460134320218e-01 3.259442200040208348e+01 1.270224018290643832e-02 9.993006644229532887e-01 -3.516866718262656039e-02 1.054397349248226590e+00 -9.269335743249490500e-01 -1.422946709744562837e-03 -3.752227863214036563e-01 5.868778421243987076e+00
-3.988029476649239680e-01 4.226935875034299600e-02 9.160619494389881101e-01 3.337648306527274400e+01 1.625768114943666395e-02 9.991060268781322140e-01 -3.902351630546986583e-02 1.004317789076129452e+00 -9.168925295624551497e-01 -6.696492841400706556e-04 -3.991336315967815573e-01 5.532394888444043701e+00
-4.208733131359984059e-01 4.157963384885940417e-02 9.061659746403247784e-01 3.411000641514867482e+01 1.841464317531511102e-02 9.991347014459280862e-01 -3.729275058352182759e-02 9.522001103623083385e-01 -9.069325051499169676e-01 9.912005550589324341e-04 -4.212748074644696028e-01 5.159853671303822331e+00
-4.420005449115894103e-01 3.800089097675714983e-02 8.962094822816533135e-01 3.484893470558819217e+01 2.251178052612742841e-02 9.992574980811655960e-01 -3.126775056194479319e-02 9.167485048400205727e-01 -8.967322629322962424e-01 6.354909397127147738e-03 -4.425278276391984011e-01 4.803980416575893031e+00
-4.598571325844574287e-01 3.669296729460798379e-02 8.872344839853557596e-01 3.555041574330755338e+01 2.992299813900365507e-02 9.992187936829461936e-01 -2.581504374071698360e-02 8.874027556425153618e-01 -8.874886167351834221e-01 1.467748490486599049e-02 -4.605958541299867703e-01 4.402355539072252633e+00
-4.744125249273381528e-01 3.753375018170419103e-02 8.795021090506200956e-01 3.626145193155907975e+01 3.348459680462100019e-02 9.991369950224385788e-01 -2.457736560381320115e-02 8.392989766229170812e-01 -8.796655902982957187e-01 1.778996454437895697e-02 -4.752599082879586656e-01 4.027086324773382131e+00
-4.846407777971780684e-01 4.079131007644954537e-02 8.737616217939898622e-01 3.698099589059291503e+01 3.600275106149659898e-02 9.989957912696803000e-01 -2.666853732708298480e-02 7.867253797294614381e-01 -8.739720424673583787e-01 1.853316259015125311e-02 -4.856226979111200603e-01 3.587785919816175895e+00
-4.948602976037430046e-01 4.364238565035528927e-02 8.678759210866193730e-01 3.767394967052401000e+01 3.713121331844893708e-02 9.988878227865102266e-01 -2.905839681958375526e-02 7.366278596629031172e-01 -8.681788820692287745e-01 1.784544015569956843e-02 -4.959304212120959621e-01 3.213197476081160797e+00
-5.053231722256540381e-01 4.299572364803042751e-02 8.618583676591333731e-01 3.837899803004892618e+01 3.115172488228628092e-02 9.990158638253533452e-01 -3.157330848249285948e-02 6.879637771865159124e-01 -8.623677138474794557e-01 1.089365138297068887e-02 -5.061652575813048172e-01 2.808060082537885194e+00
-5.176024000703071115e-01 4.160232385776312103e-02 8.546092609152700081e-01 3.907932689025344786e+01 2.972171240311030985e-02 9.990886636373108587e-01 -3.063432636771011922e-02 6.648476976005032180e-01 -8.551048983989273378e-01 9.544050826830125303e-03 -5.183671836914059972e-01 2.419600656367766778e+00
-5.256398648932170126e-01 4.316111287216292669e-02 8.496115804672581540e-01 3.971516732268705852e+01 3.208084222154743148e-02 9.990074283732132132e-01 -3.090271125448493250e-02 6.290729668916490436e-01 -8.501020902540702417e-01 1.101255911188456227e-02 -5.265027757274316489e-01 1.961992521504315024e+00
-5.326124361681288111e-01 4.584938947664414510e-02 8.451164495765296492e-01 4.043866144544514896e+01 3.569289582579579512e-02 9.988600469594265396e-01 -3.169579965859534165e-02 5.807971562561659029e-01 -8.456063042243727734e-01 1.328307735645261646e-02 -5.336417816762049071e-01 1.528428767043822134e+00
-5.367743169515609702e-01 4.956770476783050466e-02 8.422685809214003338e-01 4.115002312001489315e+01 3.666862751996009112e-02 9.987001050685264669e-01 -3.540496898982913726e-02 5.459866644921873569e-01 -8.429286779154793185e-01 1.188035583532831736e-02 -5.378941476289912371e-01 1.078747231154856712e+00
-5.363267589042726158e-01 5.057063113023226031e-02 8.424940391754615066e-01 4.181668698684533325e+01 3.566397339854936871e-02 9.986696878540562983e-01 -3.724158294902805977e-02 4.994175007461139071e-01 -8.432566040835294263e-01 1.007302852097122052e-02 -5.374168277347054490e-01 6.589640482035065139e-01
-5.333576374319729529e-01 5.159364642628042757e-02 8.443149372632987593e-01 4.252919866734919196e+01 3.821675198196875650e-02 9.985887074135094688e-01 -3.687917066151956413e-02 4.614514516236862818e-01 -8.450261073833238434e-01 1.259718824029281217e-02 -5.345766565330056785e-01 2.039564405985871687e-01
-5.274797620964217781e-01 5.043691162284319462e-02 8.480691041788801510e-01 4.328216262815783466e+01 3.649576869809479512e-02 9.986599285827233441e-01 -3.669340331882132988e-02 4.144439644866286798e-01 -8.487833476571217117e-01 1.159590723016750216e-02 -5.286136366009972498e-01 -2.604072820354326190e-01
-5.204945681166370797e-01 4.919771568247732763e-02 8.524464652671058795e-01 4.404327153522552152e+01 3.438446860942392935e-02 9.987365967365113839e-01 -3.664585375272504802e-02 3.769233924851576045e-01 -8.531723886939911461e-01 1.023695191277951971e-02 -5.215286120937165926e-01 -7.043138373396663487e-01
-5.138414086573780404e-01 4.857802140591912371e-02 8.565087094029835146e-01 4.483182408202920755e+01 3.279632147039132639e-02 9.987780021218573001e-01 -3.697166100015642637e-02 3.329878090341297781e-01 -8.572580825659487092e-01 9.092765608921775031e-03 -5.148066771608823533e-01 -1.156764199622722700e+00
-5.071381329974833374e-01 4.692543475846454315e-02 8.605863723146814914e-01 4.561482967873324412e+01 2.943538149798969467e-02 9.988772026750343258e-01 -3.711997088362443270e-02 2.748654975761739006e-01 -8.613619939277809001e-01 6.506736432565363680e-03 -5.079499889460896700e-01 -1.622228924392003835e+00
-5.026064136344547961e-01 4.481957710517177340e-02 8.633527581373287019e-01 4.645102384151164188e+01 2.537568980565452562e-02 9.989897547345536477e-01 -3.708833043476166685e-02 2.291869344253001650e-01 -8.641428583499859428e-01 3.267339991992935892e-03 -5.032359867877395088e-01 -2.103424238619997499e+00
-5.009744181525322970e-01 4.232642443553152195e-02 8.644264529859133628e-01 4.728854482652700852e+01 2.052318049680104325e-02 9.991035081098561532e-01 -3.702673499607717078e-02 1.904108936044457689e-01 -8.652187259606647363e-01 -8.086659786567005704e-04 -5.013939727162382010e-01 -2.580366360277364102e+00
-5.010656611276477213e-01 3.947291380287196866e-02 8.645085764654655280e-01 4.811842561877497815e+01 1.800874705425138667e-02 9.992185138590705673e-01 -3.518588573948980974e-02 1.431221236933518659e-01 -8.652218794067784158e-01 -2.061721908869002494e-03 -5.013849441959594699e-01 -3.062937813286681799e+00
-5.019188209045090110e-01 3.845004674376278214e-02 8.640596493342446172e-01 4.898209285071727237e+01 1.654755316623510164e-02 9.992554132818360912e-01 -3.485394494369526558e-02 9.540070406797582225e-02 -8.647564327766065206e-01 -3.195777062148076088e-03 -5.021813542268162012e-01 -3.539817701716405640e+00
-5.025953008684416190e-01 3.820731395719846601e-02 8.636771104969952484e-01 4.985884705501793235e+01 1.691357859731732610e-02 9.992662860716267081e-01 -3.436306660145316966e-02 4.894758445465505897e-02 -8.643563540077860985e-01 -2.662844199747341212e-03 -5.028727633201344194e-01 -4.046153156187033417e+00
-5.025619903947086131e-01 3.748351622585857634e-02 8.637282085885201743e-01 5.071916984965188391e+01 1.648600325846331927e-02 9.992935054329979971e-01 -3.377427517433343601e-02 2.476890598908362828e-03 -8.643839828559525262e-01 -2.734239988181707322e-03 -5.028248876662045896e-01 -4.550964072544335437e+00
-5.031795269084768929e-01 3.663496947579678725e-02 8.634050203759603415e-01 5.160473569077676359e+01 1.671326118325820037e-02 9.993267037939967956e-01 -3.266199553771018116e-02 -4.988628491067020887e-02 -8.640202792180537994e-01 -2.004532936683713074e-03 -5.034530290714915868e-01 -5.045112300958537688e+00
-5.025230044992979872e-01 3.633889113956994404e-02 8.637998040212244710e-01 5.251716647280571237e+01 1.645907010248514463e-02 9.993373235147985367e-01 -3.246556344488856632e-02 -1.004121659908945724e-01 -8.644071617426343224e-01 -2.097350043157487996e-03 -5.027880998943051738e-01 -5.586914394400541717e+00
-5.034179115981196606e-01 3.485573835140452076e-02 8.633397189324343302e-01 5.340622158988031032e+01 1.447127066218608857e-02 9.993859760985468466e-01 -3.191007794755911647e-02 -1.601116917076985668e-01 -8.639218719916912370e-01 -3.570481153029106229e-03 -5.036132090075641221e-01 -6.078343511210216654e+00
-5.037399287112530599e-01 3.442698335166004264e-02 8.631690758734515967e-01 5.431550955177512918e+01 1.457051042628633615e-02 9.994020313277954815e-01 -3.135729541091954869e-02 -2.041024050428106584e-01 -8.637324798454095731e-01 -3.219106831643540716e-03 -5.039403279503139599e-01 -6.586954205653985817e+00
-5.015347886437695468e-01 3.347576958314059381e-02 8.644895691086822431e-01 5.518610910049756058e+01 1.293881756077961027e-02 9.994295792860747873e-01 -3.119459925482806831e-02 -2.597643558097319505e-01 -8.650407245411029233e-01 -4.459703032392734086e-03 -5.016818409041120530e-01 -7.151369419189347987e+00
-5.013395055982695636e-01 3.203036387930864592e-02 8.646575867809499494e-01 5.610502114817840180e+01 1.205201589024117517e-02 9.994761365756477112e-01 -3.003666601347653592e-02 -3.218008393767448627e-01 -8.651667246135932299e-01 -4.637699420227331566e-03 -5.014629038398094041e-01 -7.651898389173157788e+00
-4.993558693550531058e-01 2.969960218391033691e-02 8.658877732110493719e-01 5.698014155368229439e+01 1.275410001969446046e-02 9.995559796533297625e-01 -2.692910039729526361e-02 -3.679929045367713036e-01 -8.663030999872876059e-01 -2.403584158164550743e-03 -4.995129381044605132e-01 -8.139675886183217912e+00
-4.968959711158209558e-01 2.853066874709637643e-02 8.673409832431736577e-01 5.787837593984019691e+01 1.314408884552310634e-02 9.995922017738992915e-01 -2.535079993368556661e-02 -4.256788333314922568e-01 -8.677105734261281178e-01 -1.196302479222428449e-03 -4.970683486858787359e-01 -8.650595096540198981e+00
-4.947141745157525583e-01 2.797222045968904974e-02 8.686054494203764298e-01 5.877827868790830479e+01 1.320537605931080931e-02 9.996084312250836934e-01 -2.466986507842447787e-02 -4.747230480136686026e-01 -8.689554165972868116e-01 -7.342693960847009125e-04 -4.948898448054279697e-01 -9.162449445743936494e+00
-4.929544529247922857e-01 2.837137812650121146e-02 8.695924094445707242e-01 5.967186498057212418e+01 1.369655355114206101e-02 9.995973940288502835e-01 -2.484862665853187352e-02 -5.236613839358694733e-01 -8.699473111923555768e-01 -3.388212178373173041e-04 -4.931445778423593218e-01 -9.655768840126510710e+00
-4.915304214411372330e-01 2.862557551884967535e-02 8.703898020542621961e-01 6.055093147527673381e+01 1.375278460916152731e-02 9.995901353602223427e-01 -2.510820943688842760e-02 -5.677737312400128467e-01 -8.707518120722913535e-01 -3.711643534373974037e-04 -4.917226431015762622e-01 -1.015501228049352100e+01
-4.931253772063551311e-01 2.984233313487204275e-02 8.694462512608991389e-01 6.142063774825921030e+01 1.298726111135787079e-02 9.995526293837324605e-01 -2.694201396972225812e-02 -6.192937881193941729e-01 -8.698613141703478435e-01 -1.994064391488606543e-03 -4.932923387989248676e-01 -1.061070354312759179e+01
-4.958802565930508499e-01 3.173159332896333118e-02 8.678109606804125242e-01 6.230927596263298085e+01 1.153742696156307909e-02 9.994847021748437532e-01 -2.995359535817959315e-02 -6.749436933665751148e-01 -8.683142699155429467e-01 -4.841090082838745562e-03 -4.959908327373534487e-01 -1.111841528933884504e+01
-4.988840200853071893e-01 3.221289426619146357e-02 8.660698876924924905e-01 6.320854991733767747e+01 1.046463212564126798e-02 9.994600543407239357e-01 -3.114628758656219285e-02 -7.250103597352041129e-01 -8.666055840829685053e-01 -6.475281514783601429e-03 -4.989517471315650377e-01 -1.163024778978651774e+01
-5.045347626685913189e-01 3.153761488520986228e-02 8.628151821917220410e-01 6.408263569052147091e+01 1.097605730395670963e-02 9.994861770025252889e-01 -3.011491532695293599e-02 -7.681273039039075989e-01 -8.633216154523719599e-01 -5.723711892530010219e-03 -5.046216809872836606e-01 -1.212206051386454853e+01
-5.101193663564008718e-01 2.856347147303677295e-02 8.596291914365470355e-01 6.494788226324439506e+01 1.335782424632550071e-02 9.995909768096912229e-01 -2.528730091885186132e-02 -8.336520677120895506e-01 -8.599998911488363484e-01 -1.416765343882819090e-03 -5.102922627474798523e-01 -1.263783463559954789e+01
-5.153141702719047368e-01 2.678995383654835666e-02 8.565825068146681875e-01 6.579182990722627267e+01 1.109361177789981549e-02 9.996360614900676733e-01 -2.459016726372197786e-02 -8.669349293597000683e-01 -8.569295477329694766e-01 -3.169066949680662132e-03 -5.154238261534290766e-01 -1.313964930493664163e+01
-5.200577838602351566e-01 2.899444350406005927e-02 8.536388056241053235e-01 6.665372198049567487e+01 1.199124062331281132e-02 9.995730134871138040e-01 -2.664584084285249663e-02 -9.267497587536606130e-01 -8.540469094773870395e-01 -3.621187717737159306e-03 -5.201834067508689374e-01 -1.367107374239884265e+01
-5.257907059691829810e-01 3.139570685625046181e-02 8.500343698849343044e-01 6.747357259295975496e+01 1.233056500994089699e-02 9.994949318739987376e-01 -2.928887674398233595e-02 -9.754888022838973383e-01 -8.505246043280990653e-01 -4.918414241532199048e-03 -5.259122738436796674e-01 -1.417235958081183256e+01
-5.303407138047094849e-01 3.182392275692266792e-02 8.471870821610161251e-01 6.830972581337358918e+01 1.136222264556892639e-02 9.994722688625651275e-01 -3.043162251189373071e-02 -1.021835156941838019e+00 -8.477084634335466662e-01 -6.513199292140857410e-03 -5.304224281849859723e-01 -1.470261835514977378e+01
-5.344742082975499908e-01 3.228817067683099895e-02 8.445678076580022120e-01 6.915213176366728476e+01 1.041966068201553505e-02 9.994457992630747523e-01 -3.161526506731750924e-02 -1.074710876277683580e+00 -8.451205612557295410e-01 -8.097432941985522464e-03 -5.345144352688221412e-01 -1.521165851746217434e+01
-5.377113653790663861e-01 3.127868229277300932e-02 8.425485853444741879e-01 6.997482884887737953e+01 1.018353133975905683e-02 9.994796647232890852e-01 -3.060548110178977488e-02 -1.135508675055600492e+00 -8.430674913022841999e-01 -7.876794259784380969e-03 -5.377501038143063239e-01 -1.571461753077668710e+01
-5.403864270763966138e-01 2.468111368302703182e-02 8.410548966553755834e-01 7.078854691394961662e+01 1.122276911175111927e-02 9.996922052298712336e-01 -2.212564657066380669e-02 -1.189481275519384873e+00 -8.413421245194473430e-01 -2.517433281584157377e-03 -5.404970905839312501e-01 -1.626418713180349229e+01
-5.417898203624651465e-01 1.638348024768608233e-02 8.403543057965794372e-01 7.163161532410289567e+01 1.217945431540477103e-02 9.998580655209190482e-01 -1.164086272661788747e-02 -1.220870992251582798e+00 -8.404257629448275146e-01 3.928156915090047496e-03 -5.419124647375358483e-01 -1.678210968553916160e+01
-5.444018848243409314e-01 1.389241339005891848e-02 8.387094704597043426e-01 7.241909501508879998e+01 1.306761070389313335e-02 9.998819689081056561e-01 -8.079961701770069227e-03 -1.245090744874459698e+00 -8.387227413604492199e-01 6.561183462938604063e-03 -5.445191703047076448e-01 -1.730640978656576934e+01
-5.445259715267991574e-01 1.939847707168633473e-02 8.385196196974702421e-01 7.321100772427728032e+01 1.345968298075384678e-02 9.998058761651238413e-01 -1.438912426692078549e-02 -1.271194247612760009e+00 -8.386359846732435175e-01 3.450957339937771231e-03 -5.446813645881962707e-01 -1.782440346874101778e+01
-5.465646312976971677e-01 2.397228805647612024e-02 8.370737246265659293e-01 7.401508067054648166e+01 1.254765121072957956e-02 9.997124010277115280e-01 -2.043701687304082248e-02 -1.340962637862855855e+00 -8.373229196354656789e-01 -6.668405432940186384e-04 -5.467082369584540524e-01 -1.835350119726518514e+01
-5.468120638941171840e-01 2.976812807287922483e-02 8.367260080717673354e-01 7.483702556808613338e+01 2.016700223364736866e-02 9.995460806503499995e-01 -2.238134586892730551e-02 -1.351653102182803545e+00 -8.370124672118295361e-01 4.635866305291311967e-03 -5.471641904010826618e-01 -1.889538426751805389e+01
-5.467315456564172393e-01 2.975957423426561776e-02 8.367789265850774649e-01 7.563764550865688818e+01 2.230168830526911214e-02 9.995312033779808480e-01 -2.097637087302113915e-02 -1.410446881825328180e+00 -8.370109098144438153e-01 7.193140113825860840e-03 -5.471389296815415415e-01 -1.939310323895247379e+01
-5.454912262265826373e-01 2.758705962990961463e-02 8.376623803636075172e-01 7.639661118888106728e+01 2.284389943624388214e-02 9.995762073978120554e-01 -1.804333186977060202e-02 -1.438699811701948938e+00 -8.378051622288895661e-01 9.292996955506343734e-03 -5.458902482755760843e-01 -1.990647205863146496e+01
-5.453992324817573678e-01 2.261912509706811084e-02 8.378711354412193835e-01 7.722169877805741578e+01 2.059415298380370962e-02 9.996956548699242884e-01 -1.358228490314143319e-02 -1.471468991630271894e+00 -8.379233673585695374e-01 9.847479594963794505e-03 -5.456990657831313207e-01 -2.043849118191319647e+01
-5.455449249191773875e-01 1.619959708727045783e-02 8.379249937562730510e-01 7.796592989437895937e+01 1.871965501249235261e-02 9.997992675235849447e-01 -7.141368536628937835e-03 -1.502321792338958018e+00 -8.378724968069346524e-01 1.178973048214887812e-02 -5.457386683828642227e-01 -2.090670445889854179e+01
-5.445791965030787329e-01 9.616387972817344587e-03 8.386542857495049574e-01 7.881789098936994264e+01 9.765650319047771560e-03 9.999391842475513492e-01 -5.124437887143068124e-03 -1.526980676264292791e+00 -8.386525754661445786e-01 5.399343207423122105e-03 -5.446399889705721975e-01 -2.145954360456701693e+01
-5.437580269240553932e-01 4.497009810905412859e-03 8.392299876828401839e-01 7.959073532357626846e+01 1.316911550784152047e-03 9.999889845111102904e-01 -4.505174662110568440e-03 -1.562017766243884553e+00 -8.392410174988919058e-01 -1.344532297270221522e-03 -5.437579605065796517e-01 -2.193510088591585117e+01
-5.416806454739305776e-01 5.286254400733604933e-03 8.405677372848484596e-01 8.039751210308409668e+01 4.538870142704060778e-03 9.999840414271270461e-01 -3.363858089822603301e-03 -1.585530940097213959e+00 -8.405721197887986440e-01 1.993091938843152312e-03 -5.416959958271119202e-01 -2.244045627056522818e+01
-5.381931208587610316e-01 8.836771511946924298e-03 8.427752151083557353e-01 8.118511276811189248e+01 1.025152587637576801e-02 9.999396969493760112e-01 -3.938104177182548578e-03 -1.605888084408193972e+00 -8.427592079159949012e-01 6.520272343576703246e-03 -5.382512577481587401e-01 -2.293618401588288336e+01
-5.334182344357373262e-01 1.106358179863065928e-02 8.457792686733088816e-01 8.199407981590442773e+01 1.050201798605536301e-02 9.999240077322518738e-01 -6.456497598247438845e-03 -1.633460791846942373e+00 -8.457864426266766822e-01 5.438376528445918075e-03 -5.334938898984616928e-01 -2.342413197934394375e+01
-5.250860313915195476e-01 1.333357308539888549e-02 8.509446881613944580e-01 8.276123231400671898e+01 1.621533902253533693e-02 9.998524973094148338e-01 -5.660951988230712544e-03 -1.653546959971225139e+00 -8.508946669889935199e-01 1.082587083243634514e-02 -5.252247893937368461e-01 -2.392492229375887547e+01
-5.170562657274008211e-01 1.654628452055157545e-02 8.557914613086305966e-01 8.352984516951067917e+01 2.311736524547198038e-02 9.997183791983219603e-01 -5.361872756125042952e-03 -1.692916718370126805e+00 -8.556391865322042767e-01 1.701125497644561529e-02 -5.172931596340796245e-01 -2.442738263537940213e+01
-5.078725485094069958e-01 1.598488805089904111e-02 8.612838930201621723e-01 8.436319678519349452e+01 2.217963551101663836e-02 9.997390051789567522e-01 -5.475879478105496502e-03 -1.709082948232804489e+00 -8.611466486286762922e-01 1.632191504701486703e-02 -5.080945366068410074e-01 -2.488353492309909853e+01
-4.967605098487982707e-01 1.330659161844723916e-02 8.677856399124341813e-01 8.519891807559169195e+01 1.800774811802095116e-02 9.998252308820697598e-01 -5.022814883044752349e-03 -1.740430177708044646e+00 -8.677008293625440016e-01 1.313173021345258318e-02 -4.969133144233190968e-01 -2.533912820517097941e+01
-4.846753438893568466e-01 1.121993654370354032e-02 8.746221528272029033e-01 8.599554397411914408e+01 2.036396031426362246e-02 9.997914456434372488e-01 -1.540877826880030334e-03 -1.752218396636730846e+00 -8.744570502732055273e-01 1.706394643374412740e-02 -4.848027463074414123e-01 -2.577358050650261845e+01
-4.727465603131655869e-01 9.523381567091680072e-03 8.811469689517249515e-01 8.679916536890291923e+01 1.941809992011763950e-02 9.998113756818370890e-01 -3.878400338707676002e-04 -1.779032681336428556e+00 -8.809844720219888181e-01 1.692685096439330156e-02 -4.728423160295053274e-01 -2.621629516345416988e+01
-4.613635639288614643e-01 7.713163328472577573e-03 8.871776342942286897e-01 8.764447744585821454e+01 1.811088688354830362e-02 9.998357210721336985e-01 7.256813868790077185e-04 -1.799663134609810644e+00 -8.870263077766764592e-01 1.640237785103060980e-02 -4.614274650931791122e-01 -2.663728752523869403e+01
-4.482577558268454054e-01 9.816612048967641307e-03 8.938504371972626483e-01 8.844447460354578538e+01 2.156163024301882905e-02 9.997675070826100852e-01 -1.668742142771286895e-04 -1.814128850624425082e+00 -8.936442769297724409e-01 1.919807110735661029e-02 -4.483652024898097110e-01 -2.703177221285807619e+01
