1.000000000000000000e+00 -3.306050084167601550e-19 -2.270457535318767223e-19 -8.673617379884035472e-19 7.546676715296109287e-19 1.000000000000000000e+00 6.237773588823049983e-19 1.387778780781445676e-17 -3.447385680526250622e-20 4.770700176052009879e-20 1.000000000000000222e+00 5.551115123125782702e-17
-8.067100933149320419e-01 2.018380658051999524e-02 -5.908508487051373770e-01 3.198450413372210810e-01 4.168880070950820331e-04 9.994360890463839242e-01 3.357778733483721134e-02 4.233133949964870690e-02 5.911954335348179601e-01 2.683679061766823526e-02 -8.062636053086307264e-01 -1.495770740307084568e+00
-9.082291151803023599e-01 -6.098102784943435981e-03 -4.195831833640432107e-01 7.002288848344256911e-01 -2.281240264869809770e-02 9.991337281241016166e-01 3.481898664009814431e-02 -1.186005292492980923e-02 4.190073915154955420e-01 4.116691651308628658e-02 -9.075818852635928469e-01 -5.001771039869541413e-01
-9.159564629780470035e-01 -1.420806175613093837e-02 -4.013316484431883602e-01 1.036772261159542907e+00 -2.993608124861030922e-02 9.990053155841810417e-01 3.302923032577383816e-02 -9.318395466237971991e-03 4.004637821157171484e-01 4.227883240535125486e-02 -9.154705130294129578e-01 7.208670069633680288e-01
-8.177129405867963330e-01 5.639701407211396116e-03 -5.761196110426525241e-01 1.525052637731696858e+00 -1.180003982469762618e-02 9.995785750902536071e-01 2.652862975113597088e-02 4.217250798928207089e-02 5.760264074325225359e-01 2.847615390085639353e-02 -8.173020501757595202e-01 1.986192352132656769e+00
-8.335050795201938145e-01 6.851837113376673012e-03 -5.514199589778232546e-01 2.174323391365159619e+00 -1.036458746580032862e-02 9.995516993124000660e-01 2.808717838869497982e-02 -2.062545205152906125e-02 5.513651377376621587e-01 2.913807921708927787e-02 -8.330601457550358413e-01 2.647915138091298637e+00
-8.679808611863799594e-01 2.318350206931731571e-03 -4.959050766417997802e-01 2.519203449638692138e+00 -1.336913029049082748e-02 9.995163690869837136e-01 2.808079678013523581e-02 -1.355749759169817825e-02 4.957303005136997620e-01 3.100087913658270550e-02 -8.675299064945064531e-01 2.982392846894740490e+00
-8.395685377714060538e-01 4.525001884789161058e-03 -5.430868566077871051e-01 2.450429260665732745e+00 -1.106855453126645572e-02 9.996143718799949118e-01 2.546061928115415929e-02 2.507811963509320313e-02 5.429928953355652732e-01 2.740056277818908939e-02 -8.391945081198193268e-01 2.879180107942204359e+00
-8.522815574955393547e-01 1.634093829426617756e-03 -5.220072792081255075e-01 2.130967530946122679e+00 -1.391156259943920372e-02 9.995687352892799193e-01 2.585742860274262145e-02 8.739206607900049106e-03 5.218244019175753978e-01 2.931444754592321678e-02 -8.518909690306181171e-01 2.353990456494494232e+00
-8.855200510111661538e-01 -3.337545478553238625e-03 -4.649911939612769718e-01 2.106059774959760489e+00 -1.785834660723165448e-02 9.994802542005516433e-01 2.684216813040143229e-02 1.784301884487272949e-02 4.646600635919475031e-01 3.206369145443167812e-02 -8.851194944567806200e-01 2.094256029232993477e+00
-8.753170531891731887e-01 -3.264035659186347200e-03 -4.838127218248692296e-01 1.966137474708221422e+00 -1.811518187262064344e-02 9.994972242998408918e-01 2.602454010230835849e-02 3.212085805577732239e-02 4.834845804101172151e-01 3.153953227651722091e-02 -8.749360772157093180e-01 1.902482000241234594e+00
-8.829469099631408469e-01 -1.695776605183687202e-03 -4.677739039287255873e-01 1.673830169438720317e+00 -1.582910948086730871e-02 9.995291183305667904e-01 2.628016375256097062e-02 2.542180663888733705e-02 4.675090481695742817e-01 3.062969760989900370e-02 -8.825575644694158006e-01 1.397963944319865259e+00
-9.022574360961831408e-01 -4.288594688934740918e-04 -4.331548016884751440e-01 1.690279226869376705e+00 -1.425271789777191045e-02 9.994867491742464027e-01 2.868912200187863359e-02 4.328544085031039990e-02 4.329204037338674205e-01 3.204513450854422352e-02 -9.018008820439753492e-01 1.127916860287886625e+00
-9.033831676254151510e-01 -9.137232403944944240e-04 -4.270016248524446945e-01 1.471437116987045712e+00 -1.477677057055886561e-02 9.994670656400919118e-01 2.910345372156450047e-02 4.541791523340900361e-02 4.267471588796052928e-01 3.262463868165436931e-02 -9.029148406454444720e-01 8.114794208405632370e-01
-9.087011045665066566e-01 -1.677493531454518150e-03 -4.176226987736221807e-01 1.184920432376967758e+00 -1.577721408775083559e-02 9.994165029554671342e-01 3.029575124596326288e-02 5.288407442264581038e-02 4.173281208221077399e-01 3.411820873443398294e-02 -9.081973930178668386e-01 3.043931977734359307e-01
-9.173376268482865692e-01 -1.864194598628222954e-03 -3.993310037487476372e-01 1.218045017535600349e+00 -1.513784767681411979e-02 9.994329001636874654e-01 3.008556698087777245e-02 5.712639385839531764e-02 3.990484675095432032e-01 3.362509437696541842e-02 -9.168459256286335401e-01 -6.717050354351217223e-04
-9.213650962403011624e-01 -1.546619110107596380e-03 -3.890609203126484950e-01 9.676180599239075919e-01 -1.418347869804653660e-02 9.994606906426184434e-01 2.962009444935037594e-02 7.139098589024422958e-02 3.888053817814001167e-01 3.280090003347489735e-02 -9.208901319465678803e-01 -4.408746050975270725e-01
-9.239493779457748079e-01 4.966103750328914105e-05 -3.820833975527636039e-01 7.296397971400073734e-01 -1.141521468729633088e-02 9.995502687322984636e-01 2.773156621751601478e-02 7.049291150100644998e-02 3.819129083568120198e-01 2.998402631488150324e-02 -9.235331102918339363e-01 -8.894771717094557273e-01
-9.289511987578015217e-01 -1.350257238197368837e-03 -3.721842403386979581e-01 7.066891641421749748e-01 -1.202309642443247402e-02 9.995800280327784559e-01 2.637184188943088661e-02 7.634041381640067903e-02 3.719924534746766320e-01 2.895441240560598165e-02 -9.285775497301468340e-01 -1.265324654671788451e+00
-9.308946211238593449e-01 -3.033811600486642588e-03 -3.671617708787709433e-01 4.188641011317342233e-01 -1.295320025429536580e-02 9.996133792953493247e-01 2.460454830112081270e-02 9.281699706056627253e-02 3.669454771388568903e-01 2.764409419412139357e-02 -9.305742054638178606e-01 -1.768991619275157801e+00
-9.323503410251188228e-01 -3.549830255125137075e-03 -3.590602203954612603e-01 2.483143004461845493e-01 -1.225360037323815904e-02 9.996838104920564572e-01 2.195275071688638363e-02 9.608880445821615934e-02 3.588686927329075571e-01 2.488549121001971259e-02 -9.320988155172001965e-01 -2.231595141697927165e+00
-9.365228436417147861e-01 -1.174441365107730968e-03 -3.515282685143693575e-01 1.317413130227746698e-01 -8.845583417516240943e-03 9.997562990040147479e-01 2.022234610758645579e-02 9.989136386615958541e-02 3.514189261299380251e-01 2.204940491934797436e-02 -9.363050066852370845e-01 -2.700244511190463825e+00
-9.383090586889474283e-01 3.388136537465418451e-03 -3.451619531591941237e-01 -9.929712295722609161e-02 -3.619873378259814544e-03 9.998004423614691438e-01 1.964525487747050686e-02 9.814519106516579605e-02 3.451596224174502403e-01 1.968419976679463765e-02 -9.381094709642392449e-01 -3.202116464499726423e+00
-9.407754400023049524e-01 2.623866995254631185e-03 -3.377712915415000405e-01 -2.923859027135461974e-01 -3.427926519008394832e-03 9.998444233167332884e-01 1.730272668639182276e-02 9.751410837749392713e-02 3.377641232949717964e-01 1.743748131979091717e-02 -9.406200702170469663e-01 -3.716712730501293915e+00
-9.455902764993732168e-01 -2.548718104797148987e-03 -3.282152048155196900e-01 -4.307899872438241129e-01 -7.532036116466178481e-03 9.998746322590528202e-01 1.393297060075880320e-02 1.063922921336914462e-01 3.281386330408486707e-01 1.563406139509640469e-02 -9.454909778833978651e-01 -4.240699866974330767e+00
-9.469587863649823190e-01 -7.019710776395010100e-03 -3.196705455062066048e-01 -5.982830338147180349e-01 -1.104239633514703632e-02 9.998815727415494292e-01 1.072649769185554484e-02 1.094673574582424869e-01 3.195573326472752052e-01 1.368957132736678753e-02 -9.469241510845139986e-01 -4.784388106275200059e+00
-9.498980709071429551e-01 -6.124890538415611596e-03 -3.110710638608789602e-01 -7.777193320467827853e-01 -9.540319178592899380e-03 9.999098760996343316e-01 9.445466360479463572e-03 1.088541038313158155e-01 3.109851411865650617e-01 1.194399253236601288e-02 -9.498708163657395565e-01 -5.337895943100012808e+00
-9.522053366817166964e-01 -4.653849258178587717e-03 -3.032493330533170828e-01 -9.505500540377730401e-01 -7.437054232622523041e-03 9.999403248370608566e-01 7.999922470754650128e-03 1.026218157637478062e-01 3.031939783001084132e-01 9.877184269501571023e-03 -9.521831993484289880e-01 -5.907104680960439502e+00
-9.545486019192723770e-01 -6.968292091438670934e-03 -2.957771213478791461e-01 -1.131047221763740174e+00 -8.970046935253222706e-03 9.999452654573923738e-01 5.390320903526596083e-03 1.002562803060257079e-01 2.957233456647882508e-01 7.800592910880170192e-03 -9.545588272725561430e-01 -6.486451595179603125e+00
-9.574223847625354944e-01 -8.643828344140375153e-03 -2.866378934596874317e-01 -1.289170373603466313e+00 -9.774964585215635202e-03 9.999491569680780678e-01 2.491141172387728760e-03 9.849173728061738631e-02 2.866017865540295140e-01 5.189145222075919328e-03 -9.574581291124334426e-01 -7.087094253070764793e+00
-9.591653143979936846e-01 -1.055232828047703367e-02 -2.808442852467343820e-01 -1.455396625874102456e+00 -1.050549050091788804e-02 9.999434242823006525e-01 -1.710514500210492386e-03 9.320662638815344070e-02 2.808464527622211437e-01 1.309022819000365970e-03 -9.592218492985220557e-01 -7.692472564272926583e+00
-9.615041764694746140e-01 -1.302465547340289284e-02 -2.740829221775981650e-01 -1.620432921229755685e+00 -1.118382329685718365e-02 9.999033098529527264e-01 -8.248672780837167789e-03 7.634327182661226896e-02 2.741639371886945842e-01 -4.879444939696202937e-03 -9.615569445483341804e-01 -8.310002819117173090e+00
-9.628150856037414052e-01 -1.710400196120528266e-02 -2.687835129906417375e-01 -1.790369269463695012e+00 -1.334205658510501970e-02 9.997856589167171126e-01 -1.584812558056909043e-02 6.766778214339008723e-02 2.689968242942836762e-01 -1.165673449458734350e-02 -9.628368195364255255e-01 -8.942184114062788680e+00
-9.642069398024727400e-01 -2.176241386419118864e-02 -2.656922098866495996e-01 -1.959546495458246884e+00 -1.586499263135397741e-02 9.995789205416770740e-01 -2.430867142110791634e-02 4.807810255664263926e-02 2.661089644629019424e-01 -1.919867683876826450e-02 -9.641460991626662480e-01 -9.595482967470907454e+00
-9.645388273944700552e-01 -2.796037283589800776e-02 -2.609898025026873847e-01 -2.125593626592851670e+00 -2.015880059575128960e-02 9.992667443636206182e-01 -3.254911050505266551e-02 2.952356094917858026e-02 2.617088591706975831e-01 -2.615059362515628413e-02 -9.643950321806374903e-01 -1.025192037637418174e+01
-9.659393938650815414e-01 -3.323728496382113290e-02 -2.567724217151045041e-01 -2.292190394241304663e+00 -2.408739756343006994e-02 9.989586339101516055e-01 -3.876556928660837564e-02 -2.760851909026265649e-03 2.577934416696216480e-01 -3.124297575614751882e-02 -9.657338811392779387e-01 -1.092637787405067051e+01
-9.667414238245877200e-01 -3.808167850379326480e-02 -2.502905126696760019e-01 -2.452104338327723454e+00 -2.777576140044601613e-02 9.986185449644343626e-01 -4.459903665326340333e-02 -3.224155082055722016e-02 2.516437121924484654e-01 -3.618978726619796749e-02 -9.664630500567776838e-01 -1.160658503287789678e+01
-9.686664550888388625e-01 -4.258832405132609994e-02 -2.449196173987209235e-01 -2.610749325315720792e+00 -3.118756803927466570e-02 9.982524420737792781e-01 -5.018674165139091342e-02 -7.513159461991561483e-02 2.466288068273812251e-01 -4.098303491808109184e-02 -9.683020409476480461e-01 -1.229833925508279435e+01
-9.684190524704605618e-01 -4.761769616082651979e-02 -2.416514744794995562e-01 -2.772401890202560004e+00 -3.517633891370629956e-02 9.978388467657577365e-01 -5.548393104331458825e-02 -1.177658061092814457e-01 2.437717548963553027e-01 -4.526746722178911359e-02 -9.680001880864960162e-01 -1.301191746813671557e+01
-9.707033315984899824e-01 -5.172090118927702429e-02 -2.330637506730107722e-01 -2.941722020073626265e+00 -3.916193798386239516e-02 9.975280756229517598e-01 -5.836436846396435285e-02 -1.606216401624897816e-01 2.355070941585254152e-01 -4.752375268089414906e-02 -9.703284814741077735e-01 -1.374287750501179417e+01
-9.718435970738248386e-01 -5.405786709213770969e-02 -2.298172011213804322e-01 -3.096359645640259117e+00 -4.132740284254008550e-02 9.973504907883302684e-01 -5.986518715182351236e-02 -2.084390074124783665e-01 2.324448093144432792e-01 -4.869070016596373229e-02 -9.715026417575660656e-01 -1.448287387364493028e+01
-9.732900654757730141e-01 -5.488395059489645927e-02 -2.231120366900871121e-01 -3.267583324642655995e+00 -4.286699366458968791e-02 9.973585212650860621e-01 -5.868061478113448248e-02 -2.620628308011861973e-01 2.257445202120430539e-01 -4.752585226910667482e-02 -9.730713773705815806e-01 -1.523745175648477179e+01
-9.746612443992817010e-01 -5.356083184893870031e-02 -2.187120952220038828e-01 -3.423624987994899893e+00 -4.201182810841160020e-02 9.974949380589200887e-01 -5.688246515879016169e-02 -3.122191253511528708e-01 2.212099617655635120e-01 -4.626537391907636909e-02 -9.744705444935315430e-01 -1.600313599756890781e+01
-9.748263789298976523e-01 -5.167243897263189972e-02 -2.111591978649015877e-01 -3.585244753192371459e+00 -4.106815132586917605e-02 9.976713912700055920e-01 -5.444190139167499887e-02 -3.607941836844428818e-01 2.134830302115556522e-01 -4.446298237757495553e-02 -9.746768299670610647e-01 -1.678207308682770105e+01
-9.777229356463958965e-01 -5.045672752278027029e-02 -2.048495389451686077e-01 -3.739664537432115132e+00 -4.074036962679531554e-02 9.978501373255105333e-01 -5.131752210096940381e-02 -4.115034001564082389e-01 2.069989429693146199e-01 -4.185534142771454857e-02 -9.776768332747263202e-01 -1.756517524375004413e+01
-9.802330425420943127e-01 -4.983418956341462147e-02 -1.929367564170779981e-01 -3.893621410140909678e+00 -4.184931206778337576e-02 9.981062418378591206e-01 -4.508147865894743950e-02 -4.525162034867923899e-01 1.948165995152273955e-01 -3.608691403685343468e-02 -9.804624632117805438e-01 -1.836369498907729536e+01
-9.813772155914692874e-01 -4.949226157535830534e-02 -1.870956182780051102e-01 -4.030201951206026756e+00 -4.274538056677418957e-02 9.982880733792497407e-01 -3.993577336032161362e-02 -4.965112072300170154e-01 1.887512045196303168e-01 -3.116828080404752954e-02 -9.818130203396605582e-01 -1.917810717381097163e+01
-9.823424940849938558e-01 -5.134475671434549776e-02 -1.759199027457498676e-01 -4.155346167563889637e+00 -4.579710627627751190e-02 9.983170318995303605e-01 -3.556508936230213386e-02 -5.355911653292458885e-01 1.774514185250309906e-01 -2.692546091330614427e-02 -9.830402893671181808e-01 -1.999640724004883907e+01
-9.840697337012834778e-01 -5.187818185938315729e-02 -1.680143658044660482e-01 -4.304392190713491217e+00 -4.693238944879483260e-02 9.983352481855045646e-01 -3.355721011864977454e-02 -5.738025829500232877e-01 1.694762398804625647e-01 -2.513714521466895585e-02 -9.848661194952074149e-01 -2.083390253039431528e+01
-9.862280250451388453e-01 -5.132763260916942821e-02 -1.587130934395153958e-01 -4.421566021875089625e+00 -4.673464906054552309e-02 9.983822047232546737e-01 -3.237166984297864397e-02 -6.152909700508110147e-01 1.601171689864267778e-01 -2.449414654395203061e-02 -9.870316563703156465e-01 -2.166033252787850927e+01
-9.878937337280855324e-01 -4.959498465130537936e-02 -1.498613102420202903e-01 -4.534128328012157816e+00 -4.541109911975228092e-02 9.984836397852964174e-01 -3.111718829538800274e-02 -6.434255709499834275e-01 1.511767913150411091e-01 -2.392091212284018845e-02 -9.886481250132045373e-01 -2.251346538296414579e+01
-9.899361803024119277e-01 -5.153950258604134138e-02 -1.402358782249837066e-01 -4.660864111060955217e+00 -4.805047565701702633e-02 9.984476022413091290e-01 -2.821198926362330356e-02 -6.725868714417646554e-01 1.414712266943155827e-01 -2.114914672925962205e-02 -9.908764341077814786e-01 -2.337376152177911592e+01
-9.898708125731284779e-01 -4.831527119311695290e-02 -1.330422559003451577e-01 -4.766920466305850645e+00 -4.528206050076384603e-02 9.986437059470356647e-01 -2.568375494960214653e-02 -7.073928110811660286e-01 1.341029833285235784e-01 -1.941109009242492078e-02 -9.907160238670712493e-01 -2.424894670252916029e+01
-9.913322478081922906e-01 -4.689921327147204139e-02 -1.250607074888279990e-01 -4.865357797816024288e+00 -4.461444923595729584e-02 9.987873642192285351e-01 -2.079228617483990654e-02 -7.400045056825104162e-01 1.258838168567623095e-01 -1.502689618685693410e-02 -9.922227918108165179e-01 -2.514547207778184301e+01
-9.915727706591377366e-01 -4.514831978941988982e-02 -1.156166977775082150e-01 -4.959510237659068288e+00 -4.367876697157896393e-02 9.989276682054232248e-01 -1.535090233983370418e-02 -7.602340303083104933e-01 1.161860063694889339e-01 -1.017634914557103906e-02 -9.924815717215481614e-01 -2.604464132926901598e+01
-9.926021449653047446e-01 -4.233884119688601649e-02 -1.094535662447949920e-01 -5.050439950506597775e+00 -4.148332847846667587e-02 9.990854473358354859e-01 -1.041424791353185407e-02 -7.862132378514075093e-01 1.097947660249782992e-01 -5.807631919191130060e-03 -9.934508063950364676e-01 -2.695349537001396456e+01
-9.940788644075292391e-01 -3.992516641298492902e-02 -1.012206163066688286e-01 -5.136816812770133467e+00 -3.926777606856872438e-02 9.991919165538591940e-01 -8.596717017297030375e-03 -8.026862167981932972e-01 1.014822137778777084e-01 -4.577004881575597213e-03 -9.948436486886882424e-01 -2.787571653829398244e+01
-9.955473150445917074e-01 -3.875124205722367543e-02 -9.307780860231068543e-02 -5.214006084593911794e+00 -3.828467643881866556e-02 9.992436814936099809e-01 -6.854850098632504947e-03 -8.190402020645233261e-01 9.327285694334595811e-02 -3.250983398535290531e-03 -9.962782107788521468e-01 -2.881440572242441434e+01
-9.950652160969267745e-01 -3.917185681871386549e-02 -8.856436346887495981e-02 -5.292169376788681490e+00 -3.887115876007721932e-02 9.992311329685121812e-01 -5.073395772658137633e-03 -8.243627369074014721e-01 8.869514359084781918e-02 -1.613935281046755899e-03 -9.958231143470188673e-01 -2.975955374618582283e+01
-9.961087984288502506e-01 -3.681067893588665929e-02 -8.231422841282394487e-02 -5.365096921920902595e+00 -3.661700522809027691e-02 9.993226852493076739e-01 -3.524045982031614836e-03 -8.407749710599453641e-01 8.238799756322333356e-02 -4.884383224197316482e-04 -9.967823072306137844e-01 -3.072237340996712618e+01
-9.955855309941749054e-01 -3.479655996003646473e-02 -7.672448840246985646e-02 -5.440271366594154223e+00 -3.467939115612791307e-02 9.993938700923894469e-01 -2.985017296397593067e-03 -8.517019517659693006e-01 7.678188859338302974e-02 -3.130724048151951595e-04 -9.961889581472869182e-01 -3.169581551361398297e+01
-9.959293040578086620e-01 -3.363006494241957411e-02 -7.479908531651441317e-02 -5.500555190449783360e+00 -3.348263130435481100e-02 9.994339395303157847e-01 -3.188311919708333893e-03 -8.626561779289134702e-01 7.486413407480782545e-02 -6.819797049786672236e-04 -9.964917317821689879e-01 -3.270568131650902188e+01
-9.982263522374105191e-01 -3.438154424490283412e-02 -6.945277418848433415e-02 -5.563071104702220104e+00 -3.420431576982432137e-02 9.994088463571410008e-01 -3.496813008613058275e-03 -8.742859791039649942e-01 6.953183227913679876e-02 -1.109630389980154411e-03 -9.988121366063027473e-01 -3.369098256840030814e+01
-9.978388024011666246e-01 -3.317441842540552049e-02 -7.150040083994546602e-02 -5.621079514693297696e+00 -3.307179295649321366e-02 9.994500401815139545e-01 -2.481536266073251003e-03 -8.828869806987320601e-01 7.154335040185884342e-02 -1.090589573224845212e-04 -9.983870437305121248e-01 -3.472268399013822915e+01
-9.965982075581926170e-01 -3.355143469991232058e-02 -7.033001028952373668e-02 -5.688722613869860112e+00 -3.363903946554532010e-02 9.994338541183070967e-01 1.305432500757410940e-04 -8.872440987070318030e-01 7.028577500117784427e-02 2.497644892227017781e-03 -9.971626552843270153e-01 -3.575022753160966715e+01
-9.968863134248604485e-01 -2.999494172475408379e-02 -6.775612684614573666e-02 -5.744819525525542758e+00 -3.017833554974000063e-02 9.995445410107806072e-01 1.049284406137860259e-03 -9.032583266128135779e-01 6.769371499277990201e-02 3.094237583694291801e-03 -9.973373209468210376e-01 -3.679004119063345968e+01
-9.968544495940659944e-01 -2.769423518057950728e-02 -6.778371310188101295e-02 -5.808818251041881098e+00 -2.783421560305073678e-02 9.996127961313435728e-01 6.302607766177499267e-04 -9.063779451605232795e-01 6.773996488504863134e-02 2.516506959774972556e-03 -9.972391948496555081e-01 -3.784673180988378505e+01
-9.983994271130108844e-01 -2.598419664457560577e-02 -6.738721870574307382e-02 -5.881291496583185285e+00 -2.606465262683637860e-02 9.996605074616055076e-01 1.935306053979571599e-04 -9.156802284706214712e-01 6.735926479763283681e-02 1.953186106042905778e-03 -9.987376581073837967e-01 -3.892037038460487963e+01
-9.974837061808891070e-01 -2.425347082003423763e-02 -6.397458128760896701e-02 -5.939187923437764915e+00 -2.447238318255879827e-02 9.996981563033450202e-01 2.302034884213855458e-03 -9.242193634039429506e-01 6.389932347536625423e-02 3.869026862540408257e-03 -9.977760498539014478e-01 -3.999665768946569955e+01
-9.968984366613480308e-01 -2.246415210319005484e-02 -5.925261740896987234e-02 -5.994595424249382631e+00 -2.288587806842375810e-02 9.997173214429004862e-01 6.428250200870682871e-03 -9.324314676897625942e-01 5.909136125902264558e-02 7.772964592557052299e-03 -9.971306347167026018e-01 -4.105984778766989507e+01
-9.990845123073930356e-01 -1.981851588348907539e-02 -5.359828110995761008e-02 -6.052160218227710331e+00 -2.040795763274129773e-02 9.997339877675995856e-01 1.074308940303073286e-02 -9.389747790973018704e-01 5.337126715460490528e-02 1.181960482277797861e-02 -9.992232555200208921e-01 -4.214188531538956539e+01
-9.985071111443042380e-01 -1.819740993657696648e-02 -4.873009092586051694e-02 -6.095027554873130526e+00 -1.883867643144487500e-02 9.997396456302113377e-01 1.287138106115686721e-02 -9.446861188757220695e-01 4.848319686152199187e-02 1.377184938026505649e-02 -9.985899029551452699e-01 -4.321995010369009549e+01
-9.988710483220012426e-01 -1.495936403244580749e-02 -3.748482644582013662e-02 -6.129649012403763919e+00 -1.537219653415795861e-02 9.998182983008513380e-01 1.126166281866693847e-02 -9.459131791930791566e-01 3.730962934368123318e-02 1.182887374793767203e-02 -9.989194999635914174e-01 -4.428432162725290766e+01
-9.989134612868461049e-01 -1.435902090999231599e-02 -2.702137858877750112e-02 -6.151945590781482842e+00 -1.459336160578020465e-02 9.998564641008236276e-01 8.600398087582381002e-03 -9.537969699311947824e-01 2.689397183202351174e-02 8.991763691533746772e-03 -9.989795662104316021e-01 -4.535466371913501860e+01
-1.000761900224278911e+00 -1.419022873302160093e-02 -1.446397958467056551e-02 -6.161381087722110905e+00 -1.431861984679983109e-02 9.998548723581440756e-01 9.235365865981053080e-03 -9.615299822437235466e-01 1.433091611908195867e-02 9.441284624167238168e-03 -1.000819659088363345e+00 -4.642657363945144766e+01
-9.991661902584484389e-01 -1.353309541349043306e-02 -5.679563757159686831e-03 -6.161314350914735449e+00 -1.362257400085836040e-02 9.997939343466327733e-01 1.504869708115609724e-02 -9.603063836398914033e-01 5.474619927978800586e-03 1.512420580614718887e-02 -9.991445421075936251e-01 -4.751429745766023416e+01
-1.000375551511033745e+00 -1.499653807666655528e-02 2.756170064512215075e-03 -6.135621853872658349e+00 -1.493803387981241897e-02 9.996959920940728939e-01 1.962183533345223177e-02 -9.547376285609997515e-01 -3.049516864829086762e-03 1.958049196246456486e-02 -1.000295274548341107e+00 -4.859919018330329976e+01
-9.990425094106522019e-01 -1.707128173550985853e-02 1.318578665295046942e-02 -6.114582809565730415e+00 -1.681012714574431008e-02 9.996788900918166521e-01 1.895149652658667874e-02 -9.513626803731140003e-01 -1.350511902032841723e-02 1.872685449265685392e-02 -9.990085182277038678e-01 -4.966488110223927777e+01
-9.995873579435505807e-01 -1.747941381716281925e-02 1.863888927426139708e-02 -6.086438124998067245e+00 -1.719365024910942882e-02 9.997339546040331371e-01 1.537347367775823703e-02 -9.515503237424973726e-01 -1.890265115910890609e-02 1.504705689928842460e-02 -9.996220161818144545e-01 -5.073590737302560427e+01
-1.000166544662133727e+00 -1.895139233498848233e-02 2.279599960860427196e-02 -6.048229900492780864e+00 -1.875477750962201845e-02 9.997887319330263090e-01 8.405539782565885423e-03 -9.596440051731752741e-01 -2.295042695243194528e-02 7.978006105684049346e-03 -1.000310740127337894e+00 -5.181198606972883169e+01
-9.997239592201501157e-01 -1.924834471066023955e-02 3.021665750749856147e-02 -6.005151180877911443e+00 -1.903064576878462505e-02 9.997893070453847120e-01 7.710739565103702856e-03 -9.609472844497729538e-01 -3.035870199863517638e-02 7.129611052268877702e-03 -9.998796197521145901e-01 -5.288135360166319288e+01
-9.999696265597249889e-01 -1.911366902989951322e-02 3.187462248888248834e-02 -5.958980750406177584e+00 -1.875451882164879541e-02 9.997562798524207706e-01 1.165554536168537242e-02 -9.653074990379604259e-01 -3.208958425842551448e-02 1.104947987344065408e-02 -1.000084497702638409e+00 -5.396168576987620469e+01
-9.979417302312361127e-01 -1.684247405632047223e-02 3.866752458436920753e-02 -5.915610875394223811e+00 -1.617986027945241337e-02 9.997211534120044041e-01 1.718808463391138797e-02 -9.615814272001491636e-01 -3.894632882771367072e-02 1.654607953012272176e-02 -9.979358176624273380e-01 -5.505050011183662662e+01
-9.987335856666190725e-01 -1.757098253025994941e-02 4.540688347829339305e-02 -5.860649269243878301e+00 -1.663864751310484280e-02 9.996417121597884758e-01 2.096502439378098229e-02 -9.577146192224703647e-01 -4.575908402348563553e-02 2.018544112100794513e-02 -9.986683031517999964e-01 -5.613818867130545698e+01
-9.990084449617357976e-01 -1.905924363409241401e-02 4.734140061989385723e-02 -5.799254050890811918e+00 -1.805417469861045690e-02 9.996112150691959242e-01 2.124658204482588950e-02 -9.496191002944409654e-01 -4.772768446118866997e-02 2.036088852309476255e-02 -9.989642384225847493e-01 -5.722115154670267856e+01
-9.984635851669309003e-01 -1.852869786378748274e-02 5.481771046530289210e-02 -5.731729236013389794e+00 -1.745650826034872774e-02 9.996481984063565474e-01 1.997151406306231849e-02 -9.436871318875743597e-01 -5.516842722347373162e-02 1.897881166192617527e-02 -9.984357662316742932e-01 -5.829812310699429645e+01
-9.978891094786959126e-01 -1.763380684838092988e-02 6.253118764911606842e-02 -5.659473082976136382e+00 -1.650863845384043307e-02 9.996983943284968310e-01 1.816749580284490739e-02 -9.418092821477496157e-01 -6.283252616813804481e-02 1.709717146609111491e-02 -9.978793718058251994e-01 -5.938490546895503996e+01
-9.970697740497069805e-01 -1.662776338043445157e-02 6.853662768240496861e-02 -5.573981817946948247e+00 -1.544206154013127129e-02 9.997177991307455436e-01 1.805340968792051165e-02 -9.386395537027041325e-01 -6.881769251687715194e-02 1.694902931857548284e-02 -9.970451288675069579e-01 -6.046923213205289471e+01
-9.964632012422771634e-01 -1.517761680300476132e-02 7.616837189348669990e-02 -5.482762571501285542e+00 -1.372756108245817494e-02 9.997164938256780653e-01 1.944719067674469462e-02 -9.346763272717871773e-01 -7.644196347171555717e-02 1.834392581855798579e-02 -9.963889236678430406e-01 -6.156668533310390501e+01
-9.956272962089387502e-01 -1.445382715311842835e-02 8.175043637631287941e-02 -5.380289250783764743e+00 -1.280995119175677190e-02 9.997065686041366472e-01 2.054422910221169810e-02 -9.264243116568112724e-01 -8.202349297174621467e-02 1.942690819934771163e-02 -9.955202838240311269e-01 -6.265975739150560031e+01
-9.964822268537798511e-01 -1.416140877361128994e-02 9.114829453283089522e-02 -5.277497821540568346e+00 -1.236225186643891832e-02 9.997154157360633731e-01 2.040550622435325506e-02 -9.246092067918944002e-01 -9.141135070025971365e-02 1.919199700925394020e-02 -9.963739459661762332e-01 -6.374599181421770311e+01
-9.945425523761797226e-01 -1.407783629346932679e-02 1.003548404055321225e-01 -5.159803074262441669e+00 -1.213783071112417393e-02 9.997235101704441407e-01 2.014038031406092250e-02 -9.150954283569565639e-01 -1.006108920392936035e-01 1.881655959217386556e-02 -9.944385318756854275e-01 -6.483891671910079424e+01
-9.938470315870471250e-01 -1.328559259625290527e-02 1.081644287404246174e-01 -5.023245526142399164e+00 -1.122059303364152973e-02 9.997400600225760936e-01 1.984789637258603176e-02 -9.110918142166061218e-01 -1.084002195246693140e-01 1.851742574064337704e-02 -9.937376744125493433e-01 -6.595433670324253228e+01
-9.933085257197665774e-01 -1.187991419173842732e-02 1.173183986183248956e-01 -4.892708594489267426e+00 -9.627284594002270823e-03 9.997613870804182845e-01 1.960517590186071357e-02 -9.056284527302665976e-01 -1.175230964394838040e-01 1.833549792924834762e-02 -9.931859999219003754e-01 -6.703904464544874031e+01
-9.923608557038299249e-01 -1.029676146956321620e-02 1.242738280887671631e-01 -4.738143655586154246e+00 -8.099868856624061267e-03 9.998012076230540224e-01 1.822412335620933813e-02 -8.947341952821012967e-01 -1.244368036450771015e-01 1.707123446392872293e-02 -9.922468895473981476e-01 -6.814668021297531197e+01
-9.904853762281026208e-01 -9.668517111993629384e-03 1.355940969040896893e-01 -4.578698461804775910e+00 -7.222600937447876297e-03 9.998001732766632621e-01 1.864658705183189907e-02 -8.884360466255123434e-01 -1.357474564953267127e-01 1.749208138779082336e-02 -9.903571821498791117e-01 -6.924818541504669156e+01
-9.896784744644919751e-01 -7.670161911777928325e-03 1.436868122000057868e-01 -4.410320214368049108e+00 -4.854618676200481674e-03 9.997868043053745879e-01 2.007806813892849818e-02 -8.815383709863110484e-01 -1.438104016230416227e-01 1.916962104563486174e-02 -9.895044942581494585e-01 -7.036406962869736503e+01
-9.875654711219630233e-01 -6.523975849456494294e-03 1.523211048314499771e-01 -4.224495766317963863e+00 -3.285367394130843822e-03 9.997622014023243020e-01 2.155253689346114249e-02 -8.740998842620412157e-01 -1.524256337720366339e-01 2.080235499141840430e-02 -9.873518454079249773e-01 -7.146996826598700636e+01
-9.868759136833276102e-01 -5.834384647611728751e-03 1.620787756137590796e-01 -4.033825788472974239e+00 -2.364138203697150296e-03 9.997647310366981621e-01 2.156058685061066141e-02 -8.681580427118407162e-01 -1.621663849489483888e-01 2.089561116304754218e-02 -9.866573496295242274e-01 -7.257756906133792540e+01
-9.859839109621921782e-01 -4.430690064485761498e-03 1.699380462873736897e-01 -3.825527862400796675e+00 -1.035702718069524304e-03 9.997980631635313697e-01 2.006975727550453989e-02 -8.625492682718373105e-01 -1.699926694427786045e-01 1.960356678111824583e-02 -9.857894787394251290e-01 -7.369530161678270019e+01
-9.851149153901452848e-01 -5.356252031216236775e-03 1.783328128981253313e-01 -3.613413962924345579e+00 -1.806169283949578524e-03 9.997962907501978247e-01 2.010972326100438079e-02 -8.537781930407517539e-01 -1.784042288636947526e-01 1.946225388958302410e-02 -9.849241736884524201e-01 -7.481427185973667804e+01
-9.814592564587247825e-01 -5.078849297638395564e-03 1.866557563595277469e-01 -3.389286941899718464e+00 -1.096970205656535267e-03 9.997692900547784367e-01 2.144630875851136209e-02 -8.461829224734900290e-01 -1.867217090215235742e-01 2.086276166129949483e-02 -9.812380903129729326e-01 -7.592399578287745499e+01
-9.803993903761338835e-01 -4.646198776191184064e-03 1.922326419007450438e-01 -3.159996193503343154e+00 -5.102791361011324101e-04 9.997675927172745558e-01 2.154544644110019738e-02 -8.314595402394830970e-01 -1.922881047429806922e-01 2.104872804594920196e-02 -9.801736780529632931e-01 -7.705658427605270333e+01
-9.794582821851552934e-01 -5.000104845505079151e-03 1.999568511557654749e-01 -2.920460213097874735e+00 -7.548320730472996400e-04 9.997739569794834580e-01 2.124376792493072597e-02 -8.250984807448303870e-01 -2.000178317708065368e-01 2.066480195048341073e-02 -9.792405047541978824e-01 -7.819406512054429470e+01
-9.783649500405964261e-01 -4.879464674882585604e-03 2.061344935467722128e-01 -2.665562180510792079e+00 -8.687713362900823227e-04 9.998087170870694207e-01 1.953979022188245471e-02 -8.196572642404831299e-01 -2.061904532148813585e-01 1.893740945501230788e-02 -9.781820006127573963e-01 -7.931887314095300212e+01
-9.772514179365496823e-01 -4.154351877215412860e-03 2.120894018747840060e-01 -2.421372546322417385e+00 -5.754879799816365986e-04 9.998572131785571360e-01 1.688671469065385761e-02 -8.090023694617701766e-01 -2.121291963275445946e-01 1.637970935338625700e-02 -9.771142190472442701e-01 -8.045458638199519896e+01
-9.749353420881808896e-01 -4.531914838183903962e-03 2.207910182860252368e-01 -2.151392022902956835e+00 -9.024081474509351936e-04 9.998628518311738489e-01 1.653817305374093508e-02 -8.054023818600202222e-01 -2.208357349922919766e-01 1.593260630301071221e-02 -9.748056063234984414e-01 -8.158217936269895176e+01
-9.736986149162857318e-01 -3.340567760224393001e-03 2.252180211978965785e-01 -1.871332745392224384e+00 7.291910457707316247e-04 9.998382048401948108e-01 1.797361155228763968e-02 -7.994751078253359289e-01 -2.252416269526128223e-01 1.767607195178298035e-02 -9.735385505142716278e-01 -8.272638643325126395e+01
-9.725592177752909739e-01 -2.242228037082504358e-03 2.310981211971477600e-01 -1.584784453272625626e+00 2.344145482192516554e-03 9.998053670825404193e-01 1.958971026320762560e-02 -7.886870146122948455e-01 -2.310971262038109264e-01 1.960005451334311671e-02 -9.723645169792159981e-01 -8.386544890640122674e+01
-9.714904590908461923e-01 -1.064807286052290658e-03 2.388192758835080698e-01 -1.295219970141901156e+00 3.767077645696909755e-03 9.997977880580434240e-01 1.975271323542958368e-02 -7.860360269688777546e-01 -2.387919722827482605e-01 2.008357785773737594e-02 -9.712903006354407509e-01 -8.501349362398561027e+01
-9.689161936108711126e-01 -5.282899557994682549e-04 2.436320571113350653e-01 -9.959912787506642884e-01 4.594742435277247156e-03 9.997803530675680728e-01 2.044039256347910880e-02 -7.785963707808439827e-01 -2.435893629159278928e-01 2.094512423131829337e-02 -9.687009853043229146e-01 -8.617082886693731325e+01
-9.677216752520976240e-01 1.653124096652246709e-03 2.495095501541313709e-01 -6.947837596668569038e-01 7.125581743564313175e-03 9.997530301249500928e-01 2.104145823037674098e-02 -7.760891542290973000e-01 -2.494132321710453570e-01 2.215685526349582546e-02 -9.674944257422983807e-01 -8.730739347115297733e+01
-9.678657872252042216e-01 2.555360127217372063e-03 2.548618820610839553e-01 -3.753171987918316188e-01 8.265625758847249330e-03 9.997379874809471101e-01 2.135058343834595959e-02 -7.651704694320682343e-01 -2.547406585337436691e-01 2.274800954359688931e-02 -9.676336519769345168e-01 -8.846267206414657380e+01
-9.652183538198291224e-01 6.184990296741194570e-03 2.597582275867221790e-01 -5.748484700255485080e-02 1.212105225704061991e-02 9.997006763149522968e-01 2.124592954973819614e-02 -7.551481075494744788e-01 -2.595491000935334358e-01 2.366479160049018982e-02 -9.650045259405578557e-01 -8.962799437619409559e+01
-9.639410688232594726e-01 1.031899605443589718e-02 2.652645083654606717e-01 2.622838606325025856e-01 1.571411451288391020e-02 9.997102616455797452e-01 1.822815847473462786e-02 -7.449474114214625908e-01 -2.649995784968107171e-01 2.174319529610264576e-02 -9.638240023926328837e-01 -9.078508990620657926e+01
-9.626461342303355151e-01 1.549494507326183539e-02 2.713350297637211472e-01 5.949628543390181878e-01 2.069468177989717411e-02 9.996527358636134730e-01 1.631233231914688830e-02 -7.421264710308623780e-01 -2.709881287054534127e-01 2.131714472726099069e-02 -9.626326411382827297e-01 -9.194869334015017159e+01
-9.599627449494861908e-01 2.004092985858305087e-02 2.763302788665560894e-01 9.347430740151223549e-01 2.564474618271310458e-02 9.995320817787238799e-01 1.666502583973954871e-02 -7.323738828629291486e-01 -2.758668601134074416e-01 2.309624767715224777e-02 -9.600274748182816564e-01 -9.311367871779123107e+01
-9.560645380293524287e-01 2.607019453049055566e-02 2.892885138892928865e-01 1.283466143403697801e+00 3.223672550862359543e-02 9.993433944341542086e-01 1.653238088075779932e-02 -7.289607510293072412e-01 -2.886673022354629414e-01 2.514590533193890656e-02 -9.562771750769820667e-01 -9.427417778322003983e+01
-9.534796338873141597e-01 2.888200569819485836e-02 2.985439060863592786e-01 1.655206261607701679e+00 3.584057092488764779e-02 9.991969894113629236e-01 1.789039283721579471e-02 -7.332253044236218820e-01 -2.977874207493061420e-01 2.776966614449911594e-02 -9.537490575656748515e-01 -9.544882699163125039e+01
-9.495866181063153943e-01 2.849020619002925331e-02 3.103352843585720500e-01 2.032088477232335322e+00 3.678457092255651290e-02 9.991043582832040970e-01 2.090537179626532349e-02 -7.169532140960271915e-01 -3.094616851868930985e-01 3.127237429553492154e-02 -9.497840298878873488e-01 -9.660534956660293915e+01
-9.469908428895134067e-01 2.787005498845176663e-02 3.205404644516348101e-01 2.448921344716769255e+00 3.671022113090085387e-02 9.990945611398417414e-01 2.152567156709391319e-02 -7.053253323992509927e-01 -3.196504695956153275e-01 3.213246644186509848e-02 -9.471566281014026645e-01 -9.776562927750046583e+01
-9.429693324200258964e-01 2.818314272739955162e-02 3.308235026161338577e-01 2.859019998202556145e+00 3.666811905970467772e-02 9.991383125752841821e-01 1.943938949611244763e-02 -6.982194813958175761e-01 -3.299906596525399860e-01 3.046016495537236593e-02 -9.431899853089144026e-01 -9.894216426665192898e+01
-9.388864797231515347e-01 3.077101807668202599e-02 3.422560960406818009e-01 3.292347100241370228e+00 3.917894382270122045e-02 9.990759985101362872e-01 1.767002233223776558e-02 -6.891448861617277544e-01 -3.413962760524059115e-01 2.999400627760681615e-02 -9.392245744243444827e-01 -1.000945136899443213e+02
-9.361638001502238238e-01 3.118158380774022423e-02 3.518283511306873890e-01 3.738154271500517378e+00 3.937170797854003257e-02 9.990950138628821309e-01 1.612415949010281846e-02 -6.840353024177411312e-01 -3.510073664756813705e-01 2.893224846306625964e-02 -9.365444520473142909e-01 -1.012440330404791240e+02
-9.293065756031685387e-01 3.485792996645245556e-02 3.646988183200269296e-01 4.196921259753552569e+00 4.433072473919724005e-02 9.988612548692662463e-01 1.761160198737266730e-02 -6.819079857366228126e-01 -3.636692271484247563e-01 3.254892160455789829e-02 -9.297931717549590136e-01 -1.024106675879038022e+02
-9.251679436378986709e-01 3.611260838175354287e-02 3.761468351971906099e-01 4.674430268694137247e+00 4.656939759160328568e-02 9.987402396519914349e-01 1.868615086421497595e-02 -6.772347226569227496e-01 -3.749976976157861075e-01 3.481795677777557718e-02 -9.256840528156980996e-01 -1.035651618090442980e+02
-9.209949013231792936e-01 3.629449265435161914e-02 3.865190622462118530e-01 5.165880936651802813e+00 4.704521502825926432e-02 9.987227247646193184e-01 1.839721186097034375e-02 -6.622326252551136161e-01 -3.853573291867939399e-01 3.514935366668029554e-02 -9.215256263665498881e-01 -1.047252958430876504e+02
-9.167813083540797825e-01 3.625924666307416694e-02 3.972499269289994084e-01 5.673078278123708351e+00 4.697799716243721002e-02 9.987444704332372192e-01 1.733885955442176011e-02 -6.581795489260380272e-01 -3.961224266803925476e-01 3.457918548725286839e-02 -9.173335238841197059e-01 -1.058750286778958838e+02
-9.125917234566122138e-01 3.537629849008364080e-02 4.076499706198514206e-01 6.205055573414241188e+00 4.611240110771429312e-02 9.988003797694373631e-01 1.650426698756175814e-02 -6.482613578017540901e-01 -4.065771370412543662e-01 3.384902856840648483e-02 -9.131282715815324247e-01 -1.070263925018829383e+02
-9.083105220467662111e-01 3.567492091091939432e-02 4.178002412048060221e-01 6.744791898324239199e+00 4.613351158939595770e-02 9.988231233507247619e-01 1.497168035208471838e-02 -6.464289029260057440e-01 -4.167745359876318667e-01 3.287420596582017740e-02 -9.088873543023106016e-01 -1.081809715370762035e+02
