1 0 0 0 0 1 0 0 0 0 1 0
0.99988095 0.00081947345 0.015408358 0.0061906642 -0.00080827927 0.9999994 -0.00073271747 -0.0041550313 -0.015408951 0.00072017601 0.99988102 0.097606706
0.99935441 0.0031426424 0.035789607 0.025194794 -0.0031132901 0.99999477 -0.00087584267 0.00019771421 -0.035792176 0.00076385385 0.99935896 0.23544537
0.99799138 0.005262835 0.063130947 0.067541007 -0.0053264433 0.99998546 0.00083929745 8.31052e-05 -0.063125618 -0.001173875 0.9980049 0.3996585
0.99532535 0.0045741869 0.096470278 0.10334618 -0.0048928959 0.99998333 0.0030673947 0.0006062003 -0.096454647 -0.0035250747 0.99533114 0.56413187
0.99108248 0.0015512675 0.13324076 0.17522944 -0.0022562786 0.99998424 0.0051404312 0.00037924435 -0.1332307 -0.0053952196 0.99107037 0.75894704
0.98488953 -0.0017450434 0.17317498 0.24965858 0.00073870418 0.99998247 0.0058753919 -0.0081938824 -0.17318221 -0.0056586868 0.98487355 0.97620718
0.97633971 -0.0020789959 0.21623238 0.33584428 0.00062810126 0.99997683 0.0067783904 -0.0065037201 -0.21624148 -0.0064821958 0.97631839 1.1686469
0.96447993 -0.0019208451 0.26414914 0.44248742 -0.00065824375 0.99995298 0.0096749042 0.0032547366 -0.26415533 -0.0095051254 0.96443332 1.3700126
0.95043631 -0.0057744546 0.31086568 0.56715761 0.00058214207 0.99985882 0.016792945 0.0097783658 -0.31091879 -0.015779657 0.95030549 1.6052453
0.93300381 -0.015431911 0.35953546 0.71711103 0.0069910204 0.99966884 0.024765713 0.00049941777 -0.35979861 -0.020592985 0.93280271 1.8176259
0.91214195 -0.021229727 0.40932425 0.87280847 0.0098181309 0.99950286 0.029960706 -0.0046226827 -0.40975685 -0.023309618 0.91189692 2.032442
0.88722908 -0.023093426 0.46075074 1.0292117 0.008398818 0.99938934 0.033917793 -0.001567164 -0.46125269 -0.026223091 0.88688123 2.2855565
0.85884262 -0.025184281 0.51162006 1.2236262 0.0064820998 0.99924503 0.038306091 0.016503561 -0.51219856 -0.029582531 0.85835746 2.4964152
0.82712904 -0.030406289 0.5611889 1.4446303 0.0076234191 0.99905053 0.042894411 0.021701022 -0.56196037 -0.031201035 0.8265755 2.7312971
0.7910605 -0.036005606 0.61067737 1.6862412 0.0096710762 0.99887769 0.046366202 0.024576871 -0.6116615 -0.030772564 0.7905209 2.9457554
0.75315821 -0.040729298 0.65657733 1.9497547 0.011059642 0.9987244 0.049267134 0.034182331 -0.65774648 -0.029844436 0.75264794 3.1494707
0.71356899 -0.0439763 0.69920336 2.2236264 0.012330677 0.99866172 0.050226673 0.043474867 -0.70047647 -0.027218546 0.7131563 3.3707003
0.67198657 -0.045759341 0.73914822 2.5399452 0.011319629 0.99860725 0.051530897 0.062477663 -0.74047685 -0.026261187 0.67156863 3.5703599
0.62948587 -0.046272565 0.77563286 2.8709441 0.0070410592 0.99852392 0.053855397 0.080882532 -0.77698006 -0.028439935 0.62888251 3.8018038
0.58773516 -0.046889693 0.80769344 3.2237733 0.0042414342 0.99848398 0.054879444 0.098399519 -0.80904231 -0.0288288 0.58704302 3.9848369
0.54760124 -0.048071923 0.83535736 3.5686383 0.0021232498 0.99842492 0.056064043 0.11967441 -0.83673678 -0.028927067 0.54684079 4.2247676
0.50877187 -0.050749961 0.85940419 4.0052151 0.0012591643 0.99830375 0.058206894 0.1342351 -0.86090049 -0.028531899 0.50797277 4.4112638
0.47172013 -0.050431874 0.88030488 4.4097913 -0.0016724961 0.99831004 0.058088506 0.15588293 -0.88174678 -0.028873824 0.47083859 4.6118804
0.43486966 -0.049884507 0.89911059 4.8704258 -0.002934386 0.99838061 0.056811476 0.18070788 -0.90048867 -0.027343924 0.43401905 4.795731
0.40105234 -0.048407561 0.9147752 5.4012203 -0.0018517624 0.99855793 0.05365297 0.19917405 -0.91605331 -0.023211595 0.40038435 4.9840826
0.37146302 -0.046925395 0.92726111 5.8893199 0.00043706932 0.99873068 0.050367125 0.2235356 -0.92844769 -0.018304247 0.37101202 5.1725612
0.34620569 -0.044931631 0.93708201 6.4299395 0.0011040552 0.99887127 0.047486436 0.24230929 -0.93815802 -0.015405483 0.34586452 5.3452769
0.32595033 -0.044456593 0.944341 7.0088042 0.0024179142 0.99892966 0.046191883 0.27121676 -0.94538384 -0.012772924 0.32570895 5.5187094
0.31101952 -0.045098784 0.94933286 7.5898012 0.0038833976 0.99892547 0.046182443 0.29653961 -0.95039563 -0.010677004 0.31086045 5.7092001
0.29777243 -0.046234185 0.9535166 8.2183556 0.0043580063 0.99888195 0.047072908 0.31506724 -0.95462698 -0.0098615821 0.29764099 5.9187018
0.28659514 -0.048324922 0.9568322 8.8504705 0.0034209728 0.9987723 0.049418445 0.34235942 -0.95804572 -0.010889789 0.28640861 6.1012113
0.27633446 -0.049970505 0.9597615 9.5300458 0.001901756 0.99867382 0.051448942 0.3733363 -0.96105969 -0.012391883 0.27606302 6.2884139
0.26613331 -0.051713507 0.96254802 10.209995 0.0010262655 0.99857453 0.053365304 0.40390325 -0.96393573 -0.013214454 0.26580701 6.4900473
0.2561399 -0.053572551 0.96515401 10.917947 0.00012653234 0.9984649 0.055387949 0.42759787 -0.96663975 -0.01406494 0.25575348 6.6768073
0.24543595 -0.055157563 0.96784232 11.65865 -0.00023515635 0.99837658 0.056957351 0.46006497 -0.96941282 -0.014206975 0.24502454 6.8546403
0.23454715 -0.056714485 0.97044888 12.409482 -0.00080788197 0.99828494 0.058536522 0.49473161 -0.97210445 -0.014513582 0.23409907 7.0314696
0.22542721 -0.05955652 0.97243792 13.181755 -0.001700368 0.99810424 0.061522615 0.52896097 -0.97425857 -0.015522373 0.22489859 7.2314081
0.2139867 -0.063032292 0.97480077 13.964984 -0.003570106 0.99785883 0.065306969 0.56806221 -0.97683009 -0.017454964 0.21330348 7.3795045
0.20085944 -0.066560875 0.97735615 14.758563 -0.0040520509 0.99762404 0.068773927 0.60580698 -0.97961173 -0.017774189 0.2001125 7.561486
0.18655085 -0.069020604 0.98001778 15.530335 -0.0052014446 0.99744577 0.071238139 0.64565784 -0.98243158 -0.018387043 0.18571535 7.7289928
0.1754291 -0.070030965 0.98199807 16.312682 -0.0056340561 0.99737901 0.072134348 0.67986295 -0.98447599 -0.018187096 0.17457475 7.8380478
0.15887698 -0.069054426 0.98488045 17.123105 -0.0068823844 0.9974493 0.071045923 0.72181463 -0.98727444 -0.018065887 0.15799647 7.9724928
0.14264972 -0.068183047 0.98742192 17.926453 -0.007636192 0.99751893 0.069983437 0.76540174 -0.98974382 -0.01752326 0.14177513 8.1083477
0.12227885 -0.066719463 0.99025063 18.764867 -0.009864444 0.99760693 0.068433191 0.80099243 -0.9924468 -0.018136203 0.12132808 8.1909835
0.097534773 -0.065199921 0.99309408 19.590615 -0.014860333 0.99764511 0.066958189 0.84077346 -0.99512121 -0.02128846 0.096336196 8.2818013
0.066864762 -0.064729972 0.99566011 20.405686 -0.018945918 0.9976311 0.066130445 0.88172683 -0.9975822 -0.023285491 0.065479996 8.3410444
0.032876305 -0.064271495 0.99739072 21.289945 -0.022078078 0.99764 0.065015302 0.92283533 -0.99921559 -0.024157933 0.031379724 8.3630748
-0.00065153844 -0.063720485 0.99796753 22.084905 -0.023683666 0.99768884 0.063687228 0.95313511 -0.99971933 -0.023594035 -0.0021591689 8.3706111
-0.033226487 -0.062931073 0.99746458 22.931011 -0.023921597 0.99777985 0.062154112 0.98718157 -0.99916157 -0.021795782 -0.034658132 8.3176794
-0.068259129 -0.060849541 0.99581019 23.763441 -0.025806152 0.99791199 0.059209055 1.0180597 -0.99733385 -0.02165647 -0.069686897 8.2728482
-0.10104642 -0.057446756 0.99322173 24.631016 -0.028428818 0.99809058 0.05483613 1.0520029 -0.99447549 -0.022695124 -0.10248663 8.1835912
-0.13380959 -0.053181741 0.98957901 25.482121 -0.025954836 0.99840457 0.050146463 1.0736297 -0.99066716 -0.018974283 -0.13497643 8.0391825
-0.16455865 -0.047517929 0.98522201 26.289985 -0.021255971 0.99877781 0.044621414 1.0970397 -0.98613829 -0.01359901 -0.16536757 7.897199
-0.19601319 -0.041399909 0.9797269 27.111131 -0.015404245 0.9991151 0.039137273 1.1121337 -0.9804803 -0.0074205306 -0.19647747 7.6994619
-0.22404367 -0.035475381 0.97393319 27.933735 -0.0095129662 0.99936927 0.034213523 1.1234951 -0.97453272 -0.0015996692 -0.22423984 7.5127976
-0.2514305 -0.028902567 0.96744368 28.747242 -0.00090337838 0.99956061 0.029627287 1.138233 -0.96787498 0.0065752368 -0.25134613 7.2911388
-0.28015717 -0.01862448 0.95977342 29.573989 0.0046750444 0.99977345 0.020765326 1.1379958 -0.9599428 0.010304539 -0.28000663 7.0331044
-0.30500988 -0.0035811436 0.95234241 30.325116 0.0095746169 0.99993086 0.0068265881 1.1278147 -0.9523011 0.011200492 -0.3049545 6.7485671
-0.32920429 0.013548977 0.94416147 31.122263 0.010213144 0.99988965 -0.010787636 1.1045075 -0.94420353 0.0060915224 -0.32930634 6.4870706
-0.35338647 0.028135081 0.93505419 31.876269 0.0095729404 0.99960405 -0.02645942 1.0786664 -0.93542848 -0.00039918228 -0.35351589 6.2018694
-0.37824842 0.038963187 0.92488374 32.624572 0.013260472 0.99923935 -0.036672497 1.0403065 -0.92560918 -0.0016069185 -0.37847738 5.885839
-0.40300861 0.044027906 0.91413649 33.410186 0.016992006 0.99902995 -0.040625521 0.99531893 -0.91503847 -0.00083942156 -0.4033658 5.5621089
-0.42592367 0.042882998 0.90374222 34.119741 0.0190637 0.99907973 -0.038422296 0.94399914 -0.90455827 0.00086370638 -0.42634921 5.1929689
-0.44564141 0.039566421 0.89433672 34.863861 0.023340947 0.99919671 -0.032574917 0.90793764 -0.89490726 0.0063579346 -0.44620695 4.8278325
-0.46317056 0.038304732 0.88544097 35.596579 0.030310916 0.99916574 -0.02736902 0.86691303 -0.88575072 0.014162003 -0.46394521 4.3927892
-0.47679518 0.039512504 0.87812587 36.323124 0.03432374 0.9990642 -0.026317563 0.82006832 -0.87834407 0.017592478 -0.47770522 4.0025173
-0.48783003 0.042588877 0.87189907 37.020703 0.036865908 0.99892318 -0.028166929 0.77148596 -0.87215986 0.018402679 -0.48887481 3.5982689
-0.49820753 0.045493672 0.86586345 37.693303 0.039033262 0.99878691 -0.03001838 0.73680794 -0.86617881 0.018842093 -0.49937893 3.2100485
-0.50781368 0.044391693 0.86032237 38.379644 0.032206746 0.99895157 -0.032534461 0.67878673 -0.86086471 0.011186741 -0.50871099 2.799317
-0.52002302 0.043362857 0.85305079 39.087177 0.030895932 0.99901189 -0.031948171 0.65130325 -0.85359332 0.0097420155 -0.52084892 2.3952496
-0.52808384 0.044873466 0.84800576 39.748121 0.033038545 0.99893248 -0.032285677 0.60892741 -0.84854933 0.010967333 -0.52900265 1.9641597
-0.5349952 0.048156214 0.84348151 40.428269 0.036765184 0.99875547 -0.033702084 0.56587912 -0.84405481 0.012980301 -0.53609985 1.5265519
-0.53947381 0.051157739 0.8404468 41.119979 0.037881695 0.99861651 -0.036469625 0.52806773 -0.84114983 0.012163142 -0.5406654 1.0917531
-0.53870708 0.05266322 0.84084553 41.817122 0.036621259 0.99856482 -0.039079125 0.47844536 -0.84169687 0.0097406216 -0.53986253 0.63634199
-0.53569102 0.053653194 0.84270778 42.533531 0.039297574 0.99848209 -0.038590358 0.43934084 -0.8434992 0.012443864 -0.53698633 0.17608639
-0.53010298 0.052527378 0.8463047 43.291696 0.037597338 0.99855386 -0.038427004 0.39096086 -0.84709936 0.011448536 -0.53131127 -0.28084831
-0.52290168 0.051287577 0.85084861 44.045854 0.035604438 0.99863123 -0.038314402 0.35136486 -0.85164912 0.010259323 -0.52401201 -0.73323954
-0.51520418 0.050599613 0.85557248 44.846848 0.033749217 0.99867922 -0.038740194 0.30188774 -0.85640277 0.0089157927 -0.51623141 -1.2182895
-0.50869734 0.049098986 0.85954421 45.647337 0.030743138 0.99877172 -0.038857484 0.25525245 -0.86039638 0.0066583889 -0.50958198 -1.6788476
-0.50475631 0.047144975 0.86197352 46.451684 0.026806523 0.99888209 -0.03893566 0.20710083 -0.86284561 0.0034534935 -0.50545583 -2.117044
-0.50336977 0.044190129 0.86294035 47.299193 0.021923563 0.99902306 -0.03837032 0.15913898 -0.86379297 -0.00039573105 -0.50384681 -2.5938127
-0.50406169 0.041523942 0.86266883 48.131982 0.018752439 0.99913428 -0.037135463 0.10112676 -0.86346408 -0.0025414187 -0.50440399 -3.0750303
-0.50508447 0.04039393 0.86212409 48.99353 0.017237835 0.99917704 -0.036716436 0.054041446 -0.86289779 -0.0036837487 -0.50536512 -3.5569338
-0.5054329 0.039727835 0.86195082 49.850128 0.017421493 0.99920574 -0.035838336 0.0025455332 -0.86269006 -0.0030974034 -0.50572357 -4.0674216
-0.50551794 0.039227669 0.86192386 50.723352 0.017164108 0.99922547 -0.035409763 -0.041863677 -0.86264539 -0.0031061153 -0.50579971 -4.5638213
-0.50533804 0.03843342 0.86206512 51.615356 0.017566345 0.99925882 -0.034252621 -0.089028099 -0.86274269 -0.0021658179 -0.50563863 -5.0819083
-0.50579399 0.038114953 0.86181183 52.507086 0.017160918 0.99927031 -0.034122588 -0.14956919 -0.86248363 -0.0024695171 -0.50607901 -5.5913072
-0.50598907 0.036606673 0.8617627 53.402169 0.015317981 0.9993228 -0.033456021 -0.2048703 -0.8624039 -0.0037279159 -0.50620715 -6.1222979
-0.50613301 0.035895903 0.86170807 54.29248 0.014954722 0.99934854 -0.03284574 -0.25459155 -0.86232581 -0.0037377077 -0.5063401 -6.6303687
-0.50567677 0.034842287 0.86201911 55.16717 0.013547911 0.99938163 -0.032446933 -0.31103762 -0.86261667 -0.0047291013 -0.50583612 -7.1433969
-0.50400834 0.03404792 0.86302739 56.061763 0.013492223 0.99941114 -0.031549029 -0.36183165 -0.86359343 -0.0042568148 -0.50417093 -7.6558699
-0.50240449 0.031888444 0.86404444 56.946251 0.013757601 0.99948798 -0.028887675 -0.4224252 -0.86452329 -0.0026261185 -0.50258596 -8.1690013
-0.49985921 0.030579227 0.86556665 57.833443 0.014420751 0.99953184 -0.026984133 -0.46843451 -0.86598665 -0.0010061453 -0.50006617 -8.6792157
-0.49755823 0.030139693 0.86690676 58.732074 0.014469527 0.99954551 -0.026446398 -0.5172574 -0.86730992 -0.00061489156 -0.49776821 -9.1820708
-0.49548959 0.030355931 0.86808325 59.617204 0.015285457 0.99953912 -0.026228077 -0.56728349 -0.86847941 0.00027331093 -0.49572523 -9.6861576
-0.49390533 0.031082221 0.86895993 60.510564 0.01532426 0.99951683 -0.027042062 -0.616098 -0.86938067 -4.0050346e-05 -0.49414301 -10.189201
-0.49487393 0.03250088 0.86835674 61.399816 0.01439603 0.9994698 -0.029203927 -0.67058401 -0.86884556 -0.0019513723 -0.49507944 -10.680108
-0.49734749 0.034154349 0.86687882 62.27312 0.012909581 0.99940548 -0.031969283 -0.72291635 -0.86745541 -0.0047087994 -0.49749272 -11.184574
-0.5016893 0.035076748 0.8643364 63.152359 0.012035207 0.99936387 -0.03357084 -0.7778675 -0.8649642 -0.0064396634 -0.50179232 -11.670953
-0.50788321 0.033474858 0.86077524 64.011694 0.011635765 0.9994201 -0.032001193 -0.82986797 -0.86134738 -0.0062370898 -0.50797819 -12.186779
-0.51302724 0.030957154 0.85781387 64.864455 0.014713115 0.99951977 -0.027271718 -0.88975707 -0.85824625 -0.0013700195 -0.51323635 -12.699603
-0.51818549 0.029393634 0.85476298 65.723477 0.012803627 0.99956386 -0.026611073 -0.92987977 -0.85517245 -0.0028454052 -0.51833584 -13.208029
-0.52341535 0.031656827 0.85148938 66.572956 0.013563773 0.99949254 -0.028821587 -0.9848175 -0.85196975 -0.0035362518 -0.52357912 -13.717497
-0.52759475 0.033910819 0.84881905 67.400058 0.013717538 0.99941274 -0.031400806 -1.035678 -0.84938547 -0.0049231924 -0.52775009 -14.251136
-0.53296942 0.033950233 0.84545309 68.251821 0.012172628 0.99939895 -0.032458557 -1.0941018 -0.84604698 -0.0070080312 -0.53306234 -14.757735
-0.53667759 0.034903694 0.84306514 69.07234 0.011687578 0.99935573 -0.033934203 -1.1425984 -0.84370648 -0.0083583362 -0.53673977 -15.272147
-0.53978112 0.034087721 0.84111492 69.88656 0.011461216 0.99938478 -0.033146719 -1.2019269 -0.84172742 -0.0082517721 -0.53983972 -15.805361
-0.5423748 0.027263667 0.83969411 70.718252 0.013284664 0.99962667 -0.023875623 -1.2473149 -0.84003164 -0.0017944812 -0.54253451 -16.330205
-0.54443057 0.019316412 0.83858343 71.543078 0.013945995 0.99980507 -0.013975974 -1.2869675 -0.83869001 0.004085934 -0.54459383 -16.86141
-0.5470505 0.016345514 0.83693997 72.370712 0.013993078 0.9998482 -0.010380806 -1.3281779 -0.83698268 0.0060325422 -0.54719619 -17.376767
-0.54768668 0.021988639 0.83639449 73.168482 0.014536893 0.99975379 -0.016764292 -1.3578496 -0.83655725 0.0029769989 -0.54787148 -17.89347
-0.54943491 0.027130832 0.83509589 73.963499 0.014646469 0.99963184 -0.022839965 -1.4073532 -0.83540818 -0.00031786754 -0.54963 -18.417981
-0.54941678 0.032699248 0.83490832 74.75617 0.02144254 0.99945663 -0.025033393 -1.4399702 -0.83527329 0.0041487898 -0.5498194 -18.947478
-0.54903415 0.033653928 0.83512206 75.545333 0.024712926 0.9994058 -0.024027254 -1.4858846 -0.83543452 0.0074465273 -0.5495396 -19.474534
-0.54860325 0.03052673 0.8355253 76.341218 0.024236369 0.99949391 -0.020603959 -1.5285438 -0.83573149 0.0089467012 -0.54906547 -20.006882
-0.54842906 0.025300871 0.8358142 77.139609 0.022028355 0.9996324 -0.015805642 -1.5637941 -0.83590692 0.0097433393 -0.54878479 -20.51201
-0.54749226 0.019364197 0.83658664 77.934837 0.020247151 0.99974608 -0.0098903344 -1.5923655 -0.8365658 0.011523615 -0.54774531 -21.029986
-0.54751238 0.012730069 0.83670071 78.741968 0.011570174 0.99990386 -0.0076419564 -1.6298681 -0.83671763 0.005496708 -0.54760703 -21.533386
-0.54628092 0.0075706583 0.83756778 79.543038 0.003046199 0.9999705 -0.0070517915 -1.6520919 -0.83759652 -0.0013008602 -0.54628786 -22.033635
-0.54339801 0.008106515 0.83943602 80.340383 0.0060193913 0.99996529 -0.0057601857 -1.6777165 -0.83945365 0.0019228212 -0.54342795 -22.554273
-0.54111057 0.011369195 0.84087456 81.129599 0.011190655 0.99991742 -0.0063182704 -1.7098006 -0.84087703 0.0059910556 -0.54119311 -23.058028
-0.53432059 0.014668397 0.84515459 81.913066 0.012338966 0.99987824 -0.0095528639 -1.7342678 -0.84519188 0.0053240427 -0.53443652 -23.556063
-0.52733437 0.017195238 0.8494838 82.694697 0.018040098 0.9997964 -0.0090391047 -1.7584878 -0.84946635 0.010558141 -0.52753721 -24.040775
-0.51995811 0.01959563 0.85396693 83.491173 0.025343825 0.9996506 -0.0075073819 -1.7955641 -0.85381574 0.017739265 -0.52027307 -24.531209
-0.50894691 0.019482689 0.86057736 84.305771 0.023999746 0.99967635 -0.0084382723 -1.8220714 -0.86046331 0.016359006 -0.50924978 -25.005675
-0.49890938 0.016680035 0.86649359 85.120709 0.01990702 0.99977154 -0.0077835832 -1.8473148 -0.86642553 0.013366004 -0.49912745 -25.458613
-0.48731058 0.013719862 0.87312089 85.923199 0.021526578 0.99976145 -0.0036953176 -1.8703034 -0.87296338 0.016994538 -0.48748968 -25.899654
-0.47570289 0.012286088 0.87952018 86.753166 0.020841875 0.99977916 -0.0026933254 -1.8982155 -0.87935911 0.017049628 -0.4758539 -26.339133
-0.46457224 0.011466912 0.88546094 87.582336 0.020261362 0.99979203 -0.0023170534 -1.9185236 -0.88530344 0.016864207 -0.46470797 -26.7635
-0.45172908 0.013244525 0.89205681 88.401645 0.023893441 0.99971075 -0.0027434705 -1.9417527 -0.89183519 0.020075003 -0.45191488 -27.173298
-0.44006609 0.016039653 0.89782209 89.227534 0.022878316 0.99971616 -0.0066462263 -1.9726554 -0.89767393 0.01761588 -0.44030815 -27.570317
-0.42925361 0.026341897 0.90279974 90.052898 0.026103876 0.99951886 -0.016752374 -1.9951069 -0.90280673 0.016375556 -0.42973471 -27.951347
-0.41633948 0.030908833 0.90868367 90.879274 0.025783772 0.99942142 -0.022181698 -2.0280551 -0.90884361 0.014194178 -0.41689554 -28.333253
-0.4052598 0.027627953 0.91378396 91.722145 0.023643697 0.99952565 -0.019734432 -2.0560787 -0.9138958 0.01360766 -0.4057208 -28.695178
-0.39296068 0.023511232 0.91925462 92.571111 0.023773309 0.9995987 -0.015403589 -2.1031793 -0.91924796 0.015800721 -0.39336192 -29.044369
-0.38278668 0.024353779 0.92351566 93.408529 0.021537541 0.99961603 -0.017433535 -2.1354816 -0.92358571 0.013216933 -0.38316422 -29.371458
-0.37710646 0.028888905 0.92571922 94.246962 0.017180873 0.99955963 -0.024194338 -2.1778328 -0.92601059 0.0067808243 -0.37743673 -29.711419
-0.37078339 0.034057322 0.92809466 95.097113 0.010145225 0.99941629 -0.032621413 -2.2120268 -0.928664 -0.0026797481 -0.37091248 -30.041159
-0.36761071 0.035051839 0.92931892 95.93977 0.0049814925 0.99934933 -0.035722699 -2.2630688 -0.92996646 -0.0085026511 -0.36754613 -30.353544
-0.36423953 0.035473509 0.93062942 96.765594 0.0051917352 0.99933612 -0.036060457 -2.3115227 -0.93129087 -0.0083030618 -0.36418189 -30.673192
-0.35941022 0.034851772 0.93252859 97.627837 0.0036384296 0.99934709 -0.035946701 -2.3652797 -0.93317261 -0.0095266713 -0.35930236 -30.998658
-0.35401202 0.031221597 0.93471955 98.450124 0.0020595895 0.99946622 -0.03260423 -2.4097842 -0.93523865 -0.0096171499 -0.35388736 -31.305911
-0.34837412 0.027829225 0.93694233 99.325239 0.0031279724 0.99958813 -0.028526896 -2.457198 -0.93735039 -0.007007302 -0.34831769 -31.625282
-0.34286963 0.024650788 0.93905947 100.17457 0.0010171623 0.99966479 -0.025870321 -2.4987785 -0.93938249 -0.0079149707 -0.34277977 -31.919534
-0.33744408 0.023131566 0.94106129 101.00858 -0.0046799177 0.99964446 -0.026249672 -2.5490857 -0.94133398 -0.013261885 -0.33721585 -32.216133
-0.33088781 0.022319232 0.94340608 101.87463 -0.016987201 0.9994174 -0.029602401 -2.5866207 -0.94351723 -0.025820902 -0.33031589 -32.488293
-0.32410865 0.026131757 0.94565884 102.72196 -0.014061122 0.99937492 -0.032435325 -2.6342985 -0.9459154 -0.023809593 -0.32353862 -32.769553
-0.31726301 0.029948958 0.94786453 103.5785 -0.012413933 0.99928442 -0.035728742 -2.6851669 -0.94825638 -0.023102135 -0.3166642 -33.046569
-0.3106168 0.028321765 0.95011315 104.42049 -0.013398826 0.99932624 -0.034169174 -2.7262253 -0.95044082 -0.023343919 -0.31002804 -33.316259
-0.30346567 0.023267512 0.9525582 105.28315 -0.013903699 0.99948725 -0.02884325 -2.768988 -0.95274097 -0.021997018 -0.30298656 -33.582068
-0.29678232 0.020693244 0.95472088 106.1325 -0.013683314 0.9995704 -0.025918903 -2.8114847 -0.95484716 -0.020756017 -0.29637167 -33.831172
-0.29021771 0.023290827 0.95667713 106.98176 -0.017113237 0.9994176 -0.029522839 -2.859076 -0.95680766 -0.024939893 -0.28965011 -34.078659
-0.28358831 0.02623018 0.95858728 107.85614 -0.017139354 0.99932751 -0.032415472 -2.9063419 -0.95879299 -0.025622215 -0.28294803 -34.330195
-0.27656417 0.027247698 0.96060905 108.70212 -0.018368234 0.99926546 -0.033632493 -2.9459453 -0.96081993 -0.026946234 -0.27586053 -34.567764
-0.26972365 0.026116616 0.9625835 109.58324 -0.018906907 0.99929579 -0.032410552 -2.9958937 -0.96275218 -0.026941369 -0.26903993 -34.804457
-0.26225266 0.02591673 0.96465112 110.43079 -0.016370006 0.99937597 -0.031300055 -3.0428584 -0.96486043 -0.023999867 -0.26166475 -35.026224
-0.25411693 0.027196241 0.96679102 111.28981 -0.011569974 0.99944757 -0.031156001 -3.0878089 -0.96710434 -0.019103014 -0.25366189 -35.245728
-0.24734164 0.028090818 0.96852101 112.17654 -0.010090375 0.99945077 -0.031564786 -3.1350265 -0.96887583 -0.017580025 -0.24692235 -35.471694
-0.24082637 0.027146959 0.97018845 113.02117 -0.016000807 0.99936186 -0.031935085 -3.1735635 -0.97043635 -0.023214608 -0.24023831 -35.665234
-0.23502395 0.02473238 0.97167483 113.88612 -0.021165055 0.99930898 -0.03055506 -3.2195386 -0.97175916 -0.027746722 -0.23433808 -35.855144
-0.23024039 0.024859362 0.97281617 114.77274 -0.018988578 0.99936856 -0.030031985 -3.2637307 -0.97294855 -0.025386972 -0.22962297 -36.06697
-0.22563552 0.025002791 0.97389085 115.62618 -0.017264305 0.999411 -0.029657844 -3.311855 -0.97405885 -0.023505411 -0.22507096 -36.259221
-0.22095462 0.026952729 0.97491155 116.51842 -0.015305977 0.99939912 -0.031098676 -3.3509114 -0.97516402 -0.02179337 -0.22040932 -36.454969
-0.21534714 0.025538092 0.97620353 117.36412 -0.010916777 0.99953256 -0.028556596 -3.3934207 -0.97647658 -0.016806577 -0.21496769 -36.636434
-0.20970058 0.024641849 0.97745505 118.23529 -0.0034294436 0.99965769 -0.025937325 -3.4366039 -0.97775968 -0.0087911982 -0.20954429 -36.830313
-0.20466141 0.02360684 0.97854808 119.12431 -0.00082913668 0.9997046 -0.024290638 -3.4807674 -0.97883252 -0.0057827055 -0.20458138 -37.027561
-0.20117841 0.025105412 0.9792328 119.9834 -0.0025704185 0.99965454 -0.026157059 -3.5186111 -0.97955129 -0.007779273 -0.20104438 -37.182741
-0.19720611 0.027161167 0.97998568 120.85134 -0.0044540811 0.999581 -0.028600578 -3.5598043 -0.98035197 -0.010005144 -0.1970025 -37.349042
-0.1955841 0.026236683 0.98033587 121.74318 -0.007663306 0.99957066 -0.028280347 -3.6042251 -0.98065703 -0.013043799 -0.19529907 -37.517152
-0.19478263 0.02482475 0.98053219 122.59338 -0.0086022674 0.99959798 -0.027016288 -3.6472562 -0.98080875 -0.013697103 -0.19449077 -37.674043
-0.19353808 0.020791123 0.9808724 123.48139 -0.0078168248 0.99971102 -0.02273279 -3.6832866 -0.98106166 -0.012066968 -0.19331963 -37.849971
-0.19253184 0.015598982 0.98116669 124.32867 -0.0070600079 0.99982575 -0.017280997 -3.721292 -0.98126537 -0.010254186 -0.19238817 -38.010226
-0.19177893 0.013271324 0.98134837 125.19071 -0.0058943357 0.99987496 -0.014673762 -3.7550936 -0.98142049 -0.0085985143 -0.19167672 -38.171285
-0.19077336 0.017850242 0.98147176 126.06322 -0.0075641485 0.99977824 -0.019653464 -3.7939305 -0.98160501 -0.011173355 -0.19059603 -38.33534
-0.19031124 0.021786321 0.981482 126.90381 -0.0077540149 0.99968919 -0.023693989 -3.8290383 -0.98169323 -0.012119658 -0.19008315 -38.49043
-0.19048243 0.021090968 0.98146397 127.75878 -0.0098008853 0.9996785 -0.023384539 -3.8616791 -0.98164172 -0.014073559 -0.19021449 -38.648627
-0.18994818 0.020762449 0.98157451 128.62332 -0.0090644374 0.99969667 -0.022899865 -3.8991676 -0.98175231 -0.013247208 -0.18970236 -38.809485
-0.18900054 0.020925701 0.98175396 129.45754 -0.0044486705 0.99974442 -0.022165587 -3.9378068 -0.98196695 -0.0085568071 -0.18885915 -38.974713
-0.18858171 0.023213497 0.98178307 130.31434 -0.007737723 0.99965444 -0.025122319 -3.9822198 -0.98202706 -0.012334375 -0.18833693 -39.130385
-0.18875547 0.024527766 0.98171772 131.13464 -0.017183229 0.99945249 -0.028274689 -4.0130796 -0.98187382 -0.022206082 -0.18823066 -39.264244
-0.1881836 0.025935589 0.98179132 131.98051 -0.02076327 0.99932279 -0.030378482 -4.0512643 -0.98191441 -0.02610193 -0.18751765 -39.413074
-0.18848716 0.028974959 0.98164808 132.81036 -0.021914822 0.99919168 -0.03370067 -4.105316 -0.98183115 -0.027864786 -0.18769982 -39.567521
-0.18765518 0.029955402 0.98177804 133.64141 -0.019269801 0.99923021 -0.034171083 -4.1514105 -0.98204597 -0.025331048 -0.18693349 -39.718418
-0.18642052 0.031113983 0.9819772 134.46345 -0.020542315 0.99915646 -0.0355581 -4.1993014 -0.98225531 -0.026800844 -0.18562411 -39.863709
-0.18396003 0.030598339 0.98245731 135.29051 -0.013609623 0.99934025 -0.033672482 -4.2354159 -0.98283954 -0.019565264 -0.18342223 -40.025485
-0.18104286 0.027601223 0.98308777 136.11001 -0.0071961275 0.99954216 -0.029388416 -4.2874546 -0.98344892 -0.012394987 -0.18076135 -40.175835
-0.17854964 0.023036981 0.98366114 136.91576 -0.00070565841 0.99972262 -0.023541221 -4.3211163 -0.98393069 -0.0048974045 -0.17848385 -40.330458
-0.17480104 0.022916021 0.98433702 137.74341 0.0025000283 0.99973622 -0.022830562 -4.3563863 -0.98460064 -0.0015299348 -0.17481223 -40.474165
-0.17001759 0.02676365 0.98507748 138.53539 -0.0014343223 0.99962335 -0.0274064 -4.409377 -0.98544003 -0.0060724878 -0.16991516 -40.604509
-0.16338702 0.030720296 0.9860836 139.35422 0.0031205746 0.99952616 -0.030622025 -4.4440393 -0.98655716 -0.0019260932 -0.16340547 -40.734057
-0.15591652 0.030699806 0.98729301 140.12648 -0.0024614858 0.99950172 -0.031468159 -4.484548 -0.98776721 -0.0073366128 -0.15576326 -40.844981
-0.14570654 0.027614838 0.98894234 140.93721 0.0073271745 0.99961307 -0.026833247 -4.512344 -0.98930076 0.0033363744 -0.1458525 -40.964183
-0.13348484 0.025985454 0.99071008 141.71607 0.014528838 0.99960008 -0.024261064 -4.5547541 -0.99094439 0.011155383 -0.133809 -41.067756
-0.12042473 0.028147372 0.9923233 142.52217 0.013671256 0.99955018 -0.026693268 -4.5980181 -0.99262836 0.010351777 -0.12075537 -41.161557
-0.10613054 0.029238472 0.9939222 143.30133 0.01141255 0.99953757 -0.028185033 -4.6339174 -0.99428675 0.0083518953 -0.10641515 -41.239555
-0.092046805 0.029334447 0.99532246 144.11837 0.015036961 0.99949295 -0.028066751 -4.6711269 -0.99564118 0.012383171 -0.092441234 -41.310371
-0.078482761 0.030679871 0.99644323 144.8782 0.01606672 0.99943545 -0.029506536 -4.7140032 -0.99678604 0.013693821 -0.07893138 -41.365603
-0.064970058 0.036602291 0.99721566 145.67368 0.013138617 0.99927182 -0.03582176 -4.7630181 -0.99780076 0.010774694 -0.065403654 -41.403613
-0.052172913 0.045854605 0.99758471 146.42675 0.0072816266 0.99893616 -0.0455359 -4.8075225 -0.99861156 0.0048882997 -0.052451308 -41.416812
-0.038670094 0.054293321 0.99777591 147.18844 -0.001204999 0.99851956 -0.054380486 -4.8554148 -0.99925135 -0.0033052167 -0.038547423 -41.433389
-0.025197439 0.055427326 0.99814469 147.97367 -0.0018173105 0.99845756 -0.055490574 -4.9058256 -0.99968088 -0.0032121583 -0.025057846 -41.443738
-0.013363447 0.051455113 0.99858585 148.73085 -0.00087409974 0.99867409 -0.051471355 -4.9576746 -0.99991037 -0.0015606976 -0.013300753 -41.436535
-0.0019191094 0.048633501 0.99881481 149.51157 -0.0016544239 0.99881517 -0.048636696 -5.0131851 -0.99999683 -0.0017458014 -0.0018363766 -41.435302
0.0065453703 0.054642658 0.99848448 150.23625 -0.0069001195 0.99848461 -0.054597431 -5.0758192 -0.99995481 -0.0065323011 0.0069124908 -41.408502
0.013225376 0.063389354 0.99790119 150.99198 -0.014477093 0.99789605 -0.063197157 -5.1269835 -0.99980778 -0.013610902 0.014115242 -41.38287
0.016823144 0.066602667 0.9976377 151.75501 -0.019215203 0.99761621 -0.066277205 -5.1824012 -0.99967387 -0.01805482 0.018062823 -41.364456
0.016353339 0.062395284 0.99791749 152.50585 -0.021467533 0.99784284 -0.062038816 -5.23841 -0.99963583 -0.020408284 0.017657534 -41.340029
0.015267603 0.056762123 0.99827094 153.2609 -0.015540375 0.99828023 -0.056524974 -5.3115244 -0.99976271 -0.014650504 0.01612345 -41.325993
0.012234972 0.05452334 0.99843749 154.01129 -0.015362365 0.99840467 -0.054333293 -5.3613199 -0.99980718 -0.014673594 0.013053059 -41.307862
0.0089766318 0.054577961 0.99846912 154.75536 -0.014640217 0.99840954 -0.054443081 -5.4135726 -0.99985257 -0.014129088 0.0097613865 -41.297586
0.0058875634 0.054762713 0.998482 155.4995 -0.015774306 0.99838019 -0.054664114 -5.470639 -0.99985829 -0.015428522 0.006741869 -41.296279
0.001175842 0.053023409 0.99859254 156.24138 -0.013726855 0.99850004 -0.053002332 -5.5280598 -0.99990513 -0.013645212 0.0019019214 -41.289514
-0.0043763317 0.05321184 0.99857361 156.99382 -0.015864085 0.99845386 -0.053274982 -5.5784261 -0.99986462 -0.016074606 -0.0035254096 -41.285865
-0.010158412 0.051458696 0.99862341 157.72348 -0.016261328 0.99853442 -0.051619526 -5.6281838 -0.99981621 -0.016763314 -0.0093067385 -41.28869
-0.015682596 0.048940382 0.99867853 158.48185 -0.01435432 0.99868746 -0.049166228 -5.6813156 -0.99977402 -0.015106404 -0.014959507 -41.299798
-0.021673738 0.048678702 0.99857927 159.19566 -0.016254321 0.99866476 -0.049035661 -5.7328831 -0.999633 -0.017294014 -0.02085356 -41.305285
-0.026783759 0.049963821 0.99839179 159.91631 -0.016056161 0.99859979 -0.050404965 -5.7793994 -0.99951234 -0.017380373 -0.025944031 -41.322732
-0.031146481 0.052313868 0.99814481 160.63569 -0.017955046 0.99843894 -0.052889557 -5.8347375 -0.99935359 -0.019569059 -0.030158563 -41.338795
-0.033794396 0.054194784 0.99795831 161.35308 -0.018246404 0.99832882 -0.05483279 -5.8903078 -0.99926227 -0.020062191 -0.032749061 -41.359501
-0.03560798 0.055908034 0.99780072 162.06533 -0.016468758 0.99826553 -0.056521788 -5.945322 -0.99923017 -0.018445164 -0.034625484 -41.38444
-0.03453158 0.05424327 0.99793044 162.79187 -0.012362239 0.99842641 -0.054698 -5.9967383 -0.99932719 -0.014225463 -0.033806675 -41.407713
-0.030932761 0.050551342 0.99824228 163.48833 -0.0082736895 0.99867307 -0.050829534 -6.0418401 -0.99948727 -0.0098314438 -0.030473471 -41.43321
-0.023395567 0.049863361 0.99848195 164.21001 -0.006510472 0.99872659 -0.050028124 -6.0981505 -0.99970513 -0.0076710244 -0.023041142 -41.442894
-0.012704431 0.051173223 0.99860894 164.89531 -0.0060696331 0.99866723 -0.051253427 -6.1517443 -0.99990092 -0.0067123348 -0.012376897 -41.442046
0.001114376 0.051426637 0.99867611 165.58939 -0.0027976606 0.99867303 -0.051423354 -6.2000586 -0.99999551 -0.0027366511 0.00125677 -41.440312
0.016633458 0.049347405 0.99864312 166.27435 -0.0051837116 0.99877217 -0.04926744 -6.2483799 -0.99984826 -0.0043571893 0.016868836 -41.414137
0.032205827 0.044442536 0.99849264 166.9737 -0.008408121 0.99898761 -0.044193366 -6.2902752 -0.99944593 -0.0069721623 0.032546899 -41.371773
0.048785067 0.037802018 0.99809365 167.63941 -0.0099154957 0.99925263 -0.03736126 -6.330558 -0.99876012 -0.008073921 0.049123431 -41.328858
0.066378485 0.03039588 0.99733139 168.31762 -0.0094502061 0.99951021 -0.029833315 -6.3678807 -0.99774981 -0.0074446962 0.066633219 -41.271133
0.083723854 0.022705785 0.99623023 169.00387 -0.010869985 0.9997017 -0.021871384 -6.4055174 -0.99642975 -0.00899785 0.083945689 -41.200698
0.10083689 0.016620574 0.99476409 169.65194 -0.012133431 0.99980664 -0.015474887 -6.4343339 -0.99482902 -0.010509461 0.10101906 -41.119786
0.11953011 0.01406319 0.99273093 170.32408 -0.012094574 0.99984611 -0.012707732 -6.4631587 -0.99275695 -0.0104877 0.1196818 -41.02594
0.13752 0.013101574 0.9904123 170.95378 -0.010507635 0.99987555 -0.011767759 -6.4813432 -0.9904433 -0.0087885884 0.13764055 -40.920945
0.15417827 0.012563095 0.98796313 171.58964 -0.011766751 0.9998716 -0.010878244 -6.5032315 -0.98797302 -0.0099479266 0.15430629 -40.816603
0.17101697 0.012122183 0.98519347 172.24397 -0.018117434 0.99979393 -0.0091568775 -6.5213455 -0.98510154 -0.016283196 0.17120135 -40.679948
0.1854723 0.0086546568 0.98261134 172.8572 -0.020375224 0.9997801 -0.0049599606 -6.5393526 -0.98243827 -0.019100991 0.18560785 -40.54112
0.19744754 0.0043783712 0.98030364 173.48264 -0.01610478 0.99986956 -0.0012220199 -6.5567791 -0.9801812 -0.015546289 0.1974923 -40.409773
0.20850064 0.0027938096 0.9780182 174.11497 -0.014034329 0.9999015 0.00013561347 -6.5754196 -0.97792157 -0.013754104 0.20851931 -40.272621
0.21821287 0.0064520585 0.97587983 174.70632 -0.018229132 0.99983062 -0.002534261 -6.5942851 -0.97573097 -0.017236433 0.21829352 -40.121403
0.22690732 0.013256542 0.97382609 175.31064 -0.02109848 0.99973961 -0.0086932256 -6.6123245 -0.97368784 -0.018573693 0.22712793 -39.966596
0.23647898 0.02355435 0.97135102 175.89017 -0.023039739 0.99956096 -0.018629305 -6.6336488 -0.97136345 -0.017974234 0.23691784 -39.811746
0.24451713 0.030216737 0.969174 176.47922 -0.017740792 0.99948643 -0.02668591 -6.6455635 -0.96948271 -0.010668752 0.24492762 -39.664962
0.25079204 0.028604725 0.96761823 177.09834 -0.01673216 0.9995421 -0.025211734 -6.6644082 -0.96789641 -0.0098674398 0.25115582 -39.503133
0.25672777 0.021451981 0.96624561 177.67773 -0.020043872 0.9996568 -0.016868175 -6.682735 -0.96627593 -0.015036774 0.25706963 -39.330548
0.26136564 0.010442882 0.96518334 178.28759 -0.02365278 0.9997105 -0.0044114259 -6.7072313 -0.96495006 -0.021676274 0.26153698 -39.148205
0.26348755 0.0015544898 0.9646615 178.90098 -0.023756559 0.99970587 0.0048779027 -6.7311043 -0.96437027 -0.024202304 0.26344698 -38.972746
0.26421808 0.00047916614 0.9644628 179.50905 -0.019976814 0.99978806 0.0049760042 -6.7520621 -0.96425609 -0.020581644 0.26417165 -38.810022
0.26514047 0.0033444801 0.96420395 180.12091 -0.017825791 0.99984008 0.0014337148 -6.7532025 -0.96404505 -0.017567833 0.26515769 -38.650761
0.267052 0.0028663789 0.96367782 180.72033 -0.014148152 0.99989946 0.00094658362 -6.7638845 -0.9635783 -0.013887046 0.2670657 -38.479237
0.26852406 0.001417276 0.96327189 181.33278 -0.016484341 0.99985924 0.0031241083 -6.7628866 -0.96313196 -0.0167178 0.26850963 -38.3028
0.2711696 -0.0029717294 0.96252696 181.94366 -0.016406895 0.99983568 0.0077091785 -6.77789 -0.96239178 -0.017882573 0.27107628 -38.12435
0.27458067 -0.008461958 0.96152679 182.56777 -0.014882989 0.99980409 0.013048915 -6.7893102 -0.96144892 -0.017893372 0.27440093 -37.937438
0.2787454 -0.011348159 0.96029794 183.18762 -0.013652977 0.9997823 0.015777804 -6.7933015 -0.96026802 -0.017508916 0.27852978 -37.756288
0.28492344 -0.012879786 0.9584637 183.79308 -0.012871623 0.99976816 0.017261193 -6.7894999 -0.95846389 -0.017255102 0.2846916 -37.569643
0.29277207 -0.016023076 0.95604796 184.4329 -0.011293685 0.99973189 0.020213688 -6.7924258 -0.9561156 -0.016715307 0.29251262 -37.373641
0.30218727 -0.018020495 0.95307819 185.03592 -0.008863451 0.99972496 0.021712762 -6.7934055 -0.95320741 -0.015008882 0.30194443 -37.177659
0.31337849 -0.016352439 0.94948746 185.66212 -0.010344719 0.99973362 0.020632074 -6.797462 -0.949572 -0.016287829 0.31312585 -36.956346
0.32493225 -0.012923983 0.94564895 186.2679 -0.010491579 0.99979583 0.017268984 -6.7984302 -0.94567914 -0.0155326 0.32473032 -36.731059
0.33660315 -0.0088344724 0.94160512 186.88635 -0.012490193 0.99982613 0.013845692 -6.7969046 -0.9415638 -0.016421332 0.33643428 -36.494705
0.34807999 -0.0086206232 0.93742516 187.5173 -0.011632606 0.99984101 0.013513964 -6.7951126 -0.9373927 -0.015608637 0.34792437 -36.259613
0.35961008 -0.011314814 0.93303403 188.13912 -0.011270236 0.99980087 0.016468265 -6.7986535 -0.93303465 -0.016437667 0.35941094 -36.005536
0.37031003 -0.013559325 0.92880921 188.75363 -0.010519922 0.99976812 0.01878945 -6.7978567 -0.92884869 -0.016728922 0.37008152 -35.752643
0.38194628 -0.013973357 0.92407885 189.38941 -0.012961876 0.99970635 0.020474437 -6.8034048 -0.92409367 -0.01979793 0.38165299 -35.472662
0.39160091 -0.015220296 0.92000924 189.99622 -0.015678311 0.99960765 0.023210598 -6.7923668 -0.92000162 -0.023513481 0.39120864 -35.19171
0.39845736 -0.013785976 0.91708321 190.645 -0.020175826 0.99951334 0.023791159 -6.7913722 -0.91696496 -0.027982673 0.3979853 -34.90701
0.40315968 -0.016206406 0.9149861 191.28473 -0.020772006 0.99942351 0.026854504 -6.7835749 -0.91489391 -0.02983275 0.40259062 -34.604915
0.40472262 -0.021337199 0.91419049 191.92992 -0.014970158 0.99943916 0.029954362 -6.7722378 -0.914317 -0.025808784 0.40417621 -34.327344
0.40539929 -0.019755839 0.91392617 192.58314 -0.013079499 0.99953875 0.027408282 -6.7693035 -0.91404618 -0.023064994 0.4049539 -34.034688
0.40439381 -0.019753083 0.91437158 193.24537 -0.010287721 0.99960524 0.026144268 -6.7634258 -0.91452714 -0.019979379 0.40403095 -33.746451
0.40300446 -0.018515374 0.91501067 193.91798 -0.007336655 0.99969785 0.023460365 -6.7573786 -0.91516865 -0.016167749 0.40274684 -33.452185
0.40318928 -0.019757572 0.91490326 194.59326 -0.0043756128 0.99971385 0.02351737 -6.7491365 -0.91510619 -0.013485213 0.40298745 -33.15666
0.40227222 -0.026327693 0.91514143 195.2745 -0.00019534537 0.99958394 0.028842887 -6.7399745 -0.91552012 -0.01178146 0.40209971 -32.854832
0.40158625 -0.029293966 0.91535254 195.95874 0.00017557178 0.99949074 0.031909608 -6.7331946 -0.91582123 -0.012653749 0.40138688 -32.557075
0.40010284 -0.031703581 0.91592168 196.6462 0.0013005621 0.99942011 0.034025658 -6.7233142 -0.91646936 -0.012422549 0.39991206 -32.254846
0.3977994 -0.031775234 0.91692197 197.33783 0.00015157403 0.99940234 0.034567769 -6.7144438 -0.91747244 -0.013612056 0.39756647 -31.956528
0.39689799 -0.032040131 0.9173033 198.01976 -0.0012694039 0.99937044 0.035455866 -6.7002029 -0.91786189 -0.01523679 0.39660744 -31.647406
0.3946361 -0.031273504 0.91830509 198.71303 -0.0017538389 0.99939315 0.034788714 -6.6932474 -0.91883586 -0.015339441 0.39434177 -31.351853
0.39400509 -0.028209297 0.91867522 199.39992 -0.00092707826 0.99951618 0.031089248 -6.6880682 -0.91910783 -0.013101005 0.39378831 -31.051933
0.3928731 -0.022229745 0.91932393 200.09251 -0.0015766678 0.99969003 0.024846829 -6.686861 -0.91959138 -0.011211119 0.39271627 -30.759912
0.39136571 -0.018860366 0.9200419 200.77591 -0.0044788176 0.99973907 0.022399306 -6.6779751 -0.92022437 -0.01288702 0.39117912 -30.460309
0.39041651 -0.021398625 0.92038958 201.47406 -0.0050707611 0.99966469 0.025392681 -6.6688661 -0.92062441 -0.014580797 0.39017709 -30.153752
0.38920893 -0.024298833 0.92082892 202.15796 -0.0066151985 0.99955251 0.029172252 -6.6640897 -0.92112579 -0.017445567 0.38887401 -29.858508
0.38624221 -0.024364042 0.92207553 202.84241 -0.010003014 0.99948167 0.030599445 -6.6611462 -0.9223432 -0.021042331 0.38579829 -29.561143
0.38218955 -0.023952097 0.92377344 203.53769 -0.013520707 0.99941207 0.031507171 -6.6559432 -0.92398507 -0.024531782 0.381641 -29.275889
0.37531619 -0.024896066 0.9265624 204.21744 -0.013621342 0.99938312 0.032370208 -6.648308 -0.92679679 -0.024770086 0.37474554 -28.998135
0.36668469 -0.025272832 0.93000191 204.91982 -0.013198909 0.99938904 0.032362546 -6.6375454 -0.93025169 -0.024141861 0.36612709 -28.719525
