1.000000000000000000e+00 -3.306050084167601550e-19 -2.270457535318767223e-19 -8.673617379884035472e-19 7.546676715296109287e-19 1.000000000000000000e+00 6.237773588823049983e-19 1.387778780781445676e-17 -3.447385680526250622e-20 4.770700176052009879e-20 1.000000000000000222e+00 5.551115123125782702e-17
9.998927083153617001e-01 1.273807635536724223e-03 1.459159671011320096e-02 -2.291623313711327325e-02 -1.258820920648530406e-03 9.999986996533728467e-01 -1.035800885243233667e-03 6.857911845232309012e-03 -1.459289884898507146e-02 1.017318498531506570e-03 9.998929424264684229e-01 1.272862427795458107e-01
9.993516720190216418e-01 3.997258883592237633e-03 3.578520035507237046e-02 3.506780835569756061e-02 -3.971312009175601530e-03 9.999917859345723858e-01 -7.962311725665617351e-04 -1.112161920851326147e-03 -3.578809086315570820e-02 6.535839312392400244e-04 9.993593065575147039e-01 2.677723127999356856e-01
9.979144912597711636e-01 5.774798066376622338e-03 6.429741326796910295e-02 5.958435692927158828e-02 -5.852362564197334527e-03 9.999823526053190914e-01 1.018261226444893341e-03 1.755492142217845997e-03 -6.429040751997848469e-02 -1.392401997363210174e-03 9.979306521866985191e-01 4.251356694980854556e-01
9.952479826437156119e-01 5.052156811810925262e-03 9.723915047627824937e-02 1.144921919665370658e-01 -5.310749203398626959e-03 9.999830356956759259e-01 2.400146080798944495e-03 -3.353019802484605294e-03 -9.722538279701255226e-02 -2.905167312867064453e-03 9.952579280984443777e-01 5.884524521619635129e-01
9.909827152363456237e-01 1.336554536204616729e-03 1.339851491520740456e-01 1.993462054608804990e-01 -2.119671641582259163e-03 9.999814698671443125e-01 5.702003595292893731e-03 1.119488718161934515e-03 -1.339750568798771524e-01 -5.934662448704324834e-03 9.909672032746537074e-01 8.068761772495398610e-01
9.851259260676183960e-01 -1.553541079151430932e-03 1.718454427738221602e-01 2.618997262584830121e-01 5.495323449602218828e-04 9.999824902683374095e-01 5.890083775535390198e-03 -9.815887773531900562e-03 -1.718515864156057726e-01 -5.708091652049499670e-03 9.851095268555726259e-01 9.718950127188901167e-01
9.760464750163567738e-01 -7.844935448367177733e-04 2.175128671730493513e-01 3.592168505043139004e-01 -7.067944158930805632e-04 9.999767613128361932e-01 6.777320828918840558e-03 -8.282376433642046898e-04 -2.175131608437798347e-01 -6.768704056119250259e-03 9.760232772282414482e-01 1.200589577341714564e+00
9.643064871917995662e-01 -2.646322543238380925e-03 2.647476892337604637e-01 4.538732069109714939e-01 -2.000499358065213531e-04 9.999424768388537332e-01 1.072155305563668448e-02 -4.247945807041561550e-03 -2.647608375692054317e-01 -1.039187084643751653e-02 9.642504961896838367e-01 1.395260961566946012e+00
9.497828082516117654e-01 -4.520344065474551920e-03 3.127862961801926023e-01 5.971964399822656810e-01 -7.602875909320949309e-04 9.998593528010798481e-01 1.675494532500866607e-02 9.975989184252076480e-03 -3.128180681530344232e-01 -1.615105179956683248e-02 9.496457780189639930e-01 1.625037281518816101e+00
9.327954481926858943e-01 -1.468700900313578937e-02 3.601773681628058776e-01 7.269304448462752255e-01 6.151656823100595632e-03 9.996725360143515760e-01 2.483387749722597987e-02 7.756107536075473874e-04 -3.604243217225802098e-01 -2.094849037317617069e-02 9.325804243012635331e-01 1.845583381734244188e+00
9.112472314633276449e-01 -2.092196455991474080e-02 4.113355851683311304e-01 8.846970923767264461e-01 9.292749306742585647e-03 9.994991573303104726e-01 3.025084176762840582e-02 -2.226031342948131542e-04 -4.117624510942786697e-01 -2.374465399514321187e-02 9.109851189845299402e-01 2.095616182690418050e+00
8.864891831475868456e-01 -2.198022259322335650e-02 4.622250211815797094e-01 1.060677695393895892e+00 6.709696572433344885e-03 9.993768481757810962e-01 3.466226022882770708e-02 1.771077867457851451e-03 -4.626986062035711167e-01 -2.762889255333940072e-02 8.860841539755519580e-01 2.294960364298648692e+00
8.587983184151952720e-01 -2.484764725480918118e-02 5.116539621206087629e-01 1.253401992680901023e+00 5.772435205410424153e-03 9.992289990099153529e-01 3.883028098307280546e-02 2.031601744099424678e-02 -5.122245888116723211e-01 -3.039104861970341395e-02 8.582797266041256590e-01 2.543369750600304346e+00
8.262018804169818376e-01 -2.974923891772976101e-02 5.625803499207921998e-01 1.494626947141922235e+00 6.496609884282903390e-03 9.990414855984927067e-01 4.328575961017080975e-02 2.715334695340806265e-02 -5.633291082868773225e-01 -3.210558919638260844e-02 8.256032941217023025e-01 2.763133948732662493e+00
7.897324660769797777e-01 -3.576868654446904716e-02 6.123312337757783608e-01 1.722748081197781111e+00 8.600922345503907163e-03 9.988463008852821456e-01 4.724210581200840448e-02 3.095186922554774706e-02 -6.133144533110850283e-01 -3.204325742876305838e-02 7.891287621057314627e-01 2.989413846664399355e+00
7.524012205088149718e-01 -4.079017294156077333e-02 6.573676483002079962e-01 1.998267941141419035e+00 1.067745049702516560e-02 9.987049259741435092e-01 4.974483703310484534e-02 4.173984855495636859e-02 -6.585453048330807135e-01 -3.040876472404513767e-02 7.518623436407906313e-01 3.207649813238552472e+00
7.131850122104377299e-01 -4.410715830013233613e-02 6.995349365635203931e-01 2.277005409477173004e+00 1.143578968716793196e-02 9.986178142336121777e-01 5.129537190277796282e-02 5.394643463808734135e-02 -7.008305616391048432e-01 -2.858437084062988992e-02 7.127034205995599336e-01 3.415656754290262498e+00
6.705653737123185021e-01 -4.574499142447237959e-02 7.405009335379457713e-01 2.565342796112287882e+00 1.018290200256312741e-02 9.985706777271801116e-01 5.246665294219553244e-02 6.750630647432567799e-02 -7.418426907910090629e-01 -2.764445552592239078e-02 6.700724918611299374e-01 3.625647166760623374e+00
6.278188711300901614e-01 -4.576835555581507814e-02 7.770171459300680983e-01 2.910739458639294064e+00 5.421039395137381908e-03 9.985024730243960978e-01 5.443446631891606796e-02 9.191942813133380241e-02 -7.783454079343185006e-01 -2.995771619303356018e-02 6.271270825689941875e-01 3.840497700956798433e+00
5.868648046001218033e-01 -4.709171141977559760e-02 8.083449207201760522e-01 3.249875879258216305e+00 3.249382817122628119e-03 9.984363766844978061e-01 5.580220090087922163e-02 1.104430574983575469e-01 -8.097086576435635896e-01 -3.012618408121296373e-02 5.860998425801264844e-01 4.056125652445971674e+00
5.463689699096733188e-01 -4.860874531521927611e-02 8.360578253703421225e-01 3.633366276549629070e+00 1.004706658769812530e-03 9.983517228840588231e-01 5.737746811164531890e-02 1.321384683054213638e-01 -8.374690132948322541e-01 -3.050695146003396321e-02 5.455172227221676273e-01 4.263829652864041364e+00
5.073752976404236614e-01 -5.079193345806372328e-02 8.601773753220200991e-01 4.055802507550732017e+00 -1.515114334613217202e-04 9.982561616839678020e-01 5.903677851460079062e-02 1.412309644363009820e-01 -8.616755791470662729e-01 -3.008790482403115446e-02 5.064827674936934754e-01 4.469433576733356617e+00
4.706229104941891395e-01 -5.019515681319858258e-02 8.809866062887311555e-01 4.481643328156183159e+00 -3.540599134719676997e-03 9.982653252025818214e-01 5.876149159365082197e-02 1.655709013803114416e-01 -8.824079600621239639e-01 -3.077798319732719806e-02 4.696283811245183237e-01 4.666290190464054355e+00
4.344164692275666595e-01 -4.915654731550786471e-02 8.995240527922306883e-01 4.946805433870924418e+00 -4.572291849104116040e-03 9.983761153475847472e-01 5.677983480460556398e-02 1.898932908894594429e-01 -9.008555597519153357e-01 -2.876612668442561638e-02 4.334867194524060774e-01 4.863427742538596554e+00
4.004337692878208732e-01 -4.934158381121995368e-02 9.151511672452140589e-01 5.442940385693590066e+00 -3.053663723523970201e-03 9.984719375114791129e-01 5.515946535319521393e-02 2.150693890779962758e-01 -9.164754001196819821e-01 -2.487515272031633543e-02 3.996710058090376383e-01 5.042270185215240730e+00
3.715299606219009121e-01 -4.720960811417775072e-02 9.272854762763987901e-01 5.955174959128641810e+00 -1.492737856390411334e-03 9.986749992393472164e-01 5.143800408479967667e-02 2.369808313054726501e-01 -9.284849671240965607e-01 -2.050211532660741950e-02 3.709667577824898310e-01 5.221666804706663001e+00
3.453118239711576720e-01 -4.532579139413432656e-02 9.373909928456615193e-01 6.504930376627609867e+00 -6.489269942188180865e-05 9.988317935812290882e-01 4.832148480844900007e-02 2.606707879571978914e-01 -9.384864536251290579e-01 -1.674492753640360529e-02 3.449055965722929717e-01 5.412001837991671671e+00
3.253004026944548155e-01 -4.495141185518836124e-02 9.446472745410855465e-01 7.085198580669874069e+00 1.022051637241852768e-03 9.988854864721763427e-01 4.718954480326547490e-02 2.893333406824133425e-01 -9.457160765387362389e-01 -1.438381938762574482e-02 3.249839134990794576e-01 5.595717670490182094e+00
3.100281681664207034e-01 -4.613368184827935925e-02 9.496282063380553362e-01 7.676567572882640356e+00 2.015453352647295863e-03 9.988516233984984227e-01 4.786462333459530483e-02 3.170370092604517520e-01 -9.507462621980288242e-01 -1.292164364677760371e-02 3.097651910114512797e-01 5.780106451066443718e+00
2.980645191767931634e-01 -4.728845202651731083e-02 9.534485217534803825e-01 8.300213898308262728e+00 3.682686939896726974e-03 9.988217835449947346e-01 4.838633764554323841e-02 3.374347357085429877e-01 -9.546134327631601302e-01 -1.091194169719519012e-02 2.978873176452624394e-01 5.971407844287317523e+00
2.860173577964780223e-01 -4.889815551842645325e-02 9.568773802062633393e-01 8.956361122722615420e+00 1.166567962445799788e-03 9.987140168164310161e-01 5.068811183532684339e-02 3.671755097037429638e-01 -9.581254840455273314e-01 -1.337805163196709862e-02 2.857068017806000393e-01 6.161788636239521999e+00
2.756091370154026832e-01 -4.957281888075706910e-02 9.598650254852884034e-01 9.633018491750224399e+00 1.558056200725141036e-04 9.986717316222594176e-01 5.152878768368476803e-02 3.931402998122995873e-01 -9.611440957154580023e-01 -1.405904905089143744e-02 2.752506805776548937e-01 6.365591159948579048e+00
2.650828611396408574e-01 -5.209324386126092110e-02 9.628775944856272639e-01 1.032768119045310584e+01 -6.006771618783144457e-04 9.985303444145714469e-01 5.417957002758434781e-02 4.260805276412252263e-01 -9.642857335829424503e-01 -1.493111126539044264e-02 2.646620756366600546e-01 6.561230949419734948e+00
2.568881791525131630e-01 -5.401475097270932307e-02 9.648457559131247141e-01 1.106122027311079492e+01 -1.813923864308340664e-03 9.984081536137928703e-01 5.638459680938601171e-02 4.556624530774068260e-01 -9.663549323656732692e-01 -1.624186270705944499e-02 2.563813198311213348e-01 6.752051105252566465e+00
2.457022631479254815e-01 -5.512906759965726516e-02 9.678060002380614035e-01 1.179814041225705346e+01 -1.974747023828110713e-03 9.983505236266211336e-01 5.737381455357729032e-02 4.936289018005659002e-01 -9.693737123133947531e-01 -1.599357094559217263e-02 2.451886493493015406e-01 6.939629576073149231e+00
2.337687881659835654e-01 -5.704514582793688421e-02 9.705527891347923708e-01 1.256309962517519807e+01 -2.552521298716165388e-03 9.982385503161724793e-01 5.927849195384137654e-02 5.261251448505728234e-01 -9.722234839811646490e-01 -1.635408945958435542e-02 2.332106392800663841e-01 7.115808172137747967e+00
2.248218314852404032e-01 -6.011676752808970542e-02 9.725855295806042911e-01 1.334291812720145565e+01 -4.445858108112161165e-03 9.980214579477368897e-01 6.271205163543673577e-02 5.639722768189665558e-01 -9.744315848286946302e-01 -1.842232601223416089e-02 2.241095899958863713e-01 7.297279705136373806e+00
2.133661716876249226e-01 -6.315945878419786108e-02 9.749238742352626108e-01 1.412469357292270544e+01 -5.749294758850088082e-03 9.978091898722768471e-01 6.591654037179434100e-02 6.046964673397304812e-01 -9.769516492543133257e-01 -1.966434416654389353e-02 2.125361767549177605e-01 7.472513905664513345e+00
2.005418499697926571e-01 -6.743850930185210646e-02 9.774240971942440570e-01 1.493000779054295357e+01 -5.761760457416497359e-03 9.975298988339863504e-01 6.998940958996184569e-02 6.460777608009277140e-01 -9.797306410263590948e-01 -1.966003409459685103e-02 1.996574841035162473e-01 7.637072325099636849e+00
1.877085227411331436e-01 -6.922272842821132477e-02 9.797547715775980492e-01 1.573437028156325823e+01 -7.704797388339649708e-03 9.973802079538454102e-01 7.191224800856667321e-02 6.869401768160429134e-01 -9.821652205280452241e-01 -2.105930057512873585e-02 1.866820833661865242e-01 7.790998106290023095e+00
1.736219969953923525e-01 -7.025180343511293335e-02 9.822292721012914063e-01 1.654896060244666245e+01 -8.152077399457748758e-03 9.973162791811288619e-01 7.277552595754531450e-02 7.252411802655963635e-01 -9.847038019697191835e-01 -2.066659375305662447e-02 1.725827227782518458e-01 7.935772564526200945e+00
1.607525755692570113e-01 -6.923060946837598928e-02 9.845683953455454107e-01 1.736737810637219326e+01 -8.920509332055867255e-03 9.973922924355290709e-01 7.162842056060940432e-02 7.673099328188732748e-01 -9.869622397128975377e-01 -2.026504859971195796e-02 1.597181195135246867e-01 8.070864970255527737e+00
1.445405215945951283e-01 -6.835263859468122816e-02 9.871279704749690298e-01 1.819282010698567831e+01 -1.044108013934909318e-02 9.974502629384359720e-01 7.058646095377042740e-02 8.077602691664317325e-01 -9.894369088973657966e-01 -2.049655662394294156e-02 1.434584669995237483e-01 8.186833488284367633e+00
1.213744231196650786e-01 -6.616951769841609987e-02 9.903725965919210061e-01 1.901097799445716063e+01 -1.318502041801920648e-02 9.975812103504106965e-01 6.824563785367293578e-02 8.459134840993466353e-01 -9.924912947126698359e-01 -2.136391504917055720e-02 1.202072139296359449e-01 8.295874553732241807e+00
9.859410595145653988e-02 -6.535551715816811935e-02 9.929744596210418051e-01 1.985185650119936795e+01 -1.680874505065893532e-02 9.975893984662117520e-01 6.733123384273745349e-02 8.864229278879496299e-01 -9.949809694001756633e-01 -2.333552653958227002e-02 9.725780461715620440e-02 8.366906368888031409e+00
6.644414272528705034e-02 -6.433031214909312734e-02 9.956811612054438099e-01 2.069461778673535690e+01 -2.188958249130056044e-02 9.975852553151891566e-01 6.593509640586149578e-02 9.280960842642652642e-01 -9.975171888791817265e-01 -2.619534509850630910e-02 6.487560771256428716e-02 8.415202697998404702e+00
3.445909306666011113e-02 -6.461864424094117265e-02 9.973154619694605261e-01 2.155086458922441039e+01 -2.440401717940380785e-02 9.975560584046181400e-01 6.547253298371713548e-02 9.692318057144552190e-01 -9.991077558528075331e-01 -2.661189528361797285e-02 3.279750129542637060e-02 8.447324846028159584e+00
-2.537380345194672362e-05 -6.392889761628380019e-02 9.979554405943459328e-01 2.240187413297016406e+01 -2.569785969489782329e-02 9.976251274923652046e-01 6.389414473431576091e-02 1.004492158758609310e+00 -9.996703425356836537e-01 -2.564323218505961885e-02 -1.668352422196667283e-03 8.431957082013576965e+00
-3.491136197540549435e-02 -6.256777435659850728e-02 9.974132362429812826e-01 2.327111020292664634e+01 -2.678498775033666401e-02 9.977379757631633650e-01 6.164635057652085443e-02 1.037673829656402535e+00 -9.990158413937028081e-01 -2.453903748842845012e-02 -3.650785282646361318e-02 8.397825560400558942e+00
-6.682341572273722830e-02 -6.055978227980385320e-02 9.959247728924628396e-01 2.412426022471447951e+01 -2.890987297457094443e-02 9.978546417627230936e-01 5.873670336030007572e-02 1.068988071727907441e+00 -9.973457173852288138e-01 -2.486205650750594742e-02 -6.843081754551326445e-02 8.336207280370119932e+00
-9.852567633473796604e-02 -5.761672085673551214e-02 9.935018873484360302e-01 2.497651553573401983e+01 -3.145952018991980681e-02 9.980041937001972174e-01 5.475432169304803032e-02 1.103670544598384540e+00 -9.946726785606412324e-01 -2.588275475299618364e-02 -1.001419647455251277e-01 8.246803627636960954e+00
-1.332275655208002285e-01 -5.279225768846244893e-02 9.896886506579990472e-01 2.583392873900891828e+01 -2.921304033191738855e-02 9.983557390753973193e-01 4.931141804342224766e-02 1.130878514117666267e+00 -9.906647181181116313e-01 -2.234139144191713000e-02 -1.345507940894938304e-01 8.122624301522288093e+00
-1.634190347116036002e-01 -4.706337765365467551e-02 9.855186823887767122e-01 2.667973656187876585e+01 -2.321530555106475144e-02 9.987686208991299885e-01 4.384377920058048911e-02 1.154474724115998274e+00 -9.863681256845908685e-01 -1.572921235572412660e-02 -1.643105860339848234e-01 7.971370184807284431e+00
-1.944243004168771105e-01 -4.120779205220401198e-02 9.800337318939902342e-01 2.753803563475182870e+01 -1.842668559353377936e-02 9.990940432780308633e-01 3.835802898408978423e-02 1.169001796138213978e+00 -9.807274914061706594e-01 -1.057910441083376001e-02 -1.950071057466288282e-01 7.787562479808982197e+00
-2.215706797382210325e-01 -3.541471192773247567e-02 9.744853518727633057e-01 2.836130421403677460e+01 -1.128273143916857547e-02 9.993665198005015071e-01 3.375266023933487514e-02 1.179163725587928813e+00 -9.750634786522934805e-01 -3.519595061075904245e-03 -2.218298800364930101e-01 7.577627048181729386e+00
-2.510004865993977763e-01 -2.991803297808192860e-02 9.674832844712574209e-01 2.919899661129502633e+01 -3.980350530542726625e-03 9.995455525116915263e-01 2.986932923318492278e-02 1.191513293022163689e+00 -9.679376872327253301e-01 3.655670413040007331e-03 -2.510054860439769886e-01 7.348528642916726916e+00
-2.777187837988496222e-01 -1.945043579456778512e-02 9.605083019934033128e-01 3.001758235483785597e+01 3.004336891887194119e-03 9.997727553779078846e-01 2.110743802763373478e-02 1.187858799344112759e+00 -9.607005513543781516e-01 8.739576631014543337e-03 -2.775973942780327608e-01 7.102310268368716706e+00
-3.001044734318019658e-01 -3.997250921596498703e-03 9.539465271032807614e-01 3.081997598469545707e+01 7.560302238092764769e-03 9.999498172010454766e-01 6.566338057902998057e-03 1.177788803930614359e+00 -9.539250960673257840e-01 9.176087246813128401e-03 -3.000592290765554671e-01 6.833019689429965737e+00
-3.248479579156929309e-01 1.351341634054914823e-02 9.456522614678527505e-01 3.161309532888334672e+01 8.550790577736541720e-03 9.998989674562926977e-01 -1.135119760928662153e-02 1.159109967851176481e+00 -9.457103629556357083e-01 4.393453573267575192e-03 -3.249307333279073950e-01 6.554792933409243183e+00
-3.520354957426679032e-01 2.822824184317472562e-02 9.356465328233811718e-01 3.240239551325731071e+01 8.226028629725884098e-03 9.995997542130239388e-01 -2.706662620533039493e-02 1.139934750628890381e+00 -9.360363549538867067e-01 -1.834933839664098197e-03 -3.521267734907265745e-01 6.258587000927112065e+00
-3.735738979624841360e-01 3.972947186912507977e-02 9.268972646796079795e-01 3.318811812904070280e+01 1.253684270939182423e-02 9.992077495693256761e-01 -3.776923108038783561e-02 1.100800925467717128e+00 -9.276632750297244545e-01 -2.479917904674059943e-03 -3.737762728524163802e-01 5.937999835299431872e+00
-3.992755960952176775e-01 4.253483122617654488e-02 9.158717931338598017e-01 3.396718509716158962e+01 1.522340405441001063e-02 9.990929021848679037e-01 -3.977114235022274902e-02 1.048699098671619812e+00 -9.167327146431971663e-01 -1.936323541589753941e-03 -3.995609286310778385e-01 5.606374511905499958e+00
-4.199570384857631011e-01 4.246632283365236321e-02 9.069423109164530539e-01 3.473881625874185630e+01 1.734911552602201243e-02 9.990984240301611363e-01 -3.875889396739930215e-02 1.003625632295297887e+00 -9.077696388064621091e-01 -5.079498728440526214e-04 -4.203156304250743047e-01 5.243549172305540296e+00
-4.402794680829895113e-01 3.822076698996720173e-02 8.965312536505517516e-01 3.550499028304389526e+01 2.207457188325784650e-02 9.992519910017574336e-01 -3.174427104342622541e-02 9.569920708490419203e-01 -8.970746644092392197e-01 5.786081987876556809e-03 -4.407935890598963513e-01 4.875534291701906220e+00
-4.617136878596927452e-01 3.612442863409810051e-02 8.867877145319853494e-01 3.624645581929359395e+01 2.905211287286769625e-02 9.992503812088794346e-01 -2.559715368726477036e-02 9.125031615745604618e-01 -8.870474588858124898e-01 1.395255289895985795e-02 -4.624170191434065491e-01 4.482947658756620157e+00
-4.734108834601973292e-01 3.769135381028614756e-02 8.799224414896914537e-01 3.699179290294144096e+01 3.236009868857382676e-02 9.991539219684962836e-01 -2.537816628283336845e-02 8.652683856166100140e-01 -8.801343201171519803e-01 1.646444866279775376e-02 -4.742299626797468193e-01 4.072577561495006826e+00
-4.837427723483593289e-01 4.116294438763273833e-02 8.747609434543217599e-01 3.771375278072526527e+01 3.614933812232138527e-02 9.989807541570142613e-01 -2.704618949621885593e-02 8.271156168693143407e-01 -8.749824333354795369e-01 1.854783164399649228e-02 -4.847376592283173524e-01 3.662621758868427335e+00
-4.955459801382829377e-01 4.396844501938112354e-02 8.680354130279932523e-01 3.841490335232116848e+01 3.767861768661305566e-02 9.988660304475289742e-01 -2.912683568070413564e-02 7.805988562101738859e-01 -8.683314571565270423e-01 1.828086750716427164e-02 -4.966406346064262123e-01 3.264517321290769658e+00
-5.023612336766740682e-01 4.349538908751517802e-02 8.636727578237488601e-01 3.912630002036821963e+01 3.066499380844610670e-02 9.990020525318208389e-01 -3.248756399328169703e-02 7.347281700835867069e-01 -8.642235441209996649e-01 1.017403654551416424e-02 -5.031935150831742254e-01 2.856040519635782982e+00
-5.142335244584638199e-01 4.107096848364950870e-02 8.562743634284816219e-01 3.982025214324003315e+01 2.908155644748834298e-02 9.991136654949811513e-01 -3.041551929747473779e-02 7.019507456736384654e-01 -8.567646354703929434e-01 9.252560523414726443e-03 -5.149720823931762670e-01 2.444084952192581817e+00
-5.236447252980893641e-01 4.292643451697326917e-02 8.510809192992463412e-01 4.052453823210841932e+01 3.112492990322480307e-02 9.990268790958258815e-01 -3.127273526608265186e-02 6.632402794090785925e-01 -8.515948322122151026e-01 1.012767937352537437e-02 -5.244711683279184022e-01 2.014197433178183338e+00
-5.302154993592158583e-01 4.586811793084993177e-02 8.464737081699148513e-01 4.123140431698988806e+01 3.510650914796974165e-02 9.988668811457542818e-01 -3.214143644953634804e-02 6.175311931467839521e-01 -8.469890507888430120e-01 1.266751690900205785e-02 -5.312248743135464801e-01 1.569923995179550058e+00
-5.354951597408497133e-01 4.912327680282875531e-02 8.435373164958449577e-01 4.192000900409723840e+01 3.597607792026929346e-02 9.987276426140386798e-01 -3.536273993455082976e-02 5.815096093671937583e-01 -8.442009823498101140e-01 1.142098936312619870e-02 -5.365810050594684855e-01 1.132211579440066229e+00
-5.327467796100040509e-01 4.998341841852090017e-02 8.450460981562490925e-01 4.266511054688647420e+01 3.470139635729240640e-02 9.987052039592089203e-01 -3.719745115579668054e-02 5.361661859952875364e-01 -8.458110227270111414e-01 9.507063973013750793e-03 -5.337914307311933948e-01 6.691120257823429673e-01
-5.302305023803561834e-01 5.164814795756392241e-02 8.464764118877255994e-01 4.340856129449686307e+01 3.760752233173269427e-02 9.985933028693171343e-01 -3.739200172724928273e-02 4.956423094237304428e-01 -8.472165524440626871e-01 1.201612683740291287e-02 -5.314269584517600231e-01 2.104930345766305444e-01
-5.236171546606899208e-01 4.987206625145504391e-02 8.502231294347989410e-01 4.416653850161690542e+01 3.556505368610340251e-02 9.986942168753389915e-01 -3.668524484269298364e-02 4.500156103443604949e-01 -8.509426769322312456e-01 1.102700611424992615e-02 -5.247068696868781856e-01 -2.416988214028818471e-01
-5.156337121491613162e-01 4.855912998975388944e-02 8.548856314384367661e-01 4.495046042072819148e+01 3.306687211334248533e-02 9.987766004947332688e-01 -3.674685856063848038e-02 4.112247679006834078e-01 -8.556252862393630698e-01 9.286986786271517191e-03 -5.166083333872284467e-01 -7.087776126720115588e-01
-5.090507278584331941e-01 4.837366339341301474e-02 8.592993841857092807e-01 4.574145659786336182e+01 3.147708896589913180e-02 9.987981090795811090e-01 -3.756295144880424791e-02 3.594832066627544620e-01 -8.600837084195954718e-01 7.926819945713618407e-03 -5.099614620316947899e-01 -1.165883177452938568e+00
-5.024664674068687331e-01 4.579098374973919472e-02 8.634522978103511548e-01 4.654688577479041811e+01 2.882645116013122025e-02 9.989284955110615538e-01 -3.621357933416233243e-02 3.164664314106143683e-01 -8.641855122365390551e-01 6.693520454101709906e-03 -5.032480169118709323e-01 -1.613354644859035902e+00
-4.973444104360580931e-01 4.347579647409171438e-02 8.662271216842540866e-01 4.738693582959830763e+01 2.482715234496611634e-02 9.990476163220614048e-01 -3.588320487355899785e-02 2.721134520574347015e-01 -8.669625564661417316e-01 3.648021793215618178e-03 -4.979499014044970195e-01 -2.084194385208651301e+00
-4.961036286960082142e-01 4.120462144782634922e-02 8.670489104060046248e-01 4.822516055880875996e+01 1.944499170863366391e-02 9.991501471599595341e-01 -3.634219816141460307e-02 2.245629898975682326e-01 -8.678094890978010900e-01 -1.169702786365376572e-03 -4.964831530045090702e-01 -2.536801940142251244e+00
-4.961577634724464447e-01 3.895292040354783603e-02 8.673565796931312910e-01 4.909899280950970990e+01 1.674842329341758029e-02 9.992368740175913144e-01 -3.528062437748979985e-02 1.751735357774331370e-01 -8.680689114697793807e-01 -2.978841098011361481e-03 -4.964316131296022672e-01 -3.009139109736112427e+00
-4.975675512372817466e-01 3.733497074455133236e-02 8.663447512277260287e-01 4.996916448255502274e+01 1.552787636370355287e-02 9.992964177155885253e-01 -3.414352546668569799e-02 1.264407253198928938e-01 -8.670102121366991543e-01 -3.542970148095186608e-03 -4.977970460856981361e-01 -3.499066188506310571e+00
-4.989575175330909773e-01 3.710631959135068242e-02 8.657803315954851753e-01 5.084861951773105204e+01 1.560827297090211507e-02 9.993057409927055268e-01 -3.383934738107999968e-02 7.901699222596049454e-02 -8.664347322598697776e-01 -3.360106801302465210e-03 -4.991902244209182604e-01 -3.980988233947643895e+00
-4.975681793097760930e-01 3.640827019017504884e-02 8.665263126409543659e-01 5.174027369090797634e+01 1.494990737313582965e-02 9.993301483729405410e-01 -3.340936302220040566e-02 3.081358232460071345e-02 -8.671623520324525103e-01 -3.670909291034993392e-03 -4.977789780830161326e-01 -4.500818730944227575e+00
-4.975195777095809402e-01 3.590461885943032477e-02 8.664231199832440611e-01 5.265092961535334837e+01 1.586365107147227546e-02 9.993524577250668672e-01 -3.229592390999448670e-02 -1.639152394068585372e-02 -8.670219875384230779e-01 -2.331258696940206616e-03 -4.977668597651654925e-01 -5.011917113400924606e+00
-4.975432973151807658e-01 3.524066288514740575e-02 8.667062320924051599e-01 5.356175610371472118e+01 1.487701530788675293e-02 9.993737534245650256e-01 -3.211254438182283705e-02 -7.056266203482708388e-02 -8.672955005980818033e-01 -3.089053714049975856e-03 -4.977557335809266181e-01 -5.514913714170758041e+00
-4.961822665955976652e-01 3.435850122619431291e-02 8.671521958710340927e-01 5.450195762916553122e+01 1.338623028990031973e-02 9.994004301082660691e-01 -3.192182797548704515e-02 -1.235450662306346037e-01 -8.677295806747319373e-01 -4.251784673359284769e-03 -4.963444366678808062e-01 -6.029984480057631657e+00
-4.975834866086519259e-01 3.181993738392818738e-02 8.663486428588955679e-01 5.540116455544861651e+01 1.183014138921727534e-02 9.994826858392339419e-01 -2.990332904814331505e-02 -1.769090132912016777e-01 -8.668523477553504719e-01 -4.647697031631029506e-03 -4.977023169826571558e-01 -6.530495909051193593e+00
-4.962212820579099959e-01 3.298289408962838676e-02 8.675310243351462836e-01 5.632442846711116857e+01 1.158256561059452412e-02 9.994406407956996086e-01 -3.137741586788848208e-02 -2.285282424048205030e-01 -8.680807072161996762e-01 -5.518539271345899999e-03 -4.963256643370023147e-01 -7.037523573022676615e+00
-4.923882495282421168e-01 3.102482109213103301e-02 8.691700384986494887e-01 5.724872784075628118e+01 1.081558708532925732e-02 9.995050104669158664e-01 -2.953138086292243780e-02 -2.812908799915005420e-01 -8.696566797152309736e-01 -5.173444624430966268e-03 -4.924796781235034615e-01 -7.554516026514144222e+00
-4.947166066293807174e-01 2.797953531148316200e-02 8.692074927249249239e-01 5.814725094717796594e+01 1.145230844064572782e-02 9.996050881827882595e-01 -2.567261923118260847e-02 -3.344982455792790410e-01 -8.695821643681611590e-01 -2.727303941643452381e-03 -4.948417014440021355e-01 -8.019273413894770997e+00
-4.894810475141326833e-01 2.635659998776705010e-02 8.720107014364844034e-01 5.909781875524020478e+01 1.120462666905099741e-02 9.996509959298355286e-01 -2.393109114839681029e-02 -3.838579809824156364e-01 -8.723368723537349156e-01 -1.929325768401235616e-03 -4.896055413054886118e-01 -8.570616571519165561e+00
-4.856680525086269906e-01 2.577634599235920435e-02 8.735096935637687299e-01 5.999613942213346007e+01 1.097491631156589410e-02 9.996660363070135613e-01 -2.338792935974723375e-02 -4.329283268138239271e-01 -8.738211559923800831e-01 -1.783479080017604012e-03 -4.857886551469582925e-01 -9.052009186628035664e+00
-4.842431062448305235e-01 2.645363605532135426e-02 8.744624783169117066e-01 6.089930867337702125e+01 1.216101808053358241e-02 9.996497024901344064e-01 -2.350302603260751022e-02 -4.766790095525764159e-01 -8.747780599655402556e-01 -7.495006110252207124e-04 -4.843952830453069347e-01 -9.546672014778227577e+00
-4.828502410933938616e-01 2.729343828750520687e-02 8.750823598778086909e-01 6.181208495334272612e+01 1.247181957936323478e-02 9.996270960540344364e-01 -2.427572421477893622e-02 -5.247343842335048247e-01 -8.754190393292109462e-01 -8.249641831836766401e-04 -4.830106150791250719e-01 -1.002665521422876438e+01
-4.829146730797399534e-01 2.780293048849658347e-02 8.751994481508167389e-01 6.271331154756693849e+01 1.087263157435757605e-02 9.996091039191842276e-01 -2.574604482317943352e-02 -5.747141433114507647e-01 -8.755736416123939270e-01 -2.933934043499611052e-03 -4.830282671565065966e-01 -1.051607491965545371e+01
-4.858035418996836108e-01 3.024790743473248708e-02 8.733713284384869713e-01 6.362122765797671775e+01 9.730577218582526014e-03 9.995260156778910110e-01 -2.920137530370637072e-02 -6.287086646083682728e-01 -8.738410004377742402e-01 -5.696786754350987615e-03 -4.858675543446137057e-01 -1.102601599873022842e+01
-4.896851804259412799e-01 3.055804029585586223e-02 8.713058457604150320e-01 6.451504735214291486e+01 8.177424764619403361e-03 9.995027424487834544e-01 -3.044336074122076449e-02 -6.837286553967829583e-01 -8.718031706961543170e-01 -7.794611723301292025e-03 -4.896915172726284959e-01 -1.151014925351975116e+01
-4.962674260516129476e-01 2.968223814462674429e-02 8.679381428531254272e-01 6.540552657330049158e+01 8.445978914087378525e-03 9.995331872143875529e-01 -2.936309381955590214e-02 -7.249283878756704880e-01 -8.684045627256496980e-01 -7.232749132715995434e-03 -4.962865340967346772e-01 -1.200566954483027970e+01
-4.998989261076728918e-01 2.634360675306068530e-02 8.660692841578552237e-01 6.629502211417207036e+01 1.164954137989273990e-02 9.996514837090136885e-01 -2.369243091547927615e-02 -7.815127252601120622e-01 -8.663916093974930455e-01 -1.743735442640996719e-03 -5.000316861528238954e-01 -1.252172433890512515e+01
-5.066015667622032481e-01 2.379825370322913303e-02 8.625308616093454450e-01 6.718149550870889186e+01 8.066560063561403066e-03 9.997063931798986225e-01 -2.285333798449673548e-02 -8.275515260970327525e-01 -8.628212182937211594e-01 -4.597919071887755088e-03 -5.066449155480968747e-01 -1.301570728737692306e+01
-5.094104843851701148e-01 2.602396046794552137e-02 8.597657894858740102e-01 6.805551498879792405e+01 9.128051024356174936e-03 9.996495316590828795e-01 -2.484097591792665607e-02 -8.789927605061679250e-01 -8.601112793163626646e-01 -4.825416484428556203e-03 -5.094693534224419285e-01 -1.351768909425994458e+01
-5.146713169029302204e-01 2.875753699428152538e-02 8.565059220387091221e-01 6.890966886392872937e+01 1.000689210034891134e-02 9.995704738533698341e-01 -2.752916071678928808e-02 -9.236970388268586074e-01 -8.569302168446770729e-01 -5.628754555279432380e-03 -5.147377785668029171e-01 -1.401722265685898883e+01
-5.213890102903302459e-01 2.891210617846730335e-02 8.528751171579561641e-01 6.976539485370798843e+01 8.247486690353600727e-03 9.995499426684261168e-01 -2.883622730705086637e-02 -9.755320367525999181e-01 -8.533252073898491830e-01 -8.011262982632862129e-03 -5.213928368847793315e-01 -1.451737883202560830e+01
-5.228431394827075529e-01 2.895007370344525321e-02 8.518289084025270075e-01 7.061728978443521498e+01 7.065775424511243699e-03 9.995357437985807891e-01 -2.962928488835474619e-02 -1.025556901114776709e+00 -8.522916176196017046e-01 -9.484174370366842827e-03 -5.228047840720380091e-01 -1.503611374489052288e+01
-5.266816151839454063e-01 2.837326827431184764e-02 8.502111426859456644e-01 7.146012103554249961e+01 6.840559589535329804e-03 9.995523945622295514e-01 -2.913345295661285556e-02 -1.076356023845948418e+00 -8.506567291780080531e-01 -9.505459042010579868e-03 -5.266401890348089143e-01 -1.554605122670491646e+01
-5.292834201445123510e-01 2.138800263148965194e-02 8.481479703920311586e-01 7.230225024653623223e+01 8.221212254414220905e-03 9.997645723918165972e-01 -2.008757213967220234e-02 -1.122381401794784628e+00 -8.483778520254755540e-01 -3.648708821590631972e-03 -5.293346592892353986e-01 -1.606504905890162505e+01
-5.316124680752966070e-01 1.204720870144251020e-02 8.475679773008278906e-01 7.313939342150153777e+01 8.051289744644805554e-03 9.999255887795716058e-01 -9.165664654831665037e-03 -1.162789610989104938e+00 -8.476154147622376733e-01 1.961577819101876976e-03 -5.316698182636315773e-01 -1.659564868308241259e+01
-5.329989936515621141e-01 8.675517543170032167e-03 8.463393990838707914e-01 7.397268285467194460e+01 7.893973945147521321e-03 9.999548942053976264e-01 -5.280549301123713471e-03 -1.194956149292232483e+00 -8.463472001286422852e-01 3.864803968035760481e-03 -5.330435041228662740e-01 -1.711820087453856587e+01
-5.330230639566413409e-01 1.454051335593757772e-02 8.458245439976005420e-01 7.479973030286166136e+01 8.692784280836385671e-03 9.998936002875052909e-01 -1.170736715675894934e-02 -1.224804781416034327e+00 -8.459048508444703129e-01 1.111549119473781650e-03 -5.330926675831526573e-01 -1.763587139553726502e+01
-5.344886356980711462e-01 1.968394176180960145e-02 8.453166358431227767e-01 7.560959412375210320e+01 8.830451262353412878e-03 9.998043168796989510e-01 -1.770542578212923671e-02 -1.258658756896047892e+00 -8.454998076454591782e-01 -1.991280714268945425e-03 -5.345578605753961154e-01 -1.815275656217709610e+01
-5.343762413128847477e-01 2.488272499824334058e-02 8.445957347946205784e-01 7.643023907323224364e+01 1.496879427624578200e-02 9.996883803124722023e-01 -1.997763331764532135e-02 -1.296274311740140961e+00 -8.448298370720382922e-01 1.966152022728567383e-03 -5.345820941578210972e-01 -1.867780910648096793e+01
-5.342838786232313453e-01 2.488029929879100391e-02 8.451618196597942001e-01 7.724907292861789188e+01 1.816893097765443638e-02 9.996737344087247568e-01 -1.795766783364001126e-02 -1.337410857723260404e+00 -8.453329337212404093e-01 5.765570526397243746e-03 -5.345616420937819857e-01 -1.920936933061543073e+01
-5.342897026345473366e-01 2.151417641847154852e-02 8.454005433420361815e-01 7.807556391540107654e+01 1.665966363320821320e-02 9.997498958676132030e-01 -1.492879959770611852e-02 -1.379863539355076218e+00 -8.455102238772709278e-01 6.121439766799943206e-03 -5.345144391818574814e-01 -1.972456551300258099e+01
-5.328815591390413386e-01 1.628650216698303288e-02 8.457628831650551016e-01 7.889232493381219058e+01 1.527171030461589585e-02 9.998370168733643482e-01 -9.626634675165113286e-03 -1.403604760841392629e+00 -8.457819485428486050e-01 7.785390251093728814e-03 -5.330433593265777592e-01 -2.022810558049037866e+01
-5.328977278325764955e-01 1.096944345260350215e-02 8.465939743653502214e-01 7.971975155659119139e+01 1.360745783364943409e-02 9.998977664271496701e-01 -4.398700655517753105e-03 -1.428084132331737033e+00 -8.465557553063026708e-01 9.177603880644789186e-03 -5.329926323598318527e-01 -2.074860730348511950e+01
-5.316436487958869916e-01 4.312276166382329225e-03 8.467006307802071863e-01 8.052836379394591404e+01 4.604773952706635309e-03 9.999870160687792664e-01 -2.202635156523351234e-03 -1.450544217033230998e+00 -8.466991950553193202e-01 2.721630588655057047e-03 -5.316566726508525909e-01 -2.122959331373928293e+01
-5.317938291571482345e-01 -5.702053353887886339e-04 8.475026109693102327e-01 8.135480099975703183e+01 -3.651116750312203684e-03 9.999921322005018709e-01 -1.602888247457288614e-03 -1.475174880884000173e+00 -8.474950709924284897e-01 -3.947472635942839668e-03 -5.317916906471132910e-01 -2.172535007938856211e+01
-5.278866321400508266e-01 -1.043955999449754351e-03 8.495437140871990866e-01 8.216568220366947628e+01 -9.268878605321774619e-04 9.999994348777433428e-01 6.565136230853773009e-04 -1.494760573760273381e+00 -8.495439908183255451e-01 -4.357359306294040797e-04 -5.278872530398166507e-01 -2.222426734577089391e+01
-5.264001572686874963e-01 2.404877614195771209e-03 8.505158152520438941e-01 8.297484522950894359e+01 4.002990600219925518e-03 9.999919565284586254e-01 -3.404421685315454807e-04 -1.521282564816120564e+00 -8.505098523403630262e-01 3.228213191206399414e-03 -5.264056272512566137e-01 -2.272218738947225702e+01
-5.197273324681623841e-01 5.435985476546085528e-03 8.547363624183536013e-01 8.379030575605200681e+01 5.876767425555464754e-03 9.999788922811465586e-01 -2.785278097222120084e-03 -1.538296455347177183e+00 -8.547334829297130732e-01 3.577610372344347794e-03 -5.197481604408832334e-01 -2.322454453423353726e+01
-5.115968356888853652e-01 8.122279384629511878e-03 8.589543510383906844e-01 8.460344667271820640e+01 1.128940502500633443e-02 9.999325445467025508e-01 -2.730486260619493285e-03 -1.563938736195761514e+00 -8.589187899913197644e-01 8.299117006307445837e-03 -5.116538803589766315e-01 -2.371127359168557902e+01
-5.048735782153401797e-01 9.942423024796578565e-03 8.632113141427267822e-01 8.542149890590641803e+01 1.777440242944936660e-02 9.998414857888161533e-01 -1.120822452181674100e-03 -1.589700748633519956e+00 -8.630856719685058298e-01 1.477552728647201809e-02 -5.049703418271687116e-01 -2.418100552379798174e+01
-4.930645642886635205e-01 8.748997273071625752e-03 8.702166478036489350e-01 8.624747140928425893e+01 1.578941469742103573e-02 9.998748586591217347e-01 -1.108873897545527287e-03 -1.616570073340654279e+00 -8.701175354559252950e-01 1.319181269233482730e-02 -4.931409227655388916e-01 -2.465022436638398773e+01
-4.827142556512573068e-01 5.822969517689661860e-03 8.755285605927070058e-01 8.707866438158836786e+01 1.151593550452902591e-02 9.999336921396205780e-01 -2.995523940832075485e-04 -1.628186567506413551e+00 -8.754723809019907543e-01 9.937847310531161202e-03 -4.827493551590176235e-01 -2.508672590224916377e+01
-4.709246533021543279e-01 2.741589058745480274e-03 8.822785780070108164e-01 8.791945100853264705e+01 1.314342806314263042e-02 9.999060614785117984e-01 3.906690375068256824e-03 -1.645968204638947885e+00 -8.821851240579260400e-01 1.343396785005792488e-02 -4.709165003871270128e-01 -2.553400679984076049e+01
-4.595580162732048612e-01 2.257823834845569793e-03 8.880108631445080558e-01 8.875810811970843872e+01 1.344995346108657751e-02 9.998998156803773352e-01 4.421163708171962567e-03 -1.663517205287922573e+00 -8.879120838125459381e-01 1.397743974968995891e-02 -4.595422793914559767e-01 -2.596126075001792799e+01
-4.478503965072407333e-01 5.915213452728696657e-04 8.939430672615705786e-01 8.959921735753921723e+01 1.256573263042349772e-02 9.999052096053749894e-01 5.634524449200696734e-03 -1.672569381369103159e+00 -8.938551156723859581e-01 1.376003851244142484e-02 -4.478153492919817458e-01 -2.636764315185932261e+01
-4.361162286294393842e-01 1.900481658921075127e-03 8.997591001350213613e-01 9.045193366240570754e+01 1.554021760719500114e-02 9.998645813552539119e-01 5.420280992685939069e-03 -1.690050488403738616e+00 -8.996269309526486735e-01 1.634834858977731592e-02 -4.360866477087246840e-01 -2.678300416838768783e+01
