1.0 0.0 0.0 0.0 0.0 1.0 0.0 0.0 0.0 0.0 1.0 0.0
0.99989307 0.014592114 -0.00089679856 0.12731934 -0.014590877 0.9998926 0.0013693902 0.027709961 0.0009166887 -0.0013561533 0.9999987 -0.0078125
0.99936026 0.035765585 -0.00035408942 0.2680664 -0.035763774 0.9993515 0.004225175 -0.02331543 0.0005049907 -0.004209808 0.999991 -0.0010986328
0.99793315 0.06423762 0.0019337159 0.42614746 -0.06424842 0.99791527 0.0061721974 -0.03845215 -0.0015332296 -0.006283658 0.9999791 -0.0045166016
0.9952614 0.09716206 0.0037276247 0.5905762 -0.09718211 0.9952504 0.005638817 -0.08276367 -0.00316202 -0.005974413 0.9999772 -0.00036621094
0.99096906 0.13390598 0.0070739943 0.81066895 -0.1339239 0.9909896 0.0021215293 -0.15600586 -0.006726094 -0.0030497753 0.9999727 -0.0057373047
0.985109 0.17179935 0.0071851662 0.9777832 -0.17179973 0.98513496 -0.000569861 -0.20654297 -0.0071762176 -0.0006729494 0.999974 0.0037841797
0.9760242 0.21744134 0.008673611 1.2095947 -0.21745305 0.97606003 0.0004201748 -0.28894043 -0.008374581 -0.002296569 0.9999623 -0.007080078
0.96424985 0.26466012 0.012749746 1.4085693 -0.26466626 0.9643317 -0.0012363693 -0.3684082 -0.0126220705 -0.0021829202 0.9999179 -0.004272461
0.94964397 0.31266427 0.0189863 1.6435547 -0.31266654 0.9498285 -0.0029258118 -0.49621582 -0.018949067 -0.003159543 0.99981546 -0.019042969
0.9325584 0.36027366 0.024257896 1.8702393 -0.36005682 0.932868 -0.012929228 -0.6114502 -0.027287472 0.003323461 0.999622 -0.009521484
0.9109473 0.411606 0.02759486 2.1276855 -0.4112102 0.9113457 -0.019009694 -0.7531738 -0.032971714 0.005969761 0.99943846 -0.009521484
0.886044 0.46249047 0.032047614 2.3355713 -0.4620693 0.8866185 -0.019943453 -0.9127197 -0.037636973 0.0028666742 0.99928766 -0.0126953125
0.8582318 0.51198435 0.035382383 2.5932617 -0.5114819 0.85895985 -0.022717163 -1.0895996 -0.042025432 0.0013945857 0.9991154 -0.032958984
0.82553923 0.5630756 0.037709963 2.8238525 -0.562403 0.8263988 -0.027552566 -1.3146973 -0.046679042 0.0015349742 0.99890864 -0.041625977
0.78904057 0.61307067 0.038274333 3.0621338 -0.6121603 0.78996277 -0.03354132 -1.5272217 -0.05079695 0.0030305907 0.9987042 -0.04736328
0.7517492 0.65832376 0.03723565 3.2923584 -0.6572088 0.75265723 -0.038567215 -1.7885742 -0.053417843 0.0045190994 0.99856204 -0.060913086
0.71257025 0.7006243 0.03599904 3.5129395 -0.699385 0.7134639 -0.041922487 -2.053955 -0.055053245 0.0046911743 0.9984721 -0.076171875
0.6699275 0.7416315 0.035662353 3.7366943 -0.74035215 0.6708702 -0.04363571 -2.3292236 -0.056280673 0.0028319787 0.9984109 -0.09301758
0.626986 0.77808094 0.03854704 3.965454 -0.77685255 0.628165 -0.04376999 -2.6628418 -0.05827341 -0.0025060065 0.9982974 -0.12097168
0.58595276 0.8094251 0.039230987 4.194214 -0.8081782 0.58724165 -0.045219623 -2.9920654 -0.05963192 -0.005207397 0.9982066 -0.14318848
0.54536414 0.83716446 0.040094852 4.414795 -0.8358887 0.5467786 -0.046882898 -3.3668213 -0.061172 -0.007954212 0.99809515 -0.16882324
0.506318 0.8613637 0.040119067 4.6326904 -0.8600097 0.50781417 -0.049222007 -3.7818604 -0.06277527 -0.009577295 0.9979821 -0.1821289
0.46947122 0.8820657 0.041215867 4.8410645 -0.88081783 0.4710868 -0.048787404 -4.20105 -0.06243493 -0.013396945 0.9979586 -0.21130371
0.4333307 0.9005198 0.03958945 5.0491943 -0.8993655 0.43488282 -0.047917336 -4.6602783 -0.060369506 -0.014844269 0.99806577 -0.24133301
0.3995017 0.91617787 0.03604399 5.238037 -0.91500807 0.40089157 -0.048268437 -5.1514893 -0.05865233 -0.013704509 0.9981834 -0.2722168
0.37079427 0.92823017 0.03195922 5.425659 -0.9271597 0.37196013 -0.04628436 -5.65979 -0.05483831 -0.012462992 0.9984173 -0.30065918
0.3447299 0.9382689 0.028456213 5.623291 -0.9372792 0.34571722 -0.044540707 -6.206299 -0.051630568 -0.011318394 0.9986021 -0.3310547
0.32480106 0.94552296 0.026283663 5.812256 -0.944543 0.32569537 -0.04427663 -6.7843018 -0.05042554 -0.010442146 0.9986734 -0.3659668
0.3095692 0.9505702 0.024958398 6.000366 -0.9495268 0.31042552 -0.045546662 -7.3742676 -0.051040415 -0.009602906 0.99865025 -0.39941406
0.29767552 0.9544634 0.023054738 6.194214 -0.95335096 0.2984584 -0.04676916 -7.9969482 -0.05151294 -0.008056056 0.9986397 -0.42590332
0.28549668 0.9579388 0.02562416 6.387451 -0.9567719 0.28644508 -0.04845704 -8.652222 -0.053768765 -0.010686461 0.9984964 -0.46142578
0.27504 0.9609448 0.026395634 6.593384 -0.95975745 0.27605104 -0.04919695 -9.328125 -0.05456788 -0.011798564 0.9984405 -0.49389648
0.2644405 0.96407396 0.027356025 6.7911377 -0.9627653 0.26555157 -0.05178291 -10.022095 -0.057176583 -0.012653965 0.9982832 -0.5328369
0.25615445 0.9661244 0.028732674 6.9832764 -0.9647283 0.25738245 -0.053758893 -10.755249 -0.05934682 -0.01394134 0.99814075 -0.56884766
0.24495432 0.96914345 0.028578838 7.1729736 -0.9676882 0.2462074 -0.05494312 -11.491333 -0.06028798 -0.01420947 0.9980797 -0.61364746
0.23296696 0.97198594 0.02903567 7.3515625 -0.97043246 0.23429456 -0.05693712 -12.255615 -0.06213891 -0.014897265 0.99795645 -0.65283203
0.2238577 0.9741649 0.031173447 7.534546 -0.9724575 0.22538781 -0.060069382 -13.035034 -0.06553476 -0.016868534 0.99770737 -0.6970215
0.21227233 0.9766661 0.03250371 7.712036 -0.97479004 0.21396752 -0.06318951 -13.816284 -0.068686835 -0.018272672 0.9974717 -0.7441406
0.19936821 0.97944444 0.032595653 7.8791504 -0.9772856 0.201178 -0.06755319 -14.621094 -0.07269812 -0.018396528 0.997183 -0.79174805
0.1863901 0.9818547 0.034094207 8.035767 -0.97961265 0.18837531 -0.069426775 -15.424805 -0.07456021 -0.02045364 0.9970054 -0.83947754
0.17228329 0.9843927 0.033811036 8.183472 -0.98208743 0.17430145 -0.07055193 -16.238647 -0.07535325 -0.021028632 0.99693626 -0.88500977
0.15942392 0.98664856 0.033513386 8.321045 -0.9844297 0.16143098 -0.06961906 -17.056152 -0.07414255 -0.021918021 0.9970081 -0.9349365
0.14317304 0.9891106 0.033872068 8.440674 -0.9869926 0.14522533 -0.06885584 -17.880615 -0.07301831 -0.02358742 0.9970509 -0.9831543
0.1199432 0.9921389 0.034919314 8.555786 -0.9902428 0.12206565 -0.066840716 -18.69751 -0.07055727 -0.026542813 0.997154 -1.029419
0.09701322 0.9945882 0.0370609 8.6328125 -0.99284744 0.099309675 -0.06619668 -19.537354 -0.06952186 -0.030367438 0.9971184 -1.0775146
0.0646596 0.99706703 0.040152356 8.690308 -0.9955598 0.06719482 -0.0654176 -20.379028 -0.067947276 -0.035725527 0.9970506 -1.126831
0.032588426 0.99863636 0.04078871 8.731323 -0.9972011 0.0352345 -0.06595317 -21.23462 -0.067294896 -0.038508136 0.9969897 -1.175293
-0.0018721762 0.99919647 0.040049624 8.725586 -0.9978511 0.0007572856 -0.06553563 -22.085205 -0.06550028 -0.04008666 0.9970463 -1.2178955
-0.036703 0.9985419 0.03916915 8.701172 -0.99732006 -0.03412842 -0.064457744 -22.954346 -0.063023664 -0.041455444 0.9971502 -1.258667
-0.06860401 0.99685377 0.03968985 8.6484375 -0.9958437 -0.06603708 -0.06271774 -23.807617 -0.059898455 -0.04383256 0.9972415 -1.2974854
-0.10028185 0.9941544 0.04090061 8.567871 -0.99343556 -0.09773992 -0.06004856 -24.660156 -0.055694997 -0.046628434 0.9973583 -1.3398438
-0.13467717 0.9901872 0.03756138 8.453125 -0.98963743 -0.13249609 -0.055524927 -25.518188 -0.049991947 -0.04464872 0.99775064 -1.375
-0.16444321 0.98598045 0.03112138 8.30957 -0.985477 -0.16277978 -0.05005814 -26.364624 -0.04428388 -0.038880654 0.998262 -1.40625
-0.19513641 0.9804103 0.026138198 8.133911 -0.98000073 -0.19386843 -0.044481594 -27.223999 -0.038543914 -0.034318697 0.9986675 -1.4283447
-0.22197402 0.97484756 0.019220164 7.930786 -0.9744542 -0.22111702 -0.038933214 -28.04834 -0.033704747 -0.027368471 0.999057 -1.4453125
-0.2511698 0.9678251 0.012188746 7.7092285 -0.9674502 -0.25064778 -0.033708103 -28.887573 -0.02956093 -0.020266674 0.99935716 -1.4642334
-0.27773702 0.9606727 0.0072402135 7.4699707 -0.96048 -0.27750432 -0.023494389 -29.707397 -0.02055599 -0.013469398 0.9996979 -1.4685059
-0.30010664 0.9539292 0.006924242 7.206665 -0.9539366 -0.30004907 -0.008265492 -30.510498 -0.0058071464 -0.009078853 0.9999418 -1.4680176
-0.3248296 0.9456813 0.01183306 6.935669 -0.94567466 -0.32493973 0.00898331 -31.30481 0.012339227 -0.008267254 0.9998896 -1.4599609
-0.3518815 0.93595374 0.018184053 6.647583 -0.9357021 -0.35224167 0.023405101 -32.09607 0.028308243 -0.00877478 0.99956065 -1.4505615
-0.37345567 0.92760265 0.018920477 6.333008 -0.9269659 -0.37390652 0.03467747 -32.883667 0.03922683 -0.004600372 0.9992198 -1.4193115
-0.39922956 0.9166932 0.01846055 6.008789 -0.91594017 -0.39965093 0.03720602 -33.666138 0.041488893 -0.0020530373 0.99913687 -1.3720703
-0.41999924 0.90775496 0.017094692 5.6516113 -0.9070044 -0.42034757 0.03691547 -34.44055 0.040687177 -3.422069e-05 0.99917257 -1.3305664
-0.4405631 0.8971412 0.010841401 5.2888184 -0.89656574 -0.44067222 0.03244864 -35.210327 0.03389946 0.0046078926 0.99941427 -1.2854004
-0.46227887 0.88722485 0.0027316827 4.9017334 -0.8867876 -0.46214405 0.03013074 -35.954956 0.0279846 0.01148806 0.9995426 -1.2423096
-0.47410905 0.88035333 0.00024334528 4.4940186 -0.8799112 -0.4738797 0.031563938 -36.70215 0.027903179 0.014747323 0.9995018 -1.1983643
-0.4846189 0.87524277 -0.0018078033 4.0863037 -0.87474114 -0.4842694 0.03492358 -37.42517 0.029686924 0.018484483 0.99938864 -1.1639404
-0.49650598 0.8685994 -0.0015128069 3.691162 -0.868015 -0.49610686 0.03759066 -38.12805 0.031900942 0.019958701 0.99929225 -1.1212158
-0.50298387 0.8643801 0.006602289 3.2844238 -0.8636835 -0.5028617 0.037019394 -38.840576 0.035326492 0.012910735 0.99929285 -1.0795898
-0.51476955 0.8569032 0.007536199 2.8753662 -0.85628533 -0.51470083 0.03444908 -39.536743 0.03338813 0.011283241 0.99937844 -1.0490723
-0.52426827 0.8517536 0.0066840407 2.4475098 -0.8510874 -0.52414286 0.036197137 -40.242188 0.03435203 0.013283154 0.9993221 -1.0135498
-0.53103244 0.84719425 0.0041556843 2.0042725 -0.8464684 -0.530769 0.039061457 -40.94995 0.035308156 0.017240727 0.99922794 -0.97094727
-0.5363591 0.8444017 0.005419435 1.5673828 -0.84353715 -0.53608173 0.04225377 -41.638794 0.0385884 0.018080939 0.9990923 -0.9387207
-0.53354514 0.84598804 0.0073294058 1.102417 -0.845055 -0.5333303 0.043142647 -42.382812 0.040390193 0.016814973 0.99904245 -0.89697266
-0.53119576 0.8474329 0.0048190397 0.64172363 -0.8464756 -0.530851 0.044842012 -43.125122 0.040562756 0.019732304 0.9989826 -0.8594971
-0.5244742 0.8511378 0.0057918103 0.1862793 -0.8502278 -0.5242073 0.043141115 -43.88147 0.039779056 0.017719742 0.9990517 -0.81677246
-0.51636434 0.8557902 0.0075148735 -0.2845459 -0.8548988 -0.5161937 0.041919153 -44.66333 0.039746385 0.015255109 0.9990926 -0.78125
-0.5097036 0.86022735 0.008867432 -0.74487305 -0.85931987 -0.5095969 0.04181283 -45.452393 0.040480915 0.013688007 0.9990864 -0.7331543
-0.5029913 0.864302 0.010086119 -1.1956787 -0.8634783 -0.5029708 0.039307132 -46.256104 0.03905043 0.011065649 0.99917614 -0.6932373
-0.4976759 0.8670284 0.013115683 -1.6693115 -0.86626536 -0.4977982 0.03704516 -47.09485 0.03865649 0.007089889 0.9992274 -0.6524658
-0.49617505 0.8678013 0.017926496 -2.123291 -0.86710584 -0.49649584 0.03478035 -47.932495 0.03908967 0.0017114473 0.99923426 -0.6088867
-0.4961188 0.8680285 0.019733533 -2.5968018 -0.8674197 -0.49651003 0.03252656 -48.80591 0.038020723 -0.0009855418 0.99927634 -0.56311035
-0.49748802 0.8669573 0.020295309 -3.0875244 -0.8664094 -0.4978968 0.030889366 -49.676025 0.036898717 -0.0022087619 0.99931663 -0.51782227
-0.49888432 0.8663838 0.020116508 -3.5703125 -0.86584413 -0.49928546 0.03064612 -50.555176 0.036608342 -0.002135354 0.9993278 -0.47424316
-0.49747396 0.86710465 0.020422844 -4.091919 -0.8665911 -0.49788526 0.029963415 -51.446045 0.036162123 -0.0027865502 0.9993422 -0.4296875
-0.4974778 0.8669811 0.019081391 -4.604492 -0.86648214 -0.49783993 0.029461652 -52.3562 0.035051394 -0.0018697921 0.99938375 -0.3861084
-0.497463 0.86724204 0.01984012 -5.1087646 -0.8667681 -0.49785033 0.028797913 -53.26648 0.034863915 -0.0028580625 0.99938804 -0.3359375
-0.4960455 0.86765707 0.020995574 -5.6256104 -0.86721826 -0.49647024 0.02792745 -54.206055 0.034657784 -0.004340324 0.99938947 -0.28710938
-0.49741402 0.8667665 0.021389015 -6.126953 -0.8664151 -0.4978383 0.025371239 -55.105225 0.032652203 -0.0058987043 0.9994492 -0.23706055
-0.49602214 0.8679862 0.022262571 -6.635742 -0.8676017 -0.4964836 0.026551584 -56.027466 0.034107026 -0.0061456054 0.9993994 -0.19006348
-0.49219066 0.8695601 0.021902084 -7.1553955 -0.86923826 -0.49262878 0.024635226 -56.950806 0.032221913 -0.0068889456 0.9994565 -0.14074707
-0.49459368 0.86950946 0.019466028 -7.6208496 -0.8692644 -0.49493748 0.02157507 -57.84912 0.02838023 -0.006264312 0.99957794 -0.0904541
-0.4893743 0.87226915 0.018653698 -8.175415 -0.8720637 -0.48968714 0.020013597 -58.798218 0.026582114 -0.0064848345 0.99962586 -0.044555664
-0.4855621 0.87375325 0.018494107 -8.659424 -0.8735618 -0.48586786 0.019473938 -59.695557 0.026001833 -0.0066925553 0.9996393 0.00061035156
-0.4841747 0.87472624 0.017460091 -9.156006 -0.87451094 -0.48445803 0.020170745 -60.59778 0.026102396 -0.005501461 0.99964404 0.040283203
-0.48278454 0.87536865 0.017533133 -9.637817 -0.8751315 -0.48307455 0.021025771 -61.509766 0.026861541 -0.0051848907 0.9996253 0.083862305
-0.48277894 0.8754958 0.019643985 -10.128418 -0.8752572 -0.48313022 0.021531977 -62.4104 0.02832777 -0.006787892 0.9995753 0.12927246
-0.4855776 0.8737333 0.022414874 -10.63855 -0.8734414 -0.48602948 0.023937566 -63.318237 0.03181331 -0.00794746 0.999462 0.17810059
-0.48937973 0.8716683 0.024521206 -11.122559 -0.8713843 -0.48990086 0.024199598 -64.21228 0.033093505 -0.009520486 0.99940664 0.2286377
-0.49598518 0.8682758 0.023973394 -11.61731 -0.8680141 -0.49647775 0.023249744 -65.10339 0.032083854 -0.009281191 0.99944216 0.26623535
-0.49980277 0.86632806 0.018487837 -12.133789 -0.8661213 -0.5001078 0.019878507 -65.993286 0.026459722 -0.0060848854 0.99963146 0.32092285
-0.5064028 0.8627112 0.021351391 -12.626709 -0.8625933 -0.5067606 0.01725107 -66.880615 0.025685491 -0.009696989 0.9996233 0.36328125
-0.5092126 0.8600063 0.021579094 -13.129028 -0.8598301 -0.5095959 0.019436127 -67.75488 0.027715256 -0.008643907 0.9995782 0.41027832
-0.514458 0.8568243 0.0223954 -13.628052 -0.8565746 -0.51488554 0.022105247 -68.609375 0.030464858 -0.0077912346 0.9995049 0.45043945
-0.52108884 0.8531884 0.024791839 -14.127075 -0.852954 -0.5215899 0.022178229 -69.46582 0.031840697 -0.009583287 0.9994468 0.49816895
-0.52248603 0.8521352 0.02626535 -14.646484 -0.8519141 -0.5230347 0.022195278 -70.317505 0.03264892 -0.010771146 0.99940854 0.5444336
-0.5263244 0.85049856 0.026297372 -15.156372 -0.8502964 -0.52686644 0.021576948 -71.1604 0.03219067 -0.011015851 0.9994214 0.59191895
-0.5291158 0.84827614 0.020429038 -15.676147 -0.8482057 -0.52942276 0.014566278 -72.003174 0.02318338 -0.009626726 0.99968505 0.63757324
-0.53155845 0.84755796 0.014812319 -16.207642 -0.8475984 -0.531675 0.0052120644 -72.840576 0.012282588 -0.009791708 0.99987674 0.6783447
-0.5329697 0.8463041 0.012902011 -16.731201 -0.8463605 -0.533033 0.0018245494 -73.67383 0.008416366 -0.0099450555 0.9999151 0.7084961
-0.53295916 0.8458447 0.015662082 -17.25 -0.8458594 -0.53311074 0.0076813074 -74.49988 0.014848434 -0.009154988 0.99984777 0.73291016
-0.53436506 0.84541535 0.01877964 -17.767456 -0.8453666 -0.5346188 0.012804614 -75.30884 0.020859435 -0.009036791 0.9997417 0.7615967
-0.5344 0.8448172 0.014826402 -18.294067 -0.8446301 -0.5345978 0.018006973 -76.12866 0.023148522 -0.002897452 0.99972785 0.7952881
-0.53441733 0.8453718 0.011031345 -18.827148 -0.8451798 -0.5345312 0.018015625 -76.946655 0.021130031 0.00030345377 0.9997767 0.8339844
-0.53439224 0.84554213 0.010670914 -19.343628 -0.845416 -0.5344977 0.014651267 -77.772705 0.018096695 -0.0012018215 0.99983567 0.8741455
-0.5329666 0.84581834 0.008990749 -19.849121 -0.8457695 -0.5330363 0.009439853 -78.58899 0.012780266 -0.0025709523 0.999915 0.8963623
-0.532959 0.84659255 0.0075951926 -20.371094 -0.846593 -0.53299624 0.004130376 -79.41577 0.0075427927 -0.004230982 0.9999626 0.9193115
-0.5315956 0.8466257 0.014031004 -20.853394 -0.84672517 -0.53161615 -0.0025273268 -80.22412 0.0053206114 -0.013219696 0.99989843 0.9390869
-0.53169143 0.84731436 0.020697441 -21.349976 -0.8475539 -0.53166044 -0.007416971 -81.04993 0.004699489 -0.021479525 0.9997585 0.9604492
-0.5278245 0.84940934 0.017176569 -21.851807 -0.8495796 -0.5277717 -0.007840006 -81.859375 0.0024037506 -0.018733488 0.9998218 0.97753906
-0.52636015 0.8504366 0.013517646 -22.351807 -0.85053724 -0.5263528 -0.0043667965 -82.66724 0.0033926442 -0.013800488 0.99989915 1.0004883
-0.5196893 0.8546753 0.013164677 -22.857788 -0.85475725 -0.5197199 -0.0012541302 -83.480225 0.005763732 -0.011905048 0.9999126 1.0134277
-0.5116263 0.8589339 0.008429744 -23.348877 -0.8589567 -0.51165515 0.0015332741 -84.291016 0.0056326156 -0.0064544976 0.9999633 1.0357666
-0.5049955 0.8631952 0.00194726 -23.822632 -0.86318827 -0.50499916 0.0034469045 -85.10681 0.003957307 6.0240272e-05 0.99999225 1.0585938
-0.4931564 0.87020165 0.0035087015 -24.296997 -0.8702003 -0.49316534 0.002391067 -85.92981 0.0038086849 -0.0018751583 0.9999911 1.0819092
-0.48274943 0.8755028 0.0067329425 -24.73816 -0.87552387 -0.48275778 -0.00042305537 -86.75867 0.0028814573 -0.006098289 0.9999773 1.0899658
-0.47096708 0.88225454 0.0032088067 -25.19104 -0.8822591 -0.47095728 -0.003359283 -87.59668 -0.0014526749 -0.00441169 0.9999893 1.1053467
-0.4596002 0.88798815 0.0026368697 -25.623535 -0.88798946 -0.45958996 -0.0037133498 -88.43274 -0.0020864557 -0.0040498106 0.9999897 1.1191406
-0.44788024 0.893924 0.0028230473 -26.035278 -0.8939218 -0.4478626 -0.005247236 -89.27124 -0.003425197 -0.004875944 0.9999823 1.1245117
-0.43616745 0.8997362 0.00020770798 -26.456177 -0.89973015 -0.43616363 -0.0038013977 -90.121216 -0.0033283748 -0.0018449315 0.9999928 1.1378174
-0.4235078 0.90613157 0.0015086778 -26.843872 -0.90613216 -0.42350864 0.00033324794 -90.970215 0.0009403259 -0.0012258884 0.99999887 1.1505127
-0.41228604 0.91088474 0.0049680667 -27.218994 -0.910843 -0.412315 0.00874665 -91.80847 0.01002075 -0.00091929035 0.99994946 1.1646729
-0.39903665 0.91692305 0.00514867 -27.58667 -0.9168403 -0.39906994 0.012316119 -92.65027 0.013352158 0.00019645282 0.9999108 1.189209
-0.38717246 0.92179775 0.006624764 -27.9375 -0.9217452 -0.38722292 0.01009018 -93.50427 0.011873806 -0.002197891 0.99992704 1.1973877
-0.3753549 0.92668015 0.0043721804 -28.284058 -0.9266599 -0.37537673 0.006350252 -94.369995 0.0075314413 -0.0016688987 0.99997014 1.2266846
-0.3652131 0.9309735 0.008747732 -28.60962 -0.9309601 -0.3652773 0.0073936908 -95.22815 0.0100767 -0.0054449756 0.9999344 1.2475586
-0.35852152 0.9332437 0.015049765 -28.924072 -0.93321645 -0.35870543 0.012060573 -96.09265 0.016652457 -0.009713037 0.9998139 1.272583
-0.35346907 0.93521947 0.022879703 -29.244019 -0.93520147 -0.35386768 0.016578296 -96.96472 0.0235897 -0.015525338 0.9996009 1.2944336
-0.34816822 0.9368376 0.02782859 -29.556396 -0.9369082 -0.34869027 0.016682673 -97.84314 0.02534864 -0.020262076 0.9994731 1.3254395
-0.34680566 0.9377443 0.029534396 -29.859863 -0.9378635 -0.347361 0.016244847 -98.715576 0.025473919 -0.022079075 0.99943185 1.3585205
-0.33948708 0.9399719 0.034274127 -30.167114 -0.94023883 -0.34013736 0.015189594 -99.594604 0.025934 -0.027062494 0.999297 1.4020996
-0.3358232 0.9415799 0.03157383 -30.47168 -0.94182163 -0.33635998 0.01344179 -100.474976 0.02326112 -0.025214016 0.9994113 1.4298096
-0.32921743 0.94396526 0.029876713 -30.7771 -0.94427127 -0.32958922 0.008382127 -101.337524 0.017756639 -0.025457319 0.99951833 1.4543457
-0.3233081 0.9457104 0.030486878 -31.074951 -0.94608027 -0.32361472 0.0055827927 -102.22766 0.015155766 -0.027030136 0.9995195 1.4876709
-0.31837118 0.9474002 0.037049126 -31.34851 -0.9479807 -0.31875998 0.004954773 -103.09656 0.016496181 -0.033533257 0.9993013 1.5183105
-0.3119084 0.9492301 0.04648789 -31.61023 -0.95019454 -0.31241262 0.0038379794 -103.95715 0.018145569 -0.042981878 0.9989116 1.5426025
-0.3045775 0.9514099 0.047192756 -31.886108 -0.95232105 -0.30527368 0.008161014 -104.82971 0.022142319 -0.042440943 0.9988533 1.5772705
-0.2963405 0.9538372 0.044535056 -32.157837 -0.9545767 -0.2970931 0.011189816 -105.69653 0.023916794 -0.039192583 0.9989449 1.6156006
-0.28983793 0.956009 0.045351792 -32.41638 -0.95684624 -0.29049626 0.008528716 -106.57117 0.02131436 -0.04091743 0.9989351 1.6456299
-0.28268954 0.95824945 0.044517197 -32.667847 -0.95913786 -0.28314865 0.004241467 -107.43445 0.016657824 -0.041488256 0.9990001 1.6707764
-0.2739949 0.960481 0.04498321 -32.918945 -0.9614457 -0.2743042 0.00071223546 -108.32593 0.013057961 -0.04305498 0.99898696 1.7039795
-0.26814127 0.96211207 0.048040137 -33.148804 -0.96316546 -0.26863495 0.0040035793 -109.198975 0.016776904 -0.045211244 0.99883676 1.7315674
-0.26249012 0.96371794 0.049168117 -33.37915 -0.9647579 -0.26316178 0.0076032365 -110.06885 0.020264734 -0.04541303 0.9987621 1.7600098
-0.25442743 0.96592635 0.04988721 -33.608154 -0.9669737 -0.25517562 0.009150604 -110.94141 0.021563292 -0.04591531 0.99871296 1.779541
-0.24799858 0.9675547 0.050589107 -33.821045 -0.9686673 -0.24869132 0.00780767 -111.82788 0.020113219 -0.04707282 0.9986895 1.8118896
-0.23860322 0.9701398 0.04605167 -34.040894 -0.9710639 -0.2391763 0.007281955 -112.707275 0.018076966 -0.042971764 0.99891263 1.8430176
-0.23209548 0.97188103 0.041765254 -34.25354 -0.97261214 -0.23263334 0.008458933 -113.58618 0.017909696 -0.038642053 0.99909246 1.8676758
-0.22413637 0.9736131 0.04200863 -34.46411 -0.9743587 -0.22467375 0.008472848 -114.48181 0.017700022 -0.039036985 0.999081 1.9104004
-0.21625721 0.97511315 0.046784908 -34.651367 -0.9760575 -0.21688187 0.00865098 -115.378784 0.018581958 -0.043786664 0.9988678 1.9416504
-0.21003176 0.9763179 0.052093104 -34.832275 -0.977577 -0.21057105 0.00503399 -116.27234 0.015862377 -0.049853407 0.99863046 1.9711914
-0.2064419 0.9773805 0.048209514 -35.023926 -0.9784511 -0.20692776 0.005273353 -117.184814 0.015097417 -0.04606291 0.9988244 2.0008545
-0.20136595 0.9784955 0.047208868 -35.210083 -0.97950876 -0.20187531 0.006256334 -118.063965 0.015623613 -0.04499749 0.9988659 2.0153809
-0.19410932 0.979852 0.04547593 -35.39807 -0.9807792 -0.19462286 0.0071122414 -118.971924 0.01581936 -0.043228514 0.99894005 2.0445557
-0.18921483 0.9811642 0.039912328 -35.59021 -0.98186725 -0.18964064 0.007135768 -119.85535 0.014561358 -0.037829887 0.99917805 2.0600586
-0.18262698 0.9826147 0.03124659 -35.77112 -0.9830603 -0.18284999 0.0044098618 -120.74219 0.010058022 -0.02991872 0.9995017 2.0898438
-0.17913222 0.9834255 0.029480873 -35.92688 -0.98382777 -0.17931342 0.0036007878 -121.62854 0.008827166 -0.028365068 0.9995588 2.1188965
-0.17413677 0.98426056 0.031139512 -36.079956 -0.9846956 -0.17438078 0.0052816216 -122.52368 0.0106267985 -0.02974681 0.9995011 2.1298828
-0.17066623 0.9847521 0.033398934 -36.226074 -0.98524135 -0.17097865 0.0067069465 -123.39844 0.012324984 -0.031755794 0.99941945 2.1507568
-0.17002155 0.98489296 0.03419667 -36.367798 -0.98541045 -0.17033626 0.0064882822 -124.28174 0.012208392 -0.0325777 0.99939436 2.1715088
-0.16788886 0.9851618 0.03455582 -36.51477 -0.9857119 -0.16814853 0.004727978 -125.16504 0.010466742 -0.03326333 0.9993917 2.1929932
-0.16792311 0.98536175 0.03229793 -36.66089 -0.98587316 -0.16802798 0.0005472435 -126.04724 0.0059632384 -0.031754605 0.9994781 2.2109375
-0.16647887 0.98555624 0.030060336 -36.81201 -0.9860147 -0.16640568 -0.0049321256 -126.92908 0.00014483929 -0.03047263 0.9995357 2.231079
-0.16521835 0.98577577 0.031649966 -36.95398 -0.98628324 -0.16510189 -0.0062757954 -127.80481 -0.0009643715 -0.03225175 0.9994795 2.2426758
-0.16514933 0.9858774 0.03129292 -37.09778 -0.98637074 -0.1651435 -0.0027913773 -128.66919 0.002407699 -0.031312693 0.9995067 2.2574463
-0.16359542 0.98599243 0.03160944 -37.240112 -0.98648167 -0.16369928 0.0007055807 -129.53064 0.0058786646 -0.031072292 0.99949986 2.2712402
-0.16300368 0.986053 0.034291077 -37.377686 -0.9866377 -0.16306984 -0.0008726143 -130.396 0.004721172 -0.033975326 0.9994117 2.2818604
-0.16300617 0.98593134 0.035504304 -37.512207 -0.9865534 -0.16310944 1.5422702e-06 -131.26709 0.0058048735 -0.035020936 0.99936956 2.2957764
-0.16142665 0.9863902 0.030477384 -37.660156 -0.9868455 -0.16152145 0.0006605857 -132.11914 0.005582951 -0.029985499 0.99953496 2.3111572
-0.16225038 0.9863167 0.03148598 -37.79712 -0.9867855 -0.16242564 0.0030704872 -132.98474 0.00813957 -0.030559678 0.9994996 2.3306885
-0.16154514 0.9860076 0.041221693 -37.923584 -0.9868251 -0.16179168 0.0027000774 -133.83887 0.0093333535 -0.04025744 0.99914616 2.3424072
-0.16093218 0.98589236 0.04714352 -38.042603 -0.9869314 -0.1613697 0.0056094546 -134.6925 0.013127032 -0.045625325 0.99887264 2.3613281
-0.16085625 0.9858493 0.046271607 -38.173706 -0.9868008 -0.16142882 0.008897072 -135.53918 0.016233636 -0.044232603 0.9988894 2.3897705
-0.16081893 0.98600084 0.04472553 -38.309692 -0.98687106 -0.16140427 0.009777013 -136.37854 0.016860109 -0.042576123 0.9989512 2.4169922
-0.15801874 0.9864961 0.044634905 -38.431885 -0.98737067 -0.15858139 0.009352719 -137.21631 0.016279478 -0.042597786 0.9989601 2.4459229
-0.15726854 0.9869476 0.03738177 -38.57617 -0.98753375 -0.15773046 0.0097337505 -138.06995 0.015494988 -0.035388343 0.99925375 2.46167
-0.15360107 0.98760873 0.031517625 -38.704834 -0.9880475 -0.15387712 0.006515896 -138.9154 0.0112882275 -0.030149642 0.99948174 2.4910889
-0.15230943 0.98794657 0.025401589 -38.840454 -0.988265 -0.15236212 0.00013577659 -139.75073 0.004008596 -0.025083223 0.99967724 2.5178223
-0.14946342 0.98863214 0.01925799 -38.961304 -0.98881763 -0.14947416 -0.00088742 -140.57654 0.0019997312 -0.01917163 0.9998141 2.5368652
-0.14383675 0.98945326 0.021098739 -39.074463 -0.98964506 -0.14397348 0.0051135025 -141.39404 0.008083578 -0.02014589 0.9997643 2.5517578
-0.13739552 0.9902995 0.018966304 -39.189453 -0.99042314 -0.13756967 0.008202571 -142.22156 0.010731384 -0.017665315 0.9997864 2.5644531
-0.12840463 0.99155563 0.017978828 -39.30127 -0.99166596 -0.12856376 0.0079842415 -143.08301 0.01023086 -0.016802302 0.9998066 2.5786133
-0.11715925 0.9929872 0.017221253 -39.395386 -0.99310946 -0.117266886 0.005375849 -143.90039 0.007360936 -0.01648056 0.9998373 2.5880127
-0.10465384 0.9943919 0.011129865 -39.484375 -0.99444485 -0.10469496 0.0031807884 -144.68384 0.0043285787 -0.010735698 0.99993306 2.6105957
-0.092853904 0.99567163 0.0057527777 -39.579224 -0.9956781 -0.09287751 0.0039834455 -145.55774 0.0045020804 -0.005360117 0.99997556 2.642456
-0.07632005 0.9970701 0.005129125 -39.642456 -0.9970624 -0.07635069 0.006062111 -146.33789 0.0064377645 -0.0046527795 0.99996847 2.6588135
-0.06403638 0.9979487 0.0038801385 -39.687256 -0.99793464 -0.0640601 0.0063426862 -147.13281 0.0065778634 -0.0034668744 0.9999724 2.6760254
-0.051039208 0.9986933 -0.0010490809 -39.73059 -0.99866444 -0.051029544 0.0077381013 -147.90588 0.0076747183 0.0014431812 0.99996954 2.6844482
-0.036850575 0.999337 0.0027530007 -39.753662 -0.9992444 -0.03688525 0.013798583 -148.71924 0.013889484 -0.002245021 0.99990106 2.7089844
-0.023996824 0.99964756 0.010564938 -39.753174 -0.99944043 -0.024231434 0.022669706 -149.46143 0.022920527 -0.010002797 0.9996871 2.7231445
-0.010606765 0.9998272 0.015471546 -39.746338 -0.99947125 -0.011077405 0.030679319 -150.2489 0.030829541 -0.015148996 0.99941 2.7540283
