1.0 0.0 0.0 0.0 0.0 1.0 0.0 0.0 0.0 0.0 1.0 0.0
0.9999332 0.011416082 0.0018323998 0.2947998 -0.01141064 0.99993056 -0.002953856 -0.009277344 -0.0018659902 0.0029327504 0.999994 0.0075683594
0.9998192 0.018943965 0.0016852014 0.57836914 -0.018936444 0.99981123 -0.004374052 -0.026367188 -0.0017676947 0.0043413653 0.99998903 0.0025634766
0.9997968 0.020147506 0.0007420089 0.8787842 -0.020141397 0.9997692 -0.0074808896 -0.034301758 -0.00089252694 0.0074644275 0.99997175 0.0126953125
0.99983394 0.018212004 -0.00046776893 1.1871338 -0.01821529 0.9997988 -0.008394189 -0.03564453 0.00031473004 0.0084013175 0.99996465 0.014038086
0.9999257 0.012058024 -0.0017889794 1.505249 -0.012075962 0.99987316 -0.010380414 -0.041748047 0.0016635603 0.010401248 0.9999445 0.0063476562
0.9999947 6.2597275e-05 -0.0032525253 1.826294 -0.000103882805 0.9999194 -0.01269648 -0.037475586 0.0032514683 0.01269675 0.9999141 0.016357422
0.9998761 -0.015323732 -0.0035947533 2.1568604 0.015279654 0.9998114 -0.011982342 -0.01953125 0.0037777233 0.011925915 0.99992174 0.023925781
0.99939346 -0.03461812 -0.00382791 2.5009766 0.03459462 0.99938333 -0.0060429065 0.01171875 0.004034711 0.0059067993 0.9999744 0.030761719
0.99851096 -0.054355938 -0.004670322 2.8503418 0.054346748 0.9985202 -0.0020720265 0.049926758 0.004776041 0.0018151691 0.99998695 0.029174805
0.99719495 -0.07462414 -0.0057338746 3.2158203 0.074616045 0.99721074 -0.0016142536 0.087524414 0.0058383504 0.001181966 0.99998224 0.028076172
0.9955305 -0.094295755 -0.0051662736 3.593628 0.094266534 0.99553066 -0.0056329956 0.13574219 0.005674516 0.0051207924 0.9999708 0.032592773
0.993364 -0.11495193 -0.0043009883 3.9833984 0.11492837 0.9933615 -0.0053734956 0.18762207 0.004890066 0.004843699 0.99997634 0.03845215
0.99105924 -0.13339475 -0.003550353 4.376831 0.13337901 0.9910582 -0.004351422 0.2545166 0.004099004 0.0038391016 0.9999842 0.039794922
0.98897666 -0.14803503 -0.0033755964 4.7855225 0.14802422 0.9889787 -0.0032572364 0.32983398 0.0038205222 0.0027217113 0.999989 0.04675293
0.98684335 -0.1616187 -0.0035046246 5.20874 0.16160809 0.9868464 -0.0031282487 0.40673828 0.003964112 0.0025205992 0.999989 0.051757812
0.9843896 -0.17591408 -0.0041095717 5.64209 0.17589238 0.9843886 -0.005150717 0.49230957 0.004951498 0.0043471977 0.9999783 0.052124023
0.9829686 -0.18366055 -0.005575422 6.0897217 0.1836013 0.9829473 -0.009741639 0.5740967 0.0072697215 0.0085518295 0.999937 0.059692383
0.9814731 -0.1914632 -0.007571077 6.5582275 0.19141826 0.98149097 -0.006277932 0.6748047 0.0086326655 0.004712329 0.99995166 0.07043457
0.9797833 -0.19979991 -0.009829554 7.0426025 0.1997335 0.97981864 -0.0073393886 0.78100586 0.0110976845 0.0052274982 0.9999248 0.0657959
0.9785377 -0.20570055 -0.012050371 7.5267334 0.20561576 0.9785977 -0.007909602 0.8868408 0.013419775 0.005262296 0.9998961 0.07104492
0.9766487 -0.21440753 -0.013064065 8.026123 0.21426007 0.97669697 -0.011815942 0.99731445 0.015293276 0.008740286 0.9998448 0.07788086
0.9747347 -0.2229811 -0.0129734995 8.54541 0.22275431 0.9747262 -0.016899116 1.1120605 0.016414065 0.013582617 0.99977297 0.09265137
0.9729353 -0.23061095 -0.0147119975 9.067871 0.23033637 0.9729405 -0.018236976 1.2303467 0.018520202 0.014354409 0.9997254 0.107299805
0.97058594 -0.239914 -0.019992309 9.60144 0.23964497 0.97074336 -0.014948122 1.3826904 0.022992838 0.009715631 0.9996882 0.10473633
0.9686017 -0.2473749 -0.025038464 10.141724 0.24714549 0.96891034 -0.011924138 1.5345459 0.027209727 0.005362816 0.9996154 0.114746094
0.9661522 -0.2566788 -0.02526429 10.7039795 0.25638163 0.96645343 -0.014425931 1.6859131 0.02812123 0.00746029 0.99957675 0.13110352
0.96386254 -0.26490676 -0.02760081 11.268555 0.26453242 0.9642191 -0.016498674 1.8441162 0.03098496 0.008600962 0.9994829 0.15258789
0.96171415 -0.27236885 -0.030707944 11.853882 0.27197358 0.96217513 -0.016462408 2.0186768 0.034030713 0.007481478 0.9993927 0.17138672
0.9590946 -0.28098148 -0.034667775 12.4453125 0.28061083 0.95970845 -0.015232999 2.2044678 0.03754963 0.0048830025 0.99928284 0.18701172
0.95703244 -0.2872032 -0.039855488 13.037598 0.28678662 0.9578541 -0.015926424 2.3881836 0.042751037 0.0038129322 0.9990787 0.21459961
0.9549252 -0.29311952 -0.046685755 13.6521 0.2926191 0.9560616 -0.017370522 2.5836182 0.04972584 0.0029227575 0.9987582 0.24389648
0.9531664 -0.29720888 -0.055680245 14.2734375 0.29663432 0.9547901 -0.018509105 2.786377 0.058665574 0.001124491 0.9982775 0.27062988
0.95154154 -0.30073288 -0.06417601 14.911743 0.30019838 0.9536994 -0.018045329 2.9937744 0.066632584 -0.0020900848 0.99777657 0.31176758
0.9493265 -0.3055598 -0.073852524 15.555908 0.30509648 0.9521786 -0.017751658 3.215454 0.07574326 -0.005677875 0.99711037 0.3470459
0.9474424 -0.30946094 -0.08108141 16.204346 0.30914348 0.9508599 -0.01675306 3.432373 0.08228378 -0.009190874 0.9965679 0.39868164
0.9456877 -0.31288412 -0.08819782 16.87085 0.31270978 0.9497106 -0.016145254 3.6641846 0.088814035 -0.012308337 0.9959733 0.45483398
0.94337326 -0.3179676 -0.09460167 17.553955 0.31809726 0.94795465 -0.014105869 3.9111328 0.09416476 -0.016780125 0.99541676 0.51586914
0.94174755 -0.3207674 -0.10112382 18.241333 0.3212933 0.9469132 -0.011491708 4.1608887 0.099440426 -0.021666713 0.9948077 0.58691406
0.9390387 -0.3268726 -0.10633924 18.937988 0.32776982 0.9446814 -0.009426072 4.4139404 0.10353981 -0.026008727 0.99428654 0.65563965
0.9378046 -0.32988703 -0.10825251 19.650269 0.33101696 0.9436019 -0.007881087 4.6799316 0.10474641 -0.028434852 0.9940938 0.7293701
0.93496597 -0.33804032 -0.1076912 20.370605 0.33922705 0.94069093 -0.0076579256 4.9451904 0.10389364 -0.029372193 0.9941533 0.8112793
0.9332234 -0.3432789 -0.106326684 21.104492 0.34429565 0.9388429 -0.009218719 5.2213135 0.10298732 -0.027994372 0.99428934 0.8890381
0.9310047 -0.34969214 -0.104256436 21.843018 0.3508018 0.93637514 -0.008109633 5.503296 0.100458905 -0.029038792 0.99451613 0.9719238
0.92887706 -0.3562997 -0.10154102 22.579956 0.35740224 0.9339566 -0.007731702 5.796509 0.09759022 -0.029096194 0.9948023 1.0523682
0.9249266 -0.3675772 -0.09699877 23.349731 0.36891323 0.9294563 -0.0044295974 6.1104736 0.0917854 -0.031675994 0.99527746 1.1300049
0.9221512 -0.37558994 -0.09253395 24.099365 0.37684712 0.9262621 -0.0041554207 6.425049 0.087272435 -0.03103866 0.99570125 1.2076416
0.9192473 -0.38334706 -0.0898696 24.86731 0.38490406 0.92298067 -3.4980476e-06 6.755371 0.08294781 -0.034575537 0.9959551 1.2818604
0.916043 -0.39116958 -0.08859361 25.630249 0.3928034 0.9196211 0.0010920726 7.093628 0.08104341 -0.035802763 0.9960667 1.3543701
0.91202426 -0.40048772 -0.08844216 26.405396 0.40222478 0.9155374 0.00200635 7.4379883 0.08017089 -0.037396416 0.996081 1.4255371
0.90839225 -0.4088482 -0.08750444 27.180786 0.41050267 0.91185546 0.0009935852 7.791382 0.07938327 -0.036831718 0.996162 1.4926758
0.9045232 -0.41750383 -0.086825654 27.96875 0.4193844 0.9078073 0.0037981928 8.168457 0.077233575 -0.039850242 0.99621576 1.5560303
0.90056384 -0.42656186 -0.08401184 28.755615 0.42829788 0.90364844 0.0029469086 8.550537 0.07465902 -0.03863211 0.99646056 1.6269531
0.89819825 -0.43238357 -0.07904635 29.55664 0.43393153 0.9009227 0.0026837261 8.943237 0.0700527 -0.036717836 0.99686664 1.6911621
0.8941308 -0.44162512 -0.07434564 30.371582 0.44314945 0.89645505 0.004534689 9.350586 0.06464575 -0.037008677 0.9972206 1.7531738
0.8915306 -0.4473475 -0.07096942 31.167969 0.44880965 0.89360166 0.005320186 9.765503 0.06104181 -0.036593627 0.99746484 1.8134766
0.8871745 -0.45643932 -0.0680718 31.993042 0.45780247 0.88906705 0.005077602 10.196289 0.058203142 -0.03566377 0.99766755 1.8720703
0.88465744 -0.46148577 -0.06652204 32.82898 0.46273893 0.88649404 0.003925748 10.633911 0.057159264 -0.034258705 0.99777657 1.9309082
0.8825394 -0.46573704 -0.06502641 33.66394 0.46696284 0.8842748 0.0042122127 11.086548 0.05554311 -0.034077752 0.9978752 1.9829102
0.8784548 -0.47359344 -0.063702896 34.50659 0.47469506 0.8801644 0.0024843893 11.548218 0.054894574 -0.03241768 0.9979661 2.0386963
0.8765394 -0.47731987 -0.062417995 35.364502 0.4783335 0.8782061 0.0014893329 12.017212 0.054105416 -0.031157205 0.99804914 2.0941162
0.8743417 -0.4813141 -0.062637515 36.22876 0.4823066 0.876036 0.0008365982 12.500122 0.054471087 -0.030935869 0.99803627 2.152588
0.8726612 -0.48396903 -0.06409938 37.106934 0.48496908 0.8744576 5.0339382e-05 12.99353 0.056029893 -0.031136068 0.9979438 2.206543
0.8735002 -0.4827095 -0.06222264 37.992065 0.48363504 0.8752024 -0.00020974223 13.496826 0.054561574 -0.029916542 0.99806243 2.2653809
0.87236357 -0.4849276 -0.06083405 38.88965 0.48582935 0.87398064 3.706524e-05 14.00061 0.053150848 -0.029590856 0.9981484 2.3190918
0.8723622 -0.48522905 -0.059370052 39.799072 0.48601124 0.8739446 -0.0014446528 14.519653 0.05258479 -0.027595581 0.99823475 2.3780518
0.8723688 -0.4852551 -0.059758395 40.720703 0.48592573 0.87403286 -0.003718602 15.035889 0.054035205 -0.025789246 0.9982059 2.4382324
0.86999065 -0.48935896 -0.059125666 41.64673 0.48996168 0.8716451 -0.004827615 15.567749 0.053900838 -0.024774604 0.9982392 2.4953613
0.8705703 -0.4888257 -0.057116773 42.58008 0.4892825 0.87216026 -0.00664278 16.100952 0.053063016 -0.022154087 0.9983456 2.5496826
0.8670921 -0.49534816 -0.05255721 43.511597 0.49575278 0.8684325 -0.0059629474 16.632568 0.04859245 -0.020887587 0.9985997 2.6064453
0.86530775 -0.49897975 -0.04782462 44.441162 0.499273 0.86643517 -0.0064525725 17.17102 0.044659637 -0.018291723 0.99883485 2.6671143
0.8616403 -0.50559616 -0.04443249 45.36853 0.5058101 0.8626302 -0.007117899 17.718018 0.04192639 -0.016337559 0.9989872 2.72583
0.8556079 -0.5155135 -0.045469232 46.287598 0.5156098 0.8566928 -0.010492701 18.27002 0.04436294 -0.014469662 0.99891067 2.7827148
0.8504617 -0.52391344 -0.047847763 47.192505 0.5239505 0.8516879 -0.012765385 18.82544 0.047439814 -0.014207975 0.99877334 2.8428955
0.8440153 -0.5341235 -0.047336146 48.108887 0.53408897 0.84523994 -0.014436875 19.411499 0.047723826 -0.013099392 0.99877495 2.9001465
0.83863884 -0.5429394 -0.042933214 49.015625 0.5430025 0.8396215 -0.011199675 20.004272 0.0421277 -0.013919685 0.99901545 2.9543457
0.8343104 -0.54988533 -0.040881127 49.91211 0.5500516 0.8351628 -0.008069139 20.609497 0.03857942 -0.015749471 0.9991316 3.003296
0.829906 -0.55635947 -0.042135023 50.799072 0.5566109 0.83078074 -0.006597519 21.217285 0.038673602 -0.01797856 0.99909 3.0552979
0.82667303 -0.56080586 -0.047142416 51.685547 0.5610773 0.8277883 -0.008505436 21.82605 0.043794893 -0.019411948 0.99885225 3.1098633
0.8232995 -0.5649556 -0.05356079 52.55786 0.5652357 0.82477134 -0.011220485 22.4375 0.050518226 -0.021040905 0.99850184 3.1693115
0.8189801 -0.57099414 -0.05535906 53.44507 0.5712902 0.82055634 -0.011885318 23.058105 0.052213885 -0.021894788 0.99839646 3.2261963
0.8175647 -0.57337886 -0.052038673 54.31543 0.573676 0.81894386 -0.010524704 23.680786 0.048653327 -0.021258447 0.9985891 3.2838135
0.8141344 -0.57885057 -0.047527306 55.2063 0.5791868 0.8152454 -0.007765379 24.314331 0.04323943 -0.021205308 0.9988391 3.3391113
0.8117473 -0.58231854 -0.044542436 56.079346 0.5826271 0.8127171 -0.0070557147 24.954834 0.04030701 -0.0202264 0.99898225 3.3916016
0.80856514 -0.58652264 -0.04569609 56.947754 0.5869051 0.8095568 -0.005961902 25.597168 0.040489607 -0.022009928 0.998937 3.4458008
0.80442 -0.5921086 -0.046720725 57.81494 0.59247786 0.8054734 -0.006994809 26.255127 0.041776292 -0.022055835 0.9988836 3.4954834
0.80000085 -0.5981068 -0.048703216 58.688232 0.59839267 0.80120593 -0.010095398 26.898193 0.045057405 -0.021071875 0.9987614 3.550415
0.7964415 -0.6026089 -0.04831937 59.552734 0.60282314 0.7976591 -0.011654687 27.55774 0.04556799 -0.019857768 0.9987635 3.6062012
0.79152113 -0.6092381 -0.046669755 60.423584 0.60942346 0.7926656 -0.011792271 28.23938 0.044183042 -0.01911445 0.9988405 3.6594238
0.7873183 -0.6148525 -0.04545157 61.279297 0.6150389 0.7884009 -0.011417405 28.91272 0.042853814 -0.018961484 0.99890155 3.7131348
0.78169245 -0.6219298 -0.04612329 62.13452 0.62211156 0.7828143 -0.012044577 29.597656 0.043602098 -0.019275544 0.9988634 3.7731934
0.77728254 -0.6275149 -0.046438664 62.98584 0.6276219 0.77845556 -0.014054304 30.29248 0.044968084 -0.018218327 0.9988223 3.831543
0.7713826 -0.63455576 -0.04644893 63.830322 0.6346284 0.7725731 -0.015062742 30.989868 0.04544512 -0.017861664 0.9988072 3.8814697
0.76670957 -0.640147 -0.046878126 64.67871 0.64016587 0.7679462 -0.016580263 31.707397 0.0466192 -0.017300872 0.99876314 3.9438477
0.75995386 -0.6483109 -0.04693747 65.52026 0.64818615 0.76124823 -0.01989092 32.43164 0.04862809 -0.015307996 0.9986996 4.0008545
0.75267696 -0.6567086 -0.046537366 66.366455 0.65660435 0.75394905 -0.019635394 33.162354 0.047985412 -0.015775958 0.99872375 4.0625
0.74797237 -0.6621928 -0.04382466 67.20703 0.6620125 0.7491318 -0.020594891 33.907593 0.046467975 -0.013615387 0.9988267 4.1191406
0.74243355 -0.66842085 -0.042745285 68.039795 0.6681581 0.7435658 -0.022267923 34.664673 0.046673983 -0.01203507 0.9988378 4.175049
0.7355844 -0.67614794 -0.042645767 68.865234 0.6758995 0.7367138 -0.022181213 35.435425 0.04641626 -0.012510235 0.9988438 4.225464
0.72875917 -0.6834454 -0.042566296 69.68359 0.6830497 0.72992617 -0.025519697 36.20288 0.048505045 -0.010477237 0.9987678 4.289795
0.72311103 -0.6892794 -0.044356775 70.5083 0.68895346 0.7243587 -0.024704086 36.999146 0.04916169 -0.012693225 0.9987106 4.348755
0.71717674 -0.69566035 -0.042762116 71.32324 0.69531566 0.7183524 -0.024901718 37.801636 0.048042554 -0.011869661 0.99877506 4.409424
0.7137001 -0.6992204 -0.04247041 72.13428 0.6988778 0.7148639 -0.024910972 38.60388 0.047779094 -0.011903031 0.99878705 4.4716797
0.70716697 -0.7058646 -0.04296874 72.94971 0.7054569 0.7083783 -0.026601955 39.42444 0.04920952 -0.011500591 0.99872196 4.534546
0.7025363 -0.71014637 -0.045557547 73.764404 0.7097189 0.7038954 -0.027774569 40.25537 0.051790256 -0.012826153 0.99857527 4.6014404
0.69868755 -0.7139239 -0.046508025 74.57715 0.71341294 0.7001236 -0.029713703 41.08191 0.053778227 -0.012419395 0.9984758 4.664795
0.6917759 -0.72051466 -0.04743552 75.37378 0.7199667 0.69328254 -0.03087689 41.931885 0.055128515 -0.012796195 0.9983969 4.732666
0.6870834 -0.7251446 -0.045225263 76.17944 0.72453344 0.68848234 -0.031717017 42.790405 0.054142557 -0.010970878 0.99847347 4.7977295
0.6825114 -0.72958297 -0.043428514 76.985596 0.7288966 0.68382967 -0.032935742 43.651123 0.053730678 -0.009170321 0.9985138 4.869751
0.6763154 -0.73545283 -0.042579647 77.78589 0.7347698 0.67759454 -0.032944173 44.52368 0.053074636 -0.008998665 0.9985501 4.946167
0.6735444 -0.7379608 -0.04250627 78.57959 0.7371967 0.67483556 -0.03452552 45.399902 0.05416476 -0.008074878 0.9984998 5.0079346
0.6684619 -0.7425975 -0.040925816 79.372314 0.7417645 0.6696827 -0.035751775 46.285156 0.053955577 -0.006463883 0.9985221 5.0773926
0.6636867 -0.746847 -0.04063142 80.14624 0.74597484 0.6649021 -0.03658181 47.177612 0.05433823 -0.0060368394 0.99850404 5.1400146
0.66094357 -0.74960077 -0.03824473 80.94116 0.7485663 0.6620448 -0.039436437 48.08545 0.054879103 -0.0025694366 0.9984891 5.2088623
0.6560103 -0.7538754 -0.038195472 81.71973 0.75255895 0.657121 -0.04453496 48.98755 0.058665864 0.0004765126 0.9982776 5.2802734
0.6513454 -0.7579308 -0.036715906 82.5083 0.75639445 0.6523686 -0.04837572 49.9021 0.060616057 0.0037403721 0.99815416 5.3531494
0.6463791 -0.76237494 -0.03176551 83.298584 0.7606152 0.6470833 -0.052706793 50.829346 0.060737293 0.009908497 0.9981047 5.4277344
0.6372523 -0.7702253 -0.02689307 84.085205 0.7683 0.6376343 -0.05654574 51.757812 0.06070302 0.015369228 0.99803734 5.5108643
0.6298889 -0.7762883 -0.023024665 84.86621 0.7743416 0.6300303 -0.058057096 52.696045 0.059580293 0.018750446 0.99804825 5.5943604
0.61965954 -0.7844642 -0.020928295 85.627686 0.7826146 0.6197219 -0.05708328 53.66797 0.05776403 0.018985463 0.9981495 5.6574707
0.6109605 -0.79145247 -0.019091304 86.38745 0.7895698 0.6109136 -0.058290016 54.64673 0.05779879 0.020536195 0.99811685 5.7452393
0.60227734 -0.79814893 -0.019945018 87.12988 0.7962094 0.60228807 -0.05897016 55.633545 0.059065245 0.019632313 0.99806064 5.8217773
0.591296 -0.80631226 -0.019629836 87.858154 0.8041603 0.5912415 -0.06257616 56.63037 0.062049806 0.021216266 0.9978475 5.902832
0.5823735 -0.8126486 -0.021255152 88.58545 0.81045127 0.5824415 -0.06276247 57.63916 0.06337995 0.019315291 0.99780184 5.979126
0.57179385 -0.8202471 -0.016243352 89.31152 0.818008 0.5715236 -0.065122366 58.661377 0.0626967 0.023940397 0.9977448 6.065796
0.56194115 -0.82699186 -0.013971848 90.01318 0.8248459 0.5615718 -0.06446389 59.685303 0.061160225 0.02470292 0.9978224 6.1516113
0.5504901 -0.8347699 -0.01320996 90.70459 0.8325684 0.55007637 -0.06558725 60.735596 0.06200588 0.025109123 0.9977599 6.234497
0.5409544 -0.84094775 -0.014077189 91.38379 0.8386635 0.5405971 -0.06648609 61.794434 0.0635293 0.024169223 0.9976879 6.315674
0.52970064 -0.8480079 -0.013821451 92.051025 0.84568614 0.52934414 -0.067088105 62.865234 0.064213485 0.023843652 0.9976511 6.3951416
0.5213182 -0.8532762 -0.01629074 92.70776 0.85089236 0.5211439 -0.06714343 63.94214 0.065782756 0.02113779 0.9976097 6.4882812
0.5117208 -0.85903484 -0.016951177 93.35425 0.85664165 0.5116193 -0.067077726 65.03931 0.06627133 0.019803893 0.99760467 6.57251
0.5029185 -0.864161 -0.015427284 93.99463 0.861898 0.50277126 -0.065505765 66.1311 0.06437384 0.019641357 0.9977322 6.661743
0.49528283 -0.8688342 -0.012281589 94.63135 0.8667133 0.49498302 -0.064258166 67.24536 0.061883416 0.02117401 0.997858 6.753174
0.48525834 -0.8741439 -0.012023897 95.24243 0.8720392 0.48497102 -0.06403212 68.365234 0.061805733 0.020584743 0.9978757 6.840576
0.47727376 -0.8787926 -0.011312449 95.84912 0.8764449 0.47687575 -0.06803301 69.48096 0.06516317 0.022541871 0.99761885 6.9282227
0.47231984 -0.8814291 -0.008701491 96.470215 0.8788787 0.47166413 -0.0720072 70.608154 0.06756172 0.026364742 0.99736667 7.0203857
0.4662421 -0.88451976 -0.008571569 97.06445 0.88171595 0.4654974 -0.07562689 71.73682 0.07089332 0.027696967 0.997099 7.1136475
0.4626828 -0.88648003 -0.007861678 97.65112 0.8834872 0.46181607 -0.07849508 72.86914 0.07321346 0.029382939 0.9968841 7.2109375
0.45696685 -0.88943714 -0.0053710677 98.237305 0.88641673 0.4558955 -0.07980093 74.00903 0.073451735 0.031711098 0.9967951 7.314209
0.45235118 -0.89190817 -0.0010970202 98.82617 0.8892295 0.4510871 -0.0769111 75.141846 0.069080345 0.033819783 0.99703807 7.416382
0.44928083 -0.8932081 0.00482432 99.397705 0.8908362 0.44767952 -0.0754503 76.27734 0.065249294 0.038208492 0.99713814 7.515991
0.4442469 -0.89583874 0.007006738 99.96069 0.8935253 0.44250652 -0.07572298 77.4187 0.0647359 0.03991607 0.99710494 7.6102295
0.44174254 -0.89708585 0.008228764 100.518555 0.894877 0.43996915 -0.07477451 78.54761 0.06345096 0.04039895 0.9971673 7.7055664
0.4408083 -0.89736825 0.011341153 101.08423 0.89535606 0.43888798 -0.073664695 79.687744 0.061146267 0.042640056 0.9972185 7.7980957
0.4398298 -0.8980447 0.014349513 101.62305 0.89610136 0.43768588 -0.07465864 80.80908 0.06075097 0.045685854 0.9971064 7.8875732
0.4362736 -0.89946663 0.01644057 102.16626 0.89761406 0.43401167 -0.07463636 81.934814 0.06000055 0.047325715 0.9970762 7.9749756
0.43479037 -0.900534 0.018759528 102.69971 0.8987908 0.4323948 -0.07457106 83.0376 0.059047062 0.04925613 0.9970373 8.062134
0.4312416 -0.90199727 0.022167003 103.23706 0.9004488 0.42868176 -0.07405344 84.147705 0.057284314 0.05189148 0.9970082 8.148315
0.42921188 -0.9027648 0.026239375 103.76099 0.9013917 0.4263885 -0.074716 85.24609 0.05625467 0.05572055 0.9968604 8.23877
0.42719203 -0.90367144 0.027254153 104.27124 0.90236 0.4243227 -0.074527785 86.32495 0.05581031 0.056444366 0.9968451 8.318726
0.42613298 -0.90410364 0.027615845 104.77954 0.9027088 0.42314407 -0.07630878 87.3938 0.057319786 0.057466276 0.99670166 8.401123
0.42821798 -0.9032868 0.027651135 105.28296 0.90183765 0.4251596 -0.07741814 88.463135 0.05817155 0.05811302 0.9966156 8.491943
0.42659605 -0.904023 0.026408501 105.77002 0.9024799 0.4236009 -0.077650346 89.50537 0.05901049 0.056939676 0.99663067 8.572632
0.431224 -0.9020527 0.023687126 106.25586 0.90035206 0.42836195 -0.07801855 90.5564 0.060216658 0.05497161 0.9966708 8.654663
0.43376037 -0.9006299 0.021775229 106.7395 0.8988023 0.43098122 -0.07854568 91.58667 0.06135644 0.053661805 0.99667376 8.742554
0.43834013 -0.89865756 0.019136468 107.23169 0.8966342 0.4356569 -0.0796254 92.61255 0.063234136 0.05204981 0.9966395 8.827026
0.4462575 -0.894748 0.017494624 107.73877 0.89271414 0.4437008 -0.0788253 93.629395 0.06278917 0.05078706 0.9967329 8.905762
0.4528441 -0.89147216 0.016492434 108.23071 0.8894715 0.45038953 -0.07777406 94.62988 0.06191259 0.049870417 0.9968334 8.990601
0.4606733 -0.8873937 0.015311176 108.73682 0.8854248 0.45832983 -0.07667189 95.623535 0.06101397 0.048864476 0.9969391 9.068359
0.46945387 -0.8827722 0.014389825 109.2561 0.8808187 0.4671752 -0.0760552 96.61694 0.060436126 0.04837186 0.99699855 9.149536
0.47787043 -0.87833315 0.012834469 109.7749 0.87629855 0.4756448 -0.07653629 97.59668 0.061116483 0.047828294 0.9969845 9.22583
0.4882117 -0.872577 0.011827587 110.31079 0.870483 0.48599395 -0.07714881 98.57739 0.06157364 0.047970317 0.9969498 9.302734
0.4981202 -0.86711305 0.008095587 110.84619 0.86483103 0.49608505 -0.077747114 99.535645 0.06336618 0.04572537 0.99694234 9.379395
0.5091265 -0.8606323 0.0043325117 111.394775 0.85810304 0.50723225 -0.07930605 100.479004 0.06606367 0.044077717 0.99684006 9.460693
0.5227272 -0.8525017 0.0022003548 111.961426 0.85000366 0.5209946 -0.077891916 101.42041 0.06525047 0.042588428 0.9969599 9.540039
0.5340359 -0.8454143 0.0003085835 112.53125 0.8430438 0.5325098 -0.0750467 102.35254 0.06328333 0.04035391 0.9971807 9.620117
0.5464249 -0.8374127 0.00056817196 113.12573 0.8351593 0.5449038 -0.07368601 103.278076 0.061408617 0.040745832 0.9972812 9.698853
0.5574803 -0.8302048 -0.0006005401 113.7168 0.82806563 0.5560949 -0.07134586 104.17236 0.05956987 0.03928154 0.9974513 9.773071
0.56834096 -0.82281655 -0.0017912956 114.32178 0.8205737 0.5669496 -0.07259351 105.052734 0.06073874 0.039792873 0.9973606 9.84668
0.5821988 -0.8129748 -0.0027698963 114.94263 0.8106755 0.5808031 -0.07323832 105.926025 0.06115313 0.040383272 0.99731034 9.922607
0.591054 -0.8066961 -0.0021006705 115.56177 0.8043489 0.58952963 -0.074740194 106.77466 0.061517447 0.042482685 0.9972013 9.999023
0.6030212 -0.7976579 -0.003300099 116.19458 0.7952496 0.6015118 -0.075273395 107.61792 0.0620308 0.04277232 0.9971578 10.075684
0.6140723 -0.7892837 -0.002664734 116.82666 0.7870718 0.61259747 -0.072809294 108.44556 0.05910483 0.0426074 0.9973415 10.151367
0.62201715 -0.78292865 -0.0009983471 117.460205 0.7809129 0.62050724 -0.070917 109.25391 0.056146428 0.043323282 0.9974815 10.220581
0.63231397 -0.7745792 -0.0023724316 118.112305 0.77264297 0.63094413 -0.0688033 110.05005 0.054791752 0.041678686 0.9976282 10.294312
0.64136225 -0.76729304 -0.006093323 118.74512 0.76530695 0.64023554 -0.06725946 110.822754 0.05551003 0.03847945 0.99771667 10.358398
0.6513611 -0.7586861 -0.0071812104 119.399414 0.7566546 0.65025747 -0.06758149 111.592285 0.055940673 0.038582698 0.9976882 10.425781
0.6623812 -0.74901104 -0.009398554 120.05542 0.7468699 0.6613443 -0.06828385 112.346436 0.05737662 0.038209643 0.997621 10.493286
0.67042786 -0.74196625 -0.0079008965 120.70874 0.74004406 0.6693897 -0.065590985 113.07886 0.05394976 0.038125124 0.9978154 10.556152
0.67931795 -0.7338438 -0.0069650263 121.371826 0.73206466 0.67827654 -0.06379521 113.80591 0.051539 0.03823731 0.9979385 10.620483
0.6880725 -0.7256513 -0.006254871 122.04419 0.7239348 0.6869914 -0.063353315 114.52051 0.05026665 0.039060052 0.9979715 10.685791
0.6952664 -0.71873504 -0.008879463 122.70044 0.7169327 0.69430536 -0.063259035 115.20703 0.051626742 0.03760822 0.9979574 10.738525
0.70432955 -0.7098657 -0.009530939 123.37744 0.70811695 0.7034273 -0.061973453 115.886475 0.05068881 0.03689432 0.99803233 10.803955
0.7090659 -0.7050523 -0.008632795 124.03467 0.7034932 0.7082193 -0.058901627 116.55176 0.047650814 0.035689723 0.9982259 10.861694
0.7164927 -0.6975934 -0.0081443 124.70068 0.6961688 0.7156899 -0.056585412 117.21875 0.045298237 0.034875028 0.9983646 10.915405
0.723442 -0.6903528 -0.008483103 125.37549 0.68900955 0.7227057 -0.05466809 117.8689 0.0438763 0.03370651 0.9984682 10.9678955
0.73100317 -0.68228555 -0.008871941 126.03784 0.6809849 0.7303067 -0.05356726 118.49463 0.043029062 0.033112064 0.99852467 11.024536
0.7389729 -0.6735778 -0.010499081 126.693115 0.6723274 0.73840135 -0.0513615 119.11279 0.042350497 0.030898336 0.99862516 11.067871
0.7474257 -0.6642978 -0.009185592 127.36572 0.66323674 0.7468934 -0.04783769 119.70947 0.03863602 0.029661536 0.998813 11.118042
0.7569296 -0.6533886 -0.00797442 128.0249 0.65250397 0.7564442 -0.044201635 120.29248 0.03491302 0.028255349 0.9989911 11.160889
0.7670184 -0.6417361 -0.009349113 128.69849 0.6409196 0.76664424 -0.041319825 120.867676 0.033682615 0.025702823 0.99910194 11.205444
0.7753993 -0.63124394 -0.010969856 129.3562 0.63040143 0.77507734 -0.04100849 121.413574 0.034400295 0.024878897 0.9990982 11.241211
0.7856939 -0.6183629 -0.012661051 130.02441 0.6174576 0.7853986 -0.041745037 121.94751 0.03576548 0.024978066 0.99904794 11.282227
0.7973535 -0.60328025 -0.013036534 130.71753 0.6024313 0.7970964 -0.040029116 122.470215 0.034552723 0.024064254 0.9991131 11.322144
0.80552936 -0.5923804 -0.01203372 131.39258 0.5915872 0.8052475 -0.039209113 122.98389 0.032922722 0.024462234 0.9991583 11.355591
0.8165321 -0.577273 -0.010209531 132.09741 0.576598 0.81623226 -0.0370415 123.48047 0.02971664 0.024360025 0.99926144 11.392334
0.82618856 -0.56347024 -0.008822003 132.78296 0.5628705 0.8258696 -0.0357795 123.95703 0.02744204 0.024594944 0.9993207 11.428955
0.8351904 -0.5499953 -0.005884085 133.50244 0.5495185 0.8348306 -0.034047008 124.43091 0.023637744 0.025202984 0.9994028 11.45874
0.84228104 -0.538985 -0.004530474 134.22363 0.5385561 0.8418935 -0.03368822 124.8938 0.02197627 0.025937628 0.999422 11.48645
0.8497545 -0.5270428 -0.0022943178 134.93701 0.52667487 0.8493088 -0.033926964 125.3374 0.01982919 0.027624195 0.9994221 11.510864
0.85716534 -0.5150665 -0.0014660917 135.66406 0.51474744 0.8567277 -0.03287561 125.78003 0.018188786 0.027427087 0.9994584 11.537109
0.86387664 -0.5035884 -0.0013337652 136.41187 0.5033261 0.86350644 -0.030084895 126.21045 0.016306253 0.025316944 0.9995464 11.57959
0.86966854 -0.49351817 -0.002041672 137.14795 0.4932655 0.869342 -0.028656658 126.65259 0.015920993 0.0239134 0.99958724 11.592529
0.87612814 -0.48212332 -0.002409828 137.8977 0.4818814 0.87582725 -0.027680948 127.07153 0.015454884 0.023090893 0.9996139 11.618774
0.88165146 -0.47191557 -0.0026306203 138.65698 0.471664 0.8813385 -0.028204892 127.46997 0.01563004 0.023627449 0.9995987 11.642456
0.88704145 -0.4616285 -0.0032991306 139.41772 0.46134531 0.88670754 -0.029404325 127.87207 0.016498871 0.024560919 0.99956226 11.663452
0.8911774 -0.45359677 -0.0032932274 140.20728 0.45330054 0.8908161 -0.030384185 128.27051 0.016718624 0.025584081 0.99953276 11.682373
0.8949131 -0.4462 -0.0024803781 140.96265 0.4459451 0.8945647 -0.029278077 128.67114 0.015282309 0.025094107 0.9995682 11.7039795
0.8977742 -0.44037125 0.0008159671 141.77832 0.44022852 0.8974328 -0.027191151 129.0625 0.011243008 0.024771424 0.99963 11.72168
0.901234 -0.4333381 0.0035151013 142.59204 0.4332942 0.90095043 -0.02369447 129.45312 0.007101169 0.02287689 0.99971294 11.737915
0.90344715 -0.42870727 0.005011921 143.40283 0.4287146 0.9032204 -0.02069312 129.85669 0.004344995 0.020843511 0.9997733 11.745361
0.90705687 -0.42089579 0.0063320757 144.2378 0.42093968 0.90688384 -0.017805964 130.25073 0.0017528245 0.018816577 0.9998214 11.75354
0.9092997 -0.4160417 0.0076969434 145.08423 0.41611254 0.9091685 -0.015452864 130.64551 -0.0005681962 0.017255355 0.99985087 11.758667
0.9136974 -0.4061967 0.010581034 145.95752 0.406318 0.9135851 -0.014790082 131.02881 -0.003659675 0.017813427 0.99983466 11.761108
0.9164939 -0.3998492 0.0127700055 146.83618 0.4000093 0.91639876 -0.014470916 131.41235 -0.005915744 0.018370263 0.99981374 11.764893
0.91988504 -0.3919454 0.01414641 147.72119 0.39213252 0.91979885 -0.014561478 131.80835 -0.0073052226 0.018942151 0.9997939 11.763306
0.9240223 -0.38207898 0.014807243 148.65308 0.38228184 0.92393816 -0.014825326 132.18066 -0.008014716 0.019358631 0.9997804 11.752075
0.9278248 -0.37269637 0.015378582 149.5669 0.3729349 0.92768675 -0.017735476 132.552 -0.0076545454 0.022189973 0.9997244 11.760986
0.931311 -0.36392242 0.014943938 150.49121 0.3641624 0.9311417 -0.0190842 132.91724 -0.00697047 0.02321509 0.9997062 11.751831
0.9362582 -0.35115826 0.01311172 151.45459 0.35136542 0.9360516 -0.020325862 133.27197 -0.005138465 0.0236358 0.9997076 11.752319
0.94105 -0.3381468 0.01193755 152.4187 0.33831984 0.9408857 -0.018286955 133.63843 -0.005047448 0.021246212 0.99976146 11.750488
0.9463247 -0.32300177 0.011929598 153.406 0.32315657 0.94623107 -0.014813455 134.0105 -0.006502458 0.017873095 0.9998191 11.749268
0.9526872 -0.30351582 0.013985861 154.42017 0.303669 0.9526829 -0.010525866 134.32642 -0.010127108 0.014276747 0.9998468 11.738403
0.95841634 -0.28504142 0.014527161 155.43677 0.28517413 0.9584533 -0.008028894 134.64551 -0.01163583 0.011837847 0.9998622 11.734985
0.9650253 -0.26167598 0.016088374 156.48608 0.26178306 0.96511775 -0.004917144 134.93506 -0.014240637 0.008956078 0.9998585 11.728882
0.9701502 -0.24186955 0.017103234 157.53784 0.2419614 0.9702718 -0.0034923484 135.22241 -0.015750203 0.0075263437 0.9998476 11.715454
0.9752057 -0.22029942 0.020968236 158.61426 0.22041044 0.97540087 -0.0031117136 135.47461 -0.019767102 0.0076557286 0.99977535 11.705933
0.9798327 -0.19845545 0.023095597 159.71948 0.19852291 0.9800907 -0.0006416156 135.71411 -0.022508582 0.0052129105 0.9997332 11.685669
0.9840779 -0.17547087 0.028570266 160.84253 0.17550689 0.9844852 0.0012613684 135.92212 -0.028348355 0.0037715216 0.99959105 11.672485
0.9879082 -0.15171646 0.03201109 161.95483 0.15171437 0.98842347 0.0025063027 136.10645 -0.03202092 0.002378732 0.9994846 11.643555
0.9907329 -0.13201322 0.032032315 163.11035 0.13193782 0.99125046 0.0044652214 136.27563 -0.032341346 -0.00019879919 0.999477 11.61377
0.9936572 -0.10817993 0.03064431 164.24976 0.10811898 0.99412954 0.0036445772 136.42017 -0.030858697 -0.00030780124 0.9995237 11.5842285
0.9957877 -0.08672378 0.029766856 165.41626 0.08661673 0.9962299 0.004869234 136.53564 -0.030076887 -0.0022704676 0.9995451 11.549072
0.9972104 -0.067379765 0.032085195 166.62622 0.06732244 0.99772626 0.002864807 136.62402 -0.03220532 -0.0006964215 0.99948114 11.520386
0.9982505 -0.048138592 0.03433959 167.8252 0.0480698 0.9988399 0.002826552 136.6997 -0.034435835 -0.0011713313 0.99940664 11.486816
0.9990205 -0.025266407 0.036328506 169.02881 0.025150044 0.999677 0.0036559037 136.75342 -0.036409155 -0.0027386537 0.99933326 11.449219
0.99929696 -0.0069385557 0.03684623 170.22852 0.0067707906 0.99996614 0.0046755597 136.7771 -0.036877427 -0.0044228476 0.99931026 11.410645
0.9991803 0.015369348 0.037450526 171.49951 -0.01557988 0.99986434 0.0053362204 136.76318 -0.037363417 -0.0059153996 0.9992843 11.3741455
0.9987573 0.033027098 0.03731781 172.73047 -0.03332114 0.999418 0.007282251 136.74976 -0.03705549 -0.008516871 0.9992768 11.328857
0.99789715 0.053173818 0.037056208 173.99854 -0.05351513 0.99853265 0.008278437 136.69897 -0.03656164 -0.0102445 0.9992787 11.286743
0.9964886 0.07574127 0.03572755 175.28833 -0.07607321 0.9970713 0.0080247745 136.6145 -0.035015326 -0.010713726 0.9993295 11.247803
0.9951972 0.091914274 0.03367921 176.5481 -0.09230848 0.9956768 0.010340245 136.51514 -0.032583334 -0.01339956 0.99937934 11.2092285
0.99327934 0.11096324 0.032857068 177.84546 -0.11140549 0.99370164 0.011941526 136.38696 -0.03132483 -0.015522717 0.9993886 11.173462
0.9906652 0.13278098 0.030829571 179.15381 -0.13318494 0.991025 0.011432612 136.23242 -0.029035073 -0.015432485 0.99945927 11.141357
0.9880937 0.15155618 0.026417036 180.49707 -0.15194526 0.9882963 0.013388339 136.0476 -0.024078062 -0.017242886 0.99956137 11.105225
0.9853518 0.1692564 0.0209604 181.80469 -0.16960166 0.9853863 0.015946671 135.84131 -0.01795448 -0.019267837 0.99965304 11.089233
0.9824423 0.18578713 0.017038679 183.12305 -0.1860862 0.9823675 0.018055677 135.61963 -0.013383754 -0.020909792 0.9996918 11.069336
0.97908527 0.20300892 0.013157274 184.45459 -0.20324242 0.97892356 0.01987599 135.34863 -0.008846016 -0.022134453 0.99971604 11.057129
0.9751662 0.22110748 0.012194961 185.79712 -0.221337 0.9749258 0.022717267 135.06812 -0.0068660593 -0.024852566 0.9996676 11.048096
0.97130376 0.23750663 0.012121552 187.156 -0.23772037 0.9710952 0.021221515 134.75586 -0.006730281 -0.023493448 0.9997013 11.04834
0.96634704 0.25687283 0.011909193 188.49487 -0.25707862 0.9661287 0.021402568 134.40576 -0.006006498 -0.023745643 0.9997 11.047363
0.96209735 0.2725309 0.008780681 189.82031 -0.27265957 0.96186495 0.021307576 134.0481 -0.0026378522 -0.022894207 0.99973434 11.055786
0.95701134 0.28998175 0.005551194 191.17383 -0.2900316 0.95673454 0.023052586 133.66602 0.0013745818 -0.023671117 0.9997187 11.059326
0.95215625 0.30560157 0.0064048 192.52222 -0.30566505 0.9518338 0.024824213 133.25122 0.001489183 -0.025593845 0.99967116 11.062012
0.9468044 0.32174212 0.0067743124 193.87476 -0.32180548 0.94642276 0.02697809 132.81616 0.0022686962 -0.027723068 0.999613 11.073486
0.9406674 0.33919927 0.005427585 195.21143 -0.3392016 0.9401846 0.03059225 132.35327 0.0052767675 -0.030618254 0.99951714 11.08313
0.93325514 0.3591854 0.0028887969 196.57568 -0.35909227 0.93275887 0.03165467 131.84741 0.0086731585 -0.030579444 0.99949485 11.104614
0.92704594 0.3749327 0.0015393884 197.94067 -0.37478423 0.92654675 0.032244574 131.33228 0.010658608 -0.03046922 0.99947935 11.119385
0.919802 0.39235747 -0.0030620645 199.28882 -0.39206034 0.91935927 0.03250636 130.76587 0.015570624 -0.028698806 0.99946684 11.149048
0.91112137 0.4121734 -0.0066777607 200.6167 -0.4116922 0.91064423 0.03619828 130.21094 0.020996217 -0.030231722 0.9993224 11.189331
0.9017511 0.43215927 -0.007777326 201.94678 -0.43155113 0.90119827 0.03978688 129.60547 0.024201855 -0.03252089 0.9991782 11.225586
0.8896646 0.45653975 -0.007201387 203.28271 -0.45590562 0.8890752 0.04097181 128.94458 0.025109112 -0.033167627 0.9991344 11.266357
0.87607926 0.48200473 -0.0061790682 204.64331 -0.4812486 0.87529725 0.04622688 128.23877 0.02769274 -0.037527278 0.9989123 11.320435
0.8632255 0.50469834 -0.005901355 205.94531 -0.5037804 0.8622555 0.0513278 127.53223 0.030997897 -0.041335452 0.9986645 11.371338
0.84881335 0.5287271 -0.0054680873 207.19336 -0.5277062 0.84773433 0.05422077 126.8103 0.033295345 -0.043141045 0.9985145 11.429321
0.8352099 0.54993 -0.0062734983 208.48486 -0.5487995 0.8341261 0.055592563 126.004395 0.03580487 -0.042993147 0.99843377 11.492065
0.81837916 0.5747944 -0.0070790914 209.78906 -0.5735433 0.8172996 0.0570395 125.1521 0.03855718 -0.042623557 0.99834734 11.552612
0.80282336 0.5960177 -0.010191495 211.02832 -0.5945508 0.80184704 0.058458515 124.24829 0.043020796 -0.04087146 0.9982378 11.625244
0.78713906 0.6167003 -0.011791357 212.21387 -0.61504847 0.7861887 0.060563862 123.39087 0.046621926 -0.040419284 0.9980942 11.703125
0.77018225 0.63758093 -0.013779915 213.3977 -0.6357428 0.7693066 0.06227135 122.454346 0.050316308 -0.039205015 0.99796396 11.780762
0.7539522 0.65661985 -0.015292259 214.57593 -0.65457994 0.7531144 0.064597175 121.466064 0.053935006 -0.03869279 0.99779475 11.873413
0.7377784 0.67489994 -0.015971761 215.79492 -0.6728739 0.737067 0.063520074 120.45166 0.054639246 -0.03611651 0.9978526 11.966064
0.7210602 0.69269526 -0.01666385 216.90234 -0.69056475 0.7203969 0.06466316 119.40503 0.0567923 -0.03512715 0.9977686 12.061523
0.7071987 0.70679665 -0.017390322 217.97998 -0.7046016 0.7066046 0.06512183 118.360596 0.05831476 -0.033801805 0.99772596 12.15686
0.6917816 0.7217952 -0.019900315 219.07227 -0.71944475 0.6913532 0.06615235 117.28784 0.061509244 -0.03144202 0.99761087 12.258667
0.675948 0.7365657 -0.022295525 220.15503 -0.7339935 0.6756576 0.06837025 116.16333 0.06541607 -0.02984608 0.9974114 12.373169
0.6613983 0.74980646 -0.023130622 221.17188 -0.74706805 0.6611547 0.07040131 115.045166 0.06806777 -0.029285233 0.99725074 12.474243
0.6470222 0.76218045 -0.022987762 222.17285 -0.7594241 0.6468138 0.0706648 113.90845 0.06871555 -0.028262766 0.9972356 12.594116
0.6295239 0.7767294 -0.01994719 223.20459 -0.77393585 0.62911814 0.07239659 112.69946 0.068779565 -0.030143667 0.9971769 12.714478
0.6131313 0.78980917 -0.016804941 224.18677 -0.78709596 0.61256754 0.072464176 111.5249 0.06753013 -0.031194966 0.99722874 12.834106
0.5947297 0.80383515 -0.010769264 225.09961 -0.8012463 0.5937967 0.073337995 110.30542 0.06535958 -0.034983404 0.997248 12.945679
0.5789243 0.8152815 -0.006795491 226.03271 -0.8127452 0.5777432 0.07444766 109.103516 0.06462671 -0.037584793 0.9972021 13.064819
0.55976593 0.82855594 -0.004425331 226.90894 -0.82588524 0.5583746 0.077432334 107.86206 0.0666282 -0.039698545 0.99698853 13.190674
0.5443848 0.83888966 -0.0014279457 227.72485 -0.8360783 0.5426981 0.080873884 106.64746 0.06863295 -0.04282156 0.9967215 13.30896
0.5240253 0.85165244 0.000653313 228.53833 -0.84886163 0.52224565 0.08129165 105.3833 0.06889882 -0.043156974 0.99669 13.432373
0.5048093 0.863328 0.005285832 229.3186 -0.86084443 0.5028736 0.07913524 104.14819 0.06563282 -0.044494886 0.9968512 13.547974
0.48393047 0.87489635 0.007999657 230.02734 -0.8726157 0.4819629 0.07714147 102.89209 0.06365602 -0.04432369 0.99698776 13.664307
0.46313334 0.8862299 0.012113902 230.73096 -0.8842147 0.46105438 0.07507906 101.6084 0.06094113 -0.045481376 0.9971045 13.779419
0.441342 0.89716333 0.013629394 231.39355 -0.89520484 0.43924847 0.07445264 100.34131 0.06079094 -0.0450681 0.99713314 13.887329
0.42231008 0.9063667 0.016058136 232.0166 -0.9045484 0.42016628 0.07318293 99.083984 0.059581947 -0.04542371 0.9971889 13.994507
0.3975971 0.9175082 0.015907332 232.59839 -0.91566306 0.39553964 0.07256696 97.808105 0.060284235 -0.043405123 0.9972363 14.094971
0.3772026 0.9259628 0.015530484 233.146 -0.92410463 0.37524274 0.07181689 96.5354 0.060639683 -0.041447334 0.99729913 14.2052
0.3576324 0.933927 0.015150045 233.6543 -0.9319902 0.35571975 0.07215925 95.27515 0.06199004 -0.039923172 0.99727786 14.311279
0.3339201 0.9424756 0.0152342245 234.14209 -0.94068325 0.33216745 0.06909654 93.96484 0.060073264 -0.03740825 0.9974931 14.410645
0.31424996 0.9490725 0.014993206 234.57861 -0.9472392 0.31255314 0.06902265 92.70996 0.060835257 -0.0358853 0.997502 14.51001
0.29543263 0.95523286 0.016451174 235.01025 -0.953171 0.29353926 0.07293749 91.4541 0.06484115 -0.037222672 0.9972008 14.6171875
0.27344698 0.9617222 0.01859407 235.41113 -0.9590501 0.27109727 0.082208045 90.18823 0.07402181 -0.0403201 0.9964419 14.720703
0.25642702 0.9664656 0.021322459 235.76245 -0.96327555 0.25360134 0.08972152 88.9541 0.081291884 -0.043534145 0.99573845 14.83606
0.23874232 0.9707861 0.02483131 236.09888 -0.967317 0.23547558 0.09428179 87.70532 0.08569768 -0.046543844 0.9952349 14.957886
0.21672639 0.9758885 0.028467197 236.41333 -0.9725299 0.2132345 0.09409779 86.45825 0.08576466 -0.04807809 0.99515504 15.078857
0.19814998 0.9796202 0.03315727 236.6914 -0.9764089 0.19430602 0.09428138 85.22339 0.08595173 -0.051075287 0.9949911 15.213135
0.17687644 0.9834346 0.03898794 236.93872 -0.98047566 0.17261879 0.09392427 83.9939 0.08565561 -0.05486452 0.99481505 15.333984
0.16149336 0.98609704 0.04060122 237.15845 -0.9832467 0.15720092 0.09288076 82.73657 0.085221305 -0.054909676 0.99484736 15.448486
0.1403817 0.98920685 0.043227535 237.35522 -0.9865073 0.13598962 0.09173751 81.51636 0.08486181 -0.05552087 0.9948446 15.569702
