1.000000000000000000e+00 -3.306050084167601550e-19 -2.270457535318767223e-19 -8.673617379884035472e-19 7.546676715296109287e-19 1.000000000000000000e+00 6.237773588823049983e-19 1.387778780781445676e-17 -3.447385680526250622e-20 4.770700176052009879e-20 1.000000000000000222e+00 5.551115123125782702e-17
9.999179478492083994e-01 -2.726693212375012627e-03 1.252022892298986466e-02 1.439023053455804405e-02 2.714784610526462319e-03 9.999958296730302454e-01 9.681839772933007121e-04 -2.951823946693438172e-03 -1.252281829478248815e-02 -9.341207373106966355e-04 9.999211772163786316e-01 3.051480539523130919e-01
9.998253527753485637e-01 -4.936226063118208732e-03 1.803184710157439488e-02 3.143151179110553750e-02 4.913044675068504660e-03 9.999870500947981578e-01 1.329774066411818249e-03 -1.522423017100656140e-02 -1.803818017562005063e-02 -1.240975673012084494e-03 9.998366449814161117e-01 5.979944901583309491e-01
9.997603429697181632e-01 -7.785630650869536200e-03 2.045717320859386304e-02 3.461285714555738940e-02 7.772781195083731595e-03 9.999695265440916581e-01 7.073545086753314478e-04 -2.225992515974507813e-02 -2.046206179684163795e-02 -5.481470696111044464e-04 9.997904323050379460e-01 8.960812451364168485e-01
9.997907410373924053e-01 -8.710647359818152885e-03 1.851645819275525226e-02 4.253139854634572364e-02 8.730225625371042589e-03 9.999614383666406425e-01 -9.770062724991789189e-04 -1.972533581920325740e-02 -1.850723467439317760e-02 1.138385053299546422e-03 9.998282038967485352e-01 1.198638099899830722e+00
9.998711189374009933e-01 -1.136235158760581787e-02 1.133867699054659679e-02 5.021655367875413334e-02 1.138884691769630544e-02 9.999325527010778369e-01 -2.273714156215786864e-03 -2.240261186730112264e-02 -1.131207158248937264e-02 2.402606985153404005e-03 9.999331142501932668e-01 1.514363743513692295e+00
9.999165727656511571e-01 -1.291425499459683546e-02 -2.804335126265998230e-04 4.495140139514872124e-02 1.291306834089842211e-02 9.999090718564753733e-01 -3.886538915732182069e-03 -3.437020966856636772e-02 3.305988703244921978e-04 3.882593638234968936e-03 9.999923823973744241e-01 1.829297860863011715e+00
9.997830939050720289e-01 -1.266080660842916310e-02 -1.654342451802670588e-02 1.947388290411806305e-02 1.259198571687900753e-02 9.999116785293282739e-01 -4.258856752297030326e-03 -4.208287537319579941e-02 1.659588244349144426e-02 4.049696412257151358e-03 9.998541396139398740e-01 2.157631931201665410e+00
9.993514037138555572e-01 -7.514545665421773317e-03 -3.520383314914397183e-02 -2.146882284328078400e-02 7.380916708149433576e-03 9.999650534963877568e-01 -3.921654959737368683e-03 -4.580707092796121316e-02 3.523209288100532383e-02 3.659132471474102217e-03 9.993720021861193237e-01 2.506448454150980609e+00
9.984948638005720634e-01 -4.049476332265252408e-03 -5.469261147469391821e-02 -6.341561960423143518e-02 3.770217005186726669e-03 9.999793557155468582e-01 -5.207148122122884706e-03 -4.872953906678445524e-02 5.471257535576554143e-02 4.993055730470949069e-03 9.984895198790230131e-01 2.856612199135670771e+00
9.972668296863687054e-01 -2.888757205888046239e-03 -7.382266349072083567e-02 -1.121764164417528159e-01 2.507045397773531407e-03 9.999830179617938963e-01 -5.262974264768899638e-03 -5.550124494850075529e-02 7.383661405407124234e-02 5.063496854190771730e-03 9.972571671032719465e-01 3.214581257116243318e+00
9.954619881877839749e-01 -2.540399917044732728e-03 -9.513781993824280137e-02 -1.656772406873429637e-01 2.126442812199534713e-03 9.999878524232125310e-01 -4.452609819037546719e-03 -6.209346491311125427e-02 9.514798918132268135e-02 4.230060528967965680e-03 9.954552654566611869e-01 3.594757605516426757e+00
9.932509873200234818e-01 -5.947646220216594969e-03 -1.158266579411110497e-01 -2.198463097757146767e-01 5.543780362717270170e-03 9.999773669995124514e-01 -3.808102970832982857e-03 -6.619138500865440200e-02 1.158466996667683185e-01 3.140332038389912362e-03 9.932614780817399236e-01 3.980289919352086869e+00
9.912854180695315209e-01 -4.320561834223574441e-03 -1.316564028908023543e-01 -2.940311143337251409e-01 3.924890778884658482e-03 9.999869691997281818e-01 -3.264651897495533112e-03 -7.302765113028304722e-02 1.316688021856241286e-01 2.719362081407180384e-03 9.912894394366732476e-01 4.373798515566551970e+00
9.887970978056664917e-01 -3.609862943084702486e-03 -1.492296898390179094e-01 -3.685766185877586976e-01 3.262198385747924496e-03 9.999913645731540734e-01 -2.574349335843100807e-03 -8.149834320115313668e-02 1.492377054116985624e-01 2.058929732001647372e-03 9.888003103949225547e-01 4.801051113755123723e+00
9.868242057523726185e-01 -1.439134610813870086e-03 -1.618142656716051453e-01 -4.600144065093133561e-01 1.086150996948147219e-03 9.999968187364565164e-01 -2.269912475575983773e-03 -9.158763124095697927e-02 1.618170464638891692e-01 2.064322313636130900e-03 9.868226360565203192e-01 5.216736212971194497e+00
9.848859446706561549e-01 -3.902981398715617625e-03 -1.731554733004402602e-01 -5.400032595548487357e-01 3.385842577127702417e-03 9.999888591980991004e-01 -3.280784726638722414e-03 -9.511282795509722054e-02 1.731663558900660427e-01 2.645130797796898300e-03 9.848881770692028415e-01 5.652192240536303203e+00
9.828788760758182530e-01 -6.072805367933573062e-03 -1.841584233071756338e-01 -6.259249161625001223e-01 5.198286562012310701e-03 9.999727993352994782e-01 -5.232146370889458921e-03 -1.076296129791553535e-01 1.841851904627057335e-01 4.185386768244438692e-03 9.828837600747224457e-01 6.096293413447372522e+00
9.815704226448127567e-01 -5.350277912116632728e-03 -1.909956768240009262e-01 -7.264565349175560183e-01 4.026753856427823727e-03 9.999651311104617024e-01 -7.315256816594213271e-03 -1.152651570954312255e-01 1.910281748306823790e-01 6.411207721249347936e-03 9.815577270369622020e-01 6.552128245254852601e+00
9.802096337204201371e-01 -5.315163801569651285e-03 -1.978570642644965627e-01 -8.351014371240825795e-01 3.668625761128494443e-03 9.999555550501375567e-01 -8.687912444724209607e-03 -1.171309728554704999e-01 1.978944562185710465e-01 7.789864080704328279e-03 9.801855631062734719e-01 7.031222452707072357e+00
9.784076202594772509e-01 -5.251221180136242221e-03 -2.066086482142739655e-01 -9.471017541418060848e-01 2.934049547613924464e-03 9.999293275934749703e-01 -1.151889054408308279e-02 -1.251761516811640829e-01 2.066545640883822033e-01 1.066375009911760957e-02 9.783539000207356340e-01 7.506211612012828382e+00
9.768377041258335947e-01 -9.628776664900334792e-03 -2.137614593135994945e-01 -1.055804150604246372e+00 6.977008856160098367e-03 9.998890585353455984e-01 -1.315676832839818809e-02 -1.366823249677782959e-01 2.138644757807470487e-01 1.136034139212970147e-02 9.767965751798551866e-01 8.011013714358906412e+00
9.748290567968638243e-01 -1.494681389166387618e-02 -2.224521066300048366e-01 -1.170181811324769727e+00 1.210280354246986469e-02 9.998267550282357030e-01 -1.414630821195134863e-02 -1.538035507051844220e-01 2.226249822404591239e-01 1.109829704920118655e-02 9.748409342381333387e-01 8.536935372092209207e+00
9.730798602220719351e-01 -1.571043529985342510e-02 -2.299215461516151138e-01 -1.302107940729344771e+00 1.226952526651750239e-02 9.997903934179437346e-01 -1.638550317022237357e-02 -1.725768720257844779e-01 2.301308493195529381e-01 1.312288630862401204e-02 9.730687507812189052e-01 9.046924590158493373e+00
9.711411789252902826e-01 -1.216459866343146297e-02 -2.382177233658289428e-01 -1.458071800474674440e+00 7.389422267077398916e-03 9.997536516711514887e-01 -2.093050347405149905e-02 -1.751372996310230912e-01 2.384136803078842348e-01 1.856629407692126851e-02 9.709917136311585484e-01 9.580936315931044334e+00
9.692652769875327312e-01 -8.923303446891498250e-03 -2.458806583248432931e-01 -1.613591514993891751e+00 3.324029185305901312e-03 9.997257348339634309e-01 -2.318415423218275415e-02 -1.906075107623854126e-01 2.460201076470709125e-01 2.165444275661560641e-02 9.690290983088142296e-01 1.011557652553966768e+01
9.667407113655414053e-01 -9.842112952187471314e-03 -2.554772103513488490e-01 -1.771301099943117130e+00 3.379517995600938348e-03 9.996635400619253708e-01 -2.571520579837030182e-02 -2.155206466348996985e-01 2.556444233555121293e-01 2.399582966485708582e-02 9.664486724426201159e-01 1.068408270274378502e+01
9.643309479095554249e-01 -1.372979651886780880e-02 -2.643166422957269890e-01 -1.930282840315166393e+00 6.747608211505069092e-03 9.996043722075136362e-01 -2.730327134133279585e-02 -2.387834861360814687e-01 2.645869726610975969e-01 2.454589388408280962e-02 9.640420034150357642e-01 1.123896822382751459e+01
9.622524261480159824e-01 -1.333753476557223219e-02 -2.718743958390536508e-01 -2.111513175783634289e+00 5.204319990819521700e-03 9.995175000721148173e-01 -3.061219614297436969e-02 -2.613098083410306249e-01 2.721516313689038569e-01 2.804166866727540383e-02 9.618576291502002329e-01 1.182352310346702851e+01
9.603198044175743631e-01 -1.296792232614122319e-02 -2.785556685197242421e-01 -2.285359754741984162e+00 3.538937307336811194e-03 9.994046543048522580e-01 -3.430935632845221600e-02 -2.812542252897173856e-01 2.788348080603212931e-01 3.196240652688664419e-02 9.597938332277994311e-01 1.241379134931843353e+01
9.578365339697996195e-01 -1.322648578661213617e-02 -2.870641435604934233e-01 -2.480922095912469150e+00 2.188521277936261809e-03 9.992467013502448481e-01 -3.875125827320640565e-02 -3.089685655875651360e-01 2.873604228746853839e-01 3.648967218483680636e-02 9.571437734995357216e-01 1.300358510002886803e+01
9.561005052966577988e-01 -1.442589446847920495e-02 -2.925942684422394580e-01 -2.687393599655980125e+00 8.898167956815589228e-04 9.989258002147395343e-01 -4.633194649353648137e-02 -3.455419576427372630e-01 2.929481671250781516e-01 4.403815222514468469e-02 9.550863138886271919e-01 1.362508464323977364e+01
9.547456343979368043e-01 -1.437813309061576096e-02 -2.971389487224762593e-01 -2.893310597599315415e+00 -1.729311029065565362e-03 9.985455652465836662e-01 -5.388395320417523060e-02 -3.813707993093192750e-01 2.974817827072909204e-01 5.195859149834106128e-02 9.533321042457081340e-01 1.424451548282932123e+01
9.539844365897489631e-01 -1.595534363211658854e-02 -2.995062974161551428e-01 -3.105243163703099274e+00 -3.191861163235743763e-03 9.979863710996508264e-01 -6.336215434109790379e-02 -4.199358855164544435e-01 2.999139118391199177e-01 6.140401855550371712e-02 9.520125468790818779e-01 1.487393335706753561e+01
9.523398372741392892e-01 -1.443449220264129973e-02 -3.046597113464243889e-01 -3.328353604366609986e+00 -7.888773809433700587e-03 9.973802363864365805e-01 -7.189834020316276941e-02 -4.642658252667621888e-01 3.048989299007306975e-01 7.087708886095159255e-02 9.497310629284747563e-01 1.552813251528717409e+01
9.513060453408660466e-01 -1.420378331762535071e-02 -3.078702513457430845e-01 -3.551997111626602255e+00 -1.054407225641280227e-02 9.968537627054695482e-01 -7.856395000155932951e-02 -5.208014078391125512e-01 3.080175072848378992e-01 7.798462551999744974e-02 9.481632767849025312e-01 1.618803969479259308e+01
9.489421796334949200e-01 -1.262503138942073361e-02 -3.153044723970264140e-01 -3.784223110079942387e+00 -1.520547158254016186e-02 9.962065634735927100e-01 -8.568501527846554555e-02 -5.846671635860527516e-01 3.151903699040843332e-01 8.610363295662780414e-02 9.451504579045704180e-01 1.684993941030155540e+01
9.475113458995221283e-01 -1.124383342059274635e-02 -3.194980830594555954e-01 -4.024430701760670637e+00 -1.889008769873280411e-02 9.956668676100705051e-01 -9.105821814628939359e-02 -6.474626200599052916e-01 3.191369630922041845e-01 9.231613078931583116e-02 9.431932798299463849e-01 1.752545067506692789e+01
9.464889449813334021e-01 -9.299572103281930624e-03 -3.226512545976915614e-01 -4.282153685167604529e+00 -2.337089239555705661e-02 9.949854661175067116e-01 -9.726037478513287204e-02 -7.185306929889132554e-01 3.219376842812946005e-01 9.959671049286691891e-02 9.415254262996891610e-01 1.821166682120140123e+01
9.445538755037099499e-01 -6.012854026726958089e-03 -3.283085947854048059e-01 -4.540170475740366030e+00 -2.863022919105419339e-02 9.945162844594879203e-01 -1.006024319929271910e-01 -7.900795611021508291e-01 3.271130325125249927e-01 1.044248439210082313e-01 9.392020158256818574e-01 1.891311223132334973e+01
9.428571597211417021e-01 -5.355573635894990935e-03 -3.332049217102975858e-01 -4.810771238563846808e+00 -3.052846985377249620e-02 9.942766850962542202e-01 -1.023810406621795122e-01 -8.692961532787928380e-01 3.318469916601812231e-01 1.066998081198132498e-01 9.372971692435785318e-01 1.961809339320656420e+01
9.408416256779352782e-01 -3.796046696955444714e-03 -3.388986612116417496e-01 -5.084352548008789441e+00 -3.248381315600744335e-02 9.943213711042012681e-01 -1.013545879145696937e-01 -9.547407366252959049e-01 3.373593102414519374e-01 1.063658231679306537e-01 9.353755955564256874e-01 2.034248329409608758e+01
9.383062711227583286e-01 -4.221378514598453716e-03 -3.457557433078125020e-01 -5.368579385551654148e+00 -3.228470743928349429e-02 9.944888400067363188e-01 -9.976917506278018544e-02 -1.036259554887981160e+00 3.442719212607522894e-01 1.047761504460696658e-01 9.329985938570779513e-01 2.107030317008941367e+01
9.363191165979946051e-01 -3.748108301729605272e-03 -3.510263270815019987e-01 -5.658815614195575883e+00 -3.269329090605272575e-02 9.946692240335952562e-01 -9.780344199169756225e-02 -1.116826486030813248e+00 3.495210539115861659e-01 1.030554120452555622e-01 9.312052438105491436e-01 2.181074494752206760e+01
9.337538015958731785e-01 -5.002133584153173503e-03 -3.579081768752865322e-01 -5.950954870036580857e+00 -3.086352372407748235e-02 9.950525228531106325e-01 -9.442915911365529213e-02 -1.200498026241635596e+00 3.566101654279202893e-01 9.921792990819135183e-02 9.289796157213046079e-01 2.254293544930597548e+01
9.287428724144501935e-01 -8.278136369408010432e-04 -3.706656505441232041e-01 -6.279511754238226828e+00 -3.454507790776733395e-02 9.954534160173397206e-01 -8.875436358328807340e-02 -1.281313965612538297e+00 3.690541037931904245e-01 9.523395207360026149e-02 9.244914199460485538e-01 2.331181053143060566e+01
9.262956739168930476e-01 -2.288325858222582372e-04 -3.768048363497024655e-01 -6.611220664312605244e+00 -3.399512044078613349e-02 9.958708356830556774e-01 -8.417855663994451565e-02 -1.360130046446893948e+00 3.752682901344968625e-01 9.078350962496183063e-02 9.224630165383572722e-01 2.408376823984844606e+01
9.226939550906382292e-01 3.339751862250779201e-03 -3.854668210679666474e-01 -6.941277120034327730e+00 -3.723560708701583594e-02 9.960595894694843633e-01 -8.048892417135664057e-02 -1.432471225830768358e+00 3.836783111945059610e-01 8.862412776455455554e-02 9.191827972024203541e-01 2.483856664907522926e+01
9.196309888132619959e-01 4.455442707444216485e-03 -3.926984690764317443e-01 -7.280114117302422194e+00 -3.821958962245987357e-02 9.962056398044604189e-01 -7.818329273750182495e-02 -1.508090342279178264e+00 3.908598411790328297e-01 8.691104345006846199e-02 9.163118041139062253e-01 2.560716562441479738e+01
9.151340687137605734e-01 5.983009606255128635e-03 -4.031684095643462418e-01 -7.636865637503214899e+00 -4.052442664205903322e-02 9.961906101698044802e-01 -7.719907219271303356e-02 -1.585258689751928074e+00 4.011707260892677374e-01 8.698308693154002680e-02 9.118905673169966919e-01 2.637608683664754849e+01
9.115906835846351308e-01 5.557576836626248150e-03 -4.111330526309041611e-01 -7.996267453255967439e+00 -4.049228197944084590e-02 9.962602453511018030e-01 -7.633315653986345872e-02 -1.653992905855752982e+00 4.091718507156559270e-01 8.622879535200571322e-02 9.084065478709040242e-01 2.714432139974428537e+01
9.079037429362086797e-01 6.423725636874623272e-03 -4.190685863626447127e-01 -8.371361093206768800e+00 -4.121167466514076561e-02 9.964063140128670559e-01 -7.399072807101381155e-02 -1.726072919924521498e+00 4.170869733323777639e-01 8.444917932183525211e-02 9.049057867284454604e-01 2.792194218802295680e+01
9.035778722619010050e-01 6.007176743909981714e-03 -4.284157483190829119e-01 -8.756446012914839372e+00 -4.091545512303408627e-02 9.965412338105068546e-01 -7.230146745587286150e-02 -1.796119316607901695e+00 4.264994063974860139e-01 8.285632309629173409e-02 9.006985623655501261e-01 2.872205054529884549e+01
9.004185603960925821e-01 6.121341560131281397e-03 -4.349531599810724236e-01 -9.153995486645237989e+00 -3.982009125118778081e-02 9.968629583111635606e-01 -6.841127793971703286e-02 -1.866561994933365831e+00 4.331698931024584032e-01 7.892142602221914605e-02 8.978378264808850595e-01 2.952800659514769421e+01
8.964171292682423520e-01 7.367158415495282664e-03 -4.431981751955277882e-01 -9.564586083917445691e+00 -3.945698021091268576e-02 9.972181399446391481e-01 -6.326049079822265719e-02 -1.932962586531883575e+00 4.414993581112208187e-01 7.419726359129569238e-02 8.942143358705842981e-01 3.033658782865726877e+01
8.932762265427872661e-01 6.985045093849518057e-03 -4.494047313621859496e-01 -9.983480236014949938e+00 -3.724156289658592245e-02 9.975918118723526851e-01 -5.854159086359322223e-02 -1.995957826166779858e+00 4.479140118426543915e-01 6.903282377731655151e-02 8.913851077564300951e-01 3.113770873707241904e+01
8.889546614205673380e-01 7.632797508626412882e-03 -4.578593449547149197e-01 -1.041003360720359971e+01 -3.729754197561011009e-02 9.977463426016022208e-01 -5.577398735098697963e-02 -2.056206761399374194e+00 4.564012817738510863e-01 6.666398162267463123e-02 8.872363405289170890e-01 3.196498098725764336e+01
8.869669527826756772e-01 6.047887052025456046e-03 -4.618725252576619811e-01 -1.085651710728654074e+01 -3.579060371564066895e-02 9.978072323568374369e-01 -5.567072260611806434e-02 -2.117723124833070791e+00 4.605232987425906810e-01 6.590501728709326212e-02 8.852385511809827134e-01 3.280242657629731440e+01
8.842374279434522810e-01 6.354229282030599696e-03 -4.669352173084129753e-01 -1.131206430179775602e+01 -3.524453840382582581e-02 9.979640774018002647e-01 -5.314567056956292362e-02 -2.171850647961630187e+00 4.656468308263228550e-01 6.344984698044611737e-02 8.826611512480705413e-01 3.363396974300483322e+01
8.803548833166799925e-01 5.469374560822319944e-03 -4.742666542714835121e-01 -1.178024882377257931e+01 -3.423667813596239368e-02 9.980579760631446140e-01 -5.203290507687338695e-02 -2.229562217378606714e+00 4.730610035611119146e-01 6.204407934627828580e-02 8.788324428204931094e-01 3.448870098670851547e+01
8.778563421855354321e-01 4.327795893540414135e-03 -4.788358169086470162e-01 -1.225155598304476889e+01 -3.324745646269190030e-02 9.980973827831939316e-01 -5.192296560539357009e-02 -2.288427705301208093e+00 4.777000753124651666e-01 6.150201324714568707e-02 8.763300269958401723e-01 3.534281387314405976e+01
8.765451616391992662e-01 2.893556996955664543e-03 -4.813987651238235133e-01 -1.273863869670930171e+01 -3.213339862906477301e-02 9.981026475274036303e-01 -5.251724091235976388e-02 -2.352991951442410024e+00 4.803334596985092131e-01 6.150158262887236299e-02 8.749752510598377553e-01 3.621277757390876673e+01
8.744110939630663770e-01 2.466355615676516216e-03 -4.851856288915897819e-01 -1.323954853741450854e+01 -3.248352419273096980e-02 9.980408784769588815e-01 -5.348378576256326844e-02 -2.407167363218535083e+00 4.841030049520078649e-01 6.253175029224149195e-02 8.727783446757586550e-01 3.709515775043004027e+01
8.754619012995265015e-01 1.818475817734107811e-03 -4.832683441180464778e-01 -1.374139682993314615e+01 -3.158212079221364710e-02 9.980708997388307857e-01 -5.346983141833498016e-02 -2.469051425448588688e+00 4.822394101450235282e-01 6.207050950831564939e-02 8.738302298721351002e-01 3.796194931474231993e+01
8.740021935028975397e-01 2.635696030635203014e-03 -4.858302747662514576e-01 -1.424896307882396940e+01 -3.131356826856743214e-02 9.982124448122923210e-01 -5.091296096643650043e-02 -2.526882001158484936e+00 4.848277806501370413e-01 5.971144258114607917e-02 8.725222119464985937e-01 3.886691082906359895e+01
8.740199669447107356e-01 1.975803565834942203e-03 -4.857987373222349414e-01 -1.476946778996148701e+01 -3.010144941909314795e-02 9.982910148772554670e-01 -5.009620492486473176e-02 -2.587786691617973922e+00 4.848695711295155641e-01 5.841149310236908032e-02 8.725857280970098495e-01 3.977845799977529140e+01
8.731332501190388617e-01 -1.657989494974005480e-03 -4.873960210524337366e-01 -1.528884981860750791e+01 -2.728366696423608143e-02 9.982604274314123005e-01 -5.226150941009252704e-02 -2.655146240554647985e+00 4.866347288845329078e-01 5.893172457917755791e-02 8.715692788780768918e-01 4.070086304572751601e+01
8.729055736000878030e-01 -3.710708820227570821e-03 -4.877497503297970050e-01 -1.582504276922476905e+01 -2.530982854824223582e-02 9.982801527901490335e-01 -5.288133051970390908e-02 -2.720468687837612531e+00 4.871073156272625604e-01 5.850609624048398738e-02 8.713102872511210295e-01 4.163624080550352602e+01
8.714405749474469776e-01 -3.264875926722933617e-03 -4.905406612592799198e-01 -1.636142116773669031e+01 -2.420895183113434129e-02 9.984728518852883372e-01 -4.966256732106096722e-02 -2.776020960710882335e+00 4.899539191520561054e-01 5.515166850873316068e-02 8.700307331518535303e-01 4.256185240396727210e+01
8.697162232512434255e-01 -2.769986583389053535e-03 -4.936209606280259066e-01 -1.689879989580990127e+01 -2.329279286401884919e-02 9.986395307128240750e-01 -4.664596958684334715e-02 -2.837392655897803095e+00 4.930786952101454679e-01 5.206630173938495143e-02 8.684684604943982977e-01 4.349028145579525528e+01
8.656079531617791867e-01 -3.728918110781472006e-03 -5.007426005748418785e-01 -1.744733014067174182e+01 -2.005849833534225496e-02 9.989112923695641078e-01 -4.212235542784695252e-02 -2.900559730231474731e+00 5.003544673716677771e-01 4.650807297504244014e-02 8.645907569863571229e-01 4.442946158060504303e+01
8.631942778251111559e-01 -2.855534432617310315e-03 -5.047090196331558420e-01 -1.800387350891051241e+01 -2.059060692008922097e-02 9.989528720607692147e-01 -4.085686085376426940e-02 -2.958844944583428838e+00 5.042971759883037031e-01 4.566246445257109154e-02 8.622316147434840872e-01 4.535851397407829921e+01
8.570115656820597172e-01 -7.431218956217433211e-03 -5.151231508635385481e-01 -1.855957729975084192e+01 -1.688641284302022996e-02 9.989537809242058364e-01 -4.248998813489422016e-02 -3.022640932116748225e+00 5.149000939340118155e-01 4.511414008918993024e-02 8.559896046800505864e-01 4.626994216451625164e+01
8.522631097780682952e-01 -9.470400238231702073e-03 -5.230255967313840459e-01 -1.913034507507449788e+01 -1.692505569990991957e-02 9.988133599295927478e-01 -4.566768866359734169e-02 -3.081572307708110969e+00 5.228375545022636572e-01 4.777311374307165875e-02 8.510915777204702826e-01 4.719620745630236769e+01
8.454219192194849519e-01 -9.136934792123923080e-03 -5.340346878111086326e-01 -1.970710050769296373e+01 -1.740846738975462826e-02 9.988509582778536400e-01 -4.465356108427002285e-02 -3.141617343442658417e+00 5.338289188437668198e-01 4.705028057812789266e-02 8.442916018537053313e-01 4.810314507383606042e+01
8.396850082722806530e-01 -6.724570062969850714e-03 -5.428834940659664765e-01 -2.030953303412338329e+01 -1.825900198776533520e-02 9.990083664954066967e-01 -4.059592115407006929e-02 -3.193711041719518917e+00 5.426181780049237346e-01 4.400161812497504349e-02 8.387296255680061208e-01 4.901031055538901171e+01
8.359503783251771569e-01 -4.247576671322908157e-03 -5.487321497243244917e-01 -2.092797626996026139e+01 -1.829537395304601730e-02 9.991984492888486002e-01 -3.561178415802444125e-02 -3.252086458124613610e+00 5.484435202472472959e-01 3.981260430558832691e-02 8.352027372701602559e-01 4.992115740354869757e+01
8.312810812113142767e-01 -2.221457587061109826e-03 -5.557962424529332424e-01 -2.150514691001537315e+01 -2.178224972012739874e-02 9.990935859526348661e-01 -3.658034976717954717e-02 -3.312622629923522410e+00 5.553737491826373773e-01 4.252164227619247699e-02 8.304793744124367993e-01 5.078238686499734200e+01
8.278547454169901121e-01 -5.265747127979526591e-03 -5.608327582058931782e-01 -2.213545590409123065e+01 -2.141355143407309633e-02 9.989303458954589265e-01 -4.097649449933476323e-02 -3.367872840249420019e+00 5.604488652227376244e-01 4.593189495156019264e-02 8.268564306182457635e-01 5.166203554928555519e+01
8.252214837622025012e-01 -6.513700056813844300e-03 -5.647866635837567317e-01 -2.276241709192145635e+01 -2.510137463198666707e-02 9.985224596057381552e-01 -4.820507435656064266e-02 -3.433896707544439320e+00 5.642659290242671988e-01 5.396171215035554247e-02 8.238388856306253505e-01 5.254240535880330754e+01
8.230409454338276642e-01 -6.881672595432349396e-03 -5.678379166758469321e-01 -2.337645695958350345e+01 -2.603786664563735240e-02 9.984181220385384137e-01 -4.983029230895053008e-02 -3.499963235926413230e+00 5.672825310350994021e-01 5.580038873869446608e-02 8.215600126896823729e-01 5.342526007480155670e+01
8.195612616640783887e-01 -6.075453156021776852e-03 -5.730384089594304786e-01 -2.401175589859091275e+01 -2.495673498444429123e-02 9.986165262122125297e-01 -4.627463799301927139e-02 -3.563598898069602949e+00 5.725271923733701307e-01 5.221884253556855621e-02 8.182755426405243782e-01 5.430516058701681459e+01
8.156122735269646373e-01 -4.966475018231399606e-03 -5.786099090592145000e-01 -2.464636207239778543e+01 -2.293424579823857140e-02 9.988998171908136658e-01 -4.090942715423197262e-02 -3.617858899691450691e+00 5.781767223669391775e-01 4.663445657106883580e-02 8.146009277949478600e-01 5.518826208120820098e+01
8.118978248175197088e-01 -2.735027123889148624e-03 -5.839767351061263545e-01 -2.528950830548645001e+01 -2.332929042344696058e-02 9.990383441544441467e-01 -3.712178428169096017e-02 -3.676719892102098708e+00 5.835170409380004974e-01 4.375538912630676930e-02 8.110530812111418353e-01 5.606716589533359496e+01
8.109682391028335546e-01 -3.647465215536315484e-04 -5.850306311538873150e-01 -2.592968358008477026e+01 -2.648890639386429491e-02 9.989515791088111607e-01 -3.733748179390909694e-02 -3.733965129534768668e+00 5.844309221790545683e-01 4.577675991997146726e-02 8.101083795537061816e-01 5.693728967970429267e+01
8.067552827005688432e-01 -3.734050837342136643e-03 -5.908979894122412535e-01 -2.658175489524586510e+01 -2.503233147501620140e-02 9.988663504847204999e-01 -4.049222734239440319e-02 -3.786151787111165401e+00 5.903795148052001229e-01 4.745716619468168251e-02 8.057472017870923597e-01 5.781288409161849984e+01
8.020215912116077650e-01 -5.833547893665199692e-03 -5.971958454986806553e-01 -2.723946239138811620e+01 -2.462627560993017536e-02 9.987791335952175276e-01 -4.283284712424734880e-02 -3.853290412062811310e+00 5.967164060438689965e-01 4.906414308230137161e-02 8.008987466668688882e-01 5.867013639267721459e+01
7.997181495330372147e-01 -6.143647467367415078e-03 -6.004216598423471885e-01 -2.790647372485933175e+01 -2.414574223296974895e-02 9.988095174657531938e-01 -4.238575073520925440e-02 -3.912911097933706284e+00 5.999675251425479194e-01 4.839132517303190023e-02 7.986176519861951650e-01 5.954322438558806851e+01
7.950736234706029526e-01 -7.683962365742147416e-03 -6.066179421427557727e-01 -2.858760401123031869e+01 -2.233947063040280651e-02 9.988702696960068961e-01 -4.194559621245807363e-02 -3.968855193898347622e+00 6.062551438391403646e-01 4.689785129440767614e-02 7.940036542691509824e-01 6.041158076047985759e+01
7.908316354069080401e-01 -7.556810692950765955e-03 -6.120076776931825391e-01 -2.927517694560647143e+01 -2.290936562489025510e-02 9.988576450722993494e-01 -4.193412990694823234e-02 -4.025143560394908171e+00 6.116255573011798452e-01 4.718117171744361238e-02 7.897550683328959931e-01 6.127943883110667400e+01
7.844779795366803032e-01 -8.917670458376365447e-03 -6.200982509351895544e-01 -2.996963911748386877e+01 -2.183477370402784126e-02 9.988795378902854960e-01 -4.197852075896896240e-02 -4.080118345156027893e+00 6.197777913123191373e-01 4.647024536684132151e-02 7.834043338837644033e-01 6.215703109933285475e+01
7.791593192687594760e-01 -9.279494463927421763e-03 -6.268631989997844878e-01 -3.065708115850955906e+01 -2.243521223182137758e-02 9.988370129511887630e-01 -4.267824308519136550e-02 -4.140849581252888711e+00 6.265303635359900092e-01 4.731437992248958141e-02 7.780449680768357634e-01 6.299426573830751863e+01
7.750839920038005149e-01 -1.143914796070022791e-02 -6.318787772066158936e-01 -3.136314866086934927e+01 -2.127947769476476111e-02 9.987963880115016124e-01 -4.419017259037791995e-02 -4.205749972652623292e+00 6.316242124605665476e-01 4.769025924616110412e-02 7.739078823519466299e-01 6.383668847194142870e+01
7.673226066578967552e-01 -1.352040594274890768e-02 -6.411359195288408586e-01 -3.207819358112111274e+01 -2.077523396524250110e-02 9.987287853587898390e-01 -4.593144920638145973e-02 -4.266688906157029670e+00 6.409419316497230179e-01 4.856615557412193723e-02 7.660662131926644358e-01 6.468502320343107215e+01
7.619625169811550247e-01 -1.575745354002357559e-02 -6.472504162649997950e-01 -3.280762743084557798e+01 -1.924305713235066259e-02 9.987117394736423348e-01 -4.696226502832261812e-02 -4.334342523540782643e+00 6.471563255677958981e-01 4.824415047231833675e-02 7.606776770245120556e-01 6.553473317297833489e+01
7.565447561496444484e-01 -1.684312180944567625e-02 -6.537443857584745999e-01 -3.354840632507979592e+01 -1.843361375243847758e-02 9.987217725314405659e-01 -4.706268397238060064e-02 -4.399642652075502980e+00 6.537017072603540369e-01 4.765280418747667307e-02 7.552674001900701040e-01 6.636561069794183254e+01
7.491763321521474062e-01 -1.793455061054494148e-02 -6.620718058002645900e-01 -3.429106473223944107e+01 -1.665339959650328355e-02 9.988074461241871482e-01 -4.590635505451355625e-02 -4.465342992869469008e+00 6.621053805088205069e-01 4.542259309387335076e-02 7.479842655278343688e-01 6.721234555777637354e+01
7.436224480078738042e-01 -1.804763791249149735e-02 -6.685121874668236153e-01 -3.504944403689464849e+01 -1.623069590722591923e-02 9.988536522912501159e-01 -4.502517045982502852e-02 -4.529185940763308160e+00 6.685587225250075871e-01 4.433056118711731913e-02 7.424773031737766926e-01 6.804166318753716780e+01
7.367543042494140160e-01 -2.010729287945207250e-02 -6.759579175580741062e-01 -3.582980200297218687e+01 -1.502230187935128976e-02 9.988241434407570951e-01 -4.608643184742743787e-02 -4.594490889304168491e+00 6.760899555170108988e-01 4.410808416717818675e-02 7.355861364696801852e-01 6.887176299792871248e+01
7.313934537911641609e-01 -2.273163323255001506e-02 -6.814604207661650870e-01 -3.661075860907548218e+01 -1.391454741755656505e-02 9.987386662452496511e-01 -4.825374847724679672e-02 -4.663100843568697584e+00 6.816975023775362352e-01 4.478013464360707657e-02 7.301547356612182460e-01 6.968529531298712243e+01
7.249262909071080285e-01 -2.215782214208420614e-02 -6.884741764183869295e-01 -3.741127414500119386e+01 -1.520362330569582747e-02 9.987242195785872578e-01 -4.815670609330090224e-02 -4.726880216798865497e+00 6.886624647357464379e-01 4.538482179683751144e-02 7.236646459741132853e-01 7.051433570643287396e+01
7.187555188561265407e-01 -2.213904565014333456e-02 -6.948799977547037710e-01 -3.821432186409827381e+01 -1.481039040712600272e-02 9.987784064133535811e-01 -4.713266718865527505e-02 -4.794029620875683406e+00 6.950751794727683119e-01 4.416291648722346641e-02 7.175498812452602015e-01 7.133259341492222916e+01
7.152785511917908456e-01 -2.130857351819689244e-02 -6.986597335366154793e-01 -3.903581933332344533e+01 -1.562272844714586092e-02 9.987975252355886235e-01 -4.645980425855413681e-02 -4.860878931368169731e+00 6.988101084920473882e-01 4.414236375085106578e-02 7.140858426895945188e-01 7.214787217607047864e+01
7.100917398610773201e-01 -2.234599294256851484e-02 -7.038545386876906562e-01 -3.984049451492109029e+01 -1.625954522159033314e-02 9.987091742712074227e-01 -4.810713230113366351e-02 -4.932144738536783812e+00 7.040216048749801114e-01 4.559968141090824101e-02 7.088119961384060641e-01 7.295559057188339125e+01
7.044704461772088866e-01 -2.454045618228862038e-02 -7.092980010783700440e-01 -4.068566644106155650e+01 -1.618406021312589899e-02 9.985866700250860539e-01 -5.062069991424181931e-02 -5.004954890482509633e+00 7.095379513302498831e-01 4.714027755010635756e-02 7.030777276239994489e-01 7.378090236997762474e+01
7.001190669790620102e-01 -2.711263951976786157e-02 -7.134723488555708704e-01 -4.152975310916680485e+01 -1.585620362039910636e-02 9.984419997777169709e-01 -5.349250876561210954e-02 -5.074551800247941280e+00 7.138108684555081185e-01 4.876808891756648223e-02 6.985984500545917575e-01 7.458126545275086983e+01
6.949863403290253983e-01 -2.793277189678664008e-02 -7.184583470788659110e-01 -4.237234414269241256e+01 -1.609870648280638597e-02 9.983900534255836234e-01 -5.438609062235989777e-02 -5.153697231629390529e+00 7.188207677420639374e-01 4.936772451091371583e-02 6.934177561210319585e-01 7.537295823002523321e+01
6.886797134223998640e-01 -2.788825996059594511e-02 -7.245563335940734540e-01 -4.323418445492540485e+01 -1.547215965923259828e-02 9.984672155439677788e-01 -5.312829362039074577e-02 -5.229164684497384918e+00 7.249275675940775043e-01 4.780069201141733809e-02 6.871927111741660266e-01 7.618512895422577458e+01
6.851939724026818723e-01 -2.931624820552048913e-02 -7.278475928247583049e-01 -4.410335621320186306e+01 -1.373432342604232609e-02 9.984917936462006649e-01 -5.314768161641948013e-02 -5.306400783032953150e+00 7.283086121358763876e-01 4.640730711578058831e-02 6.837580339236517535e-01 7.698966234269248332e+01
6.801388437055970737e-01 -2.996022860789953127e-02 -7.325244729064126492e-01 -4.499419398277454718e+01 -1.363578867650725585e-02 9.984746745044997818e-01 -5.348581519445696347e-02 -5.386715736702633706e+00 7.330097215737069183e-01 4.636738384479022201e-02 6.786928429883287706e-01 7.778735028941208896e+01
6.758065539444173542e-01 -3.197731671942911913e-02 -7.363772039419259618e-01 -4.587783916171309073e+01 -1.177526346928855355e-02 9.984625101132719172e-01 -5.415898684178308692e-02 -5.460229022867204129e+00 7.369773067033071889e-01 4.526800872413911520e-02 6.743910473696180796e-01 7.858478145534166970e+01
6.700949976874178704e-01 -3.214324819523699250e-02 -7.416149395541430378e-01 -4.676261003066434085e+01 -1.126381815050644074e-02 9.985065826217301987e-01 -5.344762008309541373e-02 -5.541552910182143243e+00 7.422258404450429170e-01 4.416440300631576527e-02 6.687322777040052291e-01 7.937804794169804268e+01
6.664845290194221228e-01 -3.432693478194616399e-02 -7.446937334494498906e-01 -4.765857443557751338e+01 -8.845648723823509169e-03 9.985050252585473407e-01 -5.393925619089848938e-02 -5.615955147257971625e+00 7.454315165231147899e-01 4.254390343554376175e-02 6.651843553861849223e-01 8.016882339608554275e+01
6.620353540265468961e-01 -3.699719116677220587e-02 -7.486596668941029042e-01 -4.857120184387317607e+01 -6.344519934090045617e-03 9.984683586306178915e-01 -5.495412405094921016e-02 -5.701046882522120995e+00 7.495469184696632592e-01 4.112459889583301026e-02 6.607866611450206040e-01 8.096289786650982023e+01
6.570833909070015189e-01 -4.217648665296219040e-02 -7.527049087824830842e-01 -4.948546408619763071e+01 -2.943888698867897554e-03 9.982823655051444867e-01 -5.851567229654010965e-02 -5.781258138026492688e+00 7.538801162745946138e-01 4.066392535027642946e-02 6.558307496112610879e-01 8.175860084643549897e+01
6.532896053086426624e-01 -4.712692811221665806e-02 -7.555067106864590265e-01 -5.039783387499810630e+01 1.575334685814500741e-03 9.981430179142157799e-01 -6.091006017702010888e-02 -5.861117399012589324e+00 7.569738151080234179e-01 3.860109505511569866e-02 6.521512371744805359e-01 8.255998026935822054e+01
6.472293632975335553e-01 -5.074912740266624561e-02 -7.607063255244251865e-01 -5.132733210680198965e+01 7.081640802073642903e-03 9.981384152873893356e-01 -6.057716696543818946e-02 -5.951271592863062843e+00 7.623652757780559064e-01 3.381397274531636882e-02 6.463845598245012702e-01 8.334157120865357626e+01
6.388728912985783825e-01 -5.375904335954489327e-02 -7.675211904524891215e-01 -5.228707799760118746e+01 1.044745792472420200e-02 9.980697557236011264e-01 -6.122261426083089320e-02 -6.034381283418838393e+00 7.693309304420888894e-01 3.109661085316671111e-02 6.382014531670298085e-01 8.413105220313804011e+01
6.310661042976919433e-01 -5.549339430033839449e-02 -7.737426184459815781e-01 -5.322580457708203028e+01 1.413305435037246968e-02 9.980951044687006446e-01 -6.004422113310832476e-02 -6.125911798431018518e+00 7.756011253717092213e-01 2.695764220213761608e-02 6.306479276242936693e-01 8.489571284721876054e+01
6.214141225857284789e-01 -5.435221344532324000e-02 -7.816246898046220748e-01 -5.420262820857411157e+01 1.560991962636847606e-02 9.982512244539977209e-01 -5.701703971023897033e-02 -6.203491920311963170e+00 7.833572777388284614e-01 2.322557307211874436e-02 6.211765781044696899e-01 8.566466913662105753e+01
6.120286861018083835e-01 -5.476984179969515004e-02 -7.889319587585139626e-01 -5.520579726531930476e+01 1.553364943252807072e-02 9.982389509110175529e-01 -5.725451613205142370e-02 -6.292968529074244088e+00 7.906783106834780472e-01 2.278693482129221307e-02 6.118017456547157895e-01 8.641693214393778533e+01
6.034340932331262453e-01 -5.540322404125350847e-02 -7.954833307961111100e-01 -5.619743797766697213e+01 1.292496293195323151e-02 9.981321310974964334e-01 -5.970810227751510019e-02 -6.376923736817819766e+00 7.973054303798130515e-01 2.575172132837937056e-02 6.030226657450610261e-01 8.716604002120840278e+01
5.932218085388326623e-01 -5.951298977248060951e-02 -8.029228360307090195e-01 -5.719306530074184280e+01 1.610846137344313853e-02 9.979417411535642657e-01 -6.206367282123566309e-02 -6.466998846109524912e+00 8.049642773966824150e-01 2.388473747816722420e-02 5.929592511346298833e-01 8.789186150809803166e+01
5.826710678130057053e-01 -5.962135561646481063e-02 -8.106015437719965577e-01 -5.821751145532297755e+01 1.394518434083023145e-02 9.978918731163672895e-01 -6.339191890842130195e-02 -6.552880323741502089e+00 8.126721523226742017e-01 2.563452721086776145e-02 5.822746836204928389e-01 8.862235104554999054e+01
5.722677245584240069e-01 -6.121569379421072654e-02 -8.177873441774661245e-01 -5.925075776024085172e+01 1.780324999647408049e-02 9.979020073683515513e-01 -6.223911011955404055e-02 -6.649098808453522302e+00 8.198826826227557651e-01 2.105073411897557395e-02 5.721575171233650448e-01 8.933977834989624967e+01
5.620421782832881741e-01 -6.171237143210280690e-02 -8.249180869810489591e-01 -6.028504117459456779e+01 1.926915157520129804e-02 9.979188225309706395e-01 -6.152016255318596555e-02 -6.739594989815365977e+00 8.269993113396949536e-01 1.867498869430328848e-02 5.620618663885001975e-01 9.003714625974632213e+01
5.507872426803340771e-01 -6.269629779500221489e-02 -8.323134220048121756e-01 -6.132921060299585747e+01 1.993690210271115149e-02 9.978780329226709656e-01 -6.198230421557972269e-02 -6.831572407233496236e+00 8.344337684239860886e-01 1.754059102910671825e-02 5.508691763585125134e-01 9.072444940002412750e+01
5.419740380081594644e-01 -6.370152020335308196e-02 -8.380163661184544255e-01 -6.240750904752984951e+01 1.889261146042819223e-02 9.977950731423839148e-01 -6.362722532670821163e-02 -6.928079220800219318e+00 8.402213559982015800e-01 1.866159560322568772e-02 5.419817586004335164e-01 9.141380963740198240e+01
5.315124146027826457e-01 -6.381074081415155641e-02 -8.446801851067884392e-01 -6.348425602046621918e+01 1.661424157186257994e-02 9.977516847110842191e-01 -6.493455418674641544e-02 -7.018426850134937389e+00 8.469245473523903112e-01 2.048019086723418605e-02 5.313780239084844315e-01 9.207119991920087898e+01
5.213319956959777679e-01 -6.492221298587141920e-02 -8.509582097911078113e-01 -6.455830230673333858e+01 1.530320471170998863e-02 9.976530935362908359e-01 -6.672580013644824337e-02 -7.115864152452439306e+00 8.532937711535404368e-01 2.176581684460489677e-02 5.211013589603281648e-01 9.272080606275729053e+01
