1.0 0.0 0.0 0.0 0.0 1.0 0.0 0.0 0.0 0.0 1.0 0.0
0.99992096 0.012532265 0.0010304824 0.30529785 -0.012529499 0.99991804 -0.0026478453 -0.010986328 -0.001063576 0.0026347272 0.99999595 0.0012207031
0.9998361 0.018059127 0.0013782389 0.5982666 -0.018052287 0.99982554 -0.0048228516 -0.026977539 -0.001465071 0.0047971844 0.9999874 0.01159668
0.9997894 0.020506991 0.00069999514 0.8963623 -0.020501034 0.99976045 -0.007655571 -0.030151367 -0.0008568485 0.0076396028 0.99997044 0.016479492
0.99982715 0.018572036 -0.0010041851 1.1987305 -0.018579986 0.9997906 -0.0085897045 -0.03930664 0.00084451464 0.008606874 0.9999626 0.011352539
0.9999322 0.011404654 -0.0023319544 1.5142822 -0.011430278 0.99987096 -0.011284641 -0.0501709 0.0022029048 0.011310543 0.9999336 0.011474609
0.9999923 -0.00021561567 -0.003908981 1.8291016 0.0001651409 0.9999167 -0.012908504 -0.049560547 0.003911439 0.012907759 0.99990904 0.020874023
0.9998554 -0.016480772 -0.0042056856 2.1574707 0.016425917 0.99978375 -0.01276124 -0.030151367 0.0044150124 0.012690335 0.99990976 0.026489258
0.9993737 -0.035152912 -0.003952434 2.5064697 0.035121538 0.9993526 -0.0077406676 0.004272461 0.00422213 0.007596901 0.9999622 0.028320312
0.9984909 -0.05464508 -0.0054311026 2.8568115 0.054621454 0.99849725 -0.0044065197 0.03930664 0.005663788 0.0041031525 0.99997556 0.028808594
0.99725854 -0.07377579 -0.0056454237 3.21521 0.07375752 0.9972701 -0.003379598 0.08105469 0.00587937 0.0029539466 0.99997836 0.033569336
0.9954569 -0.0950953 -0.004971276 3.5960693 0.09508022 0.99546564 -0.0031855176 0.12670898 0.0052516796 0.0026984198 0.9999826 0.038330078
0.99326605 -0.115779616 -0.004040268 3.9824219 0.11575085 0.9932547 -0.0067464993 0.17297363 0.0047940803 0.0062333406 0.99996907 0.040527344
0.9912933 -0.13161486 -0.003730923 4.376709 0.1315946 0.9912892 -0.005238744 0.24121094 0.0043880325 0.004702138 0.9999793 0.045532227
0.9888041 -0.14919257 -0.0031945277 4.8049316 0.14917699 0.98880064 -0.0046632634 0.30908203 0.003854219 0.0041345404 0.999984 0.052001953
0.9868245 -0.16178542 -0.0032844222 5.2214355 0.16177735 0.9868279 -0.0025900854 0.39562988 0.0036600586 0.0020246962 0.99999124 0.060180664
0.9848929 -0.17311463 -0.0039485833 5.657593 0.1730937 0.9848911 -0.0051418133 0.4708252 0.0047788257 0.0043805093 0.99997896 0.061157227
0.9828912 -0.18410882 -0.0055685756 6.102417 0.18406618 0.9828871 -0.0073960274 0.55200195 0.0068348385 0.0062447195 0.99995714 0.07080078
0.9815643 -0.19094118 -0.0078395875 6.558716 0.19089098 0.98158234 -0.0067241485 0.64941406 0.008979343 0.0051032444 0.99994665 0.07556152
0.9801921 -0.19779839 -0.009264605 7.03833 0.19774115 0.98022425 -0.0067418045 0.7548828 0.010415367 0.0047762194 0.9999344 0.07470703
0.97836024 -0.20653972 -0.012197144 7.513916 0.2064699 0.97842777 -0.006743504 0.8630371 0.0133270575 0.0040789223 0.99990284 0.079589844
0.97680897 -0.21371749 -0.012949893 8.019409 0.21358061 0.97686076 -0.011178271 0.9680176 0.015039548 0.008153234 0.9998536 0.088134766
0.9748614 -0.22244655 -0.01275579 8.546265 0.22222808 0.97485393 -0.016568594 1.0780029 0.016120493 0.013318263 0.9997814 0.10241699
0.9730906 -0.22993469 -0.014830914 9.057007 0.22967412 0.9731097 -0.01739059 1.2062988 0.018431267 0.013515729 0.9997387 0.11816406
0.9710078 -0.23820484 -0.020321233 9.591553 0.23795652 0.97118187 -0.013903769 1.3587646 0.023047294 0.008665703 0.99969685 0.11694336
0.96904 -0.24581236 -0.023452139 10.126953 0.24562207 0.9693126 -0.010721348 1.5108643 0.025367761 0.0046306457 0.9996675 0.12939453
0.9664608 -0.255417 -0.02585633 10.696533 0.25519177 0.9667952 -0.011717747 1.6640625 0.027992366 0.004724051 0.9995969 0.15100098
0.9640608 -0.2643329 -0.026470253 11.252563 0.26399258 0.96439 -0.01568045 1.8186035 0.029672777 0.008128239 0.99952656 0.17138672
0.96187526 -0.27187896 -0.030012567 11.838013 0.27152598 0.96232086 -0.015346659 1.9960938 0.0330532 0.0066118967 0.99943143 0.19042969
0.9598101 -0.2785409 -0.033973727 12.429077 0.27817973 0.9603988 -0.015027657 2.166504 0.036813613 0.004968419 0.9993094 0.20666504
0.9571595 -0.28703824 -0.03855388 13.019897 0.28665057 0.95792866 -0.015351576 2.3579102 0.04133751 0.0036464164 0.99913883 0.23059082
0.9551022 -0.2925729 -0.04613813 13.64209 0.2921122 0.95621294 -0.01658401 2.5610352 0.04897125 0.002358642 0.9987975 0.26220703
0.95334566 -0.29705888 -0.054085925 14.262085 0.29659694 0.9548788 -0.016558697 2.764038 0.056563657 -0.0002527763 0.99839884 0.29309082
0.9520262 -0.2994234 -0.063548684 14.891846 0.29887876 0.9541422 -0.018135102 2.9736328 0.06606273 -0.001718571 0.99781495 0.3260498
0.949739 -0.30436134 -0.073048085 15.546753 0.3039743 0.95252293 -0.016638303 3.1936035 0.07464238 -0.006407139 0.9971892 0.36499023
0.9481685 -0.30743888 -0.080173425 16.207397 0.30713356 0.9515085 -0.016419163 3.4145508 0.08133547 -0.009058505 0.99664605 0.41674805
0.9451498 -0.31457523 -0.08833184 16.870483 0.31452152 0.9491691 -0.014887234 3.6427002 0.088522956 -0.013700223 0.9959803 0.475708
0.94318765 -0.31849465 -0.094564304 17.546997 0.31868163 0.9477564 -0.013528787 3.8798828 0.0939322 -0.017376237 0.9954274 0.5341797
0.9415135 -0.3212646 -0.101857364 18.23413 0.3217986 0.9467538 -0.011594132 4.1348877 0.10015775 -0.021852959 0.99473256 0.600708
0.9391814 -0.32643434 -0.10670909 18.93689 0.32745078 0.9448338 -0.008346951 4.3894043 0.10354773 -0.027096605 0.994257 0.6685791
0.9372737 -0.33116177 -0.10901016 19.64331 0.33233714 0.9431469 -0.0077288765 4.656494 0.105373025 -0.028979106 0.99401045 0.744751
0.93534803 -0.33668944 -0.10870501 20.369385 0.3380487 0.94113433 -0.006223509 4.9262695 0.10440167 -0.03091337 0.9940562 0.8280029
0.93297106 -0.3436136 -0.10715534 21.099121 0.34491497 0.9386011 -0.0067179725 5.2061768 0.10288836 -0.030688263 0.99422157 0.9075928
0.93117625 -0.3488794 -0.10546327 21.841309 0.3502037 0.9366135 -0.0062995376 5.492676 0.1009772 -0.03107663 0.99440384 0.9863281
0.92895335 -0.35598788 -0.10166834 22.575562 0.35710338 0.9340441 -0.0076290146 5.7803955 0.09767866 -0.029218435 0.99478847 1.0687256
0.924455 -0.3684883 -0.09774539 23.34729 0.3699317 0.929029 -0.0035885694 6.1029053 0.092131905 -0.0328524 0.99520373 1.1490479
0.92242575 -0.3747353 -0.09332814 24.121338 0.37611032 0.92657286 -0.0030607998 6.430542 0.08762259 -0.032276817 0.9956309 1.2270508
0.9191362 -0.38318405 -0.09120755 24.878418 0.38482392 0.92296827 0.00041692983 6.7559814 0.084019534 -0.035486486 0.99583185 1.2983398
0.9162616 -0.39038587 -0.08953075 25.64917 0.39208046 0.91990435 0.001456666 7.090454 0.081790015 -0.03644549 0.99598247 1.3724365
0.911834 -0.40071094 -0.0896545 26.420654 0.40256733 0.9154137 0.0028803796 7.4417725 0.08091453 -0.03871771 0.99596757 1.4477539
0.90834934 -0.40871778 -0.08894241 27.191162 0.41053545 0.91187376 0.0023728635 7.796509 0.080135845 -0.038661167 0.9960344 1.5146484
0.9048451 -0.416652 -0.08720136 27.971191 0.4184945 0.90818584 0.0031533544 8.166992 0.07787976 -0.03935579 0.9961849 1.5854492
0.9006373 -0.42607525 -0.085656956 28.773926 0.4278516 0.90386134 0.0026373619 8.546875 0.07629449 -0.03903134 0.996319 1.6539307
0.8977768 -0.43277064 -0.08175501 29.582275 0.43441993 0.90069276 0.0026737442 8.940186 0.07247973 -0.03791364 0.9966498 1.7236328
0.89415056 -0.4411362 -0.077069946 30.393555 0.44271308 0.8966788 0.003822119 9.346069 0.06742205 -0.03752218 0.99702024 1.7897949
0.891324 -0.44757843 -0.07193719 31.197144 0.448954 0.89352375 0.0033618065 9.760864 0.062778115 -0.035284854 0.9974054 1.8525391
0.88717276 -0.4560852 -0.06960766 32.0271 0.45743406 0.88919777 0.0039142496 10.182617 0.060106516 -0.035316776 0.9975668 1.9117432
0.8851791 -0.4602034 -0.06887146 32.866455 0.46143746 0.887211 0.0022855005 10.62561 0.0600516 -0.033799417 0.9976226 1.9714355
0.88260126 -0.4653433 -0.06643931 33.700195 0.46652174 0.88447493 0.0025311655 11.077515 0.057586152 -0.03323876 0.99778646 2.0246582
0.87877446 -0.47276214 -0.06506947 34.557495 0.47385567 0.8805918 0.001564194 11.541138 0.056559693 -0.03221281 0.997879 2.0809326
0.8762748 -0.47739902 -0.064550385 35.413696 0.47841793 0.8780948 0.00037161866 12.008789 0.056504782 -0.031213738 0.99791414 2.1380615
0.8749238 -0.48002502 -0.06456497 36.2854 0.48096666 0.8767864 -0.0010897471 12.492798 0.05713046 -0.030094288 0.9979128 2.2006836
0.8727266 -0.48378834 -0.06561243 37.169678 0.4847428 0.8746587 -0.0015562084 12.990356 0.05814063 -0.030438408 0.997845 2.2528076
0.87378126 -0.48192266 -0.065143995 38.037476 0.48282155 0.8757075 -0.002184277 13.490723 0.05810624 -0.029540852 0.99787426 2.3131104
0.872472 -0.48452848 -0.06279492 38.944336 0.48540884 0.8742392 -0.0014010337 13.995361 0.055580027 -0.02926375 0.99802566 2.369995
0.8725385 -0.48457295 -0.061496433 39.8573 0.4853795 0.8742527 -0.0020636201 14.513672 0.05476534 -0.028050369 0.9981055 2.4294434
0.87153244 -0.48631534 -0.06203114 40.781372 0.48693585 0.8733729 -0.0057134703 15.030029 0.0569548 -0.025231985 0.9980576 2.4942627
0.87128 -0.48677847 -0.061611276 41.71826 0.48727128 0.8731461 -0.007771157 15.563721 0.057582773 -0.023258211 0.9980699 2.5576172
0.8700013 -0.48964518 -0.058269463 42.645874 0.49009037 0.8716689 -0.007363092 16.097046 0.054398194 -0.022146367 0.99827397 2.6125488
0.8684395 -0.49278906 -0.055197194 43.576416 0.49319756 0.86993337 -0.0069092214 16.631226 0.05141943 -0.021219682 0.99845135 2.6732178
0.8645684 -0.5000888 -0.049672503 44.518677 0.50034827 0.86580735 -0.007959969 17.175049 0.046986118 -0.017965253 0.99873424 2.736206
0.8622067 -0.5040418 -0.0488415 45.44995 0.5043301 0.86339104 -0.0071336967 17.72815 0.045767237 -0.018489257 0.998781 2.793335
0.8559787 -0.5146247 -0.0483465 46.36487 0.5147006 0.8572161 -0.011827409 18.277832 0.047531176 -0.014769073 0.9987601 2.8551025
0.8510842 -0.52254057 -0.05104227 47.293945 0.5225639 0.85248476 -0.013949765 18.843628 0.050803035 -0.014799112 0.9985991 2.911499
0.8442826 -0.5335407 -0.05036304 48.20459 0.53358227 0.8456452 -0.013744394 19.41455 0.049921032 -0.015264778 0.99863666 2.970581
0.8387145 -0.5423602 -0.04734371 49.115234 0.54247826 0.83989596 -0.011442712 20.012085 0.045970432 -0.016098399 0.99881256 3.0229492
0.83518267 -0.54821974 -0.043173023 50.029053 0.54838216 0.8361419 -0.009043261 20.626587 0.04105774 -0.01611955 0.999027 3.0820312
0.83044845 -0.55515057 -0.045904182 50.893066 0.55545115 0.8314844 -0.0070946906 21.199463 0.042106785 -0.019599978 0.9989212 3.1412354
0.82683194 -0.5601954 -0.049338434 51.775146 0.5604325 0.8280799 -0.010191269 21.825806 0.046566244 -0.01923261 0.9987297 3.194336
0.8238095 -0.563971 -0.05738427 52.65747 0.5643206 0.82548624 -0.01146755 22.449219 0.05383645 -0.022926684 0.9982871 3.2572021
0.8215294 -0.56697863 -0.059233803 53.54248 0.56735635 0.8233163 -0.01186852 23.060059 0.055498526 -0.023863267 0.9981734 3.3218994
0.8182452 -0.57224536 -0.055670485 54.425293 0.5725898 0.8198217 -0.011132411 23.691528 0.052009486 -0.022771293 0.99838644 3.3861084
0.81457204 -0.5779271 -0.050103974 55.311523 0.5782106 0.81584793 -0.010104206 24.322266 0.046718773 -0.020736529 0.99869305 3.4415283
0.8110185 -0.5832934 -0.04723995 56.19336 0.58362156 0.8121189 -0.007944129 24.96167 0.04299778 -0.021121101 0.99885184 3.5010986
0.8100624 -0.58421147 -0.04925874 57.065186 0.5846891 0.81119543 -0.0055838097 25.59961 0.043221846 -0.024281954 0.99877036 3.5577393
0.8057108 -0.5901367 -0.050965514 57.943604 0.59050894 0.8069983 -0.009020979 26.247437 0.04645391 -0.022825751 0.99865973 3.6083984
0.8008672 -0.5964577 -0.05259651 58.803955 0.596774 0.80227864 -0.0111955255 26.900757 0.048876636 -0.022420244 0.99855363 3.6744385
0.7985876 -0.5997111 -0.05193547 59.679443 0.60000104 0.799974 -0.011546565 27.564575 0.048471376 -0.021936608 0.9985837 3.7338867
0.7939805 -0.605999 -0.05046519 60.551025 0.6061902 0.79532784 -0.013167625 28.241455 0.048114657 -0.020126652 0.9986392 3.789795
0.7897302 -0.61137074 -0.05076407 61.421875 0.6115804 0.79108965 -0.013108923 28.92517 0.048173003 -0.020695744 0.9986245 3.8459473
0.7833845 -0.6195216 -0.05008001 62.303223 0.619661 0.78473884 -0.014574785 29.614746 0.048325732 -0.019619694 0.9986385 3.9007568
0.77802444 -0.6262711 -0.050944723 63.1438 0.6264174 0.77942824 -0.0150213055 30.297852 0.049113233 -0.020220079 0.9985886 3.9613037
0.7738947 -0.6313543 -0.051339053 63.989258 0.6314064 0.7753614 -0.01724508 31.0 0.050694034 -0.019066524 0.9985321 4.025879
0.76605886 -0.6406614 -0.052243434 64.8418 0.6406353 0.76761335 -0.019446462 31.709717 0.052560966 -0.018566933 0.9984454 4.086426
0.7606791 -0.64686835 -0.051940795 65.69507 0.6467264 0.7622595 -0.02176659 32.434814 0.053678468 -0.017039329 0.9984133 4.1540527
0.75527346 -0.6534132 -0.051369045 66.52954 0.6532119 0.7568444 -0.02293907 33.171265 0.05386772 -0.016231313 0.99841607 4.2198486
0.74799746 -0.66182333 -0.049160797 67.380615 0.6615405 0.74947107 -0.024148593 33.908936 0.052829444 -0.014454526 0.9984995 4.286377
0.7424921 -0.66828275 -0.04808497 68.21362 0.6679865 0.7439151 -0.024350546 34.663086 0.052036908 -0.014033465 0.99854624 4.3511963
0.73560935 -0.67580783 -0.047882486 69.04785 0.6754096 0.7370544 -0.026513765 35.43872 0.05320464 -0.012833194 0.9985008 4.416992
0.73018765 -0.6814026 -0.048569895 69.86499 0.6808772 0.7317063 -0.029214758 36.215576 0.055452697 -0.011735443 0.9983929 4.48584
0.7236934 -0.688371 -0.049187645 70.698 0.6878948 0.72524524 -0.028737241 37.01172 0.055451766 -0.013031111 0.99837655 4.550659
0.71758014 -0.6947911 -0.047977388 71.52026 0.6943082 0.71907157 -0.02881239 37.810547 0.054520044 -0.012644556 0.9984321 4.6192627
0.7141121 -0.69853145 -0.047962807 72.33862 0.69809836 0.7155946 -0.028034657 38.628784 0.053898774 -0.013459602 0.9984552 4.687622
0.70883965 -0.7037352 -0.049430396 73.1499 0.7032728 0.7104216 -0.029143948 39.429565 0.05562024 -0.014106619 0.99835163 4.7595215
0.70311177 -0.7092384 -0.050983097 73.979004 0.70868146 0.7048179 -0.031414866 40.27063 0.05821391 -0.014044137 0.9982052 4.8328857
0.6986405 -0.71349585 -0.052621976 74.782715 0.7128158 0.70048505 -0.034044683 41.111084 0.06114775 -0.013727588 0.99803394 4.903076
0.6934619 -0.7185024 -0.053230237 75.578125 0.7177889 0.69536126 -0.034936823 41.94983 0.062114183 -0.013980097 0.997971 4.9835205
0.6872391 -0.7246179 -0.051671483 76.39453 0.72389644 0.68904966 -0.034986172 42.807495 0.060947526 -0.013363072 0.99805087 5.061035
0.6838136 -0.727999 -0.05028557 77.20239 0.7271778 0.68556184 -0.036466256 43.67334 0.06101893 -0.011631604 0.9980684 5.1400146
0.678751 -0.73269975 -0.05025199 78.00391 0.7318473 0.6805115 -0.037181117 44.560425 0.06142756 -0.011543738 0.9980439 5.222168
0.67446065 -0.7366642 -0.04916052 78.80493 0.735681 0.67618096 -0.03925985 45.44055 0.06216281 -0.009693468 0.9980185 5.2973633
0.66880465 -0.7419184 -0.04806255 79.602295 0.7409227 0.670467 -0.03950812 46.32141 0.061531525 -0.009193037 0.9980622 5.3808594
0.6652703 -0.74512154 -0.046448953 80.396484 0.74398285 0.66685516 -0.04174368 47.21411 0.06207521 -0.006784017 0.9980484 5.4571533
0.6608883 -0.74923223 -0.0450395 81.194336 0.7479227 0.66240793 -0.044477604 48.123047 0.063154645 -0.004293543 0.9979941 5.5440674
0.6559581 -0.7535471 -0.04459243 81.9939 0.7519052 0.6574712 -0.0497219 49.033447 0.06678544 -0.00090956315 0.9977672 5.625244
0.6523071 -0.7566283 -0.04254078 82.79883 0.754655 0.6536817 -0.05472338 49.942383 0.0692332 0.003596004 0.9975951 5.706421
0.6465692 -0.7620231 -0.03776652 83.58496 0.75983256 0.6476071 -0.05843673 50.867676 0.06898938 0.009089109 0.99757606 5.7990723
0.63840795 -0.76898915 -0.035058305 84.37964 0.76662153 0.6392486 -0.061562367 51.822754 0.06974822 0.012432226 0.99748755 5.8845215
0.63087386 -0.77526927 -0.030924002 85.149414 0.7728399 0.63142675 -0.06340772 52.75708 0.06867571 0.01609754 0.9975085 5.979004
0.62140775 -0.7830463 -0.027189951 85.92407 0.7807524 0.6217541 -0.062403686 53.729248 0.065777265 0.017551165 0.99768007 6.060425
0.61203766 -0.7903715 -0.026750404 86.681885 0.78805417 0.6123733 -0.06294488 54.727783 0.06613406 0.017446507 0.99765843 6.152954
0.60325545 -0.7969914 -0.029713532 87.436035 0.7945813 0.6038055 -0.06368336 55.715088 0.06869166 0.014808118 0.99752796 6.2391357
0.5932194 -0.804645 -0.027851937 88.167725 0.80197394 0.59360176 -0.067925125 56.70581 0.071176566 0.017956404 0.99730164 6.331665
0.58253247 -0.8123527 -0.0295951 88.90405 0.8096406 0.58307004 -0.06816443 57.725586 0.072631516 0.015756244 0.9972351 6.420532
0.57243794 -0.8195758 -0.025006793 89.627686 0.8168238 0.57264924 -0.06989763 58.75415 0.07160918 0.019579291 0.99724007 6.520752
0.5623535 -0.8267024 -0.022623809 90.331055 0.8239559 0.56241655 -0.07052737 59.783936 0.071015835 0.021010181 0.9972528 6.6152344
0.55117154 -0.83414197 -0.021478895 91.02466 0.83134 0.551165 -0.071651496 60.823486 0.071610905 0.02163506 0.9971979 6.7109375
0.5422877 -0.8399273 -0.022591341 91.71948 0.8370226 0.542369 -0.07276171 61.897705 0.07335674 0.020555118 0.99709415 6.811035
0.531681 -0.8466306 -0.024395702 92.38281 0.8436746 0.53192735 -0.07299449 62.970215 0.07478191 0.018234063 0.9970338 6.9052734
0.52140784 -0.85299796 -0.025668755 93.03833 0.84993035 0.52176726 -0.07422523 64.04004 0.0766871 0.01688002 0.99691135 7.0064697
0.5113381 -0.8590845 -0.025680834 93.68677 0.8559171 0.51171196 -0.075549394 65.13721 0.07804185 0.01664472 0.99681056 7.1137695
0.5032594 -0.8637896 -0.02518433 94.323975 0.86083907 0.5036661 -0.07288419 66.23804 0.075644866 0.014991464 0.9970215 7.2141113
0.4949038 -0.86863035 -0.022575423 94.968994 0.86577666 0.4951532 -0.072191104 67.35742 0.07389325 0.016192492 0.9971356 7.3183594
0.48711833 -0.87323076 -0.021076657 95.59888 0.87037474 0.48727733 -0.072570376 68.47974 0.0736381 0.01700301 0.9971399 7.425415
0.47933224 -0.8772829 -0.021850416 96.20972 0.8741415 0.47951344 -0.07620638 69.614746 0.07733135 0.017433366 0.9968534 7.531006
0.473148 -0.88083285 -0.019209092 96.818115 0.87749046 0.47308552 -0.07940886 70.73755 0.079018444 0.020708889 0.99665725 7.638672
0.46661752 -0.8842598 -0.018462459 97.41943 0.8806728 0.46644953 -0.082617134 71.87207 0.081683815 0.022286685 0.9964092 7.7478027
0.4612706 -0.8870943 -0.016910423 98.00635 0.8831462 0.46088326 -0.08735031 73.01709 0.08529128 0.025349826 0.99603313 7.8687744
0.45627648 -0.8897186 -0.01552164 98.5979 0.8857292 0.45576918 -0.08823149 74.16699 0.085585 0.026514098 0.9959786 7.983032
0.45370835 -0.89097923 -0.011639195 99.18701 0.8872032 0.45292127 -0.08698728 75.2832 0.08277249 0.029152231 0.99614286 8.101685
0.45046884 -0.8929278 -0.00556051 99.7854 0.8894797 0.44926023 -0.085232034 76.440674 0.07858279 0.033449147 0.9963462 8.224609
0.4455191 -0.8952608 -0.0020233365 100.34497 0.89190865 0.44404358 -0.08546055 77.60425 0.07743387 0.036260806 0.9963374 8.334106
0.44275123 -0.896475 -0.0012933575 100.883545 0.8932332 0.44127226 -0.08435453 78.72339 0.076186664 0.03620353 0.99643683 8.445801
0.44184145 -0.89711905 0.0017106924 101.44995 0.8940234 0.44015753 -0.083840095 79.87549 0.07447461 0.038556498 0.996476 8.558228
0.43783873 -0.8990744 0.004419037 102.00415 0.8960464 0.43595034 -0.08430584 80.99902 0.07385128 0.04087612 0.9964315 8.663818
0.43532145 -0.90030956 0.0062047653 102.54248 0.89732087 0.43329147 -0.0847047 82.13208 0.07356971 0.042455196 0.9963872 8.770386
0.4322979 -0.90159917 0.009348153 103.08032 0.89873815 0.43004888 -0.084742434 83.22949 0.07236636 0.045037903 0.9963608 8.875122
0.43193913 -0.9017323 0.013232613 103.625244 0.8991205 0.42945933 -0.08375561 84.34961 0.06984711 0.048076097 0.99639857 8.979004
0.42943245 -0.90301985 0.015923712 104.15234 0.900545 0.4267815 -0.0835975 85.45752 0.06867732 0.05024483 0.99637336 9.082886
0.4273727 -0.9037569 0.01748148 104.660645 0.90132624 0.42459854 -0.08403246 86.53638 0.06851336 0.0516872 0.9963116 9.178345
0.42685205 -0.90429914 0.017900907 105.17993 0.9017378 0.42393765 -0.08615678 87.61743 0.07031369 0.05290071 0.9961199 9.27832
0.42579824 -0.90443236 0.018071996 105.67993 0.9018352 0.4228426 -0.08676243 88.68335 0.07084345 0.053246796 0.9960654 9.378174
0.42781103 -0.903665 0.016351584 106.16968 0.9008325 0.42486212 -0.088855416 89.738525 0.07334742 0.0527543 0.995911 9.479126
0.4292824 -0.9028884 0.013843938 106.659424 0.8999442 0.4265228 -0.08868313 90.806885 0.07417483 0.050547406 0.9959647 9.580688
0.43229902 -0.90159094 0.01174262 107.14209 0.89856637 0.42969763 -0.08847677 91.83081 0.0747095 0.048804786 0.9960107 9.6779785
0.43789282 -0.89905965 0.009173512 107.63037 0.8958602 0.43542275 -0.089370295 92.85693 0.076329395 0.047361866 0.995958 9.776978
0.44477305 -0.8955214 0.007727406 108.128174 0.8923166 0.44241503 -0.08880511 93.87256 0.076096304 0.046412237 0.9960212 9.8741455
0.45011917 -0.8929359 0.006911362 108.62988 0.8897497 0.44783065 -0.08821414 94.89307 0.075677425 0.045849457 0.9960771 9.973633
0.45872748 -0.88844824 0.0061844685 109.142334 0.885325 0.45650893 -0.087233655 95.89526 0.0746815 0.045484647 0.9961689 10.064453
0.46724394 -0.88406366 0.0052278712 109.65918 0.8809299 0.46507224 -0.08708892 96.8999 0.07456246 0.04530748 0.99618745 10.15625
0.4767039 -0.878991 0.0040347837 110.166504 0.875902 0.474634 -0.08606762 97.87695 0.073736936 0.044564277 0.9962817 10.250732
0.48626778 -0.8738816 0.0022016955 110.70068 0.87063617 0.48424032 -0.08735044 98.861084 0.07528544 0.044392873 0.9961734 10.344482
0.4968622 -0.8678266 -0.0017318241 111.24219 0.86437684 0.49506447 -0.08812408 99.8125 0.07730687 0.042287443 0.9961099 10.442505
0.50804216 -0.86118966 -0.006247766 111.78882 0.85742456 0.5064739 -0.09000343 100.76343 0.080692545 0.040367365 0.99592125 10.5390625
0.52016246 -0.85402125 -0.009050633 112.35571 0.8503087 0.51883554 -0.08824684 101.72388 0.080066636 0.038214203 0.99605745 10.635864
0.5318137 -0.8469292 -0.009520398 112.92456 0.8434654 0.5305972 -0.08506213 102.65161 0.07708253 0.03718209 0.99632883 10.730347
0.544484 -0.8387542 -0.009597139 113.515625 0.83544016 0.54328495 -0.083350345 103.57568 0.0751117 0.037383266 0.9964757 10.825684
0.5562359 -0.8310576 -0.010329297 114.10132 0.82781416 0.5550865 -0.08225644 104.47095 0.07407738 0.037214383 0.9965588 10.919556
0.5666308 -0.8238562 -0.011814509 114.71289 0.8205091 0.5655206 -0.083078496 105.357666 0.07511854 0.037379116 0.99647355 11.013184
0.5789079 -0.8151796 -0.01312714 115.32788 0.81169176 0.5777909 -0.0844837 106.246826 0.07647439 0.038251664 0.99633753 11.102051
0.58931184 -0.80773985 -0.012807558 115.96167 0.80412036 0.588042 -0.086558715 107.1001 0.077464394 0.040722504 0.9961643 11.191895
0.6004471 -0.79949385 -0.013764981 116.579346 0.7958991 0.5992281 -0.08596929 107.94702 0.07696668 0.040664136 0.9962042 11.292114
0.61108553 -0.79134023 -0.013707997 117.223145 0.7878958 0.609885 -0.08422637 108.776855 0.075019255 0.040666107 0.99635243 11.380493
0.6212048 -0.783516 -0.012438322 117.85449 0.7802615 0.61993444 -0.08257974 109.5874 0.072426006 0.041598678 0.99650633 11.468506
0.63155335 -0.7751331 -0.012326071 118.500244 0.7719943 0.6302869 -0.08128229 110.3916 0.07078638 0.04182947 0.9966152 11.55249
0.6420113 -0.76653284 -0.015906814 119.140625 0.7633419 0.64100134 -0.080193155 111.177 0.07166642 0.039352357 0.9966531 11.637207
0.65188944 -0.7580132 -0.0190693 119.7854 0.7546866 0.6510544 -0.0805274 111.95337 0.073459 0.03810271 0.9965702 11.718872
0.660141 -0.7508692 -0.020056065 120.45459 0.74758476 0.6593799 -0.07955098 112.71265 0.07295452 0.037508123 0.9966284 11.802368
0.6707338 -0.74137986 -0.020012194 121.100586 0.738208 0.6699753 -0.07816148 113.441895 0.07136588 0.037641466 0.9967386 11.888794
0.6781183 -0.734635 -0.018371336 121.774414 0.7316545 0.67727923 -0.07645843 114.1709 0.06861686 0.03840435 0.99690354 11.96521
0.6870584 -0.7264407 -0.018407432 122.44385 0.72350687 0.68620795 -0.07590269 114.875 0.06775837 0.038826115 0.9969453 12.043945
0.69368047 -0.71997344 -0.02070749 123.09839 0.7169974 0.69298005 -0.075365 115.55737 0.068597354 0.037437025 0.99694234 12.121094
0.7026136 -0.7113418 -0.020654963 123.77661 0.7084719 0.7019255 -0.07393837 116.252686 0.067091644 0.037317447 0.9970486 12.20105
0.7084353 -0.7054537 -0.020805327 124.43506 0.70270354 0.7078017 -0.07214042 116.92456 0.065612905 0.03648252 0.99717766 12.269287
0.7165036 -0.69732004 -0.019334212 125.099365 0.69483984 0.71586406 -0.06885968 117.598145 0.061863862 0.03590464 0.99743855 12.343262
0.7244987 -0.68910444 -0.020390864 125.7793 0.6866779 0.72394514 -0.067486115 118.24341 0.0612635 0.034887433 0.99751097 12.416382
0.73116034 -0.6817967 -0.020622395 126.42993 0.6794331 0.7306344 -0.06642808 118.85962 0.060361583 0.03456077 0.99757856 12.484009
0.73911154 -0.6730666 -0.022551276 127.08984 0.6708144 0.7387689 -0.06358197 119.47998 0.05946264 0.031861696 0.99772185 12.54126
0.74963874 -0.6614142 -0.021527287 127.77832 0.6593059 0.7492604 -0.06178026 120.07764 0.05699012 0.032114748 0.9978579 12.608154
0.75674134 -0.65345204 -0.02105923 128.43726 0.651604 0.7564514 -0.0574029 120.654785 0.053428743 0.02971841 0.99812955 12.671753
0.76737076 -0.6408871 -0.020577356 129.10986 0.6391346 0.76706964 -0.055932038 121.23413 0.051630974 0.02976131 0.99822205 12.727661
0.77702 -0.6290911 -0.022598522 129.77002 0.6273314 0.7768239 -0.055012662 121.77832 0.052162416 0.028560765 0.99822944 12.781738
0.78784806 -0.61542654 -0.025262406 130.44678 0.61357737 0.787753 -0.055333357 122.311035 0.05394248 0.0280912 0.99814856 12.837769
0.7983424 -0.6016919 -0.025709316 131.13867 0.5998454 0.79824615 -0.055062845 122.84448 0.053659003 0.028534258 0.99815106 12.895264
0.80681807 -0.5902034 -0.024930181 131.81226 0.5884623 0.80669904 -0.053532764 123.340576 0.051711164 0.02852145 0.9982551 12.946289
0.8170764 -0.5759907 -0.022931736 132.5232 0.5743882 0.8168732 -0.05197762 123.836426 0.048674535 0.029292557 0.99838483 12.998291
0.8274727 -0.56109256 -0.021309644 133.21094 0.5596176 0.8272115 -0.05040589 124.30908 0.045902602 0.029785099 0.9985022 13.050659
0.8355064 -0.54909724 -0.018632583 133.92383 0.5477887 0.8351625 -0.04855125 124.792725 0.042224504 0.030359346 0.99864703 13.102295
0.8447982 -0.5348248 -0.017090082 134.65454 0.53360015 0.84439164 -0.047827594 125.243164 0.040008754 0.031288005 0.99870956 13.141846
0.8519512 -0.52339643 -0.01569122 135.36548 0.5222003 0.8514549 -0.04839589 125.697266 0.03869085 0.033036485 0.9987049 13.188721
0.85840243 -0.5126978 -0.015185662 136.09912 0.511536 0.85788184 -0.04811695 126.14453 0.037695482 0.03353746 0.9987268 13.233154
0.8644138 -0.5024912 -0.016361693 136.86255 0.5013368 0.8639597 -0.047035217 126.55737 0.03776711 0.032452803 0.9987595 13.27356
0.8706178 -0.49165264 -0.015038878 137.57397 0.4906224 0.87016815 -0.044954874 126.99341 0.035192534 0.031762037 0.9988759 13.307617
0.87710774 -0.47998723 -0.015634812 138.35156 0.47899383 0.87671 -0.043520488 127.4209 0.03460293 0.030682392 0.99892986 13.349121
0.8827279 -0.46971944 -0.015453255 139.11133 0.4687192 0.88229644 -0.04403673 127.81665 0.03431409 0.031632554 0.9989106 13.390503
0.8875671 -0.46040937 -0.015811915 139.85718 0.45937943 0.8871165 -0.044678032 128.19849 0.034602933 0.032389063 0.99887574 13.425049
0.8927996 -0.45017543 -0.016627017 140.66089 0.44908676 0.8923302 -0.045755498 128.63403 0.035430986 0.03338411 0.99881464 13.461548
0.8948049 -0.44609842 -0.017402252 141.43848 0.44500062 0.89437205 -0.045346517 129.02734 0.035789993 0.03283071 0.99882007 13.496216
0.8995286 -0.43672422 -0.012577956 142.22461 0.4358818 0.8990185 -0.042558126 129.39258 0.029889394 0.032802485 0.9990152 13.536377
0.9013848 -0.43284053 -0.010269466 143.04004 0.4321604 0.9009049 -0.039470494 129.79688 0.026341986 0.031139731 0.9991678 13.569702
0.9044389 -0.4264662 -0.008433169 143.84058 0.42591953 0.90400034 -0.036457427 130.19629 0.023178287 0.0293815 0.99929935 13.59668
0.9080051 -0.41889775 -0.0072853854 144.72046 0.41843805 0.9076028 -0.034188155 130.57959 0.02093035 0.02799691 0.99938923 13.624512
0.9108293 -0.41279888 -0.0062692054 145.52515 0.4124088 0.9104578 -0.032213602 130.98022 0.019002391 0.026755147 0.99946153 13.649536
0.91377884 -0.40625435 -0.003327082 146.4187 0.40597063 0.9133925 -0.030779526 131.36426 0.015540032 0.026776101 0.99952084 13.669189
0.91795254 -0.39669922 -0.0011062929 147.2893 0.39647388 0.91751796 -0.031263523 131.74316 0.013416741 0.028260836 0.9995106 13.694092
0.9212874 -0.38889325 -6.734094e-05 148.19409 0.3887048 0.9208466 -0.030970296 132.12964 0.012104362 0.028506598 0.9995204 13.716187
0.9239276 -0.38251656 8.153515e-05 149.09106 0.3823135 0.92343026 -0.032770347 132.5105 0.012462943 0.03030817 0.9994627 13.724365
0.9278771 -0.37284514 0.0009215889 150.01929 0.37264746 0.9272991 -0.034953173 132.86865 0.012173911 0.03277663 0.999389 13.750977
0.9319857 -0.36252573 0.0004511364 150.96558 0.3623067 0.93137777 -0.035944365 133.25562 0.0126088355 0.03366338 0.99935377 13.76416
0.9361788 -0.35148534 -0.0017421609 151.92896 0.35118127 0.93555397 -0.03723708 133.61523 0.01471846 0.034247797 0.999305 13.785034
0.94075435 -0.33908504 -0.002720042 152.8872 0.33877614 0.94018483 -0.035899635 133.96802 0.014728307 0.032852944 0.99935186 13.801392
0.9468551 -0.32172224 -0.0027773974 153.8689 0.32147643 0.94640666 -0.031858705 134.33813 0.012875394 0.029272666 0.9994885 13.825928
0.95297045 -0.30313358 -0.0013659413 154.896 0.30297726 0.9526056 -0.028139433 134.64697 0.009830058 0.026402399 0.9996029 13.836304
0.9589173 -0.28358814 -0.0001153495 155.90942 0.28349027 0.9585969 -0.025886223 134.97192 0.007453978 0.02479013 0.9996649 13.856934
0.96555656 -0.26023751 0.0005934369 156.96313 0.2601753 0.9652702 -0.024195328 135.26099 0.005723907 0.023516033 0.999707 13.871094
0.97037584 -0.24156396 0.0017427048 158.04907 0.24153873 0.97010744 -0.023152728 135.5459 0.0039027117 0.02288775 0.9997305 13.879272
0.9757637 -0.21880783 0.004635029 159.1001 0.21885687 0.97552884 -0.021411657 135.7998 0.0001620031 0.02190694 0.9997601 13.897095
0.98051155 -0.19631788 0.008222575 160.20825 0.19644505 0.9803238 -0.01964913 136.02002 -0.004204453 0.020880984 0.99977326 13.897705
0.98474824 -0.17356804 0.012361313 161.36328 0.17376418 0.98464274 -0.017105471 136.23047 -0.009202739 0.018992636 0.9997773 13.902588
0.9883377 -0.15131196 0.016916081 162.44946 0.15157595 0.98831916 -0.015585725 136.43896 -0.014359262 0.017968692 0.9997354 13.896484
0.9915823 -0.12851672 0.015806068 163.58984 0.1287596 0.9915566 -0.01544263 136.59546 -0.013687663 0.017347623 0.9997558 13.891235
0.9940523 -0.1078323 0.015314001 164.7522 0.10804609 0.9940498 -0.013891465 136.73706 -0.01372483 0.015463316 0.9997863 13.882446
0.99610305 -0.08705883 0.014101557 165.92139 0.087254904 0.99608785 -0.013946954 136.85425 -0.01283214 0.015122849 0.9998034 13.86731
0.99755067 -0.06769834 0.017593758 167.11523 0.06795316 0.99758565 -0.014312794 136.93604 -0.016582206 0.01547322 0.9997428 13.861084
0.99865776 -0.048358172 0.018563233 168.31812 0.048654057 0.99869025 -0.015829753 137.00562 -0.017773226 0.016711572 0.9997024 13.848511
0.9994268 -0.027097894 0.020291775 169.5105 0.027391367 0.999522 -0.014326533 137.06738 -0.019893821 0.01487419 0.9996915 13.833984
0.9997223 -0.00813708 0.02211316 170.72485 0.008427829 0.99987876 -0.013081954 137.08813 -0.022003992 0.013264767 0.9996698 13.81543
0.99961793 0.014372878 0.02361874 171.9834 -0.014101239 0.9998329 -0.011630592 137.09229 -0.023781937 0.0112932315 0.9996536 13.793701
0.99919194 0.032892026 0.023089625 173.21533 -0.03268157 0.9994209 -0.009433939 137.06909 -0.023386722 0.008671546 0.9996891 13.769897
0.99834937 0.052831057 0.022512317 174.47485 -0.052639578 0.9985724 -0.009015643 137.01636 -0.022956543 0.0078155985 0.99970603 13.744385
0.99696165 0.075056724 0.02077508 175.7771 -0.07488259 0.99715024 -0.009037932 136.9331 -0.021394268 0.007454312 0.99974334 13.723022
0.99559367 0.091845684 0.018904991 177.03467 -0.09172469 0.9957584 -0.007172058 136.84058 -0.019483535 0.005406105 0.9997956 13.704224
0.9935132 0.11235349 0.017621342 178.30249 -0.11227573 0.9936637 -0.005346198 136.70654 -0.018110313 0.0033336864 0.99983054 13.682739
0.99106693 0.1324444 0.015698882 179.64575 -0.13235456 0.99118114 -0.00663269 136.55225 -0.016438905 0.0044956245 0.9998548 13.668457
0.9885149 0.15072414 0.011224993 180.98877 -0.15068702 0.98857564 -0.0040880665 136.37085 -0.01171285 0.0023499546 0.99992865 13.650757
0.985623 0.16885416 0.004898542 182.27295 -0.16884582 0.98563457 -0.0020739147 136.17505 -0.0051784264 0.0012168859 0.999986 13.645264
0.98270655 0.18514791 0.0008905232 183.5708 -0.18514809 0.98270696 0.00013453374 135.96045 -0.0008502081 -0.0002971274 0.9999997 13.642456
0.9790909 0.20337589 -0.0031916052 184.90869 -0.2033706 0.97909534 0.0019133482 135.67993 0.0035141283 -0.0012242354 0.9999932 13.655029
0.97505176 0.22192495 -0.004153496 186.25781 -0.22190665 0.9750546 0.0044503105 135.40186 0.005037795 -0.003417353 0.9999816 13.664429
0.971162 0.23840375 -0.0043553286 187.61768 -0.23839022 0.97116923 0.0034131014 135.09595 0.0050434363 -0.0022764076 0.99998474 13.674561
0.9670694 0.25453135 -0.0044559343 188.95679 -0.25452217 0.9670788 0.0025277927 134.73584 0.0049525592 -0.0013106398 0.999987 13.694946
0.9618764 0.27337483 -0.008185405 190.30005 -0.2733637 0.96191114 0.0024813232 134.37256 0.008551928 -0.00014926109 0.9999635 13.71521
0.95768315 0.28752935 -0.012052495 191.64478 -0.2874973 0.95775884 0.0043552695 133.99463 0.012795897 -0.00070535025 0.9999179 13.731567
0.951864 0.30628386 -0.010949079 192.9961 -0.3062373 0.9519246 0.0057462617 133.58228 0.012182702 -0.0021163723 0.99992365 13.759888
0.9453794 0.3258546 -0.01019535 194.3606 -0.32578033 0.9454235 0.008300069 133.11499 0.012343114 -0.0045249504 0.9999137 13.785034
0.94019973 0.34041297 -0.011382631 195.70435 -0.34027842 0.94023746 0.012251541 132.65479 0.014873359 -0.0076455716 0.9998602 13.805664
0.9330409 0.35951126 -0.013864535 197.04346 -0.35934022 0.93311375 0.013392017 132.1792 0.017751321 -0.007512341 0.9998143 13.843506
0.9266109 0.37571153 -0.015782384 198.40405 -0.37551263 0.9267171 0.014202945 131.63403 0.019960307 -0.0072338944 0.9997746 13.869141
0.91900045 0.39369825 -0.020269092 199.76294 -0.39346752 0.91920835 0.01449928 131.07056 0.024340441 -0.005347957 0.99968934 13.91394
0.9098134 0.41427958 -0.02417871 201.10815 -0.4139382 0.9101125 0.017972538 130.49927 0.029450715 -0.0063421037 0.9995462 13.967285
0.89984095 0.43547368 -0.02458775 202.45703 -0.43501943 0.90013266 0.021788055 129.88013 0.031622462 -0.008907839 0.99946016 14.018066
0.8884522 0.45834467 -0.024165705 203.781 -0.45779786 0.8887108 0.025006482 129.229 0.03293745 -0.011152942 0.999395 14.069702
0.8745771 0.48432568 -0.023160338 205.12573 -0.48367766 0.8747744 0.028604314 128.51245 0.03411492 -0.013816412 0.9993226 14.128418
0.8605001 0.508915 -0.022811776 206.45142 -0.50810874 0.8606318 0.033362843 127.78638 0.036613777 -0.017119028 0.99918294 14.192383
0.8464761 0.5318593 -0.022985 207.75781 -0.53091156 0.8465698 0.037102617 127.02026 0.03919407 -0.019209746 0.9990476 14.259644
0.83136845 0.55518097 -0.023397554 209.07422 -0.55416596 0.8314765 0.038640965 126.19531 0.040911946 -0.019162798 0.99897933 14.332886
0.81361943 0.5808686 -0.023929281 210.32153 -0.5797887 0.81375676 0.040031478 125.3208 0.042728417 -0.018688926 0.9989114 14.399414
0.7981678 0.6017683 -0.026474748 211.53955 -0.6005499 0.7984085 0.04220593 124.47998 0.046541378 -0.01778543 0.998758 14.480469
0.7814828 0.62321496 -0.028251499 212.6814 -0.6218736 0.7818079 0.04427251 123.59082 0.04968159 -0.017024163 0.9986198 14.55896
0.76379406 0.6449262 -0.030440642 213.89087 -0.6434759 0.7642438 0.045910597 122.606445 0.052863978 -0.015482416 0.9984817 14.645142
0.7475481 0.66344374 -0.03162236 215.11865 -0.66191 0.74807656 0.04734855 121.61133 0.055072762 -0.014466233 0.99837774 14.741577
0.7320564 0.6805668 -0.032260805 216.27124 -0.67903113 0.7326548 0.04746064 120.585205 0.055929743 -0.01283754 0.99835193 14.839478
0.71443224 0.6988856 -0.032989636 217.38672 -0.69729966 0.71509904 0.048466504 119.52197 0.05746966 -0.011619834 0.99827963 14.934204
0.70099384 0.7123165 -0.033654146 218.49512 -0.71071786 0.70172644 0.048789397 118.468506 0.058373284 -0.010274214 0.99824154 15.034302
0.68502617 0.72758484 -0.03615815 219.54858 -0.7259226 0.68593484 0.049776096 117.36841 0.061022967 -0.007849565 0.9981057 15.138672
0.6701861 0.7411077 -0.038909152 220.5918 -0.7393018 0.67128575 0.052062605 116.27295 0.0647172 -0.0061306856 0.99788564 15.247437
0.6554446 0.7541711 -0.040794045 221.64502 -0.75221115 0.6566932 0.054564685 115.12573 0.067944035 -0.005076215 0.9976762 15.352173
0.6389287 0.76828444 -0.03975474 222.65967 -0.76630336 0.640145 0.055361185 113.94922 0.067976765 -0.004915404 0.99767524 15.473511
0.62313783 0.7812037 -0.037595894 223.64697 -0.7791743 0.62424254 0.056590863 112.74609 0.067674294 -0.0059716227 0.99768966 15.591187
0.6060756 0.7946152 -0.03290195 224.61328 -0.792611 0.60690874 0.057044536 111.5686 0.06529723 -0.008491703 0.9978297 15.706299
0.5875251 0.8086698 -0.027613344 225.5498 -0.806669 0.58805406 0.058080915 110.32593 0.06320556 -0.011855448 0.9979306 15.824341
0.57137674 0.82037956 -0.024018392 226.46289 -0.81834394 0.5717004 0.059512038 109.12036 0.062560886 -0.014358285 0.9979385 15.941284
0.55390984 0.8322866 -0.021836579 227.323 -0.83015376 0.5541079 0.061663657 107.86548 0.063428834 -0.016029835 0.99785763 16.060791
0.5351681 0.84456843 -0.018535176 228.14526 -0.84222364 0.53512913 0.06587929 106.62744 0.06555738 -0.019634712 0.9976547 16.178589
0.51539826 0.8568861 -0.015977027 228.94995 -0.8546013 0.5152489 0.06571601 105.36426 0.064546466 -0.020219712 0.99771005 16.295898
0.4945866 0.8688595 -0.011545117 229.71606 -0.86675906 0.49424312 0.06419096 104.09375 0.061489496 -0.021749547 0.9978713 16.408691
0.4749981 0.8798818 -0.009284986 230.42212 -0.87794787 0.47460875 0.062093403 102.8418 0.05905053 -0.021347843 0.998027 16.518677
0.451807 0.8921347 -0.004861018 231.12451 -0.8903859 0.4512496 0.06036899 101.53955 0.056051124 -0.022957264 0.99816465 16.626953
0.42827886 0.9037644 -0.003353329 231.76733 -0.90209556 0.42770824 0.059257295 100.249756 0.054990727 -0.022339772 0.9982363 16.72937
0.40742657 0.9131792 -0.0008014594 232.37964 -0.9116038 0.4067753 0.058373928 98.983154 0.05361922 -0.023054762 0.99829537 16.82727
0.38724557 0.9220247 -0.0020458323 232.95801 -0.92046905 0.38671935 0.057238765 97.6875 0.05357424 -0.020273855 0.9983578 16.92273
0.3634504 0.9316264 -0.0021204283 233.49487 -0.9300897 0.36298066 0.056621168 96.38696 0.053514592 -0.018590154 0.9983932 17.02063
0.34367356 0.9390485 -0.0028095637 233.98413 -0.9374893 0.34327224 0.056652837 95.10962 0.054169167 -0.016837781 0.99839 17.115845
0.3253423 0.9455602 -0.0033871338 234.4336 -0.9441613 0.32505202 0.053327415 93.838135 0.05152887 -0.014149223 0.99857116 17.207275
0.30386522 0.95285845 -0.0037679323 234.87793 -0.9514685 0.30363107 0.052931245 92.52832 0.051585354 -0.012494586 0.9985904 17.298828
0.28372392 0.9589068 -0.0023190368 235.28394 -0.957285 0.28338373 0.057514355 91.27002 0.055785418 -0.014100678 0.9983429 17.391602
0.26450562 0.96434224 0.00027293526 235.65942 -0.96223056 0.26390672 0.066224985 90.02124 0.06380002 -0.017797746 0.99780506 17.488403
0.24558139 0.9694275 0.002361907 236.00952 -0.9667937 0.24473375 0.07429172 88.75537 0.07144116 -0.020512471 0.99723303 17.59436
0.22659825 0.9740356 0.007338169 236.33984 -0.9711263 0.22532529 0.07928006 87.49536 0.07556319 -0.025064077 0.9968244 17.710938
0.20508769 0.9786635 0.011461459 236.63477 -0.97575855 0.20353903 0.08025366 86.24902 0.07621606 -0.027635269 0.9967079 17.817139
0.18882732 0.9819195 0.015806785 236.90283 -0.9792138 0.18703634 0.078913905 85.00122 0.07453985 -0.030371329 0.99675524 17.926147
0.16866946 0.9854974 0.020794576 237.15063 -0.982835 0.16652644 0.079938345 83.72461 0.07532185 -0.033919573 0.9965823 18.049072
0.15136038 0.9883216 0.021577958 237.35425 -0.9857839 0.14926709 0.078116946 82.501465 0.073971234 -0.033074327 0.9967105 18.15149
