1 0 0 0 0 1 0 0 0 0 1 0
0.99987356 0.00053586931 0.01589285 -0.0080261091 -0.0005280489 0.99999974 -0.00049626552 -0.0017965039 -0.015893113 0.00048781059 0.99987358 0.10721756
0.99928056 0.0034019092 0.037772787 0.016659831 -0.0033882005 0.99999417 -0.00042693884 0.00051727913 -0.037774022 0.00029864994 0.99928626 0.23474877
0.99799336 0.0053813513 0.063089629 0.072395144 -0.005456512 0.99998459 0.0010190887 0.0021342387 -0.063083178 -0.001361293 0.99800734 0.38607528
0.99523179 0.0048467737 0.097417596 0.094749106 -0.005187828 0.99998127 0.0032479561 -0.0011641761 -0.097400037 -0.0037378549 0.99523829 0.57068202
0.99077855 0.0016023174 0.13548174 0.1559281 -0.0023458093 0.99998305 0.0053282979 -0.0029825833 -0.13547092 -0.0055969776 0.99076551 0.77914023
0.98450486 -0.0016359441 0.17534967 0.23282987 0.00057870781 0.99998135 0.0060802677 -0.0070076827 -0.17535636 -0.0058845769 0.98448744 0.94312955
0.97596934 -0.0019004192 0.21789961 0.32534158 0.00034358536 0.99997415 0.0071823959 -0.0074098255 -0.21790765 -0.006934931 0.97594476 1.1704934
0.96404047 -0.0015012133 0.26575124 0.42097087 -0.0012929373 0.99994572 0.0103389 0.00034396408 -0.26575236 -0.010310718 0.96398619 1.3629544
0.94978471 -0.0057547183 0.3128512 0.52697698 0.00048334697 0.99985666 0.016924397 0.010037726 -0.31290377 -0.015923318 0.94965135 1.6283824
0.93254449 -0.015367211 0.36072788 0.69071643 0.0068314705 0.99966596 0.024925792 -0.0017969163 -0.36099046 -0.020780109 0.93233797 1.8105227
0.91135826 -0.021242025 0.41106554 0.87046671 0.0096920578 0.99949804 0.030161678 -0.0005708685 -0.41149993 -0.023504023 0.91110668 2.0289216
0.88703735 -0.023244766 0.46111213 1.0142663 0.0086850143 0.99939519 0.033672451 0.0028456466 -0.46161599 -0.025863957 0.88670274 2.2834251
0.85813724 -0.025215128 0.5128008 1.21135 0.0066073435 0.99925294 0.038077715 0.020991632 -0.51337788 -0.029287654 0.85766276 2.4799141
0.82559569 -0.03053354 0.56343538 1.4406981 0.0075420127 0.99904279 0.043088632 0.021529882 -0.56421175 -0.031324352 0.82503571 2.7057655
0.79045465 -0.036097072 0.61145599 1.6528874 0.0096410737 0.99887155 0.046504584 0.025069136 -0.61244472 -0.030864673 0.78991067 2.9348864
0.75203749 -0.0406569 0.65786517 1.9231251 0.010748391 0.9987195 0.049435123 0.036140432 -0.65903271 -0.030106074 0.75151151 3.1284361
0.71218044 -0.043851074 0.70062548 2.2287961 0.01188351 0.99865715 0.050424921 0.0448023 -0.70189589 -0.027585753 0.7117452 3.3684159
0.6707715 -0.045575793 0.74026238 2.5245893 0.011033037 0.99861285 0.051484347 0.059952051 -0.74158204 -0.02636689 0.67034388 3.5788061
0.62888321 -0.04618408 0.77612685 2.8193831 0.0067742583 0.9985218 0.053928804 0.081288173 -0.7774703 -0.028657236 0.62826646 3.7885405
0.58677594 -0.046861246 0.80839221 3.1883246 0.0036660062 0.99846756 0.055218628 0.096143073 -0.80974108 -0.029437392 0.58604854 4.0072364
0.54661226 -0.047958795 0.83601132 3.5823844 0.0015928253 0.99841635 0.056233912 0.11883819 -0.83738435 -0.029406526 0.54582301 4.2146496
0.50812016 -0.050737729 0.8597904 4.0096565 0.0010651595 0.9982996 0.058281909 0.1357686 -0.86128557 -0.028698399 0.50731019 4.4095247
0.47091042 -0.050519945 0.88073325 4.409637 -0.0022011367 0.9982885 0.058439962 0.15472391 -0.88217833 -0.029458601 0.46999325 4.6002134
0.43457418 -0.049838819 0.89925597 4.8649972 -0.0032912397 0.99837317 0.056922643 0.17854388 -0.90063007 -0.027696778 0.43370317 4.8041933
0.40047136 -0.048376365 0.91503134 5.3853507 -0.0022600967 0.9985502 0.053781035 0.20267917 -0.91630653 -0.023605823 0.39978142 4.9891806
0.37054951 -0.04666664 0.92763959 5.8764128 -0.00022415271 0.99873248 0.050332638 0.22415019 -0.92881273 -0.018858667 0.37006937 5.1776105
0.34566513 -0.044777868 0.9372889 6.4247329 0.00092494339 0.99887655 0.047379033 0.24540297 -0.93835752 -0.01551034 0.34531821 5.3355088
0.3243698 -0.044330754 0.94489097 6.9953856 0.0019301624 0.99893018 0.04620347 0.27002945 -0.94592843 -0.013163217 0.32410834 5.5535531
0.31004515 -0.044873981 0.94966218 7.5876739 0.0032500289 0.99892965 0.046140929 0.29369902 -0.95071632 -0.011219341 0.30985914 5.7122365
0.29824865 -0.046542459 0.95335275 8.2078383 0.0045402597 0.99886832 0.047344135 0.3144519 -0.95447745 -0.0097918547 0.29812245 5.8712487
0.28802074 -0.048348125 0.95640286 8.8521171 0.0038452085 0.99877503 0.04933214 0.34581269 -0.95761649 -0.01053111 0.28785383 6.0908811
0.27813498 -0.049885344 0.9592457 9.509964 0.0015804716 0.9986729 0.051477486 0.37326409 -0.96054074 -0.012801628 0.27784471 6.2691655
0.2675341 -0.051676463 0.96216161 10.207921 0.00082413981 0.99857271 0.053402899 0.40347008 -0.96354808 -0.01349414 0.26719484 6.4557049
0.25606388 -0.053785354 0.96516234 10.915409 -4.1555417e-05 0.99845026 0.055651406 0.42958113 -0.9666599 -0.014290422 0.25566481 6.6546543
0.24613699 -0.055289037 0.96765677 11.662339 -0.00015333944 0.99836943 0.057082871 0.46398513 -0.96923508 -0.014198585 0.24572716 6.8228773
0.23594917 -0.05669863 0.97010988 12.391675 -0.00095244774 0.99828245 0.058576844 0.49329366 -0.97176497 -0.014745136 0.23548991 7.013552
0.22576101 -0.059548293 0.97236099 13.158208 -0.0018947583 0.9981013 0.061564575 0.52318322 -0.97418092 -0.015741269 0.22521952 7.2038046
0.21377514 -0.063376307 0.97482488 13.941825 -0.0041782709 0.99782488 0.065787883 0.56762801 -0.976874 -0.018136896 0.21304535 7.3734849
0.20142079 -0.066627573 0.97723608 14.743768 -0.0043361633 0.99761341 0.068910629 0.61112032 -0.97949525 -0.018117488 0.20065117 7.5288084
0.18982032 -0.069452413 0.97935924 15.517424 -0.0045626963 0.99742172 0.07161768 0.64699716 -0.98180828 -0.018063009 0.18901402 7.6873479
0.1755796 -0.070057597 0.98196927 16.339408 -0.0056554707 0.99737645 0.072168024 0.6880912 -0.98444904 -0.01822473 0.17472274 7.8165143
0.15947759 -0.069134011 0.98477779 17.134302 -0.0073477414 0.99743411 0.07121243 0.72396593 -0.98717425 -0.018592679 0.15856041 7.9361054
0.14549716 -0.068272889 0.98700016 17.906842 -0.008321692 0.99749642 0.070225666 0.7595241 -0.98932371 -0.018431146 0.14456475 8.0851541
0.123572 -0.067067138 0.9900666 18.735305 -0.009798582 0.9975824 0.068799236 0.79941554 -0.99228727 -0.018202907 0.12261608 8.1629695
0.099230792 -0.065595888 0.99289997 19.535141 -0.014699816 0.99761931 0.067376776 0.83910329 -0.9949559 -0.021281297 0.098030305 8.243494
0.068798625 -0.064778034 0.99552522 20.366165 -0.019028241 0.99762296 0.066229533 0.87860318 -0.99744913 -0.023499594 0.067402475 8.3183872
0.034463636 -0.064674763 0.99731106 21.22415 -0.02217665 0.99760871 0.065460413 0.91630322 -0.99915992 -0.024373022 0.032946952 8.3221257
0.00097323562 -0.06424968 0.99793334 22.024169 -0.023267521 0.99766223 0.064254917 0.95159488 -0.99972884 -0.023281969 -0.00052397187 8.3296687
-0.032576105 -0.06322704 0.99746732 22.902683 -0.024573675 0.99774602 0.062442159 0.98444274 -0.99916716 -0.022477315 -0.034056402 8.2602206
-0.066470978 -0.060683603 0.99594128 23.784852 -0.026773897 0.99789793 0.059015883 1.0177273 -0.99742912 -0.022742385 -0.06795599 8.2395713
-0.098684671 -0.057972078 0.99342865 24.562681 -0.028742694 0.99805119 0.055386602 1.0569907 -0.99470361 -0.023088007 -0.10015863 8.1537539
-0.12991188 -0.053300955 0.99009183 25.417928 -0.026712196 0.99837978 0.050242172 1.0748237 -0.9911657 -0.019920471 -0.13112518 8.0108501
-0.16154103 -0.047923888 0.98570164 26.250891 -0.021871417 0.99874871 0.044973843 1.0985483 -0.98662365 -0.01429357 -0.16238706 7.8818743
-0.19263523 -0.04166123 0.9803856 27.076678 -0.015903414 0.99909965 0.039331629 1.1094565 -0.9811416 -0.0080148196 -0.19312435 7.6800996
-0.22117952 -0.035969902 0.9745695 27.916134 -0.010321837 0.99934995 0.034541961 1.1229838 -0.97517853 -0.0024193726 -0.22140702 7.4949364
-0.24791387 -0.029245051 0.96834052 28.660141 -0.0021694259 0.99955851 0.029632457 1.1395126 -0.96877969 0.005245555 -0.24786786 7.3201235
-0.27496674 -0.019141085 0.96126315 29.501151 0.0052030085 0.99975754 0.021395909 1.1425934 -0.9614397 0.010884625 -0.27480048 7.074143
-0.30073553 -0.0039131146 0.95369951 30.314847 0.0090068468 0.99993533 0.0069430057 1.1260703 -0.95366509 0.010677835 -0.30068084 6.7622551
-0.32427387 0.012898104 0.94587527 31.060905 0.0097400448 0.99989956 -0.010295613 1.1105166 -0.94591314 0.0058742702 -0.32436693 6.5073562
-0.3496009 0.027327327 0.93650005 31.810235 0.0085491731 0.99962596 -0.025977901 1.0748834 -0.93685975 -0.0010755958 -0.34970376 6.2251267
-0.37468787 0.041557658 0.92621914 32.551061 0.0077806825 0.99910071 -0.041680154 1.0266731 -0.9271184 -0.0084104303 -0.37467426 5.9230162
-0.39740114 0.043725396 0.91660261 33.32468 0.017398817 0.99904359 -0.040114729 0.99934339 -0.91748007 6.1629511e-06 -0.39778183 5.5746738
-0.4200746 0.042650381 0.90648674 34.063476 0.018142325 0.99909003 -0.038600057 0.94743651 -0.90730825 0.00023087437 -0.42046613 5.2286506
-0.43956015 0.039265906 0.89735444 34.823052 0.022802038 0.99920986 -0.032553482 0.90794297 -0.89792372 0.006152298 -0.44010818 4.8412336
-0.45792706 0.038549859 0.88815351 35.577087 0.029344158 0.9991704 -0.028238805 0.86122434 -0.88850537 0.013130805 -0.45867838 4.4260428
-0.47282468 0.038825263 0.88030072 36.206535 0.033728383 0.99909413 -0.025948496 0.8231854 -0.88051081 0.017422032 -0.47370588 4.0316144
-0.48362497 0.041858786 0.87427379 36.959574 0.036378406 0.99895398 -0.027704702 0.77762485 -0.87451904 0.018406002 -0.48464185 3.6519177
-0.49402729 0.044719583 0.86829553 37.628215 0.038027385 0.99883207 -0.029806427 0.73567005 -0.86861443 0.018293821 -0.49515087 3.2546273
-0.50337177 0.043821064 0.862958 38.315936 0.031012962 0.99898595 -0.03263841 0.67178035 -0.86351324 0.01033363 -0.50422035 2.8454901
-0.51496868 0.042998565 0.85612985 39.038726 0.030080114 0.99903249 -0.032082337 0.6497432 -0.8566811 0.0092310859 -0.51576384 2.4278083
-0.52422927 0.044327018 0.85042267 39.700278 0.03231097 0.99896059 -0.032151762 0.60759432 -0.850964 0.010623088 -0.52511664 2.0311403
-0.53199371 0.047260465 0.84542834 40.363023 0.035807036 0.99880369 -0.033302418 0.56407394 -0.8459909 0.012555608 -0.53304954 1.5848779
-0.5337551 0.050749706 0.84411486 41.130098 0.036961525 0.99864371 -0.036668554 0.52933924 -0.84483099 0.011627746 -0.53490697 1.1243102
-0.53480938 0.051853501 0.84338015 41.770189 0.035884599 0.99860858 -0.038642041 0.48216188 -0.84421045 0.009598233 -0.53592598 0.70796511
-0.53141657 0.052828928 0.84546169 42.494692 0.038229232 0.99853227 -0.038364531 0.43462284 -0.84624761 0.011933804 -0.5326562 0.24952787
-0.52561613 0.051753615 0.84914615 43.258186 0.03684937 0.99859607 -0.038052734 0.39298449 -0.84992345 0.011289371 -0.5267853 -0.20787476
-0.51889487 0.050335286 0.8533548 44.007694 0.034362702 0.99868625 -0.038012942 0.35058721 -0.85414717 0.0095988573 -0.51994282 -0.66446469
-0.51112943 0.049880901 0.85805509 44.781626 0.032482875 0.99872243 -0.038708728 0.30298358 -0.85888977 0.008086927 -0.5120967 -1.1278012
-0.50489894 0.048405077 0.86182013 45.586536 0.029933459 0.99880775 -0.038562563 0.25518969 -0.86265932 0.0063270607 -0.50574591 -1.5892795
-0.50073344 0.046306863 0.86436198 46.407558 0.025743138 0.99892299 -0.038602507 0.20393986 -0.86521869 0.0029218248 -0.50138623 -2.0405404
-0.4983505 0.04345127 0.86588608 47.28948 0.020647154 0.99905485 -0.038250622 0.15038278 -0.8667298 -0.0011841323 -0.49877662 -2.5039043
-0.49990136 0.040781784 0.86512162 48.085294 0.018039206 0.99916435 -0.036676786 0.11059083 -0.8658945 -0.0027286671 -0.50021929 -2.9816678
-0.50076395 0.039634931 0.86467594 48.937591 0.016162427 0.99920509 -0.03644124 0.058236347 -0.86543302 -0.0042731964 -0.50100648 -3.4894492
-0.50076921 0.039185988 0.86469335 49.83787 0.01648746 0.99922531 -0.035734307 0.012165472 -0.86542384 -0.003638043 -0.50102735 -3.9606236
-0.50151414 0.038317011 0.86430048 50.698554 0.016071771 0.99925897 -0.034974405 -0.046502983 -0.86500019 -0.0036493183 -0.50175832 -4.4605273
-0.50177266 0.038055408 0.86416198 51.602186 0.016897389 0.99927236 -0.0341939 -0.091132824 -0.86483452 -0.0025554827 -0.50205059 -4.9582843
-0.50250169 0.03764487 0.86375625 52.465277 0.016251809 0.99928638 -0.034096938 -0.14639955 -0.86442351 -0.0030961666 -0.50275489 -5.4605203
-0.502603 0.035974433 0.86376849 53.368792 0.014557472 0.99934435 -0.033150337 -0.19881943 -0.8643948 -0.0040871726 -0.50279717 -5.9834143
-0.50238505 0.035155759 0.86392897 54.279108 0.01405502 0.99937309 -0.032494206 -0.25366777 -0.86452981 -0.0041820636 -0.50256422 -6.5034164
-0.50058778 0.034432621 0.8650007 55.142037 0.012908504 0.99939447 -0.032312032 -0.29828323 -0.86558957 -0.0050091425 -0.50072913 -7.0524208
-0.49906422 0.032984358 0.86593699 56.053305 0.01218477 0.99944364 -0.03104732 -0.35520209 -0.86647937 -0.0049433628 -0.49918847 -7.5704114
-0.49776811 0.03104487 0.86675433 56.947827 0.012847848 0.99951346 -0.028421566 -0.41056161 -0.86721503 -0.0030114201 -0.49792479 -8.0444278
-0.49518619 0.029617749 0.86828185 57.822117 0.013495696 0.99956038 -0.026399083 -0.45788483 -0.86868209 -0.0013543928 -0.49536821 -8.5604972
-0.49297804 0.029410321 0.86954449 58.727178 0.013480237 0.99956673 -0.026165558 -0.51533789 -0.86993735 -0.001177379 -0.49316091 -9.0453587
-0.49060368 0.029508579 0.87088301 59.622232 0.014075762 0.99956442 -0.025939309 -0.5605786 -0.87126917 -0.00046757722 -0.49080534 -9.5399899
-0.49023353 0.030251635 0.87106593 60.503799 0.014390446 0.99954218 -0.026614639 -0.60782363 -0.87147235 -0.00051236057 -0.49044443 -10.035881
-0.49137614 0.031418584 0.87038055 61.389564 0.013339339 0.99950339 -0.02854883 -0.65974452 -0.87084535 -0.0024179118 -0.49155122 -10.522816
-0.49397487 0.033301016 0.86883819 62.290764 0.011954058 0.99943195 -0.031510003 -0.7200577 -0.86939404 -0.0051790067 -0.49409235 -11.01964
-0.49778042 0.034062807 0.8666339 63.152477 0.011194651 0.99939756 -0.03285102 -0.76617487 -0.86723088 -0.0066509301 -0.49786187 -11.497172
-0.50281652 0.03253273 0.8637807 64.033574 0.010626386 0.99944863 -0.031456675 -0.82247316 -0.86432788 -0.0066380678 -0.50288499 -12.023513
-0.50842042 0.030543331 0.86056709 64.888429 0.014445609 0.99953264 -0.026941087 -0.87179671 -0.86098784 -0.0012659824 -0.50862402 -12.547128
-0.51468692 0.028132419 0.85691649 65.760383 0.011147635 0.99959663 -0.026121015 -0.93366154 -0.85730576 -0.0038915518 -0.51479292 -13.02317
-0.51844191 0.030352479 0.85457396 66.597652 0.012453848 0.99953186 -0.027945705 -0.97587261 -0.85502219 -0.0038454892 -0.51857721 -13.566973
-0.5240875 0.033028263 0.85102371 67.439911 0.012971294 0.99944139 -0.030800222 -1.0256182 -0.85156567 -0.0051031319 -0.52422316 -14.071041
-0.52785134 0.032879232 0.8487001 68.294479 0.010748211 0.999429 -0.032033694 -1.0864404 -0.8492688 -0.0077870198 -0.52790333 -14.619174
-0.53220453 0.033303937 0.84596048 69.101688 0.010072311 0.99940433 -0.033008123 -1.1309441 -0.84655594 -0.0090462951 -0.53222296 -15.092817
-0.5350919 0.032805685 0.84415661 69.920115 0.010058434 0.9994223 -0.032463816 -1.1933225 -0.84473401 -0.008880231 -0.53511275 -15.624321
-0.53908659 0.026170818 0.84184362 70.760524 0.012131574 0.99965472 -0.023308143 -1.2353176 -0.84216301 -0.0023522184 -0.53921795 -16.135231
-0.53990155 0.017971939 0.84153625 71.585272 0.012686511 0.99983222 -0.013213283 -1.2732675 -0.8416326 0.0035422876 -0.54003897 -16.67635
-0.54224587 0.014587049 0.8400932 72.40756 0.012288171 0.99988003 -0.0094300111 -1.313378 -0.84013004 0.0052098256 -0.54236006 -17.190047
-0.5431634 0.020688828 0.83937205 73.199504 0.013364066 0.99978276 -0.015994649 -1.3426466 -0.83952069 0.002529716 -0.54332189 -17.690909
-0.5445091 0.025736182 0.83835997 73.99583 0.013665105 0.99966868 -0.021812682 -1.3838754 -0.83864365 -0.00042092573 -0.54468038 -18.230584
-0.5449166 0.031135486 0.83791194 74.820474 0.019924816 0.99950898 -0.024182534 -1.4260141 -0.83825352 0.0035177775 -0.54526941 -18.748213
-0.54397333 0.031594908 0.83850743 75.588269 0.023006316 0.99947678 -0.022735103 -1.4680027 -0.83878709 0.0069236782 -0.54441559 -19.272582
-0.54354957 0.029113934 0.83887197 76.404101 0.023005936 0.99953957 -0.019783307 -1.5065949 -0.83906177 0.0085458274 -0.5439691 -19.799769
-0.54293131 0.023882105 0.83943741 77.204872 0.020856769 0.99967068 -0.014951022 -1.5396119 -0.8395181 0.0093905749 -0.54325062 -20.321884
-0.54331032 0.018351504 0.83933132 77.995446 0.019681288 0.99976471 -0.0091193291 -1.5662258 -0.83930126 0.011564496 -0.54354367 -20.804428
-0.54250108 0.011398105 0.83997774 78.803734 0.010211399 0.99992355 -0.0069734442 -1.6078674 -0.83999307 0.0047942477 -0.542576 -21.320316
-0.54109618 0.0057785159 0.84094083 79.624061 0.0015680118 0.99998159 -0.0058624376 -1.6282418 -0.84095929 -0.0018535367 -0.54109527 -21.822822
-0.53992708 0.0066555446 0.84168545 80.423977 0.0049175605 0.99997661 -0.0047526826 -1.6543472 -0.84169747 0.0015729379 -0.53994718 -22.322121
-0.5367834 0.010488771 0.84365485 81.212623 0.010715628 0.99992683 -0.005613707 -1.6863881 -0.84365207 0.0060269477 -0.53685651 -22.824897
-0.53136056 0.01283358 0.84704852 82.006397 0.010979078 0.99990559 -0.0082622407 -1.7127089 -0.84707466 0.0049095836 -0.5314513 -23.331171
-0.52017171 0.014781217 0.85393375 82.681173 0.015509964 0.99984883 -0.0078590837 -1.7379721 -0.85392089 0.0091564096 -0.52032233 -23.731679
-0.51430333 0.018514807 0.85740843 83.535992 0.024560565 0.99967484 -0.006854616 -1.7664272 -0.85725663 0.017533085 -0.51459084 -24.259446
-0.5048202 0.017443605 0.86304822 84.322548 0.022450564 0.99972293 -0.0070740818 -1.792919 -0.86293256 0.015804781 -0.50507195 -24.70943
-0.49345224 0.014510489 0.86965181 85.17019 0.018152489 0.99981486 -0.006382342 -1.817993 -0.86958349 0.012636965 -0.49362428 -25.184455
-0.48200906 0.011709953 0.87608794 85.966177 0.019981212 0.99979755 -0.0023701465 -1.8420785 -0.8759384 0.016362868 -0.48214545 -25.607893
-0.47100969 0.010290284 0.88206798 86.796999 0.018812237 0.99982172 -0.0016185861 -1.867006 -0.88192746 0.015831303 -0.47111931 -26.057182
-0.45864486 0.0096968554 0.88856671 87.623234 0.019407193 0.99981126 -0.0008935911 -1.8817015 -0.88840774 0.016834746 -0.45874649 -26.470923
-0.44677106 0.011721636 0.89457149 88.446342 0.022951043 0.99973525 -0.0016372871 -1.9044402 -0.89435392 0.019799858 -0.4469218 -26.868223
-0.43393121 0.013574653 0.90084369 89.290721 0.020742278 0.99977198 -0.0050739489 -1.9394175 -0.90070724 0.016483807 -0.43411384 -27.262282
-0.42350949 0.023639243 0.90558314 90.113052 0.023047632 0.99961705 -0.015315323 -1.9641391 -0.90559847 0.014385363 -0.42389213 -27.645869
-0.41048913 0.029045759 0.91140273 90.941007 0.02447342 0.99948344 -0.020830179 -1.9884266 -0.91153705 0.013754581 -0.41098794 -28.009377
-0.40008102 0.024993281 0.91613888 91.786871 0.020441467 0.99962275 -0.018343953 -2.0258993 -0.91625182 0.011388156 -0.40044099 -28.373444
-0.38701703 0.02171067 0.9218169 92.649941 0.023162406 0.9996362 -0.013818933 -2.0599684 -0.92178164 0.016003336 -0.3873791 -28.725733
-0.37701698 0.022537307 0.92593207 93.496598 0.020708568 0.99965912 -0.015899807 -2.0919651 -0.92597485 0.01318023 -0.37735518 -29.056139
-0.37082251 0.027302179 0.92830231 94.323378 0.016546777 0.99960335 -0.022789376 -2.1293049 -0.92855638 0.006909599 -0.37112718 -29.380476
-0.36498117 0.031620868 0.93047772 95.176159 0.0075137235 0.99949056 -0.031018894 -2.1705313 -0.93098462 -0.0043299593 -0.36503283 -29.694938
-0.36205837 0.034153632 0.93152949 96.048912 0.0060673973 0.99939373 -0.034283586 -2.216024 -0.93213572 -0.006760699 -0.36204608 -30.024217
-0.35844116 0.032813365 0.93297543 96.872787 0.0016707588 0.99940303 -0.034507775 -2.2685633 -0.93355086 -0.010810229 -0.35828201 -30.33097
-0.3531003 0.032776488 0.93501112 97.733717 0.0015109077 0.99940483 -0.034463201 -2.3190948 -0.93558429 -0.010756251 -0.35293967 -30.645087
-0.34755365 0.028868774 0.93721555 98.548368 -0.00022066051 0.99952339 -0.030869851 -2.3597747 -0.93766011 -0.010935735 -0.34738163 -30.926987
-0.34212362 0.02511909 0.93931911 99.428525 -0.0003883021 0.99963876 -0.026873575 -2.4079444 -0.93965491 -0.0095588236 -0.34199028 -31.255995
-0.33643179 0.021794005 0.94145557 100.28492 -0.0024611714 0.9997084 -0.02402202 -2.4512717 -0.94170466 -0.010398854 -0.33628005 -31.543521
-0.33158199 0.021731794 0.94317604 101.13274 -0.0045340754 0.99968641 -0.024627848 -2.4883984 -0.94341555 -0.012442581 -0.33137947 -31.831525
-0.3252055 0.020923998 0.94541181 101.99177 -0.016963812 0.99946521 -0.027955576 -2.5305077 -0.94549124 -0.025129094 -0.32467663 -32.097673
-0.3174573 0.024698668 0.94795082 102.84714 -0.013803698 0.99943447 -0.030662754 -2.5761919 -0.94817213 -0.022819342 -0.31693684 -32.371725
-0.31067652 0.028350706 0.95009276 103.69764 -0.012443338 0.99934812 -0.033889402 -2.623131 -0.95043429 -0.022350966 -0.31012122 -32.640402
-0.30398428 0.02720093 0.95228861 104.54083 -0.013063417 0.99937931 -0.032716047 -2.6623326 -0.95258752 -0.022385307 -0.30344027 -32.907321
-0.29759468 0.021592261 0.95444806 105.40476 -0.01421546 0.99953315 -0.027044556 -2.7079254 -0.95458651 -0.021616234 -0.2971488 -33.169171
-0.28976309 0.019577418 0.95689811 106.26425 -0.012593662 0.99962623 -0.024265151 -2.7416711 -0.95701558 -0.019081996 -0.28940823 -33.417199
-0.28415229 0.021787931 0.95853153 107.11647 -0.017227975 0.99946433 -0.027825508 -2.7940462 -0.95862441 -0.024420239 -0.28362471 -33.643107
-0.27688692 0.024861007 0.96058081 107.98715 -0.016715992 0.99938935 -0.030683794 -2.8385673 -0.96075714 -0.024553002 -0.27630227 -33.894688
-0.27089133 0.026151615 0.96225459 108.84371 -0.017720193 0.99932603 -0.032147661 -2.8733857 -0.96244686 -0.025759859 -0.27024535 -34.122173
-0.26326892 0.024744325 0.96440506 109.711 -0.018945007 0.99934562 -0.030812533 -2.9233788 -0.96453649 -0.026382642 -0.26262786 -34.35519
-0.25456525 0.024626898 0.96674194 110.5641 -0.015844534 0.99943529 -0.029631958 -2.9691039 -0.96692583 -0.022860842 -0.25403129 -34.582256
-0.2469153 0.026047609 0.96868688 111.43424 -0.010821918 0.99950221 -0.029634693 -3.0109707 -0.96897668 -0.017800309 -0.24651051 -34.810613
-0.24049733 0.026406552 0.9702905 112.31723 -0.0099375744 0.9995105 -0.029664915 -3.0585474 -0.97059897 -0.016776666 -0.24011719 -35.018968
-0.23430764 0.025168482 0.97183661 113.16521 -0.016491149 0.99941808 -0.02985876 -3.0969201 -0.97202266 -0.023022838 -0.23375623 -35.204258
-0.2280829 0.02353959 0.97335708 114.03438 -0.0205132 0.99936962 -0.02897545 -3.1393117 -0.97342564 -0.026575473 -0.22745625 -35.393059
-0.22319454 0.023526406 0.97448993 114.9175 -0.018769003 0.99941964 -0.028427066 -3.183217 -0.97459325 -0.02463497 -0.22262345 -35.591716
-0.21896612 0.023698913 0.97544457 115.77262 -0.016548327 0.99947101 -0.027997385 -3.2285293 -0.97559216 -0.022272454 -0.21845811 -35.774091
-0.21421806 0.025160994 0.97646171 116.66246 -0.015595407 0.99945266 -0.029174763 -3.2676113 -0.9766614 -0.021478078 -0.21370842 -35.966325
-0.20846572 0.024499745 0.97772272 117.50835 -0.010067837 0.99957947 -0.027194048 -3.3041294 -0.97797789 -0.015512579 -0.2081314 -36.148884
-0.20344255 0.023587913 0.97880266 118.3798 -0.00066033296 0.99970622 -0.02422891 -3.3446541 -0.9790867 -0.0055755263 -0.20336721 -36.326112
-0.19804513 0.022186591 0.97994173 119.2796 0.00056462889 0.99974621 -0.022520866 -3.3897935 -0.98019278 -0.0039068438 -0.1980074 -36.511309
-0.19475687 0.023836848 0.98056182 120.13662 -0.0014407004 0.99969663 -0.02458815 -3.4268925 -0.98085053 -0.0062014062 -0.19466344 -36.662721
-0.19025059 0.025501412 0.98140425 120.98688 -0.0041341161 0.9996329 -0.026776495 -3.4657029 -0.9817269 -0.0091514824 -0.19007532 -36.82585
-0.18869645 0.024890124 0.98171994 121.89605 -0.0058719979 0.99963228 -0.026472922 -3.5052938 -0.98201795 -0.010760003 -0.18848091 -36.994125
-0.18840684 0.023872453 0.98180084 122.73584 -0.0064557876 0.99965282 -0.025545383 -3.5475136 -0.98206989 -0.011151222 -0.18818732 -37.139097
-0.18675005 0.019490078 0.98221407 123.63263 -0.0055435224 0.99976636 -0.020892366 -3.5848093 -0.98239186 -0.0093465754 -0.18659837 -37.313198
-0.18598966 0.014304312 0.98244753 124.48384 -0.0054643694 0.9998635 -0.015592358 -3.6216768 -0.98253655 -0.008268473 -0.18588611 -37.46106
-0.18585853 0.011596521 0.98250804 125.34339 -0.0053904837 0.99990327 -0.01282154 -3.6529706 -0.98256177 -0.0076791853 -0.18577804 -37.622551
-0.18429021 0.016236288 0.98273772 126.21923 -0.0059555136 0.99982675 -0.017635444 -3.6897518 -0.98285387 -0.0091027469 -0.18416159 -37.783583
-0.18359954 0.020325847 0.98279092 127.058 -0.0060090948 0.99974431 -0.021799058 -3.7241789 -0.9829828 -0.0099079801 -0.18343046 -37.936294
-0.18388599 0.019564057 0.98275282 127.91324 -0.0080982183 0.99973782 -0.021417466 -3.7551579 -0.98291426 -0.011896918 -0.18367934 -38.081136
-0.18392755 0.018582482 0.9827641 128.7829 -0.010475433 0.99972745 -0.020863742 -3.7948462 -0.98288402 -0.014132296 -0.18368276 -38.235356
-0.18308211 0.019033514 0.98291331 129.62013 -0.0052665449 0.99977923 -0.020341082 -3.8319224 -0.98308356 -0.0089006448 -0.18294146 -38.396043
-0.1826651 0.021662725 0.98293647 130.47294 -0.006740653 0.99970614 -0.023284963 -3.8722482 -0.98315213 -0.010878983 -0.1824654 -38.541261
-0.18244656 0.022795355 0.98295145 131.29444 -0.017066284 0.99950717 -0.026346982 -3.9009079 -0.98306769 -0.021582244 -0.18196761 -38.677278
-0.18202905 0.02430678 0.98299264 132.1374 -0.021686715 0.99935201 -0.028727214 -3.9416687 -0.98305401 -0.026547069 -0.18138396 -38.824939
-0.18230687 0.027538762 0.98285591 132.97932 -0.022127004 0.99923964 -0.032102087 -3.9897806 -0.98299272 -0.027600087 -0.1815589 -38.960731
-0.18140024 0.028234947 0.9830039 133.78836 -0.020004228 0.99927497 -0.032393814 -4.0339932 -0.98320591 -0.02554048 -0.1807039 -39.112521
-0.17947349 0.029843359 0.98331 134.6479 -0.018397561 0.99926314 -0.033685452 -4.0802786 -0.98359081 -0.024136151 -0.1787922 -39.256027
-0.17778734 0.028971184 0.98364234 135.43677 -0.013119889 0.99940792 -0.031806865 -4.1147733 -0.98398151 -0.018560136 -0.17730198 -39.405097
-0.17437147 0.026090503 0.98433419 136.27333 -0.0053444756 0.99960911 -0.02744213 -4.1654456 -0.98466548 -0.010045874 -0.17416387 -39.553185
-0.17187463 0.0220882 0.98487113 137.05792 0.0024075178 0.99975503 -0.02200186 -4.1950784 -0.98511593 -0.001410466 -0.17188571 -39.701126
-0.16815227 0.021232147 0.98553231 137.90343 0.0043960635 0.99977422 -0.020788912 -4.23299 -0.98575127 0.00083676073 -0.16820764 -39.843305
-0.16371843 0.025374402 0.98618068 138.6739 0.00087467868 0.99967249 -0.025576337 -4.2797083 -0.98650676 -0.0033247256 -0.163687 -39.963998
-0.15714012 0.029063946 0.98714851 139.5014 0.0053664798 0.99957723 -0.028575607 -4.3140074 -0.98756178 0.00080713924 -0.15722966 -40.085712
-0.14965259 0.029318579 0.98830382 140.25829 -0.00052607497 0.99955777 -0.029732093 -4.3540305 -0.98873854 -0.0049694057 -0.14957098 -40.198747
-0.13888689 0.026052598 0.98996546 141.11382 0.0096290947 0.99964217 -0.024956345 -4.3787847 -0.99026148 0.006066363 -0.13908805 -40.311413
-0.12758839 0.02445703 0.99152558 141.87026 0.017656802 0.99959351 -0.022383975 -4.4192695 -0.99167007 0.014651237 -0.12796836 -40.405008
-0.11376082 0.026157747 0.99316371 142.68422 0.013127999 0.99960564 -0.02482368 -4.4640258 -0.99342147 0.010214291 -0.11405936 -40.496097
-0.099101552 0.027636638 0.99469343 143.48324 0.013239763 0.99956238 -0.026452835 -4.501801 -0.99498928 0.010547989 -0.099424088 -40.579849
-0.085037265 0.027381542 0.99600142 144.27121 0.015129368 0.99954256 -0.026187167 -4.5367217 -0.99626294 0.012841988 -0.085412633 -40.625523
-0.071644881 0.029166681 0.99700363 145.00251 0.022315342 0.99936904 -0.027632293 -4.5639322 -0.99718059 0.020268766 -0.072250542 -40.689962
-0.058546135 0.034697043 0.9976815 145.8284 0.015163633 0.99931141 -0.033863891 -4.6237155 -0.99816957 0.013145877 -0.059031956 -40.709363
-0.044877292 0.044322806 0.99800873 146.53406 0.011148577 0.99897529 -0.043864414 -4.6583315 -0.99893034 0.009157862 -0.045325443 -40.736317
-0.032299346 0.052847198 0.99808008 147.34343 0.0036984003 0.99860063 -0.052755073 -4.709275 -0.99947144 0.0019873462 -0.032449599 -40.744397
-0.018593806 0.053920375 0.99837206 148.15075 0.0023360795 0.99854435 -0.053886171 -4.7584672 -0.99982443 0.0013303283 -0.018692704 -40.746681
-0.0066523716 0.050003995 0.99872682 148.87671 0.0033131367 0.99874458 -0.049982814 -4.8054939 -0.99997243 0.0029764151 -0.0068096917 -40.736442
0.0052905236 0.046903692 0.99888536 149.76481 0.00023430449 0.9988993 -0.046905586 -4.8706335 -0.99998602 0.0004821993 0.0052737091 -40.726242
0.013534138 0.053160871 0.9984942 150.38196 -0.0024904935 0.9985844 -0.053131914 -4.9275807 -0.99990535 -0.0017676478 0.013647374 -40.696089
0.020237607 0.061862442 0.99787945 151.14126 -0.0095677744 0.99805018 -0.061678984 -4.9723552 -0.99974946 -0.0082992498 0.020790031 -40.671356
0.022562494 0.06503595 0.99762777 151.91882 -0.018439782 0.99773916 -0.064626173 -5.0357103 -0.99957541 -0.01693791 0.023710731 -40.640678
0.024308128 0.060943876 0.99784512 152.64716 -0.016885327 0.99802274 -0.060543385 -5.0847545 -0.99956195 -0.015377244 0.02528912 -40.624452
0.021682102 0.055431236 0.99822702 153.40119 -0.010807771 0.99841644 -0.055207001 -5.1509302 -0.99970654 -0.0095916047 0.022246854 -40.586407
0.018565736 0.052659963 0.99843986 154.17936 -0.014201274 0.99852517 -0.052400392 -5.2085036 -0.99972682 -0.013206266 0.019286192 -40.576026
0.016239643 0.053005357 0.99846213 154.93588 -0.0123268 0.99852858 -0.052808392 -5.2607373 -0.99979218 -0.011450253 0.016869132 -40.565583
0.012019432 0.053126296 0.99851542 155.65266 -0.013863962 0.99850046 -0.052958614 -5.3139197 -0.99983169 -0.013206847 0.012737948 -40.542286
0.0075724117 0.051464617 0.99864607 156.41947 -0.012473772 0.9986019 -0.051367755 -5.370872 -0.99989357 -0.012067905 0.008203781 -40.536971
0.0016671357 0.051775341 0.99865732 157.17414 -0.015111416 0.99854603 -0.051744343 -5.4222233 -0.99988447 -0.015004861 0.002447109 -40.528358
-0.0038990034 0.049839687 0.99874958 157.8935 -0.012865308 0.99867205 -0.049886041 -5.4633279 -0.99990968 -0.013043727 -0.0032526243 -40.52369
-0.0099330531 0.047165686 0.99883765 158.6292 -0.010977714 0.99882163 -0.047274097 -5.5194849 -0.99989045 -0.01143453 -0.0094035784 -40.534222
-0.015792109 0.047199527 0.9987606 159.34641 -0.013736221 0.9987807 -0.047417668 -5.5708484 -0.99978098 -0.014468021 -0.015124512 -40.531389
-0.020957849 0.048313004 0.99861231 160.05952 -0.014071039 0.99871855 -0.048613451 -5.6170105 -0.99968138 -0.015070346 -0.02025118 -40.546805
-0.024445029 0.050595978 0.99841995 160.7901 -0.013506359 0.99861057 -0.050936321 -5.6680398 -0.99960998 -0.014730158 -0.023727698 -40.565058
-0.027053286 0.052516917 0.99825348 161.53399 -0.013457993 0.99850938 -0.052895097 -5.7258194 -0.99954344 -0.014865474 -0.026306189 -40.581605
-0.028535496 0.054273218 0.99811826 162.24828 -0.013213664 0.99841719 -0.054667241 -5.7779562 -0.99950548 -0.014748756 -0.027773183 -40.600291
-0.02779622 0.052651122 0.998226 162.95941 -0.0079992375 0.9985682 -0.052891914 -5.8240825 -0.99958165 -0.0094552415 -0.027335255 -40.629015
-0.023965231 0.048779898 0.99852196 163.67226 -0.0030155204 0.9988008 -0.048865893 -5.8694905 -0.99970829 -0.0041821449 -0.023789396 -40.641489
-0.016820876 0.048349236 0.9986888 164.37726 -0.0030511493 0.99882303 -0.048407123 -5.9274072 -0.99985391 -0.0038613981 -0.016653559 -40.644719
-0.0051815638 0.049232517 0.99877386 165.08156 -0.0003184729 0.99878718 -0.049234824 -5.9768333 -0.99998657 -0.00057319496 -0.0051596018 -40.64385
0.0083251497 0.049854137 0.99872177 165.7265 3.22879e-05 0.99875641 -0.049856133 -6.0296283 -0.99996539 0.00044730726 0.0083131854 -40.63125
0.023590127 0.04749571 0.9985928 166.44019 -0.00042620602 0.9988712 -0.047498882 -6.0706769 -0.99972167 0.00069489925 0.02358374 -40.610664
0.040212812 0.042569004 0.99828389 167.13483 -0.003664036 0.99909163 -0.042455851 -6.1125549 -0.99918446 -0.0019504781 0.040332257 -40.550282
0.055114535 0.036325091 0.99781902 167.80674 -0.005599976 0.99933354 -0.036070911 -6.1509377 -0.99846438 -0.0035997304 0.055281222 -40.507881
0.074228076 0.028862369 0.99682349 168.49119 -0.0054350911 0.99957795 -0.028537399 -6.1902005 -0.99722652 -0.0032995495 0.074353616 -40.440323
0.090830666 0.020902041 0.99564693 169.16305 -0.0058039416 0.99977384 -0.020459197 -6.2225182 -0.99584948 -0.0039203533 0.090931436 -40.369108
0.10878057 0.015235695 0.99394898 169.82646 -0.0092240227 0.99985496 -0.014316721 -6.2582238 -0.99402303 -0.0076108262 0.10890532 -40.275726
0.12650311 0.012322677 0.99188963 170.49027 -0.0072162853 0.99990781 -0.011501943 -6.2784457 -0.99194 -0.0057027263 0.12658037 -40.185446
0.14357577 0.01161024 0.98957118 171.10783 -0.007003662 0.99991806 -0.010715481 -6.2998961 -0.98961459 -0.0053921378 0.14364532 -40.082123
0.1619133 0.011195099 0.98674144 171.77078 -0.010723765 0.99989656 -0.0095846994 -6.32735 -0.98674676 -0.0090296923 0.16201661 -39.952906
0.1782577 0.01059621 0.98392674 172.42966 -0.014950838 0.99985575 -0.0080591147 -6.3410829 -0.98387029 -0.01327393 0.17839041 -39.823771
0.19235159 0.0071245503 0.98130017 173.04247 -0.017582994 0.99983814 -0.0038125742 -6.3589923 -0.98116858 -0.01652084 0.19244573 -39.683434
0.20432664 0.0026073666 0.97889925 173.65336 -0.011895448 0.99992923 -0.00018043209 -6.372461 -0.97883053 -0.011607577 0.20434319 -39.545243
0.21581936 0.00090321308 0.97643285 174.29891 -0.0085179988 0.99996326 0.00095774077 -6.3892319 -0.9763962 -0.0085239521 0.21581912 -39.407011
0.22516172 0.0046053399 0.97431048 174.86266 -0.013082702 0.99991297 -0.0017029632 -6.4114837 -0.97423361 -0.012363171 0.22520238 -39.250127
0.23407076 0.011572795 0.97215064 175.48916 -0.017992552 0.99980946 -0.0075698752 -6.4314135 -0.9720531 -0.015719584 0.23423439 -39.091588
0.24341815 0.021658224 0.96967956 176.04316 -0.01780767 0.99968194 -0.017858089 -6.4490453 -0.969758 -0.01292075 0.2437264 -38.936673
0.25240431 0.028305107 0.96720774 176.66261 -0.013190461 0.99957983 -0.025810261 -6.4614275 -0.96753199 -0.0062432945 0.25267161 -38.774381
0.25815991 0.027228261 0.96571839 177.26299 -0.014053251 0.99960284 -0.024426852 -6.4806033 -0.96600002 -0.0072654478 0.25844002 -38.602494
0.26412544 0.01970454 0.96428699 177.854 -0.016065101 0.99974246 -0.016028696 -6.4986846 -0.96435457 -0.011257781 0.26437398 -38.433101
0.26828944 0.009178078 0.96329459 178.47843 -0.020700346 0.99977865 -0.0037603886 -6.5205364 -0.96311596 -0.018931658 0.26842005 -38.24484
0.2707053 -0.00070873699 0.96266196 179.08177 -0.017154734 0.99983739 0.0055601027 -6.545903 -0.96250945 -0.018019359 0.27064912 -38.07584
0.27104922 -0.0018169596 0.96256373 179.66188 -0.013565173 0.9998917 0.0057072506 -6.5596602 -0.96246994 -0.014604288 0.27099522 -37.91526
0.27287114 0.0017501602 0.96204896 180.28566 -0.013251157 0.99991032 0.0019394599 -6.563673 -0.96195937 -0.013277484 0.27286986 -37.734056
0.27440422 0.0013133008 0.9616135 180.90006 -0.010580106 0.99994266 0.0016534716 -6.5787063 -0.96155627 -0.010627692 0.27440238 -37.552731
0.2763445 -0.0006103342 0.96105841 181.48386 -0.011108029 0.99993097 0.0038290441 -6.5717868 -0.96099449 -0.011733599 0.27631865 -37.385746
0.27867929 -0.0049883029 0.96037123 182.1122 -0.01125591 0.99990086 0.0084598511 -6.5912774 -0.9603183 -0.013167437 0.27859551 -37.198654
0.28155901 -0.010488713 0.95948655 182.7149 -0.0096833839 0.99985828 0.013771605 -6.598314 -0.95949509 -0.013168596 0.28141754 -37.00167
0.28550946 -0.013483877 0.95828099 183.34698 -0.0087787115 0.99982227 0.016683922 -6.6061366 -0.95833573 -0.013175889 0.28534034 -36.827104
0.29199907 -0.014771796 0.95630448 183.94508 -0.0079150326 0.99980916 0.017860587 -6.6001406 -0.95638589 -0.012784455 0.29182643 -36.636174
0.29969173 -0.018352199 0.95385952 184.59585 -0.0057629293 0.9997619 0.021046004 -6.6027857 -0.95401873 -0.011804338 0.29951461 -36.433824
0.31013855 -0.020010174 0.95048072 185.17812 -0.0038102415 0.99974427 0.022290573 -6.6053496 -0.95068377 -0.010534727 0.309983 -36.218254
0.3206481 -0.018512105 0.94701744 185.8092 -0.0043818383 0.99976931 0.021026922 -6.608463 -0.9471883 -0.010891919 0.32049301 -35.996991
0.33142133 -0.01514551 0.94336125 186.42521 -0.0050847465 0.99982795 0.017838445 -6.6069219 -0.9434692 -0.010708793 0.3312873 -35.778183
0.34381222 -0.011123537 0.9389725 187.0308 -0.0069430126 0.99987239 0.014387226 -6.6056929 -0.93901279 -0.011465801 0.34369111 -35.529215
0.35519682 -0.01037801 0.93473389 187.65359 -0.0060877031 0.99989149 0.013414745 -6.6024917 -0.93477175 -0.010455257 0.3550951 -35.286829
0.36603438 -0.013388982 0.93050497 188.28701 -0.0058383273 0.99984378 0.016683327 -6.6061138 -0.93058306 -0.011539263 0.36589902 -35.036278
0.37721913 -0.015704739 0.92599083 188.89346 -0.0048224066 0.99980935 0.018921191 -6.6052896 -0.92611152 -0.011602939 0.37707147 -34.776179
0.38911524 -0.0154092 0.92106016 189.52662 -0.0085712915 0.99975624 0.020346841 -6.6130384 -0.92114925 -0.01581194 0.38888831 -34.483723
0.39877702 -0.017739042 0.9168763 190.1292 -0.0091683735 0.99968581 0.02332878 -6.5982151 -0.91700213 -0.017709245 0.39848909 -34.19933
0.40596949 -0.015789843 0.91375018 190.77395 -0.014521011 0.99961305 0.023725106 -6.5992336 -0.9137713 -0.022900246 0.40558312 -33.904553
0.40990001 -0.018531868 0.91194215 191.42381 -0.014434362 0.9995366 0.026799864 -6.5893167 -0.91201628 -0.024148567 0.40944256 -33.610084
0.41196581 -0.023395595 0.91089887 192.05474 -0.0095681188 0.99950414 0.029998644 -6.5828114 -0.91114911 -0.021074004 0.41153768 -33.318325
0.41190934 -0.021776365 0.91096455 192.71298 -0.0073997314 0.9996015 0.027241131 -6.578733 -0.91119483 -0.017961769 0.41158405 -33.041173
0.4108117 -0.022130134 0.91145156 193.38053 -0.0043899357 0.99964577 0.02625014 -6.5696177 -0.91170968 -0.014785078 0.41056902 -32.732327
0.40985296 -0.020881109 0.91191253 194.03525 -0.0016424374 0.99971943 0.023629906 -6.5664449 -0.91215016 -0.011182546 0.40970367 -32.431943
0.40995602 -0.021958153 0.9118409 194.70542 0.0013909093 0.99972406 0.023449137 -6.5546515 -0.91210427 -0.0083448265 0.40987344 -32.136165
0.4090506 -0.028520064 0.91206586 195.39242 0.0051557639 0.99956774 0.028943927 -6.551157 -0.91249717 -0.0071371338 0.40902083 -31.838266
0.40863377 -0.031355631 0.91215963 196.07175 0.0053600108 0.99947491 0.031955903 -6.5429047 -0.91268274 -0.0081690751 0.40858726 -31.513357
0.40673423 -0.033880379 0.91291802 196.7585 0.0067248099 0.99939602 0.034093648 -6.5323144 -0.91352182 -0.0077278525 0.4067164 -31.224994
0.40509526 -0.034031196 0.91364087 197.44391 0.005616799 0.99938079 0.034734419 -6.5208384 -0.91425727 -0.008939011 0.40503557 -30.903961
0.40370019 -0.034605534 0.91423659 198.12873 0.0047479952 0.99935018 0.035730663 -6.5068151 -0.91487906 -0.010083684 0.40360216 -30.596097
0.40133936 -0.033132645 0.91532993 198.81373 0.0027954934 0.99938517 0.03494951 -6.4999422 -0.9159252 -0.011467815 0.40118523 -30.300453
0.40061479 -0.030246271 0.91574717 199.50608 0.0041494813 0.99950463 0.031197414 -6.4970665 -0.91623722 -0.0086982693 0.40054184 -29.984186
0.39969795 -0.023873876 0.91633592 200.17409 0.0026173935 0.99968643 0.024903775 -6.5004606 -0.91664321 -0.0075555752 0.3996351 -29.695248
0.39846184 -0.020822214 0.91694848 200.86237 0.0011806746 0.99975309 0.02218949 -6.4819017 -0.91718419 -0.0077590467 0.39838804 -29.400031
0.39756494 -0.023624944 0.91726981 201.55795 0.0004578262 0.99967347 0.025548878 -6.4753987 -0.91757396 -0.0097373875 0.39744594 -29.083936
0.39578495 -0.026944626 0.91794781 202.25882 -0.00065504111 0.99956094 0.029622654 -6.4677912 -0.91834303 -0.012325494 0.39559352 -28.78952
0.39287982 -0.026195634 0.9192166 202.92894 -0.0048505853 0.99952125 0.030557313 -6.4694361 -0.91957707 -0.01646409 0.39256466 -28.485224
0.38855289 -0.026077458 0.9210573 203.63439 -0.0077812047 0.99947094 0.031580089 -6.4617165 -0.9213936 -0.01943747 0.38814441 -28.174207
0.38219135 -0.027063332 0.92368678 204.31017 -0.0083470834 0.99942917 0.032736276 -6.4569154 -0.92404554 -0.020221612 0.38174728 -27.910539
0.37363779 -0.027229898 0.92717488 205.00053 -0.0082375463 0.99943219 0.032671609 -6.4434186 -0.92753815 -0.019844993 0.37320132 -27.619682
