1.0 0.0 0.0 0.0 0.0 1.0 0.0 0.0 0.0 0.0 1.0 0.0
0.1551242 0.9871941 0.03804089 3.3935547 -0.9878497 0.15547991 -0.0065572513 6.8027344 -0.012376182 -0.036572646 0.9992541 0.099121094
0.34259105 0.93868625 0.041463137 9.941406 -0.9395031 0.3428621 0.00061139604 4.791382 -0.013632308 -0.039168116 0.99913937 -0.008911133
0.27859923 0.95937103 0.042864714 16.168457 -0.96023065 0.27893046 -0.0018280146 3.9090576 -0.01370599 -0.040662088 0.9990788 -0.10449219
0.35109302 0.9352411 0.045736574 22.552002 -0.93608457 0.35175395 -0.0070438012 2.642212 -0.02266832 -0.040341534 0.9989284 -0.31530762
0.39924118 0.91579026 0.041257918 28.613281 -0.9163676 0.39992896 -0.009692218 2.0039062 -0.025383472 -0.033929907 0.9991022 -0.31262207
0.49357668 0.86855465 0.046272837 34.484253 -0.8676894 0.49538073 -0.043098968 2.395996 -0.06036651 -0.018864222 0.9979992 -0.85839844
0.3548185 0.9330025 0.062420473 40.93286 -0.9324924 0.3580168 -0.050685618 3.0704346 -0.06962317 -0.040224634 0.99676126 -0.8630371
0.5355829 0.8412498 0.07400496 46.67578 -0.8394572 0.5398999 -0.062021118 3.4121094 -0.0921351 -0.028923234 0.99532557 -1.473999
0.63414294 0.76993495 0.071540505 53.14673 -0.7682638 0.6378428 -0.05460525 4.536499 -0.087682605 -0.02034495 0.99594015 -1.34375
0.5363544 0.7944816 -0.28509846 59.116943 -0.838651 0.539882 -0.07326538 7.037964 0.09571465 0.27837726 0.9556899 -1.630249
0.29003382 0.9547163 -0.06638334 64.694336 -0.9520162 0.28074202 -0.1218777 9.379272 -0.09770803 0.09851902 0.99032384 0.38708496
0.044833425 0.9899561 -0.13423696 70.61548 -0.992528 0.028847944 -0.11870769 10.02478 -0.11367679 0.13852394 0.98380893 0.8453369
-0.217229 0.96743804 -0.12925747 76.29785 -0.9711294 -0.22750258 -0.07065688 9.102661 -0.09784029 0.11021762 0.9890834 1.529419
0.17253317 0.97193396 -0.1598074 81.20825 -0.9816599 0.15633719 -0.10898238 6.692749 -0.08096914 0.17572238 0.9811083 2.340454
0.63032913 0.7634219 -0.14106388 86.663574 -0.7751523 0.62896585 -0.05978514 6.041626 0.043076664 0.14704414 0.98819053 3.373291
0.66317314 0.73364717 -0.14796552 92.082275 -0.74741673 0.659468 -0.08006312 7.8808594 0.038822126 0.16372049 0.98574054 4.209717
0.32977995 0.93019044 -0.16151051 96.98633 -0.94378066 0.32025087 -0.08261952 10.446777 -0.025136543 0.17970556 0.9834019 5.385742
0.1510985 0.97505045 -0.1628586 103.0105 -0.9867797 0.13885808 -0.084115334 10.901611 -0.05946367 0.1734401 0.983047 6.3516846
0.18669687 0.968372 -0.1654329 108.99609 -0.9807237 0.17386349 -0.08902936 10.190186 -0.05749085 0.17888 0.9821882 7.4559326
0.045883678 0.98582417 -0.16145141 115.22998 -0.99578464 0.032270778 -0.085913256 9.962158 -0.07951558 0.16465656 0.9831322 8.393677
0.2062463 0.9635299 -0.17041926 121.18701 -0.976388 0.19123942 -0.10039562 8.531738 -0.06416681 0.1871494 0.98023796 9.516235
-0.11870877 0.9793934 -0.1631695 127.73096 -0.98681504 -0.13453193 -0.08954708 8.52356 -0.10968961 0.15036002 0.98252267 10.417236
0.16020572 0.96948016 -0.18573752 133.42749 -0.9830675 0.13966836 -0.11888947 6.2250977 -0.089343905 0.20164767 0.97537494 11.572266
0.39014715 0.89917195 -0.19845666 140.06714 -0.92072904 0.37819675 -0.09651393 5.751587 -0.011720266 0.22031173 0.97535217 12.579712
0.19724894 0.9595537 -0.200534 146.18726 -0.9777402 0.17784278 -0.11079201 6.2821045 -0.07062207 0.21799101 0.97340405 14.12793
0.044962164 0.9774481 -0.20639515 152.85669 -0.9940717 0.023308977 -0.106175885 5.8623047 -0.098932505 0.20986351 0.9727015 15.294189
0.15392737 0.96555865 -0.21008232 159.11523 -0.98448277 0.13152248 -0.116752386 4.067383 -0.08518162 0.22476223 0.9706724 16.636719
0.14318734 0.96858495 -0.20312408 165.64209 -0.9845214 0.11853178 -0.12882657 3.1221924 -0.10069222 0.2184667 0.97064245 17.883423
-0.5176773 0.8298518 -0.20729484 172.11743 -0.829942 -0.5459426 -0.11290636 2.7044678 -0.20694076 0.11356704 0.9717345 19.122925
-0.84190226 0.49423286 -0.22011602 176.63013 -0.4832944 -0.8700135 -0.10499425 -1.6495361 -0.24308664 0.0180501 0.9698356 19.764893
-0.7264345 0.64622307 -0.231022 178.87769 -0.634511 -0.76060987 -0.13240238 -7.1307373 -0.2615275 0.050344866 0.9638736 19.392578
-0.8926106 0.3958514 -0.21497801 181.89453 -0.37573615 -0.9174891 -0.12930422 -11.955078 -0.24856037 -0.03464583 0.9680067 19.352173
-0.9646374 0.14947563 -0.2166696 182.9065 -0.1329637 -0.98703074 -0.08894084 -17.606812 -0.22722349 -0.05701857 0.97217715 19.293213
-0.87448686 -0.42990354 -0.22580668 182.9624 0.4554256 -0.8874799 -0.07411421 -22.487915 -0.16843465 -0.1675713 0.971361 18.956177
-0.7999852 -0.5652071 -0.20230062 180.44604 0.5855449 -0.8089832 -0.055283174 -25.687988 -0.13242307 -0.1626464 0.97776055 17.755249
-0.61598116 -0.7441102 -0.25991377 177.70093 0.77867764 -0.62562 -0.05429939 -28.237427 -0.12210761 -0.23577222 0.9641138 16.796387
-0.5492268 -0.78062177 -0.29896152 173.80566 0.829328 -0.5536292 -0.07796281 -30.19226 -0.10452067 -0.29069498 0.95109504 16.330078
-0.0993615 -0.97280395 -0.208984 170.58472 0.9948047 -0.093016975 -0.040033616 -31.134277 0.01948158 -0.21183918 0.9771025 15.474609
-0.07698054 -0.9756116 -0.2053904 167.85986 0.996394 -0.06813142 -0.049820535 -29.78955 0.034624293 -0.20849328 0.9774119 14.788574
-0.050425407 -0.9762372 -0.21073857 165.32495 0.99703854 -0.036965374 -0.0673389 -28.09436 0.057960436 -0.21349362 0.9752236 14.120239
0.027564237 -0.9818273 -0.18771967 162.40454 0.99811506 0.037278883 -0.048386514 -26.519165 0.0545833 -0.18603936 0.98103505 13.97876
0.032304883 -0.98102516 -0.19115275 160.11719 0.997092 0.044858094 -0.06166233 -23.905762 0.06905503 -0.18868037 0.9796107 13.650024
0.33850858 -0.924059 -0.17706855 157.95435 0.9309124 0.35623518 -0.0794273 -21.702515 0.13651307 -0.13793468 0.98099476 13.305664
0.5383456 -0.82893896 -0.15138496 156.57715 0.83019775 0.5525296 -0.07320768 -18.796753 0.14432219 -0.08627915 0.9857602 13.599487
0.6057782 -0.77858526 -0.162807 156.72534 0.77493304 0.62382716 -0.099923156 -15.562622 0.17939281 -0.06566641 0.9815853 13.778564
0.6316143 -0.75445235 -0.17800961 157.18994 0.7486692 0.653242 -0.11220328 -12.474487 0.20095342 -0.062415455 0.97761256 14.186768
0.78280455 -0.5987047 -0.16982108 158.13696 0.58588964 0.80100656 -0.12322089 -9.683472 0.2098071 -0.003030492 0.9777392 14.754761
0.8406814 -0.5114712 -0.17787172 160.03638 0.49534774 0.85905236 -0.12903745 -7.444702 0.2187963 0.020367986 0.975557 15.412598
0.7196047 -0.66731685 -0.19163857 162.5 0.6545413 0.7440975 -0.13328923 -5.7854004 0.23155113 -0.029531697 0.9723755 16.156982
0.7340734 -0.6499859 -0.19717571 164.56323 0.6366834 0.7595962 -0.13365385 -4.2991943 0.23662354 -0.027383195 0.9712186 16.823608
0.76301104 -0.6133993 -0.204127 166.45264 0.5956704 0.78978705 -0.14673795 -3.4194336 0.25119597 -0.009608328 0.9678868 17.312866
0.7187681 -0.6623641 -0.21087576 168.33691 0.64538014 0.7485617 -0.15152015 -2.935669 0.25823766 -0.027197132 0.96570563 17.80603
0.76697993 -0.6067441 -0.20845188 170.20776 0.58541775 0.7948059 -0.15948038 -2.6518555 0.26245028 0.0002565791 0.9649417 18.292725
0.73324126 -0.64303946 -0.22089933 172.42627 0.6204117 0.7656731 -0.16955689 -2.4509277 0.27819842 -0.012707674 0.9604547 18.822021
0.7386836 -0.6385496 -0.21587926 174.64941 0.6111805 0.7695828 -0.18500194 -2.159912 0.28425297 0.0046899533 0.9587226 19.359741
0.7525309 -0.62248135 -0.21479231 176.80273 0.59244484 0.7823865 -0.19181702 -1.6661377 0.287469 0.017106242 0.95764977 20.030396
0.738686 -0.6353407 -0.22521824 178.8645 0.60328484 0.7721557 -0.19963618 -1.1949463 0.30072376 0.011639579 0.95365566 20.697754
0.7257528 -0.6494567 -0.22684205 180.88623 0.6128485 0.7601482 -0.21565369 -0.5217285 0.31254995 0.017523091 0.9497685 21.344727
0.6883072 -0.6824456 -0.2458702 182.80054 0.6445454 0.73088765 -0.22430111 0.15405273 0.33279198 -0.004090382 0.94299537 22.042236
0.69777983 -0.6657181 -0.26444 184.37207 0.62476075 0.74618214 -0.22996178 1.2824707 0.350412 -0.004729861 0.9365943 22.820068
0.67278403 -0.69053817 -0.26571497 186.02417 0.64497733 0.7233463 -0.24673173 2.5803223 0.3625454 -0.00537819 0.9319388 23.547485
0.65958136 -0.70162207 -0.2698806 187.51831 0.65483576 0.7125902 -0.2521379 3.909912 0.369167 -0.010393785 0.9292972 24.34375
0.66336226 -0.6964264 -0.27363056 189.00659 0.6503181 0.71744883 -0.24949498 5.225464 0.37012094 -0.012424556 0.92892724 25.202393
0.67445254 -0.68965167 -0.2636548 190.47363 0.6420114 0.7241352 -0.25187063 6.6433105 0.3646449 0.0006360323 0.9311673 25.990356
0.69488144 -0.6719994 -0.25586715 191.93872 0.6214552 0.740238 -0.25642505 7.9709473 0.3617398 0.019168613 0.9320887 26.776001
0.70678115 -0.6594105 -0.25634393 193.22925 0.60773027 0.7513896 -0.2572382 9.118164 0.36219785 0.026035829 0.9317302 27.510864
0.7221018 -0.6427958 -0.25563347 194.39722 0.5880184 0.7650348 -0.26264817 10.108398 0.36435091 0.03930769 0.9304025 28.115234
0.7171669 -0.64858973 -0.25504696 195.53467 0.592865 0.76012826 -0.265969 11.025391 0.3663793 0.03955957 0.92963713 28.695923
0.73140395 -0.62856656 -0.26454538 196.37402 0.57215285 0.77668977 -0.26352888 11.765381 0.37108955 0.041375205 0.9276585 29.191895
0.7341976 -0.6256913 -0.26332548 197.17822 0.570116 0.778885 -0.26117226 12.283569 0.3685197 0.041603748 0.92868674 29.55957
0.7355315 -0.6245504 -0.2625477 197.58472 0.5684365 0.77977824 -0.2624078 12.699585 0.36859176 0.043744955 0.9285401 29.801392
0.7438899 -0.61384237 -0.26402026 198.16772 0.5549524 0.7875893 -0.2675913 13.097778 0.3722361 0.052533947 0.9266674 30.090088
0.74552107 -0.6114162 -0.26512998 199.0083 0.55131304 0.7893638 -0.27009493 13.675537 0.3743879 0.05515826 0.9256053 30.500366
0.7431454 -0.6138847 -0.26626372 199.44092 0.5536691 0.78756976 -0.2704799 14.05835 0.37577832 0.053592026 0.9251705 30.738403
0.74262214 -0.614774 -0.2658277 200.09741 0.5538783 0.78684354 -0.27238616 14.5529785 0.37658945 0.055067465 0.9247417 31.080566
0.7379119 -0.62051314 -0.26571035 200.93237 0.5604547 0.7826134 -0.27115917 15.156006 0.37618935 0.05120763 0.9251318 31.504272
0.7323061 -0.62714285 -0.26564822 201.42993 0.56819415 0.77759355 -0.26944792 15.59021 0.3755459 0.046433922 0.9256636 31.775879
0.72637033 -0.6326927 -0.26880783 202.11206 0.57405037 0.77343404 -0.2691736 16.141968 0.37814593 0.04122776 0.9248075 32.141968
0.72118616 -0.63788193 -0.2699564 202.87744 0.5803751 0.769175 -0.26717466 16.713745 0.37811935 0.036037397 0.9251003 32.533447
0.718046 -0.6408803 -0.27163717 203.48413 0.5848118 0.76708317 -0.26394945 17.265991 0.37750357 0.030715533 0.925513 32.87036
0.7163486 -0.64134604 -0.2749536 204.15698 0.58643883 0.76689637 -0.26085028 17.83496 0.37814292 0.025595652 0.9253684 33.233765
0.71565443 -0.6415793 -0.27609634 204.92017 0.5876287 0.76670957 -0.25854823 18.447021 0.37756655 0.022820411 0.9257216 33.642212
0.71739745 -0.6396715 -0.27615032 205.59985 0.58656585 0.7684263 -0.2560824 19.027466 0.37597364 0.02172384 0.9263512 34.00403
0.7183166 -0.6388085 -0.2756519 206.30762 0.5855834 0.7690661 -0.25631994 19.625 0.37569004 0.022710629 0.9264581 34.38916
0.7177546 -0.63956934 -0.2756397 207.0586 0.5864869 0.76854277 -0.2559908 20.239868 0.37555686 0.022108043 0.9265344 34.792725
0.7178927 -0.63984406 -0.27442476 207.80298 0.58709997 0.7682348 -0.255322 20.853516 0.37418815 0.022190351 0.92708737 35.19043
0.71831965 -0.63918483 -0.27458698 208.54028 0.58649445 0.7686957 -0.25506514 21.474243 0.37414256 0.02214668 0.9271027 35.590942
0.7183311 -0.63885325 -0.2754935 209.29297 0.58663815 0.76906735 -0.25375897 22.11316 0.37401152 0.020664494 0.92719495 36.000854
0.7189048 -0.63836074 -0.27478382 210.00513 0.5863569 0.7693563 -0.25326264 22.721924 0.37309888 0.020903215 0.92754483 36.387695
0.71840024 -0.6389226 -0.27529103 210.77173 0.5873206 0.76910096 -0.2522704 23.354126 0.37288934 0.019551728 0.9276583 36.800293
0.7160049 -0.64158857 -0.27511775 211.53418 0.5902751 0.7668615 -0.25213262 23.976318 0.37266675 0.01810963 0.9277541 37.20996
0.7163031 -0.6423017 -0.27238515 212.26343 0.59176874 0.76610863 -0.25038114 24.59607 0.36956924 0.01814274 0.929048 37.60974
0.71389574 -0.6457871 -0.2707157 213.03882 0.5955309 0.76329345 -0.2503115 25.214111 0.3683437 0.017458318 0.92953134 38.01599
0.710128 -0.6497877 -0.2711008 213.78467 0.59938526 0.7599355 -0.2513974 25.854004 0.36941087 0.01603443 0.9291396 38.426147
0.71008813 -0.6500999 -0.27018574 214.51514 0.5997775 0.75958425 -0.25133806 26.47229 0.3686506 0.016377773 0.9294152 38.817627
0.7087063 -0.65165806 -0.27066925 215.24463 0.60125154 0.75846267 -0.2517667 27.090698 0.36933473 0.015736772 0.92917264 39.213745
0.7087226 -0.6506533 -0.27268103 215.97827 0.5997421 0.75920564 -0.25280026 27.719727 0.37150627 0.015632015 0.92830276 39.60913
0.7093671 -0.64875406 -0.27568802 216.69263 0.59734404 0.7609151 -0.2535455 28.305298 0.3742348 0.015180786 0.92719746 40.00403
0.7122691 -0.6447237 -0.2772352 217.43726 0.59305626 0.7641589 -0.2534303 28.945068 0.37525946 0.016058426 0.9267739 40.4115
0.71652997 -0.6403279 -0.2767954 218.16357 0.5887117 0.7679248 -0.25254706 29.541504 0.3742319 0.01802746 0.9271601 40.806152
0.7216317 -0.63677424 -0.2715409 218.88257 0.5851853 0.77068007 -0.25219035 30.131104 0.36983785 0.023101019 0.928816 41.203125
0.7263359 -0.6307381 -0.2731522 219.60425 0.57992756 0.77570415 -0.24908204 30.724365 0.368927 0.022488294 0.9291556 41.59192
0.72894496 -0.62731254 -0.27415812 220.33765 0.5756422 0.77840304 -0.25056103 31.316895 0.37055963 0.024841212 0.9284743 41.98694
0.73216856 -0.62293476 -0.27535895 221.04614 0.5701386 0.7817157 -0.25247234 31.884033 0.37260193 0.02785581 0.9275959 42.365234
0.73427635 -0.61874133 -0.27922973 221.75513 0.5656253 0.78510416 -0.25232983 32.43164 0.37533873 0.027338503 0.92648274 42.74878
0.7365238 -0.6157673 -0.2799073 222.4956 0.5626193 0.7874376 -0.25183466 33.0083 0.37545672 0.027984079 0.92640024 43.14026
0.73966485 -0.6123256 -0.27889496 223.2124 0.5592154 0.7899502 -0.2512709 33.566406 0.37417617 0.02984419 0.92686105 43.53186
0.74461627 -0.609698 -0.2716662 223.94653 0.5581155 0.79193443 -0.24761161 34.113647 0.3661306 0.032766607 0.93000156 43.907104
0.7482659 -0.608735 -0.26364976 224.68994 0.55954504 0.79261965 -0.24205391 34.65747 0.35636574 0.033612862 0.93376625 44.291504
0.74998724 -0.60743135 -0.26167047 225.41699 0.5589224 0.79360235 -0.24027844 35.218628 0.3536302 0.033931524 0.93476653 44.66028
0.7482852 -0.6075943 -0.26639658 226.14868 0.5570475 0.79349434 -0.24513967 35.75305 0.36034012 0.03507957 0.9321851 45.018677
0.7469239 -0.60726833 -0.2709999 226.86768 0.5548653 0.7937569 -0.2493611 36.28076 0.3665099 0.035909176 0.92971915 45.380005
0.74794674 -0.60727304 -0.26797006 227.59692 0.5529338 0.7933943 -0.25461572 36.82312 0.3672046 0.042251967 0.9291606 45.749023
0.7476144 -0.60882735 -0.2656368 228.33911 0.5539447 0.79213166 -0.25649777 37.347656 0.3665713 0.044661906 0.9293325 46.12378
0.7478062 -0.6094511 -0.26362252 229.05713 0.55524594 0.7916422 -0.25515994 37.885498 0.36418825 0.044496432 0.9302877 46.49048
0.74909824 -0.60903776 -0.2606676 229.7815 0.5568718 0.79203176 -0.2502322 38.44458 0.35883695 0.042295564 0.9324383 46.85852
0.74936724 -0.60999954 -0.25753236 230.50488 0.55983144 0.7913814 -0.24550283 38.98181 0.35357562 0.03979454 0.9345628 47.217773
0.74852306 -0.6093273 -0.26147303 231.20117 0.56148416 0.7922241 -0.23879938 39.5188 0.35269642 0.031922687 0.9352023 47.566772
0.7470944 -0.6094753 -0.26557708 231.91675 0.56376094 0.7925137 -0.23284085 40.093872 0.35236338 0.02427556 0.93555856 47.917236
0.7465013 -0.6112267 -0.2629122 232.63086 0.56551677 0.7910145 -0.23331924 40.631226 0.35060748 0.025512464 0.93619716 48.270264
0.74497676 -0.6141926 -0.2604873 233.32349 0.5671472 0.7886487 -0.23755941 41.15088 0.35133064 0.029278679 0.9358087 48.61548
0.7391392 -0.62074316 -0.2614694 234.03638 0.5725292 0.7834951 -0.24153422 41.70215 0.35481712 0.028813694 0.9344866 48.96924
0.7339283 -0.628516 -0.25779378 234.73071 0.5796515 0.77731234 -0.24485652 42.249756 0.3542222 0.030293409 0.9346554 49.31836
0.72907686 -0.6362059 -0.2522236 235.41406 0.58611625 0.77071685 -0.24982667 42.789062 0.35333198 0.03429155 0.93486303 49.669678
0.72047776 -0.6453127 -0.2536522 236.09692 0.5959287 0.7633049 -0.24927576 43.344604 0.35446107 0.028414633 0.9346321 50.021484
0.7140066 -0.65212727 -0.25463274 236.75562 0.604374 0.7577411 -0.24595052 43.927124 0.3533366 0.021708865 0.9352459 50.358154
0.7049309 -0.6632789 -0.25121716 237.41406 0.6163675 0.7481013 -0.24568191 44.501465 0.3509444 0.018378438 0.93624735 50.703125
0.6974977 -0.6713323 -0.25088733 238.07495 0.6253847 0.7411368 -0.24444903 45.09424 0.35000926 0.013603883 0.93663144 51.04956
0.68874353 -0.6804634 -0.25032678 238.71753 0.63506484 0.7327905 -0.24456812 45.69507 0.3498057 0.009444598 0.93674517 51.385986
0.6784819 -0.6912893 -0.24825324 239.35596 0.64573985 0.7224459 -0.24690822 46.291016 0.3500498 0.0071759582 0.93669426 51.73413
0.6681029 -0.70030403 -0.25172287 239.97168 0.65433085 0.71397525 -0.24952258 46.908813 0.35441932 0.0019761403 0.9350553 52.07544
0.6582299 -0.70801806 -0.2557338 240.57861 0.6599394 0.7061726 -0.25647756 47.519043 0.36216822 3.562146e-05 0.9321024 52.41919
0.6460084 -0.7179374 -0.25941876 241.17383 0.6691626 0.69610554 -0.26013467 48.135986 0.36737594 -0.0055072233 0.9300807 52.762207
0.63744766 -0.72576565 -0.258709 241.75903 0.67805374 0.68788505 -0.25899488 48.771484 0.36592057 -0.010351793 0.9305712 53.10034
0.6275965 -0.7350827 -0.25637597 242.33691 0.68907833 0.6777292 -0.25644615 49.40625 0.36231175 -0.015678622 0.9319582 53.460938
0.6204484 -0.7402312 -0.25888523 242.89844 0.69506234 0.6719324 -0.25546458 50.049072 0.36313874 -0.021444598 0.9315104 53.80713
0.6127808 -0.7440732 -0.2662295 243.45288 0.6984799 0.66754043 -0.25796145 50.701416 0.36965278 -0.027890226 0.9287444 54.150146
0.6056879 -0.7462346 -0.2761604 244.00659 0.7009346 0.6646427 -0.25867984 51.356934 0.3765996 -0.036881737 0.925651 54.50293
0.60135585 -0.7481884 -0.28025156 244.55542 0.7030433 0.66216785 -0.25926462 52.014404 0.37955844 -0.04110777 0.9242624 54.86133
0.59820706 -0.7503523 -0.2811913 245.09717 0.7053611 0.659595 -0.25959644 52.67383 0.38021663 -0.04303495 0.92389 55.217773
0.59360015 -0.75355697 -0.28289172 245.64429 0.709566 0.6558494 -0.2580109 53.333252 0.3799682 -0.04756473 0.9237755 55.592285
0.59033066 -0.75683254 -0.28094476 246.1875 0.713733 0.6519674 -0.2564756 53.99121 0.37719515 -0.04913387 0.9247892 55.941406
0.5872059 -0.76064396 -0.2766229 246.74243 0.7187469 0.6472176 -0.25394297 54.66626 0.37214467 -0.04974604 0.92681 56.303223
0.58273417 -0.7638801 -0.27712554 247.27637 0.7236378 0.64300233 -0.2506276 55.3313 0.36965728 -0.05458418 0.92753124 56.66577
0.57716006 -0.76628244 -0.28219718 247.7976 0.72769064 0.63944405 -0.2481046 55.99756 0.37052625 -0.062154744 0.92672914 57.016113
0.5717322 -0.76829994 -0.2880112 248.29395 0.7309161 0.63636124 -0.2466591 56.670166 0.37284246 -0.0694199 0.92533755 57.355225
0.56348395 -0.7732048 -0.29124856 248.80786 0.7357424 0.6299719 -0.24890456 57.347656 0.37596244 -0.07401848 0.9236843 57.71411
0.556473 -0.7781566 -0.29133534 249.31763 0.7398205 0.6236298 -0.25263098 58.006348 0.37824395 -0.07492109 0.9226714 58.06787
0.55076385 -0.78304183 -0.2893731 249.81787 0.7448535 0.6174503 -0.2531722 58.681885 0.37695402 -0.076006874 0.9231532 58.41504
0.54688704 -0.7858025 -0.28906766 250.31055 0.7498458 0.6132346 -0.24853052 59.36255 0.37254837 -0.08071564 0.92453563 58.77368
0.54078364 -0.7900356 -0.2887223 250.7959 0.7556987 0.6070897 -0.24562865 60.05493 0.3693583 -0.085433885 0.9253305 59.12964
0.53571963 -0.79245013 -0.29154563 251.27393 0.75824517 0.60340303 -0.24684352 60.74292 0.37154356 -0.08881744 0.9241646 59.470215
0.528882 -0.7965209 -0.29303133 251.74829 0.76158667 0.5977897 -0.25039557 61.43506 0.374559 -0.09071684 0.9227429 59.813477
0.5227572 -0.8001717 -0.29398385 252.21582 0.76558465 0.59231675 -0.25090265 62.125 0.37496716 -0.09385993 0.922316 60.156982
0.516426 -0.8042963 -0.29395846 252.67432 0.770259 0.5863206 -0.25098273 62.830322 0.37415114 -0.09685307 0.92225826 60.50171
0.51013565 -0.80961776 -0.2901632 253.13696 0.7749285 0.57903016 -0.25321487 63.530273 0.37304854 -0.09570442 0.9228651 60.843994
0.5026323 -0.8155135 -0.2871614 253.60303 0.78033674 0.5709511 -0.25543055 64.22632 0.37226114 -0.09574698 0.9231571 61.20215
0.49648064 -0.8199169 -0.28530344 254.0647 0.7846019 0.5644315 -0.25676268 64.93335 0.37157336 -0.09630781 0.9234204 61.548584
0.49008524 -0.8218304 -0.29065296 254.50293 0.78849506 0.5601037 -0.25425774 65.66016 0.37169912 -0.10451459 0.9224511 61.89624
0.48436105 -0.82392895 -0.29410937 254.94043 0.7926285 0.5555928 -0.25100854 66.39136 0.3702641 -0.11160237 0.9221947 62.24707
0.48017183 -0.8274 -0.2912074 255.37744 0.79533213 0.55071014 -0.25324064 67.11621 0.36991155 -0.11005389 0.9225146 62.59619
0.47671717 -0.83000064 -0.28938103 255.80371 0.79765296 0.5468166 -0.2543271 67.838135 0.36930567 -0.10962818 0.9227972 62.933594
0.47180122 -0.83319026 -0.28864506 256.25146 0.8002972 0.5420904 -0.25654587 68.57666 0.37017012 -0.11000867 0.9223952 63.28784
0.46656784 -0.8379072 -0.2828606 256.68896 0.80446523 0.5349727 -0.25780967 69.27588 0.36733553 -0.10731783 0.92385817 63.624268
0.46319032 -0.8425695 -0.27460027 257.10156 0.8079871 0.52881384 -0.2596828 70.004395 0.36397818 -0.10163301 0.92582196 63.96704
0.45853356 -0.8461996 -0.27138746 257.53882 0.811012 0.5233262 -0.26150236 70.76782 0.36326408 -0.100192145 0.92626923 64.32495
0.45445144 -0.84756285 -0.273982 257.93896 0.8129023 0.5203719 -0.26141387 71.48901 0.36417583 -0.10392999 0.92552274 64.65991
0.45062846 -0.849023 -0.27607054 258.32544 0.8142906 0.51766795 -0.26282215 72.22241 0.36602813 -0.10636459 0.9244975 64.9917
0.44925734 -0.849108 -0.2778027 258.74292 0.8148696 0.5169351 -0.26214445 72.98389 0.36625823 -0.10865177 0.9241545 65.341064
0.44822332 -0.8497692 -0.27738506 259.12842 0.8161708 0.51559496 -0.26079318 73.70166 0.36458388 -0.109447524 0.92471534 65.67139
0.44908676 -0.8504079 -0.27389592 259.52148 0.8175054 0.51478565 -0.25799972 74.4353 0.36042848 -0.10803027 0.9265227 66.01074
0.44949162 -0.8507096 -0.27227554 259.92505 0.8194465 0.5140125 -0.25333178 75.17529 0.3554778 -0.109189995 0.928304 66.35132
0.44926077 -0.8517959 -0.26977944 260.3147 0.8208235 0.5127489 -0.25206658 75.90137 0.352957 -0.108140595 0.92935973 66.67407
0.44695416 -0.85212654 -0.27213266 260.70288 0.81995654 0.51186764 -0.25609505 76.61914 0.35756493 -0.108687155 0.9275522 66.99927
0.44521412 -0.85254085 -0.2741088 261.09595 0.8192123 0.5113829 -0.2599368 77.34131 0.36172542 -0.108781666 0.9259116 67.32593
0.44559592 -0.8518342 -0.27560532 261.4812 0.8191576 0.5121349 -0.25855482 78.0647 0.36133012 -0.1104799 0.92587054 67.64795
0.44406593 -0.8519786 -0.27740836 261.865 0.8201895 0.51118135 -0.25697818 78.78516 0.36069635 -0.113435835 0.9257368 67.98242
0.44398063 -0.8532273 -0.27338699 262.24902 0.8201508 0.5098545 -0.2593823 79.48535 0.36069053 -0.10904734 0.9262883 68.29956
0.44342852 -0.8532146 -0.27440166 262.62915 0.8196661 0.5098798 -0.26087838 80.20044 0.3625314 -0.109231904 0.9255603 68.62842
0.44230068 -0.8509616 -0.2832694 262.99658 0.8191843 0.51189494 -0.25871918 80.90869 0.36511973 -0.11759822 0.92349404 68.94629
0.44142658 -0.8492965 -0.28937796 263.36157 0.81852984 0.51327705 -0.2578084 81.62329 0.36749768 -0.12308654 0.9218395 69.26929
0.440366 -0.8497677 -0.289639 263.72998 0.8176248 0.51283735 -0.26149777 82.32959 0.37080035 -0.12167558 0.9207203 69.596436
0.43851495 -0.85159224 -0.28715697 264.10278 0.81864375 0.51030314 -0.2632688 83.01196 0.37082222 -0.119594105 0.9210118 69.92041
0.43910795 -0.85045594 -0.28980657 264.45703 0.81821436 0.5117594 -0.26207137 83.72217 0.37120336 -0.122009665 0.9205158 70.23901
0.4361915 -0.8540014 -0.28363922 264.8391 0.82038385 0.5068953 -0.26467523 84.434326 0.36979637 -0.11717285 0.921711 70.5686
0.43584028 -0.8571963 -0.2748346 265.21924 0.8226929 0.5032826 -0.26490435 85.12866 0.36533225 -0.11068536 0.92424417 70.901855
0.43589333 -0.8589633 -0.26918772 265.58862 0.8249811 0.5008883 -0.26229385 85.84302 0.36008897 -0.10775625 0.9266575 71.227295
0.4313884 -0.8615861 -0.26775554 265.9331 0.8274784 0.49614584 -0.2632198 86.5188 0.3595543 -0.10805912 0.92680943 71.52539
0.42757127 -0.8626329 -0.27034104 266.2732 0.8280755 0.49370548 -0.2656848 87.18628 0.362641 -0.11025503 0.92538124 71.82837
0.42090347 -0.8659523 -0.2699995 266.62964 0.82993644 0.4877823 -0.27059186 87.89673 0.36602318 -0.11023916 0.92403996 72.14087
0.4119799 -0.8702294 -0.27026775 266.97412 0.8340714 0.47955573 -0.2726958 88.5979 0.36698398 -0.11305862 0.92335874 72.43677
0.4043704 -0.87522817 -0.26534548 267.31274 0.84021467 0.47009093 -0.2701987 89.2959 0.36121956 -0.11365794 0.9255343 72.75488
0.39636385 -0.8806369 -0.25991943 267.61548 0.84579223 0.4603666 -0.2700114 89.94556 0.35736153 -0.11275699 0.92712677 73.05444
0.3836527 -0.8869049 -0.25708908 267.94092 0.8515312 0.44750133 -0.27299237 90.68115 0.35719234 -0.1142517 0.92700726 73.37256
0.37065595 -0.8925769 -0.25676695 268.2256 0.85752124 0.43507105 -0.27443376 91.34668 0.35676733 -0.11851717 0.9266638 73.666504
0.35759872 -0.8982647 -0.2553743 268.4839 0.8637605 0.42212763 -0.2752038 91.96631 0.3549613 -0.12223773 0.9268252 73.93506
0.34541625 -0.904263 -0.25087988 268.7566 0.8687294 0.40919355 -0.2788145 92.65796 0.3549091 -0.121640936 0.926992 74.22412
0.3314027 -0.9084285 -0.25523266 269.01245 0.8730362 0.39786166 -0.28233427 93.34131 0.3580122 -0.12931955 0.9247045 74.51611
0.31699607 -0.90991825 -0.2672505 269.2307 0.875298 0.38916308 -0.28678188 93.99658 0.36501604 -0.14304434 0.9199585 74.79614
0.30314803 -0.9129546 -0.2729458 269.4441 0.87777954 0.37901267 -0.29285276 94.67749 0.37079743 -0.15081583 0.9163773 75.07715
