1 0 0 0 0 1 0 0 0 0 1 0
0.99988228 0.0011306662 0.015301841 -0.0093657729 -0.0011264449 0.99999933 -0.00028448945 -0.0066284468 -0.015302153 0.0002672193 0.99988288 0.11131408
0.99926226 0.0032971978 0.038263127 -0.0043337243 -0.0032774902 0.99999446 -0.00057777464 0.00048925485 -0.038264823 0.00045194141 0.99926753 0.255413
0.99790965 0.0055760774 0.064383454 0.025185648 -0.0056473993 0.99998362 0.00092582568 -0.003344746 -0.064377243 -0.0012874894 0.9979248 0.41254896
0.99505676 0.004882705 0.099187735 0.10400489 -0.0052801813 0.99997905 0.0037451917 -0.011721228 -0.099167379 -0.0042504075 0.99506169 0.58749543
0.99063067 0.0019189427 0.13655475 0.14399869 -0.0025930974 0.99998531 0.0047591688 -0.0076180541 -0.13654363 -0.0050686783 0.99062109 0.78950289
0.98445457 -0.0014820927 0.17563317 0.2287895 0.00044100367 0.9999821 0.005966516 -0.010137809 -0.17563888 -0.005796309 0.9844376 0.98956607
0.97577052 -0.0018935039 0.21878824 0.31079716 0.00026418795 0.99997202 0.0074760148 -0.007403522 -0.2187963 -0.0072370736 0.97574372 1.1882972
0.96382073 -0.0017381609 0.26654563 0.40774919 -0.0010590708 0.99994587 0.010350277 -0.0010628078 -0.26654922 -0.010258102 0.96376672 1.3616535
0.9493315 -0.0055443591 0.31422755 0.52836292 0.00023734689 0.99985674 0.016924817 0.0160721 -0.31427639 -0.015992682 0.94919681 1.6214727
0.9332776 -0.01515911 0.35883577 0.6729061 0.0068392754 0.99967781 0.024443728 0.0015307819 -0.35909073 -0.020358607 0.93308059 1.8526402
0.91153239 -0.020997124 0.41069186 0.83557644 0.0098775449 0.99952541 0.029178707 -0.00541317 -0.41110965 -0.02254071 0.91130719 2.0694845
0.88652953 -0.022593478 0.46212001 1.0408921 0.0079043604 0.99940081 0.033697937 -0.00074644664 -0.46260451 -0.026221454 0.88617691 2.2721527
0.85819663 -0.024997726 0.51271204 1.2159728 0.0062159059 0.99924639 0.03831472 0.024685414 -0.51328348 -0.029694594 0.85770527 2.5421679
0.82555469 -0.030330137 0.56350644 1.4489328 0.007530557 0.99905782 0.042740725 0.022677528 -0.56427189 -0.031041289 0.82500527 2.7559009
0.78987974 -0.035906426 0.61220968 1.6737177 0.0097544335 0.9988938 0.046000378 0.026639655 -0.61318421 -0.030363009 0.78935622 2.9622934
0.75274667 -0.040401313 0.65706936 1.9453303 0.011311971 0.99876146 0.048451849 0.041803396 -0.65821313 -0.029039218 0.75227139 3.1773941
0.71213482 -0.043666106 0.7006834 2.1946194 0.011895051 0.99867101 0.050147034 0.048988501 -0.70194198 -0.027376784 0.71170781 3.3718694
0.6712533 -0.045837892 0.73980933 2.5096984 0.011663373 0.99861566 0.051290728 0.06527051 -0.7411363 -0.025800398 0.67085868 3.5485874
0.62878582 -0.045799759 0.77622853 2.8898313 0.0066362471 0.99854358 0.053541291 0.083706228 -0.77755026 -0.02851476 0.62817398 3.8074937
0.58663694 -0.047133081 0.80847728 3.1580685 0.0041915428 0.9984683 0.055167874 0.10021417 -0.80983923 -0.028974746 0.58593595 4.0572512
0.54686306 -0.047964495 0.83584696 3.5897622 0.0022577549 0.99843843 0.055817529 0.12096059 -0.83721906 -0.028637407 0.54611739 4.2236376
0.50712963 -0.050843013 0.8603688 3.9983602 0.0017623924 0.99831757 0.057956206 0.13516996 -0.86186803 -0.027875002 0.50636602 4.3991981
0.46997805 -0.049992784 0.88126119 4.3980194 -0.0021838336 0.99832589 0.05779835 0.16030118 -0.88267544 -0.029088483 0.46908207 4.6375407
0.43322073 -0.049319583 0.89993739 4.8425291 -0.0029449468 0.99841888 0.056134365 0.18509777 -0.90128308 -0.026968838 0.43239051 4.8050094
0.40026106 -0.048313571 0.91512666 5.3498449 -0.002024248 0.99856023 0.053603769 0.20443738 -0.91639896 -0.023307944 0.39958698 5.0062278
0.3695181 -0.046325414 0.92806803 5.8794265 5.8467899e-05 0.99875768 0.049830676 0.22775611 -0.92922357 -0.018359074 0.36906174 5.1079002
0.34615154 -0.045014738 0.93709803 6.4040403 0.00070125091 0.99886038 0.047722541 0.24478114 -0.93817839 -0.01586209 0.34578862 5.33366
0.3243258 -0.044252095 0.94490976 7.0168213 0.0029168415 0.99894721 0.045781621 0.26962355 -0.94594098 -0.012092008 0.32411343 5.512265
0.30948984 -0.044501031 0.94986084 7.5623122 0.0037008244 0.99895314 0.045595181 0.29697848 -0.95089559 -0.010595977 0.30933054 5.6793409
0.29550774 -0.046214139 0.95422186 8.1633866 0.0044117922 0.99888463 0.047010948 0.31561805 -0.9553302 -0.0096822695 0.29538202 5.8694176
0.28558914 -0.047699484 0.95716431 8.8274797 0.0034503147 0.99880529 0.048745156 0.34229328 -0.95834598 -0.010618569 0.28541252 6.087
0.27533127 -0.049526776 0.96007276 9.4679109 0.001248211 0.99868964 0.05116092 0.36780716 -0.96134864 -0.012887827 0.27503231 6.2985179
0.26537237 -0.051364194 0.96277679 10.194386 0.00075426043 0.99859067 0.053066968 0.39912337 -0.96414574 -0.013356322 0.26503711 6.4717715
0.25623087 -0.053475375 0.96513525 10.890615 0.00034006275 0.99847348 0.055232268 0.43147708 -0.96661559 -0.013824005 0.25585791 6.658267
0.24561326 -0.054926578 0.96781048 11.622452 -0.00011294854 0.99839177 0.056690835 0.4589603 -0.96936793 -0.014033333 0.24521205 6.8314579
0.23299825 -0.056173309 0.97085339 12.371587 -0.0010015917 0.99831593 0.058002659 0.48693905 -0.97247668 -0.014486916 0.2325496 7.0048913
0.22434482 -0.058977957 0.97272346 13.113819 -0.0022025938 0.99813371 0.061026622 0.52021461 -0.97450738 -0.015833521 0.22379623 7.1969704
0.21334054 -0.062795422 0.97495768 13.916719 -0.0038430938 0.99787055 0.065112148 0.56486965 -0.97697038 -0.017637914 0.21264491 7.3545183
0.20023855 -0.066410392 0.97749379 14.673336 -0.0033595269 0.99764767 0.068467831 0.59878296 -0.97974145 -0.016993815 0.19954441 7.5006241
0.1871746 -0.068762023 0.97991702 15.460627 -0.0042697991 0.99748068 0.070810063 0.63738359 -0.98231742 -0.017437893 0.18640944 7.6778008
0.17310613 -0.069684219 0.98243488 16.263958 -0.0061105835 0.99739873 0.071822297 0.67184944 -0.98488426 -0.01843613 0.17223002 7.8104766
0.15792501 -0.06853795 0.98506962 17.069515 -0.0073657335 0.99747877 0.070582202 0.71412206 -0.98742368 -0.018402455 0.15702202 7.9352155
0.14213548 -0.067411452 0.98754905 17.9012 -0.0084715945 0.99755892 0.069314034 0.74991474 -0.989811 -0.018218098 0.14121743 8.0388816
0.12073119 -0.066289375 0.99046939 18.715482 -0.010891778 0.99761935 0.068095532 0.78935524 -0.99262553 -0.019009226 0.11972176 8.171849
0.096596092 -0.064210724 0.99325027 19.546551 -0.015289535 0.99770343 0.065985553 0.82693714 -0.99520626 -0.021560281 0.095392499 8.2362541
0.066567931 -0.063968863 0.99572919 20.359881 -0.019773068 0.99766222 0.065414945 0.86674135 -0.997586 -0.024043158 0.065147448 8.2530114
0.033291611 -0.063309394 0.99743847 21.236552 -0.02200136 0.99770346 0.064060554 0.90352762 -0.99920353 -0.024077682 0.031822261 8.2941726
2.9559129e-05 -0.063284541 0.99799548 22.051413 -0.022252529 0.99774836 0.063269529 0.94009351 -0.99975242 -0.022209793 -0.00137875 8.2982477
-0.033898616 -0.06224034 0.99748531 22.877514 -0.024644218 0.99780754 0.061422935 0.96615824 -0.99912143 -0.022500093 -0.035358161 8.2378707
-0.06796944 -0.060384831 0.99585829 23.687651 -0.026828861 0.99791635 0.058678497 1.0029066 -0.99732665 -0.022729399 -0.069447873 8.1962802
-0.098473824 -0.05686645 0.99351348 24.577231 -0.028243406 0.99812347 0.054330921 1.040604 -0.99473881 -0.022710031 -0.099895139 8.1339499
-0.13159532 -0.052600664 0.98990694 25.412942 -0.02558188 0.99843884 0.049653244 1.0597436 -0.99097342 -0.018789545 -0.1327355 7.9989493
-0.16627477 -0.04702863 0.98495732 26.274835 -0.021772801 0.99879364 0.044013713 1.0731343 -0.9858391 -0.014126909 -0.16709813 7.7737523
-0.19634999 -0.040776665 0.97968559 27.133855 -0.015873647 0.99913618 0.038404822 1.0999909 -0.98040542 -0.0080103959 -0.19682766 7.6087039
-0.22203797 -0.034787457 0.97441721 27.913311 -0.01046048 0.99939081 0.033295431 1.1027473 -0.97498195 -0.0028000208 -0.2222666 7.4242256
-0.25148435 -0.028564315 0.96743972 28.728222 -0.00047241156 0.99956791 0.029390119 1.1216335 -0.96786129 0.0069341266 -0.25138919 7.2164629
-0.27820811 -0.018447609 0.96034361 29.485378 0.004916411 0.9997751 0.020629331 1.1224317 -0.96050828 0.010460692 -0.27805485 6.951684
-0.30311955 -0.0034575456 0.95294622 30.262775 0.010125656 0.99992528 0.0068488357 1.1189845 -0.95289878 0.011725222 -0.30306189 6.6897812
-0.32910998 0.013570854 0.94419403 31.077369 0.011557463 0.99987972 -0.01034273 1.0973599 -0.94422091 0.0075085927 -0.32922724 6.4079354
-0.3542893 0.027621585 0.9347278 31.802239 0.0099462586 0.99961844 -0.025769204 1.0607884 -0.93508301 0.00016729186 -0.35442885 6.162791
-0.3807724 0.038468543 0.92386822 32.536256 0.013692458 0.99925927 -0.035964368 1.028642 -0.92456745 -0.0010442114 -0.38101708 5.8628941
-0.40354389 0.043883619 0.91390726 33.326118 0.017104253 0.99903642 -0.040418778 0.99034455 -0.91480044 -0.00067904937 -0.40390564 5.4662308
-0.42628324 0.043196858 0.90355772 34.063186 0.01865959 0.99906655 -0.038959618 0.93468588 -0.9043973 0.00025218535 -0.42669137 5.1567795
-0.44550231 0.038833658 0.89443813 34.774598 0.022868145 0.99922645 -0.031993052 0.89634368 -0.89498872 0.0062011633 -0.44604575 4.749147
-0.46291086 0.038558511 0.88556576 35.512637 0.03069359 0.99915157 -0.027459734 0.85887657 -0.8858733 0.014469784 -0.46370162 4.3456111
-0.47783786 0.039244222 0.87757097 36.244878 0.033483453 0.9990893 -0.026446659 0.79958678 -0.87780972 0.016746892 -0.47871673 3.9435315
-0.48778191 0.042788942 0.87191619 36.930819 0.036909419 0.99891575 -0.028372911 0.76477161 -0.87218494 0.018342128 -0.48883235 3.5431155
-0.49921564 0.04527369 0.86529415 37.601623 0.038828413 0.99879972 -0.029857589 0.73740672 -0.86560739 0.018692624 -0.50037435 3.1690011
-0.50918876 0.044146883 0.85952184 38.28837 0.03228295 0.99896046 -0.032184028 0.6655116 -0.86004923 0.011360157 -0.51008463 2.7502531
-0.52007149 0.043084116 0.85303537 39.044954 0.030807528 0.99902332 -0.031675027 0.64078875 -0.85356699 0.0098066333 -0.52089086 2.348927
-0.52906852 0.04463208 0.84740452 39.676236 0.03257445 0.99894802 -0.032276216 0.59678668 -0.84795369 0.010527407 -0.52996582 1.8975761
-0.53543222 0.047848688 0.84322167 40.381807 0.036234537 0.99877604 -0.033667285 0.54459916 -0.8438006 0.012527199 -0.53651064 1.445392
-0.54010395 0.051347306 0.84003043 41.089861 0.037279556 0.998617 -0.03707182 0.50985698 -0.84077227 0.011293326 -0.54127119 1.0361026
-0.53975692 0.052261664 0.84019707 41.79468 0.036410206 0.99858641 -0.038723207 0.46543479 -0.84103319 0.0096906303 -0.54089678 0.55689265
-0.53588797 0.054027804 0.84255861 42.501471 0.039238839 0.99846582 -0.039068253 0.42287758 -0.84337682 0.012124816 -0.53718581 0.09069914
-0.53110535 0.052475 0.84567926 43.217996 0.037194054 0.99856218 -0.038602801 0.38120501 -0.84648908 0.010952087 -0.53229348 -0.35115581
-0.5243202 0.050730323 0.85000865 43.974425 0.035256729 0.99866111 -0.03785442 0.34215791 -0.85079101 0.010120688 -0.52540678 -0.81001781
-0.51542938 0.050346124 0.85545178 44.777741 0.033008327 0.99869823 -0.038888367 0.2909344 -0.85629613 0.0081928261 -0.51642025 -1.2720742
-0.51027336 0.048787542 0.85862728 45.567856 0.030314486 0.99878954 -0.038736029 0.24057926 -0.85947786 0.0062628819 -0.51113467 -1.7205963
-0.50697092 0.046971668 0.86068234 46.358537 0.026983166 0.99888957 -0.038620321 0.19769814 -0.86154075 0.0036445558 -0.50767541 -2.1665543
-0.50491525 0.044506687 0.8620207 47.23225 0.021782524 0.99900875 -0.038820692 0.15009305 -0.86289407 -0.00082417265 -0.50538422 -2.6379008
-0.50583165 0.041794328 0.86161912 48.053827 0.018779027 0.99912243 -0.03743954 0.084174274 -0.86242782 -0.0027577347 -0.50617261 -3.116636
-0.50647596 0.040002969 0.86132561 48.900109 0.017215911 0.99919326 -0.036282737 0.041994016 -0.86208224 -0.0035478285 -0.50675605 -3.6338148
-0.50664453 0.039242972 0.86126143 49.747315 0.017258482 0.99922501 -0.035376765 -0.0046143708 -0.86198233 -0.0030593784 -0.50692916 -4.1417484
-0.50708373 0.038869609 0.86101985 50.615081 0.01709281 0.99923963 -0.035042823 -0.056016592 -0.86172733 -0.0030523965 -0.50736256 -4.6526667
-0.50710634 0.038056294 0.86104287 51.483083 0.016945569 0.99927183 -0.034185726 -0.10433744 -0.86171693 -0.0027449365 -0.50738196 -5.1489498
-0.50782591 0.037833864 0.86062848 52.429995 0.016538959 0.99927918 -0.034170005 -0.18379413 -0.86130098 -0.0031185137 -0.50808559 -5.6397796
-0.50714607 0.03671399 0.86107775 53.287328 0.015301959 0.99931835 -0.033595845 -0.20913465 -0.86172431 -0.0038618238 -0.50736217 -6.2086305
-0.50739081 0.036122517 0.86095858 54.188797 0.014998066 0.99933985 -0.033089616 -0.26417684 -0.86158557 -0.0038766529 -0.50759762 -6.7055988
-0.50691368 0.034628944 0.86130093 55.095105 0.013180875 0.99938731 -0.032423233 -0.32637302 -0.86189608 -0.0050830796 -0.50705954 -7.2183364
-0.50532955 0.03340731 0.8622795 55.967089 0.012672833 0.99942988 -0.031294152 -0.38402627 -0.86283342 -0.0048863352 -0.50546482 -7.7527937
-0.50366358 0.031359179 0.86333049 56.868459 0.012969564 0.99950281 -0.028739039 -0.43800634 -0.86380256 -0.003277786 -0.50381987 -8.2571083
-0.50185736 0.030547285 0.86441078 57.739106 0.014301578 0.99953261 -0.027019161 -0.48852466 -0.86483219 -0.0011973256 -0.50205967 -8.7579072
-0.49893674 0.030056655 0.86611701 58.663145 0.013983374 0.9995475 -0.026631777 -0.53760224 -0.86652563 -0.0011763329 -0.49913126 -9.2571775
-0.4970327 0.030482951 0.86719618 59.522893 0.014445181 0.99953495 -0.026855569 -0.58638271 -0.8676116 -0.00082128969 -0.49724189 -9.7768573
-0.49668994 0.030989458 0.86737459 60.404665 0.014779388 0.99951946 -0.027247503 -0.63507055 -0.86780224 -0.00071429367 -0.49690927 -10.248342
-0.49642913 0.032626152 0.86746388 61.308859 0.014149447 0.99946482 -0.029493438 -0.68964004 -0.86796196 -0.0023672674 -0.4966251 -10.768689
-0.50089539 0.034334455 0.86482651 62.153834 0.012989991 0.99939853 -0.032153473 -0.74294191 -0.86541038 -0.0048714375 -0.50104012 -11.225772
-0.50358533 0.034474149 0.86325737 63.039292 0.011036024 0.99937871 -0.033472231 -0.79601669 -0.86387504 -0.007329195 -0.50365292 -11.739117
-0.510603 0.032983972 0.85918367 63.930696 0.010657517 0.99942995 -0.03203437 -0.85859707 -0.85975058 -0.0072000802 -0.51066346 -12.226031
-0.51631888 0.031147841 0.85582975 64.775561 0.014880971 0.99951379 -0.027399572 -0.90877153 -0.85626715 -0.0014113376 -0.51653135 -12.749289
-0.5202995 0.029498223 0.85347421 65.609889 0.012192911 0.99955798 -0.027114138 -0.95345835 -0.85389684 -0.0037011365 -0.52042919 -13.280155
-0.52587352 0.031540755 0.84997774 66.478875 0.013265092 0.99949481 -0.028882003 -1.0098958 -0.85045937 -0.0039132467 -0.52602624 -13.785849
-0.53051601 0.033996385 0.84699288 67.290864 0.013198191 0.99940561 -0.031847168 -1.0575279 -0.8475722 -0.0057166584 -0.53064937 -14.312703
-0.53524781 0.034310939 0.84399792 68.134835 0.012022936 0.99938293 -0.033003063 -1.1123233 -0.84460955 -0.0075174838 -0.53533005 -14.844521
-0.53854661 0.034458233 0.8418908 68.949203 0.010991974 0.99936572 -0.03387219 -1.1695337 -0.84252405 -0.0089877105 -0.53858379 -15.35237
-0.54228854 0.033920734 0.83950727 69.795165 0.010869305 0.99938431 -0.033359507 -1.2336653 -0.84012205 -0.0089656176 -0.54232336 -15.884223
-0.54532088 0.027268151 0.8377837 70.603195 0.012827037 0.99962517 -0.024186526 -1.2793086 -0.83812927 -0.0024431342 -0.54546625 -16.419374
-0.54669896 0.019763327 0.83709593 71.430187 0.014054078 0.99979717 -0.014426026 -1.3181038 -0.83721132 0.0038779189 -0.54686583 -16.954071
-0.54934461 0.016560755 0.83543173 72.263856 0.013754768 0.99984734 -0.010775409 -1.3536295 -0.83548271 0.0055717574 -0.54948854 -17.476508
-0.54915537 0.02224793 0.83542405 73.01163 0.014152086 0.99974981 -0.017321346 -1.3825616 -0.83560047 0.0023108841 -0.54933284 -18.003998
-0.55198529 0.026884996 0.83342029 73.839992 0.013838824 0.9996378 -0.023081307 -1.4407572 -0.83373904 -0.0012069844 -0.55215742 -18.5194
-0.55157983 0.031887193 0.83351235 74.635673 0.020586652 0.99948505 -0.02461342 -1.4603057 -0.83386806 0.0035829637 -0.55195225 -19.052256
-0.55110624 0.033376901 0.83376726 75.418851 0.024353594 0.99941742 -0.023910795 -1.4974577 -0.83407966 0.0071278419 -0.55159802 -19.569863
-0.55074255 0.030563388 0.83411538 76.236433 0.023869249 0.99949737 -0.020863079 -1.5509548 -0.83433385 0.0084195232 -0.55119525 -20.098077
-0.55008793 0.025187605 0.83472678 77.044452 0.021497758 0.99964091 -0.015996734 -1.5866142 -0.83483002 0.0091451445 -0.55043188 -20.626061
-0.54961475 0.019707204 0.83518573 77.847254 0.020348892 0.99974092 -0.010198986 -1.616226 -0.83517041 0.011389592 -0.54987337 -21.142966
-0.54940466 0.012744125 0.83545918 78.642515 0.011280171 0.99990568 -0.0078346653 -1.6571808 -0.8354803 0.005119722 -0.5494966 -21.638827
-0.54728535 0.0072816554 0.83691437 79.422393 0.0022761102 0.9999714 -0.0072119256 -1.6824678 -0.83694302 -0.0020420712 -0.54728628 -22.141362
-0.54654945 0.0080511805 0.8373881 80.193369 0.0053253952 0.99996698 -0.0061385177 -1.711857 -0.83740994 0.0011044199 -0.54657427 -22.635818
-0.54199914 0.011243239 0.84030379 80.996284 0.010727145 0.9999216 -0.0064598699 -1.7332141 -0.84031061 0.0055128177 -0.54207725 -23.154195
-0.53698119 0.014553189 0.84346864 81.758545 0.012086629 0.99988128 -0.009557163 -1.7588762 -0.84350766 0.0050626771 -0.53709334 -23.639527
-0.52955226 0.016752929 0.84811184 82.517821 0.01751103 0.99980781 -0.0088157035 -1.7806412 -0.84809659 0.010182937 -0.52974384 -24.114726
-0.52083127 0.018984739 0.85344848 83.358798 0.023990351 0.99968332 -0.0075971802 -1.8171602 -0.85332251 0.01651768 -0.52112179 -24.649222
-0.51011884 0.019277054 0.85988784 84.136654 0.023499461 0.99968797 -0.0084703149 -1.8399719 -0.85978288 0.015886034 -0.51041267 -25.108459
-0.50156496 0.015291493 0.8649848 84.94294 0.017918565 0.99981291 -0.0072848765 -1.877842 -0.86493444 0.011845449 -0.50174512 -25.554723
-0.48890139 0.013100651 0.87224064 85.767397 0.019825755 0.99979583 -0.0039038951 -1.9020906 -0.87211378 0.015384211 -0.4890613 -25.996665
-0.47667609 0.011993048 0.87899716 86.591277 0.019717753 0.99980124 -0.0029484532 -1.928985 -0.87885789 0.015926393 -0.47681782 -26.433804
-0.46604399 0.012046246 0.8846795 87.399855 0.020682383 0.9997824 -0.0027181871 -1.9414065 -0.88451982 0.017030486 -0.46619172 -26.870547
-0.45425313 0.012993762 0.89077785 88.206097 0.022972771 0.99973198 -0.0028680839 -1.9698745 -0.89057645 0.019160801 -0.45442989 -27.264502
-0.44276135 0.015584179 0.89650402 89.037669 0.021586809 0.99974441 -0.006717639 -2.0045465 -0.89637964 0.016378351 -0.4429846 -27.684317
-0.43022553 0.025018082 0.90237465 89.880692 0.02380845 0.99958263 -0.016361981 -2.0231081 -0.90240746 0.014444801 -0.43064162 -28.074546
-0.41749459 0.030050128 0.90818235 90.690043 0.02372761 0.99947276 -0.022163098 -2.0549405 -0.9083696 0.012296024 -0.41798749 -28.444082
-0.40596275 0.026773696 0.91349732 91.537094 0.021427192 0.99957484 -0.019774191 -2.0887938 -0.91363844 0.011546099 -0.40636383 -28.809944
-0.39295206 0.02435223 0.91923641 92.377433 0.025478015 0.99955383 -0.015588728 -2.1102464 -0.91920597 0.017294698 -0.39339719 -29.1443
-0.38406427 0.024546772 0.92297997 93.22952 0.021562145 0.99961236 -0.017612524 -2.1603375 -0.92305459 0.013137087 -0.38444467 -29.489191
-0.37693498 0.028251811 0.92580872 94.064616 0.015437263 0.9995875 -0.024218082 -2.1951584 -0.92611111 0.0051633114 -0.37721562 -29.809668
-0.3717909 0.033231353 0.92772147 94.928149 0.0081789793 0.99943754 -0.032522466 -2.24057 -0.92828051 -0.0045037414 -0.37185358 -30.158702
-0.36798387 0.034922519 0.9291761 95.766803 0.0047564917 0.99935208 -0.035676314 -2.2949408 -0.92982005 -0.0087086889 -0.36791155 -30.472642
-0.36457272 0.034560545 0.9305333 96.603244 0.0036629596 0.9993565 -0.035681569 -2.3348588 -0.93116775 -0.0096000202 -0.36446471 -30.769539
-0.36044563 0.0339036 0.93216384 97.462597 0.001644238 0.99936078 -0.03571182 -2.3956494 -0.93277881 -0.01133947 -0.36027097 -31.113044
-0.35418884 0.03098183 0.93466054 98.291553 0.0020002824 0.99947388 -0.032372235 -2.4257285 -0.93517182 -0.0095962987 -0.35406447 -31.413199
-0.34895335 0.026264089 0.93677195 99.151817 -0.00060261189 0.99960071 -0.028250082 -2.4968409 -0.93713994 -0.01042247 -0.34879819 -31.73663
-0.34267382 0.024270211 0.93914085 99.996628 0.0006070198 0.99967175 -0.02561302 -2.5257413 -0.93945429 -0.0082068336 -0.34257607 -32.017194
-0.33770399 0.021829116 0.94099917 100.84317 -0.0085804698 0.9996181 -0.026268288 -2.58188 -0.94121329 -0.01694512 -0.33738772 -32.312414
-0.33094349 0.021898389 0.94339641 101.71098 -0.017100482 0.99942737 -0.029197843 -2.6067995 -0.94349566 -0.02579537 -0.33037951 -32.591147
-0.32475681 0.024397787 0.94548278 102.55858 -0.018475906 0.99931282 -0.032132998 -2.6701653 -0.94561712 -0.02790406 -0.32408287 -32.872786
-0.31737176 0.029764291 0.94783394 103.4067 -0.012294162 0.99929417 -0.03549683 -2.7110266 -0.94822154 -0.022918515 -0.31678183 -33.158097
-0.31091467 0.02758796 0.95003731 104.26323 -0.015635039 0.99929492 -0.034135153 -2.7576792 -0.95030926 -0.025466991 -0.31026412 -33.437268
-0.30431634 0.022905701 0.95229555 105.11898 -0.014563188 0.99948214 -0.028694508 -2.7917458 -0.95245974 -0.022600667 -0.30382516 -33.689066
-0.29718576 0.01988388 0.95461258 105.96287 -0.016620547 0.99952393 -0.025993584 -2.8401634 -0.95467505 -0.023591106 -0.2967138 -33.94128
-0.29075133 0.023053021 0.95652085 106.82349 -0.017348792 0.99941833 -0.029360357 -2.8797921 -0.9566414 -0.025131044 -0.29018227 -34.19807
-0.2835676 0.026525059 0.95858529 107.66738 -0.016364152 0.99933797 -0.032493551 -2.9158476 -0.95881266 -0.024900553 -0.28294581 -34.431909
-0.27689554 0.027027115 0.96051982 108.54506 -0.017935414 0.99928485 -0.033288247 -2.9627292 -0.96073267 -0.026444687 -0.27621277 -34.674904
-0.27018377 0.0262657 0.96245039 109.41875 -0.018964738 0.9992887 -0.032594905 -3.0165133 -0.96262202 -0.027059234 -0.26949347 -34.912488
-0.26198235 0.026194424 0.96471707 110.27298 -0.015386535 0.99939115 -0.031314336 -3.0661324 -0.96495004 -0.023047455 -0.2614198 -35.151049
-0.25440916 0.027047047 0.96671834 111.13454 -0.011420247 0.99945512 -0.030968403 -3.1110085 -0.96702928 -0.018918807 -0.25396165 -35.366716
-0.24721588 0.028222502 0.96854929 112.01319 -0.0089539242 0.99946651 -0.031408827 -3.154629 -0.9689191 -0.016437077 -0.2468313 -35.592087
-0.24159712 0.026301326 0.9700201 112.85739 -0.017038752 0.99936352 -0.031340688 -3.1939393 -0.97022708 -0.024099752 -0.2409952 -35.774095
-0.23518289 0.024366732 0.97164561 113.7308 -0.022605576 0.99927815 -0.030531282 -3.2485105 -0.97168826 -0.029145043 -0.2344623 -35.984115
-0.23055327 0.02485757 0.97274211 114.60262 -0.018916417 0.99937024 -0.030021478 -3.2824828 -0.97287586 -0.025322345 -0.22993786 -36.170699
-0.22506023 0.024801834 0.9740291 115.47007 -0.017437156 0.99941335 -0.029477243 -3.3325988 -0.97418885 -0.023618452 -0.22449572 -36.389112
-0.22163311 0.02646055 0.97477101 116.33055 -0.017221744 0.99936964 -0.031043985 -3.3679892 -0.97497808 -0.023667631 -0.22103771 -36.562461
-0.21546237 0.025755657 0.97617239 117.19333 -0.010941886 0.99952568 -0.028786927 -3.4134976 -0.97645088 -0.016883666 -0.21507836 -36.761067
-0.21012848 0.024727129 0.97736099 118.0699 -0.003121419 0.99965805 -0.025962333 -3.4520746 -0.97766884 -0.008506178 -0.20997944 -36.953427
-0.20570743 0.023100527 0.97834081 118.94587 -0.0018842438 0.99971015 -0.024001281 -3.5099798 -0.97861176 -0.0067806737 -0.20560428 -37.130855
-0.20120669 0.025225765 0.9792239 119.82998 -0.0022922105 0.99965349 -0.026223043 -3.5401695 -0.97954617 -0.0075208382 -0.20107914 -37.302471
-0.19746246 0.027473149 0.97992537 120.69337 -0.0035471779 0.99958066 -0.028738986 -3.5838424 -0.98030407 -0.0091508398 -0.1972822 -37.461461
-0.19674931 0.02646202 0.98009662 121.56335 -0.0063132711 0.9995808 -0.028255436 -3.6161895 -0.98043354 -0.011746853 -0.19649977 -37.630236
-0.1952399 0.024717466 0.98044395 122.42237 -0.0082713886 0.99960532 -0.026847648 -3.67149 -0.98072068 -0.013351364 -0.19495839 -37.792553
-0.19365241 0.020822361 0.98084917 123.29446 -0.0068054279 0.99972218 -0.022566631 -3.7078831 -0.98104664 -0.01104518 -0.1934569 -37.98087
-0.19369442 0.015579441 0.98093816 124.15892 -0.0063750917 0.9998328 -0.017138343 -3.7398587 -0.98104124 -0.0095731713 -0.19356271 -38.122024
-0.19278825 0.013077469 0.98115319 125.03954 -0.0078034631 0.99985913 -0.014860107 -3.7839504 -0.9812094 -0.010521246 -0.19265904 -38.282945
-0.19119252 0.01782895 0.98139058 125.90032 -0.007810308 0.99977573 -0.01968454 -3.8180031 -0.98152152 -0.011428499 -0.19101039 -38.449762
-0.19136744 0.0223124 0.98126478 126.72997 -0.0070420049 0.99968464 -0.024104577 -3.8458152 -0.98149325 -0.011522902 -0.19114997 -38.611988
-0.19096187 0.021380915 0.98136453 127.59654 -0.0096684774 0.99967328 -0.023661176 -3.8844738 -0.98154988 -0.014006682 -0.19069276 -38.770663
-0.19072214 0.020605663 0.98142773 128.43175 -0.0093613394 0.99969602 -0.022808416 -3.9176805 -0.98159947 -0.013537547 -0.19047127 -38.929117
-0.19046739 0.021204467 0.98146445 129.28888 -0.0059128994 0.99972378 -0.022746441 -3.9612632 -0.98167576 -0.010135755 -0.1902894 -39.085056
-0.18970716 0.023034967 0.98157043 130.12779 -0.0089731555 0.99964233 -0.0251933 -4.0042508 -0.98179975 -0.013587133 -0.18943261 -39.242016
-0.1892792 0.02460747 0.98161488 130.95064 -0.017446143 0.99944386 -0.028418452 -4.0315777 -0.98176835 -0.022504415 -0.18874463 -39.386937
-0.18902957 0.026003816 0.98162699 131.78392 -0.020765117 0.99931993 -0.030471199 -4.0777931 -0.98175186 -0.026143556 -0.18836104 -39.544033
-0.18862003 0.029263119 0.98161401 132.6204 -0.021457799 0.9991945 -0.033910392 -4.1302171 -0.98181573 -0.027459455 -0.18784018 -39.690834
-0.18813847 0.02963554 0.98169525 133.45769 -0.020640712 0.99920458 -0.034119832 -4.1775352 -0.98192564 -0.026682142 -0.18737712 -39.846841
-0.18670124 0.032056617 0.98189355 134.27031 -0.017063798 0.9992109 -0.035866567 -4.2175569 -0.98226858 -0.023451166 -0.18600691 -39.984142
-0.18470466 0.029998679 0.98233609 135.10756 -0.014432212 0.99934347 -0.033231681 -4.2596098 -0.98268814 -0.020315329 -0.18415045 -40.150977
-0.18192975 0.027608848 0.98292382 135.9527 -0.0060350904 0.99955557 -0.029193044 -4.3073484 -0.98329305 -0.011243117 -0.18168228 -40.301669
-0.17970525 0.023167187 0.98344762 136.74177 0.0025759699 0.9997303 -0.023080052 -4.3485066 -0.98371717 -0.0016142743 -0.17971647 -40.452087
-0.17538871 0.023295903 0.98422356 137.54615 0.0033072054 0.9997283 -0.023073544 -4.3849096 -0.98449375 -0.0007918088 -0.17541811 -40.610554
-0.17094872 0.026788156 0.98491566 138.33622 0.00051438402 0.99963262 -0.027099152 -4.4286043 -0.98527983 -0.0041259397 -0.17089969 -40.735848
-0.16409733 0.03127251 0.98594828 139.14561 0.0074517222 0.99950814 -0.030462368 -4.4648685 -0.98641605 0.0023482203 -0.16424965 -40.861755
-0.15650944 0.030832881 0.98719504 139.92451 -0.0063997884 0.99945997 -0.032230567 -4.5157542 -0.98765577 -0.011362227 -0.1562276 -40.967277
-0.1466179 0.027917487 0.98879913 140.74466 0.0079439314 0.99960266 -0.027044594 -4.5306947 -0.98916135 0.003889732 -0.14678142 -41.09122
-0.13351792 0.026057719 0.99070373 141.55884 0.014304762 0.99960081 -0.024363867 -4.5804803 -0.9909432 0.010918769 -0.13383738 -41.198024
-0.12064916 0.028227379 0.99229376 142.33466 0.015184871 0.99953117 -0.026586988 -4.6097595 -0.99257911 0.011860157 -0.12102123 -41.302599
-0.10693838 0.029596546 0.99382501 143.1036 0.012925674 0.99951377 -0.02837512 -4.6574052 -0.99418167 0.0098114693 -0.10726894 -41.364757
-0.092741518 0.02959507 0.99525025 143.89208 0.015116251 0.99948482 -0.028312395 -4.6922201 -0.99557551 0.012418719 -0.093141107 -41.446903
-0.079392306 0.031192718 0.99635525 144.69877 0.018319371 0.99938716 -0.029827899 -4.7303336 -0.99667515 0.015884497 -0.079915084 -41.501063
-0.064808598 0.037555166 0.99719074 145.48695 0.018188059 0.99917004 -0.036447643 -4.7836473 -0.99773199 0.015774844 -0.065437866 -41.538252
-0.051986392 0.045563553 0.99760779 146.22889 0.0071007422 0.99895024 -0.045254838 -4.826122 -0.99862259 0.0047311209 -0.052255355 -41.564352
-0.038684182 0.054144096 0.99778348 146.99632 0.00039333319 0.99853168 -0.054169445 -4.875075 -0.99925145 -0.0017030385 -0.038648679 -41.577167
-0.025377633 0.055984425 0.99810903 147.76227 -0.00036066977 0.99843005 -0.056011599 -4.926763 -0.99967791 -0.0017814288 -0.025317602 -41.581431
-0.013849741 0.05162912 0.99857024 148.54562 0.00189656 0.99866563 -0.051607745 -4.9802188 -0.99990233 0.0011790953 -0.013929179 -41.569866
-0.0022711208 0.049082057 0.99879213 149.32838 0.0043434483 0.99878581 -0.049071868 -5.0296396 -0.99998803 0.0042267548 -0.0024815502 -41.572013
0.0071010942 0.055169919 0.99845169 150.04886 -0.0023282347 0.99847511 -0.055154653 -5.0911783 -0.99997212 -0.0019329707 0.0072187128 -41.552614
0.012783033 0.063430891 0.99790432 150.79807 -0.014545726 0.9978921 -0.063243784 -5.146626 -0.99981253 -0.013706795 0.013678735 -41.521839
0.01557064 0.06625507 0.99768118 151.56407 -0.021944918 0.99758448 -0.065906155 -5.1977751 -0.99963796 -0.02086783 0.016986989 -41.494893
0.015956611 0.061806152 0.99796057 152.31158 -0.023239858 0.99784098 -0.061427156 -5.2629611 -0.99960261 -0.022212292 0.017358525 -41.480684
0.014527477 0.056676269 0.99828687 153.07071 -0.010986846 0.99834104 -0.056519458 -5.3274776 -0.99983415 -0.010146938 0.015126068 -41.463905
0.011457938 0.054498235 0.99844808 153.80731 -0.013757725 0.99842775 -0.054339244 -5.3796928 -0.99983975 -0.013113758 0.012189693 -41.451571
0.008514652 0.054304473 0.99848808 154.57372 -0.010747105 0.99847162 -0.054211929 -5.4378849 -0.99990604 -0.010269259 0.0090852527 -41.434605
0.0038172084 0.054683088 0.99849642 155.3022 -0.014622111 0.99840004 -0.054621908 -5.4918395 -0.99988585 -0.014391622 0.0046106817 -41.426946
0.00060267771 0.05314005 0.99858685 156.05881 -0.01134478 0.99852317 -0.053129812 -5.5419353 -0.99993551 -0.011296727 0.0012046483 -41.438647
-0.0048981539 0.05304994 0.99857981 156.80636 -0.013952822 0.99849099 -0.05311366 -5.5967459 -0.9998907 -0.014193165 -0.0041505677 -41.433068
-0.010821148 0.051590662 0.99860964 157.53889 -0.011325659 0.99859778 -0.051712774 -5.6465725 -0.99987735 -0.011869503 -0.010221677 -41.430917
-0.016105845 0.048553824 0.99869066 158.28958 -0.010507276 0.99875689 -0.048726492 -5.7006322 -0.99981512 -0.011278299 -0.015575657 -41.450834
-0.022481796 0.048786288 0.99855615 159.00325 -0.010085485 0.99874675 -0.049022666 -5.7523451 -0.99969642 -0.01117304 -0.021961589 -41.458145
-0.027653877 0.050152797 0.99835859 159.72388 -0.011392407 0.99865992 -0.050483495 -5.797834 -0.99955268 -0.012769771 -0.027045459 -41.478309
-0.031747489 0.052998424 0.99808977 160.47229 -0.019699448 0.99836602 -0.053639696 -5.8518467 -0.99930181 -0.021364743 -0.030651576 -41.486665
-0.033363315 0.054300728 0.99796705 161.19657 -0.012934903 0.99841589 -0.054757579 -5.907228 -0.99935963 -0.014735501 -0.032608091 -41.510114
-0.035538893 0.056131374 0.99779065 161.91247 -0.011101909 0.99833761 -0.056557565 -5.9646944 -0.99930667 -0.013087373 -0.03485665 -41.532821
-0.034319818 0.054456847 0.99792611 162.64446 -0.0089365157 0.99845773 -0.054793193 -6.0208352 -0.99937099 -0.010798474 -0.033780235 -41.557688
-0.030634923 0.050514543 0.99825332 163.30722 -0.00048110657 0.99872126 -0.050552985 -6.0577452 -0.99953057 -0.0020289522 -0.030571448 -41.582626
-0.023466028 0.050206737 0.99846309 164.0343 -0.0025595052 0.99873186 -0.050280404 -6.1157219 -0.9997214 -0.003735452 -0.023307767 -41.597943
-0.012900193 0.050715906 0.99862976 164.73396 0.0015696048 0.9987127 -0.050699841 -6.1639507 -0.9999156 0.00091341717 -0.012963192 -41.604814
0.0013481001 0.051644429 0.99866458 165.4222 0.0018848795 0.99866363 -0.051646922 -6.2274246 -0.99999736 0.0019519885 0.0012489535 -41.583332
0.016149654 0.049817473 0.99862772 166.12359 -0.0020918017 0.99875751 -0.049790118 -6.2692489 -0.99986744 -0.0012848371 0.016233795 -41.559635
0.032195659 0.043655964 0.99852767 166.80161 -0.0053100784 0.99903901 -0.043507105 -6.3217013 -0.99946752 -0.0039015196 0.032396535 -41.519834
0.049595001 0.037460429 0.99806661 167.48698 -0.004281391 0.99929517 -0.037293792 -6.3517151 -0.99876028 -0.002423527 0.049720426 -41.483485
0.067365457 0.029996002 0.99727732 168.17529 -0.0033858635 0.99954908 -0.029835618 -6.3977582 -0.99772266 -0.001366754 0.067436641 -41.418648
0.083859942 0.022255804 0.99622894 168.83725 -0.0056066029 0.99974527 -0.021862409 -6.4240726 -0.99646182 -0.003752079 0.083963358 -41.353606
0.10130598 0.016539278 0.99471778 169.51201 -0.0087925611 0.99983763 -0.015728936 -6.460171 -0.9948165 -0.0071526809 0.10143495 -41.264309
0.11867282 0.014423799 0.9928286 170.17452 -0.010587496 0.99985602 -0.013260369 -6.4970769 -0.99287701 -0.0089379228 0.11880844 -41.177691
0.13799824 0.01323973 0.99034394 170.811 -0.0078146875 0.99989408 -0.012278476 -6.5091263 -0.99040169 -0.0060448196 0.13808709 -41.07942
0.15598919 0.01269473 0.98767714 171.47535 -0.0092379145 0.99989243 -0.01139274 -6.5322338 -0.9877156 -0.007346932 0.15608968 -40.963439
0.17124461 0.012339732 0.98515122 172.10458 -0.016262097 0.99982074 -0.0096967069 -6.5552037 -0.98509437 -0.014360116 0.17141458 -40.835185
0.18492982 0.0084261191 0.98271556 172.71864 -0.016683859 0.99984605 -0.0054333915 -6.5726236 -0.98261014 -0.015390691 0.18504193 -40.693948
0.19797238 0.0046687537 0.98019644 173.34071 -0.015883669 0.99987264 -0.0015544139 -6.6041808 -0.98007894 -0.015261384 0.19802132 -40.556517
0.20863551 0.0032535208 0.97798801 173.98113 -0.011245167 0.99993634 -0.00092759011 -6.6065519 -0.97792886 -0.01080411 0.20865882 -40.42475
0.21896849 0.0070899526 0.97570613 174.59407 -0.016080906 0.99986401 -0.0036566095 -6.630573 -0.97559945 -0.014889555 0.21905273 -40.265609
0.22705049 0.013785891 0.97378537 175.18591 -0.01881238 0.99977532 -0.0097674836 -6.6533812 -0.97370132 -0.016101508 0.22725882 -40.119435
0.23609372 0.024011538 0.97143354 175.76813 -0.02218577 0.99956727 -0.019314987 -6.6694888 -0.97147703 -0.016991853 0.23652426 -39.959999
0.24494604 0.030593864 0.96905385 176.34097 -0.017283798 0.99948097 -0.027185678 -6.6852193 -0.96938268 -0.010089906 0.24534769 -39.819202
0.25095586 0.029406071 0.96755174 176.94635 -0.016171689 0.99952634 -0.026183367 -6.7050425 -0.96786348 -0.0090760761 0.25131253 -39.655022
0.25729709 0.021813461 0.96608607 177.54899 -0.01963 0.99965688 -0.017343418 -6.7293158 -0.96613299 -0.014501858 0.257637 -39.47726
0.26135981 0.010625662 0.96518292 178.18306 -0.020937694 0.99976654 -0.005336718 -6.7506082 -0.96501437 -0.0188139 0.26152127 -39.300077
0.26338774 0.0020261283 0.96468789 178.76544 -0.021975556 0.9997509 0.0039001924 -6.7717047 -0.96443976 -0.022226815 0.26336665 -39.125289
0.26405377 0.0011279362 0.96450726 179.38303 -0.02080488 0.99977331 0.0045265875 -6.7868894 -0.96428359 -0.02126172 0.26401737 -38.968313
0.26573663 0.0044221051 0.96403548 179.9817 -0.01868548 0.99982525 0.00056438201 -6.7925169 -0.96386461 -0.018163442 0.26577282 -38.794673
0.26744843 0.0036831079 0.9635651 180.59763 -0.013375652 0.99991054 -0.00010946956 -6.798951 -0.96347938 -0.012859033 0.26747377 -38.616887
0.26878391 0.0020692616 0.96319824 181.21521 -0.016411921 0.99986236 0.0024317773 -6.8161141 -0.96306071 -0.016461555 0.26878087 -38.456771
0.27128976 -0.0018154493 0.96249597 181.82848 -0.017654312 0.9998206 0.0068619071 -6.8207026 -0.96233584 -0.018853769 0.27120904 -38.286686
0.27483592 -0.0076679625 0.96146052 182.43096 -0.015305653 0.9998066 0.012348945 -6.8297556 -0.96136935 -0.018109714 0.27466541 -38.086866
0.27920062 -0.010370438 0.96017675 183.0359 -0.015163554 0.99976938 0.015207325 -6.8442259 -0.9601131 -0.018805586 0.27897897 -37.897381
0.28448788 -0.012119099 0.95860299 183.65897 -0.014947919 0.99974246 0.017075347 -6.8425258 -0.95856314 -0.019186848 0.28423345 -37.725807
0.29248634 -0.014825833 0.95615473 184.29333 -0.012100841 0.99974237 0.019203319 -6.8496815 -0.95619318 -0.017186984 0.29223158 -37.525797
0.30237502 -0.01750532 0.95302824 184.92212 -0.009746545 0.9997223 0.021455366 -6.8465955 -0.95313925 -0.015776299 0.30212043 -37.323423
0.31335622 -0.01563789 0.94950685 185.53741 -0.011045752 0.99973675 0.020110469 -6.8483404 -0.94957145 -0.016789758 0.313101 -37.10186
0.32485497 -0.011174867 0.94569778 186.14095 -0.012634703 0.99978968 0.01615417 -6.8553823 -0.94567948 -0.017196372 0.32464546 -36.879251
0.33625727 -0.0077336327 0.94173837 186.75368 -0.013097408 0.99983117 0.012887258 -6.8460197 -0.94167913 -0.016667765 0.33609921 -36.657072
0.34821711 -0.0071596164 0.93738653 187.37771 -0.012615212 0.99984449 0.012322916 -6.8432893 -0.93732906 -0.01611638 0.34807264 -36.39918
0.35944611 -0.010660261 0.93310491 188.00239 -0.010678377 0.99982229 0.015535946 -6.8466418 -0.93310479 -0.015548381 0.35926839 -36.150696
0.3708521 -0.012383805 0.92860933 188.60064 -0.011688493 0.99976965 0.01800074 -6.8481998 -0.92861842 -0.017529656 0.37062192 -35.899032
0.38161162 -0.011848817 0.92424678 189.25971 -0.014905904 0.99970892 0.018970728 -6.8567708 -0.92420261 -0.021016183 0.38132392 -35.618282
0.39139889 -0.013872068 0.92011652 189.86658 -0.016203561 0.99962746 0.021963474 -6.8435167 -0.92007849 -0.023505643 0.39102829 -35.339224
0.3982267 -0.012932537 0.91719582 190.53405 -0.020190265 0.99953479 0.022859702 -6.8405261 -0.91706484 -0.02762177 0.39778033 -35.060612
0.40383716 -0.014748657 0.91471195 191.13213 -0.020272689 0.99948023 0.025065657 -6.840987 -0.91460627 -0.028666115 0.40332826 -34.749816
0.40453541 -0.020116467 0.91430102 191.79214 -0.015497671 0.99946369 0.028847211 -6.8267133 -0.91439105 -0.025839254 0.4040067 -34.472278
0.40558742 -0.018336204 0.91387229 192.44607 -0.013596153 0.99956714 0.026089746 -6.829028 -0.91395518 -0.02300682 0.40516255 -34.182574
0.40406529 -0.018176725 0.9145495 193.10773 -0.011644226 0.99961933 0.025012132 -6.8232724 -0.91465607 -0.020755755 0.40369982 -33.902525
0.40352902 -0.017235765 0.91480445 193.77399 -0.0084827082 0.99970911 0.022577252 -6.8087851 -0.91492756 -0.016870595 0.40326544 -33.601169
0.40367416 -0.017746436 0.91473065 194.44103 -0.0056658294 0.9997442 0.021896112 -6.8110309 -0.91488532 -0.014021602 0.40347034 -33.298489
0.40263169 -0.024772343 0.91502676 195.1228 -0.0014455548 0.99961528 0.027698467 -6.7956319 -0.91536097 -0.012475002 0.40244098 -33.009503
0.40262401 -0.027231164 0.91496027 195.79871 -0.0019279033 0.99952996 0.030596502 -6.7947038 -0.91536346 -0.014082841 0.40238226 -32.691637
0.40021991 -0.030142075 0.91592326 196.50679 -0.00140193 0.99943763 0.03350303 -6.7837468 -0.9164181 -0.014692639 0.39995258 -32.416128
0.39849043 -0.030182895 0.91667568 197.17141 -0.0013693991 0.99943767 0.03350325 -6.7678127 -0.91717151 -0.014606019 0.39822501 -32.092529
0.39782669 -0.030799671 0.91694342 197.86918 -0.0016648263 0.99941047 0.034292002 -6.7605146 -0.91745912 -0.015168825 0.39754088 -31.781806
0.39552763 -0.029150282 0.91799133 198.56589 -0.0033962926 0.99944296 0.033200065 -6.758738 -0.91844784 -0.01624931 0.3952083 -31.480574
0.39438639 -0.026805785 0.91855362 199.2466 -0.0015299231 0.99955392 0.029826466 -6.758415 -0.91894347 -0.013168468 0.39416945 -31.183119
0.3939178 -0.019322839 0.9189425 199.92572 -0.0049816473 0.99971943 0.02315681 -6.75986 -0.91913221 -0.013699727 0.39371102 -30.891309
0.39228073 -0.016712895 0.91969366 200.60846 -0.0056177864 0.99977275 0.020564289 -6.7446023 -0.91982843 -0.013233616 0.39209769 -30.599013
0.39067094 -0.019298412 0.92032805 201.32581 -0.0073686308 0.99968263 0.02409032 -6.7451416 -0.92050095 -0.016192945 0.39040475 -30.308484
0.38956064 -0.022814387 0.92071816 201.99936 -0.0074908803 0.99958159 0.027937967 -6.7371505 -0.92097039 -0.017780521 0.38922675 -29.993454
0.3864691 -0.022540221 0.92202685 202.67889 -0.011169368 0.99951363 0.029116152 -6.7272958 -0.92223476 -0.02155095 0.38602937 -29.695226
0.38249964 -0.022953628 0.92367044 203.37796 -0.013047148 0.99945751 0.030239904 -6.7250313 -0.92386356 -0.023618017 0.38199266 -29.403103
0.37550941 -0.024020198 0.92650723 204.08147 -0.012776756 0.99943495 0.031089253 -6.7191514 -0.92673055 -0.023512063 0.37499033 -29.134472
0.36698612 -0.024353318 0.92990754 204.75337 -0.012313325 0.99944249 0.031033795 -6.7005054 -0.93014496 -0.022839225 0.36648165 -28.845484
