1.0 0.0 0.0 0.0 0.0 1.0 0.0 0.0 0.0 0.0 1.0 0.0
0.9999292 0.0118461 0.0011538522 0.2984619 -0.011842505 0.9999252 -0.0030745256 -0.010375977 -0.0011901682 0.0030606475 0.99999464 0.0015869141
0.9998229 0.018776087 0.0013566976 0.5847168 -0.018769098 0.9998115 -0.004992756 -0.026245117 -0.0014501296 0.004966409 0.99998665 0.0025634766
0.99978715 0.020616658 0.00078520784 0.8886719 -0.020610955 0.9997652 -0.00668809 -0.029174805 -0.000922904 0.0066704853 0.99997735 0.008178711
0.9998417 0.01777717 -0.000844909 1.1933594 -0.017783718 0.99980575 -0.0085106725 -0.040649414 0.0006935528 0.008524344 0.99996346 0.014892578
0.99992424 0.012039288 -0.0025574374 1.5115967 -0.01206654 0.9998675 -0.010926706 -0.04345703 0.0024255551 0.0109567335 0.99993706 0.012451172
0.9999924 -0.0015254125 -0.0036030675 1.8355713 0.0014815624 0.9999252 -0.012142351 -0.04248047 0.0036213228 0.012136918 0.99991983 0.014404297
0.9998653 -0.015937908 -0.003923817 2.1694336 0.015890094 0.9998026 -0.011929255 -0.026977539 0.0041131736 0.011865296 0.99992114 0.017578125
0.9993724 -0.03514333 -0.0044765184 2.5148926 0.03510437 0.9993476 -0.008501765 0.00012207031 0.004772377 0.008339298 0.9999538 0.022583008
0.9984621 -0.055177372 -0.0053551183 2.8653564 0.055156555 0.9984697 -0.003960073 0.039794922 0.005565445 0.0036585839 0.9999778 0.030395508
0.9972057 -0.07449256 -0.005772341 3.2324219 0.07447212 0.9972171 -0.0036791319 0.078125 0.0060302597 0.0032390568 0.9999766 0.026123047
0.9954543 -0.09510657 -0.005337771 3.609253 0.095076725 0.99545574 -0.0055926605 0.12524414 0.005845202 0.005059812 0.99997014 0.032470703
0.9932441 -0.11597508 -0.004167551 3.9980469 0.11594315 0.9932303 -0.0072258646 0.17749023 0.004977495 0.0066939513 0.9999652 0.0390625
0.991318 -0.13143027 -0.0035890988 4.3929443 0.13141008 0.99131256 -0.0053792605 0.24023438 0.0042648916 0.004860985 0.9999791 0.04260254
0.98872226 -0.14971864 -0.0030664194 4.8100586 0.14970446 0.9887193 -0.004424883 0.31311035 0.0036941676 0.00391584 0.9999855 0.044433594
0.986884 -0.16137478 -0.0031462526 5.2373047 0.1613622 0.98688334 -0.0039074365 0.3942871 0.0037355374 0.003348419 0.9999874 0.049804688
0.98479706 -0.17369342 -0.004001547 5.6726074 0.17367199 0.9847953 -0.005197867 0.47473145 0.00484339 0.004424182 0.9999785 0.052246094
0.98290193 -0.18404813 -0.005646006 6.1206055 0.18400478 0.98289824 -0.007424099 0.56066895 0.0069160815 0.006258365 0.9999565 0.06567383
0.9815903 -0.1908302 -0.007576365 6.586548 0.19078514 0.9816081 -0.0062862053 0.65527344 0.008636778 0.0047248383 0.99995154 0.06970215
0.9801246 -0.19815661 -0.009900532 7.0705566 0.19809279 0.980162 -0.0070673428 0.7657471 0.011104325 0.004965831 0.99992603 0.067993164
0.9784073 -0.2063348 -0.012407329 7.5546875 0.206255 0.9784747 -0.0074138143 0.87280273 0.013670014 0.004695402 0.9998956 0.07714844
0.97664684 -0.21441516 -0.013232026 8.057861 0.21427247 0.9767012 -0.01141107 0.982666 0.015370752 0.008309092 0.9998473 0.08154297
0.9748965 -0.22229283 -0.012992749 8.578491 0.22204818 0.97487354 -0.017959319 1.0915527 0.016658315 0.014622949 0.99975425 0.09667969
0.9730304 -0.23017353 -0.014950449 9.101318 0.22989674 0.9730411 -0.018172879 1.2189941 0.018730434 0.014244448 0.999723 0.1171875
0.97076267 -0.23915604 -0.020626456 9.636597 0.23887445 0.9709321 -0.015216311 1.3671875 0.023664892 0.009843016 0.99967134 0.11364746
0.9687923 -0.2467095 -0.024111135 10.184937 0.2464848 0.9690762 -0.011930583 1.5192871 0.026308782 0.0056144735 0.99963796 0.12939453
0.96650827 -0.25522417 -0.025974685 10.750732 0.2548989 0.9668236 -0.015202431 1.6751709 0.02899411 0.008070084 0.99954695 0.14465332
0.96420753 -0.2637734 -0.026795879 11.321899 0.26337668 0.96453035 -0.017453568 1.831543 0.030449694 0.00977052 0.9994884 0.16833496
0.96203226 -0.27126804 -0.030175492 11.904419 0.27087298 0.96247417 -0.016565558 2.006836 0.03353717 0.0077625317 0.9994072 0.18725586
0.95937824 -0.27998504 -0.0342608 12.498169 0.27956152 0.9599685 -0.016682886 2.190796 0.037560888 0.0064245802 0.99927354 0.20751953
0.9574061 -0.2860509 -0.039137486 13.101318 0.2855729 0.95819014 -0.017423298 2.3725586 0.042484883 0.0055018496 0.9990817 0.23352051
0.9552139 -0.29218653 -0.04643575 13.719116 0.29160276 0.95633143 -0.019038385 2.569458 0.049970455 0.0046382416 0.9987392 0.26330566
0.95359546 -0.2961629 -0.054471873 14.353149 0.2955544 0.95514804 -0.019091364 2.7736816 0.057681434 0.002106205 0.9983323 0.29455566
0.9524485 -0.29804888 -0.06364138 14.986694 0.29741696 0.9545731 -0.019403301 2.979004 0.066530555 -0.00044624554 0.9977834 0.33544922
0.94993913 -0.30383095 -0.07296661 15.634644 0.30323458 0.9527301 -0.019386243 3.1982422 0.07540661 -0.003707639 0.9971459 0.37548828
0.94838923 -0.3065306 -0.08094594 16.297852 0.30609837 0.95180553 -0.018008485 3.4154053 0.08256587 -0.0077018663 0.9965564 0.42736816
0.94632715 -0.31086493 -0.08837176 16.96936 0.31068578 0.95036644 -0.016135734 3.650879 0.088999726 -0.012189405 0.9959566 0.48254395
0.944265 -0.31503618 -0.0953905 17.637451 0.31509182 0.9489352 -0.014878025 3.8914795 0.0952065 -0.016008452 0.9953293 0.54541016
0.9421833 -0.31948036 -0.10113912 18.33606 0.31977522 0.94739866 -0.013723154 4.133301 0.10020316 -0.019414894 0.99477625 0.6121826
0.94000065 -0.32442987 -0.10552334 19.036743 0.3249923 0.94563234 -0.012310937 4.390747 0.103778265 -0.022724107 0.99434024 0.69018555
0.9383118 -0.32861206 -0.10762019 19.751587 0.32943526 0.9441181 -0.010550555 4.652588 0.10507348 -0.025555957 0.99413556 0.75964355
0.9359546 -0.3353461 -0.107140854 20.458618 0.3363218 0.941673 -0.009378364 4.921631 0.1040372 -0.027266437 0.9941989 0.8463135
0.9338358 -0.34158564 -0.10608266 21.192993 0.3425414 0.9394442 -0.009643836 5.2001953 0.10295472 -0.02733431 0.9943106 0.9246826
0.9318669 -0.34766808 -0.10363074 21.934937 0.3486099 0.9372149 -0.009480808 5.4765625 0.10041733 -0.02729631 0.9945696 1.0119629
0.92985725 -0.35381588 -0.10071 22.674438 0.35473165 0.9349023 -0.00927126 5.7628174 0.09743516 -0.027109746 0.99487245 1.0925293
0.9256164 -0.3660894 -0.09593208 23.444458 0.3671478 0.9301317 -0.0070155766 6.0759277 0.09179862 -0.02873184 0.9953623 1.1688232
0.9233437 -0.37283155 -0.09158909 24.200195 0.37399507 0.92739415 -0.004761055 6.39209 0.08671493 -0.029862165 0.9957858 1.2476807
0.92039037 -0.38088953 -0.0885912 24.956787 0.38232926 0.92404926 -0.0007667178 6.7198486 0.08215648 -0.03315963 0.99606806 1.3217773
0.91679454 -0.38957426 -0.08748001 25.721924 0.391051 0.9203339 -0.0002843975 7.053467 0.08062225 -0.033961743 0.9961649 1.3950195
0.9129292 -0.39854166 -0.08786779 26.498047 0.40007243 0.9164822 -0.0002090889 7.3980713 0.08061272 -0.034966633 0.99613136 1.4698486
0.9095191 -0.40652373 -0.08665822 27.283325 0.40807524 0.9129477 0.00020322809 7.7575684 0.07903192 -0.035555188 0.9962366 1.5389404
0.9055786 -0.4155978 -0.08535536 28.06726 0.41717154 0.90887046 0.0006710822 8.129517 0.07729887 -0.03620292 0.99635124 1.6060791
0.9017898 -0.42415577 -0.082802534 28.869629 0.42566136 0.904876 0.00058778236 8.506714 0.07467723 -0.03577524 0.9965662 1.6774902
0.89948523 -0.42981046 -0.07871935 29.658691 0.43119475 0.90226287 0.0006496976 8.893311 0.07074542 -0.034527104 0.99689656 1.7469482
0.89561015 -0.43863407 -0.07409571 30.476807 0.4400198 0.8979879 0.002674149 9.301514 0.06536468 -0.034995396 0.99724805 1.8039551
0.89260656 -0.44545957 -0.069248036 31.299316 0.44667166 0.8946797 0.0022878838 9.708252 0.06093866 -0.032964326 0.9975986 1.880249
0.8886132 -0.45367414 -0.067063145 32.125366 0.4547897 0.89057 0.0015460046 10.138306 0.059023954 -0.031876795 0.99774754 1.9346924
0.8854889 -0.4600788 -0.06573107 32.958252 0.46119192 0.8873456 0.0020065026 10.577637 0.057404287 -0.03208579 0.9978353 1.9885254
0.8836149 -0.46404028 -0.063145 33.792725 0.46509063 0.88531524 0.0022023933 11.02417 0.05487832 -0.031310964 0.99800134 2.0440674
0.8800347 -0.4708817 -0.06159883 34.639526 0.47180393 0.8816949 0.00048686482 11.479736 0.054082405 -0.029491771 0.99810094 2.0986328
0.87762296 -0.4753749 -0.060935393 35.501465 0.4762591 0.87925714 -1.4550169e-05 11.948242 0.0535852 -0.029011473 0.9981419 2.1557617
0.87624055 -0.47799537 -0.06093525 36.37085 0.47887924 0.87787473 -0.000109611894 12.428589 0.053546835 -0.029082255 0.99814206 2.215454
0.87471634 -0.48063016 -0.06104165 37.24829 0.48149315 0.8763692 -0.0006443274 12.915039 0.053808596 -0.028834008 0.9981354 2.2659912
0.874504 -0.48129013 -0.06054066 38.137085 0.4821478 0.8761258 -0.00049525255 13.411621 0.053281523 -0.02875391 0.9981654 2.3233643
0.87487704 -0.4806959 -0.058372054 39.03833 0.48152325 0.8763679 0.0001231716 13.921387 0.05109728 -0.028221255 0.9982949 2.3764648
0.8738729 -0.48276 -0.057426967 39.95703 0.48348388 0.8753571 -0.001467124 14.433472 0.050974734 -0.0264817 0.9983488 2.432129
0.87447673 -0.48165488 -0.057040613 40.88098 0.48226875 0.87599075 -0.0033635772 14.946899 0.051591787 -0.024570012 0.99836636 2.48938
0.8720328 -0.4862432 -0.056490447 41.81018 0.48673403 0.87356913 -0.005643983 15.472778 0.052092865 -0.022571148 0.99838716 2.5559082
0.87233126 -0.48598066 -0.054277614 42.74597 0.48641318 0.8737588 -0.0058278744 16.000244 0.05025502 -0.021316534 0.99850845 2.6081543
0.86945754 -0.4913936 -0.050301947 43.679443 0.491782 0.8706767 -0.00519361 16.535034 0.046349786 -0.020224351 0.99872065 2.670044
0.8665754 -0.49677187 -0.045265988 44.61499 0.49709287 0.86756027 -0.004667522 17.070679 0.041590318 -0.018464124 0.9989643 2.723999
0.86374336 -0.5020371 -0.042992022 45.541992 0.5022342 0.86467123 -0.006872016 17.6073 0.040624663 -0.015662584 0.99905145 2.7780762
0.85793006 -0.5119299 -0.043273583 46.46814 0.5120404 0.8589039 -0.009332428 18.159912 0.041945368 -0.01414794 0.99902004 2.8381348
0.8530634 -0.51992804 -0.046130702 47.38269 0.519961 0.854202 -0.012220473 18.716309 0.045756467 -0.013551151 0.998861 2.8857422
0.846395 -0.5304652 -0.046106186 48.2937 0.5304899 0.8475388 -0.012705801 19.291016 0.04581986 -0.013707033 0.99885595 2.9406738
0.8413234 -0.5388679 -0.041700516 49.20508 0.53897154 0.84223425 -0.009680638 19.880737 0.04033783 -0.014333423 0.9990833 2.998413
0.83735067 -0.54535633 -0.03845842 50.107666 0.54554075 0.8380884 -0.0064440025 20.474976 0.035748575 -0.015582122 0.99923956 3.048706
0.8323552 -0.552785 -0.041129667 51.005615 0.55303156 0.8331844 -0.0061513055 21.074951 0.03766977 -0.017624155 0.99913496 3.1000977
0.82918644 -0.5571521 -0.04524106 51.88623 0.5573953 0.8302155 -0.008219525 21.680664 0.04213944 -0.018398192 0.99894255 3.152832
0.8264353 -0.56052476 -0.05149611 52.773438 0.5607891 0.82779175 -0.010533034 22.289429 0.04853248 -0.020177694 0.99861795 3.2097168
0.8230541 -0.56537676 -0.05275004 53.657227 0.565646 0.82448274 -0.011113938 22.907837 0.049778417 -0.020695025 0.9985461 3.263916
0.82020277 -0.57014674 -0.049357317 54.53296 0.57044476 0.8214288 -0.009204505 23.525513 0.045786742 -0.020599954 0.9987385 3.3266602
0.8165141 -0.57558614 -0.04405258 55.421875 0.5758778 0.8174657 -0.0070288307 24.154785 0.040057812 -0.019628992 0.9990047 3.3808594
0.81381756 -0.5797829 -0.04174413 56.312256 0.58009434 0.8146481 -0.005458919 24.799194 0.037168376 -0.019768534 0.9991133 3.4350586
0.81155235 -0.5826085 -0.04298065 57.192383 0.58299947 0.8123992 -0.0040945113 25.43274 0.03730402 -0.021742389 0.99906737 3.4835205
0.8069604 -0.5889411 -0.044316247 58.05127 0.58927834 0.8079047 -0.006403097 26.080566 0.039578844 -0.02094323 0.99899745 3.5292969
0.80353487 -0.5934855 -0.04609235 58.92798 0.59384686 0.8045592 -0.006890803 26.723999 0.04117446 -0.021827374 0.998914 3.5820312
0.79952157 -0.5989182 -0.046118893 59.78955 0.59920233 0.8005878 -0.00891891 27.378784 0.04226632 -0.020494958 0.9988967 3.6362305
0.79494756 -0.6050414 -0.044246078 60.665527 0.6052729 0.79594594 -0.0094869295 28.050781 0.040959243 -0.019244263 0.9989754 3.6860352
0.7906105 -0.61078113 -0.043349348 61.520996 0.6110283 0.7915579 -0.008839165 28.717651 0.03971341 -0.019499373 0.9990209 3.7366943
0.78467065 -0.6182678 -0.04437718 62.390625 0.6184711 0.7856927 -0.010649744 29.398926 0.041449506 -0.019093705 0.99895793 3.7961426
0.7801711 -0.6239342 -0.044306595 63.25122 0.6241149 0.7812015 -0.011330603 30.090576 0.0416846 -0.018813724 0.99895376 3.8486328
0.77558696 -0.62957615 -0.044866808 64.108154 0.62971866 0.7766649 -0.012662251 30.783081 0.042819962 -0.018435208 0.9989127 3.902588
0.76900584 -0.63783526 -0.044706617 64.950195 0.6379325 0.7700983 -0.013904073 31.505127 0.04329715 -0.017823141 0.9989032 3.9578857
0.76445466 -0.6430637 -0.045470573 65.799805 0.6431031 0.76561105 -0.015700812 32.212646 0.04490882 -0.01723247 0.9988428 4.015869
0.7570787 -0.65188056 -0.04410879 66.64868 0.6518107 0.7582103 -0.017921686 32.94409 0.045130197 -0.015176979 0.9988662 4.071533
0.75170493 -0.6581677 -0.042097684 67.492676 0.6580682 0.7527518 -0.018136036 33.68689 0.043624993 -0.014078595 0.9989483 4.129883
0.7459014 -0.66491616 -0.040271636 68.329834 0.6647595 0.7468826 -0.019102903 34.4375 0.042780235 -0.012514266 0.99900657 4.1850586
0.73994017 -0.67143893 -0.040374573 69.16821 0.67123455 0.74094456 -0.020443745 35.20117 0.043641187 -0.011980837 0.9989751 4.2404785
0.7333566 -0.6786144 -0.04113624 69.99609 0.67837954 0.73440975 -0.021560775 35.969727 0.044842564 -0.012092199 0.998921 4.3031006
0.72794104 -0.684267 -0.042069677 70.823 0.6840107 0.7290502 -0.022474317 36.756836 0.04605038 -0.012425693 0.99886155 4.356079
0.72132057 -0.69144195 -0.0409777 71.63843 0.69121313 0.72237355 -0.021796025 37.560425 0.044671796 -0.012598939 0.9989224 4.4141846
0.71895087 -0.6937305 -0.041524537 72.468994 0.69356424 0.7200132 -0.020633841 38.356323 0.044216983 -0.013964215 0.9989247 4.472534
0.71265215 -0.70014274 -0.042316012 73.29639 0.69993585 0.71377134 -0.022010466 39.17639 0.04561246 -0.013939842 0.9988616 4.531128
0.70791185 -0.70500976 -0.0443047 74.10742 0.7047713 0.7091459 -0.02344341 40.00122 0.047949 -0.014622334 0.9987432 4.591919
0.7035301 -0.7091311 -0.04528935 74.92139 0.7088147 0.7048436 -0.02548562 40.815308 0.04999898 -0.014172386 0.99864906 4.649658
0.6980308 -0.7146312 -0.046296418 75.73242 0.71434736 0.6993963 -0.025344638 41.654785 0.050486043 -0.015386816 0.9986056 4.714966
0.69449776 -0.71814847 -0.044553556 76.543945 0.7178142 0.69578594 -0.025973955 42.507446 0.049648624 -0.01394161 0.9986693 4.7770996
0.6895861 -0.7228175 -0.04342734 77.345215 0.7224756 0.6908213 -0.02599308 43.368896 0.048785612 -0.013454575 0.99871844 4.8323975
0.6834529 -0.7287538 -0.042450972 78.16162 0.7283557 0.684658 -0.027084406 44.23169 0.048806984 -0.012414553 0.998731 4.908081
0.6790038 -0.7329408 -0.04157136 78.96533 0.7324988 0.6801787 -0.027928703 45.09546 0.048740678 -0.011494959 0.9987447 4.9714355
0.6760921 -0.7357222 -0.040617343 79.74902 0.73521763 0.6772345 -0.029093875 45.980835 0.048906878 -0.0101911845 0.9987511 5.0357666
0.6712265 -0.74020326 -0.038890492 80.5542 0.739608 0.67230403 -0.030769333 46.87036 0.048918705 -0.008121306 0.99876904 5.100586
0.6682884 -0.7428559 -0.037094075 81.36499 0.74212754 0.66929644 -0.033303317 47.761475 0.04957346 -0.005279272 0.9987564 5.16687
0.66281337 -0.7478118 -0.03722154 82.16162 0.74683 0.6638528 -0.038381923 48.662354 0.05341797 -0.0023493692 0.99857014 5.2373047
0.658832 -0.7515089 -0.03485873 82.95215 0.7503173 0.6597511 -0.042333826 49.573242 0.05481708 0.0017381506 0.9984951 5.2910156
0.65289485 -0.7568713 -0.030156737 83.74365 0.75548536 0.6535479 -0.046393596 50.489502 0.054821122 0.007506742 0.9984678 5.3740234
0.6450196 -0.7637582 -0.026230546 84.543945 0.7621482 0.64542043 -0.051245283 51.416504 0.05607723 0.013057679 0.9983407 5.4483643
0.6379224 -0.76981926 -0.023047982 85.33325 0.7682362 0.63815725 -0.05163389 52.35132 0.05445361 0.015224905 0.9983996 5.522461
0.6278424 -0.7781279 -0.019850854 86.10132 0.7766574 0.62794423 -0.050506838 53.307617 0.051775377 0.01629553 0.998526 5.591675
0.6194348 -0.7848968 -0.01855272 86.86694 0.78343326 0.61948144 -0.050816447 54.28174 0.051368434 0.016937122 0.9985356 5.6741943
0.609731 -0.79235977 -0.020952085 87.620605 0.79084605 0.6099164 -0.051084362 55.25244 0.053250853 0.014587275 0.99847513 5.738159
0.5989103 -0.8007007 -0.019554948 88.35571 0.79905224 0.59899634 -0.054010086 56.24463 0.054944087 0.016724609 0.99834925 5.8125
0.5898633 -0.80731 -0.020614512 89.093506 0.8055678 0.5900041 -0.05539138 57.250244 0.056880023 0.016077753 0.99825215 5.8828125
0.5809263 -0.8138711 -0.016195605 89.83154 0.8121431 0.58081794 -0.056547966 58.261475 0.055425294 0.01970277 0.99826866 5.963135
0.56981087 -0.8216803 -0.013460073 90.54419 0.8199941 0.5695711 -0.056773182 59.29541 0.05431188 0.021319818 0.9982968 6.0407715
0.55848336 -0.82943237 -0.012543133 91.243164 0.8277486 0.5582123 -0.05700732 60.331787 0.05428648 0.02144787 0.9982946 6.114746
0.549256 -0.83554053 -0.01360195 91.93457 0.83378965 0.54904574 -0.05777761 61.379883 0.055747006 0.020391207 0.9982365 6.19104
0.53875834 -0.8425195 -0.014351781 92.6145 0.84070164 0.5385964 -0.058643892 62.44702 0.057127185 0.019510867 0.99817485 6.26709
0.5285867 -0.84883034 -0.015719645 93.278076 0.84691834 0.5285039 -0.059798043 63.51953 0.05906292 0.01828808 0.9980862 6.352051
0.51889104 -0.854744 -0.015636472 93.93872 0.8528557 0.51883143 -0.059415888 64.61597 0.05889955 0.017497303 0.99811065 6.43396
0.51034844 -0.85990983 -0.014377485 94.5874 0.8581498 0.51026654 -0.057568423 65.7063 0.05683464 0.017040312 0.99823797 6.512085
0.5029828 -0.86416036 -0.011772063 95.22485 0.86249 0.5027831 -0.05677691 66.80664 0.05499138 0.01841753 0.9983178 6.593506
0.4954969 -0.86857677 -0.010728993 95.86206 0.8669456 0.49526298 -0.056370944 67.924805 0.054273132 0.018625958 0.99835217 6.680298
0.4864133 -0.8736102 -0.009915223 96.48193 0.87180305 0.4860848 -0.059759073 69.045654 0.057041086 0.020429078 0.99816334 6.757202
0.48270363 -0.8756308 -0.007888292 97.10449 0.87367415 0.48219305 -0.06308063 70.15967 0.05904075 0.023562875 0.9979778 6.839966
0.47495008 -0.88002264 -0.008085312 97.72119 0.87785405 0.4743898 -0.06640087 71.28369 0.062266223 0.02443825 0.9977603 6.9230957
0.46967563 -0.88274014 -0.0071158153 98.32153 0.8803832 0.46898326 -0.069692366 72.41528 0.06485849 0.026471429 0.9975435 7.013672
0.46474788 -0.8855061 -0.0048525874 98.92407 0.8831814 0.4639121 -0.07008049 73.55322 0.06429873 0.02828078 0.9975297 7.0998535
0.4611171 -0.8873956 -0.0014385674 99.52197 0.8853127 0.46014473 -0.067754835 74.69409 0.060777817 0.02996589 0.99770117 7.1984863
0.45728895 -0.88927937 0.0044186423 100.10693 0.8874544 0.4560208 -0.06648846 75.83252 0.05710795 0.034320705 0.99777764 7.289551
0.4527701 -0.8915718 0.0057079154 100.68628 0.8898508 0.45147812 -0.06531821 76.95337 0.055661753 0.03464935 0.99784803 7.3754883
0.45027325 -0.89294624 0.0075667957 101.2522 0.8912628 0.4488673 -0.06575241 78.07764 0.055317223 0.03633853 0.99780667 7.463623
0.44961646 -0.8931555 0.0109921945 101.82251 0.8916904 0.44808942 -0.06408574 79.207275 0.052319694 0.038623806 0.99788374 7.5421143
0.44609112 -0.8949522 0.012978774 102.37549 0.89358926 0.44449085 -0.06348188 80.32861 0.051049355 0.039910115 0.997898 7.621826
0.44405177 -0.8958848 0.014674412 102.940674 0.89454585 0.4423362 -0.06428118 81.44385 0.051093806 0.04165417 0.9978238 7.7037354
0.4420892 -0.89689475 0.017033873 103.47803 0.89568913 0.44028723 -0.063548535 82.558105 0.04951227 0.04334296 0.997832 7.778076
0.43959177 -0.89797956 0.021311102 104.02295 0.8969556 0.4375779 -0.063700385 83.65698 0.047886908 0.047118533 0.9977407 7.854492
0.43909204 -0.8980097 0.025025697 104.562744 0.89717406 0.4369137 -0.06354756 84.747314 0.046110425 0.050370935 0.9976669 7.9277344
0.43653816 -0.8994122 0.025765335 105.08203 0.89864135 0.43436515 -0.062797025 85.826416 0.045273744 0.05056904 0.99769425 8.003662
0.43549648 -0.8998194 0.026595064 105.60278 0.8990083 0.43319845 -0.0645076 86.89404 0.04651573 0.0519851 0.99756306 8.071289
0.4354833 -0.8998802 0.026513804 106.11401 0.8989748 0.43308803 -0.066420145 87.96704 0.04828198 0.052756503 0.99743944 8.147827
0.43601635 -0.89963865 0.025261983 106.612305 0.89866984 0.43368217 -0.066410065 89.00635 0.048783556 0.051656462 0.99747264 8.219849
0.43856308 -0.8983762 0.023387816 107.10864 0.897334 0.4363321 -0.06610253 90.062256 0.04920071 0.049985938 0.9975377 8.291748
0.44108987 -0.89710957 0.020492034 107.60718 0.89596146 0.43902794 -0.065525785 91.08594 0.049805384 0.047274705 0.99763995 8.366699
0.44718608 -0.89424944 0.018883051 108.104004 0.8929621 0.44512478 -0.06706048 92.114746 0.051575422 0.046867155 0.9975698 8.437744
0.45503864 -0.8902961 0.016676843 108.60962 0.88898045 0.4531303 -0.065963484 93.11987 0.051179335 0.044840053 0.9976823 8.507935
0.4598097 -0.88793147 0.015821362 109.112305 0.8866336 0.4579787 -0.06507247 94.12549 0.050519973 0.043945715 0.99775577 8.577759
0.46787053 -0.8837451 0.014948476 109.62866 0.8825306 0.46616244 -0.0629437 95.12622 0.048666827 0.042634465 0.9979043 8.644531
0.47632736 -0.87912154 0.013966371 110.16455 0.8779005 0.47467285 -0.06255145 96.10986 0.048363823 0.04204491 0.9979438 8.71228
0.48670056 -0.8734811 0.012248377 110.68652 0.8722825 0.4851775 -0.060999908 97.08789 0.047348846 0.0403646 0.99806195 8.780273
0.49596018 -0.8681725 0.010916823 111.226074 0.86685306 0.494418 -0.06274988 98.06128 0.049074125 0.040587865 0.9979704 8.840088
0.50606215 -0.8623936 0.007342861 111.77368 0.86087984 0.504628 -0.06413021 99.01196 0.051602032 0.03877684 0.9979148 8.908447
0.5167753 -0.8560334 0.0032183276 112.3291 0.8544188 0.515562 -0.06344657 99.96167 0.052655276 0.035539784 0.99798036 8.9765625
0.53166837 -0.84711343 0.0004882766 112.90161 0.8455382 0.5306446 -0.061273396 100.89966 0.05162854 0.03298846 0.9981214 9.042725
0.54291683 -0.83967197 0.0001795832 113.48169 0.83820057 0.54195267 -0.059292097 101.80957 0.049694087 0.03234471 0.9982409 9.109497
0.5556439 -0.8313448 0.00016948208 114.08716 0.8299969 0.55473113 -0.057036873 102.74194 0.04732811 0.031836934 0.9983722 9.171753
0.5656783 -0.82465965 -6.522611e-05 114.69385 0.82336676 0.56479585 -0.05593147 103.63452 0.04615889 0.03158484 0.9984346 9.236938
0.576916 -0.8168426 -0.00075473543 115.308105 0.8155047 0.5760233 -0.056685254 104.51807 0.046739895 0.03208744 0.99839157 9.299316
0.58997416 -0.80741125 -0.0020556282 115.93408 0.8059973 0.58908784 -0.05771571 105.38965 0.047808446 0.032396622 0.9983312 9.362671
0.59983623 -0.8000663 -0.0012031134 116.56299 0.79862314 0.5988431 -0.05915334 106.23511 0.048054043 0.03452132 0.998248 9.424316
0.61018044 -0.79235023 -0.0029155284 117.2041 0.79088944 0.60927117 -0.05856447 107.066895 0.048173554 0.033425566 0.9982793 9.496094
0.62129146 -0.78357196 -0.0033282372 117.84863 0.78220814 0.62044984 -0.05649414 107.90112 0.04633456 0.03249738 0.99839735 9.555786
0.6310627 -0.7757612 -0.0011057279 118.4895 0.774594 0.6301902 -0.053950153 108.686035 0.0425509 0.033188246 0.99854285 9.612305
0.64126015 -0.76740956 -0.0012361165 119.153076 0.766335 0.64044523 -0.05190913 109.48804 0.040621843 0.032345537 0.99865127 9.671265
0.6496147 -0.76031363 -0.0036801049 119.79492 0.7591893 0.6489033 -0.05144362 110.26514 0.041492462 0.030623341 0.9986694 9.727905
0.6600822 -0.75111836 -0.0066332654 120.44409 0.7499421 0.65949726 -0.05080948 111.02246 0.042541824 0.028563064 0.9986863 9.783936
0.67061436 -0.7417336 -0.008126053 121.1189 0.74054843 0.67009306 -0.050214197 111.76929 0.04269384 0.027653575 0.99870515 9.837158
0.6781465 -0.7348564 -0.006808888 121.779785 0.7338342 0.6776409 -0.047259565 112.494385 0.039344143 0.02705339 0.99885947 9.890747
0.6877025 -0.72593594 -0.0048865275 122.45166 0.7250097 0.6871367 -0.046325937 113.21802 0.03698654 0.028317876 0.9989146 9.935547
0.69555795 -0.7184541 -0.0047207316 123.134766 0.7175485 0.69498396 -0.04605919 113.91699 0.0363677 0.028647374 0.9989276 9.997681
0.7021674 -0.7119775 -0.0058307964 123.79492 0.7110972 0.70166457 -0.044629537 114.606445 0.03587329 0.027190099 0.9989862 10.039795
0.7100163 -0.70413834 -0.00626533 124.48291 0.7033013 0.7095573 -0.043244436 115.286865 0.03488807 0.026297282 0.9990452 10.082886
0.71707654 -0.6971263 -0.005421882 125.15576 0.69643015 0.7166699 -0.03977806 115.947754 0.03160893 0.024745964 0.9991937 10.126343
0.72421795 -0.6897064 -0.004543342 125.83179 0.68911856 0.7238447 -0.037027705 116.61279 0.028825529 0.023680404 0.9993035 10.168701
0.73232275 -0.6809318 -0.003964346 126.52124 0.6803881 0.73194796 -0.03612238 117.24463 0.027497727 0.023758784 0.9993395 10.211548
0.73923707 -0.6733155 -0.004803287 127.18359 0.6728259 0.7389384 -0.033522148 117.86377 0.026125712 0.021550383 0.9994264 10.250244
0.7457049 -0.66625476 -0.0058781197 127.85425 0.66579527 0.74546957 -0.031587724 118.48096 0.025422616 0.019640252 0.9994838 10.279175
0.7553961 -0.6553192 -0.003906589 128.52905 0.65498424 0.7551769 -0.028020388 119.08203 0.021311674 0.01860844 0.99959964 10.317017
0.76404554 -0.6453336 -0.0029435493 129.19385 0.64508903 0.76386726 -0.024420518 119.64917 0.018006438 0.016760714 0.9996974 10.349365
0.7749792 -0.63214546 -0.003461327 129.87915 0.6319432 0.7748497 -0.021632157 120.21753 0.01635504 0.0145764 0.9997599 10.37854
0.78387403 -0.620806 -0.005052776 130.54688 0.6205872 0.7837718 -0.021384733 120.75171 0.017237535 0.0136275785 0.99975854 10.404907
0.79367995 -0.6081211 -0.007058703 131.22607 0.607888 0.79361707 -0.020813297 121.27539 0.018262826 0.012227722 0.9997584 10.433716
0.8034367 -0.5952228 -0.0070713023 131.91968 0.59499806 0.80337554 -0.020385407 121.79761 0.017820984 0.012170124 0.99976707 10.455444
0.81341714 -0.5817459 -0.0062209438 132.59521 0.58156043 0.81335795 -0.01873115 122.2937 0.015953928 0.011618968 0.9998052 10.479858
0.8232964 -0.5675196 -0.0040530604 133.31226 0.5673858 0.8232235 -0.01698522 122.7876 0.012976937 0.01168442 0.9998475 10.501099
0.8326163 -0.5537227 -0.0020618693 134.00488 0.5536268 0.8325314 -0.015866807 123.25879 0.0105028 0.012070038 0.999872 10.527222
0.8414072 -0.5403446 0.0004016962 134.72583 0.540297 0.841323 -0.013895411 123.72046 0.0071705673 0.011907826 0.9999034 10.542236
0.8490157 -0.5282412 0.0023220782 135.45996 0.52822274 0.84892845 -0.013153224 124.177246 0.0049784933 0.01239393 0.9999108 10.5546875
0.8560422 -0.5168793 0.0040979814 136.1648 0.5168839 0.85594314 -0.013472836 124.61719 0.0034564948 0.013652627 0.9999008 10.571777
0.86264086 -0.50577253 0.004663703 136.89697 0.50578874 0.86255366 -0.012478145 125.04541 0.002287779 0.0131231565 0.99991137 10.58374
0.8694609 -0.49394932 0.00469663 137.65747 0.49396917 0.8693888 -0.011299241 125.46997 0.0014993101 0.012144144 0.9999252 10.592651
0.87476915 -0.48446706 0.0039243344 138.39673 0.48448166 0.87472016 -0.009315516 125.88745 0.0010810457 0.010050239 0.9999489 10.599976
0.881634 -0.4718868 0.003789994 139.14551 0.47190183 0.88160074 -0.0076616686 126.302246 0.00027451105 0.008543242 0.9999635 10.604126
0.8868599 -0.46197534 0.003727052 139.91235 0.46198988 0.88682 -0.008426047 126.69824 0.00058788434 0.00919495 0.99995756 10.616699
0.89202553 -0.45196375 0.003214379 140.68579 0.45197323 0.89197946 -0.009154931 127.086914 0.0012703435 0.009619139 0.9999529 10.6258545
0.8966263 -0.44279733 0.0031557074 141.46533 0.44280612 0.89657533 -0.009667241 127.47217 0.0014509904 0.010065082 0.9999483 10.633911
0.899052 -0.43784675 0.003825916 142.2561 0.4378633 0.8990103 -0.008660981 127.85986 0.0003510404 0.009461838 0.9999552 10.639282
0.9022476 -0.43106666 0.0072641857 143.05444 0.431112 0.90223056 -0.0066554304 128.2461 -0.0036837186 0.009137126 0.9999515 10.64502
0.9057001 -0.42384356 0.009844349 143.8833 0.4238911 0.90572536 -0.0032971743 128.62793 -0.0075189713 0.007159557 0.9999461 10.643677
0.9087193 -0.417209 0.011971101 144.70117 0.41723773 0.9087849 0.0001025293 129.0249 -0.010921864 0.004902529 0.9999283 10.641968
0.9124658 -0.4089102 0.013052124 145.53369 0.4089142 0.9125539 0.002477795 129.40234 -0.012924153 0.003076919 0.9999117 10.642578
0.9147221 -0.4038258 0.014441858 146.37817 0.40380248 0.9148346 0.0046201097 129.78857 -0.01507749 0.0016063051 0.99988496 10.63269
0.9181547 -0.39578763 0.017649928 147.26099 0.395748 0.91832304 0.005832144 130.16699 -0.018516382 0.0016329093 0.99982715 10.623291
0.9217693 -0.3872409 0.019934528 148.13159 0.38720512 0.9219818 0.005777601 130.55542 -0.02061636 0.0023953468 0.9997844 10.615601
0.92418844 -0.38137785 0.021065606 149.0476 0.38135934 0.92442256 0.0050441017 130.9143 -0.02139698 0.003373798 0.99976516 10.604248
0.92775303 -0.37260723 0.021132488 149.94019 0.3725992 0.9279862 0.0044625257 131.29028 -0.02127341 0.0037342818 0.99976665 10.574951
0.93199223 -0.3618019 0.021754403 150.88086 0.36183986 0.9322285 0.0023027183 131.64307 -0.021114184 0.005724759 0.9997606 10.57312
0.935559 -0.3524517 0.021124398 151.82275 0.35251862 0.935772 0.0005905065 132.00098 -0.019976346 0.0068959687 0.99977666 10.554443
0.93963397 -0.3415879 0.019717865 152.78174 0.34164944 0.9398183 0.00026399316 132.35205 -0.018621117 0.0064878706 0.99980557 10.543457
0.944585 -0.32780448 0.018436806 153.74731 0.32782033 0.94475687 0.002240925 132.7024 -0.01815254 0.0039264597 0.99982744 10.526001
0.9497903 -0.3123066 0.01894165 154.73682 0.31225163 0.94997907 0.005870251 133.04932 -0.01982753 0.00033843052 0.99980336 10.509766
0.9558742 -0.29294032 0.020726731 155.76929 0.29280066 0.95609385 0.009546425 133.35693 -0.022614632 -0.0030548712 0.9997396 10.486206
0.9616367 -0.27348727 0.021878196 156.76733 0.27325442 0.9618628 0.013066687 133.66333 -0.02461666 -0.0065895566 0.9996754 10.46521
0.9678275 -0.25057167 0.023184039 157.83643 0.25027683 0.96806675 0.014892081 133.94556 -0.026175056 -0.008611526 0.9996204 10.457642
0.972705 -0.23080029 0.023880243 158.89038 0.23045978 0.97294426 0.016177334 134.21533 -0.026968546 -0.010231068 0.99958384 10.425415
0.9778131 -0.20768724 0.027537143 159.97388 0.20726922 0.9781368 0.017282851 134.44995 -0.030523827 -0.0111917015 0.99947125 10.411621
0.9821233 -0.18575071 0.030435402 161.07764 0.18522532 0.9825047 0.019283954 134.67041 -0.03348486 -0.013301609 0.9993508 10.375488
0.9859784 -0.16314612 0.03504373 162.2146 0.16246663 0.9864802 0.021454798 134.86499 -0.038069166 -0.0154587785 0.9991553 10.3532715
0.98930526 -0.14062211 0.038647488 163.33423 0.13980988 0.9899078 0.02298583 135.04053 -0.04149063 -0.017336031 0.9989886 10.307861
0.9922293 -0.118329436 0.038498305 164.48047 0.117426194 0.9927698 0.024947086 135.19458 -0.041170835 -0.02023277 0.9989473 10.276367
0.9946525 -0.096317634 0.037295967 165.64038 0.095451966 0.9951376 0.024333486 135.3186 -0.03945826 -0.020643227 0.9990077 10.234375
0.99652094 -0.074534364 0.03731391 166.80737 0.07359022 0.99694806 0.026081271 135.40063 -0.039143443 -0.023245627 0.99896383 10.188599
0.997679 -0.055848178 0.038938366 168.0149 0.054992676 0.9982281 0.02270537 135.48975 -0.040137626 -0.020510815 0.99898356 10.152344
0.99859565 -0.032734547 0.041658692 169.22534 0.031782318 0.9992227 0.023322642 135.53394 -0.042389713 -0.021965977 0.9988599 10.112427
0.9989963 -0.01356214 0.042686228 170.43066 0.012521918 0.99962044 0.024540806 135.56934 -0.043002848 -0.023981621 0.9987869 10.066284
0.9990194 0.006501123 0.04379844 171.64746 -0.0076387995 0.9996364 0.02586331 135.58105 -0.043614384 -0.026172493 0.9987058 10.025024
0.9985606 0.02889858 0.045193233 172.91187 -0.0301311 0.99918574 0.026840953 135.56006 -0.044380937 -0.028163698 0.9986181 9.970459
0.99786246 0.04753993 0.044837676 174.13916 -0.048847347 0.9983982 0.028532496 135.5144 -0.043409143 -0.030661674 0.9985871 9.923584
0.99678326 0.06636268 0.044910505 175.40747 -0.06769393 0.99728906 0.0288006 135.44116 -0.04287686 -0.031748667 0.9985759 9.880005
0.9951002 0.08897974 0.04312758 176.69385 -0.09030206 0.99547106 0.029746683 135.35352 -0.04028585 -0.03349503 0.99862665 9.829346
0.9934857 0.10610263 0.041583776 177.94653 -0.1074504 0.9937072 0.03163956 135.23315 -0.037965316 -0.035901085 0.9986341 9.785645
0.99137574 0.124656305 0.040489785 179.25342 -0.12601958 0.9914791 0.033066735 135.0857 -0.036023963 -0.0378833 0.9986327 9.743164
0.9887362 0.14474541 0.038053066 180.5625 -0.14600727 0.98874056 0.032768622 134.9104 -0.032882333 -0.037957147 0.99873817 9.707642
0.98606443 0.162914 0.03353227 181.88159 -0.16406013 0.98582906 0.03484028 134.7146 -0.027379151 -0.03985769 0.9988299 9.665039
0.98268896 0.18311079 0.028071677 183.22314 -0.18408702 0.98219645 0.03738017 134.48682 -0.020725964 -0.04190158 0.99890643 9.642944
0.97981143 0.19848248 0.024056448 184.49976 -0.1993278 0.9791095 0.040222276 134.23755 -0.015571613 -0.044205356 0.9989012 9.611938
0.9761273 0.21617429 0.021051235 185.85083 -0.21689594 0.9752859 0.04210942 133.95728 -0.011429247 -0.045670282 0.9988914 9.604736
0.97148377 0.23629723 0.019433301 187.21826 -0.23694582 0.970512 0.044243935 133.64746 -0.008403733 -0.047586095 0.99883145 9.602905
0.9679765 0.25023684 0.019868113 188.54175 -0.25089687 0.9669724 0.04479514 133.32251 -0.00800044 -0.04834618 0.99879825 9.593018
0.96286476 0.26932573 0.019026743 189.88745 -0.26991284 0.9619317 0.042919654 132.95215 -0.006744394 -0.046461675 0.9988974 9.600586
0.9575127 0.28794158 0.014991765 191.24194 -0.28832582 0.9565269 0.04348406 132.55713 -0.0018180523 -0.04596052 0.99894184 9.602295
0.9531249 0.30236724 0.011830353 192.58252 -0.30258808 0.9520375 0.045587026 132.16064 0.0025203158 -0.047029335 0.9988903 9.604858
0.94727176 0.3202481 0.012620263 193.9414 -0.3204829 0.9461301 0.04658903 131.70264 0.0029766206 -0.048176344 0.99883443 9.61731
0.94086796 0.33850282 0.012996872 195.31787 -0.33872437 0.9396062 0.048916243 131.24438 0.004344226 -0.050427362 0.9987188 9.632202
0.93467706 0.35528854 0.011698712 196.65503 -0.3553955 0.93322355 0.052684955 130.75903 0.0078027304 -0.053401235 0.99854255 9.639404
0.9272891 0.37427682 0.0091023045 198.00806 -0.37420923 0.925823 0.053398766 130.23682 0.011553982 -0.052923277 0.9985321 9.673828
0.9199371 0.3920212 0.0070734443 199.39746 -0.3918025 0.9184396 0.05453469 129.65942 0.014881849 -0.05293963 0.9984867 9.69873
0.91210294 0.40986374 0.0024187565 200.76099 -0.40936434 0.91066736 0.0550644 129.0603 0.020370035 -0.05121403 0.99847996 9.733276
0.90217024 0.4314162 -0.0006399108 202.10107 -0.43063444 0.900623 0.058861732 128.45288 0.025964487 -0.052827407 0.9982664 9.774536
0.8931406 0.4497765 -0.0017730827 203.39795 -0.4488076 0.89146245 0.062202856 127.84595 0.029555164 -0.05475859 0.9980622 9.825684
0.8800534 0.47485712 -0.0016501653 204.7522 -0.47375768 0.8782407 0.0650746 127.128174 0.032345317 -0.05649342 0.99788 9.87854
0.8660322 0.5001312 -0.00061746733 206.07593 -0.49891162 0.86400485 0.06873729 126.39844 0.034903683 -0.059218563 0.9976342 9.937622
0.85256225 0.52265817 0.00043448684 207.34766 -0.52129465 0.8502766 0.07289945 125.68652 0.037736133 -0.062379826 0.9973384 9.995605
0.8364836 0.5479961 0.00072167726 208.62793 -0.54644364 0.83401465 0.0763117 124.88916 0.041217264 -0.06422257 0.99708337 10.07312
0.8192895 0.57329315 0.0005968206 209.93286 -0.57161313 0.8168071 0.077365965 124.03027 0.04387498 -0.06373208 0.9970024 10.14856
0.8036864 0.59504485 0.00025009929 211.21191 -0.59321845 0.8011855 0.07865164 123.109375 0.046595354 -0.063367754 0.9969032 10.228638
0.78562236 0.61869323 -0.001972807 212.45435 -0.6165547 0.783164 0.080638394 122.16748 0.051435266 -0.062135 0.99674153 10.317993
0.7694114 0.63884133 -0.0046114754 213.64233 -0.6363621 0.7670222 0.082802854 121.24194 0.056414843 -0.060781904 0.9965569 10.411499
0.7528029 0.6580654 -0.00637647 214.7898 -0.65531623 0.75047797 0.08452762 120.291016 0.060431957 -0.059449557 0.99639946 10.503296
0.73545355 0.67740804 -0.0078007216 215.94702 -0.67441493 0.7331969 0.086155474 119.254395 0.064088665 -0.058100183 0.9962514 10.616089
0.7163071 0.6977772 -0.0077348994 217.10205 -0.6947066 0.71411383 0.086432934 118.1543 0.06583923 -0.056531727 0.9962264 10.726685
0.7017536 0.71244085 -0.008664735 218.25977 -0.7092516 0.6996682 0.08677124 117.069824 0.06788263 -0.05473915 0.99618936 10.842529
0.6854548 0.7279648 -0.010149101 219.29785 -0.72458726 0.68349624 0.08769713 115.96582 0.07078623 -0.0527648 0.9960957 10.969849
0.6712426 0.7410843 -0.012786724 220.33228 -0.7374562 0.6694891 0.08877687 114.871826 0.0743449 -0.050158076 0.9959703 11.0876465
0.6558903 0.7545621 -0.015240536 221.36475 -0.75057876 0.65427184 0.091369286 113.74219 0.07893523 -0.048497867 0.99570036 11.213623
0.64069986 0.7677019 -0.015890013 222.36938 -0.7635058 0.6391269 0.09320795 112.56348 0.08171544 -0.047586452 0.9955187 11.346802
0.6244219 0.78099 -0.015412263 223.38062 -0.77673894 0.6228734 0.09376947 111.370605 0.08281729 -0.0465856 0.99547577 11.489136
0.6078817 0.79379267 -0.012752567 224.35156 -0.78955597 0.606158 0.094691694 110.1416 0.082901105 -0.047499735 0.99542606 11.629761
0.5908403 0.80685234 -0.008432249 225.28125 -0.80270356 0.5888026 0.09564022 108.94458 0.082139 -0.049724698 0.9953778 11.769165
0.57190895 0.82031786 -0.003014749 226.20166 -0.8163631 0.5695048 0.09607147 107.701904 0.080508366 -0.05249161 0.9953718 11.908081
0.5538239 0.8325752 0.00058590557 227.07983 -0.8286577 0.5511515 0.09726977 106.44556 0.08066197 -0.054343868 0.9952578 12.057983
0.5364549 0.84388345 0.0030333993 227.93408 -0.83976316 0.533473 0.10066656 105.17993 0.08335447 -0.056549106 0.99491394 12.205688
0.51805633 0.85547584 0.006272727 228.7168 -0.8511973 0.5147034 0.10393166 103.9458 0.085667826 -0.05917271 0.99456424 12.349609
0.49988094 0.86591184 0.009571968 229.4873 -0.861741 0.4963228 0.10413723 102.6687 0.085429266 -0.060307045 0.9945177 12.501465
0.47619918 0.8791538 0.01299146 230.24097 -0.87524104 0.47256833 0.10237452 101.36548 0.08386042 -0.060120247 0.9946622 12.653687
0.45879865 0.88840777 0.016135544 230.89893 -0.8848074 0.45512488 0.100018606 100.127686 0.08149293 -0.060155846 0.9948562 12.788452
0.43809113 0.89865994 0.021017963 231.56958 -0.89542115 0.43421626 0.0981481 98.83154 0.0790797 -0.061823167 0.9949497 12.931641
0.41161796 0.91098976 0.021751266 232.20996 -0.90780693 0.40787315 0.09661639 97.510254 0.07914473 -0.059532028 0.99508524 13.072754
0.3947516 0.9185131 0.024091404 232.77637 -0.9154224 0.39089778 0.09631502 96.242676 0.07903698 -0.060070403 0.99505985 13.209473
0.3705515 0.9284159 0.023567233 233.3313 -0.9252483 0.36685833 0.095682666 94.94141 0.080185086 -0.0572843 0.9951343 13.335205
0.34750593 0.9374271 0.022514068 233.84033 -0.9341273 0.34399 0.09545747 93.63452 0.08174457 -0.054195896 0.995178 13.479858
0.32752287 0.94458145 0.022723343 234.30566 -0.9413069 0.32411692 0.09439893 92.37109 0.081797935 -0.052303966 0.99527514 13.608643
0.3049107 0.9522133 0.021780267 234.75464 -0.94892865 0.30173266 0.09297104 91.051025 0.08195482 -0.048997167 0.9954296 13.7438965
0.28428784 0.9585582 0.021700902 235.15503 -0.95525295 0.28121814 0.092367776 89.76074 0.082415 -0.046971284 0.99548924 13.876709
0.2651466 0.9639423 0.023982836 235.54053 -0.96028477 0.26172307 0.09703445 88.500244 0.08728764 -0.048776478 0.9949903 14.008667
0.24377815 0.9694897 0.02585943 235.8999 -0.9650345 0.23983604 0.10578615 87.22046 0.09636822 -0.050731614 0.9940512 14.14502
0.22701888 0.97351354 0.027839396 236.21167 -0.968348 0.2225794 0.113138035 85.95972 0.10394266 -0.052632377 0.99318886 14.292236
0.206028 0.9780526 0.032953475 236.5044 -0.9726581 0.20095061 0.11694578 84.70215 0.107749194 -0.056152944 0.99259186 14.44873
0.18480305 0.98208344 0.036962684 236.78516 -0.97669846 0.1793561 0.11789877 83.44043 0.109117806 -0.057879105 0.9923406 14.596436
0.16776377 0.984861 0.0421541 237.0122 -0.9797117 0.16185303 0.11763997 82.203125 0.10904011 -0.06101945 0.99216104 14.75415
0.14622413 0.988204 0.04657648 237.24365 -0.98333466 0.14001781 0.11636113 80.94678 0.10848408 -0.06279438 0.9921117 14.914673
0.12680195 0.99079156 0.047828835 237.4126 -0.98602694 0.12063925 0.1150261 79.70996 0.108195916 -0.06174588 0.9922103 15.062988
