1.0 0.0 0.0 0.0 0.0 1.0 0.0 0.0 0.0 0.0 1.0 0.0
-0.14716792 -0.9891014 -9.5974654e-05 4.741211 0.9880924 -0.14701319 -0.04518783 0.47253418 0.044660103 -0.0067328066 0.9989792 -0.017578125
-0.49958205 -0.8657809 -0.0028544252 4.539551 0.8649537 -0.4989541 -0.045467965 5.5860596 0.037935548 -0.025212 0.99896127 0.10217285
-0.88414055 -0.4665023 0.009627116 3.086914 0.46563548 -0.8834483 -0.046078637 9.952759 0.03001164 -0.03629552 0.9988905 0.1899414
-0.86866534 -0.49455288 0.012720572 -0.16711426 0.49320915 -0.8677361 -0.055708613 12.146851 0.03857341 -0.042128053 0.9983663 0.43701172
-0.97757393 -0.20560282 0.028256424 -3.222168 0.20426771 -0.97727096 -0.04401888 14.109985 0.03666674 -0.037280243 0.998631 0.446167
-0.99720776 -0.05474133 0.028825631 -6.5672607 0.053631596 -0.99696285 -0.037948117 14.841797 0.030837648 -0.036319047 0.9988635 0.46142578
-0.99882066 0.01159757 0.028381579 -9.935791 -0.012791534 -0.9983171 -0.042225342 15.099121 0.027880318 -0.042572666 0.99870414 0.6245117
-0.9997309 0.04349948 0.023151005 -12.771118 -0.04448471 -0.99898994 -0.043935344 15.333862 0.021187432 -0.044891033 0.99876726 0.6530762
-0.9995729 0.0066991285 0.0154459365 -15.422363 -0.0074009304 -0.9986367 -0.045817807 15.723511 0.01512734 -0.045933414 0.99883 0.75805664
-1.0001407 0.0012855389 0.006332415 -17.71167 -0.0015276538 -0.99942374 -0.03838142 16.413818 0.00627868 -0.038389962 0.99924326 0.8076172
-0.9991022 0.00815972 0.0033752562 -19.142456 -0.008270133 -0.99852496 -0.034099936 16.934692 0.0030935693 -0.034122646 0.9994126 0.8574219
-0.98264194 -0.1784007 -0.002406382 -19.57312 0.17838807 -0.98215103 -0.031231927 16.949097 0.0032082852 -0.03116092 0.999509 0.85498047
-0.99406826 -0.107026376 -0.0065944334 -19.668335 0.10718776 -0.99351305 -0.033358306 17.075073 -0.0029786732 -0.033858627 0.9994219 0.8638916
-0.9555205 -0.29491597 -0.01231133 -20.129395 0.29514718 -0.9551565 -0.026659165 17.236572 -0.0038963668 -0.02910519 0.9995688 0.8729248
-0.9740667 -0.22911838 -0.013699253 -20.184692 0.22939691 -0.9737921 -0.024398722 17.304443 -0.0077460837 -0.026867697 0.99960893 0.8787842
-0.92160046 -0.38912162 -0.016097248 -20.593872 0.38936684 -0.9214829 -0.016872872 17.537842 -0.008267084 -0.021809887 0.9997281 0.8826904
-0.9394354 -0.34178162 -0.0142832715 -20.793945 0.34199223 -0.93932116 -0.01657619 17.597778 -0.0077624787 -0.020471275 0.9997605 0.87609863
-0.8673917 -0.49624428 -0.016919766 -21.23999 0.49645072 -0.8673632 -0.011426061 17.921143 -0.009006906 -0.018312685 0.9997917 0.8890381
-0.89478976 -0.44519073 -0.01862769 -21.45996 0.44546205 -0.89473283 -0.01439473 18.010376 -0.010261998 -0.02119226 0.9997229 0.86987305
-0.8079012 -0.58899266 -0.021299813 -21.860596 0.5892832 -0.8078909 -0.011305848 18.411987 -0.010548679 -0.021688603 0.9997093 0.88256836
-0.8456363 -0.533638 -0.02139893 -22.131714 0.5339452 -0.8456198 -0.012560772 18.511475 -0.011380548 -0.022039909 0.9996923 0.8673096
-0.75125456 -0.6604817 -0.02421308 -22.51648 0.6607917 -0.75133556 -0.007412607 19.019897 -0.0132845435 -0.021548819 0.99967957 0.883667
-0.7932756 -0.60845965 -0.023843555 -22.79541 0.6087993 -0.7933018 -0.010635136 19.052979 -0.012437411 -0.022935983 0.9996594 0.86499023
-0.6913567 -0.72159576 -0.02397866 -23.155518 0.72190505 -0.6914111 -0.007284604 19.696411 -0.0113254525 -0.022337757 0.9996861 0.87719727
-0.7399444 -0.67153484 -0.019139268 -23.521484 0.67175794 -0.73993516 -0.008963607 19.747803 -0.008155791 -0.01949448 0.9997767 0.86364746
-0.64068735 -0.76845926 -0.015411491 -23.901245 0.76860636 -0.6406406 -0.008449298 20.56665 -0.0033749272 -0.017243948 0.9998455 0.86206055
-0.644913 -0.7647974 -0.012486387 -24.361084 0.76489764 -0.6448599 -0.008423942 20.781738 -0.0016064841 -0.01498362 0.9998864 0.8602295
-0.5911042 -0.80657315 -0.011656544 -24.49121 0.8066573 -0.59104896 -0.008100208 21.443726 -0.00035807758 -0.014189966 0.9998992 0.8658447
-0.58826476 -0.80888367 -0.010617183 -25.074585 0.80895305 -0.5882255 -0.0068270504 21.79248 -0.0007193134 -0.01260143 0.99992025 0.85998535
-0.57623845 -0.817154 -0.009433869 -25.276001 0.8172078 -0.5762151 -0.005301459 22.461548 -0.0011036494 -0.010768889 0.9999413 0.87109375
-0.569194 -0.8228144 -0.012166277 -25.76184 0.82289493 -0.5691959 -0.0036242316 22.937012 -0.003930319 -0.012069581 0.99991935 0.85961914
-0.5586259 -0.8289483 -0.01392726 -26.064697 0.8290439 -0.5586534 -0.0021861428 23.609741 -0.005979652 -0.012771533 0.9999004 0.8614502
-0.5477303 -0.83696246 -0.016465034 -26.544922 0.8370836 -0.547792 -0.0008888114 24.134766 -0.008271131 -0.014268529 0.9998639 0.8585205
-0.5396507 -0.8418474 -0.017417286 -26.856934 0.84197026 -0.5397398 0.00050127227 24.831055 -0.0098229395 -0.014393302 0.99984807 0.85717773
-0.52633196 -0.8504302 -0.019082801 -27.33435 0.8505584 -0.5264653 0.0024144594 25.434082 -0.012090323 -0.014967224 0.99981487 0.85180664
-0.5196814 -0.8545288 -0.0194727 -27.692505 0.8546486 -0.51983666 0.0036255596 26.136475 -0.013214904 -0.01476079 0.9998037 0.84924316
-0.5092056 -0.86054265 -0.021621054 -28.125 0.8606518 -0.509437 0.006645273 26.811768 -0.016732058 -0.015228446 0.99974406 0.8446045
-0.49735752 -0.86657006 -0.024818487 -28.48352 0.86666864 -0.4977027 0.010071041 27.52539 -0.021105923 -0.016498772 0.99964094 0.8372803
-0.48553598 -0.8739998 -0.02698686 -28.9281 0.8740495 -0.4859956 0.013985911 28.232422 -0.025346017 -0.016808169 0.9995377 0.8288574
-0.4751402 -0.8789426 -0.028907966 -29.299927 0.87897915 -0.47568396 0.015926857 28.953247 -0.02776544 -0.017823592 0.999455 0.8243408
-0.46198285 -0.8863798 -0.028219972 -29.69751 0.88639915 -0.4625152 0.016406566 29.690918 -0.027589792 -0.017420784 0.99946713 0.8095703
-0.4492534 -0.892562 -0.027766258 -30.058716 0.8926142 -0.44975114 0.015154013 30.427856 -0.026021164 -0.017967701 0.9994995 0.8013916
-0.43378985 -0.90041816 -0.02756064 -30.43042 0.9004746 -0.43428168 0.015181083 31.177246 -0.025639424 -0.018221378 0.9995049 0.795166
-0.41297424 -0.91003025 -0.02786708 -30.790527 0.9101531 -0.41343352 0.013178328 31.951782 -0.023531009 -0.019926913 0.99952453 0.7854004
-0.39021206 -0.92019784 -0.030816779 -31.109497 0.92042166 -0.3907126 0.012112767 32.713623 -0.02318909 -0.023631621 0.9994516 0.7758789
-0.36361626 -0.93106425 -0.03164724 -31.423096 0.93134797 -0.3641007 0.010994474 33.494995 -0.02175754 -0.025474882 0.99943864 0.76708984
-0.3298973 -0.94327915 -0.033172905 -31.715088 0.943625 -0.33039895 0.010818161 34.30664 -0.021181436 -0.027737908 0.9993908 0.7591553
-0.29918242 -0.9536962 -0.031772763 -31.955566 0.9540151 -0.29964975 0.011023388 35.108765 -0.02003612 -0.027012667 0.9994343 0.75598145
-0.2665272 -0.9633719 -0.031291466 -32.21997 0.9637204 -0.2669337 0.009550328 35.94922 -0.017549694 -0.027621284 0.9994646 0.7553711
-0.23487134 -0.9715914 -0.031172303 -32.39795 0.97196466 -0.23523773 0.008609586 36.778564 -0.015690368 -0.028277032 0.999477 0.7564697
-0.20404361 -0.9784179 -0.031509213 -32.591675 0.9788686 -0.2042717 0.004161177 37.61316 -0.010511068 -0.029993232 0.9994948 0.7475586
-0.17001423 -0.98507404 -0.027183859 -32.734985 0.98543215 -0.17010784 0.0011466024 38.494873 -0.0057504615 -0.026582494 0.99963 0.75427246
-0.13962804 -0.98998505 -0.020923609 -32.847534 0.9902058 -0.13961515 -0.002082524 39.314575 -0.0008637626 -0.021007929 0.9997788 0.7628174
-0.109583855 -0.99385244 -0.012765335 -32.935913 0.99392456 -0.10951652 -0.0058660675 40.196655 0.004430257 -0.0133312885 0.9999013 0.7709961
-0.081203096 -0.9966496 -0.0070307394 -32.981323 0.99662316 -0.0811255 -0.010695668 41.049316 0.010091641 -0.007880149 0.99991804 0.788208
-0.052478198 -0.9986105 0.002001396 -33.020752 0.9985238 -0.05250013 -0.013225364 41.917236 0.013309458 0.0013016551 0.9999106 0.8054199
-0.024002189 -0.9996756 0.00899462 -33.03723 0.99947 -0.024194956 -0.02197636 42.779663 0.022178892 0.008468403 0.9997182 0.8312988
0.002809165 -0.99989706 0.014144365 -33.027344 0.9993505 0.002298421 -0.03598606 43.619995 0.035958767 0.014234863 0.999252 0.86486816
0.027127441 -0.999522 0.014594084 -33.00171 0.998198 0.026304426 -0.05387669 44.45044 0.05347211 0.01604409 0.9984411 0.9082031
0.05627328 -0.9983424 0.012481546 -32.9635 0.9960011 0.0552616 -0.07026462 45.29834 0.06948041 0.016394822 0.99744964 0.95666504
0.083259106 -0.99643993 0.0140878 -32.890503 0.9934057 0.08186925 -0.08040984 46.122314 0.07896081 0.020686034 0.99666274 1.0203857
0.11075934 -0.99373484 0.016176626 -32.803345 0.99040705 0.1090011 -0.08512684 46.98181 0.08286717 0.025438415 0.9962363 1.0975342
0.1335547 -0.9909248 0.017672136 -32.68567 0.9877754 0.1316331 -0.08396111 47.801147 0.08088307 0.02864295 0.9963107 1.1744385
0.15320951 -0.9879425 0.021400476 -32.566406 0.9853762 0.15111035 -0.07849266 48.65625 0.074326254 0.033122588 0.9966845 1.2557373
0.17574418 -0.98404557 0.028648693 -32.405884 0.98207664 0.1732199 -0.07463974 49.477295 0.06848356 0.04123968 0.9967988 1.3240967
0.19113185 -0.9810603 0.032440003 -32.246582 0.97935116 0.18835615 -0.073867515 50.30005 0.066356726 0.04588966 0.9967403 1.3962402
0.20268232 -0.9787285 0.034996614 -32.080444 0.9769412 0.1995457 -0.07733552 51.11621 0.06871123 0.049862728 0.9963899 1.4622803
0.21231544 -0.97654456 0.03483952 -31.896973 0.97456586 0.20901503 -0.08040523 51.918457 0.07126312 0.051035695 0.99615186 1.5316162
0.223538 -0.974425 0.027501207 -31.734741 0.9719778 0.22064956 -0.082459 52.705566 0.07427575 0.045139603 0.9962142 1.6030273
0.23785734 -0.9709601 0.025935497 -31.552002 0.9686493 0.23514837 -0.08022409 53.496338 0.07179576 0.04420331 0.99643934 1.6678467
0.24615611 -0.9687765 0.02747345 -31.351196 0.9665455 0.24330854 -0.08044353 54.29297 0.07122931 0.046381675 0.99638253 1.7352295
0.2550251 -0.9665226 0.029797312 -31.140137 0.96422374 0.25184852 -0.083278336 55.083008 0.07301235 0.049980547 0.9960789 1.8067627
0.25846535 -0.96549475 0.029917846 -30.927246 0.9629541 0.25509652 -0.08675932 55.88867 0.07613585 0.051250886 0.99578047 1.8699951
0.25837952 -0.9657334 0.02791199 -30.700073 0.9629376 0.25506732 -0.088712156 56.703857 0.0785488 0.049785435 0.99566543 1.939331
0.25377598 -0.9666285 0.031706564 -30.477417 0.9640095 0.25017673 -0.0887603 57.56201 0.07787419 0.053112373 0.99554867 2.0109863
0.24904843 -0.96803546 0.029750638 -30.271118 0.9654174 0.24569486 -0.087229505 58.411377 0.0771119 0.050455328 0.99574536 2.088501
0.24076551 -0.97019374 0.028063433 -30.039673 0.9675093 0.2375899 -0.08664168 59.296387 0.07742964 0.048028737 0.99584186 2.164795
0.23120886 -0.97256213 0.02656541 -29.842651 0.96975106 0.22816193 -0.086974956 60.194336 0.078558825 0.04588982 0.9958543 2.2368164
0.22517379 -0.9741157 0.024809027 -29.651245 0.9712453 0.22230887 -0.08649298 61.096924 0.07870851 0.043556005 0.99594444 2.3129883
0.21905513 -0.9755334 0.020329736 -29.43396 0.97256255 0.21661372 -0.08523206 62.046387 0.07871829 0.03842572 0.9961545 2.3961182
0.21660256 -0.97614545 0.015125966 -29.235352 0.9731837 0.21466313 -0.082690015 62.976562 0.077484906 0.03263479 0.9964598 2.4683838
0.21711512 -0.97615206 0.012452442 -29.027954 0.97320396 0.21542054 -0.081444554 63.94458 0.0768153 0.029790835 0.9965996 2.5541992
0.21764517 -0.9759395 0.01094907 -28.81372 0.9729893 0.2160825 -0.080923185 64.918945 0.07657329 0.02824022 0.9966615 2.637207
0.2189073 -0.9756712 0.011175214 -28.600586 0.9728111 0.21735084 -0.07986375 65.90674 0.075484455 0.028363258 0.9967439 2.7200928
0.21710686 -0.9761524 0.010820101 -28.387573 0.9732887 0.21558715 -0.07972847 66.91797 0.07547951 0.027827404 0.9967581 2.8011475
0.21713318 -0.97601664 0.010908529 -28.16565 0.9732218 0.21562892 -0.07887942 67.93164 0.07463139 0.02777633 0.9968261 2.8850098
0.21712758 -0.9760685 0.010567771 -27.946045 0.9732805 0.21565586 -0.078621805 68.94751 0.07447745 0.027347934 0.9968474 2.9746094
0.2171269 -0.9760312 0.008958732 -27.726685 0.97334635 0.21582536 -0.07667811 69.98511 0.072909296 0.025383605 0.99701613 3.0615234
0.22010191 -0.9755687 0.008027004 -27.50476 0.9728341 0.21885142 -0.07705644 71.00708 0.0734187 0.024741095 0.9969928 3.1552734
0.21705623 -0.97613525 0.0059898146 -27.299927 0.97345304 0.21599513 -0.0756688 72.015625 0.07256851 0.022263035 0.9971152 3.2452393
0.21405454 -0.976862 0.0057243966 -27.067749 0.974251 0.21304655 -0.07453355 73.05322 0.07158987 0.021502793 0.9972008 3.331543
0.21234195 -0.9771335 0.005998401 -26.844849 0.9747284 0.21137862 -0.07167863 74.08057 0.0687902 0.021068353 0.9974089 3.4248047
0.20940861 -0.97782177 0.00810774 -26.60913 0.9755518 0.20833997 -0.07032152 75.08569 0.06707018 0.022617683 0.9974909 3.5014648
0.20701666 -0.97836125 0.007173265 -26.406006 0.9760836 0.20601952 -0.07009572 76.11377 0.067121424 0.021517286 0.9975135 3.5943604
0.2045742 -0.97887504 0.008031737 -26.197632 0.976623 0.20352997 -0.0699671 77.12402 0.066835634 0.022159098 0.9975177 3.6745605
0.20217441 -0.9793705 0.008082481 -25.989014 0.9770496 0.20111047 -0.07093364 78.14136 0.06785378 0.02221003 0.99744684 3.7559814
0.20268145 -0.9792319 0.0069879186 -25.772705 0.976806 0.20166504 -0.072135665 79.149414 0.069230326 0.021432461 0.99736977 3.8450928
0.2055992 -0.97859335 0.004546295 -25.552734 0.9759949 0.20470981 -0.073921785 80.14746 0.07141374 0.019634526 0.99725354 3.9350586
0.2103161 -0.97775036 0.0025295736 -25.348267 0.97498405 0.20952581 -0.07574383 81.1333 0.073527135 0.018372346 0.9971229 4.0178223
0.21757323 -0.97602576 0.003452986 -25.133911 0.9733903 0.2167239 -0.07428738 82.13989 0.07174785 0.01951156 0.99723107 4.0963135
0.22258756 -0.9749049 0.0068163667 -24.897827 0.97262275 0.22157466 -0.07029222 83.14502 0.06702061 0.022281446 0.9975032 4.192505
0.22910997 -0.9734049 0.004446884 -24.68396 0.9711527 0.2282639 -0.06919671 84.110596 0.066325 0.020179417 0.997594 4.269287
0.23449531 -0.97217387 0.0049246973 -24.454346 0.9698 0.23356128 -0.071213104 85.10034 0.06808456 0.021480402 0.9974487 4.3548584
0.23973596 -0.97074467 0.005116898 -24.220581 0.9681713 0.23871034 -0.07419685 86.07446 0.07081012 0.022721905 0.9972298 4.435425
0.24616437 -0.9692452 0.003139038 -23.99353 0.96662563 0.24525893 -0.074350886 87.03345 0.07127238 0.02133974 0.9972283 4.5177
0.2490012 -0.9685194 0.00056895264 -23.745483 0.96576136 0.24824882 -0.07555285 88.01343 0.073027134 0.019344406 0.9971411 4.6087646
0.2532031 -0.9674848 0.0013847954 -23.504639 0.9647948 0.2523907 -0.07488898 88.970215 0.07212237 0.020302778 0.9971899 4.6922607
0.25645667 -0.96658576 0.004461662 -23.258911 0.96452504 0.25560224 -0.06661166 89.91089 0.06324379 0.02138858 0.99776894 4.777954
0.2572992 -0.9662288 0.008206647 -22.986694 0.9648103 0.256437 -0.05700559 90.88037 0.052984376 0.022590306 0.99833995 4.857666
0.2591098 -0.96581703 0.007977488 -22.742554 0.9646087 0.25834903 -0.05281801 91.84155 0.048957944 0.021387441 0.99857205 4.925049
0.26018867 -0.965596 0.0076102247 -22.478394 0.9640583 0.25930828 -0.059006155 92.77124 0.055016994 0.022696406 0.9982279 4.9849854
0.26233026 -0.9648915 0.0067215688 -22.219604 0.962946 0.26134524 -0.06567131 93.693115 0.06159152 0.02368923 0.9978193 5.0543213
0.2618654 -0.96505684 0.012693542 -21.967163 0.9630528 0.2604115 -0.069171 94.63208 0.063446365 0.030343222 0.9975241 5.1241455
0.26074585 -0.9652323 0.014952289 -21.699707 0.9633511 0.25917962 -0.06831469 95.56201 0.062061887 0.03222172 0.9975521 5.202759
0.26201534 -0.965056 0.016193137 -21.450073 0.9633962 0.2604683 -0.06535358 96.50073 0.05883723 0.0327185 0.9977309 5.2625732
0.26034245 -0.96550786 0.016082257 -21.200195 0.9641065 0.25895348 -0.060693033 97.436035 0.05442716 0.03130481 0.99802685 5.329468
0.25921047 -0.96560615 0.014574848 -20.96045 0.9644823 0.25808725 -0.054445256 98.369385 0.048804935 0.028182417 0.99841106 5.3929443
0.25911117 -0.9657215 0.0059971195 -20.721436 0.96460164 0.2584994 -0.050148837 99.28345 0.04688098 0.018782753 0.998724 5.4539795
0.25729337 -0.9663638 2.2042543e-05 -20.494019 0.96530956 0.2570115 -0.046698403 100.21362 0.045129634 0.012032131 0.99890864 5.505249
0.25495788 -0.9669556 0.0018734355 -20.254028 0.9659599 0.25460646 -0.04590326 101.130615 0.043908235 0.013512979 0.99894416 5.5751953
0.25153714 -0.96785074 0.006685609 -20.01416 0.9668955 0.25096664 -0.046680458 102.04956 0.043500908 0.018198736 0.9988874 5.636963
0.24504481 -0.96940964 0.008838073 -19.779297 0.9683067 0.24430275 -0.050777484 102.967285 0.047078278 0.021005675 0.9986706 5.684082
0.23618132 -0.9715491 0.01293686 -19.552856 0.9704724 0.23522706 -0.052042503 103.884766 0.04751626 0.0248434 0.99856126 5.7384033
0.22798792 -0.9733764 0.020755926 -19.33081 0.97253835 0.22669397 -0.051490523 104.80444 0.045408174 0.031939242 0.9984584 5.7999268
0.21659373 -0.97599787 0.01922695 -19.12268 0.9750971 0.21537957 -0.051507622 105.72485 0.04612013 0.029915823 0.99848825 5.8571777
0.20387842 -0.9788163 0.016642742 -18.937256 0.97787595 0.20282523 -0.05044774 106.64844 0.04599917 0.02655337 0.99858814 5.9038086
0.19183393 -0.9813031 0.019060072 -18.756348 0.9805797 0.19078499 -0.04671872 107.57056 0.04221259 0.02763966 0.9987258 5.956787
0.18023007 -0.9834116 0.020028222 -18.587646 0.9827548 0.1791837 -0.045478504 108.50342 0.04113147 0.027876403 0.9987646 6.011841
0.16483587 -0.986133 0.018869445 -18.43982 0.9854978 0.16389167 -0.043801628 109.42627 0.040101405 0.025811564 0.998862 6.05542
0.15246628 -0.98812336 0.022068407 -18.289307 0.9875292 0.1513786 -0.044610683 110.357666 0.040733725 0.028578317 0.99876064 6.112793
0.13864802 -0.9901215 0.02096694 -18.163208 0.98930484 0.13750295 -0.048709355 111.27466 0.045327038 0.027492503 0.99859357 6.1627197
0.12725705 -0.9916491 0.021892078 -18.04956 0.9903647 0.12580717 -0.05821947 112.19092 0.05498453 0.029066008 0.998063 6.222412
0.11390913 -0.9932801 0.020916173 -17.937378 0.99167526 0.11239921 -0.06295433 113.0979 0.060190517 0.027901674 0.9977964 6.2803955
0.101822905 -0.994585 0.021908296 -17.855957 0.9931597 0.10035424 -0.06006506 114.02295 0.057542432 0.027852835 0.99795353 6.3431396
0.0871237 -0.9959657 0.02213219 -17.772339 0.9947299 0.08576196 -0.056430783 114.948975 0.054302298 0.026915338 0.99816096 6.409912
0.077379815 -0.9968068 0.018753039 -17.706177 0.99538815 0.076179326 -0.057988856 115.85962 0.05636277 0.023153208 0.9981416 6.475708
0.06937873 -0.9974552 0.013893329 -17.65857 0.9955375 0.06834662 -0.0644953 116.7793 0.063376434 0.018331865 0.99782217 6.536621
0.06388354 -0.99794626 0.007479497 -17.606201 0.99540627 0.06317962 -0.07216771 117.701416 0.07155213 0.012059738 0.9973643 6.6019287
0.060334258 -0.99818236 0.0026291367 -17.564209 0.9953963 0.059969593 -0.07487464 118.62549 0.07456043 0.0071310103 0.9971902 6.6798096
0.056954388 -0.99837524 0.0012507252 -17.51587 0.995521 0.05669696 -0.075657465 119.548096 0.07544725 0.005566025 0.99713415 6.7557373
0.051040113 -0.99869937 0.000109843146 -17.476074 0.9958571 0.050886225 -0.075402364 120.470215 0.075296365 0.0039694207 0.9971537 6.836426
0.045938257 -0.9989484 -0.0013457681 -17.441895 0.99631834 0.045914058 -0.07245441 121.37427 0.07246438 0.0019856954 0.9973698 6.907593
0.03944588 -0.99921864 0.00011858714 -17.40393 0.99683046 0.039344255 -0.06910758 122.302246 0.06903223 0.0028352367 0.9976095 6.987549
0.032330334 -0.9994828 -0.002386526 -17.366089 0.9973529 0.032416463 -0.065208904 123.24487 0.06526783 -0.00026730774 0.9978684 7.0737305
0.026147725 -0.99962306 -0.007898805 -17.348755 0.99744314 0.026613891 -0.06626113 124.15869 0.06645819 -0.006144615 0.9977708 7.1480713
0.02050674 -0.99969846 -0.013203118 -17.344116 0.997424 0.021364447 -0.06844172 125.04932 0.06866968 -0.01175458 0.99756914 7.2113037
0.011825917 -0.99984235 -0.012667351 -17.334106 0.99739337 0.012695134 -0.070931345 125.951416 0.07108023 -0.011783211 0.99740124 7.2908936
0.0038309728 -0.9999392 -0.010179301 -17.320557 0.997324 0.004562734 -0.072953135 126.850586 0.072996125 -0.009851668 0.99728435 7.3707275
-0.0014531611 -0.9999323 -0.011615075 -17.317993 0.9974052 -0.00061357004 -0.071980834 127.77612 0.07199302 -0.011703728 0.99733716 7.4405518
-0.0099675665 -0.99988115 -0.011825143 -17.32788 0.9976736 -0.009147287 -0.067567 128.68677 0.06745963 -0.01245906 0.99764496 7.5112305
-0.015994193 -0.9997828 -0.012775827 -17.36206 0.99772733 -0.015123011 -0.06553894 129.5774 0.06533108 -0.013813912 0.9977676 7.58667
-0.024948 -0.9995895 -0.014470943 -17.379395 0.9973393 -0.023894668 -0.06894254 130.50903 0.068589635 -0.016144948 0.9975155 7.659668
-0.031151295 -0.99943936 -0.013515026 -17.404541 0.99696547 -0.030101897 -0.07200386 131.40674 0.0715791 -0.015701724 0.99731284 7.7335205
-0.037359245 -0.9992112 -0.014090347 -17.457764 0.99666554 -0.03623271 -0.073235564 132.27734 0.07267061 -0.01674859 0.9972164 7.803589
-0.044765476 -0.9989028 -0.014669489 -17.506348 0.99642205 -0.04358864 -0.0725913 133.19629 0.07187217 -0.017856807 0.9972544 7.8814697
-0.052824378 -0.99853426 -0.0114915585 -17.54358 0.99606144 -0.051865816 -0.07189333 134.09277 0.071155034 -0.015224917 0.997348 7.953125
-0.061525702 -0.9980952 -0.0070649404 -17.590942 0.9955894 -0.060864452 -0.07160719 134.99512 0.07103344 -0.011432126 0.9974084 8.032715
-0.06889939 -0.9976239 -0.0050791213 -17.6344 0.9951647 -0.068370104 -0.07071009 135.91504 0.070194915 -0.009909482 0.9974845 8.108765
-0.07607448 -0.99708146 -0.01087093 -17.717041 0.9945788 -0.07509375 -0.07246382 136.8186 0.07143446 -0.01631604 0.99731207 8.179932
-0.081662536 -0.99650246 -0.015146905 -17.797974 0.994143 -0.080379255 -0.071645804 137.72046 0.070177674 -0.020932829 0.99731416 8.250244
-0.087094426 -0.99613184 -0.012384187 -17.875488 0.9938436 -0.08602464 -0.06995825 138.64697 0.06860335 -0.018386755 0.9974741 8.332886
-0.09244943 -0.99571913 -0.009734418 -17.953735 0.9934029 -0.09155274 -0.06977699 139.52783 0.06857398 -0.016098728 0.99751616 8.401367
-0.09663534 -0.9953071 -0.00786435 -18.03772 0.9928631 -0.09583557 -0.0712376 140.4375 0.070154004 -0.014686545 0.9974284 8.473511
-0.10246432 -0.9947544 -0.0027696579 -18.116943 0.992444 -0.10203731 -0.0684513 141.323 0.06783538 -0.009742896 0.99765044 8.543457
-0.10836602 -0.9940883 0.005780585 -18.200684 0.9919987 -0.10851228 -0.06445054 142.22046 0.06467025 -0.0012425701 0.99790525 8.611328
-0.113094464 -0.9936079 0.008054012 -18.304932 0.99167055 -0.11337721 -0.062031597 143.13672 0.0625459 0.0009881898 0.99804205 8.6883545
-0.1166544 -0.9930999 0.0061447704 -18.416016 0.9909678 -0.11680626 -0.06504079 144.01587 0.06532714 -0.0015234309 0.9978624 8.747314
-0.12093497 -0.9926506 0.0060040564 -18.531982 0.99044466 -0.12106668 -0.06615927 144.90454 0.06641482 -0.0020676663 0.9977901 8.81897
-0.12165665 -0.9925057 0.0043079676 -18.653564 0.99026227 -0.12167179 -0.06680577 145.79663 0.066839635 -0.0038613263 0.9977565 8.886719
-0.12374103 -0.99234504 0.004405639 -18.761597 0.99016774 -0.12376224 -0.06580467 146.67139 0.065852955 -0.0037740672 0.9978227 8.955811
-0.1235435 -0.992255 0.004981661 -18.883667 0.99042153 -0.1236174 -0.06034333 147.56152 0.060486495 -0.0025380105 0.9981651 9.029907
-0.12488175 -0.9922226 0.0036850856 -18.996704 0.9907201 -0.1248964 -0.054674413 148.46143 0.054720588 -0.0031634027 0.9984974 9.091553
-0.12395907 -0.992269 0.0046743383 -19.106934 0.9908979 -0.12403428 -0.05216811 149.3313 0.05236996 -0.0018333939 0.9986269 9.157593
-0.12619258 -0.99199176 0.004623711 -19.222412 0.9904133 -0.12625277 -0.05599679 150.1997 0.056128804 -0.0024829935 0.9984204 9.223267
-0.12626445 -0.99194676 0.006774246 -19.334229 0.9901138 -0.12644303 -0.060285233 151.07129 0.060658038 -0.00089705514 0.99815845 9.279663
-0.12783325 -0.9918654 0.0045550186 -19.450073 0.9899805 -0.12787127 -0.061216187 151.93457 0.061282244 -0.0033049714 0.99811494 9.334106
-0.12633634 -0.991917 0.003008426 -19.57019 0.9901559 -0.12629128 -0.05925782 152.80176 0.059151586 -0.00451448 0.9982384 9.403687
-0.12838364 -0.9916854 0.007478515 -19.683105 0.9898298 -0.12859988 -0.060636662 153.6604 0.06108273 -0.00039838778 0.9981319 9.467773
-0.12842607 -0.9916821 0.0063219666 -19.790161 0.9898051 -0.12857175 -0.060994938 154.52637 0.06130681 -0.0015874822 0.9981176 9.534668
-0.12883902 -0.9916425 -0.0015275404 -19.917969 0.9894952 -0.12845719 -0.06599185 155.37207 0.065221466 -0.010029148 0.99781924 9.595947
-0.12980247 -0.99153924 -0.006247126 -20.04895 0.9892065 -0.12905765 -0.06966851 156.22827 0.06825271 -0.0152195245 0.99755126 9.660645
-0.12984298 -0.99146897 -0.004592014 -20.163208 0.98894477 -0.12917852 -0.07205047 157.07617 0.07085123 -0.013908892 0.9973899 9.726196
-0.13044704 -0.9914168 -0.002251592 -20.2771 0.9887909 -0.12993574 -0.07305135 157.91357 0.07214921 -0.011768649 0.99732476 9.799683
-0.13137412 -0.99138105 -0.0035442614 -20.406128 0.9886927 -0.13075374 -0.074155256 158.75098 0.07305725 -0.013224346 0.9972411 9.867432
-0.13376544 -0.9910916 0.0025890875 -20.525146 0.9886361 -0.13361834 -0.07005041 159.604 0.0697868 -0.0067925593 0.9975401 9.942749
-0.13553976 -0.990808 0.0084875375 -20.63916 0.9886661 -0.13580441 -0.065119535 160.43481 0.06566216 -0.00043219887 0.9978418 10.015991
-0.137419 -0.99049586 0.011003509 -20.763184 0.9887462 -0.13783012 -0.058916263 161.31299 0.05985637 0.0027785413 0.99820274 10.087769
-0.1407268 -0.9899436 0.015107054 -20.879517 0.98828965 -0.14137125 -0.057611354 162.125 0.05917217 0.006834875 0.998225 10.139893
-0.14429593 -0.989375 0.015433857 -21.005005 0.987412 -0.14498699 -0.062589 162.9143 0.0641935 0.0062003443 0.9979189 10.206299
-0.1507597 -0.9884728 0.016268 -21.153687 0.986396 -0.15150213 -0.06436788 163.77051 0.06607554 0.0063574323 0.99779457 10.277588
-0.15977834 -0.98686737 0.01941408 -21.281128 0.98474455 -0.16071868 -0.06525928 164.59155 0.06754679 0.008668875 0.9976782 10.330811
-0.17021677 -0.9850846 0.021404298 -21.421875 0.9832681 -0.17122233 -0.060719073 165.38574 0.06350322 0.010673355 0.99792385 10.394165
-0.18076763 -0.98319733 0.022611331 -21.577759 0.9815642 -0.18179776 -0.057849336 166.17065 0.060991183 0.0117372805 0.9980692 10.459106
-0.19484854 -0.9803531 0.030158032 -21.737427 0.97873926 -0.196344 -0.059029482 166.99927 0.06380529 0.017994702 0.99779975 10.523071
-0.20839974 -0.97739244 0.032775164 -21.887573 0.97582287 -0.2100352 -0.058766797 167.72119 0.06432463 0.019709887 0.99773324 10.584351
-0.22201882 -0.9745482 0.034439094 -22.067993 0.97305816 -0.22372033 -0.057726357 168.4878 0.063966356 0.020727882 0.9977384 10.644653
-0.23412393 -0.97128594 0.041104257 -22.24353 0.9698684 -0.23626351 -0.058611445 169.23584 0.066662155 0.026151422 0.9974336 10.702148
-0.24784444 -0.96801245 0.038668882 -22.45813 0.96608794 -0.24993443 -0.06464202 170.06616 0.07224906 0.021351866 0.99715894 10.780029
-0.25927123 -0.9653696 0.03153494 -22.66101 0.9623819 -0.26097202 -0.076613404 170.719 0.0821881 0.010492764 0.9965621 10.8359375
-0.2726873 -0.96162754 0.029675903 -22.877441 0.95778674 -0.27425098 -0.08601498 171.46313 0.090827376 0.004965358 0.99585295 10.896851
