1.000000000000000000e+00 4.398956837314658088e-19 2.733407509747682871e-20 -8.673617379884035472e-19 -5.583667658079949532e-19 1.000000000000000000e+00 -6.100159232558060012e-19 0.000000000000000000e+00 4.145284534913582806e-20 -2.210423569125054137e-19 1.000000000000000222e+00 0.000000000000000000e+00
9.998980307680508384e-01 2.718905544335728920e-04 1.427775044305948371e-02 -8.499839088141414312e-02 -2.689676897041138096e-04 9.999999424795023018e-01 -2.066347387134179919e-04 -9.648815309928213124e-03 -1.427780605126470481e-02 2.027734296707740900e-04 9.998980463630997573e-01 1.517202331143924221e-02
9.995468431858902658e-01 1.665052692610072141e-03 3.005554691044476368e-02 -8.174058642194456659e-02 -1.655376807742721303e-03 9.999985697246172034e-01 -3.468133539179613046e-04 -1.819726475872486537e-02 -3.005608190611103528e-02 2.969029671998585991e-04 9.995481698059826003e-01 2.988755563156608730e-02
9.979635973785786485e-01 5.163210788082030732e-03 6.357672192599385375e-02 1.635424106594104976e-03 -5.244429259927052209e-03 9.999856310870299803e-01 1.110671367565000713e-03 3.563493918329579957e-03 -6.357007486714161271e-02 -1.441833172047535510e-03 9.979763357312257943e-01 4.184249871096784035e-01
9.954298017211233862e-01 4.109986247896600317e-03 9.540764029391794743e-02 3.271719899228658912e-02 -4.416269609314548046e-03 9.999857502041028523e-01 2.999326436636542102e-03 1.086681086870372459e-02 -9.539395521315675863e-02 -3.406964727901863523e-03 9.954337677236835269e-01 5.517124037500962253e-01
9.909475107284828610e-01 1.603735381077201708e-03 1.342403027619773759e-01 1.560982405745948154e-01 -2.277745713599379530e-03 9.999855595736790725e-01 4.867496438570339569e-03 1.007071185543395586e-02 -1.342305604182119916e-01 -5.129198676609457441e-03 9.909368537379024122e-01 7.887800811630595321e-01
9.851077205726137542e-01 -2.450744950862206607e-03 1.719208319197561008e-01 1.591552032672801376e-01 1.452620464068795714e-03 9.999813546941298537e-01 5.931286003068497736e-03 -1.808540840604526412e-02 -1.719321654441564873e-01 -5.593219804941264653e-03 9.850929126998938523e-01 9.031123586716471863e-01
9.763865394590112157e-01 -2.598765264806172925e-03 2.160152112128702895e-01 2.759565667016674051e-01 1.167428312300725730e-03 9.999765138902830808e-01 6.753426907400527854e-03 -6.684012278501183513e-03 -2.160276921617085566e-01 -6.341772708248634947e-03 9.763666415077871807e-01 1.166095411467259702e+00
9.647983368169363860e-01 -2.609306074445514895e-03 2.629778697165884305e-01 3.512748726939472488e-01 -7.686805198991590897e-05 9.999479385204015358e-01 1.020364332672642899e-02 -7.374188628516964439e-04 -2.629908076726822919e-01 -9.864672549459638923e-03 9.647479070485371899e-01 1.326452262794820092e+00
9.504102789781510019e-01 -6.136674537418135983e-03 3.109383244151913139e-01 5.268824533904520324e-01 9.639090831763011229e-04 9.998586250428461719e-01 1.678692344753525065e-02 2.073182472837020729e-02 -3.109973867789784241e-01 -1.565474816835281738e-02 9.502818295287325245e-01 1.616184714174627279e+00
9.335058577387955747e-01 -1.580721632333946178e-02 3.582135449054392184e-01 6.378610832706367306e-01 7.393390814562461437e-03 9.996639535343830874e-01 2.484587998834654129e-02 1.256447896147705467e-04 -3.584859188969602428e-01 -2.054536161630304142e-02 9.333090248241864284e-01 1.815087789311982558e+00
9.124229120982363384e-01 -2.157087590617133913e-02 4.086797333573481406e-01 8.033488056400460708e-01 1.019482235055057043e-02 9.994980780229326678e-01 2.999429268286629702e-02 -1.006227289178686368e-02 -4.091216182444824545e-01 -2.320106240654712035e-02 9.121848576654645324e-01 2.040690155354433433e+00
8.875532108818313670e-01 -2.347209892458843733e-02 4.601068955902578583e-01 1.004386714730379104e+00 8.844899761120905701e-03 9.993853729033456146e-01 3.392114594243057085e-02 -7.549014993016217590e-03 -4.606203098688829156e-01 -2.603722241193478365e-02 8.872153043506950665e-01 2.279443156968643969e+00
8.592284833384892240e-01 -2.541911450589221660e-02 5.109601532129703916e-01 1.161562750197148164e+00 6.783415821997600299e-03 9.992431414263469591e-01 3.830312714190795692e-02 2.457019811157248879e-02 -5.115470690447406765e-01 -2.944508241823782721e-02 8.587505966068464947e-01 2.502878052034046341e+00
8.272345520205927061e-01 -3.077396105800596707e-02 5.610133282812708178e-01 1.405844042545314698e+00 8.042466101578174542e-03 9.990451547394776366e-01 4.294295624132572764e-02 2.289235833272956766e-02 -5.617991819251023644e-01 -3.101196621898115457e-02 8.266921687872781366e-01 2.745788557301749311e+00
7.917232443276760456e-01 -3.654304993774712407e-02 6.097859494769396482e-01 1.616314014096488894e+00 1.023118405533372452e-02 9.988623661164255374e-01 4.657570592061088116e-02 2.205665804109724348e-02 -6.107942652132265504e-01 -3.063623638379523589e-02 7.911964309594697875e-01 2.929885468455104114e+00
7.540730504907804388e-01 -4.102713670345772140e-02 6.555078961238879343e-01 1.889866392707969966e+00 1.134355540293544712e-02 9.987117621763819120e-01 4.945846529523736240e-02 3.188206861569989337e-02 -6.566925966173409179e-01 -2.985950527326421133e-02 7.535670177505752187e-01 3.135235817180442641e+00
7.137303598567640295e-01 -4.422391274291013336e-02 6.990230405712288819e-01 2.201617312248525860e+00 1.227410919428786884e-02 9.986411908587904396e-01 5.064699506209939528e-02 4.164311896641383071e-02 -7.003130220634609104e-01 -2.756841242638726625e-02 7.133033446791277044e-01 3.395276313651354183e+00
6.724515769906094231e-01 -4.619572675637496212e-02 7.386980592426615200e-01 2.483058685331103188e+00 1.147772084583214419e-02 9.985811475061765474e-01 5.199955494381224008e-02 5.157901407035567903e-02 -7.400521256792792490e-01 -2.648861210336372202e-02 6.720276880195599212e-01 3.567768758868663070e+00
6.299154047219923669e-01 -4.652738908593144485e-02 7.752688406493701834e-01 2.847688094716420704e+00 7.232371229112657257e-03 9.985121010848192480e-01 5.404883664788300707e-02 8.372746574538894593e-02 -7.766300836553818865e-01 -2.843916222516076550e-02 6.293146565438605400e-01 3.810406838676725805e+00
5.878890724750903685e-01 -4.731403399845299229e-02 8.075566915500773657e-01 3.169498768032509961e+00 4.233133192495360832e-03 9.984543292581841145e-01 5.541690104787550669e-02 1.010519254605497935e-01 -8.089304859194906827e-01 -2.916049496371852373e-02 5.871806750180105228e-01 4.016982638312147635e+00
5.478218517115138742e-01 -4.841148549029215820e-02 8.351931126769884806e-01 3.540355525664477199e+00 2.111146999131921238e-03 9.984011030496721117e-01 5.648699357070146448e-02 1.201145212847468530e-01 -8.365923586846768512e-01 -2.918159339466859861e-02 5.470481436209814197e-01 4.214079512543418282e+00
5.095085566784597342e-01 -5.100830502929564608e-02 8.589523685078797044e-01 3.986131827128414074e+00 1.206801680061371984e-03 9.982827797177716844e-01 5.856650324817487541e-02 1.291209090705614793e-01 -8.604647510140575051e-01 -2.880354875953989105e-02 5.086951739610794387e-01 4.431195022274061479e+00
4.720051165616400146e-01 -5.097627413067098295e-02 8.801207738823495497e-01 4.368338076730811537e+00 -1.700714650598303835e-03 9.982723576299313839e-01 5.873165688656095673e-02 1.572311450344370809e-01 -8.815941762227146317e-01 -2.921847621063525247e-02 4.711029631994039790e-01 4.624743403255656027e+00
4.361184139630187029e-01 -5.033926511810195986e-02 8.984802023371561974e-01 4.812361697579345510e+00 -2.966980976341301781e-03 9.983483036054914272e-01 5.737474771125079115e-02 1.808074838087190273e-01 -8.998844040192636173e-01 -2.768795696858841054e-02 4.352487218553636183e-01 4.796989404859973050e+00
4.027404888412368655e-01 -4.901201466373262400e-02 9.140010432953822317e-01 5.348435350245283715e+00 -1.653382463559859017e-03 9.985247647795585380e-01 5.427301735514967335e-02 2.011289723420865427e-01 -9.153127225148334212e-01 -2.336913410789173348e-02 4.020653150055749081e-01 4.988967901430846119e+00
3.722222598101274094e-01 -4.723869834468261142e-02 9.269407102460123227e-01 5.854294101392825134e+00 1.260859219957272256e-04 9.987065285151811578e-01 5.084539279842797271e-02 2.217187463042634699e-01 -9.281436250954562261e-01 -1.880891204926024921e-02 3.717467557706709003e-01 5.168475048682467765e+00
3.466451166178377008e-01 -4.537161809156882442e-02 9.368983747853862898e-01 6.388114763168848853e+00 1.127036702128027690e-03 9.988488742985736080e-01 4.795472935522120117e-02 2.478338627685605366e-01 -9.379956868795710223e-01 -1.556735306986342139e-02 3.462972186838827460e-01 5.357494534337842396e+00
3.259244141548016116e-01 -4.476011250211393844e-02 9.443356360942652961e-01 6.962222189483126655e+00 2.199750325244967993e-03 9.989117802354904319e-01 4.658772769353322629e-02 2.682824558021293937e-01 -9.453932796807403838e-01 -1.310677437616589169e-02 3.256681965170312165e-01 5.536371945969746911e+00
3.118504560188192221e-01 -4.540877591067969676e-02 9.490454788838952327e-01 7.543675692573446057e+00 3.355950491432441087e-03 9.989037156681864760e-01 4.669158794523046302e-02 2.989643012513050757e-01 -9.501252794897252496e-01 -1.137584247298210720e-02 3.116609675264636059e-01 5.701251649292855994e+00
2.995158643034553370e-01 -4.697470377349784176e-02 9.529342101797468878e-01 8.169566411163511788e+00 4.280019145109791728e-03 9.988433242558730774e-01 4.789253581690209455e-02 3.161048317888712766e-01 -9.540817284860383385e-01 -1.026599670030835590e-02 2.993704728668357129e-01 5.894138126988454296e+00
2.889148372626356709e-01 -4.883758011357160894e-02 9.561083056611940911e-01 8.786616677850242141e+00 3.187073587072554101e-03 9.987415179031787771e-01 5.005220214214081004e-02 3.483982464057538975e-01 -9.573495054735475795e-01 -1.141363541930872499e-02 2.887068907370111126e-01 6.085916018449636589e+00
2.785782748036119139e-01 -5.041589923710702859e-02 9.590893422278813363e-01 9.471770388368655702e+00 1.543603219905958840e-03 9.986434558608543455e-01 5.204676086785424427e-02 3.802735509269533631e-01 -9.604122960707538459e-01 -1.301864257469384327e-02 2.782781918811054744e-01 6.283051694547563848e+00
2.680650557311063387e-01 -5.223806168131595040e-02 9.619835212521438139e-01 1.015764304760521597e+01 7.389142793744353900e-04 9.985397292166179328e-01 5.401724856209391690e-02 4.097723473082750534e-01 -9.634005378528314179e-01 -1.376931250746812538e-02 2.677122062671105085e-01 6.462594750970938939e+00
2.578434713612992035e-01 -5.428789100668600376e-02 9.646603305910023129e-01 1.086140496913062492e+01 -2.973147514612700339e-05 9.984197721975333062e-01 5.619570766782309990e-02 4.395516952847244307e-01 -9.661867106858753607e-01 -1.451837623872376595e-02 2.574344045317904506e-01 6.673955250887332546e+00
2.474968762104820252e-01 -5.584656909915759748e-02 9.672778510507765715e-01 1.159154729253532423e+01 -4.434323225978448191e-04 9.983308099694918614e-01 5.775289768861223416e-02 4.663648525563752756e-01 -9.688885984594678424e-01 -1.472258315472829877e-02 2.470589913664382464e-01 6.841426821149680926e+00
2.369238903114790906e-01 -5.712699238320367856e-02 9.698471843477839416e-01 1.236217617062420970e+01 -1.245165421120636743e-03 9.982510392304274616e-01 5.910424854554478802e-02 4.972969357515373279e-01 -9.715274244346659982e-01 -1.521082779771012507e-02 2.364383858111116787e-01 7.029450299198940932e+00
2.269422217810377340e-01 -6.007096360955316988e-02 9.720538520377488556e-01 1.312476320442240763e+01 -2.353416294918241839e-03 9.980592173014786184e-01 6.222748706826454479e-02 5.309329254114121266e-01 -9.739053886994338827e-01 -1.640969067239943929e-02 2.263604029007566243e-01 7.217537165237723151e+00
2.154975136932101298e-01 -6.349671925440866782e-02 9.744377723053595508e-01 1.389787665847204146e+01 -4.235605930313014050e-03 9.978134998949498291e-01 6.595664502942380492e-02 5.823952987083330646e-01 -9.764952114781694226e-01 -1.834082656058907967e-02 2.147573799152813767e-01 7.386728467556952005e+00
2.028364074206086831e-01 -6.745829544815372392e-02 9.768862543595684400e-01 1.468730114966851197e+01 -4.340454057835574538e-03 9.975524986579310527e-01 6.978662356226296437e-02 6.160709933527815929e-01 -9.792030275503718073e-01 -1.839539704817240440e-02 2.020471640448308903e-01 7.530211102057845274e+00
1.905238464737540882e-01 -6.981223445013237661e-02 9.791970687789609551e-01 1.546988232640262417e+01 -5.149091173197275703e-03 9.973833435481941345e-01 7.211069836707123537e-02 6.566300757285005174e-01 -9.816690724133970702e-01 -1.878078173880588092e-02 1.896658400942154710e-01 7.692102109195311677e+00
1.762549883608716117e-01 -7.049693785803809454e-02 9.818168588793867446e-01 1.627260973088915108e+01 -6.047858511051505508e-03 9.973357400207055745e-01 7.269693963156367844e-02 6.935934702159329834e-01 -9.843259721783875760e-01 -1.875108682052002013e-02 1.753590423727047487e-01 7.819723497314354788e+00
1.620986608507534454e-01 -6.980948339160999994e-02 9.843021099354064551e-01 1.706579920921592119e+01 -7.365916585897752319e-03 9.973810318737633684e-01 7.195012496089822629e-02 7.369988844791124372e-01 -9.867470722057536392e-01 -1.891330526516837862e-02 1.611599174187077765e-01 7.975537534204584666e+00
1.456780380314501855e-01 -6.854149430070508031e-02 9.869548906230086738e-01 1.787842199129661225e+01 -8.923367033136446469e-03 9.974656029624479059e-01 7.058855702714134095e-02 7.687264933265209876e-01 -9.892918173646524371e-01 -1.909016235163854200e-02 1.446972097546032898e-01 8.090660763238647135e+00
1.247147273814485924e-01 -6.720211762390607135e-02 9.899141858564393104e-01 1.871043687688803558e+01 -1.128625009241703871e-02 9.975429895712026873e-01 6.914191549646921120e-02 8.128181435730943427e-01 -9.921284566783482584e-01 -1.979543333823105891e-02 1.236498407070779487e-01 8.194380357821668071e+00
1.002400710353957003e-01 -6.585366233030809369e-02 9.927815501816876775e-01 1.952302305989531561e+01 -1.580986787592503218e-02 9.975758358842221618e-01 6.776798440944002688e-02 8.567388087752919601e-01 -9.948376719423203118e-01 -2.248881185459964890e-02 9.895593356553759878e-02 8.280820452719826363e+00
6.933041591990377062e-02 -6.539690712616019752e-02 9.954478996378129940e-01 2.035529616623729510e+01 -1.967139864092248142e-02 9.975653426396966506e-01 6.690607761688678601e-02 8.931829632377894512e-01 -9.973997928768200127e-01 -2.422047780483223972e-02 6.787517009284657621e-02 8.333164459207150543e+00
3.642458519883164103e-02 -6.525016823364400420e-02 9.972039149315764517e-01 2.119990988928753595e+01 -2.264761108976422188e-02 9.975559217312296445e-01 6.610044417946700501e-02 9.348591487206245887e-01 -9.990797528959257656e-01 -2.499196686146233637e-02 3.485779883590191947e-02 8.338684679312668990e+00
2.327208695119472280e-03 -6.461501513619218040e-02 9.979075441438953753e-01 2.202561122924220172e+01 -2.458169887167581391e-02 9.976050128222528901e-01 6.465275298517539349e-02 9.696779068245423572e-01 -9.996951242743304933e-01 -2.468072235245590690e-02 7.332868222579752354e-04 8.322954415178136500e+00
-3.213843558100305808e-02 -6.357417294463210689e-02 9.974594869955750731e-01 2.287804201908266677e+01 -2.541919104745957170e-02 9.977042130561027955e-01 6.277075734083777114e-02 1.000532764008182030e+00 -9.991601487938512882e-01 -2.333725845774605248e-02 -3.368065802082195748e-02 8.294435844406732983e+00
-6.482424118656514300e-02 -6.152710504821017751e-02 9.959981003026363577e-01 2.372144753430525199e+01 -2.794888842332214629e-02 9.978178044446841533e-01 5.982047123891409690e-02 1.030839884151552255e+00 -9.975052353465990729e-01 -2.395922226181779191e-02 -6.640239760048975703e-02 8.261457064398628702e+00
-9.722779048406680891e-02 -5.844915106760771584e-02 9.935443806107912001e-01 2.454949904595000021e+01 -2.983254562791233175e-02 9.979966474363427542e-01 5.579167452981646097e-02 1.070537459187915319e+00 -9.948149541486500658e-01 -2.421545597167133398e-02 -9.877669729458027348e-02 8.165643048889362987e+00
-1.294907296143839037e-01 -5.406412472151491538e-02 9.901056530404129807e-01 2.539064744875164692e+01 -2.705126690662967501e-02 9.983334746770645696e-01 5.097550703384136350e-02 1.099262918444783077e+00 -9.912115802150487376e-01 -2.018275579951939180e-02 -1.307374344859989213e-01 8.039424959948698657e+00
-1.613421844792482795e-01 -4.866295883385924476e-02 9.856980262102659207e-01 2.621522309048190991e+01 -2.261250775135566909e-02 9.987036461092139161e-01 4.560374718325997667e-02 1.112163862794997904e+00 -9.866394430834618534e-01 -1.493129513522993383e-02 -1.622334208229854191e-01 7.894589543190233982e+00
-1.919119790819815985e-01 -4.254787867004750090e-02 9.804893948301431905e-01 2.707359990779989189e+01 -1.664375400232369698e-02 9.990572066818520502e-01 4.009592546186564049e-02 1.132515200436052583e+00 -9.812710095366602436e-01 -8.624134897048845241e-03 -1.924392035486522101e-01 7.709742887213939078e+00
-2.204207072061355466e-01 -3.696624507265325321e-02 9.747041560338559618e-01 2.788366484853220939e+01 -1.098544417148287523e-02 9.993123030894529579e-01 3.541526383047961801e-02 1.140974955790416301e+00 -9.753430412057531029e-01 -2.901299560344261421e-03 -2.206752165534309751e-01 7.497042753268600812e+00
-2.481766245230866974e-01 -3.038192956988680291e-02 9.682382376309858207e-01 2.869318422915863920e+01 -1.923517803896924311e-03 9.995215409485066482e-01 3.087052392548089025e-02 1.171281113740297641e+00 -9.687128981445826126e-01 5.798920038772771395e-03 -2.481163237105441233e-01 7.276381036290841209e+00
-2.752556949579129664e-01 -2.011006892434101523e-02 9.611606895540795170e-01 2.950853575119450767e+01 4.212111810452970513e-03 9.997463690701082761e-01 2.212364410672854401e-02 1.169182144538418733e+00 -9.613618341371804599e-01 1.013817645672758158e-02 -2.751011770898483255e-01 7.045759191596517645e+00
-3.001383382544876022e-01 -5.096987019949344999e-03 9.538820589959788876e-01 3.026713886938972564e+01 8.218801715901226726e-03 9.999347881436473351e-01 7.929107242320170348e-03 1.161828784248247981e+00 -9.538602856574187605e-01 1.021959769162358173e-02 -3.000768758903769595e-01 6.773396867177513769e+00
-3.242750293705825571e-01 1.174919158044854771e-02 9.458898698606422739e-01 3.107379685892313148e+01 8.888022661966232460e-03 9.999165692885119139e-01 -9.373233204022111617e-03 1.127317117750053166e+00 -9.459210978910788103e-01 5.367586182127071816e-03 -3.243524032850700900e-01 6.466808147931272011e+00
-3.501017318214780238e-01 2.639345676949107072e-02 9.363397605467319584e-01 3.184858918011804363e+01 7.830711833982567649e-03 9.996504947823496856e-01 -2.525011324258596285e-02 1.098824491433588957e+00 -9.366789589035741104e-01 -1.507900555097394435e-03 -3.501860503113936041e-01 6.208492195070694386e+00
-3.743693770732091641e-01 3.725099968661644417e-02 9.265311204639472553e-01 3.260517054460185449e+01 1.179862689038660602e-02 9.993032373030189541e-01 -3.540949440272114779e-02 1.063220374813600211e+00 -9.272046032577143659e-01 -2.324434414426844193e-03 -3.745480424080431248e-01 5.895839609144502447e+00
-3.980720815536132329e-01 4.186802216482580358e-02 9.163982057833889305e-01 3.338845022106616511e+01 1.563046028668392540e-02 9.991224944613172898e-01 -3.885781438973688606e-02 1.011838906479447520e+00 -9.172209769954324798e-01 -1.144484340695990383e-03 -3.983771888464207600e-01 5.538000218487491466e+00
-4.204863615860514603e-01 4.119183143188589330e-02 9.063633035348040989e-01 3.410945965942216418e+01 1.768230725174887302e-02 9.991511832627301137e-01 -3.720549635422743667e-02 9.647014330277061678e-01 -9.071265454324498601e-01 3.821915851197748844e-04 -4.208578136214741194e-01 5.174687101643059783e+00
-4.409806641062691823e-01 3.800131360336412439e-02 8.967117371724514507e-01 3.485944115944219845e+01 2.203564506606283530e-02 9.992604830605291699e-01 -3.151059028142873947e-02 9.363301364598173304e-01 -8.972460630153046290e-01 5.864061547182469747e-03 -4.414919361573444445e-01 4.818117387473468405e+00
-4.592139438326743872e-01 3.662098378642657942e-02 8.875705285422705870e-01 3.558908148560406204e+01 2.910816763897183801e-02 9.992336786706345064e-01 -2.616810918374820605e-02 9.015276176839985833e-01 -8.878486816003179349e-01 1.381879219158995906e-02 -4.599280093787437296e-01 4.394912690110851727e+00
-4.730413473865065499e-01 3.741995987315542560e-02 8.802452023609220744e-01 3.629968643806152073e+01 3.277599035447276848e-02 9.991534712186802558e-01 -2.486112134388390044e-02 8.537922476613203360e-01 -8.804303668831133800e-01 1.709057102448948220e-02 -4.738673817557224055e-01 4.021919363600952479e+00
-4.842123358840690894e-01 4.048003418328161712e-02 8.740135964643579447e-01 3.699293641332390337e+01 3.515968784541777942e-02 9.990225412136359839e-01 -2.679101417302327467e-02 7.976403232965031398e-01 -8.742438005154729019e-01 1.775750677073376776e-02 -4.851623048799685867e-01 3.616304691653131620e+00
-4.939233297130519729e-01 4.323083042897069711e-02 8.684300927658294977e-01 3.768855720852655367e+01 3.675052505360183047e-02 9.989086897991678038e-01 -2.882409221416073336e-02 7.539205044847244741e-01 -8.687284706448482607e-01 1.767837137219534227e-02 -4.949730630863068970e-01 3.230343968305753766e+00
-5.042087864998061608e-01 4.250479220766394117e-02 8.625351174187627645e-01 3.839533548241603000e+01 3.099924460663357542e-02 9.990351339105487671e-01 -3.111025543031875271e-02 7.018218343292748074e-01 -8.630252364263512055e-01 1.105187397693597161e-02 -5.050399102063403145e-01 2.839970271874123320e+00
-5.162073006660786723e-01 4.132300617278307497e-02 8.554661995815339148e-01 3.907441461305954533e+01 2.926353727641256217e-02 9.991031465315262095e-01 -3.060307053710392342e-02 6.897567977764241798e-01 -8.559635974529132829e-01 9.236439593465092107e-03 -5.169535968954008798e-01 2.426062700820540208e+00
-5.244844140474926864e-01 4.270690976669092032e-02 8.503482852054465857e-01 3.976514587502605025e+01 3.150974129584716010e-02 9.990306448507374482e-01 -3.073933634320712149e-02 6.444488066719549213e-01 -8.508367925193240922e-01 1.067195268371798865e-02 -5.253216872571588869e-01 1.991946723720446899e+00
-5.319660333067145475e-01 4.543256911986875979e-02 8.455459822387211277e-01 4.043313672995074626e+01 3.511988703726166838e-02 9.988841401653987262e-01 -3.157638360456566096e-02 5.931420947753779371e-01 -8.460370823275018548e-01 1.289791687933791210e-02 -5.329680216644958612e-01 1.564710958199837076e+00
-5.354551167983413462e-01 4.891072471823473128e-02 8.431462186236003964e-01 4.112699033539338700e+01 3.594647595452720584e-02 9.987368401496410364e-01 -3.510804655207499375e-02 5.631867281562625838e-01 -8.437983647904775397e-01 1.150935312048096369e-02 -5.365369207725215750e-01 1.102130454505092505e+00
-5.349770858795834805e-01 5.031919033040411354e-02 8.433667551780008598e-01 4.184586558314216376e+01 3.513203443943886672e-02 9.986863324308423717e-01 -3.730079771656326371e-02 5.127102272840152741e-01 -8.441358121847331031e-01 9.674118820679361921e-03 -5.360421205490891738e-01 6.691493687745811991e-01
-5.320991644293237011e-01 5.128066981339735042e-02 8.451276584863370855e-01 4.257784875674142455e+01 3.772366097631468795e-02 9.986088108043867928e-01 -3.684247985083845961e-02 4.788518221102769923e-01 -8.458412477171702859e-01 1.227745754692080235e-02 -5.332934096159289705e-01 2.252011941396840911e-01
-5.263984421157221760e-01 5.016934099325630336e-02 8.487565636158806992e-01 4.331815096867332926e+01 3.609330087577379553e-02 9.986762986289373645e-01 -3.664592918838215085e-02 4.306911891295314709e-01 -8.494715802223971046e-01 1.134406700179887290e-02 -5.275124260928307773e-01 -2.276319193997457802e-01
-5.190278761871123248e-01 4.876498562861053543e-02 8.533651192220330639e-01 4.406623754217783073e+01 3.376944921456564996e-02 9.987616586900482929e-01 -3.653455037329568500e-02 3.841082188331648162e-01 -8.540899835610934465e-01 9.855220973715496727e-03 -5.200319104364116152e-01 -6.940039617414552886e-01
-5.119231223932024788e-01 4.788915818153820919e-02 8.576953608081343550e-01 4.484807058399545809e+01 3.173673696701709290e-02 9.988176018086832864e-01 -3.682631921595810182e-02 3.387207958913210915e-01 -8.584448196599330227e-01 8.368208741110985324e-03 -5.128376722457070880e-01 -1.168338178785612858e+00
-5.058072694245409062e-01 4.658072656053760530e-02 8.613879664057229046e-01 4.566182168332318980e+01 2.901545418100832593e-02 9.988947284917556457e-01 -3.697870680481481903e-02 2.889521535840522404e-01 -8.621584087906676297e-01 6.289465336718877767e-03 -5.065997772129523513e-01 -1.607328180952555474e+00
-5.008689668639698667e-01 4.427933543944971573e-02 8.643897297848691652e-01 4.647058942530901504e+01 2.486740637174051152e-02 9.990144412413478614e-01 -3.676626503541528812e-02 2.455219761883621343e-01 -8.651658236790795709e-01 3.080050445954903623e-03 -5.014764445135765358e-01 -2.087766659855914142e+00
-4.996917382006807462e-01 4.156379334673226261e-02 8.652055272042071810e-01 4.731385609753289145e+01 2.014023674841036379e-02 9.991355734887863438e-01 -3.636587154838076541e-02 2.060432767887585559e-01 -8.659691391704084085e-01 -7.462804883453901580e-04 -5.000968972721963057e-01 -2.543564297127128615e+00
-5.002097986157931775e-01 3.894171075300081192e-02 8.650281423081507270e-01 4.816065877944555496e+01 1.743612328023628338e-02 9.992386612888901620e-01 -3.490099362570099617e-02 1.563103581551505417e-01 -8.657286822821695926e-01 -2.375080753219714364e-03 -5.005079632205297058e-01 -3.021261340118979177e+00
-5.011557061273739233e-01 3.772923118994417346e-02 8.645342386490054709e-01 4.901311661409666698e+01 1.593223280392082331e-02 9.992820338321702911e-01 -3.437412960823051089e-02 1.103346528645712810e-01 -8.652104567740086516e-01 -3.452829539020991611e-03 -5.013970053981778863e-01 -3.511450613197507842e+00
-5.017162960423757756e-01 3.730068541866370102e-02 8.642276341497877601e-01 4.988827281565880156e+01 1.614346285876607986e-02 9.992996272507961297e-01 -3.375860707244882769e-02 6.432003239826397656e-02 -8.648815868193656664e-01 -2.985615681980883715e-03 -5.019670710677841541e-01 -4.004679584281040761e+00
-5.013503837046081602e-01 3.646569065639550938e-02 8.644755824384021681e-01 5.075079131292587675e+01 1.575540714591239233e-02 9.993306018281320480e-01 -3.301689513816693372e-02 1.915182275008713020e-02 -8.651009029233790448e-01 -2.932867371458789969e-03 -5.015893136950203557e-01 -4.510303301304085188e+00
-5.017230725058130503e-01 3.594331127329286613e-02 8.642812177546755903e-01 5.163704949386556109e+01 1.604581326043907213e-02 9.993511598307428523e-01 -3.224579337955212760e-02 -3.040047821909851178e-02 -8.648794729434200468e-01 -2.310362593475006384e-03 -5.019742753004544644e-01 -5.025161122037081540e+00
-5.022757064038319008e-01 3.535649466547272773e-02 8.639843861571403494e-01 5.253373963468037999e+01 1.555128306795124093e-02 9.993714732737589701e-01 -3.185617634712605700e-02 -8.844928880446052688e-02 -8.645676865745338668e-01 -2.564516813106744453e-03 -5.025098527720268660e-01 -5.527355298969457209e+00
-5.024268731892908013e-01 3.384204383486207057e-02 8.639571399372310001e-01 5.342410508026779326e+01 1.399476732394903770e-02 9.994211030428806763e-01 -3.100976060668275691e-02 -1.364645068460875743e-01 -8.645064464198802812e-01 -3.489257006603386189e-03 -5.026096325469919801e-01 -6.031127414377750462e+00
-5.023735578678539815e-01 3.322584323451546751e-02 8.640120590460594885e-01 5.433846466738172154e+01 1.359768114358609996e-02 9.994414300077835156e-01 -3.052754535072272485e-02 -1.885660616882057494e-01 -8.645437662379903410e-01 -3.587670186060560457e-03 -5.025447427121091382e-01 -6.539936149361550655e+00
-5.016564543718772251e-01 3.218063825255631366e-02 8.644681571786106966e-01 5.520993189224903119e+01 1.217851874343266888e-02 9.994715228137673879e-01 -3.013899038953050946e-02 -2.391437927796998819e-01 -8.649812123979732092e-01 -4.591476508390917623e-03 -5.017832541035641691e-01 -7.059963180415826933e+00
-5.008179938296715150e-01 3.095241976387879887e-02 8.649990007038629303e-01 5.611682237033239318e+01 1.179714767891413760e-02 9.995116661473996134e-01 -2.893538524218126906e-02 -2.950708561359354221e-01 -8.654722275798519826e-01 -4.286839736760774539e-03 -5.009385789339044770e-01 -7.552368619235823033e+00
-4.984147315836887637e-01 2.869955137949721166e-02 8.664635465498464750e-01 5.700368887029070919e+01 1.227038001956159974e-02 9.995853155562818282e-01 -2.605061756934112446e-02 -3.472542566242404205e-01 -8.668518936395415153e-01 -2.352173656251387805e-03 -4.985602023693327944e-01 -8.084750064274867754e+00
-4.962101716791530448e-01 2.746072436171486872e-02 8.677680338146649408e-01 5.789070110105945588e+01 1.307655989659265230e-02 9.996226790253662786e-01 -2.415580956820796016e-02 -3.945363677315258388e-01 -8.681039577919741346e-01 -6.389368069171720739e-04 -4.963820342017818965e-01 -8.578004011111570293e+00
-4.932913619339122646e-01 2.690753447846120153e-02 8.694478725904831728e-01 5.880568767744750147e+01 1.245028156023280340e-02 9.996374740432848460e-01 -2.387280785804555411e-02 -4.501693370214964740e-01 -8.697750486271942361e-01 -9.513781515828105507e-04 -4.934475386149367315e-01 -9.100127856035530982e+00
-4.914177194650034552e-01 2.734234592021595606e-02 8.704946912002899939e-01 5.968372054364363066e+01 1.328348953335921519e-02 9.996261117283052888e-01 -2.389949022386790925e-02 -4.921605304248976021e-01 -8.708227066504744540e-01 -1.814249210387647228e-04 -4.915971871341960342e-01 -9.606085879235534364e+00
-4.903219199905726189e-01 2.766548519907891315e-02 8.711021880242203475e-01 6.057472969537288776e+01 1.313354314818570429e-02 9.996171117504869530e-01 -2.435446399161355843e-02 -5.405085576249264445e-01 -8.714424463826193623e-01 -5.008684327734647590e-04 -4.904975285585377875e-01 -1.008871119826412688e+01
-4.911157257749251270e-01 2.871520739815668771e-02 8.706209089207396223e-01 6.147575194464415915e+01 1.248985892664094231e-02 9.995859077572675222e-01 -2.592327938473027935e-02 -5.815501526229029938e-01 -8.710047989784153177e-01 -1.857396912984700301e-03 -4.912710086774577656e-01 -1.059203479015910432e+01
-4.938957260565057794e-01 3.053162673937488691e-02 8.689849353635048512e-01 6.234323958883005901e+01 1.126382934178724905e-02 9.995241399659019477e-01 -2.871619320500349778e-02 -6.355209397594812071e-01 -8.694481873040872388e-01 -4.394706180290469145e-03 -4.940046050757762597e-01 -1.108653150793236009e+01
-4.985281013304032061e-01 3.132610729243693465e-02 8.663073320709555603e-01 6.322669014524652198e+01 1.026683442979539965e-02 9.994901224504576520e-01 -3.023387527508634987e-02 -6.871268761240492129e-01 -8.668127460340996349e-01 -6.178201612212101679e-03 -4.985955342200550922e-01 -1.155303404213278284e+01
-5.036246190173138126e-01 3.009169901403035627e-02 8.633983549134146562e-01 6.410778040439615211e+01 1.019306275430841187e-02 9.995306072161793676e-01 -2.889059863909381951e-02 -7.267400144934378359e-01 -8.638624641059984288e-01 -5.749342235730669527e-03 -5.036949490470508106e-01 -1.207256779346013431e+01
-5.091935126130996414e-01 2.780549874012168410e-02 8.602027711767671336e-01 6.496407909787897950e+01 1.310017267923890665e-02 9.996125887705210600e-01 -2.455723566700371285e-02 -7.923185349887972295e-01 -8.605523600469682233e-01 -1.235579323675746466e-03 -5.093605033739385668e-01 -1.258858806873883829e+01
-5.146575061845569676e-01 2.574710364943918334e-02 8.570091741979615207e-01 6.582381897203156029e+01 1.046254840857514454e-02 9.996631841812066988e-01 -2.374980535682734428e-02 -8.356272091373372346e-01 -8.573320234919989957e-01 -3.256514721111527545e-03 -5.147535429194004530e-01 -1.308708679750408166e+01
-5.196930426766629418e-01 2.780291065711741269e-02 8.539005365495727640e-01 6.665606540558243864e+01 1.147314037678216075e-02 9.996073363737092432e-01 -2.556443029990649110e-02 -8.847450393048656991e-01 -8.542760212273878828e-01 -3.488734944527709363e-03 -5.198079660205320307e-01 -1.359591379710802705e+01
-5.240898295669804696e-01 2.996211824127387527e-02 8.511357758086864900e-01 6.749703443127245350e+01 1.181680146935795185e-02 9.995405891634050466e-01 -2.791010203192711980e-02 -9.265151213555379295e-01 -8.515810153267315830e-01 -4.569697245716225313e-03 -5.242031146207986048e-01 -1.411583431805853017e+01
-5.292320809379882363e-01 3.037079761483531606e-02 8.479333736182746994e-01 6.835133272673506610e+01 1.056744603504235908e-02 9.995175952693966526e-01 -2.920455119345449421e-02 -9.742845810806660678e-01 -8.484113067444247758e-01 -6.495494369140682525e-03 -5.292977198368636893e-01 -1.464272971416403912e+01
-5.335498580527483492e-01 3.094417448909525872e-02 8.452023391187885037e-01 6.916776756249592495e+01 9.940866664413090109e-03 9.994908828203036277e-01 -3.031755776728571258e-02 -1.022450975536448592e+00 -8.457101985204419359e-01 -7.773884035005380541e-03 -5.335858317560656650e-01 -1.514126758592696476e+01
-5.363883153110793334e-01 2.974740962104678935e-02 8.434468885960992868e-01 6.997852518839478364e+01 9.460633927666033810e-03 9.995277726860946066e-01 -2.923573183614994533e-02 -1.085270999189642760e+00 -8.439182918322459814e-01 -7.702161845293110584e-03 -5.364164486374936036e-01 -1.564974553649369682e+01
-5.392623050416043284e-01 2.360598051853516482e-02 8.418069322310880453e-01 7.080881552102117382e+01 1.140820469235568312e-02 9.997201020747455980e-01 -2.072607906455579269e-02 -1.129171927448719748e+00 -8.420605862135474018e-01 -1.573286466487129652e-03 -5.393806696833109982e-01 -1.618572904090091313e+01
-5.413000699348308187e-01 1.573126863671210976e-02 8.406823113461433516e-01 7.163019597879763012e+01 1.234266829388683609e-02 9.998659016572449820e-01 -1.076277017991558380e-02 -1.156349588578009735e+00 -8.407389038307008233e-01 4.550375629223578355e-03 -5.414216495053593148e-01 -1.671011990202814346e+01
-5.430043669236831461e-01 1.356713011635663282e-02 8.396202580008154115e-01 7.244861085037547355e+01 1.333206966050550814e-02 9.998827363062532392e-01 -7.534555924939411592e-03 -1.177863855259832171e+00 -8.396240378718877739e-01 7.102579992911787002e-03 -5.431215713303166881e-01 -1.723560778547376060e+01
-5.439969866485013794e-01 1.751061114418856965e-02 8.389044309099423780e-01 7.325658918411961906e+01 1.207815200984870864e-02 9.998420561163547937e-01 -1.303767789312588847e-02 -1.227461322834213275e+00 -8.390002433227726764e-01 3.039958705874290599e-03 -5.441225626547495642e-01 -1.773604755415269096e+01
-5.453875957219361803e-01 2.232824171629847754e-02 8.378865121669692995e-01 7.405152053839164239e+01 1.208025577229212763e-02 9.997506865897047845e-01 -1.877850002310644736e-02 -1.281548909974347561e+00 -8.380969212210525043e-01 -1.196766824932132817e-04 -5.455213553301411222e-01 -1.826349119278405553e+01
-5.456306253273655038e-01 2.815073500362291758e-02 8.375528306038816373e-01 7.486733220215165829e+01 1.903778963842540570e-02 9.995940906019182837e-01 -2.119472969631166701e-02 -1.305338178394872761e+00 -8.378095217665729733e-01 4.380661940539155343e-03 -5.459450776788704607e-01 -1.879079065970161366e+01
-5.451364998279816243e-01 2.900300711666506728e-02 8.378454567249216112e-01 7.566161560292862021e+01 2.246584650817393114e-02 9.995478739631674658e-01 -1.998332702110197298e-02 -1.344518522205730537e+00 -8.380462360708563763e-01 7.929267471616804897e-03 -5.455416077085977200e-01 -1.932016020315867522e+01
-5.450651584333574551e-01 2.589627296817064925e-02 8.379936415772775149e-01 7.644608354300109454e+01 2.187259824692878996e-02 9.996218755405852363e-01 -1.666419366545049408e-02 -1.382198464442441654e+00 -8.381083307107964897e-01 9.246027900079381232e-03 -5.454254759192993518e-01 -1.984246675163087303e+01
-5.442415140630012527e-01 2.120617608886925243e-02 8.386605151434196603e-01 7.726294202770992570e+01 1.999091608803855655e-02 9.997244264737094044e-01 -1.230586660457122679e-02 -1.414671689114153530e+00 -8.386903774112982601e-01 1.006822952795913446e-02 -5.445154675766575858e-01 -2.036444517379561603e+01
-5.435566065561325821e-01 1.531568326866183938e-02 8.392327641901854429e-01 7.805305828621906983e+01 1.852333791641667601e-02 9.998089003941786901e-01 -6.248889047510313918e-03 -1.440601314779229813e+00 -8.391681076847289367e-01 1.214876819594435525e-02 -5.437364318599028357e-01 -2.086758377507829110e+01
-5.433113231097138618e-01 8.359920482655767635e-03 8.394896694263671577e-01 7.886293643739961112e+01 9.588137829448933197e-03 9.999469920013782653e-01 -3.752437071267822766e-03 -1.463400999124262913e+00 -8.394765543747102488e-01 6.010402095242170679e-03 -5.433626805135851612e-01 -2.139722706114757855e+01
-5.416708750211122192e-01 3.606522369201922099e-03 8.405829187411368864e-01 7.966477424032254362e+01 1.359310465209840561e-03 9.999932465974032958e-01 -3.414532581299888504e-03 -1.496395660825078133e+00 -8.405895710883435346e-01 -7.069387618621249822e-04 -5.416721204639316500e-01 -2.185479324126517042e+01
-5.402688830258537411e-01 4.391975789893714892e-03 8.414809752378044072e-01 8.044017369735153977e+01 4.855010137897255128e-03 9.999860048616727726e-01 -2.102129621689803694e-03 -1.512683776330746133e+00 -8.414784456699151427e-01 2.949684407589518286e-03 -5.402826461573021488e-01 -2.235739906693564905e+01
-5.368307057243809632e-01 7.111715499237713893e-03 8.436600049423967906e-01 8.127455964603556993e+01 9.836640164085941676e-03 9.999492645078381647e-01 -2.170000802727004713e-03 -1.536203053264990182e+00 -8.436326484781915269e-01 7.133857829923670978e-03 -5.368734259263386877e-01 -2.288050055345247813e+01
-5.317745178545403295e-01 9.716553350063489650e-03 8.468302295675036451e-01 8.204618194873600601e+01 9.719151716927358284e-03 9.999383481953171282e-01 -5.370091423722351057e-03 -1.572172591933164609e+00 -8.468302144021884192e-01 5.374794689218323485e-03 -5.318361708423330336e-01 -2.336259744042653708e+01
-5.240454425137169858e-01 1.205242162516080226e-02 8.516050141573257015e-01 8.282364603961056559e+01 1.544163985044753884e-02 9.998699648835750464e-01 -4.648554236839809971e-03 -1.588380309323911055e+00 -8.515503166886616571e-01 1.071412529960002330e-02 -5.241634085551294397e-01 -2.384406794123368201e+01
-5.154654448904387731e-01 1.458377274632365744e-02 8.567862483578773114e-01 8.362325677422850845e+01 2.281609539220950597e-02 9.997342649026906836e-01 -3.290187386360441443e-03 -1.623502071722596307e+00 -8.566065683722541291e-01 1.785253997422375782e-02 -5.156612135857163715e-01 -2.433862948216711430e+01
-5.058767128557162263e-01 1.506853333055267058e-02 8.624741603146653945e-01 8.439912260702780600e+01 2.269546724042011826e-02 9.997337912270811699e-01 -4.154805440375004821e-03 -1.631207753468316701e+00 -8.623071838957310220e-01 1.747243583867162664e-02 -5.060840326546276469e-01 -2.479195637133642549e+01
-4.944469460649708048e-01 1.224134643368004344e-02 8.691215986785620906e-01 8.525367187061323193e+01 1.862259106576079348e-02 9.998205012827644511e-01 -3.487733586869277373e-03 -1.652917765348290491e+00 -8.690083020799030944e-01 1.446079798347410690e-02 -4.945861602834494830e-01 -2.526145387637550499e+01
-4.834358942084582833e-01 9.006123671168207376e-03 8.753334290839930310e-01 8.606182973843783657e+01 1.977807037034524582e-02 9.998041922708542639e-01 6.364090796628944433e-04 -1.682431124778401177e+00 -8.751563156216568551e-01 1.762007027185665334e-02 -4.835193587024450568e-01 -2.571927570674113284e+01
-4.719652419451989545e-01 7.383192570899871007e-03 8.815862322123457773e-01 8.687343407289549191e+01 1.937165004547521802e-02 9.998103566174167955e-01 1.997483886194085113e-03 -1.694895845181399574e+00 -8.814043126851519583e-01 1.802052407175598267e-02 -4.720187627225195248e-01 -2.613387103580019044e+01
-4.596712596855248023e-01 6.733449861025348968e-03 8.880636122752751938e-01 8.772456338568970580e+01 1.875074260996830930e-02 9.998219316391520062e-01 2.124766495782838115e-03 -1.724764516566523964e+00 -8.878911846229695648e-01 1.762854743906894922e-02 -4.597156652116159425e-01 -2.654676787774240410e+01
-4.480345121290686405e-01 8.696882315225976795e-03 8.939739514011941779e-01 8.852002893235665226e+01 2.272804436445122894e-02 9.997402984080838717e-01 1.664842368039483583e-03 -1.730244723794951645e+00 -8.937273214967005330e-01 2.106418763297714797e-02 -4.481158212373971272e-01 -2.695449912986797614e+01
