1 0 0 0 0 1 0 0 0 0 1 0
0.99993966 -0.0022723141 0.010747724 0.0080801124 0.0022605749 0.99999684 0.0011042813 -0.0097751799 -0.0107502 -0.0010799186 0.99994163 0.29979588
0.99984142 -0.0040540376 0.017340816 0.014948079 0.0040320991 0.99999103 0.001299927 -0.013626529 -0.017345931 -0.001229801 0.99984879 0.59217638
0.9997923 -0.006990782 0.019143708 0.026246722 0.0069959429 0.99997551 -0.00020260852 -0.017604031 -0.019141824 0.00033649475 0.99981672 0.88629966
0.99980742 -0.0086156664 0.017632012 0.028874625 0.0086442842 0.99996144 -0.001547452 -0.023210083 -0.017618001 0.0016995702 0.99984335 1.2016264
0.99988026 -0.011167549 0.010711754 0.028370029 0.011202745 0.99993203 -0.0032313125 -0.024063038 -0.010674941 0.0033509268 0.99993741 1.5094702
0.99992515 -0.012161763 -0.0013364726 0.016438978 0.012155675 0.99991611 -0.0044732867 -0.036564919 0.0013907636 0.0044567062 0.9999891 1.8411613
0.99979114 -0.011650914 -0.016790714 -0.0045172432 0.011570246 0.99992109 -0.0048935292 -0.041410669 0.016846404 0.0046982345 0.99984705 2.1651338
0.99930504 -0.007537524 -0.036505084 -0.042487258 0.0073510445 0.99995925 -0.0052398599 -0.046820154 0.036543095 0.0049678679 0.99931973 2.5028435
0.99842469 -0.0041855517 -0.055951932 -0.085946305 0.0038214361 0.99997083 -0.0066130627 -0.05029804 0.055977984 0.0063888284 0.99841156 2.8572211
0.99715113 -0.0031848588 -0.075362343 -0.13022421 0.0026932402 0.99997443 -0.0066241311 -0.055395011 0.075381519 0.006402291 0.99713421 3.216568
0.99538206 -0.0044918867 -0.095887295 -0.18392064 0.003920556 0.99997343 -0.0061459294 -0.064785697 0.095912362 0.0057416164 0.99537322 3.6082841
0.99321771 -0.0056755787 -0.11613082 -0.24242718 0.0050748681 0.99997217 -0.0054677318 -0.072090005 0.11615863 0.0048412994 0.99321888 3.9888535
0.99105644 -0.0047899713 -0.13335733 -0.31487299 0.0042291778 0.99998099 -0.0044881412 -0.078511271 0.13337631 0.0038840094 0.99105786 4.3795987
0.98872909 -0.003453623 -0.14967587 -0.39173771 0.0029028503 0.99998819 -0.0038980889 -0.085651352 0.14968758 0.0034196672 0.98872743 4.7902225
0.98667694 -0.0030288662 -0.16266355 -0.47333383 0.0023881775 0.9999886 -0.0041341296 -0.09438173 0.16267423 0.0036905809 0.98667293 5.2056624
0.98460182 -0.0041955556 -0.17476169 -0.56657524 0.0033654019 0.9999816 -0.005046288 -0.10273614 0.17477966 0.0043804409 0.98459783 5.6515979
0.98281515 -0.0071670061 -0.18445328 -0.65310196 0.0060044246 0.99995844 -0.0068606483 -0.1154892 0.1844948 0.0056352132 0.98281734 6.095569
0.98137333 -0.0064990871 -0.19200038 -0.74981282 0.004942765 0.99995094 -0.0085836854 -0.12303056 0.19204677 0.0074747871 0.98135731 6.5519241
0.97971781 -0.0068085517 -0.20026644 -0.86678242 0.004791563 0.99993282 -0.010554514 -0.12784031 0.20032486 0.0093808563 0.97968462 7.0253166
0.97824359 -0.0069540875 -0.207343 -0.97173852 0.0043052384 0.99990329 -0.013223708 -0.13617064 0.20741493 0.012043347 0.97817892 7.5070223
0.97638443 -0.011081474 -0.21575599 -1.0860177 0.0080380699 0.99985551 -0.014978159 -0.14916763 0.21589082 0.012890179 0.97633242 8.0087397
0.97455667 -0.016417753 -0.22353916 -1.2057908 0.01316325 0.99978468 -0.016041422 -0.16577007 0.22375441 0.012690774 0.97456293 8.5264114
0.97273525 -0.017428933 -0.23126255 -1.3343264 0.013510048 0.99973724 -0.018518583 -0.19063795 0.23152456 0.01488931 0.97271511 9.0456916
0.97069097 -0.0140219 -0.2399217 -1.4828245 0.0087702053 0.99969831 -0.022942948 -0.19987032 0.24017104 0.02016635 0.97052109 9.5792732
0.96836458 -0.011238811 -0.24928643 -1.6384476 0.0049653505 0.9996553 -0.025780255 -0.21108224 0.24949026 0.023726891 0.96808659 10.094451
0.96608776 -0.013506303 -0.25786047 -1.800915 0.0065289558 0.99958952 -0.027895763 -0.23428056 0.25813141 0.025266195 0.96577937 10.663782
0.96377122 -0.01497514 -0.26630956 -1.9615075 0.0073693178 0.99953654 -0.029536541 -0.26211027 0.26662847 0.026503949 0.9634349 11.231032
0.96162391 -0.015389677 -0.27393905 -2.1360428 0.0068076281 0.9994566 -0.032251469 -0.28722986 0.27428655 0.029148909 0.96120614 11.794511
0.95929043 -0.014692113 -0.282039 -2.3257315 0.0046804731 0.99933584 -0.036138341 -0.3114862 0.28238266 0.033347089 0.95872207 12.401352
0.95710939 -0.015722548 -0.28929985 -2.5143726 0.0040231964 0.99915143 -0.040990575 -0.34311208 0.28969886 0.038068555 0.95636048 12.973333
0.95533233 -0.016326773 -0.2950823 -2.7197663 0.0021598143 0.99883187 -0.048272502 -0.38120432 0.29552577 0.04547896 0.95425164 13.60066
0.95407612 -0.016870196 -0.29908886 -2.9187996 -1.9928135e-05 0.99840943 -0.056379149 -0.4196618 0.29956429 0.053795961 0.95255826 14.227895
0.95270494 -0.01699215 -0.30342142 -3.1247093 -0.0027732723 0.99790788 -0.064592374 -0.46024472 0.30388422 0.062378945 0.95066464 14.81843
0.95133656 -0.016471548 -0.30771323 -3.3514802 -0.0065867756 0.99725531 -0.073745865 -0.50976581 0.30808338 0.072183977 0.94861695 15.476746
0.95003067 -0.01525674 -0.3117835 -3.5746453 -0.01058635 0.99665564 -0.081027612 -0.57013372 0.31197702 0.080279367 0.94669191 16.116174
0.94849164 -0.014708972 -0.31646049 -3.8111152 -0.013738965 0.99607194 -0.08747533 -0.63179219 0.31650412 0.087317461 0.94456382 16.788553
0.94683259 -0.012844907 -0.32147012 -4.0565138 -0.018173057 0.99547205 -0.09330132 -0.70111385 0.321213 0.094182827 0.94231195 17.457027
0.94525471 -0.011336293 -0.3261365 -4.2986836 -0.022113401 0.99487415 -0.098673344 -0.77797636 0.32558339 0.10048343 0.94015879 18.114265
0.94337027 -0.0083417214 -0.33163677 -4.5734835 -0.027110692 0.99440145 -0.10213113 -0.85488332 0.33063206 0.10533838 0.93786261 18.823964
0.94166483 -0.0079156378 -0.33645902 -4.8335529 -0.028546339 0.99424209 -0.10328491 -0.93098926 0.33533931 0.10686445 0.93601685 19.500974
0.9394011 -0.0067538938 -0.34275349 -5.1208085 -0.030067954 0.9943297 -0.10200177 -1.016886 0.34149892 0.10612647 0.93387134 20.222155
0.93713059 -0.0066255273 -0.34891596 -5.4045753 -0.030626316 0.99440071 -0.10113978 -1.1046161 0.34763242 0.10546719 0.93168041 20.959263
0.93461045 -0.0065018831 -0.35561358 -5.677539 -0.03078825 0.99460092 -0.099101382 -1.1906381 0.35433797 0.10356991 0.92936424 21.670764
0.9322591 -0.0062627448 -0.3617371 -5.9491162 -0.030398458 0.99495866 -0.095567772 -1.271435 0.36051201 0.10009018 0.92736889 22.379178
0.92842285 -0.0031824696 -0.37151161 -6.2890552 -0.032789639 0.99535932 -0.090469175 -1.3555865 0.37007548 0.096175382 0.92400998 23.206611
0.92488225 -0.0015694094 -0.38025038 -6.6118829 -0.033188304 0.99584222 -0.084833984 -1.4345903 0.37880255 0.091081313 0.92098471 23.913614
0.92107533 0.0013055763 -0.38938223 -6.9459908 -0.035695775 0.99606674 -0.081097828 -1.5117527 0.38774485 0.088596511 0.9174991 24.660045
0.91789134 0.0021841782 -0.39682579 -7.2854266 -0.036627048 0.99618259 -0.079238315 -1.5871278 0.3951379 0.087266721 0.91446737 25.405121
0.91382338 0.0039742823 -0.40609237 -7.6415106 -0.039159485 0.99615487 -0.078370961 -1.6650784 0.40421946 0.087519586 0.91046525 26.177013
0.90975335 0.0034365064 -0.41513493 -7.9970941 -0.039010923 0.99624872 -0.077244042 -1.7368128 0.41331223 0.086467825 0.90647467 26.928213
0.90622791 0.0045003967 -0.42276555 -8.3835814 -0.040208337 0.99632848 -0.07558336 -1.8107855 0.42087324 0.085494451 0.90308163 27.732721
0.90228472 0.0043200471 -0.43111901 -8.770204 -0.039793212 0.99651594 -0.073297182 -1.8844037 0.42930035 0.083290539 0.89931302 28.506802
0.89865336 0.004760201 -0.43863363 -9.1660491 -0.038964555 0.9968547 -0.069010661 -1.9521247 0.43692553 0.079107828 0.8960123 29.269363
0.89492596 0.0065738537 -0.44616622 -9.5938147 -0.039041062 0.99721051 -0.063616069 -2.0205469 0.44450348 0.074350476 0.89268622 30.08638
0.89127229 0.0059056589 -0.45343005 -9.9976324 -0.036791841 0.9975604 -0.059326227 -2.0887036 0.45197354 0.069558349 0.88931523 30.88304
0.88758936 0.0053634222 -0.46060432 -10.448611 -0.035621548 0.99773706 -0.057025127 -2.154143 0.45925619 0.067022336 0.88577185 31.694626
0.88489878 0.0058972805 -0.46574602 -10.880545 -0.036208752 0.99776491 -0.056161464 -2.215965 0.46437388 0.066561294 0.88313448 32.523219
0.88159912 0.0057287375 -0.47196415 -11.322696 -0.035476256 0.99790215 -0.054154778 -2.2668951 0.47066384 0.064486326 0.87995289 33.346385
0.87820357 0.0042033648 -0.47826854 -11.807651 -0.033599743 0.99803307 -0.052924901 -2.3346784 0.4771054 0.062548539 0.87661744 34.193332
0.87510068 0.0018139578 -0.48393748 -12.258137 -0.03128351 0.99811347 -0.052828484 -2.3915342 0.48292873 0.061369506 0.87350652 35.001092
0.87340839 0.0021040192 -0.48698393 -12.764578 -0.031997005 0.99807779 -0.053074597 -2.4550872 0.48593621 0.061937826 0.87179684 35.85381
0.87306395 0.0025125735 -0.48759923 -13.250847 -0.032963701 0.99800317 -0.053880029 -2.512024 0.48649024 0.063113787 0.87140342 36.725818
0.87178197 0.0034129188 -0.48988215 -13.766764 -0.03361836 0.99803518 -0.052873258 -2.5763988 0.48873921 0.062562989 0.87018382 37.582526
0.87185545 0.0027061148 -0.48975579 -14.26698 -0.031950728 0.99816883 -0.051362853 -2.6378348 0.48872001 0.060429038 0.87034539 38.485399
0.87125555 0.00083259141 -0.49082895 -14.782413 -0.029538049 0.99827506 -0.050738719 -2.7037989 0.48994009 0.058704521 0.86977727 39.374988
0.87110686 -0.001882583 -0.49108988 -15.284331 -0.026815558 0.99831842 -0.051393101 -2.7642452 0.49036087 0.057937732 0.86959154 40.27154
0.86950179 -0.0020400033 -0.49392555 -15.82863 -0.027080812 0.99829044 -0.051795921 -2.8270937 0.49318686 0.058412552 0.86796009 41.203446
0.86875652 -0.0029324643 -0.49523075 -16.349684 -0.025106298 0.99843587 -0.049954765 -2.8927661 0.49460268 0.055831939 0.86732405 42.102945
0.86608492 -0.0011523401 -0.49989555 -16.889338 -0.025466089 0.99859722 -0.046422733 -2.9605705 0.49924784 0.052936415 0.86484065 43.034143
0.8635615 -0.00086316315 -0.50424277 -17.409478 -0.02346224 0.99884667 -0.041891039 -3.0238663 0.50369741 0.048006154 0.86254527 43.934955
0.85992807 -0.003998103 -0.51039955 -17.963082 -0.019119371 0.99901521 -0.040038139 -3.0797387 0.51005704 0.044188439 0.85900479 44.840524
0.85421078 -0.0062571996 -0.51988919 -18.521057 -0.018122207 0.99896167 -0.041799073 -3.1434722 0.51961097 0.045126759 0.85321043 45.74834
0.84909501 -0.0082144078 -0.52817626 -19.091304 -0.018612614 0.99879297 -0.045455221 -3.2084313 0.52791217 0.048426542 0.84791723 46.633311
0.84291321 -0.0084202697 -0.53798363 -19.669177 -0.018882333 0.99879869 -0.045217586 -3.2708307 0.53771814 0.048272888 0.84174162 47.538532
0.83695004 -0.0055510164 -0.54725113 -20.270061 -0.019579 0.99900476 -0.040076912 -3.3282093 0.54692899 0.044257004 0.83600839 48.43583
0.83213583 -0.0033291558 -0.55456185 -20.853797 -0.019427411 0.99919321 -0.035149756 -3.3836833 0.5542315 0.040023073 0.8313998 49.280753
0.82803365 -0.0025803212 -0.56067245 -21.48291 -0.021458298 0.99911093 -0.036288957 -3.4358197 0.56026766 0.042079554 0.8272421 50.183787
0.82589655 -0.004940377 -0.56380001 -22.099969 -0.021997576 0.99891792 -0.040976857 -3.4931943 0.56339242 0.046244879 0.82489419 51.062756
0.82211359 -0.0065302308 -0.56928602 -22.696957 -0.025191697 0.99853758 -0.047833803 -3.5599052 0.5687659 0.053666101 0.82074681 51.878718
0.81874488 -0.0070761399 -0.57411386 -23.335504 -0.026224855 0.99841958 -0.049705159 -3.6231693 0.57355828 0.055751898 0.81726535 52.74976
0.81653013 -0.0051963914 -0.57727941 -23.948101 -0.026153794 0.99859984 -0.045982022 -3.693002 0.57671012 0.052643754 0.81525095 53.644833
0.81336612 -0.0047052748 -0.58173309 -24.593526 -0.022824456 0.99893926 -0.039992433 -3.7520362 0.58130425 0.045806232 0.81239595 54.529006
0.81051154 -0.0024461794 -0.58571753 -25.226377 -0.023688464 0.99903623 -0.036952273 -3.8076928 0.58524348 0.043824992 0.80967245 55.370931
0.80760679 -0.00066768061 -0.58972094 -25.857641 -0.026663244 0.99893537 -0.037645577 -3.8688043 0.5891183 0.046126698 0.80672919 56.221615
0.80297755 -0.0021389293 -0.59600541 -26.531396 -0.026496418 0.99887678 -0.039282452 -3.9253102 0.59542004 0.047334936 0.80201896 57.09747
0.7994584 -0.0029461026 -0.6007142 -27.168496 -0.027705187 0.99874308 -0.041769518 -3.9855627 0.60008226 0.050035892 0.79837192 57.935587
0.79596959 -0.0042139086 -0.60532192 -27.82309 -0.026823995 0.99874798 -0.042224996 -4.0442402 0.60474202 0.049846966 0.79485999 58.78803
0.79073918 -0.0057991814 -0.61212572 -28.492005 -0.024728889 0.99883628 -0.041407397 -4.1015201 0.61165355 0.04787964 0.78967557 59.623353
0.78693021 -0.0065170478 -0.61700757 -29.153696 -0.023526411 0.99890024 -0.040556265 -4.1584274 0.61659337 0.046430925 0.78591146 60.466096
0.78108161 -0.007004529 -0.62438964 -29.864364 -0.0241586 0.99884944 -0.041426547 -4.2289271 0.62396147 0.047441895 0.78001371 61.33559
0.77663204 -0.0078257702 -0.62990586 -30.555963 -0.024275163 0.99880837 -0.042338569 -4.2861236 0.62948663 0.048172557 0.77551661 62.162853
0.77208696 -0.0081612609 -0.63546447 -31.237424 -0.025058759 0.99874896 -0.043273215 -4.3476558 0.63502269 0.049334637 0.77091654 62.999243
0.76487785 -0.010536056 -0.64408915 -31.978223 -0.023356161 0.99875521 -0.044073945 -4.4104105 0.64375182 0.048754635 0.76367966 63.83443
0.75965593 -0.013113957 -0.65019293 -32.656855 -0.021585095 0.99873735 -0.045362908 -4.4702522 0.64996691 0.048494679 0.75841369 64.651135
0.75268467 -0.013642643 -0.65823979 -33.408074 -0.021344167 0.99875413 -0.045106771 -4.5365846 0.65803514 0.048000756 0.75145573 65.44843
0.74739229 -0.014217766 -0.66423082 -34.163097 -0.020013075 0.99883552 -0.043898635 -4.6003651 0.66408153 0.046102803 0.74623742 66.290741
0.74115614 -0.014560949 -0.67117473 -34.879944 -0.019437243 0.99888018 -0.043134333 -4.6649488 0.67105127 0.045015062 0.74004316 67.122286
0.73378298 -0.016384387 -0.67918632 -35.658245 -0.017940588 0.99889322 -0.043479602 -4.7277292 0.67914705 0.044089594 0.7326769 67.90647
0.7277082 -0.017448973 -0.68566484 -36.420778 -0.018452192 0.99881648 -0.045001771 -4.7965467 0.68563863 0.045400177 0.72652497 68.712625
0.72281357 -0.018388262 -0.69079836 -37.203766 -0.017743146 0.9988225 -0.045152967 -4.855304 0.69081529 0.044894114 0.72163619 69.496995
0.71682347 -0.017437817 -0.69703658 -37.995238 -0.018460654 0.99886213 -0.043973308 -4.9228211 0.6970103 0.04438885 0.71568591 70.318659
0.7132027 -0.016784568 -0.70075684 -38.821385 -0.019607557 0.99884437 -0.043880174 -4.9863454 0.70068359 0.045035588 0.7120494 71.122154
0.70762605 -0.018403693 -0.70634739 -39.628239 -0.019109694 0.99879663 -0.045167665 -5.052314 0.7063287 0.0454599 0.70642283 71.924288
0.70253016 -0.01853578 -0.71141251 -40.447705 -0.02144575 0.99865532 -0.047197849 -5.1262598 0.71133079 0.048414688 0.70118797 72.734751
0.69819941 -0.020005022 -0.71562374 -41.267693 -0.022570235 0.99849749 -0.049933345 -5.1939013 0.71554749 0.051015228 0.69669884 73.516807
0.69284776 -0.020873384 -0.72078168 -42.126352 -0.022644508 0.99845811 -0.050681635 -5.2686618 0.72072827 0.051436405 0.6913068 74.311712
0.68781388 -0.021130532 -0.72557944 -42.986026 -0.021371909 0.99855337 -0.049339681 -5.3410435 0.72557244 0.049443535 0.68636727 75.114648
0.68378028 -0.021305554 -0.72937683 -43.819503 -0.020415826 0.99862372 -0.048309965 -5.4124532 0.72940234 0.047924232 0.68240424 75.880434
0.67828376 -0.023369691 -0.73442832 -44.701917 -0.018248737 0.99865009 -0.048630975 -5.4885141 0.73457347 0.04638799 0.67694167 76.6662
0.67355282 -0.022852088 -0.73878572 -45.567299 -0.019799645 0.99860544 -0.048940205 -5.5623956 0.73887389 0.047591508 0.67216105 77.449736
0.66999435 -0.023182235 -0.74200412 -46.453954 -0.01927671 0.998632 -0.04860594 -5.6352341 0.74211591 0.046869104 0.66863092 78.249706
0.66570875 -0.024654981 -0.74580423 -47.337647 -0.017308501 0.99867495 -0.048464101 -5.7026573 0.74601094 0.04517173 0.66439991 79.012317
0.66145909 -0.02737678 -0.74948138 -48.245011 -0.014890987 0.99865712 -0.049620705 -5.784175 0.74983343 0.043982584 0.66016316 79.776972
0.65782466 -0.031604755 -0.75250768 -49.127397 -0.011806286 0.99856374 -0.052259702 -5.8564867 0.7530786 0.043262042 0.65650671 80.572702
0.65189647 -0.035552046 -0.75747409 -50.035485 -0.0083444647 0.99850357 -0.054046167 -5.9333904 0.7582621 0.041553221 0.65062429 81.3463
0.64680234 -0.040315704 -0.76159132 -50.954331 -0.0014579048 0.99853464 -0.054096734 -6.0100371 0.76265632 0.036100222 0.64579576 82.133838
0.63882423 -0.043289321 -0.76813384 -51.879469 0.00231518 0.99851939 -0.054347603 -6.0999675 0.76934927 0.032940197 0.6379786 82.912355
0.6305164 -0.044461159 -0.77490142 -52.833202 0.0049531577 0.99856817 -0.053264131 -6.1805258 0.77616015 0.029745699 0.62983384 83.668542
0.62038624 -0.044157859 -0.78305232 -53.802381 0.0071060188 0.99868925 -0.050688187 -6.2516394 0.78426428 0.025881869 0.61988686 84.407402
0.61204667 -0.042956783 -0.78965406 -54.750985 0.0050846742 0.99871674 -0.050388647 -6.3375248 0.79080533 0.02682507 0.61147968 85.130019
0.60440504 -0.045196142 -0.79539412 -55.711191 0.0055235729 0.99860324 -0.052545698 -6.4116925 0.79665807 0.027365467 0.60381048 85.871213
0.59400977 -0.04720286 -0.80307175 -56.714253 0.006079048 0.99851193 -0.054193918 -6.4947219 0.80443489 0.027309805 0.59341279 86.577182
0.584039 -0.048271869 -0.81028897 -57.718563 0.005448981 0.99844086 -0.055553254 -6.5702128 0.81170734 0.028030017 0.58339143 87.295845
0.57392343 -0.049479624 -0.81741275 -58.707936 0.0084694694 0.99847822 -0.054493277 -6.6558248 0.8188652 0.024351916 0.57346911 87.982864
0.5637067 -0.049193774 -0.82450875 -59.759184 0.0094330769 0.99854315 -0.053128142 -6.7410613 0.8259212 0.022171035 0.56334951 88.68184
0.5534123 -0.049232077 -0.83145112 -60.763196 0.0092545368 0.99855339 -0.052966772 -6.8256554 0.83285607 0.021617768 0.55306735 89.362749
0.54403373 -0.050725144 -0.83752863 -61.825005 0.0088246446 0.99846165 -0.054739868 -6.9083056 0.83901698 0.022389442 0.54364445 90.043312
0.53339178 -0.051135598 -0.84432121 -62.884629 0.0075837516 0.99842 -0.055677499 -6.9938548 0.84583436 0.023294798 0.53293682 90.69803
0.52514433 -0.051637282 -0.84944509 -63.952472 0.0056053654 0.99834566 -0.057223511 -7.080987 0.85099475 0.025289152 0.52456501 91.342056
0.51544656 -0.052343734 -0.85532153 -65.068638 0.0057348257 0.99832102 -0.057638972 -7.1631142 0.85690257 0.02480469 0.51488132 91.981775
0.5081886 -0.050304401 -0.85977541 -66.152976 0.0044575545 0.998433 -0.055782353 -7.2599034 0.86123431 0.02451546 0.5076165 92.609718
0.49935377 -0.048424852 -0.8650438 -67.238929 0.0050507797 0.99858255 -0.052984699 -7.3421317 0.8663835 0.022088964 0.49889055 93.2223
0.49083261 -0.04866085 -0.8698939 -68.353326 0.0051153299 0.99858283 -0.052973262 -7.4265035 0.87123891 0.02155121 0.49038594 93.837279
0.4845612 -0.052060692 -0.87320677 -69.470854 0.0073478773 0.99843447 -0.055449287 -7.5175628 0.87472654 0.020452357 0.48418514 94.462183
0.4773165 -0.054391363 -0.87704645 -70.591752 0.0081610677 0.99831385 -0.057470432 -7.608582 0.87869359 0.02027395 0.47695557 95.062134
0.47028494 -0.058611004 -0.88056616 -71.666713 0.011297919 0.99811026 -0.060400917 -7.6940594 0.88244235 0.018457076 0.4700584 95.626426
0.46646232 -0.061826935 -0.88237762 -72.795457 0.012422335 0.99791371 -0.063355409 -7.7904142 0.88445388 0.01859172 0.46625718 96.233867
0.46052319 -0.062678173 -0.88543197 -73.966014 0.014753728 0.99790658 -0.062966473 -7.8931925 0.88752509 0.015934098 0.46048386 96.815986
0.45670705 -0.060304936 -0.8875708 -75.083064 0.016184266 0.99809789 -0.059486816 -7.9913958 0.88946996 0.012803366 0.45681433 97.405519
0.45287626 -0.05860951 -0.88964485 -76.194458 0.020862291 0.99826038 -0.055145057 -8.0810909 0.8913293 0.0064138563 0.45331115 97.95122
0.44959232 -0.058299695 -0.89132925 -77.327983 0.022334953 0.9982895 -0.054029811 -8.1780877 0.89295463 0.004383591 0.45012542 98.531697
0.44517261 -0.057173888 -0.89361761 -78.425834 0.022214747 0.99835754 -0.052808477 -8.2643902 0.89516921 0.0036573978 0.44571154 99.08568
0.44322748 -0.056670196 -0.89461602 -79.543315 0.024695448 0.99839282 -0.051008941 -8.3577461 0.89606897 0.0005156199 0.44391463 99.633563
0.43954492 -0.056082475 -0.89646804 -80.646629 0.026441741 0.99842424 -0.04949621 -8.4412887 0.89783137 -0.0019483685 0.44033522 100.18786
0.43795816 -0.056233093 -0.89723488 -81.759132 0.027211217 0.99841367 -0.049292014 -8.5292571 0.89858348 -0.0028270135 0.43879358 100.7214
0.43670535 -0.057572334 -0.89776043 -82.854192 0.031276641 0.99831842 -0.048806835 -8.6119572 0.89906077 -0.0067647252 0.43777167 101.23995
0.43314781 -0.056373416 -0.89955819 -83.948882 0.034203962 0.99835131 -0.046094965 -8.6920086 0.90067371 -0.010802522 0.43436188 101.7774
0.43123992 -0.056143518 -0.90048874 -85.02233 0.036195888 0.99833509 -0.044909982 -8.7748514 0.90151099 -0.013227014 0.43255411 102.31192
0.42868145 -0.05666899 -0.90167665 -86.129193 0.037743611 0.99828289 -0.044796212 -8.8562196 0.902667 -0.014829229 0.43008425 102.80658
0.42956099 -0.057820504 -0.90118482 -87.210137 0.038835854 0.99820761 -0.045533945 -8.9344898 0.90220242 -0.015438676 0.43103656 103.32049
0.42986996 -0.060145002 -0.9008853 -88.253296 0.04081144 0.99805336 -0.047158401 -9.0173152 0.90196802 -0.016494448 0.43148776 103.8096
0.42861765 -0.059734509 -0.90150908 -89.307125 0.039055621 0.99810426 -0.047566176 -9.0946115 0.90264148 -0.014821296 0.43013807 104.29369
0.43264268 -0.059337648 -0.89961063 -90.320905 0.036164495 0.99817087 -0.048446302 -9.1756958 0.90083989 -0.011574027 0.43399724 104.77972
0.43685254 -0.059296171 -0.8975766 -91.349794 0.032941877 0.99821024 -0.049911397 -9.255304 0.89892978 -0.0077639383 0.43802401 105.27982
0.44082446 -0.060045831 -0.89558262 -92.377179 0.033225189 0.99816772 -0.050569689 -9.3349536 0.89697823 -0.007463547 0.44201178 105.77167
0.44738742 -0.059749046 -0.89234213 -93.347592 0.031571264 0.99819908 -0.051008302 -9.4111554 0.89378287 -0.0053518972 0.44846807 106.24582
0.45361118 -0.05854559 -0.88927456 -94.363 0.030291593 0.99827617 -0.050270259 -9.4897579 0.89068479 -0.004134392 0.45460267 106.73125
0.46101255 -0.057532968 -0.88552658 -95.351089 0.029624497 0.99833768 -0.049439583 -9.565987 0.88689903 -0.0034410117 0.46195058 107.26031
0.47067379 -0.056778013 -0.88047849 -96.347891 0.028264528 0.99838539 -0.049272035 -9.6398829 0.88185451 -0.0016952547 0.47151864 107.7715
0.47976263 -0.057467075 -0.8755143 -97.282996 0.029929049 0.99834393 -0.049128914 -9.7154837 0.87688776 -0.0026330942 0.48068804 108.28401
0.49010611 -0.05794877 -0.86973437 -98.253648 0.028691514 0.99831952 -0.050348134 -9.7902236 0.87119049 -0.0002780684 0.49094513 108.82189
0.49977185 -0.058042594 -0.8642101 -99.213484 0.024424551 0.99829982 -0.052923714 -9.8664063 0.86581269 0.0053418379 0.50033981 109.38372
0.51113482 -0.059143942 -0.8574632 -100.13814 0.023612572 0.99821937 -0.054777186 -9.9462477 0.85917618 0.0077516151 0.51162121 109.91952
0.52340334 -0.057090858 -0.85017028 -101.04591 0.020709766 0.99831048 -0.054288937 -10.015472 0.85183338 0.010808183 0.52370138 110.46974
0.5360989 -0.055259575 -0.84234452 -101.97678 0.020260753 0.99840994 -0.052603111 -10.096172 0.84391204 0.011133935 0.53636607 111.04178
0.5487103 -0.052694218 -0.83435021 -102.88582 0.018737335 0.99853606 -0.050740934 -10.168194 0.8358026 0.012208573 0.54889437 111.63757
0.55947854 -0.052241663 -0.82719678 -103.77179 0.019132657 0.99855974 -0.050123637 -10.245665 0.82862402 0.012216627 0.55967227 112.22302
0.57054027 -0.052005521 -0.81962136 -104.62481 0.018594867 0.99855523 -0.050415066 -10.317768 0.82105912 0.013523075 0.57068301 112.84149
0.58270849 -0.053534482 -0.81091603 -105.50888 0.019693269 0.99846511 -0.051764766 -10.39624 0.81244264 0.014194181 0.58286837 113.44064
0.59212859 -0.055312616 -0.80394291 -106.31203 0.022031438 0.99837979 -0.05246337 -10.467359 0.80554231 0.013353042 0.59238783 114.06203
0.60419256 -0.053880948 -0.79501455 -107.16498 0.020094832 0.99842423 -0.052395138 -10.542389 0.79658496 0.015681068 0.60432322 114.69356
0.61437219 -0.05263321 -0.78725885 -107.96993 0.020514457 0.99850084 -0.050746706 -10.614626 0.78874966 0.015027176 0.61453089 115.31338
0.62381715 -0.050578495 -0.779932 -108.77233 0.021477156 0.99863635 -0.047583258 -10.686206 0.78127521 0.01293253 0.62405276 115.95716
0.6349443 -0.049527098 -0.77096871 -109.57342 0.021233274 0.99868473 -0.046668575 -10.759508 0.7722661 0.013261756 0.6351608 116.5835
0.6447107 -0.048063437 -0.76291413 -110.33417 0.018541148 0.99871099 -0.047250149 -10.822858 0.7642018 0.016317373 0.64477082 117.22145
0.65387731 -0.047274465 -0.7551222 -111.08284 0.016046654 0.99868806 -0.048627761 -10.887577 0.75643044 0.019679405 0.65377806 117.8854
0.66316157 -0.046635726 -0.74702195 -111.8363 0.015799757 0.99870684 -0.048322044 -10.956168 0.74830952 0.020242557 0.66304083 118.53392
0.6721826 -0.044570266 -0.73904263 -112.56806 0.015059568 0.99880296 -0.04653877 -11.018552 0.74023227 0.020152888 0.67204918 119.1695
0.68035426 -0.043954248 -0.73156412 -113.28112 0.016248005 0.99885919 -0.044903386 -11.084499 0.7327033 0.018663752 0.68029227 119.83684
0.68864191 -0.042639328 -0.72384678 -113.95323 0.015891278 0.99891724 -0.043724392 -11.149786 0.72492746 0.018607599 0.68857387 120.49625
0.69683253 -0.041467636 -0.71603409 -114.67137 0.01439386 0.99893472 -0.043843376 -11.210386 0.71708945 0.020244996 0.69668709 121.1617
0.70408984 -0.039890969 -0.70898953 -115.33244 0.013238597 0.99898476 -0.043060309 -11.273445 0.70998752 0.0209323 0.70390313 121.82091
0.71116893 -0.038442803 -0.70196928 -116.00081 0.013986099 0.99907985 -0.04054444 -11.329568 0.70288206 0.019016134 0.71105221 122.48704
0.71867457 -0.036279245 -0.69439948 -116.65127 0.01351704 0.99917819 -0.038212986 -11.38543 0.69521521 0.018076475 0.71857435 123.13998
0.72605725 -0.035054684 -0.68674013 -117.28511 0.013405002 0.99923151 -0.036833359 -11.443581 0.68750361 0.017537374 0.72596919 123.81454
0.73335931 -0.032890611 -0.67904513 -117.91527 0.011187221 0.99927761 -0.036319528 -11.49805 0.67974922 0.019038636 0.73319749 124.48165
0.74126405 -0.030425191 -0.67052359 -118.52251 0.0092368461 0.99933992 -0.035133987 -11.549325 0.67115001 0.019850038 0.74105579 125.14815
0.75021504 -0.027630625 -0.6606163 -119.09845 0.00818936 0.99943812 -0.032501951 -11.596867 0.66114322 0.018973428 0.75001979 125.79509
0.75947673 -0.024087164 -0.65008835 -119.66983 0.0061107855 0.99953434 -0.029895857 -11.638728 0.65050579 0.018732657 0.75927027 126.46871
0.76862677 -0.021666964 -0.63933043 -120.21306 0.0044887971 0.9995843 -0.028479401 -11.686043 0.63968178 0.019020205 0.76840451 127.09389
0.77871326 -0.021185185 -0.62702218 -120.76219 0.0034156466 0.99955806 -0.029530076 -11.725561 0.62737072 0.020853775 0.77844147 127.76831
0.78837767 -0.021803298 -0.61480504 -121.29351 0.0034021874 0.99951099 -0.03108372 -11.776478 0.61518217 0.022414029 0.78806633 128.44711
0.7983993 -0.021362105 -0.60174927 -121.80378 0.0034613739 0.99951679 -0.030890314 -11.81703 0.60211843 0.022579926 0.79808745 129.13196
0.8082816 -0.019583737 -0.58847031 -122.30607 0.0028561052 0.99956536 -0.029341646 -11.854342 0.58878921 0.02203558 0.80798622 129.81567
0.81785877 -0.017723916 -0.57514595 -122.77057 0.0027919995 0.99963598 -0.026834932 -11.894808 0.57541225 0.020341378 0.81761054 130.49709
0.82723982 -0.016523101 -0.56160594 -123.25415 0.0031821102 0.99968923 -0.024724806 -11.933026 0.56183999 0.018666252 0.82703532 131.1986
0.83624284 -0.014901104 -0.54815677 -123.70669 0.0034691127 0.99975448 -0.021885025 -11.963455 0.54834834 0.016399577 0.83608921 131.88619
0.84405604 -0.014320897 -0.5360637 -124.17066 0.0043936057 0.99979448 -0.0197915 -11.995342 0.536237 0.014349883 0.84394549 132.59944
0.85085049 -0.014506183 -0.52520757 -124.60516 0.005648424 0.99981357 -0.018464156 -12.03341 0.52537755 0.012743641 0.8507738 133.33216
0.85791531 -0.014616915 -0.51358314 -125.03569 0.0060009938 0.99981213 -0.018430949 -12.065025 0.5137561 0.012730184 0.85784185 134.03303
0.86471166 -0.013675858 -0.50208235 -125.45899 0.0053593784 0.99982356 -0.018003279 -12.091595 0.50224002 0.012876796 0.86463239 134.79196
0.87086833 -0.011911981 -0.49137199 -125.89468 0.0038830158 0.99984182 -0.017356507 -12.120179 0.49150106 0.013207227 0.87077684 135.51644
0.87724914 -0.011169024 -0.47990539 -126.30018 0.0034663714 0.99985061 -0.016933514 -12.145647 0.48002287 0.01319138 0.8771568 136.25355
0.88258674 -0.011675439 -0.47000458 -126.708 0.0041222236 0.99984535 -0.017096459 -12.179136 0.47013154 0.013151644 0.88249838 137.01883
0.88738988 -0.01240373 -0.46085282 -127.09649 0.0048619082 0.99983419 -0.017548477 -12.202371 0.46099411 0.013331717 0.88730305 137.77158
0.89184431 -0.013009065 -0.45215536 -127.48101 0.0052817906 0.99981771 -0.018348028 -12.239661 0.45231167 0.013975395 0.89175045 138.53067
0.89521112 -0.012536322 -0.4454659 -127.8825 0.0050851134 0.99982653 -0.017918089 -12.265184 0.44561329 0.013775228 0.89511958 139.31588
0.89826912 -0.010712318 -0.43931518 -128.28213 0.0048666916 0.99988403 -0.014430362 -12.290831 0.43941885 0.010824337 0.89821708 140.11629
0.90158042 -0.0072129165 -0.4325514 -128.65887 0.002872174 0.99993876 -0.010687699 -12.313114 0.43260203 0.0083934571 0.90154592 140.9126
0.90436853 -0.0043379663 -0.42673028 -129.04576 0.00095046382 0.99996633 -0.0081509348 -12.33611 0.42675131 0.006965857 0.9043422 141.7172
0.90754865 -0.0016029865 -0.41994387 -129.43454 -0.00088003286 0.99998326 -0.0057189365 -12.356747 0.41994604 0.0055597773 0.90753205 142.55915
0.91057499 9.1338614e-05 -0.41334388 -129.82086 -0.0017514774 0.99999185 -0.0036374401 -12.365479 0.41334022 0.0040361241 0.91056773 143.40436
0.91379061 0.0011370125 -0.40618396 -130.21972 -0.0016978373 0.99999804 -0.0010203689 -12.384903 0.40618204 0.0016220375 0.91379075 144.26228
0.9169929 0.0017432082 -0.39889969 -130.59272 -0.001305877 0.99999821 0.001368076 -12.399561 0.39890139 -0.00073360241 0.91699354 145.13858
0.92067493 0.0014893499 -0.39032735 -130.98173 -0.0006039628 0.99999696 0.0023910491 -12.412396 0.39032976 -0.0019656361 0.92067303 146.02401
0.92394181 0.00074153314 -0.38253232 -131.34707 0.00015489499 0.99999731 0.0023126019 -12.412932 0.38253304 -0.0021959623 0.92393921 146.92923
0.92745646 -0.0020428653 -0.37392558 -131.7214 0.0028492453 0.99999465 0.0016037852 -12.442628 0.37392033 -0.002552847 0.92745732 147.84514
0.93165725 -0.0035513346 -0.36332099 -132.09162 0.0039428853 0.99999217 0.00033609557 -12.442611 0.36331698 -0.0017456592 0.93166396 148.77853
0.93584639 -0.0045391919 -0.35237895 -132.45198 0.0042972471 0.99998969 -0.0014688227 -12.461959 0.35238201 -0.00013966727 0.93585624 149.71658
0.94048378 -0.0029981876 -0.33982534 -132.7936 0.0022124801 0.99999391 -0.0026995276 -12.476784 0.33983139 0.0017870049 0.94048468 150.67224
0.9463541 0.0001481628 -0.32313137 -133.15449 -0.00081082287 0.99999784 -0.0019161342 -12.493365 0.32313041 0.0020753436 0.94635218 151.65307
0.95263872 0.0039920744 -0.30407815 -133.47153 -0.0038471929 0.99999202 0.0010755713 -12.496938 0.30408004 0.00014521622 0.95264648 152.66927
0.95841001 0.0072877705 -0.28530184 -133.7724 -0.0066673355 0.99997282 0.0031459025 -12.511131 0.28531704 -0.0011128616 0.95843255 153.68799
0.96475674 0.0089994242 -0.26298943 -134.07863 -0.0082958422 0.99995842 0.0037856306 -12.530914 0.26301259 -0.001470494 0.96479128 154.7188
0.97023377 0.010445574 -0.24194485 -134.34493 -0.0094624389 0.99994158 0.0052251005 -12.53085 0.24198531 -0.0027801809 0.97027593 155.76815
0.97537315 0.011255911 -0.22027376 -134.60132 -0.0097742796 0.99992169 0.007815094 -12.548803 0.22034449 -0.0054696158 0.97540678 156.84415
0.98021253 0.01304787 -0.19751745 -134.82224 -0.011072612 0.99987707 0.01110157 -12.545572 0.19763804 -0.0086948648 0.98023651 157.93561
0.98421825 0.014493545 -0.17636432 -135.03222 -0.012051059 0.99981618 0.014912366 -12.559651 0.17654805 -0.012551646 0.98421199 159.03941
0.98804542 0.016756345 -0.15324967 -135.21143 -0.01409059 0.99973022 0.018464527 -12.553361 0.15351774 -0.016084413 0.98801498 160.16846
0.99124464 0.018144149 -0.13078553 -135.37807 -0.015865271 0.99970398 0.018445577 -12.549876 0.1310815 -0.016209132 0.99123908 161.28668
0.99388715 0.018263315 -0.10887968 -135.50742 -0.016579342 0.99972884 0.016351714 -12.547394 0.1091488 -0.014446605 0.99392044 162.45351
0.99598753 0.018040178 -0.08765497 -135.62199 -0.016745292 0.99973986 0.015485538 -12.535624 0.087911537 -0.013955595 0.99603052 163.59645
0.99758781 0.016717033 -0.067372848 -135.70922 -0.015592017 0.99973066 0.017189782 -12.537285 0.06764207 -0.016097838 0.99757978 164.78037
0.99872146 0.017170368 -0.047546029 -135.78259 -0.01627069 0.99968239 0.019245113 -12.53429 0.047861378 -0.018446901 0.99868363 165.96129
0.99951274 0.017381247 -0.025926276 -135.81066 -0.016874703 0.99966489 0.019630358 -12.532384 0.02625879 -0.019183295 0.9994711 167.19983
0.99979938 0.019094798 -0.0060481439 -135.85248 -0.018967426 0.99961074 0.020460018 -12.523002 0.0064364701 -0.020341196 0.99977238 168.40073
0.99971106 0.019019995 0.014697855 -135.84179 -0.01932205 0.99959922 0.020689659 -12.514676 -0.014298449 -0.020967675 0.9996779 169.63219
0.99918451 0.020989763 0.034492558 -135.80338 -0.021696208 0.99955979 0.020235973 -12.505339 -0.034052629 -0.020967829 0.99920006 170.86506
0.99823117 0.021884302 0.055277624 -135.75484 -0.022969879 0.99955407 0.019080122 -12.493502 -0.054835423 -0.020316093 0.9982887 172.11631
0.99696638 0.022304421 0.074569114 -135.67812 -0.023629754 0.99957727 0.016938333 -12.494523 -0.074159798 -0.018648999 0.99707198 173.39477
0.99538476 0.024124075 0.092882792 -135.57179 -0.025547341 0.99957326 0.014164646 -12.490043 -0.092501454 -0.016472181 0.99557629 174.67352
0.99326751 0.02480616 0.11315612 -135.43104 -0.026355851 0.99957794 0.012219564 -12.488161 -0.11280525 -0.015119621 0.99350208 175.95768
0.99100454 0.024619179 0.13154429 -135.28834 -0.026087664 0.99961498 0.0094515017 -12.499264 -0.13126097 -0.012798164 0.99126524 177.25097
0.98838685 0.025811647 0.14975043 -135.09056 -0.026714567 0.99963502 0.0040206822 -12.5006 -0.149592 -0.0079745073 0.98871565 178.55833
0.98528558 0.027799154 0.16864027 -134.89194 -0.027800047 0.99961073 -0.0023561925 -12.524558 -0.16864013 -0.0023666847 0.98567485 179.85433
0.98226505 0.030132296 0.18506057 -134.65092 -0.029201642 0.99954347 -0.007753081 -12.540852 -0.18520972 0.0022115082 0.98269653 181.16777
0.97887294 0.032190546 0.2019196 -134.40998 -0.030493082 0.99946868 -0.01151246 -12.573307 -0.20218292 0.0051120851 0.97933443 182.47534
0.97476517 0.034459301 0.22055704 -134.12231 -0.032057539 0.99938141 -0.014460722 -12.605332 -0.22091893 0.0070252923 0.97526687 183.79807
0.97083038 0.033882066 0.23736127 -133.80341 -0.031366615 0.99940468 -0.014367271 -12.642147 -0.23770678 0.0065029634 0.97131519 185.12615
0.96677906 0.032647334 0.25352 -133.47223 -0.029800056 0.99944236 -0.015064138 -12.6802 -0.25387046 0.0070087834 0.96721284 186.47427
0.96173714 0.032482643 0.27204146 -133.10074 -0.028107993 0.99940553 -0.019963257 -12.739569 -0.27252822 0.011552867 0.96207843 187.80583
0.95730748 0.033739792 0.28709582 -132.72474 -0.028041402 0.99932009 -0.023938381 -12.787111 -0.28770832 0.014865822 0.9576027 189.14222
0.95178754 0.035961072 0.30464286 -132.31584 -0.02987699 0.99925055 -0.024611033 -12.83256 -0.30529961 0.014322663 0.95214863 190.50038
0.94615585 0.037799455 0.32149697 -131.87442 -0.031474841 0.9991956 -0.024849213 -12.891927 -0.32217767 0.013392162 0.94658449 191.83447
0.94004905 0.041763458 0.33847244 -131.41751 -0.034243794 0.99901669 -0.028160484 -12.938448 -0.33931572 0.014881656 0.94055483 193.18614
0.93320549 0.04288772 0.35677465 -130.92851 -0.033784443 0.99892592 -0.031711416 -13.003905 -0.35775151 0.017539835 0.93365209 194.52933
0.92643669 0.043407631 0.37393961 -130.39459 -0.032882097 0.99886415 -0.034484571 -13.063701 -0.37501179 0.019651854 0.92681172 195.86658
0.9192478 0.043849235 0.39122976 -129.85243 -0.030825983 0.99874358 -0.039509842 -13.147553 -0.39247072 0.024259294 0.91944453 197.18172
0.91108489 0.047222938 0.40950494 -129.26956 -0.031441376 0.9984835 -0.045190085 -13.234886 -0.41101797 0.028296606 0.91118798 198.53694
0.901478 0.050886923 0.42982312 -128.66339 -0.032806408 0.9982413 -0.049376531 -13.317901 -0.43157985 0.030410905 0.90156199 199.85715
0.88946483 0.053475042 0.4538642 -128.03996 -0.034120324 0.9981292 -0.050733621 -13.4085 -0.45572813 0.029639779 0.88962541 201.19634
0.87659296 0.058062545 0.47771697 -127.35998 -0.037251794 0.9979031 -0.052931206 -13.507856 -0.4797886 0.02860331 0.87691777 202.51312
0.86222714 0.06217222 0.50269171 -126.64404 -0.039240868 0.99765474 -0.056081829 -13.60303 -0.50499955 0.028629216 0.86264468 203.79265
0.84701093 0.06577593 0.52749027 -125.88735 -0.040448274 0.99741301 -0.059424109 -13.717258 -0.53003438 0.0289968 0.84748024 205.08708
0.83235286 0.067529668 0.55011675 -125.09502 -0.04015018 0.99728852 -0.061673175 -13.826831 -0.55278993 0.029246559 0.83280728 206.35488
0.81581207 0.06877548 0.57421301 -124.24293 -0.039145263 0.99719328 -0.063821735 -13.942567 -0.57699077 0.029588823 0.81621454 207.58221
0.80069191 0.071006235 0.59485338 -123.38207 -0.03740649 0.99693915 -0.068651914 -14.069792 -0.59790739 0.032717656 0.80089721 208.80354
0.7840664 0.073270472 0.616337 -122.48134 -0.035325161 0.99666603 -0.073545672 -14.198191 -0.61967092 0.035892487 0.78404063 210.01491
0.76800177 0.07481624 0.63606271 -121.54989 -0.033340963 0.99647712 -0.076952715 -14.329375 -0.63957931 0.037892879 0.76779064 211.16705
0.7515536 0.076749578 0.65519208 -120.57592 -0.031657493 0.99626071 -0.080389078 -14.474403 -0.65891201 0.039674963 0.75117302 212.31511
0.73551887 0.077442375 0.67306361 -119.55749 -0.02996512 0.99619198 -0.08187571 -14.616798 -0.67684128 0.040052699 0.73503857 213.46516
0.71920621 0.077638578 0.69044525 -118.5271 -0.027470404 0.99613761 -0.083398101 -14.76389 -0.69425344 0.041013623 0.71856112 214.57133
0.70499856 0.078484861 0.70485255 -117.47152 -0.024951832 0.99598734 -0.085945524 -14.915667 -0.70876969 0.043004109 0.70412798 215.66198
0.68986341 0.079414712 0.71957052 -116.38357 -0.021506147 0.99577441 -0.089279413 -15.070894 -0.72362007 0.046115413 0.68865623 216.73045
0.67547638 0.081926751 0.73281622 -115.28718 -0.019550226 0.99544909 -0.09326785 -15.23888 -0.73712244 0.048673509 0.67400404 217.78322
0.66038758 0.084527881 0.74615229 -114.14669 -0.018605167 0.99518112 -0.096272477 -15.399257 -0.75069444 0.049694862 0.65877791 218.80076
0.64466845 0.084817897 0.75974237 -112.99781 -0.016784609 0.99515674 -0.096857298 -15.575976 -0.76427804 0.049688868 0.64296979 219.81479
0.62858774 0.086334768 0.77293189 -111.83315 -0.017624989 0.99514565 -0.096822004 -15.746485 -0.77753898 0.04723821 0.627058 220.79497
0.6112285 0.087499064 0.78660256 -110.65161 -0.01987779 0.99525368 -0.095262712 -15.928554 -0.79120455 0.042591366 0.6100667 221.75352
0.59221624 0.088157403 0.80094204 -109.45656 -0.021662126 0.99537968 -0.093541632 -16.091015 -0.80548789 0.038046768 0.59138969 222.67364
0.57504813 0.089556313 0.81320309 -108.24367 -0.023655927 0.99539507 -0.092892681 -16.261703 -0.81777754 0.03418069 0.57451861 223.56676
0.55686002 0.093091785 0.82537311 -107.02687 -0.025445388 0.99514509 -0.095072533 -16.442891 -0.83021654 0.031940155 0.55652527 224.40839
0.53876289 0.096909481 0.83686501 -105.80067 -0.027947043 0.99487098 -0.097214723 -16.61906 -0.84199381 0.028987784 0.53870789 225.24435
0.51962186 0.096430568 0.84893711 -104.57117 -0.027092746 0.99497045 -0.096435391 -16.788349 -0.85396673 0.027109901 0.51962096 226.0208
0.49828363 0.095271703 0.86176369 -103.32853 -0.027258914 0.99517442 -0.094259355 -16.959978 -0.8665855 0.023477153 0.49847613 226.78295
0.47667125 0.093726353 0.87407084 -102.08158 -0.027577985 0.99540496 -0.091697423 -17.127431 -0.87864899 0.019604414 0.47706571 227.50263
0.45509205 0.092597256 0.88561668 -100.82624 -0.027810402 0.99557121 -0.089802812 -17.293656 -0.89001004 0.016239191 0.45565171 228.17004
0.43325674 0.091368526 0.89662719 -99.557554 -0.026248154 0.99570522 -0.088781522 -17.454504 -0.90088828 0.014930385 0.43379425 228.819
