1 0 0 0 0 1 0 0 0 0 1 0
0.99988044 0.00048252015 0.015455437 0.032250849 -0.00047495547 0.99999977 -0.00049311969 0.0014884635 -0.015455673 0.00048572011 0.99988044 0.13304009
0.99930761 0.0021516087 0.037143911 0.013257777 -0.0021396799 0.99999765 -0.00036090263 0.0089413945 -0.037144603 0.0002811767 0.99930986 0.28131085
0.99794633 0.004442051 0.063901438 0.05874671 -0.0044970447 0.99998963 0.00071679127 0.010159284 -0.063897597 -0.0010026868 0.99795596 0.41214965
0.99528647 0.0039427804 0.096898391 0.098540861 -0.0043063985 0.99998445 0.0035437207 0.0076677083 -0.09688292 -0.0039443003 0.99528797 0.59246737
0.99091942 0.0012088909 0.13445161 0.20498795 -0.0019485587 0.99998368 0.0053699121 0.0080036248 -0.13444294 -0.005583137 0.99090561 0.78655756
0.98488428 -0.002213197 0.17319947 0.26229177 0.0012128943 0.99998197 0.0058810607 2.3486391e-05 -0.17320938 -0.0055820916 0.98486921 0.97604757
0.97604013 -0.0027189019 0.21757357 0.32850985 0.0012647514 0.99997593 0.0068224664 0.0065597175 -0.2175869 -0.0063838245 0.97602008 1.1818191
0.96427729 -0.002229526 0.26488551 0.43068661 -0.00061123827 0.99994319 0.010641588 0.0075415602 -0.26489421 -0.01042335 0.96422115 1.4116726
0.94993491 -0.0062633598 0.31238505 0.6104026 0.00091942009 0.99985076 0.01725126 0.021797596 -0.31244651 -0.016100361 0.94979891 1.6534474
0.93305065 -0.01622761 0.35937884 0.6730411 0.007617421 0.99964932 0.02536176 0.0046742218 -0.3596644 -0.020926267 0.93284705 1.8723213
0.91234372 -0.021874863 0.40884033 0.85117391 0.010430553 0.99948942 0.030201143 0.0028505254 -0.40929226 -0.023289392 0.91210606 2.0595844
0.88704311 -0.023733171 0.46107617 1.0216844 0.0089189324 0.99937239 0.034282401 0.0045293776 -0.46160046 -0.026297661 0.88669807 2.3332565
0.85937138 -0.026021021 0.51068945 1.1938934 0.0070902283 0.99921478 0.038981516 0.026807189 -0.51130283 -0.029878695 0.85888108 2.5026778
0.82697996 -0.031094364 0.56137088 1.4282614 0.0079741122 0.99901774 0.043588635 0.030767954 -0.56217488 -0.031570493 0.8264156 2.7738402
0.79122848 -0.036779119 0.6104136 1.6730294 0.010308032 0.99885006 0.046822051 0.028170017 -0.61143378 -0.030754778 0.79069773 2.9671725
0.7535736 -0.040906499 0.65608952 1.9612137 0.011037038 0.9987086 0.049591484 0.040997883 -0.65727092 -0.030129548 0.75305192 3.1939555
0.71390286 -0.044500578 0.69882928 2.1999999 0.012490523 0.99862913 0.05083152 0.050094244 -0.70013337 -0.027560024 0.71348003 3.4296775
0.6718068 -0.046287694 0.73927872 2.5186285 0.011572799 0.99857969 0.052006456 0.06781095 -0.74063603 -0.026382766 0.67138831 3.6029226
0.62942199 -0.04647518 0.77567259 2.8775535 0.0068420421 0.99850262 0.054274261 0.091698356 -0.77703359 -0.028854229 0.62879749 3.8672154
0.58548318 -0.04766005 0.80928234 3.1701216 0.0040417991 0.99842958 0.055875182 0.11208646 -0.81067451 -0.029443022 0.58475636 4.0305275
0.54610723 -0.048629376 0.83630259 3.5512474 0.0018481007 0.99838118 0.056847118 0.13058781 -0.83771328 -0.029499051 0.54531306 4.2081395
0.50794105 -0.051072571 0.8598764 4.0068452 0.00089826369 0.99827162 0.058761971 0.14189811 -0.8613914 -0.029075222 0.50710901 4.4689932
0.47122846 -0.051068693 0.88053147 4.4408158 -0.0018581488 0.99826268 0.058891231 0.16589763 -0.88200927 -0.029387383 0.47031489 4.6414887
0.43492228 -0.050171206 0.89906918 4.8594399 -0.0031337306 0.99835623 0.057227704 0.18700243 -0.90046258 -0.027707044 0.43405015 4.8205544
0.40233593 -0.048875778 0.91418646 5.3808438 -0.0023032954 0.99851667 0.054398067 0.20517318 -0.91548925 -0.023991938 0.40162656 5.0566762
0.36987228 -0.047359765 0.92787471 5.9065616 -0.00017420462 0.99869639 0.051044024 0.23088391 -0.92908263 -0.019041409 0.36938186 5.1712988
0.34551989 -0.045430305 0.93731106 6.4331498 0.0010012601 0.99884473 0.048043673 0.25529618 -0.93841093 -0.015661552 0.34516621 5.3681965
0.32355878 -0.0448394 0.945145 6.9940624 0.0021296083 0.99890851 0.046660994 0.28392248 -0.94620572 -0.013084785 0.32330111 5.5691832
0.31148963 -0.045408728 0.94916394 7.5964374 0.003316519 0.99890346 0.046699913 0.30497213 -0.9502438 -0.011398618 0.31129867 5.7574741
0.29794316 -0.046939753 0.95342879 8.2058007 0.0042663192 0.99884578 0.047842538 0.32653628 -0.95457412 -0.010186725 0.29779953 5.9246108
0.28845497 -0.048870812 0.95624542 8.8408995 0.0033439861 0.99874192 0.050033954 0.35411842 -0.95748766 -0.011234871 0.2882555 6.1217703
0.27904429 -0.050807786 0.95893314 9.4335112 0.0012355039 0.99861748 0.052550882 0.38037991 -0.96027748 -0.013479258 0.27872128 6.2968838
0.26725635 -0.05235135 0.96220232 10.178187 0.00088491457 0.99853608 0.054082402 0.41510443 -0.9636251 -0.013602398 0.26691143 6.4895281
0.25745628 -0.054431546 0.96475561 10.851963 -0.00024244468 0.99840851 0.056394943 0.44359682 -0.96628996 -0.014753132 0.25703335 6.6849716
0.24710696 -0.056123956 0.96736145 11.610209 -0.00031325975 0.99831654 0.057999915 0.4739122 -0.9689882 -0.014635217 0.24667338 6.856973
0.23586618 -0.057232708 0.9700987 12.382289 -0.0012280569 0.99824587 0.059191886 0.50384786 -0.97178481 -0.0151527 0.23538215 7.0599362
0.22679527 -0.060153511 0.97208301 13.114691 -0.0022776298 0.99805536 0.062292097 0.53793586 -0.97393983 -0.016341598 0.22621723 7.2292191
0.21606791 -0.063460244 0.9743138 13.924846 -0.0041555205 0.99781675 0.065912613 0.57992273 -0.97636954 -0.018290381 0.21533247 7.4328201
0.20326923 -0.067360301 0.97680301 14.674981 -0.0037892322 0.99756912 0.069580856 0.61428667 -0.97911559 -0.01784498 0.20251986 7.5756616
0.19119899 -0.070282255 0.9790318 15.391562 -0.0053883302 0.99734301 0.072649078 0.66137571 -0.98153655 -0.019165776 0.19031227 7.7330628
0.17630871 -0.070919078 0.98177678 16.221026 -0.0054087454 0.99731633 0.073012893 0.69392564 -0.9843201 -0.018182989 0.17545197 7.8534841
0.16264127 -0.069985847 0.98420004 16.993102 -0.0072023467 0.99737049 0.072112592 0.73985074 -0.98665902 -0.018817033 0.16170954 8.0017954
0.14540275 -0.068767823 0.98697971 17.829899 -0.0090301147 0.9974477 0.070827505 0.77900757 -0.98933138 -0.019211054 0.14441066 8.1051515
0.126022 -0.067812458 0.98970695 18.647947 -0.010648669 0.99751094 0.069703092 0.82000473 -0.99197034 -0.019323184 0.12498621 8.2296518
0.10059646 -0.066016574 0.99273465 19.464918 -0.015049967 0.99758107 0.067863912 0.86082355 -0.99481352 -0.021767493 0.099359577 8.3053183
0.070645062 -0.065437044 0.99535279 20.325316 -0.020098357 0.99754999 0.067007971 0.8971305 -0.99729906 -0.024738738 0.069156803 8.3490531
0.036873393 -0.06529818 0.99718424 21.119388 -0.022737734 0.99754973 0.066162897 0.93581784 -0.99906128 -0.02511336 0.035298309 8.3544981
0.002356449 -0.064796202 0.99789569 21.97341 -0.023274631 0.99762463 0.064833561 0.96991946 -0.99972637 -0.02337843 0.00084274234 8.3456413
-0.033650742 -0.063524518 0.99741274 22.854267 -0.025914866 0.9976979 0.062668363 1.0025992 -0.99909766 -0.023738981 -0.035219505 8.2593007
-0.064225382 -0.062000815 0.99600749 23.573022 -0.02771432 0.99779398 0.060324924 1.0404749 -0.99755055 -0.023729279 -0.065802011 8.3176986
-0.093962679 -0.058546026 0.99385275 24.468152 -0.029564161 0.99799326 0.055994826 1.0709858 -0.9951367 -0.024120998 -0.095504986 8.2279335
-0.12655134 -0.05443122 0.99046551 25.283097 -0.026333019 0.99832583 0.051498627 1.1045114 -0.99161051 -0.019564726 -0.12777281 8.0640027
-0.16051855 -0.048514259 0.98583978 26.187131 -0.023430843 0.99869716 0.045331877 1.1148477 -0.98675472 -0.015822449 -0.16144615 7.9003413
-0.19151121 -0.042356656 0.980576 27.004691 -0.016776245 0.99906368 0.039878763 1.1344992 -0.98134708 -0.0088131528 -0.19204248 7.7155632
-0.21879901 -0.036809673 0.97507536 27.831241 -0.010590472 0.99931893 0.035348466 1.152134 -0.97571252 -0.0025922981 -0.21903983 7.5217811
-0.24771836 -0.029865964 0.9683716 28.634313 -0.0023467433 0.99954031 0.030226934 1.1680164 -0.96882929 0.0052152479 -0.24767458 7.3272583
-0.27332631 -0.020025811 0.96171285 29.465204 0.0038669565 0.99975232 0.021916929 1.1617819 -0.96191364 0.0097093762 -0.27318118 7.1162355
-0.29908209 -0.004575699 0.95421637 30.250256 0.0075694006 0.99994566 0.0071674763 1.1580408 -0.9541974 0.0093665109 -0.29903121 6.8399865
-0.32126199 0.012286273 0.94691061 31.076432 0.0081119 0.99991485 -0.010221853 1.1329107 -0.94695565 0.0043973525 -0.3213343 6.5243922
-0.34834101 0.02701434 0.93697849 31.895371 0.0075208044 0.99963301 -0.026024738 1.0962331 -0.93733775 -0.0020186507 -0.34841634 6.25544
-0.37110399 0.037815173 0.92782098 32.571126 0.011503741 0.99928101 -0.036126472 1.0738022 -0.9285201 -0.002733265 -0.37127218 5.9184336
-0.39629795 0.042956728 0.91711645 33.37738 0.01563692 0.99907577 -0.040038694 1.0242849 -0.91798883 -0.0015263746 -0.39660339 5.6519773
-0.41808361 0.041879382 0.90744264 34.06807 0.017588516 0.99912267 -0.038006996 0.9715636 -0.9082383 7.0467933e-05 -0.41845341 5.2068691
-0.43939969 0.038319098 0.89747395 34.844889 0.022165657 0.99924805 -0.031812288 0.93242584 -0.89801818 0.0059147912 -0.43991866 4.8538872
-0.45864645 0.037090167 0.88784441 35.553207 0.029209575 0.99921789 -0.026653645 0.89548749 -0.88813867 0.013708959 -0.45937112 4.550762
-0.47083815 0.038514604 0.88137846 36.272344 0.03359577 0.99910471 -0.025711941 0.86149187 -0.88157973 0.017504427 -0.47171054 4.1174968
-0.48234614 0.041583815 0.8749931 36.932018 0.035819768 0.99897347 -0.027730048 0.80073815 -0.87524809 0.01796657 -0.48334052 3.7287492
-0.49376568 0.044150128 0.86847346 37.667719 0.037550801 0.99886128 -0.029429288 0.76768092 -0.86878389 0.018080703 -0.49486129 3.328944
-0.50306791 0.043118678 0.86317055 38.371842 0.031258623 0.99900895 -0.031686361 0.71105368 -0.86368145 0.011041132 -0.50391717 2.943385
-0.51469753 0.042427179 0.85632139 39.10583 0.029460133 0.99906024 -0.031792093 0.68675863 -0.85686558 0.0088640316 -0.51546375 2.5020302
-0.52386764 0.043492752 0.85068855 39.687783 0.031656328 0.99899976 -0.031580915 0.64699301 -0.85121128 0.010385457 -0.52472047 2.1425724
-0.5298815 0.046867247 0.84677565 40.419567 0.03570538 0.99881936 -0.032939413 0.60339912 -0.84731976 0.012780461 -0.53092932 1.6384593
-0.53420676 0.049967368 0.84387579 41.102844 0.036236812 0.99868756 -0.036194709 0.56022472 -0.84457687 0.011243911 -0.5353163 1.2445503
-0.53378793 0.05138534 0.84405564 41.778406 0.03535654 0.99863535 -0.038436236 0.51389808 -0.84487894 0.0093260893 -0.53487631 0.80776567
-0.53042986 0.052336357 0.8461117 42.534509 0.038155421 0.99855488 -0.037846007 0.47486799 -0.84686976 0.012209097 -0.53166024 0.32073866
-0.52442936 0.051040481 0.84992273 43.260672 0.036431083 0.99863263 -0.037491832 0.43145803 -0.85067425 0.011301789 -0.52557174 -0.11322474
-0.51808491 0.049856209 0.85387489 44.041631 0.033984663 0.99871131 -0.037692897 0.37968157 -0.85465381 0.0094905299 -0.51911161 -0.57352347
-0.50990842 0.049161465 0.85882273 44.862174 0.032171407 0.99875704 -0.038070589 0.33381119 -0.85962693 0.0082170229 -0.51085622 -1.0464981
-0.50341466 0.047937202 0.86271411 45.634118 0.02936329 0.99883222 -0.038366488 0.29052696 -0.86354591 0.0060178732 -0.50423438 -1.4995747
-0.49931531 0.045481246 0.86522576 46.438768 0.025445119 0.99896029 -0.037826914 0.24898177 -0.86604667 0.0031282158 -0.49995345 -1.9298272
-0.49765489 0.042627838 0.86632697 47.273507 0.02049748 0.99909066 -0.037385888 0.20325901 -0.86713293 -0.00084774926 -0.49807612 -2.4149947
-0.49919627 0.040455027 0.865544 48.136084 0.018545314 0.99917951 -0.036005196 0.16291286 -0.86629049 -0.0019218735 -0.49953694 -2.8650901
-0.49991432 0.038631108 0.86521283 48.94168 0.015688568 0.99924472 -0.035550778 0.1010451 -0.8659328 -0.0041983915 -0.50014281 -3.3474848
-0.50062888 0.038540013 0.86480364 49.824365 0.016430956 0.99925153 -0.035019921 0.055416277 -0.8655061 -0.0033224327 -0.50088743 -3.8693333
-0.50079005 0.037799163 0.86474301 50.744131 0.016351344 0.99928088 -0.034210614 0.0070558712 -0.86541436 -0.0029926241 -0.50104799 -4.3367845
-0.49967652 0.037273262 0.86540974 51.640071 0.01606837 0.99930071 -0.033762284 -0.049908629 -0.86606307 -0.0029644961 -0.49992602 -4.8854948
-0.50051095 0.036835434 0.86494617 52.568173 0.015656407 0.99931614 -0.033498084 -0.11259336 -0.86558866 -0.0032242082 -0.50074539 -5.395519
-0.50064395 0.035564183 0.8649224 53.42221 0.014287 0.99935909 -0.032822237 -0.1520339 -0.86553543 -0.0040751073 -0.50083119 -5.890596
-0.50050477 0.034827203 0.86503294 54.307234 0.013960839 0.99938527 -0.03215869 -0.20397607 -0.86562124 -0.0040189913 -0.50068331 -6.3967653
-0.49954026 0.033658056 0.86563653 55.192364 0.012695946 0.99942206 -0.031533404 -0.25127296 -0.86619767 -0.0047621298 -0.49967888 -6.9196632
-0.49751499 0.032519199 0.86684559 56.123794 0.01195168 0.99945919 -0.030634604 -0.32336749 -0.86737308 -0.0048809131 -0.49763459 -7.4536829
-0.4967074 0.030432046 0.86738434 57.018031 0.012665945 0.99953283 -0.027815305 -0.36499905 -0.86782567 -0.0028298247 -0.49686081 -7.9251125
-0.49511961 0.028987716 0.86834107 57.85744 0.01298514 0.99957852 -0.025964796 -0.41425703 -0.86872782 -0.0015801487 -0.49528734 -8.4154892
-0.49194748 0.028411209 0.87016114 58.75975 0.012962748 0.99959563 -0.025308793 -0.46209981 -0.87052841 -0.0011709162 -0.49211684 -8.9110294
-0.48944266 0.028864572 0.8715576 59.710331 0.013387471 0.99958297 -0.025586528 -0.52169419 -0.87193275 -0.00085518544 -0.48962497 -9.443737
-0.48863226 0.02950099 0.87199091 60.592611 0.013649687 0.99956436 -0.026168232 -0.57005816 -0.87238309 -0.00088423879 -0.48882207 -9.9235864
-0.48906246 0.030678314 0.87170906 61.47515 0.013001002 0.99952666 -0.02788257 -0.61740496 -0.87215191 -0.0023032266 -0.48922981 -10.428268
-0.4915604 0.03262984 0.87023192 62.34229 0.011712355 0.99945511 -0.030859278 -0.66957702 -0.87076475 -0.0049767331 -0.49167473 -10.910931
-0.49642414 0.033110387 0.86744839 63.211549 0.010520878 0.99942842 -0.032127147 -0.72192627 -0.86801639 -0.0068223722 -0.49648874 -11.395616
-0.502198 0.031236488 0.86418828 64.072285 0.0097916427 0.99948873 -0.030436855 -0.77340955 -0.86469726 -0.0068235044 -0.5022471 -11.894044
-0.50791375 0.029498683 0.86090266 64.950873 0.013441405 0.9995632 -0.026319727 -0.8302337 -0.86130309 -0.0017964093 -0.5080884 -12.398712
-0.51322789 0.027826641 0.85780111 65.788503 0.011138356 0.99960604 -0.025762572 -0.87045711 -0.85818013 -0.0036675757 -0.51333564 -12.912796
-0.51696065 0.029368209 0.85550519 66.626394 0.011211959 0.99955787 -0.02753821 -0.93356545 -0.85593577 -0.0046442813 -0.51706136 -13.423224
-0.5230133 0.032180175 0.85171677 67.49818 0.01246808 0.99946894 -0.030106385 -0.9759998 -0.85223336 -0.0051267663 -0.52313678 -13.915763
-0.52722789 0.032261152 0.84911124 68.319565 0.010686374 0.99945172 -0.031337834 -1.0277487 -0.84965676 -0.0074482593 -0.52728358 -14.442404
-0.53098737 0.032898534 0.84674083 69.176876 0.010053905 0.99942033 -0.032525851 -1.0778508 -0.84732012 -0.0087577637 -0.53101033 -14.966446
-0.53457562 0.031881274 0.84451905 69.990628 0.0095640009 0.99945242 -0.031676175 -1.1433194 -0.84506656 -0.0088563291 -0.53458781 -15.464074
-0.53673661 0.025141277 0.84337516 70.872542 0.011272609 0.99968043 -0.022626727 -1.1897682 -0.84367458 -0.0026375541 -0.5368485 -16.030738
-0.53937 0.017795864 0.84188078 71.638687 0.012797237 0.99983443 -0.012935883 -1.2163936 -0.84197167 0.0037965214 -0.53950844 -16.515144
-0.54079231 0.014603646 0.84102934 72.501698 0.01284391 0.99987608 -0.0091030682 -1.2577518 -0.84105813 0.0058792368 -0.54091286 -17.060069
-0.54275619 0.019846749 0.83965574 73.274186 0.013012901 0.99979948 -0.015220447 -1.287082 -0.83978952 0.0026653658 -0.54290562 -17.558548
-0.54286288 0.024781869 0.83945559 74.105342 0.013063706 0.99969277 -0.021064192 -1.3343471 -0.83971977 -0.00046856582 -0.54301984 -18.089568
-0.54442766 0.030081652 0.83826819 74.912468 0.01933098 0.99954128 -0.023314175 -1.3687921 -0.83858506 0.0035116645 -0.54475943 -18.608678
-0.54457807 0.031285626 0.83812641 75.692649 0.023224359 0.99948335 -0.022218588 -1.403397 -0.83838858 0.0073651939 -0.5450233 -19.102205
-0.54361014 0.02868735 0.83884742 76.505826 0.022960904 0.99954999 -0.019303462 -1.4534478 -0.83902376 0.0087671386 -0.5440242 -19.654962
-0.54349744 0.023189583 0.83909041 77.262137 0.020692569 0.99968469 -0.014224823 -1.4774935 -0.83915577 0.0096317826 -0.54380592 -20.150732
-0.54241555 0.017353579 0.83993105 78.103818 0.018857601 0.99978623 -0.00847833 -1.5144826 -0.8398987 0.011240308 -0.54262685 -20.6641
-0.54131146 0.01084757 0.84075214 78.902069 0.010208866 0.99992786 -0.0063283942 -1.5498498 -0.84076021 0.0051574942 -0.54138316 -21.160124
-0.53957782 0.0055205808 0.84191759 79.727338 0.0012632675 0.99998269 -0.0057474187 -1.5783533 -0.84193482 -0.0020376118 -0.53957546 -21.668424
-0.53834724 0.0058376728 0.84270286 80.469304 0.0041105011 0.9999823 -0.0043012687 -1.6004452 -0.84271312 0.0011483557 -0.53836171 -22.136401
-0.53561045 0.0092633998 0.84441434 81.33397 0.0095407975 0.99994239 -0.0049178634 -1.6233741 -0.84441132 0.0054223281 -0.53566797 -22.692149
-0.5305557 0.012219452 0.84756196 81.991192 0.010529561 0.99991395 -0.007824657 -1.6505779 -0.84758471 0.0047730396 -0.53063871 -23.089906
-0.52063741 0.015164352 0.85364317 82.78673 0.017046924 0.99982757 -0.0073642836 -1.662638 -0.85360772 0.010717869 -0.52080615 -23.586336
-0.51487764 0.017883616 0.85707709 83.545619 0.024808337 0.99967448 -0.005955749 -1.7005393 -0.85690468 0.018196177 -0.5151537 -24.034264
-0.50454031 0.01681372 0.86322437 84.339887 0.021950184 0.99973699 -0.0066431676 -1.7279921 -0.86310911 0.015596189 -0.50477668 -24.520462
-0.49468999 0.013968377 0.86895721 85.146017 0.018042979 0.99982039 -0.0058002699 -1.7540715 -0.86888223 0.012809242 -0.49485317 -24.957633
-0.48245313 0.011428828 0.87584718 85.949549 0.020500974 0.9997883 -0.0017533295 -1.7668838 -0.87568188 0.017109823 -0.4825853 -25.387296
-0.47111216 0.0097375344 0.88201953 86.801032 0.018970442 0.99981964 -0.00090538972 -1.8006076 -0.88186933 0.016305762 -0.47121191 -25.835392
-0.45898507 0.0090806715 0.88839754 87.637814 0.01917119 0.99981617 -0.00031484938 -1.814723 -0.88823715 0.016887128 -0.45907478 -26.272083
-0.44774837 0.010435442 0.89409867 88.413293 0.021950042 0.99975884 -0.00067646817 -1.8371529 -0.89389018 0.019322617 -0.44786945 -26.655061
-0.43624087 0.013967885 0.89972147 89.270325 0.022271565 0.99974081 -0.0047220137 -1.8666035 -0.8995543 0.017978271 -0.43643889 -27.046783
-0.42419233 0.023425154 0.90526905 90.104917 0.024007338 0.99960492 -0.014616836 -1.8907208 -0.90525388 0.015532751 -0.42458712 -27.428986
-0.41076302 0.027930837 0.91131418 91.007733 0.023698588 0.99952002 -0.019952423 -1.9208712 -0.91143414 0.013401143 -0.41122778 -27.830831
-0.39897484 0.024685662 0.91662949 91.843813 0.021311373 0.99961717 -0.017644544 -1.9476691 -0.91671422 0.012494905 -0.39934819 -28.183297
-0.38715231 0.021313568 0.92176936 92.676312 0.023171478 0.99964194 -0.013381921 -1.9867315 -0.9217246 0.016177918 -0.38750756 -28.541285
-0.37829951 0.02180117 0.92542645 93.511551 0.020388796 0.99967634 -0.015215732 -2.0212728 -0.92545872 0.013112228 -0.37862157 -28.845695
-0.3709076 0.025281645 0.92832554 94.345051 0.013404462 0.99967098 -0.021868954 -2.0655347 -0.92857307 0.0043323438 -0.37112445 -29.176627
-0.36508655 0.030211818 0.9304832 95.189555 0.0055155559 0.99952595 -0.030289466 -2.1035761 -0.93095728 -0.0059261438 -0.36508012 -29.507806
-0.36201225 0.032940295 0.93159111 96.029234 0.0045643124 0.99942611 -0.033565211 -2.1426202 -0.9321622 -0.007898944 -0.36195484 -29.815543
-0.35852523 0.032200446 0.93296448 96.867594 0.002148237 0.99943073 -0.033668931 -2.1948715 -0.9335176 -0.010066932 -0.35839031 -30.14096
-0.35324206 0.032141629 0.93497962 97.739595 0.0019111023 0.99943235 -0.033635279 -2.2383387 -0.93553004 -0.010094553 -0.35310297 -30.451106
-0.34799533 0.028411363 0.93706562 98.596288 -0.00021705989 0.99953821 -0.030386108 -2.2825872 -0.93749628 -0.010777622 -0.34782847 -30.757739
-0.34259408 0.024317315 0.93916872 99.456055 -0.00059566171 0.99965914 -0.026100842 -2.3319781 -0.93948338 -0.00950142 -0.34246282 -31.06047
-0.33631481 0.021961172 0.94149348 100.33136 -0.00074742442 0.99972152 -0.023586382 -2.3671814 -0.94174936 -0.0086361442 -0.33620475 -31.364299
-0.33121189 0.020696976 0.94332934 101.12381 -0.0047427224 0.99971025 -0.023599207 -2.4100339 -0.94354452 -0.012290286 -0.33101776 -31.636429
-0.3243683 0.019855628 0.94572241 101.9987 -0.017617939 0.99947944 -0.027026949 -2.4485775 -0.94576683 -0.025428365 -0.32384963 -31.89991
-0.31755302 0.02383811 0.94794079 102.89384 -0.014094092 0.99945487 -0.02985496 -2.4955768 -0.94813581 -0.022840897 -0.31704393 -32.19303
-0.31024468 0.027748121 0.95025165 103.75585 -0.012318009 0.99937268 -0.033204161 -2.5401981 -0.95057697 -0.022006622 -0.30970825 -32.470127
-0.30420844 0.025668582 0.95225956 104.57416 -0.015074383 0.99938202 -0.031754442 -2.5841219 -0.95248626 -0.024014694 -0.3036335 -32.717944
-0.29725954 0.020401306 0.95457869 105.43232 -0.016082556 0.99952287 -0.026370025 -2.6282448 -0.9546613 -0.023190806 -0.29678961 -32.987646
-0.29023518 0.018310066 0.95678012 106.29839 -0.014472009 0.99961862 -0.023519894 -2.6618572 -0.95684595 -0.020672831 -0.28985951 -33.229197
-0.28410739 0.020564455 0.95857186 107.10459 -0.018974774 0.99945356 -0.027065357 -2.7099797 -0.95860473 -0.025878152 -0.28356194 -33.452741
-0.27766531 0.023437457 0.96039189 107.96758 -0.018813933 0.99937796 -0.029828295 -2.7494878 -0.96049367 -0.026351031 -0.27705164 -33.704165
-0.27051422 0.024460943 0.96240513 108.8249 -0.019582191 0.99933053 -0.030903644 -2.7866452 -0.96251684 -0.027205876 -0.26985412 -33.936154
-0.26385019 0.023756341 0.96427104 109.70433 -0.019665297 0.99935638 -0.03000167 -2.8313737 -0.96436322 -0.026878622 -0.2632132 -34.162254
-0.25620527 0.023536345 0.96633577 110.51685 -0.016364216 0.99945464 -0.028681652 -2.8753198 -0.96648391 -0.023161717 -0.25568039 -34.368202
-0.24830394 0.024590563 0.96836996 111.42572 -0.01274182 0.99950833 -0.028648467 -2.9239153 -0.96859841 -0.019452323 -0.24786853 -34.595662
-0.24112011 0.02536087 0.97016382 112.3018 -0.010317541 0.99953502 -0.028692931 -2.965768 -0.97044048 -0.016928147 -0.24074634 -34.819553
-0.23509657 0.024103674 0.97167306 113.12322 -0.017658428 0.99942155 -0.029064473 -3.0020073 -0.97181164 -0.023991176 -0.23453495 -34.994986
-0.22901496 0.022156864 0.97317066 114.03993 -0.022508579 0.99935307 -0.028049889 -3.0533685 -0.97316268 -0.028328533 -0.22836808 -35.206793
-0.22356252 0.022240612 0.97443577 114.92934 -0.019684521 0.99943271 -0.027327316 -3.0945341 -0.97449084 -0.025290665 -0.2229979 -35.413577
-0.21959773 0.022376999 0.9753338 115.76102 -0.017707907 0.99948079 -0.026917959 -3.1353616 -0.97542983 -0.023182242 -0.21908747 -35.579301
-0.21445795 0.024235676 0.97643246 116.67533 -0.017053161 0.99944682 -0.028552363 -3.1743909 -0.97658438 -0.02277454 -0.21392602 -35.783915
-0.20897849 0.023248249 0.97764382 117.57717 -0.011309226 0.99959307 -0.026187628 -3.2149707 -0.97785488 -0.016529045 -0.20863053 -35.978948
-0.20394354 0.021866214 0.97873838 118.42302 -0.003943646 0.99972407 -0.023156812 -3.2547158 -0.97897475 -0.0085824791 -0.20380103 -36.139464
-0.19849662 0.020760313 0.97988163 119.32156 -0.0019411724 0.99976535 -0.021574806 -3.2977703 -0.98009969 -0.0061846446 -0.19840975 -36.324804
-0.19446353 0.021988288 0.98066323 120.21192 -0.0047881276 0.99971554 -0.02336495 -3.3355443 -0.9808981 -0.0092391708 -0.19430293 -36.506892
-0.19046373 0.024109718 0.98139809 121.15245 -0.0076410427 0.99963168 -0.026040582 -3.377394 -0.98166454 -0.012458691 -0.19020936 -36.670161
-0.18948692 0.023392666 0.98160451 121.90849 -0.0083125339 0.99964212 -0.025427154 -3.4096537 -0.9818481 -0.012977733 -0.18922465 -36.807113
-0.18845932 0.022170713 0.98183067 122.78802 -0.010144225 0.99964787 -0.024520194 -3.4529502 -0.98202864 -0.01458097 -0.18816806 -36.96075
-0.18688248 0.017916367 0.98221885 123.69314 -0.009315432 0.99975641 -0.020008669 -3.488084 -0.98233815 -0.012889062 -0.18667006 -37.12759
-0.18606608 0.012640867 0.98245587 124.54182 -0.0081799932 0.99986265 -0.01441403 -3.5272069 -0.98250322 -0.010718444 -0.18593713 -37.284503
-0.18533178 0.010458669 0.98262031 125.3779 -0.00556032 0.99991619 -0.01169149 -3.5528998 -0.98266032 -0.0076304873 -0.18525809 -37.434911
-0.18412092 0.01468604 0.98279384 126.25276 -0.010080921 0.99980756 -0.016828882 -3.5931285 -0.98285194 -0.013006016 -0.18393744 -37.600909
-0.18407328 0.019085765 0.98272716 127.11574 -0.0085057421 0.9997431 -0.021009433 -3.6255317 -0.98287576 -0.012226098 -0.18386366 -37.757879
-0.18440994 0.018381924 0.98267746 127.95012 -0.0093746996 0.99974671 -0.020460482 -3.647214 -0.98280475 -0.012985422 -0.18419091 -37.899667
-0.18385907 0.017329848 0.9827998 128.81995 -0.012461182 0.99972313 -0.019959457 -3.692222 -0.98287367 -0.015916574 -0.18359221 -38.05274
-0.18263079 0.017561285 0.98302468 129.71073 -0.0062972284 0.99979907 -0.019030878 -3.7288126 -0.98316144 -0.0096659547 -0.18248351 -38.229419
-0.18193801 0.020436556 0.98309757 130.4878 -0.0082723095 0.99971681 -0.022312958 -3.7637132 -0.98327525 -0.012192062 -0.18171743 -38.36447
-0.1821395 0.021699806 0.98303318 131.33709 -0.018684394 0.99949955 -0.025525192 -3.7923376 -0.9830952 -0.023016525 -0.1816429 -38.493469
-0.18191327 0.023089165 0.98304342 132.16479 -0.022520524 0.99936423 -0.027639945 -3.8295851 -0.9830567 -0.027166725 -0.18127764 -38.63307
-0.18208296 0.026312168 0.98293102 133.00273 -0.023757561 0.99923235 -0.031149505 -3.8789164 -0.98299616 -0.029023837 -0.18131808 -38.776162
-0.18099088 0.027343017 0.98310456 133.85784 -0.019224284 0.9993241 -0.031333344 -3.9266923 -0.98329691 -0.024570531 -0.1803429 -38.928538
-0.17934567 0.02863374 0.98336929 134.66201 -0.019419547 0.99927854 -0.032638697 -3.9667131 -0.98359448 -0.024950194 -0.17866023 -39.072284
-0.17731727 0.027786151 0.98376137 135.52776 -0.014389608 0.9994213 -0.030822104 -4.0043811 -0.98404858 -0.019621231 -0.17681483 -39.232307
-0.17406324 0.024766667 0.98442294 136.36312 -0.0071313773 0.99962576 -0.026410099 -4.0558399 -0.98470869 -0.011617318 -0.17382148 -39.372674
-0.17236193 0.020200771 0.98482649 137.14693 -0.00057811465 0.99978745 -0.020608829 -4.08681 -0.98503356 -0.0041215195 -0.17231362 -39.526184
-0.16823899 0.019735824 0.98554861 137.98393 0.0027052135 0.99980503 -0.019559515 -4.1218549 -0.98574257 -0.00062455282 -0.16825958 -39.657968
-0.16351407 0.023837743 0.98625292 138.80558 -0.0019629461 0.99969819 -0.024488157 -4.1712921 -0.98653909 -0.0059401187 -0.16341793 -39.790987
-0.15794865 0.027457766 0.98706545 139.46332 0.00088317162 0.99961684 -0.02766559 -4.1998427 -0.98744697 -0.0034979937 -0.15791238 -39.898701
-0.14882426 0.027673938 0.98847631 140.36513 -0.005429866 0.99957039 -0.028802049 -4.2445485 -0.98884879 -0.0096537369 -0.14861006 -40.02638
-0.13950864 0.024427134 0.98991948 141.12894 0.0056899723 0.99969896 -0.023866566 -4.2653329 -0.99020455 0.0023030231 -0.13960563 -40.136675
-0.12728569 0.023094422 0.99159715 141.9459 0.014960117 0.99965988 -0.021361857 -4.3042002 -0.99175331 0.012115352 -0.1275879 -40.230355
-0.11354486 0.024705156 0.99322562 142.7292 0.011004089 0.99966075 -0.02360724 -4.3490638 -0.99347197 0.008249063 -0.1137782 -40.327796
-0.099301518 0.026084159 0.99471541 143.54479 0.010592956 0.99962743 -0.025155479 -4.381005 -0.99500105 0.0080390001 -0.099540831 -40.390681
-0.086283171 0.026018766 0.9959308 144.21382 0.01274893 0.9996059 -0.025010264 -4.4122133 -0.99618912 0.010539088 -0.086580879 -40.45413
-0.071994861 0.027469124 0.99702663 145.1425 0.015753675 0.99952731 -0.026400453 -4.4558045 -0.99728063 0.013806138 -0.072393571 -40.515726
-0.057544966 0.033760818 0.99777187 145.94828 0.015888007 0.99933245 -0.032897304 -4.4990946 -0.99821653 0.013959534 -0.058042945 -40.549611
-0.045295725 0.042590854 0.99806524 146.63549 0.0058050228 0.99908508 -0.04237092 -4.542821 -0.9989568 0.0038745709 -0.045501526 -40.561506
-0.032162422 0.051227063 0.99816896 147.38553 -0.0011748374 0.99868304 -0.051291299 -4.5839664 -0.99948201 -0.0028223379 -0.032059883 -40.556671
-0.018644695 0.052480804 0.99844782 148.14259 -0.00067568598 0.99862056 -0.0525025 -4.6292524 -0.99982599 -0.0016535295 -0.018583517 -40.565114
-0.0058355641 0.048309253 0.99881534 148.95689 -0.0013843862 0.99883104 -0.048318099 -4.6847813 -0.99998206 -0.0016647087 -0.0057618654 -40.566822
0.0044661883 0.04570023 0.99894517 149.68005 0.0011832381 0.99895424 -0.045705934 -4.7327131 -0.99998937 0.0013861222 0.0044074419 -40.542214
0.014294281 0.05164098 0.99856337 150.46102 -0.0059894554 0.99865195 -0.051559821 -4.7985458 -0.99987994 -0.0052438394 0.014584312 -40.526634
0.020155871 0.060250305 0.99797974 151.24325 -0.015851107 0.99807636 -0.059935997 -4.8545702 -0.99967123 -0.014611021 0.021072131 -40.48772
0.023532063 0.063671667 0.99769338 151.96888 -0.020259493 0.99779521 -0.063200314 -4.9024504 -0.99951782 -0.018725527 0.024770134 -40.475246
0.023382064 0.059439485 0.99795799 152.76424 -0.021917852 0.99802149 -0.058929732 -4.9578346 -0.99948635 -0.020495197 0.024638586 -40.431726
0.021384562 0.053828326 0.99832115 153.43282 -0.015216037 0.99845141 -0.053509412 -5.0214624 -0.99965557 -0.014046216 0.022170499 -40.411845
0.018748515 0.05132838 0.99850579 154.21514 -0.015079674 0.99858229 -0.051049166 -5.0696295 -0.99971055 -0.014100045 0.019495949 -40.397662
0.016255086 0.051569955 0.99853704 154.96902 -0.015194773 0.99856645 -0.051324118 -5.1227885 -0.99975246 -0.014338265 0.017015375 -40.386475
0.012294919 0.051784062 0.99858258 155.76342 -0.016415321 0.99853398 -0.051579428 -5.1804227 -0.99978971 -0.015757888 0.013126945 -40.363305
0.0087971451 0.049760813 0.99872238 156.55941 -0.014051808 0.9986686 -0.049634358 -5.2362668 -0.99986261 -0.013597214 0.0094846604 -40.360609
0.0032271197 0.050238291 0.998732 157.31202 -0.017672786 0.99858413 -0.050173746 -5.2875188 -0.99983866 -0.01748846 0.0041103995 -40.353613
-0.0034509475 0.048617348 0.99881147 157.93053 -0.015552909 0.99869404 -0.048665366 -5.323521 -0.99987313 -0.015702365 -0.0026903011 -40.351431
-0.0090941553 0.045574204 0.99891952 158.66768 -0.010674873 0.99889952 -0.045670474 -5.3731735 -0.99990171 -0.011078672 -0.0085976501 -40.356503
-0.014532802 0.045688122 0.99884999 159.46708 -0.014101747 0.99884681 -0.045893149 -5.4266803 -0.99979499 -0.014752485 -0.013871763 -40.35701
-0.020680187 0.046688404 0.99869537 160.10482 -0.013109194 0.9988105 -0.04696524 -5.4667053 -0.99970024 -0.014063341 -0.020043542 -40.374809
-0.024359941 0.049140413 0.99849473 160.83416 -0.016430417 0.99863658 -0.04954824 -5.5186054 -0.99956827 -0.017612677 -0.023519333 -40.387087
-0.026127247 0.05121741 0.99834566 161.64185 -0.017212945 0.99851552 -0.051676594 -5.5787566 -0.99951046 -0.018534636 -0.02520686 -40.391488
-0.027784954 0.052847429 0.99821594 162.29247 -0.013828519 0.99848564 -0.053246617 -5.6290995 -0.99951831 -0.015283302 -0.027012077 -40.415542
-0.028141194 0.051218124 0.99829089 162.99912 -0.011521242 0.99860349 -0.051558937 -5.6810544 -0.9995376 -0.01295248 -0.0275118 -40.438735
-0.023529559 0.047279998 0.99860446 163.74343 -0.004564062 0.99886557 -0.047399899 -5.7173518 -0.99971277 -0.0056729907 -0.023287079 -40.453052
-0.016456301 0.046893651 0.99876428 164.47827 -0.0052967487 0.99888148 -0.046986425 -5.7775812 -0.9998506 -0.0060634254 -0.016189512 -40.464911
-0.0058760343 0.047992237 0.99883038 165.14036 -0.0033911487 0.99884097 -0.048012693 -5.8265677 -0.99997703 -0.0036693058 -0.0057064765 -40.460008
0.0086007923 0.048382521 0.99879181 165.83441 -0.00016947494 0.99882885 -0.048382854 -5.8754898 -0.99996304 0.00024686154 0.0085989176 -40.452312
0.02444206 0.046153064 0.99863527 166.54617 -0.0018396122 0.99893413 -0.04612185 -5.9178873 -0.9996996 -0.00070978773 0.024500911 -40.414695
0.039362087 0.041199358 0.99837526 167.20428 -0.0045445257 0.99914668 -0.041052017 -5.9559846 -0.99921472 -0.0029212482 0.039515728 -40.378739
0.056051007 0.034581948 0.99782879 167.88806 -0.0064556609 0.99939164 -0.034273477 -5.9947489 -0.99840708 -0.0045205806 0.056240155 -40.327005
0.073358545 0.02718146 0.99693511 168.54823 -0.0059733777 0.99962256 -0.026815186 -6.0300672 -0.99728779 -0.0039879461 0.07349322 -40.260901
0.090900721 0.019771272 0.99566363 169.22443 -0.0083051522 0.99978318 -0.019094842 -6.0656747 -0.99582537 -0.0065334024 0.091045214 -40.186953
0.10920529 0.013257011 0.99393077 169.89794 -0.007202741 0.99989536 -0.012545186 -6.091578 -0.99399316 -0.0057890246 0.10928935 -40.095806
0.12646447 0.010926533 0.99191092 170.55823 -0.0097477743 0.99990474 -0.0097717888 -6.1217023 -0.99192328 -0.0084331389 0.12655893 -39.993913
0.14425653 0.010134662 0.98948838 171.2228 -0.0084019076 0.99992405 -0.0090166406 -6.1409525 -0.9895047 -0.00701288 0.14433072 -39.896622
0.1615223 0.009464594 0.98682364 171.82087 -0.0091457302 0.99992542 -0.0080932883 -6.1562085 -0.98682673 -0.0077179755 0.16159681 -39.779603
0.17861966 0.009194401 0.98387519 172.46983 -0.015851236 0.99985345 -0.0064659733 -6.1733228 -0.98379054 -0.014440687 0.17873923 -39.635554
0.19195078 0.0056711637 0.98138813 173.08947 -0.017823312 0.99983853 -0.0022917019 -6.1879952 -0.98124274 -0.017051692 0.19202086 -39.502713
0.2046613 0.0014525991 0.97883173 173.72407 -0.014623232 0.99989184 0.00157368 -6.2103511 -0.97872366 -0.014635754 0.2046604 -39.368184
0.21528432 -0.00045482354 0.97655127 174.32164 -0.010763754 0.99993804 0.0028386254 -6.2251867 -0.97649213 -0.011122469 0.21526608 -39.235897
0.22591781 0.0030178886 0.97414165 174.98048 -0.01360531 0.99990744 5.7561323e-05 -6.2413256 -0.97405139 -0.013266502 0.22593796 -39.052379
0.23435896 0.010259239 0.97209595 175.5936 -0.018622189 0.99980821 -0.006062153 -6.2602259 -0.9719718 -0.016681834 0.23450506 -38.903792
0.24308964 0.020292816 0.9697915 176.13907 -0.019294934 0.99968449 -0.016081822 -6.2748244 -0.96981195 -0.014802738 0.24340449 -38.754769
0.25143371 0.027473105 0.96748449 176.7319 -0.016709858 0.9995713 -0.024041631 -6.2932856 -0.96773031 -0.010121652 0.25178499 -38.602519
0.25712627 0.025925187 0.96602996 177.33776 -0.016064709 0.99961662 -0.022550634 -6.3074175 -0.96624432 -0.0097206289 0.25744418 -38.44351
0.26376047 0.018354277 0.96441353 177.95469 -0.017156273 0.99975006 -0.014334663 -6.3242518 -0.96443567 -0.012764824 0.26400944 -38.246685
0.26800907 0.0074956352 0.96338719 178.5561 -0.020749079 0.9997827 -0.0020065295 -6.3456703 -0.96319297 -0.019451629 0.26810636 -38.073396
0.27033321 -0.0019419546 0.96276482 179.13997 -0.019211631 0.99978797 0.0074110361 -6.3687511 -0.96257517 -0.020499732 0.27023858 -37.896421
0.2707423 -0.0028991211 0.96264745 179.82797 -0.016875101 0.99982751 0.007757175 -6.3879659 -0.96250398 -0.018344968 0.27064668 -37.739353
0.27246239 0.00020405207 0.96216637 180.39127 -0.013650124 0.99990016 0.0036533328 -6.3851306 -0.96206964 -0.014129086 0.27243797 -37.554919
0.27379825 -4.7407323e-05 0.96178711 180.97503 -0.011304601 0.99993076 0.0032674426 -6.3944887 -0.96172075 -0.011767239 0.27377875 -37.396497
0.27523982 -0.001947777 0.96137358 181.53095 -0.012235599 0.99990986 0.0055288869 -6.3886773 -0.96129777 -0.013284751 0.27519118 -37.22209
0.27773857 -0.0060571995 0.96063756 182.17655 -0.013090452 0.99986341 0.010089232 -6.4060666 -0.96056754 -0.015377348 0.27762135 -37.030047
0.28137986 -0.011246689 0.95953052 182.76598 -0.012388913 0.9998054 0.015351769 -6.414697 -0.95951653 -0.016207218 0.28118577 -36.842656
0.28509276 -0.01451699 0.95838995 183.38374 -0.010447033 0.99977884 0.018251603 -6.4165253 -0.95844304 -0.015215731 0.28487805 -36.665784
0.29125338 -0.016080834 0.95651074 184.0062 -0.0092971729 0.99976391 0.019638954 -6.4123427 -0.95660081 -0.014612757 0.29103511 -36.477204
0.29939023 -0.019057469 0.95394037 184.68491 -0.0084647278 0.99970811 0.02262842 -6.4151947 -0.95409324 -0.014849573 0.29914152 -36.254328
0.30894818 -0.021676057 0.95083179 185.29058 -0.0055535371 0.99968209 0.024594173 -6.4176279 -0.9510627 -0.012878804 0.30872958 -36.054233
0.31982141 -0.019401953 0.94727913 185.88358 -0.0072971251 0.99971022 0.022939498 -6.4206037 -0.94744978 -0.014248956 0.31958715 -35.828925
0.33120717 -0.015663276 0.943428 186.47621 -0.0077856608 0.9997828 0.019332201 -6.4189774 -0.94352598 -0.013748174 0.33101328 -35.607709
0.34264593 -0.012336052 0.93938358 187.10586 -0.0088568586 0.99982693 0.016360392 -6.4127818 -0.93942291 -0.013925809 0.34247736 -35.368461
0.35407664 -0.011374871 0.93514719 187.69921 -0.0080362579 0.99985211 0.015204708 -6.4069877 -0.93518192 -0.012898715 0.35393287 -35.141635
0.36578814 -0.014797085 0.93058047 188.34336 -0.0074515257 0.99979499 0.018826669 -6.4097513 -0.93066835 -0.013820816 0.36560289 -34.867032
0.37719654 -0.017072676 0.92597582 188.94257 -0.0059371768 0.99976495 0.020851674 -6.4094145 -0.92611424 -0.013362861 0.37700651 -34.597417
0.38847267 -0.016553737 0.9213115 189.55027 -0.010036239 0.99970331 0.022194045 -6.4158845 -0.92140563 -0.017868282 0.38819127 -34.329396
0.39782365 -0.018164439 0.91728203 190.18223 -0.012791116 0.999597 0.025341963 -6.3989315 -0.91737277 -0.021814692 0.39743098 -34.030409
0.40550213 -0.017184169 0.91393252 190.8114 -0.016271422 0.99952917 0.026013052 -6.3967848 -0.91394931 -0.025419329 0.4050316 -33.73714
0.40945359 -0.018790535 0.91213738 191.44622 -0.017459288 0.9994434 0.028426468 -6.3910527 -0.91216391 -0.027564588 0.40889762 -33.445047
0.41128868 -0.024783749 0.91116811 192.10142 -0.010750595 0.99942886 0.032037109 -6.3770117 -0.91144178 -0.022972099 0.41078733 -33.14909
0.41197597 -0.022082491 0.91092705 192.7481 -0.010540521 0.99952391 0.028997293 -6.3766214 -0.91113378 -0.021547833 0.41154708 -32.86335
0.41149847 -0.022431257 0.91113434 193.40514 -0.0071999891 0.99958589 0.027860603 -6.3648851 -0.91138205 -0.018024752 0.41116656 -32.561686
0.40992154 -0.021215069 0.911874 194.06921 -0.0047295044 0.99966659 0.025383684 -6.362685 -0.91210856 -0.01471803 0.40968453 -32.272132
0.41017227 -0.022662893 0.9117264 194.72958 -0.0010407006 0.99967892 0.025317336 -6.3468739 -0.91200751 -0.011333303 0.41001699 -31.970491
0.40898111 -0.028987173 0.9120823 195.42614 0.0024352239 0.99952647 0.030674299 -6.3400826 -0.91253964 -0.010324084 0.40885804 -31.670868
0.40800841 -0.031877993 0.91242143 196.10348 0.0025176583 0.99942572 0.033791907 -6.3333567 -0.91297474 -0.011490216 0.40785435 -31.366906
0.4068723 -0.034607178 0.91282923 196.79182 0.0037094167 0.99933647 0.036233454 -6.3200014 -0.91347755 -0.011356324 0.4067307 -31.042704
0.40424534 -0.034760052 0.91398981 197.47764 0.002759963 0.99931941 0.036784537 -6.3101513 -0.91464647 -0.012347399 0.40406614 -30.750626
0.40380968 -0.034676658 0.91418554 198.15772 0.001078671 0.99929872 0.037428684 -6.2928953 -0.91484242 -0.014127959 0.4035639 -30.425786
0.40125609 -0.033995175 0.91533481 198.86879 0.00049368159 0.99931892 0.036897896 -6.2823706 -0.91596582 -0.014353621 0.40099959 -30.149068
0.39994768 -0.030831959 0.9160192 199.55557 0.0016855814 0.99945708 0.032904414 -6.2755267 -0.91653646 -0.011616019 0.39978251 -29.83525
0.39891283 -0.024713609 0.91665573 200.27628 0.0001630014 0.99963866 0.026879945 -6.2767721 -0.91698887 -0.010573338 0.39877271 -29.538215
0.39800575 -0.021169801 0.91713859 200.90398 -0.0021725666 0.99970915 0.024018549 -6.2592016 -0.91738039 -0.011552065 0.397844 -29.235937
0.39678626 -0.024230773 0.91759112 201.60475 -0.0022997994 0.99962214 0.027391445 -6.2503106 -0.91790819 -0.012978824 0.39658061 -28.915841
0.39552293 -0.027539558 0.91804309 202.29394 -0.0037309491 0.99949394 0.031590344 -6.2445388 -0.91844856 -0.015919877 0.39522002 -28.617967
0.39305907 -0.027015138 0.91911625 202.94905 -0.0071424548 0.99944846 0.032430767 -6.2434807 -0.91948552 -0.019311953 0.39264933 -28.340181
0.38921607 -0.026880786 0.92075415 203.66009 -0.010388887 0.99938245 0.033567818 -6.2328377 -0.92108794 -0.022630745 0.38869645 -28.023551
0.38149326 -0.028007997 0.92394717 204.32935 -0.010253224 0.99935116 0.034527255 -6.2257045 -0.92431479 -0.022645351 0.38095856 -27.726188
