1 0 0 0 0 1 0 0 0 0 1 0
0.99994362 -0.0021617737 0.010396508 0.013045099 0.0021511866 0.99999716 0.0010294171 -0.0048746225 -0.010398704 -0.0010069942 0.99994542 0.28970049
0.99984104 -0.0036601869 0.017450146 0.023450445 0.0036377964 0.99999252 0.0013146929 -0.0093762838 -0.017454829 -0.0012510039 0.99984687 0.58107317
0.99978539 -0.0070144615 0.019492963 0.032595236 0.0070197092 0.99997534 -0.00020077838 -0.015635798 -0.019491076 0.00033757025 0.99980997 0.87274358
0.99981954 -0.0082046436 0.017133938 0.039235387 0.0082290716 0.99996522 -0.0013556571 -0.018252935 -0.017122221 0.0014964089 0.99985228 1.1760918
0.99988046 -0.01127427 0.010581227 0.036109965 0.011308337 0.99993105 -0.0031652585 -0.021079435 -0.010544812 0.0032845363 0.99993901 1.4992138
0.99992431 -0.012253479 -0.0011074587 0.02957852 0.012248214 0.99991421 -0.004642443 -0.029699018 0.0011642499 0.0046285273 0.99998861 1.8227718
0.99979508 -0.011517076 -0.016647699 -0.00089547993 0.011438472 0.99992301 -0.0048091746 -0.037149662 0.016701807 0.004617765 0.99984985 2.1559835
0.99931589 -0.0081408238 -0.036075998 -0.039867901 0.0079507151 0.99995376 -0.0054100211 -0.041952359 0.036118374 0.0051194901 0.99933441 2.4994965
0.99842121 -0.0041412187 -0.056017303 -0.080477195 0.0037922161 0.99997274 -0.0063351333 -0.048260124 0.056042016 0.0061127018 0.9984097 2.8386043
0.99716263 -0.0031058594 -0.075213288 -0.12416651 0.0026211789 0.99997517 -0.0065419397 -0.051968575 0.075231745 0.0063262304 0.99714601 3.2081365
0.99531731 -0.0043605755 -0.096563084 -0.17607508 0.0037901248 0.99997427 -0.0060901819 -0.060053787 0.096587164 0.0056956774 0.99530823 3.5945584
0.99318893 -0.0054988918 -0.11638515 -0.23723744 0.0049364132 0.99997471 -0.005120602 -0.070177238 0.11641038 0.0045112 0.99319096 3.9679592
0.99108197 -0.0046190106 -0.13317351 -0.31214305 0.0040466583 0.99998138 -0.0045681365 -0.077549485 0.13319214 0.0039884901 0.99108221 4.3689174
0.98879042 -0.0036934982 -0.1492644 -0.38827613 0.0031229919 0.9999869 -0.0040563286 -0.083003406 0.14927744 0.0035447073 0.988789 4.7903641
0.98673593 -0.0028300472 -0.16230895 -0.46293038 0.0021923978 0.99998916 -0.0041075924 -0.089551579 0.16231883 0.0036972632 0.98673144 5.1917458
0.98463689 -0.004474368 -0.17455707 -0.56271674 0.0036389298 0.99998034 -0.0051058133 -0.098037634 0.1745765 0.0043921711 0.98463382 5.643377
0.98263246 -0.0071014835 -0.18542659 -0.65445049 0.0059236386 0.99995861 -0.0069053225 -0.11013807 0.18546797 0.0056869938 0.98263385 6.070385
0.98123204 -0.0066985196 -0.19271431 -0.74694127 0.0051409414 0.99994997 -0.0085812433 -0.11937892 0.19276216 0.0074294579 0.98121738 6.5272196
0.97981128 -0.0065129073 -0.1998185 -0.85998007 0.0044615111 0.99993264 -0.010714874 -0.12414844 0.19987485 0.0096070616 0.97977434 7.0176468
0.97809065 -0.0071066483 -0.20805811 -0.96651346 0.0044540378 0.99990276 -0.013215081 -0.13418242 0.20813181 0.011998848 0.97802719 7.4752977
0.97643564 -0.010808568 -0.21553796 -1.0889085 0.0077640585 0.99985785 -0.014966869 -0.1468303 0.21566911 0.012940735 0.97638075 8.0071209
0.97451668 -0.01676744 -0.22368746 -1.2002174 0.013445524 0.99977567 -0.016365656 -0.16394938 0.22391171 0.01294101 0.97452351 8.502682
0.97259102 -0.017740763 -0.23184469 -1.3294429 0.01380118 0.99973168 -0.018603398 -0.18774487 0.23211254 0.014893768 0.97257491 9.0134898
0.97050814 -0.013992229 -0.24066194 -1.4819948 0.0087291081 0.99969916 -0.022921571 -0.19252064 0.24091028 0.020144807 0.97033831 9.5516797
0.96848806 -0.011034675 -0.24881541 -1.6385179 0.0047287345 0.99965265 -0.025927329 -0.20822038 0.24901511 0.023933727 0.96820383 10.087405
0.96616807 -0.013413688 -0.25756423 -1.7956961 0.0064163593 0.99958765 -0.027988654 -0.23147467 0.25783347 0.02538912 0.96585573 10.656285
0.96381304 -0.015313118 -0.26613892 -1.9638657 0.0076578829 0.9995272 -0.029778098 -0.26126262 0.26646911 0.026662459 0.96347462 11.220516
0.9616894 -0.015546504 -0.27370021 -2.1336954 0.0069439135 0.99945178 -0.032371526 -0.28402097 0.27405345 0.029230803 0.96127014 11.781993
0.9592753 -0.015019173 -0.28207323 -2.3186877 0.0050834615 0.99934164 -0.035922749 -0.30783248 0.28242708 0.033025898 0.95872011 12.378487
0.95719723 -0.015707867 -0.2890099 -2.5052781 0.0039784202 0.99914598 -0.041127725 -0.33692011 0.28940913 0.038217542 0.95644225 12.958279
0.95529088 -0.016784111 -0.29519083 -2.7002235 0.0026127375 0.99882769 -0.048336563 -0.37714561 0.29565608 0.045404222 0.95421483 13.560495
0.95385549 -0.017029524 -0.29978273 -2.9156707 0.00010660382 0.99840956 -0.056376678 -0.41488973 0.30026603 0.053743247 0.95234027 14.192028
0.95257665 -0.017112368 -0.30381718 -3.1107529 -0.0027796418 0.99788655 -0.064920699 -0.45800855 0.30428605 0.062686446 0.95051587 14.788694
0.95136143 -0.016510318 -0.30763424 -3.3433487 -0.0065318138 0.9972575 -0.073721162 -0.50668922 0.30800773 0.072144881 0.94864449 15.459419
0.95014538 -0.015481758 -0.31142264 -3.564035 -0.0103355 0.996654 -0.081080114 -0.56723667 0.3116359 0.080256606 0.94680618 16.108314
0.9483439 -0.014396811 -0.31691729 -3.8121643 -0.014076936 0.99607618 -0.087373257 -0.6267668 0.31693168 0.087321121 0.94442011 16.774567
0.94684775 -0.012765842 -0.32142864 -4.0537986 -0.018291976 0.99545882 -0.093419134 -0.70156301 0.32116157 0.094333264 0.94231443 17.436065
0.94519385 -0.010321623 -0.32634649 -4.2928763 -0.023169219 0.99486036 -0.098570001 -0.77235203 0.32568662 0.10072895 0.94009676 18.098327
0.94334695 -0.0081464375 -0.33170795 -4.5722881 -0.027256817 0.99441729 -0.10193784 -0.84951719 0.33068658 0.10520405 0.93785847 18.796842
0.94177254 -0.0076112581 -0.33616445 -4.8255616 -0.028803857 0.99424288 -0.10320579 -0.92721244 0.33501466 0.10687922 0.93613141 19.491492
0.93953039 -0.0064700263 -0.34240439 -5.107974 -0.030479313 0.99427414 -0.10242047 -1.0159718 0.34110653 0.1066634 0.93395357 20.215129
0.9371377 -0.0073674928 -0.34888198 -5.3901536 -0.029693707 0.99446741 -0.10076136 -1.0980915 0.34769415 0.10478687 0.93173414 20.925439
0.93475986 -0.0068691273 -0.35521376 -5.663643 -0.030368389 0.99460904 -0.099149437 -1.1826297 0.35397992 0.10346818 0.929512 21.654647
0.93224859 -0.0061702064 -0.36176577 -5.9452887 -0.030657665 0.9949118 -0.095971969 -1.2705652 0.36051723 0.10056063 0.92731596 22.363391
0.9279541 -0.0033461304 -0.37267947 -6.2772856 -0.032806447 0.99534475 -0.090623258 -1.3550731 0.37124782 0.096320514 0.92352446 23.174451
0.92493643 -0.0015782481 -0.38011853 -6.6005471 -0.03331033 0.99580792 -0.085188079 -1.4355839 0.37865952 0.091455433 0.92100645 23.896198
0.9212468 0.00025114694 -0.38897849 -6.9464975 -0.034512461 0.99610865 -0.081095287 -1.5063989 0.3874445 0.088133379 0.91767057 24.642969
0.91778372 0.00081458553 -0.39707979 -7.2771744 -0.035135295 0.9962421 -0.079165637 -1.5822147 0.39552315 0.08660845 0.9143634 25.373741
0.91363002 0.0028564227 -0.40653662 -7.627309 -0.037942379 0.99620989 -0.078270187 -1.6606539 0.40477226 0.086934961 0.91027564 26.148033
0.910259 0.0037242545 -0.41402254 -7.9681985 -0.039269222 0.99622841 -0.077374897 -1.7330984 0.41217289 0.086689541 0.90697213 26.915589
0.9066253 0.0051544559 -0.42190518 -8.3641474 -0.04091601 0.99628686 -0.075752022 -1.8097235 0.41994816 0.085941378 0.90346978 27.698114
0.9026256 0.00405431 -0.43040745 -8.7446646 -0.039395841 0.99653655 -0.073231594 -1.8810869 0.42861989 0.083056976 0.89965913 28.482908
0.89946608 0.0044014631 -0.4369684 -9.1541696 -0.038470425 0.99686442 -0.069147282 -1.9530795 0.43529394 0.079005996 0.89681506 29.253554
0.89504074 0.0052286824 -0.44595372 -9.5555595 -0.037586551 0.99725818 -0.063744607 -2.0145042 0.44439774 0.073815884 0.89278322 30.060033
0.89148691 0.00441855 -0.45302488 -9.9647524 -0.035100431 0.99762039 -0.059342297 -2.0835613 0.45168469 0.068804251 0.88952062 30.851919
0.88827575 0.0032167868 -0.45929927 -10.423408 -0.033344799 0.99778849 -0.057499985 -2.1480782 0.4580986 0.066391086 0.88641859 31.700197
0.88416645 0.0045904968 -0.46714944 -10.860053 -0.034895885 0.99780716 -0.056241826 -2.2106166 0.46586692 0.066028729 0.88238781 32.490781
0.88189308 0.0051605788 -0.47142119 -11.303523 -0.034960188 0.99790285 -0.054476526 -2.2701071 0.47015146 0.064523446 0.88022403 33.325823
0.87852457 0.0030510933 -0.4776874 -11.78448 -0.032292077 0.9980715 -0.053014107 -2.3305774 0.47660447 0.061999715 0.87692886 34.167248
0.8760133 0.0025298971 -0.48228029 -12.247743 -0.031964429 0.99809211 -0.052824454 -2.3928145 0.48122655 0.061690739 0.87442283 35.008699
0.87402465 0.0019181943 -0.48587777 -12.702517 -0.031852479 0.99806732 -0.053357788 -2.4534975 0.48483641 0.062112435 0.87239654 35.840217
0.87245539 0.0015123088 -0.48869139 -13.189987 -0.03189921 0.99803881 -0.053860766 -2.5111967 0.48765156 0.062579986 0.87079258 36.711734
0.87259869 0.0018775223 -0.48843422 -13.7074 -0.031774706 0.99809259 -0.052929591 -2.5735936 0.48740324 0.061706146 0.87099394 37.566927
0.87153716 0.0020431312 -0.49032518 -14.235357 -0.031210132 0.99819469 -0.051315629 -2.6341776 0.48933519 0.060026592 0.87002753 38.467722
0.87146392 0.00051215258 -0.49045932 -14.727281 -0.029108577 0.99829072 -0.050678607 -2.7004768 0.48959508 0.058441152 0.86998926 39.377387
0.87110149 -0.0016269891 -0.49110032 -15.250409 -0.027103439 0.99831118 -0.051382751 -2.7616205 0.49035458 0.058070099 0.86958626 40.26239
0.87023387 -0.0028492842 -0.49263056 -15.78091 -0.026262387 0.99829301 -0.05216655 -2.8291385 0.49193833 0.058334754 0.86867356 41.216971
0.86873697 -0.0054189995 -0.49524407 -16.298923 -0.02233898 0.99849376 -0.050111723 -2.8879179 0.49476971 0.054597154 0.86730739 42.089621
0.86637455 -0.0041869303 -0.4993772 -16.851434 -0.022035896 0.99867038 -0.046603451 -2.9517697 0.49890839 0.051380268 0.86513034 43.015813
0.86308829 -0.0037022066 -0.50503947 -17.38148 -0.020391854 0.99890228 -0.042171183 -3.020762 0.50464125 0.046696146 0.86206537 43.914516
0.8598966 -0.0051092233 -0.51044265 -17.920916 -0.01778539 0.99904293 -0.039961253 -3.0818824 0.51015834 0.043440968 0.85898276 44.825353
0.85438705 -0.0077727616 -0.51957898 -18.494612 -0.016506953 0.99897753 -0.042088191 -3.1465321 0.51937492 0.044536272 0.85338517 45.758024
0.848981 -0.010372289 -0.52832154 -19.070527 -0.016266913 0.9988205 -0.045749326 -3.2076698 0.52817295 0.04743447 0.8478109 46.619965
0.84286453 -0.011944903 -0.5379932 -19.639539 -0.014798478 0.998861 -0.045361929 -3.2620601 0.53792232 0.046195441 0.84172774 47.51481
0.83719822 -0.0063938522 -0.54686216 -20.23381 -0.018724003 0.99901035 -0.04034513 -3.3279107 0.54657897 0.044016321 0.83624997 48.42039
0.83244433 -0.0054918337 -0.55408144 -20.821448 -0.016732093 0.99924576 -0.035042188 -3.3806252 0.55385602 0.038441614 0.83172458 49.287765
0.82833981 -0.0041171557 -0.56021084 -21.449972 -0.019766075 0.99913561 -0.036569486 -3.4396133 0.55987721 0.041365131 0.82754242 50.178221
0.82470553 -0.005298546 -0.56553752 -22.07307 -0.021673097 0.99892553 -0.040964169 -3.4930679 0.56514697 0.046040327 0.82370457 51.029601
0.82157497 -0.0068692432 -0.57005908 -22.65676 -0.02493469 0.99853757 -0.047968559 -3.5646343 0.56955497 0.053624015 0.82020219 51.892857
0.81851363 -0.0078117108 -0.57443397 -23.293045 -0.025416376 0.99843608 -0.049793613 -3.627191 0.57392462 0.055356781 0.817035 52.771754
0.81599072 -0.0069692501 -0.57802296 -23.918857 -0.024038333 0.9986533 -0.045975544 -3.6890956 0.577565 0.051410326 0.81472429 53.614062
0.81237361 -0.0044086124 -0.58312062 -24.546659 -0.023344744 0.99892393 -0.040074935 -3.7555408 0.58266987 0.046168622 0.81139652 54.508557
0.81004638 -0.003418615 -0.58635582 -25.188704 -0.022722104 0.99904892 -0.037215151 -3.8123864 0.58592542 0.043469237 0.80919828 55.363534
0.80704236 -0.0023773206 -0.59048873 -25.816898 -0.02461654 0.99898713 -0.03766626 -3.8648471 0.58998023 0.044934058 0.80616641 56.194285
0.80259453 -0.003758425 -0.59651308 -26.485569 -0.024595646 0.99892129 -0.039386731 -3.9261117 0.5960177 0.046283201 0.80163633 57.080926
0.79949729 -0.0051898382 -0.60064725 -27.142179 -0.025109629 0.99879983 -0.042052449 -3.9899287 0.60014467 0.048702849 0.79840744 57.946338
0.79467864 -0.0071962125 -0.60698768 -27.775725 -0.023295688 0.9988316 -0.042340873 -4.0416867 0.60658322 0.047787583 0.79358249 58.718999
0.7904341 -0.0069874956 -0.61250721 -28.472481 -0.023341562 0.99886511 -0.041517113 -4.1050292 0.61210223 0.047113417 0.78937394 59.631421
0.78678166 -0.0071039156 -0.6171905 -29.116802 -0.022776135 0.99891861 -0.040532181 -4.1581883 0.61681107 0.045947191 0.78576905 60.410466
0.78061647 -0.0075540187 -0.62496466 -29.833264 -0.023327227 0.99887813 -0.041210587 -4.2283145 0.62457489 0.046748356 0.77956451 61.264894
0.77576438 -0.0098653623 -0.63094553 -30.525457 -0.021854698 0.99885788 -0.042488912 -4.2848073 0.63064414 0.046750509 0.77466276 62.120733
0.7701181 -0.010023381 -0.63782255 -31.215988 -0.022734824 0.99881004 -0.043146721 -4.3500622 0.63749609 0.047728855 0.76897381 62.946958
0.76458887 -0.011924954 -0.64440796 -31.943066 -0.021611559 0.99879223 -0.044125009 -4.4085928 0.64415591 0.047664152 0.76340771 63.762601
0.75914543 -0.015233078 -0.65074275 -32.660657 -0.018828813 0.99879389 -0.045345894 -4.4743287 0.65064869 0.046676843 0.757943 64.61818
0.75327416 -0.014946852 -0.65753676 -33.36521 -0.019971478 0.99876091 -0.045582741 -4.5383024 0.65740339 0.047468282 0.75204227 65.436928
0.74574952 -0.016110364 -0.66603158 -34.126988 -0.017659326 0.99887833 -0.043934443 -4.5999184 0.66599237 0.044525759 0.74462854 66.26041
0.74070569 -0.015629244 -0.67164781 -34.849836 -0.017695389 0.99892866 -0.042759871 -4.6664964 0.6715966 0.043557549 0.73963557 67.047029
0.73265267 -0.018220068 -0.68035877 -35.617204 -0.015483995 0.99893666 -0.04342574 -4.7288375 0.68042659 0.042350657 0.7315915 67.892078
0.72744266 -0.019117932 -0.68590206 -36.42292 -0.016463555 0.99883771 -0.045300933 -4.8020123 0.68597096 0.044246218 0.72628242 68.718256
0.722758 -0.017327172 -0.69088393 -37.192016 -0.019276863 0.99879125 -0.045215603 -4.8627616 0.69083233 0.045998014 0.72155035 69.460273
0.71725589 -0.017704672 -0.69658488 -38.007692 -0.018311557 0.998853 -0.044242183 -4.9299051 0.69656925 0.04448852 0.716109 70.27623
0.71308251 -0.017541876 -0.70086059 -38.770642 -0.018880436 0.99884384 -0.044209794 -4.9930266 0.70082587 0.044757785 0.71192688 71.064852
0.70793731 -0.018070144 -0.70604404 -39.610267 -0.019641096 0.99878231 -0.045256105 -5.0592254 0.70600214 0.045905964 0.70672035 71.885208
0.70262246 -0.01997253 -0.71128246 -40.441732 -0.019890088 0.99866413 -0.047690014 -5.1337141 0.71128483 0.047655546 0.70128659 72.687756
0.69747696 -0.023159407 -0.71623284 -41.249698 -0.018688248 0.99854985 -0.050486994 -5.195458 0.71636351 0.048598653 0.69603271 73.465448
0.69311739 -0.022741518 -0.72046587 -42.093077 -0.020562058 0.99847167 -0.051298309 -5.2707786 0.72053142 0.050370011 0.69159047 74.265263
0.68876676 -0.022992041 -0.72461829 -42.946131 -0.019097111 0.99857478 -0.049836896 -5.344009 0.72473146 0.048164114 0.68734604 75.06443
0.68253322 -0.021039166 -0.73055165 -43.775963 -0.02133288 0.99858615 -0.048688984 -5.4240798 0.73054319 0.04881662 0.68111939 75.857642
0.67757356 -0.023817871 -0.7350692 -44.683317 -0.017908836 0.99864476 -0.048866344 -5.495778 0.73523696 0.046274777 0.67622873 76.627915
0.67326455 -0.024563902 -0.73899351 -45.532075 -0.017764536 0.99862215 -0.04937836 -5.5658972 0.73918828 0.046372576 0.67190053 77.394599
0.66970435 -0.024939376 -0.7422089 -46.444577 -0.017195628 0.99864721 -0.049071931 -5.6438892 0.74242874 0.045626435 0.66836954 78.184865
0.66412459 -0.025908354 -0.74717283 -47.328926 -0.015832458 0.99868785 -0.048702363 -5.7134922 0.74745428 0.044174019 0.66284297 78.975422
0.66177945 -0.027080528 -0.74920929 -48.177402 -0.015237635 0.99865509 -0.049556326 -5.7956603 0.74954374 0.044211536 0.66047677 79.762227
0.65731407 -0.033583956 -0.75286804 -49.107109 -0.0095047078 0.99855765 -0.052842053 -5.870164 0.75355685 0.041889616 0.65604678 80.515787
0.65145187 -0.037430241 -0.75776605 -50.03092 -0.0061812909 0.99848727 -0.054634846 -5.9407383 0.75866481 0.040275945 0.65023503 81.285086
0.64579084 -0.041710976 -0.76237415 -50.924061 -0.00013560402 0.99850037 -0.054744769 -6.0210318 0.76351439 0.035457051 0.64481674 82.089053
0.63751424 -0.044354831 -0.76916071 -51.852481 0.0031563184 0.9984834 -0.05496298 -6.1123287 0.77043214 0.032611967 0.63668739 82.865367
0.62844674 -0.046003913 -0.776491 -52.795322 0.0065086348 0.99852562 -0.053890843 -6.1911615 0.77782542 0.028813629 0.6278196 83.59328
0.6191325 -0.045090003 -0.78399093 -53.750079 0.0080764427 0.99866301 -0.051058409 -6.2682091 0.78524503 0.025280063 0.6186689 84.350308
0.61176675 -0.043519563 -0.78984013 -54.699872 0.0059358203 0.99870993 -0.050430563 -6.3545556 0.79101596 0.026163393 0.61123586 85.101069
0.6044173 -0.043109668 -0.79550061 -55.651957 0.0017240348 0.99860329 -0.052806269 -6.433426 0.79666605 0.030545552 0.60364743 85.810409
0.59253185 -0.047911294 -0.80412092 -56.679988 0.0069509116 0.99849663 -0.054370714 -6.5104342 0.80551707 0.026627006 0.59197408 86.48676
0.582675 -0.047967592 -0.81128842 -57.667352 0.0039500848 0.99841204 -0.056194325 -6.588893 0.8126957 0.02953837 0.58193921 87.231925
0.57248079 -0.049665412 -0.81841251 -58.698882 0.0084045228 0.99846675 -0.054713037 -6.6748626 0.81987509 0.024443796 0.57202045 87.927904
0.56313766 -0.049990598 -0.82484959 -59.677546 0.010629476 0.99852414 -0.053259359 -6.7530787 0.82629477 0.021224632 0.56283793 88.595589
0.55262057 -0.050941667 -0.83187462 -60.729827 0.011209973 0.99849429 -0.053698118 -6.8375581 0.83335761 0.020349393 0.55235954 89.26118
0.54295953 -0.052186501 -0.8381357 -61.785667 0.010659243 0.99841504 -0.055261039 -6.9220452 0.83969125 0.021070616 0.54265523 89.937131
0.53217179 -0.052456567 -0.84500972 -62.845863 0.0091597116 0.99837702 -0.056208691 -7.0037878 0.84658688 0.022172634 0.53178857 90.609866
0.52323739 -0.053630553 -0.8504977 -63.916291 0.0082199183 0.99828896 -0.05789295 -7.0923295 0.85214736 0.023300734 0.52278295 91.265137
0.51360636 -0.052690291 -0.85640655 -65.006909 0.006384665 0.99831976 -0.057592453 -7.1882163 0.85800222 0.024111981 0.51307979 91.900178
0.50532367 -0.050320153 -0.86146144 -66.094625 0.0043888539 0.9984353 -0.055746691 -7.2741369 0.86291876 0.024389294 0.50475384 92.522705
0.49849842 -0.04917611 -0.86549464 -67.178072 0.0062809638 0.99856841 -0.053119519 -7.3573495 0.86686789 0.021043855 0.49809365 93.126414
0.48951727 -0.049793401 -0.87057073 -68.323664 0.0069109345 0.99855848 -0.053227842 -7.445039 0.87196625 0.02003949 0.48915574 93.746508
0.48265018 -0.05301737 -0.87420701 -69.414003 0.0090275642 0.99841421 -0.055565946 -7.5303317 0.87576674 0.018926953 0.48236341 94.341576
0.47543802 -0.055959947 -0.8779676 -70.518819 0.010628511 0.99826743 -0.057872061 -7.6186048 0.87968505 0.01818309 0.47520906 94.932774
0.46841104 -0.05925488 -0.88152135 -71.67183 0.012156135 0.99808623 -0.060630876 -7.7157379 0.88342707 0.017684278 0.46823492 95.545364
0.46339258 -0.062699549 -0.88393213 -72.791682 0.014097019 0.9978891 -0.063392584 -7.8124961 0.886041 0.016914846 0.46329829 96.136011
0.45885149 -0.063071138 -0.88627156 -73.864261 0.015407177 0.99789221 -0.063037779 -7.9091992 0.88837942 0.015270035 0.45885607 96.697873
0.45544229 -0.061354696 -0.88814855 -75.019916 0.018777294 0.99806247 -0.059318732 -8.0011029 0.8900673 0.010339232 0.45571193 97.274707
0.45085686 -0.059457961 -0.89061371 -76.1441 0.021767212 0.99821458 -0.055622215 -8.1032733 0.89233085 0.0056914797 0.45134613 97.825405
0.44579622 -0.057966934 -0.89325556 -77.311177 0.021949787 0.99830885 -0.053829804 -8.1977333 0.89486535 0.0043903536 0.44631468 98.412627
0.44394018 -0.059108772 -0.89410469 -78.407376 0.025042491 0.99825058 -0.053559722 -8.2863679 0.89570646 0.001386703 0.44464378 98.964627
0.44131434 -0.057755757 -0.89549196 -79.515189 0.026385663 0.99833029 -0.051385107 -8.3763896 0.89696461 -0.00095116456 0.4421014 99.519838
0.43942288 -0.057663883 -0.89642754 -80.628218 0.029215357 0.99832695 -0.049897522 -8.4606254 0.89780514 -0.0042633386 0.44037238 100.07125
0.43864797 -0.058869146 -0.89672867 -81.793082 0.032082639 0.99824181 -0.049839668 -8.5475204 0.89808615 -0.0069073537 0.43976542 100.56503
0.43441254 -0.05888751 -0.89878693 -82.863514 0.033983376 0.99822161 -0.048977104 -8.6321168 0.90007274 -0.009267547 0.43564118 101.10334
0.43321218 -0.058246087 -0.89940788 -83.941776 0.036814616 0.99822035 -0.046912964 -8.7118679 0.90053982 -0.012788089 0.43458552 101.63769
0.43105164 -0.057913967 -0.90046676 -85.041221 0.039504732 0.99819253 -0.045288413 -8.7969551 0.9014621 -0.016051054 0.43256041 102.18623
0.42919453 -0.05779864 -0.9013608 -86.099553 0.040116669 0.99818544 -0.044905332 -8.8722478 0.90232077 -0.016886471 0.43073442 102.6581
0.42806032 -0.05970337 -0.90177592 -87.172371 0.041948004 0.99805267 -0.046165385 -8.9577394 0.90277616 -0.018066132 0.42973118 103.17565
0.42728668 -0.061039311 -0.90205334 -88.199669 0.042931007 0.99796277 -0.047193565 -9.0341949 0.90309639 -0.018560877 0.42903668 103.64477
0.42698605 -0.061147526 -0.90218835 -89.244814 0.041124659 0.99799183 -0.048177386 -9.1131862 0.90332261 -0.016531117 0.42864327 104.14978
0.43148909 -0.061578603 -0.90001399 -90.277435 0.040269716 0.99798784 -0.048975634 -9.195123 0.90121895 -0.015110857 0.43310062 104.59289
0.43558972 -0.061446326 -0.89804559 -91.30915 0.037749763 0.99803666 -0.049977729 -9.2785648 0.89935345 -0.012131224 0.43705409 105.14689
0.44024685 -0.061089406 -0.89579614 -92.302588 0.035537173 0.99808654 -0.050600113 -9.3504715 0.89717328 -0.0095575227 0.4415754 105.57747
0.44519082 -0.061234701 -0.89333945 -93.325617 0.03458022 0.99809048 -0.051182085 -9.4351424 0.8947678 -0.008106081 0.44645823 106.1028
0.45259346 -0.060804155 -0.88964147 -94.30026 0.035371977 0.99811147 -0.050222704 -9.5120386 0.89101518 -0.0087379111 0.45388948 106.57133
0.46097255 -0.059741932 -0.88540112 -95.289832 0.034047897 0.99818738 -0.049625527 -9.588977 0.88676102 -0.0072700408 0.46217107 107.12476
0.47023868 -0.058634848 -0.88058927 -96.255445 0.032190164 0.9982661 -0.049280774 -9.6631023 0.88195206 -0.0051725874 0.4713108 107.61038
0.47948365 -0.059190833 -0.87555229 -97.258905 0.033362928 0.9982309 -0.04921367 -9.7389876 0.87691642 -0.0056138385 0.48061018 108.16673
0.48791759 -0.059929868 -0.87082993 -98.215506 0.033265585 0.99819224 -0.050056462 -9.8161333 0.87225564 -0.0045452399 0.48902915 108.66684
0.49906548 -0.060269923 -0.8644658 -99.151421 0.028768473 0.99818088 -0.05298409 -9.8871844 0.86608665 0.0015731685 0.49989149 109.20253
0.50896493 -0.060436244 -0.85866297 -100.07487 0.026348134 0.9981586 -0.054636898 -9.969432 0.86038395 0.0051840976 0.5096201 109.77052
0.52214503 -0.05855709 -0.85084404 -100.99893 0.023641889 0.99825054 -0.054193424 -10.038344 0.852529 0.0081812661 0.52261596 110.30213
0.53520515 -0.056822577 -0.84280874 -101.92621 0.023719528 0.99835247 -0.052246902 -10.118631 0.84438906 0.0079717851 0.53567119 110.87691
0.54739475 -0.055059732 -0.83506129 -102.85396 0.023921916 0.99845507 -0.050151933 -10.19144 0.8365326 0.0074766384 0.5478662 111.46151
0.55924459 -0.054033178 -0.8272399 -103.74953 0.023174439 0.99850261 -0.049552844 -10.269858 0.82867876 0.0085413387 0.55965937 112.07281
0.57042597 -0.054762894 -0.81952131 -104.61629 0.023489053 0.99845436 -0.05037024 -10.339989 0.82101311 0.0094827133 0.57083063 112.66164
0.58125164 -0.055370599 -0.81183778 -105.46978 0.023238484 0.99840479 -0.051457159 -10.41834 0.81339201 0.011043678 0.58161115 113.32149
0.59203627 -0.057078568 -0.80388745 -106.29141 0.025129385 0.99831119 -0.052376321 -10.488589 0.80551947 0.010807484 0.59247079 113.89329
0.6027271 -0.055689 -0.79600171 -107.1484 0.024502145 0.99838293 -0.051294916 -10.562195 0.79757115 0.011413087 0.60311695 114.51741
0.61424948 -0.054520789 -0.78722615 -107.94979 0.024404793 0.99844565 -0.050106838 -10.634106 0.78873445 0.011566008 0.61462529 115.15072
0.62346194 -0.052226448 -0.7801074 -108.73788 0.024869766 0.99858632 -0.046977204 -10.701547 0.7814581 0.0098874093 0.62387942 115.77532
0.6332532 -0.050181344 -0.7723161 -109.53707 0.023087467 0.9986765 -0.045958794 -10.76899 0.77360028 0.011272731 0.63357366 116.41288
0.64305156 -0.049485102 -0.76422239 -110.30937 0.021037054 0.99867499 -0.046964895 -10.837736 0.76553392 0.014123861 0.64324054 117.06313
0.65232727 -0.048144365 -0.75640677 -111.06353 0.017976357 0.99868258 -0.048062064 -10.903667 0.75772424 0.017754757 0.65233334 117.7064
0.66196559 -0.048465745 -0.74796562 -111.80448 0.019031266 0.99867237 -0.04786765 -10.974276 0.74929261 0.017452005 0.66200911 118.35718
0.67131051 -0.046249516 -0.7397318 -112.55028 0.01836272 0.99878269 -0.045781632 -11.038677 0.74094875 0.017150203 0.67134259 119.02846
0.6796478 -0.044929617 -0.73216129 -113.25042 0.018595365 0.99885696 -0.044033962 -11.098465 0.73330289 0.016312779 0.67970642 119.68254
0.68848577 -0.044724237 -0.7238695 -113.93619 0.02005413 0.99888911 -0.042642452 -11.163313 0.72497257 0.014842148 0.68861784 120.33054
0.69567561 -0.044621191 -0.71696886 -114.6434 0.020160558 0.99888857 -0.042604904 -11.228341 0.71807315 0.0151847 0.695802 121.00422
0.70331632 -0.042015564 -0.70963428 -115.29988 0.017340318 0.99896879 -0.041960359 -11.285809 0.71066554 0.017206121 0.70331962 121.67359
0.71047618 -0.039633586 -0.70260425 -115.99324 0.016502462 0.99907655 -0.0396701 -11.340944 0.70352775 0.016589961 0.71047415 122.32772
0.71780393 -0.037558029 -0.69523152 -116.64411 0.016455857 0.99918021 -0.03698791 -11.39895 0.69605083 0.015109437 0.71783354 122.99581
0.72468856 -0.03601148 -0.68813489 -117.27036 0.015559438 0.99923404 -0.035905969 -11.453653 0.68890089 0.015313652 0.7246938 123.68702
0.73219619 -0.034579226 -0.68021539 -117.88587 0.0143855 0.99927273 -0.035313917 -11.506257 0.68094187 0.016071477 0.73216113 124.32901
0.74052859 -0.031955697 -0.67126463 -118.49547 0.012502975 0.99935104 -0.033781237 -11.560714 0.67190857 0.016623167 0.74044756 124.99265
0.74924001 -0.029452531 -0.66164334 -119.09167 0.011717184 0.99944382 -0.031221002 -11.606945 0.66219495 0.015639427 0.7491684 125.64421
0.75890691 -0.02568908 -0.6506922 -119.66966 0.0094679519 0.99955125 -0.028419363 -11.64832 0.65113032 0.015406929 0.75880957 126.31919
0.76900485 -0.023366863 -0.63881569 -120.24224 0.0078591959 0.99960175 -0.027102962 -11.694854 0.63919465 0.015821731 0.76888224 126.965
0.77889024 -0.023241882 -0.62672942 -120.78015 0.0069602011 0.99957188 -0.028418482 -11.730582 0.62712166 0.017772716 0.77871856 127.63072
0.78858016 -0.023407629 -0.61448628 -121.29246 0.0067580194 0.99954479 -0.029402989 -11.781111 0.61489487 0.019033904 0.78837938 128.28458
0.79759979 -0.022727567 -0.60275866 -121.7936 0.0065849547 0.99955843 -0.028975731 -11.822501 0.60315109 0.019141899 0.79739725 128.97529
0.80794959 -0.021347566 -0.58886476 -122.32818 0.0063556227 0.99960112 -0.027517401 -11.859046 0.58921735 0.018490071 0.807763 129.66294
0.81829283 -0.019436612 -0.57447283 -122.77856 0.006181689 0.99966791 -0.025017241 -11.892391 0.57476835 0.016920217 0.81814124 130.35388
0.8270563 -0.018095148 -0.56182774 -123.25467 0.0064894511 0.99972249 -0.022645704 -11.930981 0.56208166 0.015083318 0.82694421 131.04062
0.83557995 -0.016755502 -0.54911326 -123.71677 0.0069814852 0.99977793 -0.019883316 -11.9652 0.54932452 0.012780474 0.83551137 131.74918
0.84370304 -0.016356117 -0.53656093 -124.18593 0.0078880685 0.99980554 -0.018073902 -11.996028 0.53675225 0.011016577 0.84366799 132.45594
0.85102836 -0.016387604 -0.52486393 -124.61634 0.0090293152 0.99982183 -0.016576642 -12.024768 0.52504211 0.0093680307 0.8510247 133.19545
0.85736998 -0.016499328 -0.51443607 -125.05529 0.0093530111 0.99982047 -0.016478969 -12.054481 0.51461565 0.0093170464 0.85737037 133.88641
0.86414229 -0.015130181 -0.50302004 -125.47661 0.0083724234 0.99984184 -0.015690872 -12.082256 0.50317793 0.0093476495 0.86413229 134.6225
0.87016916 -0.01391328 -0.49255663 -125.90703 0.0074213492 0.99985796 -0.01513222 -12.11133 0.49269724 0.0095121561 0.87014882 135.35859
0.87669801 -0.012723126 -0.48087285 -126.32337 0.006548222 0.99987318 -0.014516726 -12.134351 0.48099661 0.0095779222 0.87667015 136.09399
0.88198697 -0.013305319 -0.47108591 -126.72024 0.0071542923 0.9998642 -0.014845529 -12.16267 0.4712195 0.0097232768 0.88196239 136.86156
0.88676746 -0.014345723 -0.46199314 -127.11758 0.0080973935 0.99984701 -0.015504611 -12.189198 0.46214492 0.010008044 0.88674795 137.60477
0.89146101 -0.014882189 -0.45285293 -127.50924 0.0085505666 0.99983502 -0.016025595 -12.218187 0.45301675 0.010414044 0.89144119 138.37606
0.89490625 -0.014266419 -0.44602606 -127.91191 0.0083229977 0.99984859 -0.01528152 -12.245042 0.44617658 0.009963254 0.8948895 139.16387
0.89765082 -0.012689861 -0.44052463 -128.29785 0.0080805099 0.99989124 -0.012337574 -12.272081 0.44063331 0.0075151693 0.89765574 139.94949
0.90097475 -0.0089492759 -0.4337792 -128.66565 0.0059062998 0.99994759 -0.0083622733 -12.289548 0.43383134 0.0049721668 0.90098039 140.75915
0.9044271 -0.006172778 -0.42658352 -129.09298 0.0043210753 0.99997657 -0.0053085408 -12.304959 0.42660633 0.0029578884 0.90443259 141.57386
0.9074356 -0.0036301968 -0.42017548 -129.46131 0.002535173 0.99999178 -0.0031645373 -12.326863 0.42018355 0.001806396 0.90743735 142.39765
0.91068431 -0.0016731989 -0.41309959 -129.84064 0.0014315831 0.99999858 -0.00089440039 -12.332735 0.41310053 0.00022312967 0.91068541 143.24301
0.91392263 -0.00019282315 -0.40588839 -130.2352 0.0010467181 0.99999768 0.0018817893 -12.349728 0.40588712 -0.0021446609 0.91392071 144.10488
0.91715928 -9.8672704e-05 -0.39852081 -130.60987 0.001879754 0.99998992 0.0040784868 -12.35991 0.39851642 -0.0044897435 0.91715021 144.97113
0.92042435 -0.00032541986 -0.39092057 -130.98675 0.0023944239 0.99998559 0.0048052489 -12.374419 0.39091341 -0.0053588981 0.92041187 145.86529
0.92422697 -0.0010582408 -0.38184209 -131.34993 0.0031633966 0.99998306 0.0048854574 -12.369902 0.38183048 -0.0057231898 0.92421466 146.75545
0.92787169 -0.0038490032 -0.37287975 -131.74265 0.0058912163 0.99997324 0.0043375704 -12.394294 0.3728531 -0.0062214244 0.92786953 147.6662
0.93178302 -0.0051607851 -0.362979 -132.1179 0.0068259677 0.99997124 0.0033051049 -12.396395 0.36295154 -0.005557324 0.93179145 148.61423
0.93602482 -0.006194156 -0.35187946 -132.48133 0.0070984601 0.99997399 0.0012798117 -12.416854 0.3518624 -0.0036957381 0.93604444 149.55009
0.94097823 -0.0045676042 -0.33843624 -132.83082 0.0050380898 0.99998718 0.0005117266 -12.423608 0.3384296 -0.0021865961 0.94098918 150.49567
0.94661454 -0.0012227258 -0.32236533 -133.17024 0.0018524838 0.99999693 0.0016467834 -12.433359 0.32236236 -0.002156046 0.9466139 151.48018
0.9526754 0.0024602423 -0.30397949 -133.48467 -0.0012071857 0.99998998 0.0043100326 -12.439481 0.30398707 -0.0037391026 0.95266882 152.47449
0.9587555 0.0055266533 -0.28417836 -133.80655 -0.0039542545 0.99997354 0.0061065311 -12.446894 0.28420462 -0.004730957 0.95875198 153.5268
0.96504893 0.0071247238 -0.26197288 -134.09358 -0.005483202 0.99996049 0.0069964656 -12.460112 0.2620124 -0.0053154818 0.96504987 154.55576
0.97036047 0.0086716634 -0.24150644 -134.37231 -0.0068725736 0.99994201 0.0082908232 -12.46431 0.24156435 -0.0063853167 0.9703638 155.58882
0.97563102 0.0092885639 -0.21922098 -134.61505 -0.0070400331 0.99991432 0.011035868 -12.475684 0.21930472 -0.0092236125 0.97561282 156.67602
0.98041967 0.011179737 -0.19660186 -134.84133 -0.0084871511 0.99985837 0.014532847 -12.468548 0.1967365 -0.0125797 0.9803757 157.7706
0.98450717 0.013154816 -0.17485016 -135.04557 -0.010062993 0.99977715 0.018557586 -12.476107 0.17505533 -0.016510561 0.98442015 158.87492
0.98822111 0.014979936 -0.15229787 -135.22732 -0.011765643 0.99968907 0.021984696 -12.462869 0.15257986 -0.019933858 0.98809009 159.98496
0.99128062 0.016336811 -0.13075108 -135.38585 -0.013546957 0.9996618 0.022198287 -12.456186 0.13106953 -0.020233453 0.99116668 161.11097
0.9939706 0.01655366 -0.10839009 -135.51709 -0.014468619 0.99969539 0.019994779 -12.456566 0.10868807 -0.018305968 0.99390734 162.2569
0.99610628 0.016257167 -0.086648628 -135.62548 -0.014668742 0.99971307 0.018937146 -12.436406 0.086931638 -0.017592384 0.99605893 163.41753
0.99770078 0.015115423 -0.066065704 -135.71551 -0.013780133 0.9996924 0.020620773 -12.442646 0.066357079 -0.019662967 0.99760218 164.60224
0.99882875 0.015377937 -0.045876357 -135.79299 -0.014333067 0.99963229 0.023018475 -12.421604 0.046213469 -0.022333967 0.99868189 165.80705
0.99955209 0.015802738 -0.025414587 -135.81316 -0.015202864 0.99960526 0.023626081 -12.422663 0.025777914 -0.023229125 0.99939777 167.00296
0.99983693 0.017089502 -0.0058371158 -135.8555 -0.0169438 0.99956451 0.024159865 -12.40613 0.0062474544 -0.024057023 0.99969107 168.20979
0.99973337 0.017378229 0.015204567 -135.82855 -0.017749525 0.99953891 0.024635759 -12.394161 -0.014769432 -0.024899065 0.99958086 169.43158
0.99914846 0.019605902 0.03630382 -135.81624 -0.020488505 0.99949955 0.024101247 -12.382026 -0.035813128 -0.024824535 0.99905013 170.68631
0.9982332 0.020617459 0.055726117 -135.76512 -0.021931112 0.99949338 0.02306546 -12.369064 -0.055222338 -0.024246844 0.99817964 171.94787
0.99687112 0.020771354 0.076266144 -135.67121 -0.022422417 0.99953101 0.020856514 -12.360706 -0.075797165 -0.022501328 0.99686934 173.22416
0.99528246 0.022668039 0.094334459 -135.57194 -0.024501797 0.9995318 0.018326085 -12.352491 -0.093874883 -0.020550996 0.99537187 174.47321
0.99324846 0.022988844 0.11370582 -135.44014 -0.024996344 0.99955528 0.016260896 -12.340275 -0.11328145 -0.01899334 0.99338138 175.76677
0.99081521 0.02300763 0.13325114 -135.27275 -0.025051272 0.99959256 0.013680365 -12.345318 -0.13288211 -0.016892825 0.99098788 177.07055
0.9881504 0.024423765 0.15153306 -135.07942 -0.025968633 0.99962893 0.0082240216 -12.343653 -0.15127598 -0.012061677 0.98841798 178.35642
0.98505946 0.025954603 0.17024751 -134.8825 -0.026684786 0.99964189 0.0020017363 -12.363924 -0.1701346 -0.0065148477 0.9853993 179.66378
0.98192915 0.028468876 0.18709535 -134.65783 -0.028312123 0.99959297 -0.0035104635 -12.373985 -0.18711915 -0.0018500401 0.98233548 180.95388
0.97847831 0.030288682 0.20411464 -134.38761 -0.029417754 0.99954054 -0.0073004694 -12.398974 -0.204242 0.0011387568 0.97891977 182.26822
0.97439359 0.032654491 0.22246532 -134.11238 -0.031166964 0.9994622 -0.010195033 -12.431939 -0.22267861 0.003000406 0.9748873 183.58089
0.97029218 0.032091132 0.23979833 -133.80135 -0.030519464 0.99948145 -0.010265691 -12.458953 -0.24000344 0.0026422029 0.97076844 184.92079
0.96588621 0.031102237 0.25709233 -133.45749 -0.029242901 0.99951122 -0.011053311 -12.492457 -0.25731048 0.0031581154 0.96632363 186.28515
0.96110922 0.030697673 0.27445714 -133.09443 -0.027506804 0.99950193 -0.015468141 -12.546197 -0.2747953 0.0073171343 0.96147491 187.60132
0.95651846 0.032120539 0.28989772 -132.70546 -0.027558704 0.99942396 -0.019805705 -12.587587 -0.29036693 0.010955317 0.95685267 188.94178
0.95116265 0.03427783 0.30678107 -132.30285 -0.029452777 0.9993591 -0.020345068 -12.622439 -0.30728187 0.010315915 0.95156263 190.28703
0.94547899 0.036209314 0.32366397 -131.85066 -0.03125696 0.99930138 -0.020487977 -12.680234 -0.32417973 0.0092542005 0.94595025 191.6161
0.93883672 0.040335554 0.34199218 -131.39392 -0.034164378 0.99912677 -0.024051899 -12.716427 -0.34266372 0.010896857 0.93939494 192.9705
0.93253237 0.04093949 0.35875803 -130.89411 -0.033324858 0.9990693 -0.027385813 -12.779528 -0.35954533 0.013582597 0.93302877 194.30904
0.92576172 0.042184178 0.37574689 -130.36012 -0.033168353 0.99898631 -0.030433854 -12.838534 -0.37664986 0.015711592 0.92622246 195.654
0.91853945 0.041887835 0.39310389 -129.80895 -0.030488476 0.99891509 -0.035200678 -12.905273 -0.39415192 0.020348074 0.91882002 196.98471
0.90988706 0.045609832 0.4123412 -129.25568 -0.031480141 0.99866316 -0.040998781 -12.993653 -0.41365994 0.024323702 0.91010649 198.31117
0.90068572 0.049291773 0.431666 -128.65161 -0.033313547 0.99845364 -0.044503194 -13.071415 -0.43319216 0.025703067 0.90093502 199.65629
0.88832466 0.05221669 0.45623755 -127.98334 -0.034899487 0.99831745 -0.04630649 -13.152296 -0.45788792 0.025212741 0.88865234 200.95471
0.87497082 0.056285373 0.48089292 -127.29652 -0.037381877 0.99810846 -0.048806826 -13.243054 -0.48273044 0.024727869 0.87541983 202.27029
0.86089494 0.060647336 0.50515521 -126.59886 -0.039926222 0.99786126 -0.051757058 -13.33371 -0.50721379 0.024388451 0.86147513 203.53651
0.845782 0.064152315 0.52965769 -125.82889 -0.041158071 0.99763163 -0.055110357 -13.440216 -0.53193877 0.02481166 0.84641925 204.83581
0.83020446 0.06608888 0.55352759 -125.01157 -0.041169598 0.99750491 -0.057349987 -13.548147 -0.55593673 0.024823707 0.83085387 206.0689
0.81442718 0.066802992 0.57640758 -124.18924 -0.03959531 0.99743361 -0.059652329 -13.645852 -0.5789133 0.025759443 0.81498213 207.34509
0.79887227 0.069006033 0.59752927 -123.32044 -0.038135627 0.99720956 -0.064177581 -13.767167 -0.60029059 0.028482538 0.79927466 208.53345
0.78247035 0.071618183 0.61855555 -122.41593 -0.036356576 0.9969237 -0.069435837 -13.893442 -0.6216256 0.031842923 0.78266702 209.72842
0.76586457 0.073685872 0.63876586 -121.44054 -0.034915141 0.99671216 -0.073114955 -14.029854 -0.64205329 0.033693555 0.76591928 210.93257
0.74878801 0.075229255 0.65852641 -120.48217 -0.033038048 0.99653917 -0.076276979 -14.161579 -0.66198568 0.035358861 0.74868201 212.07538
0.73340095 0.075718175 0.67556626 -119.47724 -0.031060337 0.99647204 -0.077966244 -14.297484 -0.67908641 0.036197202 0.73316536 213.18772
0.71710632 0.075911 0.69281744 -118.43442 -0.02890131 0.99643466 -0.079263362 -14.437866 -0.69636433 0.036816928 0.71674352 214.30866
0.7029347 0.076623256 0.70711501 -117.38296 -0.026197 0.99629482 -0.081916762 -14.581464 -0.71077181 0.039057845 0.7023375 215.38163
0.68772135 0.078070064 0.72176476 -116.29346 -0.023726124 0.99608688 -0.085135223 -14.730618 -0.72558698 0.041424631 0.68688251 216.4495
0.67304624 0.080401049 0.73521723 -115.19153 -0.021324081 0.99576989 -0.089373382 -14.893136 -0.73929296 0.044474589 0.67191366 217.49603
0.65828766 0.082910028 0.74818663 -114.04592 -0.020404582 0.99551614 -0.092364902 -15.046442 -0.75248991 0.045536241 0.65702773 218.50826
0.64208191 0.083314827 0.76209541 -112.89892 -0.018899955 0.99549537 -0.092907271 -15.216239 -0.76640307 0.04525051 0.64076421 219.53343
0.62604562 0.084706514 0.775172 -111.71954 -0.019221915 0.99545679 -0.093253984 -15.380262 -0.77954952 0.04348096 0.62482958 220.49305
0.60841705 0.085764991 0.78896958 -110.53829 -0.021725843 0.99557084 -0.091469623 -15.552283 -0.79332007 0.03851065 0.60758559 221.44279
0.58901549 0.086395092 0.80349025 -109.31086 -0.023588747 0.99568329 -0.089768371 -15.709864 -0.80777743 0.033921635 0.58851083 222.37616
0.57210935 0.087886925 0.81545492 -108.13075 -0.02541403 0.9956644 -0.089479229 -15.880436 -0.81978355 0.030467909 0.57186248 223.26922
0.55322703 0.090913157 0.82805471 -106.90565 -0.027024562 0.99546237 -0.091237823 -16.048244 -0.83259209 0.028097415 0.55317357 224.11732
0.53454445 0.095083651 0.83977454 -105.70902 -0.030141574 0.99516372 -0.093491508 -16.219385 -0.84460274 0.024663241 0.53482521 224.88768
0.51638288 0.095141865 0.85105622 -104.46756 -0.030115879 0.995212 -0.092984457 -16.389411 -0.85582815 0.022385277 0.51677572 225.69344
0.4955816 0.094047442 0.86345463 -103.20277 -0.03035671 0.99538861 -0.090994387 -16.551676 -0.86803077 0.018883503 0.49615125 226.44327
0.47340396 0.091875461 0.87604082 -101.94852 -0.02991137 0.99564866 -0.08825561 -16.713618 -0.88033747 0.015576975 0.47409214 227.17021
0.45149709 0.090411545 0.88768016 -100.68771 -0.030137634 0.99583073 -0.08609806 -16.873332 -0.89176352 0.012120444 0.45233946 227.83613
0.43010061 0.089443208 0.8983392 -99.43186 -0.028939923 0.99593454 -0.085304638 -17.032393 -0.90231703 0.01069171 0.43094053 228.48193
