1 0 0 0 0 1 0 0 0 0 1 0
0.99994359 -0.0021278596 0.010406361 0.0096975523 0.0021180709 0.9999973 0.00095158092 -0.0053832664 -0.010408359 -0.00092948584 0.9999454 0.28997574
0.99984808 -0.0037434844 0.017023355 0.018037626 0.0037248908 0.99999243 0.0011238297 -0.0097118971 -0.017027435 -0.0010602488 0.99985446 0.58023649
0.99979668 -0.0069521926 0.018927682 0.025647238 0.0069598685 0.99997572 -0.00033966901 -0.015722239 -0.018924862 0.00047133415 0.9998208 0.88339522
0.99981013 -0.0083031052 0.017628284 0.029209768 0.0083325127 0.99996401 -0.0015953765 -0.019091937 -0.017614404 0.0017419616 0.99984334 1.1908594
0.99988308 -0.01095217 0.010671172 0.024413821 0.010989858 0.99993356 -0.0034794571 -0.02161068 -0.010632356 0.0035963251 0.99993701 1.5152352
0.99992769 -0.011962219 -0.0012312071 0.013912066 0.011956562 0.99991837 -0.0045049212 -0.032262077 0.0012849956 0.0044898745 0.99998909 1.8364968
0.99978668 -0.01147119 -0.017175818 -0.0065865071 0.011387269 0.99992278 -0.0049758979 -0.037029341 0.017231573 0.0047792509 0.9998401 2.1530965
0.99931312 -0.0078267175 -0.036221989 -0.042218413 0.0076289038 0.99995524 -0.0055961601 -0.043275857 0.03626417 0.0053159822 0.9993281 2.5069023
0.99842754 -0.0039263773 -0.055919824 -0.088961249 0.0035725469 0.99997297 -0.0064260249 -0.048783744 0.055943549 0.0062161441 0.99841458 2.8596712
0.99715426 -0.0032310035 -0.075318981 -0.12752287 0.0027377614 0.99997413 -0.0066510419 -0.055463202 0.075338529 0.0064259095 0.99713731 3.211345
0.99530687 -0.0043881637 -0.096669414 -0.18096065 0.0038110923 0.99997381 -0.0061533695 -0.059453132 0.096693892 0.0057560749 0.99529752 3.5915511
0.99322604 -0.0054354312 -0.11607101 -0.24273283 0.0048337308 0.99997339 -0.0054647536 -0.069386134 0.11609764 0.0048666796 0.99322588 3.9889543
0.99108532 -0.0048142465 -0.13314166 -0.31449618 0.0042114367 0.99997957 -0.0048088279 -0.077896214 0.1331621 0.004205241 0.99108535 4.3789678
0.98883068 -0.0035873582 -0.14900002 -0.39724301 0.0029827367 0.99998639 -0.0042811267 -0.087003304 0.14901337 0.0037888816 0.98882792 4.7965698
0.98673737 -0.002854737 -0.16229974 -0.47470224 0.0022044636 0.99998881 -0.0041865665 -0.091741962 0.16230988 0.0037732578 0.98673262 5.2106207
0.98457778 -0.0042808241 -0.17489504 -0.57043329 0.0034536037 0.99998137 -0.0050338942 -0.10016167 0.17491334 0.0043522422 0.98457421 5.6520121
0.98273131 -0.0069868921 -0.18490632 -0.65231285 0.0058092086 0.99995925 -0.0069100751 -0.11215966 0.18494708 0.0057165878 0.98273186 6.0829766
0.98113745 -0.0065860135 -0.19319918 -0.74859517 0.0049655347 0.99994833 -0.0088706457 -0.11950961 0.19324763 0.0077439855 0.98111946 6.5249311
0.97976862 -0.0064803535 -0.20002865 -0.86457899 0.0044467592 0.99993378 -0.010614127 -0.12376141 0.2000842 0.0095099097 0.97973255 7.0240773
0.97804024 -0.0069323844 -0.20830081 -0.97361553 0.0042922508 0.99990466 -0.013123952 -0.13404793 0.20837195 0.011941673 0.97797675 7.4831907
0.97615495 -0.010632447 -0.21681434 -1.0856815 0.007540796 0.99985783 -0.015081799 -0.14656599 0.21694389 0.013087221 0.97609635 7.9773365
0.97443348 -0.016378254 -0.22407841 -1.2020351 0.01303776 0.99978084 -0.016379246 -0.16591029 0.22429758 0.013039006 0.97443347 8.5072054
0.9723459 -0.01768151 -0.2328751 -1.3348329 0.013647567 0.99972781 -0.018922341 -0.18885862 0.23314631 0.015220883 0.97232254 9.0014285
0.97052659 -0.013583474 -0.24061094 -1.4887713 0.008335649 0.99970496 -0.02281483 -0.19159282 0.24084988 0.020136751 0.97035347 9.5643549
0.96834253 -0.010808525 -0.2493911 -1.6430497 0.0044970705 0.99965537 -0.025863376 -0.20648308 0.24958472 0.023923078 0.96805741 10.089142
0.9659528 -0.012924322 -0.25839531 -1.8037005 0.0059336686 0.99959546 -0.027815715 -0.23138928 0.2586503 0.025335436 0.96563872 10.646186
0.96363573 -0.015218694 -0.26678562 -1.9693126 0.0075310778 0.99952705 -0.029815256 -0.26125146 0.26711321 0.026721863 0.9632946 11.218496
0.96171083 -0.014785601 -0.27366707 -2.1373718 0.0061786282 0.99945958 -0.032285788 -0.28331098 0.27399656 0.029358705 0.96128245 11.788572
0.95903614 -0.014321764 -0.28292148 -2.3284713 0.0043519581 0.99934821 -0.035835894 -0.30736854 0.28325034 0.033136655 0.95847338 12.368272
0.95696 -0.015448397 -0.28980838 -2.5123764 0.0037113898 0.99915204 -0.041005185 -0.33988857 0.29019612 0.038164731 0.95620587 12.952053
0.95518405 -0.0161775 -0.29557015 -2.7168265 0.0020506762 0.99884317 -0.048042781 -0.3779528 0.29600546 0.04528358 0.95411224 13.579039
0.95382417 -0.016552721 -0.29990907 -2.9290084 -0.00042474399 0.99840504 -0.05645528 -0.41649939 0.30036524 0.053975796 0.95229583 14.195654
0.95261193 -0.016738982 -0.30372736 -3.1270525 -0.0031670078 0.9978849 -0.064928318 -0.46030643 0.30417181 0.062813398 0.95054405 14.80675
0.95112495 -0.016216684 -0.30838018 -3.3473144 -0.0069720108 0.99723796 -0.07394491 -0.50740846 0.30872759 0.07248088 0.94838484 15.46264
0.94978342 -0.015525041 -0.31252267 -3.5738672 -0.010388606 0.99665328 -0.081082141 -0.56587415 0.31273557 0.080257149 0.94644348 16.092171
0.94824524 -0.014161842 -0.31722294 -3.8186194 -0.01438964 0.99606225 -0.087481006 -0.62796275 0.31721272 0.087518173 0.94430751 16.777941
0.94673234 -0.01273245 -0.32176972 -4.0642041 -0.018356715 0.99545936 -0.093400739 -0.69881862 0.32149793 0.094332137 0.94219984 17.437752
0.94512431 -0.010583339 -0.32653946 -4.3079638 -0.02298371 0.99484515 -0.098766762 -0.7741762 0.32590151 0.10085196 0.94000909 18.105517
0.9433517 -0.0085901834 -0.33168323 -4.5772079 -0.026795747 0.99442702 -0.10196512 -0.8513774 0.3307107 0.10507668 0.93786424 18.803492
0.94162693 -0.0079268525 -0.33656481 -4.8354909 -0.02847911 0.99426375 -0.10309478 -0.92973586 0.33545143 0.10666189 0.93599978 19.496332
0.93941368 -0.0066108808 -0.34272179 -5.1226872 -0.030340788 0.99428621 -0.1023444 -1.0172558 0.34144017 0.10654218 0.93384548 20.216677
0.93713374 -0.0067000164 -0.34890607 -5.3991674 -0.030437371 0.9944361 -0.10084841 -1.1004629 0.34764051 0.10512824 0.9317157 20.947783
0.93447318 -0.0064050544 -0.35597589 -5.6864282 -0.030913013 0.99460261 -0.099045649 -1.1848862 0.35468897 0.10355979 0.92923146 21.664125
0.9316304 -0.0062204032 -0.36335394 -5.9665451 -0.030734043 0.99492276 -0.095833795 -1.2699376 0.36210526 0.10044901 0.92670912 22.348947
0.92798235 -0.0034629324 -0.37260804 -6.3058078 -0.032678094 0.99534785 -0.090635495 -1.3511613 0.37118851 0.096284262 0.92355208 23.172246
0.92467356 -0.001657153 -0.3807572 -6.6126744 -0.033343567 0.99579644 -0.085309217 -1.4357878 0.37929807 0.091578982 0.92073138 23.883893
0.9212205 0.0010705382 -0.38903937 -6.954952 -0.035328752 0.99609468 -0.080915232 -1.5070037 0.38743345 0.088285048 0.91766066 24.632658
0.91757231 0.001250705 -0.39756696 -7.3032518 -0.035668725 0.99622134 -0.079188303 -1.5863648 0.39596568 0.086841701 0.91414972 25.391808
0.91352903 0.0034229992 -0.40675911 -7.6382311 -0.038645805 0.99617182 -0.078410453 -1.6629607 0.4049336 0.08734976 0.91016417 26.159815
0.91024434 0.0042246532 -0.41404998 -8.0114302 -0.039860196 0.99619803 -0.077463895 -1.7355784 0.41214855 0.087015187 0.90695201 26.931076
0.90661569 0.0047058027 -0.42193108 -8.3983055 -0.040333361 0.9963257 -0.075553434 -1.8076386 0.42002528 0.085515828 0.90347431 27.71542
0.9022242 0.0052847477 -0.43123491 -8.7934243 -0.040877769 0.99647093 -0.073312274 -1.8859018 0.42932566 0.08377203 0.89925622 28.485469
0.89886022 0.0054540065 -0.43820148 -9.1820016 -0.03975071 0.99681526 -0.06913188 -1.9570018 0.43642891 0.079558718 0.89621439 29.254464
0.8950063 0.0058391683 -0.44601526 -9.5853223 -0.038205868 0.99724318 -0.063610872 -2.0163469 0.44441428 0.073972532 0.89276202 30.069371
0.89181758 0.0048054024 -0.45236964 -9.9987586 -0.035522203 0.9976001 -0.059432488 -2.0833214 0.45099843 0.069072105 0.88984801 30.875595
0.88796189 0.0049634379 -0.45989023 -10.429563 -0.035275276 0.99773121 -0.057341772 -2.1515486 0.45856227 0.067140064 0.88612238 31.683307
0.88452596 0.0047875086 -0.46646638 -10.882081 -0.035058791 0.99780163 -0.056238618 -2.2146729 0.46517171 0.066098266 0.88274929 32.503403
0.88179116 0.0058568824 -0.47160367 -11.317421 -0.035650119 0.99788998 -0.054264704 -2.269572 0.47029079 0.064662864 0.88013937 33.318528
0.87860954 0.0038197438 -0.47752557 -11.805835 -0.033081319 0.99805258 -0.052883565 -2.3327647 0.47639367 0.062261181 0.87702488 34.165863
0.8757066 0.0018826227 -0.48283992 -12.269869 -0.031318348 0.99810811 -0.05290909 -2.3913917 0.48182687 0.061454589 0.87410881 35.024383
0.87478398 0.00086603437 -0.48451234 -12.762142 -0.030510337 0.99811222 -0.053302157 -2.4533605 0.48355157 0.061410509 0.87315901 35.858355
0.87279891 0.0029471506 -0.48807106 -13.261383 -0.033416909 0.99799609 -0.053731919 -2.5143626 0.4869347 0.063206988 0.87114838 36.723722
0.87245564 0.0015261958 -0.48869091 -13.746909 -0.031360956 0.99810877 -0.052871315 -2.5744937 0.48768603 0.061453692 0.87085349 37.582392
0.87243726 0.0032012816 -0.48871563 -14.264016 -0.032407925 0.99815654 -0.051315116 -2.6358491 0.48765047 0.060607479 0.8709327 38.464916
0.87194722 0.00085490411 -0.48959912 -14.780294 -0.029449394 0.99827941 -0.050704506 -2.6992457 0.48871342 0.058630051 0.87047213 39.386211
0.87183594 0.00067510576 -0.48979753 -15.288157 -0.029595395 0.99824448 -0.051303662 -2.7674205 0.48890308 0.059224128 0.8703254 40.267238
0.87049522 -0.0022553645 -0.49217168 -15.816791 -0.026777855 0.99829133 -0.051936153 -2.8296615 0.4914479 0.058389475 0.86894744 41.187762
0.86895758 -0.0030652135 -0.49487707 -16.324652 -0.024930175 0.99844006 -0.049959265 -2.8900424 0.49425827 0.055749855 0.86752564 42.079963
0.86760656 -0.0019683131 -0.49724738 -16.897556 -0.02443921 0.99861486 -0.046594924 -2.9600494 0.49665038 0.052578396 0.8663567 43.041924
0.86373788 -0.00061311646 -0.50394094 -17.413124 -0.023861767 0.99882785 -0.042113483 -3.0252566 0.50337611 0.048399932 0.86271082 43.928323
0.8602689 -0.0050523031 -0.50981552 -17.938985 -0.0177048 0.99905176 -0.039775956 -3.0776345 0.5095331 0.0432442 0.85936371 44.82861
0.85522953 -0.006867279 -0.51820389 -18.489163 -0.017519496 0.9989576 -0.04215196 -3.1478796 0.51795323 0.045128273 0.85421772 45.744113
0.8501693 -0.0078869051 -0.52645031 -19.091307 -0.018842107 0.99879156 -0.045391471 -3.209359 0.52617217 0.048509869 0.84899332 46.616501
0.84393356 -0.0089092459 -0.5363737 -19.669996 -0.018298882 0.9988021 -0.045381816 -3.267956 0.53613554 0.048114277 0.84275959 47.531293
0.83800712 -0.0059223643 -0.54562714 -20.246684 -0.018995888 0.99901835 -0.040018609 -3.3249471 0.54532857 0.043900552 0.83707199 48.4251
0.83364917 -0.004185404 -0.55227847 -20.877732 -0.018106076 0.99922667 -0.034903193 -3.3842687 0.55199751 0.039096614 0.83292871 49.288861
0.82935893 -0.0025620277 -0.55871028 -21.461115 -0.021412616 0.99910908 -0.036366769 -3.4427481 0.55830574 0.042124554 0.82856518 50.16864
0.82637887 -0.0034611243 -0.56310385 -22.092536 -0.023599771 0.99888968 -0.040773353 -3.4954813 0.5626198 0.04698336 0.82537964 51.064992
0.8230212 -0.0047821178 -0.56799051 -22.681749 -0.02714334 0.99849105 -0.047737495 -3.5636991 0.56736177 0.05470613 0.82164949 51.90108
0.81976303 -0.0048979274 -0.5726819 -23.299776 -0.028573397 0.9983683 -0.049439921 -3.6271952 0.57198966 0.056892487 0.81828547 52.788101
0.81667167 -0.0047347731 -0.57708313 -23.917449 -0.026606818 0.99859411 -0.04584634 -3.6881763 0.57648893 0.052795753 0.81539754 53.626022
0.81294948 -0.002896612 -0.58232699 -24.562972 -0.024937935 0.9988971 -0.03978297 -3.7524449 0.58180003 0.046863578 0.81198064 54.513956
0.81081629 -0.0039941026 -0.58528707 -25.197499 -0.021673872 0.99908599 -0.036843423 -3.8078258 0.58489932 0.042558686 0.80998863 55.376815
0.80831971 -0.0016879076 -0.58874134 -25.835109 -0.0252078 0.99897963 -0.03747341 -3.864465 0.58820391 0.04513137 0.80745238 56.23538
0.80489495 -0.0018994637 -0.59341426 -26.505436 -0.0264624 0.99888522 -0.039090392 -3.9258619 0.59282704 0.047166825 0.8039474 57.123691
0.80041475 -0.0042539427 -0.59943148 -27.162223 -0.025847462 0.99879987 -0.041601962 -3.9841296 0.59888911 0.048792607 0.7993442 57.960704
0.79664628 -0.0044931294 -0.60442905 -27.811281 -0.026422567 0.99875763 -0.042249765 -4.0442619 0.60386801 0.049628686 0.79553784 58.806156
0.79250763 -0.00671387 -0.60982501 -28.457204 -0.023220285 0.99888216 -0.041173478 -4.1004295 0.60941981 0.046790606 0.79146583 59.661465
0.7875198 -0.0060942078 -0.61625919 -29.134821 -0.023993904 0.99888979 -0.040539947 -4.1590865 0.61582213 0.046712475 0.78649926 60.488342
0.78257194 -0.0072670083 -0.62251773 -29.811918 -0.0234124 0.99888101 -0.041092424 -4.2257301 0.62211981 0.046732413 0.78152611 61.351785
0.77735247 -0.0071393253 -0.62902474 -30.525665 -0.02487199 0.9988049 -0.042073217 -4.2879496 0.62857342 0.048350817 0.77624589 62.185748
0.77245551 -0.008221519 -0.63501564 -31.216453 -0.024590534 0.99877911 -0.042843942 -4.3491587 0.63459264 0.048710413 0.77131025 63.016376
0.76702083 -0.0096389041 -0.64154977 -31.945536 -0.024403556 0.99872542 -0.044181534 -4.4130157 0.64115798 0.049544253 0.76580797 63.866562
0.76181271 -0.011958722 -0.64768692 -32.643771 -0.022707907 0.99872213 -0.045149299 -4.4706251 0.64739925 0.049102924 0.76056765 64.686079
0.75621804 -0.01303707 -0.65418979 -33.381833 -0.021905082 0.99873664 -0.045224822 -4.5379417 0.65395296 0.048529908 0.75497709 65.525674
0.74991324 -0.013303962 -0.66140238 -34.10275 -0.020843762 0.99882617 -0.043724301 -4.6007673 0.66120777 0.046575547 0.74875566 66.360793
0.74387296 -0.013092719 -0.66819276 -34.848723 -0.020764039 0.99887266 -0.042687928 -4.669949 0.66799844 0.045628776 0.74276251 67.172796
0.73760132 -0.015421724 -0.67506031 -35.620052 -0.01880458 0.99888226 -0.043366152 -4.731548 0.6749746 0.044681156 0.73648687 67.986711
0.73035071 -0.016795343 -0.68286581 -36.408951 -0.019067229 0.99880685 -0.04495915 -4.8004351 0.68280621 0.045856306 0.72915905 68.822038
0.72564373 -0.015846697 -0.68788809 -37.162154 -0.0208135 0.99877175 -0.044964317 -4.8601428 0.68775578 0.046945433 0.72442263 69.611963
0.72073424 -0.016656521 -0.69301131 -37.967122 -0.019187077 0.99884894 -0.043961954 -4.9227312 0.69294592 0.044981747 0.71958504 70.414378
0.71552606 -0.015224547 -0.6984201 -38.748987 -0.021616933 0.99880121 -0.0439188 -4.9910736 0.69825154 0.046522747 0.71433918 71.19499
0.71111393 -0.0156033 -0.7029036 -39.566403 -0.022344857 0.99874711 -0.044776394 -5.0610814 0.70272165 0.047547398 0.70987433 72.033501
0.70547865 -0.017206831 -0.70852223 -40.401925 -0.023270466 0.99860384 -0.047422116 -5.133 0.70834906 0.049942934 0.70409328 72.837415
0.70129232 -0.019263816 -0.71261346 -41.213332 -0.023359735 0.998477 -0.049980081 -5.1959312 0.71249101 0.051697109 0.69977426 73.5848
0.69568776 -0.02087742 -0.71804083 -42.045488 -0.02254382 0.99845068 -0.0508725 -5.2670185 0.7179905 0.051578759 0.69413926 74.411151
0.69130647 -0.020187922 -0.72227956 -42.915856 -0.022394398 0.99853079 -0.049343294 -5.3415373 0.72221458 0.050286355 0.6898387 75.206315
0.68593781 -0.022210877 -0.72732108 -43.746443 -0.018851892 0.99865611 -0.048276137 -5.4067386 0.72741595 0.046825807 0.68459727 75.96544
0.68141238 -0.021792483 -0.73157515 -44.625066 -0.020121753 0.998621 -0.048489402 -5.4875146 0.73162307 0.047761854 0.68003421 76.764916
0.67794074 -0.021294545 -0.73480804 -45.455242 -0.021406271 0.99858461 -0.048688344 -5.5599542 0.73480485 0.048737312 0.67652535 77.527134
0.67359932 -0.024257496 -0.73869851 -46.385579 -0.017346389 0.9986671 -0.048612089 -5.6271069 0.73889316 0.045558823 0.67228069 78.327717
0.66879122 -0.025247406 -0.74302142 -47.23733 -0.015947563 0.99870605 -0.04828976 -5.6977819 0.74327924 0.044145149 0.6675232 79.120925
0.66372398 -0.028577976 -0.74743142 -48.136547 -0.012249773 0.99872052 -0.049063869 -5.7695541 0.74787731 0.041720732 0.66252468 79.863781
0.66069105 -0.03261954 -0.74994883 -49.033968 -0.010069796 0.99858037 -0.052305243 -5.8536441 0.75059042 0.042109438 0.65942465 80.68751
0.65596636 -0.036680121 -0.7538983 -49.945093 -0.0064314572 0.99851061 -0.054177479 -5.9279154 0.75476275 0.040387268 0.65475347 81.480452
0.65060539 -0.040538078 -0.7583332 -50.85214 -0.0010057978 0.99852737 -0.054241008 -6.0098731 0.75941535 0.036052222 0.64960651 82.240062
0.63989721 -0.044345383 -0.7671799 -51.760162 0.0041293027 0.99851759 -0.054273209 -6.0931168 0.76844945 0.031561357 0.63913173 83.011519
0.63249179 -0.045377654 -0.77323667 -52.666674 0.0067071243 0.99856588 -0.053114883 -6.1716776 0.77453806 0.028408533 0.63188908 83.776782
0.62408277 -0.042752546 -0.78018771 -53.624532 0.0054334575 0.99871529 -0.050381073 -6.2518937 0.78133937 0.027202843 0.6235133 84.530456
0.61432653 -0.042798974 -0.78789029 -54.606319 0.0056262875 0.99874009 -0.049865665 -6.3333254 0.78903188 0.026200904 0.61379334 85.275766
0.60516798 -0.043638544 -0.79490084 -55.562257 0.0036288534 0.99863733 -0.052060598 -6.4086634 0.79608957 0.028620828 0.60450169 85.985549
0.59629269 -0.047175454 -0.80137972 -56.548578 0.0067792398 0.99853211 -0.053737065 -6.4871619 0.80273852 0.026610273 0.59573721 86.730883
0.58607255 -0.046314987 -0.80893377 -57.520469 0.0024136554 0.99846035 -0.055417517 -6.5748847 0.81025502 0.030526198 0.58528199 87.432985
0.57634427 -0.048901401 -0.81574253 -58.539324 0.0081035921 0.99850091 -0.054131828 -6.65338 0.81716686 0.024588124 0.57587656 88.147423
0.5662723 -0.048290541 -0.82280231 -59.599203 0.0088162567 0.99857993 -0.052539428 -6.7420736 0.82417111 0.022497586 0.5658939 88.836974
0.55567165 -0.049906708 -0.82990257 -60.60749 0.010561595 0.99853992 -0.052976172 -6.8191466 0.83133478 0.020672262 0.55538743 89.511146
0.54563327 -0.051200083 -0.8364585 -61.660067 0.010436685 0.99846964 -0.054308881 -6.8992499 0.83795911 0.020902879 0.54533262 90.179321
0.53714459 -0.051071227 -0.84194261 -62.718187 0.0080594305 0.9984305 -0.055421819 -6.9837707 0.84345172 0.022983952 0.53671315 90.841427
0.52656791 -0.052004064 -0.84854095 -63.767073 0.006888074 0.99835548 -0.056911223 -7.0674538 0.8501052 0.024122811 0.52606017 91.471037
0.51533215 -0.052018612 -0.8554103 -64.830845 0.006338021 0.99836015 -0.056893309 -7.1562052 0.85696713 0.023897343 0.51481678 92.116871
0.5074912 -0.049286152 -0.86024618 -65.971046 0.0039840071 0.99848633 -0.054856041 -7.2472302 0.86164776 0.024411731 0.50691938 92.749832
0.50002656 -0.048344077 -0.8646596 -67.036361 0.0058384667 0.99860613 -0.052456831 -7.3311668 0.86599042 0.021181522 0.49961184 93.333463
0.49153616 -0.049630391 -0.86944175 -68.167808 0.0076835893 0.99858303 -0.052658276 -7.4128808 0.87082331 0.019203013 0.49122101 93.962452
0.48621996 -0.052118732 -0.87228076 -69.281452 0.0084766876 0.99845408 -0.054932573 -7.5015924 0.87379538 0.019315261 0.4859101 94.58616
0.47970505 -0.055112134 -0.87569724 -70.389522 0.010234828 0.99830901 -0.057222106 -7.5902495 0.87737015 0.018487122 0.47945793 95.179144
0.47052776 -0.05845776 -0.88044662 -71.504378 0.011655921 0.99812779 -0.060042118 -7.6845049 0.88230824 0.017989067 0.47032821 95.791598
0.46605462 -0.061663021 -0.8826045 -72.616936 0.013358993 0.99794507 -0.062667126 -7.7797398 0.88465513 0.017415595 0.46592066 96.336618
0.46048171 -0.0624723 -0.88546809 -73.746615 0.015390348 0.99793234 -0.062403327 -7.8755001 0.8875358 0.015107928 0.46049106 96.965085
0.45605416 -0.060434794 -0.88789761 -74.890379 0.017757733 0.99811092 -0.058815497 -7.9718264 0.88977488 0.011056004 0.45626583 97.560258
0.45477016 -0.059096476 -0.88864596 -75.967718 0.022239216 0.99823846 -0.055003507 -8.0627504 0.89033117 0.0052511639 0.45528332 98.124126
0.45037257 -0.057446571 -0.89099067 -77.088022 0.021991689 0.99833894 -0.053251619 -8.1622917 0.89256987 0.0043886786 0.45088782 98.67599
0.44750917 -0.057835887 -0.89240713 -78.213828 0.023934231 0.99832363 -0.052698083 -8.2469228 0.89395904 0.0022237967 0.44814324 99.220376
0.44604112 -0.057654551 -0.89315351 -79.34378 0.02674101 0.99833599 -0.051089788 -8.3366697 0.89461293 -0.0010956814 0.44684065 99.785817
0.44259243 -0.056204504 -0.89495973 -80.41752 0.027613541 0.99841475 -0.049045628 -8.4190614 0.89629766 -0.0030057844 0.44344282 100.3241
0.44093652 -0.056761142 -0.89574164 -81.548052 0.029054308 0.99837793 -0.048962741 -8.5053842 0.89706794 -0.0044356928 0.44187045 100.86643
0.43813011 -0.056935008 -0.89710665 -82.600701 0.031068295 0.99835501 -0.048187576 -8.5877972 0.89837455 -0.0067591467 0.43917827 101.41307
0.43642027 -0.056118517 -0.89799108 -83.752254 0.033778941 0.99837131 -0.045975181 -8.6730801 0.89910867 -0.010268688 0.43760511 101.9687
0.43500647 -0.056573721 -0.89864827 -84.803472 0.038136769 0.99828628 -0.044385585 -8.7466242 0.89961938 -0.014963526 0.43641853 102.45499
0.43222485 -0.057649487 -0.89992119 -85.890185 0.04017729 0.99819454 -0.044648111 -8.8347961 0.90087043 -0.016858372 0.43376069 102.98686
0.43154161 -0.058864463 -0.9001704 -86.963439 0.041560309 0.9981065 -0.04534475 -8.9094225 0.9011352 -0.017843214 0.43317092 103.45061
0.43014913 -0.060094482 -0.90075541 -88.004807 0.042158315 0.99803051 -0.046451861 -8.9919366 0.90177296 -0.017993104 0.43183544 103.98623
0.42958207 -0.059653989 -0.90105526 -89.017566 0.039422852 0.99810323 -0.047283992 -9.0662317 0.90216692 -0.015209814 0.43111899 104.48055
0.43343513 -0.060094486 -0.89917883 -90.037274 0.038107749 0.99810389 -0.048336662 -9.14175 0.90037873 -0.013314875 0.43490335 104.93046
0.4368345 -0.05966456 -0.89756097 -91.078887 0.035575355 0.99816316 -0.04903781 -9.2284218 0.89883818 -0.010509643 0.4381547 105.45134
0.44215262 -0.060810702 -0.894876 -92.127773 0.035190723 0.99810701 -0.050438182 -9.3109143 0.89624926 -0.0091899592 0.4434556 105.92362
0.44922595 -0.060357717 -0.89137698 -93.086114 0.0340287 0.99814731 -0.050438052 -9.3812586 0.89276994 -0.0076743191 0.45044757 106.43415
0.45564078 -0.058406489 -0.88824552 -94.110818 0.031189113 0.99827994 -0.049642801 -9.4611396 0.88961721 -0.0050843057 0.45667869 106.93061
0.46191845 -0.057344932 -0.88506657 -95.047531 0.030247006 0.99834566 -0.048898484 -9.5311244 0.88640653 -0.004183503 0.46288879 107.44418
0.47224332 -0.056846178 -0.87963327 -96.036925 0.029817306 0.99837743 -0.048512169 -9.6064291 0.88096381 -0.003318747 0.47317208 107.94522
0.48086499 -0.056891058 -0.87494697 -97.007871 0.030481923 0.99837422 -0.048163921 -9.6835561 0.87626467 -0.0035097234 0.48181736 108.51827
0.49073094 -0.058129845 -0.86936988 -97.962134 0.029860177 0.99830794 -0.049896108 -9.75914 0.87079939 -0.0014739748 0.49163637 109.04712
0.50158691 -0.059411701 -0.86306475 -98.920927 0.028284401 0.99823192 -0.052278316 -9.8341421 0.8646448 0.0018108485 0.50238049 109.54705
0.51236964 -0.058450207 -0.85677352 -99.862585 0.023644728 0.99826297 -0.053962728 -9.9081105 0.85843948 0.007390686 0.51286168 110.10914
0.52400771 -0.056700816 -0.84982403 -100.77311 0.021111446 0.9983397 -0.053592407 -9.9817879 0.85145187 0.01014182 0.52433474 110.64693
0.53787534 -0.054812758 -0.84124052 -101.72929 0.020901102 0.99844434 -0.051691876 -10.062538 0.84276528 0.010220931 0.53818424 111.23215
0.54989161 -0.053197113 -0.83354017 -102.60206 0.02122405 0.99853738 -0.049725712 -10.129758 0.83496635 0.0096526535 0.55021639 111.81416
0.56123207 -0.053094856 -0.82595365 -103.5043 0.021976398 0.99854435 -0.049256649 -10.212439 0.8273667 0.0094929252 0.56158195 112.40717
0.57246036 -0.052166455 -0.81827119 -104.37032 0.020102362 0.99856698 -0.04959712 -10.281875 0.81968597 0.011943201 0.57268868 113.03887
0.5832738 -0.053216892 -0.81053043 -105.20528 0.020315823 0.99849514 -0.050938396 -10.354432 0.81202155 0.013244438 0.5834772 113.65462
0.59455204 -0.055729328 -0.80212347 -106.07837 0.023608248 0.998375 -0.051865376 -10.429005 0.80371051 0.011899935 0.59490156 114.23829
0.60566789 -0.055083057 -0.79380867 -106.90923 0.023446104 0.99840335 -0.051390918 -10.508303 0.79537208 0.012514107 0.60599233 114.87847
0.61594082 -0.05270088 -0.78602765 -107.724 0.022084588 0.99852286 -0.049642318 -10.575674 0.78748284 0.013217633 0.61619487 115.50912
0.62540783 -0.051507575 -0.77859615 -108.51719 0.024523177 0.9986235 -0.046365101 -10.643627 0.77991263 0.0099034456 0.62581009 116.15365
0.63616463 -0.049864451 -0.76994029 -109.3159 0.023139865 0.99869356 -0.045560082 -10.711129 0.7712063 0.011167398 0.63648738 116.76549
0.64524541 -0.048883023 -0.76240983 -110.07757 0.020621922 0.99870166 -0.046580401 -10.779272 0.76369702 0.014333433 0.64541573 117.41482
0.65546669 -0.048306176 -0.75367757 -110.81945 0.018866971 0.99868821 -0.04760144 -10.848485 0.75498841 0.016981545 0.65551825 118.06519
0.66399918 -0.047188825 -0.74624276 -111.55963 0.017769463 0.99872061 -0.047343231 -10.913546 0.74752216 0.018175533 0.66398819 118.72204
0.67274795 -0.045253611 -0.73848646 -112.2916 0.017442047 0.99882037 -0.045317185 -10.976992 0.73966615 0.017606328 0.67274367 119.38608
0.68221688 -0.044112904 -0.72981788 -113.01783 0.017958761 0.99888812 -0.043589075 -11.036029 0.73092931 0.016630578 0.68225055 120.03506
0.69081502 -0.042874424 -0.7217592 -113.71481 0.017690624 0.99894375 -0.042407758 -11.097434 0.72281512 0.016527545 0.69084383 120.69277
0.69751784 -0.043169318 -0.71526584 -114.39589 0.018497254 0.99893576 -0.042251719 -11.162895 0.71632866 0.016240873 0.69757403 121.36885
0.70569741 -0.040684902 -0.70734423 -115.07624 0.015815102 0.99900574 -0.041682356 -11.221849 0.70833684 0.01822841 0.7056392 122.00446
0.71277015 -0.038471629 -0.70034178 -115.75336 0.015486174 0.99911439 -0.039123006 -11.27883 0.70122673 0.017040096 0.7127347 122.69207
0.71990752 -0.036651155 -0.69310159 -116.38722 0.015521222 0.99920518 -0.036716378 -11.3354 0.69389646 0.015674612 0.71990419 123.36819
0.72681685 -0.035073368 -0.6859352 -117.01359 0.014623709 0.99925915 -0.035599028 -11.388853 0.68667566 0.015843057 0.72679129 124.02266
0.73475708 -0.033322253 -0.67751134 -117.65434 0.013174724 0.99930532 -0.034861236 -11.44413 0.6782024 0.016688514 0.73468567 124.6963
0.74258959 -0.030968606 -0.66903035 -118.27209 0.011552186 0.99937405 -0.03343748 -11.495127 0.66964714 0.017101561 0.74248252 125.35939
0.75103605 -0.028669359 -0.65963845 -118.83407 0.010896234 0.99945897 -0.031032733 -11.541119 0.66017132 0.016119126 0.75094211 126.01922
0.76055338 -0.024764419 -0.64880293 -119.43655 0.0085696995 0.99956818 -0.028107166 -11.580216 0.64921887 0.015816954 0.76043719 126.6711
0.77038968 -0.022240999 -0.63718525 -119.9961 0.0064301933 0.99961158 -0.027117084 -11.628322 0.63754092 0.016793497 0.77023346 127.34467
0.78007519 -0.021905861 -0.62530216 -120.52162 0.0056614891 0.99959314 -0.027955383 -11.665914 0.62566019 0.018267159 0.77988183 128.01713
0.78962736 -0.022442508 -0.6131761 -121.04554 0.0056332987 0.99955392 -0.029329731 -11.713129 0.61356086 0.019705354 0.78940155 128.68268
0.79938383 -0.021790684 -0.60042538 -121.54093 0.0054000882 0.99956231 -0.029086717 -11.755176 0.60079644 0.020009101 0.79915161 129.34593
0.80935576 -0.020570139 -0.58695834 -122.04948 0.005293659 0.99960138 -0.027731927 -11.787314 0.58729487 0.019337838 0.80914202 130.03992
0.8190816 -0.018374119 -0.57338268 -122.51474 0.004915425 0.99967504 -0.025012988 -11.825833 0.57365599 0.017669259 0.81890575 130.7293
0.82837604 -0.017090704 -0.55991161 -123.00607 0.0053685518 0.99973078 -0.022573069 -11.865614 0.56014671 0.015693075 0.82824478 131.43219
0.83714879 -0.015645402 -0.54675141 -123.4745 0.0055604126 0.99978261 -0.020095254 -11.897124 0.54694699 0.013782554 0.83705379 132.14992
0.84565827 -0.014999146 -0.53351391 -123.92288 0.006519241 0.99982075 -0.01777537 -11.929199 0.53368494 0.011553783 0.84560447 132.85869
0.85247384 -0.015387742 -0.52254335 -124.36636 0.0079282269 0.99983229 -0.016508785 -11.959952 0.52270979 0.0099304646 0.85245286 133.57183
0.85885769 -0.015398123 -0.51198275 -124.78944 0.0083433937 0.99983599 -0.016074389 -11.989835 0.51214634 0.0095339384 0.8588453 134.30351
0.86520692 -0.014279127 -0.5012116 -125.19964 0.0073763548 0.99984873 -0.015751619 -12.017923 0.50136074 0.0099312951 0.86518137 135.02133
0.87176096 -0.012985321 -0.48975932 -125.63704 0.0061762442 0.99986054 -0.0155164 -12.042898 0.48989254 0.010501718 0.87171958 135.78105
0.87799847 -0.011600815 -0.47852281 -126.04648 0.0052470993 0.99987946 -0.014612619 -12.063831 0.47863469 0.010319001 0.87795351 136.51669
0.88329723 -0.012071342 -0.46865793 -126.43675 0.0058907577 0.99987531 -0.014651511 -12.095651 0.4687764 0.010180888 0.88325821 137.26625
0.888121 -0.013317118 -0.45941672 -126.82892 0.0068969494 0.99985374 -0.015649942 -12.123548 0.45955798 0.010730468 0.88808296 138.01969
0.89274073 -0.013874138 -0.45035705 -127.22795 0.0073684759 0.99984169 -0.016195602 -12.155094 0.45051049 0.011140028 0.89270164 138.79949
0.89598624 -0.013275228 -0.44388333 -127.60867 0.00716895 0.99985522 -0.015432042 -12.177253 0.44402396 0.01064472 0.89595169 139.57655
0.89921555 -0.011438608 -0.43735631 -128.01233 0.0068719436 0.99990411 -0.012022584 -12.202475 0.43745193 0.007805406 0.89920793 140.3794
0.90258649 -0.0078674289 -0.43043665 -128.38501 0.0047985148 0.99995474 -0.0082149103 -12.222727 0.43048184 0.0053492102 0.9025834 141.17955
0.90547825 -0.0051423634 -0.4243615 -128.76746 0.0030600882 0.9999797 -0.0055881977 -12.240372 0.42438166 0.0037614076 0.90547561 142.00292
0.90844313 -0.0022575454 -0.41800236 -129.1682 0.0010481747 0.99999457 -0.0031227725 -12.260602 0.41800718 0.0023987214 0.90844057 142.83356
0.91154161 -0.00064228929 -0.41120732 -129.56148 0.0001625279 0.99999926 -0.001201676 -12.263945 0.41120782 0.0010285447 0.91154105 143.68679
0.91479175 0.00055829628 -0.40392539 -129.93986 8.6432376e-06 0.99999902 0.0014017499 -12.288142 0.40392581 -0.0012858008 0.91479085 144.51985
0.91813232 0.00068747798 -0.39627333 -130.3161 0.00083871543 0.99999288 0.0036780791 -12.293126 0.39627307 -0.0037093242 0.91812521 145.41755
0.9214554 0.00075991231 -0.38848339 -130.69741 0.0011698858 0.99998812 0.0047309632 -12.30696 0.38848241 -0.0048138532 0.92144357 146.31336
0.92477154 -0.00025252385 -0.3805227 -131.07078 0.0021917096 0.99998673 0.0046628229 -12.302943 0.3805165 -0.0051460416 0.92475982 147.20557
0.92879362 -0.002583277 -0.37058836 -131.4381 0.0045374412 0.99998002 0.0044014354 -12.333266 0.37056961 -0.0057695484 0.92878678 148.10377
0.93239955 -0.0042504152 -0.36140421 -131.79579 0.0057350414 0.99997895 0.0030354483 -12.330786 0.36138373 -0.0049029191 0.9324043 149.05453
0.93686012 -0.0052139148 -0.34966544 -132.16931 0.006015016 0.99998118 0.0012051847 -12.347297 0.34965261 -0.003232333 0.93687385 149.9809
0.94144845 -0.0037380834 -0.33713622 -132.51658 0.0039754305 0.9999921 1.3669973e-05 -12.35872 0.33713354 -0.0013531315 0.94145587 150.92786
0.94722129 -0.00021503516 -0.32058038 -132.85409 0.00060737582 0.99999918 0.0011238499 -12.37099 0.32057991 -0.0012592476 0.94722064 151.91958
0.95332106 0.0035219257 -0.30193798 -133.16616 -0.0023886522 0.99998865 0.0041224802 -12.374536 0.30194909 -0.0032088227 0.95331865 152.91712
0.95951238 0.0063987514 -0.28159376 -133.49383 -0.0048889482 0.99996966 0.0060638815 -12.386966 0.28162404 -0.0044416724 0.95951455 153.92241
0.96547677 0.008301555 -0.26035683 -133.77425 -0.0066950116 0.99995269 0.0070567935 -12.398286 0.26040312 -0.0050700785 0.96548667 154.97674
0.97098832 0.0095524395 -0.23893603 -134.04318 -0.0078819529 0.99993737 0.0079458814 -12.399349 0.23899699 -0.0058320759 0.9710028 156.02216
0.97597699 0.010446081 -0.21762306 -134.28113 -0.0082981709 0.99990745 0.010781444 -12.413903 0.21771556 -0.0087165683 0.97597334 157.10333
0.98085606 0.012419658 -0.19433769 -134.51621 -0.0098917191 0.99985344 0.013973024 -12.406409 0.19448277 -0.011783192 0.98083516 158.21335
0.98488046 0.01396028 -0.1726719 -134.71931 -0.010950201 0.99977124 0.018372694 -12.413419 0.17288891 -0.016204116 0.98480803 159.29796
0.98863539 0.016126273 -0.14946574 -134.90737 -0.013058793 0.99968395 0.021481793 -12.407014 0.14976494 -0.019285819 0.98853352 160.43268
0.9915979 0.017385344 -0.12818485 -135.04728 -0.014719171 0.99965579 0.021717551 -12.395265 0.12851831 -0.019648304 0.99151248 161.54628
0.99423986 0.017086841 -0.1058071 -135.17943 -0.015105707 0.99969579 0.019497253 -12.393097 0.10610806 -0.017786655 0.99419551 162.70517
0.99624964 0.017370201 -0.084764004 -135.30039 -0.015845278 0.99970088 0.018630006 -12.38016 0.085062264 -0.017217028 0.99622687 163.85662
0.99781723 0.016080902 -0.064048212 -135.39306 -0.014798141 0.99968131 0.02045237 -12.375782 0.064356699 -0.019459933 0.9977372 165.05242
0.99888451 0.016473115 -0.044253577 -135.45622 -0.015491089 0.9996281 0.022442957 -12.37087 0.044606829 -0.021732386 0.99876821 166.24146
0.99958078 0.016741203 -0.023621886 -135.47562 -0.016196585 0.99960284 0.023061665 -12.364102 0.023998586 -0.022669404 0.99945493 167.44827
0.99982734 0.018149928 -0.0039841561 -135.52761 -0.018050226 0.99955433 0.023776842 -12.350802 0.0044139288 -0.023700822 0.99970935 168.66677
0.99968189 0.018375194 0.017276378 -135.50206 -0.018790418 0.99953084 0.024187102 -12.33699 -0.016823831 -0.024504038 0.99955816 169.89529
0.99907836 0.020507302 0.037707822 -135.48206 -0.021409832 0.9994901 0.023688786 -12.323957 -0.037202804 -0.024474272 0.99900799 171.12593
0.9981178 0.021462303 0.057447679 -135.41166 -0.022786141 0.99948738 0.022489161 -12.303172 -0.056935566 -0.023755843 0.99809519 172.38792
0.9967743 0.021682442 0.077271318 -135.32756 -0.023321627 0.99952038 0.020374371 -12.303505 -0.076792498 -0.022110742 0.9968019 173.65625
0.99507583 0.023679034 0.096246504 -135.21817 -0.02550022 0.99951747 0.017736151 -12.294962 -0.095780095 -0.020103123 0.9951995 174.91647
0.99312141 0.024353169 0.11452852 -135.08028 -0.026338493 0.99952737 0.015853348 -12.288657 -0.11408832 -0.018760808 0.99329345 176.19212
0.99068228 0.023721495 0.13411153 -134.92303 -0.025694068 0.99958537 0.012996621 -12.288692 -0.13374763 -0.016321393 0.99088101 177.49685
0.98821147 0.025306039 0.15098903 -134.74153 -0.026798225 0.99960999 0.0078558195 -12.288139 -0.15073136 -0.011809449 0.98850422 178.78153
0.98505485 0.027024302 0.17010767 -134.52725 -0.027601548 0.99961848 0.0010290243 -12.317777 -0.17001497 -0.0057088803 0.98542494 180.10056
0.98181025 0.029449623 0.18756693 -134.29845 -0.029145455 0.99956559 -0.0043799039 -12.32149 -0.18761445 -0.0011664889 0.98224206 181.42388
0.97821512 0.031254813 0.20522748 -134.02292 -0.030245485 0.99951005 -0.00805404 -12.353048 -0.20537867 0.0016713792 0.97868116 182.72785
0.9742549 0.033735617 0.22291096 -133.73202 -0.032101371 0.99942461 -0.01095186 -12.377272 -0.22315219 0.0035141559 0.97477729 184.04792
0.96997089 0.033269755 0.24093485 -133.40592 -0.031473712 0.9994407 -0.011300003 -12.412096 -0.24117606 0.0033775601 0.9704755 185.39998
0.96617521 0.031848666 0.25591235 -133.08981 -0.029948078 0.99948734 -0.01132126 -12.443784 -0.25614174 0.0032742378 0.96663369 186.71968
0.96127559 0.031861703 0.27374087 -132.7249 -0.028507022 0.9994619 -0.016225036 -12.500889 -0.27411055 0.0077931943 0.96166662 188.07621
0.95663828 0.033225983 0.28937731 -132.33495 -0.02848103 0.99938217 -0.020593919 -12.54777 -0.2898828 0.011459168 0.95699355 189.41633
0.95103924 0.035275214 0.30705052 -131.92358 -0.030244667 0.9993192 -0.021127912 -12.578919 -0.3075868 0.010806833 0.95145866 190.76065
0.94553267 0.037126192 0.32340317 -131.49381 -0.031851583 0.99925942 -0.021589109 -12.639202 -0.32396521 0.010112306 0.94601495 192.08514
0.93893725 0.041053483 0.34163055 -131.03902 -0.034638842 0.99909069 -0.024858594 -12.671519 -0.34234047 0.011506974 0.93950551 193.44461
0.9323726 0.042216161 0.35902524 -130.51413 -0.034381238 0.99901134 -0.028182702 -12.740036 -0.35986008 0.013933048 0.93290225 194.77216
0.92577306 0.042970307 0.37562986 -130.00705 -0.033767891 0.99894723 -0.03105096 -12.792614 -0.37656871 0.016061915 0.92624945 196.10814
0.91836086 0.043200663 0.39337898 -129.45287 -0.031561366 0.99885285 -0.03601205 -12.869308 -0.39448349 0.020656481 0.91867083 197.44719
0.91037265 0.046443873 0.41117464 -128.89602 -0.032088423 0.99861262 -0.041751157 -12.952476 -0.41254331 0.024815167 0.91059993 198.77437
0.90030005 0.050079018 0.43237935 -128.27318 -0.033686621 0.99839647 -0.045493961 -13.033539 -0.43396434 0.026392817 0.90054338 200.07309
0.88842124 0.053022924 0.45595642 -127.62837 -0.03534866 0.99825929 -0.047210933 -13.115057 -0.45766603 0.025825748 0.88874904 201.42421
0.87528075 0.057120128 0.48023004 -126.96222 -0.037902186 0.99804826 -0.049629532 -13.205518 -0.48212764 0.025238007 0.8757374 202.7285
0.86102064 0.061541492 0.50483272 -126.23446 -0.040293134 0.99778591 -0.052912607 -13.300975 -0.50697134 0.025217556 0.86159396 204.02639
0.84601824 0.065031021 0.52917301 -125.47147 -0.041598666 0.99755899 -0.056085723 -13.407994 -0.53152865 0.025436654 0.84665831 205.29718
0.83090855 0.06687978 0.55237492 -124.6568 -0.041520764 0.99743477 -0.058308697 -13.512818 -0.55485767 0.025514167 0.83155398 206.5611
0.81482099 0.067889782 0.57572364 -123.82698 -0.040189291 0.99734495 -0.060727844 -13.623906 -0.57831791 0.026344398 0.81538604 207.78965
0.7987582 0.07004899 0.59756042 -122.96214 -0.038601589 0.99711951 -0.065288595 -13.744926 -0.6004126 0.02908302 0.79916138 209.01105
0.78249561 0.072669871 0.61840091 -122.08244 -0.03698042 0.99683683 -0.07034755 -13.865215 -0.621557 0.032177925 0.7827078 210.19467
0.76586237 0.07449299 0.63867488 -121.09421 -0.03493819 0.99662023 -0.074346712 -14.002557 -0.64205467 0.034625205 0.76587658 211.37384
0.75014 0.076026154 0.65689418 -120.13957 -0.033385608 0.99645643 -0.077200974 -14.140495 -0.66043578 0.035980729 0.75002001 212.5448
0.73432827 0.076770408 0.67443922 -119.12834 -0.031528784 0.99636902 -0.079086711 -14.276671 -0.67806192 0.03681136 0.73408242 213.66275
0.71827655 0.076966229 0.69148749 -118.09019 -0.029430531 0.99633402 -0.080326561 -14.414551 -0.69513501 0.037345842 0.71790852 214.78129
0.70381313 0.077672311 0.70612609 -117.03649 -0.026847554 0.99620278 -0.082820493 -14.563243 -0.70987769 0.039332393 0.7032259 215.86456
0.68779504 0.078882209 0.72160622 -115.95439 -0.023780691 0.9959931 -0.086210308 -14.716728 -0.72551534 0.042134728 0.68691498 216.95241
0.67348271 0.081340232 0.73471406 -114.86495 -0.021579262 0.99566722 -0.090449532 -14.877823 -0.73888796 0.045061611 0.67231992 217.98447
0.65852873 0.084042718 0.74784803 -113.73225 -0.020812543 0.99539839 -0.093535485 -15.041234 -0.75226777 0.046031187 0.65724758 219.002
0.64230833 0.084279949 0.76179843 -112.56029 -0.019117357 0.99538826 -0.094003914 -15.206288 -0.76620792 0.045815927 0.64095738 220.01901
0.62654887 0.085819599 0.7746428 -111.39645 -0.020016573 0.99536316 -0.094082467 -15.378161 -0.77912509 0.043441571 0.62536147 220.97972
0.60871662 0.086552778 0.78865242 -110.2084 -0.021475481 0.99546486 -0.092674243 -15.543593 -0.79309705 0.039475663 0.60781477 221.94348
0.58932127 0.087728556 0.80312146 -108.98603 -0.024208278 0.99555793 -0.090985497 -15.708767 -0.80753604 0.034177502 0.58882722 222.87237
0.57195077 0.089090063 0.8154356 -107.77658 -0.025874224 0.99554937 -0.090619998 -15.881599 -0.81987981 0.030731415 0.57171036 223.7512
0.55346846 0.092035245 0.82776937 -106.58276 -0.027432385 0.99535091 -0.092325722 -16.050589 -0.83241828 0.028391689 0.55342008 224.61477
0.53600882 0.095866345 0.83875153 -105.34467 -0.030039922 0.99506815 -0.094535604 -16.222867 -0.84367779 0.025475888 0.53624512 225.43252
0.51641422 0.095756876 0.85096822 -104.1034 -0.0297599 0.9951349 -0.093919573 -16.392081 -0.85582169 0.023176676 0.51675153 226.21408
0.49475686 0.094808621 0.86384426 -102.86533 -0.030223449 0.99530699 -0.091926783 -16.559389 -0.86850576 0.019373054 0.4953004 226.95517
0.4735639 0.093049922 0.8758304 -101.61751 -0.030213168 0.99553464 -0.08943119 -16.724202 -0.88024114 0.015889773 0.4742606 227.66699
0.45207263 0.091338873 0.88729222 -100.35385 -0.030140632 0.99573948 -0.087145999 -16.881641 -0.89147179 0.012652774 0.45289958 228.34627
0.43038093 0.09044169 0.89810494 -99.082789 -0.029175755 0.99584166 -0.086302735 -17.038495 -0.90217576 0.010940163 0.43122996 228.98511
