1.0 0.0 0.0 0.0 0.0 1.0 0.0 0.0 0.0 0.0 1.0 0.0
0.99968284 0.025182614 4.75412e-06 -0.091552734 -0.025182592 0.99968165 0.0015722675 0.045043945 3.485146e-05 -0.0015718886 0.99999875 -0.0018310547
0.999304 0.03729822 0.00050862704 0.26159668 -0.03730001 0.9992955 0.0041299383 -0.0234375 -0.0003542123 -0.004146038 0.99999136 0.0024414062
0.9979161 0.06450835 0.0015298469 0.43286133 -0.064516574 0.99789786 0.0061366213 -0.04736328 -0.0011307269 -0.0062225205 0.99998 -0.0012207031
0.9961274 0.08784534 0.004125689 0.58166504 -0.08786726 0.99611896 0.0054720608 -0.05053711 -0.0036291403 -0.0058133225 0.9999765 0.0013427734
0.99084526 0.13485226 0.007185826 0.8198242 -0.13487412 0.9908648 0.0026475214 -0.1505127 -0.006763256 -0.0035921508 0.9999707 -0.0043945312
0.98439527 0.17579767 0.007239433 1.0134277 -0.1758 0.98442143 -0.00031850475 -0.19421387 -0.0071826824 -0.0009591674 0.9999738 -0.0020751953
0.9760186 0.21745779 0.009162932 1.2194824 -0.21745886 0.9760609 -0.0008910806 -0.2861328 -0.009137369 -0.0011230372 0.9999576 -0.007446289
0.9639585 0.2657244 0.012693724 1.4462891 -0.26574448 0.9640366 -0.00010716787 -0.3585205 -0.012265578 -0.0032709367 0.9999194 -0.0073242188
0.9498723 0.31211424 0.018967316 1.65979 -0.31209314 0.95005965 -0.0041373847 -0.4852295 -0.019311056 -0.001989347 0.9998115 -0.020996094
0.9325408 0.36023408 0.02473867 1.8951416 -0.35998628 0.9328598 -0.013981887 -0.598999 -0.028114796 0.0041329795 0.9995961 -0.008544922
0.9113624 0.41068652 0.027497832 2.128296 -0.41029775 0.91175836 -0.018797655 -0.74658203 -0.032791726 0.005848826 0.9994451 -0.005859375
0.8858321 0.46291518 0.030932311 2.3789062 -0.4624203 0.88635653 -0.022024108 -0.91833496 -0.037614428 0.0052061398 0.9992789 -0.014892578
0.8574663 0.51345795 0.03504918 2.595581 -0.5129597 0.85818094 -0.022657927 -1.0909424 -0.04171056 0.001455266 0.9991288 -0.032470703
0.8260057 0.56237245 0.036627267 2.8342285 -0.5616706 0.8268125 -0.028223539 -1.3111572 -0.046159703 0.0027409066 0.99893063 -0.03942871
0.79000366 0.6120215 0.037679702 3.067749 -0.6110692 0.7908904 -0.03438346 -1.520874 -0.050839588 0.004148707 0.9986988 -0.04626465
0.7522424 0.65776765 0.037716053 3.3040771 -0.6566385 0.7531746 -0.038766686 -1.7724609 -0.05391341 0.004389908 0.99853575 -0.061645508
0.71222675 0.7010451 0.035268694 3.5283203 -0.6997888 0.71307826 -0.042309854 -2.0491943 -0.0548087 0.0054586716 0.9984823 -0.07800293
0.6703235 0.7411895 0.03550177 3.7416992 -0.73988867 0.67125523 -0.044017874 -2.3365479 -0.056453716 0.0032387227 0.9983999 -0.09350586
0.6272115 0.7779446 0.03778584 3.9886475 -0.7766773 0.6283473 -0.044414084 -2.666626 -0.058289032 -0.0014944188 0.9982982 -0.12658691
0.5857111 0.8094767 0.039772324 4.1986084 -0.80823123 0.58703315 -0.04524321 -3.0041504 -0.059970446 -0.0056541488 0.99818367 -0.14379883
0.5458702 0.8370109 0.039434567 4.4190674 -0.8357449 0.5472413 -0.0466201 -3.3741455 -0.060602594 -0.007507816 0.9981338 -0.16931152
0.50705373 0.86106384 0.03958753 4.639282 -0.85968775 0.50851846 -0.049468882 -3.7856445 -0.062726155 -0.008955918 0.99799025 -0.18896484
0.46973854 0.8819424 0.040700126 4.8546143 -0.8806401 0.471331 -0.049531832 -4.2193604 -0.06286216 -0.012574183 0.99794286 -0.21911621
0.43381476 0.9002203 0.038990304 5.0577393 -0.89898306 0.43534744 -0.04914847 -4.671631 -0.061201923 -0.013731046 0.99803025 -0.24963379
0.40059403 0.9157316 0.0355848 5.2667236 -0.91455287 0.40195522 -0.048282098 -5.172241 -0.058506228 -0.01320285 0.9981993 -0.2758789
0.37080377 0.92807364 0.031100467 5.439453 -0.9269405 0.3719333 -0.04722151 -5.6800537 -0.055405237 -0.011322331 0.9983999 -0.3034668
0.3457875 0.93797237 0.028762944 5.6297607 -0.9368945 0.34680945 -0.046268053 -6.2248535 -0.053362135 -0.010952989 0.9985146 -0.3375244
0.32364124 0.9456731 0.026259698 5.829834 -0.9446512 0.3245445 -0.0451251 -6.8045654 -0.051200338 -0.010206109 0.998636 -0.3729248
0.3102139 0.95040745 0.023970649 6.0125732 -0.9493437 0.311021 -0.04574479 -7.3969727 -0.050943274 -0.008576187 0.9986647 -0.40881348
0.29766208 0.9543286 0.023265112 6.2106934 -0.95320624 0.2984569 -0.04699336 -8.018555 -0.05179577 -0.008174762 0.9986247 -0.43408203
0.2872127 0.9574753 0.025000796 6.390503 -0.95626014 0.28813303 -0.0492029 -8.665405 -0.05431933 -0.009779591 0.9984756 -0.4732666
0.2761807 0.9608608 0.026269386 6.607788 -0.9595953 0.2771997 -0.050560877 -9.341431 -0.055855043 -0.011245353 0.9983751 -0.51208496
0.2656247 0.9636294 0.027048146 6.8026123 -0.9622871 0.26672208 -0.052276924 -10.031372 -0.057591442 -0.012144938 0.9982661 -0.5480957
0.2549474 0.9664573 0.028060604 6.973633 -0.96497995 0.25615418 -0.05499457 -10.77832 -0.06034162 -0.013055858 0.9980924 -0.5854492
0.24366926 0.9693552 0.028866671 7.1936035 -0.96778494 0.24496913 -0.05691921 -11.51416 -0.062255654 -0.0140645895 0.9979614 -0.6320801
0.23363589 0.9719407 0.028496752 7.371704 -0.9703659 0.2349322 -0.057110846 -12.285156 -0.062216286 -0.014317335 0.99796027 -0.6710205
0.22384249 0.9741559 0.030079713 7.54834 -0.9723134 0.22532852 -0.061834887 -13.05542 -0.06701635 -0.015407728 0.99763286 -0.7192383
0.21279065 0.9764411 0.03248497 7.727417 -0.9744795 0.21450467 -0.06442495 -13.85437 -0.069885306 -0.017922455 0.99739504 -0.7717285
0.19872123 0.9795014 0.03352668 7.8934326 -0.9773128 0.20061088 -0.06819746 -14.650879 -0.073537804 -0.01920551 0.9971084 -0.814209
0.18762879 0.98172873 0.033676617 8.054932 -0.9794189 0.18959355 -0.070165835 -15.46228 -0.075263664 -0.019801307 0.9969675 -0.8676758
0.17354368 0.9843445 0.033216707 8.203491 -0.9819763 0.17553037 -0.07116862 -16.272095 -0.07587873 -0.020306038 0.9969088 -0.9152832
0.1581007 0.98688906 0.033442467 8.332642 -0.9845824 0.16013314 -0.0708429 -17.092407 -0.07526461 -0.021745464 0.9969256 -0.9680176
0.1424747 0.9892495 0.034191836 8.455566 -0.98698926 0.14459957 -0.07091013 -17.908691 -0.07507087 -0.02362689 0.9968978 -1.0166016
0.12113969 0.9920773 0.034518637 8.567383 -0.98997915 0.123300396 -0.06943764 -18.744019 -0.0731396 -0.025772322 0.9969882 -1.0629883
0.09493215 0.99473864 0.03778845 8.652344 -0.99284595 0.09736276 -0.068716876 -19.569824 -0.0720372 -0.03101115 0.9969194 -1.1147461
0.065919645 0.9970455 0.039864056 8.715454 -0.9953985 0.06850099 -0.06724413 -20.42041 -0.06978524 -0.035278752 0.99693793 -1.163208
0.032491624 0.9986516 0.040906273 8.749756 -0.9971049 0.035212163 -0.06764404 -21.278564 -0.06899295 -0.038589478 0.99687064 -1.2133789
-0.0026543143 0.99916494 0.04075448 8.75061 -0.9976992 0.00011610596 -0.067795 -22.128784 -0.06772552 -0.040861104 0.99686575 -1.2576904
-0.037569147 0.9984791 0.040120967 8.720825 -0.9970761 -0.034786597 -0.06789997 -22.99646 -0.06639874 -0.042580523 0.99688375 -1.3011475
-0.07022202 0.9967448 0.040059987 8.667847 -0.9955709 -0.06749821 -0.0657143 -23.849731 -0.06280094 -0.04449707 0.99703383 -1.3405762
-0.10108575 0.99400425 0.04094381 8.585571 -0.99312276 -0.09840285 -0.0629579 -24.707031 -0.058549 -0.047026977 0.99717605 -1.3884277
-0.13485408 0.9902307 0.037327938 8.46814 -0.9894784 -0.13252115 -0.059194308 -25.569458 -0.05369541 -0.04490246 0.99754876 -1.4257812
-0.16459024 0.9859551 0.030588698 8.318359 -0.98526126 -0.16280769 -0.05373886 -26.416382 -0.04799431 -0.038961176 0.9980873 -1.4553223
-0.19519876 0.98032784 0.02444467 8.138184 -0.9797428 -0.1938989 -0.047444616 -27.269287 -0.041760944 -0.033220854 0.9985746 -1.4838867
-0.2227341 0.97453284 0.019329859 7.944214 -0.9740493 -0.22179747 -0.041630536 -28.099243 -0.03626958 -0.028111368 0.9989461 -1.508667
-0.25125065 0.96794766 0.011821607 7.716797 -0.9674657 -0.25067496 -0.03688715 -28.932495 -0.032753557 -0.020710077 0.9992492 -1.5286865
-0.27847397 0.960413 0.0073075257 7.477417 -0.9601512 -0.27819514 -0.026675709 -29.754272 -0.02358646 -0.014435306 0.99961764 -1.5361328
-0.29922414 0.95397896 0.006516138 7.2071533 -0.95395446 -0.29913482 -0.011941727 -30.561523 -0.009439573 -0.009791408 0.99990743 -1.5373535
-0.3255124 0.94545907 0.011751423 6.9438477 -0.9454874 -0.32559276 0.0056755804 -31.35608 0.009192739 -0.00926175 0.9999149 -1.5335693
-0.35417354 0.93528825 0.01796894 6.654663 -0.93512017 -0.354498 0.020196058 -32.150635 0.025254477 -0.009660238 0.9996346 -1.524292
-0.37477374 0.92700624 0.019195108 6.3389893 -0.92651594 -0.37521327 0.030781895 -32.933105 0.03574609 -0.006250385 0.9993416 -1.4979248
-0.4005736 0.9159276 0.018561568 6.0117188 -0.915257 -0.4009926 0.0351642 -33.714355 0.039647628 -0.0028945953 0.9992093 -1.4519043
-0.4213495 0.9069168 0.01632624 5.659546 -0.9062607 -0.42166567 0.034495708 -34.48767 0.038157165 -0.0002729223 0.99927175 -1.4124756
-0.44289336 0.89656156 0.011275844 5.2856445 -0.8960662 -0.4430256 0.029963745 -35.25659 0.03185692 0.003167285 0.9994874 -1.3708496
-0.4622382 0.8867029 0.0022355625 4.8945312 -0.8863342 -0.46211573 0.027790776 -36.00818 0.025669318 0.0108622415 0.9996114 -1.3331299
-0.474045 0.8800749 -0.001073096 4.4938965 -0.8797478 -0.47383448 0.027868021 -36.74939 0.02400954 0.014166184 0.9996111 -1.2905273
-0.48453417 0.8745274 -0.001841709 4.0736084 -0.8741214 -0.48424253 0.031556904 -37.474 0.026702859 0.016914994 0.9995001 -1.2600098
-0.49641514 0.86851156 -0.0015174933 3.690796 -0.8680278 -0.49607912 0.034288153 -38.174683 0.029028866 0.018321346 0.999411 -1.2200928
-0.50573623 0.86263 0.005651445 3.276001 -0.8620302 -0.5056109 0.034538724 -38.88147 0.03265813 0.012595818 0.9993873 -1.1855469
-0.51612467 0.85596406 0.007009523 2.866211 -0.8554292 -0.5160641 0.032048415 -39.58435 0.03104887 0.01055987 0.99946177 -1.1550293
-0.5252475 0.85114384 0.005723743 2.4230957 -0.85058755 -0.52512777 0.03325669 -40.2843 0.031284977 0.012574572 0.99943113 -1.1229248
-0.53097206 0.84692997 0.0036654845 1.9821777 -0.84629697 -0.53073347 0.036578644 -40.997925 0.03294296 0.016344989 0.9993237 -1.0808105
-0.53628653 0.844074 0.0047504213 1.5410156 -0.8433276 -0.5360343 0.03939511 -41.704468 0.035807554 0.017123977 0.99921227 -1.0545654
-0.53491014 0.845221 0.0064571844 1.0789795 -0.8443742 -0.53469 0.041320242 -42.434204 0.03837075 0.016646048 0.9991252 -1.0224609
-0.53112215 0.84691495 0.0034961393 0.6130371 -0.84610337 -0.53078556 0.041753985 -43.180664 0.037237413 0.019234633 0.9991215 -0.9836426
-0.5244127 0.85076845 0.0039714756 0.15966797 -0.85000867 -0.5241307 0.040042 -43.92688 0.03616201 0.017654354 0.99918973 -0.9433594
-0.51772505 0.85509163 0.006184332 -0.31359863 -0.854305 -0.51753616 0.03973005 -44.713745 0.03718693 0.015300649 0.99919116 -0.90600586
-0.511052 0.8595178 0.007403299 -0.7774658 -0.8587376 -0.5109249 0.0390459 -45.50537 0.037355796 0.01360595 0.9992097 -0.86572266
-0.5043423 0.8632755 0.008885265 -1.2331543 -0.8625657 -0.5043047 0.03662467 -46.30786 0.036115024 0.010817196 0.99928933 -0.82910156
-0.49904075 0.86641276 0.011940426 -1.6988525 -0.86574197 -0.49913394 0.03480003 -47.14148 0.03611415 0.007042652 0.9993227 -0.78723145
-0.49754 0.8668344 0.015947927 -2.1663818 -0.8662567 -0.49779117 0.03170167 -47.977783 0.035420172 0.0019778 0.99937 -0.75354004
-0.4974872 0.86708784 0.018157823 -2.6472168 -0.86658305 -0.49781716 0.029592657 -48.850586 0.034703095 -0.0009956383 0.99939686 -0.708374
-0.4988593 0.8666457 0.018708551 -3.1517334 -0.86619645 -0.49920523 0.027987119 -49.719116 0.033605523 -0.002245274 0.9994329 -0.67126465
-0.50128365 0.86553854 0.018572476 -3.6220703 -0.8650843 -0.5016241 0.028113421 -50.586792 0.033638313 -0.0019970937 0.9994324 -0.62939453
-0.49885058 0.8665187 0.01852854 -4.1469727 -0.8660955 -0.49918863 0.02719694 -51.486694 0.032825716 -0.002487612 0.99945825 -0.58984375
-0.49987042 0.86605006 0.017960679 -4.658325 -0.86564314 -0.5001877 0.026637923 -52.39331 0.032030568 -0.0022249408 0.99948406 -0.54748535
-0.50125796 0.8656676 0.01799578 -5.175049 -0.86529106 -0.50157356 0.025671165 -53.299316 0.031225575 -0.0027145988 0.99950874 -0.5024414
-0.49881378 0.8663039 0.019505005 -5.6932373 -0.86597174 -0.49917293 0.024436913 -54.235107 0.030927263 -0.004696429 0.9995107 -0.45861816
-0.49982086 0.8658843 0.019650938 -6.189087 -0.8656005 -0.5001757 0.022861497 -55.135254 0.029617267 -0.005587356 0.99954563 -0.41625977
-0.4987884 0.86630684 0.020950561 -6.7110596 -0.8660453 -0.49917978 0.022394631 -56.054565 0.029885974 -0.006977301 0.99952924 -0.36401367
-0.49738508 0.8671026 0.02030791 -7.227051 -0.8668679 -0.49775034 0.021347139 -56.990967 0.028623976 -0.006983948 0.9995658 -0.319458
-0.49597552 0.8685296 0.018592622 -7.716675 -0.868357 -0.49627608 0.01863794 -57.88965 0.025408454 -0.006909036 0.99965346 -0.2746582
-0.49216276 0.8697949 0.016787466 -8.253784 -0.86962885 -0.49241504 0.017939553 -58.832397 0.023886025 -0.0057616513 0.9996979 -0.23327637
-0.48936698 0.8719852 0.01743294 -8.749756 -0.8718194 -0.48963654 0.018139698 -59.735596 0.024346858 -0.0063240575 0.99968356 -0.18652344
-0.48695323 0.87336755 0.016821101 -9.2664795 -0.87321067 -0.48720583 0.017647307 -60.673706 0.023624685 -0.0061005782 0.9997026 -0.14758301
-0.48555824 0.8740304 0.016764691 -9.757568 -0.87386864 -0.48581088 0.017849268 -61.574707 0.023753295 -0.005981837 0.9997 -0.10021973
-0.4855638 0.8737496 0.018351413 -10.22876 -0.8735522 -0.48586726 0.019663276 -62.464233 0.026106855 -0.006473992 0.9996381 -0.06384277
-0.48797366 0.8726058 0.021523466 -10.759277 -0.8723897 -0.48837507 0.021179479 -63.385498 0.028982822 -0.008442788 0.9995441 -0.01977539
-0.4921609 0.8696202 0.022803547 -11.25415 -0.86941427 -0.4925984 0.021127744 -64.27478 0.029625604 -0.009405842 0.9995164 0.030883789
-0.49876562 0.8664303 0.023189586 -11.75769 -0.86625445 -0.4992039 0.020138368 -65.17029 0.029048843 -0.010053808 0.9995278 0.06518555
-0.5039828 0.86376834 0.017160486 -12.272217 -0.8636446 -0.50423044 0.016082585 -66.05261 0.022551646 -0.006723065 0.9997233 0.11303711
-0.50919706 0.8603002 0.019863749 -12.766113 -0.86023325 -0.5094917 0.014471571 -66.92749 0.02257473 -0.00971665 0.9996979 0.15808105
-0.5144336 0.85753334 0.02062738 -13.274536 -0.85741967 -0.5147667 0.016670963 -67.809814 0.024914952 -0.009119621 0.9996482 0.20153809
-0.5182784 0.85508466 0.021866672 -13.785034 -0.8549062 -0.51866806 0.019473186 -68.67273 0.02797789 -0.008603624 0.9995714 0.2355957
-0.52247685 0.8520429 0.024433296 -14.279785 -0.85189176 -0.5229376 0.019301899 -69.511475 0.029230824 -0.010725647 0.99951506 0.27844238
-0.5249113 0.85067004 0.025340822 -14.809814 -0.8505448 -0.5253914 0.018715387 -70.37952 0.029225785 -0.01172661 0.99950385 0.32104492
-0.5291192 0.8479761 0.024533348 -15.325073 -0.8478604 -0.52956736 0.017987134 -71.208496 0.028251546 -0.011284179 0.9995371 0.3692627
-0.53295976 0.8463321 0.018693041 -15.840576 -0.8463027 -0.53320277 0.011839709 -72.04712 0.019973446 -0.009513041 0.99975526 0.4086914
-0.53437006 0.84531736 0.012409534 -16.387695 -0.84536344 -0.5344355 0.002478725 -72.89221 0.008727658 -0.009168674 0.99991983 0.4482422
-0.53578466 0.8435765 0.011578404 -16.90393 -0.843636 -0.5358158 -0.00048598647 -73.73413 0.005802041 -0.010030164 0.99993277 0.4716797
-0.5371731 0.84347063 0.014228622 -17.432617 -0.8435056 -0.5372822 0.005149652 -74.56152 0.01199593 -0.009241779 0.9998854 0.49768066
-0.53717047 0.8432561 0.017149623 -17.955078 -0.843247 -0.53736687 0.009940862 -75.36719 0.017616186 -0.009129793 0.99980325 0.5220947
-0.5396434 0.84217495 0.01301101 -18.476196 -0.8420458 -0.5397929 0.015026694 -76.18689 0.01967833 -0.0028535882 0.99980235 0.55285645
-0.5396619 0.84230804 0.009776304 -19.014648 -0.8421587 -0.5397505 0.015860485 -77.00403 0.01863352 0.00031613465 0.9998264 0.58740234
-0.537195 0.8434687 0.008895081 -19.541992 -0.8433704 -0.5372684 0.012888486 -77.825195 0.015655648 -0.0005803555 0.9998773 0.6203613
-0.5357698 0.8436928 0.0071763922 -20.05188 -0.8436681 -0.5358126 0.0068696085 -78.645386 0.009647258 -0.0023702923 0.9999506 0.64501953
-0.5357717 0.8437932 0.006104632 -20.565796 -0.8438099 -0.5357801 -0.00030798747 -79.46936 0.0030154525 -0.0053171855 0.9999812 0.66516113
-0.53582704 0.84353334 0.012339513 -21.049316 -0.84362173 -0.53579897 -0.0057706223 -80.27637 0.0017534319 -0.013512149 0.9999071 0.689209
-0.533137 0.8454372 0.01911012 -21.54663 -0.8456526 -0.5330241 -0.011016439 -81.09839 0.00087758526 -0.022035498 0.99975663 0.70166016
-0.531699 0.84680784 0.015678393 -22.057617 -0.84695244 -0.53159165 -0.0107217645 -81.91467 -0.0007476527 -0.01897069 0.99981964 0.71765137
-0.52919567 0.8482888 0.012411315 -22.561035 -0.84837943 -0.52913654 -0.007920473 -82.72156 -0.00014784979 -0.014721865 0.9998915 0.7390137
-0.5225203 0.851982 0.012347542 -23.069336 -0.85206896 -0.5224987 -0.005171018 -83.527466 0.0020549153 -0.013228801 0.9999103 0.74816895
-0.51584023 0.8565688 0.0074186204 -23.564087 -0.8565984 -0.51583993 -0.0020823309 -84.332275 0.0020444314 -0.007429531 0.99997026 0.76000977
-0.5077934 0.8618351 0.00075744 -24.042236 -0.86183476 -0.50779396 0.0008663344 -85.1416 0.001130955 -0.00021343213 0.9999993 0.7816162
-0.49735162 0.86711365 0.0024271659 -24.519287 -0.8671165 -0.49735263 -0.00026527862 -85.96484 0.0009790257 -0.002237832 0.999997 0.7993164
-0.48795396 0.8732904 0.0032858383 -24.962158 -0.87329644 -0.4879476 -0.0025697136 -86.785034 -0.00064327294 -0.0041222954 0.9999913 0.8078613
-0.47375914 0.88019997 0.0005065936 -25.418457 -0.8801865 -0.47374862 -0.005840061 -87.617676 -0.004898074 -0.0032129386 0.9999829 0.8223877
-0.46478873 0.88560236 0.0016573439 -25.852173 -0.8855891 -0.4647695 -0.0066413134 -88.453 -0.005112483 -0.004555599 0.9999766 0.8276367
-0.45166358 0.8920129 0.0013641445 -26.269043 -0.89199215 -0.45164135 -0.0076837637 -89.28943 -0.0062381034 -0.004690407 0.99996954 0.8343506
-0.4403391 0.8976717 -0.0010729525 -26.700562 -0.8976469 -0.44033542 -0.006991427 -90.13953 -0.006751045 -0.0021167744 0.99997497 0.8461914
-0.42726225 0.90409076 0.00064224366 -27.092163 -0.90408885 -0.42725974 -0.0024806282 -90.98389 -0.0019673493 -0.0016408087 0.9999967 0.8491211
-0.41741058 0.90882653 0.0018122585 -27.477905 -0.9088001 -0.4174127 0.007040737 -91.82056 0.0071577756 0.0012898496 0.9999736 0.8625488
-0.4027604 0.91521984 0.0030851394 -27.851562 -0.91516256 -0.4027699 0.010325203 -92.66431 0.0106920265 0.0013389194 0.99994195 0.880249
-0.39254344 0.9197926 0.002863287 -28.202393 -0.9197551 -0.3925533 0.008353685 -93.52417 0.008802999 0.00064500526 0.999961 0.8913574
-0.3790574 0.9250632 0.0019604932 -28.557251 -0.92505354 -0.3790624 0.0042317538 -94.38635 0.0046592588 -0.00020882115 0.9999891 0.9154053
-0.36959267 0.9292751 0.0065190913 -28.885254 -0.9292719 -0.3696258 0.004894533 -95.244995 0.0069560255 -0.0042481655 0.9999668 0.9343262
-0.36289257 0.9316028 0.013556856 -29.203735 -0.9315996 -0.36302948 0.00949103 -96.11609 0.013767926 -0.009184907 0.999863 0.95336914
-0.35620612 0.93385416 0.022948988 -29.525757 -0.9338739 -0.35658035 0.014917184 -96.985596 0.022123389 -0.016111385 0.99962527 0.9688721
-0.35252866 0.9352007 0.02720103 -29.845337 -0.93527836 -0.35301742 0.015788546 -97.86377 0.02438065 -0.019865813 0.9995051 1.005249
-0.3497978 0.93644744 0.028258732 -30.15564 -0.9365693 -0.35029352 0.01492082 -98.74194 0.023857437 -0.021232726 0.99948955 1.0413818
-0.34450457 0.93833846 0.03044705 -30.46582 -0.9384963 -0.3450682 0.015584088 -99.62451 0.025135642 -0.023218922 0.9994146 1.076416
-0.3378695 0.9405462 0.029978976 -30.776611 -0.9407762 -0.33834016 0.012166666 -100.51184 0.021605343 -0.024100907 0.999476 1.1011963
-0.3335325 0.94235337 0.026461639 -31.087402 -0.942568 -0.33385754 0.008865342 -101.38696 0.017191902 -0.021985177 0.9996104 1.128418
-0.32856092 0.9442449 0.028311726 -31.385986 -0.94456947 -0.3288138 0.004674528 -102.2655 0.0137057835 -0.025204055 0.9995884 1.1673584
-0.32200834 0.9461979 0.033405174 -31.67334 -0.9466919 -0.32227588 0.0028096456 -103.13403 0.013417313 -0.030707674 0.99943817 1.1872559
-0.3154752 0.94818115 0.04211483 -31.941162 -0.9489542 -0.31592998 0.0044626547 -104.000854 0.017514264 -0.03857069 0.99910295 1.2084961
-0.30655164 0.95081204 0.04220859 -32.216553 -0.9515227 -0.3071427 0.008150166 -104.87207 0.020715531 -0.037661396 0.9990756 1.2373047
-0.29993194 0.9530501 0.039834447 -32.493774 -0.95364314 -0.30053023 0.009848325 -105.733154 0.021362271 -0.03504224 0.99915755 1.274292
-0.29273155 0.9551823 0.04110819 -32.75757 -0.9558595 -0.29329312 0.008219186 -106.61438 0.019932749 -0.03689471 0.99912024 1.3031006
-0.28559196 0.9573806 0.041620392 -33.016724 -0.95816195 -0.28598154 0.0035993704 -107.47485 0.015351704 -0.03885469 0.9991268 1.3326416
-0.27912188 0.95948017 0.041704323 -33.267212 -0.9603103 -0.27938262 0.00045186607 -108.365234 0.012079919 -0.039932363 0.99912965 1.3580322
-0.27260625 0.9612081 0.04509708 -33.506348 -0.9621462 -0.27300957 0.0029310463 -109.24768 0.015105704 -0.04258141 0.99897885 1.387207
-0.2660271 0.96304023 0.045160424 -33.739502 -0.9639145 -0.26659986 0.0070697637 -110.12207 0.018841201 -0.0416532 0.9989547 1.4090576
-0.25955725 0.9646692 0.045996424 -33.969727 -0.9655918 -0.26011804 0.0065454417 -111.003296 0.018281292 -0.042696837 0.99892026 1.4329834
-0.2522035 0.9665698 0.046182044 -34.18347 -0.9675162 -0.2527347 0.0059525194 -111.88245 0.017440256 -0.043200284 0.9989146 1.4663086
-0.24278237 0.96897864 0.042285368 -34.407593 -0.9697523 -0.24327841 0.0069092694 -112.765625 0.017015602 -0.039333843 0.9990809 1.4857178
-0.23494312 0.97132534 0.03747736 -34.622437 -0.97191525 -0.23537312 0.0074501075 -113.651 0.016044423 -0.034667864 0.99927014 1.5125732
-0.22916138 0.972823 0.036628764 -34.835938 -0.9733711 -0.2296071 0.008415774 -114.53894 0.016588146 -0.033732824 0.9992936 1.5443115
-0.22062467 0.9744646 0.04259501 -35.028442 -0.9752519 -0.22112894 0.007460299 -115.43335 0.016676236 -0.03988295 0.99906504 1.567749
-0.2134378 0.9757878 0.046244927 -35.217285 -0.9767578 -0.21392977 0.0058959457 -116.33325 0.015662055 -0.043912902 0.99891245 1.5963135
-0.20922983 0.97694904 0.043373257 -35.41211 -0.9778132 -0.2096304 0.0048575904 -117.2395 0.01382393 -0.041390885 0.9990475 1.6292725
-0.20415151 0.9780647 0.04217433 -35.609863 -0.9788709 -0.20456396 0.005659664 -118.12048 0.014157975 -0.040113807 0.9990946 1.6522217
-0.19908261 0.97911173 0.041034605 -35.797485 -0.9798613 -0.19951345 0.006648341 -119.035645 0.014694968 -0.038891833 0.9991356 1.6781006
-0.19267271 0.98064804 0.03482853 -35.988403 -0.9811886 -0.19298291 0.005743844 -119.91528 0.012351945 -0.03306513 0.9993769 1.6934814
-0.18692887 0.98197895 0.026708337 -36.178345 -0.98229504 -0.18711708 0.0047034933 -120.807495 0.009623688 -0.025356617 0.9996321 1.7139893
-0.1840962 0.98261625 0.024187632 -36.334595 -0.98288953 -0.18420874 0.0024877966 -121.703125 0.006898954 -0.023309324 0.9997045 1.7495117
-0.17777131 0.98374486 0.025805125 -36.49597 -0.9840405 -0.17794667 0.00464473 -122.58179 0.0091624465 -0.024560329 0.9996563 1.7574463
-0.17560863 0.98414284 0.027996827 -36.64868 -0.98448175 -0.17583895 0.0059693903 -123.466064 0.010791174 -0.026511488 0.99959034 1.7735596
-0.17346622 0.9844064 0.029796768 -36.79419 -0.98480195 -0.17369723 0.0053328434 -124.35901 0.010416177 -0.028418122 0.999542 1.7945557
-0.17131412 0.98468685 0.03056979 -36.943604 -0.98510885 -0.17154227 0.004978624 -125.241455 0.010151885 -0.029259238 0.9995202 1.8105469
-0.17132987 0.9848928 0.026125021 -37.09558 -0.9852293 -0.17138828 -8.135568e-06 -126.129395 0.0044784397 -0.025742082 0.9996586 1.8348389
-0.16924214 0.98519444 0.026052956 -37.249146 -0.9855385 -0.16916274 -0.0052351784 -127.01355 -0.00074756425 -0.026565768 0.9996468 1.8516846
-0.16860451 0.9852867 0.02580519 -37.393555 -0.98562247 -0.16849042 -0.006546569 -127.889404 -0.0020959456 -0.026541438 0.99964535 1.864502
-0.16853333 0.9854223 0.025117848 -37.535522 -0.98574084 -0.16852556 -0.0024294304 -128.75183 0.0018298214 -0.02517799 0.9996815 1.8736572
-0.16783024 0.9855711 0.025938855 -37.685303 -0.98589236 -0.16793717 0.0019838288 -129.61243 0.0063084885 -0.025235457 0.9996615 1.8880615
-0.16638757 0.985551 0.029626215 -37.82727 -0.98598194 -0.16647172 0.0003802483 -130.48145 0.005304373 -0.029152675 0.9995609 1.8978271
-0.16790596 0.9854466 0.029515589 -37.96289 -0.9858794 -0.16795887 -0.00068338774 -131.34668 0.0042697247 -0.029218117 0.9995642 1.9143066
-0.16567719 0.9858548 0.025030563 -38.112793 -0.98616093 -0.16574636 0.0007017045 -132.20032 0.0048432807 -0.024573913 0.9996863 1.9283447
-0.16632855 0.9857075 0.026481617 -38.25305 -0.9860411 -0.1664449 0.0022329334 -133.06628 0.0066125495 -0.025741912 0.9996466 1.9490967
-0.16512634 0.9856551 0.036679253 -38.381226 -0.9862947 -0.16535091 0.0031550913 -133.92334 0.009169386 -0.035642345 0.99932224 1.9599609
-0.16430151 0.9854883 0.04183294 -38.5094 -0.98629117 -0.16469732 0.006170556 -134.78711 0.012983611 -0.040262204 0.9991049 1.9754639
-0.16574846 0.98536736 0.041617006 -38.63916 -0.9861121 -0.16627167 0.009432121 -135.63 0.016187554 -0.039467387 0.99908984 2.001709
-0.16505502 0.98552495 0.038180657 -38.780518 -0.9861436 -0.16551602 0.009220704 -136.5105 0.015405764 -0.036118094 0.9992285 2.0341797
-0.16224155 0.9859391 0.04055745 -38.905396 -0.9866108 -0.16282201 0.011422925 -137.31177 0.01785874 -0.0381501 0.9991122 2.0509033
-0.16002618 0.98657566 0.033069268 -39.056396 -0.9870097 -0.16043879 0.010209341 -138.1748 0.01537105 -0.031001493 0.9994011 2.074829
-0.15783799 0.98708063 0.02473507 -39.18689 -0.9873318 -0.15805244 0.0069504064 -139.01123 0.010778602 -0.023325013 0.99966973 2.1064453
-0.15569255 0.9876142 0.019885808 -39.33081 -0.9878005 -0.15576579 0.0021803696 -139.8623 0.0052531688 -0.01931134 0.9997998 2.1278076
-0.1521989 0.9883286 0.012469685 -39.45752 -0.98840153 -0.15222873 0.001472069 -140.66992 0.0033501908 -0.012102187 0.99992114 2.1364746
-0.1465964 0.9891208 0.015540859 -39.5791 -0.9892098 -0.14670195 0.005875952 -141.50879 0.008088354 -0.014512656 0.99986196 2.1571045
-0.1409974 0.98998845 0.01194858 -39.69153 -0.98999125 -0.14111984 0.0101195285 -142.31604 0.011699267 -0.010397987 0.99987745 2.1658936
-0.13181365 0.991251 0.010257031 -39.80774 -0.9912342 -0.1319201 0.010509342 -143.16565 0.011767526 -0.008784956 0.9998921 2.178711
-0.121372096 0.99252343 0.010752368 -39.90442 -0.99255455 -0.121441744 0.0060726036 -143.97876 0.0073361737 -0.00993402 0.99992365 2.191162
-0.11014593 0.99388385 0.006081082 -39.998413 -0.9938909 -0.11017229 0.0041652964 -144.7887 0.004812974 -0.005587343 0.99997276 2.2180176
-0.0956074 0.995406 -0.001646678 -40.090942 -0.99538946 -0.09559572 0.0061342185 -145.63867 0.0059503326 0.00222624 0.9999798 2.2402344
-0.08113432 0.9966718 -0.0014132913 -40.14734 -0.99666035 -0.08112622 0.0050769094 -146.40161 0.0049456423 0.001823484 0.99998605 2.2596436
-0.06821156 0.9976886 -0.005209108 -40.20349 -0.9976833 -0.068177365 0.0064944937 -147.20166 0.0061234445 0.005636392 0.9999653 2.2734375
-0.054589752 0.9984672 -0.0094488105 -40.247437 -0.9984756 -0.054504517 0.009053887 -147.97168 0.008525707 0.009927498 0.9999143 2.279541
-0.040996898 0.9991625 -0.0038290555 -40.275513 -0.99906814 -0.04093779 0.014428618 -148.80017 0.014255896 0.0044115745 0.9998886 2.3040771
-0.026725637 0.99961406 0.005005115 -40.277954 -0.99930394 -0.026843915 0.025263336 -149.52893 0.025392447 -0.0043211523 0.9996681 2.3085938
-0.013306856 0.99985516 0.010526661 -40.276245 -0.99940765 -0.01363349 0.031573445 -150.33667 0.031718843 -0.010099774 0.99944586 2.3477783
