1.000000000000000000e+00 4.398956837314658088e-19 2.733407509747682871e-20 -8.673617379884035472e-19 -5.583667658079949532e-19 1.000000000000000000e+00 -6.100159232558060012e-19 0.000000000000000000e+00 4.145284534913582806e-20 -2.210423569125054137e-19 1.000000000000000222e+00 0.000000000000000000e+00
9.998965663968311102e-01 2.414612287160446092e-04 1.438048053669966839e-02 -8.944957993186458678e-02 -2.380541636586042684e-04 9.999999431921582360e-01 -2.386344198358905189e-04 -9.707487193542696513e-03 -1.438053758997622639e-02 2.351864190591044417e-04 9.998965670554716967e-01 1.360344255047801765e-02
9.995462544467480503e-01 1.598343560010800652e-03 3.007873905117694827e-02 -9.849423575610188886e-02 -1.589245248322086182e-03 9.999986838858841987e-01 -3.263879131707488469e-04 -1.678359155958213111e-02 -3.007922166538603073e-02 2.784373523085534557e-04 9.995474790474179194e-01 2.136267234728173037e-02
9.979552219356345732e-01 5.107672702225063421e-03 6.371253173634292000e-02 5.854479800578106519e-03 -5.190959148002188828e-03 9.999858750728551904e-01 1.141756306638225509e-03 6.456791437825543101e-03 -6.370580118619145749e-02 -1.470150775789508301e-03 9.979676395219782004e-01 4.165146595383816264e-01
9.954153932744909117e-01 4.070927306762668445e-03 9.555952255428822040e-02 2.426924260269629208e-02 -4.370957814029685640e-03 9.999861530336803250e-01 2.930610212702834672e-03 1.320810293160587512e-02 -9.554627069540430617e-02 -3.334861103850234130e-03 9.954194035090628834e-01 5.453256788357885299e-01
9.908756117780511685e-01 1.692617702541487868e-03 1.347689018232849645e-01 1.634801119348226472e-01 -2.356508176610914908e-03 9.999858622767268113e-01 4.766772394709532269e-03 1.334194204726321664e-02 -1.347589305034358753e-01 -5.040862453788163416e-03 9.908655915320936369e-01 8.140232757193597291e-01
9.851178298785236986e-01 -2.539707818809421730e-03 1.718616038288491299e-01 1.473461074829754969e-01 1.545304542350676037e-03 9.999812849633125111e-01 5.919607469997348673e-03 -1.821587475287371471e-02 -1.718734244766751962e-01 -5.565932236306864699e-03 9.851033177440808863e-01 8.943756406530698477e-01
9.764131910621443033e-01 -2.654945927482205755e-03 2.158940274203944854e-01 2.656622982484596607e-01 1.248839218985664306e-03 9.999771146369800245e-01 6.649105113723388985e-03 -6.168891026701303626e-03 -2.159067433542770087e-01 -6.222656866291438778e-03 9.763941607905750608e-01 1.160153186906650147e+00
9.647944673933379622e-01 -2.693774034873143344e-03 2.629912136028372815e-01 3.456247311040068770e-01 1.104420606486207968e-05 9.999479604278525002e-01 1.020177979962435567e-02 2.814286170719756952e-03 -2.630050134869751921e-01 -9.839716020583387512e-03 9.647442892854226626e-01 1.320490943460801425e+00
9.503870268962415491e-01 -6.211204590245135437e-03 3.110079079318633366e-01 5.213799410913305676e-01 1.037187905034499128e-03 9.998583503429948616e-01 1.679891313807509515e-02 2.326651550897236576e-02 -3.110682006263992272e-01 -1.564289531828460394e-02 9.502588466527611688e-01 1.614943924944827636e+00
9.335365427254171955e-01 -1.588277748931010008e-02 3.581302263853414214e-01 6.352732894010864051e-01 7.444721368199503503e-03 9.996615273484229514e-01 2.492803319864186212e-02 -5.009446236516473805e-04 -3.584049416885880524e-01 -2.060505001987146534e-02 9.333388084910959615e-01 1.806288527224484852e+00
9.123588235965627291e-01 -2.158531780368062869e-02 4.088220257339117425e-01 8.094171711902208299e-01 1.020858403409220273e-02 9.994980649673038675e-01 2.999004678982562094e-02 -8.085371019405540594e-03 -4.092641753919750158e-01 -2.318818961417965993e-02 9.121212337024904304e-01 2.045889315005207099e+00
8.875797661273576722e-01 -2.358461850057127704e-02 4.600499119408388848e-01 9.981116944241145150e-01 8.983738329976216283e-03 9.993848053294458467e-01 3.390137591634768272e-02 -5.714368095678393211e-03 -4.605664506543959424e-01 -2.595720706369676611e-02 8.872456091866565142e-01 2.278411765039435544e+00
8.592010606950813978e-01 -2.545477345345416309e-02 5.110044891603405803e-01 1.161904565988435500e+00 6.881624232927175192e-03 9.992462294242399068e-01 3.820492371327643272e-02 2.738627905386038092e-02 -5.115918155209151497e-01 -2.930916986585331216e-02 8.587285896917997707e-01 2.506055673350147117e+00
8.270053454328957221e-01 -3.077879004923106052e-02 5.613508884354841966e-01 1.406017889807169574e+00 7.981944815336559917e-03 9.990424106100612711e-01 4.301802319487543769e-02 2.480525287485585428e-02 -5.621373971890664123e-01 -3.109546304449676071e-02 8.264590877112871770e-01 2.748476331913598081e+00
7.913427796438919914e-01 -3.653849325215306060e-02 6.102798848832310386e-01 1.610168530967015954e+00 1.021376734681313236e-02 9.988632966490526011e-01 4.655956955233547800e-02 2.372062873290135820e-02 -6.112874047663392485e-01 -3.061132209614135166e-02 7.908164524742038459e-01 2.943828448505747986e+00
7.538244592749474560e-01 -4.105995878042651565e-02 6.557917029672943876e-01 1.879534921746136789e+00 1.129048375429302434e-02 9.987077222385636333e-01 4.955209849874397249e-02 3.298534950951409472e-02 -6.569788564022484012e-01 -2.994937790094925889e-02 7.533138945743695913e-01 3.137480366389555186e+00
7.137038061753537832e-01 -4.427930336115997595e-02 6.990466455345689667e-01 2.199822314602024598e+00 1.235589002533759966e-02 9.986404691673482770e-01 5.064133951599700950e-02 4.197720820905838368e-02 -7.003386454013973417e-01 -2.750557283128236830e-02 7.132806130738555961e-01 3.390037824746448436e+00
6.725759812956910721e-01 -4.628843752505493875e-02 7.385789878106073791e-01 2.487726430225671415e+00 1.154031186393902203e-02 9.985765432578951328e-01 5.207406650082822830e-02 5.254884172603344061e-02 -7.399380925312575297e-01 -2.650033401345916473e-02 6.721527804554032759e-01 3.563767857988509924e+00
6.296236566030025683e-01 -4.656984495760226050e-02 7.755032500919190053e-01 2.831129707146260888e+00 7.204603916256614379e-03 9.985088680943249306e-01 5.411223492682393221e-02 8.421967052579595880e-02 -7.768668842682974196e-01 -2.848314894032707989e-02 6.290203208861341322e-01 3.815166620856399682e+00
5.878442429466077535e-01 -4.744469728093027999e-02 8.075816591217993556e-01 3.157164433919250612e+00 4.314612641273076962e-03 9.984484024106262678e-01 5.551731075933305504e-02 1.020833273224604487e-01 -8.089626333492990762e-01 -2.915112892129443495e-02 5.871368496008321225e-01 4.004466455182024376e+00
5.477494823357159648e-01 -4.847138763391721505e-02 8.352371027340548260e-01 3.537540122311634949e+00 2.111815599755724644e-03 9.983972435775695375e-01 5.655514306063053748e-02 1.239078422350976816e-01 -8.366397418250147711e-01 -2.921418300471461532e-02 5.469739348026884107e-01 4.214295429180653585e+00
5.090423852063987731e-01 -5.109776920290209912e-02 8.592234027965287568e-01 3.983674987601041551e+00 1.240743300375443149e-03 9.982788766176768913e-01 5.863228640367357247e-02 1.329475298853288190e-01 -8.607405672232887328e-01 -2.878024262117032453e-02 5.082296584709601328e-01 4.427207653104409779e+00
4.719594471058050633e-01 -5.102719098352025140e-02 8.801423142146397316e-01 4.361752731084939327e+00 -1.728172952774210697e-03 9.982681481474003915e-01 5.880236195552095840e-02 1.583289162702994912e-01 -8.816185727098833080e-01 -2.927336774110055398e-02 4.710538982239221295e-01 4.623780076639127046e+00
4.358754265031306585e-01 -5.035921542401849277e-02 8.985969889726825865e-01 4.827640479927662653e+00 -2.991262675342786208e-03 9.983467597370081492e-01 5.740034523625306417e-02 1.839777365714955204e-01 -9.000020441602220034e-01 -2.770733892187361713e-02 4.350041808030045698e-01 4.794593210401968619e+00
4.025160920265732356e-01 -4.906827963915187663e-02 9.140968688646485818e-01 5.340549044584932403e+00 -1.637547520073017251e-03 9.985221669396183719e-01 5.432127145711209554e-02 2.010608843609040519e-01 -9.154114534589604668e-01 -2.336206223205785151e-02 4.018408875223943300e-01 4.996019776772776311e+00
3.724569878347464003e-01 -4.736023855359049184e-02 9.268402158147683867e-01 5.847294622144194598e+00 2.030163631980013599e-04 9.987011515835640951e-01 5.095064842661817944e-02 2.238672732581672431e-01 -9.280494417841348431e-01 -1.878876052614955605e-02 3.719828362742319539e-01 5.166857471058772688e+00
3.465113822971416235e-01 -4.544408230814639404e-02 9.369443327107466191e-01 6.387526139027266403e+00 1.092513194506697675e-03 9.988447018739570193e-01 4.804235547929841532e-02 2.484597386500753680e-01 -9.380451396634823524e-01 -1.562359813503710719e-02 3.461607052962368813e-01 5.348568036862175745e+00
3.260950777257186628e-01 -4.486946651827397603e-02 9.442715267711144778e-01 6.968773821779716826e+00 2.196173396821060001e-03 9.989062114862208297e-01 4.670714552306252237e-02 2.707721352661087710e-01 -9.453344344796138499e-01 -1.315718538716493906e-02 3.258369384835181903e-01 5.528164008646666794e+00
3.111323184869657088e-01 -4.541723741402161479e-02 9.492807486559349250e-01 7.544900999748151982e+00 3.355266744833100990e-03 9.989037135442185855e-01 4.669168252375412859e-02 3.031444238101431710e-01 -9.503606887035878081e-01 -1.134220043086034586e-02 3.109436139588698245e-01 5.718206191834731555e+00
2.989516881163557516e-01 -4.699276410179368396e-02 9.531104621096447849e-01 8.159039919153570963e+00 4.357008399141231239e-03 9.988435443359442445e-01 4.788100226058390751e-02 3.203385216103006305e-01 -9.542583092745938744e-01 -1.016139526961127790e-02 2.988107102781000224e-01 5.923812427714583606e+00
2.884025060357029990e-01 -4.887542564192744882e-02 9.562610375054921841e-01 8.789711528542586194e+00 3.154780164409084695e-03 9.987394708211873029e-01 5.009507707159652906e-02 3.523611806390348211e-01 -9.575040773479320810e-01 -1.143075152444347591e-02 2.881931561476749337e-01 6.085207723848297334e+00
2.782401012634103665e-01 -5.051691449717219534e-02 9.591821890853797772e-01 9.471844859824553708e+00 1.534907113727090096e-03 9.986381001333451968e-01 5.214967865247586293e-02 3.841485686338973471e-01 -9.605103364666477406e-01 -1.303787542356300323e-02 2.779387035369806358e-01 6.275934971292052467e+00
2.677754161825732226e-01 -5.227291298891387911e-02 9.620622918532357737e-01 1.016247766151335519e+01 8.138188290599021168e-04 9.985390710905813760e-01 5.402833668414167706e-02 4.133870654912448206e-01 -9.634810224509184895e-01 -1.368451505410678282e-02 2.674267546717918886e-01 6.459921147610667269e+00
2.574226790790097863e-01 -5.430972335608560964e-02 9.647714768223730752e-01 1.086427068968067999e+01 1.259353526695864820e-06 9.984193328546792090e-01 5.620352070457183824e-02 4.426283265359120533e-01 -9.662989086256014160e-01 -1.446684500784899997e-02 2.570158465544123971e-01 6.671100549240246202e+00
2.474367919202977995e-01 -5.597759555938972703e-02 9.672856490958106068e-01 1.158477326407894381e+01 -4.578763132446010123e-04 9.983228123555248912e-01 5.789086834454074820e-02 4.690407183371372302e-01 -9.689039379344223102e-01 -1.476722705241853908e-02 2.469961618231778233e-01 6.841396585223376015e+00
2.366751086163155493e-01 -5.709838465151909764e-02 9.699096099511598235e-01 1.238733493205054437e+01 -1.115618230918958512e-03 9.982550354670550741e-01 5.903930485847999621e-02 5.029899410293697803e-01 -9.715882178294877880e-01 -1.505518185236721582e-02 2.361984175916563289e-01 7.037674728859086848e+00
2.267143372330018003e-01 -6.004451580636648717e-02 9.721086612975657903e-01 1.313152430356438138e+01 -2.298943563735085863e-03 9.980620705382502456e-01 6.218374519825326657e-02 5.354883948251364378e-01 -9.739585930038137107e-01 -1.633276865502059083e-02 2.261369405281634937e-01 7.216754398140317051e+00
2.156308268269538364e-01 -6.354056625917707535e-02 9.744054222047966451e-01 1.389873841061096016e+01 -4.289762431469185816e-03 9.978093414776678660e-01 6.601602799276498623e-02 5.830575898863959994e-01 -9.764655453546303709e-01 -1.841505761190314477e-02 2.148858780235616273e-01 7.380023327796138233e+00
2.023431094407922015e-01 -6.744192691506488424e-02 9.769896807583762222e-01 1.469088588585506550e+01 -4.240303426227295600e-03 9.975562008430166605e-01 6.973984467088469030e-02 6.176800647788215359e-01 -9.793055206482130792e-01 -1.825410884390967631e-02 2.015626479224028600e-01 7.544771281452193001e+00
1.901513851888660678e-01 -6.991742882365672984e-02 9.792619606183143866e-01 1.547251118758378396e+01 -5.258286042845048726e-03 9.973740223856519815e-01 7.223164018933540820e-02 6.613187752121929552e-01 -9.817407081753456444e-01 -1.888418506737771577e-02 1.892844047005636798e-01 7.689926263804276019e+00
1.764434183767813191e-01 -7.056810267842431039e-02 9.817779008241505068e-01 1.629448900376733889e+01 -5.885312081786421567e-03 9.973332891651288667e-01 7.274388889388977431e-02 6.994550065270965788e-01 -9.842931983062473966e-01 -1.861324888816487735e-02 1.755575781231146493e-01 7.838610332939297543e+00
1.621655480860923482e-01 -6.980640171981861153e-02 9.842913109123947457e-01 1.707817722122900506e+01 -7.450800931467491291e-03 9.973795323123609835e-01 7.196217089976725267e-02 7.354136330965104218e-01 -9.867354446164868786e-01 -1.900354262631108460e-02 1.612204835299499150e-01 7.969929647158569885e+00
1.450873579989028772e-01 -6.867549082368916424e-02 9.870325824590331365e-01 1.787207537284677628e+01 -8.846961942814909885e-03 9.974582961548441595e-01 7.070133415688512057e-02 7.737322040842518067e-01 -9.893793038890780212e-01 -1.899010859427325768e-02 1.441110180711787092e-01 8.078596040166091896e+00
1.241978529868506820e-01 -6.731908846169347427e-02 9.899712202069934630e-01 1.869142532549797409e+01 -1.124130946056701129e-02 9.975364285192841463e-01 6.924382066787934664e-02 8.147146961371546370e-01 -9.921938033945523205e-01 -1.972850582699848740e-02 1.231351266098563019e-01 8.185069448040596995e+00
1.000140874156196236e-01 -6.594744001458369143e-02 9.927981167073296476e-01 1.951690202452614642e+01 -1.556392666788750274e-02 9.975753067676761399e-01 6.783267270822819495e-02 8.562041551908641246e-01 -9.948642941550828178e-01 -2.223605908533323947e-02 9.874518142825071398e-02 8.270370292669124268e+00
6.925949494826083574e-02 -6.547121249306905866e-02 9.954479522409314107e-01 2.035070168823338221e+01 -1.967322066694104921e-02 9.975604172800012215e-01 6.697893883198366427e-02 8.970454701271340925e-01 -9.974046842054711259e-01 -2.422259385855941860e-02 6.780249968080248602e-02 8.326405854151460062e+00
3.629792022347045483e-02 -6.538544041134750073e-02 9.971996730774637108e-01 2.119098643394364601e+01 -2.247688009765874684e-02 9.975514119616770703e-01 6.622665885905043570e-02 9.380651829545687548e-01 -9.990882184222392715e-01 -2.481782662161024361e-02 3.473937947382987196e-02 8.334203195373458328e+00
1.609274249829427709e-03 -6.455177921182904399e-02 9.979130527137165529e-01 2.203521429900589013e+01 -2.451991567315568374e-02 9.976117742797431243e-01 6.457183248022414779e-02 9.731845214007531775e-01 -9.996980550588544512e-01 -2.457265683955605143e-02 2.262536361296442236e-05 8.337646485747789882e+00
-3.247932712284354317e-02 -6.354777741280467906e-02 9.974501270740477876e-01 2.288413241980369150e+01 -2.568107009871122351e-02 9.977002287522881430e-01 6.272747553818629196e-02 1.002923956412053563e+00 -9.991424288859870328e-01 -2.357823957484861399e-02 -3.403660841935632342e-02 8.288740965542451988e+00
-6.498907970087412778e-02 -6.158666077304372072e-02 9.959836772970437346e-01 2.372083396745321338e+01 -2.814300483339687853e-02 9.978097848645481882e-01 5.986321506600705139e-02 1.036661802845179059e+00 -9.974890515445969941e-01 -2.413951733279610587e-02 -6.657997471755390528e-02 8.246404047201552956e+00
-9.746529629866515498e-02 -5.844763871324495236e-02 9.935211987134051626e-01 2.454585043925201759e+01 -2.987902950272361066e-02 9.979959249041709946e-01 5.577972293249482127e-02 1.075777985889396993e+00 -9.947903179218722247e-01 -2.424886113085607600e-02 -9.901632863478827817e-02 8.166300290056966560e+00
-1.294138815522626884e-01 -5.420239840114599028e-02 9.901081406036386090e-01 2.537319880367252978e+01 -2.699520914608498703e-02 9.983274042035940044e-01 5.112389576670042096e-02 1.102519239815986429e+00 -9.912231448038918424e-01 -2.011203365248106709e-02 -1.306606309027295021e-01 8.035426713442129554e+00
-1.611286354577856073e-01 -4.872704075179169064e-02 9.857297912024713948e-01 2.620895254658666218e+01 -2.289393238236075989e-02 9.986962302686634985e-01 4.562573312959117278e-02 1.117338097410389031e+00 -9.866678505679944422e-01 -1.521561813674029984e-02 -1.620341157746984229e-01 7.887127500309039085e+00
-1.918532589041604952e-01 -4.261029267393715014e-02 9.804981759670393648e-01 2.707089246848963171e+01 -1.649117455054324721e-02 9.990559585609016802e-01 4.018995937262936219e-02 1.137128999391027628e+00 -9.812850679745268589e-01 -8.458990900048184852e-03 -1.923748366240048413e-01 7.693567782096372376e+00
-2.210431471352005406e-01 -3.694972662533298896e-02 9.745638142474167820e-01 2.790036546147307206e+01 -1.092672927584110651e-02 9.993131419020414574e-01 3.540975869538439541e-02 1.146883182328346296e+00 -9.752028249875539512e-01 -2.821709428259557093e-03 -2.212950628842427492e-01 7.500426639570730636e+00
-2.483458688497305888e-01 -3.040110125954308129e-02 9.681942397492020458e-01 2.868618991693040599e+01 -1.985729572588011606e-03 9.995212681716829639e-01 3.087541641660072195e-02 1.175142580032265460e+00 -9.686693977894617058e-01 5.745211283880852053e-03 -2.482873475010088371e-01 7.277979674557508716e+00
-2.753335547055633103e-01 -2.004798120157442673e-02 9.611396858555768530e-01 2.953076314301522487e+01 4.163421454381991717e-03 9.997482886767051768e-01 2.204597907227578285e-02 1.168495233873971140e+00 -9.613397501416767188e-01 1.007162850393077298e-02 -2.751807832857109393e-01 7.037699401679936351e+00
-3.000395891725773367e-01 -5.059646864685347738e-03 9.539133234959632501e-01 3.030839553927824426e+01 8.460040233747058436e-03 9.999324931834804309e-01 7.964720828467516597e-03 1.163496689888791513e+00 -9.538892430442780235e-01 1.045987778055744617e-02 -2.999765309788575696e-01 6.773119973087877277e+00
-3.244931150515282803e-01 1.168776624462146592e-02 9.458158375115088834e-01 3.107582822201067074e+01 8.856664971600997777e-03 9.999173661190507989e-01 -9.317746745720938140e-03 1.128951951806679288e+00 -9.458466011054080802e-01 5.353230386371611409e-03 -3.245698168857524823e-01 6.469039523239318079e+00
-3.499693138341019583e-01 2.629858987126843309e-02 9.363919307154837668e-01 3.187270734546184059e+01 7.884081389212350965e-03 9.996531355421381937e-01 -2.512866583296240880e-02 1.100392655087791827e+00 -9.367279943301305423e-01 -1.411670767904121652e-03 -3.500552634584567224e-01 6.202051881583016346e+00
-3.744013817540374767e-01 3.712514314209149069e-02 9.265232397212656013e-01 3.261566477234169525e+01 1.151142565544504073e-02 9.993072823871647081e-01 -3.538986327336154231e-02 1.063554872949773245e+00 -9.271952905450325799e-01 -2.584409364935334741e-03 -3.745693919528875204e-01 5.880503620654335961e+00
-3.979036971279725221e-01 4.185526452172104450e-02 9.164719142434030186e-01 3.340704536909935030e+01 1.572923098223173027e-02 9.991231601628863812e-01 -3.880080005912134311e-02 1.014373188805312687e+00 -9.172923487899790063e-01 -1.023582410251240625e-03 -3.982131517300256940e-01 5.526273007144175686e+00
-4.205833657906230538e-01 4.121393177199769720e-02 9.063172896401068268e-01 3.412397547510723683e+01 1.776063462972432214e-02 9.991502419252816791e-01 -3.719346558340192593e-02 9.682189040375827060e-01 -9.070800438627223405e-01 4.538182633247116291e-04 -4.209579585405381352e-01 5.177763878107346507e+00
-4.409866299304185944e-01 3.798489497272626580e-02 8.967094989519235337e-01 3.488335462241254703e+01 2.213708750678632445e-02 9.992603909505141102e-01 -3.144233441934574796e-02 9.405819867599317652e-01 -8.972406338015673777e-01 5.984888563813446291e-03 -4.415013484357201978e-01 4.812648769223480727e+00
-4.592485446625373391e-01 3.669447012217982168e-02 8.875495906646937438e-01 3.560049978106491864e+01 2.930799201034905641e-02 9.992283978481352191e-01 -2.614671086570780068e-02 9.090860230928111685e-01 -8.878242105742836232e-01 1.400445847712071187e-02 -4.599696299851961934e-01 4.402073676170354943e+00
-4.735130508641642866e-01 3.735498911362107599e-02 8.799943076352615412e-01 3.630612551145750189e+01 3.282706057143145589e-02 9.991545672887388596e-01 -2.474943851456289090e-02 8.580232811282946237e-01 -8.801748619213038971e-01 1.716844540201380859e-02 -4.743389831723390793e-01 4.039124940056240121e+00
-4.843593390689078237e-01 4.060359943318781611e-02 8.739264068368026717e-01 3.699794057557726035e+01 3.541344282203448546e-02 9.990136598124815803e-01 -2.678797338335519446e-02 8.029059874230310978e-01 -8.741521213911359611e-01 1.797373885787390685e-02 -4.853195104665966042e-01 3.620740903003278444e+00
-4.941009767052747526e-01 4.322650581193746705e-02 8.683292465262008042e-01 3.770078693460799002e+01 3.691453656695738161e-02 9.989055983112392623e-01 -2.872146570623794817e-02 7.611617900428914174e-01 -8.686204891901516678e-01 1.786266855988391522e-02 -4.951559194159007582e-01 3.232388408256139822e+00
-5.047034139028034883e-01 4.243644467603853443e-02 8.622491511686842802e-01 3.839618372676309122e+01 3.098239226437825983e-02 9.990380405701619893e-01 -3.103360775274768141e-02 7.031287412795016456e-01 -8.627366733911027152e-01 1.105177468091569221e-02 -5.055326934854068588e-01 2.844010667225622235e+00
-5.160286297049783144e-01 4.128160862119804875e-02 8.555759865949371656e-01 3.908745135958707806e+01 2.928382931042385409e-02 9.991043372400586486e-01 -3.054473110764577282e-02 6.902596594543704001e-01 -8.560706295092985751e-01 9.292586423335564769e-03 -5.167753268648282994e-01 2.414392566213891200e+00
-5.247214083696163378e-01 4.270162302934491644e-02 8.502023299578830295e-01 3.976932160254857251e+01 3.157466932993177600e-02 9.990301264540610848e-01 -3.068952003617851643e-02 6.515447301667416369e-01 -8.506882482616956453e-01 1.074141027261920830e-02 -5.255607857822868212e-01 1.991515302118745945e+00
-5.319474329483679931e-01 4.565744208406159743e-02 8.455455715518741533e-01 4.045373450582670927e+01 3.538504749360271706e-02 9.988716492180786943e-01 -3.167533335042439779e-02 6.009545220879934924e-01 -8.460377289011554724e-01 1.307005897584491948e-02 -5.329628015954872566e-01 1.550412664105050409e+00
-5.357376307385661729e-01 4.894919699122280560e-02 8.429645035272492759e-01 4.113633648741244286e+01 3.616632206299306290e-02 9.987323741574847258e-01 -3.500916874607563900e-02 5.678580793107422808e-01 -8.436096252505473903e-01 1.173119761963592987e-02 -5.368288294852828768e-01 1.101424353617412866e+00
-5.352046789845681385e-01 5.028164427120197094e-02 8.432245815425508662e-01 4.185113959062985600e+01 3.517753413101482735e-02 9.986875838644101444e-01 -3.722433163698458253e-02 5.140732415147729606e-01 -8.439896352170782601e-01 9.739926029735349045e-03 -5.362710531751514464e-01 6.666697889336274940e-01
-5.320638379274501562e-01 5.117569513705572809e-02 8.451562622484839471e-01 4.258362305826991445e+01 3.773112500172476347e-02 9.986132479706967269e-01 -3.671434486332528918e-02 4.794599765260046387e-01 -8.458631368609591528e-01 1.235432236332315026e-02 -5.332569150632574528e-01 1.979611633088966816e-01
-5.264383733275765920e-01 5.019064287295080945e-02 8.487305375533219509e-01 4.334391967788290856e+01 3.624401422671681694e-02 9.986733758521734172e-01 -3.657676494687298746e-02 4.358877594735947048e-01 -8.494404171897078637e-01 1.150599005453416430e-02 -5.275590990409361192e-01 -2.385067364068407803e-01
-5.191996382178896141e-01 4.888594857596208904e-02 8.532537058207956271e-01 4.408661512404624716e+01 3.404301132395919083e-02 9.987533725785037175e-01 -3.650717851652735685e-02 3.887038838841839206e-01 -8.539747191982060004e-01 1.009281269970919992e-02 -5.202166158162369047e-01 -6.901446314785577574e-01
-5.120388095972027154e-01 4.807300694847360667e-02 8.576160155544156893e-01 4.486786018596792047e+01 3.206328295447093829e-02 9.988065213399323072e-01 -3.684397858136526788e-02 3.424597046360829955e-01 -8.583636848474290870e-01 8.632439038211507307e-03 -5.129690818387364626e-01 -1.168531554687346485e+00
-5.057472935296409844e-01 4.661327155080671747e-02 8.614214210013728668e-01 4.568817216255454383e+01 2.917395159402447549e-02 9.988921417909664147e-01 -3.692383462416016365e-02 2.933369548355023726e-01 -8.621882438708918794e-01 6.456938393178662111e-03 -5.065468917814602845e-01 -1.617966544136696827e+00
-5.011012502302758520e-01 4.434318147690750195e-02 8.642518184823356764e-01 4.649191399323523655e+01 2.504257364626224017e-02 9.990111232474068181e-01 -3.673751605583640278e-02 2.479766182213997694e-01 -8.650262532707694296e-01 3.233875544161120014e-03 -5.017161914594843175e-01 -2.084875179414923174e+00
-4.997457852831275749e-01 4.164578952500554154e-02 8.651703674743543848e-01 4.733371173312413305e+01 2.036765620135598184e-02 9.991322951571536271e-01 -3.632926251720272615e-02 2.116186505388370498e-01 -8.659326307682011503e-01 -5.339023003092705595e-04 -5.001603817875781566e-01 -2.531714409895417628e+00
-5.002219221062772503e-01 3.900560275564510931e-02 8.650182530160739347e-01 4.816365694321971347e+01 1.755958565947182345e-02 9.992364132715224612e-01 -3.490345697848042800e-02 1.597440218723539251e-01 -8.657191819219975937e-01 -2.270111316549600338e-03 -5.005248827267144707e-01 -3.034326938767944348e+00
-5.010891236888327382e-01 3.776185257080726804e-02 8.645714077372357309e-01 4.901454995378946933e+01 1.596143543264738271e-02 9.992808632144578596e-01 -3.439460656034790814e-02 1.143460368731058496e-01 -8.652484816733807538e-01 -3.434961659077251806e-03 -5.013315066566229605e-01 -3.513283639104687772e+00
-5.016186508321286430e-01 3.720006080621218736e-02 8.642886503286500988e-01 4.989387500712093271e+01 1.611293545134235422e-02 9.993034601573078657e-01 -3.365958699969266027e-02 6.484723776071052437e-02 -8.649387925032923086e-01 -2.958048479370431385e-03 -5.018686568519437063e-01 -4.017453429122427089e+00
-5.013368747911538525e-01 3.647361549469569503e-02 8.644830824343475717e-01 5.076252041378147339e+01 1.582200222059319122e-02 9.993305239812184659e-01 -3.298739235121114777e-02 2.228216875807347702e-02 -8.651075161819254955e-01 -2.859942032475448846e-03 -5.015783286190959034e-01 -4.519703161786799761e+00
-5.016829669097808697e-01 3.591683384466293899e-02 8.643055988664750666e-01 5.165572552736159651e+01 1.613407063165624503e-02 9.993523799909594940e-01 -3.216383590406183407e-02 -2.747662054005127474e-02 -8.649010953888367492e-01 -2.191280131267012762e-03 -5.019375529336397301e-01 -5.031224991745371966e+00
-5.022944369744197779e-01 3.539816301592734610e-02 8.639717906979655915e-01 5.253826448300123531e+01 1.575680485543526355e-02 9.993705210248394755e-01 -3.178497721978244817e-02 -8.074443777706576120e-02 -8.645530833916689195e-01 -2.351981418762077915e-03 -5.025360163506612521e-01 -5.541112608240692516e+00
-5.021628126404533710e-01 3.387221200007181632e-02 8.641094660591929211e-01 5.343100729186340914e+01 1.406425610912974064e-02 9.994203357550297540e-01 -3.100305068974272896e-02 -1.303235059655480366e-01 -8.646587295705698839e-01 -3.415521394971457372e-03 -5.023481154941141780e-01 -6.048541726846554667e+00
-5.025362302113616231e-01 3.320154199743920176e-02 8.639183881693249800e-01 5.433744848893727664e+01 1.370672315892481133e-02 9.994427081246244349e-01 -3.043680157702204417e-02 -1.821118904965068341e-01 -8.644474971797549978e-01 -3.454104442860525970e-03 -5.027112564141954509e-01 -6.546517402750638759e+00
-5.020458649185023381e-01 3.223015577937512338e-02 8.642402172141178118e-01 5.521642351980032259e+01 1.244316918316512761e-02 9.994710939668691729e-01 -3.004496365600489716e-02 -2.277239450497432482e-01 -8.647514841760532978e-01 -4.330061631767549366e-03 -5.021813763295115418e-01 -7.056067581582444070e+00
-5.004787913649599851e-01 3.103779790385478507e-02 8.651922450768582129e-01 5.612437475094290562e+01 1.189359529850011338e-02 9.995093376582817601e-01 -2.897630586916386322e-02 -2.849121712392301831e-01 -8.656671035333077802e-01 -4.211779223000534401e-03 -5.006023774943554328e-01 -7.576378965216644445e+00
-4.985182643713476081e-01 2.857618501524865004e-02 8.664080609900085550e-01 5.701902251613736183e+01 1.224176618722499880e-02 9.995889303603936460e-01 -2.592507355795034552e-02 -3.400557950284347486e-01 -8.667927616442610006e-01 -2.317756850185437485e-03 -4.986631628429993857e-01 -8.087518905832826732e+00
-4.959977255373749783e-01 2.758768668319639544e-02 8.678854545231119433e-01 5.792306938758868284e+01 1.321031104140846409e-02 9.996192356574128413e-01 -2.422542800681449365e-02 -3.844989808882858240e-01 -8.682233332376322332e-01 -5.507194527288488458e-04 -4.961733104329771327e-01 -8.589608927151054729e+00
-4.929784009400818845e-01 2.680733284889238663e-02 8.696284548180922558e-01 5.881255722375988171e+01 1.251707605989331278e-02 9.996402924031991821e-01 -2.371937158690655065e-02 -4.437235579546007225e-01 -8.699515110067772561e-01 -8.079314276895044854e-04 -4.931366235122873753e-01 -9.117827810930288379e+00
-4.915313263020227863e-01 2.727337575335694875e-02 8.704327110885956564e-01 5.970745705105425571e+01 1.330284399217885813e-02 9.996280046530924279e-01 -2.380938115912915876e-02 -4.888288072822261077e-01 -8.707582914447975497e-01 -1.238251959991218951e-04 -4.917112936236288090e-01 -9.609801398729567623e+00
-4.902996171921131241e-01 2.766069749392046848e-02 8.711148933809913508e-01 6.057898057690392335e+01 1.314314836448758628e-02 9.996172513694752126e-01 -2.434354928766430462e-02 -5.371640995226910631e-01 -8.714548499887490030e-01 -4.864396714321601108e-04 -4.904755055621626281e-01 -1.009561233758349807e+01
-4.909907661840723359e-01 2.876676923172865816e-02 8.706896845589188194e-01 6.149313492980385121e+01 1.259079165469757962e-02 9.995845901688520385e-01 -2.592525871215895297e-02 -5.786438570508881662e-01 -8.710737925184375285e-01 -1.766389298067121269e-03 -4.911490014162865347e-01 -1.060201876398222964e+01
-4.935150217432665021e-01 3.062530683964827596e-02 8.691979062478102369e-01 6.236548667288730030e+01 1.153206157638743401e-02 9.995224227856058796e-01 -2.866945905233040173e-02 -6.287010548383138442e-01 -8.696608231665445832e-01 -4.125164028337740749e-03 -4.936325043617067476e-01 -1.109107031017367540e+01
-4.984024889109087697e-01 3.145211410447511235e-02 8.663750400247905992e-01 6.325074385828196455e+01 1.039146832809813292e-02 9.994866336338895652e-01 -3.030654306134509049e-02 -6.786328861410891866e-01 -8.668834920726038451e-01 -6.101946821876414601e-03 -4.984734607034321807e-01 -1.156250434232423352e+01
-5.037227079464734469e-01 2.988928370914547064e-02 8.633481630934717321e-01 6.412529620330317925e+01 1.032062451379093040e-02 9.995381528577489405e-01 -2.858261134378545579e-02 -7.221974957802119732e-01 -8.638037569417580386e-01 -5.487417284341579438e-03 -5.037985423426130094e-01 -1.206087659717612226e+01
-5.090384608724053406e-01 2.786202912360053255e-02 8.602927055780866805e-01 6.498826357788924213e+01 1.330020606773514233e-02 9.996112460606670913e-01 -2.450431071483572323e-02 -7.831111117730746862e-01 -8.606410181182954089e-01 -1.031565422261614910e-03 -5.092111421050953268e-01 -1.259298545909922673e+01
-5.145605356504313610e-01 2.568973955509751619e-02 8.570691215467488577e-01 6.585400884928343146e+01 1.057411812126335914e-02 9.996651921112793548e-01 -2.361549677469506822e-02 -8.283231872945748808e-01 -8.573888588469943395e-01 -3.088851634528533979e-03 -5.146599042703913218e-01 -1.309350539592784557e+01
-5.194389576804994135e-01 2.765453071551234043e-02 8.540599410681285475e-01 6.667091551659953552e+01 1.155627340516694745e-02 9.996121186021692528e-01 -2.533899894222370330e-02 -8.785234796225234177e-01 -8.544294200190948319e-01 -3.292312115123097616e-03 -5.195570614912755625e-01 -1.359568350747093568e+01
-5.241696960154325069e-01 2.999421473797213300e-02 8.510854620478989219e-01 6.750486192902612004e+01 1.187655557855500990e-02 9.995398416268130859e-01 -2.791151027190795844e-02 -9.238099199816940388e-01 -8.515310265178281934e-01 -4.522403176876905843e-03 -5.242847240971573175e-01 -1.413424846847280669e+01
-5.291963105320875993e-01 3.032542679334574928e-02 8.479573222431168178e-01 6.835920825639168186e+01 1.065853462450663987e-02 9.995198542790951768e-01 -2.909392583801497303e-02 -9.729636588212150494e-01 -8.484324795650414197e-01 -6.358414867022632241e-03 -5.292654449930523919e-01 -1.463999807831100952e+01
-5.331623736639596878e-01 3.079131038371836146e-02 8.454524028717042006e-01 6.918000664507860620e+01 9.692272945942480636e-03 9.994941805196480011e-01 -3.028932044239177404e-02 -1.017018475314199755e+00 -8.459574190829936002e-01 -7.954769683060018692e-03 -5.331911287237387498e-01 -1.515385912931165002e+01
-5.362693364595944034e-01 2.956839443253883593e-02 8.435288352423686575e-01 6.998328304550311429e+01 9.167104095706332320e-03 9.995312941377152427e-01 -2.920883810657546459e-02 -1.081862951360499592e+00 -8.439971413837831227e-01 -7.931086740941383287e-03 -5.362890416146670614e-01 -1.566383113948881700e+01
-5.388370013983436735e-01 2.344243603553845465e-02 8.420837994025488493e-01 7.082439049499559758e+01 1.111046174428031649e-02 9.997235506469590582e-01 -2.072148407340606083e-02 -1.125730698389122431e+00 -8.423367825281724564e-01 -1.809561595740164777e-03 -5.389484977313775405e-01 -1.620874374604868962e+01
-5.410006615464456603e-01 1.581963971106813485e-02 8.408733616514877385e-01 7.164410024584472581e+01 1.257163168007474630e-02 9.998634823056495868e-01 -1.072244410356693045e-02 -1.145733142379974812e+00 -8.409282073252315470e-01 4.770301811768135579e-03 -5.411256852497489112e-01 -1.672604118929333694e+01
-5.431022043075734995e-01 1.356954875047691918e-02 8.395569368350679351e-01 7.245995461215424882e+01 1.342372276452982217e-02 9.998819409778183509e-01 -7.477148595339177563e-03 -1.170125334867530675e+00 -8.395592956386542793e-01 7.209124676921883045e-03 -5.432202412333849706e-01 -1.724456438594052798e+01
-5.439609532152323013e-01 1.751164589066455529e-02 8.389277744957234217e-01 7.325685186277513594e+01 1.220119816718591606e-02 9.998415814312769934e-01 -1.295927404927034281e-02 -1.220864537922366599e+00 -8.390218255059199715e-01 3.186585915485919736e-03 -5.440884439411931561e-01 -1.775075927764263284e+01
-5.454863893579504630e-01 2.233354342131661091e-02 8.378220569322034628e-01 7.406119002531228546e+01 1.203892194204059414e-02 9.997505600009248816e-01 -1.881175471887016476e-02 -1.277088341288270090e+00 -8.380332182490781712e-01 -1.750808936763958090e-04 -5.456191961980879634e-01 -1.827377487207443352e+01
-5.457098338694731376e-01 2.802980246558183300e-02 8.375052803547704539e-01 7.488289244938529521e+01 1.890785017641520918e-02 9.995978303230758089e-01 -2.113458735851415568e-02 -1.303630810885578306e+00 -8.377608739435635776e-01 4.302073164193636126e-03 -5.460203504063432245e-01 -1.882238048269952913e+01
-5.454570531514242315e-01 2.916368750559459808e-02 8.376312253764321980e-01 7.566579397046908184e+01 2.276573364999710802e-02 9.995412338235885041e-01 -1.997606617414394645e-02 -1.334474211075754591e+00 -8.378295387658193372e-01 8.173204177362005177e-03 -5.458707498261374802e-01 -1.932919633405966664e+01
-5.454711627665885798e-01 2.592131289947867748e-02 8.377286454160733919e-01 7.643488212160082185e+01 2.206844973148916131e-02 9.996192836226124312e-01 -1.656113824133450749e-02 -1.373813977958385557e+00 -8.378390093610715850e-01 9.453750173241069407e-03 -5.458355373314573988e-01 -1.984920469374971930e+01
-5.445313793707906580e-01 2.094391078664423894e-02 8.384789303739152988e-01 7.725294442303038522e+01 2.000839195391056202e-02 9.997280629479013969e-01 -1.197766141439099603e-02 -1.404728116452508058e+00 -8.385017904835957436e-01 1.025440361025867393e-02 -5.448023562686009624e-01 -2.037298298256472506e+01
-5.437065138345227311e-01 1.541464768325181284e-02 8.391338407123447585e-01 7.805046426015800876e+01 1.882171132132454475e-02 9.998038128856110429e-01 -6.170809604253623022e-03 -1.429846851629104076e+00 -8.390643488595018740e-01 1.243882657462434121e-02 -5.438899768516116673e-01 -2.087262345232236882e+01
-5.433112238948792916e-01 8.684472201384060841e-03 8.394864388994306426e-01 7.887808249905910429e+01 9.778976663687675985e-03 9.999441221179691253e-01 -4.015500026043655052e-03 -1.457803189010968836e+00 -8.394744172135941707e-01 6.027653050168917635e-03 -5.433657912453309091e-01 -2.140677324757823996e+01
-5.415516940056990247e-01 3.369272280002759239e-03 8.406606912724071679e-01 7.967210827655975436e+01 1.120809882108743643e-03 9.999939735108390737e-01 -3.285837143651877939e-03 -1.489330228458936478e+00 -8.406667104750457087e-01 -8.372289311478622398e-04 -5.415522078447472243e-01 -2.186687023116964568e+01
-5.400019332105439052e-01 4.296138233028204932e-03 8.416528039665578387e-01 8.045551598673424110e+01 4.807645862620184632e-03 9.999864034497808474e-01 -2.019764465729210253e-03 -1.505922803945130006e+00 -8.416500521546191882e-01 2.955692869530183748e-03 -5.400152465407900282e-01 -2.236294933467391743e+01
-5.365494218066474419e-01 7.121415958585270052e-03 8.438388415058627468e-01 8.127489169218065967e+01 9.887565477436629363e-03 9.999488013029191880e-01 -2.151930450450556878e-03 -1.527398091608600739e+00 -8.438109774646370687e-01 7.188895762295288358e-03 -5.365923658278738406e-01 -2.289912708041681100e+01
-5.315864048827837474e-01 1.023633379955612467e-02 8.469422049757069360e-01 8.206085428012370642e+01 1.048098274584106232e-02 9.999299087945610065e-01 -5.506948436315921985e-03 -1.561724660930173592e+00 -8.469392274071632087e-01 5.949368708191862809e-03 -5.316564333793618591e-01 -2.337436590506927203e+01
-5.238345094137520919e-01 1.231165146654962343e-02 8.517310707062044628e-01 8.285138499840070381e+01 1.585901405371595990e-02 9.998631951569160181e-01 -4.699214533170530464e-03 -1.577801515484236639e+00 -8.516724196174970674e-01 1.104600532190279372e-02 -5.239580981672170568e-01 -2.384863508555113398e+01
-5.152657664626004719e-01 1.457041397906634096e-02 8.569065757849783083e-01 8.364817771539313185e+01 2.300147931184894773e-02 9.997304117644157939e-01 -3.167918091804708403e-03 -1.609687826098249230e+00 -8.567217365797068496e-01 1.807780023944621436e-02 -5.154619991549203029e-01 -2.435283916060598131e+01
-5.056865835444731561e-01 1.493587416264871050e-02 8.625879580655646528e-01 8.443040249234995542e+01 2.270476575475063180e-02 9.997342112064988573e-01 -4.000064761112650559e-03 -1.623878254634043117e+00 -8.624184512635195698e-01 1.756207955501660339e-02 -5.058912944552238500e-01 -2.479897303591464208e+01
-4.944381149307582879e-01 1.165851393673216288e-02 8.691346362220683242e-01 8.526279301466279037e+01 1.802557698568880637e-02 9.998325413087982838e-01 -3.157195607701307038e-03 -1.654354262378094687e+00 -8.690259153407530190e-01 1.410561653414898510e-02 -4.945654696339161771e-01 -2.526521179446780963e+01
-4.831849990235803638e-01 8.666980052827901251e-03 8.754753716214480619e-01 8.607161492408482673e+01 1.940024843786259875e-02 9.998114698699522851e-01 8.093479136810501724e-04 -1.678620449934490999e+00 -8.753033187034482410e-01 1.737550560107661846e-02 -4.832620468901536737e-01 -2.572836268177361418e+01
-4.720905255609332829e-01 7.510303300298656025e-03 8.815180752459216285e-01 8.687291990189410740e+01 1.956223504756182327e-02 9.998067232748903965e-01 1.958320911846122853e-03 -1.691039485989453084e+00 -8.813330060102010366e-01 1.816896966714767053e-02 -4.721462010081213245e-01 -2.614067986673665800e+01
-4.596931182338895305e-01 6.526323838106889118e-03 8.880538440438434655e-01 8.773115836641473209e+01 1.880177690304244212e-02 9.998203866326610401e-01 2.384874545862338338e-03 -1.714642791048627934e+00 -8.878787886269927654e-01 1.779330180419801122e-02 -4.597332589383676948e-01 -2.654880212729446498e+01
-4.476100258550756439e-01 8.728601642841735467e-03 8.941862568088467800e-01 8.855310401009884913e+01 2.299349271303785872e-02 9.997340810384254262e-01 1.751132355939477190e-03 -1.723386323761130878e+00 -8.939332062869848050e-01 2.134429074857850314e-02 -4.476917001576624089e-01 -2.696051733675101403e+01
