1.000000000000000000e+00 -3.306050084167601550e-19 -2.270457535318767223e-19 -8.673617379884035472e-19 7.546676715296109287e-19 1.000000000000000000e+00 6.237773588823049983e-19 1.387778780781445676e-17 -3.447385680526250622e-20 4.770700176052009879e-20 1.000000000000000222e+00 5.551115123125782702e-17
9.999152731045699571e-01 -2.972813044835057907e-03 1.267594424780075189e-02 1.478675234546360413e-02 2.961846691266097932e-03 9.999952031676502262e-01 8.839124079866152390e-04 -4.418065613217947440e-03 -1.267851221664370240e-02 -8.462979818390030905e-04 9.999192928623014121e-01 3.007498374162993482e-01
9.998149976823285101e-01 -5.336432210185045044e-03 1.847369810196536344e-02 3.418973155705771344e-02 5.323278819524040507e-03 9.999855362870049280e-01 7.609958539602077647e-04 -9.708078923464036336e-03 -1.847749394256478425e-02 -6.625020970695932833e-04 9.998289635587432889e-01 5.811059856880670393e-01
9.997429272662079480e-01 -7.785288072568391851e-03 2.129024020222832284e-02 4.542612548198653177e-02 7.787245956028313737e-03 9.999696640430483230e-01 -8.954335823206521037e-06 -2.031763730719386707e-02 -2.128952427304115630e-02 1.747898632031091805e-04 9.997731994202667671e-01 8.855379279840103202e-01
9.997720077844637343e-01 -8.837020598222760509e-03 1.943293437998135087e-02 4.367738751645676432e-02 8.862493838654977862e-03 9.999600125672213347e-01 -1.224390512795449663e-03 -2.018841678939756190e-02 -1.942133841205449102e-02 1.396359597667252940e-03 9.998103351857298149e-01 1.199866526664515209e+00
9.998744182939153236e-01 -1.103279136731305510e-02 1.137494649937057477e-02 4.343036467380827909e-02 1.106240107365658205e-02 9.999355298322241126e-01 -2.544433631700350907e-03 -2.013910914202331204e-02 -1.134614745851950796e-02 2.669954591868891561e-03 9.999320829712730063e-01 1.517315197914243186e+00
9.999132564091564035e-01 -1.314710607436786471e-02 7.567666938396266745e-04 4.474244425111004175e-02 1.315032048736196162e-02 9.999037623988673573e-01 -4.409762644354412939e-03 -3.744348953234036270e-02 -6.987056481866099492e-04 4.419334755220450869e-03 9.999899813521938574e-01 1.844082569907675495e+00
9.997760291610378047e-01 -1.181339079183684089e-02 -1.755101314241154856e-02 2.337196892913318697e-02 1.172715188378570597e-02 9.999186614502547643e-01 -5.008025908668977885e-03 -3.505558567290475991e-02 1.760874725333409774e-02 4.800936604328493069e-03 9.998333002067312236e-01 2.178004016548046096e+00
9.993176148731736097e-01 -8.060005118276796637e-03 -3.604250781239137780e-02 -2.335111531494935000e-02 7.892458416839352731e-03 9.999573859857181501e-01 -4.787789893285185165e-03 -3.852064061868937239e-02 3.607956136121874546e-02 4.500062900139174121e-03 9.993386547082777627e-01 2.526447176029818831e+00
9.984936206828888272e-01 -3.490447340613512042e-03 -5.476273897269231389e-02 -6.296288210626663218e-02 3.189635253968443190e-03 9.999793277322894802e-01 -5.580014504610863839e-03 -5.130026007060356497e-02 5.478108889323695524e-02 5.396964614049725752e-03 9.984841152597487834e-01 2.875180439528747023e+00
9.971931653825398811e-01 -3.103228103534930171e-03 -7.480736220135958403e-02 -1.075080512203194089e-01 2.657070317088914245e-03 9.999781059714307752e-01 -6.063227747533438822e-03 -4.960910440815702316e-02 7.482454221008261186e-02 5.847466094699986516e-03 9.971795196235077041e-01 3.237494475185481946e+00
9.954246351095499268e-01 -4.512432703368097521e-03 -9.542221652758930972e-02 -1.669926502357974574e-01 4.015257027802001527e-03 9.999773889124567994e-01 -5.401293198411472735e-03 -5.448257703623941850e-02 9.544442494338843674e-02 4.993477280130218139e-03 9.954202315894135067e-01 3.617314119461595201e+00
9.933423797624282292e-01 -5.925696142084668945e-03 -1.150230065341742852e-01 -2.236410036648183719e-01 5.413465200606827274e-03 9.999740282001298164e-01 -4.764049713094551525e-03 -6.554034825595660141e-02 1.150482479168995348e-01 4.109683076339621516e-03 9.933486024897126843e-01 4.005043831578712243e+00
9.911606378264775641e-01 -4.928262423171496202e-03 -1.325408596964033348e-01 -2.935271253925186286e-01 4.471896195843157173e-03 9.999829871306048501e-01 -3.741392517328182964e-03 -6.800576906697525237e-02 1.325570571705637357e-01 3.115420302361070030e-03 9.911658356828716432e-01 4.402390781759384808e+00
9.889286437386818340e-01 -4.447686355617168699e-03 -1.483068163917045656e-01 -3.769583733001134473e-01 3.922778456911741977e-03 9.999849574092295468e-01 -3.832275383348540416e-03 -7.281702627524172522e-02 1.483216474466181878e-01 3.208107493439962474e-03 9.889312331797868172e-01 4.820627344513312096e+00
9.865789994282001540e-01 -3.188316370535309967e-03 -1.632627484678705054e-01 -4.651262538233636445e-01 2.714116393656366109e-03 9.999914078844553966e-01 -3.128280938078256777e-03 -8.381923309528539756e-02 1.632713428572367953e-01 2.643309186281964183e-03 9.865791903321508016e-01 5.242505570255300285e+00
9.847092430223248760e-01 -4.980426310104706274e-03 -1.741546778460313361e-01 -5.528866679028979769e-01 4.321677452124918564e-03 9.999820086472848146e-01 -4.161895053416829644e-03 -9.026776583646592411e-02 1.741722861505186348e-01 3.345763925298500009e-03 9.847130285160902163e-01 5.685159816648093667e+00
9.828266470543014499e-01 -8.306614144097935332e-03 -1.843360383021163673e-01 -6.398540161099428580e-01 7.301489530390193120e-03 9.999545468771567913e-01 -6.131825910135931500e-03 -1.035409976171192958e-01 1.843786067391091354e-01 4.680238581668225498e-03 9.828426020547175179e-01 6.134284563094302811e+00
9.814135760133954056e-01 -7.524269231564519392e-03 -1.917376355669254406e-01 -7.374030879682809125e-01 6.033536707077744379e-03 9.999468488968222823e-01 -8.355449624819689947e-03 -1.116283418944766098e-01 1.917903423079842795e-01 7.043117863084071006e-03 9.814068184750974755e-01 6.592051948192149347e+00
9.802321726588988371e-01 -7.193868810332850264e-03 -1.977051660849835635e-01 -8.457148417813948882e-01 5.279893234112219107e-03 9.999339695684463791e-01 -1.020449400907518650e-02 -1.120709487593987003e-01 1.977655490070990563e-01 8.958859192747989017e-03 9.802054712751576693e-01 7.071614864734804051e+00
9.785408770135143319e-01 -7.870706595525035418e-03 -2.059400121423280716e-01 -9.572826960452407441e-01 5.366099317495021635e-03 9.999047054119373223e-01 -1.271994152195435844e-02 -1.236337029015008582e-01 2.060205065729568963e-01 1.134231299719438806e-02 9.784898233057499617e-01 7.559521194863638271e+00
9.763403845406553039e-01 -1.163734794840969207e-02 -2.159574102003932461e-01 -1.068604667916708495e+00 8.623765125773279194e-03 9.998518746584531547e-01 -1.489348693099304226e-02 -1.349387669817284086e-01 2.160987439101063057e-01 1.267898596087344357e-02 9.762962824039802534e-01 8.063438378877869184e+00
9.747277418963091744e-01 -1.777450420462834205e-02 -2.227284807098970920e-01 -1.186753895624751864e+00 1.467886989426809251e-02 9.997713667923987524e-01 -1.554908641867315706e-02 -1.496352780514730307e-01 2.229538795018048136e-01 1.188829279082079769e-02 9.747657753063487807e-01 8.577497845619451056e+00
9.731468377514755907e-01 -1.842315534377333627e-02 -2.294550576275993237e-01 -1.316559718935206957e+00 1.467539046472827492e-02 9.997296199942254935e-01 -1.803241354742030067e-02 -1.758211879374896314e-01 2.297253248845660401e-01 1.417981367786214780e-02 9.731542782238427058e-01 9.104847135711144901e+00
9.707829676370265393e-01 -1.486095524719812169e-02 -2.394862023601749546e-01 -1.469076003713731371e+00 9.625672583263701274e-03 9.996887062982839911e-01 -2.301238455319544809e-02 -1.786801376076113945e-01 2.397537130050064469e-01 2.003460801605096153e-02 9.706239166561204668e-01 9.638386266198516239e+00
9.688704938076654338e-01 -1.202151278248734037e-02 -2.472364167360059095e-01 -1.627253351668799697e+00 5.835189958041745936e-03 9.996516812934171936e-01 -2.573543933245037163e-02 -1.963076951994675023e-01 2.474597470096726315e-01 2.349109302968940133e-02 9.686033289157940374e-01 1.018363717603198637e+01
9.664407227795343003e-01 -1.427849174283291923e-02 -2.564264618215311153e-01 -1.781444516046906568e+00 7.454900448225539565e-03 9.995924783168349537e-01 -2.755355609515830820e-02 -2.150896679395528643e-01 2.567153936229423228e-01 2.471666250096947112e-02 9.661532832404841065e-01 1.074384690579134016e+01
9.643613007087910027e-01 -1.628405679022976865e-02 -2.641251800453310317e-01 -1.941954484038342255e+00 8.966448764397309465e-03 9.995423072094641315e-01 -2.888841561451835349e-02 -2.464250368906871769e-01 2.644747368994113668e-01 2.549138465453864785e-02 9.640660862193182190e-01 1.131551734247956453e+01
9.622126656772883591e-01 -1.642864625658038355e-02 -2.718754456939829756e-01 -2.119508868052531803e+00 8.044739022486258051e-03 9.994576732783511108e-01 -3.192800742687222637e-02 -2.696147877595637676e-01 2.722526039155974131e-01 2.853545328768901379e-02 9.618229867546574940e-01 1.189904601860617639e+01
9.598415134168420959e-01 -1.553543701469092125e-02 -2.801065199342034906e-01 -2.306314697358647692e+00 5.780856827440764359e-03 9.993487539683778564e-01 -3.561864221722150364e-02 -2.913338179157916041e-01 2.804773949737919825e-01 3.256930275067519004e-02 9.593064009535561265e-01 1.249585804769473185e+01
9.577214084008410788e-01 -1.695500911916973316e-02 -2.872627582751054454e-01 -2.494695190866189627e+00 5.394519369905659452e-03 9.991446399355174979e-01 -4.100233640625138010e-02 -3.217476107065995183e-01 2.877122454371067728e-01 3.771947607094860294e-02 9.569937362667605418e-01 1.308763230636989938e+01
9.559856005448048588e-01 -1.804003324137208250e-02 -2.929207262012948343e-01 -2.693767867998843712e+00 4.050357868492702323e-03 9.988243551342045334e-01 -4.831419841566703122e-02 -3.604718776119079648e-01 2.934478617951616908e-01 4.500231363165500126e-02 9.549347838534616439e-01 1.370654831929113904e+01
9.549270806845889803e-01 -1.798588716665093859e-02 -2.962470171879239000e-01 -2.897914142316253550e+00 1.338854790997394753e-03 9.984134835718930789e-01 -5.629361483476735123e-02 -3.936613750792184452e-01 2.967894630206225348e-01 5.335947502490624023e-02 9.534361619893984008e-01 1.432794254233708742e+01
9.538098378077236594e-01 -1.849811894752144067e-02 -2.999101549946440737e-01 -3.112366829672462920e+00 -1.272735408048632525e-03 9.978445350683948778e-01 -6.563340963560507224e-02 -4.418515459244881649e-01 3.004775108340279610e-01 6.298458526303676863e-02 9.517305510588184303e-01 1.496316558467071012e+01
9.522788447194779904e-01 -1.747263447681274978e-02 -3.047618991658337384e-01 -3.333932032146071922e+00 -5.463225198080659886e-03 9.972244775609133693e-01 -7.426862117245310035e-02 -4.856963473818662891e-01 3.052135663138912935e-01 7.239000760506995868e-02 9.495403569569743629e-01 1.561116945085611540e+01
9.512508356435328549e-01 -1.684728865186610816e-02 -3.079500064455086838e-01 -3.554663079193709940e+00 -8.606668182931129923e-03 9.966679739553693240e-01 -8.113458374032153642e-02 -5.488018947898685163e-01 3.082906277750833701e-01 7.983014995032486349e-02 9.479363191662043553e-01 1.627190646229436055e+01
9.497074587014913138e-01 -1.590899601689442153e-02 -3.128033583514072680e-01 -3.793240268946910465e+00 -1.227761942244617703e-02 9.960488778988607628e-01 -8.796125975917915008e-02 -6.080039978672364676e-01 3.129669315679332042e-01 8.737761041669676876e-02 9.457596932343957929e-01 1.693648927104210600e+01
9.483338416078317401e-01 -1.393973118150480632e-02 -3.169344070385605172e-01 -4.035270848677773969e+00 -1.674895258953516125e-02 9.954416960069373266e-01 -9.387354150776969219e-02 -6.785256083822521767e-01 3.167987656133186558e-01 9.433015721760268368e-02 9.437776178074418487e-01 1.760955214925253287e+01
9.471322154965415852e-01 -1.238282021955360371e-02 -3.206343660579006882e-01 -4.288228359375904297e+00 -2.062502937141314288e-02 9.948382743609091028e-01 -9.935147968137780783e-02 -7.522075608900421484e-01 3.202102495807813698e-01 1.007099702910331379e-01 9.419880882522908561e-01 1.829821870077773127e+01
9.445773398286545497e-01 -9.439453347876596012e-03 -3.281255673624060010e-01 -4.546467847025668085e+00 -2.546857055736352973e-02 9.944667978311948486e-01 -1.019437637133200764e-01 -8.309830669471469644e-01 3.272719895539031865e-01 1.046525495084524859e-01 9.391104381648883725e-01 1.900499066023826700e+01
9.434221391706689719e-01 -9.112177806289954024e-03 -3.314337145007271168e-01 -4.808986929658781051e+00 -2.689596301419764149e-02 9.942257736354092046e-01 -1.038940706854065421e-01 -9.095873703772552332e-01 3.304659815512585030e-01 1.069331715000795269e-01 9.377296230139293698e-01 1.971076865539844292e+01
9.412229397299486378e-01 -8.839809591450319831e-03 -3.377366536316637191e-01 -5.080813265667454282e+00 -2.770680427208402005e-02 9.942684226441024231e-01 -1.032522075677190371e-01 -9.985682127512585105e-01 3.367136114800182156e-01 1.065402260121041805e-01 9.355835525582000267e-01 2.043176848599869544e+01
9.390676109059141741e-01 -7.961269921500981409e-03 -3.437360838127218599e-01 -5.364323413908492988e+00 -2.865518349835298462e-02 9.944385141687666074e-01 -1.013502873131101045e-01 -1.083546820734166083e+00 3.426317300785202691e-01 1.050224398519060548e-01 9.336168230950278035e-01 2.116238905888263133e+01
9.368766498395503239e-01 -7.422002260476513215e-03 -3.496298030671836643e-01 -5.650649269060018298e+00 -2.917805276288572280e-02 9.946282233949842455e-01 -9.929710361195191737e-02 -1.170055434778945580e+00 3.484892879375922070e-01 1.032275713384128296e-01 9.316274843628168378e-01 2.189601777031393581e+01
9.340351148286126781e-01 -6.877518115163974710e-03 -3.570302554825041108e-01 -5.941624105383615628e+00 -2.922889639181378008e-02 9.949896126177726341e-01 -9.558409950269887434e-02 -1.254512459011780434e+00 3.558987819954372300e-01 9.971445925773461672e-02 9.291542457515520326e-01 2.263180958345832750e+01
9.297120931354152518e-01 -4.998520955078375114e-03 -3.682506800958686433e-01 -6.262605768428430864e+00 -3.040443889458424587e-02 9.954528627573292487e-01 -9.027089987786857117e-02 -1.333386238006102786e+00 3.670279384344644624e-01 9.512040356778632411e-02 9.253325283144091529e-01 2.339636619872754864e+01
9.266076492272083964e-01 -2.506483748432505963e-03 -3.760398711401171656e-01 -6.578362612979616664e+00 -3.170088210087600167e-02 9.958972939154266957e-01 -8.476802498407277897e-02 -1.415079098799268298e+00 3.747098442545648833e-01 9.046649063347562969e-02 9.227264110939681352e-01 2.414872322135728666e+01
9.232193748855919146e-01 8.227434935984483761e-04 -3.843302683309259837e-01 -6.917144139462291896e+00 -3.447316443332366226e-02 9.961431145916045393e-01 -8.069117323081109738e-02 -1.491519215724899761e+00 3.827824099169262473e-01 8.773985978002082908e-02 9.196866710033032577e-01 2.490864192710634129e+01
9.197423864757385825e-01 8.084337894092135648e-04 -3.925437264790116454e-01 -7.252973437557687753e+00 -3.473317450883179475e-02 9.962429444257488997e-01 -7.933335204306057875e-02 -1.569015374770115878e+00 3.910053011918303567e-01 8.659732806238459868e-02 9.163146764418050871e-01 2.566881568477150211e+01
9.160055192284510817e-01 2.651497188768559433e-03 -4.010939102996379235e-01 -7.608338572218993789e+00 -3.690941996162129535e-02 9.962939832826077646e-01 -7.769497851702458768e-02 -1.645539920870241479e+00 3.994016942789109792e-01 8.597271788737614884e-02 9.127082341718332215e-01 2.644759659057427825e+01
9.121611697530083163e-01 2.935720790625434215e-03 -4.097977520899429016e-01 -7.969941506674239839e+00 -3.746516508872684698e-02 9.963847375665594308e-01 -7.624414808248124176e-02 -1.719465186269321988e+00 4.080926274982979440e-01 8.489815494187420708e-02 9.089732210030339044e-01 2.722032727142988762e+01
9.079556875420192741e-01 4.133398230584682358e-03 -4.190403607262482288e-01 -8.344763316461005331e+00 -3.869793673821034924e-02 9.965056403461938217e-01 -7.401673493097100931e-02 -1.794719782156493748e+00 4.172695658655887763e-01 8.342324804248843484e-02 9.049431644900221006e-01 2.800925551770968980e+01
9.046053155832731729e-01 3.128302969672227835e-03 -4.263291246042429927e-01 -8.730772203821095090e+00 -3.750850929173995402e-02 9.966782264278830628e-01 -7.227922488837749959e-02 -1.864918993175636475e+00 4.246870387343899544e-01 8.137134667774550967e-02 9.017175637742140815e-01 2.880109932889136815e+01
9.010502378743638907e-01 4.950339024678548916e-03 -4.337224910587799687e-01 -9.124924502779615310e+00 -3.809013069882807162e-02 9.969744991609090778e-01 -6.776749265691829616e-02 -1.934411826733811290e+00 4.320749119040608321e-01 7.758193581557749907e-02 8.985125430474297792e-01 2.959951952514733975e+01
8.973904089718437449e-01 6.336276733349588582e-03 -4.410964918076301644e-01 -9.534564044420537954e+00 -3.777528466324384104e-02 9.973290639065738317e-01 -6.251339915303257000e-02 -1.995549394481602290e+00 4.395217752898242236e-01 7.276690198601958037e-02 8.952328648634345631e-01 3.041055918493530896e+01
8.939304270425172394e-01 5.447958225977542375e-03 -4.482049329601319188e-01 -9.954062028221239089e+00 -3.532562083763485239e-02 9.976721107776064246e-01 -5.832622851141230219e-02 -2.058909123609064640e+00 4.468439935946578179e-01 6.796928178597030912e-02 8.920416615512144487e-01 3.122172082398457604e+01
8.902111926788562890e-01 5.284169490488951557e-03 -4.555503735328228498e-01 -1.038669577025268964e+01 -3.440980013181936525e-02 9.978559721904144419e-01 -5.566538355637867114e-02 -2.125468088821672374e+00 4.542789723035171590e-01 6.523214363868085064e-02 8.884846778202437623e-01 3.204678669046311512e+01
8.871001436461606326e-01 5.847543940184556262e-03 -4.616162900583384854e-01 -1.083037899149114125e+01 -3.480709997474106671e-02 9.979199989441708274e-01 -5.423707155078300729e-02 -2.183953838091606592e+00 4.603385861883357855e-01 6.418045823272357231e-02 8.854586424476630357e-01 3.287462211039257909e+01
8.843692245127283691e-01 6.259880993798312525e-03 -4.667398793842746918e-01 -1.127545202123081935e+01 -3.441720102326373959e-02 9.980629177223784287e-01 -5.183413992732591874e-02 -2.238721228999053459e+00 4.655112451426109965e-01 6.190617898962783028e-02 8.828714695202646290e-01 3.370997539710336355e+01
8.812160934850560290e-01 4.569796939343045289e-03 -4.727186388813014450e-01 -1.174433674135826777e+01 -3.258805329030083769e-02 9.981617125150366032e-01 -5.110438109827976361e-02 -2.297370385849164087e+00 4.716163322635785193e-01 6.043722737815421242e-02 8.797448040920708978e-01 3.456003998586621151e+01
8.787702878405875273e-01 4.477774530723088210e-03 -4.772293941671966744e-01 -1.221751264615400068e+01 -3.247085289831084381e-02 9.981998189669117894e-01 -5.041955904173912872e-02 -2.357499544839938288e+00 4.761442461849360597e-01 5.980467626948911264e-02 8.773337061731528719e-01 3.541452936141637764e+01
8.771009104136779921e-01 3.193592958384547809e-03 -4.801903134286096830e-01 -1.270162774896236080e+01 -3.148014017540135684e-02 9.982100551888788420e-01 -5.084490903729916439e-02 -2.419165361226117472e+00 4.791682903717849329e-01 5.971459333229688082e-02 8.756313242266975383e-01 3.627524093682217199e+01
8.751460816397726994e-01 3.595842547027068310e-03 -4.837626132369840515e-01 -1.319594759055537736e+01 -3.232642777461630645e-02 9.981728597688660498e-01 -5.105470349122952223e-02 -2.476744841346764758e+00 4.826948512631824006e-01 6.032275375822198499e-02 8.736631562170938947e-01 3.714874234515350082e+01
8.751514362125054625e-01 3.659459755368513721e-03 -4.838340468237772862e-01 -1.369780844051389579e+01 -3.198582538332043340e-02 9.982216358485904717e-01 -5.031597578525003056e-02 -2.534023854596242575e+00 4.827894383260649125e-01 5.951225525899482560e-02 8.737120819954534712e-01 3.803791767139815505e+01
8.746835207355789787e-01 2.968574585344693154e-03 -4.846777468361344599e-01 -1.420636650710861382e+01 -3.069637885793846666e-02 9.983131820836379511e-01 -4.927797021235629654e-02 -2.593754933392310669e+00 4.837137838983215921e-01 5.798121217988819187e-02 8.732991665312167529e-01 3.893418578310343037e+01
8.742131196155631390e-01 2.013139246815049896e-03 -4.856689248536276704e-01 -1.472549966888964867e+01 -2.940763689565044012e-02 9.983751353805567774e-01 -4.880227741258887780e-02 -2.650537280494992043e+00 4.847817971624703848e-01 5.694129938105205180e-02 8.728518108646287077e-01 3.984891297779709163e+01
8.742304757673805549e-01 1.051342766966550848e-03 -4.855116506147652555e-01 -1.523964134007937332e+01 -2.810070930930469793e-02 9.984308268025056110e-01 -4.843816094681666767e-02 -2.710829808672933439e+00 4.846987286985060539e-01 5.599077164185436301e-02 8.728881974186700754e-01 4.076647444997770009e+01
8.724084545353357756e-01 -1.588732763263287244e-03 -4.888284564409336452e-01 -1.577706164743412920e+01 -2.628191480150935538e-02 9.983956467212335983e-01 -5.015438002007033963e-02 -2.770152574380627009e+00 4.881242786926989208e-01 5.659834471101837794e-02 8.709668814857404184e-01 4.169813190744392983e+01
8.716908605999587056e-01 -1.801772041917253835e-03 -4.899661636123520125e-01 -1.630276631113355990e+01 -2.443385806580486430e-02 9.985896112645816780e-01 -4.713648799839917358e-02 -2.834697183660554565e+00 4.893598756334019972e-01 5.306395586225347988e-02 8.704175080625228267e-01 4.263283882109789857e+01
8.698483781347348121e-01 -9.879448114069810331e-04 -4.933057967023559698e-01 -1.684630012661226317e+01 -2.337374935922219635e-02 9.987924025337051592e-01 -4.320837315756461544e-02 -2.893890489416389933e+00 4.927530640857089028e-01 4.911240843975906573e-02 8.687746522615530376e-01 4.356264437245590670e+01
8.668744929222396145e-01 -1.816993365407316204e-03 -4.986250908714192076e-01 -1.738416655345525186e+01 -2.051449749314375112e-02 9.990162627158358788e-01 -3.931094071624494091e-02 -2.953900013810140113e+00 4.982060899471646431e-01 4.430563491096858181e-02 8.659844851646897324e-01 4.449690345323934793e+01
8.639758389817804307e-01 -2.085684800562611838e-03 -5.036226941232252452e-01 -1.792440151539613780e+01 -1.940569636724057481e-02 9.991105722356242724e-01 -3.743726363184281952e-02 -3.012049650704550441e+00 5.032529245122536743e-01 4.211721131497871834e-02 8.631669194901457898e-01 4.541719495582150046e+01
8.581900016262997699e-01 -4.708630879094030317e-03 -5.133371296782003324e-01 -1.848886548873127467e+01 -1.800774959216766211e-02 9.990663326372121178e-01 -3.926870182358273981e-02 -3.071407349456987568e+00 5.130426511968632086e-01 4.294598475482452882e-02 8.573038764412918011e-01 4.633984576277894263e+01
8.529384519466689518e-01 -7.080768695909858690e-03 -5.219664128127603497e-01 -1.904793384724836258e+01 -1.730791950029317294e-02 9.989746298961436066e-01 -4.182781090549554659e-02 -3.133164534677917779e+00 5.217274729725607241e-01 4.471008935332924927e-02 8.519413597999488941e-01 4.724917235265843374e+01
8.465158067194170632e-01 -6.706935704627436066e-03 -5.322684334739499201e-01 -1.963269347490021488e+01 -1.821587375770728628e-02 9.989702920773204653e-01 -4.155531587447380826e-02 -3.185847369223813175e+00 5.319991178703883383e-01 4.487205581471809257e-02 8.455219325715183087e-01 4.815938441748362209e+01
8.405274516043178545e-01 -3.995291917031182534e-03 -5.417600583057367025e-01 -2.023396897825437435e+01 -1.856938963357899694e-02 9.991727596171641190e-01 -3.617646919614614376e-02 -3.237357534520906466e+00 5.414564712246989764e-01 4.046638934260798903e-02 8.397579897100674318e-01 4.906248312585801585e+01
8.367941185482162814e-01 -8.248006745246389340e-04 -5.477042965104866878e-01 -2.083668881079859503e+01 -1.950664308483529563e-02 9.993191103807038678e-01 -3.130374264681517332e-02 -3.303881564528430292e+00 5.473574499575546426e-01 3.687168825088998902e-02 8.362080906511581979e-01 4.996113559755997358e+01
8.314363802320589025e-01 -6.959486731093197454e-04 -5.557067967101420036e-01 -2.144504561983669078e+01 -2.138506406731026377e-02 9.992182395836074482e-01 -3.325285177331144953e-02 -3.354180375767886968e+00 5.552957030279442874e-01 3.952595951566606480e-02 8.307714475366287932e-01 5.085119236107865959e+01
8.281486188548862204e-01 -2.626331568187655324e-03 -5.603920532397833609e-01 -2.205521523734244838e+01 -2.196720671186544807e-02 9.990686875217058560e-01 -3.714318784966075954e-02 -3.403818381073402843e+00 5.599675830244998931e-01 4.307415635121952802e-02 8.273195965279187547e-01 5.173219946084083887e+01
8.250965818160888032e-01 -4.750474907398367572e-03 -5.648326013576491222e-01 -2.266394931719403516e+01 -2.433059503921593258e-02 9.987381844680296439e-01 -4.392834272070188922e-02 -3.468441957589961877e+00 5.643283816349919935e-01 4.999130432522563838e-02 8.239399896706242066e-01 5.260533138884510862e+01
8.226274537404592024e-01 -4.835098816612805502e-03 -5.686454409928944909e-01 -2.328952027092427102e+01 -2.513038394337905462e-02 9.986774931856339244e-01 -4.484735674502271507e-02 -3.527812626933908291e+00 5.681106379143123775e-01 5.117552499392361010e-02 8.214178981514218547e-01 5.348539576567949894e+01
8.195751225865318679e-01 -3.662989042596302529e-03 -5.728935385788774814e-01 -2.391512527344757189e+01 -2.470183471596851948e-02 9.988239153133213755e-01 -4.172883696871199782e-02 -3.584076323542656262e+00 5.723727773749058834e-01 4.835207266242267515e-02 8.185207585669744823e-01 5.436065978362672269e+01
8.165129387185360299e-01 -1.318801390816389104e-03 -5.773009596011575706e-01 -2.456048781541999659e+01 -2.330593784217918282e-02 9.991069106921915965e-01 -3.525007910214992407e-02 -3.640047244869271559e+00 5.768322352672583531e-01 4.223484757889685998e-02 8.157527811854334843e-01 5.523983445453134777e+01
8.131050392916868708e-01 5.874679227245597829e-04 -5.821556871735753536e-01 -2.519841349094182448e+01 -2.345409016107108044e-02 9.992205399465895477e-01 -3.175537121425869858e-02 -3.691456912223332498e+00 5.816835663086556973e-01 3.947142091266351432e-02 8.124848779913381724e-01 5.611547822545097830e+01
8.111446112746482084e-01 7.549267839874319961e-04 -5.848857620833177728e-01 -2.583851906463977244e+01 -2.493493923791896202e-02 9.991345085822035399e-01 -3.330165668411146085e-02 -3.739905502962046047e+00 5.843546432388792011e-01 4.159554980686114983e-02 8.104612342042752937e-01 5.699117842484737650e+01
8.076817192381521293e-01 -3.470048546884597494e-04 -5.896667252374632184e-01 -2.649477917689194939e+01 -2.468760104973518471e-02 9.991029814650121965e-01 -3.441014642940030260e-02 -3.788388897210370754e+00 5.891498148358838005e-01 4.234966486876261954e-02 8.069485313181677943e-01 5.785869258398325599e+01
8.029615092921219555e-01 -1.962438509358948625e-03 -5.961405635165734074e-01 -2.714345471933587106e+01 -2.442089683649777826e-02 9.990464467029410711e-01 -3.617984596544741860e-02 -3.850940679744191630e+00 5.956433624777662805e-01 4.360380825144864747e-02 8.021479420991145526e-01 5.872354957075695125e+01
7.994288242454182791e-01 -3.443846315319862642e-03 -6.008131101047201605e-01 -2.780351908063603972e+01 -2.357078552093454238e-02 9.990336819614044073e-01 -3.708308710556503657e-02 -3.903215756281941395e+00 6.003603143286000421e-01 4.380607152819716854e-02 7.985752263943434182e-01 5.958926166602429930e+01
7.935298301742189642e-01 -3.592348511667751553e-03 -6.085152533303748168e-01 -2.848126132430004276e+01 -2.246453470220369231e-02 9.991279817963871768e-01 -3.519590810352252880e-02 -3.943769252605105358e+00 6.081110702746204133e-01 4.160115507720055922e-02 7.927570745040034561e-01 6.045019409514814157e+01
7.905440448269732689e-01 -3.457097685647511111e-03 -6.124849831641535625e-01 -2.915030198050279253e+01 -2.236838480066715568e-02 9.991539139377630940e-01 -3.451917386424171313e-02 -4.004177482160715229e+00 6.120861670894952589e-01 4.098951700049558583e-02 7.897977692511635173e-01 6.130767336010070778e+01
7.846627116420468173e-01 -3.813481603556567647e-03 -6.198911384579309791e-01 -2.984165557667839153e+01 -2.266457614645719237e-02 9.991361628081305568e-01 -3.482897637793163498e-02 -4.064149428898966576e+00 6.194885926305384594e-01 4.137604147767212637e-02 7.838982333417235937e-01 6.216569087935036464e+01
7.790208792038241237e-01 -5.649715390120028762e-03 -6.269017957542377673e-01 -3.054657890340706672e+01 -2.198816431015373010e-02 9.990982094983518191e-01 -3.631928912857850661e-02 -4.116303472646530182e+00 6.265416727839518973e-01 4.207944720087730683e-02 7.781940683794282831e-01 6.301723123684124062e+01
7.747925090159543116e-01 -6.532961977159912337e-03 -6.322438598853178382e-01 -3.124747167303206297e+01 -2.107693960234206798e-02 9.991238867682934455e-01 -3.614703596091080329e-02 -4.170845572625639264e+00 6.319263443781293343e-01 4.132924781110570295e-02 7.739758766881340568e-01 6.386791972966013731e+01
7.683609170704329694e-01 -8.187778144106027181e-03 -6.400543090657149214e-01 -3.196917047844973681e+01 -2.077778698905213481e-02 9.990720667636294738e-01 -3.772533835049578232e-02 -4.228017903785499243e+00 6.397695201770471352e-01 4.228087304145984604e-02 7.674776354248182830e-01 6.471793312562176936e+01
7.628473160196607150e-01 -9.649729581466846146e-03 -6.465646792807825394e-01 -3.268646703952443744e+01 -1.986459792503011967e-02 9.990669192291162792e-01 -3.835916831256076798e-02 -4.282138516454874200e+00 6.463313979465771242e-01 4.210927206476761109e-02 7.619437159154688333e-01 6.555648607087677249e+01
7.559136395247226803e-01 -1.158368773319251761e-02 -6.546139532900853153e-01 -3.342499387851719206e+01 -1.821507186814349047e-02 9.990843664622610643e-01 -3.870873207648352354e-02 -4.341016499919417626e+00 6.544630187659514764e-01 4.118373173904237711e-02 7.550103291265417571e-01 6.639738364890267519e+01
7.507851969549699245e-01 -1.128918099860858407e-02 -6.603714475366072589e-01 -3.417733018206532591e+01 -1.758347058502289506e-02 9.991581549912077476e-01 -3.706041629530964360e-02 -4.395707041345303878e+00 6.602338526850199951e-01 3.943798104282428968e-02 7.499544856926774195e-01 6.724127373008100506e+01
7.443840352205791655e-01 -1.200382951605653663e-02 -6.676718113536687094e-01 -3.493013447701950014e+01 -1.603836988242227438e-02 9.992285160898107810e-01 -3.584744001051386186e-02 -4.452775194423348459e+00 6.675872667190407839e-01 3.739030842057104037e-02 7.436172131511277206e-01 6.807176722982821104e+01
7.375367247145430127e-01 -1.317820721176824611e-02 -6.751394329997748578e-01 -3.569960250976791372e+01 -1.536763479065622953e-02 9.992231230225425698e-01 -3.629584137481811634e-02 -4.506613978811351728e+00 6.750932987543540875e-01 3.714730645626925648e-02 7.367612656586054465e-01 6.890245859066079959e+01
7.325514415359580811e-01 -1.510949622965617779e-02 -6.805767506913680265e-01 -3.648216524892563228e+01 -1.505889677408232298e-02 9.991491672441860095e-01 -3.839324623781439905e-02 -4.570345224949520890e+00 6.805782032193095077e-01 3.836786235188922173e-02 7.317006492116469030e-01 6.972204228215856858e+01
7.266267451240779884e-01 -1.528351217882400852e-02 -6.868565228931170497e-01 -3.727276231219039460e+01 -1.560887922976233848e-02 9.991271787602491461e-01 -3.874325410796675140e-02 -4.624925929573710626e+00 6.868490794722662551e-01 3.887535679615519019e-02 7.257540617075616263e-01 7.054767019756249624e+01
7.212142646688748382e-01 -1.376022796113603695e-02 -6.926081410814391992e-01 -3.808049096129741429e+01 -1.626613619022301491e-02 9.991905475874816034e-01 -3.679494274958805544e-02 -4.678402592849170816e+00 6.925542130313903089e-01 3.779734105102836028e-02 7.204066429934301574e-01 7.136285065812174366e+01
7.162759764218533665e-01 -1.304623197773720211e-02 -6.976653934837483417e-01 -3.888562500111702747e+01 -1.725156875446002755e-02 9.991885303122584050e-01 -3.640014955587515810e-02 -4.734990656225128269e+00 6.975740215481308626e-01 3.811216836263921909e-02 7.154696840160104099e-01 7.217874315651779682e+01
7.110990570628286100e-01 -1.470711323454488434e-02 -7.029101103792145810e-01 -3.971389279129011385e+01 -1.686563688586622742e-02 9.991366553408969065e-01 -3.796733391791772688e-02 -4.801661867253602445e+00 7.028615943872340566e-01 3.885786985874664645e-02 7.102370883279336411e-01 7.299007151617712452e+01
7.060603379163701288e-01 -1.646264038128901139e-02 -7.078627224032825183e-01 -4.053951565668041468e+01 -1.740065338501110143e-02 9.990245069122366539e-01 -4.059818499425834476e-02 -4.853376347361339604e+00 7.078403117867160255e-01 4.098752009798901919e-02 7.050850546350470038e-01 7.380773455433192964e+01
7.017238702300746533e-01 -1.807568041280460322e-02 -7.122575586995014696e-01 -4.136806350318981629e+01 -1.802671699889446186e-02 9.989074930582899636e-01 -4.310187406859567610e-02 -4.916076997729383891e+00 7.122585112849532107e-01 4.308569018923581045e-02 7.006313968739892317e-01 7.461700345600709738e+01
6.966189279021104408e-01 -1.861992253023318084e-02 -7.170674318145200399e-01 -4.221442183733164910e+01 -1.831872389211515115e-02 9.988755108681969253e-01 -4.372735656467276188e-02 -4.985163762888338290e+00 7.170754057302290985e-01 4.359625654179374171e-02 6.954945071906912801e-01 7.541999159158491750e+01
6.911036490549269384e-01 -1.833006748666038063e-02 -7.225364976601148514e-01 -4.307138399384383121e+01 -1.721848721719359404e-02 9.989770657654231112e-01 -4.181447722926056459e-02 -5.045280337866740794e+00 7.225643352693698063e-01 4.133169737270317445e-02 6.900809878125542252e-01 7.622809128081837571e+01
6.874543134756562202e-01 -1.866049632830195024e-02 -7.259518270424716313e-01 -4.393748843035807283e+01 -1.598049420147890434e-02 9.990390485428459755e-01 -4.080702520864343957e-02 -5.109392671917097672e+00 7.260154777076761601e-01 3.965683642278055449e-02 6.864955176621314603e-01 7.703459562182703735e+01
6.814519796280209540e-01 -1.918111265781259969e-02 -7.316746865659105037e-01 -4.481111403848400698e+01 -1.603371552186050666e-02 9.990252384545468267e-01 -4.112607576226433304e-02 -5.176556323855361796e+00 7.317505003669806385e-01 3.975408762409505387e-02 6.804801660269296226e-01 7.783502880399234414e+01
6.785163602109295367e-01 -2.048122220877596211e-02 -7.341475581850711585e-01 -4.568350283190392958e+01 -1.490611304255925681e-02 9.990214662101458698e-01 -4.163898548311813913e-02 -5.233919054638126234e+00 7.342817709595258480e-01 3.920038602353344975e-02 6.775470100619265246e-01 7.864064308895503075e+01
6.724394970694076434e-01 -2.039673871531379190e-02 -7.397652881781218159e-01 -4.657115789402988071e+01 -1.417442876101022292e-02 9.990819328480633477e-01 -4.042687820749563815e-02 -5.296948013646728626e+00 7.399107098697182971e-01 3.767079013230455881e-02 6.715330434826453088e-01 7.942825847027087605e+01
6.686592141192163607e-01 -2.232371294463098010e-02 -7.432404560108181180e-01 -4.747084046008268388e+01 -1.225041312911067520e-02 9.990826999347421911e-01 -4.102196437526357820e-02 -5.362256526020493297e+00 7.434746063024872953e-01 3.653362699875361413e-02 6.677724525727809501e-01 8.022735352761503691e+01
6.662415875915403962e-01 -2.527165678393502105e-02 -7.452939056005257745e-01 -4.836621127149403776e+01 -8.816782119615238292e-03 9.990887580442131544e-01 -4.176711621910621924e-02 -5.428946891343371384e+00 7.456702972080047065e-01 3.439786610453855753e-02 6.654117155023999697e-01 8.102146367276644412e+01
6.605760541980185696e-01 -2.926450966094011619e-02 -7.502794383320240401e-01 -4.928323986119471556e+01 -6.742798460201481457e-03 9.989684185629189583e-01 -4.489034370579914057e-02 -5.494233232266397593e+00 7.508194407236982171e-01 3.470973941239881289e-02 6.596972297956728015e-01 8.179997473435109612e+01
6.564579140152968506e-01 -3.351191254658243690e-02 -7.534885175935699397e-01 -5.019482907395263993e+01 -2.150341004293431120e-03 9.989255611874147123e-01 -4.629229135354876595e-02 -5.558935968069043554e+00 7.542299342682122765e-01 3.201508697760962335e-02 6.556804700907151728e-01 8.259299335554466381e+01
6.512551705373650357e-01 -3.819187199036461894e-02 -7.578646755580629168e-01 -5.111522086871548964e+01 4.303904393182722381e-03 9.989024836797665285e-01 -4.664730415227107824e-02 -5.631542239512414838e+00 7.588140880545831690e-01 2.711970987106906636e-02 6.507048965183421796e-01 8.339010552993360648e+01
6.408739029008637678e-01 -4.200704910896325972e-02 -7.664987326813158530e-01 -5.204673487320484782e+01 8.852146555928835925e-03 9.988397683684696604e-01 -4.734012134423885160e-02 -5.703746256250675550e+00 7.675974866004482422e-01 2.356001034609521080e-02 6.405019497252346650e-01 8.417287959449716084e+01
6.331503883683163858e-01 -4.307578143314307051e-02 -7.728324065960212597e-01 -5.298679968490066017e+01 1.168489895258931731e-02 9.988682733474398834e-01 -4.610791709330554905e-02 -5.779545764816659492e+00 7.739440792959074722e-01 2.015868747080991341e-02 6.329375145652192947e-01 8.494403824810531489e+01
6.239337174202633785e-01 -4.192558923962251549e-02 -7.804296781158459595e-01 -5.395435417149692370e+01 1.324592263804559057e-02 9.989838514012021609e-01 -4.307271005633851041e-02 -5.839987517288662389e+00 7.814428881848014541e-01 1.653576619364290068e-02 6.238548992685922778e-01 8.571325927280842905e+01
6.146080579545339928e-01 -4.135590679505252859e-02 -7.877793217093763678e-01 -5.493000647640562306e+01 1.294668570835028933e-02 9.990190526847625430e-01 -4.234959043104290916e-02 -5.914959095923306265e+00 7.887581043351037380e-01 1.582864952399138173e-02 6.145405424445048448e-01 8.646590982980180229e+01
6.066812166277766316e-01 -4.184704310617769901e-02 -7.938241205535567779e-01 -5.592008791970597770e+01 1.116894669073951671e-02 9.989638008153862714e-01 -4.412545491576123913e-02 -5.982604716203704598e+00 7.948477832247929920e-01 1.790858454093392435e-02 6.065196229834729502e-01 8.720066141480528188e+01
5.957142834018963606e-01 -4.498390530826863742e-02 -8.019485488320148292e-01 -5.691694138415549276e+01 1.285450011470017605e-02 9.988366006707859457e-01 -4.647579843021718005e-02 -6.051959495047610105e+00 8.031063960702904403e-01 1.737863011769650093e-02 5.955993172479659981e-01 8.793253365771639096e+01
5.858097037125469253e-01 -4.551093561418154132e-02 -8.091047733072563863e-01 -5.792890999490674631e+01 1.204521977111808195e-02 9.988007243494811949e-01 -4.746556241682362010e-02 -6.123267796030537724e+00 8.102940928285387034e-01 1.806410715271358075e-02 5.856552465290365550e-01 8.865940018200757322e+01
5.766005041865105429e-01 -4.683775942049637347e-02 -8.155915708062505542e-01 -5.895485388674814686e+01 1.545409546961465548e-02 9.988020198629620205e-01 -4.642880324220789029e-02 -6.192519530513309611e+00 8.167892269527805560e-01 1.416271057799924592e-02 5.766336659834865319e-01 8.938279941538743856e+01
5.653288800979158202e-01 -4.653590909497681144e-02 -8.234241754120154022e-01 -5.998772199776468028e+01 1.702021446375744096e-02 9.988531070099595510e-01 -4.476983918433358189e-02 -6.264456364337815941e+00 8.245620335935169853e-01 1.130370344900016519e-02 5.654721819747664524e-01 9.008844534236177992e+01
5.543675311939072481e-01 -4.691161199376429891e-02 -8.309212586840779569e-01 -6.103395041556666456e+01 1.737625153619677329e-02 9.988450100805446041e-01 -4.479058989824404036e-02 -6.340523111798828104e+00 8.320630092756384766e-01 1.038948210691227093e-02 5.545424044805532526e-01 9.077619523212955244e+01
5.458362147088927641e-01 -4.739363100034428566e-02 -8.365062145093093982e-01 -6.208874483253304533e+01 1.686268271416024866e-02 9.988184526846336508e-01 -4.557521862355005254e-02 -6.409180951044397112e+00 8.376778205988855142e-01 1.077109916504623982e-02 5.459900498229656174e-01 9.146070734993573126e+01
5.353498362875300787e-01 -4.854676001080297093e-02 -8.431585341602004791e-01 -6.315885845667114751e+01 1.579904992663264812e-02 9.987479724509484846e-01 -4.746445977452286302e-02 -6.482881277136445242e+00 8.444068518047984639e-01 1.209240986239219079e-02 5.354462681810773228e-01 9.212992190346352572e+01
5.269155890522557728e-01 -4.818645558774577176e-02 -8.486525103762799782e-01 -6.423682443185325042e+01 1.405342223003426712e-02 9.987494450708999105e-01 -4.798693232481789084e-02 -6.567416318053227897e+00 8.499030285956431507e-01 1.337025822247848647e-02 5.269330846588877737e-01 9.278213832840242503e+01
