1.0 0.0 0.0 0.0 0.0 1.0 0.0 0.0 0.0 0.0 1.0 0.0
0.99991906 0.01269026 0.0009434802 0.30090332 -0.012687484 0.99991536 -0.0028928039 -0.011352539 -0.0009801066 0.0028806012 0.99999535 0.0026855469
0.99982834 0.018505728 0.0008026406 0.5812988 -0.018501293 0.9998151 -0.0052191825 -0.029541016 -0.0008990883 0.005203433 0.99998605 0.0059814453
0.99977213 0.021340314 -1.6140242e-05 0.8857422 -0.021339815 0.9997429 -0.0076486287 -0.040649414 -0.00014713196 0.0076472308 0.99997073 0.014282227
0.9998092 0.019489022 -0.0012549114 1.1999512 -0.019499226 0.99977183 -0.008709796 -0.040161133 0.0010848573 0.008732615 0.9999613 0.01171875
0.9999312 0.011438765 -0.0025983974 1.5172119 -0.011466574 0.99987423 -0.010954354 -0.04333496 0.0024727597 0.010983383 0.9999366 0.009155273
0.9999898 0.000819489 -0.0044378545 1.8438721 -0.0008777247 0.99991333 -0.013133615 -0.049072266 0.004426704 0.013137378 0.99990386 0.02368164
0.99983454 -0.017493136 -0.004963346 2.1777344 0.017432958 0.99977684 -0.0119190905 -0.034301758 0.0051708873 0.011830581 0.9999166 0.019042969
0.9993405 -0.035990253 -0.0048009804 2.5263672 0.03594966 0.9993191 -0.008290195 0.005859375 0.0050960756 0.008112108 0.9999541 0.020629883
0.9984853 -0.054714106 -0.005834505 2.8753662 0.05469222 0.9984962 -0.0038472177 0.03881836 0.006036193 0.0035223253 0.99997556 0.03112793
0.997181 -0.074756384 -0.0064372406 3.238037 0.074734345 0.997197 -0.0035995385 0.076049805 0.0066882633 0.0031083361 0.9999728 0.02722168
0.995423 -0.09537332 -0.005740467 3.6185303 0.095344156 0.995429 -0.005158132 0.12780762 0.006206178 0.004587149 0.99997026 0.030273438
0.99335307 -0.114974245 -0.0050037084 4.00708 0.11493971 0.993347 -0.006716771 0.17700195 0.005742697 0.0060968464 0.99996495 0.03942871
0.9911702 -0.13249634 -0.0041344482 4.4052734 0.13247122 0.9911649 -0.005852392 0.24035645 0.004873635 0.005253038 0.9999743 0.040161133
0.9889357 -0.14826302 -0.004338707 4.824341 0.14823861 0.9889336 -0.0054918234 0.31774902 0.0051049604 0.004787959 0.9999755 0.04284668
0.9865829 -0.16322443 -0.0038767327 5.2471924 0.16320747 0.9865837 -0.0043494483 0.40014648 0.004534525 0.0036585478 0.999983 0.052001953
0.9847189 -0.1741088 -0.0046581617 5.6905518 0.17407876 0.9847156 -0.0062257573 0.48327637 0.005670717 0.005319857 0.9999698 0.055908203
0.98285264 -0.18428461 -0.0060688765 6.140381 0.18422201 0.98283595 -0.009630261 0.5656738 0.0077398396 0.008347213 0.9999352 0.06628418
0.981416 -0.19168521 -0.008480704 6.598633 0.1916104 0.9814269 -0.008902809 0.6599121 0.010029932 0.007111906 0.99992436 0.07141113
0.98021424 -0.19764961 -0.010436212 7.0786133 0.19756487 0.980249 -0.00861692 0.76538086 0.011933286 0.0063841883 0.9999084 0.06896973
0.9784995 -0.20588444 -0.01287638 7.5671387 0.20577462 0.9785626 -0.009356025 0.87316895 0.014526003 0.006505887 0.99987334 0.07739258
0.9763113 -0.21593036 -0.014287144 8.071899 0.21574941 0.97636646 -0.013202239 0.9798584 0.016799828 0.0098075485 0.99981076 0.08557129
0.9747901 -0.22275239 -0.013553423 8.586792 0.22247474 0.97475475 -0.019396864 1.0942383 0.01753019 0.015893476 0.99972004 0.09765625
0.9731798 -0.22950509 -0.015890427 9.114868 0.22917676 0.9731793 -0.020097181 1.220581 0.02007772 0.015916932 0.99967164 0.12060547
0.9706439 -0.23951846 -0.021803241 9.649048 0.23919068 0.9708275 -0.016607856 1.3690186 0.02514527 0.010904422 0.9996242 0.119506836
0.9686187 -0.2472208 -0.025303692 10.195068 0.24693716 0.96892273 -0.013827369 1.5236816 0.02793663 0.0071438346 0.9995841 0.13391113
0.96617246 -0.25645566 -0.026592381 10.756348 0.25609735 0.9664984 -0.016160598 1.6734619 0.029847044 0.008801107 0.99951565 0.1496582
0.96408886 -0.26419863 -0.027420022 11.329102 0.2637718 0.9644232 -0.018230854 1.829956 0.03125973 0.010344157 0.99945766 0.17810059
0.96184576 -0.27195752 -0.030512938 11.913574 0.27149636 0.9622833 -0.018436568 2.003662 0.034373894 0.009450683 0.99936426 0.19787598
0.95932704 -0.28016397 -0.034595713 12.511353 0.2797033 0.9599233 -0.01760738 2.1865234 0.03814214 0.00721516 0.9992463 0.21594238
0.9570158 -0.28735927 -0.039792962 13.104004 0.2868069 0.95781803 -0.019079033 2.3710938 0.04359614 0.0068504238 0.99902594 0.2421875
0.95495695 -0.2930442 -0.047112547 13.723633 0.2923993 0.956102 -0.020198416 2.5667725 0.05096203 0.0055186437 0.9986858 0.27600098
0.95345587 -0.29633525 -0.055489298 14.345459 0.2956624 0.95506495 -0.020155372 2.7684326 0.058969997 0.00280897 0.9982559 0.30407715
0.9517484 -0.2999616 -0.065137476 14.981201 0.299248 0.95397294 -0.020677688 2.9801025 0.06834148 0.00019975845 0.9976636 0.3466797
0.94955343 -0.3046478 -0.07456881 15.629883 0.30403793 0.95246726 -0.01967338 3.1986084 0.07701795 -0.0039831605 0.997023 0.38513184
0.9479459 -0.30768424 -0.082025655 16.291382 0.3071758 0.95145935 -0.019058561 3.416626 0.08391036 -0.007123015 0.9964499 0.44335938
0.94576496 -0.31232232 -0.08959883 16.95691 0.31198123 0.9499377 -0.018145038 3.6519775 0.090779245 -0.010783568 0.99581337 0.49780273
0.9437767 -0.316126 -0.096569605 17.630981 0.31607842 0.9485837 -0.016195752 3.8909912 0.096725345 -0.015247022 0.9951927 0.5638428
0.9419819 -0.3195101 -0.10296625 18.320679 0.31974533 0.9474003 -0.01465573 4.140991 0.1022335 -0.0191158 0.9945764 0.6331787
0.9390964 -0.32657072 -0.10694404 19.029053 0.32723492 0.94486004 -0.0117711965 4.3950195 0.10489347 -0.023935813 0.99419814 0.7084961
0.9377137 -0.3297551 -0.109242365 19.736084 0.33052972 0.94371355 -0.011468444 4.654541 0.106875114 -0.025353406 0.9939503 0.78393555
0.9355662 -0.33601102 -0.10888508 20.458862 0.33683905 0.9415187 -0.011255693 4.922241 0.106296726 -0.02614057 0.99399 0.87060547
0.9335972 -0.34194764 -0.10739955 21.191284 0.3428587 0.93936396 -0.010437615 5.201782 0.10445532 -0.027065774 0.9941618 0.95373535
0.93160635 -0.3478232 -0.105636805 21.926758 0.34877163 0.93717295 -0.009959075 5.484131 0.10246285 -0.027566032 0.99435306 1.0384521
0.9291319 -0.3552617 -0.10216409 22.664673 0.35620424 0.93432766 -0.009494921 5.77063 0.09882787 -0.027587779 0.9947194 1.1217041
0.9253059 -0.366436 -0.09762858 23.431885 0.36747783 0.9299991 -0.007735841 6.0859375 0.0936309 -0.028719906 0.99519247 1.1999512
0.9226946 -0.37416443 -0.09301232 24.186523 0.37532595 0.92688507 -0.0053316825 6.397217 0.08820845 -0.029984998 0.99565166 1.2811279
0.9196467 -0.3822773 -0.090323396 24.94873 0.3836695 0.92349213 -0.0020906955 6.7314453 0.08421486 -0.032726686 0.99591035 1.3566895
0.9162734 -0.390511 -0.089224644 25.711182 0.39189297 0.9200176 -0.0021891533 7.0625 0.08294524 -0.032959662 0.996009 1.432373
0.91266084 -0.39892653 -0.08864061 26.49231 0.40046743 0.91628337 -0.0004332401 7.413086 0.08139557 -0.035108924 0.99606353 1.5072021
0.90892357 -0.40762964 -0.08761075 27.267456 0.40918392 0.91244143 -0.00023911707 7.7697754 0.08003866 -0.035637315 0.9961541 1.5794678
0.9048889 -0.4168265 -0.086180694 28.05896 0.4184512 0.9082364 0.00086101796 8.139526 0.077910446 -0.03684131 0.9962792 1.6533203
0.9016653 -0.42425275 -0.08416838 28.85315 0.4257466 0.904885 -0.00022346526 8.520996 0.07625585 -0.035628963 0.99645084 1.7220459
0.89845574 -0.43167531 -0.080412515 29.654053 0.43318683 0.90132016 0.0015124469 8.910767 0.071825534 -0.03618543 0.9967614 1.7910156
0.89517325 -0.43915936 -0.07563145 30.467651 0.44061077 0.897647 0.0028091646 9.31604 0.06665522 -0.03584501 0.99713206 1.8519287
0.8919858 -0.44650456 -0.07087159 31.281372 0.447746 0.8941751 0.0018351977 9.731079 0.06255281 -0.03337085 0.9974833 1.9147949
0.8884293 -0.4539557 -0.06817043 32.10901 0.45511088 0.89045024 0.0015872516 10.15918 0.059977133 -0.032433383 0.9976723 1.9803467
0.88540095 -0.46002635 -0.0671465 32.939087 0.4611913 0.88733804 0.00208375 10.598877 0.058617044 -0.03281434 0.9977398 2.0374756
0.882813 -0.4652149 -0.064895466 33.77661 0.4663362 0.88460094 0.0024354495 11.040283 0.056273893 -0.032409653 0.9978897 2.0911865
0.879691 -0.47131982 -0.06345789 34.62903 0.4723093 0.88144714 0.0006777729 11.505005 0.055616483 -0.030565772 0.99798447 2.1483154
0.87727964 -0.475852 -0.06284611 35.485596 0.47682452 0.8790013 0.0005353384 11.974609 0.054984093 -0.030437957 0.99802285 2.2069092
0.87558055 -0.4788702 -0.06277163 36.348145 0.4797735 0.87733454 -0.00078164926 12.455566 0.05544612 -0.029441934 0.9980272 2.2667236
0.87360996 -0.48239726 -0.063394934 37.22351 0.48334646 0.8753833 -0.00041686534 12.946655 0.055695653 -0.030281167 0.9979888 2.3225098
0.8736593 -0.48249623 -0.06258509 38.114014 0.48342416 0.87538546 -0.00035558944 13.446411 0.054958157 -0.029938959 0.9980404 2.378296
0.8732495 -0.4834246 -0.061059512 39.01184 0.48427153 0.8749129 -0.0010592872 13.952515 0.05393259 -0.028646138 0.9981335 2.4366455
0.87280566 -0.48449263 -0.060026664 39.9281 0.4852602 0.87444 -0.002027334 14.469116 0.053470515 -0.027353896 0.9981944 2.4918213
0.8728457 -0.48440877 -0.059077118 40.847046 0.48509955 0.87445474 -0.002990154 14.981079 0.053107623 -0.026047159 0.99824905 2.550415
0.87093145 -0.48781735 -0.05970488 41.78064 0.48838532 0.87263966 -0.005664814 15.515015 0.05486591 -0.024223667 0.9981999 2.6074219
0.8703853 -0.48906967 -0.056176066 42.717163 0.48954546 0.87190914 -0.005899203 16.038086 0.0518655 -0.022369452 0.99840355 2.6711426
0.8687426 -0.49248806 -0.05223845 43.64917 0.4929213 0.8700518 -0.0051309653 16.57837 0.04797838 -0.021296661 0.99862105 2.7299805
0.8659582 -0.4979614 -0.047457643 44.58606 0.4982657 0.86706203 -0.0060292277 17.112183 0.044148672 -0.018420717 0.998855 2.7895508
0.8631427 -0.5030187 -0.045291513 45.50879 0.50327605 0.8641569 -0.0063585043 17.64856 0.042336203 -0.017299883 0.9989537 2.8466797
0.8572863 -0.5127923 -0.04616621 46.434692 0.51295805 0.85838145 -0.009088911 18.207397 0.04428593 -0.015888015 0.9988925 2.9039307
0.851929 -0.52145797 -0.047970425 47.347046 0.52155083 0.8531438 -0.011555043 18.76123 0.04694974 -0.015178059 0.9987816 2.963379
0.8455071 -0.531734 -0.04817285 48.260742 0.5318566 0.8467258 -0.011299355 19.340454 0.046800133 -0.016070576 0.9987751 3.0148926
0.8397372 -0.5412293 -0.043799758 49.16748 0.5414078 0.8407188 -0.008707523 19.936646 0.041536085 -0.01640284 0.9990022 3.0671387
0.83617926 -0.5471655 -0.040222846 50.06909 0.54741096 0.83696765 -0.0056137564 20.5354 0.036733817 -0.01732422 0.9991744 3.1342773
0.83073837 -0.5550943 -0.04290619 50.96216 0.5553981 0.8316242 -0.005574095 21.139038 0.038778424 -0.019197019 0.9990635 3.1829834
0.82728887 -0.559741 -0.04647411 51.84546 0.56003946 0.82835686 -0.0075532985 21.745483 0.04272656 -0.019781183 0.9988912 3.2304688
0.8239086 -0.5640608 -0.053410433 52.720703 0.56441194 0.825341 -0.009714958 22.350464 0.04956251 -0.022150492 0.99852514 3.2919922
0.82138497 -0.56783855 -0.054609302 53.603027 0.5682166 0.8228791 -0.009841442 22.972656 0.050526667 -0.022946805 0.9984588 3.3503418
0.81848603 -0.57212085 -0.05179833 54.480957 0.5724967 0.8198141 -0.00872801 23.594849 0.047463052 -0.022510719 0.9986197 3.4069824
0.8157158 -0.57662094 -0.045693006 55.363037 0.57697046 0.8167221 -0.0064509963 24.236816 0.041042503 -0.021101104 0.99893475 3.4645996
0.8124433 -0.58149564 -0.042943258 56.241455 0.58186495 0.81330025 -0.0046098735 24.871216 0.037608773 -0.02123982 0.9990669 3.5166016
0.8104161 -0.5841591 -0.045076005 57.11914 0.5845836 0.8113504 -0.0044712056 25.508423 0.039186828 -0.022721235 0.99897385 3.5639648
0.8069058 -0.5889464 -0.04584819 57.989258 0.58934814 0.80789465 -0.005630253 26.16101 0.040356725 -0.022472436 0.9989328 3.6116943
0.8021087 -0.5954279 -0.047126837 58.857178 0.5957968 0.80318564 -0.0073227156 26.805298 0.04220963 -0.022204373 0.99886155 3.6732178
0.7985406 -0.60013753 -0.047346737 59.725586 0.6004521 0.79965836 -0.008862262 27.46167 0.04317501 -0.021353649 0.9988388 3.7248535
0.79272467 -0.6078989 -0.045166217 60.590088 0.6081676 0.79375213 -0.009113076 28.134888 0.041390263 -0.02024198 0.9989381 3.7658691
0.78976506 -0.6118783 -0.044567 61.450195 0.6121432 0.7907647 -0.009028961 28.800537 0.04076505 -0.020143077 0.998966 3.826294
0.7838653 -0.6192794 -0.04497567 62.311768 0.6195439 0.784889 -0.009479794 29.487305 0.04117203 -0.02043903 0.99894285 3.8861084
0.77816635 -0.6263222 -0.045702524 63.166748 0.6265301 0.77925694 -0.011405122 30.187744 0.042756595 -0.019764692 0.99888986 3.9378662
0.773952 -0.63170695 -0.04496982 64.02051 0.6318673 0.7750287 -0.012358588 30.884766 0.04265649 -0.01885249 0.99891156 3.9925537
0.767458 -0.6395403 -0.045945868 64.87427 0.6396537 0.7686085 -0.014113468 31.601685 0.04433985 -0.018556686 0.9988441 4.0494385
0.76192945 -0.64609754 -0.045793977 65.71631 0.64614886 0.7630998 -0.015662175 32.314697 0.0450635 -0.017646438 0.9988287 4.1036377
0.75500447 -0.6542258 -0.044892453 66.56128 0.65418196 0.756169 -0.01770586 33.04834 0.045525823 -0.016000774 0.99883485 4.162842
0.74994946 -0.6600067 -0.043159407 67.40869 0.6599539 0.7510335 -0.017493859 33.796753 0.04395835 -0.01537066 0.9989149 4.218628
0.7436178 -0.6673666 -0.041130766 68.243164 0.6672585 0.74462616 -0.018311726 34.545044 0.042848524 -0.013827794 0.9989858 4.2767334
0.7367665 -0.6748702 -0.040905986 69.07788 0.67471415 0.73778343 -0.019589948 35.309937 0.043402594 -0.013164275 0.99897116 4.3311768
0.7317117 -0.6803431 -0.04214195 69.90088 0.68012166 0.7328116 -0.02159356 36.0885 0.045576464 -0.012863283 0.99887794 4.3951416
0.72576433 -0.6866134 -0.042661868 70.730225 0.6863969 0.7268931 -0.021854818 36.875 0.0460144 -0.013420746 0.9988505 4.4505615
0.7204116 -0.69233155 -0.041591927 71.54907 0.69217336 0.72147393 -0.02041504 37.678955 0.044146426 -0.014081581 0.9989259 4.5058594
0.7154703 -0.6973552 -0.041913874 72.36841 0.6972379 0.7165381 -0.019773018 38.48047 0.043822587 -0.015073486 0.9989258 4.5637207
0.71024317 -0.70263416 -0.042671647 73.18335 0.7024588 0.71137184 -0.021507608 39.30481 0.04546612 -0.014697341 0.9988578 4.6312256
0.7050945 -0.707599 -0.044811957 74.004395 0.70737857 0.70635194 -0.023330731 40.12671 0.04816832 -0.015244456 0.99872345 4.6833496
0.7006436 -0.7120041 -0.046920568 74.816895 0.7117426 0.7020338 -0.02500213 40.95166 0.050734155 -0.015880328 0.99858534 4.746582
0.69550765 -0.71681875 -0.047437847 75.623535 0.71654344 0.69693595 -0.02561737 41.79431 0.051430855 -0.016183054 0.99854535 4.8170166
0.6900966 -0.72231895 -0.045181237 76.43555 0.722029 0.6914099 -0.02541247 42.64746 0.049599864 -0.015089006 0.9986552 4.8793945
0.68651557 -0.72577566 -0.04351116 77.24536 0.72544974 0.68775356 -0.025798043 43.510376 0.04864584 -0.013856705 0.99871975 4.9455566
0.6805019 -0.7315102 -0.043616667 78.049805 0.73116606 0.68175626 -0.026403727 44.380005 0.04904972 -0.013921514 0.99869925 5.0144043
0.67757565 -0.73403865 -0.04306678 78.8584 0.73362607 0.67882234 -0.027744401 45.24951 0.049603492 -0.012802022 0.99868685 5.0733643
0.671564 -0.7396753 -0.04154301 79.65015 0.73925334 0.6727393 -0.027748622 46.1333 0.048477378 -0.012081068 0.99875116 5.138794
0.6678146 -0.7432359 -0.040413756 80.45264 0.74271077 0.6689595 -0.02973054 47.029663 0.049128205 -0.010165453 0.99874026 5.2059326
0.6654724 -0.7454266 -0.038285825 81.249756 0.7447387 0.6665384 -0.032715086 47.92212 0.04991131 -0.0067384453 0.99873126 5.274414
0.65977603 -0.7505597 -0.038610317 82.03223 0.7496727 0.660889 -0.036783956 48.835205 0.05311436 -0.0046813106 0.99857664 5.3409424
0.6557856 -0.7539623 -0.035925284 82.82886 0.7528423 0.6567688 -0.041089684 49.74341 0.05457599 -0.000102072954 0.9985095 5.4073486
0.6508439 -0.7585444 -0.031043466 83.63013 0.7571842 0.65155256 -0.045848534 50.659912 0.05500985 0.00633954 0.9984661 5.4820557
0.6406687 -0.7673273 -0.02749592 84.4187 0.7657865 0.6411664 -0.0498091 51.58618 0.055845954 0.010860421 0.99838054 5.5563965
0.6331186 -0.77368325 -0.024098536 85.194824 0.7721221 0.6334292 -0.05098759 52.521973 0.054719113 0.0136741195 0.9984083 5.635132
0.6240404 -0.7812014 -0.020474313 85.96948 0.77975005 0.62419116 -0.04996868 53.485107 0.051807728 0.015214067 0.9985409 5.699341
0.6147264 -0.7885244 -0.019764483 86.72754 0.7871083 0.6148639 -0.049523346 54.4563 0.05120388 0.0148882065 0.99857736 5.777466
0.60670376 -0.7946088 -0.021842744 87.46704 0.7931351 0.6069559 -0.050113034 55.442383 0.05307667 0.013083432 0.998505 5.8476562
0.5958023 -0.8028609 -0.021315213 88.204834 0.80121917 0.5960016 -0.053390495 56.434326 0.05556515 0.01473108 0.99834627 5.9194336
0.58586055 -0.8100484 -0.021995358 88.937256 0.8083632 0.5861085 -0.054041978 57.441895 0.056675173 0.013887212 0.9982966 5.9937744
0.5768579 -0.8165533 -0.018090324 89.66626 0.8148485 0.5768832 -0.055492204 58.463623 0.0557553 0.017265894 0.99829507 6.0668945
0.5657048 -0.82433933 -0.015220741 90.378174 0.82269514 0.5655972 -0.05533766 59.491943 0.054235 0.018794216 0.99835217 6.1430664
0.55478156 -0.8318456 -0.014296882 91.07202 0.8301886 0.5546367 -0.055851784 60.53369 0.054387502 0.019110685 0.9983367 6.2230225
0.5462321 -0.83746076 -0.014669377 91.76172 0.8357634 0.546114 -0.05643767 61.584717 0.055271335 0.018563673 0.9982986 6.29541
0.5356923 -0.8441861 -0.015979165 92.43677 0.84239227 0.5356463 -0.057715125 62.650635 0.057279896 0.01745648 0.9982055 6.3726807
0.52717453 -0.84968334 -0.017245429 93.09424 0.8478838 0.52722377 -0.057455935 63.724854 0.05789858 0.015677674 0.9981998 6.461426
0.5155035 -0.8567127 -0.01762695 93.74292 0.8548711 0.51558995 -0.058077253 64.81177 0.058851164 0.014874374 0.9981563 6.539551
0.50789964 -0.8613153 -0.016852316 94.387695 0.85962844 0.5079929 -0.05560408 65.90869 0.056451585 0.013753807 0.99831057 6.618164
0.49886522 -0.8665223 -0.013232002 95.02783 0.8649664 0.49879727 -0.05420424 67.0061 0.05356356 0.015595917 0.9984426 6.6968994
0.49180043 -0.87070125 -0.01270788 95.650635 0.8691678 0.49172154 -0.05391541 68.123535 0.0531846 0.0154657625 0.99846464 6.7751465
0.48339832 -0.87534106 -0.012357629 96.26929 0.8736183 0.48325846 -0.057445426 69.24121 0.056259718 0.016964188 0.9982716 6.8564453
0.4791784 -0.8776737 -0.011136285 96.88721 0.87579 0.47891912 -0.060624704 70.3584 0.058541372 0.019296778 0.9980985 6.937134
0.46969214 -0.88266605 -0.009751224 97.4917 0.8805716 0.46929073 -0.06452803 71.49365 0.06155048 0.021714283 0.9978675 7.0185547
0.4653863 -0.8849798 -0.00912719 98.08765 0.88267815 0.4648773 -0.06801746 72.61719 0.06443903 0.02360148 0.9976428 7.107788
0.46118435 -0.8873703 -0.0072697555 98.67944 0.88511163 0.46056756 -0.06800188 73.7605 0.06368638 0.024926983 0.9976586 7.20166
0.45707247 -0.88946146 -0.0032333492 99.27075 0.88742095 0.4562654 -0.0661258 74.90112 0.060284432 0.02734026 0.9978057 7.2926025
0.45447737 -0.890749 0.0024492352 99.857666 0.8889755 0.45339587 -0.06437028 76.03125 0.056227937 0.031427983 0.9979229 7.378296
0.44996995 -0.89308244 0.0044012796 100.43115 0.8914492 0.4488379 -0.062864535 77.16797 0.054152537 0.0322057 0.9980128 7.470459
0.44775096 -0.8942181 0.0066552665 101.00635 0.8926492 0.4464961 -0.06299633 78.29883 0.05336439 0.034147378 0.997991 7.5515137
0.44527492 -0.89531964 0.008987117 101.56006 0.8939 0.44394976 -0.06164243 79.43115 0.051201258 0.035487745 0.9980579 7.631836
0.44353887 -0.8963143 0.011623728 102.11792 0.8949972 0.44208938 -0.06145715 80.54956 0.04994762 0.037663244 0.99804145 7.709839
0.44149405 -0.8970586 0.013481891 102.668945 0.8957521 0.4399098 -0.06262413 81.66797 0.050248202 0.039736144 0.9979465 7.7906494
0.4384909 -0.8986718 0.016169457 103.21118 0.89747894 0.4367849 -0.062431127 82.77466 0.049039897 0.04189471 0.9979183 7.8623047
0.43545336 -0.8998853 0.020570341 103.74658 0.89894533 0.433605 -0.060996212 83.8811 0.04596797 0.045049474 0.99792635 7.9349365
0.4354853 -0.89991516 0.023230579 104.2793 0.8991027 0.43352115 -0.06089248 84.98218 0.044715866 0.047394626 0.99787444 8.010498
0.43292704 -0.90095633 0.024922851 104.80005 0.90020955 0.4308784 -0.061112054 86.05664 0.04432928 0.048881765 0.9978194 8.080322
0.4324336 -0.9012679 0.026133757 105.31299 0.9004922 0.43023205 -0.0630796 87.127686 0.045615993 0.05081144 0.9976659 8.151001
0.43243197 -0.9013974 0.026352458 105.826416 0.9006048 0.43018878 -0.06368959 88.191895 0.046079285 0.05127151 0.9976209 8.225586
0.4334467 -0.9008125 0.024568338 106.31763 0.8998764 0.43122602 -0.064884305 89.23584 0.04786197 0.050243486 0.99759 8.296265
0.4339123 -0.9006419 0.022149585 106.81348 0.89960593 0.4318271 -0.06450812 90.28784 0.048531163 0.047916014 0.99767166 8.364746
0.4379819 -0.8987325 0.019971047 107.30542 0.8975929 0.43598875 -0.06472467 91.313965 0.04945413 0.04627801 0.997704 8.435547
0.44409877 -0.8958662 0.017652813 107.79468 0.89463514 0.4422145 -0.06468265 92.33716 0.050140023 0.044497397 0.99774915 8.506348
0.44971097 -0.89312065 0.016080692 108.30542 0.89185756 0.44791824 -0.064211875 93.356445 0.050139707 0.043225717 0.9978069 8.578003
0.45757586 -0.8890996 0.015371377 108.802 0.8878998 0.45587462 -0.06263371 94.35327 0.04867936 0.042320542 0.9979183 8.647583
0.4641048 -0.8856843 0.014786479 109.31323 0.88453114 0.46247643 -0.061395727 95.34839 0.047522623 0.04156723 0.99800473 8.712769
0.47359455 -0.8807237 0.013994544 109.83911 0.8795512 0.47198743 -0.061466172 96.3457 0.04752855 0.04140673 0.9980106 8.777222
0.48227057 -0.8760746 0.012954931 110.36743 0.87491316 0.4807338 -0.06066519 97.32349 0.04691456 0.040584616 0.99807376 8.840332
0.49426335 -0.8694175 0.0108153885 110.91162 0.86815137 0.49277848 -0.061493307 98.29736 0.048127335 0.03977653 0.9980485 8.905273
0.50367534 -0.86384946 0.007186752 111.44849 0.86243784 0.50233644 -0.061930884 99.24707 0.049897753 0.037396744 0.99805415 8.972778
0.5144111 -0.8573579 0.0032465523 112.00073 0.8558174 0.5132521 -0.061980568 100.194336 0.05148784 0.0346657 0.99807185 9.038208
0.52700204 -0.8499056 0.0011062147 112.57568 0.8484216 0.52600384 -0.059760503 101.13989 0.050218012 0.032430787 0.9982114 9.101807
0.53826785 -0.8428617 3.2937154e-05 113.15674 0.8414601 0.5373715 -0.057660323 102.06152 0.048570238 0.0310522 0.99833614 9.1698
0.5515121 -0.8341419 0.00012028124 113.75757 0.8328185 0.55062866 -0.056393936 102.98584 0.04697691 0.03120763 0.99840856 9.233765
0.56272626 -0.82664543 -0.00020235498 114.355225 0.82537806 0.5618775 -0.055211555 103.8833 0.045753777 0.030896384 0.9984745 9.295288
0.57378733 -0.8189205 -0.0012565013 114.965576 0.81763595 0.5729715 -0.055130716 104.76636 0.045877323 0.03061102 0.9984781 9.354126
0.5860094 -0.8101572 -0.0026401489 115.586914 0.80881983 0.585223 -0.05562285 105.64038 0.04661656 0.0304657 0.99844843 9.418579
0.5958983 -0.8032035 -0.002071587 116.21338 0.8017759 0.594989 -0.05812022 106.4834 0.04790395 0.03297066 0.9983074 9.477173
0.60718924 -0.7947086 -0.0027478659 116.85083 0.7933109 0.6063188 -0.057292692 107.32471 0.04719441 0.032610957 0.9983533 9.543457
0.6174987 -0.786544 -0.0023851495 117.49194 0.78523594 0.6166412 -0.055865314 108.15161 0.045407362 0.032627735 0.99843585 9.602905
0.62647015 -0.7794093 -0.0003293967 118.130615 0.77829957 0.6256002 -0.05308148 108.961914 0.041584667 0.03300061 0.99858993 9.658203
0.6375599 -0.7703809 -0.00053756754 118.789795 0.76935434 0.6367459 -0.051157467 109.760254 0.039763253 0.03220018 0.9986898 9.72168
0.64717066 -0.76229197 -0.0041379444 119.42529 0.76119906 0.64651555 -0.050295368 110.53027 0.041019324 0.029402532 0.99872565 9.776123
0.6560742 -0.7547297 -0.006372768 120.07861 0.7536102 0.65551937 -0.049562216 111.30005 0.04158317 0.027715418 0.9987506 9.8220215
0.66687095 -0.74511766 -0.0077105723 120.74487 0.7440103 0.6663827 -0.04856405 112.04761 0.041330807 0.026646307 0.99879 9.879395
0.67462456 -0.7380477 -0.006691318 121.40381 0.7370327 0.67412394 -0.047099993 112.77905 0.039268613 0.026845291 0.9988683 9.933472
0.68365246 -0.72977793 -0.005385177 122.07471 0.728882 0.6831453 -0.0450542 113.50513 0.03655257 0.02688148 0.9989705 9.981567
0.6913766 -0.72232753 -0.004758884 122.74634 0.7214877 0.69086343 -0.044102244 114.2124 0.035149768 0.027056124 0.99901575 10.032593
0.6980283 -0.71597815 -0.006051396 123.40576 0.71516025 0.69759107 -0.042632986 114.89575 0.03475023 0.025433872 0.99907255 10.082642
0.7074246 -0.70689005 -0.0066104 124.08911 0.7061065 0.7070271 -0.041387595 115.58301 0.033926554 0.024615375 0.99912137 10.127075
0.71359223 -0.7004096 -0.0052556074 124.75781 0.6997565 0.7132158 -0.03847318 116.24902 0.030691998 0.023775738 0.9992462 10.168335
0.7211399 -0.69284505 -0.004268584 125.43115 0.6922843 0.7207794 -0.036251906 116.90991 0.028196618 0.023188896 0.99933344 10.213623
0.729643 -0.6838419 -0.004407569 126.10449 0.6833321 0.72932124 -0.03443873 117.55762 0.026763037 0.022114286 0.9993971 10.250122
0.7348228 -0.67813855 -0.004461544 126.76294 0.67767346 0.7345344 -0.032773256 118.17139 0.025508499 0.021061383 0.99945277 10.295532
0.7427446 -0.66950643 -0.005905106 127.430176 0.6690691 0.74252975 -0.030651025 118.785645 0.024906816 0.018814543 0.9995128 10.3220215
0.75232273 -0.65879864 -0.00409333 128.11304 0.65848523 0.7521313 -0.02679098 119.38281 0.020727115 0.017462377 0.9996328 10.358276
0.7611847 -0.6484784 -0.0036382452 128.77588 0.64823854 0.76103485 -0.02351068 119.95972 0.018011859 0.015538508 0.9997172 10.38855
0.7718538 -0.63582987 -0.004246086 129.45728 0.63562804 0.77174854 -0.020909648 120.52832 0.01656939 0.01343941 0.9997724 10.4210205
0.7814614 -0.6238542 -0.00546129 130.11084 0.62364614 0.7813796 -0.02042775 121.063965 0.017013025 0.01255938 0.9997765 10.445068
0.7910003 -0.61177063 -0.0078036343 130.78809 0.6115374 0.7909581 -0.020317648 121.593506 0.018601758 0.011299453 0.9997632 10.473267
0.8008199 -0.5988831 -0.00825179 131.479 0.59867394 0.8007988 -0.018776715 122.1167 0.01785229 0.010097984 0.9997897 10.497559
0.81027025 -0.58612597 -0.0071736206 132.15845 0.5859593 0.81024665 -0.016885424 122.61865 0.015707921 0.0094786845 0.99983174 10.522705
0.82052606 -0.5715366 -0.0050998772 132.8706 0.5714167 0.8204881 -0.0150193535 123.11548 0.01276806 0.009407596 0.9998742 10.543335
0.8299191 -0.5580684 -0.0033786548 133.55957 0.55798197 0.82987297 -0.013590533 123.59326 0.010385685 0.009394103 0.99990195 10.562988
0.83809114 -0.5455012 -0.00091923145 134.27368 0.545457 0.8380426 -0.011421175 124.06055 0.0070031 0.009070539 0.9999344 10.578247
0.84591436 -0.5334024 0.00092441496 135.00244 0.53337926 0.8458588 -0.010946298 124.51611 0.005055267 0.009752054 0.99993974 10.600098
0.85341007 -0.5213397 0.0028591042 135.71362 0.52133775 0.8533479 -0.010787733 124.95874 0.0031820252 0.01069689 0.99993783 10.61499
0.859425 -0.51113445 0.0027336988 136.44629 0.51113087 0.8593598 -0.011108337 125.39551 0.0033298796 0.010944323 0.9999346 10.625244
0.8665784 -0.4990708 0.0019506076 137.19678 0.49906737 0.8665383 -0.008775055 125.83374 0.0026897364 0.008577275 0.99995965 10.640747
0.87262326 -0.48833117 0.0016476905 137.93164 0.48833016 0.87259865 -0.006842327 126.25488 0.0019044532 0.0067754234 0.99997526 10.648193
0.87900895 -0.4768263 0.0012449892 138.68604 0.47682527 0.87899214 -0.005684193 126.67139 0.0016156062 0.0055903443 0.99998313 10.650879
0.88429266 -0.4669496 0.0015080967 139.44165 0.46694982 0.88427407 -0.0059359493 127.08496 0.0014379881 0.005953498 0.9999813 10.661987
0.88963085 -0.4566786 0.00076152943 140.21387 0.4566728 0.8896083 -0.0068006935 127.46826 0.0024285247 0.0063979058 0.99997663 10.675171
0.894001 -0.44807205 0.00025433768 140.99634 0.44806373 0.89398056 -0.0066464962 127.86401 0.0027507523 0.0060559297 0.9999778 10.682983
0.8970698 -0.44192484 0.0005533674 141.76709 0.4419196 0.8970516 -0.006150767 128.25977 0.0022209904 0.0057624355 0.99998087 10.689819
0.9000907 -0.43569294 0.0033214956 142.57227 0.4357038 0.90008265 -0.00403842 128.65161 -0.0012301612 0.005082382 0.9999863 10.702148
0.9033725 -0.4287969 0.0067294207 143.38257 0.4288109 0.90339077 -0.0007171226 129.03369 -0.005771586 0.0035332034 0.9999771 10.700317
0.9056919 -0.42383355 0.00940198 144.20898 0.42382696 0.9057394 0.002782676 129.43262 -0.009695653 0.0014639529 0.9999519 10.699219
0.9093483 -0.41581658 0.010476941 145.03857 0.4157848 0.9094087 0.005149795 129.81909 -0.011669526 -0.00032588933 0.9999318 10.696655
0.91235715 -0.40925723 0.012459193 145.88892 0.40919104 0.91244036 0.0075800274 130.21411 -0.014470406 -0.0018193536 0.9998936 10.6875
0.9153573 -0.40246156 0.014762983 146.7583 0.402372 0.915474 0.008734347 130.58936 -0.017029911 -0.0020566601 0.99985284 10.678955
0.91884226 -0.39423442 0.017132947 147.63965 0.39413816 0.9190011 0.008818496 130.9707 -0.0192216 -0.0013481621 0.9998142 10.669922
0.92184454 -0.3871931 0.017889852 148.53467 0.38709018 0.92201704 0.009039187 131.34863 -0.01999347 -0.0014080241 0.9997991 10.6604
0.9253235 -0.37871352 0.018099988 149.43237 0.378626 0.9255 0.008178433 131.72827 -0.01984989 -0.0007165018 0.9998028 10.640625
0.92941105 -0.3686008 0.018472167 150.36963 0.3685449 0.92959416 0.0064691883 132.09473 -0.019556446 0.0007937037 0.99980855 10.63623
0.9331457 -0.35907072 0.01732506 151.30078 0.359055 0.9333034 0.004114619 132.45288 -0.017646804 0.002380562 0.9998415 10.614868
0.93738544 -0.34792405 0.015754506 152.25171 0.3479144 0.937515 0.0034367605 132.81445 -0.015965803 0.0022620708 0.9998699 10.605835
0.9423874 -0.33422473 0.014478073 153.24023 0.33417833 0.9424985 0.005584535 133.16943 -0.0155122895 -0.00042446097 0.9998796 10.593872
0.9477979 -0.31849197 0.014104435 154.20679 0.3183898 0.9478939 0.0090398565 133.52197 -0.016249156 -0.0040757232 0.99985963 10.57959
0.9539377 -0.29961672 0.016408913 155.2168 0.2994304 0.95405006 0.012888409 133.84717 -0.01951558 -0.007382407 0.9997824 10.565186
0.96004534 -0.2792069 0.01781065 156.27393 0.27893883 0.96015275 0.016138239 134.15259 -0.021607747 -0.010525422 0.99971116 10.55127
0.96585524 -0.2583635 0.018502252 157.302 0.25803214 0.9659433 0.018526593 134.44849 -0.022659946 -0.013118803 0.9996571 10.536987
0.97126806 -0.23719412 0.01973675 158.35962 0.23681305 0.9713588 0.019841922 134.72949 -0.023878135 -0.014598716 0.9996082 10.5147705
0.97649187 -0.2143735 0.022770824 159.45679 0.21390349 0.9766256 0.021413743 134.98047 -0.026828159 -0.016040111 0.9995113 10.496094
0.9812495 -0.19091865 0.026088532 160.57153 0.19033925 0.98143566 0.023158904 135.2085 -0.030026365 -0.017757894 0.9993914 10.469116
0.98497915 -0.16987169 0.030941293 161.68652 0.16914177 0.98527634 0.0248698 135.40967 -0.034711435 -0.019263906 0.9992119 10.446777
0.988494 -0.14732382 0.03421343 162.81445 0.14644709 0.9888508 0.026867358 135.5918 -0.03779146 -0.021548089 0.9990534 10.411255
0.9916228 -0.12451629 0.03440415 163.94873 0.12356811 0.99193037 0.02843923 135.75269 -0.03766731 -0.023949888 0.9990031 10.375
0.99396825 -0.10466228 0.032795765 165.10718 0.103769645 0.99421304 0.027836692 135.89062 -0.03551904 -0.024266174 0.9990744 10.34436
0.9961646 -0.08137582 0.032212973 166.27832 0.08042859 0.99632037 0.029679133 135.99463 -0.034508955 -0.026974846 0.9990401 10.304199
0.99751776 -0.061144166 0.034913704 167.46997 0.060182128 0.9977948 0.027975032 136.07715 -0.036547467 -0.0258044 0.99899894 10.269897
0.9984306 -0.042153016 0.036881745 168.66504 0.041160826 0.9987807 0.027260402 136.14844 -0.03798592 -0.025700005 0.9989479 10.23584
0.99908906 -0.019287447 0.038075514 169.8916 0.018263895 0.99946713 0.027058264 136.19507 -0.038577083 -0.026338292 0.99890894 10.196411
0.9992436 0.00049110927 0.03888222 171.10791 -0.001613552 0.9995827 0.028841993 136.19897 -0.03885182 -0.028882926 0.9988275 10.158569
0.9989879 0.020272333 0.04015144 172.34668 -0.021465259 0.9993343 0.029506743 136.19043 -0.039526675 -0.0303387 0.9987578 10.117676
0.99834365 0.04145915 0.039878175 173.60718 -0.042744458 0.9985754 0.031927824 136.15015 -0.038497336 -0.033579938 0.99869394 10.071533
0.9973829 0.060565215 0.03946957 174.875 -0.061909474 0.99750984 0.0337681 136.09692 -0.037325907 -0.03612407 0.9986498 10.034058
0.99593896 0.08173311 0.037703123 176.14429 -0.08299876 0.99599 0.033330776 136.00659 -0.034827035 -0.036325186 0.9987333 9.995605
0.99431956 0.100072294 0.036249448 177.40747 -0.10133198 0.99424577 0.034757823 135.89404 -0.03256351 -0.038234446 0.9987382 9.952881
0.992201 0.11941663 0.03568904 178.73193 -0.12069866 0.9920256 0.036243398 135.74341 -0.031076752 -0.04026813 0.99870604 9.915894
0.98985344 0.13805826 0.03367368 180.03613 -0.13928299 0.9895544 0.03721727 135.58032 -0.028183103 -0.04152933 0.9987394 9.884155
0.9870109 0.15807237 0.028753877 181.37988 -0.1590947 0.9865482 0.037637066 135.39209 -0.022419337 -0.04172332 0.9988779 9.851196
0.9838965 0.17711365 0.023692753 182.70801 -0.17795913 0.9832035 0.040308703 135.18042 -0.016154697 -0.043876357 0.9989067 9.840942
0.98099333 0.19312821 0.019192716 184.01514 -0.19379358 0.9801131 0.042862616 134.93018 -0.01053422 -0.045766577 0.9988965 9.81665
0.9774297 0.21063823 0.01628739 185.3601 -0.2111718 0.97639596 0.045381073 134.66968 -0.006342508 -0.047796074 0.9988366 9.817017
0.973046 0.23008536 0.014906216 186.69727 -0.23053977 0.97189885 0.047376722 134.37134 -0.0035854978 -0.049536966 0.9987661 9.812988
0.96892923 0.24679661 0.015922116 188.03442 -0.24728069 0.9677941 0.047043886 134.04614 -0.0037978748 -0.049520984 0.99876595 9.813477
0.96419567 0.26475704 0.014974142 189.40039 -0.26516965 0.9631196 0.045602854 133.68457 -0.0023474833 -0.04794025 0.9988474 9.8203125
0.9592306 0.2824158 0.010815988 190.74658 -0.2826104 0.9581239 0.046152666 133.31177 0.002667897 -0.047328964 0.99887633 9.835449
0.9543607 0.2985599 0.007998123 192.09619 -0.29859605 0.95320976 0.047309197 132.90918 0.0065002535 -0.047537036 0.9988482 9.846313
0.94858325 0.31644046 0.008519575 193.4541 -0.3164719 0.94737345 0.04843531 132.47388 0.0072557135 -0.048640285 0.9987898 9.857788
0.9429159 0.33284664 0.009654934 194.8247 -0.33289143 0.9415572 0.05123123 132.0149 0.007961997 -0.051521715 0.9986404 9.880005
0.93647444 0.35059607 0.0085421465 196.15771 -0.35052568 0.9349632 0.054310076 131.54688 0.011059137 -0.053853735 0.9984871 9.895996
0.9300025 0.36746258 0.006671584 197.48975 -0.3672418 0.92842776 0.05597508 131.04028 0.014376709 -0.05450685 0.99840975 9.927246
0.9225383 0.3859425 0.0044907564 198.8789 -0.38556272 0.92097163 0.056581516 130.4751 0.017697314 -0.053930357 0.99838805 9.953125
0.9154721 0.4024299 0.00014668098 200.21045 -0.40177795 0.91396755 0.057243414 129.91675 0.022899922 -0.052464772 0.9983602 10.0008545
0.9069354 0.42119396 -0.0029158941 201.52808 -0.42028132 0.90538496 0.059892803 129.33301 0.02786791 -0.05309399 0.998201 10.04895
0.89634705 0.44327104 -0.00413105 202.87915 -0.4421618 0.89469105 0.06296292 128.70288 0.03161259 -0.05460877 0.998007 10.101807
0.88380915 0.4677803 -0.0037373784 204.2268 -0.466549 0.88200927 0.06590561 128.01367 0.03412656 -0.056505933 0.99781936 10.1571045
0.8706066 0.4919417 -0.0034556938 205.5542 -0.49051335 0.86857265 0.07035446 127.299805 0.037624404 -0.059555538 0.9975146 10.226807
0.85579634 0.5172251 -0.0023182766 206.86938 -0.51565164 0.8535256 0.07422322 126.569824 0.0403873 -0.062323615 0.99723727 10.286987
0.8412665 0.5408241 -0.0021952922 208.12646 -0.53906184 0.83883965 0.077356495 125.80298 0.043662205 -0.063889176 0.99700063 10.358765
0.826196 0.5634145 -0.0021263296 209.43066 -0.5615291 0.8237272 0.07874965 124.96948 0.04610891 -0.06387608 0.99689347 10.441528
0.8084813 0.588517 -0.0019873667 210.6687 -0.58647895 0.8059522 0.08050504 124.100586 0.048985183 -0.06392572 0.9967518 10.518921
0.7934581 0.6086197 -0.0045726504 211.90503 -0.6062797 0.7910219 0.08198871 123.210205 0.05352453 -0.06228752 0.99662197 10.610107
0.7767217 0.62976384 -0.0068947435 213.11499 -0.62709147 0.7743471 0.08420485 122.27466 0.0583697 -0.06108389 0.99642503 10.711426
0.7588349 0.6513272 -0.008820855 214.28125 -0.6483399 0.7565248 0.08637077 121.31885 0.06292014 -0.059818346 0.9962237 10.806885
0.7425897 0.66961664 -0.009782897 215.43433 -0.6664509 0.74035484 0.08741657 120.332275 0.06577836 -0.05840275 0.99612486 10.914307
0.72746336 0.68608487 -0.010692078 216.6101 -0.6828204 0.72536343 0.08738115 119.27515 0.06769785 -0.056269832 0.99611855 11.02771
0.7102247 0.70396096 -0.011393207 217.73169 -0.7005519 0.708212 0.08815862 118.19458 0.07012286 -0.054631878 0.99604124 11.146484
0.69530195 0.7185103 -0.013077945 218.80518 -0.7149635 0.69347525 0.08829848 117.11963 0.07250813 -0.052057985 0.99601036 11.26416
0.68070924 0.7323461 -0.015719244 219.86743 -0.72849405 0.67906004 0.09008025 116.029785 0.0766625 -0.04987763 0.99580973 11.393188
0.6663859 0.7453458 -0.017530892 220.91699 -0.74117434 0.66483366 0.09257753 114.916016 0.08068201 -0.0486951 0.9955491 11.525269
0.649796 0.7599144 -0.018207073 221.9375 -0.755556 0.64832324 0.09407228 113.76245 0.08328389 -0.04737185 0.99539924 11.653809
0.63372713 0.77335095 -0.017594151 222.93237 -0.7689298 0.63225985 0.094785266 112.586426 0.08443521 -0.046543323 0.9953418 11.804443
0.6178089 0.78618366 -0.015165977 223.95044 -0.7817533 0.61617476 0.09586382 111.3833 0.08472837 -0.04737797 0.9952778 11.945068
0.6005912 0.79951733 -0.0100404555 224.87915 -0.7952068 0.5985712 0.09692471 110.17969 0.08350962 -0.050217554 0.99523956 12.084961
0.5814094 0.81345266 -0.005613733 225.8164 -0.80930877 0.5791173 0.09705204 108.94214 0.08220563 -0.051888254 0.99526435 12.227173
0.56605864 0.82442045 -0.0012188845 226.71924 -0.8203344 0.5633977 0.098613836 107.72485 0.08199273 -0.05482259 0.9951239 12.379272
0.5461253 0.83776385 0.0008893943 227.54785 -0.8334631 0.5432125 0.10178623 106.484375 0.08478933 -0.056335904 0.99480575 12.523315
0.52817935 0.84922975 0.00444292 228.36182 -0.84477925 0.5248611 0.10513911 105.23999 0.08693512 -0.05928773 0.99444854 12.671509
0.5075468 0.8615063 0.0072729615 229.14941 -0.85721743 0.5041393 0.10426465 103.99609 0.086175404 -0.059157323 0.9945223 12.824707
0.48797888 0.872665 0.011304415 229.89624 -0.8686185 0.48437876 0.10332931 102.72705 0.08469846 -0.060243778 0.99458385 12.972656
0.46826547 0.88357234 0.014050112 230.5791 -0.8797973 0.46465716 0.10108744 101.46265 0.0827823 -0.05969196 0.994778 13.11792
0.44593042 0.89481956 0.018162789 231.26709 -0.8913422 0.4421814 0.099368565 100.17212 0.08087635 -0.06050927 0.9948867 13.262939
0.42302614 0.90583795 0.019219758 231.90942 -0.9024331 0.41935545 0.098104484 98.888916 0.080788985 -0.05886318 0.9949933 13.400269
0.40261513 0.9150386 0.021418827 232.49805 -0.9117233 0.39887506 0.09753133 97.620605 0.08070314 -0.058786202 0.99500215 13.536011
0.3802215 0.92447937 0.021950014 233.05933 -0.92123294 0.37660527 0.09599666 96.321045 0.08049839 -0.056757063 0.99514043 13.670288
0.35954836 0.9329501 0.020549165 233.59424 -0.92953575 0.3561133 0.096129894 95.028564 0.08236805 -0.053682383 0.9951569 13.807983
0.3363253 0.9413614 0.02005498 234.06812 -0.93786514 0.33303696 0.09577836 93.76074 0.08349914 -0.051014334 0.99520034 13.938721
0.31734595 0.9481544 0.019661522 234.52881 -0.9448112 0.31429663 0.092953615 92.45776 0.081975326 -0.048093084 0.99547505 14.0789795
0.29571903 0.95512116 0.019491153 234.93384 -0.9516849 0.2927546 0.093143746 91.18945 0.0832525 -0.04608674 0.99546176 14.206299
0.27554166 0.9610498 0.021719152 235.34326 -0.9572456 0.27223614 0.09788146 89.90796 0.08817663 -0.047785427 0.99496037 14.339233
0.25433508 0.96690303 0.023326615 235.71509 -0.9623885 0.25060114 0.105525576 88.65137 0.096193865 -0.04927636 0.9941415 14.476807
0.23702498 0.9712086 0.025684379 236.03711 -0.96592385 0.23273395 0.113622144 87.408936 0.10434505 -0.05170531 0.9931926 14.623779
0.21682386 0.9757494 0.030468263 236.35327 -0.9702384 0.2119379 0.11723863 86.15552 0.10794769 -0.05497352 0.99263495 14.776245
0.19447814 0.98036146 0.03403409 236.64307 -0.9748134 0.18926974 0.11832385 84.90332 0.10956142 -0.056171607 0.99239033 14.928223
0.17754826 0.9833046 0.03920621 236.88916 -0.9780021 0.17189053 0.11794444 83.66724 0.10922998 -0.05925852 0.9922457 15.083618
0.15729992 0.986547 0.04366503 237.12476 -0.98150736 0.15132174 0.11695304 82.41968 0.10874312 -0.061283834 0.992181 15.23938
0.13800558 0.9893824 0.045257226 237.3147 -0.98445284 0.1320273 0.115725644 81.19263 0.10849778 -0.060509752 0.9922514 15.390503
