1.000000000000000000e+00 -3.306050084167601550e-19 -2.270457535318767223e-19 -8.673617379884035472e-19 7.546676715296109287e-19 1.000000000000000000e+00 6.237773588823049983e-19 1.387778780781445676e-17 -3.447385680526250622e-20 4.770700176052009879e-20 1.000000000000000222e+00 5.551115123125782702e-17
9.999372824177577002e-01 -2.719558859374319494e-03 1.086726003408495893e-02 1.535994915753170070e-02 2.702537227583669873e-03 9.999951237748864186e-01 1.580786990483516860e-03 -1.188719730460174873e-02 -1.087150720517760481e-02 -1.551323298056413169e-03 9.999397418443128904e-01 3.007878943020673712e-01
9.998346042288004387e-01 -5.085961350966210041e-03 1.745339419316720847e-02 2.867048824434386897e-02 5.064290405939188451e-03 9.999863824019031844e-01 1.285012128849835188e-03 -1.602563127347128580e-02 -1.745969106327716416e-02 -1.196398134082636480e-03 9.998467174746739072e-01 5.907917282885093435e-01
9.997730408278924230e-01 -7.858725482617382255e-03 1.980862273470590865e-02 3.807414177829997193e-02 7.854124034077819214e-03 9.999691245098145664e-01 3.100533599568328080e-04 -1.997493535879543702e-02 -1.981044843916263468e-02 -1.544628789841878029e-04 9.998038856876839686e-01 8.952857412770538481e-01
9.997863889923087610e-01 -9.018433601527068785e-03 1.859888431525929045e-02 4.629243735107225338e-02 9.037958012820538484e-03 9.999587146296061713e-01 -9.661376423786391561e-04 -2.281436586043780745e-02 -1.858941038925323100e-02 1.133983125165137452e-03 9.998265774007294437e-01 1.200454861281337493e+00
9.998577810262869736e-01 -1.168472111428725708e-02 1.215809179106503747e-02 4.198603705134788117e-02 1.171312285121138205e-02 9.999287568385387681e-01 -2.268236725214531953e-03 -2.846573630797524790e-02 -1.213072085565417707e-02 2.410348487106318046e-03 9.999235451429869803e-01 1.519062975833239904e+00
9.999229077630467089e-01 -1.241581968927885776e-02 2.587168915599178873e-04 3.545030323279965007e-02 1.241676867962047091e-02 9.999146728631908010e-01 -4.061377174877429073e-03 -4.030771657640305761e-02 -2.082965272456896390e-04 4.064277648484592234e-03 9.999917116711261045e-01 1.844023086947559342e+00
9.998108182743097316e-01 -1.181350780441088773e-02 -1.545370860199397033e-02 1.163651849985803365e-02 1.175171279960908303e-02 9.999225931347072160e-01 -4.082982182733919767e-03 -4.902119944098548565e-02 1.550077512411852758e-02 3.900587755054747956e-03 9.998723038657941764e-01 2.173308563712308406e+00
9.993640167646659078e-01 -6.814025590001090982e-03 -3.500990944711068753e-02 -2.692177647085280956e-02 6.669886276985462215e-03 9.999687806352463015e-01 -4.233806169874175171e-03 -5.230536629410907634e-02 3.503766728536424763e-02 3.997670119381427530e-03 9.993782521568201904e-01 2.519972794952686002e+00
9.984840887825235933e-01 -2.884381353472668334e-03 -5.496033052447112099e-02 -7.142996639925795754e-02 2.605440473057595799e-03 9.999833561181147301e-01 -5.145961775261018688e-03 -5.413602395924339838e-02 5.497426399267353603e-02 4.994960725128922731e-03 9.984750156363187967e-01 2.874259322348771573e+00
9.971226289465138226e-01 -2.175803557241904121e-03 -7.578159951720628285e-02 -1.173915307441319583e-01 1.777446218568054948e-03 9.999842766214039891e-01 -5.324279288185721284e-03 -6.211162453374861891e-02 7.579199710462364292e-02 5.174293925171606807e-03 9.971107882377771015e-01 3.238180771080799492e+00
9.953300434324046098e-01 -4.039820259394038757e-03 -9.644266866240365499e-02 -1.716635934347451042e-01 3.528167913719930035e-03 9.999787926351750844e-01 -5.475013130972033494e-03 -6.630413663766805688e-02 9.646274432019653899e-02 5.109201891792479987e-03 9.953231615177173808e-01 3.615501481222435753e+00
9.931316926867372885e-01 -5.055386336562303455e-03 -1.168951764232053353e-01 -2.291447505113644312e-01 4.604397643925344993e-03 9.999808573905162312e-01 -4.127199139066559282e-03 -7.332654420408163398e-02 1.169138239092627901e-01 3.560570048942194362e-03 9.931359431173267804e-01 4.001584460929409559e+00
9.910067371816646542e-01 -3.152635184618036122e-03 -1.337667955932631270e-01 -3.092850500548030568e-01 2.798769035728525603e-03 9.999920966854969340e-01 -2.833019017299908023e-03 -8.085838124511104952e-02 1.337746888363889053e-01 2.433176989703371342e-03 9.910076563633991586e-01 4.397174740301415419e+00
9.885909768168591460e-01 -2.318469097847036548e-03 -1.506015103344030825e-01 -3.880381138057736878e-01 1.977839700568933493e-03 9.999951627022074518e-01 -2.411638527884347148e-03 -8.563997304813554534e-02 1.506063853418489751e-01 2.086254427588795594e-03 9.885907651592784617e-01 4.811913620493644572e+00
9.866616732710655757e-01 -2.528408762669185836e-03 -1.627191554583024002e-01 -4.774018670646180684e-01 2.112278353231322216e-03 9.999940667264445304e-01 -2.730015674258299500e-03 -9.267934065633665064e-02 1.627251065642071615e-01 2.349821636684448854e-03 9.866611678851805456e-01 5.232539376417644661e+00
9.844086010899598671e-01 -2.918559478695434677e-03 -1.758380759878609700e-01 -5.635880086700129077e-01 2.334193722733535811e-03 9.999910281537378598e-01 -3.529138651860553623e-03 -9.663134134941696318e-02 1.758468211894962940e-01 3.063631412631327797e-03 9.844066375409705749e-01 5.674973125921481731e+00
9.828014862378103844e-01 -5.846706747277141333e-03 -1.845598016887155801e-01 -6.518862753502647767e-01 5.006457557171514403e-03 9.999748592110753176e-01 -5.018886632685760733e-03 -1.124028372792578584e-01 1.845845135305141660e-01 4.008492105684288362e-03 9.828060253091712717e-01 6.122178543283695262e+00
9.814110953356108835e-01 -4.563130241666299262e-03 -1.918673896827637615e-01 -7.513341809333644594e-01 3.349558373218298590e-03 9.999723111741816162e-01 -6.648057927941182846e-03 -1.203264469777310802e-01 1.918924201935252316e-01 5.881760201144453290e-03 9.813992148738747145e-01 6.587483844947751521e+00
9.798724054750669321e-01 -4.434158578368344213e-03 -1.995914820551697444e-01 -8.624434230938605728e-01 2.657282013813358837e-03 9.999544379187140786e-01 -9.169485195375965195e-03 -1.214405276896040331e-01 1.996230654694583773e-01 8.454369002549236636e-03 9.798395279517391199e-01 7.063314506943895843e+00
9.784070734198758723e-01 -5.371709487317281699e-03 -2.065710900195615318e-01 -9.788485791223110466e-01 3.083124346694277474e-03 9.999302909217792079e-01 -1.139992164629147903e-02 -1.318786108469653939e-01 2.066179134916915072e-01 1.051709487950428304e-02 9.783554504853105849e-01 7.549922743011122428e+00
9.762578037408586873e-01 -9.512857139231018638e-03 -2.164386306566084273e-01 -1.093680484238943595e+00 6.820174433879581596e-03 9.998898153526316612e-01 -1.318656548964695051e-02 -1.416927045673557206e-01 2.165402443649825648e-01 1.139807142174698376e-02 9.762150971044776249e-01 8.055778921193773812e+00
9.747183733441366904e-01 -1.502743550321365695e-02 -2.229287772299438919e-01 -1.203405503300996715e+00 1.205304975301021986e-02 9.998193588857554603e-01 -1.469594919509166139e-02 -1.594108244441719280e-01 2.231093822341405075e-01 1.163743260783617339e-02 9.747233966725434851e-01 8.566993480942160843e+00
9.729963857564599694e-01 -1.562382378758997784e-02 -2.302682969296859228e-01 -1.332761102116993390e+00 1.223833832829145443e-02 9.997951453407696309e-01 -1.612202347983199627e-02 -1.808306812892173654e-01 2.304730469698313688e-01 1.286821727566876336e-02 9.729883289224543486e-01 9.090960327372300753e+00
9.708083483903074962e-01 -1.175265149833968487e-02 -2.395567429968311346e-01 -1.493189233871056842e+00 7.095937362922011965e-03 9.997690146640548781e-01 -2.029025834717548479e-02 -1.837253306856264645e-01 2.397398414180204329e-01 1.799856288475999017e-02 9.706674775675859790e-01 9.625594096207199968e+00
9.686991296094393800e-01 -9.390787784186354140e-03 -2.480618467110215775e-01 -1.653955156569880458e+00 3.706989680901425464e-03 9.997199881787481868e-01 -2.337227781857799044e-02 -1.988960558773738563e-01 2.482118606638602509e-01 2.172152745477934702e-02 9.684628416501368520e-01 1.017179575736266095e+01
9.663061290314556295e-01 -1.240389229091685801e-02 -2.570918567627960560e-01 -1.802420343723898810e+00 6.121592199635816911e-03 9.996631305859969840e-01 -2.522793131136507813e-02 -2.195447551171537670e-01 2.573181683355789673e-01 2.280429277286643783e-02 9.660566498063758445e-01 1.072907778450478489e+01
9.639707153542151907e-01 -1.383323418849761663e-02 -2.656669232339693432e-01 -1.966812461870480533e+00 6.863918574073307223e-03 9.996079321140839413e-01 -2.714359768319345861e-02 -2.466678274591492803e-01 2.659382922736781563e-01 2.434204224204740072e-02 9.636877118609247228e-01 1.130281130916752552e+01
9.620557928230858424e-01 -1.297456846160448089e-02 -2.724739680601201419e-01 -2.142132427466788780e+00 5.054556196169153817e-03 9.995448301877840613e-01 -2.973928130570979017e-02 -2.677808244994341891e-01 2.727357178771571689e-01 2.723407442748562723e-02 9.616835500009101034e-01 1.188751854546654307e+01
9.596375293970470510e-01 -1.226855283562567830e-02 -2.810467459265623691e-01 -2.328316267391801642e+00 3.092890409094931157e-03 9.994480193366626075e-01 -3.306850668087805978e-02 -2.886091832750440345e-01 2.812974514878088805e-01 3.086459260077469013e-02 9.591458789358157100e-01 1.247795411808821520e+01
9.578312336277050587e-01 -1.381303819326331304e-02 -2.869790882186589731e-01 -2.518257784660311138e+00 3.032456802752874370e-03 9.992741894695263971e-01 -3.797526264715130051e-02 -3.181640087914229253e-01 2.872953109399200566e-01 3.550376254791236946e-02 9.571779717163065859e-01 1.307785780169949597e+01
9.556969792992406898e-01 -1.502088851428755659e-02 -2.939719047461371582e-01 -2.714471937814300073e+00 1.708702579163948231e-03 9.989633482717590329e-01 -4.547823477051504693e-02 -3.558420931322295311e-01 2.943505543790325696e-01 4.296039900973975395e-02 9.547320293015593151e-01 1.369093953997740876e+01
9.545922905489827581e-01 -1.515076367974421342e-02 -2.976081644089299538e-01 -2.919609414726438423e+00 -8.617732985246569569e-04 9.985614179937817303e-01 -5.360935620445868993e-02 -3.905657147539959295e-01 2.979924672326026980e-01 5.143149028360004954e-02 9.532060236082673388e-01 1.431647365085490797e+01
9.538341049551072315e-01 -1.632073582890051361e-02 -2.999628508184614128e-01 -3.133161101547697669e+00 -2.568194207017677946e-03 9.980426122014198764e-01 -6.247088391294573773e-02 -4.348365733081164253e-01 3.003958350853514481e-01 6.035582268918904952e-02 9.519252604779030458e-01 1.495620092191527384e+01
9.521483024348356139e-01 -1.519116325315036584e-02 -3.053016229074116961e-01 -3.356453839693180896e+00 -6.919271216354654953e-03 9.974366604592427299e-01 -7.120680185121680550e-02 -4.762765140176180023e-01 3.056012906322713718e-01 6.991028706206522947e-02 9.496024231418411787e-01 1.560662801266905042e+01
9.510748705641245415e-01 -1.487248039094099007e-02 -3.086003635251413080e-01 -3.580362166839714089e+00 -9.864573745168725080e-03 9.968696260682216037e-01 -7.845928825531070516e-02 -5.340695236440763383e-01 3.088006570476351520e-01 7.766692853170070743e-02 9.479511036865628792e-01 1.626044435153945145e+01
9.494880193471144647e-01 -1.335397191974189122e-02 -3.135992776606464361e-01 -3.818108506971489291e+00 -1.401129273538504784e-02 9.962934938857815892e-01 -8.485694761685616538e-02 -5.955677043759907141e-01 3.135707843903220438e-01 8.496211773262968281e-02 9.457816638758689276e-01 1.692377650656834831e+01
9.477517566668889337e-01 -1.222499992256769440e-02 -3.187939493267798463e-01 -4.063855938070698670e+00 -1.758563195196662446e-02 9.957437040396257544e-01 -9.045908407739676471e-02 -6.651286793076505166e-01 3.185427517039599032e-01 9.133945245319920192e-02 9.435030734960613286e-01 1.760170796774932356e+01
9.465787540329653194e-01 -1.016069130286186353e-02 -3.222847880742986670e-01 -4.310940657726961334e+00 -2.189625337893020413e-02 9.951714153592782219e-01 -9.566435715505862414e-02 -7.359375146920403843e-01 3.217006733028232035e-01 9.761049475182809188e-02 9.417857521813955968e-01 1.828724428417771009e+01
9.447294692612503431e-01 -6.632181234666938673e-03 -3.278647040462211448e-01 -4.572255804699179471e+00 -2.736165931038176541e-02 9.947123723003991058e-01 -9.899077351091808974e-02 -8.131934433771728088e-01 3.267885154256224833e-01 1.024867976804249708e-01 9.395526829172632377e-01 1.898892389729396868e+01
9.432031621032401780e-01 -6.238630877837761032e-03 -3.321365280475774284e-01 -4.842503926135878878e+00 -2.899826774595102089e-02 9.944614456293269233e-01 -1.010114118290999508e-01 -8.862994116829197022e-01 3.309279628180074595e-01 1.049027280517252636e-01 9.377981031248245891e-01 1.969913024680496960e+01
9.406220396838165243e-01 -5.941365772723771789e-03 -3.394551477621297608e-01 -5.112977113693289333e+00 -2.978174239515469710e-02 9.945468345810025701e-01 -9.992348715342749821e-02 -9.762672392579195835e-01 3.381981367822304851e-01 1.040969021660619470e-01 9.353158950795109616e-01 2.042413865072670376e+01
9.384585236309906930e-01 -5.300378701492807106e-03 -3.454442929438843457e-01 -5.390973741917210127e+00 -3.032154730188111810e-02 9.947574875026256036e-01 -9.767198236108888543e-02 -1.056895362497284108e+00 3.441516083383709956e-01 1.021326931253073722e-01 9.333778862090658102e-01 2.115465183466062626e+01
9.361798352437262771e-01 -6.011071713138616511e-03 -3.514871270918654145e-01 -5.678292604602348526e+00 -2.975799611492500538e-02 9.949092956766891760e-01 -9.628806522888848363e-02 -1.142894533052842387e+00 3.502764529931457482e-01 1.006030328005863839e-01 9.312353453216501986e-01 2.188959607335433333e+01
9.339800919836033222e-01 -4.375097915356116959e-03 -3.573072882400755712e-01 -5.972424681371748534e+00 -3.058820556071823946e-02 9.952754805377599379e-01 -9.214224246414509656e-02 -1.223921367864819754e+00 3.560216845872508640e-01 9.699067358093596547e-02 9.294339144590751944e-01 2.263134877696075620e+01
9.290537285107800525e-01 -2.332356047144342522e-03 -3.699446651816162834e-01 -6.293726823326964315e+00 -3.207615851377652177e-02 9.957063077124299610e-01 -8.684929053443761482e-02 -1.299409550810917136e+00 3.685587759610557401e-01 9.255508982841109678e-02 9.249898865291706906e-01 2.339891208621445884e+01
9.267295064305333119e-01 4.772920394211791677e-05 -3.757154285412764860e-01 -6.613803984545709724e+00 -3.308971821016572917e-02 9.961247152504092428e-01 -8.146785317571245133e-02 -1.379984083665117822e+00 3.742551341211309834e-01 8.793169482911628032e-02 9.231400720087856726e-01 2.414833879621644996e+01
9.228167854672855164e-01 3.004678490336448737e-03 -3.852695961855716611e-01 -6.943610324876899220e+00 -3.566854264663751189e-02 9.963404462212512858e-01 -7.767131645774544291e-02 -1.453412428178763927e+00 3.836260163297721126e-01 8.541946980206506501e-02 9.195472947358714899e-01 2.490678957814898808e+01
9.197572321564985165e-01 4.002134789840267048e-03 -3.924313674218194437e-01 -7.285213947613415897e+00 -3.662113306156805637e-02 9.964607196772062858e-01 -7.564227741755040479e-02 -1.527706557267488607e+00 3.907387845605218013e-01 8.394761540126509380e-02 9.166490148906912827e-01 2.566709987170795415e+01
9.153847857278999411e-01 4.496208585718881184e-03 -4.025877635216819628e-01 -7.636553382479246643e+00 -3.796808828255586465e-02 9.964447976659263073e-01 -7.522766676610764813e-02 -1.602334392918864925e+00 4.008185283515727781e-01 8.414799891990139280e-02 9.123011901504854970e-01 2.644194109297290751e+01
9.126947500461431995e-01 5.322895021390518060e-03 -4.086064816572486658e-01 -7.999125560974434279e+00 -3.873916883112715065e-02 9.965389972478350122e-01 -7.353528851974253100e-02 -1.670323959717716189e+00 4.068010672244078973e-01 8.294214722984175059e-02 9.097421185469337646e-01 2.721800610259207787e+01
9.082628523340979809e-01 5.144106245739941269e-03 -4.184060100336507992e-01 -8.376508061879189171e+00 -3.893332531520998785e-02 9.966251300974952043e-01 -7.226075599922573978e-02 -1.740018242409002935e+00 4.166226607825863626e-01 8.191766620450464942e-02 9.053977050150011641e-01 2.800714349951245907e+01
9.047829208435238524e-01 6.196972020702606540e-03 -4.259006697080244264e-01 -8.760491646021241863e+00 -3.915606231851116725e-02 9.968693680680867919e-01 -6.869002101938746774e-02 -1.810129630722103977e+00 4.241420423920357896e-01 7.882276124952417029e-02 9.021930570623581946e-01 2.880184824220543405e+01
9.013290225740768769e-01 5.855691027733588537e-03 -4.330403054154132736e-01 -9.157380021191137587e+00 -3.751510119290529105e-02 9.972063221780378406e-01 -6.459107361872534758e-02 -1.877509745795491014e+00 4.314520338946726263e-01 7.446675441180916621e-02 8.990308307087010453e-01 2.959744265704786770e+01
8.971680336667231526e-01 7.638415518721448569e-03 -4.416936741324981042e-01 -9.567660071670804456e+00 -3.771223637249090932e-02 9.975241117807818192e-01 -5.935524682269024965e-02 -1.936625027649437225e+00 4.401472774813853794e-01 6.990298394612357025e-02 8.952346219017381923e-01 3.041506096075440979e+01
8.941425574531302045e-01 7.323019551075816112e-03 -4.476624600749995464e-01 -9.985810134398455773e+00 -3.585141611687941293e-02 9.978270805939255528e-01 -5.528418086396662268e-02 -2.007579002125327694e+00 4.462847605115456417e-01 6.548523137295239605e-02 8.924623559142788043e-01 3.122230909694200918e+01
8.900716415772137458e-01 7.461374589883623502e-03 -4.557599883654434025e-01 -1.041812478982341972e+01 -3.570079636308819138e-02 9.979356472405621625e-01 -5.335896580151631985e-02 -2.066826453519431617e+00 4.544208364729953042e-01 6.376149224170089835e-02 8.885006252485391220e-01 3.204700133532563910e+01
8.872106627701578097e-01 7.257024333205237647e-03 -4.613495419350984172e-01 -1.085951969579062748e+01 -3.499282395123166217e-02 9.980544139568603423e-01 -5.159172134579076419e-02 -2.125845399131726321e+00 4.600772481372664147e-01 6.191816576274376122e-02 8.857388252314476462e-01 3.287913736023585187e+01
8.844265728015099359e-01 7.343296529058705724e-03 -4.666340024296509181e-01 -1.130878863804520940e+01 -3.443777501387478013e-02 9.981769560739260916e-01 -4.956854844148289585e-02 -2.177628419425805539e+00 4.654193640568776713e-01 5.991024533832640248e-02 8.830672474917516945e-01 3.371034484532536624e+01
8.812158109705863218e-01 6.032634422419400934e-03 -4.727065987796262858e-01 -1.177853565034445893e+01 -3.255626039765023572e-02 9.983187129642330238e-01 -4.795256264617008685e-02 -2.238832784556050726e+00 4.716223306753911104e-01 5.764790943533617401e-02 8.799309320740920093e-01 3.454983008193929095e+01
8.787141382967513792e-01 5.685250796348765776e-03 -4.773327761324442364e-01 -1.224466361420918581e+01 -3.225703233325326325e-02 9.983507026689995012e-01 -4.750096437602457922e-02 -2.294973156918711954e+00 4.762757720992136234e-01 5.713484668469707289e-02 8.774481247134183759e-01 3.540849491618413225e+01
8.772817788875781897e-01 4.694661480097190448e-03 -4.798668658217058458e-01 -1.273162294814717299e+01 -3.148806147415074419e-02 9.983610603213645129e-01 -4.778409677173794945e-02 -2.349895586058571961e+00 4.788561996736399040e-01 5.702967990352424826e-02 8.759915201507987303e-01 3.627567096824200377e+01
8.753983071035759123e-01 4.458481950308791977e-03 -4.833581548821274110e-01 -1.322580333165389277e+01 -3.177651544847749643e-02 9.983252911726645529e-01 -4.833493817885013699e-02 -2.402594436646896980e+00 4.823329200851676490e-01 5.767428628638251314e-02 8.740741293085987351e-01 3.715105551802254524e+01
8.755911764391162144e-01 4.184288543915716703e-03 -4.830590455185412857e-01 -1.372523091589429534e+01 -3.108778697584002951e-02 9.983776197242121286e-01 -4.770559996339664155e-02 -2.460114687276043544e+00 4.820758777333563616e-01 5.678662112361413522e-02 8.743007617895528494e-01 3.803161865959153687e+01
8.749282583919948397e-01 4.688822032694384134e-03 -4.842481315363037497e-01 -1.423380541493260232e+01 -3.069756467069115549e-02 9.984789701489636959e-01 -4.580368052463955342e-02 -2.517145637661368340e+00 4.832967438587422726e-01 5.494163716013907711e-02 8.737415832762109869e-01 3.893186039205885152e+01
8.745278242660302626e-01 3.346316755351909714e-03 -4.849852934229984536e-01 -1.474737825253282608e+01 -2.894402240248929864e-02 9.985538958946271748e-01 -4.531662621605260510e-02 -2.572979240088180131e+00 4.841324193512973606e-01 5.366790250659091849e-02 8.733601805694759523e-01 3.984514279830728611e+01
8.750420511903441723e-01 1.048656475673539860e-03 -4.840543528630697478e-01 -1.526719776884319302e+01 -2.687374866953589833e-02 9.985606680445826555e-01 -4.642153704068471137e-02 -2.631158958425230399e+00 4.833092227903500460e-01 5.362669662403285464e-02 8.738106179957558783e-01 4.076401042369247563e+01
8.735871581297136590e-01 -1.596913181931977556e-04 -4.867417117701980378e-01 -1.579502498439969749e+01 -2.571971032651384353e-02 9.985873432488721058e-01 -4.649278519806360893e-02 -2.690483620250615715e+00 4.860616113110022840e-01 5.313265284816313244e-02 8.723490238594515667e-01 4.169416407646732381e+01
8.719460193400607739e-01 -9.215978834711267874e-04 -4.895304010998869915e-01 -1.633407157215777517e+01 -2.403935732133905337e-02 9.987115406725524114e-01 -4.469660433163492180e-02 -2.748328348446489766e+00 4.889406559678202702e-01 5.074418830381870887e-02 8.708004387399810309e-01 4.262047273341832465e+01
8.694855443411462215e-01 -4.428702046086288070e-04 -4.939968655835051958e-01 -1.687081699307470117e+01 -2.253911222422941285e-02 9.989223703983541869e-01 -4.056815936834264058e-02 -2.806950357308565014e+00 4.934823799937881894e-01 4.640946740563707540e-02 8.685387872639788176e-01 4.355787827992809724e+01
8.673972657313090417e-01 -1.500565693182004130e-03 -4.974143750420685905e-01 -1.741002166873636625e+01 -1.888195124182385012e-02 9.991760426472426904e-01 -3.592989094910221254e-02 -2.868734941828150031e+00 4.970581005047732814e-01 4.056349799234661851e-02 8.666543618141668848e-01 4.448757700269975146e+01
8.645061212275133578e-01 -2.051869421026384765e-03 -5.027125994741061810e-01 -1.795801407868856003e+01 -1.738430777023574486e-02 9.992714308252985678e-01 -3.398262907083681589e-02 -2.919964523448874694e+00 5.024162494177751848e-01 3.811390410889621549e-02 8.638404866015156891e-01 4.540849292409980364e+01
8.582091874710072732e-01 -4.520258003034321147e-03 -5.132834747354676486e-01 -1.851893150947244848e+01 -1.613067931414891021e-02 9.992298068358518304e-01 -3.576247343942139806e-02 -2.975282534760426589e+00 5.130498037049755489e-01 3.897056240686001122e-02 8.574753871971999564e-01 4.632710896863291339e+01
8.529544706163741941e-01 -7.619817915265001025e-03 -5.219323645297756498e-01 -1.908084694011915516e+01 -1.499597215136860319e-02 9.991229454834973378e-01 -3.909408761141714567e-02 -3.035067516817326005e+00 5.217724341471311478e-01 4.117457870163195727e-02 8.520920360905280821e-01 4.723500545309480714e+01
8.468068827205702531e-01 -6.308328549328788386e-03 -5.320711873852308482e-01 -1.966474555116425904e+01 -1.623639497140691446e-02 9.991570819124877545e-01 -3.768846650531788162e-02 -3.086413495698011822e+00 5.318608495453507334e-01 4.054699596884687313e-02 8.459906480988759192e-01 4.814734774740219336e+01
8.408259022580870656e-01 -3.970781665053961171e-03 -5.413905269628389583e-01 -2.026560834748591589e+01 -1.625878325800884927e-02 9.993365684721123854e-01 -3.259013740185606051e-02 -3.135709103579149559e+00 5.411608099519513715e-01 3.620444353331975229e-02 8.402034493366344892e-01 4.905167896986505127e+01
8.370944698786407789e-01 -4.506398512259593685e-04 -5.469645494637820349e-01 -2.086744547443718290e+01 -1.771316711767949303e-02 9.994529616223541968e-01 -2.792636137873906813e-02 -3.187171851206215933e+00 5.466778776450966770e-01 3.306799205085000221e-02 8.366284994758731441e-01 4.994972188973606109e+01
8.317446707691452668e-01 -2.794001188277354811e-04 -5.551588788319387069e-01 -2.147879514298482206e+01 -1.938516225552624692e-02 9.993753746465269261e-01 -2.954273662140366463e-02 -3.236748244226859583e+00 5.548205413740111558e-01 3.533268002398867041e-02 8.312197015363848029e-01 5.084366518266158863e+01
8.285969046430331497e-01 -1.793233524222702120e-03 -5.598737722908173620e-01 -2.208796591467221049e+01 -2.041359773584372136e-02 9.992329611670196510e-01 -3.341274849469137720e-02 -3.286266871952955082e+00 5.595041610871324123e-01 3.911758357597610453e-02 8.279247599872191499e-01 5.172474467023880607e+01
8.261233095400127846e-01 -3.800000676139933965e-03 -5.635791473478303226e-01 -2.269677598065646862e+01 -2.295474245180812584e-02 9.989201404974515919e-01 -4.039211786838139973e-02 -3.346208838050797940e+00 5.631240467989495624e-01 4.630665040693839746e-02 8.251439827284965389e-01 5.260080876420695972e+01
8.225024794820483542e-01 -4.189614123161633161e-03 -5.687190344570572931e-01 -2.331774841589397340e+01 -2.343100541002000187e-02 9.988742449142107294e-01 -4.124018572186519127e-02 -3.397299468335302386e+00 5.682513710936443196e-01 4.724869167052636598e-02 8.214782641787229389e-01 5.348151933873310071e+01
8.200395426791097231e-01 -2.570453879578835435e-03 -5.721912335184088372e-01 -2.394138694337242512e+01 -2.276868709142796168e-02 9.990515270321274066e-01 -3.712329799323388357e-02 -3.457759616242348510e+00 5.717438434281157944e-01 4.347638004917138421e-02 8.192034482826900943e-01 5.435737992184127165e+01
8.160803874216479015e-01 2.942443824544461886e-04 -5.779331439210564358e-01 -2.458280654295709056e+01 -2.269642351612350881e-02 9.992445788095206671e-01 -3.154315039864254849e-02 -3.503824644862160387e+00 5.774872026604360720e-01 3.886215868223694136e-02 8.154708106128562006e-01 5.523642314886264870e+01
8.128267121440413412e-01 7.756909204780399218e-04 -5.823936512177358971e-01 -2.522447496574021031e+01 -2.187409566406329359e-02 9.993343818593225514e-01 -2.920433300092936668e-02 -3.554353714625468452e+00 5.819833380892939223e-01 3.648114770834282733e-02 8.123026430075923621e-01 5.611017460817368629e+01
8.113075051964576678e-01 2.852391435185517091e-03 -5.846010397621208554e-01 -2.585962388920355437e+01 -2.421260317862310857e-02 9.992939786628945997e-01 -2.871972466482256361e-02 -3.602157351217488035e+00 5.841063212874186839e-01 3.745435652623066436e-02 8.108037004095995925e-01 5.698523895604469658e+01
8.070895319779550769e-01 1.626285995005612509e-03 -5.904934974836588690e-01 -2.651710446034770641e+01 -2.412737320606267097e-02 9.992516899496669547e-01 -3.022128823418773064e-02 -3.648093971395387047e+00 5.900026563246252298e-01 3.863379716261088059e-02 8.065247029075833796e-01 5.785450263492101186e+01
8.032837362177581708e-01 -6.259487199067719767e-04 -5.956976723492501957e-01 -2.716694204042282479e+01 -2.353783819412100242e-02 9.991848317466115459e-01 -3.279073899173969020e-02 -3.705647395755280904e+00 5.952328126137660380e-01 4.035645861004093921e-02 8.026141823560651867e-01 5.871922819820289874e+01
7.997580533225837618e-01 -2.113852470184064691e-03 -6.004954169695033706e-01 -2.782739576560994266e+01 -2.234237707719842481e-02 9.991961504760550339e-01 -3.327098784442551749e-02 -3.754742220065024227e+00 6.000831722617051556e-01 4.001874793520568407e-02 7.990678995109926630e-01 5.958785892464047862e+01
7.947974207832195770e-01 -2.085010091490398579e-03 -6.069696422853884110e-01 -2.849963555046991104e+01 -2.178170282888641091e-02 9.992517190263242588e-01 -3.196434561265226737e-02 -3.801886829375589638e+00 6.065823674594214010e-01 3.862157712632240808e-02 7.941573302031211812e-01 6.044960405507579537e+01
7.899283927888309798e-01 -2.228479866104705106e-03 -6.130966169750303729e-01 -2.917311571499153899e+01 -2.141513199180376803e-02 9.992830439285668165e-01 -3.123267021943080049e-02 -3.850050829302371191e+00 6.127265108783701564e-01 3.780836281121984638e-02 7.893142853094274880e-01 6.130847529087142789e+01
7.850006166897097737e-01 -3.402910083728426412e-03 -6.195204741457952524e-01 -2.986713715390383683e+01 -2.123620500331627539e-02 9.992494099862238022e-01 -3.239671940442232639e-02 -3.911033183726599471e+00 6.191659485472130742e-01 3.858107709115424222e-02 7.843389454157414509e-01 6.216950065642387102e+01
7.793662347673468993e-01 -5.069640418502145522e-03 -6.265660147287144266e-01 -3.056583443342038109e+01 -2.026896938711248222e-02 9.992398904697221695e-01 -3.329894643009424782e-02 -3.963275256681707326e+00 6.262587886044159724e-01 3.864945026053014099e-02 7.786709581598427743e-01 6.302003980644480663e+01
7.744775721598576856e-01 -6.157968817884286114e-03 -6.326313697834667904e-01 -3.127342267767739870e+01 -2.000331194540208926e-02 9.992141938363139353e-01 -3.420860909821148849e-02 -4.013269914569916885e+00 6.323449685725250902e-01 3.914441655776704221e-02 7.737456634319292981e-01 6.387353650779076020e+01
7.682095776361087536e-01 -6.896709969151357256e-03 -6.400778606242312208e-01 -3.199094886696468620e+01 -1.976103926221691245e-02 9.992100381990768332e-01 -3.448388180756974120e-02 -4.061343417665661981e+00 6.398097297539747652e-01 3.914353677208030902e-02 7.674663867054032362e-01 6.471970853150290282e+01
7.635353954082320094e-01 -8.587268675091982648e-03 -6.457428802388224254e-01 -3.270678886905425742e+01 -1.890718116527428591e-02 9.991855565277805162e-01 -3.564888424211311996e-02 -4.118143301606641771e+00 6.455232886729381780e-01 3.942684272671493489e-02 7.627511526133957664e-01 6.556611876695552610e+01
7.566133796015929169e-01 -9.309905950587445828e-03 -6.538123221256686435e-01 -3.345138829291685312e+01 -1.829253072414850981e-02 9.992057830521321460e-01 -3.539129028350278955e-02 -4.168103421511510476e+00 6.536227460977523940e-01 3.873458317898159642e-02 7.558421880733564580e-01 6.640659825677731476e+01
7.513139856610475675e-01 -9.659418692621745892e-03 -6.598730075173671050e-01 -3.419911363594815157e+01 -1.733719024225200550e-02 9.992587300026265495e-01 -3.435760812141044895e-02 -4.224936781380864481e+00 6.597158193284752281e-01 3.725601683161385014e-02 7.505895153048013357e-01 6.724213905850695028e+01
7.452673197546016981e-01 -1.115863685714656509e-02 -6.667520729063241003e-01 -3.495202664825357886e+01 -1.494739194377767318e-02 9.993290505538112711e-01 -3.342649350531839980e-02 -4.275035524827569766e+00 6.666778133980804100e-01 3.487462830351054782e-02 7.446004666399822502e-01 6.807618594920432997e+01
7.387846760133937041e-01 -1.246722137149976727e-02 -6.740042296657590137e-01 -3.572000704783502556e+01 -1.402473010547993296e-02 9.993279613241975445e-01 -3.387343242938101184e-02 -4.322312457537492492e+00 6.739737683966898762e-01 3.447657886949796746e-02 7.381130964194281274e-01 6.889140783976554872e+01
7.318583721820811627e-01 -1.339342435627702624e-02 -6.814392501245778444e-01 -3.649912943892579875e+01 -1.444061493418559092e-02 9.992774965531930897e-01 -3.515712066594294666e-02 -4.382194825977505204e+00 6.814179933140830370e-01 3.556788351942470616e-02 7.311361196566020793e-01 6.971819474855473686e+01
7.268318477414340562e-01 -1.369053027331850782e-02 -6.868457707323599726e-01 -3.728769395494743577e+01 -1.497137554953128016e-02 9.992479606945960935e-01 -3.577159861202692387e-02 -4.432479041305759537e+00 6.868193795520017852e-01 3.627573114904785595e-02 7.260800731557671694e-01 7.054342987105073348e+01
7.210434418609621421e-01 -1.317443465384847585e-02 -6.926161401602314305e-01 -3.809367924038220821e+01 -1.461439417021028961e-02 9.993075992397139062e-01 -3.421976156151914500e-02 -4.486473976410110254e+00 6.925873601447135597e-01 3.479832748487234756e-02 7.203515760677507984e-01 7.135991978605862585e+01
7.166600574912040944e-01 -1.268514616054307320e-02 -6.974522867798984560e-01 -3.889554714950578784e+01 -1.525176978194619712e-02 9.993103824870347429e-01 -3.385083757080290662e-02 -4.539777924365681727e+00 6.974011703341647106e-01 3.488964306327108772e-02 7.159722017568384000e-01 7.217283451558908780e+01
7.116847766461732450e-01 -1.243632120862626228e-02 -7.024082601487553479e-01 -3.972067803678767461e+01 -1.651583668764552287e-02 9.992707367296742582e-01 -3.443120194011815849e-02 -4.592422395056614981e+00 7.023243639532855687e-01 3.610299392736687762e-02 7.109601965965343107e-01 7.299461747311832482e+01
7.053378937517850167e-01 -1.399280520070874702e-02 -7.087616456336106596e-01 -4.055436533014808020e+01 -1.707383649390269501e-02 9.991797742234388435e-01 -3.672627721322997002e-02 -4.650734620149973964e+00 7.086942374764934049e-01 3.800871001870508720e-02 7.045205777027243599e-01 7.380201721030296369e+01
7.017486950629295839e-01 -1.632059603441296525e-02 -7.122418542683908171e-01 -4.137972109440828206e+01 -1.687112525990827963e-02 9.990765619113195495e-01 -3.950551343531037707e-02 -4.712101719776699227e+00 7.122291479445911344e-01 3.973754158678904219e-02 7.008252314023686314e-01 7.461469662161776739e+01
6.962582648488493398e-01 -1.722723918114922245e-02 -7.176208942116337752e-01 -4.223180927872377310e+01 -1.740016736279154791e-02 9.990131067677733290e-01 -4.087094177380129478e-02 -4.768218876783001825e+00 7.176167417301998475e-01 4.094709897833306161e-02 6.952714931828771761e-01 7.541889572960175769e+01
6.911272916886002093e-01 -1.647083544068031133e-02 -7.225865068068563213e-01 -4.308612452098256540e+01 -1.654756644752042316e-02 9.991176731905149211e-01 -3.861713721355847229e-02 -4.828949269958833668e+00 7.225850844467462952e-01 3.864696136997837483e-02 6.902449209279224451e-01 7.622321304559369537e+01
6.874711550328016507e-01 -1.776258129553294138e-02 -7.260997471648681367e-01 -4.394109345728199401e+01 -1.450192107782965860e-02 9.991656983852489349e-01 -3.818117663937029005e-02 -4.892479290664825342e+00 7.261726240860426618e-01 3.677152342637054344e-02 6.866401551154274197e-01 7.702874616479203951e+01
6.814692805535985665e-01 -1.836077527824404865e-02 -7.316806212438686785e-01 -4.482049746607276575e+01 -1.417390500103740680e-02 9.991666699054705392e-01 -3.827739475048936441e-02 -4.955704386933210692e+00 7.317738843781398383e-01 3.645375466807491971e-02 6.806412125696481574e-01 7.782452917273027992e+01
6.775750024202731314e-01 -1.799747855602667340e-02 -7.352284892742441125e-01 -4.569139185686289295e+01 -1.428762234827331626e-02 9.991897380359330283e-01 -3.763716844102699133e-02 -5.012130746560287342e+00 7.353100311980733661e-01 3.600928394300011159e-02 6.767690639604505565e-01 7.861739802748358841e+01
6.726454616817331145e-01 -1.979028790419777237e-02 -7.396522849466715677e-01 -4.657989103815309306e+01 -1.212922240298234394e-02 9.992131152907706149e-01 -3.775385510934340522e-02 -5.073852972455739518e+00 7.398175626435959940e-01 3.436662453242673304e-02 6.718761642384338817e-01 7.941978806207687569e+01
6.698815568596158121e-01 -2.031971641759780511e-02 -7.421779938802248733e-01 -4.747797112312305501e+01 -1.085481048213481244e-02 9.992506490426826815e-01 -3.715477590156818222e-02 -5.130546147506083621e+00 7.423767312021319897e-01 3.294872660003494991e-02 6.691588431013029137e-01 8.021193722444915863e+01
6.658617077575645915e-01 -2.407413469519720586e-02 -7.456243197573717563e-01 -4.836759668176865290e+01 -7.412075466366760922e-03 9.992165137046156165e-01 -3.887287666361002869e-02 -5.190552213993394837e+00 7.459763003924868574e-01 3.140694510098487879e-02 6.651616109390956488e-01 8.100829380452248074e+01
6.605918283703129390e-01 -2.816106830423240753e-02 -7.501352160824311666e-01 -4.927484456628213394e+01 -4.602688333779468219e-03 9.991255974123076644e-01 -4.156551845746450646e-02 -5.254636270356249028e+00 7.506496162342670697e-01 3.091361734267827552e-02 6.598844080377226362e-01 8.180083060125184602e+01
6.560626897642541921e-01 -3.255194632487157236e-02 -7.539306280748916400e-01 -5.019269504031989015e+01 8.616843201587788407e-05 9.990728306441585271e-01 -4.305270966908582297e-02 -5.314753184024724852e+00 7.546327595772369667e-01 2.818797351283252456e-02 6.554568925401959012e-01 8.258616262996758906e+01
6.500780788313453851e-01 -3.604684455240705909e-02 -7.589559463067334644e-01 -5.111752510867731303e+01 4.762075382004157635e-03 9.990478485638475403e-01 -4.336683027761442655e-02 -5.378464007247963252e+00 7.597966173965533532e-01 2.457745081116268632e-02 6.496306720310767169e-01 8.337288322710307398e+01
6.421665556457460955e-01 -3.958113436752599967e-02 -7.654539658628927157e-01 -5.204800554823891900e+01 9.968297215864188598e-03 9.990128853387234553e-01 -4.330161077884549931e-02 -5.446581756926783591e+00 7.664117687869514972e-01 2.018072655129356935e-02 6.419271244909943164e-01 8.414936540010427279e+01
6.338535854789172364e-01 -4.007294726896965670e-02 -7.722615895936808528e-01 -5.299013021972326953e+01 1.164981750125988931e-02 9.990381684904856563e-01 -4.226727027655949320e-02 -5.519192282979839881e+00 7.732127874030596537e-01 1.779051224508033588e-02 6.337108814142032864e-01 8.492821292245201903e+01
6.248352467821460809e-01 -3.959103247662550118e-02 -7.798296353022858840e-01 -5.395621625019226286e+01 1.413159079458135153e-02 9.991236393149025563e-01 -3.940441637044719142e-02 -5.575520965346021818e+00 7.807058579150045752e-01 1.361154564921556939e-02 6.248467560309424185e-01 8.569285713517965064e+01
6.148916959612328315e-01 -3.878012138444508067e-02 -7.876761357264385754e-01 -5.493466398709237808e+01 1.376080959567850710e-02 9.991654903040257940e-01 -3.846790469343196878e-02 -5.645984634744963593e+00 7.885103257122202391e-01 1.281653243463371297e-02 6.149125069186403003e-01 8.644214648420326341e+01
6.060525850932961811e-01 -4.039421122833841693e-02 -7.943905869299201505e-01 -5.591670495097450555e+01 1.343154143900075759e-02 9.990870006735137476e-01 -4.055443908443902290e-02 -5.704840446279263233e+00 7.953035916863469001e-01 1.390856358731039008e-02 6.060418760442559671e-01 8.718858143554986384e+01
5.957456815906628789e-01 -4.305179993193956195e-02 -8.019606034976676234e-01 -5.691233618152760698e+01 1.473275581875064730e-02 9.989798815285759748e-01 -4.269084652897485455e-02 -5.772630839074921028e+00 8.029803733459590642e-01 1.361589408982476386e-02 5.957726101176082922e-01 8.791508192296466007e+01
5.874062602962013546e-01 -4.313689139974349884e-02 -8.081962861933948972e-01 -5.792565902209017992e+01 1.347261978836487503e-02 9.989611614469623424e-01 -4.353838589298286016e-02 -5.843022746111230070e+00 8.092346081029320182e-01 1.468782650609368537e-02 5.873774355680853043e-01 8.864224799406049726e+01
5.768393257548825037e-01 -4.502691613329497244e-02 -8.156665587155934594e-01 -5.893829986849985403e+01 1.771643988695097843e-02 9.989347140617668153e-01 -4.260247480292499167e-02 -5.912032691109323501e+00 8.167161304803767230e-01 1.012715556397849291e-02 5.770220498325513425e-01 8.936249966388858468e+01
5.655577881566685727e-01 -4.500832003017966182e-02 -8.234360608151441996e-01 -5.997502485371228431e+01 1.946223476654238005e-02 9.989601742718712263e-01 -4.122264390135238488e-02 -5.978048031991058053e+00 8.244352059968494961e-01 7.289320806477579337e-03 5.658453231129949579e-01 9.006768532997190846e+01
5.543434298558069795e-01 -4.605272949029327184e-02 -8.311459019760214506e-01 -6.102157494737080157e+01 2.051820664150688991e-02 9.989203740034857670e-01 -4.167501949161683816e-02 -6.049357577008475317e+00 8.321682132438414925e-01 6.045516711260671798e-03 5.546903406185516028e-01 9.075292685721953490e+01
5.458296875668148251e-01 -4.642717278058065833e-02 -8.365250566309304636e-01 -6.208071277967805202e+01 1.913607781179082340e-02 9.988936463738647964e-01 -4.296141090499356469e-02 -6.120970330953626082e+00 8.375938431605577383e-01 7.437979179760652489e-03 5.461147407434636669e-01 9.143918724850998103e+01
5.351550764976288344e-01 -4.592118483253431610e-02 -8.436431677881913727e-01 -6.315833040655761721e+01 1.786768273196544590e-02 9.989128926311742207e-01 -4.304414795282435896e-02 -6.182859711532717739e+00 8.447034821144814298e-01 7.953304060989213262e-03 5.353943302181209951e-01 9.210321715148697308e+01
5.245550720492466734e-01 -4.687594480583876649e-02 -8.499948938480113014e-01 -6.423319751644373810e+01 1.677922767850991564e-02 9.988584051006484943e-01 -4.474402076438077636e-02 -6.257472708698283093e+00 8.511207887676678352e-01 9.218448831830480111e-03 5.247427842941969622e-01 9.275967912221261713e+01
