1.0 0.0 0.0 0.0 0.0 1.0 0.0 0.0 0.0 0.0 1.0 0.0
0.99993956 0.010876003 0.0016342553 0.3010254 -0.010871644 0.9999374 -0.0026524095 -0.012573242 -0.0016629961 0.002634483 0.9999952 0.010375977
0.99984616 0.017482009 0.0013286651 0.59106445 -0.017475199 0.9998348 -0.00497617 -0.024414062 -0.0014154494 0.0049521727 0.99998677 0.012451172
0.9998029 0.019859105 0.0003008562 0.8955078 -0.019856188 0.9997731 -0.0077320314 -0.033813477 -0.00045428146 0.0077245343 0.9999701 0.014038086
0.9998255 0.018656166 -0.0009996842 1.2005615 -0.018664325 0.99978626 -0.008896971 -0.04309082 0.00083353143 0.008914074 0.99995995 0.014404297
0.9999226 0.012225421 -0.002333648 1.519043 -0.012251707 0.9998576 -0.011601755 -0.041748047 0.0021914532 0.011629438 0.9999299 0.017578125
0.9999916 0.00032150032 -0.0040853787 1.8438721 -0.00037213575 0.999923 -0.012406243 -0.039916992 0.004081075 0.012407659 0.9999147 0.026733398
0.9998734 -0.015392362 -0.00404628 2.1732178 0.015343196 0.9998114 -0.011907041 -0.021972656 0.004228807 0.011843443 0.9999209 0.033447266
0.99937975 -0.03496038 -0.0042881453 2.5200195 0.034929678 0.99936527 -0.007038207 0.009765625 0.0045314096 0.0068841176 0.999966 0.03466797
0.998476 -0.0549143 -0.0054328884 2.8745117 0.054897226 0.99848646 -0.0032433053 0.04724121 0.005602779 0.00294009 0.99998 0.034179688
0.99711186 -0.07573492 -0.005769716 3.2388916 0.07572049 0.99712604 -0.0026803243 0.08557129 0.005956087 0.0022357511 0.9999798 0.040039062
0.9953257 -0.096393816 -0.0058628945 3.6168213 0.09636703 0.9953345 -0.0046927035 0.13208008 0.006287872 0.00410576 0.9999718 0.042114258
0.99313986 -0.1168494 -0.0044666347 4.003784 0.11682255 0.9931358 -0.0058613955 0.18188477 0.005120911 0.005299312 0.9999728 0.04748535
0.9910106 -0.13373026 -0.0034577274 4.4002686 0.13371593 0.9910102 -0.0040873494 0.2557373 0.0039732414 0.0035881973 0.9999857 0.053466797
0.98859334 -0.1505693 -0.0032291492 4.815918 0.15055843 0.9885945 -0.0033824402 0.328125 0.0037016317 0.0028576837 0.9999891 0.056274414
0.9866642 -0.16268449 -0.003578172 5.2373047 0.1626714 0.9866659 -0.0036859426 0.41259766 0.004130303 0.0030545578 0.9999868 0.061157227
0.9844103 -0.17579843 -0.0043837363 5.680542 0.17578055 0.98441434 -0.004177889 0.49353027 0.005050011 0.003341931 0.99998164 0.06262207
0.98281324 -0.1845108 -0.0053939736 6.128418 0.18447071 0.9828094 -0.007173508 0.5777588 0.006624992 0.0060552354 0.9999597 0.075683594
0.9814049 -0.19181405 -0.0073146103 6.5942383 0.19177312 0.9814221 -0.0059450073 0.6739502 0.008319048 0.0044315504 0.9999556 0.08081055
0.9798449 -0.19952813 -0.009939179 7.0705566 0.19947733 0.9798881 -0.005873534 0.7816162 0.010911299 0.0037725004 0.99993336 0.07885742
0.97836196 -0.20650329 -0.01205042 7.5577393 0.2064325 0.978427 -0.0068640313 0.8946533 0.013208056 0.0042279647 0.99990386 0.08630371
0.97622746 -0.21639386 -0.013005186 8.064453 0.21625812 0.9762812 -0.011084309 1.0048828 0.015094389 0.008009017 0.999854 0.09313965
0.9747439 -0.2229269 -0.013298246 8.576416 0.22269979 0.9747443 -0.016652124 1.1109619 0.01667457 0.013269806 0.9997729 0.107910156
0.9730101 -0.23027913 -0.014578298 9.101196 0.23002352 0.9730258 -0.017307416 1.2366943 0.018171087 0.013486536 0.99974394 0.12646484
0.97068316 -0.23953743 -0.019761246 9.636475 0.23930326 0.9708481 -0.013504379 1.3933105 0.022419533 0.008379195 0.9997136 0.12573242
0.9684745 -0.248001 -0.02353409 10.183472 0.24779856 0.9687472 -0.011207335 1.550293 0.025577756 0.0050229537 0.99966025 0.13757324
0.9660733 -0.25708252 -0.024680417 10.741821 0.2567935 0.9663593 -0.014295616 1.6943359 0.027525578 0.007474347 0.9995933 0.15515137
0.9637068 -0.26568505 -0.026275158 11.31665 0.26534337 0.96402967 -0.015795942 1.8544922 0.02952651 0.008250674 0.9995299 0.17919922
0.9617008 -0.27247053 -0.029207729 11.902222 0.27213484 0.9621225 -0.014990908 2.0263672 0.03218619 0.0064657233 0.9994609 0.19702148
0.9591613 -0.28101525 -0.032890018 12.493652 0.2806851 0.9597145 -0.014352355 2.208496 0.035596557 0.004534783 0.9993557 0.21435547
0.95719504 -0.28697565 -0.037568577 13.09436 0.28656787 0.9579213 -0.015939664 2.3950195 0.04056234 0.0044910833 0.999167 0.23986816
0.95474935 -0.29397866 -0.04507024 13.708252 0.29349265 0.9558077 -0.017193476 2.5874023 0.04813268 0.0031846315 0.9988353 0.272583
0.95322114 -0.2975682 -0.053563435 14.3342285 0.29706326 0.9547248 -0.017336685 2.789917 0.056295328 0.0006172075 0.9984138 0.30212402
0.9519399 -0.2999098 -0.06250413 14.974365 0.29933995 0.95398986 -0.018507063 3.0010986 0.06517723 -0.0010918095 0.99787223 0.34094238
0.949612 -0.30506527 -0.07208714 15.625488 0.3046167 0.9523298 -0.017402908 3.2211914 0.073958986 -0.0054338155 0.99724555 0.37695312
0.94795763 -0.30822018 -0.07986178 16.28003 0.30786008 0.9512774 -0.017095145 3.4423828 0.08123939 -0.008375729 0.9966606 0.42980957
0.94578284 -0.3129573 -0.08718216 16.944336 0.3128182 0.9497113 -0.015603543 3.67688 0.087679826 -0.0125113465 0.996069 0.48669434
0.9434997 -0.31789997 -0.093586154 17.623413 0.31797585 0.9479944 -0.014505863 3.9191895 0.09332826 -0.01607323 0.99550444 0.5518799
0.9417761 -0.3210343 -0.09987133 18.309937 0.32143906 0.9468389 -0.012457335 4.163452 0.09856103 -0.020377714 0.9949209 0.6184082
0.93953395 -0.32611752 -0.1047706 19.01294 0.32701552 0.9450044 -0.008967173 4.4212646 0.10193386 -0.02582736 0.9944562 0.6920166
0.9377771 -0.33024758 -0.10720937 19.724487 0.3312738 0.94348794 -0.008607045 4.6882324 0.10399557 -0.027451068 0.99419767 0.7619629
0.93529326 -0.33752924 -0.10644495 20.451416 0.3386024 0.9409108 -0.008380171 4.9542236 0.10298182 -0.028206835 0.9942807 0.84973145
0.93335354 -0.34350222 -0.104513645 21.183716 0.34461296 0.9387466 -0.0078008007 5.2282715 0.10079158 -0.028722992 0.9944938 0.92858887
0.9312119 -0.34963575 -0.10301978 21.920532 0.3506616 0.9364694 -0.008573035 5.5114746 0.09947224 -0.028136734 0.9946432 1.0125732
0.92940724 -0.35541597 -0.099436745 22.664185 0.35652456 0.93426317 -0.007002268 5.801758 0.09538603 -0.028942721 0.9950191 1.0925293
0.92495805 -0.36799887 -0.09506692 23.43457 0.36921594 0.9293325 -0.005092931 6.1169434 0.090223975 -0.030382758 0.9954594 1.1673584
0.9231036 -0.3737397 -0.090470456 24.186035 0.3750441 0.9269973 -0.0027810975 6.4332275 0.08490215 -0.031371582 0.9958934 1.2474365
0.919503 -0.3831478 -0.08800368 24.9469 0.3846467 0.92308146 7.5862044e-05 6.7580566 0.08120277 -0.03391589 0.9961201 1.3198242
0.9166013 -0.39027867 -0.08656776 25.70935 0.39183044 0.92002165 0.0009985096 7.095337 0.07924933 -0.03484422 0.996244 1.3925781
0.9122498 -0.40036526 -0.08682035 26.486694 0.4019926 0.9156562 0.001392062 7.441284 0.078942135 -0.036160097 0.99622476 1.4650879
0.90968776 -0.40636256 -0.085644 27.26477 0.4080296 0.91296583 0.0021550343 7.7999268 0.0773141 -0.036911685 0.9963223 1.5314941
0.90534186 -0.41619352 -0.08467025 28.056519 0.4178373 0.90853727 0.0018744669 8.171997 0.07614687 -0.037076175 0.99640656 1.5994873
0.90213424 -0.42373952 -0.081611685 28.853638 0.4253664 0.90505093 0.002842923 8.551514 0.07265861 -0.037273597 0.9966602 1.6687012
0.8989735 -0.43107423 -0.07729257 29.651733 0.43253565 0.9015871 0.0024166955 8.94397 0.06864299 -0.035608266 0.9970055 1.7354736
0.8951731 -0.4398079 -0.07276898 30.472046 0.44124132 0.89741373 0.004098621 9.349487 0.06350343 -0.035775505 0.99733996 1.7943115
0.8924029 -0.44596913 -0.06838137 31.281738 0.44723982 0.89437634 0.0037094636 9.76355 0.059503917 -0.03389426 0.99765277 1.8647461
0.88843995 -0.45411807 -0.06669655 32.10901 0.45535287 0.89030343 0.0037584512 10.191162 0.05767064 -0.03372101 0.9977645 1.9227295
0.88567865 -0.45978475 -0.064880505 32.94336 0.46095467 0.8874387 0.003490435 10.628662 0.055968434 -0.032997128 0.99788654 1.9804688
0.883007 -0.46513948 -0.06289737 33.776733 0.4662553 0.88464975 0.0035152812 11.074219 0.054007024 -0.03242715 0.99801403 2.031128
0.87987477 -0.4713484 -0.060666174 34.618652 0.47233173 0.88143486 0.0021340938 11.539795 0.052464634 -0.030529466 0.99815583 2.0911865
0.8773924 -0.47600394 -0.06017493 35.47937 0.47695887 0.8789338 0.0017353878 12.002319 0.052067135 -0.030219637 0.99818677 2.14563
0.8759383 -0.47858012 -0.060082853 36.348267 0.47948408 0.8775034 0.0007166201 12.486328 0.05238153 -0.029446065 0.99819267 2.1987305
0.8740204 -0.48205337 -0.060743686 37.225464 0.4829692 0.87562424 0.0004441666 12.977295 0.052972116 -0.02972785 0.9981531 2.2495117
0.8742486 -0.48179907 -0.059855595 38.1073 0.48267332 0.87581384 0.00017138827 13.474731 0.052340515 -0.029038515 0.9982071 2.305542
0.87368906 -0.4830324 -0.058015265 39.009155 0.48388067 0.8751438 0.0006585631 13.980835 0.050453268 -0.028643068 0.99831593 2.3614502
0.8733126 -0.48386696 -0.05674778 39.92395 0.4846129 0.8747403 -0.000694867 14.491943 0.04997828 -0.026887055 0.998389 2.4156494
0.87377024 -0.48303056 -0.05670703 40.843994 0.48365834 0.87525654 -0.0029823566 15.009766 0.05107646 -0.024820056 0.99838656 2.4716797
0.87231225 -0.48577935 -0.056227725 41.776 0.48633707 0.8738023 -0.0042209076 15.534424 0.05118105 -0.023660231 0.998409 2.5291748
0.8707674 -0.4886668 -0.053853035 42.704346 0.48913482 0.87215406 -0.0050195483 16.070312 0.04942128 -0.021972159 0.9985365 2.5859375
0.8685071 -0.49323392 -0.04953805 43.644165 0.49363682 0.86967796 -0.0045994553 16.603394 0.045347765 -0.020456463 0.99876165 2.644165
0.8666303 -0.49683324 -0.04370904 44.576294 0.49708402 0.8675692 -0.005709094 17.13916 0.040757716 -0.01678655 0.99902815 2.7058105
0.8638197 -0.5022014 -0.041284785 45.499634 0.5023937 0.86467075 -0.0063233553 17.683228 0.038874768 -0.015274673 0.99912757 2.7561035
0.85746074 -0.5128195 -0.042190608 46.42163 0.5129335 0.85838413 -0.008908848 18.238281 0.040782813 -0.0140056955 0.9990695 2.8093262
0.85208476 -0.5215166 -0.044436328 47.33252 0.521535 0.8531457 -0.012101563 18.794922 0.044220053 -0.01286193 0.998939 2.8665771
0.8459787 -0.531618 -0.04384783 48.24829 0.5316927 0.84699786 -0.010906801 19.373413 0.042933676 -0.014084143 0.9989781 2.9171143
0.8401869 -0.5409532 -0.039537266 49.15625 0.541067 0.8409986 -0.008687565 19.969238 0.03794934 -0.01408657 0.99918044 2.967041
0.83660233 -0.54650515 -0.036414895 50.05713 0.5467006 0.83725065 -0.005240651 20.567383 0.03335207 -0.015527691 0.99932295 3.019043
0.83118963 -0.5546402 -0.03871026 50.9541 0.55488247 0.8319132 -0.005160706 21.17395 0.035065852 -0.017192261 0.99923694 3.0671387
0.8278954 -0.55929965 -0.04251518 51.837402 0.5595563 0.828786 -0.0067220638 21.779419 0.038992137 -0.018221537 0.9990732 3.114502
0.8251135 -0.56287754 -0.049721003 52.715332 0.56319284 0.826349 -0.008756565 22.384766 0.046012286 -0.020769246 0.99872494 3.1712646
0.8214473 -0.5680002 -0.05068158 53.598633 0.568323 0.82273537 -0.009206466 23.001953 0.04692427 -0.021242574 0.9986723 3.2213135
0.81917036 -0.571519 -0.04691857 54.47705 0.57183814 0.82025427 -0.0076382766 23.622437 0.0428527 -0.020571407 0.9988699 3.2824707
0.81543165 -0.57729936 -0.042319946 55.35913 0.57764256 0.8162717 -0.0048531005 24.260132 0.03734474 -0.020485222 0.9990924 3.329834
0.81226385 -0.5818094 -0.03995317 56.235596 0.5821244 0.81300783 -0.0044319993 24.898315 0.03506458 -0.019656427 0.99919206 3.3806152
0.81075567 -0.58393973 -0.04093019 57.11255 0.584349 0.81149065 -0.0023798118 25.530884 0.03460304 -0.021992188 0.99915886 3.4279785
0.8064789 -0.5898258 -0.042131893 57.98462 0.590221 0.80728215 -0.0036754203 26.184326 0.03617954 -0.021905063 0.99910486 3.4730225
0.802574 -0.595038 -0.043875884 58.85205 0.5953896 0.80349004 -0.005988087 26.8302 0.03881666 -0.021316368 0.9990187 3.5292969
0.79903305 -0.5998832 -0.043556917 59.72339 0.6001734 0.79996705 -0.0075360965 27.486938 0.03936069 -0.020118805 0.999022 3.5778809
0.79412323 -0.60639 -0.04217986 60.58838 0.6066576 0.79500204 -0.007592233 28.15503 0.038139448 -0.019554012 0.9990812 3.6252441
0.7892809 -0.6125383 -0.041384805 61.45044 0.6127889 0.79013157 -0.007816386 28.824463 0.037489392 -0.019185731 0.99911326 3.673462
0.78430825 -0.61897016 -0.042179503 62.314697 0.6191953 0.78521216 -0.009070311 29.51416 0.03873741 -0.019006554 0.99906856 3.7340088
0.7786458 -0.626056 -0.04227139 63.1687 0.62622213 0.7795839 -0.010827741 30.208374 0.039734684 -0.018040244 0.9990474 3.7860107
0.77372336 -0.63213634 -0.042785615 64.02539 0.6322726 0.7747022 -0.011993516 30.911865 0.040725328 -0.017775914 0.9990119 3.8358154
0.7674461 -0.63959944 -0.04280554 64.875244 0.6397114 0.76843864 -0.012830893 31.624878 0.04110162 -0.017536161 0.99900126 3.8840332
0.7627367 -0.64530504 -0.043107573 65.72485 0.6453556 0.7637716 -0.0145949405 32.33667 0.04234406 -0.016684791 0.99896383 3.9406738
0.75583076 -0.653406 -0.042436972 66.569336 0.6534216 0.75685096 -0.015427014 33.076538 0.042197444 -0.016073044 0.9989796 3.991211
0.75058115 -0.65950483 -0.04097375 67.40845 0.6594876 0.7515471 -0.015861657 33.82019 0.04124872 -0.015119422 0.999034 4.04895
0.7446016 -0.6664705 -0.03861195 68.24634 0.6663636 0.7454938 -0.017459081 34.568726 0.0404166 -0.012732055 0.9991014 4.0999756
0.7381199 -0.67376363 -0.038233038 69.06543 0.67360294 0.7390148 -0.018867496 35.332275 0.040965565 -0.011815072 0.999091 4.147949
0.7311444 -0.68120164 -0.039341103 69.89624 0.681021 0.7320998 -0.019895105 36.10681 0.04235314 -0.0122403465 0.9990278 4.208252
0.726088 -0.6866007 -0.040060416 70.72485 0.68642014 0.7270802 -0.020266116 36.8916 0.04304271 -0.012777412 0.99899167 4.2592773
0.72035927 -0.69237834 -0.038591012 71.545166 0.6922056 0.72128516 -0.019837322 37.693726 0.041575592 -0.012427316 0.9990582 4.3149414
0.71597713 -0.69719553 -0.03869179 72.36133 0.6970474 0.7169032 -0.01941455 38.492065 0.041272882 -0.013068121 0.9990623 4.369507
0.7109613 -0.7021171 -0.03991209 73.18652 0.7019999 0.71193635 -0.019235305 39.3136 0.04192305 -0.014341035 0.9990181 4.423218
0.7045244 -0.70847505 -0.04183082 73.9978 0.70832425 0.70560694 -0.020879606 40.143066 0.044309217 -0.014912212 0.9989069 4.4821777
0.7008359 -0.7119945 -0.04356913 74.81348 0.71176684 0.7020352 -0.023254564 40.965088 0.047139876 -0.014719632 0.9987794 4.5439453
0.69528335 -0.7173757 -0.04478816 75.62134 0.7171286 0.6965567 -0.024237398 41.813354 0.048583116 -0.015259874 0.9987028 4.6011963
0.6902573 -0.7223572 -0.042493403 76.42944 0.7221165 0.6914131 -0.023559723 42.664062 0.046404246 -0.0144131575 0.9988195 4.6643066
0.6866619 -0.72594666 -0.040625595 77.23828 0.7256243 0.6877513 -0.02490749 43.515747 0.046023935 -0.012373292 0.9988638 4.7296143
0.68066585 -0.73154837 -0.040315162 78.038086 0.7311999 0.681752 -0.025590725 44.391235 0.046204533 -0.01205745 0.9988593 4.7946777
0.6767926 -0.7350889 -0.039873257 78.83423 0.73475486 0.67785597 -0.025282824 45.259033 0.045617957 -0.012178622 0.9988852 4.8531494
0.6719112 -0.7395957 -0.038238376 79.64038 0.7391655 0.672924 -0.027147125 46.14392 0.045805965 -0.010031081 0.9988996 4.916748
0.6691992 -0.7421581 -0.03682423 80.43555 0.7416922 0.67015433 -0.027718106 47.039185 0.045247402 -0.008761558 0.9989375 4.975708
0.665223 -0.7457478 -0.03529273 81.23535 0.74509984 0.6661376 -0.03152954 47.925415 0.047024943 -0.00533066 0.99887925 5.0371094
0.65996635 -0.75040686 -0.034811012 82.03174 0.749562 0.66087866 -0.03568798 48.828857 0.0497923 -0.0025374955 0.9987568 5.102417
0.655566 -0.7543817 -0.03209727 82.8208 0.7533163 0.6563478 -0.040144257 49.743164 0.05134666 0.0021384722 0.9986786 5.1643066
0.6497652 -0.7595446 -0.028497264 83.61182 0.75831544 0.6503544 -0.043726206 50.664062 0.05174717 0.0067993077 0.998637 5.2302246
0.64208984 -0.7661618 -0.02411073 84.39331 0.7647898 0.6424302 -0.047373995 51.590088 0.051793277 0.011985113 0.99858654 5.3007812
0.63388276 -0.7729714 -0.021722829 85.177246 0.77160156 0.6341082 -0.0479815 52.527832 0.05087024 0.013645457 0.9986117 5.3762207
0.6250277 -0.78048235 -0.017545369 85.947266 0.77919453 0.62506646 -0.047629833 53.489502 0.048131 0.016107637 0.99871147 5.4362793
0.61509305 -0.78829575 -0.016747074 86.70215 0.78705287 0.61511993 -0.046951707 54.46338 0.047321714 0.015708756 0.9987567 5.51001
0.60622907 -0.7950824 -0.01783984 87.45361 0.7937393 0.6062972 -0.04867761 55.441162 0.04951849 0.015349292 0.9986552 5.571167
0.59597576 -0.80275327 -0.017548101 88.18579 0.8012739 0.5960021 -0.05146665 56.43213 0.051783815 0.016614359 0.9985203 5.6414795
0.5875794 -0.80900705 -0.01861628 88.91797 0.80750155 0.5876741 -0.051657084 57.441406 0.05273349 0.015326295 0.99849135 5.714966
0.577248 -0.8164983 -0.014052507 89.64429 0.81496567 0.57708895 -0.053688783 58.449463 0.05193233 0.019535422 0.99845916 5.7877197
0.5660813 -0.82422924 -0.011204257 90.35571 0.82274514 0.5657939 -0.053816892 59.48169 0.05069089 0.021242697 0.9984881 5.85791
0.5549377 -0.8319657 -0.009952678 91.04712 0.83044344 0.5545802 -0.055003442 60.52368 0.051279202 0.022258043 0.9984362 5.9329834
0.5463617 -0.8373891 -0.011334135 91.738525 0.83580923 0.54608124 -0.05547838 61.5791 0.052661687 0.020840498 0.99839514 6.0081787
0.5356389 -0.8445029 -0.011836191 92.40845 0.8429291 0.53541344 -0.055103656 62.652588 0.05286903 0.019531984 0.9984099 6.074341
0.5249905 -0.8509172 -0.01308613 93.0708 0.8492602 0.5248307 -0.056181964 63.72339 0.05468658 0.018397238 0.99833506 6.15271
0.514009 -0.85752904 -0.0136009315 93.72266 0.8558465 0.51389575 -0.05643844 64.81421 0.055390913 0.017365802 0.9983135 6.232788
0.50636184 -0.86221933 -0.013213212 94.37134 0.86064875 0.5062749 -0.054491423 65.90674 0.05366762 0.01621673 0.9984269 6.304199
0.4990029 -0.8663984 -0.009505626 95.01196 0.8649596 0.4987575 -0.053161506 67.01514 0.050813753 0.018303845 0.9985405 6.378174
0.4894875 -0.87198716 -0.009009019 95.629395 0.8705575 0.48923355 -0.05311937 68.132324 0.050721653 0.018163683 0.998548 6.454468
0.481819 -0.8763489 -0.008523194 96.24414 0.87476486 0.48149452 -0.05619166 69.24927 0.053351298 0.01961248 0.99838305 6.5301514
0.4766038 -0.8791566 -0.0071888873 96.86035 0.8774436 0.47615865 -0.059026673 70.369385 0.055310447 0.021813503 0.9982302 6.6068115
0.46985844 -0.88286704 -0.006412903 97.47241 0.8810045 0.4693175 -0.06192544 71.50537 0.057662703 0.023441318 0.99806046 6.685913
0.46556962 -0.8849892 -0.00536619 98.071045 0.88293415 0.46488556 -0.06556218 72.64136 0.06052018 0.025790703 0.9978342 6.774414
0.46034113 -0.88771784 -0.0033660517 98.660645 0.88568616 0.45953786 -0.06598045 73.77173 0.060119778 0.027390392 0.99781525 6.8603516
0.45546034 -0.8902937 0.00047505126 99.24829 0.88851374 0.45451576 -0.06344942 74.913086 0.056271482 0.029321656 0.9979848 6.9473877
0.45309514 -0.8914705 0.0065210457 99.83472 0.88991165 0.45184302 -0.062865414 76.05151 0.053096462 0.03428337 0.9980005 7.0317383
0.4485639 -0.893671 0.008354289 100.40259 0.8922272 0.44726178 -0.06176555 77.184814 0.051463764 0.035160325 0.99805576 7.114624
0.44579232 -0.8951421 0.010140589 100.9668 0.89378595 0.44442382 -0.06120996 78.325195 0.0502786 0.036341578 0.99807334 7.19104
0.4453794 -0.8951918 0.0131747965 101.528564 0.89402777 0.4439227 -0.05960048 79.45386 0.04751151 0.038331233 0.9981353 7.26709
0.44260657 -0.89666426 0.01603674 102.082275 0.89563155 0.44103965 -0.05908633 80.57129 0.045912612 0.040506106 0.9981232 7.3410645
0.44055036 -0.8975265 0.017662989 102.63135 0.89649564 0.4388558 -0.06043027 81.69824 0.046479914 0.042452697 0.9980165 7.414551
0.43857485 -0.898562 0.020318205 103.16919 0.89767617 0.43679142 -0.059708234 82.80249 0.044778686 0.044430964 0.9980087 7.485962
0.43396991 -0.900428 0.02376417 103.70752 0.89971894 0.43207017 -0.05905204 83.92334 0.042912286 0.047015235 0.99797213 7.557617
0.4340038 -0.90027124 0.027763672 104.238525 0.8997707 0.4319519 -0.058728088 85.02075 0.04089097 0.050476525 0.99788785 7.623535
0.4324778 -0.90130675 0.029412525 104.75537 0.9008692 0.43033552 -0.059172295 86.09595 0.040681947 0.052086543 0.99781334 7.685791
0.43039054 -0.9021606 0.029752173 105.26831 0.90170217 0.42819545 -0.05996851 87.173096 0.041346457 0.052621905 0.99775755 7.7563477
0.43142858 -0.90168214 0.029869726 105.776855 0.9011638 0.42914027 -0.06160062 88.241455 0.042724535 0.053480804 0.99765366 7.8259277
0.43141612 -0.901624 0.028554166 106.27026 0.90100557 0.42914635 -0.06233096 89.29956 0.043944065 0.052631088 0.9976474 7.8894043
0.43397126 -0.90054005 0.025751043 106.75708 0.89979887 0.43184125 -0.061990783 90.342285 0.044703826 0.050083607 0.99774474 7.958252
0.4365209 -0.8991581 0.023332998 107.248535 0.89832217 0.43451646 -0.061614018 91.36694 0.045264587 0.047881883 0.99782825 8.025757
0.44369775 -0.8961252 0.021743368 107.74048 0.89524716 0.44177744 -0.06119052 92.39111 0.04522766 0.04660943 0.9978885 8.093872
0.44875747 -0.8933464 0.018574458 108.242676 0.89236814 0.44700873 -0.060482655 93.407715 0.04573875 0.043716244 0.9979962 8.15564
0.4551325 -0.89022565 0.0191767 108.74414 0.88931626 0.4533791 -0.05981115 94.40845 0.044559564 0.044266596 0.9980248 8.219482
0.4636937 -0.88582295 0.018032892 109.2478 0.88492227 0.46202388 -0.05885692 95.407715 0.043814495 0.043241017 0.99810284 8.285156
0.4724546 -0.8811208 0.017288456 109.77881 0.88023424 0.47083673 -0.058199555 96.40234 0.043147746 0.042726666 0.9981553 8.347168
0.48161685 -0.8763311 0.01610814 110.298096 0.8754671 0.48009592 -0.056876633 97.380615 0.04211226 0.0414954 0.99825084 8.405273
0.49093038 -0.8710095 0.01426696 110.84302 0.87004215 0.48943737 -0.057893716 98.35547 0.043443915 0.04083276 0.9982211 8.463379
0.5020838 -0.8646525 0.010971491 111.383545 0.8635145 0.50067174 -0.05918997 99.312256 0.045692258 0.03919937 0.9981865 8.52417
0.5126057 -0.85859716 0.007164631 111.934326 0.85734266 0.51136535 -0.058947094 100.25806 0.046940334 0.03635562 0.9982358 8.589111
0.5254624 -0.8507138 0.0042789746 112.50708 0.84949934 0.5244289 -0.056283046 101.20093 0.045650106 0.033211492 0.9984054 8.642456
0.53675556 -0.8437298 0.0037418753 113.07471 0.8426002 0.5357962 -0.054288868 102.12427 0.043803513 0.032291323 0.9985181 8.70752
0.5495555 -0.83537513 0.003697983 113.67407 0.8343319 0.54863656 -0.0525912 103.05469 0.04190136 0.03199064 0.9986098 8.766724
0.56102836 -0.82788754 0.0031777518 114.276855 0.82689357 0.56015754 -0.05129019 103.947754 0.0406827 0.031402156 0.9986785 8.826294
0.5723264 -0.819968 0.0022417465 114.88696 0.8189297 0.5714594 -0.051949598 104.83545 0.041319348 0.031571947 0.99864733 8.88208
0.584582 -0.81136745 0.000797459 115.5105 0.8103065 0.5837668 -0.05170366 105.71094 0.04148231 0.03086936 0.9986622 8.93811
0.5942748 -0.8042313 0.001637694 116.134766 0.80313045 0.59335244 -0.053540714 106.55884 0.042097367 0.03312868 0.99856377 8.993774
0.6049452 -0.79613626 0.00096205005 116.77222 0.79505724 0.6040617 -0.052786227 107.39917 0.041450005 0.032697823 0.9986055 9.05603
0.61656773 -0.7874111 0.001080669 117.41455 0.7864429 0.61574006 -0.050453767 108.23291 0.039050516 0.031963553 0.99872637 9.111816
0.6257268 -0.780037 0.0029819263 118.04663 0.77920735 0.6248752 -0.04866213 109.03247 0.03609038 0.03277327 0.9988111 9.160767
0.63639283 -0.77125347 0.0016625028 118.69946 0.7704752 0.63565093 -0.046333592 109.83423 0.034679025 0.030769803 0.9989249 9.220825
0.6458574 -0.7634406 -0.0006938145 119.34302 0.7626441 0.64522415 -0.045084696 110.61084 0.034877945 0.028589299 0.99898255 9.262573
0.65557444 -0.75510764 -0.0032916204 119.998535 0.75425714 0.6550315 -0.044793177 111.377686 0.03597726 0.026881319 0.998991 9.309204
0.66520387 -0.74650335 -0.0041164765 120.663086 0.7456601 0.6646956 -0.044178538 112.1355 0.035718545 0.026325412 0.99901557 9.358154
0.67355305 -0.7390022 -0.0035411417 121.31592 0.7382537 0.6730722 -0.04201816 112.869385 0.033442385 0.02568757 0.9991106 9.404175
0.6820092 -0.73134536 -0.001814133 121.9834 0.7306915 0.68149996 -0.04065668 113.59375 0.030975483 0.026404258 0.9991713 9.445068
0.6912831 -0.722582 -0.0011543217 122.65991 0.7219646 0.6907566 -0.040257346 114.30542 0.02988856 0.026998632 0.99918866 9.502197
0.697361 -0.7167132 -0.0028626993 123.319336 0.71611696 0.6969335 -0.038183473 114.99805 0.029366866 0.024575535 0.9992664 9.531006
0.7058432 -0.70841265 -0.0025853612 124.00244 0.7078341 0.7054053 -0.038005583 115.68091 0.028739711 0.024998637 0.9992745 9.577393
0.712747 -0.7015013 -0.0019595549 124.66333 0.70102215 0.71235794 -0.035077404 116.34717 0.025997732 0.02363059 0.9993828 9.614746
0.71956784 -0.69437826 -0.0012984863 125.33594 0.6939965 0.7192317 -0.031865176 117.01465 0.023057781 0.022030734 0.9994915 9.652588
0.72737795 -0.6862355 -0.0007854076 126.01611 0.6859028 0.7270602 -0.030309394 117.65527 0.021373175 0.021504954 0.99954015 9.685059
0.734882 -0.6781334 -0.0015197814 126.67407 0.67782384 0.73461074 -0.028647074 118.27515 0.020545281 0.0200201 0.9995883 9.724121
0.74124116 -0.6713275 -0.0021387227 127.33911 0.6710572 0.7410259 -0.026194233 118.89575 0.019168513 0.017981118 0.9996545 9.746216
0.751677 -0.65961283 -0.0016183264 128.01123 0.6594132 0.7515055 -0.022880606 119.49585 0.016307995 0.016132433 0.9997368 9.782349
0.7597075 -0.6502546 -0.00066167885 128.67114 0.6501264 0.75957686 -0.019116526 120.06958 0.012934089 0.014093345 0.99981695 9.809448
0.7702417 -0.6377207 -0.00076033827 129.3479 0.63761854 0.77013874 -0.017012428 120.64404 0.011434847 0.012617491 0.9998549 9.83374
0.77988505 -0.62608784 -0.0025905308 130.00806 0.625977 0.77981335 -0.016039459 121.186035 0.012059299 0.010886308 0.9998679 9.854248
0.79042673 -0.6125999 -0.003526215 130.6792 0.6124675 0.7903537 -0.017026208 121.7168 0.013217274 0.011297992 0.99984866 9.87561
0.80025744 -0.59968853 -0.0041847616 131.37598 0.5995652 0.8002033 -0.015871862 122.24121 0.012867289 0.010192765 0.9998652 9.894653
0.8092663 -0.58747166 -0.0026660431 132.05469 0.5873808 0.80920696 -0.014485463 122.74951 0.010665663 0.0101570515 0.9998915 9.91626
0.8196815 -0.5727773 -0.00083521183 132.76099 0.5727273 0.8196275 -0.012089577 123.25073 0.007610523 0.0094303 0.99992657 9.932983
0.8278026 -0.5610815 0.0011573341 133.45288 0.5610609 0.82775056 -0.010518321 123.72583 0.0049422914 0.009356033 0.999944 9.947388
0.83698577 -0.54732347 0.0037893606 134.16602 0.5473339 0.8369392 -0.008994762 124.19141 0.0017512888 0.009601859 0.9999524 9.9609375
0.8459128 -0.5334516 0.005332065 134.8938 0.5334783 0.8458712 -0.008395304 124.65112 -3.2065436e-05 0.009945288 0.99995047 9.972778
0.85167557 -0.52398896 0.0076341685 135.60547 0.52404076 0.8516346 -0.008597944 125.1001 -0.0019959905 0.011324586 0.99993384 9.984009
0.8588947 -0.51197195 0.007355383 136.32837 0.5120202 0.8588592 -0.008100165 125.53613 -0.0021701725 0.01072417 0.9999401 9.995117
0.8655538 -0.50088096 0.007107107 137.0857 0.5009217 0.8655378 -0.0060846247 125.96533 -0.0031038872 0.008825954 0.99995625 10.005005
0.8719326 -0.4896155 0.0062925857 137.81885 0.48964366 0.8719299 -0.0041079633 126.39551 -0.0034761368 0.006662843 0.9999717 10.0095215
0.878032 -0.47858676 0.006292034 138.5747 0.4786109 0.8780361 -0.0030663796 126.8147 -0.0040568346 0.0057028467 0.99997544 10.012329
0.8835681 -0.46820572 0.0071677566 139.32227 0.46823665 0.88357425 -0.003410915 127.22876 -0.0047363495 0.006370565 0.9999684 10.015381
0.88881254 -0.45817944 0.006442106 140.09644 0.45820725 0.88881356 -0.0037575392 127.61841 -0.004003981 0.0062918933 0.9999721 10.019409
0.89342636 -0.44908276 0.006172766 140.88745 0.44911078 0.89342356 -0.0042614364 128.00732 -0.0036008477 0.0065797823 0.99997187 10.022339
0.89628 -0.44345593 0.006074165 141.64966 0.44347987 0.8962826 -0.003339015 128.40454 -0.0039634146 0.005686034 0.999976 10.027344
0.899675 -0.43643725 0.009003126 142.46484 0.43646654 0.8997047 -0.001486294 128.79834 -0.007451482 0.005266954 0.9999584 10.02832
0.9024059 -0.4306551 0.011980096 143.27661 0.43066505 0.9024789 0.0018699304 129.18921 -0.011617053 0.0034737731 0.99992645 10.026489
0.9052084 -0.42473748 0.013833398 144.08862 0.42470902 0.9053133 0.0050784256 129.5918 -0.014680607 0.0012776116 0.9998914 10.022949
0.9089657 -0.41670328 0.015117331 144.93188 0.41663253 0.90909123 0.007708825 129.9768 -0.016954418 -0.00071181403 0.999856 10.015015
0.9120334 -0.40975887 0.01642383 145.77783 0.4096556 0.9121795 0.009376828 130.37549 -0.018824019 -0.0018221675 0.999821 9.999878
0.9147597 -0.40355068 0.019399412 146.6394 0.40340194 0.9149621 0.011224648 130.7544 -0.022278646 -0.0024414416 0.9997487 9.987915
0.9182994 -0.39528614 0.021481123 147.52246 0.395129 0.9185488 0.011306007 131.12573 -0.024200477 -0.0018940801 0.9997053 9.973511
0.92129785 -0.38819686 0.022702923 148.4126 0.3880388 0.92157626 0.01117571 131.5144 -0.02526102 -0.0014871202 0.9996798 9.958252
0.9248879 -0.37957284 0.022597663 149.31396 0.37943214 0.9251635 0.010381094 131.88892 -0.024847243 -0.0010256721 0.9996907 9.927734
0.9289183 -0.3695325 0.023997191 150.25024 0.36945537 0.9292267 0.007735065 132.24756 -0.025156764 0.0016793008 0.9996822 9.9210205
0.93244386 -0.36066046 0.022922538 151.1836 0.3606208 0.93272185 0.0059842276 132.6228 -0.023537863 0.002685624 0.9997193 9.895874
0.9370612 -0.3484925 0.021162968 152.14551 0.34845582 0.93729764 0.005516675 132.97656 -0.021758184 0.0022074652 0.9997607 9.884277
0.94162756 -0.33617088 0.01956621 153.11865 0.33608735 0.94183075 0.007505697 133.33105 -0.020951144 -0.00049316743 0.99978036 9.864258
0.9470612 -0.32038245 0.019589012 154.10352 0.32022324 0.9472552 0.010871359 133.68701 -0.022039028 -0.0040217238 0.999749 9.84668
0.95337564 -0.30104905 0.021709895 155.12036 0.30077314 0.95359045 0.015092978 134.01099 -0.025245016 -0.007860146 0.9996504 9.820557
0.959311 -0.281453 0.02259983 156.13135 0.28109115 0.959516 0.01791173 134.33057 -0.026726797 -0.010830747 0.99958414 9.799438
0.9655994 -0.25902537 0.023769572 157.19409 0.25857693 0.9657972 0.020370329 134.61694 -0.028231742 -0.013524752 0.9995098 9.783936
0.9705099 -0.23975755 0.024770055 158.23218 0.23925814 0.97071064 0.021520484 134.91089 -0.029203698 -0.0149602415 0.9994618 9.754517
0.9757458 -0.21708566 0.028076615 159.3269 0.2164929 0.97601765 0.02269524 135.15137 -0.032330476 -0.016064806 0.999348 9.731812
0.9804407 -0.19433038 0.031102411 160.41284 0.19360237 0.9807604 0.024948742 135.37769 -0.03535316 -0.018440243 0.999205 9.695557
0.9846629 -0.17074826 0.035900913 161.55103 0.16986191 0.98511505 0.026460718 135.58374 -0.039884295 -0.019957403 0.9990051 9.668579
0.98792005 -0.14977668 0.03972866 162.67822 0.14871052 0.9884663 0.028573923 135.76904 -0.04355068 -0.02232116 0.99880207 9.626343
0.99098724 -0.12786067 0.04001776 163.82983 0.12671165 0.9914872 0.030042127 135.93628 -0.043518476 -0.024701037 0.998747 9.583862
0.9935323 -0.106778316 0.03862593 164.97266 0.105625086 0.99393016 0.030761477 136.07373 -0.041676104 -0.026482468 0.9987801 9.538208
0.9957052 -0.084423535 0.03794948 166.15039 0.083250545 0.99602956 0.0314895 136.19214 -0.040457748 -0.0281934 0.998783 9.495117
0.9970786 -0.06518687 0.039824285 167.33398 0.064047866 0.99751866 0.029237464 136.27441 -0.041631494 -0.026601892 0.99877894 9.458496
0.998116 -0.04425177 0.04251042 168.53711 0.043023102 0.99864167 0.029396541 136.34302 -0.043753415 -0.02751273 0.99866354 9.413818
0.9987609 -0.022554323 0.044359062 169.74902 0.021227794 0.9993201 0.030151123 136.3833 -0.04500874 -0.029172178 0.99856037 9.370361
0.9989482 -0.0047721313 0.045611568 170.96436 0.0033361032 0.9994978 0.03151114 136.40186 -0.04573903 -0.031325888 0.9984624 9.323486
0.99880916 0.016981324 0.045737825 172.21362 -0.018448116 0.9993228 0.031836286 136.3916 -0.04516612 -0.032642175 0.9984459 9.27356
0.9982747 0.03688407 0.04568454 173.46143 -0.038469713 0.9986696 0.03432761 136.36426 -0.04435727 -0.036025967 0.99836594 9.22644
0.997371 0.056057137 0.045904852 174.74341 -0.057707835 0.99770385 0.03545402 136.31348 -0.043812174 -0.038010586 0.9983161 9.174683
0.9959826 0.07767867 0.044522196 176.00317 -0.07927297 0.996229 0.035241984 136.22656 -0.041616827 -0.038630586 0.9983868 9.12561
0.99461985 0.094482556 0.0424549 177.27002 -0.09606605 0.9946885 0.03694032 136.11841 -0.038738877 -0.040820885 0.998415 9.081421
0.9926606 0.11364343 0.041379787 178.58618 -0.115223676 0.9926128 0.038030487 135.98828 -0.036752384 -0.042519677 0.998419 9.04126
0.99030787 0.13332462 0.038970925 179.88306 -0.13479766 0.99014723 0.03797837 135.83105 -0.03352408 -0.042863306 0.9985182 9.00354
0.9874444 0.15412164 0.034508303 181.21997 -0.15544303 0.98704696 0.039597493 135.64185 -0.027959403 -0.044465907 0.9986201 8.959839
0.9845061 0.17297868 0.029080046 182.55737 -0.17408563 0.9838773 0.041218136 135.43677 -0.021483514 -0.0456397 0.99872696 8.941528
0.9818126 0.18822603 0.024628883 183.86646 -0.18917038 0.9809398 0.0443096 135.20459 -0.015817842 -0.048163906 0.99871397 8.918823
0.9781875 0.20656118 0.021709133 185.20288 -0.20737043 0.977166 0.046183478 134.93555 -0.01167067 -0.049677882 0.9986967 8.90918
0.9742878 0.22440729 0.01998529 186.56055 -0.22513784 0.9730861 0.049103454 134.64209 -0.008426999 -0.05234096 0.99859357 8.895874
0.97018176 0.2415124 0.020598723 187.90723 -0.24224941 0.9690003 0.048567377 134.32544 -0.0082308 -0.05210851 0.99860746 8.897583
0.96585345 0.25838247 0.019705422 189.25488 -0.25904146 0.9647364 0.046952207 133.96582 -0.0068824133 -0.050452657 0.998703 8.900391
0.9607407 0.2769949 0.016967662 190.60034 -0.2774964 0.9595739 0.047425974 133.5979 -0.0031449706 -0.05027063 0.99873006 8.902222
0.9563085 0.29201162 0.014225373 191.94238 -0.29235622 0.95501107 0.049812403 133.21338 0.000957774 -0.05179485 0.9986577 8.90918
0.9505034 0.3102978 0.014240187 193.31201 -0.31061697 0.94916517 0.05046285 132.7815 0.0021468494 -0.052390028 0.9986243 8.912964
0.94481814 0.32729182 0.015424979 194.68799 -0.32764256 0.9433211 0.05323672 132.3335 0.002870994 -0.0553514 0.99846256 8.929932
0.9388386 0.34403855 0.013915297 196.02051 -0.34425864 0.9371433 0.056756243 131.8711 0.006490835 -0.058075316 0.99829054 8.94104
0.9318678 0.3625661 0.012929037 197.37573 -0.36268854 0.9301291 0.057587013 131.36523 0.008851606 -0.058353383 0.998257 8.96228
0.9248958 0.3801395 0.010044518 198.75171 -0.3800572 0.9231614 0.058042042 130.82178 0.012788067 -0.057500377 0.9982638 8.9823
0.91751605 0.397637 0.0060701855 200.08691 -0.39728394 0.915804 0.058792625 130.26416 0.01781817 -0.056354996 0.99825203 9.0177
0.90904075 0.41668367 0.0023502656 201.41406 -0.41601494 0.9072325 0.062021367 129.68823 0.023712039 -0.057356685 0.998072 9.060059
0.900001 0.4358584 0.0010407455 202.78003 -0.43498808 0.898048 0.06535912 129.06885 0.027550768 -0.059276957 0.99786186 9.106079
0.887165 0.46147043 0.002012657 204.10132 -0.46050683 0.88501227 0.068598635 128.40796 0.029879894 -0.06178654 0.99764156 9.152222
0.87421894 0.48541507 0.00251712 205.4336 -0.48430055 0.87183684 0.07242783 127.70923 0.032973982 -0.064536005 0.9973701 9.213623
0.85966927 0.510921 0.0034261295 206.7622 -0.50963986 0.8569973 0.07682268 126.97217 0.036322184 -0.067786396 0.9970368 9.271484
0.8445182 0.53541535 0.0035877305 208.0315 -0.5339463 0.8416666 0.0799579 126.22461 0.03979586 -0.069439374 0.99679214 9.347046
0.8304451 0.5570286 0.0032785693 209.31494 -0.55539334 0.82752573 0.08165955 125.4104 0.042786345 -0.06963723 0.99665403 9.41687
0.8127938 0.58244795 0.0031495376 210.58154 -0.5806887 0.8098953 0.082220435 124.54492 0.04534429 -0.068655595 0.99660945 9.490723
0.797015 0.6039873 0.0007640009 211.82275 -0.60188544 0.79413533 0.08437937 123.65503 0.050343145 -0.067712784 0.9964349 9.578735
0.7804205 0.6252341 -0.001913866 213.0232 -0.622758 0.77759516 0.08656734 122.74634 0.05562179 -0.066363774 0.99624324 9.668701
0.7633648 0.6460438 -0.0039283955 214.21484 -0.6432714 0.76062274 0.08813156 121.76831 0.059924137 -0.06475634 0.99610054 9.765381
0.7479638 0.6636298 -0.0048073446 215.38647 -0.66064775 0.7452531 0.089556806 120.78882 0.06302165 -0.06380252 0.99597 9.870117
0.7312139 0.6820427 -0.005336169 216.53735 -0.6789409 0.72859097 0.089889854 119.77246 0.065204516 -0.062111266 0.9959377 9.979004
0.7148603 0.6992729 -0.0053537935 217.64941 -0.69607407 0.71228343 0.090407185 118.716064 0.06701404 -0.060899977 0.99589217 10.088379
0.7000497 0.7141517 -0.0072429967 218.74072 -0.7107705 0.69765353 0.09063849 117.65161 0.06979052 -0.05830286 0.9958557 10.206543
0.6854126 0.7280717 -0.009360895 219.81763 -0.72443634 0.68317246 0.09183609 116.55127 0.07325858 -0.05615492 0.99572974 10.322998
0.6700163 0.74226665 -0.011676384 220.86963 -0.7383163 0.667923 0.09372228 115.43945 0.077376835 -0.05418121 0.9955291 10.453247
0.65592104 0.7547528 -0.012460613 221.9082 -0.75054073 0.6538445 0.09599026 114.295654 0.08059984 -0.053611416 0.99530375 10.577026
0.6385278 0.7694246 -0.012129578 222.92432 -0.7651325 0.6364879 0.0966135 113.11548 0.08207208 -0.052413996 0.9952476 10.721924
0.62332433 0.78197706 -0.01004591 223.90918 -0.7776966 0.62116176 0.09729151 111.92993 0.082322 -0.052829437 0.9952041 10.858765
0.6051396 0.79617304 -0.004924522 224.87695 -0.79205227 0.6026132 0.09805658 110.729004 0.08105192 -0.055433244 0.9951664 10.998413
0.587613 0.80927575 9.988248e-05 225.80957 -0.80534923 0.58474874 0.09846758 109.50635 0.079622485 -0.0579426 0.9951397 11.135742
0.569851 0.82169443 0.0037287187 226.71802 -0.81780684 0.5667016 0.099843085 108.28052 0.07992885 -0.05994988 0.9949967 11.284424
0.5514123 0.83424616 0.006426587 227.57007 -0.8301803 0.54792917 0.103130646 107.05078 0.082522236 -0.06220503 0.9946462 11.426758
0.53304005 0.8461226 0.009414563 228.38501 -0.841853 0.52916306 0.106833726 105.81641 0.08539473 -0.06486038 0.9942327 11.568359
0.5141939 0.8577621 0.012793958 229.17358 -0.8536792 0.51016265 0.10618796 104.562744 0.08454506 -0.06550489 0.9942624 11.721191
0.49083877 0.87117887 0.016728332 229.93872 -0.86732376 0.48664302 0.105265364 103.298096 0.083571166 -0.06618159 0.9943021 11.866577
0.47194254 0.8814369 0.020481475 230.6355 -0.87793934 0.46767956 0.10284629 102.04883 0.08107328 -0.06651676 0.994486 12.004517
0.45116636 0.8921213 0.02449656 231.3274 -0.88890076 0.44675282 0.101472296 100.76538 0.079577975 -0.06753819 0.99453634 12.150879
0.42733338 0.90374094 0.025929626 231.97974 -0.9006493 0.42301574 0.099621646 99.47461 0.07903636 -0.06591539 0.9946896 12.282715
0.406999 0.9129366 0.028348338 232.56812 -0.9099821 0.40261996 0.09868726 98.21631 0.078655526 -0.06596554 0.9947176 12.416504
0.38307232 0.9231979 0.028877085 233.13892 -0.92025685 0.37880158 0.09752156 96.91333 0.07909949 -0.063939124 0.99481463 12.548584
0.36134136 0.93204266 0.027052812 233.67383 -0.9289118 0.35730648 0.097251 95.63501 0.08096269 -0.060259193 0.99489295 12.686279
0.34204593 0.9393999 0.026740294 234.15161 -0.9361349 0.33807904 0.09764777 94.36011 0.08266848 -0.05841387 0.9948623 12.813843
0.3191979 0.9473378 0.026747277 234.61621 -0.9442397 0.31548586 0.09449049 93.06348 0.081086226 -0.05540263 0.995165 12.952759
0.2987731 0.9539762 0.026808029 235.04224 -0.9508046 0.2951249 0.0944624 91.78613 0.08221464 -0.05369956 0.99516594 13.08252
0.27745354 0.960273 0.028465284 235.44092 -0.95672387 0.27349412 0.09897337 90.52222 0.08726292 -0.054696944 0.9946828 13.214844
0.25801623 0.96565384 0.030254513 235.81909 -0.96130335 0.25347954 0.10779956 89.25171 0.0963979 -0.056885265 0.99371445 13.351807
0.24023637 0.97006625 0.033176005 236.15674 -0.9650321 0.23504755 0.11536823 88.01221 0.10409975 -0.05971835 0.9927704 13.499512
0.22115253 0.97454363 0.03685639 236.46924 -0.9692125 0.21543373 0.119250946 86.76196 0.10825826 -0.06210191 0.99218166 13.651489
0.1995632 0.9789937 0.041341126 236.75562 -0.973711 0.19341435 0.120176226 85.495605 0.109631926 -0.06422894 0.99189365 13.800415
0.18266337 0.9821442 0.04610938 237.01294 -0.97714615 0.17612779 0.119403675 84.26831 0.10915783 -0.06683862 0.99177253 13.956177
0.16187406 0.98551536 0.05106391 237.2544 -0.9807531 0.15492325 0.11904065 83.02344 0.10941092 -0.06933934 0.99157435 14.114014
0.14321512 0.98831284 0.05235327 237.44629 -0.9836971 0.13632922 0.11735143 81.78955 0.10884021 -0.06832257 0.9917103 14.265991
0.12506658 0.9906955 0.054704253 237.63208 -0.9861842 0.11805485 0.11668124 80.57178 0.10912199 -0.0685302 0.9916624 14.411621
