1.0 0.0 0.0 0.0 0.0 1.0 0.0 0.0 0.0 0.0 1.0 0.0
0.99977934 0.020991076 -0.0007056802 0.10192871 -0.020989731 0.99977785 0.0018621945 -0.01574707 0.0007446258 -0.0018469667 0.99999803 -0.0056152344
0.99933165 0.03655209 0.00010733256 0.25598145 -0.03655221 0.99932176 0.004449891 -0.018310547 5.542374e-05 -0.00445084 0.9999901 0.0017089844
0.9979685 0.06366628 0.0018414614 0.43310547 -0.06367638 0.997951 0.006084027 -0.03857422 -0.0014502319 -0.006188944 0.9999798 0.0007324219
0.99530566 0.096710674 0.0037542505 0.59265137 -0.09673021 0.99529606 0.005427243 -0.091674805 -0.0032118075 -0.005764954 0.99997824 -0.0030517578
0.99081445 0.135064 0.0068191937 0.7993164 -0.13508075 0.9908335 0.0020558117 -0.13867188 -0.0064791325 -0.0029579941 0.99997467 0.0064697266
0.98462886 0.17450641 0.007518325 0.9779053 -0.17450346 0.9846575 -0.0010519281 -0.2006836 -0.0075865462 -0.00027616462 0.9999712 0.0
0.97607577 0.21727034 0.008684344 1.1945801 -0.21726632 0.9761143 -0.0014152499 -0.2755127 -0.008784396 -0.00050490635 0.9999613 0.0064697266
0.9638335 0.2662714 0.012164837 1.4147949 -0.26628673 0.963906 -0.00037081877 -0.36499023 -0.011824567 -0.0028812247 0.999926 -0.013916016
0.9493401 0.3137875 0.018403975 1.6595459 -0.31375763 0.9495174 -0.004561762 -0.47021484 -0.018905783 -0.0014429498 0.9998202 -0.01159668
0.9325433 0.36027128 0.024592469 1.8820801 -0.36001667 0.9328571 -0.014247826 -0.5974121 -0.028073397 0.0044324575 0.9995959 -0.0068359375
0.9112659 0.41102472 0.027070312 2.1083984 -0.41060477 0.91164136 -0.019832218 -0.743042 -0.032828867 0.0069592055 0.99943674 -0.004272461
0.88623786 0.46219873 0.031137297 2.3551025 -0.46173206 0.8867738 -0.021232983 -0.91760254 -0.0374246 0.0044378024 0.99928933 -0.012451172
0.85781753 0.5126947 0.035801325 2.5892334 -0.51216483 0.85856277 -0.023366762 -1.0866699 -0.042717222 0.0017063301 0.9990856 -0.03137207
0.8255264 0.56316227 0.037765644 2.8319092 -0.5624507 0.8263867 -0.028377045 -1.2980957 -0.04719303 0.002188797 0.9988836 -0.037719727
0.7900051 0.61201453 0.037684806 3.065918 -0.6110689 0.790893 -0.034247674 -1.5133057 -0.050760932 0.004032651 0.9987028 -0.04736328
0.7512258 0.6590138 0.037423033 3.29187 -0.6578895 0.7521439 -0.038729437 -1.767456 -0.053675666 0.0044742525 0.99854845 -0.061645508
0.71184266 0.70140463 0.035714492 3.5300293 -0.7001655 0.7127212 -0.0419649 -2.041748 -0.054885805 0.00487053 0.99848104 -0.07873535
0.6697695 0.74166816 0.034979258 3.7420654 -0.74039984 0.67067456 -0.04347824 -2.3288574 -0.055708677 0.0032194443 0.9984419 -0.09716797
0.6272253 0.7778332 0.03741668 3.9786377 -0.7765543 0.6283393 -0.0446016 -2.6538086 -0.058208905 -0.0010836609 0.99830395 -0.12890625
0.58573234 0.8095744 0.039276175 4.2095947 -0.8083158 0.58702445 -0.0454162 -2.9915771 -0.059827797 -0.005134858 0.99819624 -0.14819336
0.54590726 0.8369801 0.038912438 4.4085693 -0.83573383 0.5472433 -0.04622795 -3.3742676 -0.059993293 -0.0072758384 0.99817294 -0.17077637
0.5063044 0.8613016 0.04013389 4.6428223 -0.8599201 0.5078055 -0.04966536 -3.776123 -0.06316094 -0.009360515 0.9979599 -0.19470215
0.46947122 0.88213885 0.04091775 4.8376465 -0.8808564 0.47107482 -0.049271025 -4.197876 -0.06272477 -0.012913322 0.9979466 -0.2220459
0.43272895 0.9006007 0.039551657 5.0463867 -0.8993376 0.4343046 -0.04972841 -4.664795 -0.061953913 -0.01403515 0.9979806 -0.25378418
0.40053356 0.9156799 0.03657494 5.2401123 -0.9144884 0.40195873 -0.04872493 -5.147949 -0.05931349 -0.013926049 0.99814236 -0.28076172
0.36972934 0.9285674 0.031103482 5.4456787 -0.92748016 0.37085176 -0.046433657 -5.6638184 -0.054634836 -0.011681274 0.99843746 -0.3076172
0.34469467 0.9383635 0.028112441 5.6328125 -0.9372799 0.34568343 -0.046264697 -6.2128906 -0.0531245 -0.010412991 0.9985331 -0.34521484
0.32367504 0.9457917 0.025692098 5.8216553 -0.94478655 0.32454512 -0.04468277 -6.7906494 -0.050597187 -0.00981674 0.99867064 -0.3758545
0.3095721 0.9505546 0.024460647 6.0079346 -0.9494772 0.3104086 -0.04613032 -7.3814697 -0.051427316 -0.008947432 0.99863607 -0.40979004
0.2976118 0.954302 0.023821235 6.208374 -0.9531308 0.29844502 -0.048007872 -8.001831 -0.05292902 -0.0084232045 0.99856275 -0.43847656
0.28666538 0.9576515 0.02513314 6.402466 -0.9564409 0.28759256 -0.04914429 -8.658325 -0.05430834 -0.009950742 0.9984752 -0.47155762
0.27500337 0.9611446 0.026309311 6.598877 -0.9598849 0.27602515 -0.05048299 -9.328491 -0.05578168 -0.011373584 0.9983782 -0.51464844
0.26440802 0.9640166 0.027343355 6.805298 -0.962648 0.26553062 -0.052831076 -10.031494 -0.05817815 -0.012341981 0.9982298 -0.5533447
0.25493976 0.96655464 0.028290477 6.9852295 -0.9650857 0.25615975 -0.054914985 -10.739624 -0.060311664 -0.013302002 0.9980905 -0.5904541
0.2448868 0.96913964 0.028849307 7.1763916 -0.96759045 0.24617827 -0.056545887 -11.489136 -0.06191254 -0.014063415 0.9979831 -0.63623047
0.23413455 0.9718367 0.029497845 7.3656006 -0.97024935 0.23549943 -0.05754952 -12.253662 -0.06286595 -0.015150677 0.99790657 -0.67456055
0.22319676 0.9742967 0.030437754 7.550293 -0.9725101 0.22469644 -0.061108224 -13.031982 -0.06636708 -0.015958996 0.9976673 -0.7207031
0.21221364 0.9767538 0.032495663 7.723633 -0.97477883 0.21393482 -0.06461777 -13.819946 -0.07007031 -0.017968863 0.99738026 -0.76831055
0.19932866 0.9793809 0.032978773 7.8934326 -0.9771959 0.20117435 -0.0679999 -14.621216 -0.07322553 -0.018681735 0.99713975 -0.81591797
0.18759644 0.98158026 0.033560757 8.045776 -0.9792014 0.18956837 -0.07104431 -15.429199 -0.076115675 -0.019504175 0.99691004 -0.86572266
0.17164268 0.98460305 0.03360299 8.220581 -0.98217505 0.17368084 -0.07212051 -16.236816 -0.076838896 -0.020623578 0.9968299 -0.9127197
0.1592846 0.98664427 0.034225654 8.342041 -0.98428106 0.16139434 -0.07176505 -17.056519 -0.076340795 -0.022289652 0.996832 -0.9666748
0.14252281 0.98927045 0.03391543 8.46875 -0.9870568 0.14461063 -0.070195444 -17.875977 -0.074328154 -0.023467308 0.996957 -1.0134277
0.11983483 0.99213856 0.034961782 8.570068 -0.9900844 0.12202058 -0.06905508 -18.709106 -0.07275511 -0.02634356 0.99700046 -1.0629883
0.09690058 0.9945587 0.037727714 8.65686 -0.9927287 0.09929233 -0.06776684 -19.54541 -0.07113636 -0.03087583 0.99698853 -1.1148682
0.06586241 0.99702775 0.04045091 8.723755 -0.9953665 0.0685017 -0.067754015 -20.39087 -0.070330255 -0.035802852 0.99688154 -1.1665039
0.03308398 0.99860543 0.041262418 8.762939 -0.9970691 0.035829473 -0.0676939 -21.244385 -0.0690559 -0.03888486 0.9968538 -1.217041
-0.0020262122 0.9991777 0.040499035 8.762207 -0.99768865 0.0007311621 -0.067951545 -22.087036 -0.067922324 -0.040545195 0.9968663 -1.2624512
-0.036815766 0.9985739 0.038945112 8.738159 -0.99719006 -0.034160264 -0.06683196 -22.959473 -0.06542342 -0.041259766 0.99700564 -1.3001709
-0.06813467 0.9968805 0.03986724 8.685669 -0.9956963 -0.06542957 -0.06564438 -23.812988 -0.062846325 -0.044151243 0.9970471 -1.3366699
-0.101076595 0.99402213 0.04105818 8.6102295 -0.99316186 -0.098399766 -0.062700614 -24.665771 -0.058270197 -0.047102053 0.9971883 -1.3875732
-0.13612475 0.9899605 0.0379407 8.496094 -0.9892974 -0.13380636 -0.0580914 -25.53125 -0.05245906 -0.045468718 0.99758875 -1.4246826
-0.16459663 0.98585945 0.031923346 8.346802 -0.9852656 -0.1627901 -0.052745793 -26.374878 -0.046796814 -0.04011547 0.9980985 -1.4592285
-0.1952418 0.9803769 0.026449256 8.174561 -0.97988397 -0.19387935 -0.046854418 -27.227173 -0.04081511 -0.03507669 0.9985511 -1.4857178
-0.22343004 0.9744716 0.01976138 7.9726562 -0.9739801 -0.2224623 -0.04217407 -28.05835 -0.036717743 -0.02867494 0.9989146 -1.5043945
-0.25055683 0.96806884 0.012122391 7.7470703 -0.96762794 -0.24999402 -0.035818253 -28.891113 -0.03162799 -0.02069801 0.99928504 -1.5249023
-0.27982688 0.95999646 0.0081859175 7.5023193 -0.9597577 -0.2795334 -0.02625658 -29.717773 -0.022926733 -0.015214322 0.99962145 -1.5306396
-0.302168 0.95316935 0.0068039186 7.241577 -0.9531525 -0.30208087 -0.011454191 -30.525146 -0.008860141 -0.009949919 0.99991125 -1.5317383
-0.32619286 0.94519573 0.011946293 6.9714355 -0.945225 -0.32627606 0.0057803765 -31.322144 0.009365495 -0.00940869 0.99991184 -1.5255127
-0.35117817 0.93613744 0.018681485 6.683716 -0.93596566 -0.35152578 0.0206488 -32.11682 0.025895253 -0.01023861 0.9996123 -1.5148926
-0.37476766 0.9268466 0.020394336 6.374878 -0.9263535 -0.37525225 0.031085625 -32.902954 0.03646709 -0.007240493 0.9993086 -1.4874268
-0.40125272 0.91571367 0.019168522 6.039795 -0.91505516 -0.40169498 0.034901273 -33.68396 0.039674588 -0.003541164 0.99920666 -1.442749
-0.4213421 0.90693015 0.01641842 5.6817627 -0.90628827 -0.4216619 0.03411703 -34.459595 0.037865065 -0.0005138237 0.999283 -1.4018555
-0.440503 0.8972343 0.01156403 5.3131104 -0.8967551 -0.44064704 0.02943464 -35.221924 0.03152233 0.0026119966 0.99949944 -1.3619385
-0.46222922 0.8867476 0.0026399624 4.9229736 -0.8863802 -0.4621196 0.027573837 -35.973267 0.025656305 0.010397756 0.9996165 -1.3188477
-0.47543108 0.8799269 -2.7572736e-05 4.51355 -0.87957984 -0.47524288 0.028091881 -36.705322 0.02471339 0.013384327 0.9996052 -1.2803955
-0.48592508 0.8739369 -0.0007864777 4.106201 -0.87350315 -0.48565498 0.03195008 -37.427002 0.027532812 0.016217507 0.9994891 -1.2478027
-0.49640867 0.8683003 -0.0008386243 3.7070312 -0.86779994 -0.49608976 0.03443999 -38.13379 0.02948399 0.017803427 0.99940675 -1.2060547
-0.50433105 0.8629999 0.0062361667 3.298706 -0.8623901 -0.5042243 0.034625623 -38.84131 0.033017084 0.0120980535 0.999381 -1.1743164
-0.5161185 0.8565808 0.0074423663 2.8927002 -0.8560422 -0.51607245 0.032015983 -39.545654 0.031272016 0.010152861 0.99945956 -1.1447754
-0.52526176 0.85097885 0.005869833 2.4536133 -0.85039866 -0.52513796 0.03394107 -40.25171 0.031965543 0.012820238 0.9994068 -1.1094971
-0.5334269 0.84654135 0.0035772703 2.0133057 -0.84589946 -0.533179 0.036926687 -40.95337 0.033164047 0.016639171 0.9993119 -1.0701904
-0.53632015 0.8443665 0.004722924 1.5683594 -0.8435785 -0.536047 0.040558748 -41.654785 0.036779407 0.01775626 0.9991661 -1.0432129
-0.5349107 0.84494776 0.0063460516 1.1032715 -0.84410465 -0.53468716 0.04127593 -42.393677 0.038274497 0.016712293 0.9991277 -1.0102539
-0.5325371 0.84641796 0.0037734008 0.6386719 -0.84558123 -0.5322 0.042285744 -43.143433 0.03782932 0.019330597 0.99909794 -0.97143555
-0.524429 0.851277 0.004465935 0.18664551 -0.8504774 -0.5241508 0.040883817 -43.894165 0.03715741 0.017666064 0.99915344 -0.9324951
-0.51771736 0.8552581 0.006179531 -0.29077148 -0.8544818 -0.5175328 0.039447166 -44.671753 0.036958378 0.01515484 0.9992022 -0.89282227
-0.51103234 0.85946274 0.007970504 -0.7470703 -0.8586915 -0.510932 0.038607433 -45.463257 0.037270386 0.012896846 0.99922234 -0.8543701
-0.5043553 0.8630712 0.009618414 -1.204834 -0.8623186 -0.504334 0.03758402 -46.26233 0.037288815 0.010673655 0.9992472 -0.81481934
-0.49903768 0.86615366 0.012646344 -1.6763916 -0.8654685 -0.4991548 0.035058856 -47.097656 0.03669668 0.0065627876 0.99930483 -0.7772217
-0.49754068 0.8669335 0.01658133 -2.1351318 -0.86634 -0.4978139 0.032117184 -47.93457 0.036096454 0.0016269726 0.9993465 -0.741333
-0.4974866 0.86760443 0.018387409 -2.616333 -0.86709654 -0.49782524 0.029708346 -48.813843 0.03493135 -0.0011760173 0.99938935 -0.6933594
-0.49884984 0.8664432 0.019010954 -3.1054688 -0.86601377 -0.49920452 0.027417928 -49.68872 0.0332653 -0.002792222 0.99944293 -0.6525879
-0.50127274 0.8655862 0.019118108 -3.592041 -0.86515146 -0.5016302 0.02757325 -50.563965 0.033443447 -0.0027413457 0.9994372 -0.6098633
-0.49883828 0.8661899 0.018843696 -4.108032 -0.8657947 -0.49918428 0.026349548 -51.464355 0.0322517 -0.003171551 0.9994748 -0.5701904
-0.4988382 0.86638343 0.018081125 -4.617798 -0.8660006 -0.49915826 0.02589099 -52.36914 0.03146697 -0.002731903 0.999501 -0.52978516
-0.49743018 0.86675155 0.018039739 -5.11792 -0.86639637 -0.4977468 0.025010554 -53.277588 0.030671202 -0.003171951 0.99952424 -0.48327637
-0.49740368 0.8669214 0.020459363 -5.644043 -0.8666162 -0.497789 0.023748195 -54.203125 0.030779365 -0.0059033083 0.99950856 -0.44274902
-0.4987979 0.8666541 0.020224785 -6.14209 -0.8663657 -0.49917206 0.023142738 -55.103516 0.030153688 -0.005977023 0.9995275 -0.40246582
-0.49878883 0.8664497 0.021184608 -6.6606445 -0.8661837 -0.4991887 0.022601217 -56.023926 0.03016965 -0.0070868153 0.99951994 -0.35534668
-0.49459034 0.8688892 0.020663835 -7.182251 -0.8686448 -0.49496993 0.021822792 -56.955566 0.029174913 -0.0071608033 0.9995486 -0.30993652
-0.4945774 0.86895084 0.018862503 -7.6812744 -0.8687761 -0.49488634 0.018810723 -57.862427 0.025677798 -0.007083314 0.99964523 -0.26257324
-0.49076533 0.87071145 0.01696429 -8.192139 -0.87054497 -0.4910226 0.018021079 -58.78174 0.024028774 -0.0059149074 0.99969363 -0.22546387
-0.48936936 0.8724124 0.01683651 -8.721191 -0.8722421 -0.489625 0.01818543 -59.70935 0.0241046 -0.0057961037 0.99969286 -0.1829834
-0.48556137 0.8734709 0.016876219 -9.213501 -0.87329626 -0.48581967 0.01839874 -60.608887 0.024286093 -0.005787858 0.99968815 -0.14172363
-0.48415843 0.8748098 0.016691431 -9.708374 -0.87466395 -0.4844052 0.017164689 -61.51184 0.02309908 -0.0062901685 0.9997133 -0.09350586
-0.48555923 0.87375695 0.01854262 -10.19873 -0.87357694 -0.4858635 0.019042242 -62.40869 0.025657922 -0.0069453334 0.9996466 -0.055786133
-0.4855584 0.87375396 0.02150812 -10.692505 -0.87355417 -0.4859554 0.020640187 -63.308228 0.02849529 -0.0087633375 0.99955547 -0.014038086
-0.49076164 0.871195 0.023262635 -11.206421 -0.8709965 -0.49121264 0.021076934 -64.20825 0.029781487 -0.009915853 0.99950725 0.036376953
-0.49596784 0.8681313 0.022670574 -11.692627 -0.8679684 -0.49638546 0.019557863 -65.09192 0.028225979 -0.00998107 0.9995518 0.0670166
-0.50118315 0.8652114 0.017673887 -12.205933 -0.8650923 -0.5014423 0.016071307 -65.98096 0.022756644 -0.0072359056 0.99971473 0.12109375
-0.50639504 0.862054 0.019827042 -12.7039795 -0.86200947 -0.5066789 0.013480261 -66.85962 0.02165281 -0.010260344 0.99971265 0.16137695
-0.5106035 0.8597555 0.020520214 -13.215942 -0.85963744 -0.5109362 0.016870646 -67.74011 0.024996633 -0.0090359375 0.9996469 0.20629883
-0.51444095 0.85690165 0.022495884 -13.726318 -0.8567327 -0.5148483 0.019380713 -68.59839 0.028190635 -0.009295994 0.99955904 0.24157715
-0.52107406 0.8535564 0.023893312 -14.223022 -0.8534133 -0.52151513 0.018865896 -69.45007 0.028566899 -0.010573401 0.99953634 0.28186035
-0.5238773 0.85148597 0.025427734 -14.740112 -0.85133874 -0.52437013 0.019520964 -70.30542 0.029973842 -0.011431465 0.9994857 0.32543945
-0.5277174 0.848976 0.025001138 -15.251343 -0.8488484 -0.52818596 0.018605212 -71.14099 0.028989924 -0.011392904 0.9995144 0.37060547
-0.53155583 0.84744227 0.018760506 -15.771118 -0.8474144 -0.53180003 0.011816879 -71.98218 0.01996995 -0.009620406 0.9997543 0.4111328
-0.5315629 0.84673625 0.013160198 -16.305298 -0.8467869 -0.53163785 0.0027674881 -72.81409 0.009342163 -0.009670017 0.9999095 0.45031738
-0.53438115 0.8448024 0.0119117005 -16.817139 -0.8448646 -0.5344154 -0.00036440208 -73.6499 0.006058227 -0.010256045 0.99992895 0.4765625
-0.5343665 0.84453946 0.014981248 -17.350952 -0.844582 -0.53448445 0.0051243333 -74.479004 0.012340574 -0.009908715 0.9998746 0.49694824
-0.53576684 0.8435587 0.01752855 -17.867432 -0.8435444 -0.53597444 0.010424281 -75.28406 0.018203955 -0.009196592 0.9997918 0.5279541
-0.53719527 0.8433443 0.012882843 -18.39441 -0.8432127 -0.5373431 0.015137094 -76.09863 0.019695826 -0.0027306601 0.9998023 0.55529785
-0.53580713 0.8443636 0.00944669 -18.925903 -0.8442218 -0.5358904 0.01547268 -76.92212 0.01813053 0.00031243917 0.9998356 0.5916748
-0.53579587 0.84420127 0.00838053 -19.451416 -0.84409606 -0.53586143 0.013335343 -77.7439 0.015754983 6.979238e-05 0.99987584 0.6245117
-0.53577054 0.84457695 0.007471958 -19.955688 -0.8445486 -0.5358175 0.0073221903 -78.56409 0.010192296 -0.0023882352 0.99994516 0.6497803
-0.5329598 0.8458976 0.0061220946 -20.479736 -0.8459061 -0.53297853 0.0018618527 -79.382324 0.0048384094 -0.004186817 0.99997956 0.6746826
-0.53442 0.8446347 0.012712215 -20.963501 -0.844727 -0.53439987 -0.0052222554 -80.19824 0.00238775 -0.013527898 0.9999056 0.6966553
-0.53170985 0.8467066 0.018875679 -21.458618 -0.846915 -0.5316252 -0.009669226 -81.02417 0.0018441915 -0.021116208 0.99977523 0.7089844
-0.52925426 0.8476529 0.015921177 -21.969482 -0.8478024 -0.52915096 -0.010461635 -81.84119 -0.00043863896 -0.019046359 0.99981844 0.725708
-0.52637166 0.8497071 0.012172312 -22.46106 -0.8497937 -0.5263347 -0.00631876 -82.64819 0.0010389753 -0.013671565 0.99990594 0.7470703
-0.52110124 0.85340893 0.0123969745 -22.972168 -0.85349053 -0.52110606 -0.003103525 -83.46167 0.003811855 -0.012198087 0.99991834 0.75805664
-0.5130347 0.85819244 0.0076580886 -23.465332 -0.85822165 -0.513042 -0.0011389551 -84.26904 0.0029542036 -0.007157198 0.99997 0.77575684
-0.50639385 0.8627805 0.0016409252 -23.936523 -0.8627818 -0.5063944 -3.96783e-05 -85.078735 0.00079579046 -0.0014359641 0.9999986 0.7993164
-0.49455592 0.8688514 0.001903445 -24.410889 -0.8688533 -0.49455523 -0.0008736429 -85.90564 0.00018303042 -0.0020858003 0.9999978 0.8156738
-0.48554602 0.8740403 0.0055872863 -24.85498 -0.87405753 -0.48554137 -0.0022843694 -86.7323 0.000718155 -0.005993196 0.9999818 0.8208008
-0.47237355 0.881458 0.002165412 -25.304077 -0.88144773 -0.47235212 -0.006545767 -87.56543 -0.0047465237 -0.00499843 0.9999763 0.8345947
-0.46062204 0.88748014 0.0026895902 -25.745117 -0.88746655 -0.4605918 -0.0076947985 -88.40588 -0.005585554 -0.005927612 0.99996686 0.8458252
-0.45167118 0.89268744 0.0023883688 -26.157715 -0.8926686 -0.45163977 -0.008211438 -89.23645 -0.006252577 -0.005835357 0.9999635 0.8463135
-0.43756884 0.8988711 -0.000499037 -26.583496 -0.89884305 -0.43755957 -0.007657583 -90.09143 -0.0071001714 -0.0029041562 0.99997056 0.85717773
-0.42490035 0.9055289 0.0016459282 -26.974731 -0.90552646 -0.42489251 -0.0036928107 -90.940674 -0.0026450274 -0.0030577227 0.9999919 0.86450195
-0.41463718 0.9102372 0.003576923 -27.358887 -0.9102187 -0.41465172 0.0058363997 -91.77661 0.0067916033 -0.0008367796 0.99997663 0.8775635
-0.39971244 0.91633034 0.0054596467 -27.730347 -0.9162766 -0.39974847 0.009965125 -92.61914 0.0113217505 -0.0010182902 0.9999354 0.89208984
-0.38950288 0.9210462 0.006185802 -28.08081 -0.9210231 -0.38954103 0.0071501383 -93.47839 0.00899347 -0.002912594 0.99995524 0.90319824
-0.37699312 0.9263389 0.0045748972 -28.434204 -0.92633915 -0.37700817 0.0030223196 -94.34253 0.0045210836 -0.003097801 0.999985 0.92858887
-0.3672706 0.9300288 0.008312268 -28.761353 -0.9300423 -0.3673103 0.0038387794 -95.20117 0.0066244276 -0.006322629 0.9999581 0.94873047
-0.35989466 0.9326628 0.016006788 -29.075562 -0.93271613 -0.3600395 0.007235477 -96.068115 0.01251919 -0.012324233 0.99984556 0.9683838
-0.3541565 0.93515223 0.023569822 -29.397827 -0.9352221 -0.35451367 0.013121003 -96.93689 0.020621296 -0.017408177 0.999636 0.9844971
-0.35116792 0.93598455 0.028666245 -29.71289 -0.9361259 -0.3516635 0.014450758 -97.81555 0.023599312 -0.021762226 0.99948466 1.0151367
-0.34817728 0.936981 0.029475799 -30.02002 -0.93713635 -0.3486972 0.014691132 -98.69104 0.02404866 -0.022518009 0.99945736 1.0428467
-0.3415313 0.939236 0.03251709 -30.331543 -0.9394749 -0.34211767 0.014424254 -99.57507 0.024685042 -0.025629822 0.9993668 1.0794678
-0.3379032 0.9404489 0.034102093 -30.63916 -0.9408221 -0.33842 0.010556826 -100.46997 0.021473296 -0.028521212 0.99936247 1.1094971
-0.330602 0.94317025 0.030946838 -30.952148 -0.9435328 -0.3309482 0.0066780886 -101.34412 0.016545177 -0.026987933 0.99949867 1.1362305
-0.3249566 0.94526654 0.03243681 -31.253418 -0.94572014 -0.32523477 0.0035660295 -102.212524 0.013907433 -0.029505663 0.99946773 1.1712646
-0.31979302 0.94682044 0.0375857 -31.536987 -0.9474735 -0.32006487 0.0013012774 -103.0874 0.013253666 -0.035203833 0.99929255 1.1911621
-0.3126109 0.94869506 0.046600584 -31.806152 -0.94968414 -0.31306896 0.0026865192 -103.960205 0.017143201 -0.043413814 0.99890995 1.2115479
-0.30666867 0.95071435 0.047091655 -32.075317 -0.9516889 -0.30722213 0.00483369 -104.81702 0.019050576 -0.04333008 0.9988792 1.2426758
-0.29930404 0.9530218 0.04334271 -32.35547 -0.95376515 -0.299942 0.008883732 -105.686035 0.021487582 -0.038671833 0.9990204 1.2783203
-0.29212517 0.95544237 0.045289066 -32.61035 -0.95630854 -0.29271805 0.0069270283 -106.567505 0.019856527 -0.04128412 0.9989503 1.302002
-0.28566143 0.9572444 0.044267334 -32.86487 -0.958158 -0.286021 0.0018751579 -107.42505 0.014456129 -0.04187286 0.9990182 1.3311768
-0.27761814 0.95956963 0.04452995 -33.115845 -0.9605345 -0.27785215 -0.00096953753 -108.31738 0.011452796 -0.043059144 0.9990072 1.3597412
-0.27111295 0.9613023 0.04863134 -33.34961 -0.9624156 -0.27151868 0.0018169372 -109.19385 0.014953997 -0.046316124 0.99881506 1.3820801
-0.2661191 0.9628663 0.04879599 -33.58423 -0.9639379 -0.26666546 0.0049426043 -110.06787 0.017749693 -0.045711033 0.9987972 1.4047852
-0.2573801 0.9650962 0.049096208 -33.810913 -0.96616983 -0.25796756 0.00592178 -110.937744 0.018386086 -0.04592435 0.99877614 1.4233398
-0.25160602 0.96661544 0.04959136 -34.026123 -0.96773267 -0.25215054 0.004948664 -111.8219 0.017288947 -0.046750605 0.99875724 1.4501953
-0.24285372 0.96894115 0.04554193 -34.24292 -0.96987426 -0.24334045 0.005380818 -112.68823 0.016307443 -0.04287792 0.99894756 1.473877
-0.2350285 0.97118753 0.042017236 -34.46228 -0.9719774 -0.23545562 0.0054582153 -113.57715 0.015187053 -0.03955654 0.99910206 1.5036621
-0.22767782 0.9728734 0.04046956 -34.67639 -0.9735816 -0.22813784 0.0070768087 -114.47522 0.016123263 -0.037799157 0.99915546 1.5256348
-0.2191719 0.97442126 0.046587102 -34.86792 -0.97540534 -0.21967065 0.0057920963 -115.355835 0.015906427 -0.044177465 0.9988968 1.5501709
-0.21293008 0.97572446 0.05146727 -35.057983 -0.9769847 -0.21335217 0.002795291 -116.26221 0.0136946095 -0.049691163 0.99867105 1.5834961
-0.20780027 0.9769179 0.048147246 -35.25403 -0.9780105 -0.20820986 0.0035890015 -117.16736 0.013551581 -0.04634845 0.99883324 1.6103516
-0.2027638 0.9780197 0.047474373 -35.446777 -0.97909397 -0.20312083 0.002771503 -118.05884 0.012366894 -0.04593978 0.9988679 1.6259766
-0.1985202 0.9791073 0.045882713 -35.62561 -0.98008025 -0.19895542 0.0050826273 -118.957886 0.014093003 -0.043954983 0.99893415 1.6496582
-0.1920991 0.9806133 0.039345283 -35.822754 -0.9813365 -0.19239487 0.0038390798 -119.83972 0.011324357 -0.03786129 0.9992186 1.6629639
-0.18701018 0.98189175 0.031270426 -36.003296 -0.9823597 -0.18715882 0.0018711351 -120.7312 0.0076945927 -0.030372212 0.9995091 1.6879883
-0.18264331 0.9827498 0.028250555 -36.169067 -0.9831387 -0.18273483 0.0006752573 -121.622314 0.0058301957 -0.027660783 0.99960047 1.7060547
-0.17697825 0.9836981 0.030700129 -36.32141 -0.9841376 -0.1771654 0.003463505 -122.50806 0.008849714 -0.029603705 0.99952257 1.7196045
-0.17350355 0.98423165 0.03254417 -36.472534 -0.98471665 -0.17374231 0.0046317675 -123.39722 0.010219104 -0.031245803 0.99945945 1.7408447
-0.17287232 0.9843415 0.034542702 -36.61853 -0.9848924 -0.17312647 0.0044767694 -124.282715 0.010387267 -0.033231795 0.99939334 1.755127
-0.17139672 0.9845993 0.034419276 -36.766235 -0.9851672 -0.17157495 0.002268982 -125.164795 0.008142734 -0.03351969 0.99940485 1.7790527
-0.17142048 0.9845931 0.032152288 -36.916138 -0.9851081 -0.17147388 -0.001111902 -126.05383 0.0044238013 -0.031864427 0.99948233 1.795166
-0.16871238 0.9850428 0.03214583 -37.06372 -0.985566 -0.16857016 -0.0071101207 -126.93323 -0.0015792171 -0.032882303 0.9994578 1.8138428
-0.16809607 0.9853372 0.031846754 -37.206543 -0.98584414 -0.16788305 -0.009263366 -127.810425 -0.0037961258 -0.032952156 0.99944997 1.8217773
-0.16734746 0.98540825 0.03182037 -37.354126 -0.9859214 -0.16728699 -0.0045742607 -128.66785 0.0008114935 -0.03212536 0.9994834 1.8288574
-0.16646174 0.98544693 0.03321975 -37.502075 -0.98599774 -0.16651152 -0.0012797229 -129.53699 0.004276888 -0.03298149 0.999447 1.8416748
-0.16735305 0.98529166 0.035299722 -37.63623 -0.9859154 -0.16738951 -0.0019426001 -130.40466 0.003990398 -0.035116848 0.9993751 1.8508301
-0.16655125 0.9852905 0.03657161 -37.774902 -0.985965 -0.16654347 -0.0032791793 -131.27246 0.0028656812 -0.036608785 0.9993255 1.8625488
-0.16584708 0.98562014 0.033670284 -37.928345 -0.98619205 -0.16583475 -0.0031789858 -132.12146 0.0024539484 -0.033728875 0.9994279 1.8837891
-0.16516186 0.9857613 0.033892654 -38.06079 -0.98633444 -0.16521297 -0.001299086 -132.98608 0.004312137 -0.03364861 0.9994246 1.9064941
-0.16443516 0.98542595 0.043419912 -38.193848 -0.9863528 -0.16461241 0.0005244436 -133.8324 0.007667007 -0.042767614 0.9990562 1.9125977
-0.16385438 0.9851888 0.04977486 -38.31372 -0.98638743 -0.16418326 0.002567863 -134.69714 0.010703409 -0.048689015 0.9987569 1.9232178
-0.16444553 0.98513114 0.048747767 -38.44763 -0.9862575 -0.16485775 0.0045277444 -135.54382 0.012507166 -0.04733553 0.9988005 1.9459229
-0.16438068 0.9852384 0.046495862 -38.592407 -0.9862451 -0.16482246 0.0057971664 -136.42468 0.013401099 -0.044922266 0.99890065 1.9782715
-0.16239086 0.9856036 0.047715586 -38.715942 -0.98662996 -0.16295694 0.008195748 -137.23291 0.015844077 -0.045719888 0.99882793 1.9915771
-0.16081609 0.98609376 0.040059406 -38.865356 -0.9868298 -0.1611792 0.005980949 -138.0896 0.012360278 -0.038572103 0.99917936 2.01062
-0.1579552 0.9868838 0.031908177 -38.9989 -0.9873702 -0.15811753 0.0026100844 -138.93225 0.007623439 -0.031086823 0.9994874 2.0429688
-0.15582016 0.9873803 0.027732946 -39.13611 -0.9877672 -0.15582478 -0.0020021615 -139.7677 0.0023408746 -0.02771658 0.9996133 2.0671387
-0.15230727 0.9880885 0.022782698 -39.262695 -0.98834985 -0.15230286 -0.0019370946 -140.60217 0.0015497226 -0.022809727 0.9997386 2.0793457
-0.14732412 0.9888443 0.02432042 -39.3844 -0.98912144 -0.14744057 0.0030592568 -141.41895 0.006613693 -0.023609921 0.99969935 2.095337
-0.1402141 0.98981357 0.022724327 -39.497192 -0.99003106 -0.14038585 0.0061374772 -142.24243 0.009271161 -0.021638082 0.99972284 2.1021729
-0.13183558 0.99109626 0.020432191 -39.612305 -0.99123925 -0.13203907 0.0089547895 -143.09583 0.011564492 -0.019070076 0.99975127 2.09729
-0.1220498 0.9923693 0.017807234 -39.706177 -0.99250513 -0.12215175 0.0047524488 -143.90039 0.0068884674 -0.0171003 0.9998301 2.1325684
-0.11016345 0.99383 0.010868762 -39.79956 -0.99388534 -0.110188134 0.0016953237 -144.67822 0.0028830133 -0.010616821 0.9999395 2.1467285
-0.096409656 0.9953622 0.0065234574 -39.890625 -0.9953802 -0.09642446 0.0019796044 -145.55786 0.0025973264 -0.0063015874 0.99997675 2.18042
-0.08256972 0.9966252 0.004703859 -39.950928 -0.9966215 -0.08259332 0.005062888 -146.29883 0.0054317983 -0.0042717364 0.99997616 2.1898193
-0.0673797 0.997711 0.00090764835 -40.01233 -0.997703 -0.06738294 0.0040429635 -147.1593 0.0040952484 -0.0006334409 0.9999914 2.1999512
-0.053740494 0.9985423 -0.003765311 -40.056152 -0.9985261 -0.0537131 0.00702673 -147.90906 0.00681799 0.0041388907 0.9999682 2.2070312
-0.039551977 0.9992238 -0.0018068738 -40.08716 -0.9991403 -0.039524913 0.013139413 -148.73706 0.013054952 0.002320474 0.9999121 2.2260742
-0.026069166 0.9996399 0.005061792 -40.09192 -0.99940014 -0.026176082 0.022343874 -149.51086 0.0224697 -0.004471371 0.99973744 2.2478027
-0.013273953 0.99982333 0.013323551 -40.0813 -0.99942565 -0.01368177 0.030999374 -150.26392 0.031178033 -0.01289519 0.99943036 2.265625
