1.000000000000000000e+00 4.398956837314658088e-19 2.733407509747682871e-20 -8.673617379884035472e-19 -5.583667658079949532e-19 1.000000000000000000e+00 -6.100159232558060012e-19 0.000000000000000000e+00 4.145284534913582806e-20 -2.210423569125054137e-19 1.000000000000000222e+00 0.000000000000000000e+00
9.999414700315947258e-01 -1.392308149924855604e-03 1.072930588181093998e-02 6.554760492449941689e-02 1.388185715655250235e-03 9.999989597693197396e-01 3.916606453824167801e-04 -7.430176839375843278e-03 -1.072984021845733819e-02 -3.767434448845377050e-04 9.999423626290980804e-01 2.932378821210394615e-01
9.998478104452883652e-01 -3.206579590889816443e-03 1.714858069745198860e-02 9.700158902134985162e-02 3.192678071084502009e-03 9.999945522900264283e-01 8.379683763444752478e-04 -1.760872842532594518e-02 -1.715117458515855176e-02 -7.830909378292981188e-04 9.998526011168297201e-01 5.618872820267850621e-01
9.997830413373260949e-01 -6.721928099529414502e-03 1.971512033840603847e-02 8.471859364391856606e-02 6.739771633736630317e-03 9.999769357075339871e-01 -8.387606065655108445e-04 -1.808311643291637960e-02 -1.970902787604867853e-02 9.714540709002242357e-04 9.998052862813153752e-01 9.178249525297521583e-01
9.998178591317175012e-01 -7.623977807977464112e-03 1.749638695785685552e-02 7.696138211057361456e-02 7.656284247119310438e-03 9.999691055825123964e-01 -1.780218714891972738e-03 -2.305667370816961992e-02 -1.748227437284794600e-02 1.913851815287555399e-03 9.998453416576086328e-01 1.192887208952933875e+00
9.998903043119383716e-01 -1.026389877509208300e-02 1.067856526373734197e-02 1.013762739338313207e-01 1.029838201251463865e-02 9.999419162107733294e-01 -3.179231823403442028e-03 -1.991550740922641560e-02 -1.064531388483404457e-02 3.288855067096189532e-03 9.999379284291236569e-01 1.505635229546012255e+00
9.999321034266052122e-01 -1.154343647506757102e-02 -1.592993780013384191e-03 7.445229078948269186e-02 1.153568620317673397e-02 9.999219811972253069e-01 -4.791601287009164198e-03 -3.100878339379137261e-02 1.648181066990750268e-03 4.772899727770637743e-03 9.999872513831921106e-01 1.831895143322380681e+00
9.997868071708740922e-01 -1.123775091224871181e-02 -1.732204236549087645e-02 3.563453208209646506e-02 1.115408675071140679e-02 9.999256921118621078e-01 -4.919002386530334225e-03 -4.681549476823544664e-02 1.737603402236343603e-02 4.724742162497553265e-03 9.998378619965517800e-01 2.158346688647312384e+00
9.993237047285328245e-01 -7.080236794151318659e-03 -3.608328358158980481e-02 1.647529953197990338e-02 6.894153757408132827e-03 9.999623014156890921e-01 -5.278861604596164075e-03 -4.674009875282476856e-02 3.611929950453051513e-02 5.026527848186533413e-03 9.993348439303064712e-01 2.508389438509149638e+00
9.984209848227051376e-01 -4.453784877573315794e-03 -5.599732798207379680e-02 -4.892103863809018488e-02 4.119369853879817009e-03 9.999729953742614308e-01 -6.085992741895066352e-03 -6.223835575612095272e-02 5.602292246267882164e-02 5.845709167382797875e-03 9.984123697022402322e-01 2.858285614639858530e+00
9.971413227403230772e-01 -3.618209630419367152e-03 -7.547245090065501927e-02 -9.508432243223428892e-02 3.150649522174493039e-03 9.999751078028862317e-01 -6.313254103812038741e-03 -6.132520379715696024e-02 7.549341620420763066e-02 6.057419295166311182e-03 9.971279015171090609e-01 3.206083847447185775e+00
9.953114041288244618e-01 -3.884008320318237204e-03 -9.664431178617714779e-02 -1.434854267923626470e-01 3.314578458567543628e-03 9.999761939750854145e-01 -6.051863151873975409e-03 -6.733419954302263810e-02 9.666551822493753277e-02 5.703153223494351366e-03 9.953005837055464156e-01 3.589005391409838541e+00
9.932335332936780281e-01 -4.688354846992890367e-03 -1.160395074235915785e-01 -2.023285830425910481e-01 4.092128232994660456e-03 9.999771771943753995e-01 -5.375832055766470094e-03 -7.905320033413838765e-02 1.160620648902758040e-01 4.864608063997672913e-03 9.932300504289355292e-01 3.983997722087678550e+00
9.910797944545515215e-01 -4.593862746646246338e-03 -1.331906038899954570e-01 -2.895966351259024463e-01 3.985201024416056698e-03 9.999803650568449553e-01 -4.836079724773094911e-03 -8.441628553914183597e-02 1.332102072895448019e-01 4.262149488612356971e-03 9.910786423117442512e-01 4.381860664944592365e+00
9.887826440985947318e-01 -3.490492108824319768e-03 -1.493207909401929046e-01 -3.689737227495214489e-01 2.893284738108849955e-03 9.999869247679421536e-01 -4.216537916263652860e-03 -8.739935337763607426e-02 1.493335589110656447e-01 3.737211844084320066e-03 9.887798147324773357e-01 4.795544134379196244e+00
9.866509737894207932e-01 -3.248269868250496049e-03 -1.628167804140221719e-01 -4.641430331524932229e-01 2.577376578139481313e-03 9.999872970931997784e-01 -4.331602269284732035e-03 -9.818934250895311466e-02 1.628287851968359956e-01 3.854139329142585498e-03 9.866468126965236562e-01 5.207140935226162171e+00
9.845332868628888789e-01 -3.998527622650848400e-03 -1.751519856280943643e-01 -5.387206541924086656e-01 3.143866998370997354e-03 9.999817619040483052e-01 -5.156738761330667033e-03 -1.045928950405527608e-01 1.751694135809364061e-01 4.526326298831374363e-03 9.845279019343283755e-01 5.647659014568820801e+00
9.827730219504657860e-01 -6.581722553690117113e-03 -1.846993974553111928e-01 -6.230954242710086133e-01 5.382558675173901991e-03 9.999610611086422463e-01 -6.993162362708678879e-03 -1.158629771074009551e-01 1.847382357138356301e-01 5.878535853648439967e-03 9.827701806244086846e-01 6.096491061965990887e+00
9.812288124361554509e-01 -6.149911675520742735e-03 -1.927490475546975723e-01 -7.331324927609955688e-01 4.574220300624615848e-03 9.999523954075867360e-01 -8.618782979751896112e-03 -1.265525602213220524e-01 1.927928799005776683e-01 7.575321479149858990e-03 9.812102327583116512e-01 6.548641292460946950e+00
9.796241114120121107e-01 -6.023708355914757749e-03 -2.007493818527866236e-01 -8.357146647895469238e-01 3.960662188169481943e-03 9.999351576222528237e-01 -1.067678322014489756e-02 -1.224226931541130686e-01 2.008006820821269245e-01 9.664133698173335216e-03 9.795844484090543425e-01 7.024614654837413319e+00
9.780192478789137001e-01 -6.568959776203630967e-03 -2.084111285866443730e-01 -9.492016533932059463e-01 3.966866782744915207e-03 9.999089113295182019e-01 -1.290089166090897452e-02 -1.368997002343015079e-01 2.084768937316486270e-01 1.179058109842042075e-02 9.779562198843708698e-01 7.483529310911904098e+00
9.762783162514143687e-01 -1.047801374593949897e-02 -2.162657147040985273e-01 -1.056152566644445345e+00 7.424810141587294410e-03 9.998610409729566939e-01 -1.492551260374058546e-02 -1.468851183083432210e-01 2.163920560925811365e-01 1.296572237095144388e-02 9.762204511300437426e-01 8.001957610947702193e+00
9.744381364175473959e-01 -1.580070226370258041e-02 -2.240996540661452652e-01 -1.177006786305631936e+00 1.249606543456835937e-02 9.997913791462280653e-01 -1.615693388004862951e-02 -1.633736215533540814e-01 2.243081969799284869e-01 1.294356852440657277e-02 9.744322952227655321e-01 8.533939367028718692e+00
9.724677602863095460e-01 -1.678454110810319658e-02 -2.324322119624646077e-01 -1.306493526182089582e+00 1.279706859392119866e-02 9.997441214400487608e-01 -1.865279227125642147e-02 -1.911863107372991366e-01 2.326858201176651153e-01 1.516478810193860535e-02 9.724337198831092266e-01 9.045554171746978511e+00
9.703496461397352890e-01 -1.265022598162814094e-02 -2.413742627169959409e-01 -1.449859628271530143e+00 7.544050088470442839e-03 9.997280291985151113e-01 -2.206705529866925114e-02 -1.883264617310349553e-01 2.415877733672036065e-01 1.959181974093325909e-02 9.701811736419170273e-01 9.556610828026188997e+00
9.682412918322088613e-01 -9.987270025924494671e-03 -2.498180414317593412e-01 -1.611658207883665428e+00 3.843141176844211589e-03 9.996783078318967064e-01 -2.507012382544361942e-02 -1.986539691369391680e-01 2.499880633277709874e-01 2.331384307071790105e-02 9.679681990263193647e-01 1.007733468873115790e+01
9.659471485715891426e-01 -1.285917662472850498e-02 -2.584197094980395515e-01 -1.776229654664277069e+00 5.934506682801118579e-03 9.996025777888305486e-01 -2.755844872725366282e-02 -2.345467850138820420e-01 2.586713911814381706e-01 2.508641147799586107e-02 9.656395729470803602e-01 1.066952912479118076e+01
9.635707729883296047e-01 -1.434583133699385282e-02 -2.670684575022835849e-01 -1.921061824290173581e+00 6.804840199528656985e-03 9.995521675147956975e-01 -2.914032518982494560e-02 -2.671465853000433155e-01 2.673669023671369493e-01 2.626140750053075623e-02 9.632368761535925472e-01 1.121467879397826373e+01
9.614138799723509488e-01 -1.468677246149898037e-02 -2.747137573131223642e-01 -2.105811809954275304e+00 6.173013076044432668e-03 9.994742237141848173e-01 -3.183033186270499415e-02 -2.773433980766194518e-01 2.750368089114327286e-01 2.890631126642379672e-02 9.609990533714727334e-01 1.179023299572211414e+01
9.590915317752565228e-01 -1.329860484387883346e-02 -2.827836258380113654e-01 -2.278522704349793759e+00 3.366695408004515000e-03 9.993611982899461843e-01 -3.557893624123810439e-02 -3.113551715226436922e-01 2.830761382587911323e-01 3.317141018056671276e-02 9.585236352066039967e-01 1.238430294132414744e+01
9.569055427411107262e-01 -1.527144213304598187e-02 -2.899975232737022623e-01 -2.479238021074765097e+00 3.604175331141735387e-03 9.991639390187145864e-01 -4.072386120377569085e-02 -3.475567699274836886e-01 2.903769847422510431e-01 3.792368668336351667e-02 9.561605527082891465e-01 1.297460085991086309e+01
9.549517331105108475e-01 -1.665646822779550534e-02 -2.962933472154565262e-01 -2.686096385009288490e+00 2.669642275391279941e-03 9.988653812366934392e-01 -4.754811417035308824e-02 -3.729227335685237343e-01 2.967491559736902262e-01 4.461515693937900817e-02 9.539126941745170729e-01 1.358756729085099302e+01
9.536637890287970043e-01 -1.676335618508827813e-02 -3.004069996621334115e-01 -2.885885076268329019e+00 2.163573377848911720e-05 9.984505050213078325e-01 -5.564699936007542341e-02 -4.092710367993763754e-01 3.008743561549802603e-01 5.306202895787928697e-02 9.521864548745979651e-01 1.421136755935981633e+01
9.524409773019421044e-01 -1.623766925971713293e-02 -3.042901918701108599e-01 -3.094646328841879068e+00 -3.617491550508344228e-03 9.979063887065798832e-01 -6.457362554344482641e-02 -4.558954475539536144e-01 3.047016568785474444e-01 6.260333452837077428e-02 9.503881968984205786e-01 1.483646163086558012e+01
9.511477866115511937e-01 -1.570382758109874557e-02 -3.083363030683795580e-01 -3.313264106005534781e+00 -7.220675853234163194e-03 9.973008566676053732e-01 -7.306752432537158559e-02 -5.162094366176117610e-01 3.086515042708704026e-01 7.172441092329238932e-02 9.484671105745600128e-01 1.546756162162466808e+01
9.498340496807684552e-01 -1.480905008646873390e-02 -3.124035339417243762e-01 -3.561259080455908332e+00 -1.078263310875574379e-02 9.967339438522592188e-01 -8.003236830136382929e-02 -5.625322370427865426e-01 3.125684151450506820e-01 7.938600163369072260e-02 9.465721582117523347e-01 1.611010108765239224e+01
9.481802983263946105e-01 -1.339012017281770127e-02 -3.174505070101008575e-01 -3.778852350580845343e+00 -1.491993081360648218e-02 9.961331019446409973e-01 -8.658082267478044158e-02 -6.180360264193389686e-01 3.173822912929706863e-01 8.683057039368931307e-02 9.443140025356028255e-01 1.676272459789062808e+01
9.465098369802213973e-01 -1.178293588484881013e-02 -3.224597474279590759e-01 -4.038588038865893459e+00 -1.916285862661855355e-02 9.955166156691388490e-01 -9.262533539615143419e-02 -6.851962811459917368e-01 3.221054403225320772e-01 9.385004223721292449e-02 9.420404753064898218e-01 1.744792114976945996e+01
9.449558565135370847e-01 -1.050480919494551149e-02 -3.270291668269549312e-01 -4.283121182008068573e+00 -2.287514239197292049e-02 9.949178854790600157e-01 -9.805676415269533319e-02 -7.645251615645164422e-01 3.263972403000893197e-01 1.001401529458803563e-01 9.399131840653156544e-01 1.812288753848348222e+01
9.430212540711799818e-01 -7.198530606710574001e-03 -3.326546154529956834e-01 -4.541029050074361528e+00 -2.801731562671050044e-02 9.944974221513660506e-01 -1.009450709482228314e-01 -8.362367305966702524e-01 3.315508193549162042e-01 1.045134374185551496e-01 9.376305231484326486e-01 1.881794554851552803e+01
9.412949267787430463e-01 -6.777698709455205923e-03 -3.375172902432237998e-01 -4.801707948295462103e+00 -2.966405491067560657e-02 9.942704304247101943e-01 -1.026954479024272532e-01 -9.245470628850060990e-01 3.362795059675250386e-01 1.066788362251422234e-01 9.357006584292866247e-01 1.951278875492448606e+01
9.391902214664190618e-01 -6.374535023793657766e-03 -3.433381579746830892e-01 -5.095385659975694814e+00 -3.048270652029332756e-02 9.943330852591728553e-01 -1.018455701351168585e-01 -1.010041802796029398e+00 3.420417138771693621e-01 1.061182405470269124e-01 9.336735979349731762e-01 2.023349587001622396e+01
9.368979266621401125e-01 -6.271930350613814237e-03 -3.495467570161033821e-01 -5.364278468282215329e+00 -3.080600223430911278e-02 9.944687321550762515e-01 -1.004137987992812231e-01 -1.098787358912201029e+00 3.482431145568088415e-01 1.048456187333763334e-01 9.315224806543784819e-01 2.095107475352145698e+01
9.343724461876997678e-01 -6.424998326841915852e-03 -3.562398750100719269e-01 -5.634956534765477087e+00 -3.069969539450328327e-02 9.946672748717969581e-01 -9.846086025276021281e-02 -1.179685638282147009e+00 3.549727625835365497e-01 1.029355711273210738e-01 9.291924497514556514e-01 2.166943859826748664e+01
9.315030401161615847e-01 -5.717977831909955809e-03 -3.636885868803702015e-01 -5.946648372011386741e+00 -3.111399862267099498e-02 9.949589547756614305e-01 -9.533413558204634208e-02 -1.265295657485651537e+00 3.624003409158127464e-01 1.001198439088717140e-01 9.266293824991971295e-01 2.237857068295924989e+01
9.278139601799515468e-01 -2.541353541308790428e-03 -3.730345747058800288e-01 -6.256483598054283668e+00 -3.338205661989206846e-02 9.953993749964622495e-01 -8.980936795185515131e-02 -1.343069628441531327e+00 3.715466262077012360e-01 9.577904718054211508e-02 9.234606009715878860e-01 2.317928876884199596e+01
9.244069284663105623e-01 -3.914047284063178829e-04 -3.814074912642754778e-01 -6.571525186145656505e+00 -3.440587046528798681e-02 9.958368854224454170e-01 -8.441050727812013377e-02 -1.429671902225199576e+00 3.798526933355274582e-01 9.115231499667829362e-02 9.205450504024795810e-01 2.390880917462225597e+01
9.210118443305336244e-01 3.577644997837314995e-03 -3.895181381172704294e-01 -6.912203254699634591e+00 -3.787715431747747802e-02 9.960418046365354661e-01 -8.041171954619510953e-02 -1.499160606411318319e+00 3.876886712669589397e-01 8.881398521526796819e-02 9.175018110581928399e-01 2.464515390090929259e+01
9.171210173272287269e-01 4.015520431438407423e-03 -3.985886499908263825e-01 -7.253947324365054961e+00 -3.842282745051677634e-02 9.961834755921833429e-01 -7.837199330637710515e-02 -1.577382403191329718e+00 3.967527291217572971e-01 8.719150559355347274e-02 9.137750907693654723e-01 2.538755136726367923e+01
9.130897349789841577e-01 4.680579700178041230e-03 -4.077318047941073109e-01 -7.602575989122621003e+00 -3.979919480043680319e-02 9.961826982008621378e-01 -7.769205847365517892e-02 -1.655775464941821484e+00 4.058117325097844175e-01 8.716721903847736430e-02 9.097904797480224071e-01 2.615674274224858209e+01
9.091378867028736543e-01 3.833618350238425943e-03 -4.164776137927415633e-01 -7.948279821201402306e+00 -3.927915736937191704e-02 9.962900103332291701e-01 -7.657260056903075762e-02 -1.724906062786114802e+00 4.146389431159575589e-01 8.597394240699822443e-02 9.059155764024724444e-01 2.691629353233431132e+01
9.052468500537134144e-01 5.067543624056329056e-03 -4.248558070636781481e-01 -8.336617619325394912e+00 -4.078036400810984563e-02 9.963487734290674691e-01 -7.500722401722736965e-02 -1.799961333621779458e+00 4.229244671098651986e-01 8.522582813421954173e-02 9.021482455535677625e-01 2.769844392540543510e+01
9.016595805684782805e-01 5.215154723029667878e-03 -4.324150773698008376e-01 -8.744802197027295776e+00 -4.053420698978420222e-02 9.965442538063045141e-01 -7.250191948121503804e-02 -1.869632975842822065e+00 4.305426592560748777e-01 8.289965293163419069e-02 8.987550666555191858e-01 2.848348881721109294e+01
8.976611713552472560e-01 6.392892443977934124e-03 -4.406399306004626371e-01 -9.135768048875872793e+00 -4.059640755707320803e-02 9.968426572108244343e-01 -6.823964040060319369e-02 -1.939492023739809889e+00 4.388124381301540256e-01 7.914447407105043575e-02 8.950864763978678695e-01 2.925960144373174643e+01
8.937119512455132808e-01 7.244923885287646477e-03 -4.485827183696501352e-01 -9.552637916749741720e+00 -3.956416973520659325e-02 9.972468048357976400e-01 -6.271751576854858734e-02 -1.996687260220872950e+00 4.468933066346201244e-01 7.379919647545922501e-02 8.915380278358623345e-01 3.007945165880349236e+01
8.900676234622876271e-01 7.089858370999940936e-03 -4.557733596806369802e-01 -9.955246356216122194e+00 -3.792183520750266185e-02 9.975646086894884856e-01 -5.853875613881078660e-02 -2.079148026583896414e+00 4.542483495064169041e-01 6.938721401865216576e-02 8.881688215726383229e-01 3.087655921447248630e+01
8.863815394322371866e-01 6.142738497767123544e-03 -4.629147103096646898e-01 -1.040274960617382582e+01 -3.643781327832068540e-02 9.977357093123966347e-01 -5.653087819797374125e-02 -2.135775965837447554e+00 4.615192903642486577e-01 6.697552681675739139e-02 8.845983425613299644e-01 3.169059288383963491e+01
8.831765658518573314e-01 6.619382770696746916e-03 -4.689939582778893667e-01 -1.084696787405107088e+01 -3.691284202968152933e-02 9.977800697327569024e-01 -5.542900506850675230e-02 -2.200633483898161824e+00 4.675859266234159151e-01 6.626549842376683319e-02 8.814603163373639916e-01 3.249945569054032291e+01
8.800917562394726668e-01 6.736745204126490597e-03 -4.747558450017150267e-01 -1.128769269952699084e+01 -3.654583787109121074e-02 9.978941562897679640e-01 -5.358782177862272261e-02 -2.248603843933628887e+00 4.733950840223869472e-01 6.451255048472955000e-02 8.784846212014927325e-01 3.332614102934775246e+01
8.769195617801769371e-01 5.469541431025386029e-03 -4.806060358380371822e-01 -1.176166768652153927e+01 -3.488006465189383981e-02 9.980228976350838943e-01 -5.228457658495763022e-02 -2.311057674209552992e+00 4.793698640877159245e-01 6.261293772985571104e-02 8.753765806614253187e-01 3.416674337067338030e+01
8.744647599444427266e-01 4.270516896361597169e-03 -4.850702440104678881e-01 -1.223827107159976535e+01 -3.365505765683560191e-02 9.980858152992696519e-01 -5.188489618834415257e-02 -2.376870945436712290e+00 4.839201629621008860e-01 6.169658044933509777e-02 8.729345980404235039e-01 3.499423967750466602e+01
8.724874900474691719e-01 3.322507165196845070e-03 -4.886251486763666385e-01 -1.273130527780537591e+01 -3.313760899659992654e-02 9.980770705958448286e-01 -5.238377686983172049e-02 -2.432052943803575396e+00 4.875115199157403212e-01 6.189605925196106639e-02 8.709198588147951670e-01 3.582646347974398537e+01
8.709395871028874359e-01 3.919453290328366209e-03 -4.913744689290209799e-01 -1.321212595894416530e+01 -3.423393343238830683e-02 9.980225014944860140e-01 -5.271740104788679576e-02 -2.498207109458936426e+00 4.901961616850126768e-01 6.273535249529697821e-02 8.693514843510899981e-01 3.670710362924384640e+01
8.703195410589925629e-01 3.702092709010971604e-03 -4.924735385312256630e-01 -1.371806777275786970e+01 -3.368489135226505893e-02 9.980774408744969017e-01 -5.202643724053492708e-02 -2.555031240335105647e+00 4.913341307872024499e-01 6.186854274642855644e-02 8.687710055526988162e-01 3.759105078053322302e+01
8.701567210594822743e-01 3.821174443270362788e-03 -4.927602607846928162e-01 -1.424328004086985366e+01 -3.294485265954195247e-02 9.981837643607464061e-01 -5.043619046943710604e-02 -2.613464843978569707e+00 4.916725750085634838e-01 6.012130441823120702e-02 8.687022001195616738e-01 3.846876504281222964e+01
8.696668250473101880e-01 2.351970522746768284e-03 -4.936335450728125962e-01 -1.475175992173515205e+01 -3.105480646753824153e-02 9.982685523199631428e-01 -4.995494469226386541e-02 -2.676061653307969745e+00 4.926613603307611888e-01 5.877385245043206807e-02 8.682340831111617918e-01 3.936967515205543577e+01
8.693877751830896283e-01 1.518714783955007032e-03 -4.941281058939844262e-01 -1.526588448512168839e+01 -3.037731179625604780e-02 9.982680982395835123e-01 -5.037879532279151973e-02 -2.743597885485726806e+00 4.931958220172698582e-01 5.880899241894257251e-02 8.679282161190449152e-01 4.025476600919189707e+01
8.681947774246911997e-01 -6.174326371203840182e-04 -4.962231779771872353e-01 -1.580219406060406762e+01 -2.835699153005797821e-02 9.983033501518220332e-01 -5.085569933516627394e-02 -2.801568701327544098e+00 4.954126694862885927e-01 5.822404911101609210e-02 8.667042470401201681e-01 4.118072640375708460e+01
8.666182074193610196e-01 -2.066932266714061484e-03 -4.989675394704702893e-01 -1.632539563855984710e+01 -2.596568330607317357e-02 9.984497070689786202e-01 -4.923378705353256835e-02 -2.864914202814983213e+00 4.982957650970636365e-01 5.562292945634204899e-02 8.652210267190441062e-01 4.208703129258930176e+01
8.647497551954058670e-01 -1.335430896313298619e-03 -5.022012271380948967e-01 -1.688017563279397493e+01 -2.502433979525806040e-02 9.986396442521487948e-01 -4.574541932338280908e-02 -2.926280226875318746e+00 5.015791532915970796e-01 5.212559434485031923e-02 8.635399703134536420e-01 4.301802352829091802e+01
8.617238352951488434e-01 -1.356389483625935468e-03 -5.073757846236142122e-01 -1.742501161303784940e+01 -2.276374885848953672e-02 9.988861112775421214e-01 -4.133217240034441770e-02 -2.988416278590155351e+00 5.068666957126745087e-01 4.716669303996853108e-02 8.607330950264162617e-01 4.393583238943710967e+01
8.579206262382628179e-01 -2.412848443716439882e-03 -5.137765779512718511e-01 -1.796808026887811138e+01 -2.078188133004683913e-02 9.990076249971177047e-01 -3.939389093624660193e-02 -3.046486887307010338e+00 5.133617792515295930e-01 4.447407540552850841e-02 8.570191044366795019e-01 4.481163717624974652e+01
8.526710113429949445e-01 -5.311338796209185038e-03 -5.224212196607951331e-01 -1.853566736539311322e+01 -1.892463965182413638e-02 9.989780904329529365e-01 -4.104427951747372655e-02 -3.121324603036831569e+00 5.221053614885657890e-01 4.488390060322551556e-02 8.516991442305426041e-01 4.573875164016637029e+01
8.467080071297036215e-01 -7.627300174708699816e-03 -5.320031667499313111e-01 -1.909535368449679993e+01 -1.875334005166828799e-02 9.988481196842785570e-01 -4.416725110446510089e-02 -3.176226317472479632e+00 5.317272488165365463e-01 4.737360142258921492e-02 8.455896642265379182e-01 4.660110789836122791e+01
8.406940984512522030e-01 -8.694671915943258042e-03 -5.414405136358154680e-01 -1.969826064975210045e+01 -1.798822378395705315e-02 9.988708689427820975e-01 -4.397056982859040564e-02 -3.239422704408575271e+00 5.412114753399966949e-01 4.670535163678726093e-02 8.395884436815587160e-01 4.753189999167574342e+01
8.349587233101144479e-01 -5.251194012191318095e-03 -5.502875152578025064e-01 -2.028332194201968264e+01 -1.942462626315910948e-02 9.990501247595260370e-01 -3.900682179783791781e-02 -3.286255055547026238e+00 5.499696526409565411e-01 4.325821535964132630e-02 8.340636149747885364e-01 4.839785732983412458e+01
8.297715156822005333e-01 -1.777795621858887284e-03 -5.581004077799829322e-01 -2.086605862125128397e+01 -2.075896173312838724e-02 9.992046215009162680e-01 -3.404687824683818448e-02 -3.351781152733933844e+00 5.577170447236796669e-01 3.983671464473048651e-02 8.290746288438847200e-01 4.926722847115772908e+01
8.258741682616361768e-01 -1.319862690348734329e-03 -5.638529152213410667e-01 -2.149704050025067303e+01 -2.255270870558695809e-02 9.991197239148225107e-01 -3.537163633896653336e-02 -3.401623265623135772e+00 5.634032644011939261e-01 4.192893117458995622e-02 8.251174052865284381e-01 5.015876217741953980e+01
8.220974198999994043e-01 -2.575992580606630521e-03 -5.693410139711048146e-01 -2.211476209080329269e+01 -2.423586113110400009e-02 9.989250194660156401e-01 -3.951491572717689971e-02 -3.453249034470680545e+00 5.688307833968409000e-01 4.628357993731311432e-02 8.211512505682457830e-01 5.103081892476599535e+01
8.189584928605407876e-01 -5.323303806163913986e-03 -5.738280605320790206e-01 -2.272817965644174620e+01 -2.594136315364285739e-02 9.985912935107820187e-01 -4.628686905936607587e-02 -3.527133065267062495e+00 5.732661141593213827e-01 5.279290660767652771e-02 8.176667277550385693e-01 5.188766187534680085e+01
8.160324175217019693e-01 -5.917939505481766352e-03 -5.779758343626022477e-01 -2.336199841347558603e+01 -2.669822370917871932e-02 9.984943851367450440e-01 -4.791834457752380122e-02 -3.591634168365261282e+00 5.773892131634005276e-01 5.453385068402921698e-02 8.146457893126245464e-01 5.275579754248542486e+01
8.126759302567715393e-01 -4.911847728868551886e-03 -5.826952029970554614e-01 -2.398283713504610049e+01 -2.565247616252139956e-02 9.986934950349678486e-01 -4.419562746758103761e-02 -3.643935362680753798e+00 5.821510010429408188e-01 5.086429742239332447e-02 8.114881648700411620e-01 5.360429462500758291e+01
8.096447604864424052e-01 -3.275318270978123340e-03 -5.869110899274360138e-01 -2.463478741646707348e+01 -2.391030182233511506e-02 9.989702142986695010e-01 -3.855915527361583606e-02 -3.705212585085123855e+00 5.864330008938681837e-01 4.525243923473555585e-02 8.087326868555541060e-01 5.448797548499343435e+01
8.064692383905668338e-01 -1.591890139573901150e-03 -5.912739015842606305e-01 -2.528187795295409757e+01 -2.442807433216221541e-02 9.990528808829892693e-01 -3.600847720633382210e-02 -3.766361140148616116e+00 5.907712264942721614e-01 4.348341188126940426e-02 8.056665299685528137e-01 5.534594432191464364e+01
8.035505688778152855e-01 -1.532941144201228336e-03 -5.952345139045924771e-01 -2.593224658776022906e+01 -2.509493641693505417e-02 9.990203292444372885e-01 -3.645032195756713056e-02 -3.814386139384424279e+00 5.947072665100302524e-01 4.422704910234646902e-02 8.027248856513503616e-01 5.619491473034405260e+01
7.997854685350339610e-01 -1.548524914074441046e-03 -6.002839323848305764e-01 -2.657842530326070474e+01 -2.639732184769199089e-02 9.989385994999420149e-01 -3.774726319959174209e-02 -3.869156725122443685e+00 5.997052536341708207e-01 4.603560063752695081e-02 7.988956997619983680e-01 5.705376059027023672e+01
7.960505875676232579e-01 -3.982683229043296365e-03 -6.052169803086885347e-01 -2.723240977610115010e+01 -2.558745294927330938e-02 9.988628224931004329e-01 -4.022864825378776737e-02 -3.934993081752786726e+00 6.046889695573942625e-01 4.750999998864067347e-02 7.950434308656518789e-01 5.790562304187965026e+01
7.919477178861934474e-01 -4.781357192792386190e-03 -6.105701791198880901e-01 -2.789362978648283331e+01 -2.532247562533557900e-02 9.988518321042366699e-01 -4.066681419809389797e-02 -3.992810649446225657e+00 6.100635951223926101e-01 4.766713907507945380e-02 7.909173539881924064e-01 5.874241781915980454e+01
7.872855756441269337e-01 -5.257035540293562674e-03 -6.165661186789166415e-01 -2.857532776525583884e+01 -2.442676287515128594e-02 9.989127419153851495e-01 -3.970727061566019234e-02 -4.051009458920530548e+00 6.161045053361937640e-01 4.632167566347746707e-02 7.863011815330017695e-01 5.960281885875087227e+01
7.825153941871205721e-01 -5.006877412793355776e-03 -6.226110998439815525e-01 -2.926253750432512746e+01 -2.473045083220178075e-02 9.989286344867145395e-01 -3.911506168147130258e-02 -4.103934935475488821e+00 6.221399108287070101e-01 4.600559097618907994e-02 7.815532127095348169e-01 6.043833608832650128e+01
7.767856866060699472e-01 -6.112155294745719343e-03 -6.297353659242972412e-01 -2.995295341823729629e+01 -2.425473967085726296e-02 9.989206395984735476e-01 -3.961392977908728685e-02 -4.173816495573438701e+00 6.292977918479107924e-01 4.604560087334882978e-02 7.757990070349858325e-01 6.127387930059362020e+01
7.716312494532904243e-01 -7.045665248949577533e-03 -6.360311044150037674e-01 -3.065030733868324830e+01 -2.435516196731331295e-02 9.988780864790198777e-01 -4.061273792987623449e-02 -4.219793376860433654e+00 6.356036872342972766e-01 4.682869814809741821e-02 7.705939484866859424e-01 6.210191774430839473e+01
7.664110483938908480e-01 -8.868085811671741481e-03 -6.422892293431866628e-01 -3.134720398156017040e+01 -2.314029669456642985e-02 9.988745011031301413e-01 -4.140359593411645917e-02 -4.281237156326361593e+00 6.419335152344715079e-01 4.659493656296704450e-02 7.653432443600333146e-01 6.291359914460532821e+01
7.605018503198021085e-01 -9.918816807040533798e-03 -6.492599978073645417e-01 -3.206768484960920773e+01 -2.313371568409706633e-02 9.988346928809593850e-01 -4.235667051295064628e-02 -4.345074687610306796e+00 6.489235497543213160e-01 4.723212235866536962e-02 7.593861739137329758e-01 6.376785065005800135e+01
7.543177046465575630e-01 -1.227035660618125412e-02 -6.563948740386419400e-01 -3.278713994020976941e+01 -2.148442241686977436e-02 9.988284272410588027e-01 -4.336118731270513504e-02 -4.411046738800743050e+00 6.561579282312439698e-01 4.681037588816529260e-02 7.531703459597905992e-01 6.457802151258100309e+01
7.483767417165625435e-01 -1.303000680790914780e-02 -6.631458837116910310e-01 -3.354012111432908938e+01 -2.109896365378090624e-02 9.988333687882020584e-01 -4.343656482317824474e-02 -4.477254666098764879e+00 6.629382271938047966e-01 4.649860560091995804e-02 7.472287433330861983e-01 6.539939764136212830e+01
7.419791331403573498e-01 -1.309117969725544749e-02 -6.702951428551622293e-01 -3.429626506215027604e+01 -2.043015433771290176e-02 9.989034837485306628e-01 -4.212409030110342983e-02 -4.534827336036127754e+00 6.701116189318820915e-01 4.494942905573257041e-02 7.408980870729405810e-01 6.622841658201356552e+01
7.359293488062625954e-01 -1.402711349547727457e-02 -6.769130114236475704e-01 -3.503145133493529784e+01 -1.870750927193954097e-02 9.989823720972439425e-01 -4.103960730143001168e-02 -4.599422325309149961e+00 6.767998447613018387e-01 4.286560771950857079e-02 7.349180351523615373e-01 6.700973106562875614e+01
7.293021015110504601e-01 -1.503794093098718282e-02 -6.840265318526412841e-01 -3.580139728863721160e+01 -1.864193495478887186e-02 9.989505123994717461e-01 -4.183720914521598527e-02 -4.659802043636310565e+00 6.839378117684709046e-01 4.326354246896844252e-02 7.282563726333433074e-01 6.783769892440777483e+01
7.226044611247676164e-01 -1.702772162615217785e-02 -6.910519810453585876e-01 -3.658979159523416058e+01 -1.778131270737835432e-02 9.989079125568740558e-01 -4.320656406277701561e-02 -4.729331617384799458e+00 6.910330131218773708e-01 4.350906711530886511e-02 7.215125395847997725e-01 6.862854322304414723e+01
7.169372865448688792e-01 -1.592927707118917471e-02 -6.969556486592584088e-01 -3.738414103157188606e+01 -1.982362615865490563e-02 9.988688177719055039e-01 -4.322162377595875626e-02 -4.785309392417511631e+00 6.968557660579847157e-01 4.480338170616816190e-02 7.158105247634322099e-01 6.942907279368425577e+01
7.113547598240785863e-01 -1.648002193480958139e-02 -7.026398830975815191e-01 -3.819110916773561115e+01 -1.892094792191559294e-02 9.989136855264780790e-01 -4.258458205669535257e-02 -4.846543194412912037e+00 7.025784021912803157e-01 4.358735756958798807e-02 7.102701881934948558e-01 7.024453642839505108e+01
7.067361473122171223e-01 -1.561540976868890269e-02 -7.073048619314552532e-01 -3.899590853874745733e+01 -2.042992915951197946e-02 9.988889979381737616e-01 -4.246631403044568570e-02 -4.908509602884850942e+00 7.071821858671947236e-01 4.446266718801793888e-02 7.056319412640457145e-01 7.103794706512405810e+01
7.019384915297075533e-01 -1.611269840054918925e-02 -7.120552826815562675e-01 -3.984379459755191988e+01 -2.065797684570887249e-02 9.988628883439252260e-01 -4.296717720346512198e-02 -4.979094863498108481e+00 7.119379257699114394e-01 4.486993689033914878e-02 7.008074543292710512e-01 7.183668873496620222e+01
6.966159484357588028e-01 -1.861173912951273601e-02 -7.172027704644239332e-01 -4.066363468377759460e+01 -2.027964532563407071e-02 9.987531977705587094e-01 -4.561563285906573839e-02 -5.046057470404441858e+00 7.171575590819014856e-01 4.632119496636898093e-02 6.953699676472029356e-01 7.261401807834997157e+01
6.912566763803082992e-01 -2.049912591311110754e-02 -7.223184778759403901e-01 -4.148778128463415271e+01 -2.064810465285195004e-02 9.986290402686069934e-01 -4.810089124230453733e-02 -5.118837283841222607e+00 7.223142470147488892e-01 4.816456955619010522e-02 6.898857242200034934e-01 7.341168067203018666e+01
6.861002352475296107e-01 -2.099924169471031193e-02 -7.272038842059215247e-01 -4.234883576576947917e+01 -2.159211683929185624e-02 9.985551999228722275e-01 -4.920663807510683441e-02 -5.179942419744648419e+00 7.271865346059765978e-01 4.946255702237992852e-02 6.846555405053315058e-01 7.418507836041911219e+01
6.815830995605061116e-01 -2.046139294836151271e-02 -7.314545781163255267e-01 -4.320068738615309201e+01 -2.116540613463393367e-02 9.986394529254462027e-01 -4.765782912838531504e-02 -5.262187198898409690e+00 7.314345579159265975e-01 4.796430392246428531e-02 6.802227009936027136e-01 7.498552738878585444e+01
6.766490200180048653e-01 -2.098052385681811044e-02 -7.360067331674747804e-01 -4.406993472853547189e+01 -2.008264499348539137e-02 9.986961999752311803e-01 -4.693173293660055784e-02 -5.321949401195471552e+00 7.360317926112985853e-01 4.653727282977454527e-02 6.753454616203037331e-01 7.575895154912257112e+01
6.717190230145061447e-01 -2.133203177684451710e-02 -7.404988105103652574e-01 -4.493280588578345203e+01 -1.999101855972404418e-02 9.986993235775221134e-01 -4.690437393133287114e-02 -5.396286242638275610e+00 7.405362395382938390e-01 4.630988548659593917e-02 6.704188859056697813e-01 7.652652403401101822e+01
6.666666320269449830e-01 -2.240112598304394922e-02 -7.450193158626140510e-01 -4.580828725947718283e+01 -1.879413308751819167e-02 9.987252525930661040e-01 -4.684709620584273648e-02 -5.459255864226165933e+00 7.451190449825988438e-01 4.523338780000073223e-02 6.653957917600507033e-01 7.729271060546302863e+01
6.623276669739515121e-01 -2.282083486395486416e-02 -7.488666507932839611e-01 -4.668933888748108529e+01 -1.837601727562638773e-02 9.987404862583295628e-01 -4.668793340092522448e-02 -5.537878841578688593e+00 7.489889134987335328e-01 4.468389628662366997e-02 6.610741011623051389e-01 7.808862352567869891e+01
6.584293127292391024e-01 -2.399427242344805492e-02 -7.522599979771266154e-01 -4.760619259190119124e+01 -1.695857674119236741e-02 9.987649881920237505e-01 -4.670016125519955985e-02 -5.602761361514267513e+00 7.524514973740700219e-01 4.350601374106961849e-02 6.572092370900952663e-01 7.885042336803803664e+01
6.543950306640543557e-01 -2.658252562866312771e-02 -7.556854521646596545e-01 -4.848699662143811651e+01 -1.400769975071316890e-02 9.987842065898071553e-01 -4.726407760952110876e-02 -5.678739574338204754e+00 7.560231063758782177e-01 4.151479217356785628e-02 6.532270625125879970e-01 7.960342182239115516e+01
6.502012703786185233e-01 -3.111288419201558089e-02 -7.591246839542762359e-01 -4.940437321798609815e+01 -1.106394843871395632e-02 9.986674725080483261e-01 -5.040702737512271076e-02 -5.760195552990508894e+00 7.596814505619818858e-01 4.117362933130636060e-02 6.489906290208453665e-01 8.039604865878676776e+01
6.453549579791530988e-01 -3.543251667469787813e-02 -7.630606163516133744e-01 -5.032067413709306436e+01 -6.846533162853307361e-03 9.986152262543089853e-01 -5.216085578472215434e-02 -5.830582529902156530e+00 7.638521536246128951e-01 3.888658642104237534e-02 6.442186985387721165e-01 8.116303905167471555e+01
6.389163665936637981e-01 -3.913769508134336272e-02 -7.682799661844980088e-01 -5.124445294784923988e+01 -1.577888379006207441e-03 9.986362038091041171e-01 -5.218469793908919047e-02 -5.896815544913131646e+00 7.692745909760559941e-01 3.455391730073664736e-02 6.379832610428144424e-01 8.191752750887033585e+01
6.303660165108465607e-01 -4.278280100481288151e-02 -7.751182529816950106e-01 -5.217753741896704156e+01 3.198974881161538962e-03 9.986148974180598659e-01 -5.251717046881335116e-02 -5.987143490867825157e+00 7.762914797545866774e-01 3.062545535770715144e-02 6.296297571001390203e-01 8.269847086717913953e+01
6.212774357776333911e-01 -4.355772211592805199e-02 -7.823791033660011385e-01 -5.311963535553336868e+01 5.532032882779511912e-03 9.986727589405142158e-01 -5.120661225481268342e-02 -6.068715744000591883e+00 7.835711546252305260e-01 2.748536542788299411e-02 6.206938146978282500e-01 8.344232787949499652e+01
6.125447238403578520e-01 -4.279545692013749653e-02 -7.892765666884293818e-01 -5.405782127350539668e+01 6.976946262709031107e-03 9.987870996900041209e-01 -4.874065745463376093e-02 -6.146607278552767895e+00 7.904051452660683097e-01 2.434909193135241512e-02 6.121003508596227771e-01 8.418384732200374287e+01
6.038796679697058245e-01 -4.273410254146512571e-02 -7.959290995274114211e-01 -5.507510298292584139e+01 6.520731067390496058e-03 9.987932038938673873e-01 -4.867870066127865519e-02 -6.217620011456914675e+00 7.970488297537925426e-01 2.420603754241614641e-02 6.034295670387413990e-01 8.491396102178518390e+01
5.941933075912434470e-01 -4.330337884177717228e-02 -8.031557251121430596e-01 -5.604701718377038588e+01 4.551716497791291616e-03 9.987147109889203955e-01 -5.047977723666470518e-02 -6.287998327728641534e+00 8.043093967042561632e-01 2.633900820935818760e-02 5.936267032870170546e-01 8.562158904493097111e+01
5.844382515856022531e-01 -4.523627163194011980e-02 -8.101762757615177390e-01 -5.702984858810770419e+01 5.238128683421742690e-03 9.986343773931575241e-01 -5.198021039518199715e-02 -6.374500499288067168e+00 8.114212856663961526e-01 2.613541525656454256e-02 5.838770840392796257e-01 8.632821522062951658e+01
5.743684130348123418e-01 -4.647964542174280733e-02 -8.172763036260535241e-01 -5.803465243573054266e+01 4.901474178649090595e-03 9.985641091325814234e-01 -5.334506049257194127e-02 -6.445897877994036129e+00 8.185822576913489579e-01 2.663385860405090635e-02 5.737715025980665295e-01 8.703012789185960685e+01
5.642354868558608905e-01 -4.807892714843862991e-02 -8.242127879038986249e-01 -5.907860259505896039e+01 8.607962865388630799e-03 9.985912698711757463e-01 -5.235817684230566205e-02 -6.528478480403699713e+00 8.255690337615664287e-01 2.244754785200909694e-02 5.638544940957942453e-01 8.773239515982837133e+01
5.541037851013382864e-01 -4.793356906357337799e-02 -8.310663966914505485e-01 -6.010822505829363394e+01 9.911027422700235262e-03 9.986499204313095124e-01 -5.099125343190838433e-02 -6.610618929630183160e+00 8.323885980921341687e-01 2.001772418026624700e-02 5.538307729801132950e-01 8.842011018474832440e+01
5.434431003238413549e-01 -4.812995815841624586e-02 -8.380650876026394247e-01 -6.114935520753398634e+01 1.005954219574066617e-02 9.986566762783631868e-01 -5.082960263384596333e-02 -6.701754420425841907e+00 8.393857360551814084e-01 1.919244521352659813e-02 5.431972468312390445e-01 8.909479748285264122e+01
5.329649737498346473e-01 -4.922931660110145546e-02 -8.447039707353757310e-01 -6.219311884950792546e+01 9.421546183882762576e-03 9.985894217143284068e-01 -5.225324177746075438e-02 -6.772473390421814621e+00 8.460848556716027424e-01 1.989072964384311012e-02 5.326770023903882878e-01 8.975004997471580737e+01
5.231659786491927866e-01 -5.051787048435121136e-02 -8.507322083994987016e-01 -6.328210165005317123e+01 9.071370093236748658e-03 9.985151055664559516e-01 -5.371493431283301534e-02 -6.853641678223972633e+00 8.521825397108365729e-01 2.038451894961701080e-02 5.228473998870618589e-01 9.038511826192592480e+01
5.131565415648939865e-01 -5.062788924549697922e-02 -8.568005411817830597e-01 -6.434604330600207334e+01 6.907963453348335905e-03 9.984700646016042569e-01 -5.486173626811055581e-02 -6.940197948279997142e+00 8.582672404527332821e-01 2.223391151919658013e-02 5.127211820117805186e-01 9.102954852018382326e+01
