1 0 0 0 0 1 0 0 0 0 1 0
0.99991061 -0.0027289659 0.013089339 0.067405472 0.0027138591 0.99999563 0.0011717676 -0.0073434597 -0.013092481 -0.0011361403 0.99991364 0.23605394
0.99981034 -0.0048319466 0.018866507 0.018334058 0.0047948495 0.99998648 0.0020110515 -0.013158026 -0.018875971 -0.001920208 0.99981999 0.49891079
0.99978538 -0.008470444 0.018906269 0.035046662 0.008466869 0.99996412 0.00026915992 -0.010427578 -0.018907872 -0.00010902523 0.99982122 0.76394175
0.99985833 -0.0093144081 0.014020108 0.0019348182 0.0093267829 0.99995617 -0.00081747426 -0.017196326 -0.01401188 0.00094812099 0.99990138 1.1129444
0.99987451 -0.012544982 0.009673919 0.0015030091 0.01257138 0.99991741 -0.0026726628 -0.019424173 -0.0096395923 0.002793942 0.99994963 1.4598031
0.999916 -0.012945542 -0.00062947578 0.058817073 0.012943108 0.99990928 -0.0037281053 -0.0268748 0.00067768107 0.0037196448 0.99999285 1.7427861
0.99979364 -0.012812015 -0.015764833 0.0010277935 0.012743769 0.99990902 -0.0044219629 -0.036439459 0.015820055 0.0042201471 0.99986595 2.1198719
0.99927697 -0.0080348868 -0.037161447 0.0005686333 0.007850573 0.99995616 -0.0051030907 -0.040390449 0.037200824 0.0048076624 0.99929624 2.4072404
0.99844642 -0.0049597386 -0.055499149 -0.11348034 0.0046465235 0.99997255 -0.0057712236 -0.047983991 0.055526254 0.0055043795 0.99844206 2.7744058
0.99704152 -0.0037497159 -0.076773403 -0.14056682 0.0032948581 0.99997627 -0.0060504914 -0.051895073 0.076794275 0.0057796337 0.99703021 3.1052476
0.99525709 -0.0050363437 -0.097149177 -0.21494949 0.0045278502 0.99997488 -0.0054539064 -0.060667851 0.097174212 0.0049881621 0.99525489 3.5257653
0.99295679 -0.0058253037 -0.11833374 -0.28124826 0.0052866379 0.99997419 -0.0048654815 -0.067576785 0.11835904 0.0042056252 0.99296196 3.8739762
0.99095384 -0.0050001455 -0.13411 -0.31740966 0.0044593982 0.99998067 -0.0043322008 -0.068395082 0.13412908 0.0036949611 0.99095698 4.2849639
0.98863914 -0.004279301 -0.1502476 -0.41851311 0.0037990244 0.99998672 -0.0034834512 -0.082213655 0.15026052 0.0028730818 0.98864226 4.6923829
0.98622236 -0.0032908826 -0.16539235 -0.48300536 0.0027394544 0.9999899 -0.0035620649 -0.08689827 0.16540242 0.0030599032 0.98622141 5.0778396
0.98438403 -0.0047387431 -0.17597054 -0.56830009 0.0039661801 0.99998089 -0.0047417513 -0.092585398 0.17598966 0.0039697733 0.98438401 5.5297193
0.98260129 -0.0080163181 -0.18555443 -0.65271521 0.0068895689 0.99995371 -0.0067163482 -0.10939908 0.1855997 0.0053211023 0.98261103 6.0274025
0.98163513 -0.0073260102 -0.19062739 -0.7568648 0.0058006091 0.99994655 -0.0085587767 -0.12034659 0.19067992 0.0072958408 0.98162515 6.5173274
0.98006225 -0.0074054365 -0.19855261 -0.8954616 0.0054359209 0.99993049 -0.010462624 -0.12091238 0.1986163 0.0091747062 0.98003438 6.9914169
0.97815095 -0.0075379769 -0.20775921 -1.0026859 0.0049830859 0.99990543 -0.012817984 -0.1337742 0.2078362 0.011502641 0.97809601 7.4479123
0.97583628 -0.011723969 -0.21818823 -1.1360213 0.0087852702 0.99985723 -0.014433913 -0.13775065 0.21832632 0.012168294 0.97579996 7.9139749
0.9739034 -0.017208985 -0.22630954 -1.2344366 0.013972293 0.99977602 -0.015896225 -0.15382871 0.22653243 0.012319324 0.97392571 8.3828059
0.97257368 -0.018065911 -0.23189232 -1.3904246 0.014208525 0.99973169 -0.018293954 -0.18580019 0.23216062 0.01449737 0.97256942 8.9766652
0.97008503 -0.014116761 -0.2423546 -1.4895362 0.0089251101 0.99970686 -0.02250631 -0.18859324 0.24260129 0.019669993 0.96992665 9.4760559
0.9680318 -0.011490302 -0.25056416 -1.6735594 0.0052429093 0.99965886 -0.025586579 -0.20849057 0.2507727 0.023454937 0.96776181 10.020057
0.96590934 -0.014566998 -0.25847041 -1.8071282 0.0076571658 0.99958639 -0.027720177 -0.22651105 0.25876733 0.024796028 0.96562137 10.551367
0.96357634 -0.015693724 -0.26697252 -1.9599456 0.0081725514 0.99953843 -0.029259951 -0.25769711 0.26730852 0.02601235 0.96325984 11.146742
0.96154198 -0.015713527 -0.27420814 -2.1720284 0.0071670376 0.99945762 -0.032141998 -0.28301669 0.2745645 0.02894062 0.96113307 11.700796
0.95856157 -0.01490965 -0.284495 -2.3520694 0.0050845547 0.99936585 -0.035242576 -0.29881886 0.28484007 0.032335649 0.95802951 12.250467
0.95711913 -0.016483864 -0.28922525 -2.6191723 0.0047911232 0.99914399 -0.041089352 -0.33948091 0.28965501 0.037941691 0.9563788 12.972354
0.95525138 -0.017679091 -0.2952664 -2.8136856 0.0036365717 0.99883877 -0.048040417 -0.37714408 0.29577286 0.044816918 0.95420641 13.581204
0.95379632 -0.017674781 -0.29993362 -2.9838447 0.00078046242 0.99841058 -0.056353421 -0.41065937 0.30045296 0.053515599 0.95229413 14.172949
0.95242048 -0.017679749 -0.30427396 -3.2142832 -0.0021338606 0.99790492 -0.064662258 -0.4574476 0.30477972 0.062234938 0.95038737 14.779949
0.95097863 -0.017183841 -0.3087788 -3.4011163 -0.00591807 0.99726105 -0.073725051 -0.50520465 0.30919998 0.071938324 0.94827225 15.408866
0.95003244 -0.016438387 -0.31171805 -3.6874373 -0.0092901679 0.99668106 -0.080873691 -0.56170266 0.31201293 0.079728544 0.94672662 16.06394
0.94796518 -0.0154594 -0.31799845 -3.9261434 -0.012975891 0.99611441 -0.087107411 -0.62457797 0.3181095 0.086701107 0.94408118 16.710206
0.94653026 -0.014338037 -0.32229626 -4.1203592 -0.016608135 0.99552168 -0.093063218 -0.69217206 0.32218729 0.093439893 0.94205326 17.34957
0.94496488 -0.011971587 -0.32695267 -4.4006566 -0.021514971 0.99489339 -0.098611654 -0.77247285 0.32646361 0.10021893 0.93988174 18.057326
0.94331969 -0.0097104902 -0.33174335 -4.668989 -0.025522034 0.99448949 -0.10168227 -0.84813858 0.33090269 0.10438565 0.93787369 18.76551
0.93985431 -0.0087835563 -0.34146261 -5.0085873 -0.02800358 0.99432272 -0.10265537 -0.90808018 0.34042574 0.10604327 0.93427252 19.266823
0.93775511 -0.0073355822 -0.34721971 -5.2388255 -0.030033124 0.99431875 -0.10211868 -1.0051934 0.3459962 0.10619041 0.93220719 19.996711
0.93486958 -0.010038706 -0.35484937 -5.5062069 -0.027446401 0.99456395 -0.10044526 -1.0825676 0.35392876 0.10364256 0.92951206 20.717414
0.933447 -0.0072023922 -0.35864301 -5.7506261 -0.030185107 0.99467531 -0.098538758 -1.1757258 0.3574431 0.10280639 0.92825928 21.479626
0.93024192 -0.0084857374 -0.36684869 -6.0890563 -0.028612257 0.99501142 -0.095569986 -1.2519389 0.36582964 0.099399578 0.92535853 22.141026
0.92670439 -0.0036244586 -0.37577363 -6.4101127 -0.0326623 0.99539245 -0.09015016 -1.3421165 0.37436901 0.095816182 0.92231617 22.977774
0.92332635 -0.0021968911 -0.38400992 -6.7511791 -0.032900576 0.99585429 -0.084804447 -1.4187918 0.38260426 0.090936329 0.91942622 23.676376
0.91949751 5.7968688e-05 -0.39309582 -7.0479165 -0.034515577 0.99614962 -0.080589103 -1.4893294 0.39157761 0.087669409 0.9159591 24.441109
0.91648866 0.0022162383 -0.40005451 -7.3854822 -0.036937948 0.99618188 -0.079102798 -1.5714019 0.39835177 0.087274012 0.91307126 25.174554
0.91274524 0.002927022 -0.40851871 -7.7502965 -0.03814907 0.99621553 -0.078097854 -1.6500766 0.40674412 0.086868055 0.90940265 25.970326
0.90942147 0.0023470107 -0.41586905 -8.1814706 -0.037977017 0.99627458 -0.077425442 -1.7170642 0.41413808 0.086205826 0.90612263 26.719925
0.9051601 0.0045711722 -0.42504621 -8.5269379 -0.040449992 0.99633067 -0.075425487 -1.7924986 0.42314182 0.085465259 0.90202367 27.526992
0.90117926 0.0035336631 -0.43343216 -8.9223365 -0.039012775 0.99656939 -0.072989417 -1.8662478 0.43168734 0.082685942 0.89822552 28.242256
0.89698575 0.0044709934 -0.44203682 -9.3055181 -0.038870101 0.99687345 -0.068792707 -1.9371523 0.44034724 0.078888095 0.89435507 29.024308
0.89401553 0.0035457368 -0.44802193 -9.7038058 -0.035751332 0.9973446 -0.063447613 -1.9981289 0.44660732 0.072740532 0.89176832 29.874198
0.88976595 0.0053007704 -0.45638628 -10.119951 -0.036200689 0.99760199 -0.058989675 -2.0703047 0.45497921 0.069008503 0.88782417 30.684297
0.88670063 0.0022807782 -0.46233838 -10.568075 -0.032463341 0.9978269 -0.057337746 -2.1313419 0.46120294 0.065850465 0.88484778 31.495925
0.88276835 0.002208514 -0.4698033 -11.009583 -0.032316391 0.99790584 -0.056031952 -2.1907637 0.46869575 0.064645582 0.88099107 32.280167
0.87971227 0.0057751083 -0.47547129 -11.437939 -0.035790393 0.99789398 -0.054098533 -2.2507567 0.47415755 0.064608449 0.87806627 33.073785
0.87564865 0.00052847129 -0.48294838 -11.927829 -0.029746621 0.99815972 -0.052842267 -2.3128026 0.48203174 0.060637343 0.87405294 33.960768
0.87457788 0.0023521673 -0.48487934 -12.38802 -0.031918748 0.99809856 -0.052730096 -2.3789661 0.48383339 0.061593318 0.87299 34.789311
0.87195889 8.0646379e-05 -0.48957907 -12.879911 -0.029944232 0.99813655 -0.05316739 -2.4354056 0.48866252 0.061019848 0.87033646 35.643881
0.87085038 0.00020731934 -0.49154812 -13.403087 -0.030406319 0.99810758 -0.053448329 -2.4952867 0.49060686 0.061491667 0.86920867 36.504923
0.87220272 -0.00044660955 -0.48914436 -13.93091 -0.029056879 0.99818633 -0.052723262 -2.5518462 0.4882808 0.060198381 0.87060785 37.380724
0.87208673 -0.0013591041 -0.48934943 -14.430919 -0.027232299 0.99831171 -0.051304308 -2.6173185 0.48859304 0.058067917 0.87057738 38.327111
0.86985156 -0.0010002595 -0.49331251 -14.927297 -0.027551545 0.99833862 -0.050605548 -2.6765754 0.49254359 0.057610837 0.86837885 39.12012
0.87108054 -0.0022434452 -0.49113504 -15.435295 -0.026303044 0.99834139 -0.051211561 -2.7479212 0.49043537 0.057527741 0.86957675 40.079703
0.86843005 -0.0036487627 -0.49579827 -15.942024 -0.025435221 0.99832838 -0.051898874 -2.8110129 0.49515889 0.057681281 0.86688556 40.98128
0.86688537 -0.0049546913 -0.49848289 -16.45186 -0.022945424 0.99849422 -0.04982775 -2.8723395 0.49797921 0.054632849 0.86546634 41.896067
0.86567562 -0.0055356859 -0.50057472 -17.009995 -0.020351257 0.99872306 -0.046239257 -2.9286264 0.50019152 0.050215523 0.86445755 42.801638
0.86131199 -0.0045489773 -0.50805605 -17.434236 -0.01942107 0.99893434 -0.041868862 -3.0136411 0.50770514 0.045929146 0.86030578 43.876983
0.85919092 -0.0084438397 -0.51158543 -17.982493 -0.013930249 0.99910713 -0.039885895 -3.0626797 0.51146548 0.041396111 0.85830615 44.752858
0.85301072 -0.006891409 -0.52184787 -18.519605 -0.01765904 0.99895912 -0.04205744 -3.135797 0.52159457 0.04509078 0.85200115 45.647237
0.84700728 -0.012940292 -0.53142373 -19.086592 -0.013217558 0.99888191 -0.04538975 -3.1850739 0.53141695 0.045469573 0.84588921 46.474144
0.83995447 -0.012077816 -0.54252243 -19.654887 -0.01497263 0.99885585 -0.045418074 -3.2491563 0.5424503 0.046272102 0.83881261 47.433929
0.83663712 -0.005232165 -0.54773254 -20.315337 -0.020005098 0.9989954 -0.040099709 -3.3267604 0.54739214 0.044506349 0.83569196 48.376995
0.83070129 -0.0050346117 -0.5566956 -20.884902 -0.01723094 0.99924752 -0.034748948 -3.3786263 0.55645169 0.038458384 0.82998946 49.208086
0.82661017 -0.0080879818 -0.56271679 -21.511475 -0.015074755 0.99921972 -0.036506136 -3.421008 0.56257303 0.038659161 0.82584326 50.092921
0.82273102 -0.0038467634 -0.56841785 -22.115225 -0.023577171 0.99888562 -0.040885672 -3.4876451 0.56794174 0.047039596 0.82172349 50.931341
0.81978485 -0.0073531615 -0.5726244 -22.70911 -0.024598634 0.99854254 -0.048038523 -3.5508727 0.57214311 0.053467032 0.81840917 51.770599
0.81925268 -0.0053828417 -0.5734074 -23.443842 -0.028104457 0.99837733 -0.049526317 -3.6240779 0.57274358 0.056689872 0.81777202 52.659572
0.81513019 -0.0081989538 -0.57921975 -23.982202 -0.022694301 0.99868021 -0.046073949 -3.6711774 0.5788331 0.050701254 0.81386832 53.517594
0.81305784 -0.0058831357 -0.58215317 -24.669743 -0.021738194 0.99894484 -0.040455566 -3.7420952 0.58177696 0.045547674 0.81207204 54.4268
0.8109382 -0.0043679983 -0.58511548 -25.293426 -0.021372168 0.99908377 -0.03707901 -3.7998849 0.58474139 0.042573972 0.81010184 55.289156
0.8062639 -0.0033258716 -0.59154665 -25.934003 -0.023490098 0.99901549 -0.037633234 -3.8529619 0.59108948 0.044237807 0.805392 56.148724
0.80180905 -0.0019091495 -0.59757725 -26.552524 -0.027025193 0.99885591 -0.039452653 -3.9205654 0.59696894 0.047783136 0.80084011 56.990403
0.79959219 -0.0045511307 -0.60052609 -27.217605 -0.025882399 0.99878099 -0.042031389 -3.9813721 0.59998538 0.049151027 0.79849969 57.870213
0.79489338 -0.0066089438 -0.60671311 -27.872006 -0.024159704 0.9988029 -0.04253315 -4.0355023 0.60626797 0.04846733 0.79378215 58.692699
0.79172524 -0.0082185998 -0.61082204 -28.507447 -0.02179539 0.99889282 -0.041690473 -4.093098 0.61048844 0.046320505 0.79066953 59.58643
0.7849053 -0.0077673255 -0.61956703 -29.197898 -0.022140367 0.99893128 -0.040572066 -4.1477059 0.61922008 0.045562672 0.78389449 60.362715
0.77800799 -0.0077138349 -0.62820699 -29.865922 -0.023576578 0.9988618 -0.041463754 -4.2119418 0.62781186 0.047070103 0.7769406 61.128653
0.77100586 -0.010345596 -0.63674398 -30.53648 -0.021399678 0.99888245 -0.042141443 -4.2715332 0.63646842 0.046117416 0.76992283 61.96407
0.7661716 -0.011294083 -0.64253676 -31.230936 -0.021413083 0.99884168 -0.04309029 -4.3296462 0.64227921 0.04677325 0.76504229 62.7442
0.76195772 -0.01154527 -0.64752383 -32.003952 -0.022518717 0.99876417 -0.044306185 -4.4012155 0.64723518 0.048340846 0.76075608 63.672917
0.75625413 -0.015423889 -0.65409614 -32.670602 -0.018965704 0.99878522 -0.045479619 -4.46004 0.65400308 0.046799544 0.75504292 64.51249
0.75056682 -0.01525418 -0.66061843 -33.447787 -0.019728846 0.99877053 -0.04547745 -4.5286315 0.6605 0.047167104 0.74934308 65.297062
0.74265216 -0.018520401 -0.66942119 -34.165206 -0.014526178 0.99893681 -0.043752135 -4.5778468 0.66951983 0.042216749 0.74159354 66.113844
0.73862312 -0.017295543 -0.67389666 -34.921347 -0.015892904 0.99894619 -0.043057317 -4.6617268 0.67393126 0.042513305 0.73756988 66.977902
0.73063124 -0.015637857 -0.68259315 -35.69234 -0.019279744 0.9988665 -0.043520088 -4.7205025 0.68250005 0.044957358 0.72950158 67.711992
0.72440988 -0.017555677 -0.68914591 -36.516507 -0.01903948 0.99878483 -0.045457325 -4.7955761 0.68910657 0.046050715 0.72319535 68.574658
0.71812822 -0.019483255 -0.69563799 -37.348387 -0.01881682 0.9986989 -0.047396481 -4.872966 0.6956564 0.047126446 0.71682726 69.429682
0.71178681 -0.021420423 -0.70206884 -38.187906 -0.018611784 0.99860874 -0.049337387 -4.9526741 0.70214897 0.048184456 0.71039786 70.276992
0.70668646 -0.013561353 -0.70739684 -38.801973 -0.025397088 0.99868574 -0.044517171 -4.9970714 0.70707091 0.049425502 0.70541327 70.901539
0.70251288 -0.017982464 -0.71144378 -39.794265 -0.020283867 0.99876865 -0.04527413 -5.0569681 0.71138194 0.046236491 0.70128308 71.814731
0.69823347 -0.020762273 -0.71556894 -40.580808 -0.019106426 0.99868275 -0.047620386 -5.1318359 0.71561513 0.046922113 0.69691703 72.595264
0.69431533 -0.023458638 -0.71928845 -41.455844 -0.01899043 0.99852336 -0.05089661 -5.1961446 0.71942034 0.048997894 0.69284459 73.365671
0.69052201 -0.023879802 -0.72291705 -42.356244 -0.019872172 0.99845127 -0.05196307 -5.2695733 0.72303837 0.050247576 0.68897804 74.158041
0.68107661 -0.022667968 -0.73186117 -43.197964 -0.020252888 0.99855505 -0.049775808 -5.3413813 0.73193205 0.048723442 0.67963339 74.878548
0.67778901 -0.024069303 -0.73486235 -43.97748 -0.01771372 0.99863939 -0.049046896 -5.412746 0.73504308 0.046260594 0.67644045 75.698629
0.67268163 -0.022658999 -0.73958498 -44.860428 -0.020502099 0.99857647 -0.049241301 -5.5055721 0.73964798 0.048286763 0.67125949 76.510681
0.67016861 -0.023356768 -0.74184126 -45.667666 -0.020043751 0.99857065 -0.049547088 -5.5598144 0.74193822 0.048074185 0.66874255 77.168755
0.66443996 -0.026135289 -0.74688449 -46.604805 -0.016210011 0.99864921 -0.049365817 -5.6369815 0.74716586 0.044907627 0.66311879 78.041445
0.65763757 -0.028538354 -0.75279369 -47.474722 -0.012677656 0.99872143 -0.048936605 -5.6994951 0.75322782 0.04172621 0.65643494 78.771151
0.65679997 -0.027782363 -0.75355285 -48.359442 -0.014987717 0.99864267 -0.049881816 -5.7887787 0.75391592 0.044056412 0.65549208 79.542961
0.6492599 -0.032062732 -0.75989046 -49.234424 -0.012761358 0.99851113 -0.053034529 -5.8715594 0.76045958 0.044130428 0.64788408 80.263667
0.64672467 -0.037208328 -0.76181539 -50.219047 -0.0072622909 0.9984637 -0.054931769 -5.9447909 0.762689 0.041058255 0.64546089 81.102636
0.63866028 -0.042559933 -0.76831091 -51.052658 0.00072645719 0.99850217 -0.054707313 -6.014934 0.76948851 0.034381243 0.63773459 81.835855
0.63134987 -0.044758392 -0.77420539 -52.003656 0.0032957357 0.9984789 -0.055036491 -6.1049595 0.77549116 0.032195705 0.63053704 82.587446
0.62240651 -0.044946924 -0.78140249 -52.950127 0.0039747295 0.99851841 -0.054269642 -6.1940746 0.78268409 0.030671915 0.62166301 83.335218
0.61133486 -0.04587456 -0.79004124 -53.87866 0.0092978368 0.99866588 -0.050793887 -6.2586116 0.79131744 0.023706399 0.6109458 84.042238
0.60764996 -0.047052769 -0.79280988 -54.980268 0.010856197 0.9986423 -0.05094805 -6.3448383 0.7941308 0.02235168 0.60733577 84.856807
0.59634209 -0.045997096 -0.80141146 -55.914922 0.0057206994 0.99857513 -0.053056469 -6.418976 0.80271006 0.027055171 0.59575551 85.47948
0.58699676 -0.051131141 -0.80797299 -56.839334 0.011085124 0.99841767 -0.055129693 -6.496348 0.80951342 0.023404469 0.58663473 86.261012
0.57947659 -0.04933661 -0.81349414 -57.813815 0.0054918029 0.9983797 -0.056637529 -6.5859474 0.81497041 0.028352573 0.57880862 86.978131
0.56549782 -0.049203058 -0.82328077 -58.957014 0.0065177762 0.9984543 -0.055195285 -6.6912738 0.82472407 0.025846853 0.56494443 87.673948
0.55664603 -0.051156129 -0.82917319 -59.870908 0.012001149 0.99849328 -0.053545701 -6.7547433 0.83066312 0.019854971 0.55642126 88.374924
0.54762692 -0.050897079 -0.83517314 -60.971727 0.010816987 0.99849543 -0.053757508 -6.8410857 0.83665274 0.020405002 0.54735353 89.011858
0.53598768 -0.049702543 -0.84276141 -61.907464 0.0061264232 0.99846816 -0.054989132 -6.9287228 0.84420361 0.024310384 0.53547113 89.639874
0.52598748 -0.053261162 -0.84882292 -63.057053 0.0096842973 0.99834756 -0.056642358 -7.0074279 0.85043721 0.021572917 0.52563412 90.307831
0.51577019 -0.054438348 -0.85499562 -64.114049 0.0093196302 0.99827661 -0.057939176 -7.0889527 0.85667632 0.021915057 0.51538866 90.941643
0.50702771 -0.053351807 -0.86027695 -65.164026 0.0066780774 0.99829568 -0.057975408 -7.1817188 0.86190392 0.023650142 0.50651986 91.581127
0.49822898 -0.052282974 -0.86546769 -66.220583 0.0040362578 0.99830933 -0.057984371 -7.2745443 0.86703614 0.025396243 0.49759766 92.20967
0.48869472 -0.048056057 -0.87113031 -67.370143 0.0033917205 0.99857897 -0.053184066 -7.3725424 0.87244829 0.023036142 0.48816327 92.795774
0.48224956 -0.050928134 -0.87455224 -68.483065 0.0077670298 0.99851807 -0.053864152 -7.4471733 0.87599948 0.01918329 0.48193046 93.382091
0.47478885 -0.051373799 -0.87859901 -69.636712 0.0052055676 0.99844132 -0.055568215 -7.5479324 0.88008438 0.021809562 0.47431624 93.99161
0.46891054 -0.056742996 -0.88142105 -70.695591 0.011113759 0.99823429 -0.058350597 -7.6205253 0.88317578 0.017565309 0.46871321 94.5902
0.45677796 -0.059192287 -0.88760921 -71.820508 0.01088982 0.99808109 -0.060955286 -7.7240867 0.88951412 0.018177127 0.45654604 95.183319
0.45731599 -0.062960831 -0.88707269 -72.961556 0.013505244 0.99786734 -0.063862177 -7.8138492 0.88920175 0.017225061 0.45719099 95.698776
0.454003 -0.0637843 -0.88871411 -74.214147 0.015512997 0.99784901 -0.063692196 -7.9178026 0.89086514 0.015129828 0.45401593 96.375331
0.44864037 -0.061142942 -0.89161835 -75.265049 0.017332268 0.9980646 -0.059721349 -8.0130953 0.89354433 0.01133964 0.44883182 96.906556
0.44326662 -0.058478099 -0.89448027 -76.319406 0.019175271 0.99826003 -0.055760415 -8.1037118 0.89618474 0.0075648292 0.44361668 97.431719
0.43788204 -0.055789919 -0.89729969 -77.377169 0.021041903 0.99843528 -0.051809616 -8.1896633 0.8987862 0.0038056064 0.4383708 97.950783
0.43248694 -0.053078554 -0.90007647 -78.438286 0.022932061 0.99859034 -0.047869171 -8.2709615 0.90134857 6.21816e-05 0.43309448 98.463712
0.43422469 -0.057669213 -0.89895668 -79.523414 0.026088496 0.99833512 -0.051442893 -8.3677113 0.90042678 -0.001114654 0.43500626 98.961065
0.42898445 -0.056116069 -0.90156712 -80.709123 0.026227526 0.99842151 -0.049664954 -8.4540347 0.90293108 -0.002340383 0.42977908 99.516976
0.42937997 -0.05641382 -0.90136022 -81.814646 0.027147853 0.99840237 -0.049555047 -8.5392744 0.90271585 -0.0031920511 0.43022549 100.07126
0.42528435 -0.055898069 -0.90333192 -82.939667 0.029090627 0.99841947 -0.048086347 -8.6231279 0.90459219 -0.0058281216 0.42623829 100.59045
0.42304462 -0.057311921 -0.90429449 -84.156096 0.035845485 0.99827498 -0.046499032 -8.7190261 0.90539959 -0.012743711 0.42436924 101.10544
0.42152167 -0.05711315 -0.90501795 -85.104673 0.038466191 0.99824252 -0.045080258 -8.7907545 0.90600215 -0.015810288 0.42297778 101.67382
0.41844232 -0.055352308 -0.90655506 -86.146643 0.035433817 0.99837617 -0.044603377 -8.8713305 0.90755195 -0.013458766 0.41972419 102.15323
0.41535244 -0.053599404 -0.90808005 -87.190406 0.032402797 0.99850081 -0.044115569 -8.951338 0.90908332 -0.011100825 0.41646652 102.62883
0.4143973 -0.058390953 -0.90822096 -88.283071 0.038445584 0.99817201 -0.046632341 -9.0248938 0.90928372 -0.01559277 0.41588466 103.1078
0.41808696 -0.057147101 -0.90660765 -89.338151 0.032988536 0.9983161 -0.047715012 -9.1051983 0.90780786 -0.0099586356 0.41926815 103.57969
0.4203856 -0.057946459 -0.90549328 -90.478398 0.033343009 0.99827116 -0.048403848 -9.1923074 0.90673274 -0.009843591 0.42159093 104.03316
0.42252016 -0.05705297 -0.90455603 -91.506338 0.029302462 0.99835498 -0.049281896 -9.2683625 0.90587977 -0.0056831251 0.4234969 104.50484
0.42779625 -0.057260793 -0.90205959 -92.41643 0.02830154 0.99835058 -0.049951305 -9.3317725 0.90343204 -0.0041606955 0.42871121 104.95683
0.43330728 -0.059917387 -0.89925227 -93.437047 0.031851696 0.99818234 -0.05116129 -9.4311109 0.90068326 -0.0064741508 0.43442815 105.48839
0.4413302 -0.058255614 -0.89545177 -94.498503 0.030059422 0.9982902 -0.050130984 -9.505451 0.89684121 -0.0047924463 0.44232674 105.97921
0.44742779 -0.057863625 -0.89244614 -95.438381 0.03009509 0.99831368 -0.049639599 -9.5774222 0.89381359 -0.0046481115 0.44841469 106.39991
0.45525523 -0.054393495 -0.8886979 -96.466227 0.023953141 0.99851913 -0.048844667 -9.6455613 0.89003876 0.00094968365 0.45588395 106.92679
0.46643496 -0.056394741 -0.88275591 -97.498296 0.027693262 0.99840739 -0.049150417 -9.7295702 0.88412192 -0.0015209183 0.46725387 107.47477
0.47726832 -0.058583618 -0.87680263 -98.460031 0.029559439 0.99828095 -0.050610166 -9.8101019 0.87826036 -0.0017631649 0.47817957 107.98714
0.48831487 -0.058574957 -0.87069943 -99.422476 0.025374366 0.99827596 -0.05292675 -9.8842999 0.87229857 0.0037514723 0.4889593 108.5389
0.49920422 -0.057745052 -0.86455803 -100.33752 0.020675007 0.99828662 -0.054739023 -9.959409 0.8662377 0.0094512073 0.49954278 109.04366
0.51194007 -0.057669544 -0.85708315 -101.27552 0.021134009 0.99828751 -0.054547146 -10.044603 0.85876119 0.0098112659 0.51228217 109.60214
0.52521502 -0.053589 -0.84928048 -102.22183 0.017496297 0.99848423 -0.05218353 -10.108045 0.8507897 0.01254831 0.52535653 110.11998
0.53569276 -0.052319361 -0.84279054 -103.10326 0.017389852 0.99855054 -0.050935442 -10.180064 0.84423393 0.012629744 0.53582612 110.7317
0.54720217 -0.050480798 -0.83547676 -103.94555 0.016341863 0.99863368 -0.049635758 -10.251274 0.83684096 0.013507547 0.54727947 111.24632
0.56155095 -0.051442638 -0.82584146 -104.83263 0.016631526 0.99856563 -0.050892821 -10.325926 0.82727503 0.014843908 0.56160105 111.8513
0.57258403 -0.051966792 -0.81819736 -105.68767 0.016663262 0.99852059 -0.051758654 -10.397286 0.81967671 0.016002342 0.57260289 112.43938
0.5824298 -0.055724266 -0.81096873 -106.63065 0.022663012 0.99837291 -0.052325057 -10.478544 0.81256506 0.012096677 0.58274501 113.06837
0.58951478 -0.053724773 -0.80596893 -107.3783 0.019606269 0.99844343 -0.052214124 -10.553354 0.80751964 0.014978953 0.5896505 113.69694
0.6026531 -0.051955068 -0.79631015 -108.24404 0.019500849 0.99853916 -0.050391073 -10.633489 0.79776501 0.014839613 0.60278589 114.29874
0.61309249 -0.050759992 -0.7883787 -109.11843 0.021123022 0.99863018 -0.047870515 -10.699504 0.78972873 0.012696112 0.61332487 114.91018
0.61987942 -0.05036311 -0.78307919 -109.73634 0.022269142 0.99866536 -0.046600282 -10.767786 0.78438106 0.011448054 0.62017364 115.55398
0.63175671 -0.048013765 -0.77367829 -110.53531 0.016784335 0.99869317 -0.048272523 -10.834499 0.77498503 0.017510815 0.63173699 116.16812
0.6416302 -0.04545481 -0.76566605 -111.36436 0.012674032 0.99873448 -0.048670363 -10.89955 0.76690945 0.021524298 0.6413943 116.79905
0.65432921 -0.04661787 -0.75477149 -112.14222 0.015359848 0.99871144 -0.048368816 -10.96924 0.75605384 0.020055954 0.65420211 117.38048
0.66120035 -0.044679209 -0.74887771 -112.85157 0.014317092 0.99879469 -0.046948774 -11.036009 0.75007278 0.020320794 0.66104307 118.1074
0.66805953 -0.043934287 -0.74280966 -113.51513 0.015701154 0.99886549 -0.044957866 -11.094057 0.74394219 0.018371562 0.66799143 118.70708
0.67940116 -0.044154697 -0.73243729 -114.42383 0.01740321 0.99887668 -0.044073858 -11.179093 0.73356066 0.01719707 0.67940641 119.43483
0.68629258 -0.044000756 -0.72599337 -115.08177 0.017283504 0.99887314 -0.044200999 -11.241037 0.72712022 0.017787108 0.68627972 120.11897
0.69423862 -0.04103199 -0.71857433 -115.70035 0.014561143 0.99897003 -0.042975123 -11.300478 0.71959763 0.019371727 0.69412105 120.71521
0.70146136 -0.038636256 -0.71165944 -116.38367 0.013681641 0.99907551 -0.040754599 -11.352871 0.71257618 0.018851107 0.70134147 121.35219
0.708617 -0.035890204 -0.70467992 -117.03677 0.012638677 0.99919092 -0.038180717 -11.410841 0.70548015 0.018149283 0.70849728 121.99948
0.71527407 -0.034485091 -0.69799265 -117.68542 0.011635648 0.99923097 -0.037444369 -11.465404 0.6987472 0.01866139 0.71512526 122.71477
0.72299965 -0.033742452 -0.69002385 -118.34353 0.011584837 0.99925823 -0.036725673 -11.526235 0.69075128 0.018558835 0.72285426 123.36508
0.73129128 -0.029887482 -0.68141013 -118.94616 0.0078992512 0.9993436 -0.035354934 -11.565891 0.68201958 0.020472125 0.73104735 123.98134
0.74046467 -0.027842638 -0.6715183 -119.51493 0.0078137276 0.99943065 -0.032822631 -11.619992 0.67204989 0.019056937 0.74026064 124.62746
0.7499241 -0.024249143 -0.66107926 -120.11566 0.0059270968 0.99953411 -0.029940394 -11.655686 0.66149736 0.018534742 0.74971844 125.25853
0.75898806 -0.021096295 -0.65076265 -120.69812 0.0031995515 0.99958373 -0.028672654 -11.710182 0.6510967 0.019680053 0.75873962 125.94048
0.76923286 -0.021093263 -0.63862026 -121.20312 0.002435852 0.99954452 -0.030080345 -11.742047 0.63896393 0.021583206 0.76893387 126.55506
0.77886346 -0.022035279 -0.62680628 -121.7253 0.0029971296 0.99950199 -0.031413135 -11.793083 0.62718638 0.022587924 0.77854163 127.21531
0.78843853 -0.021232058 -0.61474698 -122.2236 0.0029313074 0.99952244 -0.030761864 -11.841661 0.61510659 0.022451827 0.78812425 127.85923
0.79887463 -0.02003423 -0.60116381 -122.76958 0.0026069862 0.9995511 -0.029846409 -11.87587 0.60149195 0.022276313 0.79856824 128.54948
0.80974693 -0.017724272 -0.58651148 -123.30342 0.0021641652 0.99962711 -0.027220671 -11.912207 0.58677529 0.020772547 0.80948334 129.24708
0.81852267 -0.016422199 -0.57423943 -123.72859 0.0026788798 0.99968957 -0.024770812 -11.955147 0.574468 0.018737153 0.81831257 129.93661
0.82772102 -0.015234652 -0.56093297 -124.22196 0.0031623614 0.99974216 -0.022486057 -11.989215 0.56113095 0.016838309 0.82755577 130.62309
0.83581881 -0.014659753 -0.5488096 -124.65913 0.0041526072 0.99978364 -0.020381848 -12.019487 0.5489897 0.014756541 0.83569885 131.31661
0.8420776 -0.014693248 -0.53915619 -125.1137 0.0052510821 0.99980483 -0.019045615 -12.054826 0.53933085 0.013206732 0.8419904 132.05434
0.84923136 -0.014651839 -0.52781758 -125.55292 0.0059132012 0.99981615 -0.018240146 -12.088598 0.52798784 0.012369012 0.84916187 132.67138
0.85629863 -0.013933336 -0.51629303 -126.02254 0.0055854915 0.99982741 -0.01771878 -12.116256 0.51645085 0.012288817 0.85622867 133.40719
0.86316811 -0.012176224 -0.50476978 -126.47846 0.0039113514 0.99984044 -0.01742998 -12.143844 0.50490151 0.013070671 0.86307801 134.1408
0.86947754 -0.010887204 -0.49385247 -126.87095 0.0030250418 0.9998557 -0.016716383 -12.174484 0.49396324 0.013040595 0.869385 134.89043
0.87461354 -0.011705044 -0.48467941 -127.23816 0.0036251843 0.99983846 -0.017604457 -12.199277 0.48480722 0.013640044 0.87451468 135.61924
0.88042263 -0.012683668 -0.47402014 -127.70939 0.0047055503 0.99982668 -0.018013151 -12.232387 0.47416649 0.01362866 0.88032972 136.39121
0.88416384 -0.013444558 -0.46698343 -128.06818 0.0052883236 0.9998098 -0.018772094 -12.262562 0.46714703 0.014128047 0.88406678 137.14963
0.88738283 -0.012639421 -0.46086 -128.49202 0.0050298333 0.99983005 -0.017736157 -12.294118 0.46100589 0.013420712 0.88729559 137.93533
0.89069099 -0.010965204 -0.45447695 -128.87174 0.0048697316 0.99988184 -0.014580458 -12.319481 0.45458317 0.010773502 0.89063915 138.68607
0.8942879 -0.007367394 -0.4474314 -129.29192 0.0025712844 0.99993256 -0.011325599 -12.331464 0.4474847 0.0089778728 0.89424653 139.51244
0.8978111 -0.0042598191 -0.44036015 -129.69648 0.00081088734 0.99996751 -0.0080199291 -12.357914 0.44038004 0.0068432987 0.89778539 140.30722
0.90102935 -0.0019182792 -0.43375386 -130.09006 -0.00072466101 0.99998217 -0.0059277532 -12.379704 0.43375754 0.0056554039 0.90101189 141.12435
0.90450124 -0.00014003529 -0.42647094 -130.5534 -0.0017259294 0.99999055 -0.0039888749 -12.385222 0.42646751 0.0043440008 0.90449246 141.98341
0.90696404 0.0014060416 -0.42120569 -130.92224 -0.0022062329 0.99999657 -0.0014124621 -12.409264 0.42120229 0.0022103299 0.90696404 142.84509
0.91126838 0.0016944619 -0.4118095 -131.31033 -0.0013049739 0.9999984 0.0012269696 -12.428874 0.41181095 -0.00058069826 0.91126913 143.73006
0.9141846 0.0014330829 -0.40529552 -131.69819 -0.00074168909 0.99999799 0.0018629351 -12.439245 0.40529741 -0.0014024637 0.91418382 144.56339
0.91791619 0.00037143034 -0.39677414 -132.08083 0.00025523248 0.9999988 0.0015265909 -12.438677 0.39677427 -0.0015025525 0.91791499 145.44945
0.92178486 -0.0016560532 -0.38769822 -132.47757 0.0024168098 0.99999599 0.001474683 -12.464919 0.38769425 -0.0022963336 0.92178517 146.40489
0.92601798 -0.0034323836 -0.37746378 -132.809 0.0038247039 0.99999264 0.00028979198 -12.468712 0.37746004 -0.0017120401 0.9260243 147.25006
0.9302067 -0.0043938325 -0.36700979 -133.20887 0.0039995568 0.99999032 -0.0018347624 -12.494254 0.36701433 0.00023883148 0.93021526 148.22606
0.93594325 -0.0028406538 -0.35213938 -133.61833 0.0019728298 0.99999407 -0.0028232581 -12.505012 0.35214534 0.001947698 0.93594331 149.16747
0.94146443 0.00032364213 -0.33711218 -133.98563 -0.00090887851 0.99999834 -0.0015782141 -12.516752 0.33711114 0.0017922262 0.94146316 150.15624
0.9480331 0.0039923197 -0.31814666 -134.27937 -0.0038975909 0.99999197 0.00093429438 -12.519833 0.31814786 0.00035426327 0.94804104 151.1315
0.95416673 0.0070904344 -0.29919153 -134.65511 -0.0064689513 0.99997437 0.0030675833 -12.534678 0.29920564 -0.00099153074 0.95418814 152.12981
0.9606804 0.0091602545 -0.27750542 -134.96835 -0.008442226 0.99995721 0.0037822033 -12.556995 0.27752821 -0.0012907254 0.96071662 153.21126
0.96621987 0.01002351 -0.25752416 -135.24841 -0.0091169016 0.99994733 0.0047143211 -12.556079 0.25755787 -0.0022072486 0.96626036 154.18823
0.97177302 0.011090644 -0.23565694 -135.50347 -0.0095852912 0.99992569 0.0075325297 -12.579008 0.23572299 -0.005061069 0.97180711 155.30233
0.97739339 0.013053764 -0.2110255 -135.71215 -0.010992487 0.99987975 0.010938065 -12.572457 0.21114293 -0.0083710974 0.97741935 156.35933
0.98150588 0.014820677 -0.19085743 -135.95113 -0.012243289 0.99981734 0.014676455 -12.587156 0.1910401 -0.012068305 0.98150804 157.47836
0.98577401 0.016937291 -0.16722062 -136.19997 -0.014091392 0.99973523 0.018190815 -12.582368 0.16748446 -0.015575662 0.98575167 158.61428
0.98936561 0.018059751 -0.14432442 -136.37707 -0.015610722 0.99971461 0.018083473 -12.573697 0.14460983 -0.015638158 0.98936517 159.75769
0.99240855 0.018154425 -0.12163749 -136.5639 -0.016275105 0.99973262 0.016426009 -12.569964 0.12190318 -0.014321649 0.99243867 160.86512
0.99476635 0.017987293 -0.10058013 -136.64986 -0.016527713 0.99974594 0.015326205 -12.554915 0.10083026 -0.013583633 0.99481091 161.98603
0.99659933 0.016542585 -0.080722515 -136.81729 -0.015224406 0.99974096 0.016918053 -12.562733 0.080981481 -0.015631568 0.99659302 163.19098
0.99795595 0.017431984 -0.061482118 -136.7997 -0.01630253 0.99968988 0.018824527 -12.561113 0.061791205 -0.017783735 0.99793065 164.42053
0.99907913 0.017514597 -0.039168037 -136.89013 -0.01674122 0.99966007 0.01998674 -12.556712 0.039504786 -0.019312614 0.99903273 165.57619
0.99962154 0.018787887 -0.02009457 -136.95097 -0.018378712 0.99962384 0.020356965 -12.541865 0.020469477 -0.019979949 0.99959082 166.83467
0.99981047 0.019355347 0.0020965664 -136.92245 -0.019394605 0.99959795 0.020682792 -12.54518 -0.001695401 -0.020719534 0.99978389 168.04827
0.99957527 0.021420118 0.01976003 -136.90835 -0.021820825 0.99955597 0.020290912 -12.534818 -0.019316624 -0.020713474 0.99959883 169.26759
0.99895959 0.022423772 0.039710445 -136.9616 -0.023185337 0.99955398 0.018822329 -12.520033 -0.039270669 -0.019723446 0.99903393 170.56676
0.99768761 0.022975741 0.063965241 -136.73153 -0.024116875 0.99956246 0.017125206 -12.524967 -0.063543795 -0.018628248 0.99780518 171.73631
0.99638422 0.024448763 0.08136801 -136.71337 -0.025706902 0.99956507 0.014450646 -12.514395 -0.080979327 -0.016490116 0.99657936 173.01617
0.99472434 0.024961051 0.099500941 -136.57901 -0.026329365 0.99957564 0.012462189 -12.519962 -0.099147656 -0.015016239 0.99495942 174.31259
0.99188604 0.02468948 0.12470969 -136.37051 -0.026130481 0.9996092 0.0099320805 -12.514247 -0.12441574 -0.013110216 0.99214356 175.61322
0.98960894 0.025811776 0.14144929 -136.21715 -0.026732994 0.99963195 0.0046160156 -12.517201 -0.1412781 -0.0083494134 0.98993474 176.86304
0.98717187 0.027231033 0.15732186 -136.09887 -0.027210499 0.99962711 -0.0022847559 -12.55019 -0.15732543 -0.0020253594 0.98754474 178.21528
0.98426145 0.029994318 0.17415436 -135.84456 -0.029111645 0.99954711 -0.0076212036 -12.567357 -0.17430409 0.0024313371 0.98468887 179.47694
0.9806404 0.03208118 0.19317143 -135.58339 -0.030417043 0.99947027 -0.011575244 -12.605135 -0.19344046 0.0054754487 0.98109674 180.79684
0.97708354 0.03419858 0.21009098 -135.37552 -0.031854284 0.99938686 -0.014533307 -12.634869 -0.2104592 0.0075079581 0.97757381 182.18309
0.97314633 0.033752067 0.22769938 -135.10013 -0.031321374 0.99940734 -0.014281044 -12.676251 -0.22804647 0.0067656886 0.97362674 183.47581
0.96870328 0.032598358 0.24607171 -134.70475 -0.029853516 0.99944355 -0.014877867 -12.703755 -0.2464198 0.007066133 0.96913743 184.77241
0.96459824 0.032160693 0.26175544 -134.35172 -0.02799418 0.99941529 -0.019631886 -12.764198 -0.26223379 0.011609254 0.96493454 186.13252
0.95979116 0.033892729 0.27866147 -133.92726 -0.02827213 0.99930812 -0.024165309 -12.820187 -0.27928772 0.015315297 0.96008532 187.57258
0.95445933 0.036006675 0.29616025 -133.59408 -0.030069163 0.99924554 -0.024580337 -12.864878 -0.29682189 0.014555642 0.95482192 188.87066
0.94936619 0.03731942 0.31194726 -133.19509 -0.031200496 0.99921074 -0.024585153 -12.914509 -0.31261859 0.013607404 0.94978127 190.13461
0.94342886 0.041699234 0.32894246 -132.76947 -0.034362583 0.99901464 -0.028088482 -12.958968 -0.32978963 0.015196172 0.94393214 191.5198
0.93702527 0.042868557 0.34662071 -132.21638 -0.034020882 0.99892227 -0.031573222 -13.035057 -0.34760067 0.017792565 0.93747384 192.96592
0.93036055 0.043661454 0.36403696 -131.69464 -0.033326136 0.99884449 -0.034627479 -13.096538 -0.36512822 0.020084096 0.93074058 194.30998
0.92309985 0.043758716 0.38206259 -131.20439 -0.031145129 0.99874824 -0.039139865 -13.168875 -0.38329708 0.024230615 0.92330723 195.57219
0.91475118 0.04676348 0.40130218 -130.68498 -0.031369814 0.99850115 -0.044848537 -13.255481 -0.40279799 0.028436479 0.91484707 196.94376
0.90629068 0.049913487 0.4196973 -130.11591 -0.032545094 0.9982954 -0.048447037 -13.332968 -0.42140008 0.030248011 0.90637026 198.17201
0.89468019 0.053326773 0.44351279 -129.49066 -0.034463392 0.99812973 -0.050490821 -13.429151 -0.44537585 0.029888184 0.89484472 199.58489
0.88105484 0.057060465 0.46955984 -128.85534 -0.036662228 0.99794882 -0.052478916 -13.514952 -0.4715912 0.029021694 0.8813396 200.87289
0.86711552 0.062085936 0.49422261 -128.1913 -0.039615716 0.99765445 -0.055822841 -13.62898 -0.49652924 0.02882587 0.86754124 202.23094
0.85355299 0.065286782 0.51689932 -127.40068 -0.040569037 0.99743393 -0.058989109 -13.734261 -0.51942417 0.029380224 0.85401133 203.47974
0.83848203 0.067259859 0.5407624 -126.66058 -0.040482504 0.99729972 -0.061273468 -13.84607 -0.54342348 0.029485287 0.83894074 204.76819
0.82260148 0.068119974 0.5645232 -125.78858 -0.039024428 0.9972206 -0.063467879 -13.953647 -0.56727764 0.030178578 0.82297348 205.98681
0.80707573 0.07033225 0.58624407 -124.98117 -0.03725721 0.99696784 -0.068315578 -14.07664 -0.58927132 0.033294028 0.80724894 207.20297
0.78997826 0.072853677 0.60879114 -124.06646 -0.035340223 0.99667524 -0.073413435 -14.215462 -0.61211555 0.036480205 0.78992644 208.4114
0.77418232 0.074638281 0.6285466 -123.10748 -0.033494709 0.99646276 -0.077071862 -14.349239 -0.63207584 0.038614689 0.77394384 209.57823
0.75918483 0.076205249 0.64639858 -122.12463 -0.032143837 0.99630022 -0.079703445 -14.479074 -0.65008092 0.039731917 0.75882554 210.65544
0.74261075 0.076641364 0.66532348 -121.14959 -0.029562684 0.99621341 -0.081761113 -14.62882 -0.66907052 0.041047935 0.74206451 211.85784
0.72687967 0.076832375 0.68245343 -120.12329 -0.027487891 0.99618076 -0.082875316 -14.772809 -0.68621454 0.041481178 0.7262155 213.00911
0.71144825 0.077760257 0.698423 -119.14448 -0.02478341 0.99601718 -0.085647864 -14.924004 -0.70230137 0.043624721 0.71054184 214.11117
0.69803337 0.078910527 0.71170395 -117.98698 -0.022065938 0.99580783 -0.088768595 -15.071166 -0.7157252 0.046259027 0.69684832 215.16902
0.68346398 0.081459052 0.72542496 -116.99253 -0.020247126 0.99548738 -0.092708799 -15.247139 -0.72970342 0.048675355 0.68202908 216.19887
0.66769753 0.084026652 0.73967526 -115.88951 -0.019071171 0.99521401 -0.095840338 -15.399675 -0.74418838 0.049885885 0.66610442 217.20046
0.65231958 0.084024172 0.75327223 -114.74175 -0.016849818 0.99519827 -0.096418321 -15.569282 -0.75775675 0.05020306 0.65060311 218.24505
0.63578165 0.085486807 0.76712036 -113.58045 -0.017688047 0.99520059 -0.096244067 -15.748009 -0.7716663 0.047621352 0.63424236 219.26924
0.61812788 0.086818195 0.78126851 -112.36668 -0.019786382 0.99528576 -0.0949461 -15.926591 -0.78582853 0.043230355 0.61693169 220.20669
0.60182047 0.08751069 0.79382237 -111.19221 -0.021739421 0.99540519 -0.093251802 -16.079629 -0.7983355 0.038863607 0.60095765 221.0965
0.58275156 0.088703487 0.80779469 -110.02445 -0.023374179 0.99544325 -0.092446692 -16.246497 -0.81231418 0.034991917 0.58216948 221.97484
0.56571493 0.092147785 0.81943599 -108.78443 -0.025194492 0.99520412 -0.094519834 -16.432124 -0.82421594 0.032826009 0.56532344 222.90096
0.54684771 0.095958629 0.83171478 -107.62545 -0.027872216 0.994946 -0.096465517 -16.608088 -0.83676806 0.029570214 0.54675852 223.77384
0.52817311 0.096119531 0.84367893 -106.3527 -0.027500629 0.99498769 -0.096141617 -16.786664 -0.84869131 0.027577717 0.52816909 224.55436
0.50715367 0.094824982 0.85662321 -105.21052 -0.027534851 0.99520422 -0.093863697 -16.942181 -0.86141573 0.024016327 0.50733246 225.30196
0.48658084 0.093035643 0.86866759 -103.91292 -0.027648355 0.99545533 -0.091127684 -17.107283 -0.87319798 0.020323757 0.48694178 226.00423
0.46420187 0.091564634 0.88098381 -102.71389 -0.027586406 0.99565425 -0.088947213 -17.268174 -0.88529977 0.016986287 0.46471051 226.68214
0.44220011 0.09041078 0.89234796 -101.42285 -0.02620037 0.99578405 -0.087907193 -17.434069 -0.8965337 0.015492725 0.44270461 227.35585
