1.000000000000000000e+00 4.398956837314658088e-19 2.733407509747682871e-20 -8.673617379884035472e-19 -5.583667658079949532e-19 1.000000000000000000e+00 -6.100159232558060012e-19 0.000000000000000000e+00 4.145284534913582806e-20 -2.210423569125054137e-19 1.000000000000000222e+00 0.000000000000000000e+00
9.999427423251969760e-01 -1.157713006943573639e-03 1.063822291883910129e-02 7.305137038267020544e-02 1.153485686811218675e-03 9.999992533283613705e-01 4.034987986920736511e-04 -5.754506585627622295e-03 -1.063868229511141100e-02 -3.912046503524762762e-04 9.999433310868383051e-01 2.836596950267514794e-01
9.998530921870415478e-01 -2.611846930380383978e-03 1.694025747225774703e-02 1.039538430955979920e-01 2.598228940339456210e-03 9.999962835849802723e-01 8.258436118168250000e-04 -1.181574500325949240e-02 -1.694235178468947792e-02 -7.817076113768827968e-04 9.998561624706533424e-01 5.426174778077081928e-01
9.997834681164436965e-01 -6.356481053175818546e-03 1.981444074800164240e-02 8.432681555918333793e-02 6.378751998182036372e-03 9.999790927052945033e-01 -1.060973125179256928e-03 -1.562426303030273189e-02 -1.980728276945619565e-02 1.187134827902990583e-03 9.998031117369966525e-01 9.257056644779748655e-01
9.998241393412490297e-01 -6.998468561601893338e-03 1.739861661414126084e-02 9.135677455853469242e-02 7.029822522702952776e-03 9.999737738874308057e-01 -1.741585583133682972e-03 -1.857981803986751002e-02 -1.738597218611757575e-02 1.863588531824875161e-03 9.998471158079371701e-01 1.180770356448242797e+00
9.998863905100725535e-01 -1.065981658778078489e-02 1.065712976721421706e-02 8.822765018582237606e-02 1.069888681168945817e-02 9.999362277287985323e-01 -3.615837138275263853e-03 -1.717881224484631153e-02 -1.061790616327694392e-02 3.729445821564338331e-03 9.999366736394013078e-01 1.548172459158527303e+00
9.999366665765895279e-01 -1.117877855873231421e-02 -1.302982517396299470e-03 6.956764968305184649e-02 1.117230037531095205e-02 9.999256925024968545e-01 -4.877413125694633235e-03 -3.095700318470315238e-02 1.357409237513137155e-03 4.862546961632951796e-03 9.999872564579650458e-01 1.857065057033262523e+00
9.997942113781440598e-01 -1.111311451558954881e-02 -1.697155182121935085e-02 2.727876573940872171e-02 1.102676931878911193e-02 9.999258235823502705e-01 -5.172781930050268130e-03 -3.946377301132784898e-02 1.702777894167281647e-02 4.984576081340208985e-03 9.998425919981375198e-01 2.169941653552418526e+00
9.993361846395723003e-01 -6.445319784827779723e-03 -3.585593203149244068e-02 1.180307235341329641e-02 6.246474358669739865e-03 9.999645009651829675e-01 -5.654940949635336306e-03 -4.250877847348884242e-02 3.589110770038805159e-02 5.427213974193176825e-03 9.993409697435402528e-01 2.531403571883275028e+00
9.984363797209652169e-01 -3.763343245825747502e-03 -5.577304700337789439e-02 -4.785742231608912378e-02 3.408749163243222306e-03 9.999733784571694928e-01 -6.451573515612496652e-03 -5.676354007047609840e-02 5.579584268509833744e-02 6.251369385763364504e-03 9.984226281742604181e-01 2.868730038012666128e+00
9.971607856833726302e-01 -3.060237164747105221e-03 -7.523963214927711918e-02 -9.487143890027974202e-02 2.572838568547612236e-03 9.999750810380939603e-01 -6.574024704323326584e-03 -5.772472967125424903e-02 7.525787662792804422e-02 6.361780203072616921e-03 9.971438110722565806e-01 3.222692302169851253e+00
9.953278857884044761e-01 -3.469683782934142313e-03 -9.649021078108616090e-02 -1.403559696778852450e-01 2.880636551031400851e-03 9.999763608624543387e-01 -6.243368082254886070e-03 -6.483945545772792918e-02 9.650959401456385423e-02 5.936245093707763487e-03 9.953143521277674211e-01 3.607399445424524398e+00
9.932654777122326140e-01 -4.312232875892999667e-03 -1.157803741865675168e-01 -2.071108227500143562e-01 3.685822902921002779e-03 9.999773930904440888e-01 -5.623878707925663092e-03 -7.772657592577135455e-02 1.158020102254855438e-01 5.159258560545580338e-03 9.932589173375797609e-01 3.996785020548292877e+00
9.910989922658478557e-01 -4.246608024682818096e-03 -1.330592099994643562e-01 -2.820877035185596071e-01 3.609567338938506759e-03 9.999808424222546011e-01 -5.028499411401364007e-03 -8.397553273067132062e-02 1.330780172737012212e-01 4.503454442868233022e-03 9.910953338133418056e-01 4.394953735589715471e+00
9.888058265952851533e-01 -3.410391034734329158e-03 -1.491690515416345397e-01 -3.661585339317999233e-01 2.775643038699880487e-03 9.999861877087885542e-01 -4.463204345571685980e-03 -8.804885939131916472e-02 1.491822150270070702e-01 3.999202324983736415e-03 9.888016351579873575e-01 4.824745281558210586e+00
9.866698701966967189e-01 -2.862150636253146894e-03 -1.627094793212210677e-01 -4.504463514034057203e-01 2.167920979161184689e-03 9.999877750750295613e-01 -4.444076494257001575e-03 -9.393120897367986111e-02 1.627202126403894666e-01 4.032094973918521306e-03 9.866640133755802955e-01 5.227094742305452790e+00
9.845752496451319891e-01 -3.428052130373408259e-03 -1.749280580099922267e-01 -5.237064612822917020e-01 2.544197237649809765e-03 9.999828416950516941e-01 -5.276681920037825518e-03 -1.012137319692238691e-01 1.749431483067181992e-01 4.750238822565979249e-03 9.845670778881204788e-01 5.670313212522644974e+00
9.828143460342928517e-01 -6.609311331950391312e-03 -1.844783927738851970e-01 -6.254466155651164927e-01 5.382704907415838090e-03 9.999599579069000654e-01 -7.149060215579227696e-03 -1.169315291367566262e-01 1.845182594275013854e-01 6.033206081609621997e-03 9.828105683209931165e-01 6.114534032678341724e+00
9.812280332331239086e-01 -5.979034988617739146e-03 -1.927583903217364725e-01 -7.304784298765226724e-01 4.391180055974151265e-03 9.999528276620039957e-01 -8.663716384422481820e-03 -1.236065621242185414e-01 1.928011014528902278e-01 7.654644487309416288e-03 9.812080017008871780e-01 6.556229459313105856e+00
9.796305255131233514e-01 -5.927279219308211056e-03 -2.007209502777906884e-01 -8.345789374525282023e-01 3.850733484170057626e-03 9.999349712714760141e-01 -1.073429429833705311e-02 -1.216857546537622181e-01 2.007715262768378917e-01 9.742719390367230239e-03 9.795896460379377446e-01 7.031465563702889554e+00
9.780611388941928830e-01 -6.495380474776555994e-03 -2.082167562708481523e-01 -9.364391060540756540e-01 3.823377004097730167e-03 9.999051343448063234e-01 -1.323269032840328902e-02 -1.394306398954829607e-01 2.082829586057475535e-01 1.214628894122682899e-02 9.779931890615459755e-01 7.502852999783319987e+00
9.762863267083355945e-01 -1.006903866653516277e-02 -2.162489806991054753e-01 -1.050908757687843975e+00 6.974294690939348076e-03 9.998621267204166330e-01 -1.506939786841601445e-02 -1.494773367055123869e-01 2.163709038276634411e-01 1.320386290336746787e-02 9.762219476543625429e-01 8.009967217478957124e+00
9.744312063014757275e-01 -1.565929166369182252e-02 -2.241397100456790359e-01 -1.166842500301816798e+00 1.235972748529110161e-02 9.997937257885378681e-01 -1.611654396765359321e-02 -1.631488969126725364e-01 2.243458533401889443e-01 1.293415756998035626e-02 9.744237511621937076e-01 8.524506601277854756e+00
9.724710556457454302e-01 -1.667036969490660533e-02 -2.324266410711390562e-01 -1.308818296898113909e+00 1.268902663269400738e-02 9.997462185037979676e-01 -1.861416580736293194e-02 -1.843125923381426501e-01 2.326779645320710410e-01 1.515246957251034990e-02 9.724357915742848357e-01 9.040289456562629056e+00
9.703494977527604703e-01 -1.272035216428607333e-02 -2.413711737863267759e-01 -1.449407534270619413e+00 7.564722185781043613e-03 9.997232738498690319e-01 -2.227444022890752093e-02 -1.870876269310186579e-01 2.415877229600627840e-01 1.978808598587611378e-02 9.701772029368764816e-01 9.558909202648280257e+00
9.683127384183857211e-01 -9.663620376779235785e-03 -2.495537089611905568e-01 -1.600523185909046076e+00 3.441781699493848354e-03 9.996725548884036749e-01 -2.535620505234013541e-02 -2.033522770128795565e-01 2.497170308610008882e-01 2.369382695841688521e-02 9.680289295628581314e-01 1.010866270916250009e+01
9.659259801400424950e-01 -1.260014585109394715e-02 -2.585115775507835778e-01 -1.764643591052805327e+00 5.669643850084606258e-03 9.996046982149124904e-01 -2.753729169080521705e-02 -2.265420977960114213e-01 2.587563658118282595e-01 2.513331689501262581e-02 9.656155865729216803e-01 1.066618427577074968e+01
9.635815365680934219e-01 -1.390443093163902522e-02 -2.670529678018289665e-01 -1.920120319236557016e+00 6.348425870279107014e-03 9.995552784762552490e-01 -2.913662207389097064e-02 -2.586902408363677131e-01 2.673393363532535205e-01 2.638014510751995889e-02 9.632412827373167952e-01 1.122156914839685804e+01
9.614461825739553102e-01 -1.403647934514200973e-02 -2.746346911942494917e-01 -2.093889639701579597e+00 5.438624507663012732e-03 9.994716942422887662e-01 -3.204299859802303696e-02 -2.820094444944350465e-01 2.749393757272997063e-01 2.931398374704304380e-02 9.610145845399656883e-01 1.178861959183814001e+01
9.590758106787592441e-01 -1.369643358686296365e-02 -2.828179544052920602e-01 -2.284201842125042070e+00 3.801569138595368123e-03 9.993622362584957397e-01 -3.550589811961874648e-02 -3.008997815698101208e-01 2.831238924158234194e-01 3.297769607068978120e-02 9.585162152307559191e-01 1.240069348117565440e+01
9.568389688658057723e-01 -1.481215730787128516e-02 -2.902409099879818544e-01 -2.472358459090870930e+00 3.091898558280998729e-03 9.991626231686843163e-01 -4.079819375220875705e-02 -3.382088461417165903e-01 2.906021832344503619e-01 3.813990628689525181e-02 9.560835321693345046e-01 1.298622692223592878e+01
9.550216978221266473e-01 -1.621783630340901949e-02 -2.960921082788029457e-01 -2.670944462879827341e+00 2.161550967108592791e-03 9.988575311811687119e-01 -4.773845499242046486e-02 -3.741997928093153680e-01 2.965280518182895619e-01 4.495124231014981792e-02 9.539656713971577107e-01 1.360357181137171523e+01
9.537081761614545350e-01 -1.616847730816053930e-02 -3.002986732006722170e-01 -2.890992234369197167e+00 -6.460916951350560754e-04 9.984412376885151152e-01 -5.580929521947450289e-02 -4.021631683181368655e-01 3.007329354266579102e-01 5.341980186437061962e-02 9.522111258919071508e-01 1.420784561799205115e+01
9.523883657782128420e-01 -1.655212201415049225e-02 -3.044378852920012202e-01 -3.093788843399949418e+00 -3.259402318936537556e-03 9.979154420542751813e-01 -6.445267091361307765e-02 -4.519935127107654882e-01 3.048701005716474843e-01 6.237625977858265308e-02 9.503491074325169929e-01 1.483538880800162651e+01
9.512407346021589660e-01 -1.572727732953286758e-02 -3.080482357544452876e-01 -3.341914833319159950e+00 -7.177431614056455599e-03 9.973002268197063147e-01 -7.308038068756776695e-02 -5.020159833555705164e-01 3.083659360740658717e-01 7.172803054629803277e-02 9.485597193389466719e-01 1.549017123685408137e+01
9.497366298215489389e-01 -1.440203168370149910e-02 -3.127185849464582112e-01 -3.550016985299135008e+00 -1.131042703416874733e-02 9.967103603601751294e-01 -8.025292375862613792e-02 -5.552734579876247301e-01 3.128456639835935915e-01 7.975612254006972379e-02 9.464494458505946506e-01 1.612531537801940118e+01
9.481673923880141741e-01 -1.319871465329747889e-02 -3.174970673822160583e-01 -3.788823264023359005e+00 -1.514699396007730160e-02 9.961241195914042335e-01 -8.664471664801406958e-02 -6.185565942521137339e-01 3.174100910213679128e-01 8.696282173061954668e-02 9.442924885441856819e-01 1.678056237001597495e+01
9.465860191222623676e-01 -1.222642950315480301e-02 -3.222195224023462479e-01 -4.038210434213718614e+00 -1.866888703954714540e-02 9.955266506546728289e-01 -9.261835926644176875e-02 -6.889686215946899672e-01 3.219105192350973366e-01 9.368672443873213296e-02 9.421233557747064058e-01 1.745853559046521042e+01
9.449690217577020324e-01 -1.025458985079561423e-02 -3.269990658033564146e-01 -4.292777604369963917e+00 -2.320134649163087606e-02 9.948915398111698449e-01 -9.824724685851311812e-02 -7.619277418881431618e-01 3.263360948659831395e-01 1.004274240164685916e-01 9.399037652759509864e-01 1.813475144253454019e+01
9.430714214747845103e-01 -7.012107240860799250e-03 -3.325163484794268487e-01 -4.537075715262306908e+00 -2.823590779302191656e-02 9.944802466640251248e-01 -1.010533151158455878e-01 -8.378206709307710609e-01 3.313895425726316457e-01 1.046893951528362204e-01 9.376679070810610694e-01 1.883267449956755968e+01
9.414131399010248202e-01 -6.672659176067251979e-03 -3.371895212452217794e-01 -4.795162112565852119e+00 -2.974809856106092748e-02 9.942643017106688186e-01 -1.027304675668774814e-01 -9.164006092487544386e-01 3.359409949930731165e-01 1.067425598284460625e-01 9.358149796927035524e-01 1.952131722877428999e+01
9.392170725901307637e-01 -6.229131460001829761e-03 -3.432673680872295741e-01 -5.084306484454855557e+00 -3.061233360473100684e-02 9.943335183077283146e-01 -1.018024527966458620e-01 -1.006725015418775016e+00 3.419563965074944867e-01 1.061228175553730751e-01 9.337043284521593378e-01 2.023726304735757608e+01
9.369947815806767277e-01 -6.025701278233196526e-03 -3.492913792985679611e-01 -5.367217442837817210e+00 -3.104276272470847184e-02 9.944597653979136975e-01 -1.004296862725026218e-01 -1.095417805654203436e+00 3.479613883224918491e-01 1.049450620158888792e-01 9.316165567227244759e-01 2.096122259124227938e+01
9.344887334351845709e-01 -5.879525956110180640e-03 -3.559441467503630108e-01 -5.646863466501164552e+00 -3.129455641994587783e-02 9.946359825018635803e-01 -9.858961939383383000e-02 -1.177724023307354484e+00 3.546145223826925874e-01 1.032700033720568983e-01 9.292921228381487708e-01 2.168464355502234753e+01
9.315143723968184464e-01 -5.371908093468479375e-03 -3.636648372671747453e-01 -5.936364600508298395e+00 -3.144903025869636576e-02 9.949562265132456673e-01 -9.525264208938731547e-02 -1.265126836084741857e+00 3.623422888163870259e-01 1.001661121825796891e-01 9.266470840918169527e-01 2.238802924379309189e+01
9.279081832665484475e-01 -2.506837633945815155e-03 -3.728003705790802202e-01 -6.262653580609396364e+00 -3.337300874886551388e-02 9.954041693757572640e-01 -8.975957829606362459e-02 -1.341373920965205357e+00 3.713120622422219075e-01 9.573011780198495413e-02 9.235600142100770515e-01 2.317941989324443242e+01
9.243820135640271607e-01 5.007549527800301485e-05 -3.814680687513228863e-01 -6.576821110748964472e+00 -3.492259502983360159e-02 9.958117756002159426e-01 -8.449449664221710121e-02 -1.424150901304133576e+00 3.798661702606385693e-01 9.142704831972908730e-02 9.205122435423980232e-01 2.391987428276100047e+01
9.210385835943220023e-01 3.619419902987821690e-03 -3.894545213425985586e-01 -6.909421046750859219e+00 -3.796142231796365007e-02 9.960298477690963104e-01 -8.052001497717178879e-02 -1.497246239857188410e+00 3.876168984838485598e-01 8.894628856845744613e-02 9.175193190621879769e-01 2.465154095537961965e+01
9.171298685165913955e-01 4.356790235346171512e-03 -3.985646991173994458e-01 -7.243899329043409274e+00 -3.878055274606093117e-02 9.961715119117661166e-01 -7.834786297095501506e-02 -1.573724568003070257e+00 3.966974604916564950e-01 8.731172504297614323e-02 9.137876070140986684e-01 2.539279338380833906e+01
9.131660750836833040e-01 4.717370628392360092e-03 -4.075603787466712813e-01 -7.604103239349703891e+00 -3.983723122458419919e-02 9.961784101772169775e-01 -7.772753795532212628e-02 -1.652787234959138596e+00 4.056361874828670611e-01 8.721422823871166630e-02 9.098642564427570356e-01 2.615638362834538810e+01
9.092676260069105787e-01 4.504203800611719308e-03 -4.161875693794299114e-01 -7.972880924028882710e+00 -4.003376887160155911e-02 9.962515598008053752e-01 -7.668198613472079761e-02 -1.719885179827872257e+00 4.142821309574291622e-01 8.638600486695227620e-02 9.060396115056187361e-01 2.692090841670140122e+01
9.053937602122164030e-01 4.848026328251275191e-03 -4.245452060040545428e-01 -8.353104192417360352e+00 -4.049718994135279720e-02 9.963618203331731094e-01 -7.498733656768896694e-02 -1.791489995754027564e+00 4.226371009187199212e-01 8.508595486701131527e-02 9.022961070644004433e-01 2.771847592511302594e+01
9.015678612220668908e-01 5.493226789284471473e-03 -4.326028343340964089e-01 -8.735704314353075262e+00 -4.091423684790918697e-02 9.965205924298243811e-01 -7.261359477708193011e-02 -1.870193631366120046e+00 4.306987571875528498e-01 8.316569853613629826e-02 8.986556909523939485e-01 2.849265956343757367e+01
8.978045674655934505e-01 6.780714722688841248e-03 -4.403418860637779431e-01 -9.123072503275489353e+00 -4.098947356893573729e-02 9.968277285225416451e-01 -6.822274378717883836e-02 -1.937947253571578043e+00 4.384824106078634154e-01 7.930007340632388990e-02 8.952344261723365060e-01 2.927275127375535035e+01
8.938892760879846300e-01 7.388378738536642565e-03 -4.482269178677272814e-01 -9.534057159100566281e+00 -3.976740379761232319e-02 9.972291585470199893e-01 -6.286938050760043639e-02 -1.994513910957079750e+00 4.465204570063672218e-01 7.402308613894773015e-02 8.917062678819716037e-01 3.007453626472829455e+01
8.900890334716549113e-01 7.174499422756623092e-03 -4.557302215941009815e-01 -9.958998390347199248e+00 -3.796786673516185096e-02 9.975680237597901456e-01 -5.845065554254474244e-02 -2.067999660697041886e+00 4.542025501237965113e-01 6.932939204173131642e-02 8.881967591540168572e-01 3.088319591041260281e+01
8.864821855348253843e-01 6.270837702785198552e-03 -4.627202254392842606e-01 -1.040006642735396447e+01 -3.654134407601455914e-02 9.977345375938758698e-01 -5.648471234945573460e-02 -2.133281859331847219e+00 4.613177516207754292e-01 6.698111041782572883e-02 8.847030389437593456e-01 3.169078766176430761e+01
8.832989846645378229e-01 6.212418420880510064e-03 -4.687689251132013957e-01 -1.085707620226721737e+01 -3.644399899108991675e-02 9.977962584054692607e-01 -5.544782875719164728e-02 -2.195251869459924787e+00 4.673914224486142577e-01 6.606082525952527984e-02 8.815788279668258509e-01 3.251384650315849711e+01
8.802660658400659477e-01 6.089408069217065386e-03 -4.744413219210920629e-01 -1.129972692743858609e+01 -3.580358341895183844e-02 9.979192899132658390e-01 -5.362083827604723074e-02 -2.251009946202496614e+00 4.731276360396060587e-01 6.418730396354785372e-02 8.786525106405780328e-01 3.333661449454104542e+01
8.772106856141413944e-01 5.177773704434019027e-03 -4.800777011210766165e-01 -1.176590847010417562e+01 -3.444122109787391833e-02 9.980442531474028600e-01 -5.216772096269852582e-02 -2.312716900697749711e+00 4.788686862435131419e-01 6.229654465980916794e-02 8.756734130869135990e-01 3.417771572503407640e+01
8.746536737870270750e-01 4.185397592515295931e-03 -4.847302638660076490e-01 -1.224512257546888527e+01 -3.351729685208208742e-02 9.980916908421838540e-01 -5.186104070653588249e-02 -2.376168988888533562e+00 4.835881979011689147e-01 6.160729805656694341e-02 8.731248480529368861e-01 3.500317747117497902e+01
8.726334885456228374e-01 4.061176097722104389e-03 -4.883587787509984790e-01 -1.272699768427721168e+01 -3.387993055989282215e-02 9.980597265443911237e-01 -5.223918659077169541e-02 -2.433316228828465988e+00 4.871990850134937379e-01 6.213122527665400352e-02 8.710779339884555661e-01 3.584406437672259926e+01
8.708765188429649085e-01 4.057125965040472848e-03 -4.914851206974553688e-01 -1.321836737034258036e+01 -3.439732922902753731e-02 9.980172136705492969e-01 -5.271114702224122955e-02 -2.490089727452563739e+00 4.902967633823741012e-01 6.281067586507826928e-02 8.692893117615065890e-01 3.670057265642815025e+01
8.704277240847487773e-01 3.849519103825112601e-03 -4.922811732572658361e-01 -1.372550673629682727e+01 -3.374003734335234705e-02 9.980846183460923005e-01 -5.185271990170131629e-02 -2.554620034447963928e+00 4.911386673358638100e-01 6.174363026471063609e-02 8.688904063878541972e-01 3.758692036335953190e+01
8.704089827630223652e-01 3.545755301601346589e-03 -4.923165907633628713e-01 -1.423793478750238073e+01 -3.265856970268034981e-02 9.981873758414664399e-01 -5.055077243863002889e-02 -2.611010360479252057e+00 4.912449735937383100e-01 6.007820222017685313e-02 8.689470583886920174e-01 3.846708823331730542e+01
8.701578751732061967e-01 2.440433724754394618e-03 -4.927669953913578205e-01 -1.475068521621197171e+01 -3.111440759374368287e-02 9.982644510811025107e-01 -4.999979402845614734e-02 -2.673604916532252407e+00 4.917897614382349958e-01 5.883986777192557610e-02 8.687236069431483187e-01 3.936802321202125654e+01
8.696180008883878099e-01 1.549242750341834176e-03 -4.937227233496345735e-01 -1.526624945689941093e+01 -3.034874011667283711e-02 9.982718185994262639e-01 -5.032226362666500363e-02 -2.737128842022720665e+00 4.927915279940702220e-01 5.874500901239484985e-02 8.681621614804581055e-01 4.026005166200739893e+01
8.683728082048233210e-01 -6.250062953974946586e-04 -4.959115550938194561e-01 -1.580838133516790478e+01 -2.829508256919052722e-02 9.983077044093552344e-01 -5.080468154678195736e-02 -2.796873322658883332e+00 4.951040879164474440e-01 5.814926247373781998e-02 8.668855808101025850e-01 4.118099539516263263e+01
8.668550977482734066e-01 -1.326540132464495937e-03 -4.985583966702154535e-01 -1.633043141929279685e+01 -2.673636759904774243e-02 9.984338038047144703e-01 -4.914372913033799445e-02 -2.861683461464071598e+00 4.978427560997369383e-01 5.593013275029854597e-02 8.654619664162638282e-01 4.208749528043809818e+01
8.648254368465236874e-01 -1.137027212811449325e-03 -5.020713753836283377e-01 -1.687094289172171102e+01 -2.518447489479103130e-02 9.986403403693272507e-01 -4.564222666632084674e-02 -2.926468557926862779e+00 5.014406342872601563e-01 5.211696259413681892e-02 8.636209338734955887e-01 4.303030974741911052e+01
8.620126332253794654e-01 -1.078517556182900490e-03 -5.068856398626391258e-01 -1.742350333832565568e+01 -2.294869091315246759e-02 9.988893165763004234e-01 -4.115204558965281784e-02 -2.986585944929494918e+00 5.063670423093862283e-01 4.710594503856103954e-02 8.610304602187609513e-01 4.393885142047427195e+01
8.580333513377561561e-01 -2.466054295900591432e-03 -5.135880463814063157e-01 -1.797088644941817037e+01 -2.050994936147406550e-02 9.990262696178573432e-01 -3.906218922775248070e-02 -3.050831849841262766e+00 5.131842884184956155e-01 4.405032590431571388e-02 8.571472802581351358e-01 4.482767458576211794e+01
8.529306501072716484e-01 -4.946403840964121515e-03 -5.220007987162562646e-01 -1.852675498839546719e+01 -1.921116633247432759e-02 9.989803167837636444e-01 -4.085655148955063404e-02 -3.115789885570357853e+00 5.216706252546209344e-01 4.487604914166170439e-02 8.519659055755970378e-01 4.573831960696499976e+01
8.471316652932078251e-01 -7.826738252122504916e-03 -5.313253977710782339e-01 -1.908908139325501807e+01 -1.844041790260809999e-02 9.988562690825486534e-01 -4.411467705247366228e-02 -3.172687326578788714e+00 5.310629876657316784e-01 4.716880217623489746e-02 8.460184470286243874e-01 4.663101927637359267e+01
8.408254294717855126e-01 -8.506881060458484564e-03 -5.412395259296749472e-01 -1.968684801043239929e+01 -1.807744448381824742e-02 9.988774799214954481e-01 -4.378340022636465628e-02 -3.236529759741328505e+00 5.410044431943435983e-01 4.659842373194382492e-02 8.397278041249695013e-01 4.752849621933724933e+01
8.352971540248020910e-01 -4.832813640551583169e-03 -5.497775027396893943e-01 -2.028593051302954109e+01 -1.983280720223194390e-02 9.990456931951440245e-01 -3.891481339953083152e-02 -3.280183334532027484e+00 5.494409238393290762e-01 4.340906400930883563e-02 8.344041767686125599e-01 4.839086637969875682e+01
8.298683725996701677e-01 -1.361463193447402450e-03 -5.579575472542803727e-01 -2.086793785892752950e+01 -2.121956233772872430e-02 9.991965876878686759e-01 -3.399866714366041320e-02 -3.345651042509280249e+00 5.575555748393572486e-01 4.005403339993519884e-02 8.291727572540332769e-01 4.925940035712624621e+01
8.259077933063525556e-01 -9.417361531149220921e-04 -5.638044199297084225e-01 -2.150451597326914666e+01 -2.282400959124255765e-02 9.991230243306518100e-01 -3.510337422757644349e-02 -3.397837424377986970e+00 5.633430450003449330e-01 4.186042771643162103e-02 8.251619988548314355e-01 5.017069691170674872e+01
8.225195655505537218e-01 -2.894823888419103836e-03 -5.687294418506011473e-01 -2.212555410963675229e+01 -2.385725410266273036e-02 9.989312448250924348e-01 -3.958787166343161884e-02 -3.449898429258054566e+00 5.682362190261871504e-01 4.613012173048164355e-02 8.215714317486176865e-01 5.104404397581276243e+01
8.195042220133708089e-01 -5.025386124966731149e-03 -5.730511052758576751e-01 -2.273152443656450927e+01 -2.616927414027966567e-02 9.985902437346655391e-01 -4.618110278710601396e-02 -3.527118408248169690e+00 5.724753306228318461e-01 5.284194016010775041e-02 8.182174108886630659e-01 5.189532229113711992e+01
8.162520837259132911e-01 -5.936751467116904712e-03 -5.776653740384561919e-01 -2.336089155770551784e+01 -2.666148685412066122e-02 9.984945740868153008e-01 -4.793485875333669544e-02 -3.581418104312769302e+00 5.770803288961234845e-01 5.452834610723331088e-02 8.148649948662044507e-01 5.276689602687207525e+01
8.131116441041085219e-01 -4.834524343442203262e-03 -5.820876867549937828e-01 -2.398079193561604683e+01 -2.576948175639150879e-02 9.986862277127063203e-01 -4.429167453224599343e-02 -3.643158452109007239e+00 5.815370952806128146e-01 5.101417427733432458e-02 8.119188181797470927e-01 5.361338195719959998e+01
8.098544875834734480e-01 -2.761818087013583056e-03 -5.866243045423543689e-01 -2.463406330669843314e+01 -2.467129696043712447e-02 9.989438376910428907e-01 -3.876256301656443720e-02 -3.701330344623996016e+00 5.861117993128110992e-01 4.586481793194605722e-02 8.089310129783010561e-01 5.449768113225327681e+01
8.066832012035658472e-01 -1.391217930990379771e-03 -5.909824622555536200e-01 -2.529257662652950955e+01 -2.448423540183496117e-02 9.990599827535713295e-01 -3.577251912216518337e-02 -3.762349466953230692e+00 5.904767060995681494e-01 4.332684383798017513e-02 8.058908429959474873e-01 5.536257309272907179e+01
8.036805852582165066e-01 -1.023687359126640656e-03 -5.950600491898708766e-01 -2.592480451417928222e+01 -2.540162858580127109e-02 9.990279787103181208e-01 -3.602575562422923733e-02 -3.817120200824200005e+00 5.945185275140775216e-01 4.406869459652949100e-02 8.028733881199882072e-01 5.620170554012219810e+01
8.002698883084141679e-01 -1.789287331855322384e-03 -5.996373048938546946e-01 -2.657666088261059301e+01 -2.589232414045559635e-02 9.989597591122898468e-01 -3.753647925068408220e-02 -3.866557772768860701e+00 5.990807115258431903e-01 4.556531740919739920e-02 7.993910868747474696e-01 5.705504990203314009e+01
7.963006828934691139e-01 -4.080342316299934852e-03 -6.048872343037151600e-01 -2.722556337371921842e+01 -2.527041450961504260e-02 9.988798687171731583e-01 -4.000517552882890127e-02 -3.932848814728771014e+00 6.043729264182593486e-01 4.714189963367299702e-02 7.953056104862582520e-01 5.791738061341182942e+01
7.922128861111195075e-01 -4.839450421624285313e-03 -6.102256268617932689e-01 -2.788048623019369998e+01 -2.509229471002558109e-02 9.988645344605444620e-01 -4.049714297905668281e-02 -3.983032392415720935e+00 6.097287311170550561e-01 4.739431968421205926e-02 7.911919236101527808e-01 5.874737526520637232e+01
7.875296495358302673e-01 -5.129696312977675456e-03 -6.162554097669881159e-01 -2.856830527789716712e+01 -2.446548853622933228e-02 9.989168420335026166e-01 -3.958007854800220382e-02 -4.041624410272587120e+00 6.157909522098120592e-01 4.624747493179327124e-02 7.865511308517898481e-01 5.961181746999262998e+01
7.827387227982529616e-01 -5.021925728433958118e-03 -6.223301894577434323e-01 -2.924892534992995508e+01 -2.457744158801564507e-02 9.989379487838085936e-01 -3.897337412261214773e-02 -4.101548914779615806e+00 6.218649750352915895e-01 4.580125283567632044e-02 7.817839889641826634e-01 6.044542933344833102e+01
7.772823069736123358e-01 -5.968951374422336136e-03 -6.291236598260180335e-01 -2.994302209181601171e+01 -2.434166583193687894e-02 9.989209944165203803e-01 -3.955161518236023632e-02 -4.159747707400578420e+00 6.286809243918595191e-01 4.605668845715718551e-02 7.762983216788802432e-01 6.128415770717032984e+01
7.717690672728723111e-01 -7.160263892361870205e-03 -6.358625871528187368e-01 -3.064378524409991655e+01 -2.410117851168205524e-02 9.988887977023559461e-01 -4.050065509551742382e-02 -4.219084197896032506e+00 6.354460215196194861e-01 4.658219039809590595e-02 7.707389057972897639e-01 6.211836879423209723e+01
7.665994180715528517e-01 -8.356250699177026134e-03 -6.420712557554576483e-01 -3.134045581317587192e+01 -2.357811023985536061e-02 9.988747047651365119e-01 -4.115090449097288938e-02 -4.284393861370693557e+00 6.416926143697695428e-01 4.668508615171185899e-02 7.655397436913190523e-01 6.293379515581942485e+01
7.608629366709221964e-01 -9.587052258428640020e-03 -6.488417927801533036e-01 -3.206489882598731356e+01 -2.343476272340597188e-02 9.988326532010256553e-01 -4.223911501373972532e-02 -4.337857840663872366e+00 6.484893291747816368e-01 4.734363041756937951e-02 7.597500763639388754e-01 6.378006063582835594e+01
7.548385963688658551e-01 -1.173684307728815879e-02 -6.558055594596146065e-01 -3.278104510459556309e+01 -2.202857193924886645e-02 9.988222239808152159e-01 -4.323085632091989289e-02 -4.402903415612146709e+00 6.555405724791152355e-01 4.707877871001266146e-02 7.536910205908947669e-01 6.458562887769402039e+01
7.487137766765747937e-01 -1.229647006075963896e-02 -6.627793517830425918e-01 -3.352560253233439624e+01 -2.179731902804319527e-02 9.988305906802895651e-01 -4.315469895477064971e-02 -4.465130368010520989e+00 6.625349533212105957e-01 4.675733046358351158e-02 7.475701946486049687e-01 6.541886962407718897e+01
7.421754156764275301e-01 -1.291771807932659034e-02 -6.700811715507172250e-01 -3.428441407274331709e+01 -2.040875195117554039e-02 9.989149618949703102e-01 -4.186145937694354946e-02 -4.526944896775414229e+00 6.698948740316165162e-01 4.474406625885067601e-02 7.411064934974931351e-01 6.624482514924163468e+01
7.360381750511161281e-01 -1.358853131673006323e-02 -6.768036259272504074e-01 -3.502160432051526584e+01 -1.925745273144765721e-02 9.989735572589462098e-01 -4.099978590910559328e-02 -4.587985511000758798e+00 6.766660643067962111e-01 4.321092124116675259e-02 7.350209944511483240e-01 6.703949560425175491e+01
7.292823894424943498e-01 -1.486897328901631843e-02 -6.840512417179375193e-01 -3.579703040585800267e+01 -1.852117935200470189e-02 9.989684826695616193e-01 -4.146006004945659851e-02 -4.650505268204258691e+00 6.839621113330097701e-01 4.290552719354528977e-02 7.282547320496040033e-01 6.784517106023251642e+01
7.230504750533195413e-01 -1.660347834368409298e-02 -6.905956313868059082e-01 -3.658065078757195465e+01 -1.813389958524041015e-02 9.989103938624399603e-01 -4.300217144223478227e-02 -4.719462675321847378e+00 6.905571516844559721e-01 4.361593212593608410e-02 7.219615499695437588e-01 6.864729225816500957e+01
7.172918539450547915e-01 -1.552173585815086639e-02 -6.965999302990367736e-01 -3.737185056483203027e+01 -2.029651972202574373e-02 9.988621497127448956e-01 -4.315619529631056078e-02 -4.780017678262904468e+00 6.964771749470648476e-01 4.509414136766563136e-02 7.161606469538912556e-01 6.944161866705063346e+01
7.117099646147810876e-01 -1.586191737532651261e-02 -7.022943233572275235e-01 -3.817697807231031959e+01 -1.950667147997301246e-02 9.989132608453031859e-01 -4.232950635093055830e-02 -4.839685936692414536e+00 7.022025518654041454e-01 4.382575590971702489e-02 7.106271092952608504e-01 7.025853430400329103e+01
7.070065590197566197e-01 -1.552414734374662174e-02 -7.070365740261401744e-01 -3.898237167707174677e+01 -2.027703770223802243e-02 9.989030307390468488e-01 -4.220873081354317019e-02 -4.896478032086007737e+00 7.069162433908239285e-01 4.417845659515699797e-02 7.059162118199479030e-01 7.105865577957574430e+01
7.022390409371482844e-01 -1.584984597542678231e-02 -7.117647801827603482e-01 -3.980937654894346878e+01 -2.081776285635441801e-02 9.988675060720412224e-01 -4.278231057923402580e-02 -4.968491927327152169e+00 7.116368162016638577e-01 4.486075894991330137e-02 7.011138021427001377e-01 7.184055992880556119e+01
6.968511754866276720e-01 -1.781257031047375761e-02 -7.169945201859186934e-01 -4.064307722001312584e+01 -2.098301655909597455e-02 9.987572918916101106e-01 -4.520602773774459737e-02 -5.039260567495245091e+00 7.169087531966154003e-01 4.654658126685905922e-02 6.956114324198808818e-01 7.264153851850363708e+01
6.917589061256282923e-01 -2.038196805613851775e-02 -7.218408283482070642e-01 -4.147171841966896721e+01 -2.043075039721261449e-02 9.986490457823122835e-01 -4.777727313129058462e-02 -5.103588896299513955e+00 7.218394617426863169e-01 4.779810380763532124e-02 6.904079536154350549e-01 7.342586553212032641e+01
6.868534602865612460e-01 -2.071952657042497661e-02 -7.265005268347367595e-01 -4.232504949260727045e+01 -2.144505484692389025e-02 9.985805765477249185e-01 -4.875389007511098799e-02 -5.169251434820109736e+00 7.264794849999575144e-01 4.906662157109820122e-02 6.854341940029616831e-01 7.421074594306325878e+01
6.818966930592698095e-01 -2.037026717981349141e-02 -7.311647846226714265e-01 -4.319261509684469047e+01 -2.099200845593415105e-02 9.986553807462387189e-01 -4.740006456380242011e-02 -5.247242569656650701e+00 7.311472109675911657e-01 4.767056442774743330e-02 6.805521898325721519e-01 7.500180834274233632e+01
6.770552152277836688e-01 -2.057030050830631340e-02 -7.356446752469594230e-01 -4.405701864522792732e+01 -2.020059963502028946e-02 9.987131757329666959e-01 -4.651804406478733667e-02 -5.311306646327601300e+00 7.356549326642907172e-01 4.635574768836776133e-02 6.757684327650624878e-01 7.578267791941475195e+01
6.718486953750438806e-01 -2.129916473023801826e-02 -7.403821080591774795e-01 -4.492417410780245035e+01 -1.963680469828100322e-02 9.987229225457763260e-01 -4.655018703979054567e-02 -5.386102835630896202e+00 7.404280756385450690e-01 4.581342107567531324e-02 6.705724460455139146e-01 7.655354721709073829e+01
6.671787838808389548e-01 -2.202115982189369742e-02 -7.445720439167787807e-01 -4.579351737504825337e+01 -1.915722399872789652e-02 9.987250630815750485e-01 -4.670384535321551317e-02 -5.449888247321416301e+00 7.446512472210164990e-01 4.542374795279890271e-02 6.659063097626191086e-01 7.732249314164613452e+01
6.624821485362606399e-01 -2.312315918015384053e-02 -7.487207169550472718e-01 -4.669918032478624070e+01 -1.772026593382194232e-02 9.987599634240731383e-01 -4.652448455084655377e-02 -5.524417241527005196e+00 7.488680818659756433e-01 4.408917046346949586e-02 6.612508989532673853e-01 7.810634615405085412e+01
6.585245393017338245e-01 -2.372270340238782568e-02 -7.521852524539643925e-01 -4.757871273693569236e+01 -1.676952760074696888e-02 9.987922871891538046e-01 -4.618170655115949597e-02 -5.590468823942813081e+00 7.523723966004265407e-01 4.302557813456833746e-02 6.573314132969256818e-01 7.887187185994179117e+01
6.545838090172105828e-01 -2.618263209816986542e-02 -7.555359000024132188e-01 -4.848454837647093996e+01 -1.425164511888494731e-02 9.987950976971706751e-01 -4.696001965541535955e-02 -5.664141706591975023e+00 7.558551030214363253e-01 4.150689779583192213e-02 6.534219549492989998e-01 7.964191756501648456e+01
6.504983752899389238e-01 -3.007653630417306267e-02 -7.589118888694597054e-01 -4.939503111552042469e+01 -1.204652260844211141e-02 9.986813416209868732e-01 -4.990450082942161220e-02 -5.745383294883783520e+00 7.594121109877421949e-01 4.160504567390000547e-02 6.492782735387139237e-01 8.042958785119590459e+01
6.458538976876485593e-01 -3.478218963649696432e-02 -7.626682970917068038e-01 -5.030911097100376850e+01 -7.599142354500119934e-03 9.986193083227647982e-01 -5.197816927900482387e-02 -5.811512316346457041e+00 7.634232150428131858e-01 3.936592789949121263e-02 6.446978588378811104e-01 8.118955324322104161e+01
6.390950515159656842e-01 -3.871119978150452945e-02 -7.681529452266733227e-01 -5.123464103820840165e+01 -1.932477879804015818e-03 9.986486043074690455e-01 -5.193486915218666067e-02 -5.893952613837572407e+00 7.691253410250578071e-01 3.467575612343015701e-02 6.381565737492326251e-01 8.196027008027530769e+01
6.308088924130655917e-01 -4.228450960416903215e-02 -7.747852285941786432e-01 -5.215811280459556087e+01 2.805847192946572550e-03 9.986318373807379078e-01 -5.221666948099731170e-02 -5.977251853128097814e+00 7.759331660751488391e-01 3.076481011531653764e-02 6.300644882192460994e-01 8.272432002711080656e+01
6.218581272601229060e-01 -4.318727083295851449e-02 -7.819381803930015584e-01 -5.310427221891006155e+01 5.011977898164884405e-03 9.986772740999103615e-01 -5.117208468676467253e-02 -6.058278608849895441e+00 7.831138867238142121e-01 2.790271947536111449e-02 6.212520341464872198e-01 8.345505405904366114e+01
6.128555106774727923e-01 -4.268898894908308705e-02 -7.890410393776674525e-01 -5.405288746226958096e+01 7.327534159593892919e-03 9.988037564750388286e-01 -4.834628496137057668e-02 -6.122669189937968603e+00 7.901610218278080078e-01 2.384756154871322739e-02 6.124351923670859899e-01 8.419819897743609260e+01
6.042616295103236945e-01 -4.222178528016428539e-02 -7.956665082419629442e-01 -5.504283303748444212e+01 6.479379881250514790e-03 9.988224010104801431e-01 -4.808148139148903100e-02 -6.206882204001985315e+00 7.967596319232117530e-01 2.389836828286043616e-02 6.038236237226443093e-01 8.493056577042905531e+01
5.946993381634848586e-01 -4.281233059502856375e-02 -8.028074424991455960e-01 -5.603886859930130981e+01 4.292666695369551540e-03 9.987359363082084496e-01 -5.008095964132957406e-02 -6.275782685411866346e+00 8.039367392560422543e-01 2.633692835293372295e-02 5.941313805084056376e-01 8.565689413618014214e+01
5.845392628822160264e-01 -4.546095234592053419e-02 -8.100908220426372708e-01 -5.703790542542668618e+01 5.854306615490672411e-03 9.986394019862400162e-01 -5.181767912461829328e-02 -6.364443323751129533e+00 8.113443091455239120e-01 2.554694746079299097e-02 5.840100834065837798e-01 8.636929153067326581e+01
5.747450963943289137e-01 -4.648413382218100076e-02 -8.170111916492448501e-01 -5.802974956275234319e+01 5.278413408798979072e-03 9.985751928104400488e-01 -5.310106054308252888e-02 -6.427109358014956975e+00 8.183154791787817794e-01 2.620705089235241675e-02 5.741715590639793199e-01 8.705522943295332539e+01
5.648038742741616769e-01 -4.778265208349521259e-02 -8.238406334859800229e-01 -5.905088899416920611e+01 8.595069955297650333e-03 9.986087099156345515e-01 -5.202662033267420327e-02 -6.509834253571737506e+00 8.251804163478807519e-01 2.230386837318964685e-02 5.644287646316136220e-01 8.774735290781909214e+01
5.544210562412309473e-01 -4.762591816367635345e-02 -8.308724641828656443e-01 -6.008693790767836873e+01 9.857508501312615620e-03 9.986669900031376335e-01 -5.066628635635997413e-02 -6.595350501582847969e+00 8.321779456811810860e-01 1.990012311146855881e-02 5.541514814842516401e-01 8.844798774438612554e+01
5.438705768146543384e-01 -4.787924834992123707e-02 -8.378021010241248900e-01 -6.113939674010723024e+01 9.836652179787304384e-03 9.986661539929307940e-01 -5.068681398360439655e-02 -6.681511137450940829e+00 8.391114631038635308e-01 1.932589837762817633e-02 5.436161099001280972e-01 8.913726895263761207e+01
5.333986946174216204e-01 -4.866665510148050766e-02 -8.444627737808828583e-01 -6.218952755305078028e+01 8.648806292615992403e-03 9.986050999056791388e-01 -5.208697113563707376e-02 -6.761043544793354343e+00 8.458197458646534717e-01 2.047952694735696855e-02 5.330755663800621491e-01 8.977362660213439938e+01
5.233795551182708339e-01 -4.988265984655092244e-02 -8.506383182034422674e-01 -6.326790091150817119e+01 8.666387800428882252e-03 9.985449977147665690e-01 -5.322387838561037920e-02 -6.831996546761375022e+00 8.520556008627684363e-01 2.048432773263969553e-02 5.230503403320616584e-01 9.042310107292443888e+01
5.137769508088337878e-01 -5.003384366829402574e-02 -8.564635695723608055e-01 -6.433630770104510077e+01 6.426029078850070339e-03 9.984943859842935199e-01 -5.447630017051426771e-02 -6.926021610223906499e+00 8.578997395384426738e-01 2.248500708897603964e-02 5.133249211607245899e-01 9.105438163967652088e+01
