7.776478306365041115e-01 -6.283388931486110218e-01 2.130931399922220137e-02 -6.595818967091408069e+01 6.273731587240272134e-01 7.777616113676851795e-01 3.859787034771345465e-02 2.571167065352622316e+01 -4.082610952535094956e-02 -1.664665850915428291e-02 9.990275859762349775e-01 -8.851370176874983065e-01 -4.809208017785018303e-24 -1.416202385148814181e-23 -3.430527606006730092e-24 9.999999999999997780e-01
7.495431005617479991e-01 -6.613756861766317829e-01 2.770094104305470539e-02 -6.555859510761648323e+01 6.606239028889221432e-01 7.500330267003819662e-01 3.203931632342894853e-02 2.609023133356419422e+01 -4.196664547100928400e-02 -5.714944711382926104e-03 9.991026674345618863e-01 -8.927309598409204350e-01 -4.809208017785018303e-24 -1.416202385148814181e-23 -3.430527606006730092e-24 9.999999999999997780e-01
7.211198433540808583e-01 -6.927152469337880536e-01 1.147859688495351561e-02 -6.520570067834476902e+01 6.923641849249780877e-01 7.211510427980273308e-01 2.393760440164633893e-02 2.648778489414615223e+01 -2.485974565753250320e-02 -9.314512160054067708e-03 9.996475543455626278e-01 -9.019300122426507915e-01 1.662784283851623536e-18 9.509944428269333936e-19 -3.157290654346802296e-20 9.999999999999997780e-01
6.910034679336577446e-01 -7.227126620406757462e-01 -1.416387763782516948e-02 -6.486986245112409222e+01 7.228475106819126639e-01 6.909316692525165893e-01 1.024230076177414309e-02 2.690143233163682979e+01 2.384031170427408728e-03 -1.731578903811075223e-02 9.998472282530809219e-01 -9.077023435043959365e-01 2.723343452001030539e-18 8.911450138181864381e-20 -7.362993428239276277e-20 9.999999999999994449e-01
6.563369029694146040e-01 -7.539306904538373155e-01 -2.846724068677824668e-02 -6.453088468301886849e+01 7.539804408197902097e-01 6.568019181032715981e-01 -1.116849305230242784e-02 2.732347296088498823e+01 2.711760796443411781e-02 -1.413344854115667140e-02 9.995323311282260370e-01 -9.272854573191682270e-01 1.863932938671371545e-18 -7.713966451830778127e-19 -1.258545890462098486e-19 9.999999999999992228e-01
6.189129790287126731e-01 -7.849646320574468206e-01 -2.787921822298527683e-02 -6.419360550772971408e+01 7.842538513560849411e-01 6.195394502642959100e-01 -3.341805199833614709e-02 2.776729482386524595e+01 4.350426442261644266e-02 -1.181518148546489670e-03 9.990525426582520518e-01 -9.385261328439128414e-01 3.263883407779718472e-19 -2.943719698858510330e-18 -1.234091888521655586e-19 9.999999999999991118e-01
5.860884884292708596e-01 -8.099422159381798325e-01 -2.222364893192454310e-02 -6.386811847638513484e+01 8.089844793479161744e-01 5.864856598768607432e-01 -3.973264316635892468e-02 2.825876581049243086e+01 4.521499645995235434e-02 5.308257714266760574e-03 9.989631757453201200e-01 -9.602995839193655403e-01 -3.890369982849159093e-18 -7.022005015941314215e-18 -1.933496495581157776e-20 9.999999999999988898e-01
5.573242834201477258e-01 -8.301423069541460364e-01 -1.591833267265213223e-02 -6.356569241393290781e+01 8.297970379382191286e-01 5.575515513015363300e-01 -2.394041499658457195e-02 2.876338528993780130e+01 2.874924241047473183e-02 1.335893320702344670e-04 9.995866461766715894e-01 -9.314628976534679028e-01 -7.164963680769393225e-18 -1.317574465436404363e-17 8.032401585961322834e-20 9.999999999999987788e-01
5.286519566327385622e-01 -8.488021682101478671e-01 -7.873245210381496148e-03 -6.328463736735675838e+01 8.487623425436667812e-01 5.287060670950350927e-01 -8.507672812683865493e-03 2.927578774379011151e+01 1.138396364028356790e-02 -2.184916169367964386e-03 9.999328134995795203e-01 -8.755117915760791680e-01 -9.380875969241529131e-18 -1.876370578683577643e-17 9.406004422082134246e-20 9.999999999999986677e-01
4.987958533704678898e-01 -8.666969503683387144e-01 -6.252430140826915027e-03 -6.301053459351521013e+01 8.666823915523025335e-01 4.988282741307974444e-01 -5.655537186700411618e-03 2.979480295809479529e+01 8.020525768679310011e-03 -2.597912610157351691e-03 9.999644603767086082e-01 -8.681788624564666934e-01 -1.498243390309974692e-17 -2.333995472972039292e-17 1.067567365951201644e-19 9.999999999999986677e-01
4.712065380175148310e-01 -8.820124485559679428e-01 -4.294079863725455866e-03 -6.274879796395597253e+01 8.818923775561647860e-01 4.712149761512841595e-01 -1.490907975286322011e-02 3.031746264408485558e+01 1.517342867911502559e-02 3.238339554936344507e-03 9.998796328654102616e-01 -8.631781499715772688e-01 -1.997389781176177574e-17 -2.804022779283629000e-17 7.755091573813022444e-20 9.999999999999985567e-01
4.457839116343283448e-01 -8.951240327908059902e-01 -5.447021970499639661e-03 -6.249971976992578959e+01 8.948709091470626875e-01 4.457907133449288684e-01 -2.183336569851010781e-02 3.085488141293317099e+01 2.197180216327986393e-02 4.858581662339039355e-03 9.997467849880545820e-01 -8.582627339151203127e-01 -2.321386020634928077e-17 -3.148879673114189141e-17 7.055749692688076488e-20 9.999999999999985567e-01
4.227197311282030467e-01 -9.062421418813740859e-01 -5.762741811719453849e-03 -6.226159460835190629e+01 9.059984968271092010e-01 4.227418763466407881e-01 -2.135485260857583958e-02 3.140986442905585463e+01 2.178881965394272036e-02 3.806082133958306381e-03 9.997553506117902167e-01 -8.540993926004071257e-01 -2.774737344538875941e-17 -3.283286179596678492e-17 1.152867901286559470e-19 9.999999999999986677e-01
4.030600547953123725e-01 -9.151596782001241159e-01 -5.035436930163413212e-03 -6.202867296147443454e+01 9.150515914358058334e-01 4.030900661596215073e-01 -1.410615377142329131e-02 3.198830701342518523e+01 1.493911775141788280e-02 1.077942535539516081e-03 9.998878241086491814e-01 -8.474602144372538337e-01 -3.222911308596591876e-17 -3.356024296034878806e-17 1.671736181681721423e-19 9.999999999999990008e-01
3.858798673146831004e-01 -9.225463675182825618e-01 -2.219860369511568628e-03 -6.180168121912755907e+01 9.225316407613752823e-01 3.858862506694540895e-01 -5.212805231900622012e-03 3.257200164340976301e+01 5.665668126269510045e-03 -3.637483772441642797e-05 9.999839493119810907e-01 -8.429250040060972671e-01 -3.779984076891309376e-17 -3.450154052576376304e-17 1.870897945304400263e-19 9.999999999999991118e-01
3.696409579427197833e-01 -9.291735663183049443e-01 1.430337914556294903e-03 -6.157731588809614465e+01 9.291729917984178355e-01 3.696427767503779882e-01 1.330003246134449368e-03 3.316119423559893420e+01 -1.764517937854605777e-03 8.374076853820264970e-04 9.999980926106064594e-01 -8.397884345724980770e-01 -4.368259992229393651e-17 -3.304262677483535867e-17 1.668387026362537046e-19 9.999999999999992228e-01
3.554907338337653377e-01 -9.346779974872063690e-01 1.838252343556367237e-03 -6.136138237247501337e+01 9.346727442925107932e-01 3.554950054185986863e-01 3.187820434412566746e-03 3.375855516527725086e+01 -3.633075146819863925e-03 5.849237370933835049e-04 9.999932292916976495e-01 -8.408792307684884726e-01 -4.993559894188415489e-17 -3.166345424126866936e-17 9.947268745290057835e-20 9.999999999999992228e-01
3.425650820840691058e-01 -9.394940267918199250e-01 3.716978208655917428e-04 -6.115757995291994575e+01 9.394915605804550207e-01 3.425650491528026143e-01 2.189679662005361484e-03 3.435814548282423431e+01 -2.184521645317545960e-03 -4.009008273644922254e-04 9.999975335688329192e-01 -8.459481584362552598e-01 -5.603564051225811004e-17 -3.096012299620700440e-17 2.004053322262602163e-20 9.999999999999992228e-01
3.303401587810884665e-01 -9.438521839241050815e-01 -4.293529809996980869e-03 -6.096097787901244658e+01 9.438618561632710069e-01 3.303346866251054004e-01 1.947124109922768534e-03 3.497132446190154553e+01 -4.194955192222889510e-04 -4.695712303595870121e-03 9.999888870930094820e-01 -8.507932684846104543e-01 -6.166162921442236096e-17 -3.038436046764782965e-17 -4.934453063315481455e-20 9.999999999999992228e-01
3.199587793463423702e-01 -9.474032293518531711e-01 -7.314405849252997305e-03 -6.076540758395903907e+01 9.474314497337363861e-01 3.199505922873422947e-01 2.294896596496418927e-03 3.559837964813677047e+01 1.660560371476899370e-04 -7.664170451441442919e-03 9.999706160266564892e-01 -8.572692385957731975e-01 -6.795576381846821825e-17 -2.914611697937893122e-17 -1.035450311085558904e-19 9.999999999999992228e-01
3.117877358058345205e-01 -9.501056258888693762e-01 -9.365225861808011698e-03 -6.057038390255034699e+01 9.501516891626863304e-01 3.117769041494841686e-01 2.632417184755290671e-03 3.622765433776996247e+01 4.187867489309365118e-04 -9.719140565720164535e-03 9.999526803426114219e-01 -8.602866486634317411e-01 -7.469224902155269674e-17 -2.527612110800955751e-17 -1.226213708541131438e-19 9.999999999999991118e-01
3.058208145941322953e-01 -9.520250415327264903e-01 -1.104308180021278292e-02 -6.037336841917036878e+01 9.520873629844663899e-01 3.058217610153990407e-01 1.644303713035519037e-03 3.686877368856548998e+01 1.811796412481129397e-03 -1.101684093134939688e-02 9.999376713624237301e-01 -8.580201006506090744e-01 -8.046227080713063084e-17 -2.044797007018244038e-17 -1.373506617073819706e-19 9.999999999999990008e-01
3.012014593799438589e-01 -9.534751866842444690e-01 -1.275732122719430532e-02 -6.017331513778691487e+01 9.535579030907973541e-01 3.012050656717807917e-01 1.683409253428394883e-03 3.752072997305945279e+01 2.237480825852131497e-03 -1.267188980232818868e-02 9.999172050167197678e-01 -8.588178232609349205e-01 -8.745223192357311289e-17 -1.557635340505219316e-17 -1.461738959582825073e-19 9.999999999999987788e-01
2.978614635583860526e-01 -9.545234057948588369e-01 -1.279125938672308338e-02 -5.997385001828862272e+01 9.546055420265108227e-01 2.978702335782046351e-01 1.258205194402266074e-03 3.817437876402167518e+01 2.609149113930328990e-03 -1.258537794072899646e-02 9.999173968898887876e-01 -8.649150226319800572e-01 -9.469784487089339378e-17 -1.320671340292273189e-17 -1.307807669670560769e-19 9.999999999999984457e-01
2.956565381099476864e-01 -9.552211158326671114e-01 -1.182503024508437493e-02 -5.977052176069326350e+01 9.552851881247522714e-01 2.956851476442231563e-01 -7.090924076649384074e-04 3.883343123628711169e+01 4.173825854790189083e-03 -1.108662843580939493e-02 9.999298304619809175e-01 -8.673701073987327703e-01 -1.028842480438040451e-16 -8.901080718081787324e-18 -9.358190758332057799e-20 9.999999999999982236e-01
2.947551819605395695e-01 -9.555092652641176132e-01 -1.101937847158686659e-02 -5.956642099459627104e+01 9.555593009739080657e-01 2.947927213339351371e-01 -1.916708313499771539e-03 3.950177414010356358e+01 5.079865119401957320e-03 -9.964709881769265656e-03 9.999374478073171923e-01 -8.648221975704584175e-01 -1.112240440991297428e-16 -4.980682659309996891e-18 -5.165585785108131524e-20 9.999999999999978906e-01
2.944941178500371515e-01 -9.555933856590614894e-01 -1.070027272773603315e-02 -5.936033482522442739e+01 9.556421134454885502e-01 2.945263691172694820e-01 -1.539124428280371892e-03 4.018061720438348772e+01 4.622289598431942800e-03 -9.772368153212966646e-03 9.999415659225399100e-01 -8.636466134978150189e-01 -1.195789926880871161e-16 -2.023601113941610504e-18 1.028326291714361291e-20 9.999999999999977796e-01
2.934395425852405759e-01 -9.559001230633008550e-01 -1.217331405170942599e-02 -5.915272822807790476e+01 9.559727446992265509e-01 2.934549726160710637e-01 5.389240148368269496e-04 4.087110067009081860e+01 3.057162009583120742e-03 -1.179549806250474418e-02 9.999257572369983915e-01 -8.642842946575918228e-01 -1.276926159593473130e-16 4.059592775061632969e-19 5.361190136840704114e-20 9.999999999999976685e-01
2.929028632908342589e-01 -9.560835268887585281e-01 -1.059255814507020603e-02 -5.894450656633195962e+01 9.561419326462217150e-01 2.928764720542740285e-01 3.997093012790092943e-03 4.156609525563973051e+01 -7.192437254164582919e-04 -1.129874900478567909e-02 9.999359084258726549e-01 -8.659642563044214203e-01 -1.352181619355859393e-16 2.996397651764438032e-18 1.093711432812075776e-19 9.999999999999975575e-01
2.923754343876909245e-01 -9.562816585474736009e-01 -6.480346624871913437e-03 -5.872735693958407666e+01 9.562995549971482490e-01 2.923477320594743412e-01 4.895372498487248272e-03 4.226804238988680851e+01 -2.786840293324139347e-03 -7.628439254331983305e-03 9.999670196740548800e-01 -8.722919993875047906e-01 -1.410036245397747137e-16 4.627287294315861112e-18 1.055673432271465849e-19 9.999999999999974465e-01
2.918662080117274127e-01 -9.564571608206927644e-01 -1.953493218272164388e-03 -5.850702044525398549e+01 9.564583002400193212e-01 2.918626064472802373e-01 1.933613128635219055e-03 4.296752775895253507e+01 -1.279266500782137803e-03 -2.432791134700561155e-03 9.999962224951695067e-01 -8.776605662543792707e-01 -1.466896120113994682e-16 6.683968881866873563e-18 9.618025958674272700e-20 9.999999999999974465e-01
2.914863919798799663e-01 -9.565749578399467268e-01 1.825489987748502203e-04 -5.828327957451717367e+01 9.565709479148541972e-01 2.914846057007329794e-01 -2.957405065495689791e-03 4.368176781348282134e+01 2.775769402908418847e-03 1.036664400957994529e-03 9.999956102059844865e-01 -8.778890355565033277e-01 -1.522994200226167266e-16 1.189776482700701753e-17 8.958391081145210340e-20 9.999999999999976685e-01
2.912470072036446589e-01 -9.566417304845011849e-01 -3.432242797577908511e-03 -5.806716423483304368e+01 9.566272929729772168e-01 2.912624045897349023e-01 -5.516702978515334796e-03 4.440560627663341364e+01 6.277191574288765522e-03 -1.676653904154608559e-03 9.999788926261029554e-01 -8.779827968623035161e-01 -1.578417777202870831e-16 2.066216296839671188e-17 7.332102426865317732e-20 9.999999999999983347e-01
2.908913037857041584e-01 -9.567077019058721765e-01 -9.624058183613838982e-03 -5.784947548513103754e+01 9.567077933702483605e-01 2.909629867636373546e-01 -7.123091896433586014e-03 4.514517013463532180e+01 9.614961592586590902e-03 -7.135365979379183939e-03 9.999283169637804836e-01 -8.788207196868883520e-01 -1.635325275774641000e-16 3.267441813326338177e-17 1.074987278592345433e-19 9.999999999999992228e-01
2.902531310932081055e-01 -9.569121516699283791e-01 -8.500228061723303849e-03 -5.762407071179394080e+01 9.568988077085149868e-01 2.903179742585946799e-01 -7.755361265428324831e-03 4.588035822710514111e+01 9.888968427088029589e-03 -5.882840207470243533e-03 9.999337980559761530e-01 -8.794420342958114700e-01 -1.686623915463185909e-16 4.416846461407349618e-17 2.247334306898032817e-19 1.000000000000000000e+00
2.897788087182811556e-01 -9.570863439528771721e-01 -3.737945533780026586e-03 -5.738956761799777695e+01 9.570570032399484672e-01 2.897996788526445711e-01 -7.618312557199942783e-03 4.662274802106712457e+01 8.374638327712831051e-03 -1.369801413571211266e-03 9.999639938903190917e-01 -8.812486090333803146e-01 -1.735523834399632376e-16 5.547324693632127589e-17 3.149510266485628660e-19 1.000000000000000666e+00
2.900706150809554962e-01 -9.569976383002370968e-01 -3.815567377164941383e-03 -5.716023839384401839e+01 9.569933334920990298e-01 2.900845912956583339e-01 -3.832694150971776084e-03 4.738654222566791674e+01 4.774716553967337310e-03 -2.539720593653902164e-03 9.999853758436918483e-01 -8.775452404628883984e-01 -1.779430968539296463e-16 6.397415122030214714e-17 3.490556209871336020e-19 1.000000000000001110e+00
2.912949936562617692e-01 -9.566171322857773829e-01 -5.557777273245945691e-03 -5.692931973797151812e+01 9.566332336123614111e-01 2.912883145312578081e-01 1.993530997666219037e-03 4.815878462641963154e+01 -2.881303316514895771e-04 -5.897460043928276149e-03 9.999825683210985527e-01 -8.756581743347033875e-01 -1.835010462234197340e-16 7.395861341697312526e-17 3.861483653967911643e-19 1.000000000000001332e+00
2.911021442267808790e-01 -9.566617383056904567e-01 -7.606581925563912251e-03 -5.669465645635484918e+01 9.566797125326839124e-01 2.910489486438250228e-01 7.378151641506697049e-03 4.894390160788469046e+01 -4.844507702642943461e-03 -9.424858373185015376e-03 9.999438498185219126e-01 -8.820152466509246780e-01 -1.883732911631348439e-16 8.232352403972769942e-17 4.184739805788860490e-19 1.000000000000001332e+00
2.907944011971188014e-01 -9.567795256480511323e-01 -3.399343052063054371e-03 -5.644935739096729321e+01 9.567543024788406347e-01 2.907543440023588888e-01 9.116804918488185736e-03 4.973010661855582271e+01 -7.734398526199729590e-03 -5.903451917773103706e-03 9.999526630471159416e-01 -8.982469929832934685e-01 -1.927681011454504610e-16 9.010199458572571235e-17 4.529521096868533855e-19 1.000000000000001110e+00
2.902171420410984415e-01 -9.569572971650430748e-01 2.596510766347071963e-03 -5.620436143868096934e+01 9.569262683879196096e-01 2.902286518746235444e-01 7.710155649782938179e-03 5.051314458132851115e+01 -8.131871530637308984e-03 2.470500210898252677e-04 9.999669052682828019e-01 -9.086589333786984080e-01 -1.973835732671970713e-16 9.535282413036291370e-17 3.991919338408986871e-19 1.000000000000000666e+00
2.893753366075731415e-01 -9.572144713073794664e-01 1.539637319639506870e-03 -5.596722751808244567e+01 9.571959728050642990e-01 2.893793245906554623e-01 5.956185453305188650e-03 5.130243642325191189e+01 -6.146886117370862872e-03 -2.498385285160003894e-04 9.999810765069032659e-01 -9.111607470724163438e-01 -2.019560093607123837e-16 9.704188559710756785e-17 3.314621715074914295e-19 1.000000000000000222e+00
2.900305944031544292e-01 -9.569957974348525243e-01 -6.426352174662727616e-03 -5.573889427729540813e+01 9.570119575463892359e-01 2.899998216765196646e-01 5.311924391770459809e-03 5.211013224128115695e+01 -3.219848334538600362e-03 -7.690716463334679870e-03 9.999652421245067702e-01 -9.205301148786569909e-01 -2.071492643648957103e-16 1.021483150067439852e-16 2.702104868498169690e-19 9.999999999999996669e-01
2.893000012661696707e-01 -9.571997361387969416e-01 -8.612456287406864905e-03 -5.549470050508087127e+01 9.572374211278645850e-01 2.893013593364263669e-01 1.114934302311543571e-03 5.290925078832800921e+01 1.424380491181639029e-03 -8.566715941212981605e-03 9.999622905481708734e-01 -9.306375714044665681e-01 -2.114981589560788639e-16 1.087758647570856616e-16 2.744307964166913351e-19 9.999999999999993339e-01
2.884283777174828090e-01 -9.574698321707548754e-01 -7.784048449257631105e-03 -5.524686994012400021e+01 9.574845202237074471e-01 2.884621160675007734e-01 -3.605707387074986742e-03 5.371033451806685122e+01 5.697759133997649938e-03 -6.413117562666608047e-03 9.999632030550572592e-01 -9.317391150927899490e-01 -2.170876436696042009e-16 1.184025229528420040e-16 3.302758310815673919e-19 9.999999999999990008e-01
2.885938636293290394e-01 -9.574020937119760433e-01 -9.737188070245738833e-03 -5.500318455413819407e+01 9.574251849175360318e-01 2.886465299847084109e-01 -4.493997477840227898e-03 5.452350706344163456e+01 7.113168142698532252e-03 -8.025688993470879787e-03 9.999424939241809973e-01 -9.281941096927384116e-01 -2.221030416313452664e-16 1.237561425082683645e-16 3.455613381826633320e-19 9.999999999999985567e-01
2.889238987086122923e-01 -9.572297705891669173e-01 -1.530186436101630028e-02 -5.476809784753424992e+01 9.573368341717797270e-01 2.889725598745317980e-01 -1.022534808155762436e-03 5.535134342205439140e+01 5.400619675079405303e-03 -1.435360364097351335e-02 9.998823967696428561e-01 -9.265469355657383055e-01 -2.264031228620484724e-16 1.282365724406900747e-16 3.749954289692855104e-19 9.999999999999980016e-01
2.890351234488536813e-01 -9.572395082593609938e-01 -1.229720457590326166e-02 -5.451970331917795676e+01 9.573184901655651391e-01 2.890102533851022781e-01 3.792337711582728730e-03 5.617976362482527719e+01 -7.615727578442105282e-05 -1.286846011649795708e-02 9.999171950389034169e-01 -9.278186450408055785e-01 -2.309746492655256654e-16 1.355991310744839540e-16 4.587457791220454489e-19 9.999999999999973355e-01
2.880505717648486064e-01 -9.575967099239021119e-01 -5.950567112697365685e-03 -5.426318725383413977e+01 9.575998429697100134e-01 2.880052019612612257e-01 7.452810714985350256e-03 5.700737898992377950e+01 -5.422992737283886464e-03 -7.845048520416803700e-03 9.999545221477118551e-01 -9.352910711983412062e-01 -2.365883103880376454e-16 1.453203902362189416e-16 5.516076034952804529e-19 9.999999999999966693e-01
2.876732496295193453e-01 -9.576863587085909790e-01 -8.996654443445018315e-03 -5.401602313874276007e+01 9.576980156806762512e-01 2.875762745226880801e-01 1.069565766363962840e-02 5.784656861443000508e+01 -7.655861073875189736e-03 -1.169293270528687194e-02 9.999023267880458032e-01 -9.445681690693626953e-01 -2.414574997819628290e-16 1.535499531966456874e-16 6.098598527217141446e-19 9.999999999999960032e-01
2.881342865534784470e-01 -9.575367713794240565e-01 -1.009774077161657534e-02 -5.376700014233487934e+01 9.575629119307950132e-01 2.880307782569515584e-01 1.056127223491365452e-02 5.867594289611177061e+01 -7.204346384397229686e-03 -1.271228669770660576e-02 9.998932418814895362e-01 -9.611246964892278255e-01 -2.458913204534399570e-16 1.612950093727385963e-16 6.694982424894489426e-19 9.999999999999954481e-01
2.863100128656002052e-01 -9.581191450974497759e-01 -5.854940711729864598e-03 -5.351339159521046440e+01 9.581336934984233666e-01 2.862875319554840092e-01 4.390265346551102885e-03 5.950602431845398144e+01 -2.530200754487079394e-03 -6.866792897210125673e-03 9.999732222612962573e-01 -9.577158411736615973e-01 -2.509252469299667283e-16 1.653981346441153877e-16 7.326980535724623312e-19 9.999999999999945599e-01
2.858876579795492368e-01 -9.582497748782008440e-01 -5.061221290691584815e-03 -5.326292457021384763e+01 9.582605182841279490e-01 2.858952446917454870e-01 -8.295543290358130609e-04 6.034426890689492495e+01 2.241899348382868883e-03 -4.612809192886056786e-03 9.999868478529394533e-01 -9.608176146644400450e-01 -2.552087892599924425e-16 1.666293244846483193e-16 8.227165093164100211e-19 9.999999999999933387e-01
2.858467252932332392e-01 -9.582448983952807087e-01 -7.639655663855744218e-03 -5.301550849062464721e+01 9.582677156871813873e-01 2.858671898360792829e-01 -1.713139455719090527e-03 6.119397375297681663e+01 3.825534039617692166e-03 -6.831140078264386593e-03 9.999693499376589578e-01 -9.675905481343443082e-01 -2.601445846063301924e-16 1.654253606962502425e-16 9.237947623071972358e-19 9.999999999999917843e-01
2.851119925092332474e-01 -9.584743672917850343e-01 -6.167574250688447751e-03 -5.275974623537254615e+01 9.584939668765449783e-01 2.851106060797223285e-01 1.121499895452448062e-03 6.203723048541454688e+01 6.835119299381824847e-04 -6.231335779352439527e-03 9.999803514399936422e-01 -9.707585154431304097e-01 -2.654501385435786969e-16 1.632140500068939827e-16 1.048372772431165429e-18 9.999999999999901190e-01
2.842908871556118489e-01 -9.587358049906304913e-01 -2.085116149157528048e-03 -5.250180072144566878e+01 9.587322001128650850e-01 2.842808615290205454e-01 4.118280582607661104e-03 6.289019657369965444e+01 -3.355584434277644225e-03 -3.169857633571458635e-03 9.999893459711954868e-01 -9.697275793792085041e-01 -2.711226494317952952e-16 1.614898786929803048e-16 1.169873818389929230e-18 9.999999999999885647e-01
2.836967784148970995e-01 -9.589140392103060462e-01 -5.764112468699716300e-05 -5.225443667964837147e+01 9.588942129123207980e-01 2.836905251783400916e-01 6.447818793114816135e-03 6.374404128853779383e+01 -6.166551722071198990e-03 -1.884497160311807834e-03 9.999792109391720807e-01 -9.658242960007055178e-01 -2.775294697396383733e-16 1.595207472116010223e-16 1.271304096223088569e-18 9.999999999999870104e-01
2.834682557986992202e-01 -9.589656334101753776e-01 -5.537318193927987658e-03 -5.201357450025026452e+01 9.589757946948599399e-01 2.834416818197846299e-01 5.122323342192719280e-03 6.459635651139321055e+01 -3.342625266723531826e-03 -6.762170178963332508e-03 9.999715495507960350e-01 -9.652559606922195279e-01 -2.836466324666244775e-16 1.572311977284503950e-16 1.359440017913808371e-18 9.999999999999854561e-01
2.835217104498699570e-01 -9.589568618808537170e-01 -4.144484928608500353e-03 -5.176135535744511174e+01 9.589653673303983883e-01 2.835231184378125824e-01 2.560704149233991394e-04 6.544493563236238742e+01 9.294968097571359436e-04 -4.047019034008214437e-03 9.999913787992610326e-01 -9.741273906772068836e-01 -2.907718335057795645e-16 1.545060571399084555e-16 1.451968963953166925e-18 9.999999999999839018e-01
2.830117699710401613e-01 -9.591123670834403869e-01 -2.793808436460194864e-03 -5.150822622723973154e+01 9.591071007952423066e-01 2.830206666130367088e-01 -3.587683645337352931e-03 6.629759754521619186e+01 4.231697279496605957e-03 -1.664204811123323746e-03 9.999896615269149303e-01 -9.867628899837110890e-01 -2.984642378270094679e-16 1.505836147517288709e-16 1.596717331033489891e-18 9.999999999999823475e-01
2.835863501334027759e-01 -9.589336104085142143e-01 -5.011271997261908771e-03 -5.125868518972364996e+01 9.589448691507452827e-01 2.835921592676113323e-01 -4.744800023224932150e-04 6.715522609980692437e+01 1.876152268069772614e-03 -4.670977517639554252e-03 9.999873309307142355e-01 -9.915707391563735040e-01 -3.067480247448226916e-16 1.494595890171180075e-16 1.783111667532044759e-18 9.999999999999810152e-01
2.839347681775981624e-01 -9.588319141406543844e-01 -4.733692578592389559e-03 -5.101107021612367021e+01 9.588345645525120364e-01 2.839072016589530012e-01 5.742705412326978842e-03 6.801772105420509718e+01 -4.162359809348656695e-03 -6.169381792298242462e-03 9.999723063612112606e-01 -9.835888450110635839e-01 -3.143227732200478204e-16 1.500605831722883511e-16 1.948284302685590733e-18 9.999999999999799050e-01
2.832501558503407457e-01 -9.590396934158947895e-01 -3.495091362661790439e-03 -5.075736211636883155e+01 9.590129798210860201e-01 2.832082345397886614e-01 9.338116694998777750e-03 6.887520274633048700e+01 -7.965785917880949599e-03 -5.996860991677569613e-03 9.999502907210955360e-01 -9.795130443451681712e-01 -3.203479265894858938e-16 1.518319102537148448e-16 2.082754760416459072e-18 9.999999999999787947e-01
2.832439958276792291e-01 -9.590407410124632825e-01 -3.700798017505912887e-03 -5.050924774646450288e+01 9.590069965462018065e-01 2.831941813186442669e-01 1.032648258429711211e-02 6.972352063802996724e+01 -8.855473044905295618e-03 -6.474005381631531622e-03 9.999398321157730862e-01 -9.863724778873022014e-01 -3.269164467041661993e-16 1.543109996265227080e-16 2.198716514881419297e-18 9.999999999999776845e-01
2.836055277753339321e-01 -9.589303813407903387e-01 -4.519774000405591199e-03 -5.025507522082962453e+01 9.588874884735441029e-01 2.835367345324634747e-01 1.190397494241267340e-02 7.058723870312951476e+01 -1.013356127010082465e-02 -7.709987835902634180e-03 9.999189302257512901e-01 -1.004479559377082332e+00 -3.320496512934838427e-16 1.558050801427826010e-16 2.314157264425409854e-18 9.999999999999763522e-01
2.837143842484550205e-01 -9.588825233494111533e-01 -7.103139145664050767e-03 -5.001115038368742205e+01 9.588606481820102223e-01 2.836180861240363837e-01 1.212594702169640312e-02 7.144555124328671525e+01 -9.612779948201172209e-03 -1.025122619804747295e-02 9.999012485357559044e-01 -1.017650258318183898e+00 -3.362549374479968983e-16 1.541185180164198275e-16 2.431975731016808937e-18 9.999999999999750200e-01
2.838327947289601694e-01 -9.588259766034840093e-01 -9.575553606050285146e-03 -4.976546626254400962e+01 9.588566658793167274e-01 2.837538922955584186e-01 8.810386244391649191e-03 7.229269050184214507e+01 -5.730526588433790952e-03 -1.168225995505309082e-02 9.999153393500999076e-01 -1.028756838427546949e+00 -3.407090772310365796e-16 1.542543982258810993e-16 2.563346161719535037e-18 9.999999999999739098e-01
2.837987194188226758e-01 -9.588369394108529065e-01 -9.487385182777599568e-03 -4.951443431641391157e+01 9.588816400588905386e-01 2.838055311731700336e-01 6.487166848915434632e-04 7.313004063433348279e+01 2.070558870551774018e-03 -9.281384428390590524e-03 9.999547833223879634e-01 -1.021680569635490921e+00 -3.443414156218063773e-16 1.556410212007813552e-16 2.709685022032410071e-18 9.999999999999727995e-01
2.834767264696638200e-01 -9.589366453139911428e-01 -9.025288036197181771e-03 -4.926180001323199775e+01 9.589399880353053351e-01 2.835376225410386475e-01 -6.365214094561177580e-03 7.397360971728876677e+01 8.662845763068737284e-03 -6.850319546662695692e-03 9.999390122530801284e-01 -1.019768156691108318e+00 -3.482746979087709868e-16 1.567282371987405595e-16 2.858396245167477810e-18 9.999999999999716893e-01
2.835712040881668838e-01 -9.589048506311228515e-01 -9.426539568514403361e-03 -4.900832385669185953e+01 9.589166149933330274e-01 2.836307470902861283e-01 -5.703051338997505194e-03 7.483040636864201645e+01 8.142340052650624826e-03 -7.422044278986467646e-03 9.999393059368471004e-01 -1.018173557895843517e+00 -3.511067179104367847e-16 1.548655697253208258e-16 3.004246970653589259e-18 9.999999999999705791e-01
2.838109225327998253e-01 -9.588468793978092153e-01 -8.001382400064533176e-03 -4.875749349429387536e+01 9.588780433396304481e-01 2.838183419391052675e-01 2.162866987418603747e-04 7.568686859590410165e+01 2.063553259858797763e-03 -7.733734427310248738e-03 9.999679650368957784e-01 -1.011692034204802804e+00 -3.549612365203430046e-16 1.545404937217377786e-16 3.158831770110528895e-18 9.999999999999694689e-01
2.835275579991612394e-01 -9.589368035645773336e-01 -7.233990913303821498e-03 -4.850668599475319809e+01 9.589509253286490065e-01 2.834760736487934030e-01 7.378243681550394721e-03 7.654582052552578375e+01 -5.024606070994131618e-03 -9.028977693507881860e-03 9.999466140229303912e-01 -1.008748958728538980e+00 -3.594346526602435891e-16 1.543738985277648125e-16 3.288239835894485463e-18 9.999999999999684697e-01
2.833894851665112458e-01 -9.589785547698127521e-01 -7.108529300259737796e-03 -4.825595311244888563e+01 9.589615502129671398e-01 2.832984115457891083e-01 1.160841197596860185e-02 7.739959835843434632e+01 -9.118383080697336704e-03 -1.010650817100599251e-02 9.999073524996542339e-01 -1.014570855169341979e+00 -3.624655027330670042e-16 1.514512816725801324e-16 3.369335899729058225e-18 9.999999999999673594e-01
2.833170638311024447e-01 -9.590007169486473027e-01 -7.004729420635472971e-03 -4.800512626973566910e+01 9.589832600221803727e-01 2.832275957342806905e-01 1.154279046132939898e-02 7.825170679125623963e+01 -9.085611655427641362e-03 -9.987687757320574608e-03 9.999088447225561449e-01 -1.024078072704798004e+00 -3.641701522363241114e-16 1.481459315557382237e-16 3.428472549162386539e-18 9.999999999999661382e-01
2.839502523174478044e-01 -9.587851819011675714e-01 -1.016017597072289835e-02 -4.775963970943256243e+01 9.588205347493311548e-01 2.838630524097668917e-01 9.216811782658091215e-03 7.910049251175897211e+01 -5.952843997516200046e-03 -1.235890138866959503e-02 9.999059061757250566e-01 -1.034092967138231955e+00 -3.643844244526838258e-16 1.434768709657701989e-16 3.511572526016708345e-18 9.999999999999652500e-01
2.842155066533783581e-01 -9.586769252138966912e-01 -1.265301704518010002e-02 -4.751063126116881108e+01 9.587533524113346362e-01 2.841379810783172255e-01 7.590582888133845345e-03 7.994968919029805932e+01 -3.681713946012156718e-03 -1.428848387155580608e-02 9.998911361800174591e-01 -1.041650877649665796e+00 -3.643062758744258644e-16 1.357584009226969789e-16 3.542096856859665464e-18 9.999999999999643618e-01
2.834415932751289668e-01 -9.589071960807437067e-01 -1.256393673883013894e-02 -4.725812428389963316e+01 9.589849390369801219e-01 2.833755077188079285e-01 6.797670568685835850e-03 8.080618495517684607e+01 -2.958023272587878647e-03 -1.397536868412597132e-02 9.998979643787452298e-01 -1.044969200928376418e+00 -3.650226434354552039e-16 1.307746796193799119e-16 3.581461834997423266e-18 9.999999999999635847e-01
2.825688573995733255e-01 -9.591679715491339131e-01 -1.231434863791555125e-02 -4.700522907430626418e+01 9.592373422697344498e-01 2.824850641613949054e-01 8.118480204949091519e-03 8.166208128493101981e+01 -4.308366625156458823e-03 -1.410641273457774805e-02 9.998912176317402700e-01 -1.048571278475814772e+00 -3.652136935657064611e-16 1.263767177288939514e-16 3.673579923100963801e-18 9.999999999999626965e-01
2.824422468762464722e-01 -9.591874621379101740e-01 -1.363046797036693292e-02 -4.675786744652020133e+01 9.592534521942960302e-01 2.822906921566250560e-01 1.203243844216865359e-02 8.251871133202961062e+01 -7.693609854900433989e-03 -1.647354240463222777e-02 9.998347017224122890e-01 -1.048641805043846409e+00 -3.652100369202588390e-16 1.199090016744697260e-16 3.729907264864340032e-18 9.999999999999616973e-01
2.821383301249955622e-01 -9.592827253689077960e-01 -1.321421519577935938e-02 -4.650789154978089357e+01 9.593279394327702825e-01 2.819635195018709850e-01 1.365570553263974196e-02 8.337224041374911110e+01 -9.373755796127675177e-03 -1.652956379067407194e-02 9.998194368102019114e-01 -1.055189289181225565e+00 -3.649668725803885385e-16 1.107196164709141956e-16 3.758142995410018850e-18 9.999999999999603650e-01
2.812362299649138753e-01 -9.595636713656744421e-01 -1.198930984307306803e-02 -4.625394049850300604e+01 9.595986243382692571e-01 2.810885833089734609e-01 1.263679157272624629e-02 8.422357769650076875e+01 -8.755747997165002836e-03 -1.505884885297271297e-02 9.998482724636477137e-01 -1.061932883767785274e+00 -3.642294070488997642e-16 1.015165669652654438e-16 3.782013109579408970e-18 9.999999999999591438e-01
2.805749957629933844e-01 -9.597358344775529515e-01 -1.359410800448278452e-02 -4.601286987819064223e+01 9.598040922961305066e-01 2.804304589871934317e-01 1.161301354627971259e-02 8.507651021951058112e+01 -7.333223299418250435e-03 -1.630600172039032084e-02 9.998401562971180878e-01 -1.076816881025984607e+00 -3.638085268715797043e-16 9.006466100667835794e-17 3.857328633772040403e-18 9.999999999999578115e-01
2.798671427084012953e-01 -9.599465103436344293e-01 -1.330713009945933174e-02 -4.576637711002688746e+01 9.600150207019829685e-01 2.797359072685762782e-01 1.090789672606846776e-02 8.593481092084867612e+01 -6.748515285863791908e-03 -1.582780666762911848e-02 9.998519580807155860e-01 -1.090651930698174565e+00 -3.643380724502011554e-16 7.874975479622286099e-17 3.929700559405233369e-18 9.999999999999567013e-01
2.784257491892095371e-01 -9.604174464601805683e-01 -8.799472910817637480e-03 -4.551277458021880307e+01 9.604422752347374637e-01 2.783575576687716824e-01 8.228367419010814213e-03 8.677877121456941722e+01 -5.453267836873755547e-03 -1.074237514660399129e-02 9.999274289899361401e-01 -1.091800837405586311e+00 -3.638440731426170074e-16 6.430989550390300798e-17 4.059339929093937189e-18 9.999999999999553690e-01
2.771094114963298383e-01 -9.607358742637736038e-01 -1.403402875011548062e-02 -4.527319958509601605e+01 9.608377620247237072e-01 2.770632391545838624e-01 5.172675929480501089e-03 8.762439181350060835e+01 -1.081261867497454324e-03 -1.491782195916163331e-02 9.998881384740428979e-01 -1.093917467820693545e+00 -3.635001697634145097e-16 5.096462155691941301e-17 4.204540151706590995e-18 9.999999999999541478e-01
2.763934672989274421e-01 -9.608029458061565498e-01 -2.154879497490623172e-02 -4.504114499399233296e+01 9.610361156146186579e-01 2.764155598442768480e-01 2.005681958120546487e-03 8.847802695215875701e+01 4.029357093243616725e-03 -2.126352760959501764e-02 9.997657859095465671e-01 -1.104311845286627847e+00 -3.647157147428001558e-16 3.934145818353179475e-17 4.352974190615150906e-18 9.999999999999531486e-01
2.750445361312522374e-01 -9.611592568085906008e-01 -2.287763527306746134e-02 -4.480565992452432056e+01 9.614173882069213528e-01 2.750914885184604364e-01 1.130751012347467168e-03 8.932658926116162945e+01 5.206610938384775671e-03 -2.230596324028619529e-02 9.997376331852200204e-01 -1.106494075368390728e+00 -3.651285911277496202e-16 2.938288752386564951e-17 4.410800346196131552e-18 9.999999999999523714e-01
2.737741094063637082e-01 -9.615586144695413839e-01 -2.127834482183920545e-02 -4.456521013411783372e+01 9.617914214871415846e-01 2.737577894923413635e-01 3.732860267799235215e-03 9.018159995739969759e+01 2.235748695368090008e-03 -2.148729000847796750e-02 9.997666216653730009e-01 -1.094217495778283533e+00 -3.657489721408313486e-16 2.345656161511505296e-17 4.526036875453926219e-18 9.999999999999519273e-01
2.732831896414201767e-01 -9.617556967998713846e-01 -1.850075491967754365e-02 -4.432675764489287928e+01 9.619317572538774730e-01 2.731942131653348205e-01 7.226083254831804428e-03 9.103545029534686250e+01 -1.895427552637808655e-03 -1.977123077093660003e-02 9.998027334372167063e-01 -1.085096341275848086e+00 -3.668584270674597229e-16 1.426756615738226565e-17 4.507548971941649772e-18 9.999999999999511502e-01
2.722506824326839658e-01 -9.620313406374523257e-01 -1.937177189726128207e-02 -4.409505391621424053e+01 9.622172608405431538e-01 2.721053830913212623e-01 9.828704543732668872e-03 9.189162108962580078e+01 -4.184358395672690793e-03 -2.131572481210461043e-02 9.997640376713353705e-01 -1.089314730450705593e+00 -3.681431135527627684e-16 5.420818296165770691e-18 4.565943338114101209e-18 9.999999999999504841e-01
2.713470067398553454e-01 -9.623221823443166567e-01 -1.751625820749096868e-02 -4.386441868814439005e+01 9.624674779530765223e-01 2.711995562421762873e-01 1.035154947082591800e-02 9.274171051122124254e+01 -5.211124224512931821e-03 -1.966769082420083067e-02 9.997929916349211910e-01 -1.098159325110009021e+00 -3.700207480696802503e-16 -4.005814954105401708e-18 4.648959319180288692e-18 9.999999999999499289e-01
2.698763170168841374e-01 -9.627913806110679484e-01 -1.412554192372951142e-02 -4.362794283105855442e+01 9.628736560226586194e-01 2.697436287424418988e-01 1.061589799168136811e-02 9.359657907179550307e+01 -6.410620147373717950e-03 -1.646609164725888405e-02 9.998438737000596710e-01 -1.110866075298394762e+00 -3.742904868080246491e-16 -1.497238145645424126e-17 4.716278069534250074e-18 9.999999999999492628e-01
2.689878264851557343e-01 -9.630427406712253058e-01 -1.393660085721235183e-02 -4.340156094452686375e+01 9.631066283883210621e-01 2.688226028573701409e-01 1.265031806776373800e-02 9.444829471234257312e+01 -8.436323664917803888e-03 -1.682521422421200119e-02 9.998228546145996321e-01 -1.115197663627730540e+00 -3.788169901824015131e-16 -2.488885974849399610e-17 4.731463167423496104e-18 9.999999999999484857e-01
2.685731610473959807e-01 -9.630747707585212147e-01 -1.885319849894362410e-02 -4.318316225312745615e+01 9.632223945000797372e-01 2.683401285921839796e-01 1.400693115582522102e-02 9.529830545652598062e+01 -8.430652302342408339e-03 -2.192170877926682623e-02 9.997241433447116021e-01 -1.114195083019857035e+00 -3.853874417982701166e-16 -3.504093033546390470e-17 4.702486241752673001e-18 9.999999999999474865e-01
2.683239877103312798e-01 -9.630416320047797685e-01 -2.351707135270011961e-02 -4.296523721239564253e+01 9.633006255614982027e-01 2.680497279172267544e-01 1.418619596875430981e-02 9.615044684543281051e+01 -7.358152740184250445e-03 -2.646050621824358462e-02 9.996227784516000803e-01 -1.118441194493351221e+00 -3.915363093843220896e-16 -4.578914530090834880e-17 4.606380091451470061e-18 9.999999999999464873e-01
2.687091559407822627e-01 -9.628655004687943775e-01 -2.618047976612496858e-02 -4.273869600714027683e+01 9.632075326930233938e-01 2.684603859627041067e-01 1.265978403876082473e-02 9.699877681593596890e+01 -5.161247591603454477e-03 -2.861903520373440188e-02 9.995770667375687424e-01 -1.127812272932140036e+00 -3.966010721763461771e-16 -5.203644258252365447e-17 4.521271852596123443e-18 9.999999999999457101e-01
2.702541560579162505e-01 -9.623944642235443547e-01 -2.756059443329320763e-02 -4.250500234261626531e+01 9.627765960900656061e-01 2.699945147316541449e-01 1.281358793532227230e-02 9.784381143648438695e+01 -4.890516776060875419e-03 -2.999762068827752093e-02 9.995380060803525923e-01 -1.141283748618765026e+00 -4.033042351056212203e-16 -6.125717962808976202e-17 4.395573711568963944e-18 9.999999999999444888e-01
2.714206580743375730e-01 -9.620865664352372670e-01 -2.683775429441036253e-02 -4.226591598048061371e+01 9.624291988517034158e-01 2.710801769304688191e-01 1.567082871905695410e-02 9.869584565258260511e+01 -7.801510612963765898e-03 -3.008282500808381887e-02 9.995169633738465453e-01 -1.153187533656356401e+00 -4.105524885722218439e-16 -7.000232090925095730e-17 4.315085095584231958e-18 9.999999999999434896e-01
