1 0 0 0 0 1 0 0 0 0 1 0
0.99993908 -0.0025402506 0.010741886 0.01322092 0.0025278571 0.99999612 0.0011671947 -0.0082908634 -0.010744811 -0.0011399696 0.99994162 0.28718409
0.99984668 -0.0041924233 0.017001069 0.026149254 0.0041712563 0.99999048 0.0012803213 -0.011189871 -0.017006276 -0.0012092092 0.99985465 0.58182987
0.9997848 -0.0073139748 0.019412895 0.031787582 0.0073142193 0.99997325 5.8433755e-05 -0.017816428 -0.019412804 8.3569012e-05 0.99981155 0.88246682
0.99980795 -0.0088060527 0.017507416 0.034899518 0.0088303735 0.99996015 -0.0013123148 -0.021529581 -0.017495163 0.0014666598 0.99984587 1.1913277
0.9998829 -0.011293137 0.010327234 0.030843168 0.011324506 0.99993142 -0.0029839862 -0.021837093 -0.010292828 0.0031005877 0.99994222 1.5039395
0.99991983 -0.012628804 -0.00092051718 0.023337166 0.012624554 0.99991024 -0.0044868262 -0.035000676 0.00097709789 0.0044748455 0.99998951 1.8394301
0.99978148 -0.011705518 -0.017319582 0.0046908125 0.011621767 0.99992032 -0.00492846 -0.038043343 0.017375893 0.004726099 0.99983786 2.1530293
0.99933414 -0.0077667292 -0.035650504 -0.041607348 0.0075882079 0.999958 -0.0051401314 -0.043883855 0.035688932 0.0048661855 0.9993511 2.5130647
0.99840219 -0.0041909209 -0.056351599 -0.079210679 0.0038412693 0.9999727 -0.0063117116 -0.050015089 0.056376517 0.0060851651 0.99839104 2.8462783
0.9971564 -0.0033333318 -0.075286189 -0.12501582 0.0028530667 0.9999749 -0.0064858453 -0.053277041 0.075305925 0.0062526057 0.99714087 3.2120513
0.99530989 -0.0044775739 -0.096634269 -0.18000727 0.003919335 0.99997452 -0.0059658673 -0.061049546 0.096658527 0.0055591447 0.99530208 3.5951496
0.99323605 -0.005612988 -0.1159769 -0.23168106 0.0050794906 0.99997512 -0.0048950731 -0.070380216 0.1160015 0.0042728595 0.99323985 3.9809172
0.99098487 -0.0049375481 -0.13388282 -0.30603421 0.004365933 0.99998006 -0.0045627693 -0.07742854 0.13390269 0.0039371119 0.99098667 4.3693752
0.98875042 -0.0037336057 -0.14952814 -0.38510343 0.0032131479 0.99998791 -0.0037221054 -0.085179532 0.14954024 0.0031997772 0.98875046 4.7855289
0.9865803 -0.0030009448 -0.16324923 -0.46907617 0.0023775623 0.99998912 -0.0040138395 -0.091130367 0.16325951 0.0035718397 0.9865767 5.1974821
0.98452276 -0.0043992525 -0.17520154 -0.56350312 0.00358436 0.99998124 -0.0049673436 -0.098206267 0.17522012 0.0042624774 0.98452006 5.6441412
0.98274786 -0.0075195997 -0.18479745 -0.65076194 0.006344576 0.99995573 -0.0069489527 -0.11515761 0.18484154 0.0056566069 0.98275206 6.0879977
0.98120975 -0.0068835295 -0.19282126 -0.74975707 0.0053218213 0.99994872 -0.0086160306 -0.12083133 0.1928707 0.007427973 0.98119607 6.5343039
0.97970179 -0.0065992735 -0.20035182 -0.86117254 0.0045326468 0.99993171 -0.010771955 -0.12443158 0.20040924 0.0096451798 0.97966479 7.0226979
0.97808908 -0.0071039067 -0.20806555 -0.96887002 0.0044370286 0.99990195 -0.013281397 -0.13326008 0.20813952 0.012067197 0.97802471 7.4904587
0.97621732 -0.011060399 -0.21651192 -1.0897504 0.0079824005 0.99985434 -0.015085685 -0.14585298 0.21664725 0.012998622 0.97616341 7.9897025
0.97424063 -0.016538216 -0.2249037 -1.1988569 0.013223838 0.99978075 -0.016235354 -0.16306883 0.22512291 0.012843052 0.97424573 8.492696
0.97261031 -0.017875019 -0.23175347 -1.3302979 0.013963876 0.99973123 -0.018505898 -0.19118144 0.23202199 0.014762851 0.97259851 9.0330404
0.97040125 -0.014049828 -0.24108921 -1.484599 0.0088061168 0.99970095 -0.022813796 -0.19245674 0.24133767 0.020015476 0.97023477 9.5537904
0.96840803 -0.011248388 -0.24911716 -1.6383512 0.004900831 0.99964769 -0.026085806 -0.20997615 0.24932283 0.024040823 0.96812198 10.091617
0.96594943 -0.01340037 -0.25838366 -1.8030181 0.0064063166 0.99959043 -0.027891486 -0.23163039 0.25865162 0.025286478 0.96563965 10.654863
0.96384206 -0.015689354 -0.26601188 -1.9635365 0.0080125716 0.99952019 -0.029919613 -0.262248 0.26635369 0.026706342 0.96350531 11.233089
0.96157094 -0.015494481 -0.27411904 -2.1399056 0.0068379279 0.99944812 -0.032506965 -0.28625559 0.27447146 0.029383346 0.96114621 11.792363
0.95904124 -0.014821815 -0.28287844 -2.3260731 0.0048414057 0.99934193 -0.035948141 -0.30765643 0.28322512 0.033106221 0.95848188 12.381238
0.95707183 -0.015673967 -0.28942672 -2.5091494 0.0040115977 0.99915748 -0.040844101 -0.33760973 0.28982308 0.037929675 0.95632836 12.963216
0.95507438 -0.016880054 -0.29588508 -2.7097866 0.0027188461 0.99883368 -0.048206776 -0.37774001 0.29635374 0.045236592 0.95400635 13.576159
0.95356421 -0.017068276 -0.30070576 -2.9201607 0.00012229464 0.99841485 -0.056282938 -0.41303188 0.30118978 0.053632621 0.95205476 14.186292
0.95243236 -0.017098241 -0.30427 -3.131796 -0.0027888778 0.997894 -0.064805761 -0.45847477 0.3047373 0.062571677 0.95037886 14.820641
0.95115017 -0.016838659 -0.30826906 -3.3444233 -0.006275857 0.99725058 -0.07383694 -0.50897314 0.30866484 0.072164672 0.94842938 15.457757
0.94999316 -0.015394404 -0.31189102 -3.5710991 -0.0104945 0.99664599 -0.081158068 -0.56839033 0.31209434 0.080372751 0.94664532 16.10092
0.94830007 -0.014343324 -0.31705083 -3.8123193 -0.014125248 0.99608094 -0.087311186 -0.62676824 0.31706065 0.087275628 0.94438102 16.772791
0.94671389 -0.013242226 -0.32180343 -4.0611991 -0.017879684 0.99545278 -0.093563186 -0.69947232 0.32157913 0.094331313 0.94217221 17.442992
0.94505621 -0.011271262 -0.32671351 -4.305796 -0.022268098 0.9948646 -0.098734766 -0.77357835 0.3261486 0.10058519 0.93995198 18.102942
0.94332301 -0.0083241403 -0.33177161 -4.5763213 -0.027125829 0.99440667 -0.10207623 -0.85190664 0.33076563 0.10529044 0.93782089 18.831787
0.94169946 -0.0078326356 -0.33636404 -4.8312584 -0.028732295 0.99420484 -0.10359142 -0.93109504 0.33522618 0.1072165 0.93601712 19.509479
0.93936107 -0.0068749744 -0.34286077 -5.1195729 -0.030141154 0.9942745 -0.10251694 -1.0176455 0.34160255 0.10663464 0.93377554 20.227016
0.93681737 -0.0072859151 -0.34974294 -5.4111541 -0.029959096 0.99443886 -0.10096443 -1.1008912 0.34853361 0.10506322 0.93138931 20.941106
0.93468319 -0.0071892627 -0.35540911 -5.6757699 -0.030053644 0.99461788 -0.099156722 -1.1872618 0.35420915 0.10336146 0.92943655 21.656494
0.93193102 -0.0068284059 -0.36257129 -5.95826 -0.029987288 0.9949473 -0.095815599 -1.2722245 0.36139362 0.10016606 0.92701749 22.376651
0.92783268 -0.0039319473 -0.37297594 -6.3115486 -0.032239832 0.99535677 -0.090694476 -1.356027 0.37160077 0.096173981 0.92339777 23.184547
0.92494547 -0.0016574613 -0.38009619 -6.607083 -0.033204809 0.99581516 -0.085144659 -1.4360745 0.3786467 0.09137519 0.92101969 23.904735
0.92113438 0.0012040101 -0.38924284 -6.9636805 -0.035633944 0.99605689 -0.081245903 -1.5121788 0.38761022 0.088708653 0.91754515 24.664458
0.91747985 0.0012268543 -0.39778035 -7.2931452 -0.035737809 0.99620547 -0.079356654 -1.5861111 0.39617364 0.08702393 0.91404229 25.396845
0.91364952 0.002603356 -0.40649447 -7.6518943 -0.037771505 0.99619702 -0.078516342 -1.6634935 0.40474421 0.087090328 0.91027326 26.172066
0.90971959 0.0032820017 -0.41521016 -8.006967 -0.038964437 0.99623098 -0.077495881 -1.734167 0.41339092 0.086677953 0.90641872 26.90831
0.90536059 0.0039842157 -0.42462491 -8.3961842 -0.039907685 0.99632865 -0.075740385 -1.8089128 0.42276423 0.085518158 0.90219569 27.694188
0.90183953 0.0038606784 -0.43205386 -8.787422 -0.03946051 0.99651699 -0.073462631 -1.883946 0.43026543 0.083300572 0.89885076 28.48702
0.89831308 0.0050327162 -0.43932706 -9.174257 -0.039578609 0.99679585 -0.069509466 -1.9582643 0.4375696 0.079829217 0.89563394 29.252164
0.8941449 0.0062653292 -0.44773387 -9.5848274 -0.039005845 0.99719102 -0.063942324 -2.0199577 0.44607561 0.074637943 0.89187765 30.048857
0.89051194 0.0053107372 -0.45492886 -9.9927612 -0.036434006 0.99755283 -0.059673449 -2.08761 0.4534987 0.069714801 0.88852619 30.839894
0.88724445 0.0047837003 -0.46127473 -10.430571 -0.035233846 0.99772795 -0.057423913 -2.1537067 0.45995204 0.067201532 0.88539714 31.688135
0.88334689 0.0051928208 -0.46869103 -10.887015 -0.035681651 0.99778203 -0.056194738 -2.2153757 0.46735972 0.066363118 0.88157294 32.48903
0.88067003 0.0039664598 -0.47371357 -11.339266 -0.033915518 0.9979269 -0.054695796 -2.2714967 0.47251461 0.064235191 0.87897884 33.307729
0.87755134 0.0019269652 -0.47947879 -11.808801 -0.03136409 0.99808095 -0.053391997 -2.3292499 0.4784558 0.061892635 0.87592772 34.153647
0.87501337 0.00083133486 -0.48409802 -12.294668 -0.030295778 0.9981324 -0.053045923 -2.3954314 0.48314986 0.061082018 0.87340438 34.992273
0.87329915 8.4380426e-05 -0.48718432 -12.771773 -0.029932833 0.99812003 -0.05348303 -2.4563916 0.48626395 0.061289493 0.8716599 35.840731
0.87125644 -1.4341621e-05 -0.49082807 -13.270995 -0.030375482 0.99808164 -0.053947904 -2.5125404 0.4898873 0.061911599 0.86958462 36.708979
0.87146577 0.0007157968 -0.49045579 -13.755741 -0.030815788 0.99810304 -0.053298306 -2.5772851 0.48948731 0.061561431 0.86983469 37.56219
0.87120695 0.0017934432 -0.49091263 -14.291863 -0.031163488 0.99817847 -0.051658212 -2.6436952 0.48992582 0.060303544 0.86967591 38.474963
0.87075014 0.00062707369 -0.4917253 -14.794956 -0.029627426 0.9982493 -0.051191402 -2.7039603 0.49083238 0.059143477 0.8692443 39.349185
0.87031135 -0.0019511485 -0.49249805 -15.323652 -0.027197705 0.99827577 -0.052016964 -2.7703991 0.49175041 0.058665771 0.86875767 40.26465
0.86979694 -0.0033284308 -0.4933986 -15.839736 -0.026090193 0.99826804 -0.052727823 -2.8348521 0.4927196 0.058735365 0.86820365 41.180741
0.86767837 -0.0040394443 -0.49710955 -16.362442 -0.024345232 0.99842191 -0.050606349 -2.898566 0.49652953 0.056012283 0.86621075 42.097146
0.86490493 -0.0029845016 -0.50192682 -16.904398 -0.023790813 0.99861466 -0.046933449 -2.9632365 0.5013716 0.052534219 0.86363574 42.990807
0.8629812 -0.0032722403 -0.50522542 -17.454526 -0.021312816 0.99885313 -0.042874022 -3.0268058 0.50478633 0.047767252 0.86192173 43.920234
0.85913266 -0.0057271744 -0.51172086 -17.992959 -0.017476174 0.9990258 -0.040521986 -3.0892704 0.51145447 0.043756685 0.85819561 44.822367
0.85420204 -0.0087005214 -0.5198684 -18.564532 -0.016004117 0.99894624 -0.043014927 -3.1532468 0.51969488 0.045063473 0.85316267 45.72837
0.84879786 -0.010070733 -0.52862156 -19.148689 -0.016976834 0.9987839 -0.046287149 -3.2190486 0.5284449 0.048262753 0.84759467 46.608083
0.84214993 -0.010238789 -0.53914622 -19.697146 -0.017170428 0.99880359 -0.045788345 -3.2770439 0.53897004 0.047818023 0.84096656 47.513662
0.83720563 -0.0066940092 -0.54684723 -20.311722 -0.018843083 0.9989783 -0.041076744 -3.3377658 0.54656353 0.044693969 0.83622412 48.415384
0.8319701 -0.0051243552 -0.55479679 -20.913454 -0.017992163 0.99918223 -0.036209845 -3.3973865 0.55452869 0.040107503 0.83119754 49.278531
0.82845328 -0.0047251694 -0.56003822 -21.547481 -0.019907149 0.99908407 -0.037877742 -3.4515882 0.55970429 0.042528704 0.82760042 50.169289
0.82543321 -0.0064796953 -0.56446257 -22.140898 -0.020930303 0.99889525 -0.042073831 -3.5104889 0.56411165 0.046543511 0.82438569 51.044628
0.82217328 -0.0079423837 -0.56918186 -22.74781 -0.024165139 0.99851427 -0.048839423 -3.5774863 0.56872416 0.053908829 0.82075983 51.882783
0.81844876 -0.0086230347 -0.57451479 -23.374785 -0.024825431 0.99842296 -0.050351666 -3.6425647 0.57404299 0.055472836 0.81694396 52.747261
0.81645119 -0.0071905283 -0.57736966 -24.000666 -0.024484771 0.99859193 -0.047060011 -3.7103182 0.57689512 0.052558967 0.81512552 53.624354
0.81304641 -0.0058527003 -0.58216943 -24.645027 -0.022322865 0.99890078 -0.041217882 -3.7720837 0.58177078 0.046507741 0.81202205 54.503034
0.80974108 -0.0042284011 -0.58677208 -25.299381 -0.022726385 0.99899777 -0.038561224 -3.8320857 0.5863471 0.044559816 0.80883344 55.385355
0.80815914 -0.0032752989 -0.58895505 -25.945674 -0.024453436 0.99893565 -0.039110079 -3.8898769 0.58845635 0.046009143 0.80721888 56.251401
0.80452045 -0.0042058942 -0.59391004 -26.579743 -0.024939324 0.99885372 -0.040856807 -3.9481724 0.59340114 0.047681852 0.80349335 57.109433
0.80009002 -0.0052420507 -0.59985702 -27.239978 -0.025751795 0.99873988 -0.043075594 -4.0121483 0.59932698 0.049911749 0.79894682 57.939277
0.79703773 -0.0070694429 -0.60388811 -27.881803 -0.024278899 0.99874805 -0.04373623 -4.0724039 0.60344132 0.049521165 0.79586825 58.799082
0.79208658 -0.0076990982 -0.61036018 -28.546829 -0.023366461 0.99880512 -0.042922456 -4.1340866 0.60996139 0.048260259 0.79096023 59.655637
0.78785006 -0.0089425183 -0.61580215 -29.23749 -0.021564901 0.99888084 -0.042095367 -4.1931296 0.61548946 0.04644455 0.78677548 60.491493
0.78184025 -0.0075706117 -0.62343281 -29.908263 -0.024384116 0.99878996 -0.042708585 -4.2602659 0.62300182 0.048593149 0.7807096 61.314528
0.77705869 -0.010364805 -0.62934278 -30.596429 -0.022262465 0.99878622 -0.043937049 -4.3204561 0.62903435 0.048152387 0.77588477 62.173205
0.77198988 -0.01209561 -0.6355197 -31.297338 -0.02118112 0.99877415 -0.044738804 -4.3815509 0.63528184 0.047998923 0.77078734 62.987479
0.76573072 -0.013227413 -0.64302525 -32.037193 -0.021057946 0.99873685 -0.045620946 -4.4482903 0.64281651 0.048474151 0.76448494 63.821917
0.76131894 -0.014364525 -0.64821841 -32.744489 -0.021503407 0.9986452 -0.047385284 -4.5154427 0.64802092 0.050014219 0.75997862 64.648924
0.75508366 -0.014397532 -0.65547032 -33.451495 -0.021659259 0.99866536 -0.046886742 -4.5844801 0.65527061 0.049600414 0.75376406 65.482019
0.74828672 -0.014766966 -0.66321104 -34.218376 -0.020529663 0.99875785 -0.04540138 -4.6468113 0.66305773 0.04758875 0.74705408 66.28352
0.7424798 -0.016828975 -0.66965699 -34.986581 -0.017447486 0.99885938 -0.04444691 -4.7074584 0.66964122 0.044684764 0.74133929 67.10137
0.73717159 -0.019216822 -0.67543225 -35.746962 -0.015833402 0.99882979 -0.045698539 -4.777018 0.67552009 0.044382056 0.73600467 67.933289
0.73136387 -0.022253313 -0.68162426 -36.488515 -0.013750509 0.99878316 -0.047361663 -4.8469439 0.68184884 0.04401129 0.73016793 68.740783
0.72188491 -0.018359982 -0.6917695 -37.277543 -0.019151509 0.99873504 -0.04649228 -4.9067451 0.6917481 0.046810506 0.72062014 69.464131
0.71705947 -0.018788898 -0.69675868 -38.054972 -0.018561167 0.99876738 -0.046034874 -4.9782578 0.69676484 0.045942397 0.71582686 70.314125
0.71346882 -0.017320993 -0.70047283 -38.899639 -0.02084583 0.99872719 -0.045928685 -5.0509373 0.70037685 0.047370622 0.71219965 71.114975
0.70836487 -0.017792632 -0.70562213 -39.690748 -0.021543148 0.99867153 -0.04680891 -5.1167598 0.70551765 0.04835911 0.70704051 71.917331
0.7030489 -0.020906001 -0.71083412 -40.544267 -0.020430715 0.99856141 -0.049575162 -5.1887353 0.71084799 0.049376613 0.70161038 72.70765
0.69843397 -0.022909281 -0.71530771 -41.365201 -0.020403128 0.99844388 -0.051899158 -5.2553695 0.71538364 0.05084265 0.6968797 73.487975
0.69339672 -0.023905264 -0.72015935 -42.217573 -0.020359256 0.99840051 -0.052743976 -5.333414 0.72026838 0.051234409 0.69180094 74.302597
0.68756164 -0.021643235 -0.72580336 -43.039492 -0.023002685 0.9984048 -0.051562825 -5.4109833 0.72576161 0.052148047 0.68596699 75.112256
0.68321057 -0.023498041 -0.72984321 -43.878524 -0.019314103 0.99855094 -0.050229403 -5.4817556 0.72996597 0.048413527 0.68176671 75.861718
0.67802488 -0.024957848 -0.73461509 -44.76612 -0.017884592 0.99856734 -0.050432247 -5.5580693 0.73482137 0.04733261 0.67660714 76.64751
0.67496025 -0.024954195 -0.73743196 -45.621365 -0.018593279 0.99853535 -0.050807899 -5.6300771 0.73761982 0.048004591 0.67350769 77.429016
0.67033756 -0.025182346 -0.74162886 -46.502529 -0.018654796 0.99853627 -0.050767301 -5.7109554 0.74182181 0.047866164 0.66888659 78.205905
0.66534443 -0.027211982 -0.74604038 -47.377666 -0.015876849 0.99859363 -0.050583433 -5.7742414 0.74636771 0.045500176 0.66397667 78.981846
0.66140215 -0.030556664 -0.74940872 -48.241923 -0.012189227 0.99859989 -0.051475063 -5.8528948 0.74993244 0.043180431 0.66010365 79.745735
0.65748403 -0.034758064 -0.75266631 -49.176844 -0.009635586 0.99846585 -0.054526132 -5.9372065 0.7534069 0.043102443 0.65614044 80.53995
0.6538457 -0.038584948 -0.75564341 -50.082613 -0.0063612146 0.99838324 -0.056484074 -6.0192632 0.75660121 0.041738679 0.65254314 81.358187
0.64649453 -0.042237542 -0.76174849 -51.007472 -0.0012337467 0.9984071 -0.056406902 -6.1028822 0.76291766 0.037406558 0.64541262 82.11071
0.63826104 -0.045696172 -0.76846252 -51.919276 0.0033626677 0.99839264 -0.056575904 -6.1882357 0.76981269 0.033526111 0.63738879 82.865814
0.63097724 -0.045970981 -0.77443808 -52.847532 0.0041842727 0.99842995 -0.055858079 -6.2772635 0.77579009 0.032004716 0.63017893 83.62169
0.62165267 -0.046086534 -0.78193602 -53.800949 0.0073169068 0.99856572 -0.053037406 -6.3498669 0.78325888 0.027249492 0.62109826 84.383244
0.61409546 -0.043068047 -0.78805575 -54.777262 0.0025088874 0.99861145 -0.05262007 -6.4447522 0.7892278 0.030336603 0.61335081 85.134183
0.60490785 -0.046278587 -0.79494952 -55.744203 0.0046696323 0.99849875 -0.054575055 -6.5100337 0.79628182 0.029300757 0.60421584 85.83715
0.59541919 -0.048949709 -0.8019226 -56.746844 0.0058680866 0.99838056 -0.056584596 -6.6010141 0.80339381 0.028985803 0.59474219 86.560067
0.58523099 -0.049524616 -0.80935279 -57.760377 0.0043367249 0.99831 -0.057951159 -6.6830226 0.81085507 0.030404874 0.58445672 87.286677
0.57526072 -0.051020652 -0.81637732 -58.747599 0.0080955582 0.99835905 -0.056689317 -6.7704275 0.81793008 0.026002107 0.57472979 87.960253
0.56534663 -0.05104151 -0.82327268 -59.764608 0.0094804022 0.99841978 -0.05539008 -6.8581551 0.82479899 0.023509639 0.56493715 88.679828
0.55401112 -0.052097799 -0.83087751 -60.810783 0.010725898 0.99840384 -0.055450262 -6.9428392 0.83244021 0.021808154 0.55368562 89.364514
0.54475298 -0.052568648 -0.83694723 -61.846786 0.0084266637 0.99832602 -0.057220094 -7.0272071 0.83855426 0.024118144 0.54428405 90.002767
0.53386386 -0.052946663 -0.84391111 -62.910201 0.0069119262 0.99827757 -0.058259024 -7.1188388 0.84554223 0.025269336 0.53331028 90.664535
0.52547144 -0.053825395 -0.8491069 -63.979919 0.0058994038 0.99820336 -0.059625851 -7.2058677 0.85079083 0.026322457 0.52484489 91.32315
0.51645505 -0.053822856 -0.85462109 -65.078187 0.0048353385 0.99819011 -0.059942597 -7.2991842 0.85630068 0.026825275 0.51578058 91.965044
0.50890392 -0.051983176 -0.85925228 -66.127291 0.0042439671 0.99831437 -0.057882627 -7.3835896 0.8608129 0.025810057 0.50826671 92.576567
0.49952117 -0.0502183 -0.86484487 -67.205316 0.0045359992 0.99845634 -0.055356693 -7.4751453 0.86628984 0.023728904 0.49897787 93.203386
0.49212756 -0.051099507 -0.869022 -68.356881 0.0061428373 0.99845467 -0.055231607 -7.5597457 0.87050146 0.021842735 0.49168096 93.841685
0.48682192 -0.054573227 -0.87179477 -69.429604 0.0079261298 0.99828134 -0.058065065 -7.6490522 0.87346532 0.021357388 0.48641779 94.430379
0.47895487 -0.057416253 -0.87595978 -70.565254 0.0093074302 0.99813477 -0.060335326 -7.7460628 0.87779022 0.020744964 0.47859591 95.029843
0.47402353 -0.06017108 -0.87845379 -71.713447 0.010722296 0.99798282 -0.062572538 -7.8404021 0.88044693 0.020241814 0.47371251 95.647792
0.46727087 -0.063536424 -0.88182821 -72.811458 0.012124375 0.99778112 -0.065466353 -7.9475675 0.88403111 0.019898904 0.46700439 96.230937
0.46367937 -0.064017301 -0.88368725 -73.947257 0.014337492 0.99779781 -0.064760834 -8.0447985 0.88588709 0.017358403 0.46357611 96.814085
0.4601722 -0.062287493 -0.885642 -75.046334 0.016577617 0.99796487 -0.061573606 -8.1453227 0.88767494 0.013652627 0.46026826 97.402122
0.45593164 -0.060714635 -0.88794144 -76.178029 0.020060341 0.99811805 -0.057947773 -8.2439337 0.88978873 0.0086078143 0.45629155 97.980318
0.45436028 -0.061534271 -0.88869016 -77.241989 0.023186597 0.99809032 -0.057254703 -8.3350394 0.89051624 0.0054085618 0.45491937 98.502791
0.45058329 -0.059539821 -0.89074668 -78.379052 0.021920069 0.99821054 -0.055634741 -8.4274928 0.89246528 0.0055428553 0.4510821 99.093499
0.44768638 -0.058790318 -0.89225587 -79.529931 0.023654662 0.99826576 -0.053906613 -8.5225804 0.89387775 0.0030272453 0.44830065 99.635409
0.44588392 -0.0591517 -0.89313411 -80.629231 0.026507304 0.998249 -0.052880015 -8.6107857 0.89469825 -9.6229795e-05 0.44667113 100.18624
0.44371886 -0.059708797 -0.89417469 -81.742306 0.028626774 0.99821313 -0.052450452 -8.7072679 0.89570874 -0.0023240823 0.44463526 100.75042
0.44073374 -0.060069021 -0.89562571 -82.814834 0.030876383 0.99818247 -0.051753294 -8.7902741 0.89710673 -0.00484426 0.44178741 101.25799
0.43804453 -0.059061943 -0.89701093 -83.892368 0.033548221 0.99821831 -0.049342876 -8.8735349 0.8983271 -0.0084787448 0.4392455 101.80611
0.43725603 -0.060103225 -0.89732642 -84.986463 0.038779786 0.99809637 -0.047955923 -8.9616554 0.89850062 -0.013829111 0.43875445 102.3111
0.43378125 -0.060756431 -0.89896742 -86.039636 0.040688977 0.998027 -0.047817577 -9.0433341 0.90009905 -0.015835697 0.43539752 102.82074
0.43222774 -0.060740661 -0.89971644 -87.149742 0.039770762 0.9980421 -0.048272665 -9.1280369 0.90088708 -0.014917624 0.43379719 103.32268
0.43144216 -0.063482674 -0.89990418 -88.192841 0.042515025 0.99784348 -0.050008656 -9.2159991 0.90113828 -0.016683607 0.43321072 103.85419
0.43274103 -0.063422315 -0.89928457 -89.243808 0.03999359 0.99789082 -0.0511314 -9.2988744 0.90063077 -0.013838964 0.43436479 104.355
0.43494813 -0.062544425 -0.89828072 -90.266075 0.036374372 0.99799096 -0.051874436 -9.376959 0.89972057 -0.010111709 0.43634932 104.81013
0.44037729 -0.062517924 -0.89563345 -91.299043 0.034903956 0.99801064 -0.052502108 -9.4627625 0.89713411 -0.0081404152 0.44168335 105.3137
0.44470271 -0.062316418 -0.89350775 -92.310476 0.032038757 0.99804508 -0.053661396 -9.5428677 0.89510507 -0.0047635102 0.44582989 105.80145
0.44990217 -0.06272858 -0.8908721 -93.27174 0.032557684 0.99801915 -0.053831018 -9.6250354 0.89248423 -0.0047860407 0.45105328 106.30471
0.45763803 -0.062091443 -0.88696788 -94.301421 0.03189024 0.99806307 -0.05341455 -9.7054916 0.88856655 -0.0038410901 0.45873173 106.78915
0.46580005 -0.061336011 -0.88276165 -95.26721 0.031474711 0.99811199 -0.052742761 -9.7839951 0.8843301 -0.0032170877 0.46685115 107.31612
0.47481401 -0.060235639 -0.87802235 -96.248631 0.029952191 0.9981831 -0.052281673 -9.8660814 0.87957637 -0.0014746227 0.47575551 107.84123
0.48425782 -0.060459833 -0.87283384 -97.225332 0.030745584 0.99816933 -0.052083638 -9.9474484 0.87438501 -0.0016138774 0.48523017 108.39488
0.49361956 -0.061445162 -0.86750456 -98.179414 0.030430113 0.99811046 -0.053380884 -10.020971 0.86914544 -4.84146e-05 0.49455663 108.89688
0.50434971 -0.062618476 -0.86122601 -99.134388 0.028314867 0.99803011 -0.055983597 -10.102828 0.86303517 0.0038498099 0.50512923 109.43979
0.51548017 -0.062554915 -0.85461512 -100.04885 0.025357798 0.99800865 -0.057755711 -10.179905 0.85652626 0.008100766 0.51603993 109.97897
0.52775465 -0.06083255 -0.84721566 -100.97667 0.02317105 0.99809198 -0.057232006 -10.262282 0.84908079 0.01057358 0.52815724 110.56948
0.54047392 -0.05819334 -0.83934583 -101.90817 0.020754041 0.99822375 -0.055844629 -10.339346 0.84110479 0.012762747 0.54072165 111.13586
0.55294594 -0.056791746 -0.83127939 -102.84565 0.021340408 0.99831243 -0.054008093 -10.419258 0.83294384 0.012123714 0.55322477 111.75254
0.56440957 -0.05560351 -0.82362008 -103.70397 0.021137626 0.99837522 -0.052916252 -10.496792 0.82522427 0.012457065 0.56466785 112.33604
0.5760331 -0.055671763 -0.81552833 -104.55408 0.020595138 0.99834981 -0.053605021 -10.572246 0.81716691 0.014082348 0.57622911 112.91649
0.58737564 -0.056600603 -0.80733275 -105.39849 0.020984741 0.99828119 -0.054720178 -10.652744 0.80904237 0.01519963 0.5875538 113.5488
0.59884049 -0.060832776 -0.79855456 -106.24904 0.026869962 0.99807575 -0.055882091 -10.734099 0.80041747 0.012007328 0.59932275 114.18254
0.60823678 -0.056260893 -0.79175923 -107.0637 0.02012183 0.99825722 -0.055476468 -10.799906 0.79350059 0.017811184 0.60830883 114.82843
0.62004076 -0.056931315 -0.78250127 -107.89205 0.023633203 0.99826647 -0.053902883 -10.886382 0.78421361 0.014928973 0.62031137 115.44119
0.62687397 -0.054058187 -0.777243 -108.66066 0.023260084 0.9984439 -0.050682896 -10.950764 0.77877342 0.01369305 0.62715589 116.06987
0.63883861 -0.052461512 -0.76754998 -109.45693 0.022358515 0.99851695 -0.049638755 -11.027141 0.76901585 0.014549875 0.63906414 116.74763
0.64692415 -0.05204282 -0.76077634 -110.21393 0.020837955 0.99850232 -0.050585564 -11.100473 0.76226962 0.016872 0.64703973 117.3725
0.65722927 -0.051314819 -0.75194177 -110.96922 0.01866637 0.99848175 -0.05182426 -11.168512 0.75345955 0.020024398 0.6571893 118.01152
0.66715146 -0.050594662 -0.7432019 -111.71066 0.018338237 0.99850394 -0.051513038 -11.241519 0.74469637 0.020737985 0.66708118 118.67316
0.67502646 -0.049052015 -0.73616108 -112.40831 0.018403822 0.99859645 -0.049663182 -11.309241 0.73756398 0.019975785 0.67498177 119.33566
0.68365635 -0.047849342 -0.72823375 -113.12989 0.019221789 0.99868274 -0.047574304 -11.371079 0.72955093 0.018526519 0.68367555 120.00068
0.69243452 -0.047143807 -0.71993878 -113.83264 0.019515036 0.99872159 -0.046629873 -11.447411 0.72121678 0.018238502 0.69246932 120.67165
0.69902592 -0.046216017 -0.71360129 -114.51479 0.018438141 0.99874244 -0.046621496 -11.508421 0.71485862 0.019432152 0.69899899 121.3162
0.707692 -0.044807426 -0.70509877 -115.16385 0.017516921 0.99879292 -0.045889677 -11.572394 0.70630392 0.020124598 0.70762265 121.98938
0.71385885 -0.042970426 -0.69896999 -115.84846 0.017706425 0.99890408 -0.043325817 -11.630306 0.70006576 0.018552258 0.71383737 122.66829
0.72131885 -0.040456164 -0.69142055 -116.4939 0.016692578 0.99901806 -0.041039809 -11.691264 0.69240199 0.018061196 0.72128588 123.33438
0.72969233 -0.038504595 -0.6826906 -117.14694 0.01534109 0.99908381 -0.039952275 -11.74542 0.68360354 0.01867965 0.7296145 123.99422
0.7362941 -0.037791814 -0.67560546 -117.7448 0.015112677 0.99910853 -0.039417606 -11.806644 0.6764929 0.018812744 0.73620886 124.65206
0.74370219 -0.034724657 -0.66760858 -118.35983 0.01214572 0.99918705 -0.038441132 -11.855395 0.66840076 0.020480166 0.74351935 125.31511
0.75371429 -0.032630609 -0.65639163 -118.93587 0.012441927 0.99929611 -0.035390431 -11.908894 0.65708447 0.018507497 0.75358975 125.96654
0.76254567 -0.028829316 -0.64629168 -119.50155 0.010339458 0.99942208 -0.0323822 -11.955843 0.64685178 0.018010601 0.76240306 126.64192
0.77294193 -0.026355275 -0.63392913 -120.05697 0.0084607849 0.99947621 -0.031236576 -12.003883 0.63442038 0.018780521 0.77276006 127.2981
0.78134197 -0.02579927 -0.62356963 -120.58433 0.0074284481 0.99945888 -0.032043176 -12.048936 0.62405895 0.020404524 0.78111082 127.99862
0.79191538 -0.026231013 -0.61006716 -121.10977 0.0073972785 0.99941571 -0.033369552 -12.099121 0.61058607 0.021913025 0.79164671 128.67103
0.8012035 -0.025341031 -0.59785512 -121.59465 0.0067457386 0.99942191 -0.033321906 -12.140541 0.59835397 0.022664654 0.80091128 129.32964
0.81109748 -0.024144168 -0.58441245 -122.12102 0.0067010926 0.99946569 -0.031991154 -12.182001 0.58487264 0.022031742 0.81082589 130.03486
0.82094695 -0.022246249 -0.57057093 -122.60325 0.0067353407 0.99954853 -0.029280931 -12.221733 0.57096477 0.020195102 0.82072615 130.72382
0.82988193 -0.021051967 -0.55754171 -123.06312 0.0071686394 0.99960774 -0.027073463 -12.262271 0.55789301 0.018470962 0.82970732 131.41676
0.83888655 -0.019602814 -0.54395318 -123.52775 0.007735 0.9996797 -0.024097198 -12.301955 0.54425137 0.016007337 0.83876948 132.13399
0.84682691 -0.019238842 -0.53152048 -123.98303 0.0087825336 0.99971513 -0.022193079 -12.332877 0.53179608 0.0141256 0.84675464 132.84491
0.85328503 -0.019393296 -0.52108399 -124.40362 0.009933321 0.99973136 -0.020941217 -12.367118 0.52135017 0.012692732 0.85324845 133.56073
0.86024632 -0.019312578 -0.50951277 -124.81821 0.010379011 0.99973863 -0.020370489 -12.400992 0.50977305 0.0122354 0.86022192 134.26856
0.86662361 -0.018534801 -0.49861805 -125.25786 0.0098273994 0.99975003 -0.020082531 -12.43039 0.49886568 0.012503876 0.86658913 135.00953
0.87243192 -0.016738674 -0.48844891 -125.64731 0.0082780174 0.99977606 -0.019475772 -12.4634 0.48866557 0.012947897 0.87237511 135.74593
0.87878021 -0.015629685 -0.47697069 -126.05799 0.0076174382 0.99979561 -0.018727433 -12.489131 0.47716594 0.012824003 0.87871965 136.50027
0.88407478 -0.016311762 -0.46706069 -126.46519 0.00835002 0.99978249 -0.019111377 -12.520661 0.46727088 0.01299592 0.88401869 137.23814
0.88942206 -0.017273827 -0.45676032 -126.86417 0.0092176104 0.99976028 -0.019860177 -12.5508 0.45699393 0.01345384 0.88936807 138.00083
0.89379848 -0.017990866 -0.44810778 -127.24842 0.010037021 0.99974722 -0.020118472 -12.584509 0.4483565 0.013484192 0.89375312 138.76647
0.89678026 -0.017141639 -0.442144 -127.62648 0.0093691902 0.99976091 -0.019756994 -12.613241 0.44237699 0.013575151 0.89672645 139.56716
0.8998589 -0.015465208 -0.43590684 -128.02069 0.0092761614 0.99982374 -0.016322861 -12.647208 0.43608248 0.010644729 0.89984375 140.33429
0.90298913 -0.011794885 -0.42950146 -128.41844 0.0070903956 0.99989608 -0.012552016 -12.670611 0.42960491 0.0082889989 0.90297892 141.16457
0.90662072 -0.0088422925 -0.42185385 -128.80311 0.0053535232 0.99994098 -0.0094538808 -12.690152 0.42191258 0.0063126797 0.90661455 141.96196
0.90967206 -0.0066523783 -0.41527397 -129.19431 0.0038951285 0.99996439 -0.0074862678 -12.710651 0.41530902 0.005192503 0.90966558 142.78892
0.91236199 -0.0046390282 -0.40935811 -129.57647 0.0027669058 0.99998283 -0.0051654749 -12.723748 0.40937508 0.0035801274 0.91235916 143.64203
0.91539224 -0.003445754 -0.40254832 -129.97135 0.0026031177 0.99999313 -0.0026403209 -12.746378 0.40255469 0.0013690483 0.91539492 144.49564
0.91914595 -0.0033022465 -0.39390329 -130.32784 0.0033832416 0.99999416 -0.0004887867 -12.759783 0.39390263 -0.00088340402 0.91915175 145.38156
0.92218301 -0.0034383321 -0.38673849 -130.71861 0.0039500919 0.99999206 0.00052852914 -12.778081 0.38673363 -0.0020150535 0.92218927 146.25558
0.92589708 -0.0045430876 -0.37774851 -131.07828 0.0050397308 0.99998725 0.00032625407 -12.775218 0.37774225 -0.0022058288 0.92590817 147.16024
0.92970525 -0.0067151404 -0.36824318 -131.42683 0.0073179423 0.99997319 0.00024051653 -12.807855 0.36823172 -0.0029183922 0.92972947 148.09256
0.93333475 -0.0083498843 -0.35891016 -131.80687 0.008577974 0.99996275 -0.00095693186 -12.810396 0.35890481 -0.0021855846 0.93337161 149.02528
0.93769055 -0.0092267775 -0.34734893 -132.15753 0.0088644673 0.99995725 -0.0026320978 -12.835376 0.3473584 -0.00061097029 0.93773225 149.964
0.94283777 -0.007689848 -0.33316331 -132.50906 0.0068164337 0.99996958 -0.0037904036 -12.849197 0.33318236 0.0013027498 0.94286151 150.93943
0.94820823 -0.0042510928 -0.31762097 -132.8714 0.003599363 0.99999004 -0.0026386958 -12.866339 0.31762905 0.0013587997 0.94821408 151.92275
0.95416125 -0.00039593394 -0.29929273 -133.17538 0.00053627246 0.99999978 0.00038676669 -12.871253 0.29929254 -0.00052954049 0.95416126 152.91757
0.9602552 0.0022891051 -0.27911413 -133.48969 -0.0017982528 0.99999635 0.0020146427 -12.887226 0.27911775 -0.0014326537 0.96025582 153.9459
0.96631764 0.0043550311 -0.25731544 -133.77264 -0.0036501966 0.99998816 0.0032167921 -12.907399 0.25732643 -0.0021691913 0.9663221 154.97769
0.97170559 0.0055412571 -0.23613032 -134.02661 -0.0046723309 0.9999801 0.0042392562 -12.906017 0.23614913 -0.0030160302 0.97171215 156.02861
0.97667703 0.0062086333 -0.21462394 -134.26334 -0.0048580905 0.99996495 0.0068195119 -12.928511 0.21465878 -0.0056177984 0.97667295 157.10515
0.98131502 0.0080973013 -0.19223753 -134.49537 -0.0062231443 0.99992706 0.010350976 -12.925087 0.19230734 -0.0089612463 0.98129383 158.18533
0.98549118 0.009916094 -0.16943674 -134.68633 -0.007511986 0.9998619 0.014823993 -12.932547 0.16956035 -0.013336109 0.98542957 159.30131
0.98922163 0.011645306 -0.14596213 -134.86568 -0.0090835981 0.99979302 0.018204752 -12.9238 0.14614393 -0.016682673 0.98912266 160.43712
0.99211559 0.01309746 -0.12463989 -135.01508 -0.010917633 0.99977556 0.018156037 -12.924016 0.12484972 -0.016652115 0.99203591 161.56777
0.99459051 0.013282895 -0.1030208 -135.14107 -0.011670189 0.9998 0.016241185 -12.925595 0.10321594 -0.014951057 0.9945466 162.70344
0.99665153 0.013156648 -0.080700807 -135.25349 -0.011967942 0.99981291 0.015195884 -12.916894 0.080885643 -0.014179179 0.99662253 163.89235
0.99802318 0.011789742 -0.061731162 -135.3224 -0.010757148 0.99979706 0.017033001 -12.916289 0.061919454 -0.016335279 0.99794746 165.05029
0.99907052 0.012382069 -0.041289095 -135.3846 -0.011603688 0.99975141 0.01903865 -12.913458 0.041514573 -0.018541848 0.99896584 166.23567
0.99971961 0.012697173 -0.019986886 -135.40986 -0.012294768 0.99972179 0.020129242 -12.90691 0.020236912 -0.019877864 0.99959759 167.47777
0.99990206 0.013994893 -0.00014144813 -135.42859 -0.013988921 0.99968562 0.020807809 -12.898701 0.00043260676 -0.020803792 0.99978348 168.66827
0.99965308 0.014381638 0.022065362 -135.43434 -0.014852943 0.99966181 0.021346315 -12.891197 -0.021750907 -0.021666646 0.99952862 169.91164
0.99899592 0.016268098 0.041743321 -135.38917 -0.017145029 0.99963796 0.020736345 -12.880643 -0.041390871 -0.021431215 0.99891316 171.13311
0.99791285 0.017401816 0.062186172 -135.32748 -0.018665701 0.99962968 0.019801343 -12.868931 -0.061818569 -0.020920764 0.99786812 172.35752
0.99649186 0.017609046 0.081816164 -135.24124 -0.019119363 0.99966029 0.017713179 -12.864566 -0.081476465 -0.019215312 0.99649002 173.67895
0.99479576 0.019554972 0.099994974 -135.11177 -0.021147855 0.99966541 0.014894417 -12.864375 -0.099670265 -0.016931582 0.99487645 174.93208
0.99273796 0.020099615 0.11860582 -134.97376 -0.021805651 0.99967635 0.013103796 -12.859733 -0.11830406 -0.015594913 0.99285495 176.22182
0.99017646 0.020069488 0.13837556 -134.80426 -0.021727166 0.99970901 0.0104793 -12.869736 -0.13812499 -0.013382865 0.99032439 177.5277
0.98752107 0.021366434 0.15603079 -134.62032 -0.02246983 0.99973341 0.0053110701 -12.873802 -0.15587573 -0.008750779 0.98773791 178.78707
0.98438753 0.022767612 0.174536 -134.39791 -0.022932075 0.99973645 -0.0010746461 -12.894602 -0.17451448 -0.0029446044 0.98465021 180.07919
0.98134915 0.025222305 0.19057198 -134.15854 -0.024434032 0.99968041 -0.0064853636 -12.904352 -0.19067467 0.0017079642 0.9816518 181.40067
0.9776654 0.027326102 0.20838343 -133.88811 -0.025714126 0.99961481 -0.010441171 -12.94105 -0.2085885 0.0048495741 0.97799147 182.70695
0.97353372 0.029492915 0.22663245 -133.6054 -0.027240002 0.99954357 -0.013062538 -12.968038 -0.22691428 0.0065433527 0.97389275 184.03445
0.96949901 0.029053909 0.24336709 -133.29397 -0.026710836 0.99955967 -0.012922817 -13.007112 -0.24363541 0.0060281205 0.96984816 185.35756
0.96509678 0.027860812 0.26040734 -132.94973 -0.025158741 0.99958953 -0.01370452 -13.040559 -0.26068229 0.0066746676 0.96540157 186.69028
0.9600713 0.027675718 0.27838308 -132.56943 -0.023542205 0.99955751 -0.018180981 -13.096992 -0.2787631 0.010901287 0.96029803 188.04336
0.95539953 0.028976654 0.29389129 -132.17583 -0.023310785 0.99946906 -0.022764056 -13.146039 -0.29439491 0.014897932 0.95556774 189.38173
0.95027689 0.031267599 0.30983248 -131.76474 -0.025361295 0.99941203 -0.023073642 -13.181173 -0.31037179 0.014068596 0.95051114 190.69884
0.94439826 0.033136184 0.32712979 -131.30855 -0.026995517 0.99936408 -0.023295323 -13.242687 -0.32769371 0.013169025 0.94469223 192.06183
0.93799027 0.037063698 0.34467453 -130.85079 -0.029778172 0.99920758 -0.026409533 -13.285013 -0.34538027 0.014508108 0.93835068 193.39379
0.93149376 0.038150143 0.36175121 -130.34842 -0.029226017 0.9991192 -0.030110996 -13.35157 -0.36258135 0.017475658 0.93178827 194.73955
0.9247918 0.038998668 0.37846956 -129.81163 -0.02865507 0.99904693 -0.0329261 -13.410629 -0.37939296 0.019604716 0.92502792 196.12109
0.91716691 0.039245223 0.39656608 -129.25295 -0.026407346 0.99893697 -0.037783267 -13.488705 -0.39762737 0.024181306 0.9172283 197.42987
0.90899159 0.042520041 0.41464 -128.69134 -0.027021219 0.99870197 -0.043176706 -13.575015 -0.41593769 0.028043185 0.90896063 198.71988
0.89883995 0.046265556 0.4358282 -128.06778 -0.02860205 0.998485 -0.047006597 -13.656918 -0.43734275 0.029785828 0.8988015 200.05837
0.88666567 0.048854039 0.45982306 -127.42449 -0.029852507 0.99837654 -0.048508951 -13.736663 -0.46144645 0.029284352 0.88668462 201.38307
0.87422855 0.053049915 0.48260763 -126.74838 -0.032673761 0.99818759 -0.050536775 -13.831012 -0.48441396 0.028412086 0.87437743 202.6745
0.85943222 0.057547089 0.50800056 -126.01816 -0.035035435 0.99793824 -0.053775257 -13.928718 -0.51004784 0.028418169 0.85967647 203.98126
0.8440174 0.061308744 0.5328 -125.27171 -0.036644143 0.99771529 -0.056757465 -14.039925 -0.53506248 0.02838029 0.84433567 205.22882
0.82935915 0.062880677 0.5551661 -124.45248 -0.036124492 0.99760255 -0.059026924 -14.141749 -0.55754681 0.028899427 0.82964233 206.49658
0.81317371 0.063916356 0.57850081 -123.62324 -0.035049955 0.99752557 -0.060944597 -14.252475 -0.58096475 0.029282118 0.81340183 207.72367
0.79706071 0.066358658 0.60024222 -122.74938 -0.033409483 0.99726764 -0.065886663 -14.375418 -0.60297434 0.032461889 0.79709987 208.94329
0.78022744 0.068744812 0.62170673 -121.81832 -0.0313662 0.99699172 -0.070877855 -14.503591 -0.624709 0.035800271 0.78003656 210.14549
0.7634275 0.07050177 0.6420342 -120.87776 -0.029520349 0.99679472 -0.07435608 -14.628811 -0.64521859 0.037812404 0.76306175 211.29517
0.74730087 0.072322623 0.66053827 -119.88909 -0.027983742 0.99660273 -0.077459023 -14.768896 -0.66389634 0.039400864 0.74678595 212.45501
0.73105245 0.072916642 0.67841391 -118.881 -0.025964862 0.99652624 -0.0791282 -14.908835 -0.68182709 0.040231942 0.73040622 213.58318
0.71555442 0.073455631 0.69468417 -117.84787 -0.024077284 0.99645855 -0.080564503 -15.052855 -0.69814196 0.040922179 0.71478894 214.71795
0.70068473 0.074100064 0.7096126 -116.77295 -0.021320103 0.99632251 -0.08298738 -15.201229 -0.71315244 0.043018978 0.69968779 215.78125
0.68521483 0.075415066 0.72442609 -115.71076 -0.018308713 0.99609411 -0.086378862 -15.345426 -0.72811089 0.04592477 0.68391921 216.81929
0.67084789 0.078079637 0.73747314 -114.58745 -0.016365563 0.99575849 -0.090538425 -15.511172 -0.74141441 0.048668351 0.6692803 217.8643
0.65632532 0.079824425 0.75024335 -113.45981 -0.014877302 0.99556326 -0.092911071 -15.657116 -0.75433135 0.049818293 0.65460094 218.87486
0.64020252 0.081086656 0.76391468 -112.31014 -0.014082535 0.99548532 -0.093865065 -15.834707 -0.76807712 0.049334798 0.63845412 219.88159
0.62385853 0.082119405 0.77721097 -111.13365 -0.014302946 0.99549749 -0.093702546 -16.002884 -0.78140643 0.047340728 0.62222415 220.85045
0.60645692 0.083594318 0.79070977 -109.9465 -0.016920262 0.99558962 -0.092276871 -16.174193 -0.79493633 0.042582931 0.60519665 221.80568
0.58805523 0.083978652 0.80444924 -108.74932 -0.018737617 0.99574276 -0.09025104 -16.330243 -0.80860374 0.037999135 0.5871253 222.70325
0.57069968 0.085692953 0.81667529 -107.52587 -0.021132187 0.99574326 -0.089715029 -16.497866 -0.82088693 0.033942205 0.57008124 223.58759
0.55254407 0.089190317 0.82869782 -106.3058 -0.022846431 0.99550518 -0.091910175 -16.674628 -0.83317054 0.031851636 0.55209816 224.43546
0.53453232 0.092386988 0.8400832 -105.0736 -0.025026936 0.99530161 -0.093532653 -16.840711 -0.84477743 0.028971519 0.53433304 225.24251
0.51494939 0.092680481 0.85219563 -103.83015 -0.025140872 0.99534334 -0.093056828 -17.014393 -0.85685187 0.026494617 0.51488151 226.04949
0.49370677 0.09200284 0.86474796 -102.60655 -0.026129004 0.99550832 -0.090997064 -17.181862 -0.86923585 0.022330864 0.49389313 226.79413
0.47250918 0.089642003 0.87675499 -101.34541 -0.025257225 0.99578253 -0.088199862 -17.340533 -0.8809638 0.019530848 0.4727805 227.49825
0.45086653 0.088554296 0.88818773 -100.07523 -0.025696291 0.99594178 -0.086253527 -17.503762 -0.89222146 0.016065699 0.45131233 228.17051
0.42898819 0.087278617 0.8990837 -98.81644 -0.024454829 0.99607858 -0.085026039 -17.653149 -0.90297905 0.014488229 0.42944033 228.79706
