1.000000000000000000e+00 -3.306050084167601550e-19 -2.270457535318767223e-19 -8.673617379884035472e-19 7.546676715296109287e-19 1.000000000000000000e+00 6.237773588823049983e-19 1.387778780781445676e-17 -3.447385680526250622e-20 4.770700176052009879e-20 1.000000000000000222e+00 5.551115123125782702e-17
9.998742261682285193e-01 1.674525465972986600e-03 1.577648169470891384e-02 -2.291226487090077590e+00 -1.645561354667658335e-03 9.999969106974051503e-01 -1.849590111099054350e-03 -2.525316321677384401e-02 -1.577953051418003877e-02 1.823402674770862025e-03 9.998738744640173204e-01 2.273717984725719177e+00
9.981428715762922232e-01 6.356383741313650394e-03 -6.058102378900421386e-02 -3.963641773461630713e+00 -6.337724540055583028e-03 9.999797828104994846e-01 5.001019863986099021e-04 -8.750224457576499804e-02 6.058298323453685519e-02 -1.151943898588378483e-04 9.981629629647404967e-01 3.600863915293327722e+00
9.996310918781944332e-01 1.116258324114707476e-02 -2.475704732168860014e-02 -5.234993161718408672e+00 -1.106373051226505234e-02 9.999302685256961087e-01 4.125308506181406092e-03 -1.118602408907794915e-01 2.480138809197975081e-02 -3.849796341305066188e-03 9.996849388629248656e-01 4.198121802196816965e+00
9.977729128073512532e-01 8.014770574131380512e-03 -6.623493584553881430e-02 -6.082281759036407998e+00 -7.787083625125939927e-03 9.999628710393129172e-01 3.695578184594823946e-03 -9.762997926876086641e-02 6.626211239132183406e-02 -3.171698277678649744e-03 9.977982785388950226e-01 4.823130250506058481e+00
9.999332349999742187e-01 6.626813077500172573e-03 9.464049348715029494e-03 -6.159979774336616032e+00 -6.684905634714732696e-03 9.999588547075398681e-01 6.118105782693171110e-03 -1.176062205003511052e-01 -9.423106550487480790e-03 -6.180988483914503194e-03 9.999363681248224500e-01 5.463697240279825174e+00
9.957411281792210023e-01 6.710175830770047888e-03 9.192604713642663072e-02 -5.952891814045618624e+00 -7.563641884302494366e-03 9.999314081772225915e-01 8.933618239703965819e-03 -1.190651379900734552e-01 -9.185978038049502636e-02 -9.590955589858651473e-03 9.957235927748738780e-01 5.457446970829606059e+00
9.958585254423404365e-01 4.197033107640850413e-03 9.080299032253705271e-02 -6.032518815333168583e+00 -4.986564727321688741e-03 9.999516225293528793e-01 8.465522263923276960e-03 -1.184143671223534672e-01 -9.076307298080230068e-02 -8.883448223321889145e-03 9.958313138775195528e-01 5.846689450682966083e+00
9.831501821065290470e-01 6.864494116725904614e-03 1.826687674431577979e-01 -5.802166502345420973e+00 -9.279635284396991687e-03 9.998804150986378980e-01 1.237187965587950925e-02 -1.134850312063003519e-01 -1.825620033831871769e-01 -1.385842726693529287e-02 9.830963215875581085e-01 5.822006164221621205e+00
9.814649355570395084e-01 1.673822730317377694e-03 1.915901024395890995e-01 -5.902095106782960343e+00 -5.269319891582672014e-03 9.998194621912930291e-01 1.825744731876848687e-02 -1.121390709267322122e-01 -1.915250146800989983e-01 -1.892866079530308027e-02 9.812965215174148659e-01 6.346198150317357012e+00
9.604895041310159698e-01 -6.122117642743763431e-03 2.782245969043685707e-01 -5.634988508878081781e+00 -1.381832847290842894e-03 9.996407822717777725e-01 2.676128822226447185e-02 -1.251191116306988871e-01 -2.782884148761403109e-01 -2.608869961383263741e-02 9.601359842347186868e-01 6.298857543945454829e+00
9.557349097911425062e-01 -1.201636683132224596e-02 2.940254086793435695e-01 -5.665806845795112068e+00 3.356738990036970977e-03 9.995459946038440791e-01 2.993167899163833370e-02 -1.142786028425928913e-01 -2.942517388730241379e-01 -2.761959798725138054e-02 9.553413347178676407e-01 6.810992253412053721e+00
9.241578238501658715e-01 -1.362763656058168030e-02 3.817619182321677629e-01 -5.350381094691058159e+00 3.335609064819117209e-04 9.993918933267942339e-01 3.486692540661492229e-02 -1.250330195839652325e-01 -3.820048197506538123e-01 -3.209654401500608434e-02 9.236004893888970502e-01 6.809494063832884692e+00
9.148428775669708024e-01 -1.524324297542301206e-02 4.035442860277956845e-01 -5.401157747924997921e+00 -4.666302912734948487e-04 9.992466281421787944e-01 3.880139379567584118e-02 -9.406498406856962646e-02 -4.038317521528030918e-01 -3.568632242528405052e-02 9.141466569533567288e-01 7.290439480311794007e+00
8.743221467404834746e-01 -2.073358577235140388e-02 4.849743965468246154e-01 -5.009717734772378250e+00 -2.280606369758645324e-04 9.990695226463910394e-01 4.312640663434612331e-02 -1.028167787140478878e-01 -4.854174185369388161e-01 -3.781610341373396744e-02 8.735038226899994873e-01 7.321364709255417935e+00
8.433422472629967803e-01 -2.599626721674168708e-02 5.368955544360617393e-01 -4.927862217650595511e+00 1.754285207112408779e-03 9.989571908307237624e-01 4.561917132788989582e-02 -8.432779638878147577e-02 -5.375217799440471511e-01 -3.753252288607577397e-02 8.425082201017753958e-01 7.669547767102902647e+00
8.107566316260395034e-01 -3.138955082882775166e-02 5.845317391571074328e-01 -4.589941734814122043e+00 3.152208614073658769e-03 9.987808401076294640e-01 4.926520219445327392e-02 -8.338107353352665341e-02 -5.853656378220362111e-01 -3.809651309281048004e-02 8.098672614473312326e-01 7.769693349819092987e+00
7.756361004459514374e-01 -3.395001956397400433e-02 6.302581767772641452e-01 -4.342588487343966186e+00 3.927543309220659848e-03 9.987924689551420654e-01 4.896803683577111155e-02 -6.329522937799650362e-02 -6.311601092564346205e-01 -3.549939449640137495e-02 7.748332389942924614e-01 8.046984913540761397e+00
7.382293769531722560e-01 -3.744116260650182798e-02 6.734214979739342466e-01 -4.042175855320232714e+00 3.957265040580940259e-03 9.986815365257548649e-01 5.118327469875540853e-02 -5.145199915801457191e-02 -6.744499340859625436e-01 -3.511790454769034286e-02 7.374042529944617730e-01 8.261964741133054346e+00
6.976624649556187885e-01 -3.675502770088768384e-02 7.154232296980069794e-01 -3.739960130085536516e+00 -1.295954748140268906e-03 9.986166378727083792e-01 5.256645536675211977e-02 -2.236230178189840823e-02 -7.163659155974376747e-01 -3.759768058217688447e-02 6.966497955061763392e-01 8.515909805638452568e+00
6.591862011741064231e-01 -3.844842233886264921e-02 7.508571842029159171e-01 -3.394473042210783831e+00 -3.252894467433625324e-03 9.985368784398501729e-01 5.397591146368259374e-02 -1.346270523000750452e-02 -7.518338654287334277e-01 -3.802153783065977816e-02 6.580967202860984466e-01 8.762790826266996902e+00
6.209900964410121071e-01 -3.968520079452925869e-02 7.829342616892400741e-01 -3.052645926734909754e+00 -5.231428693981298415e-03 9.984852211489380069e-01 5.476026482764987519e-02 7.624441503910922568e-03 -7.839224211767683581e-01 -3.809222948402307685e-02 6.198419803455359478e-01 9.003053031454447463e+00
5.852091837307483724e-01 -4.256551797360325073e-02 8.097346169900350166e-01 -2.650678959692819525e+00 -6.304166162881280448e-03 9.983521433778183019e-01 5.705526414487751413e-02 2.599237919721383849e-02 -8.108283781452391148e-01 -3.849776265659580338e-02 5.839767197282864641e-01 9.231146038062913561e+00
5.497281745795149499e-01 -4.252331760161721236e-02 8.342228898405862347e-01 -2.243898768779149844e+00 -9.395629461732401405e-03 9.983254681769236916e-01 5.709433310459659933e-02 4.794676774504973149e-02 -8.352531969809976475e-01 -3.923068291982112488e-02 5.484081301622626414e-01 9.479628230412247447e+00
5.156947593466514324e-01 -4.209155068052806981e-02 8.558063782333421576e-01 -1.798700127794483183e+00 -1.026490671400116447e-02 9.984176043402449574e-01 5.528073744810991369e-02 7.128760654387318596e-02 -8.567784672448381933e-01 -3.730429486079423623e-02 5.144461289736261822e-01 9.712706274517978855e+00
4.836848185920215037e-01 -4.104048779423698223e-02 8.743692600391798075e-01 -1.316100784790027900e+00 -9.140501454183073624e-03 9.986087676063633012e-01 5.192939308146976574e-02 9.581085091572290324e-02 -8.752842716599279482e-01 -3.310958741925550813e-02 4.826366203388621767e-01 9.941395047883716529e+00
4.552290597710174080e-01 -4.043305667022024236e-02 8.894817616034290664e-01 -8.207489453701806159e-01 -6.912333713710524380e-03 9.987780050879889737e-01 4.893308602573152172e-02 1.198868998555135679e-01 -8.903730964588217889e-01 -2.843101817016812846e-02 4.543929342826869000e-01 1.016658796417882016e+01
4.309908898597120119e-01 -3.825893884755431767e-02 9.015854245815204671e-01 -2.886753960701524679e-01 -6.283051024268839109e-03 9.989491333208715407e-01 4.540752937663343480e-02 1.451199548454318866e-01 -9.023755155116575111e-01 -2.523227984203568752e-02 4.302978434595076118e-01 1.040316120599663208e+01
4.106748579325915083e-01 -3.824606772097131901e-02 9.110764432037005145e-01 2.805717367902780257e-01 -4.978854374211510309e-03 9.990107214499210908e-01 4.419765011472547717e-02 1.688435575330936023e-01 -9.118657002366777897e-01 -2.268701983078062062e-02 4.100783492692973153e-01 1.064373473850000629e+01
3.969097784337443646e-01 -3.857642848677760722e-02 9.168660488229068983e-01 8.481310219862981947e-01 -4.232665736485600842e-03 9.990291127172644670e-01 4.386175780700684451e-02 1.946246031050345993e-01 -9.176670695957027668e-01 -2.130470123945829228e-02 3.963607967113875752e-01 1.087738943828483684e+01
3.862162360747019574e-01 -4.034116995528717886e-02 9.216831176791456803e-01 1.449494614375327117e+00 -2.810148577174249960e-03 9.989869022637032359e-01 4.490812820392010851e-02 2.153247775809684628e-01 -9.225618796220157458e-01 -1.992441594505119443e-02 3.857117738854108913e-01 1.113346365206354349e+01
3.738164672910593289e-01 -4.256627798852163219e-02 9.264290676512262346e-01 2.079538246101066079e+00 -4.221214297798077907e-03 9.988577206410812481e-01 4.760410481155798873e-02 2.421110504202159397e-01 -9.273971095766215811e-01 -2.170368507373532721e-02 3.732100517414740359e-01 1.138120840253307264e+01
3.645568891590278970e-01 -4.394808401671303211e-02 9.302542114009403340e-01 2.736491256909185044e+00 -6.074339904291605786e-03 9.987522792141478867e-01 4.956243207532386175e-02 2.766440998275307983e-01 -9.312720011963453448e-01 -2.371817495465379511e-02 3.638349537505425890e-01 1.164375918808289612e+01
3.546968276699259404e-01 -4.587901642115710388e-02 9.339524967469823302e-01 3.412768032644726279e+00 -6.506415329764002331e-03 9.986501038979070932e-01 5.153505484628236044e-02 3.086626134944528421e-01 -9.350563262107388640e-01 -2.435527578658289866e-02 3.539194885581284367e-01 1.189526409605069013e+01
3.441653357036266181e-01 -4.796864412677952910e-02 9.376931906445137299e-01 4.112821488118037827e+00 -7.247923550263904620e-03 9.985289463307744917e-01 5.372688054504399374e-02 3.384538618408725053e-01 -9.388906913282258904e-01 -2.529597311412320332e-02 3.433108632769546475e-01 1.215130510674628006e+01
3.341560132239476122e-01 -4.972326915116662138e-02 9.411571792028377015e-01 4.837265322938185896e+00 -8.254012693919498059e-03 9.984145764510851118e-01 5.568725144687725059e-02 3.747625155021804821e-01 -9.424340446258460124e-01 -2.637506978968382973e-02 3.332161534890298871e-01 1.241431120360888762e+01
3.240751269542586077e-01 -5.125855103033396393e-02 9.446631877664873889e-01 5.575746287263609879e+00 -8.431796019128915548e-03 9.983352068955343439e-01 5.705395704225727643e-02 4.061524877295306091e-01 -9.460148034381781201e-01 -2.646013153315824804e-02 3.231029920798489941e-01 1.267359501393740651e+01
3.127451507436715405e-01 -5.443327767548190171e-02 9.482765327407608469e-01 6.334996748312763160e+00 -9.943380232781495395e-03 9.981142796529713923e-01 6.056849989830478953e-02 4.486581154626370083e-01 -9.497855287816745484e-01 -2.837072031205861364e-02 3.116140777229403080e-01 1.291932891023619590e+01
3.019471876549505440e-01 -5.750407832340677372e-02 9.515450561175543553e-01 7.103396962781228119e+00 -1.264177087237970849e-02 9.978497137363104841e-01 6.431756911661240528e-02 4.888266234862547743e-01 -9.531974009864337960e-01 -3.144981711209521996e-02 3.005710917251179226e-01 1.316708248780975410e+01
2.898738892696185454e-01 -6.110032787588916964e-02 9.550486929743036146e-01 7.887845307248601223e+00 -1.205199110644780865e-02 9.976473412654044415e-01 6.749633170011491712e-02 5.280666585493174470e-01 -9.569265045357098209e-01 -3.106590696368227711e-02 2.884562737183646308e-01 1.339888598903935879e+01
2.782874233253211371e-01 -6.309287656626144658e-02 9.585115113839512979e-01 8.672879668852599977e+00 -1.259847196743388471e-02 9.975151934487180849e-01 6.928679948453629611e-02 5.664528215417592438e-01 -9.605024269136515080e-01 -3.134952527205837197e-02 2.768003299842312082e-01 1.363384469739677129e+01
2.637925603976342681e-01 -6.424506701997027835e-02 9.624779489279179368e-01 9.468068047612948845e+00 -1.381182125416528621e-02 9.974250104046584742e-01 7.038638747935344053e-02 6.063663652104599455e-01 -9.645222370951301860e-01 -3.185259251422915827e-02 2.622267241272119298e-01 1.384794263540625536e+01
2.503097162428299938e-01 -6.371599288893622925e-02 9.660730734939364517e-01 1.027929665922554925e+01 -1.493221187903862740e-02 9.974593571539966952e-01 6.967821636510579397e-02 6.504608601693855352e-01 -9.680569303808997939e-01 -3.188117726796977497e-02 2.487223885954371605e-01 1.405919961060113721e+01
2.331565359102670265e-01 -6.339789447718736926e-02 9.702554025158365292e-01 1.108858367690859659e+01 -1.561606411071859990e-02 9.974998929256638780e-01 6.895788024232618607e-02 6.871117733271870920e-01 -9.721987422036422188e-01 -3.126149779203948875e-02 2.315834773558951287e-01 1.425238907725370296e+01
2.128439390556713662e-01 -6.134452197911270666e-02 9.751278122506011892e-01 1.190327240443726531e+01 -1.886672431264305519e-02 9.975840532435773511e-01 6.684895444737105896e-02 7.279472883869007038e-01 -9.768711397497787940e-01 -3.264880329022926825e-02 2.111712915151817138e-01 1.443521958571119868e+01
1.898551008320206734e-01 -6.010339827648326222e-02 9.799603940492916943e-01 1.272548978441724543e+01 -2.268662830126797966e-02 9.975904197961148467e-01 6.556849452344393203e-02 7.698633530897799337e-01 -9.815375230606899759e-01 -3.471571732955863743e-02 1.880330152624438145e-01 1.459538015190177340e+01
1.579623290408385949e-01 -5.983599227182725272e-02 9.856021604185299934e-01 1.356156612880343992e+01 -2.632633591726874639e-02 9.975521151184673085e-01 6.477659932412258015e-02 8.083802234631813910e-01 -9.870657227543823131e-01 -3.617551847885167038e-02 1.560004698764914377e-01 1.471989727784030499e+01
1.247713420739279683e-01 -5.985942931154348418e-02 9.903583210389466096e-01 1.441396190826952939e+01 -2.972640464067561814e-02 9.975050284452452454e-01 6.402091162739793895e-02 8.491759295830707543e-01 -9.917190896059623340e-01 -3.743701970044385069e-02 1.226802942218661596e-01 1.483159722684379211e+01
9.169787388387269644e-02 -5.900030618021686463e-02 9.939950686771089616e-01 1.524704805008153485e+01 -3.117351899279342808e-02 9.975842091358841923e-01 6.209060291089525674e-02 8.855054832516157104e-01 -9.952548171723012427e-01 -3.671613389877458750e-02 8.963662882134960930e-02 1.490172950946530328e+01
5.816503567118651991e-02 -5.853559140821504997e-02 9.965810337059449742e-01 1.611411067791722829e+01 -3.180474364606927090e-02 9.976638013867751287e-01 6.047203378556298414e-02 9.206828266534106131e-01 -9.977925938208956902e-01 -3.521422788825397804e-02 5.616770187913023432e-02 1.493533764472514136e+01
2.408642477062127724e-02 -5.615578659125593231e-02 9.981385019292335903e-01 1.696968109390055446e+01 -3.394593446484762966e-02 9.977992440078796710e-01 5.695114790847320002e-02 9.456237450342533934e-01 -9.991408971122647253e-01 -3.523901571773263575e-02 2.212728940538372102e-02 1.495672430797207575e+01
-7.931468741647003037e-03 -5.365167774897899172e-02 9.985305523353288359e-01 1.782980912271212404e+01 -3.712865176078997131e-02 9.978869026451877566e-01 5.332351347587307305e-02 9.839975994998805264e-01 -9.992803761884813118e-01 -3.667455487617188314e-02 -9.906808173562618725e-03 1.494630840975298725e+01
-4.291787370895577131e-02 -5.033419223367498196e-02 9.978276809394381885e-01 1.869637728792451270e+01 -3.338918937593765568e-02 9.982444651933911617e-01 4.890915200737704083e-02 1.005827336269358385e+00 -9.985375717574885845e-01 -3.122054044701118303e-02 -4.452327718604397883e-02 1.490468401231159845e+01
-7.490430335023237629e-02 -4.478864704145955195e-02 9.962172524349427460e-01 1.954907223170251385e+01 -2.889655203143555104e-02 9.986685817428981871e-01 4.274834800160159237e-02 1.024030298681187334e+00 -9.968051001283018131e-01 -2.559889335701149432e-02 -7.609879712330605561e-02 1.482473945874104082e+01
-1.052097011408402033e-01 -3.916957857895892597e-02 9.937463452835383348e-01 2.041361956181113868e+01 -2.210271210634702152e-02 9.990692434992490822e-01 3.705043521674749457e-02 1.042920231580960921e+00 -9.942722401750778705e-01 -1.808024634858396498e-02 -1.059776464586361655e-01 1.472514431993142914e+01
-1.316633536457048337e-01 -3.516820462865741237e-02 9.907069761740741054e-01 2.125817833174093607e+01 -1.674343085600308798e-02 9.993069179607100283e-01 3.324705380395503312e-02 1.051982365517181384e+00 -9.911894707276579508e-01 -1.221668830561327759e-02 -1.321609759046276367e-01 1.460470930454814642e+01
-1.624945508876719791e-01 -2.986584318829348800e-02 9.863229578512667794e-01 2.210846418710298522e+01 -8.917546097806075892e-03 9.995455184569904672e-01 2.880210512589321398e-02 1.066671535687203187e+00 -9.867348220918252810e-01 -4.123356299811153231e-03 -1.626871011209160833e-01 1.444251483364766564e+01
-1.899410868888277704e-01 -1.997742761360088784e-02 9.816649565602286742e-01 2.294910712439760658e+01 -2.571756238794884169e-03 9.997997669573976953e-01 1.985104162359905416e-02 1.059868552365791583e+00 -9.818649989912138221e-01 1.240618490879476796e-03 -1.899544450631912018e-01 1.426861114141753895e+01
-2.154518145794643291e-01 -4.603013681754699118e-03 9.765336935346727865e-01 2.377419245917356960e+01 1.924250504111264196e-03 9.999849429663801859e-01 5.138496713170635603e-03 1.053827725387534331e+00 -9.765427421038183065e-01 2.987682114295450459e-03 -2.154397221865069489e-01 1.407476342556023674e+01
-2.378040245608600001e-01 1.391371033503994298e-02 9.713717304531797048e-01 2.458905525159538641e+01 3.003850070263271513e-03 9.999030739804803947e-01 -1.358839027806634479e-02 1.033867927707275758e+00 -9.714668002992967732e-01 -3.130706158379464301e-04 -2.378228077595022361e-01 1.387085919175870430e+01
-2.661235197532426655e-01 2.876055221572973442e-02 9.635782256900795595e-01 2.539379892556035401e+01 2.793096414838239401e-03 9.995737526600290135e-01 -2.905847050273360072e-02 1.009475851658857781e+00 -9.640032847049612164e-01 -5.035362324564948526e-03 -2.660906006531394419e-01 1.365751998273640488e+01
-2.893817211169821824e-01 3.918333346305494236e-02 9.565021579384451744e-01 2.620378042306659694e+01 6.744286684742823584e-03 9.992208107055449151e-01 -3.888850818690657574e-02 9.693687920628362154e-01 -9.572804253689740639e-01 -4.793814951640615676e-03 -2.894208569091956673e-01 1.340787734978480117e+01
-3.133886281935179818e-01 4.394379180970496568e-02 9.484430232928868776e-01 2.700740545898475631e+01 1.039693054091469365e-02 9.990274779817817086e-01 -4.285007807024648896e-02 9.149735478271889821e-01 -9.494038334486372133e-01 -3.569003051322273100e-03 -3.135406721168311206e-01 1.314963190038638707e+01
-3.367930688861287547e-01 4.304809143511616892e-02 9.405634196240902911e-01 2.781088743346723646e+01 1.290062781325507398e-02 9.990715425939491467e-01 -4.109055260631978151e-02 8.663629478074763579e-01 -9.414598788350836411e-01 -1.723639074405038238e-03 -3.370358351198687874e-01 1.286065979202805742e+01
-3.592792080228043861e-01 3.851136078797047502e-02 9.325827140429521211e-01 2.859763543286047494e+01 1.726601554114955139e-02 9.992515283339336030e-01 -3.462305756211370156e-02 8.206888708292540136e-01 -9.332178515507091321e-01 3.672802519563824874e-03 -3.596753091741205499e-01 1.255463512144794969e+01
-3.768028456256798386e-01 3.548929176433413685e-02 9.258203800870133948e-01 2.938009904817043250e+01 2.485414677216559245e-02 9.992934359748545381e-01 -2.818693576504407300e-02 7.766695481951931823e-01 -9.261664714479437288e-01 1.239894228337641048e-02 -3.774189109954607657e-01 1.222643766867418691e+01
-3.913151471923798641e-01 3.616014701925589908e-02 9.192336576398884018e-01 3.014568814558915477e+01 2.761828898112280578e-02 9.992389610704108804e-01 -2.753229065845334833e-02 7.268873859895176315e-01 -9.195300823306974403e-01 1.460304411546612009e-02 -3.920160911664677950e-01 1.188520383278891934e+01
-4.024239532330147195e-01 3.883004600952581070e-02 9.147353513236587963e-01 3.090099732476921801e+01 3.117341756173789419e-02 9.991017950602574249e-01 -2.870784001790352424e-02 6.882843879650104579e-01 -9.150285144580430075e-01 1.696588138302839235e-02 -4.032730480879238022e-01 1.154758425616048534e+01
-4.119442876046867097e-01 4.214607165756730639e-02 9.101929381798714580e-01 3.163772878636665098e+01 3.321098325553607788e-02 9.989604094205914997e-01 -3.122931485746977334e-02 6.408458346386671778e-01 -9.105628795515429141e-01 1.736705434597104331e-02 -4.129157824032155255e-01 1.120770728812040851e+01
-4.223811726915458475e-01 4.267993469587323674e-02 9.051477334449653522e-01 3.238257120371709163e+01 2.714127226986603678e-02 9.990383425593962752e-01 -3.442908893401199627e-02 6.016212341568141220e-01 -9.057470275565714379e-01 1.001534581836668533e-02 -4.231333969129095207e-01 1.086921699064675551e+01
-4.350529386984873792e-01 4.007517044967866954e-02 8.995907101885524115e-01 3.311603666509581956e+01 2.527579005755613978e-02 9.991589925615307344e-01 -3.228967374120460948e-02 5.651951143200975025e-01 -9.001279234554628861e-01 8.697923393979963003e-03 -4.357000954489654299e-01 1.052280623805630810e+01
-4.439289414053105842e-01 4.167111223764181915e-02 8.955152800947018266e-01 3.385389391235217005e+01 2.748830241373340783e-02 9.990812405269342555e-01 -3.288932354515015921e-02 5.258019793922912299e-01 -8.960628604857797663e-01 1.002813147615249159e-02 -4.446666261708790979e-01 1.015177649462157028e+01
-4.504040535872141371e-01 4.359971833061616203e-02 8.914488211499573822e-01 3.459171094450334749e+01 3.095676137047499721e-02 9.989686984009527038e-01 -3.321844327401983488e-02 4.754304548483924142e-01 -8.919783108761495383e-01 1.262068479372422877e-02 -4.512890002729518235e-01 9.776057207088696188e+00
-4.542010040407324922e-01 4.728052477196258846e-02 8.892805504784457860e-01 3.533716139239950849e+01 3.213793086866812559e-02 9.988103220076800515e-01 -3.665381035485308636e-02 4.432019824281867026e-01 -8.899564515592462977e-01 1.190898709741422881e-02 -4.551800884690380689e-01 9.406872434841297093e+00
-4.542538437959909858e-01 4.983563970326963799e-02 8.898200399061710897e-01 3.609415391337365975e+01 3.191167024920658901e-02 9.987036696328962515e-01 -3.967166772102836969e-02 4.025811228057156743e-01 -8.906429220771239219e-01 1.039638295030678034e-02 -4.552553492324436513e-01 9.023107586860499296e+00
-4.503969877574329761e-01 4.998426080871147537e-02 8.913492895430227270e-01 3.687884300075668875e+01 3.429565634624529014e-02 9.986632470745263612e-01 -3.866998951268445228e-02 3.530307802343325974e-01 -8.920907043033867723e-01 1.315309137196498702e-02 -4.515090857788853773e-01 8.631025252723240726e+00
-4.438835225878929869e-01 4.881224562485782931e-02 8.943651827723774206e-01 3.767055810047362741e+01 3.248438203535702895e-02 9.987354601890781058e-01 -3.834559024482113443e-02 3.081306667735607685e-01 -8.951066487894121515e-01 1.201430817121664982e-02 -4.449078324528696338e-01 8.249412962832495921e+00
-4.364072037780679647e-01 4.746199127962342362e-02 8.985318500330121694e-01 3.849076953852656402e+01 3.005444622069081487e-02 9.988193730262521219e-01 -3.816910107772211042e-02 2.669072894721075673e-01 -8.992827009438443264e-01 1.034886179656706144e-02 -4.373183515373075814e-01 7.860716492294403501e+00
-4.285405562493177500e-01 4.692838718344723853e-02 9.024305799862026856e-01 3.933071999193010981e+01 2.816003104503258733e-02 9.988592087787225848e-01 -3.854888882001945849e-02 2.241239082083811285e-01 -9.032100778539677854e-01 8.894418514037265300e-03 -4.293733967730266610e-01 7.471206655515686634e+00
-4.224861855292344481e-01 4.452967768044154007e-02 9.052705974644821296e-01 4.017143708401399493e+01 2.497823184080218487e-02 9.989846433808394766e-01 -3.750632280193806622e-02 1.752484860725500582e-01 -9.060217928755068817e-01 6.764555155846691675e-03 -4.231692940618558274e-01 7.094458984051493999e+00
-4.160904577766575962e-01 4.302142524944195523e-02 9.080027401489471073e-01 4.104749486072431353e+01 2.080264235067798631e-02 9.990689867921056511e-01 -3.778198579168115523e-02 1.286021330579717736e-01 -9.087833402832559138e-01 3.151368632109610192e-03 -4.165979149731659503e-01 6.712925410092245748e+00
-4.162183984569499118e-01 4.043593470457036709e-02 9.085270224010318918e-01 4.192589847317434959e+01 1.594660434089989823e-02 9.991816708303249417e-01 -3.717035497141841366e-02 8.419266453080562207e-02 -9.092867666648665192e-01 -9.794826506129418291e-04 -4.165226960584488269e-01 6.327016161578788100e+00
-4.156039159432357022e-01 3.819447575852644161e-02 9.089873855589756246e-01 4.283991300810594538e+01 1.265445797113884732e-02 9.992641332109534202e-01 -3.620075743232862436e-02 3.271955367699868472e-02 -9.097016066475204221e-01 -3.547441014496970167e-03 -4.157815000836509456e-01 5.932796808296726176e+00
-4.176899979279487529e-01 3.652763837213716946e-02 9.078590254334090170e-01 4.375253837462722828e+01 1.142381198148743893e-02 9.993233602509214997e-01 -3.496803030954152847e-02 -1.134028582738536017e-02 -9.085222410929331138e-01 -4.230341398174245621e-03 -4.178244800864920894e-01 5.521237328258842503e+00
-4.177010342759593930e-01 3.561830671047529900e-02 9.075523840989629942e-01 4.466580147727978556e+01 1.061671055953859397e-02 9.993537894774507935e-01 -3.433656863359360600e-02 -6.189332182091056983e-02 -9.081896844009917924e-01 -4.723894648746243541e-03 -4.178088850385274222e-01 5.120222937257233653e+00
-4.176942527715608589e-01 3.468866908724611148e-02 9.077235179073430693e-01 4.561117125110445869e+01 1.022908253524523921e-02 9.993866465993294090e-01 -3.349052777707764439e-02 -1.085212431795202076e-01 -9.083289597701822427e-01 -4.712590397936506671e-03 -4.177927337172949729e-01 4.688199195536009611e+00
-4.162789085530670952e-01 3.396809978710063627e-02 9.085826934389152898e-01 4.656407399079563447e+01 1.059851786798298064e-02 9.994153467808434277e-01 -3.250360472635057535e-02 -1.600529780298890481e-01 -9.091557574540130027e-01 -3.897834575686648286e-03 -4.163957227240837056e-01 4.258626905126551954e+00
-4.176647232440689472e-01 3.333672467460175454e-02 9.075956864575837058e-01 4.751450170439343879e+01 1.020383493386189423e-02 9.994353317950218640e-01 -3.200859223809093129e-02 -2.120475666184019337e-01 -9.081507370889596586e-01 -4.121260563062671863e-03 -4.177688158816566522e-01 3.838066642884141011e+00
-4.177457235196463947e-01 3.254948178482720139e-02 9.081397943343797463e-01 4.849028647049931351e+01 7.644473479799590403e-03 9.994485867684085312e-01 -3.232509571654691716e-02 -2.566814276732366507e-01 -9.086911152308519979e-01 -6.547242767897897171e-03 -4.177640428866709610e-01 3.413254505755555002e+00
-4.187078467147857253e-01 3.135696426363942385e-02 9.075005329665848386e-01 4.944238128902067331e+01 7.354209321400178613e-03 9.994878786273055926e-01 -3.112545826740213684e-02 -3.079656536204355421e-01 -9.080124735649390821e-01 -6.383812628775130046e-03 -4.187240030695938420e-01 2.993231292318578429e+00
-4.163662303166187906e-01 3.007499744856286308e-02 9.087802376275175842e-01 5.040788993286547992e+01 6.066048253829030810e-03 9.995224418862767024e-01 -3.029697543430357951e-02 -3.669051155735449932e-01 -9.092575673370993927e-01 -7.105875923770728526e-03 -4.163498415497453031e-01 2.570682300022747668e+00
-4.140062941690252907e-01 2.850549755116943071e-02 9.096748068870003090e-01 5.138126790873455008e+01 5.146259302718294258e-03 9.995667876651961326e-01 -2.898286048532192072e-02 -4.195163786197753653e-01 -9.101069736379773234e-01 -7.313778111457225339e-03 -4.139736223490150802e-01 2.129062985744131886e+00
-4.111774470189593078e-01 2.581401339046952848e-02 9.111787213794292350e-01 5.233069133275571261e+01 5.343401393517174802e-03 9.996500265474784763e-01 -2.590073422150217589e-02 -4.676468414754950120e-01 -9.115287541064425181e-01 -5.790127582938444858e-03 -4.111715004937138707e-01 1.721260765750284971e+00
-4.080762125998586010e-01 2.578706192220010796e-02 9.123949855251841656e-01 5.329643997395719879e+01 6.891253164616407273e-03 9.996593795080938039e-01 -2.516534728274861382e-02 -5.113170682551932966e-01 -9.127333800328233382e-01 -3.989125033907666221e-03 -4.081150038947768954e-01 1.275664288431869853e+00
-4.043309498714305339e-01 2.456315709613445322e-02 9.140458322186051365e-01 5.426948339494294515e+01 6.591136037969990910e-03 9.996912696718910363e-01 -2.395215480533387578e-02 -5.606638788837203791e-01 -9.143525055709821325e-01 -3.671351439250731055e-03 -4.043678452444911531e-01 8.540896609272881079e-01
-4.029165972546991936e-01 2.464046184841148582e-02 9.150821210535183825e-01 5.522326397708542345e+01 7.640439917438349854e-03 9.996932747363085348e-01 -2.355495484551684005e-02 -6.060124596314635514e-01 -9.153818948318270809e-01 -2.491375496949907974e-03 -4.029814435166892972e-01 4.376442337601605947e-01
-3.999028251432897307e-01 2.467386474902525870e-02 9.160441619762391685e-01 5.617991232397088908e+01 6.877834072550110221e-03 9.996900262698386053e-01 -2.392677878119599949e-02 -6.560661939136410714e-01 -9.163507669499957320e-01 -3.262484866698353667e-03 -3.999485628208848675e-01 2.487842083568059248e-02
-4.023220400171936273e-01 2.567554883876804403e-02 9.153607935733608647e-01 5.710309810522540630e+01 5.333686787532257965e-03 9.996554615735192550e-01 -2.570166537601066559e-02 -7.019402241451460078e-01 -9.157053522283530311e-01 -5.448406664856437522e-03 -4.023203752916771347e-01 -3.701659236654413210e-01
-4.044816557817886293e-01 2.746324162903898691e-02 9.141774745285166093e-01 5.806420674244467506e+01 3.918775010417209839e-03 9.995916512652990304e-01 -2.830357507858514976e-02 -7.494642596558601655e-01 -9.145817933615328910e-01 -7.865218682992844781e-03 -4.044241272202657167e-01 -8.076771412368641823e-01
-4.076009105066742966e-01 2.882089058291551972e-02 9.125769006316200027e-01 5.899911605075369181e+01 2.790495645316382837e-03 9.995363082362495044e-01 -3.031738364236188574e-02 -8.061067888989185137e-01 -9.130276987556252832e-01 -9.814794260944658191e-03 -4.074922815415258914e-01 -1.207251907497947307e+00
-4.133852908207942822e-01 2.679456228662428774e-02 9.098793071789926801e-01 5.993742470107334697e+01 2.331879217438779898e-03 9.995943532049254010e-01 -2.838151758141610123e-02 -8.494023676409491186e-01 -9.102710147583609190e-01 -9.614880252128383403e-03 -4.132798648343111170e-01 -1.620670012238578428e+00
-4.199907451325335384e-01 2.360374232947023976e-02 9.071176631647891453e-01 6.087200004166241740e+01 5.850768367727410268e-03 9.997113270342298241e-01 -2.329744105760922154e-02 -9.057637122553086062e-01 -9.074057457446035313e-01 -4.474365487322512318e-03 -4.200077606565026933e-01 -2.051471908748054407e+00
-4.265750737081574484e-01 2.090054370412590401e-02 9.042725036401368932e-01 6.179065070690089811e+01 2.574735656202060876e-03 9.997570679702385554e-01 -2.190472748690443922e-02 -9.512005970275809741e-01 -9.045105393662926652e-01 -7.006038450737638208e-03 -4.265251830247459019e-01 -2.461109924108760616e+00
-4.303440163513492789e-01 2.266770945823494074e-02 9.023390534548682007e-01 6.270790050297998874e+01 3.153777577320688186e-03 9.997164448937083669e-01 -2.361357641820474237e-02 -9.973086725360830185e-01 -9.026182868097544221e-01 -7.308510940991381870e-03 -4.302932750046087329e-01 -2.883832899839470443e+00
-4.341430509896770928e-01 2.503864209852487907e-02 9.002472418350974115e-01 6.361420521355153568e+01 3.427879643882211433e-03 9.996520083521233113e-01 -2.615073682186130205e-02 -1.037740381893559771e+00 -9.005890549327916217e-01 -8.285321304223901284e-03 -4.340776161911815700e-01 -3.307934641913051976e+00
-4.407581737893350171e-01 2.566621469564780295e-02 8.968545378928163281e-01 6.450980969729880599e+01 1.897260761066492168e-03 9.996151865523593694e-01 -2.768181108921458425e-02 -1.090738811690913135e+00 -8.972199639190624465e-01 -1.050399014783845800e-02 -4.406368920946130419e-01 -3.727290802073972120e+00
-4.459660627316718307e-01 2.518429485632790732e-02 8.946173998615312151e-01 6.541212331137741387e+01 4.068184299334933547e-04 9.996097573608531128e-01 -2.793915699493580013e-02 -1.142354079187408722e+00 -8.949717777244549088e-01 -1.208724482355635899e-02 -4.458022923369295842e-01 -4.169560107960001538e+00
-4.483233283458842866e-01 2.512408061492592271e-02 8.937930729317679068e-01 6.628686294736156981e+01 1.029869190089256498e-03 9.996191847017862342e-01 -2.757716876364703015e-02 -1.191442799451117418e+00 -8.941455534632297697e-01 -1.143830322009899321e-02 -4.481785989992582708e-01 -4.593077507133479287e+00
-4.518921975713952044e-01 1.667708263478523759e-02 8.921168689222160886e-01 6.716774824242018838e+01 2.101613836363504066e-03 9.998424952924868103e-01 -1.762634225173393895e-02 -1.229922182695826649e+00 -8.922702414873422416e-01 -6.084336538269410032e-03 -4.518560768443979359e-01 -5.035295438099030463e+00
-4.531851583171322417e-01 8.302059431861239999e-03 8.914578503204448889e-01 6.804719670527512676e+01 1.996817638140951662e-03 9.999637007568882296e-01 -8.298297697178989504e-03 -1.268949043218997375e+00 -8.914943479237442681e-01 -1.981440812504845200e-03 -4.531851238415809946e-01 -5.499537097699489507e+00
-4.545567679734142663e-01 4.428477600888114547e-03 8.902547116896428747e-01 6.892609492136618599e+01 1.699807354789723002e-03 9.999900836724148201e-01 -4.110526156309807742e-03 -1.298068152671384423e+00 -8.902644148450279404e-01 -3.573827347553719977e-04 -4.545596570419265237e-01 -5.930939825871825555e+00
-4.545736759843164165e-01 9.913585229074189237e-03 8.902270606698593491e-01 6.980088373382011468e+01 2.661407310127971663e-03 9.999485593727999166e-01 -9.779261478843302713e-03 -1.329655575146490909e+00 -8.902785447890628756e-01 -2.083281740185734081e-03 -4.545766544093726158e-01 -6.388390927759326487e+00
-4.570164528391263414e-01 1.526506832695887113e-02 8.897384654380720015e-01 7.064871397841696421e+01 2.964478391927833061e-03 9.998735074536811984e-01 -1.562473999950966114e-02 -1.361862526462515488e+00 -8.898645861543834634e-01 -4.498149363023284941e-03 -4.570038057799448161e-01 -6.822090107242765988e+00
-4.582941634251320173e-01 2.011903909438816571e-02 8.890039723701841368e-01 7.150695002059569561e+01 9.046064355007541954e-03 9.997976579597812608e-01 -1.796587089043773580e-02 -1.393119405346046946e+00 -8.891857024921724362e-01 -1.858952147070075931e-04 -4.583834464885371829e-01 -7.267378077105040468e+00
-4.581979677201632462e-01 1.957748107209180896e-02 8.889823708580176786e-01 7.237208716575673861e+01 1.238088387118285900e-02 9.998009411721796580e-01 -1.564448860744751743e-02 -1.429979105655114546e+00 -8.891119490039642859e-01 3.842280073692847832e-03 -4.583490533737387684e-01 -7.728608557293536130e+00
-4.567997929977746230e-01 1.656728954793631331e-02 8.896069791862583065e-01 7.323870866949468450e+01 1.162791930968512522e-02 9.998522680409686059e-01 -1.265216051919430817e-02 -1.462446039857971058e+00 -8.896853390010909246e-01 4.565961801884147950e-03 -4.569250746449395328e-01 -8.159072402899800736e+00
-4.568123111170955819e-01 1.128231886431877405e-02 8.894638946971679117e-01 7.409551173092160070e+01 9.687985598306291316e-03 9.999233295148579614e-01 -7.705119303238800246e-03 -1.492608945250900598e+00 -8.894829316221976034e-01 5.090920899104778123e-03 -4.568864922308466525e-01 -8.588917890256073662e+00
-4.544532301432334109e-01 4.389040577136231469e-03 8.904060095910312223e-01 7.495985864867722626e+01 7.258582247930413581e-03 9.999728387282227349e-01 -1.222980530356622582e-03 -1.513715659046400264e+00 -8.903873766972437709e-01 5.909191109625519869e-03 -4.544727686325203964e-01 -9.027284549312291517e+00
-4.570016233812771445e-01 -1.763128906445986721e-03 8.898651696901541674e-01 7.581082087306143080e+01 -2.315197989539968370e-03 9.999971055308490842e-01 7.944535498045281630e-04 -1.542657581496249541e+00 -8.898640622456975846e-01 -1.699786515540734240e-03 -4.570042187599844818e-01 -9.439292105811494693e+00
-4.533604581343260720e-01 -6.030191468291452341e-03 8.917221880236799736e-01 7.667454161840811366e+01 -9.977959700981973643e-03 9.999489014354565608e-01 1.704926022327752982e-03 -1.548961026508602679e+00 -8.916868918286696699e-01 -8.122888804490488099e-03 -4.533973262528669945e-01 -9.853275236798328507e+00
-4.519089389070248264e-01 -5.850927764364521888e-03 8.923096031154695851e-01 7.753207896951336409e+01 -7.022256566954385507e-03 9.999708924858108361e-01 3.002691848669703564e-03 -1.570188498104296615e+00 -8.923013026870108000e-01 -4.918476168744943984e-03 -4.519367382868090810e-01 -1.028287553521321129e+01
-4.494405540239836960e-01 -3.201461011051366483e-03 8.935322760372645945e-01 7.837595939801153122e+01 -2.218829700352575700e-03 9.999945641105955074e-01 2.475860386523114597e-03 -1.592913915511921630e+00 -8.935354602789339351e-01 -8.661915674209773796e-04 -4.494450418287076476e-01 -1.070685498534258961e+01
-4.414829661688152718e-01 1.888882737754851227e-04 8.972637010830941673e-01 7.923125410988268413e+01 -7.242299357991180539e-04 9.999997022605549013e-01 -5.704223646272751046e-04 -1.602518902279858271e+00 -8.972635440336979018e-01 -9.062133134605045203e-04 -4.414825392381018787e-01 -1.113311563778401769e+01
-4.324949733166574828e-01 1.780935385598452674e-03 9.014993249138347764e-01 8.008708974564792982e+01 3.556538555388516574e-03 9.999937094490918277e-01 -2.716119987798233312e-04 -1.621351298802335084e+00 -9.014942114176112131e-01 3.082705918486622516e-03 -4.324984774482759642e-01 -1.154354894300479017e+01
-4.262674505108985379e-01 3.062593119459595167e-03 9.046234159754427129e-01 8.093882292847911231e+01 1.058473890909887929e-02 9.999427666888608401e-01 1.602092291130618584e-03 -1.641751195082967296e+00 -9.045666600220768627e-01 1.026127054215668702e-02 -4.262753840318900256e-01 -1.194577398622817022e+01
-4.160106525863662696e-01 3.403106738594988915e-03 9.093952866380522471e-01 8.178946089124622176e+01 1.002956573915642427e-02 9.999493527624297995e-01 8.491677900412341034e-04 -1.661773789510663013e+00 -9.093463667311327825e-01 9.473528037685736633e-03 -4.160236837633285445e-01 -1.233662044344251640e+01
-4.041884168174303404e-01 -9.190500076657466500e-04 9.145514576414024432e-01 8.266626476710118254e+01 5.039577908362342755e-03 9.999820021547259907e-01 3.236097693134977211e-03 -1.674077610077699285e+00 -9.145381583853917640e-01 5.922628250721705644e-03 -4.041764541040803183e-01 -1.269957991763026861e+01
-3.909236176318359735e-01 -2.596326870727982700e-03 9.203165474079141317e-01 8.353638033217357872e+01 8.033037779144536900e-03 9.999482838940471074e-01 6.231217302921991143e-03 -1.689217317827632181e+00 -9.202854168841264615e-01 9.830425277551728402e-03 -3.908826038365977307e-01 -1.306838078941562564e+01
-3.791415046359283281e-01 -5.205292914213302535e-03 9.251047705704912305e-01 8.441753951560264113e+01 5.555219037508396691e-03 9.999532235055158536e-01 7.904472142685005365e-03 -1.705133635130568592e+00 -9.251029597507698377e-01 8.140191487495873277e-03 -3.790947677377667913e-01 -1.342305673640441555e+01
-3.673509061759633876e-01 -5.428245710309934947e-03 9.300614267082291109e-01 8.529437696493195631e+01 6.299304569692170536e-03 9.999452741058362237e-01 8.331080556738658036e-03 -1.706049285158252493e+00 -9.300560703095016590e-01 8.924056518118731601e-03 -3.672965378250449553e-01 -1.375633830537705826e+01
-3.548799641216076051e-01 -4.139871663589781911e-03 9.349878106967669522e-01 8.618292666845032102e+01 9.915179015543711810e-03 9.999172564776197536e-01 8.192741797100734288e-03 -1.722331276892886454e+00 -9.349446089647920344e-01 1.217407159019327084e-02 -3.548095215506532063e-01 -1.409551117831605360e+01
