1.0 0.0 0.0 0.0 0.0 1.0 0.0 0.0 0.0 0.0 1.0 0.0
0.99987406 0.01578265 -0.0016924648 2.2780762 -0.015779639 0.999874 0.0017791413 2.2922363 0.0017203238 -0.0017522228 0.99999696 0.028320312
0.99816054 -0.06062197 -0.0003493467 3.6090088 0.060622975 0.99814284 0.005948561 3.9365234 -1.1946046e-05 -0.0059587955 0.99998224 0.095947266
0.9996831 -0.024902998 0.0036717288 4.20874 0.024861297 0.9996304 0.010992288 5.218872 -0.003944197 -0.010897494 0.9999328 0.12792969
0.9977949 -0.066334814 0.0026665907 4.8355713 0.06631302 0.99777126 0.0075617232 6.0510254 -0.003162135 -0.007368239 0.9999679 0.11621094
0.9999367 0.0093294745 0.006268757 5.4763184 -0.009371312 0.9999338 0.0066763223 6.152588 -0.00620603 -0.0067346618 0.999958 0.13366699
0.9957279 0.09172844 0.010369587 5.4718018 -0.091805905 0.9957484 0.007254374 5.9730225 -0.009659946 -0.008175907 0.99991983 0.13464355
0.9958341 0.09065425 0.0096481815 5.861084 -0.09070297 0.9958652 0.004736089 6.0513916 -0.009178724 -0.0055918843 0.9999421 0.13195801
0.98310643 0.18237978 0.015448906 5.8410645 -0.18251571 0.9831709 0.007888087 5.8519287 -0.013750443 -0.010574177 0.99984956 0.12683105
0.9813015 0.19132775 0.020593008 6.366455 -0.19142282 0.9814952 0.0027328916 5.953491 -0.01968916 -0.0066241585 0.99978423 0.12487793
0.9601333 0.27805352 0.028573174 6.326782 -0.27803564 0.96055233 -0.0046819197 5.7145996 -0.02874742 -0.0034505809 0.9995806 0.13903809
0.9553285 0.29403433 0.03025238 6.8406982 -0.29384854 0.95580703 -0.010513999 5.7493896 -0.032005906 0.0011527753 0.9994867 0.1262207
0.923586 0.38172582 0.035637338 6.8500977 -0.38155243 0.92426926 -0.011817614 5.4628906 -0.037448388 -0.0026826602 0.99929494 0.13623047
0.9141304 0.40351734 0.039460044 7.3344727 -0.40331268 0.9149743 -0.0133723635 5.5201416 -0.041499335 -0.0036906875 0.9991315 0.103881836
0.87347525 0.4850813 0.04249884 7.3789062 -0.48474112 0.8744981 -0.018663354 5.1551514 -0.046217352 -0.0042974856 0.9989221 0.110839844
0.84246325 0.5371965 0.042825405 7.7374268 -0.53667516 0.8435463 -0.023837328 5.0895996 -0.048924413 -0.0028967303 0.99879813 0.09033203
0.809804 0.58504087 0.043975197 7.8481445 -0.584316 0.8109945 -0.029183632 4.7668457 -0.05274103 -0.0020630108 0.9986062 0.08728027
0.77475667 0.6308569 0.04196941 8.136597 -0.630061 0.77589047 -0.031725712 4.5340576 -0.05258352 -0.0018679299 0.99861467 0.06335449
0.7373126 0.6741458 0.042171985 8.363647 -0.6732287 0.73851377 -0.035236504 4.2473145 -0.054904383 -0.0024148733 0.9984888 0.048461914
0.69656676 0.7160038 0.04525385 8.630859 -0.7152143 0.6979864 -0.034608506 3.9587402 -0.05637176 -0.008262828 0.9983757 0.01574707
0.65800893 0.7514519 0.04620942 8.890137 -0.75064784 0.65954196 -0.03638195 3.6243896 -0.05782081 -0.010755952 0.9982689 0.0029296875
0.61975116 0.7835235 0.04678371 9.142578 -0.78272676 0.6213742 -0.03771787 3.2927246 -0.058619525 -0.013247913 0.99819195 -0.022216797
0.5838753 0.81041616 0.04763213 9.381958 -0.8095276 0.5856272 -0.040712032 2.8990479 -0.060900718 -0.014777614 0.99803555 -0.044555664
0.54831254 0.83481205 0.048791934 9.641602 -0.8340156 0.55017316 -0.0407977 2.5 -0.060912378 -0.018312467 0.99797606 -0.07141113
0.5143511 0.8563441 0.0472604 9.88501 -0.8556116 0.5161456 -0.040497206 2.0616455 -0.05905351 -0.019599345 0.9980618 -0.10046387
0.48253742 0.8748879 0.043424286 10.123047 -0.8741957 0.4841203 -0.039577506 1.5849609 -0.05564217 -0.018860582 0.9982725 -0.13146973
0.454284 0.8900261 0.03905283 10.356323 -0.88932943 0.4556436 -0.039094187 1.0943604 -0.05257926 -0.01696657 0.9984724 -0.1619873
0.4301919 0.9020561 0.03611217 10.599609 -0.90144825 0.43138462 -0.037032418 0.5661621 -0.04899274 -0.016618336 0.99866134 -0.19421387
0.40996462 0.91157347 0.033775 10.845581 -0.91094965 0.4110593 -0.037117526 -0.00024414062 -0.0477254 -0.01554215 0.99874 -0.2244873
0.3962409 0.9173897 0.032527935 11.08252 -0.9167446 0.39729172 -0.037518844 -0.5661621 -0.0473457 -0.014945261 0.9987671 -0.25646973
0.38557673 0.922304 0.03125275 11.34082 -0.92156506 0.38660145 -0.039335623 -1.1663818 -0.048359428 -0.013638422 0.99873674 -0.2833252
0.3730697 0.9271151 0.03314691 11.591553 -0.9263039 0.37423158 -0.041631836 -1.7952881 -0.051016036 -0.015174397 0.99858296 -0.31591797
0.3636954 0.9309613 0.035249945 11.855957 -0.9301223 0.36499855 -0.043066055 -2.451294 -0.052948534 -0.017122451 0.99845016 -0.35681152
0.35377184 0.93473715 0.035977542 12.109375 -0.93381745 0.35515797 -0.04505264 -3.126709 -0.054888114 -0.017653864 0.9983366 -0.39526367
0.34315568 0.9385586 0.037013184 12.367554 -0.93755424 0.34464976 -0.047203425 -3.8259277 -0.057043448 -0.018499838 0.9981997 -0.43164062
0.3330558 0.9420862 0.038182184 12.632446 -0.941014 0.33466315 -0.0490171 -4.5495605 -0.058968883 -0.019604767 0.9980678 -0.47485352
0.32293487 0.9456645 0.038358297 12.893555 -0.9445192 0.32459655 -0.050610267 -5.2872314 -0.0602991 -0.0198837 0.9979819 -0.51342773
0.31143627 0.94940966 0.040366303 13.141602 -0.94812495 0.31330472 -0.05385428 -6.0456543 -0.06377249 -0.021502389 0.9977325 -0.5625
0.3003896 0.95277905 0.04353681 13.391602 -0.9513831 0.30255362 -0.05699402 -6.8133545 -0.06748304 -0.024300342 0.9974248 -0.6092529
0.28825256 0.9565144 0.04325364 13.625732 -0.9548848 0.29050484 -0.06066234 -7.597046 -0.07061164 -0.023824414 0.9972201 -0.65527344
0.27658752 0.9600839 0.043637063 13.862915 -0.9583464 0.27893934 -0.06272507 -8.381226 -0.0723563 -0.024482874 0.9970761 -0.70092773
0.26201072 0.964091 0.04426417 14.0802 -0.96231186 0.26446435 -0.063968316 -9.175293 -0.073396206 -0.025836065 0.9969692 -0.748291
0.24851161 0.96761733 0.044409856 14.294189 -0.9659097 0.25098726 -0.06352476 -9.985352 -0.072631344 -0.027089411 0.9969926 -0.8005371
0.231374 0.97175854 0.04393544 14.491333 -0.97009647 0.23383822 -0.063316815 -10.793335 -0.071834624 -0.027939836 0.9970277 -0.84521484
0.21098495 0.9763975 0.04549666 14.679321 -0.97497314 0.213537 -0.061398447 -11.606323 -0.06963824 -0.031388585 0.99707735 -0.89453125
0.187869 0.9810213 0.04775305 14.845581 -0.9798086 0.19057076 -0.06031467 -12.42688 -0.0682539 -0.035425827 0.9970388 -0.9445801
0.15585214 0.9865124 0.04946489 14.979126 -0.9854561 0.15870744 -0.060269553 -13.261108 -0.067306936 -0.03935889 0.99695534 -0.9909668
0.1225462 0.99113184 0.05097916 15.10022 -0.9902197 0.12554638 -0.060531035 -14.111938 -0.06638032 -0.043056976 0.9968641 -1.0396729
0.08951157 0.994662 0.05050291 15.179565 -0.993868 0.09248 -0.059913844 -14.943726 -0.06426738 -0.044797383 0.99692714 -1.0838623
0.05604472 0.99720573 0.049239747 15.222412 -0.9964657 0.058950767 -0.0597002 -15.809814 -0.06245341 -0.04571866 0.99700105 -1.126831
0.022028338 0.99853796 0.04950105 15.253418 -0.9980378 0.024872882 -0.057585698 -16.664673 -0.05872769 -0.04815038 0.99711174 -1.1600342
-0.009972071 0.9986435 0.051150125 15.251953 -0.99844444 -0.0071369363 -0.055339955 -17.524292 -0.05490114 -0.05159885 0.99715763 -1.206543
-0.0445938 0.9979663 0.045923382 15.219727 -0.99775815 -0.04217781 -0.052302044 -18.390747 -0.050247442 -0.048147935 0.9975749 -1.2365723
-0.07616459 0.9963057 0.04050588 15.148193 -0.9961639 -0.07424273 -0.047018185 -19.243408 -0.04385788 -0.043917183 0.9980728 -1.2631836
-0.10605393 0.993875 0.0331742 15.056274 -0.993705 -0.104646 -0.041649412 -20.108154 -0.037931036 -0.037365787 0.9985818 -1.2902832
-0.13224947 0.9908724 0.027465055 14.942505 -0.99067235 -0.13117324 -0.03787255 -20.953247 -0.033921827 -0.032209326 0.9989053 -1.3066406
-0.16279793 0.98653156 0.019545928 14.788208 -0.9862922 -0.16210805 -0.03283488 -21.804321 -0.029227376 -0.024614196 0.99926984 -1.3286133
-0.19004107 0.9817443 0.014339844 14.62146 -0.9816442 -0.18968306 -0.023190804 -22.64563 -0.020048589 -0.018477505 0.99962837 -1.3304443
-0.21544135 0.97646374 0.012744609 14.434448 -0.9765335 -0.21535158 -0.008054245 -23.47107 -0.0051202457 -0.014181931 0.99988633 -1.3347168
-0.23768033 0.9713669 0.016182441 14.236816 -0.9714037 -0.23785996 0.010243043 -24.286133 0.0137941465 -0.013283672 0.99981654 -1.326294
-0.2658153 0.9638624 0.021052264 14.03186 -0.9636406 -0.2662958 0.024805006 -25.092285 0.029507052 -0.013700042 0.9994707 -1.3122559
-0.2890816 0.95716614 0.020924672 13.788696 -0.9565776 -0.28966874 0.03499728 -25.903809 0.039550126 -0.009908484 0.9991686 -1.2803955
-0.31318223 0.94932234 0.01980047 13.537231 -0.948521 -0.31374213 0.039515533 -26.709839 0.04373844 -0.00640437 0.99902254 -1.2321777
-0.33669987 0.9414089 0.018042386 13.254761 -0.94063455 -0.33715793 0.038383123 -27.515991 0.04219974 -0.0040350594 0.99910045 -1.1876221
-0.35941577 0.93323827 0.012719965 12.954712 -0.9326325 -0.35964093 0.03362169 -28.305664 0.035952996 0.00021256214 0.9993537 -1.144165
-0.37725738 0.9263063 0.004048042 12.630615 -0.9258388 -0.3771999 0.030429557 -29.090454 0.029701397 0.0077156657 0.99952894 -1.1021729
-0.39187253 0.91970533 0.0018863454 12.292969 -0.91924345 -0.39173886 0.030945022 -29.858032 0.029199354 0.010407196 0.9995191 -1.0561523
-0.40313664 0.9152457 -0.00043539144 11.957764 -0.9147379 -0.4028971 0.03350129 -30.61438 0.030489948 0.013900433 0.9994385 -1.0218506
-0.41276503 0.9107964 -0.00080475025 11.619995 -0.9101948 -0.41246003 0.03671279 -31.352173 0.03311336 0.01588646 0.9993254 -0.9790039
-0.42291346 0.9058813 0.006574883 11.284302 -0.9051731 -0.42285192 0.037116535 -32.09839 0.036408678 0.009758406 0.99928916 -0.94470215
-0.43548512 0.900239 0.0079243425 10.94104 -0.8996169 -0.43548676 0.034370616 -32.83362 0.03439274 0.007830612 0.99937785 -0.9112549
-0.44445595 0.89619887 0.0066221696 10.571777 -0.8955365 -0.4443929 0.035871454 -33.572388 0.03508702 0.009997183 0.9993345 -0.87561035
-0.4510927 0.8921578 0.0040428685 10.1970215 -0.8914605 -0.45091105 0.03772678 -34.311157 0.035497703 0.013439729 0.9992794 -0.8288574
-0.4549564 0.89013785 0.0047691786 9.828003 -0.8892962 -0.4547471 0.04136273 -35.05664 0.038976815 0.014598197 0.99913275 -0.8013916
-0.455002 0.8908106 0.0062915976 9.443237 -0.88984334 -0.4548189 0.04391899 -35.812866 0.041989543 0.014362403 0.9990154 -0.76538086
-0.4512804 0.8922964 0.0035226597 9.048584 -0.8913631 -0.4509826 0.04411366 -36.59668 0.04095564 0.01676983 0.99902016 -0.7192383
-0.44467416 0.89529145 0.0046410654 8.663696 -0.8943836 -0.44444552 0.0430112 -37.387085 0.04056119 0.01499175 0.9990638 -0.6781006
-0.43707538 0.8994383 0.006288736 8.271362 -0.8985572 -0.43693924 0.04174473 -38.205566 0.040297866 0.012594974 0.99910843 -0.64086914
-0.42911884 0.90334177 0.00772235 7.8780518 -0.90246195 -0.42905357 0.041296978 -39.043823 0.04059139 0.010737712 0.9991177 -0.602417
-0.42290807 0.90611565 0.009830714 7.498169 -0.9053089 -0.4229546 0.03896093 -39.883423 0.03948051 0.0075878543 0.9991918 -0.5574951
-0.41631177 0.9088209 0.013420784 7.1134033 -0.90805286 -0.4165135 0.037515096 -40.7583 0.03968412 0.0034453375 0.9992059 -0.5155029
-0.41621387 0.90925926 0.017550584 6.7264404 -0.9085893 -0.41658142 0.03492412 -41.636353 0.039059225 -0.0014139855 0.99923587 -0.47546387
-0.4154625 0.9096319 0.020113122 6.3308105 -0.90905654 -0.4159223 0.032685652 -42.55005 0.038075384 -0.004702217 0.9992635 -0.4284668
-0.41750908 0.908439 0.02079699 5.918579 -0.9079293 -0.41798484 0.030993158 -43.46277 0.03686306 -0.0059400136 0.9993028 -0.38867188
-0.41749445 0.9080972 0.02128622 5.5162354 -0.9076235 -0.417982 0.030080713 -44.375854 0.036232643 -0.0067439973 0.9993203 -0.34265137
-0.41748393 0.90823406 0.021274434 5.0827637 -0.9077939 -0.41796458 0.029152058 -45.3208 0.03538463 -0.0071311165 0.99934816 -0.3005371
-0.4160987 0.9090699 0.020456253 4.651245 -0.9086496 -0.41654646 0.02844968 -46.27307 0.03438268 -0.0067541217 0.9993859 -0.25354004
-0.41747355 0.9080605 0.020679425 4.2297363 -0.90766287 -0.4179239 0.027800241 -47.22351 0.033903904 -0.007152628 0.99939924 -0.20629883
-0.41745105 0.90856457 0.023108019 3.8035889 -0.90821475 -0.4179779 0.027011639 -48.19873 0.03421116 -0.0097164195 0.9993678 -0.16687012
-0.4184199 0.9078854 0.022943433 3.3824463 -0.90757364 -0.41892797 0.02580727 -49.150757 0.033022642 -0.010008087 0.9994039 -0.12011719
-0.41604662 0.9091163 0.02365789 2.9577637 -0.90885484 -0.41656575 0.024551023 -50.1156 0.032166265 -0.011284013 0.99941874 -0.06591797
-0.41367778 0.9099582 0.023854595 2.513916 -0.90974885 -0.41418585 0.023005718 -51.08838 0.030828135 -0.012188097 0.9994505 -0.017822266
-0.4109058 0.9113937 0.022320028 2.1036377 -0.9112451 -0.41133702 0.0203489 -52.03711 0.027716804 -0.011972422 0.9995439 0.026367188
-0.40786588 0.91262305 0.020509176 1.6553955 -0.9124553 -0.40824825 0.020357842 -53.001953 0.026954882 -0.010406384 0.9995823 0.06542969
-0.40412888 0.9142429 0.020178147 1.2310791 -0.91410404 -0.40449092 0.019175172 -53.97412 0.025703803 -0.010684818 0.9996123 0.11010742
-0.40275276 0.9152887 0.018997792 0.8126221 -0.91513646 -0.40308574 0.0192726 -54.927124 0.02529132 -0.009630256 0.9996337 0.15063477
-0.3997126 0.9162465 0.019756973 0.39746094 -0.9161011 -0.4000663 0.019335203 -55.883057 0.025634244 -0.010375417 0.9996175 0.19555664
-0.40205857 0.91557324 0.021954384 0.001953125 -0.9154258 -0.402481 0.020309417 -56.80603 0.027426736 -0.011937601 0.9995526 0.23596191
-0.4041296 0.91442084 0.024378322 -0.43615723 -0.9142521 -0.4046435 0.022068273 -57.766968 0.030048558 -0.013366668 0.99945897 0.27770996
-0.40717185 0.9128435 0.02633714 -0.8359375 -0.9126593 -0.40776443 0.023387419 -58.702026 0.03209252 -0.014513066 0.9993794 0.32873535
-0.41297317 0.9100854 0.026149224 -1.2489014 -0.9099597 -0.41352835 0.021297034 -59.64099 0.030215459 -0.014997198 0.9994307 0.36779785
-0.41976723 0.90728444 0.021024866 -1.6791992 -0.90717804 -0.42013597 0.018043255 -60.576416 0.025204958 -0.011505054 0.999616 0.42114258
-0.42627716 0.90434736 0.023570437 -2.0878906 -0.9043398 -0.42667162 0.015264041 -61.49585 0.023871463 -0.014812593 0.9996056 0.46228027
-0.43003196 0.9024563 0.023885049 -2.5107422 -0.90240896 -0.43045926 0.016988007 -62.413208 0.025621062 -0.01425454 0.99957037 0.5031738
-0.43379322 0.9004208 0.024873866 -2.9349365 -0.90032256 -0.4342794 0.019313456 -63.31958 0.028199572 -0.014002062 0.99950397 0.538208
-0.44032788 0.8970236 0.027108531 -3.3532715 -0.89693874 -0.44088683 0.019862194 -64.21594 0.029797215 -0.015566364 0.9994348 0.58618164
-0.44548118 0.8947528 0.028706022 -3.795044 -0.89470726 -0.44607845 0.01932118 -65.11865 0.030103136 -0.017084341 0.99940103 0.6333008
-0.44786394 0.8939358 0.028065875 -4.219116 -0.89388055 -0.4484401 0.019237686 -65.993286 0.029764457 -0.016474422 0.9994213 0.67822266
-0.4516409 0.8921109 0.022707285 -4.661865 -0.892179 -0.4519492 0.010759108 -66.87488 0.019854946 -0.015402915 0.99968433 0.7158203
-0.45305726 0.8913676 0.018592685 -5.1273193 -0.89149916 -0.4531738 0.002376087 -67.75464 0.010541861 -0.015496889 0.99982446 0.75390625
-0.4544695 0.89014894 0.016960893 -5.5598145 -0.8902875 -0.45451176 -0.0015134774 -68.63367 0.0063724904 -0.01578943 0.9998549 0.78015137
-0.45443842 0.89015526 0.018696615 -6.0185547 -0.89027 -0.45458055 0.0039682873 -69.50745 0.012042857 -0.014838308 0.9998172 0.80578613
-0.45681173 0.88972354 0.02113292 -6.4526367 -0.889794 -0.4570687 0.009292997 -70.35449 0.017907808 -0.014562419 0.9997337 0.83203125
-0.45820385 0.88911885 0.016833214 -6.89917 -0.88904685 -0.45843452 0.014139619 -71.212036 0.020274857 -0.00849141 0.9997584 0.8585205
-0.45821068 0.8890993 0.012803817 -7.3620605 -0.88900995 -0.45836082 0.013605651 -72.07666 0.017959962 -0.0051516406 0.9998254 0.8922119
-0.45681098 0.8896737 0.012070406 -7.7944336 -0.8896299 -0.4569324 0.010611815 -72.94275 0.014952411 -0.005891851 0.9998708 0.9215088
-0.45680806 0.889463 0.011534357 -8.225708 -0.8894813 -0.4568867 0.0053265225 -73.79944 0.010003252 -0.0078217285 0.9999193 0.94921875
-0.45444193 0.89035845 0.01069545 -8.666382 -0.8904158 -0.45445275 -0.0015401547 -74.66333 0.0034938601 -0.010226078 0.9999415 0.9683838
-0.4569372 0.8897118 0.018304355 -9.078369 -0.8898987 -0.4568743 -0.0077292286 -75.514404 0.0014790723 -0.019811904 0.99980277 0.9937744
-0.45329493 0.8914335 0.02470967 -9.494629 -0.89177567 -0.4531372 -0.011965325 -76.377075 0.000515301 -0.02745385 0.99962324 0.99609375
-0.4518635 0.8920929 0.021501666 -9.926392 -0.8923514 -0.45171112 -0.011765234 -77.233765 -0.00079078507 -0.024488714 0.99969983 1.0136719
-0.44939464 0.8933908 0.017448781 -10.352905 -0.893561 -0.44930297 -0.009081358 -78.076416 -0.00028060284 -0.019675357 0.9998066 1.0322266
-0.44141242 0.89712834 0.017473493 -10.783325 -0.8972944 -0.44138518 -0.005603101 -78.92944 0.0026867818 -0.01814674 0.9998318 1.0367432
-0.43245646 0.9014191 0.01346387 -11.198486 -0.9015166 -0.4324451 -0.0039044167 -79.78308 0.002303827 -0.013821125 0.99990183 1.0515137
-0.4262923 0.9045951 0.0062727546 -11.604736 -0.90461683 -0.42628494 -0.0025396636 -80.63306 0.00037787354 -0.006759978 0.9999772 1.0683594
-0.41603103 0.9093651 0.0070330948 -12.000366 -0.90939176 -0.41602707 -0.0020870692 -81.481445 0.0010248717 -0.0072648935 0.9999731 1.0838623
-0.4041768 0.91449636 0.010540767 -12.36853 -0.91455585 -0.40413067 -0.0062867184 -82.3562 -0.0014896101 -0.012188397 0.9999246 1.0922852
-0.39092827 0.9202949 0.006590332 -12.74353 -0.92030674 -0.3908774 -0.007812705 -83.22388 -0.004611661 -0.009120066 0.9999477 1.1038818
-0.37914082 0.92508316 0.008237955 -13.103516 -0.9250975 -0.37905514 -0.010298564 -84.10303 -0.0064045195 -0.011530791 0.9999129 1.1156006
-0.36735094 0.93004775 0.007417157 -13.442383 -0.9300513 -0.36726952 -0.010393031 -84.97754 -0.0069461195 -0.010723135 0.9999183 1.1118164
-0.35488462 0.93498623 0.004128216 -13.787476 -0.9349696 -0.35483885 -0.008966563 -85.86377 -0.006921648 -0.00703913 0.99995124 1.123169
-0.34153128 0.9398022 0.0049257837 -14.1032715 -0.9398104 -0.34150863 -0.004909428 -86.74487 -0.0029310223 -0.006308794 0.99997574 1.1258545
-0.32984376 0.9440374 0.0050057448 -14.406494 -0.9440325 -0.32986557 0.0044386336 -87.61194 0.0058415816 -0.0032620681 0.9999775 1.1347656
-0.3152573 0.94881874 0.0072210417 -14.704712 -0.9487919 -0.31531158 0.008293785 -88.49219 0.010150863 -0.0042370306 0.99993944 1.151123
-0.30435237 0.9525346 0.008123701 -14.976196 -0.95252866 -0.30440697 0.006635228 -89.36951 0.008790358 -0.0057162703 0.999945 1.1617432
-0.29348803 0.9559698 0.006768227 -15.246948 -0.95598674 -0.29350567 0.0017479551 -90.26343 0.0036550206 -0.0059540067 0.9999756 1.1837158
-0.2817491 0.95930696 0.009520973 -15.496582 -0.95933515 -0.28179204 0.0034937377 -91.14465 0.0060350075 -0.008147046 0.99994856 1.1983643
-0.2758981 0.96105313 0.016109198 -15.730469 -0.96111345 -0.27604684 0.007842875 -92.03711 0.011983555 -0.013324216 0.99983954 1.2188721
-0.26938614 0.96276605 0.024772685 -15.972656 -0.96287566 -0.26977453 0.013900055 -92.93335 0.020067979 -0.020107841 0.9995964 1.2330322
-0.26513153 0.96383876 0.029599288 -16.210205 -0.9640061 -0.26567626 0.016246153 -93.840576 0.02350403 -0.024223208 0.99943024 1.2657471
-0.2622267 0.96460855 0.031240225 -16.437378 -0.96482563 -0.26280284 0.015969079 -94.73889 0.023607614 -0.025958668 0.9993844 1.2957764
-0.25643083 0.96608496 0.034663167 -16.66687 -0.9664126 -0.2570721 0.015461851 -95.647705 0.023821717 -0.029541932 0.9992799 1.3325195
-0.25064814 0.96741116 0.03360534 -16.894043 -0.9677855 -0.25116444 0.012068805 -96.54553 0.020118652 -0.029494967 0.9993624 1.3613281
-0.24487376 0.96891487 0.0312864 -17.126953 -0.9692904 -0.24524105 0.008424158 -97.44568 0.015849326 -0.028261546 0.9994749 1.3878174
-0.2391524 0.97041047 0.032575734 -17.343384 -0.97088253 -0.23941503 0.0043575508 -98.34802 0.012030356 -0.030585203 0.9994598 1.425293
-0.23206568 0.972084 0.03551142 -17.550415 -0.97263575 -0.23240171 0.0055938964 -99.24255 0.0136818085 -0.033232678 0.9993539 1.4350586
-0.22640085 0.9731863 0.043288782 -17.73584 -0.974022 -0.22686231 0.0060090437 -100.133545 0.01563932 -0.0407878 0.99904543 1.4603271
-0.21907797 0.97476596 0.04340616 -17.933838 -0.97556794 -0.2196413 0.0086018685 -101.02161 0.017931955 -0.04047445 0.99902 1.4929199
-0.21193531 0.976606 0.040148553 -18.126953 -0.9772147 -0.21257281 0.01230561 -101.91174 0.020524537 -0.036618 0.9991186 1.5274658
-0.20339012 0.9782916 0.041114174 -18.315186 -0.97896105 -0.20400584 0.011339685 -102.81531 0.019473113 -0.037933305 0.99909043 1.552002
-0.19624983 0.9796451 0.040756576 -18.48291 -0.98039895 -0.19663665 0.005664608 -103.6947 0.013578079 -0.038854036 0.9991526 1.5776367
-0.18995999 0.98094034 0.04113993 -18.652466 -0.9817432 -0.19024406 0.0030703808 -104.60669 0.010841741 -0.03981632 0.9991484 1.6109619
-0.18276988 0.98215145 0.044440422 -18.808228 -0.983054 -0.18321525 0.0061382866 -105.48511 0.014157172 -0.042569365 0.9989934 1.6293945
-0.17574215 0.98353815 0.043620486 -18.973389 -0.98436666 -0.17628789 0.00896668 -106.380005 0.016511422 -0.041362684 0.99900776 1.6514893
-0.1692575 0.9845688 0.04470207 -19.114624 -0.98543704 -0.1698395 0.009537928 -107.266235 0.016980357 -0.042450022 0.99895465 1.6750488
-0.16147567 0.9857501 0.045448825 -19.257568 -0.9866432 -0.16209304 0.010219549 -108.16821 0.017443178 -0.043199256 0.99891424 1.697998
-0.15301488 0.98734176 0.040690567 -19.39209 -0.98805875 -0.153512 0.009358077 -109.0553 0.015504707 -0.038776595 0.99912745 1.7199707
-0.14523123 0.98864174 0.03682985 -19.533691 -0.98921585 -0.14567375 0.009612378 -109.95581 0.014876676 -0.035042338 0.999275 1.748169
-0.13897191 0.9897714 0.034792762 -19.670532 -0.99026585 -0.13940965 0.010484386 -110.86572 0.015216332 -0.033003207 0.9993397 1.7723389
-0.12986554 0.990646 0.040046122 -19.778809 -0.9913423 -0.13035356 0.009812226 -111.76599 0.014943599 -0.038422484 0.9991497 1.7947998
-0.12294543 0.9913178 0.04511163 -19.89685 -0.99225 -0.12343229 0.008146998 -112.68213 0.01366475 -0.043764554 0.99894834 1.8198242
-0.119494066 0.99190885 0.042538296 -20.004883 -0.99273276 -0.1199428 0.008132759 -113.607666 0.013183164 -0.041238353 0.9990617 1.8476562
-0.11459149 0.9926023 0.040399 -20.113037 -0.9933464 -0.11499631 0.007837795 -114.49597 0.012425441 -0.039236553 0.99915284 1.8665771
-0.1096958 0.9932308 0.039564956 -20.221802 -0.99393046 -0.110128514 0.00893221 -115.40625 0.013215396 -0.03834641 0.99917734 1.8911133
-0.10269201 0.9940889 0.033327635 -20.331177 -0.99460036 -0.10295571 0.006283876 -116.30005 0.009686323 -0.03250526 0.9994246 1.9111328
-0.097767465 0.99490136 0.024220634 -20.427734 -0.9951679 -0.09791957 0.0051752026 -117.19946 0.007524276 -0.023606908 0.9996931 1.9310303
-0.09438252 0.9953496 0.021845112 -20.51123 -0.9955745 -0.09447729 0.0033510504 -118.11316 0.005391442 -0.02143008 0.999756 1.949585
-0.08954775 0.99573046 0.023580052 -20.59082 -0.9959806 -0.08970035 0.005492462 -118.996826 0.0075802435 -0.022990195 0.999707 1.9554443
-0.08534646 0.99607134 0.024980417 -20.661865 -0.9963183 -0.08560263 0.009378342 -119.895996 0.011468553 -0.024086628 0.99964416 1.970581
-0.08393502 0.9960909 0.02694963 -20.730103 -0.9964136 -0.084149115 0.0069037597 -120.79895 0.009153619 -0.026282812 0.9996128 1.9870605
-0.08332813 0.99611354 0.02846912 -20.797485 -0.99649155 -0.08350884 0.0052153096 -121.69263 0.007578249 -0.027934493 0.99958104 2.0026855
-0.08126712 0.99633354 0.02494079 -20.86914 -0.9966437 -0.081290595 -7.343548e-05 -122.59131 0.001958366 -0.024870317 0.99968886 2.0249023
-0.08135426 0.9963526 0.025986815 -20.942139 -0.9966866 -0.081243984 -0.005264368 -123.474 -0.0031376872 -0.026338372 0.9996484 2.0428467
-0.08010161 0.9964673 0.025168914 -21.00232 -0.9967697 -0.07993459 -0.00757249 -124.35559 -0.0055348086 -0.025693828 0.99965453 2.048584
-0.078582406 0.9965934 0.025508272 -21.071655 -0.99691963 -0.078547835 -0.0023580585 -125.22815 -0.00034409485 -0.025609609 0.9996719 2.0515137
-0.07706906 0.9967137 0.024543893 -21.14038 -0.99700683 -0.077150464 0.0023934334 -126.105225 0.004273894 -0.02429975 0.99969584 2.0667725
-0.07921065 0.99647963 0.027734136 -21.202148 -0.99686205 -0.07925332 0.00044449768 -126.982056 0.0026477491 -0.027618468 0.9996151 2.0792236
-0.07860208 0.99647915 0.028593263 -21.260864 -0.9968883 -0.078609236 -0.0008769345 -127.84534 0.0013787609 -0.028571444 0.9995907 2.086914
-0.077887416 0.9966856 0.024531092 -21.334717 -0.9969826 -0.077939145 0.0011630838 -128.70361 0.0030626766 -0.024367446 0.99969846 2.10437
-0.07643402 0.99678993 0.024733435 -21.391724 -0.997088 -0.07651377 0.0022964706 -129.58105 0.004175934 -0.024490371 0.99969155 2.1193848
-0.07648731 0.9965182 0.03373328 -21.449585 -0.9970498 -0.0767411 0.0063018994 -130.45532 0.008864918 -0.03316638 0.9994108 2.123291
-0.07592832 0.99631995 0.040617816 -21.495361 -0.9970926 -0.07628691 0.0073541068 -131.31299 0.010415278 -0.039935753 0.9991481 2.152832
-0.07440937 0.9964455 0.03822273 -21.549072 -0.9970911 -0.0748564 0.0103843855 -132.16626 0.01323384 -0.03734544 0.99921465 2.1695557
-0.07711803 0.99636006 0.036309265 -21.614868 -0.9969494 -0.07749928 0.0092083495 -133.05469 0.01199496 -0.035489857 0.99929804 2.2019043
-0.0743754 0.99654824 0.03722655 -21.667114 -0.99713266 -0.074871294 0.01211524 -133.85669 0.014850088 -0.036226906 0.99923354 2.2089844
-0.07226455 0.99686253 0.031901307 -21.734985 -0.9972951 -0.072621346 0.010171427 -134.72314 0.012458219 -0.0310809 0.9994393 2.2324219
-0.06888521 0.9973244 0.023902088 -21.804077 -0.997582 -0.069045536 0.005945408 -135.59436 0.007580243 -0.023426306 0.99969673 2.2590332
-0.067454584 0.99752617 0.019663809 -21.865723 -0.9977166 -0.0674938 0.0013418812 -136.42981 0.002668378 -0.019537646 0.9998057 2.2856445
-0.06266034 0.997871 0.016245393 -21.916382 -0.9980023 -0.06267381 0.00032436382 -137.26941 0.0013475856 -0.016198833 0.999868 2.2854004
-0.057864908 0.99814767 0.017192977 -21.962036 -0.99827445 -0.05796731 0.005517936 -138.0935 0.006508199 -0.016841847 0.9998369 2.3112793
-0.051029213 0.9985405 0.01600527 -22.00415 -0.99862033 -0.0511781 0.009033848 -138.94238 0.009849237 -0.0155246835 0.99983096 2.3267822
-0.042961247 0.99899954 0.012762405 -22.036865 -0.9990088 -0.04310811 0.011473482 -139.77454 0.0120097045 -0.012251193 0.99985284 2.3238525
-0.03336513 0.9993954 0.0097023435 -22.060913 -0.99942344 -0.03342283 0.005850725 -140.59741 0.0061716996 -0.009504392 0.99993575 2.3526611
-0.02192616 0.999752 0.0037841168 -22.078125 -0.99975574 -0.021935944 0.0025362193 -141.4209 0.0026192602 -0.0037277061 0.99998957 2.376587
-0.0071402807 0.99996805 -0.0021248413 -22.090698 -0.99996555 -0.0071336045 0.0031002695 -142.28333 0.003083478 0.0021473402 0.99999285 2.4031982
0.0067802654 0.99997157 -0.0031420067 -22.083618 -0.99996567 0.0067948624 0.0046564545 -143.05432 0.004675381 0.003107802 0.99998415 2.4160156
0.020751715 0.9997525 -0.007503709 -22.069092 -0.9997767 0.020772094 0.0026481005 -143.88074 0.0028051492 0.0074449116 0.9999683 2.4296875
0.033241086 0.99938506 -0.010251708 -22.044067 -0.9994216 0.03329688 0.005325577 -144.67004 0.0056655114 0.010063745 0.99993324 2.4353027
0.049000192 0.9987843 -0.006028248 -22.001831 -0.9987378 0.049064804 0.011085403 -145.49585 0.011364544 0.0054737665 0.99992037 2.4615479
0.06208313 0.9981047 0.0025316468 -21.940674 -0.99788594 0.06201565 0.021245174 -146.25708 0.021045113 -0.0038406374 0.999771 2.4699707
0.075677685 0.9971284 0.008269403 -21.871826 -0.996757 0.0754078 0.029145725 -147.05652 0.02843972 -0.010439859 0.99954075 2.506958
