1 0 0 0 0 1 0 0 0 0 1 0
0.99987263 0.00058148202 0.015949566 0.00087015988 -0.00057174039 0.99999965 -0.00061533255 -0.00014182613 -0.015949919 0.00060613519 0.99987261 0.10387367
0.99936117 0.0033259499 0.035583616 0.042793228 -0.003299798 0.99999424 -0.00079365091 -0.0010740203 -0.035586054 0.00067572519 0.99936639 0.24577616
0.99797259 0.005280595 0.063425783 0.045466138 -0.0053299637 0.99998561 0.00060919063 0.0053860733 -0.063421658 -0.00094601264 0.99798637 0.39757476
0.99527528 0.0046885788 0.096980081 0.097895174 -0.0050416681 0.99998152 0.0033961111 0.0021931315 -0.096962374 -0.0038690068 0.99528053 0.59130295
0.99096245 0.0014075023 0.13413218 0.17137074 -0.0021530237 0.99998303 0.0054132208 0.00078308358 -0.1341223 -0.0056530884 0.99094866 0.76354665
0.98477805 -0.0018174799 0.17380702 0.23220244 0.00083441737 0.99998324 0.0057289604 -0.0056001259 -0.17381453 -0.0054967269 0.98476307 0.96789885
0.97618422 -0.0023525431 0.21693048 0.33084214 0.00088041981 0.99997593 0.0068825488 -0.0058560345 -0.21694147 -0.0065276456 0.97616279 1.1717647
0.96427408 -0.0020363887 0.26489875 0.42358951 -0.00063226278 0.99994991 0.0099885759 0.0043042286 -0.26490584 -0.0097992104 0.96422449 1.3953987
0.94990414 -0.0059254386 0.31248521 0.56583148 0.00068567877 0.99985737 0.016875244 0.012634203 -0.31254066 -0.0158156 0.94977271 1.616555
0.93311334 -0.015613158 0.35924325 0.69309341 0.0072415187 0.99967022 0.02463749 0.0019799813 -0.35950947 -0.020388104 0.93291869 1.8442817
0.91234713 -0.021589516 0.4088479 0.84717019 0.010249018 0.99950009 0.029908582 -0.0027024622 -0.40928926 -0.023096719 0.91211231 2.0500095
0.88687238 -0.023225212 0.46143033 1.0375632 0.0087993898 0.99940364 0.033390579 0.0024093106 -0.46193069 -0.025552877 0.88654786 2.2991893
0.85926258 -0.025471428 0.51090019 1.2148446 0.0067338825 0.9992362 0.03849245 0.020924073 -0.51149047 -0.02963478 0.8587778 2.5316168
0.82633374 -0.030573801 0.56235022 1.4406672 0.007829325 0.99905248 0.042811748 0.021394424 -0.56312635 -0.030973969 0.82579014 2.7418774
0.79102293 -0.036189615 0.61071516 1.6760448 0.0097343539 0.99886702 0.046582298 0.025284382 -0.61170909 -0.030902748 0.790479 2.94001
0.75345061 -0.040587699 0.65625054 1.9473997 0.01081512 0.9987229 0.049351892 0.035201425 -0.65741558 -0.030086784 0.75292734 3.1781334
0.71290523 -0.044029417 0.69987678 2.2411101 0.012280043 0.99865779 0.050317163 0.044946046 -0.70115289 -0.027276852 0.71248904 3.384878
0.67196396 -0.045753687 0.73916912 2.5280174 0.011324422 0.99860787 0.051517829 0.060399695 -0.7404973 -0.026247461 0.67154663 3.6006728
0.62901108 -0.046240657 0.77601985 2.8604022 0.0071186726 0.99853017 0.053729253 0.087782692 -0.77736377 -0.028272065 0.62841571 3.8134829
0.58627463 -0.047134178 0.80873999 3.2143927 0.0042572749 0.99847145 0.055105718 0.099248799 -0.81010122 -0.028864056 0.58557915 4.0104542
0.5461117 -0.048062926 0.83633242 3.6041736 0.0018069187 0.99841802 0.056197883 0.12557562 -0.83771046 -0.029179137 0.5453346 4.199232
0.50719984 -0.050734837 0.86033379 4.0179365 0.00096680878 0.99829859 0.058300802 0.13805281 -0.86182797 -0.028738379 0.50638594 4.4074328
0.47033458 -0.050563807 0.88103838 4.4307817 -0.0020892393 0.99829059 0.058408368 0.15835813 -0.88248574 -0.029312175 0.46942494 4.5948332
0.43407749 -0.049752711 0.8995006 4.8821825 -0.0031079673 0.99838517 0.056721994 0.18334318 -0.90087021 -0.027417359 0.4332219 4.7961212
0.39993354 -0.048695794 0.91524959 5.3819986 -0.0018660521 0.99854228 0.053942778 0.20166707 -0.91654228 -0.023281429 0.39925968 4.9774875
0.37001491 -0.046926336 0.92783987 5.8867946 -0.00010156973 0.99872144 0.05055174 0.22826293 -0.92902585 -0.018799137 0.36953705 5.1608279
0.34495969 -0.045223709 0.93752736 6.4180383 0.0011531456 0.99885828 0.047757846 0.24884421 -0.93861683 -0.015393426 0.34461799 5.3363528
0.3242949 -0.044718356 0.94489841 6.9972504 0.0023223201 0.99891662 0.046477792 0.27142435 -0.94595322 -0.012878154 0.32404741 5.5217048
0.3096208 -0.045089443 0.94979041 7.583929 0.0031305282 0.99891798 0.046401161 0.29791668 -0.950855 -0.011393419 0.30942694 5.7068957
0.29852523 -0.04676833 0.95325512 8.1898959 0.0047569679 0.99885915 0.04751603 0.31887943 -0.95438993 -0.0096501292 0.29840713 5.900821
0.28755074 -0.048658417 0.95652854 8.8490089 0.0033318418 0.99875341 0.049804772 0.34599362 -0.95775965 -0.011134397 0.28735441 6.0794053
0.27707518 -0.050142992 0.95953892 9.4972138 0.0013659949 0.99865692 0.051792752 0.3750089 -0.96084731 -0.01303976 0.27677154 6.2769409
0.2659288 -0.051973498 0.96259054 10.180105 0.00081861522 0.99855735 0.053689312 0.40737171 -0.96399237 -0.013489543 0.26558771 6.4569155
0.25654974 -0.053810453 0.96503191 10.900067 -3.9844866e-05 0.99844842 0.055684359 0.42816693 -0.96653107 -0.014324259 0.25614953 6.6377949
0.24650061 -0.055544661 0.96754957 11.619792 -4.7490045e-05 0.99835555 0.057325256 0.46467173 -0.96914268 -0.014176659 0.24609261 6.8391931
0.23560425 -0.056894755 0.97018222 12.395419 -0.0011340535 0.99826813 0.058817206 0.49339697 -0.97184846 -0.014957822 0.23513169 7.0075242
0.22552472 -0.059778181 0.97240171 13.146913 -0.0019525316 0.99808603 0.06180996 0.53205361 -0.97423553 -0.015838318 0.22497635 7.198981
0.21465163 -0.063335761 0.97463489 13.944534 -0.0039542415 0.99783066 0.06571399 0.57111538 -0.97668271 -0.017959557 0.21393553 7.3848461
0.2022143 -0.067086496 0.97704079 14.724229 -0.0039315346 0.99758736 0.069310978 0.61133629 -0.97933345 -0.01785694 0.20146267 7.538713
0.18723468 -0.069393283 0.97986104 15.496067 -0.0055455341 0.99741113 0.071695828 0.65068981 -0.9822996 -0.018857798 0.18636513 7.6776987
0.17340364 -0.070241315 0.98234274 16.305805 -0.0055008705 0.99736872 0.072286746 0.6880013 -0.98483552 -0.017938525 0.17256098 7.8297932
0.15973452 -0.069220423 0.98473008 17.11115 -0.007595336 0.9974228 0.071344692 0.72612927 -0.98713083 -0.018875565 0.1587971 7.9513205
0.14275509 -0.068302227 0.98739845 17.928115 -0.0082196527 0.99749982 0.07018935 0.76830234 -0.98972395 -0.018135959 0.14183675 8.075033
0.12194059 -0.066777537 0.99028843 18.743136 -0.011090417 0.9975802 0.068634872 0.80718785 -0.99247548 -0.019352088 0.12090493 8.1588793
0.09828547 -0.065377496 0.99300839 19.552056 -0.015073913 0.99762743 0.067173581 0.84593845 -0.99504413 -0.021570709 0.097066785 8.2418734
0.068684991 -0.064872896 0.99552689 20.398196 -0.019018865 0.99761705 0.066321278 0.88672973 -0.99745714 -0.023489067 0.067287508 8.3180332
0.033895427 -0.064689035 0.99732961 21.23948 -0.022359652 0.9976042 0.065466764 0.92537504 -0.99917528 -0.024518967 0.032367795 8.3167713
0.00025701589 -0.064094568 0.99794375 22.074278 -0.023624829 0.99766491 0.064082743 0.95959073 -0.9997209 -0.023592721 -0.001257809 8.3272072
-0.033598652 -0.063209242 0.99743453 22.937802 -0.024652446 0.9977468 0.062398611 0.9946219 -0.99913136 -0.022492692 -0.035081211 8.2717464
-0.065650729 -0.061171931 0.99596581 23.741132 -0.026982121 0.99786299 0.059509884 1.0231334 -0.99747783 -0.022966402 -0.067160982 8.2432272
-0.098113061 -0.057867379 0.99349137 24.599973 -0.02930878 0.99804296 0.05523808 1.0638128 -0.99474364 -0.023698443 -0.099617074 8.163156
-0.12988538 -0.053562945 0.99008117 25.406578 -0.02618975 0.99837677 0.050575989 1.0781694 -0.99118312 -0.019360896 -0.13107735 8.0253912
-0.16161678 -0.048137629 0.9856788 26.261091 -0.022399616 0.99873121 0.045102319 1.1084237 -0.98659939 -0.014789535 -0.16248999 7.8600074
-0.19225394 -0.04196954 0.9804473 27.063018 -0.015821036 0.99908777 0.03966516 1.1202748 -0.98121771 -0.0078859083 -0.19274256 7.6962014
-0.22009335 -0.036285521 0.97480367 27.895994 -0.011089207 0.99933642 0.034694969 1.1301703 -0.97541582 -0.0031736667 -0.22034968 7.5032915
-0.24893265 -0.02952016 0.96807077 28.718477 -0.0018607449 0.99954812 0.030001547 1.1510432 -0.96851905 0.0056670326 -0.24887509 7.2861147
-0.27524842 -0.01931759 0.96117899 29.523599 0.0048703852 0.99975725 0.021487639 1.1484669 -0.96136084 0.010595752 -0.27508752 7.0149852
-0.30065513 -0.004398291 0.95372274 30.252889 0.0086810816 0.99993532 0.0073480674 1.1377859 -0.95369346 0.01048858 -0.30059751 6.7561115
-0.3244854 0.012786197 0.94580424 31.081551 0.009147522 0.99990429 -0.010379246 1.1136942 -0.94584651 0.0052838521 -0.32457131 6.5092081
-0.35027431 0.027202849 0.93625201 31.837846 0.0077726333 0.99962817 -0.026136317 1.0845666 -0.93661495 -0.001877736 -0.35035551 6.2110944
-0.37403924 0.038460814 0.92661499 32.594246 0.012067479 0.99925696 -0.036604765 1.0488599 -0.9273344 -0.0025097112 -0.37422544 5.8846007
-0.39836114 0.04312535 0.91621424 33.365781 0.0160234 0.99906885 -0.040058417 1.0055768 -0.91708872 -0.0012768484 -0.39868122 5.5628462
-0.42049037 0.042116534 0.90631891 34.109412 0.018212911 0.99911256 -0.037978689 0.95428564 -0.90711422 0.00053703323 -0.42088428 5.1962889
-0.44100017 0.038775946 0.89666895 34.850806 0.02245353 0.99923023 -0.032168044 0.91813701 -0.89722615 0.0059472713 -0.44153136 4.8211654
-0.45942369 0.03795735 0.88740579 35.5876 0.030091807 0.99917809 -0.027159235 0.88239189 -0.88770739 0.014226049 -0.4601883 4.4413917
-0.47327809 0.038594318 0.88006719 36.286867 0.033470015 0.99910626 -0.025815301 0.83330973 -0.88027704 0.017238047 -0.47414686 4.0470651
-0.48425999 0.041684145 0.87393056 36.978824 0.036127548 0.99896518 -0.027629064 0.78850313 -0.87417797 0.018193319 -0.48526482 3.6500203
-0.49377108 0.044681007 0.86844324 37.67904 0.037374982 0.99884668 -0.030139897 0.74242996 -0.86878841 0.017575842 -0.49487156 3.2276356
-0.50422247 0.043259918 0.86248955 38.359648 0.031157139 0.99900556 -0.031892292 0.68715239 -0.86301159 0.010791898 -0.5050689 2.8323296
-0.5161571 0.042457246 0.85544092 39.04637 0.029938808 0.99905461 -0.031520562 0.6686931 -0.85597055 0.009341321 -0.51694025 2.4370337
-0.52487232 0.043991845 0.85004336 39.721462 0.032058085 0.99897666 -0.031904754 0.62291192 -0.85057709 0.010504841 -0.52574549 2.0149129
-0.53149741 0.046982322 0.84575594 40.401701 0.035751352 0.99881513 -0.033017685 0.57977139 -0.84630515 0.012688105 -0.53254734 1.5756578
-0.53539557 0.05037069 0.84309805 41.125349 0.036823782 0.99866297 -0.03628054 0.5412763 -0.84379835 0.01162162 -0.53653457 1.1199727
-0.53468749 0.051544632 0.84347636 41.813627 0.035404508 0.99862801 -0.038582664 0.48848548 -0.84430792 0.0092331989 -0.53577882 0.67085069
-0.53188663 0.052512038 0.8451858 42.537085 0.03811133 0.99854856 -0.038056617 0.45234446 -0.84595756 0.01196935 -0.53311593 0.22594262
-0.52598005 0.05134229 0.84894575 43.287598 0.036593903 0.99861803 -0.037721695 0.40969128 -0.84970932 0.01122538 -0.52713198 -0.22387653
-0.51907292 0.050111669 0.85325967 44.044197 0.034225786 0.99869781 -0.037832252 0.36622748 -0.85404447 0.0095657865 -0.5201121 -0.68977616
-0.51187169 0.049567473 0.85763067 44.831414 0.032579366 0.99873589 -0.038277967 0.32035804 -0.85844395 0.0083476568 -0.51283951 -1.1444748
-0.50535349 0.047863274 0.86158395 45.638601 0.029488114 0.99883523 -0.038191987 0.26529809 -0.86240847 0.0061060326 -0.50617627 -1.594365
-0.50108691 0.045924407 0.86417753 46.440587 0.025466537 0.99894098 -0.038319467 0.22296926 -0.86502221 0.0028062263 -0.50172578 -2.0587714
-0.49990217 0.042719018 0.86502765 47.278626 0.020250047 0.99908628 -0.037636879 0.17305767 -0.86584515 -0.0012979057 -0.50031046 -2.5264951
-0.50026122 0.040671325 0.86491878 48.131598 0.017989785 0.99916882 -0.036579073 0.12706752 -0.86568767 -0.0027393884 -0.50057709 -3.0023813
-0.50137667 0.039201126 0.86434058 48.981794 0.01596246 0.99922216 -0.036059198 0.072194217 -0.8650819 -0.0042822377 -0.50161243 -3.4800389
-0.50170399 0.038802873 0.8641686 49.846309 0.016371925 0.99924042 -0.035362935 0.025094138 -0.86488446 -0.003593622 -0.50195819 -3.9940419
-0.50195539 0.037820699 0.86406616 50.726584 0.015963969 0.99927839 -0.034465192 -0.023014052 -0.86474621 -0.0035060628 -0.50219694 -4.4879282
-0.50189733 0.037483537 0.86411457 51.630366 0.01643068 0.99929341 -0.033804009 -0.073006809 -0.86477116 -0.0027681512 -0.50215858 -4.9934426
-0.50228504 0.036965949 0.86391157 52.507001 0.015928766 0.99931183 -0.033498484 -0.12947668 -0.86455542 -0.0030647416 -0.5025282 -5.5113484
-0.50255512 0.035745593 0.86380585 53.403206 0.014443051 0.99935258 -0.032951872 -0.1761118 -0.86442456 -0.0040841392 -0.50274603 -6.0262937
-0.50231634 0.034798677 0.86398338 54.306895 0.013812266 0.9993853 -0.032221867 -0.23385077 -0.86457364 -0.0042520011 -0.50248822 -6.5485665
-0.50174106 0.033936237 0.86435188 55.190204 0.012623864 0.99941099 -0.031911003 -0.2822302 -0.86492578 -0.005099599 -0.50187394 -7.0491194
-0.50036174 0.032664264 0.86520004 56.089762 0.012336871 0.99945563 -0.030598223 -0.33541592 -0.86572859 -0.0046363182 -0.50049233 -7.5592013
-0.49837894 0.030538626 0.86642124 57.000392 0.012656459 0.99952919 -0.02795007 -0.39191158 -0.86686695 -0.0029639006 -0.49853081 -8.0781195
-0.49577956 0.029444596 0.86794907 57.891643 0.013279028 0.99956525 -0.026324498 -0.44007434 -0.86834691 -0.0015256271 -0.49595501 -8.575537
-0.49354861 0.028734985 0.86924335 58.78 0.012992972 0.99958612 -0.025666492 -0.49436703 -0.86962119 -0.0013736065 -0.49371769 -9.0822828
-0.49170483 0.02933628 0.87026759 59.682336 0.013930341 0.99956943 -0.025824277 -0.54643986 -0.87065054 -0.00057479636 -0.49190178 -9.5624187
-0.49074939 0.029869136 0.87078861 60.560009 0.013961433 0.99955349 -0.026417702 -0.59093493 -0.87118895 -0.00080701371 -0.49094728 -10.056301
-0.49103143 0.031064316 0.87058778 61.464592 0.013302514 0.99951486 -0.028161769 -0.64069959 -0.87104032 -0.0022473072 -0.49120645 -10.550935
-0.49399326 0.032645513 0.86885261 62.331683 0.01164302 0.99945365 -0.030932867 -0.6931903 -0.86938781 -0.005164559 -0.49410346 -11.050885
-0.49824567 0.033494953 0.86638864 63.195461 0.010721822 0.99941514 -0.032471872 -0.74412329 -0.86696964 -0.0068897043 -0.4983134 -11.548968
-0.5038257 0.031803537 0.86321963 64.073606 0.010162838 0.99947107 -0.030891808 -0.80057559 -0.86374559 -0.0067913249 -0.50388243 -12.057029
-0.50862923 0.029731641 0.86047212 64.944029 0.01364845 0.99955644 -0.026469715 -0.86161651 -0.86087751 -0.0017191593 -0.50880941 -12.565787
-0.51462173 0.027823589 0.85696573 65.815219 0.011008079 0.99960537 -0.025844221 -0.90149538 -0.8573467 -0.0038664502 -0.51472493 -13.068025
-0.51945057 0.029912638 0.85397674 66.651567 0.01190226 0.99954343 -0.027771652 -0.96037208 -0.85441764 -0.0042617468 -0.51956944 -13.578149
-0.52431953 0.03230458 0.85090856 67.48133 0.012514509 0.99946453 -0.030233189 -1.0010904 -0.85142967 -0.0052031478 -0.52444305 -14.095799
-0.52937973 0.032884575 0.84774739 68.327328 0.011139118 0.99943178 -0.031812618 -1.0594899 -0.8483119 -0.0073977959 -0.52944523 -14.607744
-0.53291865 0.033178353 0.84551573 69.161873 0.0099534133 0.99940765 -0.032943608 -1.1144252 -0.84610797 -0.0091404952 -0.53293321 -15.122076
-0.53664337 0.031999498 0.84320215 69.983759 0.0097897032 0.99944953 -0.03169857 -1.170936 -0.8437524 -0.0087561283 -0.53666123 -15.639974
-0.53933489 0.025560343 0.84170332 70.807463 0.011758061 0.99967037 -0.022823225 -1.2165049 -0.84200931 -0.0024125617 -0.53945765 -16.165404
-0.54110915 0.017978442 0.84076013 71.624424 0.013285222 0.99982944 -0.012829604 -1.2454785 -0.84084746 0.0042274695 -0.54125571 -16.689243
-0.54312744 0.014600849 0.83952328 72.454286 0.012477511 0.99987874 -0.0093174287 -1.2854733 -0.8395576 0.0054146111 -0.54324376 -17.217865
-0.54433389 0.020008319 0.83862997 73.25232 0.012545077 0.99979788 -0.015710819 -1.3210366 -0.83877488 0.0019687473 -0.54447487 -17.733636
-0.5457604 0.025347491 0.83755778 74.047734 0.013530279 0.99967863 -0.021437391 -1.3607137 -0.83783207 -0.00036728807 -0.54592797 -18.247845
-0.54632504 0.030451714 0.83701947 74.85127 0.019636155 0.99952986 -0.023547449 -1.3981109 -0.83734308 0.0035712842 -0.54666614 -18.769357
-0.54606726 0.031353996 0.83715436 75.643236 0.022995621 0.99948383 -0.022433922 -1.4391634 -0.8374257 0.0070004547 -0.5465064 -19.29397
-0.54531556 0.028542934 0.8377447 76.455427 0.022600003 0.99955741 -0.019344995 -1.4849631 -0.83792615 0.0083839065 -0.54571928 -19.824026
-0.54466023 0.023356441 0.83833147 77.237937 0.020678006 0.99968223 -0.014417364 -1.5102963 -0.83840188 0.0094824592 -0.54497012 -20.333455
-0.54433609 0.017933029 0.83867548 78.049737 0.019428388 0.99977281 -0.0087678509 -1.5401454 -0.83864225 0.011521456 -0.54456083 -20.84196
-0.54369912 0.010707994 0.83921186 78.845899 0.0097447142 0.99993175 -0.0064454159 -1.5775987 -0.83922367 0.0046735136 -0.54376636 -21.345325
-0.54215992 0.005403924 0.84025791 79.662857 0.0012799137 0.99998347 -0.0056053212 -1.6023146 -0.84027438 -0.0019635221 -0.54215788 -21.842798
-0.54055779 0.0061708841 0.84128422 80.444741 0.0046248091 0.99997979 -0.0043633074 -1.6240611 -0.84129421 0.0015321599 -0.5405754 -22.341386
-0.53752471 0.010317869 0.84318483 81.241209 0.0108426 0.99992704 -0.0053238024 -1.6512656 -0.84317832 0.0062806418 -0.53759737 -22.848352
-0.53195975 0.012257419 0.84668089 82.027554 0.010525022 0.99991369 -0.007863024 -1.6834722 -0.84670426 0.0047285234 -0.53204285 -23.341091
-0.52465754 0.015446764 0.85117319 82.817306 0.016880052 0.99982757 -0.0077397331 -1.7023622 -0.85114604 0.01030714 -0.52482782 -23.825955
-0.51653759 0.017810863 0.85607922 83.621571 0.024297946 0.99968592 -0.0061378273 -1.7396284 -0.85591973 0.017630549 -0.51680812 -24.319995
-0.50629424 0.017185485 0.8621895 84.430605 0.022404978 0.99972605 -0.0067702814 -1.76547 -0.86206973 0.015889583 -0.50654058 -24.78828
-0.49567005 0.013921636 0.86839929 85.250268 0.017747034 0.99982511 -0.0058988154 -1.7912794 -0.86832961 0.012487646 -0.49583043 -25.243582
-0.48403473 0.011325264 0.87497546 86.058372 0.019772362 0.9998025 -0.0020029328 -1.8123355 -0.87482541 0.016330843 -0.48416307 -25.675287
-0.47318811 0.0098986545 0.88090576 86.871644 0.018867866 0.99982138 -0.0010998181 -1.83711 -0.88075938 0.016100392 -0.47329036 -26.112421
-0.46192666 0.008970541 0.88687272 87.707237 0.018839707 0.99982247 -0.0003003645 -1.8547942 -0.88671804 0.016569677 -0.46201366 -26.530941
-0.44927299 0.01069475 0.89333047 88.527045 0.021918152 0.99975932 -0.00094583334 -1.8731757 -0.89312566 0.019155217 -0.44939927 -26.942007
-0.43720778 0.013765403 0.89925514 89.353346 0.02144898 0.99975806 -0.004875603 -1.9077687 -0.89910476 0.017156455 -0.43739726 -27.336582
-0.42549034 0.023587404 0.90465548 90.210131 0.023957726 0.99960349 -0.01479488 -1.9291222 -0.90464582 0.015378411 -0.42588673 -27.72835
-0.41285969 0.028752738 0.91034064 91.034384 0.024066533 0.99949698 -0.020653997 -1.9613729 -0.91047666 0.013381541 -0.413344 -28.096664
-0.40172877 0.024842084 0.91542165 91.864472 0.021141462 0.99961715 -0.017849085 -1.9882529 -0.91551467 0.012182862 -0.40210017 -28.447822
-0.38948099 0.021297142 0.9207882 92.713306 0.022950489 0.99964662 -0.013413329 -2.0297119 -0.92074856 0.015908304 -0.38983214 -28.803222
-0.37955131 0.021985056 0.92490939 93.551864 0.02044144 0.99967284 -0.015373708 -2.05899 -0.92494487 0.01307137 -0.37987655 -29.123396
-0.37272706 0.025973059 0.92757742 94.398185 0.014733028 0.99964784 -0.022070948 -2.1012374 -0.92782409 0.0054395852 -0.37297847 -29.46042
-0.36726789 0.030786922 0.9296055 95.25293 0.0065979126 0.99951313 -0.030495441 -2.1382294 -0.93009184 -0.0050665396 -0.36729221 -29.778689
-0.36396715 0.033307353 0.93081602 96.085651 0.0051370454 0.99941699 -0.033753412 -2.1805976 -0.93139766 -0.0075034884 -0.36392605 -30.092011
-0.36050219 0.033509332 0.93215622 96.929352 0.0050638149 0.99941007 -0.033968605 -2.2261901 -0.93274466 -0.0075254893 -0.36045921 -30.408403
-0.35536613 0.032481348 0.93416262 97.788648 0.0022029451 0.99942238 -0.033912439 -2.2801157 -0.93472463 -0.0099934224 -0.35523242 -30.735256
-0.35026089 0.029146828 0.93619854 98.613684 0.0014812884 0.9995317 -0.030564393 -2.3180601 -0.93665105 -0.0093187307 -0.35014004 -31.026767
-0.3443515 0.024716946 0.93851534 99.492153 -0.00028847103 0.99965055 -0.026432858 -2.3693824 -0.93884079 -0.009372928 -0.34422403 -31.349327
-0.33887724 0.022228784 0.94056793 100.34484 -0.00053026679 0.99971618 -0.023817704 -2.4111052 -0.94083049 -0.0085700292 -0.33876927 -31.641344
-0.33294984 0.020733221 0.94271653 101.18738 -0.0055723128 0.99969752 -0.023954442 -2.4547879 -0.94292811 -0.013228738 -0.3327336 -31.925392
-0.32657255 0.019626314 0.94496831 102.03881 -0.01911107 0.99944288 -0.027362324 -2.4949388 -0.94497895 -0.026995139 -0.32601553 -32.193362
-0.31961957 0.023183224 0.94726226 102.88993 -0.016757305 0.99940601 -0.030113534 -2.5436981 -0.9473978 -0.025498437 -0.31904123 -32.476137
-0.31295999 0.027491061 0.94936832 103.73608 -0.013846092 0.99934272 -0.033502554 -2.5860844 -0.94966542 -0.02363 -0.31237364 -32.749503
-0.30628336 0.025991034 0.95158546 104.59243 -0.014424026 0.99938573 -0.031939228 -2.6217767 -0.95183115 -0.023508147 -0.30572032 -33.01786
-0.29932427 0.020713233 0.95392655 105.45969 -0.015297138 0.99953167 -0.02650344 -2.6663118 -0.95402886 -0.022525468 -0.29886724 -33.278992
-0.29220348 0.01831127 0.95618081 106.30899 -0.01498887 0.99960619 -0.023723397 -2.7054022 -0.95623875 -0.021264129 -0.29181394 -33.529117
-0.28589617 0.020876772 0.95803312 107.16462 -0.018682256 0.9994512 -0.027354481 -2.75399 -0.95807851 -0.025718761 -0.28534925 -33.775234
-0.27974363 0.023775213 0.95978027 108.03166 -0.018218512 0.99938186 -0.030066286 -2.7932016 -0.95990191 -0.025896619 -0.27913756 -34.021031
-0.27238557 0.024966683 0.96186417 108.88196 -0.019376097 0.99931826 -0.031425882 -2.8349663 -0.96199311 -0.02719713 -0.27171612 -34.253903
-0.26547741 0.023658083 0.96382673 109.75961 -0.020712286 0.99932821 -0.030234514 -2.8825368 -0.96389461 -0.027989635 -0.26480905 -34.481537
-0.25814542 0.02347602 0.96582076 110.60119 -0.017876371 0.9994175 -0.02907066 -2.9256867 -0.96594071 -0.024769827 -0.25757538 -34.70209
-0.25030341 0.024882944 0.96784759 111.45736 -0.013090263 0.99949132 -0.029081874 -2.9710359 -0.96807899 -0.019948672 -0.24985037 -34.917772
-0.24319002 0.025408551 0.96964578 112.34823 -0.011299226 0.99951482 -0.029025116 -3.0136008 -0.96991289 -0.018014865 -0.24278493 -35.14869
-0.23683784 0.024198644 0.97124775 113.19384 -0.01882334 0.99938783 -0.029489806 -3.0544379 -0.97136687 -0.025266428 -0.23623735 -35.327454
-0.23116506 0.022049493 0.97266461 114.06824 -0.023235941 0.99933287 -0.02817633 -3.0983285 -0.97263708 -0.02911416 -0.23049851 -35.519432
-0.22615545 0.022453854 0.97383235 114.95017 -0.019728538 0.99942364 -0.027625522 -3.1355612 -0.97389146 -0.025459951 -0.22558213 -35.722705
-0.22156074 0.022512775 0.97488662 115.80335 -0.018471655 0.9994572 -0.027278195 -3.1816836 -0.97497165 -0.024051546 -0.22102463 -35.914667
-0.21688041 0.024123526 0.97590003 116.69889 -0.01795013 0.99942705 -0.028694265 -3.221571 -0.97603318 -0.023740756 -0.21632313 -36.105211
-0.21141929 0.022903552 0.97712703 117.55536 -0.012991002 0.99957124 -0.026240476 -3.261871 -0.97730916 -0.018241602 -0.2110311 -36.280942
-0.20561215 0.02220594 0.97838155 118.41877 -0.0041695736 0.99971358 -0.023566362 -3.2996037 -0.97862472 -0.0089249635 -0.20546067 -36.474334
-0.20080886 0.021053373 0.97940414 119.30376 -0.0014764243 0.9997614 -0.021793687 -3.3443429 -0.97962937 -0.0058223807 -0.20072986 -36.660139
-0.19675304 0.022163906 0.98020249 120.16732 -0.0043609972 0.99971478 -0.023480478 -3.3807912 -0.98044342 -0.008894515 -0.19660027 -36.818942
-0.1930936 0.024403621 0.98087677 121.03612 -0.0065650045 0.99963614 -0.026162715 -3.4188418 -0.98115842 -0.011491313 -0.19286313 -36.978131
-0.19135686 0.023621206 0.98123621 121.92957 -0.0085196142 0.99963274 -0.025725525 -3.4595013 -0.9814836 -0.013282509 -0.19108534 -37.146184
-0.19054887 0.022265211 0.98142514 122.77683 -0.010703224 0.99963621 -0.024756445 -3.5042343 -0.9816194 -0.015221725 -0.19024124 -37.302898
-0.18974177 0.018462479 0.98166039 123.65991 -0.0086396036 0.99975308 -0.020472673 -3.5321332 -0.98179606 -0.012365677 -0.18953542 -37.466253
-0.18886048 0.01248556 0.98192451 124.51233 -0.0092631109 0.99985203 -0.014495154 -3.5753533 -0.98196028 -0.011833237 -0.18871688 -37.621085
-0.18809658 0.010404541 0.98209538 125.37787 -0.0078850379 0.99989566 -0.012103308 -3.6044542 -0.98211893 -0.01002045 -0.18799492 -37.780589
-0.1866567 0.015132382 0.98230861 126.25381 -0.0090013234 0.99981305 -0.017112452 -3.635893 -0.982384 -0.012036231 -0.1864856 -37.943865
-0.18657262 0.019042132 0.98225657 127.0976 -0.0090481511 0.99973643 -0.021099629 -3.6739033 -0.98239955 -0.012824218 -0.18635115 -38.09563
-0.18671203 0.018483685 0.98224075 127.94501 -0.010617043 0.99972664 -0.020830902 -3.6984932 -0.98235736 -0.014317872 -0.18646475 -38.250682
-0.1862152 0.01735526 0.98235564 128.81441 -0.01294377 0.99971387 -0.020115545 -3.7403437 -0.98242376 -0.016461205 -0.18593728 -38.407784
-0.18520826 0.017830769 0.98253747 129.65426 -0.0069682829 0.99978641 -0.019457317 -3.7769421 -0.98267463 -0.010450254 -0.18504445 -38.56852
-0.18474317 0.02035468 0.98257599 130.50272 -0.010040477 0.99969423 -0.022597096 -3.8159008 -0.98273559 -0.01404019 -0.18448231 -38.719449
-0.18483177 0.021878506 0.98252657 131.32547 -0.018597178 0.99949529 -0.025754837 -3.8448349 -0.98259424 -0.023032533 -0.18433161 -38.854924
-0.18439564 0.023024327 0.98258234 132.16776 -0.023914353 0.99932449 -0.027904506 -3.8832489 -0.98256116 -0.02864329 -0.18372047 -38.997852
-0.18448483 0.026038965 0.98249032 133.00405 -0.025581588 0.99918309 -0.031284895 -3.9346875 -0.98250242 -0.030905251 -0.183668 -39.148683
-0.18384888 0.026984567 0.98258401 133.82758 -0.022186028 0.99925454 -0.031593559 -3.977617 -0.98270415 -0.027608077 -0.18311315 -39.29646
-0.1822207 0.028412679 0.98284701 134.64964 -0.022112563 0.99921119 -0.032985431 -4.0230353 -0.98300902 -0.027743895 -0.18144869 -39.437264
-0.18025535 0.027446061 0.98323682 135.47052 -0.018108737 0.99934862 -0.031215652 -4.060187 -0.98345318 -0.023431965 -0.17964093 -39.589402
-0.17719319 0.024721152 0.98386552 136.30378 -0.0085056752 0.99960868 -0.026648586 -4.1060485 -0.98413937 -0.013090388 -0.17691358 -39.738879
-0.17492896 0.020256268 0.98437262 137.11361 -0.0011184487 0.99978361 -0.020772147 -4.1381325 -0.98458046 -0.0047346197 -0.17486846 -39.896123
-0.17093687 0.020132275 0.98507624 137.94173 0.0028476831 0.99979714 -0.01993898 -4.1685293 -0.98527791 -0.0006031211 -0.17095953 -40.037004
-0.16629283 0.02432511 0.98577629 138.71791 -0.001414235 0.99968877 -0.024906985 -4.215943 -0.98607544 -0.0055359716 -0.16620668 -40.157103
-0.16015876 0.027740184 0.98670136 139.50233 0.00088206568 0.99960866 -0.027959884 -4.2514862 -0.98709092 -0.0036076842 -0.16012055 -40.286564
-0.15160261 0.027949489 0.98804625 140.33096 -0.0040747645 0.99957398 -0.028900798 -4.2935466 -0.98843317 -0.0084074915 -0.15142414 -40.400223
-0.14201871 0.02453931 0.98955971 141.12574 0.0043275542 0.9996985 -0.024169655 -4.3210277 -0.98985456 0.00084983092 -0.14208209 -40.51137
-0.12969429 0.023252931 0.9912813 141.93535 0.015337773 0.99965242 -0.021442577 -4.3549537 -0.99143544 0.012423069 -0.13000586 -40.61806
-0.11635411 0.025219847 0.9928875 142.71351 0.013013891 0.99963046 -0.023866054 -4.3956471 -0.99312257 0.010144418 -0.11663932 -40.703597
-0.10205125 0.026519145 0.99442556 143.50209 0.012330055 0.99960153 -0.025391824 -4.4302046 -0.99470277 0.0096700557 -0.10233757 -40.782296
-0.088443479 0.026392917 0.99573143 144.28403 0.01290667 0.99959534 -0.025348928 -4.4671902 -0.99599762 0.01060963 -0.088748336 -40.839344
-0.074710799 0.02776639 0.99681856 145.07505 0.01690516 0.99950389 -0.02657416 -4.5057587 -0.99706198 0.014866001 -0.075143131 -40.899431
-0.060682604 0.033796692 0.99758474 145.86666 0.015082194 0.99934356 -0.032938835 -4.5535754 -0.9980432 0.013046953 -0.0611525 -40.935732
-0.048161549 0.042510348 0.99793449 146.62476 0.004595543 0.99909278 -0.042337901 -4.600953 -0.99882903 0.0025469929 -0.048313215 -40.952346
-0.034691197 0.051770413 0.99805624 147.37537 0.0012254232 0.99865885 -0.051759075 -4.6364596 -0.99939737 -0.00057254221 -0.034708113 -40.954877
-0.02140577 0.052680861 0.99838191 148.14741 -0.001847996 0.99860697 -0.052732357 -4.6887787 -0.9997692 -0.0029737817 -0.021278599 -40.962871
-0.0094149646 0.048537071 0.99877697 148.92563 -0.0017123525 0.99881903 -0.048555255 -4.7384034 -0.99995425 -0.0021674034 -0.0093207347 -40.958687
0.0009888692 0.045795355 0.99895031 149.67626 -0.0015098047 0.99894977 -0.045793834 -4.7916356 -0.99999841 -0.0014629349 0.0010569712 -40.938234
0.010965736 0.051833225 0.99859551 150.44131 -0.0061703401 0.99864009 -0.05176778 -4.8539632 -0.99992088 -0.0055940013 0.011270651 -40.923419
0.017045715 0.060632722 0.99801455 151.20016 -0.013094275 0.99808755 -0.06041351 -4.9013075 -0.99976901 -0.012038485 0.017807056 -40.893248
0.020517163 0.063971437 0.99774076 151.94406 -0.017995964 0.99781282 -0.063605994 -4.9551988 -0.99962757 -0.016650292 0.021623514 -40.86819
0.02031398 0.059793149 0.99800403 152.68735 -0.02047693 0.99802555 -0.059377636 -5.0092153 -0.99958397 -0.019229862 0.02149825 -40.846697
0.018724163 0.054052193 0.9983625 153.44711 -0.014548821 0.99844661 -0.053783883 -5.0783514 -0.99971887 -0.013517938 0.019481471 -40.822795
0.016141766 0.05166833 0.9985338 154.20616 -0.013886511 0.99857922 -0.051446197 -5.1252699 -0.99977332 -0.013035718 0.016836324 -40.809836
0.012871296 0.051530895 0.99858841 154.94651 -0.017488152 0.99853003 -0.051302468 -5.1796878 -0.99976426 -0.016803136 0.013753554 -40.793058
0.009383121 0.052092001 0.99859817 155.707 -0.014179537 0.99854869 -0.051956184 -5.2343857 -0.99985548 -0.013672148 0.010108142 -40.78614
0.0048098739 0.050155874 0.99872978 156.4452 -0.012882051 0.99866161 -0.050090409 -5.2879911 -0.9999055 -0.012624759 0.0054495454 -40.774358
-0.00030513123 0.050716039 0.99871302 157.18256 -0.014186579 0.99861239 -0.050715261 -5.3368891 -0.99989936 -0.014183795 0.00041477772 -40.778146
-0.0066031794 0.048768681 0.99878823 157.92488 -0.016587253 0.99866729 -0.048872436 -5.3858216 -0.99984066 -0.016889866 -0.0057854424 -40.770334
-0.012541372 0.045806875 0.99887154 158.66154 -0.013451127 0.99885203 -0.045974864 -5.4341345 -0.99983092 -0.014012536 -0.011910822 -40.781117
-0.01732691 0.0460444 0.99878907 159.4033 -0.01420156 0.99882697 -0.046292514 -5.4858294 -0.99974906 -0.014986468 -0.016652685 -40.794286
-0.022915122 0.047132835 0.99862571 160.11763 -0.014994767 0.99875948 -0.047483226 -5.528673 -0.999625 -0.016062243 -0.022179951 -40.801221
-0.027194491 0.04928233 0.99841456 160.84181 -0.017135851 0.99861425 -0.049758926 -5.5843051 -0.99948332 -0.018461851 -0.026312313 -40.81685
-0.02975473 0.051625749 0.9982231 161.55659 -0.017243113 0.9984902 -0.052153539 -5.6361007 -0.99940853 -0.018764287 -0.028819619 -40.834523
-0.031363055 0.05319691 0.99809136 162.27593 -0.015281633 0.99844041 -0.053695707 -5.6922843 -0.99939127 -0.016936527 -0.030501208 -40.85309
-0.030251123 0.051484773 0.99821546 162.99388 -0.010614172 0.99859971 -0.051826255 -5.73856 -0.99948601 -0.012163033 -0.029662296 -40.878602
-0.026830316 0.047761538 0.99849832 163.70771 -0.0065067762 0.99882844 -0.047952169 -5.7830431 -0.99961887 -0.0077835762 -0.026488111 -40.898968
-0.019315895 0.047196127 0.99869882 164.41532 -0.00653028 0.99885796 -0.047329949 -5.8373887 -0.99979215 -0.0074360026 -0.018985633 -40.906461
-0.0083201542 0.048352682 0.99879563 165.10971 -0.0036996206 0.99882192 -0.048384772 -5.8882 -0.99995859 -0.0040977329 -0.0081314674 -40.902553
0.0058660512 0.048572515 0.99880239 165.78614 -0.00081479491 0.99881952 -0.048568561 -5.9348969 -0.9999825 -0.0005289126 0.0058987016 -40.898401
0.021005644 0.046543568 0.99869534 166.47412 -0.0025409695 0.99891504 -0.046500361 -5.9784997 -0.99977617 -0.0015608835 0.021101118 -40.871709
0.036956565 0.041393898 0.99845915 167.17066 -0.0048870393 0.99913727 -0.041241123 -6.017815 -0.99930497 -0.0033553781 0.037126973 -40.824808
0.053733041 0.035097711 0.99793829 167.84692 -0.0077177695 0.99936685 -0.034732397 -6.0572277 -0.99852555 -0.0058355796 0.053969894 -40.778755
0.070776175 0.027631221 0.9971094 168.52132 -0.0078705637 0.99960061 -0.027141591 -6.0955283 -0.99746121 -0.0059268344 0.07096538 -40.718301
0.088789946 0.019830475 0.99585291 169.21877 -0.0083161491 0.99978171 -0.019167243 -6.1283911 -0.9960157 -0.0065798021 0.088935476 -40.642004
0.10577301 0.013790055 0.99429464 169.87414 -0.010427444 0.99986424 -0.012758029 -6.1587095 -0.99433567 -0.0090184957 0.10590244 -40.557703
0.12367994 0.011367029 0.99225701 170.53333 -0.011214428 0.99988654 -0.010056607 -6.1884722 -0.99225883 -0.0098837937 0.12379338 -40.46302
0.14176258 0.010178797 0.98984831 171.17061 -0.0093873376 0.99991599 -0.0089379032 -6.2024656 -0.98985622 -0.0080249794 0.14184622 -40.357246
0.15899545 0.0098243733 0.98723039 171.80294 -0.011258812 0.99990351 -0.0081372342 -6.2261786 -0.98721516 -0.0098212571 0.15909071 -40.240881
0.17560436 0.0093416133 0.98441646 172.46244 -0.01587492 0.99985183 -0.0066562514 -6.238262 -0.98433286 -0.014458665 0.17572664 -40.106547
0.18979249 0.0059742669 0.98180601 173.0777 -0.018115486 0.99983257 -0.002582061 -6.2548683 -0.98165713 -0.017295837 0.18986894 -39.96469
0.20246566 0.0016286591 0.97928797 173.69116 -0.01450449 0.99989391 0.0013358431 -6.2738319 -0.97918198 -0.014474534 0.2024678 -39.828835
0.21320509 0.0001166005 0.97700742 174.32319 -0.012216959 0.99992213 0.0025466815 -6.2893081 -0.97693112 -0.012479024 0.21318991 -39.684935
0.22278773 0.0034408721 0.97486086 174.91821 -0.015736845 0.99987617 6.7220144e-05 -6.3059192 -0.97473999 -0.015356209 0.22281429 -39.532065
0.23171607 0.010367034 0.97272818 175.53124 -0.01960791 0.99978984 -0.0059845977 -6.3236499 -0.97258587 -0.017686439 0.23187064 -39.374836
0.24099412 0.020575718 0.9703084 176.10151 -0.019644165 0.99967384 -0.016319428 -6.3382463 -0.97032779 -0.015128011 0.24131971 -39.223749
0.24938887 0.027321445 0.9680179 176.68517 -0.014647957 0.99959401 -0.024438922 -6.3512421 -0.96829268 -0.0080846889 0.24968782 -39.073207
0.25575325 0.026050788 0.96639099 177.28875 -0.015963432 0.99961437 -0.022721696 -6.3702218 -0.96661033 -0.0096157684 0.25607048 -38.904587
0.26162264 0.018629496 0.96499039 177.89551 -0.017179363 0.9997452 -0.01464288 -6.3871282 -0.96501738 -0.012747011 0.26187601 -38.725971
0.26613454 0.0076001159 0.96390589 178.50067 -0.021181372 0.99977358 -0.0020347424 -6.4073637 -0.96370319 -0.019875334 0.26623526 -38.543256
0.26800717 -0.0016081218 0.96341553 179.11351 -0.020782466 0.99975626 0.0074501393 -6.4343686 -0.96319278 -0.022018841 0.26790843 -38.368835
0.26898129 -0.0027346945 0.96314148 179.71827 -0.01653603 0.99983546 0.0074569807 -6.4482484 -0.96300348 -0.017932324 0.26889181 -38.201193
0.27028587 0.00057813518 0.9627799 180.31771 -0.015092353 0.99987949 0.0036365365 -6.4503959 -0.96266186 -0.015513518 0.27026202 -38.033325
0.27161293 0.00031840417 0.96240648 180.92789 -0.01296993 0.99991034 0.0033295965 -6.4627338 -0.96231922 -0.013386705 0.27159271 -37.860662
0.27346366 -0.0015200804 0.96188109 181.53837 -0.014340821 0.99988116 0.005657241 -6.4577808 -0.96177547 -0.015341214 0.27340936 -37.682711
0.27591192 -0.0056326773 0.96116638 182.15731 -0.014071749 0.99985199 0.0098988137 -6.4733418 -0.96107995 -0.016256492 0.27579182 -37.49836
0.27929504 -0.011288882 0.96013893 182.76927 -0.012672344 0.99980047 0.015441466 -6.4820502 -0.96012175 -0.016479935 0.27909625 -37.312396
0.28358923 -0.014284794 0.95883941 183.39654 -0.011159251 0.99977218 0.018195105 -6.4851809 -0.95888096 -0.015859865 0.28336521 -37.12657
0.29000784 -0.015576103 0.95689747 183.99574 -0.010377689 0.99975757 0.019418944 -6.4804601 -0.95696804 -0.015562029 0.28977589 -36.934966
0.29742156 -0.018875995 0.9545596 184.63514 -0.0089819148 0.99970498 0.022567308 -6.4811663 -0.95470405 -0.015285777 0.29716427 -36.740211
0.30718245 -0.021284226 0.95141255 185.23236 -0.0063855454 0.99968125 0.024425754 -6.4839434 -0.95162926 -0.013578451 0.30694862 -36.53347
0.31848012 -0.019420315 0.94773055 185.85673 -0.0069628311 0.99971522 0.022825378 -6.4831403 -0.94790401 -0.013868316 0.3182542 -36.309542
0.32954551 -0.015761451 0.94400808 186.46597 -0.0080923211 0.99977676 0.019517545 -6.4820387 -0.94410505 -0.014071135 0.3293444 -36.089111
0.34116993 -0.011919891 0.93992602 187.08973 -0.0097284569 0.99982127 0.016210656 -6.4796583 -0.93995133 -0.014674618 0.34099299 -35.848364
0.3527827 -0.011154861 0.93563875 187.71224 -0.0097236435 0.99983124 0.015586477 -6.4751683 -0.93565479 -0.014596456 0.3526147 -35.607871
0.3641259 -0.014549102 0.93123605 188.32868 -0.0077633397 0.99979582 0.018655811 -6.4786515 -0.93131742 -0.014022566 0.36393861 -35.35238
0.37506827 -0.016369997 0.9268526 188.94193 -0.0079793028 0.99975001 0.02088648 -6.4744227 -0.92696289 -0.015229493 0.37484388 -35.08843
0.3864663 -0.016275092 0.92215988 189.57744 -0.011225213 0.99968724 0.022347717 -6.4811946 -0.92223526 -0.01898808 0.38616273 -34.815929
0.39587461 -0.018068711 0.91812676 190.195 -0.012805851 0.99960056 0.025193694 -6.4676813 -0.91821532 -0.021730938 0.39548509 -34.528255
0.4030625 -0.016524456 0.91502322 190.8324 -0.017963434 0.9995015 0.025962843 -6.4660607 -0.91499618 -0.026901607 0.40256474 -34.236427
0.40743662 -0.018969722 0.91303641 191.46963 -0.0180771 0.99942082 0.028831278 -6.4553713 -0.91305459 -0.028251969 0.40685772 -33.939917
0.40974347 -0.024055784 0.91188351 192.10905 -0.012644429 0.9994064 0.032046282 -6.4459505 -0.91211319 -0.024661001 0.40919608 -33.646274
0.40987091 -0.022148981 0.91187455 192.76065 -0.010844754 0.99951615 0.02915227 -6.4396447 -0.91207911 -0.021837722 0.40943239 -33.355848
0.40871275 -0.022087986 0.91239571 193.43045 -0.0085565553 0.99957042 0.028031335 -6.4347459 -0.912623 -0.019263728 0.40834818 -33.068413
0.4074895 -0.021099536 0.91296607 194.08656 -0.0054148352 0.99965965 0.025519944 -6.4283189 -0.91319388 -0.01534267 0.40723656 -32.772547
0.40776354 -0.022143525 0.91281898 194.7614 -0.0030480251 0.99966731 0.025611904 -6.4159951 -0.91308251 -0.013225895 0.40756038 -32.469094
0.40680061 -0.028466374 0.9130733 195.44226 0.00076481175 0.99952463 0.030820872 -6.4094191 -0.91351669 -0.01183962 0.406629 -32.165112
0.40591756 -0.031738247 0.91335839 196.12423 0.0017230391 0.9994216 0.033963095 -6.4002753 -0.91390811 -0.012212464 0.40573746 -31.865038
0.40455456 -0.034103365 0.91387773 196.8112 0.0025192967 0.99934221 0.036177421 -6.3842974 -0.91451043 -0.012333411 0.40437436 -31.558903
0.40256153 -0.034287912 0.9147505 197.49051 0.0018193909 0.99932623 0.036657419 -6.3750949 -0.91539116 -0.013092577 0.40235268 -31.246591
0.40137166 -0.034764445 0.91525524 198.18212 0.0010583082 0.99929635 0.037492501 -6.3588281 -0.9159147 -0.014079805 0.40112603 -30.941192
0.3993103 -0.03351963 0.91620284 198.86768 -0.00075697039 0.99931903 0.036890379 -6.3506133 -0.91681557 -0.015424246 0.39901301 -30.639837
0.39780178 -0.030372923 0.91696846 199.57264 0.00019242332 0.99945462 0.03302165 -6.3460015 -0.91747141 -0.012959624 0.39759067 -30.331659
0.39746421 -0.024270787 0.91729661 200.25371 -0.00076800132 0.99964099 0.026782315 -6.3423854 -0.9176174 -0.011349496 0.39730287 -30.036655
0.39607963 -0.020653767 0.91798381 200.93171 -0.0034019437 0.99970712 0.02396029 -6.3275307 -0.9182099 -0.012613111 0.39589336 -29.746514
0.39496616 -0.023971335 0.91838284 201.63465 -0.0030753739 0.99961942 0.027414363 -6.3164059 -0.91869056 -0.013652116 0.39474212 -29.438364
0.3937378 -0.027201555 0.91882019 202.31595 -0.0041956274 0.99949847 0.031387958 -6.3098886 -0.91921326 -0.016213652 0.3934262 -29.136802
0.39108078 -0.02661298 0.91997147 202.99593 -0.0081951487 0.99944152 0.032395659 -6.3055424 -0.92031991 -0.020208622 0.39064427 -28.845719
0.38659206 -0.02671033 0.92186391 203.68729 -0.010767625 0.99938166 0.033471851 -6.2991655 -0.922188 -0.022866236 0.38606541 -28.538974
0.37983432 -0.02766105 0.92464084 204.36139 -0.011236619 0.99934113 0.034511647 -6.2897069 -0.92498633 -0.023498545 0.37927323 -28.256887
0.37146379 -0.027974755 0.92802586 205.06158 -0.010940749 0.99934468 0.034503903 -6.2774836 -0.92838302 -0.022970248 0.37091429 -27.975109
