7.772194480339513767e-01 -6.288631379276465871e-01 2.147285154780437244e-02 -6.595430653170805613e+01 6.278996834601995314e-01 7.773425500269796062e-01 3.847788232394540320e-02 2.569508678743511254e+01 -4.088908299756794512e-02 -1.642296177147790567e-02 9.990287129098301966e-01 -8.817926825842876681e-01 -4.809208017785018303e-24 -1.416202385148814181e-23 -3.430527606006730092e-24 9.999999999999997780e-01
7.486702644746823232e-01 -6.623669064263629780e-01 2.762094065340751914e-02 -6.554036048939342152e+01 6.616258975998342562e-01 7.491591271418576170e-01 3.180839268597310254e-02 2.604777717734996756e+01 -4.176130645254661627e-02 -5.539268112359476727e-03 9.991122608556838314e-01 -8.940859860344806398e-01 -4.809208017785018303e-24 -1.416202385148814181e-23 -3.430527606006730092e-24 9.999999999999997780e-01
7.209750823354612592e-01 -6.928595357624103279e-01 1.185724902632405604e-02 -6.521103159320493603e+01 6.925169274001129471e-01 7.210200576069907275e-01 2.346021723513265836e-02 2.645630539168617190e+01 -2.480394959843973401e-02 -8.702886389579601173e-03 9.996544522247710063e-01 -9.068767860752210419e-01 1.066073915383527214e-18 2.129357216675143525e-18 -2.950674061527011620e-20 9.999999999999998890e-01
6.902489290520422704e-01 -7.234305699847777271e-01 -1.430476682820812535e-02 -6.488329066000366652e+01 7.235671467327452477e-01 6.901817027702463747e-01 9.990061571262521395e-03 2.688519601191437758e+01 2.645772390542728159e-03 -1.724608861929178422e-02 9.998477745716047860e-01 -9.120276638019493287e-01 7.891152449579207717e-19 5.576912885544072432e-18 -5.370877595707628264e-20 1.000000000000000000e+00
6.555857234718760473e-01 -7.545898673072521934e-01 -2.831062233655810487e-02 -6.450974483362080036e+01 7.546360711953289391e-01 6.560473848754436732e-01 -1.123516127920206817e-02 2.733719215366072319e+01 2.705104860694408295e-02 -1.399860547760616546e-02 9.995360322739461623e-01 -9.264066784814881661e-01 1.986372102418524954e-18 8.250287382925438730e-18 -4.671824514243891759e-20 1.000000000000000000e+00
6.182615490543080794e-01 -7.854556833336456823e-01 -2.849607832398458329e-02 -6.418961282273052404e+01 7.847633607205598549e-01 6.189148536950913604e-01 -3.302834458696145975e-02 2.775681424926606411e+01 4.357894711370382396e-02 -1.942522705852238549e-03 9.990480979282193585e-01 -9.404508319837759922e-01 2.192458063474420640e-18 1.068615047434611365e-17 -5.754406053345333093e-20 1.000000000000000222e+00
5.862480313073866744e-01 -8.098058678512041197e-01 -2.297176923912476465e-02 -6.386756146874576956e+01 8.087944528696735524e-01 5.866735613905984525e-01 -4.081256390517937899e-02 2.824110427725090489e+01 4.652718340342696518e-02 5.346845708811972034e-03 9.989027142046935648e-01 -9.985609712601335453e-01 1.469932361682629272e-18 1.185326518229715638e-17 -3.387404888058657639e-20 1.000000000000000444e+00
5.570307650440809999e-01 -8.303281444433232572e-01 -1.648937050704938137e-02 -6.352626293240182775e+01 8.300047835877049085e-01 5.572742378765975779e-01 -2.318368004825683767e-02 2.873715393219179859e+01 2.843916341821778326e-02 -7.722333653833433637e-04 9.995952268992153167e-01 -9.288764855301997470e-01 1.956200396082229546e-18 1.324241289279108312e-17 -1.131556510983786294e-20 1.000000000000000666e+00
5.281538800425547020e-01 -8.491096419743857648e-01 -8.142168146861221076e-03 -6.330332698305826966e+01 8.490760989815856474e-01 5.282098242051518344e-01 -8.009978237742068283e-03 2.925663126959534210e+01 1.110212295917449403e-02 -2.682819282069073743e-03 9.999347705458041524e-01 -8.822253498411369854e-01 1.839139989145630456e-18 1.312488096162030554e-17 6.621037348558214417e-20 1.000000000000000888e+00
4.985013139267132631e-01 -8.668679773286042112e-01 -6.029087456892793379e-03 -6.301846181259373481e+01 8.668582543146857722e-01 4.985301309649446955e-01 -4.947266574878969592e-03 2.978344878288478270e+01 7.294308728555085400e-03 -2.760145340069560492e-03 9.999695868664526532e-01 -8.753767396966608549e-01 1.214809461301531450e-18 1.280862394824476695e-17 1.603151781062428256e-19 1.000000000000001332e+00
4.701191350937740654e-01 -8.825935702196893162e-01 -4.072913644208146951e-03 -6.276275052216843875e+01 8.824738757312617921e-01 4.701242926321138049e-01 -1.493345669934115737e-02 3.032007435548420915e+01 1.509494850992817647e-02 3.426263858331825892e-03 9.998801944460368185e-01 -8.643455024994357583e-01 6.859545826445468687e-19 1.154585597812229965e-17 2.570594473029633171e-19 1.000000000000001776e+00
4.457464124908744885e-01 -8.951474688511283917e-01 -4.598343282533766743e-03 -6.250426294482041811e+01 8.948950961722597075e-01 4.457337743725396928e-01 -2.200384581026114048e-02 3.085471395253302873e+01 2.174632378923072734e-02 5.693100476870577298e-03 9.997473110784554917e-01 -8.553145774606785157e-01 -1.750100576498246291e-19 1.094933361771290656e-17 3.725177409672364538e-19 1.000000000000001998e+00
4.222838562613105973e-01 -9.064448732485469451e-01 -5.834081120026790232e-03 -6.224178748118627880e+01 9.062059744097433756e-01 4.223085227316496493e-01 -2.112447803586550710e-02 3.142450855782723096e+01 2.161195699495759362e-02 3.633646880333893815e-03 9.997598311220475820e-01 -8.596850712843975284e-01 -1.358974299838950194e-18 1.018126176736942260e-17 5.191292016223607761e-19 1.000000000000002220e+00
4.031819548160855415e-01 -9.151072078288493561e-01 -4.807233131550402681e-03 -6.203391827801841885e+01 9.150050348474249029e-01 4.032090193814301116e-01 -1.372125698744582414e-02 3.198877811986872999e+01 1.449474092659482419e-02 1.133520695679064976e-03 9.998943032222413763e-01 -8.454209947845175988e-01 -2.131373819591516197e-18 1.104401154617629713e-17 6.514129304557211369e-19 1.000000000000002442e+00
3.845768604196785900e-01 -9.230908124298361495e-01 -1.997607915237582972e-03 -6.178922341277604602e+01 9.230760599422693780e-01 3.845820134771926191e-01 -5.221347648927012267e-03 3.258055631711566491e+01 5.588022117407698795e-03 1.640654422779236712e-04 9.999843734235719372e-01 -8.472424517884927786e-01 -3.947921804922862202e-18 1.268614093132129568e-17 7.900531063309956787e-19 1.000000000000002665e+00
3.690385862015945762e-01 -9.294135342343026185e-01 1.002135942534247617e-03 -6.155580193869584349e+01 9.294132433777849700e-01 3.690394836540193957e-01 9.394351209294579284e-04 3.316902328175848425e+01 -1.242951446709662485e-03 5.847106078012998540e-04 9.999990565921513808e-01 -8.395889320383769228e-01 -6.836651625932523642e-18 1.590072304696340419e-17 9.177711088299026632e-19 1.000000000000002887e+00
3.549948359807911236e-01 -9.348658525705900724e-01 2.122292263646044681e-03 -6.137209016590984589e+01 9.348582172515748079e-01 3.550006304768933973e-01 3.829621156075245676e-03 3.374371533680451307e+01 -4.333597138745899115e-03 6.245466279105845505e-04 9.999904148927291070e-01 -8.416924137218882995e-01 -1.069589348772964873e-17 2.232977985909660191e-17 1.020866217109203378e-18 1.000000000000003109e+00
3.415618986595688189e-01 -9.398592414386277571e-01 -2.750754369683626487e-04 -6.115122206667511051e+01 9.398568027736320385e-01 3.415603109387181369e-01 2.396721000518877136e-03 3.435397230629094878e+01 -2.158625529703822859e-03 -1.077160096203948637e-03 9.999970900267315388e-01 -8.473983144084035191e-01 -1.297160099489692109e-17 2.626698854613791129e-17 1.119571414909923140e-18 1.000000000000003109e+00
3.306131211990456786e-01 -9.437549588235212283e-01 -4.641313074802422278e-03 -6.096972228198468713e+01 9.437660161401807413e-01 3.306047306024977872e-01 2.493768658658871307e-03 3.495296564765502723e+01 -8.190664790297418930e-04 -5.204786190051944976e-03 9.999861195690655791e-01 -8.542421832638017465e-01 -1.439501388456845833e-17 2.778267356394623510e-17 1.224003554681320396e-18 1.000000000000002665e+00
3.197758255672891181e-01 -9.474651891888111743e-01 -7.289489569909274845e-03 -6.077843747463894175e+01 9.474931674065971698e-01 3.197635383714849677e-01 2.824401873279562634e-03 3.557275916658873172e+01 -3.451094774144935909e-04 -7.809917002131109079e-03 9.999694425810442544e-01 -8.590023529679582381e-01 -1.451353139347486869e-17 2.648922979033903844e-17 1.325112331116625519e-18 1.000000000000002442e+00
3.119585429600647553e-01 -9.500440774024889734e-01 -9.905476601816823670e-03 -6.056199557562158731e+01 9.500953518151017407e-01 3.119505836091394091e-01 2.378202101007377209e-03 3.623202156571227306e+01 8.306223859365848179e-04 -1.015304773919253715e-02 9.999481114978071572e-01 -8.597473555484623775e-01 -1.497163451104409644e-17 2.566007598698784768e-17 1.407244011801911697e-18 1.000000000000001998e+00
3.064547083697722329e-01 -9.518215910525824608e-01 -1.100774836885166572e-02 -6.035996058187006241e+01 9.518840190966575410e-01 3.064523512006880890e-01 1.941811509789485033e-03 3.689136400860659393e+01 1.525092248289551056e-03 -1.107317703848674680e-02 9.999375274705307737e-01 -8.538581271213216972e-01 -1.525128133656595822e-17 2.456708389646173901e-17 1.473343090418458198e-18 1.000000000000001554e+00
3.008176347222353275e-01 -9.535926383297101960e-01 -1.303191327192694884e-02 -6.017293344002725064e+01 9.536802761371031556e-01 3.008125680209242092e-01 2.393705848328726588e-03 3.750882307091026746e+01 1.637543022262969447e-03 -1.314834757927876505e-02 9.999122158513473746e-01 -8.627432353833359713e-01 -1.613520515890449161e-17 2.485434633134302216e-17 1.505885342317139702e-18 1.000000000000001110e+00
2.980541922226352947e-01 -9.544600167818760861e-01 -1.302976835093223353e-02 -5.996787151830888973e+01 9.545451496218578802e-01 2.980637562364853999e-01 1.246816566993468002e-03 3.817260195503784814e+01 2.693665136115627051e-03 -1.280912108480109467e-02 9.999143316230311163e-01 -8.673851956736891022e-01 -1.802742746274195899e-17 2.802421690301914601e-17 1.599408572347648330e-18 1.000000000000000888e+00
2.938434189898791460e-01 -9.557726234375720775e-01 -1.243934900331311426e-02 -5.977955207738146015e+01 9.558424124120347143e-01 2.938779821769470502e-01 -1.007087838686736205e-03 3.881888572436130147e+01 4.618197770304421912e-03 -1.159413122641603927e-02 9.999221211526523323e-01 -8.687662781668167300e-01 -1.961394289490153366e-17 3.185409089341863668e-17 1.675611361615485998e-18 1.000000000000000888e+00
2.943277413053996816e-01 -9.556438102991392514e-01 -1.077443896598652417e-02 -5.955630120464254418e+01 9.556922711735443832e-01 2.943623965546551258e-01 -1.749946775581204999e-03 3.951645688212408913e+01 4.843915479999340475e-03 -9.781990164159254722e-03 9.999404228008827999e-01 -8.615673869104805149e-01 -1.959958460733523196e-17 3.566072550247300416e-17 1.722485541784138133e-18 1.000000000000000888e+00
2.943064100612549083e-01 -9.556520176488407792e-01 -1.062817766993466584e-02 -5.936601908170912623e+01 9.557013502852533815e-01 2.943354766453739058e-01 -1.247497834158098036e-03 4.017491084871763007e+01 4.320423562580607418e-03 -9.790217141093824488e-03 9.999427411549746125e-01 -8.660379396846067390e-01 -1.988637728185676552e-17 4.122348717801574282e-17 1.771089848539174610e-18 1.000000000000000888e+00
2.932042368553522960e-01 -9.559739423121279556e-01 -1.204562618989327323e-02 -5.914736760264503346e+01 9.560445160553603383e-01 2.932213383637443660e-01 3.606225260209947243e-04 4.088491857155799636e+01 3.187288894946418549e-03 -1.162189091383072047e-02 9.999273837839619539e-01 -8.657759009139338602e-01 -1.938043968456254190e-17 4.928904936707642894e-17 1.833724306771617482e-18 1.000000000000000888e+00
2.931924297838912619e-01 -9.559948358345190522e-01 -1.058645243590965353e-02 -5.891619037361399336e+01 9.560529083026984010e-01 2.931625018678664651e-01 4.310919215675435706e-03 4.160831284494852156e+01 -1.017665625865222558e-03 -1.138513751940055212e-02 9.999346693660978724e-01 -8.673171645464071711e-01 -1.975788004184680842e-17 5.719274832316938725e-17 1.959440994916769225e-18 1.000000000000000666e+00
2.918531558353781308e-01 -9.564356215593761146e-01 -7.255152740728449887e-03 -5.871486393672802251e+01 9.564587743859079838e-01 2.918205132447735939e-01 5.234591647904574853e-03 4.226299110327484954e+01 -2.889347519900290796e-03 -8.466986590324380654e-03 9.999599801036718194e-01 -8.730278480404932706e-01 -1.984229945876085771e-17 6.710802109594352015e-17 2.078062994658196505e-18 1.000000000000000666e+00
2.919442292567268060e-01 -9.564331545446901339e-01 -2.046433830314138905e-03 -5.850084675167598647e+01 9.564343280521289126e-01 2.919401324754086757e-01 2.082107986648751123e-03 4.294447502751608425e+01 -1.393960946244599030e-03 -2.565138976784253969e-03 9.999957384583476605e-01 -8.759515996722568865e-01 -1.992481770184571697e-17 7.791730165200572096e-17 2.165756921843511699e-18 1.000000000000000666e+00
2.913339796225627998e-01 -9.566202261335666757e-01 1.501755466174579858e-03 -5.830083934246480482e+01 9.566184701430856530e-01 2.913288382999857373e-01 -2.934374862827988321e-03 4.367141270189838309e+01 2.369577669472593563e-03 2.291490123080833045e-03 9.999945670725559621e-01 -8.847300336512801122e-01 -2.003105666131187553e-17 8.986888253685428528e-17 2.181914497826800843e-18 1.000000000000000888e+00
2.918543005155883607e-01 -9.564575362163852956e-01 -3.169966163533905357e-03 -5.807222982027361979e+01 9.564412836758461323e-01 2.918683603881216948e-01 -5.738561213308444355e-03 4.445311126336545016e+01 6.413902946149369760e-03 -1.357062737775122921e-03 9.999785098839206743e-01 -8.804469909662396843e-01 -1.957229170386906365e-17 1.048590075191741253e-16 2.123533509398153061e-18 1.000000000000001110e+00
2.911585249843960388e-01 -9.566251591342871397e-01 -9.747730005124117733e-03 -5.785413542626751848e+01 9.566229452448257176e-01 2.912337314924228759e-01 -7.446762522149344594e-03 4.517044326672375121e+01 9.962628165764608051e-03 -7.156713795086636597e-03 9.999247609133540271e-01 -8.772814392669845418e-01 -2.086669278990250141e-17 1.210911791970089650e-16 2.124235481192493901e-18 1.000000000000001776e+00
2.902565934815199977e-01 -9.569077809050379191e-01 -8.866159481118298172e-03 -5.761661791273021294e+01 9.568965189579833330e-01 2.903251586705274945e-01 -7.768799712321915706e-03 4.588689932372982838e+01 1.000809405117315809e-02 -6.229051804060388789e-03 9.999305160695045602e-01 -8.860467537456422349e-01 -2.215530996493999768e-17 1.336735908571666259e-16 2.196141299071315725e-18 1.000000000000002220e+00
2.895663964393441758e-01 -9.571503984983636970e-01 -3.796933974192903162e-03 -5.737737879699239585e+01 9.571209211873669132e-01 2.895878055078201507e-01 -7.644941239223948526e-03 4.663201308712469029e+01 8.416904330870439779e-03 -1.420406857424208165e-03 9.999635684192615948e-01 -8.838932567134896168e-01 -2.290091125972811163e-17 1.458604846757476036e-16 2.276516149603125844e-18 1.000000000000002442e+00
2.900075686075260784e-01 -9.570149154469638209e-01 -4.249913227733681867e-03 -5.715503912623709937e+01 9.570100482193822922e-01 2.900246537835595162e-01 -4.179450298718799181e-03 4.739153327289378126e+01 5.232375886733410704e-03 -2.855137443743260232e-03 9.999822350585506614e-01 -8.782148039867750944e-01 -2.266943905953497347e-17 1.597576187526575900e-16 2.303508823972273320e-18 1.000000000000002665e+00
2.914401850959059126e-01 -9.565745958084314049e-01 -5.259388296609003241e-03 -5.691882628850980552e+01 9.565890106183095876e-01 2.914341082655959592e-01 1.904023018906541393e-03 4.817391460810137005e+01 -2.885749114685209307e-04 -5.585981868156209527e-03 9.999843566431548814e-01 -8.702029284070789128e-01 -2.271248055607050538e-17 1.760111874245698427e-16 2.358319749371523596e-18 1.000000000000002887e+00
2.906185919800687301e-01 -9.568073669672357839e-01 -7.777950424469939721e-03 -5.668797710549269198e+01 9.568276069060378530e-01 2.905659023157659004e-01 7.237891531613511661e-03 4.894979112795935094e+01 -4.665260755496412892e-03 -9.545623537089474933e-03 9.999435566137245823e-01 -8.819760142999537589e-01 -2.372507816681710780e-17 1.946670988674393210e-16 2.473627394949221474e-18 1.000000000000003331e+00
2.905086887115506666e-01 -9.568668416564246604e-01 -3.247941134676384477e-03 -5.645446247174437815e+01 9.568400584761076466e-01 2.904693227433697289e-01 9.201904171342053726e-03 4.975810533331726049e+01 -7.861569719949230983e-03 -5.780993299683697892e-03 9.999523867854607229e-01 -9.018440225199795268e-01 -2.477972751198540295e-17 2.105519647134399710e-16 2.626995412489738712e-18 1.000000000000003775e+00
2.899912766686885690e-01 -9.570259515189716293e-01 2.527365294585736180e-03 -5.620373161553498420e+01 9.569967472457485691e-01 2.900021826424586391e-01 7.480629893035186523e-03 5.051254189114263227e+01 -7.892098393099676243e-03 2.493629530670954473e-04 9.999688258145860154e-01 -9.101231306692180167e-01 -2.490915790151138353e-17 2.240151268966534719e-16 2.734947354402482931e-18 1.000000000000003997e+00
2.891063597420233111e-01 -9.572939234515667195e-01 2.420099064946423014e-03 -5.596874234210989840e+01 9.572761484565048828e-01 2.891158226887142191e-01 5.866572017429856623e-03 5.131763628716643666e+01 -6.315722675918323224e-03 6.206398316660383151e-04 9.999798630238553310e-01 -9.175844539846980119e-01 -2.588437598011489053e-17 2.408957219590329749e-16 2.748232993056079435e-18 1.000000000000003997e+00
2.893938813832231394e-01 -9.571936692000093672e-01 -5.609016084915686984e-03 -5.572042444192725696e+01 9.572055398124371672e-01 2.893694396201045294e-01 4.783509825802043092e-03 5.210332032516829059e+01 -2.955667480492868079e-03 -6.753299744487743957e-03 9.999728281169603106e-01 -9.224970601208367649e-01 -2.679775586177162057e-17 2.570442389535440678e-16 2.762258451942628482e-18 1.000000000000003553e+00
2.888611791673800777e-01 -9.573225949943495738e-01 -9.626436691861205847e-03 -5.549090234791280807e+01 9.573692732603632516e-01 2.888651185174385683e-01 1.008920588460257041e-03 5.289678376829733963e+01 1.814879300015934983e-03 -9.507492690628539800e-03 9.999531558007045406e-01 -9.320260196907680372e-01 -2.754901166417807374e-17 2.722503456834082704e-16 2.890361223935039301e-18 1.000000000000003109e+00
2.884676455470662204e-01 -9.574627401097381973e-01 -7.177657985319996214e-03 -5.525328945819619975e+01 9.574747734231352503e-01 2.884968387756146613e-01 -3.410612073446484937e-03 5.372591836184084002e+01 5.336265619879710688e-03 -5.888575218486360140e-03 9.999684239770039174e-01 -9.310483611905622237e-01 -2.894315511715084319e-17 2.917138468324408148e-16 3.069186336007776147e-18 1.000000000000002665e+00
2.870961532769161217e-01 -9.578491469539771597e-01 -1.004044088718025578e-02 -5.499984956271536873e+01 9.578756985205119090e-01 2.871499001159582565e-01 -4.368185797128982736e-03 5.448822725634541086e+01 7.067174637399652008e-03 -8.363404989091830638e-03 9.999400524529229450e-01 -9.304038298696407638e-01 -3.097983812254965462e-17 3.127693318112391578e-16 3.173530700179655271e-18 1.000000000000001998e+00
2.881630320547440838e-01 -9.574696008063282582e-01 -1.462978088913480246e-02 -5.474974103730459518e+01 9.575678114728188861e-01 2.882066020247553984e-01 -9.170498468789602640e-04 5.537291982787807854e+01 5.094446789244622652e-03 -1.374474740389849958e-02 9.998925584934791333e-01 -9.356279194192921311e-01 -3.363823010248590705e-17 3.331639306369738302e-16 3.342389268776467533e-18 1.000000000000001332e+00
2.877408143974513610e-01 -9.576254344411495589e-01 -1.259964449387497576e-02 -5.450562985647385261e+01 9.577082832740355656e-01 2.877194803596165307e-01 3.513512460835733174e-03 5.618650103842680466e+01 2.605342697815925018e-04 -1.307776483495278960e-02 9.999144484348331252e-01 -9.279152772616215961e-01 -3.622414144213474636e-17 3.557699880248464293e-16 3.624732237656757077e-18 1.000000000000000888e+00
2.876806850829681794e-01 -9.577085375587274241e-01 -5.846410642637905365e-03 -5.425240392377730103e+01 9.577104877664709415e-01 2.876353812004156518e-01 7.517253735188260746e-03 5.701358039124215793e+01 -5.517703527325049616e-03 -7.761737492708322382e-03 9.999546541612770456e-01 -9.346415635334649474e-01 -3.864291971231864472e-17 3.785728328392752596e-16 3.867401868596632275e-18 1.000000000000000222e+00
2.872355710728056177e-01 -9.578062223311053502e-01 -1.014727423421536538e-02 -5.400162162083776707e+01 9.578269828818635201e-01 2.871216392491893754e-01 1.134174317303884155e-02 5.783828605830998271e+01 -7.949690171167832220e-03 -1.297708514148538002e-02 9.998841921379362230e-01 -9.465596065497284828e-01 -4.101155813918611924e-17 4.015283603061324017e-16 3.954859939861379867e-18 9.999999999999992228e-01
2.889475082962930652e-01 -9.572867141700264204e-01 -1.055861368787826965e-02 -5.377001905166868312e+01 9.573202513077597731e-01 2.888432721855819230e-01 1.036824715614827717e-02 5.865597399869034945e+01 -6.875600724450355548e-03 -1.310385389029311391e-02 9.998905015689574238e-01 -9.591878252585726017e-01 -4.372019689640091506e-17 4.241276965710147888e-16 4.139115022062335814e-18 9.999999999999983347e-01
2.863843886016089746e-01 -9.581011088243589491e-01 -5.123205530959842532e-03 -5.350711435196409838e+01 9.581113654667470225e-01 2.863649355094360360e-01 4.211303128218040794e-03 5.949885867956017904e+01 -2.567747775254996048e-03 -6.114652918407319747e-03 9.999780086036755833e-01 -9.601080596189149885e-01 -4.637583694173321881e-17 4.452160700491211678e-16 4.328918616179072619e-18 9.999999999999971134e-01
2.873880552488031759e-01 -9.577987531165361723e-01 -5.445569650554990017e-03 -5.326506311834100416e+01 9.578112038679604812e-01 2.873968010671537621e-01 -8.811817571086357458e-04 6.034801199801167115e+01 2.409034085796943770e-03 -4.962586511230255779e-03 9.999847845291529591e-01 -9.617738935231543440e-01 -4.882530904792116332e-17 4.638161053109532137e-16 4.380319234161298459e-18 9.999999999999960032e-01
2.865258818318915934e-01 -9.580448212931071961e-01 -7.282817725195702557e-03 -5.302143244820807411e+01 9.580659367234407586e-01 2.865437812792598904e-01 -1.523909554882451993e-03 6.119007751789501270e+01 3.546819786531076480e-03 -6.540780056812263606e-03 9.999723187496627475e-01 -9.774564645737433555e-01 -5.255979753619063052e-17 4.850355199704537146e-16 4.411790714319440869e-18 9.999999999999952260e-01
2.836476619446298142e-01 -9.589019187966880686e-01 -7.149405673397966031e-03 -5.276097507882382587e+01 9.589284207734528609e-01 2.836439043532190118e-01 1.555427948777166926e-03 6.205138081302138886e+01 5.363824943874896754e-04 -7.296961792835003624e-03 9.999732329629340555e-01 -9.717707171205960393e-01 -5.687959029845580983e-17 5.079696147187856014e-16 4.492266339929882308e-18 9.999999999999942268e-01
2.839283446995775062e-01 -9.588443135041485599e-01 -1.509151095529538949e-03 -5.248153897056138106e+01 9.588397803351218496e-01 2.839208620823515106e-01 3.901246110770066871e-03 6.288330198590335840e+01 -3.312208168823988722e-03 -2.554708455406252358e-03 9.999912513325727170e-01 -9.772255224049656297e-01 -6.154805715747325604e-17 5.307162848452356982e-16 4.579692362822467497e-18 9.999999999999933387e-01
2.836177360023470762e-01 -9.589373859772930553e-01 -2.638182288774438265e-04 -5.224623645251351434e+01 9.589187423161470436e-01 2.836104832429626743e-01 6.319764981142650048e-03 6.375284128766755742e+01 -5.985437295614209029e-03 -2.045377680232768683e-03 9.999799952851342599e-01 -9.647496108102525669e-01 -6.771693986447007527e-17 5.544838033468925652e-16 4.535430740542460397e-18 9.999999999999925615e-01
2.836280908830788872e-01 -9.589184176329924592e-01 -5.529411033970427734e-03 -5.200971305623374974e+01 9.589298493844344851e-01 2.836043564747315893e-01 4.702440643074548045e-03 6.459727993044612049e+01 -2.941091882483164079e-03 -6.636061552055198820e-03 9.999736559857710372e-01 -9.709047712908283057e-01 -7.429317032635468161e-17 5.797802813321328199e-16 4.457549623571391593e-18 9.999999999999914513e-01
2.839405708690756480e-01 -9.588297577009946560e-01 -4.821614016694988382e-03 -5.176200739610670354e+01 9.588415123169272691e-01 2.839412798495329349e-01 5.512305290409097057e-04 6.544935254136109393e+01 8.405190202566153622e-04 -4.779680386651159567e-03 9.999882240222199847e-01 -9.760282722223079244e-01 -7.888992021641390733e-17 6.061102154562001969e-16 4.524080051393845208e-18 9.999999999999902300e-01
2.832028320903456353e-01 -9.590560747514386142e-01 -2.757059757672894549e-03 -5.150606734509456430e+01 9.590485580745902183e-01 2.832123375300942825e-01 -4.078618109729519742e-03 6.629343939746686942e+01 4.692456813421451087e-03 -1.489077985409097095e-03 9.999878816744461885e-01 -9.861432494415649508e-01 -8.268422946531283663e-17 6.285097749946504109e-16 4.555325984468818252e-18 9.999999999999890088e-01
2.842890672051253120e-01 -9.587351101509549167e-01 -2.591299214465405537e-03 -5.125903587066088107e+01 9.587357663985996981e-01 2.842937702736146321e-01 -1.668056232472732480e-03 6.715893574915004649e+01 2.335914299379190841e-03 -2.010161087950400761e-03 9.999952513670892218e-01 -1.015819923649997181e+00 -8.635954936284640893e-17 6.491336985971829339e-16 4.534008677748078573e-18 9.999999999999875655e-01
2.847971730618187869e-01 -9.585799269555773661e-01 -3.885080949556919596e-03 -5.100483499188857905e+01 9.585797179792595601e-01 2.847757901021486515e-01 5.260575100500277344e-03 6.800322644680677797e+01 -3.936304698545881574e-03 -5.222356718231333829e-03 9.999786160191481699e-01 -9.882443451698561532e-01 -9.183571653485678448e-17 6.699304818344664863e-16 4.525025694396515423e-18 9.999999999999860112e-01
2.823021633605586334e-01 -9.593176846913565869e-01 -3.881803771092945648e-03 -5.075010152522956020e+01 9.592883980132211885e-01 2.822533173843499443e-01 9.941542266687549909e-03 6.888026526932223703e+01 -8.441445317697835599e-03 -6.530288209975682219e-03 9.999430470465746623e-01 -9.778762535643389375e-01 -9.701973434797887158e-17 6.909667220549725639e-16 4.545365455259875854e-18 9.999999999999842348e-01
2.839222422959754022e-01 -9.588377447090526973e-01 -4.282481878871975504e-03 -5.050752704560320439e+01 9.588030994087609615e-01 2.838634321061763721e-01 1.087053250468906183e-02 6.972075828424702593e+01 -9.207436866496845895e-03 -7.192442862282369918e-03 9.999317436065174869e-01 -9.821065071634763610e-01 -1.013795022292383579e-16 7.118304782175141407e-16 4.579532481041668420e-18 9.999999999999824585e-01
2.841108081730162049e-01 -9.587796830461875475e-01 -4.750584942345592587e-03 -5.025468771709704185e+01 9.587358078968865049e-01 2.840374522081828279e-01 1.218098515162188353e-02 7.057411543287649636e+01 -1.032953703932286763e-02 -8.015305428428267168e-03 9.999145241186332411e-01 -1.001288916410364438e+00 -1.063747564005077433e-16 7.344638789426144897e-16 4.642320151223521381e-18 9.999999999999806821e-01
2.838947403030431249e-01 -9.588245236572231489e-01 -7.701250673764871782e-03 -5.000518729351992420e+01 9.588134588588352880e-01 2.837979837905675318e-01 1.163853545065357369e-02 7.144168217421071176e+01 -8.973713795643104701e-03 -1.068818179529741098e-02 9.999026128731627328e-01 -1.022748123013699439e+00 -1.106583626094810071e-16 7.564354036718227606e-16 4.713981195652206027e-18 9.999999999999789058e-01
2.833665538232855163e-01 -9.589684815687476993e-01 -9.102061976578878361e-03 -4.976608909282401072e+01 9.589968971276244813e-01 2.832967312038242591e-01 8.240957995390320659e-03 7.230209782062189561e+01 -5.324234570314809005e-03 -1.106406106033340671e-02 9.999246166982036499e-01 -1.032054770083822737e+00 -1.150059149359168499e-16 7.772620333359000511e-16 4.857183445136861259e-18 9.999999999999770184e-01
2.834555782446533390e-01 -9.589421159728814814e-01 -9.107874374932951184e-03 -4.951182817889377930e+01 9.589838982541017964e-01 2.834589849582140331e-01 9.416664399735619976e-04 7.313373398050578089e+01 1.678705216972773036e-03 -9.001225478112584097e-03 9.999580790656402707e-01 -1.025518756400524589e+00 -1.183865699767491020e-16 7.982311689751343375e-16 5.034337916613713959e-18 9.999999999999750200e-01
2.830620204985264676e-01 -9.590526611823310121e-01 -9.689459766988463285e-03 -4.925915393771165185e+01 9.590591534779600025e-01 2.831301000712391769e-01 -6.548783371060049735e-03 7.397384352910667360e+01 9.024005833000824442e-03 -7.439053228941578527e-03 9.999316115643828162e-01 -1.020178081515000112e+00 -1.211570340444896124e-16 8.184939092337856149e-16 5.181353657054929680e-18 9.999999999999731326e-01
2.841833361859616991e-01 -9.587076843350782474e-01 -1.092737074011658135e-02 -4.900775680169060422e+01 9.587327695060926525e-01 2.842542383047922949e-01 -5.568184693999190041e-03 7.482606666160459952e+01 8.444412900355729307e-03 -8.894043110225461485e-03 9.999247911157542745e-01 -1.021475935647031541e+00 -1.232694949837804247e-16 8.336318490901856766e-16 5.288168368560003749e-18 9.999999999999711342e-01
2.843734186905671479e-01 -9.586484284507333919e-01 -1.117807547794462744e-02 -4.874434351992378112e+01 9.587094215080608217e-01 2.843872570498960917e-01 3.648823884070056351e-04 7.568997696672312259e+01 2.829108296070798837e-03 -1.082028912721825012e-02 9.999374567888817955e-01 -1.024733864916838044e+00 -1.252488642457911622e-16 8.470712706352924109e-16 5.411724442804238496e-18 9.999999999999691358e-01
2.839966686363770143e-01 -9.587977752055842906e-01 -7.260748204081621422e-03 -4.850408825110145017e+01 9.588119301021346130e-01 2.839446356175033825e-01 7.424728796281913901e-03 7.655498427097421654e+01 -5.057162948242754745e-03 -9.070290243185442219e-03 9.999460760149939675e-01 -1.009768699805643655e+00 -1.282120212613396021e-16 8.606326999741543048e-16 5.544816302165289457e-18 9.999999999999670264e-01
2.834224954809444474e-01 -9.589712532959990821e-01 -6.769372754224938643e-03 -4.827430124037495318e+01 9.589562830722100362e-01 2.833404015877100668e-01 1.100290799175527960e-02 7.737916266901092399e+01 -8.633435672055309040e-03 -9.610004175663332954e-03 9.999165523223455532e-01 -1.015025628995580798e+00 -1.315800061665329786e-16 8.775518257348185076e-16 5.617939103004285691e-18 9.999999999999652500e-01
2.840982945584338282e-01 -9.587624560912106908e-01 -7.919079440116001678e-03 -4.800442783233514632e+01 9.587502238589097336e-01 2.839953256698571904e-01 1.202760358440554435e-02 7.826525856512709822e+01 -9.282633208854565790e-03 -1.100944085189290399e-02 9.998963070902926464e-01 -1.026403648555589410e+00 -1.351710927813271367e-16 8.968271194368325415e-16 5.686195943539587449e-18 9.999999999999635847e-01
2.838835419467367616e-01 -9.587961986540567416e-01 -1.095372350185857754e-02 -4.775419761174909183e+01 9.588397635946382946e-01 2.837874709885639390e-01 9.538294370995400312e-03 7.911251624591814391e+01 -6.036750894033247189e-03 -1.321063044314272142e-02 9.998945128771864477e-01 -1.028627088228243558e+00 -1.387043395171852000e-16 9.146892798732123135e-16 5.738350514457750136e-18 9.999999999999618083e-01
2.836561386751903502e-01 -9.588408286015001059e-01 -1.278516323431341979e-02 -4.751653404481861998e+01 9.589205501711266511e-01 2.835840839960283577e-01 7.172570212004089271e-03 7.994836988978973125e+01 -3.251684360718160981e-03 -1.429449933335996681e-02 9.998925411450954037e-01 -1.045488820115961559e+00 -1.427189945798617669e-16 9.353059265193217975e-16 5.881712925437538884e-18 9.999999999999602540e-01
2.832787328975800989e-01 -9.589598350776732394e-01 -1.221450760406110093e-02 -4.725163663467651531e+01 9.590331006335733877e-01 2.832153147442092456e-01 6.678127229767103629e-03 8.079980252252477158e+01 -2.944720171335481890e-03 -1.360588851998236620e-02 9.999030995154806201e-01 -1.045836199864555782e+00 -1.467016184453942563e-16 9.556677485230540038e-16 6.075792845459121883e-18 9.999999999999588107e-01
2.826985595773409132e-01 -9.591297651715530170e-01 -1.231332510468761791e-02 -4.700455271227188092e+01 9.591983867774374062e-01 2.826123780304045652e-01 8.288461097258899291e-03 8.165853486137413597e+01 -4.469811656529625553e-03 -1.415405758955985173e-02 9.998898356506470408e-01 -1.049637849983562576e+00 -1.503126088801292324e-16 9.757340009834952257e-16 6.226501864184299066e-18 9.999999999999572564e-01
2.835678747733757499e-01 -9.588625313773395664e-01 -1.311130494786450461e-02 -4.675233365768187355e+01 9.589210285089500019e-01 2.834219777639336857e-01 1.193497396362609535e-02 8.251429061040455792e+01 -7.727967367273546294e-03 -1.595708122801081999e-02 9.998428126855862796e-01 -1.051700946123850899e+00 -1.540493185985881904e-16 9.954562427642304334e-16 6.397519977187236848e-18 9.999999999999553690e-01
2.819507324737416387e-01 -9.593396152880195871e-01 -1.308766582889582357e-02 -4.650254751457403302e+01 9.593789873763820530e-01 2.817707163162691542e-01 1.404357529525727608e-02 8.338592892016842484e+01 -9.784837145481844675e-03 -1.651562793106307533e-02 9.998157285200364175e-01 -1.057620748951841216e+00 -1.576435293374276292e-16 1.013951390662541580e-15 6.588382915147185290e-18 9.999999999999535927e-01
2.811071417077940504e-01 -9.595800295215257680e-01 -1.359933177195671306e-02 -4.624976535511144249e+01 9.596328290351321399e-01 2.809311386524661613e-01 1.351032098956035481e-02 8.418743628080848396e+01 -9.143758454376284955e-03 -1.684821293820874463e-02 9.998162478186130020e-01 -1.082374750591156287e+00 -1.612384800755212394e-16 1.030884927781298727e-15 6.734139707598576605e-18 9.999999999999515943e-01
2.804682545838945162e-01 -9.597516317013400355e-01 -1.464116175678221825e-02 -4.600596596625573653e+01 9.598385129804350990e-01 2.803187596577977891e-01 1.146394274228192990e-02 8.505612763566408319e+01 -6.898345449002852431e-03 -1.726842294048188536e-02 9.998270922510494874e-01 -1.080959516991868874e+00 -1.659743917544450548e-16 1.049590684412842582e-15 6.937933823676413785e-18 9.999999999999498179e-01
2.794232386335056550e-01 -9.600783375965452615e-01 -1.312400052325109374e-02 -4.576777649929685765e+01 9.601422112602784331e-01 2.792893772306171418e-01 1.115248502039896394e-02 8.590636726759944963e+01 -7.041865345519177956e-03 -1.571717036615481039e-02 9.998516803446956258e-01 -1.093792207068502664e+00 -1.708850442369678126e-16 1.066751286800223967e-15 7.190986544000018290e-18 9.999999999999481526e-01
2.780613843658539253e-01 -9.604997897326917888e-01 -1.104628663062020601e-02 -4.550607106860157103e+01 9.605459838577570242e-01 2.779689192203439463e-01 9.202871398492469546e-03 8.675618009925602792e+01 -5.768831687054933217e-03 -1.316942942075687191e-02 9.998966380129871157e-01 -1.099940206385008112e+00 -1.731345707670623913e-16 1.080635555715870520e-15 7.366030996752536430e-18 9.999999999999462652e-01
2.768404367252603193e-01 -9.608120555047316991e-01 -1.412680398653225373e-02 -4.525574424279115249e+01 9.609156047182908500e-01 2.767988491255970462e-01 4.857749622219693919e-03 8.764809628549217280e+01 -7.571013143358383242e-04 -1.491948792234077184e-02 9.998884116128724520e-01 -1.092663881211851207e+00 -1.753305805834700234e-16 1.095678848096716771e-15 7.487033082104094105e-18 9.999999999999445999e-01
2.754155755003841466e-01 -9.610667800924013182e-01 -2.229136547988848707e-02 -4.502209138704949254e+01 9.613181812301230256e-01 2.754284967620778124e-01 2.549040516021235971e-03 8.849803106915649664e+01 3.689879123862933874e-03 -2.213114038092646799e-02 9.997482670239895564e-01 -1.112698693948794393e+00 -1.767069012329060318e-16 1.110375897369359367e-15 7.575340424907000309e-18 9.999999999999426015e-01
2.749802891879490896e-01 -9.611505241594043847e-01 -2.398979921887969824e-02 -4.481525947032526602e+01 9.614347509110101608e-01 2.750302571023089948e-01 1.255953295343901870e-03 8.932344899127052429e+01 5.390760478882367437e-03 -2.340998903673972495e-02 9.997114144165507588e-01 -1.115178254681828962e+00 -1.769064887798856654e-16 1.124706825258982905e-15 7.786634155972854224e-18 9.999999999999404920e-01
2.733266895960609899e-01 -9.617044263267123805e-01 -2.042344580186116268e-02 -4.456886858864133671e+01 9.619185248189922044e-01 2.733149788483966725e-01 3.416715807631809810e-03 9.017916844547900723e+01 2.296162941668743445e-03 -2.057957047840693401e-02 9.997855814696734456e-01 -1.096518398990295351e+00 -1.745385757729973881e-16 1.139548376275868568e-15 7.992889375438639439e-18 9.999999999999383826e-01
2.733983431081831728e-01 -9.617261974526500889e-01 -1.833213351812777031e-02 -4.432332048767531774e+01 9.618992784370425930e-01 2.733132056973255342e-01 7.047675751782203971e-03 9.104892582050777605e+01 -1.767520222506771327e-03 -1.956048887656812799e-02 9.998071129708763216e-01 -1.084327633753184639e+00 -1.740348395744860425e-16 1.156159933399087107e-15 8.216990260454685002e-18 9.999999999999360512e-01
2.722948055092038189e-01 -9.620306950813312108e-01 -1.877446708700782063e-02 -4.410350569454809033e+01 9.622045820629945290e-01 2.721545916011415822e-01 9.706725871607261441e-03 9.186207226493496592e+01 -4.228610814608412677e-03 -2.070796929021859883e-02 9.997766244809098701e-01 -1.087860362848079854e+00 -1.762202689201293004e-16 1.169931545425425566e-15 8.443301591243657092e-18 9.999999999999337197e-01
2.709240609525637722e-01 -9.624302834069006218e-01 -1.811360755497291170e-02 -4.384980248808054881e+01 9.625852885834857986e-01 2.707651848439424080e-01 1.075996648807930368e-02 9.273436246045508824e+01 -5.451183298733210114e-03 -2.035102597222351525e-02 9.997780355371445049e-01 -1.095302126539694498e+00 -1.774019012303075777e-16 1.184879105448716705e-15 8.678760910158587640e-18 9.999999999999312772e-01
2.694612017657754821e-01 -9.628945888389295327e-01 -1.498904693534503299e-02 -4.362774610404942877e+01 9.629867698100522677e-01 2.693107393027741048e-01 1.132284711303843498e-02 9.358829196794330585e+01 -6.865996903767998885e-03 -1.748532188125573317e-02 9.998235452344674812e-01 -1.111130576449532281e+00 -1.763207746197751150e-16 1.197837392705856242e-15 8.902863084899313908e-18 9.999999999999287237e-01
2.696592378400589074e-01 -9.628362344339581602e-01 -1.517501594525226018e-02 -4.340051588917268077e+01 9.629207758502804637e-01 2.694815149534396936e-01 1.277859671649394548e-02 9.444622747548103803e+01 -8.214309657463761752e-03 -1.805820477874496219e-02 9.998031938121699769e-01 -1.128449911132002104e+00 -1.759436294319902134e-16 1.213585277697183008e-15 9.163920874732193120e-18 9.999999999999260591e-01
2.691468233937595600e-01 -9.629193237586678444e-01 -1.861084064702574203e-02 -4.319235691441446079e+01 9.630627862384615323e-01 2.689184661921563135e-01 1.388986332609050585e-02 9.529425796746089361e+01 -8.370019079687813016e-03 -2.166182063932335991e-02 9.997303177893492876e-01 -1.114034711656830545e+00 -1.737538731909638892e-16 1.229324370745183676e-15 9.452092993967378342e-18 9.999999999999233946e-01
2.673645225613581755e-01 -9.632974046747404540e-01 -2.396502081875760345e-02 -4.297592910507825081e+01 9.635733391398190184e-01 2.671071639846580581e-01 1.342322788149096641e-02 9.612360787952505348e+01 -6.529331834839558792e-03 -2.668095004662240921e-02 9.996226761785668158e-01 -1.124059398868669790e+00 -1.695390239823716932e-16 1.242382506426439024e-15 9.722504208416025071e-18 9.999999999999205080e-01
2.693190823569731052e-01 -9.626676244095950796e-01 -2.717124937113373634e-02 -4.274418821246475630e+01 9.630381824105790356e-01 2.690627135069121878e-01 1.275599542844147068e-02 9.702197838658288731e+01 -4.969013730880794677e-03 -2.960238359150978507e-02 9.995494023750128854e-01 -1.131390966495288364e+00 -1.660018487277923062e-16 1.251347923829726908e-15 1.001315426898985991e-17 9.999999999999171774e-01
2.703043213748221318e-01 -9.623740662391576661e-01 -2.778003737965772588e-02 -4.249241131913629488e+01 9.627647192460628833e-01 2.700559929429608430e-01 1.240387239469395615e-02 9.784105674262717400e+01 -4.434999535011051319e-03 -3.009846019851036836e-02 9.995370995980127349e-01 -1.142947147190522150e+00 -1.621489619920258356e-16 1.259736239193702036e-15 1.028942932070249226e-17 9.999999999999141798e-01
2.720217333270804061e-01 -9.619189130857945802e-01 -2.676156284652813841e-02 -4.223056099716440315e+01 9.622596694428083852e-01 2.716828379104946900e-01 1.564494002729829511e-02 9.869730652553933226e+01 -7.778506365259190217e-03 -3.000733632246816232e-02 9.995194118202817002e-01 -1.147089412368257344e+00 -1.585263421379889964e-16 1.267570919083370684e-15 1.048015634113973744e-17 9.999999999999109601e-01
