1 0 0 0 0 1 0 0 0 0 1 0
0.99994174 -0.0022145421 0.010564655 0.0080482454 0.0022043074 0.99999709 0.00098032163 -0.0019066765 -0.010566796 -0.00095697678 0.99994371 0.28602371
0.99985077 -0.0045573522 0.016663282 0.031374824 0.0045377712 0.99998897 0.0012127371 -0.0093294378 -0.016668627 -0.001136942 0.99986042 0.58445654
0.99976916 -0.0071988923 0.020243826 0.037314097 0.0072025067 0.99997406 -0.00010561528 -0.012679826 -0.020242542 0.00025139722 0.99979507 0.89074437
0.99979133 -0.0079193441 0.018830043 0.050155625 0.0079444878 0.99996765 -0.001260843 -0.017385048 -0.01881945 0.0014101749 0.9998219 1.1755081
0.99987356 -0.011364697 0.011122085 0.039320469 0.011400954 0.99992988 -0.0032019076 -0.01628859 -0.011084917 0.0033283052 0.99993302 1.5105312
0.99992117 -0.012480916 -0.0013741551 0.033971041 0.012474279 0.99991097 -0.0047376794 -0.025961407 0.0014331635 0.0047201644 0.99998783 1.8288282
0.99976519 -0.011572694 -0.018320232 0.010402765 0.011490045 0.99992336 -0.0046102569 -0.035597151 0.018372182 0.0043986742 0.99982154 2.1390591
0.99932491 -0.0068279623 -0.036098461 -0.038236178 0.006639479 0.99996371 -0.0053386806 -0.037366774 0.036133607 0.0050954016 0.99933398 2.469783
0.99833474 -0.0037877114 -0.057562157 -0.064800809 0.0034308562 0.99997429 -0.0062970416 -0.044549118 0.057584534 0.006089068 0.99832206 2.8301305
0.99731113 -0.0027794415 -0.073231007 -0.1156196 0.0023022579 0.99997557 -0.0065997495 -0.044577552 0.073247568 0.0064134071 0.99729317 3.2460702
0.99545374 -0.004040712 -0.0951605 -0.17400061 0.0034752382 0.99997531 -0.0061072986 -0.05553173 0.095182836 0.0057488279 0.99544321 3.6152229
0.99334587 -0.0055902261 -0.11503363 -0.22283442 0.0050268486 0.99997391 -0.0051870164 -0.065360287 0.11505964 0.0045742447 0.99334805 3.9771554
0.99125414 -0.0045465707 -0.1318884 -0.30461353 0.0040013247 0.99998232 -0.0043988775 -0.073842493 0.13190608 0.0038326772 0.99125481 4.3954371
0.98888219 -0.0030794305 -0.14866919 -0.37857197 0.0025305492 0.99998927 -0.003880983 -0.081903236 0.14867956 0.0034616202 0.98887937 4.8101931
0.98686034 -0.0031480097 -0.16154492 -0.4582001 0.0024901427 0.99998776 -0.0042746518 -0.086488923 0.16155641 0.0038162144 0.9868561 5.2168494
0.98467238 -0.0038697887 -0.17437122 -0.56524725 0.0030803093 0.99998375 -0.004797985 -0.089564772 0.17438696 0.0041873259 0.9846683 5.6603359
0.98282499 -0.0070524518 -0.18440528 -0.64879257 0.0058350494 0.99995746 -0.0071436127 -0.11095014 0.18444783 0.0059449071 0.98282433 6.0974397
0.98136092 -0.0070914742 -0.19204282 -0.75049011 0.0055357712 0.99994738 -0.0086361564 -0.11324385 0.19209397 0.0074120813 0.98134855 6.551308
0.97971927 -0.006803243 -0.20025951 -0.86880531 0.0046600216 0.99992674 -0.011171663 -0.1200976 0.20032086 0.01001188 0.97967919 7.0150954
0.97806924 -0.0072712564 -0.20815302 -0.96701967 0.0045715015 0.99989912 -0.013448174 -0.13180471 0.20822983 0.012201674 0.97800382 7.4869274
0.97646083 -0.011250187 -0.21540122 -1.0754748 0.0081786469 0.99985185 -0.015145654 -0.14080787 0.21553972 0.013027447 0.97640817 7.9924346
0.97452898 -0.016458182 -0.22365688 -1.1923575 0.013108827 0.99977872 -0.016452025 -0.15867444 0.22387817 0.013101096 0.97452908 8.5047123
0.97250853 -0.01734395 -0.23222046 -1.3270426 0.013261559 0.99972906 -0.019129548 -0.18054487 0.23248934 0.015524044 0.97247505 9.0133209
0.97082322 -0.013811865 -0.23939822 -1.4608684 0.0085571308 0.99969941 -0.022975328 -0.18705316 0.23964361 0.02025642 0.97064959 9.5591926
0.96851468 -0.010636373 -0.24872912 -1.6250656 0.0043214319 0.99965465 -0.025921088 -0.20293792 0.24891895 0.024030088 0.96822617 10.078774
0.96606445 -0.013971356 -0.25792299 -1.783559 0.0069423423 0.9995798 -0.028143035 -0.2248417 0.25820783 0.025397396 0.9657555 10.64245
0.96366753 -0.014853815 -0.2666913 -1.960617 0.0072096608 0.99953525 -0.029619251 -0.25083408 0.26700733 0.026620357 0.96332676 11.215142
0.96150789 -0.015454334 -0.27434236 -2.1325193 0.006769927 0.9994464 -0.032574045 -0.2827651 0.27469391 0.029462924 0.96108022 11.78201
0.95914593 -0.014320179 -0.28254912 -2.3162407 0.0044113186 0.99935372 -0.035674598 -0.3012388 0.28287741 0.032970732 0.95858923 12.364309
0.95695793 -0.014791235 -0.28984951 -2.5113202 0.0030218075 0.99915413 -0.041010872 -0.33519065 0.29021096 0.03836981 0.95619316 12.960261
0.95570102 -0.016206906 -0.29389263 -2.6914704 0.0021365228 0.99883861 -0.048133925 -0.37565251 0.29433144 0.045373733 0.95462571 13.606454
0.95377829 -0.017058337 -0.30002664 -2.9090697 0.0002000468 0.99842342 -0.056130493 -0.41419103 0.30051114 0.053476027 0.95227799 14.204016
0.9531103 -0.017084692 -0.30214048 -3.1193632 -0.002682655 0.9978889 -0.064888659 -0.45327952 0.30261126 0.062656589 0.95105236 14.836516
0.9511589 -0.015615868 -0.30830647 -3.332639 -0.0074277703 0.99727287 -0.073427815 -0.50286434 0.30861234 0.072131551 0.94844898 15.47954
0.95044199 -0.016132865 -0.31048308 -3.5727992 -0.0095368358 0.99666999 -0.080981389 -0.5663477 0.31075565 0.07992914 0.94712315 16.120525
0.94811019 -0.014452424 -0.31761327 -3.7966348 -0.01404538 0.99608724 -0.087252153 -0.62675663 0.31763156 0.087185656 0.94419747 16.770668
0.94662497 -0.012574636 -0.32209166 -4.0465483 -0.018527511 0.99546417 -0.093315681 -0.70311571 0.32180414 0.094302512 0.94209826 17.450186
0.94562246 -0.010844962 -0.32508542 -4.295924 -0.022471806 0.99487771 -0.098556416 -0.77629199 0.32448911 0.10050242 0.940535 18.135879
0.94354723 -0.008355039 -0.33113261 -4.5627528 -0.026930332 0.99443743 -0.10182809 -0.84848341 0.33014147 0.10499713 0.93807368 18.81443
0.94168451 -0.0072717113 -0.33641849 -4.8132059 -0.029155088 0.99424362 -0.1031 -0.92852572 0.33523168 0.10689598 0.93605181 19.479486
0.93944328 -0.0064348701 -0.34264398 -5.1153361 -0.030556192 0.99426876 -0.10244977 -1.0186184 0.34133949 0.10671565 0.93386248 20.223053
0.93704871 -0.0075260524 -0.34911756 -5.4049256 -0.029649539 0.99444265 -0.10101837 -1.1041033 0.34793769 0.10501031 0.93161806 20.914384
0.93502794 -0.0072922677 -0.35449904 -5.6671946 -0.029865704 0.99461586 -0.099233754 -1.1854462 0.35331403 0.1033737 0.92977582 21.697798
0.93251564 -0.0053097677 -0.36109053 -5.9161342 -0.031459879 0.99489612 -0.09587483 -1.2655416 0.35975667 0.10076464 0.92758915 22.353355
0.92855566 -0.0049526728 -0.37116014 -6.289888 -0.030799121 0.99543508 -0.090335022 -1.3550934 0.36991325 0.095312503 0.92416434 23.191909
0.92459936 -0.0023743681 -0.38093356 -6.5971009 -0.032423317 0.99586138 -0.084904879 -1.4406112 0.37955864 0.090854128 0.92069581 23.914407
0.92149194 0.00031047763 -0.38839735 -6.9224758 -0.034501293 0.99611193 -0.081059745 -1.5012564 0.3868621 0.088096114 0.91791982 24.668849
0.91820147 -0.00013760094 -0.39611365 -7.2604457 -0.034095602 0.99626112 -0.07938054 -1.5838024 0.39464359 0.086393063 0.91476374 25.391298
0.91406762 0.0015311086 -0.4055589 -7.6467552 -0.036597413 0.99622446 -0.078723902 -1.6567203 0.4039072 0.086801378 0.91067256 26.154345
0.90958755 0.0020602795 -0.4155072 -8.003872 -0.037682586 0.996276 -0.077551007 -1.7296444 0.41380011 0.086196817 0.90627788 26.933817
0.90581092 0.0028548617 -0.42367253 -8.3975537 -0.038721716 0.99635009 -0.07607316 -1.8097916 0.42190902 0.085313227 0.90261534 27.709126
0.90248261 0.0047908203 -0.43069963 -8.7940666 -0.040249729 0.99650076 -0.07325435 -1.8887663 0.4288416 0.083446322 0.89951743 28.525781
0.89840406 0.0023006894 -0.4391638 -9.1732785 -0.03646664 0.99692373 -0.069377675 -1.9504654 0.43765323 0.078344014 0.89572422 29.279228
0.89466468 0.0048935145 -0.44671147 -9.6004556 -0.037226519 0.99727889 -0.063631789 -2.0098634 0.44518458 0.073558629 0.89241237 30.065263
0.89081538 0.0047041265 -0.45434107 -9.9908186 -0.035729167 0.99757526 -0.059724667 -2.0864656 0.45295849 0.069436881 0.88882346 30.837133
0.88645475 0.0040230465 -0.46279776 -10.455116 -0.034663476 0.99773072 -0.057722154 -2.152728 0.46151537 0.067210258 0.8845826 31.693858
0.88430367 0.0044703957 -0.46689079 -10.906828 -0.034878634 0.99779276 -0.056507374 -2.2130256 0.46560769 0.066254192 0.88250772 32.486401
0.88110134 0.0023006676 -0.47292188 -11.352 -0.03214831 0.99796644 -0.055040649 -2.2640121 0.47183358 0.06370003 0.87938353 33.341988
0.87834006 0.00049066055 -0.47803606 -11.819513 -0.029793449 0.99811159 -0.053717796 -2.333375 0.47710702 0.061424836 0.87669601 34.198664
0.8744595 -0.00037086156 -0.48509836 -12.289062 -0.029327614 0.99813009 -0.053630314 -2.3932571 0.4842112 0.061124316 0.87281347 35.001481
0.87244558 -2.1653724e-05 -0.48871125 -12.752734 -0.029865152 0.99812867 -0.053359382 -2.4497361 0.48779791 0.061148594 0.8708123 35.815634
0.87065532 -0.00026868609 -0.49189351 -13.252081 -0.030328696 0.99806792 -0.054227195 -2.5094392 0.49095775 0.062131685 0.868965 36.695387
0.87150198 0.00036868497 -0.49039182 -13.781312 -0.030594346 0.9980926 -0.053620488 -2.5799488 0.48943672 0.061733579 0.86985096 37.586158
0.87074285 -0.00078649813 -0.491738 -14.275449 -0.02824457 0.9982678 -0.051610596 -2.6395885 0.49092684 0.058828487 0.86921233 38.493266
0.87122462 -0.0021005205 -0.49088006 -14.801824 -0.026510439 0.99833017 -0.051323247 -2.7051431 0.49016821 0.057727523 0.86971413 39.364749
0.869619 -0.0028067159 -0.4937154 -15.293611 -0.0263056 0.99830008 -0.0520093 -2.7668574 0.49302214 0.058215756 0.86806688 40.242511
0.86849804 -0.0038233187 -0.49567784 -15.835307 -0.025779643 0.99826861 -0.052869555 -2.8362419 0.49502181 0.058695503 0.86689577 41.181595
0.86697277 -0.0066064816 -0.4983117 -16.376466 -0.021480021 0.99848752 -0.050609049 -2.8937346 0.4978924 0.054580414 0.86551959 42.09817
0.86512747 -0.0053396911 -0.50152361 -16.885533 -0.021144954 0.99866599 -0.047107747 -2.9600664 0.50110615 0.0513589 0.86386047 43.001886
0.86314442 -0.0047620108 -0.50493466 -17.417016 -0.019710482 0.99887572 -0.043113791 -3.0273341 0.50457233 0.047165934 0.86208014 43.922771
0.8603639 -0.0071729116 -0.50962976 -17.947114 -0.015908535 0.99903585 -0.040918183 -3.0908687 0.50943194 0.043311991 0.85942026 44.842106
0.85534677 -0.008613309 -0.51798426 -18.521766 -0.015929167 0.99895174 -0.042914895 -3.1558481 0.51781096 0.044958175 0.85431294 45.770185
0.84937594 -0.014099401 -0.52759995 -19.095107 -0.012269595 0.99884547 -0.046445457 -3.2108372 0.52764571 0.045923092 0.84822231 46.613835
0.84319526 -0.010395498 -0.5375069 -19.674563 -0.017321029 0.99876866 -0.046488158 -3.2829965 0.53732835 0.048508768 0.84197694 47.547994
0.83659381 -0.0075342518 -0.54777186 -20.285809 -0.018078875 0.99898108 -0.041351611 -3.3470141 0.54752532 0.044497602 0.83560518 48.428576
0.83303301 -0.0052470398 -0.55319839 -20.889345 -0.017427901 0.99920982 -0.035721199 -3.4059456 0.55294874 0.039398025 0.83228332 49.321658
0.8278462 -0.0071294798 -0.5609098 -21.509464 -0.016741612 0.9991598 -0.037408811 -3.4503011 0.56070528 0.040359277 0.82703129 50.193041
0.82560636 -0.0068940003 -0.56420438 -22.108908 -0.020423457 0.998905 -0.04209146 -3.5092233 0.5638768 0.046273982 0.82456152 51.054731
0.82199674 -0.0090013541 -0.56942103 -22.70886 -0.02281048 0.99855229 -0.048713447 -3.5846773 0.56903521 0.053031062 0.8206014 51.899556
0.81847984 -0.0089099131 -0.57446613 -23.348294 -0.024503745 0.99842859 -0.05039763 -3.6408513 0.5740125 0.055326016 0.81697535 52.780175
0.81511049 -0.0059844953 -0.57927459 -23.944458 -0.025826484 0.99857703 -0.046657347 -3.714968 0.57872957 0.05299152 0.81379605 53.620836
0.81294034 -0.0059744452 -0.58231631 -24.589124 -0.022177899 0.99890434 -0.041209916 -3.7833899 0.58192454 0.046415756 0.81191713 54.517775
0.80902383 -0.010630139 -0.58767969 -25.213045 -0.014626579 0.99916273 -0.038208721 -3.8220437 0.58759386 0.039507509 0.80819097 55.342488
0.80813487 -0.0047694936 -0.58897814 -25.877448 -0.022662894 0.99897493 -0.039185288 -3.888393 0.58856134 0.045014948 0.80719839 56.240968
0.80478934 -0.0080423783 -0.59350603 -26.524334 -0.02019828 0.99895804 -0.040925208 -3.947835 0.5932168 0.044923973 0.80378834 57.118892
0.80051195 -0.0071252986 -0.59927441 -27.185109 -0.023278082 0.99880512 -0.042970574 -4.0083733 0.59886458 0.048348417 0.79938957 57.963589
0.79654822 -0.0094428382 -0.60450123 -27.791776 -0.021124142 0.99883278 -0.043437815 -4.0696662 0.60420587 0.047369884 0.79541901 58.819669
0.79222638 -0.0080081072 -0.61017472 -28.521708 -0.022898004 0.99881957 -0.04283864 -4.1254921 0.60979756 0.047909684 0.79110785 59.622577
0.78687416 -0.0073191133 -0.61707005 -29.212553 -0.023510762 0.99884818 -0.041827817 -4.1892058 0.61666549 0.047421016 0.78579574 60.467751
0.7811056 -0.010944738 -0.62430298 -29.860958 -0.019962468 0.99889752 -0.042488129 -4.2537145 0.62407978 0.045650344 0.78002597 61.306192
0.77671524 -0.01216399 -0.62973442 -30.548112 -0.019771767 0.99884989 -0.043680368 -4.3142472 0.62954153 0.04637817 0.77558143 62.152478
0.77108678 -0.014750016 -0.63655917 -31.24586 -0.017695695 0.99884907 -0.044580231 -4.3771245 0.63648415 0.045639584 0.7699383 62.975632
0.76406084 -0.014754451 -0.64497543 -31.983458 -0.019412831 0.99875993 -0.04584475 -4.4465549 0.64485208 0.047548978 0.76282693 63.790033
0.7579247 -0.016387387 -0.65213615 -32.706635 -0.018705973 0.99872737 -0.046837227 -4.512929 0.65207382 0.047697933 0.7566536 64.639292
0.75325078 -0.016967901 -0.6575145 -33.386328 -0.018112235 0.99875298 -0.046523379 -4.5801797 0.65748402 0.046952829 0.75200414 65.461208
0.74639297 -0.016848429 -0.66529213 -34.208318 -0.0180546 0.9987989 -0.04554994 -4.6487196 0.66526055 0.046009739 0.74519229 66.294146
0.74036144 -0.018837989 -0.67194496 -34.951717 -0.015079313 0.99889028 -0.044618573 -4.6976033 0.67203987 0.04316634 0.73925579 67.065167
0.73495607 -0.017962282 -0.67787675 -35.679336 -0.017033657 0.99884467 -0.044935187 -4.7779538 0.67790078 0.044572109 0.733801 67.85546
0.72821843 -0.020527517 -0.68503759 -36.441766 -0.015549007 0.99879919 -0.046458676 -4.8496436 0.68516873 0.044483719 0.72702479 68.725917
0.72265214 -0.020268718 -0.69091463 -37.236797 -0.01688878 0.9987538 -0.046964081 -4.9170517 0.69100557 0.045607399 0.72140925 69.576604
0.71696637 -0.020175319 -0.69681572 -38.029558 -0.016831042 0.99878873 -0.046236286 -4.9743847 0.69690458 0.044877997 0.71575835 70.285638
0.71114686 -0.021213795 -0.70272333 -38.836329 -0.015585343 0.99882332 -0.045924616 -5.0353925 0.70287075 0.043611331 0.70997944 71.097962
0.70652077 -0.022081495 -0.70734769 -39.659992 -0.015772216 0.99877352 -0.046932802 -5.108615 0.70751655 0.044315441 0.70530597 71.964294
0.70133638 -0.020109824 -0.71254672 -40.474471 -0.021644152 0.99854032 -0.049484894 -5.1909088 0.71250183 0.050128027 0.6998774 72.745173
0.69689673 -0.023606244 -0.71678285 -41.257273 -0.019590402 0.99845857 -0.051929733 -5.2513762 0.71690391 0.050231725 0.69536005 73.52082
0.69251051 -0.026143242 -0.7209339 -42.136967 -0.017943741 0.99840974 -0.053441648 -5.3310782 0.72118462 0.049945155 0.69094013 74.312889
0.68603488 -0.023876478 -0.72717674 -43.001156 -0.019733384 0.99848308 -0.0514016 -5.4128916 0.72730103 0.049612949 0.68452306 75.104386
0.68282552 -0.023390631 -0.73020692 -43.816093 -0.019927622 0.99851916 -0.05062001 -5.4886605 0.73030969 0.049115923 0.68134825 75.829769
0.6780422 -0.026046122 -0.73456132 -44.717063 -0.016758336 0.99856436 -0.050876061 -5.5555251 0.73483194 0.046806142 0.67663229 76.64319
0.67462782 -0.025833482 -0.73770583 -45.58976 -0.017675971 0.99853547 -0.051131965 -5.632944 0.73794641 0.047534713 0.67318318 77.428503
0.66779062 -0.026894035 -0.74386313 -46.468958 -0.016316956 0.99857801 -0.050751408 -5.7114888 0.74417034 0.046028896 0.6664022 78.210638
0.66227392 -0.029945428 -0.74866313 -47.345201 -0.01171317 0.99866513 -0.050306712 -5.7701635 0.74917028 0.042086042 0.66103911 78.947181
0.66278145 -0.030138303 -0.74820612 -48.27879 -0.013334695 0.99855624 -0.05203483 -5.8557323 0.74869419 0.04446482 0.66142266 79.761807
0.65768218 -0.033446042 -0.75255264 -49.155997 -0.011494763 0.99845195 -0.054420335 -5.9389283 0.75320785 0.044441699 0.6562796 80.548575
0.65195878 -0.038615961 -0.75727043 -50.074326 -0.0067564376 0.99836686 -0.056727177 -6.0226127 0.75822434 0.042100232 0.65063314 81.324272
0.64647814 -0.042623709 -0.76174089 -50.973064 -0.00089135048 0.99839527 -0.056622334 -6.1006853 0.76293202 0.03728408 0.64540272 82.081213
0.63846027 -0.048831203 -0.76810413 -51.923896 0.0075902892 0.99833625 -0.057158737 -6.1910584 0.76961739 0.03066345 0.63776867 82.900867
0.63082005 -0.047659567 -0.77446406 -52.826487 0.0070582154 0.99842301 -0.055692636 -6.2797933 0.77589709 0.029665697 0.63016165 83.624472
0.62027874 -0.046872667 -0.78297969 -53.760616 0.008559167 0.99855796 -0.05299755 -6.352815 0.7843348 0.026171599 0.61978546 84.387844
0.61014342 -0.049374838 -0.79075096 -54.75629 0.011783215 0.99851139 -0.053255562 -6.4290972 0.79220339 0.023175942 0.60981695 85.058643
0.60047047 -0.045318029 -0.79836172 -55.691218 0.0023119589 0.99848704 -0.054939008 -6.5274127 0.79964362 0.031143472 0.59966675 85.810191
0.59448459 -0.050052497 -0.80254767 -56.731283 0.0067109355 0.99833491 -0.057292057 -6.6050183 0.80407903 0.028673399 0.59383061 86.525686
0.58191649 -0.052285183 -0.81156602 -57.712274 0.008070134 0.99825326 -0.058525996 -6.677428 0.81320854 0.027507796 0.58132199 87.204801
0.57328915 -0.053221141 -0.81762277 -58.720185 0.011074855 0.99830036 -0.057216593 -6.7619124 0.81927831 0.023746598 0.57290418 87.899454
0.56054979 -0.054248091 -0.82634195 -59.759377 0.014877662 0.99835073 -0.055447931 -6.852531 0.82798711 0.018787289 0.56043238 88.624873
0.5508677 -0.052803508 -0.83292047 -60.760242 0.011173023 0.99837369 -0.055903027 -6.9395046 0.83451782 0.021488933 0.55056179 89.313068
0.54327904 -0.05420075 -0.83780076 -61.765358 0.011099217 0.99829036 -0.057386096 -7.0266284 0.83947886 0.021877731 0.54295181 89.978058
0.53107389 -0.055723751 -0.84549118 -62.87331 0.01123626 0.99821059 -0.05873125 -7.1090339 0.84725105 0.021690475 0.53074971 90.567336
0.52431161 -0.056479057 -0.84965133 -63.916672 0.0093625097 0.99812 -0.060570732 -7.2034539 0.85147504 0.023803069 0.52385469 91.257753
0.51117177 -0.056138441 -0.85764318 -65.008153 0.0083193195 0.99814101 -0.060376482 -7.290453 0.85943835 0.023727745 0.51068854 91.905844
0.50233641 -0.052137376 -0.86309893 -66.165476 0.0037693934 0.99830302 -0.058110831 -7.402919 0.86466409 0.025937827 0.50168048 92.577898
0.49276664 -0.051579318 -0.86863142 -67.207965 0.0064362067 0.9984304 -0.055635578 -7.4820361 0.87013773 0.021824665 0.49232517 93.117415
0.48757775 -0.053229221 -0.8714554 -68.377127 0.0088264935 0.99838928 -0.05604404 -7.5686506 0.87303499 0.019633931 0.48726223 93.752671
0.48326278 -0.056084625 -0.87367702 -69.487838 0.011276119 0.99826189 -0.057844964 -7.6536838 0.87540276 0.018102632 0.48305524 94.326915
0.47304643 -0.059803237 -0.87900545 -70.57146 0.013328563 0.9980652 -0.060730568 -7.7508945 0.88093671 0.017012498 0.47292827 94.992175
0.46767946 -0.062170375 -0.88170897 -71.725029 0.013437838 0.99790813 -0.06323597 -7.8486794 0.88379602 0.017725902 0.46753657 95.587163
0.46060299 -0.066390116 -0.88511986 -72.843707 0.016767578 0.99767167 -0.066106687 -7.9468524 0.88744791 0.015607621 0.46064376 96.130897
0.45685392 -0.066821292 -0.88702838 -73.951953 0.016960642 0.99764766 -0.066419035 -8.0586501 0.88938007 0.015299225 0.45691257 96.638037
0.45245081 -0.063913698 -0.88949606 -75.099061 0.01850427 0.99788657 -0.062289595 -8.1573861 0.8915974 0.011723502 0.45267726 97.285996
0.44799998 -0.061475288 -0.89191745 -76.249571 0.020264896 0.99807505 -0.058613359 -8.2689845 0.89380391 0.0081841681 0.44838339 97.9426
0.44465652 -0.060925639 -0.89362664 -77.310375 0.023029651 0.99813178 -0.056591343 -8.3507792 0.89540509 0.0045837999 0.44522891 98.492766
0.44004743 -0.06014211 -0.89595821 -78.408202 0.022572861 0.99818021 -0.055917267 -8.459692 0.89769081 0.0043819086 0.44060422 99.067577
0.43608216 -0.058242026 -0.89802013 -79.532441 0.022440211 0.99829694 -0.053848527 -8.5454376 0.89962706 0.0033306201 0.43664645 99.565351
0.43467451 -0.058409073 -0.89869148 -80.601636 0.026015139 0.99829252 -0.052299621 -8.6318492 0.90021184 -0.00064627224 0.43545183 100.0923
0.43412425 -0.061515338 -0.8987502 -81.78396 0.031269785 0.9980936 -0.053210661 -8.7236391 0.90031017 -0.0050036882 0.43522021 100.63344
0.43443138 -0.061281221 -0.89861778 -82.905844 0.032352643 0.99810067 -0.052424763 -8.8077501 0.90012374 -0.0062976988 0.43558886 101.15367
0.42824566 -0.060462195 -0.90163735 -83.986672 0.035988931 0.9981087 -0.049837931 -8.8915333 0.90294547 -0.011106087 0.42961169 101.65853
0.42520097 -0.059799716 -0.90312129 -85.008102 0.037392506 0.99812372 -0.048485388 -8.9836873 0.90432627 -0.013153936 0.42663923 102.18983
0.42473524 -0.061298529 -0.90323995 -86.095394 0.040846121 0.99798661 -0.048521243 -9.0682671 0.90439573 -0.016285168 0.42638389 102.68418
0.42297003 -0.061880573 -0.90402825 -87.163663 0.039674155 0.99797346 -0.049748658 -9.1539287 0.90527476 -0.014824367 0.42456792 103.14079
0.42268104 -0.064082945 -0.90400998 -88.265792 0.042836102 0.99779473 -0.050702557 -9.231554 0.90526564 -0.017293255 0.42449398 103.65934
0.4231731 -0.06340684 -0.90382743 -89.291355 0.0408294 0.99786942 -0.050887861 -9.3235094 0.90512847 -0.015368359 0.42486036 104.12814
0.42757092 -0.066195301 -0.90155489 -90.250538 0.042163428 0.99769027 -0.053257493 -9.4026944 0.90299802 -0.01524129 0.42937437 104.61659
0.43126828 -0.063029734 -0.90001936 -91.275079 0.035359571 0.99797115 -0.052945966 -9.4811341 0.90153061 -0.0089903836 0.43262201 105.11549
0.43594948 -0.06413117 -0.89768323 -92.373477 0.034983976 0.99791153 -0.054301992 -9.5685164 0.89929097 -0.0077316046 0.43728257 105.51299
0.44133623 -0.065344957 -0.89495938 -93.324387 0.036184674 0.99782982 -0.055012038 -9.6537943 0.89661199 -0.0081050089 0.44274294 106.04256
0.44957391 -0.062528589 -0.89105185 -94.30193 0.03169351 0.99803538 -0.054045305 -9.7361625 0.89268073 -0.003943202 0.45067243 106.54907
0.45746165 -0.064594901 -0.88688008 -95.332815 0.036637074 0.99788038 -0.053781711 -9.8042774 0.88847433 -0.0078896214 0.45885858 107.03689
0.46548557 -0.063191103 -0.88279669 -96.320983 0.034664353 0.99798426 -0.053158299 -9.8957478 0.88437641 -0.0058571554 0.46673775 107.55378
0.47725621 -0.058791709 -0.87679529 -97.378935 0.026252882 0.99826805 -0.052646877 -9.9601418 0.878372 0.0021076453 0.47797308 108.143
0.48671793 -0.062839306 -0.87129605 -98.301187 0.03142266 0.99802326 -0.054425952 -10.054906 0.87299389 -0.00088835395 0.4877304 108.63583
0.49540348 -0.063161799 -0.86636362 -99.260464 0.027949597 0.99799563 -0.056776245 -10.144623 0.86821327 0.0039126349 0.49617585 109.18217
0.50836174 -0.063372459 -0.8588086 -100.20877 0.025539611 0.99795933 -0.058522674 -10.208617 0.86076485 0.0078170504 0.50894285 109.73679
0.52028401 -0.061340403 -0.85178744 -101.08609 0.022235229 0.99805193 -0.05829186 -10.288302 0.85370382 0.011388633 0.52063438 110.27952
0.53156505 -0.060351567 -0.84486462 -102.01737 0.023618255 0.99812662 -0.056439654 -10.38177 0.84668816 0.010047119 0.53199462 110.84555
0.54473746 -0.059600298 -0.83648601 -102.96225 0.025239224 0.99818461 -0.054685135 -10.458486 0.83822678 0.008676783 0.54525282 111.43822
0.55778571 -0.056562892 -0.82805536 -103.8372 0.02146433 0.99832451 -0.053735085 -10.536281 0.82970744 0.012199009 0.55806523 112.00322
0.56854484 -0.057702957 -0.82062603 -104.70163 0.022183188 0.9982496 -0.054823776 -10.612074 0.82235316 0.012965673 0.56882969 112.61909
0.57830732 -0.058190663 -0.81374101 -105.50238 0.021801188 0.99819902 -0.055887654 -10.685031 0.81552769 0.014579718 0.57853443 113.19284
0.5904008 -0.058859911 -0.80496108 -106.45985 0.023381944 0.99816603 -0.055837788 -10.767151 0.80677149 0.01414512 0.59069429 113.84853
0.60069741 -0.059441759 -0.7972636 -107.29689 0.025330171 0.99814655 -0.055334044 -10.852274 0.79907513 0.013044193 0.60108971 114.49706
0.61155338 -0.057214226 -0.78913176 -108.13561 0.023687884 0.99825889 -0.054019122 -10.920295 0.79084853 0.014342715 0.61184389 115.12113
0.62147438 -0.055707759 -0.78145133 -108.94475 0.025720458 0.9983818 -0.05071718 -10.998627 0.7830122 0.011420141 0.62190154 115.7484
0.63110587 -0.055687048 -0.77369522 -109.72212 0.026271394 0.99838204 -0.050429313 -11.079162 0.77525173 0.011500183 0.63154774 116.37891
0.64056277 -0.053248917 -0.76605733 -110.46474 0.022354245 0.99846314 -0.050711327 -11.146674 0.7675804 0.015359155 0.64076866 117.01135
0.65060553 -0.05509252 -0.75741482 -111.22879 0.024759611 0.99837368 -0.051351231 -11.222174 0.75901216 0.014656098 0.65091151 117.66109
0.65889799 -0.052756345 -0.75038001 -111.92697 0.021336774 0.99844702 -0.05146147 -11.283286 0.75192967 0.01789717 0.65900039 118.28947
0.66777623 -0.050705155 -0.74263305 -112.67077 0.019679282 0.99853109 -0.050481617 -11.355914 0.74410192 0.019095939 0.66779317 118.9695
0.67747611 -0.050460391 -0.73381184 -113.3903 0.022791859 0.99860514 -0.04762674 -11.422898 0.7351916 0.015541042 0.67768122 119.6042
0.68533517 -0.049127501 -0.72656875 -114.12256 0.021919078 0.99866141 -0.046850109 -11.480718 0.72789787 0.01618231 0.68549462 120.25312
0.69248413 -0.04946419 -0.71973535 -114.82985 0.022711043 0.99864694 -0.046781397 -11.559262 0.72107557 0.016049434 0.69267054 120.95112
0.70093924 -0.04643614 -0.71170768 -115.49967 0.01939497 0.99875024 -0.046063027 -11.618531 0.71295727 0.018483834 0.70096386 121.61572
0.70903669 -0.044248436 -0.70378193 -116.16039 0.018994877 0.99886567 -0.043664349 -11.67755 0.70491575 0.017591374 0.7090729 122.24815
0.71597549 -0.041066342 -0.6969165 -116.83542 0.01733148 0.99900628 -0.041061761 -11.739395 0.69791028 0.017320619 0.71597575 122.91868
0.72276844 -0.040559571 -0.68989902 -117.45478 0.01842645 0.9990524 -0.039430526 -11.791725 0.69084462 0.015786749 0.72283091 123.57922
0.73045403 -0.038442622 -0.68187904 -118.07833 0.015287192 0.99908474 -0.039949676 -11.852806 0.68279078 0.018757386 0.73037316 124.22771
0.73834448 -0.03627218 -0.67344764 -118.71718 0.014372937 0.99917217 -0.038057858 -11.911249 0.67427064 0.018420389 0.73825459 124.92839
0.74727154 -0.033844035 -0.66365638 -119.29639 0.013876808 0.9992792 -0.035334396 -11.960415 0.66437393 0.017194956 0.74720255 125.59709
0.75653857 -0.029910342 -0.65326466 -119.84586 0.011308494 0.99940247 -0.032662348 -11.995154 0.65385131 0.017322886 0.75642476 126.24487
0.76646331 -0.027238231 -0.64171024 -120.41962 0.0096844044 0.99947689 -0.030856984 -12.050856 0.6422151 0.017436164 0.76632616 126.87568
0.77652048 -0.02747856 -0.62949252 -120.9566 0.0093065666 0.99943982 -0.032147209 -12.102769 0.6300233 0.019104552 0.77634122 127.5443
0.78583838 -0.027894377 -0.61780249 -121.46506 0.008763618 0.99938423 -0.033975928 -12.138695 0.61836985 0.021285403 0.78559894 128.2112
0.79485078 -0.026453657 -0.60622802 -121.97832 0.0081944343 0.99942613 -0.032867375 -12.199261 0.60674964 0.021156963 0.79461141 128.89729
0.80623978 -0.025725086 -0.59102928 -122.53663 0.0086603146 0.99946027 -0.031688636 -12.234192 0.59152552 0.02043014 0.80602742 129.58297
0.81496551 -0.023602956 -0.57902857 -122.99349 0.0080948766 0.99953639 -0.029350829 -12.273552 0.57945294 0.019232748 0.81477875 130.26698
0.82430649 -0.022410314 -0.56570006 -123.45325 0.0090445607 0.99961 -0.026420511 -12.318772 0.56607157 0.01666209 0.82418771 130.95952
0.83353396 -0.021359336 -0.55205515 -123.94111 0.0094074972 0.99965622 -0.024473144 -12.353143 0.55238814 0.015205739 0.83344835 131.66368
0.84166866 -0.020859322 -0.53959126 -124.40358 0.010603029 0.99969938 -0.02210713 -12.386402 0.53989023 0.012885577 0.84163681 132.34103
0.84823129 -0.020453038 -0.52923089 -124.80974 0.011127312 0.9997217 -0.02080153 -12.419141 0.5295091 0.011755591 0.84822281 133.05911
0.85520508 -0.02116842 -0.51785727 -125.27485 0.01246392 0.9997166 -0.020282064 -12.447165 0.51813989 0.010890792 0.85522656 133.80784
0.86200129 -0.019764639 -0.50652059 -125.73559 0.011117983 0.99973637 -0.020089436 -12.481507 0.50678416 0.011685632 0.86199378 134.53266
0.86878325 -0.018075651 -0.49486252 -126.15326 0.0097963978 0.99976537 -0.019319435 -12.516335 0.49509566 0.011936531 0.86875648 135.2651
0.87464006 -0.016868244 -0.48447932 -126.54147 0.0091617916 0.99979111 -0.018270028 -12.539925 0.48468634 0.011541 0.8746119 136.01438
0.88043532 -0.018135911 -0.4738193 -126.94076 0.010511698 0.99976923 -0.018734687 -12.571999 0.47404976 0.011514035 0.88042278 136.73826
0.88472153 -0.019286838 -0.46572075 -127.36537 0.011276965 0.99973679 -0.01997933 -12.6126 0.46598355 0.012424227 0.88470616 137.52904
0.88921639 -0.019641034 -0.45706501 -127.72885 0.011612034 0.99972509 -0.020369147 -12.635036 0.45733947 0.012805125 0.88920001 138.29975
0.89272093 -0.019122283 -0.45020402 -128.1233 0.011320306 0.99973557 -0.020016153 -12.663713 0.45046776 0.012772391 0.89270134 139.05343
0.89583214 -0.017128986 -0.44406234 -128.55239 0.011150557 0.99980867 -0.016071351 -12.699284 0.4442527 0.0094456904 0.89585174 139.85232
0.89987277 -0.013696978 -0.43593735 -128.97394 0.0093309788 0.99988259 -0.012154675 -12.7195 0.43605269 0.0068699383 0.89989492 140.65335
0.90285018 -0.010103542 -0.42983654 -129.32098 0.0069525788 0.99993622 -0.0089005026 -12.739674 0.42989909 0.0050473477 0.90286284 141.4904
0.90597826 -0.0080249419 -0.42324813 -129.72124 0.0054379229 0.99995843 -0.0073195094 -12.762551 0.42328931 0.0043297254 0.90598423 142.293
0.90898541 -0.0060403257 -0.41678414 -130.1226 0.0043024495 0.99997769 -0.0051089455 -12.775691 0.41680574 0.002850764 0.90899113 143.14304
0.91252567 -0.0048862833 -0.40899022 -130.49074 0.0042386735 0.99998792 -0.0024898544 -12.786468 0.40899748 0.00053847972 0.91253536 144.01444
0.9153467 -0.0046066356 -0.40264025 -130.92526 0.0048479161 0.99998816 -0.00041987222 -12.81506 0.40263746 -0.0015676379 0.9153582 144.86318
0.91848936 -0.0047840027 -0.39541673 -131.2606 0.005733557 0.99998282 0.0012197011 -12.824599 0.39540413 -0.0033874272 0.91850101 145.75559
0.92207961 -0.0060970872 -0.3869522 -131.65953 0.0067234903 0.99997736 0.00026526198 -12.821832 0.38694186 -0.0028462624 0.92209973 146.65975
0.92555553 -0.008119681 -0.3785248 -132.01335 0.0089350709 0.99996 0.00039772135 -12.853047 0.37850646 -0.0037502595 0.92559106 147.58771
0.92987869 -0.0098796309 -0.36773361 -132.36847 0.010276551 0.99994681 -0.00087878965 -12.856583 0.36772276 -0.0029618657 0.92993076 148.50209
0.93440583 -0.010689791 -0.3560498 -132.75294 0.010400716 0.99994219 -0.0027262589 -12.879567 0.35605839 -0.0011557409 0.934463 149.43195
0.93916319 -0.0093257075 -0.34334461 -133.12569 0.0083585969 0.99995584 -0.0042965861 -12.899079 0.34336954 0.0011653161 0.93919967 150.3747
0.94487715 -0.0061056785 -0.32736811 -133.44643 0.0054412718 0.99998086 -0.0029453957 -12.908358 0.32737986 0.001001738 0.94489229 151.37321
0.95123835 -0.0017540995 -0.30845182 -133.77991 0.0021195027 0.99999739 0.00084958858 -12.915917 0.30844955 -0.001461926 0.95123958 152.34902
0.95732907 0.0010705936 -0.28899808 -134.12744 -0.00052508499 0.99999793 0.0019651074 -12.942587 0.28899961 -0.0017295061 0.95732766 153.36934
0.96328948 0.0029609589 -0.26844851 -134.40084 -0.0020882961 0.99999157 0.0035362474 -12.950719 0.26845674 -0.0028458302 0.96328754 154.39832
0.96940637 0.0035961527 -0.24543503 -134.69115 -0.0025575402 0.99998638 0.0045503205 -12.951318 0.24544807 -0.0037834 0.96940236 155.44498
0.9744718 0.0042168152 -0.22447032 -134.93592 -0.0026555928 0.99997014 0.0072565904 -12.971781 0.22449423 -0.0064752413 0.97445391 156.51661
0.9791748 0.0066623174 -0.20290964 -135.17944 -0.0045675159 0.99993135 0.010790339 -12.970559 0.20296761 -0.0096388357 0.97913801 157.60517
0.98361499 0.0089149544 -0.18006128 -135.37594 -0.0062647179 0.9998636 0.015281843 -12.982168 0.18017297 -0.013903417 0.98353668 158.70327
0.98750974 0.0101624 -0.15722991 -135.55529 -0.0073862084 0.99980652 0.018231143 -12.973211 0.15738477 -0.016842099 0.98739373 159.84601
0.99053187 0.011984249 -0.13675885 -135.69718 -0.0095782197 0.9997878 0.018237755 -12.98399 0.13694841 -0.016755172 0.99043647 160.94938
0.99344378 0.011819068 -0.1137091 -135.84912 -0.0099599091 0.9998075 0.016904399 -12.975826 0.11388702 -0.015661039 0.99337026 162.09772
0.99566142 0.011814054 -0.092297191 -135.95382 -0.010406678 0.99982236 0.015714756 -12.967261 0.092466458 -0.01468607 0.99560749 163.28466
0.99731725 0.010501412 -0.072443254 -136.0786 -0.0092492355 0.99980235 0.017598799 -12.969861 0.072613754 -0.016881542 0.99721726 164.43715
0.99854641 0.010699286 -0.052826116 -136.10557 -0.0096810508 0.99976311 0.019493641 -12.955168 0.053022174 -0.018953893 0.99841344 165.61657
0.99943792 0.01140553 -0.031524004 -136.16589 -0.010751306 0.9997249 0.020845417 -12.95123 0.031753088 -0.020494776 0.9992856 166.83901
0.999874 0.012862904 -0.0093019841 -136.21632 -0.012660652 0.99968902 0.021484436 -12.941377 0.0095754444 -0.02136396 0.99972591 168.04963
0.99985258 0.012573552 0.011693282 -136.20404 -0.012824967 0.99968269 0.021680295 -12.930731 -0.011416975 -0.021827065 0.99969657 169.31318
0.99937794 0.014860978 0.031982509 -136.18228 -0.015540037 0.99965681 0.021089372 -12.931907 -0.031658127 -0.021573263 0.99926591 170.5232
0.99855216 0.016515007 0.05119417 -136.13781 -0.017589131 0.99963302 0.020602299 -12.911283 -0.05083514 -0.021472931 0.99847619 171.7931
0.99755444 0.016236353 0.067981818 -136.0812 -0.017524066 0.99967733 0.018388667 -12.909961 -0.067661323 -0.019535014 0.99751708 173.05328
0.99591387 0.018087805 0.088478159 -135.95701 -0.019545701 0.99968665 0.015638838 -12.913464 -0.088167569 -0.017304304 0.99595534 174.28511
0.99400257 0.01831869 0.10781152 -135.80751 -0.019898444 0.99970957 0.01359534 -12.899863 -0.10753116 -0.015659085 0.99407839 175.59617
0.99191814 0.018087894 0.12558352 -135.6844 -0.01968009 0.99974077 0.011449213 -12.904241 -0.12534389 -0.013828178 0.99201698 176.8925
0.98919072 0.019345017 0.14535299 -135.52863 -0.020363071 0.99977742 0.0055193074 -12.896815 -0.14521388 -0.0084194809 0.98936446 178.16757
0.98636646 0.020987272 0.16321993 -135.32106 -0.021233783 0.99977451 -0.00023434795 -12.933518 -0.16318805 -0.0032346234 0.98658968 179.44966
0.98299284 0.023382738 0.18214916 -135.05323 -0.022621759 0.99972453 -0.0062546061 -12.950938 -0.18224525 0.0020276988 0.98325102 180.79103
0.98004747 0.025372783 0.19713747 -134.81051 -0.023857978 0.99966479 -0.010055561 -12.975833 -0.19732654 0.0051516261 0.98032428 182.15456
0.97591558 0.027797632 0.21637019 -134.55312 -0.025624318 0.99958913 -0.012843917 -13.001644 -0.21663834 0.0069902403 0.9762269 183.44926
0.97219691 0.027257715 0.23257295 -134.25964 -0.02508653 0.99960975 -0.012288754 -13.043582 -0.23281717 0.0061126408 0.97250131 184.7566
0.96781809 0.02580421 0.25032434 -133.85417 -0.023292366 0.99964427 -0.012992183 -13.069354 -0.25057057 0.0067434245 0.96807485 186.10369
0.96314858 0.02576848 0.2677327 -133.53709 -0.021882387 0.99960757 -0.017489005 -13.132069 -0.26807833 0.01098588 0.96333448 187.43852
0.95892789 0.027095622 0.28235282 -133.18368 -0.021909106 0.99952853 -0.021510661 -13.177076 -0.28280257 0.014441076 0.95906943 188.7859
0.95400537 0.029116919 0.29837218 -132.7407 -0.023560667 0.99947583 -0.022202658 -13.216888 -0.29886228 0.014151607 0.95419132 190.11004
0.94775257 0.030832803 0.31751283 -132.31252 -0.025125865 0.999441 -0.022054119 -13.257457 -0.31801536 0.012924064 0.94799747 191.43445
0.9418259 0.034829315 0.33429161 -131.8843 -0.027900788 0.99928522 -0.02550688 -13.30981 -0.33494108 0.014696042 0.94212447 192.82784
0.93458626 0.036176227 0.35389234 -131.3657 -0.027626634 0.99919224 -0.029182698 -13.388931 -0.35466223 0.017496895 0.93483077 194.17771
0.92812109 0.036903229 0.37044485 -130.8615 -0.027022176 0.99912795 -0.031829833 -13.429063 -0.37129646 0.019531714 0.92830893 195.54759
0.92146195 0.036983434 0.38670414 -130.35677 -0.024903017 0.99903406 -0.036204755 -13.503501 -0.38766961 0.023731205 0.92149287 196.82101
0.91264826 0.040567115 0.40672774 -129.79766 -0.025591895 0.99878164 -0.042193562 -13.598005 -0.4079439 0.028098948 0.91257451 198.15803
0.9031076 0.04393346 0.42716098 -129.18767 -0.027088576 0.99859996 -0.045434987 -13.675505 -0.42855909 0.0294615 0.9030333 199.48135
0.89126065 0.047242611 0.45102391 -128.51766 -0.029023931 0.99846226 -0.047230485 -13.754143 -0.45256168 0.029004187 0.8912613 200.85692
0.87867772 0.051116743 0.47467096 -127.85133 -0.031189205 0.99827372 -0.049767618 -13.850087 -0.47639554 0.028925089 0.87875517 202.16001
0.8637752 0.055664683 0.50079319 -127.1583 -0.033778457 0.99804033 -0.052673652 -13.945821 -0.50274391 0.028582173 0.86396275 203.42738
0.84978253 0.058908072 0.52383152 -126.3963 -0.034935839 0.99784511 -0.05553936 -14.047609 -0.52597448 0.028895885 0.85000935 204.71784
0.83496872 0.06082906 0.54692507 -125.62986 -0.034557353 0.9977062 -0.058207648 -14.154619 -0.54921129 0.029701284 0.83515556 205.99867
0.81892011 0.062007028 0.57054795 -124.79824 -0.034016717 0.99764265 -0.059598642 -14.260991 -0.57289855 0.029398359 0.8190989 207.2247
0.80297375 0.064361912 0.59252905 -123.87221 -0.032164042 0.99738299 -0.064750573 -14.385668 -0.59514592 0.032934882 0.8029425 208.42839
0.78737559 0.066588233 0.61286675 -123.03624 -0.030375789 0.99713234 -0.069313805 -14.499756 -0.6157248 0.035959688 0.78714034 209.63214
0.77037239 0.068421611 0.63391232 -122.04896 -0.028296335 0.99691469 -0.073214848 -14.630643 -0.63696604 0.038465303 0.76993163 210.83002
0.75575714 0.070189771 0.6510795 -121.1084 -0.027332237 0.99675379 -0.075728675 -14.77229 -0.65428139 0.039437029 0.75522223 211.97085
0.73971318 0.070612726 0.66920715 -120.13227 -0.025046079 0.99667913 -0.077481712 -14.902973 -0.67245605 0.04055323 0.73902526 213.14075
0.72359231 0.070676033 0.68659961 -119.08858 -0.022810595 0.99664903 -0.078551791 -15.04674 -0.68985062 0.041177728 0.72277974 214.24888
0.71033172 0.071465782 0.70022957 -118.05239 -0.020259274 0.99649587 -0.081151316 -15.192203 -0.70357548 0.043458212 0.70929047 215.35653
0.69366007 0.073276899 0.71656553 -116.95816 -0.017771485 0.99625018 -0.084674396 -15.342771 -0.72008328 0.046000815 0.69236121 216.39849
0.67908186 0.075529255 0.7301665 -115.87558 -0.015464737 0.99594378 -0.088638781 -15.507917 -0.73389967 0.048901157 0.67749539 217.49945
0.66408012 0.077876084 0.74359456 -114.71554 -0.014499735 0.995715 -0.09133122 -15.654224 -0.74752084 0.049869324 0.66236372 218.51267
0.64852569 0.078542118 0.75712979 -113.5923 -0.013124322 0.9956683 -0.092045561 -15.823948 -0.76107965 0.049757098 0.64674729 219.53591
0.63191376 0.079623907 0.77093773 -112.44039 -0.013711154 0.99570155 -0.091599331 -15.979435 -0.77491745 0.047312434 0.63028925 220.50325
0.61568021 0.08036837 0.78388695 -111.23966 -0.015576074 0.9958322 -0.089864399 -16.149237 -0.78784219 0.043117852 0.614366 221.49427
0.59602957 0.081583305 0.79880715 -110.03614 -0.017372699 0.99590239 -0.088750288 -16.309395 -0.80277456 0.039020361 0.59500459 222.41589
0.57832863 0.083466699 0.81152279 -108.86745 -0.020219167 0.99591326 -0.088022504 -16.483618 -0.81555333 0.034497621 0.57765278 223.30239
0.56014644 0.086392794 0.82387632 -107.63118 -0.021205052 0.99571644 -0.089995049 -16.652033 -0.8281222 0.032940067 0.55957898 224.2005
0.54284623 0.090265915 0.83496705 -106.39267 -0.023631401 0.99545523 -0.092252094 -16.821501 -0.83949961 0.030347261 0.54251222 225.02356
0.52349418 0.090232515 0.84723779 -105.1811 -0.024094415 0.99554655 -0.091140153 -16.982054 -0.85168854 0.027297641 0.52333692 225.80858
0.50270946 0.089070903 0.85985436 -103.9436 -0.024274403 0.99573979 -0.088955146 -17.151824 -0.86411459 0.023846143 0.50272995 226.53565
0.48147382 0.087669202 0.87206479 -102.67202 -0.024375216 0.9959393 -0.086664632 -17.316147 -0.87612149 0.020469984 0.48165566 227.26317
0.45920528 0.085892387 0.88416794 -101.43615 -0.024505344 0.99616062 -0.084044699 -17.458632 -0.88799215 0.016926932 0.45954704 227.91848
0.4369908 0.084552838 0.895483 -100.17851 -0.023036758 0.99629739 -0.08283007 -17.617572 -0.89917096 0.015566954 0.43732061 228.60862
