1 0 0 0 0 1 0 0 0 0 1 0
0.9999418 -0.0022677134 0.010548138 0.0045186663 0.0022566646 0.99999689 0.001059266 -0.0075243785 -0.010550508 -0.0010354007 0.99994381 0.2953208
0.99983541 -0.0040295118 0.017689363 0.018093506 0.0040044499 0.99999093 0.0014519824 -0.012259244 -0.017695054 -0.0013809073 0.99984248 0.58297116
0.99978262 -0.0073045941 0.019528537 0.023552485 0.0073110819 0.99997324 -0.00026082144 -0.016145517 -0.019526111 0.0004035395 0.99980927 0.89300202
0.99980589 -0.0082603641 0.017887274 0.02714846 0.0082853497 0.9999648 -0.0013231493 -0.024126474 -0.017875717 0.0014710948 0.99983913 1.1964702
0.9998851 -0.011102493 0.010321074 0.023116174 0.011135179 0.99993315 -0.0031148198 -0.022965028 -0.010285803 0.003229389 0.99994188 1.5012051
0.99992608 -0.01209814 -0.0012155445 0.019132776 0.012092507 0.99991658 -0.0045398181 -0.036044746 0.0012703665 0.0045247836 0.99998896 1.8353956
0.9997755 -0.011623026 -0.017715918 -0.0035912974 0.011537387 0.9999213 -0.0049286184 -0.038734853 0.01777181 0.0047231166 0.99983091 2.1539786
0.99932296 -0.0076547619 -0.035986497 -0.040193229 0.0074641968 0.99995742 -0.0054268443 -0.043273957 0.036026509 0.0051545599 0.99933754 2.4982368
0.99840348 -0.0038434169 -0.056353488 -0.085141667 0.0034944356 0.99997411 -0.0062899564 -0.051520712 0.056376208 0.0060829909 0.99839107 2.839468
0.99717484 -0.003282452 -0.075043802 -0.12863125 0.0028022523 0.99997493 -0.0065033276 -0.054902279 0.075063274 0.006274663 0.99715903 3.2140592
0.99525395 -0.0046031767 -0.097202777 -0.18343264 0.0040416951 0.999974 -0.0059725065 -0.062793186 0.09722775 0.0055512967 0.99524668 3.5806664
0.99319209 -0.0052194744 -0.11637111 -0.24783631 0.0046425069 0.99997555 -0.0052284972 -0.068349624 0.11639556 0.0046526484 0.99319204 3.9824721
0.99111944 -0.0045728927 -0.13289598 -0.31765906 0.0039818445 0.99998097 -0.0047128771 -0.078063876 0.13291501 0.004141853 0.99111878 4.3836108
0.98883845 -0.0037222351 -0.14894515 -0.39255405 0.0031463883 0.99998664 -0.0041016161 -0.085854933 0.14895844 0.0035871964 0.98883695 4.7970236
0.98675511 -0.0029631401 -0.1621899 -0.47552009 0.002321718 0.99998872 -0.0041441526 -0.093204138 0.16220036 0.0037127045 0.98675086 5.2179758
0.98451127 -0.0044085585 -0.17526587 -0.5695121 0.0035663291 0.99998053 -0.0051201165 -0.099020114 0.17528505 0.0044157566 0.98450782 5.6373948
0.98279873 -0.0071874441 -0.18453996 -0.65752969 0.0060176379 0.9999581 -0.006898324 -0.1128457 0.18458183 0.0056691693 0.9828008 6.0833505
0.98109681 -0.0067941548 -0.19339825 -0.75415965 0.0051814531 0.99994747 -0.0088433638 -0.12172933 0.19344819 0.007674112 0.98108048 6.523534
0.97971784 -0.0064462277 -0.20027828 -0.86798104 0.0044123059 0.99993408 -0.010600192 -0.12611486 0.20033342 0.0095015086 0.97968171 7.0243532
0.9782363 -0.0070949657 -0.20737263 -0.97402873 0.0044646709 0.99990358 -0.013149173 -0.13690798 0.20744595 0.011937148 0.97817365 7.5080957
0.97647163 -0.010862087 -0.21537215 -1.0885301 0.0078004653 0.99985616 -0.015060406 -0.14871798 0.21550478 0.013026056 0.9764159 8.018502
0.97457544 -0.016235945 -0.22347057 -1.2016177 0.012968164 0.99978656 -0.016082769 -0.16446257 0.22368401 0.012775869 0.97457798 8.5237783
0.97278736 -0.017336441 -0.23105019 -1.33691 0.013347853 0.99973388 -0.018814984 -0.18988247 0.23131491 0.015218955 0.97275989 9.0443271
0.97063889 -0.013648636 -0.24015383 -1.4937652 0.0083764669 0.99970128 -0.022960428 -0.19476472 0.24039549 0.020274644 0.97046327 9.576526
0.96851086 -0.010844553 -0.24873502 -1.6479363 0.0045327288 0.99965337 -0.025934414 -0.21152149 0.24893007 0.023990313 0.9682243 10.103854
0.96623411 -0.013273111 -0.25732366 -1.8040034 0.006339272 0.9995946 -0.027756911 -0.23236523 0.25758779 0.025188429 0.96592654 10.675639
0.96362762 -0.015174425 -0.26681742 -1.9682957 0.0075276568 0.99953174 -0.029658714 -0.26272178 0.26714255 0.026571447 0.96329062 11.220713
0.96158735 -0.015054345 -0.274086 -2.1411398 0.0064384646 0.99945724 -0.032307482 -0.28566294 0.27442362 0.029301774 0.96116236 11.792009
0.95920798 -0.014498947 -0.2823293 -2.3286204 0.0045290933 0.99934392 -0.035933545 -0.30932019 0.28266509 0.033189048 0.95864433 12.389063
0.95701024 -0.015438195 -0.28964297 -2.5136906 0.003756606 0.99915849 -0.040843709 -0.34102096 0.29002981 0.037999774 0.9562629 12.959353
0.95530988 -0.016594619 -0.29514005 -2.7167835 0.0024938842 0.99883995 -0.048088818 -0.3805762 0.29559571 0.045203679 0.95424306 13.59384
0.95388641 -0.016635011 -0.2997065 -2.9273555 -0.00028816446 0.99841197 -0.056333346 -0.41540952 0.30016769 0.053821979 0.95236682 14.209744
0.95259308 -0.016711123 -0.30378799 -3.1324435 -0.003194539 0.99788601 -0.064910041 -0.46307934 0.30423053 0.06280332 0.95052592 14.826996
0.95098156 -0.016373441 -0.30881381 -3.3582381 -0.0067620036 0.99725765 -0.073698384 -0.50657033 0.30917366 0.072174006 0.94826292 15.451909
0.94971055 -0.014985732 -0.31277036 -3.582784 -0.010893962 0.99666819 -0.080832187 -0.56507632 0.31293962 0.08017449 0.94638304 16.090801
0.94800444 -0.013992539 -0.31794934 -3.8288286 -0.014592646 0.99607119 -0.087345538 -0.6268587 0.31792239 0.087443682 0.94407572 16.749486
0.9466681 -0.012873493 -0.32195305 -4.0628537 -0.018185343 0.99547414 -0.09327668 -0.69921118 0.32169676 0.094156886 0.9421495 17.440352
0.94514222 -0.010912689 -0.32647677 -4.3113317 -0.022530701 0.9948839 -0.09848043 -0.77323227 0.32588119 0.10043376 0.94006091 18.107298
0.9432259 -0.0076680747 -0.3320634 -4.5860296 -0.027856465 0.99438518 -0.10208881 -0.85392064 0.33098178 0.10554292 0.93771625 18.807547
0.94152584 -0.0078510424 -0.3368493 -4.8375563 -0.028606111 0.99425643 -0.10313021 -0.92874125 0.33572429 0.10673571 0.93589353 19.477854
0.93937375 -0.0061702497 -0.34283944 -5.1246385 -0.030820025 0.99427185 -0.10234069 -1.018416 0.3415071 0.10670248 0.9338027 20.230018
0.93702967 -0.0069359293 -0.34918087 -5.4056132 -0.030271739 0.99442708 -0.10098718 -1.1043766 0.34793538 0.1051983 0.93159771 20.952784
0.9345825 -0.0062862034 -0.3556909 -5.675843 -0.030984858 0.99460581 -0.098991001 -1.1853362 0.35439454 0.10353629 0.92934641 21.643031
0.93176714 -0.0057706864 -0.36301057 -5.967351 -0.031114951 0.99492561 -0.095681207 -1.2702602 0.36172069 0.10044766 0.92685944 22.338225
0.92795234 -0.0032583037 -0.37268461 -6.3081854 -0.032924796 0.9953355 -0.090681888 -1.356766 0.37124172 0.096419037 0.92351663 23.181381
0.92513216 -0.0017106867 -0.37964135 -6.6162325 -0.032974067 0.99584879 -0.084840477 -1.4328564 0.37821054 0.091006974 0.92123533 23.895618
0.92121253 0.00067164067 -0.38905913 -6.9622213 -0.034806209 0.99613099 -0.080694342 -1.5059298 0.38749969 0.087878314 0.91767173 24.642188
0.91774762 0.0015000535 -0.39716123 -7.3019742 -0.035836829 0.99622645 -0.079047918 -1.5834301 0.39554399 0.086779039 0.91433821 25.372784
0.91406119 0.0032910247 -0.40556294 -7.6730434 -0.038342797 0.99618958 -0.078333526 -1.6619095 0.40375982 0.087152055 0.91070442 26.160748
0.91071384 0.003206492 -0.41302544 -8.0254746 -0.038586993 0.99625706 -0.07734927 -1.730431 0.41123152 0.086380461 0.90742882 26.903182
0.90703908 0.0047297859 -0.42101986 -8.4118286 -0.040280394 0.99632532 -0.075586655 -1.8060293 0.41911527 0.085518897 0.90389652 27.700873
0.90288276 0.0048930255 -0.42985901 -8.7928153 -0.040286479 0.99649773 -0.073275366 -1.8845243 0.42799502 0.083476572 0.89991774 28.478386
0.89944554 0.0059552504 -0.43699227 -9.1847007 -0.04017776 0.9967995 -0.069112239 -1.9572926 0.43518213 0.079720066 0.89680613 29.258277
0.89567077 0.0059910472 -0.44467737 -9.591518 -0.038197071 0.99725053 -0.063500921 -2.0161453 0.44307434 0.073861293 0.89343699 30.060881
0.89186677 0.0052261052 -0.452268 -10.00197 -0.035861884 0.99760227 -0.059191554 -2.0830186 0.45087428 0.069010164 0.88991573 30.838544
0.88816277 0.0047295464 -0.45950463 -10.438943 -0.034906106 0.99775237 -0.057199392 -2.1499754 0.45820135 0.066841889 0.8863316 31.672067
0.88498118 0.0059700881 -0.4655885 -10.862864 -0.036296972 0.99775961 -0.0561986 -2.2116993 0.46420993 0.066634157 0.88321518 32.488993
0.88180215 0.0052452946 -0.47159032 -11.322398 -0.035042557 0.99790277 -0.054425005 -2.2670863 0.47031585 0.064517818 0.88013662 33.292796
0.87933234 0.0033962918 -0.47619648 -11.798819 -0.032499433 0.99807113 -0.052894258 -2.3296446 0.47509836 0.061987748 0.8777466 34.151485
0.87659842 0.0025946122 -0.48121561 -12.25955 -0.03181112 0.99811062 -0.052566594 -2.3902612 0.48017006 0.061387801 0.87502472 34.992309
0.87482133 0.0013703491 -0.48444374 -12.751796 -0.031004675 0.99810426 -0.053165715 -2.4484374 0.48345254 0.061530524 0.87320539 35.833199
0.87351156 0.0013751653 -0.48680144 -13.256588 -0.031559427 0.99805232 -0.053810513 -2.5119859 0.48577935 0.062367281 0.87185364 36.692992
0.87277701 0.0016451193 -0.48811635 -13.743057 -0.031424321 0.99810926 -0.052824319 -2.5732412 0.48710659 0.061442576 0.87117851 37.566193
0.87250693 0.0025018796 -0.48859531 -14.265392 -0.031506768 0.99819378 -0.05115176 -2.6372037 0.48758487 0.060024325 0.87100982 38.460283
0.87204256 0.0022963784 -0.48942464 -14.773478 -0.030970757 0.99824379 -0.050499032 -2.6991551 0.48844918 0.059195157 0.87058219 39.354746
0.87224142 0.00083004862 -0.48907484 -15.292797 -0.029637014 0.99825052 -0.051161971 -2.7663054 0.48817678 0.059120309 0.87074005 40.248576
0.87091568 -0.0024651983 -0.49142627 -15.810777 -0.026516599 0.99829492 -0.052001118 -2.8272363 0.49071658 0.058319543 0.86936534 41.184916
0.86922723 -0.0029789235 -0.49440381 -16.331145 -0.025065776 0.99843038 -0.05008477 -2.8873497 0.49377702 0.055927662 0.8677882 42.074925
0.86678264 -0.0027560142 -0.49867849 -16.888077 -0.023527028 0.99864524 -0.046412867 -2.9538134 0.49813086 0.051962291 0.86554352 43.006116
0.86375038 -0.0026666547 -0.50391284 -17.415628 -0.021372419 0.99889234 -0.041920215 -3.019777 0.50346651 0.046978439 0.86273665 43.950444
0.86062105 -0.0045684127 -0.5092254 -17.969486 -0.018183458 0.99904642 -0.039693861 -3.0806997 0.5089212 0.043420852 0.85971732 44.840985
0.85539861 -0.0075001896 -0.51791596 -18.5191 -0.016670995 0.99897848 -0.042000776 -3.1448073 0.51770196 0.04456158 0.85439977 45.763675
0.84994513 -0.0097024632 -0.52678185 -19.06693 -0.01683409 0.99881985 -0.04555788 -3.2051663 0.52660224 0.047589592 0.84877873 46.62019
0.84420054 -0.0096420638 -0.53594072 -19.668033 -0.017270478 0.99882984 -0.045173888 -3.2641765 0.5357492 0.047391774 0.84304617 47.530866
0.83806494 -0.006102453 -0.54553633 -20.277139 -0.018740388 0.99902534 -0.039964646 -3.3228882 0.54524855 0.043716532 0.83713375 48.425113
0.83312632 -0.0038423843 -0.55306938 -20.850279 -0.018268889 0.99923903 -0.034461773 -3.3863783 0.55278097 0.038814973 0.83242214 49.300784
0.82947462 -0.0037424707 -0.55853185 -21.474435 -0.019997312 0.99913747 -0.036392739 -3.436391 0.55818634 0.041355989 0.82868433 50.19159
0.82671197 -0.0049098755 -0.56260394 -22.087034 -0.021974003 0.9989172 -0.041007052 -3.4916072 0.56219614 0.046263682 0.82570891 51.049396
0.82293807 -0.0060167671 -0.5680992 -22.69111 -0.025596062 0.99853592 -0.047653525 -3.5602758 0.56755423 0.053757003 0.82157922 51.905213
0.81960805 -0.0060168916 -0.57289302 -23.288667 -0.027260054 0.99840277 -0.049485399 -3.6261466 0.57227577 0.056175727 0.81813493 52.771774
0.81756166 -0.0038299395 -0.57582831 -23.942257 -0.027695043 0.99855915 -0.045963049 -3.6919814 0.57517471 0.053525217 0.81627761 53.631722
0.81425537 -0.0049064747 -0.58048609 -24.551395 -0.022440158 0.99895084 -0.039920586 -3.7489802 0.58007298 0.045531751 0.81329098 54.521746
0.81055248 -0.0033211774 -0.58565658 -25.214954 -0.022474271 0.999071 -0.036770127 -3.8088575 0.58523467 0.042966322 0.80972483 55.380684
0.80765239 -0.0017628272 -0.58965624 -25.825692 -0.025021862 0.99899233 -0.037259025 -3.8618636 0.58912779 0.044846638 0.80679443 56.210831
0.80514644 -0.0025944391 -0.59307036 -26.514805 -0.025697978 0.99889864 -0.039257088 -3.9216311 0.59251908 0.046848414 0.80419301 57.129037
0.80115795 -0.0054923221 -0.59842773 -27.149652 -0.024339835 0.99883146 -0.04175267 -3.9841118 0.59795781 0.048016116 0.80008808 57.970158
0.79727202 -0.0041150605 -0.60360613 -27.823414 -0.0268608 0.99874433 -0.042287933 -4.0439009 0.60302227 0.04992833 0.79616037 58.794511
0.79219718 -0.0065131268 -0.61023042 -28.490903 -0.023464724 0.99887852 -0.041123006 -4.0983131 0.60981396 0.046896418 0.79115593 59.65399
0.78741733 -0.0066230528 -0.61638467 -29.126428 -0.023159064 0.99891845 -0.040318551 -4.1592196 0.6159851 0.046022418 0.78641231 60.487333
0.78262581 -0.0067156337 -0.62245619 -29.853439 -0.024220556 0.99885609 -0.04122954 -4.2264571 0.6220211 0.047343537 0.7815679 61.326217
0.77614314 -0.010537572 -0.63046867 -30.525407 -0.020680875 0.99889703 -0.04215478 -4.2766611 0.63021755 0.045756787 0.77506915 62.145647
0.7709257 -0.0089162889 -0.63686265 -31.21645 -0.023704099 0.99880766 -0.042677578 -4.3418873 0.63648387 0.047997498 0.76979514 62.959362
0.76482007 -0.0096732208 -0.64417129 -31.940738 -0.024018435 0.99876402 -0.043514892 -4.4073938 0.64379609 0.04875305 0.76364244 63.800986
0.75924402 -0.012188759 -0.65069187 -32.630256 -0.0224233 0.99874103 -0.044872498 -4.4698281 0.65041967 0.048659835 0.75801485 64.609519
0.75244927 -0.014731453 -0.65848541 -33.392113 -0.019844304 0.99878894 -0.045020653 -4.5315062 0.65835122 0.046942942 0.75124568 65.461391
0.74689966 -0.012231019 -0.66482424 -34.138531 -0.022469039 0.99879557 -0.043618151 -4.5931563 0.66455706 0.047516344 0.74572525 66.270825
0.7392438 -0.01458983 -0.67327981 -34.826209 -0.018753046 0.99893161 -0.042236992 -4.6581978 0.67317678 0.043849482 0.73818039 67.082559
0.73382933 -0.015287746 -0.67916181 -35.676008 -0.019076571 0.99888876 -0.043096805 -4.7287553 0.679066 0.044581778 0.73272223 67.90231
0.72835827 -0.015947854 -0.68501084 -36.427911 -0.020290621 0.99878866 -0.044827576 -4.7902672 0.68489602 0.046549831 0.72715239 68.703764
0.72153953 -0.016138695 -0.6921851 -37.233687 -0.020659788 0.99878129 -0.044823097 -4.8511127 0.69206497 0.046642034 0.72032676 69.451874
0.71691877 -0.016634144 -0.6969582 -38.008866 -0.019470755 0.9988476 -0.043867657 -4.9191454 0.69688478 0.04501985 0.71576872 70.31073
0.71310267 -0.016002184 -0.70087692 -38.809979 -0.020513546 0.9988351 -0.043676437 -4.9785108 0.70075945 0.045523256 0.71194372 71.098294
0.70754374 -0.018137364 -0.70643673 -39.659525 -0.01901351 0.99882006 -0.044687444 -5.0458441 0.70641375 0.045050164 0.70636403 71.920442
0.70247597 -0.019257934 -0.71144684 -40.484597 -0.020162165 0.99869415 -0.046941274 -5.1173824 0.71142184 0.047319426 0.70117036 72.699896
0.69793371 -0.019363179 -0.71590053 -41.285358 -0.023331241 0.99848905 -0.049752135 -5.1901138 0.71578225 0.05142654 0.6964274 73.48391
0.69265216 -0.021068093 -0.72096399 -42.139313 -0.022380958 0.99846417 -0.050679305 -5.2582963 0.72092449 0.051238996 0.69111684 74.282089
0.68813915 -0.019912975 -0.72530541 -42.969567 -0.022828946 0.99853424 -0.049073503 -5.3268463 0.72521955 0.050327357 0.68667591 75.046375
0.68309808 -0.020932509 -0.73002657 -43.840438 -0.020768769 0.99862812 -0.048067973 -5.3975674 0.73003131 0.047996894 0.68172622 75.839833
0.67858297 -0.021641517 -0.73420484 -44.7145 -0.020480266 0.99861978 -0.048364167 -5.4785385 0.73423821 0.047855811 0.67720316 76.652111
0.67502538 -0.022549083 -0.73744982 -45.579804 -0.019816913 0.9986181 -0.048674282 -5.5456522 0.73752836 0.047470354 0.6736457 77.396255
0.66988715 -0.022980049 -0.74210718 -46.451185 -0.01928862 0.9986449 -0.048335479 -5.6226467 0.74221237 0.04669354 0.66853614 78.197407
0.66562775 -0.024760088 -0.74587304 -47.317175 -0.016773816 0.9987006 -0.048122172 -5.6877998 0.74609543 0.044542591 0.66434751 78.978222
0.66309792 -0.026769182 -0.74805382 -48.208042 -0.014955463 0.99868705 -0.048995098 -5.7702019 0.74838328 0.043676039 0.66182696 79.740984
0.65621306 -0.030890733 -0.75394305 -49.114046 -0.012796954 0.99856241 -0.052051481 -5.8456462 0.75446716 0.043805037 0.65487439 80.530284
0.65343715 -0.036752645 -0.75608801 -50.030651 -0.0064516138 0.99851401 -0.054112422 -5.9192232 0.75695331 0.040237055 0.65222903 81.320796
0.647491 -0.04037652 -0.76100269 -50.941227 -0.00115992 0.99854207 -0.053966553 -5.9983242 0.76207225 0.03582556 0.64650017 82.102908
0.63777745 -0.043490801 -0.76899183 -51.852675 0.0026134696 0.99852101 -0.054304434 -6.0831343 0.7702163 0.032624407 0.63694784 82.824599
0.63011584 -0.043649116 -0.77527333 -52.777706 0.0041170132 0.99859259 -0.052876175 -6.1658443 0.77649026 0.030126305 0.62940872 83.607662
0.6227441 -0.042111905 -0.78129145 -53.731908 0.0043257091 0.99872058 -0.050383523 -6.2464121 0.78241366 0.027996402 0.62212951 84.376317
0.61321637 -0.040955261 -0.78885252 -54.716249 0.0029960932 0.99876841 -0.049524551 -6.3289484 0.78990934 0.02800579 0.61258385 85.076699
0.60433838 -0.042898083 -0.79557201 -55.688584 0.0026114573 0.99865071 -0.051864567 -6.3995574 0.79672351 0.029266146 0.60363498 85.812044
0.59270422 -0.045794866 -0.8041172 -56.694458 0.004398139 0.9985514 -0.053626177 -6.4852171 0.80540823 0.028247842 0.59204704 86.52555
0.58388145 -0.046439346 -0.81050958 -57.681425 0.0025340706 0.99846198 -0.055382842 -6.5626749 0.81183501 0.030283126 0.58310111 87.238437
0.5728417 -0.04854528 -0.81822716 -58.683648 0.0075885219 0.99851593 -0.05392905 -6.6455719 0.81963093 0.024683674 0.57235995 87.959117
0.56293438 -0.047854673 -0.825115 -59.702238 0.0081247704 0.99859454 -0.052372945 -6.7261162 0.82646169 0.022778661 0.56253201 88.637063
0.55363835 -0.048282795 -0.8313563 -60.770205 0.0082224668 0.99858606 -0.052519302 -6.811517 0.83271666 0.0222409 0.55325254 89.308657
0.54371266 -0.049217337 -0.83782703 -61.818099 0.0067295876 0.99850259 -0.054288863 -6.8918276 0.83924449 0.023879312 0.54322972 89.965728
0.53342881 -0.049851371 -0.84437461 -62.863599 0.0064571103 0.99847263 -0.054869983 -6.9736413 0.84582035 0.02381701 0.53293597 90.630715
0.52352296 -0.05146868 -0.85045554 -63.928889 0.0062126522 0.99837781 -0.056596399 -7.0543379 0.85198895 0.02434593 0.52299346 91.294202
0.51496446 -0.050306853 -0.85573405 -64.990577 0.0031792364 0.99838167 -0.05677961 -7.153506 0.85720567 0.0265189 0.51429101 91.928699
0.50417671 -0.048199416 -0.86225437 -66.0957 0.002404792 0.99851577 -0.054410204 -7.2358138 0.8635972 0.025358815 0.50354431 92.551018
0.49810142 -0.046791697 -0.86585533 -67.188089 0.003417125 0.99864114 -0.052001804 -7.3237375 0.86711208 0.022943436 0.49758446 93.172359
0.48846751 -0.047097867 -0.87131006 -68.322319 0.0037576226 0.99864655 -0.051874353 -7.408353 0.87257403 0.022064882 0.48798338 93.795303
0.48268252 -0.050501737 -0.87433809 -69.426592 0.0060374328 0.99850421 -0.054340574 -7.4953728 0.87577463 0.020950488 0.48226543 94.391642
0.47544742 -0.054290335 -0.87806733 -70.539968 0.0088811806 0.99833937 -0.05691778 -7.5816573 0.87969935 0.019263137 0.47514004 94.974173
0.47026055 -0.057921415 -0.88062481 -71.671884 0.010569803 0.99814202 -0.060006527 -7.6672195 0.88246437 0.018910672 0.46999904 95.540071
0.46564515 -0.060380936 -0.88290921 -72.751786 0.011082142 0.99798929 -0.062406396 -7.7649445 0.88490217 0.01927471 0.46537802 96.164306
0.45753002 -0.06168363 -0.88705205 -73.94684 0.014092056 0.9979687 -0.062128027 -7.8606495 0.88908254 0.01592505 0.45746989 96.703873
0.45422347 -0.059283464 -0.88891307 -75.068354 0.016234684 0.9981686 -0.058274223 -7.9588071 0.89073988 0.012038297 0.45435406 97.305181
0.4502384 -0.056752471 -0.89110295 -76.174407 0.018472661 0.99835651 -0.054249733 -8.0600447 0.89271732 0.0079642693 0.45054681 97.913615
0.44639024 -0.055726461 -0.89310148 -77.310621 0.01883577 0.99842302 -0.052883664 -8.1583293 0.89464017 0.0067844963 0.44673594 98.465185
0.44456211 -0.055612252 -0.89401999 -78.417597 0.019813562 0.9984372 -0.052254964 -8.2401631 0.89552891 0.0055168558 0.44496922 98.988169
0.44081524 -0.055877777 -0.89585687 -79.545051 0.024103222 0.99843742 -0.050415862 -8.3266248 0.89727422 0.00063104233 0.44147327 99.529774
0.4376027 -0.055510707 -0.89745327 -80.620725 0.026599289 0.99845491 -0.048788075 -8.4035013 0.89877496 -0.0025218262 0.43840311 100.06812
0.43724722 -0.056229774 -0.89758176 -81.736626 0.028320196 0.99840942 -0.048750333 -8.494691 0.89889538 -0.0041037438 0.43814419 100.60844
0.43435277 -0.055787815 -0.89901353 -82.884601 0.028955708 0.99842912 -0.047967229 -8.5813128 0.90027735 -0.0051968752 0.43528583 101.18313
0.43253241 -0.055662477 -0.89989851 -83.990977 0.033284093 0.99839794 -0.045757219 -8.6647749 0.90100386 -0.010160826 0.43369214 101.71299
0.43015005 -0.055176205 -0.90106962 -85.042612 0.036072452 0.99838382 -0.043914991 -8.737971 0.90203646 -0.013613756 0.43144519 102.19725
0.42737217 -0.056569206 -0.90230421 -86.139682 0.038591268 0.9982723 -0.044307272 -8.8213259 0.9032518 -0.015885369 0.42881688 102.71566
0.42707449 -0.057515579 -0.90238532 -87.177689 0.039427569 0.99821029 -0.044963203 -8.8948901 0.90335647 -0.016376224 0.42857785 103.19966
0.42542809 -0.059088979 -0.90306111 -88.238947 0.040542318 0.99810874 -0.046208818 -8.9786273 0.9040837 -0.016953663 0.4270191 103.69348
0.4263745 -0.058797092 -0.90263371 -89.281981 0.038303346 0.99816369 -0.046926624 -9.0542597 0.90373542 -0.014565577 0.42784367 104.20118
0.42951724 -0.059010853 -0.90112851 -90.305092 0.036371323 0.99818345 -0.048030383 -9.133334 0.90232596 -0.01214536 0.4308833 104.67407
0.43404468 -0.058845814 -0.89896736 -91.358346 0.034571316 0.99821738 -0.048650731 -9.2121281 0.90022781 -0.0099618946 0.43530533 105.14019
0.43885348 -0.059692437 -0.89657368 -92.333782 0.033549881 0.99818378 -0.050035532 -9.2908617 0.89793212 -0.008121674 0.4400591 105.63904
0.44415469 -0.059124041 -0.89399714 -93.356108 0.032150323 0.99822938 -0.050044498 -9.3711744 0.89537313 -0.0065147989 0.44526912 106.13014
0.45031392 -0.057212275 -0.89103539 -94.341147 0.029497301 0.9983535 -0.049195611 -9.4403386 0.89238296 -0.0041296715 0.45126008 106.64697
0.46006686 -0.056971368 -0.88605456 -95.351373 0.029469307 0.99836926 -0.048891584 -9.5196596 0.88739513 -0.0036180168 0.46099551 107.14828
0.46704004 -0.055716768 -0.88247899 -96.297718 0.028520511 0.99844275 -0.047944239 -9.5924537 0.88377613 -0.0027768734 0.46790182 107.64068
0.47807379 -0.055919479 -0.87653774 -97.309641 0.028177612 0.99843401 -0.048327563 -9.6671983 0.87786761 -0.0015945996 0.4789008 108.12508
0.48842823 -0.057332233 -0.87071856 -98.284443 0.028892085 0.99835469 -0.04952943 -9.7428075 0.87212566 -0.00096530349 0.48928107 108.6939
0.49704018 -0.0585078 -0.86575276 -99.228265 0.026898305 0.99828364 -0.052021598 -9.8155003 0.86731056 0.0025695418 0.49776084 109.20916
0.51035398 -0.057167916 -0.85806211 -100.13633 0.021432128 0.99832356 -0.053765463 -9.8877998 0.85969735 0.0090493209 0.51072364 109.75464
0.52218877 -0.056887414 -0.85093046 -101.08091 0.022062788 0.99833996 -0.053202983 -9.9694852 0.85254454 0.0090081018 0.52257701 110.33614
0.53418522 -0.054261567 -0.84362419 -102.0189 0.020117252 0.99847123 -0.051482966 -10.047469 0.8451281 0.010530039 0.53446017 110.90852
0.54563267 -0.052353001 -0.83638753 -102.9151 0.01954518 0.99857024 -0.049754042 -10.118098 0.83779654 0.010800085 0.54587579 111.50928
0.55727377 -0.051393516 -0.82873674 -103.80032 0.019114667 0.99861218 -0.049074799 -10.189908 0.8301088 0.011507071 0.55748275 112.0649
0.56862109 -0.051422006 -0.82099072 -104.66439 0.018550961 0.99859202 -0.049697441 -10.262719 0.8223904 0.013028846 0.56877442 112.69708
0.58016207 -0.052985523 -0.81277577 -105.52692 0.020027913 0.99850813 -0.050797579 -10.339914 0.81425482 0.013192626 0.58035774 113.28346
0.59139873 -0.05513848 -0.80449191 -106.38338 0.022777043 0.99840366 -0.051684978 -10.413284 0.80605757 0.012242483 0.59171055 113.91237
0.60178102 -0.053173181 -0.79688905 -107.2132 0.020519813 0.99848124 -0.051128812 -10.484446 0.79839752 0.014416334 0.60195816 114.52897
0.61246069 -0.051438832 -0.78882564 -108.03562 0.020123705 0.99857178 -0.049491784 -10.554604 0.79024489 0.014437678 0.61262111 115.14294
0.62188803 -0.049672304 -0.7815292 -108.82166 0.021194081 0.99868832 -0.046609652 -10.62438 0.78281935 0.012422191 0.62212507 115.77558
0.6315856 -0.048707817 -0.7737746 -109.61618 0.021006999 0.99873331 -0.045721845 -10.689615 0.77502154 0.012622576 0.63180878 116.42149
0.6422497 -0.047816159 -0.76500254 -110.40731 0.018769066 0.9987341 -0.046668083 -10.761343 0.76626568 0.015614179 0.64233414 117.06841
0.65150346 -0.047406531 -0.757163 -111.15421 0.017385015 0.99871654 -0.04757138 -10.831675 0.75844647 0.017829628 0.65149145 117.71042
0.66103916 -0.046291981 -0.74892205 -111.8997 0.016096161 0.99874029 -0.047526273 -10.897746 0.75017877 0.019361957 0.66095157 118.35541
0.67006673 -0.044058147 -0.74099218 -112.62151 0.015252955 0.99884348 -0.045596562 -10.959033 0.74214417 0.019250419 0.6699638 119.0034
0.67917083 -0.043519936 -0.73268885 -113.34312 0.016836803 0.9989017 -0.043725346 -11.018475 0.73378713 0.017360842 0.67915764 119.65704
0.68774182 -0.042653377 -0.7247012 -114.05137 0.017231624 0.99895033 -0.042441902 -11.082234 0.72575085 0.016701292 0.68775491 120.30657
0.6939615 -0.042820636 -0.71873763 -114.73004 0.017395735 0.99893571 -0.042718081 -11.148719 0.71980196 0.017141734 0.69396783 120.96979
0.70188454 -0.040785049 -0.71112209 -115.41082 0.015610728 0.99900036 -0.041887815 -11.209611 0.71211968 0.018299277 0.7018196 121.62054
0.70954931 -0.037891199 -0.70363626 -116.08431 0.014215233 0.9991197 -0.039468454 -11.262249 0.70451241 0.018002461 0.70946333 122.29087
0.71725675 -0.035395185 -0.6959094 -116.7419 0.013447361 0.99922617 -0.036962549 -11.317236 0.69667924 0.017153493 0.71717769 122.95238
0.72408372 -0.034442785 -0.68885152 -117.37109 0.013347034 0.99926504 -0.03593387 -11.367622 0.68958296 0.016825006 0.72401125 123.61654
0.73141553 -0.033066383 -0.68112987 -117.99193 0.012491488 0.99930577 -0.035098974 -11.428807 0.68181766 0.017163609 0.73132081 124.28198
0.73878847 -0.030304295 -0.67325568 -118.60362 0.0098065094 0.99936614 -0.034221992 -11.473388 0.67386606 0.018680525 0.73861737 124.94073
0.74783254 -0.027637844 -0.66331185 -119.17564 0.009322779 0.99947175 -0.031133722 -11.527425 0.66382198 0.017098901 0.74769515 125.61379
0.75747951 -0.024192171 -0.65241052 -119.78151 0.0074296625 0.99956792 -0.028438998 -11.563536 0.65281669 0.016694768 0.75733196 126.24764
0.76744038 -0.020912163 -0.64077915 -120.3085 0.0045883311 0.99962144 -0.027127875 -11.612111 0.64110393 0.017878919 0.76724581 126.92765
0.77705387 -0.020980722 -0.62908431 -120.86237 0.0042053274 0.99959506 -0.028143223 -11.649802 0.62942008 0.019223294 0.77682743 127.58996
0.78674745 -0.021699882 -0.61689345 -121.3847 0.0042953558 0.99955016 -0.02968221 -11.700294 0.6172601 0.020702626 0.78648675 128.25166
0.79656701 -0.020715182 -0.60419521 -121.88865 0.0037271037 0.99956205 -0.029356773 -11.742283 0.60453878 0.021132739 0.79629536 128.93154
0.8066761 -0.019557294 -0.59067008 -122.39415 0.0037091249 0.99960016 -0.028031574 -11.775495 0.59098218 0.020421532 0.8064261 129.61507
0.81654155 -0.017511329 -0.57702099 -122.88361 0.0034603529 0.99967033 -0.025441074 -11.815388 0.57727632 0.018776998 0.81633296 130.31306
0.82583565 -0.016363879 -0.56367338 -123.35372 0.0038938881 0.99972052 -0.023317749 -11.85224 0.56389746 0.017061747 0.82566857 131.00168
0.83499412 -0.01494943 -0.55005573 -123.8327 0.0041695739 0.99977408 -0.020842403 -11.880485 0.55024309 0.015109786 0.83486781 131.71114
0.84300566 -0.014153674 -0.53771842 -124.28573 0.004940069 0.99981532 -0.018572088 -11.918027 0.53788203 0.013000009 0.8429199 132.41987
0.84981955 -0.014324906 -0.52687903 -124.73575 0.0062026485 0.99983319 -0.017179246 -11.947527 0.52703727 0.011331214 0.84976664 133.14424
0.85613186 -0.01435775 -0.51655791 -125.15028 0.0066572255 0.99983743 -0.016756985 -11.976717 0.51671457 0.010907346 0.85608826 133.84908
0.86313029 -0.013354564 -0.50480466 -125.58125 0.0060877477 0.99985279 -0.016042005 -12.004597 0.50494462 0.010773217 0.86308452 134.56167
0.86974759 -0.011738435 -0.49335719 -126.01488 0.0046420941 0.99986744 -0.015606195 -12.032356 0.49347502 0.01128324 0.86968679 135.28844
0.87581856 -0.010816534 -0.48251925 -126.42605 0.003919303 0.99987527 -0.015300088 -12.055741 0.4826246 0.011508961 0.87575171 136.03944
0.88124548 -0.011137158 -0.47252761 -126.81189 0.004484435 0.99987437 -0.015203072 -12.087178 0.47263761 0.011278619 0.88118472 136.80449
0.8865715 -0.012278405 -0.46242858 -127.21329 0.0054406269 0.9998553 -0.016117351 -12.113973 0.46255961 0.011773282 0.88651002 137.55159
0.89069719 -0.012841397 -0.45441566 -127.62873 0.0058414684 0.99984172 -0.016804847 -12.144743 0.45455957 0.012313575 0.89063123 138.33125
0.89381548 -0.012415708 -0.44826301 -128.01178 0.0057859189 0.99985274 -0.016156443 -12.167272 0.44839762 0.011847266 0.89375569 139.09847
0.89706538 -0.010580503 -0.44177115 -128.39888 0.0054068886 0.99990129 -0.012968538 -12.197122 0.44186479 0.009245019 0.89703403 139.91466
0.89999861 -0.0067729151 -0.43584012 -128.79595 0.0031805293 0.9999547 -0.0089714928 -12.217557 0.43588117 0.0066881285 0.89997938 140.69606
0.90321796 -0.0041169804 -0.42916239 -129.18436 0.0014932414 0.99997808 -0.0064501642 -12.234451 0.42917957 0.0051850608 0.90320431 141.51353
0.90681836 -0.0013260352 -0.42151949 -129.59715 -0.0002833589 0.99999291 -0.0037554156 -12.255017 0.42152152 0.0035249208 0.90681156 142.36902
0.90960796 0.00054300907 -0.41546727 -129.97612 -0.0014733456 0.99999707 -0.0019187057 -12.263204 0.41546504 0.0023573966 0.9096061 143.18982
0.91281258 0.0016734837 -0.40837529 -130.36713 -0.0015403054 0.9999986 0.00065496417 -12.281143 0.40837585 3.1162823e-05 0.91281388 144.05656
0.91650177 0.0018844803 -0.40002618 -130.76204 -0.00072758363 0.9999951 0.003043899 -12.292196 0.40002999 -0.0024986867 0.91649865 144.92785
0.91968132 0.001626815 -0.39266221 -131.12587 -0.00014069276 0.99999272 0.0038134828 -12.308277 0.39266559 -0.0034519445 0.91967485 145.8114
0.92301541 0.00075877771 -0.38476221 -131.51053 0.00064677552 0.99999358 0.0035236216 -12.300489 0.38476245 -0.0035012122 0.923009 146.69073
0.92688872 -0.0019419041 -0.3753312 -131.8829 0.0033720453 0.99998934 0.0031535535 -12.326491 0.37532111 -0.0041886273 0.92688539 147.63676
0.93096567 -0.0033229256 -0.36509159 -132.25045 0.00439931 0.99998808 0.0021165105 -12.328978 0.36508024 -0.0035765501 0.93096919 148.54535
0.93500007 -0.0040656129 -0.35462422 -132.62244 0.0044397633 0.99999012 0.000241399 -12.353519 0.35461976 -0.001800156 0.93500887 149.49864
0.94009207 -0.0028988003 -0.34090832 -132.97874 0.0026957523 0.99999579 -0.0010692992 -12.361587 0.34091002 8.6235022e-05 0.94009593 150.42587
0.94579595 0.00077879936 -0.32476053 -133.30438 -0.00068295451 0.99999968 0.00040911212 -12.372595 0.32476078 -0.00016514018 0.94579618 151.42517
0.95207304 0.0044248565 -0.30583876 -133.66006 -0.0037126524 0.99998887 0.0029103283 -12.382824 0.30584826 -0.0016353724 0.95207887 152.42744
0.95821618 0.0074650939 -0.28594759 -133.96382 -0.0063706166 0.99996839 0.0047576212 -12.393081 0.28597409 -0.0027371674 0.95823345 153.44382
0.96422415 0.0091129007 -0.26493157 -134.25848 -0.0078687971 0.99995247 0.0057568969 -12.405019 0.26497147 -0.0034662465 0.96425003 154.47956
0.96971816 0.010454876 -0.24400285 -134.52787 -0.0091227762 0.99993668 0.006588828 -12.404974 0.2440563 -0.004163323 0.96975213 155.53168
0.97492202 0.011443385 -0.22225235 -134.7694 -0.0095622249 0.99990879 0.0095383394 -12.423289 0.22234124 -0.0071739105 0.97494252 156.60131
0.97983565 0.01332686 -0.19936022 -134.99967 -0.010979339 0.99985682 0.012876215 -12.42107 0.19950329 -0.010427732 0.97984167 157.70681
0.98409706 0.015443118 -0.17695899 -135.21717 -0.012597583 0.99977283 0.017192494 -12.432479 0.17718432 -0.014689828 0.98406805 158.80233
0.98801094 0.017130245 -0.15343053 -135.40117 -0.014155596 0.99969047 0.02045916 -12.416078 0.15373352 -0.018041974 0.98794762 159.93552
0.99097394 0.018398777 -0.13278608 -135.54805 -0.01585311 0.9996702 0.020203107 -12.41491 0.13311401 -0.01791568 0.99093879 161.03265
0.99369257 0.01833923 -0.11062886 -135.69582 -0.016387861 0.99969413 0.018522517 -12.407268 0.11093472 -0.016592717 0.99368917 162.19032
0.99583564 0.018401271 -0.089290384 -135.81513 -0.016941591 0.99971062 0.017078064 -12.398779 0.08957881 -0.015494224 0.99585921 163.35332
0.99743171 0.016892667 -0.069603355 -135.90622 -0.015618291 0.99970103 0.018812875 -12.398187 0.069900352 -0.017677473 0.99739734 164.50473
0.99866342 0.017205659 -0.048737417 -135.97469 -0.016212167 0.99965413 0.020707099 -12.384431 0.049076843 -0.019889284 0.99859696 165.7152
0.9994599 0.017801717 -0.027622711 -136.01941 -0.017202197 0.99961453 0.021791838 -12.381114 0.027999998 -0.021304898 0.99938086 166.94789
0.99978969 0.018995545 -0.0077291998 -136.04353 -0.01882 0.99957675 0.022183923 -12.373205 0.0081473248 -0.022033794 0.99972403 168.13856
0.99972751 0.019550604 0.012754553 -136.02774 -0.019834651 0.99954923 0.022537353 -12.370225 -0.012308186 -0.022784195 0.99966464 169.37362
0.99918097 0.021376188 0.034357536 -136.01509 -0.022141366 0.99951173 0.022046946 -12.347153 -0.033869483 -0.022789612 0.9991664 170.62969
0.99834176 0.022748436 0.052879466 -135.965 -0.023889618 0.99949297 0.02104975 -12.338362 -0.05237381 -0.022278115 0.99837902 171.86364
0.99690757 0.023036177 0.075130784 -135.87916 -0.024534317 0.99951692 0.019078681 -12.339004 -0.074654996 -0.020862965 0.99699116 173.14408
0.99545921 0.024985683 0.091851402 -135.77113 -0.026579681 0.99951588 0.01617177 -12.331189 -0.09140288 -0.018539718 0.9956414 174.38403
0.99341528 0.025332088 0.11173345 -135.64412 -0.027089742 0.99953157 0.014240501 -12.327813 -0.11132038 -0.017173562 0.99363617 175.69932
0.99101938 0.025026885 0.13135541 -135.46389 -0.026743915 0.99957818 0.011323532 -12.331859 -0.13101662 -0.014734798 0.99127067 176.99235
0.9885507 0.026379333 0.14856528 -135.28551 -0.02758882 0.99960083 0.0060858262 -12.333789 -0.14834545 -0.010114889 0.98888387 178.29143
0.98562477 0.028141193 0.16658894 -135.09431 -0.028452676 0.99959501 -0.00051705444 -12.360574 -0.16653603 -0.0042302794 0.9860263 179.58297
0.9824758 0.03059155 0.1838626 -134.85281 -0.030042951 0.99953196 -0.0057693163 -12.366685 -0.18395305 0.00014443876 0.98293502 180.88768
0.97898226 0.032657178 0.20131379 -134.59713 -0.031356188 0.9994617 -0.0096488583 -12.404439 -0.20152054 0.0031336283 0.97947928 182.20587
0.97509723 0.034484379 0.21908039 -134.32207 -0.032466553 0.99939079 -0.012805011 -12.426001 -0.21938852 0.0053733457 0.97562278 183.52828
0.97089253 0.034064809 0.23708075 -134.00422 -0.031995644 0.99940895 -0.012571014 -12.460023 -0.23736887 0.0046195523 0.97140861 184.8598
0.96660852 0.033274509 0.25408814 -133.67164 -0.030904042 0.99943365 -0.013316463 -12.500473 -0.25438735 0.0050194567 0.96708939 186.21798
0.9620346 0.032778119 0.27095205 -133.30693 -0.028983071 0.99941788 -0.017996994 -12.556277 -0.27138425 0.0094607094 0.96242459 187.55302
0.95766855 0.034137211 0.28584189 -132.94277 -0.028927157 0.99932981 -0.022430952 -12.606292 -0.28641608 0.013212824 0.95801423 188.87833
0.952096 0.03661517 0.30359929 -132.52043 -0.031082643 0.9992513 -0.023037268 -12.646303 -0.30421553 0.012497022 0.95252126 190.23076
0.94629324 0.038296871 0.3210334 -132.07353 -0.03258997 0.99920105 -0.023133442 -12.697414 -0.32166287 0.011428551 0.94678529 191.56216
0.94003247 0.042254971 0.33845748 -131.63874 -0.035205614 0.99901684 -0.02694285 -12.742302 -0.33926322 0.013411551 0.94059588 192.89644
0.93318668 0.043269091 0.3567778 -131.12456 -0.034845681 0.99894212 -0.030006894 -12.80865 -0.35769877 0.015569868 0.93370722 194.23833
0.92693537 0.044111746 0.37261907 -130.62742 -0.034250095 0.99886675 -0.033047516 -12.866533 -0.37365461 0.017870673 0.92739575 195.5828
0.91994398 0.044132246 0.38955797 -130.08297 -0.031954656 0.99877849 -0.037688479 -12.947094 -0.39074543 0.0222231 0.92023049 196.91657
0.9114062 0.047352306 0.40877437 -129.51306 -0.032344574 0.99852738 -0.04355344 -13.027337 -0.41023479 0.026473243 0.91159563 198.25242
0.90167875 0.05100831 0.42938743 -128.90659 -0.033995835 0.99830662 -0.047203554 -13.111971 -0.43106812 0.027965058 0.90188594 199.5516
0.88955159 0.054093247 0.45362085 -128.25889 -0.035578392 0.9981522 -0.049258055 -13.19994 -0.45544722 0.027678481 0.88983243 200.9236
0.87672057 0.058360579 0.4774464 -127.58145 -0.038274093 0.99792895 -0.051700105 -13.294915 -0.47947487 0.027052718 0.87713854 202.24139
0.86245101 0.062572158 0.50225786 -126.88307 -0.040486239 0.99767777 -0.054771577 -13.39113 -0.50451872 0.026903271 0.86298151 203.52235
0.8468875 0.066291157 0.52762394 -126.11815 -0.041985365 0.99743748 -0.05792839 -13.503531 -0.53011207 0.026906347 0.8475006 204.79675
0.83268689 0.067977611 0.54955579 -125.32954 -0.041694579 0.99731589 -0.060187926 -13.610946 -0.5521722 0.027204201 0.83328616 206.05653
0.81669339 0.069024126 0.57292892 -124.48528 -0.040469507 0.99722703 -0.062453728 -13.72115 -0.57565106 0.027819397 0.8172221 207.29869
0.80110111 0.070980974 0.59430521 -123.63339 -0.038537639 0.99699973 -0.067129595 -13.839169 -0.59728711 0.030874475 0.80143303 208.52666
0.78441066 0.073447522 0.61587771 -122.74292 -0.036689033 0.99671973 -0.072136606 -13.966103 -0.61915577 0.033988766 0.7845323 209.71209
0.76753196 0.075536881 0.63654444 -121.78083 -0.035041521 0.99649201 -0.075998482 -14.109597 -0.64005219 0.03602578 0.7674864 210.90149
0.75154248 0.077055792 0.65516888 -120.80128 -0.033081306 0.99630727 -0.079230318 -14.244564 -0.65885473 0.037871109 0.75131635 212.05778
0.73588711 0.077407458 0.672665 -119.82087 -0.031079347 0.99625825 -0.08064479 -14.379775 -0.67639062 0.038439474 0.73553938 213.17313
0.71993313 0.078075822 0.68963789 -118.77627 -0.029199341 0.9961799 -0.08229825 -14.533931 -0.69342897 0.039112266 0.71946267 214.29965
0.70503655 0.078759136 0.70478395 -117.7304 -0.026320638 0.99603527 -0.084976205 -14.684883 -0.70868239 0.041360969 0.70431427 215.39593
0.69020545 0.080013528 0.71917608 -116.65975 -0.023428571 0.99581773 -0.088307111 -14.835455 -0.72323412 0.044100782 0.68919343 216.45888
0.67554887 0.082301978 0.73270736 -115.54979 -0.021335333 0.99551642 -0.092151266 -15.002844 -0.7370065 0.046620129 0.67427593 217.50738
0.66019066 0.084995256 0.74627344 -114.4257 -0.020441228 0.99524179 -0.095267657 -15.162097 -0.75081988 0.047640074 0.65878674 218.53258
0.64461791 0.0851723 0.7597456 -113.25303 -0.018554929 0.99522497 -0.095827813 -15.336116 -0.76427973 0.047675301 0.64312021 219.54736
0.62837797 0.086424609 0.77309241 -112.08948 -0.019081617 0.99522279 -0.095746991 -15.501937 -0.77767414 0.045413448 0.62702519 220.51385
0.6110269 0.08778051 0.78672782 -110.89597 -0.021337814 0.99529809 -0.094479683 -15.679919 -0.79132224 0.040942577 0.61002695 221.47766
0.59327278 0.088764173 0.80009267 -109.71512 -0.023667246 0.99539578 -0.092882178 -15.845323 -0.80465354 0.036168479 0.59264203 222.40804
0.57592167 0.089750558 0.81256323 -108.51137 -0.025241625 0.9954336 -0.092058708 -16.011616 -0.81711514 0.03250819 0.57555723 223.2883
0.55696287 0.093027707 0.82531094 -107.3043 -0.02695256 0.99520831 -0.093989268 -16.187096 -0.83009998 0.030104291 0.55680141 224.1525
0.53901352 0.096794454 0.83671692 -106.07327 -0.029031153 0.99491979 -0.09639405 -16.364882 -0.8417967 0.02766684 0.53908527 224.97344
0.51964903 0.097060231 0.84884871 -104.82813 -0.029381368 0.99496868 -0.095781366 -16.54362 -0.85387452 0.024832358 0.51988626 225.76382
0.49850198 0.095731272 0.86158646 -103.58706 -0.029328778 0.9951773 -0.093605386 -16.707052 -0.86639232 0.021393194 0.49890554 226.51349
0.47720107 0.09388227 0.87376495 -102.33277 -0.029309463 0.99542434 -0.090946871 -16.870181 -0.87830528 0.017790364 0.4777692 227.23426
0.45543046 0.092604457 0.88544195 -101.07574 -0.02958206 0.9956003 -0.088909785 -17.039299 -0.88977979 0.014299028 0.45616613 227.9212
0.43466016 0.09148656 0.89593565 -99.834821 -0.028245061 0.99572233 -0.087973067 -17.190773 -0.90015156 0.012932631 0.43538487 228.5476
