1 0 0 0 0 1 0 0 0 0 1 0
0.99995406 -0.0019866504 0.009377193 0.014973525 0.0019777747 0.99999759 0.0009557132 -0.0074263289 -0.0093790699 -0.00093712333 0.99995558 0.28426294
0.99985692 -0.0035432655 0.016540685 0.010665244 0.0035205583 0.99999282 0.001401742 -0.015356 -0.016545535 -0.001343309 0.99986221 0.59410043
0.99981488 -0.0068991953 0.017961532 0.035981498 0.0069129678 0.99997586 -0.00070477521 -0.015699607 -0.017956237 0.00082881227 0.99983843 0.88162711
0.99982379 -0.0077781509 0.017084971 0.026705652 0.007802364 0.99996865 -0.0013509854 -0.01975946 -0.017073929 0.0014840505 0.99985313 1.1979885
0.9998902 -0.011298637 0.0095880913 0.029138495 0.011332676 0.99992965 -0.0035032127 -0.021973129 -0.0095478361 0.0036114869 0.9999479 1.5070272
0.9999314 -0.011583843 -0.0017322388 0.0096526099 0.011575744 0.99992235 -0.0046149091 -0.033908856 0.0017855629 0.0045945407 0.99998785 1.840625
0.99977771 -0.011195162 -0.017866289 0.00085201276 0.011104734 0.99992506 -0.005152613 -0.037533668 0.017922636 0.0049530673 0.99982711 2.1540841
0.99929012 -0.0081249323 -0.036786505 -0.0403745 0.007920053 0.99995232 -0.0057117338 -0.043890622 0.036831161 0.0054163282 0.99930682 2.5003216
0.99836694 -0.0039204541 -0.056991931 -0.08662281 0.0035607317 0.9999731 -0.0064119978 -0.051051915 0.057015541 0.0061985937 0.99835405 2.8395769
0.99710996 -0.0027626562 -0.075921681 -0.13189246 0.0022684445 0.99997568 -0.0065949608 -0.053767897 0.075938061 0.006403677 0.99709197 3.210007
0.99529021 -0.0036432208 -0.096871666 -0.18603965 0.0030682484 0.99997679 -0.0060837068 -0.060177094 0.096891589 0.0057578276 0.99527829 3.5987927
0.99314107 -0.0053479071 -0.11679986 -0.23738378 0.0047535779 0.9999743 -0.005366415 -0.06986958 0.11682556 0.0047743899 0.99314097 3.978708
0.99084945 -0.0043333985 -0.13490216 -0.3161861 0.0037442793 0.99998232 -0.0046204229 -0.076949041 0.13491981 0.0040730321 0.99084815 4.3632216
0.98863672 -0.0037159034 -0.1502785 -0.39451691 0.0031082621 0.99998602 -0.0042781211 -0.084836922 0.15029231 0.0037624025 0.98863445 4.7899131
0.9865273 -0.0029893832 -0.16356938 -0.48090961 0.0023307829 0.99998839 -0.0042181957 -0.093327368 0.1635801 0.0037801205 0.98652281 5.2016076
0.98439158 -0.0042873652 -0.17593985 -0.56833822 0.0034432584 0.99998105 -0.0051027076 -0.099165099 0.17595841 0.0044172559 0.98438769 5.6388469
0.98262512 -0.0071708951 -0.18546277 -0.66029703 0.0059757895 0.99995763 -0.0070021096 -0.11298604 0.18550514 0.0057721622 0.98262634 6.0956531
0.98113633 -0.0062559892 -0.19321585 -0.75596948 0.0046633737 0.99995131 -0.0086963854 -0.11929057 0.19326087 0.0076313019 0.98111773 6.5468625
0.9794429 -0.0064002465 -0.20162004 -0.86497906 0.0042931125 0.99993152 -0.010886566 -0.12410966 0.20167592 0.0097971926 0.97940331 7.0152374
0.9779537 -0.0068708847 -0.20870878 -0.97845022 0.0041976023 0.99990342 -0.013248895 -0.13835387 0.20877967 0.01208073 0.97788809 7.4989517
0.97606621 -0.010566271 -0.21721673 -1.1027014 0.0074840126 0.99985937 -0.015007562 -0.14701412 0.21734478 0.013022722 0.97600802 7.9912596
0.97427935 -0.016176233 -0.22476228 -1.2073691 0.012870853 0.99978652 -0.01616363 -0.16285867 0.22497578 0.012855008 0.97427956 8.5001395
0.97244619 -0.017690442 -0.23245526 -1.3434335 0.013624886 0.99972505 -0.019083716 -0.19142586 0.23272897 0.01539071 0.97241985 9.0375562
0.97019782 -0.013198663 -0.24195451 -1.5006642 0.0079209863 0.99970929 -0.022772473 -0.19285553 0.24218476 0.020177285 0.97002032 9.5614578
0.96811079 -0.010661894 -0.25029547 -1.6534128 0.0043381645 0.99965763 -0.025803185 -0.21017889 0.25048491 0.023894519 0.96782559 10.091795
0.96571646 -0.013266951 -0.25925992 -1.8132703 0.0062254311 0.99958959 -0.027962306 -0.23474205 0.25952452 0.025389655 0.96540271 10.645168
0.96351167 -0.015095209 -0.26724033 -1.9731336 0.0074362224 0.99953273 -0.029648479 -0.26383241 0.26756303 0.026579397 0.9631737 11.221081
0.96141995 -0.014830993 -0.27468475 -2.1450014 0.0061639977 0.99945633 -0.03238891 -0.28679177 0.2750158 0.029446189 0.96098868 11.785024
0.95886658 -0.014526601 -0.28348518 -2.3364396 0.0045348481 0.99934615 -0.035870619 -0.31014553 0.28382092 0.033109576 0.95830551 12.380316
0.95666211 -0.015406285 -0.29079244 -2.5242384 0.0036239752 0.99915204 -0.041013107 -0.34053217 0.29117774 0.038181861 0.95590673 12.958488
0.95489733 -0.016392217 -0.29648335 -2.732777 0.0021972752 0.99883781 -0.048147708 -0.37893112 0.29692806 0.045324663 0.95382358 13.573274
0.95363569 -0.016706618 -0.30049934 -2.9334021 -0.00029282589 0.99840613 -0.056436857 -0.4171751 0.30096328 0.053908196 0.95211082 14.205312
0.95238391 -0.016869183 -0.30443442 -3.1449267 -0.0031087903 0.99787915 -0.065019478 -0.46204824 0.30488561 0.062869929 0.9503116 14.809699
0.95075471 -0.016415743 -0.30950928 -3.3673216 -0.0068386053 0.99724231 -0.073898621 -0.50927143 0.30986887 0.072376075 0.94802057 15.450065
0.94941486 -0.01485905 -0.31367281 -3.5910083 -0.01124279 0.99663108 -0.081240902 -0.56703882 0.31382326 0.080657878 0.9460493 16.085346
0.94798264 -0.013973625 -0.31801516 -3.8386696 -0.014697085 0.99604928 -0.087577584 -0.63087525 0.31798258 0.087695926 0.94403205 16.779921
0.94650108 -0.012875502 -0.32244368 -4.0770124 -0.018233623 0.99547358 -0.093273231 -0.69920062 0.32218513 0.094162532 0.94198204 17.445322
0.94480675 -0.010665012 -0.32745452 -4.32197 -0.022940139 0.99486354 -0.098591489 -0.77382122 0.32682407 0.10066176 0.93970913 18.089965
0.94296731 -0.007965378 -0.33279003 -4.5998321 -0.027632639 0.99439043 -0.10209852 -0.85268362 0.3317365 0.10547143 0.93745756 18.806903
0.94121269 -0.0073831302 -0.33773386 -4.8606157 -0.029417051 0.99417202 -0.10371421 -0.93126454 0.33653131 0.10755227 0.93551013 19.487177
0.93896898 -0.0070009875 -0.34393055 -5.1453613 -0.030110989 0.99428275 -0.10244581 -1.0182053 0.34268146 0.10654953 0.93338986 20.209908
0.93668287 -0.0067733272 -0.35011328 -5.4308724 -0.030547156 0.9944211 -0.10096314 -1.1060134 0.34884392 0.10526541 0.9312503 20.944848
0.93397638 -0.0067300752 -0.35727134 -5.7056851 -0.030739129 0.9946032 -0.099093792 -1.1854637 0.35601016 0.10353347 0.92872902 21.661246
0.93187852 -0.0055327545 -0.36272829 -5.9671284 -0.031456889 0.99488507 -0.095990449 -1.2736697 0.36140408 0.10086174 0.92693798 22.354744
0.92746502 -0.0035029839 -0.3738935 -6.3331587 -0.032762825 0.99534871 -0.090595484 -1.3552647 0.37247179 0.096273952 0.92303635 23.177847
0.92470964 -0.00061087658 -0.38067269 -6.6416951 -0.034470082 0.99575623 -0.085330783 -1.4373472 0.37910936 0.092028018 0.92076433 23.923415
0.92144789 0.0019496042 -0.38849706 -6.9763242 -0.036416961 0.99601792 -0.081376391 -1.5119979 0.38679141 0.089131988 0.91784961 24.673581
0.91751728 0.0033221674 -0.39768203 -7.3210795 -0.038012566 0.99611942 -0.079379769 -1.5924994 0.39587512 0.087949226 0.91408306 25.385365
0.91323097 0.0033405742 -0.40742854 -7.6885848 -0.038615476 0.99617486 -0.078386875 -1.6650837 0.40560824 0.087318371 0.90986673 26.169535
0.90939309 0.0026510088 -0.41592927 -8.0303602 -0.038259971 0.99627333 -0.077302136 -1.7271786 0.41417435 0.086211472 0.90610552 26.871807
0.90549336 0.0034994266 -0.42434598 -8.4267794 -0.039298018 0.99636053 -0.075639696 -1.8072037 0.42253692 0.085167199 0.90233537 27.686249
0.90179358 0.0039932563 -0.43214857 -8.8109833 -0.039530878 0.9965274 -0.073283362 -1.8817554 0.43035528 0.083169679 0.89881986 28.474626
0.89827414 0.0041903089 -0.43941551 -9.2124227 -0.038262633 0.99690254 -0.068711733 -1.9558869 0.43776656 0.078535168 0.8956521 29.23703
0.89394457 0.0052925754 -0.44814627 -9.6215058 -0.037855556 0.9972486 -0.063735334 -2.0179318 0.44657595 0.073940683 0.89168532 30.06027
0.89101622 0.0052769407 -0.45394079 -10.043252 -0.036266046 0.99756404 -0.05958827 -2.084 0.4525206 0.069556753 0.88903711 30.847147
0.88676993 0.0057002874 -0.46217591 -10.47463 -0.036308193 0.99769318 -0.057358839 -2.1505662 0.46078283 0.067644867 0.88493128 31.657172
0.88318886 0.0060885421 -0.46897798 -10.913441 -0.03684827 0.99772576 -0.056440354 -2.2153079 0.46756781 0.06712852 0.88140463 32.493772
0.88100215 0.0056441296 -0.47307857 -11.352489 -0.035676329 0.99787437 -0.054533833 -2.2705857 0.47176523 0.064922132 0.87933083 33.312446
0.87799177 0.0029797769 -0.47866643 -11.819205 -0.032339218 0.99806515 -0.053104944 -2.3319929 0.47758208 0.062105403 0.87638935 34.154654
0.87521702 0.0024587109 -0.48372421 -12.282775 -0.032102045 0.99807785 -0.053010102 -2.392 0.48266412 0.06192388 0.87361365 34.969599
0.87354561 0.00044509039 -0.48674207 -12.76227 -0.030300222 0.99810983 -0.053466458 -2.4502445 0.48579829 0.061453784 0.87190795 35.820009
0.87164204 0.0029928784 -0.49013383 -13.279781 -0.033681611 0.99798327 -0.053804617 -2.5124478 0.48898437 0.063406864 0.86998498 36.684353
0.87155588 0.0027953328 -0.4902882 -13.785329 -0.032966173 0.9980549 -0.052911663 -2.5729352 0.48918667 0.062278397 0.86995277 37.521849
0.87131515 0.0031273995 -0.49071388 -14.280026 -0.032498852 0.99815211 -0.051343808 -2.6356859 0.48964656 0.060684276 0.86980669 38.430068
0.8710495 0.0013204655 -0.49119344 -14.809961 -0.030099853 0.99826057 -0.050693453 -2.7025031 0.49027215 0.058941358 0.86957412 39.334579
0.87088298 -0.0013604337 -0.49148852 -15.316794 -0.027481181 0.99829698 -0.051457983 -2.7611702 0.49072155 0.058320568 0.86936246 40.227726
0.86972373 -0.0030325334 -0.49352955 -15.849563 -0.026278719 0.99827806 -0.052443739 -2.8314783 0.4928388 0.05858089 0.86814643 41.170889
0.86845303 -0.0023442922 -0.49576589 -16.372519 -0.026019808 0.9983951 -0.050300978 -2.893953 0.4950882 0.056583771 0.86699826 42.052282
0.86603882 -0.0015166393 -0.49997445 -16.947439 -0.025081664 0.99860453 -0.046474806 -2.9617253 0.49934727 0.052789177 0.86479224 42.989278
0.86353396 -0.0019017174 -0.50428709 -17.458004 -0.022499809 0.99885178 -0.042295116 -3.024634 0.50378853 0.047869633 0.86249964 43.921334
0.85989674 -0.004620363 -0.51044708 -17.991866 -0.018519551 0.99901838 -0.040240661 -3.0830494 0.51013198 0.044056064 0.85896708 44.791586
0.85436136 -0.0084983623 -0.51960987 -18.540054 -0.015706633 0.99898723 -0.042164123 -3.1484847 0.519442 0.04418472 0.85336261 45.719546
0.84941929 -0.0089025156 -0.52764343 -19.129298 -0.017846106 0.99880121 -0.045581292 -3.207991 0.52741673 0.04813401 0.84824215 46.604458
0.84331818 -0.0087747588 -0.53734294 -19.725272 -0.018562103 0.99879451 -0.045442001 -3.2712909 0.53709396 0.048296281 0.84213869 47.493897
0.83775162 -0.0036761257 -0.54603908 -20.326941 -0.021726802 0.99896106 -0.040059347 -3.3356523 0.54561909 0.045423466 0.83680138 48.401011
0.83157948 -0.0055770759 -0.55537775 -20.910255 -0.016749755 0.99924294 -0.035114127 -3.3874451 0.55515317 0.038502629 0.8308565 49.259718
0.82850014 -0.0017304645 -0.55998616 -21.523988 -0.022429442 0.99909023 -0.036271761 -3.4454734 0.55953951 0.042611337 0.82770758 50.163216
0.82542357 -0.0043210869 -0.56449733 -22.142341 -0.022919822 0.99888964 -0.041160246 -3.4997488 0.56404844 0.046912816 0.82440801 51.016746
0.82176551 -0.0062990373 -0.56979097 -22.750922 -0.025569461 0.99852406 -0.047915536 -3.5665588 0.56925186 0.053944583 0.82039157 51.874246
0.81919935 -0.008022331 -0.57345273 -23.38737 -0.02534104 0.99841925 -0.050168062 -3.628402 0.57294876 0.055629533 0.81770111 52.740779
0.81607262 -0.0050816876 -0.57792701 -23.983613 -0.026269332 0.99860174 -0.04587476 -3.6899377 0.57735208 0.052618892 0.81479804 53.564216
0.8123545 -0.0050179595 -0.58314232 -24.639864 -0.022683538 0.99893432 -0.040195479 -3.7530328 0.58272262 0.04588071 0.81137496 54.442642
0.81066618 -0.0032831642 -0.58549939 -25.273585 -0.022641227 0.99906057 -0.036950602 -3.8107287 0.58507072 0.043211028 0.80983028 55.326384
0.80717646 -0.001414562 -0.59030851 -25.918842 -0.025624571 0.99897057 -0.037432384 -3.8672783 0.58975382 0.045340941 0.80630928 56.178823
0.80366497 -0.0014188373 -0.5950803 -26.577907 -0.02720843 0.99886375 -0.039126963 -3.9283588 0.59445971 0.047636171 0.8027132 57.029482
0.80078606 -0.0044513829 -0.59893393 -27.225953 -0.025787811 0.99878887 -0.041901967 -3.9922589 0.59839511 0.048999706 0.79970141 57.913358
0.79565382 -0.0040679214 -0.60573792 -27.8668 -0.027001219 0.99874535 -0.042174079 -4.0445235 0.60514954 0.04991163 0.79454571 58.705925
0.79158986 -0.0080220644 -0.61100009 -28.544203 -0.021945996 0.99889549 -0.041547342 -4.1046473 0.61065858 0.046297461 0.79053948 59.602274
0.78630397 -0.0071893732 -0.61779798 -29.204839 -0.022817385 0.99891226 -0.04066532 -4.1622203 0.61741838 0.046071837 0.78528464 60.410655
0.77974104 -0.0069430086 -0.62606363 -29.924316 -0.024096274 0.99886491 -0.041088443 -4.2300631 0.62563832 0.047124147 0.77868867 61.249876
0.77618809 -0.0085476825 -0.63044346 -30.596687 -0.023421556 0.99882706 -0.042378404 -4.2898194 0.63006628 0.047659579 0.77507747 62.110569
0.76946555 -0.012527889 -0.63856541 -31.297989 -0.019210547 0.99890127 -0.042745781 -4.3430807 0.63839937 0.045158597 0.76837945 62.918509
0.76454218 -0.013441398 -0.64443351 -32.016696 -0.019675154 0.99883002 -0.044175474 -4.4110858 0.64427337 0.046453342 0.76338322 63.762087
0.75951627 -0.01259536 -0.65036632 -32.685622 -0.022198293 0.99872832 -0.04526573 -4.476097 0.65010945 0.048817082 0.75827081 64.546994
0.75375924 -0.013956304 -0.65700243 -33.438441 -0.02097842 0.99875386 -0.045283833 -4.5388307 0.65681577 0.04791598 0.75252717 65.383401
0.74592171 -0.013651614 -0.66589369 -34.199988 -0.020843553 0.99882174 -0.043825593 -4.6060492 0.66570744 0.046570052 0.74475827 66.200764
0.73919513 -0.015635223 -0.67330978 -34.93401 -0.017999497 0.99891477 -0.042957039 -4.6655439 0.67325078 0.043872872 0.73811151 67.012493
0.73395059 -0.016420517 -0.67900431 -35.745085 -0.017916125 0.99889179 -0.043522359 -4.7385244 0.67896655 0.044108388 0.73284303 67.858886
0.72577383 -0.018893961 -0.68767385 -36.53244 -0.016682192 0.99884544 -0.045049908 -4.7988539 0.68773112 0.044167952 0.72462069 68.619578
0.72288201 -0.015506144 -0.69079745 -37.249988 -0.021242905 0.99877686 -0.044648819 -4.8599044 0.6906449 0.046950373 0.72166843 69.428986
0.71752071 -0.018553372 -0.69629 -38.022861 -0.017829036 0.99882844 -0.044987486 -4.9224732 0.69630898 0.044693632 0.7163493 70.235991
0.7131297 -0.016627264 -0.70083488 -38.864941 -0.020359619 0.99880576 -0.044413393 -4.9982852 0.70073644 0.045941241 0.71193952 71.073962
0.70735078 -0.01972685 -0.70658735 -39.699204 -0.017416056 0.99882067 -0.045320433 -5.060751 0.70664814 0.044363409 0.70617302 71.853355
0.70235992 -0.020676667 -0.71152159 -40.512049 -0.018855293 0.99868687 -0.047634137 -5.1303754 0.71157225 0.046872257 0.70104777 72.665521
0.69803231 -0.020433409 -0.71577463 -41.336523 -0.022460755 0.99847612 -0.050407769 -5.2084348 0.71571394 0.05126309 0.69650965 73.465149
0.69235777 -0.021795716 -0.72122509 -42.187161 -0.02187191 0.99845042 -0.051170055 -5.2758168 0.72122284 0.051202556 0.69080819 74.2448
0.6880005 -0.022206336 -0.72537035 -43.028477 -0.020557829 0.99853423 -0.050067642 -5.3481998 0.725419 0.049358603 0.68653554 75.039269
0.6831235 -0.02192157 -0.72997375 -43.909866 -0.020202888 0.99859959 -0.048894822 -5.4249943 0.7300234 0.048148781 0.68172397 75.80356
0.67787897 -0.023636693 -0.73479342 -44.748196 -0.018462193 0.99862049 -0.049155608 -5.4936338 0.7349417 0.046887452 0.67650744 76.588884
0.67473676 -0.022940965 -0.73770182 -45.603955 -0.019984775 0.99858244 -0.049332813 -5.5701422 0.73778788 0.048029468 0.67332181 77.365022
0.66844132 -0.025083178 -0.74334177 -46.487277 -0.016702375 0.99867289 -0.048718433 -5.6392209 0.74357735 0.044980987 0.66713528 78.140926
0.66544576 -0.028184917 -0.74591387 -47.424257 -0.01275798 0.99871146 -0.04911873 -5.7121855 0.7463372 0.042202205 0.66422873 78.932535
0.66165203 -0.029089338 -0.74924652 -48.282608 -0.012613969 0.99867393 -0.049912572 -5.7881194 0.74970496 0.042475727 0.6604077 79.703064
0.65701547 -0.032861626 -0.7531605 -49.205409 -0.010436919 0.99855726 -0.052673277 -5.8719302 0.75380488 0.042467833 0.65572459 80.473468
0.65293009 -0.036453861 -0.75654039 -50.123884 -0.0077677392 0.99846631 -0.054814974 -5.9459656 0.75737838 0.041666955 0.65164554 81.283353
0.6473472 -0.040454036 -0.7611209 -51.013488 -0.0019965925 0.99849706 -0.054768861 -6.0280324 0.76219267 0.036974117 0.64629351 82.04237
0.63718665 -0.046450672 -0.76930843 -51.932211 0.0062507253 0.99846074 -0.055109618 -6.1101316 0.77068421 0.030306377 0.63649621 82.822208
0.62922838 -0.045949943 -0.77586094 -52.870762 0.006389753 0.99852293 -0.053954846 -6.1928609 0.77719422 0.028992361 0.62859258 83.547903
0.62002618 -0.045047579 -0.78328679 -53.833227 0.0081236743 0.99866542 -0.051003756 -6.2711586 0.7845391 0.025260497 0.61956466 84.350365
0.61380888 -0.044514773 -0.78819861 -54.741609 0.0071050251 0.99868006 -0.050869017 -6.3490096 0.78942272 0.025623683 0.61331497 85.020884
0.60397207 -0.047107084 -0.79561209 -55.73417 0.007785866 0.99855286 -0.053212449 -6.4192804 0.79696748 0.025944304 0.60346481 85.738382
0.59223553 -0.050222091 -0.80419821 -56.775377 0.010375966 0.99844827 -0.054711816 -6.5060216 0.80569812 0.024057948 0.59183765 86.520918
0.58412143 -0.04915551 -0.81017642 -57.778988 0.0055883379 0.99838438 -0.056545494 -6.5928258 0.81164708 0.028501895 0.58345241 87.180157
0.57431254 -0.050586872 -0.81707161 -58.747397 0.0095695944 0.99843558 -0.055089168 -6.6726019 0.81858023 0.023819356 0.57389817 87.874039
0.5630889 -0.050691558 -0.8248401 -59.806906 0.011309208 0.99849611 -0.053643407 -6.758062 0.82631897 0.020877719 0.56281536 88.564146
0.55316489 -0.05204163 -0.83144465 -60.822184 0.012965808 0.99846381 -0.053869436 -6.8425884 0.83297092 0.019018328 0.55298988 89.26238
0.54449838 -0.053113894 -0.83707847 -61.885418 0.01219157 0.99838875 -0.055418966 -6.9243342 0.83867332 0.019970236 0.5442686 89.911029
0.53247081 -0.053272164 -0.84477029 -62.945463 0.010529516 0.99835721 -0.056320622 -7.0103271 0.84638291 0.021094065 0.532157 90.586678
0.52396725 -0.054015777 -0.85002386 -64.019612 0.0088953708 0.99827964 -0.057953629 -7.0991861 0.851692 0.022804526 0.52354633 91.218748
0.51643891 -0.0527792 -0.85469594 -65.111468 0.0056748167 0.9982878 -0.058217353 -7.1973801 0.85630527 0.025215464 0.51585418 91.865764
0.50751907 -0.052349629 -0.86004875 -66.235499 0.0074435575 0.99838179 -0.056377233 -7.2789519 0.86160841 0.022210698 0.50708746 92.52036
0.49998442 -0.050112224 -0.8645833 -67.26692 0.0078948171 0.99854673 -0.05331136 -7.3607026 0.86599845 0.019829122 0.49965343 93.128725
0.49138791 -0.050068247 -0.86950045 -68.396005 0.0073022532 0.99854798 -0.05337238 -7.4534908 0.87091025 0.019877229 0.49104001 93.74109
0.48376533 -0.05365279 -0.87355161 -69.510573 0.010033639 0.99839356 -0.055763933 -7.5388906 0.87514027 0.018211756 0.48352653 94.355808
0.4780047 -0.056181926 -0.87655863 -70.613718 0.010364918 0.99824361 -0.058328977 -7.6308861 0.87829616 0.018796066 0.47774745 94.939963
0.46921956 -0.060308712 -0.88101975 -71.801709 0.013296558 0.99803467 -0.061237197 -7.7321463 0.88298147 0.01701916 0.46909929 95.542844
0.46562186 -0.063905371 -0.88267339 -72.847853 0.015875907 0.99783206 -0.063868085 -7.8156723 0.8848414 0.015725136 0.46562698 96.142199
0.46082596 -0.063993409 -0.88518033 -73.974997 0.016738246 0.99784626 -0.063424551 -7.9182151 0.88733271 0.014411313 0.4609046 96.709023
0.45574762 -0.06193892 -0.88795135 -75.163545 0.018535809 0.99802006 -0.060103106 -8.0224058 0.88991606 0.010932951 0.45599336 97.265024
0.45108028 -0.059719973 -0.89048304 -76.228897 0.0224232 0.99820211 -0.055585494 -8.1176851 0.89220169 0.0051060397 0.4516084 97.903064
0.44810032 -0.060642417 -0.89192406 -77.305298 0.025298601 0.99815724 -0.055155319 -8.2071814 0.89362529 0.0021506844 0.44880875 98.431533
0.44411689 -0.060040924 -0.89395481 -78.446829 0.025763406 0.99819535 -0.054242795 -8.2983078 0.8955984 0.0010588202 0.44486228 99.005954
0.44392936 -0.05844069 -0.89415398 -79.562077 0.026498599 0.99829072 -0.052090908 -8.3906982 0.89566993 -0.00056914545 0.44471916 99.592042
0.43956293 -0.057777731 -0.89635155 -80.717658 0.028688382 0.99832293 -0.050282152 -8.4782474 0.89775357 -0.003612706 0.44048331 100.11896
0.44051365 -0.059635148 -0.89576297 -81.783309 0.032522104 0.99819637 -0.05046107 -8.5648085 0.89715668 -0.0069033075 0.44165859 100.63776
0.43573802 -0.060015383 -0.89807041 -82.879535 0.035069058 0.99814892 -0.049688051 -8.6471104 0.89939013 -0.009843511 0.43703612 101.1743
0.43478659 -0.058717436 -0.89861717 -83.994879 0.037333898 0.99818941 -0.047160067 -8.7315154 0.89975934 -0.013044318 0.43619153 101.69951
0.43245154 -0.057467527 -0.89982392 -85.08194 0.03838978 0.99823539 -0.045302641 -8.8108367 0.90083958 -0.014952846 0.4338946 102.22158
0.43110011 -0.059010206 -0.90037238 -86.164957 0.041428852 0.99810129 -0.045579121 -8.8958157 0.90135255 -0.017652232 0.4327263 102.70469
0.42866792 -0.060027641 -0.90146571 -87.208508 0.040954532 0.9980557 -0.046984633 -8.9790064 0.90253344 -0.016778302 0.43029287 103.21165
0.42901767 -0.062219235 -0.90115067 -88.277064 0.04363778 0.99788771 -0.048123397 -9.0580691 0.90224146 -0.018678428 0.43082657 103.6985
0.42866573 -0.061649222 -0.90135731 -89.296909 0.040844097 0.99797151 -0.048832691 -9.1365722 0.90253948 -0.015882225 0.4303142 104.24011
0.43125774 -0.061401674 -0.90013695 -90.356805 0.03824222 0.99802893 -0.049757311 -9.2189507 0.90141797 -0.012965011 0.43275584 104.67875
0.43479044 -0.061663535 -0.89841795 -91.321713 0.037501635 0.99802724 -0.050351327 -9.2972279 0.8997505 -0.011799867 0.43624519 105.17057
0.43954625 -0.062595064 -0.89603621 -92.36332 0.037028163 0.99798357 -0.05155289 -9.3775682 0.89745645 -0.010518696 0.44097772 105.64637
0.44439119 -0.062973429 -0.89361667 -93.385456 0.037131737 0.99796374 -0.051861367 -9.4605044 0.895063 -0.010134805 0.44582461 106.16487
0.45119219 -0.060216341 -0.89039291 -94.376094 0.032564755 0.99816742 -0.051003356 -9.5331426 0.8918325 -0.0059831118 0.45232628 106.6544
0.45963423 -0.059656581 -0.88610236 -95.367472 0.032790441 0.99820102 -0.05019471 -9.6135749 0.8875028 -0.0059844811 0.46076353 107.17701
0.46832122 -0.059091229 -0.88158005 -96.331451 0.032103811 0.9982403 -0.049856335 -9.6893288 0.88297488 -0.0049533004 0.46939417 107.68954
0.48027645 -0.059344284 -0.87510726 -97.276039 0.032324183 0.99822833 -0.049953422 -9.76092 0.87652139 -0.0042956755 0.48134382 108.21686
0.48985904 -0.060039664 -0.86973174 -98.237335 0.031875888 0.99819217 -0.050954138 -9.8369653 0.87121875 -0.002763127 0.49088728 108.7399
0.49889249 -0.060967281 -0.86451675 -99.184656 0.02868459 0.99813764 -0.053837258 -9.9154398 0.86618909 0.0020606948 0.4997122 109.23663
0.51088826 -0.060544052 -0.85751241 -100.14601 0.025438917 0.99814471 -0.055317311 -9.9932767 0.85927068 0.0064467778 0.51148059 109.80493
0.52292101 -0.05801185 -0.85040472 -101.04844 0.021695847 0.99826395 -0.054757369 -10.064638 0.85210502 0.010183528 0.52327181 110.35803
0.53544494 -0.056039235 -0.84270888 -101.99377 0.021498376 0.9983773 -0.052731263 -10.14643 0.84429651 0.010117816 0.53578083 110.93682
0.54848971 -0.055099681 -0.83433986 -102.91059 0.022909717 0.99844216 -0.050876271 -10.217252 0.83584343 0.0087906209 0.54889757 111.53155
0.55906949 -0.054645445 -0.82731803 -103.77587 0.023459254 0.99846879 -0.050097322 -10.298115 0.82878889 0.0085996202 0.55949538 112.12653
0.57136044 -0.05505558 -0.81885046 -104.65924 0.023000823 0.99842963 -0.051080587 -10.372174 0.82037691 0.010351191 0.57172952 112.71763
0.58233518 -0.055547978 -0.81104877 -105.54106 0.022810281 0.99838651 -0.052000724 -10.449217 0.81262875 0.0117816 0.58266265 113.33341
0.59350107 -0.056175422 -0.80287032 -106.37278 0.02286496 0.99833539 -0.05294944 -10.515375 0.80450837 0.013067951 0.59379758 113.92187
0.6041631 -0.056282795 -0.79487052 -107.21579 0.02415879 0.99833772 -0.05232725 -10.597829 0.79649442 0.012411083 0.60451854 114.55585
0.61479614 -0.054436186 -0.78680516 -108.05853 0.023363238 0.9984344 -0.050822408 -10.675555 0.78833998 0.012863104 0.61510542 115.21068
0.62457869 -0.053141379 -0.77915172 -108.83559 0.025140984 0.99853325 -0.047950753 -10.741625 0.78055713 0.010360377 0.62499862 115.84869
0.63332346 -0.053146314 -0.77206011 -109.60418 0.026766516 0.99854652 -0.046780303 -10.809447 0.77342421 0.0089617035 0.63382548 116.46945
0.64440292 -0.050475512 -0.76301838 -110.40379 0.022150372 0.9986325 -0.047354984 -10.87774 0.76436528 0.013614548 0.64463975 117.1176
0.6529754 -0.049611758 -0.75575244 -111.10338 0.01984914 0.99863051 -0.048405818 -10.944523 0.757119 0.016606772 0.65306591 117.76084
0.66354706 -0.048861723 -0.7465372 -111.87303 0.019134902 0.99864692 -0.04835486 -11.011027 0.74788983 0.017800809 0.66358419 118.41127
0.67176708 -0.047921458 -0.73921072 -112.61314 0.020404788 0.99872369 -0.046202024 -11.081742 0.74048139 0.01595356 0.67188753 119.06855
0.68020498 -0.046023846 -0.73157565 -113.32989 0.019897906 0.99881852 -0.044335559 -11.137009 0.73275187 0.015600445 0.68031711 119.73385
0.68855196 -0.04643192 -0.72369899 -113.99988 0.022100122 0.99882815 -0.043057164 -11.205036 0.72485021 0.013653259 0.68877123 120.37066
0.6959812 -0.046251223 -0.71656887 -114.6738 0.022037575 0.99882917 -0.043065412 -11.26986 0.71772178 0.014181276 0.6961856 121.04473
0.70356931 -0.044355078 -0.70924101 -115.37562 0.020046622 0.99889179 -0.042583178 -11.331822 0.71034386 0.015742331 0.70367878 121.69726
0.71095169 -0.041158169 -0.70203537 -115.99862 0.018404609 0.99903289 -0.039931859 -11.382678 0.70300001 0.015468936 0.71102162 122.36721
0.7176103 -0.03880319 -0.69536302 -116.67295 0.017710259 0.99914051 -0.037477942 -11.438175 0.69621968 0.014579498 0.71768074 123.03352
0.72553617 -0.037717556 -0.68714963 -117.29634 0.017474653 0.99918471 -0.036394276 -11.491065 0.68796217 0.014397662 0.72560375 123.67095
0.73263649 -0.035806784 -0.67967757 -117.92966 0.015961741 0.99924444 -0.035436769 -11.548088 0.68043297 0.015113432 0.73265449 124.3722
0.7402078 -0.032985303 -0.67156857 -118.54823 0.013141713 0.99931489 -0.034598264 -11.593466 0.67224977 0.016784343 0.74013416 125.02054
0.74919374 -0.030451489 -0.66165052 -119.12186 0.012612738 0.99941736 -0.031715177 -11.645909 0.66223085 0.015415588 0.74914131 125.69846
0.75899326 -0.027293738 -0.65052613 -119.70755 0.011364382 0.99952412 -0.028677189 -11.685324 0.65099932 0.014372965 0.75894225 126.33024
0.76823237 -0.024537507 -0.63970063 -120.25125 0.0090812114 0.99958231 -0.027435924 -11.732735 0.6401067 0.015267908 0.76813432 127.00593
0.77781506 -0.02413042 -0.62802979 -120.79637 0.0078214124 0.99955694 -0.028718569 -11.774474 0.62844458 0.017425655 0.77765918 127.68234
0.78645234 -0.024761742 -0.61715439 -121.30447 0.0080653294 0.99952258 -0.029825476 -11.822588 0.61759833 0.018478762 0.78627658 128.35518
0.79676047 -0.023474148 -0.60383912 -121.82743 0.0070383739 0.99953794 -0.029569802 -11.865597 0.60425429 0.019310004 0.79655754 129.02941
0.80685043 -0.022670473 -0.59032059 -122.34172 0.0075206506 0.9995766 -0.028108175 -11.901532 0.59070792 0.018239499 0.80667931 129.69672
0.81705179 -0.020542318 -0.57619819 -122.82866 0.0073278627 0.99965436 -0.025248213 -11.935712 0.57651773 0.016406796 0.81691992 130.41534
0.82651086 -0.019279264 -0.56259051 -123.30157 0.0077063492 0.99970721 -0.022937177 -11.974925 0.56286805 0.014622307 0.82641744 131.09953
0.83460047 -0.017744472 -0.55056986 -123.74884 0.0076346123 0.99975765 -0.02064828 -12.005809 0.55080287 0.013029677 0.83453368 131.81047
0.84388976 -0.017191311 -0.53624109 -124.2187 0.0087457505 0.99979449 -0.018289029 -12.0391 0.53644534 0.010744094 0.84386668 132.53983
0.85030136 -0.017547245 -0.52600348 -124.65323 0.010288301 0.99980725 -0.016721766 -12.069608 0.52619556 0.008806858 0.850318 133.23362
0.8564259 -0.017307462 -0.51597975 -125.07476 0.010246644 0.99981088 -0.016529133 -12.097584 0.51616829 0.0088689173 0.85644128 133.93705
0.86348457 -0.016840034 -0.50409402 -125.51581 0.0099799195 0.99981725 -0.016305391 -12.121534 0.50427653 0.0090486356 0.86349483 134.65291
0.86971444 -0.01485865 -0.49333153 -125.94337 0.008230225 0.99984436 -0.015604906 -12.150653 0.49348666 0.0095115823 0.86970137 135.40187
0.87625344 -0.013683333 -0.48165616 -126.34836 0.0074407659 0.99986177 -0.014868378 -12.177297 0.48179307 0.0094445764 0.87623413 136.15962
0.88146428 -0.014390711 -0.47203136 -126.74971 0.008137543 0.99985004 -0.015286273 -12.204884 0.4721806 0.0096331275 0.88144921 136.90405
0.88646588 -0.015796034 -0.46252428 -127.15216 0.0094019674 0.99982576 -0.016126199 -12.232923 0.46269846 0.0099466867 0.88645994 137.63853
0.89114626 -0.015889213 -0.45343783 -127.55028 0.0095216561 0.99982144 -0.016322387 -12.26157 0.45361625 0.010228155 0.89113843 138.42515
0.89448169 -0.01529279 -0.44684295 -127.92428 0.0091745481 0.99983224 -0.015852907 -12.289455 0.44701046 0.010080553 0.89447194 139.19846
0.89736377 -0.013407957 -0.44108784 -128.31441 0.0089509786 0.99988571 -0.012183835 -12.313662 0.44120082 0.0069851641 0.89738122 139.99382
0.90047423 -0.010445474 -0.43478389 -128.73308 0.0073477125 0.99993424 -0.0088052063 -12.331513 0.43484731 0.0047341941 0.90049177 140.7988
0.90361681 -0.0072976641 -0.42827956 -129.10704 0.005131024 0.99996753 -0.0062131098 -12.350462 0.42831103 0.0034167575 0.90362492 141.62961
0.9066869 -0.0044420569 -0.42178089 -129.50596 0.0032727016 0.99998853 -0.0034963426 -12.372077 0.42179162 0.0017897248 0.90669104 142.45926
0.90956514 -0.0026505021 -0.4155529 -129.88836 0.0024529917 0.99999648 -0.001009107 -12.381369 0.41555415 -0.00010149959 0.90956844 143.30497
0.91274676 -0.0015519775 -0.40852285 -130.28079 0.0022387021 0.99999677 0.0012028588 -12.393994 0.4085197 -0.0020124668 0.91274729 144.16827
0.91654984 -0.0013984435 -0.39991802 -130.68838 0.0029908324 0.99998989 0.0033577312 -12.407495 0.39990931 -0.0042736162 0.91654476 145.02598
0.91965575 -0.0015055095 -0.39272259 -131.04694 0.0035121072 0.99998419 0.0043909966 -12.42092 0.3927098 -0.0054174895 0.9196465 145.94421
0.92352502 -0.0023821467 -0.38353077 -131.42678 0.0043703135 0.99998115 0.0043125396 -12.419503 0.3835133 -0.0056588884 0.92351802 146.80399
0.92704791 -0.0049798293 -0.3749098 -131.79922 0.007072926 0.99996614 0.0042070921 -12.44006 0.37487619 -0.0065518857 0.92705174 147.73457
0.93098989 -0.0064672371 -0.36498766 -132.17266 0.0080763643 0.99996323 0.0028823265 -12.444268 0.36495563 -0.0056311906 0.93100789 148.67269
0.93510634 -0.0074179676 -0.35428957 -132.52796 0.008161972 0.99996651 0.00060569644 -12.463963 0.35427324 -0.0034580925 0.93513556 149.57753
0.9403691 -0.0057670531 -0.34010687 -132.88993 0.0061942921 0.9999808 0.00017047037 -12.473558 0.34009938 -0.0022670267 0.94038677 150.55082
0.94566469 -0.0024864648 -0.32513397 -133.22327 0.0029241669 0.99999536 0.00085757845 -12.483519 0.32513036 -0.001761728 0.94566757 151.52726
0.95218231 0.0012921598 -0.30552768 -133.54866 -6.4207719e-05 0.99999188 0.0040291335 -12.485471 0.30553043 -0.0038168527 0.95217467 152.56003
0.95831008 0.0046266504 -0.28569279 -133.87279 -0.0030753692 0.99997799 0.005878312 -12.496635 0.28571373 -0.0047546351 0.95830322 153.54095
0.96442075 0.0061266783 -0.26430112 -134.17622 -0.0044928948 0.99996688 0.0067855732 -12.511619 0.26433396 -0.0053566708 0.96441634 154.61381
0.96995164 0.0077325452 -0.24317488 -134.41824 -0.0060420666 0.99995213 0.0076967773 -12.516986 0.24322278 -0.0059962232 0.96995192 155.6368
0.97487302 0.0081640865 -0.22261162 -134.67974 -0.0059726152 0.99992687 0.010515841 -12.527471 0.22268121 -0.0089220362 0.97485049 156.71364
0.97999456 0.010177119 -0.19876389 -134.9238 -0.0075021445 0.99987094 0.01420653 -12.520928 0.19888283 -0.012431167 0.97994443 157.81025
0.98417104 0.012145961 -0.17680454 -135.13111 -0.0089794282 0.99978484 0.018698924 -12.526005 0.17699362 -0.016815337 0.98406834 158.89071
0.98788119 0.013562357 -0.15461826 -135.30596 -0.010382478 0.99971804 0.021355039 -12.516021 0.1548643 -0.019490921 0.98774347 160.03636
0.99108263 0.015272436 -0.13237057 -135.48637 -0.012517938 0.99968797 0.021616286 -12.508968 0.13265941 -0.019766519 0.99096456 161.17288
0.99377385 0.015431588 -0.11034219 -135.60818 -0.013311724 0.9997129 0.01992271 -12.503956 0.11061796 -0.018329824 0.99369396 162.30867
0.99602624 0.0153129 -0.087733886 -135.74643 -0.013713109 0.99972906 0.018808423 -12.494971 0.087998134 -0.017530579 0.99596637 163.46801
0.99757898 0.014045396 -0.068109468 -135.82246 -0.012669378 0.99970766 0.020593095 -12.492231 0.068378801 -0.019680335 0.9974653 164.62829
0.99871713 0.014380075 -0.04855209 -135.875 -0.013299597 0.99965828 0.022504215 -12.478865 0.048859115 -0.021829623 0.9985671 165.80697
0.99954032 0.014869082 -0.026420947 -135.92658 -0.01424792 0.99962124 0.023544976 -12.469682 0.026761035 -0.023157709 0.99937359 167.06027
0.99984833 0.015874721 -0.0071630909 -135.96061 -0.01569882 0.9995892 0.023978731 -12.456333 0.0075408046 -0.023862642 0.99968681 168.22835
0.99976549 0.016353099 0.01419636 -135.9438 -0.016700592 0.99955505 0.024714165 -12.443141 -0.013785891 -0.024945458 0.99959375 169.50984
0.9992621 0.018568111 0.03362253 -135.92983 -0.019380756 0.99952391 0.0240072 -12.432762 -0.033160757 -0.024641116 0.99914623 170.73163
0.99837512 0.019492419 0.053545838 -135.85873 -0.020746431 0.999521 0.022964192 -12.417032 -0.053072566 -0.024037763 0.9983013 171.95462
0.99711568 0.019782265 0.073273363 -135.78094 -0.021359431 0.99955539 0.020803633 -12.411023 -0.072829248 -0.022308706 0.99709489 173.26434
0.99567748 0.021362151 0.090388108 -135.69519 -0.023106286 0.99956563 0.018293718 -12.401498 -0.08995806 -0.020303177 0.99573858 174.52825
0.99367537 0.022007338 0.11011326 -135.55019 -0.023955215 0.99957854 0.016398053 -12.394512 -0.10970598 -0.018932129 0.99378377 175.7885
0.99117701 0.022011301 0.1307044 -135.39761 -0.023985131 0.99962053 0.013546298 -12.396727 -0.13035664 -0.016561742 0.99132883 177.09773
0.98863554 0.023342095 0.148509 -135.23247 -0.024792572 0.99966122 0.0079229435 -12.395128 -0.14827376 -0.011514824 0.98887932 178.3877
0.98589132 0.024791998 0.16554049 -135.0084 -0.025472132 0.99967356 0.0019865108 -12.416706 -0.16543722 -0.0061751531 0.98620099 179.6836
0.98270758 0.027449796 0.18311831 -134.78395 -0.027304091 0.99962167 -0.0033173929 -12.430817 -0.18314011 -0.0017398517 0.98308528 181.00701
0.97940624 0.029099111 0.19979153 -134.53185 -0.028264661 0.99957577 -0.007028237 -12.453835 -0.1999113 0.0012364595 0.97981322 182.31369
0.97560075 0.031611101 0.21726459 -134.24502 -0.030066277 0.99949366 -0.010413174 -12.487016 -0.21748377 0.0036267636 0.9760572 183.66137
0.97138225 0.031054085 0.23548284 -133.94068 -0.029443232 0.99951282 -0.010354577 -12.51232 -0.23568969 0.0031248763 0.97182334 184.97554
0.96734464 0.029842485 0.25170174 -133.59721 -0.028042198 0.99954907 -0.010737153 -12.540325 -0.25190869 0.0033282571 0.96774529 186.31239
0.96277672 0.02929932 0.26870527 -133.24065 -0.026145127 0.99954091 -0.015310272 -12.594267 -0.26903051 0.00771504 0.96310076 187.63836
0.9583076 0.030794239 0.28407438 -132.88643 -0.026259684 0.99945988 -0.019758039 -12.643668 -0.2845294 0.011474576 0.95859864 189.00044
0.95261723 0.033325548 0.30234056 -132.45298 -0.028570588 0.99938892 -0.020137393 -12.678749 -0.30282692 0.01054518 0.95298723 190.36549
0.94716463 0.034929148 0.31884026 -132.04602 -0.029971081 0.99934166 -0.020444741 -12.729656 -0.3193445 0.0098085484 0.94758793 191.67833
0.94090282 0.039265731 0.33639275 -131.57493 -0.033147431 0.99916434 -0.023913738 -12.774819 -0.33705066 0.011349948 0.9414181 193.04759
0.93438877 0.039998858 0.35400241 -131.09645 -0.03252339 0.99910503 -0.027043803 -12.834713 -0.35476734 0.013756068 0.93485342 194.38766
0.9281668 0.040728235 0.36992918 -130.58643 -0.031827272 0.99903897 -0.030135711 -12.887636 -0.37080107 0.01619713 0.92857107 195.71731
0.92086226 0.040892463 0.38773767 -130.03809 -0.029939304 0.99896474 -0.034250361 -12.953172 -0.38873687 0.019931269 0.92113322 197.04429
0.91247558 0.043938015 0.40676499 -129.46759 -0.03012154 0.99873305 -0.040311185 -13.037214 -0.40802087 0.024530585 0.91264299 198.38125
0.90281848 0.047657834 0.4273728 -128.85038 -0.031617466 0.99850645 -0.044555536 -13.116302 -0.42885795 0.026713117 0.9029769 199.72531
0.89045224 0.050770919 0.45223568 -128.19812 -0.033474949 0.99837248 -0.046171603 -13.197665 -0.45384387 0.025975041 0.89070256 201.06404
0.87802153 0.055030649 0.47544695 -127.54105 -0.036454396 0.99817166 -0.048212092 -13.28864 -0.47723086 0.024999124 0.87842232 202.358
0.86372728 0.059407903 0.50044567 -126.85445 -0.038651363 0.99791166 -0.051753079 -13.385432 -0.50247516 0.02535764 0.86421972 203.64731
0.84946397 0.062991171 0.52387313 -126.08964 -0.040200231 0.99768896 -0.054778434 -13.489918 -0.52611304 0.025472486 0.85003308 204.9335
0.83367333 0.064787252 0.5484445 -125.30005 -0.039891749 0.99756525 -0.057203283 -13.592026 -0.55081527 0.025810442 0.83422802 206.21734
0.81792361 0.065851069 0.57154578 -124.4563 -0.038924525 0.99748564 -0.059222219 -13.700683 -0.57400861 0.026192104 0.81843028 207.42145
0.80261761 0.067980109 0.5926075 -123.58436 -0.03728713 0.99725959 -0.063898128 -13.816596 -0.59532737 0.029189131 0.80295289 208.61784
0.78664844 0.070296173 0.61338621 -122.72107 -0.035270927 0.99699124 -0.069024783 -13.935753 -0.61639291 0.032663539 0.78676102 209.85483
0.76924402 0.072124756 0.63487134 -121.75831 -0.033626637 0.99680152 -0.072498118 -14.063729 -0.63806968 0.034420157 0.76920893 211.01682
0.75400631 0.073659024 0.65272414 -120.79613 -0.031983219 0.99663104 -0.075522444 -14.195031 -0.6560881 0.036068181 0.75382194 212.18547
0.73839316 0.074398731 0.67025393 -119.80414 -0.030247021 0.99654929 -0.077295794 -14.333208 -0.67369184 0.036801502 0.73809552 213.30302
0.72238493 0.074632879 0.68745175 -118.75904 -0.02809217 0.99650518 -0.078665434 -14.477834 -0.69092032 0.037514714 0.72195692 214.41149
0.70740083 0.075524234 0.70276605 -117.7071 -0.025943367 0.99637937 -0.080963542 -14.621478 -0.70633636 0.03904156 0.70679894 215.51294
0.692464 0.076613334 0.71737296 -116.63625 -0.022525039 0.99615665 -0.084643702 -14.763893 -0.72110074 0.042453864 0.69152833 216.59752
0.67671091 0.078962908 0.73200216 -115.52786 -0.020295132 0.99585488 -0.088663207 -14.929059 -0.73596909 0.04514328 0.67550842 217.65727
0.66248229 0.081643219 0.74461504 -114.38754 -0.019197953 0.99556668 -0.092078402 -15.088216 -0.74883156 0.046705227 0.66111267 218.6718
0.64618494 0.08202549 0.75876004 -113.25641 -0.018182739 0.99557987 -0.092141797 -15.25354 -0.76296426 0.045744307 0.64482016 219.68872
0.6305147 0.083088741 0.77171719 -112.08953 -0.018244971 0.99556563 -0.09228325 -15.413431 -0.77596288 0.044105989 0.62923471 220.67273
0.61379139 0.084187159 0.78496663 -110.90794 -0.020629034 0.99566874 -0.090654298 -15.583118 -0.78919873 0.039449725 0.61286959 221.62796
0.59392629 0.085225389 0.79999259 -109.69099 -0.022617606 0.99574899 -0.089288207 -15.744667 -0.80420151 0.034936697 0.59332909 222.56538
0.57605309 0.086754331 0.81279546 -108.49948 -0.0248712 0.9957518 -0.088655329 -15.913909 -0.81703385 0.030854979 0.57576359 223.47228
0.55765498 0.089854318 0.82519517 -107.28556 -0.026207362 0.99553412 -0.090691724 -16.083835 -0.82965906 0.028948504 0.5575194 224.32802
0.53992439 0.093551369 0.8364985 -106.0686 -0.028858192 0.99527748 -0.092681969 -16.245608 -0.84121871 0.025901423 0.54007431 225.14092
0.52172713 0.093968493 0.84792138 -104.83703 -0.029296032 0.99530244 -0.092275695 -16.419486 -0.85260929 0.023302002 0.52202918 225.9466
0.49993842 0.092674675 0.86108822 -103.5993 -0.029174579 0.99549609 -0.090201887 -16.580331 -0.86556945 0.019973504 0.50039049 226.68096
0.47799012 0.090887813 0.87365026 -102.33321 -0.029074445 0.99572428 -0.087680285 -16.747644 -0.87788392 0.016509414 0.47858888 227.41409
0.45729489 0.089501882 0.88479982 -101.09674 -0.029736684 0.99590531 -0.085371813 -16.901888 -0.88881786 0.012729082 0.4580839 228.08969
0.43490664 0.088020716 0.89616321 -99.827102 -0.027672065 0.99604746 -0.084402086 -17.055797 -0.9000503 0.011908342 0.43562336 228.73563
