1.000000000000000000e+00 -3.306050084167601550e-19 -2.270457535318767223e-19 -8.673617379884035472e-19 7.546676715296109287e-19 1.000000000000000000e+00 6.237773588823049983e-19 1.387778780781445676e-17 -3.447385680526250622e-20 4.770700176052009879e-20 1.000000000000000222e+00 5.551115123125782702e-17
9.999295928462336169e-01 -2.336013292609574223e-03 1.163648856540448577e-02 1.520902756296622568e-02 2.326949143866904098e-03 9.999969831740327386e-01 7.926465243413517367e-04 -5.559091180177805347e-03 -1.163830671729813512e-02 -7.655121619960014506e-04 9.999320417623265289e-01 3.012474551219234131e-01
9.998114852322730339e-01 -5.768698251100039254e-03 1.853303839223889582e-02 2.919980409724207138e-02 5.748072679574162472e-03 9.999828006709000627e-01 1.165455295472162716e-03 -3.743005995623785442e-03 -1.853944748226407299e-02 -1.058647043372315088e-03 9.998274630210826075e-01 5.920912273464232767e-01
9.997391205523751267e-01 -7.933718355974960640e-03 2.141637174026909604e-02 3.916236246632655293e-02 7.936775267377408488e-03 9.999684960002729328e-01 -5.768942912188910121e-05 -1.274349349612223514e-02 -2.141523993546983959e-02 2.276703488248155432e-04 9.997706043869883930e-01 8.900945436999386784e-01
9.997735514026916404e-01 -9.330033737395680704e-03 1.912401271200653979e-02 4.253440364080789127e-02 9.363110800263686057e-03 9.999548404012689184e-01 -1.640531194419484829e-03 -2.314081901587586310e-02 -1.910785224558456813e-02 1.819200389103817509e-03 9.998156922681528114e-01 1.202322190074725849e+00
9.998711552269555769e-01 -1.113454087564153504e-02 1.156018130725992681e-02 4.418929219131674524e-02 1.116650848862728307e-02 9.999339997025672444e-01 -2.704305636002191614e-03 -2.385439294501574825e-02 -1.152931673695148027e-02 2.833075780606484836e-03 9.999294851919374727e-01 1.516448482680992083e+00
9.999234781765059532e-01 -1.236327898534871766e-02 -2.350080764541644346e-04 3.437592079978463860e-02 1.236210788189099491e-02 9.999135970276102903e-01 -4.462765596659013477e-03 -3.273949007150708801e-02 2.901847188144765000e-04 4.459518076396172363e-03 9.999900117213905704e-01 1.843369694535262671e+00
9.998176386706981722e-01 -1.185590678141954825e-02 -1.497193032553756874e-02 1.672554675393905788e-02 1.178444665063838222e-02 9.999187621467777731e-01 -4.853985670529479927e-03 -4.369134987759468181e-02 1.502824482525903609e-02 4.676654941506385582e-03 9.998761689914843487e-01 2.171578818057933624e+00
9.993482192672219488e-01 -7.357216177994041137e-03 -3.535495007298947168e-02 -1.981765908594298672e-02 7.192097063376708121e-03 9.999626501226156483e-01 -4.797803033352159366e-03 -4.653611675831255401e-02 3.538892299156989885e-02 4.540504581161526783e-03 9.993637617289371500e-01 2.515056556830064682e+00
9.985017557005070321e-01 -3.903149065546600120e-03 -5.457195880498466600e-02 -6.521021447608028876e-02 3.562528345979837363e-03 9.999735827559480539e-01 -6.336484270611669224e-03 -4.867003028712368895e-02 5.459525250692048859e-02 6.132578031743657690e-03 9.984892950083585905e-01 2.866704578853101371e+00
9.972823076065225889e-01 -2.903300432132131879e-03 -7.361117525700418274e-02 -1.068768400211180664e-01 2.482352695916655201e-03 9.999800470403964470e-01 -5.810004582316718839e-03 -5.448749659294978287e-02 7.362657648421416789e-02 5.611479353214431608e-03 9.972696344506764010e-01 3.230633672459640060e+00
9.954698426452734950e-01 -3.543757918981500516e-03 -9.499919069800891180e-02 -1.643733042583588044e-01 3.077745839528325551e-03 9.999824937628439825e-01 -5.050941273897889376e-03 -6.044188228605758273e-02 9.501543674546526763e-02 4.735675029275842121e-03 9.954633196816656815e-01 3.609459978012237169e+00
9.931733827375271995e-01 -4.565059976892579634e-03 -1.165785355322594280e-01 -2.239764306997106824e-01 4.079753710892913311e-03 9.999819846105647558e-01 -4.401744379880842030e-03 -7.136847646309571469e-02 1.165965384479072109e-01 3.896111580829469435e-03 9.931741285587382118e-01 3.998957348375871135e+00
9.911381332054005622e-01 -4.591989247983733688e-03 -1.327680641667141614e-01 -2.934836135392653311e-01 4.138668967787887017e-03 9.999846466210702278e-01 -3.690122429103121632e-03 -7.318762466104894449e-02 1.327829695522255160e-01 3.108129595928870760e-03 9.911419177252568380e-01 4.394293002917422974e+00
9.889228546409105647e-01 -1.418819454252791615e-03 -1.483884917888303456e-01 -3.795084279289828721e-01 1.082120854253788584e-03 9.999966384943450581e-01 -2.349414166517140544e-03 -8.284221839606351057e-02 1.483913322493762288e-01 2.162775359441625796e-03 9.889210496580185250e-01 4.806558036972921499e+00
9.868249679773948291e-01 -1.037160715071386947e-03 -1.617809902665068023e-01 -4.681463644637176569e-01 6.674934715777764089e-04 9.999970555968188402e-01 -2.339304055819359067e-03 -8.832321570244489051e-02 1.617829523578759865e-01 2.200483545537162793e-03 9.868227098547415199e-01 5.227860855563081444e+00
9.847428017852251081e-01 -2.443184140494593110e-03 -1.739934823891227111e-01 -5.541342052828481801e-01 1.892266765402918433e-03 9.999926716536970961e-01 -3.331844005231506672e-03 -9.659469176995348627e-02 1.740003690235200351e-01 2.951865197588673419e-03 9.847401535065737344e-01 5.668369638994835036e+00
9.828684983559323740e-01 -5.872126126657029564e-03 -1.842466311846563398e-01 -6.443207174349611099e-01 4.893556530395266196e-03 9.999714254660102553e-01 -5.766531246755521485e-03 -1.117067209885979490e-01 1.842752335678110864e-01 4.766584325009361363e-03 9.828691068062619385e-01 6.117634978993687689e+00
9.815757404784493101e-01 -4.371429035576953302e-03 -1.909958266983568520e-01 -7.434295417548248963e-01 3.040274581844064176e-03 9.999690297779152415e-01 -7.260549341652509925e-03 -1.176396188081757638e-01 1.910216811080111265e-01 6.545767626557571529e-03 9.815586433254839260e-01 6.583830251888223017e+00
9.801049109132854431e-01 -4.377758097859318562e-03 -1.984518108253809088e-01 -8.588576673593399935e-01 2.656467928442058507e-03 9.999565218800580135e-01 -8.939963893714958365e-03 -1.197557647002223391e-01 1.984823341864826451e-01 8.235179095499509799e-03 9.800739078972696694e-01 7.056185303234734363e+00
9.784854614251066174e-01 -4.800734458821510377e-03 -2.062962357341846797e-01 -9.701467692792815622e-01 2.392692865441828961e-03 9.999260878732152413e-01 -1.192326913430606650e-02 -1.299096842146441610e-01 2.063382298065611076e-01 1.117340517878877282e-02 9.784246146993285098e-01 7.547092742888828809e+00
9.767578604928254249e-01 -9.684325116793665589e-03 -2.141023808450408517e-01 -1.081147232712104556e+00 6.860112739765567187e-03 9.998793421800028502e-01 -1.392887319699043745e-02 -1.384387520411643480e-01 2.142114944975024582e-01 1.213612151159322410e-02 9.767064867688530772e-01 8.047241349146693423e+00
9.749883892423737430e-01 -1.522427842286688121e-02 -2.217724717230551423e-01 -1.194701220460645974e+00 1.221281888678769044e-02 9.998135815891930900e-01 -1.494624214760286070e-02 -1.563690616421404278e-01 2.219587280826720299e-01 1.186413157907045476e-02 9.749927388508980997e-01 8.564322621132461677e+00
9.733368519710819955e-01 -1.550919687299041200e-02 -2.288288668391626202e-01 -1.323804612463080010e+00 1.202618626831567471e-02 9.997897249655901541e-01 -1.660796079492651844e-02 -1.768780246873096484e-01 2.290383064634317345e-01 1.341357834085779056e-02 9.733187093372844823e-01 9.085897090163584267e+00
9.710884158801664778e-01 -1.158845257201924876e-02 -2.384318173571457478e-01 -1.478344431555479677e+00 6.632572758516904442e-03 9.997450775172046500e-01 -2.157496555175233977e-02 -1.798223194737437192e-01 2.386211342001427482e-01 1.936971695318953982e-02 9.709178078912339416e-01 9.616916585792292693e+00
9.692929731348872702e-01 -9.113654116632386587e-03 -2.457240060500981427e-01 -1.633180954983062039e+00 3.261575151586063644e-03 9.997014584469745557e-01 -2.420737957860140052e-02 -1.930319326717906125e-01 2.458713821042304015e-01 2.266211760091279073e-02 9.690333675476244801e-01 1.015954754062009080e+01
9.668538011084657491e-01 -1.119435700052259959e-02 -2.551875104344671907e-01 -1.785030383538671606e+00 4.682495516462252365e-03 9.996477133784704705e-01 -2.612636483286254890e-02 -2.141957188194169859e-01 2.553900766431687619e-01 2.406663903357442527e-02 9.665658072904077525e-01 1.072109789358837162e+01
9.644930386075064588e-01 -1.376086973088877681e-02 -2.637176825820543580e-01 -1.946311462533562242e+00 6.699819615377845122e-03 9.995949814719232718e-01 -2.765711236183728342e-02 -2.401212154825865530e-01 2.639914945957791415e-01 2.490784246045993355e-02 9.641947176525043073e-01 1.129637924696321960e+01
9.623808383299167213e-01 -1.380528241102367722e-02 -2.714147818221871455e-01 -2.123944734105423837e+00 5.647909235089679063e-03 9.995088742611203392e-01 -3.081964975642924320e-02 -2.615097442268223271e-01 2.717071048977942049e-01 2.812723594102274627e-02 9.619863345433626867e-01 1.187823481364538658e+01
9.599478140599256859e-01 -1.223964615173935011e-02 -2.799218741370161911e-01 -2.309697984284758476e+00 2.733940243223556988e-03 9.994069478410161356e-01 -3.432270817226774906e-02 -2.834248598151066778e-01 2.801760154845202022e-01 3.218284440334785029e-02 9.594121538972456564e-01 1.247551903846257204e+01
9.580445597726399143e-01 -1.362453939206305191e-02 -2.863320395117390782e-01 -2.500263642585386581e+00 2.559756592462737994e-03 9.992363250097368033e-01 -3.898036388577747619e-02 -3.124934423835409869e-01 2.866446628939683938e-01 3.661142475725708695e-02 9.573477997383449400e-01 1.307025197008630180e+01
9.561697101125000708e-01 -1.472849103145712144e-02 -2.924427770942988891e-01 -2.701432298510328067e+00 1.203063619327034194e-03 9.989231914546216062e-01 -4.637661236124179798e-02 -3.513122071099487598e-01 2.928108898668801419e-01 4.399278846028235185e-02 9.551578813994924255e-01 1.368302583359496616e+01
9.548114421274218611e-01 -1.510041172999917677e-02 -2.967730076779690473e-01 -2.908396752887497883e+00 -1.302136604805492759e-03 9.984862302981958315e-01 -5.498738168110142016e-02 -3.843687946469589445e-01 2.971542171227712914e-01 5.288820826024249327e-02 9.533466719042164028e-01 1.431070542316092542e+01
9.538362591732685303e-01 -1.589373731851444552e-02 -2.999536433265264090e-01 -3.117192305843709210e+00 -3.431700810569632016e-03 9.979565538055726881e-01 -6.379541366121836699e-02 -4.293743445026705352e-01 3.003550288488854858e-01 6.187885862135762693e-02 9.518326753024091147e-01 1.494682779577432186e+01
9.523001419901787612e-01 -1.464335686001152180e-02 -3.047936894060796487e-01 -3.339949629281140364e+00 -7.877239324861548542e-03 9.973355688195747470e-01 -7.253421694211220627e-02 -4.725049098394049074e-01 3.050434484198399909e-01 7.147650544132010120e-02 9.496474598903198450e-01 1.559362907979017798e+01
9.511904129774513272e-01 -1.449289189015665405e-02 -3.082521696911800224e-01 -3.559534198639672464e+00 -1.033075206082397293e-02 9.968414325828846012e-01 -7.874136050581204138e-02 -5.307048876557952655e-01 3.084198971868091221e-01 7.808186499036362527e-02 9.480363698098425163e-01 1.624676806658855810e+01
9.494876594466721276e-01 -1.272935882410510151e-02 -3.135976690955183388e-01 -3.802249444685195545e+00 -1.479145795944068580e-02 9.962508368926720204e-01 -8.524962307971309383e-02 -5.902628955502646768e-01 3.135074112056991380e-01 8.558101709207181773e-02 9.457396845459709045e-01 1.691203115858677819e+01
9.480633138411523886e-01 -1.090385207100205700e-02 -3.179111280422622920e-01 -4.042246573281638611e+00 -1.903611502988604778e-02 9.956758674714226709e-01 -9.092395949327200522e-02 -6.564610941468018712e-01 3.175276312856512018e-01 9.225422396205806841e-02 9.437563960227828286e-01 1.758742482141271068e+01
9.465632970018466041e-01 -8.169981976777849347e-03 -3.224620956593945431e-01 -4.300620673228007895e+00 -2.439671366593063398e-02 9.950010913285555203e-01 -9.683282213466169741e-02 -7.264691136145622341e-01 3.216411164188779370e-01 9.952537954052385893e-02 9.416322040005306038e-01 1.827545312459058025e+01
9.448778885882626044e-01 -5.520712060419737457e-03 -3.273979299649052987e-01 -4.559448315969700793e+00 -2.872896652677920867e-02 9.946037229003853453e-01 -9.968166483146596868e-02 -8.033968154067402390e-01 3.261818420046623812e-01 1.035911608091539815e-01 9.396203801647946552e-01 1.896860479672824340e+01
9.429423082142411872e-01 -5.320846000179598259e-03 -3.328652779587523147e-01 -4.820395026051440546e+00 -3.031072176559779230e-02 9.943487821088603518e-01 -1.017371016317666355e-01 -8.809143567407750064e-01 3.315255911664420352e-01 1.060216416111316035e-01 9.374521328672067444e-01 1.968623787664396829e+01
9.408112485255289981e-01 -4.450234102752667446e-03 -3.389274929370348910e-01 -5.097319244968333329e+00 -3.158973281114380721e-02 9.944100225782840363e-01 -1.007665231526857913e-01 -9.656183784373190138e-01 3.374822378578796744e-01 1.055061744016326797e-01 9.354113177595598794e-01 2.041106405852097083e+01
9.387809915857239229e-01 -4.131260723739147052e-03 -3.445819212272495657e-01 -5.376209772868680403e+00 -3.188613253518053636e-02 9.945941737238386260e-01 -9.881308629790466758e-02 -1.048614668765930791e+00 3.431279782785965904e-01 1.037477397859966621e-01 9.335743333438494274e-01 2.113489406571996909e+01
9.366809713988846209e-01 -4.467298346369158804e-03 -3.502390816060234613e-01 -5.665563080192847600e+00 -3.152903665567678704e-02 9.947816513627321111e-01 -9.701388151056229703e-02 -1.133843120403507765e+00 3.488455339098388563e-01 1.019093381060073022e-01 9.316522706748154858e-01 2.186952113638640327e+01
9.340104024569120256e-01 -3.687133525400151327e-03 -3.573088982839345285e-01 -5.961022222175062169e+00 -3.171998699074169564e-02 9.951414094457458059e-01 -9.320311533022747341e-02 -1.214819475736019561e+00 3.559172523141138078e-01 9.838258635136042096e-02 9.293554636787023648e-01 2.260635962930402343e+01
9.294453161083848780e-01 -1.303176432372762667e-03 -3.689713590921211983e-01 -6.283331095333061000e+00 -3.351332300824600569e-02 9.955617373366044687e-01 -8.796131791889159890e-02 -1.291915652090374733e+00 3.674480894805980946e-01 9.412362566073464998e-02 9.252767481106444203e-01 2.337599344471307461e+01
9.266596189462557032e-01 9.146652722414223835e-04 -3.759373227222984615e-01 -6.599166738848960989e+00 -3.462190765108110607e-02 9.959542392699558544e-01 -8.292661932938900915e-02 -1.370809204644964252e+00 3.743411161302832024e-01 8.985725159474487744e-02 9.229421625204828894e-01 2.412445596114260127e+01
9.227847930436484658e-01 4.219118906737765601e-03 -3.851912777397830667e-01 -6.933946896077456401e+00 -3.745904187179126960e-02 9.961860430324892546e-01 -7.882126057797561591e-02 -1.446490367344515970e+00 3.833896262270771182e-01 8.716712015757685506e-02 9.194232097536356729e-01 2.485725671053534214e+01
9.195240958735352299e-01 5.302053231179582569e-03 -3.930240509515060543e-01 -7.273345014199749770e+00 -3.864531978385601918e-02 9.962833942225827188e-01 -7.697035858723609569e-02 -1.520213979254376735e+00 3.911549863313424358e-01 8.596430493422380081e-02 9.163115575456364237e-01 2.562985658878888628e+01
9.153694168306767409e-01 5.151746263846193608e-03 -4.026224016039610665e-01 -7.615203515598393480e+00 -3.874936272626851308e-02 9.964034843965081656e-01 -7.536423375743615816e-02 -1.599452621956084952e+00 4.007859893474627899e-01 8.458828237539389727e-02 9.122770484188114093e-01 2.641492356674935138e+01
9.120025391726164221e-01 6.323617546807757187e-03 -4.101926600053611982e-01 -7.973977828639768006e+00 -4.023303213703224163e-02 9.964388773417188760e-01 -7.409687699791427107e-02 -1.665177873124092933e+00 4.082635858156070663e-01 8.407673960672343294e-02 9.090090472574848812e-01 2.718973485902574083e+01
9.081654590644344660e-01 6.957291833841299823e-03 -4.185441153324905295e-01 -8.355537778421624040e+00 -4.112238157799617821e-02 9.965086568436557490e-01 -7.266026584499966912e-02 -1.732756821970978578e+00 4.165775628313684864e-01 8.319745792636362713e-02 9.052804677367770614e-01 2.796761112718337117e+01
9.039804701848882518e-01 8.092828028858280176e-03 -4.275093348705737983e-01 -8.742110247373119591e+00 -4.184437908942523210e-02 9.966958295594690043e-01 -6.961092872857350955e-02 -1.806205089396823116e+00 4.255334874770232978e-01 8.081485164653764985e-02 9.013323291008576987e-01 2.876198025103926526e+01
9.010507387439394833e-01 7.925721828291310694e-03 -4.336597392696794895e-01 -9.135086197545010833e+00 -4.054208182189082688e-02 9.969944065165323721e-01 -6.601087855877797728e-02 -1.872148891129109316e+00 4.318330709602029582e-01 7.705940977106315315e-02 8.986638558038289037e-01 2.955022732294522925e+01
8.968967190418055679e-01 9.257079012240843410e-03 -4.420859702112781564e-01 -9.550821346897253150e+00 -4.009647021408237894e-02 9.973652211237072907e-01 -6.045053664067343013e-02 -1.932426720873614334e+00 4.403613240349169566e-01 7.194707903436885210e-02 8.949048083581994106e-01 3.036462459221242938e+01
8.937784580295270453e-01 1.057120481811967688e-02 -4.483715015133214465e-01 -9.965771910237393172e+00 -3.983980066683330545e-02 9.976416839628626798e-01 -5.588227304279952401e-02 -2.001070856473807780e+00 4.467235060816902026e-01 6.780690695684947478e-02 8.920915562536128052e-01 3.117470803921210276e+01
8.896234738964678979e-01 9.332960671810081044e-03 -4.565793068104842534e-01 -1.040233247884042456e+01 -3.808035667007822478e-02 9.978252629803222584e-01 -5.379563865129501077e-02 -2.054730442909221022e+00 4.550841931113491223e-01 6.524608308468285434e-02 8.880444081122236266e-01 3.200019406633690977e+01
8.864571730246877390e-01 9.509146217425906711e-03 -4.626291411979235879e-01 -1.084288874796314062e+01 -3.787140581963164415e-02 9.979260277560366710e-01 -5.205475396382230197e-02 -2.117366008658225329e+00 4.611743281187629107e-01 6.367264941832993796e-02 8.849793084699165702e-01 3.282209703564030434e+01
8.837813620459190611e-01 9.544802310769670214e-03 -4.678471603569962500e-01 -1.129947323714122653e+01 -3.740340275879688869e-02 9.980335292617741327e-01 -5.029818969356100039e-02 -2.170166626518120090e+00 4.664474598638037039e-01 6.194693527335123212e-02 8.824003396340793781e-01 3.365480107094936812e+01
8.810353286094457781e-01 8.561352971364056402e-03 -4.729247777576833234e-01 -1.176277124887390890e+01 -3.589515617935113562e-02 9.981634819504183742e-01 -4.880203218423095207e-02 -2.230677197779829424e+00 4.716386052049223454e-01 5.997341957334562101e-02 8.797246008094598002e-01 3.450509293731263227e+01
8.781757858620214963e-01 7.953802518672540081e-03 -4.783039119274515305e-01 -1.223690763082976396e+01 -3.544201354999104714e-02 9.981951677366011078e-01 -4.848034274469514154e-02 -2.277633852326653052e+00 4.770551314516582320e-01 5.952667885665843817e-02 8.768729695886333664e-01 3.536234572837655321e+01
8.769205016475772885e-01 7.347309263267693021e-03 -4.806097739651253309e-01 -1.272064316754102897e+01 -3.483165605547405841e-02 9.982252534527262799e-01 -4.830256101765657839e-02 -2.339975379542496459e+00 4.794018530751411600e-01 5.910106264606630050e-02 8.756205818175739619e-01 3.622647023365054508e+01
8.746087532326528580e-01 7.045321178548774946e-03 -4.848537825853331262e-01 -1.321886640576344263e+01 -3.513468377635164952e-02 9.981864139566273275e-01 -4.887186138906074451e-02 -2.393482513803084633e+00 4.836303525861221919e-01 5.977440863187327008e-02 8.732700321858726245e-01 3.709828554046477933e+01
8.750979675487131626e-01 7.392496076907829200e-03 -4.838072652000535157e-01 -1.372018239720776478e+01 -3.501165992523774806e-02 9.982300858660482223e-01 -4.807804154645108075e-02 -2.448162405207274794e+00 4.825954789873445061e-01 5.901768142725138250e-02 8.738082414270051945e-01 3.798458801258019690e+01
8.746298991455163652e-01 6.906223782848168631e-03 -4.848698365973940771e-01 -1.422706276045515672e+01 -3.392561365271421631e-02 9.983189638120660847e-01 -4.698229875832511671e-02 -2.503643005915136666e+00 4.837307149079909663e-01 5.753539679438338800e-02 8.733940940622236804e-01 3.888491936866221010e+01
8.737429523347165494e-01 6.040457332008782390e-03 -4.863917702917280872e-01 -1.474260773087974030e+01 -3.223802275891787805e-02 9.984434098385385203e-01 -4.552372546950420040e-02 -2.563167898000115574e+00 4.853601628640304422e-01 5.545252543062205441e-02 8.725773101785825325e-01 3.979870393743102852e+01
8.749326960568626355e-01 3.847124532666879298e-03 -4.843049969615920713e-01 -1.525850360236695025e+01 -3.040510393379735818e-02 9.984318889120110674e-01 -4.699697377749609967e-02 -2.623801844968804087e+00 4.833649551575048831e-01 5.584057157961015705e-02 8.736774153248583197e-01 4.071487614262743904e+01
8.726227537762242248e-01 2.455955619194230295e-03 -4.883438529142488105e-01 -1.578937103373304041e+01 -2.923288321832349587e-02 9.984571663559386190e-01 -4.720087830404279955e-02 -2.684245597793990079e+00 4.874745727819567720e-01 5.546258745905992965e-02 8.713482038187956302e-01 4.164425498724786223e+01
8.725850294475646640e-01 1.852382237966145127e-03 -4.885176148787775952e-01 -1.632374272658299574e+01 -2.747111217213688006e-02 9.985961992643924701e-01 -4.528223929979871554e-02 -2.741372934844318099e+00 4.877478815989412242e-01 5.293242008575694407e-02 8.714110464307127657e-01 4.257524087951029657e+01
8.698221805728096889e-01 2.240137536305985416e-03 -4.933071570440261122e-01 -1.686755799867089678e+01 -2.609760396039991978e-02 9.987987167883053408e-01 -4.148584182532149417e-02 -2.801698217770010046e+00 4.926216373255400960e-01 4.896046575347594298e-02 8.688356031691280013e-01 4.350302489363269132e+01
8.665956236992853334e-01 1.979444108138412196e-03 -4.988709637856025281e-01 -1.740751715686687717e+01 -2.389899260799785083e-02 9.990093658637835272e-01 -3.753357748557292761e-02 -2.859815035669913907e+00 4.983022426455757659e-01 4.445252506395851178e-02 8.657842945708426052e-01 4.443246728329827278e+01
8.629386091953025195e-01 1.465520751686973187e-03 -5.052777985499365965e-01 -1.795297835558012522e+01 -2.217639938212330117e-02 9.991422078838798626e-01 -3.498148348497470694e-02 -2.913804560603407090e+00 5.047929959531844979e-01 4.139484913992999560e-02 8.622307135108753240e-01 4.535503628460154601e+01
8.572782310784641258e-01 -2.687581424749729397e-03 -5.148641371065275640e-01 -1.850736469389857675e+01 -1.937788381533129059e-02 9.991095258622347819e-01 -3.748119952874168909e-02 -2.972576564189733705e+00 5.145065249396519880e-01 4.210596560127037591e-02 8.564625157147883749e-01 4.627333918477830821e+01
8.524119527931590667e-01 -4.938725257997746143e-03 -5.228840030917116799e-01 -1.906433304671664075e+01 -1.847062646955856952e-02 9.990468411288706552e-01 -3.954312689139887621e-02 -3.028768156286464119e+00 5.225808485281651095e-01 4.336560959124844544e-02 8.515084325832502632e-01 4.717657500812489957e+01
8.454395030035177783e-01 -5.156909058483015625e-03 -5.339295785883303447e-01 -1.965925776253581958e+01 -1.853007024691504662e-02 9.990681533080520982e-01 -3.899215559942151299e-02 -3.079197340446717224e+00 5.336329295140479489e-01 4.286422536110198050e-02 8.445561311487576051e-01 4.808655978378157414e+01
8.405245486239825148e-01 -1.130454212050792861e-03 -5.418474451476775755e-01 -2.025390999699994765e+01 -2.028105579091270261e-02 9.992312851326187184e-01 -3.355311884183837662e-02 -3.128083468325569161e+00 5.414690484096863488e-01 3.918883688127412779e-02 8.398554319027313753e-01 4.899374971153762459e+01
8.351075646679801956e-01 1.878893218660413963e-03 -5.500761726643370597e-01 -2.085851318468963456e+01 -2.127757801128981816e-02 9.993561516291279423e-01 -2.889340048171278041e-02 -3.180489119732583525e+00 5.496677388420037058e-01 3.583606672423077927e-02 8.346098653984489468e-01 4.988853647160782856e+01
8.311404426611509466e-01 2.776594934990502406e-03 -5.561381548460699875e-01 -2.146846077056435220e+01 -2.338633599745264594e-02 9.992773826549932181e-01 -2.995973231278169918e-02 -3.228159426502790641e+00 5.556533235810894311e-01 3.790197795786978685e-02 8.306047781956665821e-01 5.077976214261072130e+01
8.275665919210825061e-01 2.678886811626591353e-04 -5.613710586229747612e-01 -2.208124556217264711e+01 -2.373465472663665449e-02 9.991223918469760434e-01 -3.450898318592768993e-02 -3.273067106356776002e+00 5.608691319380363360e-01 4.188184248707063628e-02 8.268467399181599342e-01 5.165340451143767098e+01
8.253685327323693199e-01 -1.420109174173982440e-03 -5.646141037374845517e-01 -2.269443356990700167e+01 -2.675770771835116538e-02 9.987748185109625032e-01 -4.162610148171937141e-02 -3.337910867491566957e+00 5.639817072582201662e-01 4.946150966699507101e-02 8.243192423121189494e-01 5.253027196369701102e+01
8.217364657033700004e-01 -1.372500149188132790e-03 -5.700353977470306033e-01 -2.331918936613293880e+01 -2.761395733865785670e-02 9.987265969706772273e-01 -4.221735998140319079e-02 -3.396332535114887197e+00 5.693678024066876064e-01 5.042506119842248002e-02 8.206520663199411425e-01 5.341068574797218105e+01
8.186761478854795993e-01 5.916467807730192696e-05 -5.743661660474038699e-01 -2.394345293007857833e+01 -2.718360476748832300e-02 9.988829831124264036e-01 -3.864396634657898955e-02 -3.450886536736882615e+00 5.737225958053339125e-01 4.724391700520226556e-02 8.177632609889412540e-01 5.428886910176209568e+01
8.159024326119032056e-01 2.006193689696154654e-03 -5.780917726356596953e-01 -2.457945925388960262e+01 -2.560341596311258017e-02 9.991384318620883942e-01 -3.265948406363530093e-02 -3.507923364628187546e+00 5.775282694738712586e-01 4.144937780879672656e-02 8.152508358891680240e-01 5.516376622305467237e+01
8.127875209261283818e-01 3.251165010837107124e-03 -5.825989045059533078e-01 -2.522768990003656953e+01 -2.545419669897740211e-02 9.992276246893756486e-01 -2.994226511295973447e-02 -3.544721426901664252e+00 5.820516610492735277e-01 3.916522224275036101e-02 8.122424785338187014e-01 5.603692179052375621e+01
8.092872474432758478e-01 5.877574150595440625e-03 -5.873558762434299974e-01 -2.587315044767501959e+01 -2.926751338418196249e-02 9.991113957755114461e-01 -3.032439955458325967e-02 -3.592170472593731123e+00 5.866556322043243732e-01 4.173386162222206958e-02 8.087402193910764314e-01 5.689727211548699159e+01
8.058327429812824905e-01 3.414663743676503264e-03 -5.921059188065287415e-01 -2.652424018966985386e+01 -2.749099629269994086e-02 9.991208187995825885e-01 -3.164954101530409458e-02 -3.639058773106152778e+00 5.914773616156422387e-01 4.178066391402146529e-02 8.052181735058479006e-01 5.776621677225364948e+01
8.015598934011974874e-01 1.341772580654517280e-03 -5.980001308119298198e-01 -2.718158475560729315e+01 -2.701097879732045765e-02 9.990578319413767616e-01 -3.397000194767418879e-02 -3.690885432778202357e+00 5.973913834694372094e-01 4.337803162491090520e-02 8.008409433662270205e-01 5.863544235455876930e+01
7.983262081769959551e-01 6.643046460558940051e-04 -6.022287552668762478e-01 -2.784421123593290659e+01 -2.652510305502387908e-02 9.990677744053799714e-01 -3.406121991016386463e-02 -3.740603157363621367e+00 6.016448546572351619e-01 4.316491772179522485e-02 7.975996087262181566e-01 5.949098796579500004e+01
7.930408188563261573e-01 1.278402645249347486e-04 -6.092464572332705330e-01 -2.852002202988179747e+01 -2.546773193148811967e-02 9.991326917307152833e-01 -3.294613307443831213e-02 -3.792823155821414716e+00 6.087141124196046027e-01 4.163805009768669491e-02 7.923560680987193905e-01 6.035819173904483392e+01
7.892636977394211772e-01 -2.587920571967368064e-04 -6.140826587842832529e-01 -2.919614811860843773e+01 -2.473555684411878064e-02 9.991749312161032348e-01 -3.220641437597656503e-02 -3.841832364694492519e+00 6.135842367378357975e-01 4.060956083474882156e-02 7.886060964625666303e-01 6.122056886234395989e+01
7.833722424474139912e-01 -1.624011035598643465e-03 -6.214041733318941274e-01 -2.988504003459193825e+01 -2.413074840757556405e-02 9.991633642655152192e-01 -3.303923788761922720e-02 -3.896068369967679246e+00 6.209377577994247277e-01 4.088416784957391026e-02 7.826775967172466819e-01 6.206835706007395004e+01
7.782040697425832709e-01 -1.893818988630763646e-03 -6.281167325079995978e-01 -3.058339582496133957e+01 -2.432745563494040711e-02 9.991541056167769774e-01 -3.315450655858127177e-02 -3.948279272355285308e+00 6.276483215822628026e-01 4.107756402740011387e-02 7.774996747154081511e-01 6.291613624836804775e+01
7.733150020786661027e-01 -3.991197892139127477e-03 -6.340257212449398327e-01 -3.128868934800506096e+01 -2.284626560333980622e-02 9.991555159884860648e-01 -3.416536223632595654e-02 -3.998328093587397269e+00 6.336267010980669578e-01 4.090642916134686058e-02 7.725706854316883865e-01 6.377105132346046190e+01
7.671907356398584010e-01 -5.263575956530622442e-03 -6.413776524062696494e-01 -3.201604319595655568e+01 -2.281010869298892574e-02 9.991100249683860790e-01 -3.548028077561830862e-02 -4.054342088275731726e+00 6.409934744580726429e-01 4.185321775760963980e-02 7.663879167026993455e-01 6.461383916435026720e+01
7.620104561866161141e-01 -7.331605412312197124e-03 -6.474213815261609106e-01 -3.273355002185103757e+01 -2.152465106660596261e-02 9.990966512278540712e-01 -3.664353827397577590e-02 -4.102909480381875973e+00 6.471050667854449934e-01 4.186180549099523945e-02 7.611642277104994081e-01 6.545425234774030798e+01
7.552374433667040643e-01 -7.917049788557584469e-03 -6.553844485834291467e-01 -3.347301750526718678e+01 -2.078935558139364398e-02 9.991347542081135957e-01 -3.602247762136991105e-02 -4.157795376610361693e+00 6.551022075061679883e-01 4.083412098161395137e-02 7.544193683202630174e-01 6.629522656139596393e+01
7.488976862332987761e-01 -7.735107645845975405e-03 -6.624797792800103391e-01 -3.422297824427816693e+01 -1.999161758727297303e-02 9.992131775886523570e-01 -3.425975447060533585e-02 -4.210351368978970221e+00 6.622235081711790317e-01 3.890222370707657057e-02 7.481537130899753585e-01 6.713213227441545428e+01
7.433466242238965238e-01 -9.434304896370537818e-03 -6.689785000326582409e-01 -3.498138528537018033e+01 -1.764221490917954743e-02 9.992762776101125066e-01 -3.369537131972764193e-02 -4.261336666817292063e+00 6.688122230907723731e-01 3.684781565418034782e-02 7.426419955124878847e-01 6.795926519145638167e+01
7.368451211999983430e-01 -1.000499511167217241e-02 -6.758940327506752777e-01 -3.575121939960270367e+01 -1.725918637059304164e-02 9.992862754470868136e-01 -3.360714278079845324e-02 -4.314468483425556222e+00 6.757478131822085565e-01 3.643133540512916851e-02 7.361463638585912239e-01 6.878469253685854312e+01
7.304233056553244285e-01 -1.263742004316693694e-02 -6.827847074232941127e-01 -3.653357694783927911e+01 -1.615719720753917843e-02 9.992293567360950313e-01 -3.578577728208566511e-02 -4.375678614150364965e+00 6.827104970124808769e-01 3.717633499398328295e-02 7.296560214808036626e-01 6.960598607163605323e+01
7.257512411209460224e-01 -1.160697421007698439e-02 -6.879825391987917094e-01 -3.732902560246331092e+01 -1.755763182053659763e-02 9.992195277036391987e-01 -3.537871513276630298e-02 -4.423812562708375751e+00 6.878563489667851583e-01 3.775303879992258221e-02 7.249808798875732041e-01 7.042425597123538239e+01
7.186694417545418379e-01 -1.110832353667353181e-02 -6.951182378913061122e-01 -3.813572520989454517e+01 -1.799555999891161093e-02 9.992404102042495850e-01 -3.456485797045531771e-02 -4.480098933474295997e+00 6.949740323986519641e-01 3.735383160424113336e-02 7.179235425686442129e-01 7.123500273320080112e+01
7.146373699115818878e-01 -1.074093379242841047e-02 -6.992686719079111990e-01 -3.894090856895833497e+01 -1.816953032296442574e-02 9.992598308506990268e-01 -3.391132424561249525e-02 -4.531842763329042789e+00 6.991151841424084745e-01 3.694200744535925535e-02 7.139131701598077084e-01 7.205288639863618982e+01
7.101921933177104407e-01 -1.166048263928400053e-02 -7.040442473143190272e-01 -3.976632690105354584e+01 -1.861030632939906712e-02 9.992025789180523088e-01 -3.532455784474408667e-02 -4.588391063155231819e+00 7.038947469278998836e-01 3.818928955621159194e-02 7.094086216050270455e-01 7.286993371527930208e+01
7.043993585607249974e-01 -1.296049229155437320e-02 -7.097136491433341243e-01 -4.060252190106378833e+01 -1.937032075998166084e-02 9.991100793809425396e-01 -3.747719515647324195e-02 -4.639934919886116838e+00 7.095681418892011427e-01 4.014028455513133503e-02 7.035212636956008625e-01 7.367975365738600146e+01
7.008106858347769030e-01 -1.525964593122524499e-02 -7.132464337486059680e-01 -4.143348722733686174e+01 -1.863935244675294506e-02 9.990382320771251656e-01 -3.970168611972833134e-02 -4.700875005787031213e+00 7.131662006285317545e-01 4.111888770566912016e-02 6.998520813480468838e-01 7.448163577276899616e+01
6.947358645608605610e-01 -1.603371434986154004e-02 -7.191004054889444941e-01 -4.228429378465319388e+01 -1.924222716601959107e-02 9.989793877972342750e-01 -4.086262282212953928e-02 -4.761672425021551192e+00 7.190213169583367092e-01 4.223203111785992642e-02 6.937182765420519814e-01 7.528194599448556801e+01
6.899740016233266715e-01 -1.520932304592037543e-02 -7.237800493648081090e-01 -4.314422508064161832e+01 -1.893291382707777692e-02 9.990579522465186102e-01 -3.904009594245042014e-02 -4.819236352722314543e+00 7.236921540981050560e-01 4.063540914652697539e-02 6.890360760106786220e-01 7.609058987463266988e+01
6.861332127342870679e-01 -1.586897373209946935e-02 -7.273981397369169155e-01 -4.400794919504283342e+01 -1.692784391819277673e-02 9.991431521618643341e-01 -3.777157788983868947e-02 -4.880198863054135749e+00 7.273741614557927004e-01 3.822941053325639577e-02 6.852765921618015899e-01 7.689310162487834077e+01
6.799160949022076128e-01 -1.674126228426182916e-02 -7.330123644071503408e-01 -4.487798865777400437e+01 -1.662001931683156422e-02 9.991307282619592556e-01 -3.823091748914478338e-02 -4.943629914929172919e+00 7.330150316314116843e-01 3.818116035756752291e-02 6.790467365778073416e-01 7.769006512016821375e+01
6.763973312740962918e-01 -1.760315279355121124e-02 -7.364062982895769327e-01 -4.575416345030164678e+01 -1.544424719122345843e-02 9.991555750761300647e-01 -3.807252360923974593e-02 -4.999201625155793138e+00 7.364546092607523464e-01 3.712442160512854222e-02 6.755542737683346566e-01 7.848447707924067629e+01
6.712780539106704136e-01 -1.822072802498132110e-02 -7.410091324407434010e-01 -4.664883044870385476e+01 -1.458608607392308104e-02 9.991793829391927284e-01 -3.778204525704582234e-02 -5.058733933745713784e+00 7.410893029310968716e-01 3.617596673751254099e-02 6.704615213372403515e-01 7.927806449313315795e+01
6.673007533232774291e-01 -2.018122092994530103e-02 -7.446571328347985075e-01 -4.754378010377267572e+01 -1.245187300131043659e-02 9.991906786597295476e-01 -3.824677337048246889e-02 -5.121190017031526764e+00 7.448266391234773520e-01 3.478820215453102410e-02 6.665097047967785127e-01 8.007124571622298959e+01
6.636906389192558375e-01 -2.255906126359072741e-02 -7.477174649950674157e-01 -4.844293333614857033e+01 -9.465254615786131490e-03 9.992116627033535980e-01 -3.853966908775054157e-02 -5.179433179420972699e+00 7.479978848073020048e-01 3.265140768606667604e-02 6.629539071786602067e-01 8.086989153984404766e+01
6.592021141001997986e-01 -2.752917974381167629e-02 -7.515325216863345537e-01 -4.934842787972046096e+01 -6.236880694623339084e-03 9.990950108250516992e-01 -4.206673384775312663e-02 -5.248689781126556042e+00 7.520109596292514631e-01 3.241371370594674228e-02 6.584340299934194896e-01 8.164362469509910625e+01
6.540714495973708464e-01 -3.174436833530816515e-02 -7.558239751305523280e-01 -5.026109763491044191e+01 -1.741030305743633501e-03 9.990529514780821518e-01 -4.346964223713281616e-02 -5.310484713607988461e+00 7.564887672497916382e-01 2.973958161688179322e-02 6.533971338442859933e-01 8.244047721159590481e+01
6.482319738153570210e-01 -3.664151677862436535e-02 -7.605388238364552134e-01 -5.118376487872294689e+01 4.471150254609443028e-03 9.990071995833499363e-01 -4.432037832129054333e-02 -5.378189597466375815e+00 7.614079267935748296e-01 2.532602295397301181e-02 6.477524986403250251e-01 8.323010737025175843e+01
6.399065283794288517e-01 -3.958700284516465662e-02 -7.674964736029225021e-01 -5.211973690825779215e+01 9.083197673982131709e-03 9.989922875347601039e-01 -4.396029636762217863e-02 -5.446552168092575030e+00 7.684627790857592178e-01 2.116779571618486802e-02 6.396209933318743879e-01 8.400938375419858062e+01
6.315246602752824234e-01 -4.088023442857414980e-02 -7.743976997974973964e-01 -5.306437849546077246e+01 1.267626880885556161e-02 9.990195146716953634e-01 -4.240463821570473330e-02 -5.517721586069391115e+00 7.753730952986018776e-01 1.695054719127592549e-02 6.314244377239207617e-01 8.478542235360153256e+01
6.216315541344055173e-01 -4.060613055346881661e-02 -7.820938288746075440e-01 -5.403860604945348456e+01 1.437635672854526737e-02 9.990787300251392500e-01 -4.043859722252230587e-02 -5.577692558590864103e+00 7.830151221522624327e-01 1.389311987349562370e-02 6.216426187297073858e-01 8.554736496318876959e+01
6.129412874070083728e-01 -3.973697862120460778e-02 -7.891817590350119760e-01 -5.501748267920548585e+01 1.378615512884810712e-02 9.991201521652371964e-01 -3.960477753202820000e-02 -5.644487401809052507e+00 7.900616808144824699e-01 1.339069372393988239e-02 6.129502071753436532e-01 8.629149428493533946e+01
6.043471087642889872e-01 -4.003833409578551328e-02 -7.957767330230567371e-01 -5.599746269697877921e+01 1.165957963331782678e-02 9.990739598113246300e-01 -4.141270417542966542e-02 -5.707764738692812756e+00 7.966982648576899084e-01 1.574750915409369942e-02 6.042543288204741403e-01 8.703439181552752757e+01
5.937886813917073736e-01 -4.307722835288464031e-02 -8.034449456378229826e-01 -5.699707258836357937e+01 1.367393227012323777e-02 9.989617879648767795e-01 -4.346431857484827493e-02 -5.777190133772627689e+00 8.044828951224300972e-01 1.482340714063918978e-02 5.937613452376848677e-01 8.775904466664070469e+01
5.842720976534776511e-01 -4.434883414123746981e-02 -8.103312633116113162e-01 -5.801313255954426751e+01 1.379450569726930857e-02 9.989045731320701504e-01 -4.471959074730433997e-02 -5.845984308054897660e+00 8.114264554334431612e-01 1.495983080750311160e-02 5.842431204360711838e-01 8.848553285679429337e+01
5.741179322127577533e-01 -4.633837582264957455e-02 -8.175414889026700882e-01 -5.903499826020657792e+01 1.747309693149904503e-02 9.988628007079919380e-01 -4.435354134375733837e-02 -5.920080351951438224e+00 8.186678682983519195e-01 1.117094571658877947e-02 5.742753434151575131e-01 8.920006096194966005e+01
5.628440296062777737e-01 -4.519374773368405040e-02 -8.252897008439700199e-01 -6.007460881257427587e+01 1.879127428013791998e-02 9.989454159431561120e-01 -4.188156478675438693e-02 -5.991559497253332367e+00 8.263126965465614759e-01 8.057927012622647170e-03 5.630999878345079868e-01 8.990445078077642904e+01
5.527272687437219112e-01 -4.673728501591067203e-02 -8.319309257583368256e-01 -6.112448042652950164e+01 1.980125523454144207e-02 9.988807382992829220e-01 -4.296040350255358325e-02 -6.058727748435627447e+00 8.330072994189298141e-01 7.274200995295744890e-03 5.530339669293159455e-01 9.060109282243367090e+01
5.441994765762517838e-01 -4.695608292531689570e-02 -8.376632336157486813e-01 -6.217906380750051909e+01 1.865479070643145595e-02 9.988628782596249422e-01 -4.386186961322360855e-02 -6.131118000706652360e+00 8.387709466459000174e-01 8.240372918746340439e-03 5.444565159946593846e-01 9.127096791437675449e+01
5.327393756829855720e-01 -4.818683363755578430e-02 -8.449492875423679772e-01 -6.325156559949876822e+01 1.808089132027253243e-02 9.987977788765597387e-01 -4.556790406842937263e-02 -6.202136971913061458e+00 8.461291850193173314e-01 9.001123046184717272e-03 5.329702702718450702e-01 9.193422714599589085e+01
5.226008324763745660e-01 -4.855030389180207268e-02 -8.510998889951465474e-01 -6.432947522949220343e+01 1.631101560598262681e-02 9.987642510913009586e-01 -4.695557011577689704e-02 -6.275371156483750212e+00 8.523270418657632463e-01 1.066758236960502725e-02 5.227462874726690467e-01 9.258622395063325428e+01
5.126416278607976995e-01 -4.749402275718454108e-02 -8.573605665224356409e-01 -6.543000389400673100e+01 1.508888563270939336e-02 9.988130491119351362e-01 -4.631665479101649413e-02 -6.347321744757030260e+00 8.585425430459424634e-01 1.081485328729502905e-02 5.127496963869474511e-01 9.323057851507468285e+01
