1.0 0.0 0.0 0.0 0.0 1.0 0.0 0.0 0.0 0.0 1.0 0.0
0.9999319 0.011646639 0.0008553999 0.3013916 -0.011644677 0.99992967 -0.0022625043 -0.012084961 -0.00088169205 0.002252392 0.9999971 0.0037841797
0.9998268 0.01856725 0.0011984824 0.59228516 -0.01856019 0.99981165 -0.0056517962 -0.024536133 -0.0013032529 0.0056285607 0.9999833 0.00012207031
0.9997695 0.021467417 -6.826521e-05 0.8902588 -0.021467298 0.9997391 -0.0077961613 -0.034301758 -9.913467e-05 0.00779583 0.9999696 0.006713867
0.9998145 0.019182198 -0.0016812197 1.2023926 -0.019196875 0.9997733 -0.009203961 -0.03918457 0.0015043075 0.009234533 0.99995625 0.014526367
0.9999286 0.011623911 -0.0027602147 1.5163574 -0.0116537465 0.99987096 -0.011054612 -0.044067383 0.00263133 0.01108599 0.9999351 0.012817383
0.9999899 -0.00017412748 -0.0044845208 1.8431396 0.000118681186 0.9999236 -0.012356156 -0.03894043 0.0044863303 0.012355498 0.9999136 0.019042969
0.9998772 -0.014913399 -0.0048186425 2.1713867 0.014854975 0.9998183 -0.0119447885 -0.026855469 0.004995914 0.011871767 0.99991703 0.027832031
0.9993654 -0.035303865 -0.004834718 2.5150146 0.035266634 0.99934965 -0.0075826882 0.0025634766 0.0050991606 0.00740747 0.9999596 0.028686523
0.99849063 -0.054519936 -0.006569416 2.8668213 0.054492693 0.99850464 -0.0042571914 0.041137695 0.0067917006 0.0038927156 0.99996936 0.028320312
0.997271 -0.07356151 -0.0061918246 3.2312012 0.07354156 0.9972859 -0.0033916011 0.075805664 0.0064245323 0.0029270279 0.9999751 0.032226562
0.9954655 -0.09495251 -0.005477711 3.6107178 0.09493027 0.9954739 -0.0041869003 0.12536621 0.0058504986 0.0036478452 0.9999762 0.036376953
0.99317765 -0.11653283 -0.004798964 4.0010986 0.11650691 0.9931778 -0.005368079 0.17687988 0.005391711 0.004772439 0.9999741 0.045410156
0.991146 -0.13272446 -0.004128202 4.397217 0.13270101 0.9911424 -0.0055178097 0.24023438 0.004823762 0.0049211807 0.9999763 0.045410156
0.9889227 -0.14835955 -0.0032883328 4.810425 0.1483519 0.9889263 -0.0024656726 0.32043457 0.0036178483 0.0019503967 0.99999154 0.053466797
0.98682415 -0.16175295 -0.0034195755 5.232544 0.16174613 0.9868288 -0.0021876502 0.4038086 0.003728427 0.0016057001 0.9999918 0.056884766
0.98474324 -0.17395583 -0.004258394 5.673828 0.17394075 0.98474824 -0.0036881054 0.4847412 0.004834927 0.0028910837 0.99998415 0.06262207
0.98287624 -0.18419616 -0.0061500333 6.1237793 0.1841514 0.98287755 -0.007194913 0.5703125 0.007369448 0.005939519 0.99995524 0.07470703
0.981564 -0.19094001 -0.007972296 6.590454 0.19089794 0.9815877 -0.005745071 0.66638184 0.008922884 0.004116849 0.9999517 0.07788086
0.98007923 -0.19838922 -0.009712212 7.0633545 0.19833994 0.9801201 -0.005808304 0.7784424 0.010671105 0.0037665702 0.999936 0.07727051
0.9784303 -0.2062228 -0.012703901 7.5548096 0.2061572 0.9785063 -0.006289403 0.8861084 0.01372745 0.0035354295 0.99989957 0.084106445
0.97671884 -0.214059 -0.013728029 8.055664 0.21391496 0.9767823 -0.01123514 0.99316406 0.015814673 0.008036601 0.9998425 0.08959961
0.9750134 -0.22177343 -0.013517814 8.573608 0.22154027 0.9750146 -0.016838823 1.1026611 0.016914047 0.013423873 0.9997667 0.10473633
0.9733401 -0.22884142 -0.01511406 9.095947 0.22858104 0.97336704 -0.01717966 1.2282715 0.018642856 0.013266975 0.99973816 0.12231445
0.9709329 -0.2384107 -0.021124838 9.627563 0.23816921 0.97113055 -0.013327884 1.3789062 0.023692513 0.007908666 0.99968785 0.12133789
0.9690443 -0.2456559 -0.024459124 10.170898 0.24545601 0.96934235 -0.010908372 1.5303955 0.026389379 0.0045657638 0.9996411 0.13134766
0.9665801 -0.25515363 -0.025928408 10.7335205 0.25489 0.96690875 -0.013066892 1.6777344 0.028402653 0.006025646 0.9995785 0.14941406
0.96421343 -0.26373482 -0.026828505 11.309937 0.26339063 0.9645527 -0.015705582 1.8347168 0.030020643 0.00807732 0.9995166 0.17236328
0.9620047 -0.27143088 -0.030096292 11.8927 0.2710617 0.9624495 -0.015810147 2.008545 0.03325685 0.0070533208 0.99942183 0.19030762
0.9594271 -0.2798855 -0.03420115 12.490967 0.2795505 0.9600274 -0.014310863 2.1903076 0.036839005 0.004169089 0.9993124 0.20861816
0.9573642 -0.2863191 -0.038671978 13.086548 0.2859141 0.9581369 -0.015742883 2.3773193 0.041559987 0.0040143444 0.99912757 0.23376465
0.9551743 -0.29243395 -0.046092693 13.700073 0.2919584 0.9562821 -0.01688512 2.5749512 0.049014777 0.0026714914 0.9987944 0.2677002
0.9533613 -0.29672098 -0.055014677 14.328247 0.29621756 0.95494705 -0.017275825 2.7790527 0.057664372 0.00017125113 0.998336 0.29541016
0.95184606 -0.29986218 -0.06402598 14.964844 0.29932305 0.95399547 -0.018076459 2.9852295 0.06650011 -0.001957295 0.99778396 0.33496094
0.9496556 -0.30450088 -0.07364878 15.612305 0.30410188 0.95248485 -0.016846864 3.204956 0.07527958 -0.006395795 0.99714273 0.37268066
0.9480421 -0.30783907 -0.08027369 16.266235 0.30751216 0.95139354 -0.016711382 3.421753 0.08151707 -0.008843734 0.9966326 0.42626953
0.9457395 -0.31289393 -0.0877994 16.932495 0.31281757 0.9497121 -0.014977447 3.6611328 0.08807106 -0.013292297 0.9960266 0.48120117
0.9437503 -0.31688684 -0.094492406 17.608887 0.31709805 0.94830674 -0.013174287 3.8980713 0.09378132 -0.017528087 0.9954385 0.54296875
0.94161814 -0.32097533 -0.10178218 18.297974 0.32162017 0.9468271 -0.010463027 4.1533203 0.09972627 -0.022879438 0.99475133 0.6085205
0.9395992 -0.3255107 -0.105869174 18.992432 0.3265506 0.9451546 -0.007848591 4.4088135 0.10261736 -0.02719779 0.99434817 0.68200684
0.93742883 -0.33084455 -0.10832989 19.711548 0.3320028 0.94323003 -0.0076931166 4.6660156 0.10472624 -0.028762158 0.99408436 0.7562256
0.93538535 -0.3368136 -0.107847214 20.43811 0.33807787 0.9411022 -0.006880423 4.938965 0.10381582 -0.030018378 0.99414504 0.8387451
0.9335472 -0.34247556 -0.106120616 21.163696 0.3437493 0.9390719 -0.0066192113 5.2139893 0.101920545 -0.030292388 0.9943304 0.9199219
0.93162537 -0.34820572 -0.10431525 21.900146 0.349418 0.93697196 -0.007013737 5.4993896 0.10018127 -0.029913314 0.99451756 1.0032959
0.92932683 -0.3553075 -0.1008269 22.639038 0.35652232 0.93429685 -0.0063104117 5.7905273 0.096444465 -0.030075792 0.9948836 1.0831299
0.9252422 -0.36688474 -0.0966274 23.411377 0.36824065 0.9297271 -0.004050236 6.1070557 0.091322735 -0.03182484 0.99531454 1.1595459
0.9229029 -0.3738199 -0.09239491 24.161987 0.37526014 0.9269325 -0.0019112171 6.418701 0.08636005 -0.032905065 0.9957206 1.237793
0.9193753 -0.38290882 -0.08974738 24.897217 0.38456723 0.9230538 0.0012950174 6.748657 0.08234861 -0.035709027 0.99596494 1.3127441
0.9162597 -0.39069158 -0.088584356 25.671997 0.39242107 0.919794 0.0022978613 7.083496 0.08057951 -0.036868572 0.9960653 1.3847656
0.9122238 -0.40033424 -0.08725928 26.459595 0.4020304 0.9156417 0.0020483783 7.420044 0.07907746 -0.036941618 0.9961844 1.4621582
0.9089512 -0.40782553 -0.08678442 27.236572 0.40961772 0.9122774 0.0031427937 7.774414 0.077889845 -0.038401846 0.99622184 1.526123
0.90521926 -0.4161523 -0.085946344 28.016846 0.417984 0.90844256 0.0036892227 8.151245 0.07654355 -0.039266087 0.99629277 1.5921631
0.901267 -0.42513224 -0.08360703 28.813843 0.42698 0.9042545 0.004726938 8.532837 0.073592044 -0.039959617 0.99648714 1.6645508
0.8985994 -0.43145388 -0.07988346 29.60437 0.43315727 0.9013161 0.0044869427 8.921753 0.07006327 -0.038635883 0.9967935 1.7297363
0.89483744 -0.44002086 -0.0748107 30.421509 0.44163543 0.89714825 0.005717594 9.332764 0.06459864 -0.03816124 0.99718106 1.789917
0.8920214 -0.44641507 -0.0706994 31.234009 0.44796515 0.8940177 0.0069558076 9.743652 0.06010173 -0.037882306 0.9974726 1.8581543
0.88797724 -0.4547849 -0.06818079 32.062134 0.4561808 0.8898591 0.0056246985 10.175415 0.058111858 -0.036099773 0.9976568 1.9106445
0.8849111 -0.46088636 -0.06663559 32.886353 0.4622451 0.88668996 0.0057324087 10.611938 0.056440666 -0.035874456 0.9977614 1.9720459
0.88233197 -0.46617037 -0.06493489 33.72119 0.46747687 0.8840104 0.0057085957 11.064819 0.05474446 -0.035391465 0.9978729 2.0236816
0.87965924 -0.4713676 -0.06298682 34.57373 0.47255957 0.8812605 0.0046654297 11.524292 0.053310152 -0.03386999 0.99800366 2.0828857
0.87680846 -0.47678465 -0.06256613 35.433105 0.4779369 0.8784025 0.003998937 11.994629 0.053051278 -0.033404414 0.998033 2.1281738
0.87555766 -0.47913077 -0.062152218 36.29895 0.48024005 0.8771473 0.0033663858 12.475464 0.052901473 -0.032788865 0.99806136 2.1888428
0.87320656 -0.48335564 -0.06284518 37.17273 0.48447725 0.87484056 0.003019881 12.970215 0.053519335 -0.033083804 0.9980181 2.2404785
0.8737445 -0.48232618 -0.062082697 38.06018 0.48343936 0.875326 0.0033759808 13.469849 0.052714158 -0.03296246 0.9980658 2.2937012
0.87333274 -0.48346636 -0.060607206 38.962036 0.48450738 0.87485325 0.0028755777 13.974243 0.051632244 -0.031871546 0.99815696 2.3477783
0.87251985 -0.4851017 -0.058532972 39.877563 0.48603514 0.87395996 0.0019879357 14.487061 0.05019514 -0.030178884 0.99828386 2.4060059
0.87362677 -0.48309135 -0.058916166 40.794678 0.4839226 0.8751527 -0.00018134876 15.001343 0.051647577 -0.028351923 0.9982625 2.4643555
0.8713013 -0.48719627 -0.058558572 41.726196 0.48795047 0.8728448 -0.0016181224 15.528564 0.051901337 -0.027172228 0.998282 2.5229492
0.87136793 -0.48747867 -0.056031253 42.65869 0.48813552 0.87279797 -0.0022289723 16.060669 0.04998787 -0.025406625 0.9984264 2.5789795
0.8687936 -0.4923757 -0.05207989 43.58899 0.49295732 0.8700213 -0.0019036247 16.600708 0.046250734 -0.024018483 0.9986416 2.638916
0.86574584 -0.4980785 -0.047597095 44.52112 0.4985504 0.86677957 -0.0022365155 17.136597 0.04236859 -0.021803528 0.9988639 2.6966553
0.86219555 -0.5045827 -0.04456878 45.44641 0.50497365 0.8631132 -0.0028281964 17.677734 0.039895214 -0.020064726 0.99900275 2.749878
0.85643893 -0.5142719 -0.045328554 46.36792 0.5145123 0.8574644 -0.007087146 18.22644 0.042514116 -0.01725309 0.99894696 2.8062744
0.85149014 -0.52232987 -0.046625633 47.274048 0.52250046 0.85260934 -0.009426426 18.778442 0.044673786 -0.016335897 0.99886775 2.8603516
0.8445378 -0.5333862 -0.046168465 48.187744 0.53354806 0.8456396 -0.009773422 19.367554 0.044256847 -0.016378976 0.9988864 2.90979
0.83982605 -0.54126346 -0.042517316 49.098145 0.5415347 0.84070647 -0.00584633 19.957764 0.0389103 -0.018110152 0.99907875 2.9593506
0.8345723 -0.54949576 -0.039190277 49.996338 0.5498194 0.83527356 -0.0029414305 20.55774 0.03435016 -0.019089673 0.9992277 3.012329
0.83056104 -0.5554782 -0.041277267 50.890137 0.5558782 0.8313163 -0.002110484 21.163696 0.035486884 -0.02119285 0.99914527 3.0587158
0.82680684 -0.5606638 -0.04528034 51.766113 0.56105816 0.82776564 -0.004672971 21.772583 0.040100668 -0.021543121 0.99896324 3.1013184
0.8242766 -0.56373435 -0.052873954 52.644775 0.5642334 0.8256054 -0.0063824933 22.382446 0.047252104 -0.024573777 0.9985806 3.1629639
0.82060724 -0.5691181 -0.053857327 53.527832 0.5696499 0.82198 -0.0063970564 23.003296 0.047908876 -0.025425019 0.9985279 3.220459
0.817716 -0.5734959 -0.050688922 54.40869 0.57401794 0.81890494 -0.0050254413 23.624146 0.0443911 -0.02498585 0.99870145 3.2755127
0.81520236 -0.5773384 -0.04490358 55.286377 0.57780343 0.81610316 -0.0031379918 24.256958 0.0384578 -0.023394536 0.9989862 3.3339844
0.8121913 -0.5818793 -0.04263351 56.16211 0.5823399 0.81297725 -0.0019524139 24.901855 0.0357974 -0.023236863 0.99908906 3.3712158
0.8086753 -0.5864873 -0.045212418 57.024902 0.58711046 0.80948645 0.0006205891 25.543945 0.03623291 -0.027048249 0.9989771 3.4180908
0.80516154 -0.5912969 -0.04527969 57.896484 0.59183353 0.80603784 -0.0019007437 26.191284 0.03762226 -0.02527076 0.99897236 3.4641113
0.8007891 -0.5971947 -0.046900515 58.768555 0.5976953 0.80177814 -0.004042579 26.844482 0.04001882 -0.024790488 0.9988914 3.5147705
0.79754984 -0.6014466 -0.04670183 59.62671 0.6019184 0.79854625 -0.0047739223 27.503662 0.04016601 -0.024303311 0.9988975 3.564209
0.7923091 -0.6085213 -0.04519849 60.497314 0.60894084 0.7932571 -0.0054017846 28.175049 0.03914379 -0.023241162 0.99896336 3.6165771
0.7885611 -0.6133949 -0.044185363 61.36255 0.61377996 0.7894775 -0.005852422 28.847534 0.038468942 -0.022506822 0.9990061 3.6656494
0.7826364 -0.62074214 -0.04448335 62.213867 0.6210853 0.78359264 -0.0073118173 29.53186 0.039400067 -0.021903176 0.99898416 3.7196045
0.7774582 -0.6274523 -0.04469778 63.06494 0.62779456 0.77842855 -0.0076662777 30.225952 0.039602503 -0.02209811 0.9989711 3.7718506
0.77253693 -0.6334223 -0.0445467 63.923096 0.6336813 0.7735449 -0.009841499 30.927124 0.04069545 -0.020619355 0.99895936 3.8216553
0.76635677 -0.64078104 -0.045515373 64.76953 0.6410138 0.767431 -0.0112085845 31.649902 0.042109285 -0.020586738 0.9989009 3.8775635
0.76114064 -0.6468841 -0.045543224 65.61328 0.6470342 0.7622575 -0.013357213 32.36328 0.043357167 -0.019305348 0.9988732 3.9260254
0.75439864 -0.6548847 -0.04453707 66.45825 0.65499765 0.7554838 -0.014050992 33.098022 0.042845525 -0.01857191 0.9989091 3.9815674
0.7481343 -0.66201645 -0.04262109 67.29907 0.66210747 0.7491366 -0.01397036 33.843628 0.041182593 -0.017776487 0.99899364 4.0352783
0.7426323 -0.66860646 -0.04058677 68.12988 0.66859895 0.7435809 -0.015760621 34.59778 0.0407109 -0.01542855 0.9990517 4.087158
0.73613906 -0.6755429 -0.040185038 68.95923 0.67551076 0.73708135 -0.016429292 35.36328 0.04072119 -0.01505281 0.99905735 4.1411133
0.7296581 -0.68249226 -0.04094927 69.784424 0.68236625 0.7306724 -0.019156007 36.141113 0.04299878 -0.013960837 0.99897814 4.2025146
0.7249769 -0.6876425 -0.04153527 70.60596 0.68757355 0.7260035 -0.018195769 36.932983 0.042661313 -0.015364697 0.9989712 4.251831
0.7179172 -0.6947663 -0.04114659 71.4209 0.69471824 0.71892166 -0.017801333 37.73535 0.041950043 -0.015812183 0.9989945 4.3095703
0.71390545 -0.6989119 -0.040741324 72.24194 0.69887584 0.7148883 -0.017494263 38.53723 0.041355774 -0.01599074 0.99901664 4.362671
0.70940214 -0.70368415 -0.041999962 73.062256 0.7036337 0.71045434 -0.01847766 39.35901 0.042835362 -0.016438385 0.9989469 4.420044
0.7035163 -0.7093466 -0.043961477 73.87573 0.709277 0.7046785 -0.019856514 40.191284 0.045069646 -0.017211363 0.9988359 4.47229
0.6998552 -0.7129319 -0.044949986 74.680664 0.7127767 0.7011028 -0.022204844 41.01892 0.04734701 -0.016489372 0.998743 4.5339355
0.69372195 -0.7187818 -0.046072334 75.48486 0.71861583 0.69503945 -0.023063116 41.865723 0.048593253 -0.017104786 0.9986721 4.5959473
0.6890385 -0.72346365 -0.044480965 76.29712 0.7233148 0.69026875 -0.022311097 42.722168 0.04683995 -0.016800877 0.99876076 4.6557617
0.68528646 -0.72715217 -0.042080946 77.10303 0.72693825 0.6864175 -0.023030289 43.58264 0.045629166 -0.014801267 0.998849 4.718872
0.6790601 -0.7327914 -0.042039447 77.90405 0.7325425 0.6802054 -0.023988929 44.44873 0.046174496 -0.014507635 0.99882805 4.7839355
0.6755735 -0.7362319 -0.04098922 78.70166 0.7359317 0.67668444 -0.024903264 45.321777 0.046068333 -0.013337805 0.9988492 4.8414307
0.6704852 -0.74086875 -0.040046085 79.49902 0.7405323 0.6715636 -0.02559381 46.21289 0.04584962 -0.012490474 0.99887013 4.903076
0.6665454 -0.74460346 -0.038666382 80.295654 0.74416333 0.6675854 -0.027612507 47.104492 0.046373177 -0.010364976 0.9988704 4.967407
0.6630053 -0.74777263 -0.036536377 81.09766 0.7472054 0.6639708 -0.030043244 48.00049 0.04671921 -0.007387561 0.9988801 5.027588
0.6585096 -0.7517666 -0.036311686 81.875 0.7509594 0.659497 -0.035073306 48.902344 0.05031099 -0.0041746898 0.9987245 5.0979004
0.653499 -0.756237 -0.033649094 82.67578 0.7552115 0.6543648 -0.039361954 49.81128 0.05178874 0.00030670315 0.9986577 5.161377
0.64788836 -0.76115173 -0.029248003 83.46973 0.7598867 0.6485156 -0.0443442 50.72998 0.05272476 0.006502593 0.9985877 5.231079
0.63978165 -0.76821053 -0.02509951 84.25415 0.76682687 0.6401775 -0.04740926 51.661377 0.05248157 0.011094113 0.99856067 5.302002
0.6316027 -0.7751319 -0.020887077 85.0354 0.773731 0.6317777 -0.04882274 52.601562 0.051041324 0.014667069 0.9985882 5.3762207
0.6218285 -0.7827878 -0.017826956 85.80298 0.78144354 0.62186927 -0.048684403 53.57129 0.049204223 0.016340101 0.99865514 5.4396973
0.6131344 -0.7898423 -0.017323082 86.552246 0.788543 0.61317724 -0.047932483 54.5459 0.04848307 0.015726795 0.9987 5.5097656
0.6044352 -0.7964736 -0.01967784 87.30005 0.7951209 0.60460323 -0.048340894 55.52173 0.050396156 0.013571229 0.99863696 5.5754395
0.5939617 -0.80425286 -0.018754836 88.03052 0.8027518 0.594054 -0.05151502 56.5166 0.05258018 0.015548297 0.9984961 5.647461
0.584451 -0.81119466 -0.018888248 88.76245 0.8096189 0.5845474 -0.052907005 57.52832 0.053952288 0.015635513 0.9984214 5.7192383
0.5745058 -0.8184432 -0.015097118 89.48291 0.8168178 0.5743804 -0.05503162 58.545654 0.05371522 0.019280288 0.9983699 5.796997
0.5633353 -0.8261049 -0.011970631 90.1936 0.8245921 0.5630872 -0.054034583 59.58081 0.05138116 0.020561015 0.9984669 5.873047
0.55328166 -0.8327995 -0.011178909 90.895996 0.83121365 0.55297554 -0.055703387 60.626465 0.052579973 0.02153156 0.9983848 5.9437256
0.5447041 -0.83856285 -0.012136443 91.571045 0.83693665 0.54445934 -0.05602597 61.677246 0.053580903 0.020352371 0.99835545 6.0198975
0.5332243 -0.84591883 -0.012884747 92.24048 0.8442001 0.53301466 -0.057394084 62.74536 0.0554184 0.019731428 0.9982685 6.0946045
0.5229988 -0.8521148 -0.014535762 92.89819 0.8503365 0.522894 -0.05787555 63.819336 0.056918293 0.01791795 0.99821854 6.171753
0.5129976 -0.85833716 -0.014666038 93.54834 0.8566084 0.5129367 -0.05694021 64.916016 0.056392733 0.01665671 0.99827003 6.248535
0.5056048 -0.86247796 -0.01408712 94.19556 0.86086506 0.505557 -0.055010695 66.01123 0.05458544 0.0156934 0.99838626 6.3253174
0.49795008 -0.86704993 -0.0113395555 94.83081 0.8655311 0.49778536 -0.05408246 67.11743 0.0525351 0.017114732 0.9984723 6.401123
0.48799306 -0.8728428 -0.009066623 95.44922 0.871316 0.48771015 -0.054961484 68.244385 0.052395537 0.018922966 0.99844724 6.47937
0.48177662 -0.8761988 -0.009642086 96.062744 0.874572 0.4815047 -0.056607332 69.37158 0.0542378 0.018849958 0.99835056 6.557373
0.47607097 -0.8792586 -0.007906545 96.68677 0.87742823 0.47562638 -0.06083853 70.48218 0.0572659 0.02203386 0.9981163 6.6326904
0.4680463 -0.88372433 -0.0075839343 97.28491 0.8817679 0.4675517 -0.06305352 71.617676 0.059248254 0.022824839 0.9979821 6.716675
0.46370792 -0.886057 -0.007550465 97.87305 0.88386106 0.46312892 -0.06692487 72.75391 0.06279515 0.024359938 0.99772906 6.803467
0.45952386 -0.88805985 -0.004778468 98.4751 0.8859227 0.458779 -0.06707308 73.88745 0.061762087 0.026587963 0.9977367 6.8916016
0.45510486 -0.89049107 -0.001177009 99.05029 0.8885352 0.45419163 -0.06566222 75.0293 0.059003115 0.02883936 0.9978412 6.9802246
0.45200795 -0.89201206 0.004876119 99.63403 0.89031076 0.450794 -0.064436294 76.17578 0.055275176 0.033459302 0.99790984 7.0703125
0.4485215 -0.8938817 0.007160403 100.20654 0.8923361 0.44724178 -0.06290272 77.30542 0.05302576 0.034593653 0.9979932 7.152832
0.44572914 -0.8952093 0.008181495 100.768555 0.89369804 0.44440287 -0.06284733 78.4353 0.052622 0.035308328 0.9979891 7.2299805
0.44354254 -0.8960954 0.0117550595 101.32178 0.8947883 0.4420902 -0.061369438 79.56494 0.049799323 0.037744313 0.99804604 7.3115234
0.4399704 -0.8979828 0.012293296 101.879395 0.8967289 0.43852648 -0.06057628 80.690186 0.04900665 0.03767325 0.9980875 7.387451
0.4400154 -0.8976767 0.015048387 102.43286 0.8965159 0.43842524 -0.060884982 81.8042 0.048074264 0.040295653 0.99803114 7.466919
0.43748844 -0.89928544 0.017996097 102.96289 0.89819956 0.43572384 -0.061760202 82.913086 0.047693066 0.04316816 0.99792814 7.5374756
0.43394715 -0.90073454 0.022623898 103.50195 0.8998983 0.43201917 -0.060715545 84.02319 0.044911593 0.04670097 0.9978986 7.6152344
0.4329335 -0.90108955 0.025261777 104.03198 0.9003834 0.43089613 -0.060579713 85.12622 0.04369919 0.04896988 0.99784386 7.682251
0.43245426 -0.9012859 0.026529085 104.55078 0.9006651 0.43038934 -0.06003336 86.20532 0.042688034 0.049855303 0.99784386 7.75
0.43140915 -0.9018191 0.027248532 105.0647 0.90116286 0.4292326 -0.061651006 87.286865 0.043884456 0.051163036 0.99772674 7.814453
0.4303636 -0.9021833 0.027496252 105.571045 0.9015045 0.42814028 -0.062351484 88.3501 0.044481337 0.05161012 0.9976756 7.8878174
0.43034717 -0.90238106 0.02621383 106.05884 0.9015998 0.4281403 -0.0631549 89.394775 0.045763753 0.050791264 0.997659 7.958618
0.43443346 -0.9004125 0.023430144 106.55542 0.8995158 0.43236494 -0.06288401 90.44238 0.046491165 0.048381213 0.99774545 8.026123
0.43802005 -0.89876103 0.021569183 107.03882 0.89778686 0.43603832 -0.06283158 91.47046 0.0470478 0.046876818 0.9977917 8.093872
0.4431069 -0.89625376 0.019212836 107.53491 0.89517426 0.4412251 -0.06297519 92.49414 0.047950417 0.045078624 0.9978305 8.162109
0.44973803 -0.892934 0.01724656 108.03906 0.89176077 0.44792303 -0.063405134 93.51123 0.048892867 0.043889258 0.9978388 8.240845
0.4548067 -0.89059967 0.016754508 108.535645 0.8894606 0.4530499 -0.062459365 94.512695 0.048031863 0.043295503 0.99790615 8.297363
0.4628917 -0.88621604 0.01565562 109.045654 0.8851037 0.46122742 -0.061260145 95.51245 0.0470882 0.04222232 0.99799824 8.359375
0.47113362 -0.88206285 0.014775924 109.569336 0.88098526 0.4695523 -0.060048603 96.50537 0.04601413 0.041305486 0.9980864 8.42688
0.48056364 -0.87698317 0.013461841 110.08838 0.8759152 0.47907206 -0.059025362 97.48901 0.045311145 0.040154442 0.99816537 8.48938
0.49112207 -0.8709801 0.011660902 110.63379 0.8697895 0.48964018 -0.06051909 98.458984 0.047003835 0.03987241 0.998099 8.551636
0.5010407 -0.8653598 0.009466488 111.17114 0.8639915 0.4995626 -0.06273516 99.39551 0.04955136 0.039612003 0.99798584 8.61853
0.51206136 -0.85890657 0.004970206 111.72681 0.8574259 0.5108206 -0.061929174 100.35034 0.050650217 0.035970166 0.9980684 8.67749
0.5253649 -0.8509099 0.0016252948 112.29736 0.84946233 0.52435774 -0.059338704 101.298584 0.049639925 0.03255555 0.99823654 8.738403
0.5362277 -0.8439805 0.0014472399 112.867676 0.84266883 0.5352972 -0.05667397 102.22876 0.047059778 0.031613007 0.9983919 8.805298
0.5494847 -0.8353949 0.001614078 113.46631 0.83417374 0.548575 -0.05515261 103.14844 0.04518626 0.03165854 0.9984773 8.868286
0.560491 -0.82803875 0.0007008435 114.062256 0.8268528 0.55964255 -0.053979713 104.04956 0.04431145 0.030837517 0.99854195 8.925049
0.5718194 -0.82032526 0.0007805992 114.671875 0.81914204 0.57094264 -0.054244168 104.92749 0.044059094 0.03166214 0.9985274 8.991333
0.58362335 -0.81199807 -0.00081310235 115.29126 0.8107605 0.5827887 -0.054618146 105.805176 0.044820983 0.031216193 0.9985072 9.0448
0.59463376 -0.803997 -0.0005535656 115.91577 0.8026884 0.5937048 -0.056623943 106.65454 0.045857016 0.0332245 0.99839526 9.104004
0.60530216 -0.7960294 -0.0012249544 116.55347 0.79475904 0.60442185 -0.05556641 107.48389 0.04496776 0.032658868 0.9984544 9.170044
0.6156396 -0.7880141 -0.00077214546 117.19043 0.7868465 0.6147804 -0.05382324 108.3186 0.042886086 0.032525867 0.9985503 9.225708
0.62588626 -0.7799072 0.0010835945 117.82593 0.77890426 0.62500936 -0.051592056 109.12256 0.0395598 0.033136487 0.9986677 9.278931
0.63612056 -0.77158564 -0.0007912996 118.47949 0.7706189 0.635374 -0.04940623 109.91821 0.038625456 0.030820949 0.99877846 9.345215
0.6445588 -0.7646735 -0.0024759858 119.12695 0.7637024 0.6438964 -0.048408534 110.710205 0.03860908 0.029313842 0.9988245 9.384277
0.65389276 -0.756612 -0.0051935464 119.77222 0.75559056 0.65333897 -0.047906317 111.47388 0.039642137 0.027396973 0.998838 9.434204
0.6655341 -0.7465096 -0.00624368 120.43652 0.74551696 0.66504 -0.04665952 112.22485 0.03897351 0.026391795 0.99889123 9.494141
0.6730773 -0.73959994 -0.006210635 121.09009 0.7386758 0.67261475 -0.04502765 112.95581 0.037473742 0.025716197 0.99896646 9.5390625
0.6823288 -0.73103124 -0.0044424487 121.75708 0.7302137 0.6818301 -0.043523215 113.677 0.034850203 0.02645386 0.99904233 9.578613
0.6910126 -0.72294664 -0.0040684277 122.43115 0.7221522 0.6904973 -0.043306082 114.3855 0.034118354 0.026980428 0.99905306 9.631348
0.69728553 -0.7167282 -0.005402253 123.09009 0.7159429 0.6968395 -0.04213862 115.07764 0.03397097 0.025511183 0.99909693 9.671631
0.7050281 -0.70900804 -0.0052473196 123.76758 0.70828104 0.7046058 -0.040660847 115.76123 0.032536037 0.024955336 0.9991592 9.71167
0.7119376 -0.7022213 -0.0052071093 124.430664 0.7015929 0.71158004 -0.03767 116.42285 0.03014997 0.023167258 0.999277 9.75708
0.7193359 -0.69465846 -0.0034907586 125.10449 0.694162 0.7189955 -0.034523435 117.08325 0.026485667 0.022411805 0.999398 9.796265
0.72661066 -0.6869763 -0.0032669571 125.78491 0.686525 0.7262907 -0.033095244 117.73364 0.025111094 0.02180369 0.9994468 9.834595
0.7337624 -0.6793962 -0.004422298 126.43335 0.6789631 0.7335001 -0.031511307 118.35327 0.024649043 0.020115344 0.99949366 9.877441
0.74083525 -0.6715227 -0.0053872266 127.101074 0.6711339 0.7406392 -0.02901294 118.96924 0.023477104 0.017878992 0.9995646 9.903809
0.7512938 -0.65991783 -0.0038616194 127.78369 0.6596108 0.7511003 -0.02665982 119.56787 0.020497754 0.017483866 0.99963707 9.937622
0.75950485 -0.650544 -0.0030242777 128.44458 0.65033317 0.7593625 -0.022345293 120.14307 0.01683506 0.015003495 0.9997456 9.964233
0.77054435 -0.63730884 -0.0031865295 129.12573 0.6371282 0.77042836 -0.020481411 120.711426 0.015509397 0.013754247 0.99978524 9.993164
0.7795349 -0.62646896 -0.0042253938 129.78052 0.6262845 0.77943975 -0.019931227 121.25098 0.015777674 0.012891555 0.99979246 10.019287
0.78943497 -0.6137793 -0.0065636486 130.45361 0.61356336 0.7893729 -0.020156065 121.79004 0.017551094 0.0118833445 0.99977535 10.045044
0.79960907 -0.6005205 -0.0062440946 131.14551 0.6003302 0.79955256 -0.01892339 122.3125 0.016354758 0.011383905 0.9998015 10.063843
0.8093845 -0.5872164 -0.005168692 131.82422 0.5870547 0.80931956 -0.017947452 122.81128 0.014721649 0.011493254 0.99982554 10.090454
0.81907433 -0.57364124 -0.003140871 132.53613 0.57353234 0.81900537 -0.015752068 123.30786 0.011608879 0.011099386 0.9998709 10.109253
0.82821786 -0.56044847 -0.001143188 133.2268 0.5603765 0.82814115 -0.014452575 123.79419 0.0090460945 0.011328285 0.99989504 10.130493
0.83739865 -0.54660213 0.00090903987 133.94287 0.5465688 0.8373267 -0.01255783 124.25879 0.0061014825 0.011012382 0.99992085 10.146606
0.8464584 -0.53258675 0.0033010447 134.6709 0.53258276 0.8463742 -0.0125576975 124.71484 0.0038919877 0.012387276 0.9999158 10.162109
0.8524837 -0.52271736 0.0050963713 135.37769 0.52273804 0.85239804 -0.012259354 125.16162 0.0020639398 0.013115545 0.9999119 10.171875
0.8590361 -0.51184964 0.0053940713 136.10327 0.511876 0.85895497 -0.011893662 125.60327 0.0014535431 0.012979233 0.9999148 10.185303
0.86632293 -0.49954352 0.0051520886 136.8562 0.49957 0.8662736 -0.009236472 126.04199 0.00015138276 0.010574172 0.9999441 10.200928
0.8720631 -0.48940504 0.0050702645 137.5896 0.48943073 0.8720315 -0.007442632 126.471436 -0.00077910256 0.008971743 0.9999595 10.207275
0.87852466 -0.4775905 0.00437734 138.34546 0.47761 0.87850064 -0.006535759 126.88501 -0.00072422903 0.007833055 0.9999691 10.2109375
0.8837009 -0.46802077 0.004695424 139.09595 0.46804374 0.8836705 -0.0073605087 127.29175 -0.0007033963 0.00870207 0.999962 10.222656
0.88888067 -0.45810974 0.0045829015 139.8667 0.4581324 0.88884526 -0.007931938 127.684814 -0.0004397938 0.009149788 0.9999581 10.230469
0.89388824 -0.4482295 0.0035225302 140.65967 0.44824293 0.89384955 -0.008344758 128.07349 0.00059122354 0.009038656 0.999959 10.238037
0.8965122 -0.44299483 0.004267729 141.42627 0.44301474 0.8964851 -0.007032449 128.47388 -0.00071019074 0.0081951525 0.9999662 10.2421875
0.899913 -0.43604213 0.007052845 142.22144 0.43608034 0.8999068 -0.0052608256 128.85864 -0.004052774 0.007809523 0.99996126 10.248413
0.9023296 -0.43084484 0.009793828 143.04565 0.43088165 0.9023633 -0.0019089393 129.22144 -0.0080146985 0.00594421 0.9999502 10.25061
0.9054568 -0.42426413 0.01200726 143.85718 0.42428568 0.90552604 0.0008191122 129.65356 -0.0112206945 0.004352538 0.9999276 10.248779
0.9095297 -0.41546243 0.012951087 144.7019 0.41544938 0.9096198 0.0038083605 130.03809 -0.0133631285 0.001914978 0.9999089 10.241577
0.9118124 -0.4103461 0.015077974 145.54736 0.410304 0.9119369 0.005930419 130.43481 -0.016182965 0.00078034773 0.9998687 10.23291
0.9156214 -0.40155652 0.017321477 146.42651 0.40149847 0.91578513 0.006858941 130.81714 -0.01861769 0.0006772503 0.9998265 10.224976
0.9184056 -0.39516774 0.019764574 147.29663 0.3951088 0.918617 0.0069665713 131.19067 -0.020909157 0.0014083153 0.9997805 10.214233
0.9220717 -0.38639948 0.021306539 148.20996 0.38633722 0.9223165 0.0071270214 131.57324 -0.022405261 0.0016597467 0.99974763 10.197876
0.92531705 -0.37860897 0.021137996 149.09863 0.37856877 0.92555547 0.006027898 131.948 -0.021845613 0.002426695 0.9997583 10.172852
0.9296074 -0.36784765 0.022634948 150.02002 0.36784786 0.9298729 0.0043053534 132.30444 -0.022631355 0.0043233847 0.9997346 10.164551
0.9330186 -0.35909668 0.021827223 150.9668 0.3591267 0.9332586 0.0026641507 132.6753 -0.021326892 0.0053550703 0.99975824 10.140015
0.9373096 -0.34793356 0.020250713 151.94678 0.34796777 0.9375139 0.0019212686 133.03076 -0.019653656 0.005247443 0.999793 10.130493
0.9420239 -0.33501476 0.018935397 152.88525 0.33498892 0.94221205 0.00461468 133.39453 -0.019386536 0.0019965894 0.9998101 10.112549
0.94755524 -0.31896332 0.019172624 153.88965 0.31887424 0.94774866 0.0076153493 133.74072 -0.020600494 -0.0010999349 0.99978715 10.0928955
0.9536169 -0.30028063 0.021416377 154.90015 0.30008772 0.9538454 0.011789041 134.06787 -0.0239675 -0.0048145885 0.999701 10.074097
0.9597369 -0.28008762 0.0225766 155.9148 0.27980015 0.95996773 0.015085041 134.38574 -0.025896097 -0.008163492 0.9996312 10.052734
0.9657446 -0.258479 0.023524363 156.96216 0.25812772 0.96597606 0.016963378 134.67578 -0.027107691 -0.0103114555 0.99957925 10.032715
0.971077 -0.23749657 0.02432321 158.04126 0.23711278 0.97131497 0.017644294 134.94458 -0.027817056 -0.011366134 0.9995483 10.01001
0.9762003 -0.21512231 0.027494442 159.12085 0.21465883 0.97650737 0.018851519 135.20264 -0.030905327 -0.012501465 0.999444 9.989746
0.9806895 -0.19307971 0.031164378 160.20996 0.19249752 0.98107994 0.020730602 135.42993 -0.034578566 -0.014330839 0.9992989 9.952637
0.9845698 -0.17137533 0.035583705 161.344 0.17061484 0.98506534 0.023439094 135.6333 -0.039068118 -0.017009754 0.9990922 9.932495
0.9882383 -0.14776915 0.039324682 162.4602 0.14685905 0.98883736 0.025117986 135.82544 -0.042597413 -0.019046001 0.99891037 9.883911
0.99115676 -0.12673643 0.03921748 163.61768 0.12579517 0.9917214 0.025612317 135.98486 -0.042139925 -0.020451179 0.9989022 9.849487
0.9938073 -0.10440826 0.03808692 164.75757 0.1034236 0.99427366 0.026975535 136.11987 -0.04068474 -0.0228708 0.9989105 9.807007
0.99575436 -0.08422852 0.037167918 165.92139 0.08328817 0.996184 0.026158778 136.2378 -0.03922866 -0.022951895 0.9989663 9.759277
0.9971829 -0.06317527 0.04045851 167.13379 0.06218562 0.99774563 0.025270596 136.31665 -0.041963294 -0.022684004 0.9988616 9.726807
0.998194 -0.043210547 0.041731294 168.31836 0.042167615 0.99878377 0.025554921 136.39062 -0.042784758 -0.02374908 0.99880195 9.677368
0.9988164 -0.020226544 0.044231918 169.53442 0.019050226 0.99945766 0.02685277 136.43579 -0.044751123 -0.025978342 0.9986602 9.638306
0.9989856 -0.00048054804 0.04502236 170.7749 -0.000775867 0.99961096 0.027877351 136.45215 -0.04501825 -0.027884003 0.99859655 9.587158
0.99874187 0.01990439 0.046029534 172.00806 -0.021250179 0.99935544 0.02893724 136.44409 -0.045423973 -0.029878879 0.998521 9.540405
0.9982217 0.038318213 0.045661353 173.2478 -0.03970422 0.9987658 0.029835558 136.41382 -0.04446156 -0.0315955 0.99851096 9.488403
0.99710745 0.06068161 0.045781888 174.53613 -0.062172696 0.997556 0.03189006 136.34424 -0.043735012 -0.034643315 0.9984429 9.439453
0.99581414 0.07981399 0.044532705 175.78247 -0.08128782 0.99616504 0.032335307 136.26318 -0.041780766 -0.035819545 0.99848497 9.397827
0.99412596 0.099475145 0.042603724 177.05664 -0.10096985 0.9942895 0.034501523 136.15039 -0.038928404 -0.03860122 0.9984963 9.351196
0.9920788 0.11855221 0.041587695 178.38281 -0.120041266 0.9921418 0.03533312 136.01074 -0.037071493 -0.040044498 0.9985095 9.302612
0.9897157 0.13749717 0.03958191 179.69019 -0.1389048 0.9896802 0.035327543 135.84326 -0.034317803 -0.040460587 0.99859184 9.268555
0.9869673 0.1570837 0.03491605 181.01367 -0.1583432 0.98669714 0.03680142 135.65552 -0.028668668 -0.04185101 0.9987118 9.227051
0.9837813 0.1768861 0.029578824 182.34253 -0.17797312 0.9832419 0.039372984 135.44385 -0.022116635 -0.04400015 0.9987864 9.200317
0.981042 0.19207458 0.025533903 183.65186 -0.19301468 0.9803045 0.041677337 135.20264 -0.017025687 -0.045816265 0.99880505 9.1727295
0.97740734 0.2101857 0.02222639 184.98535 -0.21099228 0.97648907 0.044152852 134.93066 -0.012425126 -0.04784611 0.9987779 9.16626
0.9730063 0.2298266 0.02034134 186.34692 -0.23053746 0.97198373 0.045547258 134.63013 -0.009299005 -0.049008384 0.99875456 9.161011
0.96913826 0.2456163 0.020860475 187.69092 -0.24633558 0.96811134 0.04550456 134.30737 -0.009016751 -0.049239304 0.99874616 9.144897
0.96481514 0.26212513 0.02034391 189.03711 -0.26279637 0.9638018 0.044898245 133.95093 -0.007838262 -0.048664294 0.99878454 9.147461
0.9594974 0.28128496 0.016915947 190.37231 -0.2817682 0.9584832 0.044268828 133.57959 -0.003766008 -0.047241665 0.9988765 9.151489
0.9548513 0.29678208 0.014196559 191.72534 -0.29712135 0.95371056 0.046669587 133.18262 0.00030691992 -0.048780475 0.9988099 9.152466
0.94972813 0.3127451 0.01465811 193.0586 -0.31308582 0.94849336 0.048425328 132.76147 0.0012417543 -0.050579097 0.9987191 9.158081
0.94400144 0.3295073 0.015509268 194.42041 -0.32986513 0.94263643 0.05078602 132.3086 0.0021196485 -0.053058557 0.99858886 9.170532
0.9374637 0.34776407 0.01396188 195.79126 -0.34799302 0.9358851 0.054702573 131.81812 0.0059598982 -0.05613992 0.9984049 9.176392
0.9300096 0.3673122 0.011791561 197.13818 -0.3673787 0.9283907 0.055664442 131.30103 0.009502262 -0.056101702 0.9983797 9.202148
0.92318255 0.38419366 0.00966558 198.50562 -0.384101 0.9215373 0.056563247 130.7649 0.012827808 -0.055930417 0.99835205 9.218872
0.91596997 0.4011863 0.005441708 199.86255 -0.40082347 0.9143681 0.05703751 130.17993 0.01790611 -0.05442628 0.99835753 9.256714
0.907311 0.4204951 0.0017926404 201.18848 -0.41981953 0.9055946 0.060676362 129.60352 0.023891967 -0.05580345 0.99815536 9.293457
0.89752555 0.44103217 0.0005514398 202.5249 -0.44015655 0.8956627 0.06411791 128.97949 0.027783751 -0.05779013 0.9979417 9.340332
0.88500583 0.46553707 0.0013363212 203.87451 -0.46458393 0.88300294 0.06653237 128.2976 0.029806223 -0.059500072 0.9977819 9.388062
0.87070155 0.49180293 0.0020938413 205.22998 -0.4906742 0.868397 0.07156117 127.57471 0.03337788 -0.06334083 0.9974339 9.448486
0.8566686 0.51585567 0.0022981395 206.5498 -0.5145609 0.8541856 0.07475492 126.82422 0.036597647 -0.06522282 0.9971996 9.507324
0.8428682 0.5381361 0.002547931 207.81616 -0.5366516 0.8401725 0.07834048 126.07324 0.04002093 -0.067394815 0.9969225 9.573486
0.8258551 0.56387573 0.0025596619 209.10303 -0.562231 0.8230843 0.08017648 125.27173 0.04309741 -0.06764644 0.9967778 9.647705
0.80963546 0.5869903 0.0023750346 210.3601 -0.58522475 0.8068736 0.080864735 124.38745 0.04554647 -0.06685703 0.9967219 9.724243
0.79387254 0.6080422 -0.0005732167 211.59912 -0.605908 0.791163 0.08298007 123.458984 0.050916854 -0.06553509 0.99655074 9.81311
0.77829206 0.6277455 -0.0031952825 212.77344 -0.6252659 0.7756507 0.08498998 122.59155 0.05584108 -0.064152054 0.99637705 9.903076
0.7608228 0.6488374 -0.004974276 213.96167 -0.6460762 0.7582502 0.08665398 121.607666 0.06000299 -0.062711984 0.99622613 9.997681
0.7448134 0.66726494 -0.00600194 215.15137 -0.6642706 0.7422633 0.08840069 120.58618 0.06344475 -0.061867233 0.99606687 10.106934
0.7270127 0.68665403 -0.0073257824 216.31982 -0.6834363 0.7245609 0.08954765 119.53833 0.066797 -0.060093306 0.99595463 10.217163
0.71163404 0.70252365 -0.007868956 217.40308 -0.6992059 0.7092792 0.089773245 118.50366 0.06864183 -0.058380716 0.99593157 10.326416
0.6971407 0.7169857 -0.009143593 218.47656 -0.7135183 0.6949189 0.09019099 117.44043 0.071014844 -0.056351587 0.99588186 10.44751
0.68066376 0.73249906 -0.011793556 219.56201 -0.72877276 0.6786677 0.091070384 116.322266 0.07472677 -0.053386033 0.9957728 10.567261
0.6665323 0.745483 -0.014011529 220.60132 -0.7414078 0.664649 0.093615994 115.20874 0.07907656 -0.05200868 0.9955108 10.702637
0.6503275 0.75956976 -0.014987789 221.63086 -0.75523317 0.64850336 0.095716275 114.0542 0.082420126 -0.05092714 0.99529535 10.827148
0.6342741 0.7729 -0.014171607 222.63428 -0.7684941 0.6324287 0.096611135 112.88696 0.08362931 -0.050401837 0.9952234 10.971558
0.6179624 0.786105 -0.011316282 223.61572 -0.78174627 0.6159371 0.09728159 111.68628 0.083432704 -0.0512708 0.99519384 11.11145
0.6022422 0.7983596 -0.0065363175 224.58057 -0.7941281 0.5998553 0.09822573 110.47827 0.08233717 -0.053956524 0.9951418 11.2578125
0.5839666 0.81188786 -0.0022016969 225.4978 -0.8077924 0.5812897 0.09875901 109.24292 0.08145817 -0.05588001 0.99510735 11.400024
0.5663689 0.82411444 0.0017995992 226.40015 -0.8200795 0.56337667 0.100099936 108.02368 0.081478894 -0.058177713 0.99497664 11.544189
0.5476323 0.83667904 0.0043900833 227.24683 -0.8324584 0.54432726 0.103322126 106.78833 0.08405377 -0.06024467 0.99463934 11.689819
0.52826756 0.84884775 0.0074591655 228.05371 -0.84444946 0.524593 0.10664417 105.54614 0.0866404 -0.06264065 0.99426866 11.835815
0.5097513 0.8602449 0.010136067 228.84888 -0.85591805 0.5059298 0.10681499 104.288086 0.086757824 -0.06311733 0.9942272 11.989014
0.48804885 0.8728021 0.014348092 229.59985 -0.86878633 0.48407575 0.10518213 103.02588 0.084829085 -0.06379115 0.9943509 12.133911
0.46736276 0.88393617 0.018404348 230.29663 -0.8802736 0.46328396 0.10291832 101.7522 0.0824485 -0.06428066 0.994518 12.2771
0.44525543 0.8950131 0.022064516 230.9812 -0.89163095 0.44107792 0.1011764 100.47241 0.08082862 -0.06474573 0.994625 12.419922
0.42208084 0.9061952 0.023587286 231.62549 -0.9029597 0.41799298 0.099239595 99.187256 0.0800488 -0.063187666 0.99478656 12.560669
0.4037926 0.9145393 0.025716463 232.1958 -0.9114268 0.39965063 0.098346606 97.92114 0.079674356 -0.06316135 0.99481905 12.691772
0.38029584 0.92441916 0.025719188 232.7605 -0.92125744 0.3762766 0.09767138 96.62427 0.08062737 -0.060855117 0.9948862 12.825439
0.3580103 0.9333996 0.024484865 233.30103 -0.93009526 0.3541876 0.09736016 95.331055 0.0822168 -0.057634644 0.9949471 12.96167
0.33808675 0.94082886 0.024500677 233.77881 -0.93745804 0.33434603 0.09719474 94.056885 0.083234124 -0.055813998 0.9949646 13.092529
0.31402782 0.9490472 0.024806974 234.23828 -0.9458308 0.31049758 0.094419055 92.762695 0.081893355 -0.053100616 0.9952243 13.229492
0.29467532 0.95517975 0.023924882 234.65845 -0.9518954 0.29131395 0.093856506 91.48047 0.08266031 -0.05043039 0.9953005 13.359985
0.27385533 0.9613886 0.026048431 235.05444 -0.95775384 0.27015817 0.09830293 90.21533 0.08746723 -0.05184797 0.99481535 13.491699
0.25447005 0.96675694 0.028212555 235.41797 -0.9623635 0.25019345 0.10690431 88.954346 0.096284375 -0.0543501 0.9938687 13.63147
0.23717366 0.97099465 0.030797396 235.75098 -0.9658242 0.2322595 0.11519562 87.70386 0.104678035 -0.057053775 0.99286675 13.776611
0.21570364 0.9758713 0.034908153 236.05884 -0.9703952 0.21022838 0.11918108 86.45459 0.1089851 -0.0595723 0.9922562 13.931641
0.19585413 0.9798724 0.03880346 236.34668 -0.97444606 0.19002028 0.11985214 85.20801 0.110082194 -0.0613137 0.9920326 14.083618
0.17825828 0.9829975 0.043604534 236.60645 -0.9779033 0.17207651 0.11856919 83.96753 0.10903357 -0.06378021 0.99198973 14.236816
0.15739892 0.9862709 0.04859295 236.83179 -0.9813167 0.15075018 0.11899621 82.727295 0.11000387 -0.06640655 0.9917085 14.393921
0.13813125 0.9891251 0.050157197 237.02808 -0.9844058 0.13156009 0.116611384 81.490234 0.10874536 -0.065464586 0.9919099 14.544678
0.12312638 0.99106705 0.052624244 237.20215 -0.98644626 0.11638094 0.11623737 80.28638 0.10907771 -0.06616466 0.99182373 14.693726
