1.000000000000000000e+00 4.398956837314658088e-19 2.733407509747682871e-20 -8.673617379884035472e-19 -5.583667658079949532e-19 1.000000000000000000e+00 -6.100159232558060012e-19 0.000000000000000000e+00 4.145284534913582806e-20 -2.210423569125054137e-19 1.000000000000000222e+00 0.000000000000000000e+00
9.999400614391286135e-01 -1.562377631175091135e-03 1.083662868735605841e-02 7.044610622174336811e-02 1.553591747129426685e-03 9.999984576867476660e-01 8.191298903855589401e-04 2.224183158467535337e-03 -1.083789195084858444e-02 -8.022450922659133754e-04 9.999409465002658814e-01 2.999187296155823024e-01
9.998508324239960832e-01 -3.247204497280390973e-03 1.696374335943342734e-02 8.731602811804745068e-02 3.227843078992865405e-03 9.999941076832514764e-01 1.168598174528491128e-03 -9.802434479228475106e-03 -1.696743837334862420e-02 -1.113667548216831999e-03 9.998554224291683612e-01 5.462611858323104252e-01
9.997809285398736590e-01 -6.837183443609750645e-03 1.978251459756214317e-02 8.398375650051410901e-02 6.850987952014214212e-03 9.999763331685278533e-01 -6.301227923936136106e-04 -9.223282945091310081e-03 -1.977773848542047769e-02 7.655145497954155909e-04 9.998041083266029361e-01 9.268213277269525818e-01
9.998230308051792026e-01 -7.433392006620947318e-03 1.728154470078993241e-02 7.909890515338560690e-02 7.456624439581949204e-03 9.999713793781590532e-01 -1.280298169922427934e-03 -1.326953086465106069e-02 -1.727153343360715229e-02 1.408933619317304271e-03 9.998498432362677990e-01 1.189334084705521821e+00
9.998817347339133965e-01 -1.124598120052106021e-02 1.049020900492547183e-02 8.331933513819531067e-02 1.127930882935815338e-02 9.999315088079435698e-01 -3.123278098784529333e-03 -1.445361385666256437e-02 -1.045436637401050799e-02 3.241231077877639467e-03 9.999400985216602145e-01 1.537422415925891350e+00
9.999334886364923403e-01 -1.146331553288488028e-02 -1.269140881704620754e-03 6.983664957586123434e-02 1.145758380288375462e-02 9.999245242832560665e-01 -4.435029971844995159e-03 -2.070773019371389967e-02 1.319885260360667729e-03 4.420193751390273131e-03 9.999893598390044991e-01 1.859907805898065369e+00
9.997883383255172784e-01 -1.150143017072383610e-02 -1.705859441755708250e-02 2.667583813217587821e-02 1.142097233408893853e-02 9.999232264696906736e-01 -4.806509964283759220e-03 -3.544321115206462702e-02 1.711256680103722533e-02 4.610666910061282653e-03 9.998429385840068573e-01 2.172154577634014316e+00
9.993312473068368673e-01 -6.821864674921745628e-03 -3.592381185154503581e-02 8.230507859970577142e-03 6.635507323893527140e-03 9.999639168478606788e-01 -5.304246763380133720e-03 -3.907295636183624743e-02 3.595870107944124094e-02 5.062326835540527196e-03 9.993404548677971011e-01 2.529540335576657473e+00
9.984363525124346772e-01 -4.592210737830318759e-03 -5.571141228338798851e-02 -5.284431154804646730e-02 4.270142462549633353e-03 9.999734853999637796e-01 -5.898675574291515310e-03 -5.014848886513899318e-02 5.573702403918217446e-02 5.651556461568739247e-03 9.984294888429926518e-01 2.880380860017052846e+00
9.971355536268680098e-01 -3.678786233318579162e-03 -7.554570819778733126e-02 -1.000270931098068694e-01 3.223850898895696919e-03 9.999759345432867041e-01 -6.143054183303593013e-03 -5.774336815438754766e-02 7.556649044229253598e-02 5.881909621772435891e-03 9.971234170675077335e-01 3.213516190412514462e+00
9.953164998280203957e-01 -3.841223429046226011e-03 -9.659352919828274875e-02 -1.460438544520858417e-01 3.284653452658437434e-03 9.999770801024683298e-01 -5.920330763019393885e-03 -6.018095539274836980e-02 9.661405826576972833e-02 5.575326588725974461e-03 9.953063044980818841e-01 3.604875497267466145e+00
9.932495832814861592e-01 -4.688444215181848847e-03 -1.159020423291229895e-01 -2.107227108823901962e-01 4.099160859540955035e-03 9.999774355146225924e-01 -5.322155129890428563e-03 -7.137195484925926148e-02 1.159243816898127555e-01 4.811127190427121232e-03 9.932463899645170846e-01 4.004658904887864246e+00
9.910703533959227540e-01 -4.755070397811305728e-03 -1.332551816653970989e-01 -2.999639799321956457e-01 4.163029205127546407e-03 9.999801896339022278e-01 -4.721177901813633331e-03 -8.049441767661705271e-02 1.332749936690144910e-01 4.124274157458160915e-03 9.910705156125444448e-01 4.392943790002203031e+00
9.887778895857908257e-01 -3.728614881134475600e-03 -1.493465162310750327e-01 -3.720879877143550285e-01 3.184880937584403954e-03 9.999874019299942463e-01 -3.879756379373620456e-03 -8.410689447057871637e-02 1.493591034539448470e-01 3.360566348756063686e-03 9.887773082961496263e-01 4.814166157005232094e+00
9.866448150467673761e-01 -3.207298288383578656e-03 -1.628549093512965118e-01 -4.571158297284197980e-01 2.596146592477665150e-03 9.999887676777995393e-01 -3.965417636575538536e-03 -8.324060437824466752e-02 1.628658012067307204e-01 3.489663417680992277e-03 9.866420595787490644e-01 5.222508213886883688e+00
9.845195952492596936e-01 -3.855138184969790060e-03 -1.752321423501524422e-01 -5.353676432686914621e-01 3.053035799009981392e-03 9.999835939939656360e-01 -4.846721627134308041e-03 -9.207658067164951887e-02 1.752479553029854253e-01 4.236702292026744976e-03 9.845152133348606949e-01 5.671387595917927626e+00
9.827716097819769736e-01 -7.104191913900850114e-03 -1.846875540758923240e-01 -6.410206036857261092e-01 5.943039495461589945e-03 9.999589469758197735e-01 -6.839929444615927209e-03 -1.115099888580042276e-01 1.847285674587026694e-01 5.624482930458858491e-03 9.827734847865172707e-01 6.112105166296515790e+00
9.811937170685888221e-01 -6.446405401190719205e-03 -1.929179425128767777e-01 -7.340068814242947104e-01 4.905108371002371223e-03 9.999521325765006186e-01 -8.465958880174432460e-03 -1.203533400457731661e-01 1.929632863659107300e-01 7.360462143064555769e-03 9.811783704397752937e-01 6.552394489434264280e+00
9.796402442449063663e-01 -6.495759898651073949e-03 -2.006559144333608102e-01 -8.519645755324946057e-01 4.495149573412269423e-03 9.999355609673211687e-01 -1.042437222362674332e-02 -1.160740290888564175e-01 2.007107020465154490e-01 9.310156109647813386e-03 9.796063168672731747e-01 7.031802775417859586e+00
9.780852704503213424e-01 -6.870305801069702054e-03 -2.080913299551057083e-01 -9.448554723498463481e-01 4.268216113458244559e-03 9.999070228301335517e-01 -1.295098527309386342e-02 -1.303233021830122462e-01 2.081609630352202756e-01 1.177898908863248516e-02 9.780236550895793357e-01 7.508027200495430264e+00
9.763017580961901309e-01 -1.055506046292471398e-02 -2.161561166130404887e-01 -1.063308514029928098e+00 7.547966072415082314e-03 9.998629813132084987e-01 -1.473250810549354278e-02 -1.411413669638334756e-01 2.162820054334857744e-01 1.275183445700190168e-02 9.762476560503930978e-01 8.011929568158910442e+00
9.744185878593079053e-01 -1.604643834299273458e-02 -2.241671838160710362e-01 -1.177977462793485586e+00 1.281413906828907968e-02 9.997920031690490372e-01 -1.586657548195004666e-02 -1.551062890726288002e-01 2.243751636521590653e-01 1.258817652934963310e-02 9.744215334854398058e-01 8.535289032970705847e+00
9.724117051940824874e-01 -1.726088483747151292e-02 -2.326317610070644248e-01 -1.319937381229834950e+00 1.334864403583547847e-02 9.997419391315970350e-01 -1.838120836529686872e-02 -1.772482241425938354e-01 2.328890077937458836e-01 1.476878353616892584e-02 9.723911735158095038e-01 9.052369028147365881e+00
9.703965319109069121e-01 -1.306170772259031623e-02 -2.411637645509506767e-01 -1.450888647382122754e+00 7.979664007228831277e-03 9.997252958479443397e-01 -2.203764483225261264e-02 -1.791861095353985689e-01 2.413853693014824386e-01 1.946084827266205200e-02 9.702341883278915446e-01 9.569946888778163796e+00
9.682244218791968837e-01 -9.708485341120133214e-03 -2.498944032669650206e-01 -1.609749186487509087e+00 3.521293338746650081e-03 9.996763688155216876e-01 -2.519440648167018196e-02 -2.022945806736782259e-01 2.500581334793999244e-01 2.351388814759265353e-02 9.679452610333794116e-01 1.010858071799705726e+01
9.658833928135652780e-01 -1.310588411066425374e-02 -2.586455215170042066e-01 -1.777286067497793054e+00 6.272151046552351498e-03 9.996095507656459489e-01 -2.722877387514596043e-02 -2.188343560476225247e-01 2.589013951865170027e-01 2.467755671425173741e-02 9.655884668250390712e-01 1.067600947961513214e+01
9.635457228835363486e-01 -1.456866555980661226e-02 -2.671467617675467032e-01 -1.932188075830095331e+00 7.104023997162667650e-03 9.995574285557989880e-01 -2.888736483923391024e-02 -2.513742678925623975e-01 2.674493852040104036e-01 2.593647983483248626e-02 9.632227815807460347e-01 1.122528604550456421e+01
9.614627492778592410e-01 -1.465236334846220512e-02 -2.745445106846142180e-01 -2.110583002781778905e+00 6.210465732548531466e-03 9.994815275351635053e-01 -3.159281907939835710e-02 -2.672239706448085172e-01 2.748650811129111360e-01 2.867026943736666195e-02 9.610552556962944637e-01 1.180718570264108358e+01
9.591137651710496259e-01 -1.377432935001771802e-02 -2.826854286447408326e-01 -2.289289533221040784e+00 3.946756585575483985e-03 9.993687861818257856e-01 -3.530513144741422027e-02 -2.947647438231475459e-01 2.829933030740209299e-01 3.274594702832663018e-02 9.585627236243760008e-01 1.239579987456919241e+01
9.568237573143318908e-01 -1.545109301214893892e-02 -2.902577463898377008e-01 -2.486916188163187602e+00 3.745449416965387652e-03 9.991586464448389826e-01 -4.084079858931916746e-02 -3.359779266548232335e-01 2.906445769778981947e-01 3.799030074658993339e-02 9.560766019313510222e-01 1.298483796785842337e+01
9.549423554839078232e-01 -1.634155720156942049e-02 -2.963411029857340728e-01 -2.686651209104254701e+00 2.382462667505830679e-03 9.988729138666935237e-01 -4.740491324634223819e-02 -3.630796522614921917e-01 2.967817762363220702e-01 4.456293805343917308e-02 9.539049867536794070e-01 1.358808483517317711e+01
9.537075081970889379e-01 -1.643075522119036985e-02 -3.002865583965375618e-01 -2.891641258701853179e+00 -2.727858989961793094e-04 9.984587083094902393e-01 -5.549894929343444222e-02 -3.985291095845235887e-01 3.007356240272812675e-01 5.301167880235123364e-02 9.522330850717826145e-01 1.421002022062834769e+01
9.524085412002215589e-01 -1.676205758317248287e-02 -3.043632732271659425e-01 -3.099652060308077939e+00 -2.993506491360836512e-03 9.979244829359350533e-01 -6.432546352170567805e-02 -4.423625185819062833e-01 3.048097944020132788e-01 6.217523461505912452e-02 9.503816241072349236e-01 1.484638489451666565e+01
9.509997097541292854e-01 -1.601488604135743385e-02 -3.087767371977365727e-01 -3.324829368276146724e+00 -6.845615643539216914e-03 9.973223010085774387e-01 -7.281047615342452206e-02 -4.939703666989360697e-01 3.091159828018907318e-01 7.135650893769933389e-02 9.483435874547463396e-01 1.548708060140055665e+01
9.498329783774475121e-01 -1.541937484084889877e-02 -3.123772622712125968e-01 -3.568758378430416656e+00 -1.011654746875108660e-02 9.967465928906864558e-01 -7.996177215866630272e-02 -5.426067613852650906e-01 3.125939377392013552e-01 7.911050806169403482e-02 9.465867945975025011e-01 1.613149721148866078e+01
9.481474012013629826e-01 -1.329489502877449769e-02 -3.175527502847864114e-01 -3.785805555322647731e+00 -1.500826771011816267e-02 9.961373529869319565e-01 -8.651662190116780893e-02 -6.089548130466194698e-01 3.174763909213054180e-01 8.679642742344359507e-02 9.442855095580432456e-01 1.678709091627388261e+01
9.465768006544721391e-01 -1.259577505034579527e-02 -3.222323768762838658e-01 -4.047482100469032673e+00 -1.821933705554576108e-02 9.955519633057520190e-01 -9.243562135227305354e-02 -6.782812565113841563e-01 3.219633792164009467e-01 9.336827558535565341e-02 9.421369060728898015e-01 1.746245090267419897e+01
9.449341696831597970e-01 -1.132393959359772814e-02 -3.270644907186626149e-01 -4.285850895818207995e+00 -2.198949371989900384e-02 9.949455525324035765e-01 -9.797861828815353225e-02 -7.569149006629228849e-01 3.265208699422905148e-01 9.977532751212007944e-02 9.399090423016878137e-01 1.814303436512409817e+01
9.430206618781096228e-01 -7.571264680365175082e-03 -3.326480195008441054e-01 -4.538023985865267562e+00 -2.759708370884200040e-02 9.945167394099430069e-01 -1.008704911887608746e-01 -8.270894719101228310e-01 3.315877465506097965e-01 1.043030732676648725e-01 9.376408894668617489e-01 1.883504812013251595e+01
9.414354623262964905e-01 -6.802292538020701489e-03 -3.371246011315460200e-01 -4.810026554612270466e+00 -2.949493338927229938e-02 9.943030134595124414e-01 -1.024283472495742114e-01 -9.096957456752217119e-01 3.359007601092717232e-01 1.063731467802642300e-01 9.358714844539763877e-01 1.950946880083435175e+01
9.391815909613413504e-01 -6.629052536811297532e-03 -3.433569460172605226e-01 -5.088812094312444856e+00 -3.015435684945904846e-02 9.943601762527587429e-01 -1.016786833068386159e-01 -1.000250829680810138e+00 3.420945125112163643e-01 1.058484560992604406e-01 9.336848779653496022e-01 2.023467218560799452e+01
9.369294365439608807e-01 -6.441338147932262372e-03 -3.494592072564667862e-01 -5.366985942877365190e+00 -3.051853659756991258e-02 9.945038186095641608e-01 -1.001537502629283455e-01 -1.086231611697951349e+00 3.481836461621698464e-01 1.045019810570641527e-01 9.315833226649866683e-01 2.095891771630593681e+01
9.344496820888089639e-01 -6.160195682332532743e-03 -3.560419090233750694e-01 -5.640767776153251312e+00 -3.092640042021429017e-02 9.946684990089393885e-01 -9.837751184574711205e-02 -1.165583879474123119e+00 3.547497019965989984e-01 1.029399299428517267e-01 9.292771504822160411e-01 2.167394612616065075e+01
9.315335138129819947e-01 -5.846409852835365156e-03 -3.636084836462806780e-01 -5.936948265874163688e+00 -3.084604894373640244e-02 9.949970293214488448e-01 -9.502332824944144385e-02 -1.253188908915547684e+00 3.623449125617016486e-01 9.973330053397592987e-02 9.266927408020567691e-01 2.238104866749373301e+01
9.279671090374695952e-01 -2.777805800192155537e-03 -3.726517482233787648e-01 -6.258656207275842043e+00 -3.292754290421024549e-02 9.954499711201503231e-01 -8.941550164277647927e-02 -1.335964465099376719e+00 3.712045572386829528e-01 9.524515153196125294e-02 9.236533660750003705e-01 2.317470944979821112e+01
9.244569159530481306e-01 -1.505323916120828646e-04 -3.812864866142031128e-01 -6.584295440989261117e+00 -3.461918747371859478e-02 9.958363215677148439e-01 -8.432990297092238241e-02 -1.412314484010965376e+00 3.797116331593254901e-01 9.115919087892877803e-02 9.206025638372997699e-01 2.392093865846146983e+01
9.207891665422616168e-01 3.488628235620473781e-03 -3.900450449718944612e-01 -6.901575560341066229e+00 -3.775920786162326181e-02 9.960609223589144134e-01 -8.023017645663119146e-02 -1.484707235280738669e+00 3.882287406310348521e-01 8.860286970048920907e-02 9.172938348915804507e-01 2.465784689903938798e+01
9.171974686155485168e-01 4.117376560210309414e-03 -3.984116558374302675e-01 -7.246776317098486686e+00 -3.843242735395823589e-02 9.961980772151531882e-01 -7.818145258175661361e-02 -1.558635134163549596e+00 3.965750297848169570e-01 8.701975785923626860e-02 9.138685959777701484e-01 2.539430476505805245e+01
9.131752375788877440e-01 4.201177730082292748e-03 -4.075454970589497128e-01 -7.618985685706763711e+00 -3.916736898960987423e-02 9.962233517277123696e-01 -7.749161715191585365e-02 -1.637903291694589925e+00 4.056807919430150400e-01 8.672591119429175210e-02 9.098910455276607578e-01 2.617372844964508971e+01
9.092757058227677325e-01 3.614785694614322791e-03 -4.161785921795848053e-01 -7.969206112171832501e+00 -3.896473661085700368e-02 9.963096717635961941e-01 -7.647736463684530472e-02 -1.709771615626174857e+00 4.143663143748420596e-01 8.575529934871142790e-02 9.060610297494842147e-01 2.692277878750069320e+01
9.053300839889012464e-01 4.334342958278158790e-03 -4.246865300735639392e-01 -8.337227699800179082e+00 -3.992135704272436331e-02 9.963890971867994661e-01 -7.493365274695791556e-02 -1.783611339246750749e+00 4.228282473736766356e-01 8.479375312826410716e-02 9.022340584728075763e-01 2.770704634484705053e+01
9.015889432132863091e-01 5.047251941588403595e-03 -4.325643292363882675e-01 -8.743014569292251181e+00 -4.034496717386895637e-02 9.965547968252347344e-01 -7.246254623610970391e-02 -1.855801934725000324e+00 4.307083278836301710e-01 8.278322451627083411e-02 8.986864179275060316e-01 2.849101947126138512e+01
8.976750237536618160e-01 6.235273394766489841e-03 -4.406139684207640017e-01 -9.124287280919199716e+00 -4.033378794953509233e-02 9.968651772838227343e-01 -6.806617318247275283e-02 -1.926383834140249718e+00 4.388083180636737080e-01 7.887293432350907241e-02 8.951124644943890818e-01 2.927707356546269679e+01
8.939021976044045914e-01 7.092159666157255016e-03 -4.482059329558386040e-01 -9.542461688114178386e+00 -3.936445067981559492e-02 9.972540177644113601e-01 -6.272849544755566831e-02 -1.982380966973571246e+00 4.465302945784829780e-01 7.371652054571410650e-02 8.917267376327011608e-01 3.007564013668692127e+01
8.900496421833848926e-01 7.434777333712056305e-03 -4.558029775640555781e-01 -9.960378305127859377e+00 -3.822457384186766366e-02 9.975629571074425828e-01 -5.836975782172378752e-02 -2.059913738591448773e+00 4.542582078006569546e-01 6.937485686039536470e-02 8.881647448496245989e-01 3.088326320502813971e+01
8.863596358338216019e-01 6.117488544501771715e-03 -4.629569828843323465e-01 -1.039439509287753971e+01 -3.635526678694987746e-02 9.977449826529094512e-01 -5.642024664183220573e-02 -2.123624934890839810e+00 4.615678645695544535e-01 6.683955408560542100e-02 8.845832830435402805e-01 3.169593030626721841e+01
8.833272816287526252e-01 6.164835675443235651e-03 -4.687162296488767144e-01 -1.085505000187008129e+01 -3.633713506269570931e-02 9.978052519907009144e-01 -5.535604555343621308e-02 -2.184573711512217908e+00 4.673462627384815105e-01 6.592931036469171224e-02 8.816126139469081524e-01 3.251054750352118106e+01
8.800894730472348382e-01 6.258475126727271361e-03 -4.747666231118594093e-01 -1.129567250810289636e+01 -3.589651239767532864e-02 9.979284587724618349e-01 -5.338756066880333967e-02 -2.242064302948715948e+00 4.734490078916891997e-01 6.402829626740796920e-02 8.784909895033048421e-01 3.333931225048828395e+01
8.771592944089929844e-01 4.845848151219848098e-03 -4.801750570326472900e-01 -1.177328531045788296e+01 -3.399396244882114254e-02 9.980669791135362567e-01 -5.202610672453739094e-02 -2.300105118340320942e+00 4.789947662369328230e-01 6.195823605870790646e-02 8.756284574137147558e-01 3.418588887281055833e+01
8.747057381773107876e-01 3.702508755250355499e-03 -4.846402360109114960e-01 -1.225515343204059171e+01 -3.292406774936181002e-02 9.981147149964473275e-01 -5.179789116004562821e-02 -2.360951526424022617e+00 4.835347772074602424e-01 6.126424071388968107e-02 8.731785708836091731e-01 3.501103349106028872e+01
8.725361400620776919e-01 3.364229534507870521e-03 -4.885379836910219709e-01 -1.273073154794011330e+01 -3.301125633517349584e-02 9.980968741197664418e-01 -5.208538072980256617e-02 -2.419153134999594723e+00 4.874330156129434988e-01 6.157362979066576675e-02 8.709866520693362313e-01 3.585289482294668062e+01
8.708910063295050019e-01 3.659318315788212799e-03 -4.914625720184613300e-01 -1.321695246272542335e+01 -3.386129914491557702e-02 9.980428648792168955e-01 -5.257235341788200900e-02 -2.477560251332480146e+00 4.903083428096617347e-01 6.242635107392364296e-02 8.693104649040481746e-01 3.670656823597636986e+01
8.702782067874098582e-01 3.985923924115745455e-03 -4.925443638827664006e-01 -1.370987558158531883e+01 -3.386368518661907884e-02 9.980854079400469647e-01 -5.175682895332114203e-02 -2.539607063970979350e+00 4.913950520184568460e-01 6.172220769289320230e-02 8.687469577946185240e-01 3.758837766370151456e+01
8.701300247027922152e-01 3.334474750628995190e-03 -4.928109339051064963e-01 -1.422887988703203987e+01 -3.236993465899517392e-02 9.982044125428812809e-01 -5.039978341153990987e-02 -2.596689422551502258e+00 4.917580004232167679e-01 5.980662262060593842e-02 8.686755675538896382e-01 3.847114804905476149e+01
8.700640830430288464e-01 1.997512444304059154e-03 -4.929345763181480766e-01 -1.475442939094216754e+01 -3.048999359738220963e-02 9.982951209290641392e-01 -4.977159705447545268e-02 -2.656348105711282326e+00 4.919947715518201425e-01 5.833405112181737351e-02 8.686416338193037046e-01 3.936882008482748319e+01
8.695236552164055110e-01 1.565467933613003820e-03 -4.938888108676321997e-01 -1.526241587091488938e+01 -3.032248939437133528e-02 9.982777402634624986e-01 -5.022051358155382728e-02 -2.723777130936874791e+00 4.929595959278110784e-01 5.864386286128569353e-02 8.680735792013315466e-01 4.026494162936910470e+01
8.682483294384882866e-01 -6.763536851283915002e-04 -4.961293945203136824e-01 -1.580176129610342706e+01 -2.819492768647807734e-02 9.983156906962468158e-01 -5.070333135017442150e-02 -2.784648444097439945e+00 4.953280610691455643e-01 5.801141523257841853e-02 8.667668616407141480e-01 4.118168706701760584e+01
8.667680385648705021e-01 -1.625316371810955635e-03 -4.987088536993166676e-01 -1.633646348539125981e+01 -2.635505413135035696e-02 9.984480737152324759e-01 -4.905971117336826309e-02 -2.845846058256471078e+00 4.980146404404079963e-01 5.566688852730811155e-02 8.653800438508927328e-01 4.209057719280724541e+01
8.648724534101560613e-01 -1.501021537458530107e-03 -5.019894234901176588e-01 -1.688715113659886669e+01 -2.470778517357848439e-02 9.986562345629426130e-01 -4.555491809981863927e-02 -2.908738889882511724e+00 5.013832549963043173e-01 5.180224064434917758e-02 8.636731814763829451e-01 4.303645425349824905e+01
8.618087420370597052e-01 -1.361141063357360547e-03 -5.072315392173500914e-01 -1.742627054918391494e+01 -2.255036931168685407e-02 9.989048620351296259e-01 -4.099460314198877936e-02 -2.974969069123243770e+00 5.067318588671757551e-01 4.676776587645785355e-02 8.608342490342504316e-01 4.393876622469258564e+01
8.580012338812647021e-01 -2.883328534412585471e-03 -5.136395271900282555e-01 -1.797101660911030763e+01 -2.004452288571026419e-02 9.990345827633784204e-01 -3.909117011142784759e-02 -3.038327074697239727e+00 5.132563722669939432e-01 4.383593139219015000e-02 8.571151104685442723e-01 4.482832186856924039e+01
8.527906993412385228e-01 -5.415699414381711617e-03 -5.222247485299293945e-01 -1.853046119016925175e+01 -1.857930240083498219e-02 9.989986595790515400e-01 -4.069997190540144971e-02 -3.102589894779303581e+00 5.219222515877421920e-01 4.441112897306856433e-02 8.518361463504365849e-01 4.573757114445739802e+01
8.469547125986702785e-01 -8.166031424088619067e-03 -5.316023186777337761e-01 -1.910375864416929659e+01 -1.799982689337157465e-02 9.988684251536401604e-01 -4.402130724266625078e-02 -3.160715032675272873e+00 5.313602593983608458e-01 4.685280329705495544e-02 8.458493335346423114e-01 4.662532093884157547e+01
8.407512367513765295e-01 -8.558164183148642135e-03 -5.413539600160465204e-01 -1.969621416950468173e+01 -1.800522544086833113e-02 9.988800649737125115e-01 -4.375417332732754738e-02 -3.220079281222145262e+00 5.411221434774025063e-01 4.653357538115333175e-02 8.396555590680236936e-01 4.753280867570379797e+01
8.349350926608889445e-01 -5.312340773769846404e-03 -5.503227818263201065e-01 -2.029009574657150239e+01 -1.926333696549184862e-02 9.990585853732836252e-01 -3.886987104238669166e-02 -3.269936751060859237e+00 5.500111993918120890e-01 4.305487247450561633e-02 8.340467399058741904e-01 4.840329249774122644e+01
8.297890353832196864e-01 -1.833130180689009851e-03 -5.580741799717306995e-01 -2.088267107744392703e+01 -2.058071477042018940e-02 9.992138724048137410e-01 -3.388320251042371833e-02 -3.336222396566890680e+00 5.576975843970283231e-01 3.960147531270256926e-02 8.290989889706399385e-01 4.928377841840013218e+01
8.256529246678003808e-01 -1.446295447836711944e-03 -5.641765238412661532e-01 -2.150116347239220005e+01 -2.226865377222337836e-02 9.991338912491612989e-01 -3.515073909345572262e-02 -3.382293025147042442e+00 5.637387336906304336e-01 4.158576209254236100e-02 8.249056131758976118e-01 5.016964594679334510e+01
8.222536670487282651e-01 -3.029239399359248772e-03 -5.691131034095808783e-01 -2.212583627901758021e+01 -2.360086769526901010e-02 9.989441469270208263e-01 -3.941561121867512285e-02 -3.437958959057812347e+00 5.686316127131761933e-01 4.584119383674708365e-02 8.213139960992178468e-01 5.104882804695728993e+01
8.194512812762031473e-01 -5.252875223102387858e-03 -5.731247670244243864e-01 -2.273822274091606843e+01 -2.582301852405488943e-02 9.986041971190446898e-01 -4.607417124064400182e-02 -3.511197675427164100e+00 5.725668295577025502e-01 5.255535010828537440e-02 8.181718445168703058e-01 5.189806981229271088e+01
8.160254559401728391e-01 -6.184866904513981745e-03 -5.779828684664086724e-01 -2.336138078850372324e+01 -2.632149723554819132e-02 9.985078164163230241e-01 -4.784683253706485673e-02 -3.568866597157323906e+00 5.774163481534545506e-01 5.425760779899170549e-02 8.146450019943434206e-01 5.276834205266442979e+01
8.131201332035570273e-01 -4.759863582395160338e-03 -5.820764435647053370e-01 -2.398899812209401006e+01 -2.579945190342012445e-02 9.986892189804639219e-01 -4.420669881014695907e-02 -3.629877139750794512e+00 5.815238966846596469e-01 5.096260998818527566e-02 8.119315097017948402e-01 5.360547213043969350e+01
8.097218224687705579e-01 -2.973317119954885929e-03 -5.868063760540416229e-01 -2.463474096663945900e+01 -2.435709606814895692e-02 9.989550776012012800e-01 -3.867149921398452955e-02 -3.691277703822072098e+00 5.863082016650830175e-01 4.560605599487085188e-02 8.088033054437757663e-01 5.448779297148803380e+01
8.068435444811760116e-01 -1.898853148014327617e-03 -5.907621199569945691e-01 -2.528808961192432392e+01 -2.399764005526948754e-02 9.990641073104786773e-01 -3.598642524083278671e-02 -3.748879338423593222e+00 5.902775731220707423e-01 4.321231148018391671e-02 8.060428583328749230e-01 5.536828427330661384e+01
8.038485402496361454e-01 -9.992249333085957176e-04 -5.948331859365860730e-01 -2.592463514179308248e+01 -2.566637948921860965e-02 9.990089815145568597e-01 -3.636333134855718185e-02 -3.799439944422533522e+00 5.942800406463674134e-01 4.449782498662000624e-02 8.030262658268427778e-01 5.620827334568220124e+01
7.999520874294242523e-01 -2.141143129910155415e-03 -6.000600523427319644e-01 -2.658556134538735094e+01 -2.552079218341648387e-02 9.989674273668435189e-01 -3.758680985576060701e-02 -3.853903259922169422e+00 5.995209358294903979e-01 4.538165478226406646e-02 7.990714359608066530e-01 5.706923946174178752e+01
7.961554214505283111e-01 -4.478795576808848773e-03 -6.050755971572542302e-01 -2.724177423637509321e+01 -2.486849925844500375e-02 9.988855256082649348e-01 -4.011563935633175731e-02 -3.916302083791952882e+00 6.045809360687438572e-01 4.698560569473708703e-02 7.951567465371915944e-01 5.792864101587976933e+01
7.920841602024168981e-01 -5.064076914428639400e-03 -6.103908839079372761e-01 -2.790381005253151514e+01 -2.486007642487600769e-02 9.988683117561362179e-01 -4.054716285259823277e-02 -3.966907597362608229e+00 6.099054561851751100e-01 4.729112935544241281e-02 7.910618753786359258e-01 5.876292873658960758e+01
7.875594977172578615e-01 -5.632866855175344863e-03 -6.162128699704795265e-01 -2.857684410441546063e+01 -2.390592979938675755e-02 9.989262431179977142e-01 -3.968459870809048357e-02 -4.026470455611569577e+00 6.157747558376291952e-01 4.598512411584362858e-02 7.865791922230105371e-01 5.961972903513978395e+01
7.827775748119654153e-01 -5.549196520075673662e-03 -6.222768414521601121e-01 -2.925617637287131245e+01 -2.393585452254702595e-02 9.989517964586702714e-01 -3.901773013250341149e-02 -4.087948907146342847e+00 6.218410964374312400e-01 4.543693198652688781e-02 7.818242406900196562e-01 6.043591672736646103e+01
7.772037471413926202e-01 -6.422148635009236085e-03 -6.292162457394109287e-01 -2.995692605039007717e+01 -2.378127479063835495e-02 9.989337577034322901e-01 -3.957017479915018315e-02 -4.144845573752262702e+00 6.287994851507066052e-01 4.571765243793363825e-02 7.762223336260415385e-01 6.129221854158300431e+01
7.719082209646691561e-01 -7.788290010783479808e-03 -6.356862695304017485e-01 -3.065190029096651259e+01 -2.334952781713824782e-02 9.989029644494645810e-01 -4.059146717104464286e-02 -4.207477827866575204e+00 6.353050481663795601e-01 4.617586130976147202e-02 7.708795581935583563e-01 6.212721553580375655e+01
7.664072340817269513e-01 -8.571099063433847143e-03 -6.422978125324393384e-01 -3.134107586454948446e+01 -2.340921289861760610e-02 9.988740976839753927e-01 -4.126191669801916595e-02 -4.273482463813201626e+00 6.419283189818490998e-01 4.665911755281185180e-02 7.653436926115695371e-01 6.294127582613275251e+01
7.607998233167762026e-01 -1.036519640295613734e-02 -6.489038322993770924e-01 -3.206940967971831213e+01 -2.249126930711994876e-02 9.988507223561560178e-01 -4.232466530275096062e-02 -4.319703761007361642e+00 6.485967762844184747e-01 4.679526859335950140e-02 7.596923275663363118e-01 6.377742289883616422e+01
7.547563204355589583e-01 -1.231156381723593971e-02 -6.558897117879750605e-01 -3.279088470927610643e+01 -2.127810738637906512e-02 9.988383364125189567e-01 -4.323447576797627423e-02 -4.395692416959773752e+00 6.556600839064635755e-01 4.658758542362172184e-02 7.536175816351398105e-01 6.457879726969515843e+01
7.486410375040911669e-01 -1.269123544252439770e-02 -6.628540723399301005e-01 -3.353900577900913049e+01 -2.144310226311126749e-02 9.988301378956349064e-01 -4.334223152122328171e-02 -4.458324704404955874e+00 6.626287023719386049e-01 4.666142068361491674e-02 7.474930921863164324e-01 6.543161390109908382e+01
7.422951732172393680e-01 -1.291384637211081231e-02 -6.699485800679063630e-01 -3.428913806088221605e+01 -2.052861879547182231e-02 9.989066788632171567e-01 -4.200027104679186774e-02 -4.510862175574724020e+00 6.697585077249690322e-01 4.492971731406213837e-02 7.412185037167969837e-01 6.624492666247662953e+01
7.361579783919348641e-01 -1.348705137385181746e-02 -6.766753443729586204e-01 -3.503716903212686162e+01 -1.946953542530457590e-02 9.989656688870379719e-01 -4.109172190001577490e-02 -4.581066286827119249e+00 6.765296558463108623e-01 4.342455332164016357e-02 7.351339616075783789e-01 6.704335325892931507e+01
7.297283903006074324e-01 -1.454681886075553064e-02 -6.835823708044627134e-01 -3.579480350788801957e+01 -1.911477590343629504e-02 9.989488556021829391e-01 -4.166304436159196101e-02 -4.636808002436521470e+00 6.834699035757175745e-01 4.346922993226603332e-02 7.286832821594970699e-01 6.784134728697486594e+01
7.231023029949595893e-01 -1.698141524698974433e-02 -6.905321730375476585e-01 -3.658430892200242113e+01 -1.781497240992617817e-02 9.989067255041348403e-01 -4.322014031845512749e-02 -4.708629574019030706e+00 6.905111828871725033e-01 4.355439441333730510e-02 7.220092312056518580e-01 6.864154641178447491e+01
7.171979050535567390e-01 -1.594129107193655026e-02 -6.966871831293011130e-01 -3.736500053202168914e+01 -1.977878079784130966e-02 9.988699163848498985e-01 -4.321677919893587155e-02 -4.767004595492309704e+00 6.965888116322389578e-01 4.477460639236757745e-02 7.160721131195147970e-01 6.944470875638707241e+01
7.116858650745747639e-01 -1.609577772387675229e-02 -7.023134244529647408e-01 -3.818554263532698911e+01 -1.912094580222899881e-02 9.989232527340148327e-01 -4.226966537408838320e-02 -4.832091121146282475e+00 7.022375856478016987e-01 4.351162008511690743e-02 7.106117937487873570e-01 7.025714493541379113e+01
7.068547969527138042e-01 -1.587876863154775650e-02 -7.071804235036582842e-01 -3.898062246076177928e+01 -1.971455006138392307e-02 9.989174117701525857e-01 -4.213479573467187461e-02 -4.892113733071767001e+00 7.070838991734114121e-01 4.372492613490434193e-02 7.057765224742084120e-01 7.105135798154569216e+01
7.022224296770872565e-01 -1.602309145493442319e-02 -7.117772898462467746e-01 -3.981242271162170709e+01 -2.069147797708580788e-02 9.988651016152939599e-01 -4.289955185389700276e-02 -4.960295013819321142e+00 7.116568906702681607e-01 4.485275144870334851e-02 7.010939381222042188e-01 7.184150248894601987e+01
6.969480933808454015e-01 -1.810561660119412372e-02 -7.168929712292244627e-01 -4.065093889003403405e+01 -2.070460307884054371e-02 9.987564462944649168e-01 -4.535284368475136357e-02 -5.027221672853812606e+00 7.168226298836022359e-01 4.645156216308922448e-02 6.957065323885496255e-01 7.261806904371329097e+01
6.917208014421470930e-01 -2.046389898280429748e-02 -7.218750251852894539e-01 -4.148822519686959964e+01 -2.027602963819490067e-02 9.986540218599269103e-01 -4.773915873116148928e-02 -5.089523737913244972e+00 7.218803389554443450e-01 4.765892836033606972e-02 6.903748347457741019e-01 7.341478048464767880e+01
6.868392100698339497e-01 -2.055701681773453027e-02 -7.265186155561956793e-01 -4.233963734398562906e+01 -2.179697352707992558e-02 9.985677106313634033e-01 -4.886122453904237495e-02 -5.159703036245070429e+00 7.264824842115810144e-01 4.939571172484652495e-02 6.854073778297977704e-01 7.420732696729244537e+01
6.818967288264152771e-01 -2.057830575908231596e-02 -7.311589256862679465e-01 -4.319985219326098758e+01 -2.078076278353100520e-02 9.986556407172896277e-01 -4.748758989698914634e-02 -5.239290455430666071e+00 7.311532121547519303e-01 4.757567221103763122e-02 6.805523827554562644e-01 7.499638076414017007e+01
6.771065718221409568e-01 -2.096880880347005982e-02 -7.355861536242896959e-01 -4.405070418337350446e+01 -1.989918518920744117e-02 9.987066829843598281e-01 -4.678657737211242007e-02 -5.298201894480868646e+00 7.356158790220912458e-01 4.631706389907321031e-02 6.758135971850273149e-01 7.576272074342359986e+01
6.719287605502329841e-01 -2.142491955479242094e-02 -7.403058174829140192e-01 -4.492353885050847850e+01 -1.974096311197647696e-02 9.987082158173105073e-01 -4.682087210907857205e-02 -5.372377815134459667e+00 7.403526483294859961e-01 4.607464018666450334e-02 6.706378260887169152e-01 7.654139687590050301e+01
6.671418431223411494e-01 -2.243505428135162197e-02 -7.445927875137683394e-01 -4.580362360052754411e+01 -1.876206233842784427e-02 9.987232486789765495e-01 -4.690263951345086113e-02 -5.440164648703523120e+00 7.446944038016818368e-01 4.526080944611772516e-02 6.658691420418326734e-01 7.731737372522725593e+01
6.627099146001594887e-01 -2.339073255816601429e-02 -7.485108097709779473e-01 -4.670992333535191676e+01 -1.766659051796395236e-02 9.987456048775736894e-01 -4.685198334350750698e-02 -5.508007746921840031e+00 7.486677965937471591e-01 4.427290762103257282e-02 6.614653810633321918e-01 7.809301219301018193e+01
6.586284413862959486e-01 -2.359377516442026645e-02 -7.520983310054707438e-01 -4.757943974113432262e+01 -1.718788657220400584e-02 9.987758016241355952e-01 -4.638399153272249748e-02 -5.581266880241821049e+00 7.522719999002526192e-01 4.347679660897341841e-02 6.574166234335500070e-01 7.887388174491938742e+01
6.545138198848421407e-01 -2.657046221837490105e-02 -7.555829931647586317e-01 -4.849291720971773856e+01 -1.390252629083018124e-02 9.987903194049141398e-01 -4.716585251445813004e-02 -5.655579072249837580e+00 7.559222106303499222e-01 4.137521446060236224e-02 6.533526717201435519e-01 7.965187238864561436e+01
6.502331016326683422e-01 -3.105827734701803802e-02 -7.590996550542028487e-01 -4.940485774484313453e+01 -1.085416552965447028e-02 9.986823017296320160e-01 -5.015822277411614155e-02 -5.738395617088202449e+00 7.596572318594712048e-01 4.085392980746667402e-02 6.490391799727341926e-01 8.042100552595658769e+01
6.457363126618427263e-01 -3.506614361257537338e-02 -7.627548553388011632e-01 -5.032462251712505008e+01 -7.193552446350201350e-03 9.986211976780867694e-01 -5.199958030118836949e-02 -5.803040277316171114e+00 7.635266051065371373e-01 3.906493401370271512e-02 6.445937208535241769e-01 8.119299629360311599e+01
6.390479780046812719e-01 -3.876284260355693234e-02 -7.681895032878369722e-01 -5.122672877699922367e+01 -1.980786864016005015e-03 9.986430720145402784e-01 -5.203932350294663417e-02 -5.885044059865297328e+00 7.691643308437938753e-01 3.477724381159656014e-02 6.381040560601470846e-01 8.193559879847970251e+01
6.308112648909073306e-01 -4.256446010364453580e-02 -7.747679676980587793e-01 -5.216169342631759065e+01 2.956725201299052405e-03 9.986189058793569773e-01 -5.245511010877384334e-02 -5.962967740825138030e+00 7.759306770609286641e-01 3.079849801625925837e-02 6.300659076536569980e-01 8.270696451166759289e+01
6.217095080989595290e-01 -4.380188644905298745e-02 -7.820221678690527645e-01 -5.310657870892124777e+01 5.956033363074499619e-03 9.986705807153984926e-01 -5.120153177069284439e-02 -6.048794606845397936e+00 7.832252697353020432e-01 2.717472860414138838e-02 6.211438820773151903e-01 8.345186874975706814e+01
6.129001965019975628e-01 -4.291483024916883243e-02 -7.889940779506955382e-01 -5.407175803975589190e+01 7.351445637220794214e-03 9.987905205615117410e-01 -4.861535002808470979e-02 -6.110856629426522524e+00 7.901261389895213316e-01 2.399611007334859561e-02 6.124743934592237204e-01 8.420104444604969274e+01
6.039646441463066839e-01 -4.240815195907373519e-02 -7.958820551134119237e-01 -5.505871393983259310e+01 6.430788551055958459e-03 9.988101890466301036e-01 -4.834098873567820726e-02 -6.197466250144668898e+00 7.969851717006155578e-01 2.407809840667192100e-02 6.035187593661496264e-01 8.493606783204897681e+01
5.944994079575247614e-01 -4.325698174413181857e-02 -8.029316755866451327e-01 -5.603947169511982196e+01 4.482018679982996932e-03 9.987147105255020918e-01 -5.048602249396819119e-02 -6.262709195298077347e+00 8.040835628068950802e-01 2.641515528583305086e-02 5.939291838463671702e-01 8.564416913679775689e+01
5.844971897723868492e-01 -4.537726299678005587e-02 -8.101258711749175223e-01 -5.701877531546956845e+01 5.390334286692064283e-03 9.986300987230340986e-01 -5.204680774670627369e-02 -6.357334477533381545e+00 8.113778344177628998e-01 2.605436316887701706e-02 5.839410860726179653e-01 8.634924543465601232e+01
5.748038524478910061e-01 -4.692882129987553663e-02 -8.169444318624440315e-01 -5.803254738290578274e+01 5.787249590444606788e-03 9.985623180935514487e-01 -5.328981703903394596e-02 -6.419282591578409303e+00 8.182707680796483807e-01 2.590333036013828250e-02 5.742490572911456148e-01 8.704206869546560199e+01
5.644298577000391726e-01 -4.843632318321756253e-02 -8.240587636480055655e-01 -5.907083629331166463e+01 9.321460310551017356e-03 9.985873844972038560e-01 -5.231009337930410397e-02 -6.503332000910531541e+00 8.254284083246727910e-01 2.184394702021940499e-02 5.640840337473317367e-01 8.775128601286378682e+01
5.542055974695605514e-01 -4.800647985997434641e-02 -8.309942966371083317e-01 -6.010488832689177485e+01 1.000375184823825737e-02 9.986475222571404853e-01 -5.102010590972974602e-02 -6.589972838489406293e+00 8.323197054272083450e-01 1.996256704167761672e-02 5.539362928060628244e-01 8.845118270807677163e+01
5.438593079809851405e-01 -4.819963009788254260e-02 -8.377910455530814815e-01 -6.116472106022751376e+01 9.838819387865679195e-03 9.986467641801832773e-01 -5.106699515504035947e-02 -6.677149897697124636e+00 8.391187414894486496e-01 1.953038534855567124e-02 5.435975667095875874e-01 8.912305382859027247e+01
5.333912720940793273e-01 -4.922502061086937719e-02 -8.444350982998068966e-01 -6.219603880684239527e+01 9.406442305115047045e-03 9.985887110302351655e-01 -5.226954194034757334e-02 -6.753380409841548193e+00 8.458163402668037456e-01 1.993698691895882946e-02 5.331015363707549692e-01 8.976580548388919567e+01
5.232681020858551690e-01 -4.988719065116693080e-02 -8.507066171199139104e-01 -6.327450115163554045e+01 8.357001481722041783e-03 9.985373806231134797e-01 -5.341591517576697867e-02 -6.836607547304462962e+00 8.521271418177065460e-01 2.084148758361887427e-02 5.229196685344540407e-01 9.042123702358362891e+01
5.136601562361365891e-01 -5.032274238703236813e-02 -8.565166969720406920e-01 -6.434801376049833266e+01 6.664384729085617159e-03 9.984824044432971668e-01 -5.466693666988976102e-02 -6.913934160643917970e+00 8.579678560449289781e-01 2.237206993348147752e-02 5.132159991769806862e-01 9.105012622827796065e+01
