1.000000000000000000e+00 -3.306050084167601550e-19 -2.270457535318767223e-19 -8.673617379884035472e-19 7.546676715296109287e-19 1.000000000000000000e+00 6.237773588823049983e-19 1.387778780781445676e-17 -3.447385680526250622e-20 4.770700176052009879e-20 1.000000000000000222e+00 5.551115123125782702e-17
9.999918897666673079e-01 -2.731653186852445528e-03 2.958280859008208512e-03 1.016906000330012640e-03 2.740350461553614676e-03 9.999919497283857872e-01 -2.937913825163919294e-03 1.824494747453648397e-02 -2.950226386916083177e-03 2.946002348604823476e-03 9.999913053680759001e-01 1.617047324897231408e-01
9.993168069735791637e-01 2.624065683811844032e-03 3.687821068017024112e-02 3.069270780106760771e-02 -2.575351183349194363e-03 9.999957739184962557e-01 -1.369085684662213562e-03 -4.227692072490865649e-03 -3.688165040658703681e-02 1.273194250572882383e-03 9.993193136963954837e-01 2.549538950821289007e-01
9.980328706456909060e-01 3.921715061794350116e-03 6.255151687564768082e-02 7.776959410632539038e-02 -3.985683262244923107e-03 9.999916626165140654e-01 8.976970257176851778e-04 -4.535667726522460419e-03 -6.254748029508197527e-02 -1.145364213208930173e-03 9.980401892757895244e-01 4.071264422051664722e-01
9.951574280334267719e-01 3.421775065408637871e-03 9.823553223759058650e-02 1.277058030142215750e-01 -3.704747034637534148e-03 9.999895119997000981e-01 2.698547186414830979e-03 7.662687701487716496e-03 -9.822527975905817610e-02 -3.049263775440884221e-03 9.951596161916964611e-01 6.032699574233502116e-01
9.910108888374186131e-01 3.627217197445391813e-05 1.337977440547705454e-01 1.909961344453618426e-01 -6.983133677611869485e-04 9.999877678878440479e-01 4.901905830279782231e-03 -4.817382167540892879e-03 -1.337959368068197819e-01 -4.951310084357689670e-03 9.909987735992921154e-01 7.889629719722531798e-01
9.849036877054143657e-01 -2.585139147837495471e-03 1.730991810352012494e-01 2.563970711055762464e-01 1.592071824260363980e-03 9.999814806597762118e-01 5.875452954158930444e-03 -4.260558790535717844e-03 -1.731111772328410570e-01 -5.511204729363184014e-03 9.848895546877882712e-01 9.883349799375641398e-01
9.759656485967550532e-01 -3.062476044330203311e-03 2.178674815643550644e-01 3.466944968008190409e-01 1.418804505277758941e-03 9.999693573535359814e-01 7.700364298670156656e-03 -1.675008154127466398e-03 -2.178843956722459341e-01 -7.206170517803754325e-03 9.759400846487693570e-01 1.207333288002509386e+00
9.643734430769993482e-01 -3.388481331400077564e-03 2.644678416282598143e-01 4.460589304875305361e-01 7.566909102304567297e-04 9.999492143775623454e-01 1.004929017897943089e-02 4.218539009936919659e-03 -2.644884571299079834e-01 -9.491024144017232850e-03 9.643270064706095379e-01 1.420787176954235953e+00
9.500105900585721352e-01 -7.453016289559970427e-03 3.120240182017469666e-01 5.669825505299677104e-01 2.176474635407957877e-03 9.998488497043410694e-01 1.725395577784184092e-02 7.376062771164218490e-03 -3.121054601481990098e-01 -1.571164820763683301e-02 9.498832231437338569e-01 1.657672474997059497e+00
9.330417237837124178e-01 -1.690223999205914956e-02 3.594033998744343705e-01 7.048409414200061951e-01 8.104315188029682926e-03 9.996297703582611716e-01 2.597427520052634359e-02 -1.021876302502916500e-03 -3.597093541242049053e-01 -2.132331755074420854e-02 9.328332475267276935e-01 1.870492235401923553e+00
9.123076902665093746e-01 -2.200915126868825331e-02 4.088912677041634525e-01 8.645162386334074300e-01 1.046373111839661064e-02 9.994815519364500522e-01 3.045039141563666424e-02 -1.668845032749319279e-03 -4.093494235139072401e-01 -2.350240417364278175e-02 9.120649657895946172e-01 2.090345134677463523e+00
8.870422089979560498e-01 -2.408049416285073033e-02 4.611246439713665435e-01 1.047777768373263418e+00 9.198121367798316184e-03 9.993623738160442027e-01 3.449070275428653409e-02 4.370266152035895413e-03 -4.616615351810605672e-01 -2.635183603698864480e-02 8.866981775009412647e-01 2.335542378094048299e+00
8.585146721394135705e-01 -2.660364995262555834e-02 5.121114123069260282e-01 1.236328946862108813e+00 7.471155409892474286e-03 9.991962630581668892e-01 3.938304845806796933e-02 2.240134562505298466e-02 -5.127475290456990908e-01 -2.998556689142308287e-02 8.580233678000087627e-01 2.554644697925832819e+00
8.268990061736057884e-01 -3.090286603489869263e-02 5.615694034292812997e-01 1.469388362021947003e+00 7.942766768887476667e-03 9.990311894786102487e-01 4.328111083547478422e-02 2.496310897375488003e-02 -5.623630062918485439e-01 -3.132995021660027468e-02 8.263432804715939994e-01 2.774979243819512664e+00
7.912751401574231735e-01 -3.740000242179358780e-02 6.104478898447347479e-01 1.694531773837063326e+00 1.076347475072842071e-02 9.988251838569893737e-01 4.724987834101445489e-02 3.316613599361243475e-02 -6.114977583450805776e-01 -3.082301080650893046e-02 7.907476545775066201e-01 3.004420638043234781e+00
7.529077932494731007e-01 -4.123332599537656712e-02 6.568389860223582399e-01 1.965239191260133689e+00 1.134049002661002836e-02 9.987001582415241385e-01 4.969041490166969943e-02 4.654503212224204989e-02 -6.580340647315814362e-01 -2.996519837001031250e-02 7.523965269635928266e-01 3.220529091128077059e+00
7.133514389685071677e-01 -4.490730508092741213e-02 6.994443600344534273e-01 2.250064881663385030e+00 1.235969268981970681e-02 9.985956761295499140e-01 5.152115833557229657e-02 6.136690773283922512e-02 -7.007758416921441302e-01 -2.810919989723449988e-02 7.129048388852501361e-01 3.446275131443133244e+00
6.701275308293485056e-01 -4.718702065574278265e-02 7.407012064319111744e-01 2.542739095378476311e+00 1.164157524055071252e-02 9.985225551645251496e-01 5.307218933581762943e-02 7.780913515951892734e-02 -7.421114375719648493e-01 -2.693932805060729116e-02 6.696868585862048029e-01 3.658918302376326093e+00
6.294462881524417464e-01 -4.733306089325887284e-02 7.756839026224822131e-01 2.887771466262594622e+00 7.073412528734303144e-03 9.984506056734867574e-01 5.518651945975500822e-02 1.016460816343124907e-01 -7.770948296862246751e-01 -2.924723086694367216e-02 6.288058868976436067e-01 3.857860290396039726e+00
5.872757980104387210e-01 -4.834923512502779103e-02 8.078190119431242211e-01 3.233872534311097446e+00 4.524957662453702595e-03 9.983948647893255979e-01 5.646082435690735757e-02 1.181804482463437028e-01 -8.092515895418533889e-01 -2.950717417526146566e-02 5.865517130699867687e-01 4.084176315342265440e+00
5.461135773407371774e-01 -4.982993917344363116e-02 8.362389699479180205e-01 3.618341109022249480e+00 2.359354246763334731e-03 9.983166650576864587e-01 5.795952070477504436e-02 1.379824145809348257e-01 -8.377193212467594075e-01 -2.967967283903251083e-02 5.453121201008135355e-01 4.277745720944149177e+00
5.080521845596723818e-01 -5.236351649443077294e-02 8.598588363077107610e-01 4.032565278440992884e+00 8.445574541643268178e-04 9.981803618152174096e-01 6.029449753869754042e-02 1.529313748878903811e-01 -8.614512279842785336e-01 -2.991363344370227134e-02 5.071715249561344896e-01 4.490460261666028075e+00
4.708504382342322825e-01 -5.174833390280200035e-02 8.806906463664446738e-01 4.459517864356322470e+00 -2.574129196288748363e-03 9.981933833567129266e-01 6.003498156382394702e-02 1.770530213260050334e-01 -8.822058458011654558e-01 -3.054060895385496410e-02 4.698664839090855860e-01 4.682654780465346001e+00
4.343642359368743988e-01 -5.147608105866751521e-02 8.992055177987579029e-01 4.924275399291109245e+00 -3.245105864190092615e-03 9.982693782123224224e-01 5.873379881963228938e-02 2.038336043600787462e-01 -9.006724791087248327e-01 -2.842968528056568842e-02 4.334460143183632708e-01 4.874837300483328306e+00
4.014875564344742576e-01 -4.997901794727390573e-02 9.144162827133600624e-01 5.426336071144513440e+00 -2.397029581507507685e-03 9.984488505280276760e-01 5.563647711941657054e-02 2.257034855611239621e-01 -9.157784724311283098e-01 -2.452786712080554446e-02 4.007454820946577123e-01 5.066743842390335040e+00
3.720752222780350782e-01 -4.860233780147634602e-02 9.269388612148943274e-01 5.942693534453208137e+00 -1.878844681797563079e-04 9.986240346024878312e-01 5.244812278492388957e-02 2.503328555666290423e-01 -9.282126959348273587e-01 -1.968749940614232183e-02 3.715544638798226607e-01 5.244813391342849407e+00
3.463973580819142417e-01 -4.667191036133923332e-02 9.369646673778567747e-01 6.490658001402546340e+00 1.082119912199492251e-03 9.987810008552877594e-01 4.934606670423809238e-02 2.780497493109430063e-01 -9.381258325120808150e-01 -1.608104703501507526e-02 3.460254140844961079e-01 5.419590867469338491e+00
3.257913084840688978e-01 -4.666164452077042196e-02 9.442036432156786230e-01 7.071613141688732007e+00 1.840346960161033229e-03 9.988109089665133666e-01 4.871881399316640993e-02 3.058872285322713491e-01 -9.453540136372114988e-01 -1.413706015230900212e-02 3.254896690698034778e-01 5.604286660046251534e+00
3.100065802821813654e-01 -4.698231857850443394e-02 9.494402892703848185e-01 7.665678708865125479e+00 2.522376063712940958e-03 9.988155056268073206e-01 4.859914460078421095e-02 3.320744307538321394e-01 -9.505986423618049130e-01 -1.267393651395272262e-02 3.097578978022540452e-01 5.790208771709989044e+00
2.985806698964338368e-01 -4.830900777486195341e-02 9.531660091540133939e-01 8.280265666195628427e+00 3.794331471139541622e-03 9.987707205099660701e-01 4.942136806657668191e-02 3.555425296474638008e-01 -9.543816937140092715e-01 -1.114571103201838186e-02 2.983964082748594704e-01 5.986166931136029490e+00
2.876766973884086198e-01 -5.073913092628894173e-02 9.563059756270201328e-01 8.945650104809455883e+00 2.628552579017700685e-03 9.986338482840649844e-01 5.218593759478805383e-02 3.856852372233194881e-01 -9.576473417043154246e-01 -1.249887731664067053e-02 2.874170024499326792e-01 6.184375132715862478e+00
2.772852932451517205e-01 -5.150215417808804569e-02 9.593633113857797934e-01 9.617290817037131845e+00 7.177062325756601493e-04 9.985734006185246203e-01 5.339031282657272226e-02 4.223354875397603014e-01 -9.607441819681294959e-01 -1.412147162913755284e-02 2.769263152820603535e-01 6.383394954670347232e+00
2.656887955557482583e-01 -5.320764802364197354e-02 9.625790961203627427e-01 1.030978596433758554e+01 -2.264817667772187613e-04 9.984717279230516107e-01 5.526101536131602932e-02 4.571544624240198584e-01 -9.640494376169292945e-01 -1.488280934326329137e-02 2.652715646578732711e-01 6.571981574882882704e+00
2.568317703996090273e-01 -5.595966378399821334e-02 9.647567739236171391e-01 1.103281946978776062e+01 -7.824867397336047635e-04 9.983097338381239361e-01 5.812203014713081262e-02 4.871108744386182243e-01 -9.663784877027162823e-01 -1.568146540960320759e-02 2.563542349838400236e-01 6.770541677322328589e+00
2.456457484247011047e-01 -5.741702128862333915e-02 9.676280960032570544e-01 1.178798817832675638e+01 -1.968272367955247078e-03 9.982128201979934001e-01 5.972861348854895114e-02 5.234447265723236598e-01 -9.693281062063859865e-01 -1.657738338553469901e-02 2.450937551716705631e-01 6.954129672270840778e+00
2.349413261327008284e-01 -5.845685825467226288e-02 9.701510001156852248e-01 1.254916014952639536e+01 -2.235430807846799928e-03 9.981550808255599261e-01 6.067591976731700337e-02 5.579162271006019580e-01 -9.719075065442336347e-01 -1.643150688734975814e-02 2.343768019460056862e-01 7.140053274814295747e+00
2.253311947628631462e-01 -6.178114931528519427e-02 9.722571928629383242e-01 1.332523704712232693e+01 -3.410573478817851330e-03 9.979321121252793247e-01 6.418789850341166670e-02 6.016559778956687143e-01 -9.742110943638994103e-01 -1.779852739663735292e-02 2.246535137571899488e-01 7.325427436583045626e+00
2.151081497929482333e-01 -6.494522742433682383e-02 9.744732803693539891e-01 1.411812273068558987e+01 -5.388487686260731366e-03 9.976922152585460113e-01 6.767744568128018778e-02 6.472869674255561367e-01 -9.766203465636391634e-01 -1.980578723149156381e-02 2.142616993577619033e-01 7.497390418405304402e+00
2.017397913964856515e-01 -6.901488736803060298e-02 9.770500222349446373e-01 1.491720185755106520e+01 -6.216201584951099035e-03 9.974037597229489238e-01 7.174128176569390114e-02 6.846281011283812390e-01 -9.794653512678703766e-01 -2.054064110074528895e-02 2.007872836507682279e-01 7.670080567985954723e+00
1.876383024129674448e-01 -7.139167548606517588e-02 9.796177242526403761e-01 1.572419231827590025e+01 -7.207678636464245371e-03 9.972288093694279265e-01 7.404772678947954545e-02 7.294005001989415371e-01 -9.821883770626446131e-01 -2.096922599185017944e-02 1.866029521423941961e-01 7.821260273678610098e+00
1.735868503270843743e-01 -7.172427834437697380e-02 9.821750588411064520e-01 1.654106464839146895e+01 -8.793295852119136988e-03 9.971915657023816548e-01 7.436090832283215324e-02 7.689407877694472981e-01 -9.847514007044995132e-01 -2.153234653058423362e-02 1.724686995825640556e-01 7.969140067276424766e+00
1.594453034346648979e-01 -7.080691855880222318e-02 9.846770105965992892e-01 1.735492192510172771e+01 -9.438995238538734275e-03 9.972694240623924955e-01 7.325352833495153704e-02 8.147512778116079435e-01 -9.871747523819329739e-01 -2.097991110419947583e-02 1.583417306185204709e-01 8.099442112423474782e+00
1.426283381276749473e-01 -6.998294109351196890e-02 9.872938746531980669e-01 1.818486900448285581e+01 -1.063468876740222314e-02 9.973310248110227594e-01 7.223604749686274307e-02 8.539063427173784193e-01 -9.897145284661035269e-01 -2.079879689117559646e-02 1.415037236663745090e-01 8.222693771331636370e+00
1.220137852421292746e-01 -6.847211600542334187e-02 9.901945557521826258e-01 1.901612494321337721e+01 -1.267622335495789850e-02 9.974277234395521052e-01 7.055898275642288886e-02 8.989345525306552398e-01 -9.924799232222265566e-01 -2.114687348304399028e-02 1.208330174971555676e-01 8.325745783752870111e+00
9.853730292538706581e-02 -6.763559031230605145e-02 9.928566004802503731e-01 1.984237233908717357e+01 -1.677634885230911560e-02 9.974331012489952020e-01 6.961195283493937236e-02 9.402548345685685094e-01 -9.950159479466839096e-01 -2.352055278771696123e-02 9.714944211000732521e-02 8.400509205299634630e+00
6.698440878403208454e-02 -6.697776473954787646e-02 9.954975013443529974e-01 2.068910008701843495e+01 -2.105088232528358472e-02 9.974276143705435027e-01 6.852458271333058959e-02 9.815919432773165809e-01 -9.975256833183674399e-01 -2.555797819531057877e-02 6.540184167258066006e-02 8.455918633479841517e+00
3.440868342524348866e-02 -6.673164445988981341e-02 9.971794415101757902e-01 2.154848875984742662e+01 -2.377439038341687405e-02 9.974310819121111615e-01 6.756328644347989187e-02 1.025636189092453909e+00 -9.991275804696521101e-01 -2.601552735036604183e-02 3.273406651889620295e-02 8.480664121416793932e+00
-7.997086042931602105e-05 -6.661392635456002409e-02 9.977789201669889918e-01 2.240090870102183018e+01 -2.619182461203593479e-02 9.974368102857611440e-01 6.657678253598323104e-02 1.062144085562647833e+00 -9.996568103117808857e-01 -2.612184445646513822e-02 -1.824565644777247867e-03 8.469346731574981746e+00
-3.355423870951325382e-02 -6.513143821058713090e-02 9.973042070898142653e-01 2.326493956950368514e+01 -2.631570158643391916e-02 9.975849151683467975e-01 6.429873217158819931e-02 1.095384099206982320e+00 -9.990845936799523930e-01 -2.407259662869508376e-02 -3.518623200511708515e-02 8.432838652481466468e+00
-6.687998229971715836e-02 -6.352864065778972280e-02 9.957259012955760324e-01 2.411730549673758972e+01 -2.882747185285620267e-02 9.976769636679911901e-01 6.170734792397399721e-02 1.128044924520601899e+00 -9.973348545397915377e-01 -2.454530284690093975e-02 -6.855559400102537171e-02 8.368047799656027408e+00
-9.921316294521217993e-02 -6.041493522292443880e-02 9.932242557303254671e-01 2.497741209907579929e+01 -3.196489606262244154e-02 9.978336536674532464e-01 5.750053635566120674e-02 1.170137794177257717e+00 -9.945461267409603234e-01 -2.605140653161147971e-02 -1.009294435306211657e-01 8.281136500873763850e+00
-1.332736564135709734e-01 -5.582982210561621139e-02 9.895577025282861205e-01 2.584059893581230583e+01 -2.855599047447763411e-02 9.982138968843818905e-01 5.248240149432967239e-02 1.198879850076792319e+00 -9.907202595947195434e-01 -2.126564455780935448e-02 -1.346298153084954929e-01 8.162553012185313150e+00
-1.641268408031509862e-01 -5.041734406153170617e-02 9.851155394455661796e-01 2.668188678957321258e+01 -2.300147155850036304e-02 9.986167632151682350e-01 4.728305567309932372e-02 1.220552387685607254e+00 -9.861373771920136644e-01 -1.488825147216340725e-02 -1.650592343884499380e-01 8.006521470084971170e+00
-1.959840289834320626e-01 -4.365256106326514951e-02 9.796046861545052442e-01 2.753626043118720546e+01 -1.797589770629027389e-02 9.990008716567589930e-01 4.090495062352724615e-02 1.241158696549574003e+00 -9.804117347766718726e-01 -9.585606067562271737e-03 -1.965730053882850104e-01 7.823707042623022190e+00
-2.229535867346855715e-01 -3.867427348988018709e-02 9.740539883800555243e-01 2.836538230732276489e+01 -1.172977069033013901e-02 9.992465005289891122e-01 3.700159984757672021e-02 1.257621458564625483e+00 -9.747513911377442275e-01 -3.163119716136174927e-03 -2.232389237878566746e-01 7.611264052248182921e+00
-2.503707656029102724e-01 -3.211900403070602761e-02 9.676002082949930472e-01 2.919898585612320474e+01 -3.550887011748538741e-03 9.994733989413919772e-01 3.225949403758701650e-02 1.274120792858787654e+00 -9.681266442136600148e-01 4.635480782496025423e-03 -2.503529599719350740e-01 7.383040225336600315e+00
-2.797771195891143314e-01 -2.178375638754666624e-02 9.598246073473356565e-01 3.002171763622811085e+01 2.043215843802519312e-03 9.997267079412691659e-01 2.329424067779851948e-02 1.272520371556318475e+00 -9.600696562180046634e-01 8.475649320440967194e-03 -2.796560676631441589e-01 7.122422968295904155e+00
-3.014928265916772543e-01 -7.267409804044165297e-03 9.533788005168807311e-01 3.083397408706765574e+01 6.664195783875685210e-03 9.999305053203489946e-01 9.726661504991147150e-03 1.263062005175590086e+00 -9.533832650358917693e-01 9.286108728071612931e-03 -3.014233886342961299e-01 6.853777801026877725e+00
-3.268886474051747593e-01 1.048469611912627823e-02 9.448505056112124212e-01 3.162315672241759046e+01 8.021293348926206157e-03 9.999333381039224866e-01 -8.323217945275100324e-03 1.249711315283430713e+00 -9.448746896838581266e-01 4.861159194280420190e-03 -3.269508870545673740e-01 6.580880473913848228e+00
-3.526870975937098085e-01 2.525043357984731868e-02 9.352893249663110087e-01 3.241175872976416628e+01 7.767525668872712376e-03 9.996804131668174387e-01 -2.406254986243244742e-02 1.230767034389039116e+00 -9.355978330752128258e-01 -1.219188562185448974e-03 -3.527704838470333004e-01 6.287584625474112343e+00
-3.749426503872824168e-01 3.612530741080564878e-02 9.264278017429631307e-01 3.319363260277447836e+01 1.058820593271187632e-02 9.993422528475894850e-01 -3.468952179230613136e-02 1.194966451787313311e+00 -9.270715501247542845e-01 -3.193022390354300320e-03 -3.750784993642987675e-01 5.969014608760955021e+00
-4.006088515212127832e-01 3.949202339330903228e-02 9.152458617737225799e-01 3.397052901566094363e+01 1.459578985019737915e-02 9.992188338210404863e-01 -3.673075567176996986e-02 1.146090466293965271e+00 -9.159814295931530959e-01 -1.354301555241629179e-03 -4.008720798969498400e-01 5.631029167703737848e+00
-4.212907856910304560e-01 3.928790920785393131e-02 9.056487832764232859e-01 3.474390372554897510e+01 1.684485570622279785e-02 9.992276339247317951e-01 -3.548207140254269754e-02 1.102705088608748385e+00 -9.063442124021049429e-01 2.748928380825435189e-04 -4.216270051703467914e-01 5.262498374486460406e+00
-4.426555457150211370e-01 3.581351201159197611e-02 8.965000513252582293e-01 3.550953060798356375e+01 2.093533404048409513e-02 9.993427325925789972e-01 -2.960592819401007547e-02 1.062492430812375321e+00 -8.969705900484187255e-01 5.687360466101333556e-03 -4.431145297692509755e-01 4.881055700499145722e+00
-4.617196869571343343e-01 3.436980732114673642e-02 8.867735911959750972e-01 3.625876777354800140e+01 2.818495947430365092e-02 9.993130532569981517e-01 -2.407015535617705246e-02 1.019929846570160947e+00 -8.869913597518609416e-01 1.389565696931889527e-02 -4.623712615120373348e-01 4.489900873539085069e+00
-4.734107233908824708e-01 3.459662116129604004e-02 8.799828553630746342e-01 3.699575238156849366e+01 3.144429287533685030e-02 9.992552692042293572e-01 -2.236297677598330161e-02 9.771327923296779794e-01 -8.801013399559739492e-01 1.707977194625693793e-02 -4.741460101325759569e-01 4.084974106641970693e+00
-4.851515104682803670e-01 3.854663400354844949e-02 8.736460391155803640e-01 3.771368418978975967e+01 3.481162594140647937e-02 9.990873389716248276e-01 -2.475565124734246947e-02 9.393524281979688251e-01 -8.738031101943980472e-01 1.840184857097590387e-02 -4.860505703055600923e-01 3.678160759053595630e+00
-4.941696088907499007e-01 4.055759263660275310e-02 8.682951506193388180e-01 3.841708443283501140e+01 3.558291404936264613e-02 9.990177773735486877e-01 -2.639555557173423050e-02 8.936954536029847462e-01 -8.685131441362597959e-01 1.784793548741775079e-02 -4.951274555826370438e-01 3.281713129994369371e+00
-5.023603663953500886e-01 4.082612609926065950e-02 8.632234510548714157e-01 3.913090651353410010e+01 2.937877226116712009e-02 9.991138604659907108e-01 -3.011381019869008996e-02 8.565243144914702622e-01 -8.636886317001578606e-01 1.021134429742131741e-02 -5.031146805750046358e-01 2.883965856945087225e+00
-5.156369627589028060e-01 3.881859863273807304e-02 8.558304278755261008e-01 3.982759439343224273e+01 2.793135099536470448e-02 9.992036715314212003e-01 -2.848856601267277938e-02 8.242542403977843879e-01 -8.562550494434423287e-01 9.210922832404428232e-03 -5.163105799845240096e-01 2.460919928963086978e+00
-5.236229922559400007e-01 4.010828055228291694e-02 8.509448417915091989e-01 4.053526570551500186e+01 3.047277286675838942e-02 9.991336742748088140e-01 -2.834841463112730553e-02 7.866401520993320240e-01 -8.513448942056179858e-01 1.107889852115206443e-02 -5.243914975248502586e-01 2.023287797566486468e+00
-5.302021118206675654e-01 4.319581208365887853e-02 8.462479862088617688e-01 4.123737533685120127e+01 3.428580084304300168e-02 9.989767747954281241e-01 -2.947887258569333729e-02 7.435731267807756950e-01 -8.466556922094455873e-01 1.337669955540388492e-02 -5.311407313379503670e-01 1.578030802949311528e+00
-5.326884685935028285e-01 4.666413178366743408e-02 8.447831795142537459e-01 4.194692749637968632e+01 3.461243336343471783e-02 9.988449232836376090e-01 -3.330267560122628784e-02 7.108895410801694403e-01 -8.453616175822614709e-01 1.148992056940322665e-02 -5.336884576160074722e-01 1.134549142024908752e+00
-5.327224550927966984e-01 4.862785825588987476e-02 8.446524111124950052e-01 4.268274503453726254e+01 3.463479485101577521e-02 9.987644120137985082e-01 -3.561922581769569329e-02 6.773394193052463264e-01 -8.453405074855203649e-01 1.028205127801149442e-02 -5.337487206653561689e-01 6.643927480203075664e-01
-5.302058712975812327e-01 4.889476995647244750e-02 8.467253887329231343e-01 4.343421951254661195e+01 3.689977410074401359e-02 9.987206639887745707e-01 -3.459245752901404097e-02 6.349469501108799818e-01 -8.473332928504105910e-01 1.291529159616239611e-02 -5.313317701921086433e-01 2.084831244969265751e-01
-5.235879474310886073e-01 4.691066267954953350e-02 8.505682342266968066e-01 4.418711836428258266e+01 3.488720913309342753e-02 9.988258877756202025e-01 -3.361777240719663468e-02 5.932394126199320716e-01 -8.511468223635307861e-01 1.206851901825076352e-02 -5.246097193095280442e-01 -2.442930613677214424e-01
-5.155971957915936876e-01 4.595384341099027770e-02 8.550961567714834288e-01 4.497270575176565188e+01 3.273117283712658615e-02 9.988881800940988542e-01 -3.391013829790946038e-02 5.500007913587348085e-01 -8.557044389249578442e-01 1.048465297103402284e-02 -5.165280243453820308e-01 -7.171280586395848422e-01
-5.076145145867878572e-01 4.695991372071697811e-02 8.600852175925434162e-01 4.577199746581160156e+01 3.168476788775565628e-02 9.988556944147587435e-01 -3.580220627269675021e-02 5.077059510732166991e-01 -8.607829091416372425e-01 9.056495433722460200e-03 -5.085215796273179212e-01 -1.171267575927802396e+00
-5.024513302423462280e-01 4.339017397453472785e-02 8.630975222043741901e-01 4.656903202206243719e+01 2.793509641271993069e-02 9.990329714416822382e-01 -3.394324873883704935e-02 4.636159309286920216e-01 -8.637362309066632937e-01 7.040804806058200555e-03 -5.031774911901808478e-01 -1.625008540648699817e+00
-4.973046459541509146e-01 4.175399213418655442e-02 8.660394626039853438e-01 4.740305586185557729e+01 2.493181864474189671e-02 9.991161515923084879e-01 -3.383298012405216298e-02 4.204457433450409232e-01 -8.666873715188638805e-01 4.747501958997805971e-03 -4.979059112892501582e-01 -2.074565329563321292e+00
-4.974488951128487324e-01 3.852722469446809295e-02 8.669410179621424017e-01 4.824008399164312522e+01 1.921155765773471108e-02 9.992575318865621892e-01 -3.340831336786851541e-02 3.799854078556621495e-01 -8.675842974389931239e-01 4.840974400580122571e-05 -4.978198045383771531e-01 -2.538448149669176868e+00
-4.974928079799331715e-01 3.648439868769931538e-02 8.667657968836977034e-01 4.911441134195240465e+01 1.687733719612028241e-02 9.993332108158957672e-01 -3.237925448838710474e-02 3.318745300941529086e-01 -8.673689203043417617e-01 -1.468643548955087929e-03 -4.977769157830450597e-01 -3.021985687707720469e+00
-4.975316876286251522e-01 3.443786454262405539e-02 8.668082115832418388e-01 4.998850737978232672e+01 1.468362039270755537e-02 9.994028951940674421e-01 -3.128218641245009146e-02 2.906512301313217694e-01 -8.673678134300253362e-01 -2.832514813672957522e-03 -4.977401884499941254e-01 -3.509499551565849806e+00
-4.989084179946512432e-01 3.500368306883275965e-02 8.660722763824241222e-01 5.086785970330378603e+01 1.559039078648470460e-02 9.993849018354048486e-01 -3.142613446032965774e-02 2.440936616001671278e-01 -8.666392181923927573e-01 -2.158963621986600967e-03 -4.991473002622625055e-01 -3.996998497778116111e+00
-4.975158597587469034e-01 3.352608260030259107e-02 8.666025901892008276e-01 5.177549557537668079e+01 1.456086298448135488e-02 9.994347928090653310e-01 -3.029368391966949861e-02 1.963448017617120678e-01 -8.671285829899548769e-01 -2.459467683822350644e-03 -4.977227362558084844e-01 -4.514227760889013119e+00
-4.974909582816321452e-01 3.228284316221593370e-02 8.667265562418782210e-01 5.267740106742040496e+01 1.451747977876519970e-02 9.994771026528552760e-01 -2.888934484171357467e-02 1.509055828927897691e-01 -8.672061501368113490e-01 -1.802083800215973676e-03 -4.976994379236217014e-01 -5.027576288442596741e+00
-4.988842696858821202e-01 3.210039907520886165e-02 8.659871318919107885e-01 5.358075783789105628e+01 1.457601739980258874e-02 9.994829809897850526e-01 -2.866584053251331962e-02 1.013561317479975132e-01 -8.664597600742337535e-01 -1.680638193414855886e-03 -4.990941410581601900e-01 -5.535595268352700771e+00
-4.975269455620943693e-01 3.066809211627342241e-02 8.670826791510687359e-01 5.450618340102833770e+01 1.263306994604121263e-02 9.995248861630723347e-01 -2.812241851590845804e-02 5.665651391265345838e-02 -8.675331890134816426e-01 -3.033483210505400016e-03 -4.976778555523024838e-01 -6.048947202416804281e+00
-4.975480756156926976e-01 2.946393533731071074e-02 8.666529791054707887e-01 5.540953485710838322e+01 1.138553564152605495e-02 9.995584724636809026e-01 -2.744060867867836873e-02 6.403275773323439946e-03 -8.670790533145036338e-01 -3.795543735803416641e-03 -4.976637281277426772e-01 -6.538012353682788991e+00
-4.961783373849746326e-01 2.878222587690257989e-02 8.681185527269923430e-01 5.633536540387222402e+01 1.019348089136229429e-02 9.995747871561780906e-01 -2.733141188681599554e-02 -4.277499771390445849e-02 -8.685356835508545315e-01 -4.688691244054754743e-03 -4.962609691288847324e-01 -7.060764216577724461e+00
-4.923510693412310180e-01 2.794029025852324752e-02 8.694091499790064237e-01 5.725228083310314986e+01 1.000453803650097270e-02 9.995999475005675761e-01 -2.644614939385932575e-02 -9.600718109037043035e-02 -8.698005748802579706e-01 -4.343593880783855332e-03 -4.924334284446757470e-01 -7.564592064864408272e+00
-4.922662179486779754e-01 2.546399821285491236e-02 8.700440858184516069e-01 5.817169633726571476e+01 1.106890312345319705e-02 9.996742316415577756e-01 -2.300608728108351556e-02 -1.414643841376726774e-01 -8.703463036544921705e-01 -1.690085170833798955e-03 -4.923876730118035838e-01 -8.065919970191748334e+00
-4.894280423330839569e-01 2.385161844555000119e-02 8.722779267410487591e-01 5.909272632996533048e+01 1.155850631526347122e-02 9.997156948144575450e-01 -2.086033831848113640e-02 -1.877459750123981475e-01 -8.725274104248458285e-01 -1.126980095192637384e-04 -4.895646970160568712e-01 -8.583253805732827146e+00
-4.870252014338395941e-01 2.318140640240314368e-02 8.729486887191384437e-01 6.005344071878643319e+01 1.090111598152685400e-02 9.997310483068071463e-01 -2.047495584909562669e-02 -2.331190767452592238e-01 -8.731885947533088999e-01 -4.505394824488616399e-04 -4.871468685537995724e-01 -9.081362277189718668e+00
-4.856038694414207546e-01 2.413576457452733595e-02 8.741373411120941794e-01 6.093162252844101090e+01 1.214183809504928817e-02 9.997086696920793880e-01 -2.086439517693808310e-02 -2.748919632656139367e-01 -8.743860708499479051e-01 4.969433807872697872e-04 -4.857555198932978491e-01 -9.600481087948875114e+00
-4.828294883164380158e-01 2.412976083947198161e-02 8.752309679126758502e-01 6.183953926610722363e+01 1.152875783201095898e-02 9.997088069582018566e-01 -2.118522909198261583e-02 -3.211872923778671396e-01 -8.754875935943100540e-01 -1.528026407891537857e-04 -4.829669877759039109e-01 -1.009651838088016440e+01
-4.842638326878960786e-01 2.527716022199788873e-02 8.742872517276075728e-01 6.273877871472528511e+01 1.093827058280325872e-02 9.996792118636098623e-01 -2.284347005956007329e-02 -3.642059624442548493e-01 -8.745844259613823057e-01 -1.504697242940786781e-03 -4.843849030824216584e-01 -1.057494997000796211e+01
-4.871330420173887732e-01 2.720792032277598652e-02 8.728224588707644838e-01 6.365941576769701982e+01 9.787304262318325190e-03 9.996217750658938916e-01 -2.570790000808863621e-02 -4.117085255007897349e-01 -8.731915344295820836e-01 -3.966581015513467520e-03 -4.872152013731663733e-01 -1.109200563681240581e+01
-4.910066185639586078e-01 2.697721033380306305e-02 8.708522128822191455e-01 6.452935806918176809e+01 8.005918005165608281e-03 9.996178327186762136e-01 -2.645865499915322355e-02 -4.591784125701931507e-01 -8.712333656509759772e-01 -6.019541926330402790e-03 -4.910349368987055318e-01 -1.157478823798589396e+01
-4.962114198817883515e-01 2.615450988417951025e-02 8.683298000975747666e-01 6.542881702874471728e+01 7.800217396936187826e-03 9.996406037059798466e-01 -2.565743133134693738e-02 -4.978633055992939815e-01 -8.686882673979926528e-01 -5.930465199181516982e-03 -4.962373171879153055e-01 -1.206911666706853303e+01
-4.998560526124793957e-01 2.183923481548723233e-02 8.657555414087944046e-01 6.632048031627100215e+01 1.072979128284115569e-02 9.997614615700900487e-01 -1.901091735358406351e-02 -5.501096401336085240e-01 -8.659645587082415163e-01 -2.270158536498068558e-04 -4.999712124854426842e-01 -1.258585039552088425e+01
-5.065758217557206899e-01 2.094761251852542139e-02 8.624638826753041609e-01 6.719189699618871714e+01 7.312863241180858447e-03 9.997733062706409823e-01 -1.999477683021079824e-02 -5.960510131173077930e-01 -8.626872339523989908e-01 -3.808609851534432936e-03 -5.066142516352816205e-01 -1.307613756700503593e+01
-5.117926445963513205e-01 2.295733201498835821e-02 8.589948435217201750e-01 6.806532116044930092e+01 8.811822533420806194e-03 9.997305265739760971e-01 -2.146938266168427548e-02 -6.435205584855864247e-01 -8.592566164832183828e-01 -3.418619836371274666e-03 -5.118569875074098219e-01 -1.358044127870254947e+01
-5.146238585118796394e-01 2.562237732189708017e-02 8.566472477378560546e-01 6.892728847898399636e+01 9.477428627332638508e-03 9.996620919104094449e-01 -2.419487483623627630e-02 -6.835934011294908519e-01 -8.569781292033880060e-01 -4.345856079078533156e-03 -5.146926766625374849e-01 -1.408926375193751390e+01
-5.213469456766073318e-01 2.574048110417349877e-02 8.524840691211257315e-01 6.977895470612168083e+01 7.418673791220138647e-03 9.996434062497425721e-01 -2.564462844204440720e-02 -7.311997767639698553e-01 -8.528405455101368826e-01 -7.059659606483865979e-03 -5.213519353312834337e-01 -1.458539415986227894e+01
-5.228083683856832309e-01 2.604569224812925896e-02 8.513982458178960266e-01 7.064527436650439540e+01 6.129398597610313977e-03 9.996215965383334900e-01 -2.680474247966868270e-02 -7.805829440439127076e-01 -8.517747136705834388e-01 -8.815563993084054445e-03 -5.227700782045300310e-01 -1.510827049035757597e+01
-5.280002196669734138e-01 2.517778245983758045e-02 8.489651102626627477e-01 7.147870011703882653e+01 7.020467548903605581e-03 9.996556705536857601e-01 -2.528849061604025728e-02 -8.272285838727537755e-01 -8.493093570667878955e-01 -7.381137702666485181e-03 -5.279951320352413990e-01 -1.562941807730753574e+01
-5.316799531135608659e-01 1.876188256106007396e-02 8.473653442096983346e-01 7.232166002972118690e+01 8.376494694667757299e-03 9.998222378869757732e-01 -1.688619828506973328e-02 -8.683933423517512518e-01 -8.475316040916180960e-01 -1.875383097506549707e-03 -5.317427057252581690e-01 -1.614216973909301700e+01
-5.301779284498543410e-01 9.796605337657303056e-03 8.476956685940700842e-01 7.315807666076415217e+01 8.775663728099217589e-03 9.999431072940586640e-01 -6.067950193978041869e-03 -9.067334774368354111e-01 -8.477068660534956557e-01 4.216792151769860157e-03 -5.302338525502591215e-01 -1.667437272698298401e+01
-5.343952991765379412e-01 6.010490677420510588e-03 8.454920330316794130e-01 7.398967979468966405e+01 7.849151270905622979e-03 9.999668901057536807e-01 -2.145791898686131779e-03 -9.355867766950998199e-01 -8.454769701673099380e-01 5.489932148690393650e-03 -5.344248500158247372e-01 -1.719764440143703155e+01
-5.344061397678627756e-01 1.178055860117902670e-02 8.455070420215747840e-01 7.481194169225391022e+01 8.576549722573215823e-03 9.999269891946217514e-01 -8.511475124428494535e-03 -9.610498029017243704e-01 -8.455456029415399088e-01 2.707881915589668842e-03 -5.344682838521129797e-01 -1.772323323811310303e+01
-5.358411042315736061e-01 1.756866895381884591e-02 8.443900016427134947e-01 7.562093138932947056e+01 9.570707329365251564e-03 9.998457906520221705e-01 -1.472969482465645054e-02 -9.934932547417419935e-01 -8.445183711690087414e-01 1.999851230906392612e-04 -5.359266310386737731e-01 -1.824140403837003888e+01
-5.371419041067403422e-01 2.201261598376047512e-02 8.433250371002554147e-01 7.644584460740411203e+01 1.517477481053087530e-02 9.997497429644004452e-01 -1.644822671831969174e-02 -1.023664228611189886e+00 -8.434760472617282012e-01 3.968251418273839072e-03 -5.373416921978091398e-01 -1.876260533518531304e+01
-5.342605856350588489e-01 2.177174746955197471e-02 8.448513505895302034e-01 7.727138338253683969e+01 1.793147415957913396e-02 9.997352240101343712e-01 -1.441917625223445784e-02 -1.059843973606021006e+00 -8.449416305226614687e-01 7.445047001026476423e-03 -5.345096320236047971e-01 -1.929357699699946593e+01
-5.328508645497471718e-01 1.985999241442249624e-02 8.456239640896402454e-01 7.809062608612320844e+01 1.759436866081310127e-02 9.997684950903987788e-01 -1.237801136453672325e-02 -1.099736689071611817e+00 -8.456739882201824710e-01 8.281540243513196148e-03 -5.330769384973472746e-01 -1.981120286702027045e+01
-5.342663279025976486e-01 1.447101569887939906e-02 8.455358915032069600e-01 7.890917398568466012e+01 1.592664203625340433e-02 9.998482853632978395e-01 -7.060017107031280569e-03 -1.123694002898472100e+00 -8.455098583645882515e-01 9.695984536078646257e-03 -5.344157258284674139e-01 -2.032192114761666346e+01
-5.328963397530813717e-01 7.866247732189884934e-03 8.465232599726998375e-01 7.972973980433702934e+01 1.389002484143750382e-02 9.999033629776271637e-01 -5.503244734382632414e-04 -1.145282798554335679e+00 -8.464460239059643509e-01 1.146326687206652289e-02 -5.329540194365514072e-01 -2.083703864521768168e+01
-5.330425120790698301e-01 1.694190017169606164e-03 8.464196403883649245e-01 8.054437710935400219e+01 4.599367901127377617e-03 9.999889931704348811e-01 8.986619252118288430e-04 -1.173866651592080146e+00 -8.464090557374153168e-01 4.375088680802090985e-03 -5.330443366592972909e-01 -2.132406663496591293e+01
-5.317717011026420471e-01 -3.262696622828579335e-03 8.475623741364747277e-01 8.136870125105055251e+01 -3.285727181394237310e-03 9.999930125656500968e-01 1.793221926175262359e-03 -1.186671432827274941e+00 -8.475624482398100845e-01 -1.828130169183469177e-03 -5.317786382566788150e-01 -2.181754220688814527e+01
-5.278812722455666906e-01 -3.704348177204773961e-03 8.488230126041710344e-01 8.218786938727836855e+01 -9.349974059315735312e-04 9.999925054284029002e-01 3.767632631238051772e-03 -1.208200629923282587e+00 -8.488306550844616494e-01 1.198601884553467676e-03 -5.278807959040888731e-01 -2.232479058769128244e+01
-5.263977031796821526e-01 -5.182964430095210072e-04 8.507947143008669499e-01 8.299858182148645369e+01 4.105379709909727504e-03 9.999866700370523276e-01 3.152504931895942775e-03 -1.231470172426224474e+00 -8.507849573613220917e-01 5.150231461844365609e-03 -5.263884897341097879e-01 -2.281656448557572858e+01
-5.197225756853813827e-01 3.587005321160604502e-03 8.545409687720689762e-01 8.381719598509091895e+01 5.928938314308559131e-03 9.999822251485793734e-01 -5.932273260337898001e-04 -1.242448230650606389e+00 -8.545282165932165386e-01 4.756949453101899650e-03 -5.197346136050439158e-01 -2.332295549487504260e+01
-5.116076310846662256e-01 5.199467377280044163e-03 8.598363656858780679e-01 8.462611811962433706e+01 1.078735428772705646e-02 9.999417930866161264e-01 3.666620146530892555e-04 -1.265323071764018703e+00 -8.597846362958511124e-01 9.457561998284768831e-03 -5.116337964585843112e-01 -2.380809444321853618e+01
-5.048855758998298526e-01 7.720352838057472147e-03 8.634731885608371016e-01 8.544137780926207881e+01 1.786066380953773430e-02 9.998394578525033882e-01 1.498822353216737674e-03 -1.285831162441797515e+00 -8.633230091586678867e-01 1.617553822054554682e-02 -5.049424283241336076e-01 -2.428070260687017878e+01
-4.930672650708950444e-01 6.662686338545910185e-03 8.700106077541798211e-01 8.626834370371365424e+01 1.654675101293083192e-02 9.998615923532224725e-01 1.719591194814468508e-03 -1.307748320688496557e+00 -8.698788399758420331e-01 1.524260849585185040e-02 -4.931092796558320668e-01 -2.475081301252905419e+01
-4.841028522587795258e-01 3.534607016102046285e-03 8.747707296224169760e-01 8.710350177990622456e+01 1.303546878175819955e-02 9.999099285013270944e-01 3.173720810718898798e-03 -1.316260747680848553e+00 -8.746807922141667246e-01 1.294068618166983875e-02 -4.841053922444397140e-01 -2.518609212505112183e+01
-4.723355198380400632e-01 3.324243309355577125e-04 8.818607816767403129e-01 8.793976619230028291e+01 1.362986111229704846e-02 9.998831098545857277e-01 6.920630100684928808e-03 -1.332461561214374424e+00 -8.817555177591583915e-01 1.528184327351263944e-02 -4.722850244037527512e-01 -2.563236233506088624e+01
-4.596040895955433303e-01 -1.743617111575328877e-03 8.877924976144617730e-01 8.877983783094333603e+01 1.197662448924182235e-02 9.998948122739278466e-01 8.166495136021358417e-03 -1.350164983207368996e+00 -8.877135308946021430e-01 1.439277991893464156e-02 -4.595350120765777646e-01 -2.605730964543728234e+01
-4.464780178315643222e-01 -1.690408619868016089e-03 8.945714909572298756e-01 8.962922439161492605e+01 1.335799071039412388e-02 9.998740553842654366e-01 8.556126785022037662e-03 -1.354510004118752997e+00 -8.944734598307430007e-01 1.577551140130850627e-02 -4.463993224838840312e-01 -2.646794410883549986e+01
-4.337734543076292582e-01 -1.158697210616310182e-03 9.006991825566584842e-01 9.047966891046611693e+01 1.640911253509828166e-02 9.998230177554524589e-01 9.191444879254821732e-03 -1.371585216167717114e+00 -9.005505047681207076e-01 1.877464832865369249e-02 -4.336777503889700514e-01 -2.688014066703283333e+01
