1.000000000000000000e+00 -3.306050084167601550e-19 -2.270457535318767223e-19 -8.673617379884035472e-19 7.546676715296109287e-19 1.000000000000000000e+00 6.237773588823049983e-19 1.387778780781445676e-17 -3.447385680526250622e-20 4.770700176052009879e-20 1.000000000000000222e+00 5.551115123125782702e-17
9.999458951315187694e-01 -2.759471964322987234e-03 1.002998871195790245e-02 1.417872162637955243e-02 2.746204238152347588e-03 9.999953430933391507e-01 1.336095600651304770e-03 -2.198105294270252807e-03 -1.003362922229048514e-02 -1.308483305765448593e-03 9.999487912055319283e-01 3.012406223103840652e-01
9.998301625649194113e-01 -5.127488276737557707e-03 1.770258169588256533e-02 2.801684276507823701e-02 5.109669199870046571e-03 9.999863984058776634e-01 1.051207938135160017e-03 -2.625298268044723438e-03 -1.770773316257250041e-02 -9.605879978214545284e-04 9.998427388796672366e-01 5.840564193061311693e-01
9.997631849799099024e-01 -7.828012241827261852e-03 2.030173246103850193e-02 4.010300519347106962e-02 7.828741902129076474e-03 9.999693585803929308e-01 4.366069567089885613e-05 -1.759792168149816594e-02 -2.030145511461258975e-02 1.153272276254274474e-04 9.997938379323123570e-01 8.892156207854602368e-01
9.997917800095337260e-01 -9.374685436336590780e-03 1.812055807696462406e-02 4.615881468650182007e-02 9.398025578039863326e-03 9.999550916415335111e-01 -1.203024840829814649e-03 -1.713366807301976158e-02 -1.810846391917576501e-02 1.373149028623352978e-03 9.998350613704786172e-01 1.197218991437833502e+00
9.998711676288525307e-01 -1.142623286258773359e-02 1.127454676144460863e-02 4.766721914173971397e-02 1.145105722455399058e-02 9.999321494945567768e-01 -2.139820180568601914e-03 -1.709536048974343025e-02 -1.124933499220183084e-02 2.268618981101325639e-03 9.999341840210002053e-01 1.515482647850781905e+00
9.999156680176475298e-01 -1.298527479208606839e-02 -3.670295417010145016e-04 3.770061217245355284e-02 1.298363414204148185e-02 9.999070562400932394e-01 -4.169499420814642802e-03 -3.374615312233779363e-02 4.211155745198244646e-04 4.164383331932201143e-03 9.999912496459154587e-01 1.840418492344687795e+00
9.997971281028665835e-01 -1.201580144287857366e-02 -1.617027013467775901e-02 1.619753156765014676e-02 1.194950482962724853e-02 9.999198447574417781e-01 -4.192175667709342052e-03 -4.344709322497267157e-02 1.621931837079955072e-02 3.998163299285277007e-03 9.998604898128788943e-01 2.168233451493528641e+00
9.992981662401586584e-01 -7.288379925801421848e-03 -3.674586539131641238e-02 -1.667414278435341499e-02 7.139300369617650188e-03 9.999657378608308722e-01 -4.188103910901443128e-03 -3.914025654724372083e-02 3.677512509583772543e-02 3.922828618096223241e-03 9.993160152372372318e-01 2.512125476987460804e+00
9.984519643445581849e-01 -4.435603986614457435e-03 -5.544843672489528641e-02 -6.110219491222441957e-02 4.159031234036198073e-03 9.999783051379150800e-01 -5.103088237056230096e-03 -4.362256550634538432e-02 5.546987779081664210e-02 4.864547804006694003e-03 9.984487717124428396e-01 2.862123756740098113e+00
9.971901817789691203e-01 -2.710096584055512233e-03 -7.485223250847547471e-02 -1.064361286558992148e-01 2.314478760107933648e-03 9.999828869706441914e-01 -5.370095832907480909e-03 -5.664747570309687508e-02 7.486550839658841217e-02 5.181738339796590140e-03 9.971793911579187597e-01 3.227512713995652760e+00
9.952858381350686567e-01 -4.658970417606512864e-03 -9.687412803101451420e-02 -1.520783622277509239e-01 4.158435755663518127e-03 9.999769670081219974e-01 -5.368759457970679466e-03 -5.354006276428678601e-02 9.689691529365329625e-02 4.940558317146889755e-03 9.952822888700240123e-01 3.605220540702346987e+00
9.932142900889162629e-01 -6.117206482482816753e-03 -1.161378984099524364e-01 -2.166669713423529930e-01 5.686848126435022598e-03 9.999756884652161171e-01 -4.036679656966057558e-03 -6.356456670359585115e-02 1.161597772326976030e-01 3.348680936265727420e-03 9.932249308086608108e-01 3.992403374324758225e+00
9.910837524457407621e-01 -4.172216058944141527e-03 -1.331611488778824681e-01 -2.928209270537918130e-01 3.789872869895698996e-03 9.999879326067121488e-01 -3.124510987704621698e-03 -7.005039664939072264e-02 1.331725853377839497e-01 2.592096975040785855e-03 9.910875718826671621e-01 4.390230977329235174e+00
9.886994341315923363e-01 -2.802081773258736658e-03 -1.498505094291132378e-01 -3.713949382892646200e-01 2.421194990828825448e-03 9.999933552365734002e-01 -2.723678724267320807e-03 -7.779792241694893917e-02 1.498571462817549493e-01 2.329978168021797340e-03 9.886996457056871357e-01 4.808994467727205624e+00
9.868399202409335880e-01 -2.775479447675558049e-03 -1.617233846441565315e-01 -4.578262063654971459e-01 2.413394442553929830e-03 9.999941252062408692e-01 -2.435644335550830875e-03 -8.184014780116563581e-02 1.617292098542890966e-01 2.013322868903072004e-03 9.868408479320371907e-01 5.228036547054200511e+00
9.846411822310073836e-01 -3.875436648551123728e-03 -1.745797267789065410e-01 -5.488917186188447817e-01 3.379161410350359912e-03 9.999893298739083169e-01 -3.139940359136564156e-03 -9.081434515825262399e-02 1.745900564717271786e-01 2.501800138001583022e-03 9.846438299551736328e-01 5.665791035479485593e+00
9.828495040301391539e-01 -7.024803004738186009e-03 -1.842615865456235513e-01 -6.361664066406124141e-01 6.197508881561722069e-03 9.999679434940786926e-01 -5.064655137303681817e-03 -1.044224022866270668e-01 1.842912886451446575e-01 3.835609912377784675e-03 9.828615423630201464e-01 6.112986413613458403e+00
9.814750942416825552e-01 -5.710528091809783172e-03 -1.914562191494215970e-01 -7.343369848184025939e-01 4.525860926814630723e-03 9.999678560005262895e-01 -6.622801123516048293e-03 -1.103758232101462733e-01 1.914878804206078533e-01 5.633658865672157810e-03 9.814693112438450662e-01 6.577817154778460740e+00
9.796582831947732162e-01 -5.486633503665083907e-03 -2.005772938225998392e-01 -8.445869513551070851e-01 3.747990878666012868e-03 9.999520696037187406e-01 -9.044589419640074873e-03 -1.141562612757026085e-01 2.006173282572370209e-01 8.108742821389269481e-03 9.796318718948067161e-01 7.054027833174945528e+00
9.785521904910149393e-01 -6.399055910380048104e-03 -2.058836622589581278e-01 -9.526080897128745839e-01 4.021229964475463332e-03 9.999203192797446738e-01 -1.196268649705747866e-02 -1.240250642861451535e-01 2.059438302967880885e-01 1.087839622018858289e-02 9.784999700494919628e-01 7.539474497344210491e+00
9.763295043886323077e-01 -1.029858755059391562e-02 -2.160589183094741295e-01 -1.068393819930945510e+00 7.592624088800547719e-03 9.998820011763874804e-01 -1.335008843034098287e-02 -1.357651566118388553e-01 2.161708998273236260e-01 1.139400588911716750e-02 9.762924736410657500e-01 8.043803065098584781e+00
9.750211472503926835e-01 -1.487636117603747393e-02 -2.216458703074188907e-01 -1.184570727840574156e+00 1.199225264164265753e-02 9.998250040013535456e-01 -1.435436243259251461e-02 -1.520331870698329868e-01 2.218206989620437608e-01 1.133791302361956965e-02 9.750287862825862684e-01 8.553720548094194243e+00
9.729094090089531743e-01 -1.575780388779894278e-02 -2.306222045794889541e-01 -1.316204805763902197e+00 1.223999009872411836e-02 9.997860411173721262e-01 -1.666953264157119280e-02 -1.731441093816208920e-01 2.308356359873209029e-01 1.339489162846428834e-02 9.728939134486567220e-01 9.080308747323519114e+00
9.707620213339063220e-01 -1.315978623490940240e-02 -2.396438497876729468e-01 -1.470196748216197280e+00 8.361228382585792970e-03 9.997439055141188469e-01 -2.102499092277881551e-02 -1.808773534167141261e-01 2.398591515708279054e-01 1.840665457920235767e-02 9.706233999723486994e-01 9.610047516894997699e+00
9.691386293720410938e-01 -9.523521253481234336e-03 -2.463418245031478437e-01 -1.625742889549118830e+00 3.738024014750517161e-03 9.997062693263620847e-01 -2.394088923418646875e-02 -1.955457755015746479e-01 2.464974943302422616e-01 2.228163446969394848e-02 9.688895263694987658e-01 1.015642011964196634e+01
9.665920054228076541e-01 -1.218691634816930144e-02 -2.559407405908764033e-01 -1.781168853400432628e+00 5.615209833710419624e-03 9.996360774500163693e-01 -2.638482397616883843e-02 -2.116915476557029996e-01 2.561691579720156153e-01 2.406554264177274485e-02 9.663085191474399815e-01 1.071225089031150368e+01
9.644189983719302361e-01 -1.446493752277455865e-02 -2.640136085691504597e-01 -1.939371046684760902e+00 7.245518511682181272e-03 9.995731126773574893e-01 -2.830235189617127597e-02 -2.420137957261607187e-01 2.643104640319613452e-01 2.538184206596435719e-02 9.641121107715439065e-01 1.128284014600806984e+01
9.621081890329401531e-01 -1.421011609035493367e-02 -2.723413845226366203e-01 -2.119414783585202855e+00 6.055395513541597143e-03 9.995082971656739090e-01 -3.075572349789477272e-02 -2.654834906189061927e-01 2.726445550319321343e-01 2.794216396658524143e-02 9.617210329702401417e-01 1.186725574499944358e+01
9.601778601957273729e-01 -1.341041917217344198e-02 -2.790976092807875841e-01 -2.306827287567282614e+00 4.056797877538831539e-03 9.994112496869144158e-01 -3.406781388537995919e-02 -2.866949545416250245e-01 2.793903505363605766e-01 3.157796504070148336e-02 9.596667428166383296e-01 1.246357595493365622e+01
9.578481256799208365e-01 -1.535270287483405521e-02 -2.868855722005272391e-01 -2.498170104642251754e+00 4.071454298298232861e-03 9.991961305742556032e-01 -3.987033796112591372e-02 -3.187420938381393398e-01 2.872671963649816029e-01 3.702219418239360155e-02 9.571405524769029949e-01 1.306322356970689214e+01
9.560162958705609171e-01 -1.554907131741855263e-02 -2.928184548913420060e-01 -2.699691540356554231e+00 1.893989687584878793e-03 9.989002330936693763e-01 -4.684542964289811068e-02 -3.559628614800572355e-01 2.932246052541586656e-01 4.423104500368747055e-02 9.549943883178743098e-01 1.367734976725606089e+01
9.547970706286484921e-01 -1.654697728669782264e-02 -2.968294042606502980e-01 -2.909400700979037246e+00 4.367929520967878452e-05 9.984571883941570913e-01 -5.552231488267708737e-02 -3.896044038725320346e-01 2.972904070987291703e-01 5.299867512842303813e-02 9.533247586163547949e-01 1.430163901445699182e+01
9.539832067138930283e-01 -1.604017715778797981e-02 -2.995024539418023046e-01 -3.118670494146302374e+00 -3.236824724994532415e-03 9.979592068148132045e-01 -6.377096011022917454e-02 -4.359890353786428641e-01 2.999143077547512526e-01 6.180564050669160731e-02 9.519844358365284753e-01 1.493498397104891851e+01
9.522929161856531488e-01 -1.581410213569292567e-02 -3.048143659225388546e-01 -3.342888017193837769e+00 -6.725262470456514971e-03 9.973265726483143689e-01 -7.277298197756153220e-02 -4.798082368511479845e-01 3.051501853547052834e-01 7.135175626812223504e-02 9.496406148685778703e-01 1.558233528804716883e+01
9.512228263700232000e-01 -1.517453289860209824e-02 -3.081032029956139451e-01 -3.564321133882806691e+00 -1.007907180479176122e-02 9.967277527949702787e-01 -8.018091200331259327e-02 -5.365848639590906632e-01 3.083119411138846577e-01 7.937464977046930492e-02 9.479574189200288270e-01 1.623714842170808481e+01
9.493290502734396119e-01 -1.343698423829781455e-02 -3.141008617590004826e-01 -3.803232230493605925e+00 -1.446557081675564800e-02 9.961586061197456043e-01 -8.636479623921289317e-02 -5.967887168116028374e-01 3.140550582648131139e-01 8.653112503495749563e-02 9.454880573366734042e-01 1.690099160543705636e+01
9.480615600293871292e-01 -1.179256324860990419e-02 -3.178272702843818465e-01 -4.050297415311095328e+00 -1.852200715920072557e-02 9.955702689623795454e-01 -9.215329047665929418e-02 -6.678860802068347091e-01 3.175059897549787347e-01 9.325428736930779783e-02 9.436436283904359179e-01 1.758200297240698973e+01
9.468866074723155668e-01 -9.202272054349669786e-03 -3.213522526740306695e-01 -4.304205763895303960e+00 -2.340927719191007034e-02 9.949656648911353596e-01 -9.744238025519096069e-02 -7.400307323529909942e-01 3.206303465597496460e-01 9.979280176981154826e-02 9.419044248144364806e-01 1.826984966313277425e+01
9.447258199168137027e-01 -7.122325849317327068e-03 -3.278772070789569559e-01 -4.562388171286452021e+00 -2.751198106488633721e-02 9.945157504823816108e-01 -1.008828530566136111e-01 -8.159843799968991007e-01 3.267982753208539815e-01 1.043233807784766654e-01 9.393487749834953382e-01 1.896848682883429049e+01
9.432804181241291053e-01 -6.235685977215454749e-03 -3.319107051584638812e-01 -4.835762390319998438e+00 -2.935729553911241643e-02 9.943403337025229494e-01 -1.021060148947248447e-01 -8.978123757795385407e-01 3.306689742300251145e-01 1.060588629844641667e-01 9.377587509466330795e-01 1.967643529860492890e+01
9.406193972377554502e-01 -6.282651203041824881e-03 -3.393817705225793402e-01 -5.106877166135749491e+00 -2.990404023832737845e-02 9.944080435911437643e-01 -1.012713987006444993e-01 -9.823632310334133866e-01 3.381200473502457560e-01 1.054073337105156938e-01 9.351717626623120561e-01 2.040084513808451661e+01
9.385007035878386583e-01 -5.960215837752424334e-03 -3.452335112020760155e-01 -5.386322048161212628e+00 -3.023918744745304407e-02 9.945903084261252802e-01 -9.938893551392634362e-02 -1.063600089266161675e+00 3.439584900975957149e-01 1.037159054816805120e-01 9.332434263100111149e-01 2.113259587604236955e+01
9.365250683480759175e-01 -6.483709206168786730e-03 -3.505524734022052447e-01 -5.675111464954975204e+00 -2.982205929428329363e-02 9.947323332192586909e-01 -9.806755708180800446e-02 -1.150740400905986505e+00 3.493420354312946063e-01 1.022955470019041857e-01 9.313983572903927755e-01 2.187288262471136946e+01
9.337944191102117708e-01 -4.854319822010516247e-03 -3.577654961316570348e-01 -5.965604925728928976e+00 -3.113320551100029476e-02 9.950133507014501388e-01 -9.473368455607361627e-02 -1.238519708520616769e+00 3.564409615153103505e-01 9.960082758525501401e-02 9.289868726367638274e-01 2.260983227795361117e+01
9.290438287415688778e-01 -2.521163690706360906e-03 -3.699061119651891882e-01 -6.283039257496303875e+00 -3.273905098958612703e-02 9.954936974048607112e-01 -8.899377594581310558e-02 -1.313348508648332080e+00 3.684638905952372090e-01 9.478875259400447451e-02 9.247746600947205353e-01 2.337000659217251552e+01
9.267261630595530209e-01 -4.553268777660489570e-04 -3.757286759048731883e-01 -6.603282124786849394e+00 -3.328818034452951657e-02 9.959676034921035592e-01 -8.330373870563084759e-02 -1.395129285543028397e+00 3.742515596254920029e-01 8.970677963221418416e-02 9.229740724986364997e-01 2.411537936056918241e+01
9.229908229184263790e-01 3.371145815880901338e-03 -3.848074717635645570e-01 -6.942155889347812803e+00 -3.666694873420470874e-02 9.961825809836037937e-01 -7.923291007207423908e-02 -1.469867086090431263e+00 3.830715662277970335e-01 8.724123573164756229e-02 9.195908463764432828e-01 2.487497326315773449e+01
9.198474150509122760e-01 3.640784581130307711e-03 -3.922025442452040656e-01 -7.283070538350915335e+00 -3.707177764299178502e-02 9.962882815345371901e-01 -7.767296235368933988e-02 -1.546932448181671305e+00 3.904635127574173636e-01 8.598973094616563229e-02 9.165683110401305900e-01 2.564232436679577631e+01
9.157591128989150953e-01 5.349234699926618854e-03 -4.015976969309755784e-01 -7.632474850394030064e+00 -3.929621341195668749e-02 9.963088955228230903e-01 -7.634753013849088221e-02 -1.620664795232110933e+00 3.997069751205330479e-01 8.570274508473058050e-02 9.125891337405849235e-01 2.641798818939185978e+01
9.122336597924551871e-01 4.432499504592145312e-03 -4.096988427509960506e-01 -7.996500807054964355e+00 -3.900705228208386360e-02 9.963382261107455173e-01 -7.607671787885039727e-02 -1.691196644484550315e+00 4.078620348379836669e-01 8.537582645877228593e-02 9.090660344764380785e-01 2.719342531582259070e+01
9.079834165827003201e-01 5.340707601946211719e-03 -4.189416415604458876e-01 -8.372749729087146875e+00 -3.993546798783130514e-02 9.964699574375526225e-01 -7.383865973419877216e-02 -1.760057839334904894e+00 4.170684525024249689e-01 8.377459610395424083e-02 9.049913514932054204e-01 2.797797368845157706e+01
9.044622256596172027e-01 5.268304749672655246e-03 -4.265433979911271711e-01 -8.760287208538125370e+00 -3.936053774618819556e-02 9.966883341019600051e-01 -7.116267423508046419e-02 -1.833109793588717062e+00 4.247559848411235905e-01 8.115320204162941586e-02 9.016743546938368326e-01 2.877045562208618179e+01
9.016375718209873602e-01 5.637770987797993856e-03 -4.323683686292453254e-01 -9.157790500860155447e+00 -3.841172083797837755e-02 9.970072728192099776e-01 -6.708888531802530142e-02 -1.901124197421475204e+00 4.306956832621344766e-01 7.710329045069574949e-02 8.991559347024544735e-01 2.956932671018415348e+01
8.974882958054202220e-01 7.325131375076116350e-03 -4.409658138095190472e-01 -9.566008511832592376e+00 -3.833385896120272002e-02 9.973738715013126255e-01 -6.144972287218226220e-02 -1.964711487220149877e+00 4.393578738622861968e-01 7.205275964445063963e-02 8.954119759122616262e-01 3.038018648962551183e+01
8.941845850557464948e-01 7.557377889086237463e-03 -4.476902681784602489e-01 -9.984477060420047678e+00 -3.664030469902922887e-02 9.977388724104110374e-01 -5.634672123177221492e-02 -2.031459868044035666e+00 4.462527648584702078e-01 6.678219880084530768e-02 8.924393951072375764e-01 3.119502418114465669e+01
8.899077144300646669e-01 6.665872603016923491e-03 -4.560497069723415953e-01 -1.041456379004808142e+01 -3.538387761228748568e-02 9.978891012073350941e-01 -5.445133885809433361e-02 -2.097307379990542842e+00 4.547239432375364543e-01 6.459431979702033588e-02 8.882650768720609102e-01 3.201762146885462101e+01
8.866229086977313045e-01 7.070553810206214873e-03 -4.624621675435475199e-01 -1.085726297364437798e+01 -3.547607823022663753e-02 9.979767020593628413e-01 -5.276175544124100253e-02 -2.153765622176593730e+00 4.611529788014867015e-01 6.319022798032411514e-02 8.850802932269761225e-01 3.284649305651537787e+01
8.853003772222394208e-01 6.924843234730002767e-03 -4.650453607637950459e-01 -1.130970530172184141e+01 -3.462463556704550166e-02 9.980950955921064072e-01 -5.105824369995294598e-02 -2.208599653196241963e+00 4.638058740309465855e-01 6.130274086753009777e-02 8.838538133604285640e-01 3.368559898608798164e+01
8.812064452717092156e-01 5.762512192249363147e-03 -4.727275350069217175e-01 -1.177462859189512834e+01 -3.313415860454053952e-02 9.982195525557465698e-01 -4.959409489228413376e-02 -2.269839185788412372e+00 4.716002711970609385e-01 5.936248477401852297e-02 8.798282193203715851e-01 3.453410607621452755e+01
8.790088602457357680e-01 5.041209042224774513e-03 -4.767582651398838967e-01 -1.224522911798044866e+01 -3.255073491380809647e-02 9.982457108168829585e-01 -4.946244734500163803e-02 -2.327021484592546319e+00 4.756725310454254507e-01 5.899854305511914587e-02 8.776309236463962771e-01 3.539237144233707255e+01
8.778845096870855347e-01 3.894753485509394337e-03 -4.787888628399555313e-01 -1.272861374354651431e+01 -3.150909022108487612e-02 9.982697917519356423e-01 -4.964401311368811520e-02 -2.383363570983407342e+00 4.777672018182410052e-01 5.866756243389001368e-02 8.764880916731617733e-01 3.625401494898440546e+01
8.758206775700584368e-01 3.604378833520424652e-03 -4.827241567805503064e-01 -1.322457835817347949e+01 -3.193605098474204540e-02 9.982133014065082133e-01 -5.049777718079322825e-02 -2.442120677831195241e+00 4.816795903262401923e-01 5.964209593093196260e-02 8.743710007292441189e-01 3.712724222185623546e+01
8.758766411738929669e-01 4.372853091204027300e-03 -4.825403840844209036e-01 -1.372434373522482431e+01 -3.228016168937724445e-02 9.982499634947017420e-01 -4.953722550422959281e-02 -2.499327295940822591e+00 4.814792201336940969e-01 5.896243780162936654e-02 8.744849647360076750e-01 3.801364343283795932e+01
8.754064115062384355e-01 4.205039377651828038e-03 -4.833263023562922034e-01 -1.423120634765796311e+01 -3.127149148833231751e-02 9.983601355080523598e-01 -4.794777884081281166e-02 -2.565542672757505915e+00 4.823319933347914312e-01 5.708968265061264286e-02 8.741023485164099993e-01 3.891962191648992331e+01
8.745258688651553758e-01 2.438301179633493767e-03 -4.849008220185779261e-01 -1.474596794535903577e+01 -2.900673987705170570e-02 9.984601817080557273e-01 -4.728105665108635336e-02 -2.625531441136483846e+00 4.840389926715021884e-01 5.541318590595573773e-02 8.732499161092232010e-01 3.982561240131476410e+01
8.754043963526109140e-01 2.735296761870735136e-04 -4.835013521664786595e-01 -1.526313225680112140e+01 -2.686366761448560903e-02 9.984820118484959428e-01 -4.808564947675630225e-02 -2.677892851775110827e+00 4.827544221302058070e-01 5.508065715502959148e-02 8.740828615513956956e-01 4.074474794658943466e+01
8.738346376543049132e-01 -1.647936951815561065e-03 -4.862106201115290460e-01 -1.579046053190594989e+01 -2.516621429878920790e-02 9.985006891717129740e-01 -4.861228709531281722e-02 -2.742534005765339788e+00 4.855619479581901321e-01 5.471397776664029683e-02 8.724830029850785262e-01 4.168020379669199116e+01
8.731796103655315999e-01 -2.217825740090701055e-03 -4.873520066671294670e-01 -1.631969463137259879e+01 -2.346240404310747860e-02 9.986391596237789159e-01 -4.658617400710306916e-02 -2.802628009642416984e+00 4.867924132964672190e-01 5.211136987712300384e-02 8.719391335865871451e-01 4.261537163063002254e+01
8.705979860505060897e-01 -6.377598330516252986e-04 -4.920044963571496011e-01 -1.685971357996150743e+01 -2.315526084702088441e-02 9.988380156583612779e-01 -4.227933454947108149e-02 -2.861393248932751820e+00 4.914600623193758899e-01 4.819926987189648154e-02 8.695714116784315495e-01 4.354947000141388713e+01
8.676212664174345335e-01 1.447200263432213971e-04 -4.971112910440282917e-01 -1.739579254332442915e+01 -2.186239983883964122e-02 9.990440136828653284e-01 -3.785435171245607466e-02 -2.919666072905990006e+00 4.966303926340233099e-01 4.371473361671116692e-02 8.667950270209772157e-01 4.448450155638855108e+01
8.647489985925845835e-01 -2.490376577873108614e-03 -5.022732273083928556e-01 -1.793753869633426490e+01 -1.819996005080830662e-02 9.991755282801886295e-01 -3.630006696676745664e-02 -2.985351413748149607e+00 5.019496561383337552e-01 4.052881125459017325e-02 8.639907005404048324e-01 4.540589569216225385e+01
8.589769733889334180e-01 -4.678487513094293018e-03 -5.120003297816206889e-01 -1.849133091932428741e+01 -1.715446882641343332e-02 9.991339598652517751e-01 -3.789859603537171218e-02 -3.043565948072797678e+00 5.117342803792744865e-01 4.133627964214915684e-02 8.581527781982993819e-01 4.632027902066620584e+01
8.540004288659484022e-01 -7.488943749449141277e-03 -5.202828603555337272e-01 -1.905371894933891852e+01 -1.636619154719864619e-02 9.990148505320765038e-01 -4.123751813864612314e-02 -3.103969243428113867e+00 5.200793112152901632e-01 4.372851659642813804e-02 8.530366066836710948e-01 4.722949235482081320e+01
8.470649128102912817e-01 -7.110927497022349886e-03 -5.313130902915216280e-01 -1.964092038684385244e+01 -1.692719043811038993e-02 9.990424224072284032e-01 -4.035464611589477391e-02 -3.155593436424915410e+00 5.310910283299441481e-01 4.318126260455844995e-02 8.461332606000466772e-01 4.814279170165297472e+01
8.419108888835165061e-01 -4.128204450968978208e-03 -5.396611110341120732e-01 -2.024081261951289079e+01 -1.764581379849769135e-02 9.992254018869117793e-01 -3.517903529625809184e-02 -3.206467545112818396e+00 5.393886616831680136e-01 3.913605222983063125e-02 8.411859133425784174e-01 4.904887605754074542e+01
8.377742406104078388e-01 -4.341707479021732967e-04 -5.459879574372832334e-01 -2.084011259315384379e+01 -1.899244427752462896e-02 9.993714442800677444e-01 -2.993035176690351726e-02 -3.261180549258030137e+00 5.456576530416296089e-01 3.544530432920263430e-02 8.372393859103058888e-01 4.994796133864557675e+01
8.329975613891880126e-01 -2.240689033156430265e-04 -5.532583110174493779e-01 -2.144345191761734881e+01 -2.084115585463928305e-02 9.992775180815073321e-01 -3.178593057021321389e-02 -3.311473143699906085e+00 5.528657387267482681e-01 3.801051067791741400e-02 8.323910963715899225e-01 5.083626009713481153e+01
8.290122461145266186e-01 -2.072972080237808334e-03 -5.592408608414898286e-01 -2.205443544024446467e+01 -2.162715338608962520e-02 9.991263191777672859e-01 -3.576587458528202035e-02 -3.363808804772816075e+00 5.588265860426017140e-01 4.174364544512411401e-02 8.282430417633706021e-01 5.171459494534890666e+01
8.269704303375990939e-01 -3.600941587718977949e-03 -5.621074299000359265e-01 -2.266648800285780396e+01 -2.434314941021547413e-02 9.988124782233884780e-01 -4.221325828293325672e-02 -3.425750557065440294e+00 5.615918594315267853e-01 4.859666818054917542e-02 8.259007796027700854e-01 5.259197676637057839e+01
8.233596100554716468e-01 -4.691606712707270012e-03 -5.673665404473818841e-01 -2.328222362484535424e+01 -2.444700261362717231e-02 9.987444011062598381e-01 -4.372707948294468627e-02 -3.482001850983032831e+00 5.668591090263485066e-01 4.987799019720713656e-02 8.222110527916685063e-01 5.347463594470981718e+01
8.211937333182343091e-01 -2.881431757535246174e-03 -5.706000888160827067e-01 -2.390750039494123769e+01 -2.393666573520036173e-02 9.989333152945744088e-01 -3.948362603651270342e-02 -3.545338535286992609e+00 5.701052132139026174e-01 4.608064798614083801e-02 8.202488039720304824e-01 5.435106406169319371e+01
8.175535759700420790e-01 -9.683178819990658024e-04 -5.759249836314008775e-01 -2.454362855864891912e+01 -2.259958044750191505e-02 9.991743312612200167e-01 -3.376021979234596071e-02 -3.594097549420254722e+00 5.754822810095735486e-01 4.061203651814782045e-02 8.168565325232242103e-01 5.523381058500935836e+01
8.132612975936005517e-01 3.749763237592581276e-04 -5.818620335624710149e-01 -2.518126405896982689e+01 -2.260841849470527493e-02 9.992651979943489859e-01 -3.096470346073885993e-02 -3.649192332453456089e+00 5.814225906143646316e-01 3.834223562486050590e-02 8.126721666930869503e-01 5.611331910452400251e+01
8.115992613825159241e-01 1.779279050935694611e-03 -5.843813227336077665e-01 -2.582486577135368933e+01 -2.457635054838072305e-02 9.992142233888544611e-01 -3.110223670789391201e-02 -3.698434323292404624e+00 5.838667743021589418e-01 3.960097882307976602e-02 8.110051769183882486e-01 5.698149032007197690e+01
8.075377895287541019e-01 -2.718114068665565086e-04 -5.897008510919893309e-01 -2.647368003523247992e+01 -2.390022812311416028e-02 9.991634569366670826e-01 -3.317735661482604237e-02 -3.745256832427354965e+00 5.892162193060377362e-01 4.089067145195739855e-02 8.068558538305995453e-01 5.785349973218508524e+01
8.038848590777412095e-01 -1.508465997546272431e-03 -5.947914903239457374e-01 -2.712901232918883210e+01 -2.412296366028551103e-02 9.990913446880563820e-01 -3.513576195504114486e-02 -3.800523373583161835e+00 5.943039381944387189e-01 4.259369933363507665e-02 8.031180373764756908e-01 5.872341103527842421e+01
8.006792847796929680e-01 -3.295805500104945478e-03 -5.990932154475236970e-01 -2.778651200953647660e+01 -2.221890101935571765e-02 9.991336516200730600e-01 -3.519676128871070814e-02 -3.850321076285604160e+00 5.986902835671022993e-01 4.149131349140184472e-02 7.999123100296776645e-01 5.958770226554640459e+01
7.955540961584816051e-01 -1.888125601736587037e-03 -6.059123630199926280e-01 -2.846334537549853039e+01 -2.370687294533257647e-02 9.991324345536548579e-01 -3.424334811848908644e-02 -3.902405617945402749e+00 6.054511910410043107e-01 4.160653178472251829e-02 7.948191417426976324e-01 6.046239870895169588e+01
7.914942504465554141e-01 -2.788908711887964475e-03 -6.111346037593341496e-01 -2.913403430120214210e+01 -2.233571967632230759e-02 9.991895694003465334e-01 -3.348721909978977923e-02 -3.954925381178102217e+00 6.107327994156079853e-01 4.015577507818825914e-02 7.907905439569619110e-01 6.131463136013326931e+01
7.864227691672117659e-01 -3.650291422612688286e-03 -6.177737458570150553e-01 -2.982195939157408660e+01 -2.228474458834359476e-02 9.991638130225365400e-01 -3.426790763721973554e-02 -4.011290359278973483e+00 6.173826095067616038e-01 4.071155760092662335e-02 7.856837644517923325e-01 6.217222038412801766e+01
7.812966162645047508e-01 -5.280354381036978136e-03 -6.240283916371750506e-01 -3.052332167234903437e+01 -2.120381116509371944e-02 9.991624022657672466e-01 -3.499143616057130007e-02 -4.062989829376197015e+00 6.236905034482158605e-01 4.057159455312034368e-02 7.805303017478961713e-01 6.302754879094007379e+01
7.764292635921005159e-01 -6.397454686302587144e-03 -6.301470108147100291e-01 -3.122351417935131579e+01 -2.097218878632486211e-02 9.991323614593529134e-01 -3.598729867246659025e-02 -4.116976592450461325e+00 6.298307173521486835e-01 4.115561817564941660e-02 7.756214198589777009e-01 6.388055756566241428e+01
7.705199095581787283e-01 -7.204256648398684598e-03 -6.374867235195015303e-01 -3.194035697917090744e+01 -2.064143033475415029e-02 9.991296794487138921e-01 -3.625177190087812418e-02 -4.174352438720180025e+00 6.371934844443098989e-01 4.108775998294201398e-02 7.697005034041489724e-01 6.473044695930121861e+01
7.648637513505313068e-01 -9.931757316155732929e-03 -6.440757807727248707e-01 -3.265779482027277680e+01 -1.916920053593500206e-02 9.990874073620883422e-01 -3.816503999400931019e-02 -4.229924411192762967e+00 6.438671413921177589e-01 4.153802105238851156e-02 7.639753458993495672e-01 6.557629990373385453e+01
7.579636559487523684e-01 -1.067816822213215298e-02 -6.522242774695919953e-01 -3.339646505420710554e+01 -1.817390979916892746e-02 9.991321519698154185e-01 -3.748355308621986737e-02 -4.282718607443675829e+00 6.520588602346034657e-01 4.026126118582681185e-02 7.571118532333185325e-01 6.641698803800895234e+01
7.519925625800694124e-01 -1.079293018173161679e-02 -6.590321562859760007e-01 -3.413750606486194528e+01 -1.731054505924304113e-02 9.991977655460273500e-01 -3.610646780797155397e-02 -4.345082423626227097e+00 6.588931117370792068e-01 3.856273434182703325e-02 7.512023811291222986e-01 6.724836680104101561e+01
7.471712348835050088e-01 -1.099552404793190108e-02 -6.645557913380422121e-01 -3.489889284974368877e+01 -1.592937568074671156e-02 9.992796464160360603e-01 -3.444703433592613551e-02 -4.392002918379285248e+00 6.644558151632680154e-01 3.632522253993301226e-02 7.464579541115310413e-01 6.809260137955476466e+01
7.400014447685944186e-01 -1.329911087909970042e-02 -6.725148515864616261e-01 -3.566216785424010993e+01 -1.475797846868847490e-02 9.992427788785660514e-01 -3.599485412933140643e-02 -4.448968469516022317e+00 6.724842487304445449e-01 3.656091765465434990e-02 7.392446984719803771e-01 6.892662315046544563e+01
7.348726637805456097e-01 -1.457099123226349158e-02 -6.780768735938033087e-01 -3.644434545617258436e+01 -1.437380522794294915e-02 9.992099940949727976e-01 -3.704230250990558915e-02 -4.509100349654408646e+00 6.780810689163396798e-01 3.696514358147093976e-02 7.340826205592353437e-01 6.975345971652377841e+01
7.284414005815640358e-01 -1.421670230329392243e-02 -6.848821754866989409e-01 -3.722685766425863818e+01 -1.534032260191415219e-02 9.991955795815072872e-01 -3.706158109886016627e-02 -4.558733177326883101e+00 6.848579316841504339e-01 3.750698955044138444e-02 7.276373037228847096e-01 7.057555459454175661e+01
7.226665610721622057e-01 -1.417847221466590757e-02 -6.910951366494926251e-01 -3.802962106513916751e+01 -1.471184893171108982e-02 9.992475768628531485e-01 -3.587475973204953122e-02 -4.613634510350951068e+00 6.910838926875072508e-01 3.609170160292578255e-02 7.219142660147223056e-01 7.139596065629926613e+01
7.190282741049697224e-01 -1.378217662329921621e-02 -6.948098556811292958e-01 -3.883533686054066436e+01 -1.525658709975714206e-02 9.992493666037889355e-01 -3.561054603030298915e-02 -4.675128993546337597e+00 6.947790567927357719e-01 3.620860982652904236e-02 7.182783409272888164e-01 7.221076854308009274e+01
7.135108473347303581e-01 -1.465859085105122341e-02 -7.004874800292775205e-01 -3.965594095426902754e+01 -1.536887247174946285e-02 9.992130897685314039e-01 -3.655671685819207595e-02 -4.731947811698617556e+00 7.004721901748269808e-01 3.685031549915578769e-02 7.127242421417335771e-01 7.303085001917838781e+01
7.094262522533877346e-01 -1.560148076605429729e-02 -7.045643869512040469e-01 -4.048323471947970376e+01 -1.614096696380896978e-02 9.991330014667726411e-01 -3.837359253416951915e-02 -4.792531431530728803e+00 7.045523836211634583e-01 3.859571135112500884e-02 7.085593552314083388e-01 7.384923553747412939e+01
7.047424586244683820e-01 -1.821160928333617063e-02 -7.092106816669719871e-01 -4.131535953930845295e+01 -1.580816676622143549e-02 9.990191133853039140e-01 -4.136115170086330367e-02 -4.854413328018186924e+00 7.092688094671640853e-01 4.035466154516139520e-02 7.037633713419736425e-01 7.466276124426437377e+01
6.987145429518812900e-01 -1.813924147436860035e-02 -7.150434003488342904e-01 -4.216121773858914423e+01 -1.688788535891404610e-02 9.989816474810974123e-01 -4.184837503417156851e-02 -4.913733692181798673e+00 7.150741337794669361e-01 4.132118858855080706e-02 6.976966447072496802e-01 7.547091273551716029e+01
6.937827634470241644e-01 -1.814626886412067444e-02 -7.198042952714340803e-01 -4.301148999156641395e+01 -1.576441000767607459e-02 9.990602817987037643e-01 -4.037569673039833468e-02 -4.973091852760048504e+00 7.198604686776244321e-01 3.936264837536941619e-02 6.928447232135924727e-01 7.628192260050667528e+01
6.897617844379603236e-01 -1.893713119741850803e-02 -7.237539491948800086e-01 -4.387208080105843067e+01 -1.369432185834225726e-02 9.991378729415539839e-01 -3.918785346004627357e-02 -5.036387526107016122e+00 7.238719418286900797e-01 3.694457161244628363e-02 6.889077213894069240e-01 7.709706245165939720e+01
6.841727018051807496e-01 -1.924147778593676694e-02 -7.290515000998428752e-01 -4.474455209357878971e+01 -1.345460061715965210e-02 9.991486888082113937e-01 -3.899447214485096680e-02 -5.100830836865140050e+00 7.291813999067658925e-01 3.648761530386258889e-02 6.833314557229728248e-01 7.789908281322676942e+01
6.796948870358147099e-01 -2.074946521256644180e-02 -7.332163949927967828e-01 -4.561534682560417053e+01 -1.216267634739628782e-02 9.991434954066666929e-01 -3.955753256592402234e-02 -5.163263811261133540e+00 7.334093478873592309e-01 3.580488568647727937e-02 6.788604157371453951e-01 7.869023706107996929e+01
6.751867522967762714e-01 -2.116842224265636646e-02 -7.372360547991525515e-01 -4.650467010817639135e+01 -1.121126676277171830e-02 9.991783112550882695e-01 -3.895650092773036283e-02 -5.220343366690271658e+00 7.374546873131083702e-01 3.457219286488704552e-02 6.743944684229280506e-01 7.949209172518311561e+01
6.712459021933744330e-01 -2.156928631200186533e-02 -7.410102276965900847e-01 -4.740600404843161897e+01 -1.076283490545870518e-02 9.991875598883880327e-01 -3.884567482785074993e-02 -5.280264697359094761e+00 7.412460922872272651e-01 3.405279423135313538e-02 6.704682703630008289e-01 8.028852262088143732e+01
6.684188030132757197e-01 -2.568826221536860827e-02 -7.434101401271150378e-01 -4.829424225967910189e+01 -6.253977537650888194e-03 9.991740100368745603e-01 -4.014676396601625508e-02 -5.345729664424919036e+00 7.438279340989770727e-01 3.147783509198558149e-02 6.677060827857265179e-01 8.108224690926596168e+01
6.621661557047998636e-01 -2.977587820052850914e-02 -7.488142006332698664e-01 -4.920070836960659477e+01 -3.309767428288992730e-03 9.990843097317453347e-01 -4.265085703966382813e-02 -5.410044127642740897e+00 7.493990076892116381e-01 3.071571795047102482e-02 6.614611811203092717e-01 8.188079298021330032e+01
6.582394014816248529e-01 -3.422078741565198756e-02 -7.520819996284409115e-01 -5.011137327571204736e+01 1.061389879404805742e-03 9.990074347158804935e-01 -4.452933137695582605e-02 -5.476407523474624561e+00 7.528599819187465902e-01 2.850514324479491712e-02 6.576226272462509792e-01 8.267780529060321726e+01
6.534585806673164354e-01 -3.844774212062947172e-02 -7.559852227117683787e-01 -5.103495383940725105e+01 7.128046932176812164e-03 9.989776254931975741e-01 -4.463853474267118204e-02 -5.545103556202358952e+00 7.569288472093824716e-01 2.378042779937444839e-02 6.530643607988673160e-01 8.347215569179887495e+01
6.447395621643409180e-01 -4.236109139185757766e-02 -7.631519150211238944e-01 -5.196937272505606842e+01 1.227543660228927642e-02 9.989080567328684213e-01 -4.508385309988591216e-02 -5.615100951457868028e+00 7.642285680713949425e-01 1.969253352391519760e-02 6.445560973808670546e-01 8.425252760994801804e+01
6.366296315080935964e-01 -4.325694529246672249e-02 -7.699231312053600451e-01 -5.290395058323888833e+01 1.511067902490765592e-02 9.989339418273424087e-01 -4.361339343561646681e-02 -5.686570088385731303e+00 7.709888961329756096e-01 1.613563033499536281e-02 6.366040497076245197e-01 8.503872242747227972e+01
6.257664748952636025e-01 -4.270133553943585708e-02 -7.787817391733868888e-01 -5.386954944788834609e+01 1.646853702314307610e-02 9.990009036513414209e-01 -4.154519379917747529e-02 -5.748471830891825896e+00 7.797777974045200233e-01 1.316871734016692233e-02 6.258447611552384604e-01 8.580963224150303859e+01
6.177317603245977562e-01 -4.241232502373465385e-02 -7.851204797705205740e-01 -5.484973551267208336e+01 1.671122794827370125e-02 9.990272465472617158e-01 -4.080454381943785652e-02 -5.819984839397686294e+00 7.860872463035203372e-01 1.208652105531262538e-02 6.178393317321142497e-01 8.656367757135008389e+01
6.096126473156499026e-01 -4.302776412291441782e-02 -7.915543070117646574e-01 -5.583044284172071769e+01 1.485772913886593098e-02 9.989707077472170793e-01 -4.286838257706137439e-02 -5.883913327311021568e+00 7.925835396559857138e-01 1.438014373765087416e-02 6.096242426696771854e-01 8.731966504129594853e+01
5.978352664749490009e-01 -4.532092892672641427e-02 -8.003523623845479884e-01 -5.682038229978634547e+01 1.616142179045165425e-02 9.988793400529866195e-01 -4.447050832239730911e-02 -5.952714547432607084e+00 8.014713708951044513e-01 1.365335821716454068e-02 5.978971812680849984e-01 8.805224810085373122e+01
5.877068397409567213e-01 -4.655751385819795890e-02 -8.077890469627428960e-01 -5.783173112603812882e+01 1.627431958620687708e-02 9.988208291984455034e-01 -4.572755822276227539e-02 -6.019369020980155582e+00 8.089664212313094627e-01 1.371948492282583365e-02 5.877721672193505498e-01 8.878123968157329671e+01
5.794436715393473936e-01 -4.699772822294415869e-02 -8.136618597072933223e-01 -5.884716666350421832e+01 1.919580302171797898e-02 9.988453102186168886e-01 -4.404311958879334604e-02 -6.091285599038920751e+00 8.147926467166192177e-01 9.891369166128972240e-03 5.796779896394358422e-01 8.950348630578760378e+01
5.681454464495397927e-01 -4.809456094379568197e-02 -8.215470205911016288e-01 -5.987917313342188663e+01 2.170506430784880508e-02 9.988189214106921732e-01 -4.347620698299255182e-02 -6.161441786625514005e+00 8.226676046480685400e-01 6.868427866512361729e-03 5.685186586442849688e-01 9.021572909640457283e+01
5.579438724377263625e-01 -4.750669911381306260e-02 -8.286183873459064264e-01 -6.093225122128292526e+01 2.134744960209147488e-02 9.988511932153920636e-01 -4.289457914687398732e-02 -6.233525356633683678e+00 8.297049768618618426e-01 6.239882058423497357e-03 5.583174178483161221e-01 9.091278585612872121e+01
5.484878419127204863e-01 -4.885189433445007168e-02 -8.346518025263764962e-01 -6.198799339207063497e+01 2.093075696522549503e-02 9.987813312945761357e-01 -4.470737428219185433e-02 -6.301922592158583747e+00 8.358180849740497464e-01 7.057130569232006150e-03 5.488417071676119363e-01 9.159849137706098077e+01
5.376069362467240653e-01 -4.880055813009195886e-02 -8.417365612018603560e-01 -6.305350394734237796e+01 1.962141433330278142e-02 9.987771751408823784e-01 -4.537616714590814865e-02 -6.372560383091112612e+00 8.429218876022398499e-01 7.872073572829646829e-03 5.379075350929540811e-01 9.226707773091938236e+01
5.286908391260657369e-01 -4.955680268484606577e-02 -8.473182100916964998e-01 -6.413492135307697595e+01 1.863218316422648665e-02 9.987306957029916665e-01 -4.680073449336297209e-02 -6.446056726405995363e+00 8.485620696741825730e-01 8.948958056572552111e-03 5.289438359213700647e-01 9.292530058271213989e+01
