1.0 0.0 0.0 0.0 0.0 1.0 0.0 0.0 0.0 0.0 1.0 0.0
0.9999486 0.010040405 0.0013845479 0.3013916 -0.0100366445 0.999946 -0.0026972299 -0.01159668 -0.0014115497 0.0026831925 0.9999954 0.00061035156
0.99984217 0.017732227 0.0010948114 0.5842285 -0.017726524 0.9998303 -0.005015679 -0.02355957 -0.0011835515 0.0049954723 0.9999868 -0.0009765625
0.9997928 0.02035209 3.515133e-05 0.8894043 -0.020351214 0.9997632 -0.0076977033 -0.03564453 -0.00019184705 0.0076953936 0.9999704 0.01159668
0.99983394 0.018179502 -0.0012434359 1.1972656 -0.018190248 0.9997916 -0.0092557985 -0.04309082 0.0010748339 0.009276883 0.99995637 0.008666992
0.9999333 0.011341246 -0.0021986011 1.5153809 -0.011365492 0.999871 -0.011349182 -0.047607422 0.0020696344 0.011373411 0.9999332 0.006225586
0.9999912 -0.00030340307 -0.004191624 1.84021 0.00024899642 0.9999158 -0.012979551 -0.0423584 0.0041952087 0.012978394 0.999907 0.020141602
0.99986166 -0.016108802 -0.004149945 2.1680908 0.016057523 0.99979776 -0.01211388 -0.026733398 0.0043441816 0.012045598 0.99991804 0.027832031
0.9993177 -0.03669531 -0.0042277705 2.512085 0.036662817 0.99929947 -0.0075244447 -0.0009765625 0.004500916 0.0073643634 0.99996275 0.021484375
0.99845034 -0.055400856 -0.0053091375 2.8623047 0.05537556 0.99845433 -0.004798112 0.036743164 0.005566776 0.004496724 0.99997437 0.02368164
0.9971807 -0.07480493 -0.00577112 3.2281494 0.07478733 0.9971936 -0.0032080107 0.07495117 0.005994933 0.0027672383 0.9999782 0.0345459
0.9952852 -0.096825235 -0.0056986194 3.6064453 0.09679529 0.9952902 -0.005315288 0.11242676 0.006186485 0.004738686 0.99996966 0.029296875
0.9932296 -0.116090074 -0.004251213 3.9945068 0.11605913 0.99321824 -0.006917965 0.16967773 0.0050256373 0.0063777305 0.99996704 0.037719727
0.9910914 -0.13312048 -0.0036141868 4.3931885 0.13310134 0.99108744 -0.005102024 0.23950195 0.0042610844 0.004575497 0.99998045 0.04248047
0.98870265 -0.14981526 -0.0034684273 4.812866 0.14980182 0.98870325 -0.0038598275 0.31176758 0.0040076924 0.003296487 0.9999865 0.048217773
0.9868441 -0.16168939 -0.0032352752 5.232666 0.16167645 0.9868437 -0.0039257454 0.39343262 0.0038273043 0.0033511925 0.99998707 0.05029297
0.9846486 -0.17453946 -0.0038150835 5.6712646 0.17451918 0.9846462 -0.0051257424 0.47924805 0.0046510296 0.004381342 0.99997956 0.056884766
0.98287016 -0.18421125 -0.0052212765 6.1191406 0.18416448 0.98285735 -0.008349513 0.5621338 0.006670095 0.007244727 0.9999515 0.06762695
0.9814764 -0.1914039 -0.007065823 6.5844727 0.1913547 0.9814859 -0.007089614 0.6571045 0.008292114 0.005605812 0.99994993 0.07080078
0.9796387 -0.20051806 -0.009602147 7.0612793 0.20045723 0.9796737 -0.006934712 0.76342773 0.0107976375 0.004868165 0.99992985 0.0715332
0.97850776 -0.20582023 -0.012409151 7.547119 0.20573393 0.97857285 -0.0078849625 0.86865234 0.013765946 0.0051618996 0.9998919 0.078125
0.9763059 -0.21601956 -0.013000125 8.052368 0.215872 0.97635305 -0.011866918 0.9797363 0.015255684 0.008779402 0.999845 0.08703613
0.975049 -0.22164108 -0.012990024 8.562988 0.22142069 0.97504634 -0.01649091 1.0926514 0.01632062 0.013203677 0.9997796 0.10058594
0.9729158 -0.23063745 -0.01510757 9.090454 0.23037215 0.9729399 -0.017443325 1.2200928 0.018721975 0.013488904 0.9997336 0.11853027
0.97064114 -0.23964524 -0.020172723 9.62085 0.23937531 0.97080296 -0.014911433 1.3702393 0.023157328 0.009643721 0.9996852 0.122558594
0.9689012 -0.24628197 -0.024083473 10.167847 0.24607325 0.9691875 -0.01132422 1.5227051 0.026129695 0.0050454754 0.9996457 0.13391113
0.96632445 -0.25592664 -0.025933798 10.724731 0.25563464 0.9666475 -0.014066309 1.673584 0.02867043 0.006960912 0.99956465 0.14685059
0.9641319 -0.2640464 -0.02730595 11.296387 0.2636768 0.96448 -0.016411072 1.8276367 0.030669607 0.008623474 0.99949235 0.17407227
0.9617402 -0.27236715 -0.029917795 11.881836 0.2719861 0.96217686 -0.016223505 2.003662 0.033202834 0.0074648084 0.99942046 0.19433594
0.9596839 -0.2790962 -0.033593707 12.479004 0.27872068 0.9602563 -0.015475564 2.187622 0.03657824 0.0054891245 0.9993157 0.21203613
0.95715994 -0.28692847 -0.039089814 13.07959 0.28644922 0.95794237 -0.01747505 2.374878 0.04245817 0.0055271713 0.9990825 0.2397461
0.95501226 -0.29284123 -0.04633486 13.694458 0.29232496 0.9561298 -0.017708704 2.572998 0.049488746 0.0033631828 0.99876887 0.2722168
0.95334196 -0.29684752 -0.055128917 14.319214 0.29626027 0.95493364 -0.01872237 2.7799072 0.058202103 0.0015170733 0.9983034 0.3005371
0.9519981 -0.2994208 -0.06395045 14.953003 0.29887113 0.95414203 -0.018218946 2.9868164 0.06647141 -0.001764073 0.9977867 0.3416748
0.94965094 -0.30460113 -0.07352704 15.601074 0.30411303 0.95247793 -0.018017912 3.2077637 0.07552055 -0.0052435603 0.9971312 0.38000488
0.947964 -0.30771887 -0.08156704 16.256592 0.30734742 0.9514295 -0.01738843 3.4265137 0.08295558 -0.008594222 0.9965145 0.4317627
0.94548887 -0.31343162 -0.088754155 16.921509 0.31330734 0.94955665 -0.015687054 3.6618652 0.08919185 -0.012965441 0.9959302 0.48742676
0.9436389 -0.3168536 -0.095493846 17.603516 0.31699875 0.9483081 -0.014059705 3.9060059 0.095010884 -0.017015543 0.9953284 0.55407715
0.9418924 -0.31995595 -0.10204533 18.292358 0.32049888 0.94715095 -0.011484694 4.1571045 0.10032664 -0.021896798 0.99471337 0.62194824
0.9393304 -0.3261131 -0.10660807 18.992432 0.32701 0.9450059 -0.00945238 4.411377 0.10382572 -0.025979534 0.99425405 0.69421387
0.9377374 -0.32998142 -0.10836392 19.701782 0.33103943 0.943568 -0.008598873 4.6815186 0.105087124 -0.027812185 0.9940741 0.77319336
0.9351494 -0.33744115 -0.10775531 20.4281 0.33851624 0.9409119 -0.008717412 4.94812 0.104328886 -0.028331013 0.99413794 0.85546875
0.9332199 -0.3432955 -0.106096685 21.161621 0.34438443 0.9387934 -0.008454587 5.223633 0.10250668 -0.028643347 0.9943211 0.93481445
0.93137544 -0.34868783 -0.1047078 21.903687 0.34971 0.9368189 -0.009032218 5.508545 0.1012418 -0.028205916 0.9944614 1.0198975
0.92896014 -0.3558173 -0.1020499 22.6427 0.35695928 0.93408567 -0.0074789226 5.7946777 0.09798124 -0.029489128 0.99474883 1.1063232
0.92474234 -0.36788994 -0.097300105 23.40564 0.3691593 0.92932934 -0.0052756555 6.106201 0.09236686 -0.031048555 0.9952405 1.1806641
0.922938 -0.37372282 -0.09224634 24.153076 0.37503964 0.92699957 -0.003279646 6.4226074 0.086737745 -0.03157219 0.9957303 1.262085
0.919545 -0.38258496 -0.089821585 24.91504 0.3841747 0.9232604 0.00045139738 6.756714 0.08275746 -0.03491807 0.99595886 1.3359375
0.9165206 -0.38998958 -0.088608876 25.68457 0.3915833 0.9201183 0.00064460817 7.0931396 0.081276655 -0.035298247 0.99606514 1.4112549
0.91253513 -0.3992497 -0.088367306 26.462646 0.4009993 0.9160341 0.0022584875 7.4375 0.08004884 -0.037493363 0.9960879 1.4831543
0.90901244 -0.40740526 -0.08808473 27.240356 0.40909606 0.91251403 0.0012600818 7.796753 0.079866774 -0.037179425 0.99611145 1.5516357
0.90493387 -0.41663063 -0.086528756 28.027466 0.41836172 0.90826416 0.002070076 8.167969 0.07772882 -0.038079303 0.9962467 1.6191406
0.9016165 -0.42433566 -0.08394654 28.822388 0.42598355 0.9047393 0.0019133938 8.550903 0.075138114 -0.03747973 0.9964691 1.69104
0.89909786 -0.43030217 -0.07992547 29.623535 0.43184263 0.90190446 0.002212182 8.944458 0.071131535 -0.03651026 0.99679846 1.7584229
0.89535016 -0.439005 -0.07491506 30.437134 0.44049492 0.8977414 0.0037978988 9.3479 0.06558868 -0.036402278 0.9971826 1.8218994
0.8923785 -0.4459317 -0.06967805 31.254517 0.44726074 0.8944227 0.0039471164 9.762085 0.06056478 -0.03468424 0.99756163 1.8884277
0.88820606 -0.45441228 -0.06753203 32.079834 0.45562875 0.8901434 0.0029617355 10.187256 0.058767073 -0.033405066 0.99771243 1.9530029
0.88501954 -0.46085322 -0.06615779 32.91101 0.46205673 0.8868563 0.0032950505 10.6258545 0.05715025 -0.033479642 0.99780405 2.0081787
0.8837942 -0.46351588 -0.064283244 33.75183 0.46465227 0.8855283 0.0031174584 11.075439 0.055477876 -0.032619495 0.9979268 2.0617676
0.87977165 -0.47131613 -0.062381018 34.603027 0.4723379 0.88143224 0.0018677996 11.535645 0.05410522 -0.03110977 0.99805033 2.121704
0.8775759 -0.47538742 -0.062036786 35.463257 0.47636467 0.879236 0.001101829 12.002808 0.054021478 -0.030517604 0.99807364 2.177124
0.8764363 -0.4774779 -0.061717216 36.326538 0.47838622 0.8781127 -6.758887e-05 12.483398 0.054228805 -0.029471956 0.9980934 2.2316895
0.87431854 -0.48138502 -0.06271042 37.20166 0.48231256 0.8760547 -0.0003977758 12.975952 0.05512678 -0.029891258 0.99803174 2.2884521
0.8744307 -0.48119247 -0.06202825 38.089355 0.4821414 0.8761072 0.0003707232 13.473755 0.05416369 -0.030234762 0.99807364 2.3442383
0.87404984 -0.4820539 -0.060159504 38.99695 0.48293877 0.8756304 0.00018962962 13.978149 0.052585673 -0.029222345 0.9981887 2.4091797
0.87320375 -0.4837597 -0.05849384 39.904663 0.48450696 0.87474614 -0.0015982605 14.490112 0.051941898 -0.026953215 0.99828607 2.4676514
0.8740438 -0.48246384 -0.058160193 40.82483 0.48308715 0.875625 -0.0037475703 15.005493 0.05273376 -0.024813052 0.99830043 2.5179443
0.87244964 -0.48526317 -0.05780916 41.762207 0.48577952 0.87405735 -0.0056999614 15.529541 0.0532957 -0.023111146 0.99831134 2.5805664
0.8719094 -0.4865037 -0.05521312 42.699097 0.48693317 0.8733934 -0.0062884996 16.056152 0.05128638 -0.021402065 0.9984551 2.6395264
0.8695392 -0.4912011 -0.051319137 43.63562 0.49162975 0.8707968 -0.004768419 16.59253 0.04703445 -0.021079201 0.9986714 2.697998
0.86676323 -0.49639937 -0.04685554 44.573242 0.49677637 0.8678037 -0.004053141 17.124756 0.042672504 -0.019770391 0.9988934 2.7559814
0.8639693 -0.5017205 -0.0436983 45.497192 0.5019331 0.86492366 -0.006751716 17.662354 0.04118546 -0.016094834 0.99902225 2.8205566
0.85813665 -0.5114915 -0.044551 46.414795 0.51163244 0.8591613 -0.009047346 18.210571 0.04290162 -0.01503494 0.99896574 2.876709
0.8530267 -0.5198117 -0.04698318 47.326904 0.51986945 0.8542015 -0.011945907 18.767822 0.046340786 -0.014237725 0.9988237 2.9345703
0.8461215 -0.5308313 -0.046479 48.243896 0.5309082 0.84726787 -0.0116964765 19.349243 0.04559067 -0.0147817675 0.99885124 2.9852295
0.84116715 -0.53916633 -0.042461943 49.15332 0.5393161 0.84209585 -0.008818618 19.944458 0.040514566 -0.015480153 0.9990592 3.0367432
0.83721083 -0.545474 -0.03878842 50.05542 0.54570824 0.83794045 -0.0052072457 20.539795 0.03534128 -0.016811084 0.9992338 3.092163
0.83235824 -0.55267316 -0.04138044 50.946533 0.55296457 0.83317715 -0.0050771413 21.138672 0.037282757 -0.018654117 0.9991308 3.1408691
0.82821196 -0.55860865 -0.045139022 51.827393 0.5589029 0.82921326 -0.006988532 21.745483 0.041335076 -0.019439545 0.9989564 3.19104
0.8258673 -0.5613358 -0.05200389 52.706543 0.5617081 0.82720554 -0.008535979 22.35437 0.047813363 -0.022163197 0.99861085 3.25
0.8221792 -0.56659317 -0.053306147 53.591797 0.56694764 0.8236046 -0.009686762 22.966187 0.049392693 -0.022264156 0.9985313 3.3049316
0.82021415 -0.56986684 -0.049517725 54.470703 0.5702264 0.8214202 -0.007923771 23.588379 0.04519042 -0.021744039 0.9987415 3.3690186
0.8168203 -0.5752796 -0.044065416 55.356445 0.57560873 0.8177542 -0.0060868417 24.220825 0.039536223 -0.02039297 0.9990099 3.4190674
0.81263274 -0.5812383 -0.0418133 56.239014 0.5815762 0.81345147 -0.0048216786 24.854492 0.03681639 -0.020393515 0.99911445 3.4744873
0.8109587 -0.5836851 -0.043078654 57.10913 0.58410335 0.8117939 -0.0034443927 25.495361 0.03698114 -0.02235881 0.99906605 3.5231934
0.80681455 -0.58901954 -0.04438862 57.983887 0.58939254 0.80774385 -0.0055596814 26.140259 0.0391267 -0.021684049 0.9989987 3.5688477
0.80307853 -0.59409475 -0.046111114 58.856445 0.5944591 0.8041029 -0.006854863 26.791748 0.0411493 -0.021906165 0.9989128 3.6230469
0.7998803 -0.59847754 -0.045026302 59.72339 0.5987483 0.80089676 -0.008698187 27.445679 0.04126938 -0.019999925 0.99894816 3.6724854
0.79478055 -0.60524714 -0.04516037 60.60132 0.6055836 0.79577243 -0.0073758294 28.118286 0.04040126 -0.021483578 0.9989527 3.7246094
0.7907565 -0.6105315 -0.043727342 61.456543 0.6108055 0.7917092 -0.008346275 28.785156 0.039716158 -0.020109959 0.99900866 3.7772217
0.7856514 -0.61717635 -0.044305325 62.317383 0.61743224 0.7866446 -0.009290199 29.46875 0.04058325 -0.020057896 0.9989744 3.833252
0.78050363 -0.62347823 -0.044185773 63.176025 0.6236699 0.7815233 -0.011002204 30.165894 0.041392393 -0.018978627 0.9989624 3.8847656
0.7755976 -0.6296121 -0.044789676 64.03223 0.6297728 0.7766634 -0.012196721 30.861938 0.042469464 -0.018747931 0.99892205 3.9384766
0.769679 -0.63697314 -0.044744242 64.88574 0.63710445 0.77075833 -0.013098711 31.574219 0.042831942 -0.018417459 0.99891275 3.9959717
0.7639634 -0.6436334 -0.04521644 65.73511 0.6436599 0.7651128 -0.015913062 32.28723 0.044837564 -0.016950604 0.9988503 4.0511475
0.757104 -0.65182894 -0.04396227 66.579834 0.65180814 0.75821126 -0.016770542 33.02112 0.04426827 -0.015956875 0.9988924 4.1046143
0.7511968 -0.6586713 -0.042280287 67.41504 0.65862554 0.7522346 -0.016981216 33.757812 0.042986356 -0.01509531 0.9989613 4.1679688
0.74645627 -0.66424316 -0.04005669 68.262695 0.6641605 0.74740416 -0.017263286 34.51538 0.041405264 -0.0137145575 0.9990484 4.2160645
0.7392517 -0.67226195 -0.040314782 69.10083 0.6720914 0.7402441 -0.019675257 35.273804 0.04306563 -0.012551314 0.99899316 4.2731934
0.7340939 -0.6778529 -0.040733185 69.93115 0.67763627 0.73512286 -0.021023346 36.052002 0.044191692 -0.012173759 0.9989485 4.3338623
0.7276455 -0.68463165 -0.04128727 70.75708 0.68444306 0.7286969 -0.02076382 36.830322 0.04430569 -0.013148019 0.9989319 4.3843994
0.7219242 -0.690865 -0.039884638 71.5813 0.69066507 0.7229171 -0.020815434 37.62903 0.043207522 -0.012523946 0.99898714 4.440796
0.718286 -0.69456273 -0.040006995 72.39917 0.6943841 0.7192802 -0.020472325 38.43152 0.04299583 -0.01307355 0.9989898 4.50354
0.71273404 -0.70025134 -0.040660404 73.2229 0.7000479 0.7137711 -0.021428378 39.24817 0.04402318 -0.013194742 0.99894303 4.5612793
0.70856977 -0.70432234 -0.042413913 74.04443 0.7041038 0.7097006 -0.022426557 40.07202 0.045897808 -0.013975876 0.99884826 4.6225586
0.7037818 -0.7090222 -0.044185314 74.86133 0.7087089 0.70503557 -0.025100056 40.90039 0.048953455 -0.013654647 0.9987076 4.6848145
0.69771224 -0.7148267 -0.045159377 75.67334 0.7145376 0.6990161 -0.025111891 41.74231 0.04952472 -0.014745812 0.9986645 4.7454834
0.69286364 -0.71962166 -0.043207463 76.48804 0.7193096 0.6940757 -0.025193801 42.58899 0.048124447 -0.01362899 0.9987484 4.806885
0.6889347 -0.7236393 -0.040797163 77.30664 0.7232631 0.6900448 -0.026047753 43.446167 0.046998218 -0.011563758 0.9988279 4.8721924
0.68336034 -0.7289509 -0.040347327 78.11255 0.7285596 0.68445665 -0.026432347 44.31482 0.046884127 -0.011334339 0.99883586 4.9384766
0.67889744 -0.733176 -0.039672505 78.90723 0.7327097 0.679981 -0.028004494 45.18213 0.047511917 -0.010052018 0.99882036 5.0025635
0.67443573 -0.7372252 -0.038444012 79.71265 0.73673093 0.6754689 -0.028488362 46.068115 0.04697416 -0.009109871 0.9988549 5.0617676
0.6705123 -0.7410179 -0.03793039 80.51245 0.74050295 0.671528 -0.02894643 46.966187 0.046920028 -0.008668455 0.99886143 5.1237793
0.66777503 -0.7435913 -0.035366073 81.309326 0.7428652 0.6686983 -0.033108123 47.85132 0.04826621 -0.0041678557 0.99882555 5.190796
0.66155124 -0.74914944 -0.034616522 82.11206 0.74822193 0.6624556 -0.03728146 48.753662 0.050858743 -0.001241629 0.9987048 5.2563477
0.657739 -0.7526 -0.03241771 82.9126 0.7514452 0.6585301 -0.04178233 49.66089 0.052795563 0.0031175967 0.99860036 5.3242188
0.65321195 -0.756668 -0.02770431 83.71094 0.7553191 0.65373516 -0.04608138 50.58081 0.052976385 0.009172171 0.99855345 5.3951416
0.6447332 -0.76396763 -0.023627833 84.49658 0.7624555 0.6450071 -0.050118163 51.510498 0.05354325 0.014296451 0.99846345 5.467407
0.63679504 -0.77073854 -0.020075385 85.28784 0.7692316 0.63688207 -0.05113001 52.440674 0.052184198 0.017112657 0.9984905 5.541748
0.6260422 -0.7795428 -0.01710811 86.0647 0.7781092 0.6260041 -0.050725423 53.401367 0.050260074 0.018443212 0.99856585 5.6070557
0.61803937 -0.7858595 -0.016024165 86.82373 0.78445494 0.6179656 -0.050544433 54.37744 0.049622994 0.018663248 0.9985934 5.6817627
0.609823 -0.7923493 -0.018318368 87.58447 0.7908676 0.609867 -0.051262066 55.354004 0.05178798 0.016783295 0.99851763 5.747925
0.59811133 -0.8012347 -0.017592048 88.32324 0.7996367 0.5980985 -0.053707454 56.338867 0.05353851 0.018047687 0.99840194 5.819336
0.58799434 -0.80872864 -0.01765562 89.05786 0.80705434 0.5879799 -0.05507303 57.345703 0.054920733 0.018125884 0.9983256 5.888916
0.5799145 -0.81456715 -0.013822688 89.7854 0.8129367 0.57969725 -0.055625185 58.357178 0.053341568 0.021021418 0.9983552 5.9648438
0.5687716 -0.8224506 -0.010793116 90.50391 0.820818 0.5683884 -0.056869432 59.38452 0.052914817 0.023492001 0.998323 6.0388184
0.55857116 -0.8294955 -0.01015386 91.20679 0.82789695 0.5581856 -0.056410994 60.43335 0.052455835 0.023098677 0.99835575 6.11499
0.5491021 -0.83560485 -0.010961903 91.89795 0.8339063 0.5487445 -0.05786915 61.485107 0.054377224 0.022642843 0.99826425 6.1867676
0.5381674 -0.8427107 -0.011763144 92.57251 0.8409852 0.53787446 -0.05794972 62.546387 0.055171456 0.021290831 0.99824977 6.2613525
0.5292062 -0.8483487 -0.012829082 93.236084 0.8465498 0.5289731 -0.058811408 63.624023 0.05669682 0.020264251 0.99818605 6.338745
0.51802784 -0.8551532 -0.013512561 93.889404 0.85335785 0.5178642 -0.05849113 64.70801 0.057012912 0.01877421 0.9981972 6.422241
0.5090063 -0.86063147 -0.012257278 94.53638 0.8589508 0.5088217 -0.056817494 65.80176 0.05513807 0.018389575 0.9983093 6.499878
0.5023471 -0.864457 -0.010099619 95.17847 0.8629055 0.5020892 -0.055138923 66.91113 0.052757032 0.018985491 0.99842715 6.5769043
0.49384025 -0.8695836 -0.009874158 95.80469 0.86804014 0.49358907 -0.05501716 68.023926 0.052709416 0.018587736 0.9984361 6.654297
0.48548985 -0.8741427 -0.008564483 96.43921 0.8724332 0.48511314 -0.05852882 69.1438 0.055318464 0.020952776 0.9982494 6.7336426
0.48103273 -0.87676734 -0.006957628 97.05737 0.87491745 0.48050565 -0.061605666 70.263916 0.057357244 0.023557846 0.9980764 6.8129883
0.474039 -0.8806292 -0.0065339943 97.66211 0.87861437 0.47343373 -0.06449942 71.40039 0.05987646 0.024824336 0.99789625 6.8947754
0.46900654 -0.8831994 -0.006023449 98.262695 0.8809787 0.46829084 -0.06800536 72.523926 0.062880754 0.026590863 0.9976668 6.98584
0.46480948 -0.8853282 -0.0042423266 98.85913 0.8831455 0.46398908 -0.06812444 73.66577 0.062286638 0.027931098 0.9976682 7.0751953
0.4614504 -0.8871251 0.00012153565 99.450195 0.88515157 0.46041363 -0.06672805 74.799805 0.05915628 0.03090876 0.9977708 7.168579
0.456317 -0.88982993 0.005488304 100.04492 0.88811284 0.45503423 -0.06521321 75.93384 0.055524345 0.03463563 0.99785674 7.2593994
0.45283568 -0.89152354 0.008180771 100.61157 0.8899146 0.45142415 -0.0648805 77.063965 0.0541443 0.03664971 0.9978597 7.342407
0.45007217 -0.8930044 0.009728575 101.18872 0.89147556 0.44860148 -0.06436419 78.201904 0.053106785 0.03761929 0.9978788 7.423462
0.4496646 -0.8930348 0.012508815 101.759766 0.8917052 0.4481178 -0.062606305 79.333984 0.050307084 0.03931815 0.9979603 7.505127
0.44614622 -0.89490443 0.015439465 102.31299 0.8936913 0.4444629 -0.06250101 80.45874 0.04906934 0.0416796 0.99792534 7.5811768
0.4436278 -0.8959424 0.017512904 102.86963 0.89480513 0.44183978 -0.06265152 81.575195 0.048413143 0.04346169 0.997881 7.6622314
0.4410979 -0.89731354 0.019882753 103.41699 0.89622915 0.4391537 -0.06366141 82.681885 0.048384503 0.045910228 0.9977739 7.734497
0.44012728 -0.8975553 0.024164323 103.957275 0.8967391 0.43805203 -0.06221657 83.78735 0.045262106 0.049055945 0.99777 7.8078613
0.43861535 -0.898361 0.025051247 104.49805 0.8976257 0.43654618 -0.061321467 84.89111 0.044145934 0.049390394 0.99780405 7.8792725
0.43655804 -0.8993384 0.027942445 105.021484 0.8986827 0.43429118 -0.06273125 85.94995 0.044261042 0.052500866 0.99764013 7.947876
0.4350355 -0.9000848 0.029309995 105.54053 0.89947945 0.4326875 -0.06311816 87.028564 0.04412329 0.053805225 0.9975753 8.015015
0.43552083 -0.8996424 0.029449996 106.053955 0.8989721 0.43307742 -0.06478064 88.101074 0.045506425 0.054686505 0.9974663 8.092407
0.4350239 -0.9000574 0.029398013 106.551025 0.8993449 0.43253562 -0.06561846 89.13696 0.0463365 0.05498951 0.9974118 8.161987
0.4375661 -0.89894587 0.026081573 107.0542 0.89809656 0.4352704 -0.064875804 90.18164 0.04695944 0.051798526 0.9975523 8.231201
0.440109 -0.8976701 0.023968106 107.54468 0.896737 0.4379283 -0.06450885 91.20654 0.047425676 0.049876954 0.9976281 8.298828
0.4454532 -0.8950759 0.021585984 108.04468 0.89399403 0.44333562 -0.065459 92.23096 0.04901684 0.048466295 0.9976221 8.367065
0.45230594 -0.891726 0.020214666 108.55347 0.89062345 0.45027718 -0.064826354 93.250244 0.04870761 0.047308803 0.99769104 8.435669
0.45838735 -0.8885023 0.020333603 109.055176 0.8874497 0.45637456 -0.06422513 94.23535 0.047780305 0.047490403 0.99772865 8.501953
0.4671936 -0.8839628 0.01960798 109.572754 0.8829377 0.4652463 -0.06332879 95.23462 0.046867397 0.046902537 0.99779946 8.567993
0.47640043 -0.87912947 0.018696588 110.102295 0.8781165 0.4745203 -0.062599495 96.22974 0.04614492 0.0462451 0.9978643 8.634644
0.4850498 -0.8743169 0.017179336 110.62793 0.87330014 0.48327625 -0.061555713 97.20386 0.045517627 0.04486064 0.99795574 8.692993
0.49605206 -0.8681081 0.015835322 111.17676 0.8670351 0.49430892 -0.0619573 98.17285 0.04596067 0.044461936 0.99795306 8.755005
0.50519663 -0.8630117 0.012028585 111.718994 0.86174077 0.50357485 -0.06301669 99.12451 0.0483229 0.04218689 0.9979395 8.821045
0.51617914 -0.85644317 0.008133771 112.278564 0.85502034 0.5147203 -0.06327698 100.06714 0.05001424 0.039614584 0.9979623 8.883911
0.5294449 -0.8484329 0.005753341 112.85205 0.84704226 0.5281621 -0.06121353 101.01001 0.048888378 0.037278153 0.99810815 8.948853
0.5409339 -0.84104896 0.0045827236 113.43652 0.8397722 0.5397956 -0.058277905 101.93579 0.046543796 0.035365228 0.9982895 9.017212
0.5536764 -0.8327738 0.0047774594 114.035645 0.8315739 0.55255044 -0.057142712 102.851074 0.044946734 0.035614245 0.9983545 9.078003
0.5646462 -0.8254198 0.004233904 114.63696 0.8242945 0.5635917 -0.055347487 103.74194 0.043299843 0.034745418 0.9984579 9.140381
0.5765673 -0.8171098 0.0033731032 115.24536 0.81595093 0.5755191 -0.055774543 104.627686 0.04363229 0.034909092 0.9984374 9.197632
0.5876471 -0.809204 0.0016814539 115.87085 0.8079743 0.5866369 -0.05637287 105.49805 0.04462156 0.034487907 0.9984088 9.258911
0.59883875 -0.80082935 0.002195037 116.50049 0.7995453 0.5977186 -0.058307648 106.33838 0.04538784 0.036673367 0.99829614 9.314453
0.60987264 -0.7924511 0.0018954049 117.13696 0.7912022 0.6087734 -0.05763279 107.18115 0.044519193 0.036654133 0.9983364 9.379395
0.6205801 -0.7841456 0.0017146589 117.78223 0.7829988 0.61955136 -0.055453938 108.00879 0.042427547 0.035753116 0.9984594 9.4383545
0.6294897 -0.777026 0.003720114 118.41797 0.7760817 0.6284732 -0.05251829 108.80762 0.038475454 0.03594192 0.99861264 9.493286
0.640113 -0.7681389 0.0033783736 119.079834 0.767256 0.63915306 -0.050949138 109.60547 0.036981117 0.03521303 0.9986959 9.547607
0.6490992 -0.7606775 0.0001711282 119.72656 0.759723 0.6482734 -0.050224498 110.380615 0.038095497 0.032732677 0.9987381 9.596436
0.65838796 -0.7527246 -0.002202766 120.38135 0.75173765 0.6576688 -0.049345918 111.14502 0.038597424 0.030833637 0.99877906 9.644897
0.66857475 -0.7436364 -0.0030241192 121.052 0.7426839 0.6679134 -0.048051342 111.89307 0.03775579 0.029885093 0.9988403 9.690063
0.6764945 -0.7364843 -0.002069844 121.71167 0.7356335 0.6758426 -0.046241816 112.62402 0.03545433 0.0297642 0.9989282 9.743042
0.68547845 -0.72804797 -0.0009459052 122.37402 0.72728246 0.6848162 -0.044979166 113.34424 0.033394083 0.03014596 0.9989877 9.792358
0.69527 -0.7188369 -0.0009407911 123.0625 0.7181437 0.6946558 -0.04301177 114.04541 0.031572063 0.029225888 0.99907386 9.838135
0.7015059 -0.71268725 -0.0015997 123.72583 0.7119848 0.70091116 -0.042871166 114.73047 0.03166814 0.028932534 0.9990795 9.876953
0.7095564 -0.7046464 -0.0019425647 124.41382 0.7039859 0.7090053 -0.041415155 115.41797 0.03056936 0.028019968 0.9991397 9.922363
0.71642375 -0.69757867 -0.0011475647 125.07837 0.6970472 0.7159402 -0.03787691 116.073975 0.02725372 0.026334103 0.9992814 9.962524
0.72355926 -0.6903375 -0.0005283188 125.7561 0.68988514 0.72311246 -0.03564768 116.73584 0.024989696 0.025424216 0.99936414 10.002319
0.7307743 -0.6826054 -0.0005037668 126.43701 0.68219036 0.730355 -0.03433676 117.382324 0.023810793 0.024748113 0.99941003 10.037598
0.73752725 -0.6753583 -0.001248168 127.098145 0.6749839 0.7371772 -0.03198548 117.99927 0.0225211 0.022749754 0.9994876 10.079468
0.74542195 -0.66649306 -0.0018272251 127.76807 0.66616225 0.7451328 -0.029581873 118.61133 0.021080468 0.020836905 0.9995608 10.106079
0.75492924 -0.65578145 -0.00053197437 128.44751 0.655536 0.75466824 -0.026752349 119.211914 0.017949715 0.019845562 0.99964184 10.141235
0.76340836 -0.6460525 0.00035302003 129.11621 0.64589226 0.76320654 -0.022697357 119.78467 0.014390223 0.01755428 0.9997423 10.165405
0.7733706 -0.6339139 -0.00017911312 129.79736 0.63378876 0.77322346 -0.019651191 120.34888 0.012595979 0.015083437 0.99980694 10.194824
0.7832655 -0.621605 -0.00202104 130.45996 0.6214524 0.7831376 -0.019846885 120.89087 0.013922688 0.014290273 0.99980104 10.214722
0.79262775 -0.60972756 -0.003338926 131.13477 0.6095598 0.7925178 -0.019746415 121.41235 0.014685719 0.013616138 0.9997995 10.239502
0.80317235 -0.5958182 -0.0034385934 131.8313 0.5956546 0.80306447 -0.01949279 121.93408 0.01437369 0.013606505 0.99980414 10.262207
0.81241024 -0.583153 -0.0028053424 132.51099 0.5830282 0.8123197 -0.0173344 122.4353 0.012385544 0.012447351 0.9998458 10.285522
0.82244945 -0.56875104 -0.001078694 133.22949 0.5686765 0.8223695 -0.014751611 122.92749 0.0092768045 0.011519656 0.9998906 10.298706
0.8313612 -0.555795 0.00084831007 133.91895 0.5557535 0.8312783 -0.013584582 123.41016 0.0068448633 0.011764845 0.9999074 10.315186
0.8401752 -0.5424045 0.0033083458 134.63135 0.54240185 0.8400979 -0.011986565 123.874756 0.003719791 0.011865326 0.9999227 10.331909
0.848746 -0.5288913 0.0051783836 135.36206 0.52891564 0.8486835 -0.01034905 124.33325 0.0010776315 0.01152231 0.99993306 10.3428955
0.85458744 -0.5192822 0.007291873 136.08105 0.5193331 0.8545205 -0.01070807 124.77222 -0.0006725136 0.012936805 0.99991614 10.355347
0.8612229 -0.50813466 0.0073335725 136.80566 0.5081869 0.86115557 -0.010796816 125.2146 -0.00082881283 0.013025364 0.9999148 10.366577
0.8687002 -0.49535772 0.0074540665 137.57104 0.49540892 0.8686601 -0.008635047 125.64258 -0.002198148 0.011192651 0.9999349 10.37439
0.8745097 -0.48495206 0.0076779528 138.30249 0.48500147 0.87448776 -0.007002396 126.06152 -0.0033173743 0.009847656 0.999946 10.37561
0.8810229 -0.4729737 0.007653904 139.0669 0.47301868 0.8810129 -0.005789334 126.481445 -0.004005282 0.008721629 0.9999539 10.378906
0.88684034 -0.4620232 0.008157394 139.8269 0.46207422 0.88683003 -0.0061207106 126.882324 -0.004405891 0.009197218 0.99994797 10.392822
0.8913283 -0.45332894 0.0075605465 140.59497 0.45337877 0.89130545 -0.0072337314 127.275635 -0.0034600063 0.009875265 0.9999453 10.39917
0.8957213 -0.44449043 0.0074875727 141.39209 0.44454134 0.89569443 -0.00768098 127.66016 -0.0032913242 0.010208478 0.9999424 10.390503
0.8990343 -0.4377591 0.007925677 142.16504 0.43781096 0.8990187 -0.006752012 128.04834 -0.0041703596 0.009540649 0.9999458 10.396973
0.9025473 -0.43056718 0.010189667 142.96338 0.43062773 0.90256387 -0.0046614637 128.44116 -0.0071901237 0.0085946135 0.99993724 10.4021
0.90550196 -0.42418793 0.013168808 143.78369 0.4242435 0.9055703 -0.0016204086 128.82227 -0.01123764 0.0070541874 0.9999119 10.396362
0.9079992 -0.41867885 0.01479319 144.59692 0.41869935 0.90810835 0.0018355707 129.21094 -0.014202436 0.004527376 0.9998889 10.391846
0.91170716 -0.4105485 0.015671145 145.44678 0.41053823 0.9118377 0.004018311 129.58936 -0.015939841 0.0027700705 0.99986905 10.392456
0.9142172 -0.40481204 0.017267946 146.281 0.40477136 0.914379 0.0059479554 129.98145 -0.018196503 0.0015531117 0.9998331 10.378784
0.917309 -0.39772442 0.02015571 147.15381 0.3976596 0.91752934 0.0072991154 130.35815 -0.021396605 0.0013174359 0.9997702 10.36792
0.9206293 -0.38969386 0.022967368 148.04175 0.38961914 0.9209142 0.007826744 130.7351 -0.024201492 0.0017458824 0.99970543 10.353882
0.92449474 -0.38044444 0.023750016 148.94507 0.38037124 0.92479765 0.0077021136 131.12231 -0.02489503 0.0019136351 0.9996884 10.336182
0.9277623 -0.37248194 0.024321532 149.8291 0.37243173 0.92807686 0.00673194 131.49536 -0.025079269 0.002810862 0.99968153 10.309326
0.9318249 -0.3620655 0.024716355 150.7876 0.36207038 0.93214005 0.004433088 131.84204 -0.02464479 0.0048167114 0.9996848 10.299316
0.93456316 -0.35497588 0.02414661 151.71704 0.3550247 0.93485326 0.002374861 132.20264 -0.023417534 0.0063520465 0.99970573 10.280273
0.93952364 -0.341761 0.022687132 152.66626 0.34180441 0.93977934 0.0020527476 132.56348 -0.022022896 0.0058241007 0.9997406 10.263306
0.9436457 -0.33022377 0.020396484 153.66187 0.33021706 0.9438607 0.003795688 132.91211 -0.02050525 0.003155226 0.9997848 10.24353
0.9490516 -0.31446347 0.020726336 154.65063 0.31437755 0.94927776 0.0073640957 133.24854 -0.02199043 -0.00047324767 0.9997581 10.225586
0.955244 -0.29492554 0.022619598 155.65503 0.29473513 0.9555023 0.011408038 133.57373 -0.02497897 -0.004229808 0.999679 10.201538
0.9611407 -0.2749938 0.024002546 156.68701 0.27471152 0.96141297 0.014424187 133.88184 -0.027042648 -0.007268128 0.99960786 10.182861
0.9672221 -0.2527023 0.024846047 157.73926 0.25234917 0.96749276 0.016500602 134.17188 -0.028207932 -0.009689414 0.9995552 10.165894
0.97234654 -0.23220064 0.02545813 158.78003 0.23180772 0.9726166 0.017470088 134.4353 -0.02881645 -0.011086688 0.9995232 10.136841
0.9770755 -0.21092634 0.028883863 159.87427 0.21045665 0.9774291 0.01847206 134.68921 -0.032127917 -0.011969408 0.99941206 10.111816
0.9816568 -0.18790558 0.032274246 160.97705 0.18729989 0.9820807 0.020889778 134.90894 -0.035621814 -0.0144620985 0.9992607 10.0772705
0.98530126 -0.16688871 0.036572497 162.11084 0.16613482 0.9858431 0.022788089 135.10742 -0.039858114 -0.016380046 0.9990716 10.046631
0.98893607 -0.14294146 0.039522678 163.2522 0.1420592 0.98955375 0.024311349 135.29517 -0.042586114 -0.01842659 0.99892294 10.003662
0.991768 -0.121500455 0.040454328 164.38452 0.12050669 0.99236953 0.026163347 135.44116 -0.04332379 -0.021071952 0.99883837 9.963501
0.994238 -0.0999207 0.03884451 165.5249 0.09895485 0.99475193 0.026046045 135.56738 -0.041242972 -0.022052925 0.99890584 9.925049
0.9962736 -0.07756263 0.03773024 166.72778 0.076573335 0.99669796 0.027000079 135.67139 -0.03970027 -0.024011185 0.9989235 9.882935
0.9975194 -0.057261333 0.040940393 167.90308 0.056272972 0.99810475 0.024902608 135.74878 -0.042288743 -0.022537036 0.99885124 9.840332
0.99836344 -0.038234264 0.042526532 169.10132 0.03720088 0.99899924 0.024831261 135.80664 -0.0434334 -0.023208681 0.9987867 9.80127
0.99888986 -0.015349859 0.044536706 170.33472 0.0142272245 0.9995757 0.025414795 135.84644 -0.044907916 -0.024752956 0.99868435 9.756348
0.9989868 0.0027503287 0.044915203 171.55371 -0.003965494 0.99962795 0.026981741 135.8623 -0.044824287 -0.027132522 0.9986259 9.707153
0.99860275 0.024662009 0.046729956 172.79248 -0.025963377 0.9992861 0.027446259 135.84424 -0.04601979 -0.028621247 0.99853015 9.660645
0.9978687 0.04560975 0.046672653 174.04346 -0.047018513 0.9984571 0.029551603 135.7898 -0.04525313 -0.031682827 0.9984733 9.611206
0.99686897 0.0642882 0.046023343 175.29907 -0.06576168 0.99734527 0.031251706 135.73438 -0.043891814 -0.034180824 0.9984515 9.557373
0.9952833 0.0862581 0.044439085 176.57861 -0.08768143 0.99566305 0.031144805 135.63843 -0.041560158 -0.034892585 0.9985269 9.513062
0.9937644 0.10298338 0.042751603 177.84961 -0.104434885 0.99397707 0.033218354 135.52881 -0.03907256 -0.037475966 0.998533 9.468384
0.99150294 0.12323706 0.04166189 179.15161 -0.124672376 0.99162203 0.03380672 135.37915 -0.037146315 -0.038712807 0.99855983 9.423218
0.98907256 0.14217845 0.039038446 180.45752 -0.14351173 0.98907363 0.033783093 135.21313 -0.033809982 -0.03901593 0.9986667 9.384033
0.98642594 0.16065933 0.0341185 181.78882 -0.1618606 0.98616385 0.035962667 135.01318 -0.027869623 -0.040995583 0.99877053 9.34375
0.98309857 0.18063748 0.029601188 183.12402 -0.18169868 0.9826044 0.038251135 134.7937 -0.022174964 -0.042984873 0.99882936 9.319702
0.9802581 0.19614306 0.02474416 184.4314 -0.19702412 0.9795588 0.040458776 134.55078 -0.016303461 -0.04453589 0.9988752 9.292236
0.97645515 0.2146631 0.02133025 185.7649 -0.21540883 0.97557765 0.04298066 134.2771 -0.011584147 -0.046562817 0.9988486 9.2854
0.97222453 0.23317154 0.020176083 187.11206 -0.23386359 0.97123724 0.044746447 133.96948 -0.009160529 -0.04822267 0.9987944 9.276367
0.96810967 0.2496206 0.021240093 188.4524 -0.25034425 0.96713483 0.044448093 133.64453 -0.009447227 -0.04834732 0.9987861 9.2717285
0.9634718 0.26698157 0.020734446 189.80688 -0.2676612 0.9624916 0.04420875 133.28125 -0.008153135 -0.04814376 0.9988072 9.265137
0.9586587 0.28408942 0.017040797 191.13574 -0.2845739 0.95766187 0.04386584 132.89795 -0.0038562713 -0.046899997 0.99889165 9.268677
0.9536372 0.30061668 0.013572886 192.48657 -0.30092162 0.9525326 0.045894783 132.50586 0.00086953514 -0.047851644 0.99885404 9.276733
0.94836414 0.31689453 0.014617329 193.83545 -0.31722978 0.9471971 0.047055997 132.06714 0.0010604924 -0.049263302 0.9987858 9.280151
0.9420682 0.33515194 0.015082728 195.21802 -0.33548167 0.94074833 0.049907956 131.59082 0.0025368622 -0.052075356 0.99863946 9.292603
0.9358126 0.3522236 0.01395199 196.56421 -0.35245195 0.934299 0.053531658 131.11353 0.005815555 -0.0550145 0.9984693 9.308716
0.92890906 0.37005404 0.011817861 197.8877 -0.37012696 0.927347 0.05463216 130.61377 0.009262958 -0.05512355 0.99843633 9.327393
0.9216928 0.38775647 0.009819166 199.26294 -0.38767484 0.9200839 0.055894975 130.05396 0.012637718 -0.055326052 0.9983889 9.343018
0.9137065 0.40638316 0.0058763423 200.60693 -0.40605274 0.9121535 0.05603269 129.47949 0.01740401 -0.053583764 0.99841213 9.37561
0.90520155 0.42496964 0.0018889438 201.93677 -0.42432737 0.9035702 0.059166867 128.89453 0.023436008 -0.054361586 0.9982466 9.418579
0.8952547 0.4456614 0.0008919537 203.28589 -0.44482645 0.89345044 0.06302135 128.26196 0.027281865 -0.05681906 0.998012 9.461914
0.88265765 0.47003525 0.0015805122 204.62134 -0.4691045 0.8806871 0.06596548 127.57495 0.029613119 -0.058968723 0.9978207 9.509766
0.86921453 0.4946076 0.0021998268 205.96704 -0.49353287 0.8670152 0.06988484 126.84448 0.032649312 -0.061825752 0.99755204 9.566528
0.8540497 0.52027786 0.0028355387 207.27661 -0.5190059 0.85155404 0.07473227 126.10327 0.036464423 -0.06529448 0.99719894 9.624268
0.839168 0.54387236 0.003324809 208.50732 -0.54244864 0.83649623 0.07768163 125.346436 0.03946789 -0.066992104 0.9969725 9.690186
0.8245821 0.56567556 0.0035709538 209.7732 -0.56412756 0.8218258 0.0793855 124.54761 0.041966856 -0.06747265 0.9968387 9.755737
0.80769235 0.5894842 0.0031294806 211.03491 -0.58778155 0.8049328 0.080388285 123.6687 0.044887066 -0.06676723 0.9967574 9.833496
0.79170144 0.6108459 0.0005832936 212.2644 -0.6087925 0.78896177 0.08265702 122.75513 0.05004795 -0.06578815 0.9965762 9.921997
0.7740744 0.6330605 -0.002303112 213.45679 -0.6306275 0.7714092 0.084842704 121.84717 0.055490837 -0.06421609 0.9963913 10.010132
0.7583182 0.6520431 -0.0039767213 214.60669 -0.64934367 0.7557048 0.086529836 120.87842 0.05940236 -0.06304375 0.9962428 10.10376
0.7411459 0.6713331 -0.0058982456 215.79419 -0.66835684 0.7386325 0.087961875 119.84888 0.063424 -0.061248608 0.99610436 10.214111
0.7234526 0.6903009 -0.006160623 216.99463 -0.6871969 0.7209911 0.08871016 118.77539 0.06568397 -0.059945505 0.9960384 10.325317
0.7074062 0.70677763 -0.0069914986 218.07397 -0.7035383 0.70504546 0.0891779 117.730225 0.06795591 -0.058171302 0.9959917 10.436768
0.69338477 0.72064644 -0.008202038 219.14966 -0.7172751 0.69115824 0.089432985 116.653564 0.070102446 -0.05613307 0.9959598 10.550903
0.67719305 0.73555666 -0.010874296 220.2185 -0.7318879 0.6751598 0.09085372 115.54443 0.074177 -0.053562015 0.9958055 10.673096
0.66257256 0.74898636 -0.013269234 221.25122 -0.7449316 0.6606455 0.09371334 114.42432 0.07894759 -0.05220787 0.9955106 10.802856
0.64775413 0.7616932 -0.013424815 222.28857 -0.75745845 0.64583504 0.09537901 113.26904 0.08131612 -0.05160802 0.99535084 10.931885
0.6332756 0.77382225 -0.013498034 223.2793 -0.7694786 0.6313998 0.09620254 112.09131 0.08297531 -0.050526977 0.9952686 11.070801
0.614132 0.78899676 -0.011190599 224.26611 -0.7846523 0.6121258 0.09707911 110.87402 0.08345485 -0.050851192 0.9952148 11.215942
0.59938943 0.80035764 -0.0071752816 225.21802 -0.79611635 0.5970919 0.09782026 109.68091 0.082590714 -0.052903365 0.99517643 11.359131
0.57933325 0.81517607 -0.0015755128 226.14941 -0.81114966 0.5766601 0.098178126 108.43335 0.08094022 -0.055605017 0.9951671 11.498535
0.56209254 0.8270354 0.0022064687 227.02979 -0.823085 0.5591432 0.09916213 107.20557 0.080770165 -0.057559635 0.99507004 11.642334
0.5439372 0.8391716 0.004656163 227.87573 -0.83497626 0.54064465 0.103010364 105.98096 0.08394453 -0.059917446 0.994667 11.788086
0.52593505 0.85038495 0.007934283 228.69043 -0.8460378 0.52225477 0.10627568 104.71875 0.08625036 -0.062608 0.99430436 11.937988
0.5073736 0.86162364 0.010476401 229.46558 -0.8573617 0.5035732 0.106194265 103.45557 0.08623058 -0.06285853 0.99428976 12.089111
0.48632258 0.87376887 0.013944526 230.21387 -0.86976534 0.48242486 0.10463168 102.1875 0.08468915 -0.06300169 0.9944126 12.238892
0.46687087 0.8841494 0.017801404 230.90674 -0.8804781 0.4628672 0.10255684 100.916016 0.082436286 -0.063556515 0.99456793 12.380981
0.44625887 0.89464563 0.021108637 231.5813 -0.89121014 0.4421574 0.101118706 99.63965 0.0811442 -0.063952155 0.9946499 12.527466
0.4241471 0.9053898 0.02269863 232.2356 -0.9020531 0.42007807 0.09989209 98.33472 0.08091451 -0.06284304 0.99473786 12.666626
0.404812 0.914132 0.024347069 232.81104 -0.91088575 0.40073544 0.099007875 97.06592 0.08074929 -0.062275536 0.9947889 12.800415
0.38183188 0.9239006 0.02359452 233.3789 -0.9205927 0.37796637 0.09795544 95.78296 0.081563324 -0.05910432 0.99491245 12.935181
0.35849157 0.93319315 0.023890661 233.91333 -0.9297668 0.35465544 0.09844405 94.48877 0.083390854 -0.05751114 0.9948566 13.076294
0.3391499 0.94052166 0.022837793 234.3916 -0.9370085 0.33550796 0.0978152 93.21338 0.084350795 -0.054543857 0.9949398 13.209106
0.31626153 0.9484579 0.02293001 234.8518 -0.9451314 0.31286466 0.094649896 91.91528 0.08259571 -0.05158449 0.9952455 13.346191
0.29750678 0.9542956 0.02302343 235.27417 -0.9509406 0.29418695 0.094299436 90.63696 0.08320507 -0.049968712 0.9952801 13.478394
0.27618453 0.96079874 0.025226263 235.67017 -0.9571049 0.2725316 0.09861021 89.374756 0.08788934 -0.051387154 0.9948049 13.616821
0.25384295 0.96692026 0.026617112 236.0398 -0.96237636 0.2496863 0.10754372 88.11084 0.097368516 -0.052926347 0.99384165 13.754395
0.23776701 0.97086126 0.029415365 236.37207 -0.96559 0.23297583 0.11546661 86.861084 0.10525277 -0.055885524 0.99287665 13.903687
0.21742299 0.97550523 0.033433832 236.68628 -0.9698788 0.2120601 0.11985708 85.609375 0.10984166 -0.05848861 0.99222714 14.055664
0.19580366 0.9799204 0.03733141 236.9685 -0.9744161 0.19014145 0.11972152 84.3501 0.11024122 -0.0598134 0.99210334 14.210449
0.17888033 0.9829857 0.04258921 237.22754 -0.97773 0.17274539 0.11944494 83.116455 0.11010011 -0.06298393 0.9919216 14.368286
0.15862195 0.98629344 0.04719894 237.4607 -0.98122257 0.1520988 0.11924625 81.867676 0.11045426 -0.06517586 0.9917377 14.526978
0.1406278 0.9888528 0.048662484 237.6499 -0.98390114 0.13411228 0.11803459 80.63428 0.1102069 -0.06451468 0.99181634 14.681885
