1.000000000000000000e+00 4.398956837314658088e-19 2.733407509747682871e-20 -8.673617379884035472e-19 -5.583667658079949532e-19 1.000000000000000000e+00 -6.100159232558060012e-19 0.000000000000000000e+00 4.145284534913582806e-20 -2.210423569125054137e-19 1.000000000000000222e+00 0.000000000000000000e+00
9.999414432783151341e-01 -1.057488923061062139e-03 1.076994645867065947e-02 7.564457914829514351e-02 1.053492880259493825e-03 9.999993741223632826e-01 3.767036135217428916e-04 -4.639375899780986967e-03 -1.077033826393884904e-02 -3.653354857221349284e-04 9.999419314793328573e-01 2.946457395018637349e-01
9.998552523978694317e-01 -2.436008123278567399e-03 1.683865018394597318e-02 1.064029601261501645e-01 2.423156495086763781e-03 9.999967571469691174e-01 7.835837810846172551e-04 -5.745034464955209308e-03 -1.684050468578207269e-02 -7.426676641686768936e-04 9.998579128196526389e-01 5.457338810026388654e-01
9.997854470789732106e-01 -6.156821771493842591e-03 1.977759810681800970e-02 8.740750563646700055e-02 6.180321854304443065e-03 9.999802661943963944e-01 -1.127312135595766275e-03 -8.622763715997128209e-03 -1.977026750245519660e-02 1.249302223405117200e-03 9.998037686194443108e-01 9.215039149643140526e-01
9.998244078601310481e-01 -6.738161532283013996e-03 1.748572725632296931e-02 9.369840559018635662e-02 6.768466392911258109e-03 9.999756916297571907e-01 -1.674514985004322675e-03 -1.068914376152439727e-02 -1.747401935782625162e-02 1.792572548012400522e-03 9.998457107532167099e-01 1.179226096914393285e+00
9.998908601409323138e-01 -1.070396306660661989e-02 1.018297661272769827e-02 8.062170002096608057e-02 1.073923405747912591e-02 9.999365000593372077e-01 -3.415359800549971556e-03 -1.133912745130073729e-02 -1.014577228692073105e-02 3.524344467202264290e-03 9.999423194803552795e-01 1.525347149733368157e+00
9.999379396787035912e-01 -1.104001400060136522e-02 -1.494957950007715390e-03 6.353513954138474695e-02 1.103273170236478834e-02 9.999276410562899509e-01 -4.794941510075381719e-03 -2.193084536357495229e-02 1.547786021407217575e-03 4.778150514723951935e-03 9.999873867392010673e-01 1.846556010685931559e+00
9.997909065196383116e-01 -1.114002497761040419e-02 -1.714768423237435224e-02 2.342163368313252350e-02 1.105611028094082189e-02 9.999264748136975633e-01 -4.980700089900334804e-03 -3.514111619791630836e-02 1.720190886371968791e-02 4.790072005987396596e-03 9.998405620747484734e-01 2.152764368145363427e+00
9.993279230394815915e-01 -6.440313862008438181e-03 -3.608634823986534707e-02 5.595679116100698604e-03 6.246591120625632002e-03 9.999654825255390733e-01 -5.478489429083352631e-03 -3.639390482625372292e-02 3.612038644290020001e-02 5.249390819483010576e-03 9.993336588203757254e-01 2.508701946395950344e+00
9.984295995591602191e-01 -3.848673686440308179e-03 -5.588848100897902960e-02 -4.146404322166391543e-02 3.506695524701973921e-03 9.999745336347879432e-01 -6.215719018623657062e-03 -5.080444338548747996e-02 5.591098096963342812e-02 6.009973970871377268e-03 9.984176693903450417e-01 2.862604765424847209e+00
9.971452248423734455e-01 -3.270774425903879602e-03 -7.543674443158791820e-02 -9.480638502758406694e-02 2.796282605297953448e-03 9.999756440437770344e-01 -6.394694571165400812e-03 -5.622063814998688736e-02 7.545582400209775720e-02 6.165496689155531597e-03 9.971300845311894534e-01 3.217554216377859433e+00
9.953160883069930298e-01 -3.441987866999861312e-03 -9.661281895435745726e-02 -1.388280898717327849e-01 2.858224053143777928e-03 9.999768185190016645e-01 -6.180046567772130330e-03 -6.114053454484433270e-02 9.663185263946215409e-02 5.874958659908994206e-03 9.953028535129344601e-01 3.605345361886208799e+00
9.932450425223654511e-01 -4.309780289879772130e-03 -1.159556420003591132e-01 -2.045379423886564130e-01 3.697074586435515446e-03 9.999780487004915619e-01 -5.498522599759887199e-03 -7.441447991876813661e-02 1.159767960515122043e-01 5.032683598898500706e-03 9.932391732438772269e-01 3.991898131757281920e+00
9.910607765060669427e-01 -4.317807431404471936e-03 -1.333412663971259293e-01 -2.970811889077074053e-01 3.702502072392983411e-03 9.999813254190823564e-01 -4.862127676214176610e-03 -7.979891614979685299e-02 1.333597723413686154e-01 4.324967635420388923e-03 9.910582557386614644e-01 4.372796503190511608e+00
9.887838845863845538e-01 -3.841828116871330145e-03 -1.493039495541748640e-01 -3.657524481854426690e-01 3.249392091061234326e-03 9.999858513064844301e-01 -4.211725615590810462e-03 -8.504833436378354816e-02 1.493180204066074102e-01 3.679339241687879566e-03 9.887823784009924788e-01 4.817656994444684315e+00
9.866309046097776481e-01 -2.734720191276848473e-03 -1.629477790388485225e-01 -4.540850782141943598e-01 2.062969057214096742e-03 9.999886632692096544e-01 -4.291560166953930534e-03 -8.934583633454545870e-02 1.629576707781895950e-01 3.898029551987605267e-03 9.866253613119291277e-01 5.214225870673930174e+00
9.845045383050351484e-01 -3.532979245066065858e-03 -1.753235048304311317e-01 -5.315010806510006569e-01 2.653892714143555633e-03 9.999827059961602371e-01 -5.248290963444114492e-03 -9.469436438969557057e-02 1.753390179200146615e-01 4.701676384860141271e-03 9.844968886728165947e-01 5.661913599286857668e+00
9.827531064299748209e-01 -6.696681106978926053e-03 -1.848012051626579944e-01 -6.287736712573591680e-01 5.488806050233296409e-03 9.999601064106288240e-01 -7.046884875413987614e-03 -1.077994096040169741e-01 1.848410267156849474e-01 5.911009918797775764e-03 9.827506579230494976e-01 6.111449466657569829e+00
9.812136400221603827e-01 -6.019719711533660748e-03 -1.928303780785470545e-01 -7.238500793980379155e-01 4.423699732041100167e-03 9.999523145119634249e-01 -8.706295188119680603e-03 -1.156220591025613753e-01 1.928735956575442501e-01 7.689711799227580934e-03 9.811934800724381178e-01 6.557393876040482183e+00
9.795821816089378409e-01 -6.064077155728226504e-03 -2.009526697441857412e-01 -8.302972524328496862e-01 4.022735515717226241e-03 9.999360958438276992e-01 -1.056512287668913939e-02 -1.165492002961452805e-01 2.010038992256126811e-01 9.541026583071680542e-03 9.795439766948820237e-01 7.020771204412258548e+00
9.780026238513481740e-01 -6.700395952722416198e-03 -2.084849428771280988e-01 -9.384411293600272153e-01 4.059238950031594795e-03 9.999060355906962405e-01 -1.309360768359078137e-02 -1.327133055416074847e-01 2.085530886689464514e-01 1.195929239357961665e-02 9.779379252109182685e-01 7.502915135057799390e+00
9.762580614261862078e-01 -1.015751278438784336e-02 -2.163724135471072341e-01 -1.053687594770029268e+00 7.056196939406998193e-03 9.998610757915286085e-01 -1.510096652668645525e-02 -1.469674128842294314e-01 2.164957461784463022e-01 1.321567387553541396e-02 9.761941092593174885e-01 8.014675148857083542e+00
9.744255874832599140e-01 -1.576030272014065578e-02 -2.241570569154287262e-01 -1.159100281131622889e+00 1.246978183270768675e-02 9.997928243493864331e-01 -1.608766295764499019e-02 -1.669839755163863293e-01 2.243641673438306894e-01 1.288104075727038687e-02 9.744202380766158189e-01 8.535068061676430062e+00
9.724411405762606320e-01 -1.612819293376387478e-02 -2.325900003852812703e-01 -1.305459068180806037e+00 1.214771065238897003e-02 9.997543939468480634e-01 -1.853604297111967683e-02 -1.742814039778376456e-01 2.328318317691980277e-01 1.519977468176176433e-02 9.723982240901511975e-01 9.041437287547957169e+00
9.703680442396547257e-01 -1.248948647784670074e-02 -2.413086615301674176e-01 -1.449652216318732201e+00 7.339819249744878454e-03 9.997259904993404112e-01 -2.222770704007010281e-02 -1.802298387014508729e-01 2.415201574750596436e-01 1.979789461974588646e-02 9.701938250842607747e-01 9.566682725355825312e+00
9.682716231493135872e-01 -9.538161479526942321e-03 -2.497180127182277998e-01 -1.591418931721724439e+00 3.358729693430161350e-03 9.996777927029920630e-01 -2.516008156891164083e-02 -2.034060171929401861e-01 2.498775369781779943e-01 2.352305771002724186e-02 9.679916754186983496e-01 1.010012878985264706e+01
9.658700457635682746e-01 -1.229862800719697287e-02 -2.587349936824190344e-01 -1.765010903192750114e+00 5.387064526155476395e-03 9.996098973446713165e-01 -2.740497500988403265e-02 -2.201922301304798379e-01 2.589711085287597081e-01 2.507582236387796357e-02 9.655595111546552145e-01 1.065932274303985494e+01
9.635396696535910577e-01 -1.362313766452341764e-02 -2.672184753120256384e-01 -1.917210604450577227e+00 6.097777485035641397e-03 9.995616390749572089e-01 -2.897148230039923653e-02 -2.559486248744559655e-01 2.674960242734760185e-01 2.628573369023731385e-02 9.632003627444467586e-01 1.122379234451115693e+01
9.614016597558536770e-01 -1.382766354602957791e-02 -2.748010965830414709e-01 -2.097299651799092945e+00 5.277537381277242964e-03 9.994793971039235281e-01 -3.182895461022239997e-02 -2.793849517026404383e-01 2.750981591482720146e-01 2.915013675806892024e-02 9.609741276584458092e-01 1.178337008445434897e+01
9.589987301035821643e-01 -1.361754939004830231e-02 -2.830830200866779056e-01 -2.280058187393106284e+00 3.746594495939530121e-03 9.993668500267552934e-01 -3.538166313527602719e-02 -2.945410029715246902e-01 2.833856025017182367e-01 3.287037278450292976e-02 9.584425599094311687e-01 1.238072984691782885e+01
9.567785277540145072e-01 -1.489380113338435903e-02 -2.904359166658334601e-01 -2.457559771059364628e+00 3.209493213888203918e-03 9.991676745338414767e-01 -4.066518544483949810e-02 -3.339440090712837983e-01 2.907998436410225152e-01 3.797542425210850836e-02 9.560299785733962219e-01 1.298536196231534490e+01
9.549897289202812223e-01 -1.612093031572548255e-02 -2.962004918489276606e-01 -2.687110370859471686e+00 2.114971216946487896e-03 9.988668523506567531e-01 -4.754511706838067397e-02 -3.727390245444320849e-01 2.966313295711682785e-01 4.477864309905010831e-02 9.539416802639574255e-01 1.360787234891731856e+01
9.536668107909618275e-01 -1.673221948345232982e-02 -3.003991426225363082e-01 -2.901668563763334596e+00 -1.093157701638192306e-05 9.984504299053699183e-01 -5.564835024988853268e-02 -4.018430993390664785e-01 3.008647786642519861e-01 5.307326877097949536e-02 9.521888547219091725e-01 1.421255016762560075e+01
9.524102042579035698e-01 -1.715453881955185042e-02 -3.043362000145504176e-01 -3.103242555782977696e+00 -2.615832039046740026e-03 9.979184199726355287e-01 -6.443589436452215602e-02 -4.556996853561930960e-01 3.048080731287531875e-01 6.216549600226797118e-02 9.503828132209912738e-01 1.483844541366478254e+01
9.512607276024546143e-01 -1.529195729218791634e-02 -3.080084124392478695e-01 -3.348815139522120621e+00 -7.616308280505921895e-03 9.973002075342585204e-01 -7.303620938897721626e-02 -4.973074080561772359e-01 3.082937255116586228e-01 7.182236509752899789e-02 9.485760532136614520e-01 1.548625660849065611e+01
9.499055071828070851e-01 -1.428447084352602904e-02 -3.122106328022093424e-01 -3.579192254052753874e+00 -1.135332921172167199e-02 9.967185396542541653e-01 -8.014520950338165084e-02 -5.429170411863236678e-01 3.123309632303160055e-01 7.967500643777693237e-02 9.466262540503839196e-01 1.612058610844855266e+01
9.480819542004216283e-01 -1.304356621989010215e-02 -3.177585110568285631e-01 -3.787671328330857623e+00 -1.531760146419763879e-02 9.961260857674104630e-01 -8.659210310601229976e-02 -6.152743452310031058e-01 3.176570170847125563e-01 8.696370908527061017e-02 9.442093703032494734e-01 1.679296372967474937e+01
9.466453837201009858e-01 -1.258912863150068312e-02 -3.220310996129267522e-01 -4.052431633034626834e+00 -1.822197183853386734e-02 9.955473945645927358e-01 -9.248429540934451076e-02 -6.889650054614996355e-01 3.217615243595230989e-01 9.341787351946584383e-02 9.422009470242282969e-01 1.745590881155523988e+01
9.449857716259049134e-01 -9.773785287720174186e-03 -3.269653839115324589e-01 -4.287862185914693924e+00 -2.368479949762213391e-02 9.948855385485999570e-01 -9.819264454626162875e-02 -7.518299493916145160e-01 3.262528514341762609e-01 1.005347621699171495e-01 9.399211886176764841e-01 1.813066152542483778e+01
9.430382829111757514e-01 -6.915172677192608225e-03 -3.326123494489287569e-01 -4.534828958054794690e+00 -2.825655898055874984e-02 9.945063203365714921e-01 -1.007906031106261813e-01 -8.314255622536543822e-01 3.314820738099004682e-01 1.044478784249815023e-01 9.376621341345959815e-01 1.882394899312254211e+01
9.413976429645234401e-01 -6.300758442305574164e-03 -3.372399381138435626e-01 -4.805759896745819049e+00 -3.010243433022934470e-02 9.942664430765955075e-01 -1.026064501432498166e-01 -9.137927576751994074e-01 3.359528578999370074e-01 1.067452140892196089e-01 9.358104182744410027e-01 1.953006733490473934e+01
9.392166283557534801e-01 -5.477302870612527248e-03 -3.432814030631467506e-01 -5.087953891021887110e+00 -3.137560480600098956e-02 9.943193291340184370e-01 -1.017086187594148650e-01 -9.976838571179562631e-01 3.418884291216796600e-01 1.062970882965399988e-01 9.337093945871408618e-01 2.023843407791165916e+01
9.370045634937764767e-01 -5.513309746633106127e-03 -3.492736017000380166e-01 -5.359939180506593459e+00 -3.151268393073375362e-02 9.944643739856543485e-01 -1.002375160502683576e-01 -1.089094871993962599e+00 3.478928000581303359e-01 1.049295592410809802e-01 9.316439179370084034e-01 2.095581914509350696e+01
9.345136527017422479e-01 -5.413778991137672102e-03 -3.558861071462924297e-01 -5.650769153792065680e+00 -3.177060149995483695e-02 9.946242154635869248e-01 -9.855606980902865966e-02 -1.166853180635828879e+00 3.545065069305329830e-01 1.034087091157496197e-01 9.293179101210953252e-01 2.169075349343619408e+01
9.315317257398157968e-01 -4.860533128637392619e-03 -3.636275792628763659e-01 -5.946533653805737174e+00 -3.193563579702921040e-02 9.949542549861777330e-01 -9.511122782963613020e-02 -1.254428386737179490e+00 3.622551046646199646e-01 1.002118047309126236e-01 9.266762304527966787e-01 2.238196718670206309e+01
9.278943024993043798e-01 -2.518552056059298987e-03 -3.728348393005339045e-01 -6.267891780538748847e+00 -3.334044410905762090e-02 9.954106032207494792e-01 -8.970031104626106921e-02 -1.336700769305141367e+00 3.713496735274896543e-01 9.566288721880415735e-02 9.235518582348923866e-01 2.318205297795057263e+01
9.244815809480311231e-01 3.177331812290498355e-04 -3.812265763579064659e-01 -6.595126288406280679e+00 -3.512949038357927184e-02 9.958159260882764041e-01 -8.435970771364000032e-02 -1.420107757177058394e+00 3.796046987888807567e-01 9.138129179987408701e-02 9.206246440037768597e-01 2.391769308673897498e+01
9.209762386209185969e-01 3.824894224336689540e-03 -3.895999678406532052e-01 -6.906995054904512266e+00 -3.808757487924881863e-02 9.960462893481256685e-01 -8.025662688868454020e-02 -1.487772902057125091e+00 3.877526358145036434e-01 8.875336476695251664e-02 9.174806465293677826e-01 2.465572696139598818e+01
9.171521063687250175e-01 3.792076154982591558e-03 -3.985192977415586424e-01 -7.254284293507269332e+00 -3.809361371384577949e-02 9.962104773824328463e-01 -7.818926648897624176e-02 -1.573155182311386957e+00 3.967126069785025244e-01 8.689249107902820290e-02 9.138209921431131866e-01 2.538125595066059859e+01
9.130458660177315222e-01 4.543773138303626447e-03 -4.078315795316716508e-01 -7.608353137613111272e+00 -3.960473780029280522e-02 9.962001624666253496e-01 -7.756739712190843794e-02 -1.648404385526617721e+00 4.059294440747049371e-01 8.697465448362949603e-02 9.097563955641787548e-01 2.616711265650263130e+01
9.090501391179872659e-01 4.222794809005045447e-03 -4.166653441657292567e-01 -7.963047901742838164e+00 -3.971604597889464433e-02 9.962742269754606417e-01 -7.655259896791788421e-02 -1.713776860934313140e+00 4.147896848445479789e-01 8.613845112277455918e-02 9.058309379111875170e-01 2.692636458835116997e+01
9.054471615674901663e-01 4.858254301430442457e-03 -4.244311855976308223e-01 -8.363890777330770021e+00 -4.049540617378821067e-02 9.963620869040920036e-01 -7.498475788609866577e-02 -1.785280696631318609e+00 4.225228540374810215e-01 8.508224983990633761e-02 9.023499610398477699e-01 2.770962176490040463e+01
9.016587841940110204e-01 5.680601014015812349e-03 -4.324108738961485732e-01 -8.727888157794707169e+00 -4.100785977334479859e-02 9.965309990347881453e-01 -7.241770128895375080e-02 -1.862105311452008749e+00 4.304994714607524586e-01 8.302830135060022820e-02 8.987638788806957546e-01 2.848506292570513310e+01
8.977345582248349443e-01 6.290382729349380982e-03 -4.404918729429685986e-01 -9.130341511341242722e+00 -4.050517366180599044e-02 9.968411790542167639e-01 -6.831540610868493124e-02 -1.928705312603012256e+00 4.386707154537532460e-01 7.917130106114932120e-02 8.951535691451957266e-01 2.928901540187579400e+01
8.938970768359101315e-01 7.642955844219221327e-03 -4.482070918635328027e-01 -9.529658351234074232e+00 -3.993572292130703055e-02 9.972367410954940947e-01 -6.264200117522723821e-02 -1.989680459217733066e+00 4.464898172337422033e-01 7.389497624148795574e-02 8.917322353593687412e-01 3.007799332890446919e+01
8.901163270872336497e-01 7.639031290543233689e-03 -4.556693595981600176e-01 -9.961527347777408892e+00 -3.846584153979130255e-02 9.975509287262083191e-01 -5.841681007377472895e-02 -2.060115968121151830e+00 4.541071528123003520e-01 6.952546202883312654e-02 8.882302111527059507e-01 3.089538766603999065e+01
8.864455436878528882e-01 7.389841601082153960e-03 -4.627739016204150957e-01 -1.040179618966130271e+01 -3.773921123880966122e-02 9.976971220379949878e-01 -5.635782713205836347e-02 -2.121563617602249430e+00 4.612917223051306026e-01 6.742286694176745365e-02 8.846830552097871836e-01 3.170339373690559626e+01
8.832021352499490607e-01 7.468449092681508569e-03 -4.689330508260588504e-01 -1.084050053881624542e+01 -3.774664268159790698e-02 9.977614428027574700e-01 -5.520230330525111029e-02 -2.189669709141781162e+00 4.674710498056446895e-01 6.645544064627595393e-02 8.815069462774451914e-01 3.251054623125348542e+01
8.803104486790680472e-01 6.673332831649054012e-03 -4.743511105525100580e-01 -1.130805175611689428e+01 -3.635732540232206739e-02 9.979093048866046756e-01 -5.343373630869652224e-02 -2.231579518561687347e+00 4.730028140223943578e-01 6.428441422685447770e-02 8.787126131118176975e-01 3.333091948170624619e+01
8.772712616481539438e-01 5.550548827938607196e-03 -4.799628322122858615e-01 -1.176466565411791443e+01 -3.487455360092819867e-02 9.980274320646728148e-01 -5.220163235276700786e-02 -2.297026569716655864e+00 4.787263334365406409e-01 6.253348153340820836e-02 8.757343580605257971e-01 3.418635292573897999e+01
8.747096106219882650e-01 5.236843620860285632e-03 -4.846190956663479210e-01 -1.224862101545680027e+01 -3.460450484937532822e-02 9.980642917856266116e-01 -5.167395639049773143e-02 -2.359512950588587898e+00 4.834104143813058307e-01 6.196971025145412565e-02 8.731976470917307553e-01 3.500728435758658463e+01
8.725542308896769850e-01 4.762099748427793371e-03 -4.884940448201683938e-01 -1.272258542944104498e+01 -3.456318203949754891e-02 9.980483892124848433e-01 -5.200768500707471376e-02 -2.420029298955153063e+00 4.872930371640829539e-01 6.226343431943726081e-02 8.710159386335984966e-01 3.583565191757563184e+01
8.707440004783386645e-01 5.141640509095967912e-03 -4.917097155520336327e-01 -1.322706436542568831e+01 -3.560255289294021047e-02 9.979802185685897609e-01 -5.261123109736976639e-02 -2.467136741614432083e+00 4.904460697904691746e-01 6.331703512982139737e-02 8.691683441202620042e-01 3.671193364402692083e+01
8.703938213389351697e-01 4.799687674407755733e-03 -4.923327675130440007e-01 -1.371997191946394423e+01 -3.479538511270355988e-02 9.980519107020224823e-01 -5.178479295854005598e-02 -2.532492479884276726e+00 4.911251169266237504e-01 6.220407220716449997e-02 8.688652241101488816e-01 3.758488305354077141e+01
8.702431355263853252e-01 4.786756999387601838e-03 -4.925991953055853245e-01 -1.423757073313280408e+01 -3.405979276030293018e-02 9.981445367675987335e-01 -5.047191595390104063e-02 -2.590004181639203207e+00 4.914436072619581264e-01 6.070066501517747820e-02 8.687914680158047576e-01 3.849766678926010854e+01
8.701653630108041604e-01 3.235683312754776553e-03 -4.927491923469800583e-01 -1.475685600943707421e+01 -3.194826570712888669e-02 9.982449226257128494e-01 -4.986364234047454408e-02 -2.653187367425156928e+00 4.917230448879282845e-01 5.913209666217467825e-02 8.687415306202912468e-01 3.937288764033797861e+01
8.695324357268638948e-01 1.818007597941410100e-03 -4.938724868204143470e-01 -1.526934203401870249e+01 -3.057639322479977287e-02 9.982730733782009258e-01 -5.015929823122221298e-02 -2.716626997473768235e+00 4.929284237663121848e-01 5.871597622126344812e-02 8.680864058117131465e-01 4.026913610123444442e+01
8.682909112550966091e-01 1.403457547256533374e-04 -4.960553082763042854e-01 -1.580915116880154692e+01 -2.896769781437362815e-02 9.983077972101740416e-01 -5.042236172882322981e-02 -2.784554655555476987e+00 4.952088140519363413e-01 5.815085877251637003e-02 8.668256531306915980e-01 4.118840326058924006e+01
8.668944164389096319e-01 -9.692763260578765886e-04 -4.984908488050765474e-01 -1.634324574812738007e+01 -2.704179101094704787e-02 9.984342088797183434e-01 -4.896807249282960489e-02 -2.844439417212666577e+00 4.977577884169430145e-01 5.593023405022781031e-02 8.655108305800623958e-01 4.209048863884759584e+01
8.648487015885918394e-01 -7.888109806909312724e-04 -5.020319672742331596e-01 -1.687507333154053413e+01 -2.544493136502765790e-02 9.986446430486362047e-01 -4.540300014965527320e-02 -2.908467992589428786e+00 5.013873577724690112e-01 5.204089470714673427e-02 8.636564523420467987e-01 4.303038431350363169e+01
8.616521986463083760e-01 -4.325979002514800304e-04 -5.074990604464744148e-01 -1.740580748687058943e+01 -2.360137085143963059e-02 9.988835262073787469e-01 -4.092281036491356855e-02 -2.972184752248728579e+00 5.069501628984668384e-01 4.723890303802364549e-02 8.606799773477079585e-01 4.393544133505876914e+01
8.579270670342301619e-01 -1.620928023941281028e-03 -5.137689315785495259e-01 -1.796106306874557745e+01 -2.138282919204953850e-02 9.990159153382832669e-01 -3.885840392061451487e-02 -3.043884957312859907e+00 5.133263349735206482e-01 4.432350976186204272e-02 8.570481348520408993e-01 4.483913170733788434e+01
8.526685849940793815e-01 -3.816772415952116027e-03 -5.224382366045542403e-01 -1.852785580096087870e+01 -2.055220551803860901e-02 9.989542551258961955e-01 -4.084119305391409327e-02 -3.094930046311192395e+00 5.220477900298852170e-01 4.556126025382591094e-02 8.516984688251956204e-01 4.575167170685633522e+01
8.469011159594933558e-01 -7.547351692025781184e-03 -5.316968419618692820e-01 -1.911194433254835801e+01 -1.859608861019569279e-02 9.988672700253435899e-01 -4.379911403692660771e-02 -3.164399076760966434e+00 5.314251494843672541e-01 4.698100010429374224e-02 8.458014551959547322e-01 4.662955622862952509e+01
8.407661898914550180e-01 -7.646765939239083890e-03 -5.413443776407695918e-01 -1.968989778044882044e+01 -1.899168853346320379e-02 9.988682905145411794e-01 -4.360566479361029091e-02 -3.223725126626221460e+00 5.410651847082897925e-01 4.694321240865045874e-02 8.396694625727784134e-01 4.753750051379524422e+01
8.350075707146037418e-01 -4.346837995479246007e-03 -5.502212790938150189e-01 -2.028739821449047653e+01 -2.023188652401516213e-02 9.990500483131939946e-01 -3.859626626154396417e-02 -3.268612178355060127e+00 5.498663766563147703e-01 4.336018892158968741e-02 8.341264098950444961e-01 4.840430921657530661e+01
8.296068127817478599e-01 -1.704577149579174114e-05 -5.583480364854224165e-01 -2.088287224881877790e+01 -2.266116229060870929e-02 9.991750169430091422e-01 -3.370099826959554318e-02 -3.334891731554133543e+00 5.578879928942745980e-01 4.061139310643577249e-02 8.289220157161868441e-01 4.928139224939039309e+01
8.257268809809357180e-01 -1.134365691578992125e-04 -5.640701188633840957e-01 -2.149509473289434780e+01 -2.371535877953891147e-02 9.991087886282357111e-01 -3.491719189010170088e-02 -3.382445147814111763e+00 5.635713837615550226e-01 4.220918908258436408e-02 8.249882943893521725e-01 5.016865234265508633e+01
8.220648614351051542e-01 -2.365880351611331089e-03 -5.693889355583229284e-01 -2.211978651600477619e+01 -2.422467604443132028e-02 9.989406189020355598e-01 -3.912550348805589329e-02 -3.433172011887324349e+00 5.688783117469079498e-01 4.595696402707061257e-02 8.211366695648008029e-01 5.104835664948836182e+01
8.192431858195239336e-01 -4.684876788824105139e-03 -5.734271078968450341e-01 -2.272608291460277741e+01 -2.630435413346518189e-02 9.986070397871975590e-01 -4.573905429033346681e-02 -3.509445303965119223e+00 5.728426384508285008e-01 5.255503824433018639e-02 8.179787807934499888e-01 5.189521633079687035e+01
8.161081872538048509e-01 -5.439291378172668272e-03 -5.778735453103435171e-01 -2.335686961349819768e+01 -2.706468132382163633e-02 9.984987516533119223e-01 -4.762085696991681660e-02 -3.563355848398000347e+00 5.772650472636428054e-01 5.450373459645851959e-02 8.147357942995251401e-01 5.277697374150839948e+01
8.129611989983637210e-01 -4.133713730540105637e-03 -5.823031811725261075e-01 -2.399164094186932417e+01 -2.651768682355129525e-02 9.986746293933829177e-01 -4.411118836831021128e-02 -3.617818105644887261e+00 5.817137666983217548e-01 5.130201793568156532e-02 8.117741084020378972e-01 5.360429529329706355e+01
8.096272533374891944e-01 -2.084751346962444591e-03 -5.869406765896743039e-01 -2.463258616685284608e+01 -2.551570239960488165e-02 9.989233272913374817e-01 -3.874448570375807477e-02 -3.678308980551629137e+00 5.863895163074135386e-01 4.634479507726286390e-02 8.087023566895816806e-01 5.450930216280995921e+01
8.067080567902549237e-01 -5.637233841291486519e-04 -5.909499019461812441e-01 -2.527637281776794964e+01 -2.531725230743641850e-02 9.990484541850499500e-01 -3.551370123223333147e-02 -3.740001980032581219e+00 5.904076161232743036e-01 4.361041655437030568e-02 8.059261660089427348e-01 5.534829236351662729e+01
8.036958177489913480e-01 -3.985762677984926237e-04 -5.950402228992283105e-01 -2.591243108273916462e+01 -2.587390568367472013e-02 9.990305516656854401e-01 -3.561597806635229818e-02 -3.803723513134736223e+00 5.944775680792210304e-01 4.402042709771645385e-02 8.029063642792547695e-01 5.620126357747799517e+01
8.001383068865999260e-01 -1.170032731513578330e-03 -5.998143996055320670e-01 -2.657896556977179969e+01 -2.653687967151353855e-02 9.989499022979914100e-01 -3.734818291872921137e-02 -3.848729488210170135e+00 5.992282448091560410e-01 4.580091428180262103e-02 7.992670353045965292e-01 5.706280551169015780e+01
7.961149979832815582e-01 -3.195134561969148381e-03 -6.051369217692293967e-01 -2.724890530942753131e+01 -2.607292320426072771e-02 9.988763604244874639e-01 -3.957548875001539596e-02 -3.919451248942590560e+00 6.045834254083674031e-01 4.728432853463172825e-02 7.951371460070887354e-01 5.792598832250784113e+01
7.921641555587962680e-01 -4.152278964028533782e-03 -6.102939472947759292e-01 -2.789697858350390902e+01 -2.567147213763550789e-02 9.988651290825570905e-01 -4.011769521126892085e-02 -3.961331967945461496e+00 6.097679328155817258e-01 4.744694411040656368e-02 7.911585572305280811e-01 5.874739431445604509e+01
7.874380522039614583e-01 -4.230939318969137962e-03 -6.163792710979602019e-01 -2.858531257241552481e+01 -2.547255417694247251e-02 9.988988524633335420e-01 -3.939837025713613383e-02 -4.019461632422127728e+00 6.158672493128541925e-01 4.672453019680797986e-02 7.864631947576339321e-01 5.962688654007680356e+01
7.826800376559287509e-01 -4.401066866407527672e-03 -6.224086936083289556e-01 -2.926391564091519726e+01 -2.532738423190651275e-02 9.989215839880403180e-01 -3.891262903569358417e-02 -4.080321320371417038e+00 6.219087459116874328e-01 4.622012196657077771e-02 7.817245163242595440e-01 6.044438205132432529e+01
7.769317395996327980e-01 -4.661661149087938279e-03 -6.295675764953172493e-01 -2.995223891381068881e+01 -2.594646164800045937e-02 9.988859556492875047e-01 -3.941609802389785255e-02 -4.141654004376598586e+00 6.290499656312118493e-01 4.695866846059049832e-02 7.759452504466675116e-01 6.130085883387388179e+01
7.717159821305583645e-01 -6.287439091339538065e-03 -6.359362415762875864e-01 -3.065659388506482941e+01 -2.515960263373354447e-02 9.988664853730500059e-01 -4.040716323085034867e-02 -4.195499922634447820e+00 6.354694670783914701e-01 4.718275667036151561e-02 7.706830421913377638e-01 6.213989851264964415e+01
7.664923783357472375e-01 -7.626238545086899689e-03 -6.422081178369719590e-01 -3.135087407906797807e+01 -2.425753337146659833e-02 9.988722734670266723e-01 -4.081364254539038283e-02 -4.267436622390610168e+00 6.417951483427207782e-01 4.686173065981383279e-02 7.654429916997033123e-01 6.293238258927310369e+01
7.607849014471214089e-01 -9.242987012765470356e-03 -6.489382813082134049e-01 -3.207545800519324786e+01 -2.367541152001555529e-02 9.988377912007275761e-01 -4.198263689841015556e-02 -4.318651313507310796e+00 6.485721356780429492e-01 4.730363700263507526e-02 7.596818799207526451e-01 6.377850808232039981e+01
7.547844990901346751e-01 -1.112600568793449887e-02 -6.558784672483349842e-01 -3.278875725302063415e+01 -2.265057898737783335e-02 9.988178582798227234e-01 -4.300973485484321096e-02 -4.385641560965308550e+00 6.555816638078371117e-01 4.731910806887772852e-02 7.536402272847015915e-01 6.458954430899279942e+01
7.484198930711014608e-01 -1.209578876703862500e-02 -6.631148823942568660e-01 -3.354061968821569195e+01 -2.195162631306654677e-02 9.988340921925972227e-01 -4.299514407305084912e-02 -4.445512195948144729e+00 6.628618231874292555e-01 4.673487108186398509e-02 7.472817831611673345e-01 6.542765197652703080e+01
7.421024963471131164e-01 -1.218851286599477966e-02 -6.701755864011778030e-01 -3.429907576696837879e+01 -2.132932594212400002e-02 9.988989087314035231e-01 -4.178552413426205037e-02 -4.501704555681267372e+00 6.699469768682440041e-01 4.530353512421578938e-02 7.410254019361124378e-01 6.624800503674057950e+01
7.359357477538577275e-01 -1.251443850586246229e-02 -6.769357099362018904e-01 -3.500962132236021773e+01 -2.072737851258609626e-02 9.989440771915418793e-01 -4.100129827336743832e-02 -4.565663915209455581e+00 6.767340379799043903e-01 4.420542360893210676e-02 7.348992658499704511e-01 6.703468563814811887e+01
7.296039599526694674e-01 -1.396523076739957653e-02 -6.837273032220511082e-01 -3.581482747414912637e+01 -1.977423510701550174e-02 9.989426151254762187e-01 -4.150459427559238801e-02 -4.624003149555308667e+00 6.835839733431439136e-01 4.380210059104948372e-02 7.285563369555819735e-01 6.785230138493507468e+01
7.229663400375638815e-01 -1.632613287893531009e-02 -6.906903210657088232e-01 -3.661952715768441635e+01 -1.844652636388354611e-02 9.989081976052334166e-01 -4.292014040325790869e-02 -4.693390061640697830e+00 6.906369555496464363e-01 4.377065384195164693e-02 7.218758441763764022e-01 6.864743541462503629e+01
7.170077877948886069e-01 -1.477743209173144716e-02 -6.969084951747100964e-01 -3.737914617985606469e+01 -2.098695952957954289e-02 9.988643889482536897e-01 -4.277242168199114902e-02 -4.754728051359442098e+00 6.967491567615833326e-01 4.529414964466380034e-02 7.158834134269059790e-01 6.943574218773291307e+01
7.115286794533507431e-01 -1.548483369125084469e-02 -7.024864048581078713e-01 -3.820826652978703208e+01 -1.994018625402126446e-02 9.989095168570348848e-01 -4.221570961579353826e-02 -4.816902243301746545e+00 7.023740706359399288e-01 4.404539766506995052e-02 7.104439999320961707e-01 7.026144083726288159e+01
7.068740564370435964e-01 -1.517872859289452932e-02 -7.071765445694010443e-01 -3.898770280048817938e+01 -2.040294519538460305e-02 9.989161973053268806e-01 -4.183480158220637818e-02 -4.879603595617685308e+00 7.070451160225519338e-01 4.400041996867316146e-02 7.057982546462256979e-01 7.105182206811554124e+01
7.018370426542146490e-01 -1.536200384573174760e-02 -7.121718647406167779e-01 -3.981282808682527730e+01 -2.101424898174038963e-02 9.988857992640655104e-01 -4.225590378244356571e-02 -4.953241206848980838e+00 7.120275099656422357e-01 4.462251522227616424e-02 7.007322353219659350e-01 7.183820267008860583e+01
6.970076859104302747e-01 -1.701873744371111552e-02 -7.168616594399525033e-01 -4.064992974014769800e+01 -2.180969279917366679e-02 9.987526374812772945e-01 -4.491666128112439121e-02 -5.014567676512005967e+00 7.167319103036012828e-01 4.694179052238042077e-02 6.957670922092142884e-01 7.263432384881274118e+01
6.919507088274028384e-01 -1.930802846774065315e-02 -7.216865018062149639e-01 -4.149111082818797058e+01 -2.152994518873560179e-02 9.986457982037296732e-01 -4.736065059231416019e-02 -5.072373145649659243e+00 7.216236458859497382e-01 4.830910639750760766e-02 6.905979681433144224e-01 7.339642541700297329e+01
6.869641132646560067e-01 -1.968010615101258715e-02 -7.264248004367100942e-01 -4.234065965426571410e+01 -2.253906252469561194e-02 9.985752567254034817e-01 -4.836783385961314352e-02 -5.139957751610165104e+00 7.263417282197206504e-01 4.959989992500840605e-02 6.855417956311098404e-01 7.420761487470015538e+01
6.818473810815257607e-01 -1.977606983442107419e-02 -7.312270823995635771e-01 -4.320751293276263283e+01 -2.141721773158733119e-02 9.986662069717028301e-01 -4.697988794895143622e-02 -5.221469719762418471e+00 7.311808669728635524e-01 4.769396300566698665e-02 6.805143904216210959e-01 7.500548440217333734e+01
6.770421237344035337e-01 -2.007916431303171517e-02 -7.356702928608741532e-01 -4.406347155761434919e+01 -2.053918382752224422e-02 9.987228279047641877e-01 -4.616118480329941404e-02 -5.288912366317033431e+00 7.356576059979800242e-01 4.636313376836995875e-02 6.757650158030950038e-01 7.576427223399258537e+01
6.719157968869765574e-01 -2.045787964874993745e-02 -7.403449377714512725e-01 -4.494340433019625891e+01 -2.057008460454542303e-02 9.987173290295658923e-01 -4.626627657647765235e-02 -5.358964975889838556e+00 7.403418415026968846e-01 4.631599989095219055e-02 6.706331307144467457e-01 7.652794253212063325e+01
6.670507113182718717e-01 -2.162378486795563798e-02 -7.446984290149007979e-01 -4.580983808229552068e+01 -1.935690480148448064e-02 9.987382103063796590e-01 -4.633894194516578746e-02 -5.419926138274957061e+00 7.447608123745550479e-01 4.532548056022286248e-02 6.657904650966455229e-01 7.731493231364004259e+01
6.624726806847873739e-01 -2.230185104329102802e-02 -7.487540079373641300e-01 -4.671983642984396567e+01 -1.869167225149068537e-02 9.987533402912418534e-01 -4.628592306701778680e-02 -5.499259507450302564e+00 7.488528411677013441e-01 4.465862381428233746e-02 6.612299448372922495e-01 7.811344601429622969e+01
6.587447774214795215e-01 -2.306019906811971124e-02 -7.520129885655896240e-01 -4.760737467311590621e+01 -1.764566673946799807e-02 9.987816854192498317e-01 -4.608443710032294333e-02 -5.564597206801124685e+00 7.521595294506867591e-01 4.362765259736546553e-02 6.575353075131621372e-01 7.888994420059518120e+01
6.545541331472637392e-01 -2.512963727515597073e-02 -7.555973647065437060e-01 -4.850435493176211565e+01 -1.528543998741249167e-02 9.988032168249216802e-01 -4.645954590450806360e-02 -5.635545434660586217e+00 7.558606030762872185e-01 4.195992570908878977e-02 6.533866572630218084e-01 7.964842257383345725e+01
6.504006761860079422e-01 -2.956378869023542147e-02 -7.590157654293924194e-01 -4.940968224083309934e+01 -1.254502150400765847e-02 9.986879443694492986e-01 -4.964888941057187671e-02 -5.717426998627079371e+00 7.594877169055191946e-01 4.181354008283486717e-02 6.491764370084335267e-01 8.042988800950394079e+01
6.456454181748838561e-01 -3.389363791170652007e-02 -7.628847911419917027e-01 -5.031689471763169763e+01 -8.507237074472519256e-03 9.986332819201908517e-01 -5.156738467276210380e-02 -5.781846849880832195e+00 7.635899621522446168e-01 3.978428714019026369e-02 6.444746627578843423e-01 8.118239782586006470e+01
6.391817619951556395e-01 -3.769557177272095383e-02 -7.681313091670775028e-01 -5.124497985558157609e+01 -3.100575540904360744e-03 9.986635944478478022e-01 -5.158887039113443235e-02 -5.863153349938511560e+00 7.690494594695300723e-01 3.535631390314072225e-02 6.382106790419298514e-01 8.194362271598076575e+01
6.309122187284481598e-01 -4.188995295647329753e-02 -7.747225264890366114e-01 -5.218228209406341733e+01 2.433810407657258871e-03 9.986433104384520032e-01 -5.201552715166723323e-02 -5.939865630042632461e+00 7.758504099145312471e-01 3.093170353019435506e-02 6.301582199905296777e-01 8.270931617894538590e+01
6.216505862705377083e-01 -4.225721471517188826e-02 -7.821539906857867264e-01 -5.310069935621406501e+01 3.989479212406881782e-03 9.987016023143029386e-01 -5.078576148781806243e-02 -6.028098819783252793e+00 7.832845221182362927e-01 2.845061092252238952e-02 6.210120219585225643e-01 8.344867484391996015e+01
6.129989733770544458e-01 -4.216442704483829018e-02 -7.889577988081118987e-01 -5.408169270005188167e+01 6.752006658871629631e-03 9.988180703757530976e-01 -4.813390357318685087e-02 -6.093423736626801812e+00 7.900548583367755784e-01 2.417898472535214352e-02 6.125591473240508122e-01 8.419764895141010186e+01
6.042184809968685899e-01 -4.130145591100640307e-02 -7.957475764007283514e-01 -5.505912463527084100e+01 5.364572891547374732e-03 9.988439875397728818e-01 -4.776934050584846769e-02 -6.180540701914403634e+00 7.968006393720207248e-01 2.459427204117148671e-02 6.037415626854863993e-01 8.493762207814411624e+01
5.946784333223990027e-01 -4.239591426008432890e-02 -8.028450258855677202e-01 -5.604837604405653906e+01 3.829612690108681605e-03 9.987466638264265173e-01 -4.990426377173591554e-02 -6.242156930091000255e+00 8.039545419567132312e-01 2.660240346955134588e-02 5.940954623816899760e-01 8.564326204962185329e+01
5.846079692975959530e-01 -4.434020567335945212e-02 -8.101033615476145311e-01 -5.703872174644053672e+01 4.556854847304133045e-03 9.986691532038386443e-01 -5.137273100573184342e-02 -6.328222782906157917e+00 8.113031295664810960e-01 2.634138408685426924e-02 5.840319986660866824e-01 8.635515856035685545e+01
5.745595894203510134e-01 -4.533181603640564633e-02 -8.172063952643479068e-01 -5.803925233282208751e+01 3.852453534739239474e-03 9.986037152556576091e-01 -5.268565703905011416e-02 -6.394528452807165309e+00 8.184536931006359817e-01 2.712279937917559669e-02 5.739319804859289720e-01 8.706672227506832940e+01
5.645081629802176648e-01 -4.657262557658285729e-02 -8.241125603251241438e-01 -5.907355551171065144e+01 7.272920535716223545e-03 9.986488706441651875e-01 -5.145422976742131810e-02 -6.479725345999551855e+00 8.253954505004342801e-01 2.305262708644544717e-02 5.640841595849215295e-01 8.776305734993812280e+01
5.542176508364311527e-01 -4.644972716679172942e-02 -8.310747293495924781e-01 -6.009834466013690246e+01 7.947636142430979447e-03 9.986915275756669264e-01 -5.051799482116395984e-02 -6.561133095796060744e+00 8.323338524527149618e-01 2.139288436463910106e-02 5.538616390140600476e-01 8.845397234597203351e+01
5.437226671462400684e-01 -4.717474614950638301e-02 -8.379380596326173603e-01 -6.113876307650492947e+01 9.260328316749432201e-03 9.986954335473019473e-01 -5.021630513627756143e-02 -6.645955387415799720e+00 8.392138697115658630e-01 1.954416130580288388e-02 5.434501996029794668e-01 8.912093961225907890e+01
5.336752277428098434e-01 -4.779168876304355773e-02 -8.443380204765693620e-01 -6.220082396460107788e+01 7.669992833726517120e-03 9.986343796747327861e-01 -5.167733462220266277e-02 -6.722326946836545858e+00 8.456547370302435196e-01 2.110284625138133044e-02 5.333129930940012642e-01 8.976629576804219823e+01
5.234248764294197054e-01 -4.880313618140945386e-02 -8.506730508825151027e-01 -6.329167977470925166e+01 7.321487515091857842e-03 9.985791368008373192e-01 -5.278355177997862829e-02 -6.801026407388635953e+00 8.520403784493567612e-01 2.140003143912230787e-02 5.230384740249728326e-01 9.041966792553338905e+01
5.138050648304968160e-01 -4.908774586853700134e-02 -8.565014508208383948e-01 -6.434659234386145954e+01 5.413600920099135953e-03 9.985273436109562972e-01 -5.397996814292853329e-02 -6.884780915149626423e+00 8.578898882783951851e-01 2.309842349305295597e-02 5.133141491808943524e-01 9.105424436649501274e+01
