1.000000000000000000e+00 4.398956837314658088e-19 2.733407509747682871e-20 -8.673617379884035472e-19 -5.583667658079949532e-19 1.000000000000000000e+00 -6.100159232558060012e-19 0.000000000000000000e+00 4.145284534913582806e-20 -2.210423569125054137e-19 1.000000000000000222e+00 0.000000000000000000e+00
9.998934077670774689e-01 4.245497875423468511e-04 1.459427550223223874e-02 -7.721723904766873703e-02 -4.231863360876535673e-04 9.999999057997638330e-01 -9.651214078670584777e-05 -1.092292857694231178e-02 -1.459431535448422849e-02 9.032576941092845639e-05 9.998934932200370662e-01 9.167234863691142710e-03
9.992641325368604166e-01 4.539155356672401262e-03 3.808660543728265707e-02 7.469243128681651855e-02 -4.512409826084314013e-03 9.999895084269979639e-01 -7.881637983412882959e-04 1.346929664631717205e-02 -3.808978410736716530e-02 6.157214794181875041e-04 9.992741311598644094e-01 3.004140387622887265e-01
9.979278130899807975e-01 5.425893757569899382e-03 6.411426944698829511e-02 3.311756847599145459e-02 -5.475143475562977043e-03 9.999848357757831208e-01 5.924800796024131408e-04 7.865904436724621696e-03 -6.411008357961993365e-02 -9.422871271283573061e-04 9.979423877458059033e-01 4.118753013375681116e-01
9.952581954831906108e-01 5.031429799494000973e-03 9.713809242786414222e-02 9.180957833455674622e-02 -5.346007216957617512e-03 9.999812743226285106e-01 2.978459387401927519e-03 4.829329914406071955e-03 -9.712128922094652450e-02 -3.483637003580189028e-03 9.952664565236216676e-01 5.760681121828473694e-01
9.908271959552903407e-01 1.889624689074829653e-03 1.351217855944778501e-01 1.935948883552654209e-01 -2.582616368169346824e-03 9.999843961422981709e-01 4.953540972431279797e-03 1.077280490181285744e-02 -1.351103191748815602e-01 -5.257070770605802232e-03 9.908166152157010798e-01 8.058322375931996628e-01
9.846493736571061417e-01 -1.485668682387783750e-03 1.745376849332163638e-01 2.419265768315541631e-01 4.897200242076808025e-04 9.999833536471289808e-01 5.749139111645442356e-03 -5.482911293403114339e-03 -1.745433238502557549e-01 -5.575411513148675197e-03 9.846337101539667236e-01 9.688123635531207256e-01
9.759571073683466214e-01 -1.694584212601794740e-03 2.179560791555119614e-01 3.425738319734028536e-01 2.524738736939276099e-04 9.999778952077220673e-01 6.644196761769805004e-03 -1.434168411200739679e-03 -2.179625242006358599e-01 -6.429422690508245809e-03 9.759359615727534187e-01 1.191326954859885712e+00
9.641639591183115421e-01 -1.544661919928383594e-03 2.653026066592105714e-01 4.225626433767227241e-01 -1.104947501965436452e-03 9.999509993117283724e-01 9.837584336278666283e-03 9.805631879813175855e-03 -2.653048069756252514e-01 -9.778189553863699326e-03 9.641150072798780890e-01 1.386907968838342331e+00
9.497430181997780219e-01 -5.471431521125030839e-03 3.129828454546839112e-01 5.712321379636007279e-01 3.481658015166124104e-04 9.998650776493369641e-01 1.642270596737442287e-02 2.539505787078928656e-02 -3.130304781903667233e-01 -1.548838025280671778e-02 9.496167811683822180e-01 1.658434658235328207e+00
9.328961450428203683e-01 -1.534586236092420550e-02 3.598184060439639786e-01 6.942095413945919002e-01 6.934106233524649048e-03 9.996719225057673075e-01 2.465695645035208272e-02 5.710748081309863222e-03 -3.600787461980249349e-01 -2.050736040623362191e-02 9.326964921523098750e-01 1.836339337362689950e+00
9.116066586181658105e-01 -2.094627427088898569e-02 4.105295984434675916e-01 8.472607516979222542e-01 9.580028600035100581e-03 9.995122158200090423e-01 2.972462695565259230e-02 -1.375209755684211888e-03 -4.109519758820700530e-01 -2.316428237215156435e-02 9.113626566470608426e-01 2.090367852219274791e+00
8.866726944474925265e-01 -2.284139679617816152e-02 4.618330871982188612e-01 1.045247059951830426e+00 8.229081705069092589e-03 9.994004908200536663e-01 3.362946819652166269e-02 2.455541322174237262e-03 -4.623243660303702485e-01 -2.601786875341684929e-02 8.863290891054395049e-01 2.320325282743719075e+00
8.582180710562984371e-01 -2.488115727475848082e-02 5.126818376235153796e-01 1.204266296179028028e+00 6.318249306919244100e-03 9.992608452459530444e-01 3.791889834671799409e-02 2.886445126680287770e-02 -5.132463613387461265e-01 -2.930343189255095807e-02 8.577409197304958210e-01 2.544691334399563853e+00
8.260740722148871562e-01 -3.014664231745086895e-02 5.627546555852573906e-01 1.456963910414964980e+00 7.482949381644105231e-03 9.990669336075195250e-01 4.253548638627666079e-02 2.714905075070612323e-02 -5.635118799509447607e-01 -3.092639757415193563e-02 8.255288752758173088e-01 2.780990971752594021e+00
7.903627960933730101e-01 -3.595071536222414765e-02 6.115833474396954461e-01 1.665576058731079945e+00 9.730782766085990104e-03 9.988874804957120768e-01 4.614231387603204976e-02 2.986744466358710881e-02 -6.125618088070481360e-01 -3.051798318246740777e-02 7.898333298172675043e-01 2.964396532535860551e+00
7.525872745052712975e-01 -4.035139117044894697e-02 6.572550134816308454e-01 1.943179294385506184e+00 1.080459247418588675e-02 9.987430394193727023e-01 4.894488678339265625e-02 4.041787192130719825e-02 -6.584038754825701778e-01 -2.973392598281007423e-02 7.520772813895926223e-01 3.186476055693062470e+00
7.124059604007874080e-01 -4.366658849258953784e-02 7.004077161838478949e-01 2.247261768826427808e+00 1.185843929101638300e-02 9.986687848616655483e-01 5.019995524758136957e-02 5.204061640491922797e-02 -7.016673957401600159e-01 -2.745700449122153580e-02 7.119754114140559587e-01 3.426140238544230332e+00
6.711644009946857725e-01 -4.544351722324303094e-02 7.399143361528344176e-01 2.535214773558920331e+00 1.101660666730773161e-02 9.986204906529367875e-01 5.133955562756060270e-02 5.801085854515989487e-02 -7.412266801995553989e-01 -2.630593638076252766e-02 6.707391557531168225e-01 3.601649656893327833e+00
6.279317955578974653e-01 -4.585958088346529099e-02 7.769160503208536461e-01 2.877928386218768786e+00 6.747023078937771680e-03 9.985456617410520819e-01 5.348868149966335556e-02 8.878171027081166455e-02 -7.782391335490950190e-01 -2.834537276339845271e-02 6.273279848908824841e-01 3.849190243610165929e+00
5.865399133252462427e-01 -4.671897021179904214e-02 8.085717391087812178e-01 3.211074613259631505e+00 3.930039733251627573e-03 9.984873458240191013e-01 5.484136186313393058e-02 1.036133317623437883e-01 -8.099107956390895202e-01 -2.898892801280972265e-02 5.858362875576130779e-01 4.053105899633986375e+00
5.462341292633120515e-01 -4.770544780845257377e-02 8.362729547508563899e-01 3.593178939997418109e+00 1.727467724473554823e-03 9.984389114905981577e-01 5.582791267210413660e-02 1.217740513171689798e-01 -8.376307687016886216e-01 -2.905047613968621961e-02 5.454638178956519035e-01 4.261072688887996840e+00
5.078849170063982621e-01 -5.031820674566368085e-02 8.599540551632541829e-01 4.034694045331462142e+00 9.569232759278216470e-04 9.983248569194483890e-01 5.784949705930347158e-02 1.366233729498694260e-01 -8.614244069208457644e-01 -2.855797633964350310e-02 5.070822865656280376e-01 4.477592339439083524e+00
4.703794285002567133e-01 -5.021411098542612195e-02 8.810344621386859698e-01 4.437896934622884260e+00 -1.941824847266981381e-03 9.983184466126736600e-01 5.793538150009296811e-02 1.604850577213871865e-01 -8.824621445849395451e-01 -2.896242560863996479e-02 4.694909521414489806e-01 4.650535320402716444e+00
4.346254167268704949e-01 -4.962922556426701409e-02 8.992428335447192334e-01 4.899391206195074844e+00 -2.896525084398083628e-03 9.983983082412708487e-01 5.650157703447237362e-02 1.881958471838868219e-01 -9.006066687902036794e-01 -2.716170021077057156e-02 4.337855272270436102e-01 4.839892860191497448e+00
4.011269641454848767e-01 -4.831498141839754568e-02 9.147474007937750340e-01 5.391271260314769442e+00 -1.968952697132213443e-03 9.985602662477252034e-01 5.360520368766986260e-02 2.003339122309764631e-01 -9.160203583460760912e-01 -2.330358624941180137e-02 4.004543169259066060e-01 5.019656749151754305e+00
3.704648395986747667e-01 -4.662055222557296569e-02 9.276757581916331707e-01 5.878070337987348459e+00 -1.728810573261210369e-04 9.987361150435400958e-01 5.026074597938579719e-02 2.225198773433668398e-01 -9.288464825550820647e-01 -1.878021597760931236e-02 3.699885535543607773e-01 5.183710895947390540e+00
3.450802527801289932e-01 -4.468664268710401122e-02 9.375087777527879584e-01 6.437363682726474856e+00 9.959168296965045450e-04 9.988828125159244786e-01 4.724547573824069285e-02 2.471838831818525262e-01 -9.385726626101855707e-01 -1.536979911337446082e-02 3.447392363095406753e-01 5.379727450758378993e+00
3.248438310031553922e-01 -4.410616259115521243e-02 9.447386500387404684e-01 7.022530530058778808e+00 2.039657017664690732e-03 9.989423302975488639e-01 4.593539491829298771e-02 2.696550074424440835e-01 -9.457654789526012129e-01 -1.299488598894684571e-02 3.245902136479163480e-01 5.550529742605781358e+00
3.094362260752154814e-01 -4.451652613471049347e-02 9.498776161704149956e-01 7.611752107950371382e+00 2.945962393254003900e-03 9.989437005461113683e-01 4.585634536972576364e-02 2.986207271217547476e-01 -9.509156426145954910e-01 -1.139130983842765767e-02 3.092405114418584899e-01 5.743338154731700840e+00
2.979328112179913113e-01 -4.625086485819666915e-02 9.534657215521677998e-01 8.232980928004831611e+00 4.219987720863673138e-03 9.988796058612896545e-01 4.713517434281795648e-02 3.197468577585600991e-01 -9.545775232436853885e-01 -1.001950046462981268e-02 2.977941857906421519e-01 5.918642376503526314e+00
2.873150993612396675e-01 -4.807241979938012277e-02 9.566290089112692296e-01 8.857245057855534398e+00 3.045205438994605038e-03 9.987805570222634266e-01 4.927601445040803024e-02 3.461207485767288095e-01 -9.578312882109371040e-01 -1.124461023540332914e-02 2.871111240373011020e-01 6.118304703173908621e+00
2.766188396127042814e-01 -4.969152401343610720e-02 9.596940942058020951e-01 9.533989679854313337e+00 1.424346822362750108e-03 9.986822864865513294e-01 5.129972569754221584e-02 3.774829707857707550e-01 -9.609786705079249591e-01 -1.282353247921492675e-02 2.763251118521523608e-01 6.306857376817686323e+00
2.663544529001077299e-01 -5.154907302456207541e-02 9.624957053537246399e-01 1.022012525273851402e+01 8.409221524395487464e-04 9.985809113181843832e-01 5.324900339108553510e-02 4.069766341103673857e-01 -9.638747920334329589e-01 -1.337372432328102871e-02 2.660198197225059347e-01 6.487554849567636062e+00
2.566035386501090421e-01 -5.350643764669608948e-02 9.650345430698989979e-01 1.091987301318850534e+01 -2.344161769405625300e-04 9.984629804815980947e-01 5.542221231059304282e-02 4.336363601820811819e-01 -9.665167280106020664e-01 -1.444775462978139732e-02 2.561965898792778473e-01 6.672232306417173575e+00
2.464479063568377204e-01 -5.501075936267896260e-02 9.675935251655931602e-01 1.167880646132936207e+01 -3.272304785822729013e-04 9.983829856995409813e-01 5.684458412921206127e-02 4.675944049473684805e-01 -9.691559931048954191e-01 -1.432585395586641504e-02 2.460313940184339354e-01 6.889406606282189038e+00
2.351293030789984584e-01 -5.644925605810811875e-02 9.703234905701251245e-01 1.243769318848109329e+01 -1.249646637360182951e-03 9.982936945722903355e-01 5.837925761022004501e-02 4.934970891184842223e-01 -9.719633048089522109e-01 -1.493923476132949686e-02 2.346575576938713936e-01 7.038326251579689163e+00
2.256200895026619913e-01 -5.935452032319980809e-02 9.724055738599534093e-01 1.319169863933090348e+01 -2.267814825014320256e-03 9.981076156891338647e-01 6.144952787203326189e-02 5.288661916711214772e-01 -9.742127329132863611e-01 -1.606948287801350864e-02 2.250585231652957874e-01 7.218605222822867873e+00
2.140812511334759805e-01 -6.281950085119358818e-02 9.747937792536800483e-01 1.397519341077109267e+01 -4.129431728746970134e-03 9.978628189775021751e-01 6.521305276152046526e-02 5.776227205979693746e-01 -9.768071368088973028e-01 -1.798623542133622952e-02 2.133643105447264043e-01 7.394392473861319814e+00
2.019849901475780085e-01 -6.651605254008648160e-02 9.771272497773397792e-01 1.476421797077465037e+01 -4.227716922834769825e-03 9.976225382981547263e-01 6.878515420338943143e-02 6.119011932495665995e-01 -9.793795010363077758e-01 -1.802458523272397473e-02 2.012235661635703443e-01 7.559176719443965631e+00
1.885212740642068507e-01 -6.901494320973461383e-02 9.796410824791179639e-01 1.555075293008772519e+01 -5.571028598196437268e-03 9.974364483993195529e-01 7.134069661235957482e-02 6.544510290929619334e-01 -9.820533131271499405e-01 -1.890684663592737125e-02 1.876535044600919078e-01 7.697350929517386753e+00
1.752967376726196624e-01 -6.967414255579780502e-02 9.820471226784243113e-01 1.635987202885905134e+01 -6.017980190697110043e-03 9.973981950465498070e-01 7.183748590113786525e-02 6.839918434920939649e-01 -9.844972598742558478e-01 -1.850281617533457851e-02 1.744213507712180089e-01 7.855740619310600970e+00
1.609312340395504526e-01 -6.882633469625004663e-02 9.845628761014251218e-01 1.715591915584175098e+01 -7.560927227437309710e-03 9.974502846681766455e-01 7.096310271771406886e-02 7.250708591075171183e-01 -9.869366683725353528e-01 -1.886438707246741731e-02 1.600005129219511102e-01 7.990742059996128965e+00
1.448886535657075147e-01 -6.800596652572314660e-02 9.871081247305695250e-01 1.794838162253304148e+01 -8.609135243823321307e-03 9.975108017360991841e-01 6.998630699000019106e-02 7.613293332238627587e-01 -9.894105204665097908e-01 -1.863836825220472476e-02 1.439425230391054022e-01 8.104258403472705652e+00
1.228843636779788639e-01 -6.646992325277777114e-02 9.901924891924932526e-01 1.877259553827261485e+01 -1.127326569872337363e-02 9.975966150726583992e-01 6.836597867004629014e-02 8.012912320539502531e-01 -9.923569740104922765e-01 -1.956381193246655228e-02 1.218396907619186814e-01 8.222054688054019067e+00
9.871579405000471819e-02 -6.515779729306064860e-02 9.929801793152780442e-01 1.959363083878515255e+01 -1.549053865433605397e-02 9.976325149142756255e-01 6.700304748127738907e-02 8.474040840135691477e-01 -9.949951017465352709e-01 -2.199605602765274462e-02 9.747275511578085139e-02 8.301118473073387349e+00
6.929074640416361952e-02 -6.468468386408939008e-02 9.954971959084281119e-01 2.043306923439947909e+01 -1.901699443528780467e-02 9.976286629252274496e-01 6.614684281846520963e-02 8.824869930777723415e-01 -9.974152413676383722e-01 -2.351472789614023062e-02 6.789632502530260072e-02 8.325537838333671559e+00
3.468964129234930471e-02 -6.452066941419976054e-02 9.973132380630481686e-01 2.127540671485422408e+01 -2.229585890199456757e-02 9.976155311975051232e-01 6.531574526540127879e-02 9.268907183828778429e-01 -9.991494086493107885e-01 -2.450173416490849729e-02 3.316837979103805928e-02 8.347595400418057920e+00
4.569748603301191227e-04 -6.382459178486836471e-02 9.979610189752405880e-01 2.210187072159800437e+01 -2.411743651049388579e-02 9.976701536651109148e-01 6.381703329251167678e-02 9.604024898694768497e-01 -9.997090365428319414e-01 -2.409742344156849334e-02 -1.083376754459845119e-03 8.312216941150374794e+00
-3.369308736058487797e-02 -6.288598340924747565e-02 9.974518091907690343e-01 2.293523285726826444e+01 -2.524373074349966356e-02 9.977536099834080074e-01 6.205229910644391444e-02 9.893553652743032334e-01 -9.991133805385997713e-01 -2.308867050105982421e-02 -3.520487777115587774e-02 8.299813313191640063e+00
-6.614290701437085251e-02 -6.086075732196474103e-02 9.959523416195997791e-01 2.377617378573381401e+01 -2.749797838428687594e-02 9.978701968481989981e-01 5.915176613568238345e-02 1.018254080715879306e+00 -9.974311977200079893e-01 -2.347420533243058105e-02 -6.767558482278664134e-02 8.260623945512326927e+00
-9.826040716207545822e-02 -5.768997609243959462e-02 9.934871623680570085e-01 2.461170214364018705e+01 -2.931707469441442032e-02 9.980528046018389832e-01 5.505550269687692344e-02 1.057286213138243447e+00 -9.947288165775383106e-01 -2.371636037717882173e-02 -9.976037767537969392e-02 8.174139734665663681e+00
-1.305055803866444486e-01 -5.323128155732020222e-02 9.900175286198418245e-01 2.546848316204969720e+01 -2.652026069732111441e-02 9.983877514271805031e-01 5.018539221600887973e-02 1.076492503858703653e+00 -9.910928241614592737e-01 -1.970604832367539930e-02 -1.317068817987493146e-01 8.058974085699482259e+00
-1.612752763861037553e-01 -4.779299331843993998e-02 9.857515396615350589e-01 2.628248108602014810e+01 -2.248194572197531604e-02 9.987454456639386358e-01 4.474479744656618962e-02 1.098060727339124965e+00 -9.866533656715379408e-01 -1.494538210376194533e-02 -1.621474286491265959e-01 7.905172222793885872e+00
-1.929303674222191678e-01 -4.174540743858982245e-02 9.803240165158785269e-01 2.714494553123921605e+01 -1.641051712150023295e-02 9.990921014503345576e-01 3.931498132403938445e-02 1.112907310944621475e+00 -9.810752186583430179e-01 -8.502569281244392110e-03 -1.934402713171230748e-01 7.697106921671800883e+00
-2.220015434746272220e-01 -3.595179704920808267e-02 9.743832748066726390e-01 2.795851142815989121e+01 -1.031380847216934425e-02 9.993506782043135583e-01 3.452314192829753631e-02 1.125532078514856815e+00 -9.749917723820294979e-01 -2.385410647222168355e-03 -2.222281943476318855e-01 7.530655279795695378e+00
-2.500498831684085377e-01 -2.951979350011790446e-02 9.677828378037135471e-01 2.873654045494969722e+01 -1.017576325672686806e-03 9.995425832739874838e-01 3.022563063822924015e-02 1.153525315428775455e+00 -9.682324288923944700e-01 6.573123614086398211e-03 -2.499655461693915670e-01 7.278910711137749345e+00
-2.767721284421845729e-01 -1.933777727023049814e-02 9.607409759780837222e-01 2.959531198297942112e+01 4.779764768552220711e-03 9.997574211083015694e-01 2.150006442667846268e-02 1.142989087547271465e+00 -9.609237006015493021e-01 1.054273559554576994e-02 -2.766125606876523868e-01 7.007769315700232760e+00
-3.012401399822302039e-01 -4.524234475135892677e-03 9.535375678060306059e-01 3.034630559310870623e+01 9.290115757365439292e-03 9.999273587121741969e-01 7.679259701520527344e-03 1.138507739854522027e+00 -9.535030608997359103e-01 1.117177677632253535e-02 -3.011762281879183933e-01 6.734314757544707319e+00
-3.256694034190548148e-01 1.249536215951229344e-02 9.454011263462783754e-01 3.114415491063861552e+01 1.016715315100811742e-02 9.999011351945662485e-01 -9.713331894220073384e-03 1.105251127044008852e+00 -9.454290474226433316e-01 6.448704102213235687e-03 -3.257642497669429038e-01 6.460046703020317693e+00
-3.519542726586498693e-01 2.748481670122589551e-02 9.356135736484088028e-01 3.192870432058660413e+01 8.407439776146080623e-03 9.996213014408855679e-01 -2.620245496046315001e-02 1.075696605158767527e+00 -9.359794440122219950e-01 -1.355950226832058425e-03 -3.520520663406399575e-01 6.199135903673369974e+00
-3.768600538997260996e-01 3.802114173762520533e-02 9.254895338373539948e-01 3.268100587370405918e+01 1.289263769241054576e-02 9.992757164722618768e-01 -3.580254648470398288e-02 1.045522033585219113e+00 -9.261804867414505926e-01 -1.560547389383267185e-03 -3.770772944792449843e-01 5.892550058569087312e+00
-3.995823978348821970e-01 4.276213058522694566e-02 9.156993461308081672e-01 3.345333573920671455e+01 1.645642207140428359e-02 9.990850334459652204e-01 -3.947508178234679366e-02 9.970337223186083175e-01 -9.165495663254157321e-01 -7.044119441618236499e-04 -3.999205062654512255e-01 5.517652727381237021e+00
-4.219761871020672461e-01 4.214203334543569629e-02 9.056269275022170717e-01 3.419809733456073531e+01 1.844497070589437571e-02 9.991113760292399393e-01 -3.789777443419959507e-02 9.407337843785229525e-01 -9.064192706733675831e-01 7.123047580174188828e-04 -4.223785187940453656e-01 5.143619103529812442e+00
-4.426693969772477200e-01 3.886382743685286301e-02 8.958422815743363188e-01 3.492034365915526450e+01 2.299426895564444726e-02 9.992237645499749688e-01 -3.198643324660022103e-02 9.112646849733532228e-01 -8.963900277846029718e-01 6.439824260667585849e-03 -4.432194278618535876e-01 4.789687173603372372e+00
-4.606858452276283988e-01 3.761579725481915132e-02 8.867658031453495848e-01 3.567701908619797280e+01 2.991939536202048791e-02 9.991918603810100441e-01 -2.684130919597219056e-02 8.767425843527673068e-01 -8.870588451816657782e-01 1.416608652206370958e-02 -4.614389899039152421e-01 4.379189721254530987e+00
-4.751083991889827884e-01 3.845579128869179575e-02 8.790865413505996040e-01 3.637520096893068455e+01 3.418995635161663910e-02 9.990969031209420148e-01 -2.522746525806988591e-02 8.330393657736336888e-01 -8.792627984154930409e-01 1.807015095151390596e-02 -4.759941333412618936e-01 4.019349176269529700e+00
-4.860055679046499932e-01 4.172546058744752706e-02 8.729590827349307247e-01 3.708375775742435820e+01 3.666459684347962711e-02 9.989536967917902466e-01 -2.733530583215841928e-02 7.807219777689894391e-01 -8.731862962055002564e-01 1.872158310153996044e-02 -4.870269071411860162e-01 3.593975463484123001e+00
-4.955093921488084030e-01 4.412668824962324987e-02 8.674809877222231513e-01 3.775627348955107010e+01 3.777496898762994215e-02 9.988586106029446743e-01 -2.923230543165275530e-02 7.289744423281061536e-01 -8.677807939885542332e-01 1.828418661032535017e-02 -4.966107084860315601e-01 3.185140801864058346e+00
-5.061115691877076106e-01 4.345404076062661658e-02 8.613726327404341854e-01 3.845351365717007042e+01 3.166619978459393053e-02 9.989927942179848142e-01 -3.179070363068286359e-02 6.741478398908657965e-01 -8.618865027067610374e-01 1.118675600543333690e-02 -5.069778362395523930e-01 2.783490142699059255e+00
-5.174648560660790597e-01 4.239877318336362361e-02 8.546534113422827872e-01 3.915177078080750306e+01 3.023276913306861824e-02 9.990540289498993642e-01 -3.125742883409197981e-02 6.580616833987735781e-01 -8.551702254062294450e-01 9.663919371194998331e-03 -5.182571828188258234e-01 2.374165645722625229e+00
-5.263066109744519716e-01 4.368576002700456234e-02 8.491718863230294234e-01 3.981751974507032088e+01 3.244077054412062427e-02 9.989838608560007716e-01 -3.128645234726276647e-02 6.191194070832253260e-01 -8.496757966982129151e-01 1.108152463031914295e-02 -5.271890111396740908e-01 1.953493434991423250e+00
-5.331595945441902629e-01 4.711112293816333008e-02 8.447019449924666468e-01 4.050788953596114794e+01 3.614040966489136253e-02 9.988051905681133436e-01 -3.289471116398710177e-02 5.677921879987413156e-01 -8.452424085673808651e-01 1.298974449956826448e-02 -5.342251869061018787e-01 1.510119799851242783e+00
-5.370077904791815682e-01 5.013154369943151334e-02 8.420863663534142729e-01 4.121199348155433739e+01 3.714133616835343932e-02 9.986697041671119823e-01 -3.576790548613123510e-02 5.362601317721380489e-01 -8.427592572866042797e-01 1.206856993750816780e-02 -5.381553649584985832e-01 1.071003341758038241e+00
-5.369973140894047647e-01 5.145225507069155907e-02 8.420133830399653130e-01 4.191009046267537741e+01 3.639153019148286955e-02 9.986219607715710600e-01 -3.781317140161429696e-02 4.899195729578013081e-01 -8.427986431067761020e-01 1.033658497100984480e-02 -5.381297382069040180e-01 6.315497063582055093e-01
-5.339142075114259312e-01 5.222953731750815121e-02 8.439239785102965463e-01 4.262270144979194697e+01 3.848598250714370395e-02 9.985570776005253668e-01 -3.745119301479765683e-02 4.448360679512208260e-01 -8.446623348150268384e-01 1.248352045639131158e-02 -5.351539169924560690e-01 1.808787483154972453e-01
-5.277320306709984976e-01 5.117194465982179141e-02 8.478681046173802693e-01 4.337217273421580899e+01 3.682457615275697843e-02 9.986235112124701718e-01 -3.735014566116988399e-02 4.018394451342883755e-01 -8.486123179661172466e-01 1.151151638609951289e-02 -5.288899998172881256e-01 -2.877840232228725537e-01
-5.212309051008698901e-01 4.979410906200978926e-02 8.519617814772960651e-01 4.412386554033451347e+01 3.492823345535658874e-02 9.987046118284391705e-01 -3.700157779114192358e-02 3.566169194187165936e-01 -8.527006356341438886e-01 1.047115512649625726e-02 -5.222949302196867594e-01 -7.233884450671097532e-01
-5.143583954985395668e-01 4.913674675511489620e-02 8.561664603371130777e-01 4.491126852761984622e+01 3.309536795765076478e-02 9.987507957007202286e-01 -3.743720940328804092e-02 3.124152781468770845e-01 -8.569364910350170117e-01 9.079002078350172783e-03 -5.153420567013572429e-01 -1.182753179777042085e+00
-5.072662720759901767e-01 4.765844888426776921e-02 8.604705619884063239e-01 4.572738027180439957e+01 2.981224944647669836e-02 9.988425115139667465e-01 -3.774740945797446651e-02 2.592406013196377756e-01 -8.612735751208437929e-01 6.504576340825408455e-03 -5.080999239866511585e-01 -1.683606350033956645e+00
-5.026706435918312232e-01 4.544908166412872652e-02 8.632824517796354735e-01 4.654412526896989277e+01 2.592139096522192571e-02 9.989604266964134949e-01 -3.749863112279313432e-02 2.145080223778786932e-01 -8.640892997001311526e-01 3.528021863747859369e-03 -5.033261852422669103e-01 -2.128895302891398167e+00
-5.018047780721619500e-01 4.256630897467831437e-02 8.639329027933747573e-01 4.737481025939004553e+01 2.093736597157016752e-02 9.990935134517969773e-01 -3.706451191699958875e-02 1.678000579335222064e-01 -8.647274736750081292e-01 -5.106688927415377419e-04 -5.022411263976954698e-01 -2.595235210141601634e+00
-5.015937580152277642e-01 4.028865150667843009e-02 8.641646330171549595e-01 4.822101242770184371e+01 1.851561797313679147e-02 9.991861312668114392e-01 -3.583639125924007601e-02 1.281489342149450539e-01 -8.649051312929335600e-01 -1.974767042844432097e-03 -5.019314970363896178e-01 -3.075487101329292372e+00
-5.031046784780074388e-01 3.875003112950547307e-02 8.633563019296339736e-01 4.905598084227307254e+01 1.674816858402498887e-02 9.992438308641128364e-01 -3.508939007221636291e-02 7.920157991193882419e-02 -8.640631884551041031e-01 -3.193998516480173709e-03 -5.033732395182718422e-01 -3.539299080766288519e+00
-5.036928640662416967e-01 3.857940750125925938e-02 8.630209235677792634e-01 4.994289933053241270e+01 1.697648700469732430e-02 9.992514508022101172e-01 -3.476114101958064501e-02 2.474696681036074597e-02 -8.637159891233007203e-01 -2.857874280687594960e-03 -5.039707692027849406e-01 -4.047555092159381473e+00
-5.035144089785896782e-01 3.767977378592340942e-02 8.631647937122145509e-01 5.081559422594641262e+01 1.655342057637421496e-02 9.992859034289430786e-01 -3.396568036693046327e-02 -2.751617470759303713e-02 -8.638282447984291235e-01 -2.813878713404607650e-03 -5.037785814242405902e-01 -4.560596352397615405e+00
-5.034925568544901253e-01 3.723895803867838944e-02 8.631966703487541359e-01 5.168774755923745090e+01 1.706431421362157932e-02 9.993044582941839060e-01 -3.315733373886869950e-02 -6.524532291019141672e-02 -8.638310405777267498e-01 -1.964610618489724594e-03 -5.037778152794973874e-01 -5.080224239559432142e+00
-5.038345157792234463e-01 3.661433699542345627e-02 8.630238452937201155e-01 5.259528672636613322e+01 1.663027959697185518e-02 9.993272276724706193e-01 -3.268831290788724170e-02 -1.247089077496918719e-01 -8.636401025875632964e-01 -2.117171547412369497e-03 -5.041044577364316437e-01 -5.593308014411449314e+00
-5.038937159428409363e-01 3.491795757003018918e-02 8.630595841427527448e-01 5.348937595016158042e+01 1.463488372563846382e-02 9.993842691981933424e-01 -3.188891075139108772e-02 -1.778600428255448507e-01 -8.636416823548732635e-01 -3.437844172517034742e-03 -5.040944745254622994e-01 -6.121673835097218408e+00
-5.039452863991851217e-01 3.450529864492837828e-02 8.630460701433925186e-01 5.436162690904184558e+01 1.449972277763887304e-02 9.993988821658055244e-01 -3.149019429711682333e-02 -2.258372894010456378e-01 -8.636138712664133132e-01 -3.355405320244398380e-03 -5.041426743801110666e-01 -6.609281785619959493e+00
-5.029951205378923040e-01 3.341122059845369474e-02 8.636432050009281713e-01 5.527076589108448701e+01 1.297023118274374075e-02 9.994317971155235458e-01 -3.111038398929185864e-02 -2.806971641065835188e-01 -8.641919313010890669e-01 -4.446718423062593316e-03 -5.031426697307828100e-01 -7.148641997062785691e+00
-5.018402583922586535e-01 3.215552065384812142e-02 8.643624031726410140e-01 5.616578112985680349e+01 1.251769654011943705e-02 9.994740851583948649e-01 -2.991421644940468055e-02 -3.372323771988897101e-01 -8.648697443312143296e-01 -4.192330951895291945e-03 -5.019788474187697469e-01 -7.646495397675823646e+00
-5.004931313986124009e-01 3.022573242442045879e-02 8.652127004195901971e-01 5.705719251761442479e+01 1.333995009839687544e-02 9.995409497986561531e-01 -2.720175329193912431e-02 -3.825446614236061582e-01 -8.656377322569767108e-01 -2.072395518027878285e-03 -5.006665909060562525e-01 -8.153556253829734146e+00
-4.976091862759206008e-01 2.877366107265054082e-02 8.669239646923309062e-01 5.794134390601028173e+01 1.366468416675700216e-02 9.995856637130695610e-01 -2.533332353068664528e-02 -4.378716668473237039e-01 -8.672937141159700047e-01 -7.598514008477293309e-04 -4.977961929444753575e-01 -8.666276273172323741e+00
-4.954113657463824483e-01 2.813272373489242306e-02 8.682028074725417488e-01 5.885465261952116833e+01 1.344916588949603663e-02 9.996040351852160111e-01 -2.471624473943489705e-02 -4.958466545508246615e-01 -8.685543800308344053e-01 -5.681040431035603742e-04 -4.955935631671348762e-01 -9.187268658530836518e+00
-4.929473904486961766e-01 2.853734919796641067e-02 8.695909821688947439e-01 5.976020144774235376e+01 1.387864923141844502e-02 9.995927019564740945e-01 -2.493618386610920931e-02 -5.450590553693034357e-01 -8.699484271113917533e-01 -2.234776083493274310e-04 -4.931426750245292978e-01 -9.701068073277042458e+00
-4.915299451813777698e-01 2.907219296047740958e-02 8.703752678488565486e-01 6.063436100915433968e+01 1.408889982518323099e-02 9.995772862463071506e-01 -2.543131330935080939e-02 -5.871906911774219529e-01 -8.707467073753726305e-01 -2.376211378417421782e-04 -4.917317651526892375e-01 -1.018077457398804775e+01
-4.928966790713700252e-01 3.015374582957693755e-02 8.695651796691328261e-01 6.151738045211551054e+01 1.342770147346353769e-02 9.995438998702441680e-01 -2.704975120783982903e-02 -6.405577071673039802e-01 -8.699842372614104979e-01 -1.656469970148012096e-03 -4.930767655534852856e-01 -1.066992237286303791e+01
-4.957806010253391626e-01 3.187566506194441235e-02 8.678626181564770281e-01 6.239351734799045346e+01 1.194783028835099369e-02 9.994819485492655309e-01 -2.988450856550885909e-02 -6.934063889403635494e-01 -8.683656242840677164e-01 -4.447083445093510772e-03 -4.959046074239828461e-01 -1.116575506156286934e+01
-5.000471044424706912e-01 3.265804270044415925e-02 8.653821884154430100e-01 6.326614621859914678e+01 1.096682476463118130e-02 9.994473460164472467e-01 -3.138042818417494800e-02 -7.430356446601906750e-01 -8.659287698519632093e-01 -6.201196555837333590e-03 -5.001289076679708012e-01 -1.164501772142461533e+01
-5.060274895327968592e-01 3.137567795069539506e-02 8.619464793183555518e-01 6.412285551159270369e+01 1.119391453295873369e-02 9.994928768630881866e-01 -2.981082614294072383e-02 -7.783186917771591773e-01 -8.624447161234314319e-01 -5.436541408157655707e-03 -5.061220891556742485e-01 -1.216587410412180681e+01
-5.107785029324296566e-01 2.892276169857747881e-02 8.592256871240400162e-01 6.500436657953393649e+01 1.350648708609120639e-02 9.995805536380005796e-01 -2.561818827925738465e-02 -8.518642850600444127e-01 -8.596062516715294866e-01 -1.480098289586213953e-03 -5.109549048643742264e-01 -1.268332148071362653e+01
-5.164041747845415919e-01 2.666419614404444416e-02 8.559297492306875421e-01 6.587160039231041253e+01 1.093226584567588179e-02 9.996389403627738979e-01 -2.454535503649398626e-02 -8.892408536107657691e-01 -8.562752045292408853e-01 -3.318071346044349553e-03 -5.165092233657915255e-01 -1.319035205791815457e+01
-5.214199636385236092e-01 2.901091050149380221e-02 8.528068804775168488e-01 6.672112831041131642e+01 1.202093798472593858e-02 9.995724444547950949e-01 -2.665380487283340247e-02 -9.504966268177362787e-01 -8.532155240832713927e-01 -3.646286448868226327e-03 -5.215457671980062715e-01 -1.369079108006101109e+01
-5.261614700479940732e-01 3.169523613372196569e-02 8.497938022417780290e-01 6.755886990300322736e+01 1.311377915402752239e-02 9.994887625326777103e-01 -2.915891531110190865e-02 -9.879830500933535209e-01 -8.502835692341865759e-01 -4.198288609627845273e-03 -5.263081221138656840e-01 -1.422350399251399011e+01
-5.309263128709306168e-01 3.182165912120904494e-02 8.468202992851825428e-01 6.836984943402801207e+01 1.143671929522234974e-02 9.994727590305391152e-01 -3.038758603395075655e-02 -1.040677702910869584e+00 -8.473408189984381611e-01 -6.448722090227967940e-03 -5.310103233419654067e-01 -1.473471959153713762e+01
-5.352683454137963093e-01 3.210663173281304988e-02 8.440716495913594963e-01 6.918853764247924687e+01 9.908509218616287639e-03 9.994472570390774413e-01 -3.173329200663393967e-02 -1.101751448621092866e+00 -8.446239586642453334e-01 -8.622334144613530080e-03 -5.352906096483105447e-01 -1.523914349800749157e+01
-5.378569221812010692e-01 3.097863755258337126e-02 8.424667603942069816e-01 7.002479924243885989e+01 9.914235873119384493e-03 9.994879445952479236e-01 -3.042296033835486038e-02 -1.151975667458301933e+00 -8.429778471854761923e-01 -8.010784787088559220e-03 -5.378886403427256546e-01 -1.577612502874221256e+01
-5.411820672576589386e-01 2.470014862447782872e-02 8.405425984922370031e-01 7.084797643159591019e+01 1.161977365523189469e-02 9.996927356056176661e-01 -2.189555244797091946e-02 -1.201515332827526539e+00 -8.408251676351878867e-01 -2.082564691870217657e-03 -5.413027925964302156e-01 -1.629905418705946474e+01
-5.427822238375785702e-01 1.674012789497987194e-02 8.397066230336978077e-01 7.166405227796586530e+01 1.244756017177135743e-02 9.998518714403823449e-01 -1.188669012628097016e-02 -1.228680279667054842e+00 -8.397812377573081744e-01 4.000415580362927208e-03 -5.429101972187491132e-01 -1.681478961300752317e+01
-5.446939058052762128e-01 1.460068544038466837e-02 8.385078152040414956e-01 7.250416764915493673e+01 1.337435172747773564e-02 9.998725141091300284e-01 -8.722512403952832963e-03 -1.259859209350213671e+00 -8.385282864717834572e-01 6.463400084543362116e-03 -5.448197408991073409e-01 -1.735823530508627854e+01
-5.458296937116893233e-01 1.931831536921278444e-02 8.376734061524675479e-01 7.331352801656856855e+01 1.316004438276304443e-02 9.998085191726133747e-01 -1.448234095788940128e-02 -1.296975094242208693e+00 -8.377927966934015647e-01 3.118928426847566385e-03 -5.459794088562582859e-01 -1.786031600142285924e+01
-5.469534302239410506e-01 2.390795815097622457e-02 8.368215711552802194e-01 7.407820667822501548e+01 1.280911823676217885e-02 9.997141114833161257e-01 -2.018964509085861489e-02 -1.348208500389912023e+00 -8.370650411596544105e-01 -3.238482719834279199e-04 -5.471033035592377525e-01 -1.839110828266636233e+01
-5.473788019104162128e-01 2.930346788039232472e-02 8.363717721515105952e-01 7.489196769045901192e+01 1.955397874608029093e-02 9.995617807265473331e-01 -2.222359989818269849e-02 -1.375596940124911960e+00 -8.366565009556717891e-01 4.189669324897108381e-03 -5.477119305351488832e-01 -1.893032514894672502e+01
-5.468367141855801083e-01 3.008408310699185739e-02 8.366985975941697573e-01 7.568767153841264417e+01 2.273082981539699746e-02 9.995193065085500317e-01 -2.108234461349150698e-02 -1.425692176599693051e+00 -8.369306595276584382e-01 7.490254357741384268e-03 -5.472576906875811220e-01 -1.943437059620117324e+01
-5.470327347013785868e-01 2.727662598577196285e-02 8.366666959389345015e-01 7.646935055544852844e+01 2.265728156435233703e-02 9.995852776117652994e-01 -1.777414798110901403e-02 -1.455902620517286916e+00 -8.368045448109660001e-01 9.233553131029663061e-03 -5.474238833521490877e-01 -1.995627164962674982e+01
-5.466358908287103358e-01 2.265638128718792249e-02 8.370638437329176451e-01 7.729413384943896403e+01 2.114315079081079476e-02 9.996886439595997764e-01 -1.325074632437278285e-02 -1.480502108743791734e+00 -8.371034473120738673e-01 1.045483456583546668e-02 -5.469447209061348847e-01 -2.047948226620502155e+01
-5.459458754775119438e-01 1.674712894617723727e-02 8.376530438919285171e-01 7.806650935319396467e+01 1.927046570626920682e-02 9.997867067938033259e-01 -7.428999803790627306e-03 -1.520123267868026762e+00 -8.375988071184209405e-01 1.208613349121939913e-02 -5.461521550836824224e-01 -2.097824501399718855e+01
-5.451350120035771685e-01 9.730567224667493673e-03 8.382917880709419567e-01 7.893142904079805078e+01 9.905838333353702424e-03 9.999375956156308920e-01 -5.165193566761107878e-03 -1.551531738194981580e+00 -8.382897497702085365e-01 5.488256053584415067e-03 -5.451973837929008360e-01 -2.151116834335181593e+01
-5.440806981749913840e-01 4.875372417413790377e-03 8.390187195713429968e-01 7.967821874047740494e+01 2.072939462029992162e-03 9.999878766361662841e-01 -4.466486272296119227e-03 -1.579217652547524997e+00 -8.390303381529984339e-01 -6.908930272542402468e-04 -5.440842096172416875e-01 -2.196576025334153215e+01
-5.424632472932308103e-01 5.379474628736989963e-03 8.400623034834148184e-01 8.048478808282931141e+01 5.128290508904283056e-03 9.999820699392798495e-01 -3.091994125833657549e-03 -1.592248663293308164e+00 -8.400638889667961795e-01 2.630791323677028268e-03 -5.424811095832462460e-01 -2.247989012738268144e+01
-5.384145263206344678e-01 8.378586567864568235e-03 8.426384658968272268e-01 8.127494821664730296e+01 9.994769538754510324e-03 9.999437266021822257e-01 -3.556429910331323618e-03 -1.634234778422939627e+00 -8.426208602180079721e-01 6.507144740971181410e-03 -5.384679711319675377e-01 -2.300979673352323474e+01
-5.336557891322684100e-01 1.146002463831443177e-02 8.456241207261344650e-01 8.206332585521306555e+01 1.089581050756550061e-02 9.999183600208007006e-01 -6.674922351022270946e-03 -1.658903241413698382e+00 -8.456315934112859090e-01 5.651650213092550799e-03 -5.337370889304209332e-01 -2.349006312751411230e+01
-5.256742163954947200e-01 1.319655716667711594e-02 8.505835972730018124e-01 8.282046243476739278e+01 1.615810612270567048e-02 9.998541761767849589e-01 -5.526478205178676599e-03 -1.670853993448233821e+00 -8.505325071417679794e-01 1.083869396884835218e-02 -5.258107931388018574e-01 -2.395564041366749208e+01
-5.174841017136911914e-01 1.660820328346259908e-02 8.555316234791380259e-01 8.364050426446128483e+01 2.443240585448401905e-02 9.996907702106055948e-01 -4.628332330111712030e-03 -1.705577134826467889e+00 -8.553439507245221840e-01 1.850760855739189484e-02 -5.177298597807576952e-01 -2.450946931443265342e+01
-5.074725239274440192e-01 1.612476045433691718e-02 8.615170434203990313e-01 8.445956721633885422e+01 2.269363583709936572e-02 9.997281831160791388e-01 -5.344037687862564050e-03 -1.739065774048681678e+00 -8.613690547976693423e-01 1.683900285642546055e-02 -5.077005149810778217e-01 -2.494500445184283777e+01
-4.962521851507838977e-01 1.304161729095805640e-02 8.680804520935148094e-01 8.529021297738080420e+01 1.884336456758908471e-02 9.998134211064561017e-01 -4.248594569343671669e-03 -1.756049781193006032e+00 -8.679739101878547469e-01 1.424918317624461819e-02 -4.964053441372344722e-01 -2.538115775783336758e+01
-4.857980293262982863e-01 1.071528399035240504e-02 8.740054024864850613e-01 8.607588196423395743e+01 2.041680542247140476e-02 9.997911419244458475e-01 -9.091487913892440983e-04 -1.777627055752545093e+00 -8.738326163319576345e-01 1.740273666677115416e-02 -4.859153395822273236e-01 -2.585433038318234011e+01
-4.743107247072486099e-01 9.718108103648854731e-03 8.803038570881411840e-01 8.690529550721521446e+01 2.037484125706259114e-02 9.997924096075435640e-01 -5.916569503736356659e-05 -1.805233652648412512e+00 -8.801217046973132119e-01 1.790798954964923848e-02 -4.744102685056577617e-01 -2.627062996025222219e+01
-4.618441104406144637e-01 8.273356390225436105e-03 8.869225191834100297e-01 8.774588015640952676e+01 1.923476718856306084e-02 9.998147569024558035e-01 6.896220508935897763e-04 -1.826353714343361023e+00 -8.867525327878224006e-01 1.737824718158012538e-02 -4.619176943381828604e-01 -2.672485560198567711e+01
-4.491572612559552313e-01 1.029338417345502382e-02 8.933934108362520110e-01 8.856972510633569584e+01 2.286384675848943809e-02 9.997385877861745263e-01 -2.376264186016358148e-05 -1.836672823111432873e+00 -8.931601269664656284e-01 2.041573803651312510e-02 -4.492751936768749621e-01 -2.711256897411623257e+01
