1 0 0 0 0 1 0 0 0 0 1 0
0.99985386 0.0010220996 0.017065146 -0.015609625 -0.0010163937 0.99999942 -0.00034303845 -0.0024726449 -0.017065489 0.00032564343 0.99985432 0.096938162
0.99929532 0.0034349481 0.037377389 0.011657575 -0.0034374033 0.99999409 1.4166992e-06 0.0024732323 -0.037377166 -0.00012989684 0.99930122 0.26918391
0.99794046 0.0052052092 0.063935457 0.053512529 -0.0052949877 0.99998522 0.0012348377 0.00099712648 -0.06392809 -0.001570832 0.99795327 0.40278695
0.99520493 0.004549067 0.097705965 0.10259961 -0.0048959711 0.99998253 0.0033110226 0.0024102143 -0.097689205 -0.0037735116 0.99520982 0.56078799
0.99082104 0.0018173121 0.13516787 0.14588301 -0.0025826168 0.99998161 0.0054867491 0.00044190233 -0.13515542 -0.0057854733 0.99080752 0.78314432
0.98457911 -0.0015122953 0.17493336 0.23518762 0.00043468654 0.9999807 0.0061982618 -0.0041108078 -0.17493937 -0.0060266379 0.98456076 0.96625395
0.97602179 -0.0019584151 0.217664 0.32061939 0.00037425595 0.99997315 0.0073189894 -0.0054858092 -0.21767251 -0.0070620311 0.97599632 1.1830443
0.96406661 -0.0017836791 0.26565463 0.41819239 -0.0010168272 0.99994536 0.010403999 0.0014288434 -0.2656587 -0.010300273 0.96401212 1.3989604
0.94995404 -0.0058118602 0.31233563 0.55309156 0.00050121119 0.99985399 0.017080613 0.0079755845 -0.31238932 -0.016069251 0.94981825 1.636941
0.93250664 -0.015784774 0.3608077 0.70985538 0.0072211734 0.99965961 0.025070443 0.0035209177 -0.36108064 -0.020772899 0.9323032 1.8190995
0.9114574 -0.021232008 0.41084619 0.85121764 0.0095274629 0.99948888 0.030515749 0.0022803833 -0.41128414 -0.023899484 0.91119382 2.0239213
0.88664511 -0.02315182 0.46187057 1.0333652 0.0084435338 0.99939001 0.033886722 0.0043220638 -0.46237341 -0.026145677 0.88629975 2.3138227
0.8575221 -0.025092259 0.51383481 1.2130246 0.0062612004 0.99924485 0.03834733 0.021455598 -0.51440905 -0.02966646 0.85703165 2.4953362
0.82502128 -0.030551701 0.56427516 1.4448633 0.0073457272 0.99903291 0.043350789 0.023873649 -0.56505394 -0.031620312 0.82444783 2.7479391
0.79033432 -0.035783987 0.6116299 1.6583017 0.0093861801 0.99888293 0.046311983 0.027505779 -0.61260395 -0.030861081 0.78978733 2.9460591
0.75242662 -0.04037822 0.65743725 1.9442557 0.01042873 0.99872444 0.049403742 0.034798281 -0.65859355 -0.030316455 0.75188795 3.1841003
0.71232683 -0.043941839 0.70047095 2.2334061 0.011899199 0.99865081 0.050546613 0.049528222 -0.70174706 -0.027670666 0.71188865 3.3842844
0.67067593 -0.045368128 0.74036172 2.5286245 0.010107485 0.99859406 0.052036045 0.058909329 -0.74168165 -0.027416128 0.67019156 3.5907737
0.62810525 -0.045913296 0.77677263 2.8470084 0.0064120719 0.99852921 0.053835973 0.085806592 -0.77810201 -0.028833935 0.62747583 3.8087548
0.58399802 -0.046965765 0.81039526 3.1863463 0.0034863504 0.99846079 0.05535256 0.10378227 -0.81174763 -0.029500464 0.58326286 4.0042485
0.54646999 -0.047884941 0.83610856 3.5511758 0.0018435214 0.99843039 0.055976404 0.12051996 -0.83747669 -0.029048041 0.54570052 4.2209495
0.50632675 -0.050527155 0.86086013 4.0083405 0.00048362926 0.99829844 0.058309478 0.13558548 -0.86234161 -0.029107311 0.50548964 4.4254811
0.46892887 -0.050374937 0.88179817 4.4017551 -0.0024169283 0.99829528 0.058315418 0.15897667 -0.88323266 -0.029477026 0.46800772 4.5972756
0.4344361 -0.049805064 0.89932456 4.8702067 -0.0031131392 0.99838102 0.056794724 0.18135599 -0.90069731 -0.027473401 0.43357771 4.7995557
0.3995285 -0.048480355 0.91543791 5.3660716 -0.0023790664 0.99854244 0.053919764 0.20092271 -0.91671773 -0.02372037 0.39883082 4.9935321
0.36905415 -0.046750028 0.92823133 5.8731346 -2.6335626e-05 0.99873358 0.050311319 0.22501821 -0.92940793 -0.018592046 0.36858554 5.1622515
0.34524535 -0.04491867 0.93743687 6.3962859 0.00070265999 0.99886607 0.04760336 0.24510134 -0.93851224 -0.015776139 0.34488543 5.3180743
0.32391858 -0.044347377 0.94504496 6.9707963 0.0021944069 0.99893331 0.04612401 0.27140499 -0.94608245 -0.01286661 0.32367038 5.5374887
0.30889561 -0.044600467 0.95004959 7.5606189 0.0030269284 0.99894092 0.045911526 0.29223034 -0.95109117 -0.011306136 0.30870347 5.7227999
0.29600045 -0.046198061 0.95406991 8.1497965 0.0043273642 0.99888432 0.047025501 0.31727481 -0.95517804 -0.0097909607 0.29587012 5.9058794
0.28699771 -0.047945672 0.9567306 8.8063096 0.0025701185 0.9987816 0.049282041 0.33790291 -0.95792786 -0.011684921 0.28677126 6.1042033
0.27621096 -0.049639932 0.9598142 9.4599326 0.0014899888 0.9986862 0.051221542 0.37179611 -0.96109592 -0.012717838 0.27592204 6.2711417
0.26554489 -0.051469737 0.96272358 10.178919 0.00043719365 0.99858026 0.053266139 0.3993367 -0.96409844 -0.013723654 0.26519038 6.4613079
0.25599759 -0.053603751 0.96519003 10.894246 -0.00045347314 0.99845461 0.05557144 0.42751253 -0.96667736 -0.014663842 0.25557766 6.6632882
0.24526765 -0.054929538 0.96789795 11.609805 -0.00041368826 0.9983875 0.056764691 0.46115229 -0.96945536 -0.01432295 0.24484943 6.8542388
0.2349155 -0.056431035 0.9703763 12.357322 -0.0009654784 0.99829931 0.058288592 0.48893743 -0.97201536 -0.01462977 0.23446149 7.0126086
0.22391356 -0.059150707 0.97281233 13.149486 -0.002342254 0.99812102 0.06122869 0.52373776 -0.97460623 -0.015988507 0.22335428 7.1939559
0.21403965 -0.062677061 0.97481205 13.908932 -0.0041649251 0.99787174 0.065074212 0.56534971 -0.97681614 -0.01798848 0.21332307 7.3631312
0.20089453 -0.06647745 0.97735462 14.714838 -0.0041037692 0.99762892 0.068699988 0.60420292 -0.97960432 -0.017812289 0.20014539 7.509854
0.18744183 -0.068936827 0.97985366 15.459916 -0.0053296347 0.99744823 0.071194215 0.643645 -0.98226129 -0.018567035 0.18659611 7.6840348
0.17322807 -0.069866558 0.98240044 16.265454 -0.0060300945 0.99738672 0.07199565 0.68555077 -0.98486332 -0.018395634 0.17235407 7.7976661
0.16093879 -0.069039096 0.98454671 17.049366 -0.008014981 0.99742612 0.071252402 0.71725814 -0.98693189 -0.019358398 0.15997121 7.9746483
0.14322974 -0.067857093 0.98736041 17.878175 -0.0087529434 0.99752085 0.069825107 0.75466218 -0.9896508 -0.018643341 0.1422807 8.0522473
0.12193896 -0.066383887 0.99031509 18.700254 -0.011048285 0.99760823 0.068233159 0.8000099 -0.99247615 -0.019261563 0.12091388 8.1797133
0.097065888 -0.065041601 0.9931504 19.473619 -0.01575025 0.99763705 0.066874788 0.8339677 -0.99515337 -0.022133627 0.095812103 8.2341288
0.066673999 -0.06457231 0.99568314 20.310573 -0.019762906 0.99762247 0.066021465 0.87426008 -0.99757911 -0.024079507 0.065239342 8.2885073
0.033924885 -0.06465229 0.99733099 21.155597 -0.022215614 0.99761009 0.065426061 0.91735185 -0.99917749 -0.024375892 0.032407516 8.3124813
0.00060557241 -0.063883852 0.99795711 21.99587 -0.023534174 0.99768003 0.063880394 0.94600648 -0.99972289 -0.02352478 -0.00089928772 8.2959816
-0.033775028 -0.062556424 0.99746973 22.892112 -0.025739655 0.99776259 0.061703227 0.98007824 -0.99909799 -0.023590498 -0.035309642 8.2500246
-0.063094679 -0.060725888 0.99615829 23.640219 -0.028797443 0.99784226 0.05900457 1.0067696 -0.99759203 -0.024963937 -0.064707289 8.2486354
-0.098300342 -0.057316093 0.99350482 24.523067 -0.02991597 0.99805902 0.054618853 1.0429291 -0.99470707 -0.024352608 -0.099824212 8.1513868
-0.13242202 -0.052726478 0.98979 25.375115 -0.027341899 0.99839846 0.049527036 1.0719787 -0.99081629 -0.020504267 -0.13365158 8.0123766
-0.16285531 -0.047600099 0.98550104 26.198677 -0.021615531 0.99876797 0.044668903 1.0951783 -0.9864132 -0.01402756 -0.16368357 7.8797608
-0.19308685 -0.041670654 0.98029635 27.058759 -0.016730177 0.99909232 0.039174331 1.1083273 -0.98103907 -0.0088364828 -0.19360875 7.7095277
-0.22135836 -0.035933484 0.97453024 27.868412 -0.010968437 0.99934943 0.034357223 1.1137277 -0.97513089 -0.0030838145 -0.22160849 7.5120614
-0.24900547 -0.028743073 0.96807543 28.674817 -0.0022349031 0.99957391 0.029103438 1.1269821 -0.96849954 0.0050833617 -0.24896361 7.2713665
-0.27716252 -0.018988675 0.96063536 29.484004 0.003778668 0.99977542 0.02085257 1.1262138 -0.96081566 0.0094094739 -0.27702852 7.0083245
-0.30167278 -0.0035587634 0.95340484 30.215464 0.0087610627 0.99994047 0.0065046096 1.1223425 -0.95337131 0.010315104 -0.30162364 6.7307628
-0.32443522 0.013733583 0.94580817 31.064734 0.0086309543 0.99989595 -0.011558335 1.0946683 -0.94586858 0.0044132972 -0.32452 6.4480967
-0.35022738 0.02855309 0.93622937 31.814176 0.0081813749 0.99959038 -0.027424959 1.0690099 -0.93662902 -0.0019453272 -0.35031753 6.1942694
-0.37451074 0.038906292 0.92640592 32.568716 0.011086504 0.99923576 -0.037483075 1.0305563 -0.92715633 -0.0037672103 -0.37465586 5.8652625
-0.39869129 0.043876022 0.91603498 33.336155 0.014887119 0.9990329 -0.041372027 0.98310736 -0.9169644 -0.0028575444 -0.3989589 5.5177172
-0.42084243 0.042732311 0.90612666 34.054463 0.017501883 0.99908641 -0.038987634 0.93213271 -0.90696494 -0.00054872712 -0.42120585 5.1669277
-0.44130963 0.039463426 0.89648669 34.799929 0.02197184 0.99920821 -0.033169253 0.88941401 -0.8970859 0.0050595517 -0.44182729 4.7995324
-0.45902258 0.038615069 0.88758497 35.537552 0.029319252 0.99916921 -0.02830691 0.8472651 -0.88794072 0.013029818 -0.45977339 4.4148012
-0.47321493 0.039409797 0.88006502 36.231867 0.033520816 0.99908091 -0.0267151 0.80669659 -0.88030907 0.016858515 -0.47410105 3.9896678
-0.48434037 0.042864114 0.87382894 36.950932 0.035544266 0.9989385 -0.029299888 0.75825545 -0.87415735 0.016868491 -0.48534981 3.6099791
-0.49480589 0.045669031 0.86780263 37.650606 0.037478764 0.99881044 -0.031193719 0.71407198 -0.86819499 0.017089335 -0.49592891 3.2220491
-0.50506248 0.044820236 0.86191819 38.328984 0.031115816 0.99894707 -0.033712726 0.66547451 -0.86252174 0.0097922558 -0.50592531 2.8090732
-0.51627207 0.043355294 0.85532649 39.020671 0.029619442 0.99902423 -0.032760938 0.6329478 -0.85591232 0.0084207376 -0.51705246 2.4005896
-0.52467168 0.045266105 0.85010031 39.693418 0.032320375 0.99892457 -0.033242946 0.58978435 -0.85069094 0.010033929 -0.52557045 1.9903544
-0.53233838 0.048269169 0.84515435 40.388565 0.035756909 0.99876414 -0.034520014 0.54258891 -0.84577618 0.01184378 -0.53340644 1.5530363
-0.53574527 0.051259319 0.8428223 41.067474 0.036393854 0.99862987 -0.037601345 0.50623805 -0.84359502 0.01052881 -0.53687675 1.1045431
-0.53544906 0.052843841 0.84291267 41.775532 0.035289081 0.99856889 -0.040185313 0.45572361 -0.84382999 0.0082284268 -0.53654758 0.65833665
-0.53257251 0.053820425 0.84467143 42.49961 0.037909427 0.99849149 -0.039719252 0.41543958 -0.84553501 0.010867629 -0.53380942 0.21545834
-0.52573072 0.052481813 0.84903051 43.260572 0.036133642 0.99857191 -0.039351115 0.36965332 -0.8498833 0.0099904755 -0.52687629 -0.2724924
-0.51914954 0.051366007 0.85313846 44.028664 0.034412563 0.9986392 -0.039185716 0.3255447 -0.85399039 0.0090154348 -0.52021072 -0.70877901
-0.51130582 0.050756818 0.85789862 44.805408 0.032353985 0.99868359 -0.039803328 0.27405205 -0.85878964 0.0074047665 -0.51227492 -1.1694309
-0.5052434 0.04904543 0.86158202 45.608046 0.02941711 0.9987823 -0.039604942 0.22446787 -0.86247539 0.0053351189 -0.50607094 -1.6268991
-0.50111182 0.04727129 0.86409045 46.401331 0.025357617 0.99888029 -0.039939519 0.17889179 -0.86501098 0.0018971101 -0.50174941 -2.0675125
-0.50046175 0.044777381 0.86459988 47.268047 0.021406265 0.99899629 -0.039347009 0.13512346 -0.865494 -0.0011838184 -0.50091795 -2.5513937
-0.49993884 0.042446201 0.86501989 48.115985 0.018280211 0.99909292 -0.038460053 0.079747586 -0.86586781 -0.0034149273 -0.50026128 -3.0223719
-0.50140177 0.041161614 0.86423488 48.960578 0.016630504 0.99914168 -0.037938435 0.026489234 -0.86505477 -0.0046497359 -0.50165595 -3.5051768
-0.50154015 0.040456633 0.86418787 49.838103 0.016378144 0.99917099 -0.037270595 -0.02638258 -0.86497936 -0.0045389059 -0.50178697 -4.0103446
-0.50222919 0.039391683 0.86383683 50.681326 0.016396142 0.99921611 -0.036032478 -0.074118814 -0.86457913 -0.0039329696 -0.50248137 -4.5039596
-0.50210628 0.038916649 0.86392981 51.574188 0.016188153 0.99923488 -0.035603239 -0.12775669 -0.86465444 -0.0038911811 -0.5023521 -5.0119316
-0.50304261 0.038625602 0.86339801 52.477985 0.016635565 0.99924847 -0.035010707 -0.18220546 -0.86410153 -0.0032487634 -0.50330712 -5.5207586
-0.50229255 0.037198562 0.86389721 53.375144 0.014388598 0.99929548 -0.034662767 -0.22988725 -0.86457806 -0.0049805795 -0.50247391 -6.053831
-0.50257192 0.036239221 0.8637755 54.277345 0.013679943 0.99932933 -0.033966882 -0.29229413 -0.8644272 -0.0052544009 -0.50273061 -6.5674876
-0.50169099 0.035489079 0.86431858 55.173309 0.012464529 0.99935094 -0.033798535 -0.34663116 -0.86495714 -0.0061830958 -0.50180771 -7.0614991
-0.50088496 0.034232275 0.8648366 56.07046 0.012113564 0.99939693 -0.032542711 -0.40238277 -0.86542913 -0.0058239002 -0.50099757 -7.5769786
-0.49868581 0.032347793 0.86617898 56.947253 0.012967073 0.99946998 -0.029860055 -0.45490273 -0.86668586 -0.0036589787 -0.49884095 -8.092496
-0.49683216 0.031129826 0.86728811 57.83625 0.013577559 0.99951296 -0.028097808 -0.50635961 -0.86774047 -0.0021842384 -0.49701285 -8.5754972
-0.49432316 0.030442039 0.86874497 58.74566 0.013307839 0.99953451 -0.027452814 -0.56306859 -0.86917638 -0.0020094431 -0.49449818 -9.083331
-0.49177649 0.030930906 0.87017188 59.611739 0.014281016 0.99952095 -0.027457816 -0.60968549 -0.87060439 -0.0010761692 -0.49198263 -9.5878241
-0.49114612 0.031380393 0.87051174 60.523411 0.014192972 0.99950652 -0.028022693 -0.66434739 -0.8709616 -0.0014080877 -0.49134913 -10.067794
-0.49143611 0.032739869 0.87029798 61.406213 0.013564762 0.99945968 -0.029939129 -0.71608295 -0.87080802 -0.0029077831 -0.49161469 -10.577705
-0.49422378 0.034509116 0.86864948 62.271397 0.012331184 0.99938956 -0.03268716 -0.76456203 -0.8692473 -0.0054432944 -0.49434763 -11.069654
-0.49931382 0.034705595 0.8657258 63.15752 0.010449783 0.99936597 -0.034036028 -0.82714451 -0.86635823 -0.0079480115 -0.49935991 -11.543341
-0.50524995 0.033216733 0.86233351 64.036072 0.01045633 0.99942123 -0.032370824 -0.88149129 -0.86290974 -0.0073385133 -0.50530485 -12.031289
-0.5103909 0.031691406 0.85935832 64.900523 0.014390177 0.99949553 -0.028312756 -0.93620523 -0.85982214 -0.0020842538 -0.51058947 -12.555028
-0.51583142 0.029610878 0.85617818 65.745184 0.011850994 0.99955349 -0.0274295 -0.98233093 -0.85660818 -0.0040024349 -0.51595201 -13.062151
-0.52040595 0.031823062 0.85332577 66.598034 0.012606926 0.99948275 -0.029585279 -1.0345741 -0.85382596 -0.00463854 -0.52053797 -13.583124
-0.52581703 0.034008574 0.84991753 67.433176 0.01295671 0.99940471 -0.031974242 -1.0877034 -0.85049905 -0.0058004654 -0.52594466 -14.091485
-0.53043378 0.034332058 0.84703084 68.267109 0.011791758 0.99938172 -0.033122859 -1.1368997 -0.84764439 -0.0075815005 -0.53051066 -14.611909
-0.5337483 0.034576935 0.84493617 69.102036 0.010120347 0.99935335 -0.034503028 -1.1999188 -0.84558287 -0.0098648842 -0.53375308 -15.139509
-0.5371399 0.033237012 0.84283804 69.919584 0.0098398874 0.99940228 -0.033140113 -1.2621322 -0.84343581 -0.009507445 -0.53714589 -15.65276
-0.5404803 0.026723886 0.84093211 70.73111 0.01167516 0.99963742 -0.024263553 -1.3089532 -0.8412757 -0.0032959545 -0.54059634 -16.164902
-0.54235418 0.019650366 0.83992009 71.567806 0.013598041 0.9998008 -0.014610314 -1.3375149 -0.84003994 0.003497304 -0.54251335 -16.697964
-0.54348137 0.017141012 0.83924617 72.388614 0.014047498 0.9998372 -0.011324053 -1.3751775 -0.83930372 0.0056348978 -0.54363368 -17.23773
-0.54497538 0.021642206 0.83817265 73.18737 0.013074062 0.99976462 -0.017313938 -1.419303 -0.83835014 0.0015226524 -0.54513006 -17.742225
-0.54648029 0.026204916 0.83706185 73.984327 0.012929676 0.9996552 -0.022853827 -1.4613191 -0.83737218 -0.001666227 -0.54663069 -18.258087
-0.54675232 0.03200357 0.8366825 74.788227 0.020053153 0.99948313 -0.02512652 -1.4928036 -0.83705425 0.0030401401 -0.5471115 -18.791363
-0.54660793 0.032296776 0.83676558 75.572164 0.022931546 0.99945853 -0.02359648 -1.5369209 -0.83707465 0.0062903063 -0.54705257 -19.319483
-0.54623724 0.029773114 0.83710118 76.370668 0.022613617 0.99952801 -0.020793975 -1.5859891 -0.83732524 0.0075714426 -0.5466527 -19.83265
-0.54551568 0.024366742 0.83774629 77.180095 0.020387111 0.99966729 -0.015800901 -1.6180852 -0.83785265 0.0084595884 -0.54583095 -20.350631
-0.54534761 0.019158212 0.83799098 77.992341 0.019546439 0.99975757 -0.010136103 -1.6462502 -0.83798209 0.010852041 -0.54558987 -20.868611
-0.54431062 0.012569177 0.83878955 78.798978 0.010375135 0.99991214 -0.0082509083 -1.6858538 -0.83881963 0.0042114985 -0.5443932 -21.373946
-0.54316811 0.0066583337 0.83959753 79.603746 0.0012502977 0.99997386 -0.0071213126 -1.7089303 -0.83962307 -0.0028183223 -0.54316223 -21.863509
-0.5406401 0.0077725704 0.84121805 80.390792 0.0051881385 0.99996911 -0.0059050247 -1.7307074 -0.84123803 0.0011718634 -0.54066372 -22.37095
-0.53808013 0.01137813 0.84281686 81.180492 0.011137907 0.99991757 -0.0063882267 -1.7617241 -0.84282014 0.0059498384 -0.5381625 -22.876465
-0.53239609 0.013151704 0.84639316 81.953212 0.0099533042 0.99990744 -0.0092762862 -1.7934673 -0.84643688 0.0034857509 -0.53247771 -23.364863
-0.52452739 0.016151792 0.85124032 82.74475 0.016242865 0.99982791 -0.0089624324 -1.8133074 -0.85123866 0.0091255409 -0.52469947 -23.853684
-0.51632433 0.018760596 0.85618757 83.559007 0.023825801 0.99968772 -0.0075367786 -1.8569848 -0.85606167 0.016507934 -0.51661008 -24.351241
-0.50701129 0.018366233 0.86174368 84.347518 0.022066952 0.99972184 -0.0083237394 -1.8791859 -0.86165693 0.014795828 -0.50727555 -24.812624
-0.49654084 0.014779256 0.8678875 85.175225 0.017133887 0.99982711 -0.0072233162 -1.9058465 -0.86784428 0.011283616 -0.49670822 -25.265613
-0.48423519 0.012049515 0.87485486 85.987237 0.01909756 0.9998125 -0.0032000104 -1.9286801 -0.87472946 0.015158037 -0.48437452 -25.711075
-0.47294955 0.011537611 0.88101393 86.815925 0.019588234 0.99980481 -0.0025778388 -1.9539062 -0.88087178 0.016038321 -0.47308324 -26.144373
-0.46218123 0.010284483 0.88672582 87.631665 0.018807309 0.99982152 -0.0017934088 -1.9740766 -0.88658607 0.015848047 -0.46229216 -26.564365
-0.44893499 0.012547525 0.89347628 88.461409 0.022857846 0.99973546 -0.0025546483 -1.9938489 -0.89327205 0.019276074 -0.44910304 -26.980695
-0.43765222 0.014286965 0.89903078 89.285902 0.020986366 0.99976368 -0.0056715063 -2.0229255 -0.89889942 0.016385243 -0.43784863 -27.368518
-0.42655673 0.025082255 0.90411292 90.117632 0.024175148 0.99957444 -0.01632485 -2.0491904 -0.9041377 0.01489359 -0.42698157 -27.75207
-0.41351791 0.030249801 0.90999331 90.938769 0.024537198 0.99945519 -0.022073513 -2.0810396 -0.91016533 0.013200894 -0.41403487 -28.11933
-0.40193668 0.025524354 0.91531161 91.796205 0.019804063 0.99961991 -0.019178903 -2.1183659 -0.91545332 0.010418185 -0.40228939 -28.480701
-0.39001021 0.022674758 0.92053127 92.637021 0.022906101 0.99962631 -0.014918202 -2.153914 -0.92052562 0.015267532 -0.39038386 -28.835879
-0.38006923 0.023168969 0.92466778 93.478579 0.020058783 0.99965759 -0.016803126 -2.1858213 -0.92474056 0.01216136 -0.38040383 -29.162356
-0.37303386 0.027113402 0.92742144 94.32998 0.014716072 0.99962009 -0.023304947 -2.227599 -0.92770106 0.0049544674 -0.37329114 -29.487678
-0.36815831 0.03136416 0.92923392 95.169593 0.0054973617 0.99948682 -0.031557354 -2.2687571 -0.92974691 -0.0065097664 -0.3681418 -29.808458
-0.36446073 0.034235016 0.9305892 96.008773 0.0043358633 0.99937554 -0.035067443 -2.3147608 -0.9312087 -0.0087457976 -0.36438158 -30.121339
-0.36147098 0.034733216 0.93173615 96.862561 0.0050344738 0.99936404 -0.035301098 -2.3591994 -0.93236981 -0.0080695204 -0.36141596 -30.455896
-0.35635411 0.033387121 0.93375424 97.709706 0.0013965751 0.99937929 -0.035200612 -2.4148221 -0.93434997 -0.011239824 -0.35617954 -30.758871
-0.35087594 0.03013611 0.93593686 98.539755 0.00088114778 0.9994922 -0.031852183 -2.454693 -0.93642158 -0.010351465 -0.35072432 -31.066077
-0.34542102 0.025629217 0.93809775 99.398331 -0.00048703734 0.99962198 -0.027489417 -2.5062829 -0.93844774 -0.0099523103 -0.34527796 -31.37473
-0.33975126 0.023117622 0.94023113 100.24963 -0.0012541122 0.99968585 -0.025032615 -2.5456714 -0.94051453 -0.0096840172 -0.33961554 -31.671299
-0.33389198 0.021731659 0.94236076 101.1019 -0.0058715221 0.99966686 -0.02513355 -2.5923663 -0.9425931 -0.013924982 -0.33365315 -31.954404
-0.32759011 0.021057084 0.94458522 101.9518 -0.018500633 0.99941697 -0.028695589 -2.6310531 -0.94463883 -0.026875815 -0.32700955 -32.231199
-0.32062791 0.024681034 0.94688358 102.8061 -0.015417653 0.99939205 -0.031270325 -2.6775429 -0.94707978 -0.024624861 -0.32005246 -32.510928
-0.31376248 0.028795723 0.94906472 103.67045 -0.013459562 0.99930471 -0.034769815 -2.7266639 -0.94940614 -0.023683459 -0.31315675 -32.792222
-0.3073832 0.026796269 0.95120842 104.51359 -0.015806769 0.99932174 -0.033259617 -2.7684389 -0.95145456 -0.025258979 -0.30675116 -33.056032
-0.30048716 0.021769075 0.95353736 105.36927 -0.015745418 0.99949005 -0.02778 -2.8106857 -0.95365593 -0.023361378 -0.29999116 -33.310779
-0.29326755 0.019535752 0.95583075 106.22865 -0.01430304 0.99958965 -0.024818569 -2.8490016 -0.95592345 -0.020949766 -0.29286779 -33.562462
-0.28707687 0.022267087 0.95764867 107.07634 -0.018109313 0.99942496 -0.028667137 -2.8960707 -0.95773639 -0.025572031 -0.28650855 -33.811087
-0.28027352 0.024926113 0.95959646 107.94563 -0.018717276 0.99933084 -0.031425073 -2.9454684 -0.95973772 -0.026768647 -0.27961943 -34.052975
-0.27352378 0.025854412 0.96151766 108.79298 -0.020170039 0.9992647 -0.032607186 -2.9829532 -0.96165378 -0.028312689 -0.27280118 -34.287265
-0.26649126 0.024796797 0.96351826 109.67475 -0.020646096 0.99929277 -0.031427803 -3.0329689 -0.96361622 -0.028268125 -0.26579084 -34.521287
-0.25872235 0.024847269 0.96563206 110.52465 -0.016999127 0.99939718 -0.030270683 -3.0718755 -0.96580218 -0.024246605 -0.25814401 -34.743716
-0.25117392 0.026043061 0.96759151 111.37735 -0.012891895 0.9994593 -0.030247357 -3.1206356 -0.96785616 -0.020071435 -0.25070237 -34.959779
-0.24407679 0.026578123 0.96939159 112.26781 -0.011337188 0.99947784 -0.030257523 -3.1649 -0.96968968 -0.018375333 -0.24364802 -35.183696
-0.23761403 0.025512591 0.97102451 113.11447 -0.018272038 0.99936075 -0.030728341 -3.2066623 -0.97118782 -0.025044082 -0.23699597 -35.373473
-0.23176537 0.023292937 0.97249276 113.9855 -0.022816553 0.99930808 -0.029372871 -3.2514465 -0.97250414 -0.028996547 -0.23107354 -35.562565
-0.22702535 0.023671063 0.97360109 114.87647 -0.019625575 0.99939037 -0.028874386 -3.2921047 -0.97369113 -0.025662699 -0.22642239 -35.768623
-0.22231494 0.023901683 0.97468184 115.73095 -0.017348438 0.99944421 -0.028465919 -3.336231 -0.97482059 -0.023237607 -0.22177673 -35.960248
-0.21781409 0.025238689 0.97566385 116.61342 -0.018240914 0.99938571 -0.02992456 -3.3816748 -0.97581985 -0.02431499 -0.21721991 -36.14537
-0.2117265 0.024122566 0.97703117 117.46611 -0.012746887 0.99954216 -0.027440654 -3.4198272 -0.97724587 -0.018264019 -0.21132208 -36.336724
-0.2066557 0.02306729 0.97814173 118.33976 -0.0050088242 0.999684 -0.024633548 -3.4618148 -0.97840095 -0.0099900025 -0.20647486 -36.521288
-0.20159722 0.022091746 0.9792193 119.23101 -0.001955453 0.99973454 -0.02295716 -3.5060827 -0.9794666 -0.0065429163 -0.2015005 -36.713197
-0.1976017 0.02363694 0.97999734 120.08741 -0.0038213404 0.99968308 -0.024882262 -3.5424597 -0.98027498 -0.0086616801 -0.19744876 -36.869515
-0.19382497 0.025999885 0.98069149 120.94993 -0.0050387518 0.99960918 -0.02749729 -3.5780919 -0.98102323 -0.010271122 -0.19361821 -37.032426
-0.19218908 0.0249047 0.98104181 121.84121 -0.0081390112 0.9996031 -0.026970352 -3.6206261 -0.9813242 -0.013168117 -0.1919101 -37.19915
-0.19118717 0.023746242 0.98126627 122.69457 -0.0097572565 0.99961195 -0.026091274 -3.667218 -0.98150514 -0.014562783 -0.19088128 -37.352539
-0.19019723 0.020024951 0.98154161 123.57858 -0.0067496159 0.99974165 -0.021704158 -3.6979514 -0.98172274 -0.010753099 -0.19001293 -37.523275
-0.1891116 0.014048831 0.98185506 124.4333 -0.0078265831 0.99984432 -0.015813678 -3.7393824 -0.98192445 -0.01067512 -0.1889722 -37.675581
-0.18838578 0.011866378 0.98202337 125.30357 -0.0046390388 0.99990509 -0.012972379 -3.7696547 -0.98208419 -0.0069994556 -0.18831285 -37.839931
-0.18727545 0.016347983 0.98217135 126.17654 -0.0086502506 0.99979529 -0.018290714 -3.8101865 -0.98226939 -0.011921429 -0.1870957 -38.000985
-0.18680655 0.020739646 0.98217773 127.01344 -0.0072493427 0.99972081 -0.022488882 -3.8413086 -0.98237001 -0.011321213 -0.18660405 -38.154631
-0.18701859 0.019952473 0.98215369 127.86655 -0.009755276 0.99970669 -0.02216663 -3.8744784 -0.98230798 -0.013726752 -0.1867691 -38.30735
-0.18670797 0.018555008 0.98224018 128.73619 -0.012559336 0.99969483 -0.02127206 -3.91607 -0.98233522 -0.016307947 -0.18641795 -38.466182
-0.18600407 0.019103322 0.98236321 129.56334 -0.0056631214 0.99977352 -0.020514161 -3.9502446 -0.9825327 -0.0093789589 -0.18585376 -38.623552
-0.18527549 0.021741876 0.98244603 130.42283 -0.0074302002 0.99969564 -0.023524846 -3.9887693 -0.98265857 -0.011658347 -0.18505756 -38.777049
-0.18559546 0.023196105 0.98235237 131.24763 -0.018669833 0.99945763 -0.027127291 -4.0230794 -0.9824489 -0.023375056 -0.18506173 -38.911914
-0.18512031 0.024412353 0.98241255 132.08932 -0.022301266 0.99932958 -0.029035054 -4.0597133 -0.98246283 -0.027284021 -0.18445177 -39.05624
-0.18502619 0.02772883 0.98234227 132.92198 -0.023442983 0.99919286 -0.032620009 -4.1097402 -0.98245398 -0.029064589 -0.18422681 -39.20575
-0.18419137 0.028645198 0.98247286 133.75149 -0.019099557 0.99928218 -0.032716026 -4.1531863 -0.98270485 -0.024790805 -0.18351204 -39.358144
-0.18288035 0.030121095 0.9826736 134.57096 -0.017808602 0.99926506 -0.033943925 -4.1950627 -0.98297391 -0.02370772 -0.18220954 -39.501039
-0.18091867 0.028731866 0.98307824 135.39419 -0.0156734 0.99936201 -0.032092201 -4.236046 -0.98337321 -0.021214256 -0.18035292 -39.654164
-0.17762317 0.025656143 0.98376404 136.21868 -0.0086673607 0.99958054 -0.027633562 -4.2875834 -0.98406045 -0.013434998 -0.17732629 -39.804138
-0.1752048 0.021478804 0.98429765 137.02782 0.0010415175 0.99976548 -0.021630943 -4.321944 -0.9845315 -0.0027646811 -0.17518609 -39.962097
-0.17112757 0.021578401 0.98501251 137.84713 0.0049019386 0.99976641 -0.021049989 -4.3546012 -0.98523673 0.0012262383 -0.17119337 -40.09653
-0.16675867 0.025511931 0.98566759 138.64013 -0.0004026386 0.99966336 -0.025942301 -4.4018479 -0.9859977 -0.0047229707 -0.16669227 -40.224388
-0.16011599 0.029187323 0.98666655 139.46457 0.0026455283 0.99957185 -0.029139767 -4.4404753 -0.9870947 -0.0020554876 -0.16012465 -40.355138
-0.1523944 0.029080743 0.98789178 140.254 -0.0049987815 0.99953154 -0.030194506 -4.4815299 -0.98830716 -0.0095397282 -0.15217764 -40.463029
-0.14211079 0.026355434 0.98949979 141.05585 0.0081188423 0.99964288 -0.025459576 -4.505456 -0.9898175 0.0044155132 -0.14227402 -40.581049
-0.1302287 0.024968614 0.9911695 141.85679 0.017679363 0.9995824 -0.02285767 -4.5431524 -0.99132639 0.014546522 -0.13061575 -40.688776
-0.11681177 0.026809548 0.99279211 142.64211 0.014483246 0.99957527 -0.025288624 -4.5857024 -0.9930485 0.011424845 -0.11715044 -40.770278
-0.10277286 0.027569353 0.99432268 143.41906 0.010623326 0.99958925 -0.026617353 -4.6251482 -0.99464816 0.0078274736 -0.10302352 -40.844654
-0.088589144 0.027808853 0.99567994 144.21361 0.014629475 0.9995387 -0.026614989 -4.6597673 -0.99596086 0.012208477 -0.088955109 -40.915372
-0.074963448 0.029270793 0.99675655 145.01832 0.019036031 0.99942895 -0.02791762 -4.6967497 -0.99700461 0.016881488 -0.075477841 -40.968109
-0.061243245 0.035407491 0.99749461 145.78323 0.017298698 0.99925815 -0.034408 -4.7430193 -0.997973 0.015148102 -0.061810317 -41.002312
-0.0483903 0.044285374 0.99784623 146.56351 0.0076753593 0.99900361 -0.043964524 -4.7934633 -0.99879905 0.0055313729 -0.048681992 -41.019409
-0.034825177 0.053237779 0.99797438 147.30979 0.0016478185 0.99858184 -0.05321268 -4.8336155 -0.9993921 -0.00020865957 -0.034863517 -41.030975
-0.02127845 0.054048626 0.99831152 148.08525 0.0017871371 0.9985381 -0.054022799 -4.884598 -0.99977203 0.00063459892 -0.021343937 -41.039486
-0.0096534879 0.050059886 0.99869952 148.85186 -0.0012372331 0.99874474 -0.05007411 -4.9395291 -0.99995268 -0.0017190131 -0.009579436 -41.025394
0.0016575224 0.047663363 0.99886204 149.63277 0.0020743732 0.99886114 -0.047666761 -4.9911862 -0.99999652 0.0021510222 0.0015567615 -41.020044
0.010495908 0.053139539 0.99853189 150.38164 -0.0066708996 0.99856844 -0.053071362 -5.0589284 -0.99992271 -0.0061040732 0.010835369 -40.993938
0.017114697 0.062005278 0.99792903 151.11774 -0.012449289 0.9980111 -0.061796867 -5.1072804 -0.99977607 -0.011365872 0.017852578 -40.970355
0.020827443 0.065501041 0.99763508 151.8886 -0.014421652 0.99776743 -0.065208651 -5.1532244 -0.99967911 -0.013029415 0.021725576 -40.945693
0.019980271 0.060941273 0.99794131 152.62692 -0.02114317 0.99794315 -0.060518065 -5.2156558 -0.99957683 -0.019890475 0.021227665 -40.914374
0.018937049 0.055694889 0.99826819 153.39132 -0.014258214 0.99836079 -0.055429576 -5.2859912 -0.99971905 -0.013183848 0.019700115 -40.900533
0.015751513 0.053220145 0.99845852 154.13443 -0.014021056 0.99849602 -0.053000948 -5.3338694 -0.99977767 -0.013164597 0.016474024 -40.882334
0.01297197 0.053168741 0.99850124 154.89395 -0.013552547 0.99850293 -0.052992762 -5.3870895 -0.99982406 -0.012844814 0.01367312 -40.866819
0.0090139842 0.053545081 0.99852471 155.63493 -0.014584631 0.99846614 -0.053410278 -5.4408667 -0.99985305 -0.014081674 0.0097810917 -40.858563
0.0046735949 0.051685806 0.99865242 156.38174 -0.011295874 0.99860238 -0.051630351 -5.4976695 -0.99992532 -0.011039352 0.0052508977 -40.85262
-0.00054720622 0.051865342 0.9986539 157.10291 -0.015065362 0.99854032 -0.051867697 -5.5487438 -0.9998864 -0.015073464 0.00023496113 -40.850138
-0.00655456 0.050140857 0.99872061 157.84636 -0.01559385 0.99861553 -0.050237922 -5.5970262 -0.99985697 -0.015903186 -0.005763598 -40.845859
-0.012239733 0.047199791 0.99881043 158.59061 -0.010756649 0.99882129 -0.047332117 -5.6468599 -0.99986728 -0.011323185 -0.011717596 -40.859844
-0.017514061 0.047151779 0.99873414 159.33241 -0.012946323 0.99879296 -0.047381585 -5.6992008 -0.99976284 -0.013759778 -0.01688248 -40.86953
-0.023368728 0.048591971 0.99854526 160.03622 -0.012959742 0.99871941 -0.048903738 -5.7433701 -0.99964295 -0.014083707 -0.022709065 -40.876512
-0.02745783 0.050745824 0.99833403 160.76379 -0.016161198 0.99855756 -0.051201676 -5.7981592 -0.99949235 -0.017540161 -0.026598112 -40.891657
-0.02953995 0.052734714 0.99817151 161.48027 -0.014018558 0.99848727 -0.053166261 -5.8495971 -0.99946533 -0.015563453 -0.028756001 -40.911326
-0.031385193 0.05472398 0.9980081 162.19729 -0.014712103 0.99836658 -0.055206298 -5.9075363 -0.99939912 -0.016415457 -0.030528824 -40.928904
-0.030725335 0.052910173 0.99812644 162.92237 -0.010531088 0.99852539 -0.053255498 -5.9569211 -0.99947243 -0.01214765 -0.030122827 -40.955704
-0.026658155 0.048779934 0.99845369 163.62714 -0.0031633255 0.99879959 -0.04888129 -5.9993565 -0.99963965 -0.0044615183 -0.026471849 -40.977612
-0.0191674 0.048346661 0.99864665 164.33056 -0.0040008379 0.99881848 -0.048431767 -6.0569443 -0.99980833 -0.0049237336 -0.018951327 -40.984126
-0.008808508 0.049767743 0.99872193 165.02752 -0.0028057457 0.99875556 -0.049794163 -6.1085669 -0.99995731 -0.0032407712 -0.0086579122 -40.98466
0.0054158924 0.050006933 0.99873414 165.7079 0.0011788643 0.99874782 -0.050014009 -6.151158 -0.99998468 0.0014482434 0.0053501578 -40.973231
0.0208662 0.047735138 0.99864201 166.40452 -0.0010378178 0.99886003 -0.047723873 -6.2026923 -0.99978178 -4.0591684e-05 0.020891952 -40.948706
0.036719895 0.042887277 0.99840485 167.10384 -0.0031674031 0.99907865 -0.042799727 -6.2403084 -0.99932062 -0.0015907483 0.036821903 -40.904004
0.053294181 0.036308824 0.99791849 167.77594 -0.0052550804 0.9993351 -0.036079716 -6.2785669 -0.99856507 -0.0033213022 0.05344955 -40.85982
0.070646598 0.029057691 0.99707804 168.45326 -0.0075784454 0.9995624 -0.028593131 -6.3221581 -0.99747266 -0.0055362933 0.070835894 -40.794306
0.088350579 0.021067884 0.99586658 169.14958 -0.0060389724 0.99976926 -0.020614684 -6.3513135 -0.99607118 -0.0041926907 0.08845742 -40.718217
0.10587936 0.014995159 0.99426587 169.79802 -0.0073276234 0.99987091 -0.014299373 -6.3838894 -0.99435203 -0.0057715966 0.10597557 -40.63448
0.12355583 0.012631104 0.99225719 170.46253 -0.0091785678 0.99989076 -0.011585361 -6.414252 -0.99229522 -0.0076760603 0.12365827 -40.538352
0.14166108 0.011650928 0.98984661 171.09754 -0.0080549763 0.9999112 -0.01061661 -6.4326483 -0.98988249 -0.0064692297 0.14174235 -40.433178
0.15930127 0.011062136 0.987168 171.73787 -0.008392089 0.99991626 -0.0098507437 -6.4534531 -0.98719439 -0.006715165 0.15938076 -40.315128
0.17526919 0.01089099 0.98446027 172.38008 -0.015592707 0.9998441 -0.0082851195 -6.472114 -0.98439711 -0.013898273 0.17541168 -40.183873
0.18974055 0.0071179517 0.98180842 173.00276 -0.017005745 0.99984754 -0.0039622665 -6.4854056 -0.98168702 -0.01594458 0.18983267 -40.044034
0.20210459 0.0029614759 0.97935942 173.61876 -0.013197562 0.99991286 -0.00030012438 -6.5054941 -0.97927506 -0.012864499 0.20212607 -39.907988
0.2129634 0.0012943664 0.97705928 174.2486 -0.010823362 0.99994089 0.0010344209 -6.5243199 -0.97700027 -0.01079536 0.21296482 -39.767933
0.22253988 0.0047678726 0.97491189 174.84488 -0.014176432 0.99989814 -0.0016540625 -6.5416604 -0.97482055 -0.013452676 0.2225848 -39.608661
0.2315082 0.011797399 0.97276138 175.46466 -0.018668977 0.99979621 -0.0076822261 -6.5604145 -0.97265385 -0.016381961 0.23168126 -39.454938
0.2410119 0.021868 0.97027572 176.0367 -0.018597658 0.99966661 -0.017910838 -6.5754938 -0.970344 -0.01372813 0.24133824 -39.298623
0.24905945 0.02879527 0.96805999 176.61904 -0.014435885 0.99955723 -0.026018146 -6.5905083 -0.96838065 -0.0074947371 0.24936486 -39.149368
0.25557325 0.027369892 0.96640216 177.22155 -0.013661645 0.99960162 -0.024697209 -6.6079242 -0.96669321 -0.0068906966 0.25584535 -38.984402
0.2614708 0.020071292 0.96500263 177.82158 -0.017215789 0.9997217 -0.016128743 -6.6285588 -0.96505788 -0.012396086 0.26174358 -38.804288
0.26584965 0.0090416949 0.96397206 178.43063 -0.02011044 0.99979042 -0.0038314869 -6.6509702 -0.96380476 -0.018367302 0.26597577 -38.629473
0.26807661 -0.00021678102 0.96339753 179.03828 -0.018838897 0.99980758 0.005467117 -6.6766163 -0.96321343 -0.019614953 0.26802094 -38.447455
0.26895353 -0.0013675547 0.96315214 179.65221 -0.016157759 0.99985186 0.0059316056 -6.6949226 -0.96301766 -0.017157706 0.26889159 -38.277762
0.26986215 0.0020639555 0.96289671 180.25367 -0.014533093 0.99989253 0.0019298003 -6.6952066 -0.96278933 -0.014514647 0.26986314 -38.113691
0.27133937 0.0018421183 0.96248193 180.85563 -0.012445722 0.99992128 0.0015948781 -6.7090094 -0.96240331 -0.012411535 0.27134094 -37.940604
0.27352821 -3.1713583e-05 0.96186394 181.46749 -0.013346317 0.99990361 0.0038283013 -6.706565 -0.96177142 -0.013884489 0.27350142 -37.759696
0.27587658 -0.0042501666 0.96118363 182.07257 -0.012924933 0.99988341 0.0081309723 -6.7217824 -0.96110621 -0.014666378 0.27578948 -37.580517
0.27926944 -0.010062819 0.96016001 182.69595 -0.011037459 0.99984538 0.01368906 -6.7311697 -0.96014938 -0.014420662 0.27911519 -37.393713
0.28343044 -0.013123818 0.95890295 183.31821 -0.0099690612 0.99981201 0.016630344 -6.7377597 -0.95894102 -0.014272907 0.28324633 -37.207606
0.28940607 -0.014444562 0.95709739 183.92254 -0.0091326549 0.99979896 0.017850539 -6.7312554 -0.95716289 -0.013906894 0.28921596 -37.019604
0.29721462 -0.017597424 0.95464848 184.55487 -0.0076393388 0.99975432 0.020807265 -6.7310452 -0.95478018 -0.013477106 0.29700717 -36.819838
0.30701316 -0.020291523 0.95148888 185.16006 -0.0044383269 0.99973128 0.022752442 -6.737001 -0.95169496 -0.011208317 0.3068406 -36.613685
0.31784501 -0.018326931 0.94796551 185.7971 -0.005929709 0.9997552 0.021316359 -6.7387464 -0.94812418 -0.012396457 0.31765852 -36.395931
0.32955391 -0.014615076 0.94402359 186.39659 -0.0067198295 0.99981854 0.017824735 -6.7382291 -0.94411289 -0.012217888 0.3293959 -36.161253
0.34114574 -0.01059785 0.93995064 187.0019 -0.0086725515 0.9998584 0.014420921 -6.7370728 -0.93997045 -0.013071405 0.34100552 -35.929044
0.35329847 -0.0099641446 0.93545755 187.63198 -0.0076737166 0.99987877 0.013548502 -6.7328939 -0.93547923 -0.011965101 0.35317917 -35.681802
0.36400138 -0.013314477 0.9313032 188.26268 -0.0067806607 0.99983344 0.016944459 -6.7373167 -0.93137377 -0.012482657 0.36385047 -35.437206
0.37474891 -0.01511676 0.92700306 188.86908 -0.0064955369 0.99979972 0.018929741 -6.7331892 -0.92710363 -0.013115282 0.37457566 -35.172292
0.38641739 -0.015602708 0.922192 189.49775 -0.0091456111 0.99974293 0.020747002 -6.742388 -0.92227872 -0.016451011 0.38617535 -34.890507
0.39582494 -0.016891484 0.91817059 190.12433 -0.011546612 0.99966024 0.023368404 -6.7321376 -0.91825343 -0.019851556 0.39549541 -34.611863
0.40327318 -0.015716778 0.91494462 190.75068 -0.015781825 0.99958433 0.02412674 -6.7296437 -0.91494358 -0.024169163 0.40285751 -34.307362
0.40760599 -0.018158207 0.91297731 191.39532 -0.015616487 0.99951744 0.026851509 -6.7219296 -0.9130244 -0.025202333 0.40712573 -34.01588
0.40943423 -0.023799025 0.91202914 192.03611 -0.0089674545 0.99950644 0.030107438 -6.7082077 -0.9122956 -0.020505595 0.40901873 -33.725055
0.41033957 -0.021801485 0.91167213 192.68715 -0.0075324726 0.99959906 0.027294478 -6.7086219 -0.91190173 -0.018067149 0.41001082 -33.430781
0.40885939 -0.021384778 0.91234676 193.36004 -0.0065717647 0.9996305 0.026375721 -6.7040573 -0.91257377 -0.016779689 0.40856778 -33.142652
0.40792569 -0.020817654 0.91277773 194.0138 -0.0026034805 0.99970944 0.023963809 -6.6972173 -0.91301146 -0.012151852 0.40775296 -32.841238
0.40791258 -0.021370717 0.91277081 194.68296 -0.0013757352 0.99971051 0.024021046 -6.6895952 -0.91301999 -0.011054217 0.40776509 -32.54263
0.40693597 -0.027951373 0.9130289 195.37335 0.0039839561 0.99957653 0.028825289 -6.677396 -0.91344803 -0.0080925793 0.406875 -32.24562
0.40612434 -0.031161949 0.91328631 196.05398 0.003688953 0.99946616 0.032462044 -6.6715161 -0.91381042 -0.0098145552 0.40602249 -31.938623
0.40464376 -0.033336754 0.91386652 196.74516 0.0053797165 0.9994048 0.034075045 -6.664013 -0.91445861 -0.0088719109 0.40458226 -31.630513
0.40246632 -0.033666991 0.91481546 197.43227 0.004231874 0.99938124 0.034917394 -6.649999 -0.91542505 -0.010181691 0.40235976 -31.327869
0.40160098 -0.033789428 0.91519116 198.11238 0.0026148764 0.99935736 0.035749446 -6.63797 -0.91581106 -0.0119639 0.40143125 -31.014723
0.39921115 -0.032885889 0.91626902 198.80104 0.0016261152 0.99938036 0.03516036 -6.6299269 -0.91685762 -0.012546448 0.39901725 -30.716312
0.39822519 -0.029534697 0.91681205 199.49811 0.0025484994 0.99951328 0.031091919 -6.6249597 -0.91728418 -0.01004509 0.39810664 -30.409221
0.39777863 -0.023496847 0.91718046 200.17686 0.0013123542 0.99968555 0.025041345 -6.6270379 -0.91748053 -0.0087572455 0.39768438 -30.118537
0.39604871 -0.020318389 0.91800464 200.86105 -0.0011821008 0.99974304 0.022637508 -6.6117304 -0.91822878 -0.010050729 0.39592292 -29.821416
0.39500945 -0.022904499 0.91839145 201.57103 -0.001371436 0.99967333 0.025521522 -6.6048457 -0.91867607 -0.011340757 0.394849 -29.504442
0.39351963 -0.025981629 0.91894896 202.25307 -0.0028762113 0.99956086 0.029492459 -6.6000887 -0.91931175 -0.014248953 0.39327209 -29.208071
0.39099709 -0.025449156 0.92003997 202.92368 -0.0068292185 0.99950992 0.030549638 -6.5959981 -0.92036662 -0.018227973 0.39063167 -28.919462
0.38678847 -0.02606997 0.92179985 203.62559 -0.0081466125 0.99946471 0.031684785 -6.5854875 -0.92213252 -0.019764855 0.38636904 -28.619225
0.37945072 -0.026406938 0.92483499 204.30667 -0.0098082541 0.99942163 0.03256085 -6.5831887 -0.92516 -0.021426254 0.37897224 -28.331762
0.37111995 -0.027378464 0.92818119 205.00106 -0.0086380019 0.99942021 0.032933575 -6.5678114 -0.9285448 -0.020239937 0.37066828 -28.051628
