1.000000000000000000e+00 -3.306050084167601550e-19 -2.270457535318767223e-19 -8.673617379884035472e-19 7.546676715296109287e-19 1.000000000000000000e+00 6.237773588823049983e-19 1.387778780781445676e-17 -3.447385680526250622e-20 4.770700176052009879e-20 1.000000000000000222e+00 5.551115123125782702e-17
9.999310325864660953e-01 -2.646897394287611293e-03 1.144328003498277548e-02 1.505217444041236259e-02 2.631141033551820212e-03 9.999955862962167652e-01 1.391905633939995689e-03 8.773517921410317610e-04 -1.144691417859194579e-02 -1.361698939540713620e-03 9.999335486206746282e-01 2.999026085533204045e-01
9.998181099012188877e-01 -5.935011233869817195e-03 1.811855304551898693e-02 3.174425397731083648e-02 5.915384769947526836e-03 9.999818341228701168e-01 1.136393957903322066e-03 -3.977383198576114887e-03 -1.812496844259489995e-02 -1.028971777883646004e-03 9.998350967359517227e-01 5.858757554312288285e-01
9.997602710050428332e-01 -8.572007369718836686e-03 2.014516159957667474e-02 3.781068597205086007e-02 8.573604887668279453e-03 9.999632412069872078e-01 7.210798645656134290e-06 -1.541271191598705959e-02 -2.014448348456580190e-02 1.655868687669535962e-04 9.997970280253970499e-01 8.924051877580607695e-01
9.997708914595885288e-01 -9.322481145657892515e-03 1.927319869736113245e-02 4.184205285754469955e-02 9.350348715746480827e-03 9.999553520086736924e-01 -1.356400521209426323e-03 -1.007340066316204930e-02 -1.925969451086086484e-02 1.536235454382490562e-03 9.998134298601376591e-01 1.198232163726378197e+00
9.998481511480712403e-01 -1.222566865670671014e-02 1.242118105974106441e-02 4.496566598833183492e-02 1.225842242371860506e-02 9.999216251976654757e-01 -2.564415005619585970e-03 -1.415316919100075010e-02 -1.238886536202489681e-02 2.716236744104760792e-03 9.999195642456941702e-01 1.514787066530522086e+00
9.999153865472619751e-01 -1.300885378579448234e-02 1.799598640806538872e-04 3.291696273100101766e-02 1.300950204003056485e-02 9.999063955730507214e-01 -4.243467864114866366e-03 -3.003138446031164421e-02 -1.247635861662653044e-04 4.245451535462201401e-03 9.999909996904480236e-01 1.834699324522063080e+00
9.997909085641559779e-01 -1.149114711809343971e-02 -1.690998663667002411e-02 1.170041170131396260e-02 1.142188821569969752e-02 9.999260098549245246e-01 -4.183932978937257227e-03 -3.153365356230757033e-02 1.695683049711330798e-02 3.989873007756635295e-03 9.998482060926385806e-01 2.162564080175598313e+00
9.993730800607082410e-01 -8.497460739471432087e-03 -3.436680225001378236e-02 -2.017068210439793008e-02 8.348228059661167572e-03 9.999550991381102039e-01 -4.483223005013671492e-03 -3.077068977938147987e-02 3.440334663921590375e-02 4.193569877535136860e-03 9.993991424259376366e-01 2.511232222159176963e+00
9.984880978214148994e-01 -4.231028597726048737e-03 -5.480564156060260123e-02 -6.256804506637937691e-02 3.933698449836590082e-03 9.999769427023209589e-01 -5.532198800223978551e-03 -4.109717523728224908e-02 5.482778921923322363e-02 5.308266680844435370e-03 9.984817711522897543e-01 2.866695123555322855e+00
9.972549288374342735e-01 -2.230249443840717771e-03 -7.401524816753338176e-02 -1.064219594925998325e-01 1.806072323649213045e-03 9.999815466634360828e-01 -5.797939667229135008e-03 -4.825735834611610819e-02 7.402681638807645514e-02 5.648343559035552339e-03 9.972405581142421704e-01 3.229449229552959100e+00
9.953166024833166592e-01 -3.758848540330975672e-03 -9.658075441228013147e-02 -1.546727890459951571e-01 3.265291364647314107e-03 9.999808061732502473e-01 -5.267827416171426413e-03 -4.691053295212857521e-02 9.659870154842099821e-02 4.927774976495512271e-03 9.953097933965034949e-01 3.607462330683945950e+00
9.933224510064831980e-01 -5.766627718966261390e-03 -1.151999262992599304e-01 -2.183537337996535599e-01 5.295791604449465520e-03 9.999763433914957700e-01 -4.393166336225605949e-03 -5.721044129666763567e-02 1.152225319663498504e-01 3.753625469852003241e-03 9.933294995931102322e-01 3.994210756108972582e+00
9.910159989383566792e-01 -4.586001972985840475e-03 -1.336576201734470393e-01 -2.869602366044292086e-01 4.133103368182255467e-03 9.999847367034561119e-01 -3.664325171987920394e-03 -6.135175736890506604e-02 1.336724002280018087e-01 3.079129651237875586e-03 9.910198212849148369e-01 4.387995880546207594e+00
9.887415155052838855e-01 -3.633457973938933501e-03 -1.495977222180928101e-01 -3.722762630514255822e-01 3.186652831630785391e-03 9.999897083948771082e-01 -3.226297730217718689e-03 -6.951868586785772686e-02 1.496079179810162474e-01 2.713211430826513015e-03 9.887429291416789390e-01 4.807013656531922585e+00
9.868824315748115916e-01 -1.711391020358788047e-03 -1.614634943884485918e-01 -4.599505582287825578e-01 1.283255954049020413e-03 9.999953967742412075e-01 -2.755607425839204372e-03 -7.838905557793136858e-02 1.614674908316466317e-01 2.512265162264660113e-03 9.868800346956863034e-01 5.227371396705984274e+00
9.845546487979111028e-01 -3.974381194467974630e-03 -1.750087785112947325e-01 -5.491163763502088235e-01 3.406709517474920072e-03 9.999879118003820455e-01 -3.542840032656968934e-03 -8.413527385398965330e-02 1.750207560706638910e-01 2.891607705518081921e-03 9.845563053875776571e-01 5.669376610866758703e+00
9.826104300980431638e-01 -7.049611808609084970e-03 -1.855235035895192175e-01 -6.314375769594698928e-01 6.025785625554864501e-03 9.999633738751999568e-01 -6.081308699133811287e-03 -1.007968654862241020e-01 1.855595893033836763e-01 4.857701608267458830e-03 9.826169046639946503e-01 6.116194950008182474e+00
9.814461593685325225e-01 -6.405803294984536642e-03 -1.915831390639726739e-01 -7.314364638503968452e-01 5.064652022561294195e-03 9.999591676032917320e-01 -7.488534329971202087e-03 -1.031060102833123576e-01 1.916232852900528194e-01 6.379226397689501983e-03 9.814385083820273969e-01 6.575963594548007052e+00
9.798390226774928990e-01 -5.984922384584207521e-03 -1.996842916865364526e-01 -8.419403600134125476e-01 4.189265723112065194e-03 9.999468968667399871e-01 -9.413990956469754645e-03 -1.058844673300113476e-01 1.997300441638066304e-01 8.387637601690971223e-03 9.798120852737299824e-01 7.055750025022944349e+00
9.784252985837238459e-01 -6.458877303607948699e-03 -2.065111987823685102e-01 -9.516591657783647351e-01 4.083006872422217069e-03 9.999204820486442546e-01 -1.193187364141324279e-02 -1.153733970876519160e-01 2.065718583105566053e-01 1.083136194699496103e-02 9.783739158893912657e-01 7.542053653610454766e+00
9.766451013558442584e-01 -1.040417870211042366e-02 -2.146141856077473653e-01 -1.068413715268985431e+00 7.518597151892537737e-03 9.998699946693285767e-01 -1.425735625745707703e-02 -1.207176938279023309e-01 2.147346688511104218e-01 1.231115076009528173e-02 9.765964333251081486e-01 8.049190662527998086e+00
9.747013013653608171e-01 -1.611710133784249876e-02 -2.229590176272711055e-01 -1.182364437782619015e+00 1.308481789157405623e-02 9.998007528124148724e-01 -1.507169199332323260e-02 -1.433302269283960317e-01 2.231575156619342304e-01 1.177406192872687378e-02 9.747178283104754870e-01 8.564826763357602957e+00
9.729144899077177833e-01 -1.717203057884438694e-02 -2.305041409924344920e-01 -1.307540763436730424e+00 1.361730909848448030e-02 9.997626927009123365e-01 -1.700577371826120232e-02 -1.633777602379735128e-01 2.307414008582210074e-01 1.340644390882604620e-02 9.729174857797369125e-01 9.090529297245350193e+00
9.710298942785358101e-01 -1.285836070911412429e-02 -2.386040608699868670e-01 -1.462143471787598958e+00 7.888443990917226936e-03 9.997317556717597586e-01 -2.177515152736806542e-02 -1.634711649821578572e-01 2.388200689772730645e-01 1.926201843770077027e-02 9.708711573044961352e-01 9.625820077648295836e+00
9.692809309971330833e-01 -1.044215467901771395e-02 -2.457028793748231854e-01 -1.621347163325513430e+00 4.427787749351918926e-03 9.996771290727239911e-01 -2.501533820792713886e-02 -1.808808947651427690e-01 2.458848823823870100e-01 2.315829479443213754e-02 9.690143663446332267e-01 1.016895785604218894e+01
9.666496287273207422e-01 -1.264449000880902944e-02 -2.557427104777698079e-01 -1.775354182666248448e+00 5.940671275531919128e-03 9.996187005071097698e-01 -2.696525301896914376e-02 -2.015722957637119395e-01 2.559860901970260616e-01 2.454701653783482665e-02 9.663562492415220806e-01 1.073374166030656518e+01
9.641891256975557711e-01 -1.458176658262172118e-02 -2.647796269850938300e-01 -1.940650575901849972e+00 7.198127348402015048e-03 9.995582439269797836e-01 -2.883249502475924292e-02 -2.274141856786193183e-01 2.650831685387181613e-01 2.589359582008075866e-02 9.638682729230723112e-01 1.130181518188224210e+01
9.623760398271825611e-01 -1.416291341396940656e-02 -2.712891435647731830e-01 -2.113219005659789929e+00 5.716756747380093498e-03 9.994749207241581113e-01 -3.190399409272581810e-02 -2.489501870062569844e-01 2.715984563950883945e-01 2.915240789583980335e-02 9.619517132653404579e-01 1.188633636725658960e+01
9.596262442183206565e-01 -1.321188881138808321e-02 -2.809543887547492069e-01 -2.296836472513081429e+00 3.420449193134951927e-03 9.993705290609936620e-01 -3.531842554745922430e-02 -2.713078020158645742e-01 2.812441725553226357e-01 3.293120212325288676e-02 9.590674037569710819e-01 1.247825488096752444e+01
9.576751426647186483e-01 -1.501334060292150441e-02 -2.874820528695301580e-01 -2.491760715045447494e+00 3.736360665916583362e-03 9.992030899925568033e-01 -3.973009036180228520e-02 -3.023307470405061648e-01 2.878497008931339973e-01 3.697369584404861659e-02 9.569680216914797644e-01 1.307268310936330558e+01
9.559056764356458347e-01 -1.570732108721609871e-02 -2.932609972008942134e-01 -2.691412856014881783e+00 1.900249392529485166e-03 9.988785330703755516e-01 -4.731655723300334099e-02 -3.368429765717650404e-01 2.936754642079686395e-01 4.467219482644049777e-02 9.548636128740447537e-01 1.368712502380867946e+01
9.547976183272562922e-01 -1.649711814070237148e-02 -2.967575972121720973e-01 -2.893743692034453474e+00 1.679516407348039913e-05 9.984616903035024027e-01 -5.544555630266297802e-02 -3.719390444102584903e-01 2.972157359041556202e-01 5.293456374212466425e-02 9.533293649608552967e-01 1.431056812272738377e+01
9.536114035161737945e-01 -1.610190232648189834e-02 -3.006013533905271262e-01 -3.103789665055745495e+00 -3.407980449212940407e-03 9.979270297570352888e-01 -6.426411131180567726e-02 -4.180712996871422948e-01 3.010131614391656774e-01 6.230691044354284142e-02 9.515797598763579002e-01 1.495078383967451607e+01
9.524411076632716133e-01 -1.592428685190435192e-02 -3.043626272740780347e-01 -3.321156569928232383e+00 -6.910701336030082229e-03 9.972478488852302148e-01 -7.381934568782559658e-02 -4.640757664419560835e-01 3.047010813136192264e-01 7.240992376073507319e-02 9.497099663717254447e-01 1.559722710191440775e+01
9.513000662666609708e-01 -1.474707576163937842e-02 -3.079446068323920538e-01 -3.549139137563310342e+00 -1.062103165968133166e-02 9.966940472589320699e-01 -8.055658886708558231e-02 -5.225467047664260622e-01 3.081144684223565688e-01 7.990438880543844491e-02 9.479985827596552062e-01 1.625489850358307820e+01
9.494433998823559318e-01 -1.369289892567980040e-02 -3.136421274687761218e-01 -3.783366197980805978e+00 -1.441194607450502381e-02 9.960940694701917453e-01 -8.713135618792387793e-02 -5.832903951162956568e-01 3.136092754178304021e-01 8.724946048959174305e-02 9.455374861108620799e-01 1.691973963459559727e+01
9.480589215350266885e-01 -1.215427156121078392e-02 -3.178249159886062936e-01 -4.028355384845855980e+00 -1.851519975911043378e-02 9.954670535398859599e-01 -9.327581818982251527e-02 -6.495251626778106857e-01 3.175176935167781100e-01 9.431642318491534338e-02 9.435363957022178116e-01 1.760112877446745472e+01
9.468082516483349309e-01 -1.015226079212116876e-02 -3.217206368948319906e-01 -4.282673247741808353e+00 -2.280234514105783719e-02 9.948732295311809581e-01 -9.854165113262243481e-02 -7.221241034565051287e-01 3.210716850530883071e-01 1.006357371472080681e-01 9.417226545245250824e-01 1.828575917269255058e+01
9.451289877147436291e-01 -7.262037506352751227e-03 -3.266912740361315182e-01 -4.549305009599790672e+00 -2.753194958006386500e-02 9.944260073848252279e-01 -1.017606517261009369e-01 -7.980432522520770622e-01 3.256100198998707618e-01 1.051677811555249004e-01 9.396608414253949659e-01 1.898258340636922625e+01
9.430679019285626019e-01 -6.325349568154499218e-03 -3.325130981411426045e-01 -4.804348613361877796e+00 -2.988768280278386244e-02 9.941625098585619158e-01 -1.036445152525890395e-01 -8.778562044343451998e-01 3.312272625554167904e-01 1.076821945714710738e-01 9.373738729762118860e-01 1.969725041246436348e+01
9.408582844765398523e-01 -5.719612006632179835e-03 -3.386945847775675311e-01 -5.080616086679284216e+00 -3.097032512783417374e-02 9.942192835913864490e-01 -1.027990467664399582e-01 -9.646800090676995731e-01 3.373238873684251682e-01 1.072120332467004500e-01 9.352423944335997996e-01 2.042167194587988632e+01
9.387841637242343440e-01 -5.237642876910212665e-03 -3.444049509944888676e-01 -5.362571473326616101e+00 -3.148566455581281592e-02 9.943954093719286069e-01 -1.009331506954736501e-01 -1.047941761967479124e+00 3.430034745814705688e-01 1.055987215134088636e-01 9.333576402293378704e-01 2.114780899562333261e+01
9.365950024364895210e-01 -5.337135582874519280e-03 -3.503376834808586970e-01 -5.648479151504937512e+00 -3.133628942539690154e-02 9.946022890447276943e-01 -9.891153785573929269e-02 -1.135207791711171144e+00 3.489745947915951496e-01 1.036186191864941208e-01 9.313721598508755140e-01 2.188374135457330283e+01
9.340167546141240340e-01 -5.415616683892957722e-03 -3.572173646712404338e-01 -5.938234739539342222e+00 -3.096836346842288951e-02 9.948932798807109679e-01 -9.606812628497390927e-02 -1.221065839292836852e+00 3.559132801250473044e-01 1.007920224590384967e-01 9.290793959327164897e-01 2.261963641257632673e+01
9.293578759248080079e-01 -2.322750600423870940e-03 -3.692082201843234213e-01 -6.256576720182186691e+00 -3.318163721804914812e-02 9.954074573102278389e-01 -8.980039220233829167e-02 -1.297857991121895482e+00 3.677212887547686715e-01 9.570711683781579771e-02 9.250126633050341773e-01 2.339093117196452809e+01
9.264795151947742280e-01 -8.743510426621273822e-06 -3.763979951031122817e-01 -6.578256256749829056e+00 -3.419659791820967021e-02 9.958612571540789160e-01 -8.420400364889314704e-02 -1.382223688398559025e+00 3.748415547124693825e-01 9.088110575507309108e-02 9.226446531234068216e-01 2.413526669035942263e+01
9.228945611924916914e-01 2.957177037967716280e-03 -3.850207838624810641e-01 -6.908485760847169921e+00 -3.672848703170817491e-02 9.960871836439600946e-01 -8.038713208331946247e-02 -1.456720330219291926e+00 3.832769265581753571e-01 8.832865781489776524e-02 9.193918566001633152e-01 2.489125172019150156e+01
9.199330079805563276e-01 3.887180350095064546e-03 -3.919938014236868384e-01 -7.251525534106660231e+00 -3.772608405320582170e-02 9.961883381997636011e-01 -7.864521067680160793e-02 -1.532628240216507898e+00 3.901932675803366779e-01 8.714153601735173671e-02 9.165736611438990433e-01 2.566136195669674436e+01
9.157493041643419707e-01 5.427689816722341097e-03 -4.017839199110322945e-01 -7.604260712598003735e+00 -3.981309713721922772e-02 9.962126448828890757e-01 -7.730299579848648461e-02 -1.608507449141892920e+00 3.998426393604039286e-01 8.678576365505943913e-02 9.124972460897932125e-01 2.643416263911063524e+01
9.120078985185213760e-01 5.162707080866724661e-03 -4.101704399183019878e-01 -7.965524427535912722e+00 -4.009615530240873832e-02 9.962538066241869439e-01 -7.659608012470511818e-02 -1.678432235603187772e+00 4.082382940528961335e-01 8.629982940418093329e-02 9.087984674151226017e-01 2.720990501636920911e+01
9.080182358869979264e-01 5.734355004570042269e-03 -4.189558202585288993e-01 -8.340584312071282369e+00 -4.079111509411604414e-02 9.963653333387755273e-01 -7.478620611976820320e-02 -1.751733710979870295e+00 4.170047971677188769e-01 8.499271082093910745e-02 9.049516625552327387e-01 2.799696455493435110e+01
9.044930780333074738e-01 5.935798893434456568e-03 -4.264502627467297580e-01 -8.727105580140356977e+00 -4.044607578093725037e-02 9.965901959630707463e-01 -7.192081931139188145e-02 -1.826448489117600937e+00 4.245688081085020604e-01 8.230372044404300758e-02 9.016493128642787402e-01 2.879077923416539520e+01
9.008723699852578815e-01 5.389544564670759388e-03 -4.340641580075096373e-01 -9.123422057154368048e+00 -3.885457421408025636e-02 9.969103206339252621e-01 -6.826724539027376193e-02 -1.892275833204353885e+00 4.323552150525368232e-01 7.836511631360004726e-02 8.982985543263432016e-01 2.958635600999425819e+01
8.969198209766615637e-01 7.568621627386814578e-03 -4.421703962626701290e-01 -9.533267034086140512e+00 -3.916930344372393513e-02 9.972829659806276004e-01 -6.238550222982099797e-02 -1.955402601535727314e+00 4.404969317662880690e-01 7.327247449347654151e-02 8.947793063769092781e-01 3.039728433526943263e+01
8.938340997807232569e-01 7.665782145982106069e-03 -4.483624628501300391e-01 -9.953038526570782807e+00 -3.738308390516568297e-02 9.976469609687347306e-01 -5.746547564225191335e-02 -2.023055168980369078e+00 4.468672012016935979e-01 6.812253118871768043e-02 8.920174052654044061e-01 3.121231260532527330e+01
8.896348019895279347e-01 8.325406622003830859e-03 -4.566692870158501893e-01 -1.038629244874459623e+01 -3.764583691977328728e-02 9.977680376142527008e-01 -5.516492189860118522e-02 -2.089829017981836401e+00 4.551917337623159754e-01 6.626028129923751397e-02 8.879619765850317314e-01 3.203190801666655574e+01
8.872942703267356901e-01 7.769266207508713704e-03 -4.611186176192098030e-01 -1.082732545584600281e+01 -3.673083400177960117e-02 9.978724413007854510e-01 -5.388517528403875823e-02 -2.149588729751107596e+00 4.597190720379583095e-01 6.475350071637610283e-02 8.856919338116270302e-01 3.285921884500391599e+01
8.843467704524303752e-01 6.941913083570993084e-03 -4.667267541068220171e-01 -1.128166604806368589e+01 -3.564261132124551396e-02 9.979748726644352974e-01 -5.270010592906771568e-02 -2.201538273391736134e+00 4.654157282056765599e-01 6.324405166050009464e-02 8.828032143088243577e-01 3.369795224113764931e+01
8.805864388491280170e-01 6.494034286101157613e-03 -4.737714501083955532e-01 -1.175228650399455432e+01 -3.457125911264374157e-02 9.981220737262517240e-01 -5.056642038774528808e-02 -2.260785596317453905e+00 4.725532179495595120e-01 6.090962922182088096e-02 8.791571547677600185e-01 3.454472331933161655e+01
8.788181815967565091e-01 4.730399391519862252e-03 -4.771157925959849111e-01 -1.222276548494918202e+01 -3.325818364846555575e-02 9.981263362398706818e-01 -5.136191980141574520e-02 -2.323730568588515677e+00 4.759792598472001313e-01 6.100232988077994994e-02 8.773284795426760097e-01 3.539724729103176060e+01
8.768393578456006310e-01 4.185043186967151232e-03 -4.806898207380760346e-01 -1.270908859437242455e+01 -3.272540082508069992e-02 9.981625835527351276e-01 -5.100121354574837368e-02 -2.381610006643027244e+00 4.795934213076497032e-01 6.045015199573011699e-02 8.753649251902571038e-01 3.626286457217635473e+01
8.751834048807842770e-01 4.924465089580166467e-03 -4.837498975190597794e-01 -1.320255494995928025e+01 -3.378649080990844822e-02 9.981289160707652597e-01 -5.096474221004775040e-02 -2.433732616690643891e+00 4.825938781875843686e-01 6.094763396173452641e-02 8.737122151812630744e-01 3.713503188783426623e+01
8.751329023834534260e-01 4.233141151790552510e-03 -4.839317093746992038e-01 -1.370222809286063281e+01 -3.313947957684341278e-02 9.981380424086770953e-01 -5.119622773519052344e-02 -2.496949368746632203e+00 4.828139395263924549e-01 6.083914211567930524e-02 8.736437995850061533e-01 3.802089201821923581e+01
8.751468681055772914e-01 4.460625590695603722e-03 -4.838908552982920663e-01 -1.421114950607208272e+01 -3.227640819975866743e-02 9.982684015897366203e-01 -4.917190735583010230e-02 -2.555500155072205626e+00 4.828337085212582314e-01 5.864885533600619483e-02 8.737754441871327105e-01 3.891888041878645765e+01
8.746850700414601221e-01 3.173304842972813570e-03 -4.847745065847031687e-01 -1.473629647526997921e+01 -3.060319624567556240e-02 9.983449442559626519e-01 -4.869206448156879197e-02 -2.617367009418430257e+00 4.838178693143935782e-01 5.742246842946513441e-02 8.733344599991471613e-01 3.983513843062817017e+01
8.742824615504358743e-01 1.315168299101596378e-03 -4.853258177705407350e-01 -1.525475316197793241e+01 -2.882550647460977583e-02 9.983723942786665306e-01 -4.921453358965188069e-02 -2.677624318912878110e+00 4.844712163058339516e-01 5.701838218112342122e-02 8.728972071591792892e-01 4.074415697884918330e+01
8.730611898441611451e-01 6.591123780065591062e-04 -4.875265671396102896e-01 -1.578716653804756476e+01 -2.842393031411884902e-02 9.983674386450819283e-01 -4.954499104112994323e-02 -2.740428841880283350e+00 4.866978700150501047e-01 5.711613158439091120e-02 8.716546101124419410e-01 4.167561455917871882e+01
8.716571971771701621e-01 5.921970255188535592e-04 -4.901629014427092979e-01 -1.632123495552345105e+01 -2.753326141717726480e-02 9.984791806122172986e-01 -4.775220709084364995e-02 -2.797633009850618802e+00 4.893889974932022491e-01 5.511938802042672114e-02 8.703480386954457471e-01 4.260924745022156657e+01
8.685781831393261099e-01 3.542638492476097960e-04 -4.955179706968652620e-01 -1.686337258809968276e+01 -2.548879363083381838e-02 9.987080713212675986e-01 -4.396422022175191374e-02 -2.862260531085336623e+00 4.948623086697132578e-01 5.081636969779391305e-02 8.674650296618735545e-01 4.353944650510673142e+01
8.668540439043466161e-01 -1.070468960493574118e-05 -4.985057205522075430e-01 -1.740104131227101192e+01 -2.286569964276157982e-02 9.989467850104932767e-01 -3.977694612797308404e-02 -2.923036271620182980e+00 4.979809009860736158e-01 4.588339981444292809e-02 8.659410166929178976e-01 4.447617654502087703e+01
8.631848511283473080e-01 3.467637900014405535e-04 -5.048543441073300997e-01 -1.795114423616602650e+01 -2.257302787297850444e-02 9.990263853523493331e-01 -3.790609038788606694e-02 -2.977576329810728062e+00 5.043495443105066034e-01 4.411789542169052697e-02 8.623522429428265301e-01 4.537757650001377385e+01
8.575240388747850107e-01 -2.376243784492629817e-03 -5.144582039238737581e-01 -1.850951532816149481e+01 -2.086143494739461576e-02 9.990062243171760059e-01 -3.939515688771035723e-02 -3.042108759746239066e+00 5.140407649280851476e-01 4.451275079428713977e-02 8.566221454078929431e-01 4.629936184920885722e+01
8.523960489851143407e-01 -5.925009327102458145e-03 -5.229182290243374887e-01 -1.907166871583738654e+01 -1.946666519269073248e-02 9.988829844578621664e-01 -4.305923218736573688e-02 -3.103630746037415289e+00 5.225891160994399209e-01 4.688456295098004933e-02 8.513286578450180997e-01 4.721363658845414335e+01
8.454242638163113055e-01 -5.649733834536108286e-03 -5.339905220825429399e-01 -1.965860390325313034e+01 -1.977746604977826533e-02 9.989269907640708768e-01 -4.187150969839153331e-02 -3.151203125779669545e+00 5.336540765872629377e-01 4.596327273297417387e-02 8.444052709361280495e-01 4.812021415353752474e+01
8.396849392606542395e-01 -2.867747482740514581e-03 -5.429021342095614600e-01 -2.025284951541871692e+01 -2.055389657841191070e-02 9.991017490212054097e-01 -3.705692153274633277e-02 -3.203693232785778999e+00 5.425206533368840400e-01 4.227754603530309296e-02 8.388717504006966141e-01 4.902344740553250091e+01
8.353755811710938950e-01 4.520470262329878046e-04 -5.495791575815011099e-01 -2.086041104146439906e+01 -2.182389688146448015e-02 9.992383213705224865e-01 -3.234869818185173718e-02 -3.266086996726014213e+00 5.491459085547366614e-01 3.902001511453699611e-02 8.347492981229043263e-01 4.992195543739894248e+01
8.308412825623843201e-01 1.288792711086864931e-03 -5.564782014951304978e-01 -2.146942676494576219e+01 -2.423880481108382431e-02 9.991321324131028359e-01 -3.387902488548658053e-02 -3.314288608391681379e+00 5.559517240342034539e-01 4.163752399064749032e-02 8.301513041674267734e-01 5.081253903139896266e+01
8.278320590146190927e-01 -4.114363163392166988e-04 -5.608926869271906313e-01 -2.207975594067851333e+01 -2.521469609806816989e-02 9.989616743008251643e-01 -3.795000014062369087e-02 -3.367038410976255225e+00 5.603259613619521184e-01 4.556188978832115266e-02 8.269619911146403046e-01 5.169339559447266197e+01
8.252090160118454865e-01 -2.964712847650418162e-03 -5.648028592686039628e-01 -2.269432567245428345e+01 -2.738914576634345413e-02 9.985997314208597819e-01 -4.525473592295178177e-02 -3.431558880995797089e+00 5.641460355474385846e-01 5.281585395800749566e-02 8.239723266143835767e-01 5.256886789087302958e+01
8.218656634420918872e-01 -2.926063582019868946e-03 -5.696780785090661547e-01 -2.332009727130239440e+01 -2.834524742924290908e-02 9.985380487292100371e-01 -4.601334694869350928e-02 -3.487816690484109028e+00 5.689797943962672244e-01 5.396501821942623761e-02 8.205812998831417682e-01 5.344719973903092125e+01
8.195446793381020445e-01 -1.705223786620355293e-03 -5.731059465028376376e-01 -2.394487221763486318e+01 -2.771595362190754780e-02 9.987073028894706272e-01 -4.261125272749074350e-02 -3.551557490622585078e+00 5.724378280917593598e-01 5.080286963807818801e-02 8.184377999150667105e-01 5.432288284322856953e+01
8.157365110190625268e-01 5.608495265387724183e-04 -5.784251235269508573e-01 -2.458736203044333735e+01 -2.648221662714722938e-02 9.989870650235123106e-01 -3.637552442987598833e-02 -3.605930422933078638e+00 5.778187113778965323e-01 4.499267836678508964e-02 8.149251094127476502e-01 5.520234082136374809e+01
8.120133130681750355e-01 2.456809082736449105e-03 -5.836419954671274724e-01 -2.523365124418085159e+01 -2.709384866054551089e-02 9.990717074117523300e-01 -3.349396045057176363e-02 -3.650984521720208154e+00 5.830177225536699037e-01 4.301454526296216024e-02 8.113261113788985401e-01 5.607356590116267370e+01
8.100399430302952508e-01 3.660187330001168395e-03 -5.862839011784928278e-01 -2.586529831630644694e+01 -2.900288703784610275e-02 9.990067506770550221e-01 -3.383248634843654540e-02 -3.707407878766915577e+00 5.855776152378597832e-01 4.441263858125279324e-02 8.093414226523609756e-01 5.695065140181542773e+01
8.055145115950846924e-01 1.790314355020069430e-03 -5.924866873716168048e-01 -2.651954230605025487e+01 -2.828089219245100497e-02 9.989721476953082879e-01 -3.542452292425835036e-02 -3.756940059851667790e+00 5.918143265332060921e-01 4.529304592130622281e-02 8.047369449118778606e-01 5.782001336785605616e+01
8.019921984496346523e-01 8.378898229471780411e-04 -5.974066719113052537e-01 -2.717350910579892442e+01 -2.880558698800768022e-02 9.988898335711535736e-01 -3.728141536699511316e-02 -3.819498451958126317e+00 5.967121077307725452e-01 4.710851891419641502e-02 8.011258338849738259e-01 5.868822023127289356e+01
7.986204906819249771e-01 -6.637904448653367739e-04 -6.018341354370474461e-01 -2.783721915731324614e+01 -2.743609670821356775e-02 9.989196870070025103e-01 -3.750543024561728278e-02 -3.863955291431369510e+00 6.012089376149708508e-01 4.646101136666547921e-02 7.977393371006541445e-01 5.955592653250153745e+01
7.938011768333739226e-01 -1.283640970800119067e-03 -6.083182668087603329e-01 -2.852612214717591854e+01 -2.675831543746753916e-02 9.989556491021788220e-01 -3.703426654338976692e-02 -3.915203050532288565e+00 6.077305560355720226e-01 4.567328355805591600e-02 7.929377851369879826e-01 6.040671067687695484e+01
7.890858959359419167e-01 -9.058953507780221747e-04 -6.141813998641706407e-01 -2.920040781685285225e+01 -2.631697010399682013e-02 9.990308465377036873e-01 -3.528705382089812603e-02 -3.972188015655016891e+00 6.136180481425171918e-01 4.401259017981835886e-02 7.882973061980771412e-01 6.126796649157286367e+01
7.836648993057261370e-01 -1.681335952316974575e-03 -6.210605617759784591e-01 -2.989124443013639976e+01 -2.641676832945087997e-02 9.990014451005415630e-01 -3.602952994541046977e-02 -4.031346651490962607e+00 6.205009097820749497e-01 4.464510306006656132e-02 7.828379085043466468e-01 6.212859493520453213e+01
7.781790739624621089e-01 -3.158501927216089689e-03 -6.282052638573689674e-01 -3.059241519090710781e+01 -2.599021009916407943e-02 9.989687405330113235e-01 -3.722273510457921319e-02 -4.085972345978809983e+00 6.276751618837486113e-01 4.528949070669030519e-02 7.772943527866312818e-01 6.297651333824878606e+01
7.734492367543582825e-01 -4.916259020090986247e-03 -6.338954356403231349e-01 -3.129688751468474450e+01 -2.484129584995691670e-02 9.989666208813858805e-01 -3.806428150273022393e-02 -4.137430800423801180e+00 6.334275771418281797e-01 4.518711611215797674e-02 7.725277730595992987e-01 6.383050188797503210e+01
7.669987615814973791e-01 -4.956651360700154059e-03 -6.415202000081843270e-01 -3.201826625484671496e+01 -2.555440993969732358e-02 9.989408212812025400e-01 -3.825890104659334517e-02 -4.194202088151472552e+00 6.410301983909250101e-01 4.573984319977230512e-02 7.660597667314166248e-01 6.467048485152459136e+01
7.619851882743411409e-01 -7.370937499370487818e-03 -6.473861062241919040e-01 -3.274264844294521737e+01 -2.402423569324164260e-02 9.989251601281456949e-01 -3.964158738053196601e-02 -4.251825774263170210e+00 6.469822382612918643e-01 4.576381803939209847e-02 7.609890537390845422e-01 6.551185501045914350e+01
7.557260716069855722e-01 -8.826513400722768576e-03 -6.548372961653828872e-01 -3.348679599947607244e+01 -2.303333851017272046e-02 9.989322978083097215e-01 -4.004052271095995263e-02 -4.310082481077952998e+00 6.544917200215929487e-01 4.533800830691832318e-02 7.547157126731752763e-01 6.635544146924941344e+01
7.488724814637360838e-01 -8.492091786501478751e-03 -6.626615779148804508e-01 -3.423514424512596577e+01 -2.216611160500391031e-02 9.990374207133490003e-01 -3.784334086891200100e-02 -4.361144127117825953e+00 6.623451322445860212e-01 4.302729356109748909e-02 7.479633106372461926e-01 6.718924272529530128e+01
7.433214454655525660e-01 -9.505386221842743177e-03 -6.689088765395067027e-01 -3.499229944099992196e+01 -2.060181275981845528e-02 9.990994521692206920e-01 -3.709224671089651759e-02 -4.425728136569144766e+00 6.686593617679309487e-01 4.134886130503580975e-02 7.424561522881700792e-01 6.801265480136716235e+01
7.361071053101559958e-01 -1.146231019731770544e-02 -6.768227250067619938e-01 -3.576578790203929259e+01 -1.944736836270283264e-02 9.990856515206852917e-01 -3.807513008679212080e-02 -4.482777523363652428e+00 6.766403192992463955e-01 4.119069552546805735e-02 7.352112124570312490e-01 6.884515116025245618e+01
7.302279240730232823e-01 -1.194021463874495557e-02 -6.831906704104596662e-01 -3.654559993103679005e+01 -1.988010536666791339e-02 9.990524685776329683e-01 -3.871071096428564673e-02 -4.541433146360798645e+00 6.830059131455133992e-01 4.184509165385010693e-02 7.292986111602265398e-01 6.966859868304507586e+01
7.248242222662792944e-01 -1.206158640120123283e-02 -6.889574100947316593e-01 -3.733905355073498811e+01 -2.058651841734072604e-02 9.990210389947290492e-01 -3.914712257006799229e-02 -4.596433461223474737e+00 6.887553840275066896e-01 4.255327854639166796e-02 7.238663256912013511e-01 7.048292757390964880e+01
7.190147346130602024e-01 -1.135842196280745925e-02 -6.949518775450796992e-01 -3.815085189747289718e+01 -2.040754832672127608e-02 9.990901629852305676e-01 -3.743642437072570300e-02 -4.651448442072918965e+00 6.947450569046895730e-01 4.109766083421245025e-02 7.181287421188112807e-01 7.130257337347219959e+01
7.138727074723464350e-01 -1.138467326985775040e-02 -7.000943891336165459e-01 -3.895632001425031632e+01 -2.088279358224446117e-02 9.990770192306352993e-01 -3.754439478421228021e-02 -4.710120627295841800e+00 6.998754393998458667e-01 4.142924393645038700e-02 7.129760049559540347e-01 7.211325559558301279e+01
7.097955618257466570e-01 -1.152416652000600068e-02 -7.041413277338087751e-01 -3.978353329091621760e+01 -2.188099492238489499e-02 9.990229507223571392e-01 -3.839588280764091172e-02 -4.770815437202691633e+00 7.038956402705184301e-01 4.266466692305103531e-02 7.088498896468731214e-01 7.292331259268593158e+01
7.039978542984391963e-01 -1.373918414224541314e-02 -7.101099394899411665e-01 -4.061556533497328303e+01 -2.194452908189618856e-02 9.989146742951272584e-01 -4.107952104616376804e-02 -4.829912672700262810e+00 7.099041226025925022e-01 4.449641640614258875e-02 7.029322194266057755e-01 7.373600523995109768e+01
7.004063393551770433e-01 -1.549287117013153220e-02 -7.134479095974542995e-01 -4.144267672408245318e+01 -2.221812561233112160e-02 9.988066111844966510e-01 -4.350030422989765999e-02 -4.894400939312385290e+00 7.132699380625350249e-01 4.632757493299836243e-02 6.992262779950250140e-01 7.454207144758404979e+01
6.947102410250245441e-01 -1.632599109795827147e-02 -7.191270122241041340e-01 -4.229234769421648110e+01 -2.266067103232581245e-02 9.987494020456997301e-01 -4.456623261935301061e-02 -4.955715059134753631e+00 7.189552222437680662e-01 4.725602499145003382e-02 6.934714186739657782e-01 7.535054914111286450e+01
6.895661046448048337e-01 -1.573958124583561477e-02 -7.240882607760382728e-01 -4.315303412459766719e+01 -2.169238629027391008e-02 9.988664216427565190e-01 -4.237095108629906209e-02 -5.019303974936426549e+00 7.239342514350936009e-01 4.492651155613002628e-02 6.884429338602964243e-01 7.614897397923897415e+01
6.853326812118406552e-01 -1.648009887419332048e-02 -7.280462102214464437e-01 -4.401373725635868794e+01 -2.031107459750573774e-02 9.989223999384523323e-01 -4.172239829156405150e-02 -5.083698464825351593e+00 7.279493861907938568e-01 4.337884359687837338e-02 6.842594566609864204e-01 7.695456755887167333e+01
6.802824778222339441e-01 -1.731356790867207007e-02 -7.326663226144571883e-01 -4.489091127560940464e+01 -1.987570261447882056e-02 9.989175778245833470e-01 -4.205932535724958565e-02 -5.151399650031075694e+00 7.326011479325168496e-01 4.318007645285887319e-02 6.792019581318696764e-01 7.774844695822010010e+01
6.759848855692075498e-01 -1.759339458001102016e-02 -7.367802514079759835e-01 -4.577012482378618330e+01 -1.929347555846961521e-02 9.989497310897232918e-01 -4.155678204143414128e-02 -5.210973622250941517e+00 7.367375529889510499e-01 4.230581317778789319e-02 6.749353498480272773e-01 7.854063196613026321e+01
6.704652554869626746e-01 -1.881749050802214787e-02 -7.417050889749207121e-01 -4.665949177192038633e+01 -1.766610076117651473e-02 9.989899398069879144e-01 -4.131824217274322752e-02 -5.274969580705963779e+00 7.417332299161034648e-01 4.080918686285985031e-02 6.694555035967357792e-01 7.933598604816315003e+01
6.664914406354536247e-01 -2.013703496428131609e-02 -7.451894357334025720e-01 -4.755582247858847467e+01 -1.629425638798967860e-02 9.990028364109081460e-01 -4.157365441920891913e-02 -5.340020232550326540e+00 7.452830639079954800e-01 3.985938985019910064e-02 6.654986600416511466e-01 8.012722365943189118e+01
6.646663541053349222e-01 -2.353479691614476788e-02 -7.467080429999237712e-01 -4.846458805638199152e+01 -1.256261912788198508e-02 9.990102911607624536e-01 -4.266216696359209637e-02 -5.405625570150163206e+00 7.469731152236681604e-01 3.773640492786266287e-02 6.637128334173745259e-01 8.092297182416392332e+01
6.596107769547877586e-01 -2.736900879432542164e-02 -7.512212680630068196e-01 -4.937514863254150299e+01 -1.019739975550538330e-02 9.989188100526729119e-01 -4.536121720420405873e-02 -5.475387998567859960e+00 7.516507338040674391e-01 3.757920751987262747e-02 6.586185024014140632e-01 8.170993605492846257e+01
6.542917111961619181e-01 -3.136115962368465210e-02 -7.555619266675206447e-01 -5.028875895684221575e+01 -6.699321261636006532e-03 9.988601402092179837e-01 -4.726593718338842343e-02 -5.534016546113766033e+00 7.561828119627760358e-01 3.598972541239291861e-02 6.533357684714820035e-01 8.250119084810195602e+01
6.497103591200611428e-01 -3.577782940157072517e-02 -7.593627825624092997e-01 -5.122032696541922547e+01 -5.683798940799649445e-04 9.988687884110778459e-01 -4.754420857841815812e-02 -5.602415996881222604e+00 7.602046625570346716e-01 3.132753163368740684e-02 6.489547818168531768e-01 8.327044515544706371e+01
6.399523299226151929e-01 -3.941157704797405154e-02 -7.675003879993259615e-01 -5.215582775200144283e+01 4.530051831974352475e-03 9.988598547719161891e-01 -4.751522974427864476e-02 -5.677369963186531976e+00 7.684986192383136405e-01 2.692644008080673571e-02 6.394013162820313401e-01 8.405017099202643749e+01
6.328652361781790248e-01 -3.983212740911954569e-02 -7.732197531683296932e-01 -5.310005595266309797e+01 7.336644666700440319e-03 9.989393296223050278e-01 -4.546635699904343075e-02 -5.753418753281387410e+00 7.742106960098124047e-01 2.310234146122174675e-02 6.324863630401533765e-01 8.483273162160837444e+01
6.221386120110319329e-01 -3.975695557925007506e-02 -7.819199497139112109e-01 -5.407121996539937925e+01 9.053998702283037880e-03 9.990085007852099741e-01 -4.359558131240662965e-02 -5.814042747098818964e+00 7.828776364798440968e-01 2.004804368262326844e-02 6.218814683461838522e-01 8.559196531480381509e+01
6.123581211536092139e-01 -3.914689807586738818e-02 -7.896202822200398819e-01 -5.505871155856872434e+01 8.933477576330412645e-03 9.990520709641020902e-01 -4.258885401499231532e-02 -5.890382121227178303e+00 7.905397808877705490e-01 1.901937650025996990e-02 6.121273721599378437e-01 8.634002116743491229e+01
6.052428814721912964e-01 -4.039574747704054170e-02 -7.950202726546659049e-01 -5.603616768934328718e+01 8.204461216999523951e-03 9.989746970554214123e-01 -4.451521598752915948e-02 -5.953747121728842906e+00 7.960042669905468271e-01 2.040891340050219813e-02 6.049543126848507812e-01 8.708872567304339896e+01
5.933858361343834487e-01 -4.353944455960927218e-02 -8.038215792977191354e-01 -5.703914670429611533e+01 9.626025245362081206e-03 9.988484528579890664e-01 -4.700473754851206692e-02 -6.029277016609272621e+00 8.049425690538569711e-01 2.015670556276030409e-02 5.931216127257672444e-01 8.781245346563511589e+01
5.839161700719658343e-01 -4.356366578401001804e-02 -8.106446110980020103e-01 -5.805607068874331844e+01 8.471331375340899333e-03 9.988315420583333548e-01 -4.757010710442263063e-02 -6.098430541196419696e+00 8.117704277421728953e-01 2.090287583239026914e-02 5.836031293919177187e-01 8.853653867661304844e+01
5.742054113535857152e-01 -4.564234179441341299e-02 -8.174933235664871845e-01 -5.907758711432605025e+01 1.300309194712803706e-02 9.988266223208784877e-01 -4.664118331058110523e-02 -6.172847340408611494e+00 8.186640808778874456e-01 1.613716166669815905e-02 5.741261122300770348e-01 8.925506078635187635e+01
5.622625858528698117e-01 -4.448686957648094464e-02 -8.257742991054707327e-01 -6.011125120943666644e+01 1.395797382001670757e-02 9.989204928472488199e-01 -4.430785485434952237e-02 -6.243035841915267170e+00 8.268538830830098885e-01 1.339144341692362176e-02 5.622762604417272936e-01 8.995243884379301846e+01
5.528406964626468856e-01 -4.575066966406761415e-02 -8.321090052485939914e-01 -6.116176127751833036e+01 1.465879501418994833e-02 9.988714237011020458e-01 -4.518250198479034641e-02 -6.316886783229576530e+00 8.332370260543989771e-01 1.278800064575849951e-02 5.528869980689782304e-01 9.063706617444103131e+01
5.438307670843042230e-01 -4.647440761205845483e-02 -8.378216900917737631e-01 -6.222623965601020757e+01 1.341228251063992030e-02 9.988189930553031948e-01 -4.670628288268256767e-02 -6.397458931508600344e+00 8.390027595065753241e-01 1.415988353156004409e-02 5.438122607344163528e-01 9.132455763758642320e+01
5.326007126872528419e-01 -4.736859976150983864e-02 -8.449653973252652106e-01 -6.330795887743208539e+01 1.311194797381885248e-02 9.987751319485408397e-01 -4.771764461314208922e-02 -6.469877210412257718e+00 8.461900370815297334e-01 1.434550806941402128e-02 5.325686739303379102e-01 9.198782704677337563e+01
5.236757969882682717e-01 -4.724879620596710711e-02 -8.506274594707698977e-01 -6.437589424296183438e+01 1.127948067640425003e-02 9.987578473836226101e-01 -4.853294999655592690e-02 -6.542982143509830983e+00 8.518640907534638096e-01 1.582156248207417307e-02 5.235583128157620392e-01 9.263778900172307829e+01
5.127209303596550471e-01 -4.733761760349125547e-02 -8.572999853817626636e-01 -6.547012878535775826e+01 1.029465050518648186e-02 9.987460422556457829e-01 -4.897481095577493199e-02 -6.624852082637173289e+00 8.585443394773341064e-01 1.627726447044839167e-02 5.125652029256234643e-01 9.327885601349719025e+01
