1.0 0.0 0.0 0.0 0.0 1.0 0.0 0.0 0.0 0.0 1.0 0.0
0.99993336 0.011452439 0.0014494449 0.30004883 -0.01144868 0.99993116 -0.002575718 -0.011962891 -0.0014788449 0.0025589538 0.99999565 -0.0024414062
0.9998344 0.018154116 0.0011651148 0.5860596 -0.018147042 0.99981827 -0.0058206758 -0.02722168 -0.0012706087 0.0057985624 0.99998236 0.00036621094
0.9997959 0.020200359 -1.77736e-05 0.8925781 -0.020199789 0.99976027 -0.008442578 -0.033447266 -0.00015285262 0.008441214 0.99996436 0.009399414
0.99981225 0.019331673 -0.0013970104 1.1982422 -0.01934372 0.9997707 -0.009195993 -0.038330078 0.00121898 0.009221289 0.9999567 0.0015869141
0.9999185 0.012489543 -0.0026384438 1.5146484 -0.012520688 0.99984795 -0.012140438 -0.044555664 0.0024864678 0.012172481 0.9999229 0.0031738281
0.9999909 0.00024326675 -0.004268339 1.8344727 -0.00029871165 0.9999155 -0.012999431 -0.037353516 0.004264815 0.013000588 0.9999064 0.016479492
0.9998494 -0.016849758 -0.0041465266 2.1623535 0.016800685 0.99979156 -0.011594147 -0.022338867 0.004341062 0.011522689 0.9999242 0.015991211
0.999401 -0.034313638 -0.004482197 2.5111084 0.034273643 0.9993744 -0.008716885 0.0032958984 0.0047784434 0.008558033 0.99995196 0.013061523
0.99848324 -0.05475669 -0.005747525 2.8668213 0.054730687 0.99849063 -0.004588248 0.03845215 0.005990066 0.00426674 0.99997294 0.020996094
0.9972416 -0.073965825 -0.006230495 3.2299805 0.07395008 0.99725854 -0.0027213509 0.07531738 0.0064147003 0.0022531445 0.9999769 0.026000977
0.99531215 -0.09653293 -0.0056819594 3.6086426 0.0965086 0.9953209 -0.004413097 0.115234375 0.006081432 0.0038440283 0.99997413 0.022705078
0.9933339 -0.11515215 -0.0046486375 3.9962158 0.115120634 0.9933267 -0.006559697 0.17175293 0.00537318 0.0059808115 0.9999677 0.03125
0.99102396 -0.13361412 -0.004105562 4.390869 0.13359076 0.99102026 -0.005518626 0.23352051 0.00480591 0.004920444 0.99997634 0.033569336
0.9887467 -0.149558 -0.0038514545 4.810791 0.1495396 0.98874587 -0.0046884557 0.31274414 0.0045093284 0.004059757 0.9999816 0.039794922
0.98688215 -0.161431 -0.0037304135 5.2319336 0.16142093 0.98688674 -0.0028587428 0.39575195 0.004142882 0.0022191158 0.999989 0.04675293
0.98456115 -0.17496683 -0.0042079706 5.6748047 0.17494433 0.98456025 -0.0052274214 0.47937012 0.005057974 0.0044102524 0.99997747 0.050048828
0.9826255 -0.18547238 -0.0062520443 6.1223145 0.185418 0.9826199 -0.008382477 0.55700684 0.007698111 0.007077464 0.99994534 0.06359863
0.9814464 -0.1915298 -0.00781358 6.5825195 0.19147015 0.98145825 -0.0077844574 0.6541748 0.009159943 0.006143714 0.9999392 0.06323242
0.9798195 -0.1996257 -0.009875996 7.062866 0.19955808 0.9798549 -0.0074251783 0.7611084 0.011159425 0.005304498 0.99992365 0.06311035
0.9783818 -0.20644821 -0.012366465 7.5496826 0.20636128 0.97844595 -0.0079499595 0.8675537 0.013741116 0.0052267807 0.99989194 0.06945801
0.97660977 -0.21457647 -0.0139079215 8.057495 0.21441941 0.9766701 -0.01195879 0.9803467 0.016149098 0.008697031 0.9998317 0.07165527
0.97473985 -0.22296725 -0.013437323 8.574097 0.22271991 0.97472775 -0.017741678 1.0899658 0.01705231 0.014301194 0.9997523 0.091552734
0.97294146 -0.23053421 -0.015121236 9.100586 0.23024216 0.97294533 -0.018856484 1.2114258 0.019059421 0.014865205 0.9997079 0.10852051
0.9708882 -0.23860236 -0.021020835 9.636353 0.23833156 0.9710722 -0.014599426 1.3626709 0.023896549 0.009165079 0.9996724 0.10473633
0.9690273 -0.24565782 -0.024957847 10.180176 0.24541977 0.9693317 -0.012235657 1.5185547 0.02719919 0.0057306625 0.99961346 0.118774414
0.9663728 -0.25573757 -0.02641504 10.746094 0.255429 0.9667062 -0.014521076 1.6678467 0.0292494 0.007284719 0.9995456 0.13635254
0.96388817 -0.26481524 -0.027822644 11.315308 0.26443776 0.96425146 -0.016533632 1.8287354 0.03120729 0.008578388 0.999476 0.15917969
0.96197045 -0.2713135 -0.031121213 11.900635 0.27092507 0.96244705 -0.016164795 1.9979248 0.03434026 0.0071197045 0.9993852 0.1772461
0.9590839 -0.2809431 -0.034957863 12.493652 0.28056866 0.9597082 -0.01529065 2.177124 0.037846215 0.0048583914 0.99927205 0.19604492
0.95698684 -0.28751352 -0.039044227 13.088989 0.287049 0.95776933 -0.017141106 2.3684082 0.04232329 0.0051946673 0.9990901 0.2232666
0.95488167 -0.29328844 -0.04677921 13.704102 0.2927627 0.9560204 -0.017869703 2.5646973 0.04996413 0.0033707847 0.99874574 0.25280762
0.9533465 -0.29677355 -0.055064116 14.328003 0.2961894 0.954934 -0.0186722 2.7644043 0.05812472 0.0014898144 0.9983082 0.28271484
0.9515934 -0.30051664 -0.06445826 14.96875 0.29996565 0.9537721 -0.018289581 2.9716797 0.06697549 -0.001931739 0.99775267 0.32336426
0.9497202 -0.3041446 -0.074582726 15.615723 0.30365235 0.9526285 -0.018121356 3.1862793 0.076561935 -0.005432005 0.9970502 0.36364746
0.94800425 -0.3075206 -0.082094885 16.27417 0.30718866 0.95150757 -0.016958078 3.411499 0.0833285 -0.009137256 0.9964809 0.4173584
0.9455386 -0.3129796 -0.08947009 16.940063 0.31284094 0.94967264 -0.0159372 3.642212 0.08995403 -0.012914675 0.99586374 0.47338867
0.94353205 -0.31685653 -0.096556686 17.622437 0.31698522 0.94830835 -0.0144185815 3.8841553 0.09613337 -0.01700991 0.995222 0.5350342
0.94171214 -0.32038635 -0.10289295 18.308105 0.32085243 0.9470755 -0.012435334 4.135498 0.10143049 -0.021288913 0.9946165 0.60339355
0.93964267 -0.32491806 -0.10744574 19.006226 0.32581636 0.9454103 -0.009578854 4.3988037 0.10469129 -0.026004855 0.99416286 0.67578125
0.93735206 -0.33052975 -0.10999054 19.722412 0.33162916 0.9433604 -0.00868967 4.6500244 0.10663078 -0.028342046 0.99389184 0.75231934
0.9352184 -0.3366371 -0.109554216 20.448608 0.3378208 0.9411546 -0.008143121 4.922241 0.10584733 -0.029401815 0.99394697 0.83691406
0.93333215 -0.34233317 -0.10797246 21.176514 0.34354854 0.93908083 -0.007719299 5.2003174 0.10403991 -0.02989499 0.99412423 0.91833496
0.9313464 -0.3483194 -0.10602647 21.914307 0.34949607 0.9368915 -0.007880215 5.4821777 0.10208061 -0.029722456 0.99433154 1.0037842
0.92905354 -0.35527873 -0.10323922 22.652222 0.35639706 0.9343112 -0.008031652 5.767578 0.099310115 -0.0293274 0.9946247 1.0881348
0.9249797 -0.3671427 -0.09821421 23.42627 0.36845642 0.92964524 -0.005067786 6.080078 0.09316492 -0.03149421 0.99515307 1.1645508
0.92260695 -0.3743091 -0.093423136 24.172852 0.37570474 0.9267565 -0.0028363455 6.397461 0.08764316 -0.03247955 0.995622 1.2485352
0.91934645 -0.38278177 -0.090910725 24.931152 0.38437623 0.92316794 3.810157e-05 6.7230225 0.08391389 -0.034980394 0.9958592 1.3220215
0.9165249 -0.38971418 -0.08975872 25.70337 0.3913685 0.920207 0.00089600007 7.0617676 0.08224531 -0.035954587 0.9959631 1.3962402
0.9124425 -0.39937985 -0.08945128 26.478638 0.4011785 0.9160277 0.0023384618 7.4093018 0.08100479 -0.038010415 0.99598897 1.4703369
0.9087424 -0.40778106 -0.089009225 27.256714 0.40956828 0.912291 0.0019877949 7.765747 0.080389135 -0.038268168 0.99602675 1.5383301
0.90489256 -0.4165626 -0.08774604 28.046265 0.418371 0.90830255 0.002467022 8.135864 0.07867447 -0.038935967 0.9961401 1.6101074
0.9015891 -0.42414618 -0.08509479 28.84253 0.42588878 0.90477335 0.002584657 8.517822 0.075893044 -0.03856682 0.99637014 1.6837158
0.89824003 -0.4319542 -0.08119617 29.640625 0.43352738 0.9011448 0.0019499725 8.909546 0.07232761 -0.036949877 0.9966964 1.7487793
0.8947158 -0.4401395 -0.07613997 30.454224 0.4416936 0.8971776 0.0040320186 9.314819 0.06653611 -0.037235882 0.99708873 1.8118896
0.8919552 -0.44654003 -0.071020976 31.271729 0.44792473 0.89407724 0.0040515973 9.730469 0.061689682 -0.035427153 0.997466 1.8792725
0.8878971 -0.45488128 -0.06919752 32.093994 0.4562534 0.88987505 0.004619075 10.158936 0.059482723 -0.035666503 0.9975927 1.9449463
0.88562846 -0.4594148 -0.06771285 32.92334 0.46070892 0.88753194 0.004011615 10.596436 0.058255896 -0.034739494 0.99769825 2.003296
0.8827418 -0.4651165 -0.06623143 33.764282 0.46632063 0.8845827 0.0031205735 11.046875 0.057137374 -0.033636726 0.99780035 2.053833
0.87909704 -0.47226584 -0.06393076 34.613647 0.47337878 0.8808178 0.0025912197 11.513062 0.055087026 -0.03254666 0.99795085 2.1120605
0.87727284 -0.4756824 -0.0640424 35.468018 0.4767051 0.8790534 0.0007919159 11.980225 0.055923626 -0.031227093 0.99794674 2.1729736
0.87531054 -0.4792975 -0.06350737 36.33557 0.48027816 0.8770749 0.00020616874 12.463257 0.055605624 -0.03068644 0.9979814 2.229248
0.87365454 -0.48230076 -0.06401716 37.209473 0.4833431 0.8754215 0.0009135946 12.953735 0.055602375 -0.03174106 0.99794847 2.279663
0.87358826 -0.48251745 -0.06391121 38.09668 0.48351857 0.87537146 0.00022044731 13.451172 0.05583697 -0.031093527 0.997955 2.3410645
0.8737209 -0.48254946 -0.061720703 38.996094 0.48349524 0.87537676 0.0004431256 13.958008 0.05381399 -0.030227583 0.99809307 2.3985596
0.8732846 -0.48353264 -0.060501263 39.91394 0.48437425 0.8749121 -0.0008564902 14.480591 0.053347643 -0.028551457 0.9981678 2.4588623
0.87285316 -0.48417762 -0.060102835 40.824463 0.4849093 0.87451035 -0.0027223164 14.996582 0.053880714 -0.026773952 0.99818856 2.517212
0.8716121 -0.48640078 -0.060211696 41.75769 0.487103 0.87329125 -0.0034022043 15.526001 0.054237604 -0.026368331 0.9981799 2.578125
0.8703068 -0.4891023 -0.058227584 42.693237 0.4897529 0.8718808 -0.0035021594 16.057007 0.052476943 -0.025469154 0.9982968 2.6341553
0.86742705 -0.4945972 -0.053948972 43.6261 0.49513602 0.8687877 -0.003809509 16.595093 0.048756134 -0.02340894 0.9985365 2.6983643
0.8659077 -0.49773875 -0.04903043 44.565063 0.4981544 0.86704576 -0.0042189052 17.129517 0.044609305 -0.02077382 0.99878836 2.758789
0.8623184 -0.5041197 -0.047291808 45.469116 0.5045197 0.8633716 -0.0039361026 17.675415 0.04281397 -0.020466631 0.9988735 2.8125
0.85659546 -0.51379627 -0.04773269 46.394165 0.5140932 0.8577195 -0.006765854 18.22815 0.044420317 -0.018740322 0.9988375 2.875
0.8513104 -0.522316 -0.05014631 47.3114 0.52250034 0.85260934 -0.010405055 18.785034 0.04818825 -0.017337075 0.998688 2.933838
0.84438556 -0.5333902 -0.049268484 48.22168 0.5335829 0.8456383 -0.010259761 19.36621 0.047134325 -0.017630443 0.9987327 2.9805908
0.8388451 -0.5422917 -0.045612108 49.128418 0.54255015 0.8398831 -0.0075902487 19.955566 0.0424274 -0.018388247 0.9989303 3.0335693
0.8347135 -0.5489516 -0.042374272 50.03003 0.54928565 0.8355574 -0.0043558613 20.55896 0.037798572 -0.019642534 0.9990923 3.0965576
0.8301088 -0.5557518 -0.045015905 50.92334 0.5561774 0.8310359 -0.0035945973 21.163696 0.039409112 -0.022051727 0.99898 3.1433105
0.8269206 -0.5601004 -0.048959006 51.806396 0.56054807 0.82804835 -0.0053387876 21.770386 0.043533154 -0.023029486 0.99878675 3.1938477
0.8239315 -0.56387544 -0.056231305 52.683838 0.5643833 0.82546335 -0.007921776 22.381348 0.050881986 -0.025210598 0.9983862 3.255127
0.82053816 -0.568706 -0.057397734 53.564697 0.5692524 0.8221275 -0.0079389755 23.003418 0.051699646 -0.026163142 0.9983193 3.3104248
0.8183932 -0.57218564 -0.05424624 54.44287 0.57271487 0.81979185 -0.006766435 23.625 0.048341498 -0.02552531 0.99850476 3.3746338
0.8148778 -0.5776057 -0.048450705 55.32544 0.5780978 0.8159559 -0.0045788414 24.263794 0.042175815 -0.024278298 0.998815 3.430542
0.81127316 -0.58282477 -0.0464871 56.199463 0.58334947 0.81222254 -0.0027512005 24.906494 0.039359227 -0.024881653 0.99891543 3.4760742
0.8092818 -0.58538574 -0.047891136 57.078613 0.58599627 0.8102548 -0.0015777522 25.535278 0.039728016 -0.026790062 0.9988515 3.5317383
0.8046821 -0.59161043 -0.048795577 57.950928 0.5921737 0.805739 -0.0035221968 26.185303 0.041400775 -0.026066665 0.99880254 3.5803223
0.8010714 -0.59649676 -0.05062935 58.821777 0.5970723 0.80222875 -0.004530716 26.83545 0.043319065 -0.026590653 0.9987077 3.6418457
0.7976906 -0.6009898 -0.049998686 59.69214 0.6014878 0.79885846 -0.006089594 27.495605 0.043603294 -0.025219796 0.9987305 3.685913
0.7928912 -0.6075133 -0.049233273 60.546143 0.6079711 0.7940391 -0.006791999 28.180298 0.04321692 -0.024537964 0.99876434 3.7373047
0.7882503 -0.61341137 -0.04758875 61.410645 0.61385 0.78931755 -0.0064939754 28.850586 0.041548382 -0.02409385 0.9988462 3.7946777
0.78279185 -0.6202896 -0.04824292 62.27466 0.6207176 0.78390396 -0.0073561585 29.536987 0.042381186 -0.024193762 0.99880844 3.8535156
0.777252 -0.6274557 -0.04891208 63.125977 0.62784255 0.778427 -0.008922211 30.233643 0.04366829 -0.02376674 0.99876314 3.907837
0.77249163 -0.63320136 -0.04882839 63.983154 0.63351405 0.7737025 -0.010754975 30.934082 0.044588506 -0.022620106 0.9987495 3.9591064
0.7660216 -0.64080405 -0.049400657 64.826904 0.6411363 0.76725847 -0.010895457 31.650879 0.044884954 -0.023335988 0.9987193 4.0161133
0.76095974 -0.6467458 -0.049444254 65.67163 0.6469749 0.7622525 -0.013387775 32.371094 0.04635025 -0.02180995 0.99868715 4.0736084
0.7546919 -0.6542522 -0.049040906 66.51904 0.65441275 0.75599766 -0.014942782 33.110596 0.0468516 -0.020821523 0.9986845 4.132202
0.7479405 -0.6621187 -0.0467484 67.35693 0.6622559 0.7491349 -0.014719471 33.85437 0.04476356 -0.01995543 0.99879783 4.1845703
0.74243945 -0.6684363 -0.04508661 68.18408 0.6685019 0.7435799 -0.015821531 34.6073 0.044101704 -0.018394025 0.9988577 4.250122
0.7352021 -0.6764109 -0.04494947 69.02075 0.6763944 0.73637265 -0.01788786 35.375977 0.045197137 -0.017247567 0.99882925 4.307617
0.7292896 -0.68277395 -0.0456179 69.8479 0.68275356 0.7305012 -0.018452823 36.15161 0.045921247 -0.017687228 0.99878824 4.3669434
0.7238558 -0.6885222 -0.046337605 70.66577 0.6885155 0.72510445 -0.01865347 36.941162 0.046437774 -0.018400386 0.99875134 4.4228516
0.7181168 -0.69452256 -0.044891305 71.48926 0.6945275 0.71928823 -0.018039279 37.749023 0.044813413 -0.018226821 0.9988286 4.4796143
0.71296287 -0.6996533 -0.04523094 72.30347 0.69966847 0.71415055 -0.018139519 38.55078 0.044995222 -0.018710278 0.9988123 4.5394287
0.70883447 -0.70366997 -0.046472594 73.1167 0.70370734 0.71008277 -0.018335283 39.374634 0.045903813 -0.01971632 0.99875116 4.6011963
0.70292246 -0.70966387 -0.04831916 73.933105 0.7096396 0.70430386 -0.02063115 40.202515 0.048672803 -0.019791512 0.9986184 4.6607666
0.6992204 -0.7130165 -0.050157335 74.74219 0.7129466 0.70072895 -0.022430915 41.026367 0.051143076 -0.02007567 0.99848986 4.72583
0.69346666 -0.7186971 -0.05109618 75.55444 0.71861124 0.6950435 -0.023344412 41.87207 0.052290753 -0.020528648 0.9984209 4.78833
0.68843925 -0.7236888 -0.048772354 76.35669 0.7235932 0.6898872 -0.022836952 42.729126 0.050170664 -0.019566488 0.998549 4.85437
0.6842617 -0.7277075 -0.047230933 77.16577 0.727551 0.68564904 -0.02364051 43.586426 0.049583968 -0.018192507 0.9986038 4.9206543
0.6792078 -0.73235804 -0.04703843 77.96338 0.7321625 0.68060243 -0.024544843 44.45996 0.049991574 -0.01776819 0.9985918 4.9901123
0.67494375 -0.73649776 -0.046170145 78.75903 0.7362781 0.67630273 -0.024887811 45.335815 0.049551085 -0.017193092 0.9986235 5.051758
0.66947216 -0.741495 -0.04468026 79.55835 0.7411963 0.67078036 -0.026191304 46.221436 0.04939089 -0.015577655 0.9986582 5.117798
0.6655232 -0.74504364 -0.04373578 80.35303 0.74466956 0.6668065 -0.027567204 47.114502 0.049702507 -0.014215346 0.99866325 5.1848145
0.6637579 -0.74672663 -0.041621104 81.15161 0.74615705 0.6649792 -0.030993281 48.020508 0.050821453 -0.0104894675 0.99865234 5.2521973
0.658682 -0.7513901 -0.04147627 81.94238 0.7506232 0.65993613 -0.03489667 48.927246 0.05359325 -0.00813872 0.99853 5.323242
0.65342176 -0.75591236 -0.039896853 82.73755 0.75492203 0.6546218 -0.038961954 49.83716 0.05557286 -0.004657021 0.9984441 5.383423
0.6490726 -0.75993234 -0.035246845 83.51074 0.7586911 0.6500274 -0.043448623 50.765137 0.055921126 0.0014625285 0.99843395 5.4542236
0.6395476 -0.76822907 -0.030857496 84.29614 0.7668039 0.64025855 -0.047221564 51.695557 0.056028627 0.0065362994 0.99840736 5.531616
0.6326445 -0.7739541 -0.027034901 85.083496 0.772536 0.6331527 -0.04774404 52.635742 0.05407632 0.009325896 0.99849373 5.61084
0.6220478 -0.7826348 -0.023981135 85.84863 0.7812504 0.6224123 -0.04781791 53.60205 0.052347984 0.011015886 0.9985685 5.6749268
0.6122943 -0.79030615 -0.022949573 86.602295 0.7889618 0.61262846 -0.047338814 54.58496 0.0514666 0.010867772 0.9986148 5.7546387
0.6051249 -0.79576415 -0.024339452 87.35547 0.7943377 0.6055297 -0.04867656 55.558594 0.053480923 0.010114103 0.9985173 5.8203125
0.5933102 -0.8046954 -0.024089232 88.08545 0.8030974 0.5936876 -0.051971894 56.556396 0.05611946 0.01149475 0.99835813 5.8983154
0.5837909 -0.8115248 -0.02482887 88.81494 0.809915 0.58422804 -0.052114993 57.56909 0.056799192 0.010307245 0.9983319 5.970703
0.5743391 -0.818428 -0.020061225 89.53931 0.8167563 0.5744983 -0.054324966 58.58618 0.05599498 0.014807208 0.99832076 6.04895
0.5624926 -0.82663405 -0.017301958 90.243164 0.8250623 0.5625391 -0.05332532 59.615234 0.05380763 0.015722457 0.9984276 6.123657
0.5531132 -0.8330177 -0.01669177 90.93335 0.83138084 0.55312246 -0.054706622 60.66162 0.054794963 0.01638766 0.99836344 6.201172
0.5440397 -0.8387805 -0.018052971 91.62622 0.83707595 0.5441291 -0.055536807 61.722168 0.056420807 0.01510373 0.9982932 6.2852783
0.53280187 -0.8459684 -0.018225584 92.295654 0.8442048 0.53290945 -0.05656688 62.79956 0.057561602 0.014758164 0.9982332 6.3616943
0.52378756 -0.8516425 -0.019688834 92.95093 0.8498605 0.5239989 -0.05655268 63.86377 0.058477387 0.012889356 0.9982055 6.438843
0.5127948 -0.8583256 -0.020127352 93.598145 0.85652804 0.5130534 -0.056771938 64.95386 0.059042297 0.011858987 0.99818397 6.5251465
0.50372666 -0.86364305 -0.019368488 94.24194 0.86197585 0.50398195 -0.054728683 66.055176 0.057022702 0.0108697275 0.9983135 6.6033936
0.4978151 -0.86729735 -0.01573121 94.87695 0.86574584 0.49789438 -0.053448014 67.16406 0.054179132 0.012985268 0.9984465 6.68396
0.48707974 -0.87320566 -0.015182703 95.49219 0.8716315 0.48714083 -0.054010876 68.28491 0.054562718 0.013073094 0.9984249 6.7617188
0.4808615 -0.87652516 -0.014836221 96.12329 0.87480146 0.48087668 -0.05679124 69.410645 0.05691885 0.01433683 0.99827635 6.845459
0.47314852 -0.88090146 -0.013118428 96.731445 0.8789756 0.47301874 -0.06068918 70.531494 0.059667394 0.01717225 0.99806994 6.927368
0.46638426 -0.88454705 -0.012066886 97.326904 0.88245356 0.46614954 -0.06373764 71.66553 0.06201054 0.019079842 0.99789345 7.0059814
0.462781 -0.8864595 -0.012377228 97.92334 0.88415253 0.46251115 -0.066974014 72.80249 0.06510371 0.020055491 0.9976775 7.0943604
0.45830223 -0.88875043 -0.01056258 98.52295 0.8864754 0.45792514 -0.06705149 73.94092 0.064430155 0.021378174 0.997694 7.1938477
0.45317847 -0.89142346 -0.005696537 99.108154 0.8893251 0.4525338 -0.065990284 75.08179 0.061386354 0.024839805 0.9978048 7.2840576
0.45085 -0.89273787 -0.00029804092 99.68384 0.89089704 0.4499416 -0.06403781 76.2251 0.057297807 0.028602708 0.9979472 7.372925
0.44685143 -0.8945354 0.00093466835 100.25171 0.89279866 0.44591808 -0.062754504 77.36499 0.055729058 0.02887971 0.99802846 7.4622803
0.4448562 -0.89557767 0.0030550095 100.81494 0.89393055 0.44382617 -0.062244814 78.49878 0.05437144 0.030426309 0.9980574 7.545166
0.4428718 -0.89652675 0.005936031 101.37451 0.8949983 0.44170904 -0.061666865 79.63135 0.05265784 0.032619424 0.99807954 7.62854
0.4388112 -0.89858377 0.006223909 101.91968 0.89712197 0.43767825 -0.06047578 80.75195 0.05161507 0.032129504 0.9981506 7.7070312
0.4373492 -0.89940023 0.010222824 102.46997 0.8979975 0.43596312 -0.061928116 81.86597 0.051232617 0.036258005 0.9980281 7.7888184
0.43378899 -0.9008269 0.01291737 103.00952 0.8995103 0.43226466 -0.062097814 82.97876 0.05037084 0.038551264 0.99798584 7.8618164
0.43282464 -0.90121865 0.016493931 103.54224 0.9001154 0.4311844 -0.0606491 84.09131 0.04755129 0.041112844 0.9980232 7.9382324
0.43237197 -0.90156895 0.01864668 104.06836 0.9006026 0.4306749 -0.059610166 85.19385 0.045717668 0.042569786 0.99804705 8.0095215
0.42980438 -0.9026947 0.02042343 104.585205 0.90174574 0.42797658 -0.06079025 86.269775 0.046151385 0.044540696 0.9979406 8.082153
0.42773023 -0.90349245 0.021929797 105.099365 0.90259975 0.4258277 -0.060978714 87.34619 0.04576147 0.04588962 0.9978984 8.156372
0.42924318 -0.90288997 0.021037819 105.60474 0.9018621 0.427286 -0.063045576 88.41919 0.047930032 0.04603558 0.9977893 8.229736
0.4287351 -0.90329605 0.020064317 106.08594 0.90222347 0.42682588 -0.063014634 89.46948 0.04836268 0.04511027 0.9978101 8.302368
0.43128818 -0.90224963 0.018032894 106.57861 0.9010897 0.42947176 -0.063088104 90.5188 0.049169045 0.043461103 0.99784476 8.371948
0.43589982 -0.89997464 0.015057096 107.06128 0.89870936 0.4342351 -0.06284085 91.552 0.050024405 0.040915 0.9979089 8.443115
0.43995547 -0.8979838 0.01311898 107.55493 0.896632 0.43837133 -0.063151345 92.572754 0.050953332 0.039530993 0.9979173 8.515747
0.44786027 -0.8939973 0.011555312 108.055176 0.89262134 0.44636035 -0.06271815 93.59424 0.050912857 0.038407985 0.9979645 8.590332
0.4529384 -0.89140713 0.010819387 108.55469 0.8900808 0.45151994 -0.061342914 94.59277 0.049801778 0.037414707 0.99805796 8.654175
0.45927373 -0.8882128 0.009893639 109.06177 0.88692445 0.4579381 -0.06007606 95.600586 0.048840243 0.036365457 0.99814415 8.721069
0.4710228 -0.88206804 0.008275896 109.5813 0.88076663 0.46977028 -0.059516944 96.58789 0.04859602 0.03532001 0.9981936 8.791016
0.47824317 -0.87814146 0.007365437 110.10156 0.8768416 0.47703946 -0.05903174 97.569336 0.04834091 0.03469615 0.99822825 8.855469
0.49003488 -0.8715177 0.0061235297 110.63867 0.87015533 0.4888488 -0.059770092 98.54346 0.049105145 0.034625612 0.9981938 8.917847
0.49920705 -0.86646396 0.0021596882 111.17651 0.864947 0.498182 -0.06045211 99.50195 0.051301323 0.0320522 0.9981692 8.983643
0.5123602 -0.8587716 -0.0018438096 111.72876 0.85710347 0.51149684 -0.061239127 100.44531 0.053526208 0.02979314 0.99812174 9.052124
0.52330977 -0.85210556 -0.004399261 112.29614 0.8505129 0.5226346 -0.058625758 101.392334 0.052256353 0.026931848 0.9982702 9.119873
0.53582424 -0.8444408 -0.0049717086 112.86743 0.8429581 0.5352152 -0.05637053 102.322754 0.050262183 0.026010603 0.9983972 9.183594
0.54978836 -0.8353908 -0.0054821516 113.46289 0.8340124 0.5492366 -0.054192927 103.24463 0.048281856 0.025223542 0.99851537 9.251343
0.5591808 -0.82895726 -0.00652556 114.05322 0.82758707 0.5586784 -0.053597152 104.139404 0.04809011 0.024565935 0.9985407 9.317871
0.57163525 -0.8205606 -0.007116375 114.66333 0.81919044 0.57114387 -0.05346409 105.02783 0.04793613 0.024739707 0.99854445 9.378662
0.58233404 -0.81302804 -0.00794148 115.28833 0.81159186 0.5818382 -0.054518815 105.90405 0.04894364 0.025292072 0.99848056 9.440918
0.59292054 -0.8052509 -0.0074393544 115.90576 0.8037306 0.5923248 -0.05664753 106.75366 0.050009407 0.027607612 0.9983671 9.505859
0.6036102 -0.7971543 -0.008338355 116.5354 0.79569256 0.60307944 -0.055116497 107.59497 0.048976604 0.0266358 0.9984449 9.575195
0.6152666 -0.7882654 -0.0074279634 117.17334 0.7868879 0.6147005 -0.054043174 108.4353 0.0471735 0.027405988 0.9985107 9.630615
0.62447095 -0.781091 -0.005875384 117.81201 0.7799041 0.6239048 -0.050933737 109.23901 0.04344374 0.027228918 0.99868494 9.692261
0.6343286 -0.7730785 -0.0064004636 118.467285 0.771954 0.633814 -0.049308393 110.03711 0.04217026 0.026339682 0.9987633 9.755981
0.6437699 -0.76519877 -0.009970679 119.10034 0.7640289 0.64341617 -0.048403956 110.81909 0.043458648 0.023542019 0.99877775 9.811157
0.6528971 -0.75722873 -0.012497934 119.75391 0.7560394 0.65265757 -0.04764222 111.58911 0.04423154 0.021661423 0.9987868 9.862793
0.6639482 -0.7475735 -0.013325041 120.413574 0.7463754 0.6637306 -0.04750841 112.343506 0.044361614 0.021601152 0.9987823 9.918823
0.67153114 -0.7407377 -0.012801895 121.07153 0.7396411 0.671323 -0.04547304 113.072266 0.04227768 0.021068262 0.9988839 9.972656
0.6806025 -0.7326137 -0.011739506 121.73389 0.73161995 0.6803778 -0.043574996 113.79761 0.039906573 0.021066843 0.9989812 10.021851
0.68875915 -0.7249039 -0.01095346 122.40845 0.7239731 0.6885169 -0.04244944 114.50757 0.03831541 0.021299489 0.9990382 10.079102
0.6958011 -0.71803564 -0.0125359185 123.066895 0.7171026 0.6956255 -0.041732643 115.19873 0.038681988 0.02005144 0.9990506 10.129028
0.70487154 -0.7092382 -0.012879926 123.74609 0.70838666 0.70474184 -0.03943529 115.88794 0.037053023 0.018670201 0.9991387 10.175903
0.7105056 -0.70348644 -0.012216892 124.41089 0.7027398 0.71039194 -0.03688556 116.56128 0.034634616 0.017623134 0.99924475 10.218384
0.7177381 -0.6962397 -0.011366947 125.07837 0.6956016 0.71763664 -0.034097172 117.22461 0.031901114 0.016570114 0.9993538 10.265137
0.7264813 -0.6870663 -0.010943865 125.75488 0.6864864 0.72638553 -0.03249227 117.871826 0.030273333 0.016094986 0.9994122 10.307373
0.733112 -0.6799054 -0.011427498 126.413086 0.6793609 0.7330472 -0.031078072 118.49805 0.029507656 0.015019746 0.9994517 10.34729
0.740354 -0.6721474 -0.0128533505 127.076416 0.6716536 0.74035853 -0.028674576 119.11792 0.028785445 0.012594194 0.9995061 10.381592
0.7511862 -0.65986574 -0.011045963 127.75586 0.65945923 0.7511638 -0.026307127 119.71094 0.02565971 0.012473293 0.99959284 10.4279785
0.75889516 -0.65096575 -0.011117719 128.41821 0.6506709 0.75892097 -0.021641929 120.28882 0.022528503 0.009188111 0.9997039 10.45459
0.76979387 -0.63824064 -0.010707605 129.09766 0.63800114 0.7698272 -0.0192116 120.86084 0.020502431 0.007957566 0.99975806 10.492676
0.7787869 -0.627085 -0.011870119 129.75244 0.6268335 0.77884024 -0.019316413 121.403564 0.021359801 0.007600086 0.9997429 10.5217285
0.78823096 -0.6153661 -0.0130429305 130.42578 0.6150885 0.7883004 -0.020050043 121.930176 0.022617629 0.0077833543 0.9997139 10.550171
0.7991961 -0.6008244 -0.013454162 131.11816 0.6005723 0.7992797 -0.0187106 122.454834 0.021997306 0.0068718847 0.99973434 10.572876
0.80853647 -0.5884709 -0.012583963 131.79028 0.5882504 0.80860656 -0.017446868 122.96338 0.020438157 0.0067072473 0.9997687 10.60144
0.8187062 -0.57412773 -0.010380993 132.4961 0.5739655 0.8187473 -0.015062479 123.46069 0.017145269 0.006371772 0.99983263 10.628174
0.8280094 -0.5606413 -0.009158061 133.18701 0.56050813 0.8280367 -0.013705031 123.94409 0.015268303 0.0062148375 0.99986404 10.645752
0.83694035 -0.54722345 -0.0064312955 133.89331 0.547131 0.83693993 -0.01197849 124.41431 0.01193709 0.0065053394 0.9999075 10.668579
0.84467214 -0.53525424 -0.0039952956 134.62012 0.5351872 0.84464985 -0.011196035 124.87378 0.00936937 0.007318523 0.9999292 10.694824
0.85073966 -0.52551293 -0.0023830724 135.3374 0.5254575 0.85070145 -0.011362324 125.31323 0.0079993475 0.008413509 0.9999325 10.712036
0.85811716 -0.51354504 -0.0016191741 136.06299 0.51349735 0.858073 -0.011286777 125.75415 0.0071844207 0.008853635 0.9999349 10.720215
0.8655609 -0.50080425 -0.0014081337 136.82275 0.5007739 0.8655336 -0.00891871 126.197266 0.005686269 0.007014018 0.9999592 10.746094
0.87094957 -0.49125543 -0.0014303485 137.5481 0.49123266 0.8709312 -0.0075136404 126.61841 0.004937847 0.0058412803 0.9999707 10.753906
0.8775598 -0.4796077 -0.0012314217 138.31348 0.47959238 0.8775475 -0.0061624898 127.05054 0.00403543 0.0048175873 0.9999802 10.760376
0.8832258 -0.46893308 -0.0022939239 139.06348 0.46890983 0.88321537 -0.0067577343 127.45068 0.005194471 0.004893163 0.9999744 10.77417
0.88824403 -0.45928815 -0.0018847324 139.83325 0.4592636 0.88822734 -0.007477837 127.84326 0.005109108 0.005776384 0.9999702 10.791504
0.89354295 -0.44902498 -0.0023766947 140.63965 0.4489939 0.89352435 -0.008161597 128.22559 0.005788565 0.0062255356 0.9999639 10.802856
0.8958414 -0.44435903 -0.0020779767 141.3916 0.44433525 0.89582705 -0.0071504945 128.63208 0.0050393706 0.005482644 0.9999723 10.811035
0.8992185 -0.43748325 0.0016115105 142.19556 0.43748546 0.8992037 -0.0052092345 129.02563 0.0008297609 0.0053892704 0.99998516 10.822632
0.90220326 -0.4312904 0.0041074017 143.01099 0.43129972 0.9022066 -0.0017055925 129.40845 -0.002970382 0.003310326 0.99999017 10.828003
0.9054563 -0.42443278 0.005806246 143.83179 0.4244326 0.905474 0.0013141893 129.8147 -0.005815106 0.0012740255 0.99998236 10.828247
0.9084477 -0.41790405 0.0066819387 144.66992 0.4178862 0.9084719 0.003942226 130.19751 -0.0077182874 -0.00078911614 0.99996996 10.832397
0.9112802 -0.41173035 0.008256991 145.50806 0.41168827 0.91131437 0.006358007 130.59033 -0.010142153 -0.0023949249 0.9999457 10.825562
0.9146058 -0.4041414 0.011276256 146.37842 0.40408194 0.914673 0.007234104 130.97876 -0.013238022 -0.0020594532 0.99991024 10.822144
0.9181069 -0.3960473 0.014287309 147.25952 0.39598125 0.91821736 0.0073074587 131.35962 -0.01601278 -0.0010504229 0.9998712 10.815186
0.9210803 -0.3891465 0.01496604 148.15283 0.3890801 0.92120147 0.0072391313 131.74512 -0.016602958 -0.00084593473 0.9998618 10.807617
0.92480665 -0.38019803 0.015496542 149.05127 0.38013372 0.92493623 0.007016913 132.12012 -0.017000727 -0.00059963984 0.9998552 10.787598
0.9285901 -0.37079364 0.01598306 149.98975 0.37077782 0.92872506 0.004052815 132.48828 -0.01634699 0.002160367 0.99986404 10.787476
0.93233484 -0.36128122 0.015209254 150.92871 0.3612827 0.9324543 0.0027468698 132.85425 -0.015174442 0.0029328787 0.99988055 10.768311
0.93685 -0.34942466 0.014139083 151.89209 0.34942743 0.93695277 0.0023587965 133.21191 -0.014071672 0.0027316825 0.9998971 10.765259
0.9417578 -0.33607426 0.012201201 152.85327 0.33604813 0.94183695 0.004196046 133.57251 -0.012901801 0.00014807435 0.99991673 10.751831
0.94718736 -0.3204192 0.01273065 153.83643 0.32033694 0.94726616 0.008100805 133.92188 -0.014655487 -0.0035946523 0.9998861 10.742676
0.95341325 -0.30132073 0.014695327 154.85034 0.30116948 0.95350313 0.011655344 134.24658 -0.01752311 -0.0066857976 0.9998239 10.724487
0.95939016 -0.28158677 0.016014965 155.8667 0.28135988 0.9594724 0.015040671 134.56763 -0.019601898 -0.0099239135 0.9997588 10.711304
0.96519357 -0.26095676 0.01658146 156.91724 0.26068726 0.965263 0.016778825 134.8584 -0.020385455 -0.011871486 0.99972177 10.701294
0.9710836 -0.23806784 0.018244855 157.979 0.2377388 0.97115934 0.018502105 135.13867 -0.022122415 -0.013630021 0.99966246 10.682251
0.9760381 -0.21660367 0.021003392 159.0664 0.2162281 0.9761665 0.018786015 135.3894 -0.024571236 -0.01379635 0.9996032 10.671143
0.98052144 -0.19486071 0.02436407 160.14673 0.19438022 0.98069984 0.02075483 135.60986 -0.027939957 -0.015613373 0.9994876 10.644165
0.9846801 -0.17206216 0.02828217 161.2937 0.1714471 0.98492694 0.022912662 135.82495 -0.031798482 -0.017712522 0.9993373 10.624023
0.9881214 -0.15021782 0.032499567 162.41357 0.14944755 0.9884576 0.024966177 136.01416 -0.035873592 -0.019811708 0.99915975 10.59082
0.9911692 -0.1285023 0.03275276 163.56104 0.12763992 0.9914487 0.027190885 136.18262 -0.035966776 -0.022770394 0.9990936 10.554932
0.99392545 -0.105497256 0.031331345 164.69897 0.104669094 0.9941402 0.027002461 136.30786 -0.0339958 -0.023559056 0.9991443 10.520874
0.9959916 -0.083938174 0.030970115 165.87549 0.08310062 0.9961659 0.02741597 136.41943 -0.03315177 -0.024733707 0.99914443 10.485107
0.99738693 -0.06429858 0.032913115 167.07788 0.06345611 0.9976444 0.026027584 136.50781 -0.03450961 -0.023870617 0.99911904 10.456787
0.9984079 -0.044087306 0.03517343 168.2749 0.0431738 0.9987207 0.026318971 136.5769 -0.03628885 -0.024758235 0.9990344 10.420044
0.999042 -0.024225116 0.036444556 169.48633 0.02329292 0.9993959 0.025790332 136.61646 -0.037047252 -0.024916746 0.99900264 10.384888
0.9992705 -0.004441054 0.03792833 170.71826 0.0033606873 0.9995881 0.028498579 136.63501 -0.03803926 -0.028350346 0.9988738 10.344971
0.99910593 0.018164413 0.038176596 171.97363 -0.019253034 0.9994128 0.028342362 136.64478 -0.037639305 -0.029051995 0.9988689 10.303467
0.9985362 0.037039656 0.039415088 173.20679 -0.038258426 0.9987988 0.03063219 136.61133 -0.038233656 -0.032095183 0.99875313 10.261719
0.99772084 0.05559407 0.038217295 174.46826 -0.05682135 0.99787694 0.03181667 136.55176 -0.03636734 -0.033916432 0.9987628 10.219116
0.9962849 0.077933826 0.036640435 175.76538 -0.07912713 0.99634033 0.032324333 136.469 -0.033987045 -0.035103675 0.9988053 10.182495
0.9947588 0.0960396 0.03511468 177.0188 -0.097234845 0.9946786 0.034087002 136.35864 -0.03165497 -0.03732226 0.99880195 10.144653
0.9927404 0.11520886 0.034532256 178.3291 -0.11643967 0.99254346 0.03603342 136.22803 -0.030122692 -0.03979306 0.9987534 10.112671
0.99004096 0.13718393 0.031788565 179.65405 -0.13828458 0.98976266 0.03548218 136.06543 -0.026597787 -0.039523784 0.9988646 10.087036
0.98764646 0.1541936 0.027747793 180.98242 -0.15515588 0.9872029 0.036728382 135.8789 -0.02172982 -0.040580496 0.9989403 10.058472
0.9844365 0.17428924 0.022459924 182.3186 -0.17507699 0.9837446 0.039878536 135.67212 -0.015142059 -0.043190844 0.99895155 10.0390625
0.9817246 0.18948904 0.017164906 183.6211 -0.19005786 0.9808645 0.04203062 135.43848 -0.008870334 -0.044525534 0.99896884 10.0177
0.97795796 0.20826928 0.0148422215 184.9502 -0.2087293 0.9769827 0.043988004 135.17651 -0.0053381845 -0.046116814 0.9989216 10.0217285
0.9739817 0.2262396 0.013706294 186.3269 -0.22663869 0.9728482 0.047053106 134.86597 -0.0026899762 -0.048935827 0.99879825 10.015381
0.9698219 0.24343637 0.013744404 187.64087 -0.2438141 0.96874976 0.0456332 134.55396 -0.0022046184 -0.047606762 0.99886334 10.021973
0.96504986 0.26172325 0.013511425 189.01587 -0.26206866 0.96400833 0.04483167 134.20142 -0.0012886524 -0.046805616 0.9989026 10.0271
0.9600323 0.27969104 0.009422692 190.36377 -0.2798256 0.95896363 0.04543138 133.82812 0.0036741134 -0.046252634 0.9989227 10.042114
0.95582426 0.29388052 0.006842185 191.71313 -0.2938656 0.9546678 0.047602814 133.43726 0.007453637 -0.04751065 0.9988434 10.0546875
0.95059854 0.31025833 0.007077539 193.0459 -0.310226 0.94939035 0.048650097 133.02124 0.008375888 -0.04844326 0.9987913 10.071411
0.94475687 0.32772297 0.00793998 194.42041 -0.32768458 0.94339794 0.051514458 132.56299 0.009390572 -0.051269345 0.99864054 10.093872
0.93798447 0.34662044 0.0067757894 195.77515 -0.34645933 0.93648356 0.05451031 132.08618 0.012547588 -0.05347624 0.9984903 10.109863
0.93112826 0.36459625 0.00438569 197.1101 -0.36425284 0.9295758 0.05620672 131.5918 0.01641738 -0.053934034 0.99840987 10.14502
0.92458063 0.38101068 0.0031142386 198.5039 -0.38055882 0.92301893 0.05691006 131.03394 0.018807597 -0.05380249 0.9983743 10.171875
0.9159094 0.4013275 -0.0010669925 199.87451 -0.4006209 0.9144489 0.056936264 130.45142 0.023826867 -0.05172006 0.99837744 10.218628
0.9079567 0.4190726 -0.0046891253 201.18408 -0.41806436 0.9064442 0.060075495 129.8899 0.029427929 -0.05258581 0.99818236 10.2717285
0.8984141 0.4391131 -0.005846479 202.52539 -0.43789354 0.8967666 0.0637247 129.2771 0.033226453 -0.054693077 0.9979503 10.317871
0.8857628 0.4641086 -0.0054898146 203.8623 -0.4627591 0.88397646 0.06665115 128.59668 0.035784803 -0.05649452 0.99776125 10.373779
0.8731085 0.48755133 -0.00479771 205.21533 -0.4860336 0.8710877 0.07087682 127.88574 0.038737897 -0.059550624 0.9974727 10.439453
0.85771054 0.51401436 -0.004113884 206.5271 -0.5122997 0.8554519 0.07515487 127.149414 0.042150993 -0.062352512 0.9971642 10.5078125
0.8438308 0.5367159 -0.0035220045 207.79419 -0.5348309 0.84138197 0.07846716 126.389404 0.045073673 -0.06432706 0.9969096 10.582764
0.8287361 0.55964154 -0.0033768567 209.06006 -0.55763817 0.8262516 0.079755515 125.59424 0.0474244 -0.06420773 0.9968084 10.661377
0.81247807 0.5829788 -0.004216369 210.34912 -0.5807947 0.81001824 0.08095738 124.698 0.050601356 -0.063336655 0.99671036 10.747803
0.7963361 0.6048638 -0.0071582287 211.59546 -0.602299 0.7939448 0.0833399 123.79028 0.05610685 -0.062054902 0.9964932 10.8396
0.7793914 0.6265102 -0.009239656 212.79004 -0.623629 0.77706784 0.08547191 122.9021 0.06071869 -0.060855303 0.9962985 10.9375
0.76346594 0.6459013 -0.010992002 213.95288 -0.64274955 0.76122373 0.08715943 121.94458 0.064663894 -0.05947489 0.99613196 11.039185
0.7456094 0.66624314 -0.012142419 215.14258 -0.6628292 0.74341434 0.089190796 120.94214 0.06844716 -0.05845361 0.9959412 11.153198
0.7298703 0.68336385 -0.012507677 216.29785 -0.67986816 0.72777146 0.08934127 119.9126 0.070167676 -0.056706037 0.99592245 11.267822
0.71399826 0.7001375 -0.013261182 217.41797 -0.69648045 0.7119801 0.09031877 118.85889 0.07267753 -0.055244736 0.99582297 11.3914795
0.7001093 0.7139156 -0.015036 218.50806 -0.71013236 0.6982992 0.09021843 117.78296 0.07492676 -0.052479975 0.995806 11.512573
0.6840918 0.72933084 -0.01748102 219.59253 -0.7252925 0.68249655 0.09142034 116.69531 0.0785972 -0.04985362 0.9956579 11.639893
0.6702639 0.74195933 -0.018732693 220.62354 -0.7376239 0.6687201 0.093963 115.593506 0.08224854 -0.049156196 0.9953978 11.774658
0.6555735 0.75495327 -0.019685045 221.66553 -0.75041187 0.65411985 0.0955499 114.4436 0.084996074 -0.04788 0.9952315 11.907227
0.63918924 0.76863486 -0.019589875 222.66724 -0.7639895 0.63778293 0.09645294 113.27612 0.086641155 -0.04669493 0.9951463 12.056641
0.6219339 0.7828264 -0.016666163 223.66211 -0.77817094 0.6203156 0.09775199 112.09668 0.086872734 -0.047829192 0.9950711 12.201904
0.6056772 0.79566735 -0.012078879 224.62988 -0.79116374 0.60373944 0.09816876 110.895996 0.08539153 -0.049901873 0.9950969 12.350708
0.58795804 0.8088889 -0.006904235 225.56494 -0.80452734 0.58563465 0.09904132 109.667725 0.08415804 -0.052661367 0.99505806 12.496704
0.57064736 0.8210461 -0.00408672 226.4519 -0.81669587 0.56812364 0.100076355 108.454346 0.08450352 -0.05375907 0.9949706 12.647339
0.55177885 0.8339706 -0.0013608872 227.31616 -0.82945305 0.5489584 0.10306646 107.213135 0.08669565 -0.055742946 0.99467427 12.800537
0.53392935 0.8454573 0.0020632632 228.13843 -0.84072614 0.53067863 0.10699057 105.978516 0.089362174 -0.058881946 0.9942595 12.95166
0.51552546 0.85677135 0.0045835413 228.93042 -0.8520915 0.51213473 0.10725372 104.72827 0.08956085 -0.059207443 0.99422085 13.10498
0.49395177 0.86931926 0.008159537 229.69849 -0.86493295 0.49047095 0.10536755 103.45581 0.08760564 -0.059107903 0.9944002 13.258423
0.47510764 0.8797917 0.011215019 230.40381 -0.8756753 0.471568 0.10347406 102.20532 0.08572945 -0.05897972 0.9945709 13.407471
0.4519106 0.89191014 0.01499927 231.08911 -0.8881427 0.44830337 0.10089295 100.91919 0.08327346 -0.05893182 0.9947841 13.557007
0.43068787 0.9023142 0.016896097 231.75342 -0.8986329 0.42705557 0.100156106 99.63281 0.08315726 -0.058319137 0.99482846 13.69519
0.40987834 0.91193295 0.017883496 232.35327 -0.90829223 0.4062942 0.09935216 98.36499 0.08334187 -0.056958903 0.99489117 13.834595
0.39080042 0.9203356 0.018562378 232.92407 -0.91675216 0.38729972 0.09825433 97.07324 0.08320224 -0.055404097 0.9949904 13.972656
0.36759424 0.929918 0.017898481 233.47363 -0.9261786 0.3642158 0.09865608 95.78247 0.08522041 -0.052848596 0.9949603 14.112061
0.3456655 0.9381643 0.017622998 233.96411 -0.9344512 0.34246978 0.09725574 94.51318 0.08523309 -0.050074928 0.9951011 14.25354
0.32338172 0.9459995 0.017390702 234.43652 -0.9423504 0.32037854 0.09554292 93.21094 0.08481484 -0.04728947 0.9952742 14.391235
0.30356315 0.95267475 0.016999364 234.86572 -0.9490268 0.3007142 0.094605826 91.9458 0.084989294 -0.044850033 0.9953716 14.521362
0.28400445 0.95868796 0.018769655 235.27856 -0.9545954 0.28083804 0.09984574 90.6792 0.0904423 -0.04625897 0.9948256 14.662231
0.26299095 0.96458656 0.021026177 235.65894 -0.95971185 0.2592974 0.10838216 89.41089 0.099121846 -0.04867664 0.99388415 14.804321
0.24579032 0.9690777 0.023126064 235.99902 -0.9635002 0.24161713 0.11553168 88.16797 0.10637777 -0.050687287 0.9930342 14.952515
0.22681774 0.97359926 0.028329235 236.32397 -0.96770805 0.22194932 0.120097876 86.914795 0.1106372 -0.054660253 0.9923576 15.106445
0.204651 0.97827345 0.032238737 236.62476 -0.9724423 0.19946256 0.120473206 85.65845 0.11140992 -0.056010254 0.99219495 15.26123
0.18721336 0.9816477 0.036740124 236.89111 -0.97594625 0.18160498 0.120743975 84.434326 0.11186988 -0.05847066 0.9920025 15.4198
0.16709341 0.9850859 0.04141645 237.13257 -0.9796406 0.16112699 0.11988075 83.186035 0.11144005 -0.060613766 0.9919224 15.580078
0.14788991 0.9881803 0.042316 237.34058 -0.9828175 0.14201088 0.1185668 81.95654 0.11115014 -0.059087113 0.9920424 15.732788
