1.000000000000000000e+00 4.398956837314658088e-19 2.733407509747682871e-20 -8.673617379884035472e-19 -5.583667658079949532e-19 1.000000000000000000e+00 -6.100159232558060012e-19 0.000000000000000000e+00 4.145284534913582806e-20 -2.210423569125054137e-19 1.000000000000000222e+00 0.000000000000000000e+00
9.999574817487162370e-01 -1.481332524932489321e-03 9.101668132230877548e-03 5.822228349794098673e-02 1.470650658674520521e-03 9.999982221561553031e-01 1.180198375777607956e-03 4.313763296978537221e-03 -9.103400373516156580e-03 -1.166762822829046009e-03 9.999578824905802632e-01 2.307295170497791204e-01
9.998734619028808446e-01 -3.606646563073009036e-03 1.549362149709297178e-02 5.620435736142112559e-02 3.584343552167890655e-03 9.999925001264174940e-01 1.467026028178483382e-03 -3.931457363472029565e-04 -1.549879660794645925e-02 -1.411305927270147236e-03 9.998788904172130065e-01 5.193749634531887871e-01
9.998126833829962257e-01 -6.725507012734571570e-03 1.814843612528317662e-02 5.806635752819652024e-02 6.736971180403915349e-03 9.999771435379556372e-01 -5.706215904281067937e-04 -8.513139814676468076e-03 -1.814418391081502532e-02 6.927802225596821004e-04 9.998351407236496513e-01 8.663308713907258429e-01
9.998359997498531548e-01 -7.688431421569058219e-03 1.639700151325978322e-02 4.119561492782210926e-02 7.706821469871763877e-03 9.999697416155814977e-01 -1.058651274642929355e-03 -1.498176892562308460e-02 -1.638836628278840524e-02 1.184846450335122958e-03 9.998649996729105371e-01 1.152857060366232922e+00
9.998961307881510940e-01 -1.143641511620701982e-02 8.771321181992620952e-03 4.241607442043862641e-02 1.146424105330308418e-02 9.999293887854523444e-01 -3.128673935781755688e-03 -1.784284815024507476e-02 -8.734921167441143941e-03 3.228905549057254319e-03 9.999566367146516255e-01 1.486248068773372566e+00
9.999248629322992077e-01 -1.196594042119852701e-02 -2.661724397852519020e-03 4.576243233952628775e-02 1.195440460613754301e-02 9.999192612911622646e-01 -4.308490356759102184e-03 -2.739071806654905239e-02 2.713064676896990990e-03 4.276347344212737961e-03 9.999871759860897713e-01 1.800650597012749765e+00
9.997574262997689365e-01 -1.191850547414641075e-02 -1.852127896856635078e-02 -9.958050760103968890e-03 1.183593398428052154e-02 9.999195486929701726e-01 -4.561445855981106218e-03 -3.178789236370160864e-02 1.857415484375114778e-02 4.341122765096826382e-03 9.998180611772032877e-01 2.085113207513753064e+00
9.992925365838432050e-01 -7.271442248166800834e-03 -3.689921940995776611e-02 9.332238972151348649e-03 7.093644878069483087e-03 9.999626025155806675e-01 -4.947096184646941619e-03 -3.616883404113041545e-02 3.693381263210781390e-02 4.681846350339562840e-03 9.993067466366644114e-01 2.465097267251966429e+00
9.983864059070434172e-01 -3.830364745064802554e-03 -5.665609126859305622e-02 -7.291599937116526042e-02 3.502364206101411109e-03 9.999765351843209471e-01 -5.887488449121143670e-03 -4.397675554896880723e-02 5.667731404851605870e-02 5.679558169037733813e-03 9.983763943647914196e-01 2.810810666615938480e+00
9.970056433313660982e-01 -2.791042358390860047e-03 -7.727843839909478985e-02 -9.876281232924054299e-02 2.309044357702946804e-03 9.999773259523943025e-01 -6.325811565822118954e-03 -4.764470676551557649e-02 7.729434312504113169e-02 6.128430474701205243e-03 9.969894819257784091e-01 3.129271321977189491e+00
9.951269560446993623e-01 -3.477473749662717342e-03 -9.854059178798851848e-02 -1.541778163224706566e-01 2.948347845985164768e-03 9.999804472714378667e-01 -5.514736191980289422e-03 -4.891138145859467989e-02 9.855784410290420461e-02 5.197330658105891836e-03 9.951177515369471482e-01 3.521124209005032757e+00
9.931078418590583157e-01 -4.845806235404711594e-03 -1.171039376272538929e-01 -2.192636853740447811e-01 4.284874219322310461e-03 9.999781122468029970e-01 -5.041316619908008285e-03 -6.658736592323959147e-02 1.171258057529852431e-01 4.504795362363555634e-03 9.931068687933867212e-01 3.937139012852678199e+00
9.908861160218858100e-01 -4.449687129532341363e-03 -1.346287668598983023e-01 -3.205329501180915197e-01 3.872777245492210318e-03 9.999821640580748294e-01 -4.546774222870738312e-03 -7.366209107855860305e-02 1.346465996798866527e-01 3.983948141361924079e-03 9.908856754699040259e-01 4.329705596349493035e+00
9.886495878026562156e-01 -3.343473674135096722e-03 -1.502025736403213296e-01 -3.748920575034971892e-01 2.755304229370831876e-03 9.999877012953268807e-01 -4.123778892046978638e-03 -8.587373223758019980e-02 1.502145166872401738e-01 3.663118413621545364e-03 9.886466411906229546e-01 4.754649527401880960e+00
9.863663382244414191e-01 -2.837637464800490689e-03 -1.645399463341818413e-01 -4.728150310762975206e-01 2.210581070840045726e-03 9.999895807704616280e-01 -3.993955242150646311e-03 -8.725636537037753659e-02 1.645495681978232372e-01 3.575774000511921548e-03 9.863623341050927751e-01 5.160695841574911569e+00
9.842777727605286353e-01 -4.274691181752084471e-03 -1.765757409397610000e-01 -5.645627747988369860e-01 3.448743789780228403e-03 9.999816317290770584e-01 -4.984211596254195867e-03 -9.359448203122507082e-02 1.765938065681626201e-01 4.296884079690899659e-03 9.842744358414016181e-01 5.613409705534804672e+00
9.824695207267569730e-01 -6.288579377092491651e-03 -1.863171859091133642e-01 -6.322378172640870098e-01 5.137540300646122049e-03 9.999646241326047846e-01 -6.660041640349430823e-03 -9.949382580669030585e-02 1.863524801996084279e-01 5.586075752279710989e-03 9.824670731056356354e-01 6.044334169909081567e+00
9.809515472543597348e-01 -5.639895753076537566e-03 -1.941706790548751449e-01 -7.373666080539471590e-01 4.094618168340112205e-03 9.999566815306699663e-01 -8.358777294203945454e-03 -1.146452745872780093e-01 1.942094138671174031e-01 7.404500624011661411e-03 9.809321474255050521e-01 6.494547882677759176e+00
9.793534337403564383e-01 -5.798670561993435855e-03 -2.020723292926131509e-01 -8.424569380638684546e-01 3.786505177375405502e-03 9.999393426758299563e-01 -1.034279178070450327e-02 -1.106656367091082144e-01 2.021200500594560467e-01 9.364100629119064337e-03 9.793159857594825324e-01 6.958711294663922686e+00
9.778555989334117848e-01 -6.504639461461656641e-03 -2.091796267955301769e-01 -9.668429695899858345e-01 3.926201380917733810e-03 9.999111435470328102e-01 -1.273930716958380713e-02 -1.254244866405958281e-01 2.092439080486309388e-01 1.163592142296224555e-02 9.777942489690422123e-01 7.450838799622683695e+00
9.760566150476662761e-01 -1.046183563860714205e-02 -2.172648915935542491e-01 -1.100934986626095791e+00 7.415324021971266000e-03 9.998624927960156894e-01 -1.483268205880532847e-02 -1.395891128889594768e-01 2.173901969404942458e-01 1.286644779960211676e-02 9.759999784350026353e-01 7.975739410478039915e+00
9.741402639307747968e-01 -1.596896957719651233e-02 -2.253790962747937165e-01 -1.189245155435531220e+00 1.272157766870248008e-02 9.997933911105785221e-01 -1.585359680797689477e-02 -1.556987706215611222e-01 2.255857004508294017e-01 1.257644922139087261e-02 9.741421486931208795e-01 8.488770867553915522e+00
9.720900836793462396e-01 -1.715746453960494133e-02 -2.339796772866072350e-01 -1.313777542605294446e+00 1.328127815677187032e-02 9.997473862552924695e-01 -1.813205182958765177e-02 -1.751325279119640976e-01 2.342316748840916063e-01 1.451843853490103475e-02 9.720723937474478049e-01 8.964235959171483969e+00
9.701109318232201684e-01 -1.310071390572020364e-02 -2.423079650506475280e-01 -1.477300926335321396e+00 7.891137927362425891e-03 9.997166466829890963e-01 -2.245787774653992819e-02 -1.814429794754745251e-01 2.425335246980671322e-01 1.987454710494683183e-02 9.699394275491722839e-01 9.509578982671872183e+00
9.679661196755817709e-01 -1.008174190650350764e-02 -2.508783534428751794e-01 -1.633500840932356368e+00 3.841948295271481288e-03 9.996712760802184405e-01 -2.534914605557359035e-02 -1.963221113663580208e-01 2.510514516005565300e-01 2.357325287699015698e-02 9.676866599369181587e-01 1.005786041877454373e+01
9.657695874684519843e-01 -1.294591487601339831e-02 -2.590781845631486280e-01 -1.796992983421384249e+00 5.933118770327258824e-03 9.995950088344527362e-01 -2.783193135091073522e-02 -2.210005502844073766e-01 2.593335744686126598e-01 2.534209122505460057e-02 9.654552693265294749e-01 1.064003183114034279e+01
9.632733588204737130e-01 -1.442040194952401780e-02 -2.681352021088356241e-01 -1.949540548924198591e+00 6.859768043115110035e-03 9.995525993543705745e-01 -2.911262083810605208e-02 -2.533495309231115766e-01 2.684350585647587994e-01 2.620406677457462127e-02 9.629413106812128031e-01 1.118258888066538148e+01
9.609835819036081084e-01 -1.460275073016105603e-02 -2.762196830647127288e-01 -2.131866567748734287e+00 6.003585850701275567e-03 9.994713836960271713e-01 -3.195168408611435279e-02 -2.762677945852402006e-01 2.765402560766164197e-01 2.904673526543653447e-02 9.605632595637292326e-01 1.173937190629052907e+01
9.586907732898277690e-01 -1.339986813407706943e-02 -2.841345508452871038e-01 -2.304856865947645161e+00 3.549720420035503039e-03 9.993756089919300090e-01 -3.515382804682831708e-02 -2.925048786045021942e-01 2.844282013414798360e-01 3.269305242819509766e-02 9.581397415690831032e-01 1.232615801105618303e+01
9.565139858708014975e-01 -1.507976310468832695e-02 -2.912964018687304035e-01 -2.493806044250624243e+00 3.436596321395601634e-03 9.991760365707632596e-01 -4.044054568725627408e-02 -3.275080712639155678e-01 2.916662231504662528e-01 3.768087949461858266e-02 9.557776767864093470e-01 1.293668598225004907e+01
9.544259815255786705e-01 -1.616487569293663384e-02 -2.980096318427098434e-01 -2.690298464117828914e+00 2.047024435102674528e-03 9.988631792305951995e-01 -4.762519137586366386e-02 -3.622594645415011527e-01 2.984407087276508830e-01 4.484468717813740873e-02 9.533740605515209632e-01 1.352896837045997280e+01
9.532097830923618176e-01 -1.708107311218780983e-02 -3.018266794099302430e-01 -2.934175554971881095e+00 3.418381860080973414e-04 9.984627528268729124e-01 -5.542575526586218659e-02 -4.005813146648908307e-01 3.023094337629128603e-01 5.272919649194458824e-02 9.517503034237663195e-01 1.417484004331767267e+01
9.521662016250714844e-01 -1.667645054577908750e-02 -3.051252504892030815e-01 -3.127658593539107912e+00 -3.138828396888762931e-03 9.979233640321627519e-01 -6.433589399903119621e-02 -4.483826899167824287e-01 3.055645160054377696e-01 6.221619992388386505e-02 9.501365549423643753e-01 1.480588479409937364e+01
9.508864500456788438e-01 -1.614003359926219350e-02 -3.091188386250259268e-01 -3.336435269990722041e+00 -6.767230379414475479e-03 9.973170445826958774e-01 -7.288976030863168754e-02 -4.933033106222945996e-01 3.094659350325015268e-01 7.140176420655046374e-02 9.482260411867455829e-01 1.542135683826879777e+01
9.492044725257615667e-01 -1.528384415575523639e-02 -3.142885160797265209e-01 -3.559609545551849941e+00 -1.047507364387585682e-02 9.967311872177150311e-01 -8.010751050265313422e-02 -5.512105500131246894e-01 3.144855218357642257e-01 7.933060305759005726e-02 9.459416018445906404e-01 1.607702860329550631e+01
9.476904639360332894e-01 -1.491129225228180442e-02 -3.188423368482422582e-01 -3.799683454599792398e+00 -1.353829812806750348e-02 9.961315195316063908e-01 -8.682574650676433414e-02 -6.154920207294273249e-01 3.189035910143540042e-01 8.660051511752313302e-02 9.438224687957720294e-01 1.674945703748766945e+01
9.455465540610713537e-01 -1.257219836315682029e-02 -3.252439879350620955e-01 -4.053623836222368659e+00 -1.856471615102791434e-02 9.955439129346940197e-01 -9.245360302946283027e-02 -6.815354659614344390e-01 3.249570229790876841e-01 9.345724864371536544e-02 9.410997174348445515e-01 1.743113681873239429e+01
9.444804345476779384e-01 -1.139453936755008799e-02 -3.283700213855773598e-01 -4.305667439698946275e+00 -2.199266851539002227e-02 9.949647852946839066e-01 -9.778240401582104224e-02 -7.602838364241527591e-01 3.278307988555254071e-01 9.957530109239123850e-02 9.394741768875484178e-01 1.807455201972834047e+01
9.425350371128139448e-01 -8.599690626783253883e-03 -3.339966268932133553e-01 -4.550411348646549392e+00 -2.675623330503944242e-02 9.945151487646988198e-01 -1.011124267481854910e-01 -8.337101191259310706e-01 3.330342463335762004e-01 1.042384972318862874e-01 9.371352777681773993e-01 1.876814376140588436e+01
9.411363136541996965e-01 -7.412768106680506577e-03 -3.379459832254028129e-01 -4.816693955627212809e+00 -2.889699942861483767e-02 9.943353306850734041e-01 -1.022849625545185076e-01 -9.121222169483355069e-01 3.367898514187903092e-01 1.060297181592500942e-01 9.355908813531824686e-01 1.945507672029513557e+01
9.389964021979837483e-01 -6.477086020106208319e-03 -3.438659644768062296e-01 -5.109340843913281915e+00 -3.035191109509851812e-02 9.943609857588329159e-01 -1.016119652778565141e-01 -1.004873633026314828e+00 3.425850546726897372e-01 1.058502596654234962e-01 9.335047966347085335e-01 2.016322255527958518e+01
9.366495603387250402e-01 -6.899855811970547100e-03 -3.501999293746099751e-01 -5.397539909977988160e+00 -3.021879987645267190e-02 9.944863644373340694e-01 -1.004176034262383582e-01 -1.085584672248066873e+00 3.489619275130693143e-01 1.046387263323027284e-01 9.312767111204669490e-01 2.090475473770931814e+01
9.337745173750877647e-01 -7.218607390709124924e-03 -3.577890995182307354e-01 -5.661884305506925230e+00 -3.009921984512835269e-02 9.946696248514641514e-01 -9.862238265597433884e-02 -1.176686654357714801e+00 3.565938717264787727e-01 1.028602411590022053e-01 9.285798749229098314e-01 2.160992475771625010e+01
9.310575211625717884e-01 -6.279528283936314931e-03 -3.648183891194069495e-01 -5.973875284975054711e+00 -3.061181745569996684e-02 9.949824766585009250e-01 -9.525118256064574185e-02 -1.260251035121138230e+00 3.635860430279978517e-01 9.985208444788110094e-02 9.261936910352437380e-01 2.233324544492674946e+01
9.273418896615726048e-01 -3.798319869234157396e-03 -3.741959240015818589e-01 -6.290691754433004768e+00 -3.225896786328601856e-02 9.954147496457281807e-01 -9.004907104694515052e-02 -1.341095930416462467e+00 3.728221835447361743e-01 9.557745053764996057e-02 9.229672655598604170e-01 2.312046191694422603e+01
9.239978896450856682e-01 -1.585844341621286263e-03 -3.823942755895481938e-01 -6.607715728682605594e+00 -3.317914745387774700e-02 9.958876626395951615e-01 -8.430247684880104453e-02 -1.418151363612718097e+00 3.809554384357350942e-01 9.058282724458098512e-02 9.201454821568962883e-01 2.384040170847922013e+01
9.206961368937005563e-01 2.079774054946109240e-03 -3.902746403541791365e-01 -6.948341503541858089e+00 -3.652783734424501494e-02 9.960555238624281271e-01 -8.086476687198931868e-02 -1.496317761773759303e+00 3.885670375436916513e-01 8.870776751490652701e-02 9.171404431291800829e-01 2.459382009199619290e+01
9.169519625978682642e-01 3.110462273436988365e-03 -3.989854885044767929e-01 -7.295445097290008896e+00 -3.757755722767352341e-02 9.961981667603483359e-01 -7.859478214688565834e-02 -1.568870289278621710e+00 3.972241528984152836e-01 8.706054020595854759e-02 9.135827482630110019e-01 2.532988857006364825e+01
9.131112869921135244e-01 3.773969814814663506e-03 -4.076929375308419590e-01 -7.642202335806555169e+00 -3.898020237324572451e-02 9.961845531768841466e-01 -7.808251970524938967e-02 -1.648767136178922232e+00 4.058427326751165576e-01 8.718998370302302736e-02 9.097744700939723872e-01 2.610126119626328389e+01
9.092234816451728596e-01 4.737704171531016521e-03 -4.162814084780332990e-01 -7.989596904685171808e+00 -4.031031221037109646e-02 9.962385753942216704e-01 -7.670579951903151728e-02 -1.713559611235974778e+00 4.143521950468030957e-01 8.652314806219818522e-02 9.059944849695285018e-01 2.683604091509646850e+01
9.048580114019658671e-01 5.522975249495896445e-03 -4.256776623910191737e-01 -8.363116540736623250e+00 -4.132725551770161793e-02 9.963326591341754579e-01 -7.492189501429642740e-02 -1.784288223435714249e+00 4.237027727831108037e-01 8.538576685371820907e-02 9.017678386278594749e-01 2.765342699150873074e+01
9.011846360435472603e-01 4.526975857533627363e-03 -4.334117608467893401e-01 -8.779324493364104143e+00 -3.999260058205661439e-02 9.965482822845423971e-01 -7.274691080628740980e-02 -1.863920974823383592e+00 4.315864296747785600e-01 8.289166214704626889e-02 8.982550471987127416e-01 2.844042748403962406e+01
8.973924878063886945e-01 4.838407061799968219e-03 -4.412066508014151345e-01 -9.179481811666361679e+00 -3.906878253514941418e-02 9.968836529444170536e-01 -6.853183773150732516e-02 -1.929750222691495987e+00 4.395001203577619808e-01 7.873736337340007940e-02 8.947849326455155072e-01 2.921451136972354590e+01
8.931259272225540169e-01 5.680355244508335233e-03 -4.497708389960719533e-01 -9.583001225297522296e+00 -3.823354515971381928e-02 9.972601987809812663e-01 -6.332686644783500074e-02 -1.993017784081415389e+00 4.481788448915140499e-01 7.375520026899508308e-02 8.908961204532457323e-01 3.000304268307306543e+01
8.900267859041135488e-01 7.157696244936096429e-03 -4.558520413229852908e-01 -1.000083509478276333e+01 -3.815053116432473579e-02 9.975391256349447344e-01 -5.882371856057697079e-02 -2.070701925006402710e+00 4.543092122072139305e-01 6.974568290136975990e-02 8.881096123416659660e-01 3.080858634405472785e+01
8.859623545868070549e-01 5.403746780728644998e-03 -4.637256747979268123e-01 -1.044040872771117634e+01 -3.567352056225300133e-02 9.977634610913983515e-01 -5.652853883786242845e-02 -2.126686663956877332e+00 4.623830763130284405e-01 6.662488495796713150e-02 8.841736366184191898e-01 3.162930490753539914e+01
8.827205400482580622e-01 5.785826634467992891e-03 -4.698627118348998044e-01 -1.088079539104440485e+01 -3.607846816403737639e-02 9.978070340294155072e-01 -5.549294585538482733e-02 -2.190367627497195713e+00 4.685112543790596051e-01 6.593669020548788284e-02 8.809935083505303632e-01 3.243438411212039085e+01
8.796453099294382350e-01 5.823106765544726338e-03 -4.755945916782617910e-01 -1.133648853502003462e+01 -3.586360239395579297e-02 9.978905021057268288e-01 -5.411421157475446858e-02 -2.244715112899322129e+00 4.742762212043533654e-01 6.465784791288743671e-02 8.779985382406239047e-01 3.326368501494909680e+01
8.766589823890925670e-01 4.388922439596976838e-03 -4.810922586674097889e-01 -1.181050986469872477e+01 -3.370939011592981316e-02 9.980612157961803454e-01 -5.232099579764480646e-02 -2.307006308861166310e+00 4.799299000510716673e-01 6.208499769913305294e-02 8.751072783633458974e-01 3.406325571623227688e+01
8.743058135712102885e-01 4.441291237226921255e-03 -4.853551427625564241e-01 -1.228942931276339046e+01 -3.387980520982629418e-02 9.980775735695336381e-01 -5.189716752395923116e-02 -2.361727598186267763e+00 4.841916010944857240e-01 6.181773309868247163e-02 8.727754957176870887e-01 3.491919764958352346e+01
8.718687481549433071e-01 2.941162350917977605e-03 -4.897307737909636360e-01 -1.276203588707591052e+01 -3.285146463928972221e-02 9.980808763388049343e-01 -5.249138610649219105e-02 -2.429467525997604849e+00 4.886365425857078781e-01 6.185397241930941370e-02 8.702921463767984145e-01 3.577767086612872305e+01
8.704898103338096771e-01 3.580813624004857299e-03 -4.921734075276530951e-01 -1.327154526903006548e+01 -3.399534705194232065e-02 9.980228364232347493e-01 -5.286524772146327517e-02 -2.494258916748141264e+00 4.910110080326133830e-01 6.275026539443737117e-02 8.688904412669238297e-01 3.664241166710696973e+01
8.698710988225173413e-01 3.180418608502301459e-03 -4.932688430768683019e-01 -1.376336677674494346e+01 -3.305019158471826646e-02 9.981079447382271708e-01 -5.184800425427814330e-02 -2.545992594311239809e+00 4.921706612698317773e-01 6.140371031927787521e-02 8.683303687572637708e-01 3.749245730816766553e+01
8.695881221899443014e-01 3.692943288670495240e-03 -4.937639669781260232e-01 -1.426524992156162241e+01 -3.292788172390885559e-02 9.981798280335565376e-01 -5.052509842833163844e-02 -2.609606354997085376e+00 4.926786537947449585e-01 6.019462707841709281e-02 8.681269237483819623e-01 3.837114003232483128e+01
8.697883300649249527e-01 2.221176355037725401e-03 -4.934200263840705647e-01 -1.479967299766310163e+01 -3.104395029027287242e-02 9.982551003530005795e-01 -5.022975039081457871e-02 -2.670346093420624456e+00 4.924474972881293655e-01 5.900695758209241470e-02 8.683395914839121543e-01 3.929459043850968669e+01
8.690988264241777950e-01 -1.104640909048191182e-04 -4.946384668279298902e-01 -1.531847010184122482e+01 -2.864066745117330517e-02 9.983109958307022636e-01 -5.054570031373845779e-02 -2.729183251354707185e+00 4.938086123724506615e-01 5.809598475131690087e-02 8.676277518001267453e-01 4.018877441408413631e+01
8.680993129776245487e-01 -2.375886475398513754e-03 -4.963848638942073843e-01 -1.585785826007574961e+01 -2.664461071546590093e-02 9.983239013805946804e-01 -5.137560408887133223e-02 -2.805006334052448480e+00 4.956749450372575083e-01 5.782510816523776104e-02 8.665809890324769338e-01 4.111305776230631182e+01
8.667561473316767184e-01 -3.134601540352952801e-03 -4.987223179554763908e-01 -1.638876060139171287e+01 -2.490355607847607317e-02 9.984607832015737205e-01 -4.955680925736628828e-02 -2.860766307720779000e+00 4.981100256064480702e-01 5.537362834301815667e-02 8.653439596732026562e-01 4.201054522234003485e+01
8.643503690184608512e-01 -2.446421776916327985e-03 -5.028841313986092132e-01 -1.689637416579339302e+01 -2.384240700864133713e-02 9.986643035110817079e-01 -4.583828706764241090e-02 -2.933080768481738598e+00 5.023245792602603066e-01 5.161030850662761543e-02 8.631375313771982860e-01 4.291920772020560548e+01
8.616778338408621618e-01 -1.326066605189476100e-03 -5.074539852477639723e-01 -1.745327208140503927e+01 -2.282374124577334074e-02 9.988833455864748467e-01 -4.136591333731905878e-02 -2.992871700320073547e+00 5.069421972026120216e-01 4.722608903325323931e-02 8.606853723865289796e-01 4.385270930554447233e+01
8.578225895781701471e-01 -2.434690540358581436e-03 -5.139401442798116060e-01 -1.801850384356661650e+01 -2.079967045837941009e-02 9.990050593612456176e-01 -3.944952618935378130e-02 -3.053423578677453509e+00 5.135248605802285038e-01 4.453048030052964013e-02 8.569184669746445770e-01 4.473823233545340372e+01
8.525168464452504979e-01 -6.977771192296921242e-03 -5.226531659623956383e-01 -1.859663063717955112e+01 -1.713428706317108099e-02 9.990004569827797276e-01 -4.128562925644672921e-02 -3.114377674028406595e+00 5.224188423167114292e-01 4.415198378012998026e-02 8.515451607744577434e-01 4.565976639148685479e+01
8.469010914767657328e-01 -7.858796952299153954e-03 -5.316923688089296718e-01 -1.915356468435456350e+01 -1.857752791051581545e-02 9.988431006557251246e-01 -4.435465881652862763e-02 -3.177583562453191846e+00 5.314258376685780938e-01 4.744153875110405927e-02 8.457753158764523826e-01 4.653894307315410117e+01
8.401136481399619216e-01 -9.020008523826899757e-03 -5.423354053857289969e-01 -1.974166995846008987e+01 -1.781346895598538357e-02 9.988635589062919706e-01 -4.420713789368285740e-02 -3.234875582627102730e+00 5.421178312458551085e-01 4.679989474894969553e-02 8.389982315768784726e-01 4.744523934826948874e+01
8.342863755158362871e-01 -6.134830782928399166e-03 -5.512971989589467992e-01 -2.034335192724991970e+01 -1.864196995712126895e-02 9.990524192992393804e-01 -3.932862164917097503e-02 -3.290255837128428062e+00 5.510160843099043415e-01 4.308859893809179747e-02 8.333814572816563571e-01 4.833266100019701383e+01
8.299246105947872820e-01 -2.107144351558632063e-03 -5.578715753968744862e-01 -2.095627264351753638e+01 -2.068175672140300930e-02 9.991892453659169115e-01 -3.454152461923677003e-02 -3.358810188875359426e+00 5.574920720234424198e-01 4.020462544617564582e-02 8.292081666992362488e-01 4.922257402043971553e+01
8.248075568960508974e-01 -2.591698792147880195e-03 -5.654076149097257975e-01 -2.154319468529830317e+01 -2.123691943872616991e-02 9.991418747055199612e-01 -3.555991426502427832e-02 -3.406407039412061799e+00 5.650145946626905502e-01 4.133760185364044465e-02 8.240447297555730799e-01 5.005945769104874898e+01
8.218176558841779888e-01 -4.117859833160635724e-03 -5.697357084079817113e-01 -2.216610335924386632e+01 -2.287029042423622399e-02 9.989295090383498721e-01 -4.020927541900291141e-02 -3.460492435362086727e+00 5.692913974532803900e-01 4.607471350435383278e-02 8.208437316518042426e-01 5.095746918230118894e+01
8.193450199922608368e-01 -7.058591966784225069e-03 -5.732572791976476845e-01 -2.276396891513008924e+01 -2.432571297842557601e-02 9.985956295761144741e-01 -4.706408737532855047e-02 -3.526484730739842810e+00 5.727844296841800853e-01 5.250661762457882464e-02 8.180226515912230045e-01 5.178962697054327435e+01
8.155897445580362337e-01 -7.516333551785038709e-03 -5.785817719672081694e-01 -2.339855357334473496e+01 -2.508086561885455174e-02 9.985166455687034537e-01 -4.832658423557414235e-02 -3.587602931549844776e+00 5.780867788144329333e-01 5.392599814970561178e-02 8.141914205459594989e-01 5.264591387839455905e+01
8.130021404159367693e-01 -5.744343297866934955e-03 -5.822323553981358923e-01 -2.402371921884759942e+01 -2.535148620994514407e-02 9.986538542950937902e-01 -4.525241974603098211e-02 -3.649625184008101098e+00 5.817085412687372781e-01 5.155076960065105990e-02 8.117620942437070441e-01 5.352059863922731608e+01
8.093928918957316032e-01 -4.584902678539093911e-03 -5.872496220377524390e-01 -2.466853766700604211e+01 -2.295734799849482449e-02 9.989581459938585706e-01 -3.944087685857490533e-02 -3.711460823292649813e+00 5.868186363640016667e-01 4.540485921219190174e-02 8.084443662778780793e-01 5.437370440475729794e+01
8.062261390151052032e-01 -1.924649862662110864e-03 -5.916043456266685263e-01 -2.533117491769922935e+01 -2.430457098152606285e-02 9.990427273586623969e-01 -3.637192306751767246e-02 -3.771018495753728494e+00 5.911080323802564429e-01 4.370268479101072773e-02 8.054075838223054840e-01 5.524612580830500264e+01
8.040717183538618196e-01 -2.009560872051124100e-03 -5.945289115087281084e-01 -2.597174387765519299e+01 -2.463968816577275303e-02 9.990224916429387703e-01 -3.670077663641883176e-02 -3.824294489617798387e+00 5.940215172153099354e-01 4.415906339833152588e-02 8.032362174022854573e-01 5.610963498787106118e+01
8.004049212949352343e-01 -2.646980873112864726e-03 -5.994538752621603184e-01 -2.663288593268941895e+01 -2.543604891229707746e-02 9.989396679783653088e-01 -3.837378275832015184e-02 -3.879829355666852386e+00 5.989198401161159868e-01 4.596230255142422227e-02 7.994888984242143337e-01 5.697931293270858077e+01
7.957757012986697021e-01 -5.316559146540424975e-03 -6.055681302727634607e-01 -2.728001489144009284e+01 -2.443545770313970689e-02 9.988652201791458074e-01 -4.088007299354215474e-02 -3.939769422485015049e+00 6.050982955344996750e-01 4.732870308956167033e-02 7.947427593755427289e-01 5.780874016327364728e+01
7.916944661964921970e-01 -6.265801756399855607e-03 -6.108850994986722016e-01 -2.793033251125119421e+01 -2.399288569721717834e-02 9.988570410867328997e-01 -4.133948416195549341e-02 -3.996643545483071769e+00 6.104459184643982184e-01 4.738513710984603583e-02 7.906392581326437963e-01 5.863755202625408458e+01
7.873343673026791389e-01 -6.697524599276675865e-03 -6.164898458000223069e-01 -2.862386491283840684e+01 -2.319325343232018014e-02 9.989114196566557524e-01 -4.047281453965718978e-02 -4.058764202767877194e+00 6.160898253646717171e-01 4.616404294195353836e-02 7.863219540577296440e-01 5.949891212130209084e+01
7.829836666228600084e-01 -6.519736520850727933e-03 -6.220080895477246852e-01 -2.929321805382338439e+01 -2.313946605147075217e-02 9.989477011578333787e-01 -3.959868059236062998e-02 -4.115965061606849495e+00 6.216117348373403351e-01 4.539805506496944615e-02 7.820088714594087831e-01 6.033729387666748067e+01
7.772003853738485013e-01 -7.041299244563945479e-03 -6.292137741233900794e-01 -2.999250035039005624e+01 -2.363806068679703137e-02 9.989049131552116823e-01 -4.037594091069216656e-02 -4.178050939825819654e+00 6.288090403207972079e-01 4.625359008500312674e-02 7.761828416714057211e-01 6.116055650731962601e+01
7.724440227927859004e-01 -8.636390690484057817e-03 -6.350241229645957608e-01 -3.070155613017918839e+01 -2.327477105248014488e-02 9.988508479436957188e-01 -4.189592624681606758e-02 -4.237810031315843773e+00 6.346562242174809132e-01 4.714229875958763499e-02 7.713553580217061834e-01 6.203219384966603656e+01
7.666328421071452182e-01 -1.043220876683188109e-02 -6.420009708775400448e-01 -3.140454584289466666e+01 -2.161226197385340483e-02 9.988821825067496496e-01 -4.203921550811996061e-02 -4.292956547297697156e+00 6.417219038998515090e-01 4.610373629687500308e-02 7.655504237685903934e-01 6.281120347810526283e+01
7.610317962428201355e-01 -1.161564505332080346e-02 -6.486105718638979223e-01 -3.211858333186510350e+01 -2.147512047965619356e-02 9.988405761833785146e-01 -4.308506245527125855e-02 -4.355042509504607473e+00 6.483590292917471576e-01 4.671809250950820225e-02 7.598999913772948034e-01 6.365203487536515325e+01
7.546874735969383297e-01 -1.237247998027236374e-02 -6.559677818335600819e-01 -3.281991672030330420e+01 -2.204746327570798053e-02 9.987792181092933763e-01 -4.420387848925522861e-02 -4.428533652769126583e+00 6.557139111524930009e-01 4.782253882759291558e-02 7.534933839093435060e-01 6.447801808734787699e+01
7.489320879985463808e-01 -1.335626337098951531e-02 -6.625121353706833194e-01 -3.357423167482002668e+01 -2.128021245842474582e-02 9.987963931852387178e-01 -4.419182677319861974e-02 -4.492734321741883363e+00 6.623049803479313935e-01 4.719507595145438356e-02 7.477464450320531197e-01 6.532859183328426411e+01
7.425644130257054165e-01 -1.417946255068857318e-02 -6.696245417420056967e-01 -3.432013928448358087e+01 -1.968012737004389348e-02 9.988822795757346107e-01 -4.297539027225587976e-02 -4.553339034381886918e+00 6.694854681995915380e-01 4.509029155567890329e-02 7.414553809168829002e-01 6.613522258413802035e+01
7.365548623614953661e-01 -1.454944410964451734e-02 -6.762212949964362396e-01 -3.506319858971801295e+01 -1.927783289336871056e-02 9.989108808668301087e-01 -4.249020212861701062e-02 -4.610370835800511990e+00 6.761030299297345891e-01 4.433244592425930608e-02 7.354721855564256838e-01 6.692139443957576361e+01
7.299127768396362903e-01 -1.666020252640738539e-02 -6.833372279411246142e-01 -3.584927320131279771e+01 -1.745099774291264047e-02 9.989228738262463381e-01 -4.299482355264883787e-02 -4.681967707911525167e+00 6.833175017843037269e-01 4.330738727740326283e-02 7.288358324769715901e-01 6.774123337524784461e+01
7.232937153931960905e-01 -1.795518999227029358e-02 -6.903070356672662555e-01 -3.662871129217674593e+01 -1.746020268072304496e-02 9.988667680888122513e-01 -4.427551193700355464e-02 -4.745524058381361598e+00 6.903197448441759088e-01 4.407710009264227680e-02 7.221605555774213148e-01 6.853061374499306169e+01
7.185535739359948382e-01 -1.653766339548209258e-02 -6.952749513817153559e-01 -3.742482909017522985e+01 -2.013284051940277333e-02 9.988036328058793600e-01 -4.456424417934024690e-02 -4.815483306432104094e+00 6.951801477001487983e-01 4.601965645909600333e-02 7.173609708399871776e-01 6.934385388597972621e+01
7.116361217162076036e-01 -1.714657473048687361e-02 -7.023389609144609080e-01 -3.821444116044414585e+01 -1.905088696041136107e-02 9.988635279122555222e-01 -4.368885834712674110e-02 -4.877170347109255566e+00 7.022898986799250842e-01 4.447074966994514489e-02 7.105007106472768230e-01 7.015887135722590529e+01
7.078697315352583397e-01 -1.598178643235775506e-02 -7.061621742622657960e-01 -3.902752839639061477e+01 -2.074989010835556411e-02 9.988420210150907863e-01 -4.340575019398608403e-02 -4.935059424687554319e+00 7.060381669140802785e-01 4.537840405728762322e-02 7.067184139321103231e-01 7.092934492594530127e+01
7.022323000473874588e-01 -1.721739730582614800e-02 -7.117396634615833495e-01 -3.982812876149542092e+01 -2.024363838788511422e-02 9.988204406845854200e-01 -4.413527397495754789e-02 -5.005047080076678867e+00 7.116600311359931874e-01 4.540141513232319459e-02 7.010554336212563298e-01 7.173498652226005845e+01
6.967678772379521934e-01 -1.952482861523432978e-02 -7.170308896639194796e-01 -4.067841712088283401e+01 -1.971354166269574659e-02 9.987306291269021363e-01 -4.635198754922907616e-02 -5.070602223657180829e+00 7.170257385196545652e-01 4.643179409620235704e-02 6.954985178640681331e-01 7.251596496881876419e+01
6.922167273467725312e-01 -2.149124498968288388e-02 -7.213696133600128180e-01 -4.152340526344954696e+01 -2.024954677905657294e-02 9.985845757333963180e-01 -4.918130735195693631e-02 -5.146419535055947847e+00 7.214055492722217799e-01 4.865153117967561947e-02 6.908017600251239454e-01 7.332473509351821406e+01
6.877025210886013040e-01 -2.241645185129838638e-02 -7.256464258698114289e-01 -4.238006350609416018e+01 -2.047237870970211940e-02 9.985269213013447942e-01 -5.024807634580950172e-02 -5.205825336997079944e+00 7.257038876777278658e-01 4.941143705389058199e-02 6.862305640707214716e-01 7.409896444799464632e+01
6.826016009752676750e-01 -2.257201646844308671e-02 -7.304420226828255425e-01 -4.323063211237440129e+01 -1.917546635105519745e-02 9.986255131318115819e-01 -4.877895079399508643e-02 -5.286960788637784958e+00 7.305390915977837407e-01 4.730315614129770169e-02 6.812305461119699812e-01 7.489879218436865926e+01
6.772466183112477722e-01 -2.271697516391459754e-02 -7.354052943666279374e-01 -4.409646058828921156e+01 -1.849913917832638269e-02 9.986814947543537491e-01 -4.788584250141341564e-02 -5.354292674758537096e+00 7.355234928132002858e-01 4.603488958450217827e-02 6.759334216300657561e-01 7.567112607611612418e+01
6.732169080515867376e-01 -2.282375444490011146e-02 -7.390927281539225735e-01 -4.497265386757447914e+01 -1.922414974266755533e-02 9.986454552069142787e-01 -4.834963174373716616e-02 -5.426583969078163427e+00 7.391951268226797378e-01 4.675821866391775827e-02 6.718662393489970297e-01 7.644588124649601468e+01
6.690341565707226268e-01 -2.412112365484386442e-02 -7.428401298423605859e-01 -4.583128988542633664e+01 -1.793007748472226492e-02 9.986585164945459558e-01 -4.857653527985467817e-02 -5.503500300720734373e+00 7.430153554952291239e-01 4.581854218231796311e-02 6.677041657023039534e-01 7.720606503484120253e+01
6.641347692833513561e-01 -2.503043899276858122e-02 -7.471937332518010511e-01 -4.672618453155087792e+01 -1.676596320926349373e-02 9.986893638492370107e-01 -4.835759542355817092e-02 -5.573198934422392448e+00 7.474248588730840748e-01 4.464338289328474707e-02 6.628446718661415993e-01 7.798915068967944819e+01
6.597263108432502854e-01 -2.617793301939671385e-02 -7.510498652975758915e-01 -4.763258932003986956e+01 -1.504354911221157318e-02 9.987328288107899521e-01 -4.802528818504269575e-02 -5.651145693319463703e+00 7.513553722913933752e-01 4.298200148985828473e-02 6.584965166936855852e-01 7.877124709277359216e+01
6.559678857192133838e-01 -2.814162393109083740e-02 -7.542639931650858554e-01 -4.850147182358638531e+01 -1.347073115091635027e-02 9.987090583646122122e-01 -4.897709830391610425e-02 -5.714353145255438804e+00 7.546685904795561450e-01 4.228789083818397521e-02 6.547419822638241849e-01 7.953402548961223317e+01
6.521176903782203160e-01 -3.236614839234200347e-02 -7.574265243126273583e-01 -4.942158871748931404e+01 -1.079707150155369971e-02 9.985904128540320501e-01 -5.196739949997501717e-02 -5.801511441517356538e+00 7.580408632681837622e-01 4.206684862163297123e-02 6.508490150999689527e-01 8.033108198512537967e+01
6.474762826645477087e-01 -3.675617198471441138e-02 -7.611986839914544056e-01 -5.032770663451228899e+01 -6.645635052011738229e-03 9.985259059744382437e-01 -5.386882800351407152e-02 -5.869767899771283659e+00 7.620566306222801289e-01 3.993743688793047891e-02 6.462775746993378867e-01 8.109581065913954490e+01
6.406609257950498515e-01 -4.003998166446518653e-02 -7.667792167146687543e-01 -5.123846292066536989e+01 -2.007328457605610586e-03 9.985486479002008142e-01 -5.381977701296086075e-02 -5.961186631285939619e+00 7.678213062337033712e-01 3.601940559612111514e-02 6.396507288885626696e-01 8.183543560668252326e+01
6.320998668617320293e-01 -4.390559154753341520e-02 -7.736420660245320047e-01 -5.218943893832224745e+01 3.103708365661123070e-03 9.985289397269359046e-01 -5.413246254080727321e-02 -6.039171342607072113e+00 7.748807230927344802e-01 3.181596265752259511e-02 6.313062810890147647e-01 8.260242485657640543e+01
6.236167828624930021e-01 -4.456361223082672823e-02 -7.804589556119371219e-01 -5.313089197899967786e+01 5.570443143823762371e-03 9.986017890604172997e-01 -5.256840328287534087e-02 -6.115111291538901206e+00 7.817103608108820767e-01 2.843503590604091677e-02 6.229930752111511039e-01 8.335700507550862426e+01
6.141767546963952107e-01 -4.360009650799857167e-02 -7.879631553389955245e-01 -5.408392502350279329e+01 6.437682712648907894e-03 9.987162352517364727e-01 -5.024378231415149026e-02 -6.191242308913891712e+00 7.891422434154558019e-01 2.578590596002084193e-02 6.136689809164317388e-01 8.410297547915116922e+01
6.053669712389636581e-01 -4.292195452108648474e-02 -7.947883519313171385e-01 -5.506693970187529885e+01 4.749182750893469161e-03 9.987219591681687492e-01 -5.031792440938665650e-02 -6.275896004905339609e+00 7.959323373848871119e-01 2.668621394756146015e-02 6.047971328463410678e-01 8.483391689445292627e+01
5.966967964370081257e-01 -4.414722974907157871e-02 -8.012514857802905954e-01 -5.604190423377134067e+01 3.765825211690870984e-03 9.986286169087741360e-01 -5.221785164228978648e-02 -6.339329067677377694e+00 8.024579504027172794e-01 2.814085133524708501e-02 5.960447484081847769e-01 8.556592801781192748e+01
5.858996261044187026e-01 -4.672229503809877116e-02 -8.090356254845083583e-01 -5.706303956222323137e+01 5.581525839827625353e-03 9.985455723496209357e-01 -5.362449519226841071e-02 -6.449334396752126608e+00 8.103644151929730866e-01 2.690291800796745098e-02 5.853082603134998063e-01 8.628879592014385480e+01
5.754308899037989811e-01 -4.861649228718529364e-02 -8.164041373278617675e-01 -5.806376425794414331e+01 5.824824051144057886e-03 9.984499294820077253e-01 -5.535169116367465170e-02 -6.513431754032096066e+00 8.178296725461285943e-01 2.709566202048234104e-02 5.748221150985703964e-01 8.699310782881359216e+01
5.665739522376135318e-01 -4.967129759680884160e-02 -8.225124354658199799e-01 -5.905256564772786732e+01 8.871253648542928513e-03 9.984913535276689345e-01 -5.418780081492746009e-02 -6.595757061179394753e+00 8.239631476078381755e-01 2.340467955978820652e-02 5.661598402711921496e-01 8.765817663171577578e+01
5.568581224166486709e-01 -4.896659808768256267e-02 -8.291630064349002627e-01 -6.008177293798229357e+01 9.102887600667611614e-03 9.985605996465358736e-01 -5.285703585603507976e-02 -6.678726876528983780e+00 8.305577525027195707e-01 2.188609160667097375e-02 5.565023192344947800e-01 8.836285692862027474e+01
5.461604476022315913e-01 -4.993291440786258584e-02 -8.361910408554396046e-01 -6.113480229769398733e+01 1.042006102831487431e-02 9.985495659430192461e-01 -5.282221738515022191e-02 -6.764525058379286193e+00 8.376157826366853465e-01 2.013624370613185943e-02 5.458885830714862442e-01 8.905298329912385213e+01
5.352557132614103041e-01 -5.046630841878096962e-02 -8.431811550384911147e-01 -6.221453725801492141e+01 8.713336979713140820e-03 9.984904177456526142e-01 -5.423064997774463408e-02 -6.847524959226113594e+00 8.446451390427275330e-01 2.168034319764644557e-02 5.348874318636219760e-01 8.970439425124618538e+01
5.254502320671041726e-01 -5.208573431663840458e-02 -8.492285421526173383e-01 -6.328137810507421790e+01 9.072575078631232859e-03 9.984106792789730900e-01 -5.562197272294201744e-02 -6.930232826931464807e+00 8.507759716389994287e-01 2.152188826470777250e-02 5.250876760460599924e-01 9.033615480792020946e+01
5.164641840445045595e-01 -5.147275982474616013e-02 -8.547603689591658505e-01 -6.435549223769906746e+01 5.394517904994853078e-03 9.983675219640159026e-01 -5.686114874035325117e-02 -7.020767833339149000e+00 8.562918064871646306e-01 2.475572619534317440e-02 5.158987395249952090e-01 9.097188958462912467e+01
