1.000000000000000000e+00 -3.306050084167601550e-19 -2.270457535318767223e-19 -8.673617379884035472e-19 7.546676715296109287e-19 1.000000000000000000e+00 6.237773588823049983e-19 1.387778780781445676e-17 -3.447385680526250622e-20 4.770700176052009879e-20 1.000000000000000222e+00 5.551115123125782702e-17
9.999166536936009431e-01 -3.175162458687606163e-03 1.251914744414642754e-02 2.151932015251478703e-02 3.157547850775411623e-03 9.999939915706734794e-01 1.426822714331536963e-03 -9.636418729000270633e-03 -1.252360359827382925e-02 -1.387180860713645983e-03 9.999206735910116661e-01 2.967826421591210351e-01
9.998243831941783233e-01 -5.342993942153591996e-03 1.795700479573307182e-02 4.072876850068250093e-02 5.317541211574102269e-03 9.999848174892594921e-01 1.464119780781086323e-03 -9.177009593549972921e-03 -1.796455851636645160e-02 -1.368341176922824613e-03 9.998375821916233308e-01 5.835153796519244596e-01
9.997536074882922286e-01 -7.544304799246984508e-03 2.087805732098665587e-02 3.974595594047519720e-02 7.523515957121184976e-03 9.999710939124318854e-01 1.074280682482668626e-03 -1.295810362606783506e-02 -2.088556132323033526e-02 -9.169680184691399475e-04 9.997815337219567722e-01 8.861079371025042395e-01
9.997821489414955298e-01 -9.140684247841091015e-03 1.876515262074084089e-02 5.130083328650658636e-02 9.159109289267932871e-03 9.999576856836812633e-01 -8.958474415651431367e-04 -1.412994117564357610e-02 -1.875616993621774531e-02 1.067514583592309553e-03 9.998235017471989172e-01 1.195386440967384223e+00
9.998572238205141183e-01 -1.187891961822554361e-02 1.201977054936110428e-02 5.131843939670303195e-02 1.190421304821216893e-02 9.999270487913326511e-01 -2.035366680002287810e-03 -1.548196509550277267e-02 -1.199471881669680016e-02 2.178153622464923302e-03 9.999256911866762909e-01 1.512800601718651050e+00
9.999108653829383853e-01 -1.335154095076121136e-02 2.000111280775926869e-04 3.805531404819773034e-02 1.335220057230919639e-02 9.999037707893138061e-01 -3.765888129524704985e-03 -2.565450884897278738e-02 -1.497087811598359509e-04 3.768222024259003117e-03 9.999929004297684054e-01 1.837021118593464397e+00
9.997652600876671958e-01 -1.312062886248568927e-02 -1.724845506520531965e-02 1.634252612653439712e-02 1.304424019105729013e-02 9.999046963877283867e-01 -4.536300639464515248e-03 -3.040663764894757648e-02 1.730630639715611055e-02 4.310376272536131127e-03 9.998410470188673349e-01 2.172613955160920263e+00
9.993123496584198628e-01 -8.355818851612102985e-03 -3.612286802202750030e-02 -1.993454167977729008e-02 8.186226866235133542e-03 9.999547941661044437e-01 -4.841722443432169148e-03 -3.567125220989447731e-02 3.616168978769895848e-02 4.542627202348303514e-03 9.993356040926513195e-01 2.513168721102855052e+00
9.984899345344245836e-01 -4.366344722706839987e-03 -5.476493320974877566e-02 -6.194120467198852703e-02 4.053248031947057593e-03 9.999747883662963854e-01 -5.827218322021212107e-03 -3.949448307397870894e-02 5.478899659920653115e-02 5.596517776754216141e-03 9.984824464031734070e-01 2.867216787811129208e+00
9.970900323177070979e-01 -3.574664757385026190e-03 -7.616234527169281343e-02 -1.113306461415238119e-01 3.120504990716011472e-03 9.999766497762543338e-01 -6.081645655371143745e-03 -4.004249523296063429e-02 7.618231280904530500e-02 5.826326914596672429e-03 9.970778768125938551e-01 3.234103262418098979e+00
9.952274078556099246e-01 -4.440328923770501396e-03 -9.748007068116044949e-02 -1.641420510945116040e-01 3.908406671843093864e-03 9.999764378032898193e-01 -5.646634853911426145e-03 -5.461575867501927695e-02 9.750284480113516339e-02 5.238783954540411451e-03 9.952212642043817281e-01 3.620699794574047115e+00
9.932597693522424720e-01 -6.150333855221065855e-03 -1.157423877569489362e-01 -2.240791789203006867e-01 5.646522147817636776e-03 9.999730967541816673e-01 -4.680292933711678247e-03 -5.686577656698882377e-02 1.157680753336980672e-01 3.995060769238251153e-03 9.932678143402009496e-01 4.008607702420444063e+00
9.910283401203273668e-01 -5.208272598725598515e-03 -1.335232085231763677e-01 -2.970041536795220427e-01 4.653384899660574330e-03 9.999791961671224971e-01 -4.467056752876836893e-03 -6.201098125584272869e-02 1.335437046023995877e-01 3.805465908493012219e-03 9.910319749163161163e-01 4.404633352455652684e+00
9.888036553087290459e-01 -4.012538141991595954e-03 -1.491739206505260651e-01 -3.805026318940916696e-01 3.540046527053705618e-03 9.999878695050745669e-01 -3.433008346347489730e-03 -7.072630191407174027e-02 1.491858944165024847e-01 2.866695941748095573e-03 9.888058310287870523e-01 4.823745037515637435e+00
9.867403576009707855e-01 -2.635160991067564927e-03 -1.622863339486254330e-01 -4.657722937003541119e-01 2.130664144966806350e-03 9.999923247771108636e-01 -3.283043994494227666e-03 -7.265312974073825925e-02 1.622937543050914089e-01 2.893670413315470053e-03 9.867384227206429381e-01 5.245450971910247340e+00
9.845982765042166074e-01 -3.770882424305379167e-03 -1.748228937136741545e-01 -5.603717903524906285e-01 3.165426911703467325e-03 9.999880104270697512e-01 -3.741666977158656770e-03 -7.787407813471471096e-02 1.748349303311840797e-01 3.130484168079803332e-03 9.845983501384159009e-01 5.686395418843863681e+00
9.828633270342600481e-01 -6.650929330934278981e-03 -1.842492561007185725e-01 -6.415838770609549879e-01 5.748857938965025970e-03 9.999687576944669143e-01 -5.430303718459780424e-03 -9.438352847402363410e-02 1.842796359627801028e-01 4.278384259052988789e-03 9.828708066210657401e-01 6.133830116011351308e+00
9.813530253572584350e-01 -6.276135922828662839e-03 -1.921204570414143387e-01 -7.421223473119890057e-01 4.953666234172277721e-03 9.999606242307675918e-01 -7.364463213381348961e-03 -9.960201983824380767e-02 1.921591191887654371e-01 6.275459836363178091e-03 9.813454709716666891e-01 6.600833290998802561e+00
9.800210414631972400e-01 -6.208493596812781311e-03 -1.987748139647151080e-01 -8.529927853893545242e-01 4.447081353273982414e-03 9.999468263062890605e-01 -9.306588379895416527e-03 -9.930930161253306854e-02 1.988220400522763831e-01 8.236516722620049885e-03 9.799965267999108942e-01 7.078156880231735393e+00
9.784004889430227836e-01 -6.354849934281993871e-03 -2.066655969331036291e-01 -9.664864078266722780e-01 3.947619074378362278e-03 9.999195052788674154e-01 -1.206074339776148224e-02 -1.124968709203875428e-01 2.067256158179227310e-01 1.098466082733566031e-02 9.783467733753086204e-01 7.561823877064733246e+00
9.763992094649038833e-01 -1.116253028810975691e-02 -2.157167009461891105e-01 -1.085232136174303585e+00 8.278512002760340591e-03 9.998638811892534006e-01 -1.427039397047072389e-02 -1.217822537167381203e-01 2.158467001125003448e-01 1.214775656289041224e-02 9.763586673300043151e-01 8.063960149975654801e+00
9.743475085431364535e-01 -1.590304223666743136e-02 -2.244938801874840351e-01 -1.197726791616188668e+00 1.291167634880288628e-02 9.998074220556848468e-01 -1.478498075902397180e-02 -1.354230709952466416e-01 2.246857340492533495e-01 1.150791327249163498e-02 9.743649549411874666e-01 8.583274816456452072e+00
9.729174515114127342e-01 -1.700326410220508871e-02 -2.305608975300981189e-01 -1.324766167951932472e+00 1.342366554053964905e-02 9.997639876878249288e-01 -1.708150003480582435e-02 -1.600882527590419269e-01 2.307969849282918984e-01 1.352465846879110679e-02 9.729158517934992645e-01 9.108838156954025322e+00
9.707141427790442201e-01 -1.342127529284275859e-02 -2.398496561349043599e-01 -1.479709729486981873e+00 8.431229058034670973e-03 9.997264136465142670e-01 -2.181346943973854619e-02 -1.619838254205036021e-01 2.400768190608577601e-01 1.915243709975400152e-02 9.705616932921540263e-01 9.641806264890792733e+00
9.690574602609182131e-01 -1.163474742298518591e-02 -2.465294400904564365e-01 -1.637460668535570596e+00 5.597911268468733909e-03 9.996674902471853752e-01 -2.517767769952311205e-02 -1.751168500217727964e-01 2.467403250496977007e-01 2.301870223830542947e-02 9.688002026519919596e-01 1.019550053222637764e+01
9.668243732074729424e-01 -1.384851173353104405e-02 -2.550170088450248174e-01 -1.791516187689754513e+00 7.266737693298960452e-03 9.996163269651749950e-01 -2.673202275761667190e-02 -1.938613547565563033e-01 2.552892218365203081e-01 2.399264144578503941e-02 9.665539635427148335e-01 1.074501353126963288e+01
9.644034311718950869e-01 -1.562359190379007147e-02 -2.639201378567383460e-01 -1.950592813288710259e+00 8.351623072859011218e-03 9.995546472212424316e-01 -2.864591873375577774e-02 -2.254449351818837988e-01 2.642501456347530198e-01 2.542120431243974701e-02 9.641044797809961153e-01 1.132235716937033310e+01
9.624652718702514376e-01 -1.509900108054157766e-02 -2.709881568409784891e-01 -2.130940526767256760e+00 6.939609336423406723e-03 9.994939463057391782e-01 -3.103430106280953213e-02 -2.486990421621301794e-01 2.713197275804995479e-01 2.798862530787767089e-02 9.620829471033981450e-01 1.191543565826277806e+01
9.599625675641161315e-01 -1.413910061522817042e-02 -2.798205632189438852e-01 -2.319510972733969112e+00 4.585980528005201978e-03 9.993848132746847579e-01 -3.477862628582188004e-02 -2.703580030250200550e-01 2.801401156710066620e-01 3.210309036486420214e-02 9.594368799110162271e-01 1.250207873418324667e+01
9.579573165681074531e-01 -1.506027287005399715e-02 -2.864587837014572202e-01 -2.512316692290955000e+00 3.575373762587118632e-03 9.991705278095559528e-01 -4.056816457919150409e-02 -2.987272175007645858e-01 2.868320951672420627e-01 3.783747948177954012e-02 9.572165259874796384e-01 1.310174231503257047e+01
9.561469841658061242e-01 -1.672112399984104769e-02 -2.925010724630128789e-01 -2.707890413233459803e+00 2.875133155116020925e-03 9.988567908439882626e-01 -4.771351527820907878e-02 -3.377500100191661581e-01 2.929646169910841702e-01 4.478021737227654009e-02 9.551018706467914177e-01 1.371476165860085672e+01
9.548199346994181713e-01 -1.776006319058098804e-02 -2.966604727888473847e-01 -2.918756646277731903e+00 1.121073803480857793e-03 9.984209381229234292e-01 -5.616532242574986261e-02 -3.712066324883842583e-01 2.971893434221412611e-01 5.329599805868637935e-02 9.533320055384069125e-01 1.434241640909736759e+01
9.544138000795339138e-01 -1.729860393042610689e-02 -2.980114343826793522e-01 -3.124672744538124380e+00 -2.110127138706783742e-03 9.979033251117923609e-01 -6.470207858909499121e-02 -4.188361785164301798e-01 2.985055767534868232e-01 6.238248721352054882e-02 9.523761206964304060e-01 1.497980833473216045e+01
9.526241972612257136e-01 -1.661430134456923224e-02 -3.036583080026349357e-01 -3.350070164709626042e+00 -6.167524815375337310e-03 9.972464230396022034e-01 -7.388497369302304829e-02 -4.624831438975613995e-01 3.040494213774649901e-01 7.225873111080362288e-02 9.498985666727441934e-01 1.562958163478766949e+01
9.514486457134110342e-01 -1.572687841185305135e-02 -3.074368390488785852e-01 -3.577167353218949408e+00 -9.431189567612746280e-03 9.967354469357447844e-01 -8.017321449240802367e-02 -5.215327540650486204e-01 3.076943206837627898e-01 7.917963801215793795e-02 9.481943648970785343e-01 1.628623492321214883e+01
9.497127952535282525e-01 -1.448364746795872786e-02 -3.128462613867423747e-01 -3.808957839737584283e+00 -1.358659028712848327e-02 9.960826453934823466e-01 -8.738076337101688407e-02 -5.816584306519401171e-01 3.128864572708085490e-01 8.723677829472130385e-02 9.457956910401539297e-01 1.695127950891001234e+01
9.485319390378289528e-01 -1.301881096754797101e-02 -3.164327706191733536e-01 -4.056314473776142293e+00 -1.735804829873165839e-02 9.955150977815281355e-01 -9.299518697714588555e-02 -6.493462498492332813e-01 3.162242132984588450e-01 9.370183991660478717e-02 9.440520375443518519e-01 1.762463554959847301e+01
9.468933578212209712e-01 -1.141369998635637269e-02 -3.213278364123833830e-01 -4.302382289582558528e+00 -2.143718635201291925e-02 9.949054320897261494e-01 -9.851347226952285319e-02 -7.258397036841934824e-01 3.208147836625627192e-01 1.001718451805009569e-01 9.418247504905119527e-01 1.832122038613584891e+01
9.451694517829679620e-01 -7.314128217403514931e-03 -3.265142204076625365e-01 -4.569248884712346914e+00 -2.748767204782848889e-02 9.944198473673463434e-01 -1.018553082571812540e-01 -8.034929957721722582e-01 3.254368453178119180e-01 1.052470206823084564e-01 9.396942482511142503e-01 1.901451042884917442e+01
9.436532933949567381e-01 -7.102850505894109552e-03 -3.308160086612454420e-01 -4.832100684384888822e+00 -2.874657366409083190e-02 9.942312212487806056e-01 -1.033275092975179110e-01 -8.766800436225338222e-01 3.296408663078310708e-01 1.070175570299372603e-01 9.380056211213385620e-01 1.973837597620693529e+01
9.413735144434576263e-01 -6.859970149819374745e-03 -3.373212656736770954e-01 -5.108396193886539649e+00 -2.964633888762982158e-02 9.942433215146826431e-01 -1.029693793645536370e-01 -9.674001800772704662e-01 3.360861048471521229e-01 1.069322749304346259e-01 9.357510358031819742e-01 2.045446134506881108e+01
9.389655076809862999e-01 -6.012337514188732801e-03 -3.439676471161013938e-01 -5.387220284773746037e+00 -3.050081496319370991e-02 9.944545247173280922e-01 -1.006337689323771462e-01 -1.051003259639589960e+00 3.426650625387254179e-01 1.049830657251279581e-01 9.335752426222851952e-01 2.117792042596783730e+01
9.369549881321632689e-01 -6.522596733937225527e-03 -3.493290032710245629e-01 -5.672368563230244298e+00 -3.005298820680027405e-02 9.946174354919913307e-01 -9.917135227149195820e-02 -1.137438570106082292e+00 3.480954195227102255e-01 1.034193498349358364e-01 9.317158001192844541e-01 2.192540543416315657e+01
9.342888409274483497e-01 -5.400722844429328706e-03 -3.564931665094290270e-01 -5.967698583903316312e+00 -3.045772978402437603e-02 9.950205936746460145e-01 -9.490098903680407871e-02 -1.219874192497389487e+00 3.552308381927002934e-01 9.952178337576685074e-02 9.294720819498771824e-01 2.264757576842259112e+01
9.293240079654775387e-01 -2.984782548189154287e-03 -3.692876519170503191e-01 -6.280138588218362017e+00 -3.232386238048273047e-02 9.954711895147398959e-01 -8.937794114714742166e-02 -1.296981649512201296e+00 3.678823502762405551e-01 9.499493098571462624e-02 9.250189194745864762e-01 2.342087283228321226e+01
9.269595053538137730e-01 -8.950887815630769991e-04 -3.751744991105186999e-01 -6.605210795530410905e+00 -3.325158513549067441e-02 9.958654439067112785e-01 -8.452131082550005947e-02 -1.380722733684019099e+00 3.736990597175046114e-01 9.082165802944996980e-02 9.230972228090248421e-01 2.418566179950641271e+01
9.229999577471154071e-01 2.512895106855003811e-03 -3.848615094125334979e-01 -6.938457275305440319e+00 -3.616802080421168547e-02 9.961182518900567606e-01 -8.022929130511274876e-02 -1.456011475615686113e+00 3.831660034399376746e-01 8.796809575825591254e-02 9.195081154932909229e-01 2.494089581313269122e+01
9.197577805854010302e-01 2.970207101710970691e-03 -3.924286464132920038e-01 -7.278391159410068312e+00 -3.666531841302103634e-02 9.962486693221779266e-01 -7.838057745930898657e-02 -1.528309689935290594e+00 3.907237784387281865e-01 8.647998183395498584e-02 9.164162833993060309e-01 2.570225779155034829e+01
9.155696424754838914e-01 4.621254153246753815e-03 -4.021982456844839793e-01 -7.625031578846249936e+00 -3.880760572096381839e-02 9.962825430892702228e-01 -7.691590590429020491e-02 -1.605939620326705786e+00 4.003477224614103713e-01 8.602982330309202896e-02 9.123455836002851704e-01 2.648030215817360755e+01
9.121307705981681613e-01 4.478128148200503575e-03 -4.099102453933964330e-01 -7.990790505248277498e+00 -3.904645105165485686e-02 9.963424338126098956e-01 -7.600814217626337965e-02 -1.674230135698159705e+00 4.080709653762357170e-01 8.533253794329412334e-02 9.089694511525766574e-01 2.724649115805835109e+01
9.083546967380655701e-01 5.059447480128452523e-03 -4.182118800412867876e-01 -8.370779598733424365e+00 -3.961426844421523513e-02 9.964715412873234035e-01 -7.398544827834328819e-02 -1.742552204654332693e+00 4.163622419281405862e-01 8.376875396221981906e-02 9.053500152933979805e-01 2.803631347982573629e+01
9.044584549143300789e-01 5.327071621824621371e-03 -4.265630926323776273e-01 -8.753547683161361448e+00 -3.956621445914109553e-02 9.966589881638088233e-01 -7.145243840697966531e-02 -1.816437295686006426e+00 4.247578656061079538e-01 8.149934993845878162e-02 9.016472110814073293e-01 2.882992072349212265e+01
9.016367627880051971e-01 5.786850372481907798e-03 -4.323927185127679484e-01 -9.148741948944474345e+00 -3.843910878607479514e-02 9.970256032273075997e-01 -6.680741574229662194e-02 -1.887057382140720829e+00 4.307199955666987101e-01 7.685917947866462152e-02 8.991774543696668953e-01 2.962484464986328803e+01
8.971386938977243819e-01 8.092702517914811960e-03 -4.415839208593634879e-01 -9.559507108534297970e+00 -3.920468803121882756e-02 9.973454203219372927e-01 -6.135090117381075681e-02 -1.945065891818506865e+00 4.399147911674453626e-01 7.235657010332262329e-02 8.950745348434490101e-01 3.043370627790513794e+01
8.938868406383354559e-01 8.085152561221374892e-03 -4.482489456648668935e-01 -9.973739743886531173e+00 -3.748595815900102740e-02 9.976838660831995886e-01 -5.677060696556758546e-02 -2.014533611974156369e+00 4.467521113803150645e-01 6.754771522185452903e-02 8.921194478309251163e-01 3.125895100953250605e+01
8.902428981780209361e-01 6.842374100311515196e-03 -4.554105596947669032e-01 -1.040402011912223479e+01 -3.580436376022589490e-02 9.978446796635923599e-01 -5.500785597691546652e-02 -2.078263493280253282e+00 4.540529902967054832e-01 6.527515526789791356e-02 8.885687517901924570e-01 3.206955039752493519e+01
8.869659938686234035e-01 7.196194911153006718e-03 -4.617882253905181700e-01 -1.084379040882755163e+01 -3.573499415984762728e-02 9.979502435537388472e-01 -5.307937903107133593e-02 -2.134337603780263937e+00 4.604593670782481385e-01 6.358349675969564296e-02 8.854052509580702113e-01 3.290464099846714419e+01
8.854157106614300998e-01 7.036799342693988470e-03 -4.646963958891320856e-01 -1.129489798766455699e+01 -3.469423034419515106e-02 9.980966428593802675e-01 -5.097882304567894624e-02 -2.190776530378703235e+00 4.634529799868112865e-01 6.126115249713470767e-02 8.839745763726835071e-01 3.374669168179722334e+01
8.810759308522418953e-01 6.424582130238250602e-03 -4.730357725428920856e-01 -1.176349607183120760e+01 -3.378695984800541424e-02 9.982083061290227821e-01 -4.938803370022351591e-02 -2.245502553851788541e+00 4.718712720606187405e-01 5.949288389220959428e-02 8.797142762404762673e-01 3.459871158078811959e+01
8.788805264189361033e-01 5.428686737346357857e-03 -4.770514259572398719e-01 -1.223640541691320216e+01 -3.303371503314709440e-02 9.982274710515071092e-01 -4.950223271551827675e-02 -2.301709766820927872e+00 4.759366408956015038e-01 5.926879582543614217e-02 8.775024218029335854e-01 3.544746320101683068e+01
8.776224957247320546e-01 4.945886665269602460e-03 -4.793413822680557823e-01 -1.271228610186347296e+01 -3.279766420054971293e-02 9.982232673026579794e-01 -4.975017406441079038e-02 -2.361433448853836659e+00 4.782439227667072412e-01 5.937960507976388497e-02 8.762250811460414734e-01 3.630859919924331081e+01
8.755707703560405841e-01 4.375576733714736481e-03 -4.831219247814876327e-01 -1.320917233809116809e+01 -3.236042853126556984e-02 9.982442442459580345e-01 -4.960613981505594683e-02 -2.416672283544590183e+00 4.820564224907318285e-01 5.906765958420658741e-02 8.741750571715307672e-01 3.718274939487275077e+01
8.763612944250522840e-01 4.683651667593265872e-03 -4.816168886193342713e-01 -1.371172546869111741e+01 -3.232773971821750053e-02 9.982700535664575936e-01 -4.911881834956736276e-02 -2.477182473786704975e+00 4.805539167855461535e-01 5.861368357606534102e-02 8.749963613972232546e-01 3.806912670168364343e+01
8.756335273699954458e-01 5.540490583028711592e-03 -4.829698913010379013e-01 -1.422215662872100062e+01 -3.226343993491962575e-02 9.983717071403224175e-01 -4.703792468803302818e-02 -2.532823057418109869e+00 4.819229074951645875e-01 5.676843384053933961e-02 8.743864533597081046e-01 3.897326375805788246e+01
8.749446216888664418e-01 3.428301153631865827e-03 -4.843242639974180141e-01 -1.473698252907307094e+01 -2.960425148775157680e-02 9.984831306498741510e-01 -4.641873026393410900e-02 -2.590183689827411762e+00 4.834306344975904945e-01 5.494839390968377785e-02 8.737187945019273538e-01 3.988627954634509365e+01
8.753870712725100312e-01 1.971684437604275322e-03 -4.834362166956983620e-01 -1.524929326165250032e+01 -2.834940725928907640e-02 9.984800916559474215e-01 -4.725174027138775990e-02 -2.646740056699279364e+00 4.826081262301304409e-01 5.506917653341250607e-02 8.741124184275914644e-01 4.080357696063737905e+01
8.733301268015017937e-01 2.889044307622168416e-05 -4.872021459483538708e-01 -1.578134449667606631e+01 -2.663093656814058061e-02 9.985073517810441057e-01 -4.768997587355089385e-02 -2.708132417239273781e+00 4.864736929578174496e-01 5.462265093909315222e-02 8.720272365167892614e-01 4.173741779020195963e+01
8.735927372819456416e-01 -8.494420232839098510e-05 -4.866918731699078626e-01 -1.631138486386322484e+01 -2.531083432399169539e-02 9.986386226356805951e-01 -4.562129699424739837e-02 -2.761674052773052779e+00 4.860333348718339219e-01 5.217374636572353480e-02 8.724013014249949460e-01 4.266377981401085151e+01
8.703389829416973145e-01 1.085967067679105341e-03 -4.924442806797049155e-01 -1.684935841485419772e+01 -2.445782138304179038e-02 9.988590140038396958e-01 -4.102515367401742691e-02 -2.819748603981711010e+00 4.918381577754235012e-01 4.774716863503547515e-02 8.693720375583998683e-01 4.359775536326628753e+01
8.673699349759617094e-01 3.564015001033150475e-04 -4.976433171513666709e-01 -1.739005294681361491e+01 -2.195921614746564401e-02 9.990532880631560753e-01 -3.755327856233882378e-02 -2.874590684635958127e+00 4.971589538435507438e-01 4.349963591954811304e-02 8.665563130174009920e-01 4.452572760612332559e+01
8.647421350189480327e-01 -8.525136316172146405e-04 -5.022480750711644237e-01 -1.793487070575038800e+01 -1.961662472161370893e-02 9.991781788364861860e-01 -3.547502016311233908e-02 -2.931348671929359551e+00 5.018657611488301917e-01 4.052722200527070218e-02 8.640145234858745971e-01 4.545606195179578179e+01
8.584579725768116676e-01 -3.914183058579147508e-03 -5.129062798632028075e-01 -1.849382985191575912e+01 -1.767903883495485287e-02 9.991508271460772805e-01 -3.721333735243610719e-02 -2.995836031530346943e+00 5.126163699900881943e-01 4.101476296933632276e-02 8.576596333711360431e-01 4.635824131105644597e+01
8.537408771094739945e-01 -6.424407530918320626e-03 -5.206887077515921503e-01 -1.904613653231815817e+01 -1.676539125623511400e-02 9.990662116689101868e-01 -3.982525462514222014e-02 -3.054517811644346992e+00 5.204584569421284446e-01 4.273008778653985401e-02 8.528360286494419684e-01 4.727241115067829469e+01
8.473331131656618442e-01 -6.095617303141458339e-03 -5.311455224917051021e-01 -1.964593331637924223e+01 -1.789902278074266898e-02 9.990381930875438243e-01 -4.001804819778159716e-02 -3.101431920332665904e+00 5.308789483540301557e-01 4.341023574882416081e-02 8.464088904135121938e-01 4.819084885301602839e+01
8.416320242859929301e-01 -3.117653859770837602e-03 -5.400125413323549894e-01 -2.023720532621528179e+01 -1.869110435484858460e-02 9.992160454287030147e-01 -3.490125579647641862e-02 -3.150827747059043116e+00 5.396982765904883017e-01 3.946549065745172391e-02 8.409137911327773107e-01 4.909947179261064321e+01
8.374883789619083085e-01 2.106600673216573014e-04 -5.464118848458360267e-01 -2.082971176200334540e+01 -1.993945022963330288e-02 9.993456921871014531e-01 -3.017076299848890641e-02 -3.205263938628007292e+00 5.460478558149725048e-01 3.616568506454677367e-02 8.369447012051163259e-01 4.999590863708064603e+01
8.320037289112018897e-01 4.754980061889604024e-04 -5.548099620561030010e-01 -2.144354258132737456e+01 -2.170180690814835917e-02 9.992620948569137518e-01 -3.169277213138639582e-02 -3.255069189088824810e+00 5.543856046173010199e-01 3.840610741198294958e-02 8.314000201955074054e-01 5.087637148160725786e+01
8.297173176958407836e-01 -1.530964841118290579e-03 -5.583399408102098782e-01 -2.204970450139407490e+01 -2.232207054200937429e-02 9.991052510696759592e-01 -3.591353002403244871e-02 -3.307713774096514570e+00 5.578954778065826625e-01 4.225667132675030996e-02 8.289407335606858718e-01 5.176674809294721058e+01
8.269628171735226019e-01 -3.443613748661870661e-03 -5.622359661786613394e-01 -2.265994251836059092e+01 -2.503944740535972435e-02 9.987634644248898352e-01 -4.294657429850513158e-02 -3.370489115248588075e+00 5.616885025642880391e-01 4.959602140481775279e-02 8.258541713205940216e-01 5.264514259852320777e+01
8.232081792280362409e-01 -3.875221825704841180e-03 -5.677360557235052729e-01 -2.328572188339481031e+01 -2.550161497884274875e-02 9.987150049947618458e-01 -4.378933735250217785e-02 -3.427390312320080401e+00 5.671763702470793422e-01 5.052371586070818904e-02 8.220513583949999870e-01 5.352429680666914891e+01
8.206018343639530643e-01 -2.947245539206596720e-03 -5.715053548715943732e-01 -2.390525503989517375e+01 -2.458663270185708349e-02 9.988787808229832033e-01 -4.045514214368945566e-02 -3.489626649980225537e+00 5.709838330529095618e-01 4.724946382782158755e-02 8.196093863961633197e-01 5.440257916084904366e+01
8.168156392978332958e-01 -1.450894629435008337e-03 -5.768878338698469888e-01 -2.454807549704103309e+01 -2.264794186167342835e-02 9.991453301469368498e-01 -3.458317372797003325e-02 -3.544029456869504102e+00 5.764452159245820884e-01 4.131080799794463465e-02 8.160845975909051253e-01 5.528739538137538290e+01
8.135501682177552762e-01 1.225096859253123902e-03 -5.815225174002538466e-01 -2.518683831243958693e+01 -2.359317663225594594e-02 9.992438187555300333e-01 -3.091388391705162178e-02 -3.592262765203331210e+00 5.810450055558102900e-01 3.887242044136571262e-02 8.129641245036132169e-01 5.617216289239568283e+01
8.121863699817951643e-01 2.358721336615418954e-03 -5.832524671913859038e-01 -2.581972069471359532e+01 -2.555539166358774400e-02 9.991757662141520502e-01 -3.153447786977400108e-02 -3.643969570679162828e+00 5.826974133201727746e-01 4.051978896300480193e-02 8.115773312341677537e-01 5.704363085666074085e+01
8.081369727373769463e-01 2.732032565375085956e-04 -5.890097279846694400e-01 -2.647137587935371528e+01 -2.452607582875903150e-02 9.991480883191333762e-01 -3.319602049847811265e-02 -3.691364486429618896e+00 5.884990788623876146e-01 4.127330692450402461e-02 8.074553106475915731e-01 5.791609087309802817e+01
8.035668618864332258e-01 -9.177832565093362645e-04 -5.952123350547887659e-01 -2.712488822355421902e+01 -2.528696600791833018e-02 9.990432572712755199e-01 -3.568719030950093934e-02 -3.749458491650831782e+00 5.946756570256443997e-01 4.372914503933318653e-02 8.027750055256717143e-01 5.877670135724805078e+01
8.003591811825387925e-01 -2.522290756012221958e-03 -5.995745927386748608e-01 -2.777275172067477271e+01 -2.356985584313344567e-02 9.990855782362981774e-01 -3.567730679640659236e-02 -3.798955946958067820e+00 5.991163526246737758e-01 4.268735584989320764e-02 7.995680326916063674e-01 5.964272561406972528e+01
7.958718207259056765e-01 -2.332689270838730986e-03 -6.055289614973133894e-01 -2.845806006299165958e+01 -2.306916718622173748e-02 9.991496532412931231e-01 -3.417287559996624868e-02 -3.852826873832204235e+00 6.050939544779040391e-01 4.116446244311695174e-02 7.951411608823497623e-01 6.051431777021883818e+01
7.914928080737240190e-01 -2.844632788778862689e-03 -6.112271177062326144e-01 -2.913316625124379655e+01 -2.243775509907382226e-02 9.991797839346304722e-01 -3.371186479406673014e-02 -3.905936227664193794e+00 6.108220504079161506e-01 4.039369050541104234e-02 7.907797776815872481e-01 6.137136311723032378e+01
7.860989342529611790e-01 -3.209451020369954305e-03 -6.182864714116719229e-01 -2.982167873562277904e+01 -2.289252419998709723e-02 9.991491397869882718e-01 -3.430223496593579752e-02 -3.960078898017293181e+00 6.178706289024268328e-01 4.111540347402125456e-02 7.853568463473187267e-01 6.223497739968728126e+01
7.811222565888232827e-01 -4.170482930946483625e-03 -6.244020503613064710e-01 -3.051991560117875935e+01 -2.270751698599089013e-02 9.991262945564119979e-01 -3.508086174507366733e-02 -4.015227581938280998e+00 6.240028900062060124e-01 4.158058920485366294e-02 7.803451731055583984e-01 6.308769454613487682e+01
7.762610381396882753e-01 -6.042174067233955365e-03 -6.303509562415751111e-01 -3.121520146894302883e+01 -2.137758463139809162e-02 9.991265797951859318e-01 -3.589889832566239142e-02 -4.066260421642585499e+00 6.300173498035652742e-01 4.134309405163246603e-02 7.754539519656388213e-01 6.394116445759374301e+01
7.695202306131917469e-01 -7.449184062055570939e-03 -6.384206240185928971e-01 -3.194009335470001432e+01 -2.115334550781144268e-02 9.990859068000815801e-01 -3.713656835184676180e-02 -4.117777943724987288e+00 6.381136095395131269e-01 4.208470190738965166e-02 7.686594017560385295e-01 6.478767675127652126e+01
7.646885902204458851e-01 -9.712637918346854818e-03 -6.443180846869833722e-01 -3.265814802850472631e+01 -1.987985628885085426e-02 9.990547649874084168e-01 -3.865239671028308094e-02 -4.174862133736772840e+00 6.440846069590911993e-01 4.236711828765542948e-02 7.637729502387706759e-01 6.564379183057562273e+01
7.581256977421675369e-01 -9.933667325322068087e-03 -6.521115758687893171e-01 -3.339824977945995244e+01 -1.943107974445105329e-02 9.990957111480710529e-01 -3.781476381367834122e-02 -4.228673878849594558e+00 6.518978268239377094e-01 4.133782524246160106e-02 7.572472610011188321e-01 6.648166951388408563e+01
7.518209819520955683e-01 -1.028573022891084501e-02 -6.592751354833834565e-01 -3.414717600115096729e+01 -1.828907646265136300e-02 9.991682768875677079e-01 -3.645030097036380118e-02 -4.280666617986142342e+00 6.591017126124433245e-01 3.946273615352645370e-02 7.510076159696020826e-01 6.732298965068900998e+01
7.469933939143327262e-01 -1.177848174263911203e-02 -6.647739415409100738e-01 -3.489653094614928364e+01 -1.606557515003081624e-02 9.992312130329580322e-01 -3.576674651784970266e-02 -4.341960590244601015e+00 6.646843580948877950e-01 3.739546995574561522e-02 7.462299218613032137e-01 6.815397325642409498e+01
7.398321609488682782e-01 -1.199842133905882312e-02 -6.727082698279720496e-01 -3.566780485308951398e+01 -1.631052996894006429e-02 9.992272066578402612e-01 -3.576556086666766998e-02 -4.395791861630431008e+00 6.726179081518840475e-01 3.742873225317970565e-02 7.390647144817621417e-01 6.898921832940524723e+01
7.334455236791520560e-01 -1.401873512537343651e-02 -6.797248239664647196e-01 -3.645014843358074330e+01 -1.590713009286767385e-02 9.991595539455117025e-01 -3.777197693944984308e-02 -4.453944478421765218e+00 6.796833453855340990e-01 3.851252517375424594e-02 7.326061946150217441e-01 6.981789172049903414e+01
7.284426118754026014e-01 -1.337378915354861704e-02 -6.850766890166750667e-01 -3.723267947539122247e+01 -1.653302779296533798e-02 9.991750831627046470e-01 -3.709044248975374575e-02 -4.508116537631631005e+00 6.850078278866983394e-01 3.834392699502771340e-02 7.276206472470493347e-01 7.064355702804324721e+01
7.221273594371449001e-01 -1.275745893344956000e-02 -6.917772122387286782e-01 -3.803920354477796906e+01 -1.672738188137901441e-02 9.992155558261544002e-01 -3.589255628862474817e-02 -4.561718195885820393e+00 6.916926495040299772e-01 3.748959550864536250e-02 7.213474572037420485e-01 7.145601169082486592e+01
7.186601494554777370e-01 -1.293426375411227403e-02 -6.952705808330310600e-01 -3.884484045509457673e+01 -1.694614237307048160e-02 9.992042531881170087e-01 -3.610768328048209047e-02 -4.616092657697919321e+00 6.951842101473127977e-01 3.773395057035250355e-02 7.178690944991972245e-01 7.227776394222236434e+01
7.133363721098732180e-01 -1.269638238845834100e-02 -7.007971302359630172e-01 -3.966863149494893293e+01 -1.758416440515849638e-02 9.991968534161819182e-01 -3.600955703846613759e-02 -4.675943251690853231e+00 7.006915707000851423e-01 3.800899604355175571e-02 7.125401597125925468e-01 7.309615572994347588e+01
7.077529638045783056e-01 -1.482147859610202789e-02 -7.063312659825351503e-01 -4.048844565862797396e+01 -1.761797819871179990e-02 9.990986554217196058e-01 -3.862293429766741615e-02 -4.737198023828849358e+00 7.062669496498876764e-01 3.978328567504278712e-02 7.068539681607872716e-01 7.391039255165334509e+01
7.036148408475707550e-01 -1.736422705101464681e-02 -7.103771216380707632e-01 -4.131885875876764658e+01 -1.782911849038132379e-02 9.989552000993180414e-01 -4.208400408733582038e-02 -4.796509103496922499e+00 7.103657998152175246e-01 4.227581222318393256e-02 7.025702397766833140e-01 7.471488317872453422e+01
6.979504155374292029e-01 -1.790305087033677856e-02 -7.160306375588135763e-01 -4.216446016133888719e+01 -1.843220125248590940e-02 9.989071413866373872e-01 -4.295359675455877324e-02 -4.855971882085023950e+00 7.160171960584744699e-01 4.317675256156518204e-02 6.968578246982481961e-01 7.552534511670246786e+01
6.933950408869674620e-01 -1.794309967568437358e-02 -7.202042144083524722e-01 -4.301031770524983244e+01 -1.733709311155644597e-02 9.989849572603379801e-01 -4.157561373523408627e-02 -4.922225510566524243e+00 7.202192849957627097e-01 4.131597199543910609e-02 6.923802624346651058e-01 7.633547116054194248e+01
6.890019671014789848e-01 -1.820993310445879684e-02 -7.245543818267998759e-01 -4.386985990270431301e+01 -1.592520319332557666e-02 9.990624659474527380e-01 -4.024849798799779582e-02 -4.980339417832650106e+00 7.246084763549149876e-01 3.926485743830124275e-02 6.880661478531678865e-01 7.714737532307989909e+01
6.835957215863809333e-01 -1.819421025768395636e-02 -7.295972680042382974e-01 -4.475114280148170565e+01 -1.648384425333440303e-02 9.990493475647391763e-01 -4.034982583823815833e-02 -5.045918306185183333e+00 7.296382360282868129e-01 3.960482876102774941e-02 6.826460494707063953e-01 7.795021415894721883e+01
6.797030945741999730e-01 -1.946988206515421274e-02 -7.332399824784292530e-01 -4.561992145683338862e+01 -1.470264085692898556e-02 9.990851522346710922e-01 -4.016616349403277775e-02 -5.106126383693736948e+00 7.333513056597410484e-01 3.808206229516374053e-02 6.787950375691809146e-01 7.875544388067687862e+01
6.757917377899343991e-01 -1.994308280612019577e-02 -7.368242503129674992e-01 -4.650815607279334074e+01 -1.376544362654908565e-02 9.991179753055317025e-01 -3.967258976999906567e-02 -5.167633126972827284e+00 7.369655686362127645e-01 3.695309199722645460e-02 6.749212123691641363e-01 7.955576612980389939e+01
6.710502376553522108e-01 -2.171182853990891864e-02 -7.411285531544087313e-01 -4.740901251026634355e+01 -1.147011901303436957e-02 9.991473958497485430e-01 -3.966837656316431898e-02 -5.225951346668519903e+00 7.413578854425360021e-01 3.512123841615143183e-02 6.702291095254475639e-01 8.034453536883764002e+01
6.684360537050750839e-01 -2.466116157661834077e-02 -7.433675671863184675e-01 -4.829894152069044111e+01 -8.463516229211440547e-03 9.991331833622927316e-01 -4.076677801024089498e-02 -5.290511980408903803e+00 7.437283651207017288e-01 3.354253890490965090e-02 6.676480600098114726e-01 8.114230065174106699e+01
6.636025721944971423e-01 -2.800747796731018965e-02 -7.474752696792259510e-01 -4.920639003320491156e+01 -6.638997985481608424e-03 9.990390378726923259e-01 -4.331166131511263173e-02 -5.357010532768606836e+00 7.479700808563095604e-01 3.370322259665831099e-02 6.627789483854170660e-01 8.193817690752881333e+01
6.580941878275111678e-01 -3.240352790156791896e-02 -7.523007814188851228e-01 -5.010777245584419859e+01 -1.422581750769893972e-03 9.990179739324192010e-01 -4.428547711082057164e-02 -5.417658891703549529e+00 7.529972054105460444e-01 3.021125802114349793e-02 6.574019983963197422e-01 8.273610699730090801e+01
6.539074631889628675e-01 -3.746097321473979697e-02 -7.556037560076788173e-01 -5.102926695030600257e+01 4.847104767691092636e-03 9.989602174420657565e-01 -4.533625017983370503e-02 -5.486481643444687251e+00 7.565163331630022636e-01 2.598190228727371986e-02 6.534092964311969398e-01 8.353678850148163804e+01
6.444174914243020469e-01 -4.037662619000360886e-02 -7.637492127579394996e-01 -5.196371752270766819e+01 8.961644402980336113e-03 9.989350370379992405e-01 -4.525074586609009047e-02 -5.557556098973123859e+00 7.647633763617002201e-01 2.231328085322013127e-02 6.440932551528111283e-01 8.432155699776200208e+01
6.360738399613947713e-01 -4.208433923221530787e-02 -7.704180742892919875e-01 -5.290763295596773474e+01 1.274548013579963196e-02 9.989485084159573924e-01 -4.405436412577840716e-02 -5.633546898394244273e+00 7.714613397397778183e-01 1.820612446477919491e-02 6.359413204458901347e-01 8.510637761416069225e+01
6.273155328920603235e-01 -4.076335418434798297e-02 -7.776368979496833811e-01 -5.386819399514264717e+01 1.463284023226088179e-02 9.990698208362868149e-01 -4.057109793921497704e-02 -5.692647686809531926e+00 7.785671716194978442e-01 1.407030020419139382e-02 6.273285520829628981e-01 8.587207429846652929e+01
6.173851621908134080e-01 -4.069758072112242275e-02 -7.855570624750654041e-01 -5.484185002570418277e+01 1.427603436177474379e-02 9.990763695016785517e-01 -4.053251144447112680e-02 -5.762663530889107655e+00 7.864806993821836789e-01 1.381338583626858310e-02 6.173955635490551153e-01 8.663142797840335163e+01
6.096886426439332984e-01 -4.134292754953531462e-02 -7.914351903703648050e-01 -5.581768703098674678e+01 1.261733193695925744e-02 9.990185237066790958e-01 -4.247175852807225094e-02 -5.823340470938622282e+00 7.924138463918576347e-01 1.590834713101401190e-02 6.096120112769514154e-01 8.737634108867058558e+01
5.979008327370772813e-01 -4.386757168158797460e-02 -8.004247636706443014e-01 -5.681894967347636083e+01 1.458292526609579476e-02 9.989317130747346063e-01 -4.385681093482567128e-02 -5.891780188643540583e+00 8.014930640178599131e-01 1.455614078588306909e-02 5.979014911106430574e-01 8.811643419543644029e+01
5.897880477579392489e-01 -4.476484936063922920e-02 -8.064033201025730957e-01 -5.782246536043623308e+01 1.336126447905683010e-02 9.988666735420600462e-01 -4.568778366097683147e-02 -5.960396333734124141e+00 8.075346885963821109e-01 1.617063589826355646e-02 5.897179002362559208e-01 8.884545057942386848e+01
5.797142260758029186e-01 -4.608889372327008155e-02 -8.136015252341990411e-01 -5.884344015287388885e+01 1.759167457756335290e-02 9.988741389472327592e-01 -4.405652280444401908e-02 -6.017685776725224756e+00 8.147162798206197820e-01 1.122380054578791045e-02 5.798725500656183307e-01 8.957469080645262238e+01
5.689386107816496452e-01 -4.578907373810577053e-02 -8.210247591493335939e-01 -5.988333997657368002e+01 1.905665763382545855e-02 9.989151720368959486e-01 -4.250100024060163989e-02 -6.100239912255671193e+00 8.220793185923469526e-01 8.548040554837767549e-03 5.691930907509430426e-01 9.028335706072155631e+01
5.586502979634574428e-01 -4.702023607965521296e-02 -8.280956397516664458e-01 -6.093258820311163504e+01 2.071750749096522293e-02 9.988707486910552991e-01 -4.273809533020636597e-02 -6.166847798652855595e+00 8.291711968210900841e-01 6.707953883401008600e-03 5.589942917663554001e-01 9.097426694721505669e+01
5.494971586167360922e-01 -4.757540692511126601e-02 -8.340907417625855746e-01 -6.197924702823637944e+01 1.874638394221469703e-02 9.988285950643501776e-01 -4.460551536612653023e-02 -6.236129182564375206e+00 8.352358132010166969e-01 8.881011690943241277e-03 5.497445101815238155e-01 9.166870345704326439e+01
5.383550044668449219e-01 -4.801216890769374052e-02 -8.414987841485590536e-01 -6.304369761256296556e+01 1.805645663091740363e-02 9.988032851377717236e-01 -4.544534608980901891e-02 -6.306531203937592700e+00 8.426745150886330027e-01 9.266792450094258130e-03 5.385782330699442344e-01 9.234719652274857538e+01
5.299211863070261153e-01 -4.811511780850397102e-02 -8.467461015226248611e-01 -6.412126354840681586e+01 1.708379620338671551e-02 9.987923279874076909e-01 -4.605788982553106481e-02 -6.378381884912500688e+00 8.479399415916060168e-01 9.943764515432369430e-03 5.301028590538023888e-01 9.299653367426313366e+01
