1 0 0 0 0 1 0 0 0 0 1 0
0.99986683 0.0011446238 0.016279166 -0.01188198 -0.0011315263 0.99999903 -0.00081375254 -0.0040105169 -0.016280083 0.0007952239 0.99986715 0.10836836
0.9993062 0.003334549 0.037094542 0.019300054 -0.003319345 0.99999438 -0.00047145644 0.00040844794 -0.037095909 0.00034799979 0.99931165 0.25373045
0.99789811 0.0054091583 0.064576361 0.038068978 -0.0054689977 0.99998476 0.0007499068 -0.0028967697 -0.064571326 -0.0011014985 0.99791249 0.40287257
0.99525028 0.0047784068 0.097231896 0.10010587 -0.0050974965 0.99998241 0.0030335905 0.00067350966 -0.097215697 -0.0035148211 0.99525713 0.58830462
0.99094883 0.0017597345 0.13422861 0.17097686 -0.0024535211 0.99998447 0.0050034526 -0.0026348371 -0.13421773 -0.0052874982 0.99093776 0.76291721
0.98466788 -0.0015125942 0.17443301 0.24128451 0.00048439004 0.99998226 0.005936973 -0.0081094949 -0.17443891 -0.005761453 0.98465114 0.96742945
0.97584354 -0.001829285 0.21846288 0.32360166 0.00037661719 0.99997754 0.0066909511 -0.0064419376 -0.21847024 -0.0064470445 0.97582232 1.1811122
0.96389061 -0.0018144925 0.26629231 0.42123631 -0.001011438 0.99994463 0.010474608 0.0010096299 -0.26629659 -0.010365714 0.9638354 1.3928484
0.94978796 -0.0059875492 0.31283697 0.56161672 0.00086003769 0.99986307 0.016525783 0.0098850917 -0.31289311 -0.015426938 0.94966306 1.6317777
0.93229846 -0.015225106 0.3613693 0.69083196 0.006669371 0.99966742 0.024911352 0.00030438034 -0.36162842 -0.02081471 0.93208993 1.8290185
0.91152406 -0.020955842 0.41071247 0.85239115 0.0094182318 0.99950266 0.030095203 -0.0041042148 -0.41113892 -0.023564316 0.91126809 2.0349998
0.88645022 -0.022649538 0.46226938 1.0651935 0.00795166 0.99939972 0.033718849 0.00036873536 -0.46275565 -0.026214272 0.88609821 2.324297
0.85824252 -0.025127859 0.51262887 1.2270836 0.0063940067 0.99924675 0.038275884 0.018663826 -0.51320456 -0.029572238 0.85775671 2.5091667
0.82603235 -0.030310927 0.56280705 1.4456546 0.0075817535 0.9990601 0.042678328 0.020829303 -0.56357174 -0.030986615 0.82548577 2.7714446
0.79024105 -0.035811991 0.61174877 1.6774459 0.0094115345 0.99888244 0.04631736 0.025382718 -0.61272387 -0.030844384 0.78969495 2.9550925
0.7521379 -0.040322214 0.65777098 1.9479004 0.010565069 0.99873587 0.04914302 0.033991564 -0.65892108 -0.030012932 0.75161311 3.1770573
0.71282302 -0.043676458 0.69998262 2.2378657 0.012156871 0.99867852 0.049934159 0.043577095 -0.70123861 -0.02708462 0.71241201 3.4502091
0.67079977 -0.04558479 0.74023622 2.5331437 0.011028058 0.99861198 0.051502342 0.062451381 -0.74155654 -0.026384391 0.67037139 3.624649
0.62761282 -0.045742234 0.77718064 2.8749702 0.0067923244 0.99855616 0.053286504 0.080498977 -0.77849603 -0.02816443 0.62701734 3.8102742
0.58674239 -0.046509862 0.80843685 3.2486267 0.0037772634 0.99849555 0.054702614 0.095888569 -0.80976488 -0.029042664 0.58603534 4.0082357
0.54734914 -0.047768102 0.83553999 3.6268298 0.0024121498 0.99845567 0.055501884 0.12194302 -0.83690093 -0.028363461 0.54661908 4.226691
0.50728404 -0.050478743 0.86029921 4.0189405 0.0012281917 0.99832434 0.057853262 0.13196621 -0.86177808 -0.028291424 0.506496 4.4494402
0.47007011 -0.049956165 0.88121416 4.4523717 -0.0020747307 0.99833168 0.057702307 0.15563039 -0.88262668 -0.028952412 0.46918224 4.6597793
0.43337334 -0.049385982 0.89986027 4.9138799 -0.0030987125 0.99840983 0.056286904 0.17806093 -0.90120919 -0.027181652 0.43253117 4.8258483
0.39970587 -0.048175677 0.91537656 5.4144026 -0.0016630543 0.99857819 0.05328071 0.19966852 -0.91664198 -0.022818933 0.39905745 5.0374633
0.36993224 -0.046322393 0.92790317 5.920896 0.00015936129 0.99875939 0.049796113 0.22188471 -0.92905876 -0.018273315 0.36948068 5.2059313
0.34454789 -0.044630075 0.93770722 6.4521243 0.00098288575 0.99888589 0.047180718 0.24219744 -0.93876827 -0.015334357 0.34420789 5.3657898
0.32390262 -0.044055899 0.94506407 7.0217031 0.0025533729 0.99895227 0.045692877 0.26824283 -0.94608702 -0.012386941 0.32367575 5.5529051
0.30919083 -0.044460176 0.94996013 7.6103795 0.0032616133 0.99895028 0.045691438 0.29233281 -0.95099446 -0.01102897 0.30901128 5.7355734
0.29397989 -0.04593861 0.95470697 8.2247637 0.0038363761 0.998893 0.046883431 0.31162816 -0.95580395 -0.01012017 0.29383069 5.8504236
0.28566003 -0.047647625 0.95714574 8.8511454 0.0034629858 0.99880803 0.048688085 0.33615448 -0.9583248 -0.010593657 0.28548454 6.0998865
0.27608909 -0.049714228 0.95984542 9.5112594 0.0016613823 0.99868458 0.051247984 0.36770125 -0.96113065 -0.012554339 0.27580851 6.2780295
0.26561915 -0.051387946 0.96270747 10.19837 0.001162551 0.99859475 0.052982799 0.39459541 -0.96407738 -0.012954049 0.26530562 6.4600622
0.25601456 -0.053245203 0.96520537 10.939065 0.00054051899 0.99848962 0.054937947 0.42198152 -0.96667281 -0.013543202 0.25565666 6.6587287
0.24444808 -0.054622695 0.96812263 11.659909 -0.00038652004 0.99840654 0.056428946 0.45249236 -0.96966235 -0.014168146 0.24403744 6.8487241
0.23367655 -0.056043319 0.97069786 12.398834 -0.0010113102 0.99832294 0.057881708 0.48660288 -0.9723139 -0.014507274 0.23322798 7.0458352
0.22261019 -0.058920484 0.97312538 13.137345 -0.0021171208 0.99814044 0.060919396 0.51923565 -0.97490528 -0.015621502 0.22207149 7.1776802
0.21218658 -0.062694757 0.97521595 13.939938 -0.0040830679 0.99787432 0.065039809 0.5611692 -0.97722068 -0.017782447 0.21147955 7.3665911
0.20008535 -0.066419297 0.97752455 14.74472 -0.0031818694 0.99765029 0.068438052 0.59918156 -0.97977335 -0.016803807 0.19940387 7.5560294
0.19079413 -0.069062162 0.9791976 15.510549 -0.0040139484 0.99745882 0.07113222 0.63590497 -0.98162191 -0.017502058 0.19003208 7.7350585
0.17528425 -0.069443804 0.98206563 16.324912 -0.0055382497 0.99742391 0.071518313 0.66921329 -0.98450233 -0.017974958 0.1744481 7.8858034
0.16069553 -0.068897378 0.98459637 17.109391 -0.0060236902 0.99747365 0.070781592 0.71178331 -0.98698569 -0.017305189 0.15987454 7.9960162
0.14458602 -0.067642322 0.98717745 17.91917 -0.0080345461 0.99754753 0.069529661 0.74898432 -0.98945966 -0.017984539 0.14368795 8.1007394
0.12302779 -0.066131317 0.99019732 18.723508 -0.010212523 0.99764005 0.067897249 0.78804152 -0.99235072 -0.018465661 0.12206209 8.2291248
0.097820102 -0.064782743 0.99309332 19.568856 -0.014648378 0.99767725 0.066524638 0.82636058 -0.99509635 -0.021054652 0.096643927 8.3177806
0.067511051 -0.064163885 0.99565314 20.383207 -0.019397003 0.99765691 0.065608245 0.8622594 -0.99753 -0.023741968 0.066108278 8.3311012
0.034317534 -0.06425363 0.99734332 21.221978 -0.021114054 0.99766182 0.065000661 0.90826917 -0.99918796 -0.023288623 0.032880637 8.3865823
0.0016137295 -0.063530817 0.99797853 22.097366 -0.023063121 0.99771205 0.063551146 0.93815599 -0.99973275 -0.023119054 0.00014481688 8.3568731
-0.033052177 -0.062445526 0.99750089 22.912981 -0.024271621 0.99780204 0.061660138 0.9705704 -0.99915891 -0.022172961 -0.034495186 8.3561841
-0.065780074 -0.060552584 0.99599512 23.721523 -0.027381864 0.99789068 0.058859403 1.0052137 -0.99745842 -0.023400427 -0.067299367 8.2771743
-0.10200355 -0.05677652 0.99316243 24.562083 -0.030147498 0.9980878 0.053961768 1.0315736 -0.99432715 -0.02443707 -0.10352017 8.2312641
-0.13301259 -0.052431521 0.98972648 25.397131 -0.027211582 0.99841648 0.049234826 1.0585102 -0.99074077 -0.020383171 -0.13422871 8.0621798
-0.1606732 -0.04721647 0.9858776 26.295993 -0.022507621 0.99877064 0.04416578 1.0779534 -0.98675104 -0.015093501 -0.16153841 7.9420718
-0.19169789 -0.041225016 0.98058775 27.089645 -0.016616466 0.99911056 0.038755336 1.0918569 -0.98131335 -0.0088645859 -0.19221241 7.7451239
-0.22373462 -0.035234216 0.97401298 27.915734 -0.0094949192 0.99937772 0.033970747 1.1090497 -0.97460389 -0.0016477414 -0.22392994 7.5572824
-0.25145399 -0.028438179 0.96745133 28.714353 -0.0011341006 0.99957622 0.02908772 1.1215292 -0.96786863 0.0062170372 -0.25137968 7.32737
-0.27706431 -0.018541755 0.96067242 29.506246 0.0053247797 0.99976881 0.02083205 1.1182398 -0.96083666 0.010887187 -0.27690152 7.0494955
-0.30081165 -0.0035469164 0.95367693 30.30983 0.0094599947 0.99993279 0.006702852 1.1021203 -0.95363669 0.011038076 -0.30075788 6.8176297
-0.32602989 0.013788707 0.94525886 31.098632 0.0089604423 0.99989378 -0.011495126 1.0814404 -0.94531703 0.0047221838 -0.32611881 6.4936106
-0.35238742 0.028987053 0.93540514 31.939475 0.00766664 0.99957607 -0.02808744 1.0520213 -0.93582285 -0.0027262453 -0.35246027 6.2701844
-0.3758013 0.039641447 0.92585197 32.673153 0.012174806 0.99920962 -0.037840613 1.0132822 -0.92662033 -0.0029484826 -0.3759869 5.929937
-0.39971835 0.044279369 0.91556786 33.434598 0.01500126 0.9990148 -0.041765844 0.96323267 -0.91651529 -0.0029599021 -0.39998879 5.5717117
-0.42265353 0.043709233 0.90523667 34.168449 0.018346524 0.99904428 -0.039672757 0.91850656 -0.90610566 -0.00015988417 -0.42305151 5.2644684
-0.44254754 0.040159978 0.89584529 34.888737 0.02290136 0.999177 -0.033478979 0.87545862 -0.8964526 0.0057000363 -0.44310304 4.8574883
-0.4608527 0.038816781 0.88662731 35.623928 0.030704046 0.99914231 -0.027783314 0.83552971 -0.88694539 0.014419032 -0.46164926 4.457369
-0.47514192 0.039675848 0.87901418 36.33052 0.034347977 0.9990578 -0.026527787 0.79469444 -0.87923856 0.017587897 -0.47605703 4.0831981
-0.48628795 0.043197376 0.87273017 37.031176 0.03731139 0.99889285 -0.028652006 0.74595918 -0.87300169 0.018629651 -0.48736131 3.6842447
-0.49686324 0.045651381 0.86662726 37.673091 0.038862104 0.99878411 -0.030332213 0.70829672 -0.86695832 0.018607998 -0.49803322 3.2808493
-0.50706662 0.044937711 0.86073456 38.395523 0.032352632 0.99892849 -0.033093384 0.65364377 -0.86129949 0.011066479 -0.50797715 2.8737996
-0.51818809 0.044103545 0.85412875 39.080261 0.031481476 0.99897635 -0.032483477 0.62497835 -0.85468713 0.010056684 -0.51904609 2.4664612
-0.52651781 0.045701599 0.8489348 39.761784 0.032774338 0.99890293 -0.03344802 0.57927707 -0.84953216 0.010212299 -0.52743803 2.0362464
-0.53370624 0.049271153 0.84423335 40.437934 0.037126851 0.9987039 -0.034815563 0.53760439 -0.84485461 0.012762443 -0.53484378 1.5937831
-0.53824764 0.052045858 0.84117813 41.113338 0.037698901 0.99857917 -0.037662135 0.49739638 -0.84194319 0.011439936 -0.53944495 1.1641544
-0.53661556 0.052978955 0.84216205 41.818885 0.03607346 0.99855502 -0.039831789 0.44442435 -0.84305546 0.0090053424 -0.5377513 0.69545638
-0.53323197 0.054360501 0.84422067 42.594983 0.039031566 0.99845147 -0.039638265 0.40379113 -0.8450682 0.011814866 -0.53452803 0.24533633
-0.52831906 0.053204008 0.84737727 43.303245 0.037533502 0.99852257 -0.039292696 0.35809707 -0.84821593 0.011045958 -0.52953544 -0.20020216
-0.52134144 0.052141696 0.85175365 44.053661 0.035551179 0.99859205 -0.039370515 0.31661733 -0.85260734 0.0097553668 -0.52246111 -0.6614441
-0.51347941 0.051189077 0.85657371 44.860073 0.033139203 0.9986574 -0.039814497 0.26447184 -0.85746181 0.0079422461 -0.51448637 -1.1236124
-0.50712641 0.049886735 0.86042667 45.677342 0.030221042 0.99873879 -0.040093978 0.21563792 -0.86134172 0.0056702756 -0.50799445 -1.6030646
-0.50309573 0.047458519 0.8629266 46.47434 0.026560449 0.99886848 -0.039449901 0.17054401 -0.86382249 0.0030726417 -0.50378699 -2.0486701
-0.50193493 0.044945567 0.86373674 47.30785 0.02168697 0.9989889 -0.039380834 0.12216195 -0.86463349 -0.0010347821 -0.50240215 -2.5090786
-0.50204843 0.042509539 0.8637941 48.131225 0.018967835 0.99909223 -0.038143554 0.070336408 -0.86463152 -0.002765606 -0.502399 -2.993732
-0.50320695 0.041547522 0.86316656 49.00747 0.017671345 0.99912944 -0.037789934 0.020581111 -0.86398527 -0.0037628429 -0.50350308 -3.4792124
-0.5037567 0.040463871 0.86289733 49.856652 0.01755386 0.99917557 -0.036606482 -0.033533232 -0.86366725 -0.0032935809 -0.50405169 -3.9915123
-0.50378486 0.040236584 0.86289152 50.745354 0.017735895 0.99918582 -0.036237172 -0.078686897 -0.8636471 -0.0029515848 -0.50408832 -4.4879495
-0.50394825 0.039648551 0.86282333 51.621768 0.018359149 0.99921189 -0.035192885 -0.13004506 -0.86353875 -0.00189469 -0.50427899 -4.9811139
-0.50406997 0.039347188 0.86276602 52.51838 0.017998519 0.9992233 -0.035054826 -0.18572358 -0.86347529 -0.0021415737 -0.50438665 -5.5097814
-0.50445786 0.037488002 0.86262208 53.393296 0.015418975 0.99928884 -0.034410338 -0.24386971 -0.86329866 -0.0040578167 -0.50467714 -6.02319
-0.50438573 0.036855199 0.86269152 54.315165 0.015087233 0.99931234 -0.033870819 -0.30117171 -0.86334667 -0.0040683295 -0.50459493 -6.5357282
-0.50292766 0.036231671 0.86356874 55.208013 0.014039409 0.99933165 -0.033751391 -0.35362255 -0.86421451 -0.0048505124 -0.5031002 -7.0623268
-0.50219615 0.034624822 0.86406023 56.098261 0.013102809 0.99938804 -0.032432289 -0.41189314 -0.8646545 -0.0049657542 -0.50234251 -7.5618728
-0.50002925 0.032526797 0.86539742 56.996623 0.013756561 0.99946664 -0.029617334 -0.46325847 -0.86589928 -0.00290464 -0.50021001 -8.0792244
-0.49740263 0.031219964 0.86695783 57.88411 0.014072928 0.99951112 -0.027919223 -0.51791626 -0.86740569 -0.001686459 -0.49759882 -8.5825409
-0.49532465 0.030980637 0.8681553 58.768712 0.014350151 0.99951932 -0.027480982 -0.56994588 -0.86858945 -0.0011538472 -0.49553113 -9.0845901
-0.49327635 0.031362244 0.86930707 59.666163 0.015400716 0.99950808 -0.027320618 -0.61760679 -0.86973635 -8.8662564e-05 -0.4935167 -9.5861521
-0.49233575 0.03199194 0.8698172 60.567597 0.015346026 0.99948801 -0.028075051 -0.67139555 -0.87027011 -0.00047411321 -0.49257463 -10.067702
-0.49236876 0.033181615 0.86975394 61.462913 0.014633139 0.9994474 -0.029845656 -0.72260537 -0.87026372 -0.0019678381 -0.49258223 -10.580008
-0.49523753 0.034816974 0.86805962 62.327938 0.012858117 0.99938091 -0.032748437 -0.77850799 -0.86866249 -0.0050566419 -0.49537862 -11.077052
-0.49954357 0.0355811 0.86555771 63.202729 0.011760583 0.99934261 -0.034293247 -0.83488062 -0.86620897 -0.0069515075 -0.49963363 -11.575714
-0.50581449 0.033690015 0.86198412 64.068874 0.011310711 0.9994102 -0.032424057 -0.88750789 -0.86256816 -0.0066509042 -0.50589722 -12.06435
-0.5101239 0.03232445 0.85949327 64.945095 0.01507923 0.99947607 -0.028639245 -0.9444042 -0.85996877 -0.0016490659 -0.51034406 -12.588736
-0.51581356 0.030304742 0.85616467 65.794131 0.012792493 0.99953519 -0.02767238 -0.99061944 -0.85660539 -0.0033213079 -0.51596147 -13.097337
-0.52081991 0.032355223 0.85305317 66.646923 0.013603837 0.99946916 -0.029602958 -1.0477674 -0.85355821 -0.0038130132 -0.52098359 -13.612767
-0.52632941 0.034700911 0.84957232 67.477826 0.014026084 0.99938526 -0.032130563 -1.0986408 -0.85016509 -0.0049950865 -0.52649258 -14.108358
-0.53072798 0.034794286 0.84682767 68.30909 0.012366112 0.99936851 -0.033311701 -1.1523669 -0.84745204 -0.0072074851 -0.5308231 -14.646949
-0.53477928 0.035270217 0.84425534 69.144041 0.01155573 0.99934032 -0.034429375 -1.2109683 -0.8449128 -0.0086561287 -0.53483407 -15.146859
-0.53754062 0.03399653 0.84255223 69.955006 0.010788979 0.99938245 -0.033441274 -1.2677066 -0.84316887 -0.0088857643 -0.53757545 -15.679773
-0.54069436 0.027865884 0.84075742 70.80126 0.01338507 0.99960966 -0.024522857 -1.309544 -0.84111266 -0.0020057723 -0.54085629 -16.198689
-0.54212826 0.019934982 0.84005922 71.618636 0.014286266 0.99979272 -0.014505953 -1.3469812 -0.84017433 0.0041372231 -0.54230069 -16.739009
-0.5443335 0.01802696 0.83867515 72.435607 0.015478777 0.9998147 -0.011444243 -1.3856328 -0.83872612 0.0067521817 -0.54451167 -17.257572
-0.54548484 0.022239627 0.83782553 73.236418 0.014307865 0.99974931 -0.017222353 -1.4248161 -0.83799859 0.0025929623 -0.5456663 -17.773094
-0.54629168 0.026918112 0.83716232 74.018136 0.014420142 0.99963758 -0.022732451 -1.4666346 -0.83747091 -0.00034654867 -0.54648186 -18.291948
-0.54742427 0.032501118 0.83622382 74.835633 0.020915837 0.99946477 -0.025153414 -1.5082137 -0.83659384 0.0037207327 -0.54781107 -18.818885
-0.54690983 0.033046891 0.83653899 75.623555 0.023781281 0.99943064 -0.02393416 -1.5522151 -0.83685372 0.0068041425 -0.54738434 -19.34176
-0.54708173 0.030435356 0.83652568 76.423904 0.023635236 0.999502 -0.020907658 -1.5943242 -0.83674549 0.0083332847 -0.54752863 -19.858391
-0.54618346 0.025071212 0.83729027 77.230243 0.021512461 0.99964215 -0.015899492 -1.6244365 -0.83738934 0.0093281356 -0.54652735 -20.38446
-0.54541021 0.019928258 0.83793228 78.015419 0.020829654 0.99973082 -0.010218233 -1.6557684 -0.83791043 0.011880711 -0.5456785 -20.886855
-0.5443943 0.013481394 0.83872107 78.825099 0.012012827 0.9998936 -0.0082747945 -1.6902237 -0.83874346 0.0055706611 -0.54449833 -21.399172
-0.54372922 0.0078665928 0.8392238 79.624283 0.0027765118 0.99996746 -0.0075744574 -1.721691 -0.83925615 -0.0017883383 -0.54373337 -21.88565
-0.54173641 0.0088528557 0.84050177 80.410224 0.0066393894 0.99995841 -0.0062530355 -1.7436974 -0.84052224 0.0021929224 -0.54177266 -22.391486
-0.53923556 0.011571021 0.84207545 81.197597 0.011428011 0.99991408 -0.0064217947 -1.7728087 -0.84207747 0.0061603883 -0.53932147 -22.892476
-0.5331223 0.013989061 0.84592249 81.986315 0.011143981 0.99989266 -0.0095120458 -1.8071028 -0.84596483 0.0043558614 -0.53322097 -23.391366
-0.52603706 0.016574261 0.85030009 82.783539 0.01703228 0.99981487 -0.0089516413 -1.8278505 -0.85029111 0.0097736554 -0.52622197 -23.886956
-0.51796756 0.019828277 0.85517038 83.583708 0.025422476 0.99964652 -0.007780028 -1.8631408 -0.85502243 0.017710748 -0.51828856 -24.372767
-0.50812688 0.018875831 0.86107532 84.38723 0.023309417 0.999695 -0.0081594853 -1.8883087 -0.86096678 0.015925111 -0.50841189 -24.84508
-0.49714721 0.015720404 0.86752375 85.205758 0.01868805 0.99979792 -0.0074078829 -1.9176081 -0.86746497 0.01252952 -0.49734053 -25.297519
-0.48530154 0.013015181 0.87424994 86.015479 0.020135038 0.9997904 -0.0037070488 -1.9425142 -0.87411501 0.01580402 -0.48546188 -25.741381
-0.47431367 0.012208517 0.88027123 86.834314 0.020602382 0.99978393 -0.0027649282 -1.9648516 -0.88011485 0.016824242 -0.4744627 -26.171496
-0.46349103 0.010918023 0.88603431 87.660709 0.019733682 0.99980328 -0.0019970893 -1.9867363 -0.88588188 0.016559088 -0.46361531 -26.593437
-0.44993333 0.012913612 0.89296874 88.499983 0.023270862 0.99972546 -0.002732156 -2.0061238 -0.89275894 0.019550866 -0.45011032 -27.016631
-0.43774041 0.015105159 0.89897447 89.326412 0.021587235 0.9997472 -0.0062868693 -2.0426942 -0.89884225 0.016654358 -0.43795583 -27.400887
-0.42680395 0.025585792 0.90398213 90.153183 0.024607843 0.99955814 -0.016672631 -2.0667749 -0.90400935 0.015129107 -0.42724497 -27.789677
-0.41405859 0.030859402 0.90972694 90.979927 0.02540386 0.99942763 -0.022339727 -2.0930186 -0.90989571 0.013860621 -0.41460554 -28.160707
-0.40281121 0.026367546 0.91490317 91.83477 0.021272879 0.99958465 -0.019442101 -2.1297513 -0.91503588 0.011631129 -0.40320482 -28.5285
-0.39048758 0.023205083 0.92031565 92.678273 0.023746749 0.99960353 -0.015128583 -2.1657406 -0.92030191 0.015946982 -0.39088381 -28.87275
-0.38097665 0.023220818 0.92429298 93.516121 0.019514828 0.99966383 -0.017070687 -2.2069061 -0.92437873 0.011533887 -0.38130172 -29.208961
-0.3742346 0.027879511 0.92691484 94.366007 0.015482855 0.99959649 -0.023814529 -2.2423092 -0.92720484 0.0054390679 -0.37451525 -29.539988
-0.36854777 0.03144068 0.92907694 95.208885 0.0051008963 0.99948124 -0.031799782 -2.2909186 -0.92959486 -0.0069806128 -0.36851696 -29.846998
-0.3651313 0.035059432 0.9302956 96.048492 0.0053757504 0.99935337 -0.035552039 -2.3268916 -0.93094055 -0.0079801249 -0.36508367 -30.171523
-0.36176955 0.034829633 0.93161667 96.896411 0.0046318273 0.99935668 -0.035563523 -2.3764615 -0.93225609 -0.0085507116 -0.36169815 -30.495842
-0.3566456 0.034323468 0.93360899 97.754125 0.0026877186 0.99935844 -0.035713969 -2.4291119 -0.93423592 -0.010227951 -0.35650905 -30.814198
-0.35149422 0.030822946 0.93568247 98.577864 0.0016684218 0.9994769 -0.032297688 -2.4704127 -0.9361886 -0.009791337 -0.35136178 -31.115424
-0.34567485 0.026555353 0.93797848 99.448566 0.0012978415 0.99961205 -0.027821979 -2.5197981 -0.9383535 -0.0084000105 -0.34557521 -31.426835
-0.34015295 0.023250887 0.9400826 100.3049 -0.0017501266 0.9996769 -0.025358074 -2.5674536 -0.94036854 -0.010270887 -0.34000236 -31.725019
-0.33419362 0.022534946 0.94223496 101.14886 -0.0048494072 0.99965978 -0.025628341 -2.6088771 -0.942492 -0.013134109 -0.33397064 -32.009822
-0.32794457 0.021929694 0.94444236 102.0028 -0.016893314 0.99943454 -0.029072565 -2.6480329 -0.94454595 -0.025488951 -0.32738867 -32.285722
-0.32104257 0.025620401 0.94671812 102.8436 -0.013603514 0.99940614 -0.031659362 -2.6943759 -0.9469671 -0.023042696 -0.32050339 -32.563403
-0.31434456 0.029394729 0.94885371 103.70684 -0.012361034 0.99930901 -0.035052864 -2.7453327 -0.94922852 -0.02274749 -0.313764 -32.839873
-0.30748483 0.027858795 0.95114504 104.55567 -0.013768991 0.99933642 -0.033721526 -2.7866055 -0.9514534 -0.023465165 -0.3068972 -33.110972
-0.3007949 0.022304991 0.95342794 105.41183 -0.014960588 0.99949309 -0.028102544 -2.8328896 -0.95357154 -0.022716945 -0.30030873 -33.372942
-0.29390483 0.020089725 0.9556235 106.25942 -0.014080713 0.99957961 -0.025344361 -2.86907 -0.95573101 -0.02090469 -0.2934984 -33.611134
-0.28730578 0.022813227 0.95756716 107.11451 -0.016873359 0.99944065 -0.028873461 -2.9153802 -0.95769032 -0.024452887 -0.28676014 -33.864443
-0.28094243 0.025547462 0.95938449 107.98147 -0.017414566 0.99934535 -0.031711192 -2.9636771 -0.95956665 -0.025616284 -0.28031362 -34.111204
-0.2741838 0.026582226 0.96130981 108.82582 -0.018634346 0.99928337 -0.032947141 -3.0014731 -0.96149679 -0.026946952 -0.27349197 -34.338221
-0.2671781 0.025677045 0.96330497 109.70535 -0.019041564 0.99930909 -0.031918025 -3.0488198 -0.96345906 -0.026870631 -0.26650458 -34.572885
-0.25944112 0.02552724 0.96542145 110.54632 -0.015509792 0.99941155 -0.030593991 -3.0928393 -0.96563442 -0.022910825 -0.25889254 -34.793702
-0.25176019 0.026613527 0.96742361 111.41768 -0.011371959 0.99947146 -0.030454565 -3.1384048 -0.96772288 -0.018668748 -0.25132448 -35.018657
-0.24463331 0.027348186 0.96922987 112.3021 -0.0098049253 0.99948127 -0.03067653 -3.1855435 -0.96956613 -0.017007727 -0.24423827 -35.242848
-0.23814867 0.02630787 0.9708723 113.14607 -0.016723543 0.9993738 -0.031182354 -3.2294432 -0.97108476 -0.02366246 -0.23755959 -35.427838
-0.23236351 0.02418179 0.97232832 114.01934 -0.021011439 0.99933279 -0.029874626 -3.2708654 -0.97240208 -0.02737179 -0.23170038 -35.62069
-0.2274959 0.024301324 0.97347572 114.89764 -0.019213249 0.99938193 -0.029438061 -3.3164862 -0.97358952 -0.02540067 -0.22688839 -35.828223
-0.22317363 0.0240068 0.974483 115.75481 -0.018214636 0.99941944 -0.028792588 -3.3625981 -0.97460856 -0.024175599 -0.22260679 -36.013726
-0.21841823 0.025874315 0.97551213 116.64448 -0.017070539 0.99939416 -0.030329868 -3.4042198 -0.97570598 -0.023277114 -0.21784422 -36.208347
-0.21257892 0.024596282 0.97683425 117.49283 -0.011936754 0.99954318 -0.027765761 -3.445349 -0.97707103 -0.017562645 -0.21218821 -36.397538
-0.20711921 0.02402032 0.97802074 118.3676 -0.0028681459 0.99967933 -0.025159654 -3.4844487 -0.97831155 -0.0080161533 -0.2069839 -36.584383
-0.20210871 0.023015494 0.97909258 119.25582 -4.6941523e-05 0.9997236 -0.023510155 -3.5293993 -0.97936313 -0.0047975665 -0.20205177 -36.771958
-0.19858897 0.024425908 0.9797784 120.11847 -0.0019941456 0.99967725 -0.025326174 -3.5646306 -0.98008088 -0.006983319 -0.19847617 -36.927199
-0.19445306 0.026615235 0.98055064 120.98592 -0.0037520272 0.99960433 -0.027876475 -3.60611 -0.98090469 -0.0090997179 -0.19427626 -37.092035
-0.1927384 0.025642168 0.98091504 121.86972 -0.0068958461 0.99959842 -0.027485524 -3.6474975 -0.98122599 -0.012061754 -0.19248418 -37.259275
-0.19211884 0.024577321 0.98106382 122.72221 -0.0078707784 0.99961561 -0.026583385 -3.6902023 -0.98134015 -0.012828904 -0.19185155 -37.420022
-0.19130095 0.020288221 0.98132169 123.61391 -0.0068021287 0.99973494 -0.021994923 -3.7267927 -0.9815079 -0.010882726 -0.19111225 -37.588538
-0.19032417 0.014933778 0.98160767 124.46381 -0.0058815126 0.999849 -0.016351661 -3.7637007 -0.98170372 -0.0088854534 -0.1902076 -37.743505
-0.18934221 0.012566663 0.9818307 125.33783 -0.0031322374 0.99990528 -0.013402042 -3.7938534 -0.98190621 -0.0056128983 -0.18928492 -37.906166
-0.18821454 0.017449044 0.98197288 126.20815 -0.005349335 0.99980912 -0.018791287 -3.8321671 -0.98211341 -0.0087896947 -0.18808527 -38.067658
-0.18796469 0.021730062 0.98193533 127.044 -0.0055617101 0.99971565 -0.023188173 -3.8693776 -0.98216008 -0.0098197968 -0.18779039 -38.218895
-0.18820688 0.020468483 0.98191605 127.89552 -0.0094013823 0.99969945 -0.022641177 -3.9025829 -0.98208445 -0.013492593 -0.18795789 -38.374827
-0.1872328 0.019861516 0.98211472 128.75905 -0.0091944063 0.99971634 -0.021970321 -3.9415204 -0.98227258 -0.013143526 -0.18699708 -38.53784
-0.18657318 0.019901202 0.98223944 129.59642 -0.0039087214 0.99977186 -0.020998875 -3.978746 -0.98243333 -0.0077571265 -0.18645283 -38.695247
-0.18625495 0.022470152 0.98224442 130.44599 -0.0071470911 0.999681 -0.02422428 -4.0198634 -0.98247549 -0.011532082 -0.18603494 -38.844299
-0.18659122 0.024124979 0.98214134 131.28014 -0.016187883 0.99948723 -0.027626496 -4.0515359 -0.98230431 -0.02105365 -0.18610501 -38.987538
-0.18570381 0.025684486 0.98226998 132.10404 -0.018682477 0.99938532 -0.029664047 -4.0872261 -0.98242819 -0.023859962 -0.18510981 -39.12815
-0.18590547 0.028413617 0.98215668 132.9496 -0.021838326 0.99921539 -0.033040743 -4.1403527 -0.98232496 -0.027591112 -0.1851391 -39.278398
-0.18529969 0.02951721 0.98223861 133.7755 -0.017875625 0.99928214 -0.033401626 -4.1865923 -0.9825195 -0.02374744 -0.18463903 -39.431765
-0.18359367 0.030806865 0.98251932 134.60199 -0.018779358 0.99921647 -0.034839515 -4.2290935 -0.98282286 -0.024847395 -0.18287128 -39.576782
-0.1817266 0.029440251 0.98290825 135.42375 -0.014920811 0.99935411 -0.032691498 -4.2702444 -0.98323593 -0.020606703 -0.18116995 -39.731532
-0.17831761 0.027137758 0.98359864 136.24649 -0.0041484479 0.99958999 -0.028331038 -4.3143429 -0.98396428 -0.0091323299 -0.17813192 -39.885135
-0.17606697 0.022237974 0.98412693 137.06037 0.0017732949 0.99975034 -0.022273755 -4.3558294 -0.98437664 -0.0021765244 -0.17606245 -40.037464
-0.17202538 0.022437381 0.98483692 137.87784 0.0064391866 0.99974483 -0.021652266 -4.3857682 -0.98507151 0.0026168103 -0.17212596 -40.178462
-0.16730007 0.026830962 0.98554082 138.68181 0.0034421792 0.99963942 -0.026630464 -4.43634 -0.98590006 -0.0010628695 -0.1673321 -40.307889
-0.16109698 0.029819842 0.98648794 139.493 0.002601181 0.9995528 -0.029789986 -4.4773206 -0.98693519 -0.0022330423 -0.16110251 -40.434293
-0.15335528 0.029956166 0.98771691 140.2794 -0.0026308686 0.99952448 -0.030722748 -4.5147302 -0.98816766 -0.0073100483 -0.15320355 -40.546461
-0.14304629 0.026899997 0.98935032 141.08334 0.0084471811 0.99962734 -0.025958078 -4.5411378 -0.98967999 0.0046440154 -0.14322022 -40.66157
-0.1308902 0.025822663 0.99106047 141.89662 0.019894246 0.99952785 -0.023415835 -4.5760362 -0.99119728 0.016651499 -0.13134213 -40.771026
-0.11744247 0.027455002 0.99270006 142.68458 0.015535121 0.99954624 -0.025806445 -4.6231075 -0.99295821 0.012390944 -0.1178157 -40.861323
-0.10325355 0.028573809 0.99424452 143.47693 0.013472722 0.99953576 -0.027326714 -4.6634941 -0.99456386 0.010573601 -0.10359058 -40.934158
-0.089709284 0.028700956 0.99555433 144.22955 0.017966776 0.99946868 -0.027194818 -4.6900931 -0.99580597 0.015447276 -0.090177284 -40.997713
-0.075796902 0.030440337 0.99665848 145.0445 0.023502411 0.99931076 -0.02873396 -4.72806 -0.9968463 0.021245934 -0.076460083 -41.053607
-0.062251768 0.036053445 0.99740903 145.81278 0.017950215 0.99922614 -0.034998791 -4.7809559 -0.99789909 0.015724971 -0.062850763 -41.091092
-0.049191935 0.045279656 0.99776241 146.58377 0.0097475449 0.99894605 -0.044852793 -4.8315859 -0.99874182 0.0075193392 -0.049581456 -41.10771
-0.035991098 0.053924473 0.99789614 147.30785 0.0016244728 0.99854497 -0.053900943 -4.8733233 -0.99935083 -0.00031889809 -0.03602633 -41.114399
-0.02252404 0.054955459 0.99823468 148.07882 0.0025157727 0.99848799 -0.054912637 -4.9246185 -0.99974318 0.001274478 -0.022628241 -41.125509
-0.010565922 0.050903465 0.99864764 148.86966 0.0016426585 0.99870297 -0.050888904 -4.979758 -0.99994287 0.0011027497 -0.010635836 -41.121223
0.0009115252 0.048177201 0.99883835 149.64852 0.0030831321 0.99883392 -0.0481798 -5.0331085 -0.99999487 0.0031234686 0.00076192408 -41.115874
0.0093357155 0.05408815 0.99849248 150.3819 -0.0047332853 0.99852724 -0.054045776 -5.0972457 -0.99994526 -0.004221593 0.0095779794 -41.082016
0.015989872 0.06274095 0.9979017 151.12429 -0.010878056 0.99798119 -0.062571641 -5.1469203 -0.99981302 -0.0098547175 0.01664009 -41.062503
0.019417605 0.066117552 0.99762285 151.89208 -0.013382635 0.99773881 -0.065864758 -5.2018939 -0.99972193 -0.012071886 0.020258523 -41.035817
0.019100174 0.061997451 0.99789349 152.63603 -0.017558703 0.99794248 -0.06166441 -5.2575509 -0.99966342 -0.016343914 0.020149468 -41.0103
0.017948792 0.056561697 0.99823771 153.39726 -0.010474106 0.99835444 -0.05637998 -5.3299403 -0.99978409 -0.0094436941 0.018511688 -40.995725
0.014626202 0.054001098 0.99843371 154.1425 -0.011165204 0.99848713 -0.053840425 -5.3778653 -0.99983073 -0.010360235 0.015207006 -40.975606
0.011394874 0.053964606 0.99847779 154.90284 -0.012129539 0.99847665 -0.053826117 -5.4337183 -0.99986155 -0.011497733 0.01203208 -40.960722
0.0082844955 0.054408688 0.99848434 155.64249 -0.012030387 0.99845181 -0.054307096 -5.4885726 -0.99989336 -0.011562245 0.0089262255 -40.95875
0.0037153965 0.052600566 0.99860868 156.38984 -0.0091250179 0.99857582 -0.052564883 -5.5426842 -0.99995151 -0.008917022 0.0041900847 -40.951628
-0.0015096246 0.052866752 0.99860039 157.12667 -0.011893899 0.99852999 -0.052881004 -5.5938999 -0.99992817 -0.011957082 -0.00087861515 -40.949702
-0.0076700246 0.051195586 0.99865915 157.87149 -0.010706989 0.99862711 -0.051276176 -5.6452684 -0.9999133 -0.011085922 -0.0071113455 -40.946146
-0.013521142 0.048262346 0.99874313 158.60581 -0.0083267685 0.99879441 -0.048377551 -5.6939879 -0.99987396 -0.0089704219 -0.013102973 -40.957797
-0.018452721 0.048254369 0.99866457 159.33881 -0.010149769 0.99877417 -0.048447204 -5.7478381 -0.99977826 -0.011030197 -0.017940332 -40.970647
-0.024688513 0.049262558 0.99848064 160.06448 -0.011794533 0.99870125 -0.049565073 -5.795494 -0.99962566 -0.013000301 -0.024075422 -40.980645
-0.028805232 0.051712122 0.99824648 160.77555 -0.015435982 0.99851883 -0.052171647 -5.8515974 -0.99946589 -0.01691173 -0.027964341 -40.992123
-0.031102205 0.053892587 0.9980622 161.49538 -0.01437265 0.99841797 -0.054359685 -5.9037885 -0.99941291 -0.016035504 -0.030278422 -41.012368
-0.032871811 0.055664421 0.99790823 162.20733 -0.013412458 0.99833338 -0.05612995 -5.9606552 -0.99936962 -0.015229494 -0.032070431 -41.033419
-0.0314356 0.054018509 0.99804495 162.93155 -0.0072774927 0.99849965 -0.054272338 -6.0068277 -0.99947933 -0.0089693476 -0.030995317 -41.060337
-0.027643531 0.049848014 0.99837414 163.64157 -0.0019740057 0.99875119 -0.049921496 -6.0525396 -0.99961594 -0.0033508019 -0.027510611 -41.081488
-0.020451456 0.049572284 0.99856109 164.35741 -0.0038354134 0.99875878 -0.04966065 -6.1141846 -0.99978353 -0.0048455264 -0.020235943 -41.089049
-0.0098035576 0.050909893 0.99865509 165.05194 -0.0014879911 0.99870128 -0.050926853 -6.1633637 -0.99995088 -0.0019852534 -0.0097150736 -41.087967
0.0043559099 0.050975276 0.99869037 165.72984 0.002154541 0.99869709 -0.050985015 -6.2102173 -0.99998823 0.0023738064 0.0042404047 -41.082532
0.01983149 0.048964748 0.99860357 166.42267 -0.0005500028 0.99880042 -0.048963476 -6.2599825 -0.99980323 0.00042178476 0.019834629 -41.058971
0.035815335 0.043940364 0.99839192 167.12544 -0.0016807392 0.99903415 -0.043908334 -6.2967862 -0.99935705 -0.00010544386 0.035854594 -41.013077
0.052459995 0.037519476 0.99791791 167.79092 -0.004995685 0.99929131 -0.037308491 -6.3411709 -0.99861057 -0.0030280796 0.052610251 -40.962426
0.06926436 0.029972853 0.99714793 168.46242 -0.0048908502 0.99954674 -0.029705226 -6.3785527 -0.99758639 -0.0028193869 0.069379556 -40.904356
0.087086068 0.022284343 0.99595148 169.16384 -0.0049148892 0.99974722 -0.021939513 -6.4129154 -0.99618871 -0.0029843644 0.087173578 -40.831895
0.10436558 0.015974381 0.99441066 169.81061 -0.0059024466 0.99986334 -0.015442498 -6.4447015 -0.99452153 -0.0042577897 0.10444561 -40.747769
0.12242516 0.013600244 0.99238452 170.47313 -0.0076137951 0.99988955 -0.012763824 -6.4755856 -0.99244859 -0.0059931986 0.12251518 -40.649867
0.14069699 0.012757962 0.98997046 171.10994 -0.0066220694 0.99990673 -0.011944867 -6.4948301 -0.9900306 -0.0048750454 0.14076835 -40.547567
0.15810194 0.012220244 0.98734713 171.7514 -0.0078407539 0.99990743 -0.011120175 -6.5169429 -0.98739171 -0.0059834239 0.15818312 -40.429871
0.17434074 0.011873184 0.98461376 172.39263 -0.014046902 0.99985554 -0.0095697636 -6.5332626 -0.98458523 -0.012162373 0.17448234 -40.302788
0.18845591 0.0082603539 0.98204687 173.0165 -0.016449295 0.9998509 -0.0052534711 -6.5526056 -0.98194392 -0.015163931 0.18856369 -40.162017
0.20086882 0.0039973389 0.97960995 173.63374 -0.011921871 0.99992759 -0.0016356684 -6.5713624 -0.97954564 -0.011350228 0.20090193 -40.026121
0.21181346 0.0021893559 0.97730762 174.26235 -0.0075822863 0.99997108 -0.00059680467 -6.5898849 -0.97728074 -0.0072838142 0.21182393 -39.889349
0.22141677 0.005606206 0.97516312 174.86248 -0.011676572 0.99992703 -0.0030973359 -6.6089516 -0.97510941 -0.010700759 0.22146607 -39.73646
0.23042167 0.012695235 0.97300802 175.47551 -0.015621764 0.99983429 -0.0093457992 -6.6271664 -0.97296552 -0.013046626 0.23058181 -39.577225
0.24013893 0.023018146 0.97046555 176.05072 -0.016557669 0.99967052 -0.019613701 -6.6460812 -0.97059735 -0.011358633 0.24044093 -39.420224
0.24775676 0.02981848 0.96836324 176.63449 -0.012626786 0.99954073 -0.02754794 -6.6607575 -0.96874002 -0.0054021259 0.24801949 -39.271519
0.25432197 0.028226479 0.96670757 177.23549 -0.011540681 0.9995914 -0.02615051 -6.6804377 -0.96705079 -0.0045058133 0.25454381 -39.105419
0.26024364 0.020874184 0.96531727 177.84039 -0.013506502 0.99974716 -0.017977431 -6.701142 -0.96544855 -0.0083595474 0.26045978 -38.930129
0.26479937 0.010135913 0.96425022 178.44791 -0.018423347 0.99981542 -0.005450402 -6.7232394 -0.96412756 -0.016321453 0.26493723 -38.749346
0.26686655 0.00082852854 0.9637331 179.06459 -0.017510237 0.99983873 0.003989177 -6.750647 -0.96357445 -0.017939773 0.26683802 -38.574036
0.26765005 -0.00025228918 0.96351612 179.67265 -0.013902066 0.99989486 0.0041235962 -6.7684143 -0.96341593 -0.014498545 0.2676184 -38.40843
0.26877615 0.0030921307 0.96319766 180.27159 -0.012285365 0.99992451 0.00021814449 -6.7711668 -0.96312436 -0.011891867 0.26879385 -38.241451
0.27044526 0.0024582073 0.96273217 180.87555 -0.0078006282 0.99996951 -0.00036197915 -6.7827902 -0.96270379 -0.0074120195 0.27045619 -38.071066
0.27240191 0.00048248021 0.9621834 181.48297 -0.0092285715 0.99995519 0.002111263 -6.7834794 -0.96213934 -0.0094546897 0.27239415 -37.889651
0.27472901 -0.0035753514 0.96151501 182.09435 -0.010170098 0.99992634 0.0066240352 -6.8006857 -0.96146795 -0.011598516 0.27467241 -37.711551
0.27796405 -0.0092475164 0.96054692 182.71904 -0.0085240519 0.99989054 0.01209299 -6.809975 -0.9605537 -0.011549168 0.27785479 -37.525113
0.28213025 -0.012357921 0.95929647 183.34157 -0.0072510918 0.99986101 0.01501304 -6.816855 -0.95934875 -0.011191579 0.28200143 -37.338181
0.28851539 -0.013545716 0.9573794 183.94153 -0.0070045481 0.9998433 0.016257414 -6.8145226 -0.95744968 -0.011396524 0.2883753 -37.149321
0.29622262 -0.016715899 0.9549726 184.57701 -0.0049731324 0.99980629 0.019043285 -6.8160793 -0.95510602 -0.010390256 0.2960821 -36.955137
0.3056086 -0.019541756 0.95195663 185.17713 -0.0017906018 0.9997758 0.021098228 -6.8217537 -0.95215558 -0.0081523746 0.30550509 -36.751985
0.3171147 -0.017849885 0.94821916 185.81317 -0.0020915073 0.99980727 0.019520479 -6.8254932 -0.94838493 -0.0081734376 0.31701625 -36.531812
0.3279848 -0.013792694 0.94458227 186.41826 -0.0037681885 0.99986635 0.015908365 -6.8240063 -0.94467553 -0.0087770652 0.32788899 -36.304714
0.34006567 -0.010136734 0.94034702 187.0166 -0.0051575548 0.99990676 0.012643945 -6.8235126 -0.94038759 -0.0091496622 0.33998168 -36.067303
0.35153396 -0.0095137345 0.93612675 187.64741 -0.0038034425 0.9999256 0.011590381 -6.821578 -0.93616744 -0.0076349162 0.35147162 -35.824674
0.36283958 -0.012168644 0.93177212 188.27522 -0.004160091 0.99988362 0.014678131 -6.8272974 -0.93184237 -0.0092020632 0.36274673 -35.567937
0.37368917 -0.014575855 0.92743942 188.89316 -0.0029874958 0.99985242 0.016917653 -6.8261262 -0.92754922 -0.0090926646 0.37359048 -35.315639
0.38508709 -0.014668566 0.92276362 189.52543 -0.0064201794 0.9998069 0.018572537 -6.833318 -0.92285795 -0.013076351 0.38491855 -35.035712
0.39479235 -0.015945669 0.91863195 190.1363 -0.0086603083 0.99974038 0.021075419 -6.8255939 -0.9187296 -0.01627605 0.39455176 -34.74742
0.40155021 -0.014244619 0.91572619 190.77805 -0.013836288 0.99967056 0.021617696 -6.8245907 -0.91573252 -0.021350841 0.40122083 -34.464714
0.40598781 -0.016721573 0.91372546 191.41458 -0.013645921 0.9996102 0.024356476 -6.8206879 -0.91377664 -0.022357057 0.40560138 -34.164866
0.40820762 -0.022093829 0.91262168 192.05679 -0.007786101 0.99958646 0.027681829 -6.8087031 -0.91285595 -0.018405698 0.40786678 -33.877773
0.40818085 -0.020368739 0.91267379 192.71851 -0.0061136357 0.99966764 0.025044477 -6.8083986 -0.91288065 -0.015802431 0.40792066 -33.590296
0.40752249 -0.02001935 0.91297567 193.37704 -0.0044881561 0.99970369 0.023924451 -6.8084681 -0.91318418 -0.013847329 0.40731188 -33.290948
0.40615195 -0.01888157 0.91361042 194.03529 -0.0013626573 0.99977288 0.021268067 -6.8031939 -0.91380458 -0.0098830042 0.40603398 -32.992227
0.40638088 -0.020518945 0.91347331 194.71246 0.0015924004 0.9997622 0.021748796 -6.7974116 -0.91370242 -0.0073836789 0.40631691 -32.694738
0.40529169 -0.025823856 0.91382258 195.39701 0.0041759694 0.99964282 0.026396969 -6.7903256 -0.91417793 -0.0068823762 0.40525476 -32.401408
0.4047485 -0.029526315 0.91395119 196.079 0.0050828406 0.99953577 0.030040265 -6.7845183 -0.91441396 -0.0075132832 0.40471068 -32.100384
0.40313206 -0.032009224 0.91458181 196.76734 0.0065063847 0.9994631 0.03211206 -6.7748929 -0.91511872 -0.006994779 0.40312388 -31.796455
0.40111133 -0.032470345 0.91545361 197.45423 0.0059994633 0.99944325 0.032820685 -6.764494 -0.91600971 -0.0076725175 0.40108281 -31.489691
0.39978261 -0.032275521 0.91604153 198.14485 0.0045975601 0.99943791 0.033207397 -6.7521606 -0.91659849 -0.009064183 0.39970628 -31.18403
0.39787868 -0.031150483 0.91690901 198.8329 0.0032145266 0.9994646 0.032560279 -6.7475756 -0.91743245 -0.010007612 0.39776579 -30.878347
0.3969626 -0.028325089 0.91739758 199.52671 0.0042390581 0.99956961 0.029027928 -6.7457992 -0.91782504 -0.0076340997 0.39691182 -30.582655
0.39637567 -0.022300848 0.91781748 200.20707 0.0034437277 0.99973402 0.022803997 -6.7450126 -0.91808199 -0.0058782353 0.39634704 -30.286803
0.39466905 -0.019023848 0.91862635 200.88215 0.0012954492 0.99979616 0.020148232 -6.7319413 -0.91882247 -0.0067618491 0.39461324 -29.97617
0.39406335 -0.021848071 0.91882352 201.57637 0.00085498548 0.9997257 0.023405103 -6.7263467 -0.91908292 -0.008437512 0.39397393 -29.670992
0.39245166 -0.025087755 0.91943038 202.28067 -0.0010732502 0.99961477 0.02773379 -6.7264799 -0.91977205 -0.01187095 0.39227354 -29.37846
0.38915056 -0.024130989 0.92085801 202.9529 -0.0053508338 0.99958075 0.028455149 -6.7264946 -0.92115867 -0.016000695 0.38885828 -29.081044
0.38533958 -0.024601159 0.92244681 203.64751 -0.0069022892 0.99953975 0.029540523 -6.7170692 -0.92274907 -0.017750127 0.38499242 -28.784545
0.37804311 -0.025848085 0.92542704 204.32864 -0.0067024795 0.99950755 0.030655233 -6.7085595 -0.92576377 -0.017791655 0.37768369 -28.496458
