1.000000000000000000e+00 4.398956837314658088e-19 2.733407509747682871e-20 -8.673617379884035472e-19 -5.583667658079949532e-19 1.000000000000000000e+00 -6.100159232558060012e-19 0.000000000000000000e+00 4.145284534913582806e-20 -2.210423569125054137e-19 1.000000000000000222e+00 0.000000000000000000e+00
9.998974309793073889e-01 2.909744621401721010e-04 1.431931810037246657e-02 -8.484376088960204898e-02 -2.872047435668672005e-04 9.999999235604528636e-01 -2.653170013281109011e-04 -1.065645185882808932e-02 -1.431939445449295113e-02 2.611772273957561658e-04 9.998974380966825226e-01 2.419487623073435234e-02
9.995315216807258984e-01 1.708868248196316903e-03 3.055841879828545896e-02 -9.876459029420134317e-02 -1.701606545761377102e-03 9.999985175156753670e-01 -2.636377109395560288e-04 -1.669141901267309769e-02 -3.055882454751894864e-02 2.115158259997978671e-04 9.995329476693468607e-01 4.934885834076230271e-02
9.979590080567208865e-01 5.059546454172200551e-03 6.365704389579705802e-02 -4.793410138989769032e-04 -5.140755232016865246e-03 9.999861679576508289e-01 1.111997523122639159e-03 7.599449179348766181e-03 -6.365053828705113936e-02 -1.436973184254602921e-03 9.979712140462443370e-01 4.172721153816266182e-01
9.954075521429812667e-01 4.154908122339541834e-03 9.563755456226745444e-02 2.606626146950220130e-02 -4.453671176565704090e-03 9.999858463344741821e-01 2.910661689394427112e-03 1.153723115234235597e-02 -9.562410906152758738e-02 -3.323232792011779260e-03 9.954119679383345298e-01 5.571327320567798225e-01
9.909373165060376687e-01 1.543301649293692124e-03 1.343162419347463943e-01 1.536679710474750382e-01 -2.218653871016245793e-03 9.999856386007435205e-01 4.878541805591111308e-03 9.621713271204299089e-03 -1.343067862249572031e-01 -5.132330298438628029e-03 9.909265091242160928e-01 7.873305078602095275e-01
9.850526881600436546e-01 -2.357464950177773355e-03 1.722371726330175767e-01 1.560457407042963873e-01 1.369313587372810587e-03 9.999819174726511939e-01 5.855741111476741277e-03 -1.836979703038650602e-02 -1.722478658312646682e-01 -5.532366710541243397e-03 9.850381037859773370e-01 9.087114813066728969e-01
9.763578755909174678e-01 -2.575891242768225085e-03 2.161450046798170932e-01 2.690275707887610501e-01 1.174364884470909930e-03 9.999774483974848138e-01 6.612379271448262999e-03 -6.339565258206697473e-03 -2.161571667703386657e-01 -6.202215327333466394e-03 9.763388818902254407e-01 1.173004818813804029e+00
9.647566556083554401e-01 -2.660943725797091514e-03 2.631302225141706752e-01 3.478334741227771532e-01 -7.177367283870433183e-06 9.999486046154957286e-01 1.013844529223599175e-02 4.065691845022159634e-03 -2.631436812148932880e-01 -9.783020996323004911e-03 9.647070521030916002e-01 1.332372180474870493e+00
9.502995183862120721e-01 -6.172011843231735122e-03 3.112759714038282333e-01 5.200546536789913965e-01 9.952290158147176265e-04 9.998585939533501943e-01 1.678694757554117373e-02 2.397513049462421386e-02 -3.113355697148029178e-01 -1.564283716369294780e-02 9.501712824197038332e-01 1.626459710692397476e+00
9.335333569946870913e-01 -1.585806739755642181e-02 3.581396254979558047e-01 6.384767072739174765e-01 7.423077667515475334e-03 9.996620154265654090e-01 2.491491134379682573e-02 -2.130908542636797409e-03 -3.584136883588950884e-01 -2.060040240971557080e-02 9.333355522888485689e-01 1.800736100013417440e+00
9.123519193827570595e-01 -2.158360220731633805e-02 4.088375239364876457e-01 7.990721826860602839e-01 1.019745056005619786e-02 9.994975884835303193e-01 3.000970818764855941e-02 -8.658798045103874297e-03 -4.092798439242406605e-01 -2.321031423796970222e-02 9.121136404189644775e-01 2.046761050829190687e+00
8.874622286079827393e-01 -2.347955298878888139e-02 4.602819791467552824e-01 9.984826735240255324e-01 8.845486530482404158e-03 9.993852356149046656e-01 3.392503750870863588e-02 -7.531188602388674824e-03 -4.607955668485591016e-01 -2.603577113096696219e-02 8.871243358659989253e-01 2.283140553467733369e+00
8.592064553178213604e-01 -2.545151549694336934e-02 5.109955808344925909e-01 1.158277262000204200e+00 6.863665662308153330e-03 9.992454205653659161e-01 3.822930210467395673e-02 2.548101905530197192e-02 -5.115829965834394200e-01 -2.933956009252830857e-02 8.587328057786132174e-01 2.503373427719803868e+00
8.270394189842742438e-01 -3.077197586378669844e-02 5.613010602050466646e-01 1.411488278863807899e+00 8.018647972369612187e-03 9.990448163354999078e-01 4.295528137558732307e-02 2.526475806965422510e-02 -5.620867431864987607e-01 -3.102483506818648137e-02 8.264961933022297869e-01 2.750899121443182160e+00
7.915769762978477342e-01 -3.653983758175564922e-02 6.099760037474448726e-01 1.608169687734521736e+00 1.020773932283956451e-02 9.988619958257166642e-01 4.658878948726507402e-02 2.166821679598833483e-02 -6.109842058600367665e-01 -3.065213674115453701e-02 7.910491466823216244e-01 2.938292302432671033e+00
7.537499256548626514e-01 -4.101696366061662047e-02 6.558800588234784401e-01 1.876086430627510016e+00 1.132883077411367921e-02 9.987129675147984331e-01 4.943749648917218631e-02 3.438666907911712423e-02 -6.570637072269054357e-01 -2.983315472037185653e-02 7.532444983414675610e-01 3.151112012679618601e+00
7.136655283843077457e-01 -4.425475624046779771e-02 6.990872781230624833e-01 2.195374240255050680e+00 1.232898115952095475e-02 9.986412991434233666e-01 5.063152983893966924e-02 4.082226711898043897e-02 -7.003781257510874880e-01 -2.751494315833856452e-02 7.132414855010833499e-01 3.393722727157558960e+00
6.724014175045023300e-01 -4.625248289093490672e-02 7.387401659987666847e-01 2.475952215579213966e+00 1.147702895297060197e-02 9.985772512704386150e-01 5.207447547911301516e-02 5.137483988988252731e-02 -7.400977109415337596e-01 -2.653640834635364459e-02 6.719755992971888636e-01 3.566793158053576995e+00
6.297303075390930927e-01 -4.654479443739967248e-02 7.754181531254344950e-01 2.834131855787183074e+00 7.219279585109232220e-03 9.985108806918203683e-01 5.407312726036345857e-02 8.347504473623856835e-02 -7.767802989978426220e-01 -2.845352608774572023e-02 6.291285827822783450e-01 3.811551712517496249e+00
5.876793282746647362e-01 -4.739167405397837207e-02 8.077047887445631957e-01 3.162853988926410231e+00 4.275504748731711463e-03 9.984510449862676884e-01 5.547279312977584226e-02 1.025428759858030142e-01 -8.090826528755660219e-01 -2.914686758689469942e-02 5.869716616338169768e-01 4.012797270444138142e+00
5.475257584647155173e-01 -4.835734870941805347e-02 8.353903873283261561e-01 3.545197539969264344e+00 2.102718785436325736e-03 9.984051653854770780e-01 5.641546118327609577e-02 1.224783028554515818e-01 -8.367861944132630736e-01 -2.913232652495049285e-02 5.467542261732064590e-01 4.216960517657533991e+00
5.091016250567741430e-01 -5.107797057890283571e-02 8.591894809380100639e-01 3.981046401077849684e+00 1.268663139209164764e-03 9.982810251368724463e-01 5.859509620628909621e-02 1.324363847979055653e-01 -8.607054892945901203e-01 -2.874083605529312649e-02 5.082912917005941722e-01 4.425819814267410557e+00
4.719307462859871904e-01 -5.106172086379481834e-02 8.801557013251333217e-01 4.357357184572395958e+00 -1.715724175281082469e-03 9.982663176550603534e-01 5.883379373149814906e-02 1.584999313349068351e-01 -8.816339609169677738e-01 -2.927557995933538146e-02 4.710249592264358354e-01 4.619708973337716351e+00
4.355413125545762321e-01 -5.027781844926358656e-02 8.987635354323478820e-01 4.825400444102920794e+00 -3.075297388368317380e-03 9.983500246117612553e-01 5.733908672900950299e-02 1.812240663042831712e-01 -9.001634974731704819e-01 -2.773750557536405065e-02 4.346680596103715266e-01 4.798852810827015425e+00
4.022614021978593302e-01 -4.902919630240552828e-02 9.142110742509588217e-01 5.328507965381736433e+00 -1.701120339891504241e-03 9.985232517620533654e-01 5.429937241491854250e-02 1.998334690674317682e-01 -9.155232850783872056e-01 -2.339772401018647835e-02 4.015839575413248097e-01 4.988719402661138780e+00
3.720590777352918987e-01 -4.726795678622335017e-02 9.270047295265624321e-01 5.846246208916690001e+00 9.971596797876545104e-05 9.987045698447494235e-01 5.088390898184665112e-02 2.207404369272719658e-01 -9.282090541114937920e-01 -1.883938228859113190e-02 3.715818132612286884e-01 5.171685638019120290e+00
3.466238158022315052e-01 -4.539558728431382362e-02 9.369050945812552600e-01 6.386251789097753928e+00 1.159930899125802663e-03 9.988482108085678934e-01 4.796776304507215094e-02 2.469306978589548840e-01 -9.380035184212561772e-01 -1.554002306784285983e-02 3.462772326722945437e-01 5.357504190101751718e+00
3.262676378720532622e-01 -4.486518994651001596e-02 9.442121203542349628e-01 6.962909120117376283e+00 2.207717483654628166e-03 9.989064648862433504e-01 4.670118155060908743e-02 2.692539469865932178e-01 -9.452748649819181503e-01 -1.315252972794573802e-02 3.260099010974114586e-01 5.528389384092264436e+00
3.113169424786943473e-01 -4.547817468271620617e-02 9.492172995609251540e-01 7.523924285358191355e+00 3.420217741093294073e-03 9.989013803239701339e-01 4.673686405364205904e-02 3.022025613142136913e-01 -9.502999944700271095e-01 -1.130344689045131856e-02 3.111304674924559310e-01 5.705747457869292383e+00
2.992687064661717633e-01 -4.701099964712477514e-02 9.530100691673570878e-01 8.166712390687074219e+00 4.327237514253120393e-03 9.988421399156922620e-01 4.791298890084031564e-02 3.181172665594150795e-01 -9.541590708640091956e-01 -1.021495639295291226e-02 2.991256216047318284e-01 5.905592162212751184e+00
2.887144662018637509e-01 -4.888114747698461132e-02 9.561666042071720328e-01 8.784608721381649943e+00 3.246535509365927955e-03 9.987400684365647097e-01 5.007729692439975844e-02 3.499458271058033532e-01 -9.574097520256019678e-01 -1.135381032640414914e-02 2.885093987769511426e-01 6.091129473985896325e+00
2.781128789898693610e-01 -5.043564648838829573e-02 9.592233611426210782e-01 9.467079873164598425e+00 1.496132998364661836e-03 9.986420826587828481e-01 5.207448790412590872e-02 3.821122411654852558e-01 -9.605472421891949608e-01 -1.304745914946024189e-02 2.778106817825703456e-01 6.282472362926440290e+00
2.676646951122950702e-01 -5.220688347747956537e-02 9.620966877901230285e-01 1.017306685126341037e+01 8.101931088062730869e-04 9.985428135255625115e-01 5.395917997942818733e-02 4.124837989926279369e-01 -9.635117908019393829e-01 -1.366348247176009389e-02 2.673169540511747266e-01 6.469083563594590913e+00
2.578704884983267220e-01 -5.426814325290057334e-02 9.646542199354660729e-01 1.087791305172013345e+01 2.676564249610306528e-05 9.984217457857291755e-01 5.616063376550620156e-02 4.401556203355054819e-01 -9.661795003821183059e-01 -1.445634959636108059e-02 2.574649544865416639e-01 6.669085298182077182e+00
2.474751284872216683e-01 -5.594167339660246346e-02 9.672779197858623057e-01 1.159166865489244103e+01 -4.863310319428630710e-04 9.983244927160180859e-01 5.786165123264294663e-02 4.670720351576224116e-01 -9.688941329440650119e-01 -1.478973596333367328e-02 2.470332745832534704e-01 6.840761643105475187e+00
2.367378515460443478e-01 -5.703336500768415446e-02 9.698981229828854689e-01 1.238629923000509336e+01 -1.160783884258996404e-03 9.982582315653460991e-01 5.898436784856572052e-02 4.986571216220516134e-01 -9.715728788378943381e-01 -1.508967374933520983e-02 2.362593042625647233e-01 7.039633106917066563e+00
2.269382131377582212e-01 -6.005591362128247235e-02 9.720557178548006050e-01 1.312808130548642715e+01 -2.234819902647394631e-03 9.980621753640850358e-01 6.218440031781780758e-02 5.346479593031534527e-01 -9.739066021600161216e-01 -1.628438528312362021e-02 2.263642311683826680e-01 7.213572329579110765e+00
2.155032025901456316e-01 -6.349483437187050661e-02 9.744366370067306660e-01 1.389459685024189817e+01 -4.283175922153507377e-03 9.978127255847296651e-01 6.596528646955752972e-02 5.800005526480680462e-01 -9.764937485118425631e-01 -1.838941317381212470e-02 2.147598770419855696e-01 7.383338168625864562e+00
2.022829295264452765e-01 -6.742366716825019812e-02 9.770034029008201060e-01 1.468713783157921426e+01 -4.201360837667778361e-03 9.975583088778794405e-01 6.971204274733598660e-02 6.183784460587492537e-01 -9.793181208744403676e-01 -1.820629919555165691e-02 2.015057445741177400e-01 7.540366422535237589e+00
1.903310904043659935e-01 -6.993213850749259441e-02 9.792259982697082421e-01 1.546732421402712454e+01 -5.243182072824117274e-03 9.973729727725991756e-01 7.224722950212447703e-02 6.586574622194508732e-01 -9.817059651526393038e-01 -1.888515330035809778e-02 1.894644171454433756e-01 7.688238008534460377e+00
1.764723944909719622e-01 -7.057082777111976790e-02 9.817724969672647628e-01 1.628944560232364580e+01 -5.931876853999610601e-03 9.973321648440968135e-01 7.275552041656364877e-02 6.965271534034513934e-01 -9.842877241123083598e-01 -1.866309357582024084e-02 1.755829764022361072e-01 7.830320599042382312e+00
1.619952498815320774e-01 -6.975575147896211081e-02 9.843229437511352709e-01 1.707847970883146616e+01 -7.367456219025982772e-03 9.973850732447662182e-01 7.189392330437006928e-02 7.340204994254695414e-01 -9.867640430662777407e-01 -1.889842938785356655e-02 1.610577203489108877e-01 7.958791072207218598e+00
1.449067451825929442e-01 -6.870035391802292724e-02 9.870573842982575119e-01 1.785857565219330212e+01 -8.707359477649953897e-03 9.974594314386994176e-01 7.070264832348047146e-02 7.696038276922347876e-01 -9.894070114179327469e-01 -1.883995323417749293e-02 1.439403996053096324e-01 8.073102291212775228e+00
1.245979719807536606e-01 -6.728118420288692336e-02 9.899235176662779523e-01 1.870164636263089264e+01 -1.117160272214377456e-02 9.975399078004352216e-01 6.920496803065435965e-02 8.107613730022231735e-01 -9.921444239067281901e-01 -1.968183005601207777e-02 1.235398094388626966e-01 8.187939698557764601e+00
1.001113941736829355e-01 -6.592906151323967012e-02 9.927895298947886360e-01 1.951260833790195193e+01 -1.555058473537618800e-02 9.975767119118866821e-01 6.781506571657994198e-02 8.539083726604612679e-01 -9.948547156999263397e-01 -2.222751762685110793e-02 9.884355858096872949e-02 8.263096883739740051e+00
6.927717113594922260e-02 -6.541962459356225057e-02 9.954501138700483365e-01 2.035138796526525340e+01 -1.958276749761406546e-02 9.975660505788797039e-01 6.692152069257353841e-02 8.924297483967138511e-01 -9.974052366533151526e-01 -2.412980093226821388e-02 6.782745531747300105e-02 8.333480228819006186e+00
3.657384074717581063e-02 -6.534240541282530790e-02 9.971924122478601493e-01 2.120184652477911413e+01 -2.258974681078321223e-02 9.975510020766429342e-01 6.619442260862812288e-02 9.377455093351710902e-01 -9.990756101785386312e-01 -2.494730754290357816e-02 3.500820170077072885e-02 8.328161384272057433e+00
1.815637296502957323e-03 -6.455347186061032028e-02 9.979125890937091681e-01 2.203255408803461890e+01 -2.443138767737431868e-02 9.976135097132301510e-01 6.457857639851313780e-02 9.701738688019981849e-01 -9.996998689978615626e-01 -2.449763975407432889e-02 2.341720055395062929e-04 8.340197472069727169e+00
-3.257518331058018024e-02 -6.349880350268576057e-02 9.974501201014517315e-01 2.288334385763996792e+01 -2.564575819947336258e-02 9.977042820748909246e-01 6.267743307579351497e-02 9.995258608883464957e-01 -9.991402152703005024e-01 -2.353863486302569530e-02 -3.412887623175339669e-02 8.283101848382615984e+00
-6.515700025170455267e-02 -6.166174006099129495e-02 9.959680606519220047e-01 2.371060606312954278e+01 -2.800512437750838149e-02 9.978088390088466486e-01 5.994358860237607167e-02 1.033521037292836953e+00 -9.974819775208876305e-01 -2.398646413917640205e-02 -6.674107686505702242e-02 8.233918587312363258e+00
-9.782379192813514535e-02 -5.852821827891852013e-02 9.934812208317402860e-01 2.454621085644905421e+01 -2.989928577099987619e-02 9.979913951247060266e-01 5.584987007294808098e-02 1.071100257346202067e+00 -9.947545202004381970e-01 -2.424093200639671972e-02 -9.937725589434288909e-02 8.139894393811303530e+00
-1.295840310313259580e-01 -5.423450935732480188e-02 9.900841275959539889e-01 2.537537200711273400e+01 -2.683043458225853675e-02 9.983292513262781442e-01 5.117454196284692419e-02 1.100147477639362270e+00 -9.912053891757246493e-01 -1.993298309188586137e-02 -1.308226655224310198e-01 8.040705114462484815e+00
-1.612629777461841718e-01 -4.870596925576473057e-02 9.857088634565547292e-01 2.622018394093754878e+01 -2.274882255166121511e-02 9.986995278086041594e-01 4.562613553054098436e-02 1.114867652462096403e+00 -9.866492587180565321e-01 -1.506590861291355957e-02 -1.621612645584278589e-01 7.884874539609556976e+00
-1.921180663689382728e-01 -4.259366966713305780e-02 9.804470464787589101e-01 2.706867222429121966e+01 -1.643643386944583160e-02 9.990572032059044094e-01 4.018144313510117055e-02 1.136436775771088925e+00 -9.812341762465128792e-01 -8.395470896910998959e-03 -1.926370274788946901e-01 7.703974136750042945e+00
-2.205504549627737565e-01 -3.702477625517371779e-02 9.746725839939818226e-01 2.785418049319964595e+01 -1.081007882520571700e-02 9.993106908217574968e-01 3.551458019567325236e-02 1.143771122221664216e+00 -9.753156695079097105e-01 -2.703529609856191677e-03 -2.207986696248621927e-01 7.509911431567056539e+00
-2.485564700671937244e-01 -3.031184066688018264e-02 9.681429940461699912e-01 2.869027286966420931e+01 -1.753903427704530012e-03 9.995226709821705136e-01 3.084402702949146438e-02 1.170069357400957744e+00 -9.686158273117050355e-01 5.968454268985184594e-03 -2.484909922499777823e-01 7.280523383254484671e+00
-2.755001396742859376e-01 -1.994343205905798819e-02 9.610941245175423919e-01 2.952382385863772285e+01 3.982012200112079736e-03 9.997525190625320413e-01 2.188707817039405729e-02 1.166417342145782410e+00 -9.612927921523720665e-01 9.856982750466921489e-03 -2.753525450002065056e-01 7.043738707190715154e+00
-3.000809905328182814e-01 -5.160272242802930141e-03 9.538997612705093498e-01 3.028689111837025649e+01 8.523349347840131207e-03 9.999309450403227606e-01 8.090590168443934083e-03 1.158977413829450187e+00 -9.538756559339325314e-01 1.055825433986440701e-02 -3.000162869888586825e-01 6.773005057747204738e+00
-3.243224491214513616e-01 1.161984550347204721e-02 9.458752096697568001e-01 3.104903420257074842e+01 8.944572310484583816e-03 9.999175190308411398e-01 -9.216818677411316163e-03 1.128757913084879494e+00 -9.459043073572501736e-01 5.471229059665417768e-03 -3.243996345697213735e-01 6.471093621150192376e+00
-3.500255080041447808e-01 2.617586682752163357e-02 9.363743653617251361e-01 3.184156151298497051e+01 7.884217823801159888e-03 9.996564183113196833e-01 -2.499768836212100040e-02 1.100827564388956903e+00 -9.367069966545649162e-01 -1.367248129002377084e-03 -3.501116232024817365e-01 6.201225367839289682e+00
-3.748493689863476863e-01 3.708758937948002099e-02 9.263435895746843229e-01 3.259484124025710372e+01 1.182249688607683348e-02 9.993094805016435878e-01 -3.522485942634699663e-02 1.064988053976221316e+00 -9.270103524341608559e-01 -2.252321169854781986e-03 -3.750289974028613860e-01 5.897943566443513141e+00
-3.979706776577751071e-01 4.196303031521163990e-02 9.164379022965157828e-01 3.340353644959865420e+01 1.575829195326431190e-02 9.991186209333107193e-01 -3.890575157126435757e-02 1.013358374510952897e+00 -9.172627922260527811e-01 -1.041851339505921095e-03 -3.982811816077917455e-01 5.530810540783459572e+00
-4.205631864086504246e-01 4.109152363129488922e-02 9.063322118161108998e-01 3.411092628297186025e+01 1.790276398886019374e-02 9.991551632958923790e-01 -3.699257580233447640e-02 9.665835117206458271e-01 -9.070866061053443063e-01 6.681370967225459508e-04 -4.209435323191370593e-01 5.176250863014883130e+00
-4.412510092901493208e-01 3.796251528352356103e-02 8.965803810990036204e-01 3.485699302558487744e+01 2.213006323048099730e-02 9.992612840528737328e-01 -3.141888689995717132e-02 9.374238188274703898e-01 -8.971108183846946416e-01 5.977765979489219235e-03 -4.417651642598816042e-01 4.827304032925376021e+00
-4.591418576479077696e-01 3.658035448007444096e-02 8.876094963559419959e-01 3.559340798031242059e+01 2.923874311567059570e-02 9.992327959210454136e-01 -2.605600521716038356e-02 9.018452695666611119e-01 -8.878816720209609104e-01 1.398918449059204268e-02 -4.598591669804924509e-01 4.393258887060773610e+00
-4.732008071165733631e-01 3.731796916542425707e-02 8.801638207387891821e-01 3.629299584278096802e+01 3.296171801684170954e-02 9.991527939706548178e-01 -2.464182201777199641e-02 8.575447076587625617e-01 -8.803377386534253501e-01 1.735118270297072995e-02 -4.740299741568327341e-01 4.021859365201536640e+00
-4.844276684964314295e-01 4.052566792329866108e-02 8.738921503437043770e-01 3.699861042630328711e+01 3.548749195909814413e-02 9.990145579819446064e-01 -2.665615870610178392e-02 8.004750213968110373e-01 -8.741112540841876610e-01 1.809926094820150239e-02 -4.853884486638144202e-01 3.614419361190958746e+00
-4.942272622094034951e-01 4.312800988722823720e-02 8.682622728258171385e-01 3.768397827840806968e+01 3.702074245357789284e-02 9.989067376176858915e-01 -2.854459861179121927e-02 7.590372776041520719e-01 -8.685441211284098406e-01 1.803619625797089551e-02 -4.952835743062791729e-01 3.226490721500580250e+00
-5.044919155835438929e-01 4.224001852060951800e-02 8.623825569173899641e-01 3.835925431079527925e+01 3.069210350498546847e-02 9.990486896717132304e-01 -3.097919293560500581e-02 7.001908478676853731e-01 -8.628707401153177248e-01 1.083958333708888444e-02 -5.053084234499791716e-01 2.813905992681667634e+00
-5.159973158715497332e-01 4.132692032312855479e-02 8.555926848640931226e-01 3.907478341460712556e+01 2.939311319106678241e-02 9.991015149938039519e-01 -3.053207466403983980e-02 6.910301001326416559e-01 -8.560857591114485743e-01 9.394065065913836943e-03 -5.167484280729468527e-01 2.408276161301337925e+00
-5.246583943874338907e-01 4.274940179508054938e-02 8.502388162866254540e-01 3.975415871942323776e+01 3.159717424121118862e-02 9.990280877305529605e-01 -3.073269352854929998e-02 6.506116418792352585e-01 -8.507262777504681628e-01 1.074097939918352944e-02 -5.254992339525768053e-01 1.987962130804019623e+00
-5.318793477009434723e-01 4.572015693387013191e-02 8.455850127261355098e-01 4.043938223067880244e+01 3.537778904278855024e-02 9.988693694768804310e-01 -3.175523112667750364e-02 6.015625505823960495e-01 -8.460808373102957081e-01 1.302497761181164310e-02 -5.328954679353339330e-01 1.541544653615973370e+00
-5.358830794063290659e-01 4.890240899223933374e-02 8.428747633460583755e-01 4.112718134815578708e+01 3.625962349842148241e-02 9.987330936239051660e-01 -3.489193806902191053e-02 5.675075979851162966e-01 -8.435132343733970917e-01 1.186432337309730606e-02 -5.369773498434223802e-01 1.107831166873706419e+00
-5.354214050819323667e-01 5.030456513545571856e-02 8.430856165216846776e-01 4.183248151359881462e+01 3.524203835068234758e-02 9.986859364637609149e-01 -3.720751242162802924e-02 5.159152465911013286e-01 -8.438494708045084503e-01 9.790358046914013346e-03 -5.364906639401302302e-01 6.750504937963477392e-01
-5.323201780143648199e-01 5.119748040818451751e-02 8.449935106874442159e-01 4.257103167124073195e+01 3.777670229767948751e-02 9.986117979658611921e-01 -3.670691572539350883e-02 4.800546443265682472e-01 -8.456998052273074773e-01 1.238123740492680369e-02 -5.335152832284820734e-01 2.014955035441302611e-01
-5.264727537043647487e-01 5.018017026109397594e-02 8.487098308841685146e-01 4.333532605070195842e+01 3.621923395110988181e-02 9.986741825555386365e-01 -3.657928548063832386e-02 4.318646758864386204e-01 -8.494201660737776827e-01 1.148162378265857493e-02 -5.275922354672549774e-01 -2.390670450862571739e-01
-5.194659476653370467e-01 4.889133312829907485e-02 8.530912926272274932e-01 4.406702353802393191e+01 3.410442276216171797e-02 9.987525494235537371e-01 -3.647236362127859871e-02 3.922763963213334315e-01 -8.538103006724299116e-01 1.014803617511417407e-02 -5.204853514672903581e-01 -6.951399743252726360e-01
-5.121560572954632073e-01 4.813731089226449406e-02 8.575423948376877936e-01 4.484628865578758194e+01 3.199545352614552307e-02 9.988044820720253236e-01 -3.695805039803835151e-02 3.431748914740023748e-01 -8.582962635591254719e-01 8.509169461145266525e-03 -5.130839418501260685e-01 -1.169949013951849359e+00
-5.058737684792259381e-01 4.667589347488150520e-02 8.613437629033074971e-01 4.566870912953219630e+01 2.916456983301181707e-02 9.988895650980974539e-01 -3.700087230417925532e-02 2.934839178533252269e-01 -8.621143604314426279e-01 6.402950596027305770e-03 -5.066733121602021717e-01 -1.616188788624132844e+00
-5.009571800771484007e-01 4.441398946506420337e-02 8.643317000680522666e-01 4.646749866656940497e+01 2.502741170577739080e-02 9.990081432403454809e-01 -3.682877075861572952e-02 2.479900658717458239e-01 -8.651101344452892805e-01 3.182349119388209503e-03 -5.015718707301602963e-01 -2.088152786130049066e+00
-4.999388130562031907e-01 4.163340198069130638e-02 8.650594369705298936e-01 4.731661583226552636e+01 2.036560945974957501e-02 9.991328089754253350e-01 -3.631627652169906739e-02 2.104347303243954415e-01 -8.658212503192040943e-01 -5.384526013936380417e-04 -5.003531614289994378e-01 -2.542439947753116769e+00
-5.003718249805173546e-01 3.896449282372582007e-02 8.649334029392617973e-01 4.814281975922487788e+01 1.752523378253751166e-02 9.992379650195942764e-01 -3.487628721285050692e-02 1.582449687394056614e-01 -8.656332452579338366e-01 -2.292950478109975418e-03 -5.006733872111656103e-01 -3.028752424150919609e+00
-5.011707245754348783e-01 3.786025621829500892e-02 8.645198044548704219e-01 4.900669717220189625e+01 1.615566842857412561e-02 9.992776884651060065e-01 -3.439615794366424062e-02 1.156758492202678151e-01 -8.651976141569097667e-01 -3.271451186774322877e-03 -5.014203821439957576e-01 -3.515516561682676677e+00
-5.020092293469750055e-01 3.736299868546873876e-02 8.640548168142899721e-01 4.988206890660607229e+01 1.619301528109457627e-02 9.992973226806604048e-01 -3.380306358001426009e-02 6.624017426962512667e-02 -8.647106638800606815e-01 -2.977796140550157452e-03 -5.022614996731644688e-01 -4.011114949272766239e+00
-5.017175673583403883e-01 3.650488845221113582e-02 8.642608762389435428e-01 5.073837469780279719e+01 1.582871612220519003e-02 9.993293039031121427e-01 -3.302111559891163228e-02 2.027703404228641676e-02 -8.648866669553324504e-01 -2.887132818217369012e-03 -5.019588940778407782e-01 -4.520242419430497982e+00
-5.019759559898111512e-01 3.589122387875124526e-02 8.641365321141109002e-01 5.164034822048387952e+01 1.624513514005368475e-02 9.993535780003066638e-01 -3.207057359837033744e-02 -2.841215408444139334e-02 -8.647290023552249849e-01 -2.060641183607284533e-03 -5.022345266878683878e-01 -5.022357187052299388e+00
-5.024751685917552280e-01 3.538720943306416372e-02 8.638671407354394649e-01 5.252174953098241872e+01 1.578485278112294263e-02 9.993709816848664884e-01 -3.175656402136865092e-02 -8.275355251860247452e-02 -8.644475436281690017e-01 -2.320868309893896371e-03 -5.027176856156734264e-01 -5.530434682113087419e+00
-5.023718375354686572e-01 3.396152789109160852e-02 8.639844546957997640e-01 5.340473301909224801e+01 1.415725512885198517e-02 9.994174638116526399e-01 -3.105326275928179877e-02 -1.288412781036607502e-01 -8.645357836989653322e-01 -3.368635418240745454e-03 -5.025599909916043107e-01 -6.038966702930477659e+00
-5.028334278209771746e-01 3.331513158679244579e-02 8.637410678909577255e-01 5.432613974432987902e+01 1.373304863281472367e-02 9.994387618131312934e-01 -3.055429158193602446e-02 -1.839675594571254513e-01 -8.642742386249544495e-01 -3.501920177123428284e-03 -5.030087380381056406e-01 -6.535587050684044108e+00
-5.018667870270722142e-01 3.233486425345051540e-02 8.643403097759769782e-01 5.520910341638935392e+01 1.243022207881508065e-02 9.994674124465766640e-01 -3.017252081171722597e-02 -2.280984021761229552e-01 -8.648556122193153950e-01 -4.398643179057845631e-03 -5.020014297832436911e-01 -7.080392075682822473e+00
-5.005447742930875243e-01 3.120241276383589266e-02 8.651481519444501611e-01 5.612279212759534630e+01 1.190576343946537531e-02 9.995038558130707740e-01 -2.915981804966405813e-02 -2.863360714480472358e-01 -8.656287853800800347e-01 -4.295544409594790475e-03 -5.006679216760054896e-01 -7.584537081686749893e+00
-4.988353124126186922e-01 2.878260947350486446e-02 8.662187246290138365e-01 5.700666578836899845e+01 1.247828601090144804e-02 9.995833290413075334e-01 -2.602807441789362075e-02 -3.408007145568879848e-01 -8.666069673459075862e-01 -2.174796720542404495e-03 -4.989866210771231048e-01 -8.082849995474647997e+00
-4.962493061940073114e-01 2.741594860029418837e-02 8.677470704276637470e-01 5.789266129839942465e+01 1.322247872427588337e-02 9.996240125187300096e-01 -2.402081656824426106e-02 -3.869188957770046677e-01 -8.680793768936836408e-01 -4.465454421942967106e-04 -4.964252306856469232e-01 -8.589197473662837368e+00
-4.931589242355802760e-01 2.675270976959700023e-02 8.695277766045644841e-01 5.879676169193044188e+01 1.261081776815797112e-02 9.996418544222974711e-01 -2.360360438067737529e-02 -4.428703845165328223e-01 -8.698478345136970713e-01 -6.748708724388270686e-04 -4.933196763191778911e-01 -9.121631640771154181e+00
-4.916164408413450926e-01 2.728181871355555080e-02 8.703843770184606088e-01 5.970125550677081350e+01 1.338863621772871416e-02 9.996277813956369052e-01 -2.377063436924167772e-02 -4.908658472944705808e-01 -8.707089249728927616e-01 -3.277392858139482066e-05 -4.917987196269664740e-01 -9.621543190515550847e+00
-4.905342307976461869e-01 2.766106217868751979e-02 8.709827899180719868e-01 6.057224786603043043e+01 1.331351001898457495e-02 9.996173150010932984e-01 -2.424817471554457579e-02 -5.335715345162692635e-01 -8.713202232238734801e-01 -2.987206915877344948e-04 -4.907147777603925731e-01 -1.010444808805153727e+01
-4.912423062010541908e-01 2.858583257081009216e-02 8.705537508193955665e-01 6.147366241530940556e+01 1.249563563101008939e-02 9.995897530823094623e-01 -2.577177914005855663e-02 -5.808409778528109690e-01 -8.709333316672674963e-01 -1.782064825978116069e-03 -4.913979749324123847e-01 -1.059677136647188789e+01
-4.938855722470433807e-01 3.060542390672380333e-02 8.689881103275128860e-01 6.233933287771859000e+01 1.163382444542232844e-02 9.995234967504226242e-01 -2.859079485072484744e-02 -6.251842032101271318e-01 -8.694490831149184196e-01 -4.010925051907057032e-03 -4.940062935189798998e-01 -1.109081792937852029e+01
-4.985956018122970623e-01 3.126413947031816271e-02 8.662707231874666736e-01 6.323350165470154849e+01 1.021679298134563034e-02 9.994919094419518757e-01 -3.019172205668309988e-02 -6.815598334522339208e-01 -8.667745124228876108e-01 -6.202950303360123957e-03 -4.986616905548151846e-01 -1.157854640825681614e+01
-5.040074222980718277e-01 3.006211115336352574e-02 8.631759810403021316e-01 6.412488104726004678e+01 1.055822832601834710e-02 9.995338522224195277e-01 -2.864615254203426234e-02 -7.199138163480445218e-01 -8.636347922446953040e-01 -5.324263520884868310e-03 -5.040898842067300656e-01 -1.207963762017387310e+01
-5.090858068164253458e-01 2.770323997316225320e-02 8.602698171961804530e-01 6.496250214653888122e+01 1.311815984825500520e-02 9.996155294422096604e-01 -2.442759006744631492e-02 -7.876897390318096104e-01 -8.606158070684769568e-01 -1.150581498459368312e-03 -5.092534950533602611e-01 -1.259230157836817909e+01
-5.145676518353422546e-01 2.572216735343147917e-02 8.570638765387611491e-01 6.582812544287709500e+01 1.060061727075466836e-02 9.996643927731853063e-01 -2.363744308689841658e-02 -8.278627983817343772e-01 -8.573842608164817802e-01 -3.077656546576688218e-03 -5.146676312701456979e-01 -1.309918540896452832e+01
-5.198840501354652366e-01 2.763386733899476227e-02 8.537897461090181439e-01 6.665183458057721566e+01 1.147508851372069927e-02 9.996123628796574900e-01 -2.536624332862663297e-02 -8.845017537146446784e-01 -8.541597676989286514e-01 -3.390191510079203566e-03 -5.199996260545924898e-01 -1.359576339573724546e+01
-5.242065525813084381e-01 3.003840211115433798e-02 8.510612031329336524e-01 6.749277559712527363e+01 1.181210961678302342e-02 9.995380373677084096e-01 -2.800331942849683398e-02 -9.264180801676120680e-01 -8.515092343670963571e-01 -4.626694431885640738e-03 -5.243192068387764193e-01 -1.414225927378336856e+01
-5.293796807890726042e-01 3.030724309801002825e-02 8.478435065053928632e-01 6.834083668115955845e+01 1.065381713140647370e-02 9.995203955229121640e-01 -2.907705441372266872e-02 -9.716665155347474769e-01 -8.483181370020907996e-01 -6.360031243435793590e-03 -5.294486769431535622e-01 -1.465609562562144141e+01
-5.331783796863551750e-01 3.072753903112945134e-02 8.454446290491123284e-01 6.916311722466281253e+01 9.663998815715710289e-03 9.994961918954254898e-01 -3.023192838483169248e-02 -1.019696730307938504e+00 -8.459476545916176926e-01 -7.948633847802295468e-03 -5.332067121882411165e-01 -1.515698717947296537e+01
-5.364357077893342485e-01 2.947619718072099979e-02 8.434262696126161307e-01 6.998013601122845273e+01 9.090899592870830062e-03 9.995337115223718039e-01 -2.914987232751783952e-02 -1.084918170869617171e+00 -8.438922316494874565e-01 -7.969528014480082093e-03 -5.364535403357258980e-01 -1.567207897181169152e+01
-5.393407003798105226e-01 2.342342340418895538e-02 8.417618067234731161e-01 7.082119169469271469e+01 1.109988613458977487e-02 9.997239688664034674e-01 -2.070696941526009235e-02 -1.128537350968416231e+00 -8.420144969464051776e-01 -1.824650272305841214e-03 -5.394518240718024771e-01 -1.621315259365687922e+01
-5.413560212426544727e-01 1.569616392760544987e-02 8.406469388738175841e-01 7.163531769324150389e+01 1.242215368157527540e-02 9.998659173435698877e-01 -1.066946164973942533e-02 -1.148525685061442481e+00 -8.407017068779800706e-01 4.666669131018231879e-03 -5.414784161319381450e-01 -1.673102656174770431e+01
-5.430445371088656881e-01 1.335321560020964228e-02 8.395977069483865352e-01 7.244621268502136502e+01 1.331659767804126322e-02 9.998847597311518731e-01 -7.289407477170794548e-03 -1.171365849739030907e+00 -8.395983030554866611e-01 7.222112961774869964e-03 -5.431597770908369593e-01 -1.725080899767568710e+01
-5.441325716845230032e-01 1.749985614473800744e-02 8.388167181541993367e-01 7.324114831010101057e+01 1.215865898652170908e-02 9.998419340581515824e-01 -1.297204263679574768e-02 -1.220488728180562976e+00 -8.389111532070416821e-01 3.140376463494312653e-03 -5.442593388199719051e-01 -1.775610571090726353e+01
-5.454716916714855701e-01 2.255022571292184322e-02 8.378258220680382395e-01 7.405056720033729789e+01 1.235964478603185368e-02 9.997457091149013486e-01 -1.886150221623041773e-02 -1.273516121328729822e+00 -8.380381162398626849e-01 6.681495472848110191e-05 -5.456116971505637903e-01 -1.827852797300355547e+01
-5.456161967401710333e-01 2.800487511478235922e-02 8.375671197301635118e-01 7.486138884780946512e+01 1.897904786490061183e-02 9.995980759417457673e-01 -2.105901904919519826e-02 -1.304119521945556137e+00 -8.378202510619366938e-01 4.406085533347410196e-03 -5.459284075084281929e-01 -1.881818161556854818e+01
-5.456183010223287777e-01 2.940621121120976650e-02 8.375177201481635025e-01 7.564684910908569293e+01 2.292173460885473316e-02 9.995339363887179029e-01 -2.016194562842252985e-02 -1.333534116593129371e+00 -8.377202845570966838e-01 8.196633384753449630e-03 -5.460380507350536261e-01 -1.932919160380058798e+01
-5.453336638990484708e-01 2.599218308360482302e-02 8.378159634774140496e-01 7.642098036776694414e+01 2.203448374275922966e-02 9.996182289761758044e-01 -1.666966671372232395e-02 -1.377059208618030217e+00 -8.379294051637080631e-01 9.370312807436390751e-03 -5.456981968228082902e-01 -1.985606985978558114e+01
-5.445517406171538344e-01 2.098700291904512238e-02 8.384646293668019945e-01 7.724363571470104262e+01 2.018539791037602185e-02 9.997252686049494796e-01 -1.191373118688170314e-02 -1.401851586163207042e+00 -8.384843248466790078e-01 1.043710014197473356e-02 -5.448257673424589109e-01 -2.037601637075853489e+01
-5.436915474846706342e-01 1.520207598243810375e-02 8.391474156886722380e-01 7.803449974154268887e+01 1.854617197841789550e-02 9.998094185141195300e-01 -6.096402600648193407e-03 -1.435222521318597844e+00 -8.390801822409781341e-01 1.224841076323096405e-02 -5.438698714375808096e-01 -2.087509132470768591e+01
-5.434781712757045247e-01 8.509779886322000469e-03 8.393801571156983554e-01 7.886950560825309253e+01 9.648736863311371814e-03 9.999458822509987854e-01 -3.890299441390900233e-03 -1.460102397141157304e+00 -8.393678518811166223e-01 5.984666426207660775e-03 -5.435308692670972608e-01 -2.141799777930328830e+01
-5.416038599154059385e-01 3.497390584877404281e-03 8.406265605556531018e-01 7.964691390058696641e+01 1.278589948832688098e-03 9.999936159619045029e-01 -3.336651228265606010e-03 -1.485893539693091459e+00 -8.406328780909301246e-01 -7.323255825783233980e-04 -5.416048752049442694e-01 -2.186596417095167766e+01
-5.402307949253075670e-01 4.128306326030828192e-03 8.415067631367161294e-01 8.044420292216058499e+01 4.564948975813365971e-03 9.999876298705793198e-01 -1.975180690108444340e-03 -1.511767141101356904e+00 -8.415045223127576302e-01 2.774382965424898595e-03 -5.402429588904117397e-01 -2.237717551608114519e+01
-5.369160730073830878e-01 7.175587430544134830e-03 8.436051378092891406e-01 8.127243613805239875e+01 9.957468262588987581e-03 9.999480730653367289e-01 -2.167944068158839891e-03 -1.529497691097549072e+00 -8.435769028647599477e-01 7.236168373995100801e-03 -5.369596444712833039e-01 -2.289835490729558742e+01
-5.316410351184532868e-01 1.064221122113790871e-02 8.469029106543740637e-01 8.205236476699447223e+01 1.097828070582325573e-02 9.999236415238111908e-01 -5.673487109455464285e-03 -1.560066054375562006e+00 -8.468986355555013779e-01 6.281280319127017543e-03 -5.317172741918024803e-01 -2.338180193725904132e+01
-5.241508426218313144e-01 1.214993830269750670e-02 8.515387601303476828e-01 8.282503079976051197e+01 1.570388704039705693e-02 9.998661048468924228e-01 -4.600030841802833781e-03 -1.577922722454557780e+00 -8.514806480604882877e-01 1.096135949818072275e-02 -5.242714638205664412e-01 -2.385599088406240753e+01
-5.155032474039104029e-01 1.442697347466536696e-02 8.567661588973071174e-01 8.362109738536470616e+01 2.265858099697699510e-02 9.997381364231722189e-01 -3.201132777061526432e-03 -1.617458065027620462e+00 -8.565880005500284833e-01 1.776291217001065362e-02 -5.156951518319264904e-01 -2.436214505662033503e+01
-5.057400299252881037e-01 1.483010398787388065e-02 8.625584482580095358e-01 8.441767779681750028e+01 2.252237661010340203e-02 9.997384040400298932e-01 -3.983215076769221208e-03 -1.626973736636164958e+00 -8.623918928926241900e-01 1.741239601372189874e-02 -5.059417407772646147e-01 -2.480837505056650727e+01
-4.946677175215116740e-01 1.144596361564217089e-02 8.690068040509657532e-01 8.524621142539170648e+01 1.795666404532455726e-02 9.998344212097619588e-01 -2.947600781362318036e-03 -1.654147646539346317e+00 -8.688966681430949635e-01 1.414638136593050419e-02 -4.947913435846566510e-01 -2.527143290107377638e+01
-4.834427084200175750e-01 8.755350162834319230e-03 8.753322098858157263e-01 8.605096743947572691e+01 1.946173013742252822e-02 9.998103226062711180e-01 7.482225141594064498e-04 -1.679456460297774623e+00 -8.751596433709029066e-01 1.739720308767782331e-02 -4.835214057600479287e-01 -2.573491476319684423e+01
-4.721735925721193272e-01 7.452080028120748600e-03 8.814740784318987332e-01 8.687014734062137222e+01 1.945377669728919068e-02 9.998088201153012555e-01 1.968186614181756475e-03 -1.692430987952069144e+00 -8.812909065092519034e-01 1.807732676192427140e-02 -4.722282948193445851e-01 -2.615888512665532417e+01
-4.600689474728541506e-01 6.386381731225178500e-03 8.878602161830563277e-01 8.771706062472962628e+01 1.881559797293253303e-02 9.998196984048758340e-01 2.558109074710651545e-03 -1.710910199924032371e+00 -8.876838118935290733e-01 1.788252856817365566e-02 -4.601061611472180291e-01 -2.655816521071781011e+01
-4.478896222019430051e-01 8.734061069587762197e-03 8.940461890213233787e-01 8.854342260789235297e+01 2.312559838986143201e-02 9.997309132832814527e-01 1.818704510325186170e-03 -1.724594800574973830e+00 -8.937897438848622089e-01 2.148993315597879511e-02 -4.479710827000519813e-01 -2.697031698626969742e+01
