7.776536369981779107e-01 -6.283505317703261817e-01 2.074680909092152178e-02 -6.595693925632326682e+01 6.274294041072200345e-01 7.777591696004083621e-01 3.772289708045786782e-02 2.570604326469105061e+01 -3.983922345083633354e-02 -1.631819004768286438e-02 9.990728466675503627e-01 -9.355011691895560588e-01 -4.809208017785018303e-24 -1.416202385148814181e-23 -3.430527606006730092e-24 9.999999999999997780e-01
7.497189841011215883e-01 -6.612069492580525676e-01 2.695950910612089982e-02 -6.556266283234198511e+01 6.605175250706220025e-01 7.501858659585236566e-01 3.062295855467980082e-02 2.609006190258664759e+01 -4.047275568778763849e-02 -5.151385145891436597e-03 9.991673629968679249e-01 -9.426968198646515917e-01 -4.809208017785018303e-24 -1.416202385148814181e-23 -3.430527606006730092e-24 9.999999999999997780e-01
7.211568983019119861e-01 -6.926892880176191980e-01 1.069010276901641993e-02 -6.520717826649573112e+01 6.923849335776521841e-01 7.211839976142222497e-01 2.228778454313100343e-02 2.648604757041713498e+01 -2.314804065653770088e-02 -8.671323475482052914e-03 9.996944414984741956e-01 -9.459928175974370301e-01 4.677174404776391524e-19 1.534975669181669621e-18 -7.115413163293619065e-20 9.999999999999998890e-01
6.908906086803526803e-01 -7.228006972927248919e-01 -1.514327674073187580e-02 -6.486780007268960446e+01 7.229470198595923103e-01 6.908494305631317500e-01 8.641224839818724412e-03 2.689817786383855847e+01 4.215840773510164119e-03 -1.691792787994762792e-02 9.998479936484453434e-01 -9.539024406936683631e-01 -1.228173844955632676e-18 1.164372322254472976e-18 -1.647381115223944417e-19 1.000000000000000000e+00
6.560977135132317617e-01 -7.540920910197274063e-01 -2.968010418123526173e-02 -6.452866740048571614e+01 7.541205930363111820e-01 6.566161808679692458e-01 -1.254281391580936919e-02 2.731401399545852726e+01 2.894687342828976620e-02 -1.415306623534864049e-02 9.994807498070511498e-01 -9.728936902772937767e-01 -4.013549931651192700e-18 1.228253070721022192e-18 -1.639265118568054767e-19 1.000000000000000222e+00
6.186524411404749069e-01 -7.851090747421016758e-01 -2.954484436476655096e-02 -6.418986547579478952e+01 7.843340258827024014e-01 6.193555215037342965e-01 -3.491237352962486828e-02 2.775887841582074245e+01 4.570878376818043876e-02 -1.574401614585314510e-03 9.989535666616295995e-01 -9.903778164194698697e-01 -5.726971165166175018e-18 5.894837126454235995e-19 -1.571406207102048949e-19 1.000000000000000444e+00
5.860645064181840835e-01 -8.099955450537400514e-01 -2.087130350296738032e-02 -6.386841514781231410e+01 8.090579682727229160e-01 5.864028447236587782e-01 -3.945766939920866689e-02 2.825163739221814296e+01 4.419952817879237161e-02 6.238645133544194928e-03 9.990032437463209902e-01 -9.708212054348488440e-01 -6.626023624798627316e-18 1.981050765751271943e-18 -1.869215385868315701e-19 1.000000000000000444e+00
5.572776725107745355e-01 -8.301940819342610300e-01 -1.481155097595060650e-02 -6.356464420473586330e+01 8.298659804034707044e-01 5.574740059679050841e-01 -2.334924493610676666e-02 2.875935398099307960e+01 2.764145962074938609e-02 7.204106009234306947e-04 9.996176422605805856e-01 -9.371038598529752850e-01 -6.629934066816254458e-18 1.633566897305078024e-18 -1.898345129885081163e-19 1.000000000000000444e+00
5.285300611478981336e-01 -8.488686543853400934e-01 -8.830745440310858174e-03 -6.327949865413752661e+01 8.488158795981227689e-01 5.285986402589084587e-01 -9.750900394423046152e-03 2.927674647226277571e+01 1.294515372907917641e-02 -2.342032976714092819e-03 9.999134651940972951e-01 -9.193533905261295214e-01 -7.924713411847768493e-18 1.284369500439550120e-18 -1.952039807973246072e-19 1.000000000000000444e+00
4.986070666994869560e-01 -8.668001146458854667e-01 -6.968090644074665697e-03 -6.300716349376669712e+01 8.667778016329257262e-01 4.986486282144348414e-01 -6.766696111034422971e-03 2.979484516794601845e+01 9.340001805759000006e-03 -2.665863790881403857e-03 9.999528276556430839e-01 -9.109105655722368189e-01 -8.475764923227741758e-18 -6.840350179087959946e-19 -2.113059175815422209e-19 1.000000000000000222e+00
4.711537924996835880e-01 -8.820337755458119711e-01 -5.524727104264264867e-03 -6.274796308390153143e+01 8.818806693816072517e-01 4.711766419826173280e-01 -1.670499988138879344e-02 3.031633431966273307e+01 1.733749648072999833e-02 2.998474010962554320e-03 9.998451982028943030e-01 -9.104831843922486234e-01 -1.044688322693668264e-17 -8.933610751784141951e-19 -2.325364231213267807e-19 1.000000000000000000e+00
4.458529857995732759e-01 -8.950823179324945977e-01 -6.539050252818431365e-03 -6.250423126279374486e+01 8.947857911717064239e-01 4.458769442900172297e-01 -2.349762685517737051e-02 3.085126906425858095e+01 2.394792205672910054e-02 4.625437838603948040e-03 9.997025069259174446e-01 -9.024837144090531726e-01 -1.189286304014539075e-17 8.789186531861869176e-20 -2.532762906038774569e-19 9.999999999999997780e-01
4.226497842057493348e-01 -9.062675075767224753e-01 -6.809157181240594291e-03 -6.226500295620089531e+01 9.059758938377243664e-01 4.226886963841891554e-01 -2.327972796183455303e-02 3.140997449694460641e+01 2.397581480944799975e-02 3.670239735880227467e-03 9.997058015458853975e-01 -8.983642801424387425e-01 -1.329534306194309570e-17 2.091781355991561363e-18 -2.704434957662955327e-19 9.999999999999994449e-01
4.029861009853507037e-01 -9.151861969786919682e-01 -6.035500999298872883e-03 -6.203268099340158415e+01 9.150571080153985237e-01 4.030307257960348277e-01 -1.538580952774539282e-02 3.198366663084509298e+01 1.651337285742427580e-02 6.774393022449697781e-04 9.998634154687622289e-01 -8.881084368191889400e-01 -1.509523224955902487e-17 2.471389625304226885e-18 -2.522773716711945347e-19 9.999999999999992228e-01
3.858852897191892284e-01 -9.225414974222431175e-01 -3.119088371782435028e-03 -6.180844404649400303e+01 9.225203927939524817e-01 3.858976176683943105e-01 -6.257280332493460329e-03 3.256859266731689928e+01 6.976249539695512578e-03 -4.628301959395021573e-04 9.999755585665899282e-01 -8.803643069859916626e-01 -1.772721590735284788e-17 3.679438338870790103e-18 -2.399258882408567223e-19 9.999999999999991118e-01
3.695148381336689769e-01 -9.292246117674435313e-01 6.366197455988353284e-04 -6.158114948227455443e+01 9.292244768072989158e-01 3.695152082307252561e-01 6.185373214388313395e-04 3.315787633495789066e+01 -8.100007802383098979e-04 3.630039318157845065e-04 9.999996060633595807e-01 -8.731103879001606005e-01 -2.149886151971629178e-17 8.216283676378592852e-18 -2.497404310982692984e-19 9.999999999999990008e-01
3.554171403291339626e-01 -9.347071485936286894e-01 1.096689672062469995e-03 -6.137051944168349138e+01 9.347036804540207466e-01 3.554188123619045347e-01 2.549032164493487962e-03 3.375030319017877645e+01 -2.772382726923102760e-03 1.191101502788216977e-04 9.999961498459779552e-01 -8.716041419904759779e-01 -2.552714123598782949e-17 1.106860039590305850e-17 -2.908677780315479559e-19 9.999999999999986677e-01
3.423738669748578878e-01 -9.395636481335989387e-01 -5.350874431247243683e-04 -6.116368283768358793e+01 9.395631482111294064e-01 3.423729026857052493e-01 1.373328136881103939e-03 3.435586893593612245e+01 -1.107129753281186442e-03 -9.729401074826837153e-04 9.999989138250340304e-01 -8.749699103728377780e-01 -2.953849080238708012e-17 1.692792182650523479e-17 -3.393271140509312506e-19 9.999999999999984457e-01
3.302665878065609295e-01 -9.438740283089680494e-01 -5.079336808876793938e-03 -6.096549484311603351e+01 9.438876570794406673e-01 3.302633200610592401e-01 1.493397250778879908e-03 3.497114426143143362e+01 2.679397592478838263e-04 -5.287542534305511403e-03 9.999859849529010303e-01 -8.771246606060358886e-01 -3.260461326445823641e-17 2.162132125541778875e-17 -3.751150236472097473e-19 9.999999999999981126e-01
3.197270435189621396e-01 -9.474752135502843009e-01 -8.083152260790526025e-03 -6.076847262675787675e+01 9.475094603535701987e-01 3.197213040569056308e-01 2.027380738279396886e-03 3.559862453007821870e+01 6.634629837596125882e-04 -8.307071686117883935e-03 9.999652755855376052e-01 -8.800099159995304898e-01 -3.412027354617802691e-17 2.501179649810154830e-17 -3.940426731577561299e-19 9.999999999999978906e-01
3.116190412490754125e-01 -9.501551792471373270e-01 -9.935214182424895873e-03 -6.057439001373084153e+01 9.502067755740369881e-01 3.116108113195341089e-01 2.405394353440067946e-03 3.623047270530852160e+01 8.104222489640561721e-04 -1.019007451516764501e-02 9.999477514336143624e-01 -8.824563332706339969e-01 -3.589180720732177326e-17 2.855786830331907787e-17 -3.855676150015039812e-19 9.999999999999976685e-01
3.056258650468630100e-01 -9.520802098721966589e-01 -1.166638693313370480e-02 -6.037743293841309367e+01 9.521497045205052911e-01 3.056272757263748807e-01 1.705436487678874341e-03 3.686775904686347616e+01 1.941853726828694565e-03 -1.162937237303795709e-02 9.999304910354012144e-01 -8.811776005345528517e-01 -3.806685063958910274e-17 3.417555877835086581e-17 -3.934691257170922989e-19 9.999999999999972244e-01
3.011664587376081115e-01 -9.534786841649639522e-01 -1.331025824315660959e-02 -6.017921293501510860e+01 9.535684701393238871e-01 3.011718017916229506e-01 1.648806163240689035e-03 3.751334752755937529e+01 2.436572926431857574e-03 -1.318880770341780348e-02 9.999100551868254083e-01 -8.821217183841799647e-01 -4.040827667444194679e-17 3.851800352355319117e-17 -3.922203847378485542e-19 9.999999999999965583e-01
2.978626333207817223e-01 -9.545144246629571061e-01 -1.341882191380370550e-02 -5.997873583013529952e+01 9.546048319144512240e-01 2.978722203263732271e-01 1.324856010712468796e-03 3.817268223463526766e+01 2.732500104800882068e-03 -1.320429733764212112e-02 9.999090858547982075e-01 -8.877712151000186624e-01 -4.299170235963635687e-17 4.297036048502480595e-17 -3.593657518540739350e-19 9.999999999999956701e-01
2.956193676506395640e-01 -9.552270490756304966e-01 -1.226679192366335845e-02 -5.977662310595712114e+01 9.552967674925358921e-01 2.956480652517786134e-01 -5.545549790893938326e-04 3.883116813124911459e+01 4.156379215301545665e-03 -1.155448947993733232e-02 9.999246063002228402e-01 -8.910511121801554246e-01 -4.557101230296384790e-17 4.662595095913026497e-17 -3.525933075031070108e-19 9.999999999999945599e-01
2.947789167846050495e-01 -9.554951342313775520e-01 -1.159476948694098015e-02 -5.957192374932437673e+01 9.555507809033859656e-01 2.948199874612368876e-01 -1.969799056076690109e-03 3.949834228364446886e+01 5.300503208249257060e-03 -1.049873580561182587e-02 9.999308382144230789e-01 -8.908793710199414129e-01 -4.959755493390839275e-17 5.333716219712105914e-17 -3.411909980163159187e-19 9.999999999999934497e-01
2.943998923798188949e-01 -9.556136098623384534e-01 -1.146001800257053470e-02 -5.936326568762934386e+01 9.556701788770204375e-01 2.944354373971697081e-01 -1.510764687485683343e-03 4.017915182162497700e+01 4.817942709825458365e-03 -1.050722849304779050e-02 9.999331905569556200e-01 -8.894272754377015033e-01 -5.194436385702953794e-17 6.005190230160276393e-17 -3.853825565381898974e-19 9.999999999999923395e-01
2.934215102763799710e-01 -9.558977220773527961e-01 -1.278132365808374964e-02 -5.915846054949962252e+01 9.559774794816545684e-01 2.934396607059809314e-01 4.735490524897561148e-04 4.086861530557058586e+01 3.297882817032712563e-03 -1.235760705327000782e-02 9.999182034130656982e-01 -8.891896223561153167e-01 -5.403059589782233990e-17 6.725216649131135547e-17 -3.909356508776676753e-19 9.999999999999910072e-01
2.929055810133359139e-01 -9.560750633020916878e-01 -1.126028166327812212e-02 -5.894926571824903050e+01 9.561412446567615353e-01 2.928791846635255269e-01 3.962758773167826890e-03 4.156331777816108541e+01 -4.907927322870426221e-04 -1.192713388558731130e-02 9.999287487614995085e-01 -8.897033234305267158e-01 -5.545314743497972409e-17 7.308688266677097835e-17 -4.046704923746336559e-19 9.999999999999896749e-01
2.923895759918788695e-01 -9.562716344598330975e-01 -7.273030922706891568e-03 -5.873296826885378863e+01 9.562959480033350612e-01 2.923599845352796711e-01 4.868190113778056091e-03 4.226514463181960934e+01 -2.528968908879037497e-03 -8.378578044307539649e-03 9.999617011396888522e-01 -8.937863518267760155e-01 -5.647502816058813150e-17 8.226583207507934827e-17 -4.197353532088270070e-19 9.999999999999882316e-01
2.917786092004184817e-01 -9.564824101369633347e-01 -2.577268252976805916e-03 -5.851245566248782382e+01 9.564853976766168886e-01 2.917746894304051319e-01 1.792941507149062698e-03 4.296661833661589469e+01 -9.629353699039471491e-04 -2.988261429206186086e-03 9.999950715123897549e-01 -9.001353350004704934e-01 -5.624556039432044359e-17 8.978714121201549455e-17 -4.919914556390323160e-19 9.999999999999866773e-01
2.915461881261530719e-01 -9.565566341290120400e-01 -4.752818907614260783e-04 -5.829159637014450368e+01 9.565516563542890704e-01 2.915462208282341150e-01 -3.119270218643928425e-03 4.367731715638292656e+01 3.122325260361946860e-03 4.547796621332266019e-04 9.999950221178057763e-01 -9.003031500764466788e-01 -5.690850086228357505e-17 9.698043551750009584e-17 -6.045112103630436731e-19 9.999999999999853451e-01
2.912748287288701166e-01 -9.566300603728176144e-01 -4.231044794777235121e-03 -5.807488883710768590e+01 9.566165518419200708e-01 2.912955971015195877e-01 -5.625642310308960094e-03 4.440379814618893306e+01 6.614143262802003528e-03 -2.408879481848162987e-03 9.999752248973481361e-01 -9.003047031516361320e-01 -6.002843773268551530e-17 1.048601908118059179e-16 -7.342178991567921023e-19 9.999999999999840128e-01
2.909028432104667772e-01 -9.566951021403743427e-01 -1.048891570527558416e-02 -5.785676111407689604e+01 9.567005691146375224e-01 2.909838740275271785e-01 -7.239206567230769933e-03 4.514382371978858544e+01 9.977818792518532848e-03 -7.928845851641988171e-03 9.999187849698409902e-01 -9.032975559054211567e-01 -6.272269606306904905e-17 1.119647860490910065e-16 -8.353988284858734527e-19 9.999999999999825695e-01
2.903703881092947747e-01 -9.568682867161926175e-01 -9.387203314195720003e-03 -5.762990943537743505e+01 9.568613134834684786e-01 2.904435924211484221e-01 -7.677654606348865984e-03 4.588170834767500850e+01 1.007295726253528735e-02 -6.752888145347846899e-03 9.999264643130717500e-01 -9.043838707610688532e-01 -6.503703861948272505e-17 1.174183296024989289e-16 -9.074665771596647417e-19 9.999999999999810152e-01
2.897371807997716764e-01 -9.570948726410392071e-01 -4.665921818842112129e-03 -5.739469742131028340e+01 9.570683691596671983e-01 2.897656423526456249e-01 -7.483933864073990215e-03 4.662771272168619419e+01 8.514858561490357830e-03 -2.297232286722007862e-03 9.999611091974804911e-01 -9.067777741991941420e-01 -6.832894509765884583e-17 1.242139024836742655e-16 -9.793330538688873681e-19 9.999999999999790168e-01
2.900962947989136342e-01 -9.569845451978806761e-01 -4.971920789082752597e-03 -5.716707877128520465e+01 9.569837710087496507e-01 2.901160186717490208e-01 -3.841579883070018065e-03 4.738909372539659870e+01 5.118766441716950631e-03 -3.643619415645654031e-03 9.999802609389975006e-01 -9.014092938677976674e-01 -7.162975066642922486e-17 1.293368366981077780e-16 -1.092389495112054303e-18 9.999999999999770184e-01
2.913008167643948432e-01 -9.566082170793972494e-01 -6.674815994325891330e-03 -5.693727638005792357e+01 9.566314964340266735e-01 2.912945921518259595e-01 1.908039195323205138e-03 4.815879038340636242e+01 1.190918299950217561e-04 -6.941152589095122422e-03 9.999759028185762899e-01 -8.991561489000575724e-01 -7.433580798549654961e-17 1.318426528620405923e-16 -1.222794341410518366e-18 9.999999999999749090e-01
2.911718452617939046e-01 -9.566298633095621229e-01 -8.846533284520161078e-03 -5.669920358116664261e+01 9.566598058284290218e-01 2.911117935758255615e-01 7.479274928582108073e-03 4.894240822486042219e+01 -4.579567581204910254e-03 -1.064087709640471405e-02 9.999328973962918754e-01 -9.065683759783426110e-01 -7.844975478154156796e-17 1.353485416777306249e-16 -1.355199451888610775e-18 9.999999999999727995e-01
2.908591101465288764e-01 -9.567559939827421367e-01 -4.352702935780740183e-03 -5.645556821115791024e+01 9.567370844735255675e-01 2.908120365711407973e-01 9.083533372375093840e-03 4.972365777896276029e+01 -7.424906595224716084e-03 -6.806420750039301158e-03 9.999492704125444442e-01 -9.216575560159824265e-01 -8.270252579041902312e-17 1.383518491010000185e-16 -1.483385087105483958e-18 9.999999999999705791e-01
2.902953347104454962e-01 -9.569355225891919003e-01 1.739037746019529056e-03 -5.620933053815416969e+01 9.569037316054690434e-01 2.902999087508332798e-01 7.823772675286805312e-03 5.050540034401345224e+01 -7.991688492634773516e-03 -6.071129989081448233e-04 9.999678816486041733e-01 -9.312950281438302502e-01 -8.782159271513264811e-17 1.416725660540107119e-16 -1.670662255263563875e-18 9.999999999999683586e-01
2.895869009942788064e-01 -9.571514510500989115e-01 7.256205616524227667e-04 -5.597083073346239246e+01 9.571337440026022048e-01 2.895860242723062306e-01 5.910214701120612528e-03 5.129618111877186948e+01 -5.867100150781072616e-03 -1.017004834615005317e-03 9.999822712613158915e-01 -9.328702783323605807e-01 -9.263782756310077107e-17 1.404440536002946170e-16 -1.856474660458935582e-18 9.999999999999658051e-01
2.901090072948021015e-01 -9.569666236180660590e-01 -7.186457224629647610e-03 -5.574219237659351478e+01 9.569888978365999055e-01 2.900758418244978598e-01 5.315581567123283009e-03 5.210642850047999985e+01 -3.002216515693316434e-03 -8.419457870387036733e-03 9.999600489145122895e-01 -9.426280314121032733e-01 -9.702019040968507461e-17 1.382916408877108716e-16 -2.035916907118333601e-18 9.999999999999630296e-01
2.893626177991058812e-01 -9.571696503256186261e-01 -9.774247590380249692e-03 -5.549682023240809059e+01 9.572184808530602718e-01 2.893625008166147428e-01 1.457063697065892182e-03 5.290748204759400863e+01 1.433643576923292412e-03 -9.777710195634661469e-03 9.999511693324705242e-01 -9.515369227831650401e-01 -1.019987557968498925e-16 1.364350770415780906e-16 -2.219405036423728465e-18 9.999999999999601430e-01
2.885891284323265915e-01 -9.574126954874294659e-01 -8.788940217080487560e-03 -5.524865290059372569e+01 9.574367821762324038e-01 2.886255570664286729e-01 -3.177411560398119613e-03 5.371370255785065240e+01 5.578806932884943295e-03 -7.497888207301068100e-03 9.999563283391863511e-01 -9.552403574724015467e-01 -1.058402269392562521e-16 1.341996750722172831e-16 -2.372952588775997020e-18 9.999999999999572564e-01
2.886687562952050534e-01 -9.573680349782597299e-01 -1.080716155228293902e-02 -5.500640046952731410e+01 9.574024368589151290e-01 2.887264790106565671e-01 -4.194545843758894395e-03 5.452483111063172316e+01 7.136037815148156896e-03 -9.135968473748900739e-03 9.999328032644482223e-01 -9.525293540703017037e-01 -1.092659213948809177e-16 1.339878213839556142e-16 -2.527578617304891608e-18 9.999999999999542588e-01
2.890796124102906761e-01 -9.571638546867066166e-01 -1.644180555687743683e-02 -5.477166678812031364e+01 9.572895572603736802e-01 2.891300356265341098e-01 -7.252992208966790909e-04 5.535280356460889095e+01 5.448050024490838465e-03 -1.552989954445221574e-02 9.998645613136911692e-01 -9.502854335273209774e-01 -1.131962813156085008e-16 1.329185540088717934e-16 -2.679384022232883935e-18 9.999999999999509281e-01
2.889961533452347076e-01 -9.572375362167974133e-01 -1.332376107637480399e-02 -5.452236019035691328e+01 9.573302530956455669e-01 2.889667175728956039e-01 4.125850591487897207e-03 5.618045923846057121e+01 -9.929555103829090139e-05 -1.394759451365548339e-02 9.999027226423712333e-01 -9.508556265528103069e-01 -1.171416989474092675e-16 1.334712226687913888e-16 -2.797825720663194312e-18 9.999999999999478195e-01
2.882166427863808722e-01 -9.575398569198768639e-01 -6.970597590951383565e-03 -5.426546416435424192e+01 9.575503165606870093e-01 2.881638926018277314e-01 7.678688379346616105e-03 5.700907948305754758e+01 -5.343975636532408320e-03 -8.887823715537849015e-03 9.999462228109811113e-01 -9.556798571095824757e-01 -1.200227105330959600e-16 1.356493215056165410e-16 -2.912197675566334929e-18 9.999999999999448219e-01
2.876723930029859155e-01 -9.576779220490099220e-01 -9.878862474514187031e-03 -5.401607786176536763e+01 9.576973157930604996e-01 2.875638760869449473e-01 1.108460611677263008e-02 5.785140421007888278e+01 -7.774678568152162614e-03 -1.264969524204561171e-02 9.998897637156788365e-01 -9.658910570748916458e-01 -1.212606523925324958e-16 1.354256424024816650e-16 -3.098512189557592139e-18 9.999999999999417133e-01
2.880779214688858891e-01 -9.575411792067631822e-01 -1.122502941870058557e-02 -5.377089389475718662e+01 9.575803914785941950e-01 2.879627977997605282e-01 1.082686192710995837e-02 5.868148872437552654e+01 -7.134775260011088499e-03 -1.386784794511759095e-02 9.998783814921250457e-01 -9.784349942580057302e-01 -1.232892189062994964e-16 1.338872160572238179e-16 -3.301041387337359335e-18 9.999999999999384936e-01
2.864184074158993010e-01 -9.580800098118543717e-01 -6.869548181508670567e-03 -5.351531877763923717e+01 9.581015167565278823e-01 2.863918131226022012e-01 4.605753505023488063e-03 5.950814596748181629e+01 -2.445298004258968008e-03 -7.900897116002022699e-03 9.999657975862895620e-01 -9.777069640035790377e-01 -1.256492034909960609e-16 1.322894789241268662e-16 -3.510989966549195628e-18 9.999999999999351630e-01
2.859493910994472810e-01 -9.582257316331227459e-01 -6.032658284815038512e-03 -5.326130122303885628e+01 9.582418187732691939e-01 2.859583532817962515e-01 -6.610163597196429090e-04 6.034513296852476572e+01 2.358491913941316177e-03 -5.591728221317830184e-03 9.999815848761131054e-01 -9.811062176434224291e-01 -1.284906018475989002e-16 1.300464604285228362e-16 -3.712000151460763756e-18 9.999999999999319433e-01
2.858836071667160694e-01 -9.582255543093196604e-01 -8.622657473268378198e-03 -5.301471237475649900e+01 9.582561442345248759e-01 2.859068219723470139e-01 -1.565626593089939874e-03 6.119447225084153530e+01 3.965500005133083469e-03 -7.815127525488047011e-03 9.999615985583758526e-01 -9.869546515386190544e-01 -1.322049115630513021e-16 1.261765448457695255e-16 -3.908853516937931044e-18 9.999999999999283906e-01
2.852512516256329178e-01 -9.584273525270931016e-01 -6.980929298663163945e-03 -5.276252782250426066e+01 9.584525095189894150e-01 2.852490353127490330e-01 1.332234994513235718e-03 6.204321105937736291e+01 7.144528892840234504e-04 -7.070910904730649468e-03 9.999747455691067044e-01 -9.906576036824444875e-01 -1.355769319119236320e-16 1.241267002574592863e-16 -4.111103028990472354e-18 9.999999999999247269e-01
2.844770535229035890e-01 -9.586791183867359178e-01 -2.674694022199211683e-03 -5.250693538859550813e+01 9.586762915844659894e-01 2.844636808192311794e-01 4.492465784126204245e-03 6.289166467288517026e+01 -3.545979830700238949e-03 -3.842169175654351621e-03 9.999863317880999247e-01 -9.939405125084420645e-01 -1.396184305037222997e-16 1.214211587502997152e-16 -4.312395561806036420e-18 9.999999999999211742e-01
2.837107462236426181e-01 -9.589098320845310663e-01 -3.826340199431474171e-04 -5.225708783992953954e+01 9.588896555950723322e-01 2.837021380553354510e-01 6.612507526990155614e-03 6.374435173009753441e+01 -6.232244392825336994e-03 -2.242943248503121139e-03 9.999780639270872129e-01 -9.948312024811690746e-01 -1.429154814279986616e-16 1.177387299472628717e-16 -4.515358748003583694e-18 9.999999999999177325e-01
2.835552267475237587e-01 -9.589388104077675168e-01 -5.726366897767802902e-03 -5.201158479616795915e+01 9.589493746277406583e-01 2.835261967584469245e-01 5.384482608797532682e-03 6.459663230846844328e+01 -3.539814319786379736e-03 -7.018094142567708402e-03 9.999691075573980958e-01 -9.964308425364927224e-01 -1.467705827019009716e-16 1.154181344339967630e-16 -4.715177232413111951e-18 9.999999999999144018e-01
2.836275927359653282e-01 -9.589212885160526278e-01 -5.034984554547592035e-03 -5.175975969080393213e+01 9.589340826765830883e-01 2.836284967914504129e-01 5.485337368980653825e-04 6.544585772408763091e+01 9.020644227818643696e-04 -4.983797598445394682e-03 9.999871739383584535e-01 -1.003179519769368921e+00 -1.516137588588469301e-16 1.140659952790121189e-16 -4.917024653498665458e-18 9.999999999999110711e-01
2.831357574051550641e-01 -9.590737279787964198e-01 -3.424496957288635044e-03 -5.150630722488768498e+01 9.590700244556079612e-01 2.831472099707992851e-01 -3.513641515560571738e-03 6.629915490414532542e+01 4.339478026108087826e-03 -2.289494828825483497e-03 9.999879634994800481e-01 -1.013657741001209756e+00 -1.565980915351111626e-16 1.111953834339258244e-16 -5.087556037661540512e-18 9.999999999999078515e-01
2.836234559305607084e-01 -9.589191905248191095e-01 -5.632165584927842014e-03 -5.126102578294947421e+01 9.589340123017192630e-01 2.836291741687627654e-01 -2.271816675798815036e-04 6.715632740674715251e+01 1.815295334400087454e-03 -5.336441092628482069e-03 9.999841134234377371e-01 -1.016101209983911735e+00 -1.619436687074097495e-16 1.088293908404466860e-16 -5.227954360582526148e-18 9.999999999999046318e-01
2.838653499107181011e-01 -9.588475868660714108e-01 -5.636335788456429616e-03 -5.101193848227773486e+01 9.588554092702386011e-01 2.838327550888818940e-01 5.938960524118963580e-03 6.802098498438556362e+01 -4.094781251614748596e-03 -7.090296166519317704e-03 9.999664796715512782e-01 -1.007164462834623686e+00 -1.675301396021606892e-16 1.070552805740466063e-16 -5.384142501402072153e-18 9.999999999999015232e-01
2.832524122147749290e-01 -9.590354790360080539e-01 -4.361298502309474828e-03 -5.075809858646255890e+01 9.590113849890957720e-01 2.832011404695347068e-01 9.709660051247237522e-03 6.887757443392868595e+01 -8.076783768757719514e-03 -6.932819548361870456e-03 9.999433491838437549e-01 -1.002478064869035457e+00 -1.735704515181804836e-16 1.025717840559603012e-16 -5.581863027688660985e-18 9.999999999998984146e-01
2.832739695677274905e-01 -9.590267074718240581e-01 -4.861329142566905501e-03 -5.050793600003711958e+01 9.589969348700104756e-01 2.832104052908663849e-01 1.080487136331937000e-02 6.972528060264826877e+01 -8.985381211517845523e-03 -7.722738548882140952e-03 9.999298086534507135e-01 -1.007953647912892325e+00 -1.784332635159951621e-16 1.001021437483653181e-16 -5.801181356462418954e-18 9.999999999998951949e-01
2.836602211517703087e-01 -9.589078148434102555e-01 -5.716779539264164531e-03 -5.025582141172828443e+01 9.588678377101736983e-01 2.835733026852839123e-01 1.259570599275058357e-02 7.059032389708265498e+01 -1.045699485526233215e-02 -9.054536782956394345e-03 9.999043287345935616e-01 -1.025402898684401931e+00 -1.824678601298202020e-16 9.912921300878885883e-17 -6.012785744100407146e-18 9.999999999998919753e-01
2.837039698274138044e-01 -9.588783424269569089e-01 -8.023835032664874273e-03 -5.000979690269671352e+01 9.588612255630392101e-01 2.835930066534556038e-01 1.265530281297152018e-02 7.144445419364147654e+01 -9.859392282425745793e-03 -1.128410394055455457e-02 9.998877243880998078e-01 -1.037896361172263804e+00 -1.868960041687638726e-16 1.000089127599519246e-16 -6.215880726062306211e-18 9.999999999998887557e-01
2.838790745526092452e-01 -9.588033982710777448e-01 -1.042662432998800459e-02 -4.976479624970543369e+01 9.588415505993848065e-01 2.837891840507837937e-01 9.304829942290876107e-03 7.229509650469520921e+01 -5.962539358008547494e-03 -1.263892715297925892e-02 9.999023480544267928e-01 -1.045839307554181419e+00 -1.918302608524443077e-16 1.010198650430480532e-16 -6.395237265641351822e-18 9.999999999998857581e-01
2.837934110926926823e-01 -9.588290724598423909e-01 -1.039757789588675180e-02 -4.951224107439990973e+01 9.588831219665565619e-01 2.837999155115846772e-01 8.754219515961877323e-04 7.313194601099110059e+01 2.111451710502453612e-03 -1.021850093549626741e-02 9.999455605232886457e-01 -1.044333689950330379e+00 -1.981949790973352721e-16 1.005332797078756286e-16 -6.538836203360083334e-18 9.999999999998830935e-01
2.834852774153943655e-01 -9.589237696130755717e-01 -1.006486759442816285e-02 -4.925995125115176876e+01 9.589352187361485091e-01 2.835549220923090363e-01 -6.312877711060366562e-03 7.397665710923263305e+01 8.907511238389771366e-03 -7.861948119012685671e-03 9.999294205168879346e-01 -1.043539889797552300e+00 -2.046209497541952919e-16 1.013650715112335034e-16 -6.602457743962172200e-18 9.999999999998805400e-01
2.836833465942510957e-01 -9.588617601714793937e-01 -1.038671005967728260e-02 -4.900805710778473667e+01 9.588798926241290932e-01 2.837520110560839970e-01 -5.843607027440354471e-03 7.482784655670835150e+01 8.550461187757041337e-03 -8.301873429024006837e-03 9.999289817336881603e-01 -1.039116213388217247e+00 -2.101013675613207737e-16 1.007653861799519752e-16 -6.639542228145965027e-18 9.999999999998783196e-01
2.839271822003861523e-01 -9.588031185245812216e-01 -9.051801765936104416e-03 -4.875550336595395606e+01 9.588430208024270041e-01 2.839366079794558018e-01 2.531954402660776138e-04 7.568861479379619084e+01 2.327373311782316313e-03 -8.751146016864760901e-03 9.999589995478728177e-01 -1.031068854398973889e+00 -2.148801737009561687e-16 1.003020939731572283e-16 -6.696260911257707341e-18 9.999999999998762101e-01
2.835913729107449877e-01 -9.589105475015875513e-01 -8.154452815800114496e-03 -4.850535824602422252e+01 9.589335711783494309e-01 2.835357625211786803e-01 7.340125272361319557e-03 7.654998879302941361e+01 -4.726444546598369649e-03 -9.901174762995923820e-03 9.999398119187884459e-01 -1.027559969692565467e+00 -2.203457646526497714e-16 1.003133776101701869e-16 -6.764171973145372488e-18 9.999999999998739897e-01
2.834808800315741784e-01 -9.589470069772035865e-01 -7.696003242337994162e-03 -4.825492420448228614e+01 9.589360144829307542e-01 2.833843778900587140e-01 1.161957382217001199e-02 7.740206578340904287e+01 -8.961628448071343178e-03 -1.067390168936563181e-02 9.999028738023528762e-01 -1.031513473534648728e+00 -2.247535864143648384e-16 1.018928836323544995e-16 -6.846032320874223168e-18 9.999999999998721023e-01
2.831912842327642954e-01 -9.590305575731243870e-01 -7.942680624103942710e-03 -4.800315272182073301e+01 9.590214757433923598e-01 2.830917002533478999e-01 1.170035516536893638e-02 7.825519391166592698e+01 -8.972491175621492149e-03 -1.093063989875642933e-02 9.999000027569879823e-01 -1.039988961939999346e+00 -2.296597887339142457e-16 1.034784298176180151e-16 -6.962917098926646840e-18 9.999999999998701039e-01
2.839614538198488858e-01 -9.587778605496756201e-01 -1.053123279673066383e-02 -4.775498951874233455e+01 9.588155338238750769e-01 2.838671270406468716e-01 9.603451676199062717e-03 7.910897484482423181e+01 -6.218106053815198112e-03 -1.282451969549175050e-02 9.998984282673909485e-01 -1.051928391130022122e+00 -2.347460007998318391e-16 1.051279424547310395e-16 -7.108963771528952470e-18 9.999999999998681055e-01
2.841572237334122897e-01 -9.586850311681572867e-01 -1.332978672528335393e-02 -4.750711335462737850e+01 9.587717954211832927e-01 2.840792308654256915e-01 7.458880353560043419e-03 7.996132096431750824e+01 -3.364001383734530407e-03 -1.489971828461661082e-02 9.998833341393598140e-01 -1.064969729976411150e+00 -2.407549361796377152e-16 1.086148901552514238e-16 -7.235586475557734847e-18 9.999999999998661071e-01
2.834108103025032022e-01 -9.589020558952779938e-01 -1.360734373045750616e-02 -4.725378533033808992e+01 9.589942286945165595e-01 2.833381517313678377e-01 7.039964804677751632e-03 8.081856673358086596e+01 -2.895157102095798594e-03 -1.504456623517372305e-02 9.998826326584839830e-01 -1.072303059538805892e+00 -2.460291300517719405e-16 1.102316768475501794e-16 -7.385650518465345813e-18 9.999999999998643307e-01
2.824180982904654913e-01 -9.592013029053589879e-01 -1.314831786079685531e-02 -4.700351537947953062e+01 9.592818881342992654e-01 2.823276819865493392e-01 8.327009186667238758e-03 8.167291535614748454e+01 -4.275143957516851743e-03 -1.496464128224854993e-02 9.998788839931290751e-01 -1.076307445616953240e+00 -2.513569058846101511e-16 1.116426002899375190e-16 -7.593235724682251545e-18 9.999999999998625544e-01
2.823861117557673883e-01 -9.591935589064291001e-01 -1.434574640046755271e-02 -4.675710464293091917e+01 9.592700496016459688e-01 2.822256778712577963e-01 1.223268931075788962e-02 8.252509926912439653e+01 -7.684778792564818210e-03 -1.721578643193784341e-02 9.998222646412444625e-01 -1.076814162721691170e+00 -2.563984927928961758e-16 1.137645573786080541e-16 -7.800279646326849314e-18 9.999999999998608891e-01
2.821643058436066331e-01 -9.592611889637071565e-01 -1.418717222133535939e-02 -4.650682797638781096e+01 9.593201396185515595e-01 2.819751934518040515e-01 1.395922635675663805e-02 8.337859377672263861e+01 -9.390113440375028389e-03 -1.754883545123929814e-02 9.998019124525554524e-01 -1.078315131055872955e+00 -2.608650227021674935e-16 1.136188191378150414e-16 -8.040875893547745497e-18 9.999999999998591127e-01
2.812528251800299195e-01 -9.595491243336168319e-01 -1.274073462348315061e-02 -4.625292803654567564e+01 9.595929524640318675e-01 2.810937369071848102e-01 1.294900202119347518e-02 8.423091024330480536e+01 -8.843862844196878278e-03 -1.586786255563898268e-02 9.998349848989138700e-01 -1.088010663374022524e+00 -2.653889893841997391e-16 1.139303113092571630e-16 -8.306433194470039685e-18 9.999999999998572253e-01
2.805968694884083958e-01 -9.597112293048574161e-01 -1.482407431738744230e-02 -4.601268322400734689e+01 9.597979822354150148e-01 2.804378977908430493e-01 1.193393396649589794e-02 8.508026632126939148e+01 -7.295898199189543645e-03 -1.757674113002325594e-02 9.998188976212719625e-01 -1.102206682429965445e+00 -2.711790488027129917e-16 1.136997345103060902e-16 -8.542105415586353213e-18 9.999999999998550049e-01
2.798542122101771445e-01 -9.599364451142761157e-01 -1.427029255090998643e-02 -4.576450201346227686e+01 9.600171520082032561e-01 2.797078689980164734e-01 1.142697996388588634e-02 8.593500217850447598e+01 -6.977661405555581758e-03 -1.689761408878998755e-02 9.998328774746872982e-01 -1.113072979504004634e+00 -2.777184832663322029e-16 1.129268444042706041e-16 -8.783891490006178716e-18 9.999999999998526734e-01
2.784031723388032953e-01 -9.604160172198888956e-01 -9.630550299745549436e-03 -4.551030900023153691e+01 9.604481197008151172e-01 2.783262828537217959e-01 8.595908122833478826e-03 8.678231468808208149e+01 -5.575212576979069086e-03 -1.164277201761188853e-02 9.999166779609000022e-01 -1.113187727396470539e+00 -2.821477754172099115e-16 1.112952503804292033e-16 -9.064706346373996285e-18 9.999999999998504530e-01
2.770411440686285087e-01 -9.607486191640001172e-01 -1.450156086457150828e-02 -4.527074795307756006e+01 9.608571723643144491e-01 2.769888631392014577e-01 5.537509672568249712e-03 8.763632674759357144e+01 -1.303383913928399728e-03 -1.546804678218652480e-02 9.998795131009577952e-01 -1.116640021105083536e+00 -2.870182734482469903e-16 1.112756550070000303e-16 -9.301084417628867991e-18 9.999999999998483435e-01
2.763638815534434912e-01 -9.608025137542383076e-01 -2.194389519078784531e-02 -4.504010927287215793e+01 9.610444539123799146e-01 2.763860434935000443e-01 2.076672035107565185e-03 8.848470446159484482e+01 4.069714659021122713e-03 -2.166297591468077655e-02 9.997570469354056799e-01 -1.128922492469360384e+00 -2.912034271264033667e-16 1.095108442348984506e-16 -9.546732351676937146e-18 9.999999999998462341e-01
2.750305428898200955e-01 -9.611540991392317768e-01 -2.325936769288845449e-02 -4.480315289694642900e+01 9.614214663435703967e-01 2.750767007904640904e-01 1.254087915342057442e-03 8.933619594887770177e+01 5.192738386897657703e-03 -2.270696787371232622e-02 9.997286777310699923e-01 -1.133055996420679890e+00 -2.960206026801371431e-16 1.094045497225001013e-16 -9.762997120210499221e-18 9.999999999998441247e-01
2.737858448926637767e-01 -9.615513470219917425e-01 -2.145502683501230787e-02 -4.456236904230107854e+01 9.617875112075021660e-01 2.737740719655448185e-01 3.541299928078915724e-03 9.018997862094322215e+01 2.468688344674676519e-03 -2.160473465536762172e-02 9.997635425530441156e-01 -1.117312455987975239e+00 -2.983694253115888259e-16 1.093258256392978754e-16 -1.005129221522426506e-17 9.999999999998420153e-01
2.733163402445939472e-01 -9.617436800520978712e-01 -1.863523638259670379e-02 -4.432420671836817405e+01 9.619224402626156412e-01 2.732274250582232833e-01 7.210625199995118577e-03 9.104470139027527864e+01 -1.843115563176540329e-03 -1.989643374656056146e-02 9.998003474939747282e-01 -1.108120808189622553e+00 -3.039155585365068036e-16 1.095462544172856036e-16 -1.037143675230444636e-17 9.999999999998395728e-01
2.721762727240627511e-01 -9.620526651227259141e-01 -1.935835985254222291e-02 -4.409339093738761761e+01 9.622395922473772067e-01 2.720378869102644259e-01 9.505535098889746071e-03 9.190119327200864063e+01 -3.878618066996774357e-03 -2.121456140455599271e-02 9.997674223069007438e-01 -1.112236196163109092e+00 -3.123876417165073566e-16 1.129529221097340256e-16 -1.064321218453772546e-17 9.999999999998373523e-01
2.711455301191035283e-01 -9.623816544156853503e-01 -1.736815305208311982e-02 -4.386213908600396394e+01 9.625269664631690425e-01 2.710103663161541609e-01 9.758082850667331234e-03 9.275275089597865019e+01 -4.684050396897085876e-03 -1.936317621778447032e-02 9.998015438468371707e-01 -1.122916332240242010e+00 -3.220337113472762635e-16 1.165377283696807959e-16 -1.093155562375477377e-17 9.999999999998352429e-01
2.698184425257489916e-01 -9.628142839555383636e-01 -1.366245527142541730e-02 -4.362793774955645176e+01 9.628920674616396891e-01 2.696964379026134950e-01 1.013399243279818236e-02 9.359948717786075179e+01 -6.072437148114969048e-03 -1.588980785769572579e-02 9.998553092889026495e-01 -1.135458059690054755e+00 -3.331796904536575663e-16 1.244289540800851378e-16 -1.120205659189846395e-17 9.999999999998332445e-01
2.688873109264186545e-01 -9.630860393061463354e-01 -1.284114154735243457e-02 -4.340152908575822721e+01 9.631376377596470029e-01 2.687418910963784713e-01 1.198693877755509056e-02 9.445205549510959031e+01 -8.093500727436761868e-03 -1.559092247019632470e-02 9.998456972865267245e-01 -1.142471580004558396e+00 -3.441079426255554568e-16 1.321809954956635955e-16 -1.146569666023774572e-17 9.999999999998314681e-01
2.686200231829771745e-01 -9.630767522190568641e-01 -1.806799602193653528e-02 -4.318312736901484072e+01 9.632128802612462959e-01 2.684074020601140975e-01 1.335716357360635168e-02 9.530276517795991253e+01 -8.014389840676115762e-03 -2.099132807764339873e-02 9.997475349811537626e-01 -1.139716183438197028e+00 -3.556768822674999744e-16 1.390151259237389169e-16 -1.179162479846437957e-17 9.999999999998298028e-01
2.682422085788918054e-01 -9.630836651916242497e-01 -2.271500336042522536e-02 -4.296543122823783278e+01 9.633260354229654654e-01 2.679890905894040665e-01 1.359399874590780724e-02 9.615560613590791661e+01 -7.004785043553517047e-03 -2.552843837884152464e-02 9.996495545041291786e-01 -1.142897887945530488e+00 -3.648499845918863655e-16 1.414097137114005838e-16 -1.214704062252207905e-17 9.999999999998282485e-01
2.686417803531033766e-01 -9.629094863661687986e-01 -2.523717326947542972e-02 -4.273794132380874089e+01 9.632295721181499681e-01 2.684238002770531484e-01 1.172411371870629195e-02 9.700337200325806464e+01 -4.515002361764617993e-03 -2.745877839228555092e-02 9.996127401362725484e-01 -1.152548900952963917e+00 -3.744585525947509106e-16 1.445005562916397809e-16 -1.249527693102544035e-17 9.999999999998266942e-01
2.702074219472680450e-01 -9.624480301578731689e-01 -2.611012006326193097e-02 -4.250643071840543996e+01 9.627933426397837779e-01 2.699896880182443004e-01 1.159947123415401918e-02 9.784853127834311692e+01 -4.114425070215492822e-03 -2.827291299056736845e-02 9.995917736242319052e-01 -1.165684322367976478e+00 -3.835424356459525120e-16 1.455314863782321739e-16 -1.286563198039062361e-17 9.999999999998250289e-01
2.713275125882385619e-01 -9.621769556672874479e-01 -2.443126880428369424e-02 -4.226788162382616321e+01 9.624610645442484014e-01 2.710461225465021773e-01 1.423722899504152942e-02 9.869718632616749687e+01 -7.076732973326073893e-03 -2.737709691091291461e-02 9.996001272584061903e-01 -1.179096880381335311e+00 -3.924853697853382166e-16 1.483632719723358327e-16 -1.323301849565458264e-17 9.999999999998232525e-01
