1.000000000000000000e+00 4.398956837314658088e-19 2.733407509747682871e-20 -8.673617379884035472e-19 -5.583667658079949532e-19 1.000000000000000000e+00 -6.100159232558060012e-19 0.000000000000000000e+00 4.145284534913582806e-20 -2.210423569125054137e-19 1.000000000000000222e+00 0.000000000000000000e+00
9.998964205515508130e-01 3.126896581191135143e-04 1.438924631150982972e-02 -8.510906545867011341e-02 -3.077817076860365889e-04 9.999998937087265505e-01 -3.432981176579473145e-04 -9.927487293874548424e-03 -1.438935237732581925e-02 3.388338284452160464e-04 9.998964104911653994e-01 1.804696104170083748e-02
9.995350624994490119e-01 1.725860267754784341e-03 3.044142348864082789e-02 -8.732738016033994577e-02 -1.713845365647551165e-03 9.999984428406569759e-01 -4.207773842418323080e-04 -1.509995682269948958e-02 -3.044210281708539106e-02 3.684098868756985746e-04 9.995364638788774014e-01 4.194151567504550426e-02
9.979589582600635334e-01 5.127996361324907611e-03 6.365234709816869341e-02 7.558243134738192037e-03 -5.204582085199565417e-03 9.999859179334790182e-01 1.037434176673446545e-03 6.484761194272631313e-03 -6.364613188420101264e-02 -1.366600552665438520e-03 9.979715939244939715e-01 4.132122581759410940e-01
9.954150221330395620e-01 4.134682020165609401e-03 9.556065133776248111e-02 2.913714359928422371e-02 -4.427825049749598355e-03 9.999861193892330968e-01 2.855766420837319887e-03 1.315080293502770420e-02 -9.554751886332055189e-02 -3.265798584801984927e-03 9.954195126796454574e-01 5.504954084025629468e-01
9.909045300967264103e-01 1.648461820345246314e-03 1.345566597313725687e-01 1.600879115026678789e-01 -2.306750528500052955e-03 9.999861220359438363e-01 4.736521994814416221e-03 1.298910663592429959e-02 -1.345469867085047899e-01 -5.003829669214878394e-03 9.908945807615247015e-01 7.970722349328681622e-01
9.851214641618479817e-01 -2.468366728375432067e-03 1.718418102333467146e-01 1.534698455161161157e-01 1.485300594850618144e-03 9.999817907756648472e-01 5.849102065615036962e-03 -1.831168317994148753e-02 -1.718531218265839378e-01 -5.506839136259870926e-03 9.851071918905504043e-01 8.947345196957328106e-01
9.764145897063272184e-01 -2.621190103644909734e-03 2.158881142278944731e-01 2.719023966763233768e-01 1.222448424090215747e-03 9.999773913766776268e-01 6.612287903087842901e-03 -6.286807251166010024e-03 -2.159005690909087116e-01 -6.192422147728113974e-03 9.763957182845419691e-01 1.156385278126981220e+00
9.648137098956723889e-01 -2.692349745581246179e-03 2.629206260725612809e-01 3.517094378682991129e-01 4.402305482042163476e-05 9.999492137440181283e-01 1.007809463915795671e-02 3.772697753450723890e-03 -2.629344116176103863e-01 -9.711909148741345102e-03 9.647648287779422294e-01 1.324256855831817070e+00
9.503571165253533737e-01 -6.166975070270231361e-03 3.111001739607870409e-01 5.230176051406325577e-01 1.014835958827194897e-03 9.998596928736263045e-01 1.672018740031249590e-02 2.392488381295418409e-02 -3.111596427415064259e-01 -1.557443328788399826e-02 9.502300326838438727e-01 1.618987939436651979e+00
9.334919829982190054e-01 -1.585729910327758618e-02 3.582474871051491427e-01 6.395448851200150608e-01 7.438194224580713804e-03 9.996631014490026113e-01 2.486678194045559287e-02 5.161409999256821868e-04 -3.585211202329159352e-01 -2.054822703384353785e-02 9.332954400738886491e-01 1.805553993528592249e+00
9.123950069280940545e-01 -2.155728894525685974e-02 4.087427458578140604e-01 8.106344022746208022e-01 1.020410942791510900e-02 9.994997160110816736e-01 2.993649632838137412e-02 -8.979439606775996285e-03 -4.091836151704923430e-01 -2.314305387812081935e-02 9.121585226812061187e-01 2.039262430543860471e+00
8.875425909121446022e-01 -2.353740190701094845e-02 4.601240452014364046e-01 1.003257998524249128e+00 8.957159256044030723e-03 9.993869390008665032e-01 3.384546379365093588e-02 -5.121015200700879122e-03 -4.606386033298284777e-01 -2.591788605931097736e-02 8.872093007817188903e-01 2.281769302996933924e+00
8.592206560965489626e-01 -2.545625220153953719e-02 5.109714664191818967e-01 1.159609433552755142e+00 6.904445144427696739e-03 9.992473416468712344e-01 3.817170176297027956e-02 2.713062732605733829e-02 -5.115585967739257889e-01 -2.926993993588525300e-02 8.587497170785954870e-01 2.505177187464881605e+00
8.271181944647851836e-01 -3.079304676063958704e-02 5.611838164972864362e-01 1.407219570968825550e+00 8.035280438261134528e-03 9.990437886146613655e-01 4.297607077069575537e-02 2.483791847710024869e-02 -5.619705800008052421e-01 -3.103702044360922424e-02 8.265747246156559536e-01 2.743794043353885659e+00
7.915635439911233862e-01 -3.657235446091554321e-02 6.099914860030057895e-01 1.609154326522187040e+00 1.030104438426355379e-02 9.988642378024296109e-01 4.652013410118200493e-02 2.369746341993342331e-02 -6.110000421167196549e-01 -3.054009251255540569e-02 7.910412486382155661e-01 2.932062184280253447e+00
7.537159195220420882e-01 -4.101877200454791955e-02 6.559190241915097142e-01 1.884278588868379956e+00 1.133571035938920474e-02 9.987132598502689307e-01 4.943001333132179820e-02 3.391814273474369479e-02 -6.571025966443736488e-01 -2.982087948402493277e-02 7.532110589920482102e-01 3.137978926625839549e+00
7.136726886398185865e-01 -4.424824746491379246e-02 6.990803804810485911e-01 2.201415520897778588e+00 1.237671793441844428e-02 9.986436228125229464e-01 5.057401916169967926e-02 4.155441311197469179e-02 -7.003699876163614890e-01 -2.744097509085110034e-02 7.132523263891772380e-01 3.392985272061979085e+00
6.724862777132492031e-01 -4.621333259487783729e-02 7.386653677243107952e-01 2.489125228600844508e+00 1.154028844014673427e-02 9.985820579860170687e-01 5.196821293817310145e-02 5.255245560481085210e-02 -7.400196201620210523e-01 -2.642349816527173739e-02 6.720660453241725785e-01 3.567027764916900878e+00
6.297169725788117622e-01 -4.653595154574707848e-02 7.754295132238340216e-01 2.834514168676463886e+00 7.212074185170281627e-03 9.985112674274234656e-01 5.406694698099445001e-02 8.330904367201329153e-02 -7.767911762981021262e-01 -2.845441846597117005e-02 6.291151120638514005e-01 3.808255492737946835e+00
5.879003293758295889e-01 -4.740796517934652010e-02 8.075429876940992679e-01 3.158263960520052205e+00 4.347541841146214218e-03 9.984519727570964065e-01 5.545049079991946905e-02 1.020066247872638970e-01 -8.089216980658845424e-01 -2.908853432014393836e-02 5.871963506359646479e-01 4.008947581236984803e+00
5.477057529460702678e-01 -4.842767059667872631e-02 8.352683146816873849e-01 3.547903928394451345e+00 2.095505157995000440e-03 9.983997364563536037e-01 5.651172495264414342e-02 1.231827239167783694e-01 -8.366684109095414712e-01 -2.920148721650703272e-02 5.469307586655844933e-01 4.210501884813469431e+00
5.089908328326259168e-01 -5.105692432601749431e-02 8.592563706118567790e-01 3.982274173116959748e+00 1.310024715708585840e-03 9.982840910510852872e-01 5.854192808115095403e-02 1.330935115552828174e-01 -8.607709505861239618e-01 -2.867165702670360430e-02 5.081843355418933506e-01 4.433351392127685031e+00
4.718028914864957901e-01 -5.097883990603076926e-02 8.802290478433439924e-01 4.365652183984602530e+00 -1.671278392683265895e-03 9.982736079628435899e-01 5.871124621688635081e-02 1.592043808837226848e-01 -8.817024738862655475e-01 -2.917124287721621981e-02 4.709031736700198256e-01 4.627317626857945676e+00
4.357604575774373101e-01 -5.031032651227329566e-02 8.986554852969866891e-01 4.834825255004736810e+00 -2.956547057216687025e-03 9.983511735102096329e-01 5.732532724141688879e-02 1.840201224116429501e-01 -9.000578298183433690e-01 -2.763702738663241856e-02 4.348932180899623412e-01 4.793685736197558889e+00
4.024703348458506524e-01 -4.899525361708544080e-02 9.141209333378654822e-01 5.350682802764374912e+00 -1.703065566754811402e-03 9.985249005055261140e-01 5.426898379990816729e-02 2.010214616578089308e-01 -9.154314524656492758e-01 -2.339846323798322122e-02 4.017932076525673191e-01 4.986228545334684625e+00
3.720790629566586571e-01 -4.730789633935129218e-02 9.269946706870463293e-01 5.849201753267062820e+00 1.850159485811525540e-04 9.987040829700386535e-01 5.089322541600296151e-02 2.238987870635150423e-01 -9.282010299936450659e-01 -1.876479403976233709e-02 3.716056307825079674e-01 5.164521259936614150e+00
3.464755256909894388e-01 -4.544448869249518436e-02 9.369575731169735855e-01 6.388648260240391785e+00 1.120610735512112552e-03 9.988451791259422841e-01 4.803178463433759038e-02 2.500002032461863255e-01 -9.380583510752259491e-01 -1.559187229069602595e-02 3.461263327936288658e-01 5.343081039287255862e+00
3.260949165549904549e-01 -4.484097359812645733e-02 9.442729359125711097e-01 6.969718473762553046e+00 2.290966562609163433e-03 9.989089338306622601e-01 4.664432818313361817e-02 2.717856543170253936e-01 -9.453342651023826093e-01 -1.304717972744516910e-02 3.258418532741922946e-01 5.533583451389108454e+00
3.116651543572819816e-01 -4.547445282928765098e-02 9.491032033114265021e-01 7.540972076198533713e+00 3.442295410731416056e-03 9.989016222371827070e-01 4.673007231212955581e-02 3.012220325130126608e-01 -9.501857703690564927e-01 -1.129704071964352657e-02 3.114793634550974133e-01 5.698375219459851593e+00
2.992327088841666982e-01 -4.708362270770567043e-02 9.530177873987384363e-01 8.162212082078644571e+00 4.368949922957773152e-03 9.988389518154874303e-01 4.797562478848729772e-02 3.206263677825977321e-01 -9.541701705551606238e-01 -1.019218828119485172e-02 2.990909899475664990e-01 5.904483759176102353e+00
2.887859993388433022e-01 -4.889724919102440837e-02 9.561441785537470039e-01 8.783404698979094150e+00 3.189656730331283645e-03 9.987385037111942143e-01 5.011214678566773550e-02 3.511975922963676555e-01 -9.573883689161523103e-01 -1.142191378433682868e-02 2.885776609752896404e-01 6.078268820115708237e+00
2.781761097630402468e-01 -5.048530723624724409e-02 9.592024135549381825e-01 9.473062077163984185e+00 1.557751163171851479e-03 9.986401746870841034e-01 5.210925900079937251e-02 3.828628025146857961e-01 -9.605288344027742564e-01 -1.300135139553852508e-02 2.778764810525248263e-01 6.275543107935238396e+00
2.677147802603549454e-01 -5.224231486098122185e-02 9.620808288898703431e-01 1.016119981203715028e+01 8.455322287985777077e-04 9.985412867268770309e-01 5.398688486530443809e-02 4.129380389217987557e-01 -9.634978453228629780e-01 -1.363961579140455377e-02 2.673684323729773604e-01 6.459694550537425251e+00
2.578552808197784318e-01 -5.433956352007090346e-02 9.646542646148148492e-01 1.086752181579486809e+01 5.271260066889012176e-05 9.984179867020194221e-01 5.622740444218582434e-02 4.406967806206055216e-01 -9.661835580717899052e-01 -1.444768284989573180e-02 2.574502133679847926e-01 6.659124634256971653e+00
2.476058297799344499e-01 -5.593361924245695421e-02 9.672449366350593936e-01 1.158841036390681722e+01 -3.453865961191172201e-04 9.983269969602742711e-01 5.781944141998409531e-02 4.674786269205805089e-01 -9.688608002996313973e-01 -1.465050332640404490e-02 2.471722643998954527e-01 6.841233624813243708e+00
2.364946641778963021e-01 -5.704468865282857903e-02 9.699567832403862555e-01 1.237939301345680043e+01 -1.086322346874526957e-03 9.982589250176089335e-01 5.897404924218718758e-02 5.008845409464109943e-01 -9.716321888389966022e-01 -1.500073281850554038e-02 2.360209389590768314e-01 7.036759456464851681e+00
2.270474058135843465e-01 -6.006519708002206609e-02 9.720296454179491175e-01 1.312909289647912736e+01 -2.226722215094123491e-03 9.980616000192576998e-01 6.219392438592472733e-02 5.341958166887125214e-01 -9.738811703456468072e-01 -1.628540831962152491e-02 2.264735472597787791e-01 7.214971561326287919e+00
2.156564158737512282e-01 -6.350995952735326300e-02 9.744017545110522649e-01 1.389936148253535464e+01 -4.125060521682595398e-03 9.978144730004825380e-01 6.594892948346356421e-02 5.820365864731591454e-01 -9.764606039019584349e-01 -1.824177511014106121e-02 2.149231091665273485e-01 7.380201115015205815e+00
2.026834807142894324e-01 -6.745986354127693485e-02 9.769178866271100992e-01 1.469665515711445813e+01 -4.175638383691951221e-03 9.975556719969899122e-01 6.975131008666766996e-02 6.169004870221344028e-01 -9.792354096799632535e-01 -1.821669326818409207e-02 2.019063664468200014e-01 7.540526816279162325e+00
1.903127723379100522e-01 -6.986155136374651298e-02 9.792345970113015552e-01 1.547477146203809539e+01 -5.458483207483523503e-03 9.973740415940169912e-01 7.221652208577032661e-02 6.621650593421751774e-01 -9.817083429385811133e-01 -1.908886126378722681e-02 1.894316794413935245e-01 7.693949585591162155e+00
1.762741772282856445e-01 -7.053455440273642685e-02 9.818107122185765201e-01 1.629399868217313596e+01 -5.963426739721461138e-03 9.973345323750455460e-01 7.272047868785251612e-02 7.006774951429949327e-01 -9.843230511389681192e-01 -1.867369792782548957e-02 1.753836950970710518e-01 7.827254783178903885e+00
1.621945586328263911e-01 -6.977544568677958303e-02 9.842887258188203203e-01 1.708323353841621639e+01 -7.414009457164671621e-03 9.973824619782868384e-01 7.192535681274046799e-02 7.349960188131963168e-01 -9.867309535514909857e-01 -1.896342654891639695e-02 1.612526910201088903e-01 7.969980811382066932e+00
1.454350386263244255e-01 -6.865055872972755657e-02 9.869831476042542073e-01 1.787258276567660431e+01 -8.739739643561705504e-03 9.974616582043094315e-01 7.066722945204187423e-02 7.722335741384656060e-01 -9.893292089290706137e-01 -1.890346610804161803e-02 1.444658854013022298e-01 8.075939199439693184e+00
1.254117644669988374e-01 -6.743529729790338767e-02 9.898102612192132277e-01 1.867565027034655500e+01 -1.117741821937986643e-02 9.975278717075369839e-01 6.937730500920116783e-02 8.123988360883961368e-01 -9.920418196180589288e-01 -1.976425260720534455e-02 1.243479765930343567e-01 8.162784421358690423e+00
1.001861063983091188e-01 -6.595896704444129122e-02 9.927800067566462383e-01 1.952123906704935052e+01 -1.556212921845782568e-02 9.975742964825609072e-01 6.784794104594259190e-02 8.561873915915934052e-01 -9.948470141173292314e-01 -2.224719093431940659e-02 9.891662125323298638e-02 8.264204656261661341e+00
6.957319292041608261e-02 -6.548093978566434104e-02 9.954254368255576191e-01 2.034851086388538732e+01 -1.957653167774234607e-02 9.975615953989895868e-01 6.698972141004770620e-02 8.960338986438738385e-01 -9.973847540247151588e-01 -2.414766556354396368e-02 6.812165424503426048e-02 8.331298129342554759e+00
3.630682818135659573e-02 -6.528421283905154471e-02 9.972059810276946434e-01 2.119825152966286197e+01 -2.253549028603465260e-02 9.975566574677121601e-01 6.612765540207375670e-02 9.373049758316339686e-01 -9.990865744501630230e-01 -2.487341027841880742e-02 3.474690502746798776e-02 8.331713367876233178e+00
1.639959079019722484e-03 -6.453555907759077337e-02 9.979140518542771732e-01 2.203584403173148942e+01 -2.452869232534000271e-02 9.976125591207289922e-01 6.455637174973639925e-02 9.726986626420847104e-01 -9.996977898863999012e-01 -2.458339570373958491e-02 5.306950777917816429e-05 8.334469045543963617e+00
-3.228529127882653199e-02 -6.354357107808020211e-02 9.974566944214926512e-01 2.288467669249106606e+01 -2.559303412672149156e-02 9.977022799577599521e-01 6.273083111402646961e-02 1.001811709704268472e+00 -9.991509764913832914e-01 -2.350265920398449115e-02 -3.383738289395815668e-02 8.290988876118168704e+00
-6.505227760143186821e-02 -6.163080596698903429e-02 9.959768208359613961e-01 2.372472636122086342e+01 -2.808920146008404492e-02 9.978085227696726900e-01 5.990950391952786641e-02 1.035926301659530147e+00 -9.974864485759908916e-01 -2.407894303322287433e-02 -6.664087853210748369e-02 8.235561110688239594e+00
-9.747331114032420363e-02 -5.850290770095899900e-02 9.935171594656093674e-01 2.454562856714441210e+01 -2.964966568894569429e-02 9.979983943619468167e-01 5.585787495667744740e-02 1.073142852752815291e+00 -9.947963952274775368e-01 -2.401279875287278334e-02 -9.901280105403412191e-02 8.158289747646676915e+00
-1.294492794105745470e-01 -5.419677060650428951e-02 9.901038212917191439e-01 2.536662757692239367e+01 -2.682843598751620193e-02 9.983311013973447112e-01 5.113948595686727133e-02 1.100674475369764815e+00 -9.912230505454003859e-01 -1.994296649330992016e-02 -1.306872576637006234e-01 8.026017163179478331e+00
-1.609915120913803233e-01 -4.870684009774119139e-02 9.857531941062243064e-01 2.621184510589756655e+01 -2.284291164809846425e-02 9.986978531476071730e-01 4.561578150244331720e-02 1.116097603677912886e+00 -9.866914163363286194e-01 -1.517371855071722800e-02 -1.618944849242079098e-01 7.888205399727654665e+00
-1.918839671623696619e-01 -4.258197770114990899e-02 9.804933969129159266e-01 2.707793280625227439e+01 -1.630238358878321331e-02 9.990587393825172136e-01 4.019785517680909970e-02 1.135394752255289186e+00 -9.812822182507112689e-01 -8.271054552842695140e-03 -1.923975434477601665e-01 7.693129450201173114e+00
-2.210975440209672627e-01 -3.689136221276390071e-02 9.745536858767150923e-01 2.790332407696420347e+01 -1.074623430249924821e-02 9.993157736743190078e-01 3.539071820881686120e-02 1.146215601308453458e+00 -9.751924992776850321e-01 -2.647980339409181181e-03 -2.213427078478860111e-01 7.499427508733827352e+00
-2.481519945114106229e-01 -3.041743433876209143e-02 9.682434356725110325e-01 2.868551628148396659e+01 -1.867646964398632283e-03 9.995200763912172048e-01 3.092133201888812646e-02 1.172642638156488726e+00 -9.687193171539032477e-01 5.864854402822569646e-03 -2.480897108969803699e-01 7.274401058441393175e+00
-2.754305038553002127e-01 -1.997100463365084760e-02 9.611135105409510659e-01 2.952267660084361367e+01 4.162383566559120333e-03 9.997500387920227327e-01 2.196666751937366088e-02 1.168128134513600092e+00 -9.613119825194554879e-01 1.005081451474352898e-02 -2.752785312809179485e-01 7.036834281410582648e+00
-3.002216755817345706e-01 -5.070910034842663131e-03 9.538559719498226341e-01 3.030262473546324742e+01 8.559474879729430871e-03 9.999312859793890729e-01 8.009912107312206972e-03 1.160996313825930493e+00 -9.538310627389239293e-01 1.056925658490893809e-02 -3.001576431560146752e-01 6.759802138293025564e+00
-3.249355927618158835e-01 1.176084936141030476e-02 9.456630092514822783e-01 3.107185566461859239e+01 8.999127588237188988e-03 9.999158546042116180e-01 -9.343414730812786562e-03 1.127295959222870625e+00 -9.456933389352266683e-01 5.474135128197147107e-03 -3.250140896412742064e-01 6.471710793053662591e+00
-3.498085198601472157e-01 2.634932726220368462e-02 9.364505842531980484e-01 3.186318939018524077e+01 7.764034049461518601e-03 9.996515881474061782e-01 -2.522740721829199242e-02 1.098260360369246680e+00 -9.367890551972706259e-01 -1.554126781204171956e-03 -3.498912208175125604e-01 6.195190503297424378e+00
-3.744578413158404229e-01 3.711160616443841959e-02 9.265009651489188869e-01 3.261505572861312174e+01 1.162858957692887094e-02 9.993081115529639513e-01 -3.532809171009004823e-02 1.062556978822732034e+00 -9.271710281115614904e-01 -2.454980539435738969e-03 -3.746303152031663086e-01 5.880275739890822528e+00
-3.979797212834978448e-01 4.190109383857938685e-02 9.164368089162153730e-01 3.340538854687486037e+01 1.576687101691106110e-02 9.991212570797748382e-01 -3.883451294891791805e-02 1.012321327284542827e+00 -9.172587210096772026e-01 -1.006006721219170150e-03 -3.982906498545494278e-01 5.529023543612192171e+00
-4.207100547607789953e-01 4.122683783710546362e-02 9.062579008865785379e-01 3.412168797459928271e+01 1.782571386913249165e-02 9.991496804435592294e-01 -3.717741193783669074e-02 9.661072044464802389e-01 -9.070200149072766838e-01 5.137839850231664101e-04 -4.210872158657897324e-01 5.174781772763662246e+00
-4.409761033977266931e-01 3.800876913521454570e-02 8.967136640170884077e-01 3.488283147777207915e+01 2.216248046165965671e-02 9.992593815523410639e-01 -3.145652235975781447e-02 9.388352186224452334e-01 -8.972451805707231109e-01 6.001825412055181337e-03 -4.414918782274670495e-01 4.811430672883722615e+00
-4.592363906942500407e-01 3.673209458880487971e-02 8.875543231207745354e-01 3.560417036893208831e+01 2.940000471528375972e-02 9.992258281250534502e-01 -2.614161588998227537e-02 9.067504850643133274e-01 -8.878274552170076772e-01 1.408892103526174222e-02 -4.599607878015458673e-01 4.397386417851498308e+00
-4.731974418626715972e-01 3.742829362757792155e-02 8.801609454337117056e-01 3.630280539155771891e+01 3.282938701943861198e-02 9.991522835014908788e-01 -2.483839101368870428e-02 8.562862323650625163e-01 -8.803444923270956624e-01 1.714168233016419643e-02 -4.740250537616784166e-01 4.023146037689312671e+00
-4.843705645716471220e-01 4.058993427262530540e-02 8.739208199884771489e-01 3.700077556678377277e+01 3.547436670681450993e-02 9.990128300191686295e-01 -2.673826296161524105e-02 7.992769780090253073e-01 -8.741434310748975589e-01 1.805056121696756166e-02 -4.853323119358051163e-01 3.624120855262413343e+00
-4.940531583274623273e-01 4.331683946955647985e-02 8.683519531405230474e-01 3.770333319759313895e+01 3.695256699342285706e-02 9.989017915761082556e-01 -2.880483498235493836e-02 7.581263074465319773e-01 -8.686460711774661725e-01 1.785671511875451534e-02 -4.951112546241148715e-01 3.225698780166672552e+00
-5.044557201604507046e-01 4.244923065063455070e-02 8.623934576186447210e-01 3.840292675607367556e+01 3.099142648482353796e-02 9.990373502610264689e-01 -3.104680683562896504e-02 7.001037570498259699e-01 -8.628812027943788543e-01 1.106506517036480626e-02 -5.052856694199867604e-01 2.836366359425587902e+00
-5.160522346181637410e-01 4.146800717303897321e-02 8.555527349327138875e-01 3.908755623204336871e+01 2.936332340795733825e-02 9.990968113415837903e-01 -3.071411328294732651e-02 6.931163406029395846e-01 -8.560536773042874970e-01 9.271785862053147018e-03 -5.168037818044167730e-01 2.410218409944282492e+00
-5.245310262527135281e-01 4.282936352946813824e-02 8.503133745810155242e-01 3.977803433404006483e+01 3.164602879267051222e-02 9.990245190799440511e-01 -3.079836172203123668e-02 6.505005113439463749e-01 -8.508029990771404094e-01 1.075434627017214997e-02 -5.253747367148562386e-01 1.984404263740423335e+00
-5.316205660446877701e-01 4.561768107163285957e-02 8.457532665825742146e-01 4.044947253858207858e+01 3.531792177363582419e-02 9.988739850244738872e-01 -3.167659046734417477e-02 5.981396797665942122e-01 -8.462459630019036894e-01 1.303032178618447091e-02 -5.326330762103409500e-01 1.536571714939283684e+00
-5.357873207339213240e-01 4.898930428833306316e-02 8.429305915017405448e-01 4.113571166388255307e+01 3.617006666785211461e-02 9.987306840398452179e-01 -3.505348731041350169e-02 5.648042269408546368e-01 -8.435779068191322505e-01 1.170764265784175230e-02 -5.368791849276809414e-01 1.101140478312923277e+00
-5.353153423964365221e-01 5.036004311966536112e-02 8.431496529853377275e-01 4.184756256555142784e+01 3.518972283858343847e-02 9.986840348461846206e-01 -3.730793331345434033e-02 5.116499792310985617e-01 -8.439189411713317046e-01 9.698694500317624895e-03 -5.363830432085745503e-01 6.700476955091073661e-01
-5.319521824935353749e-01 5.119761532788165426e-02 8.452252165806640738e-01 4.258533639249856151e+01 3.780927989173407666e-02 9.986110796564515724e-01 -3.669291316560545357e-02 4.777100532534771515e-01 -8.459298703915592021e-01 1.243848256697650118e-02 -5.331490894458035257e-01 1.974193294950152555e-01
-5.264460811463952394e-01 5.026957900202178725e-02 8.487210849225867992e-01 4.333683226711039538e+01 3.625876191000314275e-02 9.986697751395366973e-01 -3.666036476441768277e-02 4.330416708640453805e-01 -8.494350108540730249e-01 1.147387139924701052e-02 -5.275685033753297892e-01 -2.310375236087577333e-01
-5.192342566063838927e-01 4.890665230536407615e-02 8.532314533103035892e-01 4.408574660729885153e+01 3.408416738758004993e-02 9.987520170625727722e-01 -3.650586099600081069e-02 3.873741538044042088e-01 -8.539520292583384631e-01 1.012659108759936775e-02 -5.202532048407525478e-01 -6.899516585015634806e-01
-5.120886161306623663e-01 4.812577682427088971e-02 8.575833169445419291e-01 4.486689349073564870e+01 3.211553048200289223e-02 9.988037486342319360e-01 -3.687362687175893550e-02 3.407454725190622313e-01 -8.583320185351501763e-01 8.659179598728240085e-03 -5.130216154864056799e-01 -1.166637189766110971e+00
-5.056560943206199754e-01 4.661388533450414040e-02 8.614749250710412865e-01 4.568193421053696568e+01 2.912305773740727147e-02 9.988924658248836685e-01 -3.695523201213622017e-02 2.898433782159436922e-01 -8.622434540311320061e-01 6.402146680474557830e-03 -5.064536030041295600e-01 -1.615771136839134758e+00
-5.010207618407174213e-01 4.438386154284697932e-02 8.642963933244675045e-01 4.648191215177386937e+01 2.510498653406043057e-02 9.990091456961464056e-01 -3.674869275645559902e-02 2.474313382262110506e-01 -8.650710653939823747e-01 3.286292231679808270e-03 -5.016385807273714414e-01 -2.089755157261369511e+00
-4.997967365547513752e-01 4.163495913865732784e-02 8.651414559230702350e-01 4.733108264111101704e+01 2.032594579228201928e-02 9.991327218554404421e-01 -3.634088614261142547e-02 2.089558980696983037e-01 -8.659042039466771090e-01 -5.782370374690380720e-04 -5.002095449101411351e-01 -2.539109860137001018e+00
-5.003235122717050176e-01 3.901007639639328395e-02 8.649592958413445665e-01 4.816019961905836055e+01 1.757611909426338298e-02 9.992362652870534490e-01 -3.489937159977102299e-02 1.578845399862540133e-01 -8.656601385392213022e-01 -2.258347668876871817e-03 -5.006270448048811827e-01 -3.035025187838748195e+00
-5.010083879271456375e-01 3.779231614957825197e-02 8.646168645885667914e-01 4.901818250876026895e+01 1.595825767461441294e-02 9.992796508322273619e-01 -3.443128537747253137e-02 1.119651703373926999e-01 -8.652952915499484421e-01 -3.452583166095425562e-03 -5.012505876890014367e-01 -3.517364773031258718e+00
-5.015229392108228046e-01 3.735825802399030116e-02 8.643373695929964518e-01 4.990783925558549328e+01 1.613025184416235630e-02 9.992973564015773524e-01 -3.383206219515731694e-02 6.270564119765295596e-02 -8.649939703553185533e-01 -3.025574917605401010e-03 -5.017731466559951503e-01 -4.028426156561372373e+00
-5.013416426936959658e-01 3.652046394614162639e-02 8.644783395101925949e-01 5.077017759761802296e+01 1.588932061499137918e-02 9.993289558895213087e-01 -3.300253596338620365e-02 1.842694553347293263e-02 -8.651035193117011524e-01 -2.809571184873191699e-03 -5.015855069152731494e-01 -4.517789058809256630e+00
-5.016302880154623889e-01 3.582245175312397806e-02 8.643400908020346662e-01 5.164631585481478027e+01 1.617289019200696815e-02 9.993559859161961212e-01 -3.203203092374565936e-02 -3.000585647950906876e-02 -8.649309244654306283e-01 -2.089358607048067123e-03 -5.018865848410808406e-01 -5.030832465095187445e+00
-5.022389341045592204e-01 3.533892859659006069e-02 8.640064812698758923e-01 5.252878229109570896e+01 1.574354202947431114e-02 9.993726676961147692e-01 -3.172399590115445450e-02 -8.372830193149292943e-02 -8.645855690859383103e-01 -2.330502623594803754e-03 -5.024802245213806362e-01 -5.539629132076156814e+00
-5.021662322832719516e-01 3.390281595526719455e-02 8.641062785923255829e-01 5.344004446561851296e+01 1.409030107722851477e-02 9.994193395804747970e-01 -3.102333090917188882e-02 -1.336571253893259204e-01 -8.646563195231642407e-01 -3.403350664513719089e-03 -5.023523463290884283e-01 -6.046143057179015123e+00
-5.025731051620681011e-01 3.322697886586704202e-02 8.638959592028389034e-01 5.434017902984896153e+01 1.374972648161825427e-02 9.994419777109381231e-01 -3.044138932988207577e-02 -1.858424666449211837e-01 -8.644253763650465716e-01 -3.420689510273389709e-03 -5.027495212550978643e-01 -6.551980426142086422e+00
-5.020881361285726152e-01 3.228759931852582393e-02 8.642135158417740826e-01 5.522383293576986318e+01 1.235477160851704281e-02 9.994686358688116279e-01 -3.016298242692145096e-02 -2.328208469566042382e-01 -8.647282090359722506e-01 -4.467314123246971663e-03 -5.022202516343797774e-01 -7.072671602871231755e+00
-5.004545943890793547e-01 3.103071948690611787e-02 8.652064954960527743e-01 5.612357908054692501e+01 1.182167745941863427e-02 9.995092256953613807e-01 -2.900957891904832470e-02 -2.891673940658052722e-01 -8.656820774698081866e-01 -4.289784028207836719e-03 -5.005758205085606427e-01 -7.577736831902470271e+00
-4.986171734157124336e-01 2.863215448725040316e-02 8.663492947514648268e-01 5.701960282036060335e+01 1.232068389807262042e-02 9.995874556143766743e-01 -2.594454285443619987e-02 -3.425186548157282962e-01 -8.667347503771853923e-01 -2.262377899007564450e-03 -4.987642406443724696e-01 -8.088231895157681706e+00
-4.960639452165666596e-01 2.756896071495275324e-02 8.678482016055012460e-01 5.791729641560419850e+01 1.324342513512142758e-02 9.996197769256469634e-01 -2.418497976016247691e-02 -3.867305310712454425e-01 -8.681849954819259585e-01 -5.040128515266386689e-04 -4.962404389469631250e-01 -8.587359035597314616e+00
-4.930614830725055242e-01 2.682552243198346037e-02 8.695807907119288416e-01 5.881136029983884583e+01 1.253620850088639840e-02 9.996398117331800615e-01 -2.372952279251127478e-02 -4.462855728203333205e-01 -8.699041498204002076e-01 -7.988666641908344574e-04 -4.932201796776198299e-01 -9.117848320786700711e+00
-4.914960886059500655e-01 2.734913136022705527e-02 8.704502318873078570e-01 5.969898043668247567e+01 1.336761765108284220e-02 9.996259384138614923e-01 -2.385979934125175700e-02 -4.913838135305292343e-01 -8.707771897553931995e-01 -9.115122444412589110e-05 -4.916778327556750594e-01 -9.605652257436517516e+00
-4.903217978935787147e-01 2.765805332448909373e-02 8.711024927480247593e-01 6.057492875538126498e+01 1.327602536632721195e-02 9.996173873447264935e-01 -2.426573808253131362e-02 -5.370832838879530113e-01 -8.714403560754380162e-01 -3.332405928627636574e-04 -4.905013848121052011e-01 -1.009193852704953187e+01
-4.905923308424401386e-01 2.863811225824858253e-02 8.709184862692967988e-01 6.148936449896081058e+01 1.238536245242020592e-02 9.995880089689490600e-01 -2.589237531756413344e-02 -5.826401039824835593e-01 -8.713011994986892272e-01 -1.915958713888336190e-03 -4.907449058283176457e-01 -1.061651163361926464e+01
-4.935038740895138498e-01 3.071864080808681813e-02 8.692009420705564260e-01 6.236070106567847660e+01 1.161050228212705780e-02 9.995197130319360967e-01 -2.873220275093184284e-02 -6.311260605081334685e-01 -8.696661054546543923e-01 -4.087592944565639382e-03 -4.936235106828374963e-01 -1.109525729412797546e+01
-4.983023346189648928e-01 3.145962450213917599e-02 8.664323757512857327e-01 6.325356776575777218e+01 1.037568464106993806e-02 9.994862842874477904e-01 -3.032346729299356669e-02 -6.814683572150397328e-01 -8.669412557249452922e-01 -6.120424570853198222e-03 -4.983727652424585486e-01 -1.156821749092719820e+01
-5.035878348992668396e-01 2.984760066652142677e-02 8.634282829349863020e-01 6.413882157687312713e+01 1.034434479275996889e-02 9.995397093416005241e-01 -2.851953646121287156e-02 -7.274925674653675012e-01 -8.638821096496258622e-01 -5.430490869748861096e-03 -5.036647932109639125e-01 -1.206900977869955760e+01
-5.090420354769183975e-01 2.785986004108351524e-02 8.602906607078568690e-01 6.499483895168918934e+01 1.333767686225211316e-02 9.996113516335739524e-01 -2.447962493941166842e-02 -7.860128741572465216e-01 -8.606383239722740219e-01 -9.868783403250383935e-04 -5.092157841428593956e-01 -1.259666061415386551e+01
-5.145366007700554745e-01 2.569389847662582882e-02 8.570833662630772398e-01 6.586276304800243508e+01 1.050745832126383748e-02 9.996648365816668269e-01 -2.366025787515090018e-02 -8.335722365788323929e-01 -8.574040423779260012e-01 -3.168300006100253311e-03 -5.146341256974146239e-01 -1.309643612930680945e+01
-5.193052598006813181e-01 2.777718882919468640e-02 8.541372616181422961e-01 6.667863084175036192e+01 1.155258917551226470e-02 9.996084703574458219e-01 -2.548418434406294134e-02 -8.817403199495564836e-01 -8.545107353536223194e-01 -3.366573188629731934e-03 -5.194228360509772768e-01 -1.359450520850127120e+01
-5.239831871118453277e-01 2.996796850338269078e-02 8.512012261108088396e-01 6.750700408434528299e+01 1.188364703034884735e-02 9.995407716313221558e-01 -2.787516380835649427e-02 -9.250456350860425392e-01 -8.516457071322069972e-01 -4.490741364701659848e-03 -5.240986891256317337e-01 -1.413891523305849418e+01
-5.292725834635846338e-01 3.031014795176302165e-02 8.479102630956535380e-01 6.836329238687265786e+01 1.066076023398836864e-02 9.995203754259771589e-01 -2.907520040623758767e-02 -9.764044159613564089e-01 -8.483848728057086230e-01 -6.349337552754995458e-03 -5.293418617396076220e-01 -1.463944696501901177e+01
-5.332772876303225607e-01 3.088099723107325459e-02 8.453766530473304508e-01 6.918504589210459699e+01 9.817902976482851055e-03 9.994921021509122205e-01 -3.031742896800615483e-02 -1.020212583153748520e+00 -8.458835351417021142e-01 -7.867769479861881285e-03 -5.333096250674731476e-01 -1.514677788504663702e+01
-5.363184298485440538e-01 2.951617504927242161e-02 8.434994512609592654e-01 6.999102489684742068e+01 8.926327962367556698e-03 9.995307900975950455e-01 -2.930051702662981108e-02 -1.090023209917788005e+00 -8.439685267600833818e-01 -8.185053700929069420e-03 -5.363302561761721376e-01 -1.567312108296241746e+01
-5.388344679043499674e-01 2.348467670595591125e-02 8.420842435633931755e-01 7.082650831102014877e+01 1.119591710577434035e-02 9.997226912630432505e-01 -2.071694944562969473e-02 -1.129658089667589183e+00 -8.423372716877558508e-01 -1.735100135310496151e-03 -5.389479780769897976e-01 -1.621346661631772434e+01
-5.409963421720008769e-01 1.586819746795614661e-02 8.408752256993687890e-01 7.164662045683868996e+01 1.252179793920722532e-02 9.998631402245522493e-01 -1.081227893568320608e-02 -1.151249799718106148e+00 -8.409317296457892166e-01 4.679867285606095079e-03 -5.411210010789506697e-01 -1.673191317747936679e+01
-5.430821216109062988e-01 1.386572948177672467e-02 8.395650885413307174e-01 7.246395085238842171e+01 1.367353909784930870e-02 9.998771069784649912e-01 -7.668457867138549384e-03 -1.173978234455134162e+00 -8.395682551556193918e-01 7.315224692037141513e-03 -5.432049753828028793e-01 -1.724877065617016569e+01
-5.437923399587943907e-01 1.764003875129278517e-02 8.390343897701976195e-01 7.326107126180394857e+01 1.225064531535158610e-02 9.998393918391058621e-01 -1.308098603593642502e-02 -1.225200438017381099e+00 -8.391303976317078250e-01 3.165373666530336104e-03 -5.439211055092829650e-01 -1.775916666263860222e+01
-5.454798763448904797e-01 2.237626966222041464e-02 8.378251573433057597e-01 7.405543475045075752e+01 1.221166445970860159e-02 9.997496199459851018e-01 -1.875027061120786154e-02 -1.275078603720474657e+00 -8.380349582559067922e-01 3.345325236004704033e-06 -5.456165517396340814e-01 -1.828071337918460770e+01
-5.456468065392936495e-01 2.816805073285939820e-02 8.375417068186222780e-01 7.487562285226229619e+01 1.906105745234195487e-02 9.995935326210551031e-01 -2.120013203763836812e-02 -1.302106825331258211e+00 -8.377984543397645201e-01 4.396647206257517197e-03 -5.459619329243763364e-01 -1.881311218947465846e+01
-5.453100230974655682e-01 2.919608065410822517e-02 8.377258231715329906e-01 7.566870416616848161e+01 2.280391149604778928e-02 9.995400537075561642e-01 -1.999156363853694593e-02 -1.337992861893861907e+00 -8.379242041035378508e-01 8.201826492812683625e-03 -5.457249957928950179e-01 -1.932748943053858426e+01
-5.451969710720528939e-01 2.600664964096846554e-02 8.379044719575345912e-01 7.644353649786052074e+01 2.220579137500583444e-02 9.996159754665630004e-01 -1.657722488284496531e-02 -1.372924005763423994e+00 -8.380138286800851155e-01 9.568480109180479629e-03 -5.455651014753862826e-01 -1.985481761854721938e+01
-5.443727126214463752e-01 2.110729918233036906e-02 8.385778549849663976e-01 7.726389335126171432e+01 2.015477927325413574e-02 9.997238948820518223e-01 -1.207968713085755610e-02 -1.406548451624807017e+00 -8.386013034456408777e-01 1.032550053808801126e-02 -5.446478226654770660e-01 -2.036546557186996509e+01
-5.435208328716927273e-01 1.555929241373463397e-02 8.392514520861871219e-01 7.806397298219810921e+01 1.902900315603961792e-02 9.997996333375169797e-01 -6.212099932916043468e-03 -1.427722989831243794e+00 -8.391799644932169677e-01 1.259371384469511190e-02 -5.437080084213498088e-01 -2.087340344416001869e+01
-5.432293433109445235e-01 8.664163275427187033e-03 8.395396357545046317e-01 7.888753045201215741e+01 9.934063926029383304e-03 9.999430830918238922e-01 -3.891649236084494031e-03 -1.459373745902825981e+00 -8.395255841796038787e-01 6.225983341370507421e-03 -5.432844959081500891e-01 -2.140175670346131653e+01
-5.415356949334020342e-01 3.461402162017875820e-03 8.406706233327077005e-01 7.967681645924726297e+01 1.141317455835653494e-03 9.999936290441049369e-01 -3.382198126321938909e-03 -1.495233049378612122e+00 -8.406769891604725098e-01 -8.721080261546236253e-04 -5.415361965728993088e-01 -2.186827791512123298e+01
-5.394564892226006991e-01 4.304666880182550504e-03 8.420024662484529854e-01 8.047948929242966187e+01 4.794024839615355568e-03 9.999864259387848398e-01 -2.040895809561136913e-03 -1.510545445425311994e+00 -8.419998368134039568e-01 2.935607214894582397e-03 -5.394698044700824147e-01 -2.237154891170298754e+01
-5.366358839117455481e-01 7.290549106871319421e-03 8.437824145085909278e-01 8.128224383866289315e+01 1.016525242716156095e-02 9.999459673294529560e-01 -2.174867138454510476e-03 -1.528922772978687838e+00 -8.437526932823700143e-01 7.410150493173554842e-03 -5.366809994997354671e-01 -2.289531777031979232e+01
-5.314778746677026877e-01 1.026246475518658753e-02 8.470099984704577700e-01 8.206855467671870485e+01 1.049875900956900171e-02 9.999296086858404653e-01 -5.527541488837368552e-03 -1.566947635430975039e+00 -8.470071171935793508e-01 5.954788842347716674e-03 -5.315482075766229109e-01 -2.337066684634904590e+01
-5.238159937675149758e-01 1.242896479670517820e-02 8.517407541782590075e-01 8.285391019056937978e+01 1.593174433020383765e-02 9.998615962926575840e-01 -4.792468567514229436e-03 -1.584058121419370968e+00 -8.516824502787521123e-01 1.105934528713848827e-02 -5.239415119791623887e-01 -2.385231054643105608e+01
-5.152960386900292677e-01 1.449803032426750724e-02 8.568895998335324116e-01 8.364929990586142594e+01 2.282619650432577904e-02 9.997343647901475450e-01 -3.188192790000360984e-03 -1.615407726578111935e+00 -8.567082171487484521e-01 1.791666837961196704e-02 -5.154900940131799114e-01 -2.435249587573209595e+01
-5.055940692312212992e-01 1.488783870074312718e-02 8.626430176666592953e-01 8.443113941103158027e+01 2.268687031426198583e-02 9.997347885546343793e-01 -3.957073633136889458e-03 -1.625878373357450668e+00 -8.624731620867456261e-01 1.756999841630219744e-02 -5.057977395767643269e-01 -2.479899210504948215e+01
-4.944627785467087255e-01 1.144417941719870491e-02 8.691234536669077970e-01 8.526504482216726899e+01 1.750036022809665220e-02 9.998417070439195031e-01 -3.209083669657984608e-03 -1.659733250335839294e+00 -8.690226179334076262e-01 1.362320217242606914e-02 -4.945847870563404025e-01 -2.526478737166981148e+01
-4.830872959901996166e-01 8.641637843575316127e-03 8.755295384434775841e-01 8.607493185947349446e+01 1.929290572218573391e-02 9.998135727729341449e-01 7.768236590112486198e-04 -1.686666207179242649e+00 -8.753596180414565664e-01 1.726678360164103990e-02 -4.831639589004937951e-01 -2.573479873511460170e+01
-4.719686037735350559e-01 7.534829638581854762e-03 8.815831494293918658e-01 8.689207531601408618e+01 1.933818071880901920e-02 9.998113657488159056e-01 1.807665033426530173e-03 -1.702695787500556612e+00 -8.814032474800601591e-01 1.790137653383737718e-02 -4.720252854661836084e-01 -2.614560863927034617e+01
-4.596237876326564331e-01 6.813331035515328253e-03 8.880875734616938688e-01 8.774210431068658522e+01 1.888644910919944422e-02 9.998194212310093087e-01 2.104028721981081665e-03 -1.719603384777906863e+00 -8.879128836453230589e-01 1.773988354452614435e-02 -4.596694702134105359e-01 -2.655813687641256138e+01
-4.474219072889777937e-01 8.733217565488102241e-03 8.942803550255067346e-01 8.856519753775319259e+01 2.274784609543334390e-02 9.997399249593252879e-01 1.617993247496891116e-03 -1.730661271346612295e+00 -8.940336602360194895e-01 2.106687867401439707e-02 -4.475042071650426889e-01 -2.696387650469845454e+01
