1.000000000000000000e+00 -3.306050084167601550e-19 -2.270457535318767223e-19 -8.673617379884035472e-19 7.546676715296109287e-19 1.000000000000000000e+00 6.237773588823049983e-19 1.387778780781445676e-17 -3.447385680526250622e-20 4.770700176052009879e-20 1.000000000000000222e+00 5.551115123125782702e-17
9.999330745804768661e-01 -2.323305740830408639e-03 1.133480538244801585e-02 1.149863303414632408e-02 2.309654613503810648e-03 9.999966081722725386e-01 1.217249876829909353e-03 -1.417747460595247810e-02 -1.133759496567808382e-02 -1.190991990100737910e-03 9.999350147036106806e-01 3.011551802257532162e-01
9.998235161817481398e-01 -5.751006420155369177e-03 1.788924415544217508e-02 2.845733342987905035e-02 5.729003150106497418e-03 9.999827777006866647e-01 1.281703713229661451e-03 -9.180552397136401699e-03 -1.789630789549145201e-02 -1.179021355787047759e-03 9.998392372950862805e-01 5.900997573341535407e-01
9.997601255875726567e-01 -8.297785715879057652e-03 2.027087647027140532e-02 3.733720132470115527e-02 8.295823026110734147e-03 9.999655653812861145e-01 1.808329537749397975e-04 -2.192361454332912574e-02 -2.027168101623544327e-02 -1.267410603631560342e-05 9.997944916406997784e-01 8.892952604960699947e-01
9.997912850464829582e-01 -9.246128663419377752e-03 1.821300103672878964e-02 3.927364369944452704e-02 9.266889906210584379e-03 9.999564932010220897e-01 -1.055694880689219285e-03 -2.742751886045288745e-02 -1.820244623553113686e-02 1.224342526066095642e-03 9.998334991229483881e-01 1.200545245724999877e+00
9.998693117529453556e-01 -1.088429322258771190e-02 1.195352838613471941e-02 4.237373617536118603e-02 1.091649825905951533e-02 9.999369697198522422e-01 -2.631743123258182930e-03 -2.563766292559510607e-02 -1.192412700537630668e-02 2.761899540642821695e-03 9.999250803931998277e-01 1.515081735905026372e+00
9.999208641965926514e-01 -1.258233665189667158e-02 -2.245569584938956586e-04 3.338643600612506424e-02 1.258132327399679243e-02 9.999126416263880435e-01 -4.060438812686799348e-03 -3.425848508500382861e-02 2.755936138125372856e-04 4.057294310917858651e-03 9.999917333585383039e-01 1.836125836725802429e+00
9.998103757860742347e-01 -1.093132249124901742e-02 -1.611196642569756241e-02 1.276261494635381327e-02 1.086581966092872720e-02 9.999324171586868593e-01 -4.146848020190215672e-03 -4.303123501292611952e-02 1.615618820435671052e-02 3.970955426805823293e-03 9.998614918185753098e-01 2.166640597068952623e+00
9.993134532780729717e-01 -6.873599423684050719e-03 -3.640470976375903556e-02 -2.267188431891509204e-02 6.720341249840898305e-03 9.999680399249657459e-01 -4.331242680715221074e-03 -4.342881189976263712e-02 3.643331660983503001e-02 4.083596335095810576e-03 9.993276920157725396e-01 2.514542113996101502e+00
9.984812035683692244e-01 -4.956571575017019136e-03 -5.487006069323419055e-02 -6.864309080813435493e-02 4.648087590498730173e-03 9.999727016575860050e-01 -5.748167975027923191e-03 -4.403174720302346912e-02 5.489705989356170879e-02 5.484379603009733456e-03 9.984769920099155760e-01 2.864235598520323389e+00
9.972046417167736987e-01 -2.360893705003362306e-03 -7.469263012434358695e-02 -1.165161053696601584e-01 1.932290278285202310e-03 9.999812413789298526e-01 -5.810446610153102015e-03 -5.977680087842437984e-02 7.470495480815907141e-02 5.649909579916496602e-03 9.971904782743834517e-01 3.229098760593934081e+00
9.954429082047553390e-01 -3.753083750793618188e-03 -9.528993606240744596e-02 -1.704297727745153757e-01 3.303081014271951055e-03 9.999826275985816970e-01 -4.880368512450303058e-03 -5.557833871246273261e-02 9.530660167446564079e-02 4.543467936462436060e-03 9.954380258269120985e-01 3.609947217077653647e+00
9.931634333981813612e-01 -5.072226687531545576e-03 -1.166077946835974571e-01 -2.292130314942410763e-01 4.573446060778912393e-03 9.999791976135118388e-01 -4.544574719836841185e-03 -6.523296609057969986e-02 1.166284323935677658e-01 3.980076678325198021e-03 9.931660032694653584e-01 3.993498081012627043e+00
9.912003743717451298e-01 -5.093115866224247335e-03 -1.322699568674420567e-01 -3.043432124666291538e-01 4.670896481451863522e-03 9.999829738737270324e-01 -3.502305093966197932e-03 -7.435139395616924274e-02 1.322855506055294894e-01 2.853803580039545717e-03 9.912072939206658662e-01 4.390359077272823818e+00
9.888724508989071849e-01 -3.021804703974670988e-03 -1.487505207990452993e-01 -3.836054603534469476e-01 2.674676429933794258e-03 9.999932155432745828e-01 -2.533832865330522700e-03 -7.652875278391153835e-02 1.487571887458552788e-01 2.107824565455506532e-03 9.888738464781984261e-01 4.808283117972853127e+00
9.866437247126544907e-01 -1.903302023774793928e-03 -1.628227062088273558e-01 -4.701059407204443152e-01 1.493231659958700998e-03 9.999953855047192253e-01 -2.640068835647012280e-03 -8.328592372834064950e-02 1.628269863018447228e-01 2.361671328935173019e-03 9.866420348784517014e-01 5.228702245738544363e+00
9.844279014452895771e-01 -3.444495144424824639e-03 -1.757828680622976203e-01 -5.578202052736418448e-01 2.836956865050763946e-03 9.999891192408603136e-01 -3.706844219079401259e-03 -9.228652739967588281e-02 1.757937406109157108e-01 3.150599419770474478e-03 9.844269162340164581e-01 5.666724339950763856e+00
9.827501871808533851e-01 -6.650432481656450359e-03 -1.848388639828399405e-01 -6.462353724757431417e-01 5.740629625442878609e-03 9.999686134860470421e-01 -5.457447316660746922e-03 -1.051244121575670154e-01 1.848693664095593103e-01 4.302451926033628790e-03 9.827575334281010155e-01 6.118826119270895703e+00
9.814738749401495932e-01 -5.731260883482018620e-03 -1.914571667639080876e-01 -7.458356277501743126e-01 4.329609545196176287e-03 9.999606715689596248e-01 -7.738109596055697814e-03 -1.127530623258159448e-01 1.914939947354786787e-01 6.765412779446225607e-03 9.814601316067357306e-01 6.581036717188629481e+00
9.800026544297864017e-01 -5.190475826818033260e-03 -1.989277916571735860e-01 -8.582740836503353066e-01 3.379025500855419983e-03 9.999496899453029775e-01 -9.446391424989396268e-03 -1.110219419248110323e-01 1.989668346465723325e-01 8.585121255617278457e-03 9.799709229894129070e-01 7.056970517425554590e+00
9.782463471062335936e-01 -6.565869989755836536e-03 -2.073112865747833988e-01 -9.667514511351015249e-01 4.086185245244977962e-03 9.999149415867805146e-01 -1.238699165215337815e-02 -1.218564675766136696e-01 2.073749763552900360e-01 1.127058592853113009e-02 9.781899915193883466e-01 7.538907907545842946e+00
9.762364497616634607e-01 -1.026884666094998039e-02 -2.164661138702992926e-01 -1.080954969612127003e+00 7.400334117166223503e-03 9.998737663820183030e-01 -1.405633892857629207e-02 -1.335649014925380795e-01 2.165831539261967309e-01 1.212077881315054215e-02 9.761891999215345228e-01 8.041008903141481312e+00
9.744795762187177246e-01 -1.537513809851206482e-02 -2.239439465908751037e-01 -1.195013904353278589e+00 1.232789571735048127e-02 9.998115209791075264e-01 -1.499758359544357822e-02 -1.507223966521144543e-01 2.241323835612842319e-01 1.185402406653857273e-02 9.744853863379414616e-01 8.556265572848282375e+00
9.728898839024943124e-01 -1.694877886692145591e-02 -2.306685491212943639e-01 -1.321550795455187055e+00 1.331429378423906219e-02 9.997615268605167804e-01 -1.731002064827371137e-02 -1.726989413903251003e-01 2.309069578796619504e-01 1.376910206816637193e-02 9.728835337712909981e-01 9.079839296712624019e+00
9.709996801966684910e-01 -1.295181412729180109e-02 -2.387023875510332627e-01 -1.475695868810349642e+00 8.042103073693504522e-03 9.997358291452733692e-01 -2.153148996823831332e-02 -1.769844344058207897e-01 2.389182534347760178e-01 1.898711307885806235e-02 9.708472300112382936e-01 9.611884899978678121e+00
9.690710904001045289e-01 -1.022732289079375349e-02 -2.465820082465366714e-01 -1.632563429566115332e+00 4.216633010992775280e-03 9.996812206889620356e-01 -2.488754376526260831e-02 -1.919227650334071611e-01 2.467579608192871365e-01 2.307864025141821707e-02 9.688052073931420205e-01 1.015976076055829225e+01
9.664554287684375966e-01 -1.309704105076771666e-02 -2.565113624352940991e-01 -1.788493809533057366e+00 6.462830608718629459e-03 9.996227918170077498e-01 -2.668874754216206055e-02 -2.091965300593500166e-01 2.567642585834134517e-01 2.413569930600667143e-02 9.661755573953592080e-01 1.071636864221941110e+01
9.641771034046685562e-01 -1.549892605653217792e-02 -2.648150321931462825e-01 -1.954377208423197620e+00 8.234018037311750110e-03 9.995591757933549593e-01 -2.852266155698819292e-02 -2.426061092449574297e-01 2.651403521327333479e-01 2.532077289842406612e-02 9.638797209774530028e-01 1.128737017134277743e+01
9.625011682310344874e-01 -1.488264721402084503e-02 -2.708345710179942412e-01 -2.125804658251458257e+00 6.605323912517008754e-03 9.994836607290072950e-01 -3.144617028448234292e-02 -2.660489508513842472e-01 2.711627863345552614e-01 2.847758822208465782e-02 9.621024570354418382e-01 1.187118470933283199e+01
9.598284070410822988e-01 -1.378099723386249677e-02 -2.801585001342236647e-01 -2.313918461132998594e+00 4.212385283479203567e-03 9.993882373153554211e-01 -3.472580845900034158e-02 -2.861300161148527255e-01 2.804655840946566614e-01 3.215032283652123624e-02 9.592992166779559238e-01 1.246361504610081283e+01
9.577434020156375682e-01 -1.524082805260636685e-02 -2.871653862407028135e-01 -2.504490893604639723e+00 3.981694212434652366e-03 9.992019947330008645e-01 -3.974231152690476526e-02 -3.196320449230710126e-01 2.875418836750484597e-01 3.692016204189246115e-02 9.570396172131537815e-01 1.306414264114629908e+01
9.563003895088969530e-01 -1.593314879148573920e-02 -2.920143846323701720e-01 -2.710303503774790457e+00 2.149265184562515474e-03 9.988701586429729051e-01 -4.747059597968471961e-02 -3.546259458241091678e-01 2.924410760529131958e-01 4.476789055473592155e-02 9.552541611681986122e-01 1.367831654578866818e+01
9.544960845383834158e-01 -1.721960158931364060e-02 -2.976487410806079592e-01 -2.911192516606505354e+00 6.329456374233231007e-04 9.984463098978972884e-01 -5.571043455632161689e-02 -3.894251159613017488e-01 2.981455348240040215e-01 5.298715589540026888e-02 9.530238874545885475e-01 1.430398206221464186e+01
9.538283508766215446e-01 -1.673611069668724111e-02 -2.997890846535192777e-01 -3.122968441589565547e+00 -2.737789864894412620e-03 9.979204107910029098e-01 -6.439075735208718565e-02 -4.353331670131597719e-01 3.002432616700119183e-01 6.223861749567217994e-02 9.517988829475491075e-01 1.493873749121295269e+01
9.522107558309218511e-01 -1.664558014826982707e-02 -3.050290201534852641e-01 -3.340227432356061676e+00 -6.090527552137665543e-03 9.972806139509421408e-01 -7.345595404045725252e-02 -4.793957406332178262e-01 3.054226557455796409e-01 7.180200580306743408e-02 9.495200633426785775e-01 1.559295906788100794e+01
9.512200866905438090e-01 -1.563850993376756510e-02 -3.080539952865186670e-01 -3.569746389169455636e+00 -9.710575967502013336e-03 9.967020745607718668e-01 -8.054895746740109441e-02 -5.382164608410530127e-01 3.082977402530523992e-01 7.961086539496782521e-02 9.479310005605133815e-01 1.625056507838859687e+01
9.494807968757031924e-01 -1.441413069392065947e-02 -3.135592956825032918e-01 -3.809514792118410043e+00 -1.368017505778362612e-02 9.960940796566607469e-01 -8.721488682466480014e-02 -5.991964949728436629e-01 3.135921189229224360e-01 8.709701667906716294e-02 9.455749423648838192e-01 1.691629343301540445e+01
9.479830595738821808e-01 -1.261697360840403036e-02 -3.180354681079713419e-01 -4.050074632073757286e+00 -1.779886419497129016e-02 9.955500762162411421e-01 -9.251383718541231205e-02 -6.671037519662941229e-01 3.177873444469303532e-01 9.336245710465559955e-02 9.435399638230665964e-01 1.759321485074163860e+01
9.466954740280437708e-01 -1.092955338621268147e-02 -3.219330871225333235e-01 -4.303435487320556696e+00 -2.171157471565396402e-02 9.949867061663492107e-01 -9.761489921790839075e-02 -7.384498478065412153e-01 3.213868934996956250e-01 9.939828294961225441e-02 9.417120015339701666e-01 1.828075923054120011e+01
9.450606265268791661e-01 -8.733860494994302032e-03 -3.268273963647894687e-01 -4.566927234059844132e+00 -2.595348832575667883e-02 9.944829604641105547e-01 -1.016395538081070055e-01 -8.162372485705744474e-01 3.259129488096385030e-01 1.045343206290730992e-01 9.396197974465715363e-01 1.897529371079819427e+01
9.434531781569913678e-01 -7.346921096204584410e-03 -3.314475575767693027e-01 -4.831769036438071652e+00 -2.836035263238132625e-02 9.943005100831315834e-01 -1.027663200575723856e-01 -8.935079632147534534e-01 3.303139170650843393e-01 1.063531911359485160e-01 9.378673921584368411e-01 1.968946782806861151e+01
9.409534664379159974e-01 -6.099783555467970346e-03 -3.385146027809181057e-01 -5.108419850265556228e+00 -3.002901220761203596e-02 9.943926127479418842e-01 -1.014063521498305420e-01 -9.813845401965824999e-01 3.372350665122677005e-01 1.055833494073150081e-01 9.354939934459783890e-01 2.041451477155095162e+01
9.387172043157617773e-01 -6.853803997856454042e-03 -3.446138417660049580e-01 -5.383152976873246232e+00 -2.975530205860989555e-02 9.944587053148925548e-01 -1.008285643979710683e-01 -1.064318764824556451e+00 3.433950112914855857e-01 1.049043633409786486e-01 9.333116530257486998e-01 2.114564704667438733e+01
9.365196421318475739e-01 -6.104879348855034825e-03 -3.505524333252091895e-01 -5.671444288371932707e+00 -3.033159265976679772e-02 9.946894202057292578e-01 -9.835061618527768390e-02 -1.151897952875881703e+00 3.492912487056771265e-01 1.027400112701789131e-01 9.313608658316737676e-01 2.188083713034114908e+01
9.342933854822733641e-01 -5.644872433261532117e-03 -3.563980319459241763e-01 -5.963134446524671617e+00 -3.006959493613737405e-02 9.950640168664998120e-01 -9.457646942676484203e-02 -1.237546063727161361e+00 3.551730704026134222e-01 9.907862876127328244e-02 9.295117926356630811e-01 2.261729736129322532e+01
9.291935765516963208e-01 -3.342794102603138286e-03 -3.695903667993237218e-01 -6.284486131293988365e+00 -3.176921074871837808e-02 9.955357460637604960e-01 -8.887111728773972041e-02 -1.313504237243417361e+00 3.682373212132484808e-01 9.431987421455509391e-02 9.249392397968055901e-01 2.338454867350320399e+01
9.261677963355114951e-01 -1.067312032335145143e-03 -3.771182600145836505e-01 -6.602630041870713562e+00 -3.311770249517827225e-02 9.959021007282735649e-01 -8.414102342507366605e-02 -1.398824498078602874e+00 3.756621640476273116e-01 9.041950844812039756e-02 9.223373037495087301e-01 2.413156357009784969e+01
9.228983501935934530e-01 2.859250668706752544e-03 -3.849397841343880078e-01 -6.941745766990350397e+00 -3.651065267962060046e-02 9.961165889936519635e-01 -8.010307033154358269e-02 -1.467304254454681045e+00 3.832152391508855671e-01 8.798494716070300037e-02 9.194188629405930513e-01 2.488548880000105257e+01
9.195548936866739798e-01 3.396931629905507698e-03 -3.929750832587509124e-01 -7.280877702964812848e+00 -3.708270096393150722e-02 9.962502740637210197e-01 -7.816904647790801075e-02 -1.542630386592970471e+00 3.912359132940538275e-01 8.645379808388274634e-02 9.162329963883993900e-01 2.564631209626013941e+01
9.152580168185618925e-01 5.096497847754136168e-03 -4.027474346565416696e-01 -7.631068522853257541e+00 -3.936668690899565448e-02 9.962659918481215904e-01 -7.684735765953881748e-02 -1.622342421947243762e+00 4.008514109152322979e-01 8.619576740231743583e-02 9.120411764033545809e-01 2.642211297766398559e+01
9.120085825117903999e-01 5.556872331806964743e-03 -4.101352031593815672e-01 -7.993994421317674792e+00 -4.001675793665313008e-02 9.963437602054775466e-01 -7.548917776837241189e-02 -1.689457632455525049e+00 4.082165328304408480e-01 8.525747063936607584e-02 9.088962401226980958e-01 2.719630617507682757e+01
9.079247378806006852e-01 5.844034391531690437e-03 -4.191610965692154078e-01 -8.373522936550420681e+00 -4.018648960289072924e-02 9.965098670993207675e-01 -7.317604252406902099e-02 -1.759250231303549405e+00 4.172706919515167812e-01 8.328215576474938542e-02 9.049909874425643430e-01 2.798282374618428747e+01
9.043462478744006550e-01 5.610449854003895370e-03 -4.267179149314962450e-01 -8.756665769129952537e+00 -3.982781017659414030e-02 9.966596308643264068e-01 -7.129845400451477466e-02 -1.832856801896861398e+00 4.248919920725532928e-01 8.147832019157222327e-02 9.015490266758545701e-01 2.877569616426634624e+01
9.009780316102794506e-01 6.090273934333835341e-03 -4.338224570847737938e-01 -9.149649557545769696e+00 -3.891320944754039085e-02 9.970057875047639850e-01 -6.683987950954117796e-02 -1.909425529780555575e+00 4.321159833049024179e-01 7.710864523402034820e-02 8.985176385761494133e-01 2.957091344705607838e+01
8.968749310436719968e-01 7.522284387656174263e-03 -4.422374235862871483e-01 -9.560845927066177197e+00 -3.864594859651254016e-02 9.973640324459424056e-01 -6.139311758408094732e-02 -1.967843031816363553e+00 4.406099321587154116e-01 7.214913057808670926e-02 8.948014231871742608e-01 3.038792033190086528e+01
8.938342683454842952e-01 8.013509055542116302e-03 -4.482776903407910685e-01 -9.973110557759506278e+00 -3.733719183161022387e-02 9.976981757571877774e-01 -5.660056938256635001e-02 -2.039939938264596631e+00 4.467923923699931854e-01 6.732835351107861743e-02 8.920758136678664796e-01 3.119418001073215763e+01
8.897789158075630755e-01 7.449745639113818964e-03 -4.563772873802241503e-01 -1.040707560526193376e+01 -3.612484923063956355e-02 9.978795065513744733e-01 -5.414541900927134777e-02 -2.100569279182367577e+00 4.550065269760805720e-01 6.465929170840692408e-02 8.881609388509321690e-01 3.201807333047857185e+01
8.868447126204677122e-01 7.540305357959380637e-03 -4.620539589252680157e-01 -1.085163172699522427e+01 -3.600589582604837857e-02 9.979542654560071835e-01 -5.281539079594160802e-02 -2.157627001702759451e+00 4.607102926373616847e-01 6.347434113318459192e-02 8.853019731182887320e-01 3.284828010653089336e+01
8.844702029150252054e-01 7.318587734876268007e-03 -4.664607708727536717e-01 -1.130468000362452230e+01 -3.525026621700509677e-02 9.980675619117482800e-01 -5.116082162414758300e-02 -2.211125224477606732e+00 4.651845687488375680e-01 6.169609743068582564e-02 8.830190474596038008e-01 3.368547176065566617e+01
8.808388891855385427e-01 5.962604295684254679e-03 -4.734068366793121041e-01 -1.177062359990715912e+01 -3.376753080986798911e-02 9.981651435030726160e-01 -5.026485480839339159e-02 -2.278002392735217096e+00 4.722385071770530129e-01 6.026169469988727767e-02 8.794240044779846333e-01 3.452838116448446470e+01
8.786483208347617424e-01 4.819796785185550582e-03 -4.775186868310550281e-01 -1.224368756590765273e+01 -3.257028106382097582e-02 9.982248297694981121e-01 -4.985497180602528611e-02 -2.331619646811265323e+00 4.764303808140791241e-01 5.935854005033387032e-02 8.772458283729437367e-01 3.538211522106121265e+01
8.776297558410426358e-01 4.763096336392212346e-03 -4.793952817814851608e-01 -1.272536325458381512e+01 -3.235035314407173901e-02 9.982594799684070264e-01 -4.931626313204443696e-02 -2.387890017436570478e+00 4.783260963476254624e-01 5.878772054283434856e-02 8.762561737745960810e-01 3.624855404503630041e+01
8.749582459224822806e-01 4.149809964012218105e-03 -4.841005148681875592e-01 -1.321989583445864547e+01 -3.267119332462751352e-02 9.981904497955033095e-01 -5.048290441051686561e-02 -2.445555444773749532e+00 4.830146927141452662e-01 5.998980152996950116e-02 8.735104639423539874e-01 3.712318966435636725e+01
8.751959205087270766e-01 5.129098017194798874e-03 -4.836804114787890962e-01 -1.372091469775463146e+01 -3.303040545720065807e-02 9.982439586352560568e-01 -4.917500420152516594e-02 -2.504316066400266827e+00 4.825787775228664866e-01 5.901462429707030055e-02 8.738284399859609364e-01 3.800547238156865149e+01
8.744065587061412570e-01 5.853172380483628347e-03 -4.851167701375386221e-01 -1.423039843921236169e+01 -3.274332689175341038e-02 9.983595261698426926e-01 -4.697266368382020663e-02 -2.559654000180207056e+00 4.840457855416895883e-01 5.696111327692530979e-02 8.731639907694631608e-01 3.890591773217378346e+01
8.746904810376541217e-01 3.703641510234837592e-03 -4.847949126782346019e-01 -1.474905672101071552e+01 -3.027024165236043979e-02 9.984360841597335057e-01 -4.699796847150596729e-02 -2.617553072334149356e+00 4.838629917924026080e-01 5.577929117900867761e-02 8.734347236362308697e-01 3.981756642255131595e+01
8.737344782442613145e-01 2.172704570121396835e-03 -4.864130890660738893e-01 -1.526358077164152860e+01 -2.866541250633591886e-02 9.984818861861686212e-01 -4.702684060140514821e-02 -2.675441684612862581e+00 4.855725563911222897e-01 5.503119596691558729e-02 8.724705967435816278e-01 4.073898454591007123e+01
8.724042025425339242e-01 3.247047890858872216e-04 -4.887161804301991541e-01 -1.579782922793572197e+01 -2.700083784307870730e-02 9.985049076615238883e-01 -4.754313082153103359e-02 -2.739605385512895008e+00 4.879701306171376762e-01 5.467459025443872911e-02 8.711086953722669834e-01 4.166669592384803167e+01
8.719276399973659997e-01 1.238989521159929894e-05 -4.896496240345778461e-01 -1.632947507072545790e+01 -2.569263431454799421e-02 9.986234641139458690e-01 -4.572656259702913284e-02 -2.792534501927663726e+00 4.889751663281522442e-01 5.245027207621009990e-02 8.707277826837321877e-01 4.259954567042321827e+01
8.697112425961825988e-01 9.285538400723263031e-04 -4.935916511119565198e-01 -1.687308804136560170e+01 -2.474104782202699374e-02 9.988229156546248877e-01 -4.171917350904623401e-02 -2.851841756335603328e+00 4.929718086442699265e-01 4.849771195727672207e-02 8.687108053951277942e-01 4.353179192483912630e+01
8.662242689575745391e-01 1.484888844735262822e-03 -4.995903406228389687e-01 -1.741329286517891006e+01 -2.335305168424648553e-02 9.990230228771770360e-01 -3.750538276825594181e-02 -2.915936150303565455e+00 4.990465611005706625e-01 4.415466034336795742e-02 8.654128486796223152e-01 4.445465646920796843e+01
8.632102550186603329e-01 -1.703050329388787465e-04 -5.048468725550123715e-01 -1.795769103209108764e+01 -2.029054372787488306e-02 9.991802174407438120e-01 -3.502903294516807042e-02 -2.966413570980306780e+00 5.044391139601265284e-01 4.047983048378363258e-02 8.624992231849748503e-01 4.537814540104714922e+01
8.575407375121131270e-01 -2.918060295596422871e-03 -5.143975116319469132e-01 -1.851637600928900440e+01 -1.906394276282842234e-02 9.991166248116523096e-01 -3.744942892695354852e-02 -3.027336172569339290e+00 5.140526824420896812e-01 4.191977560898782484e-02 8.567276832046466506e-01 4.629733244848237916e+01
8.524077875902631440e-01 -5.586739271302701947e-03 -5.227259589242800875e-01 -1.908508444596889930e+01 -1.849419311404797844e-02 9.989952079541807306e-01 -4.082463142119336502e-02 -3.086045235319172964e+00 5.224285151252955339e-01 4.447088743635877611e-02 8.514478230895896615e-01 4.719575982013962090e+01
8.462497008642557716e-01 -5.754827631599577012e-03 -5.326570838335404900e-01 -1.966560134313873220e+01 -1.842621210202796331e-02 9.990274086969996858e-01 -4.006169652714845070e-02 -3.138091001083792797e+00 5.323694216134297053e-01 4.372015212047525995e-02 8.453205438277218153e-01 4.810430263036674603e+01
8.399768942308577513e-01 -2.533265709695204336e-03 -5.425409254185327157e-01 -2.026029825841895615e+01 -1.926379273083933877e-02 9.992195657435232192e-01 -3.448515191160309024e-02 -3.192935461463246138e+00 5.422048806178639824e-01 3.941956887342721455e-02 8.392724230631865012e-01 4.901463070731978178e+01
8.359552319935560361e-01 1.438749217457275945e-04 -5.486243641967005757e-01 -2.086711695742942041e+01 -2.002309642652943741e-02 9.993421971600613407e-01 -3.024336019764355121e-02 -3.244216512119458162e+00 5.482590697568284765e-01 3.627198157764028458e-02 8.354081277158897922e-01 4.990695662261138210e+01
8.310038332583106202e-01 1.082639090514754803e-03 -5.562838002154077977e-01 -2.147895579802502652e+01 -2.239974664842919391e-02 9.992522705433796171e-01 -3.151334081357837213e-02 -3.293653436138185064e+00 5.558338687169566139e-01 3.864751732565390591e-02 8.304064876556769281e-01 5.079762210805927936e+01
8.279918207393660579e-01 -3.238794047519224150e-04 -5.607568257715531690e-01 -2.208693752248282394e+01 -2.375251507540300164e-02 9.990820017767412242e-01 -3.565003482875348656e-02 -3.344337337960186840e+00 5.602535181528052188e-01 4.283993689046319830e-02 8.272240061582094572e-01 5.167339167008461942e+01
8.258094611046409295e-01 -2.850088139635943187e-03 -5.639833795710451625e-01 -2.269797203601917701e+01 -2.551160678117234126e-02 9.987746933674214178e-01 -4.239907184595568396e-02 -3.406888692320370282e+00 5.634133400431189376e-01 4.940022700836100428e-02 8.247247058299093103e-01 5.255314183223636348e+01
8.217472419655148519e-01 -3.304664314263544567e-03 -5.697036658243632701e-01 -2.332370014049467954e+01 -2.627280916854385709e-02 9.987002005563567764e-01 -4.368746927080972842e-02 -3.463922482455538354e+00 5.691074703023160097e-01 5.087203375153395019e-02 8.205921673871863220e-01 5.342905328802532239e+01
8.192774347770427346e-01 -1.727142448915280903e-03 -5.734664285168127318e-01 -2.394036879570129273e+01 -2.569605681651274467e-02 9.988802469288129426e-01 -3.971831262852384276e-02 -3.524286200924633849e+00 5.728930900466603360e-01 4.727307600901586859e-02 8.183154971576699355e-01 5.431128925542807195e+01
8.156126551631182053e-01 4.776679387139014569e-04 -5.785905642705689855e-01 -2.458264772046449309e+01 -2.479462587759075770e-02 9.991098635190860389e-01 -3.412737170989008778e-02 -3.576174767662303466e+00 5.780592360165343058e-01 4.218192065349878755e-02 8.148985102179424622e-01 5.518767483984120048e+01
8.126507165861981408e-01 1.347333117009366643e-03 -5.826869742162759103e-01 -2.522382065793836858e+01 -2.395816457282728268e-02 9.992290893292177234e-01 -3.110062821604652611e-02 -3.628687766696705452e+00 5.821957388576318726e-01 3.923777208182308018e-02 8.120565491985677342e-01 5.606391994896682007e+01
8.105198812539843312e-01 4.155152184509907851e-03 -5.857527317028201619e-01 -2.586274871485514737e+01 -2.724425076806831145e-02 9.991600303733039201e-01 -3.060433378210361197e-02 -3.677307419562318991e+00 5.851336305743064514e-01 4.075937660259749962e-02 8.099520344595955157e-01 5.693686115109085932e+01
8.058434912810685802e-01 2.683389105658706177e-03 -5.920885719957734716e-01 -2.652210319505039848e+01 -2.664483881712716509e-02 9.991411236806206908e-01 -3.172614018228392396e-02 -3.722850391296906647e+00 5.914948915131340579e-01 4.134191349020106127e-02 8.052228235072440565e-01 5.780519898205111673e+01
8.020277452311564970e-01 1.073643909070466385e-04 -5.971736932529758679e-01 -2.717593412978713019e+01 -2.605690792132185282e-02 9.990541932381896695e-01 -3.480283030694494156e-02 -3.777866367820211124e+00 5.966050826933410045e-01 4.347684475236103518e-02 8.012719920039816923e-01 5.867141574081798439e+01
7.986543426831258508e-01 -1.394438564554375919e-03 -6.017552840267920145e-01 -2.783270416167610506e+01 -2.460204462139712125e-02 9.990856994163817006e-01 -3.496358766203383484e-02 -3.834056110841708609e+00 6.012539326514254601e-01 4.272732723154244044e-02 7.978895903734847250e-01 5.953587955196189085e+01
7.935267305042859043e-01 -2.074362901203942802e-03 -6.084461259276451317e-01 -2.851656628591993936e+01 -2.335619919812575995e-02 9.991535999014197200e-01 -3.386239975073496861e-02 -3.882439293796746682e+00 6.080014635279210600e-01 4.108218559912298062e-02 7.928064392705032049e-01 6.040460130379494075e+01
7.900659163285203013e-01 -1.544236931068883279e-03 -6.129609479974402753e-01 -2.918946738945619401e+01 -2.370488687824597734e-02 9.991719998471046971e-01 -3.306146684812369396e-02 -3.932299754799853275e+00 6.125043952720066187e-01 4.064877573452328752e-02 7.893751862604408975e-01 6.126492952828051841e+01
7.840164910686696631e-01 -2.270445890369286387e-03 -6.206881378357430590e-01 -2.987873191732445477e+01 -2.373166497112097137e-02 9.991526015134655214e-01 -3.362775402659896884e-02 -3.990381310206946086e+00 6.202385647840296112e-01 4.109427367188987074e-02 7.832981925741151485e-01 6.211680696939682633e+01
7.785384879422354576e-01 -3.026572021702515596e-03 -6.275126929924249586e-01 -3.058096354273774864e+01 -2.310593636444105078e-02 9.991722160950684550e-01 -3.349093909683336506e-02 -4.044667060600770192e+00 6.270946100364588327e-01 4.057514301787584765e-02 7.778240163835337118e-01 6.296417038315708226e+01
7.739743670584107171e-01 -4.694267418616198360e-03 -6.331468769513868278e-01 -3.128158613737572225e+01 -2.227311856583534880e-02 9.991518920747228805e-01 -3.463704598735320439e-02 -4.093037842179573893e+00 6.327725892315437806e-01 4.091129360727343428e-02 7.732134911567836166e-01 6.381070213759037557e+01
7.681921723287187254e-01 -5.631410002797680378e-03 -6.401631048452852690e-01 -3.200147925665107351e+01 -2.231700316337609236e-02 9.991180386995359708e-01 -3.556966379545284385e-02 -4.147920473041864398e+00 6.397988053905365735e-01 4.161096232609763634e-02 7.673889905556079416e-01 6.465922534540159461e+01
7.621790027489733221e-01 -7.309813706210235330e-03 -6.473321901823111402e-01 -3.272330651130086210e+01 -2.116926901584871221e-02 9.991200238390202104e-01 -3.620949507173799181e-02 -4.203026278313194197e+00 6.470269281599939637e-01 4.130585629439577355e-02 7.613535398449597924e-01 6.550418176164042450e+01
7.562610936154173791e-01 -8.665750826852924513e-03 -6.543128198364334125e-01 -3.346504809756373788e+01 -2.021213315962843565e-02 9.991256428826236213e-01 -3.659938192372200194e-02 -4.257471225835252504e+00 6.540581156141656027e-01 4.089836951732518655e-02 7.554246519945435612e-01 6.634131922568579398e+01
7.497607841213617119e-01 -8.501669131269921909e-03 -6.617022202613973558e-01 -3.420960256497612306e+01 -1.906442173501756224e-02 9.992248441614045573e-01 -3.444089064800440192e-02 -4.308464969160125335e+00 6.614818948487841688e-01 3.844144518223747975e-02 7.490175565126135915e-01 6.717718351533565624e+01
7.433456932033311038e-01 -1.007431932304314950e-02 -6.687336260352084727e-01 -3.496135784722093121e+01 -1.706713255683415045e-02 9.992753537355737459e-01 -3.402354447573695262e-02 -4.360070600634793792e+00 6.685916278957749759e-01 3.671023538881072745e-02 7.426351481294547474e-01 6.800796716331161917e+01
7.371967427935350869e-01 -1.082970421524472385e-02 -6.755235277035642749e-01 -3.573398326928161595e+01 -1.662817602590931781e-02 9.992778834388249543e-01 -3.416369242543979695e-02 -4.415914871001597852e+00 6.754056103533924160e-01 3.642137489511346887e-02 7.364843557584545009e-01 6.882934565462379339e+01
7.314952864190836790e-01 -1.289380813127008994e-02 -6.818971369374272617e-01 -3.651194795705190188e+01 -1.615368815793625026e-02 9.992128294716883241e-01 -3.623352327601581102e-02 -4.474429198710393685e+00 6.818277637016613157e-01 3.751806963544141588e-02 7.307111684529475903e-01 6.964921793028526054e+01
7.264742115795798094e-01 -1.181749998077417582e-02 -6.871795171234167388e-01 -3.730232122498897951e+01 -1.725794604370970917e-02 9.992229660783634726e-01 -3.543662484182076577e-02 -4.524574910338977851e+00 6.870646676437336398e-01 3.759978268619944969e-02 7.257056653405618007e-01 7.047173181369694817e+01
7.201314488225700750e-01 -1.234486059180290619e-02 -6.937185682599920078e-01 -3.810422429582659731e+01 -1.656796879250008181e-02 9.992506746071028179e-01 -3.497922521741720497e-02 -4.576397101562185377e+00 6.936309261668968107e-01 3.667966877327137609e-02 7.193870382715297218e-01 7.128638497862323220e+01
7.155508368477977443e-01 -1.125058567762962126e-02 -6.984206847871463619e-01 -3.891507456198831960e+01 -1.804621920938741242e-02 9.992388964576350840e-01 -3.457803158101166452e-02 -4.634143736253446555e+00 6.982782233353799217e-01 3.734870111090144579e-02 7.148029953093744115e-01 7.209995969722058362e+01
7.101907861182006343e-01 -1.249676856766153421e-02 -7.038298909000754167e-01 -3.973460577509946745e+01 -1.776163170748569498e-02 9.992061121514914657e-01 -3.566314207104143846e-02 -4.688051906790232870e+00 7.037169406857687326e-01 3.783078542750327455e-02 7.094048862456889815e-01 7.291497430241383881e+01
7.053277669293424035e-01 -1.430951365816025660e-02 -7.086211338852161923e-01 -4.056974801396687269e+01 -1.819859554938231538e-02 9.991011443795130287e-01 -3.828335318059629400e-02 -4.747448200373713512e+00 7.085320162507949826e-01 3.990132176215864523e-02 7.044334410623607212e-01 7.372505640569526975e+01
7.011843148467128417e-01 -1.523112761617119448e-02 -7.127303839544576469e-01 -4.139723628743807637e+01 -1.928680074366586478e-02 9.990006590004791853e-01 -4.031958956121572957e-02 -4.803984662907550884e+00 7.126322339339666856e-01 4.202268726248122727e-02 7.001898559219428275e-01 7.452906507928452129e+01
6.954947256863037719e-01 -1.627548722938485654e-02 -7.183147766832971293e-01 -4.225154975637258303e+01 -1.943914571394563320e-02 9.989512371047803985e-01 -4.144333457418598876e-02 -4.868552352665077798e+00 7.182361557710644773e-01 4.278585929218122613e-02 6.944491316036000006e-01 7.533408730018280153e+01
6.899644328351617339e-01 -1.647557582321517236e-02 -7.236515474275235782e-01 -4.310785618910312422e+01 -1.842276873585292629e-02 9.990173177579066977e-01 -4.030476640435208535e-02 -4.925127750170310570e+00 7.236049133151452040e-01 4.113534339310141036e-02 6.889830440427044955e-01 7.613857757042408991e+01
6.861206625141582638e-01 -1.678958360898230237e-02 -7.272849968090439043e-01 -4.396732265672211781e+01 -1.744576895284777329e-02 9.990663323968320686e-01 -3.953046088710313738e-02 -4.989978203073547114e+00 7.272698318124015682e-01 3.981197664835271766e-02 6.851872078172812630e-01 7.694407007995572201e+01
6.806957358560186133e-01 -1.643333570268002558e-02 -7.324588506418113765e-01 -4.484751115167458124e+01 -1.744305522853530424e-02 9.991013192569384582e-01 -3.863455544539666497e-02 -5.054226403306485871e+00 7.324355683185461707e-01 3.907545387499554435e-02 6.797974091891061388e-01 7.774318700064705467e+01
6.777590990725965714e-01 -1.768318794401315883e-02 -7.349381717650180779e-01 -4.572206991863104264e+01 -1.653119976248938403e-02 9.990915315779634875e-01 -3.928914016931441683e-02 -5.110344212962147026e+00 7.349650167358191544e-01 3.878501119865985364e-02 6.768511992597184834e-01 7.854027546806858595e+01
6.716674049590374285e-01 -1.866153135888244663e-02 -7.404728978293285691e-01 -4.661320933681899703e+01 -1.487107760395403079e-02 9.991416369086895122e-01 -3.866862346674819484e-02 -5.174070538591619695e+00 7.405589476370101343e-01 3.698386402144466373e-02 6.708134299416605995e-01 7.933444511107344965e+01
6.678965328823660563e-01 -1.968851059807625800e-02 -7.440146619267441475e-01 -4.750411364019442573e+01 -1.321917209521067740e-02 9.991785664103929321e-01 -3.830354954119090383e-02 -5.231416204220825428e+00 7.441573923887442321e-01 3.542482610534655740e-02 6.670875531997645380e-01 8.013041282434318191e+01
6.650821748881698969e-01 -2.269178032083632446e-02 -7.464085542102066873e-01 -4.840286374488088228e+01 -1.015177582986510375e-02 9.991712446189277008e-01 -3.941226630023928618e-02 -5.293213820679108395e+00 7.466843510211639279e-01 3.379076512079378508e-02 6.643004359120615598e-01 8.092664273420244569e+01
6.600296577068565096e-01 -2.635428103318744608e-02 -7.507998929879734495e-01 -4.931684785830403683e+01 -8.487997766822411722e-03 9.990590880618454017e-01 -4.252555469800751997e-02 -5.357057627388410737e+00 7.512145461319793549e-01 3.443616358894525942e-02 6.591848581474666346e-01 8.170563406047469357e+01
6.555238078303253779e-01 -3.018032267073556332e-02 -7.545547726799610722e-01 -5.023315497214357350e+01 -4.035660368827786830e-03 9.990467890554426411e-01 -4.346161325753617605e-02 -5.413477977677332298e+00 7.551473498902618875e-01 3.153395849846726134e-02 6.547771518706408944e-01 8.249367063709395609e+01
6.501189441172621208e-01 -3.504019669119929487e-02 -7.588936101951433422e-01 -5.114305395546681154e+01 2.119720307275328730e-03 9.990159278798579345e-01 -4.430331134072774263e-02 -5.486344406879446467e+00 7.596990632087263773e-01 2.719448178475263739e-02 6.495534801108817646e-01 8.329246848120570235e+01
6.417884933898136968e-01 -3.908899218931778663e-02 -7.658124129962284865e-01 -5.207719355640586656e+01 7.627317950163787705e-03 9.989759978597144707e-01 -4.459233362034219911e-02 -5.560934003716472951e+00 7.667714831945948717e-01 2.277384007177526981e-02 6.414295271144245802e-01 8.407413423775892625e+01
6.330250581196120718e-01 -4.024360118878523435e-02 -7.729992659571605085e-01 -5.302724978234778774e+01 1.054043933995862936e-02 9.990035670730945672e-01 -4.337597342112676363e-02 -5.625856309908325414e+00 7.739740244972513894e-01 1.931777535354208333e-02 6.328181169604613077e-01 8.485427336086216599e+01
6.236189147219393103e-01 -3.859841904000531343e-02 -7.807039430364874910e-01 -5.399065053140660098e+01 1.168780846552303597e-02 9.991290528588797626e-01 -4.004636172473723804e-02 -5.687881582445660555e+00 7.815703108849896275e-01 1.584258368676978723e-02 6.235269209346536723e-01 8.561391114956693116e+01
6.138463638571014513e-01 -3.868477065691360017e-02 -7.884938075262122315e-01 -5.497063242115199699e+01 1.227183693433050310e-02 9.991454626070629397e-01 -3.947355010981527107e-02 -5.760906165693882031e+00 7.893469775733025218e-01 1.455489781060388330e-02 6.137966347441792259e-01 8.636516691503869936e+01
6.067396959736425233e-01 -3.985209033269941636e-02 -7.940201476463142338e-01 -5.595469296247967605e+01 1.079475429703536521e-02 9.990634301487775204e-01 -4.191697154111714146e-02 -5.822533684448673696e+00 7.949465894849753189e-01 1.686569519848874626e-02 6.066018402319504066e-01 8.710929383110179458e+01
5.953787431409426345e-01 -4.184031980917234106e-02 -8.024681277688813230e-01 -5.695104335532639794e+01 1.180532943747075909e-02 9.989908432198588706e-01 -4.333567903969500618e-02 -5.887642764100316839e+00 8.034717427492572561e-01 1.632829383115820196e-02 5.952720085259785021e-01 8.783617357806230075e+01
5.856661627161868777e-01 -4.274318438931751230e-02 -8.094107622534972846e-01 -5.796320802018330909e+01 1.150098880535923782e-02 9.989460990242737815e-01 -4.443081172546719387e-02 -5.958614753359561256e+00 8.104571872686893164e-01 1.670604093301685314e-02 5.855408792812680785e-01 8.856284548017080738e+01
5.757805652175809197e-01 -4.430868192013746182e-02 -8.163753323568432307e-01 -5.898543161993074335e+01 1.535447873405216233e-02 9.989404102669486862e-01 -4.338890842269416126e-02 -6.029456118825290645e+00 8.174327174362608917e-01 1.244706824255112018e-02 5.758508476355878036e-01 8.928208809691462022e+01
5.647239550403264641e-01 -4.411384443774817726e-02 -8.240887244379777599e-01 -6.002456637703269138e+01 1.747976547065904079e-02 9.989860726125709967e-01 -4.149180045377113407e-02 -6.096466307695203923e+00 8.250831942963208210e-01 9.034463330852192386e-03 5.649218621672015272e-01 8.998266310166442850e+01
5.553339541915064403e-01 -4.510058999762143334e-02 -8.304415524888123512e-01 -6.107358078364880072e+01 1.820268228030798990e-02 9.989481233375201441e-01 -4.209196467638670613e-02 -6.166382623095805648e+00 8.314665064310686748e-01 8.258054926517840663e-03 5.555711305360067076e-01 9.067537508946584524e+01
5.454663627607073684e-01 -4.472571347131327341e-02 -8.370166521673442217e-01 -6.212745222790048416e+01 1.614176427888730156e-02 9.989503352816117010e-01 -4.285877750186434937e-02 -6.239283887937268958e+00 8.380558008404157544e-01 9.860289695251251915e-03 5.456159986816191410e-01 9.135362811527660654e+01
5.335406632127444038e-01 -4.608283844073830793e-02 -8.445357458607385404e-01 -6.319952662804544019e+01 1.596046351429556906e-02 9.988852522068674133e-01 -4.441448249414664540e-02 -6.306714851702023950e+00 8.456418222583480526e-01 1.021052708965819282e-02 5.336815961007741471e-01 9.201673251099504114e+01
5.236631393239470356e-01 -4.619225937280439787e-02 -8.504947466653504096e-01 -6.428275380702100961e+01 1.434548474454062569e-02 9.988659565674127272e-01 -4.540988953574283393e-02 -6.381540431943070857e+00 8.516268864518932169e-01 1.159146393885801887e-02 5.237311418024271914e-01 9.267781090384784193e+01
5.151512597705697472e-01 -4.477542428069090918e-02 -8.560301249751822716e-01 -6.537593439791363892e+01 1.274097302086098400e-02 9.989244306710652888e-01 -4.457264932410474195e-02 -6.455169647167886993e+00 8.571057391764186351e-01 1.205471005280703452e-02 5.151673615641331194e-01 9.331924747302325329e+01
