1.0 0.0 0.0 0.0 0.0 1.0 0.0 0.0 0.0 0.0 1.0 0.0
0.99993485 0.011342411 0.0012784449 0.3013916 -0.011339513 0.9999332 -0.0022525114 -0.008544922 -0.001303905 0.002237867 0.99999666 0.012573242
0.9998386 0.017923053 0.0013136293 0.59033203 -0.01791538 0.9998237 -0.005638404 -0.024047852 -0.0014144247 0.0056139734 0.99998325 0.0056152344
0.9997934 0.020324316 0.00016203173 0.88952637 -0.020322315 0.99976015 -0.008167898 -0.032958984 -0.0003279515 0.008162918 0.9999666 0.015991211
0.9998324 0.018271433 -0.0010936266 1.2006836 -0.018280664 0.99979115 -0.009126937 -0.036254883 0.00092654687 0.0091454 0.99995774 0.019042969
0.9999242 0.012016508 -0.0026853622 1.5150146 -0.012044859 0.9998691 -0.010801991 -0.042114258 0.0025551992 0.010833522 0.9999381 0.0146484375
0.99999166 -0.00016135488 -0.004082606 1.8359375 0.00011003435 0.99992096 -0.012575901 -0.037963867 0.0040843114 0.012575348 0.9999126 0.020751953
0.99986255 -0.016052911 -0.0041201958 2.166504 0.016006654 0.999811 -0.011029094 -0.02319336 0.0042965054 0.010961616 0.99993074 0.02746582
0.99932927 -0.03635494 -0.004385092 2.5145264 0.03632323 0.9993148 -0.00710706 0.005126953 0.0046404866 0.0069430363 0.99996513 0.025756836
0.9984787 -0.054819904 -0.0059254984 2.86438 0.05478865 0.99848384 -0.0053138835 0.044433594 0.0062078377 0.004981142 0.99996835 0.023925781
0.9971916 -0.0746431 -0.006237435 3.2297363 0.074626476 0.9972083 -0.0028567812 0.08508301 0.006433211 0.0023833301 0.99997646 0.037597656
0.99544036 -0.095243745 -0.005288068 3.611206 0.095221005 0.99544686 -0.0043986808 0.13134766 0.005682844 0.0038751615 0.99997634 0.03161621
0.9931699 -0.11656085 -0.0048840675 3.9956055 0.11653172 0.99316794 -0.0058753216 0.1821289 0.005535695 0.005266008 0.9999708 0.03930664
0.99121183 -0.13222566 -0.00387122 4.3933105 0.13220118 0.9912044 -0.006015653 0.2512207 0.0046324655 0.005451037 0.9999744 0.04675293
0.98887706 -0.1487155 -0.0032389509 4.812134 0.148702 0.988876 -0.004071435 0.32434082 0.0038083242 0.0035445797 0.99998647 0.04711914
0.9866444 -0.16279028 -0.0035895759 5.2333984 0.16277973 0.9866479 -0.00306166 0.4053955 0.0040402124 0.0024361918 0.99998885 0.051757812
0.98443115 -0.17574139 -0.0044713723 5.672241 0.1757205 0.9844338 -0.004703116 0.48779297 0.005228025 0.0038441855 0.99997896 0.05822754
0.9827657 -0.18478851 -0.005691404 6.125 0.184741 0.9827587 -0.007978829 0.5720215 0.0070673744 0.0067900717 0.99995196 0.068237305
0.9814671 -0.19140217 -0.008197622 6.5876465 0.19134657 0.98148644 -0.0071081887 0.6685791 0.009407041 0.005407594 0.9999411 0.07287598
0.97997725 -0.19886619 -0.010066899 7.064087 0.19880654 0.9800186 -0.0066241925 0.77770996 0.011183265 0.0044905567 0.9999274 0.068359375
0.978198 -0.20724773 -0.012811184 7.546631 0.20715697 0.97826785 -0.008062708 0.8823242 0.014203817 0.00523293 0.99988544 0.075927734
0.9762025 -0.21642718 -0.01372953 8.049561 0.21627371 0.9762613 -0.01183914 0.9921875 0.01596545 0.008587803 0.9998356 0.0847168
0.97450644 -0.22394633 -0.0135222105 8.565674 0.22371021 0.97450614 -0.017007846 1.1022949 0.01698635 0.013548866 0.9997639 0.099121094
0.9729071 -0.2306988 -0.015484601 9.089966 0.23040558 0.9729214 -0.018633816 1.2253418 0.019364646 0.014562517 0.99970645 0.11791992
0.9708645 -0.23870176 -0.020746715 9.622559 0.23843122 0.9710415 -0.014694303 1.3760986 0.023654148 0.009319546 0.99967676 0.11853027
0.96881783 -0.24653287 -0.024883453 10.171143 0.24630126 0.9691218 -0.012028402 1.529419 0.027079482 0.0055236835 0.9996179 0.13000488
0.96619296 -0.25651565 -0.026009625 10.728882 0.25619686 0.9665115 -0.014980957 1.6806641 0.028981231 0.00781083 0.9995493 0.14428711
0.9639013 -0.26487035 -0.02725203 11.301025 0.26446965 0.9642385 -0.017452162 1.8422852 0.030899549 0.009615104 0.9994762 0.17468262
0.96212256 -0.27087754 -0.030445129 11.88562 0.2704695 0.96257085 -0.016881881 2.010498 0.033879474 0.008007216 0.9993939 0.19470215
0.9593169 -0.28016573 -0.034173153 12.479126 0.27977383 0.9599086 -0.015854556 2.194336 0.037247255 0.005647845 0.99929035 0.21130371
0.95705885 -0.28720456 -0.0389891 13.080566 0.28673077 0.95783746 -0.017366074 2.3811035 0.042332932 0.0054385383 0.9990887 0.24072266
0.95527256 -0.2920517 -0.04686796 13.6953125 0.29151347 0.95641494 -0.018084021 2.5838623 0.05010599 0.003614755 0.9987372 0.27075195
0.9530423 -0.2976989 -0.05512363 14.321655 0.29707366 0.9546334 -0.01940263 2.781372 0.058399744 0.0021091998 0.99829054 0.30029297
0.9518137 -0.29974297 -0.06438638 14.956787 0.2991483 0.95398885 -0.018916829 2.9909668 0.06709533 -0.0012649805 0.9977451 0.3408203
0.9495318 -0.30486578 -0.0739805 15.611694 0.30431685 0.95239747 -0.018850192 3.204956 0.07620684 -0.004608609 0.9970822 0.37927246
0.9479384 -0.30770034 -0.08180398 16.27002 0.30729228 0.9514276 -0.01785144 3.4318848 0.08332387 -0.008226313 0.9964872 0.43322754
0.94557744 -0.31295893 -0.089319065 16.936768 0.31275275 0.9497101 -0.016657848 3.668213 0.090037964 -0.012182874 0.9958623 0.48950195
0.94353676 -0.31712934 -0.09560524 17.614746 0.31719872 0.94823056 -0.014885694 3.9056396 0.09537493 -0.016291711 0.9953058 0.5531006
0.9417033 -0.3207046 -0.10165867 18.303345 0.32106707 0.9469604 -0.013218108 4.156006 0.10050826 -0.020196225 0.9947305 0.62023926
0.93960464 -0.32521588 -0.106816776 18.999146 0.32594383 0.9453414 -0.011053689 4.4161377 0.10457476 -0.024425227 0.99421734 0.69421387
0.9378482 -0.3296174 -0.108658366 19.714722 0.3305639 0.94374186 -0.009704796 4.6776123 0.105744496 -0.026817054 0.994031 0.7685547
0.93547136 -0.33655557 -0.10792605 20.44165 0.33764926 0.94124544 -0.008525793 4.949951 0.10445444 -0.028459162 0.9941233 0.8543701
0.93328965 -0.34271908 -0.1072835 21.17456 0.3437477 0.9390133 -0.0093390895 5.220581 0.10394082 -0.028162958 0.9941846 0.9349365
0.931337 -0.34863672 -0.10515119 21.911621 0.3497102 0.9368144 -0.00865227 5.504883 0.10152389 -0.028715992 0.9944185 1.020874
0.9294872 -0.3545468 -0.10152201 22.650024 0.355588 0.9345826 -0.008257952 5.7926025 0.09781186 -0.028429855 0.9947994 1.1053467
0.924909 -0.36766088 -0.0968317 23.420166 0.3688392 0.92947805 -0.0060952147 6.107666 0.09224261 -0.0300791 0.9952815 1.1807861
0.922302 -0.3751264 -0.09296783 24.169434 0.37641856 0.9264448 -0.0039032334 6.4213867 0.08759017 -0.03139806 0.99566036 1.2653809
0.9193738 -0.38272148 -0.09056669 24.925537 0.38429683 0.9231708 -6.014644e-05 6.7562256 0.0836296 -0.034762647 0.9958892 1.3330078
0.9161855 -0.39075822 -0.089077674 25.688599 0.3923503 0.9198278 0.00039458415 7.0906982 0.081780836 -0.035307117 0.99602485 1.4067383
0.91198725 -0.4003905 -0.088866726 26.466919 0.4021434 0.9155356 0.0019955519 7.435669 0.080561034 -0.037561014 0.9960423 1.4846191
0.90883976 -0.40776736 -0.08796604 27.243286 0.40954432 0.9122879 0.0023794917 7.7941895 0.079282105 -0.038187608 0.9961209 1.5500488
0.90493244 -0.41683856 -0.08603677 28.032349 0.41858965 0.9082034 0.0025702356 8.168701 0.07706782 -0.038328595 0.99628973 1.6185303
0.90149003 -0.42447206 -0.0842715 28.827637 0.4261592 0.9046243 0.002254299 8.547241 0.07527508 -0.037947066 0.9964406 1.6906738
0.898458 -0.43172568 -0.07993731 29.625366 0.4333015 0.9012453 0.0026499513 8.935791 0.070897475 -0.037007377 0.99679816 1.7667236
0.8947387 -0.44025826 -0.07501726 30.445068 0.44176817 0.89712894 0.0039821244 9.342285 0.06554565 -0.036711 0.9971728 1.8249512
0.89201313 -0.44647142 -0.07022562 31.253784 0.44784907 0.89407426 0.004397951 9.750488 0.060824182 -0.03538058 0.99752086 1.8967285
0.8880996 -0.4546992 -0.06759723 32.080322 0.45596382 0.8900142 0.003742606 10.1796875 0.058463093 -0.034144603 0.9977056 1.9562988
0.8852398 -0.4604117 -0.066439055 32.91272 0.46165118 0.8870785 0.0037699228 10.620361 0.057198063 -0.03401046 0.99778265 2.011963
0.88295764 -0.46489543 -0.064681746 33.751953 0.4660693 0.8847 0.0034962876 11.069946 0.05559595 -0.03324283 0.9978992 2.064209
0.87936604 -0.47195116 -0.06328272 34.597412 0.47301313 0.8810681 0.0020626485 11.531372 0.054782536 -0.031742744 0.9979939 2.1296387
0.877191 -0.47614244 -0.062400926 35.453125 0.4771205 0.8788774 0.00087344414 12.000977 0.054422423 -0.030535685 0.9980506 2.1816406
0.87620157 -0.47804132 -0.061838847 36.321167 0.47900084 0.8778576 0.0007950333 12.47998 0.053905886 -0.030310962 0.9980862 2.2363281
0.87345576 -0.48272207 -0.063062444 37.197876 0.48369247 0.8751938 0.00013260101 12.970825 0.055127095 -0.03062447 0.9980096 2.29187
0.8737716 -0.4822965 -0.06208369 38.08142 0.48328912 0.8754264 0.0011142041 13.469971 0.05381354 -0.030982643 0.9980703 2.3493652
0.8731062 -0.48377836 -0.060035642 38.98352 0.48474753 0.874629 0.0018177801 13.976929 0.05162847 -0.030689329 0.9981949 2.4036865
0.8733845 -0.483589 -0.05885756 39.896484 0.48441154 0.8749106 -0.00033009777 14.493408 0.051654357 -0.028215818 0.9982662 2.4598389
0.87242526 -0.4852941 -0.058119502 40.81958 0.4860194 0.87395424 -0.0018809068 15.005127 0.051705673 -0.026608028 0.99830747 2.5158691
0.8710689 -0.48768362 -0.05777662 41.749146 0.4883062 0.8726257 -0.003755292 15.536255 0.052252427 -0.024939748 0.9983232 2.578125
0.8706905 -0.4886982 -0.05555776 42.683594 0.48925194 0.8721413 -0.0040826146 16.06543 0.05044907 -0.023626518 0.99844706 2.6298828
0.8686732 -0.49272075 -0.0516214 43.618164 0.49323142 0.8699101 -0.003218936 16.60559 0.046489738 -0.022661176 0.99866164 2.6888428
0.8653761 -0.49882165 -0.04730364 44.543823 0.4992667 0.8664079 -0.0027393643 17.141602 0.042349663 -0.021255812 0.99887615 2.7526855
0.86247015 -0.50422394 -0.043655418 45.46985 0.50453174 0.863383 -0.0044609755 17.682007 0.039941177 -0.01817938 0.99903655 2.8023682
0.85670507 -0.51381755 -0.045140807 46.392212 0.51404446 0.8577262 -0.0073128818 18.235107 0.04247748 -0.016939979 0.99895376 2.860962
0.85143065 -0.5221687 -0.0477308 47.29358 0.522328 0.8526106 -0.0100709135 18.798706 0.045953948 -0.016362397 0.9988096 2.9172363
0.84530354 -0.53211504 -0.04702052 48.205566 0.5322633 0.8464537 -0.010354595 19.37378 0.04531104 -0.016278403 0.9988404 2.9682617
0.8392475 -0.54199076 -0.042752843 49.11963 0.5422116 0.84016204 -0.007257429 19.963257 0.039853375 -0.017094128 0.9990593 3.0238037
0.8353764 -0.5480754 -0.039623294 50.014893 0.5483457 0.83612514 -0.0046591735 20.566162 0.035685323 -0.017839842 0.99920404 3.0755615
0.8303679 -0.55564624 -0.04202624 50.908447 0.5560005 0.83118546 -0.0038047703 21.173462 0.037044447 -0.02020881 0.9991092 3.1236572
0.8271853 -0.56004053 -0.04623726 51.786377 0.56043106 0.82819575 -0.0052551674 21.777832 0.041233957 -0.021563293 0.9989168 3.1721191
0.82468736 -0.56315833 -0.05281335 52.66797 0.5635873 0.8260479 -0.0078048585 22.385498 0.048019547 -0.023329217 0.9985736 3.2315674
0.82055384 -0.56884533 -0.05430553 53.54663 0.5692939 0.8219957 -0.008325805 23.007202 0.04937883 -0.024087928 0.9984901 3.2874756
0.81827486 -0.57265645 -0.05071828 54.431396 0.5730981 0.81950873 -0.0068008844 23.620605 0.045457195 -0.02350077 0.9986896 3.3483887
0.81485474 -0.5778581 -0.045641102 55.31079 0.57828057 0.81581926 -0.004670373 24.259277 0.039933145 -0.022587068 0.998947 3.4016113
0.8120123 -0.582013 -0.042709507 56.189697 0.58240634 0.81284386 -0.0038576685 24.897095 0.03696028 -0.021743113 0.9990802 3.4545898
0.80989504 -0.58496 -0.044236396 57.064697 0.58549404 0.81071675 -0.0010836334 25.533203 0.036496006 -0.025025837 0.99902016 3.5028076
0.80516946 -0.59131247 -0.04484233 57.936035 0.5918108 0.80604774 -0.0026327614 26.188354 0.037700333 -0.024424708 0.99899024 3.5476074
0.8012248 -0.59640133 -0.046998084 58.80493 0.59685427 0.8022483 -0.005267566 26.838257 0.040843826 -0.02383923 0.9988808 3.6011963
0.79784834 -0.6010467 -0.04626665 59.67212 0.6014244 0.79887563 -0.0068277856 27.491333 0.04106618 -0.02238193 0.99890566 3.6569824
0.79276884 -0.60779935 -0.04464373 60.54419 0.60811895 0.7937439 -0.0075959554 28.170898 0.040054545 -0.021132171 0.998974 3.7055664
0.78933537 -0.612308 -0.044223253 61.407227 0.6126432 0.79028183 -0.0071239527 28.840332 0.039311744 -0.02147822 0.9989959 3.7554932
0.7832594 -0.6200386 -0.044693105 62.262695 0.62036043 0.7842389 -0.007947897 29.524902 0.0399794 -0.021504417 0.998969 3.8133545
0.77778786 -0.6268947 -0.044194978 63.113525 0.6271805 0.77876234 -0.008793438 30.222778 0.03993425 -0.020878246 0.9989845 3.8677979
0.7731827 -0.6325644 -0.044550173 63.963135 0.6327942 0.7742053 -0.010533476 30.919434 0.041156862 -0.020047262 0.99895173 3.9158936
0.7673599 -0.63958514 -0.045270614 64.815186 0.63979626 0.7684314 -0.01156098 31.634888 0.042183332 -0.020093545 0.99890786 3.9707031
0.7613307 -0.64680815 -0.044987686 65.66382 0.64694864 0.76242304 -0.013334725 32.352173 0.042922 -0.018948523 0.9988988 4.025879
0.75540715 -0.6538363 -0.044600867 66.50464 0.65391666 0.7565088 -0.014784258 33.089478 0.04340822 -0.017994186 0.9988954 4.0806885
0.7490022 -0.6612725 -0.042161282 67.34448 0.66132355 0.74999845 -0.014725842 33.82959 0.041353595 -0.016847577 0.9990025 4.1329346
0.74262846 -0.66838324 -0.040448558 68.1792 0.6683473 0.7435805 -0.01639926 34.576904 0.041038144 -0.014855491 0.9990472 4.1853027
0.73648065 -0.67519665 -0.04017609 69.004395 0.6751305 0.73743457 -0.017248658 35.345215 0.041273598 -0.014422125 0.99904376 4.2419434
0.7307139 -0.6816067 -0.04129131 69.82788 0.68147355 0.7317464 -0.019397216 36.118896 0.043432407 -0.013955096 0.998959 4.300659
0.725703 -0.68685013 -0.041380703 70.65381 0.6867688 0.72672576 -0.018395571 36.90564 0.042708617 -0.015064458 0.9989741 4.352051
0.7193876 -0.69341934 -0.040473323 71.47241 0.69330734 0.72038215 -0.019018289 37.70337 0.04234625 -0.014382365 0.9989994 4.4051514
0.7147969 -0.6980708 -0.04114812 72.28931 0.6980193 0.7158048 -0.01799009 38.510742 0.04200992 -0.015866533 0.998991 4.4642334
0.70940286 -0.7035037 -0.04164153 73.10791 0.7034112 0.7104529 -0.019313207 39.326416 0.04317376 -0.015591515 0.998946 4.519043
0.7044351 -0.70830476 -0.043722637 73.92139 0.70816934 0.70560837 -0.021191254 40.157837 0.045863073 -0.016040264 0.9988189 4.5789795
0.70019114 -0.7123948 -0.045851856 74.728516 0.712256 0.70148134 -0.022167968 40.981934 0.047957115 -0.017138079 0.99870235 4.6362305
0.69445294 -0.71799344 -0.0466252 75.53735 0.7178241 0.6958018 -0.023292396 41.832275 0.04916232 -0.017301502 0.99864036 4.7020264
0.68899035 -0.723369 -0.044982456 76.3457 0.723168 0.69026536 -0.02357522 42.684814 0.048104472 -0.016293319 0.9987091 4.76062
0.6851982 -0.7270383 -0.04366428 77.15454 0.72680515 0.68641657 -0.023946585 43.541016 0.047386143 -0.015322505 0.99875945 4.8273926
0.6798076 -0.73221004 -0.04293355 77.95752 0.7319879 0.6809891 -0.02366924 44.41748 0.046567116 -0.015328636 0.9987978 4.893799
0.67686754 -0.7347359 -0.042646766 78.75757 0.73445356 0.67805547 -0.024959166 45.289185 0.047262263 -0.014425117 0.9987788 4.951538
0.6708376 -0.7403337 -0.040853046 79.55591 0.7399862 0.6719588 -0.026026137 46.17639 0.04672877 -0.012777054 0.9988261 5.017456
0.6671195 -0.74393404 -0.03930052 80.355225 0.7435237 0.66818327 -0.02710958 47.064087 0.04641958 -0.011131819 0.9988599 5.0769043
0.66435003 -0.7464543 -0.03767438 81.15454 0.7458888 0.66536885 -0.030153792 47.95984 0.047570977 -0.008072633 0.99883497 5.140381
0.6592504 -0.7509684 -0.038330622 81.937256 0.75023097 0.66033304 -0.03388299 48.870117 0.050754745 -0.0064248317 0.9986902 5.2054443
0.6548674 -0.75489587 -0.03543873 82.729004 0.7539528 0.6558228 -0.03777469 49.78296 0.051757403 -0.0019848598 0.9986575 5.263794
0.64967716 -0.7594429 -0.031111322 83.53198 0.7582524 0.6504083 -0.042713713 50.688965 0.052678626 0.004155243 0.99860287 5.338501
0.6415838 -0.7665156 -0.026702818 84.31885 0.7651413 0.642067 -0.046882067 51.61841 0.05308556 0.009641424 0.9985432 5.4154053
0.63298726 -0.7737274 -0.023250964 85.10425 0.7723293 0.63329005 -0.048160426 52.563965 0.051988356 0.012532647 0.9985694 5.4832764
0.62369764 -0.78134453 -0.019772917 85.869385 0.78007025 0.62386185 -0.04664859 53.52295 0.048784133 0.013658494 0.9987154 5.5491943
0.6139724 -0.78912795 -0.018484883 86.62622 0.78786314 0.6140859 -0.046866633 54.49829 0.048338283 0.014215168 0.9987301 5.625366
0.6067786 -0.79471844 -0.02079684 87.374756 0.7933618 0.6070011 -0.048121832 55.478516 0.05086941 0.012713493 0.9986252 5.689209
0.5954618 -0.80324155 -0.020258863 88.107666 0.80178434 0.59564894 -0.05025649 56.46997 0.05243074 0.0136859445 0.99853086 5.75708
0.5857356 -0.810226 -0.020631786 88.83984 0.80871147 0.5859468 -0.051281355 57.477783 0.053643875 0.013347128 0.9984707 5.8310547
0.57606685 -0.81721133 -0.016369205 89.56494 0.81567293 0.5760435 -0.052979395 58.495605 0.05272779 0.017168153 0.9984615 5.9057617
0.5651483 -0.8248759 -0.012946783 90.27173 0.8234016 0.5649688 -0.052930355 59.530273 0.050967872 0.019257043 0.9985148 5.977173
0.5558068 -0.831261 -0.0121632945 90.96997 0.82974225 0.5555816 -0.054034904 60.575195 0.05168076 0.019944994 0.99846476 6.0507812
0.54584664 -0.83785075 -0.01375337 91.65381 0.83631295 0.54572827 -0.053779077 61.625 0.05256125 0.017846005 0.9984578 6.1274414
0.5339204 -0.8454353 -0.014090331 92.32324 0.8438097 0.53381586 -0.055279586 62.692627 0.054253913 0.017615655 0.99837124 6.1986084
0.5239678 -0.8514198 -0.015455317 92.98999 0.84975934 0.5239529 -0.055504344 63.771973 0.055358645 0.015958374 0.99833953 6.277466
0.51539606 -0.8569054 -0.015904177 93.63672 0.85531 0.51544297 -0.05419162 64.86157 0.054619033 0.014321905 0.998404 6.355957
0.5070423 -0.86188185 -0.015219246 94.28223 0.8603672 0.50708556 -0.052884474 65.948975 0.053284243 0.013715254 0.9984848 6.4317627
0.4982329 -0.8669548 -0.011687343 94.918945 0.86553675 0.49811974 -0.052017573 67.05884 0.050919224 0.015791884 0.99857754 6.5024414
0.49115872 -0.8710022 -0.011426484 95.545166 0.8696144 0.49105188 -0.05148475 68.17798 0.050456647 0.015342628 0.99860805 6.5804443
0.48349488 -0.8751884 -0.011560207 96.16528 0.8736722 0.4833689 -0.053924557 69.29834 0.052784726 0.015981993 0.99847853 6.6585693
0.4777989 -0.8784099 -0.009964654 96.7771 0.87670344 0.47752732 -0.057914503 70.41577 0.05563159 0.018941028 0.998272 6.7333984
0.471537 -0.88176817 -0.008765712 97.38501 0.879874 0.4711361 -0.061575856 71.55322 0.058428846 0.021322854 0.9980639 6.815918
0.46621573 -0.8846947 -0.0085817315 97.98291 0.882592 0.4657388 -0.06505918 72.67944 0.061558373 0.022749964 0.9978438 6.9014893
0.46099895 -0.8874116 -0.0066777454 98.57837 0.88534755 0.46041745 -0.0651131 73.82007 0.06084717 0.02409847 0.9978557 6.9886475
0.4561405 -0.8898731 -0.0027301293 99.16675 0.8880702 0.45540816 -0.06230196 74.968506 0.056674477 0.025989769 0.99805397 7.0759277
0.45454198 -0.8908169 0.0031034348 99.74756 0.8892274 0.45351678 -0.061397288 76.09888 0.053283192 0.030666582 0.99810845 7.162842
0.45000315 -0.8930943 0.0040975735 100.32715 0.89159477 0.448972 -0.060167775 77.229004 0.0518846 0.030723084 0.9981799 7.2436523
0.4475116 -0.89437807 0.0061948504 100.893555 0.89294755 0.4463807 -0.060048554 78.36401 0.050923914 0.032393444 0.9981764 7.3238525
0.44504637 -0.8955644 0.00944099 101.46069 0.8942925 0.4437928 -0.058998663 79.4978 0.048627526 0.034699406 0.99821407 7.4005127
0.44151622 -0.8971365 0.011867183 102.007324 0.8959918 0.44018617 -0.05801147 80.61304 0.046822026 0.03623416 0.9982451 7.4732666
0.4400141 -0.897705 0.013788519 102.55737 0.8965854 0.4385599 -0.058973935 81.742676 0.04689876 0.03831994 0.99816465 7.5511475
0.43798465 -0.8987667 0.016686311 103.095215 0.89774925 0.4363919 -0.05915201 82.849365 0.04587272 0.040875006 0.9981101 7.6190186
0.43499753 -0.90006495 0.021526534 103.63037 0.899321 0.43326172 -0.0575518 83.94946 0.042466026 0.04441649 0.9981115 7.687866
0.43606284 -0.8996193 0.024431309 104.16797 0.8989991 0.43419182 -0.05780459 85.05762 0.041394927 0.047177296 0.998029 7.7562256
0.43190244 -0.9015909 0.02519513 104.684326 0.90097076 0.42997292 -0.05845108 86.13306 0.041847333 0.04794323 0.9979733 7.82605
0.43141758 -0.9018317 0.0266766 105.197266 0.9012575 0.42939618 -0.059046127 87.20679 0.041791074 0.049508758 0.9978988 7.8895264
0.43036655 -0.9022365 0.026267044 105.70703 0.9016051 0.4283224 -0.059878726 88.27612 0.042768143 0.04945838 0.9978606 7.9542236
0.43189588 -0.9014786 0.02582318 106.19507 0.900795 0.42983255 -0.0606431 89.32764 0.043557692 0.049449068 0.9978264 8.0234375
0.43499133 -0.9000795 0.022860037 106.68555 0.8992636 0.4330581 -0.06056792 90.36914 0.044630483 0.04691031 0.9979017 8.095947
0.43801975 -0.8986862 0.020232996 107.17139 0.89774835 0.436196 -0.060733132 91.39038 0.04575143 0.04476218 0.9979491 8.157959
0.44366106 -0.8959034 0.018324925 107.674805 0.8949119 0.44193572 -0.060335103 92.42432 0.04596238 0.043178428 0.99801 8.224365
0.45077384 -0.8924173 0.016087655 108.17798 0.8913357 0.4491367 -0.060509764 93.43921 0.04678094 0.041618846 0.9980378 8.293091
0.45585003 -0.88977706 0.015671993 108.67847 0.8887882 0.45431626 -0.058304377 94.43359 0.04477889 0.040509026 0.9981751 8.357422
0.46440348 -0.885543 0.014739196 109.194824 0.8845518 0.4629209 -0.057850927 95.431885 0.044400327 0.039904013 0.99821657 8.415405
0.4749007 -0.8798466 0.013885086 109.71973 0.8788731 0.47347468 -0.0570812 96.42236 0.043644905 0.039317742 0.99827355 8.479126
0.48330158 -0.87528056 0.012743585 110.246826 0.8743 0.48193744 -0.05653067 97.399414 0.043334555 0.038467903 0.99832 8.545166
0.49285787 -0.87001747 0.011253232 110.7854 0.8689468 0.49150598 -0.057603445 98.36548 0.044596642 0.03816571 0.99827546 8.601318
0.50346065 -0.863946 0.0072889887 111.329346 0.8626934 0.5022352 -0.05873453 99.32349 0.047076527 0.03586458 0.9982476 8.658325
0.5151694 -0.8572879 0.0030559609 111.88281 0.8559342 0.51414865 -0.058112837 100.26929 0.048247043 0.0325437 0.99830455 8.723145
0.5286818 -0.8487253 0.00019354373 112.460205 0.8473936 0.52783924 -0.05611138 101.20679 0.047535002 0.02982775 0.998424 8.7854
0.5404077 -0.8414821 -0.00088411383 113.035645 0.840271 0.5396855 -0.053084902 102.12915 0.04514051 0.027947083 0.9985898 8.850586
0.5529462 -0.8331924 -0.00036110356 113.635254 0.83206797 0.5522222 -0.05170381 103.05615 0.043277755 0.028292738 0.99866253 8.908081
0.5636709 -0.82601875 -0.0011110548 114.23706 0.8249158 0.5629868 -0.050927058 103.94629 0.042685777 0.027790701 0.99870205 8.971558
0.5753931 -0.81779814 -0.0019537369 114.85132 0.81668854 0.5747329 -0.05076061 104.81763 0.042644586 0.02762027 0.99870884 9.026245
0.58714116 -0.8093677 -0.0032956079 115.474365 0.8081769 0.586489 -0.051989987 105.70068 0.044014264 0.027863398 0.9986424 9.083252
0.59747297 -0.80184424 -0.0022636568 116.09888 0.8006051 0.596702 -0.05395152 106.5437 0.04461809 0.030421905 0.99854076 9.142334
0.6076723 -0.7941716 -0.0030830665 116.73535 0.79298484 0.6069678 -0.05243457 107.38306 0.043508247 0.029420376 0.9986199 9.206055
0.61882675 -0.78543496 -0.002857674 117.3728 0.7843371 0.61814624 -0.05073094 108.21069 0.04161532 0.029156186 0.9987084 9.260742
0.62797 -0.7781989 -0.0010709288 118.00903 0.7772526 0.62727326 -0.048448812 109.01538 0.038378775 0.029591048 0.99882495 9.315552
0.63880837 -0.7693303 -0.0018115205 118.67163 0.7684321 0.6381734 -0.04685163 109.809814 0.03719945 0.028529175 0.9989001 9.371094
0.648236 -0.7614791 -0.004529408 119.31543 0.7605899 0.64774585 -0.04482843 110.585205 0.03706067 0.025615402 0.99898475 9.420776
0.65810806 -0.7529472 -0.007579526 119.967285 0.7519912 0.65772295 -0.044754952 111.35791 0.038678266 0.023753673 0.9989693 9.467651
0.6673291 -0.7447414 -0.0074389568 120.63574 0.74384046 0.6669563 -0.04352188 112.10718 0.037370764 0.023513652 0.999025 9.517456
0.6756441 -0.7370989 -0.007305564 121.298584 0.73627687 0.6753025 -0.041544672 112.8418 0.03556053 0.022689536 0.99911 9.565674
0.6838769 -0.72957724 -0.0057891095 121.96362 0.7288456 0.68350875 -0.04004944 113.55908 0.03317681 0.023173148 0.999181 9.605225
0.6935111 -0.72038484 -0.00504719 122.64258 0.7196939 0.69312274 -0.03947754 114.26489 0.031944025 0.02374305 0.99920744 9.657349
0.69993687 -0.7141812 -0.006893957 123.30249 0.7134647 0.69961184 -0.039050974 114.956055 0.032714866 0.022413889 0.9992133 9.697632
0.7078182 -0.7063695 -0.0071624047 123.98511 0.7056969 0.7075255 -0.03762539 115.6416 0.03164027 0.021580763 0.9992665 9.742798
0.71434855 -0.69959575 -0.0061291456 124.64868 0.6990578 0.71409655 -0.033912558 116.303955 0.028109582 0.019937053 0.9994059 9.780762
0.72262055 -0.69117403 -0.004837646 125.31909 0.6907393 0.7223838 -0.03108726 116.965576 0.024982851 0.019120444 0.9995049 9.818481
0.72894484 -0.68442404 -0.0052091526 126.00659 0.68403655 0.72875226 -0.028949477 117.60986 0.02361364 0.01754067 0.9995674 9.854248
0.736607 -0.6764058 -0.005658004 126.66577 0.67603004 0.7364338 -0.028202102 118.221924 0.02324172 0.016950116 0.99958616 9.894653
0.7441652 -0.668002 -0.006222764 127.329346 0.66766655 0.74403447 -0.026109405 118.83447 0.022068957 0.015278917 0.9996398 9.925171
0.75387007 -0.65692776 -0.004932499 128.01367 0.65667415 0.7537527 -0.023117535 119.43359 0.018908704 0.014187134 0.99972045 9.95752
0.76254857 -0.6469511 -0.0037841124 128.67358 0.6467854 0.7624637 -0.018928898 120.0061 0.015131723 0.011988412 0.9998136 9.984375
0.7731911 -0.6341158 -0.0035378984 129.35645 0.63398004 0.7731211 -0.017116979 120.57007 0.013591004 0.010991087 0.99984723 10.015381
0.7822835 -0.6230001 -0.0050067264 130.01758 0.62285674 0.78223705 -0.016622746 121.11206 0.0142723415 0.009886189 0.9998492 10.037842
0.79134506 -0.6112533 -0.006430174 130.68652 0.6110865 0.791311 -0.017303862 121.63867 0.015668185 0.009763164 0.9998296 10.065796
0.80253565 -0.59668696 -0.007016791 131.38037 0.59653896 0.80252194 -0.015751995 122.16382 0.015028378 0.0084569855 0.9998513 10.084839
0.8111901 -0.58485985 -0.006352876 132.06616 0.5847419 0.8111789 -0.014024174 122.661865 0.013352949 0.0076615606 0.9998815 10.104736
0.8214199 -0.5704608 -0.0041678445 132.76953 0.57039213 0.8214024 -0.01116013 123.15405 0.009788681 0.006789509 0.99992895 10.122192
0.83050007 -0.5569057 -0.0025509733 133.46924 0.55685896 0.8304756 -0.009946282 123.63452 0.0076586353 0.006839469 0.99994725 10.144043
0.83934355 -0.54342467 0.00027737045 134.18262 0.5434075 0.83931255 -0.008406292 124.102295 0.004336577 0.0072063105 0.9999646 10.15686
0.84767205 -0.5305991 0.0023137687 134.91187 0.53060037 0.847641 -0.0075136106 124.55347 0.0020253924 0.0075960807 0.999969 10.171265
0.85420144 -0.5198405 0.0035910588 135.62622 0.51985234 0.8541679 -0.0076040393 124.99609 0.00088480394 0.008363318 0.9999646 10.183105
0.8601983 -0.51006424 0.0043641753 136.35376 0.5100831 0.86016726 -0.0072927587 125.43359 -3.5796314e-05 0.008498901 0.9999638 10.189941
0.8677073 -0.49705768 0.0036437963 137.11816 0.49707046 0.8676944 -0.004778005 125.86426 -0.0007860656 0.0059567094 0.9999819 10.20459
0.8736031 -0.48666447 0.0038708914 137.8479 0.4866767 0.8735984 -0.0033405852 126.292725 -0.0017555235 0.0048019784 0.9999869 10.212769
0.8802612 -0.47454256 0.003820273 138.6167 0.47455233 0.8802614 -0.0021726238 126.70947 -0.002332096 0.0037247348 0.9999903 10.217041
0.8862738 -0.46313822 0.0040761605 139.36108 0.46314865 0.8862751 -0.0021060975 127.11597 -0.0026371912 0.003754721 0.9999894 10.22876
0.8907713 -0.45439672 0.003387141 140.12183 0.45440727 0.89076513 -0.0035748389 127.50757 -0.0013930062 0.004723895 0.99998784 10.236572
0.89500993 -0.44604447 0.002693177 140.90967 0.44605225 0.895 -0.0042275777 127.89209 -0.0005248505 0.004985096 0.9999874 10.239502
0.89822555 -0.43959686 0.003649798 141.68872 0.4396075 0.8982228 -0.0029472131 128.29736 -0.0019830544 0.004251699 0.99998903 10.243408
0.90099937 -0.43374422 0.006646473 142.48877 0.43376094 0.9010149 -0.0012585991 128.68677 -0.005442722 0.0040174234 0.9999772 10.245728
0.904629 -0.42602018 0.00946738 143.30615 0.42601746 0.90467656 0.002404557 129.07178 -0.009589643 0.0018576104 0.9999523 10.243774
0.90762204 -0.41966727 0.010755316 144.12158 0.4196319 0.9076856 0.005463809 129.4685 -0.012055472 -0.00044511305 0.9999272 10.23877
0.9101985 -0.41394505 0.012324106 144.96191 0.41387123 0.91027904 0.008152353 129.84644 -0.014593432 -0.002319492 0.99989086 10.234497
0.9139036 -0.40577585 0.013922863 145.7976 0.40566182 0.9140017 0.010342468 130.23975 -0.016921103 -0.0038034432 0.99984956 10.222046
0.9161023 -0.40059382 0.017291367 146.66382 0.4004337 0.91625625 0.0120473895 130.6145 -0.020668969 -0.0041121948 0.9997779 10.21106
0.92006093 -0.39131215 0.0193143 147.55347 0.39115083 0.9202581 0.011675385 130.98853 -0.022342995 -0.0031855968 0.99974525 10.199341
0.92331207 -0.38347495 0.020590264 148.46997 0.38330016 0.9235363 0.012007351 131.3667 -0.023620894 -0.0031928814 0.9997157 10.18335
0.9266209 -0.37548336 0.020680035 149.354 0.37533998 0.9268495 0.010576983 131.74023 -0.023137491 -0.0020397208 0.99973005 10.156738
0.9301677 -0.36661157 0.021255786 150.28687 0.3665109 0.9304105 0.008590013 132.09717 -0.022924984 -0.00020277943 0.99973714 10.150391
0.9340912 -0.35642147 0.020678684 151.26758 0.35634857 0.9343199 0.0072327796 132.45166 -0.0218984 0.0006143106 0.9997598 10.123901
0.9387321 -0.34406912 0.019046875 152.198 0.34400228 0.9389254 0.0067841345 132.81396 -0.020218056 0.0001855772 0.99979544 10.115112
0.9428108 -0.33285534 0.0181989 153.1687 0.33275017 0.9429843 0.00861601 133.17627 -0.020029131 -0.0020678784 0.99979717 10.092651
0.9482233 -0.31706986 0.018341877 154.15454 0.31687325 0.9483792 0.012860496 133.52148 -0.021472093 -0.006382 0.99974895 10.073853
0.954694 -0.29685605 0.020374767 155.17334 0.29655993 0.9548635 0.016343933 133.84131 -0.024308002 -0.009560691 0.99965876 10.052002
0.96061313 -0.27706856 0.021150367 156.19458 0.27667156 0.9607547 0.019878019 134.15918 -0.02582944 -0.013242401 0.99957854 10.031128
0.9665336 -0.2557127 0.021722788 157.23633 0.25525874 0.9666557 0.021625528 134.44727 -0.026527395 -0.015358907 0.99953 10.01709
0.97188956 -0.23422469 0.023618475 158.30493 0.23368907 0.9720244 0.023376394 134.72119 -0.028433274 -0.017198782 0.99944764 9.984131
0.9766476 -0.21317784 0.02652751 159.37256 0.21258336 0.9768537 0.023543362 134.97241 -0.030932771 -0.017353779 0.9993708 9.97168
0.9811739 -0.19081025 0.02988799 160.47583 0.19007152 0.9814311 0.025886305 135.19336 -0.034271903 -0.019717 0.99921775 9.932617
0.9852723 -0.16751179 0.034383707 161.61475 0.16657321 0.98561686 0.02857488 135.39941 -0.038675316 -0.022427194 0.9990002 9.908325
0.98869497 -0.14496228 0.03829406 162.71924 0.14384726 0.9891305 0.030440595 135.57861 -0.04229089 -0.024588443 0.9988029 9.865845
0.9915756 -0.12377302 0.038237385 163.875 0.122595765 0.99195063 0.03174971 135.74414 -0.0418586 -0.026795845 0.9987646 9.827759
0.99415624 -0.10135264 0.037104554 165.0227 0.1001899 0.99445266 0.03196189 135.87842 -0.04013916 -0.028056964 0.9988001 9.787598
0.9961328 -0.08015441 0.035937622 166.19409 0.079004176 0.99634796 0.032352738 135.97559 -0.038400307 -0.029387303 0.99882984 9.742432
0.9974402 -0.06016228 0.038665242 167.3938 0.05899679 0.9977892 0.030609712 136.05566 -0.04042136 -0.028250944 0.9987834 9.708252
0.99834436 -0.03986794 0.04145603 168.59375 0.038605932 0.9987795 0.030808339 136.12012 -0.0426338 -0.029156696 0.9986652 9.666016
0.9988996 -0.018826356 0.042957246 169.8186 0.017461976 0.999338 0.031915933 136.15723 -0.043529704 -0.031130772 0.998567 9.621582
0.99901813 -0.00026079192 0.04430796 171.031 -0.0011874964 0.9994659 0.032655045 136.16895 -0.044292804 -0.03267559 0.9984842 9.577393
0.998714 0.022219615 0.04557628 172.2898 -0.023767855 0.9991487 0.033722255 136.15869 -0.0447883 -0.03476189 0.9983919 9.529419
0.9981635 0.041284632 0.04433369 173.53198 -0.042862475 0.998459 0.035261337 136.12646 -0.042809967 -0.037096616 0.99839467 9.477783
0.9972114 0.060024984 0.04436056 174.79419 -0.061684567 0.9974089 0.037040584 136.06909 -0.042022634 -0.03967308 0.9983287 9.431641
0.9957956 0.08064073 0.043424174 176.04932 -0.08226731 0.9959189 0.037078284 135.979 -0.04025638 -0.040495012 0.99836874 9.384888
0.99408233 0.100440525 0.041350406 177.34473 -0.10207251 0.993993 0.039458178 135.86255 -0.03713868 -0.043445453 0.99836546 9.339355
0.99213433 0.11852013 0.040227395 178.66187 -0.120121635 0.9919497 0.040048886 135.71948 -0.03515775 -0.044567395 0.99838775 9.300049
0.9896288 0.13840792 0.038611505 179.93701 -0.13994436 0.98934054 0.040419824 135.55957 -0.032607727 -0.04540169 0.9984367 9.2647705
0.9867304 0.15882508 0.03352899 181.30103 -0.1601401 0.9862333 0.041055605 135.35718 -0.026544867 -0.045881465 0.99859405 9.225952
0.9836 0.17803158 0.02895514 182.63574 -0.17917861 0.9828535 0.04355217 135.13477 -0.020705367 -0.048026044 0.9986314 9.20166
0.9807156 0.19390838 0.024574844 183.92871 -0.19487226 0.97974855 0.04609932 134.91138 -0.015139485 -0.04999868 0.99863464 9.18811
0.97711957 0.21163797 0.021298293 185.28809 -0.21244524 0.97597855 0.048367366 134.62134 -0.010550414 -0.05178507 0.99860233 9.171631
0.9725424 0.23186266 0.019663323 186.64404 -0.23258132 0.97123104 0.051005777 134.31714 -0.007269188 -0.054179277 0.9985046 9.161865
0.9687726 0.24704729 0.020585172 187.98169 -0.24779247 0.9674794 0.050579846 134.00024 -0.0074160052 -0.05410247 0.99850744 9.1779785
0.9636963 0.26625696 0.01942035 189.33032 -0.26690736 0.96244 0.049498357 133.6289 -0.00550964 -0.05288568 0.9985853 9.168091
0.95861006 0.28429747 0.015631413 190.69556 -0.2847261 0.9573016 0.050072532 133.25122 -0.00072861474 -0.052451015 0.99862325 9.174438
0.9539418 0.299709 0.01308834 192.01514 -0.2999789 0.9525351 0.051881902 132.8623 0.0030812302 -0.05341864 0.9985677 9.183105
0.94829667 0.31699103 0.013868317 193.36108 -0.31726936 0.9467711 0.05391661 132.41919 0.0039653666 -0.05552949 0.9984492 9.19104
0.9424072 0.33404753 0.014798885 194.74829 -0.3343422 0.9407692 0.055738367 131.9541 0.0047015706 -0.057478175 0.9983358 9.209839
0.93594867 0.3519408 0.013410234 196.09912 -0.3520979 0.93410796 0.05925051 131.46411 0.008324986 -0.06017583 0.9981527 9.21814
0.92909384 0.36965594 0.011307258 197.43262 -0.369646 0.92723966 0.059808403 130.9607 0.011625178 -0.05974697 0.99814576 9.2508545
0.92217094 0.38674402 0.009006974 198.81592 -0.3865455 0.9202751 0.061053947 130.39966 0.015319018 -0.05978377 0.99809384 9.267822
0.91419727 0.4052097 0.004773689 200.16895 -0.40471157 0.9123471 0.0616797 129.81592 0.020643773 -0.058317676 0.99808383 9.307495
0.9054509 0.42439505 0.0018090666 201.49487 -0.42360467 0.90348774 0.06498521 129.23267 0.02595433 -0.059606306 0.9978837 9.353638
0.8962335 0.44355044 0.00028862525 202.82959 -0.44254023 0.89414877 0.06803436 128.61401 0.029917294 -0.061101165 0.99768335 9.402466
0.88280225 0.46980825 0.0006585112 204.16772 -0.46866912 0.88056266 0.07082068 127.92969 0.03269683 -0.06282514 0.99748737 9.457886
0.86868024 0.49538568 0.0015899949 205.52173 -0.49407664 0.86614376 0.07549614 127.19385 0.036013946 -0.06636475 0.9971457 9.52002
0.8545426 0.5194544 0.0020271123 206.80176 -0.51797736 0.85180527 0.07877445 126.47998 0.03919211 -0.068362705 0.99688953 9.582153
0.8396736 0.5430176 0.002291286 208.06274 -0.5413197 0.83670074 0.08263342 125.708496 0.04296573 -0.07061984 0.99657637 9.648926
0.82467675 0.5655483 0.0023613232 209.37329 -0.5637258 0.82166934 0.083765574 124.86377 0.045432437 -0.07041331 0.99648356 9.727173
0.80762446 0.58980757 0.0016308872 210.62866 -0.5877811 0.8046152 0.08508373 123.97363 0.048862826 -0.06966604 0.9963719 9.807983
0.791786 0.6107529 -0.0007483363 211.85791 -0.60836756 0.78880036 0.08733254 123.06738 0.053936638 -0.06869499 0.9961785 9.90271
0.7746551 0.6325203 -0.0032313184 213.0503 -0.6297707 0.7717426 0.089363456 122.157715 0.05900153 -0.06719655 0.9959945 9.997192
0.7589028 0.651206 -0.005026358 214.2185 -0.64813894 0.7560326 0.09142348 121.190674 0.06333654 -0.06612979 0.99579936 10.094971
0.74229616 0.6700895 -0.006157306 215.39014 -0.66678774 0.73949146 0.09278608 120.18115 0.06671811 -0.06476926 0.99566764 10.208008
0.72537464 0.6882232 -0.006237846 216.54028 -0.6848145 0.7226266 0.093279235 119.126465 0.06870788 -0.06339908 0.9956217 10.321411
0.7093798 0.7047685 -0.007127718 217.64185 -0.70122236 0.7067571 0.09356477 118.0874 0.07096712 -0.061378136 0.9955894 10.43689
0.69502914 0.71892375 -0.008210961 218.73804 -0.7152595 0.69255525 0.09358503 117.01343 0.07295913 -0.059177272 0.9955787 10.559326
0.67947507 0.7336029 -0.010540137 219.78687 -0.72961694 0.6771528 0.09534648 115.91797 0.07709871 -0.057093702 0.9953869 10.685791
0.66627693 0.7455837 -0.013364711 220.844 -0.74118924 0.66410583 0.097953334 114.78516 0.081930585 -0.05535105 0.9950985 10.817993
0.6495035 0.760182 -0.013222921 221.87622 -0.755595 0.6473204 0.09978027 113.62402 0.084429234 -0.054811146 0.99492 10.949707
0.6348443 0.7724572 -0.01332913 222.87183 -0.7677647 0.63272166 0.100492425 112.45825 0.08605753 -0.053568084 0.9948497 11.098633
0.6178833 0.78628206 -0.010912686 223.87524 -0.78158784 0.61560416 0.10143597 111.25391 0.08646148 -0.05413437 0.99478185 11.245483
0.60045904 0.7996087 -0.0058306316 224.81812 -0.79509693 0.59781337 0.10198693 110.04834 0.0850346 -0.056615055 0.9947697 11.393799
0.58235914 0.81283295 -0.0013376605 225.74683 -0.8084414 0.5793833 0.10288026 108.82251 0.08438811 -0.05883631 0.99469525 11.538208
0.56609905 0.82444096 0.0025347727 226.65015 -0.8201357 0.56282425 0.10382347 107.6001 0.08416793 -0.06084039 0.99459094 11.68689
0.5454869 0.8380506 0.004952347 227.48267 -0.8335427 0.5419215 0.106939256 106.37012 0.086945705 -0.06245606 0.99425256 11.835693
0.52891004 0.848681 0.008394664 228.30469 -0.84396094 0.52487063 0.11098459 105.1189 0.08977336 -0.06578799 0.99378747 11.98877
0.5099755 0.8600512 0.01139337 229.09253 -0.8554962 0.50581425 0.11034276 103.86719 0.08912427 -0.06602333 0.9938305 12.146484
0.48726383 0.87311244 0.015062114 229.82788 -0.86881447 0.4829867 0.108922035 102.596436 0.08782462 -0.0661605 0.9939365 12.294922
0.46830887 0.8834983 0.018423827 230.53687 -0.87956685 0.46401086 0.10619276 101.336426 0.085253805 -0.06592764 0.9941752 12.442749
0.44619656 0.8946561 0.021630783 231.22437 -0.89091444 0.44178608 0.105176054 100.043945 0.084563725 -0.0661977 0.99421614 12.597534
0.4220329 0.9062981 0.02439903 231.85498 -0.9027985 0.4176306 0.103060566 98.754395 0.08319844 -0.06550326 0.9943762 12.737427
0.40001363 0.916055 0.026220012 232.44336 -0.91262543 0.3955851 0.1023864 97.47266 0.083432674 -0.06489043 0.99439865 12.878174
0.37860528 0.9250817 0.025761591 233.01294 -0.9215391 0.37431017 0.102193646 96.18457 0.08489407 -0.06244649 0.99443245 13.018066
0.3573387 0.93363893 0.024772683 233.5415 -0.9299791 0.35324225 0.10171595 94.90332 0.0861876 -0.059368227 0.99450696 13.1571045
0.33584857 0.94169676 0.024980776 234.01636 -0.9380704 0.33189046 0.10040729 93.61914 0.086262174 -0.057152133 0.9946319 13.297852
0.31452537 0.94905853 0.024112921 234.46704 -0.9454416 0.3108177 0.09872241 92.31665 0.08620979 -0.05382402 0.9948203 13.440186
0.29402232 0.9555305 0.023505924 234.88574 -0.95185363 0.2904748 0.09817357 91.05054 0.08698987 -0.051241297 0.9948908 13.569702
0.27318925 0.96157104 0.025495231 235.27734 -0.95753545 0.26932767 0.10241406 89.77075 0.09162089 -0.05238394 0.9944145 13.71521
0.25312907 0.96702594 0.027973946 235.64355 -0.9621312 0.24861896 0.11174532 88.50049 0.10108012 -0.055172056 0.9933441 13.859375
0.23646386 0.9712481 0.02988514 235.97559 -0.9656149 0.23143037 0.1189705 87.25342 0.108645946 -0.056975704 0.9924456 14.009399
0.21612304 0.97572136 0.034251463 236.28247 -0.96976864 0.2104818 0.123162016 86.008545 0.112942055 -0.059863225 0.9917988 14.169189
0.19447958 0.98016924 0.03809409 236.56763 -0.9743133 0.18852974 0.123191044 84.749756 0.1135642 -0.061077636 0.9916519 14.331909
0.17569447 0.983461 0.04313086 236.82349 -0.9778065 0.16928677 0.12312289 83.51538 0.11377854 -0.06378863 0.9914541 14.494873
0.15540002 0.9866476 0.04740233 237.05786 -0.9811872 0.14864856 0.12268647 82.271484 0.11397457 -0.06559526 0.9913168 14.656128
0.13797408 0.9891988 0.049110167 237.24756 -0.9838944 0.13121754 0.12126782 81.03613 0.11346296 -0.06507574 0.99141 14.815796
