1.000000000000000000e+00 4.398956837314658088e-19 2.733407509747682871e-20 -8.673617379884035472e-19 -5.583667658079949532e-19 1.000000000000000000e+00 -6.100159232558060012e-19 0.000000000000000000e+00 4.145284534913582806e-20 -2.210423569125054137e-19 1.000000000000000222e+00 0.000000000000000000e+00
9.999407277567632368e-01 -1.109311963533939679e-03 1.083099328156100251e-02 7.757693219724004496e-02 1.105441352172130192e-03 9.999993229885209001e-01 3.633452958554714675e-04 -3.602582893816222431e-03 -1.083138919924058266e-02 -3.513507241287444909e-04 9.999412770495941238e-01 2.808420087310182223e-01
9.998539451999201022e-01 -2.363329411705836040e-03 1.692639847658547123e-02 1.112634992554716873e-01 2.351276594361694644e-03 9.999969678752964608e-01 7.319386090582168493e-04 -7.675716328705048386e-03 -1.692807725789557613e-02 -6.920330503697905795e-04 9.998564703355824479e-01 5.312848435310585371e-01
9.997865270421198991e-01 -6.306772170522394368e-03 1.967549242427726539e-02 8.785126249085799255e-02 6.325009312623654754e-03 9.999796229748991738e-01 -8.648011113881659464e-04 -1.636663725786614842e-02 -1.966963773350590902e-02 9.890642042867797690e-04 9.998060447318529720e-01 9.237294785040244260e-01
9.998228298406535153e-01 -7.009360026469009346e-03 1.746933980680069609e-02 9.043660403580522367e-02 7.042151211228176409e-03 9.999735542996961435e-01 -1.816258587508789296e-03 -1.997296121350136677e-02 -1.745614731082327509e-02 1.938958572071797877e-03 9.998457497740209643e-01 1.184837108890581581e+00
9.998864627701138375e-01 -1.070541802361876099e-02 1.060450969413402784e-02 8.934139707381900941e-02 1.074280061022138931e-02 9.999362580641052434e-01 -3.474482037878717181e-03 -1.923682143069430084e-02 -1.056663814463975302e-02 3.588009738295767914e-03 9.999377342269704094e-01 1.541143387778091789e+00
9.999346340910088005e-01 -1.136653226224194381e-02 -1.236732723030151094e-03 6.629241972932399529e-02 1.136068907338145563e-02 9.999247301611349226e-01 -4.633436811990392784e-03 -3.242872701927054790e-02 1.289305762649495994e-03 4.619083856482293464e-03 9.999885008118991614e-01 1.848752398871664981e+00
9.997962147667102117e-01 -1.120759399042622548e-02 -1.679043675202989555e-02 2.937719966887964579e-02 1.112508565626503867e-02 9.999256165236933835e-01 -4.999386964110500396e-03 -3.985580524680434888e-02 1.684521920869781753e-02 4.811573152313015911e-03 9.998465319143867713e-01 2.168712892345378673e+00
9.993403422494980815e-01 -6.481621950671033992e-03 -3.573330195888517469e-02 7.959221627132220117e-03 6.285608481486988988e-03 9.999645925196695151e-01 -5.595071270233480630e-03 -4.162804709308190465e-02 3.576830248448419763e-02 5.366774913087741204e-03 9.993456991129447964e-01 2.521579912727406558e+00
9.984429027287023972e-01 -3.568743008083264182e-03 -5.566896746626700393e-02 -3.861271433128014852e-02 3.218766390500188250e-03 9.999744982267908533e-01 -6.375141886159852930e-03 -5.151021362243993207e-02 5.569030001079360720e-02 6.186029776646313240e-03 9.984289276911543221e-01 2.860222810782108382e+00
9.971481878065819870e-01 -2.997409901258398998e-03 -7.540893109763484314e-02 -9.481292115585468472e-02 2.520023245369792768e-03 9.999761841824511555e-01 -6.424993936621332946e-03 -5.820597709955294130e-02 7.542639481323472339e-02 6.216638791047745562e-03 9.971319935544777913e-01 3.207703404445861217e+00
9.953373635784654727e-01 -3.446479659606141530e-03 -9.639322669767658169e-02 -1.372851059737330570e-01 2.870901541869255117e-03 9.999772175320927881e-01 -6.109200993817724690e-03 -6.448734045933408876e-02 9.641208752333435550e-02 5.803980514653615114e-03 9.953245819748158807e-01 3.594038493727732764e+00
9.932819585169094800e-01 -4.098505877636134456e-03 -1.156466720178211532e-01 -1.909934092095553759e-01 3.486048239547987187e-03 9.999788111758216580e-01 -5.497696023096307685e-03 -7.259593262138891445e-02 1.156667559387273003e-01 5.057612338801480319e-03 9.932751997906357211e-01 3.991793266499131132e+00
9.911252657803629740e-01 -4.191494806215024030e-03 -1.328651136300782187e-01 -2.822306856680928400e-01 3.576883834344106276e-03 9.999817727068751605e-01 -4.864170054386742631e-03 -7.917484315724310218e-02 1.328830822994376826e-01 4.345758681730779380e-03 9.911221929252593821e-01 4.384513500996714441e+00
9.888194732425320543e-01 -3.362643735190016733e-03 -1.490796477645325302e-01 -3.726771096309586251e-01 2.746004400773902586e-03 9.999868033642349552e-01 -4.341952661371286347e-03 -8.626405425222774537e-02 1.490922834328485547e-01 3.884033875921789804e-03 9.888156581950960922e-01 4.807485195315434723e+00
9.866982485852550111e-01 -2.855320739258481854e-03 -1.625374193983317450e-01 -4.483773024743813451e-01 2.175916114094986024e-03 9.999881371783502226e-01 -4.357853643561754309e-03 -9.170100472439726702e-02 1.625479371268782336e-01 3.946218656957999754e-03 9.866927567257013365e-01 5.213768681281250927e+00
9.845278553646896746e-01 -3.409683605584501974e-03 -1.751949636862786264e-01 -5.247288745882985328e-01 2.558566553967380613e-03 9.999838044498622347e-01 -5.083755629590851373e-03 -9.704120454274940688e-02 1.752094633354697450e-01 4.556850936479564344e-03 9.845206345418998639e-01 5.653182939952007935e+00
9.827855365270248278e-01 -6.539749880562435551e-03 -1.846342872572697413e-01 -6.269529666872276641e-01 5.320810625129880622e-03 9.999606627942398962e-01 -7.096606918640730420e-03 -1.155440372664252174e-01 1.846734374871874806e-01 5.992038451259817586e-03 9.827816735187374642e-01 6.098729381400367799e+00
9.812751680867033421e-01 -6.186376505872854398e-03 -1.925117459944371556e-01 -7.319690789236503736e-01 4.604198205801187174e-03 9.999518593454893578e-01 -8.664891407869929757e-03 -1.227494941379668192e-01 1.925560859611316900e-01 7.616280435357293196e-03 9.812564124301265123e-01 6.553528254051840918e+00
9.796223029385380254e-01 -5.797635170976840092e-03 -2.007648625823750532e-01 -8.364177107033121672e-01 3.749733603670588663e-03 9.999370071983421093e-01 -1.057927820986331348e-02 -1.179961213742723031e-01 2.008135541051827289e-01 9.610882040455636516e-03 9.795823336523743485e-01 7.016589066720498202e+00
9.780887254637344874e-01 -6.443490281459789137e-03 -2.080887443597000397e-01 -9.399541502309791685e-01 3.776645002785130982e-03 9.999056033427716761e-01 -1.321065291664812180e-02 -1.347301336589358800e-01 2.081542277847995281e-01 1.213531328303350115e-02 9.780207322225468181e-01 7.495499332199190512e+00
9.762637859314954314e-01 -1.014140653345651892e-02 -2.163473389302539018e-01 -1.050237080453165772e+00 7.068839304786419565e-03 9.998629389454530836e-01 -1.497113297358522097e-02 -1.456548032889296018e-01 2.164695182183259958e-01 1.308645031315869636e-02 9.762016664615377204e-01 8.005326749837360367e+00
9.743820810767731544e-01 -1.576474271427123763e-02 -2.243457862560779281e-01 -1.175591472094630774e+00 1.246763335005959643e-02 9.997925615984768477e-01 -1.610564714387808377e-02 -1.617805798389575223e-01 2.245531535857527017e-01 1.289599289897047640e-02 9.743765061595627275e-01 8.520578813965308029e+00
9.724471507602833187e-01 -1.685122558642257115e-02 -2.325135994904922176e-01 -1.312390593019456375e+00 1.289044196414182268e-02 9.997449519649390659e-01 -1.854366480764619435e-02 -1.850565702025495085e-01 2.327667848504494930e-01 1.503553088427381397e-02 9.724163500938898252e-01 9.032916892993092972e+00
9.703744695275231535e-01 -1.282709499790983879e-02 -2.412651098014112483e-01 -1.451442030880566669e+00 7.667941893457760200e-03 9.997216829505295443e-01 -2.231051975750886554e-02 -1.850101605136557636e-01 2.414841449279371555e-01 1.979955190235462362e-02 9.702027555219187027e-01 9.561320089686722312e+00
9.682883576440811657e-01 -9.487681873246927439e-03 -2.496550398864435250e-01 -1.600546121399486488e+00 3.255520125709975444e-03 9.996729763450561412e-01 -2.536418631650442027e-02 -2.006410768341150841e-01 2.498140484172480524e-01 2.374708930166108400e-02 9.680025921311428139e-01 1.010059855958446384e+01
9.658978336818125898e-01 -1.248257196486034920e-02 -2.586224251633562066e-01 -1.748790220737246770e+00 5.591140032680781344e-03 9.996098687429524343e-01 -2.736511380211871167e-02 -2.237449414003259418e-01 2.588631199333348842e-01 2.498590994771578144e-02 9.655907989114449474e-01 1.067774310591550524e+01
9.635184287009905812e-01 -1.413889492213321435e-02 -2.672682690262164762e-01 -1.914918973824809578e+00 6.632239701128872685e-03 9.995583217137610221e-01 -2.896851524529249142e-02 -2.575653781808244780e-01 2.675598098373447864e-01 2.613911107269288603e-02 9.631866364426043825e-01 1.121178633881554987e+01
9.614858294376381620e-01 -1.402597316852806884e-02 -2.744963938097614298e-01 -2.099358248180387854e+00 5.467147257064936504e-03 9.994754619881534019e-01 -3.192038802508623263e-02 -2.799486805136514045e-01 2.748001292544693941e-01 2.919028857769514693e-02 9.610581760122390849e-01 1.178184150890082904e+01
9.590924318179933072e-01 -1.362891537028299016e-02 -2.827648460326613322e-01 -2.282768814686777503e+00 3.725233224792813373e-03 9.993615745446035037e-01 -3.553260404273769074e-02 -3.006097347559605337e-01 2.830685974811958938e-01 3.302568667642091088e-02 9.585308940738825889e-01 1.240286713032278598e+01
9.568783672696727916e-01 -1.508856180759571806e-02 -2.900967489147026068e-01 -2.466368738926512538e+00 3.420075826025069810e-03 9.991660575553434898e-01 -4.068774382503793918e-02 -3.319088835298463214e-01 2.904687494544135329e-01 3.794106909609321066e-02 9.561319902096898637e-01 1.297750155829674057e+01
9.551019682083609075e-01 -1.638821079633278471e-02 -2.958236890195657387e-01 -2.678464438424960736e+00 2.358286972657875919e-03 9.988579060800975018e-01 -4.772129428741435364e-02 -3.730897548130937547e-01 2.962679023010656998e-01 4.488106510193445864e-02 9.540498005676013582e-01 1.358684599904035650e+01
9.537321530083395782e-01 -1.624938774266724770e-02 -3.002181469846130768e-01 -2.886457821991535777e+00 -5.303000142209611479e-04 9.984459688661386778e-01 -5.572581108466338751e-02 -4.033447178162386515e-01 3.006571141042658213e-01 5.330670369954652182e-02 9.522414069090795463e-01 1.420432954770701350e+01
9.523599843101172580e-01 -1.657664442259567869e-02 -3.045253243286329403e-01 -3.085307273028931263e+00 -3.227277746568146897e-03 9.979180500474733595e-01 -6.441389640072509026e-02 -4.509586124449908584e-01 3.049590893215148868e-01 6.232800547534749630e-02 9.503237214649491449e-01 1.483667366263609111e+01
9.511362045200443260e-01 -1.530639955470272130e-02 -3.083920111631675565e-01 -3.312467412808958844e+00 -7.597716063918485106e-03 9.973079729888593148e-01 -7.293203483485502514e-02 -4.954482745519528386e-01 3.086781436803221479e-01 7.171137412731244665e-02 9.484594269064799965e-01 1.547188718591623235e+01
9.497383187889194556e-01 -1.430564138019761039e-02 -3.127178798228409384e-01 -3.546023177539967097e+00 -1.139700882831382565e-02 9.967129085485859630e-01 -8.020901510079064822e-02 -5.490205926221283228e-01 3.128373942983282419e-01 7.974162404942003457e-02 9.464534009814458138e-01 1.612379105647436361e+01
9.481883324857943718e-01 -1.305396340119812509e-02 -3.174405110103257766e-01 -3.778714682759251708e+00 -1.525765599085061007e-02 9.961317262182345367e-01 -8.653778328757322225e-02 -6.170212074743537389e-01 3.173422306702025630e-01 8.689751506666820724e-02 9.443213079636338936e-01 1.678013271054852140e+01
9.465646380300810625e-01 -1.210072472750681714e-02 -3.222870712336333154e-01 -4.026232496948131789e+00 -1.876635926836840371e-02 9.955361894325300831e-01 -9.249605002692558309e-02 -6.852071692865893127e-01 3.219677175221976051e-01 9.360164565575802842e-02 9.421122666811863056e-01 1.744345485912909055e+01
9.448682814982517497e-01 -9.772057594129215236e-03 -3.273048047849953512e-01 -4.265804214891931956e+00 -2.371914578409782537e-02 9.948863393580890113e-01 -9.817623880251986901e-02 -7.605403168143027859e-01 3.265904685026341792e-01 1.005270050562295514e-01 9.398047613349025386e-01 1.812905349852738368e+01
9.429494918854978147e-01 -7.051529138095716243e-03 -3.328611262101712209e-01 -4.525353266167333466e+00 -2.819925161314921006e-02 9.944915280743665820e-01 -1.009524778625157382e-01 -8.367590605206978172e-01 3.317394450210430779e-01 1.045795230204440290e-01 9.375564336827558742e-01 1.882963882991374405e+01
9.413379908756313030e-01 -6.158614447746977270e-03 -3.374090336595284012e-01 -4.796682382856560345e+00 -3.032441219463763438e-02 9.942448995009858237e-01 -1.027497437146560610e-01 -9.166024140002528853e-01 3.361000125311449094e-01 1.069539686087194880e-01 9.357337402223793177e-01 1.952325749160600665e+01
9.392179960673051609e-01 -5.951635411911853843e-03 -3.432697647854042744e-01 -5.074976433343318938e+00 -3.091752703044973322e-02 9.943209644518565815e-01 -1.018328344343062131e-01 -1.007267574344763439e+00 3.419264013070859032e-01 1.062562835934984240e-01 9.337001342906741108e-01 2.022830671591430374e+01
9.369599135659659739e-01 -6.571315935758566436e-03 -3.493750643859475646e-01 -5.355131365410946032e+00 -3.046898443577405330e-02 9.944787758107268560e-01 -1.004171571281431280e-01 -1.092580561149753660e+00 3.481059651177345060e-01 1.047319549140616479e-01 9.315865269719865172e-01 2.095685173467830609e+01
9.344732891710921807e-01 -6.305736525710892507e-03 -3.559773965597444190e-01 -5.641951215025238220e+00 -3.078285589881275125e-02 9.946680327225028151e-01 -9.842723435530018050e-02 -1.178711851602115557e+00 3.546999989760440952e-01 1.029356229627217817e-01 9.292966000705434881e-01 2.168219272625244542e+01
9.315082141007231531e-01 -5.671839192714754445e-03 -3.636760571529714658e-01 -5.936379002494910573e+00 -3.107862941224183786e-02 9.949804232214887190e-01 -9.512137617707686066e-02 -1.264847868893969496e+00 3.623900765866881479e-01 9.990889724598443766e-02 9.266561646011592934e-01 2.238566981766182096e+01
9.279202263071973933e-01 -2.730907456140597381e-03 -3.727688196015250255e-01 -6.256859626354537518e+00 -3.307751798110875052e-02 9.954256012935159825e-01 -8.963118939616639136e-02 -1.336939867444727481e+00 3.713084072130344859e-01 9.550086142549048251e-02 9.235852180867450967e-01 2.317186099087393814e+01
9.244532376185221612e-01 -4.376518990375994679e-04 -3.812951834285544517e-01 -6.583414210683803169e+00 -3.427520540763474843e-02 9.958555284647945260e-01 -8.424355613076796312e-02 -1.422955704367317775e+00 3.797517922315594707e-01 9.094819943928596218e-02 9.206068673967811034e-01 2.391185595832195077e+01
9.209001575478470425e-01 3.603922550261168083e-03 -3.897818728852420200e-01 -6.884020057109389690e+00 -3.794550418500427375e-02 9.960368518718071273e-01 -8.044083831461237843e-02 -1.497122833789960250e+00 3.879472136627379886e-01 8.886845082958041986e-02 9.173872469986881217e-01 2.465851277739804104e+01
9.170809718144685707e-01 4.277170488576759189e-03 -3.986780576804437870e-01 -7.234004760121718114e+00 -3.871376324654175749e-02 9.961726732506734905e-01 -7.836612566462165808e-02 -1.571227450303262385e+00 3.968170079895717572e-01 8.730241105937104618e-02 9.137365891865278922e-01 2.540235949801581938e+01
9.130675972319892697e-01 4.895658976889981015e-03 -4.077788518279137908e-01 -7.593965032689555805e+00 -4.005430649664721426e-02 9.961697562847884324e-01 -7.772688882611307470e-02 -1.651211976048653884e+00 4.058364420421904928e-01 8.730320316728171215e-02 9.097664185852052388e-01 2.617268077031908291e+01
9.092797844753693903e-01 4.682793944705865817e-03 -4.161590338410517953e-01 -7.950688959108136444e+00 -4.018350519819528094e-02 9.962527586279212866e-01 -7.658803359473742578e-02 -1.715520041755099534e+00 4.142409465982754280e-01 8.636267979670940453e-02 9.060606652889253709e-01 2.692569984699391838e+01
9.054370812269642022e-01 5.376714918245240581e-03 -4.244464385621267155e-01 -8.338371617646275880e+00 -4.109208930491625722e-02 9.963337039191423328e-01 -7.503726200436450222e-02 -1.790631072164603044e+00 4.224868455116732036e-01 8.538291085098841104e-02 9.023384218319789873e-01 2.770468591300789285e+01
9.015509186906325301e-01 5.769378598017504793e-03 -4.326345472574839590e-01 -8.726870515744028722e+00 -4.123615494774673929e-02 9.965052804005918308e-01 -7.264162525479905819e-02 -1.864964774310446716e+00 4.307035211618415182e-01 8.333030958371205610e-02 8.986381586048192149e-01 2.848706331530286207e+01
8.976949496445578713e-01 6.288287026325971828e-03 -4.405726170592652591e-01 -9.110498909789722433e+00 -4.050920441119242738e-02 9.968412350996324056e-01 -6.831219822545593623e-02 -1.932538327084512453e+00 4.387513925482102173e-01 7.917076187651328478e-02 8.951140764528260352e-01 2.926922531256003879e+01
8.938457625196556400e-01 7.221859058055232240e-03 -4.483163989002576511e-01 -9.524286254650697003e+00 -3.962110504476010209e-02 9.972310537274964304e-01 -6.293165803278991111e-02 -1.991704717407679182e+00 4.466205589730277148e-01 7.401398726811064810e-02 8.916568902776594863e-01 3.007051610757448046e+01
8.900724950427366666e-01 7.895093448491435559e-03 -4.557506082156937977e-01 -9.942893450048678972e+00 -3.874126193766388310e-02 9.975424098706409115e-01 -5.838026379492364942e-02 -2.064391674954547007e+00 4.541696501753812454e-01 6.961902097393139754e-02 8.881909281732460748e-01 3.087665890249143175e+01
8.864463210136411808e-01 6.096475708983316137e-03 -4.627912581835044170e-01 -1.039634316949821091e+01 -3.638223588697955119e-02 9.977369754737328567e-01 -5.654432551275879321e-02 -2.130430996892856310e+00 4.613992370307756774e-01 6.696089024277926405e-02 8.846620753012142124e-01 3.168785396151766420e+01
8.833267651160183753e-01 6.951395670821790447e-03 -4.687061976671391683e-01 -1.084279662770147468e+01 -3.723887741704105109e-02 9.977705278906516817e-01 -5.538266649309040585e-02 -2.193308193015667484e+00 4.672762514681784163e-01 6.637508446140909235e-02 8.816162755454005628e-01 3.251108177933566878e+01
8.802244817426828627e-01 6.142255935372452347e-03 -4.745177867455075416e-01 -1.129027099782448396e+01 -3.583180976221250758e-02 9.979220675385875872e-01 -5.355024363023976053e-02 -2.242007742143649285e+00 4.732028596603552462e-01 6.413906666997321038e-02 8.786155235179829992e-01 3.331527970503550762e+01
8.771527490642865299e-01 5.721977941314292625e-03 -4.801773726287520971e-01 -1.176336371602301156e+01 -3.500057906154910303e-02 9.980312756534767127e-01 -5.204356200374054414e-02 -2.310140584225117699e+00 4.789342518609983057e-01 6.245663971669359465e-02 8.756261502942970232e-01 3.418348627754490821e+01
8.743942144280153483e-01 4.683763907529133949e-03 -4.851935855421732335e-01 -1.222998758785375273e+01 -3.405665193791314327e-02 9.980796876422847186e-01 -5.174052218250938667e-02 -2.373509085080082404e+00 4.840195302325747684e-01 6.176568244291190390e-02 8.728746183982795115e-01 3.501170433517651048e+01
8.726285902569422825e-01 4.385026171197039385e-03 -4.883647307871541998e-01 -1.271651894246360115e+01 -3.427677057844709385e-02 9.980437462160950401e-01 -5.228559743252910591e-02 -2.435547656627961466e+00 4.871801000945862326e-01 6.236547314679358189e-02 8.710718124842717902e-01 3.584504365497359402e+01
8.710119754373647494e-01 4.220017443009633704e-03 -4.912436516756855109e-01 -1.321637256466567578e+01 -3.452125792997957909e-02 9.980169352788075265e-01 -5.263534657629513613e-02 -2.489217804387215516e+00 4.900473700621426065e-01 6.280436613958446934e-02 8.694303833046221897e-01 3.669931798071048235e+01
8.704833919505140516e-01 4.280252000195767029e-03 -4.921791736537882156e-01 -1.371721224779550141e+01 -3.422166806577382064e-02 9.980685816162505608e-01 -5.184577019117161262e-02 -2.549953374289057884e+00 4.910066652278505805e-01 6.197407432983387254e-02 8.689486023661057157e-01 3.757937918930408472e+01
8.702538874964045323e-01 3.977527120862204592e-03 -4.925873991140645725e-01 -1.422417046519390027e+01 -3.310431775259586179e-02 9.981790377551569282e-01 -5.042531895725586855e-02 -2.606915075226933887e+00 4.914898564341725340e-01 6.018959974125602519e-02 8.688008620248525160e-01 3.847153648911545787e+01
8.700532877682116695e-01 2.530613618449663142e-03 -4.929511817865383505e-01 -1.474449432172153429e+01 -3.125512585904771656e-02 9.982580261072542260e-01 -5.004028852185002374e-02 -2.665460491608065752e+00 4.919658495213737881e-01 5.894496887683545183e-02 8.686167729828563333e-01 3.936527095378355767e+01
8.695429637502016806e-01 1.617832825257708562e-03 -4.938546466127362589e-01 -1.526136877467880559e+01 -3.043458919697498641e-02 9.982694840630206290e-01 -5.031672706128039602e-02 -2.735121223287193093e+00 4.929186276997529204e-01 5.878281936450296952e-02 8.680874445523502070e-01 4.026425733773338322e+01
8.682405041871851248e-01 -6.818643158691170385e-05 -4.961435451281759335e-01 -1.579119766193567109e+01 -2.888554317954478839e-02 9.982968130193691225e-01 -5.068627585278519948e-02 -2.792524340104934666e+00 4.953019845359241113e-01 5.833925358964121843e-02 8.667597593469520412e-01 4.117412882296364529e+01
8.668483407493591253e-01 -1.235186969200271351e-03 -4.985703797300335416e-01 -1.631716481038691313e+01 -2.677774362064868144e-02 9.984382277612329215e-01 -4.903119248952334669e-02 -2.861881382389756201e+00 4.978522976067472627e-01 5.585319772732450644e-02 8.654614462441698741e-01 4.207341966747934237e+01
8.649562623801143602e-01 -1.189131417215090122e-03 -5.018458380492422100e-01 -1.687267106645644432e+01 -2.508905482236130011e-02 9.986442814052158834e-01 -4.560853635374786941e-02 -2.923171280998950294e+00 5.012197194852970883e-01 5.204022690992444328e-02 8.637537916022381967e-01 4.302765755762149524e+01
8.616183951884810455e-01 -9.619846791688385027e-04 -5.075557216553269191e-01 -1.742303437719436232e+01 -2.303562218458006863e-02 9.988936446883099896e-01 -4.099813109471998895e-02 -2.986109719542200391e+00 5.070336329933153863e-01 4.701660573944548699e-02 8.606429798878275639e-01 4.393061318407528404e+01
8.579212749822073825e-01 -1.843907162818249216e-03 -5.137778515588393713e-01 -1.795697060635067288e+01 -2.133497512153352885e-02 9.990031571595462401e-01 -3.921110633797275646e-02 -3.043323370864714938e+00 5.133380062700302338e-01 4.460147997513257828e-02 8.570267233004905671e-01 4.483118480771747727e+01
8.529414723748078853e-01 -5.259057111148279090e-03 -5.219800587053128327e-01 -1.853123762624652571e+01 -1.886121422068897865e-02 9.989858151172653633e-01 -4.088515408660253064e-02 -3.110698621928679408e+00 5.216657007695841841e-01 4.471782117855123417e-02 8.519772405486812916e-01 4.573385943869605086e+01
8.469470322298107146e-01 -8.141809587892437708e-03 -5.316149264451996981e-01 -1.909491787208778746e+01 -1.803775425004615698e-02 9.988671419799697304e-01 -4.403489664931131697e-02 -3.176164905244264425e+00 5.313712151105419723e-01 4.688436439162985830e-02 8.458407022681172505e-01 4.661633375139519586e+01
8.408276156945323487e-01 -8.027592356518889125e-03 -5.412434505341077173e-01 -1.968538282876383505e+01 -1.857615226702899816e-02 9.988731497930786185e-01 -4.367330098966781121e-02 -3.239575063962269574e+00 5.409841510181769841e-01 4.677593824305263659e-02 8.397310078942152867e-01 4.752379338333334147e+01
8.351675985802694546e-01 -5.098539561716215231e-03 -5.499718913734032988e-01 -2.029550820167798264e+01 -1.951554267116301436e-02 9.990526204999555793e-01 -3.889736624673082593e-02 -3.276752988494181729e+00 5.496491885130319055e-01 4.321881978299050436e-02 8.342768779153509895e-01 4.839849357888026304e+01
8.296959652428469445e-01 -1.262466164415425134e-03 -5.582141214578214550e-01 -2.088137168354058559e+01 -2.124962712099438475e-02 9.992012001671466415e-01 -3.384397985329274522e-02 -3.342386063596821000e+00 5.578109566091103977e-01 3.994205533647184059e-02 8.290063780850944752e-01 4.926251384853181037e+01
8.256968991423986326e-01 -8.129676464888282343e-04 -5.641134315607572169e-01 -2.149421889259691199e+01 -2.298173235735842534e-02 9.991202859339924913e-01 -3.507840157433279871e-02 -3.399262535627074033e+00 5.636457003635005902e-01 4.192843119286140952e-02 8.249518393448470599e-01 5.016834332315832512e+01
8.222920429373976603e-01 -2.651471938276575221e-03 -5.690595395544122415e-01 -2.212429419781298279e+01 -2.409121413254260505e-02 9.989304420578383192e-01 -3.946625617302631367e-02 -3.444701088311642234e+00 5.685555508736521713e-01 4.616212355594056377e-02 8.213486775636289483e-01 5.103276100741740606e+01
8.194651783775210863e-01 -4.843133054259225918e-03 -5.731085055631518488e-01 -2.272420251896185306e+01 -2.639595246007336166e-02 9.985842729774238036e-01 -4.618120290904342840e-02 -3.517355779312420161e+00 5.725208119357068082e-01 5.297163252636869629e-02 8.181772010645410598e-01 5.189034978296179901e+01
8.160665654657771606e-01 -5.835961932844177524e-03 -5.779284521803096375e-01 -2.336409042314964069e+01 -2.669877309091207504e-02 9.985008537396679040e-01 -4.778305811230058875e-02 -3.574102700036037028e+00 5.773409229531368814e-01 5.442413671815850978e-02 8.146873501029794351e-01 5.276468911991730693e+01
8.131738656060226722e-01 -4.630313378373942038e-03 -5.820024209313642283e-01 -2.398045913120365924e+01 -2.609763174881217507e-02 9.986725011745202218e-01 -4.440888493902818424e-02 -3.637221009095220836e+00 5.814354504716529037e-01 5.130102944792918479e-02 8.119735388479231153e-01 5.361492302010845634e+01
8.097767753032837357e-01 -2.614867060262952500e-03 -5.867322473030281982e-01 -2.461651164212179310e+01 -2.476362761216346214e-02 9.989467108533347517e-01 -3.862941456063005013e-02 -3.700732374466669583e+00 5.862152694832672983e-01 4.581082153550321973e-02 8.088590934351957973e-01 5.448058551109298975e+01
8.067547297026786968e-01 -1.029020015566688194e-03 -5.908855561838617376e-01 -2.527978515791271974e+01 -2.500088140080032953e-02 9.990435373147600329e-01 -3.587431570169605233e-02 -3.756198031457780750e+00 5.903573217653751426e-01 4.371443345537383285e-02 8.059573733212405111e-01 5.535071935254889297e+01
8.036389360253877179e-01 -8.338756443688924262e-04 -5.951165922343224501e-01 -2.590765611372485466e+01 -2.573470145399915990e-02 9.990149055548666057e-01 -3.615167589647429874e-02 -3.813623079689484996e+00 5.945605024375723024e-01 4.436804206334134942e-02 8.028258170597143417e-01 5.619785557906916296e+01
8.001819739543138965e-01 -1.278404062596232797e-03 -5.997559231396645263e-01 -2.657231468848846134e+01 -2.660972207088107763e-02 9.989373349640009447e-01 -3.763141716135158521e-02 -3.860563671335998315e+00 5.991667019750623879e-01 4.607131998293992337e-02 7.992976314043686026e-01 5.705824454298588222e+01
7.961572995611690962e-01 -3.474235420289283408e-03 -6.050797278313218008e-01 -2.721610021645695809e+01 -2.602055256176288509e-02 9.988619052368534756e-01 -3.997280525253432693e-02 -3.925754940046902508e+00 6.045299751175804426e-01 4.756914944956745772e-02 7.951607964226443670e-01 5.790991150342509286e+01
7.918938176767160719e-01 -4.628341240125542939e-03 -6.106412636346141287e-01 -2.787045882098842853e+01 -2.528390894497449526e-02 9.988652679994376449e-01 -4.035963800316845485e-02 -3.981439729961949947e+00 6.101351581461178508e-01 4.739994582241428139e-02 7.908782087101994263e-01 5.874250830369973642e+01
7.873423933624303928e-01 -5.141046732969831341e-03 -6.164945401193623331e-01 -2.856425548068056841e+01 -2.454243859690967769e-02 9.989112319315305299e-01 -3.967391427938857240e-02 -4.037469996762968805e+00 6.160272966173699905e-01 4.636723390114971810e-02 7.863589871381753138e-01 5.961166892920810767e+01
7.826918862349637740e-01 -4.972288712860713222e-03 -6.223894923453633377e-01 -2.924742007826570500e+01 -2.475569159980183995e-02 9.989281203556228395e-01 -3.911222497453480801e-02 -4.094819538109564228e+00 6.219168537149956100e-01 4.602050334150883243e-02 7.817298431530966818e-01 6.043673052943391610e+01
7.770857703539031380e-01 -5.640741363344992446e-03 -6.293694304715767851e-01 -2.994552969286590027e+01 -2.475165283801516319e-02 9.989124171370418193e-01 -3.951377756274087466e-02 -4.157786927136807975e+00 6.289078369074113661e-01 4.628352779772092196e-02 7.761010083895109046e-01 6.127486987783034067e+01
7.718771799922674592e-01 -7.141843776118222790e-03 -6.357315513614975044e-01 -3.063987241725308763e+01 -2.422433347506314574e-02 9.988804196295568705e-01 -4.063359438520178224e-02 -4.212787782646674195e+00 6.353100085326748303e-01 4.676431721879264342e-02 7.708399959311573735e-01 6.211251269774282235e+01
7.665470874214175279e-01 -8.183517735290081821e-03 -6.421359552169136897e-01 -3.132597485987701802e+01 -2.383420302066362531e-02 9.988673553671666427e-01 -4.118175799172851814e-02 -4.270823708731963819e+00 6.417456660857310258e-01 4.687255523428803666e-02 7.654838152461177492e-01 6.291042412604480205e+01
7.606850941382574671e-01 -9.566732100146062984e-03 -6.490505814007749841e-01 -3.205899706845512753e+01 -2.345001523404410815e-02 9.988337066130598130e-01 -4.220572663559422205e-02 -4.333450048942894206e+00 6.486973800648153654e-01 4.732551302713161601e-02 7.595735730317207945e-01 6.377399695525384971e+01
7.547289721539520713e-01 -1.228238947354588079e-02 -6.559217280818304685e-01 -3.278163825195710501e+01 -2.130734824868619343e-02 9.988383093990436112e-01 -4.322069670597349089e-02 -4.395393507772744179e+00 6.556906147126874140e-01 4.659586454080474893e-02 7.535905063623863365e-01 6.457128544174679519e+01
7.486775079388260368e-01 -1.244678827532742955e-02 -6.628175150662639625e-01 -3.352908695466184241e+01 -2.159907601509109334e-02 9.988349403090249767e-01 -4.315370169680287499e-02 -4.464558895151883533e+00 6.625824295116486962e-01 4.662445158739417922e-02 7.475364157478632254e-01 6.540908358785195276e+01
7.421792392777636360e-01 -1.259122185986587088e-02 -6.700831511524566464e-01 -3.427971774449174802e+01 -2.091866398193271276e-02 9.989011507339752294e-01 -4.193924886851191358e-02 -4.519172173244128565e+00 6.698749087148747616e-01 4.514368393110106820e-02 7.411003055579000742e-01 6.623251945843196609e+01
7.361323867238741547e-01 -1.326876182933876304e-02 -6.767075000041526955e-01 -3.500713469555994806e+01 -1.965022456068655013e-02 9.989674019321554965e-01 -4.096338103006967601e-02 -4.587045719360940410e+00 6.765522781652207884e-01 4.345192559338843796e-02 7.351115246353813193e-01 6.702656723096494318e+01
7.294432299210369397e-01 -1.463456805167954837e-02 -6.838847819315171384e-01 -3.578801774509195610e+01 -1.885171872971640183e-02 9.989612845944876307e-01 -4.148451053108744013e-02 -4.649330733531064297e+00 6.837815399623687895e-01 4.315299870868481713e-02 7.284096601914270552e-01 6.784732739901130572e+01
7.228412616972103022e-01 -1.666581059819436175e-02 -6.908131094575452602e-01 -3.658192038524220635e+01 -1.811955271556504182e-02 9.989082402327986721e-01 -4.305820982888496073e-02 -4.713089425689632073e+00 6.907765193853732111e-01 4.364147507538129744e-02 7.217501166168908133e-01 6.864120895971673519e+01
7.170078600500062738e-01 -1.571270039234704333e-02 -6.968879612812263202e-01 -3.737032547379889280e+01 -1.990531677850647038e-02 9.988766881686725885e-01 -4.300163055500526993e-02 -4.778749985450279958e+00 6.967808225469599437e-01 4.470428253831973398e-02 7.158896713282334456e-01 6.943564966313196862e+01
7.115561798077468803e-01 -1.562094811076183108e-02 -7.024555357657529253e-01 -3.817883209310141268e+01 -1.986153368815114090e-02 9.989061557400061853e-01 -4.233215725431273974e-02 -4.835763383086069567e+00 7.023484393594098263e-01 4.407355218348432691e-02 7.104675931549450096e-01 7.024246245419715251e+01
7.068382341478496311e-01 -1.510875764021812201e-02 -7.072138480282424977e-01 -3.899558749000154023e+01 -2.082755023095020711e-02 9.988939040147495341e-01 -4.215663304074966644e-02 -4.894351080306668322e+00 7.070685481804352968e-01 4.452745179645995616e-02 7.057417257900711061e-01 7.105465042320977886e+01
7.022260057203322248e-01 -1.544199969394749287e-02 -7.117866057162016702e-01 -3.981377042315370574e+01 -2.133538595617616787e-02 9.988593034483548294e-01 -4.271876938055301637e-02 -4.965122163824876367e+00 7.116343486902956261e-01 4.518447254180451428e-02 7.010955189039269619e-01 7.183211925275338672e+01
6.967745784327622482e-01 -1.794583424279712347e-02 -7.170656345804924392e-01 -4.064101264646573242e+01 -2.065456133174055006e-02 9.987704625793939472e-01 -4.506608712645343573e-02 -5.032340052120867213e+00 7.169927364481626375e-01 4.621157979330851873e-02 6.955472056781500934e-01 7.263450419551618609e+01
6.917895018560360487e-01 -1.985595412958052891e-02 -7.218261677881344651e-01 -4.147408202776443176e+01 -2.097305908806599770e-02 9.986476475848908851e-01 -4.757107102622648576e-02 -5.101524899128667911e+00 7.217945858812272464e-01 4.804807021645937648e-02 6.904375195568168699e-01 7.341914744856165953e+01
6.868446644999757211e-01 -2.063990517532516764e-02 -7.265111088909891324e-01 -4.232384258767947216e+01 -2.146424012826680938e-02 9.985846593704358343e-01 -4.866173547132235377e-02 -5.165314142828026256e+00 7.264872343369992436e-01 4.901706209664645486e-02 6.854295264691421252e-01 7.420862036979779930e+01
6.818773561302609032e-01 -2.041737284910232278e-02 -7.311815042414743226e-01 -4.319087628475594443e+01 -2.091102450442569594e-02 9.986576853413848820e-01 -4.738730416124085909e-02 -5.234355814101078863e+00 7.311675654605126473e-01 4.760208383678493638e-02 6.805351149925745746e-01 7.498985291444279255e+01
6.767573257571775081e-01 -2.069539080914719470e-02 -7.359152211877647565e-01 -4.406054898361001193e+01 -1.979193957637045281e-02 9.987320810798873127e-01 -4.628724857588890906e-02 -5.307344467487523865e+00 7.359400857512859995e-01 4.589042394334379854e-02 6.754896514388806228e-01 7.576611344381383617e+01
6.718021871830875957e-01 -2.103150235996273376e-02 -7.404319597589844593e-01 -4.490943262263156299e+01 -1.997341821163431050e-02 9.987190466732290828e-01 -4.649008935701776091e-02 -5.379598969349347115e+00 7.404612701763513272e-01 4.602110068907103863e-02 6.705215699742992363e-01 7.651931749938268013e+01
6.671538508407658385e-01 -2.197165583822537419e-02 -7.445958470005343832e-01 -4.579773581915324598e+01 -1.922888506509307441e-02 9.987238898470865989e-01 -4.669948455208661892e-02 -5.442541335988662077e+00 7.446717385316951043e-01 4.547348869250583681e-02 6.658799996293354173e-01 7.730735601931776557e+01
6.626057454295715132e-01 -2.290062832069926502e-02 -7.486181783566872028e-01 -4.668356305981212273e+01 -1.787918375654543035e-02 9.987639590482558782e-01 -4.637767697112189086e-02 -5.517629495044873877e+00 7.487549464947773625e-01 4.411479695932001704e-02 6.613772940933274613e-01 7.807619257670950219e+01
6.587194068288011461e-01 -2.391560351608734702e-02 -7.520084949711588473e-01 -4.757508062517972292e+01 -1.655016087136171321e-02 9.987922787569276650e-01 -4.626095648188544018e-02 -5.584891185296702254e+00 7.522066500124107158e-01 4.291885113266764168e-02 6.575280513692192130e-01 7.886513117286942531e+01
6.545672094825446541e-01 -2.603778097527480184e-02 -7.555552869744501798e-01 -4.848496208518721318e+01 -1.440104933347889637e-02 9.987959400268563437e-01 -4.689648156158808534e-02 -5.658721753402335963e+00 7.558666464582821654e-01 4.157768776960369533e-02 6.534041009894456797e-01 7.962810456043081331e+01
6.503615153348863975e-01 -3.064627373854507744e-02 -7.590063864246802128e-01 -4.938577044214087408e+01 -1.128017762196907234e-02 9.986860504126100491e-01 -4.998930199841465638e-02 -5.742359430295716827e+00 7.595410892408088754e-01 4.107284478632809710e-02 6.491612787355970360e-01 8.041653994012622775e+01
6.456432186317913047e-01 -3.491476992262147749e-02 -7.628406008692757423e-01 -5.030788728974944490e+01 -7.454172613395865579e-03 9.986184752987709023e-01 -5.201515263307714826e-02 -5.810274024874520826e+00 7.636028280065371154e-01 3.926957579520655439e-02 6.444909869174924033e-01 8.117509811589529534e+01
6.390492145681986313e-01 -3.846971804021594860e-02 -7.682032096218907036e-01 -5.123256001300102724e+01 -2.277474347967677060e-03 9.986494575102289328e-01 -5.190447105677326034e-02 -5.886472108230230482e+00 7.691624821978636506e-01 3.491907423956921996e-02 6.380985387251799645e-01 8.193877067907153844e+01
6.309290433009736576e-01 -4.227200347031564304e-02 -7.746880720600318737e-01 -5.215998195307481211e+01 2.728732220961083404e-03 9.986292962767794323e-01 -5.226932770661956579e-02 -5.968713946236947621e+00 7.758357468422618641e-01 3.086432025477862245e-02 6.301795765700948238e-01 8.270131201473338933e+01
6.217709044244025263e-01 -4.304710350927822005e-02 -7.820152671440626646e-01 -5.309265644958283303e+01 4.843085077689582643e-03 9.986806178969196424e-01 -5.112306662919028494e-02 -6.054136218641911427e+00 7.831842036720947364e-01 2.799946850679985860e-02 6.211590328962065533e-01 8.344306047455452813e+01
6.127252894834258612e-01 -4.225510160586777586e-02 -7.891655178602673404e-01 -5.405117402822034478e+01 6.690860005000554521e-03 9.988111674159331210e-01 -4.828544515563779754e-02 -6.117552456887633383e+00 7.902676522308665907e-01 2.430551692258539273e-02 6.122795857649039331e-01 8.417614782427706643e+01
6.038240106061693035e-01 -4.218486682879844796e-02 -7.960006216114043909e-01 -5.504430132272079845e+01 6.492245228983855102e-03 9.988258059891887974e-01 -4.800895769277077618e-02 -6.203833277450413242e+00 7.970912277156670944e-01 2.382112969380621725e-02 6.033888796807620469e-01 8.493295492127106172e+01
5.945277552940615440e-01 -4.256860287342128374e-02 -8.029474767539923619e-01 -5.602419601350538869e+01 3.826544305992856353e-03 9.987361171134682136e-01 -5.011512657885047739e-02 -6.274298763113884014e+00 8.040659899982222081e-01 2.672231919014267376e-02 5.939392336037908615e-01 8.563499687844819164e+01
5.845277152004583199e-01 -4.507508330007285735e-02 -8.101207163280684798e-01 -5.702188067225083046e+01 5.088937456755758190e-03 9.986397133186720732e-01 -5.189244333188316322e-02 -6.358502823172950791e+00 8.113577901376849422e-01 2.620991724460797548e-02 5.839619753446738670e-01 8.636753332826938845e+01
5.746945755247144794e-01 -4.582761207982274931e-02 -8.170838161645476161e-01 -5.803097153850880119e+01 4.106731330857452296e-03 9.985797620034801980e-01 -5.311867517474602729e-02 -6.428120433301504733e+00 8.183576788672339841e-01 2.717147034359912797e-02 5.740665752823786994e-01 8.707101999778043933e+01
5.647758011612362683e-01 -4.745111159790395966e-02 -8.238790409080046784e-01 -5.905375707789552564e+01 8.075815388894411542e-03 9.986155250514444637e-01 -5.197897943534838389e-02 -6.510720151019993907e+00 8.252048756370733429e-01 2.270297424114179827e-02 5.643770907802815318e-01 8.775652390585966600e+01
5.544059683899382751e-01 -4.737077588905828918e-02 -8.308971171128425315e-01 -6.008628025361078784e+01 9.362618019597255745e-03 9.986706139156938944e-01 -5.068871920705211864e-02 -6.592688886837868800e+00 8.321937123968600192e-01 2.032275563415828629e-02 5.541124644507072761e-01 8.843767804786298825e+01
5.438592338453154262e-01 -4.820771148115861326e-02 -8.377906287032595989e-01 -6.113189536743986707e+01 1.052227234123276518e-02 9.986618520178902614e-01 -5.063385307043247185e-02 -6.677766669671123978e+00 8.391104975567826862e-01 1.872222685479137116e-02 5.436387255482786340e-01 8.910753192046506399e+01
5.334768744224368531e-01 -4.872653948072680485e-02 -8.444099335324282141e-01 -6.219178060016460563e+01 8.976453226066034505e-03 9.986091621196794277e-01 -5.195348484590817800e-02 -6.757934617023950707e+00 8.457670243673393040e-01 2.013617592468348177e-02 5.331722872588984252e-01 8.977182043206894946e+01
5.232434841685573712e-01 -4.953406412385291668e-02 -8.507423932241077180e-01 -6.326313169926766022e+01 8.295251750082360820e-03 9.985580072595793277e-01 -5.303861712077347773e-02 -6.829620365417899741e+00 8.521428618668738242e-01 2.069498797808753260e-02 5.228998695829427668e-01 9.041300813809169767e+01
5.137051020066806251e-01 -5.007006424384449067e-02 -8.565045496300833783e-01 -6.431478235981951741e+01 6.362576885294188647e-03 9.984905343023808832e-01 -5.455428943831243382e-02 -6.919330619324624010e+00 8.579432370041885081e-01 2.257524027107694203e-02 5.132482576055906742e-01 9.103755897496692739e+01
