1 0 0 0 0 1 0 0 0 0 1 0
0.99993851 -0.0024755551 0.010810013 0.004859769 0.0024627433 0.99999625 0.0011983457 -0.0092791401 -0.01081294 -0.0011716498 0.99994085 0.30361079
0.9998344 -0.00422725 0.017700398 0.015718361 0.0042047962 0.99999031 0.0013055873 -0.013175518 -0.017705747 -0.0012309445 0.99984248 0.59576304
0.99979138 -0.0066700206 0.019305725 0.027569619 0.0066707148 0.99997775 2.8464208e-05 -0.0167005 -0.019305487 0.00010032474 0.99981363 0.88638961
0.99980779 -0.0080957176 0.01785629 0.02163812 0.0081215775 0.99996607 -0.0013761537 -0.023799651 -0.017844544 0.0015209105 0.99983962 1.2042343
0.99988336 -0.010753645 0.010845206 0.02397238 0.01078542 0.9999377 -0.0028755287 -0.024068906 -0.010813609 0.0029921635 0.99993705 1.5227506
0.99992539 -0.01216648 -0.0010940542 0.013784973 0.012161377 0.99991567 -0.0045564553 -0.03420074 0.001149398 0.0045428102 0.99998902 1.8436636
0.99978906 -0.011433787 -0.017061637 -0.0066680666 0.011354728 0.99992438 -0.0047234616 -0.041027375 0.017114355 0.0045287351 0.99984328 2.1629658
0.99933977 -0.007596856 -0.035529108 -0.046441526 0.0074102038 0.99995806 -0.0053822498 -0.04423443 0.035568509 0.0051154184 0.99935415 2.5189673
0.99844581 -0.003822604 -0.055599919 -0.086732533 0.0034829117 0.99997468 -0.0062052031 -0.051463499 0.055622236 0.0060019095 0.99843385 2.857332
0.9971672 -0.0033263157 -0.075143214 -0.12894849 0.0028387859 0.99997423 -0.0065938891 -0.05623751 0.075163218 0.0063618945 0.99715095 3.212334
0.995331 -0.0042205139 -0.096428134 -0.18628618 0.0036632699 0.99997556 -0.0059551593 -0.062352025 0.096450919 0.0055741124 0.99532213 3.6076053
0.99323899 -0.0054245383 -0.1159607 -0.24360948 0.0048636381 0.99997507 -0.0051193932 -0.070445644 0.11598559 0.00452079 0.99324061 3.9857853
0.9911612 -0.0044328474 -0.13258889 -0.31351064 0.0038734841 0.99998248 -0.004476414 -0.077199703 0.13260642 0.0039232669 0.99116101 4.3902973
0.98884817 -0.0034668965 -0.14888677 -0.39532503 0.0029054649 0.99998783 -0.003988204 -0.08635476 0.1488988 0.0035111429 0.98884621 4.8001732
0.98667288 -0.0025742347 -0.16269605 -0.47275775 0.001955138 0.99999023 -0.0039652346 -0.091114828 0.16270468 0.0035942962 0.98666827 5.2017213
0.98459089 -0.0041989422 -0.17482321 -0.57273703 0.0033718722 0.99998168 -0.0050276552 -0.1006041 0.17484113 0.004360702 0.984587 5.6591452
0.98277787 -0.007109711 -0.18465402 -0.65076666 0.0059671209 0.99995946 -0.0067427114 -0.114998 0.18469449 0.0055247347 0.98278046 6.0909504
0.98141097 -0.0065339371 -0.19180669 -0.75095627 0.0049282194 0.99994872 -0.0088474169 -0.12141689 0.19185468 0.0077376865 0.98139284 6.5540348
0.97977566 -0.0062149742 -0.20000255 -0.8637652 0.004156931 0.99993402 -0.010708386 -0.12540678 0.20005592 0.0096604192 0.97973686 7.0276767
0.97813283 -0.0070517433 -0.20786157 -0.96993536 0.0043925977 0.99990254 -0.013251667 -0.13625443 0.20793477 0.012048838 0.97806848 7.4875224
0.97627735 -0.011054955 -0.21624134 -1.0852005 0.0079511592 0.99985258 -0.01521813 -0.14497443 0.21637772 0.013137746 0.97622133 7.9903682
0.97448276 -0.016136183 -0.22388161 -1.2083111 0.012842175 0.99978692 -0.016161524 -0.16278308 0.22409471 0.012873999 0.97448234 8.5172671
0.97266816 -0.016943776 -0.23158057 -1.3340571 0.013073415 0.99974821 -0.018237352 -0.18458632 0.23183129 0.014711343 0.97264476 9.0333978
0.97053518 -0.013561929 -0.2405775 -1.4868549 0.008321941 0.99970578 -0.022783523 -0.19366734 0.24081573 0.020110139 0.97036249 9.5642845
0.96841828 -0.010903371 -0.24909264 -1.6424307 0.0045759004 0.99965233 -0.025967027 -0.20980072 0.24928918 0.024007121 0.96813148 10.104486
0.96590912 -0.013393459 -0.25853467 -1.8042617 0.0064063332 0.9995916 -0.02784947 -0.23029844 0.25880211 0.025243798 0.96560045 10.659166
0.96358222 -0.015225303 -0.26697844 -1.9652481 0.0075761248 0.9995314 -0.029657636 -0.26165117 0.2673049 0.026554909 0.96324604 11.225336
0.9615553 -0.015137457 -0.27419382 -2.1412395 0.0065236539 0.99945694 -0.032299718 -0.28422875 0.27453387 0.02926922 0.96113187 11.802231
0.95903802 -0.014283031 -0.28291707 -2.3315194 0.0043779667 0.99935611 -0.035611841 -0.30607596 0.28324357 0.032914509 0.95848303 12.389714
0.95679256 -0.015379941 -0.29036433 -2.5204913 0.003620174 0.99915284 -0.040993866 -0.33987517 0.29074886 0.038171457 0.95603768 12.956071
0.95496254 -0.016133399 -0.29628745 -2.7241075 0.0019817591 0.99884529 -0.048001573 -0.37716809 0.29671978 0.045252535 0.95389181 13.578176
0.95358759 -0.016532234 -0.30066159 -2.9318861 -0.0003466485 0.99843075 -0.055999337 -0.41163993 0.3011156 0.053504497 0.95208543 14.197081
0.95247318 -0.016823277 -0.30415755 -3.1324404 -0.0030654408 0.99789395 -0.064794039 -0.45915295 0.30460705 0.062646962 0.95041565 14.813526
0.9510874 -0.016261861 -0.30849361 -3.3614209 -0.0068998376 0.99724617 -0.073840835 -0.50690048 0.30884489 0.072357645 0.94835606 15.463645
0.94977497 -0.015516104 -0.3125488 -3.582223 -0.010286583 0.99668228 -0.080737997 -0.56355249 0.31276461 0.079897989 0.94646427 16.101203
0.94827284 -0.014354139 -0.31713179 -3.8200067 -0.014195655 0.99606062 -0.087531261 -0.63016116 0.31713895 0.087505413 0.94433347 16.792566
0.94644715 -0.01274563 -0.32260708 -4.0746708 -0.01839755 0.99546778 -0.093302884 -0.69878674 0.32233419 0.09424143 0.94192316 17.438009
0.94494008 -0.010367366 -0.32707913 -4.3133467 -0.023131033 0.99488196 -0.098360736 -0.77044221 0.3264249 0.10051068 0.93986403 18.104218
0.94316852 -0.0086597116 -0.33220195 -4.5816316 -0.026786874 0.99442635 -0.10197405 -0.84836393 0.33123347 0.10507737 0.93767966 18.800762
0.94157948 -0.007719829 -0.33670236 -4.8402609 -0.028716984 0.99425612 -0.10310236 -0.92711892 0.33556435 0.10674814 0.93594947 19.511847
0.93921186 -0.0064180583 -0.34327814 -5.1318204 -0.030626057 0.99427354 -0.10238246 -1.0163687 0.34196949 0.10667208 0.93363694 20.225734
0.93719423 -0.0071165728 -0.34873532 -5.4037211 -0.030008467 0.99444001 -0.10093834 -1.1006349 0.34751472 0.10506385 0.93176989 20.956874
0.93439992 -0.006821467 -0.35616042 -5.6902294 -0.030462761 0.99462403 -0.098969993 -1.1855958 0.35492086 0.10332719 0.92916881 21.674562
0.93205917 -0.0062071118 -0.3622529 -5.9537947 -0.030505175 0.99495838 -0.09553669 -1.2671195 0.3610196 0.10009644 0.92717073 22.354865
0.92820126 -0.0039156727 -0.3720579 -6.312583 -0.032040335 0.99538916 -0.090409301 -1.3522939 0.37069645 0.095838888 0.92379601 23.202955
0.92482612 -0.0014787494 -0.38038723 -6.6147183 -0.033242072 0.99585252 -0.084691986 -1.4316126 0.37893485 0.090970222 0.92094126 23.90493
0.92172176 0.00031045138 -0.38785162 -6.9554842 -0.034490752 0.99610338 -0.081169268 -1.5064459 0.38631515 0.088192776 0.91814087 24.666446
0.91795063 0.0015083666 -0.39669175 -7.2956854 -0.035809712 0.99622519 -0.079076191 -1.5810194 0.39507507 0.086793458 0.91453955 25.381573
0.91360318 0.0035027186 -0.40659186 -7.6424214 -0.038744087 0.9961629 -0.078475354 -1.6629864 0.40475688 0.087448365 0.9102333 26.172239
0.90923478 0.0032423122 -0.41627105 -8.0112321 -0.039025273 0.99622976 -0.077480875 -1.7304999 0.41445042 0.086693399 0.90593328 26.903006
0.90551941 0.0043780038 -0.42428223 -8.419534 -0.040311137 0.99631144 -0.075753017 -1.8067951 0.42238563 0.085699127 0.90235584 27.689222
0.90189805 0.0052957699 -0.43191648 -8.7888083 -0.040952225 0.99646909 -0.073295785 -1.8822997 0.4300033 0.083793268 0.8989304 28.493446
0.89787337 0.005393724 -0.44022075 -9.1883488 -0.039918176 0.99680357 -0.069203873 -1.9562149 0.43844039 0.079709124 0.89521869 29.255495
0.89438597 0.0055597285 -0.44726146 -9.5797798 -0.038123658 0.99723172 -0.063839447 -2.0170074 0.44566843 0.07414835 0.89212202 30.070377
0.89086178 0.0056649597 -0.45423912 -10.007 -0.036591635 0.99756795 -0.05932317 -2.0853743 0.45279836 0.069470098 0.88890245 30.845394
0.88715231 0.0052770381 -0.46144654 -10.463479 -0.035815736 0.99770586 -0.057447779 -2.1529477 0.4600848 0.067491978 0.88530606 31.686034
0.88385867 0.0042759637 -0.46773449 -10.888946 -0.034573243 0.9978202 -0.056209699 -2.2119199 0.46647461 0.065852529 0.88207987 32.499147
0.88133629 0.0056071477 -0.47245623 -11.344337 -0.03547427 0.99789259 -0.054331865 -2.2686808 0.47115596 0.064644685 0.87967786 33.315268
0.87817143 0.003823606 -0.47833075 -11.811754 -0.033321145 0.99802796 -0.053196684 -2.3316372 0.4771841 0.062654337 0.87656705 34.161415
0.8753876 0.0036926363 -0.48340758 -12.298791 -0.033439562 0.99803813 -0.05293087 -2.3941646 0.48226379 0.062499966 0.87379369 35.007013
0.87418065 0.00055043936 -0.48560052 -12.783336 -0.03035022 0.99810623 -0.053505249 -2.4551952 0.48465149 0.061511337 0.87254187 35.844046
0.87242483 0.00071059659 -0.48874777 -13.27655 -0.03106819 0.99805716 -0.054006266 -2.512897 0.48775987 0.062300917 0.87075193 36.716762
0.87218882 0.0014435049 -0.48916722 -13.777941 -0.031437498 0.9980938 -0.053107972 -2.5742828 0.48815814 0.061698373 0.87057163 37.578648
0.8723125 0.00076259791 -0.48894816 -14.292336 -0.029796847 0.99822309 -0.051602438 -2.6359606 0.48804003 0.059582566 0.8707852 38.471978
0.87186846 0.00081678122 -0.48973941 -14.805699 -0.029614003 0.99825663 -0.051056042 -2.7034873 0.48884395 0.059017298 0.87037266 39.375655
0.87109254 -0.0011262421 -0.49111761 -15.308159 -0.027870004 0.99827255 -0.051722126 -2.7654798 0.49032752 0.058742208 0.86955638 40.263499
0.86995464 -0.003000191 -0.49312261 -15.841349 -0.026264229 0.9982803 -0.052408301 -2.8309589 0.49243186 0.05854433 0.86837978 41.184501
0.86849986 -0.0041229752 -0.49567225 -16.358405 -0.024126053 0.99842868 -0.050577712 -2.8933662 0.49510196 0.055885351 0.8670357 42.090138
0.86606616 -0.0034015097 -0.4999178 -16.881053 -0.023358457 0.99860941 -0.047261265 -2.955888 0.49938342 0.052608691 0.86478237 43.010475
0.86381145 -0.00341289 -0.50380363 -17.457297 -0.02099432 0.99886464 -0.042762986 -3.0248819 0.50337762 0.047516172 0.86275906 43.947881
0.85996242 -0.0051590598 -0.51033126 -17.982697 -0.018213535 0.99900169 -0.040790885 -3.0841644 0.51003227 0.044373565 0.85900995 44.856127
0.85485164 -0.0087134153 -0.51879931 -18.533791 -0.015744299 0.998963 -0.042720601 -3.1434827 0.5186336 0.044687908 0.85382797 45.7525
0.84955568 -0.011370466 -0.52737637 -19.10682 -0.015319845 0.99881409 -0.046213753 -3.2098547 0.52727646 0.047340481 0.84837399 46.63419
0.84337212 -0.010490431 -0.53722751 -19.68151 -0.016760669 0.99880929 -0.045815634 -3.2730487 0.5370685 0.047643921 0.84219208 47.533187
0.83837804 -0.0065953528 -0.54504929 -20.305057 -0.018672756 0.99899242 -0.040810134 -3.3322912 0.54476932 0.044391893 0.83741016 48.444407
0.83356326 -0.0045174214 -0.55240553 -20.911872 -0.018837792 0.99915256 -0.036596453 -3.3925728 0.55210276 0.040911559 0.83277176 49.321888
0.82875864 -0.0042344781 -0.55959018 -21.507971 -0.02016651 0.99909585 -0.037427064 -3.4475056 0.55924276 0.042302984 0.82792392 50.203158
0.82625676 -0.0062278255 -0.56325922 -22.121211 -0.021002128 0.99890301 -0.041853096 -3.5065852 0.56290203 0.046411047 0.82521957 51.083812
0.82329501 -0.0075726394 -0.56756317 -22.707691 -0.024348178 0.99851949 -0.048641563 -3.5752194 0.56709128 0.053865486 0.82189173 51.929229
0.8208151 -0.0099688574 -0.57110697 -23.33064 -0.023177117 0.99844297 -0.050739113 -3.6324056 0.5707236 0.054884044 0.81930601 52.789223
0.81791794 -0.0072371703 -0.57528935 -23.968694 -0.024286834 0.99859525 -0.047092197 -3.701502 0.57482208 0.05248951 0.8165932 53.635786
0.81480242 -0.0055984539 -0.5797117 -24.608667 -0.022590067 0.99888735 -0.041397586 -3.7671193 0.57929849 0.04682658 0.81376935 54.552977
0.81065221 -0.0049041921 -0.5855074 -25.246374 -0.02161964 0.99903235 -0.03830089 -3.8265092 0.58512872 0.043707161 0.80976175 55.415818
0.8083977 -0.0032848146 -0.58862751 -25.864739 -0.024166394 0.99895613 -0.038763804 -3.8801897 0.58814044 0.045561575 0.80747445 56.236984
0.80479078 -0.0042393558 -0.59354343 -26.535762 -0.024649478 0.99887314 -0.040556846 -3.9426384 0.59304657 0.047270311 0.80377939 57.116159
0.80088907 -0.0065515963 -0.59877687 -27.185801 -0.024190986 0.99876986 -0.043284624 -4.0062411 0.59832393 0.049151186 0.79974538 58.001002
0.79615628 -0.0072546409 -0.60504753 -27.846633 -0.024087546 0.99875554 -0.043671052 -4.0646991 0.60461144 0.049343093 0.79499075 58.810539
0.79180886 -0.0082528925 -0.61071318 -28.512027 -0.0223811 0.99884508 -0.042515724 -4.1246756 0.61035878 0.04733276 0.79070968 59.676164
0.78889766 -0.0076986959 -0.61447634 -29.170436 -0.022950034 0.99885487 -0.041979006 -4.1879134 0.61409592 0.047219393 0.78781759 60.522931
0.78343615 -0.0087872259 -0.62141013 -29.86085 -0.022787789 0.99882145 -0.042853575 -4.2546373 0.62105439 0.047733603 0.78231259 61.364788
0.77812054 -0.010930956 -0.62801983 -30.54746 -0.021357656 0.99880994 -0.043846985 -4.3110381 0.62775179 0.047531272 0.77696107 62.197661
0.7715605 -0.013240693 -0.63601812 -31.238354 -0.019725236 0.99880471 -0.044722118 -4.367346 0.6358501 0.047051428 0.77037708 63.00074
0.76697399 -0.012179486 -0.64156256 -31.970331 -0.022266825 0.99871254 -0.045579155 -4.443461 0.64129176 0.049243588 0.76571534 63.875113
0.7615518 -0.014126916 -0.64795004 -32.622855 -0.021568276 0.99865622 -0.047122909 -4.5058046 0.64774509 0.049861702 0.76022375 64.656548
0.75573003 -0.017305239 -0.65465458 -33.420431 -0.017632255 0.99875072 -0.046755715 -4.5678493 0.65464591 0.046877735 0.75448078 65.511712
0.74890296 -0.017440381 -0.66245011 -34.124426 -0.016937596 0.99882328 -0.045444137 -4.6369517 0.66246322 0.045253561 0.74772631 66.343599
0.74320342 -0.016975006 -0.66885012 -34.883414 -0.017225228 0.99886129 -0.044490571 -4.7037844 0.66884378 0.04458664 0.74206473 67.138154
0.7361218 -0.018093132 -0.67660719 -35.667157 -0.017083012 0.99882757 -0.045295255 -4.7752762 0.67663351 0.044901314 0.73494966 67.991531
0.72897107 -0.020144144 -0.68424802 -36.441305 -0.016346725 0.99876964 -0.046818765 -4.8396146 0.68434933 0.04531474 0.72774488 68.765226
0.7268475 -0.017559816 -0.68657434 -37.186999 -0.020267813 0.99868929 -0.046999146 -4.9093289 0.6864998 0.048076572 0.72553891 69.565658
0.72033148 -0.019724185 -0.69334946 -37.989142 -0.016762753 0.99880865 -0.045828872 -4.9679012 0.69342744 0.044634425 0.71914268 70.39542
0.71573305 -0.017410201 -0.69815689 -38.776047 -0.020540835 0.9987319 -0.045963703 -5.0393379 0.69807185 0.047238467 0.71446781 71.185064
0.71021443 -0.018473617 -0.70374295 -39.583856 -0.020286607 0.99870343 -0.046689639 -5.1099121 0.70369308 0.047436213 0.70891882 71.993127
0.70473751 -0.020111168 -0.70918301 -40.409904 -0.021302515 0.99854761 -0.049486012 -5.1883297 0.70914828 0.049982031 0.70328554 72.817988
0.70155932 -0.022085602 -0.7122687 -41.244162 -0.021427652 0.99841386 -0.052063692 -5.2583178 0.71228886 0.051788015 0.69997331 73.588238
0.69614599 -0.021657648 -0.71757346 -42.061784 -0.023373872 0.99833113 -0.052807317 -5.3333487 0.71751967 0.053534072 0.69447799 74.392737
0.69021418 -0.022337803 -0.72326024 -42.904598 -0.021459299 0.99845189 -0.051315877 -5.4019875 0.72328689 0.050939604 0.6886663 75.201222
0.68639864 -0.02319559 -0.72685543 -43.753615 -0.019494059 0.99854515 -0.050274838 -5.4763352 0.72696419 0.048677944 0.68494786 75.965227
0.68111747 -0.024318512 -0.73177015 -44.624302 -0.018717557 0.99854328 -0.050605973 -5.5544095 0.73193489 0.048165563 0.67967009 76.748058
0.67745286 -0.023843287 -0.73517962 -45.476467 -0.020296369 0.99848802 -0.051085568 -5.6290231 0.73528615 0.049529541 0.67594464 77.53023
0.67239635 -0.026122956 -0.73973015 -46.387894 -0.016961862 0.99857081 -0.050681608 -5.7037311 0.73999695 0.046625329 0.67099227 78.335383
0.66838912 -0.027168343 -0.74331542 -47.248895 -0.015745646 0.99859197 -0.05065724 -5.7739396 0.74364514 0.04556273 0.66702023 79.107484
0.66552526 -0.029129619 -0.74580664 -48.144004 -0.014062963 0.99857133 -0.051551241 -5.8573836 0.74624286 0.044796904 0.6641648 79.877516
0.66046966 -0.03431268 -0.75006828 -49.049628 -0.010034837 0.9984627 -0.054511885 -5.9341078 0.75078571 0.043530259 0.65910999 80.666359
0.65568388 -0.036724712 -0.75414183 -49.919797 -0.0088172037 0.99837585 -0.056284324 -6.0174081 0.75498408 0.043554146 0.65429514 81.452584
0.64938336 -0.042465886 -0.75927455 -50.845063 -0.00061812712 0.9984098 -0.056369277 -6.0934578 0.76046099 0.037074599 0.64832446 82.223044
0.64135668 -0.045658219 -0.76588308 -51.751481 0.0036377314 0.99839748 -0.056473329 -6.1813752 0.76723427 0.03343347 0.64049499 82.981198
0.63248908 -0.046487406 -0.77317297 -52.683627 0.0053822418 0.99843702 -0.05562861 -6.2666242 0.77455061 0.031023085 0.63175072 83.764938
0.62517867 -0.045427464 -0.77915847 -53.622754 0.0064131396 0.99856998 -0.053074112 -6.3453773 0.78045535 0.02818395 0.62457599 84.549891
0.61608606 -0.046327591 -0.78631525 -54.627251 0.0079900054 0.99858508 -0.05257371 -6.4282869 0.78763836 0.026107267 0.61558451 85.271226
0.60745277 -0.046322786 -0.79300396 -55.602901 0.0046884899 0.99848993 -0.054734656 -6.509132 0.794342 0.029530727 0.60675266 85.999946
0.59839658 -0.04833228 -0.79974088 -56.595769 0.0050828537 0.99838772 -0.056534302 -6.5963567 0.80118397 0.029764967 0.59767746 86.716468
0.58709632 -0.049536967 -0.80799996 -57.575655 0.0044600996 0.99830873 -0.057963713 -6.6797146 0.80950483 0.030426523 0.58632433 87.449881
0.57661711 -0.051759874 -0.81537327 -58.590123 0.0090307415 0.99833403 -0.056987843 -6.7633626 0.81696463 0.02549674 0.57612392 88.145193
0.56660988 -0.052247375 -0.82232803 -59.602986 0.0114124 0.99838956 -0.055570105 -6.8457144 0.82390719 0.022101834 0.56629366 88.824079
0.55726134 -0.051800638 -0.82871976 -60.624541 0.0098997019 0.9983957 -0.055749622 -6.9368465 0.83027818 0.02286303 0.55688014 89.530386
0.54765124 -0.052792377 -0.83503953 -61.65821 0.0093867207 0.99833234 -0.056959804 -7.0205459 0.83665409 0.023355824 0.5472335 90.167845
0.5379691 -0.053644116 -0.8412559 -62.746173 0.0083544006 0.99826336 -0.058313464 -7.1113034 0.84292319 0.024342653 0.53748301 90.850794
0.52737992 -0.053363405 -0.84795206 -63.791949 0.0054252695 0.9982168 -0.059445659 -7.2008256 0.84961229 0.026750078 0.52672901 91.473054
0.51793017 -0.053673862 -0.85373731 -64.860446 0.0050089556 0.99820275 -0.059717558 -7.2909569 0.85540827 0.026653193 0.51726817 92.112667
0.50923085 -0.051973945 -0.85905913 -65.921409 0.0047779565 0.99833017 -0.057567718 -7.3771796 0.86061674 0.025210711 0.50862886 92.732246
0.50261143 -0.05060365 -0.8630301 -67.045544 0.0055457181 0.99845358 -0.055314471 -7.4689152 0.86449468 0.023015564 0.50211482 93.339043
0.49439788 -0.050982932 -0.86773925 -68.146522 0.0061714658 0.99845917 -0.055147 -7.5543776 0.86921385 0.021909336 0.49395074 93.988283
0.48732119 -0.053289629 -0.87159521 -69.242918 0.0064432747 0.99832842 -0.057435615 -7.6487745 0.87319906 0.022373665 0.48684996 94.598971
0.47966582 -0.05726668 -0.87558047 -70.345278 0.0088656417 0.99813335 -0.060425328 -7.7431192 0.8774065 0.021221382 0.47927816 95.205642
0.47400404 -0.059935524 -0.87848041 -71.503747 0.010015512 0.99798313 -0.062684663 -7.8393407 0.88046574 0.020914352 0.47364832 95.789903
0.46683008 -0.063146829 -0.88208961 -72.612435 0.011813402 0.99780369 -0.065178511 -7.9373272 0.88426816 0.02000681 0.46655076 96.379773
0.46279136 -0.064650599 -0.88410655 -73.756707 0.014718147 0.99775993 -0.065257232 -8.0381538 0.88634508 0.017188073 0.46270621 96.938306
0.45781503 -0.062153607 -0.88687218 -74.825656 0.015719847 0.99796325 -0.06182428 -8.1365913 0.88890852 0.01436259 0.45785962 97.54773
0.45139145 -0.061278211 -0.89021945 -76.024903 0.02086443 0.99809131 -0.058124123 -8.2397932 0.89208211 0.0076628107 0.45180842 98.156787
0.44879371 -0.060180529 -0.89160666 -77.140274 0.021717071 0.99816967 -0.05644181 -8.3352734 0.8933715 0.0059676438 0.44927922 98.716646
0.44470498 -0.060529269 -0.89362947 -78.2671 0.022756664 0.99815539 -0.056284642 -8.4335217 0.89538801 0.0046940344 0.44526211 99.27851
0.44528845 -0.060172521 -0.89336297 -79.380553 0.026145766 0.99818769 -0.054200884 -8.524454 0.8950054 0.00077736832 0.44605471 99.790428
0.44128606 -0.059663868 -0.89538079 -80.50355 0.028042474 0.9982168 -0.052695706 -8.6101027 0.89692826 -0.0018548122 0.44217229 100.33635
0.43873106 -0.060252729 -0.89659612 -81.587052 0.030315235 0.99817407 -0.052244792 -8.7003809 0.89810696 -0.0042591101 0.43975654 100.86
0.4371938 -0.05973488 -0.89738133 -82.696085 0.030817713 0.99820089 -0.051431979 -8.7906613 0.8988392 -0.005169498 0.43824814 101.45045
0.43331195 -0.059237301 -0.89929507 -83.795169 0.034603367 0.99819531 -0.049078824 -8.8754273 0.90057949 -0.009852197 0.43457977 101.96307
0.43188911 -0.059275802 -0.89997673 -84.820246 0.037497038 0.99815536 -0.047747788 -8.9536108 0.90114696 -0.013124713 0.43331509 102.4557
0.43097717 -0.059688044 -0.90038656 -85.940953 0.038391685 0.99811931 -0.047790418 -9.0419023 0.9015458 -0.013970779 0.43245816 102.99255
0.42928644 -0.06057186 -0.90113491 -86.995518 0.038673429 0.99806623 -0.048663912 -9.1162711 0.90234006 -0.013959221 0.43079882 103.47049
0.42866656 -0.062094744 -0.90132633 -88.027967 0.040144026 0.9979591 -0.049659721 -9.2069803 0.9025705 -0.014895407 0.43028443 103.97847
0.42942854 -0.063300489 -0.90087963 -89.055031 0.040167821 0.99789208 -0.050970016 -9.2884058 0.90220715 -0.014298393 0.43106598 104.44627
0.43186016 -0.062874669 -0.89974636 -90.072398 0.037966529 0.99795032 -0.051514035 -9.3645524 0.90114117 -0.011913388 0.43336212 104.92017
0.43619273 -0.063049039 -0.89764172 -91.121281 0.035790563 0.99796859 -0.052704076 -9.4529812 0.89914126 -0.0091379684 0.43756321 105.40831
0.44004716 -0.062325837 -0.89580909 -92.165601 0.032414963 0.99804076 -0.053515437 -9.5333746 0.89738946 -0.0054883032 0.44120529 105.88182
0.44705989 -0.062811086 -0.892296 -93.113523 0.032390872 0.99801413 -0.054024329 -9.6159656 0.89391742 -0.0047501357 0.44820659 106.38005
0.45334528 -0.061973377 -0.88917787 -94.127782 0.031885001 0.99806903 -0.053306313 -9.6964619 0.89076454 -0.0041852727 0.4544459 106.86006
0.46066713 -0.061184495 -0.88546157 -95.108788 0.031848922 0.99811821 -0.052399346 -9.7777358 0.88700141 -0.0040623408 0.46174891 107.37085
0.4692215 -0.060167587 -0.88102837 -96.094279 0.029995056 0.99818641 -0.052193715 -9.855629 0.88257099 -0.0019360824 0.47017525 107.89876
0.47939889 -0.060900431 -0.87548146 -97.08664 0.031666312 0.99814006 -0.052092898 -9.9380674 0.87702567 -0.0027499921 0.48043572 108.42372
0.49148905 -0.060574404 -0.86877453 -98.04786 0.029044558 0.99816328 -0.053164616 -10.014722 0.87039933 0.00089665409 0.49234568 109.01081
0.50095535 -0.062197089 -0.86323531 -98.954455 0.027861729 0.99805637 -0.055742297 -10.090453 0.86502458 0.0038731733 0.5017146 109.51064
0.51330078 -0.062237053 -0.85594906 -99.909133 0.024341411 0.99802152 -0.057970101 -10.166264 0.85786355 0.0089210891 0.51380016 110.04007
0.52453081 -0.060435723 -0.84924372 -100.84604 0.022499608 0.99811301 -0.057133121 -10.250191 0.85109415 0.010860431 0.5249008 110.59808
0.53618364 -0.0590374 -0.84203422 -101.74966 0.022449159 0.99819563 -0.055691327 -10.330214 0.84380282 0.010957818 0.53654151 111.15747
0.54857822 -0.055859118 -0.83423117 -102.64315 0.020618484 0.99836614 -0.053290985 -10.40537 0.83584501 0.012033691 0.54883365 111.76346
0.56079814 -0.055266066 -0.82610595 -103.54383 0.020227461 0.99838643 -0.053060225 -10.485536 0.82770547 0.013046049 0.56101115 112.37993
0.57196683 -0.054931586 -0.81843534 -104.38973 0.019318414 0.99838052 -0.05350836 -10.562377 0.82004927 0.014794133 0.57210173 112.95822
0.58345282 -0.056772952 -0.81016022 -105.25335 0.02103208 0.99827534 -0.05480868 -10.639461 0.81187469 0.014938924 0.58364061 113.57903
0.59512062 -0.058928826 -0.80147288 -106.06184 0.023571183 0.99815878 -0.05588789 -10.716852 0.80329067 0.014368372 0.5954139 114.2162
0.60574338 -0.058266491 -0.79352374 -106.90457 0.023215583 0.99818472 -0.055572422 -10.798578 0.79532135 0.015240511 0.60599648 114.84774
0.61733794 -0.055709602 -0.78472304 -107.75497 0.0214793 0.99831124 -0.053975139 -10.869972 0.78640483 0.016465599 0.617492 115.46061
0.62532044 -0.054721748 -0.77844706 -108.51808 0.024248117 0.99841919 -0.050706596 -10.943534 0.7799913 0.012831995 0.62565883 116.11337
0.63714838 -0.053872494 -0.76885606 -109.33854 0.024464186 0.99846515 -0.049687443 -11.01612 0.77035284 0.012848836 0.6374884 116.73129
0.64531484 -0.052416097 -0.7621163 -110.08906 0.021116259 0.99848595 -0.050792904 -11.08936 0.76362485 0.016684369 0.64544463 117.40132
0.65530579 -0.050836754 -0.75365105 -110.83059 0.017782187 0.99849444 -0.051890655 -11.158905 0.7551544 0.020602683 0.65522318 118.03713
0.66488637 -0.050800663 -0.74521498 -111.54029 0.018419052 0.99849625 -0.051633014 -11.224419 0.74671742 0.020603934 0.66482225 118.65161
0.67309275 -0.048419805 -0.73797129 -112.26698 0.017220282 0.99861002 -0.04981448 -11.293981 0.73935759 0.020821691 0.67299098 119.33801
0.68184967 -0.047945607 -0.72991931 -113.00003 0.019272491 0.99868071 -0.047596236 -11.36062 0.73123843 0.018386115 0.68187415 119.98522
0.68980232 -0.046504244 -0.72250264 -113.65395 0.018658823 0.99874539 -0.04647042 -11.42872 0.72375732 0.018574354 0.6898046 120.64923
0.69841683 -0.045284232 -0.71425712 -114.35114 0.016947818 0.99876284 -0.046750066 -11.487894 0.71549056 0.020545933 0.69832024 121.30892
0.70535577 -0.044146068 -0.70747743 -115.01473 0.016365468 0.99880699 -0.046008427 -11.55578 0.70866455 0.02087411 0.70523674 121.98402
0.71248695 -0.042127714 -0.70041956 -115.68809 0.016295372 0.99892029 -0.043505336 -11.618636 0.70149615 0.019583386 0.71240416 122.64177
0.71986225 -0.039566699 -0.69298829 -116.33423 0.01549642 0.99904128 -0.040943662 -11.674634 0.69394397 0.018734959 0.71978525 123.32221
0.7272034 -0.038180171 -0.68535936 -116.97717 0.015010753 0.99909766 -0.039730761 -11.734316 0.68625792 0.018604584 0.72712033 123.98322
0.73492875 -0.036593496 -0.67715626 -117.59262 0.013598893 0.9991375 -0.039234249 -11.79149 0.67800799 0.019625802 0.73479251 124.64489
0.74240483 -0.033880371 -0.66909428 -118.19587 0.01109141 0.99920514 -0.03828926 -11.841292 0.66985976 0.021004933 0.7421905 125.30093
0.75128973 -0.031104555 -0.65923912 -118.79369 0.01032964 0.9993206 -0.035378469 -11.897035 0.65989172 0.019769777 0.7511006 125.96231
0.76069289 -0.027896478 -0.6485122 -119.38617 0.0090495017 0.99943476 -0.032376905 -11.941437 0.64904889 0.018760169 0.76051537 126.63434
0.77098448 -0.025221982 -0.63635426 -119.93898 0.006761301 0.99948331 -0.031422893 -11.992946 0.63681807 0.01992398 0.77075665 127.30545
0.78012255 -0.025088563 -0.62512346 -120.48948 0.0064219432 0.99946409 -0.032098005 -12.037098 0.62559379 0.02102587 0.7798656 127.98622
0.78987757 -0.025121841 -0.61274977 -120.99614 0.0055871482 0.99941394 -0.033772278 -12.085242 0.61323914 0.023252441 0.78955501 128.6578
0.79955002 -0.024460512 -0.60010118 -121.50892 0.0053409311 0.99942038 -0.033620985 -12.130265 0.60057579 0.02367656 0.79921723 129.33463
0.80892043 -0.023339785 -0.58745465 -122.00998 0.0054664277 0.99946708 -0.03218196 -12.168929 0.58789275 0.022821366 0.80861692 130.01656
0.81899242 -0.021307247 -0.57340857 -122.49384 0.005328109 0.99954963 -0.02953212 -12.210767 0.57377962 0.021131399 0.8187371 130.70738
0.82789563 -0.019835168 -0.56053132 -122.95629 0.0055724379 0.99961605 -0.027142382 -12.251922 0.56085453 0.019347534 0.82768829 131.39945
0.83704404 -0.018734054 -0.54681466 -123.41866 0.0062419568 0.99967556 -0.02469426 -12.285318 0.54709993 0.01725699 0.83688941 132.10528
0.84523411 -0.018045779 -0.5340914 -123.8737 0.0071342864 0.99972166 -0.022487938 -12.320622 0.5343486 0.015197211 0.84512759 132.81192
0.85221653 -0.018364574 -0.52286682 -124.31155 0.008376535 0.9997346 -0.021460682 -12.353611 0.52312221 0.013909336 0.85214418 133.53238
0.85812833 -0.018238802 -0.51311118 -124.737 0.0087647351 0.99974361 -0.02087824 -12.390788 0.51336046 0.013418925 0.85806817 134.26667
0.86454027 -0.01745706 -0.50226024 -125.16701 0.0083754732 0.9997582 -0.020331901 -12.420656 0.50249378 0.01337108 0.86447744 135.00779
0.87140631 -0.015767605 -0.49030847 -125.57064 0.0069178433 0.9997789 -0.019856616 -12.452119 0.4905132 0.013911303 0.87132273 135.74385
0.87724586 -0.014572488 -0.4798201 -125.98218 0.0060788185 0.99979621 -0.019250756 -12.478173 0.48000288 0.013970907 0.87715567 136.48848
0.88257773 -0.015353671 -0.46991573 -126.38711 0.0069277836 0.99978283 -0.019654651 -12.51305 0.47011549 0.014091283 0.88249243 137.23863
0.88758632 -0.016331215 -0.46035182 -126.78781 0.007721449 0.9997584 -0.020579516 -12.545635 0.46057673 0.014711513 0.88749798 138.00322
0.89179703 -0.016934114 -0.45211865 -127.18301 0.0084859827 0.99974957 -0.020707175 -12.580329 0.45235612 0.014629926 0.8917174 138.76798
0.8953969 -0.016175089 -0.444975 -127.55958 0.008196673 0.9997694 -0.019848495 -12.605016 0.44519347 0.014124966 0.895323 139.54501
0.8983154 -0.014507962 -0.43911155 -127.95948 0.0077579729 0.99982261 -0.01716257 -12.636841 0.43928269 0.012010786 0.8982686 140.34746
0.90164868 -0.010884527 -0.43233225 -128.34874 0.0058149903 0.99989798 -0.013046305 -12.660828 0.43243019 0.0092491756 0.90161999 141.16025
0.90461263 -0.00801678 -0.42615925 -128.74105 0.0040241777 0.99993918 -0.010268393 -12.682223 0.42621569 0.0075739772 0.90458987 141.97505
0.90798462 -0.0056446639 -0.41896546 -129.12006 0.0023548498 0.99996221 -0.0083689079 -12.706154 0.4189969 0.0066122387 0.9079636 142.79142
0.91073147 -0.0038072022 -0.41298144 -129.53485 0.0014534928 0.99998086 -0.0060133158 -12.717958 0.41299647 0.0048762502 0.91071958 143.61973
0.91387871 -0.0025117268 -0.40597952 -129.92386 0.0013170423 0.99999394 -0.0032220709 -12.740393 0.40598519 0.0024098895 0.91387649 144.48965
0.91731101 -0.002166026 -0.39816556 -130.29323 0.0019123548 0.99999764 -0.0010342356 -12.756417 0.39816689 0.00018728157 0.91731298 145.36364
0.9206878 -0.0027149816 -0.39029039 -130.68307 0.0027268014 0.99999615 -0.00052381152 -12.774289 0.39029034 -0.00058197785 0.92069166 146.25498
0.92385458 -0.003275499 -0.38272963 -131.04314 0.0034240215 0.9999941 -0.0002931104 -12.776181 0.38272836 -0.0010396834 0.92386034 147.13082
0.92797686 -0.0062074516 -0.37258611 -131.41238 0.0063995288 0.99997926 -0.00072119884 -12.804739 0.37258289 -0.0017151201 0.92799734 148.06271
0.93153536 -0.0075814548 -0.36357171 -131.7766 0.0072772068 0.99997109 -0.0022066091 -12.810834 0.36357796 -0.00059025238 0.9315636 148.99649
0.93604499 -0.0083962187 -0.35178015 -132.13725 0.0075764401 0.99996443 -0.003706951 -12.836337 0.35179879 0.00080463141 0.9360753 149.93234
0.94114215 -0.0067202745 -0.33794421 -132.46925 0.0054038474 0.99997371 -0.0048360339 -12.851511 0.33796785 0.0027251962 0.94115371 150.89374
0.94673619 -0.0032360702 -0.32199395 -132.82509 0.0022147265 0.99999129 -0.0035382046 -12.865268 0.32200263 0.0026366176 0.94673511 151.88104
0.95302971 0.00055842449 -0.30287631 -133.14863 -0.00074247439 0.9999996 -0.00049253074 -12.875914 0.30287594 0.0006942741 0.95302974 152.89683
0.95916266 0.0035590931 -0.28283267 -133.46711 -0.0033869599 0.99999366 0.0010975576 -12.893733 0.2828348 -9.4793635e-05 0.95916864 153.9087
0.96513021 0.0051518819 -0.26171955 -133.74685 -0.0047780973 0.99998645 0.0020645237 -12.911248 0.26172666 -0.0007420129 0.96514176 154.93393
0.97050499 0.0064100326 -0.24099579 -134.01217 -0.0057938357 0.99997788 0.0032653876 -12.912078 0.24101141 -0.0017727852 0.97052067 155.97363
0.97571909 0.0072658703 -0.21890512 -134.2704 -0.0061390812 0.99996418 0.0058271438 -12.936715 0.21893964 -0.0043417794 0.97572875 157.05488
0.98044251 0.0092675376 -0.19658735 -134.48454 -0.0075300665 0.99992572 0.0095837919 -12.934706 0.19666159 -0.0079160415 0.98043947 158.14098
0.98456904 0.010955963 -0.17465326 -134.68959 -0.0087129099 0.99986949 0.013604512 -12.944354 0.17477953 -0.011872844 0.98453601 159.23586
0.98840096 0.012694065 -0.15133541 -134.88384 -0.010226781 0.99980198 0.017070639 -12.937287 0.15152215 -0.015324962 0.98833506 160.36741
0.99154306 0.014537075 -0.12896132 -135.02804 -0.012399622 0.99977238 0.017361855 -12.939369 0.12918437 -0.015615956 0.99149763 161.48744
0.99408051 0.014456624 -0.10767983 -135.16438 -0.012897973 0.99980193 0.015157328 -12.940959 0.10787764 -0.013678754 0.99407007 162.64368
0.99623173 0.014130288 -0.085572598 -135.28988 -0.012971809 0.99981674 0.014078939 -12.93061 0.085755863 -0.012915855 0.99623246 163.83153
0.99776004 0.012770407 -0.065664417 -135.3592 -0.011751609 0.99980487 0.015878156 -12.934145 0.065854381 -0.015070928 0.99771542 164.98755
0.99883695 0.013053718 -0.04641504 -135.41345 -0.012239914 0.9997671 0.01777442 -12.930176 0.046636256 -0.017185632 0.99876409 166.16762
0.99960781 0.013440792 -0.024567615 -135.47352 -0.0129821 0.99974019 0.018735702 -12.928187 0.024813057 -0.018409415 0.99952259 167.40139
0.99987667 0.014838039 -0.0051452233 -135.47594 -0.014735997 0.99970449 0.019333551 -12.919476 0.0054305753 -0.019255347 0.99979985 168.60352
0.99973905 0.015286719 0.016974817 -135.47562 -0.015626719 0.99967623 0.020080982 -12.913952 -0.01666235 -0.020341003 0.99965425 169.84357
0.99917867 0.017241995 0.036670051 -135.44804 -0.017965424 0.99964861 0.01949085 -12.906945 -0.036321108 -0.020133635 0.99913733 171.06756
0.99820364 0.018511967 0.056980622 -135.38979 -0.019587638 0.99963923 0.018377516 -12.898983 -0.056619866 -0.019460619 0.99820613 172.31739
0.99672288 0.018587478 0.078727355 -135.29949 -0.019930088 0.99966845 0.016302568 -12.894896 -0.078398237 -0.017818186 0.99676288 173.60835
0.99515172 0.020548052 0.096181275 -135.18039 -0.021976775 0.99966298 0.013818678 -12.892633 -0.095864921 -0.015865435 0.99526791 174.86714
0.99318121 0.021159316 0.1146445 -135.03963 -0.022675123 0.99967166 0.011933727 -12.891955 -0.11435436 -0.014451931 0.9933349 176.15959
0.99068739 0.020508816 0.13460265 -134.91302 -0.021926804 0.99971852 0.0090604736 -12.899721 -0.13437896 -0.011927503 0.99085823 177.43766
0.9881846 0.021930878 0.15169126 -134.72182 -0.022798505 0.99973215 0.0039826049 -12.90626 -0.1515633 -0.0073938828 0.9884199 178.73484
0.98487897 0.023756104 0.17160726 -134.49074 -0.023696186 0.99971633 -0.0023978649 -12.930344 -0.17161555 -0.0017048306 0.98516252 180.03404
0.98191189 0.026295986 0.18750349 -134.26335 -0.02531747 0.99965048 -0.0076119711 -12.942007 -0.18763814 0.002727171 0.98223444 181.33589
0.97846525 0.028201723 0.20447597 -134.00149 -0.026377011 0.99958424 -0.011644453 -12.982503 -0.20471937 0.0060002275 0.97880232 182.65319
0.97408824 0.030490043 0.22410366 -133.71454 -0.027944563 0.99950398 -0.014522078 -13.011814 -0.22443529 0.0078833069 0.97445711 183.97516
0.97009472 0.030003391 0.24086517 -133.4003 -0.02733708 0.99952249 -0.014404361 -13.049395 -0.24118236 0.0073890439 0.97045169 185.30147
0.9659814 0.028844661 0.25699789 -133.08327 -0.025896389 0.99955433 -0.01484984 -13.087852 -0.25731171 0.0076893527 0.96629786 186.655
0.96122912 0.028441924 0.27428019 -132.69535 -0.024002759 0.99952115 -0.01952804 -13.140991 -0.27470428 0.01218744 0.96145152 187.99728
0.95671139 0.029865089 0.28950198 -132.32723 -0.023934946 0.99942531 -0.024003607 -13.194118 -0.2900525 0.016035311 0.95687639 189.3223
0.95101083 0.032036863 0.30749313 -131.89092 -0.025807339 0.99937142 -0.024305153 -13.230664 -0.30807854 0.015178885 0.95123984 190.65648
0.94533189 0.033915832 0.32434139 -131.45573 -0.027495334 0.99932509 -0.024359295 -13.29697 -0.32494868 0.014109744 0.9456264 192.00033
0.93928748 0.037762162 0.34104697 -131.0046 -0.029960719 0.99915559 -0.028115039 -13.336842 -0.3418207 0.016190092 0.93962572 193.35361
0.93225519 0.038757481 0.35971949 -130.48979 -0.029469838 0.99907644 -0.031269584 -13.406322 -0.36059923 0.018550357 0.93253638 194.6734
0.92580531 0.039749951 0.37590484 -129.98161 -0.029085861 0.99899837 -0.034004067 -13.468888 -0.37688001 0.020547631 0.92603416 196.04535
0.91849627 0.039844882 0.39341705 -129.42257 -0.026767666 0.99889332 -0.038673429 -13.546436 -0.39452263 0.024990545 0.91854634 197.34519
0.90985423 0.043348666 0.41265743 -128.83134 -0.027367789 0.9986317 -0.044561549 -13.632054 -0.41402451 0.029250994 0.90979564 198.70226
0.89982045 0.047135924 0.43370653 -128.23575 -0.028996651 0.99840953 -0.048348771 -13.722416 -0.43529573 0.030929177 0.89975609 200.01341
0.88765149 0.049927856 0.45780128 -127.58401 -0.030456666 0.99829371 -0.04982022 -13.808784 -0.4595076 0.030279893 0.88765754 201.35452
0.87484279 0.054129248 0.48137314 -126.90227 -0.033069509 0.99809247 -0.052132895 -13.901561 -0.48327686 0.029689314 0.87496402 202.67589
0.86066267 0.058474461 0.50580677 -126.1841 -0.035368919 0.99785005 -0.055175293 -14.000422 -0.5079457 0.029597477 0.86088046 203.9646
0.84526108 0.062231937 0.53071731 -125.42716 -0.036830448 0.99761821 -0.058321766 -14.115011 -0.53308278 0.029750564 0.84553988 205.23775
0.83039277 0.063638066 0.55353232 -124.62569 -0.036183829 0.99751821 -0.060399981 -14.216558 -0.55600235 0.03012679 0.83063457 206.4811
0.81395975 0.064721546 0.57730461 -123.78967 -0.03493713 0.99742935 -0.06256273 -14.330876 -0.57986977 0.030754179 0.81412853 207.71437
0.79869743 0.067118793 0.5979778 -122.89797 -0.033557111 0.99718141 -0.067105559 -14.455538 -0.60079644 0.033530631 0.79869854 208.94628
0.78210623 0.069715304 0.61923307 -122.00457 -0.031619562 0.99688189 -0.07229599 -14.58457 -0.62234242 0.036963267 0.7818719 210.13159
0.76510819 0.071112337 0.63996286 -121.06535 -0.029370394 0.9967026 -0.075639269 -14.708269 -0.64323159 0.039076264 0.76467392 211.27526
0.74892815 0.073048731 0.65861253 -120.0913 -0.0279089 0.99650058 -0.078788877 -14.854646 -0.66206325 0.040626058 0.74834605 212.44343
0.7332313 0.073787628 0.67596391 -119.09158 -0.026201121 0.99642247 -0.080347735 -14.995322 -0.67947436 0.041202463 0.73254146 213.56134
0.7167806 0.074267366 0.69333245 -118.04443 -0.024012763 0.99635116 -0.081900816 -15.144293 -0.69688521 0.04205609 0.71594855 214.67694
0.70190605 0.074952257 0.70831491 -116.97934 -0.021316581 0.99621295 -0.084293258 -15.294339 -0.71195052 0.044067097 0.70084563 215.77634
0.68765438 0.076384835 0.72200884 -115.89742 -0.018822581 0.99599161 -0.087443837 -15.444695 -0.72579419 0.04654107 0.68633575 216.82873
0.6723081 0.078825354 0.73606273 -114.79132 -0.01639148 0.99565603 -0.09165362 -15.610026 -0.74008999 0.049554315 0.67067968 217.86255
0.65776475 0.080712049 0.74888654 -113.65389 -0.015109695 0.9954561 -0.094015144 -15.762832 -0.75307189 0.050524403 0.65599547 218.88298
0.64208979 0.08194702 0.76223706 -112.50657 -0.014214045 0.99537221 -0.095037484 -15.938827 -0.76649769 0.050188128 0.64028313 219.89557
0.62568349 0.082804062 0.77566978 -111.34205 -0.01396625 0.99537998 -0.09499281 -16.104217 -0.77995203 0.048602237 0.62394928 220.86636
0.6081745 0.08373777 0.78937425 -110.15811 -0.015918827 0.99550703 -0.093339899 -16.274528 -0.79364376 0.044201036 0.606775 221.82619
0.58936914 0.084589641 0.80342302 -108.96367 -0.018338675 0.99564763 -0.091375556 -16.43431 -0.80765572 0.03912022 0.58835525 222.74349
0.5718572 0.086589819 0.81577049 -107.75713 -0.020761494 0.99562289 -0.09112636 -16.608818 -0.82009046 0.035174652 0.57115185 223.62934
0.55296878 0.089505847 0.82838045 -106.50884 -0.0217593 0.99542552 -0.093029947 -16.78604 -0.83291784 0.033417678 0.55238681 224.4907
0.53479272 0.093304772 0.83981599 -105.2829 -0.024436944 0.99517689 -0.095004206 -16.956901 -0.84462988 0.030285023 0.53449344 225.29483
0.51610365 0.093607463 0.85139568 -104.04461 -0.025072357 0.9952353 -0.094223541 -17.132401 -0.85615913 0.027282618 0.51599153 226.08375
0.49450762 0.092397937 0.8642481 -102.81603 -0.025028286 0.99543493 -0.092102552 -17.297149 -0.8688129 0.023914766 0.49456272 226.83423
0.473396 0.09037643 0.87620104 -101.55887 -0.024636375 0.99569189 -0.089390805 -17.458718 -0.88050516 0.020730833 0.4735831 227.53644
0.45140808 0.089017779 0.88786627 -100.29215 -0.024608172 0.99587497 -0.087335505 -17.620087 -0.89197828 0.017575187 0.45173657 228.21043
0.42851124 0.087849841 0.8992555 -99.022312 -0.023042856 0.99600088 -0.086320735 -17.776775 -0.90324261 0.016267992 0.42882189 228.83123
