1 0 0 0 0 1 0 0 0 0 1 0
0.99993614 -0.0028582264 0.010933772 0.011985959 0.0028462561 0.99999533 0.0011102216 -0.0076434854 -0.010936895 -0.0010790304 0.99993961 0.28614186
0.99983054 -0.0045994212 0.017825066 0.017244069 0.0045757907 0.9999886 0.0013662622 -0.011226838 -0.017831148 -0.0012844669 0.99984019 0.57799779
0.99978287 -0.0074541156 0.019458766 0.026297788 0.0074570282 0.99997219 -7.7099393e-05 -0.017743172 -0.019457652 0.00022218724 0.99981066 0.88195239
0.99979824 -0.0088848849 0.01801499 0.025426231 0.0089076765 0.99995962 -0.0011852636 -0.021130216 -0.018003733 0.0013454962 0.99983701 1.1943307
0.9998704 -0.011683189 0.011076731 0.028432668 0.011719181 0.99992624 -0.0031899329 -0.022135663 -0.011038646 0.0033193298 0.99993356 1.5152246
0.99992174 -0.012505421 -0.00036179456 0.017501912 0.012503801 0.99991309 -0.0041800498 -0.035014299 0.00041403643 0.0041751989 0.9999912 1.8376648
0.99978711 -0.012256642 -0.016598611 0.00094642294 0.012178499 0.99991431 -0.0048007623 -0.041060193 0.016656032 0.0045975942 0.99985071 2.1567741
0.99931401 -0.0080078577 -0.03615789 -0.041498753 0.0078293172 0.99995646 -0.0050767135 -0.043147628 0.036196973 0.0047901394 0.99933319 2.4962755
0.99847099 -0.0046036553 -0.055086245 -0.086212056 0.0042520167 0.99996984 -0.0064989256 -0.050798988 0.055114507 0.0062547611 0.99846045 2.8556256
0.99719691 -0.0037788262 -0.074726463 -0.13330797 0.0032993267 0.99997318 -0.0065391371 -0.055445175 0.074749175 0.0062742604 0.99718263 3.2201222
0.99534428 -0.0052572537 -0.096239918 -0.1821734 0.0046998405 0.99997085 -0.0060176829 -0.063528461 0.096268758 0.005537354 0.99533997 3.5929793
0.99324425 -0.0057818975 -0.11589832 -0.24425494 0.0052301593 0.9999735 -0.0050640847 -0.070723472 0.11592454 0.0044237063 0.99324817 3.9789203
0.99117227 -0.0050323747 -0.13248477 -0.31559827 0.0044602106 0.9999794 -0.0046151288 -0.07740598 0.13250527 0.0039834777 0.9911743 4.3806343
0.98878383 -0.0038554871 -0.14930395 -0.39059202 0.0033069964 0.99998684 -0.0039217451 -0.08581869 0.14931712 0.0033840105 0.98878357 4.7784066
0.98680347 -0.0036714033 -0.16188092 -0.47455008 0.003056214 0.99998713 -0.0040491101 -0.092130833 0.16189372 0.0035009331 0.98680199 5.2092682
0.98448544 -0.0046209451 -0.1754054 -0.5657173 0.0038086015 0.99998041 -0.0049675897 -0.098759482 0.17542493 0.0042224704 0.98448376 5.6299749
0.98285913 -0.007805441 -0.18419286 -0.6504876 0.0066487745 0.99995412 -0.0068964377 -0.11475592 0.18423825 0.00555357 0.98286593 6.0844456
0.98142458 -0.0072326557 -0.19171197 -0.74969556 0.0056809214 0.99994652 -0.0086425133 -0.122436 0.19176424 0.0073928743 0.98141318 6.5392286
0.97967356 -0.0069918265 -0.20047651 -0.86288818 0.0049929926 0.99993268 -0.01047431 -0.12669969 0.20053626 0.0092604273 0.97964251 7.0071225
0.97814916 -0.0077021508 -0.20776162 -0.96748729 0.0050746687 0.99990031 -0.013176642 -0.13678697 0.20784241 0.0118344 0.97809073 7.4802224
0.97631991 -0.011659787 -0.21601732 -1.0880312 0.0086323599 0.99985093 -0.014952989 -0.14818779 0.21615948 0.012734162 0.97627502 7.9913328
0.97452983 -0.017182472 -0.22359867 -1.2005932 0.013897576 0.99977127 -0.016256536 -0.1639245 0.22382687 0.012735 0.97454572 8.5083066
0.97271197 -0.017464707 -0.23135772 -1.3347501 0.013615287 0.99974121 -0.018224741 -0.18830864 0.23161615 0.014577422 0.97269803 9.0271799
0.97055456 -0.014372662 -0.24045222 -1.4806996 0.0091576098 0.99969829 -0.022791915 -0.19307074 0.24070727 0.01991883 0.97039335 9.5537984
0.9684516 -0.011583076 -0.24893238 -1.6365748 0.0052041344 0.99964139 -0.026268057 -0.21190629 0.2491474 0.024143864 0.96816458 10.086441
0.96622683 -0.014116329 -0.2573061 -1.7951079 0.0072289402 0.99959032 -0.02769367 -0.22990932 0.25759164 0.024898317 0.96593303 10.655907
0.96377543 -0.015604191 -0.26625819 -1.9650706 0.0080187737 0.99953107 -0.02955243 -0.26113591 0.2665945 0.026346842 0.96344861 11.223784
0.96168219 -0.015489124 -0.27372879 -2.1327674 0.0068965927 0.99945361 -0.032325174 -0.28153763 0.27407994 0.029198748 0.96126356 11.786207
0.95921862 -0.015232637 -0.28225449 -2.3260666 0.0052778182 0.999338 -0.035995784 -0.31030654 0.28261597 0.033038139 0.95866402 12.386417
0.95707146 -0.016052202 -0.28940723 -2.5138234 0.0043815881 0.99915246 -0.040928846 -0.34013436 0.28981896 0.037903767 0.95633063 12.958282
0.95519382 -0.017095684 -0.29548689 -2.7147678 0.0029931509 0.99883741 -0.048113031 -0.38065801 0.29596591 0.045072834 0.95413449 13.576821
0.95406383 -0.017612153 -0.29908529 -2.9177288 0.00078762434 0.99841466 -0.056280894 -0.41607743 0.29960239 0.053459999 0.95256519 14.211478
0.9527165 -0.017405393 -0.30336169 -3.1216328 -0.0024050025 0.9978949 -0.064807254 -0.46122905 0.30385111 0.062472527 0.95066908 14.804139
0.95137958 -0.017059553 -0.30754814 -3.3454397 -0.0059442614 0.99726231 -0.07370585 -0.5085534 0.30796358 0.071950389 0.94867359 15.463152
0.9500809 -0.015674865 -0.31160965 -3.5728995 -0.01012624 0.9966619 -0.081009323 -0.56669511 0.31183931 0.080120846 0.94675071 16.101019
0.94858229 -0.014909352 -0.31617927 -3.8134521 -0.013493966 0.9960772 -0.087453554 -0.62943053 0.31624287 0.087223407 0.94466001 16.792971
0.94691663 -0.013412709 -0.32119929 -4.0583875 -0.017587905 0.99547149 -0.093419408 -0.69763924 0.32099777 0.094109616 0.94239261 17.449942
0.94522278 -0.011761031 -0.32621399 -4.3016897 -0.02164524 0.99489298 -0.098587246 -0.77392093 0.32570752 0.10024789 0.94014094 18.1027
0.94363865 -0.0086824603 -0.33086357 -4.566713 -0.026585247 0.99443748 -0.10191823 -0.84898862 0.32990807 0.10497007 0.93815881 18.813191
0.94170635 -0.0083532273 -0.33633223 -4.8263116 -0.028085944 0.9942503 -0.10333208 -0.93048901 0.3352616 0.10675468 0.93605721 19.491307
0.93932077 -0.0070950394 -0.34296669 -5.1174961 -0.029832532 0.99430871 -0.10227516 -1.0139312 0.34174044 0.10630075 0.93376316 20.21366
0.93747508 -0.0076837181 -0.34796757 -5.3834699 -0.029342879 0.99445228 -0.10101317 -1.1036179 0.34681333 0.1049077 0.93204877 20.940459
0.93486879 -0.0073514558 -0.3549173 -5.6611143 -0.029747631 0.99464678 -0.098958915 -1.1871468 0.35374487 0.10307155 0.92964554 21.652285
0.93205535 -0.0066328151 -0.36225517 -5.942133 -0.030101564 0.9949582 -0.09566653 -1.26936 0.36106332 0.10007095 0.92715646 22.348392
0.92813855 -0.0040863197 -0.37221247 -6.2981609 -0.031860884 0.995398 -0.090375336 -1.3541736 0.37086888 0.095739853 0.92373707 23.179669
0.92527528 -0.0022042222 -0.37928984 -6.6055356 -0.032501123 0.99584445 -0.085073583 -1.4362077 0.37790123 0.091043831 0.92135861 23.89621
0.92123946 0.00030624849 -0.38899583 -6.9429865 -0.034502221 0.9961228 -0.080925659 -1.5072336 0.38746286 0.087973131 0.9176782 24.646874
0.91700343 0.00086965645 -0.39887836 -7.2894557 -0.035352729 0.99623944 -0.079102273 -1.5855079 0.3973096 0.086638496 0.91358572 25.382768
0.91375533 0.0031877085 -0.40625242 -7.6524717 -0.038221377 0.99620852 -0.078151809 -1.662118 0.40446303 0.086939159 0.91041268 26.178378
0.90999994 0.0033251188 -0.41459502 -7.9974177 -0.038808524 0.99626072 -0.07719115 -1.7284089 0.4127881 0.086333764 0.90672624 26.924645
0.90628651 0.0038512299 -0.42264633 -8.3923932 -0.039546478 0.99634451 -0.075721194 -1.8081857 0.42080976 0.085339272 0.90312589 27.699774
0.90266259 0.0047797315 -0.43032243 -8.7808074 -0.040196973 0.99650318 -0.073250383 -1.8814091 0.42846759 0.083418041 0.89969827 28.485377
0.89934687 0.0036321176 -0.43722077 -9.1598581 -0.037476053 0.99692598 -0.068805095 -1.9481233 0.43562687 0.078264957 0.89671838 29.255926
0.89522063 0.0044214668 -0.44560123 -9.5713475 -0.036626679 0.99729751 -0.06368797 -2.0133828 0.44411544 0.073335679 0.89296325 30.077987
0.89202911 0.0054485011 -0.45194508 -9.9908009 -0.03626247 0.99756664 -0.059546912 -2.0860353 0.45052093 0.069506225 0.89005606 30.847567
0.8876152 0.0051701173 -0.46055674 -10.422024 -0.03550308 0.99772992 -0.057223548 -2.1497335 0.45921542 0.067143675 0.8857838 31.685133
0.8848068 0.0050316407 -0.46593088 -10.860708 -0.03531985 0.99778911 -0.056297459 -2.2158834 0.46461753 0.066268985 0.88302831 32.509721
0.88212654 0.0040797472 -0.4709948 -11.295729 -0.033701193 0.99794625 -0.054474798 -2.2662249 0.46980529 0.063926753 0.88045237 33.305926
0.87920628 0.0036964943 -0.47642695 -11.789356 -0.032900481 0.9980539 -0.052971409 -2.3318648 0.47530401 0.062247472 0.87761687 34.171288
0.87610445 0.001815053 -0.48211791 -12.257711 -0.031102416 0.99812266 -0.05276161 -2.3878828 0.48111709 0.061219714 0.87451616 35.008446
0.87477806 0.0015851991 -0.48452122 -12.744566 -0.031426096 0.99807468 -0.053472807 -2.4528832 0.48350364 0.062003449 0.87314364 35.85219
0.87325897 0.0016532598 -0.48725354 -13.237126 -0.031855639 0.99804857 -0.053705483 -2.511912 0.48621395 0.062420569 0.87160753 36.71481
0.87281089 0.0016928805 -0.48805559 -13.738005 -0.031556546 0.99809727 -0.052971907 -2.5771724 0.48703732 0.061635807 0.87120359 37.572291
0.87272579 0.0022154264 -0.48820566 -14.257169 -0.031334878 0.99818205 -0.051485177 -2.6399966 0.48720411 0.060230307 0.87120864 38.48689
0.8724917 -0.0014703 -0.4886267 -14.74746 -0.026696142 0.99835845 -0.050672725 -2.6941976 0.48789914 0.057255981 0.87102021 39.37982
0.87212671 -0.001762303 -0.48927688 -15.264766 -0.026917069 0.99830632 -0.05157491 -2.7637861 0.48853914 0.058149757 0.87060217 40.279402
0.8709162 -0.0023222815 -0.49142605 -15.811215 -0.026753145 0.99828189 -0.052129994 -2.828425 0.49070283 0.05854805 0.86935774 41.21554
0.87008979 -0.0040594329 -0.49287651 -16.32634 -0.023730753 0.99846143 -0.050116146 -2.8904259 0.49232167 0.055301878 0.86865476 42.111603
0.86716603 -0.0034424644 -0.49800723 -16.868706 -0.022833711 0.99864969 -0.046662843 -2.9533573 0.49749544 0.051835786 0.86591648 43.029134
0.86532164 -0.002438326 -0.50121102 -17.376607 -0.021598596 0.99887787 -0.042148557 -3.0217475 0.50075141 0.047297514 0.86429798 43.949205
0.86200359 -0.0047055958 -0.50688031 -17.933174 -0.018089025 0.99903446 -0.04003678 -3.0820861 0.50657933 0.043680819 0.86108617 44.866466
0.85623679 -0.0084080243 -0.51651509 -18.471297 -0.015631716 0.99898795 -0.042174884 -3.1450861 0.51634701 0.044185705 0.85523881 45.758274
0.85063807 -0.011308209 -0.52563007 -19.049112 -0.014968951 0.99884244 -0.045713286 -3.2081109 0.52553861 0.046753593 0.84948414 46.639732
0.84472448 -0.0092755412 -0.53512101 -19.622836 -0.017730689 0.99881597 -0.045302098 -3.2700252 0.53490765 0.047755856 0.84355984 47.550254
0.83901133 -0.006471594 -0.54407544 -20.226641 -0.018398605 0.99902002 -0.040255243 -3.3242395 0.54380282 0.043784834 0.83807005 48.439841
0.83439631 -0.0038989495 -0.55115114 -20.819273 -0.018710264 0.99919826 -0.03539428 -3.3843248 0.55084731 0.03984504 0.83365439 49.322255
0.82990916 -0.0029987834 -0.55789046 -21.435239 -0.020995526 0.99910931 -0.036603046 -3.4422212 0.55750336 0.042090407 0.829107 50.207774
0.82725558 -0.0055401844 -0.56179844 -22.038433 -0.021240617 0.99892809 -0.041128031 -3.495525 0.56142414 0.045956339 0.82625116 51.083938
0.82375495 -0.0071440751 -0.56690097 -22.627664 -0.024353006 0.99855182 -0.047970701 -3.5635606 0.56642275 0.053321846 0.82238803 51.93028
0.8208772 -0.0080684105 -0.57104771 -23.266161 -0.024814757 0.99845198 -0.049778305 -3.6267599 0.57056539 0.055032287 0.81940625 52.818985
0.81830285 -0.0058281796 -0.57475774 -23.888898 -0.02531347 0.99861301 -0.046165848 -3.6998783 0.57422967 0.052326758 0.81702034 53.682985
0.81450043 -0.0039557003 -0.58014944 -24.534802 -0.023839896 0.99890395 -0.040280946 -3.7589528 0.57967296 0.04663955 0.81351339 54.561339
0.81225583 -0.0030046656 -0.58329359 -25.151968 -0.02314568 0.99903314 -0.037377356 -3.8154546 0.58284198 0.043860702 0.81140095 55.424421
0.80924081 -0.0026570756 -0.58747104 -25.783081 -0.024122921 0.9989961 -0.037747662 -3.8657446 0.58698162 0.044718467 0.80836431 56.257842
0.80633587 -0.0039774835 -0.59144451 -26.444194 -0.023991002 0.99893446 -0.03942559 -3.9259162 0.59097117 0.045979614 0.80538127 57.146796
0.80217748 -0.0057676667 -0.59705778 -27.097245 -0.024201617 0.99881751 -0.042164825 -3.9881472 0.59659501 0.048273438 0.80108932 57.991454
0.79803171 -0.0069886472 -0.60257491 -27.747835 -0.023743398 0.99879165 -0.043028983 -4.0483016 0.60214755 0.048645669 0.79690147 58.826828
0.79344233 -0.0063960704 -0.60861181 -28.42121 -0.02393402 0.99884348 -0.041699711 -4.1110899 0.6081747 0.047652844 0.79237161 59.713581
0.7903021 -0.0070791635 -0.61267646 -29.073683 -0.022874735 0.99889528 -0.041048243 -4.1693999 0.61229027 0.046455324 0.7892671 60.539441
0.78505374 -0.007620439 -0.61938076 -29.753648 -0.023129779 0.99886634 -0.041605939 -4.2325096 0.6189957 0.046989038 0.78398749 61.392625
0.77902197 -0.0087214996 -0.62693594 -30.449723 -0.023038696 0.99882984 -0.042522595 -4.2964315 0.62657324 0.047569823 0.77790946 62.235185
0.7741422 -0.01063201 -0.63292241 -31.135882 -0.02189305 0.99881107 -0.04355621 -4.3543897 0.63263306 0.047575303 0.77298903 63.046331
0.76771619 -0.012903612 -0.64066006 -31.86774 -0.020316703 0.99880442 -0.044462964 -4.4218801 0.64046789 0.047151038 0.76653617 63.917241
0.76272602 -0.014417158 -0.64656101 -32.573671 -0.019923887 0.99875312 -0.045773944 -4.4822729 0.6464148 0.047794987 0.76148774 64.74471
0.75623186 -0.017132539 -0.65407936 -33.322709 -0.017128657 0.99879616 -0.045965598 -4.5457967 0.65407952 0.045964151 0.75502802 65.587165
0.74986291 -0.014907478 -0.66142523 -34.059006 -0.019315735 0.99882662 -0.044410368 -4.6137076 0.66131123 0.046077603 0.74869509 66.406373
0.74491109 -0.016451767 -0.66696084 -34.763619 -0.01687563 0.99891142 -0.043487861 -4.6768809 0.66695031 0.043649975 0.74382256 67.208981
0.73802454 -0.018952423 -0.67450763 -35.54267 -0.014675609 0.99891821 -0.044125339 -4.7404308 0.67461429 0.042464394 0.73694801 68.023635
0.73113247 -0.019254977 -0.68196372 -36.314906 -0.016484557 0.99881121 -0.045874111 -4.8112357 0.68203637 0.044781922 0.72994589 68.84536
0.72683284 -0.017870937 -0.68658183 -37.09152 -0.018555328 0.99878559 -0.045640379 -4.8733948 0.68656373 0.045912678 0.72561857 69.62561
0.72187005 -0.018130676 -0.69179106 -37.887273 -0.017766629 0.99884169 -0.044717073 -4.9373232 0.69180057 0.044570711 0.72071178 70.441197
0.71647065 -0.016304224 -0.69742665 -38.686621 -0.020803741 0.99878288 -0.044721045 -5.0052659 0.697307 0.0465504 0.71525943 71.236105
0.71157435 -0.018045661 -0.70237899 -39.50368 -0.019585901 0.99877218 -0.045502965 -5.0780563 0.70233779 0.046135469 0.71034723 72.08413
0.70621118 -0.019825415 -0.70772359 -40.319915 -0.020233699 0.99863443 -0.048165138 -5.1448409 0.7077121 0.048334626 0.70484565 72.843963
0.70192408 -0.02305096 -0.71187864 -41.129582 -0.018547652 0.99854566 -0.050621659 -5.2126252 0.71201026 0.048736239 0.7004757 73.632896
0.69698947 -0.021643116 -0.71675464 -41.98364 -0.021851341 0.99843918 -0.051397629 -5.2885456 0.71674838 0.051485657 0.69542867 74.436489
0.69212748 -0.02190234 -0.72144286 -42.83079 -0.020848156 0.99851578 -0.050315021 -5.362391 0.72147415 0.049865162 0.69064358 75.265233
0.6884339 -0.02221293 -0.72495883 -43.677983 -0.019556509 0.99859902 -0.049168548 -5.4333205 0.72503541 0.048026959 0.68703501 76.048328
0.68294909 -0.023362515 -0.73009225 -44.534612 -0.018441665 0.99861838 -0.049206048 -5.5125538 0.73023318 0.047069342 0.68157467 76.819939
0.67827729 -0.022531112 -0.7344605 -45.375552 -0.020502581 0.99856033 -0.049567143 -5.5854904 0.73451998 0.048678603 0.67683885 77.601029
0.67389968 -0.023981052 -0.73843353 -46.261778 -0.018802491 0.9985927 -0.049589156 -5.6595877 0.7385836 0.047302506 0.6725004 78.413454
0.66927304 -0.025477264 -0.7425796 -47.152006 -0.016581432 0.99865093 -0.049207382 -5.7308038 0.74283154 0.045246207 0.6679477 79.200276
0.66705987 -0.029042157 -0.7444378 -48.023957 -0.013007798 0.99863354 -0.050614639 -5.8053285 0.74489058 0.043446491 0.66577058 79.948372
0.66153558 -0.032691253 -0.74920085 -48.937555 -0.010677425 0.99853748 -0.052999055 -5.8885252 0.7498378 0.043060297 0.66021901 80.758371
0.6556563 -0.03737278 -0.75413397 -49.831417 -0.006195024 0.99847442 -0.054867666 -5.9611638 0.7550341 0.040646209 0.65442451 81.513283
0.65017495 -0.041258378 -0.75866345 -50.743967 -0.00066069517 0.99849344 -0.054867263 -6.0429858 0.75978427 0.036174565 0.64916817 82.281228
0.64178098 -0.044945654 -0.76556973 -51.664876 0.0042282528 0.99847329 -0.055074569 -6.1279273 0.76687636 0.032108788 0.64099121 83.085329
0.63263895 -0.046010575 -0.77307887 -52.594809 0.006501395 0.99851396 -0.054107242 -6.2102114 0.77441962 0.029204258 0.63199796 83.836562
0.62498741 -0.04543116 -0.77931168 -53.552709 0.0081923225 0.99863181 -0.051646734 -6.2877026 0.78059187 0.025894186 0.6245045 84.585169
0.61577923 -0.044041382 -0.78668688 -54.508645 0.0059757477 0.99866893 -0.051231335 -6.3706418 0.78789611 0.026846149 0.61522277 85.34
0.60787743 -0.045992886 -0.79269769 -55.454154 0.0063064271 0.9985692 -0.053101635 -6.4400485 0.79400587 0.027280195 0.60729773 86.047974
0.59736258 -0.048877441 -0.80048041 -56.464408 0.0077312586 0.99844562 -0.055195731 -6.5289396 0.80193405 0.026783144 0.59681194 86.790966
0.58909073 -0.048980951 -0.80658101 -57.459394 0.0055391294 0.99838254 -0.05658288 -6.6090016 0.80804795 0.028864693 0.58840921 87.500751
0.57886949 -0.049923223 -0.81389049 -58.430812 0.0087928781 0.99844819 -0.054989981 -6.6965444 0.81537283 0.024675583 0.57841017 88.227154
0.56776047 -0.050700931 -0.82163094 -59.4783 0.011643542 0.99849626 -0.053569 -6.7755602 0.8231115 0.020847666 0.56749705 88.904196
0.55821741 -0.051805697 -0.82807574 -60.511462 0.012561317 0.99846206 -0.053997569 -6.8625057 0.82959966 0.019740661 0.55800965 89.582537
0.54857281 -0.053023274 -0.83441976 -61.573831 0.012330736 0.99839163 -0.055336281 -6.940288 0.83601189 0.02006697 0.54834432 90.239286
0.53816769 -0.053144156 -0.84116061 -62.616518 0.010194143 0.99834755 -0.056553028 -7.0294546 0.84277617 0.021860101 0.53782016 90.91999
0.52989596 -0.053863432 -0.84635036 -63.692097 0.0086183633 0.99827147 -0.058136079 -7.1192233 0.8480189 0.023511918 0.52944424 91.57708
0.52037877 -0.053434086 -0.85226209 -64.734303 0.0071490278 0.99827796 -0.058223718 -7.2101471 0.85390567 0.024205541 0.51986466 92.221481
0.51052937 -0.051109628 -0.85833997 -65.828847 0.005286538 0.99839961 -0.056305078 -7.2980718 0.8598441 0.024207749 0.50998252 92.85373
0.50400277 -0.049622264 -0.86227534 -66.933869 0.0064806721 0.99853738 -0.053675904 -7.3875994 0.86367776 0.02146468 0.5035872 93.500547
0.49522405 -0.049464984 -0.86735592 -68.050783 0.0063928438 0.99855822 -0.053297355 -7.4737085 0.86874181 0.020849261 0.49482627 94.128349
0.48791874 -0.053017997 -0.87127741 -69.119662 0.0083302922 0.99839108 -0.056087979 -7.5610798 0.87284934 0.020108381 0.48757538 94.730827
0.4815236 -0.055631077 -0.87466573 -70.248585 0.0096381679 0.99825924 -0.058185921 -7.6535171 0.87638016 0.019587719 0.48122157 95.340532
0.4736299 -0.059318061 -0.87872408 -71.359217 0.011695675 0.99806495 -0.0610702 -7.7439519 0.88064635 0.018647401 0.47340717 95.939122
0.47015097 -0.062699523 -0.88035605 -72.497319 0.013373531 0.997865 -0.0639265 -7.8434179 0.88248472 0.018281636 0.46998571 96.53443
0.4652271 -0.063102012 -0.8829393 -73.648603 0.014749877 0.99787003 -0.063544078 -7.9470624 0.8850685 0.01653918 0.46516693 97.149555
0.46078146 -0.061703837 -0.88536604 -74.765218 0.017928787 0.99802384 -0.06022441 -8.044386 0.88733256 0.011876752 0.46097715 97.705629
0.457018 -0.060369004 -0.88740637 -75.889728 0.022310569 0.9981582 -0.056413258 -8.1430388 0.88917763 0.0059833326 0.45752313 98.279488
0.45223548 -0.060893477 -0.88981739 -76.970779 0.024675681 0.99813894 -0.055765299 -8.2368384 0.8915572 0.0032621957 0.45289643 98.852623
0.44952028 -0.058391496 -0.89135957 -78.097654 0.023024284 0.99828707 -0.053784797 -8.3212916 0.89297338 0.0036544402 0.45009471 99.429818
0.44877433 -0.059566597 -0.89165764 -79.202318 0.027958749 0.99822346 -0.052613922 -8.4152054 0.89320769 -0.0013178546 0.44964248 99.95022
0.44645408 -0.058083559 -0.89291936 -80.325067 0.028036348 0.99830907 -0.050921062 -8.5017977 0.89436726 -0.0023002832 0.44732761 100.52013
0.44436359 -0.058633866 -0.89392561 -81.407412 0.02998208 0.99827017 -0.050574113 -8.5902224 0.8953447 -0.0043284548 0.44535289 101.05422
0.44126176 -0.058741729 -0.89545374 -82.537559 0.031987922 0.99825071 -0.049722197 -8.6739426 0.89680817 -0.0067032011 0.44236889 101.61099
0.43826815 -0.058426562 -0.89694331 -83.628648 0.035840962 0.99822747 -0.047511417 -8.7589007 0.89812946 -0.011324571 0.43958537 102.14186
0.43747631 -0.058581863 -0.89731966 -84.71959 0.039345871 0.99816705 -0.045983167 -8.841918 0.89836877 -0.015189279 0.43897939 102.65687
0.43511884 -0.059462773 -0.89840731 -85.764549 0.040821424 0.99809361 -0.046289965 -8.9244906 0.8994472 -0.016532631 0.43671669 103.16561
0.4336496 -0.060168278 -0.89907048 -86.79163 0.040914776 0.99805387 -0.047058054 -8.9990816 0.90015225 -0.016378562 0.43526743 103.67101
0.4317429 -0.060782543 -0.89994638 -87.852625 0.040914272 0.99801968 -0.0477781 -9.0858502 0.90106834 -0.016192796 0.43337479 104.17467
0.4345855 -0.062399452 -0.89846629 -88.886689 0.041292633 0.99792839 -0.049334077 -9.16374 0.89968351 -0.015660165 0.43626185 104.66218
0.43704161 -0.061587796 -0.89733021 -89.932874 0.037959213 0.99802704 -0.050011167 -9.245765 0.89863997 -0.012204989 0.43851717 105.16223
0.44013318 -0.061899129 -0.89579641 -90.972648 0.037264878 0.99802082 -0.050653375 -9.3275227 0.89715895 -0.011087514 0.44156874 105.6624
0.4467117 -0.062266883 -0.8925085 -91.952642 0.035737186 0.99802089 -0.051741168 -9.4071179 0.89396397 -0.008782358 0.44805285 106.15914
0.4522844 -0.063021155 -0.88964436 -92.973382 0.036038514 0.99797706 -0.052373749 -9.4941433 0.89114539 -0.0083736317 0.45364065 106.6565
0.45893399 -0.06084881 -0.8863842 -93.972992 0.033308817 0.998129 -0.051273945 -9.565399 0.88784581 -0.0059930536 0.46010213 107.13526
0.46700431 -0.060344467 -0.88219355 -94.954313 0.032800533 0.99816428 -0.05091366 -9.6444377 0.88364652 -0.0051595204 0.46812635 107.66122
0.47515492 -0.059292155 -0.87790214 -95.920746 0.0317297 0.99823273 -0.050245745 -9.719616 0.87932991 -0.0039810592 0.47619652 108.2051
0.48471351 -0.059415853 -0.87265257 -96.896029 0.031881867 0.99822732 -0.050257065 -9.795851 0.87409177 -0.0034615155 0.48574856 108.71236
0.49485395 -0.060527016 -0.86686561 -97.853471 0.03158755 0.99816491 -0.051662818 -9.8737837 0.8684019 -0.0018166118 0.49585775 109.26559
0.50431747 -0.060671806 -0.86138421 -98.818232 0.028007961 0.99815308 -0.05390724 -9.9517961 0.86306402 0.003060747 0.50508533 109.80463
0.51582327 -0.061062086 -0.85451607 -99.73874 0.025844276 0.99811176 -0.055722425 -10.031064 0.85630514 0.0066585733 0.51642738 110.34887
0.52750115 -0.05922192 -0.8474876 -100.62898 0.023098608 0.99819834 -0.055376244 -10.106925 0.84924028 0.0096352479 0.52791872 110.91352
0.54136377 -0.057315794 -0.83883258 -101.58682 0.022372446 0.99830251 -0.053773387 -10.185571 0.84049081 0.010344227 0.54172711 111.51878
0.55376594 -0.055595547 -0.83081427 -102.51901 0.023063948 0.99840985 -0.051437626 -10.259228 0.83235293 0.009322548 0.55416762 112.09749
0.56511059 -0.054058787 -0.82324214 -103.36939 0.021688409 0.99847952 -0.050677972 -10.338739 0.82473007 0.010783846 0.5654238 112.71247
0.57662722 -0.055183077 -0.8151416 -104.22962 0.023253362 0.99842068 -0.051141304 -10.411845 0.81667643 0.010534685 0.57699973 113.31053
0.58752856 -0.055240348 -0.8073157 -105.10577 0.021754453 0.99838487 -0.052482277 -10.487737 0.80891099 0.013272124 0.58778135 113.93325
0.59776306 -0.057074748 -0.7996385 -105.89748 0.023950116 0.99828863 -0.053349829 -10.554407 0.80131502 0.012739122 0.59810702 114.53067
0.60849434 -0.055273243 -0.79163088 -106.74338 0.021860447 0.99836029 -0.052904268 -10.63304 0.79325709 0.014886542 0.60870488 115.18006
0.61934028 -0.054270224 -0.78324473 -107.55366 0.022681201 0.99842851 -0.051245233 -10.708369 0.78479502 0.013973306 0.61959791 115.80249
0.62813514 -0.05287839 -0.77630539 -108.35942 0.02454473 0.99853821 -0.048155902 -10.780296 0.77771707 0.011194208 0.62851483 116.45251
0.63852505 -0.051626786 -0.76786743 -109.13086 0.023904756 0.99859647 -0.047261468 -10.849094 0.76922973 0.011821947 0.63886299 117.08118
0.64883539 -0.050903292 -0.75922424 -109.89229 0.022401555 0.99860529 -0.047808504 -10.920984 0.76059901 0.014012045 0.64907076 117.72798
0.65779748 -0.049474606 -0.75156815 -110.64933 0.019177981 0.99861698 -0.048952254 -10.984861 0.75295068 0.017787109 0.65783656 118.38737
0.66724187 -0.048590691 -0.74325445 -111.38669 0.01810203 0.99863298 -0.049035475 -11.053322 0.74462114 0.019264108 0.66720934 119.03413
0.67600156 -0.04732929 -0.73537867 -112.11886 0.018717596 0.99871614 -0.047071535 -11.121854 0.73666246 0.01805591 0.67601956 119.69931
0.68485083 -0.045414487 -0.72726667 -112.82242 0.018538787 0.99881882 -0.044914117 -11.18024 0.72844745 0.017276828 0.68488383 120.36527
0.69260008 -0.044809286 -0.71992862 -113.51738 0.019061853 0.99885705 -0.043831889 -11.244915 0.72106992 0.016634796 0.69266262 121.0276
0.69973613 -0.044614342 -0.71300691 -114.20146 0.018756225 0.99885134 -0.044093103 -11.311687 0.71415516 0.017480219 0.69976917 121.67676
0.7071679 -0.04338542 -0.70571327 -114.87562 0.01824814 0.99890305 -0.043124214 -11.375036 0.70681016 0.017618105 0.70718388 122.33896
0.7146402 -0.040797406 -0.69830145 -115.53231 0.017343237 0.99902423 -0.040617734 -11.426833 0.69927723 0.016916257 0.71465043 123.01673
0.72147085 -0.037702725 -0.69141758 -116.17689 0.015613154 0.99914846 -0.038191369 -11.484591 0.69226879 0.016758751 0.72144515 123.68564
0.72918489 -0.036471504 -0.68334412 -116.81238 0.015177776 0.99919506 -0.037133183 -11.539413 0.68414843 0.016705312 0.7291515 124.35737
0.73647683 -0.034108832 -0.67560228 -117.42295 0.012903396 0.99925462 -0.036382879 -11.590788 0.67633973 0.018077583 0.73636799 125.01845
0.74437125 -0.032158627 -0.66699117 -118.04306 0.011248092 0.99930183 -0.035627786 -11.644525 0.66767129 0.019017922 0.74421328 125.67855
0.75261274 -0.030142017 -0.65777312 -118.61903 0.011561067 0.99940262 -0.032568989 -11.695147 0.65836193 0.016907277 0.75251163 126.34601
0.76212264 -0.025741721 -0.64692072 -119.19831 0.0083442559 0.99951682 -0.029941748 -11.736193 0.64737894 0.017421212 0.76196919 127.00203
0.77161605 -0.023715258 -0.6356463 -119.71237 0.0073441122 0.99957029 -0.028377783 -11.781205 0.6360462 0.017228495 0.77145865 127.65067
0.78177562 -0.023314567 -0.6231238 -120.28493 0.0063171745 0.99954561 -0.029473052 -11.827252 0.62352787 0.019104932 0.78156768 128.33086
0.79153549 -0.023781424 -0.61066028 -120.78533 0.0059164728 0.99949393 -0.03125517 -11.871493 0.61109458 0.021126622 0.79127562 129.00247
0.80150307 -0.022782031 -0.5975565 -121.30377 0.0056495431 0.99951791 -0.030529201 -11.913899 0.597964 0.021093327 0.80124538 129.67276
0.81135864 -0.021851682 -0.58414008 -121.80509 0.0057107867 0.99954967 -0.029459279 -11.956437 0.58452081 0.020566141 0.81111805 130.37712
0.82091164 -0.019680731 -0.57071598 -122.26307 0.0054075273 0.99962904 -0.026693362 -11.99126 0.57102966 0.018826729 0.82071354 131.06519
0.83012038 -0.018552842 -0.55727544 -122.74616 0.0058617752 0.99968142 -0.024549713 -12.028468 0.55755342 0.017112594 0.82996468 131.76145
0.8387225 -0.017301212 -0.54428413 -123.20192 0.0062497696 0.99973517 -0.022148005 -12.06259 0.54452322 0.015174379 0.8386085 132.46307
0.84677025 -0.016738466 -0.53169534 -123.64522 0.0073773616 0.99977822 -0.019725251 -12.097928 0.53190764 0.012780246 0.84670594 133.1833
0.85392399 -0.016710386 -0.52012938 -124.09362 0.0083681526 0.99979601 -0.018382371 -12.131894 0.52033049 0.011344625 0.85388963 133.90169
0.86038305 -0.016387024 -0.50938438 -124.52138 0.008643297 0.99980836 -0.017565001 -12.164062 0.50957465 0.010709869 0.86035981 134.63406
0.86705428 -0.015811786 -0.4979627 -124.95363 0.0081915373 0.99981359 -0.017483902 -12.186974 0.49814637 0.011080412 0.86702217 135.35869
0.87275176 -0.014232265 -0.48795674 -125.36208 0.006793148 0.99983221 -0.017012051 -12.216317 0.48811703 0.011532535 0.872702 136.09529
0.87925086 -0.013257432 -0.4761745 -125.77633 0.0061457232 0.99984516 -0.016489223 -12.240521 0.47631941 0.011571726 0.87919619 136.83762
0.88475781 -0.013469977 -0.46585637 -126.16627 0.0064691208 0.99984089 -0.016623641 -12.273551 0.46600621 0.011694215 0.88470418 137.58027
0.88979759 -0.01464434 -0.45612034 -126.56877 0.0077395239 0.99982549 -0.017002476 -12.303985 0.45628977 0.011598608 0.88975566 138.35136
0.89397978 -0.015214968 -0.44784891 -126.94013 0.0081285556 0.99980957 -0.017741043 -12.335253 0.44803359 0.012219769 0.89393322 139.11526
0.89736529 -0.014840819 -0.44103886 -127.34158 0.0080179256 0.99981768 -0.017329778 -12.356999 0.44121567 0.012014924 0.89732067 139.88289
0.90002564 -0.012956411 -0.4356443 -127.71293 0.0076346979 0.99987335 -0.013964022 -12.384017 0.43577009 0.0092419649 0.90001058 140.68544
0.90321279 -0.0091164391 -0.42909619 -128.10949 0.0052788348 0.99993473 -0.010132771 -12.407016 0.42916059 0.0068869202 0.90320196 141.49184
0.90613684 -0.0066325821 -0.42293264 -128.49419 0.003915935 0.99996575 -0.0072918992 -12.428973 0.42296655 0.0049512816 0.90613178 142.32408
0.90946949 -0.0038664448 -0.41575267 -128.87407 0.0019898222 0.99998578 -0.0049469495 -12.444886 0.41576592 0.0036718255 0.90946425 143.18211
0.91266723 -0.0019854422 -0.40869862 -129.27844 0.00098867206 0.999996 -0.0026501333 -12.457914 0.40870228 0.0020146206 0.91266555 143.99788
0.91566604 -0.00077553325 -0.40193915 -129.65926 0.00089627275 0.99999959 0.00011233898 -12.473106 0.40193894 -0.00046311243 0.91566636 144.85479
0.91873281 -0.00049607533 -0.39487942 -130.03385 0.0015054306 0.99999634 0.0022462928 -12.492774 0.3948769 -0.0026582068 0.9187302 145.71903
0.92222342 -0.00092747588 -0.38665629 -130.41274 0.0023161984 0.99999243 0.0031257305 -12.503389 0.38665049 -0.0037781949 0.92221859 146.61153
0.92557289 -0.0019911994 -0.3785642 -130.77294 0.0031818269 0.99999176 0.0025195973 -12.504074 0.3785561 -0.0035365971 0.9255716 147.51885
0.92951438 -0.004466372 -0.36875881 -131.14492 0.0057232028 0.99998094 0.0023145536 -12.527202 0.36874147 -0.0042618927 0.92952223 148.4111
0.93319308 -0.0057918742 -0.35932871 -131.5036 0.0067218706 0.99997651 0.0013387867 -12.531476 0.35931254 -0.0036647079 0.93321009 149.35903
0.9374959 -0.0064775519 -0.34793601 -131.86392 0.0068321563 0.99997664 -0.0002077466 -12.552126 0.34792925 -0.0021823919 0.93751826 150.31236
0.9423486 -0.0051045886 -0.33459386 -132.2149 0.004858183 0.99998696 -0.0015733118 -12.562937 0.33459756 -0.00014291027 0.94236111 151.26975
0.94787542 -0.0015850894 -0.3186372 -132.55681 0.0014870478 0.99999874 -0.00055094485 -12.583019 0.3186377 4.8398084e-05 0.94787659 152.24312
0.95409384 0.0019220742 -0.29950166 -132.87108 -0.0012906309 0.99999651 0.0023061124 -12.584423 0.29950507 -0.0018137018 0.95409299 153.25837
0.95979337 0.0052624474 -0.28065814 -133.18458 -0.0042764064 0.99998235 0.0041256179 -12.60418 0.28067492 -0.0027595327 0.95979893 154.27456
0.96579083 0.0067877408 -0.25923348 -133.47068 -0.0056947194 0.99997145 0.0049671034 -12.614937 0.25925982 -0.0033209213 0.96580191 155.30943
0.97134218 0.0081227166 -0.23754662 -133.73296 -0.0068577969 0.99995757 0.0061508138 -12.615836 0.23758652 -0.0043454987 0.97135666 156.36122
0.9763231 0.0086572454 -0.21614404 -133.98012 -0.0068807333 0.99993609 0.0089702852 -12.626679 0.2162079 -0.0072706676 0.97632028 157.42963
0.98121909 0.010545875 -0.1926081 -134.20295 -0.0083163364 0.99988878 0.012380346 -12.625887 0.19271726 -0.010546038 0.98119766 158.5345
0.98519193 0.012535484 -0.17099627 -134.40524 -0.0098492425 0.99981455 0.016548695 -12.637528 0.17117202 -0.014619458 0.98513269 159.6264
0.9889026 0.01409039 -0.14789559 -134.58709 -0.011286137 0.99974059 0.019783177 -12.626718 0.14813599 -0.017894465 0.9888051 160.75247
0.99194973 0.015258454 -0.12570966 -134.7421 -0.012878866 0.99972258 0.019720313 -12.618782 0.1259757 -0.017942561 0.99187105 161.86567
0.9944857 0.015730442 -0.10368584 -134.86875 -0.01393217 0.9997401 0.018044999 -12.620819 0.10394276 -0.016500925 0.99444639 163.03697
0.99648723 0.015542769 -0.082289835 -134.98531 -0.014200911 0.99975689 0.016866784 -12.605505 0.082531993 -0.015638945 0.9964657 164.20348
0.99794119 0.014486762 -0.06247817 -135.05245 -0.013321583 0.99973024 0.01902583 -12.607357 0.062736943 -0.018154351 0.99786497 165.36766
0.99901037 0.014613076 -0.042008784 -135.11769 -0.013756217 0.99969286 0.02061439 -12.604342 0.042297125 -0.020016108 0.99890455 166.55602
0.99967105 0.014819568 -0.020932393 -135.16199 -0.014371685 0.99966796 0.021387438 -12.593416 0.021242397 -0.02107957 0.99955211 167.78103
0.99986579 0.016348806 -0.0010536684 -135.17853 -0.01632155 0.99962268 0.022092868 -12.588729 0.001414463 -0.022072706 0.99975537 168.98569
0.99967636 0.016301325 0.019530296 -135.16529 -0.01673849 0.9996082 0.022433581 -12.573889 -0.019156948 -0.022753229 0.99955755 170.22665
0.99901965 0.018763211 0.040095842 -135.11111 -0.019673265 0.99955496 0.022424185 -12.561386 -0.039657251 -0.023191018 0.99894418 171.44233
0.99803128 0.019435343 0.059630745 -135.06806 -0.020719935 0.99956474 0.021000219 -12.551382 -0.059196649 -0.022194421 0.99799958 172.70567
0.99658784 0.020160125 0.080038989 -134.98235 -0.021709681 0.99959245 0.018537138 -12.550963 -0.079632664 -0.020211508 0.99661935 173.98806
0.99496827 0.02188682 0.097770691 -134.87841 -0.023596819 0.99958756 0.016367801 -12.538808 -0.097372136 -0.01859252 0.99507436 175.24244
0.99284848 0.022242606 0.1172909 -134.73707 -0.024089128 0.99960683 0.014348869 -12.539856 -0.11692564 -0.017071688 0.99299393 176.54907
0.99046852 0.022094469 0.1359557 -134.56717 -0.023901891 0.99964612 0.011676005 -12.545839 -0.13564962 -0.014814314 0.99064611 177.84708
0.98764667 0.023067935 0.1549901 -134.36809 -0.024292718 0.99968681 0.0060127067 -12.540088 -0.15480288 -0.0097035607 0.98789772 179.12463
0.98467912 0.024986925 0.17257659 -134.16359 -0.025309762 0.9996796 -0.00032986725 -12.568104 -0.17252956 -0.004043059 0.98499604 180.41015
0.98130247 0.027677794 0.19047153 -133.92682 -0.027135298 0.99961688 -0.0054562355 -12.574797 -0.19054959 0.00018571564 0.98167755 181.72741
0.97779074 0.02957302 0.20748661 -133.67171 -0.028254777 0.99955735 -0.0093146804 -12.608992 -0.20767025 0.0032453205 0.97819351 183.04469
0.97370156 0.031945937 0.22557641 -133.37337 -0.029936783 0.99947583 -0.012322657 -12.640622 -0.22585185 0.0052455589 0.97414754 184.36123
0.96969186 0.031223556 0.24232785 -133.06427 -0.02915849 0.99950151 -0.012104439 -12.673031 -0.24258502 0.0046716619 0.9701189 185.68962
0.965449 0.030328906 0.25882114 -132.7259 -0.027936055 0.99952623 -0.012918967 -12.711295 -0.25909035 0.0052421627 0.96583887 187.02636
0.96085698 0.029915194 0.27542502 -132.3537 -0.026124731 0.99950687 -0.017421488 -12.76339 -0.27581039 0.0095441538 0.96116468 188.36806
0.95596988 0.031370438 0.29178327 -131.95649 -0.026073735 0.99941737 -0.022024762 -12.81712 -0.29230421 0.01344713 0.95623084 189.711
0.95052904 0.033585137 0.30881478 -131.54884 -0.028016555 0.99935532 -0.02245015 -12.848427 -0.30936971 0.012687594 0.9508572 191.06267
0.94481222 0.035239659 0.32571156 -131.10708 -0.029559318 0.99931259 -0.02237388 -12.905007 -0.32627614 0.011511305 0.94520441 192.37944
0.9385917 0.039347868 0.34277888 -130.64672 -0.032462204 0.99913979 -0.025804585 -12.950495 -0.3434994 0.013092612 0.93906163 193.73531
0.93185527 0.040280809 0.36058731 -130.13114 -0.031805356 0.99906128 -0.029410378 -13.007006 -0.36143353 0.015937609 0.93226166 195.07271
0.9251198 0.041168211 0.37743677 -129.60461 -0.031282649 0.99898895 -0.032287239 -13.068522 -0.37838441 0.018062342 0.92547231 196.41465
0.91810758 0.041120236 0.39419232 -129.05955 -0.028820195 0.9988968 -0.037075391 -13.144197 -0.39528203 0.022678499 0.91827981 197.74792
0.90965527 0.044505698 0.41297277 -128.49105 -0.029633555 0.99866322 -0.042351184 -13.2293 -0.41430562 0.026287127 0.90975813 199.06902
0.89992583 0.047922326 0.43340159 -127.87129 -0.030812644 0.99844664 -0.046420672 -13.310206 -0.43495299 0.028420913 0.90000454 200.39302
0.88818316 0.051027054 0.45664746 -127.23517 -0.032626106 0.99830973 -0.04809585 -13.394004 -0.45832984 0.027819296 0.8883467 201.73029
0.87469712 0.055388792 0.48149457 -126.54463 -0.035560432 0.99810506 -0.050217032 -13.492656 -0.48336366 0.026802539 0.87500926 203.03177
0.86051912 0.059708765 0.5059068 -125.82108 -0.03777925 0.99785243 -0.053509403 -13.588157 -0.50801535 0.026933086 0.86092685 204.31263
0.84519946 0.063402874 0.53067686 -125.07531 -0.039263863 0.99762137 -0.056656452 -13.689814 -0.5330068 0.02704958 0.84567848 205.5917
0.83053002 0.06461135 0.55321355 -124.28346 -0.038658694 0.99754048 -0.058467897 -13.791093 -0.55563065 0.027172831 0.8309851 206.85061
0.81419774 0.065938903 0.57683106 -123.41941 -0.037507118 0.9974281 -0.06107699 -13.90358 -0.5793749 0.028093478 0.81457689 208.08185
0.79874951 0.068326896 0.59777139 -122.56056 -0.036194357 0.99718817 -0.065617977 -14.02839 -0.60057408 0.030776377 0.79897661 209.29227
0.78214442 0.070763128 0.61906596 -121.64895 -0.034056702 0.99690017 -0.070923811 -14.156559 -0.6221658 0.034389319 0.78212986 210.49432
0.76504521 0.072255453 0.6399101 -120.68594 -0.032015452 0.9967242 -0.074269012 -14.287941 -0.64318028 0.036332142 0.76485237 211.67709
0.74921711 0.074343242 0.65813887 -119.72543 -0.031034338 0.99652951 -0.07723868 -14.427128 -0.66159703 0.037443638 0.74892415 212.83556
0.73324074 0.075035259 0.67581631 -118.71085 -0.028956893 0.99643681 -0.079216082 -14.568789 -0.67935231 0.038514919 0.73280085 213.96221
0.71683288 0.075399961 0.69315614 -117.67188 -0.026892754 0.99638583 -0.080573249 -14.706724 -0.69672623 0.039116678 0.71626984 215.08286
0.70257052 0.076047286 0.707539 -116.6266 -0.024315059 0.99625829 -0.082934927 -14.855397 -0.71119863 0.041063783 0.70179079 216.15395
0.68746399 0.07740533 0.72208146 -115.51919 -0.021343447 0.99602741 -0.086451435 -15.005915 -0.72590479 0.044020542 0.68638507 217.22336
0.67307211 0.079824977 0.73525633 -114.39893 -0.019273264 0.99571367 -0.090458961 -15.175219 -0.73932572 0.046714616 0.67172559 218.27427
0.65742764 0.08240519 0.74899815 -113.2683 -0.018109743 0.99544296 -0.093623489 -15.331045 -0.75330006 0.047986507 0.65592405 219.3011
0.64127869 0.082893867 0.76281728 -112.12232 -0.01677151 0.99542417 -0.094071475 -15.49599 -0.76712477 0.047532436 0.63973456 220.2857
0.62518497 0.083985453 0.77594468 -110.94448 -0.017231727 0.99543639 -0.093858699 -15.66418 -0.7802864 0.045308183 0.62377909 221.2703
0.60820288 0.085365887 0.78917797 -109.76248 -0.019628042 0.99551377 -0.092558442 -15.841757 -0.79353894 0.040804295 0.60714991 222.23418
0.58972968 0.086012201 0.80300732 -108.54779 -0.021511538 0.99563253 -0.090846684 -15.997566 -0.8073142 0.036301065 0.58900431 223.14574
0.57213816 0.0874647 0.8154801 -107.34925 -0.023673555 0.99564417 -0.090178993 -16.171634 -0.81981556 0.032289531 0.57171662 224.03373
0.55384529 0.091364002 0.82759166 -106.1147 -0.025841041 0.99536869 -0.092592677 -16.34732 -0.83221854 0.029896189 0.5536412 224.88011
0.5353586 0.094589071 0.83931163 -104.89594 -0.027834769 0.99514546 -0.094396761 -16.51284 -0.84416613 0.027174073 0.53539254 225.69604
0.51530604 0.094220997 0.85181103 -103.65965 -0.027113703 0.99523283 -0.09368272 -16.683709 -0.85657725 0.025179522 0.51540417 226.48794
0.49418519 0.093409923 0.86432373 -102.40373 -0.027920172 0.99540325 -0.091612438 -16.849902 -0.86890824 0.021141444 0.49452157 227.23566
0.47296342 0.091589859 0.87630864 -101.14896 -0.027776856 0.99563797 -0.089070106 -17.013545 -0.88064415 0.017785805 0.47344442 227.95052
0.45186398 0.090023222 0.88753293 -99.898816 -0.028083542 0.99583762 -0.086710664 -17.172029 -0.89164473 0.014256359 0.45251132 228.62068
0.42964616 0.088909877 0.89860956 -98.629524 -0.026586789 0.99595503 -0.08582963 -17.32941 -0.90260589 0.012985229 0.43027208 229.26062
