1.000000000000000000e+00 -3.306050084167601550e-19 -2.270457535318767223e-19 -8.673617379884035472e-19 7.546676715296109287e-19 1.000000000000000000e+00 6.237773588823049983e-19 1.387778780781445676e-17 -3.447385680526250622e-20 4.770700176052009879e-20 1.000000000000000222e+00 5.551115123125782702e-17
9.991081387942986058e-01 3.304458636860222245e-03 4.209176657321495735e-02 5.583679919814396597e-02 -3.224075139349487102e-03 9.999928314700068377e-01 -1.977594437876652091e-03 4.154581327558553444e-02 -4.209800777134432848e-02 1.840091186996603611e-03 9.991116652528152509e-01 1.010642774832737067e-01
9.993072156666442662e-01 4.489346505542292885e-03 3.694839036287853040e-02 4.877124033557427019e-02 -4.469234870509871532e-03 9.999898403343299158e-01 -6.269304197449943397e-04 9.610550828424574421e-03 -3.695083044059813832e-02 4.613716898903689784e-04 9.993170764033535436e-01 2.627052920437366046e-01
9.979421038135828370e-01 5.719998934420562203e-03 6.385337261274982856e-02 6.494100379392264699e-02 -5.810407216912358806e-03 9.999823571143225953e-01 1.229978898722248809e-03 2.549371356532686983e-03 -6.384522278560536557e-02 -1.598553169721345871e-03 9.979576925831422640e-01 4.197754086318822297e-01
9.952279996217041624e-01 6.208776551878581948e-03 9.738523644952916392e-02 1.278365156135618519e-01 -6.526635286347477229e-03 9.999743756189788391e-01 2.944283607166532559e-03 2.673289607465281770e-02 -9.736445138503969920e-02 -3.565869879316836948e-03 9.952430002018222144e-01 5.717706474900035030e-01
9.909061227553940254e-01 2.117934046428203432e-03 1.345110501008450477e-01 1.958352627365095022e-01 -2.936160236821084603e-03 9.999783538089014323e-01 5.884434630690384485e-03 3.720820840980812449e-03 -1.344956931003580825e-01 -6.225907302867260927e-03 9.908909264584708776e-01 7.956056539100296865e-01
9.848389653816597145e-01 -9.349429243472615145e-04 1.734952434252220455e-01 2.516385726391375810e-01 -2.093662401213128895e-04 9.999783387212207719e-01 6.577655774582544766e-03 1.759720978339536501e-02 -1.734976582071593165e-01 -6.514191313996608133e-03 9.848174672441656341e-01 9.530872373677419240e-01
9.761517540890953804e-01 -4.303848683676934168e-04 2.171384973277498409e-01 3.450305855765763985e-01 -1.162447927730474954e-03 9.999733168763784708e-01 7.206592452507037429e-03 7.033444532679553052e-03 -2.171358211792342174e-01 -7.287078088686136344e-03 9.761252308724475135e-01 1.194629688851441163e+00
9.642729150967591645e-01 -9.749982611402090984e-04 2.649737580228831990e-01 4.571897892221661319e-01 -1.735035768472455598e-03 9.999485423462148859e-01 9.996826319901641958e-03 2.129057416314714124e-02 -2.649699196604946572e-01 -1.009931457012344311e-02 9.642216167834055662e-01 1.405698859657002586e+00
9.498597136337192381e-01 -4.970809775203727243e-03 3.125981229784104976e-01 5.835448601134856084e-01 -3.549221803723110282e-04 9.998558391449358096e-01 1.697426446982181619e-02 3.108815640297143967e-02 -3.126374748118476710e-01 -1.623368645856988410e-02 9.497210402770703830e-01 1.654465932756011393e+00
9.327534634085085097e-01 -1.429809386063441920e-02 3.602210228244640544e-01 7.218441328314183503e-01 5.584255812097387375e-03 9.996663627899392557e-01 2.522311993172202463e-02 1.998846770019120644e-02 -3.604615016089657842e-01 -2.151469743283422262e-02 9.325221284142845013e-01 1.864191477404264052e+00
9.116664036201590493e-01 -2.022391946689997000e-02 4.104489303187304761e-01 8.781274440286682692e-01 8.525811773059071078e-03 9.995040667302503845e-01 3.031583901881129695e-02 1.648100533452985517e-02 -4.108585185919707006e-01 -2.413831950223195577e-02 9.113867405718323322e-01 2.090817159130705427e+00
8.869569708366054073e-01 -2.174268341685891073e-02 4.613858405470322444e-01 1.061977956746376073e+00 6.753685775756859515e-03 9.993950156315207778e-01 3.411291577243063394e-02 2.279315147544747761e-02 -4.618485940238730714e-01 -2.714009447094195213e-02 8.865672511455520155e-01 2.336562690032735645e+00
8.573862703386954109e-01 -2.332453888543066511e-02 5.141048977154812905e-01 1.250427579191032201e+00 4.548409563676724006e-03 9.992769423632270609e-01 3.775024263486214532e-02 4.250648550469494913e-02 -5.146136746410572282e-01 -3.002798073165591913e-02 8.568724537638369165e-01 2.571252762284051308e+00
8.263455209996658501e-01 -2.961644061622367360e-02 5.624379454384494936e-01 1.475415343651093503e+00 6.192482769612551660e-03 9.990336128206105393e-01 4.351453150536577219e-02 4.651877316542108592e-02 -5.631834275341963680e-01 -3.247264526397382334e-02 8.257305616142942561e-01 2.786433522803460683e+00
7.903707707544687100e-01 -3.544063046854128984e-02 6.115907824860231656e-01 1.710351168003120481e+00 8.545676440492941048e-03 9.988659682970967291e-01 4.683482717381320243e-02 5.173381576326890191e-02 -6.125571272798053801e-01 -3.179097901276432825e-02 7.897772642252598452e-01 2.998310647470695756e+00
7.522670278245757736e-01 -3.938072804357973383e-02 6.577545114082106181e-01 1.974126619681859651e+00 9.164302991593308370e-03 9.987410035446693257e-01 4.931799656514425367e-02 6.418511525122917727e-02 -6.588687093431413455e-01 -3.107394002025508709e-02 7.516807341565728828e-01 3.217649950938941572e+00
7.122963201036701664e-01 -4.282892131874942165e-02 7.007045843111878725e-01 2.265808602747378941e+00 1.065749777901859111e-02 9.986815589700044349e-01 5.022147671141492103e-02 7.727027562291023666e-02 -7.019314600604436016e-01 -2.831101250830687921e-02 7.118133635258130365e-01 3.430032768213346905e+00
6.704076842745165798e-01 -4.449566195353892722e-02 7.407089957075518871e-01 2.564925988407210422e+00 8.716257607830683179e-03 9.986036112046440261e-01 5.210355613953839699e-02 9.011336099514939690e-02 -7.419933377876196667e-01 -2.847320094085383987e-02 6.698594682995262506e-01 3.640919898493076179e+00
6.280477846201157899e-01 -4.469177243089193785e-02 7.770213417319997706e-01 2.902201164095310038e+00 4.657597024955587375e-03 9.985475277049424836e-01 5.366916548691497840e-02 1.180685936823039350e-01 -7.782917827945987632e-01 -3.008705865709423999e-02 6.273436010202787516e-01 3.864398097551094757e+00
5.853591475732625726e-01 -4.531423577757304200e-02 8.094082917817376766e-01 3.247309056146725492e+00 1.918629443813128430e-03 9.985115681328819992e-01 5.451174654841132311e-02 1.310097949572472109e-01 -8.106733881887298043e-01 -3.035888073264120593e-02 5.845748118474137778e-01 4.077942358025809177e+00
5.468695882616306791e-01 -4.698933562256098206e-02 8.359843232032194704e-01 3.635539776531280687e+00 2.929394880195711334e-04 9.984343301851694719e-01 5.593036216654570514e-02 1.508189641408971826e-01 -8.373041401744345524e-01 -3.033693720890630677e-02 5.460273250682148305e-01 4.280987429156585478e+00
5.074081553686516921e-01 -4.951008544084003343e-02 8.601831598511623378e-01 4.053000704204372973e+00 -1.552322395001478651e-03 9.982937393880266796e-01 5.837026821749462940e-02 1.675473287306746273e-01 -8.616056301224445102e-01 -3.094848510358478438e-02 5.064657378231254281e-01 4.502491471136358392e+00
4.699080064227399989e-01 -4.897619230777857519e-02 8.814056369664328150e-01 4.474445053524619631e+00 -4.491173834988771915e-03 9.983141045135943692e-01 5.786730490911825425e-02 1.873078757199694300e-01 -8.827538381685637869e-01 -3.115248246042211233e-02 4.688957636860107692e-01 4.684334296082980131e+00
4.334039035164817255e-01 -4.786022780554705092e-02 8.998050795167216176e-01 4.939933089115177367e+00 -5.404148703848006031e-03 9.984327557261618580e-01 5.570765019440021559e-02 2.129981723453029940e-01 -9.010609186735862863e-01 -2.900662409452039320e-02 4.324661547641619475e-01 4.886889395784239198e+00
4.004644734635864345e-01 -4.789261615854955439e-02 9.150172707115675763e-01 5.440548057993949804e+00 -3.567193208997466222e-03 9.985439194950451736e-01 5.382191919998154800e-02 2.353148993152272550e-01 -9.162630874017797522e-01 -2.481149550996391770e-02 3.997108045530415321e-01 5.073913563874011601e+00
3.699351031615984997e-01 -4.636072121737271762e-02 9.278251544778359783e-01 5.957855599046816941e+00 -1.808535654204969714e-03 9.987162572577928943e-01 5.061613398072331571e-02 2.576550892032188900e-01 -9.289809161249469316e-01 -2.039785830507221190e-02 3.693764804333462548e-01 5.244597210477225602e+00
3.453329654097393453e-01 -4.448612545064237894e-02 9.373408415119820480e-01 6.523940600464548822e+00 -1.198616826673930052e-03 9.988541255157221688e-01 4.785468939104265546e-02 2.879924756708456268e-01 -9.383950847933417716e-01 -1.765457985577332037e-02 3.448840875108180049e-01 5.442659976085830742e+00
3.241960139500326132e-01 -4.351107976305745861e-02 9.448540391507411762e-01 7.090122608365414969e+00 3.007000776240314338e-04 9.989464540632621015e-01 4.589882648743714294e-02 3.087277232844360952e-01 -9.458549999674735753e-01 -1.460532112963775289e-02 3.238674113373676278e-01 5.619635644845778266e+00
3.084019980561316654e-01 -4.352318949186972930e-02 9.502126448710517259e-01 7.685857678712566532e+00 8.199299789684718828e-04 9.989644242492532467e-01 4.548483882636347730e-02 3.385492580807256680e-01 -9.512086606973843006e-01 -1.324240766761450305e-02 3.081185008189286090e-01 5.811552915203810343e+00
2.975610558405402117e-01 -4.614860545051922835e-02 9.535593763858883909e-01 8.321199288254936377e+00 1.794593905818498477e-03 9.988560455352635259e-01 4.779168418461060552e-02 3.581101440202642539e-01 -9.546740280752582519e-01 -1.250956830538183656e-02 2.973037817552236506e-01 6.000811225013745087e+00
2.872103481242223588e-01 -4.783413668529176710e-02 9.567360277902258181e-01 8.964932135275152092e+00 1.151158627097220071e-03 9.987687070935739042e-01 4.960173431915575193e-02 3.882569772088352300e-01 -9.579305753793827538e-01 -1.314579590077332230e-02 2.869119417151874130e-01 6.196178193066888440e+00
2.756240297909926529e-01 -4.915461195805551770e-02 9.601157250966333434e-01 9.648091898770822183e+00 -7.565778539348757496e-04 9.986801045820677958e-01 5.135102632680862283e-02 4.214976595267570514e-01 -9.613732101075197489e-01 -1.487062693459508499e-02 2.752233617264116528e-01 6.388194840421849818e+00
2.651086304956046247e-01 -5.117546892283838383e-02 9.627511445993109929e-01 1.033531109283544680e+01 -1.239675833722174176e-03 9.985715907554812976e-01 5.341803639414405974e-02 4.507594231970588616e-01 -9.641092943056369657e-01 -1.535877357731068628e-02 2.646665259088721855e-01 6.584815669834613416e+00
2.557153808044471122e-01 -5.311483501992410317e-02 9.651802190476631571e-01 1.106157232968217308e+01 -1.820198899549540844e-03 9.984608992622768797e-01 5.543506540209346828e-02 4.829080984551119560e-01 -9.666392819587373841e-01 -1.592839498274104329e-02 2.552256671931791288e-01 6.774937536215612788e+00
2.450804403674989584e-01 -5.437551166199082464e-02 9.679611320447790712e-01 1.180680950900648440e+01 -2.653145216911595005e-03 9.983846666005582460e-01 5.674672001944276734e-02 5.166265304791698432e-01 -9.694834427511271890e-01 -1.647497188898884926e-02 2.445401437243103770e-01 6.964324303495951440e+00
2.337939265104004294e-01 -5.616876285285481857e-02 9.705853829258735965e-01 1.257072937904917431e+01 -2.937692642633729211e-03 9.982851843646568524e-01 5.846568818444169285e-02 5.468168153948873567e-01 -9.722036874505939341e-01 -1.653819893968299509e-02 2.332271562672386667e-01 7.149520274179912427e+00
2.236334448444097234e-01 -5.903164404648555963e-02 9.729199394924147315e-01 1.334858571964372054e+01 -4.889476536700299025e-03 9.980834431464058465e-01 6.169817131356305356e-02 5.845049397045687378e-01 -9.746971369979400279e-01 -1.855800559337988584e-02 2.229165660935809035e-01 7.328632392275793883e+00
2.127094290154091238e-01 -6.317602915783693263e-02 9.750234665777787191e-01 1.413938371543287964e+01 -6.252058104586823151e-03 9.977994415749170676e-01 6.602107999665038363e-02 6.285742192677509221e-01 -9.770474782326641350e-01 -2.015630706135556130e-02 2.118460958117277526e-01 7.504167666560944028e+00
1.993673413384797755e-01 -6.560280580359947877e-02 9.776600544720216446e-01 1.494204387169573778e+01 -6.871950912219988716e-03 9.976388049839693961e-01 6.833650366665823539e-02 6.662232796377974831e-01 -9.798337774505281317e-01 -2.035419761063847824e-02 1.984452801835935032e-01 7.668511140235575674e+00
1.871676511753225247e-01 -6.832604543988102241e-02 9.798851913765372901e-01 1.574897409765783074e+01 -8.430034828409592104e-03 9.974292576849073111e-01 7.115699404931012662e-02 7.046933373900329256e-01 -9.822286365574730560e-01 -2.157051345801659289e-02 1.861109755706555902e-01 7.819966576414520532e+00
1.718388285301722107e-01 -6.838552693169963614e-02 9.827952655371479107e-01 1.656595958647470113e+01 -8.245952110465732884e-03 9.974535097193993893e-01 7.083637651640491140e-02 7.429023210768330721e-01 -9.851360038465750701e-01 -2.028834924337185111e-02 1.708365603710339520e-01 7.972841075842655556e+00
1.600982485204790473e-01 -6.830563974045956999e-02 9.847255639687824136e-01 1.738079430084468058e+01 -9.393762958589998990e-03 9.974529612428524317e-01 7.071954103436549344e-02 7.878311371982391620e-01 -9.870459445744449445e-01 -2.059997808331049882e-02 1.590480400764513746e-01 8.099829256613787720e+00
1.421101115418093030e-01 -6.761999504562893337e-02 9.876194172399105353e-01 1.821410517956599762e+01 -1.086434992433879185e-02 9.974962277062668914e-01 6.986741259996040454e-02 8.249648380973775286e-01 -9.898737037481261103e-01 -2.062620845428035296e-02 1.410208071151823062e-01 8.218387232303721035e+00
1.208023338723107770e-01 -6.554868367757060721e-02 9.905413758232466392e-01 1.904036991148375790e+01 -1.370808982816857334e-02 9.976116037473335973e-01 6.768946474382457612e-02 8.663134502513258894e-01 -9.926141586801650041e-01 -2.173495441151750834e-02 1.196158552852096546e-01 8.322693159535514695e+00
9.730815103425785595e-02 -6.426911473799912233e-02 9.931741394593529559e-01 1.987591477784411964e+01 -1.741061610738824789e-02 9.976506389440704670e-01 6.623937085200333474e-02 9.082181811510562364e-01 -9.950983737367837811e-01 -2.373425110139343319e-02 9.596007284134336346e-02 8.402398584928906899e+00
6.705606004585812352e-02 -6.404375935029574252e-02 9.956885004935727146e-01 2.071608184804836483e+01 -2.186343364584686019e-02 9.976039538006716834e-01 6.562919797466333638e-02 9.463593449826651627e-01 -9.975063894559048627e-01 -2.616445192494321753e-02 6.549513227544905003e-02 8.455976983554835513e+00
3.248716182741934883e-02 -6.470155839351664218e-02 9.973720975400931499e-01 2.158416434508189496e+01 -2.608384395166142913e-02 9.975076089837799920e-01 6.557970392629544620e-02 9.885375065961712338e-01 -9.991285004449733664e-01 -2.815875657939904270e-02 3.071862652778713926e-02 8.481494573221317168e+00
-1.264432309703777827e-03 -6.379930445132239725e-02 9.979614907016784997e-01 2.243135699547458017e+01 -2.608506025136071715e-02 9.976245141824032769e-01 6.375287739721180458e-02 1.020904062652685962e+00 -9.996601695801076159e-01 -2.592171944642413309e-02 -2.924938554206393641e-03 8.473183308496835764e+00
-3.555350264522028764e-02 -6.335335160053968961e-02 9.973587756845727625e-01 2.330040590415792678e+01 -2.750482960603174015e-02 9.976718174676897366e-01 6.239647103246044602e-02 1.056106709429968982e+00 -9.989921688441514291e-01 -2.517805331891958751e-02 -3.721254529551091400e-02 8.436168921599049852e+00
-6.827147666512130286e-02 -6.132551045237538689e-02 9.958130588000714267e-01 2.415291350444212171e+01 -2.978884387269845752e-02 9.977892388924999301e-01 5.941166103111931995e-02 1.086058145437604594e+00 -9.972549287623652114e-01 -2.561351935328936777e-02 -6.994734839948238414e-02 8.374139668026083783e+00
-1.012844059131687013e-01 -5.856655769060940819e-02 9.931381385186454080e-01 2.500693360198831172e+01 -3.207792277768036632e-02 9.979392146965229138e-01 5.558757898255214241e-02 1.125064124887777517e+00 -9.943454707905767798e-01 -2.626096985248372803e-02 -1.029546725390571432e-01 8.282531661817824187e+00
-1.345455817051149916e-01 -5.410057593753159200e-02 9.894169690970271436e-01 2.586921903912464415e+01 -2.962872104226779713e-02 9.982812063399986169e-01 5.057736712514138838e-02 1.150522081234130356e+00 -9.904531791180277711e-01 -2.250346949919297679e-02 -1.359168524381138554e-01 8.162631832515605979e+00
-1.640799768103983480e-01 -4.727152320006578617e-02 9.853558343159284361e-01 2.671564206592470470e+01 -2.488756301170991225e-02 9.987317027852967710e-01 4.376792230223380126e-02 1.174279597724858792e+00 -9.861749292587853599e-01 -1.734940349677138033e-02 -1.650485123070287996e-01 8.010508740369543190e+00
-1.952843766975211892e-01 -4.108984013149636488e-02 9.799315062332225601e-01 2.756823552247182363e+01 -1.802171990788595246e-02 9.991038232150343257e-01 3.829518358535191624e-02 1.190016049921616803e+00 -9.806267098370823332e-01 -1.018651341574142687e-02 -1.958499985471227334e-01 7.838407208865323383e+00
-2.251187003750059479e-01 -3.605161821768836095e-02 9.737059423601855945e-01 2.839894311125243576e+01 -1.240794397974298059e-02 9.993400244506205343e-01 3.414808073993723381e-02 1.205037028645198349e+00 -9.742945498949057148e-01 -4.387163318922495531e-03 -2.254171303404919058e-01 7.624825229837584040e+00
-2.516733302848613851e-01 -3.010242305394150025e-02 9.671935634081885169e-01 2.923217602644849578e+01 -3.870048888614870987e-03 9.995393445412640299e-01 3.009370585397498285e-02 1.213349276760913753e+00 -9.676542510137465802e-01 3.838174643728561094e-03 -2.516737973832336994e-01 7.396253652368086406e+00
-2.813221780896324464e-01 -1.955544345147413807e-02 9.596002867498296673e-01 3.005875412071065256e+01 2.731232742248581279e-03 9.997719966197815555e-01 2.117601321251449953e-02 1.212285388191618019e+00 -9.597956657690801530e-01 8.571841373182207541e-03 -2.812047177935309561e-01 7.145279050527976850e+00
-3.014739378165540717e-01 -5.149353639164289814e-03 9.533315382042326647e-01 3.085898108622079050e+01 6.796697569628223912e-03 9.999483952321857050e-01 7.545525147862701225e-03 1.201700164389519321e+00 -9.533210858928494735e-01 8.753941762327568585e-03 -3.014234806623966034e-01 6.873656337133752459e+00
-3.269046657679952617e-01 1.222670396245360835e-02 9.448548635726773393e-01 3.165153715874272677e+01 7.536051657042057254e-03 9.999182462820219719e-01 -1.033165060547154568e-02 1.184103610225683667e+00 -9.449038369717477348e-01 3.747163374660130147e-03 -3.269701129923591743e-01 6.600443772545042442e+00
-3.527287103691084114e-01 2.812837867610237449e-02 9.351317828771907870e-01 3.244748580036652896e+01 7.897553318914616802e-03 9.996019193385612400e-01 -2.708789209073268756e-02 1.163431333539599155e+00 -9.355213555768857603e-01 -2.165196644803814817e-03 -3.528105051215676968e-01 6.304839027668781348e+00
-3.763579987718000397e-01 3.892079935627092147e-02 9.255106648881566977e-01 3.322629292824188951e+01 1.119723575478911819e-02 9.992349452752070649e-01 -3.747371458946694572e-02 1.128233409894794148e+00 -9.262612531007682337e-01 -3.743652462597959595e-03 -3.765056772773326954e-01 5.984127383408730516e+00
-4.006754479170499539e-01 4.310029450932200551e-02 9.148884150210192523e-01 3.400377088985802487e+01 1.509670587920339778e-02 9.990676454992453159e-01 -4.044059952264227042e-02 1.074520466707467259e+00 -9.157786154050535643e-01 -2.404303476909578664e-03 -4.009523780078392274e-01 5.647255974328422745e+00
-4.227032037125827424e-01 4.262491096870189844e-02 9.050812197922147861e-01 3.477948820475267411e+01 1.808936827696979582e-02 9.990904754977297797e-01 -3.861727630909850273e-02 1.031778838481117955e+00 -9.059046999893912711e-01 3.900296256528702261e-05 -4.230895196431944671e-01 5.281627796185192736e+00
-4.426998683659425504e-01 3.876416554527206682e-02 8.956356085781057574e-01 3.554470937304321154e+01 2.112949150151349764e-02 9.992386560131860662e-01 -3.278506994200771490e-02 9.870194810237894467e-01 -8.962250604596401216e-01 4.397456620434672496e-03 -4.431818099460563820e-01 4.902864754206113673e+00
-4.617382273492438571e-01 3.674708107588443157e-02 8.866621781874916008e-01 3.628778601625125333e+01 2.834344025642179452e-02 9.992425499077297602e-01 -2.667302584613236507e-02 9.414205005596290032e-01 -8.869704976701761057e-01 1.282673245429190659e-02 -4.624300372897022782e-01 4.509617495131676534e+00
-4.748101521012098591e-01 3.696828342969289000e-02 8.788921445578220526e-01 3.702049024968900426e+01 3.193971573868150532e-02 9.991829470419091308e-01 -2.475628653459240394e-02 8.931288417125984314e-01 -8.790899154052441711e-01 1.629952041732525558e-02 -4.756029334809672160e-01 4.101520654976987146e+00
-4.851703276788558172e-01 4.033553326777401110e-02 8.730936465750244180e-01 3.774431240777939678e+01 3.459129139281763576e-02 9.990388504497386135e-01 -2.690518230546300876e-02 8.555341566733181136e-01 -8.733402349314284274e-01 1.713779104025230440e-02 -4.860993148164759470e-01 3.690512096661699548e+00
-4.969689250735893071e-01 4.340555432928536878e-02 8.670566816141926925e-01 3.844959820816299612e+01 3.651026284765018781e-02 9.989097135680140571e-01 -2.910118458932439353e-02 8.054368545586780836e-01 -8.673745998292748949e-01 1.720222805051774620e-02 -4.980118887294101571e-01 3.288015115331959670e+00
-5.051634495454562224e-01 4.349568984270246047e-02 8.618584538552936936e-01 3.915643428873881504e+01 3.059500526778041740e-02 9.990036181444885699e-01 -3.251529605312288018e-02 7.684005897121265471e-01 -8.624139543578328571e-01 9.955484391905069716e-03 -5.059907542504299416e-01 2.875150159200385858e+00
-5.170551230167740320e-01 4.108340914217555040e-02 8.550465097009372073e-01 3.985411401526424413e+01 2.852974354707159613e-02 9.991195612816449190e-01 -3.077138836886459186e-02 7.345026110178283218e-01 -8.555579627756971783e-01 8.488136040298703902e-03 -5.177719120197535885e-01 2.463761174588325886e+00
-5.260786190250213989e-01 4.291841259023910365e-02 8.496609666097574287e-01 4.055502754404484023e+01 3.130933879502682815e-02 9.990262398500928676e-01 -3.109297316075311512e-02 6.926334747659337321e-01 -8.501676812498341063e-01 1.026257811437004779e-02 -5.269102687399580542e-01 2.026220702568681808e+00
-5.340931208300840893e-01 4.511876867323309087e-02 8.446859470776875156e-01 4.125705027483065379e+01 3.383098739604929045e-02 9.989157999959594747e-01 -3.198860588972983476e-02 6.449789683299609333e-01 -8.452128593156474912e-01 1.151819169672190293e-02 -5.350407058039063912e-01 1.584059304367111620e+00
-5.369118074663049578e-01 4.915785480057677237e-02 8.419705787173207279e-01 4.196503337611358120e+01 3.564392998304299898e-02 9.987310955705737125e-01 -3.556366022137352062e-02 6.153400450806231214e-01 -8.426511610905096372e-01 1.090395334205818308e-02 -5.379827588493553137e-01 1.137632582488921074e+00
-5.341687057311114151e-01 5.118825476091167642e-02 8.434642561974842190e-01 4.269180418031190527e+01 3.490328625682218022e-02 9.986497158881921798e-01 -3.843934459710950102e-02 5.728329403234482253e-01 -8.442935940600377887e-01 8.892832304006283509e-03 -5.352342865051946674e-01 6.766957742610744120e-01
-5.316423575038687899e-01 5.147534272678129519e-02 8.452547707447506387e-01 4.343912909937647981e+01 3.731001579201993074e-02 9.986051762977427027e-01 -3.737773781466369183e-02 5.381680327996267721e-01 -8.460003829749137561e-01 1.166031607216047074e-02 -5.328210636898089714e-01 2.032600697503674780e-01
-5.274467596431295924e-01 5.018793803382815000e-02 8.487180902447972741e-01 4.419029224686647694e+01 3.613823289511312875e-02 9.986754700581977895e-01 -3.663882145497118770e-02 4.897744759453870333e-01 -8.494325244313264411e-01 1.136089942486800952e-02 -5.285621202012926734e-01 -2.457039199408816155e-01
-5.170142454725572545e-01 4.841205514432094653e-02 8.542906716946968571e-01 4.498703233025517534e+01 3.358086382132715458e-02 9.987776571836235462e-01 -3.626281830103277037e-02 4.439031276465664755e-01 -8.550024574550576517e-01 9.933837446785647590e-03 -5.180080425246650355e-01 -7.235643520205637946e-01
-5.104298174126976617e-01 4.887625188993083292e-02 8.583471645472864342e-01 4.578011668903224063e+01 3.237452722814909700e-02 9.987675053976100559e-01 -3.761768838285024785e-02 4.025815953028885619e-01 -8.591287708857298089e-01 8.569285484601838962e-03 -5.113828702130005510e-01 -1.180236957254427343e+00
-5.038622429311039319e-01 4.605947149966528598e-02 8.621980260518385952e-01 4.658170054940205773e+01 2.910651365499609261e-02 9.989149901272589283e-01 -3.634208877896839135e-02 3.640384110859616884e-01 -8.629375443544483604e-01 6.758583822108302740e-03 -5.046559495391420569e-01 -1.639319589711782044e+00
-4.987564497532196439e-01 4.452563037217664027e-02 8.651028869482993988e-01 4.741485657635303141e+01 2.510126180054454356e-02 9.990023605465641054e-01 -3.691791252216583552e-02 3.171720313439475025e-01 -8.658845069189636812e-01 3.271414435902237749e-03 -4.993763684330386754e-01 -2.099849836301742378e+00
-4.988726167806267209e-01 4.048756609301564641e-02 8.654521425118634204e-01 4.824965382725105201e+01 1.976907652531421575e-02 9.991793507339347125e-01 -3.534912523183378341e-02 2.716567571477512821e-01 -8.661738168532077120e-01 -5.474754423186132266e-04 -4.992633248441923910e-01 -2.569188419067751639e+00
-4.975374479318971366e-01 3.764713405164588078e-02 8.662373489630197376e-01 4.912280388085929417e+01 1.645836312166580606e-02 9.992874057919317599e-01 -3.395700064455081657e-02 2.263517588539962211e-01 -8.668989545277990816e-01 -2.660180850179359475e-03 -4.978022826319156713e-01 -3.050698824288321287e+00
-4.989551619354948286e-01 3.678535146071309353e-02 8.654180638887730703e-01 5.000018821250545642e+01 1.549460506773357726e-02 9.993171041944701738e-01 -3.354716444360216626e-02 1.783127836175201486e-01 -8.660614493168701244e-01 -3.340448534795284214e-03 -4.991841544782135709e-01 -3.543429399634680177e+00
-5.013615761604471865e-01 3.615382863506039907e-02 8.649785162116020443e-01 5.087804911337879332e+01 1.549521516207221471e-02 9.993422154698409221e-01 -3.280176149217729764e-02 1.280331902489821871e-01 -8.655947324454063008e-01 -3.011028179960072246e-03 -5.015921443409792069e-01 -4.031073817631344980e+00
-4.999512182234960300e-01 3.503198090558713035e-02 8.652796093736692118e-01 5.177894756817377697e+01 1.510142753099099483e-02 9.993823853732207718e-01 -3.171213213471731768e-02 8.196150771733484719e-02 -8.658565814346127487e-01 -2.806927190223616232e-03 -5.001715164424800353e-01 -4.555714215175188819e+00
-4.989131885569717539e-01 3.540415454734587020e-02 8.658001738604569342e-01 5.268391611244096140e+01 1.571653410627186706e-02 9.993702714559268285e-01 -3.181460111884966413e-02 3.658769165629274095e-02 -8.663815649905105554e-01 -2.271276507388080793e-03 -4.991552578524158235e-01 -5.065925582031502117e+00
-4.989152716189451109e-01 3.473259721392817079e-02 8.656522803822508383e-01 5.359536909953087758e+01 1.526339029867939713e-02 9.993935549592419809e-01 -3.129427016126978128e-02 -1.342463751368623559e-02 -8.662143403323563362e-01 -2.405426663936383307e-03 -4.991428114717819109e-01 -5.572142206311525570e+00
-4.999975266223607440e-01 3.390688902372683555e-02 8.652695996236867693e-01 5.451761994528731492e+01 1.325736222101064898e-02 9.994159900698543764e-01 -3.148115120843386627e-02 -6.283694957724679508e-02 -8.658317230217253968e-01 -4.278694375821240001e-03 -5.001552960662071223e-01 -6.090643115301697108e+00
-4.975826871431607290e-01 3.178990066980331985e-02 8.662934507051573974e-01 5.543029927209906305e+01 1.184117163399929333e-02 9.994834433068818802e-01 -2.986383056089835300e-02 -1.164527510229088070e-01 -8.667960693148422102e-01 -4.633474891572454159e-03 -4.977018175555517621e-01 -6.587666996848915879e+00
-4.989817687531267199e-01 3.092511162415416751e-02 8.657637362563360695e-01 5.635088069050458870e+01 1.132130218760362371e-02 9.995101495684366455e-01 -2.917589942440537015e-02 -1.682641906901779227e-01 -8.662420662034491237e-01 -4.759549344853761070e-03 -4.990872895162530298e-01 -7.102155545609194043e+00
-4.961891583525080973e-01 3.041033258935452524e-02 8.673639603701627232e-01 5.727427104830341165e+01 1.087413742093116392e-02 9.995253340917034102e-01 -2.881579504393502397e-02 -2.245546935138849065e-01 -8.678288106072490349e-01 -4.881116964324096717e-03 -4.962842012042069095e-01 -7.621749420037048139e+00
-4.947351881194200773e-01 2.769699287001491095e-02 8.684444161614192081e-01 5.818240640861277058e+01 1.078328504645520436e-02 9.996106985542844159e-01 -2.571959018672911185e-02 -2.741852503413071407e-01 -8.688187420576993780e-01 -3.366208544984512687e-03 -4.948414559171183114e-01 -8.104677074089257971e+00
-4.922600668483816944e-01 2.676077047569755396e-02 8.700383314317715611e-01 5.911635172747671874e+01 1.192268081277592269e-02 9.996407657177768247e-01 -2.401316476286288748e-02 -3.204090478275885556e-01 -8.703680708838967828e-01 -1.432082471182891201e-03 -4.924022006489513492e-01 -8.631850107691969143e+00
-4.894446214735668765e-01 2.586805662579656426e-02 8.721409493542039426e-01 6.002647350143911353e+01 1.204355672363848287e-02 9.996653002820401479e-01 -2.290623845351621307e-02 -3.687996917758612492e-01 -8.724413273923841139e-01 -6.904500563067082156e-04 -4.895924947283493145e-01 -9.128040147560314566e+00
-4.856404475800318310e-01 2.608906469959824254e-02 8.734937923177922281e-01 6.095578807265289356e+01 1.196826665123016178e-02 9.996591406299895066e-01 -2.319938536294084350e-02 -4.121136862823376323e-01 -8.738014938357537842e-01 -8.206490211593682124e-04 -4.857871914706729521e-01 -9.637436415772599574e+00
-4.842543262683954852e-01 2.649419240932619421e-02 8.744998880781127415e-01 6.187328759257902533e+01 1.183731605407459253e-02 9.996484121479534135e-01 -2.372174673488973082e-02 -4.653872455415267728e-01 -8.748209754037696850e-01 -1.137704851672875252e-03 -4.843978526546891539e-01 -1.013406529487262375e+01
-4.880999173787972656e-01 2.733562310997599692e-02 8.722454586127245113e-01 6.275190087097907110e+01 1.124333370430930477e-02 9.996235070277761370e-01 -2.502076736547226982e-02 -5.116110636131272482e-01 -8.726010855380944564e-01 -2.414079130712178892e-03 -4.882236571691205285e-01 -1.062140509168829716e+01
-4.896087210640826526e-01 2.907410842725222794e-02 8.720594028153247912e-01 6.365437200446999810e+01 9.188036449963415606e-03 9.995610124869565016e-01 -2.817287091151316966e-02 -5.603608078705898388e-01 -8.724953385056392063e-01 -5.760008665458250625e-03 -4.896612610159218892e-01 -1.112651164136649484e+01
-4.924497538283243436e-01 3.009585423637532384e-02 8.699677038651437710e-01 6.455669128076790741e+01 8.683470339721400741e-03 9.995222173070966720e-01 -2.967366495851506830e-02 -6.161433031715392028e-01 -8.704447285292304937e-01 -7.038033791919931503e-03 -4.924759118220492504e-01 -1.162879139250730098e+01
-4.990470672866739732e-01 2.909117653903699197e-02 8.659390845685892568e-01 6.545073750784914068e+01 8.568822822693533334e-03 9.995530472094923402e-01 -2.864042979471071587e-02 -6.572262304808994537e-01 -8.663852871189132721e-01 -6.873001276270871741e-03 -4.990733524833195212e-01 -1.213092247091935150e+01
-5.040937431784325851e-01 2.614697150351244503e-02 8.633704017383537765e-01 6.633505550884039792e+01 1.168569396117807337e-02 9.996566066551535457e-01 -2.345734071194175568e-02 -7.102402605773283639e-01 -8.636872423504781127e-01 -1.729053707631296585e-03 -5.042262197808897728e-01 -1.265245949477683141e+01
-5.093935443353210246e-01 2.337377323676257182e-02 8.598559515482041560e-01 6.720381032503075858e+01 8.140150044145999866e-03 9.997170293419758158e-01 -2.234727616816049520e-02 -7.582402293589776132e-01 -8.601352422749239945e-01 -4.398369458825049198e-03 -5.094395290511493091e-01 -1.314637383255285918e+01
-5.132275444245525398e-01 2.588122268527316347e-02 8.578763762726657749e-01 6.808692442382856314e+01 9.460012818416659378e-03 9.996551451333203220e-01 -2.449891753669033306e-02 -8.088789047075061189e-01 -8.582147043795991248e-01 -4.459553144806318627e-03 -5.132953480155917347e-01 -1.365990048486171027e+01
-5.160816624954384091e-01 2.781485309072473031e-02 8.554884302431913223e-01 6.894768732734866035e+01 9.243165625395998244e-03 9.995949335454825668e-01 -2.691152384633625771e-02 -8.547899125351542393e-01 -8.558907786599465606e-01 -5.995555782141200399e-03 -5.161295883222304370e-01 -1.417393460170460529e+01
-5.227827465383636518e-01 2.787667815764534318e-02 8.519461691890882760e-01 6.979811394694473847e+01 7.855555766980581653e-03 9.995800392679488056e-01 -2.788484674430662807e-02 -9.002474951779104728e-01 -8.523661260781563165e-01 -7.897246944456847925e-03 -5.227822165691540235e-01 -1.467329191977117198e+01
-5.266645418680067081e-01 2.868470747912474361e-02 8.494367012568442288e-01 7.065580469952695353e+01 7.462708388255433201e-03 9.995477637335216103e-01 -2.912326605535920168e-02 -9.500630377842906871e-01 -8.498883484970283231e-01 -9.013293515228976149e-03 -5.266403529652159410e-01 -1.519890051595885438e+01
-5.294497106330003922e-01 2.727481814195410054e-02 8.481428140102298396e-01 7.150074126517741036e+01 7.137062893841502123e-03 9.995910551879951811e-01 -2.770283554945091389e-02 -1.003017770287931931e+00 -8.485512343423091686e-01 -8.591089098336448029e-03 -5.294278793412189321e-01 -1.570724833115405694e+01
-5.331115470896324871e-01 2.063651940336791099e-02 8.454407461708863813e-01 7.233475412996662612e+01 8.469872410760765497e-03 9.997824478604310228e-01 -1.905465754807099399e-02 -1.048601063424753566e+00 -8.456503702339485118e-01 -3.013442768790386243e-03 -5.331702532259375849e-01 -1.623040891120703932e+01
-5.344040649906616203e-01 1.182701233965726718e-02 8.454188255012008435e-01 7.317592001558678305e+01 8.684020954865829395e-03 9.999260892850180271e-01 -8.504292733546239477e-03 -1.089964710367524958e+00 -8.454569786696463085e-01 2.804675313323926229e-03 -5.344673725571433831e-01 -1.676882655017973889e+01
-5.357976639521254691e-01 8.695274639610846290e-03 8.437352336355469218e-01 7.399158408481204674e+01 8.355992079024664870e-03 9.999525298053372202e-01 -4.992421400042134326e-03 -1.124613043695138037e+00 -8.437387935071795075e-01 4.372182629696517650e-03 -5.358448291939708064e-01 -1.728290513081282143e+01
-5.358307096192764796e-01 1.433812185993824789e-02 8.435722462950835387e-01 7.482070912533052365e+01 8.647944640005617370e-03 9.998964271358714573e-01 -1.149847310665332717e-02 -1.154068510984846530e+00 -8.436499202241006801e-01 1.131636031720961678e-03 -5.358992088419733957e-01 -1.781159501316911076e+01
-5.383321013934865285e-01 1.938749848736215711e-02 8.426697717727015258e-01 7.563211611624677744e+01 9.005466105215178749e-03 9.998105828567631637e-01 -1.724757895195239837e-02 -1.191013584150662830e+00 -8.428447613754066481e-01 -1.695348235700615876e-03 -5.384047128475539790e-01 -1.833065403157990403e+01
-5.396014002359672546e-01 2.466758454423565589e-02 8.420612657911547005e-01 7.645013975522344651e+01 1.597073365564366521e-02 9.996907550498546069e-01 -1.906504273884410822e-02 -1.224679060953047571e+00 -8.422711379101366358e-01 3.167649549496563514e-03 -5.398285081990497059e-01 -1.885437936120828084e+01
-5.381259110492508935e-01 2.392933460610624508e-02 8.426080612250231860e-01 7.727087829917493877e+01 1.820202654237731976e-02 9.996936257084593214e-01 -1.676412350159512885e-02 -1.266077762467572088e+00 -8.427514086816966232e-01 6.306030182224546012e-03 -5.383966712632122231e-01 -1.939003193292845495e+01
-5.381239271097055799e-01 2.078739468557144407e-02 8.429339486966662687e-01 7.809633931632211556e+01 1.716345499218328852e-02 9.997587384581437808e-01 -1.370082918554683775e-02 -1.305699609056545585e+00 -8.430156957842181997e-01 7.091888268227266971e-03 -5.383508171505927420e-01 -1.990542531172369678e+01
-5.381206723403690884e-01 1.566737275737001278e-02 8.431260056527589697e-01 7.891476045744110479e+01 1.598804453073699589e-02 9.998370311446443948e-01 -8.377602180611445556e-03 -1.330728175906878530e+00 -8.431200115403082451e-01 8.968121001193356950e-03 -5.382834125991360352e-01 -2.041894473097102036e+01
-5.357124393433527754e-01 9.328525107490258719e-03 8.445934742606355794e-01 7.974033600030023194e+01 1.316005034579532419e-02 9.999096824302377007e-01 -2.701362782185721262e-03 -1.359957026244158929e+00 -8.445425777013870761e-01 9.671442459400899846e-03 -5.357868322058424448e-01 -2.093444607956599057e+01
-5.358549790996162132e-01 3.392121878362180411e-03 8.440949879254766586e-01 8.054795751797119863e+01 4.480658506333271528e-03 9.999891857186780086e-01 -1.176388122266633883e-03 -1.382683606474275795e+00 -8.440900055204186847e-01 3.154324888434900317e-03 -5.358646415136235630e-01 -2.142701640142606223e+01
-5.331884483878107650e-01 -1.911242823789450346e-03 8.455840010161066456e-01 8.136883103838890463e+01 -3.598016275027848907e-03 9.999934565986995372e-01 -1.502822427725555094e-05 -1.397415117866649847e+00 -8.455785867430665181e-01 -3.057805158452294066e-03 -5.331919463059816566e-01 -2.192492687255548489e+01
-5.317398069107530656e-01 -2.189109546385405950e-03 8.470877044479230289e-01 8.218807095347162317e+01 -1.467094759588243600e-03 9.999975084637771072e-01 1.669904886072184642e-03 -1.420143455543233291e+00 -8.470893720859823395e-01 -3.613464914707847160e-04 -5.317418934475551806e-01 -2.243253706808360803e+01
-5.292088470252296339e-01 1.234074499145995521e-03 8.486047370844753690e-01 8.299278610251514010e+01 3.750236169446785704e-03 9.999924827743101874e-01 8.876916040609162187e-04 -1.446416930519972777e+00 -8.485973394617812859e-01 3.653678982224599445e-03 -5.292097178833273796e-01 -2.293253199810108356e+01
-5.249844355052910583e-01 4.065470870011304166e-03 8.516407568765324010e-01 8.380648236330389977e+01 4.915661955361074094e-03 9.999863896102076932e-01 -1.742759416109991490e-03 -1.463839204815466033e+00 -8.516364573282884098e-01 3.270414772677841548e-03 -5.249971976542636698e-01 -2.343758965551830897e+01
-5.158183529873531237e-01 7.159857469878876633e-03 8.566830599243299149e-01 8.462207914344820381e+01 1.014349880674902948e-02 9.999459403955545111e-01 -2.251635351189342025e-03 -1.481847925883292838e+00 -8.566531217690827038e-01 7.528624030953205530e-03 -5.158631864491866059e-01 -2.392810521548950220e+01
-5.076757994768893445e-01 9.739061558408703204e-03 8.616428005352197994e-01 8.542920327470007180e+01 1.767083056452280199e-02 9.998433922078534541e-01 -8.929618865875119061e-04 -1.508650301081736922e+00 -8.615166886357115139e-01 1.477190690651898272e-02 -5.077684528498302985e-01 -2.440466434361896120e+01
-4.972627093190570280e-01 8.324197242597870805e-03 8.670628098213408741e-01 8.625352528375553618e+01 1.562056496232636441e-02 9.998776784406104845e-01 -6.333576677549879966e-04 -1.534596015707158978e+00 -8.669620468308537609e-01 1.323278324433176112e-02 -4.973320604434987025e-01 -2.487091613240453469e+01
-4.868981849314046872e-01 5.272335639382248924e-03 8.734555109137599471e-01 8.708115014689953171e+01 1.202386240563435744e-02 9.999274208428287070e-01 6.668969018462687177e-04 -1.548554120406871792e+00 -8.733886059951001535e-01 1.082903176703867328e-02 -4.869262161970686065e-01 -2.531104137517518637e+01
-4.751103736927793642e-01 2.243146592194806763e-03 8.801147396209043627e-01 8.792289557451539395e+01 1.325799460571085164e-02 9.999014602297198184e-01 4.608673940659897827e-03 -1.566877658986978616e+00 -8.800177979334335987e-01 1.385564450147297628e-02 -4.750933893743122249e-01 -2.576519352334845436e+01
-4.633615229319972828e-01 6.135629206504027069e-04 8.863817090395758047e-01 8.876091353348520840e+01 1.287163876581321094e-02 9.998988394835259808e-01 6.038111820395110872e-03 -1.584722205237940162e+00 -8.862884566987689894e-01 1.420451407285548695e-02 -4.633225471881254331e-01 -2.619331371091371352e+01
-4.530079635177018393e-01 7.918114568778023129e-04 8.917950201411418698e-01 8.960206056057802471e+01 1.340609310859307984e-02 9.998926072114519004e-01 5.919733131545536556e-03 -1.585740205812604664e+00 -8.916946425490429595e-01 1.463353368292132951e-02 -4.529699560602355457e-01 -2.660786274479652391e+01
-4.389076357506702664e-01 7.582495940658208521e-04 8.988562678898126546e-01 9.046031328986367726e+01 1.479848518701588553e-02 9.998701746350251440e-01 6.381186032719621780e-03 -1.609475534302265309e+00 -8.987347286250325640e-01 1.609657832220756646e-02 -4.388618578178419272e-01 -2.702840947689077211e+01
