1.0 0.0 0.0 0.0 0.0 1.0 0.0 0.0 0.0 0.0 1.0 0.0
0.9991126 0.04208955 -0.0014893857 0.10107422 -0.04208401 0.99910754 0.0035734973 -0.041381836 0.0016384982 -0.0035076535 0.9999925 -0.04321289
0.9993182 0.036923476 -0.00015137324 0.26293945 -0.03692235 0.9993071 0.004724093 -0.036499023 0.00032569063 -0.004715282 0.99998885 -0.01184082
0.99796015 0.063791074 0.002136001 0.42077637 -0.063803054 0.997943 0.0061143613 -0.043945312 -0.0017414646 -0.006238202 0.999979 -0.0052490234
0.9952472 0.0972879 0.0043915454 0.57373047 -0.09731631 0.9952309 0.0067950487 -0.095703125 -0.0037094778 -0.007190243 0.9999673 -0.030273438
0.9908935 0.13441893 0.0073713 0.7994385 -0.13444324 0.99091333 0.002905175 -0.15222168 -0.0069137597 -0.0038698644 0.9999686 -0.008178711
0.9848177 0.17343391 0.008007463 0.9589844 -0.1734399 0.98484915 5.5657e-05 -0.19543457 -0.007876567 -0.0014434841 0.99996793 -0.02319336
0.97612673 0.2170569 0.0091888765 1.2036133 -0.21707293 0.9761661 0.0007717726 -0.27478027 -0.0088023385 -0.0027480824 0.99995744 -0.0146484375
0.96422374 0.26486155 0.012462117 1.4188232 -0.2648873 0.96429706 0.0004366208 -0.3713379 -0.011901745 -0.0037208777 0.9999223 -0.030151367
0.94971836 0.31248567 0.019066157 1.6728516 -0.31247953 0.94990575 -0.0033769973 -0.48254395 -0.01916664 -0.0027519658 0.9998125 -0.040161133
0.93250126 0.36030263 0.024825407 1.888794 -0.3600948 0.9328275 -0.012541358 -0.6062012 -0.027677756 0.0027562873 0.9996132 -0.028686523
0.911351 0.41069403 0.027979907 2.1226807 -0.4103185 0.91176546 -0.018314786 -0.7467041 -0.033033542 0.0052121775 0.9994407 -0.026123047
0.8865275 0.4616447 0.031549416 2.376831 -0.46123305 0.887084 -0.019706845 -0.9141846 -0.037083812 0.0029187566 0.99930775 -0.034179688
0.8568291 0.5143682 0.03505073 2.62146 -0.5139316 0.8575456 -0.021189265 -1.0855713 -0.040957958 0.0001413608 0.99916095 -0.055664062
0.8256674 0.56292504 0.038075183 2.847046 -0.5622579 0.8265438 -0.027420137 -1.2954102 -0.0469081 0.0012334613 0.9988985 -0.060913086
0.78969 0.61231506 0.03801249 3.0706787 -0.61142105 0.79059887 -0.033212632 -1.5148926 -0.05038789 0.0029844698 0.9987251 -0.068237305
0.7515746 0.65863204 0.037907314 3.3023682 -0.65758985 0.752524 -0.037157837 -1.7640381 -0.052995503 0.0030017905 0.9985902 -0.08337402
0.7116853 0.7017222 0.03574304 3.5274658 -0.70055497 0.7125714 -0.04064385 -2.0421143 -0.053984035 0.0038961116 0.99853456 -0.099853516
0.6697221 0.74176604 0.036496073 3.7519531 -0.7405549 0.6707144 -0.04238806 -2.3284912 -0.055920377 0.0013622586 0.9984343 -0.11584473
0.62720823 0.77802134 0.038676757 3.9891357 -0.7768559 0.6283915 -0.042692136 -2.6540527 -0.057510678 -0.003268998 0.9983392 -0.14746094
0.5844375 0.8103792 0.039484985 4.2164307 -0.8092404 0.5857327 -0.043448403 -2.9888916 -0.058342144 -0.0065594465 0.99827534 -0.16430664
0.54588234 0.8369963 0.039923664 4.4316406 -0.8358163 0.5472721 -0.04526031 -3.3687744 -0.059728414 -0.0086642075 0.9981768 -0.18811035
0.5063107 0.8612778 0.040981654 4.6656494 -0.8600124 0.50784814 -0.0479417 -3.7788086 -0.062111072 -0.010978809 0.9980088 -0.2088623
0.46874672 0.88240236 0.041600365 4.859253 -0.88123614 0.47036994 -0.047572546 -4.1934814 -0.06154084 -0.0143575 0.9980012 -0.23339844
0.43231857 0.90071774 0.039840885 5.072876 -0.89964676 0.43386674 -0.04662824 -4.653076 -0.05929417 -0.015687998 0.9981175 -0.26489258
0.39954963 0.9159627 0.035981447 5.2695312 -0.91487557 0.4009149 -0.046820577 -5.148926 -0.057314474 -0.01421946 0.99825466 -0.29309082
0.36920863 0.92872477 0.031871065 5.4489746 -0.9277006 0.37036118 -0.04544497 -5.6621094 -0.054010812 -0.0127966935 0.998458 -0.32177734
0.34471723 0.9381629 0.029366827 5.6538086 -0.9372273 0.34574082 -0.043702994 -6.2250977 -0.05116522 -0.012452286 0.9986131 -0.35888672
0.3236943 0.94565535 0.026516482 5.836426 -0.94475085 0.3245854 -0.04284475 -6.7889404 -0.049130227 -0.011176129 0.9987302 -0.38598633
0.3079399 0.95102215 0.025298953 6.0322266 -0.9501135 0.30878833 -0.042946987 -7.3830566 -0.04865621 -0.01081977 0.9987567 -0.42199707
0.29710612 0.954499 0.02465873 6.223755 -0.9534591 0.29796112 -0.045635756 -8.0177 -0.050918736 -0.00994977 0.99865365 -0.44714355
0.28670722 0.9577457 0.025384827 6.4212646 -0.9566324 0.28762966 -0.04738439 -8.660645 -0.05268875 -0.010693482 0.9985541 -0.4831543
0.27501905 0.9611615 0.027209949 6.6158447 -0.9600068 0.27606997 -0.0487785 -9.3428955 -0.054393627 -0.012712606 0.9984385 -0.522583
0.26445258 0.96388996 0.027784113 6.814575 -0.962639 0.2655752 -0.05086685 -10.029541 -0.056415007 -0.0132933 0.998319 -0.5579834
0.2550029 0.9664111 0.028430983 7.0063477 -0.96506464 0.25620264 -0.05286614 -10.755249 -0.058392175 -0.013961113 0.9981964 -0.5965576
0.24431294 0.9692449 0.02906685 7.197754 -0.9678435 0.24558511 -0.054194696 -11.499756 -0.059658997 -0.014894957 0.9981072 -0.63708496
0.23298985 0.97196215 0.029221376 7.385132 -0.9704659 0.23431586 -0.05606104 -12.263062 -0.061326914 -0.015283961 0.99800056 -0.67407227
0.22267206 0.9744264 0.03132134 7.566162 -0.9727931 0.22419448 -0.058992416 -13.040405 -0.06451629 -0.017325794 0.9977669 -0.71813965
0.21158478 0.9767547 0.033000764 7.7437744 -0.97488886 0.21331501 -0.0632115 -13.830811 -0.068788715 -0.018781006 0.9974552 -0.76831055
0.19817103 0.97953475 0.03330244 7.9108887 -0.97752297 0.199998 -0.06572755 -14.6328125 -0.07104067 -0.019520689 0.9972824 -0.81274414
0.1858271 0.9819093 0.03461151 8.064819 -0.9797433 0.18783323 -0.06853491 -15.439209 -0.073803365 -0.021185368 0.99704754 -0.8577881
0.1705471 0.9848271 0.03345189 8.220947 -0.9826571 0.1725044 -0.06869682 -16.255249 -0.07340666 -0.021144401 0.9970774 -0.9036865
0.1587618 0.98672646 0.033855356 8.350098 -0.9845882 0.16077322 -0.068699434 -17.069336 -0.073231116 -0.022399215 0.99706423 -0.9560547
0.14074089 0.98954344 0.034022633 8.4729 -0.9874852 0.1427927 -0.06814018 -17.901611 -0.07228793 -0.02403476 0.99709356 -1.0009766
0.119357795 0.9922554 0.035296448 8.582642 -0.990412 0.12149291 -0.0662243 -18.726685 -0.06999942 -0.027072508 0.9971791 -1.050415
0.09572506 0.9946984 0.03747129 8.668579 -0.9930489 0.09802008 -0.06512055 -19.561157 -0.06842396 -0.030982884 0.9971737 -1.1000977
0.065280855 0.99705666 0.040118005 8.730713 -0.99556774 0.06780422 -0.06512618 -20.40039 -0.06764529 -0.035695106 0.9970701 -1.1456299
0.03051888 0.99863386 0.042348545 8.766113 -0.9972573 0.03327697 -0.06605389 -21.267822 -0.06739254 -0.040203158 0.99691755 -1.1950684
-0.0031260222 0.9991815 0.040336363 8.76709 -0.99785745 -0.0004795831 -0.06541645 -22.114624 -0.06535166 -0.04048398 0.99704075 -1.2348633
-0.03740835 0.9985085 0.0398106 8.739624 -0.99726456 -0.03475846 -0.06524939 -22.983643 -0.063770555 -0.04217827 0.9970726 -1.2773438
-0.07011996 0.9967513 0.04044849 8.686768 -0.9957315 -0.06747185 -0.0634966 -23.836304 -0.06056476 -0.04472069 0.9971622 -1.3148193
-0.10309734 0.99382013 0.04129221 8.60437 -0.9930713 -0.10048592 -0.06102305 -24.690674 -0.056508668 -0.047264766 0.9972834 -1.3614502
-0.13605024 0.98997176 0.037727714 8.493408 -0.989364 -0.13380027 -0.056845237 -25.553589 -0.05124809 -0.04507063 0.9976693 -1.3947754
-0.1651702 0.9857635 0.03274396 8.348877 -0.985316 -0.16342546 -0.05027516 -26.400513 -0.04420536 -0.040556576 0.99819887 -1.4266357
-0.1959814 0.9803152 0.025750589 8.184814 -0.97989833 -0.19473267 -0.044370633 -27.25415 -0.03847395 -0.03392026 0.9986835 -1.4499512
-0.22555806 0.9740643 0.020103328 7.979004 -0.9736759 -0.22465064 -0.039604984 -28.086182 -0.034072943 -0.028516155 0.9990129 -1.4716797
-0.2518407 0.96754384 0.012007937 7.756958 -0.9671599 -0.25132 -0.03389941 -28.920776 -0.029778462 -0.020159505 0.99935293 -1.4865723
-0.28134355 0.95976454 0.007423818 7.513916 -0.9595723 -0.28110445 -0.023634568 -29.74878 -0.020594394 -0.01376548 0.9996931 -1.4935303
-0.30147445 0.9533168 0.0073481854 7.2475586 -0.9533213 -0.30140305 -0.009433258 -30.549683 -0.006773971 -0.009847626 0.9999285 -1.4921875
-0.32687137 0.9448629 0.012483749 6.9818115 -0.94487756 -0.32697776 0.0076736733 -31.343506 0.011337541 -0.009291433 0.9998926 -1.4852295
-0.35256293 0.9354339 0.018514385 6.6938477 -0.93518823 -0.35293138 0.023295738 -32.141235 0.028337467 -0.009105502 0.999557 -1.4747314
-0.37617874 0.9261816 0.020189133 6.379883 -0.92558247 -0.3766731 0.033835035 -32.92224 0.038957782 -0.005952757 0.9992231 -1.4472656
-0.40061352 0.91573447 0.018930681 6.0499268 -0.91495866 -0.40105426 0.03775319 -33.70288 0.042174846 -0.002185829 0.9991076 -1.3986816
-0.42277747 0.9058992 0.01655103 5.6903076 -0.90514135 -0.4231008 0.037040867 -34.48169 0.04057989 0.0006962248 0.999176 -1.3592529
-0.4429354 0.89627415 0.012239387 5.3167725 -0.8956752 -0.44308928 0.032964412 -35.250122 0.034960996 0.0036471793 0.99938166 -1.3162842
-0.46227753 0.8871342 0.003857905 4.9282227 -0.8866667 -0.46216795 0.030750459 -35.996094 0.029060103 0.010777889 0.99951977 -1.2720947
-0.47548497 0.8793048 0.0004075989 4.5231934 -0.87888074 -0.47526965 0.03082245 -36.73108 0.027297903 0.014323425 0.9995245 -1.2264404
-0.48597226 0.873579 -0.00040350482 4.114502 -0.87307835 -0.4856777 0.03407102 -37.456177 0.029565556 0.016925637 0.99941915 -1.192749
-0.49787033 0.8676262 -0.00043389015 3.7149658 -0.8670399 -0.4975158 0.037007794 -38.162964 0.031890098 0.018784981 0.999315 -1.1464844
-0.5057794 0.86256826 0.006824389 3.3041992 -0.8618697 -0.50566316 0.036984973 -38.871094 0.03538683 0.012829868 0.99929196 -1.1136475
-0.517562 0.85568666 0.008309012 2.895752 -0.8550605 -0.5175179 0.03442947 -39.5708 0.033770986 0.010715929 0.9993724 -1.0821533
-0.5267093 0.8503287 0.0065534674 2.460083 -0.84966624 -0.526578 0.036160544 -40.27295 0.034199867 0.013457524 0.9993247 -1.0432129
-0.53484166 0.84540033 0.005314215 2.0195312 -0.84468466 -0.53463006 0.03826697 -40.976074 0.035192322 0.0159456 0.9992537 -0.9986572
-0.5377561 0.84284556 0.005933098 1.572998 -0.841972 -0.5374959 0.042265855 -41.684082 0.03881039 0.017747093 0.9990885 -0.97302246
-0.53497577 0.844467 0.00794256 1.1102295 -0.84347546 -0.5347636 0.044325065 -42.409668 0.041654132 0.01701339 0.99898607 -0.9343262
-0.5325876 0.8462119 0.005173807 0.63464355 -0.84525514 -0.532259 0.044649217 -43.15576 0.040566865 0.019431299 0.99898833 -0.9022217
-0.52833176 0.849634 0.005471267 0.18322754 -0.84872055 -0.5280438 0.043417085 -43.905396 0.039770715 0.018272022 0.99904215 -0.85668945
-0.51777136 0.8551759 0.0068719103 -0.29919434 -0.854301 -0.51757705 0.04175822 -44.69983 0.039277226 0.015762819 0.9991038 -0.81396484
-0.5111287 0.85928345 0.008227319 -0.7591553 -0.8583649 -0.51098716 0.04229945 -45.490967 0.04055405 0.014580534 0.9990707 -0.77648926
-0.50439876 0.86305636 0.010020558 -1.2215576 -0.86222345 -0.5043709 0.039556444 -46.290894 0.039198603 0.011342393 0.9991665 -0.7409668
-0.49909306 0.8659491 0.013494453 -1.6848145 -0.86514276 -0.49922088 0.038075965 -47.12268 0.039709672 0.00735804 0.9991835 -0.69799805
-0.49896565 0.86617273 0.01730808 -2.1551514 -0.86550593 -0.49926144 0.03403153 -47.957153 0.038128328 0.002025383 0.9992705 -0.65563965
-0.49750018 0.86685926 0.019412303 -2.6383057 -0.86629844 -0.4978767 0.031202644 -48.829712 0.03671483 -0.0012770505 0.99932456 -0.61376953
-0.4988803 0.86600995 0.02009329 -3.131836 -0.8654816 -0.4992796 0.030322786 -49.70691 0.036318906 -0.0022461177 0.9993377 -0.569458
-0.5012952 0.8655458 0.019774765 -3.619995 -0.8650403 -0.50168073 0.029669449 -50.584473 0.03559285 -0.00226069 0.99936444 -0.52282715
-0.49988312 0.8658068 0.019561782 -4.1464844 -0.8653398 -0.5002582 0.02856102 -51.48474 0.03449115 -0.0026430786 0.999401 -0.4802246
-0.4988697 0.86634016 0.019024454 -4.6584473 -0.8658587 -0.4992282 0.028945923 -52.388916 0.03458394 -0.0020232107 0.9993997 -0.43884277
-0.4988598 0.8661689 0.019156069 -5.1660156 -0.865711 -0.4992212 0.028273022 -53.299927 0.03406403 -0.002474445 0.9994165 -0.3927002
-0.49985892 0.86575806 0.021031173 -5.685425 -0.86533535 -0.50028056 0.02743277 -54.2218 0.034256835 -0.004486897 0.99940264 -0.3474121
-0.49741387 0.8667104 0.021374289 -6.1845703 -0.8663598 -0.49783733 0.02534087 -55.13379 0.032613173 -0.0058872374 0.99945015 -0.29736328
-0.498803 0.866152 0.021503441 -6.699951 -0.86583024 -0.49922514 0.024461014 -56.054077 0.031937696 -0.006413645 0.9994692 -0.24938965
-0.4960016 0.8677349 0.021618742 -7.2218018 -0.8674307 -0.49642494 0.023978805 -56.97644 0.031545803 -0.006848003 0.9994785 -0.19702148
-0.494589 0.86873657 0.02009821 -7.706665 -0.86850363 -0.4949484 0.021286305 -57.88391 0.028432092 -0.0069285566 0.99957144 -0.1505127
-0.49217352 0.870309 0.018159484 -8.236206 -0.8700896 -0.49247503 0.02038351 -58.816772 0.026699498 -0.0057765758 0.99962705 -0.107788086
-0.48937598 0.8723891 0.017414946 -8.734741 -0.8721888 -0.48965353 0.019528247 -59.725708 0.025557885 -0.0056446595 0.9996577 -0.06311035
-0.48556808 0.8737478 0.017531779 -9.246826 -0.8735423 -0.48585078 0.019788468 -60.65393 0.02581528 -0.005698617 0.99965036 -0.024047852
-0.48417333 0.8747639 0.017848669 -9.745239 -0.87454987 -0.48446697 0.020210791 -61.570557 0.026320191 -0.00582587 0.99963653 0.024902344
-0.4879822 0.87252975 0.019133182 -10.232544 -0.8723008 -0.48831433 0.021004576 -62.44934 0.027660785 -0.0064385077 0.9995965 0.06677246
-0.4893775 0.8723835 0.022489905 -10.738281 -0.8721291 -0.48982054 0.022724316 -63.351196 0.030819189 -0.008510213 0.99948907 0.11047363
-0.49217394 0.8703192 0.02377112 -11.240845 -0.87004316 -0.4926656 0.023707656 -64.25366 0.032353763 -0.0090267155 0.9994361 0.16174316
-0.49877894 0.86626023 0.023614544 -11.7421875 -0.8660133 -0.49925342 0.02262384 -65.14856 0.031395745 -0.009166486 0.999465 0.19921875
-0.50399876 0.863624 0.018478246 -12.263672 -0.86342216 -0.5043011 0.019630592 -66.03345 0.026273657 -0.006064587 0.9996365 0.25024414
-0.5092019 0.8600273 0.021147648 -12.756958 -0.85991734 -0.50954956 0.016787054 -66.903076 0.02521931 -0.009627631 0.9996354 0.2947998
-0.51304305 0.8581147 0.021222588 -13.270508 -0.8579391 -0.5134142 0.019250998 -67.78613 0.027413895 -0.008329852 0.9995895 0.34094238
-0.51585144 0.8557769 0.022761218 -13.78479 -0.8555584 -0.516282 0.021143854 -68.64697 0.029863156 -0.008558514 0.99951714 0.3824463
-0.52248514 0.8522277 0.024677405 -14.283081 -0.8520242 -0.522972 0.021125589 -69.49805 0.030905291 -0.009978652 0.9994722 0.4239502
-0.5263278 0.84973824 0.02579964 -14.808594 -0.84951985 -0.5268569 0.021884363 -70.35596 0.032187883 -0.0103886295 0.99942756 0.46984863
-0.52912724 0.8484024 0.025382472 -15.317261 -0.84822387 -0.52962786 0.020444147 -71.20093 0.030795665 -0.010725719 0.99946856 0.5197754
-0.5329621 0.84555537 0.019795494 -15.84082 -0.84549534 -0.5332466 0.013767425 -72.03577 0.022197766 -0.009389495 0.9997093 0.5649414
-0.53436565 0.8454104 0.013969692 -16.380493 -0.8454456 -0.5344697 0.004956924 -72.87695 0.011657905 -0.009166358 0.99989 0.6065674
-0.5357761 0.8437028 0.012391882 -16.895508 -0.8437542 -0.5358354 0.0018057828 -73.69275 0.008168249 -0.009488193 0.9999215 0.63916016
-0.5357671 0.8435896 0.015641678 -17.425293 -0.843607 -0.5359162 0.0074417354 -74.52075 0.014675806 -0.009207448 0.9998498 0.663208
-0.53821665 0.8427638 0.018486802 -17.94458 -0.8427183 -0.538461 0.012460545 -75.33142 0.02044823 -0.008874748 0.99975145 0.69506836
-0.5396599 0.8422746 0.013638103 -18.469482 -0.8420901 -0.53982896 0.017735392 -76.14856 0.022292327 -0.0019195066 0.9997497 0.7249756
-0.5382635 0.8427948 0.010493411 -19.00708 -0.84262294 -0.53836554 0.017018009 -76.968506 0.01998216 0.00032437313 0.9998001 0.7640381
-0.53824276 0.84305865 0.009704104 -19.523804 -0.84294456 -0.53832984 0.013879275 -77.79346 0.016914539 -0.0007106345 0.9998566 0.8013916
-0.53822225 0.84317046 0.007819576 -20.038818 -0.843127 -0.53827584 0.008763528 -78.61145 0.01158787 -0.0018773763 0.99993104 0.8249512
-0.5357673 0.8445804 0.0071003684 -20.556519 -0.84458977 -0.53579396 0.0024547088 -79.43628 0.0058789826 -0.0046849153 0.9999717 0.8527832
-0.53581285 0.8440191 0.013602948 -21.049927 -0.8441176 -0.5358188 -0.003497478 -80.243774 0.004342449 -0.013358924 0.99990124 0.87268066
-0.5331077 0.84540546 0.019799072 -21.549683 -0.84563136 -0.53304464 -0.008780046 -81.06372 0.0031363484 -0.02142234 0.9997654 0.8843994
-0.53168607 0.8469518 0.017105278 -22.059326 -0.84712315 -0.5316111 -0.0090318695 -81.881714 0.0014341217 -0.019286847 0.99981296 0.90441895
-0.52917486 0.8485259 0.013092854 -22.561768 -0.8486241 -0.5291499 -0.0055717817 -82.68494 0.002197656 -0.014061172 0.9998987 0.9272461
-0.52494293 0.8515695 0.013478428 -23.06958 -0.8516626 -0.5249579 -0.0026875234 -83.49658 0.0047784164 -0.012886397 0.9999056 0.94055176
-0.51583356 0.8566545 0.009207476 -23.56482 -0.85668814 -0.5158594 0.000520776 -84.30945 0.0051972456 -0.0076187486 0.9999574 0.9550781
-0.507795 0.86162543 0.0019560205 -24.045898 -0.8616195 -0.50779873 0.0032108056 -85.11401 0.0037600372 -5.530566e-05 0.99999285 0.9790039
-0.49735072 0.86704534 0.00346873 -24.516846 -0.86704576 -0.49735844 0.0019120991 -85.93591 0.0033854465 -0.0020564809 0.9999921 1.0014648
-0.48693818 0.8734294 0.005851122 -24.96167 -0.87344694 -0.4869411 -0.0010191879 -86.760864 0.001959756 -0.0056088027 0.9999823 1.012085
-0.4751511 0.88009125 0.0027958618 -25.421387 -0.88009316 -0.47513965 -0.0039046535 -87.59985 -0.0021099364 -0.004315472 0.99998844 1.0279541
-0.4633923 0.8863625 0.0024182166 -25.854858 -0.88635826 -0.46337536 -0.005398279 -88.43518 -0.0036668198 -0.004645153 0.9999824 1.0423584
-0.45304215 0.89177585 0.0019659768 -26.274414 -0.89177054 -0.4530282 -0.0051008025 -89.27368 -0.0036581538 -0.004062622 0.99998504 1.0393066
-0.43894714 0.8988371 0.0004681775 -26.701172 -0.8988272 -0.43893972 -0.0049723582 -90.12891 -0.004265363 -0.002601514 0.99998754 1.059082
-0.42627755 0.9044627 0.0013698128 -27.100464 -0.90446365 -0.42627764 -0.00013246259 -90.96887 0.00046456791 -0.0012961921 0.999999 1.0629883
-0.4160345 0.90949124 0.0024460838 -27.484497 -0.9094491 -0.41603914 0.008879341 -91.8114 0.009094538 0.0014654885 0.9999576 1.0845947
-0.40207517 0.91555965 0.004952732 -27.854004 -0.9154766 -0.40210548 0.012338341 -92.65527 0.013289582 0.0004253363 0.99991155 1.1057129
-0.39158824 0.9201062 0.004212483 -28.20459 -0.9200418 -0.39161062 0.010895864 -93.50537 0.011683199 0.00039365044 0.99993163 1.1179199
-0.38070428 0.9250065 0.0030548247 -28.557251 -0.9249878 -0.3807162 0.0059374743 -94.37097 0.006653428 -0.00056929654 0.99997765 1.1431885
-0.3695933 0.9292397 0.006744393 -28.887451 -0.92923003 -0.36963224 0.005913019 -95.22717 0.007986241 -0.004082162 0.9999597 1.1695557
-0.36357808 0.93120646 0.013927274 -29.20166 -0.93119365 -0.36372873 0.010406805 -96.09546 0.014764205 -0.00917814 0.9998487 1.1929932
-0.3578358 0.9337922 0.022349058 -29.526367 -0.9337835 -0.3582096 0.015768984 -96.95996 0.02271422 -0.015236671 0.999626 1.2138672
-0.3525267 0.9352214 0.027692083 -29.849731 -0.9352681 -0.35306025 0.017419305 -97.84436 0.026084673 -0.019764418 0.9994644 1.2469482
-0.3488505 0.93656075 0.028029649 -30.154785 -0.9366123 -0.3493953 0.017559353 -98.724 0.026245713 -0.02012194 0.9994527 1.2802734
-0.34450248 0.9380966 0.030391367 -30.47644 -0.93823844 -0.34507775 0.016141273 -99.611206 0.025646105 -0.022948246 0.9994076 1.3216553
-0.3378724 0.9403591 0.032483242 -30.789185 -0.940623 -0.33843154 0.013437286 -100.49475 0.023646895 -0.026012758 0.9993818 1.3486328
-0.33353743 0.9421438 0.028199501 -31.099487 -0.9423887 -0.33390498 0.009375175 -101.3667 0.018259179 -0.023439031 0.99955827 1.3753662
-0.32854474 0.9442999 0.028959448 -31.395996 -0.94460934 -0.32886085 0.0068088546 -102.24536 0.015933458 -0.025121817 0.9995576 1.4171143
-0.32194576 0.9461854 0.032559518 -31.677856 -0.94658506 -0.32233322 0.0073076375 -103.09656 0.017399665 -0.028457627 0.9994434 1.4382324
-0.31476995 0.9482988 0.042720422 -31.94751 -0.9490576 -0.31531397 0.0064902753 -103.96277 0.019607197 -0.03849678 0.9990664 1.4663086
-0.3081404 0.9505022 0.04348568 -32.223267 -0.95122826 -0.30881655 0.009641032 -104.828125 0.02257592 -0.03839025 0.99900794 1.50354
-0.29989263 0.95295656 0.03959789 -32.502686 -0.95346737 -0.30059755 0.013085648 -105.69812 0.02439701 -0.033833757 0.9991296 1.5412598
-0.29268643 0.9554411 0.040458165 -32.767944 -0.9560326 -0.29333958 0.011150528 -106.58057 0.022523256 -0.035428014 0.9991188 1.5772705
-0.28690314 0.9569859 0.04110899 -33.024048 -0.9577171 -0.28735694 0.0054633836 -107.446045 0.017051723 -0.037818894 0.99913937 1.6053467
-0.2790488 0.9594321 0.040164124 -33.272705 -0.9601657 -0.2793977 0.003239004 -108.32971 0.014331581 -0.03766159 0.9991877 1.6369629
-0.2725346 0.9610994 0.044798475 -33.510498 -0.96196395 -0.27308488 0.006550113 -109.21301 0.018509988 -0.041299514 0.9989751 1.6640625
-0.26598307 0.96300095 0.04359921 -33.74951 -0.96378285 -0.26658592 0.0085481545 -110.08447 0.019848727 -0.039742973 0.9990127 1.6851807
-0.25789627 0.96499884 0.043910347 -33.975464 -0.9657499 -0.2585928 0.010881352 -110.961426 0.02188531 -0.039597966 0.9989756 1.7104492
-0.2521194 0.9666275 0.044706292 -34.196045 -0.96743983 -0.25278077 0.009721734 -111.84387 0.020707298 -0.04081497 0.9989524 1.7404785
-0.2442783 0.96894497 0.04054779 -34.41797 -0.9696047 -0.2448418 0.009490562 -112.72412 0.01912379 -0.036995236 0.99913245 1.7697754
-0.23690365 0.97078794 0.036999784 -34.632446 -0.97131205 -0.23742256 0.010256814 -113.60242 0.01874768 -0.03350972 0.9992625 1.8001709
-0.22913063 0.97270685 0.035943855 -34.849243 -0.9731962 -0.22963211 0.01045134 -114.50574 0.018419517 -0.03257445 0.9992993 1.8341064
-0.22058986 0.97458506 0.042100802 -35.048096 -0.975321 -0.22115918 0.00933025 -115.39758 0.018402083 -0.039014004 0.99906963 1.8652344
-0.21491194 0.97565264 0.045261707 -35.231567 -0.9765351 -0.2155001 0.008494116 -116.29675 0.018023407 -0.042364426 0.9989396 1.8969727
-0.20916365 0.9770253 0.042867754 -35.432373 -0.9778154 -0.20969747 0.008317299 -117.21362 0.017103339 -0.040172614 0.99904644 1.9245605
-0.2047602 0.9778655 0.04072583 -35.62451 -0.9785836 -0.20523354 0.0077450536 -118.099976 0.015950143 -0.03826404 0.9991401 1.9476318
-0.19901252 0.97908795 0.03903976 -35.81421 -0.97971207 -0.19952987 0.009776713 -119.007935 0.017392308 -0.036294505 0.99918926 1.9786377
-0.1932806 0.9805606 0.033608798 -36.006104 -0.98101795 -0.19367693 0.008939485 -119.8949 0.01527893 -0.031257067 0.99939483 2.0031738
-0.18906902 0.98177516 0.02496392 -36.192993 -0.98201984 -0.18930328 0.0073622307 -120.783936 0.011948307 -0.023123594 0.99966127 2.0246582
-0.18404779 0.98273504 0.021465633 -36.363403 -0.9829223 -0.18420863 0.005754458 -121.680664 0.009610661 -0.020035345 0.999753 2.0482178
-0.17904602 0.98351485 0.023987291 -36.51367 -0.98373413 -0.17927682 0.007821957 -122.560425 0.011997526 -0.022195952 0.99968165 2.0655518
-0.17555211 0.98425615 0.025915606 -36.66809 -0.98447585 -0.17588294 0.011082858 -123.45386 0.015458947 -0.023566479 0.99960285 2.0795898
-0.17406878 0.98431784 0.027788451 -36.816772 -0.98461384 -0.17437695 0.009058125 -124.33826 0.013768687 -0.02578557 0.99957263 2.1071777
-0.17276107 0.9846582 0.027258007 -36.973755 -0.98495466 -0.17303455 0.008004164 -125.22986 0.01258603 -0.025464177 0.99959666 2.1279297
-0.1712848 0.98486644 0.025806727 -37.121094 -0.98517257 -0.17143106 0.003552328 -126.1178 0.0079213055 -0.02481643 0.99966073 2.150879
-0.17068136 0.98509765 0.02495216 -37.27185 -0.98541 -0.17069566 -0.0015717158 -126.99597 0.0027145874 -0.024855196 0.99968743 2.1705322
-0.17006613 0.9851677 0.025028666 -37.41931 -0.9854854 -0.17000878 -0.004417736 -127.871216 -0.00010147879 -0.025404003 0.9996772 2.1850586
-0.16783965 0.9854438 0.02560608 -37.56775 -0.98576266 -0.16791785 0.00091396226 -128.7356 0.0052075926 -0.025084395 0.99967164 2.1934814
-0.16780642 0.9855006 0.026332315 -37.71289 -0.98581237 -0.16797936 0.004487248 -129.60193 0.008839644 -0.02520132 0.99964327 2.2108154
-0.16632989 0.98565423 0.028380567 -37.85315 -0.9860268 -0.16650034 0.003737728 -130.46521 0.008409941 -0.027367812 0.9995901 2.225708
-0.16721179 0.98547524 0.030172396 -37.988647 -0.98590755 -0.1673646 0.002593841 -131.32959 0.007603688 -0.0293076 0.9995414 2.2416992
-0.16564073 0.985833 0.024818998 -38.139526 -0.98611367 -0.16578448 0.0038358285 -132.18408 0.007896041 -0.023838058 0.99968463 2.2592773
-0.16629578 0.9857162 0.026209183 -38.27417 -0.9860206 -0.16648078 0.0050238934 -133.04419 0.009323306 -0.025008244 0.9996437 2.288208
-0.16505408 0.9857569 0.03557355 -38.407104 -0.9863143 -0.16540325 0.0070921816 -133.90222 0.012863182 -0.033908878 0.99934214 2.300415
-0.16510144 0.985494 0.040774282 -38.535156 -0.98622537 -0.1655631 0.008201501 -134.7622 0.014822164 -0.03885337 0.99913496 2.3146973
-0.16572128 0.98536474 0.041117877 -38.661743 -0.9860659 -0.1662936 0.010896733 -135.60486 0.01756729 -0.038749747 0.9990949 2.3432617
-0.16354622 0.985668 0.040354535 -38.808594 -0.9863289 -0.1641302 0.011577686 -136.4945 0.018047616 -0.037910108 0.99911803 2.376587
-0.16287231 0.9858478 0.04100638 -38.9281 -0.9864941 -0.16354726 0.013666705 -137.29053 0.020173183 -0.038238633 0.9990654 2.3935547
-0.16065156 0.986418 0.033285975 -39.075928 -0.98680425 -0.1611675 0.013422738 -138.1543 0.018616796 -0.03069802 0.9993555 2.4146729
-0.15782607 0.9870991 0.026866838 -39.21106 -0.9873594 -0.15814829 0.010309616 -138.9956 0.014427305 -0.024904873 0.9995858 2.4455566
-0.15503013 0.98761857 0.020720368 -39.355225 -0.9878099 -0.15514433 0.004015784 -139.8435 0.0071828132 -0.01984829 0.99977726 2.4779053
-0.15285695 0.98811245 0.016879868 -39.477417 -0.988233 -0.15294933 0.0043234103 -140.66357 0.006850822 -0.016028212 0.99984825 2.4888916
-0.14659332 0.98899966 0.017740214 -39.598633 -0.9890971 -0.1467608 0.008527907 -141.49207 0.011041025 -0.016293444 0.9998062 2.5168457
-0.13951159 0.99002725 0.01502865 -39.712036 -0.990046 -0.13969243 0.011739619 -142.30212 0.013723229 -0.013233058 0.99981815 2.5264893
-0.13181305 0.9911293 0.013609064 -39.825195 -0.9911239 -0.13198124 0.012299515 -143.14233 0.013991232 -0.011861323 0.9998316 2.5374756
-0.12201749 0.9923916 0.012811392 -39.925293 -0.99241966 -0.12213599 0.008901793 -143.97241 0.010403388 -0.011626352 0.9998783 2.5527344
-0.110145554 0.9938699 0.0066051935 -40.016724 -0.9938716 -0.11018324 0.0056468574 -144.76355 0.00634272 -0.005944443 0.99996215 2.5769043
-0.09495747 0.9954404 0.0016796514 -40.11499 -0.99541706 -0.094966866 0.006871135 -145.67297 0.007000874 -0.00101869 0.99997497 2.6069336
-0.081138246 0.9966815 0.0015174365 -40.17151 -0.99664265 -0.08114849 0.0088309925 -146.41077 0.008926272 -0.00079423934 0.99995977 2.623413
-0.06739949 0.9977246 -0.002215637 -40.231567 -0.99770284 -0.0673822 0.007103388 -147.26343 0.0069403024 0.0026892927 0.9999722 2.6340332
-0.054591518 0.9984878 -0.00707662 -40.271973 -0.9984513 -0.054508083 0.011486763 -148.01562 0.01108274 0.007692823 0.999909 2.645752
-0.040220972 0.9991676 -0.003571839 -40.301147 -0.9990517 -0.040159803 0.01579457 -148.84058 0.01564085 0.004203573 0.99986875 2.671997
-0.026728023 0.9996121 0.005994706 -40.30249 -0.999276 -0.026877644 0.026437024 -149.58594 0.026598038 -0.005271189 0.9996322 2.6936035
-0.013366937 0.99987787 0.008864798 -40.30493 -0.9993027 -0.013669014 0.03494058 -150.40186 0.035053946 -0.008397469 0.99935025 2.7246094
