1.000000000000000000e+00 4.398956837314658088e-19 2.733407509747682871e-20 -8.673617379884035472e-19 -5.583667658079949532e-19 1.000000000000000000e+00 -6.100159232558060012e-19 0.000000000000000000e+00 4.145284534913582806e-20 -2.210423569125054137e-19 1.000000000000000222e+00 0.000000000000000000e+00
9.999397906846219097e-01 -1.171299285208049230e-03 1.091068645858628110e-02 7.072225108916652125e-02 1.166617356643656015e-03 9.999992246837420273e-01 4.354694221543209008e-04 -5.261578962177090868e-03 -1.091118825278857875e-02 -4.227145996040707456e-04 9.999403818578893599e-01 2.934223645342749487e-01
9.998501158222521390e-01 -2.589720699560131394e-03 1.711838954560987100e-02 9.877311836398208755e-02 2.577615246958175812e-03 9.999964120833721992e-01 7.291880069644463523e-04 -9.343776739281356436e-03 -1.712021681505883006e-02 -6.849540799450093680e-04 9.998532037230651870e-01 5.527132694196094098e-01
9.997826792127411100e-01 -6.434984954324329126e-03 1.982890182178547595e-02 8.736734326065624667e-02 6.451757782963724042e-03 9.999788814052869013e-01 -7.820188570133415791e-04 -1.522980011993722849e-02 -1.982345112705535817e-02 9.097802109557359598e-04 9.998030821437802196e-01 9.208315130488872180e-01
9.998175902898336354e-01 -7.118324443582364075e-03 1.772330771543996139e-02 8.573236787218455057e-02 7.147170399806252773e-03 9.999732343770736387e-01 -1.564759473880784641e-03 -1.854139303707093289e-02 -1.771169518192964448e-02 1.691145583791439037e-03 9.998417054017531003e-01 1.185916519939813396e+00
9.998867124807830908e-01 -1.079103463262965495e-02 1.049360794965359563e-02 9.005364448721427106e-02 1.082653330313444219e-02 9.999358399960012189e-01 -3.331973828731154240e-03 -1.808298343869384206e-02 -1.045697941781796592e-02 3.445205802534609743e-03 9.999393892257141259e-01 1.532082310120343349e+00
9.999358432481701975e-01 -1.124902344227400423e-02 -1.329991372644821019e-03 6.697785881126099017e-02 1.124269587456445778e-02 9.999258792683320962e-01 -4.673086759065753736e-03 -3.340816258797525695e-02 1.382460476058893764e-03 4.657834309901524167e-03 9.999881966222179397e-01 1.848117068455403134e+00
9.997913370454344362e-01 -1.125622782173429405e-02 -1.704639829754745622e-02 2.810794403568735514e-02 1.117314630674550585e-02 9.999252704792253033e-01 -4.961274003331899753e-03 -3.803270973231068219e-02 1.710096995173931642e-02 4.769776902985917687e-03 9.998423906212093870e-01 2.166132707798258394e+00
9.993412736282043518e-01 -6.481414543503848276e-03 -3.570728256367703551e-02 9.548537081735260224e-03 6.292025664760706252e-03 9.999655502530803153e-01 -5.413751895791377340e-03 -4.248917404175449331e-02 3.574114184182519693e-02 5.185514595543297411e-03 9.993476278499452414e-01 2.519140383235961345e+00
9.984380601407393252e-01 -3.785322899567562620e-03 -5.574146811684900504e-02 -4.554029732157299781e-02 3.446251122883507191e-03 9.999749787227691922e-01 -6.177805130792356735e-03 -5.457096557968851847e-02 5.576345934171698937e-02 5.976056679777685086e-03 9.984261231955461335e-01 2.866984990795041099e+00
9.971478807898132013e-01 -3.179030817984758277e-03 -7.540555285344895109e-02 -9.125096651820997773e-02 2.707407338994643770e-03 9.999761360097950691e-01 -6.355891158006635351e-03 -5.803600460364603808e-02 7.542396025049967478e-02 6.133609840659288645e-03 9.971326918985108367e-01 3.210309103056204982e+00
9.953260756411046462e-01 -3.458657429661464791e-03 -9.650927700329807457e-02 -1.441739367569362384e-01 2.887638935950500359e-03 9.999774943837739238e-01 -6.055762789451633529e-03 -6.359481129640480457e-02 9.652805147786243378e-02 5.748774632726472676e-03 9.953136627025851446e-01 3.591817527979650038e+00
9.932851759913942091e-01 -4.381799057005079066e-03 -1.156086441745702437e-01 -2.033484652554941596e-01 3.775711334751705693e-03 9.999779602301609449e-01 -5.461048600634319655e-03 -7.589131670390755757e-02 1.156300274021720420e-01 4.987873694811848120e-03 9.932798287843610519e-01 3.997231577621518372e+00
9.910901458707099820e-01 -4.257906971483998819e-03 -1.331247253578425882e-01 -2.844880006010639395e-01 3.653089250317574817e-03 9.999818688627005736e-01 -4.787157706893177024e-03 -8.090214187538570523e-02 1.331426972291398780e-01 4.258188246747420663e-03 9.910877309793924006e-01 4.392723570801852162e+00
9.888250419509503342e-01 -3.456171443599636260e-03 -1.490405673103704365e-01 -3.749248479586862470e-01 2.836122789087187467e-03 9.999864182786136757e-01 -4.372603501228402613e-03 -9.019341577509110142e-02 1.490536581278024686e-01 3.901042392634560246e-03 9.888214143397602296e-01 4.818799472101543024e+00
9.866827641618954869e-01 -2.847121277894241673e-03 -1.626315348510311010e-01 -4.552332484992639983e-01 2.192391749866301129e-03 9.999887548937950177e-01 -4.205175509336491618e-03 -9.175425351120197748e-02 1.626416814996638760e-01 3.792622047837003723e-03 9.866779110421703969e-01 5.211460031430382500e+00
9.845990620268365578e-01 -3.557765341358693108e-03 -1.747913859353893429e-01 -5.230786510856691995e-01 2.691019278861657513e-03 9.999828824257730453e-01 -5.195504459458097531e-03 -1.008975276670193849e-01 1.748068813393090504e-01 4.645121713279317006e-03 9.845917823388656842e-01 5.668107952205271971e+00
9.827690375948121559e-01 -6.555132597471401319e-03 -1.847215421848786843e-01 -6.341065133325363146e-01 5.353503741449185810e-03 9.999611476553379452e-01 -7.003082807357098594e-03 -1.151667836266325878e-01 1.847602746504646010e-01 5.893505373200522840e-03 9.827659478983999941e-01 6.110542833726376521e+00
9.812310727645833230e-01 -5.852268810780474756e-03 -1.927468077356335463e-01 -7.305131622114173773e-01 4.275160467280629192e-03 9.999539046924078578e-01 -8.597178996730485065e-03 -1.244624232652167678e-01 1.927882393462511668e-01 7.611795534749409009e-03 9.812108622737256702e-01 6.548116459849290472e+00
9.796610954894976464e-01 -5.749202957600639541e-03 -2.005768772492076690e-01 -8.401072784048467801e-01 3.691877923220329705e-03 9.999366889267633507e-01 -1.062958936195866275e-02 -1.208323538291409677e-01 2.006252936436598022e-01 9.672889723364436546e-03 9.796202977291756930e-01 7.040959811129279267e+00
9.780830096212375091e-01 -6.661427881246941886e-03 -2.081087471600208405e-01 -9.443420673036753143e-01 4.017314226715690620e-03 9.999057866397261796e-01 -1.312551045089140576e-02 -1.384262671202975414e-01 2.081765787707530457e-01 1.200180045862582305e-02 9.780176224729212331e-01 7.503194114380771218e+00
9.763092334617290424e-01 -1.004935786197485269e-02 -2.161464549224176579e-01 -1.045705663944878516e+00 6.974314091260000979e-03 9.998633989543526113e-01 -1.498473766333991396e-02 -1.474729650470467668e-01 2.162675198151102485e-01 1.312226440542466586e-02 9.762459562783682987e-01 8.008097737713256947e+00
9.744918776189586129e-01 -1.552447437656247035e-02 -2.238851714630308298e-01 -1.168036372572493153e+00 1.223875314084584172e-02 9.997961849199218376e-01 -1.605619881645558092e-02 -1.596136554006502006e-01 2.240888082054098562e-01 1.290655991148829430e-02 9.744832619999181933e-01 8.528463086745176724e+00
9.725052503815528882e-01 -1.656135305050361606e-02 -2.322913221381283089e-01 -1.304884546764481845e+00 1.262133204790659262e-02 9.997503462849526290e-01 -1.843765328955998192e-02 -1.830323402418749801e-01 2.325386862459480064e-01 1.499888865745518593e-02 9.724714874917658181e-01 9.026067221592500189e+00
9.703512217231134995e-01 -1.285307486365458787e-02 -2.413572117227004155e-01 -1.448858165180891389e+00 7.724484146877450517e-03 9.997240817840387095e-01 -2.218316099710661987e-02 -1.848428490119370937e-01 2.415757428658067696e-01 1.966109738885430183e-02 9.701827678528698318e-01 9.556829957631542527e+00
9.682697428940131301e-01 -9.810298084664171789e-03 -2.497147605658755487e-01 -1.603807545259732237e+00 3.641976101186131850e-03 9.996770155104655053e-01 -2.515155388610799958e-02 -2.010619953348863898e-01 2.498808551174825920e-01 2.344403341908303517e-02 9.679927360022188010e-01 1.010327291802581939e+01
9.659091281849784272e-01 -1.262249040402917827e-02 -2.585734466976499779e-01 -1.777557007059403338e+00 5.718143675641382435e-03 9.996071961796829664e-01 -2.743640222438796517e-02 -2.263841187844479186e-01 2.588181982424015426e-01 2.502251123711564385e-02 9.656018929607881329e-01 1.066770652804589936e+01
9.635955629260073430e-01 -1.439559464721022752e-02 -2.669763217812254896e-01 -1.933450714411766524e+00 6.895934371831891931e-03 9.995554080810924447e-01 -2.900745164088279829e-02 -2.589147360503175621e-01 2.672752103857754524e-01 2.611040050571562798e-02 9.632664275708897605e-01 1.123158888257522037e+01
9.615000426900183195e-01 -1.404763907049112227e-02 -2.744454956662419343e-01 -2.094909337312786057e+00 5.522257391090017176e-03 9.994786142716715061e-01 -3.181201461811201253e-02 -2.787557831779473583e-01 2.747492921317031822e-01 2.907169477336172744e-02 9.610763053478659224e-01 1.180707139400241878e+01
9.591054101303948531e-01 -1.397915279487887616e-02 -2.827037208873274809e-01 -2.270699500345044086e+00 4.148016053136419773e-03 9.993665930374544537e-01 -3.534411792290670373e-02 -2.978699525577641061e-01 2.830187400772402606e-01 3.272607519665079318e-02 9.585558922260637438e-01 1.238142718689017308e+01
9.568797119819917318e-01 -1.488655337473007191e-02 -2.901027499050872760e-01 -2.482841806661031381e+00 3.232253986002354453e-03 9.991698114822678001e-01 -4.061084022726362680e-02 -3.337105078863163987e-01 2.904664703679199489e-01 3.792200342504083860e-02 9.561334389531186417e-01 1.297060246537538575e+01
9.550230887396455870e-01 -1.610356118387739482e-02 -2.960938591082333260e-01 -2.680117004935315794e+00 2.147347436233084782e-03 9.988737108274455823e-01 -4.739935339259392783e-02 -3.695975369843919056e-01 2.965236752805752718e-01 4.463166064388974369e-02 9.539820369225026075e-01 1.358897246436539419e+01
9.538201088265544358e-01 -1.607282871202164384e-02 -2.999480992454917061e-01 -2.905374572413078837e+00 -6.864534034617504003e-04 9.984481452510377553e-01 -5.568509684838431062e-02 -4.020396280794230615e-01 3.003776455372518250e-01 5.331946575779422659e-02 9.523288857230912674e-01 1.421137908528085880e+01
9.524570697269055808e-01 -1.645588595084304662e-02 -3.042280923272344673e-01 -3.092926105110127555e+00 -3.287933599572286179e-03 9.979269925602390900e-01 -6.427213233048914565e-02 -4.475927714002844171e-01 3.046550853236444367e-01 6.221672889778497029e-02 9.504285136891974517e-01 1.483165960593509425e+01
9.511163760812435530e-01 -1.570092678171153278e-02 -3.084333283122066560e-01 -3.324838020846942577e+00 -7.209112829750219213e-03 9.973059564346188344e-01 -7.299902693219384453e-02 -4.978857440223545816e-01 3.087485531427365260e-01 7.165410100651686820e-02 9.484408377937647572e-01 1.547256958347554878e+01
9.497618913735106361e-01 -1.476251145586294708e-02 -3.126250403664210809e-01 -3.545105393445755926e+00 -1.089357464253985254e-02 9.967223771974420554e-01 -8.016129243858705067e-02 -5.535792485772009774e-01 3.127837607421923294e-01 7.953974539105611308e-02 9.464881140432145346e-01 1.612750777272145086e+01
9.482489904348865295e-01 -1.316433783515754546e-02 -3.172547087186816106e-01 -3.784623863406594513e+00 -1.514579530530818854e-02 9.961277279393991879e-01 -8.660343235522036109e-02 -6.182954230024301223e-01 3.171662944221915748e-01 8.692669269708580559e-02 9.443777284237500069e-01 1.679175355711624462e+01
9.466162759215478451e-01 -1.189515376556494509e-02 -3.221430261096561720e-01 -4.028142676623101437e+00 -1.896894889362778572e-02 9.955319565988064445e-01 -9.250028296980487841e-02 -6.874816587107067667e-01 3.218039876571045510e-01 9.367298856242431415e-02 9.421611151851505550e-01 1.746055159308338389e+01
9.450318797613922461e-01 -1.047831358453077052e-02 -3.268102643932052631e-01 -4.292357505564500464e+00 -2.286162498985362321e-02 9.949229833823577396e-01 -9.800817936320845025e-02 -7.629263250349860304e-01 3.261780092364735539e-01 1.000922683142624475e-01 9.399943863655969567e-01 1.814448973934640463e+01
9.432267041647046657e-01 -7.545778536889579183e-03 -3.320639146910536188e-01 -4.556319826382844163e+00 -2.756759615877565212e-02 9.945140669132624955e-01 -1.009048975125657749e-01 -8.384941676499305663e-01 3.310036459125446084e-01 1.043303984778360949e-01 9.378442070486017190e-01 1.883280217832740888e+01
9.414358489744256708e-01 -6.753117318946045243e-03 -3.371245100398476691e-01 -4.804184297580137653e+00 -2.960557149599379184e-02 9.942828600186078836e-01 -1.025919314576014402e-01 -9.140569188726227479e-01 3.358899430841750244e-01 1.065644865542664660e-01 9.358535989952799783e-01 1.951639686787833128e+01
9.392893267125713708e-01 -6.343395736658822420e-03 -3.430675146005675025e-01 -5.089418932263837902e+00 -3.044100923615706417e-02 9.943461373913458079e-01 -1.017305460796009003e-01 -1.006459951360162419e+00 3.417731809324451309e-01 1.059977381825929627e-01 9.337856150003576161e-01 2.023360768860947090e+01
9.369578556299195116e-01 -5.990689828880616484e-03 -3.493910214143953197e-01 -5.358204105746688484e+00 -3.106476228021355646e-02 9.944663938850903939e-01 -1.003572218401753841e-01 -1.090884325936966270e+00 3.480588440324607347e-01 1.048842370481738312e-01 9.315870010232821796e-01 2.096839874921510827e+01
9.343800808727016349e-01 -5.937363795660807395e-03 -3.562283109528990854e-01 -5.626995308542639407e+00 -3.119190435763835936e-02 9.946585733777169036e-01 -9.839404204518546748e-02 -1.175796728947729353e+00 3.549097508350825270e-01 1.030488729980725410e-01 9.292039610278749473e-01 2.168266581343843313e+01
9.315789072246112301e-01 -5.221278159956712142e-03 -3.635016851591471587e-01 -5.932748061150488361e+00 -3.158682102989441437e-02 9.949529030091334159e-01 -9.524176362279523911e-02 -1.260425854936395806e+00 3.621643468095130380e-01 1.002070813477895506e-01 9.267122150353771515e-01 2.239107568928005065e+01
9.279899076926070300e-01 -2.523737645381941754e-03 -3.725967781445387317e-01 -6.259201086834493388e+00 -3.334377530865653000e-02 9.954025610906099830e-01 -8.978827340909911747e-02 -1.339794760561706211e+00 3.711103955954929146e-01 9.574639534990592171e-02 9.236393803451447004e-01 2.318140805396488346e+01
9.245942764671484237e-01 -1.665419166798830458e-04 -3.809532690249397557e-01 -6.580834856759208762e+00 -3.457113216494540897e-02 9.958370202249944292e-01 -8.434136588913296317e-02 -1.420248583638871409e+00 3.793814211217724219e-01 9.115153047739264769e-02 9.207394521669195475e-01 2.390740145413966999e+01
9.209945390120624076e-01 3.135730917538148525e-03 -3.895628616345088169e-01 -6.905022781429564382e+00 -3.735713519163920415e-02 9.960703716271227526e-01 -8.030105390873154558e-02 -1.490895378149299288e+00 3.877802284890567441e-01 8.850978507532372697e-02 9.174925151921542454e-01 2.465558476451997549e+01
9.170863598772843739e-01 4.234683865041922145e-03 -3.986661168286731449e-01 -7.233381213276451227e+00 -3.861329553650451329e-02 9.961861800092236541e-01 -7.824390208899685561e-02 -1.567530421799764317e+00 3.968143446167199384e-01 8.715022837841560066e-02 9.137522732254427238e-01 2.539295105602097635e+01
9.131409402749959270e-01 4.759550745045312316e-03 -4.076161999516224599e-01 -7.613412702774570384e+00 -3.980447304474136333e-02 9.961945074573721470e-01 -7.753777975268050238e-02 -1.651329053382889933e+00 4.056959814826353039e-01 8.702786958399927331e-02 9.098554411994970170e-01 2.617410829924630633e+01
9.092750061839784959e-01 4.480671858465437932e-03 -4.161716991473409788e-01 -7.962560767873538836e+00 -3.988879344609314731e-02 9.962771275189590270e-01 -7.642492651663890246e-02 -1.717110338197936015e+00 4.142799170507856510e-01 8.609186289070978881e-02 9.060686204460193238e-01 2.692232291517916210e+01
9.054338873403457999e-01 4.763618269971767009e-03 -4.244605752360483542e-01 -8.346439047906574871e+00 -4.038695887790110656e-02 9.963676707812030298e-01 -7.496904848445645753e-02 -1.787151616047703451e+00 4.225616779888773378e-01 8.502218919383147666e-02 9.023374420087501013e-01 2.771462862834937013e+01
9.015902640232077436e-01 5.888445701369355786e-03 -4.325509429291976016e-01 -8.737100027674147285e+00 -4.133135559829885508e-02 9.965055689361674851e-01 -7.258353935100282650e-02 -1.860687573338919654e+00 4.306120266197843716e-01 8.331852961729317719e-02 8.986830970306244337e-01 2.850303792437691186e+01
8.976335066558338571e-01 5.998610533061283188e-03 -4.407018271715381075e-01 -9.124387944703265418e+00 -4.011931228051803661e-02 9.968682933637926791e-01 -6.814724154823419144e-02 -1.934015479867303711e+00 4.389128970946016839e-01 7.885190195186082829e-02 8.950630425775346621e-01 2.928608316632542596e+01
8.937876775313622346e-01 7.556597224223568499e-03 -4.484266732416823942e-01 -9.531351596607386512e+00 -3.986024846874091504e-02 9.972396884844092479e-01 -6.264315102690146131e-02 -1.992350821795942917e+00 4.467155145312524112e-01 7.386407535635856891e-02 8.916217535696735474e-01 3.007524305660178499e+01
8.901220976585509925e-01 7.615618146730881999e-03 -4.556584789547182823e-01 -9.948678790358579604e+00 -3.839680858275161535e-02 9.975583774530992764e-01 -5.833497005031132443e-02 -2.064058731318042739e+00 4.541016838754509677e-01 6.942107752759693606e-02 8.882411715329758817e-01 3.087965997949212849e+01
8.864528600062476782e-01 6.631586705987495972e-03 -4.627713741684157389e-01 -1.039572915915976914e+01 -3.688848547709813741e-02 9.977286224874931664e-01 -5.636342407210664235e-02 -2.130955372502617795e+00 4.613464746629449276e-01 6.703445378017039435e-02 8.846840207399087053e-01 3.169392954173563837e+01
8.833555912945629807e-01 6.686616364666809163e-03 -4.686557202203048278e-01 -1.085251295570389019e+01 -3.688453083415714484e-02 9.977890242413535171e-01 -5.528647713651663187e-02 -2.192767838801709779e+00 4.672498623451120658e-01 6.612376524752418272e-02 8.816491468477933857e-01 3.251904952705366725e+01
8.801552540605386277e-01 6.616484837580368511e-03 -4.746398069906744288e-01 -1.128909083301786609e+01 -3.628764067436775903e-02 9.979147401203831702e-01 -5.337957146891152832e-02 -2.246190820718603209e+00 4.732968826493772485e-01 6.420586921379031753e-02 8.785599988989443165e-01 3.333586822966263696e+01
8.771707075160701805e-01 5.777109823556681074e-03 -4.801439058090681833e-01 -1.176609187910995757e+01 -3.508454656188979282e-02 9.980260423566045258e-01 -5.208736347641836767e-02 -2.307434844145817454e+00 4.788952158864477893e-01 6.253514083349452635e-02 8.756418976333300019e-01 3.416193374943705408e+01
8.745564692598848389e-01 4.021354829849595712e-03 -4.849070076910819149e-01 -1.224524733073147154e+01 -3.333144830129446817e-02 9.980991207889583494e-01 -5.183782107352226387e-02 -2.364404278978396778e+00 4.837768080838035223e-01 6.149775475791254692e-02 8.730280812974324789e-01 3.500511078015334476e+01
8.727136298893771738e-01 4.020960732690834726e-03 -4.882158819092835556e-01 -1.272779426016013637e+01 -3.378846834809467320e-02 9.980659909207214575e-01 -5.217870479629030389e-02 -2.426246708879321812e+00 4.870618678093478482e-01 6.203313386863650719e-02 8.711616565827774439e-01 3.584413437409292413e+01
8.708263747252944498e-01 3.818036899592165429e-03 -4.915758770382441245e-01 -1.321625407479177561e+01 -3.398157621015335250e-02 9.980453936381841196e-01 -5.244658974855400529e-02 -2.487654771585150915e+00 4.904148051158491173e-01 6.237639687649054743e-02 8.692539955425161446e-01 3.671332034955958790e+01
8.703764329790752985e-01 4.300991643484036557e-03 -4.923681159249424510e-01 -1.371987985643107422e+01 -3.422327021990674567e-02 9.980719823971332394e-01 -5.177920229934122875e-02 -2.548532288513425836e+00 4.911961280570065203e-01 6.191784460394195860e-02 8.688455265730434807e-01 3.759435650657377437e+01
8.702292980063227601e-01 3.884785617792497689e-03 -4.926315788924238714e-01 -1.423026221455681650e+01 -3.292178605605142194e-02 9.981921777135007723e-01 -5.028451465135497928e-02 -2.605620853508622936e+00 4.915456524368513880e-01 5.997736943771582452e-02 8.687839728474403556e-01 3.847692324184095014e+01
8.702570122689936571e-01 2.620200813539006173e-03 -4.925909685905260904e-01 -1.474998030219148326e+01 -3.119626477363190639e-02 9.982716741884894995e-01 -4.980419292052615243e-02 -2.663489454422018010e+00 4.916091223717538039e-01 5.870944650724192748e-02 8.688346657700156683e-01 3.936142724492496114e+01
8.695144403429364566e-01 1.646440370074169109e-03 -4.939047706185892839e-01 -1.526070342475576602e+01 -3.040590820694905397e-02 9.982761579146761655e-01 -5.020152725195758253e-02 -2.730158634108024618e+00 4.929707114449935479e-01 5.866857608688571396e-02 8.680655969531134719e-01 4.026261380213012586e+01
8.683398975581143597e-01 -3.857443846123146378e-04 -4.959694230964290518e-01 -1.580327024501823807e+01 -2.849301661067507249e-02 9.983093347029969866e-01 -5.066182288070229800e-02 -2.789207256455918937e+00 4.951504558337882500e-01 5.812334719117525500e-02 8.668608350906172877e-01 4.118454317471282167e+01
8.669282917871878880e-01 -1.625554872073493688e-03 -4.984302253719496978e-01 -1.633001225716270710e+01 -2.634451493828874474e-02 9.984474651143624424e-01 -4.907775446852379736e-02 -2.859635365478845781e+00 4.977361822048865236e-01 5.567779643047499755e-02 8.655395316046646803e-01 4.209943684988936496e+01
8.650339896411743945e-01 -1.408571858511645193e-03 -5.017112792483474637e-01 -1.688525357048046516e+01 -2.477795835814148792e-02 9.986558558364297955e-01 -4.552509666206228101e-02 -2.919384029201821384e+00 5.011010409556965195e-01 5.181213720713722520e-02 8.638363584117335625e-01 4.303230546711364468e+01
8.620153414402859093e-01 -1.012294423836226052e-03 -5.068811708090957824e-01 -1.742721945114204019e+01 -2.304651170216909239e-02 9.988855669896037348e-01 -4.118837699561264665e-02 -2.980971418370232495e+00 5.063579891851266446e-01 4.718685567430059430e-02 8.610313539351757139e-01 4.395287681196199259e+01
8.583132633577478243e-01 -2.092684470957622330e-03 -5.131217764250037838e-01 -1.797375229129735885e+01 -2.094545969655360607e-02 9.990153480478602965e-01 -3.911038379396632181e-02 -3.039819604393940278e+00 5.126983845924766303e-01 4.431653258220748237e-02 8.574242920006894808e-01 4.483889381343629310e+01
8.529662467992596975e-01 -5.081009260759823502e-03 -5.219413375381983800e-01 -1.853008402667585131e+01 -1.902474786668723744e-02 9.989855604149516788e-01 -4.081554953082049131e-02 -3.108890314624240148e+00 5.216192527571913429e-01 4.474408838986031894e-02 8.520042998774326470e-01 4.575471904564036407e+01
8.472595558039779373e-01 -7.995142498160349998e-03 -5.311189295159413071e-01 -1.910093723016701617e+01 -1.816819678597036969e-02 9.988654847251433599e-01 -4.401886049389142075e-02 -3.171417544106037489e+00 5.308683131857099280e-01 4.694487337921102177e-02 8.461530703100117456e-01 4.664085793622387399e+01
8.408551972078178727e-01 -8.447265276715729132e-03 -5.411942122187912707e-01 -1.969079151478426226e+01 -1.822818543803478991e-02 9.988690907289078380e-01 -4.391210392437375903e-02 -3.233318249778038389e+00 5.409531171780107561e-01 4.678870921563990648e-02 8.397502887020242834e-01 4.754080773433812368e+01
8.352969237763986365e-01 -5.615832288394901999e-03 -5.497704117965045434e-01 -2.029675509623275076e+01 -1.892873920255624259e-02 9.990612841553709877e-01 -3.896477084754013803e-02 -3.271998569236108878e+00 5.494731626899989063e-01 4.295361387842967782e-02 8.344065174574983867e-01 4.840723758677694377e+01
8.300155804655553471e-01 -1.341558890020452810e-03 -5.577385860506501869e-01 -2.088264154147886842e+01 -2.122804398127907388e-02 9.991965466423110565e-01 -3.399457849805047338e-02 -3.339454670176261519e+00 5.573360844504142708e-01 4.005572891076945169e-02 8.293202237645298514e-01 4.928931708071055340e+01
8.259576051640145078e-01 -9.772532664837452025e-04 -5.637313839877338140e-01 -2.150309905644858688e+01 -2.277656201691978521e-02 9.991241072191292538e-01 -3.510337077504351727e-02 -3.393962848467582560e+00 5.632719303332809346e-01 4.183375876912678870e-02 8.252118971739422770e-01 5.018433446225507311e+01
8.225442531774540544e-01 -2.783724640982609879e-03 -5.686942906245348039e-01 -2.213019804962602777e+01 -2.384092225802778020e-02 9.989401417381990056e-01 -3.937262620131342511e-02 -3.441449976875341488e+00 5.682011676245913856e-01 4.594392370290808353e-02 8.216061070815640077e-01 5.104738733424100161e+01
8.194949990194366762e-01 -4.969842528493612945e-03 -5.730647789808318571e-01 -2.272315514967490913e+01 -2.617371021230930142e-02 9.985943746869424542e-01 -4.608917208090453771e-02 -3.518264534434937918e+00 5.724883304090928604e-01 5.276907746493986195e-02 8.182130176806939881e-01 5.189562978140590133e+01
8.162588285750214112e-01 -6.011770057755203012e-03 -5.776550674600573476e-01 -2.336256067677729220e+01 -2.651070063628016213e-02 9.985025292276556996e-01 -4.785271071979339819e-02 -3.574264377986290153e+00 5.770777353115085218e-01 5.437423815008789185e-02 8.148771294003026577e-01 5.277233413056346478e+01
8.132289749450967165e-01 -4.958123295467991264e-03 -5.819227137703146813e-01 -2.398699928078562849e+01 -2.565536712392866084e-02 9.986860412140611265e-01 -4.436207014461766157e-02 -3.629502198645517819e+00 5.813780539370163591e-01 5.100596164366934943e-02 8.120332239218700510e-01 5.362417255260999127e+01
8.096980005287881532e-01 -3.101508892003578422e-03 -5.868385825389241806e-01 -2.463437588150242163e+01 -2.424128619704522120e-02 9.989557516016811523e-01 -3.872681797790026442e-02 -3.690986802546823764e+00 5.863458989665095711e-01 4.558274901295935461e-02 8.087772909387970222e-01 5.450623337283081327e+01
8.067380458511248520e-01 -1.452420366596826953e-03 -5.909074454921388053e-01 -2.528373732723760625e+01 -2.446367855117627735e-02 9.990575390056131155e-01 -3.585473796913409700e-02 -3.753057625622936211e+00 5.904026246046339965e-01 4.338115091751992142e-02 8.059421959863686258e-01 5.536499907218749428e+01
8.038826165879473518e-01 -4.409916420128000259e-04 -5.947878087836857564e-01 -2.591437334206352716e+01 -2.620561746804179332e-02 9.990024071347368695e-01 -3.615876384860109566e-02 -3.804699856426255078e+00 5.942104086659971696e-01 4.465418336838260921e-02 8.030691133932008619e-01 5.621036112330926215e+01
8.002416713995873510e-01 -1.584001303017025129e-03 -5.996755384347975948e-01 -2.657162203910164067e+01 -2.608551503524558432e-02 9.989580277151891563e-01 -3.744869582279802128e-02 -3.858296949418071886e+00 5.991100222548265686e-01 4.561085209807062141e-02 7.993665231000163240e-01 5.706520397921747190e+01
7.962423555079870541e-01 -3.963572034802939452e-03 -6.049647877220841741e-01 -2.722587536596967439e+01 -2.537049949002129212e-02 9.988800782527277322e-01 -3.993653806646358523e-02 -3.923707181210927430e+00 6.044455762643606844e-01 4.714742187753068192e-02 7.952500694156874328e-01 5.791866495481988153e+01
7.921585718497758943e-01 -4.702008080673543075e-03 -6.102972071400744047e-01 -2.789190005685571805e+01 -2.524022160261019110e-02 9.988624260249251430e-01 -4.045720128450764480e-02 -3.975680918955563303e+00 6.097931895187711504e-01 4.745255543932119791e-02 7.911387539958063542e-01 5.876783901196463233e+01
7.875923891750228334e-01 -5.312226325050326686e-03 -6.161736780457502949e-01 -2.856131668228183784e+01 -2.423813671116428065e-02 9.989218655340552644e-01 -3.959317278992503797e-02 -4.033121757377004180e+00 6.157196984764533587e-01 4.611818327917095728e-02 7.866145010631816481e-01 5.961525377696408867e+01
7.828557410749671375e-01 -5.259182439715019870e-03 -6.221810205124977955e-01 -2.925241398015117156e+01 -2.425700769756579736e-02 9.989461019645845541e-01 -3.896515100068061177e-02 -4.093683997314589540e+00 6.217302407150065990e-01 4.559634183693111326e-02 7.819031197830220714e-01 6.045261302421154426e+01
7.772744978900854029e-01 -5.786260096335836545e-03 -6.291350145961941420e-01 -2.994567050439962230e+01 -2.458240807034512906e-02 9.989148501338300790e-01 -3.955789985854397950e-02 -4.151278589474991954e+00 6.286812119562720236e-01 4.621300028082026695e-02 7.762887992399800652e-01 6.129239096884803928e+01
7.717939735777806787e-01 -7.470172930091907755e-03 -6.358287907805538763e-01 -3.065288716723261686e+01 -2.378662558226945015e-02 9.988919454016992328e-01 -4.060884014987350965e-02 -4.210654003280643209e+00 6.354276237797611415e-01 4.646587935076163661e-02 7.707610943933406178e-01 6.214047527987857933e+01
7.666965988870421134e-01 -8.599476008602793820e-03 -6.419519969991318575e-01 -3.133749040278189568e+01 -2.334264286738277003e-02 9.988757609012938188e-01 -4.125936681262916406e-02 -4.276430273475285482e+00 6.415851094623029605e-01 4.661827227684541691e-02 7.656339149883975015e-01 6.294334728098806409e+01
7.610988022293470046e-01 -1.062153823651994060e-02 -6.485489867442849610e-01 -3.206260661407082324e+01 -2.204076870128287083e-02 9.988650020999255696e-01 -4.222454420658805496e-02 -4.328650182438107841e+00 6.482613857955833447e-01 4.643156808813048847e-02 7.600008507207673958e-01 6.378057426340696168e+01
7.549738923066691143e-01 -1.170001253302934731e-02 -6.556504583367949168e-01 -3.277569752064487574e+01 -2.202152913288142611e-02 9.988245163658993064e-01 -4.318145202506524366e-02 -4.397940444357478107e+00 6.553849867845070731e-01 4.703929443999885218e-02 7.538287815962844141e-01 6.458536227583664413e+01
7.488002238776190200e-01 -1.274212607024246234e-02 -6.626732638775878481e-01 -3.353689501255436767e+01 -2.132241574293414904e-02 9.988345693196482022e-01 -4.329962765646571538e-02 -4.458367650836275509e+00 6.624527048634006876e-01 4.655256556740450247e-02 7.476558571347174942e-01 6.543590052097329135e+01
7.423613130615734912e-01 -1.282518341429569192e-02 -6.698769939968142184e-01 -3.428596181832543266e+01 -2.065614438138374531e-02 9.989033953768032825e-01 -4.201583557972879412e-02 -4.516571912819822288e+00 6.696812761367190170e-01 4.502800660644876163e-02 7.412823183046722830e-01 6.625194839232577237e+01
7.362324762837998415e-01 -1.328198784224347319e-02 -6.765983454404214115e-01 -3.502583827780325976e+01 -1.973587641807101126e-02 9.989606986445573877e-01 -4.108549354086939859e-02 -4.583455012588840916e+00 6.764408645579915724e-01 4.360173579115986242e-02 7.352051781437574096e-01 6.704796177000599755e+01
7.294838000188489380e-01 -1.499678004171679443e-02 -6.838336590993662201e-01 -3.580185385359850869e+01 -1.839055161592281079e-02 9.989681547881910095e-01 -4.152605641083272070e-02 -4.642186538524407879e+00 6.837508175433084645e-01 4.286866343509773691e-02 7.284552875466423494e-01 6.785623664648389308e+01
7.231563652861648928e-01 -1.639687497904464622e-02 -6.904896848598514048e-01 -3.658697185611929115e+01 -1.845366865784635324e-02 9.989025906467168259e-01 -4.304737555709958752e-02 -4.709737863948983083e+00 6.904377893680927469e-01 4.387205130408307341e-02 7.220601851895941392e-01 6.865804426052341114e+01
7.172148377361876603e-01 -1.536520295086632112e-02 -6.966826953353923990e-01 -3.735949121371388060e+01 -2.039092432038422040e-02 9.988660301517701123e-01 -4.302166952287270196e-02 -4.773483886685683686e+00 6.965537268647397084e-01 4.506178365210622427e-02 7.160882280139415634e-01 6.944663919677500985e+01
7.118609913347864193e-01 -1.574524398369940223e-02 -7.021438649492620643e-01 -3.817822261911360471e+01 -1.974520491329916430e-02 9.989048020952868701e-01 -4.241843074806301433e-02 -4.831593166385134808e+00 7.020427791132962669e-01 4.406000045197969173e-02 7.107704705766074715e-01 7.027049261985273176e+01
7.071664356932029216e-01 -1.573781345275811899e-02 -7.068719432254045865e-01 -3.898788716095469198e+01 -1.992987082433727783e-02 9.989113174262634898e-01 -4.217795870373782646e-02 -4.893261279626434757e+00 7.067661850989545025e-01 4.391470303070951070e-02 7.060829043122843762e-01 7.106830284413716470e+01
7.025725386430081709e-01 -1.632422086350627730e-02 -7.114248648375404160e-01 -3.981185973631917108e+01 -2.021996911541761727e-02 9.988752376266682997e-01 -4.288837300786389056e-02 -4.961444300274039598e+00 7.113248124639989234e-01 4.451718169111451573e-02 7.014522372350950885e-01 7.185079230545848361e+01
6.970744414522503929e-01 -1.820082929271750125e-02 -7.167677052629056744e-01 -4.065617134159167279e+01 -2.047641182566436319e-02 9.987646653657341611e-01 -4.527537751192072663e-02 -5.028581289999443094e+00 7.167063190730347255e-01 4.623713901344259775e-02 6.958406345727764508e-01 7.264675264329115123e+01
6.918151651737259877e-01 -2.009101213535149921e-02 -7.217950670130139912e-01 -4.146682442537898083e+01 -2.076608455697288511e-02 9.986457917394087058e-01 -4.770065414355554451e-02 -5.093050573861392039e+00 7.217759730420242326e-01 4.798889313938776296e-02 6.904610927089377403e-01 7.340685968971843067e+01
6.868760526971134928e-01 -2.068072716496107896e-02 -7.264802722274795732e-01 -4.232673312753328787e+01 -2.135181772689173987e-02 9.985893614259248041e-01 -4.861468049706785949e-02 -5.158333870559795642e+00 7.264608706058639509e-01 4.890393402252108529e-02 6.854655487346016374e-01 7.421314960235238800e+01
6.820715651557017756e-01 -2.043770160544870415e-02 -7.309997745730271168e-01 -4.319171036724249291e+01 -2.092231827961853197e-02 9.986548105878548798e-01 -4.744287006958369801e-02 -5.235389761719369872e+00 7.309860772475018642e-01 4.765364239922263018e-02 6.807264466265585678e-01 7.500521410849751192e+01
6.771974160904730144e-01 -2.078293078002575386e-02 -7.355077969549773664e-01 -4.405095104364527003e+01 -1.980435304733215232e-02 9.987240554531811032e-01 -4.645480266383115314e-02 -5.304482592053965995e+00 7.355348094306289886e-01 4.602532819991910634e-02 6.759217582649237333e-01 7.577794403338501183e+01
6.719032069693737785e-01 -2.131093939828371947e-02 -7.403322998201672389e-01 -4.491184164266353918e+01 -1.962102533075941319e-02 9.987229463888550596e-01 -4.655632880575417964e-02 -5.374661245174260138e+00 7.403790276592752129e-01 4.580742522271865486e-02 6.706270091007756617e-01 7.655229547924919586e+01
6.672185220280919538e-01 -2.223377244513868173e-02 -7.445301155425251283e-01 -4.579354252111548362e+01 -1.887601919134602318e-02 9.987286884827725197e-01 -4.674080369154821196e-02 -5.437281396620559093e+00 7.446228230732384601e-01 4.524009448445655973e-02 6.659505953570852288e-01 7.732005449762178273e+01
6.627641572372647838e-01 -2.313084142298164197e-02 -7.484708582706780522e-01 -4.669366838867112790e+01 -1.772519604326141737e-02 9.987581624888323129e-01 -4.656125334964987539e-02 -5.514197026995084627e+00 7.486183929692518113e-01 4.412592229632925078e-02 6.615311141885164004e-01 7.810363203707349555e+01
6.587923056321043358e-01 -2.383492570466351490e-02 -7.519471948822789020e-01 -4.758381374809874131e+01 -1.658535209791349788e-02 9.987949749490884210e-01 -4.619008699170825544e-02 -5.582893392651175901e+00 7.521420299482218796e-01 4.290098264379102466e-02 6.576031348121473830e-01 7.888228952552924511e+01
6.548137458589290416e-01 -2.608747422060817694e-02 -7.553399177665161002e-01 -4.847990755349375291e+01 -1.446270275591161718e-02 9.987886082833213885e-01 -4.703345842481566896e-02 -5.651283012967803998e+00 7.556519024241201699e-01 4.172241154111888672e-02 6.536432155775220298e-01 7.964591643635245077e+01
6.503281696620411001e-01 -3.061874902970856266e-02 -7.590360685153804132e-01 -4.939578674817588677e+01 -1.118820397907694178e-02 9.986929440108647249e-01 -4.987211329723598846e-02 -5.739958415448965567e+00 7.595710007087119742e-01 4.092549025142482727e-02 6.491355865799833813e-01 8.043589873591730566e+01
6.458958391325605453e-01 -3.483224654593572445e-02 -7.626304930015740391e-01 -5.029582121931098015e+01 -7.332234796011834546e-03 9.986294656507754830e-01 -5.182112182953235724e-02 -5.806548810442467179e+00 7.633903409873242785e-01 3.906283252055067767e-02 6.447552195507885164e-01 8.119323179115826861e+01
6.391094035626920800e-01 -3.911144454429216905e-02 -7.681207289909297575e-01 -5.121506163679008949e+01 -1.245705461856970583e-03 9.986522264746040545e-01 -5.188620976506347349e-02 -5.883988545116730862e+00 7.691148341087463702e-01 3.411781643088838967e-02 6.381993085589641179e-01 8.194342704599782223e+01
6.308337659201445069e-01 -4.247496183071866604e-02 -7.747545587739188555e-01 -5.216423849330731599e+01 3.139336572089566207e-03 9.986321025371599491e-01 -5.219260798310920713e-02 -5.967454884327076492e+00 7.759116664170240263e-01 3.049264375737149868e-02 6.301041942934366702e-01 8.272789946029234898e+01
6.217226735936828286e-01 -4.361140172154221589e-02 -7.820223472095239048e-01 -5.309267694493130563e+01 5.815496735475745270e-03 9.986781278220537850e-01 -5.107031411132052778e-02 -6.051707543921269306e+00 7.832158751473266012e-01 2.720372341899704102e-02 6.211544587441928389e-01 8.346688243488635806e+01
6.130406766978734323e-01 -4.242386334657588520e-02 -7.889114862285777630e-01 -5.404479335301463294e+01 6.943756215946578041e-03 9.988079979401680575e-01 -4.831529236332569172e-02 -6.113376087037662998e+00 7.900208371299690668e-01 2.414123005027780586e-02 6.126045130143240591e-01 8.420018586267359240e+01
6.042347114648277673e-01 -4.222267868952284814e-02 -7.956869027786120929e-01 -5.503883860978437070e+01 6.551071161924723087e-03 9.988245419313340756e-01 -4.802726183101961588e-02 -6.198971319600840246e+00 7.967794596077617530e-01 2.380713672500089570e-02 6.038010637811968007e-01 8.494954884924898408e+01
5.947256467267408864e-01 -4.311876711862118461e-02 -8.027715523383882612e-01 -5.603126088527748294e+01 4.784999815171505667e-03 9.987327745819668534e-01 -5.009938852961713651e-02 -6.267124467807409616e+00 8.039144975849993324e-01 2.595412908189268300e-02 5.941783196832723934e-01 8.566220438244755542e+01
5.848419888868133798e-01 -4.540674597646937594e-02 -8.098753382202955597e-01 -5.702094690828914025e+01 5.645246940310440220e-03 9.986356448561231058e-01 -5.191319663951967506e-02 -6.355392702221213774e+00 8.111276039902884927e-01 2.578907045901861553e-02 5.843003901347193496e-01 8.636669111857665371e+01
5.746933469246339188e-01 -4.655414075885090652e-02 -8.170436076394773650e-01 -5.801942883320144517e+01 5.473944942409420152e-03 9.985769911715808300e-01 -5.304741845259148408e-02 -6.423405245427158405e+00 8.183505385039179236e-01 2.601354629172567337e-02 5.741303891616492683e-01 8.706801833020801951e+01
5.647401034561196909e-01 -4.786821266384254370e-02 -8.238793827870050102e-01 -5.904858417100423651e+01 8.781729812507911917e-03 9.986084421790676346e-01 -5.200058076625883874e-02 -6.506835412836337262e+00 8.252220961159837387e-01 2.213172674316225483e-02 5.643746018086933658e-01 8.776652649000737938e+01
5.546298397922952983e-01 -4.786746880074067845e-02 -8.307192267359577720e-01 -6.007905258690130523e+01 1.009668613334311661e-02 9.986576391024282184e-01 -5.080331445775208149e-02 -6.582666056106989849e+00 8.320359421881050599e-01 1.978952235373878168e-02 5.543686303512802560e-01 8.845585355633654956e+01
5.441226187344855303e-01 -4.830597947232841832e-02 -8.376139297801779016e-01 -6.112948848813565661e+01 1.052350103957761310e-02 9.986555761271858067e-01 -5.075722769851905708e-02 -6.673251656755367023e+00 8.389397137257765813e-01 1.880352407257848343e-02 5.438994364911827750e-01 8.913348999707426401e+01
5.336830037363559098e-01 -4.880129669236905887e-02 -8.442753531931607158e-01 -6.218323793429164681e+01 8.707889895686691389e-03 9.985977902152710639e-01 -5.221710448254637815e-02 -6.752180009570400543e+00 8.456397790640628465e-01 2.051552383876257060e-02 5.333596257038523136e-01 8.978789474417955319e+01
5.233618488815817704e-01 -4.996736939256662263e-02 -8.506442405590156630e-01 -6.326305052614648616e+01 8.732560182295704895e-03 9.985413110464601560e-01 -5.328219679417024734e-02 -6.828225763405390225e+00 8.520658011463870807e-01 2.045756648703538766e-02 5.230347709820788449e-01 9.043832402061987352e+01
5.138877056605828386e-01 -5.032536227057129302e-02 -8.563800386422588673e-01 -6.432247471956057439e+01 6.912665037635601362e-03 9.984882968792786473e-01 -5.452830483713243248e-02 -6.912532791111326347e+00 8.578296177934698896e-01 2.210155661006434069e-02 5.134587435800729294e-01 9.104932728198386371e+01
