1.0 0.0 0.0 0.0 0.0 1.0 0.0 0.0 0.0 0.0 1.0 0.0
0.9999355 0.011222659 0.001730228 0.29675293 -0.011217749 0.99993306 -0.0028208382 -0.006591797 -0.0017617802 0.0028012414 0.9999945 0.00390625
0.99986714 0.0162607 0.0012126982 0.57836914 -0.01625369 0.9998524 -0.0055835242 -0.024658203 -0.0013032672 0.0055630826 0.99998367 0.009643555
0.9998131 0.019327095 0.00018771304 0.87939453 -0.019324733 0.99977535 -0.008688697 -0.03125 -0.0003557135 0.008683442 0.9999622 0.012207031
0.9998345 0.018164102 -0.00096890016 1.1862793 -0.018172242 0.99979264 -0.0091825165 -0.036621094 0.0008018261 0.009198608 0.9999573 0.018432617
0.9999204 0.012425002 -0.0021813966 1.5004883 -0.0124502 0.9998512 -0.01194275 -0.039916992 0.002032722 0.011968959 0.9999263 0.020141602
0.9999941 -0.00017658208 -0.003424666 1.8209229 0.00013168174 0.9999141 -0.0131076025 -0.0390625 0.0034266864 0.013107075 0.9999082 0.015625
0.99988693 -0.0145875 -0.003651205 2.1497803 0.014539768 0.99981266 -0.012773932 -0.022827148 0.0038368837 0.012719401 0.9999117 0.025146484
0.9994227 -0.033782043 -0.0035114707 2.4887695 0.033755213 0.99940217 -0.0074358797 0.005126953 0.0037606445 0.007313 0.9999662 0.034423828
0.998513 -0.054307114 -0.0047137067 2.8371582 0.05428947 0.9985179 -0.0037939677 0.044067383 0.0049127927 0.003532457 0.9999817 0.036987305
0.9972831 -0.07346549 -0.0052536884 3.1971436 0.07344599 0.9972911 -0.003813193 0.0826416 0.00551962 0.0034169247 0.99997896 0.036499023
0.99544454 -0.095215335 -0.0050247055 3.5784912 0.09519 0.99544674 -0.0050623734 0.12841797 0.0054837065 0.004561199 0.99997455 0.041870117
0.9932995 -0.115492724 -0.00446817 3.958496 0.115462765 0.99329203 -0.006464743 0.17663574 0.005184701 0.0059055043 0.9999691 0.048828125
0.9911542 -0.13264354 -0.0040270514 4.3563232 0.13261421 0.9911427 -0.00684033 0.24389648 0.0048987647 0.0062457495 0.99996847 0.05114746
0.9889594 -0.14815438 -0.0029859024 4.7731934 0.14813732 0.9889522 -0.0052970736 0.31835938 0.0037376422 0.004796244 0.9999815 0.05810547
0.9867943 -0.16194737 -0.0033022468 5.1914062 0.16193405 0.98679405 -0.003967627 0.40270996 0.0039011233 0.0033803715 0.99998665 0.06567383
0.98449737 -0.17531747 -0.004034647 5.6243896 0.17529397 0.984494 -0.005585234 0.48303223 0.004951556 0.004791206 0.9999763 0.07080078
0.9829919 -0.18357484 -0.0055741863 6.0773926 0.18352397 0.9829798 -0.008570285 0.5625 0.007052905 0.0074013025 0.9999477 0.07922363
0.98171866 -0.19018361 -0.0073908735 6.5388184 0.19012192 0.98172325 -0.008311499 0.65686035 0.00883673 0.0067541418 0.99993813 0.08703613
0.97994494 -0.19901364 -0.009504488 7.0114746 0.19894099 0.97997254 -0.008067478 0.7675781 0.010919823 0.006014289 0.9999223 0.083740234
0.9784886 -0.20599553 -0.011890015 7.494751 0.20590617 0.9785443 -0.008320397 0.869751 0.013348305 0.0056936583 0.9998947 0.09448242
0.97661585 -0.21455628 -0.01342788 7.9938965 0.21439368 0.97666293 -0.012577564 0.9777832 0.01581309 0.009404695 0.9998308 0.10131836
0.974951 -0.22202845 -0.01303326 8.508179 0.22178763 0.9749325 -0.017693806 1.0891113 0.016635196 0.014359375 0.99975854 0.11682129
0.9729038 -0.230734 -0.014806245 9.032837 0.23044457 0.97290045 -0.018965289 1.213501 0.018779423 0.015038168 0.9997106 0.13439941
0.97093713 -0.23842376 -0.020718783 9.571655 0.23814118 0.9711082 -0.015213899 1.3631592 0.02374798 0.009838635 0.99966973 0.13269043
0.96908605 -0.24552324 -0.024435673 10.110596 0.24528845 0.9693764 -0.012229668 1.5158691 0.026689513 0.0058577843 0.99962664 0.14685059
0.9665186 -0.25521335 -0.025653819 10.674438 0.25490376 0.96682835 -0.014746794 1.6624756 0.028567232 0.007710641 0.9995621 0.16235352
0.9640089 -0.2644717 -0.027025454 11.238647 0.26409814 0.96434665 -0.016629502 1.8188477 0.030460404 0.00889274 0.99949634 0.18493652
0.9617314 -0.27236187 -0.030170096 11.822998 0.27197364 0.96217525 -0.016378915 1.9912109 0.033488672 0.0075447448 0.99941033 0.20471191
0.95960927 -0.279231 -0.03363413 12.416992 0.278821 0.9601772 -0.016414577 2.1766357 0.03688049 0.006372171 0.99929965 0.22167969
0.95736057 -0.2863193 -0.038540542 13.013306 0.28584802 0.9581195 -0.01734456 2.357544 0.041892976 0.0055895443 0.9991067 0.24658203
0.95488244 -0.29341576 -0.04602687 13.625366 0.29289863 0.95598423 -0.017756525 2.5494385 0.049210858 0.0034778304 0.9987829 0.28051758
0.95335424 -0.2968607 -0.054954655 14.248291 0.29628953 0.954936 -0.018448938 2.7559814 0.0579546 0.0013077357 0.99831825 0.30908203
0.9515415 -0.30070958 -0.06408113 14.88208 0.30013615 0.95369464 -0.018627658 2.9630127 0.066716425 -0.0015077516 0.99777186 0.34814453
0.94951415 -0.30498874 -0.073158555 15.529419 0.30441868 0.9523195 -0.019098144 3.1815186 0.07549617 -0.0041436506 0.9971373 0.39038086
0.94777596 -0.3083876 -0.0810115 16.19104 0.3079847 0.9511991 -0.01774386 3.4038086 0.08253019 -0.008147324 0.99655336 0.4416504
0.9455491 -0.31345183 -0.088033795 16.856201 0.31329608 0.9495561 -0.015937474 3.6392822 0.08858628 -0.012501765 0.9959901 0.49938965
0.94316685 -0.3183003 -0.09547426 17.531616 0.31841266 0.9478365 -0.014466293 3.8769531 0.095098905 -0.016750531 0.995329 0.56396484
0.9416612 -0.32095674 -0.101281516 18.22168 0.32129753 0.9468814 -0.013367849 4.126831 0.100195184 -0.019952174 0.99476874 0.6340332
0.9394148 -0.32602245 -0.10570243 18.926392 0.3268159 0.94501317 -0.010218999 4.3859863 0.103222325 -0.024949847 0.9943459 0.703125
0.9376045 -0.33061045 -0.10757285 19.637695 0.3315789 0.94337 -0.009286977 4.6436768 0.10454931 -0.02696446 0.99415404 0.7811279
0.9352702 -0.33733317 -0.10711474 20.36377 0.33844593 0.9409498 -0.0081654675 4.909424 0.10354538 -0.028618133 0.99421245 0.8666992
0.93302864 -0.34382543 -0.105808675 21.091309 0.34487498 0.9385831 -0.00879702 5.1887207 0.10233535 -0.02829095 0.9943474 0.94677734
0.93120813 -0.34924173 -0.10465929 21.828613 0.35028172 0.9366436 -0.008877603 5.4656982 0.10112606 -0.028389981 0.99446625 1.0303955
0.9292838 -0.35527563 -0.10091364 22.564941 0.35630754 0.9343177 -0.008215336 5.755615 0.097207025 -0.028325662 0.99486154 1.1138916
0.9250818 -0.36732033 -0.09646041 23.33081 0.3684886 0.92961645 -0.0060610203 6.064209 0.09189725 -0.029940603 0.9953174 1.1923828
0.92235243 -0.37515378 -0.092371 24.086548 0.37641233 0.9264489 -0.0040704003 6.3867188 0.08710154 -0.031020349 0.99571484 1.2738037
0.91994166 -0.3816115 -0.08988639 24.845825 0.38307157 0.92371607 -0.0010865065 6.7139893 0.08344348 -0.033426393 0.99595314 1.3421631
0.91636515 -0.3906016 -0.0880455 25.602173 0.3921316 0.9199348 8.238433e-05 7.045044 0.08096053 -0.034595307 0.9961164 1.4207764
0.9122192 -0.4000348 -0.08817628 26.37976 0.40165123 0.9157652 0.0006296532 7.3935547 0.080493554 -0.036002655 0.99610317 1.4931641
0.90865886 -0.40821597 -0.08748951 27.154907 0.4099045 0.91210324 0.0014709136 7.751587 0.079201214 -0.037205696 0.99616414 1.5598145
0.90483445 -0.41688216 -0.08645232 27.944946 0.41861072 0.90816003 0.0020604162 8.127563 0.07765391 -0.038064063 0.9962521 1.6318359
0.9015715 -0.4243246 -0.084520794 28.72107 0.42599735 0.90473604 0.001955727 8.501587 0.07563916 -0.037761588 0.99642074 1.7020264
0.89916307 -0.4301819 -0.080238774 29.523438 0.43165222 0.90203255 0.0010939441 8.8927 0.07190852 -0.03561603 0.9967759 1.7678223
0.89500564 -0.4397507 -0.07509518 30.350708 0.44125098 0.89740837 0.003818613 9.301758 0.06571225 -0.036558714 0.99716747 1.8328857
0.8921776 -0.44616783 -0.070781484 31.164917 0.44746822 0.8943262 0.0028448696 9.711548 0.06203133 -0.034201 0.9974885 1.8966064
0.88842523 -0.45393187 -0.068510175 31.980103 0.45516914 0.890428 0.0027700532 10.139893 0.059742328 -0.03364474 0.9976458 1.9586182
0.8851928 -0.46032763 -0.06696556 32.804077 0.4615238 0.8870955 0.0027332604 10.575317 0.0581484 -0.03332159 0.99775255 2.02063
0.88292736 -0.46504578 -0.065066 33.645264 0.46620312 0.8847078 0.002979659 11.024048 0.056177888 -0.032960508 0.9978764 2.071045
0.8803823 -0.46999654 -0.063950546 34.49402 0.47103715 0.88214684 0.0013655792 11.485962 0.055773687 -0.031326503 0.99795145 2.1306152
0.8771242 -0.47602978 -0.063797526 35.345093 0.47710717 0.8788551 0.001896906 11.950806 0.05516604 -0.03209962 0.99796104 2.1846924
0.8757369 -0.47852215 -0.06368747 36.211426 0.4795609 0.8774816 0.0011686943 12.435547 0.055323813 -0.031566296 0.9979693 2.2453613
0.87403244 -0.48153275 -0.064534426 37.07898 0.48252967 0.87586224 -0.00014737505 12.921265 0.0565976 -0.031007351 0.9979161 2.3012695
0.87413687 -0.48151648 -0.06288376 37.965576 0.48248783 0.8758618 0.00029468117 13.41748 0.054935485 -0.030605935 0.9980204 2.3572998
0.8736667 -0.4824038 -0.063085265 38.85901 0.48348406 0.8753434 0.0021378736 13.928101 0.05418875 -0.03237151 0.9980055 2.4146729
0.87350607 -0.48298034 -0.06109789 39.77173 0.48388195 0.8751426 -4.2081814e-05 14.439941 0.05349016 -0.029527621 0.99813175 2.4735107
0.87368834 -0.48277995 -0.060460057 40.69507 0.48352686 0.8753611 -0.0025666659 14.954956 0.054162055 -0.026981436 0.99816805 2.53125
0.8721858 -0.48547876 -0.059571046 41.627808 0.486103 0.8738585 -0.004490417 15.477661 0.05424023 -0.025038889 0.9982147 2.5905762
0.8712581 -0.4875181 -0.057280377 42.557373 0.48805016 0.87282586 -0.0052473173 16.004639 0.05255454 -0.023380809 0.99834454 2.6531982
0.8695201 -0.49110386 -0.05402479 43.49585 0.49157506 0.87091637 -0.0051019355 16.539429 0.049556132 -0.022113156 0.99852645 2.7139893
0.8659019 -0.49778882 -0.048955426 44.425293 0.49816933 0.8670521 -0.0049658334 17.077515 0.044917785 -0.020089846 0.9987886 2.7750244
0.8628069 -0.50324017 -0.04691755 45.333252 0.50349414 0.8639038 -0.0070957527 17.619873 0.044105746 -0.01750022 0.99887407 2.8308105
0.857637 -0.5121227 -0.046951283 46.256836 0.51228404 0.858773 -0.009438661 18.168701 0.04515571 -0.015957903 0.9988526 2.8902588
0.852664 -0.5202504 -0.048571117 47.17334 0.5202467 0.85393834 -0.013710376 18.72644 0.04861045 -0.013577298 0.99872553 2.9489746
0.8454568 -0.5318027 -0.048718005 48.083252 0.5318527 0.8467284 -0.013012039 19.30957 0.04816892 -0.014915306 0.9987274 3.0072021
0.8411779 -0.5388011 -0.045176174 48.987793 0.5389652 0.8422308 -0.009507149 19.90149 0.04317233 -0.016349522 0.99893427 3.0577393
0.8361029 -0.5470916 -0.04172986 49.895508 0.54730725 0.8369731 -0.0070833713 20.501099 0.03879837 -0.016917404 0.9991035 3.1157227
0.8322643 -0.5526848 -0.043396235 50.77881 0.55297357 0.83318007 -0.0061279135 21.098877 0.039545294 -0.018889949 0.9990397 3.1636963
0.8280899 -0.5585897 -0.047407527 51.664795 0.5588635 0.82921803 -0.008504416 21.704346 0.044062793 -0.019457351 0.99883896 3.2109375
0.8256625 -0.5615024 -0.055019192 52.54541 0.56179017 0.8272177 -0.011550812 22.310791 0.051997945 -0.021372518 0.99841833 3.272461
0.82186157 -0.5668805 -0.05605604 53.424072 0.56720716 0.82346696 -0.011441271 22.927612 0.05264868 -0.02239911 0.9983617 3.3348389
0.81925917 -0.57096523 -0.05318124 54.30713 0.5712652 0.82070315 -0.010875422 23.542847 0.04985693 -0.021474728 0.99852526 3.395996
0.8162072 -0.5758447 -0.047356103 55.195312 0.5761531 0.81732136 -0.008225534 24.179443 0.043443907 -0.020573149 0.99884397 3.4528809
0.8127483 -0.5808207 -0.045326885 56.07422 0.5811219 0.81376123 -0.0075784954 24.814453 0.041286 -0.020186389 0.99894315 3.5126953
0.81062466 -0.5836969 -0.046738036 56.943604 0.5841033 0.8116575 -0.0058469307 25.452393 0.041349754 -0.022559803 0.99889016 3.5653076
0.8064637 -0.58938766 -0.0480399 57.812256 0.58971816 0.8076076 -0.00848449 26.098145 0.043797992 -0.02148572 0.9988093 3.614502
0.8028477 -0.5942481 -0.049883585 58.68628 0.5945278 0.80411917 -0.01064246 26.744873 0.046434086 -0.021107417 0.9986982 3.6744385
0.79933274 -0.5989062 -0.049395073 59.55127 0.59915 0.80059457 -0.011356918 27.405518 0.046345785 -0.020513635 0.99871486 3.7318115
0.79471445 -0.6050162 -0.04854978 60.426025 0.60521626 0.79595095 -0.012131585 28.067505 0.045987792 -0.019737765 0.9987476 3.7872314
0.7897495 -0.61158025 -0.04764146 61.28247 0.61179614 0.7909328 -0.011605458 28.740479 0.04478309 -0.019982232 0.99879706 3.840332
0.78379244 -0.6190238 -0.04852974 62.154785 0.6191666 0.7850587 -0.013850603 29.424927 0.046671752 -0.019198103 0.99872565 3.902832
0.7789409 -0.6251274 -0.04856823 63.00244 0.6252044 0.780238 -0.015463261 30.113281 0.047564723 -0.01831809 0.9987007 3.963501
0.7737286 -0.6316905 -0.048189223 63.854492 0.63170135 0.7750345 -0.016941234 30.812378 0.04804669 -0.017339762 0.998694 4.020752
0.76689696 -0.6399742 -0.04933753 64.71484 0.6399626 0.7682787 -0.01809636 31.526123 0.049485527 -0.017692145 0.9986181 4.0844727
0.76232547 -0.64515233 -0.04989983 65.552246 0.64505905 0.7637706 -0.020119077 32.242065 0.05108966 -0.016854145 0.99855185 4.153076
0.7554345 -0.65330404 -0.048795793 66.394775 0.6531411 0.7568462 -0.021429464 32.960327 0.05093076 -0.01568746 0.9985789 4.2139893
0.7489944 -0.66088754 -0.04695322 67.23218 0.6606473 0.75033355 -0.022678621 33.707153 0.05021809 -0.0140367495 0.99863946 4.271118
0.74372834 -0.6669199 -0.04463387 68.07568 0.6666338 0.7449617 -0.023188276 34.45996 0.048720747 -0.012513724 0.9987341 4.338745
0.73704696 -0.674322 -0.044586774 68.907715 0.67399335 0.7382944 -0.024302484 35.223022 0.049306005 -0.012138159 0.99871004 4.4022217
0.7312861 -0.6805077 -0.04554629 69.72803 0.68010044 0.7326094 -0.026312847 35.997925 0.051268734 -0.011736097 0.9986156 4.463867
0.7264141 -0.6857576 -0.046756476 70.55347 0.6854251 0.72778976 -0.025330693 36.777344 0.051399145 -0.013645491 0.9985849 4.529785
0.7199433 -0.6925779 -0.04556553 71.385254 0.6922157 0.7212688 -0.025864236 37.577026 0.050771598 -0.012925918 0.998626 4.5910645
0.71517247 -0.69747066 -0.045753006 72.1958 0.69709724 0.71651584 -0.026311418 38.38623 0.051128127 -0.01308326 0.9986058 4.658081
0.70979446 -0.7030007 -0.046116475 73.00928 0.70260215 0.7111696 -0.027086152 39.202515 0.051833235 -0.013176047 0.9985684 4.724243
0.7051934 -0.70750046 -0.048162088 73.832275 0.70704746 0.7067023 -0.028798213 40.025513 0.05440908 -0.013735923 0.9984246 4.7940674
0.70054984 -0.71194524 -0.05001518 74.637695 0.7114056 0.70219636 -0.030991 40.849365 0.057180785 -0.013868566 0.99826735 4.8632812
0.69519687 -0.7171142 -0.050767828 75.447754 0.7165459 0.69690293 -0.031886112 41.69348 0.058243148 -0.014200798 0.99820185 4.932617
0.6907044 -0.7215354 -0.04930544 76.25952 0.720961 0.69232965 -0.0318239 42.54248 0.057091095 -0.013567885 0.99827635 5.005493
0.6873321 -0.7247334 -0.047674205 77.061035 0.7241198 0.68887275 -0.03226116 43.4032 0.056231126 -0.0123494845 0.9983418 5.0806885
0.6793647 -0.73239166 -0.04767223 77.862305 0.73171616 0.6809298 -0.033666845 44.26892 0.05710799 -0.012007173 0.99829537 5.1604004
0.6750451 -0.7362575 -0.047500893 78.658936 0.73551035 0.67662036 -0.035030015 45.14331 0.0579288 -0.011293459 0.9982567 5.2301025
0.6707866 -0.7401948 -0.04587405 79.46167 0.73939484 0.6722804 -0.03579645 46.03003 0.05734058 -0.009909357 0.99830556 5.307251
0.66606104 -0.74457765 -0.045017466 80.25244 0.7437392 0.66751826 -0.036496542 46.917847 0.057219513 -0.009178134 0.9983189 5.3861084
0.6632886 -0.7470476 -0.04324901 81.05151 0.74599886 0.664672 -0.03998263 47.81714 0.058620565 -0.005744937 0.998264 5.4556885
0.6587944 -0.75102144 -0.04285955 81.84448 0.7496966 0.6601811 -0.044676412 48.715088 0.061850734 -0.0026946412 0.9980824 5.539795
0.6543466 -0.75519776 -0.040821668 82.63599 0.753562 0.6556157 -0.049707513 49.625 0.06430054 0.0017759698 0.9979297 5.610962
0.6504335 -0.7587267 -0.036144182 83.42114 0.75685275 0.651392 -0.053833216 50.543213 0.06439191 0.0076565286 0.99789524 5.7021484
0.6403122 -0.7674598 -0.031954207 84.206055 0.7654226 0.640994 -0.057188272 51.472412 0.06437046 0.01215905 0.9978519 5.7824707
0.6325791 -0.7739671 -0.027884707 84.98779 0.7718764 0.6329968 -0.059010603 52.416016 0.06331695 0.015800435 0.99786794 5.8703613
0.6237136 -0.7812531 -0.024800744 85.75342 0.7792702 0.62397695 -0.058156256 53.37207 0.060902502 0.016942326 0.99799955 5.9525146
0.6141765 -0.78867257 -0.024421578 86.511475 0.78671104 0.6144433 -0.057966974 54.346436 0.06072484 0.016393626 0.99802035 6.0375977
0.6058981 -0.7950937 -0.026408326 87.25586 0.7930306 0.60629046 -0.05914528 55.328613 0.06303929 0.014890782 0.9978998 6.1186523
0.5965077 -0.8022661 -0.025852637 87.99512 0.80000013 0.5968366 -0.06250343 56.320557 0.06556758 0.016606698 0.9977101 6.206665
0.5854694 -0.8101266 -0.026370354 88.71948 0.8078059 0.58585113 -0.06327082 57.321777 0.06671944 0.015742105 0.997648 6.293335
0.57537144 -0.81761193 -0.022251392 89.44409 0.8152468 0.57547754 -0.065074585 58.345947 0.066013135 0.019306166 0.9976323 6.3807373
0.56573284 -0.8243386 -0.021227926 90.157715 0.8220193 0.5658063 -0.064687215 59.375732 0.06534378 0.019152408 0.9976796 6.4761963
0.555737 -0.83119595 -0.019789787 90.85498 0.8288039 0.5557147 -0.066237204 60.411865 0.06604669 0.020410433 0.99760777 6.5620117
0.5467033 -0.8371782 -0.020495912 91.54077 0.8347111 0.54673666 -0.0671431 61.46997 0.06740558 0.019595701 0.9975327 6.6538086
0.5350015 -0.8445339 -0.021086728 92.20166 0.8419845 0.53509 -0.06819971 62.54077 0.068872474 0.01872575 0.99744904 6.7435303
0.5257339 -0.8504084 -0.02269104 92.86499 0.8478089 0.52595574 -0.06852625 63.614258 0.07020447 0.01678818 0.99739116 6.839966
0.51600045 -0.8563046 -0.022012785 93.51514 0.8536366 0.516184 -0.069684885 64.68823 0.07104279 0.017165996 0.99732566 6.9335938
0.5067296 -0.8618768 -0.021110522 94.1582 0.8593774 0.50691414 -0.06753186 65.7937 0.068903506 0.016080676 0.99749386 7.029663
0.50008166 -0.865664 -0.01914743 94.7937 0.8633081 0.50017786 -0.065914795 66.892334 0.06664184 0.016441455 0.99764216 7.1278076
0.49155572 -0.8707958 -0.018183542 95.4209 0.8683692 0.4915902 -0.06720938 68.00903 0.06744632 0.017240321 0.9975732 7.2226562
0.48388946 -0.8749879 -0.017990567 96.038574 0.87239486 0.4838879 -0.06968081 69.133545 0.06967607 0.018026305 0.9974071 7.319824
0.47969118 -0.8771269 -0.015902303 96.65674 0.874316 0.47948247 -0.07332653 70.24414 0.071958356 0.021277018 0.9971815 7.414673
0.4719621 -0.8814194 -0.01480029 97.26514 0.8784157 0.47163332 -0.076254964 71.375 0.074208535 0.022994205 0.9969784 7.512085
0.46762282 -0.8836391 -0.014652535 97.857666 0.88035274 0.46720967 -0.07998134 72.50659 0.07754788 0.024497954 0.9966878 7.6273193
0.46248153 -0.8865219 -0.011449689 98.45581 0.88328546 0.46183246 -0.08036168 73.64136 0.076531716 0.027035573 0.99669933 7.7268066
0.45738125 -0.8892531 -0.008350145 99.032715 0.88629454 0.45658934 -0.07776891 74.77222 0.07295911 0.028178984 0.99693733 7.8358154
0.45333007 -0.8912716 -0.0025448678 99.6228 0.8885667 0.45217207 -0.07661811 75.90527 0.06944624 0.03248489 0.99705774 7.9543457
0.4519076 -0.89208066 -0.00025070366 100.19995 0.88947076 0.4506058 -0.07632587 77.04224 0.06820023 0.03428399 0.99708354 8.047974
0.44765502 -0.8941276 0.001668538 100.758545 0.89159787 0.44624537 -0.07602374 78.16968 0.06725126 0.03552938 0.9971041 8.147949
0.44643542 -0.89485353 0.0037510172 101.325195 0.8924453 0.44491944 -0.07530947 79.293945 0.06569637 0.036964554 0.99715453 8.248047
0.4432279 -0.8961959 0.006483771 101.875 0.89396167 0.44158638 -0.07413812 80.41406 0.063588314 0.03866779 0.99722767 8.341553
0.4422466 -0.8967644 0.008608843 102.42529 0.8945853 0.44045615 -0.074566096 81.52319 0.06307337 0.04068786 0.9971799 8.438843
0.43926236 -0.8983537 0.0110654915 102.96265 0.8962761 0.43732786 -0.07447488 82.62671 0.062068984 0.042642638 0.99716127 8.531494
0.43728805 -0.8991893 0.01506016 103.504395 0.897302 0.4351277 -0.07418954 83.728516 0.06014719 0.04596674 0.9971314 8.620972
0.4358244 -0.89999133 0.017710336 104.036865 0.89827037 0.43354633 -0.07339147 84.83032 0.05837466 0.047881193 0.9971449 8.705811
0.43376502 -0.900897 0.019482188 104.55249 0.8991931 0.4313348 -0.07449293 85.90137 0.058686897 0.04981954 0.997032 8.792114
0.4337631 -0.9009155 0.020304255 105.06958 0.89916635 0.4312103 -0.075943716 86.975586 0.05964793 0.051181335 0.9969055 8.880859
0.43220854 -0.9014259 0.020325879 105.57788 0.89957935 0.42957452 -0.077530764 88.03882 0.061163682 0.051809527 0.9967832 8.966431
0.43323046 -0.9011956 0.019277629 106.06885 0.89930415 0.43066472 -0.077419914 89.088135 0.061455764 0.05087914 0.9968125 9.053833
0.43575534 -0.89996976 0.016633205 106.56763 0.89799094 0.43337542 -0.07682607 90.14038 0.061945625 0.048427433 0.9969049 9.139648
0.4387413 -0.8984952 0.014057765 107.05542 0.8963487 0.43647912 -0.07764479 91.160645 0.06362982 0.04665219 0.9968814 9.229248
0.445104 -0.89524007 0.011990601 107.548584 0.89298856 0.44293952 -0.07807038 92.18115 0.06458075 0.045465317 0.9968768 9.316772
0.45190382 -0.89200145 0.009655688 108.05347 0.8896298 0.44985273 -0.07853797 93.19873 0.065709725 0.044076838 0.99686444 9.400513
0.4575125 -0.8890992 0.00881446 108.55835 0.886844 0.45559365 -0.07637348 94.196045 0.06391477 0.042761836 0.99703896 9.485962
0.46651503 -0.8845532 0.007617154 109.07202 0.8822778 0.46465972 -0.076210104 95.19116 0.06384646 0.042271722 0.99706393 9.570923
0.47424436 -0.88046366 0.006250494 109.598145 0.87824106 0.4725174 -0.074719295 96.18457 0.062820025 0.04091765 0.9971853 9.657471
0.48389372 -0.87512034 0.005240078 110.12036 0.872879 0.4822061 -0.0746747 97.15112 0.06282572 0.040720116 0.9971943 9.740601
0.49387407 -0.86964124 0.0034084131 110.663574 0.8672642 0.4922273 -0.07592795 98.119385 0.06433046 0.040449373 0.9971081 9.821533
0.50248563 -0.8644954 -0.0008271984 111.198975 0.8618702 0.50103277 -0.077408865 99.06445 0.067341164 0.03819625 0.99699956 9.906738
0.51487625 -0.85720384 -0.004329339 111.75781 0.8544562 0.51361775 -0.0775497 100.00879 0.06871527 0.036220722 0.9969779 9.989014
0.527871 -0.8493843 -0.007192238 112.331055 0.8466777 0.52683145 -0.07574647 100.94556 0.068118885 0.03388066 0.9971006 10.072876
0.54012 -0.84166807 -0.0079124905 112.90137 0.8391539 0.5391908 -0.0727258 101.86914 0.06547763 0.03262949 0.99731946 10.158325
0.5526384 -0.83334565 -0.008160205 113.49902 0.83093566 0.5517374 -0.07123088 102.79053 0.063860446 0.0325896 0.997427 10.239258
0.5633532 -0.8261832 -0.009937021 114.09668 0.8238039 0.5625726 -0.07002608 103.67578 0.06344297 0.031267237 0.9974958 10.323486
0.57528895 -0.81793505 -0.010812147 114.71265 0.8155633 0.5745412 -0.06964332 104.55737 0.06317481 0.031248385 0.99751323 10.399414
0.58635056 -0.8100077 -0.012239545 115.331055 0.8075263 0.58562446 -0.07081945 105.424805 0.06452211 0.031641945 0.9974144 10.480591
0.59775007 -0.80163306 -0.011726051 115.95508 0.799008 0.59686613 -0.07344417 106.261475 0.06587877 0.034537546 0.99723005 10.560181
0.60749483 -0.7941585 -0.013237734 116.583984 0.7916218 0.606745 -0.07147078 107.09546 0.06480078 0.03294361 0.9973547 10.647339
0.6197108 -0.7847819 -0.013061441 117.22485 0.782319 0.6189405 -0.070599295 107.91626 0.06348646 0.033537924 0.99741924 10.726318
0.62785625 -0.7782716 -0.011091075 117.85889 0.77604556 0.6270297 -0.067975566 108.71973 0.059851717 0.034066435 0.9976253 10.802612
0.6388746 -0.76932734 -0.012796691 118.51245 0.7671385 0.63816357 -0.066581205 109.51611 0.059391502 0.032725837 0.9976983 10.878662
0.6480253 -0.76145995 -0.016136719 119.153076 0.759255 0.64753103 -0.06522928 110.28174 0.060112357 0.030020544 0.9977402 10.952637
0.6568771 -0.75380135 -0.018347912 119.80029 0.75154305 0.65649444 -0.06511045 111.042725 0.061119027 0.028975848 0.9977093 11.017944
0.6668577 -0.744917 -0.01928601 120.4646 0.7426316 0.6664994 -0.06518788 111.79419 0.06141592 0.029149579 0.99768656 11.093506
0.6753918 -0.73729163 -0.019073974 121.12329 0.7351416 0.6750548 -0.06312949 112.52588 0.05941222 0.028620742 0.99782336 11.168457
0.68385315 -0.7293262 -0.017904837 121.79077 0.7273053 0.6834695 -0.06155101 113.225586 0.057137117 0.029065594 0.99794286 11.238892
0.6940273 -0.7198195 -0.018300293 122.46484 0.7178119 0.6936477 -0.061207104 113.94629 0.056752965 0.029343925 0.9979567 11.306885
0.7013933 -0.7125609 -0.019556705 123.1228 0.7106012 0.7011048 -0.059794784 114.637695 0.05631771 0.028048052 0.99801916 11.367065
0.7096149 -0.7041916 -0.01976706 123.805664 0.70223975 0.7093209 -0.059603207 115.31006 0.056006677 0.028413044 0.9980261 11.439087
0.7144823 -0.6993105 -0.019354414 124.474365 0.69752765 0.7142317 -0.05676665 115.973145 0.05353134 0.02705605 0.9981994 11.501465
0.7224029 -0.6912718 -0.01922061 125.142334 0.6896769 0.7222181 -0.053278007 116.63574 0.050709844 0.025228426 0.99839425 11.566772
0.7310892 -0.68187094 -0.017677002 125.82495 0.6802666 0.7307774 -0.05434725 117.27002 0.049990408 0.027709916 0.99836546 11.622681
0.73728853 -0.67536277 -0.01912881 126.483154 0.67383474 0.7370956 -0.052071087 117.889404 0.049266145 0.025500877 0.99845994 11.688599
0.7451923 -0.6664742 -0.019431971 127.1499 0.66502166 0.7450375 -0.05042482 118.493164 0.048090633 0.024659215 0.9985391 11.741333
0.75456107 -0.65590125 -0.018736057 127.83496 0.65460646 0.754427 -0.04744363 119.08765 0.045253914 0.023530431 0.9986981 11.796875
0.763098 -0.6460037 -0.018154882 128.49585 0.64490634 0.76301706 -0.04323824 119.66553 0.041787855 0.021283459 0.9988995 11.8498535
0.7738873 -0.63306826 -0.018827744 129.17603 0.6320699 0.7738721 -0.040523306 120.22705 0.04021542 0.019458473 0.99900144 11.905273
0.7829249 -0.62177 -0.020546336 129.83838 0.62074757 0.7829693 -0.04028727 120.76514 0.041138053 0.018781807 0.9989765 11.941162
0.79239345 -0.60966194 -0.022527834 130.50928 0.6085815 0.79249585 -0.0407573 121.29028 0.04270105 0.018581562 0.99891466 11.994873
0.80277616 -0.5958286 -0.023141012 131.19751 0.5947888 0.80290926 -0.03950204 121.80908 0.04211341 0.017946476 0.99895155 12.04126
0.8115933 -0.583759 -0.022422168 131.88184 0.5827708 0.8116988 -0.03852225 122.30908 0.04069079 0.018200923 0.99900633 12.077148
0.82301813 -0.56766945 -0.020591954 132.58936 0.5667931 0.8230708 -0.036486153 122.80469 0.037661675 0.018360298 0.999122 12.12439
0.83012927 -0.5571983 -0.018394329 133.2815 0.55642194 0.8301227 -0.034843203 123.27734 0.034685567 0.018689623 0.9992236 12.166992
0.84054905 -0.5415201 -0.016332122 134.00537 0.5408374 0.8404913 -0.03321471 123.7478 0.031709533 0.019085392 0.9993149 12.203735
0.848492 -0.5291349 -0.014091807 134.73291 0.5285043 0.8483601 -0.033007156 124.19556 0.029414978 0.020558134 0.99935573 12.2404785
0.85465306 -0.5190315 -0.011747301 135.44434 0.51844436 0.8544407 -0.033322442 124.63696 0.02733326 0.022385111 0.99937546 12.276123
0.86269814 -0.5054372 -0.011717772 136.18018 0.50486225 0.86248255 -0.033028796 125.0625 0.02680226 0.022574348 0.9993858 12.310059
0.8690208 -0.49468103 -0.011873806 136.93115 0.49414128 0.8688327 -0.031649206 125.50659 0.02597085 0.02163339 0.99942833 12.343628
0.8750677 -0.48381907 -0.0124893775 137.65674 0.48331702 0.87492794 -0.029765949 125.92114 0.02533088 0.020011008 0.99947876 12.375732
0.8813337 -0.47228354 -0.012523489 138.42725 0.47180954 0.88120997 -0.028681152 126.34277 0.024581986 0.01936712 0.9995101 12.40271
0.8862728 -0.46296787 -0.012500568 139.17456 0.46248513 0.88613486 -0.029111728 126.7334 0.024556022 0.020019269 0.999498 12.431885
0.8917272 -0.4523579 -0.0125215985 139.93823 0.45184475 0.8915573 -0.030391252 127.12573 0.024915194 0.021441892 0.9994595 12.460083
0.89621377 -0.44338748 -0.012871887 140.72632 0.44286013 0.89604 -0.030730268 127.516846 0.025161533 0.021840315 0.9994447 12.490845
0.8992513 -0.43729824 -0.01279451 141.50488 0.4367797 0.89907706 -0.03049568 127.90918 0.024837924 0.021836033 0.999453 12.521973
0.9020248 -0.43150172 -0.010059003 142.3003 0.4310846 0.90182257 -0.028738718 128.29053 0.021472856 0.021587327 0.9995364 12.549316
0.90534604 -0.4245467 -0.0069959713 143.1123 0.4242648 0.90515804 -0.025067743 128.67456 0.016976777 0.019725626 0.9996612 12.573242
0.9083224 -0.4182587 -0.005218777 143.93579 0.41805986 0.9081643 -0.021923672 129.06494 0.013909472 0.01773019 0.99974597 12.595459
0.91170377 -0.41079953 -0.004019296 144.76465 0.4106578 0.91157615 -0.019104624 129.45312 0.011513584 0.015766157 0.99980927 12.614136
0.91441315 -0.40478536 -0.00260079 145.61206 0.40468106 0.91429126 -0.017713519 129.8374 0.009550488 0.015144468 0.99983954 12.626953
0.91752857 -0.39767286 2.9874966e-05 146.48096 0.39761972 0.9174048 -0.01641476 130.2124 0.0064983666 0.015073167 0.99986535 12.64624
0.92096716 -0.3896139 0.0029345509 147.36841 0.38960868 0.920834 -0.01605704 130.5835 0.0035534278 0.015930783 0.9998667 12.657837
0.9238992 -0.3825806 0.0042345966 148.26904 0.38259703 0.92375886 -0.016263627 130.96582 0.0023104611 0.016645536 0.99985874 12.669678
0.9271969 -0.37454817 0.0035478147 149.1648 0.3745525 0.9270469 -0.0169578 131.33765 0.0030606075 0.017052827 0.99985 12.670166
0.9314179 -0.3638632 0.0048975586 150.10449 0.36388803 0.9312226 -0.019226324 131.70215 0.0024347065 0.019690594 0.9998032 12.690063
0.93511945 -0.3543168 0.004028043 151.0459 0.35432038 0.9348898 -0.021055918 132.06543 0.003694519 0.021117087 0.99977016 12.692261
0.9394402 -0.34267902 0.002031963 152.00269 0.3426396 0.9392027 -0.021856315 132.4165 0.0055802865 0.021229206 0.99975914 12.709473
0.94434685 -0.32887387 0.0005535125 152.98169 0.3288185 0.9441541 -0.020017127 132.77563 0.0060615763 0.019084932 0.99979943 12.714478
0.94943976 -0.31404614 0.0010931834 153.95703 0.31401905 0.94929874 -0.0169068 133.11035 0.004270821 0.016395207 0.9998564 12.727417
0.95560557 -0.29464647 0.003272846 154.97705 0.29466382 0.95551735 -0.01300683 133.44019 0.0007043396 0.013393866 0.99991 12.734985
0.96136713 -0.27521956 0.0042487946 156.00122 0.275249 0.9613173 -0.009891474 133.74658 -0.0013615977 0.010678749 0.99994206 12.744385
0.9674481 -0.25307432 0.004880035 157.0437 0.25310698 0.9674188 -0.008009639 134.03784 -0.0026941735 0.0089840805 0.999956 12.754517
0.9725624 -0.23254691 0.0062658424 158.09546 0.23258607 0.9725515 -0.0064778775 134.31104 -0.004587206 0.0077576255 0.99995947 12.752197
0.9776436 -0.21007985 0.0086611435 159.20459 0.21013533 0.9776512 -0.0060800873 134.55469 -0.0071900897 0.007764748 0.999944 12.760498
0.9823256 -0.1867243 0.013481675 160.28052 0.18679556 0.9823955 -0.0042229565 134.7727 -0.012456025 0.0066663446 0.9999003 12.747925
0.9861473 -0.16503236 0.017096767 161.40894 0.16508088 0.9862862 -0.0014576344 134.97437 -0.016621754 0.0042584524 0.99985284 12.748657
0.9895057 -0.14286323 0.021314342 162.54614 0.14290482 0.98972917 -0.00043248758 135.16772 -0.02103362 0.0034753424 0.99977267 12.734375
0.9925542 -0.11989919 0.021493293 163.68042 0.11990001 0.992786 0.0012540659 135.31299 -0.021488572 0.0013320744 0.9997682 12.715088
0.9949755 -0.0982514 0.019325709 164.84229 0.09825025 0.99516284 0.0010109028 135.43579 -0.019331513 0.0008928956 0.9998128 12.704712
0.99687606 -0.076802656 0.01837078 166.00415 0.07679649 0.99704516 0.0010418331 135.56982 -0.018396543 0.0003722192 0.9998309 12.6813965
0.9981058 -0.0576761 0.021387665 167.2024 0.05770241 0.9983332 -0.000614419 135.62671 -0.021316595 0.001847537 0.9997712 12.670898
0.9989842 -0.03880051 0.022915088 168.40283 0.03882228 0.99924606 -0.00050545775 135.68848 -0.0228782 0.0013945319 0.9997374 12.653931
0.9995386 -0.017494561 0.024826504 169.6123 0.017496465 0.99984676 0.00014071097 135.75366 -0.024825165 0.00029379048 0.99969196 12.629517
0.9996492 0.0045016017 0.026092015 170.8374 -0.0045557595 0.9999876 0.002015404 135.74194 -0.026082624 -0.0021335525 0.9996576 12.603394
0.99934083 0.024550082 0.02674149 172.08398 -0.024619244 0.9996943 0.0022592205 135.72754 -0.026677849 -0.0029162068 0.99963987 12.587158
0.9987365 0.042407684 0.02696192 173.31885 -0.042525288 0.999088 0.0038023908 135.72095 -0.026776053 -0.004944196 0.9996292 12.557007
0.99763465 0.063354954 0.026643213 174.60352 -0.06350118 0.99797 0.0046769227 135.65137 -0.026292711 -0.006357885 0.999634 12.529907
0.9961839 0.08374532 0.024602616 175.87744 -0.08389005 0.99646324 0.0049082944 135.54932 -0.024104496 -0.006953259 0.9996853 12.506226
0.99463326 0.10089749 0.022913422 177.1311 -0.10110592 0.99484277 0.008124527 135.44604 -0.021975545 -0.010397662 0.9997044 12.483765
0.992256 0.12235909 0.021301508 178.45801 -0.1225627 0.99242264 0.008526148 135.30273 -0.020096606 -0.01107077 0.99973685 12.458862
0.9896076 0.14247873 0.019347906 179.7649 -0.14264914 0.9897421 0.0077217706 135.14062 -0.01804903 -0.010402411 0.99978286 12.440308
0.9870106 0.15996449 0.014658533 181.08398 -0.16011392 0.98704815 0.009649292 134.94702 -0.012924943 -0.01187172 0.999846 12.425293
0.983673 0.1797163 0.008740969 182.40186 -0.17981067 0.9836265 0.01157395 134.72046 -0.006517118 -0.012956882 0.9998947 12.421509
0.98080236 0.19494858 0.004514463 183.7229 -0.19499384 0.98070055 0.014229178 134.4834 -0.0016534771 -0.014836428 0.9998885 12.414429
0.9768555 0.2139376 0.0014546802 185.05225 -0.2139335 0.976729 0.01584975 134.20874 0.0019693826 -0.015794093 0.9998732 12.419189
0.9729592 0.23097518 -0.00011213869 186.38281 -0.2309337 0.9727935 0.018483821 133.91602 0.0043789977 -0.017958004 0.999829 12.432617
0.9687192 0.24821381 0.0013467916 187.73462 -0.24819368 0.9685371 0.019094683 133.58496 0.0034334152 -0.018831342 0.9998167 12.447388
0.96423256 0.2650286 0.0005270047 189.08423 -0.26499936 0.9640928 0.016888045 133.22339 0.003968231 -0.016423702 0.9998571 12.457031
0.9588335 0.28401485 -0.004055673 190.42627 -0.2839076 0.958718 0.017290035 132.85107 0.008798334 -0.015427552 0.9998423 12.479858
0.9542354 0.29893336 -0.007314411 191.77173 -0.29874766 0.95412123 0.01956199 132.4563 0.012825485 -0.016481189 0.99978197 12.502808
0.94924206 0.31447828 -0.006094763 193.10156 -0.31429517 0.9490934 0.02085764 132.03174 0.012341717 -0.017883591 0.999764 12.524536
0.943248 0.3320196 -0.0050623333 194.47827 -0.33182985 0.94305515 0.022705164 131.57104 0.012313345 -0.019736152 0.9997294 12.556152
0.936715 0.3500543 -0.006763461 195.82764 -0.34977457 0.93647474 0.026297905 131.0957 0.015539594 -0.022266587 0.99963117 12.5772705
0.9304129 0.36630613 -0.008976784 197.15161 -0.36594325 0.93017745 0.02800576 130.5957 0.018612798 -0.022771077 0.99956733 12.609985
0.9226653 0.38541016 -0.011021443 198.54053 -0.38498276 0.9224629 0.028707094 130.03564 0.021231953 -0.022243837 0.9995271 12.645142
0.91456014 0.40416497 -0.015373363 199.88232 -0.40361273 0.91444594 0.029847449 129.46045 0.026122844 -0.02109164 0.999436 12.691406
0.9064093 0.421943 -0.01910598 201.1914 -0.421208 0.90633947 0.033330746 128.89502 0.03138244 -0.022164633 0.99926174 12.744751
0.8965443 0.44254324 -0.021006875 202.53516 -0.44164833 0.89647704 0.03677625 128.26685 0.03510601 -0.023695294 0.99910253 12.80249
0.8843272 0.46646687 -0.020528939 203.85889 -0.4654723 0.88419354 0.039807245 127.60889 0.036717318 -0.025647886 0.9989966 12.859741
0.87161213 0.48979756 -0.01966664 205.17847 -0.48866197 0.8713595 0.044025935 126.90161 0.038698904 -0.028759953 0.99883676 12.925293
0.85593456 0.5168049 -0.019350832 206.50928 -0.5155013 0.8555819 0.048214264 126.15918 0.04146633 -0.031290468 0.99864966 12.995605
0.8422363 0.53875065 -0.019352382 207.77808 -0.5372793 0.84179986 0.051893134 125.40112 0.044248603 -0.033310812 0.9984654 13.070435
0.8269107 0.5620503 -0.020068562 209.07129 -0.5604808 0.82650375 0.05326796 124.56909 0.046521578 -0.032800924 0.99837863 13.147705
0.8115061 0.5839602 -0.019954108 210.28857 -0.5823307 0.81110036 0.054389417 123.72534 0.047943752 -0.032515895 0.99832076 13.224731
0.79361 0.60790056 -0.02245506 211.53882 -0.60603553 0.79329026 0.05724498 122.81836 0.052616708 -0.03181852 0.9981078 13.320068
0.7770039 0.62895906 -0.025507215 212.76074 -0.62684804 0.77682376 0.05984097 121.88794 0.05745939 -0.0305015 0.99788123 13.4140625
0.75999856 0.64931107 -0.026912495 213.906 -0.64704084 0.7599011 0.061766643 120.94214 0.060562637 -0.029529745 0.9977277 13.510986
0.74341583 0.6681792 -0.02870123 215.0669 -0.6657964 0.7434591 0.06274666 119.951904 0.063271925 -0.027543811 0.99761677 13.618042
0.7259697 0.6870674 -0.02971657 216.25317 -0.6846204 0.72612447 0.06335512 118.911865 0.06511453 -0.025647622 0.9975479 13.725708
0.7119052 0.7017962 -0.02960868 217.34497 -0.69934607 0.7120994 0.06349733 117.843994 0.06563975 -0.024497502 0.99754226 13.8376465
0.6977744 0.7156586 -0.031404518 218.42603 -0.7131245 0.6981208 0.06420961 116.78027 0.06787748 -0.02241295 0.9974422 13.951294
0.6806607 0.73173755 -0.035115678 219.53223 -0.7290651 0.6813065 0.0652505 115.67261 0.07167211 -0.018810345 0.9972508 14.069336
0.6661309 0.74499094 -0.037054922 220.55103 -0.7420961 0.66692424 0.067981414 114.552734 0.07534513 -0.01778595 0.9969984 14.195801
0.64993995 0.7591053 -0.037563868 221.57959 -0.75602156 0.6507913 0.070546836 113.4043 0.07798912 -0.017448526 0.9968009 14.319946
0.6340963 0.77235913 -0.037013587 222.59473 -0.76923984 0.63495433 0.07134269 112.22974 0.0786055 -0.016766803 0.99676496 14.454102
0.61763155 0.7858312 -0.034179688 223.5603 -0.78275347 0.6183296 0.07164937 111.026855 0.07742445 -0.017496753 0.9968441 14.584473
0.6004076 0.7990665 -0.02974024 224.52979 -0.7959545 0.60079885 0.073338166 109.82666 0.07647643 -0.020358915 0.99686354 14.7248535
0.5822003 0.81270325 -0.024463098 225.47168 -0.80968356 0.5822556 0.07371737 108.60156 0.07414495 -0.02311809 0.99697995 14.855347
0.5655011 0.8243642 -0.020901473 226.34106 -0.82133555 0.5653248 0.074970305 107.37451 0.073629946 -0.025220716 0.99696624 14.98877
0.5470075 0.83699757 -0.01829637 227.2024 -0.833824 0.54663324 0.07775055 106.14038 0.07507731 -0.027271602 0.9968045 15.119019
0.5293026 0.8484168 -0.015288405 228.01538 -0.84505343 0.52866864 0.0812283 104.89429 0.07699303 -0.030068103 0.99657744 15.255005
0.5103772 0.85970384 -0.012945767 228.8064 -0.8564205 0.50964606 0.08093236 103.636475 0.07618382 -0.03022718 0.9966363 15.390137
0.4882006 0.8727489 -0.009038433 229.56201 -0.8696646 0.48730174 0.0795797 102.358154 0.073837675 -0.030968137 0.99678737 15.523926
0.46805143 0.88371724 -0.006015824 230.27295 -0.8808511 0.46706071 0.07759471 101.09082 0.07137735 -0.031031478 0.99696743 15.647461
0.44754544 0.8942467 -0.0019712967 230.9397 -0.89164084 0.44640726 0.07532158 99.82666 0.06824894 -0.031946838 0.9971564 15.777222
0.4233674 0.9059813 -0.00057736225 231.59302 -0.9034393 0.42222798 0.074585564 98.51001 0.067810334 -0.031044321 0.9972142 15.894409
0.40560454 0.9141097 0.0011917152 232.17188 -0.91162205 0.4044041 0.074262455 97.2605 0.06739847 -0.031203026 0.9972377 16.010742
0.38384137 0.92343324 0.0012189173 232.73706 -0.92102563 0.38274336 0.07268585 95.978516 0.06666483 -0.029035328 0.99735373 16.129517
0.35882634 0.9334908 0.00044327998 233.27905 -0.9310184 0.35784265 0.072900936 94.666504 0.06787677 -0.026555141 0.99733895 16.245117
0.33950675 0.94050217 -0.00023655419 233.73877 -0.9380168 0.3386282 0.072578 93.3999 0.068327405 -0.024426794 0.997364 16.35913
0.3166307 0.9484858 0.0002574195 234.21509 -0.94612604 0.3158244 0.07058693 92.11182 0.06685974 -0.022592673 0.99750626 16.476807
0.29733503 0.9548888 -0.0007483483 234.63501 -0.95257246 0.29666814 0.06937097 90.82739 0.06647022 -0.019899609 0.99758947 16.580078
0.27600417 0.961153 0.0011708443 235.01709 -0.95854026 0.27516198 0.07403477 89.56323 0.070854224 -0.021576695 0.99725485 16.691406
0.2565352 0.9663865 0.0032544108 235.39136 -0.9631059 0.2553844 0.08326049 88.326416 0.079630375 -0.024499286 0.9965234 16.80774
0.23751488 0.97137374 0.005760051 235.7273 -0.96751225 0.23603305 0.0906838 87.065674 0.08671793 -0.027116464 0.99586385 16.932617
0.21840127 0.9758067 0.009553999 236.02393 -0.9716269 0.21653593 0.09508359 85.81152 0.09071168 -0.030032957 0.99542296 17.070435
0.19803996 0.9802177 0.013385101 236.30762 -0.97607034 0.19589718 0.09556896 84.56323 0.09105213 -0.031974614 0.99533176 17.187866
0.1811347 0.9833112 0.017969191 236.57446 -0.97928697 0.1786486 0.09547551 83.31885 0.090668306 -0.034893796 0.99526983 17.324463
0.15840776 0.9871068 0.022683866 236.80396 -0.9832737 0.15562057 0.09456366 82.07007 0.0898053 -0.037275102 0.99526066 17.459229
0.14169689 0.9897002 0.023869481 236.99854 -0.98596364 0.13890916 0.09344897 80.84155 0.08915269 -0.0367591 0.9953382 17.584839
