1 0 0 0 0 1 0 0 0 0 1 0
0.99987104 -0.0038798609 0.01558387 0.03084973 0.003861667 0.99999183 0.0011974225 -0.0095880284 -0.01558839 -0.0011370884 0.99987785 0.38774769
0.99959527 -0.0071004027 0.027547924 -0.019707282 0.0070919676 0.99997477 0.0004039091 -0.014725302 -0.027550099 -0.00020837661 0.9996204 0.82420418
0.99971693 -0.0076348173 0.022533834 0.047153404 0.0076360604 0.99997084 3.090223e-05 -0.016504915 -0.022533415 0.00014117626 0.99974608 0.92124186
0.9997627 -0.0097710313 0.019469665 0.067999253 0.009803653 0.99995069 -0.0015807388 -0.019367451 -0.019453261 0.0017712376 0.9998092 1.2267616
0.99981318 -0.01207855 0.015090025 0.049195517 0.01212686 0.99992162 -0.0031139741 -0.021399879 -0.015051231 0.0032963871 0.99988129 1.5749147
0.99990469 -0.013714868 0.0015838566 -0.004897834 0.01372262 0.99989338 -0.0049912752 -0.034032542 -0.0015152332 0.0050125342 0.99998629 1.9102004
0.99983466 -0.01246587 -0.013238251 0.0276351 0.012399645 0.99991025 -0.0050729239 -0.035670396 0.013300303 0.0049079356 0.9998995 2.1880334
0.99951478 -0.0092968773 -0.029728165 -0.050697041 0.0091331251 0.99994239 -0.0056393903 -0.047719822 0.029778883 0.005365143 0.99954211 2.6333466
0.99867251 -0.0056519323 -0.051198352 -0.073188128 0.0053234297 0.99996438 -0.0065503752 -0.050598073 0.051233554 0.0062691289 0.99866702 2.9481937
0.99732176 -0.0049524111 -0.072971024 -0.097015592 0.0044426068 0.99996459 -0.0071470509 -0.053346025 0.073003842 0.0068037279 0.99730845 3.2312825
0.99566987 -0.0059444512 -0.092769487 -0.16018207 0.0053961135 0.99996646 -0.0061604807 -0.059942423 0.092803005 0.0056332103 0.99566855 3.6805197
0.99337854 -0.0061312261 -0.11472352 -0.19117056 0.0055531931 0.99997023 -0.0053574117 -0.066000892 0.11475296 0.0046848559 0.99338301 3.9773279
0.99151614 -0.0069343942 -0.1297985 -0.28333905 0.0063389069 0.99996741 -0.0050003667 -0.073625497 0.12982895 0.0041351637 0.99152778 4.4075352
0.98917235 -0.00533434 -0.14666154 -0.35638992 0.0047192864 0.99997855 -0.0045413288 -0.087271155 0.14668263 0.0038000191 0.98917631 4.8440598
0.98731351 -0.0042875615 -0.15872506 -0.44585114 0.0036461456 0.99998397 -0.0043320461 -0.092793966 0.1587411 0.0036983529 0.98731332 5.2779462
0.9853578 -0.0057047049 -0.17040383 -0.52327715 0.0048320242 0.999973 -0.005535547 -0.099690194 0.17043083 0.0046310989 0.98535876 5.7048046
0.98351431 -0.0087685262 -0.18061756 -0.62565866 0.0075601976 0.99994421 -0.0073773277 -0.11346295 0.18067219 0.005890203 0.98352573 6.1593811
0.98191994 -0.0077330576 -0.18913863 -0.71130874 0.0061196327 0.99993975 -0.0091129071 -0.12130067 0.18919772 0.0077906863 0.98190811 6.6240727
0.98037507 -0.0076031961 -0.19699471 -0.84199317 0.0054960549 0.99992171 -0.011240942 -0.12787327 0.19706477 0.0099376453 0.98034011 7.0926997
0.97876009 -0.008481482 -0.20483346 -0.93014834 0.0057487954 0.99988641 -0.013932428 -0.13540569 0.20492838 0.012458959 0.97869767 7.5426403
0.97711443 -0.012181809 -0.21236523 -1.043183 0.0090585217 0.99983612 -0.015673946 -0.14776996 0.21252138 0.013391523 0.97706465 8.036727
0.97520368 -0.017670172 -0.22060268 -1.1480978 0.014338677 0.99975783 -0.016694099 -0.16256831 0.22084426 0.013116997 0.97522088 8.5541685
0.97339377 -0.018000674 -0.22843062 -1.3016673 0.014120168 0.99972709 -0.018610807 -0.19285282 0.22870331 0.014890164 0.97338229 9.1110814
0.97160625 -0.01464462 -0.23615002 -1.4442693 0.0094163401 0.99968528 -0.023252324 -0.19714298 0.23641624 0.020368435 0.97143836 9.658112
0.96957419 -0.012597862 -0.24447327 -1.6076546 0.0061877561 0.99961708 -0.02697043 -0.21193287 0.24471944 0.024637092 0.96928087 10.155018
0.96694028 -0.01386701 -0.2546256 -1.7497383 0.0069264278 0.99958015 -0.028134432 -0.23400973 0.25490885 0.02544067 0.96663036 10.693271
0.96435021 -0.01646739 -0.26411645 -1.8810764 0.0087739162 0.99950287 -0.030282384 -0.26335778 0.26448385 0.026885488 0.96401529 11.267294
0.96318159 -0.016133655 -0.26836714 -2.049674 0.0076382769 0.99943701 -0.032669887 -0.29026726 0.26874316 0.029417172 0.96276256 11.908279
0.95979638 -0.015331427 -0.28027817 -2.2375379 0.0053004385 0.99931914 -0.036512466 -0.30976095 0.28064715 0.033558936 0.95922416 12.412577
0.95811836 -0.016522844 -0.28589543 -2.4551883 0.004842997 0.99912625 -0.04151253 -0.34421859 0.28633155 0.038389327 0.95736122 13.034366
0.95663948 -0.017325625 -0.29075888 -2.6238587 0.0033053291 0.99881082 -0.048641725 -0.38590538 0.29125589 0.045571542 0.95555913 13.666561
0.95475563 -0.01837961 -0.29682297 -2.8574194 0.0014576825 0.99836562 -0.057131156 -0.42278252 0.29738792 0.05411362 0.95322198 14.257449
0.95436834 -0.018923879 -0.29803179 -3.0499099 -0.00080415611 0.99782372 -0.065933088 -0.4694918 0.29863092 0.063164117 0.95227615 14.951936
0.95345411 -0.016759462 -0.30107204 -3.2798631 -0.0060226697 0.99719663 -0.074582872 -0.52151493 0.30147802 0.072924605 0.95068029 15.63176
0.95176045 -0.015862671 -0.30643175 -3.483894 -0.009744167 0.99659666 -0.081854431 -0.57756582 0.30668731 0.080891733 0.94836672 16.23562
0.94986315 -0.015033055 -0.31230433 -3.7135083 -0.013237651 0.9960143 -0.088205929 -0.63590223 0.31238561 0.087917739 0.94587828 16.855666
0.94837762 -0.013348847 -0.31686225 -3.9858497 -0.017169033 0.9954876 -0.093325529 -0.69727542 0.31667826 0.093948063 0.94386898 17.455634
0.94737255 -0.01172266 -0.31991846 -4.2290045 -0.021183252 0.99484365 -0.099183531 -0.78208854 0.31943158 0.10074067 0.94223925 18.21272
0.94509035 -0.0091561604 -0.32668088 -4.4917289 -0.025922618 0.99435759 -0.10286403 -0.85987784 0.32577947 0.10568423 0.9395204 18.883961
0.94271465 -0.0083018184 -0.33349687 -4.7417018 -0.027939651 0.99421322 -0.10372779 -0.93693549 0.33242816 0.10710349 0.93702741 19.545068
0.94063636 -0.0076307928 -0.33933022 -5.0556026 -0.029039414 0.99427213 -0.10285736 -1.024987 0.33817149 0.10660533 0.93502693 20.288591
0.93891606 -0.0080872219 -0.34405119 -5.3104327 -0.028691779 0.99440391 -0.10167422 -1.1107645 0.34294814 0.105335 0.93342976 21.049109
0.93588516 -0.0074783022 -0.35222584 -5.6182743 -0.029536138 0.99458949 -0.099595963 -1.1973255 0.35106496 0.10361378 0.93060066 21.75154
0.93272025 -0.0061838628 -0.36054776 -5.8595427 -0.030665274 0.99487087 -0.096392956 -1.2817551 0.35929457 0.10096396 0.92774657 22.331732
0.92956065 -0.0046791566 -0.36863952 -6.2341376 -0.031151689 0.99534652 -0.091186003 -1.3699129 0.36735076 0.096246666 0.92508919 23.285814
0.92580832 -0.0020182976 -0.37798792 -6.5427942 -0.032898192 0.99576092 -0.0858947 -1.4467236 0.37655899 0.091957149 0.92181735 23.958723
0.92073394 -0.0015147899 -0.39018804 -6.8502669 -0.032914527 0.99612674 -0.081536179 -1.5131942 0.38880029 0.087915984 0.91711784 24.727883
0.91549947 -0.00095771552 -0.40231801 -7.167911 -0.032872903 0.99647537 -0.077176417 -1.5760414 0.40097394 0.083880332 0.9122412 25.493205
0.91510022 0.0027901895 -0.4032168 -7.5235715 -0.037875638 0.99614963 -0.079065544 -1.6755832 0.40144369 0.087624991 0.91168242 26.259046
0.91077906 0.003447313 -0.41287965 -7.8354931 -0.039027982 0.99620675 -0.077774793 -1.7409307 0.41104542 0.086949514 0.90745879 26.946099
0.90758776 0.004137969 -0.41984203 -8.1762674 -0.039837766 0.9962888 -0.076299302 -1.8185439 0.41796822 0.085973882 0.90438436 27.745217
0.90058058 0.0025894441 -0.43468138 -8.6694662 -0.038496389 0.99652821 -0.073821068 -1.8982033 0.43298113 0.083215485 0.89755364 28.581829
0.89965485 0.0039299241 -0.43658412 -9.0208852 -0.038141282 0.99684393 -0.069623388 -1.9679768 0.43493265 0.079288898 0.89696537 29.353102
0.89740459 0.004505555 -0.44118555 -9.4626977 -0.036644506 0.99725414 -0.064353336 -2.031129 0.43968421 0.073918006 0.89510555 30.139894
0.89301297 0.0045473007 -0.45000794 -9.8644926 -0.035409769 0.99755878 -0.060188228 -2.103106 0.44863571 0.069683546 0.89099395 30.964019
0.88922627 0.0036601839 -0.45745298 -10.26816 -0.033973957 0.99773498 -0.058057638 -2.1602221 0.45620437 0.067167866 0.8873365 31.711178
0.88331224 0.0045961868 -0.46876257 -10.657142 -0.035304736 0.99776438 -0.056743422 -2.2182901 0.46745383 0.066671699 0.88149976 32.426972
0.87725378 0.0055384524 -0.47999492 -11.055265 -0.036618648 0.99779184 -0.055412301 -2.2752623 0.47862815 0.066187416 0.87551947 33.13781
0.88014395 0.0031296337 -0.47469655 -11.57763 -0.032591961 0.99801703 -0.053849533 -2.3455983 0.47358676 0.062866633 0.87850065 34.210352
0.88299321 0.00070076586 -0.46938521 -12.093499 -0.028573956 0.99822452 -0.052262163 -2.4138371 0.46851524 0.059559328 0.8814455 35.286168
0.87806414 -0.00043368669 -0.47854274 -12.571658 -0.029147175 0.9980945 -0.054385838 -2.4688417 0.4776545 0.061702424 0.87637835 35.937728
0.87641666 -0.00015224007 -0.48155353 -13.059075 -0.029903609 0.99805279 -0.054739424 -2.5355646 0.48062422 0.062374732 0.87470554 36.821495
0.87662651 0.0016138346 -0.48116871 -13.569849 -0.031309722 0.99806642 -0.053694714 -2.5953477 0.48015172 0.062135469 0.87498202 37.704206
0.87709961 0.0016077475 -0.48030581 -14.086838 -0.030520891 0.99815999 -0.052393849 -2.6642671 0.47933784 0.060613986 0.87553481 38.600423
0.87635961 0.0017273592 -0.48165427 -14.59251 -0.030207466 0.99822212 -0.051381902 -2.7337838 0.48070923 0.059578579 0.87485373 39.544777
0.87406974 0.0013064593 -0.48579868 -15.064577 -0.030249137 0.99820231 -0.051741068 -2.7904374 0.48485781 0.059920294 0.87253795 40.283306
0.87381265 -0.0084733776 -0.48618889 -15.620799 -0.020080143 0.99836652 -0.053489124 -2.8428429 0.48584798 0.056502216 0.87221515 41.296444
0.8752623 -0.0080968862 -0.48358074 -16.143135 -0.019276164 0.99848141 -0.051607283 -2.9096865 0.48326428 0.054491492 0.87377705 42.229075
0.87391132 -0.003774531 -0.48607071 -16.637542 -0.022200995 0.99861638 -0.047670035 -2.9807463 0.48557814 0.052450638 0.87261837 43.186291
0.87254129 0.0005536618 -0.48854003 -17.134743 -0.025115052 0.99872791 -0.043724074 -3.0476505 0.4878944 0.050420769 0.87144525 44.142358
0.87115225 0.0048875589 -0.49098864 -17.634714 -0.028018245 0.99881598 -0.039769521 -3.110389 0.49021297 0.048401948 0.87025773 45.097262
0.86637142 -0.0076536458 -0.49934152 -18.31793 -0.01675304 0.99887437 -0.044377211 -3.1845878 0.49911914 0.046812637 0.86526798 46.066701
0.87137249 -0.0010788978 -0.49062082 -18.773276 -0.025498941 0.9985465 -0.04748352 -3.272451 0.48995898 0.053886146 0.87007845 47.19569
0.86553936 -0.011279323 -0.50071387 -19.341644 -0.014270337 0.99878508 -0.047166972 -3.3245913 0.50063759 0.047970227 0.86432684 48.159582
0.85946943 -0.021408693 -0.51073862 -19.921195 -0.0030367807 0.99889117 -0.046980927 -3.3766203 0.51117814 0.041929673 0.85845142 49.116798
0.85316439 -0.031464231 -0.52069233 -20.511847 0.0081986492 0.99886475 -0.046925438 -3.4286842 0.52157773 0.035766139 0.8524538 50.067202
0.84175535 -0.0072465038 -0.53981052 -21.109531 -0.015955195 0.99913919 -0.038292391 -3.4726402 0.53962338 0.040845608 0.84091514 50.464412
0.83967299 -0.0063981512 -0.5430546 -21.681476 -0.020051283 0.99888363 -0.042771993 -3.5403374 0.54272206 0.046803429 0.83860731 51.403199
0.8344845 -0.0098441323 -0.55094344 -22.211232 -0.021143821 0.99853204 -0.049866953 -3.6002112 0.55062562 0.05326225 0.83305137 52.162521
0.82963 -0.029539979 -0.55753155 -22.861553 0.00035039465 0.99862667 -0.052389344 -3.6357807 0.55831351 0.043268416 0.828501 52.948984
0.82767077 -0.01208001 -0.5610839 -23.518086 -0.018034457 0.99867949 -0.048104481 -3.7312148 0.56092413 0.049933517 0.82635996 53.862844
0.82532506 -0.01126844 -0.56454542 -24.064575 -0.015611721 0.99896327 -0.042762725 -3.8035702 0.56444206 0.044106675 0.82429351 54.788412
0.82263447 -0.0024274048 -0.56856539 -24.720521 -0.02433124 0.99892453 -0.039468651 -3.874142 0.56804977 0.046302174 0.82169069 55.70151
0.81984912 0.0064030774 -0.57254379 -25.381127 -0.03303398 0.99880088 -0.03613257 -3.9407869 0.57162593 0.048536657 0.81907754 56.611538
0.81614972 -0.0043543457 -0.57782406 -25.962411 -0.02408773 0.99884603 -0.041549868 -3.9835819 0.57733824 0.047829384 0.81510302 57.448582
0.81305652 -0.010824784 -0.58208409 -26.622734 -0.018447839 0.99884602 -0.044343124 -4.0437376 0.58189243 0.04679166 0.81191858 58.333117
0.80990305 -0.017289219 -0.58630888 -27.287586 -0.01282283 0.99880476 -0.047165927 -4.1071311 0.58642362 0.045717968 0.80871332 59.214027
0.80299692 -0.012684896 -0.59584814 -27.878805 -0.016844569 0.99889102 -0.04396584 -4.1696027 0.59574511 0.04534124 0.80189274 60.078497
0.79596299 -0.0080761452 -0.60529139 -28.480286 -0.020828616 0.99895354 -0.040718405 -4.2288358 0.60498688 0.045017725 0.79496183 60.936089
0.78880237 -0.0034637041 -0.61463712 -29.091932 -0.024774334 0.99899233 -0.03742414 -4.2847793 0.61414745 0.044747476 0.7879217 61.786683
0.78151621 0.0011516899 -0.62388384 -29.713644 -0.028681092 0.99900736 -0.034083572 -4.3373827 0.62322535 0.044530534 0.78077348 62.630163
0.77410568 0.0057692988 -0.63303007 -30.345322 -0.032548265 0.99899864 -0.030697235 -4.3865961 0.63221914 0.044366935 0.77351831 63.466412
0.77092072 -0.011689058 -0.63682382 -31.209582 -0.021632798 0.99877421 -0.044520791 -4.4662056 0.63656366 0.048098282 0.76972287 64.318605
0.76463975 -0.016499347 -0.64424668 -31.861064 -0.01731226 0.99878557 -0.046126664 -4.5335006 0.6442254 0.046423647 0.76342551 65.110997
0.75826423 -0.02129275 -0.65159953 -32.520095 -0.013007505 0.99877345 -0.047774373 -4.6024307 0.65181761 0.044701282 0.75705722 65.896979
0.75385032 -0.014522256 -0.65688566 -33.32416 -0.020092119 0.99877866 -0.045138705 -4.6776817 0.65673894 0.047226052 0.75263782 66.795162
0.74935415 -0.0077686441 -0.66212384 -34.134626 -0.027158142 0.99872924 -0.042454048 -4.7495855 0.6616123 0.049795171 0.74819091 67.687848
0.74477616 -0.001032592 -0.66731354 -34.951434 -0.034204868 0.9986252 -0.03972067 -4.8180823 0.66643719 0.05240838 0.74371693 68.575005
0.74011683 0.0056852249 -0.67245425 -35.774522 -0.041231589 0.99846656 -0.036938845 -4.8831128 0.67121313 0.055065419 0.73921632 69.456601
0.73537661 0.012384133 -0.67754545 -36.60383 -0.0482376 0.99825333 -0.034108853 -4.9446179 0.67593965 0.05776602 0.73468954 70.332604
0.73055598 0.019063461 -0.68258663 -37.439295 -0.0552222 0.99798554 -0.031230977 -5.002539 0.68061627 0.060509913 0.73013703 71.202982
0.72565543 0.025722539 -0.68757728 -38.280854 -0.062184688 0.9976632 -0.028305506 -5.0568178 0.68524251 0.063296823 0.72555927 72.067706
0.72067544 0.032360699 -0.6925169 -39.128444 -0.069124365 0.99728636 -0.025332733 -5.1073963 0.68981793 0.06612647 0.7209567 72.926744
0.71915109 0.0025131076 -0.69484916 -39.850363 -0.041029439 0.99840222 -0.038853427 -5.1486399 0.69364136 0.056450756 0.71810516 73.607778
0.71321291 0.0063910539 -0.7009183 -40.631164 -0.048201707 0.99803849 -0.039946966 -5.1967684 0.6992882 0.062276151 0.712122 74.380662
0.70719714 0.010219141 -0.70694252 -41.418524 -0.055380307 0.99762404 -0.040979189 -5.2459287 0.70484414 0.06813106 0.70608281 75.146799
0.70110452 0.013996905 -0.7129211 -42.21239 -0.062564372 0.99715891 -0.041949974 -5.296053 0.71030852 0.074014778 0.69998833 75.906129
0.69493578 0.017723892 -0.71885331 -43.012711 -0.069753034 0.99664317 -0.042859203 -5.3470733 0.71568067 0.079926594 0.69383929 76.658592
0.68869166 0.02139965 -0.72473844 -43.819432 -0.076945425 0.99607686 -0.043706765 -5.3989214 0.72095994 0.085865793 0.68763644 77.404132
0.68237292 0.025023737 -0.73057577 -44.632501 -0.084140677 0.99546007 -0.044492558 -5.4515292 0.7261457 0.091831659 0.68138052 78.14269
0.68074678 -0.0049894005 -0.73250179 -45.405427 -0.034365205 0.99865824 -0.038739436 -5.4731301 0.7317123 0.051544321 0.67966192 79.222456
0.67716523 0.0042515748 -0.73581868 -46.384548 -0.047805424 0.99812489 -0.038227578 -5.5860535 0.73427647 0.061062512 0.67609872 79.830393
0.67344518 0.013445121 -0.73911486 -47.36736 -0.061234719 0.99741304 -0.037650284 -5.6954277 0.73669664 0.070614894 0.67252631 80.433
0.66958738 0.022589399 -0.74238967 -48.353807 -0.074650402 0.99652283 -0.037007669 -5.8011672 0.73897233 0.080199556 0.66894542 81.030294
0.6644245 0.0018080062 -0.74735317 -49.084438 -0.051359142 0.99774345 -0.043246412 -5.8209305 0.74558861 0.067117395 0.66301805 82.164618
0.65873554 -0.018877798 -0.75213766 -49.82448 -0.028092332 0.99837094 -0.049661734 -5.8405862 0.75184995 0.05384325 0.6571321 83.292827
0.65252426 -0.039454401 -0.75673998 -50.573877 -0.0048652801 0.99840489 -0.056249413 -5.8604052 0.75775225 0.040385858 0.65129146 84.41484
0.64579472 -0.059908262 -0.7611571 -51.332571 0.018306727 0.99784529 -0.063005113 -5.8806584 0.76329162 0.026754074 0.64549994 85.530581
0.63631466 -0.01179078 -0.77133947 -52.629751 -0.02916673 0.99880055 -0.039328797 -6.1022848 0.77087808 0.04752294 0.63520753 85.635852
0.62444989 0.0360526 -0.78023233 -53.937368 -0.076270101 0.99697475 -0.014974158 -6.2625819 0.77733214 0.068859011 0.62531051 85.72142
0.61023554 0.083480287 -0.78780935 -55.252187 -0.12286399 0.99237327 0.0099867287 -6.3607151 0.7826347 0.090699142 0.61583816 85.788491
0.59371367 0.13035192 -0.79404811 -56.570954 -0.16881049 0.98500974 0.035479991 -6.3960339 0.78677008 0.1129787 0.60681852 85.838325
0.57493317 0.17652879 -0.79893015 -57.890403 -0.21397365 0.97490595 0.061430185 -6.3680734 0.78972602 0.13563175 0.59827828 85.872232
0.55394963 0.22187424 -0.80244101 -59.207266 -0.25821979 0.9620918 0.087760511 -6.2765563 0.79149378 0.15859125 0.59024272 85.891572
0.53082514 0.26625406 -0.80457031 -60.518282 -0.30141798 0.94660522 0.11439305 -6.121393 0.79206813 0.18178926 0.58273561 85.897745
0.50562815 0.30953692 -0.80531175 -61.820209 -0.34344037 0.92849203 0.14124897 -5.9026828 0.79144738 0.20515711 0.57577918 85.892191
0.47843321 0.35159473 -0.80466313 -63.109829 -0.3841626 0.90780584 0.16824881 -5.6207125 0.78963335 0.22862566 0.56939401 85.876385
0.44932081 0.39230302 -0.80262637 -64.383963 -0.42346415 0.88460787 0.19531266 -5.2759564 0.78663142 0.25212545 0.56359899 85.851833
0.41837712 0.43154131 -0.79920749 -65.639478 -0.46122871 0.85896678 0.22236042 -4.8690747 0.78245046 0.27558694 0.55841129 85.820066
0.38569369 0.46919348 -0.79441663 -66.873293 -0.49734453 0.83095844 0.24931206 -4.4009113 0.77710286 0.29894068 0.55384624 85.782636
0.35136727 0.50514811 -0.78826795 -68.082394 -0.53170471 0.80066575 0.2760878 -3.8724914 0.77060444 0.32211758 0.54991737 85.741112
0.31549943 0.53929877 -0.78077966 -69.26384 -0.56420758 0.76817836 0.3026084 -3.2850187 0.76297443 0.34504903 0.54663629 85.697077
0.27819633 0.57154442 -0.7719739 -70.41477 -0.59475693 0.7335924 0.32879538 -2.6398715 0.75423542 0.36766717 0.54401272 85.652117
0.23956836 0.60178962 -0.76187675 -71.532417 -0.62326237 0.69701024 0.35457124 -1.938599 0.74441325 0.38990507 0.54205442 85.607826
0.19972983 0.62994486 -0.75051809 -72.614107 -0.64963953 0.65854014 0.3798597 -1.1829162 0.73353701 0.41169691 0.54076719 85.565793
0.15879866 0.65592681 -0.73793152 -73.657278 -0.67381035 0.61829594 0.40458592 -0.37469949 0.72163888 0.4329782 0.54015484 85.5276
0.11689596 0.67965859 -0.72415431 -74.659477 -0.69570329 0.57639676 0.42867672 0.48401961 0.70875407 0.45368597 0.54021917 85.49482
0.074145762 0.70106996 -0.70922722 -75.618377 -0.71525358 0.53296658 0.45206081 1.3910599 0.69492072 0.47375892 0.54096001 85.469007
0.030674567 0.72009755 -0.69319442 -76.531776 -0.73240334 0.48813394 0.47466898 2.3440974 0.68017975 0.49313765 0.54237515 85.451696
-0.01338897 0.73668507 -0.67610338 -77.397608 -0.74710182 0.44203151 0.49643433 3.3406716 0.66457481 0.51176482 0.54446041 85.444398
-0.057914445 0.7507834 -0.65800466 -78.213946 -0.75930553 0.39479574 0.51729244 4.3781937 0.64815206 0.52958529 0.54720962 85.448592
-0.10277009 0.76235084 -0.63895183 -78.979012 -0.76897835 0.34656641 0.53718158 5.4539532 0.63096012 0.54654633 0.55061463 85.465724
-0.14782315 0.77135314 -0.61900127 -79.691178 -0.77609166 0.29748626 0.55604289 6.5651267 0.61304986 0.56259774 0.55466538 85.497202
-0.1929403 0.77776368 -0.59821203 -80.348973 -0.78062439 0.24770053 0.57382056 7.708786 0.59447428 0.57769203 0.55934988 85.544391
-0.23798802 0.78156346 -0.57664563 -80.951087 -0.78256314 0.19735657 0.59046197 8.8819067 0.57528836 0.59178451 0.56465426 85.608611
-0.28283298 0.78274126 -0.5543659 -81.496374 -0.78190218 0.14660337 0.60591787 10.081377 0.55554888 0.60483348 0.57056283 85.691129
-0.32734248 0.78129358 -0.53143878 -81.983859 -0.77864344 0.095591123 0.62014253 11.304008 0.53531425 0.61680033 0.57705809 85.793161
-0.3713848 0.77722471 -0.5079321 -82.412734 -0.77279659 0.044470801 0.63309384 12.546541 0.51464437 0.62764963 0.58412083 85.915861
-0.41482958 0.77054669 -0.48391545 -82.782368 -0.76437892 -0.0066063103 0.64473347 13.805659 0.49360039 0.63734929 0.59173014 86.060327
-0.45754826 0.76127929 -0.45945989 -83.092302 -0.75341535 -0.057489049 0.65502699 15.077996 0.4722446 0.6458706 0.59986351 86.227588
-0.49941441 0.74944992 -0.4346378 -83.342257 -0.73993831 -0.10802683 0.66394391 16.360148 0.45064021 0.65318833 0.60849687 86.418609
-0.54030413 0.7350936 -0.40952264 -83.532129 -0.72398771 -0.15807009 0.67145787 17.648678 0.42885114 0.65928083 0.61760465 86.634281
-0.58009642 0.71825282 -0.38418874 -83.661993 -0.70561073 -0.20747073 0.67754662 18.940136 0.40694188 0.66413008 0.62715992 86.875427
-0.61867351 0.69897741 -0.35871108 -83.732102 -0.68486177 -0.25608256 0.68219213 20.231058 0.38497727 0.66772171 0.63713439 87.14279
-0.65592123 0.67732441 -0.33316504 -83.742884 -0.66180222 -0.3037617 0.68538067 21.517984 0.36302231 0.67004511 0.64749855 87.437037
-0.69172935 0.65335792 -0.30762624 -83.694945 -0.63650035 -0.35036705 0.6871028 22.797467 0.34114199 0.67109339 0.65822172 87.758757
-0.72599189 0.62714886 -0.28217025 -83.589062 -0.60903102 -0.39576069 0.68735341 24.066079 0.31940104 0.67086345 0.66927216 88.108455
-0.75860747 0.59877478 -0.25687241 -83.426186 -0.57947552 -0.43980828 0.68613177 25.320428 0.29786381 0.66935598 0.68061718 88.486555
-0.78947955 0.56831967 -0.23180759 -83.207436 -0.54792134 -0.48237946 0.68344149 26.557159 0.27659405 0.66657542 0.69222319 88.893398
-0.81851678 0.53587365 -0.20704997 -82.934096 -0.51446184 -0.52334824 0.67929054 27.772975 0.25565469 0.66253003 0.70405586 89.329236
-0.84563321 0.50153275 -0.1826728 -82.607611 -0.47919605 -0.56259338 0.6736912 28.964636 0.23510771 0.65723175 0.71608016 89.79424
-0.8707486 0.46539859 -0.15874825 -82.229584 -0.44222834 -0.59999874 0.66666004 30.128977 0.21501391 0.65069629 0.72826051 90.28849
-0.89378862 0.42757812 -0.13534711 -81.801771 -0.40366811 -0.63545361 0.65821787 31.262912 0.19543277 0.64294296 0.74056086 90.811983
-0.91468509 0.38818325 -0.11253863 -81.326074 -0.36362948 -0.66885308 0.64838967 32.363445 0.17642222 0.63399474 0.75294481 91.364629
-0.93337616 0.34733058 -0.090390312 -80.804538 -0.32223094 -0.70009829 0.63720453 33.42768 0.15803853 0.62387808 0.76537571 91.946249
-0.94980651 0.30514101 -0.068967709 -80.239343 -0.27959501 -0.72909677 0.62469554 34.452827 0.14033611 0.61262294 0.77781677 92.556582
-0.96392753 0.26173939 -0.048334218 -79.632798 -0.23584786 -0.75576272 0.61089974 35.436212 0.12336734 0.60026262 0.79023117 93.19528
-0.97569743 0.21725417 -0.0285509 -78.987335 -0.19111897 -0.7800172 0.59585795 36.375286 0.10718244 0.5868337 0.80258217 93.86191
-0.98508136 0.17181701 -0.0096763051 -78.305501 -0.1455407 -0.80178845 0.57961468 37.267629 0.09182932 0.57237592 0.81483322 94.555959
-0.99205156 0.12556236 0.0082337098 -77.58995 -0.099247943 -0.82101203 0.56221801 38.110961 0.077353404 0.55693208 0.82694807 95.276831
-0.9965874 0.078627127 0.025126141 -76.843437 -0.052377699 -0.83763105 0.54371941 38.903146 0.063797537 0.54054788 0.83889086 96.02385
-0.99867546 0.031150201 0.040950995 -76.068808 -0.005068678 -0.85159632 0.52417364 39.642201 0.051201836 0.52327179 0.85062624 96.796266
-0.99830956 -0.016727909 0.05566144 -75.268992 0.042539112 -0.86286653 0.50363854 40.326297 0.039603578 0.50515496 0.8621195 97.59325
-0.99549078 -0.064865511 0.069213942 -74.446992 0.090304779 -0.8714083 0.48217487 40.953772 0.029037088 0.486251 0.8733366 98.413902
-0.99022746 -0.11312014 0.081568392 -73.605877 0.13808696 -0.87719638 0.45984617 41.523127 0.019533635 0.46661585 0.88424436 99.257251
-0.98253518 -0.161349 0.092688228 -72.748775 0.18574425 -0.88021361 0.43671852 42.033039 0.011121346 0.44630762 0.8948105 100.12226
-0.97243671 -0.20940935 0.10254054 -71.878857 0.23313561 -0.88045109 0.41286035 42.482358 0.0038251148 0.42538642 0.90500374 101.00783
-0.95996193 -0.25715896 0.11109617 -70.999336 0.28012079 -0.87790809 0.38834228 42.870115 -0.0023334646 0.40391416 0.91479392 101.9128
-0.94514775 -0.30445652 0.11832981 -70.11345 0.32656073 -0.87259216 0.36323686 43.195522 -0.0073361665 0.38195437 0.92415207 102.83594
-0.92803803 -0.35116206 0.12422003 -69.224458 0.37231801 -0.86451902 0.33761839 43.457977 -0.011168186 0.35957207 0.93305048 103.77599
-0.90868339 -0.39713735 0.12874942 -68.335628 0.4172572 -0.85371256 0.31156269 43.657063 -0.013818182 0.33683347 0.94146284 104.73162
-0.88714111 -0.44224633 0.13190457 -67.450226 0.4612453 -0.84020476 0.28514687 43.792552 -0.015278312 0.31380588 0.94936423 105.70145
-0.86347496 -0.4863555 0.13367613 -66.57151 0.50415215 -0.82403561 0.25844911 43.864402 -0.015544255 0.29055744 0.95673128 106.68409
-0.83775496 -0.52933433 0.13405887 -65.702717 0.54585075 -0.80525295 0.23154841 43.872761 -0.014615223 0.26715697 0.96354219 107.67807
-0.81005723 -0.57105562 0.13305165 -64.847055 0.58621771 -0.78391236 0.20452439 43.817964 -0.012493968 0.2436737 0.96977679 108.68193
-0.78046375 -0.6113959 0.13065746 -64.007692 0.62513356 -0.76007701 0.17745702 43.700534 -0.009186765 0.22017714 0.97541665 109.69413
-0.74906209 -0.65023578 0.12688337 -63.18775 0.66248313 -0.73381743 0.15042641 43.521179 -0.004703403 0.19673682 0.98044505 110.71315
-0.71594518 -0.68746033 0.12174057 -62.390291 0.69815589 -0.70521134 0.12351255 43.28079 0.00094285031 0.17342211 0.98484714 111.73743
-0.68121104 -0.72295937 0.11524426 -61.618313 0.73204626 -0.6743434 0.096795098 42.980438 0.007735285 0.15030202 0.98860987 112.7654
-0.64496245 -0.75662785 0.10741368 -60.874736 0.76405395 -0.64130495 0.070353116 42.621372 0.015653799 0.12744497 0.99172211 113.79547
-0.6073067 -0.78836613 0.098271994 -60.162398 0.79408423 -0.60619378 0.04426486 42.205015 0.024674959 0.10491859 0.99417465 114.82605
-0.56835521 -0.81808028 0.087846262 -59.484044 0.82204823 -0.56911379 0.018607536 41.73296 0.034772066 0.082789557 0.99596024 115.85555
-0.52822328 -0.84568236 0.076167338 -58.842318 0.8478632 -0.53017472 -0.0065429249 41.206964 0.045915238 0.06112336 0.99707358 116.88239
-0.48702966 -0.87109069 0.063269784 -58.239755 0.87145273 -0.4894918 -0.03111209 40.628943 0.058071499 0.039984117 0.99751139 117.90498
-0.44489626 -0.89423008 0.04919177 -57.678777 0.89274702 -0.44718544 -0.05502725 40.000969 0.071204872 0.019434389 0.99727237 118.92175
-0.40194778 -0.91503204 0.033974958 -57.161678 0.91168303 -0.40338084 -0.078217627 39.32526 0.08527649 -0.00046500842 0.99635722 119.93116
-0.35831132 -0.933435 0.017664383 -56.690627 0.92820475 -0.35820764 -0.10061459 38.604176 0.10024471 -0.019655184 0.99476865 120.93167
-0.31411602 -0.94938452 0.00030831366 -56.267654 0.94226326 -0.31179951 -0.12215186 37.840212 0.11606523 -0.038079345 0.99251137 121.92179
-0.26949268 -0.96283338 -0.018041885 -55.894648 0.95381696 -0.26429382 -0.1427657 37.035988 0.13269124 -0.055682967 0.98959206 122.90004
-0.22457335 -0.97374179 -0.037331906 -55.573349 0.96283166 -0.21583114 -0.1623951 36.194244 0.15007352 -0.072413953 0.98601935 123.86498
-0.17949097 -0.98207746 -0.057504663 -55.305345 0.96928069 -0.1665549 -0.18098197 35.317833 0.16816064 -0.088222788 0.98180382 124.81522
-0.13437895 -0.98781573 -0.078500454 -55.092065 0.97314495 -0.11661093 -0.1984713 34.409707 0.18689907 -0.10306269 0.97695794 125.7494
-0.13869753 -0.98852743 -0.059803441 -55.173667 0.97467052 -0.12555669 -0.18507553 34.290527 0.17544353 -0.083958171 0.98090295 126.59712
-0.13750098 -0.98855448 -0.062076209 -55.208289 0.97701299 -0.12505425 -0.17264737 34.121152 0.16290845 -0.084388446 0.98302565 127.47155
-0.1377982 -0.98848979 -0.062446184 -55.246526 0.97803014 -0.12584092 -0.1661962 34.014647 0.15642498 -0.083975788 0.98411346 128.25314
-0.13738088 -0.98850504 -0.063120597 -55.295025 0.97976573 -0.12624922 -0.15530715 33.891508 0.14555299 -0.083179631 0.98584759 129.14107
-0.13616244 -0.98852156 -0.065458816 -55.342333 0.98109122 -0.12537504 -0.14744889 33.726369 0.13754952 -0.084298071 0.98690119 130.03987
-0.1358015 -0.98825632 -0.070052342 -55.393326 0.98192588 -0.12484837 -0.14224805 33.635477 0.13183163 -0.088103707 0.98734906 130.92615
-0.13541397 -0.98797342 -0.074642645 -55.448403 0.98273043 -0.12434176 -0.13704048 33.549247 0.12611116 -0.091910794 0.98774915 131.81264
-0.13100897 -0.98832212 -0.07782018 -55.505074 0.98443881 -0.12041672 -0.12798476 33.395969 0.11711933 -0.093376358 0.98871832 132.64611
-0.12945989 -0.9883202 -0.080394396 -55.548873 0.98520895 -0.11902467 -0.12327414 33.240683 0.11226542 -0.095164336 0.98911083 133.56143
-0.12728958 -0.98840861 -0.08273884 -55.630645 0.98598386 -0.11702276 -0.11891833 33.136153 0.10785758 -0.096716225 0.98945071 134.60688
-0.12665365 -0.98807666 -0.08754025 -55.695104 0.9872341 -0.11696759 -0.1081086 33.042306 0.096580219 -0.10011507 0.99027735 135.43398
-0.12676383 -0.9878454 -0.089957353 -55.752292 0.98763905 -0.11726583 -0.10400908 32.885144 0.092195979 -0.10202999 0.99049977 136.44279
-0.12655834 -0.98762693 -0.092606504 -55.831496 0.98846082 -0.11772754 -0.095317884 32.849937 0.083236181 -0.10360117 0.99112993 137.33171
-0.12555087 -0.98762387 -0.094000073 -55.919889 0.98970587 -0.11812504 -0.080801143 32.762191 0.068697381 -0.10317708 0.99228784 138.31744
-0.12860401 -0.98727735 -0.093511417 -55.972602 0.98958635 -0.12161123 -0.077004039 32.669084 0.064652312 -0.10244065 0.99263588 139.18873
-0.12852946 -0.98723373 -0.094072729 -56.074588 0.99026304 -0.12264892 -0.065851424 32.638848 0.053472834 -0.1016206 0.99338508 140.23936
-0.12787685 -0.98659676 -0.10136216 -56.182259 0.99117212 -0.12352074 -0.048171829 32.539258 0.035005845 -0.10662741 0.99368264 141.1805
-0.12453889 -0.98766638 -0.094895344 -56.234906 0.99186992 -0.12140365 -0.03814805 32.494878 0.026156909 -0.098874754 0.99475605 142.23539
-0.11937359 -0.98800675 -0.097941503 -56.329433 0.99280488 -0.11785148 -0.021202659 32.503531 0.0094058203 -0.099767841 0.99496629 143.32504
-0.11396363 -0.98801645 -0.10409475 -56.42697 0.99338498 -0.11481134 0.002168609 32.493495 -0.014093879 -0.10315902 0.99456502 144.27775
-0.10937854 -0.9881897 -0.10731913 -56.51726 0.99349678 -0.11211985 0.019832905 32.517202 -0.031631278 -0.10445191 0.99402679 145.35613
-0.10507994 -0.98825774 -0.11092689 -56.622475 0.99305822 -0.11020509 0.041113056 32.560008 -0.052855007 -0.1058367 0.99297782 146.47998
-0.10243822 -0.9881535 -0.11427603 -56.72911 0.99196703 -0.11004736 0.062378318 32.619299 -0.074215134 -0.10696813 0.99148875 147.46084
-0.09944807 -0.98782925 -0.11959678 -56.841893 0.99031805 -0.10995723 0.084732653 32.709324 -0.09685193 -0.11001235 0.98920018 148.5886
-0.095372722 -0.98752323 -0.12530701 -56.960348 0.98815259 -0.10912696 0.10791586 32.792445 -0.1202438 -0.11353022 0.98623137 149.70649
-0.091601701 -0.98697285 -0.13226361 -57.084809 0.98565942 -0.10876901 0.12901499 32.928017 -0.14172049 -0.11854888 0.98278251 150.80123
-0.087111449 -0.98668756 -0.13732879 -57.232313 0.98246046 -0.10790487 0.1520791 33.10377 -0.16487301 -0.12167227 0.97878126 151.96914
-0.082639469 -0.98675184 -0.13961184 -57.364288 0.97881197 -0.10670106 0.1747629 33.267245 -0.18734435 -0.12221143 0.97466223 153.04547
-0.078115725 -0.98680964 -0.14179071 -57.498788 0.97463749 -0.10550953 0.19735646 33.455591 -0.20971354 -0.1227779 0.97002362 154.11742
-0.076164165 -0.98697175 -0.1417241 -57.669499 0.97014812 -0.10617472 0.2180358 33.717706 -0.23024271 -0.12088686 0.9655955 155.29929
-0.074505089 -0.98664913 -0.14481856 -57.807318 0.96569547 -0.107611 0.2363307 34.002324 -0.24875957 -0.12224278 0.96082016 156.42303
-0.072282048 -0.98640865 -0.14755748 -57.960022 0.96158993 -0.10819986 0.25226505 34.278203 -0.26480215 -0.12365556 0.95634154 157.53644
-0.067945279 -0.98619367 -0.15101464 -58.130919 0.95544293 -0.10789857 0.27474855 34.629533 -0.28724957 -0.12561801 0.94958296 158.7451
-0.064065236 -0.98618008 -0.15278885 -58.306584 0.94970376 -0.10727628 0.29420166 34.974763 -0.30652646 -0.12625605 0.94345161 159.92689
-0.061775802 -0.98606511 -0.15446452 -58.487073 0.94429603 -0.10786363 0.31091881 35.429297 -0.32324732 -0.12665297 0.93780073 161.02281
-0.056126706 -0.98618216 -0.15586682 -58.635507 0.93835312 -0.10543589 0.32920624 35.734375 -0.34109131 -0.12778086 0.93130488 162.13577
-0.050451106 -0.98628377 -0.15715898 -58.78592 0.93204911 -0.10302921 0.34737516 36.060998 -0.35880248 -0.12895443 0.92446284 163.24234
-0.048056267 -0.98663765 -0.15568136 -59.002633 0.92345532 -0.10328889 0.3695426 36.661928 -0.38068482 -0.12600594 0.91607946 164.53228
-0.041000743 -0.98716961 -0.1543212 -59.170598 0.91461739 -0.099259303 0.39194728 37.147654 -0.4022363 -0.12507472 0.9069522 165.748
-0.033978324 -0.98767434 -0.15279008 -59.336793 0.90522853 -0.095205398 0.41412231 37.662843 -0.42356446 -0.12423875 0.89730591 166.95177
-0.03681224 -0.98760273 -0.15259634 -59.538268 0.90001687 -0.099127482 0.42443307 38.14715 -0.43429778 -0.12171495 0.89250822 168.00648
-0.033117363 -0.98840589 -0.14817886 -59.726679 0.89121815 -0.096309064 0.44323225 38.76557 -0.45236437 -0.11738101 0.88407477 169.22264
-0.030113438 -0.9892989 -0.14276136 -59.878273 0.8843188 -0.092943351 0.45753889 39.316505 -0.46591148 -0.11246848 0.87765446 170.3079
-0.027193097 -0.99015714 -0.13729277 -60.023182 0.87719641 -0.089497896 0.47171668 39.884844 -0.47936109 -0.10760529 0.87099602 171.38506
-0.021843948 -0.99055667 -0.13535233 -60.222517 0.86714396 -0.086152481 0.49054985 40.59335 -0.4975784 -0.10665441 0.86083714 172.68915
-0.018057993 -0.99087024 -0.13360394 -60.390695 0.85922185 -0.08371108 0.50470814 41.248482 -0.51128445 -0.10568141 0.85288902 173.7996
-0.015426283 -0.99078171 -0.13458665 -60.543471 0.84893925 -0.084092729 0.52175722 41.918721 -0.52826532 -0.10620712 0.84241072 174.9759
-0.012775418 -0.9906927 -0.13551642 -60.697647 0.8383173 -0.084484884 0.53859674 42.612425 -0.54503299 -0.10672496 0.83159416 176.13833
-0.014168913 -0.9912772 -0.13102935 -60.878024 0.83086737 -0.084577115 0.5500056 43.441125 -0.55629014 -0.10107503 0.82481825 177.28881
-0.015623319 -0.99183609 -0.12655837 -61.052086 0.8232674 -0.084591942 0.56131544 44.285592 -0.56743878 -0.095421775 0.81786793 178.42875
-0.0069451065 -0.9918991 -0.12683803 -61.219901 0.80888351 -0.080147765 0.58248076 45.061739 -0.58792798 -0.098551798 0.80288746 179.60633
0.0017376538 -0.99191491 -0.12689256 -61.388343 0.7939317 -0.075783056 0.60326563 45.868273 -0.60800453 -0.10179229 0.78738101 180.76323
0.0027581941 -0.99217327 -0.12483799 -61.52705 0.78945464 -0.074466047 0.60927516 46.673326 -0.61380277 -0.10023443 0.7830704 181.78479
0.0051876284 -0.99248477 -0.12225796 -61.678476 0.77760265 -0.072866184 0.62451955 47.540624 -0.62873466 -0.098307893 0.77138079 182.93201
0.0075670429 -0.99278956 -0.11963095 -61.826212 0.76545986 -0.071228819 0.63952927 48.430149 -0.64343921 -0.096412034 0.75940157 184.06256
0.0098955439 -0.99308754 -0.11695793 -61.970188 0.75303081 -0.069554568 0.6542987 49.341566 -0.6579109 -0.094547567 0.74713723 185.17604
0.013034646 -0.9938446 -0.11001342 -62.13207 0.73571827 -0.064977182 0.67416365 50.441712 -0.67716232 -0.089726365 0.73034267 186.2104
0.017527757 -0.99411494 -0.10690277 -62.26033 0.72523224 -0.060961012 0.68580025 51.331766 -0.68828123 -0.089549873 0.71989569 187.3061
0.022652032 -0.99413622 -0.1057355 -62.415696 0.70516225 -0.059083694 0.70658003 52.30848 -0.70868411 -0.090566157 0.69968896 188.36121
0.029425478 -0.99421723 -0.1032772 -62.540866 0.6879916 -0.054808605 0.72364604 53.413479 -0.7251219 -0.092347477 0.68240033 189.3962
0.036137338 -0.99426489 -0.1006546 -62.66201 0.67039256 -0.050576543 0.74028093 54.543504 -0.74112616 -0.094229875 0.66472008 190.40431
0.042783489 -0.99427919 -0.097869306 -62.778883 0.65237593 -0.046390107 0.75647447 55.697882 -0.75668705 -0.096212197 0.64665908 191.38495
0.049359848 -0.99426011 -0.094923036 -62.891243 0.63395278 -0.042251869 0.77221672 56.875927 -0.77179502 -0.098293224 0.62822841 192.33758
0.049852642 -0.99449251 -0.092191611 -63.040495 0.60310683 -0.043601326 0.79646788 57.952327 -0.79610108 -0.09530742 0.59761159 193.247
0.05173252 -0.9948401 -0.087274611 -63.14021 0.57912736 -0.04131154 0.8141897 59.104118 -0.81359408 -0.092663201 0.57400197 194.08825
0.054645576 -0.99515523 -0.081730494 -63.246209 0.55883294 -0.037351918 0.82843865 60.367662 -0.82747791 -0.0909442 0.5540844 195.00292
0.056072647 -0.99544002 -0.077168392 -63.347017 0.53300005 -0.03551103 0.84536969 61.689348 -0.84425522 -0.088532874 0.52857839 195.77629
0.058547707 -0.9955597 -0.073708721 -63.430962 0.51483698 -0.03314702 0.85664704 62.884909 -0.85528658 -0.088102696 0.51061027 196.55441
0.060948346 -0.99566945 -0.070196676 -63.510022 0.49643501 -0.030773979 0.86752824 64.096956 -0.86593167 -0.087722499 0.49240955 197.30713
0.061504483 -0.99571668 -0.069032074 -63.611979 0.47483089 -0.031645579 0.87950792 65.57314 -0.87792534 -0.086872241 0.47085069 198.0852
0.062203591 -0.99584216 -0.066550987 -63.712383 0.45536834 -0.031018008 0.88976264 66.978292 -0.88812751 -0.085651644 0.45154556 198.95169
0.062366389 -0.99611942 -0.06210049 -63.769294 0.43496838 -0.028874009 0.89998267 68.216754 -0.89828338 -0.083140419 0.43147968 199.44294
0.063331961 -0.99633819 -0.057438722 -63.840998 0.41874743 -0.025713412 0.90773862 69.645698 -0.90589168 -0.081541184 0.41558558 200.17134
0.065171211 -0.99646066 -0.053092463 -63.908788 0.39950667 -0.02270056 0.91644918 71.13336 -0.91441086 -0.080936896 0.39661325 200.75805
0.066663606 -0.99639693 -0.052431424 -63.970155 0.38514475 -0.022778861 0.922575 72.372194 -0.92044531 -0.081695864 0.38223853 201.4487
0.069979678 -0.99626434 -0.050597835 -64.019891 0.36272647 -0.021837053 0.93163976 73.904785 -0.92926446 -0.083549025 0.3598433 202.00649
0.075676319 -0.99582387 -0.051067111 -64.069395 0.34373148 -0.022021937 0.93880972 75.304938 -0.93601381 -0.088599038 0.34062948 202.5439
0.08137922 -0.99535593 -0.051419104 -64.119586 0.32459517 -0.022309695 0.94558989 76.715758 -0.94234573 -0.093641761 0.32127218 203.05258
0.087085858 -0.99486074 -0.051653658 -64.170289 0.30532599 -0.022700198 0.95197727 78.136663 -0.94825744 -0.098674962 0.30177998 203.53232
0.091485391 -0.99472321 -0.046433754 -64.210724 0.27570135 -0.019505229 0.96104542 79.651011 -0.95687997 -0.10072347 0.27246209 204.0385
0.095720414 -0.99456018 -0.041080232 -64.242925 0.24580059 -0.016375172 0.96918208 81.180321 -0.96458268 -0.10286806 0.24289604 204.49815
0.099786789 -0.99437181 -0.035598324 -64.266676 0.21565292 -0.013313086 0.97637931 82.723115 -0.97135807 -0.10510664 0.21311071 204.91085
0.10368054 -0.99415828 -0.029993388 -64.281769 0.18528782 -0.010321965 0.98263008 84.277902 -0.9771995 -0.10743703 0.18313523 205.27625
0.10434412 -0.99387784 -0.036319266 -64.328308 0.12835641 -0.022755432 0.991467 85.990393 -0.98622362 -0.10811556 0.12519619 205.56767
0.10886528 -0.99337476 -0.036808686 -64.356049 0.10063095 -0.025825383 0.99458858 87.412493 -0.98894987 -0.11198026 0.097152762 205.86664
0.1085453 -0.99342491 -0.036397801 -64.39693 0.079777174 -0.027790981 0.99642523 88.773177 -0.99088526 -0.11106099 0.076236051 206.15272
0.11195661 -0.99309254 -0.035112132 -64.387341 0.050621714 -0.02958867 0.99827949 90.270493 -0.99242292 -0.11354143 0.046959399 206.00137
0.11359269 -0.99299752 -0.032443151 -64.410588 0.030797666 -0.029119517 0.99910137 91.625776 -0.99304999 -0.11448979 0.027274242 206.13613
0.11327175 -0.99311234 -0.029955522 -64.44662 0.013732256 -0.028581845 0.99949712 92.925085 -0.99346918 -0.11362615 0.010400157 206.32413
