1.0 0.0 0.0 0.0 0.0 1.0 0.0 0.0 0.0 0.0 1.0 0.0
-0.6966292 0.71520954 0.044347387 7.503662 -0.71648854 -0.6962066 -0.02692271 8.932739 0.011648108 -0.05055038 0.9986529 0.060791016
-0.98022676 0.19016607 0.0405354 9.042847 -0.1920929 -0.9793855 -0.050557356 -1.4822998 0.030113064 -0.05737697 0.9978975 -0.13708496
-0.9235209 -0.38383278 0.021510331 5.2697754 0.38191393 -0.9224266 -0.06286077 -9.714844 0.04394949 -0.04981773 0.99779105 -0.36999512
-0.8211776 -0.570247 0.021375755 -2.2403564 0.56842387 -0.8207079 -0.05747712 -13.247437 0.05034353 -0.035053745 0.9981174 -0.24401855
-0.95509046 -0.29722145 0.0146272 -10.208008 0.29637647 -0.95449394 -0.043070655 -14.154297 0.026741356 -0.036766663 0.9989657 -0.2052002
-0.8756509 -0.4842428 0.0034457743 -17.638062 0.48370314 -0.87497103 -0.041525662 -17.37378 0.023113908 -0.034658123 0.99913204 -0.13708496
-0.6678491 -0.7444444 0.008686236 -25.061768 0.7440077 -0.6677888 -0.02839341 -18.630249 0.026934702 -0.012488163 0.9995592 -0.08703613
-0.791159 -0.61201507 -0.019709043 -32.89685 0.61231303 -0.7909796 -0.017528892 -16.701172 -0.0048516593 -0.02593246 0.9996521 -0.15185547
-0.7396748 -0.6727679 -0.0013688657 -40.093018 0.67275095 -0.7396383 -0.00887842 -16.454224 0.004957655 -0.0074888957 0.99995965 0.13879395
-0.8191767 -0.4936267 0.29194158 -47.850586 0.5239784 -0.8511267 0.031139573 -14.854126 0.2330925 0.17848958 0.9559315 0.05432129
-0.4691162 -0.8804612 0.07260421 -55.62024 0.88212144 -0.46232975 0.093075715 -14.59082 -0.048412036 0.10762056 0.9930134 2.7697754
-0.7533968 -0.63847685 0.15597159 -62.50659 0.65522873 -0.74823236 0.102050185 -9.809814 0.05159213 0.17914312 0.98247 2.9075928
-0.76631105 -0.6262364 0.1453903 -70.82837 0.6396543 -0.76538795 0.074651025 -7.975952 0.06454268 0.15021938 0.98655033 4.1309814
-0.94498914 -0.30064368 0.12755357 -79.00818 0.31457126 -0.94287705 0.108143866 -6.6053467 0.08782248 0.1423592 0.98591316 5.265259
-0.85965216 -0.49935463 0.110806376 -86.88196 0.5101665 -0.8526846 0.11532345 -8.564697 0.036870636 0.15552887 0.9871374 6.7382812
-0.64332986 -0.75755185 0.10952835 -94.92993 0.76499194 -0.63149273 0.12558065 -9.267456 -0.025912639 0.1645737 0.9860188 8.017822
-0.21550204 -0.9691857 0.118713036 -103.13623 0.9686875 -0.19691992 0.1507086 -7.519043 -0.1227115 0.14758806 0.9814112 8.72583
-0.48298156 -0.8685225 0.11371314 -109.3761 0.872184 -0.46484923 0.15403564 -1.904419 -0.080970965 0.17353539 0.9815018 8.957031
-0.2361703 -0.9657144 0.109445035 -117.259155 0.9615226 -0.21575856 0.1711223 1.40271 -0.14162695 0.14554907 0.97916234 9.265991
-0.32623982 -0.94004107 0.097697586 -123.68689 0.93485 -0.30578223 0.17941871 6.8428955 -0.1388405 0.15000398 0.978894 9.26123
-0.59470135 -0.79868114 0.09135306 -130.62415 0.7993345 -0.5754192 0.17283112 11.712769 -0.08544737 0.1758017 0.9807067 9.355225
-0.71818495 -0.6892032 0.09042169 -138.59412 0.69267344 -0.6986949 0.17609507 13.802368 -0.05815308 0.18922658 0.98020345 9.91626
-0.81560063 -0.5727559 0.08363177 -146.37012 0.5778694 -0.79739213 0.17456006 14.706787 -0.033317015 0.19070184 0.98108727 10.692383
-0.779365 -0.622677 0.06596323 -154.4884 0.62323076 -0.7612284 0.17776105 14.310547 -0.060508102 0.1797304 0.981855 11.574219
-0.66057706 -0.7491773 0.05265251 -162.60449 0.74210715 -0.6403574 0.19904763 14.256226 -0.11539763 0.17049104 0.9785798 12.145996
-0.6844448 -0.7279174 0.043424003 -170.20142 0.719934 -0.66507685 0.1989195 15.733643 -0.11596373 0.16740902 0.9790514 12.424194
-0.72045493 -0.69318914 0.02675163 -177.1532 0.6829168 -0.70195657 0.202843 16.575928 -0.12188441 0.16442281 0.97884107 12.550293
-0.8819433 -0.4704174 0.006702495 -184.4336 0.46092334 -0.86110735 0.21262947 17.359375 -0.09426722 0.1907228 0.9771031 12.487305
-0.7954579 -0.60658604 -0.01336144 -190.8241 0.59010595 -0.7786071 0.21546845 16.292236 -0.1410929 0.16336454 0.97643006 12.749023
-0.68108034 -0.73217535 -0.027259737 -197.026 0.7088746 -0.6679102 0.22821636 16.25061 -0.18526296 0.13602743 0.9732349 12.638306
-0.70965785 -0.7041725 -0.026311696 -202.75403 0.6815503 -0.69539136 0.2281951 17.858032 -0.17900847 0.14402534 0.9732552 12.147583
-0.79815227 -0.5992684 -0.05731689 -207.93921 0.57368124 -0.7860074 0.22921701 19.031738 -0.18253097 0.15012124 0.97167706 11.550659
-0.76742107 -0.6401774 -0.03704492 -213.04431 0.6160768 -0.75210744 0.23431134 19.769653 -0.17794926 0.15702203 0.9714458 11.283081
-0.81514096 -0.57413644 -0.071228236 -217.83899 0.54437953 -0.8028215 0.2414312 20.462158 -0.19580957 0.15814164 0.9677937 10.643188
-0.8200981 -0.47884098 -0.3137465 -222.495 0.46285653 -0.877182 0.12891191 21.176392 -0.33689207 -0.039535478 0.94072044 10.22644
-0.8570552 -0.31924677 -0.40322244 -226.94202 0.22868055 -0.93847024 0.25687388 21.649902 -0.4607748 0.12821679 0.87821877 9.006348
-0.8663768 -0.088382095 -0.4904853 -231.50183 -0.02576506 -0.9744173 0.22106564 21.766968 -0.49791515 0.20434436 0.8428302 7.277588
-0.8646195 -0.27465466 -0.42105618 -235.51794 0.17625648 -0.9501065 0.25783774 20.398926 -0.47069058 0.14870824 0.86965346 5.3563232
-0.8904636 0.068064906 -0.4484501 -239.45337 -0.19323896 -0.9507904 0.23944558 20.464355 -0.4104986 0.30008847 0.86104715 3.4447021
-0.80884135 0.39111122 -0.43842402 -243.3258 -0.5211377 -0.8220783 0.22811472 19.231934 -0.2713688 0.41308796 0.86930156 2.0449219
-0.8270555 0.3422321 -0.44651687 -246.29883 -0.47652742 -0.8481512 0.23246834 17.073242 -0.29900184 0.40508336 0.86405796 1.008667
-0.8008797 0.4067018 -0.44034415 -249.47119 -0.53803647 -0.8117961 0.228667 15.398315 -0.26445165 0.41997665 0.8682124 0.028198242
-0.75116813 0.49114564 -0.4392326 -252.3219 -0.61982465 -0.75255823 0.21879688 13.654175 -0.22334895 0.4366647 0.87131363 -0.89453125
-0.730682 0.51857316 -0.4456039 -254.64502 -0.6492946 -0.7306819 0.21417375 11.598633 -0.2142343 0.44566444 0.86927867 -1.6730957
-0.68796897 0.5800756 -0.4350252 -256.9928 -0.70601964 -0.67241424 0.22006191 9.961548 -0.1650043 0.4586339 0.8730993 -2.2336426
-0.7776127 0.45503265 -0.4338218 -258.98376 -0.58087695 -0.784096 0.21863358 7.9835205 -0.24087146 0.42219514 0.8739889 -2.7480469
-0.78260446 0.4439893 -0.43605623 -261.1129 -0.5706947 -0.79141897 0.21833028 6.390381 -0.24819066 0.41996962 0.8729885 -3.485962
-0.8186675 0.38036385 -0.42855152 -263.3617 -0.5054042 -0.8314968 0.2275907 5.182495 -0.27018318 0.40312168 0.8743031 -4.0336914
-0.8769534 0.21347243 -0.42921713 -265.41077 -0.33534634 -0.912663 0.23117003 4.1243896 -0.34275046 0.34706375 0.87300223 -4.710449
-0.90001875 0.0968036 -0.424886 -267.23157 -0.21198311 -0.9492021 0.2325621 3.7805176 -0.381062 0.299639 0.87475884 -5.536743
-0.90762514 0.005720213 -0.41989204 -268.96472 -0.115688115 -0.96467566 0.23688975 3.59375 -0.40365127 0.26363683 0.87611413 -6.2145996
-0.9063308 -0.08118905 -0.41584194 -270.41797 -0.026404804 -0.96924603 0.24667364 3.3371582 -0.42290837 0.23449212 0.8753617 -6.8009033
-0.90155816 -0.14261717 -0.40955898 -271.5669 0.03750837 -0.96689 0.25414026 3.2390137 -0.43191737 0.21360883 0.876242 -7.3117676
-0.9057338 -0.13818392 -0.40181598 -272.53552 0.031817198 -0.96542406 0.26035264 3.22229 -0.42345968 0.22286628 0.87802964 -7.7144775
-0.899014 -0.17700069 -0.3989085 -272.96472 0.07116263 -0.960703 0.26586998 3.4161377 -0.43077052 0.21086775 0.87749624 -7.963745
-0.89684093 -0.20415196 -0.39492077 -273.62854 0.09765415 -0.9579878 0.27332488 3.5223389 -0.4336362 0.2063676 0.87719667 -8.295654
-0.891946 -0.23703349 -0.3848073 -274.60083 0.13220383 -0.9509669 0.2793764 3.6031494 -0.43223023 0.19825162 0.87969756 -8.729004
-0.8929954 -0.2531401 -0.37182114 -275.23376 0.15149832 -0.94745386 0.28133145 3.7791748 -0.42342475 0.194785 0.8846886 -9.038086
-0.8927427 -0.27604723 -0.35532224 -275.93408 0.18064514 -0.9429439 0.27860603 3.9127197 -0.4121576 0.184791 0.89219606 -9.370483
-0.8893994 -0.30293387 -0.34197623 -276.77563 0.21386766 -0.93740356 0.27427378 4.0737305 -0.40354416 0.17082092 0.8988211 -9.761475
-0.88597035 -0.324523 -0.3323073 -277.4922 0.23846002 -0.93194926 0.2743935 4.2701416 -0.39849377 0.1637338 0.902425 -10.074707
-0.87825793 -0.34816194 -0.3287431 -278.21277 0.26283917 -0.9245573 0.2770908 4.501587 -0.40016684 0.1566857 0.9029248 -10.396362
-0.8688321 -0.37128225 -0.32917526 -278.99695 0.28641278 -0.9172438 0.27873588 4.7458496 -0.40494776 0.14766383 0.9022939 -10.752686
-0.85757166 -0.39189437 -0.3330897 -279.7152 0.30561876 -0.90916663 0.28274193 4.98999 -0.41370988 0.14080483 0.8994738 -11.074829
-0.84677196 -0.41156346 -0.3342793 -280.43286 0.32239702 -0.8996732 0.29102278 5.2696533 -0.42095795 0.13905716 0.8963218 -11.420044
-0.8404511 -0.4249059 -0.33409256 -281.15027 0.33548653 -0.8942873 0.29350686 5.569824 -0.42377597 0.13483226 0.895625 -11.766113
-0.8356659 -0.4369107 -0.33051592 -281.8468 0.3481764 -0.88897455 0.2948356 5.8430176 -0.4230646 0.13155289 0.89648384 -12.096802
-0.8313931 -0.4465382 -0.32894707 -282.52576 0.35824555 -0.88490695 0.29563475 6.142334 -0.4236318 0.12824951 0.8967561 -12.422852
-0.8285736 -0.45329475 -0.32884338 -283.20996 0.36910272 -0.8837284 0.2880905 6.437866 -0.42129767 0.11726316 0.89935035 -12.764404
-0.8217003 -0.4638713 -0.33112553 -283.8933 0.38086984 -0.87918276 0.28644043 6.7281494 -0.42411646 0.10919289 0.8990372 -13.097412
-0.8172897 -0.47236976 -0.3299828 -284.56274 0.38909733 -0.8747574 0.2886956 7.055298 -0.4247842 0.1074803 0.8988227 -13.432373
-0.813055 -0.48106775 -0.3267419 -285.24084 0.3980055 -0.8698873 0.29014906 7.390625 -0.42434242 0.10601678 0.8993559 -13.775757
-0.81152815 -0.48458734 -0.32320204 -285.92798 0.40238342 -0.8671177 0.28984293 7.713745 -0.42123204 0.10541245 0.90076447 -14.1328125
-0.81314176 -0.4832631 -0.32181776 -286.6233 0.4016635 -0.86806667 0.28867623 8.05835 -0.41926658 0.105825104 0.9016372 -14.489624
-0.8169341 -0.4801854 -0.32160032 -287.33972 0.3974892 -0.87106276 0.2910089 8.411499 -0.41935518 0.109568715 0.90116394 -14.85376
-0.81905806 -0.47498018 -0.32329562 -288.08716 0.39213312 -0.8735628 0.29000425 8.7491455 -0.41981784 0.110617176 0.9008314 -15.21521
-0.8242382 -0.46572715 -0.32481727 -288.84448 0.3830553 -0.8787115 0.287949 9.091919 -0.41890818 0.11266254 0.9009951 -15.5998535
-0.8255607 -0.45940802 -0.32488877 -289.60254 0.37637568 -0.8796639 0.28752786 9.432251 -0.418403 0.115308285 0.9008964 -15.978149
-0.82974243 -0.45173106 -0.3265483 -290.37732 0.36922368 -0.8841325 0.28482738 9.774536 -0.41767538 0.115950875 0.90117806 -16.354858
-0.8330102 -0.44540888 -0.32837036 -291.18286 0.36376673 -0.8879431 0.28165454 10.109497 -0.4169249 0.11517171 0.90159744 -16.751587
-0.83219314 -0.44396466 -0.33058035 -291.98633 0.36355242 -0.8885553 0.27800354 10.437622 -0.41768444 0.111293435 0.90180224 -17.141724
-0.83232665 -0.44229263 -0.33291593 -292.82178 0.36264387 -0.8898049 0.27552316 10.797241 -0.41824672 0.10873439 0.90177745 -17.554077
-0.83207107 -0.4426484 -0.33414623 -293.66284 0.36330417 -0.8901922 0.27469602 11.145996 -0.4188833 0.10714319 0.90164566 -17.965454
-0.8303142 -0.4432672 -0.33454737 -294.50952 0.3638947 -0.88878685 0.27456972 11.498047 -0.41952896 0.10651818 0.9014147 -18.374756
-0.83191264 -0.44259658 -0.33635017 -295.37598 0.363129 -0.8910585 0.27441114 11.878784 -0.42083713 0.10592193 0.9009377 -18.812622
-0.8328421 -0.44129777 -0.3363449 -296.24634 0.36133382 -0.89172685 0.2752504 12.262939 -0.42094117 0.10755112 0.90069425 -19.240479
-0.83208215 -0.44283548 -0.33667433 -297.12756 0.36293262 -0.89125365 0.27526888 12.612915 -0.42144632 0.10667642 0.90057284 -19.661743
-0.8307829 -0.44195554 -0.33806747 -298.03455 0.36237207 -0.8907153 0.2739814 12.990234 -0.42213038 0.1051844 0.90037364 -20.11023
-0.8299011 -0.44275767 -0.33858433 -298.88867 0.36346 -0.89028674 0.27323171 13.352295 -0.42265862 0.10391245 0.90032786 -20.528687
-0.8304933 -0.44077376 -0.33950028 -299.76807 0.3615134 -0.8912413 0.27265003 13.725098 -0.4231998 0.10373761 0.90013736 -20.9552
-0.8327165 -0.43880883 -0.3408214 -300.6632 0.35973367 -0.89384437 0.2718126 14.101929 -0.4234804 0.10339907 0.90005255 -21.388672
-0.83102185 -0.43743736 -0.34321877 -301.5381 0.35708433 -0.8929703 0.27352566 14.464478 -0.42616633 0.104804076 0.89853966 -21.811035
-0.83167386 -0.43419078 -0.3445039 -302.41138 0.3529084 -0.8938021 0.27461773 14.84021 -0.42736244 0.106924914 0.8976928 -22.247437
-0.83259344 -0.43258068 -0.34532338 -303.28223 0.3506219 -0.8948031 0.27557468 15.193359 -0.4282524 0.108433865 0.89710563 -22.665161
-0.83518714 -0.4302209 -0.34505397 -304.1842 0.34788734 -0.89693743 0.2761578 15.562744 -0.4279993 0.1103688 0.89708316 -23.110107
-0.8358577 -0.42804328 -0.3448718 -305.0454 0.3457741 -0.89743537 0.27563295 15.918457 -0.42755297 0.111046806 0.897238 -23.533936
-0.8349303 -0.43019965 -0.34398967 -305.896 0.3486734 -0.8963507 0.2747491 16.254883 -0.4263051 0.10935816 0.8979265 -23.948364
-0.83472204 -0.43103024 -0.34175503 -306.7633 0.35117957 -0.895643 0.2717996 16.633545 -0.42356583 0.10693357 0.89956355 -24.380493
-0.8346142 -0.43345731 -0.34259078 -307.65295 0.35444516 -0.8962157 0.27030233 16.984253 -0.42382917 0.10398968 0.899812 -24.800415
-0.828947 -0.44007784 -0.3429062 -308.47266 0.36130252 -0.89144206 0.2705086 17.340454 -0.42534593 0.10066344 0.8994457 -25.217651
-0.82638 -0.44584098 -0.3460793 -309.34485 0.3651597 -0.8902537 0.27491277 17.727905 -0.43025213 0.10064888 0.8970956 -25.64209
-0.8218531 -0.45056343 -0.34718257 -310.19165 0.37122703 -0.88708544 0.2724231 18.07837 -0.43104666 0.0952129 0.8972892 -26.055054
-0.8203382 -0.4545527 -0.34563735 -311.02722 0.37572867 -0.885231 0.27241454 18.447754 -0.430089 0.09374564 0.89790064 -26.468994
-0.8190947 -0.45968026 -0.34314743 -311.8496 0.38163775 -0.883253 0.27223784 18.831665 -0.42814574 0.09215777 0.8989707 -26.890259
-0.8162831 -0.4645566 -0.34380683 -312.66846 0.3879215 -0.88138187 0.27009404 19.192017 -0.42811683 0.08702063 0.8994475 -27.296997
-0.81448734 -0.46675932 -0.34325913 -313.4994 0.39104354 -0.87978715 0.26849145 19.588257 -0.42750707 0.08459183 0.9000153 -27.716675
-0.8129702 -0.4703296 -0.34428036 -314.3097 0.394548 -0.8789822 0.2690793 19.961182 -0.429039 0.08286595 0.89949924 -28.117676
-0.8083971 -0.4746999 -0.35058755 -315.11414 0.39612117 -0.8772787 0.27436227 20.35913 -0.43738052 0.08276483 0.8955048 -28.527588
-0.804042 -0.47498292 -0.35957134 -315.92358 0.39367297 -0.8769363 0.2782114 20.768799 -0.446905 0.08189958 0.890799 -28.94934
-0.80062586 -0.47735578 -0.36228144 -316.72693 0.3953636 -0.87504363 0.27937752 21.153809 -0.45014375 0.08040622 0.889272 -29.371582
-0.80242 -0.47788057 -0.3574459 -317.50977 0.39734402 -0.8747455 0.27747905 21.533203 -0.44532636 0.080565795 0.8917545 -29.79419
-0.8035087 -0.47937432 -0.3521078 -318.27966 0.40034026 -0.8735669 0.2756758 21.92981 -0.4399842 0.08068032 0.8943851 -30.207397
-0.80373216 -0.48240376 -0.34785432 -319.05627 0.40188113 -0.8715868 0.28015557 22.322144 -0.43838108 0.08546967 0.8946999 -30.624023
-0.80439764 -0.48331586 -0.3477834 -319.84204 0.40122992 -0.87189245 0.2836279 22.721436 -0.43983957 0.08843893 0.8937285 -31.03711
-0.8034755 -0.48207068 -0.34884796 -320.6278 0.3995752 -0.8714507 0.28386992 23.119507 -0.4410483 0.08877007 0.89310676 -31.456543
-0.80151236 -0.48100737 -0.35466635 -321.4126 0.39721876 -0.8721241 0.28498217 23.504883 -0.44670418 0.087664396 0.8904255 -31.875854
-0.80021703 -0.47980884 -0.36122695 -322.1892 0.3947829 -0.87365884 0.286087 23.87793 -0.4522296 0.08617855 0.8876473 -32.295776
-0.7994683 -0.4757927 -0.366889 -322.96875 0.39325097 -0.87614375 0.27920535 24.243042 -0.45444757 0.07886037 0.88733983 -32.70984
-0.8010236 -0.47065315 -0.37212947 -323.74548 0.3913497 -0.880366 0.27105933 24.606934 -0.45466062 0.07128955 0.88782036 -33.11975
-0.8008396 -0.4705046 -0.371978 -324.51953 0.38908172 -0.87978905 0.27514702 24.979858 -0.45639497 0.07548399 0.88658595 -33.543335
-0.8041394 -0.46895713 -0.36820182 -325.2932 0.38611725 -0.8806938 0.27835378 25.36267 -0.45421425 0.08144864 0.8872035 -33.96875
-0.8065996 -0.46409228 -0.36524498 -326.0642 0.38111627 -0.8812876 0.27823627 25.728394 -0.45105898 0.085283965 0.88836074 -34.39209
-0.81181955 -0.45941824 -0.36305818 -326.82642 0.37364334 -0.88430095 0.28351158 26.089233 -0.45070934 0.09423997 0.8877018 -34.800415
-0.8137078 -0.45418465 -0.36026147 -327.5995 0.36486658 -0.8836754 0.28999954 26.44751 -0.4505348 0.104808494 0.88654 -35.216064
-0.8200503 -0.44356245 -0.3611 -328.3861 0.35317764 -0.8892 0.29022115 26.788086 -0.4499464 0.110463366 0.88619715 -35.628662
-0.8236088 -0.43317837 -0.36500478 -329.1671 0.34329635 -0.89400876 0.2863803 27.101074 -0.45052627 0.110765845 0.88582927 -36.036133
-0.82931 -0.42203915 -0.368038 -329.95703 0.32938492 -0.8995878 0.28923273 27.426392 -0.45293882 0.11848066 0.8837082 -36.453247
-0.8337813 -0.41145512 -0.36824873 -330.755 0.31776482 -0.90303254 0.28934446 27.730103 -0.45181146 0.12426901 0.88349414 -36.861572
-0.8383508 -0.40133718 -0.3680024 -331.5426 0.30638742 -0.90625286 0.29019043 28.002808 -0.4504266 0.13069588 0.8832689 -37.2771
-0.84287566 -0.38992018 -0.3685263 -332.3546 0.29271647 -0.9092724 0.29269406 28.294678 -0.4494868 0.13918188 0.8822839 -37.685913
-0.84979904 -0.378591 -0.36444494 -333.15625 0.28163314 -0.9130732 0.29184726 28.561157 -0.4436515 0.14574243 0.88422227 -38.09546
-0.8586895 -0.36905634 -0.35662785 -333.94617 0.27348238 -0.91727203 0.29080346 28.814697 -0.43416694 0.15200399 0.88790035 -38.484253
-0.86575186 -0.3558071 -0.35235554 -334.74683 0.26132658 -0.92127335 0.2884231 29.061768 -0.42685908 0.15747012 0.8904134 -38.871338
-0.86966205 -0.34469447 -0.35423464 -335.5575 0.24922672 -0.9249333 0.28814024 29.284058 -0.42682895 0.16218188 0.8896868 -39.26709
-0.8729308 -0.33399215 -0.35851535 -336.37354 0.23603816 -0.9285372 0.29020897 29.512817 -0.4292794 0.16845842 0.88736314 -39.64038
-0.87520736 -0.32396066 -0.357672 -337.1803 0.22742605 -0.930195 0.28607976 29.717285 -0.4256339 0.16920625 0.8889028 -40.017212
-0.88136315 -0.31632906 -0.35392317 -338.00928 0.22274439 -0.93478477 0.28063455 29.90857 -0.4192008 0.16825633 0.89224106 -40.397095
-0.88627696 -0.30749193 -0.34811255 -338.83276 0.21755311 -0.9374877 0.27403826 30.10852 -0.41053966 0.16700253 0.8965034 -40.779175
-0.8882184 -0.30255944 -0.34702432 -339.6671 0.2144612 -0.93918335 0.26999912 30.294067 -0.40733758 0.16509825 0.8982222 -41.14514
-0.88862354 -0.29992875 -0.3480087 -340.4978 0.21188809 -0.93996876 0.2689238 30.484863 -0.4077464 0.16520995 0.8980809 -41.509155
-0.8907092 -0.2925997 -0.34797367 -341.3352 0.20482686 -0.941562 0.2674707 30.673706 -0.40580276 0.16696262 0.8985599 -41.865234
-0.89034444 -0.28982437 -0.35047498 -342.1626 0.20111167 -0.94193894 0.26799366 30.856445 -0.40793654 0.16827095 0.89737463 -42.23584
-0.89129686 -0.28319874 -0.352865 -342.98572 0.19312085 -0.94315034 0.26898026 31.036987 -0.40948385 0.17181078 0.8960635 -42.611084
-0.89183563 -0.2778362 -0.3566783 -343.8286 0.18681005 -0.94479114 0.26887906 31.214111 -0.41178542 0.17310332 0.89469063 -42.970215
-0.89426285 -0.27046996 -0.35665506 -344.6604 0.18097384 -0.94724935 0.2645746 31.372803 -0.4093469 0.17209834 0.89599454 -43.336792
-0.89728165 -0.2610955 -0.35700372 -345.4702 0.17500857 -0.9510925 0.25584182 31.51233 -0.4058898 0.16696297 0.8984787 -43.69702
-0.90018487 -0.25511026 -0.3534474 -346.29468 0.1693519 -0.9519931 0.2556913 31.66565 -0.40173775 0.17038189 0.8998073 -44.042725
-0.9027129 -0.24935292 -0.3498461 -347.125 0.16257648 -0.9518736 0.25888047 31.821167 -0.39786932 0.17689049 0.90026563 -44.402954
-0.9046015 -0.24283084 -0.35132128 -347.92395 0.15597363 -0.95388436 0.25775945 31.955688 -0.3974036 0.17826642 0.9001352 -44.746338
-0.9038375 -0.2358478 -0.35678148 -348.74475 0.14772472 -0.95491123 0.25714824 32.08838 -0.40119752 0.1796307 0.8981461 -45.079834
-0.9042549 -0.22876008 -0.35938826 -349.59473 0.13988274 -0.95592344 0.256509 32.219727 -0.40246016 0.18182679 0.8971953 -45.432617
-0.9080317 -0.22122806 -0.35619986 -350.42603 0.13391535 -0.9581485 0.2537134 32.33069 -0.3973261 0.1826042 0.89932626 -45.800903
-0.9096542 -0.21563518 -0.35284182 -351.2384 0.12873262 -0.95793045 0.25352305 32.44702 -0.39315632 0.18543787 0.90058845 -46.142334
-0.911357 -0.20949233 -0.35180116 -352.06262 0.12237458 -0.9585069 0.25379136 32.549805 -0.3907101 0.18863189 0.90094143 -46.488037
-0.91449857 -0.20299712 -0.35316995 -352.90613 0.11533366 -0.9615382 0.2539583 32.649048 -0.39071384 0.19109161 0.9005133 -46.828247
-0.9146913 -0.19684204 -0.35310045 -353.7229 0.10730707 -0.96031785 0.2575179 32.747192 -0.38954425 0.19754694 0.8995096 -47.168335
-0.9161933 -0.19087304 -0.35270286 -354.56616 0.09927656 -0.96012366 0.26182038 32.84668 -0.38843587 0.2046944 0.89841354 -47.512695
-0.9180925 -0.18435991 -0.35226667 -355.41797 0.09201623 -0.96088815 0.26295927 32.94397 -0.38670835 0.20904689 0.89822173 -47.858765
-0.91892946 -0.17354052 -0.35332713 -356.26257 0.083246864 -0.96262914 0.25646845 33.01367 -0.38460645 0.20620546 0.89968735 -48.186523
-0.9191119 -0.1681893 -0.3535289 -357.08972 0.078995176 -0.9632365 0.25297415 33.069214 -0.3835956 0.20475982 0.90048826 -48.521973
-0.9198277 -0.1646219 -0.3546943 -357.95312 0.07351021 -0.9631467 0.25657347 33.154663 -0.38381293 0.21003337 0.89911455 -48.877075
-0.9208877 -0.16017374 -0.35493645 -358.8059 0.068653196 -0.96386826 0.2567689 33.225586 -0.38343275 0.2122123 0.8988895 -49.21228
-0.922414 -0.15720256 -0.35403553 -359.63806 0.064840645 -0.96411014 0.25917596 33.27832 -0.38176852 0.21596009 0.8986626 -49.549683
-0.9223421 -0.15357606 -0.35456032 -360.46497 0.05819945 -0.96238565 0.2654124 33.35742 -0.38202482 0.22420684 0.8965584 -49.885742
-0.92149127 -0.15096442 -0.35674238 -361.31714 0.051605485 -0.96017045 0.2730215 33.425903 -0.38387737 0.23342463 0.89337784 -50.229492
-0.92194164 -0.14898527 -0.3580851 -362.15247 0.04743935 -0.9599269 0.27709582 33.454712 -0.3851806 0.23843786 0.89158213 -50.559692
-0.92371833 -0.14324148 -0.35655895 -362.98865 0.043144677 -0.9611588 0.27424884 33.49597 -0.3818205 0.23790859 0.8931303 -50.897583
-0.9241468 -0.13840741 -0.353672 -363.833 0.03971568 -0.9604937 0.27220914 33.535156 -0.37767264 0.23781328 0.8948281 -51.237427
-0.9254869 -0.13708846 -0.35476795 -364.6742 0.03847037 -0.9623296 0.2713235 33.564087 -0.37842122 0.23744959 0.8947247 -51.568726
-0.9256725 -0.1356817 -0.35557047 -365.4978 0.03717514 -0.96289694 0.27056673 33.595337 -0.37875038 0.23694487 0.8946948 -51.894897
-0.9231907 -0.13565715 -0.35913953 -366.33105 0.035765365 -0.9617189 0.27114072 33.630005 -0.38249862 0.23770009 0.89293563 -52.222656
-0.9210956 -0.13312337 -0.36576536 -367.15845 0.031692415 -0.9622196 0.27039424 33.661743 -0.38805762 0.23739965 0.89054936 -52.54944
-0.9202798 -0.1335822 -0.36837035 -367.99194 0.030899413 -0.962112 0.27180505 33.69055 -0.39054024 0.23849192 0.8891232 -52.885498
-0.9215005 -0.13264026 -0.3637148 -368.80298 0.031173354 -0.9613907 0.2716655 33.715454 -0.38594615 0.23912865 0.8909736 -53.216064
-0.9244573 -0.1323272 -0.35926154 -369.61328 0.031757664 -0.9622633 0.2725803 33.75183 -0.3816359 0.24041995 0.89255923 -53.538452
-0.92254215 -0.13101368 -0.36008656 -370.4248 0.031335533 -0.96135306 0.26963907 33.77112 -0.38193402 0.23772854 0.8930326 -53.87378
-0.92238617 -0.13081564 -0.36132023 -371.2379 0.031054273 -0.96181047 0.26905602 33.79187 -0.38302496 0.23714928 0.89273125 -54.19458
-0.92254037 -0.13098665 -0.36031696 -372.03906 0.02948733 -0.9603479 0.2737451 33.829712 -0.38234058 0.24212778 0.891688 -54.51599
-0.9250891 -0.13071015 -0.3576727 -372.85168 0.030283831 -0.9618422 0.27327195 33.856934 -0.3793206 0.24180806 0.89305973 -54.82898
-0.9266699 -0.12686886 -0.35686165 -373.65002 0.030770639 -0.96542263 0.26311302 33.866455 -0.37755463 0.23260808 0.89638215 -55.149292
-0.92712617 -0.12478958 -0.35540557 -374.45776 0.030811444 -0.96618617 0.25875053 33.879883 -0.37532765 0.22887172 0.89822775 -55.470947
-0.9272366 -0.1267128 -0.35272643 -375.25305 0.03260677 -0.96499383 0.26088852 33.89978 -0.3735757 0.23028472 0.8986019 -55.77185
-0.92767155 -0.12643255 -0.35153797 -376.06042 0.032014247 -0.9645118 0.26236555 33.930786 -0.37224355 0.23215367 0.89864904 -56.079346
-0.9280754 -0.1239849 -0.3491535 -376.83167 0.0301785 -0.96386737 0.26204646 33.955566 -0.36944768 0.23290217 0.8995972 -56.382202
-0.92884266 -0.124844976 -0.35072744 -377.635 0.027732046 -0.96342444 0.2692127 33.985474 -0.37152562 0.24027409 0.8969135 -56.694824
-0.92726064 -0.124612406 -0.35486054 -378.43274 0.023584094 -0.9615212 0.27604878 34.012817 -0.3752417 0.24730164 0.8933205 -57.00232
-0.9244953 -0.12436615 -0.35995427 -379.22314 0.02023486 -0.9597825 0.27954778 34.03833 -0.38042742 0.25129437 0.8900522 -57.30298
-0.925112 -0.12255698 -0.35926384 -380.00684 0.016647432 -0.95864415 0.28407404 34.058228 -0.37939394 0.25685468 0.88890886 -57.618896
-0.9277441 -0.11731298 -0.35548845 -380.7755 0.012198295 -0.9590052 0.28464592 34.071655 -0.374093 0.25953886 0.89033526 -57.903076
-0.9289926 -0.112076834 -0.35260594 -381.56555 0.0072414903 -0.958301 0.2854608 34.072266 -0.36991927 0.26277468 0.8911449 -58.218018
-0.9297943 -0.10413573 -0.35282132 -382.3661 -0.0012880362 -0.9580838 0.28623077 34.07483 -0.36784494 0.26654577 0.89084655 -58.521973
-0.9293507 -0.09558255 -0.35589495 -383.12708 -0.011669577 -0.957427 0.2875174 34.067505 -0.3684223 0.2715948 0.8891338 -58.81372
-0.9295057 -0.08835871 -0.356733 -383.87805 -0.022432534 -0.954786 0.29498085 34.04834 -0.36701825 0.28222755 0.8863611 -59.102417
-0.9319402 -0.075713426 -0.35563827 -384.6869 -0.036297522 -0.9541852 0.29828298 34.02771 -0.36175665 0.29064953 0.8858015 -59.394897
-0.9330128 -0.062115032 -0.35492495 -385.47424 -0.049579427 -0.9536049 0.29741803 33.988525 -0.35657075 0.29489464 0.8864231 -59.687134
-0.93450177 -0.05230755 -0.35542768 -386.1703 -0.06234151 -0.95193493 0.3037878 33.94397 -0.3537842 0.30573505 0.8840331 -59.943237
-0.9352733 -0.041673996 -0.35294273 -386.90613 -0.07403706 -0.94906366 0.30814844 33.886475 -0.34778726 0.31402683 0.88347006 -60.2146
-0.93733007 -0.025307324 -0.34839156 -387.7295 -0.08690301 -0.9494363 0.3026878 33.81848 -0.33835196 0.31394878 0.8871385 -60.493652
-0.94135153 -0.01079624 -0.3398566 -388.42627 -0.09633297 -0.95095515 0.29693368 33.72754 -0.3260491 0.31194696 0.8924412 -60.717285
-0.94346344 0.0035552243 -0.33100617 -389.1576 -0.1065521 -0.94981366 0.29359603 33.625122 -0.31333557 0.3122423 0.89680755 -60.960205
