7.775256021018484009e-01 -6.285005487163652926e-01 2.099996046155202384e-02 -6.595959329033226481e+01 6.275372707239628145e-01 7.776258425746557235e-01 3.866552485582615967e-02 2.571706167458694381e+01 -4.063141553624190216e-02 -1.688517762075678053e-02 9.990315204477973055e-01 -8.832047182901811011e-01 -4.809208017785018303e-24 -1.416202385148814181e-23 -3.430527606006730092e-24 9.999999999999997780e-01
7.494976892016319558e-01 -6.614300839426801026e-01 2.763074260663837128e-02 -6.555871817887552311e+01 6.606767563849103020e-01 7.499844503142668595e-01 3.208656821039335139e-02 2.608867938053115054e+01 -4.194564881044781507e-02 -5.793819326240310340e-03 9.991030948823484970e-01 -8.933099048160990652e-01 -4.809208017785018303e-24 -1.416202385148814181e-23 -3.430527606006730092e-24 9.999999999999997780e-01
7.210538987889780760e-01 -6.927816579676538966e-01 1.161246850603741762e-02 -6.519774958069891113e+01 6.924334301585937101e-01 7.210899638502457076e-01 2.377412108269378113e-02 2.648676190037793887e+01 -2.484390951562314917e-02 -9.101561296713668592e-03 9.996499095893243148e-01 -9.030244123956354674e-01 5.265701904174693306e-19 -1.247808480375692254e-18 3.331548373687102490e-20 9.999999999999996669e-01
6.910648162763484148e-01 -7.226548058917510176e-01 -1.412272022285608261e-02 -6.486610027286974400e+01 7.227890683939799388e-01 6.909920439521667346e-01 1.029358076520289940e-02 2.689894830434565165e+01 2.319981703147038898e-03 -1.732127929339794675e-02 9.998472838231550197e-01 -9.080709835911060512e-01 -4.765303975491537425e-19 -2.510657361961858591e-18 6.777184466953986128e-20 9.999999999999994449e-01
6.562546045041733889e-01 -7.540082500320736125e-01 -2.830994437722568133e-02 -6.452809222889894158e+01 7.540612791337892862e-01 6.567125100699221507e-01 -1.096660516190484796e-02 2.732627879992401532e+01 2.686040539882820696e-02 -1.415054773601836027e-02 9.995390340654966010e-01 -9.272174010368907648e-01 -1.125738133789197178e-18 -4.015381468706451038e-18 8.720101174790466683e-20 9.999999999999991118e-01
6.191241391384399995e-01 -7.847902595797981995e-01 -2.809891109560591280e-02 -6.420275256097117733e+01 7.841091900832454220e-01 6.197589316244437319e-01 -3.273598476794410683e-02 2.777009072487300045e+01 4.310543310405790668e-02 -1.764976033094826490e-03 9.990689698396799656e-01 -9.348920912958689211e-01 -1.118655745938513518e-18 -7.009784758791206510e-18 7.485180281826901475e-20 9.999999999999986677e-01
5.857755818200091058e-01 -8.101581818533012402e-01 -2.259840966934420492e-02 -6.386060358232022338e+01 8.091580278160716011e-01 5.861854510797539497e-01 -4.061899756560152092e-02 2.825206017939163061e+01 4.615467218216064149e-02 5.507932332108763339e-03 9.989191203081400072e-01 -9.698477568199793675e-01 -7.712338518375972694e-19 -1.050838986583688871e-17 5.530111034960049626e-20 9.999999999999984457e-01
5.571927084918655293e-01 -8.302339338579632910e-01 -1.574486183582854068e-02 -6.355618022173133852e+01 8.298836984791767568e-01 5.574149958879857092e-01 -2.411574916363823373e-02 2.876521087752330530e+01 2.879813539153402990e-02 3.707154214361218169e-04 9.995851789457735892e-01 -9.414733632136613739e-01 1.136193863808952722e-18 -1.155256050152654570e-17 1.923153490467204837e-21 9.999999999999983347e-01
5.286088216454526423e-01 -8.488288769211370655e-01 -7.889954588309747510e-03 -6.328001794468585928e+01 8.487890853084431031e-01 5.286631254540028468e-01 -8.508140012185340384e-03 2.927901959893160821e+01 1.139308298357638062e-02 -2.199429471901724002e-03 9.999326778189298048e-01 -8.738405964074948962e-01 2.769474437908919836e-18 -1.407591305982915448e-17 3.376594606621016658e-20 9.999999999999981126e-01
4.989230381870142783e-01 -8.666225433009783208e-01 -6.416339204062888185e-03 -6.301357506848024315e+01 8.666081794699624918e-01 4.989568581733425656e-01 -5.684800572697185951e-03 2.979665267275911233e+01 8.128052780702546207e-03 -2.724174063278385783e-03 9.999632561417824972e-01 -8.690578766065564231e-01 5.327193454502879997e-18 -1.576072860250861236e-17 4.485412167073087859e-20 9.999999999999980016e-01
4.712280454310210920e-01 -8.820008216030422732e-01 -4.322023925984361595e-03 -6.275015638835845522e+01 8.818796187165621747e-01 4.712366837284479582e-01 -1.497751651493366490e-02 3.032041311042054943e+01 1.524687809361964692e-02 3.246321020810860342e-03 9.998784896717388682e-01 -8.633695547636346390e-01 6.051549858257896228e-18 -1.706530884315855604e-17 7.203449736675585712e-20 9.999999999999978906e-01
4.457552651423865031e-01 -8.951385803021830734e-01 -5.400523347951441920e-03 -6.250218084196399815e+01 8.948929951472064381e-01 4.457626718497136320e-01 -2.149808414437492238e-02 3.085757151518663477e+01 2.165111623718133857e-02 4.749993683617136087e-03 9.997543031793861834e-01 -8.590917402441548001e-01 6.701837880088688092e-18 -1.984068592109297095e-17 1.220919667228251760e-19 9.999999999999976685e-01
4.226650381152041724e-01 -9.062674946508639806e-01 -5.787373697806596530e-03 -6.225463951506628035e+01 9.060265107851697142e-01 4.226882104635989457e-01 -2.122824744405006625e-02 3.140875809665360308e+01 2.168472525855687921e-02 3.728924017023271028e-03 9.997579046029834160e-01 -8.550553762529441437e-01 6.341706515872048420e-18 -2.097530320921535652e-17 1.821707050513968464e-19 9.999999999999973355e-01
4.030818687878912621e-01 -9.151506908031150633e-01 -4.921399906582168624e-03 -6.202810146150423520e+01 9.150425782136035746e-01 4.031101643436749149e-01 -1.411649598996303663e-02 3.198813656902516200e+01 1.490258738207633597e-02 1.186813125430298847e-03 9.998882459374842657e-01 -8.450755201931963168e-01 4.724779595734324120e-18 -2.125383035416622558e-17 2.616560336626018127e-19 9.999999999999972244e-01
3.857021286386616565e-01 -9.226209917000089966e-01 -2.091324483471676630e-03 -6.180450138086425227e+01 9.226072512054706021e-01 3.857077980986272081e-01 -5.035326108101582931e-03 3.256449146568906627e+01 5.452337729018166823e-03 1.266486520842520680e-05 9.999851358159814740e-01 -8.427941691372449196e-01 4.355543514065250503e-18 -2.271158956088557570e-17 3.099558396415584052e-19 9.999999999999971134e-01
3.696238661978957230e-01 -9.291802622938037937e-01 1.495894560653701633e-03 -6.157348369729490400e+01 9.291798662904975359e-01 3.696257384176287464e-01 1.260785318210095153e-03 3.316005626795130468e+01 -1.724417964248219255e-03 9.239387640887827130e-04 9.999980863581010571e-01 -8.384850161576451466e-01 3.756282883577351142e-18 -2.284750720856549183e-17 3.478331951817640464e-19 9.999999999999968914e-01
3.555370510969543263e-01 -9.346605462502084460e-01 1.751736436503122324e-03 -6.137157173731500848e+01 9.346552692899243731e-01 3.555410061278395095e-01 3.181281220998134936e-03 3.375659277457597796e+01 -3.596232178899807716e-03 5.062063467593001321e-04 9.999934054128915006e-01 -8.388427852207994695e-01 2.511748314918682873e-18 -2.464900611821362825e-17 3.806390053646409297e-19 9.999999999999967804e-01
3.425256223498582830e-01 -9.395084825177525412e-01 9.649369004814428892e-05 -6.115659691095216743e+01 9.395058704616611189e-01 3.425249088526061136e-01 2.325120129246087321e-03 3.434743617048390263e+01 -2.217521576689133588e-03 -7.057568310470687094e-04 9.999972922490223404e-01 -8.548905526452118542e-01 -5.106975461350720873e-19 -2.484792499999557213e-17 4.048537291552931352e-19 9.999999999999970024e-01
3.305644022228224066e-01 -9.437731784151109915e-01 -4.400418992337144439e-03 -6.096941918566245278e+01 9.437833646581977876e-01 3.305589580190470556e-01 1.932839320444432055e-03 3.497150750238563433e+01 -3.695639918684850761e-04 -4.791970117050660394e-03 9.999884501557405603e-01 -8.493032969815600408e-01 -3.603550532008168477e-18 -2.392979871067673891e-17 4.328042708493836695e-19 9.999999999999970024e-01
3.200968680881912110e-01 -9.473560323776570868e-01 -7.385320426128854331e-03 -6.076496067366732490e+01 9.473847619061549485e-01 3.200898261105799558e-01 2.148517754849039139e-03 3.559925292489858606e+01 3.285546752425932840e-04 -7.684473837868989292e-03 9.999704200193570980e-01 -8.557281918978595359e-01 -7.162133954070335029e-18 -2.278761464620192448e-17 4.690236699975751238e-19 9.999999999999970024e-01
3.118418212867832828e-01 -9.500871116733041744e-01 -9.442389995264768854e-03 -6.057403332625484182e+01 9.501339630276528503e-01 3.118301818986662366e-01 2.718447799482760514e-03 3.622488850760471735e+01 3.616599717351327500e-04 -9.819261139518347531e-03 9.999517244911223512e-01 -8.596603970416596407e-01 -9.164888315161765452e-18 -2.229742898794253781e-17 5.133876599734511164e-19 9.999999999999967804e-01
3.059018371112262047e-01 -9.519975761164933825e-01 -1.116607004727706610e-02 -6.037492316321511510e+01 9.520614035309797885e-01 3.059021296610167084e-01 1.723651792724478164e-03 3.687098959922651176e+01 1.774812278662360075e-03 -1.115805257107113299e-02 9.999361719151022010e-01 -8.547078783529097334e-01 -1.134597346884483158e-17 -2.198075561396643485e-17 5.638642447309762086e-19 9.999999999999965583e-01
3.012751852961212395e-01 -9.534510601308795463e-01 -1.281946411095452078e-02 -6.017770308607127561e+01 9.535347522056212277e-01 3.012778652115321587e-01 1.767560401624015563e-03 3.751695299604505607e+01 2.176938441729126591e-03 -1.275632662196980738e-02 9.999162650293114130e-01 -8.594851119049370380e-01 -1.294707751548390403e-17 -2.228505590846946610e-17 6.280641144670577807e-19 9.999999999999963363e-01
2.976249528173777192e-01 -9.545984283535415837e-01 -1.269756060838709254e-02 -5.997038590336435249e+01 9.546793361826668711e-01 2.976337268505855338e-01 1.236813195536078016e-03 3.817357019847172239e+01 2.598562353158426989e-03 -1.249020520171986205e-02 9.999186178123452562e-01 -8.648924824283895640e-01 -1.410238812216654913e-17 -2.250955159095824831e-17 6.820620486797089582e-19 9.999999999999962252e-01
2.953802290095577376e-01 -9.553058481286351711e-01 -1.188515214423757800e-02 -5.976313794927726519e+01 9.553705725584812347e-01 2.954091365305691053e-01 -7.149430540016745534e-04 3.883411887825786124e+01 4.193971813029028113e-03 -1.114354456596532671e-02 9.999291134950393234e-01 -8.694460563257712105e-01 -1.575567343721062232e-17 -1.915879475047491193e-17 7.389577050299887732e-19 9.999999999999960032e-01
2.948563622865861267e-01 -9.554787102639900054e-01 -1.096174490598506718e-02 -5.956634670663822106e+01 9.555285072501087384e-01 2.948929483797185780e-01 -1.849548140331661343e-03 3.950384387691448751e+01 4.999745146406191741e-03 -9.928908710340311056e-03 9.999382077510252653e-01 -8.651201384650292203e-01 -1.687705153131363248e-17 -1.737336712359278501e-17 7.656588660500823554e-19 9.999999999999956701e-01
2.944691607599319583e-01 -9.556003345605773580e-01 -1.076633405818856748e-02 -5.936709224334658330e+01 9.556495316886952640e-01 2.945020947839680492e-01 -1.577577592676129240e-03 4.017761789783094883e+01 4.678241608635707455e-03 -9.824294150962753491e-03 9.999407968974606264e-01 -8.639490306097679095e-01 -1.836786441693312109e-17 -1.673062037663634100e-17 7.746694847118044645e-19 9.999999999999953371e-01
2.935637474797059832e-01 -9.558643064215204266e-01 -1.198974040479322718e-02 -5.915536177222971048e+01 9.559347222449262604e-01 2.935788404010283292e-01 5.208409865927489651e-04 4.086906053611276946e+01 3.022080776341742533e-03 -1.161430919550941569e-02 9.999279848317765840e-01 -8.626746988240802105e-01 -2.033209936743275003e-17 -1.427238166200894055e-17 7.721584357223197570e-19 9.999999999999954481e-01
2.929556147712839009e-01 -9.560689828051091022e-01 -1.044547231962563924e-02 -5.894796696299169270e+01 9.561257801160083503e-01 2.929299693452181996e-01 3.940261031395853389e-03 4.156281696805486803e+01 -7.073694698905496573e-04 -1.114150696309334186e-02 9.999376812837249551e-01 -8.644678836782233589e-01 -2.299616320007824494e-17 -1.173748047347921477e-17 7.840159352184774711e-19 9.999999999999955591e-01
2.922458146665544709e-01 -9.563198581759624339e-01 -6.686753187181779766e-03 -5.872784242386963172e+01 9.563391258440220311e-01 2.922169174715830708e-01 4.974889278120349367e-03 4.226294448603201204e+01 -2.803603004643335193e-03 -7.848694267723463000e-03 9.999652683011219789e-01 -8.729308698960670521e-01 -2.563197462661702071e-17 -8.878907770333158177e-18 7.591058508256478848e-19 9.999999999999956701e-01
2.918641601860260115e-01 -9.564578392466873691e-01 -1.927107278098214331e-03 -5.850839243188627847e+01 9.564586576200420076e-01 2.918601375088172856e-01 2.120470946138605997e-03 4.296374587842897341e+01 -1.465695264150994196e-03 -2.462087912192392758e-03 9.999958949218531457e-01 -8.789463470275182821e-01 -2.799635015253897920e-17 -1.973736133088422770e-18 7.299015053155600043e-19 9.999999999999961142e-01
2.914239694655370583e-01 -9.565939818544199058e-01 -1.545990112629385543e-04 -5.828502253105643405e+01 9.565896106917842756e-01 2.914231194593100982e-01 -2.980295485024134130e-03 4.368546874973031180e+01 2.895986451247539901e-03 7.206417324295420930e-04 9.999955469590960933e-01 -8.786378807778776334e-01 -3.107786404443117834e-17 4.365830830716080188e-18 6.875672901786627811e-19 9.999999999999966693e-01
2.910996697737979200e-01 -9.566851847877912984e-01 -3.799929622392705583e-03 -5.806387124099902763e+01 9.566712906103285174e-01 2.911174415490093703e-01 -5.538677455996825899e-03 4.440729951013693722e+01 6.404996455205296674e-03 -2.022976397657229308e-03 9.999774415390370041e-01 -8.778190210642048408e-01 -3.316031810366415104e-17 8.549762978039562341e-18 6.384147470226186468e-19 9.999999999999973355e-01
2.908442195421666043e-01 -9.567238925220821200e-01 -9.435753086267666470e-03 -5.785423274224500290e+01 9.567198349081583730e-01 2.909161112817225670e-01 -7.414424459228009974e-03 4.514622832414225684e+01 9.838569624312513279e-03 -6.870929639727744315e-03 9.999279938444014526e-01 -8.778392323339213599e-01 -3.485746839458207858e-17 1.049194804508047955e-17 6.013042243347760622e-19 9.999999999999978906e-01
2.901729359682805320e-01 -9.569375358405211029e-01 -8.379721416757739128e-03 -5.762632345349729945e+01 9.569232783060492853e-01 2.902367174809804551e-01 -7.777355714201462412e-03 4.587881607920029126e+01 9.874546449905154469e-03 -5.761972347753593036e-03 9.999346443678849283e-01 -8.785251678490617611e-01 -3.567713911448693681e-17 1.190318356867326567e-17 5.651369007899260354e-19 9.999999999999982236e-01
2.897553014064471744e-01 -9.570929133893495422e-01 -3.875622111510322251e-03 -5.738684058295309143e+01 9.570635284864272840e-01 2.897773710680357495e-01 -7.647068591705157882e-03 4.662499823515351238e+01 8.442022744046749974e-03 -1.493437908454658307e-03 9.999632502723578842e-01 -8.830187569665123304e-01 -3.780545777021691634e-17 1.445585959905260542e-17 5.402930607564045298e-19 9.999999999999982236e-01
2.899676275228756928e-01 -9.570273337514643153e-01 -4.178210301804561287e-03 -5.715473615781250771e+01 9.570230829436155995e-01 2.899838909034124779e-01 -4.020165376768520052e-03 4.738754044817066813e+01 5.059021832095254162e-03 -2.832925887666193614e-03 9.999831902732527755e-01 -8.772264242488176933e-01 -3.933880831025096186e-17 1.719244604517853260e-17 4.873129688536899252e-19 9.999999999999981126e-01
2.911697297675234219e-01 -9.566563253985430615e-01 -5.372480067504443665e-03 -5.693478286055226789e+01 9.566712958561019997e-01 2.911623490669810743e-01 2.125598938574808396e-03 4.815713978251961436e+01 -4.692037530816982522e-04 -5.758607536676854655e-03 9.999833090042707928e-01 -8.742919598750267252e-01 -4.113215391263435263e-17 1.913520271930432929e-17 4.230280806348706738e-19 9.999999999999977796e-01
2.908705220362884369e-01 -9.567328406062524104e-01 -7.524035874674983582e-03 -5.670176463011468115e+01 9.567490280656972823e-01 2.908158374086442510e-01 7.579314460981759899e-03 4.893884599364128007e+01 -5.063270260520914660e-03 -9.403213164166661711e-03 9.999429698120346766e-01 -8.793749695036934266e-01 -4.214870354553021530e-17 2.060965612877825994e-17 3.554606418575093011e-19 9.999999999999973355e-01
2.909078093071013615e-01 -9.567443946543991995e-01 -3.579075515992974615e-03 -5.644854017041071614e+01 9.567189957243747989e-01 2.908653754430779448e-01 9.278824739604184940e-03 4.973090535342920049e+01 -7.836434414902783765e-03 -6.123452111222228191e-03 9.999505455921086083e-01 -9.013604285457691434e-01 -4.273768664415458204e-17 2.239801302269525588e-17 2.839587605379794830e-19 9.999999999999967804e-01
2.904999195840150539e-01 -9.568709783710912520e-01 2.779833241991408466e-03 -5.620707316321919222e+01 9.568384955581997753e-01 2.905129878007439159e-01 7.892866212852412897e-03 5.050598584785812761e+01 -8.360032275967523019e-03 3.669744570516530894e-04 9.999649869821168879e-01 -9.108728467822205799e-01 -4.471811461390430940e-17 2.435968753796141409e-17 2.177097878215564154e-19 9.999999999999965583e-01
2.895390811287061883e-01 -9.571649594004318917e-01 1.536553005089885508e-03 -5.597281083560066151e+01 9.571457582304015999e-01 2.895430163579961191e-01 6.069528804784968083e-03 5.130592581625984394e+01 -6.254438483904177330e-03 -2.866606019005609645e-04 9.999803997204156358e-01 -9.123375021940264284e-01 -4.779409738973247824e-17 2.318350130150132317e-17 1.496624232008856091e-19 9.999999999999961142e-01
2.899295933656032553e-01 -9.570242673640552145e-01 -6.736658457635804655e-03 -5.573789941221538413e+01 9.570435581779836998e-01 2.898996811081832048e-01 5.079630247184203570e-03 5.210454407149886435e+01 -2.908374277193316506e-03 -7.920010712535650171e-03 9.999644067612748488e-01 -9.179843807672866118e-01 -5.227640579139593676e-17 2.226785257192039716e-17 7.533053416053432129e-20 9.999999999999956701e-01
2.892832226338835078e-01 -9.572044620097606149e-01 -8.650723159824130412e-03 -5.549276430677822702e+01 9.572427241756142902e-01 2.892830418504791501e-01 1.299503995437125987e-03 5.291148669356576306e+01 1.258616487043262002e-03 -8.656766507220917811e-03 9.999617374071015918e-01 -9.312055379601810179e-01 -5.690374442434330039e-17 2.061752435142215714e-17 5.865177383170411766e-21 9.999999999999951150e-01
2.886117876445821739e-01 -9.574156760323903059e-01 -7.645869477753870769e-03 -5.525189886785717164e+01 9.574299137057314946e-01 2.886442596000406979e-01 -3.528702513998458259e-03 5.370689183202232897e+01 5.585371437356482192e-03 -6.301959013656203111e-03 9.999645438407041009e-01 -9.327028645956645381e-01 -6.083506048122721123e-17 1.699536008387283081e-17 -6.787782554407364954e-20 9.999999999999944489e-01
2.890754292328483466e-01 -9.572591071175715616e-01 -9.507789140919667425e-03 -5.500875494283581446e+01 9.572821081797866505e-01 2.891245007788649235e-01 -4.241274370941508151e-03 5.452772440993240366e+01 6.808933306241529183e-03 -7.875588223670010671e-03 9.999458053001732960e-01 -9.304535391230658314e-01 -6.386566133762999261e-17 1.154292281437449930e-17 -1.246300876584647572e-19 9.999999999999935607e-01
2.890709168565630538e-01 -9.571856720530911300e-01 -1.528379023721211129e-02 -5.476940114215067723e+01 9.572931569947094044e-01 2.891176457244230003e-01 -8.935893498210228155e-04 5.535210893335263194e+01 5.274144373470609180e-03 -1.437275711437486364e-02 9.998827967587539112e-01 -9.266735057734842851e-01 -6.595382065685354435e-17 6.547923376676919898e-18 -1.946000444016063025e-19 9.999999999999927836e-01
2.891612968464730704e-01 -9.572043341443710052e-01 -1.206677675837104433e-02 -5.452482584727359693e+01 9.572803861575989171e-01 2.891372455048155099e-01 3.730353857899692312e-03 5.618224969202073282e+01 -8.175628664315151063e-05 -1.262996267417242774e-02 9.999202354982151819e-01 -9.283176214246088298e-01 -6.719556965637853382e-17 2.495151062313011587e-18 -3.058603122864511216e-19 9.999999999999921174e-01
2.881544963419980787e-01 -9.575680166993107978e-01 -5.520836211986956954e-03 -5.426879004336405643e+01 9.575686172077029212e-01 2.881124924066495452e-01 7.316765557060096216e-03 5.700711797772319045e+01 -5.415678801929936677e-03 -7.394938391284543167e-03 9.999579917723295797e-01 -9.361721977292124519e-01 -6.836650983071778553e-17 -1.034569798380166015e-18 -4.786081060306917570e-19 9.999999999999913403e-01
2.877967933944434731e-01 -9.576538590390561989e-01 -8.490699589776877498e-03 -5.401196925079031530e+01 9.576585860087112323e-01 2.877020910951301746e-01 1.084156000530346262e-02 5.785235942245662955e+01 -7.939669750249523858e-03 -1.125135756828460169e-02 9.999051798031518556e-01 -9.503327362925694244e-01 -6.971783128964822096e-17 -4.784314681055848122e-18 -6.323039177840951164e-19 9.999999999999905631e-01
2.879853412975909022e-01 -9.575791064949794595e-01 -1.032947249544271910e-02 -5.376375248701388898e+01 9.576083415229753593e-01 2.878804188362582006e-01 1.054175964167448735e-02 5.867188047577663923e+01 -7.120915910220397549e-03 -1.292746127344683409e-02 9.998910807191287997e-01 -9.602283139080139973e-01 -7.198710795549002752e-17 -8.485474993372395799e-18 -8.133804625733756835e-19 9.999999999999900080e-01
2.862861296735554339e-01 -9.581249362363912780e-01 -6.071121691818374792e-03 -5.351332449585385120e+01 9.581405650370302673e-01 2.862619218645943708e-01 4.557380933949519916e-03 5.950765587970747816e+01 -2.628609353378153195e-03 -7.121702917229750206e-03 9.999711854650951137e-01 -9.568477826540036091e-01 -7.367657319634409645e-17 -1.555595865991717293e-17 -1.003839431263837985e-18 9.999999999999893419e-01
2.860067071575174702e-01 -9.582136993871399611e-01 -5.164278049994812554e-03 -5.326150418240678874e+01 9.582247976206038631e-01 2.860147830217422693e-01 -8.838088306238019772e-04 6.034249189276642511e+01 2.323937595069645347e-03 -4.695764035903043400e-03 9.999862744629111067e-01 -9.606976842030452435e-01 -7.614144745390794338e-17 -2.452255409498356778e-17 -1.143894527155690720e-18 9.999999999999885647e-01
2.858172646872259026e-01 -9.582532005934417674e-01 -7.700309032212742689e-03 -5.301515983619731287e+01 9.582756637085352303e-01 2.858393048069313158e-01 -1.908971327493889404e-03 6.119291296066835173e+01 4.030328864971713734e-03 -6.833401785407208252e-03 9.999685300394788312e-01 -9.682998051226960889e-01 -7.831861408257927023e-17 -3.753224981876398174e-17 -1.249223446002454813e-18 9.999999999999875655e-01
2.851328492791626590e-01 -9.584641578677101093e-01 -6.761386318212238115e-03 -5.276156291172399193e+01 9.584876578826905247e-01 2.851316661198217139e-01 1.158733085687388940e-03 6.203382850563791351e+01 8.172812150180577178e-04 -6.811098202452463453e-03 9.999764702195378385e-01 -9.706756652635327720e-01 -7.993173983516114770e-17 -4.961985047917807111e-17 -1.373197819473263034e-18 9.999999999999865663e-01
2.844575290405874091e-01 -9.586863309150835954e-01 -2.105490146375634929e-03 -5.250611384208328758e+01 9.586824856085132129e-01 2.844471446957552163e-01 4.208760148918613310e-03 6.288594405438808366e+01 -3.435980164553651458e-03 -3.215710039230376422e-03 9.999889265633310487e-01 -9.735032899210247503e-01 -8.209782013947789607e-17 -5.936946523051101284e-17 -1.519016234227229954e-18 9.999999999999856781e-01
2.836570185828223845e-01 -9.589242884275344103e-01 1.704368654878010052e-03 -5.225379819400001224e+01 9.589012772421313668e-01 2.836620275256880874e-01 6.647905196635469152e-03 6.373862985760202804e+01 -6.858302428518244474e-03 -2.514036878376089512e-04 9.999764499647043614e-01 -9.855219235099845765e-01 -8.343340146828133603e-17 -7.079969235781683737e-17 -1.651680979496271971e-18 9.999999999999847899e-01
2.834493716197686863e-01 -9.589739485997978985e-01 -5.041788902204818838e-03 -5.201495899564020675e+01 9.589805666811734852e-01 2.834239355920610270e-01 5.210130655070442651e-03 6.460376821605358089e+01 -3.567415913933428499e-03 -6.311785838752225972e-03 9.999737171062288432e-01 -9.674016982271510523e-01 -8.442003631210452185e-17 -7.968071037906530625e-17 -1.757743485161763881e-18 9.999999999999841238e-01
2.834687967403245468e-01 -9.589730009277259715e-01 -4.027997806684593431e-03 -5.176245436794948773e+01 9.589811870012669992e-01 2.834693867080473328e-01 4.356341199749349993e-04 6.544336305944082710e+01 7.240527085764107479e-04 -3.986262797693520578e-03 9.999917926946225721e-01 -9.771879119140385317e-01 -8.606780867798979262e-17 -8.729649537452114268e-17 -1.903573313814895596e-18 9.999999999999837907e-01
2.830983715443388671e-01 -9.590862692446899818e-01 -2.973243231746100154e-03 -5.151104809705747556e+01 9.590808217025196258e-01 2.831082390595550669e-01 -3.701677876437992065e-03 6.629724091138847086e+01 4.391978080086906232e-03 -1.803641583015345561e-03 9.999887286392794561e-01 -9.865834808873317208e-01 -8.777754592409420041e-17 -9.333319588145443671e-17 -2.034442917123572082e-18 9.999999999999835687e-01
2.835702107688691798e-01 -9.589379464113488849e-01 -5.094163028049529356e-03 -5.125610970472170180e+01 9.589497325125235783e-01 2.835758269288702893e-01 -4.011182509197626735e-04 6.715557140215827303e+01 1.829229004987626772e-03 -4.771301086158499967e-03 9.999869442183767498e-01 -9.940196484212038275e-01 -8.855850985475563312e-17 -9.830142172899591554e-17 -2.153506525315442820e-18 9.999999999999834577e-01
2.840382610456265167e-01 -9.588023997238329654e-01 -4.497170896288637046e-03 -5.101039106462269501e+01 9.588039193448243402e-01 2.840121096264294764e-01 5.671493157387090013e-03 6.801766261191684748e+01 -4.160590255721781892e-03 -5.922826135272809406e-03 9.999738044665503756e-01 -9.875081406284025309e-01 -8.955809092889864862e-17 -1.035243719057058247e-16 -2.297023035785834612e-18 9.999999999999830136e-01
2.831705586342765368e-01 -9.590636565764920629e-01 -3.367099190117038131e-03 -5.076111844363238390e+01 9.590362392280042947e-01 2.831297050605064425e-01 9.330699858209577646e-03 6.887120580013584004e+01 -7.995409323832363899e-03 -5.871349635686335701e-03 9.999507991312415189e-01 -9.791184457370584182e-01 -9.036400347648478813e-17 -1.070600706146923074e-16 -2.444282649792421038e-18 9.999999999999825695e-01
2.832347644645004658e-01 -9.590441115993104670e-01 -3.529901628318822971e-03 -5.051143287124861558e+01 9.590088116660454576e-01 2.831861405040052015e-01 1.037829337676363615e-02 6.972178093805523247e+01 -8.953621932960443425e-03 -6.324700245973594731e-03 9.999399136053557235e-01 -9.874413835267902284e-01 -9.143768330961380034e-17 -1.094025173347722483e-16 -2.597395314853281300e-18 9.999999999999821254e-01
2.835743715836370749e-01 -9.589401238450547815e-01 -4.406207105244174145e-03 -5.025607510906905162e+01 9.588968452381186891e-01 2.835070962277984052e-01 1.185607780657609890e-02 7.058821440290861915e+01 -1.012007773837629403e-02 -7.587177906120815170e-03 9.999200061794909500e-01 -1.006630240105216956e+00 -9.264502497936209968e-17 -1.116885181400254259e-16 -2.750068599855774913e-18 9.999999999999817923e-01
2.836994510644653134e-01 -9.588860388923279299e-01 -7.223979732857392991e-03 -5.001424459927338972e+01 9.588634196169809609e-01 2.835998575531094024e-01 1.233139555673173904e-02 7.144409090081440183e+01 -9.775683416211792751e-03 -1.042522006018434949e-02 9.998978701849715600e-01 -1.019074202366695658e+00 -9.429592631709628597e-17 -1.137722450143175177e-16 -2.909375489920332981e-18 9.999999999999811262e-01
2.838219839939904454e-01 -9.588311211726944228e-01 -9.378831084327141424e-03 -4.976477068050638763e+01 9.588575413557461902e-01 2.837403550688484821e-01 9.144741150438598712e-03 7.229206313849401511e+01 -6.107109548119130267e-03 -1.158844149072665516e-02 9.999142019377359469e-01 -1.026883843577824695e+00 -9.549817502791253110e-17 -1.181155412247674444e-16 -3.098331556463492689e-18 9.999999999999802380e-01
2.838337383130931646e-01 -9.588242209400877902e-01 -9.722259713079977467e-03 -4.951188226580171658e+01 9.588709877048645636e-01 2.838416596655123914e-01 5.841030022344443880e-04 7.313276679077546305e+01 2.199530226585869313e-03 -9.488180912476867207e-03 9.999525671199346322e-01 -1.022594773902987919e+00 -9.696891720503370186e-17 -1.246856015066305424e-16 -3.291087077770807553e-18 9.999999999999793499e-01
2.835152068274696679e-01 -9.589257073729565706e-01 -8.978598829074974433e-03 -4.926381742567177469e+01 9.589298281312712557e-01 2.835748255173438648e-01 -6.237231199218457901e-03 7.397151336061621407e+01 8.527145936096616752e-03 -6.841496338535532802e-03 9.999402390693277187e-01 -1.019396500477007805e+00 -9.796857225519833266e-17 -1.334337045356046891e-16 -3.479303127501186597e-18 9.999999999999781286e-01
2.836663888352156659e-01 -9.588734694897356192e-01 -9.749325822274909278e-03 -4.900717706410830488e+01 9.588879151193265837e-01 2.837283489754252042e-01 -5.673643087670807161e-03 7.482762642577561962e+01 8.206465951290861649e-03 -7.739088865308484458e-03 9.999363781861887457e-01 -1.016533561193207369e+00 -1.000597997892283513e-16 -1.411237723262764595e-16 -3.653902109772429387e-18 9.999999999999770184e-01
2.838920223174081214e-01 -9.588197592256179069e-01 -8.365941856485616807e-03 -4.875882730258986442e+01 9.588539929723657318e-01 2.838995024713322768e-01 3.043970691196662415e-04 7.568503345778181313e+01 2.083224806229514846e-03 -8.108132653592999700e-03 9.999649585656811279e-01 -1.011450644377704489e+00 -1.024196646054869457e-16 -1.482839474455152703e-16 -3.842020795780386625e-18 9.999999999999757971e-01
2.835396701123298890e-01 -9.589334022168658489e-01 -7.210103013510678512e-03 -4.850786420205941596e+01 9.589460202140532852e-01 2.834860435642052034e-01 7.628461184070443359e-03 7.654686764041534275e+01 -5.271222659938496098e-03 -9.077070957722213618e-03 9.999449089797310952e-01 -1.008950581801714153e+00 -1.043418374576612311e-16 -1.538749117588032802e-16 -4.022656509020981743e-18 9.999999999999746869e-01
2.831855455341920069e-01 -9.590415037596737857e-01 -6.733562725255866875e-03 -4.825735181284778719e+01 9.590210859317850334e-01 2.830982620075622180e-01 1.157284695359407471e-02 7.739971279445703090e+01 -9.192580640525945326e-03 -9.734891614888220926e-03 9.999103601555472398e-01 -1.018496514815196763e+00 -1.055991233419966311e-16 -1.588730034527297808e-16 -4.205625782774264317e-18 9.999999999999733546e-01
2.831848275845819662e-01 -9.590413197145162272e-01 -6.789735357207530783e-03 -4.800362419971767025e+01 9.590211857655819294e-01 2.830967463782613214e-01 1.160161380640432199e-02 7.825403136383337710e+01 -9.204275027326836583e-03 -9.796901058759100236e-03 9.999096469435860834e-01 -1.024977714119846617e+00 -1.058457903300752199e-16 -1.651313512345534491e-16 -4.387773278080337683e-18 9.999999999999720224e-01
2.838191300594467559e-01 -9.588266286989340914e-01 -9.909465688345405962e-03 -4.775953208964357799e+01 9.588578337477969837e-01 2.837313055255111793e-01 9.391534771481826332e-03 7.909981329615497714e+01 -6.193227986443895251e-03 -1.216726603227565907e-02 9.999067964387419183e-01 -1.031756585627291667e+00 -1.059855336709134900e-16 -1.726595932739642074e-16 -4.557437059096931308e-18 9.999999999999704681e-01
2.842763500971000612e-01 -9.586604413695477556e-01 -1.253454940192076303e-02 -4.750761960661142780e+01 9.587346443558485420e-01 2.841972302178978338e-01 7.734083554696506713e-03 7.995083367243989869e+01 -3.852075732088842616e-03 -1.421592380727193863e-02 9.998915286284002502e-01 -1.038014134106320929e+00 -1.068055625318549447e-16 -1.836247869144725682e-16 -4.754956305132154290e-18 9.999999999999689138e-01
2.835048286078333812e-01 -9.588890488843844206e-01 -1.252214381558418299e-02 -4.726304788342127239e+01 9.589662846981367172e-01 2.834392102524721513e-01 6.773396769433155315e-03 8.080281283676023918e+01 -2.945669432211263893e-03 -1.392860442148272614e-02 9.998986533696517798e-01 -1.044493499542310744e+00 -1.074067159501051627e-16 -1.952213075998869052e-16 -5.001110317557824046e-18 9.999999999999673594e-01
2.823789160919867869e-01 -9.592206944511268984e-01 -1.256212894006878723e-02 -4.700449662661510786e+01 9.592936826031732700e-01 2.822944196647622639e-01 8.092659875771119130e-03 8.166404059350701061e+01 -4.216427927113661038e-03 -1.433596745626081886e-02 9.998883446528438190e-01 -1.049725837421711327e+00 -1.071473409468934462e-16 -2.055521863187582091e-16 -5.214216746323467013e-18 9.999999999999659162e-01
2.824989398230347004e-01 -9.591741154349382459e-01 -1.339273230378556709e-02 -4.675938028799933477e+01 9.592328300454439072e-01 2.823422758162761337e-01 1.245861348543940601e-02 8.251975363284623199e+01 -8.168645051403954430e-03 -1.636629361108757341e-02 9.998326948402089798e-01 -1.055299305782708252e+00 -1.077850853719421800e-16 -2.162576020851684462e-16 -5.409145372403607592e-18 9.999999999999643618e-01
2.819767659956350925e-01 -9.593321845553806071e-01 -1.307146185172688643e-02 -4.651138962280907663e+01 9.593750339044556652e-01 2.818033148030597013e-01 1.365416005891960730e-02 8.337046167245537731e+01 -9.415293918464977610e-03 -1.639059005296669008e-02 9.998213344383674039e-01 -1.060151682564661746e+00 -1.087413258723948666e-16 -2.254788160225609819e-16 -5.648469586032543135e-18 9.999999999999626965e-01
2.812769640937431426e-01 -9.595538859284024058e-01 -1.181564513724563809e-02 -4.625145792769861686e+01 9.595850212594551065e-01 2.811287879089570674e-01 1.277464611687482293e-02 8.422919787055514007e+01 -8.936243327022740449e-03 -1.493132976732880306e-02 9.998485880104809320e-01 -1.066227465474210323e+00 -1.099530870881789516e-16 -2.322276358972797399e-16 -5.927601983023883318e-18 9.999999999999611422e-01
2.805383133507380888e-01 -9.597458943379422180e-01 -1.364085935304671857e-02 -4.601197646011414122e+01 9.598138168576968443e-01 2.803910100626051949e-01 1.176088624247920503e-02 8.507618953821079799e+01 -7.462687952884218545e-03 -1.639206447082599410e-02 9.998377910995733808e-01 -1.076976866593034599e+00 -1.112949209069440462e-16 -2.411316950183778224e-16 -6.139084605083240397e-18 9.999999999999596989e-01
2.799851215148581041e-01 -9.599102203160569946e-01 -1.344249467901237512e-02 -4.576480242535534160e+01 9.599793314053856053e-01 2.798493088848956201e-01 1.113766542814435996e-02 8.593394459530414053e+01 -6.929286029338466331e-03 -1.602289766265363458e-02 9.998476142620872364e-01 -1.088464837077905978e+00 -1.116445685597970978e-16 -2.475093533438608012e-16 -6.359892292995585478e-18 9.999999999999584777e-01
2.783565760932673605e-01 -9.604269513763598054e-01 -9.883704551111293854e-03 -4.551024238815031708e+01 9.604623951061398435e-01 2.782790780148151621e-01 8.528911200887489066e-03 8.677541712058098256e+01 -5.440967993386901930e-03 -1.186700506534821113e-02 9.999147813979178956e-01 -1.096320581834960839e+00 -1.099821063861750107e-16 -2.579858174221812787e-16 -6.634020693963658278e-18 9.999999999999571454e-01
2.769272542144955995e-01 -9.607857279214981894e-01 -1.421551601908407382e-02 -4.527461863339211590e+01 9.608902743321807716e-01 2.768800709905400725e-01 5.225608305957692851e-03 8.762810639764283849e+01 -1.084696795554138419e-03 -1.510666444710444430e-02 9.998852994829536822e-01 -1.095215596529816260e+00 -1.084355703487690035e-16 -2.683074610271954364e-16 -6.870480114000845792e-18 9.999999999999560352e-01
2.759654408071225973e-01 -9.609308974734787068e-01 -2.132805103751440196e-02 -4.504563758629407744e+01 9.611586782865967349e-01 2.759903274157164410e-01 1.826014072259089273e-03 8.847738707281669690e+01 4.131662447714455275e-03 -2.100355812400152983e-02 9.997708637040393365e-01 -1.105520227589251503e+00 -1.071200639925405895e-16 -2.800258420475838785e-16 -7.174116376582184306e-18 9.999999999999545919e-01
2.750088177644131604e-01 -9.611722209178150678e-01 -2.276207125570186077e-02 -4.480608557771598299e+01 9.614276625058104653e-01 2.750556721207138566e-01 1.107701627586498393e-03 8.933004777965204823e+01 5.196144774581580063e-03 -2.218871267618250168e-02 9.997402968317448124e-01 -1.109307236592718127e+00 -1.062172725237244754e-16 -2.907099279820513611e-16 -7.538783993342960368e-18 9.999999999999533706e-01
2.740764222094042579e-01 -9.614633428003636073e-01 -2.168767484445689731e-02 -4.456336231554075056e+01 9.617052370445803300e-01 2.740591824484499006e-01 3.821198342304445248e-03 9.018252495450200001e+01 2.269764305370372721e-03 -2.190445084742938947e-02 9.997574921965025618e-01 -1.092535289291100220e+00 -1.058305551520600364e-16 -2.974679838401849434e-16 -7.830366978573160656e-18 9.999999999999523714e-01
2.733678766277155003e-01 -9.617274905340406077e-01 -1.871464611656812813e-02 -4.432716349298136294e+01 9.619074865119289219e-01 2.732751350201237384e-01 7.395131647809930799e-03 9.103343279125415677e+01 -1.997853957472848791e-03 -2.002334964287606073e-02 9.997975165245273077e-01 -1.085775154778861884e+00 -1.041198504883017879e-16 -3.063299715513470797e-16 -8.150166718495569049e-18 9.999999999999514833e-01
2.723232894616351984e-01 -9.620092647244484763e-01 -1.944738031817852542e-02 -4.409730636860653874e+01 9.621961700370025294e-01 2.721744499746828194e-01 9.979937231788141988e-03 9.189424970334646048e+01 -4.307712036815156825e-03 -2.142996419496898813e-02 9.997610715823950223e-01 -1.088896470595545063e+00 -1.035762729839070915e-16 -3.121332084292620929e-16 -8.375085203625801828e-18 9.999999999999505951e-01
2.716738953299659975e-01 -9.622257782577455787e-01 -1.774390747946416255e-02 -4.385557747914719329e+01 9.623752239610170456e-01 2.715237662852703071e-01 1.042941265305147650e-02 9.274246373301454582e+01 -5.217557119427984266e-03 -1.990969609593423728e-02 9.997881681131474130e-01 -1.094912367931269115e+00 -1.030112975816905498e-16 -3.162388872275587418e-16 -8.578224798497409867e-18 9.999999999999498179e-01
2.697278917760738137e-01 -9.628347327573323344e-01 -1.400506316567798337e-02 -4.362734640973065581e+01 9.629150331232958493e-01 2.695960222313831256e-01 1.061243526323520613e-02 9.359519486491295481e+01 -6.442311950032091235e-03 -1.634815565221803962e-02 9.998456052928776927e-01 -1.111990589439022958e+00 -1.023996923228325062e-16 -3.240242065133897793e-16 -8.827818010840973960e-18 9.999999999999488187e-01
2.691471736097539313e-01 -9.629921722936026773e-01 -1.434834622020467014e-02 -4.339828426236446290e+01 9.630631656908174021e-01 2.689786503086635805e-01 1.264217416997334177e-02 9.444450305019255154e+01 -8.314915966001749925e-03 -1.722096917937151334e-02 9.998171334764044405e-01 -1.115505256253040978e+00 -1.004993936970173202e-16 -3.305472357941376174e-16 -9.044924308446232637e-18 9.999999999999479305e-01
2.686534228993849305e-01 -9.630474189490385584e-01 -1.910516213400280383e-02 -4.318512002614019707e+01 9.631997422618480131e-01 2.684159790865163209e-01 1.411094177451728202e-02 9.529810646132567342e+01 -8.461375255101438383e-03 -2.219304005138322822e-02 9.997178972600443414e-01 -1.111744551014840265e+00 -1.013033447083214078e-16 -3.359618896114645029e-16 -9.242799734567073040e-18 9.999999999999468203e-01
2.681148225455352030e-01 -9.630997381976060812e-01 -2.352309960883410683e-02 -4.297364262681890779e+01 9.633590950748032178e-01 2.678414107059443050e-01 1.415035857241529922e-02 9.614975918316788750e+01 -7.327746453106465108e-03 -2.645511283010273940e-02 9.996231445585085362e-01 -1.119432985355559351e+00 -1.035180173278405154e-16 -3.441257336478538150e-16 -9.498846132937275646e-18 9.999999999999454880e-01
2.686404887995390567e-01 -9.628888282657118713e-01 -2.602675889846028587e-02 -4.273932644614219356e+01 9.632270040838816216e-01 2.683955339947789454e-01 1.255292536676702077e-02 9.699773827156019479e+01 -5.101605745025441889e-03 -2.844190100615288236e-02 9.995824287601068336e-01 -1.129676158826866672e+00 -1.044150924599258411e-16 -3.544402794554383674e-16 -9.863213227079292133e-18 9.999999999999442668e-01
2.701574751219006920e-01 -9.624174782684983276e-01 -2.770444295043524713e-02 -4.250233578183836158e+01 9.628042310215265687e-01 2.698990935846863337e-01 1.274723535602603763e-02 9.784190723598783279e+01 -4.790758065668417748e-03 -3.011771580932507200e-02 9.995348777464251322e-01 -1.142127434794404151e+00 -1.056817855429822648e-16 -3.648200988963033384e-16 -1.032408112406906997e-17 9.999999999999429345e-01
2.712750351361085110e-01 -9.621308576268816637e-01 -2.672205295620163137e-02 -4.225481174404354334e+01 9.624709917638781809e-01 2.709393712998936499e-01 1.553856790954472045e-02 9.869336201975545464e+01 -7.710079441326128311e-03 -2.993442636633131607e-02 9.995221282158310849e-01 -1.154960902929482947e+00 -1.064171325391644272e-16 -3.765710437127793562e-16 -1.082637876050648904e-17 9.999999999999417133e-01
