1.000000000000000000e+00 4.398956837314658088e-19 2.733407509747682871e-20 -8.673617379884035472e-19 -5.583667658079949532e-19 1.000000000000000000e+00 -6.100159232558060012e-19 0.000000000000000000e+00 4.145284534913582806e-20 -2.210423569125054137e-19 1.000000000000000222e+00 0.000000000000000000e+00
9.998962880164977696e-01 3.320473764406581328e-04 1.439801970342584163e-02 -8.523240045112719099e-02 -3.277837962667661757e-04 9.999999017335275964e-01 -2.984818048400937314e-04 -1.016077471151415057e-02 -1.439811764829183709e-02 2.937314269419917263e-04 9.998962985796845393e-01 1.846395131596356709e-02
9.992301493525566070e-01 4.363744685191922427e-03 3.898802864109904287e-02 5.507375819103394604e-02 -4.341096848650765998e-03 9.999903559301971390e-01 -6.655321737905126175e-04 1.886492964971885761e-02 -3.899055752634254107e-02 4.957690427936384953e-04 9.992394560906738832e-01 3.268965399887498458e-01
9.979272166106081254e-01 5.407815468890080253e-03 6.412508002354802561e-02 2.355877508298227091e-02 -5.465706352720625140e-03 9.999847983698980647e-01 7.273880487834624405e-04 6.298464436047340742e-03 -6.412017274726335148e-02 -1.076369142320112273e-03 9.979416039316980624e-01 4.226560027366311201e-01
9.953445707009681565e-01 4.775133937837732802e-03 9.626205709940031940e-02 5.924151990134980672e-02 -5.053033048602534501e-03 9.999837396961422931e-01 2.643332980610622190e-03 7.493887969014192962e-03 -9.624787124424230567e-02 -3.117442429120405659e-03 9.953525148708407544e-01 5.472052788112176103e-01
9.908655041424542231e-01 1.853128435026605344e-03 1.348410860414942236e-01 1.900524532574667247e-01 -2.495985494026613065e-03 9.999863112862716896e-01 4.598619355901352630e-03 1.268131852345280586e-02 -1.348307207385019135e-01 -4.893174601764914942e-03 9.908565656615671013e-01 8.180322482287207819e-01
9.846276759827573555e-01 -1.404644269128395382e-03 1.746607179051871683e-01 2.146704001378527682e-01 4.150585916496134665e-04 9.999836564216539880e-01 5.702158686223300112e-03 -9.215456849690342733e-03 -1.746658758477441786e-01 -5.542008710434976650e-03 9.846121664087701397e-01 9.883442079878447251e-01
9.758941271391221584e-01 -1.681198066068821054e-03 2.182380023413308112e-01 3.264906647120515704e-01 2.855347278507492292e-04 9.999793089188356854e-01 6.426523311232770416e-03 -5.049244961126408970e-05 -2.182442947927931143e-01 -6.209291680173193405e-03 9.758744145698169392e-01 1.232307979350727445e+00
9.641028050598230426e-01 -1.684684310298220807e-03 2.655239014785070184e-01 4.200811951683049994e-01 -9.096736266957344266e-04 9.999530486609702340e-01 9.647433146507213009e-03 1.285549234606514490e-02 -2.655276922439328002e-01 -9.542657285675356163e-03 9.640560062584202505e-01 1.414474076747441966e+00
9.497953869877696631e-01 -5.495464501958884432e-03 3.128234669254607025e-01 5.628796932788682206e-01 4.049725202786444108e-04 9.998664867871547290e-01 1.633537849400263156e-02 2.826911978321962338e-02 -3.128714767551268872e-01 -1.538858207331207650e-02 9.496708018302253418e-01 1.668331840080544248e+00
9.328459903603425474e-01 -1.516980570871921674e-02 3.599558771807075397e-01 6.925063872485045513e-01 6.802766606575867681e-03 9.996766806040527920e-01 2.450013469992300824e-02 5.076259927606380229e-03 -3.602111649647327662e-01 -2.040615643354895536e-02 9.326475793049932017e-01 1.854213859917041685e+00
9.116287299007299616e-01 -2.089097123891060087e-02 4.104834025655257901e-01 8.619748611636122160e-01 9.630710182887075935e-03 9.995189566295005212e-01 2.948058223304510922e-02 -1.286517522306115935e-03 -4.109018273342324723e-01 -2.292209885939967828e-02 9.113913912620762448e-01 2.101314119812153880e+00
8.866939363660598650e-01 -2.290632445248964519e-02 4.617890865210066420e-01 1.044679981638083621e+00 8.359735707016620679e-03 9.994030148510048006e-01 3.352206279086382412e-02 -1.010574299597430392e-03 -4.622812805207773823e-01 -2.586337487744711644e-02 8.863560834302030012e-01 2.340300165656772791e+00
8.583418889803168250e-01 -2.485201592943954776e-02 5.124759262964038165e-01 1.204732736263383286e+00 6.386196052867767689e-03 9.992663453857363320e-01 3.776224896935689856e-02 3.202347947524197824e-02 -5.130384228372077970e-01 -2.914014813560984740e-02 8.578708716258630629e-01 2.557739505289431836e+00
8.262526755369992149e-01 -3.018057270091007230e-02 5.624905727352303986e-01 1.456295203055716581e+00 7.596357026363539586e-03 9.990698447548047589e-01 4.244691535239255437e-02 2.746517778270970295e-02 -5.632484511170304797e-01 -3.079899788624298682e-02 8.257133938997612832e-01 2.786090818081731868e+00
7.901864726068572597e-01 -3.586916979917040976e-02 6.118159326229352102e-01 1.662506841325598117e+00 9.737037911506781981e-03 9.988945921404496220e-01 4.598677896497180978e-02 2.864516360656714500e-02 -6.127891446472513159e-01 -3.038085539111680389e-02 7.896622528838989075e-01 2.991677722594169975e+00
7.525035171923778465e-01 -4.043645276579885262e-02 6.573456801122568027e-01 1.920845247683015344e+00 1.094628311969250700e-02 9.987433735569919424e-01 4.890657022421654454e-02 3.723666196781870441e-02 -6.584972617388695770e-01 -2.960687379401354125e-02 7.520005293188944950e-01 3.186713177624176385e+00
7.125537820514938891e-01 -4.364422002087429281e-02 7.002587250448993883e-01 2.246655066833560532e+00 1.196448147122359043e-02 9.986741112119508212e-01 5.006866010267101846e-02 4.529026168935636198e-02 -7.015154795907592167e-01 -2.729838011857819643e-02 7.121311944666449678e-01 3.432685313671766547e+00
6.712456861312273704e-01 -4.567397482581154328e-02 7.398264040576718603e-01 2.521555046440706160e+00 1.122983352479110103e-02 9.986118376449032441e-01 5.146152446640255701e-02 5.449396872663313934e-02 -7.411498700750120960e-01 -2.623519843382144875e-02 6.708267982407409846e-01 3.611143548198063158e+00
6.281961123139356840e-01 -4.592194421115362163e-02 7.766986608698727146e-01 2.875484914527175029e+00 6.917846084622354327e-03 9.985469150784450632e-01 5.344344434554598733e-02 8.691211262303667751e-02 -7.780242920718793975e-01 -2.819988164455683455e-02 6.276009698742591736e-01 3.868067650051862483e+00
5.866092477028018726e-01 -4.678243466108081283e-02 8.085177695666025954e-01 3.214918806976171606e+00 4.082258625714660707e-03 9.984883101725329224e-01 5.481267706553108465e-02 1.052254106696326741e-01 -8.098598259584544046e-01 -2.885304405874326156e-02 5.859134533402435840e-01 4.052678806710708237e+00
5.461304652093856848e-01 -4.781132518290159145e-02 8.363346105016766785e-01 3.586342661050535341e+00 1.901209221643371033e-03 9.984380926697983272e-01 5.583690952829309384e-02 1.269147061315157865e-01 -8.376979844599571345e-01 -2.890418971201825366e-02 5.453683581983657103e-01 4.264643369194630829e+00
5.074709870136367984e-01 -5.047785351575058421e-02 8.601890324114517261e-01 4.019016603735918736e+00 1.015619553586508605e-03 9.983169756215691804e-01 5.798434838694647292e-02 1.343182176530032246e-01 -8.616682536376767398e-01 -2.855174908416239013e-02 5.066681660663091558e-01 4.478076413328672345e+00
4.702256843070053427e-01 -5.035574832306410203e-02 8.811084448583745843e-01 4.414086747634533126e+00 -1.875871716882426127e-03 9.983116196933211617e-01 5.805506912207211712e-02 1.611597732823382145e-01 -8.825442204168257865e-01 -2.895183037514722710e-02 4.693373023686774337e-01 4.670227095831203101e+00
4.341072772112598011e-01 -4.964925641471101131e-02 8.994919731593159495e-01 4.864547363379588596e+00 -3.110815840098601209e-03 9.983915478957875456e-01 5.660953876596416801e-02 1.838238157709100595e-01 -9.008558204819143711e-01 -2.737276593977377645e-02 4.332545854992000955e-01 4.846359715631482601e+00
4.006541437321504695e-01 -4.839181783492900457e-02 9.149505315168312558e-01 5.394045943265901144e+00 -1.806772810382070151e-03 9.985605762110933981e-01 5.360514130693748436e-02 2.003887658001403393e-01 -9.162275960328897240e-01 -2.313022900106219762e-02 3.999899983281479665e-01 5.039075855021382999e+00
3.704481001279776864e-01 -4.667921932969893578e-02 9.276794927124983881e-01 5.881426241793755949e+00 -8.437343328646463309e-06 9.987362660442353768e-01 5.025804197407433838e-02 2.246716082281938753e-01 -9.288531748679876854e-01 -1.862582252867404572e-02 3.699795571400877892e-01 5.210930920884885076e+00
3.448025928901198855e-01 -4.472927130329980294e-02 9.376089000635123849e-01 6.447553565998584979e+00 1.014587701326487724e-03 9.988811982033599657e-01 4.727919685585531967e-02 2.492478435952997784e-01 -9.386746818037419171e-01 -1.535070237933091469e-02 3.444622075874259615e-01 5.396514862046152494e+00
3.249227699237796085e-01 -4.420924644480965504e-02 9.447066852263387160e-01 7.021424377106168180e+00 2.140388239736926938e-03 9.989386417769801074e-01 4.601096249847379249e-02 2.690609408037316630e-01 -9.457381393612515064e-01 -1.292796944460714373e-02 3.246725341000851195e-01 5.557613593969049859e+00
3.098972152758698861e-01 -4.474804449771799947e-02 9.497164383604982385e-01 7.592370441152690219e+00 3.264676623021775439e-03 9.989360194929476355e-01 4.600185660683900335e-02 3.006663076752790209e-01 -9.507644681611432391e-01 -1.115532932407316789e-02 3.097135772460223868e-01 5.752299009966119314e+00
2.976654958489602931e-01 -4.622584261324540200e-02 9.535504227506428343e-01 8.228727682870063731e+00 4.168584688611928248e-03 9.988804411406679851e-01 4.712204548529002474e-02 3.167498237583709075e-01 -9.546611397054832748e-01 -1.005165044554413335e-02 2.975249368118728088e-01 5.957015473095358615e+00
2.868527960555322665e-01 -4.813645791583527622e-02 9.567645161512969842e-01 8.857907097168403965e+00 3.237851733569341046e-03 9.987797761691703524e-01 4.927955958875814002e-02 3.519379964715065867e-01 -9.579692093111873419e-01 -1.103811691555953503e-02 2.866586288134790328e-01 6.132170904526663691e+00
2.764700291599272441e-01 -4.979728076972975842e-02 9.597314927852215183e-01 9.519327862720500022e+00 1.369102199365867210e-03 9.986759937566848100e-01 5.142358423660790129e-02 3.798419598822833088e-01 -9.610215735874144682e-01 -1.290310845426512719e-02 2.761721573399728014e-01 6.316177313707497021e+00
2.661170846297317150e-01 -5.156889745536283320e-02 9.625602996252793364e-01 1.021545400938803461e+01 7.054489429769057740e-04 9.985781083065529140e-01 5.330350752187587582e-02 4.109222480068163152e-01 -9.639404629224211929e-01 -1.350593599528572379e-02 2.657750728361567560e-01 6.499330775367880619e+00
2.560400026852808764e-01 -5.366844026548132918e-02 9.651752171364628152e-01 1.090689898005773806e+01 -1.277462700521002088e-04 9.984557377856302374e-01 5.555288763002497188e-02 4.372931477649419918e-01 -9.666661870745012486e-01 -1.434705815353063026e-02 2.556377524916226829e-01 6.689619795229090116e+00
2.458058118264347947e-01 -5.537614294346118043e-02 9.677360021178352811e-01 1.163352579651302499e+01 -5.163485407289778936e-04 9.983591880879850722e-01 5.725962716640757566e-02 4.665152044018339161e-01 -9.693189634272760813e-01 -1.457443733201679512e-02 2.453738959792094998e-01 6.865837845728782085e+00
2.347559830881570386e-01 -5.645633139869375011e-02 9.704134660410957958e-01 1.242217049185068944e+01 -1.326221188429564744e-03 9.982924355816672479e-01 5.839909379883632956e-02 4.982666437623077260e-01 -9.720534379459215835e-01 -1.499651869482954841e-02 2.342802471853493163e-01 7.051046412543118258e+00
2.250419464752453358e-01 -5.938876632008380924e-02 9.725374443692338389e-01 1.318043392184158868e+01 -2.322192476255134121e-03 9.981051566605880776e-01 6.148742656931669576e-02 5.307094801016797314e-01 -9.743463175350595140e-01 -1.609566841843839552e-02 2.244776137367214541e-01 7.250424507728787660e+00
2.140874758430456326e-01 -6.286632604537070734e-02 9.747893934499834989e-01 1.395453587044385912e+01 -4.356940365090399003e-03 9.978554588262097402e-01 6.531079785359182599e-02 5.755485950292971165e-01 -9.768047842694986826e-01 -1.822932225063951528e-02 2.133544502412404176e-01 7.404370810127257840e+00
2.010919221379171284e-01 -6.687507692420159577e-02 9.772869316010763807e-01 1.474050260662463607e+01 -4.072428612929368183e-03 9.976012089514170178e-01 6.910313431912630533e-02 6.135410199274385912e-01 -9.795639188264312347e-01 -1.787601249640876841e-02 2.003371992935482071e-01 7.583139744413431416e+00
1.886416362800590607e-01 -6.922854896567816330e-02 9.796028402944367830e-01 1.553160884440669953e+01 -5.438302055769914621e-03 9.974232523979293941e-01 7.153516893369686602e-02 6.565912292672982931e-01 -9.820309439575634070e-01 -1.882188659001679532e-02 1.877790672681188267e-01 7.716784020397943422e+00
1.748539077366259853e-01 -6.997754446547442553e-02 9.821044943169475738e-01 1.633850101609195349e+01 -5.868755161974913322e-03 9.973793617593363914e-01 7.211079251387320088e-02 6.909874622918771303e-01 -9.845769069444844090e-01 -1.837258380378197636e-02 1.739849964527998838e-01 7.858023811687290916e+00
1.600548028867398720e-01 -6.917802831983663192e-02 9.846810874082262410e-01 1.713675310639056448e+01 -7.360053722103208906e-03 9.974299038234536452e-01 7.127002539349745758e-02 7.318488719187137281e-01 -9.870806992207641350e-01 -1.865441468994480032e-02 1.591342912699757473e-01 7.992106381322236608e+00
1.439596115724651182e-01 -6.802488946309044604e-02 9.872427401443542028e-01 1.792271541461460771e+01 -8.714440451619389835e-03 9.975087164058725753e-01 7.000299406480854636e-02 7.636186677708258763e-01 -9.895452015539437651e-01 -1.868087102322065277e-02 1.430081671268200461e-01 8.108733544477853883e+00
1.232289329950939510e-01 -6.671528135200900655e-02 9.901331650320559508e-01 1.874395221708110526e+01 -1.118167116617247749e-02 9.975809788126236421e-01 6.860875238695594847e-02 8.081612905457047358e-01 -9.923152813119209270e-01 -1.952592593526365078e-02 1.221848498747484940e-01 8.203598394385423376e+00
9.773613275383652432e-02 -6.535561827871089191e-02 9.930640838159690009e-01 1.956988334429993515e+01 -1.542444517918366460e-02 9.976220667608552972e-01 6.717364346299560529e-02 8.507881607321620132e-01 -9.950928359352121388e-01 -2.188275379501693207e-02 9.649564721719708360e-02 8.283789497574003846e+00
6.787417861764830085e-02 -6.492423995746132714e-02 9.955791891472882682e-01 2.040540562353269749e+01 -1.945499521710482640e-02 9.976045527471139041e-01 6.638267456252253118e-02 8.882485420798481579e-01 -9.975041936585856694e-01 -2.387465702642587589e-02 6.644848743515048561e-02 8.357983840853897561e+00
3.465986537463723594e-02 -6.467619522304604573e-02 9.973041994869359383e-01 2.125610445040148377e+01 -2.249014183770475447e-02 9.976005974954114119e-01 6.547702946323311068e-02 9.268572967395503071e-01 -9.991460877137595675e-01 -2.469893708379383365e-02 3.312212421044696126e-02 8.349111935193075595e+00
7.066240355521284232e-05 -6.384237282939826674e-02 9.979599837540574780e-01 2.210376467046626558e+01 -2.433184866364188417e-02 9.976644257898987789e-01 6.382518821462050684e-02 9.615175049127060447e-01 -9.997039429061584936e-01 -2.428672048658123833e-02 -1.482906981126445260e-03 8.352438050929794855e+00
-3.383821241624342807e-02 -6.296052691129054579e-02 9.974421938813031741e-01 2.293306404699229617e+01 -2.545560293609236413e-02 9.977442624056579445e-01 6.211601337247477789e-02 9.917455363855816053e-01 -9.991031002395267535e-01 -2.328859672092810709e-02 -3.536458185495295475e-02 8.295227841898393351e+00
-6.651417262306549838e-02 -6.104755386936342593e-02 9.959161830771885437e-01 2.376431755133005197e+01 -2.780150636529825706e-02 9.978524257792579233e-01 5.930946484994856910e-02 1.022603902393735886e+00 -9.973980941586910731e-01 -2.374304926028693308e-02 -6.806854384897115251e-02 8.237832754248360700e+00
-9.888024085192016754e-02 -5.792922222910982383e-02 9.934117403825005743e-01 2.458511266170567922e+01 -2.964529152899029671e-02 9.980324775815498928e-01 5.524789953046305158e-02 1.063714396377259730e+00 -9.946576655665425593e-01 -2.398705418374675463e-02 -1.004030218299109545e-01 8.150585623986485118e+00
-1.312128194280947624e-01 -5.345336290793744477e-02 9.899120753060707267e-01 2.543492212599223379e+01 -2.666373011395247253e-02 9.983743290431035255e-01 5.037603223147072568e-02 1.087534638924603003e+00 -9.909955894724474801e-01 -1.978476630023642824e-02 -1.324247779841434547e-01 8.034644845126225121e+00
-1.629212222772920271e-01 -4.802938084484148495e-02 9.854693485051851942e-01 2.626757497828563359e+01 -2.269703371605725009e-02 9.987325611569526362e-01 4.492344557218851814e-02 1.104111728267637149e+00 -9.863779887186397977e-01 -1.504824743726890929e-02 -1.638048554464329731e-01 7.892537667925783929e+00
-1.933568064489740723e-01 -4.206853570646904711e-02 9.802261814395366590e-01 2.712078703214213959e+01 -1.604978859104636696e-02 9.990822656082281039e-01 3.971184761931641216e-02 1.124089112313735095e+00 -9.809972304211246330e-01 -8.053865960970005289e-03 -1.938545487342763773e-01 7.699513857803670369e+00
-2.226405880110436386e-01 -3.624074566002020298e-02 9.742267498726596697e-01 2.794375214367748228e+01 -1.039790576498080682e-02 9.993402488012013141e-01 3.479871668333611723e-02 1.127438396755235273e+00 -9.748451509255544600e-01 -2.382310160386246715e-03 -2.228705298390491196e-01 7.511944940144380745e+00
-2.502429830403452016e-01 -2.959010126663863538e-02 9.677307780450979946e-01 2.875159027957226954e+01 -1.571943662085353247e-03 9.995439574133415661e-01 3.015636217715167780e-02 1.161102808903453409e+00 -9.681817981782199212e-01 6.025200869138575867e-03 -2.501753769119676729e-01 7.286995239688560666e+00
-2.767380695646462496e-01 -1.943006144588424119e-02 9.607489251625812576e-01 2.954773275361164764e+01 4.271003974481604563e-03 9.997608150300734131e-01 2.144927129503205673e-02 1.154144570395761571e+00 -9.609359057662962833e-01 1.003919353889526009e-02 -2.765888934562431567e-01 7.035669418148366105e+00
-3.016163608123079154e-01 -4.601659830067829707e-03 9.534182605090685270e-01 3.031864447138779539e+01 8.825537519712229467e-03 9.999320345901592244e-01 7.618140858070428754e-03 1.147197518215259837e+00 -9.533885336557881285e-01 1.071218567259496490e-02 -3.015552505504301428e-01 6.770708738874896326e+00
-3.262957529713908511e-01 1.233060535278703886e-02 9.451872945963387673e-01 3.110050997960824404e+01 8.977080167633199118e-03 9.999102459787386765e-01 -9.945451397741212479e-03 1.115483607263247023e+00 -9.452251100424949870e-01 5.239864618152631839e-03 -3.263771607771521754e-01 6.477856053629468924e+00
-3.514056594429634250e-01 2.697653464045287816e-02 9.358345545397386278e-01 3.190207424761058874e+01 7.909275712728784311e-03 9.996346544382177512e-01 -2.584571509501778358e-02 1.079267091732188044e+00 -9.361898955749612394e-01 -1.680556069420614590e-03 -3.514906411121236363e-01 6.188862010401702030e+00
-3.760180069543919146e-01 3.779427769168997725e-02 9.258412583678846675e-01 3.265551065388311258e+01 1.191641543650153422e-02 9.992824485225567654e-01 -3.595256725332952180e-02 1.047295059089593972e+00 -9.265357369550241140e-01 -2.486102667929139965e-03 -3.761985682962136757e-01 5.875320684521300407e+00
-3.998958915689347360e-01 4.259606161508439764e-02 9.155702247348567191e-01 3.344174602471040458e+01 1.608899201611926205e-02 9.990918271718797206e-01 -3.945459643329765620e-02 9.976203039004741813e-01 -9.164193550204724481e-01 -1.047128025633247295e-03 -4.002180459717436523e-01 5.547680579517684230e+00
-4.221194002817378887e-01 4.207629822763712252e-02 9.055632403691682430e-01 3.416773849890146408e+01 1.806403825960173695e-02 9.991143503369305234e-01 -3.800270300353209701e-02 9.535395436123573765e-01 -9.063602573476918778e-01 3.164517811163171184e-04 -4.225056195143767623e-01 5.171745254351759691e+00
-4.424576995229173026e-01 3.878609187408676301e-02 8.959502267237904327e-01 3.492116483006130068e+01 2.248717777041784813e-02 9.992299910958118980e-01 -3.215200910297476983e-02 9.212876626922723577e-01 -8.965074033769409034e-01 5.921489047452301903e-03 -4.429891941601236671e-01 4.807933173600514642e+00
-4.607563454933971681e-01 3.730146322750243354e-02 8.867424523239623158e-01 3.562033320077848941e+01 2.980696828949033761e-02 9.992031539589480982e-01 -2.654433480008982701e-02 8.879811868693834320e-01 -8.870260130091426332e-01 1.420063454003913858e-02 -4.615010384049065273e-01 4.396775557028659520e+00
-4.749702348947015262e-01 3.808736164079146169e-02 8.791772374737334417e-01 3.632250193416708584e+01 3.327614342213489756e-02 9.991257578867368538e-01 -2.530648438500219741e-02 8.366103271223592763e-01 -8.793724961696418596e-01 1.723580211542613191e-02 -4.758223976605746586e-01 4.023813272234830762e+00
-4.859014339934217830e-01 4.121843310278487660e-02 8.730411350206908061e-01 3.702884932536594675e+01 3.587141918436776572e-02 9.989861882304388319e-01 -2.719994397434548350e-02 7.809702004297454092e-01 -8.732771898481852535e-01 1.810073383958639426e-02 -4.868873863236826138e-01 3.612641544006441663e+00
-4.955881605422368663e-01 4.390832094294253723e-02 8.674470709307672278e-01 3.773002908993728965e+01 3.733447111084770009e-02 9.988752081664959981e-01 -2.923107449763377025e-02 7.377146463195070059e-01 -8.677548759884282648e-01 1.789910426280326081e-02 -4.966700221895719580e-01 3.217562554754804349e+00
-5.064907636971138771e-01 4.314921937640837923e-02 8.611650467366138706e-01 3.841868069586103474e+01 3.140154112620627269e-02 9.990076030516740202e-01 -3.158721586157729744e-02 6.803833906594882741e-01 -8.616734078062401325e-01 1.104327757369276408e-02 -5.073430770098472653e-01 2.828423776959184011e+00
-5.172445131567651178e-01 4.235770516411937331e-02 8.547888190474480785e-01 3.911566717161640128e+01 2.992945204185775213e-02 9.990588150351292773e-01 -3.139604989875071500e-02 6.775782451903291648e-01 -8.553141841034846982e-01 9.343927427792544579e-03 -5.180254345081615197e-01 2.396341311790316730e+00
-5.261604462797099258e-01 4.342962406253177143e-02 8.492755968632912378e-01 3.979714998388249114e+01 3.199389193932079128e-02 9.989989580351225085e-01 -3.126455930714389791e-02 6.267532568685296734e-01 -8.497832591293565940e-01 1.072145820981239110e-02 -5.270232214893525446e-01 1.973129055402124576e+00
-5.332402258979581644e-01 4.631687279325553269e-02 8.446949720532882511e-01 4.047387920469014233e+01 3.578079453849028480e-02 9.988413755784188997e-01 -3.218137838410930346e-02 5.774660565126700229e-01 -8.452068432825430300e-01 1.306345279434574860e-02 -5.342796564500625900e-01 1.529013038686789727e+00
-5.371355450768706685e-01 4.969287130647551814e-02 8.420308853392063364e-01 4.117455286899127742e+01 3.665937929186832006e-02 9.986951751967599877e-01 -3.555329641314977640e-02 5.438318296238567884e-01 -8.426989425371802511e-01 1.177139136765942805e-02 -5.382563883001846294e-01 1.084419073266017497e+00
-5.369481731719216722e-01 5.104434057298130878e-02 8.420695468491221636e-01 4.188300095143829083e+01 3.567637305288959282e-02 9.986487690909603421e-01 -3.778666876342746950e-02 4.880352628640993728e-01 -8.428605266394321172e-01 9.752505522408876429e-03 -5.380437103283688405e-01 6.566783474141669741e-01
-5.333289571367739734e-01 5.185498119133456069e-02 8.443170443912113576e-01 4.260939536036359243e+01 3.818422058190361346e-02 9.985777038358102375e-01 -3.720933531976491904e-02 4.547534342562664644e-01 -8.450456795209621008e-01 1.239477328293093171e-02 -5.345504486382659515e-01 1.766802447227149020e-01
-5.277969568775227049e-01 5.080758970593640678e-02 8.478496022782987529e-01 4.336231009570585826e+01 3.656855088957587652e-02 9.986430036752702577e-01 -3.707953927449827991e-02 4.084129546179342540e-01 -8.485830102027011046e-01 1.143416435139467217e-02 -5.289386994728222380e-01 -2.624624388234582106e-01
-5.205893021146451582e-01 4.966472170465810465e-02 8.523615317210897491e-01 4.411403995551356161e+01 3.459835133701957138e-02 9.987138935606532097e-01 -3.706093405229694132e-02 3.636031366556350952e-01 -8.531059398202986976e-01 1.019677895477318075e-02 -5.216380875539932127e-01 -7.226473424914434673e-01
-5.134614265370811559e-01 4.889306286033657384e-02 8.567186344153796540e-01 4.488487439606011975e+01 3.248633340393758395e-02 9.987673236269353216e-01 -3.752960616393692661e-02 3.201475316224049461e-01 -8.574975298423371806e-01 8.561643069626014013e-03 -5.144168523178094254e-01 -1.190711371121761397e+00
-5.073021748761812333e-01 4.744721820289521386e-02 8.604610690993097499e-01 4.570917371043362465e+01 2.966930637497847481e-02 9.988528459476878618e-01 -3.758622549677414354e-02 2.673384894753900731e-01 -8.612573644556364982e-01 6.461710124441955722e-03 -5.081279483975598144e-01 -1.640726797537217285e+00
-5.025200641816514047e-01 4.510420618693065237e-02 8.633881990042729937e-01 4.652419808522309808e+01 2.556941237654586016e-02 9.989767383571984682e-01 -3.730524525704018851e-02 2.235720365449948011e-01 -8.641873654154795803e-01 3.329695617057379289e-03 -5.031591439404322630e-01 -2.110165860280471595e+00
-5.013820694331082573e-01 4.245170743944098185e-02 8.641839268720513667e-01 4.735778372894426980e+01 2.094438751938179286e-02 9.990984337497386125e-01 -3.692766265610719634e-02 1.847537293855769369e-01 -8.649724651157061350e-01 -4.150639448198493314e-04 -5.018191665102545995e-01 -2.559687813427524716e+00
-5.017723928447075377e-01 3.962343804330860364e-02 8.640916822977936507e-01 4.818097010176877859e+01 1.803945633771403961e-02 9.992123767594430772e-01 -3.534408168460335259e-02 1.304783378595236742e-01 -8.648115726081478938e-01 -2.146939354631266245e-03 -5.020919717446014063e-01 -3.050383578404450624e+00
-5.025963623460530938e-01 3.847470364269405668e-02 8.636646225403928900e-01 4.903395386607136430e+01 1.646201795929074646e-02 9.992539905043483772e-01 -3.493514552605625489e-02 8.492167814376361257e-02 -8.643644548635017744e-01 -3.340613632297018652e-03 -5.028547931662605830e-01 -3.543978030377957555e+00
-5.028526028512119161e-01 3.794690204849695409e-02 8.635388114762951872e-01 4.991574680872975733e+01 1.656200629744247060e-02 9.992754629566054092e-01 -3.426731748306294234e-02 3.480507418057113278e-02 -8.642134991184795556e-01 -2.929473651226395439e-03 -5.031167455602062466e-01 -4.059469627695809102e+00
-5.028141550778694180e-01 3.735849809516850889e-02 8.635868540958132611e-01 5.079250126199541171e+01 1.642601866686407841e-02 9.992981653005923448e-01 -3.366545269752355823e-02 -5.757667631774737727e-03 -8.642384645862607462e-01 -2.742171461323108898e-03 -5.030749152599992557e-01 -4.553469712113700218e+00
-5.032765557260960865e-01 3.675459853951389133e-02 8.633433815366940989e-01 5.166867598278453499e+01 1.676215922486955570e-02 9.993222758872369882e-01 -3.277222758995642499e-02 -5.638647425122007145e-02 -8.639628179337455194e-01 -2.021993684789094928e-03 -5.035515607179145148e-01 -5.059543751931562028e+00
-5.038636294046873187e-01 3.610518709506067847e-02 8.630282990362327933e-01 5.254643159478729331e+01 1.614898356493658926e-02 9.993451660160019845e-01 -3.237976928520112929e-02 -1.153150571086681980e-01 -8.636322513550036550e-01 -2.377957344075562300e-03 -5.041167456653843360e-01 -5.568286411732530361e+00
-5.038062379219583331e-01 3.438925434728405672e-02 8.631318788704064326e-01 5.344865850789314266e+01 1.424426128673637187e-02 9.994021120841127814e-01 -3.150427517637145042e-02 -1.672429388481154189e-01 -8.636992462324800668e-01 -3.577373447246616055e-03 -5.039948690001611054e-01 -6.078958081751709486e+00
-5.040758330740588988e-01 3.395209869229386807e-02 8.629917705372237569e-01 5.435294838924859562e+01 1.415190654702215729e-02 9.994175403848398753e-01 -3.105323630005153018e-02 -2.168370161663822349e-01 -8.635434501738830093e-01 -3.440206168371357561e-03 -5.042627174012688229e-01 -6.580366231177136704e+00
-5.036715395344611990e-01 3.298123038802392576e-02 8.632654314907178827e-01 5.523368580106588155e+01 1.276764386480486527e-02 9.994460273195607813e-01 -3.073476403409409335e-02 -2.661718537602571488e-01 -8.638008913105023057e-01 -4.458359434961176732e-03 -5.038136130808793522e-01 -7.093553546039747637e+00
-5.020989898456329481e-01 3.180611488170440038e-02 8.642250643935689425e-01 5.614795891816677909e+01 1.232277328462453789e-02 9.994851280055701004e-01 -2.962478911923701122e-02 -3.215779375798081818e-01 -8.647223635245808726e-01 -4.224926258837146537e-03 -5.022324138967281248e-01 -7.623813806924243153e+00
-4.998764754108144803e-01 2.942515806356646793e-02 8.655967050755594139e-01 5.703863663843729626e+01 1.279124388264333591e-02 9.995645191294845189e-01 -2.659240781996127789e-02 -3.741953834690809888e-01 -8.660022550637744843e-01 -2.220859617133597204e-03 -5.000351743596287424e-01 -8.135952443458638328e+00
-4.977564189535231276e-01 2.829494753716741903e-02 8.668551953653046427e-01 5.792645633346952394e+01 1.367184726388316965e-02 9.995995018423609046e-01 -2.477733811812469003e-02 -4.173271425614245578e-01 -8.672091099526810787e-01 -4.815663262994505705e-04 -4.979439138459696435e-01 -8.635784813975940111e+00
-4.947101960450029923e-01 2.759465718596981754e-02 8.686197920669219696e-01 5.883367549775341843e+01 1.303174222874460726e-02 9.996189365515687486e-01 -2.433424250925320803e-02 -4.809487153877347043e-01 -8.689603029375595478e-01 -7.187677221048197713e-04 -4.948812877535819776e-01 -9.165609163237823154e+00
-4.927940349690047017e-01 2.800418730857769795e-02 8.696952287484770450e-01 5.971606899940314861e+01 1.366462991185664853e-02 9.996077927194341184e-01 -2.444460266345869354e-02 -5.277129437907357445e-01 -8.700386942427487114e-01 -1.620900019061830987e-04 -4.929834256403270443e-01 -9.666708830132190400e+00
-4.916053941736510113e-01 2.832277824911642525e-02 8.703573650796542216e-01 6.060392936761098781e+01 1.353640494538915252e-02 9.995987279472522413e-01 -2.488270087651271029e-02 -5.757677292764293853e-01 -8.707128772869151545e-01 -4.509592930859137368e-04 -4.917915164886041968e-01 -1.014978521812148315e+01
-4.926177443284192603e-01 2.954099898530848992e-02 8.697442576220548727e-01 6.150589258431507744e+01 1.314428763880145720e-02 9.995622487796695932e-01 -2.650544269991164659e-02 -6.159816445187041856e-01 -8.701465383315541979e-01 -1.624881774446765076e-03 -4.927903969217589109e-01 -1.064964647854588797e+01
-4.951459239155261427e-01 3.127018385594294153e-02 8.682468980594399977e-01 6.238178075531530453e+01 1.203286731239257279e-02 9.995030492587669846e-01 -2.913528107679300150e-02 -6.651528424793150540e-01 -8.687265027529093020e-01 -3.978715046037932870e-03 -4.952761319770463966e-01 -1.114442752221992272e+01
-4.997109760093105257e-01 3.209707813740595578e-02 8.655973108007872785e-01 6.326131154428216519e+01 1.072036941344888840e-02 9.994658495022442635e-01 -3.087214499790160924e-02 -7.212956744684884125e-01 -8.661258722067655125e-01 -6.147625893256257468e-03 -4.997881488959905472e-01 -1.163128692527780039e+01
-5.052353202606713056e-01 3.059868967228425440e-02 8.624389705226316316e-01 6.415880228339315750e+01 1.074257425036782843e-02 9.995167701657380332e-01 -2.916887441897547326e-02 -7.644182961217028671e-01 -8.629147585534400200e-01 -5.472330046515622159e-03 -5.053198853903106968e-01 -1.212889292940751673e+01
-5.106124646304678327e-01 2.854773713608229138e-02 8.593369096466442203e-01 6.501374733483642387e+01 1.368171469252822160e-02 9.995918812714559287e-01 -2.507751093092012995e-02 -8.258507251687440265e-01 -8.597021192331567585e-01 -1.047686316024492529e-03 -5.107946573247820199e-01 -1.265864213419222395e+01
-5.158867567811482591e-01 2.629793053463837932e-02 8.562530348717565243e-01 6.584594932483041418e+01 1.087792521413255900e-02 9.996492072693152764e-01 -2.414814959900367028e-02 -8.695806505373521178e-01 -8.565877287199531454e-01 -3.143453196531788285e-03 -5.159918555835300014e-01 -1.317140094242108006e+01
-5.208928841121502895e-01 2.833425300698445837e-02 8.531516630567689274e-01 6.666726175294404300e+01 1.192243418963252755e-02 9.995929607347132650e-01 -2.591849514438077789e-02 -9.169339257143273025e-01 -8.535387928043439709e-01 -3.329114231812368117e-03 -5.210186747228193749e-01 -1.366290431499602320e+01
-5.255067357739903189e-01 3.064259591221556514e-02 8.502374308651402535e-01 6.750473041637364702e+01 1.205232847070419194e-02 9.995190319810958179e-01 -2.857352031020990446e-02 -9.704212426686573689e-01 -8.507040754133422533e-01 -4.768235710688357998e-03 -5.256232996683077863e-01 -1.421208438492344506e+01
-5.307047770732528091e-01 3.110330820768344648e-02 8.469858385915446375e-01 6.838460111013608866e+01 1.101860492462625532e-02 9.994951547620489762e-01 -2.979976394125748856e-02 -1.017627671298889647e+00 -8.474851277337268618e-01 -6.482273883374611509e-03 -5.307795695509984757e-01 -1.470702373199225832e+01
-5.348529664978233233e-01 3.167589267506228101e-02 8.443511882450346340e-01 6.919652230079155686e+01 1.035791243677070851e-02 9.994677622155673236e-01 -3.093389598376516947e-02 -1.061910990468998062e+00 -8.448816660292997049e-01 -7.799369509299686198e-03 -5.348963948511447075e-01 -1.522197010127503525e+01
-5.379873969575441617e-01 3.015261072364327360e-02 8.424134186220789688e-01 7.000000741685502703e+01 9.485829558695471272e-03 9.995133171132472016e-01 -2.971780496235692723e-02 -1.131062430673854591e+00 -8.428995144186067767e-01 -7.996813581003027124e-03 -5.380115914098518859e-01 -1.572988159184647827e+01
-5.404678267525956370e-01 2.408919068057222695e-02 8.410197537914311239e-01 7.082113810303769696e+01 1.162566162813552691e-02 9.997084339228700101e-01 -2.116343816047661086e-02 -1.167487946362125717e+00 -8.412843656224245903e-01 -1.660745440780434434e-03 -5.405902986315578307e-01 -1.627562697874650866e+01
-5.424361076486291511e-01 1.671005926350557086e-02 8.399308484600193081e-01 7.164806177413248633e+01 1.320280134876208530e-02 9.998482494496053752e-01 -1.136503792719432276e-02 -1.192259957830608785e+00 -8.399933134964423509e-01 4.924634175411379648e-03 -5.425744134449878020e-01 -1.679959324786373642e+01
-5.445301005467316768e-01 1.390106291791184251e-02 8.386260890525369938e-01 7.245464048955473402e+01 1.360614186725069008e-02 9.998774803152058466e-01 -7.739330672781983764e-03 -1.217682711823775854e+00 -8.386309402972045302e-01 7.196168026625516211e-03 -5.446525259038694777e-01 -1.731895342026470530e+01
-5.450847110745159485e-01 1.835601211751503731e-02 8.381799936638814064e-01 7.327597442977035769e+01 1.279588471578812711e-02 9.998259823545625480e-01 -1.357462049740768874e-02 -1.269423392801559025e+00 -8.382833259699035144e-01 3.325937434075731686e-03 -5.452247393103286655e-01 -1.782898651861275141e+01
-5.469343333072268498e-01 2.328810121042090842e-02 8.368515320163538718e-01 7.405402369311617861e+01 1.276821995870952749e-02 9.997287948668592827e-01 -1.947586329559577653e-02 -1.322545181815143023e+00 -8.370781439535087687e-01 3.308704760034582835e-05 -5.470833506846141114e-01 -1.835211221818451932e+01
-5.471477399814801412e-01 2.891574288824248079e-02 8.365364413485874007e-01 7.486514530120810207e+01 1.967577218842793407e-02 9.995712853247127327e-01 -2.168200888946513263e-02 -1.346266671064136444e+00 -8.368047717857352019e-01 4.596239244115385252e-03 -5.474821104632229263e-01 -1.889142260520877059e+01
-5.467441488413458117e-01 3.000549653508713388e-02 8.367619094684868308e-01 7.566229997860340006e+01 2.320990692099319727e-02 9.995167792725415667e-01 -2.067626984148143374e-02 -1.385536797313662527e+00 -8.369779850105425467e-01 8.116537468764239288e-03 -5.471763766959459874e-01 -1.940603693373588001e+01
-5.470515447382792162e-01 2.658594133878854418e-02 8.366766295143015508e-01 7.642406028590094991e+01 2.260090898250523631e-02 9.996002643238599550e-01 -1.698559506051847481e-02 -1.424549320325717794e+00 -8.367937725457750275e-01 9.617657342012175467e-03 -5.474337363373921184e-01 -1.992854838120513250e+01
-5.457987169942259964e-01 2.200526641045278883e-02 8.376273133091980405e-01 7.726052416348488805e+01 2.067281432731155402e-02 9.997044463178239582e-01 -1.279276069524647869e-02 -1.457581563575259587e+00 -8.376612720913059196e-01 1.033384256644293182e-02 -5.460923161391486591e-01 -2.044954002143305516e+01
-5.448781872367864931e-01 1.586929831942913982e-02 8.383650241059551478e-01 7.803034634646652989e+01 1.901962920846455088e-02 9.997975658402044052e-01 -6.563612826400234621e-03 -1.481844784753680200e+00 -8.382994848413530820e-01 1.236902348197023091e-02 -5.450697146278521421e-01 -2.095500737759149246e+01
-5.444875076120064827e-01 9.308841927361930293e-03 8.387172865167688007e-01 7.889982568761429604e+01 1.048638669630742697e-02 9.999358114806013997e-01 -4.290523842945340345e-03 -1.501395101217745109e+00 -8.387034048311853285e-01 6.458978153022288185e-03 -5.445501750601324797e-01 -2.148366956203504330e+01
-5.430921918143605254e-01 4.156290592571986256e-03 8.396627796884377215e-01 7.964663418864066102e+01 1.886303142878848925e-03 9.999912649992790392e-01 -3.729850235676272600e-03 -1.530162778633366916e+00 -8.396709621131217549e-01 -4.417930670803612886e-04 -5.430952891071645361e-01 -2.193991182538605500e+01
-5.414987985033227202e-01 5.056047190141967421e-03 8.406863117320169110e-01 8.041453102768187478e+01 5.367371873289675070e-03 9.999823266900758068e-01 -2.556876500182402034e-03 -1.550809308424509814e+00 -8.406843962692429617e-01 3.127731476292975460e-03 -5.415163672938778650e-01 -2.244551559419912934e+01
-5.379756794141608012e-01 8.091536592023315655e-03 8.429215161930561084e-01 8.127711615661874589e+01 1.069468828613176319e-02 9.999389647313949858e-01 -2.773163532822141807e-03 -1.579552364651355401e+00 -8.428925220065864865e-01 7.522889334809742048e-03 -5.380293815704437765e-01 -2.297833134708754343e+01
-5.334275755773094652e-01 1.123150566562315308e-02 8.457711640171039491e-01 8.202119155021701147e+01 1.138441666824274376e-02 9.999165991245875240e-01 -6.098346749317517038e-03 -1.609755063700682109e+00 -8.457691342268698342e-01 6.375586010219714758e-03 -5.335109525798674701e-01 -2.344810405619977445e+01
-5.253804727053349444e-01 1.311366717493564829e-02 8.507663471728714732e-01 8.282524920945684244e+01 1.619967366516332496e-02 9.998541525706839961e-01 -5.407784500774764219e-03 -1.633114718418519740e+00 -8.507131957128227784e-01 1.094099385114506544e-02 -5.255162856391730752e-01 -2.393717569461821526e+01
-5.169117312512403473e-01 1.536215813054971589e-02 8.559008429116149452e-01 8.363246795855287985e+01 2.348184785659634261e-02 9.997171856460345118e-01 -3.761848852452229826e-03 -1.666658195438053713e+00 -8.557165868157367017e-01 1.815359067794609579e-02 -5.171262742579912919e-01 -2.444376859904039989e+01
-5.070861336596550473e-01 1.575205678028088890e-02 8.617514214059810440e-01 8.441848880245767361e+01 2.313300052191000211e-02 9.997215275269428769e-01 -4.661721595224234231e-03 -1.678280531531123776e+00 -8.615848939920104366e-01 1.757100280737982495e-02 -5.073093176800542725e-01 -2.490119099021780968e+01
-4.960821543174318560e-01 1.271541640201943706e-02 8.681824697065503305e-01 8.524782367653308768e+01 1.892410326097796608e-02 9.998135873346823965e-01 -3.829995455319265031e-03 -1.705159156956560951e+00 -8.680693445275231568e-01 1.452958339477842045e-02 -4.962303073948615695e-01 -2.535892873661907387e+01
-4.846997602847016307e-01 9.703700295427573896e-03 8.746267585352833773e-01 8.606100741102575569e+01 2.001634299857539892e-02 9.997996529200998683e-01 1.848567652512413211e-07 -1.730924276893716973e+00 -8.744515429796252404e-01 1.750691991396495506e-02 -4.847968859265195385e-01 -2.583069755663208866e+01
-4.736452643163005516e-01 8.386186214019420576e-03 8.806757754484400014e-01 8.685476555148301259e+01 1.989140331301689560e-02 9.998014531191102838e-01 1.177446958625743200e-03 -1.752479461447458142e+00 -8.804910609910051589e-01 1.807557034332021861e-02 -4.737180377770379147e-01 -2.623274295005907675e+01
-4.615019568562470642e-01 7.241991705271702724e-03 8.871096229763699714e-01 8.770576285057123300e+01 1.901669263971723228e-02 9.998176679123836896e-01 1.730982003991625657e-03 -1.770884792562502641e+00 -8.869353540411454295e-01 1.766874375168574554e-02 -4.615555302186888365e-01 -2.664768104036998508e+01
-4.491974490891839089e-01 9.496615188928306944e-03 8.933820300711082796e-01 8.854383534749949547e+01 2.309428574276626775e-02 9.997328063354065097e-01 9.848168302411678190e-04 -1.792467419647698401e+00 -8.931339871078182169e-01 2.107439825371666686e-02 -4.492967451779071308e-01 -2.707088473333046608e+01
