1.000000000000000000e+00 -3.306050084167601550e-19 -2.270457535318767223e-19 -8.673617379884035472e-19 7.546676715296109287e-19 1.000000000000000000e+00 6.237773588823049983e-19 1.387778780781445676e-17 -3.447385680526250622e-20 4.770700176052009879e-20 1.000000000000000222e+00 5.551115123125782702e-17
9.999248887914600203e-01 -2.893626735432800866e-03 1.191107145593353275e-02 1.642392498172901699e-02 2.877271895529357956e-03 9.999949089563643367e-01 1.390062771920596088e-03 -1.327573287150067560e-02 -1.191503681881473167e-02 -1.355688796997193577e-03 9.999281508033539545e-01 2.972460259389015924e-01
9.998149331937462581e-01 -5.503241017342691381e-03 1.843650995023412772e-02 3.599205203881031961e-02 5.481459383638993127e-03 9.999842167180701402e-01 1.231963852040403491e-03 -9.104297224139912270e-03 -1.844299881231075203e-02 -1.130696432926856518e-03 9.998293343372989250e-01 5.853507631141707801e-01
9.997674905623614716e-01 -7.760375642643214597e-03 2.011362311265580544e-02 3.836255533480786850e-02 7.771090559325639219e-03 9.999697129496925019e-01 -4.543475407787691146e-04 -1.908258899644652007e-02 -2.010948946368656606e-02 6.105631666957055809e-04 9.997974630261847739e-01 8.687341387947511429e-01
9.997793660743353739e-01 -8.595061041163563204e-03 1.916457099082960469e-02 3.231283503245454408e-02 8.624177909806894984e-03 9.999617566370678778e-01 -1.437315971157371091e-03 -3.165936844348751777e-02 -1.915148601304375239e-02 1.602295256782202380e-03 9.998152995221784023e-01 1.183309856513248937e+00
9.998718723230198835e-01 -1.125365060460799781e-02 1.138716523683826719e-02 4.687077704370759546e-02 1.129562406599845734e-02 9.999296309426886076e-01 -3.628808590659737994e-03 -2.040707223529901471e-02 -1.134553153565928674e-02 3.756923641070150643e-03 9.999286069027488733e-01 1.498723632659094029e+00
9.999210876358528566e-01 -1.255062923601053641e-02 -6.417037856380664084e-04 5.661967791335766748e-02 1.254788624478815791e-02 9.999128683145133145e-01 -4.115253065025719324e-03 -3.130468025195225212e-02 6.932825088526538412e-04 4.106878933590505688e-03 9.999913428357972700e-01 1.819470010930525294e+00
9.998057449771559080e-01 -1.077887947595687623e-02 -1.650752241415058205e-02 2.350498687680275395e-02 1.070215058822422162e-02 9.999315051478047112e-01 -4.729709541532941229e-03 -4.711267527826609736e-02 1.655740288976420213e-02 4.552164065807925118e-03 9.998526699189852485e-01 2.150075269905317832e+00
9.993516935743602669e-01 -7.020354187072497601e-03 -3.530954660205589540e-02 -6.883782172329570501e-03 6.849824825583991812e-03 9.999642832127619840e-01 -4.949205898973513609e-03 -3.966018881380718730e-02 3.534302806871057745e-02 4.704114559642249768e-03 9.993641379589717211e-01 2.503784529008897142e+00
9.985109199397466107e-01 -3.514688957489960335e-03 -5.444318376290881861e-02 -5.738630867762538335e-02 3.193558007848291448e-03 9.999769837728680333e-01 -5.984431436582502914e-03 -4.543295047670972697e-02 5.446296834577749046e-02 5.801664976508123274e-03 9.984991410986341354e-01 2.846453452094467984e+00
9.971815629759624988e-01 -3.767906732044794260e-03 -7.493463916116960277e-02 -1.082230895791088526e-01 3.325312904497789140e-03 9.999762598866087648e-01 -6.030433669172582771e-03 -5.758568370616092003e-02 7.495559801005030609e-02 5.764240397401787161e-03 9.971704375591818881e-01 3.209234127210326637e+00
9.952979111166631032e-01 -3.929009402242773612e-03 -9.679835308545378658e-02 -1.571849506849445910e-01 3.394743252067428975e-03 9.999780749128046597e-01 -5.683011171050692673e-03 -5.184306394527946060e-02 9.681857865796693330e-02 5.327741735702131581e-03 9.952894331676148676e-01 3.578030731052099345e+00
9.932669932860858086e-01 -5.566051199880201611e-03 -1.157373372616920526e-01 -1.981158453418531695e-01 5.048299074238962215e-03 9.999759185976402343e-01 -4.766220989474597575e-03 -6.147175774301431861e-02 1.157610851886790582e-01 4.150121184200302252e-03 9.932711200033287335e-01 3.966645507168261364e+00
9.910938417224574026e-01 -5.223196206351623551e-03 -1.331006581019909263e-01 -2.794119386126107663e-01 4.740806439713011848e-03 9.999809601966691552e-01 -3.942543618177660712e-03 -7.242862953443125751e-02 1.331187389331525139e-01 3.276476142897201838e-03 9.910997734097004574e-01 4.360022230519783548e+00
9.886427290876661500e-01 -3.055637152095676268e-03 -1.502888276078398477e-01 -3.592179957357273246e-01 2.569547272129650128e-03 9.999908345417114486e-01 -3.429802742798897502e-03 -6.935366208415097433e-02 1.502979429242915499e-01 3.004685450994242814e-03 9.886415098989124184e-01 4.773094290107126270e+00
9.868000776735251778e-01 -2.663700229928127067e-03 -1.618876429267077366e-01 -4.531850949095372338e-01 2.195200866257951671e-03 9.999928465785924425e-01 -3.072428200281866490e-03 -8.298655633143936505e-02 1.618946951897416997e-01 2.676484077595318867e-03 9.867988802522771330e-01 5.196701860493529779e+00
9.845115690910006823e-01 -3.884239216059192507e-03 -1.753099989398079483e-01 -5.372301983861990093e-01 3.207994322994159233e-03 9.999863042922678691e-01 -4.141652786596328011e-03 -8.947174415743643083e-02 1.753236992377559811e-01 3.515091863131024254e-03 9.845105127518328780e-01 5.637048115072471610e+00
9.825819596018842139e-01 -7.691272401695071169e-03 -1.856767611309728117e-01 -6.257224683586595226e-01 6.531575640895671137e-03 9.999551630840903815e-01 -6.857272399016727839e-03 -9.905425176125202957e-02 1.857212058864497473e-01 5.524563267530042086e-03 9.825881400512996855e-01 6.083054928558209618e+00
9.812750253092299424e-01 -7.133158151297181067e-03 -1.925164524379757991e-01 -7.287574310897991792e-01 5.580202009851937227e-03 9.999473410171237919e-01 -8.606551564267586260e-03 -1.124237803830803739e-01 1.925677572093728862e-01 7.371208870052234005e-03 9.812631855077529330e-01 6.539918452082704725e+00
9.798006013514320989e-01 -6.192771578784649240e-03 -1.998756230999335914e-01 -8.357757585828982094e-01 4.334493477601944998e-03 9.999432325556955048e-01 -9.732528014918438719e-03 -1.103654506596049162e-01 1.999245807361053617e-01 8.669326184002774591e-03 9.797718568964004504e-01 7.026199742619470889e+00
9.783165960858281052e-01 -7.396777777056675295e-03 -2.069751213257059186e-01 -9.494409871836189119e-01 4.901231932478511757e-03 9.999090153166872996e-01 -1.256865218256846342e-02 -1.235475357651965450e-01 2.070492501676947927e-01 1.128173668459928926e-02 9.782638323764766275e-01 7.505993568214618605e+00
9.764504326362695164e-01 -1.130198721269929860e-02 -2.153919827999709879e-01 -1.062297355863454085e+00 8.420834727436066550e-03 9.998626020205650944e-01 -1.428869563310483995e-02 -1.328517415422260650e-01 2.155238034622558030e-01 1.213832488777044985e-02 9.764114221302749863e-01 8.009989938904924500e+00
9.746160136169570443e-01 -1.629532842140190771e-02 -2.232675924464790351e-01 -1.180829952532003846e+00 1.316271647116762020e-02 9.997930987021057536e-01 -1.550825717853640019e-02 -1.429091909462694709e-01 2.234741876414910178e-01 1.217467416855760876e-02 9.746288567933336644e-01 8.531874964433269426e+00
9.731373668890621609e-01 -1.736796211103409926e-02 -2.295448383888566701e-01 -1.310166502136363986e+00 1.365341719441843897e-02 9.997492444368959452e-01 -1.775917251524593288e-02 -1.713295153349083111e-01 2.297956369966630275e-01 1.414840205976955478e-02 9.731304155752873442e-01 9.058001463090318950e+00
9.710284624628150452e-01 -1.294855841691049288e-02 -2.385832080365957730e-01 -1.463491041301725248e+00 7.787700581562267792e-03 9.997153391233920550e-01 -2.256032797334025716e-02 -1.741826523987653752e-01 2.388073546486544074e-01 2.004862961930710050e-02 9.708527660445610552e-01 9.582099203100865381e+00
9.687779286064160944e-01 -1.065031936537107551e-02 -2.476802349178968965e-01 -1.615647594240775753e+00 4.537766740506561820e-03 9.996712941682834863e-01 -2.523030524226251362e-02 -1.883724995882984365e-01 2.478676041265093222e-01 2.331844364680686274e-02 9.685078981206864945e-01 1.011921201342258314e+01
9.664607188903262536e-01 -1.256878266255278230e-02 -2.565828769478459281e-01 -1.778745166625453900e+00 5.641876438471312739e-03 9.995998000530191829e-01 -2.772330960610544168e-02 -2.052757834552181859e-01 2.568286388451553881e-01 2.534641894376966909e-02 9.661447408566121720e-01 1.068573084602538614e+01
9.640867655648119872e-01 -1.492274054624162863e-02 -2.652064529840887364e-01 -1.934817507533548309e+00 7.444014427551014224e-03 9.995463858831308279e-01 -2.919206320032579141e-02 -2.359361433968631683e-01 2.655217131111094475e-01 2.616990475621686768e-02 9.637604637978767208e-01 1.125353936371978847e+01
9.621034222702840033e-01 -1.451643612263412222e-02 -2.723821951288701304e-01 -2.114914764565658967e+00 5.899587753957176613e-03 9.994564804583596640e-01 -3.243073929939293415e-02 -2.543174959464851170e-01 2.727050373132069438e-01 2.959521646984995119e-02 9.616660961498355586e-01 1.184131979189231743e+01
9.596941863929072669e-01 -1.327690313094603315e-02 -2.807063800718173074e-01 -2.305625208136568016e+00 3.233229057406175090e-03 9.993390948234852633e-01 -3.620717657657426120e-02 -2.798070251193947033e-01 2.810015026439250385e-01 3.384051542118236833e-02 9.591027790214922133e-01 1.241722609227212537e+01
9.575358534314010184e-01 -1.466117637508011946e-02 -2.879886781450335942e-01 -2.494062328069947210e+00 2.939107749694721931e-03 9.991508365538667169e-01 -4.109909414627714586e-02 -3.103513079503853467e-01 2.883467653709938516e-01 3.850704051808719053e-02 9.567658160801013612e-01 1.301701214810742258e+01
9.560166584414161450e-01 -1.537018480127409770e-02 -2.928908842133266521e-01 -2.695518653448569779e+00 1.180528721066971889e-03 9.988197356034345109e-01 -4.855426284130707343e-02 -3.463034536690294263e-01 2.932914351567504352e-01 4.607338930916866221e-02 9.549063785343426813e-01 1.363700174724443670e+01
9.545828975327614874e-01 -1.578912259397942733e-02 -2.975838006765362809e-01 -2.901030161410473873e+00 -1.236231735040432128e-03 9.983764574485468613e-01 -5.695759331556335403e-02 -3.820635709211740449e-01 2.979999615787812250e-01 5.473861982882623906e-02 9.530136026297757468e-01 1.425729952484162943e+01
9.535363704693321507e-01 -1.607407204115098714e-02 -3.008760890200311011e-01 -3.115406727047945967e+00 -3.665116120625525140e-03 9.978830635506503732e-01 -6.494624862740502880e-02 -4.235444929950299420e-01 3.012829269197442317e-01 6.303173363550189368e-02 9.514589100390080656e-01 1.488860736209897517e+01
9.522062700264052326e-01 -1.712047292673716040e-02 -3.049538911037893985e-01 -3.338338934521751789e+00 -5.832937833815510405e-03 9.972270025027748508e-01 -7.420055476811117379e-02 -4.706955156354835079e-01 3.053783581711729811e-01 7.243357088064543425e-02 9.494658058399609857e-01 1.552810573722309684e+01
9.510676990108434259e-01 -1.509272684262088701e-02 -3.086401994019973838e-01 -3.560923854029871105e+00 -1.069659548324471826e-02 9.965993357743886394e-01 -8.168819142768792008e-02 -5.289996275396647851e-01 3.088239613957586283e-01 8.099112364968684419e-02 9.476720965700539123e-01 1.618840408785441909e+01
9.490138036804779409e-01 -1.339637252814702799e-02 -3.148932295603296128e-01 -3.795262863550454391e+00 -1.512647125473566209e-02 9.960104774537000827e-01 -8.794717091921983032e-02 -5.870530111594741696e-01 3.148151844632422480e-01 8.822621749706452410e-02 9.450251764158713597e-01 1.684953208631704058e+01
9.481359212291516902e-01 -1.217725771003904875e-02 -3.176164191568430772e-01 -4.044076376165961051e+00 -1.866664277186131163e-02 9.954083522386270033e-01 -9.389568642338322335e-02 -6.559766375996638477e-01 3.173010327330313962e-01 9.495626450941462016e-02 9.435552310030466128e-01 1.752884393168237054e+01
9.460453776498695122e-01 -1.056952017960574759e-02 -3.238919286499417627e-01 -4.292794828402854534e+00 -2.313576155139774465e-02 9.947138208464862963e-01 -1.000489334944415082e-01 -7.314527204508155522e-01 3.232380327156596511e-01 1.021419669460603835e-01 9.407998158240180597e-01 1.822543736049980012e+01
9.446269361760226690e-01 -6.267422437235397117e-03 -3.281769931255829609e-01 -4.551132946708709603e+00 -2.917501389046378915e-02 9.942540402166010205e-01 -1.030029471844084721e-01 -8.045366865688151625e-01 3.269370797310185983e-01 1.068727706583178644e-01 9.390163457852634954e-01 1.892081081543625132e+01
9.427311521470949085e-01 -6.083610682283757849e-03 -3.334639299670933421e-01 -4.823501922462060776e+00 -3.053162831766408764e-02 9.940622908786939105e-01 -1.044483559246097010e-01 -8.833202154851337307e-01 3.321180346663520355e-01 1.086528997701450838e-01 9.369480048997792521e-01 1.963546811818826399e+01
9.401796021438815210e-01 -5.767078885515147454e-03 -3.406224006259266912e-01 -5.100739386935586595e+00 -3.148544272174230024e-02 9.941064661477941877e-01 -1.037284921480551431e-01 -9.714043768448359373e-01 3.392127811040359098e-01 1.082494635719580406e-01 9.344572917508966459e-01 2.036013651003010949e+01
9.386650394501134809e-01 -6.685742417488447185e-03 -3.447623036406310404e-01 -5.375208166283178990e+00 -3.055675742286293947e-02 9.942662904628953857e-01 -1.024540127714331783e-01 -1.057112104990969081e+00 3.434716471669367888e-01 1.067000972810598636e-01 9.330785015155191875e-01 2.108643895470182628e+01
9.361491310934270116e-01 -5.275089285489669398e-03 -3.514845496893524990e-01 -5.664933348460082563e+00 -3.218684986216620303e-02 9.944031370585744156e-01 -1.006137437620726605e-01 -1.143596113100729728e+00 3.500472420233863291e-01 1.055062738307541714e-01 9.307402132704233333e-01 2.182658536434020746e+01
9.335743401821237075e-01 -6.038988327562021252e-03 -3.584217235049569350e-01 -5.961963633623516223e+00 -3.079797806868252857e-02 9.948073293522549099e-01 -9.699825119434143939e-02 -1.230085793559081875e+00 3.571466043568642945e-01 1.015917744001431922e-01 9.285407185424039422e-01 2.255997182005691570e+01
9.292691935350714250e-01 -3.253373682852966822e-03 -3.694197843023457328e-01 -6.281617090522736646e+00 -3.289386882809507140e-02 9.952600317785271766e-01 -9.152437757000414509e-02 -1.309393125241726130e+00 3.679665912357432123e-01 9.720245817878929440e-02 9.247577481628116436e-01 2.334091179601328037e+01
9.258314441794748273e-01 -1.492980480325829763e-03 -3.779222408862638605e-01 -6.600206432562932157e+00 -3.367121697287293186e-02 9.956898673081294726e-01 -8.640925631477101854e-02 -1.389447362061324354e+00 3.764221521218665267e-01 9.272599687662037848e-02 9.217907135825864628e-01 2.408743429394760582e+01
9.230042687454758088e-01 1.247750464681167187e-03 -3.848401271877332497e-01 -6.932944573644465258e+00 -3.595721079764744449e-02 9.958989297475223657e-01 -8.301558044439406869e-02 -1.465413034662147229e+00 3.831589778053899331e-01 9.045697512687832231e-02 9.192636344308913188e-01 2.484512495891237904e+01
9.191091884790333344e-01 2.637952017375772961e-03 -3.939884245678857422e-01 -7.280843508769491379e+00 -3.746828593784430617e-02 9.960307720895487105e-01 -8.073316206077331414e-02 -1.544944414341740346e+00 3.922108069699791200e-01 8.896847531087613559e-02 9.155603773182285909e-01 2.560427494483080935e+01
9.152538833954569908e-01 4.426206353935222514e-03 -4.028023102143891143e-01 -7.622853728327764422e+00 -3.966379188980967418e-02 9.960717202375211077e-01 -7.916101090522312256e-02 -1.618444568089227209e+00 4.008689001611899227e-01 8.843285543263859627e-02 9.118344486665219684e-01 2.638587613961950851e+01
9.118780521752437584e-01 3.078755680338817694e-03 -4.104281931420544205e-01 -7.990423627965468789e+00 -3.900225023396591134e-02 9.960971391606791014e-01 -7.919532271147686209e-02 -1.690979796209389985e+00 4.085818787969155985e-01 8.822943508193820117e-02 9.084395821282803540e-01 2.715816998598982224e+01
9.076773681309598940e-01 3.530343404053037145e-03 -4.196658147416976181e-01 -8.362846069097754409e+00 -3.974211954492921223e-02 9.961941485692012987e-01 -7.757300075900237790e-02 -1.765349057486059081e+00 4.177956108182404038e-01 8.708400538082512743e-02 9.043627576871987594e-01 2.794589783265417182e+01
9.037105632065037808e-01 3.922889725325374999e-03 -4.281818412740454050e-01 -8.747869727171865506e+00 -3.978977697512738748e-02 9.963997957871358890e-01 -7.486047259361884587e-02 -1.839791257554948212e+00 4.263465906489018464e-01 8.468884748544196206e-02 9.006133725241523003e-01 2.874337926373104324e+01
9.013095469531251513e-01 4.289169865573149408e-03 -4.331930137894933197e-01 -9.145760652680053227e+00 -3.875511754892711769e-02 9.967393197235061564e-01 -7.075612826276067580e-02 -1.912474516293943161e+00 4.314768444606145170e-01 8.056019999438339407e-02 8.985370507962082698e-01 2.954968117843726105e+01
8.970287506018835844e-01 6.543039873264870632e-03 -4.419310710783917462e-01 -9.560576644986912953e+00 -3.940142317805363920e-02 9.970931346291839192e-01 -6.521455559649039224e-02 -1.975572504497075776e+00 4.402199552081682010e-01 7.591000648028900510e-02 8.946788907737242003e-01 3.036284313023035963e+01
8.940847920919980929e-01 4.955473175659140181e-03 -4.479306255541476434e-01 -9.972351157383680942e+00 -3.618706907232641795e-02 9.974691822112261574e-01 -6.121764661847804018e-02 -2.044423628941547832e+00 4.464940679874150331e-01 7.094108180485927950e-02 8.920012949381089795e-01 3.117462555196417640e+01
8.894463638417311468e-01 5.007965670927026249e-03 -4.570105429742203351e-01 -1.040766455059141649e+01 -3.571904058717762648e-02 9.976432243192939753e-01 -5.857827022946867496e-02 -2.115730867780959201e+00 4.556404190680527488e-01 6.842374420960080361e-02 8.875289182705548008e-01 3.199852084871839608e+01
8.866868013862382325e-01 4.625542841302251670e-03 -4.623696798221711979e-01 -1.085669732139810684e+01 -3.536258751567120107e-02 9.976996127514277113e-01 -5.785693514742651367e-02 -2.176983841767289984e+00 4.610388296419924425e-01 6.765144584625921997e-02 8.848106326190787740e-01 3.282876910506362123e+01
8.839705264207914359e-01 3.600638124716986493e-03 -4.675583279998005160e-01 -1.129725865207716851e+01 -3.386206821777072024e-02 9.978372668784730726e-01 -5.632899226036401641e-02 -2.231956208893599580e+00 4.663446103394839337e-01 6.562202254683825731e-02 8.821806419691380352e-01 3.366450206465892592e+01
8.804285944884449044e-01 3.481522465182625408e-03 -4.741794233751327470e-01 -1.176640422311406908e+01 -3.348766294568141649e-02 9.979326921770274028e-01 -5.485575436044302228e-02 -2.296663906838867675e+00 4.730082270105609443e-01 6.417646752137030897e-02 8.787251095518741062e-01 3.450721776053973855e+01
8.792619421261875789e-01 1.380739157176464954e-03 -4.763189383263700116e-01 -1.224688274362454798e+01 -3.163095327901214310e-02 9.979577669160509812e-01 -5.550465117867336984e-02 -2.359013259573363719e+00 4.752693213050879217e-01 6.387383864968484981e-02 8.775101579392681206e-01 3.536441307072870899e+01
8.770965330926355774e-01 1.229735102047711456e-03 -4.802962782426496990e-01 -1.272806983030010564e+01 -3.167239048211539787e-02 9.979684164198149299e-01 -5.526044624770830305e-02 -2.420677818233257561e+00 4.792527242842847812e-01 6.367713490705485813e-02 8.753534750938729569e-01 3.621691736409160711e+01
8.747125710476965077e-01 1.611997358713003741e-03 -4.845785076175994077e-01 -1.322829088936315323e+01 -3.274076268752933866e-02 9.979064414162220897e-01 -5.578689020713584884e-02 -2.482394720356980500e+00 4.834739981339201131e-01 6.466743330682371560e-02 8.729341830126136070e-01 3.709734307127719433e+01
8.749673252497585096e-01 1.023150782592947708e-03 -4.840542221978322845e-01 -1.373065643847156814e+01 -3.201642712111728989e-02 9.979313888106217112e-01 -5.574098886787735158e-02 -2.545757613325158708e+00 4.829959399817297938e-01 6.427031926080355173e-02 8.731900887541036438e-01 3.798633181962423322e+01
8.746864630500195137e-01 8.915617612659799116e-05 -4.847425259681506504e-01 -1.424084370229095597e+01 -3.026115846857059186e-02 9.980590024420558093e-01 -5.442302394943439314e-02 -2.616087500229764551e+00 4.837968605023095781e-01 6.227150350982088578e-02 8.729916699182338480e-01 3.887768130919606335e+01
8.740329140315685752e-01 -9.472336301294009310e-04 -4.859444715977448426e-01 -1.475778790244015504e+01 -2.885525855423467720e-02 9.981318019361746785e-01 -5.385500484045483566e-02 -2.678498955666394288e+00 4.850881314995363347e-01 6.108858196015403558e-02 8.723726375478821904e-01 3.979658181324099786e+01
8.740501032129661674e-01 -2.952354397224684051e-03 -4.857524897316795043e-01 -1.527776955299586881e+01 -2.714013171582032799e-02 9.981233357577172782e-01 -5.491476704104612805e-02 -2.743033700541672282e+00 4.850029949642877258e-01 6.118540485710549648e-02 8.723297014788408132e-01 4.071818691787917999e+01
8.719166645278195737e-01 -5.374996844352720494e-03 -4.896898192419971707e-01 -1.581546162928091803e+01 -2.498587899886045571e-02 9.981486251748565852e-01 -5.544613520777711552e-02 -2.810653656499529252e+00 4.890816850097420287e-01 6.057604083336783768e-02 8.701681316230076568e-01 4.165462643074859983e+01
8.719339707898096092e-01 -6.067937793358693654e-03 -4.896052168874143740e-01 -1.634640053598583975e+01 -2.314070428286724851e-02 9.982950675632644710e-01 -5.359607865558612544e-02 -2.877074096449430574e+00 4.890957174366661331e-01 5.806302065842301741e-02 8.703071149634241666e-01 4.258045683848239804e+01
8.688396869906349629e-01 -5.182765730857504492e-03 -4.950543833114216530e-01 -1.688353736613753142e+01 -2.273413231987285107e-02 9.984727138238678190e-01 -5.035091326915427240e-02 -2.948176681337782767e+00 4.945592974462271751e-01 5.500212067434506052e-02 8.673950142894099047e-01 4.351326928203791056e+01
8.658494246108647818e-01 -5.731585554078768088e-03 -5.002512036326346445e-01 -1.742990145157240178e+01 -2.005124449166829914e-02 9.987333508165733287e-01 -4.613712053407607178e-02 -3.010077057714514837e+00 4.998818549667620736e-01 4.998033631605390548e-02 8.646380321248997580e-01 4.444627346163115789e+01
8.620468709328239498e-01 -7.826992922586499882e-03 -5.068413934558938516e-01 -1.797549372629926268e+01 -1.730902681468536597e-02 9.988427349833419733e-01 -4.487357571900847664e-02 -3.076502349970930528e+00 5.066064211244214466e-01 4.745452010475599558e-02 8.609137612217434565e-01 4.535690675886402090e+01
8.572592063961580466e-01 -9.344654769760039545e-03 -5.147117469436179871e-01 -1.853554333814980737e+01 -1.673855980747208580e-02 9.988009543796518841e-01 -4.601299352240204726e-02 -3.145759646489852734e+00 5.145244206596832903e-01 4.806378303251654382e-02 8.560749753516621041e-01 4.627444464571812688e+01
8.514446140977802724e-01 -1.341147102871081791e-02 -5.242737375914956477e-01 -1.910500074075728705e+01 -1.528540997328749380e-02 9.986136410598247526e-01 -5.035967853071082051e-02 -3.214901728997267671e+00 5.242226783532439871e-01 5.088949258100175510e-02 8.500591540716737615e-01 4.718796794813568596e+01
8.452683910963448843e-01 -1.246136071497184680e-02 -5.342387378575621515e-01 -1.969309504022509927e+01 -1.641992110871741059e-02 9.986501129705263047e-01 -4.927068342849874605e-02 -3.277027747321788809e+00 5.341318287205998327e-01 5.041648832828021093e-02 8.439227325244682554e-01 4.809510491194603787e+01
8.391212835151866667e-01 -1.049112307113570126e-02 -5.437300576761361359e-01 -2.029592905066506248e+01 -1.611336159656783992e-02 9.988957209230513445e-01 -4.413690382523621086e-02 -3.333244817679855476e+00 5.435923860958472575e-01 4.580200487675217813e-02 8.380256715337470741e-01 4.899884347950219166e+01
8.343977716569178638e-01 -6.974219710646887942e-03 -5.510008827709927948e-01 -2.090774953715250817e+01 -1.782150172269104244e-02 9.990555764561237506e-01 -3.963701160753998337e-02 -3.400222541574375423e+00 5.507568903937269944e-01 4.289703009178887777e-02 8.334854932298847441e-01 4.990184239316344872e+01
8.302854495578045890e-01 -6.129698411546344143e-03 -5.574086739802330825e-01 -2.151642050872196776e+01 -2.017513573228989915e-02 9.989535331831751463e-01 -4.105073261555168551e-02 -3.457752257812511054e+00 5.570772220464462743e-01 4.532811623057659417e-02 8.292929214796016524e-01 5.078735793918178842e+01
8.266914754045383562e-01 -8.036772210647890810e-03 -5.624490338363771214e-01 -2.213668585319909710e+01 -2.134520903272657186e-02 9.987301715278935621e-01 -4.563643414691082034e-02 -3.516881776669754434e+00 5.621014948499629682e-01 4.973630205073305277e-02 8.254701935254846745e-01 5.167652842704507066e+01
8.244917596665712889e-01 -9.844242652210727709e-03 -5.656899979995457795e-01 -2.274589736393347650e+01 -2.429760071626141729e-02 9.983105823405826751e-01 -5.278017196915384124e-02 -3.589991446390818464e+00 5.652536227403575086e-01 5.726646765812899720e-02 8.228597869181696334e-01 5.254086720536781030e+01
8.199743187319219473e-01 -1.114025912124388777e-02 -5.722943356637774093e-01 -2.336643310234067528e+01 -2.450894227312912579e-02 9.982102420408175414e-01 -5.454444728504717621e-02 -3.655399019610056310e+00 5.718776752222135551e-01 5.875292199242119345e-02 8.182337818175926536e-01 5.341535570086967510e+01
8.183794906998775875e-01 -9.652615812856592606e-03 -5.747501341116277862e-01 -2.399519712336225652e+01 -2.375078413049717257e-02 9.984366983463652812e-01 -5.060243024736766487e-02 -3.726500886735695683e+00 5.743404340493294402e-01 5.505747464002460484e-02 8.168707110926123338e-01 5.429315177512621915e+01
8.147099486525315459e-01 -7.846927918910782604e-03 -5.796724866367917173e-01 -2.464132472182018674e+01 -2.255624740782741916e-02 9.987229308224778723e-01 -4.521852359744952393e-02 -3.787797532735832640e+00 5.792865965902186387e-01 4.992136713754769667e-02 8.134924101558809184e-01 5.518461520513868379e+01
8.112903856148616644e-01 -6.344200538858728831e-03 -5.845872527159802212e-01 -2.528367155655215726e+01 -2.241758695900515283e-02 9.988682276649734071e-01 -4.194375382310948364e-02 -3.851571005041005247e+00 5.841916090777561354e-01 4.713491901018969366e-02 8.102300137724722795e-01 5.606017157654196126e+01
8.099202861443870471e-01 -5.330309362824853583e-03 -5.866576805791166027e-01 -2.592946646372361386e+01 -2.484239738916713819e-02 9.987498254491655736e-01 -4.338720053356857204e-02 -3.916601239786348110e+00 5.861558009135519054e-01 4.970848225185517388e-02 8.087751784951011658e-01 5.692571845835394839e+01
8.049257973657398813e-01 -7.324730530133581781e-03 -5.932072219496928867e-01 -2.658550453595735164e+01 -2.387699598390466763e-02 9.987141952467818440e-01 -4.472566456863484585e-02 -3.976042510545798603e+00 5.927716861577910779e-01 5.017017572914964085e-02 8.037160192550016902e-01 5.779458762759183799e+01
8.012478909418691009e-01 -9.206553359912175716e-03 -5.983490563827316144e-01 -2.724545310004706522e+01 -2.358470433305325659e-02 9.986186911769023844e-01 -4.695387254777445840e-02 -4.034925636220354939e+00 5.979550550599782577e-01 5.172998430327794411e-02 7.999238717920562625e-01 5.866810160789200523e+01
7.973829196991260027e-01 -1.031465137136420435e-02 -6.031852008865475900e-01 -2.791004018735248238e+01 -2.315042721683837484e-02 9.985952818144910870e-01 -4.767829050844912125e-02 -4.099319499302637837e+00 6.028290281132968609e-01 5.199109178484375565e-02 7.960239518829895777e-01 5.953435465829087292e+01
7.928614447657437170e-01 -1.039454568366653987e-02 -6.093316871412405300e-01 -2.858804173688797690e+01 -2.249170965083157475e-02 9.986741847696952723e-01 -4.630132140386990225e-02 -4.164754250414933523e+00 6.090050416755083962e-01 5.041522488534865010e-02 7.915764910929181664e-01 6.038536776302327524e+01
7.882956710859960747e-01 -1.115902164679898924e-02 -6.152368179438106877e-01 -2.926965171083533335e+01 -2.124540817415569716e-02 9.987457398029797595e-01 -4.534460201256897138e-02 -4.226182248459007695e+00 6.149713513450059121e-01 4.881375416299722769e-02 7.870699315411391339e-01 6.124174956868378672e+01
7.830181177302378837e-01 -1.196060792822508691e-02 -6.218247008245750829e-01 -2.996573690939752765e+01 -2.145517600525802260e-02 9.987007715644756756e-01 -4.622065315316860323e-02 -4.298136282065221359e+00 6.215694426670722583e-01 4.953619359452238885e-02 7.817443217648571974e-01 6.209842903004407333e+01
7.762060649383252242e-01 -1.369423724045031217e-02 -6.302585139216736465e-01 -3.066661879823390180e+01 -2.145128487661400116e-02 9.986116801377727947e-01 -4.810221657945940726e-02 -4.364421736549155106e+00 6.300421741013074728e-01 5.085896200359469460e-02 7.748347121611458554e-01 6.295588449603409487e+01
7.719453108361350457e-01 -1.494542508745773726e-02 -6.353798357443218858e-01 -3.137530695264068470e+01 -2.030132686542159698e-02 9.986339844073285343e-01 -4.814872217804454929e-02 -4.424534234821839718e+00 6.352313188723411885e-01 5.007100953397503745e-02 7.705876063449766944e-01 6.379820844981420436e+01
7.652998002763746754e-01 -1.608722339123506984e-02 -6.434347436881679982e-01 -3.209835304254760757e+01 -2.052367980682648363e-02 9.985694514065032168e-01 -4.937069573577974185e-02 -4.493373868500182056e+00 6.433081762191986686e-01 5.099483563584968071e-02 7.638749819253681794e-01 6.464074614372884753e+01
7.605824556054849861e-01 -1.921422613185880257e-02 -6.489018115259816977e-01 -3.282873591958281878e+01 -1.861850189986826928e-02 9.985052988097217197e-01 -5.139059743363479787e-02 -4.562671211640258129e+00 6.489190473661052838e-01 5.117377254452946250e-02 7.590880859626011334e-01 6.548726233044089895e+01
7.536131535592164310e-01 -2.009357934045769359e-02 -6.571456798185074666e-01 -3.356692163083113911e+01 -1.794920459035616311e-02 9.985308506384281690e-01 -5.113072983471098759e-02 -4.626702926348620792e+00 6.572077454229267035e-01 5.032779420917908586e-02 7.521453844589717219e-01 6.632495540002476275e+01
7.479316777439305453e-01 -2.123153054669227671e-02 -6.634806174116734123e-01 -3.432503089859790890e+01 -1.652752769143765385e-02 9.985827561490888682e-01 -5.058890557780221925e-02 -4.697020112116125468e+00 6.636150671926646094e-01 4.879566476516564166e-02 7.465208229696211895e-01 6.715660201643275684e+01
7.427113656380134321e-01 -2.185105591142542936e-02 -6.692095844920760150e-01 -3.508388431852733191e+01 -1.530048720582387507e-02 9.986526929289640808e-01 -4.958251193550200497e-02 -4.769107910212277979e+00 6.693913707215416453e-01 4.706530915918009234e-02 7.413762244454128458e-01 6.798544730328949015e+01
7.344118136577976186e-01 -2.329923543090269694e-02 -6.784077314882764886e-01 -3.585164878090415641e+01 -1.483309656212512297e-02 9.986208092112736079e-01 -5.035932797395701460e-02 -4.839202456109384265e+00 6.786457009317456990e-01 4.704380397259946139e-02 7.330534667419825734e-01 6.881728204874839605e+01
7.290250680004669581e-01 -2.586384259396713736e-02 -6.841025942094329793e-01 -3.664626153815778764e+01 -1.348147297291060927e-02 9.985494750642908146e-01 -5.212463491961004391e-02 -4.912238489256775864e+00 6.844585921453494315e-01 4.722037074608229079e-02 7.276190361321724920e-01 6.963585021694574095e+01
7.227053303763887326e-01 -2.630654818081485519e-02 -6.907823613763314219e-01 -3.743999064583915981e+01 -1.414761469566426684e-02 9.985028848300923077e-01 -5.282824312353117530e-02 -4.989456127126088880e+00 6.911384031160934249e-01 4.794687878850240059e-02 7.212513084713452205e-01 7.045461207885199428e+01
7.166875118852641391e-01 -2.636223836957334032e-02 -6.968744569560538782e-01 -3.824609894771286633e+01 -1.411151181631168164e-02 9.985324618227174875e-01 -5.228446710633073008e-02 -5.057528717947235464e+00 6.972302068257866248e-01 4.730438204511066419e-02 7.152637847415730388e-01 7.126220003872504094e+01
7.120884622385844631e-01 -2.565876495471100874e-02 -7.016298648795364912e-01 -3.907006079239485530e+01 -1.490922558366000218e-02 9.985539611942655380e-01 -5.165177448380606912e-02 -5.130594997752408126e+00 7.019404532210685721e-01 4.724357511069397775e-02 7.106762268128166138e-01 7.207632866556048157e+01
7.068660945000057039e-01 -2.723422857114474530e-02 -7.067236649440107321e-01 -3.988785717588883983e+01 -1.498751313140516545e-02 9.984575239730919538e-01 -5.346015242430422060e-02 -5.208165740876357752e+00 7.070891820397674499e-01 4.838404035382203733e-02 7.053675236091166978e-01 7.288565599723469290e+01
7.030930252979324946e-01 -2.949034588945566651e-02 -7.106224220590049434e-01 -4.072716933007018270e+01 -1.486092966913031208e-02 9.983120959270703754e-01 -5.612830033489048243e-02 -5.287113683576226464e+00 7.110784721849501278e-01 5.002105495503118143e-02 7.014679180206028208e-01 7.370202911569371906e+01
6.972143730034133791e-01 -3.170794677362193115e-02 -7.160925847861817628e-01 -4.155954455039896800e+01 -1.517837713187208774e-02 9.981443967150835928e-01 -5.898638973312678863e-02 -5.367057688892355571e+00 7.166331481216331456e-01 5.200492342296610115e-02 6.954392625652863202e-01 7.450112999203810205e+01
6.934016924101571444e-01 -3.247655118536407065e-02 -7.197531509756582846e-01 -4.241319290635254191e+01 -1.572355784079757651e-02 9.980638225059458302e-01 -6.019084253911875099e-02 -5.447885637976000339e+00 7.203136534729145390e-01 5.306021062250602244e-02 6.915483295739485170e-01 7.530570048130660155e+01
6.870737303287095532e-01 -3.273036359758220437e-02 -7.258277837895679152e-01 -4.327603170139170174e+01 -1.499456024549923432e-02 9.981332911301215027e-01 -5.919058926310993840e-02 -5.525712555623578659e+00 7.264109822510425030e-01 5.154434371164260537e-02 6.853004572551585349e-01 7.611199121802727063e+01
6.826007599835253181e-01 -3.395823861565368945e-02 -7.300384792961150948e-01 -4.414946890030020654e+01 -1.299648602427757281e-02 9.981977169395702676e-01 -5.858735856920097018e-02 -5.611701406018784866e+00 7.307119460987809845e-01 4.948409986830260704e-02 6.809289991968997535e-01 7.691048635397564226e+01
6.783030459891493669e-01 -3.487232399939008132e-02 -7.340594804931332984e-01 -4.502488953539996430e+01 -1.307291943626369760e-02 9.981422625047846608e-01 -5.949011285903400836e-02 -5.699010148877950321e+00 7.347710186864426785e-01 4.994252249379921987e-02 6.765869824415825518e-01 7.770306229647086127e+01
6.725729915882302512e-01 -3.712906790878898328e-02 -7.389619969750227391e-01 -4.590764319012389905e+01 -1.128728264140147278e-02 9.981097863021650696e-01 -6.041106432439809215e-02 -5.783918567256472798e+00 7.398076696539915842e-01 4.897767525219311885e-02 6.708823542507181825e-01 7.849191212432539544e+01
6.686069376655445762e-01 -3.775038226282953491e-02 -7.427476691705046097e-01 -4.680162863618185298e+01 -1.012868215263672267e-02 9.981555906776105047e-01 -5.984648283711985900e-02 -5.867455228727994410e+00 7.436375566891992861e-01 4.753368327682642308e-02 6.669912958908541523e-01 7.929302962512643660e+01
6.630066040106078473e-01 -3.880429177869498120e-02 -7.475154100305191340e-01 -4.770105154912759104e+01 -9.028521300255640952e-03 9.981686319782685501e-01 -5.982129983765244186e-02 -5.947019895361251862e+00 7.484673682827732710e-01 4.641599693520705172e-02 6.614419372060090785e-01 8.008045560234539550e+01
6.601142881390060779e-01 -4.248915053484357551e-02 -7.498560097476396624e-01 -4.861433829747205237e+01 -5.841668475683445272e-03 9.980783088294885586e-01 -6.170916068690158324e-02 -6.038098786134132645e+00 7.510360790350399940e-01 4.512289701659896735e-02 6.585976261531485410e-01 8.086988466744654147e+01
6.559640640974672143e-01 -4.700818456472819623e-02 -7.533628682837738566e-01 -4.951943465484458784e+01 -2.911017890742548415e-03 9.978937196119811448e-01 -6.480779999310543049e-02 -6.131982377721574728e+00 7.548225857823147589e-01 4.470721540848554554e-02 6.544455128565613844e-01 8.165943598849176510e+01
6.509327795732090527e-01 -5.201154075248099612e-02 -7.573599152064550699e-01 -5.043937102602881595e+01 1.123784230104545078e-03 9.977153744383624456e-01 -6.755742343779172487e-02 -6.224043629342652650e+00 7.591423233424740014e-01 4.313621538969050068e-02 6.495035178748728155e-01 8.244935753789501121e+01
6.451911971064977491e-01 -5.705409897438400851e-02 -7.618116381357207256e-01 -5.138025695088687428e+01 7.899865890794497900e-03 9.976535744071268752e-01 -6.801258526013725936e-02 -6.319323685369264254e+00 7.639026694731090306e-01 3.788096109543469953e-02 6.441264995244310176e-01 8.324246316546154389e+01
6.355484277402768667e-01 -6.018079218657482882e-02 -7.697104202304442255e-01 -5.232603646052402979e+01 1.104009151830632682e-02 9.975642872433221342e-01 -6.885942279192343307e-02 -6.412084806163361961e+00 7.719799698919933562e-01 3.526857325851296548e-02 6.346640126927928227e-01 8.402294929747787933e+01
6.277048650000210950e-01 -6.212996088961315194e-02 -7.759897927793887318e-01 -5.327222182057073496e+01 1.451092208383617660e-02 9.975700445688043816e-01 -6.813704399247480503e-02 -6.514498623112091380e+00 7.783386427832267307e-01 3.149964563436501858e-02 6.270819772948831305e-01 8.479462490409231634e+01
6.188612156570078016e-01 -6.086763486827371367e-02 -7.830721580828947648e-01 -5.424515127859649510e+01 1.563082137425553936e-02 9.977502138598054460e-01 -6.518281492162099344e-02 -6.602501853619845207e+00 7.852783629726134418e-01 2.809685876229738727e-02 6.184200560407431269e-01 8.554403526764406251e+01
6.079427449569725361e-01 -6.131654986586077688e-02 -7.915633576758835943e-01 -5.524690868923869402e+01 1.539123057678911353e-02 9.977360814334385042e-01 -6.545983651925925406e-02 -6.708144471128117736e+00 7.937856587472985614e-01 2.760765571906597521e-02 6.075104178799138888e-01 8.629934849726505774e+01
6.006170022073507031e-01 -6.161443287221931436e-02 -7.972528376886244272e-01 -5.623409330965521491e+01 1.350870373906718977e-02 9.976662890420538998e-01 -6.692408128733365325e-02 -6.797654169146682079e+00 7.995158877364885175e-01 2.943054920427087481e-02 6.000470515202181998e-01 8.702973384261379408e+01
5.899699485736510374e-01 -6.509673581433185474e-02 -8.047751132935210272e-01 -5.724029176481396064e+01 1.505910239208492832e-02 9.974583214222172423e-01 -6.965053294350102842e-02 -6.899598924727887272e+00 8.072632167696844885e-01 2.897459774925112766e-02 5.894508975608947488e-01 8.775245585714171170e+01
5.783805276889093516e-01 -6.688978567229419969e-02 -8.130660107767415656e-01 -5.827346633408228627e+01 1.503318895297868669e-02 9.973376300334733102e-01 -7.135497739068921708e-02 -7.000457836681695412e+00 8.156741312732451732e-01 2.905192772379087615e-02 5.778457589608144707e-01 8.846849034921936550e+01
5.695184875247690792e-01 -6.799937101470183987e-02 -8.191040661064148409e-01 -5.929365879885870072e+01 1.843872607294451058e-02 9.973780047187730258e-01 -6.997984266059734115e-02 -7.106667574060656634e+00 8.217152390947853879e-01 2.474686938139288028e-02 5.692796170704230718e-01 8.917932852704321078e+01
5.576280485249363039e-01 -6.889263208621961010e-02 -8.272605248178889203e-01 -6.033618226198593248e+01 2.059054239272663928e-02 9.973910069551988888e-01 -6.919138182054797304e-02 -7.203174656356830852e+00 8.298692719520571748e-01 2.154791406240991539e-02 5.575922979172344141e-01 8.987556735970856892e+01
5.484837207957310445e-01 -6.878748074927068523e-02 -8.334052775413698377e-01 -6.140555322570494923e+01 1.946784889990577083e-02 9.973906080377386019e-01 -6.952317007304401053e-02 -7.304661757375212616e+00 8.360131417620429994e-01 2.191063450072878310e-02 5.483919069949302338e-01 9.056182092791402738e+01
5.377377787611529181e-01 -7.051644087893871315e-02 -8.401382594017879901e-01 -6.247357931503452733e+01 1.944724111710216877e-02 9.972685439813547825e-01 -7.125212551345153078e-02 -7.411704218727037663e+00 8.428680252710051279e-01 2.197711454866034878e-02 5.376402355422520429e-01 9.123896309035738739e+01
5.278782649334702315e-01 -7.165534752711902322e-02 -8.463423490712742581e-01 -6.355742868701951664e+01 1.784627535744832266e-02 9.971496195763457360e-01 -7.332492324709875831e-02 -7.514240376229679441e+00 8.491838728738666520e-01 2.360240724246491853e-02 5.276536211702684831e-01 9.190035911657895440e+01
5.193208113519164337e-01 -7.293041512373647783e-02 -8.516003698658735077e-01 -6.463730004490469128e+01 1.652729746929689630e-02 9.970221789894821995e-01 -7.529657925100326221e-02 -7.619368305038768163e+00 8.545586201314240293e-01 2.501504520920174238e-02 5.189802122686173469e-01 9.254849124499259005e+01
