1.0 0.0 0.0 0.0 0.0 1.0 0.0 0.0 0.0 0.0 1.0 0.0
0.99992794 0.0119221825 0.0014467895 0.29748535 -0.011918066 0.999925 -0.002819443 -0.013305664 -0.0014802936 0.0028019974 0.999995 0.01171875
0.9998287 0.018468497 0.0012702288 0.5855713 -0.018461404 0.9998151 -0.005387088 -0.03137207 -0.0013694665 0.005362719 0.9999847 0.005493164
0.99979645 0.020163743 -0.00046151204 0.8688965 -0.020166678 0.9997674 -0.007630336 -0.033935547 0.00030753404 0.007638094 0.9999708 0.013061523
0.9998142 0.019219296 -0.0014625969 1.1834717 -0.019231012 0.99977916 -0.008469153 -0.028930664 0.0012994851 0.008495703 0.99996305 0.02331543
0.9999277 0.011448405 -0.003685748 1.4985352 -0.011488943 0.9998716 -0.011173083 -0.04675293 0.0035574057 0.011214617 0.9999308 0.009155273
0.9999913 -0.0005788389 -0.0041354913 1.8192139 0.00052692526 0.9999212 -0.012546806 -0.061279297 0.004142426 0.012544517 0.9999128 0.017700195
0.99985373 -0.016450487 -0.004704289 2.1499023 0.0163985 0.99980646 -0.010878168 -0.034057617 0.0048822872 0.01079944 0.9999297 0.03137207
0.9993657 -0.035258874 -0.0049973363 2.503662 0.03522221 0.9993532 -0.007245221 -0.010253906 0.005249583 0.0070646415 0.99996126 0.021728516
0.99850035 -0.054392718 -0.0062367874 2.8465576 0.05436928 0.99851364 -0.0038684763 0.033447266 0.006437917 0.0035235942 0.99997306 0.025268555
0.99717224 -0.07488377 -0.006356228 3.2098389 0.074857555 0.99718535 -0.0042652576 0.076660156 0.0066577466 0.0037773978 0.9999707 0.03540039
0.9952919 -0.09674874 -0.0060838787 3.5792236 0.096721746 0.99530256 -0.0045840465 0.11767578 0.006498699 0.003974006 0.999971 0.027709961
0.99327534 -0.11568909 -0.0050487197 3.968628 0.115656324 0.99327165 -0.006362313 0.15136719 0.0057504764 0.005735681 0.99996704 0.03540039
0.9911044 -0.13305496 -0.0043001417 4.362915 0.13302745 0.99109834 -0.006151166 0.22607422 0.005080184 0.005524691 0.9999718 0.044677734
0.9886447 -0.15024965 -0.004146765 4.7768555 0.15023279 0.9886474 -0.0041153925 0.29956055 0.0047179433 0.0034459534 0.99998295 0.03967285
0.986802 -0.16185094 -0.003899285 5.201294 0.16183631 0.9868047 -0.0038141063 0.38879395 0.0044652545 0.0031325885 0.9999851 0.0513916
0.9845152 -0.17526603 -0.004833428 5.642456 0.1752413 0.98451805 -0.0051384037 0.46740723 0.0056591146 0.0042120647 0.99997514 0.05529785
0.9825974 -0.18562534 -0.0069212215 6.0891113 0.18556084 0.9825925 -0.009024026 0.55126953 0.008476317 0.0075827 0.9999353 0.061767578
0.98127186 -0.19246289 -0.008813404 6.546509 0.1923897 0.98128885 -0.008517264 0.65112305 0.0102874115 0.0066620344 0.99992484 0.072387695
0.9797795 -0.19981702 -0.010159384 7.033325 0.19974549 0.979817 -0.0076340134 0.7548828 0.011479986 0.005450118 0.99991924 0.06762695
0.9782729 -0.20691665 -0.012821737 7.513672 0.20681396 0.97833824 -0.008890774 0.8651123 0.014383711 0.006046133 0.9998783 0.07763672
0.97642606 -0.21536112 -0.013741934 8.018433 0.21519105 0.9764754 -0.012863438 0.97387695 0.01618947 0.009602807 0.999823 0.083984375
0.9746511 -0.22328018 -0.013840273 8.541138 0.2230238 0.9746433 -0.017921774 1.0883789 0.017492006 0.014379716 0.9997436 0.09118652
0.9731544 -0.22958227 -0.015857384 9.067993 0.22927561 0.9731695 -0.019042902 1.2143555 0.01980366 0.014895696 0.9996931 0.11645508
0.9708698 -0.23858394 -0.021807477 9.592651 0.23830384 0.9710723 -0.014687892 1.3640137 0.024681352 0.00906293 0.9996545 0.115478516
0.9685212 -0.24763845 -0.025131093 10.130615 0.24739392 0.9688295 -0.01246033 1.512207 0.027433507 0.005849097 0.99960643 0.12646484
0.966161 -0.25657555 -0.027219824 10.69812 0.25626355 0.9665191 -0.014450688 1.6710205 0.030014895 0.006988627 0.9995251 0.14013672
0.9637809 -0.26524994 -0.028102476 11.26709 0.26485947 0.9641499 -0.01687757 1.8227539 0.03157134 0.008825726 0.99946284 0.16784668
0.96168536 -0.27241525 -0.031571835 11.855713 0.27201155 0.96217585 -0.016526602 1.9992676 0.034877837 0.007306694 0.9993648 0.18273926
0.95911914 -0.28069428 -0.035865754 12.432617 0.28031316 0.9597782 -0.015351551 2.1860352 0.038732156 0.0046687666 0.9992387 0.20471191
0.9567836 -0.2880033 -0.04057993 13.033325 0.287547 0.9576336 -0.016790066 2.3706055 0.043695845 0.0043974295 0.9990353 0.23120117
0.9549234 -0.2928977 -0.048177328 13.653931 0.29238498 0.95613444 -0.01752619 2.5689697 0.051196843 0.0026476742 0.99868494 0.26220703
0.9530289 -0.29755118 -0.056871668 14.27478 0.2970082 0.9547236 -0.017967248 2.7714844 0.059642576 0.00023806561 0.99822044 0.2927246
0.9514723 -0.30078214 -0.06518469 14.906616 0.30023515 0.95369893 -0.018262424 2.9832764 0.06765984 -0.0021886257 0.9977071 0.32910156
0.9494782 -0.30481464 -0.07461256 15.546753 0.30423275 0.9523948 -0.019322999 3.203247 0.076951265 -0.00435228 0.9970261 0.37072754
0.947678 -0.30822164 -0.08318644 16.207764 0.30787304 0.9512786 -0.01730729 3.4230957 0.08446701 -0.009211401 0.9963825 0.4239502
0.9450253 -0.3141821 -0.09045322 16.869995 0.31408748 0.94924635 -0.015649743 3.6538086 0.09078137 -0.0136256525 0.9957778 0.477417
0.94355077 -0.3166356 -0.09719531 17.55017 0.31677172 0.9483867 -0.014437925 3.9000244 0.09675076 -0.017162804 0.995162 0.5418701
0.94078934 -0.32254237 -0.104412414 18.248047 0.32300904 0.9463187 -0.012868671 4.1448975 0.10295951 -0.021615893 0.994451 0.6126709
0.9389955 -0.32624176 -0.10915651 18.94458 0.32729873 0.9449132 -0.008593367 4.4002686 0.10594559 -0.027644232 0.99398863 0.682251
0.93692523 -0.3314167 -0.11096585 19.660767 0.3325752 0.9430268 -0.008454185 4.6689453 0.10744318 -0.028983586 0.99378943 0.75805664
0.9344327 -0.33852074 -0.11060257 20.38733 0.3397409 0.9404804 -0.008205682 4.9417725 0.10679567 -0.029910931 0.99383026 0.8438721
0.9330555 -0.34278613 -0.10907925 21.115234 0.34388453 0.9389661 -0.0091675 5.2127686 0.1055662 -0.02896576 0.9939882 0.92749023
0.9307134 -0.349382 -0.10791981 21.8573 0.35062993 0.93645185 -0.007824045 5.498291 0.10379323 -0.030571155 0.9941272 1.012085
0.9285157 -0.3565043 -0.1040471 22.592773 0.35759 0.9338725 -0.008664165 5.7908936 0.10025312 -0.029153587 0.9945342 1.0974121
0.9247262 -0.3673738 -0.0997125 23.376343 0.36864838 0.9295618 -0.0059964564 6.1049805 0.09489173 -0.031207537 0.994999 1.1760254
0.92175525 -0.375871 -0.09527901 24.125244 0.37720188 0.9261163 -0.0043307594 6.4188232 0.08986592 -0.031951793 0.9954405 1.2554932
0.91922134 -0.38264126 -0.09304156 24.88501 0.3841638 0.9232853 -0.0016636774 6.7474365 0.086541735 -0.0342123 0.9956602 1.3303223
0.9155133 -0.39171493 -0.09159861 25.646606 0.39333844 0.9193913 -0.00036802236 7.090332 0.084355205 -0.035692886 0.9957958 1.4084473
0.9117811 -0.40039155 -0.09110506 26.430542 0.4021757 0.9155392 0.0013306704 7.42749 0.082874544 -0.037860703 0.9958398 1.4801025
0.9083877 -0.4081016 -0.09094406 27.205078 0.409792 0.9121693 -9.388151e-05 7.7904053 0.082993574 -0.037176576 0.9958578 1.5505371
0.904308 -0.41732928 -0.08984499 27.995361 0.41904467 0.90797114 0.00026108697 8.157715 0.081471406 -0.037888303 0.9959551 1.623291
0.9005567 -0.42589998 -0.08749239 28.79541 0.427584 0.9040019 0.0005603484 8.537842 0.078853115 -0.037909128 0.99616516 1.6965332
0.8984804 -0.43105718 -0.083388805 29.603882 0.43262953 0.90159 0.00086432137 8.932007 0.074806854 -0.036855765 0.9965155 1.7685547
0.89461666 -0.43984243 -0.078777686 30.4198 0.4414253 0.89729655 0.003015405 9.342041 0.069362074 -0.037472554 0.99688756 1.831543
0.891945 -0.44613597 -0.07384248 31.234009 0.44744566 0.8943402 0.0013529793 9.749634 0.06543925 -0.03423696 0.99727005 1.8997803
0.8874719 -0.4552996 -0.071368635 32.06079 0.4565461 0.889698 0.0013031585 10.17981 0.06290406 -0.03374354 0.99744856 1.9700928
0.884754 -0.46070182 -0.07062254 32.89319 0.46190804 0.8869389 0.0008619075 10.625 0.062244523 -0.033373434 0.9975041 2.0297852
0.88212717 -0.4660142 -0.06861982 33.73108 0.46710172 0.8842192 -0.0002233542 11.061768 0.06077906 -0.0318587 0.99764204 2.083374
0.8786715 -0.472687 -0.06720515 34.576294 0.4737332 0.88067555 -0.0004173693 11.526611 0.05938289 -0.03146768 0.9977393 2.1468506
0.87746257 -0.47493833 -0.06691655 35.43518 0.47585374 0.8795112 -0.0025420627 12.00415 0.06006033 -0.029607091 0.9977561 2.2072754
0.87530565 -0.4789235 -0.06673816 36.289673 0.47983173 0.87734747 -0.002736718 12.481934 0.059862122 -0.029639766 0.9977653 2.267334
0.87288356 -0.48314357 -0.06774646 37.17212 0.48411193 0.87496907 -0.0023990562 12.978638 0.06043636 -0.030700408 0.9977006 2.3271484
0.87314165 -0.48266402 -0.06734808 38.062378 0.48358423 0.8752228 -0.0029833685 13.479004 0.060386043 -0.029977242 0.99772435 2.388794
0.87294745 -0.48346975 -0.06535534 38.955322 0.48427683 0.87493557 -0.00392882 13.986694 0.05907896 -0.028217677 0.9978541 2.4578857
0.8723323 -0.48476145 -0.06418025 39.875854 0.48547643 0.87427926 -0.0049810125 14.500977 0.058527656 -0.026808223 0.9979258 2.5186768
0.8722954 -0.4846643 -0.06427983 40.79883 0.48526302 0.874299 -0.006984387 15.018677 0.059589103 -0.025095379 0.9979088 2.5810547
0.870141 -0.48873374 -0.06369359 41.737427 0.48918006 0.8721681 -0.009450928 15.552612 0.06017016 -0.022933029 0.99792427 2.6467285
0.87028414 -0.48875624 -0.06118194 42.664795 0.48910558 0.87217635 -0.0101490505 16.081299 0.058322895 -0.021085445 0.99807566 2.7120361
0.86737096 -0.494242 -0.05814344 43.60022 0.49458578 0.8690719 -0.009331338 16.61438 0.055142548 -0.020663876 0.99826455 2.7824707
0.86461914 -0.49958786 -0.053146042 44.53589 0.499812 0.8660649 -0.009949423 17.156738 0.05099522 -0.017964989 0.99853677 2.8441162
0.86090297 -0.50631493 -0.050653413 45.44934 0.506398 0.86225766 -0.012123659 17.697754 0.04981456 -0.015208371 0.99864274 2.9094238
0.8560677 -0.51422405 -0.05129813 46.369873 0.5142488 0.857478 -0.013729288 18.252808 0.05104936 -0.0146268355 0.9985894 2.9768066
0.8500617 -0.52388954 -0.054171596 47.28662 0.523749 0.8516851 -0.017897798 18.816528 0.05551309 -0.013163994 0.9983706 3.0430908
0.84392166 -0.5338097 -0.053736657 48.197266 0.533728 0.84551066 -0.017063217 19.39917 0.054542344 -0.014282272 0.9984089 3.10437
0.8380216 -0.5433057 -0.049155 49.104736 0.5432721 0.8393456 -0.015214757 19.996826 0.049525663 -0.013956507 0.9986755 3.161255
0.8334715 -0.55050486 -0.046270844 50.010986 0.55060095 0.8346076 -0.011789974 20.604248 0.045112003 -0.01564933 0.99885976 3.2287598
0.8292726 -0.55682063 -0.048724737 50.89917 0.5570025 0.8305075 -0.011014733 21.20874 0.046599496 -0.017996818 0.99875176 3.284912
0.8254512 -0.5618165 -0.053153507 51.79077 0.5619936 0.8269385 -0.012973176 21.825073 0.051246677 -0.019169752 0.99850214 3.3416748
0.8228385 -0.5649264 -0.06069809 52.656982 0.56516594 0.82477707 -0.014801674 22.430908 0.05842491 -0.022128968 0.9980466 3.411621
0.8182144 -0.5715395 -0.062210925 53.534424 0.5717473 0.8202721 -0.016173158 23.046997 0.060271163 -0.022336101 0.99793184 3.475708
0.8168498 -0.5740275 -0.05852232 54.41455 0.5742438 0.8186593 -0.01472315 23.672852 0.05636085 -0.021569494 0.99817777 3.5474854
0.81347007 -0.5790077 -0.05339904 55.309082 0.5792201 0.8149659 -0.012991002 24.315308 0.05104283 -0.020364977 0.9984893 3.6099854
0.8102047 -0.5839344 -0.05062728 56.1875 0.5841702 0.81153333 -0.011554172 24.95398 0.047830183 -0.020217277 0.9986506 3.6743164
0.80874276 -0.58589345 -0.053206105 57.05493 0.58623564 0.81017447 -0.010558991 25.597046 0.04929451 -0.022642031 0.99852806 3.7384033
0.80368936 -0.59249914 -0.053692184 57.927002 0.592761 0.8051887 -0.012634773 26.248657 0.050719876 -0.021676071 0.99847794 3.796997
0.7999016 -0.59766775 -0.055273224 58.803223 0.59787244 0.8015239 -0.014575688 26.904663 0.053013787 -0.021383036 0.9983649 3.8547363
0.7960048 -0.6025367 -0.055550497 59.672363 0.60269517 0.7976647 -0.015745483 27.56543 0.053802975 -0.020949386 0.9983327 3.918579
0.79155874 -0.60872114 -0.0539952 60.52661 0.6088515 0.7931389 -0.015905207 28.239258 0.05250609 -0.020285161 0.99841446 3.984375
0.78705645 -0.6146923 -0.052413534 61.38623 0.6147587 0.7885697 -0.016748248 28.916748 0.05162887 -0.019035773 0.9984852 4.0460205
0.781732 -0.62128574 -0.053156357 62.246338 0.6213338 0.78330064 -0.01763323 29.608398 0.052591722 -0.019246455 0.99843055 4.117676
0.7748262 -0.6297475 -0.05450634 63.107666 0.6297406 0.776503 -0.019473014 30.3042 0.05458523 -0.019245133 0.9983232 4.1833496
0.7705846 -0.6349355 -0.053734824 63.953125 0.6348529 0.7722435 -0.020793265 31.009033 0.054702677 -0.018096088 0.9983388 4.2436523
0.7638741 -0.64300615 -0.05468271 64.79956 0.6428899 0.76560944 -0.022038411 31.727173 0.05603207 -0.018321238 0.9982607 4.312378
0.75909907 -0.648603 -0.054881994 65.649414 0.64832 0.7609025 -0.025237733 32.45337 0.058129832 -0.016420778 0.99817425 4.3813477
0.7521604 -0.65689415 -0.054059245 66.49121 0.6565594 0.75393546 -0.026228344 33.186646 0.057982687 -0.015753563 0.99819356 4.445923
0.74654233 -0.6633046 -0.05254405 67.32666 0.66289055 0.7482522 -0.027456302 33.94043 0.05753122 -0.01433551 0.9982407 4.51709
0.74140257 -0.669087 -0.050827585 68.15918 0.66862285 0.74302745 -0.028158754 34.69519 0.056607 -0.013111783 0.99831027 4.59021
0.7330852 -0.67833835 -0.05082956 68.995605 0.67780447 0.73473644 -0.029733019 35.45764 0.057512347 -0.012652325 0.99826443 4.6607666
0.7276611 -0.6841409 -0.051022924 69.81787 0.683468 0.72936004 -0.032376785 36.248047 0.05936052 -0.01130897 0.99817246 4.734253
0.72129345 -0.6908191 -0.05176308 70.640625 0.69013864 0.72304964 -0.032911863 37.037354 0.060157597 -0.011983546 0.99811643 4.812256
0.7153068 -0.69691586 -0.051130764 71.45215 0.69623405 0.7170324 -0.033056915 37.839355 0.05970195 -0.011955634 0.99814457 4.881714
0.71071583 -0.7016318 -0.051076725 72.269775 0.7009986 0.7124343 -0.03242162 38.659668 0.05913602 -0.012758851 0.9981685 4.956299
0.70541155 -0.7067717 -0.052227784 73.08276 0.70606726 0.7072257 -0.034069072 39.47351 0.061018877 -0.012848254 0.9980539 5.034546
0.7015186 -0.7107467 -0.053876758 73.90234 0.70992976 0.7034702 -0.036376383 40.309204 0.063742734 -0.01272979 0.9978843 5.1140137
0.69549567 -0.7162872 -0.055871468 74.70532 0.71536225 0.69761246 -0.038671475 41.13745 0.06668202 -0.0130623095 0.9976899 5.194458
0.6916058 -0.7199626 -0.05693312 75.51318 0.7190079 0.69381064 -0.039491784 41.98767 0.06793954 -0.013615817 0.9975974 5.2764893
0.6853615 -0.72606754 -0.055425912 76.32373 0.7250881 0.6874793 -0.03983929 42.846313 0.0670305 -0.012896969 0.99766666 5.3563232
0.6809995 -0.7303723 -0.05337386 77.12598 0.729295 0.6830006 -0.04113476 43.716064 0.066493526 -0.010906447 0.99772733 5.444336
0.6766605 -0.7344281 -0.053838886 77.92212 0.7333025 0.67871124 -0.042108104 44.58789 0.0674562 -0.010992316 0.9976606 5.533203
0.67096806 -0.739461 -0.05288204 78.71509 0.7381823 0.6729856 -0.044444107 45.466675 0.06845648 -0.009221528 0.99761146 5.619751
0.6670828 -0.74329513 -0.051444553 79.519775 0.7419679 0.6690156 -0.045124914 46.357178 0.067949995 -0.00806937 0.99765545 5.7054443
0.6615406 -0.7481269 -0.05033169 80.31128 0.74672836 0.6634154 -0.04625692 47.252808 0.068001196 -0.006983023 0.9976612 5.7871094
0.6587166 -0.75068545 -0.04904828 81.104004 0.74902946 0.6605277 -0.049981624 48.16284 0.06993128 -0.0038054585 0.9975459 5.8797607
0.6545869 -0.7544563 -0.048645772 81.89722 0.75248164 0.6563911 -0.054555696 49.06421 0.07308883 -0.00088772736 0.9973253 5.9747314
0.6496725 -0.75876266 -0.047087997 82.69116 0.7564234 0.65136856 -0.059626542 49.980225 0.075908475 0.0031310944 0.9971106 6.068115
0.6443322 -0.763522 -0.04184606 83.48877 0.76083744 0.645614 -0.06475314 50.916992 0.076446 0.009891495 0.9970251 6.1656494
0.63489217 -0.77160037 -0.03924384 84.2749 0.7687078 0.63597214 -0.06801254 51.857666 0.07742268 0.013005694 0.9969124 6.26062
0.62733006 -0.7779674 -0.035480633 85.05176 0.77497905 0.628117 -0.0700725 52.799316 0.07680628 0.016455868 0.9969098 6.3658447
0.6186717 -0.78492767 -0.032074153 85.80664 0.78209215 0.6192545 -0.068935215 53.767822 0.073968604 0.017553424 0.99710524 6.4577637
0.60776746 -0.7934406 -0.03158373 86.568115 0.7905772 0.60834235 -0.069527775 54.764404 0.0743841 0.017280754 0.99707943 6.5664062
0.600302 -0.79916817 -0.033405416 87.30322 0.79625255 0.6010347 -0.06991744 55.74756 0.07593853 0.01537439 0.99699366 6.6585693
0.58972645 -0.8069093 -0.032951053 88.03198 0.80372924 0.59040433 -0.07353302 56.74878 0.07879535 0.016886149 0.9967484 6.7629395
0.5781321 -0.8153199 -0.03302507 88.754395 0.8119938 0.57883054 -0.07547176 57.776855 0.08064072 0.01681945 0.9966013 6.8668213
0.5695853 -0.82137424 -0.028715033 89.47095 0.8180343 0.56995064 -0.07670012 58.792725 0.07937617 0.02019495 0.99664015 6.977051
0.55791414 -0.8295406 -0.025507662 90.17383 0.8261898 0.5580509 -0.07774796 59.830322 0.07873309 0.022305239 0.99664634 7.0776367
0.5487139 -0.8356889 -0.025860075 90.86572 0.8323319 0.5489153 -0.077755526 60.895508 0.07917189 0.021148218 0.996637 7.1831055
0.5379732 -0.84254354 -0.025916137 91.54907 0.83903885 0.5381844 -0.0796133 61.958984 0.08102369 0.021083493 0.9964889 7.293701
0.5279897 -0.8488566 -0.02753049 92.21631 0.8452183 0.5283478 -0.080867596 63.038574 0.08320728 0.019441424 0.99634403 7.3999023
0.51932 -0.8542285 -0.028933426 92.86987 0.8504517 0.519812 -0.082241766 64.1145 0.085274056 0.018085973 0.9961912 7.508789
0.5070606 -0.86137027 -0.03024523 93.50415 0.8576163 0.5077224 -0.08182256 65.21118 0.08584534 0.015561353 0.99618804 7.6237793
0.4984396 -0.8664154 -0.02868814 94.1416 0.8627421 0.49901694 -0.08124622 66.30957 0.08470106 0.01574295 0.99628145 7.73584
0.4900943 -0.8712045 -0.02619693 94.77222 0.86773705 0.4905295 -0.07931539 67.43286 0.08194706 0.016130717 0.99650544 7.8564453
0.48250228 -0.87563956 -0.025559757 95.389404 0.87217367 0.48291296 -0.07947791 68.56177 0.08190897 0.016056798 0.99650985 7.968872
0.47376058 -0.88037866 -0.024592562 95.99341 0.8766377 0.47406572 -0.08298394 69.6897 0.084718764 0.017754111 0.99624676 8.084106
0.4679858 -0.8834872 -0.022680208 96.60742 0.8793718 0.46805722 -0.08773821 70.82324 0.08815195 0.021120662 0.9958841 8.202637
0.46089137 -0.8871137 -0.021955185 97.19678 0.88275135 0.4608671 -0.09068188 71.95264 0.09058937 0.022427678 0.9956377 8.325195
0.4564804 -0.88948864 -0.021724643 97.784424 0.88477206 0.45636943 -0.0945423 73.1084 0.094022006 0.023925034 0.9952822 8.453613
0.45202512 -0.8918013 -0.01883858 98.36084 0.8870334 0.4516356 -0.09586028 74.255615 0.09398426 0.026602928 0.9952163 8.578857
0.44615155 -0.8948475 -0.015877267 98.93799 0.8903561 0.44557652 -0.09371677 75.39502 0.09092764 0.027662868 0.995472 8.712036
0.44500434 -0.89552605 -0.0090967035 99.52026 0.8913138 0.44385463 -0.0928937 76.541504 0.087231554 0.03322655 0.99563366 8.840942
0.44078764 -0.8977405 -0.006595511 100.07446 0.8936538 0.43945968 -0.09235735 77.683105 0.085807405 0.034807708 0.9957029 8.961792
0.43723878 -0.89953583 -0.0061316174 100.62671 0.89555347 0.43592554 -0.09126332 78.818115 0.084756404 0.034401115 0.99580675 9.084839
0.43534267 -0.90031135 -0.0021063462 101.18164 0.896487 0.433707 -0.09108978 79.96362 0.082914844 0.03776267 0.99584055 9.20874
0.43182212 -0.9019079 0.000107368454 101.71289 0.8981813 0.4300279 -0.0908812 81.08008 0.08189832 0.039348032 0.9958641 9.319458
0.43034783 -0.9027268 0.0021237396 102.265625 0.8990243 0.4283694 -0.09150562 82.217285 0.08168054 0.041267984 0.99580204 9.436523
0.42888522 -0.90333396 0.0043830643 102.79321 0.89968765 0.42670873 -0.09193876 83.33496 0.08119348 0.043357547 0.9957534 9.554565
0.4254333 -0.9050792 0.008383243 103.3208 0.90174377 0.4230322 -0.09016315 84.444336 0.078051254 0.04588458 0.9958901 9.664917
0.4229412 -0.9060051 0.011851332 103.84424 0.9027838 0.42024907 -0.090753116 85.54932 0.0772649 0.04909087 0.99580187 9.775391
0.42189074 -0.90658367 0.01240375 104.34741 0.90332705 0.41912237 -0.091522045 86.62207 0.07777534 0.04982183 0.99572563 9.888184
0.41985643 -0.9074899 0.0135506485 104.84766 0.9042028 0.41695258 -0.092562445 87.71387 0.07836015 0.05111741 0.9956138 9.996338
0.419825 -0.9075462 0.013431017 105.346924 0.9041481 0.41686088 -0.09389525 88.78418 0.07962952 0.05158104 0.9954907 10.102905
0.41974208 -0.9075804 0.011731719 105.82373 0.9040032 0.41685838 -0.09502147 89.83276 0.08135989 0.050492756 0.9954052 10.213013
0.4222424 -0.906428 0.009076298 106.30884 0.90269184 0.4195448 -0.09544177 90.89331 0.0827283 0.04849259 0.99539185 10.323975
0.4252673 -0.9050176 0.0072503737 106.785645 0.90119475 0.4227073 -0.09555406 91.93164 0.08339487 0.047162943 0.9953993 10.4296875
0.43239093 -0.90182567 0.004127953 107.271484 0.89779854 0.43001702 -0.09648432 92.95825 0.0852338 0.045429748 0.9953254 10.540039
0.43750107 -0.89900994 0.0028793644 107.76514 0.89498127 0.43523315 -0.09602301 93.98389 0.0850776 0.04460231 0.99537677 10.649902
0.44440633 -0.89577645 0.001792294 108.25415 0.8918168 0.44225293 -0.09481524 94.994385 0.084148526 0.04372532 0.99549264 10.75647
0.45226562 -0.8918556 0.00058579724 108.75635 0.88788164 0.45018762 -0.09458938 95.99658 0.0841093 0.043304164 0.99551564 10.857422
0.46189356 -0.88704896 0.00012945943 109.270996 0.8831912 0.45987207 -0.09321302 96.99463 0.08262229 0.043151602 0.99564487 10.965698
0.46887392 -0.8831972 -0.0012071552 109.78076 0.8793015 0.46693206 -0.09320579 97.98584 0.08288621 0.042654768 0.99564713 11.068848
0.47998318 -0.87721103 -0.0028466843 110.31177 0.8731918 0.4780876 -0.094114706 98.975586 0.08394436 0.042699195 0.9955563 11.169189
0.49006766 -0.87161034 -0.0071157655 110.842285 0.8671818 0.48836878 -0.097007096 99.93506 0.08805014 0.041370556 0.99525684 11.270508
0.50253993 -0.8645064 -0.011336359 111.37842 0.85994154 0.5011571 -0.09690458 100.88452 0.08944128 0.03895533 0.9952304 11.379395
0.51403505 -0.8575826 -0.013853578 111.933105 0.85314775 0.51290447 -0.09455565 101.83716 0.088198856 0.036785815 0.9954234 11.484131
0.5259822 -0.8504024 -0.014414797 112.50049 0.84614027 0.5249142 -0.09252596 102.77002 0.086246505 0.036473807 0.9956062 11.593384
0.5398962 -0.84155476 -0.014210738 113.08423 0.8374759 0.53881097 -0.09065547 103.69824 0.08396639 0.03703188 0.9957793 11.696289
0.5489077 -0.8357496 -0.01553667 113.67578 0.8317039 0.5479202 -0.08982456 104.60498 0.08359191 0.036382996 0.99583566 11.799561
0.56101054 -0.8276269 -0.01650594 114.273926 0.8235347 0.56003433 -0.09014605 105.49512 0.083840124 0.036985956 0.9957931 11.8967285
0.5737764 -0.8187208 -0.018090973 114.88574 0.81441915 0.5727961 -0.09206986 106.375244 0.08575118 0.038093455 0.9955882 11.996338
0.5844853 -0.81109303 -0.017552309 115.499756 0.806719 0.5833526 -0.0933008 107.22827 0.085940234 0.040366065 0.9954817 12.097534
0.5943828 -0.80405486 -0.018385861 116.11987 0.79970366 0.593287 -0.0928095 108.07837 0.08554211 0.0404691 0.9955131 12.207764
0.6068172 -0.7946535 -0.018333286 116.75122 0.7904348 0.6057053 -0.09148852 108.92651 0.083809055 0.041032463 0.99563736 12.306641
0.61639816 -0.78720766 -0.016865324 117.37598 0.78326213 0.61521673 -0.08908662 109.73755 0.08051003 0.04170659 0.9958813 12.400757
0.6263775 -0.7793315 -0.017153975 118.02612 0.7755009 0.62522656 -0.08769887 110.54712 0.07907372 0.041647423 0.9960003 12.501831
0.63665235 -0.7708551 -0.021313582 118.659424 0.7669838 0.6358393 -0.08628144 111.32593 0.08005299 0.03859454 0.99604434 12.593506
0.64660496 -0.76235807 -0.024510192 119.28931 0.7584294 0.6460239 -0.08560621 112.09497 0.08109746 0.036770765 0.9960286 12.687744
0.6569337 -0.7534891 -0.025096113 119.95581 0.74952734 0.6563377 -0.08583162 112.86035 0.081149735 0.03757858 0.9959937 12.779663
0.6639912 -0.7472871 -0.02525432 120.5979 0.74345416 0.6634306 -0.084238835 113.60181 0.07970814 0.037169203 0.99612623 12.865723
0.6730496 -0.7391826 -0.023366079 121.25244 0.7355693 0.6723653 -0.08244029 114.331055 0.07664847 0.038301025 0.9963226 12.95459
0.6828268 -0.7300821 -0.023287226 121.9353 0.72646016 0.68207854 -0.08272376 115.04321 0.07627509 0.039565075 0.99630153 13.04187
0.68909603 -0.7241901 -0.025968293 122.585205 0.7205878 0.6885801 -0.08120028 115.73364 0.0766691 0.037241887 0.9963609 13.122192
0.69753677 -0.71610737 -0.02529718 123.25806 0.7125758 0.69694644 -0.080699556 116.42749 0.07540305 0.0382742 0.9964195 13.210571
0.70441437 -0.7094205 -0.02480214 123.91113 0.7061413 0.70387083 -0.07760981 117.09619 0.07250496 0.037161373 0.9966759 13.288818
0.7115225 -0.7022593 -0.02565258 124.576416 0.6992301 0.71114737 -0.07372552 117.767334 0.07001798 0.03451548 0.99694765 13.375366
0.7194516 -0.6939584 -0.025605816 125.2439 0.69100887 0.71907556 -0.07268113 118.420166 0.06885674 0.034594372 0.9970266 13.450439
0.7265092 -0.6868005 -0.025880393 125.89331 0.6838314 0.72611433 -0.0728863 119.04541 0.06884044 0.035260953 0.9970046 13.5271
0.73382753 -0.6788038 -0.027486462 126.55591 0.67598337 0.73361194 -0.06994726 119.668945 0.06764488 0.03274222 0.9971713 13.592773
0.74449915 -0.6670855 -0.026474774 127.22827 0.66452825 0.7442845 -0.06652137 120.268555 0.06408632 0.03193446 0.9974336 13.666992
0.7542243 -0.65622354 -0.026359854 127.87842 0.6538882 0.7540745 -0.06307627 120.845215 0.06126688 0.03033546 0.99765974 13.729492
0.7633985 -0.6454024 -0.02615356 128.56201 0.6431712 0.7632514 -0.061503667 121.43384 0.059660945 0.03013242 0.99776393 13.801636
0.7732373 -0.6333846 -0.029051598 129.2085 0.6311198 0.7732555 -0.060664535 121.97632 0.06089228 0.028567743 0.99773514 13.861328
0.7830617 -0.62128264 -0.030716363 129.87256 0.6189564 0.7831397 -0.0608814 122.51318 0.061872125 0.028663397 0.99767226 13.922852
0.7930566 -0.6083198 -0.030902885 130.55933 0.6060138 0.79312116 -0.06044222 123.05444 0.061281234 0.029202707 0.99769306 13.987549
0.80332214 -0.59485143 -0.030532312 131.23755 0.59268034 0.80338544 -0.058382303 123.5542 0.05925181 0.028813537 0.9978279 14.045898
0.81367147 -0.58072644 -0.028738668 131.94775 0.57867426 0.813628 -0.05722878 124.0564 0.056613274 0.029939344 0.9979472 14.107422
0.8233359 -0.5670562 -0.02635152 132.62402 0.5651603 0.823173 -0.05574705 124.54614 0.053301483 0.03101361 0.9980971 14.16748
0.83186716 -0.5543351 -0.024720706 133.33447 0.55259335 0.8316536 -0.053810004 125.02588 0.050389934 0.031097833 0.9982452 14.217163
0.84087265 -0.54078203 -0.02276349 134.06372 0.53913194 0.8405513 -0.053294722 125.4751 0.047954604 0.032535367 0.99831885 14.271851
0.8477428 -0.52997327 -0.020814149 134.75977 0.52838343 0.8473005 -0.053518765 125.94971 0.046005636 0.03437722 0.9983499 14.3203125
0.85439885 -0.5191704 -0.020866258 135.48755 0.5175967 0.8539489 -0.053253144 126.38623 0.045466967 0.034699835 0.99836314 14.368652
0.8615866 -0.50715566 -0.020201016 136.25903 0.5057042 0.8611584 -0.05115624 126.81763 0.043339677 0.033858288 0.9984866 14.419312
0.8675177 -0.49708563 -0.02149149 136.95557 0.49562252 0.86714894 -0.050530136 127.25098 0.043748584 0.033186857 0.99849117 14.461548
0.8733896 -0.48650718 -0.020728692 137.72705 0.4851346 0.87301767 -0.049117055 127.68823 0.04199839 0.03284306 0.99857783 14.506348
0.87975335 -0.47497427 -0.020519715 138.47583 0.4735978 0.87934244 -0.04948163 128.08716 0.041553006 0.033809274 0.9985634 14.551636
0.88471764 -0.46568877 -0.02056569 139.2461 0.4642824 0.8842663 -0.050283488 128.49658 0.041604377 0.034939464 0.998523 14.58728
0.8897376 -0.45603463 -0.02105961 140.0332 0.45460194 0.8892797 -0.050623536 128.9021 0.04181086 0.035469346 0.99849594 14.635864
0.8917927 -0.45195717 -0.021089083 140.80005 0.45054585 0.8913471 -0.050127916 129.28857 0.041454535 0.03520087 0.99851996 14.679077
0.89633244 -0.44305497 -0.017967489 141.60107 0.44183427 0.89581776 -0.048225433 129.7002 0.03745919 0.035289895 0.9986751 14.724731
0.89933676 -0.43704504 -0.015653241 142.40747 0.43603063 0.898852 -0.04475482 130.08765 0.033623483 0.033425163 0.9988757 14.763184
0.9019013 -0.43168595 -0.013453579 143.22241 0.43081683 0.901412 -0.042575173 130.49341 0.030510224 0.03260241 0.99900264 14.796143
0.9055262 -0.4240758 -0.012443983 144.0747 0.42334166 0.90510815 -0.039169684 130.87915 0.02787358 0.030199448 0.9991553 14.831909
0.9086234 -0.417504 -0.010413803 144.90698 0.41688347 0.90820277 -0.037293248 131.28687 0.025024906 0.029544512 0.9992504 14.859497
0.9122199 -0.40966555 -0.008627781 145.77197 0.40911737 0.9117708 -0.036642577 131.66821 0.022874197 0.029896313 0.99929136 14.888916
0.9155003 -0.40221915 -0.005899151 146.65771 0.40175295 0.9149802 -0.036902934 132.05688 0.020243425 0.03141569 0.9993015 14.920654
0.9189414 -0.39439967 -0.0046877977 147.54932 0.3939688 0.91838044 -0.03730571 132.44702 0.019020535 0.032436024 0.9992927 14.948364
0.9219566 -0.3872337 -0.0048592538 148.43408 0.38679388 0.92138296 -0.037697975 132.82715 0.019079177 0.03287465 0.9992771 14.962769
0.9264823 -0.3763245 -0.0034118877 149.39258 0.37589696 0.9257934 -0.04012421 133.20068 0.018255306 0.035892844 0.99918926 14.993774
0.93052536 -0.36621326 -0.0046268394 150.30762 0.36570784 0.9297751 -0.04227408 133.57227 0.01978196 0.03764539 0.9990955 15.016357
0.9348463 -0.35494894 -0.006371484 151.28394 0.35438082 0.9341137 -0.04257915 133.9414 0.021067034 0.03754855 0.99907285 15.046265
0.939929 -0.34131533 -0.0075429473 152.24219 0.34074295 0.93926334 -0.041203182 134.30298 0.021149717 0.036158115 0.999122 15.071289
0.94526875 -0.32623947 -0.00770518 153.22046 0.325746 0.944725 -0.0375247 134.66064 0.019523129 0.032961197 0.99926573 15.093262
0.9513376 -0.30809435 -0.0060982257 154.25879 0.30772966 0.95087856 -0.033692967 134.98877 0.016178556 0.03017627 0.9994137 15.112671
0.9576463 -0.2878454 -0.0050322893 155.24854 0.2875645 0.95724976 -0.030771922 135.32349 0.013674289 0.02802109 0.9995139 15.143066
0.9640072 -0.26591575 -0.004009854 156.29443 0.26569703 0.9636474 -0.02874458 135.61597 0.011504705 0.026645292 0.9995788 15.162598
0.96933717 -0.24573265 -0.0030528267 157.35596 0.24556382 0.9690073 -0.027049972 135.906 0.009604761 0.025470546 0.9996293 15.175903
0.97455126 -0.22418562 5.294243e-05 158.43872 0.22410755 0.9742054 -0.02662992 136.15771 0.005917473 0.025964294 0.99964535 15.199219
0.97969 -0.2005187 0.0040100594 159.53296 0.20055655 0.9793873 -0.024375282 136.39258 0.0009594923 0.02468425 0.99969476 15.204956
0.9839447 -0.17827041 0.008497887 160.65527 0.17841838 0.9837052 -0.022157732 136.61499 -0.004410075 0.023318369 0.9997184 15.216553
0.9877709 -0.15550356 0.011719947 161.79321 0.15572137 0.9875873 -0.020796746 136.80615 -0.008341942 0.022367276 0.9997151 15.2146
0.9908157 -0.13474216 0.011757027 162.9209 0.13495603 0.9906579 -0.019831836 136.98901 -0.008975459 0.021236025 0.9997341 15.218872
0.9936522 -0.11201601 0.0101817185 164.05444 0.11219054 0.9935107 -0.01859233 137.14575 -0.008032823 0.01961665 0.99977535 15.212891
0.99570334 -0.09211703 0.009315703 165.23999 0.092280895 0.9955498 -0.019033246 137.24365 -0.00752041 0.01981116 0.99977535 15.204224
0.9973206 -0.07209968 0.012397793 166.43848 0.07233854 0.99717915 -0.02004211 137.35059 -0.010917989 0.020885114 0.99972224 15.20459
0.9985484 -0.05210663 0.013649333 167.6206 0.05237636 0.998423 -0.020209765 137.41895 -0.012574777 0.020895367 0.9997026 15.195557
0.9994533 -0.029159976 0.01558702 168.85425 0.029458178 0.99938047 -0.019254863 137.48901 -0.015015858 0.01970347 0.99969304 15.18457
0.9998009 -0.010810136 0.016774941 170.07446 0.011105317 0.9997834 -0.017607335 137.49658 -0.016581018 0.017790055 0.9997043 15.169556
0.99977833 0.009831468 0.01862108 171.30493 -0.009502345 0.9997985 -0.017675342 137.51123 -0.018791147 0.01749451 0.9996702 15.157715
0.9993829 0.029959938 0.018343886 172.55493 -0.029702222 0.9994586 -0.014164116 137.50366 -0.018758219 0.013610614 0.99973136 15.135132
0.99858 0.05001483 0.01834653 173.82861 -0.049766365 0.998666 -0.013760931 137.44604 -0.019010257 0.012828368 0.99973696 15.120728
0.9973849 0.07043181 0.01624043 175.10815 -0.07023219 0.997452 -0.012551464 137.37134 -0.017083107 0.011378323 0.99978936 15.106934
0.9958659 0.089650095 0.014792985 176.37915 -0.08947467 0.9959176 -0.012124341 137.28027 -0.015819062 0.010750883 0.9998171 15.089111
0.99404126 0.10815476 0.013417786 177.67896 -0.108029716 0.9940977 -0.00972064 137.15112 -0.014390085 0.0082130395 0.9998627 15.070557
0.9914093 0.13030468 0.01170768 179.00635 -0.13018264 0.99143714 -0.010642458 136.99854 -0.012993973 0.009027125 0.99987483 15.062988
0.988867 0.14867444 0.0064126737 180.32837 -0.14860727 0.98884803 -0.009922711 136.83008 -0.007815911 0.008859482 0.9999302 15.058472
0.9858513 0.16763294 0.0007620311 181.65283 -0.16762277 0.9858253 -0.0074324934 136.62573 -0.001996945 0.0071996446 0.9999721 15.06189
0.98317695 0.18262345 -0.0030764937 182.96533 -0.18263733 0.98316604 -0.0050804126 136.39893 0.0020969773 0.0055568777 0.99998236 15.057129
0.97970784 0.20033263 -0.00667623 184.30615 -0.20035456 0.97972226 -0.0027885898 136.15234 0.0059822462 0.0040694084 0.99997383 15.069946
0.9756259 0.21926059 -0.008111672 185.66748 -0.21926543 0.9756585 0.00029909424 135.86157 0.007979792 0.0014869492 0.99996704 15.086426
0.9716401 0.236345 -0.007785353 187.03418 -0.23635715 0.9716681 -0.0006648414 135.54468 0.007407839 0.002485904 0.9999695 15.105469
0.96704936 0.25453207 -0.008211661 188.35889 -0.25455496 0.9670764 -0.0018567508 135.2085 0.0074687432 0.0038848498 0.99996465 15.119141
0.96251863 0.2709699 -0.011564765 189.68506 -0.27099746 0.96257997 -0.00085482886 134.85596 0.010900555 0.003957265 0.99993277 15.143188
0.9576522 0.2875005 -0.014835126 191.11572 -0.28751743 0.95776135 0.0010295904 134.45068 0.014504868 0.0032800254 0.99988943 15.164673
0.9516894 0.30684593 -0.013352281 192.49268 -0.3068438 0.95178103 0.0022574954 134.03442 0.013400947 0.0019479205 0.99990827 15.195801
0.9459518 0.32403773 -0.013191551 193.84326 -0.3239965 0.94604355 0.0052122725 133.57837 0.014168944 -0.0006561177 0.9998994 15.220825
0.940039 0.3408168 -0.014428447 195.1687 -0.34072623 0.94014496 0.008405691 133.12646 0.016429037 -0.0029858863 0.9998605 15.246704
0.93355066 0.3580351 -0.01607043 196.49219 -0.3579204 0.93368334 0.009618458 132.64038 0.018449135 -0.003226176 0.9998246 15.283813
0.9265898 0.3757088 -0.01764387 197.85083 -0.3755745 0.92675245 0.01051802 132.10938 0.020302156 -0.0031197919 0.999789 15.313599
0.9190092 0.3936433 -0.02275137 199.21216 -0.39349246 0.91929 0.010949671 131.5437 0.025224691 -0.001111548 0.99968123 15.360107
0.91039824 0.41293105 -0.026093047 200.54004 -0.41266686 0.9107672 0.015055624 130.979 0.029982239 -0.0029401674 0.9995462 15.409546
0.90087336 0.43325916 -0.027387595 201.86719 -0.4329102 0.9012795 0.017901741 130.38257 0.03243866 -0.0042718323 0.99946463 15.463867
0.88965863 0.4559029 -0.02702518 203.18628 -0.45545855 0.89004517 0.02114619 129.73657 0.033692565 -0.0065061804 0.99941105 15.515015
0.8761604 0.48134646 -0.026111413 204.54565 -0.48079023 0.87650037 0.024923751 129.02002 0.034883223 -0.009282245 0.9993481 15.573975
0.86133325 0.50734305 -0.026053842 205.87256 -0.50663817 0.8616424 0.029330427 128.2976 0.037333217 -0.01206451 0.99923015 15.640747
0.8475108 0.5301067 -0.025580239 207.15308 -0.52927643 0.84777373 0.032976165 127.53931 0.03917121 -0.0144147705 0.99912906 15.711182
0.83203334 0.55425024 -0.025880914 208.4375 -0.55336285 0.83231187 0.034489304 126.73682 0.040648688 -0.014372332 0.9990697 15.775024
0.8149231 0.57907057 -0.026212668 209.69873 -0.5781286 0.81522244 0.035896093 125.87158 0.04215507 -0.014102187 0.9990116 15.845459
0.798627 0.6011322 -0.028047241 210.96582 -0.6000933 0.79900795 0.037756532 124.96118 0.045109443 -0.013325404 0.99889344 15.93457
0.78272635 0.6216929 -0.030708 212.15356 -0.6205013 0.7832263 0.04049806 124.08325 0.04922452 -0.012648078 0.9987077 16.011353
0.76608515 0.6418789 -0.032989882 213.30322 -0.6405877 0.7667131 0.042198952 123.15332 0.05238651 -0.011193332 0.9985641 16.09021
0.7506003 0.6599833 -0.034219705 214.49854 -0.6586251 0.75131196 0.04350624 122.16333 0.05441856 -0.010117435 0.9984666 16.191528
0.7329063 0.6794935 -0.03500568 215.70386 -0.6781947 0.7337031 0.04265588 121.12012 0.054669198 -0.007522953 0.99847615 16.285156
0.7169739 0.69616646 -0.03540319 216.80542 -0.69481736 0.7178147 0.043861367 120.04932 0.05594788 -0.0068485476 0.99841017 16.380371
0.70222634 0.7111243 -0.037051804 217.89624 -0.70972687 0.7031839 0.04485615 119.01221 0.057946377 -0.005204242 0.9983059 16.475708
0.6867044 0.7258603 -0.03892994 218.9685 -0.7244092 0.68779886 0.04600354 117.92822 0.060166545 -0.0033856703 0.99818236 16.57483
0.6719179 0.73952085 -0.04149269 220.00635 -0.7379606 0.67319655 0.04804496 116.81421 0.06345386 -0.0016578949 0.9979827 16.682861
0.65648955 0.75332624 -0.041995697 221.06934 -0.7516442 0.6578299 0.050321322 115.65015 0.06553104 -0.0014721932 0.99784935 16.789062
0.64059687 0.7667369 -0.041324627 222.07642 -0.76500386 0.6419265 0.05153915 114.49414 0.066050775 -0.0014029152 0.9978156 16.90271
0.6244383 0.7801484 -0.038812276 223.05469 -0.7783602 0.62563676 0.05285407 113.30835 0.06552316 -0.0027948723 0.99784744 17.017578
0.6084665 0.7927699 -0.034395806 224.031 -0.7909969 0.6094157 0.053254835 112.112305 0.06317866 -0.005198472 0.9979888 17.132202
0.5904051 0.8065783 -0.029603556 224.97485 -0.804826 0.5910942 0.05373434 110.866455 0.060827713 -0.007904358 0.9981171 17.244507
0.5736271 0.81872976 -0.026137698 225.88184 -0.8169419 0.57413095 0.055025574 109.66968 0.060066015 -0.010214421 0.9981426 17.356812
0.5543448 0.83191484 -0.024643319 226.74365 -0.82999843 0.55477315 0.05758259 108.43359 0.061585996 -0.011469047 0.9980363 17.473755
0.536809 0.84359646 -0.020846834 227.56592 -0.8414884 0.5369891 0.06158351 107.19849 0.063141376 -0.015522711 0.9978842 17.586792
0.5177892 0.8554607 -0.01807047 228.37598 -0.85339886 0.5178432 0.061598804 105.92871 0.062034644 -0.016468616 0.99793756 17.705688
0.49770972 0.8673204 -0.014863443 229.11597 -0.86541003 0.4976417 0.059990264 104.680664 0.059417043 -0.016994037 0.9980884 17.81128
0.47747895 0.87846464 -0.011394834 229.8435 -0.87670344 0.47727916 0.058415353 103.40259 0.056761127 -0.017905802 0.9982276 17.91858
0.4543284 0.8906952 -0.007630467 230.54492 -0.8891086 0.454002 0.056388397 102.12109 0.053691242 -0.01883985 0.99838006 18.02356
0.43343782 0.9010672 -0.0061775306 231.20215 -0.89957154 0.43309557 0.05502765 100.843994 0.05226615 -0.018292615 0.9984656 18.123169
0.41429755 0.91017205 -0.0033739358 231.79688 -0.9087445 0.41384962 0.05456852 99.58008 0.051073346 -0.019543454 0.9985038 18.21582
0.39152202 0.9202351 -0.004013905 232.39575 -0.918838 0.39116123 0.05355074 98.258545 0.050845694 -0.017276809 0.9985569 18.308472
0.36999896 0.9291999 -0.0044263876 232.94019 -0.9278204 0.36970142 0.05291651 96.97778 0.050808277 -0.015472835 0.9985886 18.404541
0.34921056 0.93695545 -0.0048590116 233.43579 -0.9355531 0.34896263 0.0531205 95.69873 0.051488608 -0.014010608 0.9985758 18.490356
0.3286938 0.9444216 -0.0050412575 233.90723 -0.94316524 0.3285239 0.050085593 94.409424 0.04895684 -0.0117081525 0.9987324 18.58191
0.30956057 0.9508243 -0.005913199 234.34082 -0.9495806 0.30946374 0.04958092 93.134766 0.048977017 -0.009736101 0.9987527 18.669556
0.28781092 0.9577078 -0.0036205277 234.75952 -0.9562439 0.28757656 0.054312423 91.86157 0.053050708 -0.01216508 0.9985176 18.754272
0.27038437 0.962776 -0.0010977932 235.1394 -0.9608493 0.26991466 0.06292643 90.60693 0.060893193 -0.015957147 0.9980169 18.849243
0.25035247 0.9681212 0.0010987571 235.49707 -0.96571857 0.24965088 0.070696995 89.35571 0.068174295 -0.018760249 0.99749714 18.95044
0.23137012 0.9729409 0.0034184163 235.82642 -0.9702998 0.23048091 0.074511945 88.10669 0.071708374 -0.020536557 0.9972133 19.059448
0.20930338 0.97769773 0.00883071 236.12744 -0.97508556 0.20806237 0.07549596 86.83984 0.07196988 -0.02442741 0.9971083 19.158936
0.19429938 0.98087275 0.013220318 236.40308 -0.97836596 0.19278838 0.07529962 85.60254 0.07130719 -0.027553797 0.99707323 19.270264
0.17424256 0.98444927 0.01809488 236.65405 -0.98210156 0.17245583 0.07459625 84.3584 0.070321955 -0.030777968 0.9970499 19.375854
0.15697475 0.987362 0.018951608 236.87085 -0.9850873 0.15520224 0.07349127 83.12085 0.06962167 -0.03022079 0.9971164 19.479126
