1.000000000000000000e+00 4.398956837314658088e-19 2.733407509747682871e-20 -8.673617379884035472e-19 -5.583667658079949532e-19 1.000000000000000000e+00 -6.100159232558060012e-19 0.000000000000000000e+00 4.145284534913582806e-20 -2.210423569125054137e-19 1.000000000000000222e+00 0.000000000000000000e+00
9.998986065203014917e-01 2.288019086030022376e-04 1.423812995107503337e-02 -7.493706804822805601e-02 -2.261613664898553958e-04 9.999999569289429457e-01 -1.870657808231289583e-04 -9.219795546576564638e-03 -1.423817238555798691e-02 1.838267133598742349e-04 9.998986151797305544e-01 1.080009278351529156e-02
9.995658021794964210e-01 1.552163386315145738e-03 2.942444435317362328e-02 -8.862433771846217612e-02 -1.542541508325765949e-03 9.999987491385909921e-01 -3.496997219514578451e-04 -1.728490782427903605e-02 -2.942495084830965349e-02 3.041594852962430508e-04 9.995669460962701702e-01 -8.627694762070647894e-03
9.979534955708726507e-01 5.192278999721759193e-03 6.373273041203851574e-02 2.571097461463285605e-03 -5.277393143280688544e-03 9.999853932648297139e-01 1.167213913759510176e-03 5.269086767682645833e-03 -6.372574008719399108e-02 -1.501167838063048512e-03 9.979663203368279722e-01 4.138275758620809097e-01
9.954268547283574575e-01 4.141354499039977613e-03 9.543702654825704512e-02 3.179982340401248109e-02 -4.440916968556456006e-03 9.999858563530341637e-01 2.926663293315837251e-03 1.186173987638831223e-02 -9.542355802007621013e-02 -3.337107092350737481e-03 9.954311670404583090e-01 5.396907669526699314e-01
9.908941190139222144e-01 1.737295686516724573e-03 1.346321899753379070e-01 1.709383922879031403e-01 -2.406592779128038061e-03 9.999855421754744178e-01 4.808716510430501023e-03 1.198418454775354580e-02 -1.346218916508265528e-01 -5.088933688899702386e-03 9.908839736158661093e-01 8.084902868597519943e-01
9.851280594741141927e-01 -2.526112934187435370e-03 1.718031574839522513e-01 1.616068314386190918e-01 1.531585196159302581e-03 9.999812974244951524e-01 5.921067778678688713e-03 -1.829128297627125033e-02 -1.718149045779829853e-01 -5.569878727052396047e-03 9.851135037593126142e-01 8.847022947870404330e-01
9.764327694276586644e-01 -2.634387975962562255e-03 2.158057142018447450e-01 2.724480007222818689e-01 1.213119804365128890e-03 9.999766977028532455e-01 6.718064273802954421e-03 -6.927260077410873906e-03 -2.158183871516465568e-01 -6.297939772139668838e-03 9.764132118276538375e-01 1.157726124597548090e+00
9.647727240195471676e-01 -2.613400489621573852e-03 2.630717778262144368e-01 3.664055752125670029e-01 -9.461746652802913171e-05 9.999471483281671125e-01 1.028064175724690242e-02 8.410148150388291333e-04 -2.630847460232814683e-01 -9.943373780371148052e-03 9.647214865274996720e-01 1.318162474737067047e+00
9.504086837989543790e-01 -6.159288208387648025e-03 3.109427530593589228e-01 5.318229465558435010e-01 9.960967033088821872e-04 9.998590278844906587e-01 1.676103043727679431e-02 2.344552775178015969e-02 -3.110021601892982712e-01 -1.562009967203474223e-02 9.502808374895904686e-01 1.617620307278342828e+00
9.335038879774422149e-01 -1.583839457192151579e-02 3.582173008979982476e-01 6.338671848678292253e-01 7.387597209682877052e-03 9.996614616198086223e-01 2.494765591560937218e-02 -2.271119274628072282e-03 -3.584911675987380586e-01 -2.064236850049740168e-02 9.333048682644118355e-01 1.794477856933984761e+00
9.123046809865889006e-01 -2.157351704118813662e-02 4.089434558410092735e-01 8.052690633998113023e-01 1.018753639822265501e-02 9.994979630013229865e-01 3.000060043047811723e-02 -7.328765237755219264e-03 -4.093853766265413974e-01 -2.320356167407082101e-02 9.120664507037735680e-01 2.043666763667399966e+00
8.877056079923193455e-01 -2.358303930053332401e-02 4.598071234172760313e-01 1.008919244331502485e+00 8.965527351861478367e-03 9.993833702152551401e-01 3.394847011678311238e-02 -5.941898729466987827e-03 -4.603242087003930338e-01 -2.601383374868294213e-02 8.873696560184772819e-01 2.268649236524265866e+00
8.592678955689079245e-01 -2.551092273227295593e-02 5.108892958372590609e-01 1.163702391062592323e+00 6.873245177319115169e-03 9.992412552733552777e-01 3.833630429420980396e-02 2.743809041599460513e-02 -5.114796646034411864e-01 -2.942968789056855591e-02 8.587912727002858793e-01 2.494787391686538847e+00
8.271768109435768679e-01 -3.077343268824817013e-02 5.610984891454713352e-01 1.414725714196632289e+00 7.966762473847378498e-03 9.990412528706846818e-01 4.304771443928238212e-02 2.312283135296293313e-02 -5.618852732221505386e-01 -3.113793248739478089e-02 8.266289213986872664e-01 2.745835174866019912e+00
7.917127982870465486e-01 -3.660944719906392836e-02 6.097955294122163750e-01 1.607858782094639727e+00 1.027081510200515170e-02 9.988593201265616450e-01 4.663227322575692196e-02 2.153875669443078289e-02 -6.108071402163308683e-01 -3.065627006248512407e-02 7.911857154467553110e-01 2.912913816748653240e+00
7.539809115499808145e-01 -4.107949715472962449e-02 6.556105957295286224e-01 1.886218522801988762e+00 1.133896172909993998e-02 9.987079162661977039e-01 4.953711620643355684e-02 3.197778940756149102e-02 -6.567984631112259164e-01 -2.991609619132556963e-02 7.534725030115142497e-01 3.119940052033701061e+00
7.139650624865433448e-01 -4.430849518069920195e-02 6.987779612283212538e-01 2.210569845212135842e+00 1.237257726864011108e-02 9.986382647425693371e-01 5.068072087771870876e-02 4.235866593260644020e-02 -7.000720092133674299e-01 -2.753857927366372416e-02 7.135410403946943481e-01 3.379133973958338366e+00
6.724385751540720157e-01 -4.625844683063908697e-02 7.387059699487960041e-01 2.475211880370535855e+00 1.145184092745315206e-02 9.985758328254112914e-01 5.210721045352086772e-02 5.188301645715009264e-02 -7.400643405676315956e-01 -2.657935458531533734e-02 6.720106535530318004e-01 3.566665519014545982e+00
6.296379029547658490e-01 -4.656770410174139452e-02 7.754918119583018576e-01 2.830379135893802189e+00 7.159468990588639323e-03 9.985073245131901309e-01 5.414669746801868688e-02 8.304345654903877438e-02 -7.768557551506020120e-01 -2.854070293748210696e-02 6.290314568436632392e-01 3.796762504898274937e+00
5.879909743390764332e-01 -4.741262348202816140e-02 8.074767158555181679e-01 3.163357404936791184e+00 4.235466210959968475e-03 9.984473873045659476e-01 5.554165610864549019e-02 1.022898697558208142e-01 -8.088564068621409975e-01 -2.923795158936918007e-02 5.872788655262658475e-01 4.007619426407439178e+00
5.478444966068054534e-01 -4.842282776546430467e-02 8.351776014072618270e-01 3.551929164602538158e+00 2.063973940686997677e-03 9.983986347824885810e-01 5.653234499975270944e-02 1.240527092479178223e-01 -8.365776475095609843e-01 -2.924714869652632679e-02 5.470671397751848408e-01 4.215256818036033692e+00
5.089852163131525220e-01 -5.111022063837422635e-02 8.592565290920380905e-01 3.974407433464686612e+00 1.168327227783758039e-03 9.982757323070854394e-01 5.868728356473658370e-02 1.316403801795598405e-01 -8.607744757086360776e-01 -2.886706630287640130e-02 5.081673018123809005e-01 4.425420724342821188e+00
4.719359674656222192e-01 -5.092400397423316877e-02 8.801608805406534453e-01 4.374397149551311870e+00 -1.819481579567039072e-03 9.982720558453107573e-01 5.873322708956436183e-02 1.560736198163486799e-01 -8.816309580207294383e-01 -2.931975822061469450e-02 4.710278319542923198e-01 4.619700371550367279e+00
4.360549742721685496e-01 -5.028276970330762541e-02 8.985141563071771253e-01 4.836230390685424041e+00 -3.024480702113511391e-03 9.983502645399432440e-01 5.733761219884756649e-02 1.829035594660528008e-01 -8.999149551489171728e-01 -2.771988906609648695e-02 4.351835183981501709e-01 4.792229194879562115e+00
4.024838736415951024e-01 -4.905213694492463472e-02 9.141119217001402175e-01 5.355169688906344483e+00 -1.648088065580045327e-03 9.985229059505786875e-01 5.430736655523486084e-02 2.015626284184176553e-01 -9.154256006310210747e-01 -2.336437547771002404e-02 4.018085235889301554e-01 4.996356746717289354e+00
3.722059956119451729e-01 -4.734462341538695634e-02 9.269418369536297497e-01 5.835014922993035924e+00 1.429232548728835001e-04 9.987010716360329443e-01 5.095241948289370298e-02 2.217846418799219455e-01 -9.281501450761168170e-01 -1.883231369316862303e-02 3.717292920394819622e-01 5.175268644238392390e+00
3.466909415793228422e-01 -4.547109772806428446e-02 9.368765957039151271e-01 6.387592606149826935e+00 1.085033650044564622e-03 9.988430378514004948e-01 4.807710894482634251e-02 2.492604343600176020e-01 -9.379788000907619550e-01 -1.565135471163157238e-02 3.463391696440750733e-01 5.344234535216965121e+00
3.263938731738776911e-01 -4.489898681357028937e-02 9.441668843772769160e-01 6.971249670033081713e+00 2.205346700484948214e-03 9.989046725527924719e-01 4.673961450776637633e-02 2.685968011549311751e-01 -9.452312901638870724e-01 -1.317330763087543564e-02 3.261353815180841886e-01 5.519813914083223416e+00
3.114557956404013228e-01 -4.544971625071222293e-02 9.491731114442996109e-01 7.540301412239990952e+00 3.371646189012795711e-03 9.989021208945372265e-01 4.672456354602522871e-02 3.018165754499825271e-01 -9.502546687157330529e-01 -1.135235933212897994e-02 3.112670938651153629e-01 5.705450900287194926e+00
2.996780540160789985e-01 -4.702783736900031930e-02 9.528805964812484541e-01 8.174248118568204546e+00 4.350632401362233490e-03 9.988413232931558916e-01 4.792789209745522416e-02 3.194114802309235834e-01 -9.540304775538426263e-01 -1.021730334378158703e-02 2.995354235355490724e-01 5.901258062803607096e+00
2.887119759226539073e-01 -4.881281623642390322e-02 9.561708469221055218e-01 8.804631400732034763e+00 3.099658114828923207e-03 9.987418957633695804e-01 5.005015212352158932e-02 3.488018190346912073e-01 -9.574109897735428865e-01 -1.148627470072174396e-02 2.885000478673946933e-01 6.077639838941528261e+00
2.781286303199506649e-01 -5.043297743979316405e-02 9.592189344678078156e-01 9.480874449528043257e+00 1.457883478858298379e-03 9.986416955823995689e-01 5.208299512917763385e-02 3.841304012533648948e-01 -9.605427402896852263e-01 -1.308734178137263039e-02 2.778243710362284236e-01 6.276039261689237314e+00
2.674951914909557971e-01 -5.219523321899616208e-02 9.621444613494009035e-01 1.016379672376830001e+01 6.536220809293598636e-04 9.985413702799886826e-01 5.398800402173659085e-02 4.115162354730464989e-01 -9.635589819754152296e-01 -1.381265173085388306e-02 2.671391296666462689e-01 6.469472587237430794e+00
2.579611161511034534e-01 -5.418113952432836861e-02 9.646348795914936325e-01 1.089388052356131631e+01 -1.509707114046643167e-04 9.984240551715402034e-01 5.611936583919429483e-02 4.415686038165650973e-01 -9.661552961478718782e-01 -1.462224498806238837e-02 2.575464025507286925e-01 6.677928243781372508e+00
2.474780571393241924e-01 -5.593361527315608706e-02 9.672776364955822936e-01 1.159052504715007004e+01 -5.103511608231211302e-04 9.983246051200781457e-01 5.785950493664433064e-02 4.695609731032758805e-01 -9.688933725479192960e-01 -1.481260825475191542e-02 2.470348865321871923e-01 6.845742524283310537e+00
2.365506946873348060e-01 -5.705293633065713216e-02 9.699426350778128647e-01 1.237876624685840987e+01 -1.230454194370989105e-03 9.982561338604432066e-01 5.901844754184479985e-02 5.003206735862670840e-01 -9.716183774990611033e-01 -1.515432386907320482e-02 2.360679795603159714e-01 7.039179866564837518e+00
2.268220779090832084e-01 -6.000960991192828831e-02 9.720856832848261408e-01 1.313030779869934683e+01 -2.352041716777443850e-03 9.980632953930582696e-01 6.216209652614631403e-02 5.338805931349397405e-01 -9.739333804765727409e-01 -1.638612110675416803e-02 2.262416440817945351e-01 7.210222514769618840e+00
2.154843825985660322e-01 -6.347239350848099537e-02 9.744422609768731425e-01 1.390417750351703319e+01 -4.410110126086986410e-03 9.978118704041881726e-01 6.596985798994915717e-02 5.815848008473800679e-01 -9.764973367040848951e-01 -1.851287094119945589e-02 2.147329532372719285e-01 7.378322260683079392e+00
2.028473680303649607e-01 -6.747721138331751189e-02 9.768826720665837460e-01 1.468921482175545457e+01 -4.359407448805707047e-03 9.975507761007040841e-01 6.981006099344404248e-02 6.180768381885682894e-01 -9.792006728604324417e-01 -1.841941586399626490e-02 2.020563873865729720e-01 7.534431646834728546e+00
1.902077133100557593e-01 -6.990966090628282503e-02 9.792515758304133344e-01 1.547381764283744410e+01 -5.231586543334172668e-03 9.973750286971824197e-01 7.221968277269563696e-02 6.611146478353813194e-01 -9.817299390612933552e-01 -1.885977921372584618e-02 1.893426837124828621e-01 7.690517679771591730e+00
1.762456916409491092e-01 -7.051772430492585231e-02 9.818170350355824860e-01 1.629087561088291736e+01 -6.042194795649544377e-03 9.973343217110721692e-01 7.271686576124578028e-02 6.977873774643715832e-01 -9.843276716011234440e-01 -1.874836320500306366e-02 1.753497941295306950e-01 7.830770174444017684e+00
1.618428266399386251e-01 -6.979997843914007016e-02 9.843448815926082451e-01 1.707755339882876910e+01 -7.435457377201592361e-03 9.973807508875310868e-01 7.194686708511667528e-02 7.373606686592697468e-01 -9.867885439764941813e-01 -1.896313787274566190e-02 1.608999238208296267e-01 7.966636992888612490e+00
1.452555251865897401e-01 -6.868573024696252027e-02 9.870071358359296942e-01 1.788994289938962723e+01 -8.917799249562414696e-03 9.974559680878298806e-01 7.072527509962733827e-02 7.739888042954986558e-01 -9.893539924665147867e-01 -1.907516759576794937e-02 1.442734635631976736e-01 8.066139992359545374e+00
1.238315764002811958e-01 -6.721943490984330638e-02 9.900238741819904487e-01 1.869544756986996958e+01 -1.144159522929141977e-02 9.975399068249092283e-01 6.916085708661041942e-02 8.135603402427090680e-01 -9.922372941012354008e-01 -1.989174951948419548e-02 1.227578402360703508e-01 8.176004883426839953e+00
9.870059249661462808e-02 -6.594359427721738220e-02 9.929298154813357424e-01 1.951951175163413410e+01 -1.560460393460208484e-02 9.975766642797988526e-01 6.780335679925282577e-02 8.575072915845936006e-01 -9.949948274534826664e-01 -2.218650713708533381e-02 9.743238276814679411e-02 8.247360369309358674e+00
6.947807034297043272e-02 -6.544553826437490840e-02 9.954344087834136046e-01 2.034963443644910797e+01 -1.964812558093947600e-02 9.975623967816102944e-01 6.695681944943633612e-02 8.946295563684230068e-01 -9.973899770046144031e-01 -2.421045003895257175e-02 6.802282683090210558e-02 8.323032715551491378e+00
3.600572009766121045e-02 -6.531968970101618976e-02 9.972145752408765329e-01 2.119635422995434126e+01 -2.257893975545470847e-02 9.975537195859579542e-01 6.615714632109311044e-02 9.392294104465974680e-01 -9.990964903057700797e-01 -2.489808266775786483e-02 3.444278927906654908e-02 8.328089337768791012e+00
2.391722179965058686e-03 -6.455125663469182817e-02 9.979115179576654171e-01 2.205271336686918460e+01 -2.431039781939492786e-02 9.976157007945742894e-01 6.459038691311519420e-02 9.720771979273084007e-01 -9.997016062508963241e-01 -2.441410740032239762e-02 8.167514768885214028e-04 8.350694279315552748e+00
-3.227534436178382260e-02 -6.359126549541070650e-02 9.974539767847195870e-01 2.288168849743230382e+01 -2.567208243714940233e-02 9.976974020785851494e-01 6.277609473415253494e-02 1.002043347058599432e+00 -9.991492699202316752e-01 -2.358059978314005350e-02 -3.383354882384584372e-02 8.281425592540639258e+00
-6.509359086013537243e-02 -6.164129671623286982e-02 9.959734723755958585e-01 2.372009536048975065e+01 -2.796717535208251976e-02 9.978108894837091070e-01 5.992717197237296123e-02 1.037114979415198812e+00 -9.974871822154782741e-01 -2.395368907613783585e-02 -6.667502814090839336e-02 8.230956604422605238e+00
-9.786984838519798002e-02 -5.844087015554978726e-02 9.934818268191625279e-01 2.454319354619200055e+01 -2.991653063463502529e-02 9.979959441646969465e-01 5.575927407611188519e-02 1.075305829148662129e+00 -9.947494714688943640e-01 -2.426437695322330654e-02 -9.942206121437420496e-02 8.153865424003289064e+00
-1.294865522932983071e-01 -5.409347076757850536e-02 9.901045965028539841e-01 2.539343327704460052e+01 -2.706979898778114416e-02 9.983315815269716564e-01 5.100273843645473232e-02 1.102346901381897393e+00 -9.912116199922761384e-01 -2.019776275831035306e-02 -1.307348153013554726e-01 8.040062686896991551e+00
-1.609998709318739007e-01 -4.876252954802105105e-02 9.857490756782265606e-01 2.622034461122822080e+01 -2.274924270023166717e-02 9.986967155418551290e-01 4.568744180273657390e-02 1.115498098873050514e+00 -9.866922165327149941e-01 -1.506937179991191256e-02 -1.618993543002400781e-01 7.890617936571266533e+00
-1.918122590979051134e-01 -4.259599576531124254e-02 9.805068186774088534e-01 2.707622271779352374e+01 -1.653716018403943860e-02 9.990561322709035075e-01 4.016673889600709535e-02 1.133243198455713641e+00 -9.812923091582439472e-01 -8.510324408802874899e-03 -1.923356318740155890e-01 7.694135648407271155e+00
-2.212668140642684578e-01 -3.689720190260972060e-02 9.745150469441616892e-01 2.790075279544430842e+01 -1.081672523362816121e-02 9.993153847814255641e-01 3.538022323053721663e-02 1.143793472010879553e+00 -9.751533272356867066e-01 -2.712591192056864643e-03 -2.215144396958091400e-01 7.503779621635002783e+00
-2.488673064070650587e-01 -3.024096506048461197e-02 9.680653548463065139e-01 2.869997731926304851e+01 -2.049503049029560622e-03 9.995266381706595649e-01 3.069689093591189757e-02 1.172117213770957456e+00 -9.685354300407884587e-01 5.655400766550622987e-03 -2.488114824308803597e-01 7.279343895943899412e+00
-2.752307331868031337e-01 -2.005208416253071585e-02 9.611690491547064674e-01 2.952814373004223825e+01 4.049452177851049252e-03 9.997494060722165177e-01 2.201651605022543826e-02 1.166775793597750521e+00 -9.613696797149273721e-01 9.951831083271781356e-03 -2.750805634290785506e-01 7.023633949629959794e+00
-3.005702200072580821e-01 -5.048204421607200253e-03 9.537463196899581552e-01 3.030415636004156354e+01 8.386850932275639880e-03 9.999333399532172040e-01 7.935764886964617737e-03 1.160642711376957958e+00 -9.537228208013682762e-01 1.038418392667187114e-02 -3.005078467839508716e-01 6.769444705648639093e+00
-3.249693888643477857e-01 1.176387534050804713e-02 9.456513583907083520e-01 3.108604503830858334e+01 8.873758738077310027e-03 9.999165433679533255e-01 -9.389498932918302967e-03 1.127630665165872070e+00 -9.456829107866813189e-01 5.340183329924799369e-03 -3.250466591347742629e-01 6.473188862812372157e+00
-3.502358778433151132e-01 2.634511000481211743e-02 9.362909533990732003e-01 3.185881398126263875e+01 7.702177445835280307e-03 9.996515770672995682e-01 -2.524680009164554859e-02 1.098186058962546952e+00 -9.366298741003143968e-01 -1.630855153671165268e-03 -3.503167636612563030e-01 6.190117212919923340e+00
-3.747363926226128794e-01 3.711997113142101457e-02 9.263880010274506693e-01 3.261713192594095290e+01 1.174766132439975137e-02 9.993080732932697607e-01 -3.528975884148934788e-02 1.063927977798843294e+00 -9.270569793068078601e-01 -2.341463478974474891e-03 -3.749131766586529801e-01 5.890707321362851800e+00
-3.983089045345774015e-01 4.194061091430151267e-02 9.162919767645957281e-01 3.339795271456106462e+01 1.552312024140274985e-02 9.991192546238917283e-01 -3.898394213527469482e-02 1.014013309093878101e+00 -9.171199830691192378e-01 -1.303939800612185108e-03 -3.986091462461540669e-01 5.529729304273178769e+00
-4.210100789847907032e-01 4.125643164472891228e-02 9.061172139958024729e-01 3.413069532691836372e+01 1.783100480914331237e-02 9.991484697282999594e-01 -3.720740075409468411e-02 9.694858866804261233e-01 -9.068806880456692365e-01 4.922906342004333170e-04 -4.213872210658657358e-01 5.174302727922067469e+00
-4.412328127564020264e-01 3.789718868061602713e-02 8.965920998841626632e-01 3.485794106916650748e+01 2.192444549305790774e-02 9.992649177558318163e-01 -3.144746082233340623e-02 9.381314069076143181e-01 -8.971248168446223081e-01 5.781634038924299453e-03 -4.417393464611372167e-01 4.808210322044381257e+00
-4.591389447879178354e-01 3.664872957801327408e-02 8.876081825889806654e-01 3.558776111357089178e+01 2.908705039409648085e-02 9.992331538299372706e-01 -2.621159548109287807e-02 9.078901610798643107e-01 -8.878881607121398289e-01 1.378314072274650776e-02 -4.598528605415616588e-01 4.378463231822332880e+00
-4.736482250696878449e-01 3.739595910486516461e-02 8.799198185936931704e-01 3.630235364673412590e+01 3.272139054234254885e-02 9.991555390972680639e-01 -2.484993438280961794e-02 8.564010020789749600e-01 -8.801060630911342608e-01 1.702207381617378695e-02 -4.744718966847448760e-01 4.016703859861081582e+00
-4.844227092297677673e-01 4.053418231611153472e-02 8.738945045280070989e-01 3.700945758949744402e+01 3.535408112357761590e-02 9.990170451324713596e-01 -2.674009022445466427e-02 8.001105237284449334e-01 -8.741194085122355739e-01 1.794223135633879473e-02 -4.853795935717332699e-01 3.597451737954830975e+00
-4.942314415732730892e-01 4.322806473862274984e-02 8.682549181778765890e-01 3.769893538462442706e+01 3.695027861757497339e-02 9.989048997970261246e-01 -2.869979113759316483e-02 7.573759272771306561e-01 -8.685447435222172219e-01 1.789792308592755288e-02 -4.952874988818706803e-01 3.208932554274782856e+00
-5.047690840066999529e-01 4.238196301486749779e-02 8.622133886550721327e-01 3.838560221348404866e+01 3.087809980306006896e-02 9.990413620361455749e-01 -3.103062745909354950e-02 7.012155151371599615e-01 -8.627019920181435708e-01 1.096021069523013536e-02 -5.055938688991746810e-01 2.821084232280225201e+00
-5.161759166803372434e-01 4.140247237865959939e-02 8.554812943871541453e-01 3.909928384344286201e+01 2.936888239071120885e-02 9.990991487943341465e-01 -3.063265536678153045e-02 6.906325648439931575e-01 -8.559789155266424032e-01 9.312691566016264785e-03 -5.169268645313316313e-01 2.398975302642432528e+00
-5.247820648508153552e-01 4.278631119034840419e-02 8.501606335648478341e-01 3.977265943047896002e+01 3.158088115092622800e-02 9.990270140592643067e-01 -3.078429910973814673e-02 6.500799338404312788e-01 -8.506506005586105257e-01 1.069377489172082876e-02 -5.256226898869365005e-01 1.977546519912725786e+00
-5.321444870104067304e-01 4.572873204972573852e-02 8.454177162930676115e-01 4.044389946341840414e+01 3.520859931953117250e-02 9.988717822920998302e-01 -3.186717771221263956e-02 5.974607449553328564e-01 -8.459211613416615094e-01 1.280803172393334306e-02 -5.331541579733964920e-01 1.540066947389053142e+00
-5.358394257218116463e-01 4.901812352721103550e-02 8.428957945632058468e-01 4.115019781565713686e+01 3.599124337176753258e-02 9.987319700694846647e-01 -3.520060084598108929e-02 5.626966005595218645e-01 -8.435524594815231314e-01 1.147499894989214772e-02 -5.369241896945856629e-01 1.087060423941322407e+00
-5.354228807986086691e-01 5.034868480204000157e-02 8.430820456724579248e-01 4.185408985511680413e+01 3.521580141110147028e-02 9.986842917782384754e-01 -3.727643524515775186e-02 5.166205489179318544e-01 -8.438496297992801320e-01 9.731154545165930300e-03 -5.364914909869402670e-01 6.630719380748769654e-01
-5.324544283592077543e-01 5.117152949717946459e-02 8.449104942638702154e-01 4.257332163311169637e+01 3.761584785870664138e-02 9.986153491293290330e-01 -3.677543213231972835e-02 4.795610280913169543e-01 -8.456224579725224455e-01 1.220078393259502701e-02 -5.336420265318049250e-01 2.025510621320761317e-01
-5.264261540462077393e-01 5.014570267635454215e-02 8.487407730033093012e-01 4.333045557974421769e+01 3.607340258162835406e-02 9.986776006047248799e-01 -3.663003704599566285e-02 4.325400990441840010e-01 -8.494552523807921141e-01 1.133395908277920125e-02 -5.275389357362512133e-01 -2.537758972156856085e-01
-5.195600472774364320e-01 4.883217694371449341e-02 8.530373746588356676e-01 4.407662836149015817e+01 3.405034832840590775e-02 9.987557667524037397e-01 -3.643476496061445746e-02 3.882102751015882869e-01 -8.537552008744894172e-01 1.011617254726918796e-02 -5.205763472303746031e-01 -7.022635502007896768e-01
-5.121504935661692626e-01 4.808833277257696520e-02 8.575484656036844733e-01 4.486482953893957415e+01 3.211418912814732046e-02 9.988053981031300710e-01 -3.683008986311912120e-02 3.445472210482594111e-01 -8.582951490640071679e-01 8.676925908644429059e-03 -5.130829966381488250e-01 -1.180563044011984974e+00
-5.059785548382543796e-01 4.667445468787501106e-02 8.612822904742797325e-01 4.568011290916884093e+01 2.920306196885629271e-02 9.988893736220235686e-01 -3.697567285775109347e-02 2.940511499211572732e-01 -8.620515619407461694e-01 6.443183567124147020e-03 -5.067796399157739051e-01 -1.633550413910499710e+00
-5.012952768882631416e-01 4.447652379005542084e-02 8.641324381600183901e-01 4.648347525705896288e+01 2.500890066561665612e-02 9.990055951733642914e-01 -3.691037323842872447e-02 2.476229185570006930e-01 -8.649148007626974444e-01 3.108007490775539436e-03 -5.019090966290276068e-01 -2.094107909030487935e+00
-4.998020521667254634e-01 4.156634611156408143e-02 8.651416843331464213e-01 4.733614308705889329e+01 2.014535389518845587e-02 9.991354666023799513e-01 -3.636597385187495535e-02 2.093850551421674866e-01 -8.659053560997267418e-01 -7.472020369738699083e-04 -5.002073265721712625e-01 -2.560759250520422192e+00
-5.006433060755619557e-01 3.905118155443606381e-02 8.647723814744583404e-01 4.815359136704788057e+01 1.756236699897158887e-02 9.992345348390206938e-01 -3.495579516659447217e-02 1.600983642265830231e-01 -8.654755084295497891e-01 -2.312934014744627825e-03 -5.009459134672075153e-01 -3.037301457627592516e+00
-5.016529382411576421e-01 3.777809247899382994e-02 8.642436761455820626e-01 4.901055684414692593e+01 1.591377936215914238e-02 9.992799345404799194e-01 -3.444363539736675084e-02 1.136959658956386010e-01 -8.649225939404264762e-01 -3.525366824200189698e-03 -5.018929087334776939e-01 -3.513773859057526927e+00
-5.021824804109135121e-01 3.734174186785023386e-02 8.639550550611778679e-01 4.989894141704877484e+01 1.612081864609811455e-02 9.992978789570846621e-01 -3.382112189424982263e-02 6.201078676936211398e-02 -8.646114086066638560e-01 -3.056711218455051074e-03 -5.024318681895579841e-01 -4.017298003532574491e+00
-5.019684763068917865e-01 3.657135715356659572e-02 8.641123602336344689e-01 5.075379394358485996e+01 1.583322519608253154e-02 9.993267440782824806e-01 -3.309633693784349434e-02 1.751901776101157104e-02 -8.647409843974113164e-01 -2.931631324283029329e-03 -5.022095668083229603e-01 -4.526095065259287509e+00
-5.021453404921429886e-01 3.597408974368864615e-02 8.640346684998725380e-01 5.165045205319282218e+01 1.610375936774946157e-02 9.993501232452488559e-01 -3.224903212116803086e-02 -3.034296734679117757e-02 -8.646332969966129545e-01 -2.279493916326934527e-03 -5.023983272094875163e-01 -5.037648553835444964e+00
-5.026782551227589879e-01 3.536419001025402353e-02 8.637499246773955308e-01 5.252177551216358609e+01 1.571490066110022357e-02 9.993716168738516759e-01 -3.177126459243857087e-02 -8.411624220400527874e-02 -8.643307387995371460e-01 -2.396978675123053511e-03 -5.029181265387855371e-01 -5.536721414222618876e+00
-5.027672255642408050e-01 3.377567321041913262e-02 8.637617190437464343e-01 5.341701956246405558e+01 1.411148965419870005e-02 9.994238923498260929e-01 -3.086663623892228064e-02 -1.297662838928139717e-01 -8.643066556891479957e-01 -3.329767598926124811e-03 -5.029542037986629577e-01 -6.042347341739725763e+00
-5.030738565162063969e-01 3.316290513192204914e-02 8.636069146927747298e-01 5.432590648062138428e+01 1.371661076653764126e-02 9.994440324433117029e-01 -3.038882320871547429e-02 -1.835534537376779241e-01 -8.641345738855241709e-01 -3.442061679755537180e-03 -5.032490476509098309e-01 -6.545730494107323771e+00
-5.023673344129986340e-01 3.229105322813901474e-02 8.640511186702244384e-01 5.521987762770110209e+01 1.228794689409529531e-02 9.994681155632909597e-01 -3.020748763862287842e-02 -2.350688110655569374e-01 -8.645669898833925338e-01 -4.557839890933513757e-03 -5.024969250099763363e-01 -7.067886059225687134e+00
-5.008148626660405833e-01 3.097636313372563455e-02 8.649999564805080920e-01 5.610640358335610500e+01 1.181304872152234842e-02 9.995109441914075132e-01 -2.895383046667843879e-02 -2.873399695878003923e-01 -8.654738225744904589e-01 -4.282221101279163993e-03 -5.009358627529798547e-01 -7.587755681359061199e+00
-4.988036688462230694e-01 2.864941722133403437e-02 8.662413620080404719e-01 5.700732135714090276e+01 1.227362503631392737e-02 9.995867985598380079e-01 -2.599211901121361093e-02 -3.421982700346510864e-01 -8.666281038939912529e-01 -2.333041737706008801e-03 -4.989491958755983281e-01 -8.099378497786135611e+00
-4.965286058612493059e-01 2.752741141265724681e-02 8.675837547802579541e-01 5.789416638475348265e+01 1.313381237392495342e-02 9.996208558979957637e-01 -2.420015294689883967e-02 -3.876407138340300929e-01 -8.679209981091973169e-01 -6.213850149784596764e-04 -4.967018910465533232e-01 -8.597041160886051969e+00
-4.935836401849905686e-01 2.690644760746463068e-02 8.692820138172003830e-01 5.880519900808444334e+01 1.249572658427908038e-02 9.996375438719432571e-01 -2.384612497503894868e-02 -4.472439865930409320e-01 -8.696085667917163864e-01 -9.077458657139332154e-04 -4.937409546059227106e-01 -9.126357018382242003e+00
-4.918965689806077402e-01 2.729875686259295581e-02 8.702255624831310987e-01 5.969197853371067453e+01 1.317606725754590959e-02 9.996272759192370572e-01 -2.391025859919649818e-02 -4.910832322614431256e-01 -8.705539438683485010e-01 -2.952226873374119622e-04 -4.920729187653390957e-01 -9.623960764908289889e+00
-4.907352275091202976e-01 2.745712677905562740e-02 8.708760123876264636e-01 6.056030537252340196e+01 1.302196143938362007e-02 9.996228443366146355e-01 -2.417845274636820641e-02 -5.370030215373748916e-01 -8.712114424930414991e-01 -5.247037187137261818e-04 -4.909076908106845827e-01 -1.010530305009305607e+01
-4.913612098426413111e-01 2.863776301939591554e-02 8.704849374253599281e-01 6.146355905685487642e+01 1.235930381888764029e-02 9.995879101636948594e-01 -2.590863641529857903e-02 -5.832769895666267690e-01 -8.708681998957946702e-01 -1.971910198578332926e-03 -4.915126689211636868e-01 -1.061848851547345163e+01
-4.937441957809022286e-01 3.056614640253981635e-02 8.690698281273425696e-01 6.235213112655929280e+01 1.139950478776193162e-02 9.995236996023401099e-01 -2.867795672341286878e-02 -6.281225277354862691e-01 -8.695324794971687199e-01 -4.252608111304639719e-03 -4.938574653796916070e-01 -1.111627351190087687e+01
-4.983676107988418424e-01 3.139012310886682422e-02 8.663973517326749585e-01 6.323222608713079751e+01 1.026451878453640137e-02 9.994879092292366929e-01 -3.030773726390066647e-02 -6.827033765842621671e-01 -8.669050562525090209e-01 -6.211241836630286041e-03 -4.984346070727710964e-01 -1.160165329355849018e+01
-5.040087927703247317e-01 3.010884360365093798e-02 8.631735519874133011e-01 6.412428893227966853e+01 1.038089012186814777e-02 9.995311796000490023e-01 -2.880378633618129597e-02 -7.207050548303055582e-01 -8.636361422631362306e-01 -5.556850894174344274e-03 -5.040850609785839653e-01 -1.210143640154748113e+01
-5.092432537807390913e-01 2.788253364546173715e-02 8.601708315124965143e-01 6.499085837686371292e+01 1.318398938572512558e-02 9.996105036388084342e-01 -2.459722372601980123e-02 -7.853692996131489412e-01 -8.605216459192361889e-01 -1.185486207158792642e-03 -5.094125096246998607e-01 -1.261378632397372002e+01
-5.147014676110491793e-01 2.563312454855257508e-02 8.569861894123105284e-01 6.584616029924038116e+01 1.026863227415630679e-02 9.996655824599127715e-01 -2.373348726243105361e-02 -8.306414928047410884e-01 -8.573079764739630626e-01 -3.415583779233068509e-03 -5.147925607482211063e-01 -1.313094343046199874e+01
-5.194568098033000014e-01 2.765792468192532563e-02 8.540489732528074862e-01 6.666682276610501390e+01 1.125467930027443733e-02 9.996107905121512927e-01 -2.552645029587605544e-02 -8.828681531046125297e-01 -8.544225927187797387e-01 -3.647840238175945830e-03 -5.195659145587018246e-01 -1.362974946519066144e+01
-5.245622690586626558e-01 2.987726319333309719e-02 8.508476725470599522e-01 6.747542205027147588e+01 1.160679342655742026e-02 9.995421353307037959e-01 -2.794283490919106938e-02 -9.264957860182171379e-01 -8.512929696262890866e-01 -4.782142828091989588e-03 -5.246688709484391699e-01 -1.415254905915917050e+01
-5.295409792810481520e-01 3.032259116006166821e-02 8.477422241873893149e-01 6.834792943611822125e+01 1.066437293207605358e-02 9.995199066754903994e-01 -2.908998605171694146e-02 -9.741209759848681315e-01 -8.482173272383971563e-01 -6.363699606188781034e-03 -5.296101228054416188e-01 -1.465826771703186537e+01
-5.335539171744803078e-01 3.080695350250957018e-02 8.452047894435602560e-01 6.916468111511159123e+01 9.670629571321892604e-03 9.994932829984758405e-01 -3.032583296482687860e-02 -1.018704344390867211e+00 -8.457107709680531382e-01 -8.006803690784622049e-03 -5.335814801585797573e-01 -1.517251682516771005e+01
-5.363117235305971953e-01 2.962055666020530637e-02 8.435000562472361185e-01 6.999556820730310847e+01 9.165741282669588944e-03 9.995294592594047289e-01 -2.927198730827319795e-02 -1.082371718451583753e+00 -8.439702222696461309e-01 -7.967605828548472019e-03 -5.363308625611057368e-01 -1.569403503891942719e+01
-5.391767519699908195e-01 2.347128581530904742e-02 8.418654975605636137e-01 7.081470237486146857e+01 1.114787597472403045e-02 9.997229025858523910e-01 -2.073265267743666998e-02 -1.125209970242956992e+00 -8.421188554032913443e-01 -1.793551268019472284e-03 -5.392890036538836585e-01 -1.623900261895730068e+01
-5.414794319985499760e-01 1.594296218319030470e-02 8.405628077767325346e-01 7.162775498322805845e+01 1.273686176433095132e-02 9.998609935905818924e-01 -1.075945292335963102e-02 -1.144864005383351646e+00 -8.406175162684853541e-01 4.880110802943635195e-03 -5.416072273744552135e-01 -1.675163404078103824e+01
-5.432734953724566163e-01 1.349905988545315773e-02 8.394472418061509345e-01 7.246880238336471791e+01 1.324940792817453847e-02 9.998840628057705793e-01 -7.504273076835935724e-03 -1.173150153909661375e+00 -8.394512338201235435e-01 7.045307270524553932e-03 -5.433893654991361899e-01 -1.727490840370577274e+01
-5.440548674594752887e-01 1.766271393830000716e-02 8.388637058049679407e-01 7.325574454600221941e+01 1.210278718173465710e-02 9.998395922299615490e-01 -1.320273954930765471e-02 -1.229749183650356903e+00 -8.389623562885372143e-01 2.969575143818096660e-03 -5.441813660790353335e-01 -1.777804429179409595e+01
-5.457344946058041435e-01 2.242478803049505892e-02 8.376580313603009253e-01 7.406129926998865187e+01 1.202406807055151489e-02 9.997484993156039446e-01 -1.893039573098271450e-02 -1.281445044239805542e+00 -8.378718844099910523e-01 -2.589118382924610160e-04 -5.458668803630899458e-01 -1.828659873291152849e+01
-5.458445984688244934e-01 2.802162705612005686e-02 8.374177272856235810e-01 7.485984780215504486e+01 1.887661166567182816e-02 9.995982138392253136e-01 -2.114437015401819664e-02 -1.304164342125716747e+00 -8.376737785932317770e-01 4.266069960535980553e-03 -5.461542402142374186e-01 -1.882649551958867207e+01
-5.454520439468619752e-01 2.907852790265566187e-02 8.376374479428301267e-01 7.564654061237499150e+01 2.247734749946575170e-02 9.995460315810821283e-01 -2.006239173965778874e-02 -1.340609982131110600e+00 -8.378405863253083341e-01 7.884796404964025326e-03 -5.458580353006877717e-01 -1.933681591956551671e+01
-5.452150261433577061e-01 2.611066476396249961e-02 8.378894889373379451e-01 7.644693433480772171e+01 2.191415216689535095e-02 9.996171597182339497e-01 -1.689094122402296644e-02 -1.383544423218952879e+00 -8.380097593096355046e-01 9.152443802288832281e-03 -5.455784901294086220e-01 -1.986336735277828325e+01
-5.445754353173880569e-01 2.101209416916991271e-02 8.384486116321443472e-01 7.726100431625494025e+01 1.985642263342948799e-02 9.997289273292515599e-01 -1.215706825826319559e-02 -1.411184404074525833e+00 -8.384767911162979148e-01 1.002815026576362421e-02 -5.448450420017297846e-01 -2.038782461244020894e+01
-5.437924519778174481e-01 1.554949255950576620e-02 8.390756638305917336e-01 7.806244221612516299e+01 1.875692594816670208e-02 9.998037685929910268e-01 -6.371970274844917029e-03 -1.433057220046833891e+00 -8.390101062737678195e-01 1.227345179228354032e-02 -5.439774046805382346e-01 -2.090475498540059363e+01
-5.433383392470082507e-01 8.368178967278266586e-03 8.394721018883644081e-01 7.889187152624016619e+01 9.607968962014141676e-03 9.999468137671304602e-01 -3.749206978742388070e-03 -1.457982292036442029e+00 -8.394588421044085758e-01 6.028534994704403370e-03 -5.433898435112399783e-01 -2.141809104183160173e+01
-5.417874634387007671e-01 3.555300789463410396e-03 8.405079960524605154e-01 7.965228268270119827e+01 1.529026012131733505e-03 9.999935682406005943e-01 -3.244311121652811679e-03 -1.483971739662422573e+00 -8.405141391619804780e-01 -4.725675707875021873e-04 -5.417894161200932368e-01 -2.188152812749355647e+01
-5.398307890448632573e-01 4.077684562200906311e-03 8.417636715754268639e-01 8.047119595894957911e+01 4.424221213306018564e-03 9.999881993105331768e-01 -2.006862894712896535e-03 -1.507896865906432682e+00 -8.417619361145983747e-01 2.640783274662731640e-03 -5.398424604304685737e-01 -2.239615837356855366e+01
-5.368134405629877426e-01 7.127892736236665638e-03 8.436708541967410380e-01 8.128589653000514659e+01 9.736988754766723320e-03 9.999500568028113490e-01 -2.252761237598239954e-03 -1.532555364476095860e+00 -8.436447906304921363e-01 7.005502110959264603e-03 -5.368560357806065886e-01 -2.291288279744335199e+01
-5.318591904175045126e-01 1.018810690547893548e-02 8.467715105067441517e-01 8.206162835163885916e+01 1.015645672558262817e-02 9.999324506211021424e-01 -5.651598403884469136e-03 -1.570807185540082695e+00 -8.467719053718025801e-01 5.594344640160898476e-03 -5.319267399167301180e-01 -2.339602128041055806e+01
-5.241182701588361637e-01 1.216699353106147699e-02 8.515585652084293189e-01 8.283083724678806448e+01 1.583698929320567425e-02 9.998642862077230520e-01 -4.538602190946331751e-03 -1.575807758167268036e+00 -8.514982328620093188e-01 1.110736059221956694e-02 -5.242398298245142252e-01 -2.386660438589414568e+01
-5.153443362551762830e-01 1.440471165328447919e-02 8.568621277944409309e-01 8.364050084861429468e+01 2.283927884371819358e-02 9.997344351326304945e-01 -3.070262917965294307e-03 -1.613175715285059875e+00 -8.566788164168455122e-01 1.798787156899480863e-02 -5.155364733363535512e-01 -2.438691484817509192e+01
-5.060871292881183869e-01 1.452310628891810562e-02 8.623600660237679127e-01 8.439591552932074592e+01 2.210053267732773816e-02 9.997482750962225495e-01 -3.866892957424316723e-03 -1.623472409256632165e+00 -8.621991627590913643e-01 1.710163316586401500e-02 -5.062807041524086671e-01 -2.481828022921363797e+01
-4.948029769881272522e-01 1.170591134055596477e-02 8.689263328578188395e-01 8.524830560251888301e+01 1.795520794662047379e-02 9.998335263506025195e-01 -3.245005826766237094e-03 -1.653269318349928296e+00 -8.688196803253246392e-01 1.399611553487575648e-02 -4.949307886251055333e-01 -2.530146667773263758e+01
-4.838716557322917389e-01 8.617904471154907639e-03 8.750965310482389237e-01 8.603574194867002234e+01 1.944544205806058093e-02 9.998105090134208339e-01 9.059891904116412634e-04 -1.675058627242325349e+00 -8.749229155782943801e-01 1.745502249934245340e-02 -4.839475466074358301e-01 -2.574479001820886381e+01
-4.724256614280176181e-01 7.481704578359534355e-03 8.813387569438907443e-01 8.685772701509758065e+01 1.907759801743955444e-02 9.998164941700158348e-01 1.738737121411720269e-03 -1.699618354402689935e+00 -8.811640326979454096e-01 1.763525168381486347e-02 -4.724817027565498817e-01 -2.616083822201111531e+01
-4.601815732088520572e-01 6.604166006317367492e-03 8.878002536907004805e-01 8.773197619843837458e+01 1.864833139091130743e-02 9.998236208005132353e-01 2.228675291084032586e-03 -1.719082357815641560e+00 -8.876289610346059789e-01 1.758158977321472999e-02 -4.602235646758237042e-01 -2.658040340086021658e+01
-4.479634182607027948e-01 8.782846211263767300e-03 8.940087377180664374e-01 8.854849250391623627e+01 2.299614645564698745e-02 9.997341061477843516e-01 1.701239108838864793e-03 -1.732126545050803212e+00 -8.937561000620926066e-01 2.132084992071487523e-02 -4.480462804168778845e-01 -2.698596826778161173e+01
