1.000000000000000000e+00 -3.306050084167601550e-19 -2.270457535318767223e-19 -8.673617379884035472e-19 7.546676715296109287e-19 1.000000000000000000e+00 6.237773588823049983e-19 1.387778780781445676e-17 -3.447385680526250622e-20 4.770700176052009879e-20 1.000000000000000222e+00 5.551115123125782702e-17
9.977038692479728299e-01 1.329385705901678025e-02 -6.640186806778072826e-02 -6.312518306378501087e+00 -1.303428869025178259e-02 9.999056105869640332e-01 4.340209567915953234e-03 -8.868141817487647238e-02 6.645332168338412282e-02 -3.464596360578931639e-03 9.977827831007018977e-01 3.628125669232991513e+00
9.239611672801609776e-01 1.169918179617811943e-02 -3.823172910576995709e-01 -1.198064230219542736e+01 -1.049470843589097625e-02 9.999312168161458292e-01 5.236106457418408626e-03 -1.311930415803527761e-01 3.823522935266697731e-01 -8.259074904757871200e-04 9.240203446901619211e-01 5.881622704224207965e+00
7.898765026505571996e-01 1.232155921069578823e-02 -6.130551847985761249e-01 -1.769041369842267386e+01 -3.999887727654187486e-03 9.998804036890992508e-01 1.494097074084604730e-02 -3.079245571890058819e-02 6.131660043088125178e-01 -9.349012962747366498e-03 7.898313876895797225e-01 5.842708345229966405e+00
9.233526542745102983e-01 1.391474388888197349e-02 -3.837808272496538997e-01 -2.313527241592192141e+01 7.712982260259796524e-03 9.984691977804405205e-01 5.476530314241746800e-02 7.867309966669566723e-02 3.839555996664825166e-01 -5.352660265897622033e-02 9.218319460483821448e-01 4.502918407270545487e+00
9.914307539103709432e-01 1.420491481424641586e-02 -1.298820572748835833e-01 -2.821492972910717967e+01 -1.397973692692492526e-02 9.998987558292597999e-01 2.645909996094737617e-03 -5.155043842064510606e-02 1.299065256433215854e-01 -8.078959104245842350e-04 9.915289096787044398e-01 5.286485300062488513e+00
9.071623673104607377e-01 1.920820877012394817e-02 4.203418878787541502e-01 -3.309726448548391176e+01 -3.851715141871861481e-02 9.985541572923339881e-01 3.749407349770928627e-02 1.571988888580075905e-01 -4.190137488933318166e-01 -5.020539425016541657e-02 9.065908331852915447e-01 6.797601427670978858e+00
8.829451920109787633e-01 9.543029329181162979e-03 4.693944715947842017e-01 -3.654757085115066673e+01 -1.463015735770781776e-02 9.998669857685990037e-01 7.194319158378086922e-03 -2.682726904812851587e-02 -4.692634472242711019e-01 -1.322080494793680984e-02 8.829673770643250430e-01 1.084281509383876418e+01
7.701106378309461320e-01 -9.662630337113432832e-03 6.377576088741170324e-01 -4.002552438641363608e+01 -2.138477791060504341e-02 9.989321754891298255e-01 4.096213610691482043e-02 3.004254083698722488e-01 -6.374722721315171370e-01 -4.518780241392791192e-02 7.690816287804490559e-01 1.505770896468365727e+01
8.549590984249136882e-01 -4.179078948652430181e-03 5.186317097942975129e-01 -4.200764896073000898e+01 -1.157684097980588370e-02 9.995646647907074911e-01 2.713753888419771776e-02 3.744178382804441707e-03 -5.185191666392875431e-01 -2.920855398596633803e-02 8.545385746597452536e-01 2.005269521476215289e+01
9.202173129026495202e-01 -6.299120661221907502e-02 3.862889716242640659e-01 -4.441780660469890307e+01 6.895304633009924355e-02 9.976181768421360507e-01 -1.574829588218162792e-03 -1.690804631632683575e-01 -3.852694261713212054e-01 2.808870726566453299e-02 9.223699412397117214e-01 2.411463161882978312e+01
8.801730789204004202e-01 -2.290119669364868230e-02 4.740985328473512617e-01 -4.774689957640893567e+01 5.941275239895088371e-03 9.992886566059387965e-01 3.725048749473329479e-02 -1.170602722176101868e-01 -4.746141633520290504e-01 -2.997178435845481576e-02 8.796831070983254230e-01 2.736552817085990341e+01
9.886538336698985630e-01 -2.087782558705477895e-02 1.487469879611165446e-01 -5.064296050014681327e+01 1.523625663193371380e-02 9.991243788949067950e-01 3.895808929430761430e-02 -2.215973306535853893e-02 -1.494301876817530905e-01 -3.624957293228965594e-02 9.881063442055195711e-01 3.073232813541140018e+01
8.891174339749181588e-01 -2.332873900594284108e-02 4.571104097274041322e-01 -5.474432466954191767e+01 2.677306788927921212e-03 9.989481745410431213e-01 4.578303612241819975e-02 -2.852766852746732029e-01 -4.576972650916545926e-01 -3.948663068790828762e-02 8.882445373389888932e-01 3.286356385218827114e+01
9.661049239462181637e-01 -2.306914230334953034e-02 2.570228603883656926e-01 -5.823472125863033710e+01 1.370821112958546528e-02 9.991782122164262203e-01 3.814901774175000204e-02 -1.696071889855985115e-01 -2.576917852611722570e-01 -3.333050531284498935e-02 9.656272723342125275e-01 3.572232354928627274e+01
9.995308517982023355e-01 -2.633144219077437898e-02 -1.563248112246492724e-02 -6.263243986900680227e+01 2.690177447975882971e-02 9.989357032124004387e-01 3.745865831291816939e-02 -3.139558553391461615e-01 1.462925197990529516e-02 -3.786171841128836008e-02 9.991756044513725454e-01 3.848868826393314890e+01
9.972858943092075545e-01 -2.152909761902347188e-02 7.040170263975641107e-02 -6.814229038309721886e+01 1.869347471233471017e-02 9.989971662462451274e-01 4.069757847130541645e-02 -3.672915983299342990e-01 -7.120682015253987363e-02 -3.927141457546352854e-02 9.966880021047649363e-01 3.995854599980278010e+01
9.630232369724788244e-01 -3.948294258133244056e-02 2.664246231821432165e-01 -7.369505186318671974e+01 2.848899643984556529e-02 9.985808866476546530e-01 4.498779150290509177e-02 -5.747288845647640088e-01 -2.678230601456986770e-01 -3.573141875798444694e-02 9.627813048085168690e-01 4.150705321078326193e+01
8.681897928053498026e-01 -4.267381919081723179e-02 4.943483845671886034e-01 -7.881829554110034053e+01 2.461218927043717572e-02 9.987723017048146801e-01 4.300030455489419617e-02 -5.757364949173091606e-01 -4.955759944177820508e-01 -2.516540010891446522e-02 8.681741760129070284e-01 4.405294148109732788e+01
9.303260653144103109e-01 -5.467558043435873094e-02 3.625884760736132750e-01 -8.371324709550320620e+01 4.076864579418898460e-02 9.981133614456941805e-01 4.590659215074290728e-02 -7.852580820074874790e-01 -3.644144310475819770e-01 -2.792112299183781635e-02 9.308008071380585724e-01 4.873369250233373151e+01
7.798403843345608211e-01 -4.574112727892532676e-02 6.243939734379915230e-01 -8.946254745298428190e+01 2.396149683327839994e-02 9.987767054086477136e-01 4.325371644718941505e-02 -7.869408696049198237e-01 -6.256089800660805667e-01 -1.876766018714352141e-02 7.799829783491379898e-01 5.235996592980424680e+01
9.526502499315891992e-01 -5.838239900682996170e-02 2.984681693292573490e-01 -9.363441407387259119e+01 4.499925881868079014e-02 9.976569474706232787e-01 5.153649813539565999e-02 -1.101796015881511881e+00 -3.007776177633451065e-01 -3.566741432545407486e-02 9.530455400245455566e-01 5.737074665456145794e+01
9.097781539862858091e-01 -4.008083519990208315e-02 4.131906671001963627e-01 -9.859781686950763913e+01 2.128235938518864556e-02 9.985223055293396266e-01 5.000377893798534090e-02 -9.788389720606247568e-01 -4.145842139253743674e-01 -3.670067847940528677e-02 9.092866181020201610e-01 6.020596925367295427e+01
9.611125457771959590e-01 -2.481554202430675399e-02 -2.750055264308457481e-01 -1.037095754909604182e+02 3.445726345430506071e-02 9.989478323114459046e-01 3.027872240033889842e-02 -1.300648585110603328e+00 2.739650199765716332e-01 -3.857547176264217170e-02 9.609555401662106533e-01 6.438967864986817347e+01
8.792129569473350337e-01 -2.684128325373755231e-02 -4.756420842800715976e-01 -1.108145788113804002e+02 4.208837910497281731e-02 9.988843298805056836e-01 2.142840617427088645e-02 -1.476533289171293895e+00 4.745363564301955939e-01 -3.885628753920278289e-02 8.793610423729043557e-01 6.459502538492115775e+01
9.175562474756941977e-01 -2.878347313520174602e-02 -3.964848272947790742e-01 -1.177580076943520737e+02 4.363405594138543286e-02 9.986416295297687595e-01 2.848334441344624671e-02 -1.612130421344266873e+00 3.951266190511330545e-01 -4.343860614083060873e-02 9.175657223902894399e-01 6.355536141731997901e+01
9.393621061224447510e-01 -3.815088314317259532e-02 -3.407701792767636739e-01 -1.239552565829131794e+02 5.493833796078807785e-02 9.976984926406495813e-01 3.973950017615356101e-02 -1.881268677286627389e+00 3.384696437806885005e-01 -5.605218277368355373e-02 9.392960625566384447e-01 6.246580734698699189e+01
9.978453357163016291e-01 -3.301166324441079380e-02 -5.670749391772841874e-02 -1.300822901111819192e+02 3.536826199871297843e-02 9.985300736042972414e-01 4.107235743678654127e-02 -1.862668841099800687e+00 5.526839526910654055e-02 -4.298907168108893895e-02 9.975459301912726895e-01 6.131714765827045710e+01
9.995803471474846713e-01 -2.783918984484044096e-02 -8.025949262409614107e-03 -1.361810949275030680e+02 2.828529690938877406e-02 9.976629566201570265e-01 6.219826586226741283e-02 -2.083596570251900815e+00 6.275889849905604868e-03 -6.239918875703562989e-02 9.980315380177894324e-01 6.260337974846155618e+01
9.949734378640242571e-01 -3.935409411949447600e-02 -9.206261362198323028e-02 -1.417205888412939885e+02 4.594068177586048407e-02 9.964501628618197548e-01 7.054737996275928236e-02 -2.073657797038539918e+00 8.895928358188884277e-02 -7.442356678198716602e-02 9.932498397305465909e-01 6.350958286465049696e+01
9.202052153480670960e-01 -4.316161948071038645e-02 -3.890547209999581368e-01 -1.472152603506456785e+02 7.513104779889123730e-02 9.948988884625821205e-01 6.732465302925300099e-02 -2.161118839954045079e+00 3.841648982049902239e-01 -9.117642040477670629e-02 9.187523596216632393e-01 6.384491538557830381e+01
8.984690458370215849e-01 -5.066990243158344537e-02 -4.360307458695572014e-01 -1.524948459096152931e+02 9.122840816624237792e-02 9.931853330412050429e-01 7.255410722412647395e-02 -2.353627596246055997e+00 4.293842117092263044e-01 -1.049609229368255320e-01 8.969653182157373283e-01 6.303843532011150330e+01
7.517898205123881850e-01 -4.954890315174885485e-02 -6.575927030166319742e-01 -1.585342560286164826e+02 1.252908008404019224e-01 9.897396622430026936e-01 6.866089824577802092e-02 -2.657280057592342981e+00 6.474433854535196486e-01 -1.340088001717980870e-01 7.502864418890796694e-01 6.230928566719969552e+01
6.727666173359665436e-01 -4.591476270140427279e-02 -7.383986326024251090e-01 -1.645701958318137486e+02 1.347951060033933390e-01 9.889748002672552607e-01 6.132677084241203169e-02 -3.096653725427298998e+00 7.274421177118688409e-01 -1.407969829124039451e-01 6.715379536583749864e-01 6.024905216671718478e+01
9.110486392003382949e-01 -6.366221448639927671e-02 -4.072642713878114606e-01 -1.697799649163478932e+02 1.175265276554808974e-01 9.871132265289461749e-01 1.085710085493459542e-01 -3.676861807078001032e+00 3.950997045192989332e-01 -1.467981396376694947e-01 9.067948684511663027e-01 5.791433611281624394e+01
7.476065823774341590e-01 -5.331128514327472534e-02 -6.619500033903906733e-01 -1.761856917346174498e+02 1.431502278832454400e-01 9.862797091263006966e-01 8.225420685974417501e-02 -3.940332166333545327e+00 6.484837614475069678e-01 -1.562553082593408638e-01 7.449786167146492666e-01 5.759838567296471723e+01
5.435746070876606995e-01 -4.778770592635480513e-02 -8.379915938929529684e-01 -1.817348725128787805e+02 1.644021747409442902e-01 9.851033304067930985e-01 5.046125707258181103e-02 -4.574557927666118573e+00 8.230969265783784072e-01 -1.651842704013252172e-01 5.433310895097884785e-01 5.576522641965819105e+01
7.306692807004523393e-01 -6.995085695961120176e-02 -6.791165913149125322e-01 -1.864414190531817610e+02 1.753268322674717550e-01 9.805978714375013228e-01 8.761096222774743258e-02 -5.252558863091890906e+00 6.598081649706117879e-01 -1.831059324410498068e-01 7.287650915906840332e-01 5.311320272620505278e+01
4.726770701032622646e-01 -3.431412105859341088e-02 -8.804327911282421315e-01 -1.916651317358157485e+02 1.741374734931907253e-01 9.831783157321389854e-01 5.516871295051401641e-02 -5.722276976461450282e+00 8.637282299437145650e-01 -1.793942275511226092e-01 4.706965820238670495e-01 5.109622161699736154e+01
2.957320890296429305e-01 -5.066548573834914193e-02 -9.540446660859807082e-01 -1.954240456290393411e+02 2.007201737915121909e-01 9.795929924720273574e-01 1.015646389086810944e-02 -6.809976979785927753e+00 9.340616965866009869e-01 -1.944649219294173614e-01 2.998698733704613373e-01 4.813552943038119025e+01
-1.718992640848343301e-01 -2.595629237326459171e-02 -9.847943012895067350e-01 -1.985660301609005955e+02 1.750601286490740816e-01 9.829427913863995059e-01 -5.642632412388348673e-02 -7.463274382767936643e+00 9.694606812972192955e-01 -1.820857950659847402e-01 -1.644277985656412699e-01 4.385886027175923374e+01
6.515503621130867007e-01 6.438664560471547837e-02 -7.559435149037724289e-01 -1.988034123948489480e+02 1.576973894814303889e-01 9.631303751786763900e-01 2.180137062105516610e-01 -7.992341494185717821e+00 7.421132526238626292e-01 -2.612452187273419102e-01 6.173729598174595434e-01 3.927473908834394933e+01
3.287537341320741491e-01 -5.479932711300753573e-02 -9.427591905596625077e-01 -2.024935191033621891e+02 2.435845379293282986e-01 9.694422346830851023e-01 2.856625162024450937e-02 -9.281583718092129232e+00 9.123826297227580762e-01 -2.391290958123533927e-01 3.320765686547048068e-01 3.715252173177862005e+01
3.728382839481929056e-01 -1.190504418004458137e-01 -9.201710933967227612e-01 -2.045707894659485078e+02 3.494936848755971770e-01 9.367186758569103766e-01 2.041041000041874179e-02 -1.064729410793245457e+01 8.595069489720227329e-01 -3.292112338154485895e-01 3.908488166955988441e-01 3.375445330061942428e+01
4.091609085073732444e-01 -1.085072233653267826e-01 -9.058883850929685400e-01 -2.064740556761543075e+02 4.291401466334641701e-01 8.991215878939656792e-01 8.615207720151822623e-02 -1.166639888442444217e+01 8.051489665590362277e-01 -4.240659127052912591e-01 4.144515376600932388e-01 2.992517070712367300e+01
7.560111268263253193e-01 -1.429696596480866666e-01 -6.388541152501723275e-01 -2.080277738924241362e+02 3.167871144466848921e-01 9.338765808005270452e-01 1.658777699992907140e-01 -1.290910169929975915e+01 5.728983652322954256e-01 -3.277375919660915904e-01 7.513061710238131408e-01 2.593667078765160738e+01
9.895082167478106427e-01 -9.253165478273296662e-02 1.109926619569898548e-01 -2.100650830743498148e+02 5.924097161186643590e-02 9.603306862696929791e-01 2.724309024455860428e-01 -1.314552161874478742e+01 -1.317981277380177452e-01 -2.630002576859124530e-01 9.557327365203078795e-01 2.290538152073389000e+01
9.952591893981174165e-01 -9.724759045557031245e-02 1.426229255217231675e-03 -2.133065609788305039e+02 9.692460769821872879e-02 9.929535523278533171e-01 6.817336872302226514e-02 -1.222153769347796448e+01 -8.046642518294106969e-03 -6.771184101640018160e-02 9.976718651122558068e-01 2.281098914933874511e+01
9.156070001450751228e-01 -3.947807722160447952e-01 7.633125105852063552e-02 -2.162523430258832207e+02 3.784126486808955803e-01 9.102019205476254982e-01 1.683734259701245295e-01 -1.118174332312275254e+01 -1.359452538405232780e-01 -1.252790575594508182e-01 9.827627159840880422e-01 2.325404165550643398e+01
5.857526715965892805e-01 -7.532082554405102881e-01 -2.994363388102574963e-01 -2.193397054050194868e+02 7.338935709423249909e-01 6.496955747548287530e-01 -1.985905527234786971e-01 -1.185209832583544731e+01 3.440571172717150072e-01 -1.034425544485619436e-01 9.332036324823529405e-01 2.468553529408035274e+01
8.817161554771651977e-01 -3.877683117545384084e-01 -2.688740674246531959e-01 -2.209396172317100024e+02 1.432790381807722280e-01 7.629066664147493571e-01 -6.305042462849581586e-01 -1.365919828925811430e+01 4.495321440059623086e-01 5.174356401609018219e-01 7.281717466467512168e-01 2.472103825133340749e+01
9.598277943754482955e-01 -3.997852475722198096e-02 -2.777278139235145327e-01 -2.225997324362648726e+02 -5.934990694782573545e-02 9.384760228663423520e-01 -3.402903544258410462e-01 -1.392615845733797997e+01 2.742427995706553934e-01 3.431060542132423619e-01 8.984026804274297673e-01 2.424318771861298671e+01
9.429273737186439908e-01 -6.180803492102512203e-02 -3.272136642191647016e-01 -2.236978258998379658e+02 -6.520132404898390521e-02 9.293348146782698382e-01 -3.634353649506928408e-01 -1.428658804522390646e+01 3.265448389195096945e-01 3.640364057545555365e-01 8.722653899569681180e-01 2.456619232116112173e+01
9.331480113940973098e-01 -3.589655321142661282e-01 1.938922144432959557e-02 -2.242266378328399696e+02 3.548321753877343165e-01 9.110584919456974351e-01 -2.099084869783909846e-01 -1.447539091111324971e+01 5.768928774718996150e-02 2.027591252119549103e-01 9.775270906009404515e-01 2.494758103645204628e+01
9.407508829213737656e-01 -6.100347667011660896e-02 -3.334674843950896084e-01 -2.234873935770806952e+02 -6.469011261510497490e-02 9.333333976848764424e-01 -3.532041108505102889e-01 -1.465877884386027219e+01 3.327746222072515692e-01 3.538574109152606839e-01 8.740877045431335590e-01 2.582969597944311602e+01
9.658000462444862322e-01 -7.323914178830802368e-02 -2.486324873819858450e-01 -2.235839674830209560e+02 -2.158179969191538830e-02 9.332426310866797081e-01 -3.586126412530192265e-01 -1.511035924311954837e+01 2.582934011835355537e-01 3.517152195623345357e-01 8.997452741382555574e-01 2.659243461828814503e+01
9.741568981805265315e-01 -9.210970881176012981e-02 -2.062432212520375063e-01 -2.237828314591309606e+02 8.776187289138521683e-03 9.278161609968925694e-01 -3.729792013775688475e-01 -1.537995364649335173e+01 2.257130310014991703e-01 3.615284503585594611e-01 9.046483135223186700e-01 2.730799886885917971e+01
9.676239459772989493e-01 -9.591255533527394406e-02 -2.334629285778104801e-01 -2.239973887847248477e+02 3.007444038438518387e-04 9.254232288254768957e-01 -3.789739495409824577e-01 -1.562682074578911440e+01 2.523907929917411086e-01 3.666387027980896884e-01 8.954890757885026753e-01 2.801137730991329633e+01
9.753257788757152547e-01 -1.001404267463288228e-01 -1.967339385209653235e-01 -2.239602806427544124e+02 1.660395546779347420e-02 9.219610808228323462e-01 -3.869454760721230957e-01 -1.599625131324761540e+01 2.201191345053943593e-01 3.741348532953704953e-01 9.008730972335204923e-01 2.869582764187995139e+01
9.855505253209859706e-01 -1.101246186571527286e-01 -1.286854326533560244e-01 -2.241728302966482715e+02 4.946252212015381233e-02 9.137878044921606824e-01 -4.031627379956905233e-01 -1.640411951994042283e+01 1.619946061789753755e-01 3.909706638051263505e-01 9.060329546717168503e-01 2.959172741493123837e+01
9.840889201702287536e-01 -1.124477727042919317e-01 -1.376116786688180160e-01 -2.244091866780543398e+02 4.488416209459569761e-02 9.064903305005646006e-01 -4.198053995929602600e-01 -1.670797604476529941e+01 1.719436580237208023e-01 4.069536552189471634e-01 8.971098987089372034e-01 3.031003297049620571e+01
9.864943469603060233e-01 -1.135811089235317095e-01 -1.180304265672084130e-01 -2.243356871318405581e+02 5.288280327431804650e-02 9.027900482889368305e-01 -4.268880077709356069e-01 -1.705911279692023541e+01 1.550374678096702874e-01 4.148823253972803160e-01 8.966043362304021436e-01 3.098036488190249571e+01
9.912182970435122753e-01 -1.177694665764731780e-01 -6.019532805606526288e-02 -2.243994798360442076e+02 8.115180164916355188e-02 9.008976423296981562e-01 -4.264039410427459820e-01 -1.750022006551032305e+01 1.044360792432320328e-01 4.177769907450427089e-01 9.025390856321303668e-01 3.188630647857531741e+01
9.911334407487616405e-01 -1.194806758294099380e-01 -5.813388279048734009e-02 -2.245485961030109934e+02 8.364658329840758688e-02 9.009861880573106774e-01 -4.257868495991404267e-01 -1.781006468414528143e+01 1.032422092424726823e-01 4.171500817515724213e-01 9.029917293596689820e-01 3.254050514771770963e+01
9.916907416952688292e-01 -1.221234407382780218e-01 -4.047904893888239902e-02 -2.245454259961635159e+02 9.414531005320846135e-02 9.032567152423879309e-01 -4.186985904669474623e-01 -1.819307398593482716e+01 8.768416738205940530e-02 4.114094691405902338e-01 9.072458270970725769e-01 3.330774271557942257e+01
9.916373258206765406e-01 -1.286486411303848221e-01 -1.059861280158669490e-02 -2.244709295616198119e+02 1.129821356679528016e-01 9.046972593243833849e-01 -4.107795894979696660e-01 -1.859867033645306122e+01 6.242700958331567906e-02 4.061472085231643270e-01 9.116597209424340820e-01 3.416289237380107124e+01
9.913010836435727224e-01 -1.316538008477874389e-01 -1.892693992497259704e-03 -2.245369814582381878e+02 1.193713056663412569e-01 9.046832117309732135e-01 -4.090140990034006330e-01 -1.894346905821210925e+01 5.554084844934937398e-02 4.052293692249823720e-01 9.125156369145779323e-01 3.485909155354686817e+01
9.909455087514771332e-01 -1.340166915464956199e-01 8.497047234331187027e-03 -2.245471847824017289e+02 1.256902414787040012e-01 9.033482853162302373e-01 -4.101618757690184136e-01 -1.930120461713776336e+01 4.727399341906868280e-02 4.075171894880628698e-01 9.120080381313897533e-01 3.560330851065356228e+01
9.905490387436441946e-01 -1.356763507973001992e-01 2.012058207675975624e-02 -2.244418350544968064e+02 1.319388806353584409e-01 9.024528002573221075e-01 -4.100527366488768699e-01 -1.966868718423351581e+01 3.748057346975264270e-02 4.088314929046829027e-01 9.118246590306504640e-01 3.638444672964552495e+01
9.909855092372233942e-01 -1.301512331873274086e-01 3.171149607484958360e-02 -2.244509874454723217e+02 1.315782571487302266e-01 9.013190151107286496e-01 -4.126829473147346494e-01 -1.999950896753753682e+01 2.513361783820261541e-02 4.131352374625940072e-01 9.103223238728735955e-01 3.707834362186177657e+01
9.907860562410730765e-01 -1.275045331540497762e-01 4.578887487079785767e-02 -2.244580890639284121e+02 1.350415382589988389e-01 9.022561902645171994e-01 -4.095782091075167441e-01 -2.035235082503388071e+01 1.088478395168170423e-02 4.119863116906192224e-01 9.111497600823921239e-01 3.781713463829150612e+01
9.899599767768070269e-01 -1.301440009226015881e-01 5.524451000297159187e-02 -2.243678916401368042e+02 1.413426400253091353e-01 9.011840667901747093e-01 -4.097706281475031465e-01 -2.071337016195264980e+01 3.525797956518137051e-03 4.134628273644706531e-01 9.105205472685898860e-01 3.859950626312148358e+01
9.890519807278184139e-01 -1.330847299215331958e-01 6.379938866129004904e-02 -2.243251090362963112e+02 1.475576279353686682e-01 9.004889095702298674e-01 -4.090948319749564410e-01 -2.105412180016417523e+01 -3.015951251157006872e-03 4.140287402870592715e-01 9.102621878765431163e-01 3.931947924903057867e+01
9.885059087495814412e-01 -1.339676584170794160e-01 7.001650756565856726e-02 -2.242931418906761678e+02 1.509586444674500816e-01 8.990521044360118008e-01 -4.109786242235511922e-01 -2.140998002477350681e+01 -7.881069123446753782e-03 4.168274580345687208e-01 9.089467227610622535e-01 4.007419513411133494e+01
9.887901134529510916e-01 -1.335109672164835615e-01 6.689420707325978432e-02 -2.242011096188430770e+02 1.492559682353217232e-01 8.980280247228596968e-01 -4.138806066354704383e-01 -2.177550297678675406e+01 -4.828156886881094720e-03 4.192241939392559180e-01 9.078823055688489685e-01 4.087178555169672478e+01
9.886274242983695837e-01 -1.361666566340489770e-01 6.393945897059313821e-02 -2.241617567666632169e+02 1.504311365445196447e-01 8.981239116179000614e-01 -4.132902004537875595e-01 -2.214426243384656701e+01 -1.178283524964805588e-03 4.182058906582479807e-01 9.083790957357997797e-01 4.165670531000048982e+01
9.891758054109983656e-01 -1.350057644209476937e-01 5.743275247759938723e-02 -2.241398132104446859e+02 1.466569059535307029e-01 8.982963512584569710e-01 -4.141286800568719784e-01 -2.252743209851015393e+01 4.333903512399679171e-03 4.180719254334889778e-01 9.083766897660917605e-01 4.246167541245939248e+01
9.899677787163302378e-01 -1.332133201731961203e-01 4.715000295183100626e-02 -2.240891794112039861e+02 1.407206553787116732e-01 8.988494229877652675e-01 -4.150514385016376151e-01 -2.291828770220091371e+01 1.290217083665874849e-02 4.175211765982309586e-01 9.085727824267640917e-01 4.330246907414774427e+01
9.906466717403790145e-01 -1.308784319885318292e-01 3.878485850079251007e-02 -2.240624809903619905e+02 1.350954810054029731e-01 8.991843920992345085e-01 -4.161172281792548944e-01 -2.330838508133124520e+01 1.957526742042915019e-02 4.174619136350120607e-01 9.084405325921192098e-01 4.412250930253301817e+01
9.911502689308513414e-01 -1.290799391695031384e-01 3.105922043058708185e-02 -2.240482278109237484e+02 1.301975391545137917e-01 8.992468454301009162e-01 -4.176120010672936256e-01 -2.371336451033110038e+01 2.596850855112050466e-02 4.179587820236045914e-01 9.080898336523535175e-01 4.496937532328242781e+01
9.917774588709022954e-01 -1.254247419770961325e-01 2.552172581646052971e-02 -2.240337728754214766e+02 1.245692133373205029e-01 8.999894735122346834e-01 -4.176827542344030975e-01 -2.413303041316785524e+01 2.941683333847169152e-02 4.174267232375685754e-01 9.082081051916313097e-01 4.584684892670161815e+01
9.924034750847413600e-01 -1.205323395426311506e-01 2.467736267592736399e-02 -2.240250201163189274e+02 1.198047442161172954e-01 9.011324350508536085e-01 -4.166539185246052046e-01 -2.453098544454237384e+01 2.798086989000041561e-02 4.164440686345295961e-01 9.087260384499155075e-01 4.670413783049912837e+01
9.927748773404800886e-01 -1.176036617437220821e-01 2.388507828868144736e-02 -2.240168544986289305e+02 1.168166540006186360e-01 9.014495676973574012e-01 -4.168363317923692302e-01 -2.497299776789762404e+01 2.748424506140619700e-02 4.166149613660714013e-01 9.086714585495040408e-01 4.762122323009594993e+01
9.929179488124227904e-01 -1.162446783016030244e-01 2.463444975960445149e-02 -2.239993570264497009e+02 1.159208276871974558e-01 9.020560105287844799e-01 -4.157709114788684657e-01 -2.539929892069475770e+01 2.609883748570154469e-02 4.156804397564488607e-01 9.091375809763283522e-01 4.852679369065035075e+01
9.929832594302832049e-01 -1.156802189242397833e-01 2.457663215280823585e-02 -2.239975751544817797e+02 1.154017064303486939e-01 9.023276285933452545e-01 -4.153141077018106531e-01 -2.582892995003702907e+01 2.586498567921886871e-02 4.152366226667230653e-01 9.093439486310348485e-01 4.942177191803398273e+01
9.929435934051664692e-01 -1.161258304113031992e-01 2.402665334184366994e-02 -2.239626448323963643e+02 1.156073809349221493e-01 9.028620643567806248e-01 -4.141583395380324384e-01 -2.628181815248235864e+01 2.639514173496380553e-02 4.140132415939332122e-01 9.099169961038673371e-01 5.038093913884306119e+01
9.929255720452606626e-01 -1.163858247761591636e-01 2.361004078520703015e-02 -2.239456212801475203e+02 1.157146190874263209e-01 9.034145427880568846e-01 -4.128609199567706001e-01 -2.672609370544448737e+01 2.671436927058081640e-02 4.126721999277438435e-01 9.104864766583820046e-01 5.132180669870670897e+01
9.928459197768476630e-01 -1.169133410386586219e-01 2.424234453437968534e-02 -2.239299350672631306e+02 1.164669545451994387e-01 9.035913847949796907e-01 -4.122410840234733698e-01 -2.716844575104452275e+01 2.629435415425955200e-02 4.121147078705209021e-01 9.107442921841543138e-01 5.224945121994602459e+01
9.931367417313445856e-01 -1.148322149263109326e-01 2.210747886717200419e-02 -2.239218410433454380e+02 1.136948850513749415e-01 9.039921707116245209e-01 -4.121630101083841868e-01 -2.763239125846479283e+01 2.735056920085772447e-02 4.118475957017665445e-01 9.108479890882505980e-01 5.323063326402601803e+01
9.931743271907175208e-01 -1.142637909767038190e-01 2.342970303656036549e-02 -2.239131620331443742e+02 1.137383933416170056e-01 9.041757689627976102e-01 -4.117739428656384537e-01 -2.807415240043718541e+01 2.586191741451755732e-02 4.116284731400901009e-01 9.109998708493538544e-01 5.415800872475561789e+01
9.932662464533124069e-01 -1.135998755359186874e-01 2.274608101197016924e-02 -2.239013830254481547e+02 1.128521484822800208e-01 9.042697598794020575e-01 -4.117225383018522367e-01 -2.852689089205357575e+01 2.620899345766224131e-02 4.115169263086551066e-01 9.110002847897222811e-01 5.511653762452222338e+01
9.934321803423600272e-01 -1.129965733615464762e-01 1.811767132511139106e-02 -2.238741654674701351e+02 1.104372757470199612e-01 9.050830924629704732e-01 -4.106244271570995141e-01 -2.898927611413401806e+01 2.999655315015493928e-02 4.099276425884967323e-01 9.116136544255047935e-01 5.607807508495075410e+01
9.933734335382989888e-01 -1.137353794237141447e-01 1.645259387198453119e-02 -2.238680740706283530e+02 1.105002405747649713e-01 9.060137122629584594e-01 -4.085047883882491071e-01 -2.943357728615882607e+01 3.156701312942114535e-02 4.076160396142068931e-01 9.125802270930298832e-01 5.700726943339578412e+01
9.932722397517034230e-01 -1.149913291629950374e-01 1.365302747295065074e-02 -2.238729958766896004e+02 1.105688285689788997e-01 9.067637740719465267e-01 -4.069669349043787965e-01 -2.988273461294141953e+01 3.440948266467244027e-02 4.057391880988656108e-01 9.133785598457839772e-01 5.796984378657336379e+01
9.933770429332965390e-01 -1.146571677167501080e-01 7.233792981911587802e-03 -2.238571357605457308e+02 1.076569426554098013e-01 9.070750195213210798e-01 -4.069151056678410039e-01 -3.034351488182685230e+01 4.010566401463205172e-02 4.049983191122831783e-01 9.134144932361480951e-01 5.893833297792275516e+01
9.932594609341838243e-01 -1.157811513892051253e-01 5.422136474047556561e-03 -2.238494266263829502e+02 1.079568135246396776e-01 9.071014995487903798e-01 -4.067871982887073523e-01 -3.078801481250992467e+01 4.218634626644712088e-02 4.046298555744162195e-01 9.134876542097142282e-01 5.987739053620911989e+01
9.932262719746930424e-01 -1.161782771024719024e-01 2.184513804929555207e-03 -2.238509865735556446e+02 1.069844671373646749e-01 9.069430011817007919e-01 -4.075050736746434477e-01 -3.123686284164153193e+01 4.535412905552210078e-02 4.049795436066740417e-01 9.132283131892791062e-01 6.083002446156777410e+01
9.934080423168230034e-01 -1.145801474614148302e-01 3.272243393126342877e-03 -2.238539730078312573e+02 1.058666241591980639e-01 9.061757526122556916e-01 -4.094554455193669673e-01 -3.167468617733222658e+01 4.394985674572297885e-02 4.071028951730495948e-01 9.123336292728868591e-01 6.174771036065128982e+01
9.934485526162761815e-01 -1.140212472915893421e-01 7.579772582128589502e-03 -2.238393430630574699e+02 1.070226587408910912e-01 9.051513931462258356e-01 -4.114070823051867998e-01 -3.211021981443734319e+01 4.004948605384884425e-02 4.095224362880974245e-01 9.114259846421612909e-01 6.266691236716859237e+01
9.936191049218713323e-01 -1.122684469183240219e-01 1.080525187850747693e-02 -2.238263139145399805e+02 1.067578225635097133e-01 9.052565647600776533e-01 -4.112643601723076081e-01 -3.257810897769952874e+01 3.638775059086257063e-02 4.097942066612920708e-01 9.114658077121552404e-01 6.363293323325636663e+01
9.935504508275480040e-01 -1.119977144371883671e-01 1.777357242503322526e-02 -2.238129035923526828e+02 1.094218275938442925e-01 9.056618123319618574e-01 -4.095928792448448874e-01 -3.299981580036603646e+01 2.977909635067178123e-02 4.088961384810610444e-01 9.120737094357050934e-01 6.454684685482138207e+01
9.931427032851565251e-01 -1.147845801176173575e-01 2.216808252502592419e-02 -2.237985676263234041e+02 1.138751215462633776e-01 9.069589798238953948e-01 -4.056270210198578696e-01 -3.344519525946716954e+01 2.644467011401037404e-02 4.053705266531019147e-01 9.138114238092832631e-01 6.545470189842386333e+01
9.932283238149912652e-01 -1.122742566770977279e-01 2.986856034820194183e-02 -2.237848688260575329e+02 1.147413288296472295e-01 9.076393232860100468e-01 -4.037663959110325829e-01 -3.387887660763810516e+01 1.822248407721544644e-02 4.044594569645801330e-01 9.143754182562071620e-01 6.638194189826312197e+01
9.929807144767394123e-01 -1.129717815973110551e-01 3.502465228061758806e-02 -2.237576268424302839e+02 1.174349768072412287e-01 9.064036187885988749e-01 -4.057029957255434693e-01 -3.431603694277852412e+01 1.409301848659088620e-02 4.069681823025319001e-01 9.133078321094177943e-01 6.731014189584166729e+01
9.928055518617379116e-01 -1.133026205664925540e-01 3.866891003018159412e-02 -2.237230023393542524e+02 1.191988713275542872e-01 9.054448203101985726e-01 -4.073279297864144111e-01 -3.472601837584883100e+01 1.115241062292044762e-02 4.090073647974570292e-01 9.124404480451964172e-01 6.819755342456438996e+01
9.927020695592687627e-01 -1.113430486971033889e-01 4.629499940907827460e-02 -2.236894658187149787e+02 1.205310989232768193e-01 9.050981645943929621e-01 -4.077768768249288023e-01 -3.515099893516296703e+01 3.504035913932351202e-03 4.103812135335447864e-01 9.119155732842353368e-01 6.909637803360087105e+01
9.925705008464149603e-01 -1.105578004544598147e-01 5.079306496370225577e-02 -2.236374961649191562e+02 1.216658413880275513e-01 9.047539773359706272e-01 -4.082162689005576217e-01 -3.559727684801229941e+01 -8.258102341249228548e-04 4.113639745018825011e-01 9.114834313062926130e-01 7.001758053323391096e+01
9.923669874043876682e-01 -1.109028050452438713e-01 5.392007296587738446e-02 -2.235905970864822905e+02 1.232678896161719106e-01 9.048303292236170581e-01 -4.075794183914247526e-01 -3.600938308699365820e+01 -3.590731894151020804e-03 4.111165271105654551e-01 9.115943803972945680e-01 7.089368098282596975e+01
9.920044034346316986e-01 -1.126867442945867354e-01 5.681576879434577926e-02 -2.235378592020028066e+02 1.260268039432507758e-01 9.080988976045377692e-01 -3.992700550308262986e-01 -3.642435715901507365e+01 -6.592089650043095501e-03 4.032377018123569634e-01 9.150408206077117468e-01 7.179008467498981361e+01
9.918406665765301389e-01 -1.136980011615224412e-01 5.764849859389834658e-02 -2.234788080448298331e+02 1.272103580159165970e-01 9.120854131277701393e-01 -3.897745263895849299e-01 -3.685104525849354218e+01 -8.262604854541635152e-03 3.939284974022645436e-01 9.191082663993681567e-01 7.270752788202297268e+01
9.917553334509358054e-01 -1.135165175732793796e-01 5.949748525197945392e-02 -2.234116995457756332e+02 1.277217254950673841e-01 9.137697356467738841e-01 -3.856420468815425773e-01 -3.724843480881679625e+01 -1.059719402237103633e-02 3.900592969351079353e-01 9.207313252885820365e-01 7.359473747308797442e+01
9.916791762882005701e-01 -1.138685574224076735e-01 6.005448046899213715e-02 -2.233482245874480157e+02 1.283382788967600274e-01 9.111104231529270070e-01 -3.915797723074073144e-01 -3.764884953811741042e+01 -1.011785436054727511e-02 3.960284308627214922e-01 9.181422524227338400e-01 7.447810004678451890e+01
9.914320716944881040e-01 -1.145698971253577836e-01 6.271803185563425143e-02 -2.232916510862191615e+02 1.301052353162259201e-01 9.085060447025625763e-01 -3.970257637542674578e-01 -3.805060847354788223e+01 -1.147944233751029344e-02 4.017838733503738546e-01 9.156312843903029464e-01 7.536021957150144601e+01
9.906460667066524506e-01 -1.206102336958225774e-01 6.390944509856617828e-02 -2.232234937412993929e+02 1.361419341197364075e-01 9.071193677703167646e-01 -3.982308072867005722e-01 -3.844933244366676206e+01 -9.957838080426504104e-03 4.032043286159254225e-01 9.150415294436244906e-01 7.623929139056953375e+01
9.902985742152007331e-01 -1.237891742077806834e-01 6.309694038214605505e-02 -2.231370962509373612e+02 1.387070017642909603e-01 9.076294856717455062e-01 -3.962171487048645191e-01 -3.885910715030978224e+01 -8.220511064384128028e-03 4.011287042643200129e-01 9.159958950767380648e-01 7.712053196676788502e+01
9.904040279589774176e-01 -1.234483810672273862e-01 6.201946040954326583e-02 -2.230929929664777092e+02 1.379332821070048953e-01 9.087006723396751084e-01 -3.939743198151716697e-01 -3.926518982205120523e+01 -7.698804489991864855e-03 3.987521786263688028e-01 9.170225403591539814e-01 7.800903755384109672e+01
9.906874242464185354e-01 -1.215845647129619594e-01 6.129690877749672390e-02 -2.230358443424311474e+02 1.358907488072079450e-01 9.111977985181440864e-01 -3.889851295329054270e-01 -3.965831592772595826e+01 -8.569908379876039692e-03 3.936921543988885497e-01 9.192331916374457679e-01 7.888538477783960445e+01
9.911066064757924066e-01 -1.199205671540058554e-01 5.769069770504359901e-02 -2.229751325536161914e+02 1.329077425761458764e-01 9.138073693193983216e-01 -3.838671221794938138e-01 -4.005794449335848384e+01 -6.696479653022280321e-03 3.881211372827441108e-01 9.216173152128048773e-01 7.978712276568452921e+01
9.920055756493472154e-01 -1.114739607447878950e-01 5.914657256825808090e-02 -2.229513585282734027e+02 1.256650639894485999e-01 9.155705746682533119e-01 -3.820382450988867862e-01 -4.044773621156372201e+01 -1.156808627039772157e-02 3.864176049162026949e-01 9.222587877317161009e-01 8.063823482675441312e+01
9.931016604533290382e-01 -1.031458070897667834e-01 5.576212209663620328e-02 -2.229120559981632823e+02 1.166657828878219089e-01 9.168941404471239176e-01 -3.816833670685567115e-01 -4.082326514289245267e+01 -1.175698568728699399e-02 3.855566378245242620e-01 9.226024680852954463e-01 8.152071012937554428e+01
9.929292101318653030e-01 -1.062540197546412574e-01 5.296556575576862741e-02 -2.228662177870900791e+02 1.184450494043149671e-01 9.169598058532921758e-01 -3.809465771875469309e-01 -4.121621818102649826e+01 -8.090443501693011033e-03 3.845242637000897967e-01 9.230586554282642631e-01 8.240264043248073733e+01
9.925088131215886733e-01 -1.108727012832155523e-01 5.133797260338161111e-02 -2.228212228014428717e+02 1.220929704411736622e-01 9.158992790998388145e-01 -3.823443978419543976e-01 -4.160212826219892435e+01 -4.626805175864515986e-03 3.857469507464980074e-01 9.225731623562095640e-01 8.326444938773796878e+01
9.926475253986286607e-01 -1.126974426961650927e-01 4.417204137785107204e-02 -2.227666003283640919e+02 1.210055239178339237e-01 9.146723215678133068e-01 -3.856534916933960222e-01 -4.197917297642818113e+01 3.058614254840462832e-03 3.881625670999893085e-01 9.215834108803905300e-01 8.414727698353716789e+01
9.924497893062662612e-01 -1.176292407971285953e-01 3.466926484817722115e-02 -2.227294087935631239e+02 1.218638770946940120e-01 9.143942341218032066e-01 -3.860322670296687519e-01 -4.236616642508716524e+01 1.371613766126266419e-02 3.873438465519057905e-01 9.218295777224436716e-01 8.501603194939472985e+01
9.918159736016443073e-01 -1.249868841736039848e-01 2.602816497961013206e-02 -2.227035456035627590e+02 1.253204081626534960e-01 9.141242493883069420e-01 -3.856313778669230308e-01 -4.275111860892738491e+01 2.440202635462311934e-02 3.857395719158939196e-01 9.223073837643520623e-01 8.587112480462678832e+01
9.923626319181098054e-01 -1.226621849397081937e-01 1.317228558307681485e-02 -2.226877196566006205e+02 1.181659844284846522e-01 9.143851760910363113e-01 -3.872228776153842644e-01 -4.314284458477733608e+01 3.544797558490447864e-02 3.858222921266544203e-01 9.218929509820956714e-01 8.673648656802123469e+01
9.926819867322543844e-01 -1.207736822013085187e-01 1.421327690724384380e-03 -2.227049197231883397e+02 1.119160974645680706e-01 9.153100952382784428e-01 -3.869419722205450496e-01 -4.352205841053843471e+01 4.541625867270550343e-02 3.842697273023160109e-01 9.221225210720701559e-01 8.760683592894963567e+01
9.925069457473935097e-01 -1.215178542905898246e-01 -1.283381513083963442e-02 -2.227138989037487420e+02 1.072351357480604284e-01 9.165497001152493883e-01 -3.852690592879214893e-01 -4.390556284841343881e+01 5.857823503126972919e-02 3.810055704376945074e-01 9.227115092353188608e-01 8.846961266234352195e+01
9.923944400039463876e-01 -1.204262630280993063e-01 -2.547774080666493149e-02 -2.227434726883957694e+02 1.014038187912600086e-01 9.171826668556150031e-01 -3.852710457750991857e-01 -4.429340065364245049e+01 6.977516329989881527e-02 3.797560817268061384e-01 9.224197512604035420e-01 8.933046098210199659e+01
9.919260972356678252e-01 -1.210757291380373385e-01 -3.780563581191752343e-02 -2.227949088698106834e+02 9.729595378343995626e-02 9.175163283476149845e-01 -3.857220370357696271e-01 -4.466545525515820714e+01 8.136594222152185307e-02 3.789306794714308313e-01 9.218828670039979079e-01 9.018766102933594198e+01
9.908167218719683422e-01 -1.243029670463217384e-01 -5.319151410208943637e-02 -2.228386944774322842e+02 9.432592779980406017e-02 9.173526706699381972e-01 -3.867291485666466411e-01 -4.505654001872419911e+01 9.687159236378159455e-02 3.781603339797431351e-01 9.206552467784673288e-01 9.105455766176211796e+01
