1.0 0.0 0.0 0.0 0.0 1.0 0.0 0.0 0.0 0.0 1.0 0.0
0.9977771 -0.06656255 0.002967216 3.6409912 0.06651933 0.997702 0.012838949 6.2838135 -0.003815129 -0.012613002 0.99991316 0.11706543
0.9239949 -0.3824107 -0.0017394093 5.9279785 0.38241094 0.9239564 0.00860743 11.841309 -0.0016842759 -0.008618514 0.99996144 0.18981934
0.78980386 -0.6132453 0.0057958383 5.9432373 0.6132117 0.78982323 0.006638753 17.473999 -0.008649426 -0.0016894878 0.9999612 0.13793945
0.9218271 -0.3843168 0.050956246 4.5733643 0.38428956 0.9231837 0.010721251 22.999268 -0.051161464 0.009696865 0.99864304 0.09509277
0.9915173 -0.12999749 -0.0001581395 5.3413086 0.12998807 0.9914295 0.013292977 28.161621 -0.0015709347 -0.013200807 0.9999116 0.24450684
0.9066744 0.4183339 0.054206714 6.8951416 -0.4198968 0.90732634 0.021105029 33.22632 -0.040352367 -0.04189635 0.99830663 0.07788086
0.88301104 0.4690309 0.017773151 10.953247 -0.46925572 0.88299406 0.011619875 36.68335 -0.010242865 -0.018598715 0.99977446 0.25354004
0.7691178 0.6369263 0.051789567 15.213745 -0.63746667 0.770376 -0.0074528717 40.210327 -0.044646576 -0.027280066 0.99863064 -0.061767578
0.8545577 0.5181748 0.03431409 20.183838 -0.51841956 0.85509557 -0.0020349089 42.14209 -0.030394437 -0.016050084 0.9994091 0.21374512
0.9221994 0.3859149 -0.024610247 24.223633 -0.38669792 0.9201758 -0.061058797 44.49536 -0.0009219721 0.06582652 0.9978302 0.36999512
0.8796417 0.47438142 0.034525543 27.49939 -0.4739275 0.8803163 -0.02084185 47.85083 -0.040281266 0.0019757997 0.9991868 0.33654785
0.98809046 0.14923029 0.037485063 30.833374 -0.1485609 0.98869866 -0.020064691 50.633545 -0.040055715 0.0142556615 0.99909544 0.24304199
0.8882092 0.45736894 0.043845158 33.009155 -0.45687324 0.8892897 -0.021322126 54.831055 -0.048740555 -0.0010875559 0.99881124 0.5280762
0.9655986 0.2574984 0.03557978 35.84619 -0.25685295 0.96618116 -0.021730602 58.250732 -0.03997532 0.011842601 0.99913067 0.41906738
0.9991801 -0.014757462 0.037693545 38.609253 0.015762415 0.9995244 -0.026497746 62.551025 -0.03728449 0.027070327 0.99893767 0.57995605
0.9966803 0.071009755 0.03981943 40.091064 -0.07020955 0.99730736 -0.021158947 68.08667 -0.04121443 0.018293442 0.9989834 0.6693115
0.9627253 0.26770538 0.038047213 41.66333 -0.26630634 0.9631114 -0.03810769 73.69873 -0.04684821 0.026549952 0.99854875 0.913208
0.86806613 0.49550074 0.02992402 44.250732 -0.4942598 0.8683412 -0.040566657 78.89258 -0.04608861 0.020428296 0.99872893 0.93859863
0.9306903 0.36443132 0.031191932 48.92041 -0.3625592 0.9304389 -0.05292195 83.732666 -0.04831467 0.037945215 0.99811107 1.1578369
0.77983546 0.6255692 0.025139658 52.6084 -0.6243211 0.7800274 -0.043490604 89.5625 -0.046818607 0.018223805 0.9987372 1.1816406
0.9529487 0.3007644 0.038271677 57.570557 -0.29841983 0.9527565 -0.056875184 93.61377 -0.05356765 0.042782135 0.9976475 1.4997559
0.9092065 0.41440192 0.040543154 60.429443 -0.41303027 0.90993255 -0.038184047 98.612305 -0.052712686 0.017973633 0.998448 1.3979492
0.96101296 -0.2740386 0.0365698 64.60376 0.27507114 0.9610356 -0.026973916 103.48535 -0.027754797 0.03598359 0.99896735 1.7254639
0.87948126 -0.47455692 0.03576029 64.84961 0.47560766 0.8790962 -0.030959332 110.52075 -0.016747192 0.044239305 0.99888086 1.9534912
0.91766876 -0.39517593 0.040729243 63.811768 0.39650103 0.9174397 -0.032086372 117.49121 -0.024685562 0.045593925 0.99865514 2.1542969
0.9394087 -0.3385487 0.053634755 62.729492 0.34082028 0.9392268 -0.040932797 123.706055 -0.036516447 0.056734733 0.99772114 2.484253
0.9975611 -0.05538087 0.0424894 61.573242 0.05682068 0.99782383 -0.033463914 129.93066 -0.040544093 0.03579639 0.9985364 2.5236816
0.9980361 -0.0065906136 0.062293895 62.87378 0.008347626 0.99957347 -0.027991123 136.04175 -0.062082827 0.028456254 0.9976653 2.7923584
0.99328095 -0.08925157 0.0736546 63.792236 0.09237213 0.99491495 -0.04010034 141.55054 -0.069699846 0.046635102 0.99647754 2.8236084
0.9189196 -0.3843914 0.08849628 64.16284 0.3892928 0.91994417 -0.046453968 146.94385 -0.06355996 0.07714206 0.9949927 2.9510498
0.89719224 -0.42961574 0.102032825 63.37549 0.4362584 0.8981371 -0.054453507 152.20679 -0.06825176 0.09338051 0.99329036 3.192749
0.7507398 -0.6476839 0.13025467 62.709473 0.6577761 0.751178 -0.055976383 158.17017 -0.06158448 0.1276944 0.9898981 3.5473633
0.6720878 -0.72767615 0.13691054 60.689697 0.73853743 0.67205286 -0.05350889 164.17896 -0.053077307 0.13707316 0.9891387 4.0457764
0.90706927 -0.39549294 0.14401858 58.292236 0.4077043 0.91059846 -0.067187294 169.49854 -0.10455421 0.11967223 0.987289 4.699951
0.7454945 -0.6487854 0.15249757 58.043213 0.6622197 0.74687546 -0.059814595 175.81738 -0.07509767 0.14557907 0.98649496 5.007202
0.5441223 -0.82333875 0.16132915 56.291504 0.8380164 0.5426391 -0.05708161 181.30518 -0.040551066 0.16627035 0.9852477 5.6864014
0.72943175 -0.66011846 0.17929414 53.593018 0.67931795 0.72980356 -0.076705515 186.06323 -0.08018985 0.17774771 0.98079693 6.432373
0.47155598 -0.8640198 0.17569488 51.673584 0.88057977 0.471556 -0.04446619 191.2207 -0.044439964 0.17572114 0.98344 6.9454346
0.3011319 -0.93431896 0.19125101 48.784668 0.95369864 0.29453486 -0.06271558 194.94946 0.0022932452 0.20128219 0.9795282 8.066772
-0.16280347 -0.9698144 0.18166044 44.671997 0.9840406 -0.1730491 -0.041972324 198.08301 0.07210358 0.1719394 0.9824683 8.749878
0.61769617 -0.743108 0.25762817 39.83838 0.7581158 0.649758 0.056478854 198.41113 -0.20938382 0.16038741 0.96459955 9.403076
0.33352676 -0.9127189 0.23580703 37.82373 0.9425377 0.32722348 -0.06651285 202.02222 -0.016403116 0.24438557 0.9695223 10.672119
0.3929886 -0.8599067 0.3256003 34.42566 0.9194435 0.37091443 -0.13016286 204.09766 -0.008833752 0.35055503 0.93650275 12.0720215
0.416853 -0.8057718 0.420515 30.60608 0.9057836 0.40643412 -0.119113415 206.00513 -0.07493784 0.4305596 0.8994469 13.150879
0.75248754 -0.5734503 0.32404017 26.510498 0.6392194 0.7545064 -0.14915185 207.64429 -0.15897141 0.3193654 0.9341999 14.462036
0.9557102 0.13012445 0.26391417 23.41565 -0.10933446 0.98973656 -0.09206286 209.94019 -0.27317965 0.059127368 0.9601249 14.773315
0.99768096 0.008127205 0.06756805 23.29187 -0.0015140288 0.9952497 -0.09734344 213.15283 -0.068038225 0.09701539 0.99295396 13.810303
0.9825907 0.13726857 0.12518558 23.743652 -0.07765845 0.9156304 -0.39446756 216.10864 -0.1687701 0.37787795 0.91035056 12.820068
0.935065 -0.34073663 0.09745297 25.196655 0.29229695 0.5859984 -0.7558172 219.03564 0.20046405 0.73524487 0.6475885 13.364624
0.728568 -0.4441308 -0.5215256 25.268433 0.26155782 0.8840043 -0.3875618 220.6604 0.6331185 0.14599724 0.76022226 15.045654
0.8983916 -0.2717416 -0.34511918 24.75293 0.27483088 0.9606196 -0.040962875 222.34131 0.34266338 -0.058025807 0.93769526 15.4383545
0.87226385 -0.3238939 -0.36640057 25.087158 0.32400286 0.9439477 -0.06313438 223.41772 0.36630428 -0.06364173 0.92831606 15.796875
0.97742724 -0.0538297 -0.20429589 25.449219 -0.023486495 0.9333193 -0.3582749 224.03784 0.20995484 0.3549882 0.9109871 16.040283
0.87408596 -0.33020943 -0.3562565 26.352783 0.33033627 0.94176096 -0.062439043 223.19995 0.35613877 -0.0631209 0.93232507 16.162842
0.8997725 -0.25546968 -0.35370225 27.110596 0.24538253 0.9665787 -0.07392759 223.31909 0.3607764 -0.020305399 0.9324367 16.608887
0.90468657 -0.22260818 -0.36335325 27.82605 0.2027642 0.97485995 -0.09239418 223.52734 0.3747896 0.009924611 0.92707485 16.870483
0.8955342 -0.24929379 -0.3686418 28.533936 0.22991425 0.96842515 -0.0963964 223.72925 0.38103122 0.0015786048 0.9245769 17.112183
0.9009128 -0.21685308 -0.3759421 29.218506 0.19310026 0.9760371 -0.10028303 223.69995 0.38867953 0.017746635 0.92121005 17.474121
0.90604997 -0.15837304 -0.39241236 30.114746 0.12486994 0.98609436 -0.10964796 223.92969 0.40432265 0.050344296 0.91322696 17.872192
0.8971293 -0.16820893 -0.40846884 30.837158 0.13366069 0.9846898 -0.11195183 224.15918 0.42103863 0.045847002 0.9058701 18.167114
0.89661324 -0.15118244 -0.4162834 31.509277 0.11402167 0.98704433 -0.11289482 224.08813 0.42795753 0.053771403 0.90223116 18.510742
0.9025126 -0.10037898 -0.41882735 32.41626 0.0561642 0.991587 -0.11665119 224.16577 0.42700958 0.08176434 0.90055543 18.946777
0.9029637 -0.099175 -0.41819626 33.07263 0.054095723 0.9914974 -0.11835159 224.31177 0.4263781 0.084251046 0.90065026 19.253784
0.90720516 -0.0836026 -0.41234776 33.84143 0.036474794 0.99199533 -0.12090483 224.30981 0.41915447 0.094647564 0.9029928 19.6344
0.91159326 -0.058275014 -0.40691262 34.69812 0.0066089514 0.9918512 -0.12725884 224.23999 0.41101062 0.113322124 0.90454984 20.036743
0.9124403 -0.0513573 -0.40595022 35.396484 -0.0021040342 0.991491 -0.13021202 224.30469 0.4091812 0.11966698 0.9045686 20.378174
0.9119214 -0.043031156 -0.40818074 36.143066 -0.012517512 0.99110734 -0.13249567 224.31396 0.41025162 0.12593766 0.9032731 20.730713
0.9117254 -0.033187505 -0.40942344 36.92639 -0.024150735 0.9906772 -0.13407384 224.20801 0.41005588 0.13212655 0.9024239 21.092285
0.9102137 -0.020805428 -0.4136149 37.62268 -0.035722762 0.99107057 -0.12845354 224.21753 0.41259477 0.13169321 0.9013426 21.417725
0.91102886 -0.0065460773 -0.4123454 38.363647 -0.049759217 0.99082166 -0.12572743 224.22534 0.40938413 0.13506019 0.9023415 21.766968
0.91038746 0.0008649443 -0.41377 39.148315 -0.059233416 0.98996985 -0.1283011 224.13379 0.40950918 0.1413148 0.9013073 22.12207
0.9101173 0.007450056 -0.4142911 39.870483 -0.06780272 0.9890391 -0.13118722 224.0896 0.40877315 0.14748655 0.9006466 22.458008
0.90879345 0.012360922 -0.41705275 40.627686 -0.074038975 0.98847514 -0.13201766 224.05542 0.41061237 0.15085943 0.89923614 22.807983
0.9077324 0.0093188975 -0.41947296 41.427612 -0.07093469 0.9887692 -0.13156614 223.95801 0.41353652 0.14918181 0.89819884 23.166504
0.90823066 0.0056674816 -0.41849157 42.21472 -0.06799379 0.9886197 -0.13424475 223.91309 0.41296935 0.15037976 0.8982801 23.53003
0.9082364 0.00013103243 -0.41839895 43.022095 -0.061485592 0.9891873 -0.13312308 223.88452 0.41385433 0.14664301 0.89842516 23.90747
0.9084452 -0.008478641 -0.41791195 43.865234 -0.05119804 0.99000955 -0.13139611 223.82593 0.41485116 0.14076295 0.89893526 24.292114
0.90832335 -0.015186886 -0.4178994 44.687744 -0.04282523 0.99071187 -0.1291126 223.79199 0.4159769 0.13518219 0.8992364 24.67627
0.9079816 -0.021606013 -0.418442 45.53723 -0.035098743 0.991238 -0.12735952 223.77051 0.41752747 0.1303268 0.8992674 25.075073
0.90810764 -0.025094066 -0.41792724 46.41736 -0.02953744 0.9918773 -0.123742096 223.74951 0.41763654 0.12472001 0.8999901 25.488892
0.90862954 -0.023696871 -0.41692019 47.2771 -0.028652908 0.9924982 -0.11886131 223.73608 0.41660997 0.11994404 0.9011342 25.881592
0.90857744 -0.023217542 -0.4170794 48.19702 -0.02784234 0.99286777 -0.1159371 223.72266 0.41679576 0.11695288 0.9014507 26.317505
0.9090439 -0.021846157 -0.41613036 49.105225 -0.028574891 0.993006 -0.1145788 223.70044 0.41572365 0.1160463 0.90206164 26.73816
0.90925074 -0.021619525 -0.41568324 50.00293 -0.028510004 0.9930704 -0.11401722 223.6936 0.4152668 0.11552486 0.9023337 27.16211
0.90982425 -0.022159286 -0.41446525 50.964844 -0.02795479 0.9930327 -0.11447325 223.65308 0.4141156 0.115731515 0.9028657 27.608887
0.9103942 -0.02248967 -0.41312742 51.908447 -0.027530547 0.99301577 -0.11474301 223.63062 0.41282165 0.115838654 0.90341663 28.047363
0.9106512 -0.022069898 -0.41256803 52.838867 -0.028161885 0.9929347 -0.11526953 223.60986 0.4121976 0.116587326 0.9035957 28.483765
0.91075814 -0.023145875 -0.4123038 53.822998 -0.02601265 0.99322915 -0.11320363 223.5957 0.41213357 0.11382146 0.9039896 28.941284
0.91090924 -0.021659004 -0.41207144 54.753174 -0.027328204 0.9932615 -0.11262828 223.58228 0.4117342 0.11385482 0.9041792 29.377075
0.91091067 -0.022012549 -0.4119609 55.7146 -0.026639726 0.9933546 -0.111969024 223.56494 0.41168728 0.11297093 0.904271 29.823486
0.91152877 -0.025829194 -0.4103999 56.678955 -0.021999639 0.9935337 -0.11140376 223.53076 0.41062328 0.11057763 0.9050665 30.279785
0.91249675 -0.027419642 -0.40810266 57.61084 -0.020324303 0.99348027 -0.11216554 223.5188 0.40851694 0.11064681 0.90599036 30.71875
0.9132972 -0.030278258 -0.40625143 58.57617 -0.017522335 0.9933888 -0.11344984 223.51733 0.4070014 0.110729925 0.9067286 31.162231
0.9133389 -0.035998866 -0.40555423 59.547607 -0.011100714 0.99351305 -0.11316014 223.4939 0.40699762 0.10785365 0.9070146 31.616577
0.9134131 -0.038080793 -0.40520492 60.489502 -0.009295769 0.9934026 -0.11429761 223.48022 0.4068845 0.10816615 0.9070329 32.05493
0.9131563 -0.04125148 -0.40558025 61.44507 -0.00606624 0.9933803 -0.11471395 223.47534 0.40762722 0.10721414 0.906861 32.497314
0.91226107 -0.039835487 -0.40768847 62.365723 -0.0071572238 0.9935576 -0.11309728 223.47363 0.40956762 0.10609118 0.9060988 32.928467
0.91134965 -0.035906613 -0.41007614 63.28784 -0.011474835 0.99358493 -0.112497546 223.45532 0.41148597 0.107226714 0.90509135 33.357178
0.9113876 -0.032244388 -0.41031474 64.256836 -0.014687387 0.9937427 -0.110722974 223.43799 0.41131732 0.10693882 0.90521115 33.818726
0.91198987 -0.025627282 -0.40936413 65.17334 -0.021641418 0.9936511 -0.110412784 223.42188 0.40959346 0.109559 0.905645 34.234985
0.91372275 -0.022296429 -0.4058196 66.08374 -0.026025891 0.99323195 -0.11319147 223.40356 0.40559763 0.11398413 0.9069584 34.67578
0.9142816 -0.014077316 -0.40483686 67.01367 -0.033695627 0.9932895 -0.110638045 223.38745 0.40367758 0.114795424 0.907672 35.104004
0.9132084 -0.00990889 -0.40731445 67.944824 -0.038870033 0.99302757 -0.11128967 223.35669 0.40557653 0.11746645 0.9064562 35.53418
0.91233706 -0.0069393096 -0.40933096 68.83496 -0.042528033 0.9928421 -0.1115869 223.31836 0.40717477 0.11921442 0.9055117 35.9375
0.9118063 0.0007290913 -0.41063827 69.73657 -0.05014386 0.992712 -0.1095737 223.28247 0.40756607 0.120497905 0.9051975 36.3562
0.91137034 0.005074511 -0.41158402 70.660645 -0.054639585 0.9925653 -0.10875593 223.2268 0.40797198 0.1216053 0.9048723 36.7959
0.9114781 0.007847107 -0.41131508 71.53931 -0.057764143 0.9923523 -0.109083466 223.17603 0.40731272 0.12318823 0.9049613 37.20215
0.91492194 0.010795805 -0.40341672 72.437744 -0.060611542 0.9919819 -0.11089251 223.11914 0.39898416 0.12591378 0.90824026 37.61389
0.9189897 0.012391214 -0.3940968 73.35718 -0.061382312 0.99181557 -0.11194904 223.05518 0.3894838 0.12707072 0.91222906 38.037598
0.920612 0.014694707 -0.39020818 74.24658 -0.06319998 0.9917239 -0.11177706 222.98389 0.38533792 0.12756033 0.9139205 38.430176
0.9180208 0.014272061 -0.396182 75.13281 -0.0638023 0.9916473 -0.11209363 222.91577 0.39127168 0.12818971 0.91126376 38.822144
0.9155054 0.01569553 -0.40192804 76.01782 -0.06650985 0.9913938 -0.11274811 222.85522 0.39669874 0.12995657 0.9086702 39.2157
0.9149092 0.014224333 -0.40337673 76.899414 -0.06775044 0.9906127 -0.11877308 222.78223 0.39789993 0.13600563 0.9072851 39.607666
0.9158622 0.01248469 -0.40132383 77.78296 -0.06694482 0.99027187 -0.121967904 222.69043 0.3958946 0.1385788 0.9077899 40.01172
0.91689074 0.0119371675 -0.39895073 78.67383 -0.065848865 0.99037987 -0.121646255 222.64111 0.39365935 0.13780491 0.90885663 40.412476
0.9191048 0.012750675 -0.3938787 79.552246 -0.06507773 0.990662 -0.11981437 222.5791 0.38867426 0.13574824 0.9113516 40.80127
0.9214951 0.010809524 -0.38831863 80.456055 -0.061423406 0.9910888 -0.118201666 222.51245 0.3835814 0.13276942 0.9139474 41.19641
0.92214215 0.015620516 -0.38655338 81.30957 -0.06280924 0.99197197 -0.109756075 222.4851 0.3817351 0.12549163 0.9157208 41.581177
0.9224958 0.01574536 -0.38566962 82.194336 -0.059366673 0.993067 -0.10145347 222.44067 0.3813975 0.11649017 0.91703546 41.950806
0.92295223 0.012081144 -0.38467503 83.07861 -0.056585662 0.99290687 -0.10458345 222.38892 0.38068384 0.118292734 0.91708857 42.33789
0.92246443 0.008651389 -0.38593766 83.94287 -0.05499923 0.99249756 -0.10920505 222.33838 0.38209754 0.12196568 0.91601926 42.717285
0.92147946 0.000980881 -0.38842008 84.828125 -0.047869995 0.9926606 -0.111060485 222.27661 0.38546056 0.120933145 0.9147632 43.086914
0.9217312 -0.0096778255 -0.38769975 85.69922 -0.038403556 0.99249774 -0.11605429 222.2312 0.38591373 0.12186085 0.9144447 43.467773
0.9222129 -0.020355562 -0.38619995 86.55664 -0.029809466 0.9918991 -0.123473324 222.19727 0.38558358 0.12538473 0.91413563 43.847046
0.9218116 -0.031444933 -0.38636336 87.42456 -0.016950168 0.99248135 -0.121229194 222.1726 0.38726968 0.118301764 0.9143478 44.23242
0.9220527 -0.04146559 -0.3848835 88.29736 -0.0051851356 0.99283266 -0.119424336 222.1814 0.38707632 0.1121126 0.91522926 44.6062
0.922654 -0.05468491 -0.38172293 89.1626 0.009076468 0.99269944 -0.12027791 222.18091 0.38551363 0.107509196 0.91641474 44.98474
0.922373 -0.06592883 -0.380556 90.02612 0.02172713 0.99262255 -0.11927627 222.20166 0.38561258 0.10174493 0.9170013 45.367188
0.92184573 -0.07755218 -0.37981978 90.88599 0.034046657 0.99219126 -0.12001325 222.24438 0.38616073 0.09770535 0.9172883 45.733887
0.9206294 -0.09308225 -0.37917364 91.75586 0.04940289 0.9911321 -0.12334869 222.27808 0.38729283 0.0948269 0.9170632 46.119263
0.91778105 -0.103765 -0.38329703 92.60718 0.060484216 0.9905223 -0.123315185 222.32812 0.3924592 0.08999797 0.9153566 46.491455
0.9129498 -0.116382666 -0.39120722 93.448 0.07168112 0.98930365 -0.1270525 222.39746 0.40180808 0.08796351 0.9115233 46.865845
0.90938205 -0.12907523 -0.39540803 94.27881 0.08570349 0.9883805 -0.12552196 222.47754 0.40701687 0.0802552 0.90987873 47.249023
0.9087806 -0.13932416 -0.39332506 95.11328 0.097444914 0.98741037 -0.12461094 222.57324 0.4057328 0.07492072 0.91091293 47.62854
0.9083061 -0.15117665 -0.38999596 95.957275 0.11112321 0.9861171 -0.12342623 222.67505 0.40323496 0.068780884 0.91248524 48.02539
0.9059536 -0.15988098 -0.3920484 96.78174 0.12049916 0.98502976 -0.12324295 222.79565 0.40588847 0.06440758 0.91165996 48.408936
0.90239865 -0.16452838 -0.39827314 97.60742 0.12747933 0.98480177 -0.117962584 222.92578 0.4116293 0.055685688 0.9096513 48.796387
0.8980773 -0.16816428 -0.4063358 98.44336 0.13290386 0.98458546 -0.11372638 223.06006 0.41919196 0.048124257 0.9065818 49.18506
0.8960369 -0.17021415 -0.4100002 99.26758 0.13602372 0.98442066 -0.11142518 223.19604 0.42257544 0.044062715 0.9052336 49.58496
0.8951629 -0.17262894 -0.41101962 100.09448 0.13918507 0.984117 -0.11020669 223.3374 0.4235159 0.04146022 0.9049669 49.985107
0.89414114 -0.17723389 -0.41118968 100.92676 0.14488828 0.9834529 -0.10884112 223.47705 0.42366531 0.037756663 0.9050114 50.39746
0.8943029 -0.18198854 -0.40874812 101.73828 0.15086475 0.9826968 -0.10746489 223.61694 0.42122975 0.03443467 0.90628695 50.795654
0.8940536 -0.18982452 -0.40577316 102.57007 0.15911257 0.9812882 -0.108459115 223.75342 0.4187681 0.0324166 0.90751714 51.187744
0.89451987 -0.19561939 -0.40201154 103.41528 0.16707818 0.9803174 -0.10524912 223.90771 0.41468453 0.027004346 0.90958 51.620117
0.89241755 -0.1986474 -0.40508282 104.21265 0.17220859 0.9798567 -0.10110344 224.07202 0.41700855 0.020457828 0.9086512 51.997803
0.88939214 -0.20289227 -0.40967563 105.01929 0.17937298 0.9791378 -0.095507994 224.24146 0.42050463 0.011469583 0.9072238 52.378662
0.88691044 -0.20880963 -0.41210043 105.83032 0.18608716 0.9779256 -0.095042326 224.42651 0.42284882 0.0076156277 0.90619123 52.783447
0.8839668 -0.21762782 -0.41378242 106.62329 0.19420248 0.9760168 -0.098434 224.59009 0.42527685 0.0066593452 0.9050162 53.183594
0.88319045 -0.2242114 -0.41190183 107.42212 0.2010364 0.9745225 -0.09939442 224.77832 0.4236962 0.0049590156 0.90577364 53.56787
0.88299054 -0.23105918 -0.40851897 108.208984 0.20961256 0.9729382 -0.0972142 224.96191 0.41992563 0.00019313511 0.9075309 53.966797
0.88298243 -0.23661108 -0.4055112 109.0166 0.21639629 0.9715986 -0.095752984 225.18164 0.4166523 -0.0031811544 0.90910757 54.37256
0.8797162 -0.24239986 -0.40905598 109.812744 0.2232972 0.9701342 -0.09467931 225.39111 0.41979066 -0.008062641 0.9075861 54.759277
0.87637234 -0.24905339 -0.4122007 110.59766 0.23030038 0.96841544 -0.095456414 225.59692 0.42296517 -0.011297127 0.90606594 55.1438
0.8746169 -0.25570548 -0.41179243 111.39038 0.23737891 0.96664894 -0.09605144 225.82227 0.42262122 -0.0137762325 0.90616107 55.533936
0.8731071 -0.26098183 -0.41175824 112.17212 0.24330646 0.9652021 -0.09584664 226.05078 0.42244247 -0.016507331 0.9062242 55.920654
0.8708892 -0.2709734 -0.40995187 112.94678 0.25260183 0.96243834 -0.099536605 226.26685 0.4215181 -0.016887352 0.90662557 56.30786
0.8688394 -0.27962676 -0.40864202 113.740234 0.26074162 0.9599652 -0.10251114 226.4956 0.420942 -0.017452171 0.9069377 56.714844
0.8665909 -0.28645256 -0.40861505 114.53613 0.267487 0.95792043 -0.10421516 226.74023 0.42127123 -0.018978726 0.906722 57.110107
0.8643147 -0.29059353 -0.4104371 115.30542 0.2750038 0.95643556 -0.098021604 226.9812 0.42103922 -0.028168198 0.9065692 57.497314
0.8627995 -0.29445043 -0.41097096 116.08887 0.28077337 0.9550713 -0.09484573 227.24536 0.4204352 -0.033552688 0.9067201 57.888428
0.8616147 -0.30057052 -0.4090328 116.88013 0.285783 0.9532193 -0.09846178 227.50952 0.41949922 -0.032050952 0.9072094 58.299072
0.85975784 -0.30576295 -0.4090726 117.66406 0.2905781 0.95154154 -0.10054602 227.77368 0.4199977 -0.032424346 0.90696865 58.682617
0.85843384 -0.30912873 -0.40934226 118.4314 0.2936794 0.9504593 -0.10188332 228.04053 0.42056462 -0.032745674 0.90668666 59.07495
0.85681325 -0.31734374 -0.406424 119.19702 0.30044582 0.947813 -0.10668311 228.28882 0.41907096 -0.03069543 0.90744466 59.460205
0.856155 -0.32555777 -0.40124658 119.968994 0.30632567 0.94518846 -0.11324635 228.56177 0.416109 -0.025949579 0.908913 59.853516
0.8552623 -0.32961455 -0.39973247 120.7478 0.31007624 0.9437394 -0.114752166 228.84497 0.41507226 -0.025850892 0.9093913 60.246338
0.8531619 -0.33299607 -0.40152127 121.52026 0.31452525 0.94243145 -0.113305405 229.13013 0.41615453 -0.02963876 0.9088394 60.631104
0.8509775 -0.33606562 -0.40352345 122.26465 0.3179697 0.9412822 -0.11336399 229.41943 0.41793185 -0.031871576 0.9079 61.008057
0.85038465 -0.33643532 -0.40446755 123.022705 0.3193121 0.94104576 -0.111442566 229.71265 0.41812116 -0.03441775 0.907736 61.389404
0.8503217 -0.33818308 -0.40325695 123.79443 0.32110873 0.94046146 -0.11161718 230.00562 0.41697899 -0.03455571 0.90825737 61.784912
0.851975 -0.3386952 -0.39929587 124.53516 0.3219834 0.9402691 -0.11058501 230.29395 0.41289058 -0.03434091 0.9101383 62.166748
0.8537564 -0.33953217 -0.39467463 125.29468 0.32391855 0.93993145 -0.10788488 230.58179 0.40758163 -0.035748035 0.91242194 62.543213
0.8546776 -0.34121302 -0.39130577 126.05762 0.325423 0.9393557 -0.1082983 230.87622 0.40453094 -0.034770492 0.91386247 62.93286
0.85246205 -0.34161115 -0.3958265 126.78882 0.32522318 0.93923396 -0.110176235 231.15942 0.40939397 -0.03476855 0.91169435 63.29004
0.8509087 -0.34197062 -0.39872542 127.5271 0.3252413 0.9390448 -0.11132132 231.44043 0.41248658 -0.034970682 0.9102905 63.664795
0.85108715 -0.34124777 -0.39909157 128.28271 0.32541725 0.9392542 -0.109141536 231.7373 0.41210338 -0.036953587 0.9104231 64.03735
0.85198075 -0.33982575 -0.3981974 129.0061 0.3247146 0.9396927 -0.10718561 232.02954 0.41061455 -0.03802527 0.910996 64.400635
0.8510943 -0.34375983 -0.3967687 129.74023 0.32694775 0.9383933 -0.11172612 232.3003 0.41073552 -0.034656312 0.9110971 64.77075
0.850341 -0.34412813 -0.39815027 130.48804 0.32724604 0.9383074 -0.11203421 232.59375 0.41213214 -0.03500511 0.91042835 65.15405
0.84860355 -0.34134838 -0.40414444 131.21191 0.32745343 0.93896234 -0.105442055 232.89233 0.4154815 -0.04287425 0.908579 65.50903
0.8470811 -0.33961943 -0.40884382 131.93701 0.3275303 0.93935364 -0.1017004 233.18823 0.41859183 -0.047743358 0.90693885 65.87329
0.84565747 -0.340406 -0.41112265 132.65698 0.32657304 0.93923956 -0.10592866 233.4751 0.4221921 -0.04465881 0.9054011 66.244385
0.8466602 -0.34094667 -0.40865344 133.3877 0.32617375 0.9391619 -0.10777286 233.75854 0.4205385 -0.04200995 0.9063262 66.63379
0.84507334 -0.34147495 -0.41147244 134.08643 0.32767004 0.93881786 -0.10613925 234.04785 0.422549 -0.045105923 0.9052443 66.98071
0.8448588 -0.34633827 -0.407801 134.81323 0.3300006 0.93728197 -0.11235426 234.32544 0.42113084 -0.039629955 0.90614384 67.35425
0.84542155 -0.3512687 -0.40232158 135.5227 0.33280694 0.9356363 -0.11757285 234.60767 0.4177222 -0.03449968 0.90791553 67.72339
0.84680796 -0.35559872 -0.3956235 136.23853 0.33613342 0.93414515 -0.12013407 234.89038 0.41228613 -0.031225225 0.91051984 68.09253
0.84536725 -0.36104053 -0.39367995 136.94629 0.34019926 0.93207914 -0.12429946 235.16357 0.41182813 -0.028864691 0.91081876 68.448
0.842088 -0.36438835 -0.39770848 137.63281 0.34415576 0.93069476 -0.12402888 235.45068 0.41534126 -0.032401256 0.90911275 68.809814
0.8386643 -0.369777 -0.3998435 138.34668 0.3491314 0.92848444 -0.12638521 235.7561 0.4179962 -0.033623878 0.9078378 69.170166
0.8339007 -0.37889832 -0.40129453 139.05591 0.3573372 0.92477846 -0.13065198 236.05908 0.4206119 -0.03444947 0.9065997 69.51343
0.8321825 -0.3876337 -0.39653504 139.73071 0.3671985 0.92107785 -0.12976822 236.3562 0.41552448 -0.037598494 0.908786 69.87109
0.82847965 -0.3986357 -0.39326623 140.38062 0.37804097 0.9162569 -0.1323953 236.65308 0.4131042 -0.039004963 0.90983903 70.21338
0.8230918 -0.41216624 -0.39058477 141.08496 0.39075834 0.91019857 -0.13704243 236.98096 0.4120051 -0.03986574 0.91030127 70.58911
0.81652075 -0.4248918 -0.39069304 141.77832 0.40407118 0.90411276 -0.13875996 237.32007 0.41218892 -0.04462579 0.9099674 70.94971
0.8110505 -0.437136 -0.3886821 142.39722 0.41650417 0.89814216 -0.14099735 237.64258 0.41071022 -0.047547743 0.91049796 71.27368
0.8038263 -0.44976714 -0.389324 143.06885 0.42938673 0.8916745 -0.14351523 237.9878 0.4116853 -0.05181762 0.90981865 71.62207
0.79521054 -0.45896733 -0.39614576 143.68018 0.44053626 0.8863118 -0.142569 238.33765 0.4165485 -0.06116739 0.90705305 71.95532
0.78573835 -0.4662097 -0.40648025 144.27563 0.45046628 0.8816765 -0.14043045 238.69946 0.42385873 -0.072789535 0.9027786 72.28784
0.77538073 -0.4742887 -0.41683796 144.87842 0.46174306 0.87618124 -0.13798948 239.07324 0.43069395 -0.085526064 0.89842176 72.625244
