7.776482546849912136e-01 -6.283460638154221289e-01 2.108117817043338865e-02 -6.595749984512694652e+01 6.274050787940294027e-01 7.777613220360304336e-01 3.808140029232359031e-02 2.570090622199588282e+01 -4.032442298217438215e-02 -1.638749622219416377e-02 9.990522463208429960e-01 -9.147711797955259128e-01 -4.809208017785018303e-24 -1.416202385148814181e-23 -3.430527606006730092e-24 9.999999999999997780e-01
7.495136874334972221e-01 -6.614153867685654831e-01 2.754847537762134674e-02 -6.556440097317356219e+01 6.606944618958379145e-01 7.500012488460807702e-01 3.132019714958508838e-02 2.608300914491409728e+01 -4.137705124838213927e-02 -5.273791341061258124e-03 9.991296846530381970e-01 -9.207795909170481963e-01 -4.809208017785018303e-24 -1.416202385148814181e-23 -3.430527606006730092e-24 9.999999999999997780e-01
7.210567002342641585e-01 -6.927884768762186951e-01 1.101641297357000039e-02 -6.520889218222242789e+01 6.924805769592768945e-01 7.210911613960088173e-01 2.232011403875653124e-02 2.648175661744685527e+01 -2.340695583414345235e-02 -8.465415765678675417e-03 9.996901775822808478e-01 -9.320778636275337536e-01 -6.309453907544756367e-20 3.132603254415346302e-18 -1.029280478677831138e-19 1.000000000000000000e+00
6.908887459930929120e-01 -7.228137916531931495e-01 -1.459326063725010537e-02 -6.486384279159705102e+01 7.229528321156267756e-01 6.908365783595690202e-01 9.166489864682155625e-03 2.689433655327754735e+01 3.455892950505520117e-03 -1.688326379526985249e-02 9.998514950769106235e-01 -9.341948547842637840e-01 -8.740906818913174857e-20 7.171076899053411932e-18 -1.656390457339082118e-19 1.000000000000000000e+00
6.560947713380581581e-01 -7.541163180209717876e-01 -2.912438698675757359e-02 -6.452436276142468330e+01 7.541576600538600905e-01 6.565870864132327123e-01 -1.181616424528930155e-02 2.731642972038093120e+01 2.803345866899493652e-02 -1.421185596182973458e-02 9.995059521309386241e-01 -9.517631957953739397e-01 1.705121523144351178e-19 9.206979270518714458e-18 -2.173573832821499217e-19 9.999999999999998890e-01
6.188263221684272564e-01 -7.849917549078491152e-01 -2.901599073259251288e-02 -6.419313503081455963e+01 7.842400885048521619e-01 6.195044365998938485e-01 -3.437639618915495215e-02 2.777005204240925806e+01 4.496072256311437615e-02 -1.482484317044186102e-03 9.989876554126443375e-01 -9.703882341812889445e-01 4.258160239431839561e-19 1.173838587251247392e-17 -3.001611338134794262e-19 9.999999999999996669e-01
5.863012783868457589e-01 -8.098063577153535864e-01 -2.155165807410469245e-02 -6.387193906057758142e+01 8.088440310930111732e-01 5.866668631902801634e-01 -3.991647529140898709e-02 2.826207451049770825e+01 4.496825910745502058e-02 5.971150498653636333e-03 9.989705706548951403e-01 -9.655651901406975268e-01 2.271005341859472627e-18 1.395808945018752087e-17 -4.477789409955609381e-19 9.999999999999994449e-01
5.574514416845114395e-01 -8.300693248357594589e-01 -1.525798579644273636e-02 -6.356950918715281063e+01 8.297260565695411261e-01 5.576598354010144920e-01 -2.387842185064729256e-02 2.876983787655318281e+01 2.832951135150539243e-02 6.511122997184233888e-04 9.995984267891571129e-01 -9.312841944332750366e-01 4.287534841997189196e-18 1.737912405105060430e-17 -5.884752228959986964e-19 9.999999999999992228e-01
5.286606543429085425e-01 -8.487887958260288412e-01 -8.688649487909398325e-03 -6.328234310515921379e+01 8.487381124817713340e-01 5.287269606574853675e-01 -9.561249645603576638e-03 2.928087713503941103e+01 1.270940480924451915e-02 -2.319731472402685769e-03 9.999165414549808784e-01 -9.052814428348602283e-01 6.838786896551672436e-18 2.115909835533132101e-17 -6.384764773262969973e-19 9.999999999999990008e-01
4.987126269122365008e-01 -8.667416443912784318e-01 -6.681140336312246623e-03 -6.301138909395059784e+01 8.667215248147903672e-01 4.987507190407378665e-01 -6.443498978121767369e-03 2.979412161193671693e+01 8.917072446678806635e-03 -2.577233837904163976e-03 9.999569209144584248e-01 -8.940984883524776272e-01 7.615729623600896470e-18 2.709176455031101764e-17 -5.884379739184242370e-19 9.999999999999987788e-01
4.713693012610639665e-01 -8.819171461882484575e-01 -5.755787333146105376e-03 -6.275068577474277731e+01 8.817624590777488613e-01 4.713959860560480997e-01 -1.675679239646531843e-02 3.032406852436088940e+01 1.749135757499738208e-02 2.823400330495885648e-03 9.998430280902873557e-01 -8.991000691172312820e-01 6.977364346444094775e-18 3.399392582107648770e-17 -5.293093126580676439e-19 9.999999999999985567e-01
4.457672328291482633e-01 -8.951236691616319963e-01 -6.722428315111101185e-03 -6.251070626893469750e+01 8.948155562310942113e-01 4.457935953360283587e-01 -2.394140104977138597e-02 3.085323444401365833e+01 2.442733024052421917e-02 4.656958664000582920e-03 9.996907613223794398e-01 -8.969860744381742412e-01 5.668651122595266829e-18 4.162866035281578315e-17 -4.842941694944315909e-19 9.999999999999983347e-01
4.228024864567576091e-01 -9.061925923959145424e-01 -7.283057925406969703e-03 -6.226820787421176817e+01 9.058894464229889643e-01 4.228514068831458195e-01 -2.368540809033242711e-02 3.141280396667071528e+01 2.454319264950402535e-02 3.416604121023077579e-03 9.996929321100775923e-01 -8.925022530936937981e-01 4.045051394313678271e-18 5.134727582548925407e-17 -4.569463374015380640e-19 9.999999999999981126e-01
4.031770328953202531e-01 -9.151022976734234371e-01 -6.005409106455190764e-03 -6.203838798808089905e+01 9.149703860205661288e-01 4.032210070435196525e-01 -1.555674079611287126e-02 3.198725630268329212e+01 1.665751635444678858e-02 7.773491073545403919e-04 9.998609517714253103e-01 -8.793178700443813334e-01 2.089386823968615278e-18 6.009544059127084718e-17 -3.938077809183513788e-19 9.999999999999977796e-01
3.858857989937045097e-01 -9.225429657587869148e-01 -2.574191904304832818e-03 -6.181037516772344276e+01 9.225259969919357150e-01 3.858943256070800909e-01 -5.599494468595761151e-03 3.257289827987357000e+01 6.159140282704210316e-03 -2.139935559915838773e-04 9.999810094185433984e-01 -8.642090056063701509e-01 -6.774591723677036567e-19 6.791943177303539515e-17 -3.429469090681828015e-19 9.999999999999972244e-01
3.697432961249318972e-01 -9.291332784850793169e-01 1.116146149337597995e-03 -6.158824163798301043e+01 9.291331495757386705e-01 3.697442869717897374e-01 8.675316728575603034e-04 3.316121350292998216e+01 -1.218741209533632163e-03 7.162843669066857807e-04 9.999990008027818122e-01 -8.607805588330728064e-01 -1.533525056593492142e-18 7.444388396862620409e-17 -3.425611010574101807e-19 9.999999999999962252e-01
3.554420572506898912e-01 -9.346970837432727608e-01 1.518413384284305256e-03 -6.137168288843098907e+01 9.346923478058124513e-01 3.554451240299218995e-01 2.996457345707186082e-03 3.376234029337361875e+01 -3.340492576297694055e-03 3.541824076755494921e-04 9.999943578161629709e-01 -8.581448821044703745e-01 -2.042807787558629984e-18 8.108063047865241119e-17 -3.457745116372413578e-19 9.999999999999952260e-01
3.427184100789709142e-01 -9.394381747692256424e-01 -8.473012876429045963e-05 -6.117222880003745900e+01 9.394363526227633709e-01 3.427175647233735023e-01 2.002548609500226593e-03 3.435965696389588686e+01 -1.852232107204961802e-03 -7.659088386758858323e-04 9.999979913079127813e-01 -8.627342816391485592e-01 -3.831975994387825768e-18 8.985881712034613063e-17 -3.510662248838870382e-19 9.999999999999941158e-01
3.304682178125143976e-01 -9.438055044346931322e-01 -4.682607668888495896e-03 -6.097378336550455913e+01 9.438170964886009040e-01 3.304630221766236553e-01 1.865301513053711042e-03 3.496953993030452068e+01 -2.130531535201787418e-04 -5.035948040745709918e-03 9.999872968371503745e-01 -8.653517456166983646e-01 -6.495713124630940189e-18 9.804779699137332823e-17 -3.477248448370621158e-19 9.999999999999928946e-01
3.200505322123172181e-01 -9.473710812013828031e-01 -7.462662656154661102e-03 -6.077547940767073698e+01 9.474004612338990938e-01 3.200418566552095667e-01 2.361364541625888581e-03 3.560375876151081087e+01 1.512759331586897556e-04 -7.825886020766566198e-03 9.999693658425573561e-01 -8.686342229085980415e-01 -9.661765476501817701e-18 1.076871069720301712e-16 -2.969208399955772581e-19 9.999999999999922284e-01
3.118977498313871277e-01 -9.500686486191507463e-01 -9.452859941844258054e-03 -6.058047566927552907e+01 9.501155943652979108e-01 3.118863556434470774e-01 2.694161714535832017e-03 3.623304997993595578e+01 3.885794583816069305e-04 -9.821612618540549039e-03 9.999516912989139250e-01 -8.704714657420330459e-01 -1.247694108681229242e-17 1.185802096413615548e-16 -2.238414705060194860e-19 9.999999999999915623e-01
3.059385510976370126e-01 -9.519855114855653166e-01 -1.118878339342038036e-02 -6.038255567854896100e+01 9.520500705474529424e-01 3.059356228851212167e-01 2.014403262079647160e-03 3.686967211871962036e+01 1.505364697006323239e-03 -1.126856563437041332e-02 9.999353745646034630e-01 -8.719277674434942060e-01 -1.566662222648825014e-17 1.303662454175720294e-16 -1.243212854747487632e-19 9.999999999999910072e-01
3.012324755465267123e-01 -9.534649813963517184e-01 -1.278768653599577504e-02 -6.018376545285183710e+01 9.535488651731334198e-01 3.012313236033599129e-01 2.061894085127514726e-03 3.752081151169848283e+01 1.886107935548358766e-03 -1.281479344416326660e-02 9.999161083140019057e-01 -8.729112919011012828e-01 -1.822020317164884334e-17 1.414515300677765196e-16 -1.543457772461423591e-20 9.999999999999902300e-01
2.979958235560053459e-01 -9.544795787802757836e-01 -1.293146683791691724e-02 -5.998765563962461300e+01 9.545646319715401784e-01 2.979989470103721616e-01 1.729442040217769741e-03 3.817313036174225971e+01 2.202846390929981153e-03 -1.285928738805210657e-02 9.999148894759132267e-01 -8.786307797408076103e-01 -2.066170983847509952e-17 1.554578482141091201e-16 1.612274629854569119e-19 9.999999999999896749e-01
2.958058282824614915e-01 -9.551736921094303723e-01 -1.192182268526369680e-02 -5.978661647240605248e+01 9.552401472444683739e-01 2.958312227040885700e-01 -3.857016917629251668e-04 3.883797125609356726e+01 3.895259490820515615e-03 -1.127411084888822052e-02 9.999288581584407920e-01 -8.818692511052689254e-01 -2.400952117856695718e-17 1.721728972692391945e-16 3.615271267048850530e-19 9.999999999999891198e-01
2.948957242397355905e-01 -9.554642198220306692e-01 -1.116407026900432913e-02 -5.957831956807959983e+01 9.555172644724679865e-01 2.949308209197731290e-01 -1.602550051168818860e-03 3.950332687747936689e+01 4.823807643613165635e-03 -1.019487672584355915e-02 9.999363956614131244e-01 -8.816675846009967010e-01 -2.742486194063047890e-17 1.905637317602436427e-16 5.487094903641837391e-19 9.999999999999887867e-01
2.946278128755092096e-01 -9.555496210417582237e-01 -1.092582294912687775e-02 -5.937105416880946507e+01 9.556024185600656695e-01 2.946569943879562836e-01 -1.128406148665503286e-03 4.018716744800557450e+01 4.297618219147417672e-03 -1.010828299932374323e-02 9.999396747266418028e-01 -8.810379520106388362e-01 -2.899881919415380358e-17 2.062987226891195687e-16 7.160898549454843903e-19 9.999999999999883427e-01
2.933920797670958036e-01 -9.559116636210885920e-01 -1.240882279142102758e-02 -5.916404352627687047e+01 9.559878210008708743e-01 2.934053088789503883e-01 7.815495398736257114e-04 4.087326457658932810e+01 2.893722163082582642e-03 -1.209198390649634212e-02 9.999227021611323263e-01 -8.815867052581136676e-01 -3.068294680283651385e-17 2.196754204477020701e-16 8.440786140113164995e-19 9.999999999999874545e-01
2.931596217927674441e-01 -9.560025026088014855e-01 -1.080051646895545739e-02 -5.895862071796234005e+01 9.560631796455124620e-01 2.931314147948367865e-01 4.143692377563725979e-03 4.157272460167678219e+01 -7.954096099275104756e-04 -1.154073940735051741e-02 9.999330870900584589e-01 -8.817742551354448288e-01 -3.258279356640667593e-17 2.341626514926950874e-16 9.922295151015056315e-19 9.999999999999866773e-01
2.925132768703929687e-01 -9.562376345936824951e-01 -6.750484515046727661e-03 -5.873933827218750281e+01 9.562575247030465908e-01 2.924845279070310000e-01 4.934306824155141984e-03 4.227710370852467747e+01 -2.743957609357550956e-03 -7.898551871117267045e-03 9.999650411764130498e-01 -8.856943578270811690e-01 -3.434242861721206163e-17 2.473230834113778873e-16 1.139257406271453338e-18 9.999999999999860112e-01
2.919802788077723865e-01 -9.564219626541409225e-01 -2.132167933723046280e-03 -5.851705887593178090e+01 9.564236871051884359e-01 2.919767507298113296e-01 1.818729614547502779e-03 4.297834748958367612e+01 -1.116929482178671352e-03 -2.570289096624924982e-03 9.999960730335182291e-01 -8.917769993551157848e-01 -3.677406416448322849e-17 2.587869397321820375e-16 1.224247277173102404e-18 9.999999999999854561e-01
2.916291358516673871e-01 -9.565314494794726619e-01 1.824255106397830375e-04 -5.829728065080762889e+01 9.565276192060514493e-01 2.916274165221322545e-01 -2.891993890732233018e-03 4.368617539042855924e+01 2.713082827818060535e-03 1.017884718623152020e-03 9.999958015373024978e-01 -8.925519597343773981e-01 -3.967859002068687225e-17 2.705734775011301337e-16 1.234513672018057404e-18 9.999999999999849010e-01
2.914125735708654186e-01 -9.565910521240885700e-01 -3.502993132912854586e-03 -5.807994588155714411e+01 9.565778558366891948e-01 2.914280934142790547e-01 -5.335924646843043240e-03 4.441511784402955243e+01 6.125168381952563607e-03 -1.795930126369240211e-03 9.999796282661137514e-01 -8.935667362206275444e-01 -4.393650325817119607e-17 2.856691109754523721e-16 1.205711208515175257e-18 9.999999999999846789e-01
2.909930345564544774e-01 -9.566746020172033349e-01 -9.836650588681154772e-03 -5.786052820654744977e+01 9.566783248195530609e-01 2.910651512579102151e-01 -6.903661615580069730e-03 4.515466167665525177e+01 9.467663920018336982e-03 -7.401592963939107594e-03 9.999277872733877137e-01 -8.952041796730186851e-01 -4.708997399663441294e-17 3.019745707598980937e-16 1.232464437008546896e-18 9.999999999999843459e-01
2.904266920077656633e-01 -9.568555640384489580e-01 -8.931189060637377899e-03 -5.763393332727618912e+01 9.568486553654288462e-01 2.904933518865769337e-01 -7.366358334569056421e-03 4.589114872704929127e+01 9.642992005697056945e-03 -6.406409160225068518e-03 9.999329830677695652e-01 -8.967910457018134496e-01 -5.176039354515517484e-17 3.191613826964280328e-16 1.376693480611855126e-18 9.999999999999839018e-01
2.899406985153855087e-01 -9.570353117307568436e-01 -4.219412846308025038e-03 -5.739558948805071736e+01 9.570093870047614582e-01 2.899650354137165431e-01 -7.301467135907339923e-03 4.662972716330117606e+01 8.211244071916449713e-03 -1.921025219985368930e-03 9.999644419342381685e-01 -8.984690737231456614e-01 -5.607153187733433780e-17 3.352518369607050428e-16 1.491708914832830588e-18 9.999999999999832356e-01
2.902052531125057233e-01 -9.569541847776565913e-01 -4.427109935020013924e-03 -5.716456640851458815e+01 9.569526778285485369e-01 2.902215076416795325e-01 -3.612325983091841004e-03 4.739058810293966673e+01 4.741672986144394170e-03 -3.188218731102449022e-03 9.999836757660448550e-01 -8.923056875839999735e-01 -6.030014787890304382e-17 3.523475758174263367e-16 1.526808949328319662e-18 9.999999999999825695e-01
2.914403612434292024e-01 -9.565680613152731659e-01 -6.329289831805274061e-03 -5.693560579761123108e+01 9.565889816348283059e-01 2.914326627097352240e-01 2.126810007002769703e-03 4.816223629217815727e+01 -1.898767364335609523e-04 -6.674367191406460620e-03 9.999777081362226649e-01 -8.910068759627935986e-01 -6.550806254359053795e-17 3.699170207897302279e-16 1.568340854577072215e-18 9.999999999999815703e-01
2.911363364414664701e-01 -9.566449763791362582e-01 -8.367961038069856444e-03 -5.669896440285142347e+01 9.566701457670577780e-01 2.910789684407378841e-01 7.434132737986240240e-03 4.894619966507088549e+01 -4.676088270610490732e-03 -1.016972467601078185e-02 9.999373534869324676e-01 -8.992809050935410831e-01 -7.039546000628293103e-17 3.874296503707662330e-16 1.658764994537409335e-18 9.999999999999805711e-01
2.909781281255660046e-01 -9.567221412618123200e-01 -3.804388503069475527e-03 -5.645584406211008854e+01 9.566985702248966827e-01 2.909342781242302278e-01 9.224507684919520251e-03 4.972870298149148738e+01 -7.718463721551362122e-03 -6.323783020494657542e-03 9.999502163038107572e-01 -9.136689152196725283e-01 -7.530741301546346580e-17 4.035648503594784503e-16 1.791535695454643285e-18 9.999999999999795719e-01
2.903799926572541712e-01 -9.569086232921187873e-01 2.312257225917461675e-03 -5.621033399228133476e+01 9.568765684263397242e-01 2.903891920139748395e-01 7.832621410779568027e-03 5.051037191162216544e+01 -8.166557478513369189e-03 -6.189178808435638027e-05 9.999666511980805916e-01 -9.235908523766169775e-01 -8.064699257757082583e-17 4.186198789868887752e-16 1.836692539800400234e-18 9.999999999999786837e-01
2.894432382303290807e-01 -9.571944477508307347e-01 1.183654359545022790e-03 -5.596791068062582752e+01 9.571759068654097646e-01 2.894450362030333568e-01 5.987848851630679647e-03 5.129990749878331258e+01 -6.074138553695312449e-03 -6.001769266262864519e-04 9.999813721407181388e-01 -9.252032897075647133e-01 -8.564074136546141626e-17 4.319192117139910925e-16 1.790562988647106633e-18 9.999999999999779066e-01
2.901995038734072607e-01 -9.569427764407181236e-01 -6.691081338121345791e-03 -5.573715959695645950e+01 9.569606408491605487e-01 2.901669686915681612e-01 5.427904381912002779e-03 5.210656713203476897e+01 -3.252663100322860951e-03 -7.978276643993592251e-03 9.999628829534090713e-01 -9.361730817052346110e-01 -8.993421243374196507e-17 4.442345977223563052e-16 1.762868449559416783e-18 9.999999999999767963e-01
2.895384042149312109e-01 -9.571233138544045227e-01 -9.081550580426448957e-03 -5.549269335023702610e+01 9.571656148096984174e-01 2.895372683669231728e-01 1.468350320742448437e-03 5.291034741929257024e+01 1.224055022712588255e-03 -9.117691753422573278e-03 9.999576837978376709e-01 -9.453370521024658801e-01 -9.494974226336606398e-17 4.586199549734919600e-16 1.853453751510446425e-18 9.999999999999756861e-01
2.885814731987035309e-01 -9.574204560719276058e-01 -8.173348236464718017e-03 -5.524305572019388677e+01 9.574399011892418265e-01 2.886147862460830549e-01 -3.215706910979189252e-03 5.371337457722283659e+01 5.437732731494290296e-03 -6.897496290146840070e-03 9.999614270598713439e-01 -9.485479706257734511e-01 -9.929540383064299030e-17 4.726954956573762241e-16 1.976489943982542720e-18 9.999999999999744649e-01
2.886939769987856286e-01 -9.573694529310853296e-01 -9.975882866262103868e-03 -5.500144226882162712e+01 9.573967427289437060e-01 2.887456820296073756e-01 -4.172304080878838292e-03 5.452454398484763232e+01 6.874929577448719159e-03 -8.346358703633234913e-03 9.999415351107492356e-01 -9.461489805021354726e-01 -1.028797111966654446e-16 4.860274890076169152e-16 2.061803976386585921e-18 9.999999999999734657e-01
2.889831345563604326e-01 -9.572069984545903409e-01 -1.560480859965836069e-02 -5.476209778005333106e+01 9.573209638676128952e-01 2.890264262736300660e-01 -5.450276690543940381e-04 5.534717181472701242e+01 5.031906361422561202e-03 -1.478130660535574917e-02 9.998780890155333223e-01 -9.440514879302492890e-01 -1.061314824827361392e-16 4.987229433480233127e-16 2.157010313830853638e-18 9.999999999999723554e-01
2.892037816817993323e-01 -9.571862230253944670e-01 -1.247826555328207347e-02 -5.451212692097795554e+01 9.572675010789066796e-01 2.891748013842455611e-01 4.106777643396876398e-03 5.617646903973711403e+01 -3.225510182891048452e-04 -1.313273370897017137e-02 9.999137099100686710e-01 -9.442505925174146109e-01 -1.092768128688181036e-16 5.104565956454429728e-16 2.323271964653526358e-18 9.999999999999711342e-01
2.881533469844372863e-01 -9.575642834194778574e-01 -6.188032069656540513e-03 -5.425949710920407654e+01 9.575680547665488263e-01 2.881048336350381933e-01 7.682794206730721685e-03 5.700579085253796308e+01 -5.573967379261960363e-03 -8.139284696620402090e-03 9.999513402822310937e-01 -9.500445712729476133e-01 -1.120511940408040802e-16 5.267523039297006501e-16 2.457969238409408013e-18 9.999999999999701350e-01
2.877565833631546277e-01 -9.576589700920212778e-01 -9.243686133490722906e-03 -5.401179513078475480e+01 9.576706330666973077e-01 2.876532188764854836e-01 1.107177635794556053e-02 5.785029648555541826e+01 -7.944009873448315551e-03 -1.203838328783664140e-02 9.998959796073262352e-01 -9.596231545635912630e-01 -1.151711650751039888e-16 5.451753308574054913e-16 2.496706388947586333e-18 9.999999999999690248e-01
2.882060688702214324e-01 -9.575120517530777420e-01 -1.038906222240264243e-02 -5.376451502217630463e+01 9.575402045469515455e-01 2.880973432443041382e-01 1.080173559445713610e-02 5.867789930498832973e+01 -7.349730786460118015e-03 -1.306107051812716718e-02 9.998876886401978359e-01 -9.727903339676998717e-01 -1.185847403514876068e-16 5.650407382087012703e-16 2.612990718592107965e-18 9.999999999999679146e-01
2.865731822401597628e-01 -9.580393964888456182e-01 -6.027105101701027423e-03 -5.350886628678257040e+01 9.580544629756639896e-01 2.865484160228293220e-01 4.653090082971789512e-03 5.950541173244828030e+01 -2.730786194792842250e-03 -7.107745773818061226e-03 9.999710109581800843e-01 -9.734670424466352889e-01 -1.212485804251096549e-16 5.852916124691367011e-16 2.732489997519857686e-18 9.999999999999665823e-01
2.859658474427667629e-01 -9.582256351705691344e-01 -5.212120313554659441e-03 -5.325665453935972948e+01 9.582374756835742025e-01 2.859729272866941563e-01 -6.519622349130056770e-04 6.034648390214842095e+01 2.115252230105486506e-03 -4.808010079194297536e-03 9.999862042783570493e-01 -9.764701516852206664e-01 -1.237930939393450283e-16 6.025352068033370160e-16 2.745461908545290096e-18 9.999999999999652500e-01
2.860069420814405072e-01 -9.581961074650725552e-01 -7.762004886828166757e-03 -5.300509787937586026e+01 9.582208014181268219e-01 2.860259369620588576e-01 -1.434961563653682111e-03 6.119409056169378403e+01 3.595109305125247963e-03 -7.027305574424170739e-03 9.999688455974041768e-01 -9.830601437063236636e-01 -1.248147409790582871e-16 6.183114669718014325e-16 2.729808794936716393e-18 9.999999999999638067e-01
2.853074156993018473e-01 -9.584173650401225375e-01 -5.986061842597718147e-03 -5.275589397172782924e+01 9.584359613362000152e-01 2.853046366897291630e-01 1.331277961464631720e-03 6.203925029722145723e+01 4.319312832526262511e-04 -6.117080411471871766e-03 9.999811972045102859e-01 -9.854310573244695615e-01 -1.256187159962102013e-16 6.341144549837171713e-16 2.739334856406404650e-18 9.999999999999621414e-01
2.844974068115831978e-01 -9.586750962380645724e-01 -1.812559037161193438e-03 -5.250065803586292645e+01 9.586698471938692734e-01 2.844876263181574938e-01 4.349086486041797359e-03 6.288995905703715295e+01 -3.653710287499484840e-03 -2.974949522444231276e-03 9.999888999766124442e-01 -9.878864551671594496e-01 -1.267488706405219919e-16 6.508021962529023607e-16 2.755307403006348193e-18 9.999999999999604761e-01
2.837869005698469560e-01 -9.588872120855830294e-01 5.563843371172142891e-04 -5.224718380086714831e+01 9.588656005472685484e-01 2.837843191589444203e-01 6.574213773832130077e-03 6.374564698661733786e+01 -6.461822667533447667e-03 -1.332177948995044584e-03 9.999782348379837593e-01 -9.910065759810134933e-01 -1.290374860774650576e-16 6.668635669675634613e-16 2.727277317267124703e-18 9.999999999999586997e-01
2.834419439417243947e-01 -9.589771522591363784e-01 -4.846221137959330974e-03 -5.200601365549854194e+01 9.589830167576284259e-01 2.834180043763578905e-01 5.080193489233965180e-03 6.459230386283505254e+01 -3.498283161533325379e-03 -6.087383684922400076e-03 9.999753525836329038e-01 -9.924330490928642279e-01 -1.324764450191773656e-16 6.827101791376400085e-16 2.667779656257141477e-18 9.999999999999568123e-01
2.836806205057530450e-01 -9.589110061454619860e-01 -3.871413486524981525e-03 -5.175062254414609697e+01 9.589182189931049205e-01 2.836826548740810638e-01 2.463361564799190908e-05 6.544279239330636244e+01 1.074631410818421319e-03 -3.719357004835210315e-03 9.999925057473034729e-01 -9.988469830242574510e-01 -1.355861170720493775e-16 6.977496856522094944e-16 2.694816219771341477e-18 9.999999999999550360e-01
2.831459696439804774e-01 -9.590735442157782842e-01 -2.509314559995834328e-03 -5.150008471741235638e+01 9.590676362173793379e-01 2.831537413201871134e-01 -3.637023085332138569e-03 6.629351580047337222e+01 4.198694426668658948e-03 -1.376793955445157524e-03 9.999902376540922289e-01 -1.007603155186131971e+00 -1.387184669199493376e-16 7.144774555305963157e-16 2.683808954867042161e-18 9.999999999999530376e-01
2.837266471756294539e-01 -9.588942648559705129e-01 -4.580230190753064624e-03 -5.124954326622850687e+01 9.589034078573182018e-01 2.837321234379496238e-01 -5.801113280990785213e-04 6.715303602698807595e+01 1.855823863361083948e-03 -4.227405296550836022e-03 9.999893424243184725e-01 -1.010016380116437684e+00 -1.414078758933209317e-16 7.319740956383235572e-16 2.632826709594141533e-18 9.999999999999509281e-01
2.839478942122304339e-01 -9.588291553092185282e-01 -4.499366759799167462e-03 -5.100297774125493788e+01 9.588310868010274657e-01 2.839223101460325860e-01 5.573938055467466193e-03 6.801834311741235695e+01 -4.066983712822519470e-03 -5.896840693510223622e-03 9.999743431275076588e-01 -1.002446372741347513e+00 -1.443608178555266861e-16 7.517708921972151902e-16 2.637035015685007434e-18 9.999999999999491518e-01
2.832663245319292367e-01 -9.590348494583181838e-01 -3.513817071708767639e-03 -5.074471662579991005e+01 9.590072775820762674e-01 2.832235228524319637e-01 9.459262541265524987e-03 6.887836382320435291e+01 -8.076566777530843830e-03 -6.049266676683220934e-03 9.999490864247736477e-01 -9.985346743646319467e-01 -1.472047616866679502e-16 7.717636946608631423e-16 2.652926075937920851e-18 9.999999999999473754e-01
2.833237921028254891e-01 -9.590165634112259863e-01 -3.854858125855661899e-03 -5.049743112305235115e+01 9.589814385184947110e-01 2.832708307125643143e-01 1.059419862808712136e-02 6.972417859063281753e+01 -9.068043096803998435e-03 -6.698325920392527583e-03 9.999364494927850400e-01 -1.004727248789671235e+00 -1.500574586454095482e-16 7.917645656550962640e-16 2.647406860263304627e-18 9.999999999999455991e-01
2.837798576551667784e-01 -9.588779858543876600e-01 -4.690483217273801013e-03 -5.024171816885955622e+01 9.588342485069579757e-01 2.837076333520431870e-01 1.211869085529526310e-02 7.058900072050806784e+01 -1.028961998565779655e-02 -7.936436316625390675e-03 9.999155647849086170e-01 -1.021789107431497090e+00 -1.535773335687918310e-16 8.121644801911439057e-16 2.657373419629387314e-18 9.999999999999441558e-01
2.837999749506063818e-01 -9.588551270651171077e-01 -7.376958636947560967e-03 -4.999963663582485651e+01 9.588329144267589976e-01 2.836975780576901363e-01 1.245497556248670486e-02 7.144487611366216129e+01 -9.849691876818066766e-03 -1.060799250208621126e-02 9.998952215432321822e-01 -1.032762430909237361e+00 -1.581214989714612804e-16 8.355047654949714633e-16 2.706723879162316818e-18 9.999999999999430456e-01
2.839856719666949414e-01 -9.587812260963477495e-01 -9.523581393579203663e-03 -4.975338217544141628e+01 9.588101739243020116e-01 2.839047791672517640e-01 9.007038660147632936e-03 7.229374315336390566e+01 -5.931989297638017890e-03 -1.168917665866264603e-02 9.999140836351888550e-01 -1.041383311253923916e+00 -1.620258785857628519e-16 8.570304901233975231e-16 2.802030311383063217e-18 9.999999999999419353e-01
2.838187800086540702e-01 -9.588277114698779968e-01 -9.814266736724660753e-03 -4.950118123174233631e+01 9.588752857287844433e-01 2.838272020464583378e-01 5.529893391221558539e-04 7.313669856247143741e+01 2.255334365536613029e-03 -9.567606580952714088e-03 9.999516860184787248e-01 -1.040553351014213534e+00 -1.658325067992618017e-16 8.779125701088119546e-16 2.928839153645643868e-18 9.999999999999410472e-01
2.834954378083790472e-01 -9.589286901197898727e-01 -9.279224467367916049e-03 -4.924418754237827045e+01 9.589309228943331265e-01 2.835608255169191350e-01 -6.689046971031128476e-03 7.397469737639474374e+01 9.045543600218320865e-03 -7.001820982632848099e-03 9.999345741816778599e-01 -1.038998139252024888e+00 -1.678562427979387036e-16 8.959688558607482726e-16 3.021561486213692414e-18 9.999999999999398259e-01
2.837008372874847972e-01 -9.588618094879222120e-01 -9.892685563392419543e-03 -4.899400953409286785e+01 9.588740025540055667e-01 2.837670998208002282e-01 -6.072914090774522884e-03 7.483238977835665651e+01 8.630304085721724958e-03 -7.762948189818917946e-03 9.999326249736939509e-01 -1.034451848444681854e+00 -1.693469379336265004e-16 9.146831217252693042e-16 3.101273183353798416e-18 9.999999999999386047e-01
2.838709097789601232e-01 -9.588268170138544155e-01 -8.272941198106845834e-03 -4.873948012275304364e+01 9.588597478104071703e-01 2.838802238303643755e-01 5.046970493760551612e-05 7.569235768095595063e+01 2.300132692525753628e-03 -7.946917191891732929e-03 9.999657773627734780e-01 -1.025876927096870839e+00 -1.708457166028240919e-16 9.347759018491190754e-16 3.194706276224430159e-18 9.999999999999373834e-01
2.836278410584850973e-01 -9.589024154393228638e-01 -7.836162380197903357e-03 -4.848779938842094595e+01 9.589234924255577441e-01 2.835760990777448365e-01 7.094484225987441293e-03 7.655228615616194077e+01 -4.580769701068247018e-03 -9.526473441240322637e-03 9.999441298656213117e-01 -1.022582814538103957e+00 -1.719558748840960848e-16 9.548435045252385700e-16 3.293202402154160187e-18 9.999999999999363842e-01
2.835486193577385072e-01 -9.589286659104864219e-01 -7.482924238626391389e-03 -4.823983994012900922e+01 9.589177142430669321e-01 2.834567138744918391e-01 1.136259963843476439e-02 7.740636981699117314e+01 -8.774837397696437155e-03 -1.039735804651659330e-02 9.999074443038683535e-01 -1.026779015704660125e+00 -1.730468121724159478e-16 9.753694101900336522e-16 3.400051129273562178e-18 9.999999999999352740e-01
2.832419451451659298e-01 -9.590193687885091300e-01 -7.473339184769157290e-03 -4.798868199195863582e+01 9.590069066274328202e-01 2.831485037337285737e-01 1.151858821445588855e-02 7.825638133469776392e+01 -8.930484390690236057e-03 -1.042953122491681664e-02 9.999057312201858894e-01 -1.035421217232018298e+00 -1.749554739293806477e-16 9.951235695578957587e-16 3.515559131013633167e-18 9.999999999999340528e-01
2.838538418482095538e-01 -9.588111957616477499e-01 -1.039650661629014719e-02 -4.774304372380228756e+01 9.588489014157138834e-01 2.837639948815641189e-01 9.315549525399769923e-03 7.911439985635263383e+01 -5.981698929363914521e-03 -1.261293346926633044e-02 9.999025618465119392e-01 -1.048017073913982244e+00 -1.775459450490145522e-16 1.016527226937936092e-15 3.620888659158905260e-18 9.999999999999329425e-01
2.842368441081710162e-01 -9.586642073602577030e-01 -1.312836537583256247e-02 -4.749196863709301653e+01 9.587478802360595020e-01 2.841590457377811685e-01 7.492587569493848118e-03 7.996722739369577937e+01 -3.452331746081927898e-03 -1.471646191996249693e-02 9.998857470501685274e-01 -1.058807189027065832e+00 -1.813841180237556923e-16 1.038032582990132450e-15 3.744884945945699637e-18 9.999999999999319433e-01
2.834387259108917534e-01 -9.588966854414665564e-01 -1.340280952103591397e-02 -4.723672699527605090e+01 9.589862898465705277e-01 2.833691818595995282e-01 6.870419111322589173e-03 8.082504211983601294e+01 -2.790078944834094733e-03 -1.480045341544608539e-02 9.998865745864280452e-01 -1.065475005251514506e+00 -1.858472328871958910e-16 1.058312139971889970e-15 3.906792993633548363e-18 9.999999999999308331e-01
2.826025712902905385e-01 -9.591511783236607025e-01 -1.283759401597867056e-02 -4.698560869484421687e+01 9.592268823420825319e-01 2.825125282795248882e-01 8.394019158796625982e-03 8.167940781629712887e+01 -4.424352224540499361e-03 -1.468633668241609708e-02 9.998823613917027231e-01 -1.070285771174757317e+00 -1.903802721112680808e-16 1.079498450199352223e-15 4.094556234501107987e-18 9.999999999999296119e-01
2.824299885488696926e-01 -9.591821442787108465e-01 -1.424484695746863240e-02 -4.674150764246519429e+01 9.592565636708195731e-01 2.822695683934942634e-01 1.227745143116441146e-02 8.252519119864012964e+01 -7.755425387496800091e-03 -1.713198340950921467e-02 9.998231586243248037e-01 -1.071194637288295448e+00 -1.953722673820781072e-16 1.099500611262889106e-15 4.255977688577223784e-18 9.999999999999285016e-01
2.820699968098506760e-01 -9.592890858893200479e-01 -1.417626865494837386e-02 -4.649320661920702946e+01 9.593484422783522536e-01 2.818821335122453919e-01 1.389349145934452509e-02 8.337720382747545500e+01 -9.331837868137427341e-03 -1.751891834301622791e-02 9.998029827431519356e-01 -1.073891682573947515e+00 -1.996922512169904957e-16 1.119864429035556218e-15 4.444929593572421442e-18 9.999999999999276135e-01
2.810949760918782236e-01 -9.595937809155492548e-01 -1.286040604928307893e-02 -4.623445921150343452e+01 9.596400795466669686e-01 2.809358985805633924e-01 1.288171637045710215e-02 8.422944566651337084e+01 -8.748265187033379964e-03 -1.596234683926908010e-02 9.998343219451977237e-01 -1.082749260075040354e+00 -2.050681605008490788e-16 1.140050235774712896e-15 4.693241083454910005e-18 9.999999999999269473e-01
2.806079667060403793e-01 -9.597088594126653716e-01 -1.476733508725899466e-02 -4.599951607254491392e+01 9.597942545241735512e-01 2.804485411713014131e-01 1.198351941330634031e-02 8.507987837937737652e+01 -7.359212165675045256e-03 -1.753627438788970400e-02 9.998191441840412752e-01 -1.096553357107979743e+00 -2.097675654286124359e-16 1.161687766045966015e-15 4.968648080038927106e-18 9.999999999999265032e-01
2.799010165139975137e-01 -9.599189097047247099e-01 -1.452954732095139596e-02 -4.574544273666145955e+01 9.600040001014357172e-01 2.797527849454028437e-01 1.143237091734212660e-02 8.593697445828679804e+01 -6.909467699273530439e-03 -1.714835578865976651e-02 9.998290819684508834e-01 -1.106206211958491226e+00 -2.146439867983215072e-16 1.180047816307937805e-15 5.276616700911470036e-18 9.999999999999258371e-01
2.784059154606070008e-01 -9.604138403402909807e-01 -9.767370115633023167e-03 -4.549414802511986267e+01 9.604475203679674333e-01 2.783282132823192145e-01 8.600366873332978765e-03 8.678306122001394840e+01 -5.541376704391189241e-03 -1.177543942069839318e-02 9.999153124993576114e-01 -1.106918583077585394e+00 -2.190468415771316258e-16 1.200064164591700642e-15 5.626454627317783573e-18 9.999999999999255040e-01
2.769933021536573614e-01 -9.607594097970922897e-01 -1.469921929789366061e-02 -4.525308834869156982e+01 9.608709952126367471e-01 2.769402473089520589e-01 5.570455977580956487e-03 8.763395371039719350e+01 -1.281062569702994544e-03 -1.566703247130001031e-02 9.998764438530672871e-01 -1.112173059242976603e+00 -2.213109326771603317e-16 1.216170866955516016e-15 5.845899026808622368e-18 9.999999999999247269e-01
2.763417007559179073e-01 -9.608027224969155622e-01 -2.221244843428438545e-02 -4.502379593394294943e+01 9.610511022759589128e-01 2.763618082829584210e-01 2.220301106939528025e-03 8.848366064913284390e+01 4.005401067391780971e-03 -2.196085983604750477e-02 9.997508076503726082e-01 -1.122502599143976543e+00 -2.254249699425147348e-16 1.232759707493724012e-15 6.115552502875908864e-18 9.999999999999239497e-01
2.750192704012154876e-01 -9.611522615570733397e-01 -2.346765883724324236e-02 -4.479013142478036258e+01 9.614250162735992200e-01 2.750637081721773458e-01 1.376419322436068333e-03 8.933520221064199518e+01 5.132152717292855389e-03 -2.294093611726968907e-02 9.997236490443609513e-01 -1.124177451205607303e+00 -2.302461635726595273e-16 1.246640916143273343e-15 6.440111977317307343e-18 9.999999999999228395e-01
2.735790667959781541e-01 -9.616067205850129529e-01 -2.161039417419858069e-02 -4.455317196573190586e+01 9.618466588402910800e-01 2.735639716034227176e-01 3.709220754146805386e-03 9.018600212625052848e+01 2.345013652898978330e-03 -2.180065058508149148e-02 9.997595873734139715e-01 -1.110428294926474324e+00 -2.341922735743316712e-16 1.259367739693066058e-15 6.817477889821386724e-18 9.999999999999216183e-01
2.732706493847190110e-01 -9.617554404314276884e-01 -1.869826154970260709e-02 -4.431620883957749157e+01 9.619356508432672648e-01 2.731838403352864209e-01 7.098803890739966045e-03 9.103973131661888374e+01 -1.719250364723778164e-03 -1.992641914247542459e-02 9.997999709933819146e-01 -1.100441637074132339e+00 -2.398143883428381158e-16 1.272342095092859677e-15 7.234891043369564672e-18 9.999999999999205080e-01
2.720945478404169782e-01 -9.620739425489992502e-01 -1.944957848674578466e-02 -4.408007293072711263e+01 9.622627255139837299e-01 2.719553965588445421e-01 9.524146638838063006e-03 9.189699916191570139e+01 -3.873515475967561923e-03 -2.130707277796063670e-02 9.997654747627153782e-01 -1.105501475080835405e+00 -2.449807652047585601e-16 1.282281109472083632e-15 7.580393794758295764e-18 9.999999999999193978e-01
2.711551315249607907e-01 -9.623775796625749779e-01 -1.744387600405228680e-02 -4.385275031646168742e+01 9.625241160729207657e-01 2.710185940612701017e-01 9.810588737421771510e-03 9.274826341108330041e+01 -4.713875894578588473e-03 -1.945034281106486004e-02 9.997997117116047550e-01 -1.115834174270122992e+00 -2.483295832462750484e-16 1.291442415922332913e-15 7.930363023654630717e-18 9.999999999999182876e-01
2.698368972741880256e-01 -9.628036745492511983e-01 -1.404041108546647855e-02 -4.362159553554391067e+01 9.628861457647454047e-01 2.697088958431777539e-01 1.036251888533331646e-02 9.359861051200026338e+01 -6.190247489330365574e-03 -1.631550725894729756e-02 9.998477309365307875e-01 -1.128774042814703060e+00 -2.517174315051438908e-16 1.301071997612951169e-15 8.272295550048876614e-18 9.999999999999173994e-01
2.690158267589914942e-01 -9.630353385551333467e-01 -1.390761110746306824e-02 -4.339623153068153272e+01 9.631021638039011235e-01 2.688577953857747005e-01 1.223551947519022250e-02 9.444825064566441597e+01 -8.044067978744117234e-03 -1.668599873833028976e-02 9.998284204884764215e-01 -1.134322023763531417e+00 -2.547614534251809083e-16 1.312420073725489620e-15 8.576059711703270707e-18 9.999999999999168443e-01
2.687258786562896629e-01 -9.630280063858277506e-01 -1.906465463820225179e-02 -4.317676099977797577e+01 9.631839443422052227e-01 2.685008840048739298e-01 1.356335689562046358e-02 9.529689054514376778e+01 -7.943015927476676508e-03 -2.200759425119219737e-02 9.997262496770165097e-01 -1.132243338805433375e+00 -2.581475727427142159e-16 1.327760243332761073e-15 8.887498703899392523e-18 9.999999999999166223e-01
2.683184953471188794e-01 -9.630416593365561662e-01 -2.357853762368130462e-02 -4.296078672728456382e+01 9.633060380860709593e-01 2.680578081120678080e-01 1.365607913556974619e-02 9.615243447848821745e+01 -6.830961996851858849e-03 -2.637752626806834019e-02 9.996287131061185605e-01 -1.136111858800118224e+00 -2.607832645807241002e-16 1.341300214999488704e-15 9.198982636180349520e-18 9.999999999999162892e-01
2.686692500179022058e-01 -9.628829379487321427e-01 -2.594767622633043988e-02 -4.273173524847486249e+01 9.632210306830065738e-01 2.684371423230358378e-01 1.211390406498294783e-02 9.700142236080515090e+01 -4.698951479993494426e-03 -2.824798095842008180e-02 9.995899016230498368e-01 -1.144870144592268657e+00 -2.649221325249862661e-16 1.356195967026613214e-15 9.587731181873777308e-18 9.999999999999161782e-01
2.703218112336404633e-01 -9.623879856401371669e-01 -2.711979842078592745e-02 -4.250232554337855362e+01 9.627607419407560041e-01 2.700882508542610805e-01 1.200377142645957414e-02 9.784679864595136678e+01 -4.227546484198090905e-03 -2.935475848245066091e-02 9.995601162537326445e-01 -1.158386058236031690e+00 -2.706171524919918957e-16 1.372940713027773633e-15 1.002157907208841152e-17 9.999999999999156231e-01
2.713222132162766975e-01 -9.621457325899925861e-01 -2.568746530464960029e-02 -4.226140649091377810e+01 9.624615580369213497e-01 2.710179878196801173e-01 1.473090559343460081e-02 9.869413057586301363e+01 -7.211512794849377940e-03 -2.872001978735864991e-02 9.995614811239158515e-01 -1.169177365166149896e+00 -2.750489843704681301e-16 1.387390230923733249e-15 1.038206561034150957e-17 9.999999999999148459e-01
