1.0 0.0 0.0 0.0 0.0 1.0 0.0 0.0 0.0 0.0 1.0 0.0
0.10022777 0.9941817 0.038278762 5.926758 -0.9948478 0.10060239 -0.0079883905 7.66687 -0.011809425 -0.037269138 0.99923575 0.0826416
-0.23491132 0.9707147 0.047524888 13.478394 -0.9718459 -0.23423016 -0.019512177 2.6080322 -0.0078026704 -0.050770644 0.9986795 -0.12890625
-0.6858177 0.72561246 0.050458793 17.851196 -0.72731256 -0.6849508 -0.03557792 -3.5865479 0.008773307 -0.061117023 0.9980915 -0.4494629
-0.5001623 0.8641778 0.046495244 17.3396 -0.8654025 -0.49901405 -0.034547396 -10.055542 -0.0066150613 -0.057507332 0.9983211 -0.6497803
-0.6106382 0.7912525 0.039943993 17.194702 -0.7921976 -0.6091789 -0.043347675 -15.272827 -0.009967181 -0.05810003 0.99826133 -0.70739746
-0.83067787 0.5562874 0.036638565 15.61377 -0.55740136 -0.8299355 -0.036517303 -19.311401 0.010070955 -0.050740447 0.9986615 -0.80651855
-0.93120503 0.36291856 0.023136258 13.380859 -0.36364204 -0.92982614 -0.050770614 -22.368164 0.0030945365 -0.055678744 0.9984428 -0.9121094
-0.99813366 0.065964945 0.012314745 10.51416 -0.06656965 -0.99649495 -0.057802968 -24.578613 0.008454617 -0.05846471 0.9982532 -0.8634033
-0.98632866 -0.16335028 -0.00064441934 7.647705 0.16312681 -0.9847567 -0.056300886 -25.499268 0.008567201 -0.055696886 0.99841213 -1.0246582
-0.92591 -0.3784585 -0.0144307185 5.2680664 0.37872308 -0.9249319 -0.04263135 -25.795898 0.00279733 -0.044926256 0.99898666 -0.9268799
-0.845938 -0.53259015 -0.018485246 3.8364258 0.5329059 -0.8452693 -0.033706617 -25.009155 0.0023226747 -0.038383424 0.9992604 -0.97998047
-0.8517705 -0.523377 -0.025352582 3.6135254 0.5239609 -0.8512396 -0.030578192 -24.419434 -0.00557319 -0.039325505 0.9992108 -0.8770752
-0.7793019 -0.62642777 -0.024191428 3.2399902 0.6268945 -0.7787555 -0.029189415 -24.531982 -0.00055706594 -0.037890308 0.99928135 -0.96777344
-0.79142344 -0.6106712 -0.027236462 3.5358887 0.6112449 -0.79106057 -0.024791086 -24.255005 -0.0064065196 -0.036286097 0.9993212 -0.88549805
-0.700085 -0.71336555 -0.027546238 2.901245 0.71387076 -0.69986963 -0.018416468 -24.120483 -0.0061423946 -0.032565735 0.9994507 -0.93530273
-0.7082287 -0.7057866 -0.027425082 3.1063232 0.706259 -0.70814145 -0.014436558 -23.628418 -0.009227304 -0.029590823 0.9995196 -0.8927002
-0.6142233 -0.78867024 -0.027207177 2.467041 0.78909916 -0.61417454 -0.011091951 -23.488037 -0.007960189 -0.028280519 0.9995683 -0.9217529
-0.617961 -0.78517914 -0.02576313 2.746704 0.78554845 -0.6179679 -0.008667253 -23.063599 -0.009130184 -0.025584681 0.99963045 -0.8934326
-0.54700476 -0.8365117 -0.02891242 2.126587 0.8369669 -0.5470057 -0.00857145 -22.717651 -0.008657316 -0.02890529 0.99954486 -0.92285156
-0.5330166 -0.846184 -0.030777182 2.360962 0.84667724 -0.53307784 -0.006846171 -22.417969 -0.010592828 -0.029705381 0.9995029 -0.9041748
-0.46824613 -0.8830594 -0.030691741 1.7979736 0.8835423 -0.4683061 -0.005652502 -21.876099 -0.009372283 -0.02974172 0.99951327 -0.92041016
-0.45221186 -0.8912813 -0.030662037 1.9915771 0.89173913 -0.45233876 -0.0030635782 -21.593018 -0.011147834 -0.028734261 0.9995249 -0.9071045
-0.3966861 -0.91707367 -0.031582024 1.5164795 0.917562 -0.39680433 -0.0027046464 -21.011353 -0.010066714 -0.030048741 0.9994974 -0.9139404
-0.37578374 -0.9261142 -0.029747013 1.6447754 0.9265543 -0.37586316 -0.0030985735 -20.658447 -0.008309994 -0.028714754 0.9995528 -0.91101074
-0.33414257 -0.9421251 -0.027171563 1.3170166 0.94250536 -0.33414164 -0.0047088787 -20.092163 -0.004642803 -0.027184421 0.9996196 -0.91748047
-0.30702892 -0.9512508 -0.023047192 1.2686768 0.9515291 -0.3069745 -0.0059549743 -19.573853 -0.0014247405 -0.02376397 0.99971646 -0.9157715
-0.28274134 -0.95892406 -0.020458123 1.0958252 0.95914066 -0.28263688 -0.007880974 -19.026245 0.0017742754 -0.02185946 0.9997596 -0.91833496
-0.26126698 -0.9651208 -0.017714804 0.9769287 0.965278 -0.26116064 -0.008115527 -18.434204 0.0032059613 -0.019222958 0.99981016 -0.9172363
-0.24497095 -0.9694456 -0.016606083 0.8376465 0.9695814 -0.24487104 -0.007832139 -17.819946 0.0035312087 -0.018019678 0.9998315 -0.9168701
-0.23399164 -0.97206044 -0.014982906 0.6813965 0.9721738 -0.23392978 -0.0057790903 -17.20874 0.002105752 -0.015924273 0.999871 -0.9050293
-0.22296944 -0.97476405 -0.016255613 0.5428467 0.97489965 -0.22293328 -0.004027967 -16.526855 0.0003073614 -0.016741427 0.99985987 -0.9022217
-0.21077411 -0.97733134 -0.017801372 0.3942871 0.97749186 -0.21077304 -0.0019540996 -15.848511 -0.0018460506 -0.017819086 0.9998396 -0.901001
-0.20185152 -0.9792633 -0.017503146 0.24768066 0.9794135 -0.2018813 -6.38254e-05 -15.13562 -0.0034651314 -0.017150665 0.9998469 -0.9058838
-0.1917267 -0.9812644 -0.018701015 0.13171387 0.981427 -0.19179668 0.002004974 -14.401489 -0.005554047 -0.017973956 0.9998231 -0.89733887
-0.18042496 -0.983392 -0.019049076 -0.0068359375 0.9835506 -0.18052721 0.0037798025 -13.659424 -0.007163083 -0.018057546 0.9998113 -0.9016113
-0.16904451 -0.98540044 -0.018715061 -0.12976074 0.9855375 -0.1691797 0.0058837724 -12.869629 -0.008968482 -0.01745568 0.9998075 -0.8947754
-0.15882923 -0.98702055 -0.020937713 -0.2692871 0.9871713 -0.15903734 0.00866535 -12.085449 -0.011888287 -0.019292802 0.9997431 -0.8988037
-0.1473204 -0.988875 -0.021756003 -0.37451172 0.98899555 -0.14760756 0.012242778 -11.296875 -0.015303066 -0.019703237 0.99968857 -0.90527344
-0.13447571 -0.99071187 -0.022525407 -0.49279785 0.99078804 -0.13484989 0.016005382 -10.475586 -0.018892772 -0.020172495 0.99961805 -0.9017334
-0.122248776 -0.9922899 -0.023041975 -0.60095215 0.9923256 -0.12268936 0.018786456 -9.680542 -0.021462746 -0.020575529 0.9995579 -0.9063721
-0.105829984 -0.99411076 -0.02287786 -0.68273926 0.994136 -0.106280304 0.019449802 -8.850098 -0.021771673 -0.0206913 0.9995489 -0.91015625
-0.09229983 -0.9954417 -0.023483533 -0.77404785 0.99549264 -0.09275577 0.019122858 -8.032593 -0.0212195 -0.021606361 0.9995411 -0.91748047
-0.07676959 -0.9967722 -0.022495309 -0.80371094 0.9968383 -0.07717324 0.017662022 -7.186035 -0.019335795 -0.021057593 0.999591 -0.92541504
-0.056080587 -0.9981335 -0.024685523 -0.88952637 0.9982784 -0.05649769 0.01653992 -6.366699 -0.017902147 -0.023724629 0.9995584 -0.9222412
-0.028847106 -0.9992087 -0.026697908 -0.9194336 0.99942106 -0.029286738 0.01621309 -5.5285645 -0.016997749 -0.026209926 0.99951166 -0.9268799
0.00048947334 -0.9995856 -0.028808909 -0.92370605 0.9998857 5.2094518e-05 0.015176575 -4.6914062 -0.01517494 -0.028814197 0.9994697 -0.9251709
0.033780992 -0.9989815 -0.030264279 -0.8828125 0.9993483 0.033352666 0.0145383645 -3.8078613 -0.013522702 -0.030724315 0.9994362 -0.93444824
0.06686323 -0.9973414 -0.029494764 -0.8450928 0.99768955 0.066435404 0.015262358 -2.9814453 -0.013256358 -0.030455444 0.9994486 -0.93725586
0.102288246 -0.9943687 -0.028483368 -0.7429199 0.9947136 0.101917274 0.014188415 -2.107788 -0.011205041 -0.029784443 0.99949366 -0.93066406
0.13476431 -0.99040854 -0.0292027 -0.64282227 0.9907983 0.13443275 0.013051239 -1.2724609 -0.008994881 -0.030704457 0.9994885 -0.9194336
0.1672551 -0.98543984 -0.030093383 -0.49536133 0.9858881 0.16703117 0.009828301 -0.4202881 -0.004654239 -0.031315275 0.9994989 -0.92407227
0.19846928 -0.97978985 -0.026610168 -0.3302002 0.98015124 0.19841123 0.00482951 0.4326172 0.0005440144 -0.027043838 0.9996341 -0.916626
0.22895448 -0.97322816 -0.022052472 -0.12426758 0.97346103 0.22902541 -0.0007142164 1.2568359 0.005744403 -0.021301413 0.99975663 -0.90734863
0.25993282 -0.96547884 -0.01593391 0.088378906 0.9655478 0.26006827 -0.0070780823 2.0957031 0.010981334 -0.013548741 0.999848 -0.8859863
0.2876346 -0.95760363 -0.011065645 0.3552246 0.9575382 0.28776646 -0.013118398 2.920044 0.01574305 -0.0068188487 0.9998528 -0.8675537
0.31387165 -0.9494196 -0.0036932733 0.63256836 0.94922113 0.31388223 -0.019594796 3.7401123 0.019760597 0.0026449617 0.9998012 -0.84472656
0.34159315 -0.93981886 5.018618e-05 0.9178467 0.9393963 0.3414382 -0.02999507 4.5427246 0.028169427 0.010287536 0.9995501 -0.80908203
0.365665 -0.93072724 -0.00025142264 1.2299805 0.92979395 0.36531046 -0.04466267 5.3253174 0.04166753 0.016090097 0.99900174 -0.77282715
0.38970038 -0.9207852 -0.0063702893 1.5488281 0.9188737 0.3893204 -0.062079914 6.0737305 0.059653267 0.018348573 0.99805117 -0.7302246
0.41333008 -0.91039926 -0.013992353 1.8970947 0.90739 0.41313764 -0.07633092 6.8615723 0.07526791 0.0188476 0.99698466 -0.6784668
0.4368098 -0.89943594 -0.015633412 2.262329 0.8955502 0.43643197 -0.086898305 7.6119385 0.084973395 0.023974001 0.99609596 -0.61169434
0.4594069 -0.88796026 -0.01560796 2.6444092 0.8837245 0.45881486 -0.0910576 8.3741455 0.08804004 0.028045677 0.9957231 -0.5233154
0.48092702 -0.87654704 -0.012845714 3.0627441 0.8724379 0.48000202 -0.09078893 9.112671 0.085755944 0.032466523 0.9957881 -0.44604492
0.49996507 -0.8659064 -0.007948779 3.4864502 0.86228627 0.4986746 -0.08722859 9.852173 0.07950877 0.03676617 0.9961568 -0.36401367
0.5189379 -0.8548888 0.00024100672 3.9248047 0.851732 0.5169968 -0.086006716 10.574463 0.07339892 0.044837825 0.99629426 -0.28173828
0.531121 -0.84725547 0.004117963 4.3797607 0.84420896 0.5287886 -0.08742442 11.28772 0.07188101 0.049894713 0.9961633 -0.20922852
0.5425691 -0.8400817 0.004860278 4.8287354 0.8368396 0.53994805 -0.09108251 11.998169 0.07388803 0.053481445 0.9958311 -0.13708496
0.55054367 -0.8346756 0.005110448 5.279419 0.8312804 0.54773235 -0.09366934 12.662598 0.07537525 0.05581776 0.99559206 -0.06958008
0.5605786 -0.8281468 -0.002055618 5.734009 0.82443124 0.5582939 -0.09327672 13.333618 0.07839275 0.050602287 0.99563825 -0.00024414062
0.5725389 -0.81984615 -0.0036244332 6.1831055 0.8162674 0.57044274 -0.09091206 14.001953 0.07659668 0.049085375 0.99585265 0.0703125
0.5793927 -0.8148777 -0.0019089091 6.6656494 0.8112489 0.5770301 -0.092945606 14.6698 0.07685287 0.052311145 0.99567014 0.13684082
0.586885 -0.80976254 -6.1634e-05 7.1607666 0.8060332 0.5841884 -0.09582746 15.348022 0.07762661 0.056193836 0.99539804 0.21386719
0.5903744 -0.8070219 -0.0010886545 7.6430664 0.803002 0.58756703 -0.09888507 16.014282 0.08046523 0.05750067 0.9950969 0.27844238
0.5892465 -0.8078887 -0.0031339282 8.159058 0.8035761 0.5864922 -0.10100289 16.711914 0.08343215 0.057008684 0.99488294 0.3486328
0.5857436 -0.8104193 -0.000591276 8.668335 0.8061636 0.58274364 -0.10189317 17.417969 0.08293926 0.059189625 0.9947933 0.42834473
0.5808862 -0.8139966 -0.0010767129 9.171509 0.80986273 0.57806903 -0.09988317 18.131958 0.081931464 0.05713793 0.99499756 0.51171875
0.573391 -0.8192576 -0.0023726246 9.699219 0.81514764 0.57080024 -0.09842881 18.887451 0.081989944 0.054499734 0.99514157 0.59155273
0.56621957 -0.82421184 -0.003564512 10.206909 0.8200349 0.56377524 -0.0981937 19.651245 0.08294761 0.05267131 0.9951605 0.6722412
0.56068826 -0.82785434 -0.0054703513 10.717285 0.82372135 0.5585256 -0.096304394 20.415527 0.082809635 0.049484756 0.9953355 0.7495117
0.55578244 -0.83136505 -0.008372233 11.251099 0.82727695 0.5539963 -0.09397072 21.212646 0.082761064 0.045292184 0.9955388 0.8358154
0.5543967 -0.83217096 -0.012399308 11.772583 0.8282344 0.553116 -0.090045094 22.007568 0.08179119 0.03964863 0.9958603 0.91918945
0.5543909 -0.83208406 -0.013739292 12.317505 0.8282817 0.5533079 -0.08777245 22.840454 0.08063001 0.037274055 0.9960464 1.0061035
0.5547105 -0.83202654 -0.014584612 12.859131 0.82831025 0.5537462 -0.086314276 23.682861 0.07988568 0.035793506 0.9961607 1.0908203
0.5560221 -0.83104503 -0.014349988 13.410889 0.82738805 0.5550547 -0.08571117 24.51941 0.07919244 0.03579011 0.99621725 1.1781006
0.555724 -0.83121663 -0.014119292 13.987671 0.82761025 0.5547579 -0.085166104 25.386719 0.07863987 0.035653576 0.9962664 1.2653809
0.5544873 -0.83192545 -0.013337805 14.565308 0.8284061 0.5534946 -0.08440485 26.25232 0.0776058 0.035756376 0.9963433 1.3623047
0.55612653 -0.83103526 -0.013133084 15.133301 0.82757825 0.55513734 -0.08369714 27.11267 0.07683891 0.035664067 0.9964042 1.4508057
0.5557834 -0.83134186 -0.014304429 15.713501 0.82794595 0.55493057 -0.0823742 28.01001 0.07640826 0.03393793 0.9964986 1.5426025
0.55550206 -0.831514 -0.014116431 16.282593 0.82822865 0.55468327 -0.08099224 28.876465 0.075166196 0.033290293 0.9966142 1.6384277
0.5538453 -0.8324167 -0.015421369 16.840088 0.829133 0.55314773 -0.08041209 29.751831 0.075481564 0.03176949 0.9966429 1.7286377
0.55262613 -0.8332659 -0.014815224 17.45398 0.83014125 0.5519504 -0.07851246 30.609741 0.07359584 0.031084405 0.99680316 1.8243408
0.5518141 -0.8338793 -0.012545408 17.99524 0.8310069 0.551056 -0.07599975 31.463745 0.07028714 0.03152046 0.99702924 1.9130859
0.5486872 -0.8359721 -0.010861863 18.59082 0.8332153 0.54785454 -0.07506433 32.328003 0.06868377 0.032127827 0.9971202 1.9989014
0.5458443 -0.8379758 -0.010084545 19.132568 0.8352838 0.5449865 -0.07444595 33.193726 0.067860775 0.03221748 0.9971747 2.0819092
0.5435777 -0.83924055 -0.010008768 19.699097 0.83650106 0.54269856 -0.075146556 34.070435 0.06850135 0.03248654 0.9971229 2.1693115
0.54262537 -0.84008604 -0.010118682 20.26416 0.83734745 0.54175997 -0.07504486 34.931274 0.06852515 0.03224947 0.997128 2.258667
0.5438166 -0.83910024 -0.011830889 20.812134 0.83627176 0.54304916 -0.07557942 35.780396 0.069850765 0.03120561 0.9970691 2.3477783
0.54560655 -0.83787495 -0.014665453 21.35962 0.8348883 0.5450022 -0.076617785 36.635254 0.07219509 0.02956261 0.99695265 2.439209
0.5493734 -0.835437 -0.016554244 21.937134 0.83238393 0.54888785 -0.0768073 37.482056 0.07325166 0.028414315 0.99690837 2.5268555
0.556178 -0.83100456 -0.01615883 22.497925 0.82804686 0.55567026 -0.075703114 38.320435 0.071886815 0.028725175 0.996999 2.6029053
0.55969083 -0.82849723 -0.01084681 23.068848 0.82591903 0.5588995 -0.07259835 39.167114 0.06621138 0.031676713 0.9973029 2.7008057
0.5664574 -0.8240437 -0.012911846 23.62622 0.82156575 0.565853 -0.07020587 39.996826 0.06515664 0.029170753 0.99744934 2.7816162
0.5702908 -0.82125777 -0.013142516 24.191528 0.81861585 0.5696179 -0.072613634 40.825928 0.06712748 0.030656666 0.99727374 2.866455
0.5750657 -0.8179953 -0.014547737 24.765991 0.8151868 0.5744153 -0.074468926 41.65442 0.06927289 0.0309667 0.9971171 2.9434814
0.5805206 -0.81408125 -0.016562495 25.327515 0.8111978 0.5799831 -0.07472237 42.454346 0.07044644 0.02995391 0.9970668 3.024292
0.5830289 -0.8123533 -0.01854287 25.904053 0.80940694 0.58262163 -0.074808896 43.266113 0.07156561 0.02861026 0.99702555 3.1069336
0.58668005 -0.8098418 -0.017700044 26.471558 0.8069808 0.5862241 -0.07395937 44.07788 0.07026964 0.02910365 0.99710286 3.2006836
0.59008574 -0.80725616 -0.010992368 27.052979 0.8050454 0.58938444 -0.06715979 44.859253 0.060706824 0.030775292 0.99768066 3.2755127
0.59110737 -0.8064745 -0.0044303415 27.65039 0.8049433 0.5903072 -0.058591306 45.652344 0.049871888 0.031067336 0.99827236 3.3548584
0.5935015 -0.8048745 -0.0027779255 28.216064 0.80355537 0.5927198 -0.055279918 46.45056 0.04614089 0.030567577 0.99846655 3.4265137
0.59368724 -0.8046777 -0.0055882563 28.81189 0.80303204 0.59289026 -0.06019145 47.237793 0.0517494 0.031255472 0.9981714 3.4885254
0.59476787 -0.80394787 -0.008960344 29.386475 0.8018859 0.59397644 -0.06580336 47.99597 0.058226638 0.031940993 0.9977914 3.5461426
0.59581035 -0.80301666 -0.004637661 29.951782 0.80083346 0.5945976 -0.070496924 48.753662 0.05936016 0.038294658 0.99750245 3.6121826
0.5946014 -0.8039476 -0.001355456 30.545166 0.8018666 0.59318084 -0.070933424 49.542236 0.05783975 0.04110091 0.9974803 3.6849365
0.5946898 -0.80398685 0.00015013176 31.117065 0.8021472 0.59331644 -0.067727745 50.309326 0.054355036 0.0403974 0.9977042 3.7633057
0.59417063 -0.8041359 0.0013904904 31.675903 0.8026339 0.59295326 -0.062146828 51.09546 0.049158152 0.03804718 0.99806654 3.8181152
0.59362346 -0.8047315 0.0031938795 32.257202 0.8035661 0.59254014 -0.056287322 51.86792 0.04341409 0.03597525 0.9984088 3.8726807
0.5929561 -0.8051491 -0.0025967346 32.80432 0.80411005 0.5923482 -0.04898962 52.65576 0.0409871 0.02697048 0.9987961 3.9412842
0.5908953 -0.80670804 -0.0084807 33.354004 0.8057377 0.5906467 -0.043932375 53.436768 0.040448688 0.019117925 0.9989982 3.97937
0.5896601 -0.80754095 -0.005590506 33.91992 0.8066312 0.5892998 -0.04387133 54.210205 0.038725037 0.02135868 0.9990216 4.036255
0.58674246 -0.8096187 -0.0023476789 34.470215 0.80867183 0.58619225 -0.04672807 54.978516 0.039212633 0.02551244 0.99890476 4.0949707
0.5817824 -0.81332415 -0.0023463476 35.0343 0.8122338 0.5811468 -0.050175995 55.75537 0.042170826 0.027290901 0.9987379 4.143921
0.573689 -0.81911814 0.0016519579 35.579224 0.818088 0.5728646 -0.051328644 56.527588 0.041089464 0.030789282 0.9986805 4.190674
0.5666247 -0.8239519 0.008052273 36.117676 0.8229967 0.5654335 -0.054640785 57.29712 0.040474676 0.037583027 0.99847305 4.242676
0.55722 -0.8303488 0.0068345563 36.650757 0.8293452 0.55609846 -0.05442705 58.07129 0.041383218 0.036002785 0.9984949 4.296631
0.5475524 -0.83687717 0.0050550383 37.15454 0.83591694 0.5466123 -0.051583234 58.86841 0.04039524 0.032474626 0.9986562 4.3431396
0.5357444 -0.84438 0.0073409043 37.666748 0.84357804 0.5348087 -0.049087603 59.660156 0.037519537 0.032496095 0.99876773 4.397217
0.52490944 -0.8511521 0.007313703 38.160522 0.85039186 0.52403146 -0.047624554 60.468994 0.036698397 0.03121727 0.99883866 4.4537354
0.5144571 -0.8574029 0.008143892 38.63562 0.8566976 0.51359195 -0.046523508 61.26587 0.035713296 0.030913822 0.99888396 4.487549
0.50093174 -0.86534107 0.0112740435 39.12085 0.8647148 0.49996108 -0.046709947 62.081055 0.034785643 0.033142682 0.9988449 4.5428467
0.4893051 -0.87201816 0.00941797 39.577026 0.87114 0.4882571 -0.051437184 62.894775 0.040242173 0.033381928 0.9986328 4.5789795
0.47918087 -0.8775686 0.006032181 40.020508 0.8762064 0.4780294 -0.05939315 63.707275 0.049243562 0.033739116 0.9982164 4.6451416
0.46670437 -0.8843053 0.0041302154 40.454956 0.88266474 0.46554315 -0.06324704 64.521484 0.054005608 0.03317294 0.9979901 4.696167
0.45592448 -0.8900455 0.0037730006 40.864258 0.88851964 0.45488605 -0.060600873 65.34912 0.052228272 0.030973038 0.99815434 4.7473145
0.4433883 -0.8962546 0.0059786886 41.279663 0.8950017 0.44239315 -0.05623675 66.17578 0.04775722 0.030291991 0.9983999 4.8131104
0.4335349 -0.9011673 0.002295957 41.670044 0.89973307 0.43269786 -0.05754785 67.00293 0.050877452 0.027014434 0.9983396 4.869873
0.42817873 -0.90366006 -0.0042557362 42.047974 0.90186226 0.42761523 -0.061206702 67.83911 0.057131514 0.02236705 0.9981161 4.923828
0.42141894 -0.9068047 -0.013156408 42.430664 0.9045648 0.42133012 -0.06559838 68.67383 0.06503854 0.015731182 0.9977583 4.987671
0.41788334 -0.90823334 -0.017667174 42.81201 0.90586436 0.4180891 -0.06662038 69.52319 0.06790119 0.01183586 0.99762213 5.071045
0.41613233 -0.9091965 -0.01792761 43.18396 0.90685415 0.4163656 -0.066189595 70.3689 0.06763634 0.011285834 0.99764615 5.1428223
0.41084737 -0.9114439 -0.020579392 43.554443 0.90913427 0.41128084 -0.06535145 71.21411 0.068042874 0.008148065 0.9976501 5.2193604
0.40580162 -0.9137487 -0.019764056 43.926147 0.9116928 0.40622172 -0.061659005 72.05591 0.06437657 0.0070084045 0.99790156 5.290039
0.40003046 -0.9163888 -0.017003335 44.294067 0.9145575 0.4003152 -0.058429893 72.90112 0.060349353 0.007824242 0.9981467 5.3511963
0.39304554 -0.91931254 -0.019080168 44.66638 0.91776973 0.39349318 -0.053349182 73.74927 0.056553066 0.0034580799 0.99839365 5.4317627
0.3887041 -0.9210672 -0.022661453 45.00818 0.91954964 0.38936427 -0.052842993 74.59277 0.057500936 -0.00030668546 0.9983452 5.4906006
0.38175297 -0.9235978 -0.032738116 45.328247 0.92219037 0.38301364 -0.052001894 75.42114 0.060586795 -0.010328555 0.99811065 5.550049
0.37464228 -0.92662555 -0.02999293 45.671265 0.9250066 0.3757742 -0.055197533 76.26099 0.06243264 -0.007064475 0.9980247 5.618286
0.36842245 -0.9291329 -0.028650653 46.002686 0.9273102 0.36949903 -0.05839722 77.09839 0.06485558 -0.0050359005 0.9978831 5.692871
0.3610645 -0.9319472 -0.029075928 46.332153 0.9302628 0.36217132 -0.056420952 77.95508 0.06311034 -0.006666895 0.9979845 5.764282
0.3547982 -0.9345751 -0.02903511 46.642822 0.933246 0.35586724 -0.050651234 78.78882 0.057664283 -0.009119847 0.9982945 5.834961
0.34667465 -0.937663 -0.027937882 46.96106 0.93653536 0.34765965 -0.047018625 79.65039 0.053784043 -0.009875175 0.9985029 5.902832
0.3407409 -0.9396193 -0.03225673 47.26245 0.9384018 0.34200332 -0.049629103 80.495605 0.05768098 -0.013361205 0.9982462 5.962158
0.33491832 -0.94173545 -0.031398736 47.567627 0.940337 0.33617753 -0.052654043 81.34253 0.060142055 -0.011905708 0.9981183 6.0201416
0.32663628 -0.9444515 -0.03262432 47.855225 0.9430421 0.32798862 -0.05328593 82.18994 0.061035257 -0.013351856 0.9980469 6.07666
0.32153642 -0.9463214 -0.033171844 48.139893 0.94498205 0.3229174 -0.05238092 83.053955 0.06027749 -0.014502498 0.9980762 6.1464844
0.31356266 -0.94915086 -0.029375916 48.416016 0.9477857 0.3147266 -0.05215968 83.893555 0.058753125 -0.011494358 0.99820614 6.209839
0.30558568 -0.9517883 -0.025754906 48.702393 0.95038044 0.30655247 -0.052438397 84.75781 0.05780358 -0.008449303 0.99829227 6.2821045
0.29814425 -0.95418584 -0.02389031 48.98242 0.9527057 0.29902288 -0.053577438 85.62793 0.058251902 -0.0067783142 0.9982787 6.3511963
0.2917004 -0.9561591 -0.03055271 49.23828 0.95489687 0.29294956 -0.05114069 86.50342 0.0578403 -0.014250521 0.9982242 6.4125977
0.28542352 -0.95783275 -0.034083717 49.498535 0.9567094 0.2868633 -0.04986865 87.36621 0.057555813 -0.018372573 0.9981739 6.4710693
0.28064966 -0.95926565 -0.031005392 49.75415 0.9581282 0.28191075 -0.049312312 88.24878 0.056060616 -0.015869893 0.99830174 6.537964
0.27637687 -0.9606907 -0.028385283 50.01416 0.95946825 0.27750993 -0.05025131 89.10986 0.05615025 -0.013342347 0.9983333 6.585327
0.2701853 -0.96231025 -0.028757988 50.266846 0.9610121 0.2713684 -0.05180448 89.98633 0.05765758 -0.013633732 0.9982436 6.656494
0.26559132 -0.9638833 -0.021414544 50.505615 0.96252483 0.26636383 -0.05160582 90.835205 0.05545774 -0.006912378 0.9984373 6.701538
0.26039425 -0.9655263 -0.012885816 50.756348 0.96419394 0.2607122 -0.050718453 91.71094 0.05230875 0.0007817969 0.9986302 6.7679443
0.25565952 -0.96683115 -0.008553554 50.990967 0.9655263 0.25576046 -0.05042822 92.58008 0.050937556 0.004639289 0.9986913 6.8199463
0.25127384 -0.96779996 -0.012081567 51.210938 0.9664572 0.25156227 -0.050985947 93.463135 0.052368425 0.0011264388 0.99862653 6.8721924
0.24938917 -0.9683532 -0.0128219435 51.42212 0.96695274 0.24971859 -0.05207872 94.33594 0.053607572 0.00058754766 0.9985613 6.928467
0.24814066 -0.96867543 -0.013780069 51.639893 0.96726394 0.24852301 -0.052260533 95.204346 0.054056935 -0.00037619146 0.9985376 6.98584
0.24636616 -0.9691056 -0.013727974 51.85327 0.9677769 0.24674703 -0.050725214 96.07007 0.05255639 -0.00079649594 0.99861777 7.0407715
0.24660544 -0.9690942 -0.009355756 52.074707 0.9679885 0.24677184 -0.04633372 96.95166 0.04721056 0.0023569446 0.99888194 7.092041
0.24433595 -0.9695681 -0.008354977 52.28418 0.96873283 0.2444722 -0.04028845 97.792725 0.04110502 0.0017629147 0.9991537 7.1483154
0.24501944 -0.96949506 -0.0064439704 52.496338 0.96873564 0.24508323 -0.038499653 98.663086 0.038909 0.0031949002 0.99923795 7.1989746
0.24308136 -0.9700582 -0.008408428 52.710205 0.9691508 0.24321802 -0.041988216 99.51929 0.042780463 0.0020516582 0.9990824 7.2440186
0.24358602 -0.9698949 -0.00825184 52.918457 0.9687617 0.24370122 -0.04698956 100.34277 0.047590725 0.0034485767 0.9988611 7.289673
0.2423199 -0.97009003 -0.011040897 53.12378 0.9690011 0.24257049 -0.04596575 101.20386 0.04726667 0.0004559413 0.9988826 7.34021
0.24113247 -0.97042865 -0.011569096 53.329346 0.9694186 0.24140944 -0.044267617 102.059326 0.045747727 -0.00054604677 0.9989527 7.387085
0.24063373 -0.97050166 -0.007631107 53.547607 0.9694924 0.24073221 -0.04438343 102.88696 0.04490621 0.0032925718 0.998986 7.444092
0.24057376 -0.9707079 -0.008658623 53.754883 0.9696386 0.24071607 -0.045613017 103.738525 0.04635695 0.002566847 0.9989213 7.5125732
0.24087058 -0.97049886 -0.01800769 53.94165 0.96940446 0.2414622 -0.046502147 104.582275 0.049462046 -0.0062599443 0.99875593 7.5479736
0.24002768 -0.9705448 -0.023873713 54.134766 0.9694524 0.24092636 -0.047504157 105.42114 0.051853735 -0.0117454035 0.9985856 7.5983887
0.23933001 -0.97062004 -0.023992572 54.34131 0.9693734 0.24026933 -0.050436534 106.257324 0.05471993 -0.011187353 0.99843913 7.6604004
0.23935957 -0.97068936 -0.022194285 54.536865 0.96935123 0.24021333 -0.051756598 107.085205 0.055573113 -0.00913396 0.99841267 7.717285
0.2386318 -0.9707158 -0.023352297 54.720215 0.9692472 0.23957473 -0.054252136 107.90698 0.058277674 -0.009672669 0.9982546 7.7628174
0.2376826 -0.97121376 -0.01750153 54.93506 0.9697744 0.23828626 -0.053044684 108.75098 0.055674355 -0.0043604663 0.99843925 7.8137207
0.23442441 -0.97210425 -0.009193434 55.128906 0.97084296 0.23458897 -0.04956918 109.57153 0.05035396 0.0026903478 0.9987279 7.883545
0.23291036 -0.9724674 -0.0014369786 55.32788 0.97146654 0.23273711 -0.045037393 110.39014 0.044138823 0.009090381 0.9989841 7.9553223
0.22873342 -0.97354406 0.00057931803 55.52368 0.97254664 0.22847223 -0.045398 111.20508 0.044057842 0.01094437 0.99896884 7.9888916
0.22442634 -0.97444814 -0.000783911 55.697266 0.9732719 0.22419548 -0.048942737 111.996826 0.04785946 0.010207206 0.9988013 8.050903
0.21902448 -0.97578937 0.0014416873 55.875732 0.9744697 0.21865094 -0.052334882 112.80957 0.050750095 0.012866782 0.99862856 8.100708
0.20996493 -0.97767895 -0.0009783302 56.056396 0.9762707 0.20971608 -0.053446654 113.67554 0.052465685 0.010259526 0.9985699 8.138916
0.20066065 -0.9796295 0.004940672 56.217285 0.97853744 0.20019281 -0.048479177 114.44507 0.04649956 0.014555255 0.99881196 8.192993
0.18955396 -0.98174864 0.012308294 56.36499 0.9808147 0.18877535 -0.04774048 115.1897 0.044542223 0.021119999 0.9987841 8.243164
0.17661957 -0.984251 0.013464682 56.5271 0.9832166 0.1757468 -0.050231714 116.05029 0.04707428 0.022103332 0.9986466 8.296875
0.16192311 -0.98666996 0.013635281 56.65088 0.985567 0.16103023 -0.05147914 116.85742 0.048604827 0.021788336 0.99858093 8.35022
0.14871168 -0.98863894 0.021077158 56.76465 0.98769414 0.1474656 -0.05177989 117.58057 0.04808296 0.02852739 0.9984363 8.393799
0.13374153 -0.9907438 0.023260295 56.869873 0.9898154 0.13238807 -0.052340798 118.346436 0.04876423 0.030017342 0.9983587 8.440796
0.12034509 -0.9925326 0.018617528 56.970947 0.99112105 0.119071625 -0.058748096 119.227295 0.056102913 0.02552751 0.99809885 8.492554
0.10811429 -0.99406606 0.010744192 57.031982 0.9918943 0.1071427 -0.06810578 119.90967 0.06653617 0.018018756 0.9976208 8.535889
0.09413282 -0.9955565 0.0028831847 57.08496 0.9927476 0.093648985 -0.075378165 120.66235 0.074785106 0.009945544 0.9971499 8.6015625
