1 0 0 0 0 1 0 0 0 0 1 0
0.99993354 -0.0027712546 0.011191275 0.0054344445 0.0027596078 0.99999563 0.0010560268 -0.0078636098 -0.011194154 -0.0010250731 0.99993682 0.29940161
0.99983557 -0.0045584972 0.017551306 0.014912593 0.0045404697 0.99998912 0.0010668583 -0.011258677 -0.01755598 -0.0009869917 0.99984539 0.5896874
0.99977652 -0.0072086671 0.019873147 0.025620059 0.0072090437 0.99997401 5.271115e-05 -0.015903577 -0.019873012 9.056704e-05 0.99980251 0.88985147
0.99979954 -0.0088803688 0.017944633 0.029249357 0.0089115864 0.99995891 -0.0016604155 -0.020331752 -0.017929152 0.0018199979 0.9998376 1.1966618
0.99987068 -0.011546622 0.011193852 0.028646736 0.01158265 0.99992793 -0.0031590076 -0.022128148 -0.01115657 0.0032882536 0.99993236 1.5132975
0.99992207 -0.012472092 -0.00054809976 0.015598178 0.012469493 0.99991206 -0.0045154937 -0.033136411 0.00060436926 0.0045083073 0.99998965 1.842185
0.99979844 -0.011740484 -0.016286461 -0.0049886376 0.011661031 0.99991968 -0.004964938 -0.038476838 0.016343445 0.0047740205 0.99985504 2.1649699
0.99934891 -0.0079444233 -0.035194385 -0.04652067 0.0077620327 0.99995574 -0.0053160004 -0.045114241 0.035235063 0.0050393593 0.99936635 2.5174066
0.99847231 -0.004366853 -0.055081583 -0.086718201 0.0040180206 0.99997118 -0.0064421721 -0.050244867 0.055108132 0.0062110116 0.99846107 2.8614748
0.99719199 -0.0035685984 -0.074802458 -0.13226476 0.0030791178 0.99997309 -0.0066579507 -0.055065953 0.074824212 0.0064089295 0.99717614 3.2159997
0.99535359 -0.0048369003 -0.09616569 -0.18434998 0.0042501811 0.99997109 -0.0063050312 -0.059760433 0.096193415 0.0058670138 0.99534537 3.5991087
0.99332908 -0.0060255864 -0.11515656 -0.24102633 0.0054493788 0.99997101 -0.0053178528 -0.070094437 0.11518528 0.0046548461 0.99333312 3.9909859
0.99112462 -0.004778529 -0.13285009 -0.31380153 0.0042139118 0.99998086 -0.0045308668 -0.076546695 0.1328692 0.003930835 0.99112579 4.3775897
0.98883353 -0.0038007668 -0.14897585 -0.3904786 0.0032611968 0.99998721 -0.0038659799 -0.085122261 0.14898865 0.003336971 0.98883328 4.7914418
0.98670196 -0.0032348663 -0.16250779 -0.47251236 0.0026191946 0.99998856 -0.0040026701 -0.092031236 0.16251889 0.0035238029 0.98669914 5.1987454
0.98463806 -0.004740331 -0.17454343 -0.56669439 0.0039168016 0.99997952 -0.0050623631 -0.10007537 0.17456386 0.0043009433 0.98463646 5.6477695
0.98285103 -0.0077502371 -0.18423836 -0.65533934 0.0065636854 0.99995361 -0.0070493081 -0.11448719 0.18428447 0.0057191371 0.98285631 6.0946966
0.9813417 -0.0068715352 -0.19214903 -0.7516536 0.0052875725 0.99994769 -0.0087549791 -0.12099094 0.19219915 0.0075756242 0.9813267 6.5412942
0.97981714 -0.0065435322 -0.19978876 -0.86954929 0.0045125685 0.99993343 -0.01061924 -0.12231314 0.19984497 0.0095033532 0.97978144 7.0267547
0.97819344 -0.00749842 -0.20756053 -0.96849152 0.0048038434 0.99989756 -0.013483122 -0.13544265 0.20764039 0.012192013 0.97812925 7.4920535
0.97643156 -0.011193438 -0.21553679 -1.0874098 0.0081250878 0.99985272 -0.015116664 -0.14630677 0.21567427 0.013009133 0.97637871 8.0072961
0.97462519 -0.016752142 -0.22321536 -1.2016546 0.013425441 0.99977516 -0.016412862 -0.16444986 0.22344014 0.012999624 0.97463097 8.5206748
0.97270064 -0.017552728 -0.23139872 -1.3330899 0.01366529 0.99973746 -0.018391993 -0.18679707 0.23166081 0.014727773 0.97268513 9.0329357
0.97069894 -0.014132264 -0.23988296 -1.4805577 0.0088552193 0.99969482 -0.023062079 -0.19251904 0.24013569 0.02026212 0.97052785 9.573129
0.96852327 -0.011261386 -0.24866817 -1.6378754 0.0049443709 0.99964937 -0.026013377 -0.20999378 0.24887394 0.023965054 0.96823935 10.105503
0.96623357 -0.013863451 -0.25729457 -1.7974861 0.006825886 0.99957828 -0.028225253 -0.23421189 0.25757738 0.025515924 0.96592072 10.673553
0.96379239 -0.015746066 -0.26618843 -1.9621006 0.0081163569 0.99952475 -0.029738707 -0.26259755 0.26653022 0.02650146 0.96346215 11.232368
0.96166927 -0.015553817 -0.27377049 -2.1328964 0.0069455098 0.99945134 -0.03238479 -0.28623208 0.27412402 0.029241982 0.96124967 11.793826
0.95929965 -0.014993833 -0.28199176 -2.3228132 0.004995395 0.99933418 -0.036142082 -0.31052739 0.28234593 0.033262427 0.95873583 12.39679
0.95722417 -0.01598925 -0.28890522 -2.5077606 0.0042640659 0.99914311 -0.041168804 -0.34084589 0.28931594 0.038175864 0.95647211 12.970507
0.95536664 -0.016833202 -0.29494273 -2.7096814 0.0026278903 0.99882005 -0.048493282 -0.38088525 0.29541103 0.045553788 0.9542836 13.597348
0.9539745 -0.017439407 -0.29938022 -2.9204458 0.00048239537 0.99839562 -0.05662109 -0.41754067 0.29988736 0.053870657 0.95245238 14.21355
0.95284605 -0.017529155 -0.30294741 -3.1175889 -0.0023457726 0.99787487 -0.06511712 -0.46296105 0.30344508 0.062757237 0.95078001 14.831609
0.95137185 -0.016469689 -0.30760421 -3.3472477 -0.0067387258 0.99721803 -0.074234691 -0.5087543 0.30797112 0.072697656 0.94861417 15.478317
0.95012614 -0.015665552 -0.31147216 -3.5715185 -0.010175313 0.99664867 -0.081165782 -0.56802353 0.31169984 0.080287059 0.94678255 16.109254
0.94851694 -0.014887516 -0.31637631 -3.8123579 -0.013653226 0.99604425 -0.087803473 -0.63098213 0.31643201 0.087602641 0.94456158 16.785854
0.94694174 -0.013326547 -0.32112884 -4.0513558 -0.017790745 0.99543484 -0.093770795 -0.70211029 0.32091251 0.094508603 0.94238172 17.454927
0.94549438 -0.011018028 -0.32545195 -4.2952003 -0.022464491 0.99483949 -0.098943075 -0.77834462 0.32486264 0.10086123 0.94036763 18.127567
0.94353998 -0.0086019936 -0.33114694 -4.5737035 -0.026764317 0.99441494 -0.10209109 -0.85359533 0.33017568 0.10518995 0.93804003 18.826404
0.94210624 -0.0081107235 -0.33521639 -4.8184239 -0.028271078 0.99422655 -0.10351001 -0.93110496 0.33412061 0.10699436 0.93643774 19.521021
0.93976045 -0.0070114979 -0.34176179 -5.1021044 -0.02990353 0.99427048 -0.10262551 -1.0183788 0.34052325 0.10666328 0.9341664 20.240379
0.93758301 -0.0074271232 -0.34768221 -5.3812718 -0.029664695 0.99441983 -0.1012384 -1.1055862 0.34649402 0.10523329 0.93213082 20.967686
0.93496115 -0.0069357371 -0.3546823 -5.6638264 -0.030321295 0.99458772 -0.099377469 -1.1891704 0.35345195 0.1036685 0.92969058 21.674743
0.93221295 -0.0064421029 -0.36185289 -5.9389563 -0.030470555 0.99489445 -0.096211076 -1.2761809 0.36062526 0.10071507 0.9272572 22.369586
0.92832375 -0.0036543065 -0.37175482 -6.2941751 -0.032496385 0.99532676 -0.090931956 -1.3613476 0.37034984 0.096494984 0.92386672 23.213003
0.9252646 -0.0018163583 -0.37931796 -6.602143 -0.033104578 0.99578635 -0.085519799 -1.4418046 0.37787501 0.091685605 0.92130572 23.932727
0.92163127 0.00065141498 -0.38806618 -6.9361543 -0.035052206 0.99605066 -0.081574653 -1.5158854 0.38648047 0.088784329 0.91801427 24.687147
0.91778083 0.0011759867 -0.39708557 -7.276811 -0.035748088 0.99617976 -0.079674045 -1.5919721 0.39547494 0.087318363 0.91431673 25.408625
0.9138162 0.0031483085 -0.40611577 -7.6347098 -0.038389471 0.99616213 -0.078659078 -1.6702623 0.40430955 0.087470511 0.91042996 26.193625
0.91018072 0.0038034634 -0.41419389 -7.9811748 -0.039507624 0.99619609 -0.077669132 -1.7403637 0.41232295 0.087056764 0.90686874 26.939772
0.90605764 0.0043442867 -0.42313197 -8.3674672 -0.040267324 0.99629471 -0.075995968 -1.8147289 0.42123403 0.085895121 0.90287537 27.72828
0.90254229 0.0040343971 -0.4305823 -8.7574943 -0.039604238 0.99649542 -0.073677526 -1.8902777 0.42877608 0.083549968 0.89953904 28.521285
0.8987923 0.0049469273 -0.4383468 -9.1482796 -0.039337789 0.99681236 -0.069409291 -1.9609078 0.43660618 0.079628131 0.89612188 29.291747
0.89507877 0.0052755349 -0.44587683 -9.5596453 -0.03788205 0.99721471 -0.064247733 -2.0246556 0.44429603 0.074397512 0.89278557 30.089975
0.89138008 0.0053895127 -0.45322454 -9.9725295 -0.036435901 0.9975453 -0.059798066 -2.0927747 0.45178976 0.06981645 0.88938838 30.883592
0.88791734 0.0054002013 -0.45997132 -10.406589 -0.03603324 0.9976751 -0.057844672 -2.1646241 0.4585896 0.067935545 0.88604761 31.720781
0.88435495 0.0046784511 -0.46679162 -10.847075 -0.035186562 0.99777318 -0.056662061 -2.2229719 0.4654871 0.066534168 0.88255027 32.532719
0.88167994 0.0045248683 -0.47182622 -11.299287 -0.03457124 0.99788593 -0.055031839 -2.2812303 0.47057977 0.064832087 0.87997244 33.356927
0.87864298 0.0037660786 -0.47746447 -11.771409 -0.033385323 0.99800614 -0.05356463 -2.3455195 0.47631078 0.063004492 0.87701682 34.200744
0.87622519 0.0018071917 -0.48189846 -12.238907 -0.031432105 0.99807788 -0.053409347 -2.4052973 0.48087571 0.061945699 0.87459779 35.041584
0.87434599 0.0015145645 -0.48530071 -12.724071 -0.031646822 0.99804462 -0.053901974 -2.4691793 0.48427017 0.062487201 0.87268424 35.891167
0.87336031 0.0017880362 -0.48707141 -13.227353 -0.032359198 0.99799698 -0.05435914 -2.5285169 0.48599864 0.063236356 0.87166881 36.742482
0.87296771 0.0026049527 -0.48777102 -13.72524 -0.032846411 0.99802987 -0.053455479 -2.5894319 0.48667084 0.062686436 0.87133342 37.605132
0.87265291 0.0016567973 -0.48833814 -14.236697 -0.030949116 0.99817161 -0.051919078 -2.6522868 0.48735929 0.060420969 0.87110863 38.504577
0.872363 0.00071902062 -0.48885811 -14.743882 -0.029560337 0.99824664 -0.051281919 -2.7142501 0.48796414 0.05918726 0.87085469 39.397132
0.87172288 -0.0010877327 -0.48999797 -15.264486 -0.028109234 0.99823975 -0.052223234 -2.7795194 0.4891923 0.059297657 0.87015786 40.294038
0.87050769 -0.0023272755 -0.4921493 -15.797968 -0.027018592 0.99825479 -0.052510699 -2.8461769 0.49141264 0.059008149 0.86892559 41.235769
0.86961521 -0.0032344206 -0.49371946 -16.319251 -0.025178408 0.99838689 -0.050888673 -2.9105251 0.49308767 0.056684635 0.86813099 42.138517
0.86706818 -0.002825899 -0.49818146 -16.859435 -0.023937013 0.99859264 -0.047326015 -2.9763538 0.49761412 0.052959858 0.86578026 43.07563
0.86450927 -0.003254009 -0.50260632 -17.389999 -0.021248476 0.99884843 -0.043015307 -3.0407099 0.50216755 0.04786675 0.86344458 43.979257
0.86074679 -0.0052399759 -0.50900636 -17.945066 -0.018217894 0.9989893 -0.041091181 -3.1018286 0.50870727 0.044642127 0.85978138 44.892722
0.85558896 -0.0073224181 -0.51760398 -18.494655 -0.017405922 0.9989276 -0.042903223 -3.1649633 0.5173631 0.045716899 0.85454398 45.788719
0.85025842 -0.010207972 -0.52626647 -19.067128 -0.016690619 0.9987863 -0.046339491 -3.2307297 0.52610081 0.048184256 0.84905608 46.669469
0.84437547 -0.010234688 -0.53565408 -19.647102 -0.017014621 0.9988009 -0.045904893 -3.2907184 0.53548165 0.047874917 0.84318884 47.583237
0.83834382 -0.0070814057 -0.54509583 -20.25293 -0.018314092 0.99898535 -0.041144553 -3.3497225 0.54483416 0.044476218 0.8373635 48.473991
0.83360113 -0.0049639412 -0.55234454 -20.840568 -0.018390661 0.99915582 -0.036734726 -3.4058432 0.55206065 0.040780091 0.83280613 49.350774
0.829837 -0.00376789 -0.55799313 -21.461759 -0.020932053 0.99906319 -0.037876006 -3.4686617 0.55761316 0.043110854 0.82898073 50.255441
0.8264559 -0.0049196304 -0.56297994 -22.067751 -0.022868312 0.99884324 -0.042299179 -3.5234743 0.56253685 0.047832808 0.82538739 51.10872
0.82345754 -0.0073088356 -0.5673308 -22.667803 -0.024996698 0.99847881 -0.049144935 -3.5915569 0.56682702 0.054650165 0.82202221 51.949195
0.82064895 -0.0079874618 -0.57137683 -23.303501 -0.025511697 0.99839318 -0.050598435 -3.656355 0.57086293 0.056100345 0.81912654 52.843058
0.81738501 -0.0071799808 -0.57604702 -23.904578 -0.024301529 0.99860255 -0.046929592 -3.7221099 0.57557902 0.052358369 0.81606827 53.693594
0.81391637 -0.0052952229 -0.58095789 -24.555168 -0.023166092 0.99886742 -0.041559786 -3.7845056 0.58052002 0.047284715 0.81287188 54.589678
0.8112538 -0.0039501242 -0.5846808 -25.177878 -0.023000862 0.99898754 -0.03866325 -3.8440031 0.58424161 0.044813871 0.81034159 55.439953
0.80865435 -0.001883078 -0.58828103 -25.812757 -0.026104141 0.99889504 -0.03908034 -3.9023304 0.58770465 0.046959059 0.80771166 56.280726
0.80491899 -0.0030831388 -0.59337667 -26.480642 -0.026269617 0.99882093 -0.040824685 -3.9618227 0.59280296 0.048448343 0.80388895 57.162352
0.80154179 -0.0051228567 -0.59791679 -27.135579 -0.025790037 0.99873654 -0.04313004 -4.0283327 0.59738234 0.049990827 0.80039696 58.02283
0.7968672 -0.0060637256 -0.60412405 -27.76343 -0.025408035 0.99872859 -0.043538813 -4.0845012 0.60362003 0.050044257 0.79569999 58.835818
0.79289086 -0.006863397 -0.609325 -28.452253 -0.024342808 0.99878163 -0.042926555 -4.1458328 0.60887728 0.048868755 0.79175775 59.706479
0.78829449 -0.0065221358 -0.61526354 -29.107789 -0.024591623 0.9988109 -0.04209549 -4.2075218 0.61480653 0.048313973 0.78719675 60.544637
0.78324054 -0.0088204926 -0.6216562 -29.798168 -0.022861448 0.99881452 -0.042975599 -4.2694835 0.62129836 0.047872192 0.78211037 61.391145
0.77727965 -0.010860104 -0.6290615 -30.504075 -0.021588232 0.99880186 -0.043918097 -4.3328934 0.6287848 0.047716969 0.77611391 62.224834
0.7719361 -0.011148394 -0.63560234 -31.181027 -0.022345887 0.99875243 -0.044656981 -4.394771 0.63530729 0.048675435 0.77072394 63.036213
0.76618277 -0.011363841 -0.64252221 -31.902244 -0.023434484 0.99868451 -0.045607743 -4.4611147 0.64219532 0.050001043 0.76490856 63.876389
0.76141318 -0.014061785 -0.64811435 -32.596096 -0.021295855 0.99868256 -0.046686519 -4.5257255 0.64791704 0.04934988 0.7601106 64.704025
0.75500417 -0.013939972 -0.65557177 -33.346124 -0.022258456 0.99865299 -0.046869651 -4.5931289 0.65534213 0.049978798 0.75367689 65.53049
0.74863659 -0.013819774 -0.66283651 -34.083986 -0.021802836 0.99872875 -0.045448016 -4.6566714 0.66262201 0.048475764 0.74738357 66.366113
0.74299515 -0.015300299 -0.66912186 -34.831799 -0.019662417 0.99880818 -0.044672196 -4.7246183 0.66900795 0.046347778 0.7418088 67.189793
0.7363749 -0.016709562 -0.67636732 -35.601167 -0.018860087 0.99879952 -0.045208565 -4.7935793 0.67631083 0.0460468 0.73517576 68.024865
0.73013671 -0.018437788 -0.68305227 -36.369086 -0.018603112 0.99872896 -0.04684439 -4.8611438 0.68304784 0.046909707 0.72886567 68.821438
0.72372504 -0.018368057 -0.68984392 -37.154622 -0.019162261 0.99872534 -0.046695854 -4.9222828 0.68982238 0.047013929 0.72245057 69.607403
0.71920758 -0.018155175 -0.69455799 -37.945577 -0.019012957 0.99876992 -0.045794742 -4.9903867 0.6945351 0.046141528 0.71797771 70.442303
0.71386822 -0.018755684 -0.70002881 -38.740268 -0.018664163 0.99877657 -0.0457931 -5.0576334 0.70003132 0.045755691 0.7126448 71.223895
0.70910714 -0.018885518 -0.70484776 -39.569582 -0.019648866 0.99872376 -0.046527162 -5.1267871 0.70482695 0.046842202 0.70783107 72.021209
0.70333645 -0.020257599 -0.71056838 -40.391463 -0.020780832 0.99858071 -0.049037875 -5.2022279 0.71055333 0.049256328 0.70191725 72.828796
0.69928095 -0.021472921 -0.71452433 -41.216884 -0.022424012 0.99839792 -0.05194953 -5.2719729 0.71449518 0.052349819 0.69767914 73.612017
0.69408968 -0.022392303 -0.71954017 -42.069977 -0.02241675 0.99835912 -0.052693088 -5.3475517 0.71953947 0.052703481 0.6924488 74.42093
0.68914201 -0.022298247 -0.72428312 -42.922227 -0.021574327 0.99845195 -0.051266557 -5.4189095 0.72430511 0.05095586 0.68759411 75.206747
0.68471404 -0.022830367 -0.72845412 -43.745851 -0.020040112 0.99854153 -0.050131934 -5.490699 0.72853628 0.048924342 0.68325788 75.978427
0.67873592 -0.023174369 -0.73401665 -44.629463 -0.020384398 0.99852235 -0.050374535 -5.5731754 0.73409949 0.049153495 0.67726059 76.776734
0.67544032 -0.024285659 -0.73701461 -45.482705 -0.019484659 0.99852082 -0.050759454 -5.6438974 0.73715722 0.048645461 0.67396802 77.552556
0.67035728 -0.025651169 -0.74159496 -46.377531 -0.017822736 0.99855742 -0.050649973 -5.7176833 0.74182445 0.04717083 0.66893306 78.334801
0.6667655 -0.026737547 -0.74478777 -47.271283 -0.016149361 0.99860323 -0.050306997 -5.7952218 0.74509262 0.045570817 0.66540239 79.121256
0.66382012 -0.030120913 -0.74728544 -48.152285 -0.012584847 0.99859732 -0.051429794 -5.8678127 0.74778641 0.043544606 0.66250993 79.887012
0.65892842 -0.03392661 -0.75144014 -49.061335 -0.010762494 0.99845487 -0.05451652 -5.953505 0.75212869 0.044009854 0.65754515 80.678618
0.65408453 -0.037714082 -0.75548066 -49.949639 -0.0075492119 0.99838108 -0.056375827 -6.0311071 0.75638382 0.04257784 0.6527409 81.452321
0.64785709 -0.041930724 -0.76060696 -50.869372 -0.0014557211 0.99841394 -0.05628047 -6.1121393 0.76176054 0.037568934 0.64676851 82.209003
0.64006349 -0.04572613 -0.7669601 -51.80892 0.0036444237 0.99839691 -0.056482944 -6.1969949 0.76831341 0.033357543 0.63920406 83.006875
0.63121458 -0.04642584 -0.7742175 -52.714853 0.0054270957 0.99844688 -0.055447045 -6.2837463 0.77558929 0.030797231 0.63048619 83.741137
0.62083416 -0.046340945 -0.78257103 -53.687471 0.0081207439 0.99857791 -0.052689669 -6.3567693 0.7838999 0.026356488 0.6203276 84.498073
0.61328651 -0.044778179 -0.78859021 -54.674043 0.0055323018 0.99861079 -0.052401216 -6.4468079 0.78984119 0.02777424 0.61268225 85.24925
0.60463039 -0.046368629 -0.79515533 -55.622094 0.0050722216 0.99850797 -0.05437004 -6.5228682 0.79649006 0.028840574 0.60396345 85.979283
0.59376115 -0.048630519 -0.80317041 -56.641569 0.0054472144 0.99839204 -0.056423865 -6.6112264 0.80462294 0.029127258 0.59307131 86.704195
0.58425423 -0.050042979 -0.81002632 -57.635454 0.0052900163 0.99831072 -0.057859512 -6.6889287 0.81155349 0.029519612 0.58353199 87.400133
0.57508723 -0.051438294 -0.81647334 -58.659851 0.0089220114 0.99835635 -0.056612763 -6.7771292 0.81804348 0.025272693 0.57460092 88.106321
0.56536147 -0.051770424 -0.82321696 -59.6633 0.01105299 0.99841428 -0.055197351 -6.8601409 0.82476924 0.022107447 0.56503719 88.804963
0.5550268 -0.051765007 -0.8302202 -60.683974 0.010216492 0.99841076 -0.055421819 -6.9510174 0.83176976 0.022278656 0.55467358 89.488716
0.5452524 -0.052057103 -0.83665394 -61.725659 0.0081347581 0.99835149 -0.056816549 -7.0361015 0.83823249 0.024173382 0.54477702 90.150654
0.53451879 -0.053878144 -0.84343746 -62.799553 0.0095470498 0.99828719 -0.057719494 -7.1193338 0.8451027 0.022799815 0.53411764 90.811631
0.52597855 -0.053710161 -0.84880017 -63.870722 0.0062490788 0.99822107 -0.059292793 -7.2129574 0.85047491 0.025882518 0.52537851 91.45985
0.51594383 -0.053749739 -0.85493442 -64.914175 0.0054251671 0.99821453 -0.059483731 -7.3036881 0.85660527 0.026052102 0.51531423 92.087826
0.50742155 -0.052183033 -0.86011641 -66.022338 0.0050826887 0.99832854 -0.057569818 -7.3929671 0.86168301 0.024840462 0.50683864 92.741391
0.50004606 -0.050480171 -0.86452625 -67.111654 0.0052426827 0.99845779 -0.055268115 -7.4822039 0.86598298 0.023104166 0.49953953 93.355477
0.49265799 -0.050593338 -0.86875103 -68.234645 0.0054238384 0.99846766 -0.055071836 -7.5741564 0.87020615 0.022419615 0.49217748 93.969354
0.48443767 -0.053718562 -0.87317489 -69.334877 0.0071614503 0.99832301 -0.057444619 -7.6629835 0.8747965 0.021575139 0.48400998 94.58127
0.47826131 -0.056814962 -0.87637784 -70.43794 0.0091548389 0.99817349 -0.059714864 -7.7506574 0.8781699 0.020536211 0.4779079 95.175621
0.47125734 -0.060181961 -0.8799401 -71.582729 0.011218795 0.99799766 -0.062248005 -7.8443309 0.88192444 0.019462961 0.47098889 95.763306
0.46696668 -0.063515702 -0.88199082 -72.714133 0.012716575 0.99779624 -0.065122572 -7.9460938 0.88418351 0.019194169 0.4667453 96.370655
0.46172448 -0.064158947 -0.88469998 -73.826236 0.014578049 0.99779487 -0.064752376 -8.0477549 0.88690363 0.017000557 0.46164164 96.942265
0.45713053 -0.062023337 -0.88723431 -74.939717 0.016345795 0.99798286 -0.061343508 -8.1459262 0.88924944 0.013539439 0.45722225 97.531121
0.45560299 -0.060980735 -0.88809189 -76.080404 0.021281014 0.99811187 -0.057617801 -8.247295 0.8899287 0.0073513467 0.45604049 98.0991
0.45144138 -0.060408515 -0.89025357 -77.192483 0.022316538 0.99815803 -0.056413854 -8.3435939 0.8920217 0.00560017 0.45195795 98.67755
0.44721221 -0.05905592 -0.89247609 -78.331811 0.022113889 0.9982429 -0.054973519 -8.4336818 0.89415451 0.0048487113 0.44773237 99.241907
0.44599311 -0.059424231 -0.8930615 -79.407611 0.02538902 0.99823198 -0.05374304 -8.5255915 0.89467626 0.001295069 0.44671331 99.780024
0.44272844 -0.058959443 -0.89471517 -80.523497 0.027598435 0.99825907 -0.052126295 -8.614363 0.89623095 -0.0016149461 0.44358487 100.31516
0.44133405 -0.059715856 -0.89535368 -81.633233 0.029976787 0.99820749 -0.051799685 -8.7060185 0.89684208 -0.0039788624 0.44233304 100.88231
0.43886091 -0.059656264 -0.89657245 -82.729009 0.031435842 0.99820219 -0.051031071 -8.7901694 0.89800499 -0.0057889681 0.43994727 101.3864
0.43621376 -0.059026264 -0.897905 -83.82384 0.034334682 0.99821141 -0.048939955 -8.8752983 0.89918783 -0.0094810015 0.4374602 101.94677
0.43514137 -0.059079074 -0.89842172 -84.90615 0.037925393 0.99816196 -0.04726909 -8.9573809 0.89956307 -0.013504261 0.43658216 102.45834
0.43241852 -0.060301097 -0.89965434 -86.00628 0.040469176 0.99805371 -0.047445015 -9.0428209 0.90076442 -0.015892167 0.43401725 102.96189
0.43135397 -0.060638763 -0.90014256 -87.051785 0.040279102 0.99803815 -0.047931574 -9.1196578 0.9012832 -0.01558146 0.4329502 103.45908
0.43177828 -0.061875537 -0.89985491 -88.090038 0.040625091 0.99796592 -0.049128638 -9.2025009 0.90106447 -0.01534401 0.43341371 103.96697
0.43268286 -0.06270788 -0.89936266 -89.154832 0.040003157 0.99793093 -0.050335037 -9.2886761 0.90065829 -0.014198238 0.43429612 104.44137
0.43446197 -0.061634222 -0.89857885 -90.170824 0.036315983 0.99804337 -0.05089783 -9.3680915 0.89995778 -0.010519604 0.4358502 104.94852
0.4398321 -0.062536568 -0.89590001 -91.189553 0.035580968 0.99800281 -0.052195579 -9.4547473 0.89737494 -0.0089196993 0.44117879 105.44738
0.44445326 -0.063190534 -0.89357047 -92.200588 0.034662391 0.99797501 -0.053332963 -9.535686 0.89513121 -0.0072692802 0.44574358 105.94423
0.45029058 -0.063089475 -0.89065035 -93.176163 0.033987625 0.99798876 -0.053509528 -9.6153072 0.892235 -0.0061762548 0.4515292 106.42298
0.45753726 -0.061592743 -0.88705463 -94.200481 0.032248302 0.99809118 -0.052669105 -9.6973627 0.88860552 -0.0045079286 0.45865017 106.92477
0.46457885 -0.060551695 -0.88345906 -95.187662 0.031450327 0.99815826 -0.051874524 -9.7742443 0.88497313 -0.0036852699 0.46562759 107.43535
0.47447077 -0.059314588 -0.87827057 -96.143294 0.029815689 0.99823764 -0.051309224 -9.8501764 0.87976621 -0.001841516 0.47540309 107.96057
0.48438128 -0.058983445 -0.87286635 -97.10209 0.028998737 0.99825887 -0.051364453 -9.9283124 0.8743763 -0.00043204267 0.48524835 108.48282
0.49396468 -0.061548063 -0.86730079 -98.072121 0.03164689 0.99810319 -0.052806215 -10.011303 0.86890588 -0.0013629682 0.49497553 109.02706
0.50288379 -0.062086607 -0.86212127 -99.022885 0.028027624 0.99806368 -0.055527861 -10.085795 0.86389953 0.0037608496 0.50365019 109.53998
0.51452415 -0.0613381 -0.85527918 -99.944088 0.024103128 0.99807866 -0.057079148 -10.164622 0.8571371 0.0087536966 0.51501401 110.09368
0.52764109 -0.059909097 -0.84735218 -100.84453 0.022113142 0.99814064 -0.056800352 -10.241173 0.84917958 0.01123258 0.52798479 110.68692
0.53808015 -0.058290468 -0.84087568 -101.79972 0.022391327 0.99824236 -0.054870996 -10.329088 0.84259625 0.01069667 0.5384396 111.25512
0.55167718 -0.056429955 -0.83214656 -102.69876 0.022079923 0.99834706 -0.053062396 -10.399567 0.83376545 0.01089958 0.55201126 111.84568
0.56314047 -0.055211615 -0.82451466 -103.57826 0.021867888 0.99841177 -0.051920525 -10.479171 0.82607182 0.011208154 0.56345344 112.41738
0.57472222 -0.055275538 -0.8164796 -104.44866 0.020975134 0.99838343 -0.052825944 -10.551026 0.81807975 0.013234475 0.57495255 113.03096
0.58566932 -0.055586785 -0.80864176 -105.30668 0.01998808 0.99833275 -0.054149693 -10.625746 0.81030363 0.015550617 0.58580394 113.64826
0.59701637 -0.058253332 -0.80011121 -106.10602 0.023600443 0.99820377 -0.055065902 -10.70455 0.80188186 0.013992266 0.5973188 114.27683
0.60645927 -0.056875529 -0.79307772 -106.95245 0.022332701 0.99826329 -0.054512791 -10.780292 0.79480089 0.01534822 0.60667621 114.88597
0.61773986 -0.055935523 -0.78439061 -107.75813 0.023144507 0.99832816 -0.052964331 -10.859626 0.78604188 0.014563845 0.6180017 115.5296
0.6266419 -0.053671917 -0.77745688 -108.55556 0.023688385 0.99847641 -0.049836859 -10.930638 0.77894726 0.012813166 0.62695856 116.1482
0.63632452 -0.051933266 -0.76967136 -109.33253 0.022572315 0.9985576 -0.04871565 -10.999841 0.77109121 0.013625698 0.63657893 116.79716
0.64619228 -0.05132622 -0.76144672 -110.10631 0.0205421 0.99854418 -0.049875259 -11.073825 0.76289816 0.016587292 0.64630589 117.43721
0.65669869 -0.050297519 -0.75247388 -110.87155 0.017952746 0.99853334 -0.051077128 -11.140375 0.75393937 0.02003331 0.65663851 118.10241
0.66564078 -0.049114307 -0.74465434 -111.58882 0.017079541 0.99857323 -0.050594472 -11.206076 0.74607686 0.020959389 0.66552991 118.71777
0.67478829 -0.047513472 -0.73648027 -112.31436 0.016872184 0.99865779 -0.04896879 -11.275917 0.7378185 0.020617535 0.67468425 119.39849
0.68312238 -0.047263238 -0.72877291 -113.0497 0.019067649 0.99871774 -0.046896772 -11.347061 0.73005499 0.018140248 0.68314763 120.06107
0.69175961 -0.046380311 -0.72063685 -113.73763 0.018979507 0.9987583 -0.046061292 -11.412809 0.72187843 0.018186009 0.69178093 120.72995
0.69862393 -0.045331571 -0.71405155 -114.42797 0.017712276 0.9987808 -0.046078023 -11.472745 0.71526983 0.019543731 0.69857509 121.37959
0.70659722 -0.043837215 -0.70625677 -115.0903 0.01672841 0.99883512 -0.045261022 -11.539191 0.70741824 0.020166759 0.70650745 122.04082
0.7136945 -0.040620686 -0.69927825 -115.76673 0.014980986 0.9989739 -0.042740009 -11.59549 0.70029692 0.020027432 0.71357072 122.70918
0.7203044 -0.038496917 -0.692589 -116.40766 0.014799752 0.99908441 -0.040141186 -11.656091 0.69350024 0.018663728 0.72021464 123.38432
0.72770716 -0.037394955 -0.68486777 -117.05484 0.014422014 0.99912613 -0.039229871 -11.712115 0.68573634 0.018670685 0.72761055 124.05024
0.73530186 -0.035908558 -0.67678779 -117.66373 0.01308748 0.99916153 -0.038793847 -11.770103 0.67761341 0.019667741 0.73515528 124.72224
0.74250478 -0.033302326 -0.66901238 -118.26559 0.011032555 0.99923588 -0.0374958 -11.817871 0.66974993 0.020459895 0.74230483 125.35651
0.75161449 -0.030545611 -0.65889498 -118.85612 0.010251791 0.99934747 -0.034634176 -11.873121 0.65952301 0.019276695 0.75143719 126.0434
0.76123392 -0.026802079 -0.64792324 -119.42182 0.0080867889 0.99946018 -0.031842773 -11.91591 0.64842699 0.01900018 0.76103973 126.69396
0.7710591 -0.024695713 -0.63628449 -119.97681 0.0067143957 0.99950742 -0.030656652 -11.965074 0.63672821 0.019365825 0.77084511 127.37347
0.78096005 -0.023871874 -0.62412459 -120.51878 0.0053387735 0.99948796 -0.03154864 -12.009432 0.62455819 0.021306168 0.78068761 128.0327
0.79079971 -0.024613226 -0.6115799 -121.03889 0.0057383842 0.99944536 -0.032803011 -12.061935 0.61204813 0.022431131 0.79050235 128.72101
0.80069268 -0.024128561 -0.59858918 -121.53649 0.0055595303 0.99944483 -0.032850059 -12.100094 0.59904954 0.022974927 0.8003823 129.3758
0.81050067 -0.022848929 -0.58529186 -122.05237 0.0055572138 0.99949386 -0.031323242 -12.141386 0.58571137 0.022134917 0.81021742 130.07635
0.82020185 -0.020795772 -0.5716961 -122.53115 0.0053073356 0.99957267 -0.028745691 -12.180234 0.57204963 0.020543086 0.81996172 130.76806
0.82964361 -0.019462914 -0.55795398 -123.00758 0.0057714395 0.99963774 -0.026288235 -12.223115 0.55826355 0.018589669 0.8294554 131.47449
0.83834741 -0.018127667 -0.54483483 -123.46313 0.0061758901 0.99969864 -0.023758876 -12.261094 0.54510138 0.016553352 0.83820672 132.16927
0.84628964 -0.017749347 -0.53242726 -123.91353 0.0072804458 0.99973681 -0.021755667 -12.291048 0.53267332 0.014535288 0.84619613 132.89087
0.85305557 -0.017698954 -0.52151981 -124.34238 0.0081668221 0.99975505 -0.02057039 -12.322778 0.52175619 0.013288526 0.85299116 133.6122
0.85972923 -0.017722412 -0.51044249 -124.77953 0.0087347384 0.99976183 -0.019999669 -12.359143 0.51067541 0.012735719 0.85967927 134.33591
0.86640254 -0.017005154 -0.49905654 -125.20532 0.0081461556 0.9997683 -0.019924324 -12.386343 0.49927977 0.013197093 0.86634033 135.06165
0.87273394 -0.015007764 -0.48796539 -125.62932 0.0066206271 0.9997993 -0.018908527 -12.420439 0.48815127 0.013271476 0.87265814 135.79085
0.87879914 -0.014088506 -0.47698382 -126.03008 0.0059930788 0.9998111 -0.018489375 -12.443931 0.47715425 0.013389845 0.87871756 136.54998
0.88439916 -0.014761623 -0.4664978 -126.42992 0.0069563625 0.9998056 -0.018449288 -12.478104 0.46667949 0.013071407 0.88432992 137.30241
0.88909658 -0.015706783 -0.45745005 -126.81452 0.0077649038 0.99978481 -0.019236316 -12.508026 0.45765379 0.013550887 0.88902722 138.06815
0.89366328 -0.016309052 -0.44844169 -127.21341 0.0083735033 0.9997714 -0.019673085 -12.542769 0.44866006 0.013826086 0.89359555 138.83268
0.89683144 -0.015779055 -0.44209091 -127.59474 0.0079712674 0.99977782 -0.019513332 -12.570487 0.44230063 0.013976144 0.89675796 139.62163
0.89968559 -0.013924866 -0.4363163 -127.98503 0.0078419364 0.99984537 -0.015739582 -12.600232 0.43646804 0.01073911 0.89965568 140.39624
0.90287082 -0.010249209 -0.42978974 -128.36938 0.0056394054 0.99991212 -0.011998085 -12.62227 0.42987497 0.0084089625 0.90284927 141.22135
0.90612365 -0.007235958 -0.422951 -128.766 0.0037103502 0.99995118 -0.0091584343 -12.646751 0.42299666 0.0067293775 0.90610626 142.03334
0.90915191 -0.0049617014 -0.41643508 -129.14975 0.0021666713 0.99997185 -0.0071841416 -12.665213 0.41645903 0.0056291979 0.90913706 142.86929
0.91204849 -0.0031018345 -0.41007061 -129.53879 0.0010908782 0.99998621 -0.0051377934 -12.678696 0.41008093 0.0042385794 0.9120393 143.71009
0.91527119 -0.0022011291 -0.4028322 -129.92778 0.00128799 0.99999595 -0.0025376823 -12.696067 0.40283619 0.0018038233 0.91527032 144.56594
0.91882255 -0.0018510557 -0.39466654 -130.29819 0.0019037639 0.99999815 -0.00025801852 -12.713573 0.39466632 -0.00051427901 0.91882438 145.44862
0.92194786 -0.00182286 -0.3873097 -130.68244 0.0024375624 0.99999643 0.0010958972 -12.730185 0.38730636 -0.001954452 0.92194901 146.32708
0.9253622 -0.0027137188 -0.37907442 -131.05684 0.0031496662 0.9999949 0.00052991406 -12.732282 0.37907108 -0.0016843207 0.92536603 147.22161
0.92931771 -0.005303277 -0.36924308 -131.42544 0.0058812726 0.99998261 0.00043977976 -12.756568 0.36923436 -0.0025803147 0.92933274 148.1596
0.93277778 -0.0069888836 -0.36038417 -131.79168 0.0070528229 0.99997448 -0.0011376452 -12.767986 0.36038296 -0.0014805559 0.93280327 149.0771
0.93745838 -0.0078197097 -0.34800953 -132.1436 0.007362051 0.99996942 -0.0026374413 -12.78511 0.34801954 -8.957273e-05 0.93748728 150.01257
0.94229688 -0.0062413313 -0.33472022 -132.48909 0.005265521 0.99997883 -0.0038226418 -12.799449 0.33473703 0.0018395869 0.94230979 150.99718
0.94772222 -0.0025294914 -0.31908648 -132.84413 0.0018505765 0.99999533 -0.0024308372 -12.819185 0.31909117 0.0017132643 0.94772248 151.96878
0.95406073 0.00088616051 -0.29961197 -133.15663 -0.00086109864 0.99999961 0.00021567815 -12.822144 0.29961207 5.2225173e-05 0.95406112 152.99087
0.9598696 0.0038262234 -0.28042059 -133.47 -0.0034766407 0.99999244 0.0017440693 -12.844582 0.28042517 -0.00069915774 0.95987564 153.99453
0.96600336 0.0057278517 -0.25846604 -133.75395 -0.0051552594 0.99998253 0.0028930455 -12.861092 0.25847812 -0.0014622324 0.96601601 155.03488
0.97136801 0.006939145 -0.23747848 -134.03233 -0.0062036727 0.99997337 0.0038441854 -12.864112 0.23749885 -0.0022608802 0.97138519 156.09649
0.97636445 0.0076172941 -0.21599637 -134.27604 -0.0062715294 0.99995642 0.0069152277 -12.878148 0.21603965 -0.0053971552 0.97636968 157.17471
0.98112552 0.0095391499 -0.1931365 -134.49147 -0.0077132919 0.99991819 0.010203469 -12.880574 0.19321805 -0.0085211665 0.98111884 158.25737
0.98521033 0.011699778 -0.17094946 -134.6912 -0.0093736162 0.99985226 0.014408157 -12.894095 0.17109279 -0.012592651 0.98517444 159.36508
0.9889317 0.013250889 -0.14777858 -134.87574 -0.01076639 0.99978715 0.01759961 -12.887143 0.14798034 -0.015813771 0.98886387 160.52008
0.9917932 0.014595063 -0.12701664 -135.02401 -0.012446369 0.99976598 0.017693931 -12.884564 0.12724517 -0.015967825 0.99174276 161.61252
0.99437546 0.014822434 -0.10487007 -135.15055 -0.013215317 0.9997846 0.016003188 -12.87906 0.10508469 -0.014527287 0.99435716 162.77046
0.99642725 0.014424958 -0.083214569 -135.26493 -0.013244039 0.99980385 0.014725894 -12.873744 0.083410675 -0.013571185 0.99642284 163.92885
0.99791859 0.013136813 -0.063134142 -135.34868 -0.012112794 0.99978925 0.016575225 -12.875221 0.063338587 -0.015775995 0.9978674 165.09619
0.9989909 0.013628761 -0.042795254 -135.40446 -0.012832079 0.99974024 0.018836006 -12.87132 0.043040853 -0.018267847 0.99890629 166.30605
0.99965364 0.014311367 -0.022085973 -135.44171 -0.013875363 0.99970827 0.019769838 -12.872756 0.022362465 -0.01945654 0.99956059 167.52189
0.9998798 0.015403233 -0.0017673788 -135.46252 -0.015364529 0.99967897 0.020146705 -12.860989 0.002077136 -0.020117129 0.99979547 168.73399
0.99968518 0.015858227 0.019443748 -135.45624 -0.016259661 0.99965424 0.020664583 -12.853595 -0.019109323 -0.020974226 0.99959738 169.98197
0.99906129 0.017758997 0.039511408 -135.41822 -0.018564001 0.99962559 0.02010118 -12.845374 -0.039139641 -0.020815801 0.99901691 171.18994
0.99806019 0.018893222 0.059320341 -135.36696 -0.020061543 0.99961511 0.019161649 -12.829869 -0.058935489 -0.020314537 0.99805507 172.43529
0.99665776 0.018890496 0.079476177 -135.27973 -0.02029494 0.99965118 0.016900673 -12.833641 -0.079129199 -0.018457151 0.99669349 173.71892
0.9949603 0.020718858 0.098105663 -135.16822 -0.022243151 0.99964788 0.014468968 -12.828086 -0.097771347 -0.016578228 0.99507081 174.97008
0.99287928 0.021416804 0.11718383 -135.03092 -0.02305131 0.99965475 0.012610591 -12.824644 -0.1168733 -0.015222035 0.99303017 176.26351
0.99038349 0.02135809 0.13669078 -134.86474 -0.022943603 0.9996864 0.010034121 -12.835149 -0.13643362 -0.013073807 0.99056294 177.55726
0.98782662 0.022326249 0.15394842 -134.67858 -0.023298905 0.99971834 0.0045165526 -12.841855 -0.15380423 -0.0080484004 0.98806856 178.84445
0.98462716 0.024238114 0.17297936 -134.45445 -0.024293936 0.99970325 -0.0017947446 -12.861985 -0.17297154 -0.0024351951 0.98492381 180.15418
0.98152603 0.026860228 0.18943384 -134.22188 -0.025947312 0.99963667 -0.0072981082 -12.877287 -0.18956106 0.0022479843 0.98186636 181.45531
0.97785917 0.028675675 0.20729003 -133.95564 -0.026959734 0.9995749 -0.011098768 -12.913263 -0.20752019 0.0052645479 0.97821657 182.77693
0.97367468 0.030781612 0.22585418 -133.66918 -0.028340721 0.99949968 -0.01404256 -12.939403 -0.22617345 0.0072720155 0.9740599 184.0977
0.96958208 0.030439308 0.24286628 -133.35812 -0.027949345 0.99951556 -0.013692224 -12.979307 -0.24316543 0.0064877822 0.96996314 185.42227
0.96537815 0.029274171 0.25920658 -133.008 -0.026515446 0.99954848 -0.0141336 -13.015368 -0.25950331 0.0067712906 0.96571848 186.75595
0.96054466 0.02891138 0.27661902 -132.64297 -0.024626506 0.99951706 -0.018952275 -13.071205 -0.27703339 0.011392347 0.96079276 188.10668
0.95589855 0.030279538 0.292132 -132.25183 -0.024579324 0.99942948 -0.023163925 -13.122081 -0.29266675 0.014961955 0.95609744 189.4302
0.95071787 0.032463791 0.30835307 -131.84733 -0.026422874 0.99936875 -0.023747458 -13.159334 -0.30892938 0.014429559 0.95097552 190.77276
0.9447758 0.034275833 0.32592 -131.39976 -0.02810617 0.99932581 -0.023621433 -13.21925 -0.32650994 0.013156596 0.9451022 192.10586
0.93865566 0.038210995 0.34273235 -130.93602 -0.030782874 0.99915894 -0.027089185 -13.2582 -0.34347923 0.01487713 0.93904244 193.4513
0.93199085 0.039284638 0.36034674 -130.4451 -0.030303049 0.99907399 -0.030543075 -13.330102 -0.36121296 0.017546262 0.93231826 194.80206
0.9252797 0.040092531 0.37716052 -129.91448 -0.029697794 0.99900281 -0.033338024 -13.391137 -0.37812106 0.019646162 0.92554768 196.1296
0.91793663 0.040486923 0.39465572 -129.35981 -0.027885426 0.99890311 -0.037616232 -13.46997 -0.39574582 0.023524175 0.91805875 197.45051
0.90929059 0.043754541 0.41385523 -128.76948 -0.028079289 0.99864182 -0.043887042 -13.551848 -0.41521343 0.028285314 0.9092842 198.80058
0.8994166 0.047486083 0.43450527 -128.16439 -0.029574352 0.9984144 -0.047896146 -13.637611 -0.43609076 0.030228378 0.89939486 200.12468
0.88763119 0.050293916 0.45780059 -127.52606 -0.031325503 0.99831051 -0.048937143 -13.723402 -0.45948842 0.029097302 0.88770702 201.44449
0.87432559 0.054642542 0.48225401 -126.83031 -0.034066264 0.99810059 -0.051329275 -13.821357 -0.48414282 0.028449907 0.87452636 202.77169
0.8600301 0.058832455 0.50684016 -126.10134 -0.03592936 0.99784739 -0.054860456 -13.915215 -0.50897674 0.028971202 0.8602926 204.07381
0.84466544 0.06260425 0.53162109 -125.35482 -0.03759352 0.99762297 -0.057750705 -14.026815 -0.53397289 0.028794517 0.84501115 205.32032
0.83029612 0.064185223 0.55361411 -124.54776 -0.037216216 0.99751431 -0.059834459 -14.132438 -0.55607853 0.029076898 0.83062099 206.55902
0.81403344 0.065169233 0.57715033 -123.70271 -0.03593637 0.99743273 -0.061939703 -14.241538 -0.57970524 0.029680303 0.81428554 207.80935
0.7984074 0.067386206 0.59833494 -122.83656 -0.034297301 0.99719405 -0.066541169 -14.365323 -0.60114005 0.032605689 0.79847827 209.02305
0.78194014 0.070137758 0.61939509 -121.93221 -0.032734731 0.99689902 -0.071559597 -14.493193 -0.62249344 0.035679591 0.7818113 210.22538
0.76518778 0.071791703 0.63979183 -120.99231 -0.030678369 0.99670024 -0.075149592 -14.624345 -0.64307584 0.037875781 0.7648653 211.3864
0.74971693 0.073521515 0.65766182 -120.02256 -0.029323354 0.99652391 -0.07797584 -14.760127 -0.66110869 0.039174958 0.74926675 212.53039
0.73365634 0.074046577 0.67547423 -119.01791 -0.02706831 0.99644078 -0.079831604 -14.904789 -0.67898138 0.040285017 0.73304941 213.66528
0.71721865 0.074623321 0.69284106 -117.97121 -0.025176738 0.99637545 -0.081253295 -15.049282 -0.69639327 0.040832902 0.71649782 214.77849
0.70267315 0.075373073 0.70750922 -116.90995 -0.022518921 0.99623094 -0.083766463 -15.198431 -0.71115637 0.042928102 0.70172205 215.85439
0.68718271 0.076961192 0.7223966 -115.82707 -0.019765104 0.99598539 -0.087306592 -15.351559 -0.72621574 0.045717338 0.68594509 216.93326
0.67272413 0.079013923 0.73566229 -114.70163 -0.017457795 0.99569977 -0.090979062 -15.518028 -0.73968745 0.04836077 0.67121067 217.97708
0.65805302 0.081359536 0.74856316 -113.56798 -0.016199868 0.99544497 -0.093951416 -15.672618 -0.75279734 0.04969839 0.65637359 219.00101
0.64139792 0.082353434 0.76277557 -112.41231 -0.014893332 0.99537136 -0.094942338 -15.848432 -0.76706385 0.04953555 0.63965564 220.00918
0.62599788 0.083519502 0.77533934 -111.24344 -0.01542126 0.99537962 -0.09477132 -16.012574 -0.77967229 0.047369938 0.62439351 220.98214
0.60884157 0.084702572 0.78875685 -110.06129 -0.017581156 0.99547989 -0.093331129 -16.184725 -0.79309703 0.042956615 0.60757871 221.92807
0.59017588 0.08514401 0.80277199 -108.87058 -0.019645904 0.99564271 -0.091157232 -16.345739 -0.80703564 0.038027619 0.58927704 222.84147
0.57244464 0.087095699 0.81530449 -107.66926 -0.021978172 0.99561508 -0.090926156 -16.51637 -0.8196488 0.034131289 0.57184872 223.73594
0.55358063 0.090496313 0.82786402 -106.43993 -0.023976013 0.99539815 -0.092777561 -16.693127 -0.83245041 0.031510983 0.55320288 224.59738
0.53653854 0.093602163 0.83866857 -105.21124 -0.025723118 0.99518166 -0.094613908 -16.857034 -0.84348371 0.029190839 0.53636105 225.39942
0.51699511 0.093912506 0.85082104 -103.97766 -0.025772489 0.99522053 -0.094190668 -17.033786 -0.85560031 0.02676834 0.5169445 226.1925
0.49508907 0.092924251 0.86385869 -102.73685 -0.026235079 0.9954097 -0.092039359 -17.20433 -0.86844608 0.022904281 0.49525434 226.94155
0.47447219 0.090912787 0.87556321 -101.4813 -0.025299816 0.99564999 -0.089671715 -17.366794 -0.87990689 0.020395148 0.47470831 227.6502
0.45349439 0.089331544 0.88677091 -100.22668 -0.025168285 0.99585101 -0.087449002 -17.525088 -0.89090373 0.01733913 0.45386117 228.30945
0.43065864 0.088344623 0.89818055 -98.950255 -0.024228956 0.99597055 -0.086345928 -17.681379 -0.90218965 0.015423643 0.43106382 228.95733
