1 0 0 0 0 1 0 0 0 0 1 0
0.99993611 -0.0015708994 0.01119432 0.0063536028 0.0015616464 0.99999843 0.00083528245 -0.0060257528 -0.011195615 -0.00081774752 0.99993699 0.29857764
0.99984106 -0.0032474235 0.017530492 0.015723232 0.0032227343 0.99999378 0.0014364355 -0.010627021 -0.017535049 -0.0013797111 0.9998453 0.59440396
0.99979236 -0.0068609175 0.019187429 0.03011416 0.0068711001 0.99997629 -0.00046479414 -0.014721362 -0.019183787 0.00059653641 0.9998158 0.88299166
0.9998073 -0.0074436912 0.01816474 0.0185376 0.007468985 0.99997123 -0.0013249957 -0.019105556 -0.018154357 0.0014604126 0.99983413 1.2066988
0.99988347 -0.010981815 0.010603716 0.032606918 0.011018478 0.9999335 -0.0034052177 -0.020115424 -0.010565617 0.0035216578 0.99993798 1.5189982
0.99993415 -0.011465771 -0.00048264723 0.0097724007 0.011463525 0.9999245 -0.004425123 -0.031959023 0.00053334828 0.0044192988 0.99999009 1.8470964
0.99980692 -0.010720125 -0.016468155 -0.0095702913 0.010636766 0.99993021 -0.005141153 -0.038840405 0.016522121 0.0049649925 0.99985117 2.1751682
0.9993411 -0.0072412203 -0.035565909 -0.043537428 0.007048446 0.9999598 -0.0055426076 -0.046675697 0.035604618 0.0052882713 0.99935196 2.5084343
0.99849473 -0.0033663823 -0.054744316 -0.088524145 0.003016392 0.99997449 -0.0064745559 -0.049079479 0.05476472 0.0062996797 0.99847941 2.859056
0.99720457 -0.0029680801 -0.074660737 -0.13221394 0.0024764236 0.99997464 -0.0066769228 -0.054450453 0.074678667 0.0064733664 0.99718664 3.2242146
0.99533989 -0.0040904935 -0.096341896 -0.18273315 0.003519701 0.99997524 -0.0060938552 -0.062244538 0.096364446 0.0057263626 0.99532965 3.5972743
0.9932982 -0.0047859554 -0.11548068 -0.24227271 0.0041801111 0.9999762 -0.0054878872 -0.067015896 0.11550421 0.0049683864 0.99329457 3.9854242
0.99114033 -0.0042248214 -0.13275162 -0.31241859 0.0036351822 0.99998242 -0.004683722 -0.076971479 0.13276908 0.0041596494 0.99113827 4.3760493
0.98881175 -0.0032454937 -0.14913345 -0.38587028 0.0026546806 0.99998782 -0.0041605347 -0.085100316 0.14914515 0.0037180838 0.98880832 4.7933159
0.9867614 -0.0026056221 -0.1621578 -0.47155259 0.0019681552 0.99998969 -0.0040916677 -0.091160107 0.16216681 0.0037183479 0.98675635 5.2011152
0.98464145 -0.0041143405 -0.17454023 -0.56813272 0.0033019409 0.99998232 -0.0049446488 -0.10112015 0.1745575 0.0042923846 0.98463763 5.6480298
0.98283637 -0.0067203381 -0.184357 -0.65363367 0.0055395594 0.99996072 -0.0069191514 -0.11184243 0.18439627 0.0057791371 0.98283499 6.1055616
0.98130017 -0.0055679134 -0.19240312 -0.74801416 0.0039794978 0.99995475 -0.0086411263 -0.11819582 0.19244255 0.0077138709 0.98127792 6.5397911
0.97994634 -0.0060349955 -0.19917014 -0.86354163 0.0039589649 0.99993362 -0.010820005 -0.12461084 0.19922224 0.0098145168 0.97990519 7.0371249
0.97826303 -0.0066759171 -0.20726039 -0.9685092 0.0039998996 0.99990318 -0.013327762 -0.13684302 0.20732931 0.012209036 0.97819502 7.5067847
0.97646922 -0.010386746 -0.21540653 -1.0832471 0.007386706 0.99986426 -0.014727712 -0.14544037 0.21553028 0.012790013 0.97641339 8.0079974
0.9745156 -0.016032241 -0.22374606 -1.2074123 0.012708599 0.99978659 -0.016286732 -0.16236062 0.22395944 0.013028175 0.97451138 8.5179262
0.97273396 -0.017105622 -0.23129208 -1.3197704 0.013148258 0.99973979 -0.018640563 -0.18664178 0.23155078 0.015091221 0.97270576 9.0277226
0.97059289 -0.01322056 -0.2403636 -1.491096 0.0079975311 0.99971051 -0.022692229 -0.19123282 0.24059405 0.020102601 0.97041764 9.5664005
0.96854004 -0.010408191 -0.24864001 -1.6393767 0.0040697806 0.99965385 -0.025992771 -0.20931822 0.2488245 0.024163129 0.96824714 10.101502
0.96623748 -0.012806104 -0.25733465 -1.7968299 0.0058845032 0.99960036 -0.027649438 -0.23178059 0.25758591 0.025201637 0.9659267 10.664613
0.96373959 -0.014580488 -0.26644587 -1.9581963 0.0070158821 0.99954543 -0.029320693 -0.25779533 0.26675228 0.02638816 0.9634038 11.215255
0.96156776 -0.014544842 -0.27418221 -2.1402847 0.0059189228 0.99946193 -0.032261651 -0.28190149 0.27450395 0.0293989 0.96113646 11.79635
0.95922244 -0.013960209 -0.28230731 -2.3261983 0.0040549092 0.99935644 -0.035640823 -0.30767255 0.2826232 0.033042747 0.95866173 12.389772
0.95689143 -0.014942095 -0.29006123 -2.5117765 0.0032120761 0.99915915 -0.040873862 -0.33770788 0.2904281 0.03818015 0.95613482 12.956376
0.95534407 -0.015787492 -0.29507365 -2.7165857 0.0016161895 0.99883598 -0.048208637 -0.37949039 0.29549129 0.045578941 0.95425755 13.610213
0.95396406 -0.015971499 -0.29949538 -2.9239924 -0.0010340302 0.99840001 -0.056536337 -0.4150201 0.29991919 0.054243322 0.95242121 14.228073
0.95243362 -0.016624472 -0.30429232 -3.1328905 -0.0032791551 0.99789406 -0.064781913 -0.45895944 0.30472848 0.062698295 0.95037334 14.813173
0.95124065 -0.016122509 -0.30802804 -3.3512507 -0.0069360902 0.99726243 -0.073617526 -0.50567764 0.30837172 0.072164495 0.94852474 15.478452
0.95004626 -0.014893133 -0.31175357 -3.5777235 -0.010870613 0.99667586 -0.080740727 -0.56557444 0.31191977 0.080096379 0.94672627 16.115905
0.94838869 -0.013985177 -0.31680167 -3.8202825 -0.014509377 0.99606701 -0.087407053 -0.62808431 0.31677812 0.087492457 0.94445577 16.784217
0.94677479 -0.012418032 -0.32165708 -4.0591405 -0.018618391 0.99547018 -0.093233459 -0.69878516 0.32135783 0.094259827 0.94225487 17.468531
0.94513119 -0.010468619 -0.32652325 -4.308803 -0.022985682 0.99487854 -0.098429397 -0.77239187 0.32588143 0.10053405 0.94005011 18.114223
0.94320424 -0.0074380713 -0.33213014 -4.5799936 -0.028080963 0.9943864 -0.10201543 -0.84674686 0.33102452 0.10554792 0.9377006 18.805661
0.94169246 -0.0058215124 -0.33642444 -4.84262 -0.030798399 0.99416172 -0.10341146 -0.92824501 0.33506234 0.10774313 0.93601531 19.506104
0.93950904 -0.0060418677 -0.34247081 -5.1189693 -0.030860359 0.99428495 -0.10220119 -1.0148912 0.34113108 0.10658771 0.93395324 20.238583
0.93708662 -0.006870052 -0.34902931 -5.4000471 -0.030239576 0.99445086 -0.10076239 -1.1017138 0.34778477 0.10497759 0.93167884 20.958009
0.93443352 -0.0062569663 -0.35608263 -5.6829433 -0.031013988 0.99461752 -0.09886412 -1.1835423 0.35478464 0.10342549 0.9292099 21.667084
0.93186238 -0.005468914 -0.36277069 -5.9593675 -0.031447307 0.9949058 -0.095778447 -1.2666851 0.3614465 0.1006605 0.92694331 22.348444
0.92776262 -0.0028910805 -0.37315968 -6.309365 -0.033265815 0.99534815 -0.090418153 -1.3541125 0.37168524 0.096300045 0.92335064 23.184081
0.92420252 -0.001545862 -0.38189959 -6.6161014 -0.033374297 0.99583913 -0.084797255 -1.4275056 0.38044167 0.091115469 0.92030545 23.8839
0.92083831 0.0015455574 -0.38994155 -6.965481 -0.035909217 0.99607915 -0.08085079 -1.5038864 0.38828772 0.088453001 0.91728334 24.677929
0.91742787 0.0043278188 -0.39787858 -7.2765293 -0.039052347 0.99609254 -0.079212107 -1.5814212 0.3959811 0.088209489 0.91401207 25.382109
0.91358447 0.0032427841 -0.40663607 -7.6488178 -0.038354872 0.99619748 -0.078227096 -1.6614077 0.40483619 0.087063535 0.91023492 26.159699
0.90997508 0.0036823269 -0.41464658 -7.999958 -0.039186753 0.99624902 -0.077151129 -1.7254922 0.41280718 0.086454259 0.90670607 26.893001
0.90542919 0.0049100012 -0.42446892 -8.3838544 -0.040820489 0.9963062 -0.075548982 -1.7997511 0.4225301 0.085731283 0.90228514 27.693831
0.90251043 0.005220927 -0.43063632 -8.7979787 -0.040593954 0.99650591 -0.072993794 -1.8780035 0.42875059 0.083358893 0.89956892 28.491104
0.89891282 0.0039477368 -0.43810973 -9.1778881 -0.037946145 0.99690337 -0.068874894 -1.9502211 0.43648121 0.078537102 0.89627903 29.282646
0.89464726 0.006690375 -0.44672308 -9.5936153 -0.039133716 0.99721823 -0.063437746 -2.0111584 0.44505601 0.07423634 0.89242038 30.084634
0.89146382 0.0071212628 -0.4530359 -10.005077 -0.038040566 0.99752258 -0.059174482 -2.0791514 0.45149219 0.069985652 0.88952618 30.863371
0.88739798 0.0047768703 -0.46097938 -10.419264 -0.035100595 0.99774376 -0.057230547 -2.1491937 0.45966595 0.066966923 0.88556347 31.696034
0.88459425 0.0054565503 -0.46632953 -10.893321 -0.035631072 0.99779959 -0.055914313 -2.2076338 0.46499835 0.066077301 0.8828422 32.502557
0.88199159 0.0058300517 -0.47122907 -11.31583 -0.03558876 0.99789216 -0.054264951 -2.2614961 0.46991946 0.064631689 0.88033997 33.303849
0.87850181 0.0033905015 -0.47772697 -11.813924 -0.032544751 0.99807657 -0.052763695 -2.3240585 0.47662923 0.061900507 0.87692241 34.158472
0.87588221 0.0021356792 -0.48252023 -12.274814 -0.031377951 0.99812572 -0.052540202 -2.382661 0.48150369 0.061159525 0.87430757 34.979481
0.8739425 0.002125608 -0.48602466 -12.752997 -0.032078216 0.9980623 -0.053316275 -2.4453064 0.48496961 0.062186164 0.87231725 35.821356
0.87242678 0.0016745292 -0.48874195 -13.248007 -0.032047699 0.99803802 -0.053787126 -2.5051434 0.48769302 0.062588385 0.87076876 36.706206
0.87221582 0.0039366499 -0.48910536 -13.739459 -0.034094762 0.99802459 -0.052768007 -2.56919 0.48793149 0.062701022 0.87062705 37.558467
0.87222648 0.0034743492 -0.48908985 -14.275449 -0.032622162 0.99816129 -0.051086627 -2.6315908 0.4880131 0.060514277 0.87073604 38.486415
0.87177468 3.8724873e-06 -0.48990703 -14.78873 -0.028305338 0.99832991 -0.050360594 -2.6848143 0.48908869 0.057770075 0.87031885 39.348493
0.87116015 -0.00016630389 -0.49099893 -15.261705 -0.028659878 0.99827771 -0.051188216 -2.751637 0.49016184 0.058665104 0.86965499 40.228979
0.86975896 -0.0011112545 -0.49347552 -15.815376 -0.028111888 0.99826196 -0.051795654 -2.8244973 0.49267544 0.058922264 0.86821604 41.177745
0.86907131 -0.0036563728 -0.4946733 -16.350508 -0.024264385 0.99845397 -0.050009166 -2.879312 0.49409141 0.055464475 0.86763898 42.078933
0.86647191 -0.0025608832 -0.49921924 -16.889585 -0.023654888 0.99865304 -0.046179567 -2.945783 0.49866511 0.051822274 0.86524423 43.00983
0.86392486 -0.0012147595 -0.50361924 -17.417472 -0.022896674 0.99886833 -0.041687028 -3.013102 0.50309999 0.047545666 0.86291937 43.93133
0.86048736 -0.0056647649 -0.50944027 -17.981873 -0.01696163 0.99906533 -0.039758807 -3.0721306 0.50918938 0.042852888 0.85958701 44.829717
0.85595707 -0.0050176959 -0.51702253 -18.557609 -0.019420847 0.99893527 -0.041846848 -3.1412401 0.51668206 0.045860122 0.85494826 45.758997
0.8499855 -0.009019071 -0.52672885 -19.10784 -0.017501293 0.99881809 -0.045344497 -3.2017762 0.52651532 0.047760601 0.84882305 46.63722
0.84396718 -0.010624389 -0.53628956 -19.696455 -0.016192257 0.99884355 -0.045270012 -3.2578032 0.53615038 0.046890144 0.84281914 47.535774
0.83794332 -0.0069220278 -0.54571335 -20.295589 -0.017899014 0.99903309 -0.040156051 -3.3143258 0.5454637 0.043416226 0.83700921 48.43457
0.83346891 -0.0042856249 -0.55254971 -20.865629 -0.017803618 0.99924247 -0.034605284 -3.3770956 0.55227949 0.038679813 0.83276123 49.300766
0.82912234 -0.0028988734 -0.55905967 -21.50942 -0.020832074 0.99913189 -0.036076102 -3.4323423 0.55867897 0.041557875 0.82834218 50.204267
0.82608861 -0.0039020785 -0.56352671 -22.120093 -0.023319771 0.99888279 -0.041101715 -3.4915086 0.56305757 0.047094973 0.8250747 51.077956
0.82354719 -0.0051122013 -0.5672247 -22.713801 -0.026734985 0.99849834 -0.047815344 -3.5574167 0.56661741 0.054542937 0.82217383 51.912782
0.8205365 -0.0052774559 -0.57156974 -23.349902 -0.028049291 0.9983809 -0.049485433 -3.6184481 0.57090552 0.05663673 0.81905995 52.762825
0.81704302 -0.0042901967 -0.57656073 -23.977178 -0.027046387 0.99858636 -0.045757872 -3.6827043 0.57594204 0.052980035 0.81577198 53.639997
0.81397298 -0.005645313 -0.58087528 -24.591129 -0.0215806 0.99896864 -0.03994922 -3.7393219 0.58050176 0.045053223 0.81301165 54.533774
0.81091102 -0.0033700387 -0.58515975 -25.228326 -0.022504619 0.99906403 -0.036940556 -3.80156 0.5847366 0.043124302 0.81007619 55.407247
0.80778532 -0.0019395 -0.58947357 -25.887925 -0.025067099 0.998977 -0.037637564 -3.8540814 0.58894359 0.045179464 0.80691034 56.224902
0.80566074 -0.0043264847 -0.59236139 -26.531886 -0.023549786 0.99894889 -0.03932578 -3.9118608 0.59190895 0.045633222 0.80471202 57.128104
0.80085793 -0.0040248507 -0.59884083 -27.188882 -0.026243948 0.99878084 -0.041810135 -3.9761634 0.59827908 0.049199926 0.79977593 57.955288
0.79595645 -0.0066748193 -0.60531706 -27.835357 -0.023746713 0.99882527 -0.04223956 -4.02556 0.60488797 0.047995141 0.79486291 58.760216
0.79153532 -0.0066256166 -0.61108747 -28.491451 -0.02326907 0.99888937 -0.04097048 -4.0923424 0.61068029 0.04664902 0.79050205 59.650858
0.7891753 -0.0057535955 -0.61414104 -29.163431 -0.024113396 0.99889484 -0.040344041 -4.1595484 0.61369449 0.046647547 0.78816439 60.536911
0.78250444 -0.0088886476 -0.62258153 -29.854165 -0.021390785 0.99892409 -0.041147169 -4.2130246 0.62227748 0.045515351 0.78147241 61.357501
0.77733245 -0.0095626741 -0.62901731 -30.531212 -0.021871999 0.99886913 -0.042214535 -4.2728277 0.62870971 0.046572595 0.77624424 62.201526
0.77271011 -0.011261893 -0.63465913 -31.240571 -0.020708904 0.99886308 -0.042938116 -4.3326206 0.6344212 0.046321812 0.77159839 62.998224
0.76571585 -0.01164744 -0.64307351 -31.946408 -0.021856384 0.99878735 -0.044114853 -4.3984033 0.64280757 0.047834704 0.76453273 63.852753
0.76227975 -0.011279611 -0.64714938 -32.698551 -0.022937626 0.99874931 -0.044426204 -4.4639358 0.64684116 0.048709267 0.76106764 64.701447
0.75442699 -0.016308431 -0.65618131 -33.394946 -0.017711365 0.99882151 -0.045187422 -4.5227776 0.65614499 0.045712478 0.75324906 65.517466
0.74936031 -0.013448192 -0.66202586 -34.13285 -0.020587642 0.9988372 -0.043593637 -4.5901212 0.66184236 0.046296893 0.74821208 66.33662
0.74121523 -0.015862799 -0.67107996 -34.887859 -0.017176027 0.99894524 -0.042583896 -4.6556336 0.67104769 0.04309032 0.74016097 67.15674
0.73735819 -0.017559537 -0.67527367 -35.612636 -0.015869874 0.99893585 -0.043304859 -4.7136608 0.67531554 0.042647701 0.73629486 67.945086
0.72962614 -0.020048031 -0.68355228 -36.414468 -0.01486684 0.99886891 -0.045164927 -4.7798915 0.68368465 0.043115774 0.72850282 68.756641
0.72187816 -0.018170735 -0.69178155 -37.218114 -0.018335991 0.99880201 -0.045368826 -4.8466078 0.69177725 0.045435265 0.72068018 69.568511
0.71782986 -0.016911802 -0.6960131 -38.04908 -0.018891232 0.99886371 -0.043753881 -4.9173891 0.69596225 0.044556388 0.71669472 70.413344
0.71371005 -0.016972995 -0.70023556 -38.817882 -0.019315493 0.99884927 -0.043898262 -4.9777528 0.70017492 0.044856026 0.71256092 71.16815
0.70773058 -0.017704325 -0.70626054 -39.688427 -0.019443552 0.99881917 -0.044522117 -5.0420869 0.70621485 0.045241877 0.70655063 71.969229
0.70299947 -0.019471297 -0.71092375 -40.491755 -0.020338405 0.99866587 -0.04746389 -5.1122569 0.71089953 0.047826145 0.70166556 72.752609
0.69854244 -0.020297438 -0.71528066 -41.308453 -0.022250965 0.99849809 -0.050064536 -5.1820507 0.71522262 0.050887889 0.69704166 73.533916
0.69311695 -0.020866268 -0.72052304 -42.181035 -0.02296238 0.99843446 -0.051003524 -5.2585411 0.72045935 0.051896331 0.69155271 74.35686
0.6883322 -0.021839989 -0.72506672 -43.001948 -0.020530611 0.9985597 -0.04956842 -5.3294854 0.72510504 0.049005603 0.68689241 75.107511
0.68421372 -0.023301025 -0.72890918 -43.792527 -0.017857077 0.99865449 -0.048686078 -5.396131 0.72906293 0.04632787 0.68287702 75.851526
0.67920167 -0.024887854 -0.73352957 -44.726866 -0.016230119 0.99867122 -0.048911874 -5.4750621 0.73377225 0.0451263 0.67789523 76.684684
0.67390015 -0.022977943 -0.738465 -45.557673 -0.019776437 0.9985971 -0.049119525 -5.5503163 0.73855773 0.047705862 0.67250032 77.473407
0.66862704 -0.025020215 -0.74317684 -46.463339 -0.016826113 0.99866879 -0.048759997 -5.6207197 0.74340756 0.04510703 0.66731596 78.252033
0.66463326 -0.026846543 -0.74668725 -47.367006 -0.014161608 0.99872212 -0.048513634 -5.6903573 0.74703556 0.042818067 0.66340375 79.049352
0.66095625 -0.03109992 -0.74977969 -48.23121 -0.0092674991 0.99872639 -0.049595531 -5.7609845 0.75036724 0.039729059 0.65982623 79.798837
0.6572539 -0.033428287 -0.75292749 -49.137248 -0.0095123216 0.99856836 -0.052637791 -5.8449295 0.75360923 0.041758482 0.65599497 80.591741
0.65168315 -0.038453102 -0.75751593 -50.080973 -0.0046456224 0.998493 -0.054682185 -5.9220297 0.75847712 0.039154592 0.65052242 81.357255
0.64582881 -0.041838047 -0.76233501 -50.954751 0.00036455401 0.99851419 -0.054491062 -5.9999354 0.76348219 0.034913986 0.64488449 82.130164
0.63718322 -0.044877124 -0.76940466 -51.916528 0.0043028278 0.99849488 -0.054675895 -6.0902639 0.77070038 0.031527947 0.63641729 82.907809
0.62986033 -0.046074709 -0.77534059 -52.821623 0.0071703415 0.99854138 -0.053513501 -6.1679759 0.77667535 0.028146575 0.62927198 83.671533
0.61911929 -0.044840604 -0.78401567 -53.793118 0.0080659919 0.9986789 -0.050748416 -6.2463989 0.78525556 0.025095459 0.61866305 84.409645
0.61267816 -0.044120788 -0.78909998 -54.771822 0.0073707434 0.9987161 -0.050118171 -6.3292586 0.79029817 0.024890055 0.61221675 85.176939
0.60257655 -0.045557359 -0.79675967 -55.716434 0.0058678382 0.99859525 -0.05266022 -6.4008828 0.79803955 0.027056557 0.6019974 85.857445
0.59308357 -0.047498895 -0.80373856 -56.701685 0.006672094 0.99851398 -0.054086246 -6.4909506 0.80511329 0.026715044 0.59251915 86.602277
0.58373215 -0.048703209 -0.81048425 -57.718885 0.005657794 0.99841913 -0.055921603 -6.5650492 0.81192661 0.028057685 0.5830849 87.32562
0.57451665 -0.050498849 -0.81693355 -58.721941 0.0098543941 0.99844932 -0.054789068 -6.6508555 0.81843361 0.023426846 0.57412339 88.017167
0.56339412 -0.050788852 -0.82462567 -59.759429 0.011926914 0.99850467 -0.053349482 -6.7345499 0.82610222 0.020221545 0.56315742 88.728488
0.55368919 -0.050259967 -0.83120524 -60.802594 0.010382024 0.99851597 -0.053460882 -6.8231259 0.83265872 0.02097112 0.5533893 89.38567
0.5430586 -0.050909774 -0.83815004 -61.836706 0.0090480084 0.99845721 -0.054784501 -6.9037538 0.83964609 0.022167606 0.5426814 90.053465
0.53404505 -0.052116534 -0.84384814 -62.877651 0.0090369515 0.99839312 -0.055942115 -6.985975 0.84540776 0.022249795 0.53365788 90.707647
0.52310026 -0.053391909 -0.85059706 -63.965001 0.0084733579 0.99831225 -0.057453032 -7.0744539 0.85222907 0.022846283 0.52266981 91.376252
0.51260487 -0.051062281 -0.85710491 -65.061448 0.0036815036 0.99835163 -0.057275316 -7.1728825 0.85861677 0.026204171 0.5119479 92.030297
0.50473288 -0.051252377 -0.86175278 -66.216223 0.0061281257 0.99842363 -0.055791543 -7.253639 0.86325386 0.022878897 0.50425131 92.637192
0.4970505 -0.049354374 -0.86631685 -67.264369 0.0068178942 0.99857244 -0.052977245 -7.3433258 0.86769486 0.020425909 0.49667743 93.257319
0.48876158 -0.050197758 -0.87097201 -68.357314 0.0078068229 0.99855496 -0.053169958 -7.4264378 0.8723825 0.019187908 0.48844719 93.852331
0.48159297 -0.051728268 -0.87486704 -69.479373 0.0069017898 0.99844947 -0.055236059 -7.5155255 0.87636787 0.020563149 0.48120326 94.497729
0.47315408 -0.055487488 -0.87923051 -70.572861 0.010022842 0.998289 -0.057607418 -7.6011911 0.88092271 0.018444796 0.47290065 95.091926
0.46718459 -0.059105317 -0.88218198 -71.706172 0.012252266 0.99810007 -0.060383177 -7.6931029 0.88407494 0.017401361 0.46702115 95.686508
0.4631381 -0.062017344 -0.88411362 -72.841629 0.012987633 0.99791658 -0.063196706 -7.790956 0.886191 0.017786258 0.46297864 96.277309
0.4568858 -0.063231096 -0.88727511 -73.995969 0.015264379 0.99788077 -0.063253229 -7.8948105 0.88939442 0.015355799 0.45688274 96.851897
0.45125041 -0.059956187 -0.89038096 -75.070552 0.01618412 0.99812623 -0.059009294 -7.9899528 0.89225064 0.012217936 0.45137521 97.424959
0.44996783 -0.057172568 -0.89121276 -76.279361 0.018749727 0.99833346 -0.054577892 -8.0908365 0.89284795 0.0078482998 0.45028992 98.016721
0.4450725 -0.057524654 -0.89364496 -77.380507 0.021549532 0.99833364 -0.053530983 -8.1780355 0.89523525 0.004567537 0.44557048 98.585924
0.44240951 -0.057148917 -0.89499037 -78.4964 0.021565971 0.99835689 -0.053088867 -8.2693516 0.89655385 0.0041856825 0.44291505 99.099669
0.44363992 -0.058370276 -0.89430222 -79.622139 0.027587305 0.99829331 -0.051472339 -8.3554643 0.89578046 -0.0018362044 0.44449305 99.654524
0.43815623 -0.056706346 -0.89710838 -80.731977 0.02768791 0.99838605 -0.049585084 -8.44434 0.89847235 -0.0031130435 0.43901915 100.21633
0.4370939 -0.057146014 -0.89759857 -81.837175 0.028965749 0.99835621 -0.049455656 -8.5308187 0.89894937 -0.0043828504 0.43803069 100.73482
0.4332367 -0.057256761 -0.89945959 -82.936518 0.030707246 0.99833836 -0.048760518 -8.6149675 0.90075695 -0.0064950817 0.43427502 101.28756
0.43277917 -0.057297874 -0.89967721 -84.028483 0.03527526 0.99829014 -0.046609502 -8.6943378 0.90080959 -0.011564727 0.43406037 101.80501
0.43039081 -0.058136473 -0.90076847 -85.175243 0.040297885 0.99816628 -0.045168131 -8.7844156 0.9017427 -0.016859117 0.43194438 102.34579
0.42750414 -0.058214903 -0.902137 -86.222681 0.040885708 0.99814836 -0.045035623 -8.8593343 0.90308839 -0.017631596 0.42909271 102.81023
0.42574948 -0.059318256 -0.9028946 -87.262656 0.042181391 0.99806513 -0.045680613 -8.9305477 0.90385739 -0.018636853 0.42742784 103.31397
0.42490856 -0.060519247 -0.90321098 -88.297462 0.041957334 0.99800707 -0.047132517 -9.0178403 0.90426344 -0.017869316 0.42660097 103.78696
0.42576821 -0.061300486 -0.90275335 -89.37566 0.041506826 0.99797538 -0.048190449 -9.098538 0.90387979 -0.016952466 0.42745058 104.24547
0.42978149 -0.059665849 -0.90095937 -90.427206 0.03659387 0.99814552 -0.048645737 -9.1745838 0.90219112 -0.012062553 0.43116788 104.74701
0.43127075 -0.060584939 -0.90018606 -91.412467 0.036482857 0.99809784 -0.049696069 -9.2568936 0.90148467 -0.011408899 0.43266072 105.21769
0.44055351 -0.061435123 -0.89562172 -92.431391 0.035696026 0.99806544 -0.050903482 -9.3373796 0.89701643 -0.0095444292 0.44189422 105.76181
0.44427514 -0.061460785 -0.89377967 -93.410224 0.034977917 0.99807334 -0.05124591 -9.4165995 0.89520736 -0.0084952683 0.44556895 106.22827
0.45181447 -0.058549417 -0.89018851 -94.410761 0.030411721 0.9982749 -0.050223023 -9.4890511 0.89159345 -0.0043806763 0.45281564 106.71227
0.45988789 -0.058163024 -0.88607005 -95.421925 0.030908755 0.99829637 -0.04948748 -9.5673677 0.88743892 -0.0046286297 0.46090216 107.26642
0.46857211 -0.058402587 -0.88149263 -96.398213 0.031985505 0.99827972 -0.049137794 -9.6435197 0.88284607 -0.0051703883 0.46963407 107.73175
0.4775658 -0.059086254 -0.8766069 -97.36453 0.033129251 0.99823758 -0.04923612 -9.7165928 0.8779712 -0.0055278432 0.47868161 108.2521
0.48784518 -0.058794706 -0.87094787 -98.314849 0.030262677 0.99826856 -0.050438617 -9.7928256 0.87240548 -0.0017509784 0.48877979 108.79597
0.49827495 -0.061220661 -0.86485493 -99.293923 0.030252 0.99812419 -0.053225122 -9.8702466 0.86649118 0.0003571529 0.49919233 109.29893
0.50918254 -0.059383518 -0.8586074 -100.23921 0.024649677 0.99821378 -0.054420986 -9.9469573 0.86030552 0.0065458204 0.50973682 109.86544
0.52108509 -0.058062285 -0.85152747 -101.16805 0.022893702 0.99827527 -0.054058827 -10.021154 0.85319767 0.0086746322 0.52151562 110.42977
0.53325275 -0.054758172 -0.84418184 -102.08139 0.020195721 0.99844248 -0.052007114 -10.095976 0.8457149 0.010684075 0.53352808 111.00758
0.5465391 -0.054826505 -0.83563689 -102.97239 0.023337685 0.99846417 -0.05024592 -10.169369 0.83710837 0.0079595292 0.54697923 111.56449
0.55801488 -0.052771306 -0.82815127 -103.84276 0.02073504 0.99855102 -0.049658054 -10.244229 0.82957188 0.010538183 0.55830054 112.15131
0.56912295 -0.053682056 -0.82049817 -104.72499 0.021958373 0.99850293 -0.050097219 -10.318375 0.82195922 0.010494671 0.5694497 112.74824
0.58023857 -0.053290558 -0.81270121 -105.59078 0.019378528 0.9984779 -0.051636782 -10.395268 0.81421602 0.014212699 0.58038808 113.36999
0.59061094 -0.056996334 -0.80494104 -106.43769 0.025137714 0.99831788 -0.052244635 -10.472326 0.80656486 0.010621874 0.59105022 114.01376
0.6018674 -0.054964753 -0.79670224 -107.27848 0.023094194 0.99840933 -0.051434122 -10.541975 0.79826208 0.012557325 0.60217939 114.60193
0.61237131 -0.053654579 -0.78874743 -108.09459 0.023093224 0.99848257 -0.0499926 -10.614709 0.79023296 0.012399313 0.61268113 115.22769
0.62255051 -0.052948953 -0.78078628 -108.90586 0.025960133 0.99855665 -0.047018034 -10.682001 0.78214895 0.0090017848 0.62302651 115.84478
0.63330182 -0.050935671 -0.77222685 -109.70037 0.024398609 0.99864982 -0.045861156 -10.751413 0.77352024 0.010202692 0.63368951 116.46895
0.64353821 -0.049841482 -0.76378947 -110.4773 0.021833089 0.99866692 -0.046772853 -10.820712 0.76510257 0.013424234 0.64376851 117.13782
0.65238098 -0.04944751 -0.75627638 -111.23635 0.020435718 0.99865423 -0.047666559 -10.889226 0.75761566 0.015641705 0.65251352 117.79434
0.6612267 -0.047863058 -0.74865769 -111.95244 0.018129207 0.99869066 -0.047836113 -10.955624 0.74996709 0.018057945 0.66122865 118.43477
0.67000338 -0.047420125 -0.74084192 -112.70029 0.020195709 0.99875269 -0.045663972 -11.022751 0.74208332 0.015633188 0.67012536 119.06718
0.67938624 -0.045979635 -0.73233883 -113.41833 0.020513556 0.99883489 -0.043681197 -11.086934 0.73349409 0.01465353 0.67953789 119.75756
0.68721683 -0.045799174 -0.72500719 -114.09465 0.021580671 0.99885729 -0.042642666 -11.143481 0.72613177 0.013658615 0.68741991 120.39171
0.69412518 -0.04503739 -0.71844403 -114.77883 0.020858339 0.9988802 -0.042464908 -11.210714 0.71955209 0.014490413 0.69428731 121.05526
0.70222405 -0.042129439 -0.71070842 -115.47082 0.01761219 0.99897012 -0.041815106 -11.26695 0.71173818 0.016846441 0.70224284 121.72979
0.70890193 -0.040912229 -0.70411945 -116.138 0.018473249 0.99905076 -0.039450227 -11.325425 0.70506512 0.014958968 0.7089848 122.39858
0.71652848 -0.037099141 -0.69657057 -116.79624 0.015704082 0.99918955 -0.037062508 -11.377858 0.69738108 0.015617341 0.71653037 123.04789
0.72384841 -0.037388763 -0.68894522 -117.39361 0.017742672 0.99920914 -0.035585107 -11.431448 0.6897309 0.013534494 0.72393932 123.70518
0.73153981 -0.035284369 -0.68088507 -118.03831 0.015536402 0.99926335 -0.035090916 -11.4877 0.68162172 0.015091898 0.73154912 124.38003
0.74000112 -0.032809948 -0.67180489 -118.6646 0.013581653 0.99933478 -0.033845667 -11.537476 0.67246853 0.015921611 0.73995447 125.04215
0.74842383 -0.030181866 -0.66253361 -119.2596 0.012776771 0.99943473 -0.031096332 -11.586719 0.6630977 0.014808196 0.7483864 125.67806
0.75750044 -0.026334448 -0.65230326 -119.82107 0.010332934 0.99954454 -0.028353762 -11.625107 0.6527529 0.014737781 0.75742754 126.35442
0.76707631 -0.024383128 -0.64109232 -120.35796 0.0091506851 0.99959168 -0.027069265 -11.671543 0.64149063 0.014897758 0.76698622 127.00349
0.77743548 -0.023666956 -0.62851724 -120.92661 0.0077254473 0.99957573 -0.028083364 -11.710745 0.62891528 0.016977427 0.77728848 127.66758
0.78740894 -0.024531071 -0.61594265 -121.43633 0.0082206276 0.99953688 -0.029299342 -11.761449 0.61637619 0.018007128 0.78724594 128.34131
0.79723821 -0.023119752 -0.60322192 -121.95853 0.0072357216 0.99956052 -0.028747294 -11.798957 0.60362149 0.018553695 0.79705513 129.02622
0.80703032 -0.022215236 -0.59009196 -122.46387 0.0074993184 0.99959709 -0.027375578 -11.836673 0.59046241 0.017667634 0.80687176 129.68978
0.8166681 -0.020153104 -0.57675561 -122.95319 0.0070690746 0.99966443 -0.024920873 -11.8738 0.57706435 0.016274954 0.81653652 130.40711
0.82603619 -0.018841952 -0.56330202 -123.41789 0.0074273833 0.99971817 -0.022548036 -11.909468 0.56356816 0.014441633 0.82594333 131.10087
0.83469667 -0.017696802 -0.55042553 -123.89281 0.0081920038 0.99977196 -0.019720975 -11.941112 0.55064906 0.011951944 0.8346513 131.80785
0.84318463 -0.016927547 -0.53735753 -124.34063 0.0086988047 0.99980291 -0.017845684 -11.971982 0.53755375 0.010372838 0.8431657 132.514
0.84927935 -0.017417417 -0.52765632 -124.7631 0.010333369 0.99981259 -0.016370952 -11.999468 0.52784261 0.0084510442 0.84930017 133.2161
0.85649201 -0.017156308 -0.51587505 -125.22262 0.010623212 0.99982167 -0.015613379 -12.032778 0.51605097 0.0078924844 0.85652153 133.9227
0.86355105 -0.015936617 -0.5040095 -125.65248 0.0095420368 0.99983794 -0.015265583 -12.05693 0.50417115 0.0083733328 0.86356318 134.67524
0.86979475 -0.014340796 -0.49320525 -126.09074 0.0080830414 0.99985754 -0.014817699 -12.087702 0.49334752 0.0089017579 0.86978676 135.40153
0.87646008 -0.013168162 -0.4812944 -126.49021 0.007303333 0.99987453 -0.01405674 -12.108184 0.48141916 0.008805118 0.87644628 136.14198
0.88133386 -0.014159312 -0.47228182 -126.90119 0.0082023327 0.99985875 -0.014669883 -12.134155 0.47242287 0.0090552522 0.88132551 136.8925
0.88663375 -0.015190532 -0.4622227 -127.28214 0.0092450361 0.99984287 -0.015125144 -12.16073 0.46237986 0.0091371971 0.88663487 137.66032
0.89060406 -0.015928777 -0.45450046 -127.66389 0.0098849454 0.99982834 -0.015670987 -12.188822 0.45467209 0.0094639324 0.89060863 138.44494
0.89393488 -0.014914179 -0.44794863 -128.07003 0.0092792105 0.99984784 -0.014771561 -12.220129 0.44810081 0.009048204 0.89393725 139.21745
0.89723317 -0.013136245 -0.4413616 -128.46851 0.0088049712 0.9998909 -0.011860344 -12.24552 0.44146928 0.0067553178 0.89725095 140.03232
0.9006693 -0.0096425896 -0.43439823 -128.83769 0.0069872186 0.99994587 -0.0077092737 -12.260217 0.43444909 0.0039082705 0.90068792 140.82752
0.90310488 -0.0067341772 -0.42936722 -129.22286 0.0049409335 0.9999738 -0.0052910884 -12.276805 0.42939164 0.0026569326 0.90311449 141.64388
0.90656068 -0.0041207406 -0.42205537 -129.61536 0.0032554451 0.99999086 -0.0027708324 -12.29638 0.42206296 0.0011379493 0.90656581 142.46834
0.9096827 -0.0022453841 -0.41529788 -130.01621 0.0021682308 0.99999743 -0.00065730296 -12.308129 0.41529832 -0.00030252484 0.90968524 143.3149
0.91267406 -0.001070834 -0.4086868 -130.39128 0.0019822395 0.9999964 0.0018065378 -12.319076 0.40868343 -0.0024588957 0.9126729 144.16129
0.91628223 -0.00078916775 -0.40053245 -130.79757 0.0025644762 0.99998912 0.0038963746 -12.330532 0.40052505 -0.0045973352 0.91627428 145.03422
0.91916525 -0.0011540399 -0.39387042 -131.17567 0.0035190532 0.99997986 0.0052823832 -12.34381 0.39385642 -0.0062414344 0.91915079 145.9363
0.92320726 -0.0021918119 -0.38429615 -131.5518 0.0043020683 0.99998002 0.0046316679 -12.344914 0.38427836 -0.0059292581 0.92319825 146.83882
0.9272534 -0.0043792004 -0.37440878 -131.92609 0.0065180132 0.99996887 0.0044464376 -12.364746 0.37437769 -0.0065633762 0.92725308 147.74066
0.9307351 -0.0061369546 -0.36564259 -132.2858 0.0079717938 0.99996207 0.0035086336 -12.364705 0.36560722 -0.0061804362 0.93074872 148.67368
0.9354969 -0.0068945892 -0.35326762 -132.66723 0.0080818268 0.99996556 0.0018857419 -12.38367 0.35324248 -0.0046191538 0.9355204 149.59882
0.93981578 -0.0054784772 -0.34163763 -133.02302 0.0060469063 0.99998154 0.00059888468 -12.392754 0.34162807 -0.0026286923 0.93983156 150.50516
0.94578076 -0.0016724429 -0.32480139 -133.3488 0.002439544 0.99999511 0.0019545448 -12.405187 0.32479656 -0.0026409384 0.94578022 151.53808
0.95164145 0.0018844897 -0.30720513 -133.68236 -0.00058254347 0.99999046 0.0043296775 -12.411158 0.30721039 -0.0039413406 0.95163346 152.51264
0.95823406 0.0045828649 -0.28594838 -134.00256 -0.0028817027 0.99997556 0.0063697068 -12.417037 0.28597061 -0.0052796522 0.95822385 153.55995
0.96402698 0.0064530489 -0.26572605 -134.29436 -0.0046198465 0.99996103 0.0075233155 -12.430022 0.26576426 -0.0060250659 0.96401922 154.55979
0.96983148 0.0079413032 -0.24364695 -134.54212 -0.0060245915 0.99994478 0.0086109283 -12.42975 0.2437019 -0.0068832762 0.96982576 155.62556
0.97487064 0.0088440894 -0.2225961 -134.81407 -0.0064505722 0.99991332 0.011477513 -12.443619 0.22267833 -0.009753219 0.97484319 156.71564
0.97952755 0.010563966 -0.20103276 -135.02237 -0.0078024421 0.99986408 0.014524115 -12.439179 0.20115888 -0.012658225 0.97947684 157.80881
0.9841916 0.012567087 -0.17666057 -135.24225 -0.0093490326 0.99977508 0.019036629 -12.440653 0.17686008 -0.017084086 0.98408772 158.87592
0.98771002 0.014333543 -0.15563886 -135.41481 -0.010971193 0.99968797 0.022441144 -12.429273 0.15591197 -0.020457799 0.98755908 160.01287
0.99087861 0.015331369 -0.13388248 -135.58336 -0.012403209 0.99966588 0.022677898 -12.418278 0.13418544 -0.020810472 0.9907377 161.09529
0.99364179 0.015887701 -0.11146112 -135.74316 -0.013689457 0.99969695 0.020459784 -12.414194 0.11175241 -0.018803855 0.99355816 162.30048
0.99576515 0.015978058 -0.090534303 -135.86605 -0.014276846 0.99970972 0.019407398 -12.404227 0.090818123 -0.018032666 0.99570422 163.45769
0.99733203 0.014236188 -0.07159711 -135.94565 -0.01275371 0.99969559 0.021120559 -12.403618 0.071875997 -0.020151082 0.99721 164.59613
0.99869595 0.014635338 -0.048910124 -136.01582 -0.01349403 0.99963078 0.023584132 -12.386055 0.049237231 -0.022893383 0.99852471 165.8075
0.99945913 0.014966925 -0.029282042 -136.05768 -0.014266786 0.99961076 0.023974769 -12.38004 0.029629475 -0.023544042 0.99928363 167.03891
0.99982382 0.016492809 -0.0089618792 -136.08521 -0.016265133 0.99955737 0.024910181 -12.363627 0.0093687521 -0.024760027 0.99964952 168.2448
0.99978538 0.016780347 0.012149951 -136.06883 -0.017083203 0.99953476 0.025267251 -12.351859 -0.011720306 -0.025469389 0.9996069 169.46089
0.99931209 0.01900602 0.031845281 -136.077 -0.019804807 0.99949229 0.024958517 -12.338243 -0.031354754 -0.025572038 0.99918114 170.67406
0.99843918 0.020099659 0.052107618 -135.99996 -0.021346614 0.99949626 0.023485257 -12.32239 -0.051609327 -0.024560923 0.99836528 171.96538
0.99708295 0.019979728 0.073664118 -135.93411 -0.021617884 0.99953492 0.021508242 -12.314894 -0.073200136 -0.023037964 0.99705115 173.2055
0.99558301 0.022077636 0.091252605 -135.828 -0.023921773 0.99953012 0.019164912 -12.304945 -0.090786619 -0.021263185 0.99564334 174.49665
0.99376213 0.022456628 0.10923612 -135.695 -0.024477414 0.99955252 0.017193461 -12.29616 -0.10880115 -0.019760029 0.99386712 175.77908
0.99138043 0.022092678 0.12913851 -135.53867 -0.024209895 0.99959663 0.014847995 -12.289078 -0.1287584 -0.017846441 0.9915154 177.0605
0.9887178 0.02349133 0.14793673 -135.36024 -0.025044884 0.99964893 0.0086471971 -12.287909 -0.14768167 -0.012254696 0.98895902 178.35516
0.98589931 0.025232713 0.16542631 -135.17233 -0.025992593 0.99965918 0.0024298704 -12.316015 -0.16530863 -0.0066954662 0.98621916 179.64006
0.98305595 0.027527095 0.1812271 -134.94055 -0.027539004 0.99961772 -0.0024510255 -12.321177 -0.1812253 -0.0025813184 0.98343822 180.9585
0.97954412 0.029745707 0.19901888 -134.68928 -0.029042922 0.99955735 -0.00645024 -12.357147 -0.19912267 0.00053820504 0.97997443 182.28612
0.9754353 0.031796728 0.21797921 -134.40835 -0.030471273 0.99949106 -0.0094403102 -12.38022 -0.21816846 0.0025663081 0.97590775 183.62594
0.97159176 0.031477187 0.2345605 -134.09999 -0.030045388 0.9995017 -0.0096761907 -12.407377 -0.23474822 0.002353846 0.97205336 184.96153
0.96703418 0.030252223 0.25284323 -133.76969 -0.028684591 0.99953964 -0.0098848537 -12.434376 -0.25302589 0.0023062871 0.96745676 186.2901
0.96236218 0.029947684 0.27011509 -133.39032 -0.026977417 0.99952791 -0.014703 -12.48643 -0.27042792 0.0068626036 0.96271577 187.64269
0.95786181 0.031137376 0.28553671 -133.00638 -0.026759676 0.99945708 -0.019221348 -12.532313 -0.28598022 0.010770525 0.95817499 188.9102
0.95268122 0.03372489 0.30209455 -132.61685 -0.029129944 0.99938141 -0.019704025 -12.570329 -0.30257221 0.009971658 0.9530743 190.30322
0.94704351 0.035492804 0.31913765 -132.17777 -0.030701749 0.99932783 -0.020032284 -12.622586 -0.31963416 0.0091733607 0.94749663 191.66499
0.94058365 0.039588898 0.33724636 -131.70242 -0.033686034 0.99915991 -0.023339346 -12.658619 -0.33788705 0.010592115 0.94112707 192.99967
0.9340212 0.040448083 0.3549202 -131.21616 -0.033127495 0.99909493 -0.026681193 -12.719993 -0.3556782 0.013163183 0.93451579 194.32799
0.92734605 0.041548514 0.37189113 -130.70311 -0.032801508 0.99901697 -0.029818736 -12.779567 -0.3727645 0.015453698 0.92779729 195.69292
0.92052653 0.041395528 0.38848078 -130.16169 -0.030507832 0.99895078 -0.034155687 -12.845241 -0.3894871 0.01958951 0.92082358 197.01707
0.91204685 0.044571013 0.40765665 -129.60024 -0.030874936 0.99871781 -0.040118266 -12.921795 -0.40892211 0.024003366 0.91225356 198.34998
0.90182071 0.04842449 0.42938848 -128.98352 -0.032482248 0.99848633 -0.044384118 -13.001817 -0.43088784 0.026079014 0.90202858 199.64992
0.89009829 0.051250835 0.45287788 -128.36233 -0.03425316 0.99836959 -0.045660429 -13.085163 -0.45447968 0.025129772 0.89040257 201.00688
0.87691652 0.055738691 0.47739983 -127.68182 -0.037301757 0.99814959 -0.0480206 -13.177005 -0.47919309 0.024302206 0.87737302 202.29441
0.86338181 0.059829389 0.5009913 -126.97734 -0.039520614 0.99791306 -0.051065062 -13.266522 -0.503001 0.024289162 0.86394447 203.57224
0.8481837 0.063642314 0.52586504 -126.21778 -0.041114794 0.99767093 -0.054426873 -13.370867 -0.52810416 0.024543154 0.84882486 204.86369
0.83280229 0.065234961 0.54971331 -125.41016 -0.040572523 0.99755433 -0.056914265 -13.475264 -0.55208174 0.025095075 0.83341227 206.13855
0.81784403 0.066284727 0.57160952 -124.59128 -0.039582941 0.99747089 -0.059034031 -13.579429 -0.57407696 0.025654645 0.81839936 207.3798
0.80117581 0.068443174 0.59450216 -123.74397 -0.038100804 0.99725651 -0.063464799 -13.69727 -0.59721493 0.028195453 0.80158553 208.58494
0.78426738 0.071162422 0.61632828 -122.80085 -0.036205183 0.9969567 -0.069040008 -13.825488 -0.61936572 0.031831549 0.78445707 209.80921
0.76842332 0.072775865 0.63579025 -121.88585 -0.034445221 0.99677596 -0.072465286 -13.946506 -0.63901421 0.033784082 0.76845267 210.96433
0.75181901 0.074389134 0.65515983 -120.90048 -0.032746298 0.99660189 -0.075580127 -14.081878 -0.65855592 0.035368518 0.75170021 212.08664
0.73578568 0.075009501 0.67304753 -119.88893 -0.031034659 0.99653759 -0.077134124 -14.218831 -0.67650301 0.035866385 0.73556598 213.2423
0.72039154 0.075225478 0.68947598 -118.88661 -0.028818775 0.99648871 -0.078611207 -14.359076 -0.69296865 0.036760996 0.72002994 214.36015
0.70566535 0.075957239 0.70446212 -117.81582 -0.025963655 0.9963416 -0.081420568 -14.5053 -0.70806945 0.039165263 0.70505587 215.45245
0.68980303 0.077301732 0.71985845 -116.70849 -0.023229747 0.99613485 -0.084709709 -14.653276 -0.72362435 0.041710886 0.68893254 216.53296
0.6754945 0.079644377 0.7330511 -115.61496 -0.021210938 0.99583698 -0.088649949 -14.812564 -0.73705992 0.044333853 0.67437173 217.58219
0.66041944 0.082130692 0.74639176 -114.52083 -0.02005419 0.99557497 -0.091805787 -14.963015 -0.75062909 0.045662046 0.65914413 218.60638
0.64471061 0.082412809 0.75997126 -113.33151 -0.018638328 0.99557067 -0.092150125 -15.132141 -0.76419951 0.045245571 0.64339101 219.60568
0.62821546 0.083967129 0.77349519 -112.17327 -0.019298833 0.99553523 -0.092396708 -15.300355 -0.77780007 0.043117488 0.62703109 220.58529
0.61122404 0.085211493 0.78685712 -110.9822 -0.021494229 0.99560781 -0.091121293 -15.470419 -0.79116574 0.038782639 0.61037098 221.56007
0.59317004 0.086033082 0.80046709 -109.7872 -0.023595537 0.99570442 -0.089531918 -15.62982 -0.80473139 0.034220201 0.59265202 222.48348
0.57591416 0.087758793 0.81278608 -108.60186 -0.025849116 0.99567911 -0.08919041 -15.798933 -0.81710144 0.030356219 0.57569419 223.35911
0.55737316 0.09032258 0.82533444 -107.35974 -0.027242949 0.99551929 -0.090549211 -15.964608 -0.82981506 0.027985157 0.55733639 224.24132
0.53860998 0.094177349 0.83727526 -106.14014 -0.029286379 0.99522557 -0.093104111 -16.138246 -0.84204611 0.025626044 0.53879654 225.06367
0.51997144 0.094066959 0.84898825 -104.93664 -0.029226467 0.99529503 -0.092377543 -16.299601 -0.85368353 0.023220758 0.52027424 225.85878
0.49825 0.093165058 0.86201343 -103.67643 -0.029669403 0.99545999 -0.090438622 -16.47129 -0.86652566 0.01948562 0.49875209 226.60583
0.47790739 0.09153937 0.8736275 -102.4206 -0.029952962 0.99567514 -0.08794221 -16.630232 -0.87789943 0.015860502 0.47858239 227.31825
0.45585661 0.089795666 0.88551195 -101.163 -0.030002307 0.99588267 -0.085542828 -16.787192 -0.88954746 0.012427863 0.45667378 227.99847
0.43347844 0.088594602 0.8967984 -99.905723 -0.028490051 0.99600555 -0.084624249 -16.944674 -0.90071351 0.011132956 0.43427099 228.64903
