1 0 0 0 0 1 0 0 0 0 1 0
0.99988671 0.00085888583 0.015027928 -0.013826632 -0.0008504381 0.99999948 -0.00056852026 -0.0061983232 -0.015028409 0.00055567555 0.99988691 0.11603175
0.99933653 0.0028487056 0.036309558 -0.010280023 -0.0028244256 0.99999575 -0.00071997464 0.0012090987 -0.036311458 0.00061694335 0.99934033 0.25835649
0.99798007 0.0051702421 0.063317101 0.040300628 -0.0052437187 0.99998576 0.00099432689 -0.0022073144 -0.063311064 -0.0013243355 0.99799296 0.39460307
0.9953173 0.0046722112 0.096548685 0.076103881 -0.0049970385 0.99998264 0.0031228643 -0.00077459139 -0.096532426 -0.0035906984 0.99532336 0.58666481
0.99097405 0.0014212343 0.13404633 0.14552954 -0.0021696833 0.99998286 0.0054375957 -0.00082793332 -0.13403632 -0.0056793543 0.99096015 0.78594093
0.98485806 -0.0020105162 0.17335097 0.21784334 0.0010447738 0.99998342 0.0056620915 -0.0078580058 -0.1733595 -0.0053952438 0.98484383 0.95017846
0.976171 -0.0021728456 0.21699185 0.29772547 0.00071343317 0.9999766 0.0068037673 -0.0093594534 -0.21700157 -0.0064868311 0.9761497 1.1658351
0.96433067 -0.0019463415 0.26469334 0.40215039 -0.00076953501 0.99994813 0.010156382 0.0013809025 -0.2646994 -0.0099978013 0.96427915 1.3867929
0.94999752 -0.005996923 0.31219984 0.52735025 0.0007636109 0.99985719 0.016882257 0.0092495555 -0.31225653 -0.015799704 0.94986643 1.6260251
0.93279434 -0.015433244 0.3600785 0.68208015 0.0069111415 0.99966499 0.024942895 -0.0043506974 -0.36034285 -0.020778038 0.9325885 1.8198644
0.91196975 -0.021291042 0.4097046 0.85099936 0.010013364 0.99951011 0.029652406 -0.0049280929 -0.41013526 -0.022939576 0.91173618 2.0642822
0.88717862 -0.023210281 0.46084201 1.0312366 0.0085342366 0.99938863 0.033904677 -0.0040853645 -0.46134724 -0.02614657 0.88683431 2.3195578
0.85888655 -0.025222285 0.51154444 1.1967645 0.0063728964 0.99923564 0.038568323 0.016345071 -0.51212626 -0.029865794 0.85839079 2.5110397
0.82669421 -0.030522715 0.56182294 1.4250381 0.0076089733 0.99904266 0.043079765 0.020478079 -0.56260004 -0.031338897 0.82613503 2.7595068
0.79093795 -0.036156274 0.61082719 1.6663771 0.0098813529 0.99887728 0.046330851 0.024574239 -0.61181661 -0.030609029 0.79040721 2.9370436
0.75312772 -0.040689714 0.65661477 1.9158517 0.011013629 0.99872539 0.049257469 0.033830621 -0.65778216 -0.029865453 0.75261591 3.163794
0.71298914 -0.044019381 0.69979193 2.1892362 0.012120129 0.99865203 0.050470036 0.042990785 -0.70107035 -0.027503018 0.71256157 3.4015924
0.67167009 -0.045837343 0.73943099 2.4791404 0.011363211 0.99860413 0.051581597 0.060714209 -0.74076326 -0.026243505 0.67125339 3.5943232
0.62929682 -0.046370699 0.77578039 2.8358752 0.0071879029 0.99852295 0.053854006 0.083652018 -0.77713184 -0.028313921 0.62870063 3.8244548
0.58659431 -0.047095109 0.80851043 3.1975331 0.0039226612 0.99846132 0.055313614 0.09991419 -0.80987146 -0.029275138 0.58587647 4.0205581
0.54747952 -0.048343825 0.83542144 3.5366967 0.0022921117 0.99841275 0.056273641 0.11873529 -0.83681598 -0.028893787 0.54672134 4.2108282
0.50757027 -0.050774339 0.86011297 3.9585464 0.00091546695 0.99829336 0.058391191 0.13014939 -0.86160991 -0.028850228 0.50675051 4.4113326
0.47185445 -0.050636229 0.88022116 4.39602 -0.0018182046 0.99829143 0.058403096 0.15389758 -0.88167462 -0.029158183 0.47095619 4.6066869
0.43427265 -0.049937368 0.89939616 4.8388827 -0.0031225784 0.99837268 0.056940596 0.18023021 -0.9007761 -0.027536178 0.43341002 4.7961123
0.40108478 -0.048678292 0.91474661 5.3539825 -0.001856805 0.99854183 0.053951604 0.19791043 -0.91603909 -0.023337673 0.40040954 5.0132765
0.37167677 -0.047243036 0.92715932 5.8476951 0.0004773933 0.99871393 0.050697696 0.22436716 -0.92836212 -0.018400536 0.37122132 5.1673198
0.34670205 -0.045148071 0.93688808 6.3925802 0.0012261612 0.99886187 0.0476808 0.24587748 -0.93797455 -0.015382255 0.34636281 5.3438443
0.32579968 -0.044757736 0.94437876 6.9624902 0.0027184471 0.99891902 0.046404776 0.26941817 -0.94543496 -0.012551417 0.32556917 5.5328584
0.31057708 -0.045114071 0.94947697 7.5512186 0.0029940627 0.99891456 0.046483712 0.29578004 -0.95054352 -0.011593981 0.31037504 5.7014889
0.29850361 -0.046551113 0.95327253 8.1662247 0.0044215207 0.99886653 0.047393067 0.31237786 -0.9543983 -0.0099320866 0.29837109 5.8723991
0.28702356 -0.04845098 0.95669739 8.8092719 0.0032727678 0.99876382 0.049599513 0.34300558 -0.95791797 -0.011105179 0.28682731 6.0841675
0.27816727 -0.050237787 0.95921794 9.456385 0.0016322079 0.99865459 0.051829899 0.37187869 -0.9605313 -0.012851738 0.27787502 6.2674332
0.26685161 -0.051863247 0.96234107 10.160077 0.00047272492 0.99855786 0.053683987 0.40231113 -0.96373755 -0.013870735 0.26649129 6.4593724
0.2575352 -0.054031765 0.96475702 10.87008 0.00013175968 0.99843732 0.055882877 0.42992528 -0.96626895 -0.014264691 0.25713988 6.6426575
0.24683391 -0.055525046 0.96746572 11.602097 -0.0002829842 0.99835295 0.057369932 0.46315479 -0.9690578 -0.014434621 0.24641165 6.8343384
0.23624347 -0.057043366 0.97001804 12.356212 -0.00087994976 0.9982624 0.058918625 0.49485802 -0.97169354 -0.014772707 0.23578277 7.0185854
0.22572614 -0.059748948 0.97235677 13.117032 -0.0018818519 0.99808882 0.061766979 0.5269897 -0.97418902 -0.015772253 0.2251823 7.1760837
0.21520694 -0.063267991 0.97451683 13.906033 -0.0044692732 0.99782492 0.065768178 0.5660461 -0.97655828 -0.01850915 0.21445609 7.368008
0.2022731 -0.066972962 0.9770364 14.682839 -0.0037880522 0.99759793 0.069166623 0.60746264 -0.97932187 -0.017691612 0.20153353 7.5423298
0.1895506 -0.069568873 0.97940322 15.405464 -0.005142149 0.99740273 0.071842606 0.6399723 -0.98185753 -0.018654046 0.18870055 7.68096
0.17349005 -0.070074349 0.9823394 16.265144 -0.0062297582 0.99736735 0.072246585 0.68586601 -0.98481596 -0.0186538 0.17259676 7.7992314
0.16026824 -0.069514115 0.98462267 17.031802 -0.0072640452 0.99740704 0.071599065 0.72650928 -0.98704681 -0.018627399 0.15934772 7.9468789
0.14393614 -0.068403616 0.98721996 17.841358 -0.0085054908 0.99748575 0.070355019 0.76686162 -0.98955047 -0.018523419 0.14299244 8.0658932
0.12348386 -0.067073589 0.99007716 18.702177 -0.011082286 0.99755769 0.068962562 0.802741 -0.99228474 -0.019488081 0.12243894 8.1776485
0.098686449 -0.065750821 0.99294397 19.479085 -0.014900984 0.99760526 0.067540456 0.84339513 -0.99500705 -0.02146117 0.097470367 8.2552272
0.068954391 -0.065016046 0.99549893 20.325264 -0.019564888 0.99759405 0.066508063 0.88441206 -0.99742799 -0.024062848 0.067516457 8.305082
0.035597606 -0.064779985 0.9972644 21.178182 -0.022666428 0.99758787 0.06561008 0.91988764 -0.99910917 -0.024939983 0.034043407 8.3310499
0.0019822267 -0.064292739 0.99792907 22.020993 -0.023471387 0.99765316 0.064321585 0.95404452 -0.99972259 -0.023550279 0.00046853349 8.3490486
-0.033919571 -0.063057249 0.99743329 22.868072 -0.025068706 0.99774729 0.062224592 0.98852236 -0.99911016 -0.02289373 -0.035423925 8.2700456
-0.066782051 -0.060910364 0.99590662 23.715306 -0.027909426 0.99785839 0.059158225 1.021298 -0.99737721 -0.023844474 -0.068339004 8.2044507
-0.099026236 -0.057966119 0.99339501 24.551919 -0.029048575 0.99804482 0.055341745 1.0538848 -0.99466078 -0.023376424 -0.10051646 8.1415342
-0.13207044 -0.053371605 0.9898024 25.400177 -0.027017532 0.99837224 0.050228724 1.0822454 -0.99087211 -0.020108288 -0.13329743 7.9873503
-0.16351318 -0.047894557 0.98537783 26.249691 -0.022363159 0.99874414 0.044833298 1.1013787 -0.98628769 -0.014705326 -0.16437891 7.8198724
-0.19493535 -0.041749105 0.97992711 27.04523 -0.016531743 0.9990916 0.039276962 1.115746 -0.9806768 -0.0085434336 -0.19544846 7.6362364
-0.22133024 -0.036267867 0.97452423 27.863247 -0.010074821 0.99933991 0.034903252 1.1286711 -0.97514691 -0.002093011 -0.22154954 7.4530643
-0.25107912 -0.029406124 0.96751976 28.665506 -0.0015006722 0.99954907 0.029990165 1.1461223 -0.96796545 0.0060779753 -0.25101003 7.2250868
-0.2779727 -0.019021773 0.96040058 29.49915 0.0054788438 0.99975626 0.02138702 1.1453378 -0.96057339 0.011206893 -0.27780073 6.9617142
-0.30370604 -0.0040305332 0.95275722 30.275187 0.008603976 0.99993867 0.0069727796 1.131829 -0.95272698 0.010315177 -0.30365273 6.7011972
-0.32757449 0.01279403 0.94473869 31.01541 0.0093030439 0.99990352 -0.010315397 1.1095884 -0.9447796 0.0054098855 -0.32766191 6.4155432
-0.35369147 0.026777748 0.93497873 31.76254 0.0091647668 0.99964136 -0.025162758 1.0882167 -0.93531729 -0.00033098979 -0.35381003 6.1328106
-0.37663614 0.038079889 0.92557823 32.56213 0.012008273 0.9992715 -0.036225351 1.0440964 -0.92628348 -0.0025291793 -0.37681904 5.8059324
-0.40099748 0.042960604 0.91507122 33.309602 0.016104953 0.999076 -0.03984702 1.0017112 -0.91593762 -0.0012413746 -0.40131884 5.4696603
-0.42354325 0.042169407 0.9048938 34.048237 0.01811326 0.99911044 -0.038081977 0.94681182 -0.90569481 0.00026121365 -0.42393031 5.1130965
-0.44394898 0.038657563 0.89521776 34.781356 0.02276676 0.99923305 -0.031858879 0.91660416 -0.89576283 0.0062374918 -0.4444886 4.7578117
-0.46196979 0.037580412 0.88609907 35.518026 0.02997285 0.9991927 -0.026750418 0.87536751 -0.88638908 0.014201031 -0.46272323 4.3363412
-0.47552059 0.0386276 0.87885608 36.228874 0.033950337 0.99909706 -0.025543018 0.83273845 -0.87904927 0.01769123 -0.47640264 3.9310661
-0.48639733 0.041885946 0.87273315 36.931715 0.036577759 0.99895077 -0.027557877 0.78294766 -0.87297181 0.018518546 -0.48741908 3.5447591
-0.49631437 0.044423212 0.86700551 37.627565 0.038114463 0.99884198 -0.02935969 0.74576864 -0.86730583 0.018473815 -0.4974328 3.1448297
-0.50782525 0.04377746 0.86034702 38.296667 0.031764791 0.99898034 -0.032082239 0.68889584 -0.86087431 0.011036574 -0.50869802 2.7463839
-0.5184806 0.042422091 0.8540364 38.998579 0.03008475 0.99905524 -0.031361254 0.66564256 -0.85456003 0.0094332709 -0.51926702 2.321195
-0.52679928 0.043991031 0.84885054 39.667597 0.032357431 0.99897385 -0.031689934 0.62155836 -0.84937364 0.010772389 -0.52768214 1.9020003
-0.53417523 0.047234001 0.84405315 40.353855 0.036039253 0.99880253 -0.033085787 0.57326791 -0.84460527 0.012745438 -0.53523785 1.4722921
-0.53841379 0.05035796 0.84117454 41.048026 0.036834184 0.99866516 -0.036209734 0.53778511 -0.84187523 0.011488159 -0.53954999 1.0223937
-0.53747611 0.0515949 0.84169908 41.740982 0.036134691 0.99861887 -0.038139649 0.49617591 -0.84250446 0.0099153864 -0.53859816 0.55649004
-0.53419335 0.05272088 0.84371672 42.483189 0.038845227 0.99853002 -0.037800032 0.45487175 -0.8444694 0.012581842 -0.53545606 0.11126039
-0.52799751 0.051617429 0.84767577 43.241786 0.036902699 0.99860287 -0.037821983 0.40713472 -0.8484438 0.011311612 -0.52916465 -0.3478115
-0.52156194 0.050125337 0.85173971 43.982916 0.034864607 0.99869109 -0.037424197 0.36489434 -0.85250083 0.010176534 -0.52262687 -0.79812532
-0.51461547 0.049309898 0.85600198 44.767604 0.032981138 0.99874451 -0.037704803 0.31816852 -0.85678657 0.0088284451 -0.51559567 -1.2601822
-0.50822016 0.048117633 0.85988191 45.577863 0.030255306 0.99881922 -0.038010404 0.2741602 -0.86069562 0.0066983379 -0.50907588 -1.723588
-0.50413535 0.045895868 0.86240423 46.380906 0.026132359 0.99894032 -0.03788593 0.22281339 -0.86322923 0.003437021 -0.5048005 -2.160267
-0.50208738 0.04284229 0.86375502 47.232117 0.020881294 0.99908157 -0.037416519 0.17877365 -0.8645648 -0.00075003816 -0.50252085 -2.6472961
-0.50285759 0.040499117 0.86341995 48.052904 0.01847433 0.99917714 -0.036107382 0.13058964 -0.86417186 -0.0022057659 -0.503192 -3.1201191
-0.50393959 0.039311539 0.8628438 48.88836 0.016512046 0.99921964 -0.035881102 0.076784917 -0.86358109 -0.0038345907 -0.50419545 -3.603724
-0.50434704 0.038481399 0.86264314 49.767077 0.016516472 0.99925366 -0.034919009 0.028005755 -0.86334311 -0.0033634771 -0.5046062 -4.1311188
-0.50465786 0.038355833 0.86246693 50.660229 0.016625882 0.99925909 -0.034710933 -0.018894299 -0.86315936 -0.0031778711 -0.50492165 -4.6127544
-0.50429941 0.037607994 0.8627095 51.530079 0.017084857 0.99929016 -0.033574934 -0.067680348 -0.86335987 -0.0021925501 -0.50458397 -5.1257255
-0.50490062 0.037145032 0.86237784 52.429073 0.016642585 0.99930686 -0.033299131 -0.12397152 -0.86301706 -0.0024605551 -0.50516884 -5.6408807
-0.50522703 0.035405469 0.86225984 53.312462 0.014914513 0.99936705 -0.032296346 -0.1696352 -0.86285762 -0.0034568004 -0.5054353 -6.1563596
-0.50502535 0.034941849 0.86239689 54.226482 0.014562259 0.99938292 -0.031964372 -0.22798195 -0.86298169 -0.0035843705 -0.50522255 -6.6736006
-0.5045703 0.034125688 0.86269588 55.107684 0.012988124 0.99940549 -0.031937068 -0.28304733 -0.86327295 -0.0049096937 -0.50471356 -7.1775082
-0.5034879 0.032588047 0.86338745 55.996104 0.012774172 0.99945999 -0.030274713 -0.33516034 -0.86390788 -0.0042138906 -0.50363229 -7.6912875
-0.50170563 0.030445403 0.86450244 56.887209 0.013047748 0.9995331 -0.027628676 -0.38779816 -0.86494004 -0.0025816514 -0.50186863 -8.2002377
-0.49874548 0.029300215 0.86625307 57.780654 0.013907371 0.99957032 -0.025802374 -0.43278239 -0.86663695 -0.00082151346 -0.49893866 -8.7228557
-0.4968176 0.028715319 0.86737975 58.663019 0.013596364 0.99958733 -0.025304435 -0.48838407 -0.86774851 -0.00077847711 -0.49700301 -9.2061378
-0.4940652 0.029731388 0.86891631 59.574831 0.014636671 0.99955792 -0.025879102 -0.53404346 -0.86930168 -6.7921338e-05 -0.49428196 -9.7348187
-0.49328048 0.03031906 0.86934174 60.467507 0.014703008 0.99954023 -0.026517089 -0.58729806 -0.86974608 -0.00029842333 -0.49349947 -10.20814
-0.49380177 0.03121037 0.86901419 61.358954 0.014037653 0.99951158 -0.027920496 -0.63003338 -0.86946122 -0.0015882696 -0.49399871 -10.716189
-0.49656319 0.032839906 0.86737909 62.221555 0.012163828 0.99944919 -0.030876588 -0.69249737 -0.86791538 -0.0047815268 -0.49668913 -11.203246
-0.50116833 0.03315194 0.86471452 63.093168 0.011085975 0.99942985 -0.031891562 -0.74074936 -0.86527884 -0.0063968367 -0.50125011 -11.693838
-0.50606052 0.03210591 0.86190017 63.969022 0.010905129 0.99946523 -0.030827334 -0.78887936 -0.86242907 -0.0062013628 -0.50614001 -12.227255
-0.5113174 0.029912036 0.85887119 64.828296 0.014380487 0.99955196 -0.026250315 -0.84424854 -0.85927165 -0.001071256 -0.51151847 -12.742559
-0.516968 0.028211625 0.85553967 65.679987 0.011846555 0.99959684 -0.025803549 -0.89209177 -0.85592278 -0.0032044108 -0.51709379 -13.239069
-0.52153966 0.030062006 0.85269725 66.535334 0.012564978 0.99954135 -0.027553839 -0.94628274 -0.85313455 -0.0036562964 -0.52167818 -13.761413
-0.52716185 0.032578582 0.84914013 67.36224 0.013346534 0.99945899 -0.030060023 -0.9941949 -0.84966012 -0.0045134189 -0.52731146 -14.26125
-0.5316597 0.033012916 0.84631439 68.198318 0.011808716 0.99943187 -0.031567395 -1.049671 -0.84687578 -0.0067892243 -0.53174748 -14.790729
-0.5354989 0.033329985 0.84387794 69.031312 0.010744791 0.99940894 -0.032654556 -1.0988636 -0.8444676 -0.0084191867 -0.53554052 -15.302209
-0.53890712 0.031800367 0.84176469 69.846801 0.01021879 0.99946043 -0.031215645 -1.1621094 -0.84230324 -0.008220516 -0.53894131 -15.824749
-0.54133977 0.025795512 0.8404081 70.673105 0.012279634 0.99966522 -0.022773961 -1.2054033 -0.84071429 -0.0020085458 -0.54147531 -16.355293
-0.54290417 0.018144082 0.83959859 71.491036 0.013400726 0.99982645 -0.012941449 -1.2357469 -0.83968776 0.0042252648 -0.5430531 -16.890444
-0.54531037 0.014692278 0.83810541 72.326861 0.013477184 0.99987081 -0.0087591974 -1.2720412 -0.8381259 0.0065188204 -0.54543793 -17.417702
-0.54644174 0.020324271 0.83725043 73.120754 0.013617955 0.99978895 -0.01538197 -1.3045979 -0.83738643 0.0029962893 -0.54660319 -17.924059
-0.54769052 0.025200953 0.83630135 73.911888 0.013824392 0.99968241 -0.021070705 -1.3511976 -0.83656682 2.1132682e-05 -0.54786497 -18.442643
-0.5477071 0.030683506 0.83610729 74.702584 0.020336558 0.99952028 -0.023358616 -1.3824184 -0.83642299 0.0042098653 -0.54806835 -18.968307
-0.54687497 0.031443969 0.83662356 75.506804 0.023483471 0.99947739 -0.022214307 -1.4293208 -0.83688491 0.0074983776 -0.54732758 -19.51159
-0.54733046 0.02889896 0.83641746 76.302013 0.023457176 0.99954074 -0.019185229 -1.4665549 -0.83658782 0.0091193326 -0.54775698 -20.019179
-0.54608537 0.023698295 0.83739423 77.113766 0.021144951 0.99967124 -0.014501599 -1.5004482 -0.83746267 0.0097875498 -0.54640694 -20.546874
-0.54577674 0.01780143 0.83774149 77.904477 0.019808936 0.99976901 -0.0083391605 -1.5295758 -0.83769649 0.012043448 -0.5460033 -21.051064
-0.54551705 0.011230862 0.83802444 78.708717 0.010808049 0.99992133 -0.0063649727 -1.5660949 -0.83803007 0.0055852091 -0.54559552 -21.55769
-0.54430257 0.005568776 0.83887046 79.51706 0.0019694235 0.99998369 -0.0053604483 -1.5881156 -0.8388867 -0.0012656138 -0.54430466 -22.055861
-0.54213756 0.0062344628 0.84026659 80.296744 0.005065505 0.99997855 -0.0041512153 -1.6097679 -0.84027452 0.0020058457 -0.54215751 -22.557417
-0.5393108 0.0097456467 0.84205037 81.090778 0.010843608 0.9999305 -0.004627863 -1.640013 -0.84203702 0.0066350083 -0.539379 -23.065041
-0.53320752 0.012163068 0.845897 81.884842 0.010584389 0.99991429 -0.0077058416 -1.6707047 -0.8459183 0.004844491 -0.53329056 -23.57032
-0.52546824 0.015060994 0.85067986 82.667295 0.016806352 0.99983197 -0.0073203317 -1.6902359 -0.85064724 0.010450224 -0.52563307 -24.053549
-0.51781761 0.017302184 0.85531602 83.475521 0.023879848 0.99969821 -0.0057657714 -1.7286146 -0.85515773 0.0174392 -0.51807451 -24.546207
-0.50757944 0.01709802 0.86143526 84.274493 0.022571106 0.99972383 -0.0065433445 -1.7470856 -0.8613093 0.016122281 -0.50782519 -25.013218
-0.49703269 0.014224447 0.86761518 85.088626 0.018497977 0.9998121 -0.005794821 -1.7744716 -0.86753466 0.013168911 -0.49720243 -25.46608
-0.48554521 0.011220759 0.87413951 85.904578 0.019851956 0.9998013 -0.0018069275 -1.7978218 -0.87398616 0.016476035 -0.48567149 -25.910966
-0.47422965 0.010382102 0.88033992 86.722824 0.019973015 0.99979999 -0.0010316793 -1.8194804 -0.88017463 0.017093791 -0.47434216 -26.343567
-0.46334341 0.0092313247 0.88613069 87.545674 0.019334894 0.99981302 -0.0003057137 -1.8425177 -0.88596789 0.016991594 -0.46343526 -26.762503
-0.45049441 0.010955187 0.89271199 88.366335 0.022867686 0.99973823 -0.00072873901 -1.8577049 -0.89248637 0.020085965 -0.45062701 -27.172544
-0.43836016 0.014281213 0.8986859 89.193487 0.022891658 0.99972681 -0.0047208037 -1.8857935 -0.89850788 0.018503 -0.43856733 -27.565683
-0.4270362 0.024045691 0.90391472 90.023028 0.02490171 0.99957996 -0.014826242 -1.9116098 -0.90389162 0.016177681 -0.42745561 -27.958645
-0.41427942 0.029480757 0.90967212 90.84799 0.026069282 0.99944955 -0.0205179 -1.9364286 -0.90977636 0.015214356 -0.41481993 -28.317127
-0.40387241 0.025158377 0.91446928 91.683697 0.022310688 0.99959533 -0.017646874 -1.9718579 -0.91454326 0.013275355 -0.40427027 -28.686226
-0.39096025 0.021483237 0.92015677 92.544074 0.023331577 0.99963763 -0.013425682 -2.0120063 -0.92011184 0.016219801 -0.39131982 -29.034502
-0.3810611 0.022474145 0.92427663 93.397382 0.020804206 0.99965982 -0.015729951 -2.0455588 -0.9243158 0.01323477 -0.38139903 -29.371254
-0.37361255 0.026272641 0.92721267 94.242249 0.015178551 0.99963813 -0.022208751 -2.0842186 -0.9274607 0.0057762779 -0.37387614 -29.695618
-0.36879333 0.030756673 0.92900238 95.085956 0.0070645636 0.99951629 -0.030286715 -2.1249892 -0.92948461 -0.0046065413 -0.36883223 -30.017915
-0.36524273 0.032894051 0.93033094 95.912229 0.0041584555 0.99942319 -0.033704383 -2.1715563 -0.93090307 -0.0084415404 -0.36516885 -30.337324
-0.36210255 0.032871275 0.93155845 96.767345 0.0035769497 0.99941966 -0.033875463 -2.2149674 -0.93213144 -0.0089342532 -0.36200999 -30.664885
-0.35675958 0.032409552 0.93363384 97.627859 0.0021396848 0.99942376 -0.033875723 -2.2625653 -0.93419382 -0.010087806 -0.35662335 -30.979783
-0.35152018 0.028921924 0.93573341 98.464699 0.0008130266 0.99953173 -0.030588396 -2.3075194 -0.93617999 -0.0099916617 -0.35137909 -31.281017
-0.34580856 0.024886923 0.93797495 99.327331 0.00073407913 0.99965507 -0.026252818 -2.3559706 -0.93830484 -0.0083899008 -0.34570755 -31.588537
-0.33992685 0.021936264 0.94019597 100.18744 -0.00083465479 0.9997205 -0.023626833 -2.3948438 -0.94045155 -0.0088161331 -0.33981353 -31.888224
-0.33449865 0.021307293 0.94215528 101.02455 -0.0042647023 0.99969991 -0.024122812 -2.4375765 -0.94238662 -0.012087059 -0.3343074 -32.173744
-0.32803942 0.020368395 0.94444438 101.87246 -0.01722795 0.99947226 -0.027539039 -2.4733919 -0.94450697 -0.025304731 -0.3275154 -32.449507
-0.32119514 0.024147807 0.94670507 102.7157 -0.013797951 0.99944941 -0.030174492 -2.5193147 -0.94691255 -0.02275449 -0.3206851 -32.720541
-0.31429356 0.028037367 0.94891169 103.5761 -0.012314599 0.99935926 -0.03360671 -2.5697845 -0.94924601 -0.022247839 -0.31374691 -33.000773
-0.30773774 0.026287967 0.95110796 104.42923 -0.013881106 0.99938782 -0.032113718 -2.6109674 -0.95137 -0.023085033 -0.30718445 -33.270609
-0.30117663 0.021137826 0.95333402 105.29208 -0.014191621 0.9995442 -0.026645828 -2.6534015 -0.9534628 -0.021554455 -0.30073938 -33.536966
-0.29386601 0.018647198 0.95566468 106.14405 -0.0137352 0.99962408 -0.023728506 -2.6889572 -0.95574797 -0.020099246 -0.29349942 -33.782748
-0.28742908 0.021287488 0.95756529 107.00499 -0.017091341 0.99947981 -0.027349531 -2.7360083 -0.95764946 -0.024227125 -0.28691574 -34.032958
-0.28114892 0.023904236 0.95936635 107.86263 -0.01815453 0.99937834 -0.03022151 -2.7839705 -0.95949246 -0.02591359 -0.28054017 -34.272866
-0.27446232 0.025253099 0.96126616 108.71075 -0.018130426 0.9993415 -0.03142999 -2.8168211 -0.96142696 -0.026054512 -0.27382374 -34.508731
-0.26752854 0.023732905 0.96325757 109.58571 -0.020036961 0.99934342 -0.03018692 -2.8700785 -0.96334162 -0.027376617 -0.26687735 -34.740285
-0.25995876 0.023896185 0.96532395 110.43205 -0.016995721 0.99942566 -0.029317252 -2.9107507 -0.96547018 -0.024027652 -0.25940333 -34.958082
-0.251813 0.025032773 0.96745206 111.29553 -0.0121887 0.99950409 -0.029034649 -2.9553451 -0.96769919 -0.019103284 -0.25138301 -35.185348
-0.24456595 0.025743869 0.96929081 112.18347 -0.010055348 0.99952639 -0.029084018 -2.9975025 -0.96958056 -0.016859516 -0.24419126 -35.409761
-0.23819387 0.024635308 0.9709051 113.03458 -0.017081184 0.99941737 -0.02954932 -3.0388438 -0.97106745 -0.023622675 -0.23763429 -35.602298
-0.2326337 0.022759733 0.97229804 113.9063 -0.021094427 0.99937288 -0.028440593 -3.0791322 -0.97233568 -0.02712631 -0.23200771 -35.791712
-0.22785948 0.022818638 0.97342657 114.78906 -0.018719683 0.99943792 -0.027810282 -3.1220309 -0.9735141 -0.024559073 -0.22730425 -35.995561
-0.22325272 0.022928485 0.97449086 115.63973 -0.016888301 0.99948227 -0.027385554 -3.1648935 -0.97461433 -0.022571394 -0.22274992 -36.185496
-0.2185446 0.024714232 0.97551391 116.5285 -0.015659586 0.99946168 -0.028829157 -3.2072159 -0.97570134 -0.021576601 -0.21803994 -36.376023
-0.21298831 0.023667974 0.976768 117.38323 -0.010226821 0.99959779 -0.026451159 -3.2431497 -0.97700127 -0.015623019 -0.21266059 -36.561098
-0.20787961 0.022694769 0.97789106 118.25514 -0.002302173 0.99971669 -0.023690689 -3.2844969 -0.97815175 -0.0071760849 -0.20776847 -36.749871
-0.20265954 0.021668934 0.97900944 119.14561 0.00064944146 0.9997579 -0.021993732 -3.3289115 -0.97924909 -0.0038214294 -0.20262455 -36.942783
-0.19825276 0.023146232 0.97987755 120.00433 -0.0014247874 0.99971327 -0.02390305 -3.3652171 -0.98014993 -0.006134962 -0.19816294 -37.09404
-0.19501652 0.025294636 0.98047369 120.87128 -0.0039243608 0.99963926 -0.026569632 -3.4017383 -0.98079215 -0.0090292491 -0.19484691 -37.263293
-0.19301491 0.024336805 0.98089392 121.7578 -0.0061827165 0.99964234 -0.026018569 -3.4443312 -0.98117639 -0.01108656 -0.19279541 -37.431332
-0.19226132 0.022966535 0.98107494 122.61055 -0.0083841224 0.99965118 -0.025044433 -3.4851454 -0.98130799 -0.013040527 -0.1920017 -37.586529
-0.19085517 0.018965751 0.98143493 123.49954 -0.0063228395 0.99976884 -0.020549618 -3.5185253 -0.98159789 -0.010127456 -0.19069113 -37.759761
-0.19044809 0.013114559 0.98160962 124.35284 -0.0062879728 0.99987396 -0.014578542 -3.5584978 -0.98167717 -0.0089487893 -0.19034162 -37.914381
-0.18939955 0.011172915 0.98183649 125.21479 -0.0046497186 0.99991384 -0.012275573 -3.5909256 -0.98188913 -0.0068902507 -0.18933128 -38.075771
-0.18820918 0.015872061 0.98200066 126.08325 -0.0065260302 0.99982712 -0.01741096 -3.6231315 -0.98210732 -0.0096854678 -0.18807307 -38.240332
-0.18796975 0.019765029 0.98197588 126.93287 -0.0063505466 0.99975214 -0.021338446 -3.6592252 -0.98215433 -0.010247065 -0.18779764 -38.393824
-0.18814697 0.018565085 0.98196536 127.781 -0.009473507 0.99974051 -0.020716289 -3.6912567 -0.98209524 -0.013200362 -0.18792227 -38.546399
-0.1875048 0.018050344 0.98209778 128.64221 -0.010603616 0.99973569 -0.020398988 -3.7263358 -0.98220649 -0.014238695 -0.18726384 -38.702759
-0.18680592 0.018039992 0.98223115 129.48028 -0.0055117526 0.9997964 -0.019410854 -3.7655677 -0.98238142 -0.0090398767 -0.18666845 -38.8672
-0.186304 0.0207385 0.98227321 130.33527 -0.0077016953 0.99971566 -0.022567508 -3.8052053 -0.982462 -0.011769585 -0.1860913 -39.019708
-0.18650502 0.022134482 0.98220459 131.1533 -0.018204028 0.99949668 -0.025980821 -3.834684 -0.98228538 -0.022725633 -0.18600822 -39.154321
-0.18592102 0.023930791 0.98227318 131.98916 -0.02045968 0.99939232 -0.028220389 -3.8715813 -0.9823517 -0.025343758 -0.18531843 -39.297703
-0.18594549 0.026815467 0.98219403 132.83619 -0.022691326 0.99924372 -0.03157679 -3.9199296 -0.98229805 -0.028158847 -0.18519639 -39.450136
-0.18521373 0.02767911 0.98230833 133.65496 -0.018430982 0.99932957 -0.031633879 -3.962127 -0.98252545 -0.023963935 -0.1845794 -39.603263
-0.18361835 0.029126816 0.98256595 134.47913 -0.018753055 0.99927521 -0.03312664 -4.0093348 -0.98281876 -0.024508772 -0.18293905 -39.745856
-0.18195075 0.02814832 0.98290463 135.30188 -0.014854993 0.99939743 -0.031370525 -4.0466052 -0.98319547 -0.020308931 -0.18142297 -39.898177
-0.1785683 0.025070821 0.98360802 136.12329 -0.0071375381 0.99961601 -0.02677462 -4.095602 -0.98390167 -0.011801637 -0.17832079 -40.050918
-0.17592795 0.021006314 0.98417885 136.93978 0.0018139669 0.99977752 -0.021014993 -4.127214 -0.98440142 -0.001911856 -0.17592691 -40.20804
-0.17227017 0.020789632 0.98483029 137.76562 0.0064152682 0.99977974 -0.019983029 -4.157377 -0.98502889 0.0028754715 -0.1723656 -40.345276
-0.16758925 0.024790074 0.98554514 138.56418 0.0009106135 0.99968726 -0.024990951 -4.2085892 -0.98585653 -0.0032907633 -0.16755941 -40.475061
-0.1609177 0.028184733 0.98656527 139.37123 0.00295477 0.99960145 -0.028075206 -4.2454063 -0.98696345 -0.0016027232 -0.16093684 -40.603264
-0.15352641 0.028976979 0.98771954 140.14468 -0.00041732999 0.99956795 -0.029389445 -4.2800695 -0.9881445 -0.0049242602 -0.15344799 -40.716721
-0.14309903 0.025318031 0.98938445 140.95942 0.0081306876 0.99966908 -0.024405233 -4.3093686 -0.98967502 0.0045520116 -0.14325753 -40.834239
-0.13120187 0.023753156 0.99107102 141.75555 0.015859624 0.99963526 -0.021858856 -4.3491209 -0.99122885 0.012850092 -0.13153074 -40.940148
-0.11757803 0.025907943 0.99272559 142.54119 0.016110603 0.99957783 -0.024178637 -4.3876503 -0.992933 0.013150533 -0.11794578 -41.029424
-0.10343885 0.027198938 0.99426382 143.33419 0.014921745 0.99955598 -0.025791315 -4.4211919 -0.99452392 0.012168329 -0.10379878 -41.102444
-0.089644791 0.026929524 0.99560963 144.13889 0.014615959 0.99956232 -0.025720414 -4.4617975 -0.99586659 0.012246089 -0.089999158 -41.168499
-0.075905863 0.028384702 0.99671085 144.91763 0.018557666 0.99946182 -0.02704976 -4.4968151 -0.99694232 0.016443393 -0.076391768 -41.227653
-0.06216749 0.034422381 0.99747191 145.70372 0.016836867 0.99929903 -0.033436074 -4.543684 -0.99792375 0.014715666 -0.062703479 -41.264396
-0.049402415 0.043390858 0.99783593 146.45845 0.0081894429 0.99903988 -0.043037755 -4.5907952 -0.99874542 0.0060455523 -0.049710332 -41.28327
-0.035927245 0.052155632 0.99799245 147.21394 0.0015499294 0.99863892 -0.052133618 -4.6347092 -0.99935325 -0.00032619854 -0.035959184 -41.291312
-0.0223964 0.053347566 0.99832477 148.00491 0.00091991756 0.99857597 -0.05334035 -4.6832907 -0.99974879 -0.0002762545 -0.022413584 -41.301644
-0.010231423 0.049153196 0.9987388 148.78079 0.00023052961 0.99879121 -0.049153412 -4.7367365 -0.99994767 -0.00027266965 -0.010230388 -41.294831
0.00080416804 0.046394024 0.99892285 149.54126 0.0027584933 0.99891931 -0.046396079 -4.7824667 -0.99999591 0.0027928331 0.00067531985 -41.28586
0.0090398604 0.052425453 0.99858388 150.27599 -0.0045286576 0.99861663 -0.052386174 -4.8491563 -0.99994893 -0.00404868 0.0092647704 -41.253174
0.016010962 0.061115831 0.99800221 151.03824 -0.012648063 0.99806272 -0.060916621 -4.8990997 -0.99979186 -0.01164746 0.016752939 -41.236087
0.019173651 0.064745009 0.99771758 151.78528 -0.016014554 0.99779294 -0.064442137 -4.9499106 -0.99968795 -0.01474241 0.020168194 -41.204869
0.019416355 0.060202052 0.99799731 152.55121 -0.019494054 0.99801857 -0.059824069 -5.0085632 -0.99962146 -0.018293447 0.020551463 -41.184085
0.017872309 0.054768836 0.99833906 153.29557 -0.011915212 0.99843934 -0.05456103 -5.0778969 -0.99976932 -0.010920289 0.018496997 -41.170481
0.015055708 0.052182771 0.99852401 154.06558 -0.012475469 0.99856931 -0.051997032 -5.1271892 -0.99980887 -0.011674203 0.015685171 -41.153838
0.011855518 0.052241043 0.99856409 154.80609 -0.012766661 0.99856082 -0.052089298 -5.1796909 -0.99984826 -0.012130783 0.012505398 -41.13707
0.0083674848 0.052824118 0.99856873 155.55041 -0.011622911 0.99854141 -0.052725277 -5.2335946 -0.99989748 -0.011165097 0.0089692485 -41.132122
0.003901157 0.050862662 0.998698 156.2882 -0.010647285 0.99865114 -0.050818683 -5.2882171 -0.99993575 -0.01043517 0.0044374426 -41.125395
-0.0013480673 0.051219571 0.99868646 157.02568 -0.014016633 0.99858834 -0.051233457 -5.3373271 -0.9999009 -0.014067288 -0.00062823989 -41.123146
-0.0076310853 0.049362362 0.99875174 157.76187 -0.014320696 0.99867304 -0.04946789 -5.3863002 -0.99986838 -0.014680313 -0.0069140574 -41.117197
-0.013551467 0.046575983 0.99882278 158.51894 -0.010719119 0.99885038 -0.046722699 -5.4376237 -0.99985076 -0.011339661 -0.013036636 -41.128666
-0.018736289 0.046497133 0.99874265 159.25626 -0.011158034 0.99884611 -0.046711272 -5.4873591 -0.99976224 -0.0120192 -0.018195855 -41.137702
-0.024235982 0.047691598 0.998568 159.97056 -0.012397788 0.99877029 -0.048002161 -5.5332261 -0.99962943 -0.013543414 -0.02361491 -41.149688
-0.028263756 0.050039686 0.99834719 160.68693 -0.015808806 0.99859894 -0.050499859 -5.5864704 -0.99947553 -0.017209992 -0.02743309 -41.166194
-0.030993433 0.052220617 0.99815446 161.40177 -0.014619379 0.99850375 -0.052692832 -5.6397175 -0.99941271 -0.016225529 -0.030183628 -41.180815
-0.032666872 0.053900118 0.99801181 162.11949 -0.014730775 0.99841035 -0.054403807 -5.6960347 -0.99935778 -0.016478689 -0.031820954 -41.203171
-0.031438078 0.052119115 0.99814586 162.84867 -0.0093294098 0.99858072 -0.052435663 -5.7427179 -0.9994622 -0.010960588 -0.03090722 -41.230253
-0.027895581 0.048119535 0.99845193 163.55072 -0.0031932711 0.9988313 -0.048227032 -5.7863529 -0.99960578 -0.004533648 -0.027709322 -41.251263
-0.020377057 0.047658107 0.99865579 164.24908 -0.0030034747 0.99885581 -0.047728935 -5.8400308 -0.9997879 -0.0039720119 -0.020210603 -41.258864
-0.0098103097 0.048895662 0.99875567 164.95327 -0.0016222592 0.99880168 -0.048913848 -5.8916738 -0.9999506 -0.0021000997 -0.009719234 -41.258764
0.0044058423 0.049173455 0.99878049 165.62971 0.00051939662 0.99878998 -0.049176212 -5.9415285 -0.9999902 0.0007354267 0.0043749691 -41.250427
0.019616676 0.047072381 0.9986988 166.32699 -0.00092046515 0.99889148 -0.047063381 -5.9862148 -0.99980719 3.9604916e-06 0.019638257 -41.227022
0.035945478 0.041792643 0.99847945 167.03059 -0.0037883179 0.99912369 -0.041683227 -6.0299108 -0.99934661 -0.0022842332 0.036072302 -41.179868
0.052176046 0.035559024 0.99800458 167.69583 -0.0058368925 0.99935964 -0.035302148 -6.067726 -0.99862089 -0.0039833181 0.052350187 -41.13367
0.06931069 0.028112731 0.99719889 168.37546 -0.0058333645 0.99959718 -0.027774892 -6.1042992 -0.99757811 -0.0038919269 0.069446761 -41.075209
0.087013014 0.020274481 0.9960008 169.06527 -0.0062436842 0.99978435 -0.019806034 -6.1380012 -0.99618765 -0.004495331 0.087120835 -41.000417
0.10433522 0.014602811 0.99443493 169.7158 -0.008407568 0.99986942 -0.013800498 -6.1670833 -0.99450669 -0.0069209006 0.10444437 -40.917205
0.12241044 0.011863777 0.99240861 170.38316 -0.0082975029 0.99990584 -0.010929931 -6.1952726 -0.99244492 -0.0068965748 0.12249736 -40.821602
0.14038793 0.011056185 0.9900348 171.01497 -0.0079332948 0.99991811 -0.010041607 -6.2150545 -0.99006483 -0.0064445168 0.14046414 -40.7175
0.15802698 0.010554429 0.98737834 171.65861 -0.0094409763 0.99991332 -0.0091774188 -6.2359529 -0.9873897 -0.0078715351 0.15811293 -40.600296
0.1742416 0.0099124386 0.984653 172.2939 -0.014330492 0.99986896 -0.0075297299 -6.2493243 -0.98459869 -0.01279857 0.17436082 -40.476326
0.18858923 0.0065723578 0.98203403 172.92289 -0.017409508 0.99984284 -0.0033482331 -6.2693573 -0.98190177 -0.016465288 0.18867401 -40.328354
0.20079166 0.0023204913 0.97963118 173.54903 -0.012686987 0.99991949 0.00023185979 -6.2861845 -0.97955185 -0.012475123 0.20080494 -40.194971
0.21183082 0.0008832236 0.97730591 174.17194 -0.011027966 0.99993809 0.0014866322 -6.3045054 -0.97724417 -0.01109261 0.21182744 -40.053007
0.22152112 0.0042005343 0.97514648 174.77421 -0.014108554 0.99989986 -0.0011021632 -6.3212103 -0.97505355 -0.013513754 0.2215582 -39.899432
0.23039209 0.011010742 0.97303554 175.38275 -0.017248845 0.99982509 -0.0072297649 -6.3388524 -0.97294504 -0.015118059 0.23054171 -39.744141
0.23956882 0.021212897 0.97064758 175.95592 -0.018431867 0.99968047 -0.017298161 -6.358626 -0.97070445 -0.013746747 0.23988326 -39.59041
0.2477548 0.027895748 0.96842104 176.54127 -0.014014786 0.99958399 -0.025207953 -6.3725004 -0.96872144 -0.0073268218 0.24804268 -39.436667
0.25415704 0.026543473 0.96679862 177.15291 -0.013657279 0.99962215 -0.023854347 -6.3872333 -0.96706657 -0.0071410874 0.25442352 -39.277522
0.26019508 0.019147408 0.96536616 177.75224 -0.015424636 0.9997582 -0.01567215 -6.4088659 -0.9654329 -0.010812605 0.2604275 -39.101017
0.26453986 0.0083271451 0.96433876 178.35768 -0.019112643 0.99981159 -0.0033904268 -6.4290203 -0.96418538 -0.017534159 0.26464917 -38.919874
0.26672493 -0.001037929 0.9637721 178.96184 -0.017980671 0.99982001 0.0060529199 -6.4531928 -0.963605 -0.018943733 0.26665825 -38.744903
0.26755179 -0.0017550193 0.96354184 179.57229 -0.015733062 0.99985707 0.0061898479 -6.4716534 -0.96341507 -0.016815568 0.26748594 -38.576791
0.26864782 0.0015407583 0.9632372 180.1729 -0.013199603 0.99991071 0.0020819628 -6.470241 -0.96314807 -0.013273662 0.26864416 -38.41106
0.27063996 0.0011310433 0.96267993 180.77461 -0.010810681 0.99993982 0.0018644071 -6.4855045 -0.96261998 -0.010911808 0.2706359 -38.235588
0.2720874 -0.00088715761 0.96227209 181.38929 -0.01220169 0.999916 0.0043719541 -6.4814895 -0.96219522 -0.012930899 0.27205372 -38.06196
0.27476643 -0.0051186988 0.96149734 181.99823 -0.011852149 0.99989182 0.0087100791 -6.4962571 -0.96143799 -0.013789046 0.27467604 -37.879242
0.27798234 -0.010735186 0.96052616 182.61976 -0.010492103 0.99984397 0.014211097 -6.5054302 -0.96052892 -0.014028373 0.27782633 -37.695018
0.28180849 -0.013883403 0.95937018 183.24568 -0.0087703917 0.99981626 0.017044956 -6.511429 -0.95943063 -0.013217465 0.28163495 -37.511355
0.28850779 -0.015102378 0.9573584 183.84943 -0.0082863011 0.99979877 0.018269022 -6.5058882 -0.95744173 -0.013203714 0.28832459 -37.319304
0.29642283 -0.018383743 0.95487982 184.48173 -0.0066274284 0.99975106 0.021304972 -6.50807 -0.95503385 -0.012643677 0.2962272 -37.12261
0.30596086 -0.020447287 0.95182445 185.09048 -0.004346773 0.99972891 0.022873637 -6.5117522 -0.95203421 -0.011135802 0.30578904 -36.91331
0.31687302 -0.018660372 0.94828435 185.70796 -0.0056151401 0.99975201 0.021549476 -6.5144598 -0.94845139 -0.012153197 0.31668966 -36.694211
0.32813338 -0.015149279 0.94450988 186.33201 -0.0059270369 0.99981869 0.018095513 -6.513202 -0.94461285 -0.011535886 0.3279841 -36.469046
0.3397484 -0.011696725 0.94044358 186.93732 -0.0071814482 0.99986125 0.015030129 -6.5127209 -0.94048898 -0.011860209 0.33961726 -36.234743
0.35151061 -0.010623767 0.93612358 187.56683 -0.0070191707 0.9998776 0.013982961 -6.5079345 -0.93615762 -0.01148597 0.35139301 -35.990612
0.36278381 -0.014004923 0.93176805 188.18857 -0.0056342659 0.99983582 0.017221715 -6.5119229 -0.93185634 -0.011497588 0.36264534 -35.736651
0.37350455 -0.015531556 0.92749827 188.80031 -0.0062756746 0.99979463 0.019269426 -6.5108041 -0.92760716 -0.013017895 0.37333037 -35.480854
0.3852464 -0.015872313 0.9226772 189.43114 -0.0086399821 0.99974621 0.02080555 -6.5137529 -0.92277334 -0.015987177 0.38501149 -35.20439
0.39433393 -0.017300062 0.91880433 190.04833 -0.010848999 0.99966547 0.023478778 -6.5037831 -0.91890322 -0.019226586 0.39401432 -34.921124
0.40171542 -0.01602237 0.91562434 190.67747 -0.015158556 0.9995936 0.024142306 -6.5028904 -0.91563913 -0.023577879 0.40130928 -34.62141
0.40664623 -0.018264631 0.91340308 191.31781 -0.015428385 0.99952026 0.026855354 -6.4937708 -0.91345546 -0.025012963 0.40616935 -34.32346
0.4078439 -0.02356959 0.91274737 191.97624 -0.010189083 0.99948703 0.03036224 -6.4859211 -0.91299485 -0.021683113 0.40739454 -34.044207
0.40843983 -0.022288453 0.91251305 192.61908 -0.008091356 0.99957415 0.028036633 -6.4827218 -0.91274942 -0.018834745 0.40808555 -33.749439
0.40774806 -0.021710789 0.91283629 193.28376 -0.0059463678 0.99963295 0.026431289 -6.4772134 -0.91307515 -0.016205367 0.40746929 -33.456487
0.40618875 -0.0208759 0.91355067 193.95305 -0.0024526116 0.9997105 0.023935267 -6.470352 -0.91378595 -0.011962821 0.40601996 -33.164918
0.4062565 -0.022123815 0.91349117 194.61961 8.1224688e-05 0.99970772 0.024175767 -6.4611882 -0.91375912 -0.009747364 0.40613955 -32.865033
0.40534699 -0.028442431 0.91372029 195.31207 0.0050364151 0.99957018 0.028880513 -6.4488975 -0.91414907 -0.0071047538 0.40531602 -32.570438
0.40477833 -0.031475704 0.91387292 195.99469 0.0048686923 0.99946742 0.032267286 -6.4453639 -0.91440192 -0.0086117314 0.40471599 -32.259625
0.40330671 -0.033978272 0.91443376 196.68818 0.005831488 0.99938551 0.034562935 -6.4337196 -0.91504632 -0.0086069532 0.40325702 -31.962484
0.40070319 -0.033912839 0.91558004 197.37137 0.0047929723 0.99937865 0.034919075 -6.4228217 -0.91619542 -0.0096038342 0.40061676 -31.660989
0.39962264 -0.034452001 0.91603206 198.05361 0.0038344627 0.99934757 0.035912701 -6.4075216 -0.91667176 -0.010839037 0.39949402 -31.344944
0.39776803 -0.033647162 0.9168688 198.75134 0.0029984064 0.99936965 0.035373962 -6.4019658 -0.91748116 -0.011321485 0.39761818 -31.045087
0.39698571 -0.030549215 0.91731621 199.42637 0.0044629088 0.99949836 0.031354706 -6.3940754 -0.91781398 -0.0083534707 0.3969229 -30.7461
0.39570957 -0.024350091 0.9180528 200.12287 0.0028502971 0.99967618 0.025286472 -6.3949184 -0.91837132 -0.0073893753 0.39565084 -30.449819
0.39432568 -0.021172485 0.91872679 200.798 0.00077813757 0.99974189 0.022705532 -6.3846933 -0.91897047 -0.0082384779 0.39424037 -30.147181
0.39365393 -0.023912468 0.91894761 201.49678 0.00038011761 0.99966576 0.025850049 -6.3745431 -0.91925867 -0.0098266648 0.39353145 -29.849119
0.39223304 -0.026903266 0.91947234 202.18161 -0.0014158243 0.99955338 0.029850363 -6.3685532 -0.91986483 -0.013010109 0.39201977 -29.543012
0.38916891 -0.026222965 0.92079305 202.86598 -0.0057325827 0.99950643 0.030887467 -6.3707855 -0.92114861 -0.017298964 0.38882651 -29.25142
0.38498956 -0.026354836 0.92254452 203.55883 -0.0081537694 0.99945606 0.031954681 -6.360803 -0.92288495 -0.019824433 0.38456526 -28.951871
0.37804352 -0.027419514 0.92538165 204.23849 -0.0082016006 0.99942289 0.032963969 -6.3520809 -0.92575153 -0.020051425 0.37760046 -28.667348
0.36942789 -0.027567949 0.92885035 204.93895 -0.0079159787 0.99943022 0.032811124 -6.3402393 -0.92922572 -0.019474104 0.36899917 -28.395697
