1.000000000000000000e+00 -3.306050084167601550e-19 -2.270457535318767223e-19 -8.673617379884035472e-19 7.546676715296109287e-19 1.000000000000000000e+00 6.237773588823049983e-19 1.387778780781445676e-17 -3.447385680526250622e-20 4.770700176052009879e-20 1.000000000000000222e+00 5.551115123125782702e-17
9.998789955831148824e-01 1.284566242455976526e-03 1.550477682804415717e-02 4.805820244376854400e-03 -1.269900974024629637e-03 9.999987122759803615e-01 -9.556070037371941755e-04 1.783579695086455474e-02 -1.550598651120302721e-02 9.358035394657341537e-04 9.998793436088004860e-01 1.364266749709916460e-01
9.998551792010784700e-01 3.612775735587783754e-03 1.663073801761425635e-02 -1.529407432813379916e-02 -3.644722885749756506e-03 9.999915432306076823e-01 1.891713922434148107e-03 1.161970502886403023e-02 -1.662376710355600862e-02 -1.952044167462403754e-03 9.998599631113744834e-01 2.484254712547125654e-01
9.979240255272416871e-01 4.681191762223525094e-03 6.421880946698647896e-02 6.349487283376498148e-02 -4.817764549879960563e-03 9.999864331981866972e-01 1.971892889836914051e-03 1.197341098128372472e-02 -6.420871378326885315e-02 -2.277300838750473053e-03 9.979330709758048590e-01 4.755597192091872705e-01
9.964126238392589929e-01 4.565540568889783248e-03 8.452243177368228000e-02 1.013342966440060333e-01 -4.910668121754283716e-03 9.999804272795282944e-01 3.875513352329699405e-03 1.127110130151781631e-02 -8.450308748932870706e-02 -4.276465357024990428e-03 9.964155292797723940e-01 5.670233344914095142e-01
9.918074327534180945e-01 1.687881692090884836e-03 1.277192895800290662e-01 2.111998155195464466e-01 -2.311333267767504401e-03 9.999861543187777979e-01 4.731873475302422576e-03 1.622855114352277084e-02 -1.277095285968776195e-01 -4.988403934242854713e-03 9.917976118490078319e-01 8.759839035113481387e-01
9.867633811137340727e-01 -1.279676733875017821e-03 1.621560304863467195e-01 2.313189552659850601e-01 4.327637367820504804e-04 9.999860949395269483e-01 5.257578950052402798e-03 7.718901908365813358e-03 -1.621605043474053653e-01 -5.117777724809050889e-03 9.867502392749558648e-01 9.994529348616469910e-01
9.773660474789774844e-01 -2.095630344636979347e-03 2.115334911118411376e-01 3.212782077997627939e-01 8.115367267367086437e-04 9.999807389262349577e-01 6.156397193086335200e-03 8.568723282949733400e-03 -2.115423479542091478e-01 -5.845299502626760506e-03 9.773489151939087627e-01 1.290359683467709351e+00
9.678064764469450632e-01 -2.052756811645870070e-03 2.516805427335157552e-01 4.035388168745704940e-01 -3.312220001161554519e-04 9.999554880763676934e-01 9.432538018618758305e-03 3.719988548329532241e-02 -2.516886992160386471e-01 -9.212268277313879344e-03 9.677627375488310202e-01 1.452678528184165652e+00
9.533909026243517770e-01 -6.324559695882510900e-03 3.017607344617824761e-01 5.544923545546903698e-01 1.501305091728201294e-03 9.998673396566806204e-01 1.621920670063995568e-02 3.301470061252471944e-02 -3.018232946660514560e-01 -1.501089633903346029e-02 9.532739261073345238e-01 1.710327677367150745e+00
9.356551153345505911e-01 -1.631661751363513643e-02 3.525254852019826246e-01 6.986135278064933285e-01 7.756213117771805846e-03 9.996400859269654049e-01 2.568777682772628579e-02 3.519962710528182215e-02 -3.528176573657202386e-01 -2.130090306246132034e-02 9.354449739856764978e-01 1.942063327991432331e+00
9.162965371760171118e-01 -2.187471532094862822e-02 3.998395909367568613e-01 8.499487963618483910e-01 1.026411490181897319e-02 9.994619631289236583e-01 3.114917254898973142e-02 2.965346255419877564e-02 -4.003059074491434055e-01 -2.443720963618397149e-02 9.160280130236119200e-01 2.149441974527601218e+00
8.907096805097338699e-01 -2.475992929416922714e-02 4.539737325325550188e-01 1.046517496061687647e+00 9.044251084980853631e-03 9.992831341005918855e-01 3.675142097040851041e-02 3.522282167712305345e-02 -4.545585660894260194e-01 -2.862911597792043572e-02 8.902949876090655579e-01 2.436663656120439558e+00
8.641747579361528375e-01 -2.576939612021115003e-02 5.024127191316940522e-01 1.228524081805804746e+00 6.533350806996095217e-03 9.991781232817702474e-01 4.000060434465747827e-02 4.970650567005382298e-02 -5.030308881612546301e-01 -3.128081353645119356e-02 8.636331097832065096e-01 2.618039582606077165e+00
8.310293281314837799e-01 -3.119411544414555856e-02 5.553463208751591162e-01 1.467798338209220788e+00 7.537036246315620240e-03 9.989660557999160417e-01 4.483375728086678308e-02 5.442543025964342168e-02 -5.561707277666751992e-01 -3.307229417014576761e-02 8.304051855075345046e-01 2.904358844712334076e+00
7.952054710202680621e-01 -3.699817217765338090e-02 6.050906530920966420e-01 1.702287502475120951e+00 9.225743459445561248e-03 9.987593599679666090e-01 4.893494279608325004e-02 7.147188293955709926e-02 -6.061503694475132153e-01 -3.332947273401366123e-02 7.945602258507548088e-01 3.120180541265272112e+00
7.581550236696582568e-01 -4.264489949137861835e-02 6.506531634159192778e-01 1.957271354234149108e+00 1.132252398287358214e-02 9.985698182868949502e-01 5.224548861868422850e-02 8.125469629114839831e-02 -6.519506999752457954e-01 -3.224431949943540321e-02 7.575533910947468419e-01 3.353062310519449696e+00
7.210325706743577756e-01 -4.530788649511655747e-02 6.914907179927149983e-01 2.238310284756621638e+00 1.199943986178061105e-02 9.985268714488557684e-01 5.291283781238084738e-02 9.184992491363909439e-02 -6.928695751468173514e-01 -2.985713891983686474e-02 7.205138096010298421e-01 3.554863211735161066e+00
6.791389287147246989e-01 -4.817164758763010923e-02 7.324089212403577243e-01 2.570899695755783476e+00 1.135831113319194993e-02 9.984145374819566321e-01 5.513540068820240586e-02 1.124384585974719519e-01 -7.339032291554133947e-01 -2.913062567778704898e-02 6.786090222638595515e-01 3.771920106113814342e+00
6.363111987172368478e-01 -4.831181436099979409e-02 7.700354831586110338e-01 2.898769012933542832e+00 6.239848430050068569e-03 9.983271028984759266e-01 5.748266131076949781e-02 1.388520918749698851e-01 -7.715240225628674509e-01 -3.178094577364871942e-02 6.355475861978555630e-01 3.964219289377120425e+00
5.936471880813100066e-01 -4.916381744528651454e-02 8.032515111549900499e-01 3.245359936768802633e+00 3.387353875144867230e-03 9.982758027012761382e-01 5.860935594358647471e-02 1.597145292886161805e-01 -8.047478111061028283e-01 -3.207449595626034322e-02 5.927902536555855750e-01 4.211506936394063594e+00
5.553107352554733644e-01 -5.032643771584435072e-02 8.302617302526497101e-01 3.639762500698920711e+00 1.223208920547641304e-03 9.982156812200930762e-01 5.969239775380269508e-02 1.800992659918712047e-01 -8.317850608946540936e-01 -3.212916349884010342e-02 5.543814747979323165e-01 4.413873921923224586e+00
5.157529821301287676e-01 -5.187451523114484930e-02 8.552104644031588432e-01 4.053321200005338021e+00 -1.372481460294016058e-03 9.981136873618088323e-01 6.138659080082087272e-02 2.006972792700528196e-01 -8.567817647512467882e-01 -3.283294674113564071e-02 5.147092277248593861e-01 4.626560501909708023e+00
4.802539286747173897e-01 -5.342981423509868960e-02 8.754480040962406839e-01 4.470705296209011692e+00 -3.515347471666160819e-03 9.980178388837248615e-01 6.283902855626888329e-02 2.234598989278286929e-01 -8.770696759768547013e-01 -3.326268404153002317e-02 4.791139512640371634e-01 4.845803013327816267e+00
4.445801147298586997e-01 -5.294558875012369409e-02 8.941832937513317647e-01 4.941723032721333730e+00 -4.461933864277688871e-03 9.981086315235530027e-01 6.130025616879875711e-02 2.541309326375216782e-01 -8.957377212526950183e-01 -3.124565672184131601e-02 4.435025026403263126e-01 5.020828627886184670e+00
4.093586889690475905e-01 -5.189031619793335603e-02 9.109316715685142896e-01 5.456736507750041376e+00 -3.401815821289177165e-03 9.982873920070934881e-01 5.841245534410451079e-02 2.828460611142309400e-01 -9.124024346982154698e-01 -2.701075476855986646e-02 4.084815173095341367e-01 5.224861902256983548e+00
3.795471925612552977e-01 -5.093776186725083172e-02 9.238279234633576253e-01 5.976854442099618581e+00 -7.621296967939334864e-04 9.984661535072112404e-01 5.535284640302996079e-02 3.091756331874164765e-01 -9.252301863287129002e-01 -2.172261182018601217e-02 3.789254988507382294e-01 5.406642322612795759e+00
3.551221242622755736e-01 -4.950331332316879746e-02 9.334517378550574174e-01 6.524942201284857468e+00 -2.477779647050047055e-04 9.985922551846996287e-01 5.304775908677933360e-02 3.464390114089305195e-01 -9.347626245336173589e-01 -1.908389788983144361e-02 3.546093674726569778e-01 5.598906681052248757e+00
3.341470472374699630e-01 -4.819623613941032697e-02 9.413198416594824591e-01 7.130205760572464690e+00 9.823728028242040538e-04 9.987090772257150029e-01 5.077344044380904114e-02 3.684115367108350969e-01 -9.425523214284274864e-01 -1.603445711394306875e-02 3.337629975651661418e-01 5.784075535022709325e+00
3.196065737091182135e-01 -4.831017247923166669e-02 9.464055404847507846e-01 7.706145472980412414e+00 1.292271504825019896e-03 9.987204516942153054e-01 5.055470398746300664e-02 4.039273167493864225e-01 -9.476372677728069904e-01 -1.492756548358181029e-02 3.192604324919455783e-01 5.960888189656419200e+00
3.065545741999018414e-01 -5.040545685712847362e-02 9.504230032461716826e-01 8.349151864022928748e+00 2.222774156106311749e-03 9.986320412013890424e-01 5.225472148402553196e-02 4.263128774335548377e-01 -9.517560278221666170e-01 -1.391441366363010967e-02 3.062473078431855456e-01 6.181812435032194131e+00
2.968203470601430416e-01 -5.179845305422166313e-02 9.535000534125723792e-01 8.982921844126982691e+00 8.358965390589083314e-04 9.985420432782015077e-01 5.397883183102493432e-02 4.637009132141674539e-01 -9.549047707176181454e-01 -1.524143114677900361e-02 2.964302229295541768e-01 6.378692655654279342e+00
2.853635208242950583e-01 -5.397208979719624738e-02 9.569517793846136211e-01 9.655999764770085037e+00 -1.271625872952852931e-04 9.984105639028978407e-01 5.636528027527527157e-02 5.084577319782005445e-01 -9.584731506076887841e-01 -1.620203877641455958e-02 2.849036386805526844e-01 6.572338354457031073e+00
2.754886693956483668e-01 -5.496857818276661839e-02 9.597452942230404460e-01 1.036117477009991994e+01 -7.561538419300936446e-04 9.983509801904424386e-01 5.740667925204420707e-02 5.422300933857970850e-01 -9.613182463333178607e-01 -1.654093960277419270e-02 2.749930053669121799e-01 6.789758274250562664e+00
2.673233396272279294e-01 -5.832570918301171331e-02 9.619316825319609299e-01 1.110762446196451592e+01 -3.132014400398845395e-03 9.981077360988799274e-01 6.140935610028471631e-02 5.745615818147671305e-01 -9.636947619874530746e-01 -1.940825719959357945e-02 2.666358953375060903e-01 6.988410065566810658e+00
2.555825581303636795e-01 -5.903906213175880158e-02 9.650031828488181418e-01 1.182330448973269554e+01 -3.197625539362348567e-03 9.980765621880213212e-01 6.190826893132229253e-02 6.184341303526733613e-01 -9.668022671180812599e-01 -1.890613531209317175e-02 2.549021928339283427e-01 7.170210420038040766e+00
2.432014483141637651e-01 -5.939138668919599628e-02 9.681685285135903651e-01 1.256995066516060255e+01 -3.250326825943060903e-03 9.980691653167361732e-01 6.201453426777289030e-02 6.540087932805727089e-01 -9.699818265426042307e-01 -1.824245930652857242e-02 2.425375759996086511e-01 7.368295908988837795e+00
2.348285142887829580e-01 -6.349247126141924213e-02 9.698544243258468978e-01 1.336605816575566408e+01 -4.224819594223429460e-03 9.977880480735602520e-01 6.635601546708234932e-02 6.932080449831951041e-01 -9.719216143126702123e-01 -1.968641598924123284e-02 2.340411953967511394e-01 7.556035482832197836e+00
2.228972631739868371e-01 -6.651772017889504007e-02 9.726125277334231045e-01 1.417048029290892330e+01 -7.213310383284426454e-03 9.975283047750388432e-01 6.988339180025007757e-02 7.425547819887432510e-01 -9.748596662171223892e-01 -2.256084159986449650e-02 2.218678673861337325e-01 7.743618143635955242e+00
2.114118836246066391e-01 -6.955099181861987279e-02 9.749704786541499857e-01 1.496459883771096244e+01 -7.256547025453891943e-03 9.973253868847343773e-01 7.272014604181852027e-02 7.842755278679320874e-01 -9.774219177773023626e-01 -2.243572392884896419e-02 2.103421375402425020e-01 7.920341314519646403e+00
1.986159630706358092e-01 -7.255251036336243797e-02 9.774538409026953811e-01 1.577673350943702424e+01 -8.265210599250743043e-03 9.970968425849227046e-01 7.567917399007681456e-02 8.274300135355054930e-01 -9.801079630494304862e-01 -2.310066138136749464e-02 1.974395653933689043e-01 8.084381223166634101e+00
1.852052597581228810e-01 -7.349158617730611187e-02 9.800050907038179160e-01 1.658772896808825337e+01 -9.279425133712928750e-03 9.970237073075925993e-01 7.652645484224658567e-02 8.678790764008674774e-01 -9.827144669733054450e-01 -2.324632187008855710e-02 1.839728360224727743e-01 8.221277561973460379e+00
1.693647549422302445e-01 -7.171020419493362441e-02 9.829749418324228438e-01 1.739280204832993348e+01 -1.151932288075438633e-02 9.971362775493138875e-01 7.474725953407311552e-02 9.244586672185730603e-01 -9.855217033323502296e-01 -2.396534317069452108e-02 1.680546977321117352e-01 8.379017621061688459e+00
1.532161683813626774e-01 -7.098111234930420954e-02 9.855926675412955973e-01 1.822081759697022108e+01 -1.196042326318452406e-02 9.972109999595679675e-01 7.366981232668358415e-02 9.652435564670397428e-01 -9.880723610952748537e-01 -2.308499752884185865e-02 1.519394609019664721e-01 8.495977071624643884e+00
1.314088648426385564e-01 -7.016170105611931052e-02 9.888481094678932548e-01 1.906191694257751124e+01 -1.371695211910469239e-02 9.972684928266980497e-01 7.257843353950416132e-02 1.014002472221643636e+00 -9.912386701980531178e-01 -2.311328578054948693e-02 1.300869689030818288e-01 8.605899324553490715e+00
1.081022604241112239e-01 -6.764784676669631514e-02 9.918569652442056350e-01 1.989232635700741625e+01 -1.891937278043803045e-02 9.973612225464494330e-01 7.008087235384030667e-02 1.061474843409526247e+00 -9.939817514137765375e-01 -2.632515069483812309e-02 1.065374160462966013e-01 8.701570027644981664e+00
7.803079482334028538e-02 -6.692041447988966718e-02 9.946886166474667723e-01 2.073776976081238743e+01 -2.229194273552445593e-02 9.973784773000310411e-01 6.884703647731987841e-02 1.101176384099334493e+00 -9.966867680679348807e-01 -2.756685794963654665e-02 7.633390892645253167e-02 8.760103314152994258e+00
4.489610220075061081e-02 -6.680087572369715343e-02 9.967538784623233283e-01 2.159781494089144616e+01 -2.662053836796015455e-02 9.973280986165793394e-01 6.802275951640543439e-02 1.150890294236960987e+00 -9.986336044406414203e-01 -2.960286174158167916e-02 4.299726858498333776e-02 8.780761200545539324e+00
1.057662374369903319e-02 -6.648520247715969389e-02 9.977310398212608789e-01 2.243603161108237742e+01 -2.801814753946488962e-02 9.973756190221586548e-01 6.675429910777883058e-02 1.184003857173989260e+00 -9.995512911224767594e-01 -2.865355559852085510e-02 8.686161923871574264e-03 8.789207757232615492e+00
-2.415939519001942398e-02 -6.629432743341630296e-02 9.975048608512957493e-01 2.331817859027456663e+01 -2.985682925881351715e-02 9.974017698702807300e-01 6.555417137503227742e-02 1.223966829335822570e+00 -9.992590574057933495e-01 -2.819857676098148219e-02 -2.607610130987614988e-02 8.743521417989335021e+00
-5.591005208038761498e-02 -6.373992683861738617e-02 9.963863501172505188e-01 2.417812564264018960e+01 -3.163589929270990003e-02 9.975714962572667099e-01 6.204016840581300096e-02 1.263835535713385694e+00 -9.979233783738937769e-01 -2.801641908152712260e-02 -5.779008628889571036e-02 8.698557311989331353e+00
-8.747163039791845673e-02 -6.142984407361726934e-02 9.942706363170825679e-01 2.503291140933690428e+01 -3.441258932549297322e-02 9.976875073585310671e-01 5.862894986016020660e-02 1.302950682237937752e+00 -9.955717600750444429e-01 -2.910876040462913664e-02 -8.938332643494731333e-02 8.610317016079068964e+00
-1.220095477715953669e-01 -5.624842655053825108e-02 9.909011907898792604e-01 2.591030976556667298e+01 -3.281123585837332490e-02 9.980753126388604013e-01 5.261188695174434660e-02 1.336218062694409792e+00 -9.919552087707161903e-01 -2.605535437373718635e-02 -1.236198584665843536e-01 8.495268292536799493e+00
-1.535873794527674863e-01 -5.243976658375871375e-02 9.867130460763948729e-01 2.675157018159097433e+01 -2.690580006554063250e-02 9.984423900080139358e-01 4.887021287922754809e-02 1.356271932273504621e+00 -9.877392469815359233e-01 -1.903662265464186112e-02 -1.547590941648274154e-01 8.324748799982451430e+00
-1.852987397322592433e-01 -4.420460531608450677e-02 9.817360231127859604e-01 2.760700103730639299e+01 -2.171522911131753067e-02 9.989281268266436697e-01 4.088459950331774923e-02 1.384899449595915044e+00 -9.824905838875871433e-01 -1.375791528363252102e-02 -1.860602778929530410e-01 8.159148418603221486e+00
-2.114858548261284721e-01 -3.832371860732657065e-02 9.765936145865330431e-01 2.843989432212489987e+01 -1.551853825210671410e-02 9.992366473787659409e-01 3.585302599281291885e-02 1.393978336646505500e+00 -9.772224392477928401e-01 -7.570218044185518178e-03 -2.119191110626928720e-01 7.969500588142645725e+00
-2.401527971056720556e-01 -3.368292778819155509e-02 9.700444783152336603e-01 2.925619936228790152e+01 -8.318055078819674292e-03 9.994321145276860996e-01 3.265037610432904025e-02 1.413743207757883313e+00 -9.705942053502848443e-01 -2.026570307517817308e-04 -2.402962215376907851e-01 7.769618610643835410e+00
-2.683322413730212519e-01 -2.238834311228293100e-02 9.631540725252322188e-01 3.010007409780944343e+01 -1.686933837420090138e-03 9.997395603023707666e-01 2.276167617779690025e-02 1.412575744455719207e+00 -9.634126831585603234e-01 4.471980694974164554e-03 -2.683002694641701269e-01 7.502577445016037849e+00
-2.913510187292214226e-01 -8.014607502917289392e-03 9.565384849755563801e-01 3.090117273454078628e+01 2.412284282703665381e-03 9.999556312756983090e-01 9.111690997848486545e-03 1.408005661817923526e+00 -9.565692142220293404e-01 4.961357005285165975e-03 -2.913187529616684812e-01 7.241925909336730527e+00
-3.160224228511689937e-01 9.737154917270059856e-03 9.486715184120417810e-01 3.170470508235872487e+01 4.217724654827248801e-03 9.999518751401236250e-01 -8.862219473143397031e-03 1.391126469057240023e+00 -9.487122714954671077e-01 1.201348613137193230e-03 -3.160483032353809674e-01 6.973006155541646933e+00
-3.434288022383576999e-01 2.492153680063898327e-02 9.390125078930414704e-01 3.250138409751363611e+01 3.142181361840155028e-03 9.996729712540185497e-01 -2.537842799249339851e-02 1.373974561516638548e+00 -9.393379470536966647e-01 -5.762868533013144889e-03 -3.433949155995993374e-01 6.671839876597742247e+00
-3.646517898833941951e-01 3.594549338936253030e-02 9.303168879229959387e-01 3.328497767511179717e+01 7.444969979091481567e-03 9.993347754036495667e-01 -3.570191370611373871e-02 1.334498362179284747e+00 -9.309817558500014245e-01 -6.106516304951513027e-03 -3.646765374897835699e-01 6.370434021268964742e+00
-3.898764258491102530e-01 3.965270022182332266e-02 9.202100593089077574e-01 3.407519819055006138e+01 1.055387035956207274e-02 9.991997282977450601e-01 -3.858447066963043015e-02 1.288194228153213716e+00 -9.210033321569803810e-01 -5.320686256394925942e-03 -3.899831568607136645e-01 6.046365469893519418e+00
-4.125499515436221176e-01 3.916593515027003841e-02 9.101913476394126734e-01 3.486478874458369859e+01 1.329908254887549046e-02 9.992278569420338652e-01 -3.698508723573751961e-02 1.237357741997216376e+00 -9.109367134107301256e-01 -3.138025270561788701e-03 -4.127522373972368763e-01 5.695008655555240829e+00
-4.324899825563216504e-01 3.482202305490880723e-02 9.010330373229664680e-01 3.560727419626461199e+01 1.617132932257248426e-02 9.993931799174810005e-01 -3.084773332344616092e-02 1.198327584057572004e+00 -9.015601555157692903e-01 1.237863812857546968e-03 -4.327908690702200190e-01 5.323948089579817911e+00
-4.514481914712324406e-01 3.394065905950485046e-02 8.915441409802072892e-01 3.638411741682285339e+01 2.503279903861421046e-02 9.993648633706182505e-01 -2.534730284629197264e-02 1.160474055017290729e+00 -8.918381808707838143e-01 1.087400849770179222e-02 -4.520112189326958019e-01 4.943855065048993858e+00
-4.630912518809160994e-01 3.462270335441015173e-02 8.852217150138528279e-01 3.711019312510288870e+01 2.914816532512063199e-02 9.992911159302750868e-01 -2.381040154919307136e-02 1.117388237890050595e+00 -8.854188246598856393e-01 1.476856273189199389e-02 -4.637722336248595312e-01 4.532490746275417592e+00
-4.772537021971066107e-01 3.637923273164107851e-02 8.780703516536538800e-01 3.785835434614894979e+01 3.013078477151064777e-02 9.992327687840013573e-01 -2.502002324876629810e-02 1.069246554278593608e+00 -8.783068731701029197e-01 1.451734291941473957e-02 -4.779837159876058061e-01 4.126003366537213779e+00
-4.838452736234026275e-01 3.936748645322029477e-02 8.740048140921571340e-01 3.854850892055164024e+01 3.144354939800518556e-02 9.991248639884326987e-01 -2.756780054827311782e-02 1.027197789691547403e+00 -8.743254814804873876e-01 1.413777656042555612e-02 -4.846596710649507256e-01 3.727800431847946072e+00
-4.920079210248491930e-01 3.922764699170929598e-02 8.699130886889474557e-01 3.928993783676736484e+01 2.595275343019051717e-02 9.992012532411009840e-01 -3.039588189492566442e-02 9.876162264409003022e-01 -8.704105291295352043e-01 7.630928650187716530e-03 -4.926329307765850984e-01 3.337615996068016511e+00
-5.062949581270117516e-01 3.800031691517863353e-02 8.614202904358401192e-01 3.997462926805529548e+01 2.456593503432421416e-02 9.992589749365230478e-01 -2.962549109589630511e-02 9.626370158364345730e-01 -8.619077327568978042e-01 6.161776323476790378e-03 -5.068533891582965856e-01 2.927165757608009233e+00
-5.142789921496488947e-01 3.922876860705318963e-02 8.570675299155489091e-01 4.068437250222071100e+01 2.674737131483433117e-02 9.992011049347256924e-01 -2.970779510819528818e-02 9.211823330601550675e-01 -8.575480368395430597e-01 7.659227912871072359e-03 -5.149175542218442647e-01 2.503038634982284183e+00
-5.208483499611871181e-01 4.170391871952064400e-02 8.531555101348839987e-01 4.138276571879247001e+01 3.022405221236290282e-02 9.990808289578990697e-01 -3.040153925741638508e-02 8.809263127520594594e-01 -8.536388619082040385e-01 9.965801825952982917e-03 -5.216302632298052133e-01 2.084778864508502583e+00
-5.246975333336195702e-01 4.491607995737813969e-02 8.500136378281198946e-01 4.211315061396886961e+01 3.163748810165264297e-02 9.989464976887042491e-01 -3.320899663079439346e-02 8.495618114992347092e-01 -8.506100088716360696e-01 9.457290855707697549e-03 -5.255659409023257789e-01 1.614743453446009447e+00
-5.209177686372172822e-01 4.688208817165401276e-02 8.522658327116140464e-01 4.283866468652187365e+01 3.092178074540084809e-02 9.988717510381298625e-01 -3.603104905133620167e-02 8.077567009727153469e-01 -8.529938816100736121e-01 7.577667538330812823e-03 -5.217796683788483714e-01 1.182359877148761562e+00
-5.194504948576703640e-01 4.673612179811563461e-02 8.538720665811098121e-01 4.360156561632465611e+01 3.266354702119442927e-02 9.988596459664190741e-01 -3.483866530402903589e-02 7.672987912655750975e-01 -8.545259290521205475e-01 9.818686569004008921e-03 -5.203847217874595366e-01 7.230642702833900426e-01
-5.128353708708308645e-01 4.427599140101932257e-02 8.578305471165206253e-01 4.433660432460465728e+01 3.059922049456778245e-02 9.989776084601100781e-01 -3.328187407267477887e-02 7.243590792011966872e-01 -8.584267604611928171e-01 9.192428803722523314e-03 -5.136659340118562289e-01 2.866181132037501911e-01
-5.038153437419199410e-01 4.286033170055552483e-02 8.621209147878825529e-01 4.515971107393303896e+01 2.871032080222632454e-02 9.990468660874992635e-01 -3.287588307741746985e-02 6.880422688306429002e-01 -8.627089789604744929e-01 8.168579337771585472e-03 -5.045654905081160546e-01 -1.718046398336903202e-01
-4.972617360843620826e-01 4.190868813414650590e-02 8.661507457727818382e-01 4.595779885964809353e+01 2.621181419890538863e-02 9.991023912132083185e-01 -3.325884734990929015e-02 6.451867814036322812e-01 -8.667675975917824571e-01 6.148506107767966189e-03 -4.979138117240763384e-01 -6.308380879018110621e-01
-4.907073530894951463e-01 4.038877262255106265e-02 8.704282095779745099e-01 4.677448500664880982e+01 2.370226100555278964e-02 9.991740823241235248e-01 -3.300387850919624111e-02 6.058481226281360321e-01 -8.710425841121390844e-01 4.425675016427388538e-03 -4.912592259158417018e-01 -1.076243795137447501e+00
-4.856093248096353676e-01 3.892340259992350254e-02 8.732231587538427098e-01 4.763554046414371612e+01 1.983654689758240428e-02 9.992413449514790935e-01 -3.351402682144689893e-02 5.675513203165286624e-01 -8.738655183616378386e-01 1.040562246542253494e-03 -4.860128966829813657e-01 -1.553027562707304465e+00
-4.857332813964563289e-01 3.555201225556901823e-02 8.737143318728157748e-01 4.846128750847775279e+01 1.464025527880671515e-02 9.993634732314092828e-01 -3.253538419167410767e-02 5.282267531119758663e-01 -8.743147426560632374e-01 -3.003577440804236758e-03 -4.859446091971659776e-01 -1.998935919698318520e+00
-4.843909464971828394e-01 3.288659932379735251e-02 8.742801989263044860e-01 4.936257030914543975e+01 1.167362690269833046e-02 9.994471153682125131e-01 -3.112591558897330468e-02 4.822113078191858637e-01 -8.748206815092353095e-01 -4.871853419404378188e-03 -4.845070598889433811e-01 -2.480265379681328763e+00
-4.858135375197162320e-01 3.148787812784239332e-02 8.737834231997665402e-01 5.024857179430448895e+01 1.020382201480652187e-02 9.994872341914692315e-01 -3.036007300407313550e-02 4.420657402290523730e-01 -8.742912265002247274e-01 -5.817631937820732721e-03 -4.858856238472746836e-01 -2.940356006014883228e+00
-4.857959416615929560e-01 3.111829024543566816e-02 8.736659298568183463e-01 5.112496165107028645e+01 1.042127804208194293e-02 9.995013935376431125e-01 -2.980682467796776439e-02 4.043029946570908528e-01 -8.741575434184674087e-01 -5.361981764398746596e-03 -4.858781889976321322e-01 -3.426252945571986785e+00
-4.857784524329597509e-01 3.018065759430043141e-02 8.738081189751826239e-01 5.203114695441578164e+01 1.032286180259773221e-02 9.995323719662625450e-01 -2.879116704727983575e-02 3.624217369489216578e-01 -8.742679986052627195e-01 -4.946126242737306292e-03 -4.858629988942647082e-01 -3.911391368348507758e+00
-4.843585521525299864e-01 2.918761319244167138e-02 8.740287477178494413e-01 5.296649175006300680e+01 1.036877617071342052e-02 9.995644705786648210e-01 -2.762313684161010058e-02 3.128509903106131973e-01 -8.744546031839675049e-01 -4.327518131978053302e-03 -4.844500111290003241e-01 -4.405566176631399600e+00
-4.857401965389977483e-01 2.846742092303861799e-02 8.738321685742955758e-01 5.387749292241240795e+01 1.037312746006076314e-02 9.995868219323017501e-01 -2.681254573429339705e-02 2.715844525545829113e-01 -8.742345817429865162e-01 -3.953896483605753680e-03 -4.858347669300166483e-01 -4.908494504778012413e+00
-4.858076102664261597e-01 2.666361189509484919e-02 8.737615425402163183e-01 5.480869720750335006e+01 7.530796551494877734e-03 9.996253202587064290e-01 -2.632095572802759659e-02 2.289864750988862552e-01 -8.741358225881017407e-01 -6.199038050778531150e-03 -4.858265343407299208e-01 -5.399889852657365097e+00
-4.858095528115473627e-01 2.559317722700372305e-02 8.740204780956759567e-01 5.573685704634631577e+01 6.862103134742034843e-03 9.996523148246136969e-01 -2.546493807174767671e-02 1.791864651107342721e-01 -8.743683208847404797e-01 -6.360428169823659911e-03 -4.858164196210986163e-01 -5.904614795608269517e+00
-4.844508872754419437e-01 2.566066618941490601e-02 8.745975625117746732e-01 5.668233827110482537e+01 5.878823691324782177e-03 9.996429142449634320e-01 -2.606706770335469325e-02 1.332724361199698615e-01 -8.749541740416593161e-01 -7.476250547969790460e-03 -4.844289671150140975e-01 -6.408647101340486429e+00
-4.792208622958162856e-01 2.248355439187128824e-02 8.772267396106441240e-01 5.759695184745562813e+01 4.811997618540010159e-03 9.997241619764934972e-01 -2.298356946110121507e-02 8.731816699904138002e-02 -8.775016616197057751e-01 -6.797540397779352345e-03 -4.791969828281075761e-01 -6.938928067427043267e+00
-4.805664800271089998e-01 2.016970766615199320e-02 8.766019814705746649e-01 5.848563024372842989e+01 5.027229402838026204e-03 9.997823668572226596e-01 -2.024583572661625003e-02 4.738849958233069815e-02 -8.768197584062171757e-01 -5.332496615804265157e-03 -4.805632283675891903e-01 -7.389068864076778098e+00
-4.725334914856152979e-01 1.910111209971647808e-02 8.816470648986381997e-01 5.946632060254488295e+01 5.881476275201932488e-03 9.998113700009705340e-01 -1.851224734527560228e-02 2.622999867725586687e-03 -8.818342779972451195e-01 -3.552081815369810634e-03 -4.725568509026691344e-01 -7.931040294378227884e+00
-4.725131063196408299e-01 2.022975855142681093e-02 8.809769121363271172e-01 6.031369446490146657e+01 7.091601864531456301e-03 9.997913676804167649e-01 -1.914113947402712110e-02 -2.501846991838367618e-02 -8.811808092441458795e-01 -2.812305504784238033e-03 -4.725580682131166332e-01 -8.364655125926317325e+00
-4.701025090384701732e-01 2.014139495847826547e-02 8.820206133063952514e-01 6.131096010806140839e+01 7.353732190861116819e-03 9.997940383121433072e-01 -1.891341059432885899e-02 -7.165399671363122114e-02 -8.822200754496560826e-01 -2.412036671946130029e-03 -4.701537311073980541e-01 -8.871323213735580637e+00
-4.687012293588973533e-01 1.923276843082257978e-02 8.826837838914926015e-01 6.212307314411973636e+01 7.154418333997560574e-03 9.998126151630492009e-01 -1.797261789032850859e-02 -1.063472789652292888e-01 -8.828644802143239545e-01 -2.120735345561253985e-03 -4.687510692891829756e-01 -9.316342435242653153e+00
-4.687978974537307386e-01 2.090560587628087497e-02 8.828699741598636797e-01 6.311617051932709188e+01 4.972214901293185892e-03 9.997664754097598250e-01 -2.102605061717810475e-02 -1.616239317699382783e-01 -8.831036785390310451e-01 -5.472941553584681831e-03 -4.687922013748369587e-01 -9.806332373833622995e+00
-4.726233109657962395e-01 2.228299032100361510e-02 8.807446070604812993e-01 6.399185239788022272e+01 4.863773162342328003e-03 9.997307678215621163e-01 -2.267484825753864064e-02 -2.011630299710238656e-01 -8.810133681510257109e-01 -6.450881574198280392e-03 -4.726044034290232676e-01 -1.028433031912913620e+01
-4.754882675735639941e-01 2.313570662780884205e-02 8.789713372312109030e-01 6.486836549375038885e+01 3.320336173185993445e-03 9.996936780984254645e-01 -2.451518795074918503e-02 -2.412007612745611373e-01 -8.792698207960356616e-01 -8.762707965109254454e-03 -4.754192173924609577e-01 -1.077235019503661029e+01
-4.830829504588282641e-01 2.176181983890949564e-02 8.751901008870869303e-01 6.575949675351969859e+01 2.871864725984069749e-03 9.997251460148913749e-01 -2.325855173020886443e-02 -2.813640155050300407e-01 -8.754560812291580785e-01 -8.730159371104604868e-03 -4.830127185319847971e-01 -1.125114269322802407e+01
-4.870997506421071988e-01 1.863630147008573171e-02 8.731754092416614821e-01 6.666161124500354163e+01 6.299321476538537017e-03 9.998212183317221058e-01 -1.783185460612779841e-02 -3.250357757826308758e-01 -8.733515437108915203e-01 -3.175145133346695542e-03 -4.871301836529786655e-01 -1.175378078343796240e+01
-4.933983776870713989e-01 1.539897103694667056e-02 8.696312725606918370e-01 6.754127756954548545e+01 2.485940998174308251e-03 9.998641082881434272e-01 -1.628199688524032893e-02 -3.663070769444755070e-01 -8.697641516665898243e-01 -5.883707168092101175e-03 -4.933696662719246340e-01 -1.220403121804921831e+01
-4.961869073957367315e-01 1.830487725757332790e-02 8.675917732548280581e-01 6.844726658490253612e+01 4.241684328655373655e-03 9.998166611414669447e-01 -1.866535201594512680e-02 -4.012340424369386094e-01 -8.677746560314126834e-01 -5.590319715354391018e-03 -4.961736001145199415e-01 -1.273253869187091958e+01
-5.042643688561365689e-01 2.075557156383342830e-02 8.633827500926150034e-01 6.931729825026320668e+01 3.907435127544631875e-03 9.997557706236231967e-01 -2.175378771960249577e-02 -4.445663481127981043e-01 -8.636234213243746405e-01 -7.589818381557401905e-03 -5.042222901341857355e-01 -1.322254575619161443e+01
-5.081525817270764467e-01 2.015026910313240729e-02 8.608284675441365552e-01 7.015852084945274214e+01 1.948902397013140214e-03 9.997504054432737597e-01 -2.224198299383197894e-02 -4.872168056942718373e-01 -8.610622160056370378e-01 -9.645634835120426090e-03 -5.080647989282944810e-01 -1.372207956766157011e+01
-5.120288043824579027e-01 2.062360801647146469e-02 8.587764382200214763e-01 7.105470235286306036e+01 1.069738023394555589e-03 9.997263100441359240e-01 -2.335703560472904977e-02 -5.311332114548591443e-01 -8.590234852493374706e-01 -1.105496105142211860e-02 -5.119108197180745057e-01 -1.423880922507424174e+01
-5.133725258769358257e-01 1.945840468402738194e-02 8.576234470724594106e-01 7.188832210497605502e+01 1.913738839800168757e-03 9.997662269176862404e-01 -2.153009607460597621e-02 -5.694380245282204545e-01 -8.578421821712087780e-01 -9.421613353509125308e-03 -5.132895817399083516e-01 -1.472967942669970931e+01
-5.160287417668804055e-01 1.207127875728651947e-02 8.562133013572280626e-01 7.276108910440592581e+01 2.452470427229663102e-03 9.999173881762208893e-01 -1.261212554520426722e-02 -6.082119850781185777e-01 -8.562949850121305273e-01 -4.414249094470333763e-03 -5.160157883618550212e-01 -1.524547588054374003e+01
-5.183720625038524821e-01 2.253988662914442262e-03 8.553930730161164453e-01 7.359130027762080317e+01 2.922344409995800227e-03 9.999952744968749752e-01 -8.673923866352189907e-04 -6.319026083299891239e-01 -8.553913087699558382e-01 2.049043579989063245e-03 -5.183763300311999833e-01 -1.578105385659007354e+01
-5.211767288311864865e-01 -4.200545367256161003e-04 8.536973743987511520e-01 7.443899860657091949e+01 2.646888070777488489e-03 9.999942171513278577e-01 2.112715211851406028e-03 -6.575101530253033566e-01 -8.536935817964094175e-01 3.359437573045921752e-03 -5.211726085021788357e-01 -1.626999277446859082e+01
-5.211723202602229765e-01 5.503776897637237264e-03 8.529106053663848552e-01 7.528436299876572946e+01 3.775232772992217004e-03 9.999842089493712338e-01 -4.150117059183442043e-03 -6.756122503417739678e-01 -8.529201895652084309e-01 1.058514919915768326e-03 -5.211848902646182280e-01 -1.678652968288590941e+01
-5.225926818631586590e-01 9.967404244518562537e-03 8.524046601089910746e-01 7.611496013698409513e+01 4.399784627782766210e-03 9.999498815781331373e-01 -8.996338474075141547e-03 -7.029645538483415557e-01 -8.524518097931708116e-01 -9.483062558652607249e-04 -5.226103573306359884e-01 -1.729250021165664464e+01
-5.235321276313185113e-01 1.352644585216369530e-02 8.518401991981685573e-01 7.693861675250468579e+01 9.552297967659660258e-03 9.999042363983188242e-01 -1.000397072691627115e-02 -7.328293450375518159e-01 -8.518942578369078644e-01 2.889378427085774036e-03 -5.236112335419335073e-01 -1.780343042303814016e+01
-5.210262997608396951e-01 1.459585443632472820e-02 8.528932476527778528e-01 7.777912652420262418e+01 1.285695325434558708e-02 9.998744630516108733e-01 -9.251472554196922896e-03 -7.645001674310608619e-01 -8.529213745125855395e-01 6.146682182850387276e-03 -5.211486856181941629e-01 -1.832337094669004429e+01
-5.224332498025217042e-01 1.228474336992859024e-02 8.528185735084959918e-01 7.861534944396306912e+01 1.211032439187446214e-02 9.999022150454888180e-01 -6.991759725180024705e-03 -7.913175105122315367e-01 -8.528211232952547238e-01 6.679735580413992922e-03 -5.225310899721236080e-01 -1.883573523482431611e+01
-5.210712306378549874e-01 4.863010172673353990e-03 8.536865975663678885e-01 7.945012541681556684e+01 9.239607590473116958e-03 9.999573300333867154e-01 -5.946181351168950942e-05 -8.042435036074108146e-01 -8.536505420666435917e-01 7.860236107311872542e-03 -5.210938768956843159e-01 -1.932799394414269756e+01
-5.197041582791488423e-01 -7.427116477580530994e-04 8.548889899948414195e-01 8.029072964754141140e+01 7.955683391816396888e-03 9.999520812142080883e-01 5.707264307622311392e-03 -8.099290514567104582e-01 -8.548523819874149776e-01 9.763060498378356433e-03 -5.196732364078069377e-01 -1.983601666720613821e+01
-5.198540070259526358e-01 -7.892475781102636923e-03 8.542816298562861954e-01 8.111189639083528391e+01 -2.089531270410489080e-03 9.999660814317823387e-01 7.967744761971184628e-03 -8.415029503820758983e-01 -8.543156172337966758e-01 2.362034475166208299e-03 -5.198528156587288729e-01 -2.030064208863553787e+01
-5.175421291580406535e-01 -1.243537103266685595e-02 8.557014391926351937e-01 8.194714030017858875e+01 -9.918666936764075626e-03 9.999143320278920388e-01 8.552233714600255068e-03 -8.314772535749963556e-01 -8.557345744080475658e-01 -4.051063298564614584e-03 -5.176210784878323423e-01 -2.078644064114683587e+01
-5.160988085335330711e-01 -1.263127441950861324e-02 8.566918109132460879e-01 8.276476335290533370e+01 -7.167623647566376092e-03 9.999198128248697470e-01 1.044571528960726650e-02 -8.482609973007557702e-01 -8.567551358928073846e-01 -7.433811033319662372e-04 -5.161480006177832092e-01 -2.127528340715129573e+01
-5.131976562902299532e-01 -8.148566024072800493e-03 8.587726755650346711e-01 8.359177809401096226e+01 -5.535063334557815918e-04 9.999578212692875612e-01 9.172445476243131293e-03 -8.659960495653516999e-01 -8.588112303320150076e-01 4.231130680588694390e-03 -5.131804602175524810e-01 -2.176862007431589063e+01
-5.065610365451360675e-01 -6.357031210264601703e-03 8.620377630539698410e-01 8.442285516774694543e+01 -5.457159793845594567e-04 9.999750892389742685e-01 7.044387116199909114e-03 -8.752019767888760127e-01 -8.620611018297881234e-01 3.099245057534546176e-03 -5.065518700766505900e-01 -2.225611823599829719e+01
-4.998746112370641148e-01 -3.965695190178792837e-03 8.665825752084902467e-01 8.523939903305013388e+01 3.874906837950000630e-03 9.999693672041970460e-01 6.810308630318248277e-03 -8.796875972989193215e-01 -8.665830467159469919e-01 6.757397308284681693e-03 -4.998439396219181430e-01 -2.273079456948905985e+01
-4.921609815857990178e-01 -2.160163480026418888e-03 8.706117167338173202e-01 8.607090756659981423e+01 1.166409427042498434e-02 9.998906731572041462e-01 9.082131362920626075e-03 -8.910946389447137461e-01 -8.705362283889287456e-01 1.462529870571121528e-02 -4.920819523994233169e-01 -2.319274417172596969e+01
-4.803580971399935562e-01 -1.937812960570275142e-03 8.768243363089809339e-01 8.691593264254562712e+01 1.099693485263870778e-02 9.999056419895577807e-01 8.238634078517508355e-03 -9.075501750116848898e-01 -8.767574418001580216e-01 1.360379156750117675e-02 -4.802914489633336448e-01 -2.364070722491898735e+01
-4.700503900841627725e-01 -6.203313920020550425e-03 8.822558473344298546e-01 8.774185914831284094e+01 5.611542991993434190e-03 9.999340660092025379e-01 1.001520180510900686e-02 -9.138019091448987830e-01 -8.822598443830027559e-01 9.666186459988221347e-03 -4.699846140067810984e-01 -2.407763109587181916e+01
-4.596888886569660548e-01 -7.662924791177233748e-03 8.881967380216033714e-01 8.859223210102692292e+01 8.115279377594177695e-03 9.998847705889567505e-01 1.283070143943799805e-02 -9.139741395105399624e-01 -8.881927197557383247e-01 1.310402447276191873e-02 -4.595738049437703698e-01 -2.450047142579514059e+01
-4.466336563872307930e-01 -1.208401088739829814e-02 8.949196855992863631e-01 8.943925371729903873e+01 6.298450919547732806e-03 9.998417308499559786e-01 1.664390800811314103e-02 -9.270118548391959035e-01 -8.949791809004183918e-01 1.306224198079797456e-02 -4.464869116667046223e-01 -2.491935105336869682e+01
-4.363267971272156709e-01 -1.227301288831006941e-02 8.996610974486575207e-01 9.028262175327665773e+01 5.058063551530535447e-03 9.998579928899894442e-01 1.607596754122115126e-02 -9.183689638989017689e-01 -8.997305196553044837e-01 1.156145191790305254e-02 -4.362028297215903017e-01 -2.530750334444488558e+01
-4.236212716353482954e-01 -9.449379511593166206e-03 9.061174551859101367e-01 9.115226522345612636e+01 9.663924273217014069e-03 9.998416934165023084e-01 1.494522107885596675e-02 -9.356992190371473672e-01 -9.061151381997735177e-01 1.508221454656403712e-02 -4.234629857440904144e-01 -2.571791071761915504e+01
