1.0 0.0 0.0 0.0 0.0 1.0 0.0 0.0 0.0 0.0 1.0 0.0
0.9998795 0.015504424 -0.00080782676 0.13635254 -0.015503295 0.9998789 0.0013858054 0.00036621094 0.0008292129 -0.0013731127 0.9999987 -0.019042969
0.99986035 0.016583491 0.0020932015 0.24865723 -0.016591188 0.99985546 0.0037157664 0.020751953 -0.00203129 -0.0037499645 0.9999909 -0.012451172
0.9979351 0.06415555 0.002815963 0.4765625 -0.06416924 0.9979253 0.0050765066 -0.04248047 -0.0024843172 -0.0052467384 0.99998313 -0.014770508
0.99641824 0.084432095 0.00498804 0.5687256 -0.08445729 0.9964157 0.0050766394 -0.07373047 -0.0045417408 -0.005479743 0.99997467 -0.014282227
0.9917996 0.12764718 0.0060726088 0.87927246 -0.12766387 0.991813 0.0024405879 -0.16992188 -0.0057112356 -0.0031960316 0.9999786 -0.021728516
0.9867499 0.16211285 0.0065067317 1.0046387 -0.16211407 0.98677105 -0.00034456086 -0.17907715 -0.0064765313 -0.00071493105 0.9999788 -0.013916016
0.97734785 0.21148819 0.007691252 1.2988281 -0.21148744 0.97737783 -0.0009174088 -0.25317383 -0.0077113346 -0.00073016324 0.99997 -0.016967773
0.96776265 0.25159746 0.011443341 1.4644775 -0.25160617 0.96782774 -0.0006972687 -0.32214355 -0.011250781 -0.0022037062 0.9999343 -0.046142578
0.9532681 0.3016941 0.017730983 1.727417 -0.30165744 0.9534326 -0.0047704056 -0.4572754 -0.018343901 -0.0007988103 0.99983144 -0.04248047
0.9354197 0.35267514 0.02452735 1.9655762 -0.35240892 0.9357276 -0.014585789 -0.58569336 -0.02809559 0.00500213 0.9995929 -0.044067383
0.91598874 0.4001511 0.02816051 2.1796875 -0.39971352 0.9163945 -0.01999728 -0.72216797 -0.03380861 0.0070579695 0.9994033 -0.03918457
0.8902478 0.45435825 0.032949366 2.475708 -0.45381945 0.8908421 -0.02274373 -0.90148926 -0.039683286 0.005292522 0.9991979 -0.04626465
0.8635832 0.50278926 0.036161404 2.6660156 -0.5022374 0.86433715 -0.023656748 -1.067749 -0.043154955 0.0022609392 0.99906564 -0.06225586
0.8303373 0.5559169 0.03858478 2.963379 -0.555166 0.83122903 -0.029006623 -1.2904053 -0.04819847 0.002664119 0.99883425 -0.0690918
0.7944693 0.60590106 0.03946482 3.190918 -0.6049141 0.79544014 -0.034775317 -1.5091553 -0.05246608 0.003749758 0.9986156 -0.088012695
0.7574359 0.6517194 0.0389769 3.435791 -0.6504862 0.75842017 -0.040421374 -1.7498779 -0.055900976 0.0052590016 0.99842215 -0.10021973
0.7203782 0.69265765 0.03715427 3.649414 -0.6913355 0.7213159 -0.043113753 -2.0179443 -0.056656096 0.005373353 0.9983791 -0.11413574
0.67845625 0.7336887 0.03702381 3.8798828 -0.7322543 0.67945296 -0.04604722 -2.3375244 -0.058938406 0.0041340813 0.9982533 -0.13806152
0.6353985 0.7712512 0.04025494 4.0861816 -0.76986265 0.63667035 -0.046292197 -2.6531982 -0.061319556 -0.001567509 0.998117 -0.16760254
0.59263754 0.80445033 0.04109108 4.347168 -0.8030754 0.5940389 -0.047272336 -2.9892578 -0.062442187 -0.0049760826 0.9980368 -0.19250488
0.5542237 0.83146983 0.04160976 4.5616455 -0.8300848 0.55573165 -0.048567984 -3.375122 -0.06349817 -0.007621426 0.9979525 -0.21704102
0.51454675 0.8564409 0.04276828 4.786865 -0.8550304 0.5162097 -0.05027309 -3.7808838 -0.06514159 -0.010693386 0.9978194 -0.24182129
0.4789464 0.87670875 0.043588478 5.017212 -0.8752669 0.48074263 -0.051982846 -4.1920166 -0.06653087 -0.013249863 0.9976967 -0.2689209
0.4433332 0.8953839 0.041954093 5.203003 -0.8940124 0.44507498 -0.051661402 -4.6569824 -0.064913325 -0.014608232 0.99778306 -0.3050537
0.40830484 0.9120864 0.03808372 5.4173584 -0.91077846 0.40983894 -0.050774958 -5.166626 -0.061930265 -0.013946741 0.9979838 -0.34020996
0.37873554 0.9249711 0.033093758 5.607544 -0.9236945 0.38000056 -0.049970824 -5.682617 -0.05877684 -0.011637751 0.99820274 -0.3729248
0.35441813 0.9345261 0.030693006 5.8065186 -0.9333285 0.35556155 -0.048666943 -6.227539 -0.056389865 -0.01138729 0.99834406 -0.41662598
0.3335675 0.9423465 0.02784478 5.9971924 -0.94120735 0.33456755 -0.047473256 -6.8303223 -0.054040726 -0.0103819035 0.9984841 -0.44543457
0.3190598 0.9474413 0.026872776 6.17749 -0.9462961 0.32002643 -0.047669392 -7.404663 -0.053768273 -0.010222598 0.99850124 -0.4868164
0.3060298 0.9515733 0.025972858 6.401367 -0.950314 0.30698442 -0.04984115 -8.046753 -0.055415083 -0.009420097 0.9984197 -0.5152588
0.29621065 0.9547019 0.027385583 6.6002197 -0.95338637 0.29727307 -0.05129413 -8.6796875 -0.0571035 -0.010901641 0.9983089 -0.5584717
0.28467548 0.9582557 0.028444715 6.7962646 -0.95683324 0.285842 -0.05353819 -9.351807 -0.05944565 -0.0119744325 0.99816024 -0.60913086
0.27476078 0.9610934 0.028868504 7.015503 -0.9596251 0.27598077 -0.054596137 -10.056274 -0.06044685 -0.012698875 0.9980911 -0.6496582
0.26639694 0.96343136 0.031801134 7.215576 -0.961801 0.26786175 -0.058007825 -10.802368 -0.06441895 -0.015146126 0.9978083 -0.6879883
0.2546573 0.9665417 0.03139861 7.399658 -0.96487355 0.25612792 -0.058794603 -11.51709 -0.06486685 -0.0153252315 0.9977761 -0.73864746
0.24228823 0.96972543 0.03084002 7.6002197 -0.9680408 0.24375084 -0.05922481 -12.262817 -0.06491859 -0.0154979825 0.9977691 -0.78149414
0.23377383 0.9716471 0.032345243 7.7891846 -0.96971846 0.2354188 -0.063382536 -13.058716 -0.06922216 -0.01654194 0.99746513 -0.8269043
0.22159703 0.9745424 0.035314694 7.979248 -0.9724678 0.22353639 -0.0664888 -13.862427 -0.07270009 -0.019636475 0.99716 -0.8828125
0.21005292 0.9771048 0.035278082 8.158081 -0.97482294 0.2120761 -0.06959729 -14.656006 -0.075482465 -0.019781847 0.9969504 -0.93115234
0.19713634 0.9797784 0.036041234 8.324707 -0.97730225 0.19931288 -0.07268493 -15.467529 -0.07838118 -0.02090345 0.99670315 -0.98095703
0.18366571 0.98237646 0.036292914 8.464355 -0.9798532 0.18591866 -0.073715016 -16.27771 -0.07916407 -0.02204026 0.99661744 -1.0285645
0.16776413 0.9851625 0.037141502 8.62561 -0.98282635 0.17008321 -0.072044045 -17.081543 -0.077309124 -0.02442989 0.9967084 -1.0932617
0.15165073 0.9877163 0.036387976 8.746094 -0.9854488 0.15393348 -0.071426995 -17.90857 -0.07614865 -0.025020141 0.9967824 -1.1418457
0.12980624 0.99086976 0.036585145 8.86145 -0.98870856 0.13213532 -0.07076248 -18.748413 -0.07494479 -0.026975103 0.9968228 -1.1984863
0.106294155 0.99355227 0.03997638 8.963379 -0.9917218 0.10885244 -0.06842307 -19.577515 -0.072328076 -0.03238775 0.9968543 -1.2541504
0.076107696 0.9962239 0.041436765 9.030273 -0.9945598 0.078804485 -0.067921564 -20.421875 -0.070927545 -0.036022022 0.996831 -1.3015137
0.042790722 0.99812484 0.04370399 9.060303 -0.99663216 0.045706082 -0.06805838 -21.281006 -0.069912344 -0.040630624 0.99672467 -1.3586426
0.008483004 0.99903923 0.042985287 9.078369 -0.9976192 0.011397655 -0.06801123 -22.118774 -0.068431705 -0.04231312 0.99675775 -1.3990479
-0.02627311 0.998737 0.042753667 9.042358 -0.9974032 -0.023322713 -0.06810072 -23.000732 -0.067007765 -0.044431835 0.9967621 -1.4462891
-0.057964556 0.9973895 0.042771917 9.0061035 -0.9962982 -0.055077102 -0.06581017 -23.860596 -0.06328154 -0.046465613 0.996913 -1.4940186
-0.08952772 0.99500954 0.044054758 8.926636 -0.99419665 -0.08663238 -0.06377066 -24.715576 -0.05965312 -0.049488116 0.99699265 -1.5406494
-0.123743966 0.99142563 0.041206323 8.820923 -0.9908446 -0.12122215 -0.058887005 -25.593384 -0.053381607 -0.048156016 0.997412 -1.5822754
-0.15490305 0.9873021 0.034365594 8.658569 -0.9866646 -0.15287612 -0.055350535 -26.435425 -0.04939084 -0.042488337 0.9978751 -1.6092529
-0.1861857 0.98212725 0.029266272 8.501221 -0.9817012 -0.18469296 -0.047397964 -27.291504 -0.041149456 -0.03753865 0.9984478 -1.6463623
-0.21205102 0.97694725 0.023217253 8.318115 -0.97656345 -0.2109754 -0.04175321 -28.125366 -0.03589519 -0.031531468 0.9988581 -1.6625977
-0.24045393 0.9704232 0.015990924 8.125488 -0.9700124 -0.23973572 -0.03737465 -28.943115 -0.032440946 -0.024527501 0.99917275 -1.6887207
-0.26842332 0.9633206 0.011463219 7.8658447 -0.96313065 -0.26805705 -0.026346538 -29.788086 -0.022300923 -0.018098596 0.9995874 -1.6959229
-0.29135573 0.95650643 0.011095706 7.611328 -0.95653343 -0.29122245 -0.012202676 -30.589966 -0.008439736 -0.014168052 0.99986404 -1.7006836
-0.31594312 0.9486297 0.014984731 7.3494873 -0.9486978 -0.31604943 0.0052919686 -31.394531 0.009760521 -0.012543859 0.9998737 -1.6945801
-0.3431357 0.93919086 0.022075817 7.0565186 -0.93907547 -0.34356782 0.02018236 -32.192993 0.02652717 -0.013807405 0.9995528 -1.6875
-0.3643465 0.93085897 0.022508157 6.7609863 -0.93039304 -0.3649133 0.030980475 -32.978516 0.037064172 -0.009638324 0.99926627 -1.6558838
-0.38963816 0.9209063 0.02181211 6.444092 -0.92028713 -0.3901914 0.03442121 -33.77173 0.04019703 -0.0066725165 0.9991697 -1.6148682
-0.41243085 0.9108746 0.01969562 6.098999 -0.91026026 -0.4128816 0.03369045 -34.564575 0.038831357 -0.0040422743 0.99923813 -1.567627
-0.4325372 0.90155166 0.015367852 5.7331543 -0.90108204 -0.43280825 0.029133076 -35.31018 0.032904454 -0.001260247 0.9994578 -1.5301514
-0.45185518 0.8919648 0.0057776095 5.357544 -0.8915556 -0.45182928 0.02805441 -36.089966 0.027622059 0.0075205313 0.9995899 -1.4942627
-0.46365103 0.8856034 0.0019089598 4.9487305 -0.88521713 -0.46351013 0.028608952 -36.81775 0.026219776 0.011586522 0.9995888 -1.4538574
-0.47785234 0.8784955 0.0021978877 4.5458984 -0.87806517 -0.47769377 0.030204963 -37.56787 0.027580522 0.012499307 0.99954146 -1.4095459
-0.48450884 0.8745195 0.0025934484 4.148926 -0.8740012 -0.48431966 0.033113763 -38.25879 0.030205987 0.013780784 0.9994484 -1.3713379
-0.492421 0.870516 0.009119779 3.7607422 -0.86993414 -0.49243662 0.032869834 -39.00122 0.033108484 0.00824475 0.999418 -1.3361816
-0.5066364 0.861992 0.010610574 3.354004 -0.8614444 -0.50670165 0.031469468 -39.688354 0.03249637 0.006799216 0.99944866 -1.3138428
-0.51470935 0.85765845 0.009132416 2.9313965 -0.8570849 -0.51471263 0.03260835 -40.399048 0.032669786 0.008944594 0.99942654 -1.2753906
-0.52143216 0.85379046 0.00684202 2.5141602 -0.8531627 -0.5213295 0.035009976 -41.098145 0.03344439 0.012392849 0.9993639 -1.2382812
-0.5253459 0.8507667 0.0073566637 2.0443115 -0.85002285 -0.52521586 0.038170718 -41.828735 0.03630434 0.01379063 0.9992448 -1.2106934
-0.5215291 0.8531308 0.009233809 1.6097412 -0.8522847 -0.5214466 0.040178984 -42.552856 0.03908171 0.013085443 0.99915 -1.1728516
-0.52015656 0.85469234 0.006996049 1.1486816 -0.853882 -0.5199922 0.040059224 -43.314697 0.03787069 0.014831083 0.99917316 -1.1351318
-0.51344424 0.85857475 0.0076062744 0.7089844 -0.8578435 -0.51334095 0.0376762 -44.048096 0.036235373 0.01279697 0.9992615 -1.0947266
-0.50434023 0.8628366 0.008603281 0.24633789 -0.8621392 -0.5042949 0.036358792 -44.869263 0.03573271 0.010953426 0.99930114 -1.0618896
-0.49767324 0.8668627 0.010611214 -0.21594238 -0.8661779 -0.49771392 0.035482205 -45.665527 0.036035668 0.008480628 0.999314 -1.022583
-0.49100947 0.8711075 0.012322726 -0.66467285 -0.8704628 -0.4911275 0.034039382 -46.480347 0.035698798 0.005996431 0.99934447 -0.9868164
-0.48573813 0.873878 0.015693797 -1.1442871 -0.87327117 -0.48598686 0.032626927 -47.339966 0.036145434 0.0021526157 0.9993441 -0.95251465
-0.48565015 0.87426066 0.0197351 -1.5911865 -0.8737766 -0.4860417 0.02925002 -48.165283 0.03515326 -0.0030459147 0.9993774 -0.916626
-0.48420987 0.87473226 0.021593485 -2.0742188 -0.87434846 -0.48465398 0.02659539 -49.06604 0.033724837 -0.0060026115 0.99941295 -0.8742676
-0.4855873 0.87418556 0.02254148 -2.5351562 -0.87385476 -0.48605332 0.025180142 -49.951782 0.032969404 -0.0074791093 0.9994287 -0.8380127
-0.48558643 0.874057 0.02208418 -3.022461 -0.8737352 -0.48603448 0.024810633 -50.827637 0.03241759 -0.007259779 0.9994482 -0.8039551
-0.4855806 0.8741702 0.021667644 -3.5090332 -0.87387526 -0.4860086 0.0238746 -51.733276 0.031400755 -0.007357138 0.9994801 -0.76586914
-0.48417932 0.8743622 0.021039844 -4.005127 -0.8740928 -0.48458114 0.022895299 -52.66809 0.030222148 -0.0072991224 0.99951637 -0.72021484
-0.48557174 0.87414515 0.020672295 -4.509033 -0.87389445 -0.4859569 0.022163223 -53.578613 0.029422307 -0.0073031588 0.9995405 -0.68273926
-0.48555225 0.8740098 0.022913188 -5.001709 -0.8738317 -0.48598683 0.020354368 -54.5094 0.02892605 -0.010144331 0.99953026 -0.6442871
-0.4855467 0.87423664 0.02307456 -5.5078125 -0.8740907 -0.48597473 0.01928518 -55.43701 0.028066818 -0.010813082 0.9995478 -0.5983887
-0.48414817 0.8748071 0.02418601 -6.013672 -0.8746721 -0.48460877 0.019365499 -56.381714 0.028653331 -0.01179009 0.99952 -0.55700684
-0.478941 0.87735337 0.023488654 -6.547119 -0.8772966 -0.47934482 0.016248295 -57.295044 0.025513398 -0.012826141 0.9995921 -0.513916
-0.48033455 0.8766847 0.022023292 -6.998291 -0.8766649 -0.4806734 0.013921787 -58.183594 0.022790477 -0.0126127945 0.9996606 -0.47729492
-0.47235134 0.88171935 0.02022982 -7.5445557 -0.8817022 -0.4726392 0.012953497 -59.161987 0.020966303 -0.011723574 0.9997116 -0.4362793
-0.47235322 0.88107973 0.01948685 -7.9796143 -0.8810298 -0.47263768 0.014079316 -60.00891 0.02160276 -0.010510242 0.9997111 -0.4128418
-0.46995306 0.882124 0.019079274 -8.488647 -0.88207203 -0.47022864 0.014017805 -61.00525 0.021351578 -0.010235087 0.9997195 -0.3708496
-0.4685585 0.8827695 0.018782554 -8.935425 -0.8827334 -0.46881852 0.013125179 -61.81665 0.020396141 -0.010425685 0.9997373 -0.33947754
-0.468558 0.8829674 0.022139262 -9.426636 -0.88293344 -0.46891108 0.014792919 -62.809082 0.0234437 -0.0126151005 0.9996455 -0.29003906
-0.47235295 0.8808684 0.023127256 -9.904663 -0.88081276 -0.4727465 0.016124222 -63.684814 0.02513379 -0.012743512 0.9996025 -0.25500488
-0.4751407 0.87909603 0.025444295 -10.392944 -0.8790491 -0.4756057 0.016938625 -64.56128 0.02700335 -0.0143015385 0.9995326 -0.21948242
-0.4827423 0.8752795 0.025427938 -10.870605 -0.87526727 -0.48318517 0.015478971 -65.45325 0.02582577 -0.014784297 0.99955696 -0.1829834
-0.48693094 0.8732421 0.019878313 -11.373657 -0.87322927 -0.48720413 0.012317077 -66.35571 0.020449458 -0.011366905 0.99972636 -0.14147949
-0.4931628 0.869608 0.022592353 -11.822998 -0.86969423 -0.4934455 0.009001277 -67.23633 0.018961605 -0.0152046075 0.99970436 -0.103881836
-0.49595293 0.86763215 0.022306222 -12.352051 -0.86765534 -0.49627143 0.011872181 -68.14209 0.02138249 -0.0134627 0.9996805 -0.0736084
-0.5039682 0.8634623 0.024328317 -12.840576 -0.863456 -0.50436544 0.014227408 -69.01282 0.024555773 -0.013840189 0.99960274 -0.03515625
-0.5077941 0.86087173 0.026386976 -13.339966 -0.86091 -0.5082327 0.013570782 -69.85437 0.02508561 -0.015813947 0.9995598 0.0037841797
-0.51162356 0.8588158 0.027805336 -13.856689 -0.85886425 -0.5121054 0.013997335 -70.75061 0.026240202 -0.016712805 0.99951565 0.04345703
-0.51302475 0.8576532 0.026169753 -14.348511 -0.85770416 -0.51344645 0.012816419 -71.58411 0.024433456 -0.015869074 0.9995753 0.07885742
-0.5158414 0.8561501 0.021155644 -14.865112 -0.85627013 -0.5160473 0.005406736 -72.457275 0.015546997 -0.015326646 0.9997616 0.11694336
-0.51832014 0.85530174 0.0146836545 -15.401733 -0.85541904 -0.5183153 -0.004423481 -73.28772 0.003826201 -0.0148489475 0.99988234 0.14135742
-0.52114415 0.8536128 0.01337295 -15.891235 -0.8537169 -0.5210961 -0.007128626 -74.1355 0.000877494 -0.015130464 0.99988514 0.16430664
-0.5211008 0.8528281 0.015678285 -16.409058 -0.8529422 -0.5211484 -0.001214196 -74.97986 0.007148507 -0.01400866 0.9998762 0.17687988
-0.5224817 0.85234743 0.017698318 -16.915771 -0.8524465 -0.5226096 0.0032311915 -75.80957 0.012008757 -0.013401221 0.9998381 0.19921875
-0.52350074 0.8518542 0.013869465 -17.427979 -0.8518671 -0.5236192 0.006785714 -76.63245 0.013036968 -0.008254992 0.9998808 0.22546387
-0.5210643 0.8529291 0.010606718 -17.950317 -0.8529069 -0.52114874 0.007887897 -77.4718 0.012266228 -0.004935749 0.9999125 0.25402832
-0.5224648 0.85282826 0.010077801 -18.463623 -0.8528291 -0.522531 0.005565846 -78.307495 0.010014943 -0.005689012 0.99993366 0.27819824
-0.52108043 0.85364866 0.0088814655 -18.957886 -0.8536894 -0.5210862 -0.0018371339 -79.14172 0.0030615556 -0.008541395 0.9999589 0.289917
-0.51970965 0.85485756 0.0069689834 -19.468018 -0.8548816 -0.5196639 -0.0074203056 -79.981445 -0.0027262522 -0.009811272 0.9999482 0.29406738
-0.519856 0.8541963 0.014352668 -19.93335 -0.8543023 -0.5196753 -0.014587532 -80.802734 -0.0049997605 -0.019848518 0.99979055 0.3227539
-0.5175867 0.85551316 0.020753082 -20.42102 -0.85574645 -0.5172639 -0.0191129 -81.63684 -0.005625486 -0.027665451 0.9996017 0.30932617
-0.5161473 0.8565782 0.017444216 -20.911987 -0.8567228 -0.51584136 -0.019285096 -82.45337 -0.0075310706 -0.024906429 0.9996617 0.32336426
-0.5132038 0.858717 0.012476269 -21.408081 -0.85878474 -0.51302975 -0.014757619 -83.278564 -0.00628091 -0.018286012 0.99981326 0.33728027
-0.50655437 0.86195797 0.013594626 -21.89917 -0.8620548 -0.506408 -0.012893716 -84.107544 -0.004222092 -0.01824989 0.9998245 0.34228516
-0.49986887 0.86653805 0.009934314 -22.377808 -0.8665855 -0.49977684 -0.010412919 -84.92151 -0.004059647 -0.0138058495 0.9998965 0.34326172
-0.49217296 0.8706052 0.0020518813 -22.84436 -0.87058413 -0.49214098 -0.008505108 -85.75073 -0.0063996604 -0.005976652 0.9999617 0.35180664
-0.48037085 0.8768141 0.0030474272 -23.297607 -0.87680113 -0.48033527 -0.0081493575 -86.592896 -0.00568384 -0.00659065 0.9999622 0.36413574
-0.47005042 0.88225025 0.006954291 -23.739136 -0.8822451 -0.46995062 -0.012303373 -87.416504 -0.0075810147 -0.011924783 0.9999001 0.3671875
-0.4596806 0.8882272 0.0034942292 -24.167236 -0.88817203 -0.45959827 -0.0136346305 -88.26416 -0.010507209 -0.009370899 0.99990094 0.3642578
-0.44661865 0.89500195 0.0034974073 -24.591919 -0.8948919 -0.44649383 -0.017906453 -89.10852 -0.014462963 -0.011118922 0.99983364 0.37451172
-0.4363216 0.8997335 0.004969354 -24.984985 -0.8996383 -0.43617612 -0.017984454 -89.94946 -0.014002167 -0.012308078 0.9998261 0.3614502
-0.4235978 0.9061765 0.0014230313 -25.401367 -0.90608454 -0.42353114 -0.015010673 -90.81604 -0.012997314 -0.00764398 0.9998864 0.3741455
-0.4116507 0.9114914 0.0032303208 -25.783691 -0.9114501 -0.41159075 -0.011621406 -91.663086 -0.009265441 -0.0077249957 0.9999273 0.37280273
-0.39902523 0.9169259 0.005012505 -26.150635 -0.91693854 -0.3990112 -0.0035798883 -92.5083 -0.0012822493 -0.006025917 0.99998105 0.3786621
-0.38647366 0.92224455 0.0052450644 -26.508667 -0.92225003 -0.38648906 0.0022856675 -93.37598 0.0041366788 -0.003953712 0.99998367 0.38391113
-0.37467384 0.9270084 0.00638331 -26.85498 -0.9270292 -0.37467554 -0.0009949426 -94.24365 0.0014700961 -0.0062907455 0.9999792 0.38806152
-0.36154225 0.9325362 0.0048823347 -27.192993 -0.93254626 -0.3615234 -0.0043360586 -95.10974 -0.0022799012 -0.0061173006 0.9999788 0.40148926
-0.351866 0.935865 0.0073406287 -27.498291 -0.9358935 -0.3518504 -0.0033725896 -95.9801 -0.0005704181 -0.008058583 0.9999674 0.40600586
-0.3482042 0.9371188 0.015405548 -27.802368 -0.9372298 -0.34824648 6.06447e-05 -96.837524 0.0054318537 -0.01442166 0.99988127 0.42749023
-0.3401872 0.94014055 0.02344224 -28.11206 -0.9403474 -0.3403864 0.0049857376 -97.72571 0.012665201 -0.020349847 0.99971277 0.43530273
-0.33423677 0.9417994 0.030706186 -28.418457 -0.9421161 -0.33463743 0.008839879 -98.60608 0.018606108 -0.025975887 0.9994893 0.46496582
-0.33288288 0.942683 0.028870221 -28.714355 -0.94299245 -0.3331933 0.006579397 -99.495605 0.015807856 -0.02504245 0.99956167 0.48217773
-0.3285711 0.94393873 0.032605026 -29.003174 -0.94434667 -0.32894632 0.0067565264 -100.38159 0.01709084 -0.028564 0.9994457 0.51708984
-0.3240435 0.9453765 0.03318035 -29.291748 -0.94586134 -0.324314 0.0029734592 -101.26636 0.013577738 -0.03043054 0.9994447 0.53564453
-0.31769264 0.94783586 0.028723994 -29.609009 -0.94823635 -0.317794 -0.001090501 -102.155396 0.00809108 -0.027573653 0.9995869 0.5440674
-0.31254363 0.9493731 0.02988048 -29.877441 -0.9498359 -0.31251 -0.00590896 -103.034546 0.0037253546 -0.030226562 0.9995361 0.5786133
-0.306764 0.95087063 0.038282532 -30.164429 -0.95162314 -0.30675855 -0.0061688963 -103.93115 0.005895457 -0.038336504 0.99924743 0.58984375
-0.29728678 0.9536619 0.0442794 -30.436768 -0.95463854 -0.29743135 -0.0034449873 -104.77417 0.009903302 -0.043303408 0.9990127 0.58447266
-0.29290962 0.95514375 0.043073736 -30.678833 -0.95603645 -0.29316348 -0.00044106506 -105.65112 0.012202215 -0.041311644 0.9990719 0.609375
-0.2826638 0.9584668 0.040591687 -30.971436 -0.95922244 -0.28300273 0.0027479231 -106.51074 0.014121695 -0.038171217 0.9991718 0.63964844
-0.2769782 0.95975924 0.0457367 -31.198486 -0.96078324 -0.2772006 -0.001538492 -107.39453 0.01120963 -0.04437187 0.99895215 0.66748047
-0.27052784 0.9618292 0.04287217 -31.441406 -0.96276784 -0.2705129 -0.0062488215 -108.25928 0.0055746976 -0.04297032 0.99906117 0.68481445
-0.26410803 0.9634837 0.042539563 -31.67163 -0.9644203 -0.2639426 -0.009567083 -109.14563 0.0020230226 -0.043552313 0.99904877 0.7005615
-0.25705993 0.96523386 0.050358865 -31.89685 -0.96652925 -0.2570189 -0.007382958 -110.021484 0.005793877 -0.050578237 0.9987041 0.70983887
-0.25045702 0.9669406 0.048529536 -32.11487 -0.9681213 -0.25056434 -0.0039616516 -110.89612 0.008321019 -0.04795809 0.9988144 0.7249756
-0.2402221 0.96943754 0.049136937 -32.338013 -0.9706442 -0.24035403 -0.0032952956 -111.76782 0.008624548 -0.048494462 0.9987863 0.72180176
-0.23384856 0.9708604 0.050631303 -32.544678 -0.97214997 -0.23393129 -0.004371773 -112.65198 0.0076024933 -0.050244007 0.9987079 0.74365234
-0.22445846 0.9734293 0.04721528 -32.772827 -0.9745458 -0.2245531 -0.0033423766 -113.5459 0.007324764 -0.04676628 0.99887955 0.75219727
-0.21585868 0.9754015 0.04316817 -32.972656 -0.9763524 -0.21577525 -0.0066441186 -114.4303 0.002849245 -0.043589894 0.99904525 0.7825928
-0.21072672 0.97668666 0.041554205 -33.164673 -0.9775618 -0.21070756 -0.004886066 -115.33362 0.003969718 -0.041651946 0.99912447 0.7911377
-0.20235811 0.97805417 0.04862208 -33.330444 -0.9792563 -0.20227659 -0.0066429563 -116.18494 0.0033363372 -0.048961833 0.99879515 0.8153076
-0.19468091 0.9792354 0.05433367 -33.53064 -0.98073965 -0.19450581 -0.008556953 -117.131714 0.002217803 -0.05495719 0.9984855 0.8248291
-0.1903945 0.9804655 0.049044486 -33.69922 -0.98169065 -0.19019878 -0.008678415 -118.006714 0.00082434015 -0.04978518 0.9987591 0.8312988
-0.18320951 0.9817125 0.04971515 -33.876587 -0.98297006 -0.18303835 -0.0080227945 -118.93384 0.0012418376 -0.05034432 0.9987307 0.84606934
-0.17694019 0.9830567 0.049890403 -34.079468 -0.98432124 -0.17669915 -0.009231907 -119.841064 -0.00027960492 -0.050727982 0.9987126 0.8763428
-0.1724788 0.98401797 0.04358012 -34.24829 -0.9849805 -0.17220953 -0.009872412 -120.700806 -0.0022098587 -0.044656217 0.99900055 0.86987305
-0.1675502 0.9852615 0.035179377 -34.411133 -0.985875 -0.16725042 -0.01132296 -121.603516 -0.0052760197 -0.036566764 0.9993171 0.87805176
-0.16457728 0.9860136 0.027314994 -34.565918 -0.98637366 -0.16434194 -0.010668216 -122.51868 -0.0060237106 -0.02869189 0.99956995 0.8642578
-0.1603167 0.986612 0.032090273 -34.693604 -0.9871263 -0.16010538 -0.009067112 -123.40845 -0.0038184072 -0.03312768 0.99944395 0.87109375
-0.1553922 0.98722106 0.034429833 -34.836426 -0.9878164 -0.15518872 -0.008518152 -124.32483 -0.003075992 -0.03533954 0.9993709 0.880249
-0.15326262 0.9875191 0.03479187 -34.976562 -0.9881255 -0.15303826 -0.009032371 -125.19995 -0.0035912392 -0.0357741 0.9993535 0.88305664
-0.15266716 0.9875939 0.03733725 -35.108887 -0.98829293 -0.15242234 -0.009334208 -126.11157 -0.0035380088 -0.038320933 0.9992593 0.88305664
-0.15204263 0.9878079 0.034211855 -35.24353 -0.9883694 -0.15167286 -0.0131738065 -127.002075 -0.007817856 -0.035811305 0.9993278 0.88549805
-0.1521914 0.98779196 0.033319965 -35.366577 -0.98824966 -0.15159984 -0.01964237 -127.88379 -0.014339894 -0.035899647 0.99925196 0.89245605
-0.14999998 0.98829365 0.030687608 -35.508667 -0.98865026 -0.1494268 -0.020199519 -128.76123 -0.015379545 -0.033367053 0.9993248 0.8833008
-0.15000106 0.98809254 0.035776258 -35.61963 -0.98868585 -0.14951657 -0.015864445 -129.63928 -0.010335194 -0.03774877 0.99923396 0.8856201
-0.14777683 0.98837334 0.035488877 -35.747803 -0.9889808 -0.1474014 -0.012976669 -130.50684 -0.007606545 -0.037023712 0.99928576 0.8967285
-0.14783646 0.9883996 0.035888556 -35.87378 -0.98900515 -0.14738366 -0.014967045 -131.36597 -0.009507364 -0.03770217 0.99924374 0.8856201
-0.14794695 0.9882809 0.038968742 -35.98816 -0.9889944 -0.14741 -0.016326692 -132.2445 -0.010386076 -0.04095221 0.99910694 0.8964844
-0.14769888 0.9885396 0.031598076 -36.12036 -0.98900974 -0.1473504 -0.0130939465 -133.09863 -0.008289024 -0.03319073 0.9994146 0.88757324
-0.14714812 0.9885657 0.035349518 -36.24951 -0.989159 -0.14673516 -0.01402359 -133.97925 -0.00868906 -0.03701643 0.9992769 0.9063721
-0.14510415 0.988506 0.0429264 -36.350464 -0.9894262 -0.14475666 -0.011111628 -134.80786 -0.004770497 -0.044084854 0.99901634 0.8944092
-0.14371693 0.9883757 0.049292542 -36.477417 -0.98960245 -0.14344049 -0.009102858 -135.66052 -0.0019360502 -0.050112378 0.9987426 0.89453125
-0.14573205 0.988171 0.047514915 -36.58557 -0.98931223 -0.14559734 -0.0063080527 -136.531 0.0006859284 -0.0479179 0.9988508 0.9078369
-0.14504015 0.9883914 0.045509927 -36.714966 -0.9894385 -0.14489461 -0.006499216 -137.38184 0.00017158827 -0.04597207 0.99894273 0.92041016
-0.14501525 0.9884081 0.045705177 -36.81189 -0.9894636 -0.14492166 -0.0053695915 -138.2041 0.001315679 -0.046002295 0.9989405 0.93237305
-0.14207244 0.9891446 0.038210962 -36.947754 -0.9898822 -0.14196885 -0.0054236352 -139.05151 5.0907955e-05 -0.038591385 0.99925524 0.9329834
-0.1398896 0.98959863 0.031523198 -37.0614 -0.99009025 -0.13967061 -0.009059337 -139.90979 -0.004553259 -0.03248099 0.9994618 0.9490967
-0.13703132 0.99031043 0.0235838 -37.19153 -0.9905513 -0.13677335 -0.012231626 -140.72449 -0.008887034 -0.02503748 0.999647 0.94836426
-0.13273789 0.9909241 0.021404471 -37.29956 -0.9911095 -0.13249317 -0.012476047 -141.56238 -0.009525788 -0.02288011 0.9996929 0.953125
-0.12860203 0.9914789 0.02103546 -37.403442 -0.99168193 -0.12843537 -0.009097757 -142.37451 -0.0063169114 -0.022023018 0.99973744 0.97631836
-0.12156547 0.9923334 0.023241282 -37.50537 -0.99260086 -0.12145973 -0.0059169186 -143.30273 -0.0030489378 -0.02378395 0.99971235 0.97839355
-0.111810684 0.99339205 0.024498118 -37.6073 -0.99369174 -0.11172486 -0.0048514637 -144.15112 -0.0020814426 -0.024883127 0.99968815 0.9682617
-0.102731116 0.9944513 0.019794974 -37.67566 -0.99462616 -0.1025753 -0.008736342 -144.85315 -0.0066450275 -0.020588122 0.99976575 0.9807129
-0.0917194 0.99573195 0.012696339 -37.753784 -0.99575704 -0.091571815 -0.0117523335 -145.6416 -0.010538529 -0.01371601 0.99985033 0.99438477
-0.078476906 0.9969033 0.007006455 -37.81665 -0.9968805 -0.078402765 -0.010305444 -146.46777 -0.009725591 -0.007791007 0.99992234 1.0004883
-0.066192746 0.9977651 0.009160254 -37.85852 -0.9977669 -0.06610489 -0.009585585 -147.14539 -0.008957133 -0.009772634 0.99991214 0.9941406
-0.050466172 0.9986937 0.008570742 -37.90674 -0.9986913 -0.050386447 -0.009282011 -148.03809 -0.008837306 -0.009025574 0.9999202 1.001831
-0.03682244 0.9993105 -0.0020331629 -37.93091 -0.9992947 -0.036833886 -0.0059079872 -148.81116 -0.0059767026 0.0018143058 0.9999805 1.0028076
-0.023345115 0.99968636 0.008903174 -37.950195 -0.999725 -0.023356453 0.0011740653 -149.63818 0.0013839221 -0.0088729225 0.9999596 1.0015869
-0.011181711 0.9998364 0.014454423 -37.933838 -0.99990875 -0.011296152 0.007856049 -150.42163 0.0080179265 -0.014366916 0.99986464 1.0202637
0.002923787 0.9997793 0.020793222 -37.917847 -0.999855 0.00257373 0.01683497 -151.15527 0.016785255 -0.02084903 0.99964195 1.02771
