7.776570474554048706e-01 -6.283230974934077562e-01 2.143832314412982484e-02 -6.596018208915118919e+01 6.273588322976426657e-01 7.777775462492976244e-01 3.850953243757442024e-02 2.570955707165863657e+01 -4.087067507494045182e-02 -1.649768792017138053e-02 9.990282349424403074e-01 -8.856618922873914501e-01 -4.809208017785018303e-24 -1.416202385148814181e-23 -3.430527606006730092e-24 9.999999999999997780e-01
7.493890001022529557e-01 -6.615430614132927767e-01 2.787300525012277597e-02 -6.555499662115425963e+01 6.607906697593117773e-01 7.498863658818569755e-01 3.203324871976834243e-02 2.608958016389451018e+01 -4.209296003830946542e-02 -5.587142420700572272e-03 9.990980765444327227e-01 -8.935805059596716449e-01 -4.809208017785018303e-24 -1.416202385148814181e-23 -3.430527606006730092e-24 9.999999999999997780e-01
7.210361182025954996e-01 -6.927993233327600642e-01 1.166249703114833301e-02 -6.521043138971594999e+01 6.924412380358858643e-01 7.210699759896899153e-01 2.414998123308969083e-02 2.648384327831681517e+01 -2.514056711101326710e-02 -9.337414840134495436e-03 9.996403175990058454e-01 -9.010932448228082814e-01 9.169581834352548549e-19 -1.761422947953173894e-18 -4.946670070124846072e-20 9.999999999999996669e-01
6.908703882263484974e-01 -7.228408983485310468e-01 -1.411178042136681729e-02 -6.487266185087241865e+01 7.229752323982741036e-01 6.907954021567973557e-01 1.041756678363472965e-02 2.690288553162595520e+01 2.218109698838277837e-03 -1.739965613787492968e-02 9.998461541435506028e-01 -9.081588016767425664e-01 2.999409690506585790e-19 4.853341579732862576e-19 -9.678586436938197558e-20 9.999999999999995559e-01
6.562608746185466524e-01 -7.539991870664739526e-01 -2.840581539035677214e-02 -6.452974209184516496e+01 7.540500920245585270e-01 6.567231894402245640e-01 -1.109554726972288886e-02 2.731970964085707365e+01 2.702079130323438091e-02 -1.413783415353163896e-02 9.995348910782428931e-01 -9.274754608003487055e-01 1.647431064213635404e-18 1.996882124523199646e-18 -1.578767494535838522e-19 9.999999999999994449e-01
6.188256443147885921e-01 -7.850333560418523149e-01 -2.788282338724623957e-02 -6.419397187500209156e+01 7.843217615411000043e-01 6.194523756038703421e-01 -3.343843195767157855e-02 2.776972466929658623e+01 4.352236564628161886e-02 -1.176545954742340720e-03 9.990517601346631249e-01 -9.378582872871876752e-01 4.789672949266819939e-18 3.243984492150266703e-18 -3.213322815897383381e-19 9.999999999999993339e-01
5.858222135187513002e-01 -8.101318697237175348e-01 -2.233131894742388518e-02 -6.386771037999126577e+01 8.091379077511852147e-01 5.862203041160405359e-01 -4.051667906099037930e-02 2.825368406177953062e+01 4.591492554734815518e-02 5.666453921494779035e-03 9.989292822377056069e-01 -9.710610924848894765e-01 6.773845280622802247e-18 4.628171269445415468e-18 -5.533680474402271704e-19 9.999999999999993339e-01
5.568917304077927177e-01 -8.304348602900100129e-01 -1.579694332804901236e-02 -6.356743846887561489e+01 8.300885034328930878e-01 5.571156824955597608e-01 -2.398317714658823249e-02 2.876306000211764058e+01 2.871719122658860160e-02 2.431719758448787057e-04 9.995875468389179286e-01 -9.310093028867933995e-01 9.500756359925726921e-18 5.430273175181578933e-18 -7.583415511172523924e-19 9.999999999999993339e-01
5.285665156287457922e-01 -8.488559087613191112e-01 -7.815671248307414290e-03 -6.328705575778482739e+01 8.488170435728841223e-01 5.286197692209051446e-01 -8.412260636818158499e-03 2.927552380753526506e+01 1.127231547919159763e-02 -2.187635669163312709e-03 9.999340724037343309e-01 -8.768683737547858792e-01 1.255989712744928653e-17 5.243887659720899571e-18 -8.398736366855124589e-19 9.999999999999993339e-01
4.988668758974591499e-01 -8.666567506648118480e-01 -6.157650476819834240e-03 -6.301427816157514883e+01 8.666402576246760026e-01 4.988990534148473044e-01 -5.865012020430581015e-03 2.979459434441887922e+01 8.154998254383021700e-03 -2.410607571862149589e-03 9.999638418335963230e-01 -8.699833858338080761e-01 1.652119233172872988e-17 4.213528867989039071e-18 -8.598429334197452088e-19 9.999999999999994449e-01
4.712081478450183547e-01 -8.820122910570117325e-01 -4.147267630513737195e-03 -6.275475140004177632e+01 8.818907516128768886e-01 4.712139253855324728e-01 -1.503791017485067542e-02 3.032435363304385945e+01 1.521787186583030763e-02 3.428548833135946529e-03 9.998783233117795044e-01 -8.637165233999156699e-01 2.018510157233517445e-17 2.351388289453654073e-18 -8.736810996675202443e-19 9.999999999999995559e-01
4.457063053896540006e-01 -8.951644401103346915e-01 -5.149223030852640402e-03 -6.250054174793814354e+01 8.949118198067078644e-01 4.457063747118620300e-01 -2.187835257617130880e-02 3.085099467327376388e+01 2.187976476405115514e-02 5.143219141604797422e-03 9.997473796868555640e-01 -8.575238472298537529e-01 2.259982808986508751e-17 2.554951572655051247e-18 -9.013084217243848414e-19 1.000000000000000000e+00
4.226051249284809574e-01 -9.062959359592483999e-01 -5.708313927486581042e-03 -6.225912762581395299e+01 9.060548895445327267e-01 4.226265366540736257e-01 -2.124494406244944664e-02 3.141363325748775637e+01 2.166669140878954916e-02 3.806176494553578735e-03 9.997580044710278058e-01 -8.552512658285950087e-01 2.484097609627821316e-17 3.784364675902078250e-18 -9.478164954245949147e-19 1.000000000000000222e+00
4.030629804156560803e-01 -9.151584828574573782e-01 -5.018473118601674346e-03 -6.202853331467145637e+01 9.150541515766889011e-01 4.030930010565123567e-01 -1.385395905535313950e-02 3.199144856123728076e+01 1.470147954076709944e-02 9.918433656521026282e-04 9.998914354798994486e-01 -8.485731163669877342e-01 2.839160968663377889e-17 7.474676203768964215e-18 -1.013303686301516775e-18 1.000000000000000666e+00
3.861905545983677635e-01 -9.224167972937546978e-01 -2.026723782190422915e-03 -6.180055001204483034e+01 9.224023311143177972e-01 3.861958520547782991e-01 -5.167534280620251531e-03 3.257713865771668793e+01 5.549332738980413023e-03 1.261981885185576170e-04 9.999845943714201768e-01 -8.434944973814376690e-01 3.259899613739681527e-17 1.221293141477508851e-17 -1.049442458363506029e-18 1.000000000000000888e+00
3.698825723564657664e-01 -9.290772967751894651e-01 1.503091420038431790e-03 -6.158011139928964894e+01 9.290765589221486875e-01 3.698846283084182840e-01 1.452378224259881110e-03 3.316305776206258571e+01 -1.905342045702704181e-03 8.592776106475785974e-04 9.999978156544560015e-01 -8.406332564909416716e-01 3.637771591899295070e-17 1.801108977123130805e-17 -1.044282671507518181e-18 1.000000000000001554e+00
3.554734729804492899e-01 -9.346845546422811735e-01 1.842096718148768849e-03 -6.136301858428262079e+01 9.346788388690626670e-01 3.554778299072008929e-01 3.313701077457767256e-03 3.375920883268631201e+01 -3.752089759645688485e-03 5.438359911772709014e-04 9.999928130066028098e-01 -8.418050486803574373e-01 3.990817145914364192e-17 2.471379754582148706e-17 -1.022499950976566983e-18 1.000000000000001998e+00
3.426154650839117743e-01 -9.394756256713189257e-01 4.380122746352204830e-04 -6.115895608909467995e+01 9.394733281055409613e-01 3.426156064918283728e-01 2.100468166040761302e-03 3.435853036670078353e+01 -2.123408485616630915e-03 -3.081520282030599639e-04 9.999976980867206766e-01 -8.456979875246906087e-01 4.217929208166155843e-17 3.221835591620151028e-17 -9.976760918027519030e-19 1.000000000000002442e+00
3.304105594044894900e-01 -9.438269491742019568e-01 -4.421792222385918618e-03 -6.096468834428592487e+01 9.438372382020430162e-01 3.304051194863133478e-01 1.929974185239458203e-03 3.497165457172968672e+01 -3.605788596564690187e-04 -4.811136009264906262e-03 9.999883614088702632e-01 -8.502886715712438814e-01 4.495540312127192023e-17 3.901796810343821229e-17 -9.698911361906315765e-19 1.000000000000002887e+00
3.201424306508936501e-01 -9.473406736803294814e-01 -7.380520832420358994e-03 -6.076197136318208436e+01 9.473694092886385532e-01 3.201340478313650650e-01 2.322447670264169740e-03 3.559958920679250838e+01 1.626068686529343402e-04 -7.735593703474251751e-03 9.999700666265334270e-01 -8.573400758414831957e-01 4.874168108814410516e-17 4.367819681445001340e-17 -9.266932982113298155e-19 1.000000000000003109e+00
3.118641904983930346e-01 -9.500793533763276510e-01 -9.484143225134135727e-03 -6.057211022599646100e+01 9.501266219451808270e-01 3.118524035111218673e-01 2.735085986666259492e-03 3.623648361638147009e+01 3.591041343629201594e-04 -9.864112341720110075e-03 9.999512839793476271e-01 -8.619045140937452443e-01 5.315235143002616934e-17 4.708443667027656345e-17 -9.030499840022642478e-19 1.000000000000003109e+00
3.056521579999076921e-01 -9.520812045551204639e-01 -1.086914176825860834e-02 -6.037571033709719615e+01 9.521414669259845587e-01 3.056537306512918106e-01 1.556887587228054448e-03 3.686445342044356011e+01 1.839910321042524752e-03 -1.082482663825996838e-02 9.999397171121265915e-01 -8.577156416715058240e-01 5.806884061592388323e-17 5.282421669938853667e-17 -8.788851937162343417e-19 1.000000000000003109e+00
3.012584874491500697e-01 -9.534587390120047301e-01 -1.263949134225064372e-02 -6.017692099496663616e+01 9.535399922865523958e-01 3.012617015573403889e-01 1.694191522125605611e-03 3.751545557870556280e+01 2.192452956256315567e-03 -1.256265005240481472e-02 9.999186831806451403e-01 -8.605790294307070765e-01 6.263860801407873391e-17 5.450448907734803582e-17 -8.883760061768107341e-19 1.000000000000002887e+00
2.979178742127640556e-01 -9.545073313500380685e-01 -1.267653830799196114e-02 -5.998005099595020084e+01 9.545879057358828135e-01 2.979269451819464565e-01 1.210602044204737385e-03 3.817454132271429046e+01 2.621153807042533694e-03 -1.246153014293859863e-02 9.999189166223620973e-01 -8.642815810513736485e-01 6.669064661181083180e-17 5.309093980119851664e-17 -9.338499548399343933e-19 1.000000000000002442e+00
2.956734062518511230e-01 -9.552154093276064017e-01 -1.186417373500013410e-02 -5.977171432091963510e+01 9.552801398174937120e-01 2.957015811811112282e-01 -6.552535638402991669e-04 3.883189228160494366e+01 4.134163234045380893e-03 -1.113986849121564003e-02 9.999294035202567210e-01 -8.685123897319392272e-01 7.062909634028387672e-17 4.853279776614203880e-17 -9.902560614029550733e-19 1.000000000000001998e+00
2.948148012795799300e-01 -9.554921516065926212e-01 -1.090784876014454056e-02 -5.956552096403815000e+01 9.555410832373252283e-01 2.948517717070920363e-01 -1.915976721512352475e-03 3.950766160751216916e+01 5.046899252508929221e-03 -9.858039323653823224e-03 9.999386720537684070e-01 -8.652555126918796136e-01 7.476566981864400445e-17 4.369072327406217075e-17 -1.036150084508925685e-18 1.000000000000001776e+00
2.945220275708778646e-01 -9.555851633839640424e-01 -1.066633938446791448e-02 -5.936178179650319464e+01 9.556332829035354415e-01 2.945547027941646800e-01 -1.598645933182799147e-03 4.018746274368854898e+01 4.669462762548472375e-03 -9.722272480939164047e-03 9.999418350760922447e-01 -8.645726634688527534e-01 7.912921841983275367e-17 3.700486088038225221e-17 -1.085570685331842366e-18 1.000000000000001332e+00
2.934588251687758054e-01 -9.558942330100937967e-01 -1.217099948584564155e-02 -5.915427451901931022e+01 9.559670248538154613e-01 2.934734778626735263e-01 6.043039760591745017e-04 4.087048575881693324e+01 2.994214862476998924e-03 -1.181241250284638042e-02 9.999257480374473817e-01 -8.656096564296240636e-01 8.391276207734976166e-17 2.998602387514787313e-17 -1.127037958138788097e-18 1.000000000000000666e+00
2.928558143308812589e-01 -9.560961101912203164e-01 -1.075639761663444403e-02 -5.894535440747278443e+01 9.561563216954996891e-01 2.928283846063428064e-01 4.077456380321899110e-03 4.156800046965922490e+01 -7.486616464364841692e-04 -1.147890438847977077e-02 9.999338349409971904e-01 -8.674941511278713158e-01 8.809088644111803981e-17 2.653902078334457942e-17 -1.128821622268267083e-18 1.000000000000000000e+00
2.924806721890111372e-01 -9.562492879399635548e-01 -6.508126461977122718e-03 -5.872810461415083694e+01 9.562674355692305506e-01 2.924529934864448788e-01 4.882445148084930617e-03 4.226717780631686594e+01 -2.765513630467324440e-03 -7.651530241000064660e-03 9.999669024619575186e-01 -8.724988255912058399e-01 9.074016690222571317e-17 2.394687514357304367e-17 -1.106872156728745764e-18 9.999999999999994449e-01
2.917821801758582745e-01 -9.564824499759396748e-01 -2.117125341257349719e-03 -5.850931193194234936e+01 9.564839222281227293e-01 2.917782129409847713e-01 1.995237336144240446e-03 4.295608810171228242e+01 -1.290678446913058608e-03 -2.607171050170373205e-03 9.999957683951938847e-01 -8.783872755986682490e-01 9.333462325922028104e-17 2.175732037752442080e-17 -1.057439277798951352e-18 9.999999999999987788e-01
2.916403686521378269e-01 -9.565280094125087063e-01 2.501632417785399211e-04 -5.828857998221963754e+01 9.565243529611359152e-01 2.916385075054256926e-01 -2.853617395756488043e-03 4.368451546663703056e+01 2.656607732724500064e-03 1.071517262259649890e-03 9.999958971346558645e-01 -8.790984653518547631e-01 9.584428610065549140e-17 1.880073202485422937e-17 -1.001556576209078120e-18 9.999999999999981126e-01
2.913005941159585999e-01 -9.566243601947480579e-01 -3.714478366015588721e-03 -5.806469443142189135e+01 9.566099244385085631e-01 2.913179277823448876e-01 -5.596196771204962200e-03 4.440905289401668199e+01 6.435552296159265280e-03 -1.923131424808665257e-03 9.999774423616772934e-01 -8.784479002792019431e-01 9.715256547692732475e-17 1.538404360807917975e-17 -9.357839126355952873e-19 9.999999999999974465e-01
2.906740049831108563e-01 -9.567719626303344826e-01 -9.799711803135472202e-03 -5.784826806961553558e+01 9.567742190770451849e-01 2.907467115226813892e-01 -7.031603530155770831e-03 4.515212281642624248e+01 9.576875090618181680e-03 -7.332207248069121976e-03 9.999272584545375597e-01 -8.807241040255442410e-01 9.868169465885986122e-17 1.259613569420496154e-17 -8.833968710165810297e-19 9.999999999999967804e-01
2.902176205510788032e-01 -9.569221611809295425e-01 -8.585462266655446290e-03 -5.762214620317627833e+01 9.569092323858259252e-01 2.902833635735722617e-01 -7.764651127321229966e-03 4.588209468660588897e+01 9.922383602171985784e-03 -5.962069532690591686e-03 9.999329977706395978e-01 -8.799701512333492071e-01 1.010488258813712026e-16 1.062553999377903205e-17 -8.571584547080092963e-19 9.999999999999960032e-01
2.899031427022217278e-01 -9.570492358842711544e-01 -3.595545097042153731e-03 -5.739313146041726554e+01 9.570196184912375115e-01 2.899228324867904050e-01 -7.628959671355215605e-03 4.662880271145961331e+01 8.343720642932312206e-03 -1.229347812773854288e-03 9.999644348824757722e-01 -8.837972597943232200e-01 1.029763012583294953e-16 7.329892581511289803e-18 -8.539759047174206448e-19 9.999999999999947820e-01
2.902943381272818368e-01 -9.569290247472490574e-01 -4.004852975166245214e-03 -5.716320384386110476e+01 9.569257062283667015e-01 2.903089410856930508e-01 -3.729810315254740351e-03 4.738397403926639839e+01 4.731808373894688322e-03 -2.749603944804084130e-03 9.999850247217217936e-01 -8.787906648077661309e-01 1.048385626149921123e-16 5.052135112083959079e-18 -8.192971873469769413e-19 9.999999999999933387e-01
2.912654552818602083e-01 -9.566230216356403915e-01 -6.068693102445807917e-03 -5.692871809634639391e+01 9.566422580583676671e-01 2.912585493271185322e-01 2.011850091514085729e-03 4.816337276642565257e+01 -1.570233642912448519e-04 -6.391550705860777996e-03 9.999795615027752271e-01 -8.766210357623729355e-01 1.063546571889944400e-16 3.430552970079420195e-18 -7.793209088923204334e-19 9.999999999999918954e-01
2.914152724146864548e-01 -9.565664263483554253e-01 -7.603353630303484080e-03 -5.669430921401335866e+01 9.565836712261995833e-01 2.913607210438601269e-01 7.523973428066746752e-03 4.894685697198436714e+01 -4.981861777948301019e-03 -9.465844695498458472e-03 9.999427877821167598e-01 -8.838287534408160173e-01 1.060411259910115910e-16 2.112168897332118548e-18 -7.420694424179421137e-19 9.999999999999902300e-01
2.910348938150157938e-01 -9.567054501728806670e-01 -3.656800705291503566e-03 -5.645079629254192355e+01 9.566816182614766850e-01 2.909927118195258511e-01 9.139089038668675447e-03 4.973420444948673946e+01 -7.679313939092237244e-03 -6.158187824344392956e-03 9.999515512564546293e-01 -8.981635277880878343e-01 1.060917889823343032e-16 4.939856951102534211e-18 -6.625932586038222661e-19 9.999999999999887867e-01
2.903715391168050775e-01 -9.569096913885173361e-01 2.865623400500097364e-03 -5.620680631870663291e+01 9.568779360372771103e-01 2.903852917157265234e-01 7.810113965098870216e-03 5.050761080904615596e+01 -8.305708631152104726e-03 4.742169921950230424e-04 9.999653945624439322e-01 -9.095764006356423792e-01 1.071799298622765078e-16 8.422924285035763527e-18 -5.789280137972114774e-19 9.999999999999872324e-01
2.894920834009847010e-01 -9.571792190844462533e-01 1.508708335995902856e-03 -5.596653378813027047e+01 9.571605809741762227e-01 2.894958723543035739e-01 5.980143721701557287e-03 5.130680931101922226e+01 -6.160834133407159033e-03 -2.871281176426436661e-04 9.999809806592677708e-01 -9.104886910133471734e-01 1.080172847261004051e-16 9.968239630179545108e-18 -5.177293859090928002e-19 9.999999999999854561e-01
2.903589851473328265e-01 -9.568963515277620902e-01 -6.405636335047619999e-03 -5.573748797600450189e+01 9.569122944187394841e-01 2.903281217518927093e-01 5.333151996244989666e-03 5.210934996904440908e+01 -3.243537321569334424e-03 -7.678160763860735795e-03 9.999652620531253033e-01 -9.213576706055658372e-01 1.098771096654425867e-16 7.680120081916619027e-18 -4.480059974614389651e-19 9.999999999999834577e-01
2.895320125545455259e-01 -9.571289916722364177e-01 -8.677960957694087415e-03 -5.549926164167244025e+01 9.571673161030809229e-01 2.895330080403626383e-01 1.168862291327952109e-03 5.290489618241924319e+01 1.393804153435835875e-03 -8.644683650742657904e-03 9.999616626424275845e-01 -9.315691233962872797e-01 1.107281121025681745e-16 4.986432216187697464e-18 -4.032116134438334128e-19 9.999999999999814593e-01
2.882509661703442916e-01 -9.575213880773822961e-01 -8.010735047418686763e-03 -5.524782002018033467e+01 9.575374258899743696e-01 2.882861557250726570e-01 -3.629109696801257473e-03 5.370551533710872150e+01 5.784334165719043873e-03 -6.624484240362811180e-03 9.999613280956700656e-01 -9.306059691404507950e-01 1.118996204698363830e-16 3.099973820556694055e-18 -3.434277918324085215e-19 9.999999999999794609e-01
2.886649383485208609e-01 -9.573808660125913139e-01 -9.717549124772876731e-03 -5.500452011548418341e+01 9.574045804094831746e-01 2.887165746370978225e-01 -4.382800553348214535e-03 5.452613788166924991e+01 7.001626886497256189e-03 -8.038465190897833845e-03 9.999431785348431578e-01 -9.302149351684257939e-01 1.129084079563058773e-16 1.495075308410044189e-18 -2.858547735109706375e-19 9.999999999999774625e-01
2.887146496323964584e-01 -9.572931797701486056e-01 -1.528460182540874665e-02 -5.476943939832048613e+01 9.573992419768281303e-01 2.887651987593191083e-01 -1.162517789409381894e-03 5.535316961503675515e+01 5.526531435233653262e-03 -1.429783028531568349e-02 9.998825078475347405e-01 -9.279512128603465415e-01 1.142473839018711173e-16 2.074429790181893648e-18 -2.257335306507563653e-19 9.999999999999752420e-01
2.889618474555112893e-01 -9.572602538225658542e-01 -1.240391738161840396e-02 -5.451850399389785906e+01 9.573406134327293593e-01 2.889372637202729521e-01 3.769284548657691677e-03 5.618428746261334794e+01 -2.423233612101310711e-05 -1.296395330186666389e-02 9.999159641328005943e-01 -9.271741666363437773e-01 1.153624742596068203e-16 3.412076465598295966e-18 -1.643278251302576889e-19 9.999999999999727995e-01
2.881195163951077998e-01 -9.575752171530577117e-01 -6.070236097229628550e-03 -5.426463260848279191e+01 9.575791329222157477e-01 2.880732548444142616e-01 7.483584381894220830e-03 5.700870823932979192e+01 -5.417422269372869359e-03 -7.968898131646447516e-03 9.999535730215531881e-01 -9.364756137524913315e-01 1.162703212902838283e-16 5.557222092213579690e-18 -5.015166681638631051e-20 9.999999999999700240e-01
2.876974914413090167e-01 -9.576790213727413015e-01 -9.002524128054561342e-03 -5.401957135637212559e+01 9.576901612692498844e-01 2.875995761102209669e-01 1.077213206447361418e-02 5.784443559290313885e+01 -7.727122770453407133e-03 -1.172074415646571534e-02 9.999014530093247588e-01 -9.440093192184499937e-01 1.175697643896421690e-16 7.191568935406469058e-18 8.923367923310874052e-20 9.999999999999675815e-01
2.881070107190161211e-01 -9.575443730530703856e-01 -1.015499919756394573e-02 -5.376386081676809425e+01 9.575701735257307057e-01 2.880012104269111806e-01 1.070820089684977085e-02 5.868088944293252496e+01 -7.328925453518900408e-03 -1.280923209435064734e-02 9.998910992827680921e-01 -9.622731074386656758e-01 1.171445972392714887e-16 8.657718227756720664e-18 2.337311864948061688e-19 9.999999999999650280e-01
2.863693462701948911e-01 -9.581029492664108194e-01 -5.597867766493320497e-03 -5.351172349254259331e+01 9.581158791016644027e-01 2.863478173698766893e-01 4.346228325649368306e-03 5.951032007717255112e+01 -2.561196960130226151e-03 -6.608032560561558771e-03 9.999748867725951618e-01 -9.591580671892585563e-01 1.170630996818794716e-16 1.047794330552135978e-17 3.910885301883996304e-19 9.999999999999625855e-01
2.858296001380859486e-01 -9.582673001239481181e-01 -5.022071066998031602e-03 -5.326242706086970458e+01 9.582778693196685182e-01 2.858370879933236353e-01 -8.272240050646047617e-04 6.034369712765845151e+01 2.228195883416280755e-03 -4.576094455078207057e-03 9.999870471674617844e-01 -9.614619901472171160e-01 1.169782756120680745e-16 1.174221239037254684e-17 5.525489407504958108e-19 9.999999999999599209e-01
2.856510452525478083e-01 -9.583045950743596109e-01 -7.468828906315457851e-03 -5.301265460036001542e+01 9.583266973421874502e-01 2.856700761445972736e-01 -1.596482587172239412e-03 6.119876532236283850e+01 3.663537521620145211e-03 -6.701541219065695366e-03 9.999708334937446041e-01 -9.705660571428099681e-01 1.168872382287820639e-16 1.291396223445007354e-17 7.115616156670929289e-19 9.999999999999570344e-01
2.850040842499529381e-01 -9.585047033936556771e-01 -6.434713110879172922e-03 -5.276207852526570008e+01 9.585261043501579481e-01 2.850019163298174729e-01 1.270813727726598794e-03 6.203976794959163499e+01 6.158246324686614866e-04 -6.530027593521490516e-03 9.999784895185038769e-01 -9.703045809788484188e-01 1.164156743937746344e-16 1.508972628196823285e-17 8.652158849448343002e-19 9.999999999999541478e-01
2.843013722769558993e-01 -9.587325212829785892e-01 -2.163875124205188235e-03 -5.250023041484407571e+01 9.587289325714901667e-01 2.842908544678741656e-01 4.188545826199843031e-03 6.289370923626111676e+01 -3.400525192440747527e-03 -3.265379014298474408e-03 9.999888868024322530e-01 -9.699091236851478115e-01 1.155199287806696938e-16 1.808595659051957440e-17 1.031061790254310738e-18 9.999999999999510392e-01
2.835135975849312207e-01 -9.589681906974764081e-01 -2.218436043807678955e-04 -5.225374006190889986e+01 9.589487394857019176e-01 2.835063573784038504e-01 6.438972331428897619e-03 6.374229514740007119e+01 -6.111875574436594766e-03 -2.038272855235633008e-03 9.999792449950092310e-01 -9.667227584451543176e-01 1.145287118431607303e-16 2.330504750523180058e-17 1.188331577158754285e-18 9.999999999999479305e-01
2.835395973153042593e-01 -9.589442086078833194e-01 -5.594777153554561858e-03 -5.201089747819593612e+01 9.589549442193091577e-01 2.835132085677458114e-01 5.067102212167784621e-03 6.459713441120383948e+01 -3.272875098758216625e-03 -6.801863334018247095e-03 9.999715110661056006e-01 -9.670880059992607025e-01 1.120938528446232637e-16 3.122301459347739265e-17 1.336003186245015266e-18 9.999999999999449329e-01
2.835097183712553814e-01 -9.589602399050215498e-01 -4.183045550056913899e-03 -5.176013113891288953e+01 9.589687847946795074e-01 2.835116411166202499e-01 1.383496802465150274e-04 6.545430316059452025e+01 1.053270266200933940e-03 -4.050633586780537018e-03 9.999912414563181251e-01 -9.745944748259832702e-01 1.109701390508074236e-16 4.031705758075322043e-17 1.535315515108194502e-18 9.999999999999419353e-01
2.830594231812748607e-01 -9.590981750077202106e-01 -2.837894440986860837e-03 -5.150875350626232319e+01 9.590929153813259056e-01 2.830685333267165538e-01 -3.603485182340074484e-03 6.629648123767097445e+01 4.259414679194838821e-03 -1.701804015813319308e-03 9.999894805695397348e-01 -9.868961954452214469e-01 1.104544212034376013e-16 4.895018557905387780e-17 1.701150302624301882e-18 9.999999999999389377e-01
2.834141307440759538e-01 -9.589841622423980194e-01 -5.080065209673923984e-03 -5.125906392924360944e+01 9.589956619913081459e-01 2.834202741534813663e-01 -5.181509993361486542e-04 6.715667672597939486e+01 1.936692076455505396e-03 -4.724909183658036055e-03 9.999869621435374389e-01 -9.909094374376617997e-01 1.103690825289710640e-16 5.566618269525845425e-17 1.835070003246224228e-18 9.999999999999358291e-01
2.839868202558417654e-01 -9.588171310330296793e-01 -4.603819965052826160e-03 -5.100942749788514163e+01 9.588193040299252123e-01 2.839602524006406004e-01 5.667210598325014316e-03 6.802142657471861753e+01 -4.126516727563605928e-03 -6.023644572329477087e-03 9.999733434276206756e-01 -9.830379894788368045e-01 1.116619086882194219e-16 6.263034445478209470e-17 1.988303469901171504e-18 9.999999999999329425e-01
2.834344742084322077e-01 -9.589851563159298431e-01 -3.516929854528758320e-03 -5.075825586012932433e+01 9.589579479208104607e-01 2.833918956972447112e-01 9.417407947670340673e-03 6.887318692756689131e+01 -8.034485014279332121e-03 -6.041805906355402107e-03 9.999494705393840999e-01 -9.807965464296920510e-01 1.123746626659757807e-16 7.063927797926946697e-17 2.165240870906649798e-18 9.999999999999300559e-01
2.833310609445513495e-01 -9.590148203948062333e-01 -3.752887801329092814e-03 -5.051048035040935957e+01 9.589811770200062924e-01 2.832806040380541623e-01 1.035381557557612728e-02 6.972666654909399142e+01 -8.866342261365517050e-03 -6.532506312816125857e-03 9.999393553292246217e-01 -9.860602562254768833e-01 1.129209469701489224e-16 8.010687241275589628e-17 2.338660818797598028e-18 9.999999999999272804e-01
2.834745253428132550e-01 -9.589692494850543536e-01 -4.491327580119911997e-03 -5.025422233800737359e+01 9.589254228886698872e-01 2.834054931936135224e-01 1.197329383571107443e-02 7.058954969046152428e+01 -1.020915369555901869e-02 -7.700971985988154869e-03 9.999182307625652522e-01 -1.005502050340547182e+00 1.148427961029201362e-16 9.023970647322745039e-17 2.513501182701791917e-18 9.999999999999242828e-01
2.836804536382869779e-01 -9.588918746107635283e-01 -7.195347713720818932e-03 -5.001228899341575129e+01 9.588694996796420789e-01 2.835817203174868517e-01 1.227560530829847896e-02 7.144564489679153496e+01 -9.730509103118243144e-03 -1.038174874484139483e-02 9.998987631183665625e-01 -1.018095306853242343e+00 1.171369747494266595e-16 1.024556131190696453e-16 2.719739230279819705e-18 9.999999999999212852e-01
2.837426657674307351e-01 -9.588507262488079608e-01 -9.766493486029185003e-03 -4.976350142009882660e+01 9.588837901586066970e-01 2.836629515327512285e-01 8.786745619572005131e-03 7.229735258320665992e+01 -5.654785050319696173e-03 -1.185810691598265972e-02 9.999137006294339658e-01 -1.028473591889832006e+00 1.200096820174394217e-16 1.167568048395718046e-16 2.959591292256268528e-18 9.999999999999180655e-01
2.837925676207886383e-01 -9.588386956699714858e-01 -9.493905876538052610e-03 -4.951585485486889127e+01 9.588837476643775615e-01 2.837980412256881357e-01 7.938900199006790901e-04 7.313026855915860835e+01 1.933139420153457116e-03 -9.328852134045119079e-03 9.999546167151224241e-01 -1.021387203768429952e+00 1.226604608506987712e-16 1.309686619926594230e-16 3.234530027943435428e-18 9.999999999999149569e-01
2.834965599272354919e-01 -9.589315627477674742e-01 -8.941950303525646182e-03 -4.925928786324372055e+01 9.589348877083297973e-01 2.835563011159494273e-01 -6.301208854603443550e-03 7.397888908701358446e+01 8.577974406973125701e-03 -6.788377076562514961e-03 9.999401663558584730e-01 -1.019616144299536620e+00 1.248420598870663988e-16 1.464625993587996003e-16 3.531804589082111631e-18 9.999999999999120703e-01
2.835158672532922530e-01 -9.589229981107354472e-01 -9.243198018688629850e-03 -4.901009238161392290e+01 9.589329797372333486e-01 2.835743152281591795e-01 -5.757439962418496940e-03 7.482926445964983486e+01 8.142075138870524809e-03 -7.231281834279817966e-03 9.999407058298539486e-01 -1.018257067401074245e+00 1.283100016077587084e-16 1.617003702435988937e-16 3.769225375659935762e-18 9.999999999999089617e-01
2.838319888493854859e-01 -9.588431023817299836e-01 -7.701111637866455036e-03 -4.875965794390729258e+01 9.588716687879018652e-01 2.838399532265008518e-01 6.122128705846785924e-05 7.568407839490666333e+01 2.127181558267135335e-03 -7.401754327411216167e-03 9.999703441260309189e-01 -1.012482250681991491e+00 1.303070388202631575e-16 1.783833102494596323e-16 4.065381169003353974e-18 9.999999999999060751e-01
2.835878072214220169e-01 -9.589190966069256472e-01 -7.219539983799621273e-03 -4.850352051168589185e+01 9.589321385776201634e-01 2.835347131866353676e-01 7.564391639966518317e-03 7.654743307717568257e+01 -5.206649399133493443e-03 -9.068218154377803361e-03 9.999453276162528770e-01 -1.010674505766419484e+00 1.326432794415183766e-16 1.919210747389504444e-16 4.334831918736640178e-18 9.999999999999030775e-01
2.835274878320773739e-01 -9.589367888593083311e-01 -7.238688797121271834e-03 -4.825614066580569528e+01 9.589180134319043036e-01 2.834317702705557163e-01 1.194466897245926446e-02 7.740433693728601838e+01 -9.402508128233755605e-03 -1.032795106795953398e-02 9.999024583766511487e-01 -1.014049687534841260e+00 1.356852903609752087e-16 2.029698082572482736e-16 4.659259573811732020e-18 9.999999999998997469e-01
2.832343938787709181e-01 -9.590253007516709172e-01 -6.982165993468173425e-03 -4.800735908084607217e+01 9.590068002412734938e-01 2.831442468557786030e-01 1.163153314119586522e-02 7.825175884284688266e+01 -9.177974437298055607e-03 -9.990394907302137598e-03 9.999079741630509943e-01 -1.024617260657358919e+00 1.387593577377486035e-16 2.108289294661799323e-16 4.993293027910279958e-18 9.999999999998963052e-01
2.837934420834760663e-01 -9.588316515093804338e-01 -1.015609638934081987e-02 -4.775975806976458671e+01 9.588659626677112913e-01 2.837042565123389926e-01 9.378724531912652554e-03 7.909848933998019049e+01 -6.111290156782937452e-03 -1.239995565860087245e-02 9.999044420504965558e-01 -1.034394587893754158e+00 1.412501550461675168e-16 2.216261404430504587e-16 5.363061325432076563e-18 9.999999999998928635e-01
2.840614866943996786e-01 -9.587239710990224095e-01 -1.254667353310596166e-02 -4.751113148162852440e+01 9.587994854641800346e-01 2.839867346571714468e-01 7.421671787139101639e-03 7.995188661134679364e+01 -3.552245800487306530e-03 -1.413795524946703450e-02 9.998937442404395304e-01 -1.041946837291913841e+00 1.433638052203019622e-16 2.335080040409799597e-16 5.766647895263679737e-18 9.999999999998893108e-01
2.833873743257220301e-01 -9.589235294873825755e-01 -1.254036155331303935e-02 -4.725358587140677713e+01 9.590010833361658493e-01 2.833220361306519330e-01 6.748777857579246406e-03 8.080967113013713288e+01 -2.918601113821502405e-03 -1.393873875204707131e-02 9.998985915229440247e-01 -1.043993269112695188e+00 1.443873433763236893e-16 2.467257244409161311e-16 6.201900512729325973e-18 9.999999999998858691e-01
2.827715114578804312e-01 -9.591081070507125883e-01 -1.232523010229592299e-02 -4.700606230745960090e+01 9.591772942010030611e-01 2.826865311854334095e-01 8.200205809083234779e-03 8.165697992325439714e+01 -4.380707327300636424e-03 -1.414086545085149228e-02 9.998904166595650178e-01 -1.050346209316405544e+00 1.448686512125606580e-16 2.633550221374614313e-16 6.679692654508208748e-18 9.999999999998825384e-01
2.822564703557902677e-01 -9.592401272391926081e-01 -1.377182762290928182e-02 -4.675730105031630757e+01 9.593094267052959534e-01 2.821060030279330944e-01 1.190070962905829047e-02 8.252407472402464350e+01 -7.530522973731367670e-03 -1.657049635627179385e-02 9.998343412157201238e-01 -1.050837098658962798e+00 1.451661993912469544e-16 2.789193130162074330e-16 7.171802102577017581e-18 9.999999999998790967e-01
2.822018346610686845e-01 -9.592616657859233120e-01 -1.338585324832670433e-02 -4.650580909011259934e+01 9.593087523770517100e-01 2.820236564627949249e-01 1.376135196292297032e-02 8.337497869835409858e+01 -9.425610129458148259e-03 -1.672464495053626460e-02 9.998157050801854684e-01 -1.056443807765562237e+00 1.446144673366180381e-16 2.931175178618557940e-16 7.681655323249755244e-18 9.999999999998755440e-01
2.811492249326243420e-01 -9.595864994872790321e-01 -1.220095574844703643e-02 -4.625257057945238870e+01 9.596249206185513136e-01 2.810002071258826395e-01 1.260536880661177264e-02 8.422255408970663382e+01 -8.667470635441517149e-03 -1.525233086157103644e-02 9.998461088368015837e-01 -1.063095593792134474e+00 1.443359095009523586e-16 3.089123422575111557e-16 8.148072019161867799e-18 9.999999999998719913e-01
2.806541276593955136e-01 -9.597116337219975257e-01 -1.366896945770764565e-02 -4.601113999605764349e+01 9.597808906040776744e-01 2.805085196808299042e-01 1.164527446675508310e-02 8.507313963821005132e+01 -7.341842995493491793e-03 -1.638751002660851150e-02 9.998387604291877340e-01 -1.077660702827318406e+00 1.432552185090606372e-16 3.234139825961154401e-16 8.585541076521043440e-18 9.999999999998681055e-01
2.799582032391454978e-01 -9.599186576240982260e-01 -1.340056655121428172e-02 -4.576752962647412915e+01 9.599891301867732318e-01 2.798274546502148574e-01 1.083815237528356484e-02 8.593409161232816018e+01 -6.653898250317920142e-03 -1.589862789295543727e-02 9.998514686038169064e-01 -1.090254680395043696e+00 1.427188410067689556e-16 3.377705424599668030e-16 9.046923256669956656e-18 9.999999999998643307e-01
2.783101141609385376e-01 -9.604514763564877544e-01 -8.743106999305794852e-03 -4.551192554558087977e+01 9.604756657653696905e-01 2.782421744668817642e-01 8.233335908889938617e-03 8.677457978885820467e+01 -5.475018525955827400e-03 -1.068896217277328156e-02 9.999278825294447559e-01 -1.091770748035935767e+00 1.433809292404351257e-16 3.528089831280581115e-16 9.534521977217756801e-18 9.999999999998606670e-01
2.770144194762527157e-01 -9.607677859523862107e-01 -1.372125642992599003e-02 -4.527155968677867293e+01 9.608653619140959945e-01 2.769730369410992599e-01 4.867553901862336704e-03 8.762569735470076182e+01 -8.761709212607167018e-04 -1.453266264387925374e-02 9.998940114037094817e-01 -1.094078774321052938e+00 1.448327161630058321e-16 3.632965105311408797e-16 9.894654362365487361e-18 9.999999999998567812e-01
2.763227942415361627e-01 -9.608062171394137208e-01 -2.229633351987649406e-02 -4.503953590717546973e+01 9.610565693133998888e-01 2.763425419729108601e-01 2.251682741939938816e-03 8.847720614609391987e+01 3.997994704065895369e-03 -2.205022906790684786e-02 9.997488701851088289e-01 -1.106614844691305111e+00 1.463575021052528511e-16 3.744257843548587756e-16 1.029237852093535897e-17 9.999999999998527844e-01
2.748867630611900870e-01 -9.612086948920051110e-01 -2.269608682963239130e-02 -4.480605619537345063e+01 9.614631185579887163e-01 2.749313517360561510e-01 1.193098900049590705e-03 8.932920964307406564e+01 5.093048794584043720e-03 -2.214941751695672159e-02 9.997416987190417270e-01 -1.107531586667806156e+00 1.461941063892575074e-16 3.842187571865306245e-16 1.078578257100976284e-17 9.999999999998486766e-01
2.736865135076249622e-01 -9.615843351960046137e-01 -2.124284889853929326e-02 -4.456840431667893654e+01 9.618164549046649414e-01 2.736693498711522676e-01 3.767494574396744282e-03 9.018727660600391971e+01 2.190752881786491718e-03 -2.146283407442390809e-02 9.997672465905759198e-01 -1.095688184181404123e+00 1.460487285859994503e-16 3.944874278039312413e-16 1.129506653739894745e-17 9.999999999998444578e-01
2.734279344381450594e-01 -9.617117095577358832e-01 -1.864811969214711512e-02 -4.432599100933164493e+01 9.618907076295006853e-01 2.733387041805609430e-01 7.226297291591595937e-03 9.103706767373653008e+01 -1.852361850025251427e-03 -1.991332458874558314e-02 9.997999941285223846e-01 -1.087335051241564265e+00 1.463621670318337868e-16 4.043460291604166974e-16 1.181316956666016389e-17 9.999999999998399058e-01
2.722128286642168105e-01 -9.620403576502817300e-01 -1.945574882568169503e-02 -4.409521292692293315e+01 9.622282826806219935e-01 2.720682920423840301e-01 9.776322123827257959e-03 9.189100756554512373e+01 -4.111924079114630086e-03 -2.138211208009242401e-02 9.997629205783498119e-01 -1.089848116393654864e+00 1.469881657423808344e-16 4.122020874589909588e-16 1.225896153748872744e-17 9.999999999998353539e-01
2.713539598541039322e-01 -9.623202789554489156e-01 -1.751311457815840980e-02 -4.386512956329995205e+01 9.624649253675040539e-01 2.712043275841511947e-01 1.046327561390368935e-02 9.274636281952868444e+01 -5.319389844498351345e-03 -1.969500978632945931e-02 9.997918836843917578e-01 -1.099230798291567446e+00 1.476641981093813683e-16 4.210340257058400251e-16 1.278587796218968635e-17 9.999999999998308020e-01
2.697141494300570597e-01 -9.628372438791239496e-01 -1.409678672947438371e-02 -4.362632525370381842e+01 9.629183365703225528e-01 2.695798849381035867e-01 1.072206757168040273e-02 9.359670755885402116e+01 -6.523395844886146697e-03 -1.646594776379170164e-02 9.998431466339471330e-01 -1.109260279828383711e+00 1.494323668870417027e-16 4.278492262311855508e-16 1.325062214546231732e-17 9.999999999998261391e-01
2.689252408605438127e-01 -9.630517760882583156e-01 -1.450832178347472370e-02 -4.340117517461722940e+01 9.631240694782039480e-01 2.687524005205005895e-01 1.281304045935481584e-02 9.444460116804440020e+01 -8.440475064652704432e-03 -1.741906390912039554e-02 9.998126497465373852e-01 -1.118650482948423619e+00 1.505968871754178212e-16 4.368263561986209525e-16 1.373196063733150599e-17 9.999999999998214761e-01
2.687938180048311532e-01 -9.630080530431242014e-01 -1.911473714439778510e-02 -4.317865448941101647e+01 9.631593965872391472e-01 2.685531168828729776e-01 1.425482998113741274e-02 9.530062178711840204e+01 -8.594193828085820372e-03 -2.224214886959560364e-02 9.997156729020938437e-01 -1.115994107135481972e+00 1.520105463254440727e-16 4.486760841493883850e-16 1.420657108874221715e-17 9.999999999998169242e-01
2.683160484661545886e-01 -9.630391443228546455e-01 -2.370874600297541782e-02 -4.297122672007618149e+01 9.633029812743908460e-01 2.680394872143992968e-01 1.421968921232947235e-02 9.615134419196060378e+01 -7.339237210461323907e-03 -2.665407652684740822e-02 9.996177748527915741e-01 -1.118250675037861797e+00 1.551174396342580634e-16 4.600225811468643817e-16 1.474266561254710740e-17 9.999999999998125944e-01
2.689290630390422376e-01 -9.628011697467286911e-01 -2.628814536809118141e-02 -4.273990093576633598e+01 9.631461598763727538e-01 2.686787724314839143e-01 1.269613955820636346e-02 9.700234354422329375e+01 -5.160791390927746414e-03 -2.873368717718539911e-02 9.995737798949104747e-01 -1.129229154840966531e+00 1.583232885554917267e-16 4.716867674831861882e-16 1.529293723320285603e-17 9.999999999998081535e-01
2.705228082755590235e-01 -9.623220236701788277e-01 -2.745419752342732542e-02 -4.250904427874446156e+01 9.627011043697903947e-01 2.702641854184032466e-01 1.280053611680365827e-02 9.784509044982306136e+01 -4.898351490019828974e-03 -2.989302325317610282e-02 9.995411013627404362e-01 -1.142375766889202282e+00 1.590842800801173367e-16 4.827477375729940078e-16 1.577112915412672277e-17 9.999999999998034905e-01
2.713251612805723245e-01 -9.621128487978114485e-01 -2.686118079772846848e-02 -4.226490750553632836e+01 9.624563334662220582e-01 2.709851620894468405e-01 1.564762274810883175e-02 9.869599383270980297e+01 -7.775797466729492818e-03 -3.009830734898001625e-02 9.995166976436440365e-01 -1.152660213909006082e+00 1.593374331416016866e-16 4.944275991265623272e-16 1.639139165529760218e-17 9.999999999997991607e-01
