1.000000000000000000e+00 4.398956837314658088e-19 2.733407509747682871e-20 -8.673617379884035472e-19 -5.583667658079949532e-19 1.000000000000000000e+00 -6.100159232558060012e-19 0.000000000000000000e+00 4.145284534913582806e-20 -2.210423569125054137e-19 1.000000000000000222e+00 0.000000000000000000e+00
9.998970564616497247e-01 3.528013033360300941e-04 1.434405892669678856e-02 -8.757513327511398660e-02 -3.485936746107626120e-04 9.999998954822540975e-01 -2.958354923754468271e-04 -1.269407419053061870e-02 -1.434416204730899758e-02 2.908048055205553987e-04 9.998970749187610085e-01 1.150317120666793924e-02
9.995969565720727035e-01 1.542296456503185371e-03 2.834688265906294691e-02 -1.008147406843144939e-01 -1.526433470096707221e-03 9.999986660847183240e-01 -5.812336961023914506e-04 -1.636802420819959136e-02 -2.834774177288894303e-02 5.377298333471322144e-04 9.995979773674230628e-01 -3.345119917224192996e-02
9.979460193737936802e-01 5.137705037650476710e-03 6.385410254683446252e-02 -4.493154815758123449e-03 -5.206520642620672892e-03 9.999860307021087857e-01 9.113468536757152400e-04 9.851221561964496054e-03 -6.384852942345463356e-02 -1.241932623654014994e-03 9.979588282464644244e-01 4.133600220281898885e-01
9.954405490329569783e-01 4.167874020010052874e-03 9.529292804397120065e-02 2.694377079441401604e-02 -4.470070452629762263e-03 9.999856342935967701e-01 2.957986527034628735e-03 1.552661428113618486e-02 -9.527923222564733952e-02 -3.370465779767271592e-03 9.954448793836510045e-01 5.376921649903785294e-01
9.908873018469359639e-01 1.731845184717228795e-03 1.346824250629428121e-01 1.674018549179302762e-01 -2.415590963857740595e-03 9.999850112154802240e-01 4.913478189235785665e-03 1.498645201151455053e-02 -1.346718992808406956e-01 -5.194040717979431579e-03 9.908766328922016253e-01 8.088631315180057069e-01
9.851389109707804348e-01 -2.376052104705944461e-03 1.717430644857317612e-01 1.757586785802039975e-01 1.390208670669409530e-03 9.999818621239263683e-01 5.860267820043784347e-03 -1.352497609590183614e-02 -1.717538767016461576e-01 -5.534419049580456551e-03 9.851243456115496011e-01 9.060968330969950690e-01
9.764347579151417822e-01 -2.453256210954868170e-03 2.157988520896714224e-01 2.852466654292208914e-01 1.054600848872474855e-03 9.999776887255946711e-01 6.596200750937621961e-03 4.324350442842933573e-04 -2.158102232436159562e-01 -6.213177884028488716e-03 9.764155593156965685e-01 1.192506201953122069e+00
9.648813515774915528e-01 -2.549602307181331358e-03 2.626737064723836945e-01 3.655334768879576757e-01 1.024791277077408151e-05 9.999532613229910050e-01 9.668250182011433463e-03 1.511452666739748762e-02 -2.626860841836167748e-01 -9.326022282958599044e-03 9.648362800608691892e-01 1.327556581093119137e+00
9.505455439899411774e-01 -6.082157438589301524e-03 3.105256429305746080e-01 5.453034575554217556e-01 1.015031627467822065e-03 9.998637317227836441e-01 1.647688345460692622e-02 3.219098432781811875e-02 -3.105835484989563633e-01 -1.534683464211673842e-02 9.504221879356483660e-01 1.624554128363059569e+00
9.335514195940496363e-01 -1.578170698718911469e-02 3.580959130932002132e-01 6.262543455514046897e-01 7.453725555764316967e-03 9.996689753487230101e-01 2.462481830880116490e-02 6.670264719872504022e-03 -3.583660023712327281e-01 -2.031938526770829881e-02 9.333600230752809868e-01 1.811935156953561332e+00
9.123768881571701073e-01 -2.149235699760249779e-02 4.087866071828058501e-01 8.197631131176630337e-01 1.024149416368509181e-02 9.995066297348185191e-01 2.969189925601434590e-02 -6.893573895508375848e-06 -4.092230799883187498e-01 -2.290361680261381386e-02 9.121468618098405035e-01 2.053976686411353114e+00
8.878829641984608001e-01 -2.356368908901534942e-02 4.594655497387266085e-01 9.932104962745894605e-01 9.135455880677786564e-03 9.993935974677231604e-01 3.360030882517069800e-02 -1.583588084527479123e-03 -4.599786838363594255e-01 -2.563571432105701126e-02 8.875598141233123073e-01 2.282989285116495459e+00
8.594368330305212078e-01 -2.550893235104501403e-02 5.106051513065135161e-01 1.170531827455134621e+00 7.050910404411391171e-03 9.992508498463701372e-01 3.805290672483826325e-02 3.296484249146031109e-02 -5.111933292262960116e-01 -2.910383823114831570e-02 8.589728462811545562e-01 2.510591866725251808e+00
8.271057947001553279e-01 -3.074028826768469488e-02 5.612049842010810030e-01 1.420435501445056481e+00 8.092562326214225096e-03 9.990510269210134409e-01 4.279668215284975624e-02 3.136701812149005064e-02 -5.619880078273092883e-01 -3.085579721401738446e-02 8.265696604853466356e-01 2.772180140064295806e+00
7.917623560676870786e-01 -3.666379280775925592e-02 6.097279164507711791e-01 1.626690150603337104e+00 1.056430277701122557e-02 9.988696224006918811e-01 4.634514974105321400e-02 3.032537801719921433e-02 -6.107378931862195159e-01 -3.025299429568681017e-02 7.912546921957012147e-01 2.933099825038470332e+00
7.543801314728906249e-01 -4.093982667789461405e-02 6.551599355436843464e-01 1.898704627068002138e+00 1.149033467363458350e-02 9.987239303754879005e-01 4.917807491650582480e-02 3.735261515991909753e-02 -6.563372590503723236e-01 -2.957095530694925714e-02 7.538879012992147910e-01 3.159520149585667959e+00
7.140422155253070002e-01 -4.431884140391527394e-02 6.986984664655129240e-01 2.201985372522798023e+00 1.254934422153916249e-02 9.986442209956786220e-01 5.051963753283963271e-02 4.546157512642798326e-02 -6.999901696519020833e-01 -2.730494589093740779e-02 7.136303035036802855e-01 3.385437685189198298e+00
6.724721816109909822e-01 -4.610257145567773357e-02 7.386851217950660686e-01 2.496678975966414971e+00 1.149233406582983279e-02 9.985881666756337705e-01 5.186134955988910139e-02 6.045918232804299575e-02 -7.400331758860563269e-01 -2.638609818177694438e-02 6.720525880977020750e-01 3.592720605643882958e+00
6.300207427757794632e-01 -4.638893350176425540e-02 7.751915381671278249e-01 2.869279182174292231e+00 7.351481396736997409e-03 9.985258052559717878e-01 5.377891695372945258e-02 9.064957667583385670e-02 -7.765435148976561619e-01 -2.818302650225299258e-02 6.294329958088819010e-01 3.827924934427805681e+00
5.885363535550770520e-01 -4.719705060088656007e-02 8.070919330461335806e-01 3.186437803997947071e+00 4.285590923908537929e-03 9.984626393362482366e-01 5.526293073128240446e-02 1.038100529375688419e-01 -8.084594029658680459e-01 -2.906537731910658479e-02 5.878338270421430423e-01 4.023647911413998024e+00
5.475879332589987936e-01 -4.827918711182405120e-02 8.353541548583832688e-01 3.552497343602022184e+00 2.212243778306702963e-03 9.984140923503038723e-01 5.625305439716262595e-02 1.274647035469125556e-01 -8.367452265145214341e-01 -2.895548617560307972e-02 5.468263135329788360e-01 4.240171643869921070e+00
5.094531520812342062e-01 -5.096629574692024961e-02 8.589877242470043139e-01 3.995383914092163202e+00 1.414039872695350194e-03 9.982926700051266700e-01 5.839302577525366800e-02 1.322994926685863992e-01 -8.604972398348332829e-01 -2.853386752730427064e-02 5.086554146098688500e-01 4.452174118391607038e+00
4.719207382776775539e-01 -5.077308202275149229e-02 8.801777650721376300e-01 4.394759469072801572e+00 -1.836477592716986591e-03 9.982815819358756837e-01 5.857055981543463768e-02 1.576979045314843286e-01 -8.816390747778859449e-01 -2.925708793464358581e-02 4.710165363009259365e-01 4.642654139640579380e+00
4.358572501680308409e-01 -5.008657270948276008e-02 8.986210432142982540e-01 4.845028650314152863e+00 -2.940874375122844685e-03 9.983657070284178703e-01 5.707246490995784155e-02 1.839708762059671376e-01 -9.000110128817427890e-01 -2.751817854064815549e-02 4.349976321552462832e-01 4.797244279832137082e+00
4.025052419214750210e-01 -4.890757055761862232e-02 9.141102591277913136e-01 5.369819554495761871e+00 -1.648921683436581874e-03 9.985314286719209065e-01 5.415041067536137398e-02 2.057351708659284073e-01 -9.154162038707978066e-01 -2.330311964643680747e-02 4.018334882337650238e-01 5.006346513576530377e+00
3.730284165142917496e-01 -4.734976483256136265e-02 9.266109139684908236e-01 5.865575062367811121e+00 4.091020537931694097e-04 9.987052460609722182e-01 5.086908777051523528e-02 2.289549113858104779e-01 -9.278198362290600576e-01 -1.859653604592859805e-02 3.725648060939072415e-01 5.167077372153518589e+00
3.471934380842285894e-01 -4.539826023162082252e-02 9.366940267799472863e-01 6.425259913364659070e+00 1.426683922683809553e-03 9.988519791301415651e-01 4.788202509422326281e-02 2.551955782738634104e-01 -9.377924593479100013e-01 -1.528795777877124847e-02 3.468596204299029262e-01 5.359850641573491892e+00
3.269231084018049960e-01 -4.488730395915857541e-02 9.439843198696850068e-01 6.971071544801962006e+00 2.493186116583533726e-03 9.989088585683416621e-01 4.663556864127298834e-02 2.706680708314347372e-01 -9.450476607637463555e-01 -1.289271560357517152e-02 3.266783001361894812e-01 5.540905126782686985e+00
3.121063232501158358e-01 -4.540031266571444707e-02 9.489617692188861975e-01 7.557019413009627762e+00 3.574547578164310232e-03 9.989065747041979693e-01 4.661413504828964410e-02 3.056003772274601404e-01 -9.500404631608017070e-01 -1.115645642684131612e-02 3.119273425516824183e-01 5.723894261487979307e+00
2.998986948440708344e-01 -4.690043139612296019e-02 9.528174573678742654e-01 8.180227742268646907e+00 4.523787618791482064e-03 9.988494374029269762e-01 4.774239946380035710e-02 3.195608877476847076e-01 -9.539603368784240756e-01 -1.000753857416295661e-02 2.997658088809772581e-01 5.935580779109534078e+00
2.894353701116342825e-01 -4.872203174848797197e-02 9.559567535890479695e-01 8.814998516009607599e+00 3.485224658111928109e-03 9.987507406583973069e-01 4.984788063672791758e-02 3.494722248267289055e-01 -9.571912222706192575e-01 -1.109601483916770187e-02 2.892435961612778161e-01 6.109978881579379184e+00
2.783959042875793766e-01 -5.039779851593738369e-02 9.591432462579146945e-01 9.490951960508855478e+00 1.802277344049347738e-03 9.986480377384681084e-01 5.195044252543509072e-02 3.903847560500691705e-01 -9.604647253393724382e-01 -1.273414739976248648e-02 2.781103530006329705e-01 6.319742727908277402e+00
2.679920713187517456e-01 -5.206712940808355672e-02 9.620131226222686793e-01 1.016529890672775949e+01 8.099326975669843970e-04 9.985503782263561723e-01 5.381901256681507345e-02 4.096078606773384534e-01 -9.634207856141961956e-01 -1.364390189115647495e-02 2.676457537027421840e-01 6.468352388109226858e+00
2.586248419668635834e-01 -5.407998002312017910e-02 9.644628199861079443e-01 1.090033909171124904e+01 -2.029699530642741149e-05 9.984313222618339534e-01 5.599012657584136882e-02 4.398658441296893762e-01 -9.659778502705136383e-01 -1.450001245836788667e-02 2.582180439255976623e-01 6.663237983532375175e+00
2.482129929368877552e-01 -5.580368271690749199e-02 9.670968117448740520e-01 1.160473596263578600e+01 -4.302362204764042424e-04 9.983329206212664397e-01 5.771650074829084986e-02 4.678499788773435308e-01 -9.687053946478243471e-01 -1.474206459075538649e-02 2.477751920576955202e-01 6.868494630428841674e+00
2.370214744910698335e-01 -5.690395434049819873e-02 9.698364525307645589e-01 1.237859308730150154e+01 -9.006234937491756866e-04 9.982698272346329782e-01 5.879235382034273677e-02 4.981240773593704763e-01 -9.715040021393227532e-01 -1.480850700267537928e-02 2.365601359975708917e-01 7.043804955384255884e+00
2.270100801112568123e-01 -5.998137809471995596e-02 9.720435390287486266e-01 1.313956639158752004e+01 -2.234520564146137613e-03 9.980668689013675321e-01 6.210903376115303048e-02 5.345310590354092062e-01 -9.738898537197522298e-01 -1.627142713212405278e-02 2.264372088847890485e-01 7.210972887530943787e+00
2.157346820805299825e-01 -6.345462234657978096e-02 9.743880344667410487e-01 1.389647783032074990e+01 -4.155899955960071744e-03 9.978175414392714826e-01 6.590054965872355064e-02 5.824873186558310323e-01 -9.764431843415540824e-01 -1.826649245660992918e-02 2.150001376536484488e-01 7.390288103529060848e+00
2.032835238348688067e-01 -6.743066369961092654e-02 9.767952181961072622e-01 1.468514765724878046e+01 -3.779864712418305739e-03 9.975642560826950556e-01 6.965104131634834717e-02 6.201028081244469581e-01 -9.791126280659206982e-01 -1.785106202123366154e-02 2.025334970778197019e-01 7.545655394382700720e+00
1.906775724511284575e-01 -6.981431670968434033e-02 9.791669970986206506e-01 1.547651331164835931e+01 -4.785481938736932221e-03 9.973898661061502136e-01 7.204550018619182428e-02 6.587261612260956190e-01 -9.816410644803309493e-01 -1.842324618824220384e-02 1.898457819375417854e-01 7.688324879755664476e+00
1.767384494922040472e-01 -7.043735903983357194e-02 9.817342219131285352e-01 1.627491437507709549e+01 -5.946787053947072757e-03 9.973413907764598907e-01 7.262772139305073704e-02 6.929929188720898026e-01 -9.842398961696914306e-01 -1.867427435553611903e-02 1.758496936745824191e-01 7.832693491309229650e+00
1.625548962557340216e-01 -6.976969269875485380e-02 9.842296881985821422e-01 1.707840477234901044e+01 -7.355105824013886441e-03 9.973835078239898788e-01 7.191690127969750657e-02 7.401887883890251318e-01 -9.866720960902037874e-01 -1.892955706254133980e-02 1.616164077940974719e-01 7.967401921533661557e+00
1.454939035405836967e-01 -6.852057025087814057e-02 9.869835048338561068e-01 1.788637267427272803e+01 -8.680205083806177141e-03 9.974720111369177467e-01 7.052829923817648117e-02 7.774807872757705240e-01 -9.893210779223903240e-01 -1.882865592237372571e-02 1.445313225922963962e-01 8.083554490203582077e+00
1.246537243115572180e-01 -6.699768181958001834e-02 9.899357266227696295e-01 1.870167921918206133e+01 -1.120209641370228243e-02 9.975590048832398971e-01 6.892419585880782407e-02 8.093560665215538963e-01 -9.921370768544716112e-01 -1.968101228590378449e-02 1.235989293056067306e-01 8.175631933537740537e+00
9.937887506331789800e-02 -6.580369363829799423e-02 9.928714398929040508e-01 1.951885202111704842e+01 -1.566443428530302912e-02 9.975838383864742420e-01 6.768390400782059446e-02 8.503378925649343056e-01 -9.949263701252326619e-01 -2.227911880752640392e-02 9.810798061920782132e-02 8.269976201888235678e+00
6.936532382130917995e-02 -6.540188941933683386e-02 9.954451404463825481e-01 2.033946862793133192e+01 -1.951912316855254972e-02 9.975686373610523905e-01 6.690155130083169643e-02 9.016467813449233759e-01 -9.974003574336348654e-01 -2.407086322870514300e-02 6.792008263980191252e-02 8.322169882283384723e+00
3.710774487342739791e-02 -6.527919098950180077e-02 9.971768275047330210e-01 2.118047264588182088e+01 -2.235274033334432378e-02 9.975602095426797655e-01 6.613609699640309036e-02 9.440072534978245500e-01 -9.990612531830582732e-01 -2.474379526190331399e-02 3.555803955414409134e-02 8.364994793218491154e+00
2.258442122678413263e-03 -6.440880118057600023e-02 9.979210332034913478e-01 2.204203728543951257e+01 -2.440957769039112102e-02 9.976226951025575218e-01 6.444478822434797360e-02 9.701648420257188432e-01 -9.996994994865744388e-01 -2.450437496330819601e-02 6.808800875341828370e-04 8.352843397536595660e+00
-3.226026889186427160e-02 -6.368903221499255807e-02 9.974482266921472773e-01 2.287491032725053941e+01 -2.556873045610438475e-02 9.976936553534152541e-01 6.287773923357539707e-02 1.007509860824604475e+00 -9.991524069562210952e-01 -2.347503121527674819e-02 -3.381431468394345552e-02 8.282375107998497299e+00
-6.547608636526432158e-02 -6.160177730953510233e-02 9.959508450996275020e-01 2.370846401663993319e+01 -2.742678713560362663e-02 9.978266382950941038e-01 5.991469990747618629e-02 1.030597842880594417e+00 -9.974771529277445259e-01 -2.339275089718617293e-02 -6.702332337092742343e-02 8.222743645576327864e+00
-9.738122402800904187e-02 -5.837841329180624289e-02 9.935335126782411930e-01 2.454602410835314430e+01 -2.937057672839134270e-02 9.980119634319085664e-01 5.576280201074165083e-02 1.073177998914283116e+00 -9.948136928327998563e-01 -2.375040149275295734e-02 -9.890223564820935231e-02 8.152266658158467294e+00
-1.297287756985984752e-01 -5.397519354381279805e-02 9.900793433148851186e-01 2.539744764368470342e+01 -2.696534614873334276e-02 9.983400441709352480e-01 5.089230129552429344e-02 1.107187977721645122e+00 -9.911827942973867600e-01 -2.009563537854281573e-02 -1.309688928222008386e-01 8.042644023676633225e+00
-1.612696438930655285e-01 -4.897819217018770793e-02 9.856942840354288027e-01 2.618681004763820042e+01 -2.199118688267443292e-02 9.986981335761752065e-01 4.602635880625236681e-02 1.118627899828376737e+00 -9.866653466631515323e-01 -1.425393177660911302e-02 -1.621367823142317033e-01 7.894731799465766642e+00
-1.922993206210296402e-01 -4.252872925128649978e-02 9.804143315699981320e-01 2.708505277717553028e+01 -1.633309893388810302e-02 9.990608051464482386e-01 4.013399441306053639e-02 1.132217418136487908e+00 -9.812003962414076463e-01 -8.295463427432078762e-03 -1.928133414033997017e-01 7.725674982130343871e+00
-2.208742729369079505e-01 -3.679377835371547972e-02 9.746080015378016936e-01 2.788959894013190066e+01 -1.102690743998204978e-02 9.993184779910851967e-01 3.522764340558880158e-02 1.148306729465182308e+00 -9.752399597228672556e-01 -2.966031069424302294e-03 -2.211294652120319726e-01 7.538116467820403344e+00
-2.496542244340053396e-01 -3.022040185779477361e-02 9.678633575868826888e-01 2.868947409579762109e+01 -1.555306540141027614e-03 9.995241172670905616e-01 3.080779139496925972e-02 1.170613628546006035e+00 -9.683338087359496527e-01 6.185972162650310406e-03 -2.495824216449573085e-01 7.277261525697478639e+00
-2.757561238423725247e-01 -2.000554058937125193e-02 9.610194181889688547e-01 2.950857056347551932e+01 4.321449959194168314e-03 9.997474908940702232e-01 2.205174606337543045e-02 1.168056342454948826e+00 -9.612179257881464656e-01 1.023390247555070950e-02 -2.756000413159709339e-01 7.072884606861735257e+00
-3.005565856239422184e-01 -4.979086287071315259e-03 9.537509797546480650e-01 3.031172382021006939e+01 8.820675390131012608e-03 9.999290966748211051e-01 7.999830678003742868e-03 1.166354973010702123e+00 -9.537232040086864870e-01 1.081713071173922951e-02 -3.004913575983617635e-01 6.816600523950602231e+00
-3.245427817308747520e-01 1.178433728535062050e-02 9.457975979589517967e-01 3.107746914890504186e+01 8.783084414992805775e-03 9.999168231230104453e-01 -9.444800112840595965e-03 1.130625866617038788e+00 -9.458302465595586073e-01 5.241779495233628641e-03 -3.246192914347374447e-01 6.495998573599928605e+00
-3.499503263204895576e-01 2.624234074784106627e-02 9.364006049890156724e-01 3.185991375245467694e+01 7.972650393305006147e-03 9.996547709390620762e-01 -2.503549019834177061e-02 1.095237370925445042e+00 -9.367343383695648784e-01 -1.295582334474054340e-03 -3.500387356239556547e-01 6.220256478232441211e+00
-3.741277658790631011e-01 3.734628824251444434e-02 9.266248724300948370e-01 3.263018463027880500e+01 1.224411363359251444e-02 9.993006289721160229e-01 -3.533177877190021854e-02 1.067709827045887572e+00 -9.272963446879074478e-01 -1.872898263661874896e-03 -3.743233852611586032e-01 5.895403934194332507e+00
-3.976963839174251780e-01 4.178178882359601803e-02 9.165652477004622156e-01 3.339727601499728138e+01 1.603277402060541632e-02 9.991265473900469152e-01 -3.858876032801460132e-02 1.017963831510286576e+00 -9.173769947098942001e-01 -6.515259903227218520e-04 -3.980188942429960797e-01 5.550904253412666911e+00
-4.199603599696354328e-01 4.112277108686429594e-02 9.066102795557514638e-01 3.412270272943941762e+01 1.841527221026553404e-02 9.991533253149749161e-01 -3.679008323584707918e-02 9.696659134532331636e-01 -9.073556014643213707e-01 1.245099459043578051e-03 -4.203620784654114040e-01 5.167301983600451010e+00
-4.406227932597115426e-01 3.798183670385490984e-02 8.968884655683001528e-01 3.487701723770005913e+01 2.243084372101391069e-02 9.992583952380162948e-01 -3.129723239379544886e-02 9.399333194250046875e-01 -8.974120707238044670e-01 6.327692061044695553e-03 -4.411479912051525787e-01 4.803288543782204378e+00
-4.590066729026905379e-01 3.644869088116375194e-02 8.876848274929259874e-01 3.558849794552732959e+01 2.960372599096925197e-02 9.992307230368676629e-01 -2.572122659030922492e-02 9.061959416291966996e-01 -8.879394724270674999e-01 1.447256484172383499e-02 -4.597325879518546765e-01 4.428596229209586177e+00
-4.732421375625677773e-01 3.728954288146855284e-02 8.801428038923104769e-01 3.631109979032684265e+01 3.294550771990711197e-02 9.991539316878991217e-01 -2.461735688620206308e-02 8.599023181747673661e-01 -8.803161281968112650e-01 1.734678204903722029e-02 -4.740702665494132551e-01 4.042936913731394633e+00
-4.843239921161717754e-01 4.031610960951487188e-02 8.739593057817387489e-01 3.698417245292589683e+01 3.562061631244621551e-02 9.990180698826690575e-01 -2.634516433290052043e-02 8.012774469333071581e-01 -8.741632885009809062e-01 1.837137504678990410e-02 -4.852845057055202860e-01 3.634337329072800493e+00
-4.937963410790530139e-01 4.324905315392023331e-02 8.685013985549205895e-01 3.770277955875149445e+01 3.714679116355100452e-02 9.988998342674404451e-01 -2.862231552953653155e-02 7.654620865226051674e-01 -8.687838061798019984e-01 1.812844649291565913e-02 -4.948596480360112904e-01 3.227506429615014216e+00
-5.046582218668032027e-01 4.245996332219727221e-02 8.622744442166869749e-01 3.838681764599705559e+01 3.101530789896328119e-02 9.990367509837307924e-01 -3.104224229333911803e-02 7.044197946668642185e-01 -8.627619266219718197e-01 1.107798561082859110e-02 -5.054890203825140871e-01 2.836646711250163655e+00
-5.158910549027169168e-01 4.142224435824452822e-02 8.556521512069005242e-01 3.909515536487562315e+01 2.944708183307713847e-02 9.990974747990365445e-01 -3.061217357301786873e-02 6.890892200009881563e-01 -8.561479433415145612e-01 9.403913408747780270e-03 -5.166452156501867288e-01 2.413674283399278586e+00
-5.248311054406434861e-01 4.268117649394924384e-02 8.501356449493689960e-01 3.976233925285821158e+01 3.167599042607792403e-02 9.990296267293014010e-01 -3.060124987149715273e-02 6.459746951161507988e-01 -8.506168081254129598e-01 1.086840176972047808e-02 -5.256737931008288456e-01 2.012222511086546373e+00
-5.312921307402859172e-01 4.581139754425698346e-02 8.459491560762377738e-01 4.043753796375474963e+01 3.563225428559748525e-02 9.988616464207260570e-01 -3.171362017322636173e-02 6.051603044658786512e-01 -8.464390267531478607e-01 1.329387964094360525e-02 -5.323196970011323526e-01 1.540191381152861805e+00
-5.355531718279512576e-01 4.909783030513967944e-02 8.430730634314564931e-01 4.114954659388730818e+01 3.617097520570452390e-02 9.987260152332325669e-01 -3.518532346060426752e-02 5.668790894846489348e-01 -8.437265388486663298e-01 1.165116430765356960e-02 -5.366468028371772503e-01 1.122951261624180574e+00
-5.352239449239151181e-01 5.052128248674469385e-02 8.431980288591464090e-01 4.186898715003325577e+01 3.546788650291051587e-02 9.986736171421137787e-01 -3.732338930428939078e-02 5.199205115909786290e-01 -8.439652655616688426e-01 9.930081323839294247e-03 -5.363059173610660313e-01 6.777750852168871187e-01
-5.320141349152288646e-01 5.109189152387631078e-02 8.451926205845352591e-01 4.258856129736140872e+01 3.762157178486441600e-02 9.986184507940525368e-01 -3.668524233941750784e-02 4.768613719894665426e-01 -8.458992784677358268e-01 1.228040840081363189e-02 -5.332012896667194246e-01 2.020060037580347634e-01
-5.264668722189270733e-01 5.031496110161900320e-02 8.487054990191938986e-01 4.332853406201324020e+01 3.629350006317973859e-02 9.986673566781796296e-01 -3.669185871115403924e-02 4.325271743980786954e-01 -8.494206414627730739e-01 1.148544600744188376e-02 -5.275913868988271194e-01 -2.179917221220024903e-01
-5.193236138122711010e-01 4.889587610077651691e-02 8.531776862003278561e-01 4.408469252256126225e+01 3.437390992338809625e-02 9.987490290261444859e-01 -3.631544128523525594e-02 3.908743368048545053e-01 -8.538860757887328790e-01 1.046758774040720472e-02 -5.203546986895980497e-01 -6.598632434333403518e-01
-5.121429960325919462e-01 4.805992428556047497e-02 8.575545358520364481e-01 4.486765282333951887e+01 3.240479448904406978e-02 9.988036133777644654e-01 -3.662336876894136534e-02 3.471528215912784709e-01 -8.582887002744276073e-01 9.032477693760783757e-03 -5.130876481826758262e-01 -1.133296441136210753e+00
-5.060811163035072724e-01 4.678550465628582983e-02 8.612160047503775173e-01 4.568431791134304376e+01 2.996578524071414479e-02 9.988786005397678469e-01 -3.665505482661295111e-02 2.960984880648964701e-01 -8.619651777547725491e-01 7.256583769190371597e-03 -5.069155628123047652e-01 -1.571998849370348061e+00
-5.009971392360906828e-01 4.424162777894963261e-02 8.643173788156131021e-01 4.648820745176138303e+01 2.511689209022580777e-02 9.990151293588845904e-01 -3.657749303293669763e-02 2.420227440516742878e-01 -8.650844008162443810e-01 3.383747923817180189e-03 -5.016149352716914311e-01 -2.049761728861196453e+00
-4.997788998732077825e-01 4.171295349706253403e-02 8.651480030618173833e-01 4.731257384924536069e+01 2.067264644902955598e-02 9.991296112619543202e-01 -3.623067137221761685e-02 2.123938107518182627e-01 -8.659062912843368265e-01 -2.224253591094073844e-04 -5.002062163064765477e-01 -2.528278524799949079e+00
-5.003855959299208234e-01 3.899675809058211762e-02 8.649239820354128749e-01 4.816785315987077354e+01 1.778398335811213343e-02 9.992373083575691872e-01 -3.476393946690391201e-02 1.593619977998607384e-01 -8.656200076652621478e-01 -2.013579951640923765e-03 -5.006974749333560348e-01 -3.000832811075432538e+00
-5.012856848007868349e-01 3.790283525919442564e-02 8.644512847825279733e-01 4.901594029679343834e+01 1.635372301676416007e-02 9.992767053323751147e-01 -3.433106306386519285e-02 1.145364938372400720e-01 -8.651272913806260512e-01 -3.072672681590182982e-03 -5.015429612250985603e-01 -3.492817537488270396e+00
-5.019428627656498110e-01 3.749115033625146504e-02 8.640878211411510135e-01 4.990518113185260063e+01 1.696178632136760220e-02 9.992946233607936657e-01 -3.350452945349486483e-02 7.265106108549412856e-02 -8.647344520977966464e-01 -2.160885532532634719e-03 -5.022247220941681300e-01 -3.986837473529153630e+00
-5.016415541979585280e-01 3.654083608134163497e-02 8.643034796142532450e-01 5.076829314729118892e+01 1.639413313208368250e-02 9.993296246368309488e-01 -3.273428921187552382e-02 2.765870343320930846e-02 -8.649202251239431760e-01 -2.251372492635677659e-03 -5.019043226077326558e-01 -4.495935760849270046e+00
-5.015305476537721407e-01 3.592677944980038340e-02 8.643936387773299979e-01 5.165138886591121548e+01 1.646896868879123982e-02 9.993527974014597692e-01 -3.198060919585583861e-02 -2.425964598395910499e-02 -8.649831762352950815e-01 -1.803579756032728208e-03 -5.017976340033815097e-01 -5.022926784017140989e+00
-5.021819856178367791e-01 3.548555544992250399e-02 8.640335729332445647e-01 5.250304845672380338e+01 1.593056710208265100e-02 9.993677740633182260e-01 -3.178473163051383915e-02 -8.121979802542393656e-02 -8.646152223222093314e-01 -2.197173917604267491e-03 -5.024297993807216312e-01 -5.513167502623233851e+00
-5.019477636953628696e-01 3.423316009300202828e-02 8.642201801312258125e-01 5.343579169550358188e+01 1.466533801447321601e-02 9.994096030595108759e-01 -3.107045453480544034e-02 -1.297767264683624688e-01 -8.647736019945968522e-01 -2.921663202976065767e-03 -5.021534573524271128e-01 -6.008088498529756905e+00
-5.022747795677318106e-01 3.364857418708203096e-02 8.640531266911584130e-01 5.436998448812973805e+01 1.441372573007754926e-02 9.994295591387905020e-01 -3.054178780758596418e-02 -1.772758213448173970e-01 -8.645879380605041575e-01 -2.886144046501888921e-03 -5.024732640461205824e-01 -6.532530852677013833e+00
-5.016093382720282490e-01 3.229619759974191456e-02 8.644911878355726609e-01 5.521546291459730327e+01 1.259423381998308299e-02 9.994696163995492322e-01 -3.003116954294448443e-02 -2.351778175696074835e-01 -8.650025834448740181e-01 -4.176310029836101390e-03 -5.017500399863211724e-01 -7.039304409414424590e+00
-5.001732047639471102e-01 3.123605076086920229e-02 8.653618091932484546e-01 5.612335994727011723e+01 1.216867568216485791e-02 9.995040434535528151e-01 -2.904462822444636022e-02 -2.854854301051866217e-01 -8.658398818075386805e-01 -3.997036676157064185e-03 -5.003052431781797038e-01 -7.566353116101033116e+00
-4.981560981063501981e-01 2.860092771235171749e-02 8.666155290887754825e-01 5.703904808790402114e+01 1.235510603648982096e-02 9.995885133687972823e-01 -2.588735740102819649e-02 -3.455203848364151731e-01 -8.669993458306498590e-01 -2.188817278842350271e-03 -4.983044822460998002e-01 -8.076213261597533943e+00
-4.959740828031026783e-01 2.767548290309028089e-02 8.678961707491236188e-01 5.794348415429971055e+01 1.323964584442259562e-02 9.996168000333286452e-01 -2.430976851404311953e-02 -3.907611140890105417e-01 -8.682363925799504445e-01 -5.663762753993984355e-04 -4.961504403648299699e-01 -8.569632559688391993e+00
-4.934597507270319650e-01 2.695122852742319955e-02 8.693509602102710287e-01 5.881089209037594401e+01 1.250139215374124896e-02 9.996363237947852864e-01 -2.389425290252046238e-02 -4.576715799549530006e-01 -8.696787924788831337e-01 -9.227538739030813082e-04 -4.936172202577778778e-01 -9.071238667872867367e+00
-4.911763857926849108e-01 2.727264742455686591e-02 8.706330725573082630e-01 5.969477359853402731e+01 1.339013957007122689e-02 9.996280321204286112e-01 -2.375924109444753698e-02 -4.903803664418576180e-01 -8.709572175041238040e-01 -1.207887063381158649e-05 -4.913588697347758827e-01 -9.588835915684230216e+00
-4.905169461913256868e-01 2.762238360265917986e-02 8.709937518154049485e-01 6.060551365406672630e+01 1.299829291140988143e-02 9.996182255837627872e-01 -2.438129280221984496e-02 -5.432460959182106031e-01 -8.713347131920174959e-01 -6.380044417058260619e-04 -4.906887244293851036e-01 -1.007849112268932323e+01
-4.908073810660765202e-01 2.892212183996950570e-02 8.707879258716904047e-01 6.147949232056114255e+01 1.258036961670691914e-02 9.995799380403512790e-01 -2.610903568375710915e-02 -5.868253373497425152e-01 -8.711772847817045307e-01 -1.859672535404231081e-03 -4.909650637642877236e-01 -1.059618707668809989e+01
-4.945925708848973312e-01 3.082019425032552981e-02 8.685783158705749907e-01 6.233374549931749442e+01 1.182201505652268406e-02 9.995171654335183176e-01 -2.873457744592486027e-02 -6.220351209512076096e-01 -8.690445565371862635e-01 -3.943561700880430891e-03 -4.947181225184950071e-01 -1.104633009061588389e+01
-4.988444478199702825e-01 3.164987462722092249e-02 8.661134387221007813e-01 6.323646537365711140e+01 1.121947921762941891e-02 9.994850775923758146e-01 -3.006165221778037133e-02 -6.713423853802649166e-01 -8.666189200281733118e-01 -5.278745686539842823e-03 -4.989426779657284428e-01 -1.153232321212106548e+01
-5.039361113087209576e-01 3.010994716446927649e-02 8.632159482441812415e-01 6.411782463883004368e+01 1.086032484023780574e-02 9.995340878369420867e-01 -2.852473620024839271e-02 -7.150677772443212454e-01 -8.636726586831309227e-01 -4.999838141453073585e-03 -5.040283263671899716e-01 -1.204757530626477546e+01
-5.091433506578553203e-01 2.794697411902499762e-02 8.602278777774300389e-01 6.496207525946745420e+01 1.345815018305742718e-02 9.996090002177996370e-01 -2.450968896109755046e-02 -7.891827629845288294e-01 -8.605765154063180766e-01 -9.018682633700904989e-04 -5.093203915042352481e-01 -1.255502011439329380e+01
-5.144131034035277494e-01 2.596888689648265552e-02 8.571492067511496948e-01 6.583284696230931843e+01 1.091522025031666995e-02 9.996586775305117412e-01 -2.373576173336503642e-02 -8.218353493855506953e-01 -8.574730486223941517e-01 -2.854013567622224259e-03 -5.145209799789801641e-01 -1.308697742774099204e+01
-5.196426472715829359e-01 2.775576898384023508e-02 8.539327392663582650e-01 6.666208913529898439e+01 1.174376062851868741e-02 9.996097976259329387e-01 -2.534435943061603969e-02 -8.791661003410765618e-01 -8.543029996577279350e-01 -3.141627443201086643e-03 -5.197658397857248813e-01 -1.358994578071382087e+01
-5.243473546392704021e-01 3.035748899246381444e-02 8.509631375073883897e-01 6.750159695489305989e+01 1.239879211622012603e-02 9.995305312519641161e-01 -2.801761991553600867e-02 -9.189637802576388070e-01 -8.514141962338974690e-01 -4.140048956740366957e-03 -5.244775873361702256e-01 -1.411639814522125214e+01
-5.295745607343425032e-01 3.069367002801401054e-02 8.477078920165378451e-01 6.833599064264026879e+01 1.111887286207835154e-02 9.995104596980118883e-01 -2.924400107405347032e-02 -9.716599314767468965e-01 -8.481905252379722260e-01 -6.061321878989073958e-03 -5.296565928518751631e-01 -1.462178052320846255e+01
-5.334199138406164886e-01 3.098958526737656538e-02 8.452826912552772187e-01 6.917120290840171037e+01 1.015341614843303514e-02 9.994912233979230676e-01 -3.023578129673619094e-02 -1.020905485634556520e+00 -8.457896401592005509e-01 -7.545860074096039788e-03 -5.334631736146268066e-01 -1.513089042319398736e+01
-5.365845221321281500e-01 2.983563117005885376e-02 8.433189626638435410e-01 6.998616603294524907e+01 9.596580491261490209e-03 9.995258847620831499e-01 -2.925596203068096118e-02 -1.093747427305320707e+00 -8.437920169880532839e-01 -7.605317249256559296e-03 -5.366164404566627910e-01 -1.564262688547198543e+01
-5.393160047360679998e-01 2.426230429062911642e-02 8.417538682626803936e-01 7.081754968773583414e+01 1.227638447740453734e-02 9.997051615366985278e-01 -2.094947158218182087e-02 -1.116283649180909388e+00 -8.420139838772499052e-01 -9.646902777996512650e-04 -5.394548481941313645e-01 -1.617011662240575376e+01
-5.413568937268717907e-01 1.578379433670324891e-02 8.406447362509819055e-01 7.163075414298135968e+01 1.243007193754337714e-02 9.998647563030362839e-01 -1.076858365645757404e-02 -1.155447827382755310e+00 -8.407010280184664675e-01 4.619628518810468300e-03 -5.414798735004094921e-01 -1.669566989336866314e+01
-5.431535730888823466e-01 1.354338822718147151e-02 8.395241270159725655e-01 7.244675298971158384e+01 1.315100855055232644e-02 9.998844717959752826e-01 -7.621942888005723248e-03 -1.174689583817549510e+00 -8.395303797743973728e-01 6.900704452318764601e-03 -5.432689339269226592e-01 -1.722030399388961897e+01
-5.439621085765830033e-01 1.768086884315698409e-02 8.389234759470377556e-01 7.326672687923442595e+01 1.233788542622728940e-02 9.998384325712444953e-01 -1.307231104468057487e-02 -1.223407508778987962e+00 -8.390190775844966753e-01 3.239700803866241239e-03 -5.440923677312602402e-01 -1.771624921556070476e+01
-5.452548155826402176e-01 2.237334018460257479e-02 8.379717220451905479e-01 7.406616947233800374e+01 1.212155977858368761e-02 9.997496808847904370e-01 -1.880540715987293401e-02 -1.277484584400547574e+00 -8.381827159886454659e-01 -9.621356988771740174e-05 -5.453895288390079310e-01 -1.827241551336434711e+01
-5.456563277997610317e-01 2.859469856346494657e-02 8.375210459302963040e-01 7.488094762892843903e+01 1.997414768065322241e-02 9.995775224895599997e-01 -2.111421142528042971e-02 -1.299613425050590410e+00 -8.377709811438684984e-01 5.207666951895454505e-03 -5.459969561838960983e-01 -1.880169279588470133e+01
-5.457578330445143067e-01 2.941415170691132758e-02 8.374265236920482858e-01 7.567914485397587043e+01 2.294391753468117551e-02 9.995335608650267600e-01 -2.015532967573048159e-02 -1.337171842025133062e+00 -8.376287816224681215e-01 8.213917045292579849e-03 -5.461781472831988005e-01 -1.930762351822616196e+01
-5.458529629758733792e-01 2.634613072225360300e-02 8.374666628809686042e-01 7.645373926856100866e+01 2.219523727081488401e-02 9.996094427534532034e-01 -1.698038173781696303e-02 -1.383982116645288141e+00 -8.375869660733098465e-01 9.318980609748509641e-03 -5.462245359470819794e-01 -1.981636258397174899e+01
-5.446251705510842811e-01 2.163928203325628588e-02 8.384003532187597196e-01 7.726841228098624015e+01 2.067748523283167994e-02 9.997096627113370992e-01 -1.237060435423702892e-02 -1.402674165876044654e+00 -8.384246398550180279e-01 1.059866943710604213e-02 -5.449144926702136349e-01 -2.033061894166700156e+01
-5.434102772865383457e-01 1.556496651361368062e-02 8.393229351861675180e-01 7.806059163176279014e+01 1.878341296727331286e-02 9.998032207122599102e-01 -6.379907492106154203e-03 -1.438288548684103940e+00 -8.392570914044678032e-01 1.229844304615701142e-02 -5.435957097736441312e-01 -2.084851526753582718e+01
-5.432516008263221785e-01 8.895559432682739395e-03 8.395228134986938429e-01 7.887135520038708592e+01 1.019927795307117198e-02 9.999400038462205043e-01 -3.995424866757432344e-03 -1.457866597150929033e+00 -8.395080014391239631e-01 6.392006559584259562e-03 -5.433097372829581717e-01 -2.135568132814254128e+01
-5.414449668789270698e-01 3.897319169496397603e-03 8.407271530467257392e-01 7.967904010015459448e+01 1.708089694354545957e-03 9.999922910499184914e-01 -3.535571780455702175e-03 -1.492330483845057509e+00 -8.407344657313687852e-01 -4.782792267588446312e-04 -5.414474510583681122e-01 -2.184406945954413004e+01
-5.398016529695476295e-01 4.295872113859470522e-03 8.417812708953138490e-01 8.047409458695929629e+01 4.796627534873509555e-03 9.999864410125356429e-01 -2.027349762747619744e-03 -1.509786852596263884e+00 -8.417785810064746244e-01 2.943345434124668928e-03 -5.398149406867978062e-01 -2.234622591243731193e+01
-5.367967627646124118e-01 7.548056824272490577e-03 8.436778113525942313e-01 8.127403195849284145e+01 1.009845452473997519e-02 9.999458316592525486e-01 -2.520901837939877946e-03 -1.541850427449907412e+00 -8.436511532490958976e-01 7.166631068456083380e-03 -5.368439102690157894e-01 -2.288060943708113371e+01
-5.319858635818649484e-01 1.030613530930772105e-02 8.466905051352360267e-01 8.204026179930383478e+01 1.099367479965213980e-02 9.999257125003704338e-01 -5.263893657522081444e-03 -1.554474250643961497e+00 -8.466818716800762479e-01 6.507924053351328564e-03 -5.320596471724863274e-01 -2.333217258394552474e+01
-5.239663819141152645e-01 1.208662521003881635e-02 8.516531752643492492e-01 8.281343381640354551e+01 1.519107575680121898e-02 9.998728749697930462e-01 -4.844077978293017360e-03 -1.600817181004868583e+00 -8.516034721372746086e-01 1.039939492733049815e-02 -5.240833827087355568e-01 -2.385032409998936132e+01
-5.157689430996151847e-01 1.507826510122262618e-02 8.565950209637817059e-01 8.364738785559224254e+01 2.325780680896433542e-02 9.997230411307689302e-01 -3.593802522701066132e-03 -1.612677225388311930e+00 -8.564119825256606422e-01 1.806895088958820894e-02 -5.159767848981487992e-01 -2.434936154064567049e+01
-5.060098968603879976e-01 1.450503883840021171e-02 8.624056902909496003e-01 8.440446191614739746e+01 2.183147118352120331e-02 9.997536403211138012e-01 -4.005682800742025630e-03 -1.624732320242222361e+00 -8.622513458298073363e-01 1.680067093569038994e-02 -5.062019039752508887e-01 -2.477852841141829998e+01
-4.946038084161476500e-01 1.168197935493711301e-02 8.690400395756695540e-01 8.526616997702841161e+01 1.758442121085853488e-02 9.998394909252992235e-01 -3.432271467205575202e-03 -1.666096635929048553e+00 -8.689406615438975967e-01 1.358395264366895304e-02 -4.947298420841759192e-01 -2.523599197899988056e+01
-4.836519434404623619e-01 9.474167112909397462e-03 8.752091315293084595e-01 8.604321658963489483e+01 1.983465219464370863e-02 9.998032643969609889e-01 1.379854067148750501e-04 -1.683516029022215532e+00 -8.750356546014964598e-01 1.742620675079429790e-02 -4.837447099239737813e-01 -2.569325718420975235e+01
-4.720481736362540648e-01 7.817386404702298536e-03 8.815380855081712541e-01 8.686539474109059711e+01 1.913855574472096699e-02 9.998158857755120588e-01 1.382100658529326594e-03 -1.695686099311372486e+00 -8.813649926673049473e-01 1.752378500813673440e-02 -4.721108775778423694e-01 -2.611170289490590690e+01
-4.599738084651091019e-01 6.274698955817711865e-03 8.879103048498866446e-01 8.771000344257201675e+01 1.790648231235293306e-02 9.998372222509731566e-01 2.210624725263950034e-03 -1.725354936601521505e+00 -8.877519171896103289e-01 1.691618076875846255e-02 -4.600112939981451654e-01 -2.653001772157352889e+01
-4.478729506673100325e-01 8.546446418042700360e-03 8.940563538817364320e-01 8.856029360307270792e+01 2.249704791946866012e-02 9.997454417546645100e-01 1.713034686970962752e-03 -1.737624820937151648e+00 -8.938141395992176275e-01 2.088085170104684446e-02 -4.479512119868259146e-01 -2.694340772940047657e+01
