1 0 0 0 0 1 0 0 0 0 1 0
0.99992704 -0.0022633658 0.011865883 0.002178966 0.0022510774 0.99999692 0.0010488736 -0.0072337557 -0.011868221 -0.001022086 0.99992905 0.30572436
0.9998343 -0.0038205269 0.017798387 0.013203502 0.0037948281 0.99999171 0.0014774499 -0.014912147 -0.017803886 -0.0014096633 0.9998405 0.57452459
0.99976557 -0.0071048729 0.020453071 0.02269163 0.0071156865 0.99997458 -0.00045595296 -0.01655873 -0.020449313 0.00060138375 0.99979071 0.88657611
0.9998022 -0.0079128105 0.018247105 0.029894296 0.0079363601 0.99996776 -0.0012185131 -0.0199859 -0.018236876 0.0013630877 0.99983277 1.1934893
0.99987285 -0.011347005 0.011204185 0.022496245 0.011383455 0.9999301 -0.0031947899 -0.02403969 -0.011167152 0.0033219261 0.99993213 1.5115142
0.99993401 -0.011484957 -0.00025056794 0.017374532 0.011483705 0.9999238 -0.0045300522 -0.031364982 0.00030257632 0.0045268759 0.99998971 1.8366163
0.99979634 -0.011483174 -0.016595823 -0.00079707251 0.011403217 0.99992295 -0.0049045983 -0.039733018 0.016650866 0.0047143537 0.99985025 2.1505473
0.99931686 -0.0073350312 -0.036221753 -0.039085868 0.007140325 0.99995937 -0.0055018455 -0.043331231 0.03626064 0.0052394519 0.99932863 2.4867891
0.99842976 -0.0034017502 -0.055914587 -0.082504328 0.0030555599 0.99997564 -0.0062757414 -0.049606245 0.055934579 0.0060950367 0.99841583 2.8450588
0.9972056 -0.0032023396 -0.074637369 -0.13274129 0.0027200152 0.99997476 -0.0065629933 -0.055730366 0.074656509 0.0063416389 0.99718914 3.2070615
0.99541292 -0.0042763501 -0.095576307 -0.1767771 0.003718177 0.99997498 -0.0060174103 -0.061682625 0.095599656 0.0056344384 0.99540392 3.5957867
0.99327408 -0.0053016078 -0.1156654 -0.24600097 0.0047290577 0.99997517 -0.0052239138 -0.068954068 0.11569023 0.0046417898 0.9932745 3.9815733
0.991168 -0.0044312494 -0.13253813 -0.31594913 0.0038530056 0.99998191 -0.0046190005 -0.076865535 0.13255621 0.0040675353 0.99116714 4.3751485
0.98880656 -0.0037417184 -0.14915622 -0.39157153 0.003146363 0.99998612 -0.0042272608 -0.083627123 0.14916998 0.0037106436 0.98880461 4.7756104
0.98669253 -0.0025501338 -0.16257718 -0.47331701 0.0019165897 0.99998995 -0.0040536045 -0.091164097 0.1625859 0.0036880675 0.9866875 5.1909822
0.98475817 -0.0039758835 -0.17388371 -0.56734431 0.0031316909 0.99998194 -0.0051290239 -0.099573579 0.17390097 0.0045062981 0.98475284 5.645094
0.98294014 -0.0069687278 -0.1837937 -0.65158503 0.0057952281 0.99995925 -0.0069212485 -0.111855 0.18383446 0.0057380465 0.98294047 6.0896281
0.98138088 -0.0058379623 -0.19198305 -0.75279408 0.0042896665 0.99995485 -0.0084794065 -0.12017145 0.1920239 0.0074979841 0.98136161 6.5415406
0.97977874 -0.0062670976 -0.19998586 -0.86159873 0.0041977592 0.99993319 -0.010769781 -0.1247881 0.20004001 0.0097125102 0.97973959 7.0154444
0.97823572 -0.0063386991 -0.20739986 -0.96388212 0.0037251133 0.99990869 -0.012989795 -0.13317201 0.20746328 0.011934493 0.97817001 7.4846743
0.97637714 -0.01060315 -0.21581301 -1.0828997 0.0075435945 0.9998591 -0.014995682 -0.14513424 0.21594162 0.013013436 0.97631955 7.9871653
0.97457307 -0.01610837 -0.22349013 -1.210299 0.012834538 0.99978811 -0.016093604 -0.16323525 0.22370203 0.012816 0.97457332 8.5049355
0.97266279 -0.017685895 -0.23154762 -1.3357992 0.013693869 0.99972879 -0.018836653 -0.18898787 0.23181798 0.015150929 0.97264119 9.0193888
0.97063782 -0.013587605 -0.24016159 -1.489066 0.0083911556 0.99970832 -0.022646705 -0.19369589 0.24039927 0.019966516 0.97046872 9.5638701
0.96870102 -0.010797997 -0.24799541 -1.6416159 0.0045276916 0.99965583 -0.025840404 -0.20833953 0.2481891 0.023908779 0.96841651 10.098081
0.96604852 -0.013386826 -0.25801364 -1.7942751 0.0063849894 0.99958875 -0.027956316 -0.23417451 0.2582818 0.025359744 0.96573671 10.652506
0.96395784 -0.014681978 -0.2656496 -1.9585718 0.0071450559 0.99954466 -0.029315911 -0.26020962 0.26595907 0.026361221 0.96362382 11.227603
0.96156466 -0.014862039 -0.27417606 -2.1381898 0.0062290178 0.99945781 -0.032330969 -0.28421573 0.27450793 0.02938047 0.96113589 11.783761
0.95925919 -0.014717176 -0.28214395 -2.3269005 0.0048441732 0.99935229 -0.035658484 -0.30977303 0.28248602 0.032838975 0.95870916 12.381264
0.95687652 -0.015458974 -0.29008333 -2.5168485 0.0037593009 0.99915838 -0.040846115 -0.33831884 0.29047065 0.037994179 0.95612931 12.94073
0.95509296 -0.016290175 -0.29585816 -2.7158457 0.0021258809 0.99883862 -0.048134016 -0.37637806 0.2962987 0.045343501 0.95401837 13.564032
0.95354193 -0.016887989 -0.30078658 -2.9298185 -9.6465107e-05 0.99841036 -0.056362642 -0.41497148 0.30126032 0.053773158 0.95202451 14.17623
0.95252296 -0.016731228 -0.3040067 -3.1327322 -0.0032293177 0.99787762 -0.06503711 -0.45884597 0.30444966 0.062931075 0.95044731 14.803546
0.95135993 -0.016757906 -0.3076255 -3.3525633 -0.0062716645 0.99725915 -0.073721405 -0.50917738 0.30801779 0.072064916 0.9486473 15.461486
0.95008245 -0.015355685 -0.31162082 -3.5782756 -0.010540684 0.99663817 -0.081248036 -0.56600765 0.31182085 0.080477031 0.94672658 16.109976
0.94833926 -0.014694652 -0.31691752 -3.818709 -0.013757065 0.99608249 -0.087352221 -0.63109501 0.31695963 0.087199396 0.94442197 16.763982
0.94670714 -0.01271162 -0.32184467 -4.0649402 -0.018410159 0.99545187 -0.093470038 -0.69941169 0.32156906 0.094413966 0.94216737 17.426177
0.94517478 -0.010822107 -0.32638551 -4.3026922 -0.022698348 0.99485648 -0.09871868 -0.77421228 0.32577511 0.10071482 0.94006761 18.101505
0.94316057 -0.0073685109 -0.33225568 -4.585043 -0.028304084 0.99434082 -0.10239736 -0.85479756 0.33112993 0.10598135 0.93761449 18.807884
0.94194091 -0.0059534899 -0.33572587 -4.8317053 -0.030621802 0.99415332 -0.10354462 -0.93081577 0.33437947 0.10781344 0.93625138 19.490459
0.93935288 -0.0061255787 -0.34289741 -5.1244722 -0.030779449 0.99429977 -0.10208133 -1.0183986 0.34156815 0.10644458 0.93380981 20.207435
0.93713917 -0.0062807084 -0.34889929 -5.399383 -0.031041257 0.99437391 -0.10127664 -1.1022153 0.34757247 0.10574058 0.93167179 20.932681
0.93431898 -0.0062746921 -0.35638273 -5.6900392 -0.031159411 0.99457944 -0.099200952 -1.1871747 0.35507343 0.10379001 0.92905894 21.635235
0.93211031 -0.0054864582 -0.36213293 -5.9544404 -0.031488563 0.99487131 -0.096122526 -1.2707756 0.36080306 0.10099984 0.92715705 22.360849
0.92780164 -0.0034846677 -0.37305758 -6.3050435 -0.032709797 0.99534574 -0.090647266 -1.3559963 0.37163718 0.096305321 0.92336943 23.181713
0.92513345 -0.0011427729 -0.37964034 -6.5937215 -0.033660787 0.99581012 -0.085024427 -1.4340816 0.37814689 0.091437935 0.92121878 23.901778
0.92139131 0.0017524738 -0.38863219 -6.9440369 -0.035960861 0.99608414 -0.080766368 -1.5114958 0.38696885 0.088392979 0.91784629 24.6539
0.91807412 0.00275869 -0.39639914 -7.2789918 -0.037282635 0.99614417 -0.079415325 -1.5882471 0.39465165 0.087687961 0.91463704 25.427165
0.91441289 0.0050902856 -0.4047507 -7.6494246 -0.040444414 0.99606611 -0.078845149 -1.6664291 0.40275715 0.088466927 0.91102157 26.159412
0.91080978 0.0042981735 -0.4128039 -7.9873839 -0.039848097 0.99619195 -0.077548269 -1.7339791 0.41089864 0.087081173 0.90751264 26.889017
0.90608233 0.0018958237 -0.42309715 -8.3685065 -0.037396429 0.99643511 -0.075621345 -1.7997165 0.42144553 0.084341489 0.90292314 27.668781
0.90258911 0.0044235005 -0.43048033 -8.7481374 -0.040038646 0.99647569 -0.0737096 -1.8822904 0.42863716 0.083765333 0.89958522 28.472044
0.89933165 0.0043628657 -0.43724539 -9.1416388 -0.038315316 0.99689026 -0.06886036 -1.9521375 0.43558528 0.078681498 0.89670213 29.229159
0.89540654 0.0059059956 -0.44521031 -9.5536721 -0.038258212 0.99723447 -0.063715929 -2.0166762 0.4436028 0.074084611 0.89315622 30.047292
0.8920428 0.00536306 -0.4519191 -9.9805086 -0.036184557 0.99756712 -0.059586237 -2.0836074 0.4505001 0.069505967 0.89006662 30.838129
0.88836271 0.0056595436 -0.45910744 -10.405464 -0.036195937 0.99767529 -0.057739713 -2.1469339 0.45771341 0.067911633 0.88650238 31.669804
0.88552697 0.0050960403 -0.46456001 -10.835147 -0.035314093 0.99778527 -0.056369092 -2.2112873 0.46324391 0.066321867 0.88374573 32.480361
0.88262944 0.0053592013 -0.47003887 -11.300684 -0.035155627 0.99788721 -0.054636993 -2.2670189 0.46875301 0.064748731 0.88095303 33.293701
0.87910995 0.003832648 -0.4766036 -11.769231 -0.033191582 0.99803226 -0.053197126 -2.330828 0.47546192 0.062585351 0.8775073 34.144747
0.87771373 0.0033667217 -0.47917352 -12.242862 -0.032820256 0.99804943 -0.053105255 -2.393802 0.47806011 0.062337809 0.87611218 34.996974
0.87591715 0.0020129797 -0.48245733 -12.731245 -0.031801661 0.99805742 -0.053572714 -2.4516971 0.48141232 0.062268204 0.87427963 35.850815
0.87449758 0.0032541566 -0.48501893 -13.235322 -0.033723203 0.99796547 -0.054107829 -2.5179959 0.48385611 0.063673559 0.87282814 36.716528
0.87377151 0.0023645712 -0.48633089 -13.714888 -0.032289624 0.99806378 -0.05316084 -2.5751505 0.48526358 0.06215387 0.87215605 37.580402
0.8734246 0.0019940999 -0.48695531 -14.226799 -0.031150432 0.9981723 -0.051785237 -2.6390603 0.48596208 0.060399369 0.87189036 38.469494
0.87321178 0.0018267516 -0.48733749 -14.73153 -0.030564356 0.99822965 -0.051023443 -2.7032242 0.48638156 0.059449429 0.87172172 39.385503
0.87425563 -0.00154477 -0.48546338 -15.238266 -0.026944241 0.99829913 -0.051699666 -2.7665415 0.48471757 0.058279167 0.87272701 40.302368
0.87162171 -0.0023623026 -0.49017343 -15.776154 -0.026853165 0.99825661 -0.052560955 -2.8309269 0.48944307 0.058975978 0.8700387 41.204751
0.87115071 -0.00028042963 -0.49101562 -16.2783 -0.028127633 0.99832923 -0.050473682 -2.9044913 0.49020944 0.057781292 0.86968733 42.124881
0.86759841 -0.002379719 -0.49725981 -16.827899 -0.023979818 0.99862492 -0.046618079 -2.9631251 0.49668702 0.052369972 0.86634832 43.01706
0.86650164 -0.0039257458 -0.49915877 -17.365604 -0.019875573 0.99890476 -0.04235859 -3.0188893 0.4987784 0.046624855 0.86547458 43.945504
0.86187007 -0.0050304063 -0.50710418 -17.918312 -0.017876734 0.99902796 -0.040293372 -3.0820507 0.50681399 0.043793019 0.86094237 44.816034
0.85709956 -0.0081412539 -0.51508645 -18.468671 -0.015884194 0.99898204 -0.042220681 -3.1447098 0.51490588 0.044369061 0.85609774 45.745787
0.85182045 -0.0093929231 -0.52374963 -19.041454 -0.017191375 0.99879937 -0.045872317 -3.2131362 0.52355172 0.048078955 0.85063625 46.659541
0.84536508 -0.0099553747 -0.5340962 -19.597959 -0.017013223 0.99881735 -0.045546072 -3.2716054 0.53391803 0.047589757 0.84419593 47.557906
0.83960089 -0.0078743269 -0.54314668 -20.210159 -0.0169005 0.99903219 -0.040608514 -3.3316613 0.54294083 0.043274395 0.83865524 48.467214
0.83478423 -0.0056452746 -0.55054827 -20.775782 -0.016430338 0.99924666 -0.035159147 -3.3891935 0.55033205 0.038395996 0.83406259 49.339725
0.83140193 -0.0042865247 -0.55565495 -21.409736 -0.019331248 0.99914182 -0.036632233 -3.4474283 0.55533517 0.041197613 0.83060558 50.260301
0.82838828 -0.00469426 -0.56013462 -22.015339 -0.022331918 0.99889312 -0.041398195 -3.5041931 0.559709 0.04680266 0.82736653 51.10505
0.82568011 -0.0062429913 -0.56410402 -22.617242 -0.025363914 0.99851678 -0.048175883 -3.5719251 0.56356814 0.054085755 0.8242971 51.969769
0.82133818 -0.0066923222 -0.5704023 -23.249069 -0.026518719 0.99840215 -0.049898928 -3.635813 0.56982487 0.056110234 0.81984833 52.844838
0.81825177 -0.0059381906 -0.57482932 -23.83184 -0.025232435 0.99861193 -0.046233603 -3.6972961 0.57430601 0.052335072 0.81696614 53.681976
0.81647046 -0.0042863231 -0.57737128 -24.498224 -0.023155904 0.99892487 -0.04016103 -3.7591478 0.57692272 0.046159849 0.81549339 54.583455
0.81461032 -0.0047049013 -0.57998954 -25.141419 -0.02071504 0.99909313 -0.037199496 -3.8205087 0.57963863 0.0423176 0.81377411 55.493737
0.81102466 -0.0014957897 -0.58501003 -25.755721 -0.025364587 0.99896645 -0.037718238 -3.8776513 0.58446187 0.045428959 0.81014848 56.321341
0.80731537 -0.0034390088 -0.59011019 -26.412474 -0.024683081 0.99891111 -0.039589713 -3.9343264 0.58960383 0.046527122 0.8063514 57.203114
0.80461792 -0.0059907116 -0.59376265 -27.046186 -0.023684332 0.99882958 -0.042172637 -3.9968775 0.59332039 0.047995732 0.80353429 58.091905
0.80121429 -0.006086759 -0.59834654 -27.708867 -0.024365365 0.99878708 -0.042786665 -4.0563291 0.59788128 0.048860219 0.80009417 58.910343
0.79616708 -0.009610794 -0.60500048 -28.373773 -0.019772675 0.9989266 -0.04188894 -4.1162113 0.60475371 0.045313073 0.79512245 59.781281
0.79354349 -0.010134187 -0.60842912 -29.027137 -0.01894436 0.99896522 -0.041347252 -4.1729564 0.60821861 0.044337143 0.79253036 60.591137
0.78448854 -0.0097953678 -0.62006592 -29.719919 -0.020328009 0.99893174 -0.041498802 -4.237889 0.61981007 0.045160041 0.78345139 61.460046
0.78086891 -0.011536368 -0.62458837 -30.403677 -0.019492538 0.99889264 -0.042819736 -4.29874 0.62439076 0.045611414 0.77977934 62.322669
0.7763962 -0.010807538 -0.63015244 -31.10448 -0.021181857 0.99884064 -0.043228462 -4.3633418 0.62988911 0.046910213 0.77526716 63.130888
0.77124429 -0.012989267 -0.6364067 -31.795457 -0.020288618 0.99878217 -0.044972699 -4.4255021 0.63621588 0.04759675 0.77004151 63.986316
0.76523765 -0.017161035 -0.64351908 -32.507528 -0.016193048 0.99881516 -0.045891772 -4.4831348 0.64354422 0.045538647 0.76405308 64.776976
0.76104008 -0.018960519 -0.64842769 -33.217937 -0.014591894 0.9988195 -0.046332308 -4.5505996 0.64854076 0.044722532 0.759865 65.621415
0.75162021 -0.017597822 -0.65936131 -34.028274 -0.015787412 0.99887769 -0.04465565 -4.6212373 0.6594072 0.043973698 0.75049883 66.495997
0.74578867 -0.015755669 -0.66599623 -34.765796 -0.017390814 0.99891913 -0.043106115 -4.683002 0.66595559 0.04373027 0.74470857 67.253144
0.73950909 -0.016582344 -0.67294226 -35.467987 -0.017339758 0.99889555 -0.043669328 -4.7516388 0.67292323 0.043962521 0.73840481 68.073266
0.73297113 -0.019344308 -0.67998462 -36.281363 -0.015946135 0.99883233 -0.045603643 -4.8163683 0.68007285 0.044269281 0.7318068 68.904681
0.72906096 -0.021252994 -0.68411869 -36.998968 -0.013232596 0.99889331 -0.045133749 -4.8706773 0.68432087 0.041957921 0.72797289 69.76458
0.72352483 -0.017325816 -0.69008086 -37.75955 -0.018647297 0.9988296 -0.044628565 -4.9459378 0.69004647 0.045158017 0.72235494 70.530919
0.7184823 -0.017971368 -0.69531301 -38.597423 -0.018305057 0.99883134 -0.044731256 -5.0133873 0.69530436 0.04486636 0.71731367 71.337189
0.71358656 -0.020015884 -0.70028104 -39.398616 -0.017263621 0.99878582 -0.046139572 -5.0827121 0.70035436 0.045013966 0.71237459 72.17312
0.70803766 -0.022151865 -0.70582712 -40.221332 -0.017378331 0.9986586 -0.048774921 -5.1531086 0.70596084 0.046800578 0.70670294 72.963736
0.70344117 -0.023458369 -0.71036623 -41.060053 -0.018041585 0.99854381 -0.050840538 -5.2248788 0.7105245 0.048579461 0.7019936 73.761349
0.69789191 -0.02389438 -0.71580437 -41.87103 -0.019425258 0.99844413 -0.052268376 -5.2953035 0.71593965 0.050382362 0.69634193 74.548015
0.69370787 -0.024048953 -0.71985484 -42.702334 -0.017812242 0.99856393 -0.050525337 -5.3665522 0.72003622 0.047872053 0.69228329 75.335014
0.68920702 -0.024802307 -0.72413983 -43.532267 -0.015937147 0.99865325 -0.049372919 -5.4392614 0.72438922 0.045568886 0.68788355 76.115106
0.68352492 -0.024607008 -0.72951226 -44.416183 -0.016973206 0.99862554 -0.049587645 -5.5178082 0.72972984 0.046276554 0.68216779 76.897299
0.67965579 -0.0259366 -0.73307248 -45.256561 -0.015860674 0.99862143 -0.050036857 -5.5851751 0.73335973 0.045634863 0.67830746 77.684983
0.67481873 -0.025968183 -0.73752646 -46.141618 -0.016068574 0.99862676 -0.049863832 -5.668519 0.73780859 0.045500046 0.67347477 78.506173
0.6702756 -0.028602173 -0.74156084 -47.040255 -0.01243976 0.99868356 -0.049763397 -5.7385225 0.74200803 0.04258003 0.66903742 79.268977
0.66779139 -0.030046204 -0.74374179 -47.932428 -0.011617823 0.99864253 -0.050775282 -5.816848 0.74425784 0.042547957 0.66653581 80.054257
0.66323183 -0.036353123 -0.74753056 -48.819684 -0.0056471664 0.99854809 -0.053570682 -5.8919287 0.74839274 0.039751211 0.66206359 80.838486
0.65861959 -0.039311289 -0.75144847 -49.723508 -0.0040432206 0.99843513 -0.055775901 -5.9718495 0.75246524 0.039773374 0.65742999 81.652771
0.65249539 -0.044736627 -0.75647099 -50.610261 0.0037438453 0.99843401 -0.055816718 -6.049323 0.75778348 0.033588041 0.65164108 82.405632
0.64391637 -0.046810254 -0.76366253 -51.519664 0.0064714522 0.99842414 -0.05574375 -6.1350158 0.76506855 0.030952308 0.64320457 83.169612
0.63523902 -0.048653706 -0.77078152 -52.478628 0.01005506 0.99845013 -0.054737861 -6.2195291 0.77225017 0.027021371 0.6347437 83.938256
0.62680247 -0.047642587 -0.77772025 -53.393153 0.011517641 0.99858638 -0.051890062 -6.2942214 0.7790931 0.023567316 0.62646514 84.723065
0.62152645 -0.04808569 -0.78191597 -54.390907 0.012205962 0.99858764 -0.051708175 -6.380076 0.78329811 0.022593961 0.62123557 85.503328
0.61137152 -0.047662189 -0.78990703 -55.349489 0.0082123909 0.99851294 -0.053893039 -6.4532494 0.79130112 0.026461644 0.6108538 86.190443
0.60045144 -0.051060211 -0.79802937 -56.328415 0.010834641 0.99838723 -0.055727507 -6.5391603 0.79958785 0.0248153 0.60003626 86.928427
0.59205469 -0.051824867 -0.80422968 -57.311759 0.0094939352 0.99830944 -0.057342232 -6.6187064 0.8058419 0.026314433 0.59154581 87.664275
0.58140808 -0.052042438 -0.81194592 -58.290723 0.011290591 0.99837215 -0.055906778 -6.7111244 0.81353379 0.023337303 0.58104923 88.335432
0.57192422 -0.052638709 -0.81861578 -59.329431 0.013788906 0.99841492 -0.05456658 -6.7944498 0.82019059 0.019920132 0.57174351 89.036299
0.56228419 -0.054825313 -0.8251246 -60.407123 0.016488892 0.99834477 -0.055098491 -6.8843573 0.82677969 0.01737562 0.56225749 89.742579
0.55233442 -0.054451581 -0.83184232 -61.426011 0.013459397 0.99831685 -0.056411944 -6.9698331 0.833514 0.019962162 0.55213765 90.434139
0.54278973 -0.056652851 -0.83795567 -62.463095 0.01472431 0.99821091 -0.057949712 -7.0479508 0.83973958 0.01911619 0.54265281 91.076084
0.5330512 -0.054791903 -0.84430693 -63.55632 0.0089336713 0.99820976 -0.059139285 -7.1492971 0.84603585 0.023981506 0.53258641 91.769898
0.52440413 -0.054920406 -0.84969641 -64.612622 0.0085784591 0.99820779 -0.059225149 -7.2366898 0.85142632 0.023768827 0.52393542 92.398585
0.51345348 -0.053396417 -0.85645449 -65.679378 0.0083313086 0.9983253 -0.057246771 -7.323755 0.85807702 0.022258167 0.51303846 93.040559
0.50444205 -0.049425483 -0.86202974 -66.765659 0.0049620224 0.99850978 -0.054347052 -7.4285866 0.86343133 0.023137528 0.50393557 93.634428
0.49784673 -0.053597202 -0.86560725 -67.890927 0.011757122 0.99841391 -0.055058396 -7.4981101 0.86718537 0.017233592 0.49768725 94.270094
0.49134352 -0.0548286 -0.86923835 -69.005072 0.010714838 0.99832158 -0.056914088 -7.5985602 0.87089999 0.01865062 0.49110632 94.971514
0.48542148 -0.058972739 -0.87228902 -70.09699 0.014093732 0.99812064 -0.059636779 -7.6831437 0.8741667 0.016655165 0.48534034 95.541784
0.47848269 -0.062131291 -0.87589609 -71.216633 0.016135342 0.9979473 -0.061974556 -7.7748904 0.87794877 0.015520869 0.47850301 96.181314
0.47288697 -0.065528765 -0.87868301 -72.302312 0.017320124 0.99772937 -0.065085488 -7.8717232 0.88095289 0.015559181 0.47294819 96.728171
0.46870113 -0.066939794 -0.88081681 -73.465198 0.02024649 0.99767677 -0.065047265 -7.9754219 0.88312479 0.012654278 0.46896752 97.339122
0.46357541 -0.06426434 -0.88372386 -74.620504 0.021300802 0.99788639 -0.06139246 -8.0830198 0.88580143 0.0096360072 0.46396448 97.938965
0.46083131 -0.064063343 -0.88517248 -75.643703 0.028091989 0.99794442 -0.05760006 -8.1725942 0.88704307 0.0016776553 0.46168371 98.548757
0.45627064 -0.060435367 -0.88778635 -76.779629 0.024752434 0.99816691 -0.055228124 -8.2661172 0.88949676 0.0032240973 0.45693017 99.091513
0.45015915 -0.059156575 -0.89098663 -77.863424 0.023619803 0.99824286 -0.054344203 -8.3626223 0.89263593 0.0034186114 0.45076543 99.67701
0.4490434 -0.061428574 -0.89139581 -79.031957 0.030434721 0.99810658 -0.053450726 -8.454426 0.8929915 -0.0031276877 0.45006273 100.21861
0.44706936 -0.05970889 -0.89250421 -80.120846 0.030682199 0.99820614 -0.051411197 -8.5431889 0.89397296 -0.0043996218 0.44809938 100.75344
0.44619827 -0.06158894 -0.89281232 -81.263522 0.03426522 0.99807333 -0.051725537 -8.6391826 0.89427796 -0.0075125654 0.44744896 101.31091
0.44138168 -0.061899977 -0.89518185 -82.30228 0.035888341 0.99803737 -0.051316986 -8.7206801 0.89660153 -0.0094762147 0.4427369 101.83095
0.44018682 -0.059986727 -0.89590015 -83.427775 0.037857385 0.99811856 -0.048230312 -8.802867 0.89710782 -0.01268609 0.44162958 102.38704
0.43910278 -0.061098699 -0.89635686 -84.510673 0.042723436 0.99797628 -0.047096279 -8.8856938 0.89742048 -0.017615339 0.44082451 102.91623
0.4385188 -0.060762566 -0.89666554 -85.631735 0.042401893 0.99799958 -0.046892612 -8.9702882 0.89772123 -0.017457025 0.44021803 103.44592
0.43943131 -0.06283616 -0.89607571 -86.605001 0.045038204 0.99783693 -0.047885513 -9.0485488 0.89714645 -0.019315248 0.44131082 103.9644
0.43892122 -0.062918123 -0.89631992 -87.640115 0.043318474 0.99786712 -0.048833601 -9.1271798 0.89748078 -0.017393108 0.44071057 104.46519
0.43965878 -0.064212057 -0.89586656 -88.693015 0.043519505 0.99779258 -0.050159906 -9.2130961 0.89710996 -0.016934427 0.44148275 104.98372
0.43998897 -0.062543223 -0.89582252 -89.727861 0.039045545 0.99796069 -0.050496686 -9.2942569 0.89715396 -0.012759895 0.44153373 105.47426
0.44532112 -0.064077296 -0.8930751 -90.734473 0.040006969 0.99786374 -0.051646791 -9.3793273 0.89447672 -0.012729822 0.44693334 105.99392
0.45048694 -0.064316494 -0.89046327 -91.76578 0.038174911 0.99787717 -0.052762045 -9.463249 0.89196652 -0.010224745 0.4519859 106.5086
0.45589437 -0.06293817 -0.88780575 -92.695304 0.034658476 0.99799541 -0.052952351 -9.5374947 0.88935886 -0.0066293167 0.45716183 106.98779
0.4628979 -0.062369777 -0.88421461 -93.713929 0.035149528 0.99802849 -0.05199662 -9.61301 0.88571447 -0.0070106011 0.46417756 107.50722
0.47203062 -0.062217781 -0.87938386 -94.703245 0.035325204 0.99804022 -0.051651244 -9.6976489 0.88087416 -0.0066834455 0.47330341 108.0302
0.47896788 -0.059893826 -0.87578675 -95.683853 0.0321718 0.99819711 -0.050670538 -9.773508 0.87724273 -0.0039060769 0.48003124 108.57393
0.48872369 -0.060183588 -0.87036028 -96.614485 0.032594438 0.9981809 -0.050719726 -9.8433592 0.87182958 -0.0035809727 0.48979631 109.0837
0.49903204 -0.061343925 -0.86440956 -97.589195 0.032804191 0.99811366 -0.051894229 -9.9238933 0.86596246 -0.0024593742 0.50010303 109.63183
0.5092362 -0.0612058 -0.8584476 -98.553329 0.027879742 0.99811761 -0.054625597 -10.001534 0.86017514 0.0038840337 0.50998402 110.17224
0.52192352 -0.062813807 -0.85067632 -99.446789 0.027837387 0.99800802 -0.05661342 -10.07989 0.85253796 0.0058672688 0.52263243 110.70417
0.5336363 -0.059806692 -0.8435967 -100.37289 0.023379407 0.9981584 -0.055975149 -10.157283 0.84539089 0.01014758 0.5340518 111.32113
0.54452523 -0.058752445 -0.83668415 -101.29623 0.024955651 0.99823686 -0.053855299 -10.244144 0.83837316 0.0084455706 0.54503136 111.91521
0.55630866 -0.056754967 -0.82903528 -102.18585 0.024597813 0.99835241 -0.051840354 -10.313383 0.83061163 0.0084467822 0.55678814 112.49098
0.56854377 -0.056494943 -0.82071082 -103.06983 0.0253736 0.99836876 -0.051146864 -10.390637 0.82226165 0.0082548419 0.56904982 113.06701
0.58044692 -0.057030719 -0.81229848 -103.93998 0.026048761 0.99833433 -0.051478371 -10.466125 0.81388138 0.0087210923 0.58096567 113.68969
0.59058562 -0.055840729 -0.80504061 -104.78295 0.022353127 0.99835219 -0.052851097 -10.540392 0.80666537 0.013217923 0.59086066 114.33244
0.60179536 -0.060109633 -0.79638503 -105.61021 0.02901905 0.99815092 -0.05341004 -10.619653 0.79812298 0.009031577 0.60242692 114.94278
0.61216241 -0.057714871 -0.78862293 -106.44913 0.025807232 0.99825969 -0.053024342 -10.693382 0.79031084 0.012107334 0.61258651 115.56992
0.62316804 -0.056923369 -0.78001363 -107.27985 0.026904101 0.99831772 -0.051360426 -10.76758 0.78162511 0.01102061 0.62365117 116.21353
0.6323675 -0.054399541 -0.7727561 -108.0313 0.026878123 0.99847146 -0.048294072 -10.831027 0.77420215 0.0097693676 0.63286306 116.85084
0.64291044 -0.05290634 -0.76411193 -108.8143 0.025840576 0.99854187 -0.047396224 -10.901096 0.76550538 0.010726434 0.64334012 117.48652
0.65170818 -0.052165262 -0.75667377 -109.56268 0.024124967 0.99855296 -0.048062111 -10.973771 0.75808607 0.013067741 0.65202362 118.14778
0.66134606 -0.051286113 -0.74832551 -110.34983 0.021943307 0.99855561 -0.049042718 -11.044093 0.74975991 0.016013472 0.66151621 118.78557
0.67054775 -0.05042121 -0.74015091 -111.07211 0.021110887 0.99858053 -0.048900542 -11.114109 0.74156597 0.017164906 0.67066036 119.4636
0.67864727 -0.048659804 -0.73285064 -111.76544 0.020814339 0.99867635 -0.047035235 -11.17445 0.73416938 0.016666533 0.6787618 120.10247
0.68753428 -0.047773404 -0.72457868 -112.48731 0.022134961 0.99874862 -0.044846858 -11.23656 0.72581451 0.014795231 0.68773138 120.79206
0.69572681 -0.046542641 -0.716797 -113.16985 0.021454149 0.99879982 -0.044029977 -11.300409 0.71798605 0.015254566 0.69589035 121.456
0.70356372 -0.045301941 -0.7091867 -113.87254 0.020015973 0.99883333 -0.043946928 -11.363849 0.71035026 0.016724402 0.70364966 122.12432
0.71082655 -0.044288703 -0.70197157 -114.52497 0.019702147 0.99887775 -0.043070393 -11.428215 0.70309138 0.016785232 0.71090141 122.77129
0.71769634 -0.041566309 -0.6951145 -115.19083 0.018565202 0.99900421 -0.040569921 -11.480885 0.69610871 0.016211942 0.71775335 123.45911
0.7248002 -0.039585526 -0.68782092 -115.81164 0.018479653 0.99910581 -0.038027447 -11.536932 0.68871127 0.014851609 0.72488362 124.12081
0.73170576 -0.037804522 -0.68057142 -116.4417 0.01710893 0.99916481 -0.037107415 -11.595047 0.68140591 0.01550786 0.73174144 124.78421
0.73947366 -0.036145977 -0.67221436 -117.08589 0.015879852 0.99921619 -0.036260626 -11.650456 0.6729982 0.016139113 0.73946804 125.4706
0.74707157 -0.034112939 -0.66386772 -117.66738 0.014517009 0.99928146 -0.035011769 -11.698071 0.66458511 0.016518923 0.74702998 126.1202
0.75557145 -0.031678103 -0.65429981 -118.26089 0.014084029 0.99938473 -0.032121548 -11.751726 0.65491485 0.015054947 0.75555273 126.78215
0.76469326 -0.027877078 -0.64379116 -118.82555 0.011847887 0.99950316 -0.029207033 -11.794537 0.64428556 0.014706856 0.76464361 127.4686
0.77492032 -0.025936994 -0.63152651 -119.36356 0.010930178 0.99955818 -0.027640197 -11.838081 0.63196445 0.014516253 0.77486144 128.15517
0.78427466 -0.024855925 -0.61991564 -119.8995 0.0086295597 0.99953752 -0.029159588 -11.876024 0.62035378 0.017519527 0.78412645 128.82458
0.79412551 -0.025531918 -0.60721723 -120.40271 0.0088577006 0.99949728 -0.030442082 -11.925374 0.60768927 0.018796285 0.79395244 129.4848
0.80337607 -0.024652348 -0.59496144 -120.9155 0.008711799 0.99952232 -0.029651873 -11.96729 0.59540828 0.018638421 0.80320708 130.14776
0.81334967 -0.023541501 -0.58129861 -121.41883 0.0087393446 0.99956262 -0.028252367 -12.005651 0.58170951 0.017898884 0.81319967 130.85069
0.8226308 -0.021766174 -0.56815911 -121.86118 0.0085884994 0.99962866 -0.025860587 -12.040248 0.56851107 0.016394081 0.82251226 131.53879
0.83202277 -0.019999586 -0.55438082 -122.34975 0.0083917401 0.99968932 -0.023469886 -12.078618 0.55467802 0.014875259 0.83193212 132.25604
0.84127874 -0.018845102 -0.54027301 -122.79118 0.0088638283 0.99973872 -0.0210694 -12.109012 0.54052895 0.012936351 0.84122597 132.94971
0.8488997 -0.018087578 -0.52824437 -123.25838 0.0096163001 0.9997774 -0.018779713 -12.143994 0.52846651 0.010862336 0.84888467 133.66912
0.85572102 -0.018509369 -0.5171063 -123.68727 0.011221377 0.9997888 -0.017217141 -12.176492 0.51731581 0.0089304248 0.85574799 134.40096
0.86191876 -0.018948868 -0.50669218 -124.10477 0.012192206 0.99978705 -0.016649443 -12.20573 0.50689981 0.0081727722 0.86196625 135.0997
0.86852603 -0.017559146 -0.49533241 -124.53066 0.010899251 0.99980723 -0.016331414 -12.235417 0.49552373 0.0087855055 0.86854998 135.82958
0.87466258 -0.015622957 -0.48448042 -124.91786 0.0091239104 0.99983402 -0.015769516 -12.26014 0.48464642 0.0093726491 0.87465995 136.57699
0.88096108 -0.014741044 -0.47295905 -125.35089 0.0086331844 0.99984898 -0.015082317 -12.283002 0.47311 0.0092037916 0.8809553 137.31571
0.88652983 -0.015578756 -0.46240907 -125.73107 0.009581517 0.99983681 -0.015315256 -12.310076 0.46257224 0.0091468511 0.88653442 138.0849
0.89126098 -0.01648921 -0.45319085 -126.13348 0.010390022 0.99981889 -0.015944723 -12.33998 0.45337173 0.0095022465 0.89127089 138.83774
0.89505516 -0.017052552 -0.44562928 -126.50987 0.01088338 0.99980629 -0.016399335 -12.37082 0.44582265 0.009828356 0.89506737 139.63519
0.89874276 -0.0163189 -0.43817249 -126.91903 0.010522088 0.9998221 -0.015654443 -12.397734 0.43835003 0.0094588278 0.89875458 140.39358
0.90200664 -0.014697857 -0.43147187 -127.30434 0.010291956 0.99986835 -0.012544294 -12.422813 0.43159947 0.0068743466 0.90203916 141.19908
0.90495595 -0.011118015 -0.42535998 -127.67708 0.0081582336 0.99992818 -0.008779328 -12.442458 0.42542707 0.0044747188 0.90498166 142.02813
0.90810339 -0.0083859482 -0.41866203 -128.0516 0.0064041654 0.99996065 -0.0061385416 -12.458603 0.41869707 0.0028932493 0.90812136 142.82375
0.91126528 -0.0055650161 -0.41178223 -128.44651 0.0046432771 0.99998398 -0.0032387753 -12.478976 0.41179369 0.0010393642 0.91127652 143.67353
0.91447178 -0.003851929 -0.40463133 -128.84155 0.0036526587 0.99999253 -0.0012644773 -12.488214 0.40463321 -0.00032165164 0.91447902 144.50116
0.91725473 -0.0024745604 -0.39829339 -129.22444 0.0033007211 0.99999359 0.0013885674 -12.505462 0.39828743 -0.0025883257 0.91725702 145.35319
0.92009574 -0.0024193575 -0.39168606 -129.56268 0.0039707134 0.99998715 0.0031507623 -12.516637 0.39167344 -0.0044542764 0.92009352 146.24966
0.92412838 -0.0025351141 -0.38207367 -129.94971 0.0045836821 0.99997959 0.004451623 -12.528678 0.38205462 -0.0058651758 0.92412114 147.11087
0.92717399 -0.0040153632 -0.37460948 -130.31107 0.0059804737 0.99997378 0.0040834022 -12.52814 0.3745833 -0.0060263669 0.92717369 148.03046
0.93080454 -0.0060493508 -0.36546723 -130.68938 0.0079972052 0.99996074 0.0038162684 -12.54808 0.36542983 -0.0064749169 0.93081638 148.95988
0.93477156 -0.0074996026 -0.35517019 -131.05344 0.0090752491 0.99995498 0.0027705567 -12.549576 0.35513346 -0.005813096 0.93479754 149.86601
0.93903696 -0.008671072 -0.34370683 -131.37325 0.0094563282 0.9999551 0.00060853707 -12.570161 0.34368615 -0.0038216437 0.9390768 150.81669
0.94333173 -0.0070079594 -0.33177722 -131.73973 0.0073798509 0.99997276 -0.00013901351 -12.583996 0.33176918 -0.0023173309 0.94335775 151.74671
0.94945438 -0.0034142512 -0.31388646 -132.07997 0.0039247152 0.9999918 0.00099435454 -12.592633 0.31388052 -0.0021760095 0.94946 152.76752
0.95547731 3.5633995e-06 -0.29506456 -132.37545 0.0012588953 0.99999085 0.0040886277 -12.590073 0.2950619 -0.0042780467 0.95546857 153.77474
0.96135791 0.0031588165 -0.27528345 -132.68916 -0.0016007816 0.99998141 0.0058842394 -12.608586 0.27529695 -0.0052161918 0.96134509 154.78319
0.9672224 0.0052404177 -0.25387668 -132.96789 -0.0036299132 0.99997021 0.0068116864 -12.621868 0.25390484 -0.0056668657 0.96721261 155.84526
0.97257179 0.0064736704 -0.23251278 -133.23155 -0.0047417805 0.9999567 0.0080067358 -12.622769 0.23255456 -0.0066846012 0.97256038 156.87594
0.97756729 0.0068530539 -0.21051183 -133.47711 -0.0046740782 0.99993025 0.01084666 -12.632408 0.21057149 -0.0096193912 0.97753113 157.95653
0.98230276 0.008830235 -0.18709172 -133.69102 -0.0062742825 0.99987879 0.014249267 -12.628459 0.18719489 -0.012823229 0.9822391 159.075
0.98604518 0.011125662 -0.16610575 -133.87256 -0.0081144814 0.99979042 0.018795766 -12.635153 0.16628007 -0.017185613 0.9859288 160.17111
0.98964421 0.012425831 -0.14300324 -134.04451 -0.009398285 0.99971758 0.021827224 -12.618683 0.14323408 -0.020257201 0.9894815 161.30729
0.99232434 0.014001748 -0.12286722 -134.17664 -0.011368052 0.9996909 0.022110255 -12.617131 0.12313883 -0.020543784 0.99217679 162.42179
0.99484157 0.014191027 -0.10044334 -134.31833 -0.012251222 0.99972685 0.019903027 -12.608898 0.10069836 -0.018569805 0.99474369 163.54712
0.99679968 0.014229397 -0.078663333 -134.42108 -0.012767705 0.99973694 0.019053481 -12.601831 0.078913766 -0.017988154 0.99671914 164.70494
0.99824078 0.012517998 -0.057953779 -134.48776 -0.011317094 0.99971534 0.021003817 -12.594033 0.058200213 -0.020310999 0.99809829 165.9049
0.99920025 0.012751805 -0.037897884 -134.56516 -0.011882157 0.9996629 0.023084466 -12.578439 0.038179481 -0.022615696 0.99901494 167.06957
0.99978412 0.013266225 -0.015991158 -134.58214 -0.012883238 0.99963326 0.023819629 -12.572867 0.016301291 -0.023608469 0.99958837 168.28701
0.99988874 0.014769658 0.0020911595 -134.61334 -0.014816028 0.99959647 0.024235923 -12.568379 -0.0017323595 -0.02426421 0.99970408 169.50363
0.99960979 0.015108934 0.023494263 -134.58873 -0.015700699 0.99955886 0.025210524 -12.553198 -0.023102997 -0.025569564 0.99940605 170.73211
0.9988714 0.017226086 0.044262778 -134.53092 -0.018314818 0.99953668 0.024310321 -12.537942 -0.043823502 -0.025093549 0.99872409 171.96623
0.9977282 0.018127466 0.06488319 -134.47005 -0.01969246 0.9995284 0.023562405 -12.517607 -0.06442547 -0.024786586 0.99761465 173.19809
0.99621137 0.018313826 0.08501476 -134.39465 -0.020201829 0.99956685 0.021400955 -12.51367 -0.084586009 -0.023037328 0.99614983 174.46455
0.99432242 0.02040386 0.10443474 -134.26415 -0.022499054 0.99956775 0.018923507 -12.504827 -0.1040035 -0.021165751 0.99435169 175.73898
0.99218476 0.020452834 0.12308972 -134.12001 -0.022744003 0.99959271 0.01723741 -12.49263 -0.12268705 -0.019902249 0.99224583 177.0117
0.98958546 0.020944922 0.14241462 -133.97695 -0.023226417 0.99962686 0.014376451 -12.501217 -0.14206038 -0.017534509 0.98970268 178.32643
0.98725678 0.021970732 0.15761132 -133.75168 -0.023725145 0.99967565 0.0092582405 -12.490596 -0.1573568 -0.012879612 0.98745782 179.59498
0.98370794 0.023720062 0.17820224 -133.53706 -0.024576708 0.99969456 0.0026008876 -12.51744 -0.17808614 -0.0069381383 0.98399044 180.90333
0.98049047 0.026255882 0.19480521 -133.30923 -0.026247664 0.99965203 -0.0026239697 -12.52662 -0.19480634 -0.0025404044 0.98083844 182.23019
0.97703575 0.028358477 0.21117987 -133.04515 -0.027508592 0.99959732 -0.0069617534 -12.55522 -0.21129227 0.00099262139 0.97742242 183.54436
0.97284436 0.030297425 0.22946878 -132.75825 -0.029052131 0.99953912 -0.0088040828 -12.57944 -0.22962978 0.0018984455 0.9732762 184.83636
0.96871275 0.029896623 0.24637733 -132.43214 -0.028514361 0.99955126 -0.0091769145 -12.60739 -0.24654115 0.001864502 0.96913053 186.19802
0.96444679 0.028990378 0.26268221 -132.07872 -0.027272886 0.99957616 -0.01018282 -12.637159 -0.26286611 0.002656686 0.96482867 187.52881
0.95915192 0.028637489 0.28143823 -131.67982 -0.025517911 0.99956563 -0.014743903 -12.687721 -0.28173823 0.0069599275 0.95946607 188.86307
0.95466003 0.030001679 0.29618259 -131.27707 -0.025524366 0.99949414 -0.018972795 -12.737654 -0.29660201 0.010552696 0.95494288 190.20385
0.94879199 0.032287532 0.31424716 -130.8554 -0.027593404 0.99943143 -0.01937575 -12.764858 -0.31469411 0.0097124081 0.94914345 191.50679
0.94317377 0.034089309 0.33054674 -130.41815 -0.029282594 0.99938071 -0.019511991 -12.822407 -0.33100721 0.0087239326 0.9435879 192.85989
0.93716756 0.038143505 0.34678816 -129.95017 -0.032087649 0.99921599 -0.023190233 -12.857915 -0.34740086 0.010605518 0.93765675 194.21841
0.92963149 0.039180317 0.36640167 -129.44171 -0.031691196 0.99914807 -0.026434939 -12.920175 -0.36712528 0.012963045 0.93008118 195.54238
0.9231078 0.040058127 0.38244911 -128.90656 -0.031168633 0.99908125 -0.029413892 -12.971767 -0.38327603 0.015231778 0.92350825 196.88521
0.91619974 0.040220445 0.39869831 -128.3599 -0.029214539 0.99900677 -0.033644852 -13.043737 -0.39965556 0.019177618 0.91646476 198.2286
0.90714367 0.043480821 0.41856871 -127.77093 -0.029336476 0.99876204 -0.04017165 -13.12271 -0.41979727 0.024162128 0.90729623 199.54218
0.89643111 0.047256446 0.44065641 -127.13033 -0.030904894 0.99854391 -0.044214786 -13.203008 -0.44210425 0.026017071 0.89658628 200.91947
0.88554811 0.050071874 0.46184124 -126.48311 -0.032699639 0.99842681 -0.045548118 -13.280769 -0.4633954 0.025233008 0.88579231 202.18743
0.87127107 0.054572891 0.48775864 -125.79156 -0.035737292 0.99821508 -0.047848697 -13.375206 -0.48949932 0.024258013 0.87166621 203.5041
0.85718812 0.058815257 0.51163391 -125.04726 -0.037986459 0.99797186 -0.051080334 -13.468244 -0.51360059 0.024350296 0.85768381 204.80555
0.84223423 0.062365585 0.5354923 -124.29561 -0.039481037 0.99775438 -0.054105832 -13.565635 -0.53766418 0.024427994 0.84280516 206.0543
0.82631435 0.064269616 0.55953014 -123.47727 -0.039092708 0.99761664 -0.056857661 -13.676156 -0.56185085 0.025108754 0.82685742 207.34664
0.81080713 0.065240158 0.58166613 -122.63212 -0.037964653 0.99753792 -0.058964274 -13.776793 -0.58408091 0.025725902 0.81128768 208.55304
0.79492462 0.067399729 0.60295281 -121.77584 -0.03663521 0.9973292 -0.063184859 -13.889646 -0.60560114 0.028137899 0.79527074 209.72338
0.77820106 0.069677214 0.62413793 -120.86041 -0.034588606 0.99707298 -0.068184253 -14.009259 -0.62706201 0.031472999 0.77833329 210.91682
0.76041485 0.071868345 0.64544881 -119.88164 -0.032932413 0.99684656 -0.072196921 -14.146706 -0.64860215 0.033643425 0.76038372 212.07697
0.74464222 0.073415597 0.66341396 -118.92452 -0.031518646 0.99669136 -0.074919402 -14.277845 -0.66671927 0.034878241 0.74449242 213.23192
0.72890893 0.073990344 0.68060059 -117.91828 -0.029453503 0.99661132 -0.076800836 -14.410992 -0.68397683 0.035934745 0.72861817 214.36206
0.71198674 0.074413049 0.69823888 -116.86443 -0.027495399 0.99656088 -0.078169199 -14.550561 -0.70165442 0.036457078 0.71158415 215.47062
0.69774599 0.075147452 0.71239269 -115.82239 -0.02489027 0.99642515 -0.080730369 -14.694487 -0.71591274 0.038597647 0.6971221 216.53736
0.68245685 0.076463626 0.72691534 -114.71629 -0.021911047 0.99620632 -0.084219165 -14.843139 -0.73059742 0.041548471 0.68154323 217.61067
0.66811683 0.078447665 0.73990933 -113.61824 -0.019975428 0.99595915 -0.087557687 -14.995088 -0.74378823 0.04371876 0.6669841 218.6176
0.65224882 0.081150824 0.75364844 -112.46248 -0.018754602 0.99567606 -0.090980439 -15.149184 -0.75777291 0.045207509 0.65095049 219.67284
0.63591047 0.081704266 0.76742572 -111.29308 -0.017738494 0.99566495 -0.091305226 -15.3236 -0.77155899 0.044448973 0.63460307 220.64643
0.61965359 0.083092389 0.78046463 -110.13346 -0.017963614 0.99562125 -0.091736802 -15.483862 -0.78466986 0.042825074 0.61843291 221.60518
0.60285118 0.083913851 0.79342855 -108.92694 -0.02023589 0.995742 -0.089935401 -15.648768 -0.79759703 0.038161931 0.60198231 222.57409
0.58411888 0.085048139 0.80720003 -107.71107 -0.022422905 0.9958065 -0.088694057 -15.808837 -0.81135837 0.033708105 0.5835764 223.4811
0.56610302 0.086149583 0.81982045 -106.50376 -0.02413934 0.99583001 -0.087976564 -15.974354 -0.82398102 0.030013875 0.56582197 224.37615
0.54858769 0.089067583 0.83133535 -105.29495 -0.025761559 0.99563822 -0.089670931 -16.133994 -0.83569609 0.027775876 0.54848939 225.18253
0.53108381 0.092774977 0.84222487 -104.04986 -0.028289642 0.99537494 -0.091806497 -16.304656 -0.84684694 0.024930705 0.53125208 225.99766
0.51149599 0.093305316 0.85420484 -102.8063 -0.028917182 0.99539322 -0.091411863 -16.472805 -0.85879899 0.022055606 0.51183777 226.78651
0.49010679 0.091796367 0.86681526 -101.56763 -0.028800391 0.99560166 -0.089150884 -16.634334 -0.87118651 0.018728835 0.4905949 227.50889
0.46839232 0.089795348 0.8789456 -100.29772 -0.028854319 0.99584592 -0.086361646 -16.794695 -0.88304933 0.015089756 0.46903757 228.24051
0.44618843 0.088640086 0.89053846 -99.038247 -0.029009731 0.99599247 -0.08460168 -16.953761 -0.89446878 0.01191401 0.44697173 228.8961
0.42453089 0.087309335 0.90119395 -97.774935 -0.027756294 0.9961269 -0.083431289 -17.107131 -0.90498795 0.010405356 0.42531002 229.50636
