1.000000000000000000e+00 -3.306050084167601550e-19 -2.270457535318767223e-19 -8.673617379884035472e-19 7.546676715296109287e-19 1.000000000000000000e+00 6.237773588823049983e-19 1.387778780781445676e-17 -3.447385680526250622e-20 4.770700176052009879e-20 1.000000000000000222e+00 5.551115123125782702e-17
9.999296460526031494e-01 -2.997242198382542820e-03 1.147446520899737116e-02 1.260080992410746170e-02 2.987174450421985726e-03 9.999951559778663679e-01 8.941514178373917866e-04 -1.201461217811376769e-02 -1.147709242895461786e-02 -8.597976308527822660e-04 9.999337561474787028e-01 3.077870914618205944e-01
9.998256975191817109e-01 -4.810109146888735462e-03 1.804297256392185800e-02 2.910086558812708876e-02 4.793146432710919912e-03 9.999880271565608769e-01 9.837980191384077932e-04 -4.539455426774030578e-03 -1.804748979154401772e-02 -8.971233384799298443e-04 9.998367536872948547e-01 5.919817101231374945e-01
9.997462692601140066e-01 -8.063336069390686714e-03 2.103334337178719426e-02 4.529243056830430103e-02 8.065808887427758714e-03 9.999674888376005599e-01 -3.266916861488166176e-05 -2.125083020588215688e-02 -2.103239611079697410e-02 2.022921580834316469e-04 9.997787679566680907e-01 8.966456313585198235e-01
9.997804188808565584e-01 -9.328467269010428525e-03 1.876998877118353851e-02 4.854566176849962889e-02 9.355048060851118771e-03 9.999553913511238790e-01 -1.328976168344888102e-03 -1.979176335884902382e-02 -1.875675672787972467e-02 1.504192616774692633e-03 9.998230557920373407e-01 1.202579781631173184e+00
9.998529924740814367e-01 -1.213211696112802794e-02 1.211121219050889652e-02 4.810983903755284424e-02 1.216714780008421731e-02 9.999219357591094814e-01 -2.822822739726507484e-03 -2.003428348567340422e-02 -1.207600911926687455e-02 2.969809463047695577e-03 9.999226974038638582e-01 1.519537529733742121e+00
9.999087677893446768e-01 -1.350459850557582213e-02 2.153998576793816878e-04 4.459842005505794404e-02 1.350539035407750423e-02 9.998997744239097596e-01 -4.238929572978205468e-03 -2.992805756672688167e-02 -1.581071488626186524e-04 4.241450449006541057e-03 9.999910073663662580e-01 1.842411873708432513e+00
9.997918868312830609e-01 -1.215438770341058065e-02 -1.638356898798620093e-02 1.871986629577199537e-02 1.206942378838373083e-02 9.999132900605576246e-01 -5.275243247852723361e-03 -3.787515700584527523e-02 1.644624338864323493e-02 5.076418670126957473e-03 9.998518413881888334e-01 2.172504546359055766e+00
9.992669481533943410e-01 -8.678422914053027584e-03 -3.728476151884682621e-02 -1.651325368081743572e-02 8.483088223997787072e-03 9.999494795640760936e-01 -5.395305955622880720e-03 -4.314055241793773865e-02 3.732968097968879934e-02 5.075134352222543908e-03 9.992900586983928246e-01 2.521214893170259153e+00
9.985417683885532414e-01 -5.094387895256524863e-03 -5.374142875689786464e-02 -5.610000837522915312e-02 4.779242098515701191e-03 9.999706142173860890e-01 -5.991550231835767598e-03 -4.621609068539035692e-02 5.377036905382169552e-02 5.725986320224488169e-03 9.985368298498107364e-01 2.872333731832994896e+00
9.972257439830238823e-01 -2.881047471210876603e-03 -7.437710291419710740e-02 -1.078770793629648950e-01 2.438578792950093881e-03 9.999787928542662740e-01 -6.039813219524665586e-03 -5.389352479387853057e-02 7.439293398525720358e-02 5.841694491505061183e-03 9.972116404355065855e-01 3.241014037476986243e+00
9.952686227862380663e-01 -5.073572313923115952e-03 -9.702668271873947370e-02 -1.635908212243223636e-01 4.523668551351607385e-03 9.999724295502241400e-01 -5.885986103359143462e-03 -6.030163251002934599e-02 9.705387936285107819e-02 5.419287180209913027e-03 9.952641065647526153e-01 3.619102726063661901e+00
9.932638002693043866e-01 -6.055554174446949392e-03 -1.157167725370990136e-01 -2.219541047666840905e-01 5.512234912413004062e-03 9.999722514622185754e-01 -5.013430880682709194e-03 -6.833471392654870413e-02 1.157439264447238936e-01 4.341981261057976417e-03 9.932695759006182623e-01 4.006610768431705161e+00
9.909848437096587803e-01 -5.632600472591294850e-03 -1.338527009740212714e-01 -2.878178629475005579e-01 5.073031725839884272e-03 9.999769330521752764e-01 -4.519438933480554761e-03 -7.172399550342060948e-02 1.338750860175812740e-01 3.799774050751812595e-03 9.909905328466256380e-01 4.401279179403340791e+00
9.886100914305153697e-01 -4.166735515185393882e-03 -1.504557651271440366e-01 -3.691829051897031477e-01 3.648326321316358416e-03 9.999863948453850959e-01 -3.721602000904945459e-03 -8.175677280929118107e-02 1.504692337043816996e-01 3.130307402659252870e-03 9.886118896548861112e-01 4.819872452240684169e+00
9.865595299141973751e-01 -2.937980203816619590e-03 -1.634117910135925167e-01 -4.590841169496989727e-01 2.392522257526247080e-03 9.999909057124773959e-01 -3.535989373947218475e-03 -8.802473732593156519e-02 1.634206931621029479e-01 3.097554233945351131e-03 9.865575579760783587e-01 5.241052430294812048e+00
9.846479563315803096e-01 -4.371598765707743715e-03 -1.745009178247951542e-01 -5.440809881479767851e-01 3.615211687376942377e-03 9.999826572521397505e-01 -4.652173775596997983e-03 -9.584496872205815199e-02 1.745182429925432599e-01 3.949846467759312099e-03 9.846467087086082648e-01 5.680160073578812252e+00
9.827374903050644095e-01 -6.763742896373223581e-03 -1.848794845260205433e-01 -6.348509195692481066e-01 5.729047841675195818e-03 9.999647966325033721e-01 -6.130099254226089797e-03 -1.111358571963591835e-01 1.849144581545352217e-01 4.964974351813801652e-03 9.827416222306758486e-01 6.131060627118379180e+00
9.814252572142184716e-01 -5.934059599616348969e-03 -1.917041229235915689e-01 -7.358718199883119704e-01 4.469307274971140095e-03 9.999574714392385211e-01 -8.073035466151937470e-03 -1.190039449364710122e-01 1.917438745651274257e-01 7.066207509705250793e-03 9.814100255198220379e-01 6.592863236225227297e+00
9.798276811723044544e-01 -5.777693486438237325e-03 -1.997487802106774069e-01 -8.435553902659711500e-01 3.891093805450046485e-03 9.999440822476056701e-01 -9.835862828924893039e-03 -1.211097580781986816e-01 1.997944453389499109e-01 8.860042311085754643e-03 9.797953065874144274e-01 7.068130097780952248e+00
9.784011796547373851e-01 -6.144192313884435513e-03 -2.065874612111210373e-01 -9.593896208389259828e-01 3.600484177481065584e-03 9.999130702835680173e-01 -1.268503480962353443e-02 -1.323782170751311160e-01 2.066474301535012326e-01 1.166734062652430987e-02 9.783382721487920985e-01 7.555652709369501174e+00
9.764854886712941440e-01 -1.051529148769359857e-02 -2.153817830204509676e-01 -1.071212248120274602e+00 7.595599441695673713e-03 9.998676060966131818e-01 -1.437956216517374125e-02 -1.445023025739522737e-01 2.155046077896866641e-01 1.240541333752447593e-02 9.764362118727180073e-01 8.061684744991683971e+00
9.748844878116689205e-01 -1.576286721273229691e-02 -2.221613641656005056e-01 -1.182855462578624728e+00 1.268683010603097530e-02 9.998029075940980670e-01 -1.526715150754830164e-02 -1.617952713958087374e-01 2.223582700438183901e-01 1.206525504638234804e-02 9.748924395322826619e-01 8.579186544415305704e+00
9.728926230930122765e-01 -1.679152144540584438e-02 -2.306358423846772421e-01 -1.315318189054490272e+00 1.300974529183104682e-02 9.997550721138822594e-01 -1.790426059995798777e-02 -1.844630020835864581e-01 2.308799280144466226e-01 1.441975100019983642e-02 9.728727653987270241e-01 9.104600735344872575e+00
9.708765281453661800e-01 -1.336423082314102707e-02 -2.392271470486085627e-01 -1.466768458078977488e+00 8.243132157321557060e-03 9.997151665919125074e-01 -2.239482790648579871e-02 -1.897126591718062416e-01 2.394583170975647379e-01 1.977110307005627149e-02 9.707101875297200477e-01 9.636250196311648253e+00
9.688513717207710707e-01 -1.088401306002731786e-02 -2.473612389156834845e-01 -1.623851574155148914e+00 4.625976567683025981e-03 9.996547034688091360e-01 -2.586401392333515306e-02 -2.033476887396992172e-01 2.475573862633214661e-01 2.391370153494040696e-02 9.685674535770522064e-01 1.018459418044059461e+01
9.664558252889556833e-01 -1.302443354060929190e-02 -2.564612546810889904e-01 -1.779990837732123632e+00 6.210329347350454499e-03 9.996063206490352071e-01 -2.735932919675524572e-02 -2.258013413164872973e-01 2.567166780827540018e-01 2.484836210542874096e-02 9.661562864884619684e-01 1.074659799324013854e+01
9.639865925921689005e-01 -1.506535150203802166e-02 -2.655169916903453720e-01 -1.938114513390704285e+00 7.532169747489517349e-03 9.995402680238151261e-01 -2.936390831815707467e-02 -2.533427271451582641e-01 2.658374290449788124e-01 2.630644246068936098e-02 9.636569462802260233e-01 1.131602145161420481e+01
9.620616631455000123e-01 -1.517363296813364730e-02 -2.724328860804843822e-01 -2.117345592857171610e+00 6.587078065497006807e-03 9.994529369137401531e-01 -3.240007166928740578e-02 -2.764183796294590323e-01 2.727757254572090728e-01 2.937559911480244063e-02 9.616355817110847637e-01 1.190340337116719560e+01
9.602373644361013039e-01 -1.411912738626219799e-02 -2.787856366327548518e-01 -2.302876240648639161e+00 4.226513136816219263e-03 9.993410292612920909e-01 -3.604058550685477341e-02 -2.970967454185519108e-01 2.791110637676423312e-01 3.342765099258478145e-02 9.596644651893256883e-01 1.249221880223906744e+01
9.577800736575005081e-01 -1.505112504521858782e-02 -2.870738547191724610e-01 -2.495787007826776094e+00 3.459155098313616578e-03 9.991596926350830854e-01 -4.083407763373229221e-02 -3.296602798631691478e-01 2.874472385745087677e-01 3.811745466819655564e-02 9.570274258804210010e-01 1.309323285055761943e+01
9.559356358771525786e-01 -1.620384074603254190e-02 -2.931229716269425079e-01 -2.695871184733848125e+00 2.184639105957157049e-03 9.988405071726834672e-01 -4.809752947670310058e-02 -3.714000195871330900e-01 2.935624082540324031e-01 4.533809340980311103e-02 9.548629174474481118e-01 1.371013641177203723e+01
9.545761945300752505e-01 -1.652810162005714789e-02 -2.974332084333230486e-01 -2.891312119699731120e+00 -3.497610572238541013e-04 9.983974455081012778e-01 -5.659761850867728317e-02 -4.020033008943593722e-01 2.978919208691567788e-01 5.413065379872788324e-02 9.530407428010265747e-01 1.432734349462126389e+01
9.537439462075740781e-01 -1.769195208342492012e-02 -3.000716087047158309e-01 -3.111074913207749315e+00 -2.131490963705561740e-03 9.978436121893495825e-01 -6.560313059353325982e-02 -4.481014540788927358e-01 3.005850208761192133e-01 6.320894213019476182e-02 9.516497844375495507e-01 1.496616925554534738e+01
9.522823818945667096e-01 -1.700631428862686007e-02 -3.048175775907414620e-01 -3.330078455541143789e+00 -5.920181149327659667e-03 9.972294344113917797e-01 -7.415692764119158342e-02 -4.937603954479580781e-01 3.052347259174126859e-01 7.242152794173178920e-02 9.495436050464282074e-01 1.561295867812770233e+01
9.515187611369581022e-01 -1.630193003118249329e-02 -3.072095380806382225e-01 -3.553323123075251555e+00 -9.351197939088354283e-03 9.965998868493189944e-01 -8.185519441461897028e-02 -5.558686520892653915e-01 3.074997042795886149e-01 8.075877818604002001e-02 9.481310635272425236e-01 1.626784313944896354e+01
9.494797455277453890e-01 -1.419464034813460937e-02 -3.134900586221425201e-01 -3.791574175490604937e+00 -1.410387713786874497e-02 9.960372396962533514e-01 -8.780960008239623027e-02 -6.156621589514962301e-01 3.134945500184453393e-01 8.779381713957991329e-02 9.455170218484501010e-01 1.693554015721747064e+01
9.479414754066677329e-01 -1.286036431906036580e-02 -3.181760494353869095e-01 -4.040061582576512933e+00 -1.786271061536379851e-02 9.954635787320387230e-01 -9.343426208304890512e-02 -6.850781439304154397e-01 3.179348580293366311e-01 9.425170682066801031e-02 9.434114474787252957e-01 1.761206346522925870e+01
9.465702578164554293e-01 -1.080316127842741863e-02 -3.223046020770627407e-01 -4.289330672957085255e+00 -2.234354894984794115e-02 9.948403140699582092e-01 -9.898560192189612139e-02 -7.568806519931481347e-01 3.217104291767017843e-01 1.009006564781299436e-01 9.414450222717593020e-01 1.830290915979354693e+01
9.449356480441487571e-01 -8.511899576371238785e-03 -3.271269453633526836e-01 -4.549753987791778975e+00 -2.634473383262712909e-02 9.944386726824570033e-01 -1.019522137636646175e-01 -8.358040673792465070e-01 3.261750216386612444e-01 1.049576738640073531e-01 9.394564697931089281e-01 1.899873753004649402e+01
9.432481261598348876e-01 -7.941313299992740909e-03 -3.320010240015772163e-01 -4.818281542146802821e+00 -2.815891262415860449e-02 9.942010379541996734e-01 -1.037567056921075703e-01 -9.144628401908837523e-01 3.308997482310940819e-01 1.072160731253211652e-01 9.375547101878761724e-01 1.970799853914785160e+01
9.411239911778681577e-01 -6.806507849308572090e-03 -3.379639268369323823e-01 -5.095288730079452044e+00 -2.958705383463767699e-02 9.943024762309181641e-01 -1.024187505311123375e-01 -1.002884477381257078e+00 3.367353322539308746e-01 1.063894151674092542e-01 9.355607094863556128e-01 2.042314801224781817e+01
9.388039044239001596e-01 -7.217873517171159714e-03 -3.443936448764339797e-01 -5.370239148407261354e+00 -2.953753365170174242e-02 9.944107888361638503e-01 -1.013884361494512693e-01 -1.086884398087778258e+00 3.432003742359338028e-01 1.053579191438436535e-01 9.333436201096872997e-01 2.115411405787530796e+01
9.364333632464988399e-01 -6.309121308794534214e-03 -3.507974919229818744e-01 -5.658311499359921726e+00 -3.023882808477048809e-02 9.946663953461909458e-01 -9.860406822808856497e-02 -1.172237022432594866e+00 3.495488853959514697e-01 1.029425410545034697e-01 9.312480826701278191e-01 2.190024055418874482e+01
9.339437614495449402e-01 -6.846058525881540055e-03 -3.572745611409409161e-01 -5.955531203983084332e+00 -2.946170603404067029e-02 9.949395840910918443e-01 -9.608024070489457058e-02 -1.258842536680290003e+00 3.561241564098663326e-01 1.002621833431857346e-01 9.290159626640145385e-01 2.263150786919063151e+01
9.292441620513806066e-01 -4.326409523117481434e-03 -3.694473538001961099e-01 -6.268980392688529690e+00 -3.130321680580006038e-02 9.954141042964733677e-01 -9.037688124976131498e-02 -1.337793902627080866e+00 3.681445141162429380e-01 9.554463657319244019e-02 9.248473369655926257e-01 2.339913088948005537e+01
9.266348085393201206e-01 -9.018565283859987253e-04 -3.760063552585582447e-01 -6.586192308580186783e+00 -3.313144177632545984e-02 9.959107071302122360e-01 -8.404005417637792907e-02 -1.418066532191132101e+00 3.745446683047753411e-01 9.033065088055988734e-02 9.228157766926811112e-01 2.414760796702388390e+01
9.227222997780478719e-01 1.996721330840955672e-03 -3.853597719064210669e-01 -6.921440579388419501e+00 -3.564030696645512780e-02 9.961449740101675498e-01 -8.017570435880308488e-02 -1.490992639655668084e+00 3.837140282860011520e-01 8.771831680917481500e-02 9.192363186075673820e-01 2.491447080235972322e+01
9.195683665465703704e-01 2.422042987856076572e-03 -3.928758943901511369e-01 -7.260418985343414455e+00 -3.635253941615100570e-02 9.962167314115294436e-01 -7.894640279441150765e-02 -1.567789493616365215e+00 3.911985766339859949e-01 8.687946353822777190e-02 9.161773086771848318e-01 2.567684158077654288e+01
9.157695148528707252e-01 4.722820587883595073e-03 -4.017032902971153785e-01 -7.612055045488475891e+00 -3.878231583667362398e-02 9.962991615698023606e-01 -7.670170518986872688e-02 -1.645549499406971261e+00 3.998538918594132796e-01 8.582236690939523682e-02 9.125640278352921131e-01 2.644692022881050875e+01
9.123896598338242514e-01 4.336860258689905108e-03 -4.093310854021168232e-01 -7.971115135980022970e+00 -3.881843657579422957e-02 9.963538083463197026e-01 -7.596008019074326767e-02 -1.714749404135113009e+00 4.075091070094125634e-01 8.519276895279163930e-02 9.092313376517654477e-01 2.722363355213171587e+01
9.080376967618525308e-01 5.042255609382517365e-03 -4.189315662538483642e-01 -8.356035361329197997e+00 -3.982382868365714340e-02 9.964373951081215708e-01 -7.434509217525531177e-02 -1.783369411874071275e+00 4.170639776411161348e-01 8.419268065351927233e-02 9.050040255235199949e-01 2.800535611989490548e+01
9.044512031587551570e-01 5.577483016823074451e-03 -4.265535623864872838e-01 -8.737867913044198076e+00 -3.990998347707153115e-02 9.966350109745437669e-01 -7.159890620181058596e-02 -1.864047613202319598e+00 4.247187948312946548e-01 8.178221794242088172e-02 9.016305774964926689e-01 2.880255634685898869e+01
9.009921286648986394e-01 5.183050292400190676e-03 -4.338097433444724205e-01 -9.133095577010207577e+00 -3.825016121445324463e-02 9.969836402137218778e-01 -6.753784941196912250e-02 -1.931709192743559900e+00 4.321514953981208662e-01 7.744361303144198239e-02 8.984726406787223452e-01 2.959998657106420339e+01
8.968327892867342666e-01 6.815389908326221352e-03 -4.423670305892474786e-01 -9.546188721059600368e+00 -3.800222786197860608e-02 9.973719926749072817e-01 -6.169661393339272853e-02 -1.995193594832512129e+00 4.407843872377739669e-01 7.214100093864247998e-02 8.947348728654764827e-01 3.041179750610324106e+01
8.937376218952370888e-01 6.857147362621066056e-03 -4.484776356963858235e-01 -9.971398616299076423e+00 -3.660288956219949486e-02 9.976638448865229325e-01 -5.766557928422927359e-02 -2.058725150522949132e+00 4.470344097336156897e-01 6.795324272185696013e-02 8.919008403471465618e-01 3.122896548681720574e+01
8.901824607566615200e-01 7.000277659002729184e-03 -4.555233475403519527e-01 -1.039774997736315498e+01 -3.592645799687239905e-02 9.978467523109799675e-01 -5.486732399182839975e-02 -2.120230164196255540e+00 4.541578367826770712e-01 6.521270160538301941e-02 8.885176228317118730e-01 3.204583059039969584e+01
8.862806402347607193e-01 6.348375636788319842e-03 -4.630452573671009486e-01 -1.083740769439027751e+01 -3.520209583431565398e-02 9.979370067415779255e-01 -5.371130717118434428e-02 -2.181802053457686519e+00 4.617488305505524915e-01 6.391043437227092450e-02 8.846757141152754578e-01 3.287886483397019077e+01
8.841927976667176559e-01 6.393342522931214598e-03 -4.670402886734658643e-01 -1.129674375491450711e+01 -3.447514267844842273e-02 9.980726552968338661e-01 -5.161335423287220087e-02 -2.231932844533516924e+00 4.658104141563738643e-01 6.173833228174076954e-02 8.827088431294357607e-01 3.371736078791572311e+01
8.809686890805321635e-01 5.071837304531427032e-03 -4.730517692119535211e-01 -1.175574580206415831e+01 -3.315371462596032603e-02 9.981465288351364373e-01 -5.102714051988772870e-02 -2.293039358519765258e+00 4.719157524676267923e-01 6.064225454713932650e-02 8.795040905560114197e-01 3.456840598236109940e+01
8.785919800065894458e-01 4.642286608174450713e-03 -4.775640301825727074e-01 -1.222980617532203418e+01 -3.239900166156948341e-02 9.982283147768924447e-01 -4.989493659571911377e-02 -2.352786357754454549e+00 4.764861027248605829e-01 5.931108162015227142e-02 8.771858526011618862e-01 3.542665945197717292e+01
8.771902361215581090e-01 5.205785017705689445e-03 -4.801256951800557671e-01 -1.271300715305156004e+01 -3.333697420180817272e-02 9.981883823451703774e-01 -5.007655649829394900e-02 -2.409881725432437172e+00 4.789949904029742744e-01 5.993275925544743615e-02 8.757746718050308798e-01 3.628901330132579517e+01
8.753179613220304356e-01 4.431372589290267019e-03 -4.836076987852495068e-01 -1.321322156229717670e+01 -3.295239090871189547e-02 9.981800974871881671e-01 -5.051163482769335800e-02 -2.465630524176760208e+00 4.825040542996126836e-01 6.014685998839787440e-02 8.738708133564615510e-01 3.715945681835401615e+01
8.760544610914966501e-01 4.663102396402846010e-03 -4.822264967541189939e-01 -1.371800227093136293e+01 -3.250597358431871198e-02 9.982498083603852379e-01 -4.940468112220729874e-02 -2.523597984071588751e+00 4.811522831695393965e-01 5.895465391365722896e-02 8.746727360298383047e-01 3.804676184579054876e+01
8.749574941944348039e-01 5.652326507427579173e-03 -4.840809954799413228e-01 -1.422346061928192462e+01 -3.270145245046789106e-02 9.983387424843993552e-01 -4.743931773678523867e-02 -2.578352013611318050e+00 4.830087950663469742e-01 5.733719867040635437e-02 8.736884835512686021e-01 3.895202919512948370e+01
8.743830892322883575e-01 3.782786207200364726e-03 -4.852720373106074181e-01 -1.474055861690440850e+01 -3.036415133403643288e-02 9.984362127160513189e-01 -4.692874221628481196e-02 -2.638907263012512772e+00 4.843356207113480583e-01 5.576867456312345483e-02 8.731308008577520763e-01 3.986519656654478894e+01
8.751998326987722177e-01 1.955645468689942972e-03 -4.838053060277783257e-01 -1.525492424984140882e+01 -2.870964218977609811e-02 9.984392046246733932e-01 -4.789865953670417731e-02 -2.698781867577330740e+00 4.829567105286277640e-01 5.580811109373663009e-02 8.738899925227460175e-01 4.078209380051514188e+01
8.737438847436135303e-01 9.726202939702714061e-04 -4.864619647416378867e-01 -1.578668206630685233e+01 -2.787119655481131233e-02 9.984548201524428013e-01 -4.805717699134916254e-02 -2.764098748467516131e+00 4.856635640393590636e-01 5.554563389681474450e-02 8.724210222386483693e-01 4.171392479893918903e+01
8.724258788446153101e-01 -6.156053543585618881e-04 -4.887797712122692873e-01 -1.631329960520134392e+01 -2.517290381401496302e-02 9.986152268054016012e-01 -4.619548148842352736e-02 -2.820700704153804139e+00 4.881314056044434579e-01 5.260618590569820369e-02 8.712024227160723999e-01 4.264497082489425850e+01
8.704610910445365057e-01 5.731349118089997148e-04 -4.922774688522349451e-01 -1.685101998122980405e+01 -2.437750389129661813e-02 9.988224223213865161e-01 -4.193829652941664238e-02 -2.881206573152073069e+00 4.916739039429264269e-01 4.850422373748865951e-02 8.694500166786330864e-01 4.357961402259810768e+01
8.671131091711729022e-01 4.544597797871485290e-04 -4.980903830075016359e-01 -1.739618816432225756e+01 -2.241423964442181005e-02 9.990221022845134913e-01 -3.812008996813152223e-02 -2.942681723475331079e+00 4.975860620425021086e-01 4.422057685416524303e-02 8.662754578710960551e-01 4.449899181305959672e+01
8.642310535929932369e-01 -9.480392963802139038e-04 -5.030076458104038029e-01 -1.793716175286499137e+01 -1.983382655772648190e-02 9.991564925286584575e-01 -3.594693758072939338e-02 -2.994134298688441831e+00 5.026173761319495670e-01 4.104424148459673988e-02 8.634834079150610631e-01 4.542084765353092735e+01
8.583243913142347692e-01 -3.441639720452458352e-03 -5.131421040667129008e-01 -1.849296629935303216e+01 -1.847766370171586084e-02 9.991214980208615870e-01 -3.760925283866819319e-02 -3.053142774160116257e+00 5.128207278643284184e-01 4.176184898787234367e-02 8.575068179555535020e-01 4.634396087631073158e+01
8.532039464032029619e-01 -6.355656519769323394e-03 -5.215671549184665023e-01 -1.906519210922416008e+01 -1.776543822391079414e-02 9.989914029765862846e-01 -4.123064585770197521e-02 -3.116586855419334334e+00 5.213031079319393468e-01 4.444380838673501338e-02 8.522304623877893226e-01 4.724883280381593664e+01
8.467893227987535187e-01 -5.898257669646218317e-03 -5.321040346210638150e-01 -1.965206372747381991e+01 -1.844733092960729182e-02 9.990114319946828969e-01 -4.043436310498285668e-02 -3.164561972337148088e+00 5.318168048516819235e-01 4.404927780227719386e-02 8.458432581345729506e-01 4.815952982052711917e+01
8.413513074822053239e-01 -2.559856456677022263e-03 -5.403972715843422536e-01 -2.024571262100102942e+01 -1.954113991798727204e-02 9.991909472725503116e-01 -3.514932850891729771e-02 -3.217911975031360061e+00 5.400498466952817767e-01 4.013556521416389300e-02 8.406205198080801688e-01 4.906845653785356376e+01
8.367890594994367159e-01 4.048754267674236078e-04 -5.476843111374173345e-01 -2.084344377840959694e+01 -2.044073483729588747e-02 9.993257090758127514e-01 -3.050212823989602307e-02 -3.274766408132010920e+00 5.473027538032634309e-01 3.671654150444131348e-02 8.362330154671091531e-01 4.996325972080588684e+01
8.321274297421533683e-01 1.911660964393728859e-03 -5.546813045694657385e-01 -2.145646558495676715e+01 -2.335261951659092783e-02 9.992278577460049771e-01 -3.158394088577484021e-02 -3.321460669993756110e+00 5.541925346021854271e-01 3.923435226242245888e-02 8.315296035450144840e-01 5.085624399249117999e+01
8.284198129014040957e-01 -8.171854563973280283e-04 -5.600079240194336672e-01 -2.206460933451371886e+01 -2.386705810225505167e-02 9.990391602755006595e-01 -3.675767183303269708e-02 -3.373037049800773346e+00 5.594998672618319846e-01 4.381858582450910006e-02 8.276041791363281108e-01 5.174082867672403552e+01
8.263753133734754730e-01 -2.587843244634177326e-03 -5.631037291320468707e-01 -2.267664508520954669e+01 -2.637059268779054846e-02 9.987145535289703169e-01 -4.327709442714205296e-02 -3.436465220019485844e+00 5.624917456456387521e-01 5.061238936823973106e-02 8.252446701268207896e-01 5.261770391057935115e+01
8.230438732530583890e-01 -2.660843198755027603e-03 -5.679497581080658053e-01 -2.330131050390176739e+01 -2.723687596660641017e-02 9.986537301462160565e-01 -4.414838361757732199e-02 -3.492629546872480173e+00 5.673025425495520357e-01 5.180545130851132996e-02 8.218632233791376418e-01 5.349335936019885196e+01
8.201502157160699413e-01 -1.720948243517747339e-03 -5.721535039958024482e-01 -2.391671446546282098e+01 -2.618273253311012572e-02 9.988351106238029242e-01 -4.053193890094246299e-02 -3.553727637169674658e+00 5.715568454760173722e-01 4.821949253471605884e-02 8.191497492292802995e-01 5.437496304215015641e+01
8.166452507609393008e-01 3.807570619134746323e-04 -5.772206046734668083e-01 -2.455900274061943378e+01 -2.483196020138035351e-02 9.990969432433514097e-01 -3.447516003214833730e-02 -3.607429693806276205e+00 5.766864095524050216e-01 4.248393596507188397e-02 8.159173733518191307e-01 5.525452389678785892e+01
8.141234575847501320e-01 2.696182216978803073e-03 -5.807165839139343255e-01 -2.520277910866753857e+01 -2.558380662137178102e-02 9.991848002728216382e-01 -3.122441599955134983e-02 -3.656590113434513789e+00 5.801589711103446456e-01 4.027657423202801040e-02 8.135288168990507662e-01 5.613587014939106012e+01
8.108125795727959551e-01 3.948052332687588921e-03 -5.853619694859530931e-01 -2.583991378059737443e+01 -2.774411758657613358e-02 9.991126167287818216e-01 -3.168410423693732852e-02 -3.704952232538003987e+00 5.847174732594611068e-01 4.192418850595609064e-02 8.102024220112583608e-01 5.701135824039457844e+01
8.068943279548356218e-01 2.634753045363443132e-03 -5.907237827681558473e-01 -2.649185954317101377e+01 -2.730759141752488184e-02 9.990874389132867739e-01 -3.285346758334855427e-02 -3.752627013563064828e+00 5.900982500885980642e-01 4.264094733690917960e-02 8.062298181767385552e-01 5.787726774994431622e+01
8.029359921144633150e-01 4.874123260964883012e-04 -5.959055477481792762e-01 -2.714434350170130728e+01 -2.702645120669626769e-02 9.990010878400805705e-01 -3.559368191372701273e-02 -3.808471883940543368e+00 5.952928627929140459e-01 4.468805213029850010e-02 8.021471733566134521e-01 5.873610647105907390e+01
8.006415116178460245e-01 -2.193844530929698667e-04 -5.992454856165473354e-01 -2.780074874270126273e+01 -2.632962971340209110e-02 9.990210385708215846e-01 -3.554738300709150284e-02 -3.860887939340553743e+00 5.986668357905275961e-01 4.423569736287260440e-02 7.998519938214949665e-01 5.961269196246841773e+01
7.950723425771009101e-01 -1.148555048091159632e-03 -6.065308954083643567e-01 -2.848299334213006517e+01 -2.525444816910711252e-02 9.990683465237402139e-01 -3.498721608716764964e-02 -3.909331004712678137e+00 6.060061372137972580e-01 4.313063870729284127e-02 7.943027093748060707e-01 6.047886323466985914e+01
7.917812788322758921e-01 -3.866952816132939331e-04 -6.109103219475386926e-01 -2.915354793710121939e+01 -2.547255156619990246e-02 9.991088878817528940e-01 -3.365339024074395780e-02 -3.963425785820464231e+00 6.103793661093718237e-01 4.220445114981898754e-02 7.910658026196201176e-01 6.133943936740938341e+01
7.857611703617273236e-01 -1.837200934684148860e-03 -6.186537690021358671e-01 -2.984319323776378852e+01 -2.496293518868936828e-02 9.990866436293724950e-01 -3.467496552779403968e-02 -4.015925013595990301e+00 6.181527927561148994e-01 4.268340587856642859e-02 7.849975644077956671e-01 6.219257966042368935e+01
7.803000948538618697e-01 -2.239347217033663216e-03 -6.252390286737942171e-01 -3.053837109992777599e+01 -2.495675541106845766e-02 9.990855210528525321e-01 -3.472011058226654595e-02 -4.069655049313132267e+00 6.247449764153908403e-01 4.270127367807605157e-02 7.795305952215205725e-01 6.304854566969452634e+01
7.751068362142418122e-01 -4.126113225528742212e-03 -6.317261452551382606e-01 -3.124139859482932025e+01 -2.359175368698575651e-02 9.990923388366156344e-01 -3.545875872556523284e-02 -4.121517749030059186e+00 6.312990801401033858e-01 4.238725086575571843e-02 7.743060119837497091e-01 6.389284819878857746e+01
7.695105632680566687e-01 -5.607394892545907762e-03 -6.385712449497330523e-01 -3.196228192379144417e+01 -2.320448951902286117e-02 9.990556549529352459e-01 -3.674231717067177189e-02 -4.178872976246059245e+00 6.381742686543133702e-01 4.309268621340115596e-02 7.686536637904222147e-01 6.474849169294276408e+01
7.645194808766824224e-01 -7.242168772289553705e-03 -6.446966824871518398e-01 -3.268117892200513097e+01 -2.226737338166371455e-02 9.990432375587886549e-01 -3.763835275381833406e-02 -4.233695548460322478e+00 6.443526085184694274e-01 4.312925680983666077e-02 7.636268343484953203e-01 6.558990587959775098e+01
7.574387257150333452e-01 -7.865109132526242053e-03 -6.528814632195678591e-01 -3.341961733401929280e+01 -2.190985747016102950e-02 9.990580778295209408e-01 -3.745455544780832563e-02 -4.287048362632620346e+00 6.525611599022840270e-01 4.267491689774003533e-02 7.565528585686355223e-01 6.643351182104345298e+01
7.521604063637146176e-01 -8.637028200948103362e-03 -6.588617889043284492e-01 -3.416369183854968838e+01 -2.032029357973156453e-02 9.991345591371716406e-01 -3.628968536177339804e-02 -4.345073775601091093e+00 6.586050336865576504e-01 4.068488879669432401e-02 7.513341357755116690e-01 6.726756007003433524e+01
7.459532562256556698e-01 -9.164424958998490869e-03 -6.660833467170638178e-01 -3.491753985145465577e+01 -1.864448096813970182e-02 9.992261919504283885e-01 -3.463176533583956634e-02 -4.400035595563438484e+00 6.658854990019326126e-01 3.824647958342840964e-02 7.452051901333951456e-01 6.809908137591622790e+01
7.394780213359068988e-01 -1.079008888898942350e-02 -6.729905744322517425e-01 -3.568928219525969325e+01 -1.805467038046330505e-02 9.991941337666803147e-01 -3.585831061439910539e-02 -4.452891578234619452e+00 6.728351583617614429e-01 3.866653472720107260e-02 7.386871397887704305e-01 6.892920269961216206e+01
7.327376593397252336e-01 -1.227336383160919364e-02 -6.804677758277938304e-01 -3.646564666962202494e+01 -1.762184235702203214e-02 9.991599009359601880e-01 -3.700568605508869346e-02 -4.513560660739035946e+00 6.803502264532962363e-01 3.910768446083203592e-02 7.319056714404710284e-01 6.974990368298774968e+01
7.280797257663356170e-01 -1.254802812554604852e-02 -6.854108657609783162e-01 -3.725591379861641883e+01 -1.811980114022922542e-02 9.991308338466823313e-01 -3.753904469622478673e-02 -4.568059256693512538e+00 6.852861597497418300e-01 3.975299436428437333e-02 7.272194840843394514e-01 7.057278311020306205e+01
7.221235883229605301e-01 -1.252100389227518533e-02 -6.915495770026793831e-01 -3.805937161643365130e+01 -1.760195582281280993e-02 9.991799630577923308e-01 -3.647195613757509697e-02 -4.620926667469015925e+00 6.914390639020996376e-01 3.851133000379010352e-02 7.213109443734891935e-01 7.139412830371027496e+01
7.177461484914933187e-01 -1.119674741063426959e-02 -6.962747709162077081e-01 -3.886634798485042097e+01 -1.939209537790934773e-02 9.991615291809737842e-01 -3.606002975267078026e-02 -4.683477879986345904e+00 6.960946939717924664e-01 3.938389562547978118e-02 7.169271731156495742e-01 7.220995822825793198e+01
7.122193015098652324e-01 -1.195506800944242699e-02 -7.018738987486264902e-01 -3.969068217592769088e+01 -1.945321545455195450e-02 9.991348346338775332e-01 -3.675955513309279304e-02 -4.739285730720505185e+00 7.017061060579175003e-01 3.983802975913611211e-02 7.113705876721754251e-01 7.302343179113834992e+01
7.077504456301585423e-01 -1.335003477781713209e-02 -7.062702421382243134e-01 -4.051750080437999912e+01 -2.004853610673011308e-02 9.990391981112892728e-01 -3.896909793860993398e-02 -4.800457569963795912e+00 7.061117067203868114e-01 4.174355989554921070e-02 7.068026948205640148e-01 7.383607883630315882e+01
7.032425117562012273e-01 -1.521517729184411645e-02 -7.109315322622339339e-01 -4.134490589246914283e+01 -2.069373681754665267e-02 9.989092104944607975e-01 -4.185135941780662727e-02 -4.858087933664548608e+00 7.107928926605535658e-01 4.414274726041848840e-02 7.021606499569799098e-01 7.465169197731245276e+01
6.977771753513407615e-01 -1.503814381177725340e-02 -7.161762601684398266e-01 -4.219230136113075957e+01 -2.112020698060735474e-02 9.989129443460895708e-01 -4.155248119149074909e-02 -4.921875245030538082e+00 7.160228396209648016e-01 4.411742660105218844e-02 6.967010126573061068e-01 7.545822774774811137e+01
6.924545761127364196e-01 -1.520913938359230895e-02 -7.212786469889894692e-01 -4.304769372626113721e+01 -2.020515249932319443e-02 9.989768907730471881e-01 -4.046141223248642116e-02 -4.982227940949284672e+00 7.211561951179786822e-01 4.258943433632692704e-02 6.914386708057144171e-01 7.625813232570639855e+01
6.884258367954253499e-01 -1.635233948185763758e-02 -7.251922491089601852e-01 -4.390766169569803878e+01 -1.846323193772999444e-02 9.990267280576938802e-01 -4.005339246910076534e-02 -5.043446480986940372e+00 7.251414745975807152e-01 4.096406178479274768e-02 6.874537962499390753e-01 7.706918009875433029e+01
6.824323402378298375e-01 -1.738330141405410034e-02 -7.307314331717887912e-01 -4.477954091742800102e+01 -1.771498983821167411e-02 9.990301833767637474e-01 -4.030817780972929115e-02 -5.109245131911464455e+00 7.307231301736386575e-01 4.045609723996454465e-02 6.814625886328736781e-01 7.786812320199072701e+01
6.802989600607255438e-01 -1.675127361487757996e-02 -7.328129057227852350e-01 -4.565193019493717941e+01 -1.803322013831608339e-02 9.990535002283739141e-01 -3.957961200646208100e-02 -5.170699878611427103e+00 7.327822567418177391e-01 4.014366619352178339e-02 6.793530603407834656e-01 7.867204515802234255e+01
6.738294069136783193e-01 -1.877973726569169555e-02 -7.387386724398924409e-01 -4.654180576447569706e+01 -1.575660368142233272e-02 9.990845457367051319e-01 -3.976761325937044206e-02 -5.232659889037031498e+00 7.388095870700335244e-01 3.843421940650896401e-02 6.729166070801465560e-01 7.947050100095660241e+01
6.698822091891404318e-01 -1.948888750290337160e-02 -7.422117952783034989e-01 -4.744472942190378006e+01 -1.429210055159074386e-02 9.991317909451378210e-01 -3.913345871984667129e-02 -5.288563065305923239e+00 7.423301956787444755e-01 3.682334896114150546e-02 6.690221198036188088e-01 8.026102336161459050e+01
6.672669500223971095e-01 -2.285885183698052256e-02 -7.445485917897766148e-01 -4.834047674282535212e+01 -1.101566816790521333e-02 9.991167622619715472e-01 -4.055061105916119013e-02 -5.354668070464177809e+00 7.448181029436504730e-01 3.526084782783282107e-02 6.664257955624639518e-01 8.106193917444939245e+01
6.624277152431725657e-01 -2.644963268141554275e-02 -7.485668535983980298e-01 -4.924555597782073590e+01 -9.468026575973526732e-03 9.990011188234089179e-01 -4.366697901262419496e-02 -5.415432760431393433e+00 7.489744356409442361e-01 3.601125780583435548e-02 6.615156878374104377e-01 8.186325861613832444e+01
6.577261253771252703e-01 -3.104382867532836862e-02 -7.525736131896426651e-01 -5.015916106660456109e+01 -3.849059410869214680e-03 9.989988849800510717e-01 -4.458347856737671089e-02 -5.482960576409492859e+00 7.532041011916529305e-01 3.222414085377092730e-02 6.569481878659377827e-01 8.264940249420546081e+01
6.521347787648381633e-01 -3.595984939129270169e-02 -7.572957900057801783e-01 -5.106987823491537881e+01 2.508821053778152992e-03 9.989710903091172378e-01 -4.527824050961290481e-02 -5.549673978092929616e+00 7.581456856750502515e-01 2.761967875191321739e-02 6.515544769572337858e-01 8.344914083543653760e+01
6.440387017398240266e-01 -3.961371429957036977e-02 -7.640026135400277418e-01 -5.200708438116030408e+01 7.564882446997029872e-03 9.989393979764412679e-01 -4.541450513203839495e-02 -5.624285300437500190e+00 7.649917601356088781e-01 2.346876591636713749e-02 6.436553321952033224e-01 8.422698770074686081e+01
6.357599717463700006e-01 -3.957016560308201925e-02 -7.709425599833374942e-01 -5.294477866126572252e+01 9.589087090404121300e-03 9.990132240996680846e-01 -4.336352497498245639e-02 -5.690749546315513108e+00 7.718975784454675804e-01 2.018280190161098400e-02 6.355115760732127361e-01 8.500925809920812526e+01
6.259193250761106997e-01 -3.933819954741429870e-02 -7.789094378738405933e-01 -5.391227412293249444e+01 1.162211469374988849e-02 9.990866002481384456e-01 -4.111442437762258262e-02 -5.752019507369469764e+00 7.798156016330357598e-01 1.667814429484368657e-02 6.258048766586308265e-01 8.577095378812865079e+01
6.163984874478435350e-01 -3.902968781839767642e-02 -7.864908975809219438e-01 -5.488607558381354323e+01 1.176164706772439041e-02 9.991157588801184986e-01 -4.035987890400686423e-02 -5.826536470663844725e+00 7.873710007702611202e-01 1.562527204902194183e-02 6.163126551078900173e-01 8.652816598336258380e+01
6.084577527297729826e-01 -3.987385317948010516e-02 -7.925717629269760645e-01 -5.586860084399204140e+01 1.050172915541644492e-02 9.990540147135753557e-01 -4.220068039431647960e-02 -5.888714243939678461e+00 7.935047466123819060e-01 1.735434513283004229e-02 6.083009156621205227e-01 8.727319891721464273e+01
5.973409510429779079e-01 -4.211825252879624476e-02 -8.007874402436350181e-01 -5.686811672332230927e+01 1.149723065423619017e-02 9.989669076287637228e-01 -4.397057452532532329e-02 -5.959198174457803532e+00 8.018120337420159283e-01 1.705546885502392390e-02 5.972085149625968592e-01 8.800526143233658161e+01
5.883163008181634401e-01 -4.340656868232778409e-02 -8.075299994418524419e-01 -5.787430625076282098e+01 1.102690081315138050e-02 9.988957352158479575e-01 -4.566476941356829161e-02 -6.020433082959006477e+00 8.086210103590643072e-01 1.795413334309414050e-02 5.881457229648594520e-01 8.873568743060917541e+01
5.789225835868597736e-01 -4.408316497021220332e-02 -8.141570508077150548e-01 -5.888855143006203008e+01 1.470577854456001261e-02 9.989394860396786369e-01 -4.363383102958189041e-02 -6.092595803280753231e+00 8.152170834178531500e-01 1.328818554647975304e-02 5.789570355217769082e-01 8.945580201990198077e+01
5.683543362591852999e-01 -4.438019949414038351e-02 -8.216172754725472593e-01 -5.992789365866094897e+01 1.619799357371082618e-02 9.989540202197749741e-01 -4.276025630886905182e-02 -6.159407337209990452e+00 8.226559749110839981e-01 1.099120688251999621e-02 5.684790709464243585e-01 9.016686570800024469e+01
5.558260965657000341e-01 -4.485413125603322781e-02 -8.301119452354062123e-01 -6.097249488189564914e+01 1.667239768257537669e-02 9.989437819139874719e-01 -4.281494832771554071e-02 -6.231390128798232730e+00 8.311560317408317466e-01 9.955032803580707995e-03 5.559870552094300367e-01 9.086022351196244529e+01
5.484780386525833773e-01 -4.514877681244355151e-02 -8.349459454780938650e-01 -6.203289363917399157e+01 1.534593916613854678e-02 9.989164854855120401e-01 -4.394589127371782700e-02 -6.303021448208476762e+00 8.360251015300605992e-01 1.129472903985367406e-02 5.485767025541046227e-01 9.154075974287160022e+01
5.370874072361790930e-01 -4.589242615511534423e-02 -8.422088339784581379e-01 -6.310292602335893264e+01 1.478407679920276489e-02 9.988778552363272167e-01 -4.500945845843191961e-02 -6.373661081106210879e+00 8.433286371335595444e-01 1.172999571936826461e-02 5.371629609466833655e-01 9.221354630916259509e+01
5.276909477856901454e-01 -4.623869562317464710e-02 -8.480848983184122725e-01 -6.417929090352954802e+01 1.330749186002508529e-02 9.988453208070484646e-01 -4.616911332104324528e-02 -6.447243092446152346e+00 8.492396800475555674e-01 1.308702076688726852e-02 5.276963287583358309e-01 9.287309630823598638e+01
