1.0 0.0 0.0 0.0 0.0 1.0 0.0 0.0 0.0 0.0 1.0 0.0
0.99993354 0.011488961 0.00094716746 0.3079834 -0.011486145 0.9999297 -0.0029249287 -0.009643555 -0.0009807196 0.0029138506 0.9999953 0.010253906
0.9998362 0.018070422 0.0010347068 0.5921631 -0.018065374 0.99982584 -0.004696032 -0.024536133 -0.0011194069 0.0046765804 0.99998844 0.0008544922
0.9997777 0.021085227 -4.6264016e-05 0.8968506 -0.021084933 0.99974626 -0.00792824 -0.040649414 -0.00012089651 0.007927454 0.9999686 0.015136719
0.9998219 0.018828535 -0.0013690914 1.2026367 -0.018840356 0.99978024 -0.009205223 -0.045288086 0.0011955544 0.009229376 0.9999567 0.011230469
0.9999217 0.012178153 -0.0028943764 1.5194092 -0.012212202 0.9998528 -0.01204839 -0.047851562 0.0027471795 0.012082793 0.99992317 0.008911133
0.9999909 0.0002797858 -0.0042650076 1.8421631 -0.00033734567 0.99990886 -0.013494942 -0.049072266 0.0042608436 0.013496257 0.9998998 0.016235352
0.999853 -0.01632626 -0.0052302284 2.1722412 0.016261209 0.9997927 -0.012251831 -0.029296875 0.005429159 0.012164985 0.9999113 0.021850586
0.9992921 -0.03723185 -0.0053869537 2.5211182 0.03718294 0.99926865 -0.008915923 -0.0014648438 0.005714901 0.008709358 0.99994576 0.025024414
0.99853855 -0.053690474 -0.0061586755 2.8724365 0.05365723 0.99854445 -0.0054434277 0.032226562 0.006441959 0.0051050438 0.9999662 0.025878906
0.997213 -0.07432626 -0.0064277956 3.2415771 0.07430574 0.9972295 -0.0033743293 0.076538086 0.006660788 0.0028873512 0.99997365 0.03149414
0.9952673 -0.09697597 -0.00617926 3.6203613 0.09694099 0.9952734 -0.0057300767 0.1237793 0.006705666 0.0051038703 0.9999645 0.035888672
0.99327415 -0.11566738 -0.0052413363 4.008667 0.11563059 0.99326867 -0.0068513067 0.17504883 0.0059983325 0.006199044 0.9999628 0.042114258
0.9909955 -0.1338049 -0.0048295753 4.404175 0.13377215 0.99099 -0.0065653003 0.23413086 0.0056643905 0.005859902 0.9999668 0.0435791
0.98861617 -0.15041292 -0.0042756135 4.8237305 0.15039015 0.98861504 -0.0052275304 0.3092041 0.005013179 0.00452506 0.9999772 0.051757812
0.98656094 -0.1633722 -0.0043315776 5.2457275 0.16335486 0.9865648 -0.0040993905 0.39404297 0.004942974 0.003337021 0.99998224 0.056030273
0.98465186 -0.17445447 -0.005263476 5.685547 0.174425 0.9846551 -0.005618564 0.47436523 0.006162925 0.0046142405 0.9999704 0.061279297
0.9827498 -0.18482834 -0.0063544 6.137207 0.18477549 0.982747 -0.008091232 0.5605469 0.007740381 0.00677747 0.9999471 0.07385254
0.98141724 -0.1916487 -0.008500486 6.5994873 0.1915895 0.98143834 -0.0073123844 0.65844727 0.009744495 0.0055479263 0.9999372 0.07885742
0.97980237 -0.19968823 -0.010348441 7.0753174 0.19962053 0.9798443 -0.00721756 0.76257324 0.011581351 0.005005901 0.9999204 0.078125
0.97834563 -0.20652017 -0.013202278 7.5633545 0.20643355 0.9784232 -0.007634351 0.8751221 0.014494172 0.0047432315 0.9998837 0.08618164
0.9764497 -0.21534511 -0.014007561 8.07019 0.21518525 0.97651076 -0.0120759625 0.982666 0.01627864 0.008777533 0.9998288 0.095336914
0.97491384 -0.22216827 -0.013722547 8.588501 0.22192305 0.9749113 -0.017380286 1.0905762 0.017239505 0.013899127 0.9997547 0.10986328
0.972896 -0.23066849 -0.016134704 9.114746 0.23036915 0.9729253 -0.018475061 1.2189941 0.019958075 0.014256777 0.9996992 0.12927246
0.9707279 -0.23923416 -0.021535031 9.646973 0.23894635 0.9709201 -0.015109463 1.3668213 0.024522785 0.009521659 0.9996539 0.1307373
0.96858096 -0.24732286 -0.025724757 10.196045 0.24706836 0.96890414 -0.012690108 1.5202637 0.028064283 0.005934853 0.99958843 0.14086914
0.9661734 -0.25646394 -0.026721738 10.759155 0.25614187 0.96651334 -0.014906557 1.6719971 0.029650941 0.0075569255 0.9995317 0.16040039
0.9636776 -0.26556396 -0.028241182 11.329712 0.26516768 0.9640502 -0.017022688 1.8256836 0.031746466 0.008914854 0.99945605 0.18481445
0.96165603 -0.27248326 -0.031353813 11.917969 0.2720582 0.9621339 -0.01718482 2.0013428 0.034848988 0.0079943845 0.99936026 0.20446777
0.95968235 -0.27880082 -0.035442833 12.507568 0.27838838 0.9603202 -0.016177712 2.1835938 0.03854827 0.0056544463 0.99924034 0.22155762
0.957046 -0.2871036 -0.040185455 13.109619 0.2866318 0.9578768 -0.017172907 2.3723145 0.043422773 0.0049140207 0.9990444 0.25012207
0.95488167 -0.29316813 -0.04744533 13.727295 0.29261523 0.9560521 -0.018363513 2.5688477 0.05074422 0.0036535515 0.99870527 0.2869873
0.9530576 -0.29744235 -0.05626423 14.344971 0.29685563 0.9547158 -0.018706582 2.7614746 0.05928296 0.0011242661 0.998241 0.31225586
0.95166606 -0.30007285 -0.06536071 14.984253 0.29941496 0.9539074 -0.019872703 2.9787598 0.068311475 -0.00065875845 0.9976639 0.35290527
0.9495558 -0.30467167 -0.07459964 15.631714 0.30409753 0.95247066 -0.019207392 3.1947021 0.0769059 -0.0044397814 0.99702895 0.39318848
0.94813937 -0.30689058 -0.0829486 16.287231 0.30643326 0.95172876 -0.018503984 3.4155273 0.084621936 -0.007871287 0.9963816 0.4501953
0.9455189 -0.3128584 -0.09001466 16.956055 0.31268027 0.9497106 -0.016436163 3.6501465 0.090631336 -0.012607847 0.9958045 0.50549316
0.9434084 -0.31726995 -0.09649583 17.633667 0.31733048 0.94819146 -0.015127956 3.8953857 0.09629659 -0.016355928 0.9952166 0.57055664
0.9414356 -0.3210199 -0.10316261 18.325562 0.32142863 0.94683915 -0.013091141 4.1416016 0.10188153 -0.02082844 0.99458086 0.63793945
0.93944067 -0.325477 -0.10724106 19.022705 0.32624236 0.9452177 -0.0108335335 4.3986816 0.104889885 -0.024815992 0.9941724 0.7133789
0.9375363 -0.33019477 -0.10952565 19.733398 0.3311057 0.94354004 -0.010301977 4.6636963 0.106741026 -0.02661448 0.99392754 0.7889404
0.9355393 -0.3360463 -0.108730376 20.450317 0.33708608 0.9414182 -0.009225309 4.9367676 0.105462134 -0.028020207 0.9940297 0.8753662
0.93332225 -0.34251928 -0.10773666 21.183105 0.34352076 0.9391012 -0.009699782 5.2075195 0.10449877 -0.027946398 0.99413484 0.9571533
0.9312245 -0.34889206 -0.10535558 21.931152 0.34995192 0.9367291 -0.008858219 5.491455 0.10178005 -0.02862253 0.99439424 1.0408936
0.92899334 -0.3554841 -0.10271299 22.664429 0.35644484 0.9342379 -0.009464351 5.784424 0.099326104 -0.027820367 0.99466807 1.1259766
0.9248188 -0.36755493 -0.09805768 23.434814 0.36867797 0.9295329 -0.0070741717 6.091919 0.09374779 -0.029615082 0.9951539 1.2043457
0.9227804 -0.37400976 -0.09287272 24.185425 0.3753086 0.9269106 -0.0037270596 6.4051514 0.08747719 -0.031415176 0.9956703 1.2844238
0.9191933 -0.38321674 -0.090304285 24.954712 0.3847106 0.92299485 -0.00092750136 6.7354736 0.08370854 -0.03389085 0.9959154 1.3563232
0.916132 -0.3907126 -0.08950467 25.719238 0.39223865 0.9198434 -0.00057843584 7.0699463 0.0825588 -0.034578245 0.99598706 1.4312744
0.91251147 -0.39939225 -0.08848915 26.4917 0.40109804 0.9160455 0.0016318073 7.416748 0.08040486 -0.036979 0.99607575 1.5075684
0.90917814 -0.4070526 -0.087899975 27.27063 0.40872863 0.9126693 0.0011676166 7.77124 0.07974655 -0.036991756 0.99612737 1.5748291
0.9049471 -0.41662198 -0.086947635 28.054932 0.41834572 0.90831995 0.0017731884 8.151001 0.07823505 -0.03796792 0.99621207 1.6419678
0.9015716 -0.42429692 -0.084574744 28.854614 0.42599228 0.90473014 0.0022240127 8.528198 0.075573355 -0.03802987 0.9964151 1.7214355
0.89841527 -0.43175408 -0.08027407 29.654541 0.4332774 0.90126145 0.0017437795 8.918945 0.07159664 -0.036345083 0.9967717 1.7884521
0.89467406 -0.44042856 -0.07501134 30.469116 0.44189078 0.8970874 0.0032740082 9.3272705 0.06585181 -0.03606711 0.9971782 1.8519287
0.89184093 -0.4467035 -0.07085365 31.288696 0.44803306 0.8939811 0.0032410289 9.748413 0.061892964 -0.034647156 0.9974803 1.914917
0.88845736 -0.4538447 -0.068147145 32.108032 0.4551013 0.8904197 0.0033032484 10.17041 0.059175912 -0.03394952 0.99766976 1.9754639
0.88461643 -0.46144137 -0.06688174 32.943604 0.46262756 0.8865177 0.0025680517 10.605469 0.05810729 -0.033205964 0.9977592 2.0355225
0.88265 -0.46551582 -0.06472867 33.784058 0.4666392 0.8844239 0.0025651427 11.061523 0.05605655 -0.03246675 0.99790037 2.0845947
0.87944853 -0.47162127 -0.063662946 34.63745 0.47264627 0.8812002 0.0011761428 11.516357 0.055542376 -0.031131217 0.9979706 2.144043
0.8771316 -0.47619742 -0.06235383 35.497803 0.47716436 0.87882113 0.00069507933 11.986816 0.05446347 -0.0303646 0.99805343 2.2023926
0.8757177 -0.4787073 -0.062985785 36.361816 0.47972804 0.8774224 0.0012321523 12.467163 0.0546729 -0.03129759 0.9980132 2.2576904
0.8738153 -0.482212 -0.063217275 37.23413 0.4832013 0.8755534 0.00042061578 12.964111 0.05514895 -0.030906051 0.99800014 2.3116455
0.8746177 -0.4808671 -0.06201852 38.12256 0.48183048 0.8762845 0.0006644081 13.467285 0.054027006 -0.030461019 0.9980748 2.3682861
0.87363124 -0.48273805 -0.060407273 39.02954 0.48370683 0.8751812 0.0016289686 13.970093 0.0520833 -0.030650426 0.9981723 2.421875
0.8730802 -0.4840623 -0.058848634 39.944336 0.4848897 0.87460333 -0.00025654517 14.484497 0.051590778 -0.028309012 0.9982666 2.480835
0.8738452 -0.48267227 -0.058885213 40.862305 0.4834035 0.8754216 -0.0020674523 14.99707 0.052546892 -0.026658667 0.9982622 2.5385742
0.87237895 -0.4853757 -0.058636717 41.79602 0.4860523 0.873967 -0.003079978 15.525635 0.052737907 -0.025814807 0.9982738 2.6020508
0.8711671 -0.4878498 -0.055711158 42.729004 0.48837435 0.87264043 -0.0047005666 16.049194 0.05090876 -0.023109037 0.998436 2.6574707
0.86941373 -0.49142045 -0.051622905 43.665894 0.4919133 0.8706599 -0.003559765 16.583618 0.046694126 -0.022300407 0.9986599 2.7176514
0.8662422 -0.4973545 -0.047365278 44.588013 0.4977553 0.8672975 -0.0037527268 17.124634 0.042948343 -0.02032043 0.998871 2.7788086
0.86345655 -0.5023947 -0.04421311 45.51233 0.5026803 0.86440635 -0.0052172737 17.661743 0.040838502 -0.017727736 0.99900806 2.8293457
0.8574862 -0.5125831 -0.04497894 46.43872 0.5127845 0.85850936 -0.007822323 18.211792 0.042623222 -0.016355712 0.99895716 2.8862305
0.852216 -0.5210388 -0.047701165 47.346558 0.5211611 0.8534071 -0.010825886 18.778809 0.046346817 -0.01563524 0.9988027 2.9471436
0.8458265 -0.5315599 -0.047348946 48.260742 0.5317064 0.84699464 -0.01048934 19.360107 0.045675702 -0.01629931 0.99882287 2.9941406
0.84059525 -0.53983176 -0.043460447 49.173096 0.54006267 0.8415388 -0.007257482 19.949097 0.040490832 -0.017375357 0.99902874 3.0480957
0.83620006 -0.5471182 -0.04006512 50.071045 0.54740536 0.83696014 -0.004384414 20.54248 0.035930306 -0.018257303 0.9991876 3.1054688
0.8314877 -0.5540064 -0.042605765 50.966797 0.55440295 0.8323099 -0.002955067 21.151245 0.037093 -0.021163207 0.9990873 3.150879
0.82756627 -0.5592797 -0.047213476 51.85376 0.5596702 0.8286286 -0.005737954 21.755371 0.04233254 -0.02168094 0.9988683 3.199829
0.8252052 -0.5622325 -0.054021355 52.73242 0.5627025 0.82661843 -0.007529606 22.364136 0.04888513 -0.024190728 0.9985109 3.260254
0.82182187 -0.56703913 -0.055231757 53.610596 0.5675407 0.8232947 -0.0076580876 22.985107 0.04981533 -0.025053719 0.99844426 3.3154297
0.81910825 -0.5713157 -0.051659614 54.494873 0.5717789 0.8203853 -0.0067770085 23.597046 0.046253625 -0.023990193 0.99864155 3.3769531
0.81587386 -0.5764831 -0.045938924 55.37744 0.57690734 0.81685287 -0.0047494126 24.235718 0.040263128 -0.022625517 0.99893284 3.432129
0.8134787 -0.57997847 -0.043739244 56.26123 0.5804439 0.8143186 -0.0024819658 24.876465 0.03705546 -0.023369966 0.99903977 3.4818115
0.8101449 -0.5845376 -0.045400154 57.13916 0.5850934 0.81101507 -0.0012832531 25.510132 0.037569728 -0.025527617 0.99896765 3.529419
0.80617535 -0.5899096 -0.046137065 58.007812 0.5904369 0.8071042 -0.0026612082 26.158203 0.038808532 -0.025089663 0.99893206 3.576294
0.8020973 -0.5950856 -0.048204027 58.869385 0.5955824 0.80316114 -0.004869302 26.806763 0.04161666 -0.02481097 0.9988258 3.6308594
0.7998048 -0.59845865 -0.047765143 59.74829 0.59891784 0.80086696 -0.0056171827 27.45996 0.0416135 -0.024110822 0.9988428 3.6828613
0.7942592 -0.6057998 -0.046684638 60.61792 0.606201 0.7952971 -0.006640806 28.137695 0.041150212 -0.023032255 0.9988871 3.7313232
0.7910198 -0.6101819 -0.045771033 61.4812 0.6105956 0.79200184 -0.0059359493 28.80481 0.039872587 -0.023246411 0.9989343 3.7856445
0.78495526 -0.617948 -0.046276066 62.33789 0.61832076 0.78598976 -0.0074839233 29.489746 0.04099651 -0.022736523 0.99890035 3.8377686
0.7794887 -0.6245399 -0.046312336 63.197266 0.6249024 0.78053224 -0.007972643 30.180664 0.041130092 -0.022731634 0.9988953 3.8914795
0.774271 -0.63108754 -0.046020668 64.04492 0.6313708 0.77534366 -0.009943774 30.879395 0.041957248 -0.021367334 0.9988905 3.9432373
0.7686226 -0.63795435 -0.046747796 64.90405 0.6381954 0.7697566 -0.01151274 31.595825 0.043332893 -0.020982563 0.9988407 4.000366
0.7636014 -0.6441262 -0.046804637 65.74878 0.6443025 0.7647716 -0.013227105 32.310547 0.04431234 -0.020047083 0.99881655 4.055176
0.75652945 -0.652336 -0.046371613 66.596436 0.6524839 0.75769347 -0.013961023 33.04419 0.044241015 -0.019693129 0.99882674 4.109009
0.7513162 -0.65838563 -0.044397384 67.43408 0.6584678 0.75240904 -0.014818504 33.78418 0.043161534 -0.018105386 0.9989039 4.1679688
0.74519247 -0.6656749 -0.04197829 68.26953 0.6656984 0.7461932 -0.015447971 34.53357 0.041605186 -0.01643009 0.998999 4.224121
0.7386798 -0.67261726 -0.042415272 69.103516 0.6725846 0.7397268 -0.017169354 35.300903 0.04293032 -0.015849294 0.9989527 4.2773438
0.73190314 -0.68012583 -0.04287595 69.92822 0.68004227 0.7329954 -0.018754128 36.07263 0.04418229 -0.015423788 0.9989047 4.338501
0.7272164 -0.6850597 -0.04353133 70.754395 0.68497884 0.72834396 -0.019096851 36.859253 0.04478468 -0.01592796 0.99886966 4.393799
0.72130924 -0.69121933 -0.042300567 71.57959 0.6911256 0.72238386 -0.019160299 37.65869 0.043806624 -0.01541664 0.9989214 4.44812
0.71691746 -0.6958795 -0.043179877 72.39868 0.69586223 0.7180103 -0.017900212 38.46216 0.043457847 -0.017210932 0.9989071 4.511963
0.71136266 -0.7014876 -0.04364476 73.21582 0.7014503 0.71249044 -0.01873818 39.282593 0.04423811 -0.017281199 0.9988716 4.5688477
0.7067969 -0.70588154 -0.045559347 74.03174 0.70581955 0.7080379 -0.020193137 40.105835 0.04651077 -0.017887123 0.99875754 4.630615
0.7021581 -0.7105473 -0.047970418 74.850586 0.71044534 0.7035505 -0.022119055 40.929565 0.049458396 -0.018542385 0.99860376 4.6885986
0.69669694 -0.71578026 -0.047951482 75.66089 0.71569306 0.6980875 -0.022020098 41.773193 0.049236394 -0.018978424 0.9986067 4.7540283
0.6914376 -0.7209201 -0.046430644 76.4646 0.7208024 0.69275934 -0.022270393 42.624878 0.04822264 -0.018071486 0.9986732 4.8164062
0.68746066 -0.7249072 -0.04481335 77.27905 0.72471136 0.6887262 -0.023474764 43.481445 0.04787542 -0.016335828 0.9987195 4.8793945
0.68147457 -0.7304881 -0.0443134 78.08203 0.7302412 0.68273544 -0.024590774 44.349365 0.048214953 -0.015600124 0.9987151 4.9468994
0.6793625 -0.7325519 -0.044002563 78.88867 0.73233235 0.68059963 -0.023990238 45.219116 0.047516454 -0.015921054 0.9987434 5.010376
0.6729384 -0.73857826 -0.042303517 79.69141 0.7382427 0.6741287 -0.026112493 46.10486 0.047798123 -0.013658027 0.99876344 5.0742188
0.66905034 -0.74210244 -0.040696785 80.48535 0.7417158 0.6701758 -0.026879288 47.00464 0.047220144 -0.012201718 0.99881 5.1324463
0.66647315 -0.7445817 -0.039143853 81.28931 0.744019 0.66756177 -0.030287996 47.89734 0.04867858 -0.008932639 0.9987746 5.2000732
0.6615783 -0.74872184 -0.039903317 82.09424 0.7479885 0.6627396 -0.03394112 48.79883 0.05186086 -0.0074016573 0.99862665 5.261841
0.6570411 -0.7529458 -0.036129236 82.88428 0.7519573 0.6580305 -0.03860587 49.70874 0.05284918 -0.0017947583 0.9986016 5.331299
0.65168154 -0.75788355 -0.031538967 83.68823 0.756641 0.6524284 -0.043605544 50.61548 0.05362805 0.0045491103 0.9985504 5.3999023
0.6438103 -0.76473063 -0.027399035 84.47119 0.76332176 0.64432186 -0.0473753 51.548096 0.053878322 0.009584384 0.9985013 5.4769287
0.63567495 -0.7716501 -0.024115397 85.258545 0.7702774 0.636027 -0.047450155 52.481445 0.05194026 0.011589794 0.99858284 5.546509
0.6259769 -0.77958345 -0.020610746 86.02588 0.7782626 0.62616867 -0.047356244 53.444336 0.0498225 0.013598372 0.9986652 5.611328
0.6164871 -0.78714657 -0.019556468 86.788574 0.7858512 0.6166448 -0.04717574 54.413574 0.049190998 0.013711369 0.998695 5.688965
0.6084763 -0.7932745 -0.021284983 87.53833 0.7919112 0.6087216 -0.04811938 55.39209 0.051129837 0.01242452 0.9986148 5.75354
0.59739757 -0.8015779 -0.020985883 88.27637 0.800097 0.5976158 -0.05050615 56.38672 0.053038795 0.01338194 0.998503 5.82666
0.58834016 -0.80838275 -0.021883516 89.01196 0.8068168 0.588606 -0.0519084 57.38867 0.054844525 0.012880674 0.9984116 5.890625
0.57916903 -0.814993 -0.01721218 89.73779 0.8134545 0.5791887 -0.05271264 58.39868 0.052933536 0.016529953 0.99846137 5.966919
0.5687008 -0.82244104 -0.014907709 90.454834 0.8209187 0.5686115 -0.0531475 59.433594 0.05219076 0.017986763 0.99847513 6.0377197
0.55621636 -0.8309466 -0.013860018 91.154785 0.82940865 0.5560841 -0.053779133 60.47339 0.052395552 0.018415418 0.9984565 6.1135254
0.5488049 -0.8358135 -0.0151916295 91.84009 0.83423114 0.5487496 -0.054161463 61.530273 0.05361076 0.017059598 0.9984167 6.188843
0.5373956 -0.84311736 -0.015613401 92.51904 0.8414797 0.5373703 -0.055042643 62.595947 0.054805387 0.016451828 0.9983623 6.2633057
0.527928 -0.8490271 -0.016957542 93.18408 0.84734356 0.5279892 -0.055499755 63.668457 0.056070708 0.014936149 0.9983154 6.3408203
0.5162851 -0.8561495 -0.017392628 93.83179 0.85447985 0.51639855 -0.055146746 64.76538 0.056204773 0.01360827 0.99832666 6.4198
0.5086857 -0.8607958 -0.016110836 94.48389 0.8592355 0.50876516 -0.05349925 65.84912 0.05424747 0.013369764 0.9984379 6.4978027
0.50062096 -0.8655956 -0.012894072 95.113525 0.86416763 0.50056744 -0.05186594 66.96216 0.051346686 0.014829932 0.9985711 6.576294
0.49379817 -0.86948216 -0.01264665 95.74463 0.8680215 0.493733 -0.05254883 68.07349 0.0519418 0.014969618 0.99853796 6.6480713
0.48546118 -0.8740877 -0.011429947 96.36694 0.87250787 0.48530477 -0.055153698 69.19092 0.053765308 0.016804848 0.99841243 6.727539
0.4785077 -0.8780302 -0.010524623 96.98462 0.8762864 0.4782577 -0.058391273 70.31714 0.056298856 0.018713333 0.99823827 6.80542
0.47249916 -0.88113123 -0.010110072 97.58911 0.8792175 0.47217742 -0.061445735 71.44409 0.058928575 0.020151455 0.9980594 6.8858643
0.4696941 -0.88286304 -0.009305 98.18945 0.8807387 0.4692514 -0.06517981 72.57593 0.06190369 0.022414003 0.99783003 6.9718018
0.463009 -0.8862817 -0.006867596 98.79468 0.8841753 0.46241805 -0.065754935 73.71338 0.061456226 0.024376214 0.9978123 7.064453
0.45815566 -0.8888181 -0.0031217895 99.37573 0.88696903 0.45742333 -0.06294956 74.85254 0.057393312 0.026071288 0.99801123 7.151001
0.45450187 -0.8907102 0.0021116005 99.96509 0.8890396 0.45350108 -0.062343355 75.98096 0.0545773 0.030220535 0.9980526 7.2390137
0.45204 -0.8918134 0.004078068 100.53711 0.89026904 0.4509778 -0.061078586 77.11499 0.052629463 0.031257935 0.99812573 7.321045
0.44881988 -0.8935539 0.006644125 101.10303 0.89214 0.44766262 -0.06005273 78.249756 0.050696176 0.03288594 0.9981728 7.399048
0.44603616 -0.8948835 0.0076862955 101.66992 0.89353424 0.44485402 -0.05937391 79.37305 0.049719002 0.033348843 0.9982062 7.4765625
0.44355884 -0.8960663 0.011163343 102.22168 0.8948524 0.4422219 -0.059025176 80.49463 0.04796517 0.036187205 0.9981941 7.5548096
0.44461775 -0.8957199 0.013246917 102.7771 0.8945433 0.4431478 -0.059891265 81.61572 0.047769062 0.03847949 0.99811715 7.6296387
0.4405369 -0.897573 0.0156655 103.3208 0.89654 0.439006 -0.05870528 82.721436 0.045801535 0.039906062 0.9981532 7.7020264
0.43753383 -0.8990167 0.018810114 103.858154 0.8981483 0.43590158 -0.05780189 83.83252 0.043760907 0.042191546 0.9981511 7.7752686
0.4375655 -0.89912015 0.021530123 104.386475 0.8983729 0.43581986 -0.057701293 84.9353 0.042494196 0.04457541 0.9981011 7.843872
0.43500632 -0.9003225 0.022884427 104.90869 0.8996066 0.43317825 -0.058296915 86.010254 0.042564746 0.04593907 0.9980368 7.912842
0.43243346 -0.901292 0.02361999 105.42456 0.9005696 0.43053713 -0.059133157 87.08496 0.043129608 0.046848718 0.99797076 7.979248
0.43396175 -0.9007469 0.023456622 105.931885 0.8999879 0.4320375 -0.05985747 88.14819 0.04377084 0.047078844 0.9979314 8.052002
0.4324064 -0.9014478 0.022084516 106.42139 0.9005836 0.43050355 -0.060715582 89.1897 0.04523399 0.04614656 0.99791014 8.122192
0.437519 -0.89906645 0.019302217 106.91748 0.8981019 0.435753 -0.060384307 90.24341 0.045885444 0.04374367 0.9979879 8.185425
0.4390194 -0.89840406 0.016934315 107.41016 0.89737016 0.43738833 -0.059767526 91.26514 0.04627735 0.041418806 0.9980688 8.252075
0.44587657 -0.8950635 0.01433762 107.90918 0.8938967 0.44432443 -0.06062599 92.29248 0.04787778 0.039847728 0.99805826 8.325317
0.45196614 -0.8919614 0.01299855 108.4082 0.8907651 0.45048103 -0.060355335 93.3125 0.04796553 0.03885351 0.998093 8.393311
0.45730472 -0.8892685 0.0123946 108.91675 0.888165 0.4559278 -0.058062278 94.31348 0.04598904 0.037553117 0.9982354 8.456421
0.46510094 -0.88532466 0.011205795 109.42432 0.88423395 0.46380487 -0.057085566 95.31592 0.045340948 0.03645582 0.99830604 8.515747
0.47633 -0.87930745 0.010520679 109.95532 0.8782326 0.47507116 -0.056541204 96.30615 0.044714738 0.03616714 0.9983448 8.583618
0.48397908 -0.87504077 0.009194645 110.48682 0.8739424 0.48278043 -0.056260005 97.28125 0.044785265 0.035268717 0.9983742 8.645142
0.49426532 -0.8691855 0.008106455 111.028564 0.8680439 0.49308738 -0.05666862 98.25342 0.04527304 0.035043992 0.99835956 8.708496
0.50339544 -0.8640808 0.0040242486 111.57544 0.8627306 0.5023374 -0.058406223 99.20776 0.048442524 0.032863498 0.9982846 8.768921
0.5160573 -0.8563698 -9.6525066e-05 112.12573 0.8549192 0.51518947 -0.058122817 100.156494 0.049834866 0.029917976 0.9983096 8.830566
0.5293103 -0.8484723 -0.0029012952 112.70068 0.84706646 0.52862406 -0.055837285 101.10913 0.048909612 0.027097058 0.99843556 8.897461
0.5394299 -0.84194374 -0.0032645967 113.28198 0.8406583 0.5388127 -0.05328885 102.03076 0.04662873 0.026005186 0.99857396 8.95874
0.5531045 -0.833123 -0.0033589583 113.881836 0.83193755 0.5525244 -0.051258232 102.95044 0.044550534 0.025554914 0.99868006 9.019043
0.5642933 -0.8255758 -0.003759061 114.48511 0.82442886 0.5637384 -0.050326128 103.83984 0.043665726 0.025301103 0.9987258 9.08313
0.5748818 -0.8182899 -0.004649712 115.10132 0.8171177 0.5743456 -0.050538883 104.72241 0.044026732 0.025250264 0.99871093 9.137207
0.58797956 -0.80901164 -0.005765356 115.72681 0.8077952 0.5874599 -0.05109957 105.59668 0.044710986 0.025387242 0.9986772 9.196533
0.59697676 -0.80208766 -0.005252618 116.34668 0.8008187 0.59637725 -0.05269075 106.44409 0.045413442 0.027246287 0.99859643 9.2595215
0.607808 -0.79407156 -0.006589931 116.9812 0.79283464 0.6072876 -0.051369995 107.28711 0.04479069 0.025999593 0.99865806 9.326416
0.6193798 -0.7850897 -0.0066233273 117.625 0.7839245 0.6188819 -0.049890276 108.121826 0.043260727 0.025706828 0.9987329 9.381226
0.6289498 -0.7773634 -0.004582868 118.26831 0.77634895 0.6284107 -0.047699526 108.913574 0.039960444 0.026438795 0.9988512 9.438843
0.63856727 -0.7694979 -0.0043407 118.926025 0.7685747 0.6380587 -0.045694612 109.71411 0.037937015 0.02584395 0.9989459 9.493286
0.64798796 -0.7616673 -0.006831652 119.565186 0.7607229 0.64758605 -0.04476942 110.48901 0.038527846 0.023811266 0.9989736 9.543701
0.657468 -0.7534576 -0.009638118 120.220215 0.7524876 0.6571834 -0.043902934 111.25342 0.03941403 0.021608884 0.998989 9.587158
0.66809815 -0.74396414 -0.008789608 120.88745 0.7430459 0.6677839 -0.04315329 111.99951 0.03797733 0.022293188 0.9990297 9.634155
0.676025 -0.73691857 -0.007902761 121.54883 0.7360853 0.67570573 -0.041478712 112.7334 0.035907574 0.022217773 0.9991078 9.68689
0.68462944 -0.72870785 -0.006946483 122.2124 0.7279471 0.6842973 -0.04014181 113.45776 0.034009688 0.022426533 0.99917 9.732666
0.69272643 -0.72114146 -0.0061555635 122.89404 0.7204316 0.69237995 -0.039266832 114.163574 0.032571934 0.022765573 0.9992102 9.7803955
0.7004967 -0.7136017 -0.0074852468 123.552 0.7129081 0.70021373 -0.037965473 114.84473 0.032337837 0.021261329 0.999251 9.822998
0.70875126 -0.70550615 -0.0072219633 124.24121 0.70485735 0.70847654 -0.03682909 115.53174 0.031096563 0.02101362 0.9992956 9.863892
0.71489733 -0.69918704 -0.0061942725 124.907715 0.6986513 0.71464896 -0.033798914 116.198 0.028055776 0.01983684 0.99940974 9.90271
0.7215142 -0.6923862 -0.005543088 125.58008 0.69192475 0.7212861 -0.031598188 116.85547 0.025875978 0.018964816 0.9994854 9.945679
0.72893625 -0.68471736 -0.0056253783 126.26758 0.6843121 0.72874606 -0.029378952 117.49707 0.024215113 0.01756594 0.9995524 9.980225
0.735885 -0.6770401 -0.006706447 126.927246 0.6766594 0.73574543 -0.027679352 118.117676 0.023670856 0.015830366 0.9995945 10.021606
0.7431085 -0.66901594 -0.0073073683 127.59009 0.6686969 0.7430232 -0.024634242 118.731445 0.021912428 0.013418068 0.99966985 10.04895
0.7526612 -0.6583675 -0.0061660167 128.26465 0.65811116 0.7525777 -0.022377562 119.32666 0.019376947 0.012784482 0.9997304 10.082153
0.7622047 -0.6472754 -0.0047753286 128.93604 0.64710927 0.76214343 -0.018199585 119.898926 0.0154209435 0.010780813 0.9998229 10.110962
0.773672 -0.6334618 -0.004958586 129.61401 0.63332766 0.7736331 -0.015954796 120.46362 0.013941222 0.009201788 0.9998604 10.139893
0.7824377 -0.6226862 -0.006307272 130.27368 0.62254435 0.78241843 -0.015702162 121.01074 0.014711623 0.00835935 0.9998568 10.163696
0.79179966 -0.6106711 -0.008280624 130.95068 0.6105126 0.79180807 -0.015774803 121.538574 0.016189298 0.007435498 0.9998413 10.191528
0.80222434 -0.59706223 -0.0076429867 131.64648 0.5969196 0.8022254 -0.015060577 122.058105 0.015121125 0.0075200563 0.99985737 10.214722
0.8114871 -0.58433187 -0.006759624 132.32446 0.584215 0.8114833 -0.01371479 122.55762 0.013501243 0.0071792137 0.9998831 10.233887
0.82082725 -0.57104784 -0.00531257 133.03125 0.570972 0.8208216 -0.011131367 123.051025 0.010718867 0.0061040744 0.99992394 10.25415
0.83063734 -0.55681527 -0.0031493774 133.73096 0.5567671 0.83061975 -0.009628838 123.53076 0.00797749 0.0062447423 0.9999487 10.271851
0.83961904 -0.54321074 -0.00043802196 134.44385 0.5431915 0.8395955 -0.0077826474 123.9939 0.004595439 0.00629639 0.99996966 10.28833
0.84740233 -0.53092444 0.001994381 135.16919 0.5309251 0.8473783 -0.0066284006 124.45557 0.0018291953 0.0066757314 0.9999761 10.298462
0.8542015 -0.51985836 0.0032304646 135.89258 0.5198679 0.854175 -0.0067619956 124.89282 0.00075619295 0.0074558794 0.999972 10.311768
0.86084276 -0.5088563 0.003552337 136.62866 0.5088686 0.86081624 -0.006759855 125.32666 0.00038173748 0.0076269084 0.9999709 10.32312
0.8677084 -0.4970638 0.0030608831 137.3772 0.49707317 0.86769533 -0.0047514546 125.76318 -0.0002943864 0.0056439443 0.9999841 10.32959
0.87378883 -0.48630074 0.0027386383 138.1123 0.4863074 0.8737849 -0.0027983403 126.180176 -0.0010320442 0.003776925 0.9999924 10.334351
0.8797848 -0.47531146 0.002960564 138.87036 0.47531727 0.8797848 -0.0017121723 126.60474 -0.0017906516 0.002913883 0.9999942 10.342285
0.88586885 -0.46387616 0.003339075 139.62134 0.46388474 0.8858672 -0.0024568243 126.9917 -0.0018182574 0.0037256887 0.9999914 10.350342
0.8903719 -0.45513934 0.0034402267 140.39648 0.45515007 0.8903661 -0.00355112 127.39258 -0.0014460245 0.0047277254 0.99998784 10.357788
0.89444864 -0.4471214 0.003189668 141.17603 0.44713154 0.89444053 -0.0039612255 127.78345 -0.0010812851 0.004969412 0.999987 10.365234
0.8973403 -0.44133404 0.004282864 141.9563 0.44134742 0.8973393 -0.002899458 128.17188 -0.0025635343 0.0044921846 0.9999866 10.365601
0.9005611 -0.43470445 0.007069792 142.75806 0.43472043 0.90058076 -0.000824776 128.55713 -0.0060088313 0.0038158817 0.9999746 10.369263
0.90387994 -0.427704 0.00959361 143.57104 0.42770132 0.90392894 0.0024310127 128.9419 -0.009711805 0.0019046925 0.999951 10.374756
0.90719086 -0.42060667 0.011689308 144.38696 0.42057192 0.9072663 0.0054103625 129.34717 -0.012880712 7.4272975e-06 0.999917 10.363037
0.9108063 -0.4125541 0.013106726 145.23193 0.4124744 0.91089785 0.008417774 129.72485 -0.015412481 -0.0022588912 0.9998786 10.354614
0.9132813 -0.40708387 0.014709949 146.07617 0.40696102 0.91339207 0.010688029 130.11304 -0.017786242 -0.0037735137 0.99983454 10.347168
0.9168574 -0.39879906 0.016876373 146.9563 0.39864117 0.9170029 0.012012543 130.50098 -0.020266838 -0.0042837486 0.9997853 10.336548
0.9201552 -0.3910822 0.019356817 147.83691 0.39090845 0.9203514 0.01222362 130.8728 -0.022596007 -0.0036811568 0.99973786 10.320679
0.92282313 -0.38469842 0.02107655 148.73486 0.38452196 0.9230588 0.012029265 131.24951 -0.024082227 -0.002998775 0.99970543 10.304443
0.9265985 -0.37537616 0.021583924 149.64624 0.3752192 0.9268474 0.011067315 131.62231 -0.024159547 -0.0021536686 0.9997057 10.28125
0.9304262 -0.36577392 0.021895517 150.5813 0.36567324 0.930684 0.008581532 131.98096 -0.023516698 2.498529e-05 0.9997232 10.267456
0.9340751 -0.35645694 0.021447785 151.49927 0.3563866 0.93432057 0.00714612 132.3523 -0.02258697 0.00096641993 0.9997445 10.246582
0.9388791 -0.34360278 0.020195004 152.4729 0.343533 0.9390961 0.0069356863 132.70532 -0.021348558 0.00042633573 0.99977195 10.234009
0.94326663 -0.3314622 0.018003581 153.43579 0.33135515 0.94343567 0.008722857 133.06128 -0.019877847 -0.0022623327 0.9997999 10.21582
0.94900775 -0.31480655 0.018303778 154.43433 0.31462452 0.9491665 0.0121684875 133.39844 -0.021202292 -0.005790293 0.99975836 10.194824
0.9549222 -0.29616588 0.020057155 155.43677 0.29588506 0.955089 0.015828706 133.72119 -0.023843715 -0.009178517 0.99967337 10.174683
0.9608442 -0.27627018 0.02150458 156.5166 0.2758724 0.96099657 0.019729488 134.0249 -0.02611616 -0.013024812 0.9995742 10.153564
0.96633005 -0.25631914 0.02230073 157.51465 0.25585458 0.966467 0.02169913 134.32227 -0.02711506 -0.015260977 0.99951565 10.139648
0.9718316 -0.23449512 0.023705859 158.59424 0.23397544 0.97197926 0.02276611 134.59863 -0.02837986 -0.016578494 0.99945974 10.108765
0.97685367 -0.21222381 0.026621386 159.69434 0.21162593 0.9770613 0.023592694 134.84302 -0.031017948 -0.017411811 0.99936724 10.090088
0.98128355 -0.19022237 0.030168269 160.76929 0.1894961 0.98155975 0.025367633 135.05615 -0.034436338 -0.01917726 0.999223 10.05542
0.9851241 -0.16831324 0.034585215 161.91064 0.16741508 0.98550284 0.027424913 135.27344 -0.03869942 -0.02122532 0.9990254 10.03125
0.9887784 -0.14446065 0.038025156 163.03711 0.14338292 0.98922044 0.029700724 135.44409 -0.041906096 -0.023914557 0.99883527 9.986938
0.99166346 -0.12297295 0.03852567 164.17651 0.12181874 0.9920699 0.031004779 135.60474 -0.04203191 -0.02605281 0.9987764 9.95105
0.9942549 -0.100384034 0.037121702 165.34106 0.09923472 0.99456066 0.03161817 135.73975 -0.04009339 -0.027752543 0.9988107 9.911011
0.9961438 -0.08022019 0.03556425 166.52515 0.07913508 0.99638563 0.030931812 135.83545 -0.037916277 -0.027998175 0.9988883 9.865967
0.9975101 -0.058737706 0.039010208 167.70483 0.057581007 0.9978852 0.030139081 135.90552 -0.040698323 -0.027817203 0.99878407 9.834351
0.99840033 -0.038958073 0.04097432 168.91016 0.0377416 0.998836 0.030050239 135.97583 -0.042096995 -0.028455785 0.9987079 9.789673
0.9989349 -0.017653843 0.04262212 170.1333 0.016322458 0.9993742 0.031382773 136.00684 -0.043149564 -0.030653423 0.9985981 9.749878
0.9990716 0.0008825976 0.043074958 171.34863 -0.0022239937 0.9995136 0.031104432 136.0249 -0.04302655 -0.031171354 0.99858767 9.702881
0.9987419 0.02307985 0.044515427 172.60107 -0.024584118 0.99913484 0.03354157 136.00513 -0.043702707 -0.034593675 0.99844533 9.656982
0.99809265 0.043217238 0.044070974 173.84766 -0.044789217 0.9983714 0.03532998 135.96216 -0.042472403 -0.03723697 0.9984035 9.608887
0.9970512 0.06325139 0.04343673 175.09692 -0.06484762 0.9972314 0.036380086 135.90503 -0.041015297 -0.03909013 0.99839365 9.560425
0.9957319 0.08205634 0.04228699 176.36865 -0.08359926 0.99584585 0.036108524 135.8269 -0.03914802 -0.039487876 0.9984529 9.517822
0.99416524 0.09979617 0.040921826 177.6731 -0.10138675 0.99408793 0.038830288 135.70337 -0.036804095 -0.04275274 0.99840754 9.473389
0.99221283 0.11824429 0.039084908 178.9607 -0.11978896 0.99199647 0.039870217 135.55786 -0.034057315 -0.0442425 0.9984403 9.428833
0.989356 0.1408387 0.036550302 180.2727 -0.14224963 0.9890441 0.039411318 135.3916 -0.030599596 -0.04419007 0.99855506 9.399536
0.98662627 0.15969197 0.032436274 181.6372 -0.16095708 0.98609805 0.04108193 135.18921 -0.025422238 -0.04575427 0.9986291 9.359131
0.98335004 0.17971703 0.027036501 182.95776 -0.18077213 0.98256004 0.04362548 134.97144 -0.01872475 -0.047785502 0.99868196 9.335083
0.9804879 0.1951713 0.023333395 184.25269 -0.19606622 0.9795229 0.045667924 134.72339 -0.013941173 -0.049352795 0.9986839 9.318726
0.9766968 0.21365671 0.019909766 185.60059 -0.2143909 0.97553366 0.048503384 134.43799 -0.009057329 -0.051642112 0.99862444 9.307861
0.97257084 0.23185374 0.018563136 186.94409 -0.23251215 0.97125745 0.050911352 134.14307 -0.0062257806 -0.053830635 0.9985308 9.297607
0.9683626 0.24887763 0.01920315 188.29028 -0.24954157 0.96709543 0.049899932 133.8252 -0.0061546275 -0.05311127 0.99856937 9.302368
0.9636351 0.26656994 0.018955259 189.63477 -0.2671917 0.96241415 0.048779145 133.45483 -0.00524157 -0.052069854 0.9986298 9.301025
0.9586407 0.28413555 0.016123712 190.9878 -0.28458983 0.9573494 0.0497485 133.07642 -0.0012974452 -0.05228058 0.9986312 9.302856
0.9537946 0.30021977 0.0128580555 192.32666 -0.30047777 0.95240617 0.05154706 132.6709 0.0032262197 -0.05302887 0.99858797 9.315918
0.9479852 0.31795084 0.013006684 193.66724 -0.3181864 0.94654083 0.052493203 132.23828 0.004384155 -0.05390245 0.9985365 9.327759
0.9427405 0.33331153 0.014182673 195.04321 -0.33357543 0.9411429 0.05508151 131.78052 0.005008639 -0.056656264 0.9983807 9.349121
0.93690866 0.34945685 0.012134998 196.37036 -0.3495436 0.93508774 0.05911094 131.28638 0.00930704 -0.059621282 0.99817705 9.359863
0.92890966 0.37003696 0.010905743 197.74658 -0.36999664 0.92703325 0.060268153 130.76782 0.012194522 -0.06002031 0.9981232 9.387939
0.9216859 0.3878132 0.008305535 199.12524 -0.3875677 0.91979194 0.06120971 130.20801 0.016101725 -0.05963444 0.99809015 9.418091
0.9139851 0.4056981 0.0036505018 200.47119 -0.40513188 0.9121532 0.061790265 129.625 0.021740025 -0.05795607 0.99808246 9.456055
0.90644425 0.42233023 0.0007604016 201.79883 -0.42148596 0.90451616 0.064840406 129.04321 0.026696574 -0.059092734 0.99789506 9.499512
0.8958833 0.44434312 -0.0007411493 203.12622 -0.44326696 0.89382714 0.06810206 128.42188 0.030912155 -0.060684577 0.99767905 9.541748
0.88384914 0.4677575 -0.00035591424 204.45654 -0.46657258 0.8816654 0.0704318 127.73657 0.033265773 -0.062079385 0.9975155 9.603516
0.8700472 0.49294686 0.0011067172 205.80444 -0.491636 0.8675657 0.07488751 127.01904 0.035942785 -0.06570287 0.99719346 9.663818
0.85479206 0.51879466 0.0013334036 207.09277 -0.5172644 0.85206836 0.078996755 126.28735 0.039848484 -0.06822057 0.996876 9.722412
0.8407744 0.5415183 0.0020065855 208.35083 -0.5398169 0.8378284 0.08239278 125.51929 0.042922087 -0.07035183 0.9965982 9.7960205
0.82480854 0.56544137 0.001974564 209.65503 -0.5635776 0.82179683 0.084044114 124.67407 0.045908086 -0.07042647 0.9964583 9.876221
0.8085226 0.5886053 0.0012285165 210.9292 -0.5865492 0.8055196 0.085207686 123.77832 0.04916503 -0.0696094 0.99636066 9.956055
0.7898814 0.61309564 -0.0011151022 212.18726 -0.6106898 0.78693974 0.08709168 122.854004 0.054288566 -0.06811747 0.99619985 10.053833
0.7751322 0.6317126 -0.0036641844 213.32642 -0.6289464 0.7722556 0.0891853 121.974365 0.05916942 -0.06682797 0.99600923 10.145996
0.7588972 0.6512258 -0.005549984 214.48486 -0.6481861 0.7561244 0.090437666 121.026855 0.06309815 -0.065038145 0.9958856 10.244263
0.74454075 0.6674558 -0.0071714977 215.6897 -0.6641413 0.74183244 0.09212602 119.99121 0.06683329 -0.06383025 0.9957198 10.360718
0.7244517 0.6892819 -0.00760815 216.8645 -0.6859267 0.7219323 0.09121361 118.903076 0.068348505 -0.06086604 0.99580437 10.477051
0.70975477 0.7044827 -0.007610715 217.91821 -0.70100087 0.7072429 0.09225076 117.88379 0.07036471 -0.06014251 0.99570674 10.591553
0.6966954 0.7172002 -0.00951941 219.01953 -0.7135038 0.6943395 0.09305519 116.83203 0.0733504 -0.058044184 0.9956167 10.707886
0.67922854 0.733867 -0.011982445 220.07544 -0.7298751 0.67707527 0.09439748 115.71875 0.07736665 -0.055376716 0.99546456 10.838623
0.666071 0.74562824 -0.013897453 221.12427 -0.7412995 0.66400754 0.09682714 114.55835 0.08144016 -0.054199632 0.99520457 10.977661
0.6494446 0.7601758 -0.01492309 222.16382 -0.7555923 0.647467 0.098676965 113.416016 0.08467611 -0.05280339 0.99500793 11.10437
0.6350433 0.772317 -0.014374631 223.14429 -0.7676976 0.6330861 0.09899291 112.26123 0.08557335 -0.05183469 0.99498314 11.251953
0.61680186 0.78705114 -0.01206001 224.13696 -0.7824231 0.61470443 0.09994511 111.04785 0.08608912 -0.052218016 0.9949188 11.401855
0.60126466 0.7990446 -0.0075287404 225.08057 -0.79453796 0.5988245 0.1008407 109.856445 0.0850705 -0.054647382 0.9948751 11.547119
0.5819042 0.8131229 -0.0022857022 226.00928 -0.80880064 0.57909656 0.10139683 108.63257 0.08376527 -0.057161946 0.99484587 11.685059
0.5649771 0.8251111 0.0021404156 226.90381 -0.82087487 0.5618088 0.10268482 107.39404 0.08353935 -0.059774388 0.9947102 11.836914
0.545943 0.83785945 0.0039903936 227.76538 -0.8334068 0.5425386 0.10565563 106.15454 0.08635119 -0.06100694 0.9943951 11.990967
0.52818877 0.8491706 0.006698515 228.5708 -0.84453785 0.52445 0.10874418 104.90039 0.088821135 -0.06308481 0.9940468 12.138672
0.50897515 0.8606956 0.010030426 229.35669 -0.856137 0.50500375 0.10933442 103.65454 0.08904838 -0.064246744 0.9939542 12.295288
0.4872256 0.87309986 0.013493908 230.10107 -0.8687777 0.48314354 0.108058035 102.38965 0.08782076 -0.06438682 0.994055 12.449341
0.46607083 0.8844897 0.01761608 230.80884 -0.88060117 0.46193162 0.10495984 101.12622 0.08470473 -0.064437464 0.99432087 12.594482
0.4444244 0.8955494 0.021258062 231.47949 -0.8919089 0.44015706 0.103598475 99.83862 0.08343723 -0.06500789 0.9943909 12.743774
0.4225612 0.90604174 0.023038825 232.1211 -0.90251327 0.41830894 0.102412134 98.55176 0.08316649 -0.06408681 0.9944746 12.885498
0.4026243 0.91488147 0.02469165 232.70898 -0.911393 0.39833522 0.10207688 97.28076 0.0835558 -0.06361464 0.9944715 13.023804
0.37912214 0.9250659 0.024862926 233.27539 -0.9215979 0.37499654 0.10066827 95.98462 0.083780244 -0.0610717 0.99461055 13.161255
0.35733917 0.9335876 0.02409749 233.81152 -0.9299735 0.35335776 0.100739814 94.684326 0.085518 -0.05840835 0.994623 13.30542
0.33800083 0.940881 0.023296304 234.28052 -0.93724775 0.3342342 0.09951293 93.428955 0.08580329 -0.055470683 0.9947668 13.4366455
0.31505167 0.9486683 0.022957908 234.74292 -0.9450945 0.3115058 0.097586095 92.10669 0.08539922 -0.05245478 0.9949657 13.583252
0.29460922 0.95526713 0.023546584 235.16187 -0.9517565 0.29115385 0.09631716 90.83618 0.08513489 -0.050794777 0.99507415 13.716064
0.2749165 0.96109873 0.024771731 235.55322 -0.9571086 0.27115723 0.101584435 89.569824 0.09092414 -0.051630974 0.9945179 13.852295
0.25377655 0.96689445 0.02636701 235.92505 -0.9621348 0.24953695 0.10957974 88.302734 0.099400714 -0.053180262 0.99362594 13.995728
0.23646306 0.97122633 0.029033035 236.25879 -0.96566004 0.23158318 0.11792762 87.0564 0.107806124 -0.055912502 0.9925976 14.146484
0.21680182 0.9756965 0.033541474 236.56836 -0.9698633 0.21132062 0.12171616 85.80176 0.11168186 -0.058900464 0.99199563 14.305542
0.19448775 0.98010486 0.0372904 236.8562 -0.9743418 0.1887072 0.12196063 84.53833 0.112474486 -0.060059242 0.9918374 14.459595
0.17757946 0.98315704 0.043186303 237.11353 -0.97768813 0.17124465 0.1216688 83.3125 0.112233356 -0.06386112 0.99163103 14.616211
0.15730517 0.9863884 0.047697045 237.34009 -0.9811057 0.15059684 0.12135799 82.06299 0.11251901 -0.06584776 0.99146134 14.779663
0.13682532 0.9893965 0.049126912 237.52661 -0.98419666 0.13013431 0.12022774 80.83252 0.11259142 -0.0647766 0.99152595 14.935303
0.11923043 0.99153984 0.05106421 237.70288 -0.9865356 0.11251771 0.11860621 79.614746 0.11187328 -0.06455613 0.99162716 15.084961
