1.000000000000000000e+00 -3.306050084167601550e-19 -2.270457535318767223e-19 -8.673617379884035472e-19 7.546676715296109287e-19 1.000000000000000000e+00 6.237773588823049983e-19 1.387778780781445676e-17 -3.447385680526250622e-20 4.770700176052009879e-20 1.000000000000000222e+00 5.551115123125782702e-17
9.999144525574750197e-01 -2.769194717478006256e-03 1.278861555591195680e-02 6.800616536148605326e-03 2.752324452274694695e-03 9.999953254831572824e-01 1.337064929383554278e-03 -1.649782395902729681e-03 -1.279225822084584241e-02 -1.301766237048685142e-03 9.999173684895191760e-01 3.023042152810753724e-01
9.998109692696696138e-01 -5.003019489618357185e-03 1.879441135030325907e-02 1.902285535095461083e-02 4.977508937437621732e-03 9.999866206400372937e-01 1.404192870055603155e-03 -1.390177686874559393e-02 -1.880118723666571526e-02 -1.310398677525762001e-03 9.998224900844949747e-01 5.830729933378426821e-01
9.997778842500337770e-01 -7.195701518640009939e-03 1.980659829516447090e-02 3.534091075906736074e-02 7.185190535503779494e-03 9.999739662487024949e-01 6.019386595142940839e-04 -1.869818886301065353e-02 -1.981041593401190737e-02 -4.594553494332745771e-04 9.998036180605291978e-01 8.858661403595230466e-01
9.997805716867479431e-01 -8.281344691691614954e-03 1.924806829030405175e-02 3.856924761829255005e-02 8.304019337806924084e-03 9.999649438783341227e-01 -1.098701086016643349e-03 -1.617294089753261443e-02 -1.923829859692701566e-02 1.258211208636573260e-03 9.998142445286073432e-01 1.195480258896963299e+00
9.998610859098484571e-01 -1.073934775377750027e-02 1.274804109946294298e-02 3.986928388033818271e-02 1.077096671479586994e-02 9.999390773415478550e-01 -2.414844990262270813e-03 -2.271986350800485333e-02 -1.272134486136262781e-02 2.551797473268648843e-03 9.999158206162493956e-01 1.512631231929571607e+00
9.999307938535912932e-01 -1.175899469600409468e-02 4.386620769051869533e-04 2.913731736122834523e-02 1.176051450514851993e-02 9.999242524185841807e-01 -3.638870155051840936e-03 -3.615235405841818461e-02 -3.958527299665815695e-04 3.643779496040904300e-03 9.999932599068713790e-01 1.834972549382032136e+00
9.998302726755233794e-01 -1.036503378473876621e-02 -1.522979278229961986e-02 8.463483426013175201e-03 1.030467399204032866e-02 9.999387533307199094e-01 -4.036277621729102670e-03 -4.235518512290777082e-02 1.527070757137225648e-02 3.878603463328594673e-03 9.998758495201851559e-01 2.167606510124302499e+00
9.993878915651738248e-01 -5.191451608460289670e-03 -3.459180053018924561e-02 -3.027366042475144667e-02 5.056833762739082992e-03 9.999792887545311260e-01 -3.977910966615519697e-03 -4.798468378805537116e-02 3.461172941629127309e-02 3.800571480501134525e-03 9.993934603014806850e-01 2.510338388616737859e+00
9.985186611038686655e-01 -1.423286500411267280e-03 -5.439190593238714400e-02 -7.292566259439467458e-02 1.171997839307386538e-03 9.999885099515417597e-01 -4.650465281016114352e-03 -5.133800411477157377e-02 5.439790582793638946e-02 4.579825954659264876e-03 9.985088416131996381e-01 2.864851548637115108e+00
9.973146147940236128e-01 -2.374956891867567924e-04 -7.324053448403873567e-02 -1.251467530886156976e-01 -1.205769818018684753e-04 9.999880530679184920e-01 -4.885719743641745577e-03 -5.855444935078597812e-02 7.324083094363341429e-02 4.881443143344255803e-03 9.973026349487271736e-01 3.230038171257175961e+00
9.953540968253293819e-01 -1.029999451808636703e-03 -9.627623276218560955e-02 -1.745197571003674897e-01 5.995339851747484962e-04 9.999896849064908722e-01 -4.500929085092771238e-03 -6.226418714527096054e-02 9.627988481985513824e-02 4.422321833281690068e-03 9.953444826381446786e-01 3.609249942955922830e+00
9.934088079544300953e-01 -2.410557670738514881e-03 -1.146227290371981677e-01 -2.338914580317011105e-01 2.037390535978309512e-03 9.999922515587184035e-01 -3.373320297804911338e-03 -6.971104706806521834e-02 1.146299844634726811e-01 3.117563137448832108e-03 9.934060484122669843e-01 3.996515459125463909e+00
9.912636642218030092e-01 -1.495475573999922262e-03 -1.318810057592575136e-01 -3.079809946679090693e-01 1.156818926667298230e-03 9.999958560405409758e-01 -2.644770422218593268e-03 -7.358705630951660470e-02 1.318844202944829125e-01 2.469088161648659227e-03 9.912612984479833855e-01 4.394493162549335530e+00
9.889701023804390312e-01 -6.605392000214783564e-04 -1.481211402637699348e-01 -3.899878650071326169e-01 3.871547063609586704e-04 9.999981607951069495e-01 -1.874997858640003491e-03 -8.238107445379302951e-02 1.481221108348086402e-01 1.796997292135160511e-03 9.889685411190404229e-01 4.810190209640983205e+00
9.866676247171184411e-01 7.956815663105882544e-05 -1.627352433291092693e-01 -4.699808897811074138e-01 -4.324310808959692248e-04 9.999976107759290800e-01 -2.133279472623343751e-03 -8.780764675829710875e-02 1.627347024590126423e-01 2.175261743398909653e-03 9.866653218532966951e-01 5.235379485445337266e+00
9.847571037896946100e-01 -1.448537356175681355e-03 -1.739490482425661289e-01 -5.630606444803496480e-01 1.021839907019702915e-03 9.999962735447124329e-01 -2.542002028918338881e-03 -9.334992804742266170e-02 1.739520938132410044e-01 2.325345300708451992e-03 9.847549129564258097e-01 5.671016575277331384e+00
9.829902531923017106e-01 -4.476070512901573172e-03 -1.836180910479082162e-01 -6.509373839010147433e-01 3.639773574669191367e-03 9.999814099563021363e-01 -4.891753270574254395e-03 -1.075877228647495465e-01 1.836365861522004927e-01 4.140548475508079064e-03 9.829882434294603399e-01 6.118858475344453041e+00
9.815336622770636232e-01 -3.533521047175633163e-03 -1.912886928429238242e-01 -7.456282422600591930e-01 2.363952389538368903e-03 9.999771021515674319e-01 -6.342315632858932205e-03 -1.126873705848498303e-01 1.913067360125026151e-01 5.773133324534068626e-03 9.815195738587227936e-01 6.585008716982999388e+00
9.800617056233240643e-01 -3.315658600368486669e-03 -1.986396788499399935e-01 -8.665038799310357254e-01 1.748539775087535079e-03 9.999659914017670070e-01 -8.063974947153815243e-03 -1.146768646351901816e-01 1.986596683098978411e-01 7.555865845672791493e-03 9.800341511385139981e-01 7.061144839555574926e+00
9.785045303139736639e-01 -3.682911831620015990e-03 -2.061854045676434488e-01 -9.778420687508905251e-01 1.514905458624915373e-03 9.999419385690564432e-01 -1.066987650099453754e-02 -1.293201991767986558e-01 2.062127280741018753e-01 1.012824345333297217e-02 9.784532932705957142e-01 7.548720665930673590e+00
9.767265579963158029e-01 -7.364544722421347347e-03 -2.143645235510074354e-01 -1.094003146596830511e+00 4.826582665419057797e-03 9.999119619119957170e-01 -1.235763080474633867e-02 -1.365100124623488953e-01 2.144367120175423025e-01 1.103530670660545811e-02 9.766759632574298911e-01 8.052629860127002104e+00
9.749732153006600566e-01 -1.347678002149183853e-02 -2.219115373800303048e-01 -1.205695014243813423e+00 1.068260330209611954e-02 9.998479062502769743e-01 -1.378940152201309048e-02 -1.505644185127590629e-01 2.220635847986869582e-01 1.107382105513588649e-02 9.749687601553008731e-01 8.570009135179015303e+00
9.734634415437060095e-01 -1.357455483329862191e-02 -2.284156515169370461e-01 -1.337832540963354688e+00 1.025815693913950145e-02 9.998241764454248726e-01 -1.570102260146918199e-02 -1.765594031459643554e-01 2.285885466837529467e-01 1.294160853933806060e-02 9.734313728136343435e-01 9.100276120359549026e+00
9.711239038552499370e-01 -9.638822669184358982e-03 -2.383812328865471120e-01 -1.489929197656569837e+00 5.088804407997187841e-03 9.997931318721894334e-01 -1.969392539878268150e-02 -1.791961295764290252e-01 2.385218256401078762e-01 1.791159538633513640e-02 9.709718926859518540e-01 9.631087930162154365e+00
9.693647050126783515e-01 -7.679196368655513347e-03 -2.454958547231686494e-01 -1.647674922868661795e+00 2.043617712723429930e-03 9.997287248209251187e-01 -2.319894676683935050e-02 -1.918476044595429642e-01 2.456073533377605700e-01 2.198665010191359556e-02 9.691174151599880604e-01 1.017818022399702116e+01
9.666758896751033170e-01 -1.016583339891097108e-02 -2.559148911353802958e-01 -1.801677835029426911e+00 3.938144004473134729e-03 9.996835187543233747e-01 -2.484741364150130916e-02 -2.096037242116662314e-01 2.560866307121263952e-01 2.301112298301676365e-02 9.664099497286852136e-01 1.073903492615768407e+01
9.646112869845322457e-01 -1.196588025358048639e-02 -2.633996054484027405e-01 -1.958663690784919309e+00 5.120283211441484759e-03 9.996314541384562213e-01 -2.665223394703512827e-02 -2.390399243654393047e-01 2.636214540095666581e-01 2.436107281619854376e-02 9.643169197885718136e-01 1.130917732156100186e+01
9.625376819627465830e-01 -1.172070508236553767e-02 -2.709560929208768565e-01 -2.133321104896865883e+00 3.845687019516631777e-03 9.995549826437796215e-01 -2.958436503264559245e-02 -2.624695190774554709e-01 2.711821991730630210e-01 2.743513049074025253e-02 9.621543022323110206e-01 1.189395819876840577e+01
9.600638495025787256e-01 -1.102844734578781530e-02 -2.796352860893586700e-01 -2.317224698950312245e+00 1.939547424348311063e-03 9.994611421319016253e-01 -3.276525705317163972e-02 -2.831555392983168828e-01 2.798460902755405821e-01 3.091397644905171521e-02 9.595677827566942986e-01 1.248608074227853137e+01
9.581705848883949050e-01 -1.153130429459968409e-02 -2.860123921467085939e-01 -2.506128904641570898e+00 7.750026818778042248e-04 9.992889079286980669e-01 -3.770144531531371274e-02 -3.117458278871737543e-01 2.862437235880452846e-01 3.590249806499645757e-02 9.574981497381440665e-01 1.308415531018133038e+01
9.562583678400708997e-01 -1.312361297242850729e-02 -2.922053208589928119e-01 -2.706490556473713838e+00 5.948117725148592966e-06 9.989940096661749092e-01 -4.484390142589895351e-02 -3.484098468140741645e-01 2.924998583292107712e-01 4.288092837464669432e-02 9.552963094749555850e-01 1.369727728330259886e+01
9.549697636658532884e-01 -1.389169675511877332e-02 -2.964054196063875546e-01 -2.908682650128364244e+00 -2.132541035030022236e-03 9.985561235561940530e-01 -5.367738458942111768e-02 -3.815877519343283675e-01 2.967231915747058912e-01 5.189216999831741672e-02 9.535612600138233530e-01 1.432658570807789999e+01
9.539258357775871611e-01 -1.406258452267418642e-02 -2.997852241219496894e-01 -3.120540162742088786e+00 -4.867798712116696777e-03 9.980442274673121394e-01 -6.233134496345069109e-02 -4.254131681640099805e-01 3.000756926012421166e-01 6.091798369115019457e-02 9.519915952328841247e-01 1.496159581248996773e+01
9.524974842290789834e-01 -1.333201950857554503e-02 -3.042931814237801458e-01 -3.340300574120369514e+00 -8.646305918648386490e-03 9.974548423548409426e-01 -7.077948003477799177e-02 -4.689601068957964247e-01 3.044622813571082887e-01 7.004870880623570439e-02 9.499578253745458722e-01 1.560951270036338023e+01
9.513111055937972793e-01 -1.298650876934397645e-02 -3.079767175930244738e-01 -3.568982307221557182e+00 -1.162783495171075369e-02 9.968887193896847077e-01 -7.796582363442564056e-02 -5.254159577424664107e-01 3.080312939586172805e-01 7.775011864160631669e-02 9.482002690488060548e-01 1.627330115845086311e+01
9.499170778566095041e-01 -1.152250675513653150e-02 -3.123121444810797454e-01 -3.806511028730446888e+00 -1.549836570825558965e-02 9.963530867768303212e-01 -8.389434488489017072e-02 -5.867563197016533172e-01 3.121398077395378112e-01 8.453321504704433553e-02 9.462743433469070764e-01 1.693716217695860493e+01
9.482219275490775257e-01 -9.992425237901218782e-03 -3.175117492384262885e-01 -4.049895891326509734e+00 -1.953933196437544068e-02 9.957764224420854182e-01 -8.971171722186635500e-02 -6.550535363160194802e-01 3.170674626681406760e-01 9.126936967318273475e-02 9.440218078228630461e-01 1.761270001624681569e+01
9.469677353108820750e-01 -8.361692491555054035e-03 -3.211312972013604106e-01 -4.301681943070295944e+00 -2.365833961454003737e-02 9.951336314025077678e-01 -9.562799965251936318e-02 -7.236507953183158870e-01 3.203679193417670046e-01 9.815525891379137113e-02 9.421618507357985006e-01 1.830214813461902423e+01
9.453223939967043687e-01 -5.006266074318915273e-03 -3.261393199543407007e-01 -4.562940643306109934e+00 -2.876468305673183026e-02 9.947056047225562025e-01 -9.866691331567169210e-02 -7.991474658811510423e-01 3.249064189812032044e-01 1.026540236685071356e-01 9.401736986302879906e-01 1.901170242385803988e+01
9.435565777282491906e-01 -4.374194357866087110e-03 -3.311672611831789625e-01 -4.826835247343161939e+00 -3.052476287986416112e-02 9.945087164357925280e-01 -1.000960103017743269e-01 -8.740103210111541676e-01 3.297865801270551955e-01 1.045551589482253962e-01 9.382417164865933801e-01 1.971436838609568198e+01
9.411002115161871684e-01 -3.688469803401274970e-03 -3.380201203101590446e-01 -5.103439509172086552e+00 -3.194959812270192767e-02 9.944964511844184285e-01 -9.978532123935238141e-02 -9.598152284498304709e-01 3.365271791941244484e-01 1.047118465545825439e-01 9.358030379410267052e-01 2.044142958655543296e+01
9.390438263636369243e-01 -4.283404914346963799e-03 -3.437522284162130570e-01 -5.380957459552558220e+00 -3.131908000215783555e-02 9.946988792842591520e-01 -9.795220836317043711e-02 -1.043210466936198566e+00 3.423492754921700354e-01 1.027489856834294946e-01 9.339315258813400966e-01 2.116315902330164889e+01
9.368525270325926968e-01 -3.545080869405885758e-03 -3.496812236009507746e-01 -5.671279689929262346e+00 -3.178419952337573073e-02 9.949472122229456872e-01 -9.523135275164050506e-02 -1.125442830158565277e+00 3.482522965081873978e-01 1.003311331293999659e-01 9.320062104324197128e-01 2.189861353346922712e+01
9.344012446424412310e-01 -2.583100953442473910e-03 -3.562239352528269176e-01 -5.960730595891829964e+00 -3.229957523570696487e-02 9.952400842037623097e-01 -9.195442173901416383e-02 -1.210947883235909295e+00 3.547657008316983385e-01 9.742955100492264875e-02 9.298701657903324369e-01 2.263931583920642154e+01
9.298117736124091870e-01 -7.636942239761723358e-04 -3.681166063384528897e-01 -6.280328855963928092e+00 -3.348447030613589670e-02 9.956748166901537855e-01 -8.666472875920598617e-02 -1.285836102821184879e+00 3.665908315201514833e-01 9.290638467754588903e-02 9.257647138470651571e-01 2.340686694165023596e+01
9.266974735972186572e-01 2.081758833160176660e-03 -3.757602645638538630e-01 -6.603527052014577237e+00 -3.512405331426795424e-02 9.960871561773201321e-01 -8.107795228905007034e-02 -1.362397448774968600e+00 3.741209592368764381e-01 8.833365453964363290e-02 9.231447544570289265e-01 2.415277383974361314e+01
9.230604768538438476e-01 5.521788613456783332e-03 -3.846803360785207015e-01 -6.935023029678617057e+00 -3.794793292346550911e-02 9.963264490562473430e-01 -7.675863763104143200e-02 -1.433566149392087929e+00 3.828437466300464442e-01 8.544652437539178302e-02 9.198790762681012811e-01 2.491228975763035436e+01
9.200182066496224165e-01 5.763068937710428934e-03 -3.918616611141040873e-01 -7.278159062745901409e+00 -3.822742163030492385e-02 9.964426532096695155e-01 -7.511205255040331874e-02 -1.506569457050205729e+00 3.900346480216665412e-01 8.408561075646564520e-02 9.169659732934795082e-01 2.568200968619841973e+01
9.160261235708797578e-01 7.901291869581444569e-03 -4.010479799068161766e-01 -7.623320581983479727e+00 -4.065269791113233777e-02 9.964867915210909866e-01 -7.322704194075485562e-02 -1.582196534908796526e+00 3.990609412998885053e-01 8.337937379178780861e-02 9.131288958020419289e-01 2.645365495232800512e+01
9.125878889415823814e-01 7.963408727969373962e-03 -4.088185354332270482e-01 -7.987390185388971275e+00 -4.133863356725331339e-02 9.964843752423057088e-01 -7.286584542640126005e-02 -1.651691901698497444e+00 4.068014809435653301e-01 8.339302913198567979e-02 9.097085156546741436e-01 2.722378432418078731e+01
9.088118154763700218e-01 9.178414468303364160e-03 -4.170948987173265232e-01 -8.364243542223253058e+00 -4.223268188711330751e-02 9.966462271825535790e-01 -7.008434405261389222e-02 -1.716597944023076749e+00 4.150524659311512488e-01 8.131081180159548116e-02 9.061517619713561622e-01 2.801166239634369504e+01
9.042678330941493758e-01 7.785810674687479276e-03 -4.268902676768531190e-01 -8.748927870349444191e+00 -4.079803559785490086e-02 9.968341312310375901e-01 -6.824031710678854501e-02 -1.786306916028063796e+00 4.250068677632426462e-01 7.912804457450361983e-02 9.017232481534510624e-01 2.880592166562671963e+01
9.014870663577499998e-01 8.766918025854112534e-03 -4.327636936924237898e-01 -9.134249086244562221e+00 -4.021832290449726954e-02 9.971657396938042872e-01 -6.360301088237249600e-02 -1.861537071387381115e+00 4.309800478585581462e-01 7.474084531127198061e-02 8.992845871369224975e-01 2.960183964440360072e+01
8.977257300466199297e-01 1.029664126728113693e-02 -4.404502111504475237e-01 -9.548713711773830326e+00 -3.981816653735148481e-02 9.975313518401002222e-01 -5.784043519447183701e-02 -1.917852941369462272e+00 4.387673708962339103e-01 6.946247760705910601e-02 8.959197140727528375e-01 3.041686824835608860e+01
8.937533059713447248e-01 1.013929978884789418e-02 -4.484821945688124978e-01 -9.965653751658162918e+00 -3.830398035631382703e-02 9.978178512800554012e-01 -5.378889561288369842e-02 -1.980194583677844955e+00 4.469584442062432550e-01 6.525170238740574113e-02 8.921913573398172481e-01 3.122852023973205959e+01
8.902162045160564308e-01 9.605123182851291533e-03 -4.554399395860317390e-01 -1.040094735831116957e+01 -3.692407263637498965e-02 9.980095349017038542e-01 -5.114035210196467285e-02 -2.041831507564812132e+00 4.540426822684066055e-01 6.234146491018184577e-02 8.887987681048231670e-01 3.205084573148076998e+01
8.871606298708625271e-01 1.034767116986173331e-02 -4.613205579246117405e-01 -1.084247744745466768e+01 -3.733137498443476338e-02 9.980810957236617709e-01 -4.939268681287207335e-02 -2.098793680328746802e+00 4.599240897349278767e-01 6.104087393154036811e-02 8.858446095876659765e-01 3.288358200669058817e+01
8.846222946328566872e-01 9.877523490543665616e-03 -4.662110939429401357e-01 -1.129431026429428719e+01 -3.628073643121451641e-02 9.982029447415426970e-01 -4.769037669988652334e-02 -2.146285407308763826e+00 4.649023380860775045e-01 5.910042454489697339e-02 8.833909194924831620e-01 3.371794086294934090e+01
8.810616436641650617e-01 8.494474443082582898e-03 -4.730243457005783858e-01 -1.175964581519799523e+01 -3.442899827162193560e-02 9.983383161875836187e-01 -4.620599802329850708e-02 -2.202256266354119862e+00 4.718458911776806652e-01 5.699296529943498335e-02 8.798901988968784726e-01 3.456590729131314532e+01
8.791346980411044454e-01 6.190910673085385160e-03 -4.764391728083846589e-01 -1.222916712759301205e+01 -3.215005266819231933e-02 9.984081168418690311e-01 -4.634389991827690680e-02 -2.258060377759400161e+00 4.753936608695244481e-01 5.606411640966103838e-02 8.779344347393717163e-01 3.542422064848381069e+01
8.770304163297587552e-01 5.811578331724034062e-03 -4.803907688663385245e-01 -1.271267290630875912e+01 -3.206242011105151640e-02 9.984056385967404745e-01 -4.645122945651051355e-02 -2.316116786835447972e+00 4.793548999406865296e-01 5.614107520008048552e-02 8.758185632413784116e-01 3.628861949328523906e+01
8.755496850990084345e-01 6.822794745612389619e-03 -4.831235530790876087e-01 -1.321198571995047821e+01 -3.353741270694764881e-02 9.983464124410176277e-01 -4.668835991852895995e-02 -2.368388756651623073e+00 4.820059900439467304e-01 5.708317433090995957e-02 8.743310219057748300e-01 3.715780964561044897e+01
8.758549530237956793e-01 7.190308847551901347e-03 -4.825775470823057689e-01 -1.371103629474253793e+01 -3.347178027799785349e-02 9.983860688822260299e-01 -4.586789170310508201e-02 -2.425366747767527809e+00 4.814687782473248689e-01 5.632451118293445302e-02 8.746822201861110813e-01 3.803903646734229937e+01
8.749029426481603755e-01 6.704672117872892932e-03 -4.842349312268074968e-01 -1.421689165536450083e+01 -3.223371414284974257e-02 9.984932634003939045e-01 -4.442637291234070168e-02 -2.479178898178679091e+00 4.832076900422707655e-01 5.447800215998849227e-02 8.738005875076594320e-01 3.894322858995852243e+01
8.747820159707369037e-01 3.306757080938649458e-03 -4.844272795031515644e-01 -1.473055784726747675e+01 -2.827788713252822606e-02 9.986207718018595969e-01 -4.424231457415520735e-02 -2.535348780534215418e+00 4.836128551002670806e-01 5.240169868206544929e-02 8.736688956342336665e-01 3.985750818528470774e+01
8.750187227776146104e-01 3.615403633967656256e-03 -4.839995086526642787e-01 -1.525239274375126541e+01 -2.879330716371254761e-02 9.985905683334175276e-01 -4.459471326039154276e-02 -2.588041825647673821e+00 4.831562964558506756e-01 5.295760062858913958e-02 8.738893403663242632e-01 4.077869419542845009e+01
8.733254992474209777e-01 2.009297154910309139e-03 -4.870879482593079013e-01 -1.578465022517795902e+01 -2.729851766788914808e-02 9.986220416402896705e-01 -4.482135054543812114e-02 -2.645936226596527163e+00 4.863267304727888485e-01 5.244112266264767952e-02 8.721766928349763415e-01 4.171169577391783889e+01
8.721188583428346464e-01 8.235834818903138045e-04 -4.892651869221568695e-01 -1.631241457698533637e+01 -2.535991425520102080e-02 9.987306492760406051e-01 -4.351611169933534973e-02 -2.703444531625930569e+00 4.886081187287165117e-01 5.036087320217745578e-02 8.710327569952301952e-01 4.264135711590402877e+01
8.704703268863840382e-01 1.275515224629279222e-03 -4.923360038029133690e-01 -1.685844862037284742e+01 -2.383693303224808380e-02 9.989328089036013658e-01 -3.956418282781464651e-02 -2.761305515139827804e+00 4.917602987624326571e-01 4.617091588720061840e-02 8.695715546473318236e-01 4.357755629950592891e+01
8.671250520822956220e-01 1.652312269443944335e-03 -4.980124732427370637e-01 -1.739594255683915591e+01 -2.181048851115952730e-02 9.991613301566188987e-01 -3.466202204903008621e-02 -2.816697997614910687e+00 4.975375246399739160e-01 4.092070174802713012e-02 8.664338140081867534e-01 4.450925537080287597e+01
8.637277255217534755e-01 2.345842692589403147e-04 -5.038916632526553308e-01 -1.794009404064049207e+01 -1.980865533145008753e-02 9.992429747896299785e-01 -3.349834425847923042e-02 -2.875393007056183947e+00 5.035023270392718908e-01 3.891814372885891299e-02 8.630785440924556573e-01 4.542534831169481890e+01
8.578114445549875899e-01 -2.237804989955590081e-03 -5.139093194929276187e-01 -1.849558924448868069e+01 -1.844809632826180379e-02 9.992121818893074936e-01 -3.514380679891016684e-02 -2.931464003187477907e+00 5.135829742483228877e-01 3.962883884429699299e-02 8.570943177962752069e-01 4.634786702468456099e+01
8.532177129730678100e-01 -5.270411730403045357e-03 -5.216614085875926898e-01 -1.906094473113857291e+01 -1.705594476591166045e-02 9.991321694069490444e-01 -3.798816591913862367e-02 -2.986773218714913192e+00 5.214090397258349663e-01 4.130566369613573874e-02 8.523875424704473458e-01 4.725486882624958440e+01
8.465323853368125206e-01 -4.563948558957555551e-03 -5.324246298105126396e-01 -1.964034686630903437e+01 -1.793219171242576085e-02 9.991512707888654532e-01 -3.707340013321815814e-02 -3.040842241875226559e+00 5.321421345879684406e-01 4.092727330227258209e-02 8.457323094314204148e-01 4.816056986958523112e+01
8.417811985102318095e-01 -2.220365206084474324e-03 -5.399008972059080591e-01 -2.024116691875703822e+01 -1.784566168259955551e-02 9.993304274533739706e-01 -3.193531003057749340e-02 -3.085146190571216529e+00 5.396104363540979998e-01 3.651570980812495620e-02 8.411780340133536704e-01 4.907021317059879095e+01
8.368085562949365563e-01 7.529131230786843083e-04 -5.474475511250160853e-01 -2.084652833525183979e+01 -1.887875720134568613e-02 9.994440154165330492e-01 -2.747850343640845239e-02 -3.138237313714324905e+00 5.471223667364883969e-01 3.333117945152582612e-02 8.363577707911246106e-01 4.996734252719227243e+01
8.324314559061423147e-01 2.093512993243383438e-03 -5.540373846114501344e-01 -2.145367472944841580e+01 -2.171587318079049034e-02 9.993479863920300410e-01 -2.884675859167940698e-02 -3.184315250032828892e+00 5.536157618797920010e-01 3.604591686390864330e-02 8.319341917159575051e-01 5.085654177065129744e+01
8.285861597971041492e-01 -6.260709436676828964e-04 -5.597639647582079991e-01 -2.206439095781527371e+01 -2.179639959554557568e-02 9.992051390944678424e-01 -3.337758717242144541e-02 -3.234694282877903504e+00 5.593398116219024940e-01 3.986126131658455918e-02 8.279140934691155973e-01 5.174397196796017795e+01
8.258212524958108425e-01 -1.753506227295767222e-03 -5.640091139576652868e-01 -2.267709823815092207e+01 -2.487858688816942110e-02 9.989081361271012760e-01 -3.953376218914359669e-02 -3.293013296847239424e+00 5.634624909009604554e-01 4.668182117040139967e-02 8.248761239961067693e-01 5.262358944375588266e+01
8.229265494058248809e-01 -1.955023895072118163e-03 -5.681850498418852258e-01 -2.329687001154199422e+01 -2.539160134906720198e-02 9.988683640228814831e-01 -4.022817895274830718e-02 -3.345221304476421409e+00 5.676209921372528111e-01 4.753039350666692781e-02 8.219456213537037481e-01 5.349549469966625992e+01
8.206115359996609682e-01 -1.275366434956277592e-03 -5.715625293973006782e-01 -2.392017033725550590e+01 -2.431179294545882455e-02 9.990142410317239818e-01 -3.713577493780811922e-02 -3.403861381867453240e+00 5.710464420575790401e-01 4.436954021788972607e-02 8.197717845187556529e-01 5.437633119094218870e+01
8.166720305748681463e-01 4.325753078210857168e-04 -5.772012567301623154e-01 -2.456045659957771576e+01 -2.272045986747929167e-02 9.992485531086081618e-01 -3.140984066016895560e-02 -3.453328268842363435e+00 5.767540548739158446e-01 3.876417302143873173e-02 8.160682993350177883e-01 5.526041809615009015e+01
8.137128581518296988e-01 2.240609794433746828e-03 -5.813172054128972199e-01 -2.519470506816358935e+01 -2.297097162950741470e-02 9.993354231547841859e-01 -2.830466557729206800e-02 -3.502700864735347253e+00 5.808675957585461846e-01 3.638262994880694934e-02 8.132235029989587360e-01 5.613624811936348635e+01
8.111525545035078721e-01 3.671967476167455231e-03 -5.848410734277604828e-01 -2.583641542716498662e+01 -2.490874729851227237e-02 9.992898821573933388e-01 -2.827162190376019194e-02 -3.547045798974998831e+00 5.843222253665624200e-01 3.749584921614487754e-02 8.106679430349911231e-01 5.700805855992985727e+01
8.066258645244788195e-01 1.955682969697427644e-03 -5.910798220620956389e-01 -2.648672173457476831e+01 -2.465105051677577569e-02 9.992357251044178268e-01 -3.033311139684759933e-02 -3.592860678179118139e+00 5.905688277636076400e-01 3.903808005806645720e-02 8.060576942379857890e-01 5.787701136507843813e+01
8.032768768722873265e-01 9.669728201964568380e-04 -5.956346647617938306e-01 -2.713745160305044735e+01 -2.451954372858116890e-02 9.992048127653931910e-01 -3.144825912292626563e-02 -3.647250097549822545e+00 5.951308591726057751e-01 3.986160517593567015e-02 8.026616786064907361e-01 5.874454032932138148e+01
7.997517451890406859e-01 -7.171635249931073005e-04 -6.001982560825682711e-01 -2.779916077251233730e+01 -2.336364636588973004e-02 9.992045843413596140e-01 -3.232111291371715656e-02 -3.692943831596504634e+00 5.997439012588595686e-01 3.987545321066662124e-02 7.990989735663713844e-01 5.961589628917418793e+01
7.947915787773243146e-01 -1.128111861199590808e-03 -6.067400394775682715e-01 -2.847989267506857303e+01 -2.265132747471476637e-02 9.992463235223367768e-01 -3.151969928253210013e-02 -3.742020612195221307e+00 6.063181703499789243e-01 3.879877412213983412e-02 7.941671968061742026e-01 6.047763110879426307e+01
7.905594767937821343e-01 -1.802067553479057369e-03 -6.124010129409787062e-01 -2.914837383274735672e+01 -2.170286757234041186e-02 9.992850140695215266e-01 -3.095884055594357032e-02 -3.789933617905748342e+00 6.120190289619288349e-01 3.776500584725646370e-02 7.899551016316612717e-01 6.134012386233642644e+01
7.854725902760770762e-01 -1.925876089669830132e-03 -6.190139375760583818e-01 -2.984306262133494059e+01 -2.231107168803749680e-02 9.992570179748399006e-01 -3.142235736059762613e-02 -3.844447868280566727e+00 6.186145772489163308e-01 3.849031031455756729e-02 7.848461187350147528e-01 6.220016443965204900e+01
7.798518326333240269e-01 -2.651795404013621363e-03 -6.259938476241366789e-01 -3.054043660124707671e+01 -2.186466043673744586e-02 9.992654300318779548e-01 -3.148394012078214316e-02 -3.894481394372159677e+00 6.256178806303018813e-01 3.823663544881114595e-02 7.792209026180013653e-01 6.305290592438387876e+01
7.751365651194309647e-01 -3.896264546346011812e-03 -6.318606238757707994e-01 -3.123769437087387502e+01 -2.096479791464376033e-02 9.992717240127895195e-01 -3.187366260329587558e-02 -3.942288667168006633e+00 6.315246434899621786e-01 3.795032803336162441e-02 7.744904077671938003e-01 6.390400014828063746e+01
7.685458854617169822e-01 -5.695366407180805016e-03 -6.397030276836060958e-01 -3.195436797769143666e+01 -2.014716994071136594e-02 9.992489064621622452e-01 -3.309921733171540537e-02 -3.994366344377601408e+00 6.394108923204461226e-01 3.833138093183685591e-02 7.678540904651895982e-01 6.475274664177617012e+01
7.635401960959822265e-01 -7.796920318371155546e-03 -6.456334154167173711e-01 -3.267259520813605889e+01 -1.901575896972251475e-02 9.992219777750767085e-01 -3.456143922565348137e-02 -4.045605422633782311e+00 6.454005368387315533e-01 3.867003338518314876e-02 7.627979071340378336e-01 6.559517451179523562e+01
7.569615546396538663e-01 -7.932166839115682364e-03 -6.534293961572832377e-01 -3.341062265552687194e+01 -1.863319656760751772e-02 9.992576511495695479e-01 -3.371827556806479553e-02 -4.098505277033033245e+00 6.532120074212008909e-01 3.769805465332879552e-02 7.562518144324869018e-01 6.644062785586153552e+01
7.515008796692754789e-01 -8.036587353612005546e-03 -6.597638799466072346e-01 -3.416105515304629137e+01 -1.756510823433093602e-02 9.993275343892265017e-01 -3.217532419359054457e-02 -4.147843462637653467e+00 6.595789880162967744e-01 3.576433765852848196e-02 7.508544038774419560e-01 6.727954885163568122e+01
7.454521842582130242e-01 -1.028846484591330358e-02 -6.664479225349766445e-01 -3.491080174877487963e+01 -1.514619673753644057e-02 9.993612277980502556e-01 -3.237602338056450729e-02 -4.201255709343603151e+00 6.663552443667609682e-01 3.423081482922509661e-02 7.448201481244011157e-01 6.811021077367831822e+01
7.387974479901782132e-01 -1.076391145046645507e-02 -6.737634039430544508e-01 -3.568493020489571421e+01 -1.462633963603732212e-02 9.993808174175086156e-01 -3.200236729926501933e-02 -4.255739589136783962e+00 6.736905182299900430e-01 3.350191655199698249e-02 7.381825920790381357e-01 6.893823818180085539e+01
7.323966753528902141e-01 -1.299503397987330014e-02 -6.807658854943733351e-01 -3.646565607910694951e+01 -1.403425724308889240e-02 9.993172912640970740e-01 -3.418496533540783811e-02 -4.309546172239596906e+00 6.807452620306688740e-01 3.459469902649571493e-02 7.317142326742422931e-01 6.976352241675731136e+01
7.277420555778170153e-01 -1.195449335078978444e-02 -6.858387409983238703e-01 -3.725107858044133025e+01 -1.563291532709010917e-02 9.992992355777439162e-01 -3.401429522887738227e-02 -4.359355043751809156e+00 6.857647345749390277e-01 3.547531640714517848e-02 7.270451317646663414e-01 7.058939277340986962e+01
7.214194768511426048e-01 -1.175296739138291351e-02 -6.924199497425636007e-01 -3.805855403700616080e+01 -1.504215998047928743e-02 9.993541719171150639e-01 -3.264265804418459843e-02 -4.409390446180704082e+00 6.923564760037811405e-01 3.396458820122208455e-02 7.207766656581646725e-01 7.140865742202073818e+01
7.170347821208592487e-01 -1.127482381781600394e-02 -6.969602824203722236e-01 -3.886205734964604375e+01 -1.621191829171349588e-02 9.993289935881397579e-01 -3.284520118347483003e-02 -4.466520607993123448e+00 6.968628433597402472e-01 3.485134625290807475e-02 7.163707137319191842e-01 7.221890780755971662e+01
7.118736363636279929e-01 -1.158299515678664141e-02 -7.022249234137915019e-01 -3.968975590623617222e+01 -1.648172760809886450e-02 9.993130588585019680e-01 -3.319988489801335707e-02 -4.517693945507178732e+00 7.021270626810983684e-01 3.521092662598147155e-02 7.111935733516313585e-01 7.303642861557115395e+01
7.066543646200830198e-01 -1.260008428451364973e-02 -7.074228023086321926e-01 -4.051822741370738612e+01 -1.747419690356489738e-02 9.992256528549150474e-01 -3.524667327409757717e-02 -4.571844872713525021e+00 7.073189489080156100e-01 3.727374491414151697e-02 7.058870480500570865e-01 7.384913095328029442e+01
7.032636869106845268e-01 -1.549355077913008166e-02 -7.108203380171245200e-01 -4.134504360644077536e+01 -1.689811282265525280e-02 9.991157150640149753e-01 -3.849935428852571673e-02 -4.633177984119173587e+00 7.107884270917848024e-01 3.908510544615231147e-02 7.023800050687576402e-01 7.465308828487843584e+01
6.968439640603213414e-01 -1.471436849019813059e-02 -7.170458437989083444e-01 -4.219181330651268524e+01 -1.834299711356642340e-02 9.990968462976337339e-01 -3.831562135584396650e-02 -4.689810653402736840e+00 7.169618634093998244e-01 3.985461106173009832e-02 6.959448278790445475e-01 7.545867698578074112e+01
6.920930086000121051e-01 -1.532090060906432689e-02 -7.216435948437515124e-01 -4.304302075121297122e+01 -1.654142899654932955e-02 9.991754938766278515e-01 -3.706449432251576054e-02 -4.745449308009950684e+00 7.216167015010661601e-01 3.758385643247342395e-02 6.912690412970113885e-01 7.626998909634639290e+01
6.880673761102794606e-01 -1.555801291684331261e-02 -7.253918349133064991e-01 -4.390529479030601578e+01 -1.503187487999882097e-02 9.992499684129265702e-01 -3.569698042647574676e-02 -4.805686641748875942e+00 7.254027948465365805e-01 3.547457151329457686e-02 6.873174578182551508e-01 7.707637251918305310e+01
6.816837343779932334e-01 -1.572674858453973479e-02 -7.314226343944958408e-01 -4.477775171487721195e+01 -1.536594651334764750e-02 9.992406708097065771e-01 -3.580872505271551209e-02 -4.869613489760247660e+00 7.314302473629609169e-01 3.565277375468967058e-02 6.809245451983478858e-01 7.787597735249552500e+01
6.781638028088523562e-01 -1.774255487353603583e-02 -7.347300734102538700e-01 -4.564530767626190055e+01 -1.345284799971343224e-02 9.992412598660799228e-01 -3.654551339519634956e-02 -4.923745004816451498e+00 7.348211508713822226e-01 3.466638228333995125e-02 6.774106588369087634e-01 7.867407665468128641e+01
6.738494017955357629e-01 -1.815404782264372005e-02 -7.387569356272494225e-01 -4.653901070216463154e+01 -1.259734784163972846e-02 9.992704935709686431e-01 -3.605668371212344264e-02 -4.980535920345201539e+00 7.388727423963099561e-01 3.360308069126729386e-02 6.731290889703489544e-01 7.946867495810835180e+01
6.694954359647354858e-01 -1.959988388684280256e-02 -7.425830006475651057e-01 -4.743355758016815571e+01 -1.048655594844817053e-02 9.993028365522800271e-01 -3.584127384791249010e-02 -5.034963767575820093e+00 7.427676484753482633e-01 3.178606341233047167e-02 6.688230586978896053e-01 8.026322335595504853e+01
6.666890840234414028e-01 -2.219336831893457818e-02 -7.450174320612608092e-01 -4.832960793109931785e+01 -7.543990965395827933e-03 9.993044484183477572e-01 -3.652971872254125174e-02 -5.096650491856073550e+00 7.453097653416635993e-01 2.997669831058900544e-02 6.660579235327899195e-01 8.106067334173336292e+01
6.614247958845517195e-01 -2.657020542139407540e-02 -7.494429992196853796e-01 -4.923450612079206934e+01 -4.793947301464203219e-03 9.992021823115622148e-01 -3.965597375003920844e-02 -5.158564129313257141e+00 7.498982512542293755e-01 2.982987098277395388e-02 6.607694918737715417e-01 8.185080931014097416e+01
6.569080469742843986e-01 -3.087712586888659294e-02 -7.533715017638836775e-01 -5.014603645736030302e+01 -2.445345315276774224e-04 9.991523993809555693e-01 -4.117497263551275766e-02 -5.215739102050825693e+00 7.540038053817921249e-01 2.724085689096267596e-02 6.563435305620270999e-01 8.264350780695451704e+01
6.509022290343748907e-01 -3.542448252959558980e-02 -7.583977714996129604e-01 -5.106950854286511543e+01 5.724532249051538131e-03 9.991114264683105262e-01 -4.176389668818554501e-02 -5.280599372912834433e+00 7.592030822019690817e-01 2.284784035926366863e-02 6.505264341045535748e-01 8.344164485588953539e+01
6.427899589682590786e-01 -3.875475995360610354e-02 -7.650186536209578891e-01 -5.199781763643797206e+01 1.105693928833677286e-02 9.990848972616495072e-01 -4.132738062477078061e-02 -5.345995384307950182e+00 7.659198838147024402e-01 1.811056911231109443e-02 6.426300342119861675e-01 8.422904560765201154e+01
6.348905247228617821e-01 -3.953546658875869979e-02 -7.716421304408690451e-01 -5.294544075840641995e+01 1.298171931208476695e-02 9.990946385564806187e-01 -4.051169229753042583e-02 -5.411256074091639334e+00 7.725454330201878550e-01 1.570159494687045978e-02 6.348291024486544254e-01 8.499976647495530813e+01
6.250498316606143412e-01 -3.877299222462807921e-02 -7.795042215450637135e-01 -5.390161697525917361e+01 1.518032744085202890e-02 9.991804902582410719e-01 -3.752576627556530181e-02 -5.468993594691352378e+00 7.803201881792712902e-01 1.162398346158293079e-02 6.251261863361495807e-01 8.576805483006094732e+01
6.159320418471919689e-01 -3.880740858009471689e-02 -7.868888369237539981e-01 -5.488857024461499634e+01 1.569944755074664799e-02 9.991924163833999506e-01 -3.699653616101207521e-02 -5.544704493723727978e+00 7.876887215971549727e-01 1.044225965290051725e-02 6.160435734619132964e-01 8.652609415688534966e+01
6.077886521003509346e-01 -3.957738479526734521e-02 -7.930306474005927031e-01 -5.586884117447349496e+01 1.372586286035618226e-02 9.991316959353973015e-01 -3.934393082545903364e-02 -5.599580717889929282e+00 7.938989414245434251e-01 1.303071342008921100e-02 6.078040734654115429e-01 8.726408686410464099e+01
5.968804958933647820e-01 -4.140994613196014723e-02 -8.014228822790520068e-01 -5.686518994124283211e+01 1.491200822845278710e-02 9.990671216716108249e-01 -4.053009368201623830e-02 -5.667920664482470450e+00 8.023537144742035609e-01 1.224330886028062934e-02 5.969414171831021187e-01 8.799327977059733996e+01
5.874103630650567842e-01 -4.267220313271499754e-02 -8.082330129192309975e-01 -5.787359552150117281e+01 1.421290859528807730e-02 9.989988533999775155e-01 -4.242631351895012615e-02 -5.728717982768230854e+00 8.092339240975665593e-01 1.343962926846964910e-02 5.874287433013537507e-01 8.872357689557979654e+01
5.775520633585463637e-01 -4.392548866828805548e-02 -8.151912345377588798e-01 -5.889358470394795830e+01 1.794742287821340238e-02 9.989930468690617626e-01 -4.111564051646601076e-02 -5.796835676595413211e+00 8.161767353161539784e-01 9.112752596706880093e-03 5.777590961436994688e-01 8.944796943162097591e+01
5.669520403884497073e-01 -4.395180018839168340e-02 -8.225337252050942682e-01 -5.993334785721062730e+01 1.971032181334698638e-02 9.990134960432531797e-01 -3.979646636191926795e-02 -5.862514628447410558e+00 8.234713299540964426e-01 6.350182431687554849e-03 5.672590700822743859e-01 9.015875222574246095e+01
5.548689960484401995e-01 -4.423885504976144550e-02 -8.306852266049126188e-01 -6.098191970189657241e+01 2.020731070241199925e-02 9.990071126477777508e-01 -3.970003219822274693e-02 -5.930326481480352463e+00 8.316168208647509719e-01 5.238966187748361411e-03 5.552121929624127539e-01 9.084323717914087126e+01
5.468022692420290154e-01 -4.492523874912607296e-02 -8.360292959444184380e-01 -6.203490642355809115e+01 1.958340493583766648e-02 9.989725573782950452e-01 -4.087131651483210532e-02 -5.993562457150602540e+00 8.370064189952123312e-01 5.977615383416326825e-03 5.471201447503731830e-01 9.153553590835774401e+01
5.358419240801957084e-01 -4.566969492843120371e-02 -8.432089056176212960e-01 -6.310270287296954450e+01 1.895351450590622086e-02 9.989349875351158925e-01 -4.204745884593143884e-02 -6.065175591467170335e+00 8.442321833212110826e-01 6.541234018233994113e-03 5.361370588551170879e-01 9.219943998307250865e+01
5.271341511176202976e-01 -4.670566471363840622e-02 -8.484241228555468028e-01 -6.418590231263829082e+01 1.871705909843104920e-02 9.988840463205646003e-01 -4.337507459119351733e-02 -6.129484757093900171e+00 8.495026491789664513e-01 6.985708651984339976e-03 5.274205852537708905e-01 9.286068280517763185e+01
5.162605228612818786e-01 -4.586007295475898193e-02 -8.550834917533077784e-01 -6.527561644293068355e+01 1.721820327552504512e-02 9.989197065755945903e-01 -4.317713763956271961e-02 -6.203635894005941509e+00 8.561387517952129267e-01 7.580997236238545128e-03 5.164918906574231805e-01 9.350623289391812420e+01
