1.0 0.0 0.0 0.0 0.0 1.0 0.0 0.0 0.0 0.0 1.0 0.0
0.99991715 0.012798979 0.0014002293 0.30249023 -0.012795181 0.9999146 -0.0026893131 -0.0032958984 -0.0014345164 0.0026711812 0.9999954 0.00012207031
0.9998219 0.018821953 0.0014537716 0.583374 -0.018814648 0.9998112 -0.0048849424 -0.014282227 -0.0015454219 0.0048567276 0.999987 0.010498047
0.9998027 0.019852284 0.0006070674 0.8861084 -0.019847501 0.999778 -0.007069601 -0.03100586 -0.000747316 0.0070561594 0.9999748 0.012939453
0.9998132 0.019301262 -0.0011172323 1.1955566 -0.01930974 0.9997804 -0.008155557 -0.03503418 0.0009596583 0.008175603 0.99996614 0.0078125
0.9999149 0.01281105 -0.0024685126 1.5125732 -0.012836643 0.9998609 -0.010652374 -0.03930664 0.0023317223 0.010683146 0.9999402 0.01184082
0.99999315 0.0005014139 -0.0036621466 1.8348389 -0.00054439617 0.99993086 -0.011749062 -0.033447266 0.0036560008 0.011750975 0.9999243 0.022827148
0.9998768 -0.015171855 -0.0040197456 2.1674805 0.015129106 0.99983084 -0.010457165 -0.018554688 0.0041777715 0.0103950575 0.99993724 0.026855469
0.9993946 -0.034546513 -0.0040847217 2.510376 0.034524206 0.99938905 -0.005413222 0.013427734 0.0042692167 0.00526892 0.999977 0.030517578
0.99850935 -0.05435062 -0.00501067 2.8651123 0.05434231 0.9985208 -0.0017790998 0.049072266 0.005099953 0.0015040955 0.9999859 0.03161621
0.9973028 -0.073198564 -0.005454045 3.230713 0.07319569 0.9973177 -0.0007246296 0.09436035 0.005492444 0.00032355555 0.99998486 0.036743164
0.9953452 -0.096235506 -0.0051691826 3.6105957 0.096227996 0.9953579 -0.0016830629 0.1352539 0.0053071417 0.0011779023 0.9999852 0.03845215
0.99340796 -0.11458589 -0.004002138 3.9986572 0.11457349 0.99341226 -0.0032006032 0.18762207 0.004342466 0.0027210792 0.9999869 0.044189453
0.9912628 -0.13185045 -0.0034770344 4.397461 0.13184254 0.99126697 -0.0024159125 0.25524902 0.0037652412 0.0019364081 0.99999106 0.04626465
0.9889695 -0.1480978 -0.0029193205 4.814087 0.1480933 0.988973 -0.0017059979 0.3310547 0.0031397506 0.0012549411 0.9999943 0.053222656
0.9866656 -0.16271201 -0.0033989695 5.2401123 0.16270924 0.9866713 -0.0010784604 0.4053955 0.003529139 0.0005110702 0.9999936 0.056396484
0.98475695 -0.17391825 -0.0036297697 5.6765137 0.17390913 0.98476154 -0.0026942876 0.4937744 0.0040431237 0.0020219006 0.9999898 0.059692383
0.9829938 -0.18357071 -0.0055170455 6.125 0.183539 0.98299813 -0.0057951007 0.5772705 0.0064866855 0.004684128 0.999968 0.07092285
0.981524 -0.19123566 -0.0072001508 6.591675 0.19120361 0.9815443 -0.0049109375 0.6685791 0.008006139 0.0034436737 0.99996203 0.07324219
0.9800382 -0.19857791 -0.009032097 7.0683594 0.19854173 0.98007566 -0.004749153 0.7861328 0.009795355 0.002860995 0.99994797 0.072509766
0.9784576 -0.20611143 -0.011655808 7.5565186 0.20606369 0.97852343 -0.0051728296 0.8939209 0.01247156 0.0026591765 0.9999187 0.083984375
0.97668535 -0.21430627 -0.012624433 8.061157 0.21420479 0.97674865 -0.008919715 1.0061035 0.014242367 0.006006938 0.9998805 0.088256836
0.9749871 -0.22189456 -0.012724815 8.579346 0.2217 0.97499764 -0.015094166 1.1137695 0.015756007 0.011896089 0.99980515 0.099365234
0.97345 -0.22840694 -0.014635472 9.110352 0.22818774 0.9734922 -0.015242553 1.2425537 0.017728949 0.011498463 0.9997768 0.12231445
0.97098434 -0.23833318 -0.019662447 9.641846 0.23814638 0.9711627 -0.011380829 1.390625 0.021808341 0.006367633 0.9997419 0.12133789
0.9691263 -0.24540524 -0.023779307 10.189575 0.24524528 0.96941227 -0.009473396 1.545044 0.025376601 0.0033483224 0.9996723 0.13049316
0.96642286 -0.25586352 -0.024875414 10.751587 0.25563425 0.9667285 -0.012046818 1.6942139 0.027129523 0.005286451 0.999618 0.14526367
0.96433276 -0.26337945 -0.02627606 11.322754 0.2630923 0.9646691 -0.013908967 1.84729 0.02900986 0.0064979075 0.9995578 0.17163086
0.9621693 -0.2709233 -0.029396974 11.908447 0.2706265 0.9626039 -0.013723086 2.0181885 0.032013908 0.0052508763 0.99947375 0.19165039
0.95958096 -0.27957103 -0.032928105 12.501587 0.27928424 0.96014 -0.013099736 2.197998 0.03527724 0.0033759247 0.9993718 0.2088623
0.957511 -0.28593552 -0.037956662 13.100464 0.2856183 0.9582603 -0.0136484 2.3834229 0.04027472 0.002229949 0.99918634 0.23339844
0.95531017 -0.29213974 -0.04497587 13.714355 0.2917436 0.9563673 -0.0152807105 2.5802002 0.047477644 0.0014753293 0.9988712 0.2652588
0.95357394 -0.29630348 -0.054013927 14.344116 0.29586828 0.9551022 -0.016065935 2.779541 0.056349054 -0.00065882364 0.998411 0.29296875
0.9520019 -0.29960003 -0.06306001 14.979614 0.29917818 0.95408165 -0.016246079 2.9887695 0.06503172 -0.0033924882 0.9978781 0.3314209
0.949964 -0.30393642 -0.072215185 15.628174 0.30362383 0.95267767 -0.015534388 3.2055664 0.07351828 -0.0071647745 0.9972685 0.3696289
0.9482033 -0.30746165 -0.07993683 16.292725 0.30725268 0.95151234 -0.015203311 3.4313965 0.08073627 -0.010141312 0.99668443 0.42114258
0.9462723 -0.3115396 -0.08674121 16.95752 0.31155068 0.9501373 -0.013761651 3.6658936 0.08670144 -0.014002949 0.9961349 0.47802734
0.9440144 -0.31643808 -0.093503274 17.634155 0.31671417 0.94846195 -0.012261692 3.9058838 0.09256396 -0.018031593 0.99554384 0.5418701
0.94214875 -0.31970865 -0.100404754 18.324585 0.32029766 0.94722724 -0.0106464885 4.154785 0.09850955 -0.02214493 0.99488723 0.60595703
0.94015205 -0.3242433 -0.10492377 19.0354 0.32530338 0.9455952 -0.007325015 4.4127197 0.101589546 -0.027237162 0.99445444 0.67785645
0.93821734 -0.32911912 -0.10685179 19.739502 0.3303239 0.9438383 -0.006734602 4.6730957 0.10306711 -0.028980814 0.9942514 0.74975586
0.93577594 -0.3358675 -0.1070458 20.468384 0.3371832 0.94138783 -0.006112675 4.9454346 0.10282474 -0.030381007 0.99423593 0.8331299
0.9339052 -0.34170142 -0.10511752 21.191895 0.34292543 0.9393315 -0.0067665745 5.218994 0.10105242 -0.02972754 0.9944376 0.91467285
0.93197805 -0.3476272 -0.10273184 21.9292 0.34888017 0.9371381 -0.006090861 5.505371 0.098392665 -0.030169008 0.9946898 0.9953613
0.92983973 -0.35416764 -0.09986529 22.671875 0.35545442 0.9346833 -0.005198839 5.7906494 0.09518337 -0.030658208 0.99498844 1.0794678
0.92572963 -0.36603734 -0.09540472 23.442139 0.36739966 0.93008894 -0.003505487 6.10437 0.09001696 -0.031797133 0.99543273 1.1536865
0.92310345 -0.37361556 -0.09086789 24.190308 0.37510523 0.92696494 -0.000746657 6.423218 0.08450871 -0.033406015 0.995861 1.2298584
0.919829 -0.3823803 -0.08802208 24.952148 0.38408104 0.92332286 0.002598793 6.75 0.08027907 -0.036196593 0.99611413 1.3001709
0.91691417 -0.38958398 -0.08669904 25.723999 0.3912764 0.9202811 0.002765553 7.088745 0.0787095 -0.03645185 0.99623156 1.37146
0.9130699 -0.3986317 -0.08603646 26.498047 0.4004908 0.9162913 0.0048103337 7.428955 0.076919325 -0.038847607 0.9962806 1.4454346
0.9096473 -0.40637636 -0.08609019 27.270386 0.40826404 0.91285825 0.0047944672 7.788452 0.076641604 -0.03951033 0.99627525 1.5129395
0.9060862 -0.41465005 -0.084048145 28.060669 0.41656962 0.9090798 0.005920173 8.160645 0.07394937 -0.04037747 0.9964438 1.5766602
0.9016598 -0.4246126 -0.08191821 28.857666 0.4263698 0.90453607 0.004421978 8.539917 0.07221677 -0.038912993 0.99662936 1.6448975
0.89921945 -0.43061778 -0.07755944 29.655884 0.43228576 0.9017431 0.0053316765 8.921265 0.067646004 -0.03831113 0.9969748 1.7196045
0.89585143 -0.43844548 -0.0723169 30.47351 0.44002718 0.8979667 0.0067683673 9.331299 0.061970532 -0.037883177 0.9973587 1.7758789
0.892124 -0.44666082 -0.06814642 31.287842 0.4480896 0.8939839 0.006516783 9.74353 0.05801262 -0.036342774 0.9976546 1.8376465
0.888733 -0.45375958 -0.06527103 32.11267 0.45506433 0.89044046 0.005902056 10.174438 0.055445943 -0.03494212 0.997851 1.8983154
0.8857761 -0.45965412 -0.06399685 32.94763 0.46096316 0.8873824 0.0065788343 10.612061 0.053764597 -0.03533327 0.99792784 1.9539795
0.8833239 -0.46464118 -0.06208069 33.784058 0.46586376 0.8848397 0.0060519534 11.060303 0.05212033 -0.034268666 0.99805254 2.0002441
0.87982714 -0.4715896 -0.060008142 34.63452 0.4726793 0.8812758 0.0045911074 11.52124 0.05071777 -0.03239896 0.99818724 2.0549316
0.8778781 -0.4751299 -0.059098966 35.49475 0.4760778 0.8793494 0.0022477196 11.987427 0.050900362 -0.030113347 0.9982497 2.1088867
0.8757625 -0.47908983 -0.059194822 36.361084 0.48002577 0.87724763 0.0018260246 12.467529 0.051053345 -0.030017143 0.99824446 2.1651611
0.8742706 -0.48174283 -0.060147148 37.231934 0.48276302 0.87577057 0.0028098025 12.963989 0.05131907 -0.031486813 0.99818593 2.2156982
0.8746214 -0.4812114 -0.059385516 38.11438 0.48222595 0.87607235 0.0031815458 13.461182 0.050492357 -0.03142103 0.9982295 2.2712402
0.8737423 -0.4829572 -0.057547517 39.020264 0.4838915 0.8751145 0.0026731938 13.964355 0.0490729 -0.030177599 0.99834 2.3237305
0.8736225 -0.48335338 -0.05547905 39.936035 0.4840632 0.8749895 -0.00073168246 14.475586 0.04889917 -0.026220828 0.9984597 2.3781738
0.87384164 -0.48289567 -0.056032326 40.8584 0.48363468 0.8752278 -0.00041708647 14.995483 0.049245555 -0.0267377 0.9984292 2.428955
0.87213373 -0.48606044 -0.055533025 41.793335 0.48671064 0.87353575 -0.0020579728 15.524414 0.04951102 -0.025236655 0.99845475 2.4849854
0.8709947 -0.48834604 -0.053465232 42.724854 0.48889035 0.87232333 -0.0032722314 16.049194 0.04823498 -0.02329148 0.99856424 2.5411377
0.86953497 -0.4915223 -0.04928911 43.663208 0.49199525 0.8706592 -0.00286301 16.592041 0.044321533 -0.021755774 0.99878055 2.5986328
0.86639947 -0.49732888 -0.044062987 44.597656 0.49771267 0.86729497 -0.0025616745 17.125488 0.03949083 -0.019711731 0.99902576 2.6539307
0.8630496 -0.50329673 -0.042088814 45.516357 0.5035914 0.86389333 -0.004049199 17.665405 0.038400415 -0.017697124 0.9991063 2.7114258
0.8570716 -0.51336247 -0.042846628 46.44214 0.5135791 0.8579865 -0.0066324067 18.21521 0.04016743 -0.01632158 0.99905986 2.7653809
0.8523724 -0.5211656 -0.04456203 47.35193 0.52128816 0.8534064 -0.009748249 18.775635 0.043106478 -0.014920196 0.9989586 2.8183594
0.84571403 -0.53190726 -0.04422553 48.26123 0.53206235 0.84672284 -0.009166264 19.349365 0.042320095 -0.015779154 0.9989791 2.87146
0.8411553 -0.5394107 -0.039839186 49.174072 0.5395941 0.8419524 -0.006919276 19.9458 0.037273366 -0.015674565 0.999182 2.9163818
0.8363271 -0.5469551 -0.03667775 50.074463 0.54719496 0.83696437 -0.004042037 20.546753 0.03290774 -0.016691811 0.9993189 2.9699707
0.8318951 -0.55344486 -0.039414234 50.96631 0.55378205 0.8325994 -0.0027735801 21.14978 0.03435191 -0.019523762 0.9992191 3.0146484
0.8278798 -0.5591383 -0.043255493 51.8562 0.5594544 0.8287769 -0.0055527245 21.756348 0.038953505 -0.019605197 0.9990487 3.062622
0.8248378 -0.5632255 -0.050093476 52.737793 0.5636429 0.8260458 -0.0067146155 22.365479 0.045155663 -0.022691667 0.9987219 3.118042
0.82190645 -0.56738037 -0.050957162 53.61206 0.56781167 0.823157 -0.006964567 22.981812 0.04590146 -0.023201955 0.9986771 3.1693115
0.8197331 -0.57082444 -0.04780765 54.49536 0.57121783 0.8208281 -0.00633261 23.601929 0.042853426 -0.022114147 0.9988364 3.2282715
0.8160289 -0.5765672 -0.04221965 55.38257 0.5769127 0.8168624 -0.0047054887 24.238403 0.037201658 -0.02050904 0.9990976 3.2790527
0.81317955 -0.58070165 -0.039848935 56.260986 0.58106476 0.8138909 -0.0029532593 24.869385 0.034148388 -0.020751778 0.99920136 3.3288574
0.8106168 -0.58415985 -0.04097106 57.13501 0.5845979 0.81133467 -0.0015629814 25.508057 0.03415651 -0.022687333 0.9991589 3.3726807
0.80601007 -0.5903921 -0.0425372 58.006836 0.5908085 0.80682003 -0.0033526877 26.154175 0.03629806 -0.022428874 0.9990892 3.4173584
0.80261606 -0.5949465 -0.043377463 58.876953 0.59534764 0.8034782 -0.0043960125 26.80127 0.037471835 -0.022296518 0.9990491 3.4709473
0.799059 -0.5995518 -0.04340847 59.750977 0.5998929 0.79995763 -0.006137965 27.45935 0.038406517 -0.02114067 0.9990387 3.5159912
0.79412913 -0.60613006 -0.042353265 60.615967 0.6064378 0.7949954 -0.006633581 28.135864 0.03769133 -0.020424545 0.99908054 3.5651855
0.7899202 -0.61183304 -0.041339107 61.481445 0.61209834 0.7907615 -0.0073805116 28.800415 0.037205327 -0.019472493 0.9991179 3.613037
0.78480977 -0.61842656 -0.042084813 62.344727 0.61870617 0.7856808 -0.0075865295 29.490845 0.03775388 -0.020079494 0.9990852 3.6673584
0.7791868 -0.6254289 -0.041852362 63.200928 0.6256802 0.7800627 -0.008403432 30.183838 0.037908953 -0.019633103 0.9990887 3.7174072
0.7744608 -0.63133204 -0.04158522 64.055176 0.63153523 0.7753506 -0.009724387 30.877075 0.03837818 -0.018733658 0.99908733 3.7651367
0.76783013 -0.63920975 -0.041990228 64.907715 0.6393554 0.7687683 -0.011626343 31.58899 0.03971109 -0.017919984 0.99905044 3.8170166
0.7627813 -0.64518917 -0.042348392 65.75342 0.6452599 0.7637709 -0.013805622 32.3031 0.041255556 -0.016792458 0.9990079 3.868042
0.7562363 -0.65300596 -0.041396923 66.60278 0.653061 0.7571907 -0.014046464 33.0365 0.04051855 -0.016410971 0.999044 3.9216309
0.7508416 -0.6593816 -0.03947926 67.44531 0.6594064 0.7517227 -0.014240101 33.782837 0.03906405 -0.015343343 0.9991185 3.972046
0.7448187 -0.6661545 -0.037965152 68.279785 0.6660735 0.74567324 -0.01658699 34.5282 0.039362192 -0.01292983 0.99914163 4.026001
0.7381837 -0.67349225 -0.037253067 69.11182 0.6733881 0.7390186 -0.017164916 35.29785 0.039091524 -0.012415469 0.99915856 4.081421
0.73172253 -0.6805342 -0.038365263 69.94092 0.680358 0.73263156 -0.019490205 36.074097 0.04137288 -0.01183259 0.9990741 4.135376
0.7270469 -0.6855569 -0.03925423 70.77002 0.6854385 0.7279816 -0.018518282 36.855957 0.041270334 -0.013435712 0.9990579 4.186157
0.7207796 -0.69215703 -0.037755247 71.59326 0.69203126 0.7216531 -0.018413614 37.6593 0.03999382 -0.012851089 0.9991176 4.237793
0.71636945 -0.6966638 -0.03864901 72.40674 0.69657266 0.7172742 -0.017998355 38.45935 0.040259186 -0.014027081 0.99909085 4.2960205
0.7111925 -0.7019268 -0.039018102 73.22778 0.70183194 0.712118 -0.018381363 39.283325 0.04068918 -0.014304813 0.99906975 4.3483887
0.70588607 -0.7071084 -0.041090768 74.043945 0.7070064 0.70691526 -0.019469477 40.108032 0.042809684 -0.015308602 0.99896574 4.4031982
0.70238835 -0.7105593 -0.04291339 74.85083 0.71035886 0.7035436 -0.022407724 40.93152 0.04611249 -0.014742276 0.99882746 4.4648438
0.69594735 -0.7167359 -0.04368958 75.6604 0.7165903 0.69712955 -0.021719024 41.774292 0.04601787 -0.016198317 0.99880874 4.5230713
0.6912783 -0.72139746 -0.041426644 76.47534 0.7211935 0.6923694 -0.022398468 42.62195 0.044837892 -0.014403203 0.99888986 4.5806885
0.6873316 -0.7251909 -0.039322216 77.28516 0.7249506 0.68833387 -0.022696842 43.480957 0.04352946 -0.012899657 0.9989693 4.6430664
0.68093854 -0.73121905 -0.0395079 78.08887 0.7309788 0.6819547 -0.022955624 44.349365 0.043730505 -0.013246155 0.9989557 4.70874
0.6774358 -0.7346055 -0.038529783 78.89014 0.7342668 0.678436 -0.025022902 45.213745 0.044520054 -0.011340738 0.9989439 4.7644043
0.6731581 -0.73866016 -0.037471946 79.68823 0.7382944 0.67411834 -0.025497431 46.104126 0.044093147 -0.01049306 0.99897254 4.8233643
0.6688625 -0.7425561 -0.035660878 80.48633 0.7421123 0.66975945 -0.027006682 46.99536 0.043940447 -0.008391945 0.99899936 4.879883
0.6661135 -0.74509376 -0.03385888 81.286865 0.74452394 0.6669507 -0.029641746 47.888428 0.04467163 -0.005456747 0.99898726 4.9433594
0.6608462 -0.74966556 -0.033723515 82.08081 0.74889547 0.6617002 -0.034088723 48.78955 0.04787177 -0.0027241167 0.9988501 5.0063477
0.6564467 -0.7537626 -0.03114722 82.8772 0.7527831 0.65718216 -0.03846158 49.69751 0.049458764 0.001813218 0.9987751 5.0651855
0.6506618 -0.7589589 -0.026767127 83.67969 0.7577741 0.65116566 -0.043097425 50.616943 0.050136216 0.0077669015 0.9987126 5.13208
0.6427935 -0.76567966 -0.022039186 84.47217 0.7643756 0.64303803 -0.046544343 51.54077 0.04981358 0.01307853 0.9986734 5.199951
0.6350032 -0.77231234 -0.019634439 85.2478 0.7709996 0.6351299 -0.047436107 52.48413 0.04910534 0.014984055 0.9986811 5.2680664
0.625308 -0.780106 -0.015554643 86.02173 0.7788894 0.6252659 -0.04681224 53.43579 0.046250336 0.017158495 0.99878263 5.329468
0.61623 -0.78748083 -0.014373412 86.78516 0.7862771 0.6161448 -0.04697022 54.418213 0.04584046 0.017652841 0.99879324 5.408325
0.60798913 -0.79368293 -0.016960295 87.52783 0.7923945 0.6080241 -0.04784009 55.39453 0.048286542 0.01565028 0.99871117 5.465454
0.5971396 -0.80213654 -0.016174436 88.26294 0.8007642 0.597122 -0.049815625 56.385986 0.049612246 0.016801834 0.9986274 5.536621
0.5876317 -0.8090117 -0.017367313 88.998535 0.80755013 0.5876684 -0.051195305 57.390137 0.051623054 0.016068287 0.99853784 5.6000977
0.57798207 -0.8159656 -0.013036117 89.72876 0.81450945 0.5777908 -0.052581027 58.40576 0.050437827 0.019770823 0.99853134 5.672119
0.56749195 -0.82327133 -0.010264211 90.44556 0.8218612 0.5671774 -0.052745607 59.441162 0.049249213 0.021497866 0.99855524 5.7419434
0.55545217 -0.8314228 -0.009141134 91.136475 0.8300105 0.55509347 -0.053184748 60.485107 0.049297318 0.021950623 0.99854267 5.8137207
0.54736316 -0.8368106 -0.009872258 91.83374 0.83534 0.5470379 -0.053968944 61.534424 0.0505626 0.021294925 0.9984939 5.880493
0.5363844 -0.84403604 -0.010424539 92.50366 0.84250444 0.5360894 -0.054846693 62.5979 0.05186622 0.020621875 0.99844015 5.9559326
0.5276739 -0.8493046 -0.010857247 93.170166 0.84770155 0.52739257 -0.055985186 63.67749 0.053291414 0.020347549 0.9983723 6.02417
0.51674056 -0.85594577 -0.01143336 93.82178 0.8543672 0.51652485 -0.055269506 64.76318 0.05321546 0.01880427 0.9984067 6.1029053
0.50841564 -0.8609702 -0.010432495 94.475586 0.8595131 0.50819963 -0.053242456 65.859375 0.05115467 0.018109499 0.99852705 6.1779785
0.5015031 -0.8653003 -0.007379706 95.11255 0.8639527 0.5011668 -0.05216185 66.96655 0.04883175 0.019783527 0.998611 6.2469482
0.49251592 -0.8702157 -0.0073221307 95.73657 0.8688757 0.49219427 -0.05196953 68.08252 0.048837435 0.019240286 0.99862176 6.31958
0.48463118 -0.87463784 -0.0062932163 96.369385 0.87316954 0.4842124 -0.054881036 69.196045 0.051050615 0.0211041 0.99847317 6.3914795
0.47942877 -0.8775025 -0.00475694 96.98218 0.8758931 0.47886539 -0.058169775 70.31885 0.053328194 0.023711286 0.99829495 6.465576
0.47269532 -0.88110906 -0.0036711711 97.59375 0.8793087 0.47198728 -0.062064074 71.45166 0.05643172 0.026118381 0.99806535 6.540039
0.46816176 -0.883613 -0.0028386712 98.19165 0.88166356 0.4673378 -0.06496179 72.58667 0.058728762 0.027906176 0.99788356 6.626709
0.46320218 -0.88633245 -0.0013672938 98.78638 0.8844259 0.4623057 -0.06487636 73.72339 0.058117885 0.028847573 0.9978931 6.7147217
0.45980313 -0.88812155 0.002533356 99.37744 0.88639313 0.45872676 -0.06372887 74.86133 0.055431213 0.031540625 0.9979638 6.800659
0.45643538 -0.88976175 0.009114873 99.965576 0.8883041 0.45504403 -0.062795006 75.99658 0.05172341 0.036760014 0.9979848 6.8811035
0.45217633 -0.8919518 0.010643008 100.53613 0.8906022 0.45075703 -0.061649065 77.132324 0.050178193 0.03734584 0.9980414 6.96167
0.44866273 -0.89349043 0.01243349 101.10669 0.8922711 0.44721198 -0.060278084 78.26758 0.04829643 0.03814435 0.9981048 7.036499
0.4479419 -0.89392567 0.013946756 101.67139 0.892811 0.44645855 -0.059260238 79.390625 0.04676065 0.03899205 0.9981444 7.1103516
0.4441474 -0.89572287 0.017371356 102.231445 0.8947486 0.44251996 -0.059066594 80.50659 0.045215778 0.04176484 0.99810314 7.1832275
0.44417167 -0.895794 0.019361492 102.78345 0.8948926 0.44244212 -0.059359167 81.62671 0.044592343 0.043692034 0.99804956 7.2596436
0.44012377 -0.89749944 0.022302376 103.329834 0.8967039 0.43824837 -0.0597746 82.73291 0.043883666 0.04631572 0.9979627 7.3275146
0.43912768 -0.8981608 0.026145795 103.87378 0.8975763 0.43712157 -0.05908631 83.838135 0.041634522 0.04941156 0.9979102 7.394409
0.43762344 -0.89890796 0.02926294 104.40381 0.8985107 0.4355313 -0.058284596 84.93213 0.039643306 0.05180053 0.99787045 7.461426
0.43505993 -0.8997775 0.030797658 104.92578 0.89942634 0.43287122 -0.05900663 86.01001 0.039753146 0.053382494 0.99778324 7.52771
0.4350611 -0.90001965 0.03167098 105.43848 0.8996772 0.43278542 -0.059924852 87.08203 0.04024071 0.054545622 0.9976987 7.588257
0.43401954 -0.90046304 0.03182647 105.958984 0.9000971 0.43170002 -0.060655266 88.15137 0.040863242 0.054957073 0.99765164 7.6588135
0.43401104 -0.9003178 0.030206017 106.45068 0.8998609 0.43175155 -0.060760174 89.19678 0.041676026 0.053566366 0.9976947 7.7247314
0.43656403 -0.8990714 0.027529538 106.94653 0.89847535 0.43441188 -0.06085663 90.24536 0.04276514 0.05130149 0.99776685 7.789673
0.44118726 -0.8971117 0.02562611 107.43555 0.8964531 0.439139 -0.060349893 91.26709 0.042882588 0.04960566 0.9978484 7.8536377
0.44474474 -0.89541477 0.02310077 107.93286 0.8946051 0.44276354 -0.061169054 92.28882 0.044547115 0.047878105 0.99785966 7.916626
0.45311195 -0.89127594 0.021739442 108.44214 0.8904365 0.4512024 -0.0607881 93.30444 0.044363383 0.046899784 0.997914 7.987671
0.45816633 -0.8886373 0.021230655 108.94385 0.8878395 0.45633346 -0.05951172 94.302734 0.04320341 0.046095774 0.99800104 8.0460205
0.46697208 -0.884233 0.019868616 109.460205 0.8834605 0.46526268 -0.057903826 95.30029 0.041950468 0.04458494 0.99812406 8.102539
0.4764393 -0.8790976 0.018912712 109.98511 0.87830615 0.47476715 -0.05778302 96.29736 0.04181125 0.044134196 0.99814993 8.162231
0.4850965 -0.87412435 0.018241834 110.51538 0.8733445 0.48347077 -0.057192422 97.270996 0.041176345 0.043679427 0.9981969 8.219849
0.49511284 -0.86866105 0.016605917 111.062744 0.8677966 0.49351284 -0.057955887 98.238525 0.042141013 0.043100677 0.9981814 8.275269
0.5047909 -0.86307895 0.012771448 111.60083 0.86205655 0.50332963 -0.058305524 99.18945 0.04390814 0.040445954 0.9982165 8.336548
0.51554614 -0.856697 0.009449773 112.15796 0.855552 0.514211 -0.058528565 100.13159 0.04529043 0.03826925 0.9982411 8.395752
0.5285765 -0.84877616 0.006992043 112.731445 0.8476626 0.52742034 -0.056213267 101.07837 0.044019967 0.03564266 0.99839485 8.450562
0.53937745 -0.84195316 0.005532819 113.31079 0.8409386 0.538379 -0.053048525 101.998535 0.041690357 0.03326982 0.9985767 8.512817
0.5539751 -0.83250463 0.0058809575 113.9082 0.8315856 0.5530007 -0.05140014 102.91333 0.039540585 0.033360958 0.9986607 8.570557
0.5642604 -0.8254673 0.0054868245 114.509766 0.8245908 0.563327 -0.05028359 103.80786 0.038428728 0.03290106 0.99871963 8.622803
0.5761901 -0.8173012 0.0045140255 115.12329 0.81640065 0.5752771 -0.05042691 104.69507 0.038614303 0.032736126 0.9987176 8.675415
0.5877333 -0.8091582 0.0033003509 115.7522 0.8082098 0.5868369 -0.050951723 105.56494 0.039292865 0.032603532 0.9986951 8.731812
0.5980522 -0.8014934 0.0039190897 116.37622 0.80050826 0.5970594 -0.05272674 106.40259 0.0399158 0.03467054 0.99860144 8.782837
0.6082314 -0.79373735 0.0029164853 117.01099 0.792746 0.6072793 -0.05232678 107.24243 0.039767444 0.034142677 0.99862564 8.84021
0.62044287 -0.78435487 0.0037096012 117.65405 0.7834812 0.6195135 -0.050344143 108.073 0.037191167 0.0341381 0.9987246 8.893799
0.62850404 -0.7776611 0.0053126914 118.29346 0.7769363 0.6275906 -0.04799405 108.87866 0.033984948 0.03429569 0.998834 8.94165
0.63914424 -0.76912266 0.004848928 118.95068 0.76848054 0.638325 -0.04535877 109.670166 0.031785093 0.03271552 0.9989592 8.9921875
0.6477531 -0.761878 0.0022368797 119.58789 0.7611962 0.647043 -0.044300534 110.4436 0.03230623 0.030401282 0.9990156 9.039917
0.6564417 -0.7543309 -0.0006988023 120.24414 0.75358945 0.65583676 -0.043730732 111.20825 0.033447154 0.028184619 0.9990432 9.081909
0.6674521 -0.74477 -0.0016637022 120.91333 0.7440491 0.6669009 -0.04254809 111.967285 0.03280168 0.027159382 0.9990926 9.126465
0.6753811 -0.7375015 -0.00056300906 121.565674 0.7368717 0.6748358 -0.040796533 112.69531 0.030469578 0.02713339 0.999167 9.170654
0.683993 -0.72942746 0.0008195555 122.236084 0.72889173 0.68344665 -0.03909494 113.41797 0.027962454 0.027337937 0.9992351 9.207886
0.6932258 -0.7208357 0.0006215327 122.91577 0.7203189 0.6926954 -0.038464136 114.124756 0.027295616 0.02711276 0.9992596 9.253174
0.7002413 -0.7140302 -0.00042517437 123.57544 0.7135206 0.69976383 -0.037360653 114.812744 0.026970161 0.02585637 0.9993017 9.291382
0.70794255 -0.7063614 -0.00010829873 124.25879 0.7059005 0.7074863 -0.036007576 115.497314 0.025506705 0.025412194 0.9993515 9.329712
0.71445584 -0.69953316 0.0012144211 124.92578 0.6991841 0.7140426 -0.032862574 116.16138 0.022126094 0.024327394 0.99945915 9.360718
0.7219746 -0.69204956 0.0017084802 125.59863 0.69176996 0.7216083 -0.030303143 116.8208 0.019736953 0.023057926 0.9995392 9.396362
0.7295588 -0.68395346 0.001646947 126.278564 0.6837063 0.72922605 -0.028742928 117.46533 0.018455625 0.022093492 0.99958557 9.42749
0.736865 -0.6759713 0.0015593562 126.93628 0.67575365 0.73656505 -0.027181244 118.08472 0.017224615 0.021081278 0.9996293 9.462769
0.7438951 -0.6682465 3.6288402e-05 127.60327 0.66806066 0.7436866 -0.02363015 118.69873 0.015766116 0.017603977 0.99972075 9.482666
0.7537565 -0.65714806 0.0012537922 128.28198 0.6570211 0.7535704 -0.021189362 119.29614 0.012978953 0.016794812 0.99977463 9.514038
0.7615801 -0.64799356 0.0021231484 128.94678 0.64792246 0.7614388 -0.01766147 119.8728 0.009828007 0.014827732 0.99984175 9.538086
0.77256864 -0.63507473 0.0016999018 129.63281 0.63502693 0.7724711 -0.014637558 120.43701 0.007981999 0.012388156 0.99989134 9.561279
0.7816812 -0.623547 0.00041491236 130.2898 0.6234876 0.7815971 -0.014345132 120.97949 0.008622484 0.011470853 0.999897 9.578735
0.7917127 -0.61091715 -0.0010176775 130.96289 0.6108421 0.79163945 -0.014446162 121.51172 0.009630859 0.0108165145 0.9998952 9.597534
0.8019723 -0.59742826 -0.0016171304 131.66333 0.597358 0.8019144 -0.013406403 122.028564 0.009305117 0.009785623 0.99990886 9.614136
0.81123513 -0.5847592 -0.0005110741 132.34155 0.58471274 0.81118107 -0.0119270645 122.53027 0.007386941 0.0093773315 0.9999287 9.630737
0.821737 -0.5699967 0.0014686069 133.05591 0.56998026 0.82168704 -0.01013625 123.026855 0.0045689596 0.009166617 0.99994755 9.6414795
0.8302297 -0.5574997 0.0033720518 133.75024 0.5575058 0.8301849 -0.008874507 123.50537 0.0021488727 0.009247346 0.99995494 9.657227
0.8383722 -0.5450547 0.005583308 134.46191 0.54508275 0.8383405 -0.007306892 123.96875 -0.0006973909 0.009169737 0.9999577 9.667114
0.84711677 -0.5313948 0.007623227 135.19312 0.53143996 0.84709996 -0.0061856434 124.420654 -0.0031709173 0.0092912745 0.9999518 9.674072
0.85311896 -0.52160335 0.00943343 135.90942 0.521668 0.8531062 -0.006559208 124.86621 -0.0046271654 0.010517912 0.999934 9.685303
0.85991055 -0.5104805 0.010075336 136.63452 0.51055163 0.85990316 -0.006454245 125.305176 -0.0053714938 0.010691746 0.9999285 9.692017
0.867301 -0.49754018 0.009629456 137.38916 0.49759513 0.8673117 -0.0043846527 125.73999 -0.006169378 0.008595283 0.99994403 9.700806
0.87332624 -0.48703387 0.009334709 138.11548 0.4870733 0.8733508 -0.0024164543 126.16162 -0.0069753965 0.006658978 0.9999535 9.702637
0.87975305 -0.47539315 0.008946487 138.88501 0.47542214 0.8797817 -0.0013327813 126.58154 -0.007237438 0.00542515 0.9999591 9.702026
0.8846701 -0.46613246 0.008774108 139.63013 0.46616262 0.884696 -0.0016690283 126.98389 -0.0069844974 0.005565132 0.9999601 9.707886
0.8903494 -0.45521823 0.007997298 140.4126 0.45524904 0.8903659 -0.0025019795 127.37549 -0.00598166 0.0058679236 0.9999649 9.71228
0.89448196 -0.44705555 0.007924785 141.19775 0.44708866 0.89449555 -0.0029734576 127.76953 -0.0057591326 0.0062017855 0.9999641 9.714844
0.89759487 -0.44076434 0.008209178 141.96362 0.4407928 0.89761627 -0.0019661868 128.16553 -0.0065020905 0.0053838133 0.99996424 9.716064
0.9005301 -0.43462056 0.010755283 142.76367 0.43465143 0.90057915 -0.000600663 128.5586 -0.0094251465 0.005215308 0.99994195 9.718384
0.9037209 -0.42782536 0.013814065 143.59058 0.42782176 0.9038218 0.0033669334 128.94653 -0.013925789 0.002868369 0.99989885 9.712769
0.90671414 -0.42136028 0.015412378 144.39697 0.42131266 0.90684485 0.006375393 129.35034 -0.016663697 0.00071432954 0.9998608 9.703857
0.9100273 -0.41425622 0.016605606 145.25024 0.4141697 0.9101784 0.008509528 129.74365 -0.018638585 -0.0008658469 0.9998257 9.694336
0.9124035 -0.40889442 0.018158533 146.0857 0.40875494 0.9125806 0.010991698 130.12134 -0.02106506 -0.0026062098 0.99977463 9.677002
0.91631335 -0.3999605 0.021375405 146.95581 0.3997722 0.91655767 0.01263881 130.50269 -0.024645694 -0.0030351565 0.99969137 9.66272
0.91961753 -0.39205512 0.023510043 147.82544 0.39185435 0.91991425 0.0128044095 130.89185 -0.026648253 -0.0025624828 0.9996416 9.648193
0.92244554 -0.3854218 0.024672264 148.71997 0.38522422 0.9227732 0.012504648 131.27368 -0.027585376 -0.0020333368 0.99961746 9.630249
0.925967 -0.3768204 0.024314156 149.64282 0.37663805 0.9262845 0.011864136 131.63135 -0.026991908 -0.0018267924 0.9996339 9.5998535
0.92964077 -0.3675329 0.025961675 150.55518 0.36742526 0.9300024 0.008974855 132.00293 -0.027443817 0.0011953705 0.9996227 9.588013
0.9337315 -0.35710964 0.024594633 151.51123 0.3570237 0.93405426 0.007952144 132.36597 -0.025813002 0.0013542839 0.99966604 9.567505
0.93795824 -0.34605232 0.023101537 152.45703 0.34597945 0.9382419 0.0072070183 132.7185 -0.024167985 0.001230726 0.99970716 9.551147
0.942567 -0.33332112 0.02190584 153.43433 0.33320326 0.94282085 0.008933088 133.0708 -0.023631014 -0.0011217475 0.99972016 9.532471
0.9480304 -0.3173849 0.021893568 154.4226 0.31717807 0.94827086 0.012438493 133.42065 -0.024709674 -0.004846282 0.99968284 9.510986
0.9543934 -0.29764065 0.02373525 155.4248 0.2973174 0.9546514 0.01623178 133.74121 -0.027488684 -0.008433362 0.9995864 9.484253
0.9601507 -0.27843472 0.024591347 156.46655 0.2780013 0.9603907 0.019629737 134.05933 -0.029082773 -0.012010394 0.9995047 9.465332
0.9663204 -0.25618473 0.025110487 157.51709 0.25568226 0.966539 0.02156848 134.33911 -0.029794263 -0.014423711 0.99945205 9.446411
0.9715261 -0.23545821 0.026401542 158.56885 0.2348882 0.97175074 0.022986513 134.625 -0.031067787 -0.016131721 0.9993873 9.414185
0.9765345 -0.2133601 0.029370073 159.6477 0.21270429 0.976826 0.023923961 134.86963 -0.033794194 -0.017116114 0.99928224 9.391235
0.9810087 -0.19118334 0.032731004 160.76709 0.19039448 0.98137033 0.02575428 135.0835 -0.03704432 -0.019032 0.9991321 9.3498535
0.98498255 -0.1685811 0.03742329 161.88159 0.16758253 0.9854535 0.028412605 135.30176 -0.041668102 -0.021717189 0.9988959 9.328003
0.98851544 -0.14531411 0.04147867 163.0 0.14410795 0.9890848 0.030733202 135.47876 -0.045491673 -0.024401426 0.9986662 9.278198
0.99141854 -0.12388736 0.04180173 164.17041 0.12261344 0.9919484 0.031787507 135.63574 -0.045402125 -0.026390217 0.9986202 9.235352
0.9939764 -0.102157936 0.03972901 165.2893 0.100919634 0.994381 0.032023385 135.77222 -0.042776324 -0.027821697 0.9986972 9.196655
0.9959608 -0.08063495 0.03950457 166.46191 0.07941574 0.99634373 0.031514984 135.88159 -0.041901004 -0.028250065 0.998722 9.143555
0.99730814 -0.060625914 0.041232932 167.6853 0.059428617 0.9977916 0.029662669 135.95142 -0.042940192 -0.02713178 0.9987087 9.104126
0.99823534 -0.040297814 0.043617748 168.85938 0.03900501 0.99878556 0.030099139 136.01392 -0.04477762 -0.028344808 0.99859494 9.065186
0.998756 -0.019940522 0.045713253 170.08325 0.01852733 0.99934334 0.031140255 136.05347 -0.046304125 -0.03025476 0.9984695 9.015747
0.99888986 -0.0005949466 0.047104914 171.31128 -0.00096308225 0.99945325 0.03304585 136.06787 -0.047098815 -0.033054546 0.9983432 8.971069
0.9986373 0.022982068 0.046850678 172.55518 -0.02454797 0.9991498 0.033124235 136.0586 -0.04604972 -0.03422917 0.9983524 8.918457
0.99805045 0.041020263 0.047038835 173.79272 -0.042712677 0.99845505 0.035556767 136.0232 -0.04550814 -0.03749649 0.9982599 8.868652
0.99700534 0.061167553 0.047294762 175.07642 -0.06293185 0.9973402 0.036758844 135.95801 -0.04492039 -0.03962609 0.9982042 8.815063
0.9956018 0.0820304 0.045274965 176.34595 -0.08373206 0.9957999 0.037064213 135.8689 -0.04204506 -0.040691685 0.9982868 8.767212
0.99410486 0.099461176 0.04319289 177.60303 -0.10115285 0.99411064 0.038920972 135.76392 -0.039067704 -0.043059964 0.9983082 8.722046
0.9920612 0.11846775 0.042187415 178.90942 -0.12013755 0.9919702 0.039519873 135.61304 -0.03716651 -0.044274405 0.99832773 8.678345
0.98925596 0.14026916 0.041266724 180.21753 -0.14190872 0.9890786 0.03989815 135.44922 -0.035219915 -0.045325384 0.9983508 8.63623
0.98675656 0.15820356 0.035816237 181.54175 -0.15963194 0.9863121 0.041301876 135.26318 -0.028790597 -0.04647315 0.998504 8.5946045
0.9838294 0.17651941 0.030574217 182.87451 -0.17773956 0.98313296 0.043272953 135.04468 -0.022421757 -0.048007302 0.9985952 8.579956
0.98068136 0.19371925 0.02730141 184.19019 -0.19481812 0.9797649 0.045982715 134.79443 -0.017842155 -0.050411433 0.9985693 8.543945
0.97718036 0.21102028 0.023770425 185.52393 -0.21195306 0.976084 0.048081882 134.53418 -0.013053639 -0.05202436 0.9985607 8.539307
0.9730034 0.22966515 0.022929829 186.87207 -0.23056373 0.97172964 0.050890647 134.23022 -0.010595516 -0.054803476 0.9984412 8.521973
0.9690136 0.24588239 0.023544505 188.20068 -0.24678424 0.9677808 0.049975134 133.91064 -0.010497171 -0.054238357 0.99847263 8.513428
0.96420735 0.26419303 0.022499157 189.55957 -0.26500386 0.96301126 0.048805054 133.55225 -0.008773092 -0.053019058 0.99855506 8.5177
0.9591916 0.2820433 0.020046117 190.9104 -0.2827047 0.95794225 0.049219858 133.16919 -0.0053181453 -0.052877896 0.9985864 8.517334
0.95469224 0.29711857 0.016549876 192.24707 -0.2975789 0.9532974 0.051587578 132.79492 -0.00044798525 -0.05417595 0.9985313 8.518555
0.9497135 0.31266204 0.017235395 193.57153 -0.3131367 0.94825673 0.052580338 132.36035 9.6301315e-05 -0.055332717 0.9984678 8.526001
0.94350123 0.3309589 0.017506227 194.94409 -0.33141696 0.9418953 0.05505454 131.90967 0.0017279224 -0.057744037 0.9983301 8.541016
0.937111 0.34866744 0.016175848 196.32544 -0.34900093 0.93528026 0.058799203 131.41187 0.005370074 -0.060745753 0.99813914 8.545898
0.93014365 0.36693653 0.013960062 197.67676 -0.36709374 0.928276 0.05958452 130.89502 0.008904104 -0.060545158 0.9981258 8.574341
0.9228006 0.3851148 0.012363372 199.04541 -0.38512626 0.92087895 0.060720135 130.34839 0.011996727 -0.060793042 0.9980783 8.588989
0.91552776 0.40212873 0.0077351043 200.40454 -0.40183115 0.9136856 0.06058241 129.76782 0.017293205 -0.058574848 0.9981339 8.627808
0.907228 0.42058218 0.004789276 201.73462 -0.41999674 0.9052343 0.06426713 129.18262 0.022690598 -0.06031632 0.99792206 8.665283
0.89754903 0.44080156 0.0031487597 203.07788 -0.43999296 0.89542276 0.06733371 128.57446 0.026870966 -0.06181894 0.99772507 8.705933
0.8850309 0.46545643 0.004120146 204.40088 -0.46456763 0.8827206 0.07020529 127.90381 0.029040948 -0.064047 0.9975246 8.752075
0.8716035 0.4902702 0.0053082104 205.73608 -0.4892599 0.8690007 0.074502975 127.183105 0.031899277 -0.06753526 0.9972079 8.81311
0.85812795 0.5134012 0.005015454 207.06519 -0.51214635 0.8552602 0.07889851 126.461914 0.036219887 -0.07027122 0.9968697 8.872192
0.8416686 0.5398604 0.005582793 208.33179 -0.5384243 0.8385802 0.0822737 125.68164 0.039744157 -0.07225058 0.9965939 8.939331
0.82660496 0.5626494 0.0047839405 209.62915 -0.5610456 0.8235428 0.08292413 124.84985 0.042736057 -0.071232736 0.99654317 9.017944
0.80995595 0.58631754 0.0044382056 210.89062 -0.58453023 0.8068485 0.08447883 123.98877 0.04596463 -0.071018025 0.9964152 9.09082
0.7934432 0.6086449 0.0021545324 212.12622 -0.6065521 0.79041344 0.085708916 123.07471 0.05046096 -0.069302075 0.9963177 9.178467
0.77655494 0.63022226 -0.00032544695 213.31177 -0.62776506 0.7735722 0.087838024 122.15991 0.05558727 -0.068006285 0.9961356 9.271851
0.7591948 0.65077096 -0.0018328358 214.49341 -0.6480316 0.7562521 0.08955908 121.19263 0.059678104 -0.06680157 0.9959794 9.362549
0.7427716 0.6693601 -0.0032772021 215.66675 -0.6663637 0.73989284 0.09102952 120.17627 0.06335939 -0.06543622 0.9958446 9.47644
0.7273149 0.68633467 -0.0033128397 216.81372 -0.683245 0.7244796 0.091416694 119.14453 0.06514947 -0.064233765 0.9958064 9.582397
0.71063286 0.703566 -0.004243738 217.90771 -0.7003255 0.7079123 0.09180887 118.11157 0.06758915 -0.062280077 0.9957688 9.691528
0.6958849 0.71822494 -0.006413296 219.00513 -0.7147599 0.6933492 0.092351645 117.015625 0.070771925 -0.059697483 0.995706 9.813232
0.68018305 0.73289275 -0.008432554 220.07959 -0.7291795 0.67781085 0.09339835 115.90503 0.074175656 -0.0573848 0.9955935 9.934448
0.66563684 0.74629676 -0.010932998 221.10669 -0.7422151 0.663398 0.09576703 114.80786 0.0787095 -0.0556414 0.9953448 10.061768
0.65127444 0.75882065 -0.011330273 222.13525 -0.75451094 0.6490337 0.09778842 113.649414 0.08155723 -0.05514943 0.9951429 10.188477
0.63268095 0.77425194 -0.011702269 223.15625 -0.7698327 0.6305546 0.098208904 112.458984 0.08343228 -0.053119816 0.9950959 10.334473
0.6171722 0.78668034 -0.0089506395 224.12402 -0.7822751 0.61484545 0.09931015 111.27637 0.08362567 -0.054300025 0.99501824 10.472412
0.60033107 0.79961544 -0.0044105505 225.08179 -0.7953183 0.59766 0.10036201 110.07544 0.0829019 -0.05673315 0.9949405 10.617798
0.5816016 0.81338906 0.00091363303 226.01001 -0.80929565 0.5785627 0.10084432 108.840576 0.08150028 -0.059386246 0.99490213 10.757324
0.56395864 0.8257983 0.0046184524 226.91333 -0.82177067 0.560637 0.101927474 107.60742 0.08159899 -0.06127921 0.99477935 10.906616
0.5451565 0.8383093 0.0073238784 227.73975 -0.834115 0.5415118 0.10501074 106.37427 0.08406962 -0.063351825 0.9944434 11.0529785
0.5276196 0.84945947 0.010202557 228.55908 -0.8450242 0.5235517 0.10905863 105.13257 0.08731224 -0.0661778 0.9939819 11.199951
0.50839746 0.8610115 0.013260081 229.34912 -0.85672426 0.50419074 0.10861907 103.864746 0.08685666 -0.06659435 0.9939935 11.352783
0.48565298 0.8740241 0.017278537 230.08691 -0.8700136 0.48130324 0.10721987 102.59595 0.08540941 -0.06710545 0.99408346 11.499756
0.46416995 0.8855274 0.021227026 230.78662 -0.8819045 0.45976737 0.10448623 101.33032 0.082768604 -0.06719849 0.9942984 11.643921
0.44454762 0.89537424 0.025178242 231.45996 -0.8920276 0.43998286 0.103207335 100.05005 0.081347026 -0.0683411 0.9943398 11.78772
0.4226562 0.90595907 0.026307825 232.09888 -0.90264875 0.4181389 0.10233688 98.75806 0.0817286 -0.066989824 0.9943996 11.928223
0.40116408 0.91553926 0.028436992 232.69482 -0.91233754 0.3966097 0.1014453 97.47461 0.081617385 -0.06663258 0.99443287 12.064575
0.37980643 0.92456174 0.028322998 233.24927 -0.9213498 0.37541467 0.100243434 96.204346 0.08206736 -0.064183675 0.9945591 12.199097
0.3558284 0.9339908 0.027744617 233.78442 -0.93064964 0.3515856 0.100019686 94.90283 0.08366647 -0.061419122 0.99459976 12.337158
0.33705688 0.94109184 0.027093574 234.25562 -0.937659 0.33295518 0.09968074 93.64575 0.084791735 -0.05903909 0.9946514 12.471924
0.31403646 0.9489949 0.026910719 234.71606 -0.94568676 0.31019533 0.09690353 92.33765 0.08360445 -0.05587156 0.9949306 12.610962
0.29470992 0.95523363 0.02730613 235.13501 -0.95187914 0.29091063 0.09676787 91.05664 0.08448343 -0.054479435 0.9949318 12.74353
0.2738682 0.9613442 0.02844259 235.52588 -0.95760715 0.2698223 0.10089967 89.7937 0.08928745 -0.05484744 0.99449235 12.880737
0.2544935 0.96661717 0.031035997 235.8938 -0.9621141 0.2497885 0.109633684 88.52002 0.098213345 -0.05774889 0.9934873 13.022339
0.2342307 0.9715975 0.03336238 236.22998 -0.96637994 0.2289623 0.11691736 87.27075 0.10591264 -0.059622776 0.99258524 13.170654
0.21576583 0.97560894 0.03780409 236.53467 -0.9701471 0.20988125 0.12068075 86.02515 0.1098197 -0.06272802 0.9919713 13.325195
0.19409281 0.980053 0.042057343 236.82251 -0.9746021 0.18778695 0.121779084 84.76465 0.111464925 -0.064623505 0.99166477 13.479004
0.17646955 0.9831649 0.047075015 237.07642 -0.97802794 0.16976212 0.12089366 83.532715 0.11083676 -0.06737255 0.9915515 13.638306
0.15558706 0.98640937 0.052116334 237.30933 -0.9814269 0.14839731 0.12127298 82.295654 0.11186606 -0.07000773 0.99125254 13.797241
0.13813362 0.98895836 0.053070895 237.50366 -0.98407733 0.13102442 0.1198102 81.06299 0.11153501 -0.06874379 0.9913765 13.953003
0.11995398 0.99120647 0.05557083 237.67798 -0.98650414 0.112735406 0.11863395 79.84497 0.1113019 -0.069076054 0.9913848 14.100342
