1.000000000000000000e+00 -3.306050084167601550e-19 -2.270457535318767223e-19 -8.673617379884035472e-19 7.546676715296109287e-19 1.000000000000000000e+00 6.237773588823049983e-19 1.387778780781445676e-17 -3.447385680526250622e-20 4.770700176052009879e-20 1.000000000000000222e+00 5.551115123125782702e-17
9.999502760545553315e-01 -2.065515837987012653e-03 9.760082751886755767e-03 9.655251047425636446e-04 2.048544018034103090e-03 9.999963752434599673e-01 1.749175248602996644e-03 -2.874418219487279158e-03 -9.763661530667083061e-03 -1.729100233963371154e-03 9.999508883176161378e-01 2.920265387946988089e-01
9.998343726515082075e-01 -5.512724832554390976e-03 1.734311273915425250e-02 1.766020162157141971e-02 5.491798085886897413e-03 9.999841261281255944e-01 1.254381235791615559e-03 -1.318258130380359217e-02 -1.734975612514486412e-02 -1.158897721686933833e-03 9.998487880932303007e-01 5.788306879110194370e-01
9.997555126672665882e-01 -8.383080363288813314e-03 2.046209336163517731e-02 2.717856554620340370e-02 8.377950937971518491e-03 9.999648544407859774e-01 3.364070327288232252e-04 -2.106528974441689017e-02 -2.046419472189023661e-02 -1.649231435062297737e-04 9.997905767815656874e-01 8.718116534286600716e-01
9.997797192681713296e-01 -9.154962850118457396e-03 1.888430874479838165e-02 3.468742453445448903e-02 9.175361108740733365e-03 9.999574223922113037e-01 -9.936224584847469076e-04 -2.381713389971328032e-02 -1.887441193263695444e-02 1.166704422274524771e-03 9.998211283171872799e-01 1.180039710644985806e+00
9.998708388013657355e-01 -1.139634647087350329e-02 1.133150973581551098e-02 3.945908399860931226e-02 1.142573163026845869e-02 9.999315740282419540e-01 -2.530609083279468027e-03 -2.730357501296662437e-02 -1.130189674991901455e-02 2.659739670533620322e-03 9.999325849197212568e-01 1.498461793709165990e+00
9.999038170529654934e-01 -1.374584457576145599e-02 1.822561647765387873e-03 2.486889870740438893e-02 1.375297257012297186e-02 9.998975531261260485e-01 -3.955801633886956055e-03 -3.305962631437965593e-02 -1.767986091982285107e-03 3.980497636532321151e-03 9.999904904013532381e-01 1.819254503081497498e+00
9.998129957790808930e-01 -1.242205941303746279e-02 -1.481816773421747516e-02 3.008059833541085540e-03 1.235187558309349364e-02 9.999121186338618683e-01 -4.816082436876915028e-03 -4.119893232161139784e-02 1.487670664910139412e-02 4.632117368149349379e-03 9.998785743039459994e-01 2.145442542931421226e+00
9.993698152461343298e-01 -8.126986207352722771e-03 -3.455087887959235049e-02 -3.653282633574676114e-02 7.957850957377521697e-03 9.999556617448198681e-01 -5.029925010645398820e-03 -4.752123833756177751e-02 3.459022760038416022e-02 4.751777590364033264e-03 9.993902217280707934e-01 2.488305717822023588e+00
9.985118681997627865e-01 -4.077876801686976596e-03 -5.437839418009067505e-02 -7.430386632296964722e-02 3.742260188612792776e-03 9.999733016121590268e-01 -6.272560898909868357e-03 -5.411727958542750239e-02 5.440252791116955561e-02 6.059678034857473444e-03 9.985005040924972430e-01 2.836741702895663408e+00
9.971669360618178324e-01 -3.363363923164521246e-03 -7.514801281295863111e-02 -1.219359066165346533e-01 2.895338837354249645e-03 9.999757305529595186e-01 -6.334883943872442365e-03 -5.935811903161383740e-02 7.516751518616625327e-02 6.099336629208882386e-03 9.971524536244807946e-01 3.201160684217206676e+00
9.954496894698310339e-01 -4.708367055680273520e-03 -9.517066005163504760e-02 -1.740341973475300896e-01 4.184433772157224868e-03 9.999749664558341689e-01 -5.704355774651192514e-03 -6.649992786345484963e-02 9.519514599363693153e-02 5.280027814003512669e-03 9.954445085411929295e-01 3.581362120573148289e+00
9.931599482218840258e-01 -5.669996978777884326e-03 -1.166402759403002976e-01 -2.277910410804024899e-01 5.175787957996245969e-03 9.999762788384815027e-01 -4.540151993816813648e-03 -7.041916287244572026e-02 1.166632638852152098e-01 3.905449698997679690e-03 9.931657315005782971e-01 3.963798021397725524e+00
9.912595477145870193e-01 -5.901803946404242905e-03 -1.318170730845764915e-01 -3.056980538089510979e-01 5.390075816625804553e-03 9.999764614918176253e-01 -4.239223176854921629e-03 -7.985963944942833792e-02 1.318390098210669992e-01 3.491698812843540417e-03 9.912680605987407301e-01 4.357061273310356420e+00
9.888612222892455561e-01 -3.430235926437340266e-03 -1.487802086463452800e-01 -3.912714748700407696e-01 2.999591618719163813e-03 9.999906683225682213e-01 -3.119895863263683761e-03 -9.157577398088855014e-02 1.487895301643055168e-01 2.638956888526942587e-03 9.888622307298917669e-01 4.773905388936765526e+00
9.868584195773447698e-01 -2.921500398180914941e-03 -1.615483358213695153e-01 -4.748116972731644680e-01 2.436644684878180173e-03 9.999919184020397145e-01 -3.199315507701739041e-03 -9.725661384954024935e-02 1.615563974767865729e-01 2.763649406077071675e-03 9.868575763730328410e-01 5.196471590236029670e+00
9.847754088044420318e-01 -4.598781936518219447e-03 -1.737757564364870444e-01 -5.676423885239646472e-01 3.961752278947155113e-03 9.999840771775428960e-01 -4.012047030265938549e-03 -1.038075737167495766e-01 1.737914599023537565e-01 3.262476414782162007e-03 9.847780105847878662e-01 5.634275406400682584e+00
9.829241075691501628e-01 -7.473015804314979589e-03 -1.838611353459445596e-01 -6.529566117907092959e-01 6.466738810779901203e-03 9.999606668485954142e-01 -6.072731575477864630e-03 -1.160549865126094815e-01 1.838993027552568438e-01 4.780104899439089478e-03 9.829338095475562698e-01 6.087704245873105435e+00
9.815891592029949431e-01 -6.022513732724358790e-03 -1.908632102853494716e-01 -7.497094101354451201e-01 4.606887362020572856e-03 9.999584831312949840e-01 -7.859889111461612621e-03 -1.244676221495136237e-01 1.909026268671785709e-01 6.835693109823164776e-03 9.815761560360718452e-01 6.541687061255066382e+00
9.800073268643513247e-01 -6.377042406645824953e-03 -1.988620913440592164e-01 -8.564393316893007535e-01 4.534375923700960549e-03 9.999424610624327858e-01 -9.721155759251859721e-03 -1.263773174795058685e-01 1.989126338748229694e-01 8.625504307161207043e-03 9.799798571347091425e-01 7.018427745466148338e+00
9.785197216749652593e-01 -7.333299767291467063e-03 -2.060124924199139840e-01 -9.684994917331568587e-01 4.813018906458447002e-03 9.999073802903492014e-01 -1.273038171095410703e-02 -1.362500459479942805e-01 2.060867888829202577e-01 1.146550762790558495e-02 9.784643751426875813e-01 7.503876192496366393e+00
9.768454286870857928e-01 -1.131041365704176828e-02 -2.136776261043685510e-01 -1.079039372370868222e+00 8.433199215247332708e-03 9.998611155816460316e-01 -1.437298470511139820e-02 -1.468683170489963885e-01 2.138105374017837679e-01 1.223817910026943866e-02 9.768052302712162405e-01 8.004992766871408705e+00
9.749026834082202830e-01 -1.714291825488635165e-02 -2.219976563450844209e-01 -1.195370369997257765e+00 1.401492933452642455e-02 9.997792295147345243e-01 -1.566303430375715414e-02 -1.624065097467888297e-01 2.222170719593621058e-01 1.215973762197405418e-02 9.749277243374825375e-01 8.518752107588252187e+00
9.731866792575637470e-01 -1.776722555421985511e-02 -2.293547390037856959e-01 -1.329610745994026066e+00 1.415857311868736097e-02 9.997488716794614705e-01 -1.737653400487204972e-02 -1.848127387885037110e-01 2.296058151762369604e-01 1.366365195939863060e-02 9.731938307196219551e-01 9.035400294279117617e+00
9.708338871736427178e-01 -1.326877032163647184e-02 -2.393732916613913186e-01 -1.479597052547797498e+00 8.350447094167849291e-03 9.997329938218961765e-01 -2.155173728799508748e-02 -1.851154211565113061e-01 2.395952457309031558e-01 1.892491043554913807e-02 9.706854102070066048e-01 9.570509369321790416e+00
9.691828734028339332e-01 -1.121560460739450156e-02 -2.460679738201972944e-01 -1.637611836382437236e+00 5.235000662559102270e-03 9.996751253752711452e-01 -2.494637681917502917e-02 -2.046655841808998344e-01 2.462678186138171355e-01 2.288940781038007605e-02 9.689267326099875177e-01 1.011464808950779037e+01
9.666356588618675305e-01 -1.384868987900594352e-02 -2.557188401284022361e-01 -1.787850986774035755e+00 7.297009524509587806e-03 9.996208946853804012e-01 -2.654884527857275661e-02 -2.246492600317302746e-01 2.559894997734272204e-01 2.379709009888876167e-02 9.663704091144954544e-01 1.067821868249877149e+01
9.642771264885551252e-01 -1.533209302484733749e-02 -2.645230858584521338e-01 -1.945848254348034434e+00 8.029399149386396914e-03 9.995565579962099045e-01 -2.867254291721281143e-02 -2.513992496031260404e-01 2.648454998111653413e-01 2.552423558290071309e-02 9.639728121354134149e-01 1.125087390573965251e+01
9.623611537119700632e-01 -1.536082951254924382e-02 -2.713142770014530525e-01 -2.119989785474994282e+00 7.124412390404825761e-03 9.994842177299718688e-01 -3.132431853815936806e-02 -2.708148179826935786e-01 2.716554016152947781e-01 2.821231724981288630e-02 9.619743493031450710e-01 1.183350629815562982e+01
9.600594498592125436e-01 -1.466507106395005533e-02 -2.794083796946195131e-01 -2.307581997112642114e+00 5.037345360174644814e-03 9.993695901078697430e-01 -3.514201003071832502e-02 -2.903061599171009588e-01 2.797476111262818255e-01 3.233114107827612244e-02 9.595280742525835738e-01 1.242022853650059311e+01
9.580812644259395494e-01 -1.650954486768780108e-02 -2.860254742844010600e-01 -2.499625369552258558e+00 5.365970757293177240e-03 9.991972209670257898e-01 -3.970291663541516969e-02 -3.224062525484868713e-01 2.864514530735233766e-01 3.650299533243415995e-02 9.574009226804602868e-01 1.301880669418077652e+01
9.561139829614188068e-01 -1.647058646653606212e-02 -2.925268274399570601e-01 -2.698150935937207784e+00 2.750324458228089759e-03 9.988792130741361852e-01 -4.725561731105216989e-02 -3.606957481990956671e-01 2.929773051070694301e-01 4.437697334879375094e-02 9.550878329027387981e-01 1.363170816584942457e+01
9.548190427722266227e-01 -1.787241119563680314e-02 -2.966742600245689809e-01 -2.897456256014557141e+00 1.472208718286392194e-03 9.984623871100712922e-01 -5.542064124502202316e-02 -3.970386327650031744e-01 2.972082361776915427e-01 5.248187801803514546e-02 9.533771003529929455e-01 1.425361728016070373e+01
9.540772770342320630e-01 -1.775497043241740583e-02 -2.990326569361271836e-01 -3.110166540550608705e+00 -1.666119057916131069e-03 9.979120372520596804e-01 -6.454868251337624041e-02 -4.394605474450424265e-01 2.995544774250986642e-01 6.208305601470260476e-02 9.520555522755981270e-01 1.489339432925765294e+01
9.523589296974677154e-01 -1.705896155312392956e-02 -3.044284193980901221e-01 -3.328914326239544419e+00 -5.463062974095270891e-03 9.973200147829288653e-01 -7.296456719517865896e-02 -4.880941366547341120e-01 3.048567685016485562e-01 7.115307520018765430e-02 9.497134815335502855e-01 1.553495184611984392e+01
9.514443383022850309e-01 -1.660523393301098841e-02 -3.073126901597175165e-01 -3.550001767225518190e+00 -8.381259123833247754e-03 9.967762145840297627e-01 -7.980563302745176391e-02 -5.470036105587188224e-01 3.076466792233829572e-01 7.850806178833481808e-02 9.482380133024976843e-01 1.619086755586747373e+01
9.497523117267122617e-01 -1.473811747540002166e-02 -3.126570423765963613e-01 -3.785636234504752284e+00 -1.305018194558771154e-02 9.961576016929201138e-01 -8.660198929523447997e-02 -6.079290440988625033e-01 3.127314268091897498e-01 8.633315678065603405e-02 9.459108153592068469e-01 1.685468440215855424e+01
9.483764548324191690e-01 -1.367495374326811383e-02 -3.169083771726599053e-01 -4.030938230542162160e+00 -1.656996677378913888e-02 9.955688613043290891e-01 -9.254012457058519159e-02 -6.763796451221348871e-01 3.167700495416515549e-01 9.301260423379204001e-02 9.439474069467480577e-01 1.753189251280894112e+01
9.468151011251084714e-01 -1.135613640787113375e-02 -3.216262043850591779e-01 -4.284567658494770725e+00 -2.135909986152054879e-02 9.949548530282920078e-01 -9.803645111048021887e-02 -7.519190898803417289e-01 3.211168296257776444e-01 9.969251568216656867e-02 9.417956505333368034e-01 1.822325957308523314e+01
9.453388445182707711e-01 -8.386687118025338075e-03 -3.259629780404892374e-01 -4.541078475628490985e+00 -2.640559326464997011e-02 9.944174161486871721e-01 -1.021747046879551979e-01 -8.258075640177151566e-01 3.249993802966580358e-01 1.052004317501853692e-01 9.398400323056070871e-01 1.892266280538578016e+01
9.433255415447034942e-01 -7.103065585406570862e-03 -3.317444389027210394e-01 -4.808645147351798599e+00 -2.878628501112924509e-02 9.942513689568910351e-01 -1.031288899070089971e-01 -9.049275446961838609e-01 3.305691337159303855e-01 1.068370335188008613e-01 9.376983437479784467e-01 1.963265401651610631e+01
9.407043987489711601e-01 -6.468417628120193621e-03 -3.392039364619999775e-01 -5.080203778762967026e+00 -2.976693702051126308e-02 9.943874667756901209e-01 -1.015174553584179129e-01 -9.909067230646226854e-01 3.379567248871804819e-01 1.055946730553067592e-01 9.352322096973545440e-01 2.035485136611769619e+01
9.386348729813887015e-01 -6.905485050729553639e-03 -3.448953186527596859e-01 -5.358198841590013473e+00 -2.951426519801261805e-02 9.945242749301392848e-01 -1.002499090418937644e-01 -1.075847328316753115e+00 3.436993656792099450e-01 1.042760204648027628e-01 9.332914598651139704e-01 2.107830390694219957e+01
9.362618456006054357e-01 -6.626236761267513195e-03 -3.511961443737992572e-01 -5.640407013232046296e+00 -2.999221649089519465e-02 9.946639605157661101e-01 -9.870409017500803017e-02 -1.163033315119202715e+00 3.499758672849573871e-01 1.029475395453671033e-01 9.310673279053877094e-01 2.180908741187940691e+01
9.337284037711537366e-01 -7.255718911983723325e-03 -3.579146783807658494e-01 -5.942102249715882856e+00 -2.884419683362112602e-02 9.950188073380188403e-01 -9.543357379537616147e-02 -1.249086336052306789e+00 3.568240556945114217e-01 9.943426996637380610e-02 9.288682597770582250e-01 2.253785825810820853e+01
9.294799781205530520e-01 -4.825026398106898630e-03 -3.688316730489207829e-01 -6.257943375784846829e+00 -3.067975555689680944e-02 9.954387136786454482e-01 -9.035192334719263640e-02 -1.327394429943073995e+00 3.675850365930239394e-01 9.529807920807978339e-02 9.250923589019433013e-01 2.330906745184325857e+01
9.266530491874233055e-01 -2.431023882248582388e-03 -3.759647739843449132e-01 -6.584002156881312295e+00 -3.176588615416681138e-02 9.958960066674863443e-01 -8.474858092234305307e-02 -1.411282512358012386e+00 3.746276537607035606e-01 9.047556328558950534e-02 9.227730166510416110e-01 2.406086046777971532e+01
9.229898731342756069e-01 3.103883953180573116e-05 -3.848297494459499979e-01 -6.914836107406555854e+00 -3.383974059904017173e-02 9.961326241943010418e-01 -8.109926765228749057e-02 -1.486888807658889311e+00 3.833385937511871178e-01 8.787925849451226623e-02 9.194215137874514054e-01 2.481094336977213644e+01
9.193759873212917766e-01 2.323522193087782482e-03 -3.933064912298308569e-01 -7.255842344102084951e+00 -3.617116916263138360e-02 9.962455787657304995e-01 -7.865105421885235093e-02 -1.564611230765198258e+00 3.916465634311021016e-01 8.654017750951842336e-02 9.160083658397053519e-01 2.557315107368738083e+01
9.155635874664777019e-01 1.922195891641023191e-03 -4.021712454218022148e-01 -7.606089596543623266e+00 -3.651917674126346769e-02 9.962549243345955041e-01 -7.837926481844120774e-02 -1.641095627301764281e+00 4.005152369509847876e-01 8.644382507421417838e-02 9.122043773361951935e-01 2.634483997178281101e+01
9.120611111631903301e-01 2.447252636472611181e-03 -4.099890791840365423e-01 -7.966369595771802814e+00 -3.738004395344136921e-02 9.963149512837518040e-01 -7.717499084202551762e-02 -1.710853663125598834e+00 4.082893148098279412e-01 8.571274962317181056e-02 9.087912792621951619e-01 2.711943745172657927e+01
9.080712744147647619e-01 3.021642897239915776e-03 -4.187541235915763771e-01 -8.349481118096177212e+00 -3.816921717326409585e-02 9.964095709840901094e-01 -7.558916531350470813e-02 -1.784530608095535431e+00 4.170217532323106102e-01 8.462954375688935826e-02 9.049262099791057778e-01 2.790612402839967743e+01
9.042928830037265664e-01 2.374855617722075249e-03 -4.268325726397028674e-01 -8.727915540993013366e+00 -3.714382513956922260e-02 9.966300266575551792e-01 -7.312342999446080904e-02 -1.854659341168405584e+00 4.252199719872232220e-01 8.198242375966510731e-02 9.013337341108437206e-01 2.869635386800267440e+01
9.010920687723737998e-01 2.142124233606290586e-03 -4.335980306194255340e-01 -9.124816368697587166e+00 -3.585132167846945273e-02 9.969322331689396410e-01 -6.957262562327307109e-02 -1.925277362855987384e+00 4.321186921845777684e-01 7.823748649941808520e-02 8.984044380832534316e-01 2.949204890485385633e+01
8.966487268413254608e-01 4.240795884208074275e-03 -4.427588009527689272e-01 -9.535309803477405310e+00 -3.615236465131241306e-02 9.973163337992572153e-01 -6.366080159223178048e-02 -1.993408487193290668e+00 4.413008287946614816e-01 7.308469727856670151e-02 8.943954754578979927e-01 3.030473435826079864e+01
8.940007619059129329e-01 4.382178546746513977e-03 -4.480885752062588878e-01 -9.954777143219947888e+00 -3.457500350214173096e-02 9.976454291988975376e-01 -5.920717343056864507e-02 -2.061301311818036996e+00 4.467741025956855627e-01 6.841881076678692220e-02 8.920473013077567792e-01 3.111358373265823474e+01
8.901722887300866915e-01 3.821895082180237942e-03 -4.556363106959855913e-01 -1.038556804886974838e+01 -3.341180799284522440e-02 9.978199950682438146e-01 -5.691792832460002699e-02 -2.131485663911749207e+00 4.544256477628334512e-01 6.589039071243499301e-02 8.883594660986730007e-01 3.193030218246918039e+01
8.860652009270285623e-01 4.547851358699612871e-03 -4.634987293227358918e-01 -1.082919052451114617e+01 -3.430278811671500644e-02 9.978534310070377167e-01 -5.578418069135056973e-02 -2.186369140850994874e+00 4.622497759237065296e-01 6.533200806497715951e-02 8.843194356928871791e-01 3.275042234023671739e+01
8.844901058760092916e-01 5.307965663700909761e-03 -4.665588461658128905e-01 -1.128274462615321028e+01 -3.425830530040969296e-02 9.979749038469478695e-01 -5.359777492017822609e-02 -2.247232055194389400e+00 4.653298240639644479e-01 6.338808283266059163e-02 8.828805637023360298e-01 3.358465239387283674e+01
8.812251379656953487e-01 3.338321312789002595e-03 -4.727126318009930994e-01 -1.174709774787481464e+01 -3.202558690801815544e-02 9.980990351579367426e-01 -5.266191511069589354e-02 -2.308788916555393200e+00 4.716387130535940053e-01 6.154242834396652512e-02 8.796566971232556709e-01 3.443672234408253985e+01
8.784936235574354324e-01 2.322032415937891250e-03 -4.777668836890638371e-01 -1.221851469324504436e+01 -3.097077000769010713e-02 9.981616869339001719e-01 -5.209618486624614103e-02 -2.360939564077160657e+00 4.767678877802652426e-01 6.056017211659233540e-02 8.769503532850625449e-01 3.529554062105947310e+01
8.775203661804330535e-01 2.720424544959638979e-03 -4.796290930262763763e-01 -1.270285628669877198e+01 -3.161871335230805047e-02 9.981360027879178087e-01 -5.218085518085575913e-02 -2.420792817423130572e+00 4.785932288044861815e-01 6.095042854805123728e-02 8.759708378340175239e-01 3.615738739379757760e+01
8.747339842453162317e-01 1.739757213521966146e-03 -4.845172189704736176e-01 -1.320031259000619883e+01 -3.137089777209658981e-02 9.980993587336955963e-01 -5.305862652987937411e-02 -2.483769173380411033e+00 4.835043146350143650e-01 6.161333523341298857e-02 8.731257005237960112e-01 3.702299962295727198e+01
8.751644953160235829e-01 2.155197727745782662e-03 -4.837255071148415797e-01 -1.370333364031005807e+01 -3.109857680519495862e-02 9.981727167445496596e-01 -5.181766853797848543e-02 -2.543042957635678114e+00 4.827297153143956243e-01 6.039790142920214294e-02 8.736322493804670186e-01 3.790898118143768158e+01
8.756045716353956232e-01 2.169474482111750924e-03 -4.830170525962786399e-01 -1.420898949314272208e+01 -3.011488910054486989e-02 9.982895039414280136e-01 -5.010325203988407611e-02 -2.601706418106508600e+00 4.820818326844931723e-01 5.842037645882958846e-02 8.741725285605970175e-01 3.880468264101341447e+01
8.754453785740360372e-01 7.402091733927352018e-04 -4.832319396271755885e-01 -1.472771547551269222e+01 -2.842186381129412076e-02 9.983470944502136346e-01 -4.994127587440922583e-02 -2.667355589983309905e+00 4.823962221362430025e-01 5.745563278197562962e-02 8.740193212567564096e-01 3.971530303925548111e+01
8.752128153931153509e-01 -3.429899293163826690e-04 -4.836522997555688930e-01 -1.524194294490200186e+01 -2.745471338307990672e-02 9.983526249140717290e-01 -5.038254780220473295e-02 -2.728414824192697985e+00 4.828727681492760437e-01 5.737629139752630641e-02 8.737616490025053029e-01 4.063331821522769616e+01
8.738298323217833508e-01 -2.800509937815901396e-03 -4.862458636776015863e-01 -1.577465157960190290e+01 -2.522497540629265594e-02 9.983756954756635160e-01 -5.109348311978283846e-02 -2.795121974396390652e+00 4.855991338898114074e-01 5.691359817639102259e-02 8.723398723452232550e-01 4.156501883852116208e+01
8.729156806482913922e-01 -2.591644310437408137e-03 -4.877923579354770389e-01 -1.630300717103707342e+01 -2.482805504447608766e-02 9.984540872165165171e-01 -4.972133347441609619e-02 -2.860619382501243813e+00 4.871674385879841696e-01 5.551210217127070662e-02 8.715019338525690218e-01 4.248745084133747696e+01
8.699765675463297931e-01 -3.277378724351175891e-03 -4.930986376107813762e-01 -1.684060809089435296e+01 -2.210804102683345748e-02 9.987129448945730736e-01 -4.563967319833907993e-02 -2.920189380070916663e+00 4.926137167461382416e-01 5.060604723448014486e-02 8.687845118549043510e-01 4.341989870841035781e+01
8.671266433175524035e-01 -3.327846504770924033e-03 -4.981723797202157744e-01 -1.738332982245979608e+01 -1.977858062914708906e-02 9.989588012926380323e-01 -4.109566831500207490e-02 -2.979672545093854819e+00 4.977907146473927735e-01 4.548508145562348004e-02 8.661579740833524887e-01 4.435003031978126131e+01
8.643543376233522313e-01 -4.322940721788486561e-03 -5.028747277310254837e-01 -1.792963405378222674e+01 -1.835683836128359711e-02 9.990252602662981207e-01 -4.013572856627364155e-02 -3.044052202920033423e+00 5.025580128002447022e-01 4.392371438190099259e-02 8.634325859673142034e-01 4.525032753513769990e+01
8.583211478683583362e-01 -6.876954002064417440e-03 -5.131265200210670674e-01 -1.848666120148749670e+01 -1.647878337836010398e-02 9.990249047423003237e-01 -4.095515245556639178e-02 -3.098464363444500158e+00 5.129081459928006570e-01 4.360430039003234531e-02 8.573707991006147555e-01 4.616909010067550412e+01
8.531967117393419731e-01 -9.055592130013683308e-03 -5.215989259382118881e-01 -1.905427219901472569e+01 -1.631317905995208900e-02 9.988968558083342053e-01 -4.403593875894017129e-02 -3.162932513308915894e+00 5.214224654404886472e-01 4.607803887552125444e-02 8.521077731276780476e-01 4.710300546142867972e+01
8.465091252352250351e-01 -9.772636475890982347e-03 -5.323855390557187262e-01 -1.963222562461616860e+01 -1.632389241526282370e-02 9.988849188257261646e-01 -4.430485298660501170e-02 -3.222243667422135083e+00 5.322248527464015222e-01 4.619456783402438316e-02 8.454057882831044202e-01 4.800149669612150660e+01
8.413498319382898272e-01 -6.140750513297961802e-03 -5.403900462173916175e-01 -2.023149019844669283e+01 -1.748849723799951461e-02 9.991025748845104859e-01 -3.858652546616039153e-02 -3.276341993623802296e+00 5.401420736521448385e-01 4.191768093670306117e-02 8.404873867639309770e-01 4.890510922771856173e+01
8.373469353059688203e-01 -2.975110459281638756e-03 -5.466688405701130016e-01 -2.083309481039991695e+01 -1.886562326872133141e-02 9.992322611559179002e-01 -3.433364570352289563e-02 -3.327683032014664644e+00 5.463514245767141508e-01 3.906265405263813911e-02 8.366479349048431269e-01 4.980040474765530689e+01
8.319985568373432505e-01 -1.652310108405425412e-03 -5.548782148062098019e-01 -2.143588641772218750e+01 -2.135982249432205951e-02 9.991586828736750414e-01 -3.501030324288773726e-02 -3.386383686192329101e+00 5.544693874907037356e-01 4.097803743115482900e-02 8.312633311393541335e-01 5.068915790401063504e+01
8.292882360832301014e-01 -4.794901310661588319e-03 -5.587995080306308315e-01 -2.204533237790945677e+01 -2.121427135137334344e-02 9.989723009024020772e-01 -4.005411529770473017e-02 -3.442181312850089103e+00 5.584177696303892491e-01 4.506637686242833535e-02 8.283341566751040164e-01 5.157546641551792987e+01
8.275362290605456916e-01 -6.650941374451083479e-03 -5.614615290611221221e-01 -2.266430432033923026e+01 -2.372424642678489307e-02 9.986223295572264069e-01 -4.680752052179709688e-02 -3.505619857529146177e+00 5.609997420859643702e-01 5.205160798333159644e-02 8.262382991207229965e-01 5.245047592901156008e+01
8.233450663308858886e-01 -6.805591803245856705e-03 -5.676149053625986207e-01 -2.329007370982924385e+01 -2.482736733956988559e-02 9.985389292333718414e-01 -4.799508539327160955e-02 -3.567390059696721849e+00 5.671123407358292789e-01 5.360919852954294795e-02 8.219731259033329351e-01 5.332729721549347346e+01
8.205980136420977233e-01 -5.494684577528376364e-03 -5.713562041720716689e-01 -2.390141748756026985e+01 -2.389387977169993293e-02 9.987496022560946596e-01 -4.391379866079395816e-02 -3.631664826745199637e+00 5.708829381490748700e-01 4.969207306501362276e-02 8.194406669730541770e-01 5.420989692512686275e+01
8.163562243575479549e-01 -3.036073147682127622e-03 -5.774475881411914591e-01 -2.454344484769985257e+01 -2.321537314300156987e-02 9.990054810112786177e-01 -3.807222810605195157e-02 -3.689229724990699566e+00 5.769887132911457606e-01 4.449082086674991526e-02 8.154738873779082686e-01 5.508898874981773019e+01
8.132502568574213608e-01 -1.781681877105114687e-03 -5.819064824298684213e-01 -2.517570575745288153e+01 -2.280120000351003665e-02 9.991297999858410606e-01 -3.491635139657765091e-02 -3.744242151077428638e+00 5.814621997624704886e-01 4.166433979885682259e-02 8.125020451693721890e-01 5.596935147123760856e+01
8.124802763612294365e-01 3.792288881212697318e-05 -5.829997428340776278e-01 -2.581921443254817206e+01 -2.545076628906254093e-02 9.990489807437249459e-01 -3.540411296784647111e-02 -3.799716303248397153e+00 5.824439073885887552e-01 4.360387459091911999e-02 8.117087103861957420e-01 5.683928194046501403e+01
8.073762857834243523e-01 -2.875386100298243843e-03 -5.901293814436081586e-01 -2.647263042529448995e+01 -2.409804718203737220e-02 9.989931551390026643e-01 -3.784808619623632880e-02 -3.850503666034089889e+00 5.896444336556166954e-01 4.477385812614836924e-02 8.064940401223424926e-01 5.770626460681709347e+01
8.037210048215089886e-01 -4.658827352993759156e-03 -5.950043189961679024e-01 -2.712368890866242310e+01 -2.365742500345818095e-02 9.989284194729795008e-01 -3.977493716692722531e-02 -3.910286143968998651e+00 5.945519120819409142e-01 4.604625496419050695e-02 8.027495286664797502e-01 5.857294583145361599e+01
7.997337554695802542e-01 -6.254474073545901458e-03 -6.003091179592142668e-01 -2.777994968391586283e+01 -2.261419242096230839e-02 9.989223128336917057e-01 -4.053525647839126972e-02 -3.962791800480885307e+00 5.999159401448397322e-01 4.599056613058422061e-02 7.987305302837646170e-01 5.943898699574074129e+01
7.950886830366545865e-01 -6.671876139159855709e-03 -6.063845383461552441e-01 -2.845146405307405146e+01 -2.144610172708204254e-02 9.990048298767260082e-01 -3.910595653772225289e-02 -4.022733726169501978e+00 6.060418834022797130e-01 4.409991765552668391e-02 7.941543823274032077e-01 6.030389764180682022e+01
7.914830117075482008e-01 -6.660383533760857316e-03 -6.109715302255430691e-01 -2.912583950398354204e+01 -2.139881835797093762e-02 9.990256671104245090e-01 -3.859660986193116927e-02 -4.082053867419550564e+00 6.106331498888777354e-01 4.362694157912918452e-02 7.905691948888450282e-01 6.116044646093416048e+01
7.864065494588640126e-01 -6.382614515412131373e-03 -6.177129297178133305e-01 -2.981460754750886011e+01 -2.241400320830936113e-02 9.989933434259593570e-01 -3.886091963494185675e-02 -4.143122883453351335e+00 6.173392478557603313e-01 4.440374123559220204e-02 7.854718178924595673e-01 6.201728944378582753e+01
7.795007821448035612e-01 -9.848246188549255806e-03 -6.262678108487713668e-01 -3.051204749217979284e+01 -2.010101131941452804e-02 9.989682795997231191e-01 -4.071916950356185838e-02 -4.201694808310596940e+00 6.260227276704285471e-01 4.432809678088897587e-02 7.784983755227770086e-01 6.287028390920595911e+01
7.754308225121080422e-01 -1.040456507526416573e-02 -6.312692610246778413e-01 -3.121513300920491218e+01 -1.991934617503056393e-02 9.989635908620091431e-01 -4.094197451452714215e-02 -4.258177362399618637e+00 6.310408877994135857e-01 4.432587702872332197e-02 7.744197045343609309e-01 6.371959123752679233e+01
7.686751705258757505e-01 -1.220214543485992863e-02 -6.395610886627717262e-01 -3.192614138522896283e+01 -1.927566502313151839e-02 9.989221171363338314e-01 -4.222668910892718452e-02 -4.317830420844960493e+00 6.393874301537805227e-01 4.477997683187356220e-02 7.676112356112587687e-01 6.455872794008914184e+01
7.638327964107589629e-01 -1.381666347033043592e-02 -6.451699592297813757e-01 -3.264578787387956993e+01 -1.820981147301680217e-02 9.989115321311236029e-01 -4.294246856927902423e-02 -4.381370585962113928e+00 6.450608913473293571e-01 4.455257057958345035e-02 7.627497701214478454e-01 6.539962866478656167e+01
7.575930840852834747e-01 -1.444620811591256632e-02 -6.526772621142885589e-01 -3.338539158734081269e+01 -1.778974562523769065e-02 9.989267847161831249e-01 -4.276765872478432984e-02 -4.441779136815441120e+00 6.525949181493677642e-01 4.400649315050812749e-02 7.565229387775740388e-01 6.624101782274867389e+01
7.510996368487234953e-01 -1.488431576639751355e-02 -6.599597551504277071e-01 -3.413024182368071990e+01 -1.709162617788164557e-02 9.989723729482098413e-01 -4.197804623885080522e-02 -4.497893195445612058e+00 6.599063320254748843e-01 4.281085679451379633e-02 7.500733659316738411e-01 6.708010311520200730e+01
7.452149208870804120e-01 -1.610481726918443907e-02 -6.666192512134265780e-01 -3.488170123900094666e+01 -1.534741085422977949e-02 9.990291708625761435e-01 -4.130029737871528106e-02 -4.562342253890829369e+00 6.666370359285859193e-01 4.101364508835420031e-02 7.442444632048725861e-01 6.790927241405290715e+01
7.387285146404676262e-01 -1.751395526665447400e-02 -6.738899613332335337e-01 -3.565132019398970442e+01 -1.429204385992576681e-02 9.990305313709357815e-01 -4.163599894544545155e-02 -4.625432750690839256e+00 6.739658201755032163e-01 4.039017409891257349e-02 7.377621608443707402e-01 6.874244066950063825e+01
7.314343997392720453e-01 -1.960277471180934747e-02 -6.815411338208448022e-01 -3.642878879346471876e+01 -1.355521098937987473e-02 9.989711856049607874e-01 -4.327600616473030459e-02 -4.690252188439602676e+00 6.816885123688161130e-01 4.089198500086062282e-02 7.304162816449031315e-01 6.955755968182558036e+01
7.282185191831888060e-01 -1.867288618231184236e-02 -6.851007461381992680e-01 -3.721865949297263398e+01 -1.497346822787311293e-02 9.989565336851561339e-01 -4.314759525478377433e-02 -4.750955609464230456e+00 6.851918067192186435e-01 4.167649876785919916e-02 7.271792929301478248e-01 7.037380433041813887e+01
7.218841199570800171e-01 -1.913077214865285119e-02 -6.917425005727707576e-01 -3.801528974932857352e+01 -1.450023453840594209e-02 9.989801578701611451e-01 -4.274632508799495328e-02 -4.811030482621293736e+00 6.918548876468199049e-01 4.088931087385231505e-02 7.208705725794055663e-01 7.119013653340128656e+01
7.173373699824974192e-01 -1.763832347744832829e-02 -6.964201688396327583e-01 -3.882358196894311675e+01 -1.615153126101365536e-02 9.989898356122116629e-01 -4.193743019976479275e-02 -4.873556051609696738e+00 6.964565392220999351e-01 4.133099627425422529e-02 7.163278904593681773e-01 7.200563415596653272e+01
7.108776091027350086e-01 -1.875469487373701213e-02 -7.030533934305811528e-01 -3.965034969856795044e+01 -1.629342369375933949e-02 9.989369007532279410e-01 -4.312081355773263180e-02 -4.940079206341824403e+00 7.031150944786429546e-01 4.210435393285764938e-02 7.098163752682439265e-01 7.282948742761153937e+01
7.063924010378221929e-01 -2.042460474629597192e-02 -7.076321118227907325e-01 -4.047799185172022618e+01 -1.701916429573073833e-02 9.988046069802694049e-01 -4.583212346764053285e-02 -5.002874486452712155e+00 7.077224513599114086e-01 4.441669662289741277e-02 7.052002831653801929e-01 7.364116181049885768e+01
7.014859703754372511e-01 -2.318208556250314287e-02 -7.124566186400188572e-01 -4.129779467010054361e+01 -1.673441896480441782e-02 9.986596035403623173e-01 -4.897744095921971463e-02 -5.074840371115285187e+00 7.126373042875967512e-01 4.627585799635337144e-02 7.001577302796045954e-01 7.444212003235404040e+01
6.965643871242950258e-01 -2.371997994798183407e-02 -7.172518769078857215e-01 -4.214777456286554269e+01 -1.699458186871847729e-02 9.986275932132001598e-01 -4.953342442751551555e-02 -5.139839851960701367e+00 7.174427829740310791e-01 4.668929256648409604e-02 6.952051511055287181e-01 7.524420556186770170e+01
6.918146896071728502e-01 -2.327228538591813792e-02 -7.217043333075058298e-01 -4.300019644363878513e+01 -1.643919860034980668e-02 9.987139327672144296e-01 -4.796545544292188379e-02 -5.210141134795761353e+00 7.218924909724655503e-01 4.504586117470171791e-02 6.905422299052761392e-01 7.605595713141265435e+01
6.873937906953923038e-01 -2.379472918371666051e-02 -7.257399734985168216e-01 -4.386925854049386686e+01 -1.490837989848666639e-02 9.987904285972086793e-01 -4.686291110037850427e-02 -5.281718102507586110e+00 7.259767783354307280e-01 4.304005305095272294e-02 6.862074218473831477e-01 7.685481187492507615e+01
6.815852785486330445e-01 -2.368086992896653933e-02 -7.312953026584623206e-01 -4.474189594348086985e+01 -1.603948864954005127e-02 9.987527428353648595e-01 -4.728560934708963409e-02 -5.348231228436876705e+00 7.315023218056092569e-01 4.396623948499927409e-02 6.803551353352100817e-01 7.764169328369929701e+01
6.776741771565076844e-01 -2.503404562872795294e-02 -7.350328556483268772e-01 -4.561885614364670971e+01 -1.414756728475925762e-02 9.987916887638470520e-01 -4.705806991988324001e-02 -5.419105381152928835e+00 7.353228988837491320e-01 4.228797480387468111e-02 6.765009791151985752e-01 7.844755913530813984e+01
6.727608478154504246e-01 -2.595943680733678316e-02 -7.395044183765829837e-01 -4.650216364300329985e+01 -1.287231777945250719e-02 9.988222965971981226e-01 -4.677994764697632202e-02 -5.494395439758276822e+00 7.398479174775118850e-01 4.099206051429266778e-02 6.716343476909282240e-01 7.924721864530657456e+01
6.685879944403377850e-01 -2.720396656456768730e-02 -7.431332652957077789e-01 -4.739572659797450171e+01 -1.139068333972980199e-02 9.988387696244265257e-01 -4.681605037278162296e-02 -5.560330030050073091e+00 7.435436436394636806e-01 3.977171974829854517e-02 6.675017485084780988e-01 8.003202961481635214e+01
6.653527866737961594e-01 -3.061139945962701794e-02 -7.459441750335126242e-01 -4.829302832864618722e+01 -7.999856294252068525e-03 9.988091485625867350e-01 -4.812430930342535135e-02 -5.634503355468191366e+00 7.465292650480009895e-01 3.798550634997917286e-02 6.643155070281743235e-01 8.082291340512374234e+01
6.618657504758715948e-01 -3.490079504669376526e-02 -7.488098844595331149e-01 -4.919954955389157192e+01 -5.027503941688968997e-03 9.986866236428564303e-01 -5.098253487605350354e-02 -5.705145668226046851e+00 7.496055258553112610e-01 3.751404918256504711e-02 6.608207905350503841e-01 8.162063648976641161e+01
6.561382851805963590e-01 -3.889067158393202939e-02 -7.536332069757721852e-01 -5.010953942911479686e+01 -7.601275589518002992e-04 9.986364799866558339e-01 -5.220052294401069520e-02 -5.779541782217537005e+00 7.546359113660030538e-01 3.482086340251714512e-02 6.552143295669399237e-01 8.240843397415659410e+01
6.516970290877849292e-01 -4.406181075044320744e-02 -7.572355565388211307e-01 -5.103484793535421460e+01 6.105756964210099294e-03 9.985836990921236334e-01 -5.286063020048752809e-02 -5.856061123105322785e+00 7.584917540654357859e-01 2.983217107254921424e-02 6.510429240875479362e-01 8.319746918136026181e+01
6.423514797868377091e-01 -4.745411057732895621e-02 -7.650410667685501043e-01 -5.196465328036871512e+01 1.091214558391999379e-02 9.985458668106662605e-01 -5.278997336377067029e-02 -5.936801139597586818e+00 7.664344453015592418e-01 2.555332371136792916e-02 6.419359911863100621e-01 8.397952153106631101e+01
6.340335262321448173e-01 -4.790014137275157291e-02 -7.719357712837215946e-01 -5.290413166607683593e+01 1.296356733787508604e-02 9.985980119647971387e-01 -5.132702904474945038e-02 -6.012655128588150433e+00 7.733118319068384983e-01 2.254450453795938877e-02 6.337652227436100238e-01 8.475075367481102262e+01
6.237317407067288766e-01 -4.801556416379352404e-02 -7.802712912542582036e-01 -5.386484615308415158e+01 1.495254406298615439e-02 9.986614470878095728e-01 -4.950575196870175138e-02 -6.093031576001499694e+00 7.816048828516626301e-01 1.920497797404705637e-02 6.236152083541434132e-01 8.551000786197117520e+01
6.152257584982885330e-01 -4.838460655594432197e-02 -7.868641730297917247e-01 -5.484258170336158145e+01 1.532792433458187407e-02 9.986601460184945100e-01 -4.943493519646570411e-02 -6.175578827113493041e+00 7.882015482025253039e-01 1.835596969623270319e-02 6.151431548933126159e-01 8.627093080780954892e+01
6.068776004330258544e-01 -4.878016327960087856e-02 -7.932424466120330253e-01 -5.583111151126838934e+01 1.367628285469101902e-02 9.986072449974146004e-01 -5.095472408810594600e-02 -6.247125987890828291e+00 7.946239695063527231e-01 2.006439371769907706e-02 6.067005374125774564e-01 8.701599139801122362e+01
5.950331497582819207e-01 -5.165770169467624739e-02 -8.019376591091569306e-01 -5.682919694597060811e+01 1.527032224435827951e-02 9.984788046632220304e-01 -5.299892866190261675e-02 -6.327919771811552074e+00 8.034544053654411044e-01 1.929925241237043579e-02 5.949166263394519705e-01 8.774015952827889464e+01
5.861882324971945391e-01 -5.288803784543803788e-02 -8.084271389333640423e-01 -5.782783327572749954e+01 1.530701655934063946e-02 9.984117371058082169e-01 -5.422251586426286851e-02 -6.403538578502415923e+00 8.100108311122217186e-01 1.941152128350523420e-02 5.860668442474002982e-01 8.846392541309073465e+01
5.763333474795563349e-01 -5.368338181066352466e-02 -8.154812344646941158e-01 -5.885160482819617300e+01 1.805860585612907923e-02 9.984327071708583023e-01 -5.297548832605287333e-02 -6.488685910609501839e+00 8.170471886834284048e-01 1.580544320809451272e-02 5.763998479641790906e-01 8.917995394608207960e+01
5.645878918866430451e-01 -5.382877077788688486e-02 -8.236234582461255949e-01 -5.989101632538633879e+01 1.943276792315928522e-02 9.984611191978494116e-01 -5.194084594212588363e-02 -6.567982919050026958e+00 8.251519427176046140e-01 1.331777530193715801e-02 5.647655202418017106e-01 8.988516839698327487e+01
5.556576865698799050e-01 -5.462579527520616124e-02 -8.295656395886280565e-01 -6.092532123843856340e+01 2.024233607618461037e-02 9.984318602446113911e-01 -5.218749430412742557e-02 -6.649963383293496122e+00 8.311159083942135650e-01 1.219803009285530364e-02 5.558927053064804946e-01 9.057503112995543404e+01
5.464826156772027987e-01 -5.492741048587301833e-02 -8.357401211407327057e-01 -6.198624673580013678e+01 1.843602601334563135e-02 9.983930805169516365e-01 -5.357970340133114129e-02 -6.729046908002365157e+00 8.373410417163500430e-01 1.385943809885714986e-02 5.466186256289657930e-01 9.126078663724763373e+01
5.350444026203138304e-01 -5.625746376021899253e-02 -8.428576624512675863e-01 -6.306126902884889063e+01 1.808340396228157523e-02 9.983146642427682682e-01 -5.515192589001096518e-02 -6.814804396457369684e+00 8.445388911190586656e-01 1.427436210245027273e-02 5.351596909570476290e-01 9.192905532515661093e+01
5.258977720355622054e-01 -5.610518364373177913e-02 -8.486896658453750852e-01 -6.413643668311704005e+01 1.669550426794656067e-02 9.983107093752544570e-01 -5.566016910822123298e-02 -6.899593176757668367e+00 8.503782865756774889e-01 1.510782175469201245e-02 5.259459661447256629e-01 9.257978983502255232e+01
