1.0 0.0 0.0 0.0 0.0 1.0 0.0 0.0 0.0 0.0 1.0 0.0
0.99995077 0.009762542 0.0018042224 0.29223633 -0.0097589195 0.9999504 -0.0020057927 0.0015869141 -0.0018237091 0.001988093 0.99999636 0.0015869141
0.9998482 0.017375154 0.0012894825 0.57910156 -0.017367946 0.99983454 -0.005403553 -0.013427734 -0.0013831875 0.0053803422 0.99998456 0.009765625
0.9997895 0.020516127 0.0003156924 0.8720703 -0.020512827 0.99975556 -0.008252266 -0.022705078 -0.00048489094 0.008244053 0.9999659 0.015380859
0.99982 0.018942306 -0.0010303289 1.1801758 -0.018950844 0.9997796 -0.00903163 -0.03137207 0.0008589924 0.009049532 0.9999587 0.015625
0.9999317 0.011396787 -0.0025892244 1.4984131 -0.011425397 0.99987066 -0.011318198 -0.03942871 0.0024599126 0.011347021 0.99993265 0.016479492
0.9999902 0.001889081 -0.0039915466 1.8190918 -0.0019437205 0.99990386 -0.0137262745 -0.028808594 0.003965222 0.013733902 0.9998978 0.01977539
0.99987966 -0.014758553 -0.0047739674 2.1452637 0.014697835 0.9998137 -0.012509998 -0.013061523 0.0049577397 0.012438288 0.99991035 0.025634766
0.999392 -0.034498546 -0.0050411606 2.4882812 0.03445573 0.9993713 -0.008346605 0.01953125 0.005325965 0.00816783 0.99995244 0.029907227
0.9985019 -0.054326642 -0.0064953566 2.836914 0.054298516 0.9985147 -0.004430712 0.05029297 0.006726471 0.004071397 0.99996907 0.034057617
0.99715406 -0.075095765 -0.0066921758 3.2017822 0.075071104 0.9971709 -0.003861598 0.09033203 0.0069632414 0.003348128 0.99997014 0.037231445
0.9954474 -0.095120646 -0.0060255295 3.5826416 0.09508891 0.99545425 -0.005351675 0.1348877 0.006507335 0.004754367 0.9999675 0.04248047
0.9931701 -0.11659237 -0.0048108227 3.9659424 0.11656035 0.9931644 -0.0064734286 0.18066406 0.0055326014 0.005868569 0.99996746 0.044677734
0.9912732 -0.13176934 -0.004507403 4.3599854 0.13173714 0.9912643 -0.006819662 0.25268555 0.0053665657 0.0061664768 0.99996656 0.052246094
0.9888658 -0.14874145 -0.0037710108 4.777832 0.14872432 0.98886544 -0.004479124 0.33190918 0.004395245 0.0038685468 0.9999829 0.06225586
0.98686093 -0.1615104 -0.003984578 5.201172 0.16149433 0.9868632 -0.004069059 0.4104004 0.0045894524 0.0033720788 0.9999838 0.0657959
0.9847835 -0.173731 -0.0045715254 5.6397705 0.17370355 0.98478156 -0.005841309 0.49816895 0.0055167694 0.0049582613 0.99997246 0.06994629
0.9829428 -0.18380994 -0.00616392 6.093872 0.18375304 0.9829334 -0.008792691 0.5789795 0.0076748715 0.007510212 0.99994236 0.07922363
0.9815835 -0.19080846 -0.008264434 6.54834 0.19074978 0.98160183 -0.007394505 0.6726074 0.009523765 0.005681756 0.9999385 0.08483887
0.9799877 -0.19880417 -0.010109102 7.025635 0.19873092 0.98002356 -0.007810121 0.77575684 0.0114594605 0.0056451294 0.9999184 0.083862305
0.9784733 -0.20595331 -0.012998948 7.5115967 0.20585051 0.97854155 -0.008819068 0.8843994 0.014536214 0.0059530325 0.9998766 0.0904541
0.97681975 -0.21364704 -0.013830566 8.013428 0.21347608 0.97687036 -0.012857376 0.99108887 0.016257415 0.009607102 0.99982166 0.09814453
0.974951 -0.22201772 -0.013818779 8.528076 0.22174717 0.9749299 -0.018758712 1.1031494 0.017636057 0.015225902 0.9997287 0.110839844
0.9732185 -0.2293931 -0.015372255 9.045532 0.22908598 0.97321796 -0.019441426 1.2337646 0.019420004 0.01540072 0.9996929 0.1303711
0.9707032 -0.23937723 -0.020689512 9.581299 0.23909985 0.9708758 -0.015017023 1.3797607 0.02368138 0.009630926 0.9996733 0.12695312
0.9689409 -0.24603768 -0.0246929 10.126099 0.24578035 0.9692334 -0.01301272 1.5345459 0.027135177 0.0065397024 0.9996104 0.1430664
0.96638906 -0.25573826 -0.025667425 10.690796 0.2554006 0.9666911 -0.01572661 1.6801758 0.02883518 0.0086417 0.9995468 0.16003418
0.963994 -0.26457518 -0.02745343 11.264526 0.26417762 0.96433884 -0.017282236 1.8338623 0.031046085 0.009409126 0.99947363 0.18359375
0.96199536 -0.27136892 -0.030183867 11.848022 0.270947 0.96243054 -0.017364781 2.0045166 0.033763256 0.008528586 0.9993938 0.19970703
0.9595472 -0.27944097 -0.034351397 12.435669 0.27901468 0.96014017 -0.016731385 2.1882324 0.037657276 0.0064693866 0.9992697 0.21557617
0.9574225 -0.28610858 -0.03856784 13.035156 0.28558296 0.95817447 -0.018625377 2.376587 0.042284478 0.006818561 0.99908245 0.24377441
0.95510733 -0.2925872 -0.04648121 13.648804 0.29202408 0.9562281 -0.018627062 2.5715332 0.04989736 0.0042181076 0.9987456 0.2770996
0.95339686 -0.2967603 -0.054614186 14.27124 0.29609728 0.9549549 -0.020047577 2.7679443 0.058101445 0.002945378 0.99830675 0.30822754
0.95207226 -0.2990485 -0.06422885 14.911377 0.298384 0.95423746 -0.019928966 2.9783936 0.06724737 -0.00019600615 0.99773514 0.34509277
0.94972616 -0.30430114 -0.07332878 15.553711 0.30371746 0.952544 -0.019260006 3.1938477 0.07571077 -0.003983042 0.9971223 0.38842773
0.94824755 -0.3070497 -0.08069922 16.210327 0.30655056 0.95164907 -0.01881418 3.4123535 0.0825755 -0.006898659 0.99656194 0.44250488
0.9459142 -0.31210044 -0.08855064 16.875122 0.31185326 0.9499792 -0.016975734 3.6446533 0.089417204 -0.011555671 0.99592733 0.49865723
0.9439464 -0.31610695 -0.09525164 17.553345 0.3160646 0.94862276 -0.015933968 3.8868408 0.09539183 -0.015066458 0.99532354 0.5626221
0.9417877 -0.32042983 -0.10195225 18.24585 0.3207541 0.9470807 -0.013640914 4.137207 0.100927204 -0.019845061 0.9946972 0.63378906
0.9398241 -0.3242998 -0.10747673 18.946411 0.32507753 0.94562036 -0.010696917 4.390625 0.10510027 -0.024881471 0.99415183 0.70373535
0.93767846 -0.32987142 -0.10914303 19.657959 0.3308595 0.9436156 -0.009462599 4.654419 0.10610945 -0.027242623 0.9939812 0.7800293
0.93521017 -0.3372754 -0.107942194 20.38208 0.33833528 0.9409973 -0.0089008175 4.921509 0.10457322 -0.028194573 0.9941166 0.8640137
0.93326974 -0.34302703 -0.10665716 21.1073 0.34403336 0.9389295 -0.0093949605 5.1955566 0.10336545 -0.027920078 0.9942514 0.9468994
0.93104434 -0.34931737 -0.10536344 21.839966 0.3503477 0.9365582 -0.009179253 5.473633 0.10188487 -0.028374694 0.9943906 1.0321045
0.9288467 -0.35618675 -0.101890005 22.5708 0.3570873 0.934021 -0.009882064 5.770996 0.0986872 -0.027199509 0.99474776 1.1169434
0.92506516 -0.36699343 -0.09780896 23.344604 0.36805928 0.9297678 -0.00756754 6.081299 0.09371757 -0.02899351 0.9951781 1.194458
0.92274106 -0.3740826 -0.0930209 24.098633 0.3752515 0.92693037 -0.005255347 6.403076 0.08818798 -0.030050123 0.99565065 1.2779541
0.91938317 -0.38282818 -0.090467066 24.851074 0.38416058 0.923264 -0.0028870993 6.729126 0.08462974 -0.03209217 0.9958968 1.3525391
0.9159633 -0.39116216 -0.08916789 25.6156 0.3926709 0.9196504 -0.0006821593 7.0654297 0.08226854 -0.03439521 0.99601626 1.428833
0.9121583 -0.4000336 -0.089118995 26.389648 0.40153456 0.91584426 -0.0011718431 7.4106445 0.082092196 -0.034715954 0.9960203 1.5031738
0.90874237 -0.40781906 -0.08842708 27.166504 0.40936473 0.91234463 -0.00072751334 7.7663574 0.08097187 -0.035552863 0.99608034 1.571167
0.90487427 -0.4165653 -0.08738752 27.955688 0.41814536 0.9083567 -0.00024485588 8.144531 0.079480916 -0.03631537 0.99617606 1.6433105
0.9012829 -0.42477825 -0.08478294 28.748413 0.42623845 0.90457577 -0.0009811139 8.518188 0.077106886 -0.035264492 0.996398 1.7121582
0.89835477 -0.431699 -0.08107311 29.546509 0.4330299 0.9013669 -0.0012929048 8.910767 0.073634 -0.033948965 0.9967071 1.7819824
0.89434105 -0.4409251 -0.07596205 30.36206 0.44225028 0.8969094 0.0006977529 9.316284 0.067824185 -0.034218524 0.99711007 1.8500977
0.8919941 -0.44642606 -0.07132271 31.173218 0.44761577 0.89424807 0.00077185547 9.731934 0.0634339 -0.032621514 0.9974513 1.9176025
0.8883078 -0.45409045 -0.06883194 31.992554 0.4551774 0.8904152 0.00012571363 10.158081 0.06123266 -0.031436753 0.99762875 1.9866943
0.8842643 -0.46192476 -0.06830885 32.815186 0.4630529 0.8863096 0.0007662998 10.597168 0.060187064 -0.03230825 0.99766415 2.0401611
0.8828239 -0.46502033 -0.06637826 33.651245 0.46613503 0.8847282 0.0014892288 11.0477295 0.058035616 -0.032253467 0.9977935 2.0999756
0.87960577 -0.47132948 -0.064565346 34.505737 0.47228295 0.8814616 -0.00055093894 11.5078125 0.057175044 -0.030005423 0.9979135 2.1600342
0.8769021 -0.47645962 -0.063608326 35.3667 0.47733468 0.8787301 -0.0016242649 11.975464 0.056669865 -0.028938811 0.99797344 2.2105713
0.8759207 -0.47828597 -0.064006366 36.230103 0.47919866 0.87775886 -0.0012448564 12.457153 0.056774538 -0.029582696 0.99794763 2.2686768
0.87307703 -0.48318988 -0.06469241 37.0979 0.48407307 0.8749786 -0.0022780332 12.950806 0.05771024 -0.029326767 0.9979034 2.329712
0.8735834 -0.48242345 -0.0634728 37.985107 0.48329395 0.8754036 -0.0018568977 13.452026 0.05646067 -0.029054336 0.9979825 2.3876953
0.87412524 -0.4817853 -0.061492804 38.88208 0.48259923 0.8758357 -0.001839149 13.955811 0.05473968 -0.028069131 0.99810565 2.4451904
0.87397707 -0.48209646 -0.06053186 39.79419 0.4828061 0.8756746 -0.003273286 14.472168 0.054583844 -0.026375525 0.9981601 2.5091553
0.8737227 -0.4825673 -0.060456634 40.713623 0.48321587 0.8754431 -0.004361214 14.984009 0.05503191 -0.025408009 0.9981613 2.5682373
0.8723083 -0.48528278 -0.06001104 41.647217 0.4857876 0.8740623 -0.006847591 15.513428 0.055777036 -0.023173215 0.9981748 2.6329346
0.8714706 -0.4868599 -0.058615874 42.57141 0.4873462 0.8731434 -0.0066593853 16.039062 0.05442407 -0.022771617 0.99825776 2.6971436
0.8687584 -0.49232826 -0.053735718 43.50647 0.49267995 0.87018836 -0.007414443 16.572632 0.050409544 -0.020034615 0.9985273 2.7563477
0.86613554 -0.49753162 -0.048637994 44.43921 0.49778903 0.8673205 -0.007532347 17.11145 0.04592946 -0.01768825 0.9987874 2.8156738
0.86341405 -0.5023022 -0.04709877 45.34192 0.50249213 0.86454505 -0.008583648 17.65393 0.045028076 -0.016256709 0.9988531 2.8789062
0.8573597 -0.51264244 -0.046828113 46.264038 0.5127199 0.8585179 -0.011253112 18.2052 0.04597261 -0.014361603 0.99883926 2.9315186
0.85210073 -0.52113533 -0.049341105 47.200928 0.521153 0.85341007 -0.013522086 18.767578 0.049154963 -0.014186608 0.99869055 2.9934082
0.8454 -0.5319366 -0.04950259 48.103027 0.5319319 0.8467288 -0.014362504 19.339722 0.049554016 -0.014181498 0.99867105 3.0513916
0.84047264 -0.5398961 -0.045249566 49.01001 0.5400048 0.8415498 -0.010834052 19.934448 0.043931704 -0.015327664 0.99891734 3.1063232
0.83662444 -0.5461375 -0.042413045 49.908203 0.5463375 0.83753264 -0.007747945 20.532104 0.03975291 -0.016690074 0.99907005 3.158081
0.8312322 -0.554256 -0.044356927 50.80005 0.5545494 0.83219385 -0.0065172855 21.130127 0.040525556 -0.019175317 0.9989945 3.2155762
0.82830924 -0.5581701 -0.04846501 51.688477 0.5584098 0.8295079 -0.0096977055 21.735962 0.045618616 -0.019033628 0.99877757 3.2687988
0.82621205 -0.56071144 -0.055463042 52.565186 0.56100595 0.827791 -0.011569004 22.351807 0.052399796 -0.02155038 0.99839383 3.3292236
0.8219447 -0.5668184 -0.057043023 53.444824 0.5671484 0.8236101 -0.011793653 22.973389 0.053661928 -0.022649076 0.9983023 3.3898926
0.8194113 -0.5706148 -0.053136125 54.33008 0.57093024 0.82084525 -0.010538266 23.58142 0.04963049 -0.021707553 0.99853176 3.454712
0.81544054 -0.57675844 -0.04795222 55.212402 0.57708347 0.8165785 -0.0081653 24.219482 0.043866944 -0.021015082 0.99881655 3.5136719
0.8124667 -0.58125216 -0.045139425 56.09546 0.5815752 0.81345934 -0.00697122 24.848267 0.04076799 -0.020592192 0.9989561 3.5690918
0.81166416 -0.5822354 -0.047078878 56.96704 0.58267635 0.81269586 -0.005160712 25.489502 0.04126439 -0.023241814 0.99887794 3.6239014
0.8064578 -0.5894174 -0.048278756 57.83716 0.589767 0.8076049 -0.00815847 26.138306 0.04380143 -0.021887474 0.99880075 3.673462
0.8027176 -0.59431154 -0.04957009 58.706543 0.59461457 0.80396074 -0.009999892 26.785522 0.045792017 -0.021447422 0.9987206 3.7321777
0.79870397 -0.5996691 -0.04953453 59.57544 0.59990245 0.7999783 -0.011661964 27.437866 0.046622854 -0.020402834 0.9987043 3.7840576
0.7941309 -0.6058027 -0.04766381 60.443604 0.60598594 0.7953276 -0.012160333 28.105225 0.045274843 -0.019230496 0.99878937 3.8442383
0.79054564 -0.61039746 -0.047204424 61.30298 0.6105766 0.7917217 -0.012208654 28.776001 0.044825908 -0.019181713 0.9988105 3.9035645
0.7854452 -0.61710376 -0.04800188 62.163086 0.61731714 0.78665143 -0.012013734 29.46045 0.045175467 -0.020194493 0.99877506 3.9644775
0.77848434 -0.6257726 -0.04795752 63.02002 0.62583387 0.77975565 -0.015590099 30.15271 0.047151607 -0.017883947 0.99872744 4.022461
0.77440727 -0.6307895 -0.047970336 63.872314 0.63082945 0.775689 -0.01621152 30.85205 0.04744138 -0.01770287 0.99871784 4.0789795
0.76760435 -0.639128 -0.048451107 64.71533 0.6390986 0.7689432 -0.0181159 31.558105 0.04883774 -0.017061433 0.998661 4.1384277
0.7627491 -0.6447963 -0.048240934 65.55957 0.6446907 0.7641057 -0.019805975 32.27368 0.049631953 -0.015998978 0.99863935 4.2020264
0.75652486 -0.65233195 -0.047716245 66.404785 0.65219456 0.7578681 -0.020535506 33.008667 0.049558785 -0.0155800935 0.99864984 4.2629395
0.75007814 -0.6596485 -0.04653822 67.2478 0.65947974 0.75137305 -0.02107567 33.749023 0.04887119 -0.014885778 0.9986942 4.319824
0.7442566 -0.6663824 -0.04475934 68.08081 0.66613597 0.74548465 -0.022390457 34.496094 0.04828836 -0.013144529 0.9987473 4.385132
0.7377807 -0.6737093 -0.044155482 68.91797 0.6733941 0.73900163 -0.023900008 35.26111 0.04872646 -0.012094471 0.9987389 4.4488525
0.73044235 -0.681423 -0.04467612 69.737305 0.6810178 0.731719 -0.026095541 36.033813 0.050476458 -0.01136875 0.9986605 4.514038
0.7271997 -0.68492913 -0.04546624 70.5564 0.6845842 0.72850716 -0.02521308 36.820557 0.05039505 -0.012789821 0.9986475 4.5758057
0.7208937 -0.6915955 -0.04469253 71.37671 0.69122547 0.7221731 -0.025766637 37.612915 0.05008915 -0.012323838 0.9986681 4.637085
0.7163432 -0.6962043 -0.04513901 72.19556 0.69591886 0.71762776 -0.024340462 38.417725 0.049344514 -0.013980511 0.9986841 4.70105
0.7098346 -0.70285743 -0.045926195 73.02344 0.70253474 0.7111786 -0.025549846 39.240112 0.050622787 -0.0141329225 0.9986177 4.7684326
0.7052212 -0.7074506 -0.04824965 73.83838 0.7070806 0.706713 -0.027279971 40.064087 0.053398483 -0.014868693 0.9984631 4.831665
0.70018697 -0.7123484 -0.05012174 74.64282 0.71186167 0.701827 -0.030103315 40.880005 0.056614615 -0.014596052 0.99828935 4.9039307
0.6952355 -0.7171522 -0.05054298 75.44849 0.7166485 0.69691217 -0.030710818 41.72632 0.057240564 -0.014865404 0.9982495 4.970337
0.6905733 -0.7216117 -0.048903797 76.263916 0.7211158 0.6921547 -0.030334042 42.575195 0.05574033 -0.014317277 0.9983429 5.0427246
0.6862444 -0.72570235 -0.046903282 77.06641 0.7251563 0.6877261 -0.030922584 43.440796 0.054701686 -0.012794199 0.99842113 5.116455
0.68038917 -0.7312277 -0.04783607 77.85718 0.7307085 0.6819261 -0.030889438 44.30957 0.05520471 -0.013936679 0.9983779 5.1846924
0.6765444 -0.7350496 -0.04616587 78.666504 0.73443854 0.67801106 -0.032301687 45.183105 0.05503589 -0.012051376 0.99841136 5.2574463
0.6716845 -0.7395769 -0.04487639 79.46997 0.7389057 0.67309535 -0.03329822 46.062744 0.0548278 -0.0107860835 0.99843764 5.334717
0.6675601 -0.7432729 -0.043661244 80.2583 0.7425257 0.668921 -0.034602188 46.953003 0.054922644 -0.009314274 0.9984474 5.40271
0.6643937 -0.746251 -0.041884955 81.05249 0.7453035 0.6656865 -0.038056724 47.847046 0.056279942 -0.0059322473 0.99839723 5.4785156
0.6609203 -0.74931175 -0.04142438 81.853516 0.74811804 0.6622107 -0.0423923 48.750244 0.05918816 -0.0029721605 0.99824214 5.550293
0.65533906 -0.75433636 -0.03874313 82.64551 0.75290483 0.6564818 -0.04646387 49.65625 0.06048851 0.0012799408 0.99816823 5.626465
0.651204 -0.7581883 -0.03376845 83.43848 0.7564673 0.6520277 -0.05170265 50.57788 0.06121654 0.008134293 0.99809194 5.705078
0.6421245 -0.76613474 -0.029501153 84.226074 0.7642499 0.6426717 -0.05522822 51.502686 0.061276086 0.012917377 0.99803716 5.788208
0.6339641 -0.77302337 -0.026495308 85.00244 0.7711524 0.63434136 -0.05579193 52.437744 0.05992572 0.014948633 0.9980913 5.8670654
0.6238245 -0.78133076 -0.023156652 85.76758 0.7795005 0.6240251 -0.056051075 53.393555 0.058241438 0.016911203 0.9981588 5.9508057
0.6153578 -0.787932 -0.022306588 86.53369 0.7860907 0.61551964 -0.056532852 54.366943 0.058279254 0.017261028 0.9981516 6.036255
0.6069142 -0.7943513 -0.024013102 87.28369 0.7924536 0.6071886 -0.057033233 55.35132 0.059901644 0.015581561 0.9980826 6.1103516
0.59514874 -0.8031778 -0.023248928 88.01416 0.8011125 0.5953555 -0.060062584 56.34424 0.062094025 0.017134903 0.9979243 6.1937256
0.5863064 -0.80973315 -0.023359392 88.743164 0.80758333 0.5865209 -0.061405282 57.338623 0.0634267 0.01714128 0.9978395 6.272217
0.57665515 -0.81678116 -0.01974874 89.46509 0.814641 0.5766509 -0.062332544 58.35791 0.062304273 0.019861214 0.99785984 6.361328
0.5650308 -0.8248974 -0.01725109 90.17676 0.8227893 0.5648963 -0.062630124 59.39258 0.061413296 0.021194998 0.99788743 6.444702
0.5561672 -0.8308654 -0.016123584 90.87207 0.82872343 0.5559666 -0.06353932 60.42285 0.0617665 0.021971151 0.99784845 6.5303955
0.5468916 -0.8370888 -0.017775845 91.56323 0.83488417 0.5468092 -0.0639513 61.479736 0.06326488 0.020129206 0.9977935 6.613037
0.5354405 -0.8442858 -0.018177489 92.23779 0.8419795 0.53538543 -0.065417975 62.550293 0.06496734 0.019729031 0.9976928 6.7025146
0.52622503 -0.8501275 -0.018998023 92.89404 0.84780777 0.52624935 -0.0653755 63.621582 0.06557966 0.018304517 0.99768007 6.791504
0.5166465 -0.8560143 -0.01988055 93.54663 0.8536299 0.5167433 -0.06612417 64.69507 0.06686716 0.017191801 0.9976135 6.878662
0.50719607 -0.8615468 -0.018631475 94.19531 0.8593693 0.5072815 -0.063295804 65.79443 0.06400864 0.016105175 0.9978206 6.970459
0.5010157 -0.8654107 -0.016021617 94.8313 0.8633374 0.50096923 -0.062350754 66.89746 0.061976057 0.017415557 0.99792606 7.0614014
0.4917933 -0.87066686 -0.014753817 95.45239 0.86856717 0.49167663 -0.06312087 68.012695 0.06220545 0.01823356 0.997897 7.1485596
0.48268008 -0.87560177 -0.013963686 96.08081 0.8733326 0.4824817 -0.066000335 69.136475 0.06452966 0.019662496 0.997722 7.2435303
0.47793502 -0.8783835 -0.01230916 96.694824 0.8759053 0.47756296 -0.06967766 70.25195 0.067072354 0.02252267 0.99749386 7.3342285
0.47291884 -0.88121074 -0.011808207 97.29663 0.878526 0.47245356 -0.072814494 71.38037 0.069736265 0.024061643 0.9972751 7.427246
0.4686164 -0.8833644 -0.011267941 97.896484 0.88044965 0.46804348 -0.07618131 72.50415 0.07256571 0.025758503 0.99702936 7.5290527
0.46342495 -0.8862453 -0.008973908 98.48877 0.88334084 0.46268564 -0.07683176 73.63989 0.07222961 0.027658975 0.9970028 7.632202
0.45787093 -0.8889367 -0.0042906664 99.075195 0.88629425 0.4568718 -0.07498987 74.7771 0.06862934 0.03053279 0.99717504 7.729004
0.45529407 -0.89039797 0.0013477793 99.674805 0.88800806 0.45395997 -0.07392454 75.909424 0.06520659 0.03485423 0.99726295 7.8320312
0.45184448 -0.89221406 0.0035708845 100.24365 0.89002067 0.45044637 -0.07197257 77.04028 0.06260785 0.03567681 0.9973989 7.929199
0.45009875 -0.8930457 0.004699572 100.808105 0.89089876 0.4486383 -0.07185192 78.177246 0.062065385 0.036520533 0.9974033 8.020142
0.44764745 -0.8941653 0.007684394 101.372314 0.8921565 0.4460289 -0.071385495 79.29663 0.060387116 0.03881478 0.9974204 8.113159
0.44491687 -0.89553565 0.010504156 101.928955 0.8936986 0.44317967 -0.07028887 80.41821 0.058286272 0.040660832 0.99747163 8.200317
0.44344062 -0.89619654 0.012704058 102.47974 0.8944215 0.44156 -0.07075282 81.53613 0.057785347 0.042739924 0.9974141 8.289673
0.4398911 -0.89804375 0.014946589 103.02124 0.896331 0.43786633 -0.07123434 82.62427 0.057413865 0.0447361 0.997348 8.374756
0.4374226 -0.8990762 0.019336753 103.5625 0.8976114 0.43519855 -0.07033283 83.72534 0.054802783 0.04811348 0.9973369 8.46106
0.4364246 -0.8993706 0.021636257 104.09741 0.8980235 0.43408364 -0.07020502 84.828125 0.053736057 0.050067768 0.99729913 8.539917
0.43387684 -0.9005426 0.023830384 104.61426 0.89924914 0.4313704 -0.071179904 85.91504 0.053821933 0.0523264 0.99717945 8.622681
0.4328346 -0.9012029 0.02448827 105.12988 0.8998816 0.43023756 -0.07225248 86.97656 0.054564532 0.053300284 0.9970862 8.708008
0.43385977 -0.9007357 0.02387283 105.63794 0.89934486 0.4312558 -0.072976544 88.03906 0.055432513 0.053126253 0.9970477 8.789673
0.4338471 -0.9008089 0.023183038 106.13428 0.89937264 0.43127394 -0.073145285 89.08618 0.055862196 0.05258142 0.9970532 8.866577
0.43589187 -0.89986944 0.020729896 106.62695 0.8983431 0.4334782 -0.07259353 90.13574 0.056359477 0.05026287 0.9971441 8.946411
0.43890977 -0.8981759 0.0187722 107.11621 0.89653695 0.4365831 -0.073036246 91.1582 0.057399314 0.04890174 0.99715394 9.026855
0.44454998 -0.8955566 0.017766932 107.6167 0.89388293 0.44227064 -0.07301886 92.177 0.05753825 0.048339427 0.997172 9.105469
0.45138314 -0.89224654 0.015411433 108.12427 0.8905135 0.44925597 -0.07239175 93.194824 0.05767482 0.04638829 0.99725616 9.18335
0.45818385 -0.8888633 0.013553027 108.6228 0.8870996 0.45617983 -0.07174082 94.1958 0.057590447 0.044892095 0.9973303 9.264038
0.46571985 -0.8848794 0.012775488 109.14014 0.88317144 0.46380544 -0.0704384 95.19043 0.056392334 0.04406708 0.99743444 9.337036
0.47648245 -0.8791583 0.012406402 109.6709 0.877522 0.47461694 -0.069285266 96.18115 0.055038188 0.043896433 0.9975184 9.411011
0.48387793 -0.87509555 0.011768014 110.194336 0.8734484 0.48203716 -0.069257915 97.15674 0.05492 0.04377742 0.99752975 9.486084
0.49341345 -0.86973274 0.009610904 110.72998 0.86799616 0.49165973 -0.06955109 98.12744 0.05576848 0.042658467 0.99753183 9.558228
0.50421673 -0.8634415 0.0051555964 111.2749 0.8614459 0.5026268 -0.071202 99.07666 0.058895946 0.040336825 0.9974483 9.6328125
0.514947 -0.8573312 0.0017240122 111.82959 0.85523564 0.5135452 -0.070951484 100.01636 0.059933215 0.038015448 0.99747854 9.701172
0.52821696 -0.8491864 -0.0010071872 112.39722 0.84715515 0.5270345 -0.06851427 100.95923 0.058708034 0.035335712 0.9976494 9.781738
0.5383104 -0.84257746 -0.0024225414 112.97363 0.8406116 0.5372462 -0.06679294 101.88672 0.05758626 0.033925824 0.99776447 9.854126
0.5517849 -0.8340508 -0.0027344618 113.57422 0.83221775 0.5507836 -0.064547434 102.8042 0.055331778 0.033343934 0.9979113 9.92688
0.56279415 -0.8266506 -0.0025200937 114.17334 0.8249018 0.5617966 -0.063378885 103.69849 0.053802036 0.033591732 0.9979865 10.001709
0.5747224 -0.8183697 -0.0037449244 114.786865 0.8165733 0.5737527 -0.063756436 104.582275 0.05432218 0.033584397 0.9979585 10.067993
0.5860334 -0.8102841 -0.005580353 115.41016 0.80839837 0.58511335 -0.06450866 105.44946 0.055534054 0.033300072 0.99790186 10.143311
0.59680057 -0.8023574 -0.004635221 116.03467 0.8004072 0.5957343 -0.06647753 106.29297 0.056098618 0.035963863 0.99777734 10.212158
0.60701156 -0.7945734 -0.004940012 116.66382 0.7926606 0.60596067 -0.06584512 107.13086 0.055316523 0.03604307 0.99781746 10.285522
0.61901605 -0.7855117 -0.0053262278 117.30444 0.78367716 0.61800784 -0.06444288 107.95654 0.053905513 0.03571009 0.9979067 10.352417
0.6281726 -0.778074 -0.004079888 117.94751 0.7764442 0.6271796 -0.061617225 108.768555 0.050501104 0.035541326 0.9980915 10.419678
0.63881963 -0.7694681 -0.0043944456 118.60425 0.7679182 0.6378757 -0.06005889 109.56128 0.049008183 0.034992848 0.9981852 10.486328
0.64698076 -0.762436 -0.007495626 119.23828 0.7608417 0.64620847 -0.059017427 110.33838 0.04984451 0.03247723 0.9982286 10.545654
0.65544575 -0.7551095 -0.010081984 119.887695 0.7534279 0.65477735 -0.059286226 111.103516 0.051372495 0.031266306 0.99819034 10.603516
0.6668476 -0.7451118 -0.011476487 120.55493 0.74344 0.6662512 -0.058433212 111.860596 0.051193688 0.030433401 0.9982248 10.667725
0.67402774 -0.7386228 -0.010595615 121.21289 0.7371177 0.67345345 -0.055744424 112.58984 0.048311733 0.029767562 0.99838895 10.732544
0.6842355 -0.7292546 -0.0090267435 121.86743 0.7278395 0.68358773 -0.055030994 113.31079 0.04630908 0.031090694 0.9984435 10.788818
0.6926962 -0.7211505 -0.0091704745 122.54883 0.71974546 0.69204396 -0.054875083 114.01904 0.0459263 0.03141272 0.9984508 10.854492
0.69988775 -0.71413875 -0.0106926905 123.21362 0.71277094 0.69934344 -0.053174354 114.70093 0.045456406 0.029593144 0.99852777 10.906128
0.70851994 -0.7056272 -0.01065633 123.89624 0.70430076 0.70798033 -0.052435867 115.38403 0.04453331 0.02964368 0.998568 10.964355
0.7148598 -0.6993199 -0.010264574 124.562744 0.6981364 0.71437615 -0.049495228 116.04053 0.04194341 0.028216612 0.99872136 11.013062
0.72131306 -0.69244844 -0.00923643 125.23999 0.69138604 0.72083807 -0.04734497 116.70752 0.039442293 0.027763426 0.9988361 11.061523
0.7307209 -0.68256485 -0.009241372 125.91675 0.6816048 0.7302997 -0.044834968 117.34155 0.037357535 0.026463917 0.99895155 11.108887
0.7365893 -0.6762886 -0.009636217 126.57251 0.67535377 0.73619795 -0.043964915 117.956055 0.036824603 0.025872543 0.99898654 11.162476
0.74520373 -0.6668537 -0.009572595 127.24878 0.6659686 0.744829 -0.042768728 118.562744 0.035649627 0.025491005 0.99903876 11.200684
0.75370216 -0.6572911 -0.009270666 127.92627 0.65655226 0.7534026 -0.038829077 119.161865 0.032503586 0.02317812 0.9992027 11.247559
0.7623891 -0.6469593 -0.009103134 128.58813 0.64635587 0.76216596 -0.03469239 119.74634 0.029385807 0.020564381 0.9993567 11.287476
0.7732077 -0.6340011 -0.008981975 129.26587 0.63347554 0.773022 -0.032161277 120.30786 0.027335195 0.01917953 0.99944246 11.3272705
0.78309137 -0.6218389 -0.010464504 129.92993 0.6212868 0.7829375 -0.032198213 120.848145 0.028216403 0.018714814 0.9994268 11.362061
0.79178935 -0.6105345 -0.012749091 130.604 0.6099337 0.79168856 -0.032495223 121.3689 0.029932896 0.017953258 0.99939084 11.3967285
0.8023627 -0.5968306 -0.012696968 131.29028 0.59626395 0.80226916 -0.031420734 121.89209 0.02893581 0.01764071 0.9994256 11.42981
0.81163704 -0.5841247 -0.011870979 131.97485 0.58363086 0.81154764 -0.029378178 122.393555 0.026789485 0.016916417 0.99949807 11.463745
0.8220224 -0.569325 -0.00970537 132.68384 0.5689244 0.821907 -0.027197774 122.88672 0.023462739 0.016838828 0.99958307 11.494751
0.83040655 -0.5569436 -0.007445191 133.37524 0.55661136 0.8302579 -0.025932947 123.360596 0.02062739 0.017389828 0.99963593 11.520264
0.8399678 -0.54263103 -0.004916158 134.09033 0.5423752 0.83979285 -0.024405213 123.82568 0.017369099 0.017833536 0.9996901 11.545044
0.848168 -0.52975434 -0.00281211 134.823 0.5295513 0.8479689 -0.023681708 124.275635 0.014925957 0.018595742 0.9997156 11.567871
0.8544409 -0.5194708 -0.000740319 135.53467 0.5193121 0.85421354 -0.023540992 124.725586 0.012861324 0.019730803 0.9997226 11.588867
0.8610785 -0.5084253 -0.0005457648 136.27222 0.50827044 0.86084217 -0.02376414 125.1543 0.01255214 0.020183528 0.9997174 11.617065
0.8685673 -0.49559662 -0.0011949432 137.02612 0.4954638 0.86838526 -0.021192722 125.58203 0.011539711 0.017816506 0.99977463 11.630981
0.8743235 -0.4852438 -0.001166746 137.7522 0.48512328 0.8741552 -0.020313192 126.005615 0.010877141 0.017195271 0.99979293 11.645874
0.88060606 -0.47387347 -0.001478998 138.51562 0.4737644 0.8804622 -0.018942919 126.42432 0.010276363 0.015981257 0.9998195 11.665039
0.8860881 -0.46344408 -0.0014197361 139.26855 0.46333703 0.8859417 -0.01899793 126.82568 0.010060134 0.016176049 0.9998185 11.684692
0.89069825 -0.45453703 -0.0015678531 140.0393 0.4544162 0.8905313 -0.020241452 127.2146 0.0105986055 0.017315907 0.99979377 11.7022705
0.89605016 -0.4439259 -0.0017424925 140.82397 0.44379824 0.89587396 -0.02078097 127.60864 0.0107893385 0.017847093 0.99978244 11.7178955
0.89842904 -0.43917456 -0.0018967693 141.59106 0.43904948 0.8982612 -0.020376215 128.0044 0.010650389 0.017473528 0.9997906 11.727661
0.90182763 -0.43201435 0.0014833639 142.40454 0.43196523 0.90166134 -0.01856447 128.3811 0.0066838525 0.017383 0.99982655 11.744751
0.9048889 -0.4256957 0.0045349533 143.20923 0.4257146 0.9047735 -0.0146153215 128.76978 0.002116518 0.015155816 0.99988294 11.760864
0.90757704 -0.41983405 0.0066936444 144.01904 0.41988575 0.90750366 -0.011610949 129.15967 -0.0011997838 0.0133484835 0.9999101 11.762329
0.9107922 -0.41269967 0.007866941 144.86841 0.41275814 0.9107609 -0.008408291 129.5437 -0.0036942065 0.010906301 0.99993366 11.769897
0.9134921 -0.4068049 0.009207765 145.70508 0.4068699 0.91348433 -0.0067940587 129.93945 -0.005647827 0.00995184 0.99993455 11.775024
0.9167779 -0.39915425 0.0122973155 146.58618 0.3992367 0.9168104 -0.0050892774 130.31592 -0.0092426995 0.009575919 0.9999114 11.767578
0.92000014 -0.3916227 0.014845472 147.45483 0.39172953 0.92006075 -0.0050262194 130.69336 -0.011691836 0.010439859 0.9998772 11.770508
0.9235086 -0.38322106 0.015924571 148.36621 0.38334787 0.9235754 -0.00574639 131.07056 -0.01250574 0.011412146 0.99985665 11.766357
0.92713475 -0.37445295 0.016103387 149.26929 0.3745805 0.9272056 -0.0056997165 131.43506 -0.012797316 0.011315098 0.999854 11.748535
0.9307655 -0.3652984 0.016720157 150.18506 0.3654714 0.9308069 -0.008729206 131.80469 -0.012374317 0.014233841 0.999822 11.752563
0.93448913 -0.35562667 0.016359426 151.13306 0.35581037 0.9345079 -0.010086296 132.17456 -0.011701521 0.015246418 0.99981517 11.7404785
0.9388948 -0.3439053 0.0147600155 152.08765 0.34407803 0.9388787 -0.011364596 132.52197 -0.009950345 0.015747808 0.99982643 11.737427
0.9434728 -0.33113787 0.012689958 153.0498 0.3312588 0.9434729 -0.008985818 132.88208 -0.008995419 0.012682922 0.999879 11.734253
0.9490937 -0.31472376 0.013317204 154.04639 0.3148155 0.9491413 -0.005413783 133.22949 -0.010936331 0.009330214 0.99989665 11.72583
0.9549163 -0.2964923 0.014932271 155.04517 0.29654223 0.95501685 -0.0011949013 133.552 -0.013906001 0.0055688475 0.99988776 11.716553
0.9608198 -0.27662414 0.016895201 156.07251 0.27664247 0.96096224 0.0012915604 133.86035 -0.016592752 0.0034345887 0.9998563 11.706665
0.9667409 -0.2551484 0.017042825 157.11377 0.25511965 0.9668911 0.0038783133 134.15186 -0.017468106 0.0005997701 0.9998472 11.701416
0.9721037 -0.23378286 0.018852543 158.18335 0.23372579 0.97228616 0.005206029 134.42212 -0.019547394 -0.0006548497 0.9998087 11.679077
0.9770501 -0.21192497 0.021761887 159.26709 0.21182889 0.97729063 0.006653295 134.67456 -0.02267792 -0.0018918598 0.9997411 11.673828
0.9816269 -0.1890862 0.025570467 160.35596 0.18891816 0.9819523 0.008856494 134.89746 -0.02678373 -0.0038629347 0.9996338 11.644897
0.9854218 -0.1674472 0.029973464 161.49536 0.16722012 0.9858659 0.009945365 135.09961 -0.031215556 -0.004787337 0.99950105 11.627808
0.98894775 -0.1443665 0.03378389 162.61499 0.14401408 0.98949456 0.012658769 135.281 -0.035256594 -0.00765488 0.99934924 11.593506
0.9920343 -0.12140204 0.033620134 163.75781 0.12103768 0.99256736 0.012675215 135.45068 -0.03490913 -0.008505218 0.9993543 11.562744
0.99437314 -0.100706466 0.03285512 164.91187 0.10029186 0.99485856 0.014034627 135.57056 -0.034099843 -0.010660579 0.99936175 11.529907
0.996456 -0.07810186 0.031246595 166.0852 0.077715084 0.9968859 0.013403696 135.67603 -0.032196324 -0.0109277945 0.9994217 11.487915
0.997662 -0.05865546 0.035072435 167.27637 0.058251873 0.9982248 0.012418801 135.75098 -0.035738643 -0.010346554 0.9993075 11.463745
0.9985767 -0.03918411 0.03618612 168.48169 0.038734864 0.9991645 0.013035594 135.82031 -0.0366666 -0.011615568 0.9992602 11.425659
0.9991044 -0.017803289 0.038391825 169.69458 0.017293489 0.9997584 0.013572309 135.86133 -0.038624104 -0.012896492 0.99917084 11.390381
0.9992105 0.001283156 0.039707437 170.91333 -0.0018867163 0.9998832 0.015165744 135.88354 -0.039683327 -0.0152286915 0.99909633 11.351685
0.99895537 0.022308484 0.039872535 172.17017 -0.022960955 0.9996085 0.015984898 135.87769 -0.039500408 -0.016883943 0.9990768 11.307983
0.9982615 0.043070327 0.0402431 173.40967 -0.043802854 0.9988868 0.017502202 135.8357 -0.03944439 -0.019234225 0.99903685 11.267334
0.9973243 0.06153239 0.039460953 174.65796 -0.062296197 0.997887 0.018423771 135.77612 -0.03824359 -0.02083297 0.9990512 11.225952
0.99594194 0.08220342 0.036575835 175.9541 -0.082911596 0.99638695 0.018288892 135.69214 -0.03494032 -0.02124831 0.9991637 11.182495
0.9944161 0.09924599 0.03583732 177.21094 -0.10001407 0.9947768 0.020321433 135.58301 -0.033633195 -0.023791693 0.9991514 11.144043
0.9921953 0.1196932 0.03501664 178.51074 -0.12051542 0.9924611 0.022384237 135.4331 -0.03207337 -0.026429173 0.99913585 11.107056
0.9895025 0.14082871 0.032340914 179.82349 -0.14156589 0.98968667 0.021760799 135.27661 -0.028943269 -0.026111305 0.99924016 11.073975
0.98702496 0.15806136 0.0285443 181.1482 -0.15873337 0.9870609 0.023033824 135.08203 -0.024534628 -0.027264103 0.9993271 11.043823
0.9839818 0.1769118 0.022425126 182.46509 -0.1774588 0.98381287 0.025335655 134.86182 -0.017582227 -0.028908469 0.9994275 11.022095
0.9806529 0.19487645 0.018205307 183.78857 -0.1953308 0.9803352 0.027879734 134.61646 -0.012413651 -0.030896755 0.99944556 11.002808
0.97725564 0.21152936 0.015108767 185.10571 -0.21189925 0.97683936 0.029755939 134.35962 -0.008465425 -0.0322807 0.9994431 10.998047
0.97307354 0.23015195 0.013297622 186.44995 -0.2304728 0.97253627 0.032789264 134.05786 -0.005390022 -0.034970492 0.9993743 10.992432
0.96902335 0.2465599 0.013706144 187.82031 -0.24688116 0.9685146 0.03186039 133.73486 -0.005417619 -0.03425795 0.99939835 10.996704
0.9644833 0.26380876 0.013617947 189.16797 -0.26411372 0.9639965 0.031036517 133.37573 -0.0049407594 -0.033529937 0.99942565 10.99585
0.9593974 0.2818919 0.010092033 190.49365 -0.28207096 0.9588982 0.030957019 133.00903 -0.0009495266 -0.032546524 0.9994696 11.003906
0.955094 0.2961597 0.006876629 191.83691 -0.29622057 0.95451266 0.033486616 132.61768 0.00335715 -0.034020197 0.9994153 11.009277
0.94998085 0.31211942 0.007594261 193.16699 -0.31219158 0.94936186 0.03447566 132.19849 0.0035538557 -0.03512265 0.99937665 11.02356
0.9441042 0.32961988 0.008245882 194.54248 -0.32969254 0.94338083 0.037225902 131.73853 0.0044878824 -0.037863135 0.9992729 11.040039
0.93729895 0.34843728 0.00740706 195.92065 -0.34843498 0.9364117 0.041473165 131.25464 0.007511677 -0.041453637 0.9991126 11.051636
0.93087065 0.3652963 0.005016927 197.22388 -0.3651722 0.9299741 0.042235203 130.76636 0.01076654 -0.041147325 0.9990947 11.075073
0.92374134 0.38308302 0.0028863624 198.5835 -0.38284314 0.92283785 0.043140564 130.2273 0.0138566075 -0.04095608 0.99906516 11.093994
0.91612995 0.4009197 -0.0020368267 199.95044 -0.4004514 0.9152829 0.043948166 129.64575 0.01947843 -0.039447192 0.99903214 11.131958
0.9074673 0.42015037 -0.0053064935 201.27539 -0.41945797 0.90656877 0.047329918 129.06421 0.0246908 -0.04072745 0.99886566 11.178711
0.89772433 0.44046053 -0.007369295 202.60718 -0.43956536 0.89675117 0.050871115 128.45947 0.029019542 -0.042428184 0.99867773 11.222656
0.88557494 0.46447715 -0.006418473 203.94214 -0.46352017 0.8844888 0.053396907 127.792725 0.030479433 -0.044309285 0.9985525 11.272583
0.8726713 0.48825032 -0.0053382097 205.29346 -0.48715013 0.8713443 0.058440194 127.07495 0.03318927 -0.048396118 0.99827623 11.33606
0.85750866 0.5145935 -0.004913626 206.63428 -0.5133268 0.8559955 0.062600926 126.32593 0.03640966 -0.051158138 0.9980266 11.394043
0.8425066 0.5385876 -0.0053732805 207.89502 -0.5371327 0.84088653 0.06573963 125.566895 0.039928615 -0.05250017 0.99782246 11.458374
0.82864684 0.5596048 -0.005057164 209.1565 -0.55805606 0.8269637 0.067395344 124.76758 0.041912388 -0.053019106 0.9977127 11.527954
0.8123856 0.58325565 -0.005689432 210.39209 -0.5815417 0.81067425 0.06930784 123.91553 0.045034558 -0.052991763 0.9975779 11.602051
0.7964133 0.60475945 -0.00859487 211.67236 -0.6027389 0.7947699 0.07161823 123.003174 0.050134175 -0.051859815 0.99739563 11.690796
0.77948487 0.6263879 -0.010650501 212.87354 -0.6241115 0.7779045 0.07360325 122.08716 0.054399777 -0.050716847 0.9972289 11.779541
0.7618824 0.64749384 -0.012592572 214.04028 -0.6449753 0.7603871 0.075440004 121.133545 0.058424268 -0.049349483 0.9970711 11.873535
0.74677926 0.66487354 -0.013605555 215.2312 -0.6621802 0.7453286 0.07697162 120.133545 0.06131852 -0.048476186 0.9969409 11.977661
0.73033994 0.6828802 -0.014307616 216.3711 -0.6800625 0.72895694 0.07786666 119.112305 0.06360865 -0.04714303 0.99686116 12.085815
0.71375394 0.7002223 -0.015396046 217.48315 -0.697325 0.71251136 0.07781859 118.06714 0.06547207 -0.044807266 0.99684757 12.193359
0.69870144 0.71526945 -0.017140046 218.58862 -0.71216154 0.6975696 0.07942651 116.96753 0.06876713 -0.04328306 0.99669254 12.311279
0.6830763 0.7301302 -0.019155655 219.65356 -0.7268617 0.682123 0.08019245 115.88379 0.071609825 -0.04085147 0.99659544 12.425659
0.6681856 0.7436306 -0.021962013 220.7002 -0.740087 0.6674278 0.082171716 114.77051 0.075769596 -0.038654685 0.99637616 12.549683
0.6532697 0.7568058 -0.02227922 221.73804 -0.75303626 0.6525092 0.084725104 113.615234 0.07867073 -0.03857318 0.99615425 12.675415
0.6366539 0.7706733 -0.021794405 222.76367 -0.7668709 0.6359209 0.08517764 112.448 0.07952169 -0.0375167 0.99612737 12.811523
0.6208044 0.7838554 -0.01961308 223.74731 -0.7800768 0.6199555 0.08570758 111.24829 0.07933537 -0.037914176 0.9961271 12.946289
0.6036718 0.7969683 -0.014132862 224.70605 -0.7932865 0.6024232 0.08694772 110.05664 0.07783566 -0.0412853 0.99611205 13.083618
0.5850224 0.8110704 -0.009180761 225.64722 -0.80752105 0.5834526 0.087528355 108.82788 0.07634833 -0.04379063 0.99611884 13.215088
0.5674657 0.8233285 -0.0051554055 226.5376 -0.8198552 0.5656262 0.08842219 107.59863 0.07571893 -0.045945153 0.9960697 13.351074
0.5494087 0.83555114 -0.0032571864 227.40674 -0.83183694 0.54732454 0.09214888 106.36279 0.0787722 -0.0479301 0.995741 13.490234
0.5322247 0.8465691 -6.5974426e-05 228.219 -0.8427293 0.5298181 0.09508769 105.13037 0.08054173 -0.050548743 0.99546826 13.631592
0.51264185 0.85853595 0.002923483 229.00562 -0.8548128 0.51009387 0.09483995 103.87427 0.079945214 -0.05113557 0.9954884 13.771484
0.49146163 0.8709597 0.0065820552 229.7732 -0.8674894 0.48879838 0.09320809 102.60327 0.07795062 -0.05152522 0.99562556 13.911499
0.47082412 0.88224405 0.009984223 230.47119 -0.87903386 0.4680784 0.09126827 101.37134 0.07584306 -0.05173934 0.9957759 14.041138
0.44778982 0.8940621 0.014049059 231.1648 -0.8911601 0.44493702 0.089022875 100.06152 0.07333903 -0.05238704 0.99593055 14.179321
0.4278146 0.9038357 0.015982283 231.80444 -0.90104085 0.42493325 0.088049434 98.792725 0.07280528 -0.052061815 0.9959858 14.304077
0.40640467 0.9136966 0.017593531 232.40283 -0.9109594 0.40350124 0.08748324 97.51587 0.072832264 -0.05157888 0.99600965 14.429321
0.38456202 0.9230395 0.01760821 232.96973 -0.9202829 0.38175818 0.08683219 96.23047 0.07340563 -0.049585108 0.99606794 14.553955
0.36124998 0.9325097 0.016668525 233.5061 -0.9296341 0.35858262 0.08689675 94.95386 0.075038046 -0.046875913 0.99607766 14.677612
0.34085545 0.939809 0.016520545 233.99146 -0.9369056 0.33828378 0.08643522 93.67871 0.07564689 -0.04494725 0.9961214 14.801392
0.31851956 0.94774854 0.016299328 234.45654 -0.945001 0.31616208 0.08346028 92.37866 0.07392252 -0.0419922 0.9963796 14.927368
0.29925996 0.9538679 0.016262598 234.88306 -0.95112234 0.296988 0.08277625 91.10425 0.07413001 -0.040246062 0.9964363 15.045532
0.27793396 0.96043 0.017749285 235.27759 -0.9573079 0.2754078 0.087729596 89.84082 0.07940068 -0.041366097 0.99598384 15.167603
0.25795206 0.9658987 0.019642029 235.65161 -0.96205866 0.25496295 0.09656224 88.58081 0.08826348 -0.043813426 0.99513364 15.293945
0.23896107 0.97075045 0.022425445 235.9851 -0.9662787 0.23545845 0.10405423 87.33081 0.09571451 -0.046522677 0.9943197 15.426758
0.21932201 0.97541434 0.026278678 236.29712 -0.9707146 0.21536943 0.10748558 86.08154 0.09916952 -0.049074408 0.9938591 15.568359
0.19826305 0.97969157 0.029806701 236.59473 -0.9750059 0.19402301 0.10820496 84.829834 0.100230366 -0.05050111 0.99368066 15.710205
0.18079062 0.9829194 0.034881167 236.85376 -0.9784793 0.17615099 0.10759907 83.58789 0.099668175 -0.053592596 0.9935782 15.852295
0.16056667 0.9862523 0.03976472 237.08643 -0.98201174 0.15554905 0.10727393 82.34082 0.09964576 -0.056254223 0.9934305 16.00061
0.14002728 0.9892864 0.040635716 237.27734 -0.9852168 0.13513812 0.1050332 81.11841 0.098409705 -0.05473821 0.99363875 16.128784
