1.000000000000000000e+00 -3.306050084167601550e-19 -2.270457535318767223e-19 -8.673617379884035472e-19 7.546676715296109287e-19 1.000000000000000000e+00 6.237773588823049983e-19 1.387778780781445676e-17 -3.447385680526250622e-20 4.770700176052009879e-20 1.000000000000000222e+00 5.551115123125782702e-17
9.999246168067699170e-01 -2.283851780963955334e-03 1.206289178768774235e-02 1.520411067621009471e-02 2.271110125059045814e-03 9.999968322822416766e-01 1.070092594330972592e-03 -8.533139157627711580e-03 -1.206529826366305527e-02 -1.042618644523503292e-03 9.999266782761008221e-01 3.036445941144282901e-01
9.998248347477084463e-01 -5.308113025017204174e-03 1.794864796412789718e-02 3.386927576223304481e-02 5.287236021754579754e-03 9.999852617953143286e-01 1.210734982987083860e-03 -1.178033489742823237e-02 -1.795481094512705461e-02 -1.115624121050190877e-03 9.998382360528028645e-01 5.850920703166445636e-01
9.997431632446952543e-01 -8.043285998426829772e-03 2.119279713017254221e-02 4.535101032468212556e-02 8.052982108623631119e-03 9.999674845913744115e-01 -3.724023971204644726e-04 -2.241862895369785280e-02 -2.118911312639958425e-02 5.429450849281275459e-04 9.997755005213221358e-01 8.898258661411388992e-01
9.997779089790809204e-01 -9.129835335572879587e-03 1.900073113741648778e-02 4.656880637286889973e-02 9.155442749413855372e-03 9.999572578147025714e-01 -1.262035630235418867e-03 -1.854395299214647852e-02 -1.898840279389664779e-02 1.435665518765607976e-03 9.998188116493624822e-01 1.204285356481183955e+00
9.998738944246616800e-01 -1.135889640215186763e-02 1.109869454537927916e-02 4.328947493539350710e-02 1.139096007153819236e-02 9.999310951167240669e-01 -2.829905462403449045e-03 -2.281079057577872771e-02 -1.106577595779407834e-02 2.955963581755253165e-03 9.999344189516565784e-01 1.519518868040885096e+00
9.999248648415787200e-01 -1.226191027588428156e-02 -2.846282095519516098e-05 3.637068705076015873e-02 1.226168900954232623e-02 9.999163147626228820e-01 -4.131812003129132702e-03 -3.751168781909353100e-02 7.912025854314078241e-05 4.131153580004796183e-03 9.999914505532692122e-01 1.840875527673745404e+00
9.997728651536340605e-01 -1.236124492953854202e-02 -1.736276210478855317e-02 1.262736572740237595e-02 1.228791756615260113e-02 9.999151471512147671e-01 -4.323327547361707247e-03 -3.779273880670763752e-02 1.741473420883620296e-02 4.109045517326576080e-03 9.998399189085304117e-01 2.178403581992519822e+00
9.993471195041698785e-01 -8.046246722563600920e-03 -3.523518510625060773e-02 -2.481822985922748498e-02 7.885724835357927134e-03 9.999578774369393130e-01 -4.694093826418488206e-03 -4.284772525247870778e-02 3.527146644694389294e-02 4.413301635570952321e-03 9.993684420847700478e-01 2.522997368336367785e+00
9.984731752037752095e-01 -3.829759097188303266e-03 -5.510117410301085261e-02 -6.721642880879506732e-02 3.551300517096043791e-03 9.999804158543385002e-01 -5.149223608135503408e-03 -4.732213852461351900e-02 5.511982714507031311e-02 4.945666563604372845e-03 9.984672329927899437e-01 2.872841113604257313e+00
9.971589536672585963e-01 -3.077847390279101012e-03 -7.526867381937581147e-02 -1.095081766639408039e-01 2.646776798846752626e-03 9.999795385269799608e-01 -5.826374835370236142e-03 -5.206508641368340351e-02 7.528507803847642177e-02 5.610561172959364733e-03 9.971466740693418762e-01 3.235373218247734162e+00
9.954447153844303564e-01 -4.576213538313168329e-03 -9.523484486022214257e-02 -1.685314050483734949e-01 4.078174286106449678e-03 9.999769519420846908e-01 -5.424675867891156841e-03 -5.546097133800308165e-02 9.525748995658947504e-02 5.011449522538289833e-03 9.954404637922599219e-01 3.618410700067601127e+00
9.932285831072981130e-01 -6.079525806400300388e-03 -1.159938621130013753e-01 -2.266483633173636547e-01 5.618229929608326706e-03 9.999749946479221663e-01 -4.301872960362609737e-03 -6.329692716178969558e-02 1.160171255410830105e-01 3.621087374511507140e-03 9.932378556744980713e-01 4.006327002299612694e+00
9.911368721298497997e-01 -4.881371780922389055e-03 -1.327724600494846474e-01 -2.981409241712690839e-01 4.478633231576147240e-03 9.999843938291205214e-01 -3.331358788940386086e-03 -7.111696236098080659e-02 1.327866586125136805e-01 2.707333539239003412e-03 9.911432527788228697e-01 4.400615883204928913e+00
9.886945143883529852e-01 -3.889484757041215216e-03 -1.498698027370401753e-01 -3.812367680447912299e-01 3.431880850968942014e-03 9.999886203885931524e-01 -3.310000702538141385e-03 -7.467345883722667499e-02 1.498809810273905307e-01 2.758295548990511922e-03 9.886966045075693543e-01 4.818061770360244189e+00
9.868765779758947865e-01 -3.367149026637492396e-03 -1.614333346046903928e-01 -4.668295728303393788e-01 2.902092950167820939e-03 9.999909238959823199e-01 -3.116508133737691966e-03 -8.255138848829224330e-02 1.614423872330142118e-01 2.607234592266328803e-03 9.868773673603007390e-01 5.238935479731843259e+00
9.846720914961729632e-01 -4.064294857444025050e-03 -1.743797282002188531e-01 -5.565436192365958989e-01 3.527930362476235961e-03 9.999880489434177511e-01 -3.386145702190560599e-03 -9.029255191639422307e-02 1.743914160878090314e-01 2.718999602171943107e-03 9.846747003349456406e-01 5.676426288535956211e+00
9.828832700611377371e-01 -6.993805893335385340e-03 -1.841361482877157396e-01 -6.430804740928095509e-01 6.081670881884692834e-03 9.999662598218526099e-01 -5.519639574344613331e-03 -1.022670578740175057e-01 1.841685499681785243e-01 4.305521104980384282e-03 9.828926409277095599e-01 6.123408937777403693e+00
9.815180744614534492e-01 -6.245649504871108280e-03 -1.912194511720164691e-01 -7.413806745671200904e-01 4.988573354631027287e-03 9.999626737378513042e-01 -7.055485790517789478e-03 -1.086954183527153034e-01 1.912563771722882444e-01 5.971092914669503225e-03 9.815126352082884642e-01 6.587863926433029427e+00
9.800596206158475043e-01 -5.937961634443170156e-03 -1.986235287250180948e-01 -8.545952739908272422e-01 4.236449940600472280e-03 9.999506109438122126e-01 -8.989365438554854787e-03 -1.121864594355037048e-01 1.986671418955485435e-01 7.968519440031542750e-03 9.800364174195277389e-01 7.067930476844408005e+00
9.785259240467359954e-01 -6.579403151627775601e-03 -2.060712862201320716e-01 -9.666320771397641787e-01 4.241554421973398742e-03 9.999215295396026715e-01 -1.178357822728644429e-02 -1.246770025766808648e-01 2.061326948952758864e-01 1.065660979235392297e-02 9.784770444948690526e-01 7.553703489163500429e+00
9.766174560873061017e-01 -1.057090231112868886e-02 -2.147001189024355106e-01 -1.081753388014639272e+00 7.871160763191257029e-03 9.998788310518815781e-01 -1.342495957372858914e-02 -1.320047860889343450e-01 2.148159826790334570e-01 1.142134607184518494e-02 9.765824596564668392e-01 8.060984577021137909e+00
9.750831094457507175e-01 -1.612180554532235965e-02 -2.212195826712891611e-01 -1.194072133170512862e+00 1.327449583438150907e-02 9.998088051471855087e-01 -1.434785738781545368e-02 -1.506357556563532873e-01 2.214087311218566612e-01 1.105284352551802983e-02 9.751107556951501554e-01 8.577032263243399512e+00
9.730590169658618338e-01 -1.699086644295372955e-02 -2.299371285970215895e-01 -1.324282888555836868e+00 1.357160206662208490e-02 9.997726732867964206e-01 -1.643686198652778013e-02 -1.730115499259068934e-01 2.301641993971908773e-01 1.287465904303887465e-02 9.730683923355379905e-01 9.101673484912902623e+00
9.710874446723773978e-01 -1.298973613401600835e-02 -2.383406656712834248e-01 -1.475591213870790286e+00 8.229875910772834965e-03 9.997465071541716819e-01 -2.095976538757493568e-02 -1.731621037152264175e-01 2.385524475587579851e-01 1.839241922081754493e-02 9.709481650634048666e-01 9.635700980323889553e+00
9.690755027771097430e-01 -1.136284215522914871e-02 -2.465006534645911018e-01 -1.635591225192507547e+00 5.403198007812293896e-03 9.996767947758748996e-01 -2.483878199735239239e-02 -1.940412358152354688e-01 2.467032139270080859e-01 2.273919205852901679e-02 9.688236387644595382e-01 1.017339454215200334e+01
9.665108617359190468e-01 -1.373967721534204156e-02 -2.561441181068158657e-01 -1.791430346999976386e+00 7.131167949437360216e-03 9.996179446638369104e-01 -2.670137782623349665e-02 -2.144457854024705568e-01 2.564130301516813759e-01 2.398065944994277540e-02 9.662396509175966708e-01 1.073867675797290921e+01
9.643730750774639482e-01 -1.547479252512832040e-02 -2.640829862974674036e-01 -1.952564177277841040e+00 8.354462181196979295e-03 9.995711286826712838e-01 -2.806169480269312191e-02 -2.402827191319278910e-01 2.644039995531511922e-01 2.485638934317777396e-02 9.640887905101896971e-01 1.130878215542080767e+01
9.624302302489506911e-01 -1.521341497506616125e-02 -2.710472866675209258e-01 -2.131163783925900113e+00 7.063215221288970946e-03 9.994939215449984982e-01 -3.101123113096358394e-02 -2.624689516274961165e-01 2.713820222373808377e-01 2.793099596854128550e-02 9.620506602368432691e-01 1.189433470504343404e+01
9.601611863366850130e-01 -1.482710566495890926e-02 -2.790417948615088739e-01 -2.313410170269037280e+00 5.331749376380819951e-03 9.993815501603711127e-01 -3.475594406628419730e-02 -2.849495550809159616e-01 2.793845853420389158e-01 3.188372230740137148e-02 9.596464782093648838e-01 1.248764069928969001e+01
9.583338509675685124e-01 -1.603266177815268825e-02 -2.851595211783520267e-01 -2.502526808672336234e+00 4.792035441940945689e-03 9.991854065740500834e-01 -4.006591952060710449e-02 -3.152166682889339655e-01 2.855696454983362442e-01 3.702987507791264538e-02 9.576300735512160989e-01 1.308085014298557169e+01
9.560384205563660087e-01 -1.677519641084832328e-02 -2.927707592137779868e-01 -2.702964451764122700e+00 3.134840471191482382e-03 9.988898822907685826e-01 -4.701419472429954616e-02 -3.547715946643396068e-01 2.932344403760229201e-01 4.402868100644507371e-02 9.550297021043426815e-01 1.369675849246582189e+01
9.548626721233001158e-01 -1.729767836911120030e-02 -2.965614800234168125e-01 -2.909902246261535375e+00 1.023075261722214673e-03 9.984885045798398417e-01 -5.495445144160840401e-02 -3.898085645472247340e-01 2.970638690506871016e-01 5.217043927901364453e-02 9.534372916577612544e-01 1.432639198872331576e+01
9.538225536063000831e-01 -1.736163084515579200e-02 -2.999412283457347228e-01 -3.122621670036047625e+00 -2.037875634404170879e-03 9.979311491840925363e-01 -6.426498952057409231e-02 -4.352098146881273610e-01 3.004364279727463893e-01 6.190900244087300941e-02 9.518139093807808093e-01 1.496386763022478306e+01
9.525498639603706685e-01 -1.664041018750093970e-02 -3.039303102545109492e-01 -3.337578878756930045e+00 -5.895175267262358840e-03 9.973086062110516625e-01 -7.308227701097709528e-02 -4.808487026539164377e-01 3.043281921389943134e-01 7.140758437553500204e-02 9.498881266417797953e-01 1.560805680296381404e+01
9.515257239208918527e-01 -1.559868731846860042e-02 -3.071964264838808467e-01 -3.561677053413720984e+00 -9.464116583284007747e-03 9.967552483272674735e-01 -7.994103588168177676e-02 -5.387820421573368268e-01 3.074465930868306995e-01 7.897341384576828105e-02 9.482906639517919567e-01 1.626614707898930945e+01
9.496336122130090152e-01 -1.561239280901206491e-02 -3.128850745037707326e-01 -3.796971918653225142e+00 -1.219734646188878543e-02 9.961595526948701096e-01 -8.669821756903892118e-02 -6.004587241362940864e-01 3.130370756917384423e-01 8.614773242111438412e-02 9.457961786399422532e-01 1.693571830711976389e+01
9.481415340815074755e-01 -1.299336038520660166e-02 -3.176359183187310586e-01 -4.041844608451171439e+00 -1.725948914143335747e-02 9.955852541117197196e-01 -9.225836922230798431e-02 -6.703556327407590443e-01 3.174324094362286908e-01 9.295600377770972533e-02 9.437315362391462958e-01 1.760911024368571276e+01
9.469752407281264439e-01 -1.077225676889921081e-02 -3.211286843823489279e-01 -4.295134440604891246e+00 -2.160643193854649979e-02 9.950406171796600807e-01 -9.711236121318771175e-02 -7.404879148024753333e-01 3.205821284743425315e-01 9.890200435859716754e-02 9.420460746559956577e-01 1.829169562269047944e+01
9.448615381163674165e-01 -8.642912844645907894e-03 -3.273436470946322618e-01 -4.553698942315687503e+00 -2.572081482225504340e-02 9.946045847130533524e-01 -1.005066443203771476e-01 -8.158322842370723249e-01 3.264458983864412245e-01 1.033858873472454087e-01 9.395412762527634021e-01 1.899364379822913307e+01
9.433435216237571197e-01 -8.654147264193541231e-03 -3.317148831773963358e-01 -4.818827368015187851e+00 -2.678234128472476577e-02 9.944123684280739006e-01 -1.021206235099735710e-01 -8.971363907198101062e-01 3.307445195173628893e-01 1.052211749220911957e-01 9.378408120470157483e-01 1.970353779802170990e+01
9.410514695055011147e-01 -7.205284512628304557e-03 -3.382301551192985478e-01 -5.096605957583973279e+00 -2.861503935702940093e-02 9.944935949104709572e-01 -1.008110650506302414e-01 -9.825959144566152048e-01 3.370937721924721076e-01 1.045478317694571724e-01 9.356635437345104389e-01 2.043123144682785153e+01
9.386430018801317221e-01 -7.307095221347622953e-03 -3.448199956637952313e-01 -5.373793202850200679e+00 -2.875927380800862715e-02 9.946352517771376300e-01 -9.935962934426463555e-02 -1.068363672719518931e+00 3.436962767602993463e-01 1.031793299758668875e-01 9.333973020487552619e-01 2.115823418931547195e+01
9.367885324430622607e-01 -6.340121148051984512e-03 -3.498639011526881171e-01 -5.661039435362080319e+00 -2.959964569760076616e-02 9.948158362534123000e-01 -9.730028695762944768e-02 -1.155988064085759159e+00 3.486677191868385872e-01 1.015034228914429987e-01 9.317442941567668502e-01 2.189612067917679639e+01
9.340442836557304451e-01 -6.993921201192353741e-03 -3.570470227273412345e-01 -5.952007033331382146e+00 -2.846849542808935207e-02 9.951691992041102885e-01 -9.394298950307089502e-02 -1.236685224972078334e+00 3.559793200486958686e-01 9.791096931256709768e-02 9.293328933684920079e-01 2.263695700105207109e+01
9.294379076774217374e-01 -4.518160915915293493e-03 -3.689258784059506469e-01 -6.271815525152064197e+00 -3.049259548627920868e-02 9.955641272250207452e-01 -8.902304706762378950e-02 -1.314614825671305498e+00 3.676916509801855248e-01 9.399190820831671012e-02 9.251773393155448000e-01 2.340195226466254041e+01
9.267423640314003119e-01 -1.375577973429306568e-03 -3.756749016987605549e-01 -6.592163444040679110e+00 -3.214555082460252705e-02 9.960357709962018857e-01 -8.295057154666111987e-02 -1.394239565435305250e+00 3.742993429914055481e-01 8.895285390863834352e-02 9.230244105198834870e-01 2.415345357033513096e+01
9.232168330838674830e-01 1.441078123622022492e-03 -3.842643009134384946e-01 -6.924979943307764785e+00 -3.462479331191243431e-02 9.962372903326548457e-01 -7.945481705494086833e-02 -1.471162558346397420e+00 3.827037550626877227e-01 8.666087577809418463e-02 9.197930436939211196e-01 2.491237464700998672e+01
9.199977165331265638e-01 9.014098130936986416e-04 -3.919088995423352095e-01 -7.263692048077212249e+00 -3.397014434174518149e-02 9.964173531211921730e-01 -7.745020481092074194e-02 -1.547165064727648698e+00 3.904347897999983497e-01 8.456858042757389726e-02 9.167323965283903364e-01 2.566916488112229544e+01
9.158031092771635739e-01 3.156527544826267552e-03 -4.015457122107551347e-01 -7.611338717565966583e+00 -3.702782896906679083e-02 9.963738955551356691e-01 -7.659384788033600511e-02 -1.624867819513566403e+00 3.998476930231373294e-01 8.501465270409026831e-02 9.125992274102853186e-01 2.644578713273849502e+01
9.123127721664907597e-01 3.217940574756449328e-03 -4.095033995540095506e-01 -7.972186367218561109e+00 -3.750129468462221755e-02 9.964235296594723401e-01 -7.572346817397312968e-02 -1.694846504461672732e+00 4.077953540216238681e-01 8.443942654906512468e-02 9.091706739201920184e-01 2.721916936635530604e+01
9.080723717247930482e-01 3.631842370296877939e-03 -4.188204299579241785e-01 -8.350700752259919923e+00 -3.804648552357883795e-02 9.965428711610214707e-01 -7.385611386491820751e-02 -1.763838215095129502e+00 4.171036325120745514e-01 8.300528642822789516e-02 9.050716562993664782e-01 2.800762455286686148e+01
9.051819644996251801e-01 4.332954729181077470e-03 -4.249644262668412220e-01 -8.734268956020512675e+00 -3.781480410586288143e-02 9.968034789187537603e-01 -7.038959448942058716e-02 -1.836635582915390197e+00 4.233007795248328597e-01 7.978945546629356844e-02 9.024524919339467210e-01 2.879773156671351586e+01
9.016653983633232672e-01 4.605923139045941909e-03 -4.324739189118237959e-01 -9.131026403154802296e+00 -3.694627079183742530e-02 9.971074262845571745e-01 -6.641557706461324873e-02 -1.906677109714023599e+00 4.309168174298129150e-01 7.586306628432430699e-02 8.992276898594133705e-01 2.960076797653487901e+01
8.975112154395624708e-01 6.378693304003309021e-03 -4.408470110827001909e-01 -9.541560927390277058e+00 -3.719357679217019652e-02 9.974276002080662007e-01 -6.126041010053756564e-02 -1.964683061370762207e+00 4.393218018093237309e-01 7.138093993255827108e-02 8.954397549090121755e-01 3.041302914951273451e+01
8.943709525572990371e-01 6.444533866683739218e-03 -4.473058778181908113e-01 -9.955460948409985633e+00 -3.568746565508772867e-02 9.977368791828795658e-01 -5.698903748492536309e-02 -2.036584053703422104e+00 4.459260283664456814e-01 6.693515800328338206e-02 8.925771839382273809e-01 3.122037095845090349e+01
8.903316419063821430e-01 5.405432333123301458e-03 -4.552495730262771101e-01 -1.038719885083500749e+01 -3.404514415847950670e-02 9.979206934709168308e-01 -5.472024347481808243e-02 -2.095823159552884452e+00 4.540071325373805089e-01 6.421771334636083850e-02 8.886643473428855744e-01 3.204378598545577717e+01
8.875004041135023947e-01 6.913828951431368053e-03 -4.607508831929128523e-01 -1.082939386098040124e+01 -3.496363901385014794e-02 9.980153341332630434e-01 -5.235602522546992099e-02 -2.151960584880261873e+00 4.594740929188490530e-01 6.257651719556285574e-02 8.859808557054138500e-01 3.287622190767734054e+01
8.849706357689510750e-01 5.883662973739769812e-03 -4.655062497604867677e-01 -1.128031232191131217e+01 -3.349069924557201289e-02 9.981348555998215133e-01 -5.103461168415394933e-02 -2.209307922813641412e+00 4.643375553491773666e-01 6.075638198635946452e-02 8.835170519661885713e-01 3.370393234125781134e+01
8.812200721701812789e-01 5.305035198146804999e-03 -4.726884112948334660e-01 -1.174707977868603059e+01 -3.231929488301060749e-02 9.982732058414583998e-01 -4.904734378034416448e-02 -2.268508961149319880e+00 4.716117758590724907e-01 5.850054402421245303e-02 8.798700752407714321e-01 3.454998497390331380e+01
8.788648290472185209e-01 3.000891247911606496e-03 -4.770632518679883693e-01 -1.222057991261053367e+01 -3.028775193139262439e-02 9.983139396414246747e-01 -4.951159984171249473e-02 -2.324375332294450924e+00 4.761104166015467376e-01 5.796082384094630030e-02 8.774739102778790212e-01 3.540500397149758527e+01
8.773678476755784050e-01 2.189019731532309936e-03 -4.798172927991330994e-01 -1.270052881576376436e+01 -2.967039207680096519e-02 9.983233720751385487e-01 -4.969929064871389524e-02 -2.381371077950704684e+00 4.789038165495470567e-01 5.784261590532327468e-02 8.759618554674839519e-01 3.626788850372841466e+01
8.756475955675016021e-01 3.333159045383041544e-03 -4.830340020804139156e-01 -1.319747241228324519e+01 -3.138710654137853717e-02 9.982548680981280231e-01 -5.002637371455782161e-02 -2.438347444077631376e+00 4.820245888169725212e-01 5.896425704908662968e-02 8.742241623490801805e-01 3.713906016979870373e+01
8.752265216870561693e-01 3.455426987286733861e-03 -4.836895057970655998e-01 -1.370161509741473083e+01 -3.112694552459441960e-02 9.983043116957052154e-01 -4.920227741438601421e-02 -2.496816450613609017e+00 4.826994925823676064e-01 5.811891800043428313e-02 8.738498405025844074e-01 3.803027989154812616e+01
8.751181726647608849e-01 3.502064789414849073e-03 -4.839431845287694434e-01 -1.420403383802202057e+01 -3.016399373079289153e-02 9.984239449929181998e-01 -4.733225844212125138e-02 -2.552543418632153394e+00 4.830147067256553850e-01 5.601944273726525148e-02 8.738447551107235700e-01 3.892838370245032564e+01
8.745411498180287735e-01 1.876803758656648159e-03 -4.848106067566622102e-01 -1.472355646321959810e+01 -2.789420012740383495e-02 9.985315060847964608e-01 -4.643383387504936011e-02 -2.611717146005128942e+00 4.840113809621959251e-01 5.413529409274281390e-02 8.733092825546641125e-01 3.983995017724915044e+01
8.748026316346988462e-01 4.228356632872984442e-04 -4.843887553529876433e-01 -1.524520775710710829e+01 -2.642364234227724193e-02 9.985528328695397748e-01 -4.684659504441088945e-02 -2.671361831122082364e+00 4.836680891623104661e-01 5.378164917655625654e-02 8.735477761764562921e-01 4.075859012989217689e+01
8.733448493675302071e-01 -8.175882329383188677e-04 -4.871683053520731721e-01 -1.577586265266114118e+01 -2.533052728555842958e-02 9.985692664372209926e-01 -4.709149694031057598e-02 -2.730558932025723529e+00 4.865100103495622053e-01 5.346461103081170257e-02 8.720746365603614381e-01 4.168227948650095271e+01
8.726232318592037629e-01 -1.372495620459833953e-03 -4.883471635125991028e-01 -1.630131280363537982e+01 -2.391283507376380443e-02 9.986765366873610050e-01 -4.553384386079764590e-02 -2.789972466174988064e+00 4.877632885603986335e-01 5.141414959838289805e-02 8.714354981389214050e-01 4.261490508838699043e+01
8.697368233524922498e-01 -1.044057311121565938e-03 -4.936033269948408853e-01 -1.684492192356398022e+01 -2.216698045029625100e-02 9.989058086624204025e-01 -4.117189869804557811e-02 -2.849274977941346432e+00 4.931061673776460097e-01 4.674967429527916718e-02 8.687620720790207862e-01 4.354590984344124394e+01
8.665142027956618254e-01 -1.770335012232552262e-03 -4.991131758401391449e-01 -1.738456423245613891e+01 -1.908277877405337858e-02 9.991451497615317923e-01 -3.667164549156828185e-02 -2.910405935325122595e+00 4.987516580122077769e-01 4.129906628328562646e-02 8.657396471338163479e-01 4.447942288443790915e+01
8.634858329325091342e-01 -3.177649365826778430e-03 -5.042772195762519338e-01 -1.792990629445874973e+01 -1.695276545931509449e-02 9.992322365634136450e-01 -3.532195786001929988e-02 -2.963928605634683855e+00 5.040024737296567858e-01 3.904937077269117485e-02 8.627689838983950699e-01 4.540016989345390641e+01
8.585970429794462788e-01 -5.140275260964537879e-03 -5.127368563437405546e-01 -1.848766874054464182e+01 -1.602889747014045810e-02 9.991916971575892648e-01 -3.685920029508881618e-02 -3.023581041158198257e+00 5.125122589092488967e-01 3.986113876635036940e-02 8.578205719204599067e-01 4.631922151335355409e+01
8.529482694515794217e-01 -8.343568056928858320e-03 -5.219643862686478286e-01 -1.904918611792317762e+01 -1.502537303728194128e-02 9.990654802523168954e-01 -4.052742432196904804e-02 -3.084230453961799956e+00 5.218147381318046785e-01 4.241186621188983846e-02 8.520258239655378318e-01 4.722895823101080737e+01
8.467997872482536659e-01 -7.857816791476629134e-03 -5.318373828810806225e-01 -1.963525145914391956e+01 -1.570004434999163270e-02 9.990859622115231264e-01 -3.976720851871002466e-02 -3.135764687446421117e+00 5.316637712911427283e-01 4.202705691937501375e-02 8.459023874992994685e-01 4.814008518666325642e+01
8.408170499630003292e-01 -5.099268587569661879e-03 -5.412944549377249892e-01 -2.023540642117448485e+01 -1.636155377977712919e-02 9.992593247574634852e-01 -3.482988516759301378e-02 -3.185749617878818718e+00 5.410713289346197330e-01 3.814082848317528612e-02 8.401109698306228335e-01 4.904688770551955912e+01
8.368112702703843775e-01 -1.530460986246611485e-03 -5.476761403552562468e-01 -2.083496901855843220e+01 -1.757910646634736757e-02 9.994054071757442204e-01 -2.965313791251444203e-02 -3.240098882220677989e+00 5.473962006233937805e-01 3.443557696868935342e-02 8.362867939283833429e-01 4.994308537193842312e+01
8.321627298466469647e-01 -1.323948538738545667e-03 -5.546300902921296183e-01 -2.144258921736393475e+01 -1.929140567836081996e-02 9.993226499921994410e-01 -3.133352193351439385e-02 -3.289914090618281772e+00 5.542959498595075862e-01 3.677492003790783226e-02 8.315736163617155619e-01 5.082896430342000826e+01
8.288756125373708539e-01 -3.214158442948100453e-03 -5.594619182616259456e-01 -2.205146928575823395e+01 -2.037784112507327189e-02 9.991463463108314347e-01 -3.593614815182481770e-02 -3.340423416733695472e+00 5.591001105613921940e-01 4.118585550851105309e-02 8.281025137699011829e-01 5.171124804376347583e+01
8.258318302459723981e-01 -5.272458998694155852e-03 -5.638129594036470627e-01 -2.266405834474108616e+01 -2.260043870417699496e-02 9.988433712956145127e-01 -4.243740427370325252e-02 -3.401894914128961389e+00 5.633843621209582153e-01 4.779423524959856145e-02 8.247575768168727839e-01 5.258877573308139830e+01
8.223532342694783726e-01 -5.768583665607406735e-03 -5.688924667480467212e-01 -2.328835134948781871e+01 -2.324430137431050467e-02 9.987731641889467937e-01 -4.372564855487223040e-02 -3.458579326788997044e+00 5.684468183430891886e-01 4.918172233716688879e-02 8.212103873348794991e-01 5.346609874313351440e+01
8.209156928852034962e-01 -4.945742910621823106e-03 -5.710533228400826999e-01 -2.391005034928235062e+01 -2.179872930940512932e-02 9.989623718054240209e-01 -3.998419062616451886e-02 -3.522249935625558326e+00 5.706587024939921982e-01 4.526957868908003391e-02 8.199560412778482688e-01 5.434617297520605916e+01
8.165304482461273050e-01 -1.707730646349757972e-03 -5.772497105829710318e-01 -2.454845603859721592e+01 -2.165870807931837005e-02 9.992010676779305989e-01 -3.359828839318138721e-02 -3.572217895759736361e+00 5.768460022365847761e-01 3.993723845889332602e-02 8.158410286506797560e-01 5.522501669122766543e+01
8.138702430899908968e-01 -1.174044374433432566e-03 -5.810795704403340922e-01 -2.518897501359968416e+01 -2.097127594178230942e-02 9.992871706100278084e-01 -3.138793658136819487e-02 -3.628648220424374404e+00 5.807022235942438382e-01 3.773208338831132713e-02 8.132654683800596418e-01 5.609747481043736173e+01
8.107087780444209857e-01 8.984396413833357735e-04 -5.854262393259647146e-01 -2.582975817748210545e+01 -2.364791046661067486e-02 9.992330281699728367e-01 -3.120701013588105671e-02 -3.680058028234111323e+00 5.849491759429914506e-01 3.914317779953163656e-02 8.101082664555893098e-01 5.697223991788062847e+01
8.064910783975087760e-01 -1.639141194470535154e-03 -5.912671420009204537e-01 -2.647913827592176261e+01 -2.245651106009446951e-02 9.991897919763715885e-01 -3.341233511464210965e-02 -3.725337559362360551e+00 5.908429499911005411e-01 4.022407789883592627e-02 8.058007961910614858e-01 5.784516998147755373e+01
8.035918664009067403e-01 -2.496479655326437445e-03 -5.953365087419498769e-01 -2.713164597812527390e+01 -2.269237978572737763e-02 9.991357236036585432e-01 -3.482952293646054964e-02 -3.779929741313487579e+00 5.949091519792473193e-01 4.149184490944694131e-02 8.028405805429201791e-01 5.871164973055228842e+01
8.003748059572459717e-01 -4.275173809088509899e-03 -5.993653163003925810e-01 -2.778905066130728230e+01 -2.140045770722584853e-02 9.991335700816382781e-01 -3.571065629768668120e-02 -3.831301204596842869e+00 5.989985167568772084e-01 4.141429189114759907e-02 7.995897699228774469e-01 5.956842276819537574e+01
7.951081860916019428e-01 -3.545504387161721623e-03 -6.065990902087767811e-01 -2.846605736691893895e+01 -2.128145618513130333e-02 9.992040163147507537e-01 -3.373484177942744078e-02 -3.882739722155220896e+00 6.062362700490384615e-01 3.972428158029536749e-02 7.943997149940077440e-01 6.043563420906574635e+01
7.905573092526824164e-01 -3.673851354646468122e-03 -6.124208960615185049e-01 -2.914043381663129395e+01 -2.102477740712773574e-02 9.992296234376842889e-01 -3.312519257521355509e-02 -3.933632458383123254e+00 6.120708573257744867e-01 3.906187669534578327e-02 7.898712179825461144e-01 6.129606568890105223e+01
7.848355746786218612e-01 -5.374006249520691184e-03 -6.196678190579123502e-01 -2.983596955501127113e+01 -2.033288714792737956e-02 9.992007863520816491e-01 -3.441558473663348244e-02 -3.992307757645392474e+00 6.193576092568763292e-01 3.960909681437387031e-02 7.840990197142307938e-01 6.215413979132723199e+01
7.793593673128434984e-01 -5.768795118054470018e-03 -6.265591664638533453e-01 -3.053498823522932071e+01 -2.051218649798066881e-02 9.991867835931855790e-01 -3.470659963866379316e-02 -4.040714139298765772e+00 6.262497495049230700e-01 3.990160093887117759e-02 7.786073720622634919e-01 6.300917066324905136e+01
7.744739614640221426e-01 -7.423345293692150924e-03 -6.326587165093737752e-01 -3.123569453068981616e+01 -1.947486804968325338e-02 9.991775236916031755e-01 -3.556129707777212073e-02 -4.094024629549567251e+00 6.324024733519378882e-01 3.986003618521841846e-02 7.736923649801780156e-01 6.386066982276828696e+01
7.682033381920476689e-01 -8.348267374872616817e-03 -6.401283304875698965e-01 -3.196002250065818728e+01 -1.930601348074499277e-02 9.991581559067765905e-01 -3.620092928848145375e-02 -4.149755762195564301e+00 6.398915849147489565e-01 4.017047482773633549e-02 7.673955239904703962e-01 6.470997140776360368e+01
7.638641452391068398e-01 -9.902277241114946713e-03 -6.452957586561127723e-01 -3.267763532908491442e+01 -1.848662729975626348e-02 9.991363247734457165e-01 -3.721927008176714041e-02 -4.206245195781693091e+00 6.451067733158515338e-01 4.036367564378256362e-02 7.630214873849086032e-01 6.555624053094535952e+01
7.569440647876010120e-01 -1.110822556958370247e-02 -6.535315898461920847e-01 -3.341552329539842958e+01 -1.762551882846738818e-02 9.991448283349889659e-01 -3.740758166336945884e-02 -4.260321340821960234e+00 6.533884854379699014e-01 3.982917246485840473e-02 7.561010315943595961e-01 6.639769213692780170e+01
7.511346265982852266e-01 -1.234302868976761350e-02 -6.599742537176259694e-01 -3.417611985597612545e+01 -1.546643174767755279e-02 9.992218091340858699e-01 -3.629510222873368747e-02 -4.313987615731802450e+00 6.599085422274998392e-01 3.747102125698931890e-02 7.503592372374472408e-01 6.723617773659231034e+01
7.449047950383842487e-01 -1.264347082697513808e-02 -6.669577040640369825e-01 -3.492462127990132359e+01 -1.488284246626205183e-02 9.992567087203245713e-01 -3.556283724829149145e-02 -4.370253534103369475e+00 6.669112985679475081e-01 3.642200665704009577e-02 7.441628403994641205e-01 6.806265342779170169e+01
7.377098912206403458e-01 -1.400221941329115108e-02 -6.748863701414651306e-01 -3.569547507810484177e+01 -1.384909895660983714e-02 9.992607284356559427e-01 -3.586145420334815176e-02 -4.423303981533631912e+00 6.748894502164181075e-01 3.580539689206227449e-02 7.369704680664822538e-01 6.889418636351615532e+01
7.321999670064150978e-01 -1.522259979796945252e-02 -6.809496518515201213e-01 -3.647684137654201209e+01 -1.375587304309142805e-02 9.992157263398306899e-01 -3.712388392336052334e-02 -4.484584742606993579e+00 6.809810989712739016e-01 3.654337688459920880e-02 7.314162806832955610e-01 6.971603074706838754e+01
7.271804445700039699e-01 -1.515101683591060094e-02 -6.863749216933140440e-01 -3.726101021936889879e+01 -1.437282898577146861e-02 9.992012653432916780e-01 -3.729534862728339784e-02 -4.539213495347405924e+00 6.863919554319287686e-01 3.698250603121621544e-02 7.263817283114970547e-01 7.053219897234039593e+01
7.213955956709946493e-01 -1.426427020958196193e-02 -6.925269043726808293e-01 -3.806500478770423257e+01 -1.477305587903455716e-02 9.992434431642021053e-01 -3.598223008513828231e-02 -4.589695332354090773e+00 6.925163859948822997e-01 3.618498002385728274e-02 7.206390611785364886e-01 7.135608733460394149e+01
7.170103516168421232e-01 -1.428032623320730880e-02 -6.970176461012714819e-01 -3.887108319784743315e+01 -1.538541072657549809e-02 9.992223588338186024e-01 -3.630387035963703740e-02 -4.644915544341430724e+00 6.969943211026217167e-01 3.674836499420250369e-02 7.162330216469653399e-01 7.217047218350968762e+01
7.114810559623663266e-01 -1.430638389552198360e-02 -7.026330487034168071e-01 -3.969272751168727353e+01 -1.569542815416839071e-02 9.992198281339339516e-01 -3.623935307364573033e-02 -4.706218335056735036e+00 7.026034068927805576e-01 3.680957769973398214e-02 7.107012722566968810e-01 7.298267210279658457e+01
7.066268298658683333e-01 -1.620692678770967871e-02 -7.073855288563625221e-01 -4.052431770160890778e+01 -1.603848953435510830e-02 9.991139005456284305e-01 -3.890447736645837734e-02 -4.764689156179167107e+00 7.073892837136129819e-01 3.883558392809876442e-02 7.057407692604394933e-01 7.379398786469843685e+01
7.011722528343090621e-01 -1.778488972691938744e-02 -7.128635110185174151e-01 -4.135436102182328710e+01 -1.680071875401059969e-02 9.989990836941632368e-01 -4.145264150893829963e-02 -4.829170076340010276e+00 7.128874298835742307e-01 4.104048125495905752e-02 7.001717239649971614e-01 7.461289368101020614e+01
6.971977553453141407e-01 -1.781674370299107801e-02 -7.166427144623197520e-01 -4.219998513567923482e+01 -1.736968347194560100e-02 9.989776991976985210e-01 -4.172730830226936000e-02 -4.887105805340263842e+00 7.166534098456137647e-01 4.154384967119343491e-02 6.961754575511038823e-01 7.540851671286115732e+01
6.909119258292663046e-01 -1.834055287471397788e-02 -7.227144357996584390e-01 -4.305182564150826607e+01 -1.604101105239095007e-02 9.990430194319749324e-01 -4.069765257905213346e-02 -4.946796574388550916e+00 7.227692393850257968e-01 3.971448590220458957e-02 6.899564774682511725e-01 7.621126993088685708e+01
6.884278280800403271e-01 -1.771232569028145104e-02 -7.250291964402507672e-01 -4.391112743324998036e+01 -1.522107163022895157e-02 9.991287841094403932e-01 -3.885464849601731607e-02 -5.009335335636932562e+00 7.250855870062876685e-01 3.779184722213347475e-02 6.875584247749361166e-01 7.701767916975956041e+01
6.820434186317738678e-01 -1.847037102975284534e-02 -7.309437821637414512e-01 -4.478231846263384597e+01 -1.506211896228498888e-02 9.991141585350635790e-01 -3.929395843463722587e-02 -5.082056457309367836e+00 7.310219469996936947e-01 3.781449224436762846e-02 6.811608790061057794e-01 7.781868153830755830e+01
6.779429727137699091e-01 -2.019455760928005536e-02 -7.348621426947803403e-01 -4.566120804964693036e+01 -1.345586030020857332e-02 9.991141714342659519e-01 -3.986185458911117169e-02 -5.139505723003244597e+00 7.350167565406583448e-01 3.690477145477850940e-02 6.770705609491630694e-01 7.862339035094883855e+01
6.732255310379857693e-01 -2.111641123718830532e-02 -7.391539855142906790e-01 -4.655351430377847066e+01 -1.222116813138209371e-02 9.991378319230010963e-01 -3.967213282932927770e-02 -5.203980614552047967e+00 7.393548021963020078e-01 3.573581535416608251e-02 6.723871606062132855e-01 7.941853416723215275e+01
6.688740102110966035e-01 -2.164945403742883981e-02 -7.430278634566859219e-01 -4.745386161405489389e+01 -1.183573046028747917e-02 9.991389517814731613e-01 -3.976312060795429704e-02 -5.259870886676625723e+00 7.432492619608788154e-01 3.538545404468432937e-02 6.680418995529933124e-01 8.020265917097044905e+01
6.664482785352546790e-01 -2.444851293895692820e-02 -7.451015549534945048e-01 -4.834893899202189260e+01 -8.323355063135130100e-03 9.991559420780437017e-01 -4.021520602886324153e-02 -5.323696467956450462e+00 7.454559683470218800e-01 3.300178219567360266e-02 6.656822097455886711e-01 8.098407439053212897e+01
6.617742983849799199e-01 -2.948063705353078101e-02 -7.492391067802847138e-01 -4.925104580149116629e+01 -4.965411099742090759e-03 9.990322305417402848e-01 -4.370528268142131328e-02 -5.390257956401813821e+00 7.498026099555793467e-01 3.264112976206104411e-02 6.609875637284621241e-01 8.179145781263345327e+01
6.554409949436735827e-01 -3.377544573400120820e-02 -7.545686895931438265e-01 -5.016166691145986789e+01 -1.119612973603212889e-03 9.989548655662485732e-01 -4.568954699780255341e-02 -5.456544650985952316e+00 7.553237143697438816e-01 3.078562246004207595e-02 6.547184168529015524e-01 8.258794047175518926e+01
6.512655755103083921e-01 -3.755544781055666914e-02 -7.579041532273756987e-01 -5.108500448076723188e+01 4.915273444858946940e-03 9.989623733236903114e-01 -4.527954312150325733e-02 -5.523579347439683929e+00 7.588183927703634479e-01 2.576105421778365420e-02 6.507744343981179957e-01 8.337930705324082226e+01
6.418929397971211426e-01 -4.201447502684791530e-02 -7.656658834874643382e-01 -5.201704594576208507e+01 1.078492355173602327e-02 9.988935615156264713e-01 -4.578142651608391872e-02 -5.602386517373391328e+00 7.667419080448240054e-01 2.112975582568951335e-02 6.416360412592742035e-01 8.415693802487163566e+01
6.344091007361349899e-01 -4.193685554157107476e-02 -7.718398193287618891e-01 -5.295913907585126879e+01 1.281864037443605775e-02 9.989607268253406502e-01 -4.373464079301886409e-02 -5.672927449156938806e+00 7.728719210561181274e-01 1.785205290323507374e-02 6.342871543835625348e-01 8.493357622271199148e+01
6.249811272182085320e-01 -4.163967967970004513e-02 -7.794394347848422333e-01 -5.392551575173158795e+01 1.419366207175970854e-02 9.990173657597378742e-01 -4.198556981098263557e-02 -5.732670929300359930e+00 7.804215657724004052e-01 1.517790973015061690e-02 6.249580085059709411e-01 8.569595832467800278e+01
6.148338684715966007e-01 -4.078647842057781664e-02 -7.875340336717723266e-01 -5.490161884222523270e+01 1.390925166230244300e-02 9.990667880249348709e-01 -4.088831429776412785e-02 -5.803985694242540738e+00 7.884672111308641540e-01 1.417627552192132594e-02 6.148281147131855473e-01 8.645004988091595521e+01
6.066619826819066308e-01 -4.182013402066559610e-02 -7.937879901605738864e-01 -5.588542423190703801e+01 1.280611645371686896e-02 9.989995422304530637e-01 -4.284608654686501011e-02 -5.863654338604428418e+00 7.947858820401837443e-01 1.582140312636873963e-02 6.065909727606751956e-01 8.719892286651484881e+01
5.972544785468374418e-01 -4.401573911786651333e-02 -8.008399823070565526e-01 -5.688381210748042349e+01 1.401422299739686975e-02 9.989130691054644018e-01 -4.444506573315570169e-02 -5.936001061190409267e+00 8.019263573830838210e-01 1.531523652648370849e-02 5.972224045304680429e-01 8.792566973679427633e+01
5.868780759527087998e-01 -4.561022604306379236e-02 -8.084951952540513354e-01 -5.789577349274297546e+01 1.427351002926115393e-02 9.988395452093340454e-01 -4.599077145357539920e-02 -6.005441729962898378e+00 8.096552965522841872e-01 1.544806649203109977e-02 5.868482562755489296e-01 8.865578646868254964e+01
5.776653606905888250e-01 -4.718660817493493254e-02 -8.149534211565419017e-01 -5.891806975386916889e+01 1.792497444713033253e-02 9.988201859740751809e-01 -4.512630739090345289e-02 -6.077173074067562020e+00 8.161217646303998707e-01 1.145684877954759179e-02 5.778297461705718119e-01 8.937160256440169803e+01
5.648462492181796080e-01 -4.642535706627266140e-02 -8.237546097567440828e-01 -5.995244062458464640e+01 1.894636778578423497e-02 9.988828831908829198e-01 -4.328856562913503681e-02 -6.147328481585556226e+00 8.248438067585622813e-01 8.846238030855541404e-03 5.650943267393447877e-01 9.007602206169107717e+01
5.564133476990837934e-01 -4.634858473681328223e-02 -8.296611382967660209e-01 -6.099685381422147401e+01 1.953585789356863250e-02 9.988962142583498460e-01 -4.270395163044542197e-02 -6.219696723882593759e+00 8.307254498413568777e-01 7.542297409731984342e-03 5.567055065736028485e-01 9.077022458857238973e+01
5.453363754135882591e-01 -4.744486269380479571e-02 -8.367308944723835795e-01 -6.205146959688020303e+01 1.883661493373962187e-02 9.988387789207631151e-01 -4.434718410905277852e-02 -6.289601577449731806e+00 8.378626517808900331e-01 8.428559204688271939e-03 5.455961164176021949e-01 9.145001579289514382e+01
5.357664676320641473e-01 -4.838581241444268877e-02 -8.431014115385452312e-01 -6.312488857548528642e+01 1.810425976764294675e-02 9.987851747769237454e-01 -4.582456010947406205e-02 -6.364207253705854050e+00 8.442950141219118798e-01 9.282472671202118136e-03 5.359922428220302848e-01 9.211558908894463116e+01
5.251826952890168432e-01 -4.903709394030851543e-02 -8.494570724980546883e-01 -6.420578232490539961e+01 1.710305696599228459e-02 9.987452943535103378e-01 -4.707859032707462782e-02 -6.431426855054988678e+00 8.506990314731406322e-01 1.020490943541931331e-02 5.253618925405481033e-01 9.277328937138950948e+01
