1 0 0 0 0 1 0 0 0 0 1 0
0.99986849 0.00056607158 0.016207188 -0.0049399075 -0.00055647815 0.99999967 -0.00059643035 -0.0031979067 -0.016207522 0.000587333 0.99986848 0.11058621
0.99930258 0.0024690457 0.037259258 0.023021451 -0.0024534172 0.99999688 -0.00046517351 0.0040999793 -0.037260294 0.00037343662 0.99930552 0.25201118
0.99795635 0.0046514262 0.063729811 0.060803561 -0.0047083943 0.99998864 0.00074373826 0.0027890359 -0.063725633 -0.0010422834 0.99796691 0.40183454
0.99527726 0.0041311939 0.096985044 0.099470026 -0.0044557743 0.99998517 0.0031303586 0.0064696414 -0.096970682 -0.0035477182 0.99528092 0.57898628
0.99090956 0.001396787 0.13452246 0.17685378 -0.0021094733 0.99998449 0.005155509 0.0018700337 -0.13451319 -0.0053924147 0.99089713 0.77402046
0.98462899 -0.0024504904 0.17464178 0.23120537 0.0014714199 0.99998247 0.0057354253 -0.0050403426 -0.17465278 -0.0053902945 0.98461533 0.96080284
0.97597181 -0.0026776472 0.21788038 0.32638387 0.0011380461 0.99997349 0.0071914476 -0.0059493363 -0.21789388 -0.0067706922 0.97594898 1.1793516
0.96394717 -0.0024565058 0.26608236 0.41620057 -0.00028980084 0.9999471 0.01028151 0.0062336613 -0.26609356 -0.0099879436 0.96389546 1.3836357
0.94968759 -0.0061320567 0.31313875 0.54518423 0.00089321741 0.99985728 0.016870809 0.01157557 -0.31319754 -0.015742297 0.94955752 1.6273487
0.9325992 -0.015740984 0.3605703 0.69958269 0.0072672938 0.99966491 0.024844635 -0.0013043333 -0.36084059 -0.020549717 0.93240109 1.8435792
0.91128671 -0.021471404 0.41121222 0.84438883 0.0099883888 0.99949839 0.030053456 -0.0022443845 -0.41165128 -0.023279967 0.91104406 2.048828
0.88649789 -0.023557232 0.46213259 1.0420809 0.0089480848 0.99938927 0.033779022 0.0016012989 -0.46264613 -0.02580983 0.88616727 2.314112
0.85748181 -0.02533363 0.51389019 1.2254877 0.0064753756 0.99923934 0.03845538 0.022975444 -0.51447356 -0.029647157 0.8569936 2.5218655
0.82567887 -0.030533758 0.56331347 1.4509027 0.0076322451 0.99904742 0.042965222 0.023187384 -0.5640888 -0.03117613 0.82512538 2.7489645
0.79021256 -0.036538099 0.61174263 1.669295 0.010277228 0.99887077 0.046384939 0.02727718 -0.61274671 -0.030366943 0.78969574 2.9521578
0.75253797 -0.041122173 0.65726367 1.9412981 0.011196219 0.99870316 0.049665401 0.039510675 -0.65845371 -0.030016232 0.75202246 3.164881
0.71216502 -0.044306503 0.7006125 2.2299493 0.012309414 0.99864104 0.050641345 0.050535209 -0.7019042 -0.027440865 0.7117426 3.4090863
0.67032898 -0.046085315 0.74063159 2.519336 0.011580524 0.9985978 0.051655821 0.063102897 -0.74197372 -0.026049492 0.66992274 3.5902371
0.62858224 -0.04645762 0.7763543 2.8505487 0.0070784374 0.99851472 0.054020744 0.083204125 -0.77771095 -0.028461105 0.62797747 3.831828
0.5863252 -0.047326301 0.80869211 3.2220692 0.0045906886 0.99847006 0.055104108 0.10327828 -0.8100628 -0.028596474 0.58564542 4.0207379
0.54617844 -0.048379967 0.83627055 3.5895456 0.002263164 0.99841234 0.056282101 0.12314027 -0.83766584 -0.028847453 0.54542078 4.2248156
0.50776099 -0.051005379 0.85998672 4.0188927 0.0011936177 0.99828651 0.058503123 0.1387431 -0.86149719 -0.028679108 0.50695183 4.4289622
0.47024718 -0.050898345 0.88106576 4.4233559 -0.0018245488 0.99827733 0.058643354 0.1585068 -0.8825329 -0.02918442 0.46934424 4.6013208
0.43331526 -0.049942484 0.89985753 4.8777549 -0.0031033392 0.9983748 0.056904609 0.1846516 -0.90123711 -0.027450198 0.43245604 4.7968254
0.39957102 -0.048799224 0.91540241 5.3926764 -0.0019555656 0.99853445 0.054084512 0.20425838 -0.91670019 -0.023400733 0.39889 4.997383
0.37008848 -0.047187705 0.92779727 5.8869366 0.00013893389 0.99871194 0.050739001 0.22850695 -0.92899654 -0.018649017 0.36961834 5.1774022
0.34593101 -0.045276733 0.93716684 6.4321338 0.0012111572 0.99885571 0.04781 0.24983811 -0.93825921 -0.015403905 0.34559 5.3512765
0.32436497 -0.044714143 0.94487456 7.0083439 0.0021593971 0.99891455 0.046530171 0.27087936 -0.94592958 -0.013052398 0.32410944 5.5179753
0.30968625 -0.045347462 0.94975679 7.5906188 0.0033990923 0.9989085 0.04658594 0.30346652 -0.95083277 -0.011198714 0.30950237 5.7225056
0.296924 -0.046682176 0.95375932 8.2151826 0.0045518364 0.99886217 0.047472679 0.32083377 -0.95489031 -0.0097544206 0.29679864 5.8750642
0.2865705 -0.048665416 0.95682232 8.8469647 0.0030128829 0.9987499 0.049895549 0.34919733 -0.95805446 -0.011415798 0.28635888 6.1037298
0.27563523 -0.050339938 0.95994324 9.5228038 0.0017230571 0.99865209 0.051875097 0.38307249 -0.9612608 -0.012644567 0.27535044 6.2802761
0.26580545 -0.052054467 0.96262024 10.198499 0.0012190398 0.99855845 0.053661245 0.40671657 -0.96402596 -0.013089978 0.26548573 6.4635478
0.25558739 -0.053934186 0.96528033 10.933418 -4.3350554e-05 0.99844205 0.055798546 0.43436565 -0.966786 -0.014303249 0.25518685 6.6492476
0.2449951 -0.055473212 0.96793597 11.642557 -0.0001388271 0.99835975 0.057251962 0.46967514 -0.96952435 -0.014160825 0.24458554 6.8350311
0.23457903 -0.057089904 0.97041916 12.407644 -0.00053470529 0.99826626 0.058857406 0.49793264 -0.97209695 -0.014325601 0.2341418 7.0222747
0.22461191 -0.059725127 0.97261622 13.167711 -0.0021846378 0.99808655 0.061793685 0.53325252 -0.97444589 -0.016004411 0.22405165 7.203326
0.21294469 -0.063398244 0.9750052 13.943869 -0.0043182281 0.99782184 0.065824977 0.57265124 -0.97705475 -0.018227374 0.21220709 7.3717427
0.19995247 -0.067237296 0.97749582 14.740264 -0.0040307142 0.99757777 0.069443144 0.61699159 -0.97979735 -0.017825334 0.19919712 7.5166088
0.18715836 -0.069731576 0.97985161 15.504347 -0.0051420662 0.99739411 0.071962165 0.6498018 -0.98231634 -0.018506782 0.18631208 7.6591408
0.17290319 -0.070387653 0.98242047 16.301178 -0.0058598043 0.99735201 0.072488764 0.68883844 -0.98492143 -0.018290329 0.17203288 7.8018098
0.15883837 -0.069530972 0.98485315 17.104988 -0.0072477116 0.99740808 0.071586273 0.73188422 -0.98727804 -0.018508578 0.15792273 7.9343185
0.14252861 -0.06854244 0.98741453 17.895312 -0.008190979 0.99748354 0.07042372 0.77326954 -0.98975683 -0.018125286 0.14160851 8.0532716
0.12186203 -0.067177952 0.99027102 18.755425 -0.010726636 0.99755952 0.0689924 0.80830681 -0.99248913 -0.01902983 0.12084403 8.148079
0.096887997 -0.065503283 0.99313743 19.54587 -0.015351524 0.99761493 0.067296256 0.84806112 -0.99517693 -0.021766372 0.095651335 8.2446179
0.066959009 -0.06523301 0.99562094 20.369203 -0.019351107 0.99758786 0.066663311 0.88689944 -0.9975681 -0.023730076 0.065535162 8.2928586
0.033565611 -0.064785159 0.99733452 21.218854 -0.022522404 0.99759442 0.065560039 0.92579716 -0.99918275 -0.024662934 0.032025747 8.3146986
-0.00071551178 -0.064452459 0.99792048 22.040449 -0.024102978 0.99763197 0.064416542 0.96153122 -0.99970927 -0.024006764 -0.0022673151 8.2865357
-0.033321514 -0.0632925 0.99743855 22.908296 -0.025103249 0.99773094 0.062472427 0.99840046 -0.99912942 -0.022957272 -0.034834754 8.2652565
-0.067383798 -0.061197669 0.99584847 23.746752 -0.027777986 0.99784527 0.059440787 1.0274962 -0.99734041 -0.023657319 -0.068938554 8.2150471
-0.099046173 -0.058181843 0.99338041 24.595249 -0.028207382 0.9980522 0.055643017 1.0659483 -0.99468301 -0.022509432 -0.10049441 8.121793
-0.13232838 -0.05372255 0.98974896 25.429621 -0.026294855 0.99836899 0.050674842 1.0867369 -0.99085714 -0.019319586 -0.13352518 7.980483
-0.16420596 -0.048229736 0.98524627 26.270598 -0.022050126 0.9987339 0.045215 1.1092612 -0.98617964 -0.014300231 -0.16506153 7.8347443
-0.19391686 -0.042039445 0.98011676 27.107725 -0.015769965 0.99908588 0.039732974 1.12476 -0.98089125 -0.0077515126 -0.19440256 7.6565819
-0.22363086 -0.036273063 0.97399868 27.900879 -0.0098095133 0.99934041 0.034964553 1.1370656 -0.97462459 -0.001735299 -0.22383918 7.4513158
-0.25156939 -0.029577551 0.96738717 28.730279 -0.0015478929 0.99954394 0.030158204 1.1532123 -0.96783807 0.0060894703 -0.25150044 7.2316997
-0.27763515 -0.019227343 0.96049412 29.531873 0.0045876463 0.99976176 0.02133949 1.1548398 -0.96067568 0.010331001 -0.2774808 6.9878301
-0.30431598 -0.0043360956 0.95256124 30.279316 0.0084222341 0.9999383 0.0072424207 1.1407074 -0.95253395 0.010226679 -0.30426068 6.7000686
-0.32915264 0.012834163 0.94418947 31.082195 0.0091772983 0.99990389 -0.01039219 1.118467 -0.94423217 0.0052444926 -0.32923879 6.4324339
-0.35493927 0.027236942 0.93449248 31.847536 0.0076218764 0.9996266 -0.026240412 1.0905071 -0.93485833 -0.0021911656 -0.35501433 6.1193578
-0.37903988 0.038177672 0.92459243 32.583507 0.012126372 0.99926773 -0.036289866 1.0528413 -0.92530092 -0.002543354 -0.37922528 5.8039533
-0.40327931 0.043244598 0.9140545 33.36378 0.01616142 0.99906351 -0.040136044 1.0097071 -0.91493425 -0.0014136166 -0.40360054 5.4546974
-0.42545255 0.042509274 0.90398176 34.098478 0.01801376 0.99909607 -0.038503927 0.96470786 -0.90480147 -9.7483192e-05 -0.42583373 5.1007707
-0.44565941 0.038739175 0.89436396 34.84556 0.022463525 0.99923258 -0.032088015 0.92262533 -0.89492075 0.0057902426 -0.44618762 4.7171449
-0.46403733 0.037947345 0.88500242 35.578465 0.029699582 0.99918679 -0.027270852 0.88208532 -0.88531766 0.01362951 -0.46478699 4.3176437
-0.47725367 0.038635896 0.87791579 36.291704 0.033991004 0.99909701 -0.025490686 0.84488206 -0.87810797 0.017675716 -0.47813599 3.9146183
-0.48867139 0.041959933 0.8714583 36.983733 0.036306311 0.99895563 -0.027740002 0.78603856 -0.87171221 0.018083692 -0.48968445 3.5275659
-0.49828511 0.04477509 0.86585627 37.694503 0.03801232 0.99883354 -0.029776176 0.74730889 -0.86617959 0.018076182 -0.49940588 3.1005751
-0.5086853 0.04348544 0.85985361 38.340688 0.031618666 0.99899347 -0.031816717 0.70007385 -0.86037178 0.011002729 -0.50954824 2.7197682
-0.52015011 0.042496209 0.85301692 39.042363 0.02996584 0.99905448 -0.031499132 0.67188362 -0.85354904 0.0091770928 -0.52093174 2.3035385
-0.52919781 0.043796647 0.84736738 39.703756 0.03184629 0.99898853 -0.031744626 0.62757599 -0.84790067 0.010186321 -0.53005731 1.8852146
-0.53696467 0.047094274 0.84228915 40.36904 0.036097325 0.99880877 -0.032833362 0.58397942 -0.84283212 0.01277403 -0.538025 1.45454
-0.54004607 0.050389408 0.84012564 41.072533 0.037006706 0.9986624 -0.036109695 0.54927118 -0.84082151 0.011589384 -0.54118845 0.99015614
-0.53947711 0.051679153 0.84041279 41.796088 0.036022117 0.9986174 -0.038284274 0.50264663 -0.84122941 0.0096199591 -0.54059283 0.53898779
-0.53590031 0.052510338 0.8426467 42.519034 0.03854124 0.99854505 -0.037714116 0.45977335 -0.84340115 0.012265644 -0.53714441 0.070272045
-0.53024443 0.051579767 0.84627437 43.254925 0.036899162 0.99860593 -0.037744597 0.4194768 -0.84704153 0.011212954 -0.53140848 -0.38269578
-0.52337202 0.050207542 0.85062381 44.022404 0.034684346 0.99869052 -0.037606494 0.37161787 -0.85139813 0.0098211446 -0.52442809 -0.84140251
-0.51629614 0.049475868 0.85497975 44.789142 0.032898849 0.99873876 -0.037928287 0.32742198 -0.85577802 0.0085456225 -0.51727267 -1.2970259
-0.50947905 0.048150712 0.85913477 45.606875 0.030095723 0.99881939 -0.038132229 0.28144095 -0.85995663 0.0064287111 -0.51032669 -1.7693754
-0.50499354 0.045899613 0.86190179 46.419265 0.025735314 0.99894176 -0.038119044 0.23196099 -0.86273941 0.0029314436 -0.50564037 -2.2442382
-0.50449944 0.042837611 0.86234865 47.254306 0.020824966 0.99908161 -0.037446669 0.18486167 -0.86316087 -0.00093344142 -0.50492821 -2.6950184
-0.50433153 0.040624476 0.86255394 48.098271 0.018191191 0.9991709 -0.036422536 0.13019525 -0.86331851 -0.0026781489 -0.5046524 -3.1788996
-0.5059492 0.038895233 0.86168585 48.944865 0.016182705 0.99923501 -0.035602129 0.082672819 -0.8624115 -0.0040684603 -0.50619159 -3.6498156
-0.50658885 0.038827263 0.86131302 49.790088 0.01681012 0.99924038 -0.03515789 0.039875384 -0.86202391 -0.0033318192 -0.50685673 -4.1631284
-0.50603454 0.038020939 0.86167476 50.683582 0.0165256 0.99927194 -0.034387374 -0.010400187 -0.86235492 -0.0031615061 -0.50629443 -4.6811509
-0.50635186 0.037606807 0.8615065 51.559218 0.016921376 0.99928955 -0.033675797 -0.060250336 -0.86216096 -0.0024739266 -0.50662848 -5.1849841
-0.50642694 0.036959775 0.86149038 52.452212 0.016313016 0.99931283 -0.033283047 -0.1194723 -0.86212859 -0.0028019249 -0.50668186 -5.7133957
-0.50679752 0.035482184 0.86133456 53.360675 0.014767968 0.99936331 -0.032478927 -0.16638872 -0.86193865 -0.0037400776 -0.50699885 -6.2295084
-0.50682113 0.034984007 0.86134105 54.254911 0.014525653 0.99938092 -0.032043567 -0.22105028 -0.86192889 -0.0037288151 -0.50701553 -6.7329001
-0.50613469 0.034086375 0.86178056 55.14095 0.013160277 0.99940758 -0.031800796 -0.27181559 -0.86235407 -0.0047542146 -0.50628344 -7.268715
-0.50436527 0.032531044 0.86287736 56.038315 0.012360933 0.9994597 -0.030455128 -0.33046776 -0.86340196 -0.0046945387 -0.50449488 -7.7834182
-0.50237179 0.030622848 0.86410923 56.933248 0.01287257 0.99952677 -0.027938064 -0.38628604 -0.86455592 -0.0029119883 -0.50252825 -8.2873511
-0.49991631 0.029248635 0.86557965 57.829326 0.013558506 0.9995714 -0.025945595 -0.4331427 -0.86596761 -0.0012346583 -0.50009862 -8.8060009
-0.49779106 0.028886963 0.86681575 58.712635 0.013629385 0.9995823 -0.025484436 -0.48446375 -0.86718992 -0.00087175787 -0.49797685 -9.3014067
-0.49523444 0.029239772 0.86826714 59.599759 0.014078724 0.99957232 -0.025631508 -0.53267686 -0.86864533 -0.00046951139 -0.49543429 -9.818022
-0.49430244 0.029816281 0.86877846 60.487001 0.014299103 0.99955526 -0.026168855 -0.58132049 -0.86917242 -0.00051257596 -0.49450896 -10.308597
-0.4950265 0.031114701 0.86832055 61.378159 0.013492188 0.99951338 -0.02812391 -0.63575047 -0.86877315 -0.002206536 -0.49520542 -10.807435
-0.49816983 0.032924073 0.86645413 62.241961 0.012237254 0.99944628 -0.030941753 -0.68514193 -0.86699316 -0.0048112281 -0.49829688 -11.29954
-0.50249389 0.03327178 0.86394028 63.120461 0.01108268 0.99942503 -0.032043499 -0.73593348 -0.86450976 -0.0065268879 -0.50257372 -11.799434
-0.50838309 0.03245139 0.86051931 63.993816 0.010902256 0.99945214 -0.031249836 -0.79043906 -0.86106204 -0.0065052853 -0.50845836 -12.29763
-0.5126092 0.030005534 0.85809755 64.860976 0.013997112 0.99954842 -0.026590141 -0.84432845 -0.85850798 -0.0016194626 -0.51279771 -12.841754
-0.51890305 0.027728105 0.85438323 65.708241 0.01141359 0.99960943 -0.025509311 -0.89101856 -0.85475693 -0.0034852792 -0.51901686 -13.324507
-0.52338334 0.030266614 0.8515596 66.547481 0.012674582 0.99953493 -0.027736017 -0.94149707 -0.85200311 -0.0037234068 -0.52352354 -13.855572
-0.52812285 0.032584038 0.84854256 67.386635 0.013035866 0.99945688 -0.030265778 -0.98649172 -0.84906795 -0.0049225616 -0.52826077 -14.38102
-0.53369509 0.032716121 0.84504387 68.235093 0.011533987 0.99944006 -0.03140922 -1.047561 -0.84559835 -0.0070162206 -0.5337736 -14.873154
-0.53734597 0.033329127 0.84270304 69.044367 0.010611582 0.9994069 -0.032760374 -1.0998319 -0.84329518 -0.0086612415 -0.53738094 -15.399085
-0.54098341 0.032350369 0.84041082 69.871289 0.010321013 0.99944006 -0.031828192 -1.1583682 -0.84096996 -0.008544632 -0.54101439 -15.91261
-0.54361594 0.025596383 0.83894367 70.689355 0.012290202 0.99967048 -0.022536432 -1.2017272 -0.83924414 -0.0019403757 -0.54375139 -16.443939
-0.54554356 0.018124319 0.83788643 71.516639 0.013529033 0.99982631 -0.012818555 -1.233927 -0.8379733 0.0043427135 -0.54569401 -16.983737
-0.54652552 0.014979412 0.83730843 72.32044 0.013623061 0.99986674 -0.0089955672 -1.2688568 -0.83733167 0.0064903979 -0.54665676 -17.520816
-0.54795108 0.020196784 0.83626649 73.130482 0.012969947 0.99979344 -0.015647781 -1.308805 -0.83640986 0.0022721141 -0.54809985 -18.031691
-0.54861784 0.025418337 0.83568673 73.924518 0.01387185 0.9996769 -0.021299583 -1.3463457 -0.83595819 -9.2809717e-05 -0.54879318 -18.560888
-0.54981524 0.030646571 0.83472386 74.729184 0.020081536 0.99952284 -0.023469812 -1.3838349 -0.8350449 0.0038584775 -0.55016832 -19.078409
-0.54944206 0.031605894 0.83493379 75.516589 0.023401271 0.99947439 -0.022434879 -1.4260387 -0.83520408 0.0072118465 -0.54989289 -19.613412
-0.54939713 0.028698688 0.83506833 76.315303 0.023078738 0.99954988 -0.019167745 -1.469671 -0.83524261 0.0087416198 -0.54981217 -20.132586
-0.54875754 0.023767438 0.83564359 77.11516 0.021351971 0.99966815 -0.014411041 -1.4973733 -0.83570887 0.0099344711 -0.54908292 -20.646368
-0.54775497 0.017941055 0.83644638 77.912941 0.01972582 0.99976907 -0.0085265419 -1.5289108 -0.83640627 0.011829136 -0.54798238 -21.167946
-0.54726715 0.011177798 0.8368833 78.719932 0.010728143 0.99992235 -0.0063399143 -1.56493 -0.83688926 0.005508578 -0.54734458 -21.673686
-0.54638176 0.0060848601 0.83751411 79.514087 0.0024585847 0.99998095 -0.0056612982 -1.5850471 -0.83753268 -0.0010341299 -0.54638631 -22.165573
-0.54432747 0.0063383221 0.83884884 80.310661 0.0051086429 0.99997796 -0.0042408197 -1.6097882 -0.8388573 0.0019769853 -0.54434786 -22.675069
-0.54189525 0.0099509005 0.84038709 81.094658 0.011094417 0.99992747 -0.0046861337 -1.6390744 -0.84037284 0.0067842118 -0.54196635 -23.179766
-0.53630141 0.012717735 0.84393068 81.862722 0.011449926 0.99990409 -0.0077919945 -1.6650294 -0.84394891 0.005484087 -0.53639559 -23.664691
-0.52795452 0.015123102 0.84913795 82.661141 0.01690508 0.99983048 -0.0072961347 -1.6902114 -0.84910441 0.010502718 -0.52812068 -24.166359
-0.51992253 0.018016978 0.85402335 83.469761 0.024863477 0.99967313 -0.0059530061 -1.7240651 -0.85385153 0.018138889 -0.52020055 -24.666935
-0.51020659 0.01761098 0.85987152 84.274848 0.023091511 0.99971041 -0.006773615 -1.751851 -0.85974187 0.016399791 -0.51046551 -25.143196
-0.49994477 0.014643239 0.86593345 85.082004 0.018690165 0.99980662 -0.006116355 -1.7735577 -0.86585563 0.013126601 -0.50012177 -25.594582
-0.48793827 0.011360689 0.87280417 85.893432 0.019992136 0.99979845 -0.0018371477 -1.7979882 -0.8726492 0.016552806 -0.48806705 -26.037042
-0.4764174 0.010243855 0.87915952 86.71918 0.019416602 0.99981084 -0.0011277923 -1.8227428 -0.87900485 0.016532992 -0.47652619 -26.478447
-0.46461373 0.0096097795 0.88546127 87.550929 0.01960011 0.99980774 -0.00056631629 -1.8403693 -0.88529655 0.017092021 -0.46471276 -26.900453
-0.45297344 0.011703728 0.89144715 88.356665 0.023945833 0.9997128 -0.00095747685 -1.8535832 -0.8912024 0.020912734 -0.4531236 -27.311891
-0.44121465 0.014421376 0.89728568 89.183373 0.02283068 0.99972762 -0.0048415098 -1.8874068 -0.89711118 0.018349498 -0.44142372 -27.707111
-0.42977886 0.023868709 0.90261861 90.009522 0.024301184 0.9995942 -0.014862188 -1.9174668 -0.90260714 0.015547248 -0.4301845 -28.09791
-0.41634078 0.028960989 0.90874724 90.851807 0.024888851 0.99948104 -0.020449817 -1.9453855 -0.90886796 0.014103583 -0.41684552 -28.466612
-0.40506397 0.025216087 0.91394051 91.703425 0.022229166 0.99959572 -0.017727256 -1.9730108 -0.91401812 0.013135464 -0.40546074 -28.842807
-0.39312187 0.022206218 0.91921815 92.552304 0.024386115 0.99960848 -0.013719059 -2.0093888 -0.91916298 0.017022899 -0.39350947 -29.191171
-0.38325472 0.021787392 0.92338565 93.375949 0.019738973 0.99968663 -0.015394986 -2.0503119 -0.92343179 0.012326485 -0.38356469 -29.520071
-0.37613224 0.026407477 0.92618957 94.240492 0.01523561 0.99963491 -0.022314255 -2.0835832 -0.92644076 0.0057179532 -0.37639725 -29.853976
-0.37162321 0.031025464 0.92786504 95.046464 0.0074382814 0.99950886 -0.030441913 -2.1221051 -0.92835389 -0.0044111993 -0.37167147 -30.162654
-0.36817359 0.034023287 0.9291343 95.899038 0.0064509511 0.99939965 -0.034040062 -2.1623895 -0.92973473 -0.0065388514 -0.36817204 -30.491779
-0.36486026 0.033357307 0.93046451 96.740381 0.0046187282 0.99941055 -0.034017905 -2.2135338 -0.93105088 -0.0081142181 -0.36479926 -30.821648
-0.35943305 0.032550599 0.93260295 97.603283 0.0024630986 0.99942106 -0.033933448 -2.2621767 -0.93316767 -0.0098997088 -0.35930513 -31.140241
-0.3543247 0.029132671 0.93466851 98.432139 0.001531379 0.99953134 -0.030573846 -2.3069943 -0.93512124 -0.0094017363 -0.35420326 -31.451134
-0.34851463 0.025270998 0.93696257 99.279623 0.0012731379 0.99964832 -0.026488147 -2.3514424 -0.93730251 -0.0080386235 -0.34842424 -31.75507
-0.34283386 0.022130514 0.9391353 100.15061 -0.00068935317 0.99971627 -0.023809739 -2.395458 -0.93939584 -0.0088101801 -0.34272134 -32.060484
-0.33731067 0.020720723 0.94116528 100.98409 -0.0057151131 0.99969424 -0.024057575 -2.4414797 -0.94137608 -0.013493742 -0.33708912 -32.342807
-0.33084017 0.019712754 0.94348085 101.84479 -0.018720286 0.99944797 -0.027446548 -2.4778886 -0.94350114 -0.026742651 -0.33028851 -32.624243
-0.32418487 0.023698111 0.94569683 102.68428 -0.015138605 0.9994282 -0.030234071 -2.5240265 -0.94587265 -0.024117959 -0.32364075 -32.905099
-0.31749872 0.027092536 0.94787155 103.53243 -0.015162349 0.99931893 -0.033641804 -2.5738139 -0.94813751 -0.025053189 -0.3168717 -33.178696
-0.31097821 0.025390707 0.95007778 104.37709 -0.01623507 0.99935531 -0.032021683 -2.6154778 -0.95027841 -0.025382625 -0.3103655 -33.451173
-0.30377003 0.020584432 0.95252295 105.25643 -0.015769503 0.99952099 -0.026629146 -2.6571232 -0.95261491 -0.023109949 -0.30329992 -33.720215
-0.29674451 0.017980751 0.95478757 106.09712 -0.015353536 0.99960366 -0.023596558 -2.6956252 -0.95483351 -0.021661514 -0.29635083 -33.967142
-0.29035994 0.020974819 0.95668756 106.95905 -0.018331468 0.99945436 -0.027476156 -2.7395982 -0.95674194 -0.025515462 -0.28981701 -34.222137
-0.28402293 0.02361794 0.95852652 107.81492 -0.019040105 0.99936052 -0.030265893 -2.7857229 -0.95862846 -0.026846653 -0.28339161 -34.460773
-0.27727802 0.024622464 0.96047413 108.65841 -0.019785441 0.99931325 -0.031329964 -2.8212272 -0.96058603 -0.027690515 -0.27660044 -34.695538
-0.27004518 0.023598898 0.96255837 109.5421 -0.020456026 0.99933334 -0.030239429 -2.8694735 -0.96263037 -0.027856131 -0.26938242 -34.93404
-0.26229028 0.02309141 0.96471266 110.38302 -0.018424779 0.99941158 -0.028931373 -2.9176814 -0.96481315 -0.025363036 -0.26171049 -35.162631
-0.25460699 0.024437593 0.96673575 111.2467 -0.013589693 0.99949152 -0.028844694 -2.9592801 -0.96694916 -0.020481702 -0.25414543 -35.387816
-0.24750674 0.025286289 0.96855611 112.13438 -0.011695733 0.99950857 -0.029083121 -3.0007889 -0.96881562 -0.018526242 -0.24708937 -35.613412
-0.24122142 0.024216201 0.97016788 112.98154 -0.018126739 0.99940179 -0.029452914 -3.0389204 -0.97030084 -0.024690653 -0.24063816 -35.798816
-0.23555214 0.022063022 0.97161121 113.85259 -0.02293049 0.9993378 -0.028251769 -3.0848134 -0.9715912 -0.028934285 -0.23489024 -35.991109
-0.23041422 0.022291203 0.97283725 114.73591 -0.02003225 0.99941707 -0.027644832 -3.1250627 -0.97288647 -0.025857881 -0.22983337 -36.206688
-0.22602068 0.022567353 0.97386102 115.59273 -0.018056354 0.99946279 -0.027351272 -3.1680498 -0.97395518 -0.023766332 -0.22549178 -36.395904
-0.22130891 0.024068268 0.97490666 116.48257 -0.017434876 0.99943797 -0.028631697 -3.2111277 -0.97504793 -0.023333826 -0.2207649 -36.5964
-0.21554818 0.023024301 0.97622169 117.33175 -0.012388396 0.99957705 -0.026310477 -3.2496497 -0.97641466 -0.017764996 -0.21517178 -36.783585
-0.21051575 0.022121585 0.9773401 118.19691 -0.0039795391 0.99971626 -0.023485236 -3.2893514 -0.97758241 -0.0088333745 -0.21036799 -36.97196
-0.20512366 0.021251991 0.97850527 119.08915 -0.00055296322 0.99976155 -0.021829569 -3.3290249 -0.97873595 -0.0050188378 -0.205063 -37.166993
-0.2012499 0.022447998 0.97928264 119.94481 -0.0032679957 0.99971642 -0.023587996 -3.3666531 -0.97953452 -0.0079473725 -0.20111947 -37.327503
-0.19769864 0.024695147 0.97995169 120.81604 -0.0051111847 0.99964306 -0.026222523 -3.4036599 -0.98024956 -0.010192871 -0.19750186 -37.493489
-0.19584966 0.02370509 0.98034734 121.70078 -0.0083444527 0.99963131 -0.0258384 -3.4462997 -0.98059847 -0.013240903 -0.19557965 -37.662091
-0.19521343 0.022502113 0.98050257 122.55144 -0.0089673449 0.99965402 -0.024726985 -3.4880666 -0.98071983 -0.013619544 -0.19494411 -37.818891
-0.19397015 0.018214301 0.98083828 123.44007 -0.0083683967 0.99976052 -0.020220618 -3.5221441 -0.98097178 -0.01213024 -0.19377128 -37.992274
-0.19322932 0.013095516 0.98106618 124.29228 -0.0071927128 0.99986515 -0.014763114 -3.5593638 -0.9811273 -0.0099091931 -0.19310907 -38.144383
-0.19209487 0.010943198 0.9813153 125.16201 -0.0051135874 0.99991309 -0.012151589 -3.5882938 -0.98136308 -0.0073522987 -0.19202222 -38.313915
-0.19169307 0.015449528 0.98133328 126.03322 -0.0077315785 0.9998213 -0.017250873 -3.6255293 -0.98142451 -0.010894127 -0.19153936 -38.480148
-0.19072672 0.019527074 0.98144889 126.87067 -0.0074133909 0.99974497 -0.021331752 -3.6580865 -0.98161522 -0.011344399 -0.19053332 -38.634593
-0.1911698 0.018389577 0.98138466 127.72195 -0.011698582 0.99971078 -0.021011815 -3.689419 -0.98148731 -0.015497633 -0.19089938 -38.791502
-0.19077352 0.01755727 0.98147701 128.58072 -0.011894639 0.99972529 -0.020195712 -3.7257163 -0.98156205 -0.015527122 -0.19051228 -38.951424
-0.18960003 0.017867573 0.98169878 129.42173 -0.0063687548 0.999791 -0.019426889 -3.7653007 -0.9818408 -0.0099355369 -0.18944661 -39.117484
-0.18910789 0.020330242 0.9817458 130.2744 -0.0096289426 0.99969919 -0.02255679 -3.8060901 -0.98190915 -0.01371884 -0.18885524 -39.273428
-0.18944647 0.021602782 0.98165334 131.09937 -0.019300869 0.99948285 -0.025719966 -3.8343237 -0.98170138 -0.023819319 -0.18893155 -39.40755
-0.18883149 0.023106032 0.98173759 131.93173 -0.023667734 0.99932566 -0.02807233 -3.8702599 -0.98172429 -0.028536444 -0.18815729 -39.551316
-0.18892264 0.026370478 0.98163779 132.77183 -0.023433424 0.99923364 -0.031353083 -3.9206487 -0.98171238 -0.028926442 -0.18815991 -39.710416
-0.18787869 0.027537596 0.98180609 133.59475 -0.018054651 0.99934117 -0.03148436 -3.9621096 -0.98202633 -0.023641406 -0.18725773 -39.861402
-0.18653611 0.028762859 0.98202693 134.40699 -0.019879404 0.99925619 -0.033043584 -4.0075543 -0.982247 -0.025685932 -0.18582558 -40.009857
-0.1842972 0.02810848 0.98246851 135.23141 -0.013578247 0.99942278 -0.031140628 -4.0415828 -0.98277681 -0.01907933 -0.18380916 -40.1655
-0.18160855 0.024976877 0.98305361 136.05651 -0.0071420629 0.99961752 -0.026717141 -4.0930957 -0.98334501 -0.011873091 -0.1813607 -40.319591
-0.17918459 0.020643722 0.98359882 136.86802 0.0018243875 0.99978508 -0.020651084 -4.1247387 -0.98381382 -0.00190589 -0.17918374 -40.478658
-0.17526651 0.020464046 0.98430828 137.70182 0.0053887009 0.99978892 -0.019826376 -4.1556373 -0.98450632 0.0018292441 -0.17533979 -40.622017
-0.17028793 0.02449416 0.98508983 138.51016 0.0006255106 0.9996935 -0.024749148 -4.2078452 -0.98539419 -0.0035982963 -0.17025106 -40.753645
-0.16356974 0.028116493 0.98613099 139.32546 0.0034657147 0.99960399 -0.027925774 -4.2415582 -0.98652573 -0.001150162 -0.16360241 -40.886735
-0.15594495 0.02825243 0.98736158 140.11896 -0.0024799147 0.99957652 -0.028993628 -4.2816591 -0.98776268 -0.0069699817 -0.15580885 -40.998161
-0.14560913 0.025251084 0.98901986 140.93515 0.0085274004 0.99966913 -0.024267522 -4.305464 -0.98930549 0.0049001965 -0.14577628 -41.117142
-0.13391985 0.023534569 0.99071263 141.74593 0.015726189 0.99964255 -0.021620908 -4.3478316 -0.99086742 0.012684666 -0.13424209 -41.229538
-0.12036161 0.025545467 0.99240135 142.49955 0.014270352 0.9996101 -0.024000272 -4.3844618 -0.99262759 0.011273206 -0.12067922 -41.321405
-0.10619714 0.026842859 0.99398267 143.32491 0.012758102 0.99959005 -0.025631212 -4.4242747 -0.99426329 0.009959372 -0.10649607 -41.393994
-0.091981755 0.027186956 0.99538944 144.11314 0.018969491 0.99949365 -0.025546124 -4.451692 -0.99558003 0.016532255 -0.092450904 -41.463825
-0.079094689 0.028326485 0.99646453 144.86763 0.017538969 0.99948102 -0.027020073 -4.4951343 -0.99671285 0.015339817 -0.079550459 -41.5178
-0.065052124 0.034141955 0.99729758 145.64235 0.015597714 0.99932721 -0.033194023 -4.5420814 -0.99776 0.013396222 -0.065540895 -41.549446
-0.052114056 0.043364648 0.99769913 146.42713 0.0090288889 0.99903637 -0.042951153 -4.5852306 -0.99860036 0.0067697568 -0.052455374 -41.581315
-0.038432857 0.051828101 0.99791617 147.17577 0.00019797177 0.99865441 -0.051858816 -4.6319611 -0.99926121 -0.0017955224 -0.038391404 -41.593626
-0.025308511 0.052976941 0.99827493 147.92942 0.00088677879 0.99859563 -0.052971476 -4.6788969 -0.99967934 -0.00045537935 -0.025319949 -41.598827
-0.013844662 0.048751016 0.99871496 148.73554 -0.0011417327 0.99880931 -0.048771447 -4.7306467 -0.99990355 -0.001815489 -0.013772519 -41.593336
-0.0025364702 0.046161634 0.99893072 149.48447 0.00094744547 0.99893364 -0.046159361 -4.7836848 -0.99999638 0.0008293514 -0.0025775026 -41.586362
0.006573355 0.052361073 0.99860654 150.21683 -0.0035738441 0.99862301 -0.05233841 -4.8467385 -0.99997205 -0.0032248244 0.0067514323 -41.565206
0.013096946 0.060970387 0.9980536 150.94133 -0.010870318 0.99808895 -0.060829899 -4.8923422 -0.99985518 -0.010052474 0.013734683 -41.538995
0.015838039 0.064236562 0.99780897 151.7269 -0.016413945 0.99781641 -0.063976504 -4.9461668 -0.99973988 -0.015364719 0.01685783 -41.513809
0.016180792 0.060334837 0.998047 152.47256 -0.016476644 0.99805827 -0.06006839 -4.9985934 -0.99973336 -0.01547251 0.017143488 -41.493753
0.014931931 0.054325971 0.99841156 153.25472 -0.013094874 0.99844792 -0.054132105 -5.0724225 -0.9998028 -0.012265776 0.015620146 -41.474737
0.012052045 0.051897739 0.99857964 153.98903 -0.014539851 0.99855572 -0.05172101 -5.1231718 -0.9998217 -0.013895855 0.012789223 -41.469625
0.0090243719 0.052063905 0.99860294 154.73596 -0.01270074 0.99856906 -0.051947361 -5.1731307 -0.99987866 -0.012214204 0.0096727072 -41.457013
0.0051187189 0.052501023 0.99860771 155.48637 -0.012792594 0.99854255 -0.052432023 -5.2299218 -0.99990511 -0.012506398 0.0057828814 -41.448933
0.00052720511 0.050552611 0.99872122 156.2318 -0.011641553 0.99865403 -0.050543064 -5.2837202 -0.99993214 -0.011600018 0.0011150049 -41.44497
-0.0045505227 0.050838444 0.99869648 156.96878 -0.014922026 0.99859221 -0.050901127 -5.3307585 -0.99987835 -0.015134201 -0.0037855055 -41.446239
-0.010841827 0.049085768 0.99873568 157.70361 -0.015531029 0.99866568 -0.049250924 -5.3798551 -0.99982065 -0.016045363 -0.01006501 -41.44656
-0.016724797 0.046057392 0.99879874 158.45256 -0.0096868222 0.99888415 -0.046223534 -5.4291203 -0.99981325 -0.010448264 -0.016259986 -41.461653
-0.022253561 0.046145294 0.99868679 159.1772 -0.013049345 0.99883571 -0.046442949 -5.4806281 -0.99966723 -0.014065729 -0.021625487 -41.464083
-0.027333106 0.047460679 0.99849902 159.91092 -0.012072038 0.99878375 -0.047804673 -5.5239608 -0.99955353 -0.013360568 -0.026726916 -41.481961
-0.031280333 0.049726657 0.99827287 160.63077 -0.016006417 0.99860865 -0.050244934 -5.5775154 -0.99938252 -0.017550449 -0.030440868 -41.500881
-0.03408197 0.051965875 0.99806707 161.34029 -0.015051837 0.99850734 -0.052502786 -5.6308987 -0.99930573 -0.016812141 -0.033248917 -41.522502
-0.035216638 0.053571216 0.9979428 162.06402 -0.012971693 0.99845362 -0.054056397 -5.6861165 -0.99929556 -0.014848691 -0.034467272 -41.546087
-0.034236929 0.05171002 0.99807506 162.78736 -0.00854448 0.99860893 -0.052030779 -5.7338196 -0.99937726 -0.010309406 -0.03374747 -41.573813
-0.030906233 0.048062808 0.99836601 163.49254 -0.0048858712 0.99882401 -0.048236106 -5.7775532 -0.99951039 -0.0063686834 -0.03063506 -41.596668
-0.023389121 0.04751801 0.99859647 164.20609 -0.002622272 0.99886341 -0.04759213 -5.830386 -0.99972304 -0.0037317288 -0.023237934 -41.609286
-0.012599834 0.048556483 0.99874092 164.89784 -0.0015008939 0.99881821 -0.048579174 -5.8827293 -0.99991953 -0.0021110929 -0.012512067 -41.612501
0.00081557103 0.049111969 0.9987929 165.58235 0.0001815718 0.99879325 -0.049112133 -5.9335865 -0.99999969 0.00022140791 0.00080566797 -41.604666
0.01690689 0.04679162 0.99876154 166.27572 -0.00099457096 0.99890465 -0.046781487 -5.9763478 -0.99985662 -0.00020240893 0.016934907 -41.579703
0.031870959 0.041753232 0.99861946 166.96528 -0.005107924 0.99912082 -0.041611173 -6.0205231 -0.99947898 -0.0037746835 0.032056209 -41.540951
0.049239864 0.035405658 0.9981592 167.63201 -0.0066139058 0.99936115 -0.035122022 -6.0556531 -0.99876513 -0.0048723266 0.049442575 -41.491269
0.066054501 0.028100053 0.99742023 168.31153 -0.0054213272 0.99959874 -0.027802398 -6.0921625 -0.99780133 -0.0035708671 0.066180334 -41.43271
0.083716792 0.020412737 0.99628045 169.00312 -0.0081652415 0.99977066 -0.019798127 -6.1305231 -0.99645618 -0.0064774341 0.083864265 -41.362614
0.10152416 0.014222199 0.99473137 169.66443 -0.009601863 0.99986524 -0.013315616 -6.1611599 -0.99478678 -0.0081994169 0.10164704 -41.281528
0.11889908 0.0117508 0.99283677 170.32054 -0.0098288187 0.9998949 -0.010657267 -6.1876393 -0.99285774 -0.0084912727 0.11900208 -41.187043
0.13763096 0.010919063 0.99042335 170.96151 -0.0091228447 0.99991079 -0.0097559311 -6.2049595 -0.99044161 -0.0076927595 0.1377183 -41.085272
0.1549148 0.0099713034 0.98787747 171.60306 -0.0094487281 0.99991828 -0.0086111287 -6.2241761 -0.98788269 -0.0080001936 0.15499635 -40.975504
0.17096548 0.0098948507 0.98522729 172.24723 -0.015726474 0.99984959 -0.0073127062 -6.2403983 -0.98515154 -0.014243931 0.17109537 -40.843456
0.18527667 0.0062545961 0.98266645 172.86945 -0.018313775 0.99982805 -0.0029108606 -6.2589784 -0.98251577 -0.017457017 0.18535935 -40.706177
0.19798296 0.0019678847 0.98020345 173.49936 -0.014176063 0.99989915 0.00085587646 -6.2744866 -0.98010299 -0.014064874 0.19799089 -40.575102
0.20906019 0.00017310532 0.97790272 174.13267 -0.010111088 0.99994691 0.0019845841 -6.2913531 -0.97785054 -0.010302557 0.20905084 -40.433783
0.21818003 0.003925548 0.9759006 174.71926 -0.015192572 0.99988439 -0.00062545116 -6.3100481 -0.97579032 -0.014689978 0.21821444 -40.288304
0.22766933 0.010725378 0.97367939 175.32475 -0.017590726 0.99982146 -0.0069002117 -6.3259232 -0.97357964 -0.01555676 0.22781735 -40.128706
0.23658736 0.020959341 0.97138409 175.89816 -0.018196169 0.99968754 -0.017138234 -6.3429624 -0.97143986 -0.013620779 0.23689481 -39.976466
0.24459618 0.02781751 0.96922588 176.48344 -0.015282148 0.99957483 -0.024831907 -6.3590136 -0.96950464 -0.008738063 0.24491729 -39.8269
0.25096293 0.026275062 0.96763999 177.09141 -0.013749668 0.99962745 -0.023577586 -6.3746059 -0.96789908 -0.0073876275 0.25123071 -39.671296
0.2573024 0.018838669 0.96614725 177.70101 -0.015670442 0.99975983 -0.015320751 -6.3929548 -0.96620391 -0.011197888 0.25753581 -39.493298
0.26136207 0.0082453504 0.96520558 178.30681 -0.02065655 0.99978229 -0.0029472647 -6.4138478 -0.96501982 -0.019167514 0.26147549 -39.311688
0.26385964 -0.0012886246 0.96456019 178.90879 -0.019064627 0.99979679 0.0065509115 -6.4405632 -0.9643727 -0.020117501 0.26378145 -39.136136
0.26450969 -0.0021846962 0.96438051 179.52459 -0.016519891 0.99984044 0.0067960924 -6.4567874 -0.96424157 -0.017729093 0.26443139 -38.970333
0.26566548 0.0011820842 0.96406451 180.12072 -0.014503577 0.99989098 0.0027707114 -6.4569545 -0.96395621 -0.014718465 0.26565366 -38.807083
0.2674379 0.00076320191 0.96357476 180.7306 -0.011254693 0.99993395 0.0023317134 -6.4695344 -0.96350941 -0.011468326 0.26742882 -38.641037
0.2693539 -0.0011166001 0.96304058 181.33623 -0.012694904 0.99990832 0.0047099985 -6.4664194 -0.96295763 -0.013494363 0.26931503 -38.46243
0.27155313 -0.0054539835 0.96240796 181.95381 -0.012089295 0.99988572 0.0090774875 -6.482389 -0.96234756 -0.014099853 0.27145616 -38.282425
0.27506787 -0.010947799 0.96136244 182.57825 -0.011071343 0.99983279 0.014553657 -6.4891124 -0.9613611 -0.014646816 0.27490067 -38.095087
0.27927919 -0.014017575 0.96010758 183.19649 -0.01021087 0.99979355 0.017567161 -6.4962485 -0.96015569 -0.014709675 0.2790784 -37.91762
0.28545321 -0.015224752 0.95827167 183.80846 -0.0092162194 0.99978398 0.018629647 -6.4897734 -0.95834837 -0.014149534 0.28525123 -37.729081
0.29313023 -0.018687542 0.95588983 184.43443 -0.0074130788 0.99973448 0.021817972 -6.4927434 -0.95604382 -0.013481593 0.29291386 -37.535916
0.30261717 -0.021103756 0.95287848 185.04527 -0.0045689354 0.99971123 0.023591991 -6.4955354 -0.95310128 -0.011492981 0.30243336 -37.33453
0.3138839 -0.019079888 0.9492696 185.66992 -0.0058240077 0.99974056 0.022020088 -6.4939899 -0.94944355 -0.012440304 0.31369134 -37.109303
0.32546918 -0.0154352 0.94542662 186.27927 -0.0067444627 0.99980342 0.01864479 -6.4955875 -0.94552864 -0.012444699 0.3253011 -36.885367
0.33660223 -0.011633338 0.94157503 186.88745 -0.0081954951 0.99984962 0.015283127 -6.4905245 -0.9416113 -0.012861008 0.33645627 -36.655436
0.34834299 -0.011163415 0.93730063 187.52081 -0.0073652224 0.99986562 0.014645823 -6.4887499 -0.93733825 -0.012005197 0.34821396 -36.418408
0.35963539 -0.014456624 0.93298088 188.14962 -0.0063648945 0.9998187 0.017945753 -6.4934257 -0.93307124 -0.012392252 0.35947817 -36.165452
0.37094926 -0.016217625 0.92851148 188.76895 -0.0063259797 0.99978017 0.019989713 -6.4905695 -0.92863163 -0.013288913 0.37076512 -35.907731
0.38264748 -0.015957023 0.92375657 189.3996 -0.009992032 0.99972088 0.021408232 -6.4972525 -0.92384043 -0.017422011 0.38238124 -35.622596
0.39189389 -0.017912595 0.91983599 190.01051 -0.011140497 0.99964474 0.024213146 -6.4807084 -0.91994301 -0.019736414 0.39155511 -35.350772
0.39913353 -0.016826515 0.91673836 190.65218 -0.015372801 0.99956825 0.025039914 -6.4808435 -0.91676397 -0.024087105 0.39870253 -35.057972
0.4035157 -0.018944139 0.91477654 191.29103 -0.016155091 0.99948227 0.02782446 -6.471903 -0.91483013 -0.026005905 0.40300075 -34.765659
0.4051313 -0.024059946 0.91394184 191.94315 -0.010862483 0.99945643 0.031126269 -6.4614271 -0.91419402 -0.022537903 0.40464973 -34.479398
0.40594724 -0.022305241 0.91362424 192.58839 -0.0089911213 0.99955625 0.028398178 -6.4593465 -0.91385232 -0.019742668 0.40556655 -34.18695
0.4048546 -0.02215582 0.91411258 193.25467 -0.0068957426 0.99960399 0.027281999 -6.4515617 -0.91435511 -0.017348727 0.40454149 -33.897146
0.40355959 -0.021140598 0.91470906 193.91659 -0.0033521846 0.99969216 0.02458366 -6.4424444 -0.91494726 -0.012987245 0.40336448 -33.605216
0.40363017 -0.022501939 0.91464544 194.58697 -0.00045790177 0.99969242 0.024796319 -6.4328755 -0.91492216 -0.01042736 0.40349571 -33.315477
0.4025947 -0.02890958 0.91492168 195.27834 0.0034932758 0.9995424 0.030046263 -6.4278643 -0.91537172 -0.0089003917 0.40251146 -33.017758
0.40209774 -0.03171974 0.9150471 195.95428 0.0035668682 0.99944641 0.033078025 -6.4204178 -0.91558984 -0.010036746 0.40198829 -32.712801
0.40044169 -0.034319561 0.91567929 196.64917 0.0046479131 0.99936159 0.035423356 -6.4076724 -0.9163105 -0.0099289899 0.40034555 -32.409832
0.39835376 -0.034581711 0.91657968 197.3415 0.0043252127 0.99934873 0.035824735 -6.3954982 -0.9172217 -0.010306515 0.3982439 -32.099199
0.3969443 -0.034435023 0.91719648 198.01852 0.0023651252 0.99933103 0.036495086 -6.3803118 -0.91783969 -0.012317231 0.3967602 -31.801324
0.39504087 -0.033803674 0.91804137 198.71159 0.0018942822 0.99935063 0.035982479 -6.3738033 -0.91866163 -0.01247552 0.39484837 -31.499269
0.39403606 -0.030819162 0.91857808 199.40456 0.0026775586 0.99947189 0.032384652 -6.3666762 -0.91909112 -0.010301173 0.39391048 -31.19808
0.39311208 -0.024380681 0.91916723 200.10293 0.0017748919 0.99966666 0.025756817 -6.365449 -0.91948889 -0.0084938931 0.39302432 -30.898983
0.39184594 -0.021470376 0.91978025 200.76401 -0.00012227565 0.99972644 0.023388647 -6.3552398 -0.92003088 -0.0092772125 0.39173612 -30.601037
0.39098989 -0.024302892 0.92007402 201.46651 -0.00020215733 0.99964904 0.026490699 -6.3410174 -0.92039499 -0.010543594 0.39084775 -30.306251
0.38965478 -0.027075391 0.92056287 202.15796 -0.0022405356 0.99953693 0.030346529 -6.3357734 -0.92095831 -0.013887224 0.38941368 -30.00556
0.38670903 -0.026736218 0.9218141 202.84036 -0.0059841181 0.99948586 0.031499392 -6.333502 -0.92218241 -0.017697343 0.38635021 -29.714644
0.38256468 -0.026785906 0.92354031 203.53804 -0.0088293336 0.99942803 0.032644353 -6.325976 -0.92388656 -0.020642821 0.38210936 -29.421465
0.37578696 -0.02800941 0.92628266 204.21965 -0.0090835211 0.99938378 0.033905005 -6.319485 -0.9266616 -0.021154966 0.37530096 -29.148736
0.36698749 -0.028061752 0.92980248 204.9119 -0.008848639 0.99939435 0.033654563 -6.3044323 -0.93018383 -0.02057829 0.36651692 -28.866263
