1.000000000000000000e+00 4.398956837314658088e-19 2.733407509747682871e-20 -8.673617379884035472e-19 -5.583667658079949532e-19 1.000000000000000000e+00 -6.100159232558060012e-19 0.000000000000000000e+00 4.145284534913582806e-20 -2.210423569125054137e-19 1.000000000000000222e+00 0.000000000000000000e+00
9.998956414071471510e-01 2.848639039305002753e-04 1.444386249196120096e-02 -7.739957708514408341e-02 -2.812939988528503172e-04 9.999999293896757457e-01 -2.491884884640808832e-04 -9.475347996037428167e-03 -1.444393270723281532e-02 2.450995270924791257e-04 9.998956509143629434e-01 1.810737268765233443e-02
9.995562219500619960e-01 1.695076703657372608e-03 2.974030765054102091e-02 -8.876255778043046218e-02 -1.685570363547591721e-03 9.999985200133015839e-01 -3.447128810275055643e-04 -1.535726080408704453e-02 -2.974084846546434097e-02 2.944305529183884680e-04 9.995575997493731935e-01 8.175655759895650299e-03
9.979462124188033245e-01 5.185697398501667825e-03 6.384720565916621182e-02 1.300145302343834637e-02 -5.268173688545350203e-03 9.999854919564893363e-01 1.123491096132485335e-03 7.780482331845819943e-03 -6.384045438086254076e-02 -1.457541810768674118e-03 9.979590532369397859e-01 4.131120142660588690e-01
9.954155527098850209e-01 4.172245514220146272e-03 9.555349160658317687e-02 2.669299007317836592e-02 -4.479471657525276908e-03 9.999854642273201533e-01 3.000945760837885837e-03 1.286024339603852873e-02 -9.553958363182928071e-02 -3.415217186046858814e-03 9.954197728977177695e-01 5.476260123849503447e-01
9.908811391935118396e-01 1.681559479865767353e-03 1.347283942541694646e-01 1.645378607041697583e-01 -2.348659965582693132e-03 9.999857570062589129e-01 4.792659401706221567e-03 1.789989928014326659e-02 -1.347184185048477811e-01 -5.065386915671043176e-03 9.908709753029244505e-01 8.137042764364030845e-01
9.850828833599496459e-01 -2.402773237476924818e-03 1.720637652785623473e-01 1.665230647714417700e-01 1.412081115099690339e-03 9.999817164154672922e-01 5.879868838689837965e-03 -1.322531505053331502e-02 -1.720747503018368874e-01 -5.549190044387140516e-03 9.850682651840596549e-01 9.051662750861937390e-01
9.763737846367767093e-01 -2.615999968132016323e-03 2.160726468363959318e-01 2.701305059368644956e-01 1.207378182639605750e-03 9.999771533057065787e-01 6.650947340230502561e-03 -1.022400397737724398e-03 -2.160851129043328267e-01 -6.232929079378376168e-03 9.763546359226078497e-01 1.161908500205742101e+00
9.647209772616525125e-01 -2.571638876897842322e-03 2.632618883661309028e-01 3.542195640941639412e-01 -1.130130646482550079e-04 9.999481557428144818e-01 1.018199644978972328e-02 6.537685858707870112e-03 -2.632744287165028063e-01 -9.852537439768684763e-03 9.646706710228069026e-01 1.322080991882808920e+00
9.503755749898569194e-01 -6.186070200258806176e-03 3.110434017128266282e-01 5.272080521885459392e-01 1.025195077019992610e-03 9.998591347642079574e-01 1.675289812703900302e-02 2.782169724835972802e-02 -3.111032264868449082e-01 -1.560266487204813729e-02 9.502480416056767742e-01 1.618072745472756591e+00
9.334028792879965897e-01 -1.573282530772695392e-02 3.584850644249910068e-01 6.451519090350644747e-01 7.317689776552801714e-03 9.996651807458392103e-01 2.481889999565099064e-02 5.400266482668628076e-03 -3.587555143332358809e-01 -2.054275006454178015e-02 9.332054854681973710e-01 1.825109122750422586e+00
9.122713508313693431e-01 -2.150747390886300139e-02 4.090212814512308448e-01 8.142745562761320999e-01 1.015960480718976384e-02 9.995013571469624214e-01 2.989681353444884060e-02 -4.083810911874041771e-03 -4.094603379170219104e-01 -2.311851170067463768e-02 9.120349601084454250e-01 2.053110103438895884e+00
8.876501119184538879e-01 -2.354640956900093743e-02 4.599161253476679034e-01 1.012145763337475302e+00 8.983216937003719871e-03 9.993872973949813332e-01 3.382797046611411840e-02 -2.208368240874961086e-03 -4.604308687347087869e-01 -2.589587522706632630e-02 8.873177682478476935e-01 2.275416650829261922e+00
8.593195195120196805e-01 -2.543655954307994307e-02 5.108061677003506995e-01 1.185591509691242607e+00 6.850643379436750259e-03 9.992453071034224088e-01 3.823460322379627213e-02 3.105425036614571643e-02 -5.113932315027467368e-01 -2.935638974408826332e-02 8.588452532623610525e-01 2.502664802461981530e+00
8.270007312115827958e-01 -3.080740460366469813e-02 5.613561165924998431e-01 1.421379426123359435e+00 8.034830637440955672e-03 9.990431610053244205e-01 4.299074208767018901e-02 3.035771965520005222e-02 -5.621434320602294310e-01 -3.104297354312179208e-02 8.264569561606324166e-01 2.749390342418012612e+00
7.916043099914049641e-01 -3.658159108049541253e-02 6.099380279019542828e-01 1.619999875770491649e+00 1.028676728662190724e-02 9.988626633723078907e-01 4.655708423410871710e-02 2.752194155926384472e-02 -6.109474658090442434e-01 -3.058049765630394337e-02 7.910802948803077328e-01 2.933514489855285845e+00
7.539886559784994002e-01 -4.102015551838623930e-02 6.556054047962882603e-01 1.895926578397133744e+00 1.131911843516679970e-02 9.987114671339649696e-01 4.947002042645218950e-02 3.634315652905599492e-02 -6.567899149602286490e-01 -2.987895860126478509e-02 7.534814279000504600e-01 3.129829810154963976e+00
7.137556771828494906e-01 -4.428185844816835692e-02 6.989935211369184831e-01 2.213218736725937053e+00 1.236893120870464179e-02 9.986406486261184545e-01 5.063461659201913545e-02 4.495448319571228313e-02 -7.002855503570705187e-01 -2.749494181991616465e-02 7.133331507091159596e-01 3.381895672993200819e+00
6.721916666933293039e-01 -4.621131777540242458e-02 7.389336023134983611e-01 2.486317268049847762e+00 1.148618489814319348e-02 9.985810073376196749e-01 5.200037774841378968e-02 5.490309286960351476e-02 -7.402880797270258162e-01 -2.646669209523972929e-02 6.717686223605592311e-01 3.574286816690928514e+00
6.296334043236689881e-01 -4.652199354778850660e-02 7.754982079881820312e-01 2.845837024152964911e+00 7.177861774370014082e-03 9.985112004629227433e-01 5.407273619771937184e-02 8.651389634541874207e-02 -7.768592315241941160e-01 -2.847958150148503093e-02 6.290299337606414243e-01 3.811457731610631505e+00
5.877624478083706139e-01 -4.731944741006184618e-02 8.076485400572519513e-01 3.176167982681962432e+00 4.265864555693246914e-03 9.984554496393666101e-01 5.539420039860021294e-02 1.042751239294930216e-01 -8.090223231472862819e-01 -2.911331098270693654e-02 5.870564763348949944e-01 4.003728066855344991e+00
5.477275994287618133e-01 -4.832179117457308104e-02 8.352601211136153614e-01 3.565348035897439871e+00 2.053484396975834101e-03 9.984053760339973715e-01 5.641354680877122552e-02 1.248739971082618166e-01 -8.366542133948711157e-01 -2.918406235539963700e-02 5.469534067511604425e-01 4.217053892887391520e+00
5.092463702522480595e-01 -5.110723297306764973e-02 8.591019572751066313e-01 4.002283399330541336e+00 1.264471084492013080e-03 9.982785586372713293e-01 5.863719324653670489e-02 1.356523376355097676e-01 -8.606198632025606754e-01 -2.877446761973231210e-02 5.084343549066797641e-01 4.428509470691199823e+00
4.717760078081739139e-01 -5.089843260773156686e-02 8.802481100317218754e-01 4.398600359486692035e+00 -1.745571679953478303e-03 9.982765683787833133e-01 5.865872453906689071e-02 1.604882282646918346e-01 -8.817167149828218919e-01 -2.921031441980419946e-02 4.708740860277599305e-01 4.635947487803155020e+00
4.358735254646585178e-01 -5.025161359969276820e-02 8.986039348498222612e-01 4.848936478565782693e+00 -3.062483526321860185e-03 9.983514380549050049e-01 5.731515760781911301e-02 1.821774957135899875e-01 -9.000027253113720427e-01 -2.773411888387393442e-02 4.350010649649461714e-01 4.793975158074958998e+00
4.025935047890936147e-01 -4.901233939078865343e-02 9.140657780298887536e-01 5.353926887045730609e+00 -1.710448612760848185e-03 9.985235100375960959e-01 5.429432965139732725e-02 2.004420932178364034e-01 -9.153772770241825896e-01 -2.342200627767399013e-02 4.019152451560646377e-01 4.990237379532866058e+00
3.723441658078802674e-01 -4.729217002413370341e-02 9.268890216611095356e-01 5.848475032057432799e+00 1.198592387260328981e-04 9.987033315105674491e-01 5.090816465682226205e-02 2.235556406026975862e-01 -9.280947275048533340e-01 -1.884426110476300487e-02 3.718670259692191116e-01 5.164491027112686261e+00
3.467635082996746720e-01 -4.536681514026431189e-02 9.368547948727315999e-01 6.405617102857556588e+00 1.091492435716675093e-03 9.988484287166494724e-01 4.796483150583412403e-02 2.493642764801280998e-01 -9.379519676646899118e-01 -1.560988250113748074e-02 3.464137016272615388e-01 5.363605561907738739e+00
3.262482417867038631e-01 -4.483698395865556852e-02 9.442201621527012145e-01 6.983170235597348174e+00 2.156743154614862608e-03 9.989071627273260479e-01 4.668863541969327235e-02 2.726445964811804457e-01 -9.452816771184702205e-01 -1.319564399030984277e-02 3.259884060857554666e-01 5.517576570834481053e+00
3.112704312974227117e-01 -4.536372226997570367e-02 9.492380292284310350e-01 7.552446517374319157e+00 3.212682612605960008e-03 9.989045518342062335e-01 4.668377619524256145e-02 3.020907599716554093e-01 -9.503159544720587437e-01 -1.148167776119651297e-02 3.110751885885271739e-01 5.710119074720701349e+00
2.992303124995838726e-01 -4.693172640290813047e-02 9.530260320840130417e-01 8.167568660486100640e+00 4.161703285984986664e-03 9.988443600205677564e-01 4.788136007315722115e-02 3.185181769669694907e-01 -9.541718485021324359e-01 -1.036134187405918748e-02 2.990798245743854222e-01 5.911355924519810401e+00
2.888679567495896494e-01 -4.879709069474060662e-02 9.561245379544525136e-01 8.808640198513282726e+00 3.093891115200148988e-03 9.987425516148762394e-01 5.003741992372713610e-02 3.528421375233025681e-01 -9.573639577822329327e-01 -1.149606115228229974e-02 2.886556917521344023e-01 6.090357729571940659e+00
2.784251127572429096e-01 -5.042294492445942994e-02 9.591334462279716977e-01 9.493925921744796881e+00 1.448335916419301586e-03 9.986418905696887727e-01 5.207952269410454083e-02 3.855238285484841043e-01 -9.604568575723765322e-01 -1.311109868027685206e-02 2.781200090071433983e-01 6.292291844012384061e+00
2.676529414928404682e-01 -5.224022394771613703e-02 9.620981479354207000e-01 1.016411485470026754e+01 8.145640992369389136e-04 9.985410143976515274e-01 5.399239771914229880e-02 4.162525780199431980e-01 -9.635150522085502711e-01 -1.366753257704883540e-02 2.673049913707968295e-01 6.474890356495047072e+00
2.574995753606371673e-01 -5.427354471306496814e-02 9.647529918478370270e-01 1.087452726439061301e+01 -2.093652019162802304e-04 9.984181967383959355e-01 5.622330964438311540e-02 4.447509162526277482e-01 -9.662783974463501346e-01 -1.467946318850860826e-02 2.570808973524159047e-01 6.669566036300431655e+00
2.476121529460391102e-01 -5.589855963768983194e-02 9.672453447252116199e-01 1.159760716425598304e+01 -5.734882778889987404e-04 9.983256115011442944e-01 5.784154640202109759e-02 4.714342986122712076e-01 -9.688590761378405025e-01 -1.487697282340109430e-02 2.471654954844887397e-01 6.849739964696574646e+00
2.368457194497789742e-01 -5.708458929590684572e-02 9.698687740559623904e-01 1.238801107396596102e+01 -1.314493896626571512e-03 9.982526099774041706e-01 5.907621126091544550e-02 5.024003768171984019e-01 -9.715463931025338784e-01 -1.526683346364413746e-02 2.363568189031615696e-01 7.030373129025773160e+00
2.268421923567112419e-01 -6.010236298779926545e-02 9.720752592708713502e-01 1.314163167707673630e+01 -2.371312920740263099e-03 9.980570129525923040e-01 6.226215324492277714e-02 5.398276423941201774e-01 -9.739286490166780830e-01 -1.642877709164318814e-02 2.262589180471366590e-01 7.220022258589614772e+00
2.155525784496313824e-01 -6.356849263596138500e-02 9.744209134289875118e-01 1.390995783475502279e+01 -4.302875011564654024e-03 9.978073017046513726e-01 6.604599825315830841e-02 5.859301344055163341e-01 -9.764827637983887199e-01 -1.842919575777187541e-02 2.148064080388890074e-01 7.366027113196589760e+00
2.022743661251258651e-01 -6.741000941013682024e-02 9.770061182980920300e-01 1.469367017085786564e+01 -4.263016659349255430e-03 9.975581466668521635e-01 6.971062082538716231e-02 6.204226732310453851e-01 -9.793196231983759548e-01 -1.826566412891971261e-02 2.014930704325001154e-01 7.559356392202593256e+00
1.904988147156614908e-01 -6.981782929194189913e-02 9.792015400131280911e-01 1.548209742837646274e+01 -5.359109375536811638e-03 9.973789261850183330e-01 7.215647923302595523e-02 6.594058022109335893e-01 -9.816728062275912325e-01 -1.899337105384619334e-02 1.896253405098568823e-01 7.707325047224620640e+00
1.765096329209524806e-01 -7.054342109081736256e-02 9.817677723261051259e-01 1.629930871815932036e+01 -6.141909467213426885e-03 9.973301384476063181e-01 7.276587001647266684e-02 6.986693064597775393e-01 -9.842797587335403442e-01 -1.887380490802077759e-02 1.756051039617313181e-01 7.843654373399637336e+00
1.624499900501362171e-01 -6.978247768877050838e-02 9.842461023479207594e-01 1.709582089916998626e+01 -7.319154662057191646e-03 9.973834094733649014e-01 7.192193290566842312e-02 7.363333056315828351e-01 -9.866896410673587914e-01 -1.888756585725139686e-02 1.615141748238826946e-01 7.987680711218889229e+00
1.457308022615117216e-01 -6.853793447859406196e-02 9.869473482107871121e-01 1.791781435709797776e+01 -8.805928165228533305e-03 9.974680443073783431e-01 7.056880451157371281e-02 7.730388736906881331e-01 -9.892850984674512738e-01 -1.897503506854651342e-02 1.447582768213406812e-01 8.096430198257975164e+00
1.243316209702412384e-01 -6.717898324604544558e-02 9.899639465321261600e-01 1.871809839636271278e+01 -1.122882530404356420e-02 9.975462806906574276e-01 6.910377214592201833e-02 8.152500307797929668e-01 -9.921771911953481959e-01 -1.970791534294875913e-02 1.232722036217228229e-01 8.199927826837761557e+00
1.000679966932199183e-01 -6.595710704428155158e-02 9.927920422385115851e-01 1.953206938805334758e+01 -1.568886952994754183e-02 9.975717628252452895e-01 6.785600459435366105e-02 8.576290807915025738e-01 -9.948569106610882784e-01 -2.236599840862015659e-02 9.879021403052798411e-02 8.271190932627423109e+00
6.924060299360576543e-02 -6.539933070932525683e-02 9.954539915868210187e-01 2.036239801709230335e+01 -1.972541619141696123e-02 9.975640134367089740e-01 6.690999203892775138e-02 8.977909554023693062e-01 -9.974049649866777445e-01 -2.426863163499615519e-02 6.778190340851242279e-02 8.338343154408510927e+00
3.590847046262250070e-02 -6.524911404712541163e-02 9.972227021483003329e-01 2.122276334624536176e+01 -2.265708235549003871e-02 9.975566100585528950e-01 6.608680910366411532e-02 9.407210702082999809e-01 -9.990982212523844552e-01 -2.496723227991434757e-02 3.434237612436380482e-02 8.326836873558692176e+00
1.553971652958902137e-03 -6.451253967334058537e-02 9.979156778687706675e-01 2.206248296939517317e+01 -2.455056196149210668e-02 9.976136468231526777e-01 6.453124495745528322e-02 9.773984861718478800e-01 -9.996973904117603116e-01 -2.459966955812562667e-02 -3.355716801415635015e-05 8.334513870276108349e+00
-3.296761319460076584e-02 -6.352195547637652651e-02 9.974357524958589183e-01 2.290573945391686195e+01 -2.561356513010588573e-02 9.977041648986130218e-01 6.269246068201356215e-02 1.003765760155124198e+00 -9.991281694619229548e-01 -2.348106395384003814e-02 -3.451895012761878323e-02 8.266379479869090829e+00
-6.457424439162912089e-02 -6.153592456458240739e-02 9.960137949127749746e-01 2.374296013869566124e+01 -2.824193469445186039e-02 9.978098279465579257e-01 5.981588742788931240e-02 1.033677692499715306e+00 -9.975131965243333454e-01 -2.426678996237142602e-02 -6.617071064000694391e-02 8.245962317086037885e+00
-9.647168579026001167e-02 -5.850970528807062504e-02 9.936145182980999913e-01 2.455744078375316164e+01 -2.966078832237254576e-02 9.979963818054200519e-01 5.588791961182843632e-02 1.076249299578258878e+00 -9.948936970849113770e-01 -2.407978722541473382e-02 -9.801383873651264844e-02 8.181817062994104717e+00
-1.298237563244570014e-01 -5.417237279040680586e-02 9.900561242382820426e-01 2.538934372329130795e+01 -2.707726490932171881e-02 9.983277161119786802e-01 5.107438680007107823e-02 1.105356410779341436e+00 -9.911673072022884057e-01 -2.017734231625882557e-02 -1.310734952208975068e-01 8.033672422867804030e+00
-1.608113058314496191e-01 -4.875663445339762508e-02 9.857801466053456307e-01 2.622972597759317281e+01 -2.282921837970255247e-02 9.986956297657317849e-01 4.567128081400150669e-02 1.120495285900123594e+00 -9.867211193422464888e-01 -1.516013100459229039e-02 -1.617146255847691505e-01 7.905501542759385991e+00
-1.915623087710396355e-01 -4.273206872276156393e-02 9.805497617296813351e-01 2.708611807315973152e+01 -1.640834796859802144e-02 9.990515658237582031e-01 4.033280240946371387e-02 1.139520912430676214e+00 -9.813432958947201357e-01 -8.362955955783986720e-03 -1.920817885559548133e-01 7.696253150880464133e+00
-2.208049771873558387e-01 -3.699325525073664245e-02 9.746161523119573067e-01 2.789750598148316030e+01 -1.109436148089945270e-02 9.993110347158364881e-01 3.541710096102120009e-02 1.147679582103778850e+00 -9.752548863587541250e-01 -2.992470699919690461e-03 -2.210632681346632600e-01 7.496073470220518509e+00
-2.486754094743419963e-01 -3.027169511117232259e-02 9.681137064499596434e-01 2.870450138437790599e+01 -2.136307961548958127e-03 9.995262017959638534e-01 3.070518035121773057e-02 1.177413361984309459e+00 -9.685845305487611467e-01 5.567435377963616053e-03 -2.486222585324212309e-01 7.298847528231142689e+00
-2.751113221534909892e-01 -2.004503025215793877e-02 9.612033816039824430e-01 2.952661083737014280e+01 3.731996502723759768e-03 9.997528259009936802e-01 2.191710038712011907e-02 1.171667276316487039e+00 -9.614051426195224792e-01 9.616851249928115575e-03 -2.749685151261715976e-01 7.048272515510328518e+00
-3.000232912785211759e-01 -5.051003462848613693e-03 9.539184954149032558e-01 3.031503165169379344e+01 8.276578218557786165e-03 9.999345594977588902e-01 7.897781847688495338e-03 1.167015499239731025e+00 -9.538959787581361427e-01 1.026470066240524510e-02 -2.999618539182269394e-01 6.778452758774734299e+00
-3.241871762856242123e-01 1.157338392521073053e-02 9.459221509175836928e-01 3.107070899079750248e+01 8.798947650003467388e-03 9.999187960369545491e-01 -9.218450935625642495e-03 1.131148498875268027e+00 -9.459520433452099919e-01 5.334616963807288677e-03 -3.242626859313361698e-01 6.479646000413113782e+00
-3.493123736000090518e-01 2.623940284800347494e-02 9.366388544922785719e-01 3.184571579212604320e+01 7.771645363072451212e-03 9.996545760767958644e-01 -2.510637453716787690e-02 1.104552158188368161e+00 -9.369741095215536886e-01 -1.490741294945618998e-03 -3.493956374010047661e-01 6.210797411740852425e+00
-3.741840357829653296e-01 3.708251207383821135e-02 9.266127450650905040e-01 3.262983018914240319e+01 1.149079313583895035e-02 9.993088754256853612e-01 -3.535156494078725564e-02 1.064823754863133853e+00 -9.272832811121980434e-01 -2.580474917483513778e-03 -3.743515367808713523e-01 5.902905715503317552e+00
-3.976337899283609034e-01 4.179860536530217996e-02 9.165916378881332482e-01 3.340966764509186504e+01 1.551960107939467752e-02 9.991253178732467655e-01 -3.882964246221368154e-02 1.016290137625615708e+00 -9.174129523490739402e-01 -1.214840365782073484e-03 -3.979346857319588926e-01 5.538385873442789098e+00
-4.204088628787444604e-01 4.111968102172348927e-02 9.064025292857633698e-01 3.412631135475832167e+01 1.757624534901590374e-02 9.991541825292256096e-01 -3.717519465982421778e-02 9.701082331091833710e-01 -9.071645260434341163e-01 3.023728881058423642e-04 -4.207760045972965823e-01 5.199153056826807173e+00
-4.408627002252470950e-01 3.782375523275656459e-02 8.967772458209914976e-01 3.489104906710326759e+01 2.184497501843401732e-02 9.992679185962802801e-01 -3.140738592687167957e-02 9.396687098926425064e-01 -8.973086926940362362e-01 5.743732573349515959e-03 -4.413662130926008231e-01 4.841652780805371314e+00
-4.589170048533835478e-01 3.661802079635814722e-02 8.877242190035887770e-01 3.560524829172801731e+01 2.913519911486119399e-02 9.992332082618102795e-01 -2.615598651384856005e-02 9.147805023972500615e-01 -8.880013152507048035e-01 1.386059596661339509e-02 -4.596319856636705836e-01 4.417260350079074804e+00
-4.730691322526828779e-01 3.727801577496171054e-02 8.802362930846346911e-01 3.629881323238095092e+01 3.268778610844730315e-02 9.991591971653498438e-01 -2.474686456713435026e-02 8.641805797946191525e-01 -8.804187171792614564e-01 1.706599902674743249e-02 -4.738899114321349915e-01 4.033114771041557134e+00
-4.842893952418149683e-01 4.043066815629768607e-02 8.739731854721058957e-01 3.702505919629400211e+01 3.505608415748649731e-02 9.990262011687847110e-01 -2.679030206443831774e-02 7.992843426042328669e-01 -8.742052763682603977e-01 1.766381945512913304e-02 -4.852351369323431030e-01 3.631868433831986653e+00
-4.938919688730415425e-01 4.307283830803363550e-02 8.684557789765204872e-01 3.771250561686721881e+01 3.678103769494459746e-02 9.989132712786554791e-01 -2.862571692496405917e-02 7.630780257675122691e-01 -8.687450090704319505e-01 1.780469414481648457e-02 -4.949395071993158424e-01 3.233886474381994613e+00
-5.045232111968986910e-01 4.243308717157095317e-02 8.623547698056969191e-01 3.841223741995592889e+01 3.061815017538796480e-02 9.990426586659946206e-01 -3.124571958977878997e-02 7.029887485173774708e-01 -8.628550692305322345e-01 1.063951808739560870e-02 -5.053394341240355914e-01 2.852963859310432060e+00
-5.158427800258298390e-01 4.124057008204647101e-02 8.556900305570502852e-01 3.910759706477821851e+01 2.912998432152991493e-02 9.991073885396222209e-01 -3.059199451784954879e-02 6.919552728420530485e-01 -8.561878779538417694e-01 9.145578682337614923e-03 -5.165836712146958387e-01 2.428003193712843011e+00
-5.245070171501786671e-01 4.252336629768645182e-02 8.503435418414373448e-01 3.978350909704663252e+01 3.112169442779785453e-02 9.990420814036068409e-01 -3.076295934156584450e-02 6.451851100407463013e-01 -8.508371412768954700e-01 1.032874483756326435e-02 -5.253279825352709098e-01 2.001220569100532032e+00
-5.316757616007541376e-01 4.556118810985661932e-02 8.457216147576486209e-01 4.046619591753623979e+01 3.529324189810036788e-02 9.988765110845581052e-01 -3.162439913475845188e-02 6.057033809185375928e-01 -8.462123157569068077e-01 1.303433206484550487e-02 -5.326864330017961890e-01 1.563080190247248424e+00
-5.356512935646572382e-01 4.886316085382010066e-02 8.430243592533870345e-01 4.115098110086682226e+01 3.592052692008866621e-02 9.987392847397732476e-01 -3.506503674125537734e-02 5.699806804010882910e-01 -8.436749487253423219e-01 1.149924791503323558e-02 -5.367311814787592006e-01 1.122500494846383479e+00
-5.354248824526688377e-01 5.019037438862578027e-02 8.430902138254606770e-01 4.184465153023823802e+01 3.509290324722107862e-02 9.986926960781914442e-01 -3.716701333425637133e-02 5.199379802666622696e-01 -8.438534796139055549e-01 9.686340552912632226e-03 -5.364862465457771457e-01 7.050723666315188431e-01
-5.322372357324759440e-01 5.110786574595258674e-02 8.450511806881229049e-01 4.260513130660673653e+01 3.761648254997942975e-02 9.986179714987234446e-01 -3.670350358914011013e-02 4.841848424633852788e-01 -8.457591482576722886e-01 1.225288272065849782e-02 -5.334241680355993331e-01 2.315802238257225198e-01
-5.265676249350345062e-01 5.009641431291418645e-02 8.486559211863842211e-01 4.335341208289543857e+01 3.610512406897674331e-02 9.986793827800607426e-01 -3.655010757053477055e-02 4.377872223907594562e-01 -8.493662156093243487e-01 1.139472500777746755e-02 -5.276809691135657676e-01 -2.078090875043042407e-01
-5.194684651730887559e-01 4.873149274902143641e-02 8.530989052274303708e-01 4.409731627122661735e+01 3.392100606281513858e-02 9.987615447117175194e-01 -3.639700665090798981e-02 3.953319596185762563e-01 -8.538160756326895751e-01 1.003087696235819420e-02 -5.204781491696776063e-01 -6.592567727146526613e-01
-5.119456130693748053e-01 4.814305390087955661e-02 8.576677225387869807e-01 4.488215712009573366e+01 3.223187032974266647e-02 9.988017612455593053e-01 -3.682591764357916186e-02 3.531723692903264156e-01 -8.584129588420188472e-01 8.791368834270524985e-03 -5.128839218759791985e-01 -1.150887952458748531e+00
-5.053980065617277306e-01 4.640076406019707361e-02 8.616378651203137062e-01 4.569156544411917054e+01 2.895930532775211133e-02 9.989027181171141745e-01 -3.680649834265118520e-02 2.952908258607702674e-01 -8.624002700825559309e-01 6.350504109142536026e-03 -5.061871775944088991e-01 -1.613065062519796200e+00
-5.008301308006866126e-01 4.432966233020589619e-02 8.644096526480893328e-01 4.650275118801254592e+01 2.502277161344344455e-02 9.990117287811807190e-01 -3.673454248083329182e-02 2.545528783749104185e-01 -8.651838263125083417e-01 3.232160560036609950e-03 -5.014444270317210961e-01 -2.065758139743552935e+00
-4.997650881907662601e-01 4.157793489309360296e-02 8.651624809277366213e-01 4.735213144669209129e+01 2.034808302334796537e-02 9.991351294339912981e-01 -3.626222012565494257e-02 2.140564719038105523e-01 -8.659219505816634355e-01 -5.181927235146247326e-04 -5.001788885664506523e-01 -2.517182849995076577e+00
-5.003025347509831855e-01 3.908777250785478580e-02 8.649679220737525043e-01 4.819865156623109925e+01 1.771217935742330080e-02 9.992334781481612138e-01 -3.491038263049866391e-02 1.652304529052306958e-01 -8.656694893401257751e-01 -2.145285033387557289e-03 -5.006113727815153513e-01 -2.995061071322643098e+00
-5.009654518555937130e-01 3.757103756890108059e-02 8.646513861935045675e-01 4.903333178385994984e+01 1.582639100728691281e-02 9.992879185663259278e-01 -3.425173168604223051e-02 1.174522806917656648e-01 -8.653225720710432389e-01 -3.474622417859662797e-03 -5.012033388074629281e-01 -3.487152280026452722e+00
-5.014713406900542791e-01 3.716854816726499616e-02 8.643754855181342567e-01 4.991931835212047019e+01 1.601836726983160014e-02 9.993043795667423401e-01 -3.367742355200083193e-02 6.989848633212651652e-02 -8.650259641813640155e-01 -3.042377849319512911e-03 -5.017178876517226493e-01 -4.002363553410612340e+00
-5.011410389670626353e-01 3.626088079379090334e-02 8.646055713742052395e-01 5.075740530376737780e+01 1.554157588478935134e-02 9.993376981043259333e-01 -3.290326026456026620e-02 2.364910765918666613e-02 -8.652260576404708914e-01 -3.051840031538189269e-03 -5.013726847551963628e-01 -4.513118179445030798e+00
-5.012280451376965873e-01 3.574216131510647015e-02 8.645767352507889303e-01 5.165272129288901937e+01 1.598358576488356775e-02 9.993585249388539093e-01 -3.204783280086805769e-02 -2.186452571184480109e-02 -8.651676046231649986e-01 -2.244235274805629447e-03 -5.014778089652652815e-01 -5.014148902032158794e+00
-5.016468013399550951e-01 3.537140377535998720e-02 8.643490828199749121e-01 5.254844821791914455e+01 1.565645078680795443e-02 9.993712942981045622e-01 -3.181024444136652113e-02 -7.410304067398636174e-02 -8.649308495959844301e-01 -2.424867584965517252e-03 -5.018852049953832495e-01 -5.533758372715509744e+00
-5.019670597023943026e-01 3.361767261826806297e-02 8.642331337872329877e-01 5.343793246194424995e+01 1.397301733495494823e-02 9.994291016556421381e-01 -3.076077897691370522e-02 -1.216530261623875314e-01 -8.647738652881720167e-01 -3.364952313770568169e-03 -5.021502290782421385e-01 -6.045779865569143041e+00
-5.020794535119280644e-01 3.314608690037443989e-02 8.641860596884269885e-01 5.436235350274453992e+01 1.375824890526418896e-02 9.994449241979560528e-01 -3.034063373480376871e-02 -1.737445096890747886e-01 -8.647120591686132673e-01 -3.343720991066447771e-03 -5.022567946871705491e-01 -6.548140822678329087e+00
-5.014017542913538072e-01 3.213923472702757966e-02 8.646174511583207822e-01 5.523480687197254468e+01 1.246978744713781936e-02 9.994744895811775720e-01 -2.992071277909334748e-02 -2.218055019452427890e-01 -8.651247294650863395e-01 -4.220701141042010850e-03 -5.015390330884533787e-01 -7.051058807662752059e+00
-5.002766860798034676e-01 3.102975053308498071e-02 8.653094119385783545e-01 5.613166500998719499e+01 1.211042257694245651e-02 9.995106603148578017e-01 -2.884055406347029935e-02 -2.767803154209987904e-01 -8.657809118872994425e-01 -3.948993272415659943e-03 -5.004076654532634283e-01 -7.563832384759861860e+00
-4.980236396247242348e-01 2.869930163169293058e-02 8.666884047125054114e-01 5.704566677759281390e+01 1.218242035187909814e-02 9.995851125004437954e-01 -2.609964519490009377e-02 -3.393299258207582714e-01 -8.670778831272472065e-01 -2.439876915311665114e-03 -4.981666440182897504e-01 -8.072904026704325275e+00
-4.957204738809993794e-01 2.742603251915391380e-02 8.680489680186660451e-01 5.793495824824029228e+01 1.299090660432232654e-02 9.996235891303824062e-01 -2.416436169871970935e-02 -3.780615558203853643e-01 -8.683849725556092025e-01 -7.020248257131292587e-04 -4.958901695550211874e-01 -8.563533615987452663e+00
-4.931297289138243389e-01 2.653801794625654936e-02 8.695509130489189609e-01 5.881716686150335249e+01 1.239057308100162923e-02 9.996474804576753748e-01 -2.348166286990704607e-02 -4.389327618577310020e-01 -8.698675512094127260e-01 -8.052709738248076511e-04 -4.932847135219808332e-01 -9.090366337831753185e+00
-4.911207680906626294e-01 2.712423889261399157e-02 8.706690835799413275e-01 5.971062392555039366e+01 1.324992354790029657e-02 9.996320663370618087e-01 -2.366794146049444950e-02 -4.810257356092225711e-01 -8.709907250928617950e-01 -8.751785336051871921e-05 -4.912994635445168679e-01 -9.595449071091616489e+00
-4.900002909261594874e-01 2.740949488470693918e-02 8.712912376192253339e-01 6.058128342701096614e+01 1.297188553867030698e-02 9.996241477069196524e-01 -2.415146959167057891e-02 -5.316347008284790787e-01 -8.716257554822431919e-01 -5.319359818989351880e-04 -4.901716772497898833e-01 -1.007266445157191903e+01
-4.909524803443541807e-01 2.870866093034960334e-02 8.707131910784289275e-01 6.149209578090810879e+01 1.257393434156466212e-02 9.995862866986645612e-01 -2.586796466693648891e-02 -5.719238782648768948e-01 -8.710956151563242766e-01 -1.751649993185207341e-03 -4.911103488160264985e-01 -1.058488969877944719e+01
-4.934666543007048545e-01 3.050773108222071608e-02 8.692295012063242510e-01 6.236495825784502500e+01 1.148573884846249525e-02 9.995260816511186697e-01 -2.856028501509511736e-02 -6.205101193532667203e-01 -8.696888819448428398e-01 -4.109804339469513151e-03 -4.935831964542876649e-01 -1.106409337198655152e+01
-4.980284763785008395e-01 3.116089929016261154e-02 8.666006124375650321e-01 6.324151068770137130e+01 1.030616624965520825e-02 9.994962653122745344e-01 -3.001663777722518578e-02 -6.702428617029929647e-01 -8.670994360826288494e-01 -6.017809511711842002e-03 -4.980987527878830701e-01 -1.155692444142629860e+01
-5.034784906891304201e-01 2.969951339441304072e-02 8.634971539105653626e-01 6.414920820947803293e+01 1.019572080661624268e-02 9.995436748141367511e-01 -2.843394795686478640e-02 -7.165157681983451710e-01 -8.639476077825712919e-01 -5.511904417087066903e-03 -5.035515499352808400e-01 -1.204741008016868875e+01
-5.089921462461207691e-01 2.778128363385256455e-02 8.603227196370162311e-01 6.501516906602356016e+01 1.345507701626655860e-02 9.996137036493208949e-01 -2.431880660674985012e-02 -7.730168660786671531e-01 -8.606660026743155889e-01 -8.023721891722689764e-04 -5.091693249592659232e-01 -1.256206051339202112e+01
-5.144280331541837281e-01 2.574358965006983899e-02 8.571470427943109760e-01 6.588106594644426650e+01 1.082131853501712426e-02 9.996645767181051578e-01 -2.352940927036830526e-02 -8.143407937999767032e-01 -8.574652820203698678e-01 -2.828725642213003079e-03 -5.145340628049288600e-01 -1.305199386696043717e+01
-5.190063427932523066e-01 2.764109804683484786e-02 8.543233419462681333e-01 6.668787114361339263e+01 1.165961762406463563e-02 9.996129541621137093e-01 -2.525856620485858114e-02 -8.639829508242783396e-01 -8.546908689523925462e-01 -3.148271673539498709e-03 -5.191277493846770952e-01 -1.357794041883918901e+01
-5.240750913740225281e-01 2.961402737376252897e-02 8.511570330025992615e-01 6.750970482849065490e+01 1.182958717670617825e-02 9.995519876520175817e-01 -2.749335966674506387e-02 -9.121767850200537264e-01 -8.515899079875350886e-01 -4.339747768997261404e-03 -5.241906221783015907e-01 -1.410128783149755272e+01
-5.289239133748421251e-01 3.024040133101514941e-02 8.481302959565495403e-01 6.839703780659776555e+01 1.083942494010243542e-02 9.995241546846155289e-01 -2.887855688652328154e-02 -9.560427109519976652e-01 -8.486000309652129703e-01 -6.081313769739125387e-03 -5.290000171626053627e-01 -1.462900768189403955e+01
-5.329939753640652311e-01 3.076527308865248736e-02 8.455595231573165282e-01 6.920729871847449033e+01 9.897206761857174975e-03 9.994970611706663899e-01 -3.012756195878416032e-02 -1.003271902603426025e+00 -8.460611557531095839e-01 -7.689130734516764869e-03 -5.330304034570231275e-01 -1.513078206794637204e+01
-5.359520084903469650e-01 2.959430073831849708e-02 8.437295828728555991e-01 7.000494117502613278e+01 9.384675284127850028e-03 9.995325118084092963e-01 -2.909786399542252031e-02 -1.070077565114274876e+00 -8.441962948030032887e-01 -7.676929636950912891e-03 -5.359791913452328638e-01 -1.565205777781007690e+01
-5.389102661167339825e-01 2.353171747666119029e-02 8.420344235525610843e-01 7.084579300570689497e+01 1.152672758093171643e-02 9.997221455404063928e-01 -2.056128029146078035e-02 -1.109862298123164503e+00 -8.422843173533021144e-01 -1.374782707464071874e-03 -5.390317723774942227e-01 -1.617914435499379522e+01
-5.406012887072864093e-01 1.599922312082039874e-02 8.411267791658356696e-01 7.166486084442576043e+01 1.269164124036002012e-02 9.998604656310052796e-01 -1.086146811481768053e-02 -1.136113612030280162e+00 -8.411832026914606297e-01 4.803556632006021794e-03 -5.407289138304384180e-01 -1.671478674637537765e+01
-5.429893758216524091e-01 1.347646258779004215e-02 8.396314130996420655e-01 7.247311340595072693e+01 1.330209096975278060e-02 9.998837980302041073e-01 -7.446125856431999590e-03 -1.163529615391579286e+00 -8.396342082555329212e-01 7.125687202270025722e-03 -5.431055456985203200e-01 -1.722710714002990073e+01
-5.436879957012765718e-01 1.751872063376025412e-02 8.391045494678847083e-01 7.328223431637904639e+01 1.193699936412758941e-02 9.998424098944331817e-01 -1.314014469869163523e-02 -1.218595644189674587e+00 -8.392025279496222456e-01 2.872252491948377052e-03 -5.438114379898054684e-01 -1.771792131397393177e+01
-5.450859123619119506e-01 2.201409197255524419e-02 8.380911138474914646e-01 7.408296202588709889e+01 1.193074001421222906e-02 9.997576568706753042e-01 -1.850094458915020612e-02 -1.267284353706258360e+00 -8.382953042338339156e-01 -8.555615146939469032e-05 -5.452164601231386243e-01 -1.825071213909770407e+01
-5.453067947526373249e-01 2.794779727858528670e-02 8.377704980760758424e-01 7.489202880726601563e+01 1.907127633885379384e-02 9.995989714953249505e-01 -2.093281089077668813e-02 -1.287486588823262501e+00 -8.380195686938886057e-01 4.562549625588167151e-03 -5.456211125284425867e-01 -1.878757153120544388e+01
-5.454748384421257423e-01 2.881372800582485821e-02 8.376317549687114505e-01 7.569155630767096454e+01 2.231613014931991060e-02 9.995538608265169822e-01 -1.985118647998001737e-02 -1.333945142284537200e+00 -8.378300558298563683e-01 7.864377512870838333e-03 -5.458744928321473955e-01 -1.931372186397573643e+01
-5.449944012666559923e-01 2.599096640821545179e-02 8.380367291876720248e-01 7.646799024193515493e+01 2.232179665979458494e-02 9.996149038091964867e-01 -1.648579508609223851e-02 -1.360678863222033241e+00 -8.381425007010738781e-01 9.721820449149492713e-03 -5.453646922455549495e-01 -1.983606398122786274e+01
-5.441987428997464571e-01 2.125517689154209772e-02 8.386870291565581281e-01 7.728930392277756312e+01 2.062869712764423685e-02 9.997157766056177230e-01 -1.195085046317177595e-02 -1.381614885840767304e+00 -8.387026866529880831e-01 1.079738393349251660e-02 -5.444825366724772575e-01 -2.035086332777332885e+01
-5.433110505278733182e-01 1.528027504547127373e-02 8.393924009302420330e-01 7.807014607520605409e+01 1.852932858716874881e-02 9.998090498887978184e-01 -6.207069507108481030e-03 -1.419664034493849147e+00 -8.393269791295567828e-01 1.218100919597622442e-02 -5.434904396402185922e-01 -2.086098778359140837e+01
-5.434846497914376240e-01 8.220201325141181237e-03 8.393788482548002472e-01 7.886145440090830050e+01 9.524684450407739159e-03 9.999480663428830240e-01 -3.625601599148155132e-03 -1.445348040025058900e+00 -8.393650739547130479e-01 6.024360837178906365e-03 -5.435347206494666183e-01 -2.136291948897799742e+01
-5.414381325132513467e-01 3.261923123132720939e-03 8.407342598245259868e-01 7.966512766123241818e+01 1.198577960605741585e-03 9.999944520576761198e-01 -3.107935503530471696e-03 -1.472358593949840921e+00 -8.407397478826116322e-01 -6.750683088846664561e-04 -5.414390394957814268e-01 -2.183907595932967993e+01
-5.395823463729535474e-01 4.227176997398646337e-03 8.419222111034282419e-01 8.046774956236605192e+01 4.868413154486174975e-03 9.999863429243600610e-01 -1.900660321786129840e-03 -1.495022265349749135e+00 -8.419187619157902924e-01 3.073263377737543624e-03 -5.395955580829613352e-01 -2.234245446174255179e+01
-5.363104457478848897e-01 7.393474600828308686e-03 8.439884059341558054e-01 8.128136586344503201e+01 1.022428402999810831e-02 9.999451706305940712e-01 -2.262682247520602773e-03 -1.511297067465394495e+00 -8.439588742846909630e-01 7.415678061006640912e-03 -5.363566343548301640e-01 -2.287828249345434273e+01
-5.313866366472607128e-01 1.015866990319893443e-02 8.470684923722907600e-01 8.208900485772919353e+01 1.030094398967481596e-02 9.999316531250797002e-01 -5.529883730356280856e-03 -1.559235472514732601e+00 -8.470667888226188769e-01 5.787099769733938456e-03 -5.314549631116752826e-01 -2.336132036418666047e+01
-5.238859064125622744e-01 1.224927233831597448e-02 8.517003576441771751e-01 8.285856861998777845e+01 1.585131692745156418e-02 9.998636404061721494e-01 -4.629937231651105184e-03 -1.565040123169633368e+00 -8.516409482461589908e-01 1.107501447449146283e-02 -5.240086378387642796e-01 -2.382651749198191027e+01
-5.151711806800652882e-01 1.428245606785511282e-02 8.569682915480639762e-01 8.364450946166867595e+01 2.259906777797713109e-02 9.997398751919082116e-01 -3.076369554828879693e-03 -1.599348642302573786e+00 -8.567893257981384902e-01 1.778182867404255046e-02 -5.153599432737728803e-01 -2.432775797454753075e+01
-5.056309245927126383e-01 1.482454248475123700e-02 8.626225058205888585e-01 8.442081566239406243e+01 2.277084823306593786e-02 9.997333604517186778e-01 -3.833592740014959716e-03 -1.607914306456886600e+00 -8.624493427511047416e-01 1.770426422950236930e-02 -5.058336720119457341e-01 -2.477222128505539800e+01
-4.941164136043946775e-01 1.176236676920171600e-02 8.693161696724209797e-01 8.528123834538665449e+01 1.793531385452638849e-02 9.998335907150041058e-01 -3.333971329604607306e-03 -1.648678006562192655e+00 -8.692107378451796595e-01 1.394408946676438908e-02 -4.942451510074978294e-01 -2.525215519881280457e+01
-4.830186645050669192e-01 8.504942056229336869e-03 8.755687419260369531e-01 8.610455576782813125e+01 1.919712662495024619e-02 9.998153322029941226e-01 8.785149234743431634e-04 -1.673683280908806692e+00 -8.753995960282620059e-01 1.723274423106895339e-02 -4.830927381931277576e-01 -2.572751577832128334e+01
-4.715264477027477641e-01 7.122188804554977111e-03 8.818231509207207219e-01 8.691385801979369319e+01 1.930253227797696161e-02 9.998111654163882589e-01 2.246268736802029594e-03 -1.680981035437123516e+00 -8.816406491434103376e-01 1.808059608387211498e-02 -4.715748847214992212e-01 -2.612573402230788133e+01
-4.591031832605950713e-01 6.345944580302111115e-03 8.883602770688590056e-01 8.776649043023182628e+01 1.850377786363952698e-02 9.998258604351188961e-01 2.420532584739867182e-03 -1.714071856268063687e+00 -8.881902332243672982e-01 1.754929657672628721e-02 -4.591406604298652883e-01 -2.653103023028180019e+01
-4.474707120421399509e-01 8.375498456051204063e-03 8.942593575055486355e-01 8.856857190064854990e+01 2.228736164915696635e-02 9.997500058113862886e-01 1.788673616635343220e-03 -1.721012340348586411e+00 -8.940208323267250234e-01 2.073106192982295676e-02 -4.475455159852636533e-01 -2.694100537479385693e+01
