1 0 0 0 0 1 0 0 0 0 1 0
0.99993592 -0.0023819671 0.011066998 0.008011569 0.0023699937 0.99999659 0.0010949066 -0.0070002286 -0.01106957 -0.0010686078 0.99993816 0.3014034
0.99982223 -0.0041925374 0.018383025 0.012384278 0.0041647069 0.99999012 0.0015519603 -0.012108052 -0.018389351 -0.0014751245 0.99982981 0.60223728
0.99978108 -0.0074072301 0.019568443 0.033881643 0.0074149616 0.99997246 -0.00032254908 -0.015218527 -0.019565516 0.00046757775 0.99980847 0.889059
0.99979669 -0.0084347976 0.018314578 0.022901823 0.0084621233 0.99996319 -0.0014150058 -0.022163831 -0.01830197 0.0015696983 0.99983127 1.1929758
0.9998691 -0.011269679 0.011609142 0.02752169 0.011309752 0.99993029 -0.0033919417 -0.021844001 -0.011570107 0.0035227943 0.99992686 1.5257057
0.99992826 -0.011969529 0.00044630083 0.0061138092 0.011971459 0.99991774 -0.0046047077 -0.030562232 -0.00039114797 0.0046097203 0.9999893 1.8635898
0.99980981 -0.011611821 -0.015668463 -0.0096967238 0.011534117 0.99992078 -0.005040546 -0.038423705 0.015725753 0.0048588655 0.99986454 2.1826948
0.99935173 -0.0077820943 -0.035150608 -0.048454714 0.0075948134 0.99995626 -0.0054583553 -0.045137388 0.035191551 0.0051878545 0.99936712 2.5122104
0.99845805 -0.0041248185 -0.055357923 -0.087200374 0.0037805088 0.99997286 -0.0063229856 -0.050995776 0.055382506 0.0061039548 0.99844655 2.8695568
0.99721018 -0.0032974666 -0.074572019 -0.1389962 0.0028087917 0.9999739 -0.0066569872 -0.05715321 0.07459203 0.0064289582 0.99719341 3.2291619
0.99537538 -0.0044830965 -0.095957062 -0.18448142 0.0039340799 0.9999748 -0.0059099087 -0.06278282 0.095981147 0.0055050749 0.99536793 3.5992897
0.9932892 -0.0060447286 -0.11549903 -0.23973702 0.0054680041 0.99997095 -0.005309516 -0.07198037 0.11552778 0.0046423357 0.9932934 3.9864272
0.99110924 -0.0046109835 -0.13297073 -0.31872079 0.0040191795 0.99998079 -0.0047187017 -0.077711174 0.13298994 0.0041423156 0.99110873 4.3872011
0.98882724 -0.003949311 -0.1490137 -0.38895426 0.0033858269 0.99998613 -0.0040349217 -0.084703221 0.14902758 0.0034853059 0.9888269 4.7891388
0.98683129 -0.0032152984 -0.16172095 -0.47505501 0.0025903557 0.99998834 -0.004075026 -0.091077164 0.16173218 0.0036024483 0.98682811 5.2155201
0.98468592 -0.0045781321 -0.17427757 -0.56803553 0.003752967 0.99998014 -0.0050640344 -0.10175036 0.17429731 0.0043324254 0.98468354 5.6619346
0.98285173 -0.0074211083 -0.18424821 -0.64413476 0.0062677724 0.99995695 -0.0068413057 -0.11408345 0.18429107 0.0055691632 0.98285594 6.0897111
0.98129299 -0.0067302979 -0.1924026 -0.75288945 0.0051282917 0.99994793 -0.0088231192 -0.12156556 0.19245198 0.0076713684 0.98127641 6.544271
0.97984522 -0.0066943253 -0.199646 -0.87368763 0.0046467239 0.99993171 -0.01072297 -0.12777749 0.19970417 0.0095791513 0.97980941 7.034473
0.97829712 -0.0073159974 -0.20707781 -0.96981895 0.0046254012 0.99989852 -0.013474348 -0.13647293 0.20715539 0.012224098 0.97823168 7.5009157
0.97636371 -0.01106585 -0.21585051 -1.0897639 0.0080131765 0.9998552 -0.01501258 -0.14624289 0.2159854 0.012928091 0.976311 7.9976704
0.97459509 -0.016813475 -0.22334215 -1.2011964 0.013509736 0.99977568 -0.016312107 -0.16312094 0.22356633 0.012880405 0.97460361 8.517357
0.97259453 -0.017704927 -0.23183273 -1.3304691 0.013703241 0.99972822 -0.018860232 -0.19265097 0.23210366 0.015166499 0.97257281 9.0228094
0.97070474 -0.013583919 -0.23989117 -1.4855825 0.0083399202 0.99970385 -0.022861601 -0.19524692 0.2401307 0.020191191 0.97053056 9.5777707
0.96862792 -0.011054565 -0.24826951 -1.6386366 0.0047505491 0.99965126 -0.025976593 -0.20997246 0.24847011 0.023982237 0.96834264 10.110099
0.96620503 -0.013645585 -0.25741334 -1.7927491 0.0066787865 0.99958786 -0.027919627 -0.23344484 0.25768825 0.025256876 0.96589796 10.669856
0.96380219 -0.015275598 -0.26618038 -1.9711519 0.0076113372 0.99952686 -0.029801399 -0.26378669 0.2665097 0.026696666 0.96346244 11.229701
0.96167764 -0.014920136 -0.27377637 -2.1390533 0.0063497239 0.99946244 -0.032163947 -0.2841391 0.27410911 0.029192945 0.96125542 11.791698
0.95919651 -0.01454119 -0.28236607 -2.3272213 0.0045767679 0.99934431 -0.035916622 -0.31016563 0.28270322 0.033158775 0.95863413 12.375561
0.95741885 -0.016056016 -0.28825568 -2.5064477 0.0043725194 0.99914424 -0.041129956 -0.34573425 0.28866941 0.038118192 0.95666974 12.984339
0.95513354 -0.016779183 -0.29569981 -2.7132436 0.0026306502 0.99883517 -0.048180675 -0.37919354 0.29616383 0.045241096 0.95406511 13.578309
0.95364581 -0.017376543 -0.30042924 -2.9203846 0.00039839656 0.99840353 -0.056482094 -0.41450687 0.3009311 0.053744223 0.95213026 14.183724
0.95272885 -0.017381503 -0.30332427 -3.129548 -0.0024167098 0.99789706 -0.064773649 -0.46389399 0.30381228 0.062444772 0.95068331 14.830867
0.95120747 -0.016658952 -0.30810197 -3.3512675 -0.0064622736 0.99724681 -0.073871805 -0.50944703 0.30848436 0.072258453 0.94848096 15.471851
0.9500591 -0.015866684 -0.3116664 -3.5762667 -0.0099534412 0.99665787 -0.081080322 -0.57002339 0.31191127 0.080133252 0.94672595 16.113122
0.94862944 -0.014996604 -0.31603368 -3.8142898 -0.013360811 0.99608619 -0.087371598 -0.63190941 0.31610708 0.087105737 0.94471631 16.800889
0.94692653 -0.01300505 -0.32118686 -4.0627809 -0.018041605 0.99545608 -0.093497062 -0.70188606 0.32094338 0.094329576 0.94238914 17.461189
0.94522936 -0.011198926 -0.32621471 -4.3059454 -0.022217967 0.99488578 -0.098532418 -0.77698739 0.32564987 0.10038356 0.94014643 18.12412
0.9434771 -0.0090497174 -0.33131414 -4.5797748 -0.026219739 0.99445636 -0.10182864 -0.85243331 0.330399 0.10475996 0.93800952 18.826462
0.9418388 -0.0080003932 -0.33596973 -4.8256207 -0.028363221 0.9942574 -0.10318796 -0.93240492 0.33486596 0.10671561 0.93620328 19.510428
0.93954896 -0.0069252134 -0.34234453 -5.1117887 -0.029970457 0.99429522 -0.10236593 -1.0190223 0.34110047 0.10643803 0.93398149 20.242216
0.93737927 -0.0078358815 -0.34822218 -5.3861527 -0.029218764 0.99445405 -0.10103172 -1.103573 0.34708266 0.10487966 0.93195166 20.955907
0.93496447 -0.0071466998 -0.35466935 -5.6750804 -0.030044631 0.99460944 -0.099244085 -1.1897824 0.35346678 0.10344561 0.92970977 21.673469
0.93220855 -0.0066872157 -0.36185977 -5.9434706 -0.030135156 0.9949232 -0.096019278 -1.2752587 0.36066481 0.10041469 0.92727439 22.371289
0.9280868 -0.0040350279 -0.37234204 -6.2992907 -0.032132078 0.99534354 -0.090877716 -1.3577265 0.37097497 0.096306534 0.92363555 23.186649
0.92507442 -0.00095716052 -0.37978467 -6.6104671 -0.033936427 0.99578819 -0.085171546 -1.4404216 0.37826664 0.091678555 0.9211457 23.9312
0.92155293 0.0006510753 -0.38825219 -6.9260592 -0.034759122 0.99612135 -0.080833589 -1.5063721 0.38669369 0.087987737 0.91800118 24.657293
0.91756407 0.0020326902 -0.39758274 -7.2636318 -0.036605197 0.99617159 -0.0793865 -1.5871728 0.3958993 0.087395796 0.91412567 25.396641
0.91325849 0.0036224177 -0.40736444 -7.6317856 -0.039079463 0.99612787 -0.078753211 -1.6690574 0.40550183 0.087841624 0.9098638 26.15961
0.91044006 0.0024522083 -0.41363373 -7.9789159 -0.037880684 0.99627464 -0.077471963 -1.7342453 0.41190285 0.086202309 0.90714124 26.902722
0.90659344 0.0034938047 -0.42199065 -8.3736507 -0.03907528 0.99636478 -0.075699038 -1.8087257 0.42019218 0.085117655 0.9034343 27.698488
0.90318808 0.0032815311 -0.42923247 -8.7568417 -0.038532307 0.99655346 -0.07346065 -1.886743 0.42751207 0.082888101 0.90020165 28.480903
0.89969575 0.0047016646 -0.43649219 -9.1616019 -0.03881814 0.99684212 -0.069274311 -1.9604697 0.43478813 0.079269619 0.89703714 29.250392
0.89558514 0.0047381509 -0.44486492 -9.5518468 -0.037054891 0.99726327 -0.063975877 -2.0210932 0.44334435 0.073780267 0.89330973 30.069614
0.89180654 0.0051312207 -0.45238783 -9.990367 -0.03588437 0.99758759 -0.059424833 -2.0865368 0.4509916 0.069229108 0.88983927 30.862619
0.88819503 0.0054995575 -0.4594337 -10.419348 -0.035861265 0.99770781 -0.057385525 -2.1540449 0.45806503 0.067445413 0.88635634 31.683794
0.88500352 0.0067353837 -0.46553559 -10.865632 -0.037242981 0.99771533 -0.056365553 -2.2186272 0.46409239 0.067221647 0.88323243 32.498156
0.88149085 0.0057611503 -0.47216594 -11.300929 -0.035702083 0.99787656 -0.054476907 -2.2711921 0.47084951 0.064878204 0.87982474 33.300768
0.87873799 0.0029886255 -0.47729508 -11.767011 -0.032268287 0.99806457 -0.053158994 -2.3329055 0.47621247 0.062114323 0.87713369 34.15373
0.87520181 0.0025607113 -0.4837512 -12.226071 -0.032218746 0.99807426 -0.05300684 -2.3958013 0.48268392 0.06197754 0.8735989 34.967518
0.8739858 0.0026207645 -0.48594438 -12.723368 -0.032697286 0.99803643 -0.053424515 -2.4610574 0.48485022 0.062581331 0.87235535 35.833589
0.87252919 0.0021692359 -0.48855715 -13.239339 -0.032711084 0.99800563 -0.053988492 -2.520035 0.48746571 0.06308777 0.87086 36.699026
0.87277029 0.0014075614 -0.4881291 -13.709958 -0.031318265 0.99809698 -0.053118666 -2.5750276 0.48712545 0.061647751 0.87115347 37.549152
0.87161486 0.0033073419 -0.49018015 -14.243471 -0.032685064 0.99814395 -0.051384337 -2.6437772 0.48910044 0.060808922 0.8701052 38.461609
0.87140017 0.0011189543 -0.49057157 -14.756508 -0.02986901 0.99826315 -0.050779232 -2.7050721 0.48966274 0.058901919 0.8699201 39.3525
0.8713708 -0.00088273175 -0.49062422 -15.258514 -0.027968665 0.99828284 -0.051469722 -2.7678779 0.48982722 0.058571318 0.86984983 40.246531
0.86970555 -0.0022953533 -0.49356557 -15.774229 -0.027040932 0.99826572 -0.052290964 -2.8313804 0.49282965 0.058824215 0.86813517 41.16769
0.86859353 -0.0046214759 -0.49550368 -16.301151 -0.023376477 0.99846103 -0.050290279 -2.8924354 0.49497357 0.055264941 0.86714876 42.06872
0.86618478 -0.00062034485 -0.49972345 -16.840223 -0.026152517 0.9985726 -0.046570497 -2.9711356 0.49903907 0.053407682 0.86493216 42.988995
0.86430224 -0.0021892391 -0.50296802 -17.368083 -0.022142388 0.99885544 -0.042397224 -3.0278449 0.5024852 0.047780929 0.86326452 43.913099
0.86135081 -0.0053198891 -0.50798273 -17.912286 -0.017501019 0.99904088 -0.040137786 -3.0848891 0.50770908 0.04346293 0.86043157 44.846396
0.85542798 -0.0085835832 -0.51785062 -18.462437 -0.015611076 0.99898103 -0.042346164 -3.1509688 0.51768647 0.0443083 0.85442233 45.733484
0.84971451 -0.010396616 -0.52714053 -19.039949 -0.016181422 0.99882036 -0.045782745 -3.2108922 0.52699472 0.047432147 0.84854392 46.611809
0.84363794 -0.0096607426 -0.53682556 -19.618411 -0.017568994 0.99880597 -0.045584782 -3.2747242 0.536625 0.047888538 0.84246087 47.51033
0.83781075 -0.007185517 -0.54591344 -20.223643 -0.017938302 0.99901122 -0.040679184 -3.3352754 0.545666 0.043874218 0.83685345 48.413141
0.83288732 -0.0051002706 -0.55341908 -20.828679 -0.017364807 0.99922438 -0.035342549 -3.3928642 0.55317014 0.039046377 0.83215275 49.287458
0.82875443 -0.0037260521 -0.55960002 -21.43137 -0.020321715 0.9991179 -0.036748526 -3.4504306 0.55924337 0.041827536 0.82794767 50.178784
0.82578316 -0.0058045665 -0.56395785 -22.058365 -0.021276145 0.99891463 -0.041435272 -3.4993256 0.56358631 0.046215399 0.82476338 51.03625
0.82203465 -0.0059336462 -0.56940653 -22.640086 -0.026129114 0.99849941 -0.048126911 -3.5678998 0.5688377 0.054440077 0.82064607 51.884021
0.81986119 -0.0062845322 -0.57252783 -23.285937 -0.027046752 0.99839839 -0.049690244 -3.6358131 0.57192319 0.056224121 0.81837812 52.773834
0.81623913 -0.0060583319 -0.57768239 -23.890808 -0.025265826 0.99861392 -0.046172237 -3.697057 0.57716145 0.05228321 0.81495469 53.567695
0.81354938 -0.0030803139 -0.58148765 -24.529487 -0.025043617 0.99887254 -0.040329418 -3.7643982 0.58095633 0.047372527 0.81255499 54.489844
0.80911571 -0.0033825613 -0.5876396 -25.148459 -0.022722787 0.9990555 -0.037037546 -3.8172492 0.5872099 0.04332047 0.80827464 55.351701
0.80726844 -0.0017995427 -0.59018167 -25.785779 -0.025514711 0.99895401 -0.03794574 -3.8766738 0.58963268 0.045690714 0.80637813 56.201965
0.8038812 -0.0050123654 -0.59476875 -26.473491 -0.02290565 0.99896183 -0.039377626 -3.9278626 0.5943487 0.045278499 0.80293182 57.088852
0.79960251 -0.0064700626 -0.60049474 -27.100007 -0.023458449 0.99884223 -0.041998712 -3.9925297 0.60007129 0.047668951 0.79852498 57.950397
0.79680611 -0.0069975948 -0.60419453 -27.776951 -0.02364085 0.99880627 -0.042745196 -4.0509789 0.60377245 0.048343306 0.79568951 58.757045
0.79218068 -0.0075771593 -0.61023957 -28.427965 -0.022591754 0.99887347 -0.041730124 -4.1092213 0.60986836 0.046844181 0.79111708 59.602137
0.78737157 -0.0078361953 -0.61642889 -29.109777 -0.022032498 0.99892271 -0.040840907 -4.1722069 0.6160849 0.045738438 0.7863507 60.492417
0.78199656 -0.00633106 -0.62325057 -29.794244 -0.025249173 0.99880581 -0.041826299 -4.2399002 0.62277114 0.048444584 0.78090285 61.260469
0.77668837 -0.010961633 -0.62978963 -30.463345 -0.020715585 0.99886317 -0.042932947 -4.29125 0.62954434 0.046391982 0.77557833 62.127655
0.77103911 -0.010758295 -0.63669688 -31.161615 -0.021755707 0.99882853 -0.04322338 -4.3550399 0.63641607 0.047178708 0.7699018 62.943199
0.76414641 -0.010766406 -0.64495296 -31.920181 -0.023384536 0.99874106 -0.044378523 -4.4220363 0.64461886 0.048993614 0.76293263 63.781141
0.7604803 -0.013251895 -0.64922575 -32.603573 -0.021546231 0.99872628 -0.045624343 -4.4894646 0.64900348 0.048684782 0.75922613 64.5952
0.75404107 -0.015100214 -0.65665365 -33.351748 -0.019684574 0.99876713 -0.045571321 -4.5506993 0.65653227 0.047288595 0.75281419 65.425693
0.74836362 -0.01426499 -0.66313525 -34.082059 -0.019872951 0.99883766 -0.043913518 -4.611861 0.66299095 0.046041734 0.74721028 66.236305
0.74179584 -0.015512425 -0.67044632 -34.83657 -0.018081837 0.99890633 -0.043118278 -4.6787039 0.670382 0.04410786 0.74070407 67.048819
0.73439849 -0.016800661 -0.67851054 -35.585877 -0.017701347 0.99887942 -0.043892724 -4.7426583 0.6784877 0.044245301 0.73327814 67.873944
0.72819712 -0.019103279 -0.68510144 -36.37558 -0.016565204 0.99882888 -0.045458434 -4.8086335 0.68516756 0.044451546 0.72702786 68.688233
0.72353552 -0.015369722 -0.69011599 -37.161198 -0.022290929 0.99871046 -0.045612884 -4.8832723 0.68992717 0.048385869 0.72225989 69.523401
0.71890722 -0.017952638 -0.69487414 -37.941569 -0.018702505 0.99880494 -0.045154291 -4.9428163 0.69485442 0.045457633 0.71771233 70.303071
0.7147216 -0.017530374 -0.69918931 -38.760026 -0.019261069 0.99881334 -0.044731623 -5.0058406 0.69914383 0.04543779 0.71353581 71.119059
0.70873247 -0.018121329 -0.70524454 -39.580581 -0.01949517 0.9987852 -0.045255472 -5.0761564 0.70520796 0.045822885 0.70751823 71.920543
0.70350275 -0.019811996 -0.7104163 -40.398151 -0.020197928 0.99865022 -0.047851591 -5.1469968 0.71040549 0.048012664 0.70215302 72.749597
0.69851054 -0.021795715 -0.71526774 -41.210301 -0.02061914 0.99850802 -0.050562719 -5.2151797 0.71530268 0.050066798 0.69701896 73.50316
0.69327961 -0.020843183 -0.7203672 -42.037856 -0.023474659 0.99839811 -0.051479711 -5.2948089 0.72028631 0.052600209 0.69167976 74.316961
0.68794935 -0.020448885 -0.72547053 -42.921554 -0.02283266 0.99849836 -0.049796496 -5.3645079 0.72539948 0.05082189 0.6864494 75.110333
0.68502722 -0.02215583 -0.72818046 -43.768088 -0.019469774 0.99862365 -0.048700372 -5.4316166 0.72825729 0.04753859 0.68365302 75.859863
0.6788356 -0.024288838 -0.73388843 -44.655917 -0.017663149 0.99862344 -0.049388674 -5.5089068 0.73407784 0.046489572 0.67747213 76.666408
0.67453102 -0.02390383 -0.73785938 -45.517511 -0.018719822 0.99860046 -0.049463998 -5.5813554 0.73800916 0.047177597 0.67313951 77.441368
0.67016762 -0.023762719 -0.74182926 -46.400424 -0.018995017 0.99861086 -0.049148174 -5.6607096 0.74196671 0.047028575 0.66878529 78.225225
0.66642334 -0.026238002 -0.7451117 -47.265205 -0.015511687 0.99867633 -0.049040461 -5.729607 0.74541221 0.044239648 0.66513423 79.020217
0.66205332 -0.027199356 -0.74896298 -48.148032 -0.015290712 0.998643 -0.049783118 -5.8071221 0.74930076 0.044411256 0.66073902 79.772645
0.65872881 -0.032727541 -0.75166829 -49.073134 -0.010975329 0.9985292 -0.053094124 -5.8830683 0.75230044 0.043224436 0.65740075 80.557849
0.65242096 -0.038458312 -0.75688031 -49.98026 -0.0048098603 0.99848135 -0.054880487 -5.9548958 0.75784155 0.039445669 0.65124518 81.348538
0.64801122 -0.03956846 -0.76060222 -50.884941 -0.0033339396 0.99849263 -0.054784543 -6.0463015 0.76162352 0.038036801 0.64690251 82.140465
0.63909971 -0.044359501 -0.76784357 -51.807364 0.0032650585 0.99848287 -0.054966279 -6.1250623 0.769117 0.032621878 0.63827495 82.90872
0.63158532 -0.046118833 -0.77393345 -52.742354 0.0063960827 0.99850519 -0.05428144 -6.204038 0.77528003 0.029333219 0.6309362 83.663288
0.6219373 -0.043283662 -0.78186985 -53.703019 0.0048406104 0.99866462 -0.051434783 -6.2904921 0.78305212 0.028204483 0.6213163 84.397131
0.61231165 -0.042232952 -0.78948766 -54.672344 0.0038065871 0.99871816 -0.050473238 -6.3809376 0.79060736 0.027900098 0.61168753 85.144
0.60320346 -0.044891597 -0.79632297 -55.603548 0.0041844237 0.99857916 -0.053123866 -6.4421098 0.79757641 0.028712347 0.60253426 85.850614
0.59550122 -0.047210729 -0.80196595 -56.587865 0.0056854147 0.9984944 -0.054558397 -6.5275635 0.80333432 0.027930083 0.59487305 86.592289
0.58381266 -0.047745993 -0.81048321 -57.630913 0.00326624 0.99839932 -0.05646347 -6.6113853 0.81188187 0.030316856 0.58303412 87.304863
0.57425415 -0.050203946 -0.81713627 -58.597985 0.0091587294 0.99844946 -0.0549072 -6.6862518 0.81862589 0.024046757 0.57382355 87.990172
0.56317984 -0.04973359 -0.82483633 -59.611133 0.0097384647 0.99851733 -0.053556497 -6.7699211 0.826277 0.0221293 0.56282916 88.687806
0.55311059 -0.051529573 -0.83151267 -60.692451 0.012247104 0.99848039 -0.053730107 -6.8573777 0.83301785 0.019535068 0.55290117 89.361752
0.54444692 -0.052537331 -0.83714833 -61.740716 0.010789881 0.99839263 -0.055639324 -6.9336848 0.83872593 0.021259928 0.54413867 90.007089
0.53444087 -0.053179446 -0.84353118 -62.838882 0.010233378 0.99835262 -0.056456365 -7.0241413 0.84514395 0.021540415 0.53410465 90.690323
0.5241968 -0.052961247 -0.84994868 -63.830039 0.0073657099 0.99830893 -0.057663015 -7.1084222 0.85156534 0.023966293 0.52370045 91.315106
0.51551504 -0.05377931 -0.85519119 -64.935186 0.0075994595 0.99827623 -0.05819631 -7.2006079 0.85684687 0.023502082 0.51503511 92.00051
0.50777853 -0.051960002 -0.85991922 -66.009475 0.0070960981 0.99839784 -0.056137259 -7.2839117 0.86145846 0.022403223 0.5073337 92.582413
0.49965428 -0.049869157 -0.86478818 -67.125131 0.0070398193 0.99854224 -0.053514819 -7.3755205 0.86619634 0.020650956 0.49927698 93.230086
0.4922593 -0.049510809 -0.86903935 -68.225762 0.0062393174 0.99855609 -0.053355417 -7.4650056 0.87042629 0.020842488 0.49185744 93.846862
0.48570846 -0.053408964 -0.87248766 -69.381403 0.0095329137 0.99839593 -0.055809472 -7.5502872 0.87406892 0.018789783 0.48543849 94.442538
0.47779941 -0.055420156 -0.87671903 -70.50263 0.0096038606 0.99827791 -0.057870306 -7.647602 0.8784165 0.019230511 0.47750885 95.071741
0.47075431 -0.058919764 -0.88029471 -71.585181 0.011431308 0.99809114 -0.060690989 -7.7370932 0.88219033 0.018507624 0.47052923 95.671451
0.46732671 -0.062629445 -0.8818635 -72.699815 0.013762156 0.9978821 -0.063576029 -7.8332696 0.88397761 0.017574434 0.46719888 96.250338
0.46148767 -0.062564904 -0.88493768 -73.846367 0.014035546 0.99790016 -0.063231905 -7.9375803 0.88703562 0.016760161 0.46139675 96.868264
0.45636469 -0.061272845 -0.8876806 -75.013763 0.017954429 0.99805721 -0.059661141 -8.0310611 0.8896117 0.011289439 0.45657819 97.397337
0.45652177 -0.060590256 -0.88764668 -76.065761 0.023654894 0.99815234 -0.055967463 -8.1225096 0.88939776 0.0045531769 0.45711153 97.940695
0.44993831 -0.058998487 -0.89110865 -77.208769 0.023255871 0.9982511 -0.054349823 -8.2188972 0.89275682 0.0037305593 0.45052348 98.529816
0.44732836 -0.058950966 -0.89242482 -78.351533 0.024217431 0.99825786 -0.053802987 -8.3134536 0.8940419 0.0024553649 0.44797669 99.080428
0.44414007 -0.058432803 -0.89404985 -79.434732 0.026702057 0.99829103 -0.051980871 -8.4021435 0.89555942 -0.00078618348 0.44494132 99.643519
0.44023295 -0.057758526 -0.8960239 -80.559395 0.028403709 0.99832525 -0.050397702 -8.485809 0.89743426 -0.0032636738 0.44113623 100.15109
0.43987901 -0.058254132 -0.89616564 -81.670568 0.030395467 0.99828794 -0.049972983 -8.5702359 0.89754256 -0.005257308 0.44089657 100.72626
0.43666046 -0.058916234 -0.89769508 -82.734173 0.032851277 0.99823198 -0.049534877 -8.658577 0.89902642 -0.0078605081 0.43782391 101.26707
0.4337293 -0.057566794 -0.89920236 -83.81998 0.035431932 0.9982748 -0.046818842 -8.7405335 0.90034635 -0.011553774 0.43502073 101.79103
0.43190744 -0.057369836 -0.90009144 -84.904476 0.038208275 0.99824286 -0.045291611 -8.821833 0.90110829 -0.014829158 0.43334052 102.31854
0.43014505 -0.059300144 -0.90081 -86.007211 0.04114225 0.99809115 -0.046058341 -8.902166 0.90182183 -0.017249584 0.43176371 102.83007
0.42917256 -0.059548668 -0.90125735 -87.0331 0.041561828 0.99806935 -0.04615386 -8.9791764 0.90226581 -0.017649934 0.43081893 103.33302
0.42764556 -0.060868924 -0.90189477 -88.070661 0.042172189 0.99798735 -0.047357706 -9.0633588 0.90296227 -0.017782565 0.42935183 103.82013
0.4303652 -0.061904696 -0.90052958 -89.128271 0.040996336 0.99795658 -0.049009831 -9.1394466 0.90172344 -0.015826289 0.43202365 104.26914
0.43170018 -0.060599983 -0.89997918 -90.163543 0.037563991 0.99808295 -0.04918717 -9.222044 0.90123469 -0.012572701 0.43314896 104.79373
0.43527659 -0.061493922 -0.89819414 -91.235371 0.037000423 0.99804353 -0.05039912 -9.3095545 0.89953617 -0.011296007 0.43670029 105.28118
0.44018277 -0.062127293 -0.89575625 -92.181446 0.036168945 0.99802058 -0.05144633 -9.3805965 0.89717947 -0.0097527713 0.44155854 105.75122
0.44596579 -0.061905551 -0.89290657 -93.182407 0.035351695 0.99804512 -0.0515383 -9.4668072 0.89435163 -0.0085814434 0.44728245 106.23701
0.45225137 -0.059723979 -0.88988857 -94.197513 0.0317873 0.99820088 -0.050838589 -9.5438743 0.89132392 -0.0052953343 0.45333619 106.74179
0.46221461 -0.06020633 -0.88472187 -95.19468 0.034252594 0.99816014 -0.050030989 -9.6200752 0.88610636 -0.0071789656 0.46342643 107.24697
0.47130227 -0.058933522 -0.88000054 -96.143843 0.032066354 0.99825035 -0.049678906 -9.6890513 0.88138867 -0.0048046282 0.47236744 107.74936
0.47978784 -0.058500612 -0.87543203 -97.117238 0.031666178 0.99827919 -0.049354941 -9.7665823 0.87681295 -0.0040416868 0.48081471 108.25819
0.48985367 -0.059374116 -0.86978045 -98.124378 0.030109321 0.99823518 -0.051185527 -9.8447211 0.87128461 -0.0011150806 0.49077689 108.81605
0.49853686 -0.061506025 -0.86468373 -99.027927 0.029958075 0.99810632 -0.053724093 -9.9221484 0.86635073 0.00087917991 0.49943539 109.35305
0.51093721 -0.060608162 -0.85747872 -100.00057 0.025883659 0.99814377 -0.055127589 -10.001561 0.85922829 0.00597205 0.51155756 109.89312
0.52390817 -0.058409744 -0.84976966 -100.87466 0.022854498 0.9982508 -0.054525265 -10.074214 0.85146812 0.0091451721 0.52432667 110.46464
0.53626201 -0.055946668 -0.84219533 -101.82648 0.020913344 0.99837522 -0.053005204 -10.154523 0.84379248 0.010811557 0.53656073 111.03697
0.54748715 -0.054916447 -0.83501015 -102.72058 0.022728324 0.99845205 -0.050763424 -10.226777 0.83650541 0.0088139401 0.54788783 111.62366
0.55992827 -0.053588412 -0.82680624 -103.63382 0.021083878 0.9985046 -0.050438439 -10.304299 0.82827282 0.010809626 0.5602208 112.20874
0.57112471 -0.053918691 -0.81909053 -104.50569 0.021485229 0.99848043 -0.050746544 -10.377655 0.82058212 0.011384257 0.5714153 112.83792
0.58253932 -0.054683503 -0.81096091 -105.35214 0.021712029 0.99842517 -0.051727863 -10.451599 0.81251252 0.012525907 0.58280921 113.45994
0.59369028 -0.057009276 -0.80267162 -106.16256 0.024401222 0.99830399 -0.052855761 -10.521538 0.80432362 0.011793783 0.59407447 114.02413
0.60445988 -0.056027564 -0.79466289 -107.006 0.023756384 0.99834786 -0.052318057 -10.601341 0.79628132 0.012745849 0.60479224 114.65843
0.61473573 -0.054959625 -0.78681597 -107.85866 0.02416611 0.99841342 -0.050858979 -10.677588 0.78836288 0.01225055 0.61508857 115.27597
0.62400634 -0.052510432 -0.77965293 -108.61976 0.024568997 0.99856474 -0.047590223 -10.739751 0.78103297 0.01054131 0.62440086 115.89623
0.63440267 -0.052007017 -0.77125124 -109.42215 0.024920242 0.99859157 -0.046838565 -10.815949 0.77260099 0.010494742 0.63480519 116.52237
0.64504776 -0.049762065 -0.76252021 -110.15955 0.020826982 0.99865154 -0.047553579 -10.879526 0.76385841 0.014793335 0.64521433 117.18503
0.65454394 -0.049498797 -0.75440179 -110.94539 0.019270032 0.99862249 -0.048803608 -10.950092 0.75577837 0.017406759 0.65459614 117.83976
0.663198 -0.048725243 -0.74685622 -111.67116 0.019110472 0.99865569 -0.048182922 -11.017207 0.7482 0.017682043 0.66323763 118.47603
0.67059603 -0.047031655 -0.74033029 -112.4004 0.018762952 0.99874427 -0.046452558 -11.08153 0.74158544 0.017260119 0.6706364 119.14886
0.6807675 -0.046379855 -0.73102973 -113.0919 0.020128591 0.99880106 -0.044623845 -11.142194 0.73222298 0.015663865 0.68088486 119.78416
0.68884984 -0.045516249 -0.72347365 -113.83015 0.020118399 0.99884276 -0.043685102 -11.208823 0.72462486 0.015537344 0.68896839 120.43653
0.69659308 -0.045082462 -0.71604861 -114.49247 0.019878162 0.99885348 -0.043549816 -11.272208 0.71719103 0.01610277 0.69669058 121.12895
0.70379504 -0.042720923 -0.70911735 -115.16238 0.017499483 0.99892985 -0.042812598 -11.332873 0.71018754 0.017722107 0.70378947 121.78609
0.71018303 -0.0392658 -0.7029212 -115.83182 0.015559588 0.99907496 -0.040088877 -11.382614 0.70384516 0.017533276 0.71013704 122.44429
0.71780625 -0.03808558 -0.69520043 -116.49442 0.016462173 0.999152 -0.037739668 -11.444404 0.69604829 0.01564526 0.71782452 123.10052
0.72551394 -0.036124837 -0.68725867 -117.11869 0.01491261 0.99921213 -0.036779557 -11.498919 0.68804591 0.01643526 0.72548104 123.79097
0.73268484 -0.034889877 -0.67967314 -117.73145 0.014136134 0.99924978 -0.036056113 -11.553035 0.68042129 0.016809817 0.73262838 124.43811
0.74039473 -0.032476963 -0.67138726 -118.3338 0.012207077 0.99931702 -0.034878122 -11.59879 0.6720615 0.017627902 0.74028551 125.0861
0.74998511 -0.029999129 -0.66077405 -118.93394 0.011681918 0.99941593 -0.032114371 -11.654689 0.66135157 0.016366192 0.74989751 125.75511
0.75896375 -0.026161626 -0.65060708 -119.51512 0.0095166382 0.99953147 -0.029090654 -11.694156 0.65106336 0.015887159 0.75885712 126.4376
0.76852573 -0.023785299 -0.63937659 -120.08259 0.0076921511 0.99958003 -0.027939237 -11.744303 0.63977266 0.016553841 0.76838593 127.08789
0.7787189 -0.022848226 -0.62695678 -120.60801 0.0060976441 0.99956505 -0.028853564 -11.783782 0.62734339 0.018645856 0.77851952 127.76007
0.78831743 -0.024013669 -0.61479992 -121.13814 0.0068029498 0.99951717 -0.030317491 -11.827585 0.61523116 0.019717353 0.78810017 128.40722
0.79843995 -0.023216526 -0.60162663 -121.64969 0.006383355 0.99952652 -0.030099745 -11.871131 0.60204064 0.020192443 0.7982101 129.09883
0.80835415 -0.021825111 -0.58829177 -122.14763 0.0062480522 0.99957432 -0.028498072 -11.90845 0.58866337 0.019360857 0.80814641 129.78005
0.81806636 -0.019891589 -0.57477972 -122.62391 0.0059884504 0.99964214 -0.026071763 -11.942169 0.57509268 0.017886392 0.81789272 130.46785
0.8268828 -0.018824133 -0.56205913 -123.10186 0.0065997712 0.99969563 -0.023771817 -11.982954 0.56233559 0.015947044 0.82675535 131.16467
0.83596249 -0.017187376 -0.54851734 -123.55448 0.0068419311 0.99975817 -0.020899289 -12.020687 0.54874395 0.013718104 0.83587793 131.87808
0.84424894 -0.016666579 -0.53569202 -124.01423 0.0078079436 0.99979277 -0.018800499 -12.053008 0.53589439 0.011689648 0.84420411 132.57247
0.85086498 -0.016680863 -0.52511952 -124.45101 0.0088147614 0.99980841 -0.017476966 -12.079595 0.52531048 0.010241735 0.850849 133.29041
0.85796936 -0.016477852 -0.51343649 -124.90002 0.0092055076 0.99981809 -0.016704717 -12.114714 0.51361839 0.0096056915 0.85796497 134.0274
0.86468655 -0.015553496 -0.50207096 -125.319 0.0084352411 0.99982918 -0.016445882 -12.13595 0.50224102 0.009985443 0.86467003 134.7572
0.87103004 -0.013848633 -0.49103448 -125.73439 0.0068550627 0.99984787 -0.016038712 -12.169713 0.49118194 0.010604128 0.87099247 135.49293
0.87723952 -0.013133215 -0.47987323 -126.13875 0.0064216975 0.9998573 -0.015624907 -12.187242 0.48001 0.010625185 0.87719868 136.24323
0.882567 -0.013489662 -0.46999309 -126.53819 0.0070562467 0.99985579 -0.015447263 -12.221281 0.47013372 0.010316857 0.88253491 136.98735
0.88782701 -0.014771019 -0.4599402 -126.93586 0.0081322808 0.99983224 -0.016411879 -12.255177 0.4601055 0.010830546 0.8877982 137.7427
0.89184383 -0.015282177 -0.45208519 -127.33171 0.0086404893 0.99982233 -0.016752362 -12.278706 0.45226092 0.011034254 0.89181743 138.53269
0.89546324 -0.014855945 -0.44488747 -127.72451 0.0084321711 0.99982971 -0.01641475 -12.307485 0.44505561 0.010947438 0.89543603 139.29393
0.89816634 -0.012920721 -0.43946589 -128.10995 0.0080196528 0.99988324 -0.013007223 -12.332915 0.43958268 0.0081582857 0.89816509 140.08451
0.90155231 -0.0092849878 -0.43257047 -128.50462 0.0057942628 0.99993915 -0.0093871229 -12.352481 0.43263134 0.0059565551 0.90155125 140.89737
0.90467792 -0.0064307568 -0.42604752 -128.91885 0.004099725 0.99997119 -0.0063881165 -12.376239 0.42607636 0.00403251 0.90467822 141.70093
0.90793471 -0.0037893201 -0.41909449 -129.28636 0.0022312764 0.99998866 -0.0042077004 -12.387574 0.41910571 0.0028852013 0.90793287 142.53775
0.9110981 -0.0017724999 -0.41218575 -129.66558 0.0011565981 0.99999781 -0.0017436844 -12.398515 0.41218797 0.0011119339 0.91109816 143.39488
0.91401499 -0.00059595909 -0.40567996 -130.06137 0.0010060707 0.99999918 0.0007976852 -12.415737 0.40567918 -0.0011372393 0.91401484 144.24274
0.91713579 -0.00030658863 -0.39857476 -130.43196 0.0016428757 0.99999412 0.0030111115 -12.430039 0.39857153 -0.0034164073 0.91713089 145.14141
0.92053865 -0.00066396229 -0.39065091 -130.80594 0.0024098845 0.99998918 0.0039790935 -12.440157 0.39064408 -0.0046043333 0.92053029 146.01652
0.92394233 -0.0015985807 -0.38252843 -131.17662 0.0032752485 0.99998767 0.0037319565 -12.439332 0.38251778 -0.0047009887 0.92393618 146.91115
0.92788737 -0.0041237293 -0.37283778 -131.5566 0.0057526849 0.99997815 0.003256655 -12.465021 0.37281623 -0.0051666277 0.92789082 147.84228
0.93178448 -0.0056100518 -0.36296859 -131.93174 0.0068193426 0.99997465 0.002050446 -12.467749 0.36294791 -0.0043857813 0.93179911 148.78085
0.93597128 -0.0063501314 -0.35201906 -132.2718 0.0069408392 0.99997583 0.00041602224 -12.491917 0.35200794 -0.0028326929 0.93599273 149.70839
0.94077486 -0.00496856 -0.33899553 -132.63488 0.004988551 0.99998723 -0.00081238097 -12.497584 0.33899526 -0.0009268292 0.94078763 150.66318
0.9467156 -0.0015637168 -0.32206694 -132.99325 0.0018449981 0.99999814 0.00056812552 -12.509642 0.32206548 -0.0011320665 0.94671672 151.64064
0.95262706 0.0022668425 -0.30413244 -133.30474 -0.0013106764 0.99999354 0.0033480218 -12.516682 0.30413809 -0.0027907973 0.95262387 152.64962
0.9587775 0.0051629006 -0.28411095 -133.62085 -0.0039453079 0.99998042 0.0048577052 -12.524385 0.28413049 -0.0035365536 0.9587791 153.6686
0.96511839 0.0070125163 -0.2617199 -133.91443 -0.005602244 0.99996549 0.0061342139 -12.541863 0.26175391 -0.0044540243 0.96512438 154.71292
0.97041889 0.0083049187 -0.24128447 -134.18599 -0.0068060067 0.99995202 0.0070449749 -12.543532 0.24133143 -0.0051943932 0.97042886 155.75979
0.97559119 0.0092161223 -0.2194012 -134.43137 -0.0072076896 0.99992449 0.0099528552 -12.561571 0.21947637 -0.0081285425 0.97558395 156.82342
0.98039094 0.011161385 -0.19674607 -134.65851 -0.0086723722 0.99987115 0.013507929 -12.553585 0.1968715 -0.011536796 0.98036142 157.92569
0.98458179 0.013039445 -0.17443812 -134.85837 -0.010107103 0.99979247 0.017688046 -12.557394 0.17463258 -0.015652264 0.98450925 159.03549
0.98826509 0.014515761 -0.15205722 -135.03607 -0.011457043 0.9997144 0.020972498 -12.54701 0.15231824 -0.018984262 0.98814916 160.12769
0.991422 0.016274998 -0.12968246 -135.21714 -0.013640135 0.99968262 0.02118022 -12.541659 0.12998602 -0.01922965 0.99132934 161.28005
0.9941402 0.015978802 -0.1069109 -135.34313 -0.014028468 0.99972163 0.018969921 -12.538527 0.10718426 -0.017358965 0.99408762 162.4436
0.99616509 0.015696986 -0.086073866 -135.46239 -0.01421789 0.999741 0.017770259 -12.526602 0.08633052 -0.016478323 0.99613027 163.57603
0.99764528 0.014535227 -0.067027003 -135.54282 -0.013237089 0.9997169 0.019771046 -12.523306 0.06729541 -0.018837249 0.99755525 164.74865
0.99882236 0.01495989 -0.046152942 -135.61146 -0.013968746 0.99966643 0.021723517 -12.515916 0.046462532 -0.021053236 0.99869815 165.95894
0.99955845 0.015607715 -0.02528438 -135.63319 -0.015036362 0.99963079 0.022631772 -12.511418 0.025628277 -0.022241595 0.99942409 167.16829
0.99984869 0.016673899 -0.0049572202 -135.66495 -0.016554743 0.99959428 0.023177791 -12.493664 0.0053416736 -0.023092219 0.99971907 168.38256
0.99973616 0.016851243 0.015608849 -135.66616 -0.017216539 0.99957388 0.023572064 -12.483977 -0.01520498 -0.023834575 0.99960028 169.59083
0.99916 0.019030838 0.036292099 -135.6382 -0.0198767 0.99953577 0.023090382 -12.468079 -0.035835824 -0.023792354 0.99907443 170.8521
0.99820532 0.020350876 0.056320331 -135.57889 -0.02163604 0.99951709 0.022303861 -12.456653 -0.055839235 -0.023482383 0.99816359 172.11208
0.99699931 0.020438098 0.074663664 -135.50008 -0.021971359 0.99956307 0.019772131 -12.455009 -0.074226942 -0.021353263 0.99701274 173.4109
0.99532967 0.022258088 0.093933113 -135.38267 -0.023981197 0.99956349 0.017255079 -12.445088 -0.093508052 -0.019427121 0.99542897 174.65717
0.99332701 0.02257742 0.11310041 -135.27202 -0.024457762 0.99958431 0.015265366 -12.437689 -0.11270875 -0.017929684 0.99346629 175.93494
0.99090563 0.022745949 0.13262219 -135.09111 -0.024673771 0.99961218 0.012910733 -12.442403 -0.1322771 -0.016065608 0.99108257 177.20375
0.98839765 0.02369286 0.15002908 -134.91518 -0.025068775 0.99965918 0.0072861313 -12.435956 -0.14980533 -0.010962641 0.98865473 178.50575
0.98541159 0.025515629 0.16826454 -134.72132 -0.026037452 0.99966057 0.00089524026 -12.467047 -0.16818459 -0.00526336 0.98574147 179.81235
0.98220871 0.028191587 0.18566445 -134.47795 -0.027872372 0.99960211 -0.0043297731 -12.475523 -0.18571266 -0.00092216769 0.98260366 181.13591
0.97875837 0.030070158 0.20280001 -134.23049 -0.028993358 0.99954532 -0.0082790673 -12.51182 -0.20295677 0.0022233531 0.97918518 182.42157
0.97466098 0.032171968 0.22136156 -133.92734 -0.030416146 0.99947303 -0.011337043 -12.531528 -0.22160966 0.0043168077 0.9751259 183.80041
0.97064448 0.031810981 0.23840586 -133.62417 -0.029964209 0.99948633 -0.011367372 -12.565649 -0.23864502 0.0038900343 0.97109908 185.10496
0.96635132 0.030877829 0.25536578 -133.26526 -0.028799452 0.99951467 -0.011874953 -12.601108 -0.25560853 0.0041209824 0.96677159 186.46404
0.96139519 0.030422589 0.27348445 -132.88699 -0.026881284 0.99949933 -0.016687687 -12.656603 -0.27385523 0.0086918491 0.96173165 187.77889
0.95684037 0.031730968 0.28887654 -132.52449 -0.026901791 0.99942429 -0.020673131 -12.695673 -0.28936623 0.01200959 0.95714312 189.08354
0.95142559 0.03416735 0.30597702 -132.09665 -0.029048345 0.9993517 -0.021269118 -12.734657 -0.30650539 0.011347857 0.95180128 190.48865
0.94604963 0.035590626 0.32206117 -131.67956 -0.030316241 0.99931169 -0.021379359 -12.7868 -0.32260042 0.010462251 0.94647743 191.81456
0.93968629 0.039825157 0.33971109 -131.22878 -0.033355249 0.99913418 -0.024865856 -12.829776 -0.34040728 0.012034956 0.94020107 193.15322
0.93303919 0.041125373 0.35741651 -130.70452 -0.033116413 0.99904501 -0.028502289 -12.901828 -0.35824738 0.0147574 0.93351007 194.50761
0.92623461 0.041629245 0.37464175 -130.19923 -0.032169768 0.99898683 -0.031470912 -12.949506 -0.37557232 0.01709731 0.92663538 195.83761
0.91905453 0.041960356 0.39189041 -129.64307 -0.030265933 0.99889431 -0.035974138 -13.025558 -0.39296662 0.021201266 0.9193083 197.15708
0.91071482 0.045263282 0.4105481 -129.07078 -0.030879346 0.99865691 -0.041603437 -13.114645 -0.41187984 0.02521141 0.91088934 198.50083
0.90094733 0.048678951 0.43118935 -128.46646 -0.03216496 0.99844582 -0.045512168 -13.192002 -0.43273472 0.027134879 0.90111285 199.83356
0.88868276 0.051663565 0.45560269 -127.82186 -0.033777433 0.99830856 -0.047319208 -13.271207 -0.45727678 0.026662676 0.88892467 201.18185
0.87574493 0.055921893 0.47952428 -127.13113 -0.03667627 0.99810459 -0.049417399 -13.362176 -0.48137894 0.025689876 0.87613604 202.46791
0.86217936 0.060253932 0.50300716 -126.4232 -0.038958895 0.99784739 -0.052752084 -13.463763 -0.50510294 0.025885156 0.86267085 203.74069
0.84699236 0.064113138 0.52772477 -125.6728 -0.04076588 0.99761103 -0.055770713 -13.572337 -0.53003973 0.025724204 0.84758254 205.03379
0.83194378 0.065675239 0.55095942 -124.89532 -0.04033415 0.99750148 -0.057999561 -13.672649 -0.55339202 0.026029895 0.83251411 206.29266
0.81579091 0.066775641 0.57447905 -124.05197 -0.03925426 0.9974146 -0.0601932 -13.779858 -0.57701328 0.026554316 0.81630299 207.51021
0.79985262 0.068991567 0.59621801 -123.19659 -0.037660427 0.99718306 -0.064866258 -13.899469 -0.59901378 0.029429623 0.80019774 208.73514
0.78387383 0.071499521 0.61678976 -122.28093 -0.035751285 0.99689726 -0.070126295 -14.024079 -0.61989007 0.032919142 0.78399787 209.9256
0.7668007 0.073057343 0.6377141 -121.35384 -0.033952842 0.99672735 -0.073360758 -14.147838 -0.64098668 0.034600877 0.76677173 211.08699
0.75107835 0.074818136 0.65596 -120.37257 -0.032152656 0.99652429 -0.076847562 -14.292175 -0.65942972 0.036627686 0.75087342 212.24863
0.73517689 0.07541925 0.67366672 -119.35976 -0.030162548 0.99644675 -0.078638973 -14.432235 -0.67720396 0.037494052 0.73483946 213.40875
0.71878185 0.075706781 0.69110137 -118.35225 -0.028284613 0.99641474 -0.079734881 -14.563426 -0.69466012 0.037764452 0.71834616 214.48493
0.70495871 0.076469014 0.70511394 -117.27586 -0.02573325 0.99627387 -0.082317479 -14.71717 -0.70878139 0.039885552 0.70429974 215.57899
0.68916219 0.077787526 0.72041969 -116.18026 -0.02278959 0.99605612 -0.085748652 -14.872943 -0.72424869 0.04267666 0.68821696 216.67124
0.67511521 0.079950416 0.73336712 -115.0853 -0.020415965 0.99575405 -0.089761076 -15.030942 -0.73742978 0.045626672 0.67388098 217.69447
0.65959123 0.082855965 0.74704368 -113.95376 -0.019855571 0.99547938 -0.092879233 -15.184684 -0.75136224 0.04642935 0.65825462 218.71451
0.64380906 0.082852856 0.76068735 -112.79258 -0.018013698 0.99548623 -0.09318085 -15.353537 -0.76497415 0.046287885 0.64239554 219.73588
0.62720841 0.084456184 0.77425881 -111.6261 -0.01874977 0.99545255 -0.093395268 -15.524674 -0.77862578 0.044061124 0.62593974 220.71634
0.6095882 0.085527424 0.78809088 -110.46106 -0.020595617 0.99553585 -0.092109646 -15.69082 -0.79245069 0.039917737 0.6086284 221.65068
0.59136265 0.08644101 0.80175939 -109.21923 -0.022933386 0.99563884 -0.090428725 -15.852523 -0.80607961 0.035089114 0.59076601 222.59307
0.57253763 0.087658486 0.81517888 -108.02589 -0.024713618 0.99566138 -0.089708767 -16.022002 -0.81950593 0.031215626 0.57221996 223.51011
0.55418357 0.090807974 0.82742639 -106.79459 -0.026080736 0.99543782 -0.091778769 -16.199664 -0.83198583 0.029282397 0.55402362 224.3535
0.53613651 0.094750507 0.83879671 -105.57284 -0.028661278 0.99515079 -0.094092743 -16.370586 -0.84364461 0.02640557 0.53625234 225.18887
0.51696165 0.094655066 0.85075908 -104.35218 -0.028538614 0.99522084 -0.093386397 -16.539011 -0.85553274 0.023997702 0.51719233 225.95917
0.49608729 0.093549281 0.86321832 -103.11517 -0.029007113 0.99540959 -0.091204957 -16.704891 -0.86778802 0.020206149 0.49652363 226.71703
0.47462094 0.091792034 0.87539084 -101.85858 -0.029048168 0.99563903 -0.088651673 -16.862945 -0.87971088 0.016647442 0.47521753 227.41573
0.45291446 0.090052154 0.88699438 -100.59591 -0.028724484 0.99584324 -0.086435828 -17.022693 -0.89109117 0.013669581 0.4536185 228.09448
0.43175666 0.089121521 0.89757644 -99.338915 -0.027882021 0.99594992 -0.085477201 -17.180965 -0.90155912 0.011879107 0.4324929 228.72866
