1.000000000000000000e+00 4.398956837314658088e-19 2.733407509747682871e-20 -8.673617379884035472e-19 -5.583667658079949532e-19 1.000000000000000000e+00 -6.100159232558060012e-19 0.000000000000000000e+00 4.145284534913582806e-20 -2.210423569125054137e-19 1.000000000000000222e+00 0.000000000000000000e+00
9.998860326265075482e-01 4.201866688704462447e-04 1.509122983895661713e-02 -6.165521678239709036e-02 -4.156463227781659418e-04 9.999998674128518505e-01 -3.039954717873482215e-04 -9.139192264616985417e-03 -1.509135583452276760e-02 2.976882284491007822e-04 9.998860746822580969e-01 4.726653839360078768e-02
9.992774775777211183e-01 3.949727703418889208e-03 3.780109096068208496e-02 4.072846320710071799e-02 -3.932961963951605612e-03 9.999921317791203856e-01 -5.178779328400466651e-04 9.006420863255093501e-03 -3.780283966546974656e-02 3.688335371448499180e-04 9.992851491174546963e-01 2.980838124345478457e-01
9.979562024079926541e-01 5.150814915164614316e-03 6.369369819964618151e-02 1.970583289578944561e-02 -5.207440299885764470e-03 9.999861797932693142e-01 7.230474954679840145e-04 1.980226926954556377e-03 -6.368909475808090526e-02 -1.053250817748507297e-03 9.979692329188792899e-01 4.226815235389129177e-01
9.953012821913244101e-01 4.678772331367636768e-03 9.671332236102778146e-02 7.367900041275576850e-02 -4.940655826178363096e-03 9.999847480196252247e-01 2.468533346397475126e-03 5.310877436181554723e-03 -9.670029925796902459e-02 -2.934761584688711216e-03 9.953092179442434295e-01 5.891467498908418143e-01
9.909279032130635656e-01 1.705826765735441982e-03 1.343837068245976041e-01 1.758752889832826960e-01 -2.351775487579030495e-03 9.999864318129302321e-01 4.648155043081061456e-03 3.726365480773430328e-03 -1.343739568564137621e-01 -4.922026759442606376e-03 9.909184696517735480e-01 7.951198749715426839e-01
9.847351610535605149e-01 -1.642881383757212104e-03 1.740516108651683491e-01 2.153851751374546708e-01 6.928682790728971910e-04 9.999845310096789897e-01 5.518846997895707034e-03 -1.071954676616256041e-02 -1.740579882822962110e-01 -5.314007732248080679e-03 9.847210662519985114e-01 9.661947961487487024e-01
9.760562417627400844e-01 -1.861169722438099335e-03 2.175103410084945621e-01 3.127442846346322192e-01 4.710835358602690425e-04 9.999791354297221657e-01 6.442575798925522824e-03 -7.113380579059108699e-03 -2.175177972362521694e-01 -6.185850632813538232e-03 9.760367532309776051e-01 1.201827143431946299e+00
9.642604620982682118e-01 -1.943198015290160995e-03 2.649490221954948765e-01 4.168956358614760993e-01 -6.455734583383406769e-04 9.999529063867785839e-01 9.683400323975372564e-03 8.483271913979989476e-03 -2.649553661319931086e-01 -9.508363964738864027e-03 9.642137967419074362e-01 1.400310852808668072e+00
9.498083558869765408e-01 -5.689468143920271143e-03 3.127806192411405339e-01 5.478932561046891969e-01 5.482705873453859848e-04 9.998633427539704854e-01 1.652256666606769647e-02 1.994119766897482077e-02 -3.128318855221325356e-01 -1.552178331024749690e-02 9.496816766249460695e-01 1.650195016246996271e+00
9.329306318671002352e-01 -1.539464005000530482e-02 3.597268956281590713e-01 6.729137090035821611e-01 7.018175277154246362e-03 9.996732274716104705e-01 2.458014379960475268e-02 -8.393565683655207499e-04 -3.599877554407920344e-01 -2.040694251755308455e-02 9.327338175473008919e-01 1.845794342853550374e+00
9.118649831790875959e-01 -2.106381574241538226e-02 4.099494673334241890e-01 8.307786440246105464e-01 9.840090706868014764e-03 9.995172579018298809e-01 2.946903018597844814e-02 -7.026929978584589565e-03 -4.103723047729233020e-01 -2.283783657721647278e-02 9.116320568509154176e-01 2.078218011036080171e+00
8.869204584764480703e-01 -2.300486460151543802e-02 4.613489714581960888e-01 1.039139166707114148e+00 8.516748980391557200e-03 9.994037158333076709e-01 3.346158593512083695e-02 -3.346608995818275978e-03 -4.618436635972817395e-01 -2.574857153796612438e-02 8.865875278650956481e-01 2.322697010684173335e+00
8.583177040513905176e-01 -2.500399399278985246e-02 5.125090392406763673e-01 1.207876874033317449e+00 6.630147592229963284e-03 9.992690671518037471e-01 3.764800849943972932e-02 2.664926883800488450e-02 -5.130757889839928643e-01 -2.891594140343581656e-02 8.578561109047712074e-01 2.543061457528398517e+00
8.263032127089479095e-01 -3.031870757152306875e-02 5.624089009398536287e-01 1.443334087160400125e+00 7.769598390317540397e-03 9.990686708592952936e-01 4.244318802122075407e-02 2.297288090944558936e-02 -5.631719454698596028e-01 -3.070125104968016508e-02 8.257692158468117327e-01 2.781513528108593647e+00
7.905834906746714852e-01 -3.606044171048167907e-02 6.112915696061878013e-01 1.649053590553969828e+00 9.861527711654433440e-03 9.988848783456836244e-01 4.617087867287865410e-02 2.263220485833679352e-02 -6.122748579915456846e-01 -3.047366534143404471e-02 7.900575040988391251e-01 2.961989614485024624e+00
7.529282220227656586e-01 -4.051367939558628978e-02 6.568544188296525643e-01 1.920222472608083875e+00 1.099053351874731965e-02 9.987381879207898328e-01 4.900245004822226247e-02 3.457667179117551726e-02 -6.580108729056834971e-01 -2.967614669205045561e-02 7.524234341338542631e-01 3.174544487732207987e+00
7.125927329476438032e-01 -4.374560790875559740e-02 7.002127612366931819e-01 2.231011241950993540e+00 1.199358851789921430e-02 9.986678786425734478e-01 5.018587399020766476e-02 4.391888577761266649e-02 -7.014754165485440618e-01 -2.736402491039858012e-02 7.121681387936291685e-01 3.424099161705585370e+00
6.712237781032319717e-01 -4.563880801602115261e-02 7.398484508182638919e-01 2.512715327731688930e+00 1.109803817635934484e-02 9.986096615923640840e-01 5.153229345838079845e-02 5.240498229912508854e-02 -7.411716963570814665e-01 -2.637883384770373790e-02 6.707970501064064450e-01 3.612373074970519404e+00
6.286664136460778929e-01 -4.610194256273335983e-02 7.763073756829048655e-01 2.860767900252618290e+00 7.048457781851589707e-03 9.985380707302269343e-01 5.359142184629316075e-02 8.257982984563649875e-02 -7.776431512982550087e-01 -2.821935667956675109e-02 6.280722943283673088e-01 3.832380229603870259e+00
5.868339563526576708e-01 -4.686471985711812560e-02 8.083499211958239394e-01 3.202861135772116619e+00 4.167762511628538349e-03 9.984852309245052515e-01 5.486231251830343131e-02 1.002255713769806267e-01 -8.096965786331041803e-01 -2.882605685141584329e-02 5.861403583183628641e-01 4.043255193643992662e+00
5.464831402975677266e-01 -4.789988564348776623e-02 8.360991370056088945e-01 3.574675063327953151e+00 1.860868521476228632e-03 9.984299604796297301e-01 5.598348989800763092e-02 1.193409035027867687e-01 -8.374680455557627079e-01 -2.903816221015479218e-02 5.457142743933172113e-01 4.236996404849039166e+00
5.081143075803523645e-01 -5.052517776687392298e-02 8.598063995416854732e-01 4.018659330946200647e+00 1.097461054390055273e-03 9.983150580885373770e-01 5.801586272619077556e-02 1.321474071261392602e-01 -8.612889523680806736e-01 -2.853508525820937225e-02 5.073136127032074061e-01 4.458092284107411984e+00
4.703930519495986839e-01 -5.039749732064457977e-02 8.810167172739902242e-01 4.417142586082488442e+00 -1.723599862723559613e-03 9.983134922196839067e-01 5.802758323059182405e-02 1.554153830292758220e-01 -8.824553359498820138e-01 -2.881429162336944863e-02 4.695128640591371694e-01 4.647808687031719010e+00
4.344861550129400785e-01 -4.976267114222391458e-02 8.993027544923456462e-01 4.860844342625457060e+00 -2.960479442868248819e-03 9.983882425758194845e-01 5.667585563281173772e-02 1.810121682224239137e-01 -9.006736541375107707e-01 -2.728724123665211831e-02 4.336385461069429126e-01 4.824454519861912871e+00
4.007688564602900905e-01 -4.834803700349793454e-02 9.149026052302534628e-01 5.377755866415412811e+00 -2.002800335192421888e-03 9.985580013526026422e-01 5.364612466314098299e-02 1.940934638087808972e-01 -9.161770175739402111e-01 -2.333206254904150040e-02 4.000941155690524442e-01 5.019183561386551418e+00
3.712507153862822928e-01 -4.682551714272603638e-02 9.273512079498088534e-01 5.876101922583963244e+00 1.898616684139715959e-04 9.987314262496127526e-01 5.035376986620451051e-02 2.209084618485231410e-01 -9.285326519247169008e-01 -1.851780384981138380e-02 3.707886455488842992e-01 5.184349955214971217e+00
3.453583404715782068e-01 -4.488182470776263394e-02 9.373970470076007366e-01 6.426226446903171130e+00 1.078667465570360643e-03 9.988740819644674751e-01 4.742789077732938868e-02 2.438311133305608169e-01 -9.384702812814833539e-01 -1.536847712662979017e-02 3.450179065409011980e-01 5.393047109460910704e+00
3.245697473968764402e-01 -4.425589322132008480e-02 9.448258463775587312e-01 7.001879088952255970e+00 2.132453756632591516e-03 9.989364955753664566e-01 4.605790285756424657e-02 2.682237387547179996e-01 -9.458593699057467052e-01 -1.293420361231671124e-02 3.243189383588398478e-01 5.558894601629006615e+00
3.101710802159657332e-01 -4.482195396246210078e-02 9.496235455475562359e-01 7.587225631029919981e+00 3.285626149676802461e-03 9.989325265340497362e-01 4.607615498426661377e-02 2.984950727715787733e-01 -9.506750873578174721e-01 -1.117138192918478573e-02 3.099872476736844629e-01 5.742349973208257019e+00
2.984203555682076736e-01 -4.648384479192475133e-02 9.533019082312379489e-01 8.202544630489297717e+00 4.303825398206624631e-03 9.988686868336977831e-01 4.735845766048737276e-02 3.152709976695200478e-01 -9.544248449426160352e-01 -1.002988191216425823e-02 2.982828057092175023e-01 5.935801449851616951e+00
2.872372035032868531e-01 -4.836808877967475190e-02 9.566374974188982527e-01 8.833716776208989430e+00 3.212785024790082867e-03 9.987672938185477856e-01 4.953353179582928312e-02 3.442086660783936769e-01 -9.578541033005331107e-01 -1.115440163424609270e-02 2.870385193604263474e-01 6.113803329359324579e+00
2.777034849004716976e-01 -4.993473824202541295e-02 9.593681675165297573e-01 9.507593341698905576e+00 1.570840549741212618e-03 9.986704333214813101e-01 5.152570262941227192e-02 3.742237019170447931e-01 -9.606655626641379397e-01 -1.280185188033575172e-02 2.774126977707345176e-01 6.279759947270556530e+00
2.666443403934696255e-01 -5.165355063125316032e-02 9.624098351431790155e-01 1.018852365183590436e+01 6.869078049299657271e-04 9.985727445410391701e-01 5.340413821789821713e-02 4.047492783627094082e-01 -9.637947604851979655e-01 -1.357882350184023805e-02 2.662992506846932894e-01 6.492251112382255940e+00
2.558689429363494305e-01 -5.372150447751495445e-02 9.652176273906695192e-01 1.088633699729681581e+01 -2.195536540545993160e-04 9.984514610001696822e-01 5.562941472889139372e-02 4.328951925799499056e-01 -9.667114628292386991e-01 -1.444575572233859455e-02 2.554609237976339098e-01 6.667900878603491677e+00
2.460501731976714179e-01 -5.528170428589981172e-02 9.676793009943225332e-01 1.161637171517477540e+01 -5.316007253442881246e-04 9.983643250035144634e-01 5.716985149393098709e-02 4.621800825138902558e-01 -9.692569557508928790e-01 -1.458106999928049374e-02 2.456183259349310199e-01 6.855069569026079002e+00
2.352799195728719761e-01 -5.651784725709364104e-02 9.702829878014337384e-01 1.240194962769046327e+01 -1.246234297163008320e-03 9.982894781763943515e-01 5.845138681769639077e-02 4.904443724756860634e-01 -9.719268609433023842e-01 -1.496163664497660549e-02 2.348070323001415216e-01 7.035566684954212668e+00
2.251988086224062657e-01 -5.938011930881803568e-02 9.725016616777454326e-01 1.317314486730950662e+01 -2.363283285341149023e-03 9.981048594148074216e-01 6.149068597114049073e-02 5.219244891697313316e-01 -9.743099754346795649e-01 -1.614592526793771216e-02 2.246316918182268141e-01 7.218404357561965412e+00
2.143561284051226090e-01 -6.309488354363564089e-02 9.747155840215282474e-01 1.393837506051707997e+01 -4.335404525107422989e-03 9.978401828960462572e-01 6.554520287633440467e-02 5.695100682611007326e-01 -9.767459604703289111e-01 -1.827580141519405399e-02 2.136196151676375277e-01 7.391755202227390242e+00
2.011615833964412459e-01 -6.650610976292886667e-02 9.772977736956898198e-01 1.472263978256562034e+01 -4.904892490184100014e-03 9.976116457794257375e-01 6.889808550032228140e-02 6.078661456338392277e-01 -9.795458010144392214e-01 -1.865318761764808708e-02 2.003549315966126065e-01 7.561041971188239508e+00
1.887550094931194911e-01 -6.922272266532186746e-02 9.795814130036289979e-01 1.551456278144834222e+01 -5.607877515669225030e-03 9.974202528107225518e-01 7.156389411369920572e-02 6.503219024199353715e-01 -9.820082051888568975e-01 -1.900141522581498890e-02 1.878798753701151902e-01 7.713120572559874155e+00
1.749018544349265902e-01 -6.988061750128778116e-02 9.821028582336892576e-01 1.631563333918157710e+01 -6.162936958288882210e-03 9.973808781139463786e-01 7.206526298366681960e-02 6.827621823014374813e-01 -9.845665932527192243e-01 -1.865698526285267111e-02 1.740130939484536565e-01 7.836141090354413308e+00
1.610074554426732807e-01 -6.929595294328927402e-02 9.845174724875341843e-01 1.712347735149761263e+01 -7.434785338891724757e-03 9.974186298258884698e-01 7.141989075017980693e-02 7.239067910804378725e-01 -9.869251949093494902e-01 -1.881881007107761086e-02 1.600766336896500275e-01 7.991924676683406226e+00
1.444150043498191871e-01 -6.810215339099592868e-02 9.871709003731443666e-01 1.791426683851811319e+01 -8.868586509039695295e-03 9.974996943561640350e-01 7.011210943147605512e-02 7.566903976001981835e-01 -9.894774741474369195e-01 -1.888005023803356747e-02 1.434499514820557486e-01 8.096990622227822954e+00
1.227906344652260062e-01 -6.688551937469204567e-02 9.901761310861567633e-01 1.871996765686622055e+01 -1.118413378664347146e-02 9.975697185708706227e-01 6.877188164180210450e-02 7.987636366373594976e-01 -9.923695846118416597e-01 -1.951880442467695403e-02 1.217441606867908505e-01 8.181407714437245460e+00
9.757382044367970964e-02 -6.551431339107746665e-02 9.930695883753050124e-01 1.954729675535546818e+01 -1.568734918708242568e-02 9.976057441697866457e-01 6.735492742605431182e-02 8.452985295937823773e-01 -9.951046547595446823e-01 -2.215070613662832935e-02 9.631245645771656372e-02 8.276479914540793459e+00
6.843329095642670945e-02 -6.493213908880868246e-02 9.955403984392835470e-01 2.036271858535607393e+01 -1.967924862020490120e-02 9.975977314935704499e-01 6.641907313248253397e-02 8.826041440564594831e-01 -9.974615928397333464e-01 -2.413676192451889857e-02 6.699107871834925065e-02 8.329427631137008348e+00
3.477514388634071751e-02 -6.473084246098834149e-02 9.972966410316261854e-01 2.122918879481749599e+01 -2.246367204607691362e-02 9.975974751180883837e-01 6.553366361263769646e-02 9.201813692324616323e-01 -9.991426775727759724e-01 -2.468188641380485854e-02 3.323750192927134306e-02 8.324837462996839577e+00
3.769446336987133917e-04 -6.385817081070727097e-02 9.979589042991729997e-01 2.205909671020146590e+01 -2.467616757635904268e-02 9.976545082849946899e-01 6.384801367144141149e-02 9.592333280561678999e-01 -9.996954346107135292e-01 -2.464986747459740890e-02 -1.199715804195774496e-03 8.317771094688209743e+00
-3.344046831295995059e-02 -6.330026899507297522e-02 9.974341049552936100e-01 2.290378223743750397e+01 -2.581572136261547565e-02 9.977140026336114298e-01 6.245252181617687304e-02 9.868710112186745986e-01 -9.991072519299762922e-01 -2.366103849418850838e-02 -3.499816698982469859e-02 8.284569718542419636e+00
-6.638009166743785716e-02 -6.139479846166816940e-02 9.959037829331652825e-01 2.374501818012734589e+01 -2.765510449732320325e-02 9.978349665201029506e-01 5.967055215744292151e-02 1.018223245922732279e+00 -9.974110966764300201e-01 -2.358088560288226082e-02 -6.793425750446825673e-02 8.228025738537173339e+00
-9.826039309553422085e-02 -5.838873287794042743e-02 9.934463416660841428e-01 2.457309492543301133e+01 -2.982880357983815761e-02 9.980015376063765542e-01 5.570613459994221833e-02 1.057921568986867289e+00 -9.947136043302488018e-01 -2.415960825424172398e-02 -9.980569082701785943e-02 8.146720611159553371e+00
-1.308533006261808629e-01 -5.408091974910932132e-02 9.899255783436624601e-01 2.540457491286847258e+01 -2.707835038596705449e-02 9.983334859909581693e-01 5.096090373006907648e-02 1.081037205677726876e+00 -9.910318831891340441e-01 -2.013714832167573868e-02 -1.320996552451610406e-01 8.021641305468563132e+00
-1.622363069847458650e-01 -4.833513418163454950e-02 9.855673890875594756e-01 2.623812286067008159e+01 -2.263342443079685920e-02 9.987190634607945317e-01 4.525439641348040498e-02 1.104616195317585481e+00 -9.864923342001679085e-01 -1.496485794204468166e-02 -1.631224835563341025e-01 7.870618312056787858e+00
-1.935755873457587206e-01 -4.218937240312196912e-02 9.801778062766871580e-01 2.709266454352302489e+01 -1.604054146283853677e-02 9.990775108576609442e-01 3.983501394412655716e-02 1.120564390960216761e+00 -9.809542341105685903e-01 -8.011495532233577077e-03 -1.940737577175012107e-01 7.692463834439247528e+00
-2.227614152317647644e-01 -3.674020313695373907e-02 9.741804209702348283e-01 2.788352104760290473e+01 -1.095554178527703357e-02 9.993208288377717352e-01 3.518319424239158694e-02 1.124444601539354993e+00 -9.748114403024569219e-01 -2.835215136253529597e-03 -2.230126322976258846e-01 7.481767817096475426e+00
-2.497422474640058898e-01 -3.022888131526823771e-02 9.678403835303870384e-01 2.870467892798178511e+01 -2.019575899175305410e-03 9.995266828999892494e-01 3.069741801350751517e-02 1.150462914139078974e+00 -9.683102535042606984e-01 5.711816154278628703e-03 -2.496850910646812305e-01 7.258218875328372732e+00
-2.768304706592690234e-01 -2.027894780260180302e-02 9.607047613219275028e-01 2.952499121590246745e+01 3.736685663982887342e-03 9.997470146468524499e-01 2.217980768817496423e-02 1.142108667396868338e+00 -9.609115168975994603e-01 9.729899437432147982e-03 -2.766846618992983009e-01 7.015119834321002834e+00
-3.015907044910750012e-01 -5.546381365946497465e-03 9.534213488656663182e-01 3.027835777329115885e+01 7.664689019605827949e-03 9.999366630270147827e-01 8.241508396896610883e-03 1.130217969897911345e+00 -9.534066891084140849e-01 9.793241580156366796e-03 -3.015290926994535492e-01 6.737636372999309842e+00
-3.262873217954835869e-01 1.190211132264333733e-02 9.451956979817018878e-01 3.109234635488084564e+01 8.779807530865345322e-03 9.999157541332768240e-01 -9.560313867014953726e-03 1.107119602884777843e+00 -9.452298734413215886e-01 5.179228153435248144e-03 -3.263643330127878883e-01 6.446292399203528589e+00
-3.524461300691667520e-01 2.664772050514918958e-02 9.354526224148040914e-01 3.187140774016444311e+01 7.628626365336890411e-03 9.996431051951290003e-01 -2.560207571793207335e-02 1.080209437879300793e+00 -9.358010173925623842e-01 -1.887132997598238524e-03 -3.525236306959585453e-01 6.174798649855762989e+00
-3.769126146629298568e-01 3.743597155446110047e-02 9.254919846376128412e-01 3.263312387011828264e+01 1.182484594244961190e-02 9.992959599516694214e-01 -3.560558126505950632e-02 1.048628398502154058e+00 -9.261733467766372074e-01 -2.476391639198058728e-03 -3.770899289874491411e-01 5.859593586011262012e+00
-4.005878089798868280e-01 4.192368518379012421e-02 9.152987473525727724e-01 3.341627419601697824e+01 1.554629932298908987e-02 9.991198669703267310e-01 -3.895900369834860710e-02 9.957929725503298357e-01 -9.161264835590827715e-01 -1.376992682420727192e-03 -4.008869978663914257e-01 5.520513402573326900e+00
-4.229266568094179890e-01 4.159382232276751662e-02 9.052088058507049562e-01 3.414407593510669869e+01 1.782273912695813908e-02 9.991345740548217558e-01 -3.758261382488468916e-02 9.548793820044043645e-01 -9.059886349118980720e-01 2.386121438846675253e-04 -4.233019622279640681e-01 5.137676406429113385e+00
-4.430109399439233764e-01 3.774152100132271981e-02 8.957214244649240875e-01 3.486358592974903559e+01 2.158137795512576201e-02 9.992729083444307214e-01 -3.143085641332482583e-02 9.075995814874530110e-01 -8.962564167405727700e-01 5.406690365210452612e-03 -4.435033456776013017e-01 4.748877384426107184e+00
-4.609663378058563854e-01 3.671736936463422529e-02 8.866576881886436556e-01 3.560116422118323243e+01 2.902722044926254324e-02 9.992328813878033067e-01 -2.628819464502933634e-02 8.767394061743926104e-01 -8.869427652934809281e-01 1.361923643876646224e-02 -4.616785263729193955e-01 4.353504052642493960e+00
-4.757497893973844927e-01 3.735611482999167537e-02 8.787870303031074526e-01 3.628506166093370666e+01 3.269632302968005638e-02 9.991582924549853306e-01 -2.477210175661469227e-02 8.288028242206758600e-01 -8.789727533391938907e-01 1.694778352149967429e-02 -4.765707560463185444e-01 3.996543240955833465e+00
-4.860235016658405183e-01 4.066579246447891982e-02 8.729991038800506420e-01 3.701091679280139601e+01 3.526705403641468284e-02 9.990157826556491649e-01 -2.690168855468181436e-02 7.791250708983273876e-01 -8.732338766374351247e-01 1.771325479674672881e-02 -4.869793128368221646e-01 3.559592919882057060e+00
-4.964508467072789588e-01 4.336976524851799547e-02 8.669807418064642279e-01 3.770126205654907636e+01 3.711684825327355580e-02 9.988982892436254479e-01 -2.871493098454294679e-02 7.410359095927854245e-01 -8.672709546437188388e-01 1.792404192587892034e-02 -4.975136516875648951e-01 3.169602428725679655e+00
-5.065834564921462002e-01 4.247810377006239896e-02 8.611438897613011845e-01 3.838155224492233941e+01 3.072702440533020204e-02 9.990406049711014758e-01 -3.120447944285559619e-02 6.872298382643454717e-01 -8.616432346366378336e-01 1.065271728679760901e-02 -5.074026697875527736e-01 2.773125970248944139e+00
-5.184221252457518192e-01 4.124341543814739192e-02 8.541296549724234355e-01 3.908059361849014124e+01 2.919225059394568028e-02 9.991076062114043754e-01 -3.052545929764145793e-02 6.659973014330305974e-01 -8.546264239765819504e-01 9.108894449720697506e-03 -5.191634778840990005e-01 2.363492517552895134e+00
-5.271509816340419485e-01 4.283100978636771028e-02 8.486915423652876544e-01 3.975985166000004511e+01 3.167792259664915788e-02 9.990252538139771099e-01 -3.074168843572482393e-02 6.274044112178400745e-01 -8.491809957901311767e-01 1.067927476592980297e-02 -5.279939418344974378e-01 1.935864206757853756e+00
-5.343934513230605976e-01 4.570417089188816284e-02 8.439992624397444354e-01 4.043829817364222379e+01 3.512583005766823502e-02 9.988752301336205619e-01 -3.185044158506650236e-02 5.823754184599508887e-01 -8.445056701585241798e-01 1.262550828318755036e-02 -5.353977798021538614e-01 1.484376177833559796e+00
-5.378714951573367875e-01 4.901201106236384442e-02 8.416008938860037869e-01 4.113366740407718680e+01 3.612375062796632091e-02 9.987315735854548349e-01 -3.507589631377364126e-02 5.437242449498920216e-01 -8.422525398910122307e-01 1.153545703741140280e-02 -5.389597435978555895e-01 1.053151132775305365e+00
-5.375896654760947690e-01 5.021795878819396847e-02 8.417098640899947082e-01 4.183169181294501016e+01 3.504325562786630294e-02 9.986931302544836964e-01 -3.720217407603067239e-02 4.924439329442944491e-01 -8.424780907719701117e-01 9.496750608546298406e-03 -5.386469077611654166e-01 6.044498342803327207e-01
-5.339401097708367239e-01 5.140587927334397400e-02 8.439581635416625316e-01 4.256463171898746367e+01 3.787315236736114171e-02 9.986023423882587347e-01 -3.686442785945497763e-02 4.578797671280979142e-01 -8.446736619520918143e-01 1.227996048123458812e-02 -5.351407482013361694e-01 1.437985630682591665e-01
-5.285371926092612416e-01 5.007671537406077622e-02 8.474318530490908552e-01 4.331713943745282336e+01 3.605915087619110393e-02 9.986819770018651177e-01 -3.652459975447405749e-02 4.094326579299191193e-01 -8.481439650564109867e-01 1.125306464477663672e-02 -5.296462934646585241e-01 -3.059441540160957596e-01
-5.215060326563515369e-01 4.885149179117148632e-02 8.518479773313322179e-01 4.405789992647834197e+01 3.405269957148856358e-02 9.987558944956077545e-01 -3.642906535138005358e-02 3.708077166666826630e-01 -8.525678175293295302e-01 1.000974691444725048e-02 -5.225207505057687385e-01 -7.564538737301691462e-01
-5.141574812995314270e-01 4.819794030728494910e-02 8.563404870006443570e-01 4.484777822694458393e+01 3.201896282637136520e-02 9.988024855573938154e-01 -3.699163157499492371e-02 3.214836543246611389e-01 -8.570979421958229150e-01 8.399611095885705161e-03 -5.150850195567678869e-01 -1.234504364639059659e+00
-5.078341173822710219e-01 4.660250507308988377e-02 8.601934098421604169e-01 4.564452669630107806e+01 2.915471949299440133e-02 9.988934107385765149e-01 -3.690469158633040425e-02 2.761468602479288936e-01 -8.609613950397808635e-01 6.337237075387099246e-03 -5.086308377775198286e-01 -1.698043754045402531e+00
-5.033661332081256212e-01 4.448256069515761635e-02 8.629274733411610443e-01 4.646802032198844046e+01 2.523341369928893546e-02 9.990048358695957642e-01 -3.677788322843988933e-02 2.308482168436750692e-01 -8.637047082512708807e-01 3.261866015030477281e-03 -5.039876493608819175e-01 -2.154759258460952065e+00
-5.023404903142568712e-01 4.189954788211735365e-02 8.636541241554758219e-01 4.731342780024697703e+01 2.081099137768232729e-02 9.991217847909260596e-01 -3.636704213353308263e-02 1.922839116537102822e-01 -8.644194275566542407e-01 -2.951383198604608368e-04 -5.027712996023884218e-01 -2.612232919199004133e+00
-5.024618374075899840e-01 3.935694767153894574e-02 8.637031429315055187e-01 4.813962892842396002e+01 1.766578914507168502e-02 9.992221960506775247e-01 -3.525510996336170266e-02 1.410203234371571468e-01 -8.644188996972932415e-01 -2.456348815623556232e-03 -5.027662933618749497e-01 -3.097231901372787810e+00
-5.033164916573926728e-01 3.786590418222788440e-02 8.632720712666376306e-01 4.897930036248759222e+01 1.611824555635841399e-02 9.992769880830720819e-01 -3.443404152402679275e-02 9.881651666601246053e-02 -8.639518063430816630e-01 -3.416788847349023009e-03 -5.035629209937879658e-01 -3.592390226226357619e+00
-5.039900433968046434e-01 3.739045610046323742e-02 8.628997487905999408e-01 4.986108064041550847e+01 1.617717336366720701e-02 9.992959183021241643e-01 -3.385212984001253339e-02 4.636808625053339544e-02 -8.635579583930985681e-01 -3.101856653067327271e-03 -5.042400663372820224e-01 -4.092973300578738538e+00
-5.040087223345883771e-01 3.663226786194247186e-02 8.629213586848715201e-01 5.072307943355921367e+01 1.587321300617784703e-02 9.993242759668797826e-01 -3.315165970139480334e-02 -1.632793496302138714e-03 -8.635526974104167364e-01 -3.011390211598321837e-03 -5.042496245340851724e-01 -4.587074299511539444e+00
-5.039244172198709126e-01 3.626813849381028271e-02 8.629859734494333967e-01 5.161126554147863033e+01 1.627894497744050012e-02 9.993393891309096944e-01 -3.249278766615047026e-02 -4.690261412735548252e-02 -8.635943434080026737e-01 -2.325407000046913249e-03 -5.041819275191160576e-01 -5.106550195221141841e+00
-5.046465213949347106e-01 3.561937255870273322e-02 8.625909431847315068e-01 5.249360222338056303e+01 1.589516784820650327e-02 9.993624952326014554e-01 -3.196790157048399333e-02 -1.030534202960503715e-01 -8.631797288842354421e-01 -2.421461587929490001e-03 -5.048909839520148157e-01 -5.607584006431837409e+00
-5.047018532258418233e-01 3.406146317038909188e-02 8.626214943981016514e-01 5.338607762517433031e+01 1.405644292701433047e-02 9.994131083476208710e-01 -3.123868191489253751e-02 -1.504329104337386314e-01 -8.631792791985659630e-01 -3.640829951618045589e-03 -5.048844321489764919e-01 -6.135603485287410841e+00
-5.050769601457518743e-01 3.360088259867564237e-02 8.624199855897801692e-01 5.428353959210912194e+01 1.392759156474407227e-02 9.994290759216748476e-01 -3.078220863638152921e-02 -1.996216966834428730e-01 -8.629619335703961891e-01 -3.535950147403833007e-03 -5.052565801311834637e-01 -6.637816210327826205e+00
-5.040869680869775049e-01 3.271237874723104122e-02 8.630331484884736781e-01 5.515790061725056859e+01 1.244284234638514709e-02 9.994537826978151518e-01 -3.061554998536191938e-02 -2.521052303143967444e-01 -8.635632672640478624e-01 -4.694313470997351669e-03 -5.042186632497798193e-01 -7.143120855905402244e+00
-5.025210035436327161e-01 3.152040980685383992e-02 8.639902147846879599e-01 5.606740325507082190e+01 1.207526010731524262e-02 9.994935918924121587e-01 -2.944058144674522801e-02 -3.064803625668410803e-01 -8.644806772903872449e-01 -4.361603064151189924e-03 -5.026471411965899305e-01 -7.676847139932009512e+00
-5.007448109774659262e-01 2.898313191954673268e-02 8.651095877349646024e-01 5.696355170963189352e+01 1.243817485254105661e-02 9.995770112026060028e-01 -2.628859940300066686e-02 -3.660305646957317527e-01 -8.655055969980371966e-01 -2.403494503835131978e-03 -5.008935000123169168e-01 -8.191937927339244752e+00
-4.985578817314586519e-01 2.786932684196747820e-02 8.664082903544244596e-01 5.784278498333647889e+01 1.330770884381769249e-02 9.996113416072853752e-01 -2.449633832665121941e-02 -4.047960234793916978e-01 -8.667542649659837339e-01 -6.829323446531693122e-04 -4.987349911331948049e-01 -8.685862376354121395e+00
-4.959409471378673495e-01 2.735501792946034780e-02 8.679252653958265951e-01 5.872726289799682320e+01 1.301066168318822797e-02 9.996255729219887254e-01 -2.407148976606779400e-02 -4.621639132391531235e-01 -8.682587817408895514e-01 -6.457545036737483363e-04 -4.961111615233020355e-01 -9.199986821546389137e+00
-4.939734253396467767e-01 2.758063519321142174e-02 8.690394409662728359e-01 5.962400784488922767e+01 1.362721359830751724e-02 9.996195819418042250e-01 -2.397895793483356686e-02 -5.083877056841263897e-01 -8.693702126125237850e-01 -2.380957593715697058e-06 -4.941613573584740515e-01 -9.707258204251864697e+00
-4.926439047149808736e-01 2.779942471761669837e-02 8.697868482827008085e-01 6.050238445085628314e+01 1.359150146251520558e-02 9.996135134878368911e-01 -2.425066424016698516e-02 -5.517554484332509723e-01 -8.701248569770008157e-01 -1.252317612718916698e-04 -4.928313416364266675e-01 -1.019447030529623888e+01
-4.939869768349803292e-01 2.866035734812427682e-02 8.689967991713917206e-01 6.138208840321705395e+01 1.240658911140068120e-02 9.995871660414060722e-01 -2.591474501245791262e-02 -6.060480904771988753e-01 -8.693807886856104172e-01 -2.020259394861393092e-03 -4.941386207363528404e-01 -1.069139949400552325e+01
-4.963707196444708813e-01 3.074755597410603475e-02 8.675659530312574974e-01 6.228066525519194840e+01 1.168072581507285934e-02 9.995186395812873936e-01 -2.874108125125175717e-02 -6.502817127559523680e-01 -8.680320741503059212e-01 -4.132430259228804525e-03 -4.964909414190760151e-01 -1.118138233495271017e+01
-4.999084670917846585e-01 3.158268847578436095e-02 8.655021922305276005e-01 6.316261607835075154e+01 1.052724420336945479e-02 9.994826408486388036e-01 -3.039124463718647154e-02 -6.992181227580003267e-01 -8.660142689508997238e-01 -6.081486702463217466e-03 -4.999823147640105048e-01 -1.168459782192829088e+01
-5.058406642888872984e-01 3.006884647744485425e-02 8.621027046457041543e-01 6.403217075918675505e+01 1.055277044178630670e-02 9.995332159920485848e-01 -2.867035305036294557e-02 -7.396604138383396920e-01 -8.625623882634269046e-01 -5.405057607345351532e-03 -5.059218568039665076e-01 -1.218404005897622611e+01
-5.114297996890392328e-01 2.786531846041810992e-02 8.588731400170489527e-01 6.489681694153571812e+01 1.338716553948792430e-02 9.996111747705385131e-01 -2.445982519483257817e-02 -8.048986304451946072e-01 -8.592207841649536215e-01 -1.011605671875674727e-03 -5.116039817196817996e-01 -1.270413717775578455e+01
-5.163973787974719398e-01 2.567755888399190362e-02 8.559640160944265164e-01 6.574775882774716251e+01 1.069046290822186704e-02 9.996657613214218197e-01 -2.353889600488027686e-02 -8.434114337036175968e-01 -8.562823560236263454e-01 -3.004771725738411472e-03 -5.164992850151923776e-01 -1.321125096779666919e+01
-5.215175142650312345e-01 2.806155508544228017e-02 8.527789973024402226e-01 6.659434935252961907e+01 1.203586325427074416e-02 9.996015389479206981e-01 -2.553235802925631071e-02 -8.954983264990447056e-01 -8.531556905256005852e-01 -3.051639593420980845e-03 -5.216474560875108413e-01 -1.372620812667142509e+01
-5.264384412999465468e-01 3.025163942793154120e-02 8.496748747148135106e-01 6.743630087081719182e+01 1.214410782421482086e-02 9.995323869555544638e-01 -2.806293015720135939e-02 -9.428945049724347660e-01 -8.501265200188176108e-01 -4.454861031255676930e-03 -5.265596521847617506e-01 -1.425654136480141077e+01
-5.313972198434978589e-01 3.061862990255210040e-02 8.465692418352711579e-01 6.827151892000118494e+01 1.101656432656828583e-02 9.995118538659384377e-01 -2.923506918693623280e-02 -9.870224501204900580e-01 -8.470511447560308271e-01 -6.209149112061374681e-03 -5.314751336424847761e-01 -1.477835295641705571e+01
-5.351868755805829769e-01 3.092456035040665185e-02 8.441674400362881858e-01 6.908770375975770150e+01 1.003258578806382612e-02 9.994918888239918697e-01 -3.025411339372798686e-02 -1.038896442292978062e+00 -8.446741188983605264e-01 -7.722421308688964293e-03 -5.352251956407055866e-01 -1.528693524437852780e+01
-5.387170899326767515e-01 3.030901361990929674e-02 8.419413565173979874e-01 6.992446090155235083e+01 1.033970823694798855e-02 9.995152574622643282e-01 -2.936563490352614089e-02 -1.090354734783716806e+00 -8.424232897347148086e-01 -7.114340545622536115e-03 -5.387693383861723584e-01 -1.580046961053587751e+01
-5.412740090478203037e-01 2.387772959351379398e-02 8.405071613631768246e-01 7.074233785436588562e+01 1.157397915080310077e-02 9.997135897879122490e-01 -2.094710910109430849e-02 -1.135838006292684943e+00 -8.407666154908890466e-01 -1.610112450904983405e-03 -5.413953441711097936e-01 -1.634759262702656102e+01
-5.428736641678864050e-01 1.590890419907241282e-02 8.396636699795291259e-01 7.156901828636259211e+01 1.254354975042422209e-02 9.998626293801029519e-01 -1.083428391013768408e-02 -1.173910410950182337e+00 -8.397207009882321493e-01 4.650716583922218789e-03 -5.429986445882123425e-01 -1.685579088226465316e+01
-5.449549667367350470e-01 1.330680675556501942e-02 8.383597081928830796e-01 7.237142239026590573e+01 1.315885664534141575e-02 9.998866462624733664e-01 -7.317041461047194169e-03 -1.200760978400049916e+00 -8.383620579646903215e-01 7.044398124955895783e-03 -5.450682975957903409e-01 -1.738433152609276888e+01
-5.458771183641354385e-01 1.782132353626043886e-02 8.376756886135245939e-01 7.316468356688170616e+01 1.268897358116336145e-02 9.998349506678265719e-01 -1.300235945138141988e-02 -1.234737496616338692e+00 -8.377691645629862238e-01 3.531555130866808733e-03 -5.460131571919804028e-01 -1.790129963072541841e+01
-5.476364781922664626e-01 2.321720376731374255e-02 8.363941872475573192e-01 7.396127248437933588e+01 1.323872866163202690e-02 9.997302507718116571e-01 -1.908302209817780079e-02 -1.281577840703474136e+00 -8.366116394587874705e-01 6.222376103252561397e-04 -5.477961211126716190e-01 -1.842821999369432007e+01
-5.479974569610994717e-01 2.834328980625960837e-02 8.359996605021440264e-01 7.477190851316103704e+01 1.962702953505869249e-02 9.995863013948544928e-01 -2.102393260050396465e-02 -1.311643992190131724e+00 -8.362497105055340940e-01 4.887129389180827795e-03 -5.483270469405693293e-01 -1.895441054964562255e+01
-5.475199371465009346e-01 2.859280828779148936e-02 8.363039860035731410e-01 7.557565114653414184e+01 2.216864569861537806e-02 9.995609039558694953e-01 -1.966088486749854869e-02 -1.366782985919171800e+00 -8.364989426324561661e-01 7.775001303310390827e-03 -5.479133883219169388e-01 -1.947679528581680941e+01
-5.469867376466792663e-01 2.615965227267554039e-02 8.367324355387886214e-01 7.636643875035856865e+01 2.197904176208498664e-02 9.996158529981955532e-01 -1.688396048293677384e-02 -1.399889521411105786e+00 -8.368527003140284748e-01 9.155275684104006995e-03 -5.473515795990091526e-01 -2.001096700781308257e+01
-5.470075391405812004e-01 2.128424559433400587e-02 8.368570488787049344e-01 7.716221753841590214e+01 2.031941634777005221e-02 9.997197741028298612e-01 -1.214473357838552828e-02 -1.429984182542506810e+00 -8.368810458517060846e-01 1.036118698886162245e-02 -5.472867380876228482e-01 -2.051248997607648761e+01
-5.458415931189860570e-01 1.490772138058033859e-02 8.377557533558495084e-01 7.794610745658599171e+01 1.839778760081822034e-02 9.998138978540386246e-01 -5.804398227416861927e-03 -1.451783281219254818e+00 -8.376863900778958039e-01 1.224457147582194184e-02 -5.460142810970282090e-01 -2.101603258499484994e+01
-5.457950954297855484e-01 8.302140171382090331e-03 8.378775420559926301e-01 7.876629039611846395e+01 9.958633169269251115e-03 9.999445599475489388e-01 -3.420912107228361951e-03 -1.479296860894208310e+00 -8.378595054853872348e-01 6.476999023637050427e-03 -5.458475156672079054e-01 -2.154708495469773055e+01
-5.440670295298128956e-01 3.458498456718787310e-03 8.390346198694192958e-01 7.955510085800194986e+01 1.722575230686356363e-03 9.999940014037808078e-01 -3.004977272581776850e-03 -1.501373598300482115e+00 -8.390399940763293429e-01 -1.896078700283435341e-04 -5.440697245937133886e-01 -2.202826054561492342e+01
-5.421573437391175032e-01 3.962813274984680785e-03 8.402676346729747170e-01 8.033665733979839274e+01 4.597620101924650322e-03 9.999879003210884187e-01 -1.749597900120416875e-03 -1.527708137808705624e+00 -8.402644155855054642e-01 2.914674981731521942e-03 -5.421690044997821145e-01 -2.252775738000853067e+01
-5.390198073002497869e-01 6.800942571788124585e-03 8.422656241367080243e-01 8.116296697426936646e+01 9.524326940895522578e-03 9.999526843089292516e-01 -1.978970226402004384e-03 -1.552584036529469635e+00 -8.422392452082571035e-01 6.955310025610365529e-03 -5.390590787898352776e-01 -2.305563122565400391e+01
-5.336487809617418421e-01 1.012593993958688099e-02 8.456455705021147518e-01 8.194951865965541060e+01 1.038630613851692676e-02 9.999313768531842284e-01 -5.419060042265321300e-03 -1.582319555700067326e+00 -8.456424273651235168e-01 5.891259985215923853e-03 -5.337173326039722498e-01 -2.352793390376707805e+01
-5.262196372685514767e-01 1.186098658645594675e-02 8.502659567525110429e-01 8.272353741290480400e+01 1.554495139431350328e-02 9.998698058572462743e-01 -4.327331162095283609e-03 -1.605005433545334981e+00 -8.502065982518480780e-01 1.094021737493724653e-02 -5.263355062095386172e-01 -2.400665754018626785e+01
-5.175085106422325776e-01 1.325837153379287245e-02 8.555753290678516088e-01 8.353861770839938572e+01 2.085505251269396954e-02 9.997783659633243669e-01 -2.878489498565369245e-03 -1.646396499308880657e+00 -8.554238833618579285e-01 1.635342669508835917e-02 -5.176703183799699071e-01 -2.452352880199234164e+01
-5.084466677289887215e-01 1.394947028067968810e-02 8.609804788223242022e-01 8.429731687559772979e+01 2.121953134943959512e-02 9.997681153167436996e-01 -3.667021987393767352e-03 -1.659138948603527952e+00 -8.608319985692358678e-01 1.640511824780213276e-02 -5.086247691674944393e-01 -2.496164738664736760e+01
-4.967306899599808201e-01 1.179275219999905040e-02 8.678246015235064892e-01 8.514969615910167988e+01 1.801059504301872477e-02 9.998324239310788508e-01 -3.277574121307977664e-03 -1.678630469653174195e+00 -8.677178415433088876e-01 1.400196689245988141e-02 -4.968598454883842996e-01 -2.542824613873298034e+01
-4.851256727184593553e-01 8.589855872854282315e-03 8.744022428017673709e-01 8.595337086642938118e+01 1.865155570306467267e-02 9.998259061943983728e-01 5.260614262417314486e-04 -1.705778320990762431e+00 -8.742455111467605233e-01 1.656416915313154575e-02 -4.852014307486884892e-01 -2.588042811703285651e+01
-4.742345954312131573e-01 7.561617672032007811e-03 8.803660354835530777e-01 8.675324031273751757e+01 1.879871225403995094e-02 9.998221043795749718e-01 1.538824023054957517e-03 -1.727932107821192442e+00 -8.801978014771405512e-01 1.727951249028710293e-02 -4.742923810862527678e-01 -2.630742765019830642e+01
-4.628065307756061841e-01 6.054173327482461654e-03 8.864386317612842348e-01 8.755967048026667499e+01 1.780759531812578511e-02 9.998383846636835770e-01 2.468617268295965513e-03 -1.738046183905925135e+00 -8.862804396065464552e-01 1.692783374775031977e-02 -4.628395456573163314e-01 -2.671182245945650990e+01
-4.500290823703931853e-01 8.609371701992876366e-03 8.929723900398425229e-01 8.843300371530186510e+01 2.211837228517410728e-02 9.997542214585667386e-01 1.508060341428152113e-03 -1.755710372707989020e+00 -8.927399486105951354e-01 2.042976793515397307e-02 -4.501089014231936525e-01 -2.714080347564845042e+01
