1.000000000000000000e+00 -3.306050084167601550e-19 -2.270457535318767223e-19 -8.673617379884035472e-19 7.546676715296109287e-19 1.000000000000000000e+00 6.237773588823049983e-19 1.387778780781445676e-17 -3.447385680526250622e-20 4.770700176052009879e-20 1.000000000000000222e+00 5.551115123125782702e-17
9.998372816924695483e-01 1.375113770500430242e-03 1.798411412501667306e-02 -2.290561736386093061e-02 -1.351670622356513458e-03 9.999981999520646259e-01 -1.315114910734258664e-03 -4.321120035602490916e-03 -1.798589254943539634e-02 1.290594641798660167e-03 9.998373484602940398e-01 1.625987415763038568e-01
9.992496009159694825e-01 4.524496288489189381e-03 3.847694412078103698e-02 5.058778390801016434e-02 -4.493914887007810846e-03 9.999895161072815952e-01 -8.814515665703055378e-04 3.565109724535428515e-03 -3.848053427769456553e-02 7.079206225767600141e-04 9.992594419748571655e-01 2.577776805555705431e-01
9.978994944267309819e-01 5.874881213741259267e-03 6.451812300014693469e-02 4.151711279474349509e-02 -6.007458174799543138e-03 9.999802354066856802e-01 1.860771154005287252e-03 -8.071900161251352457e-03 -6.450591614030815046e-02 -2.244456533725900423e-03 9.979150432683903116e-01 4.249676753932390416e-01
9.951244542558395079e-01 6.024923500802505105e-03 9.846269069194869827e-02 1.124656085363465730e-01 -6.358232237604570687e-03 9.999750383411976085e-01 3.071568736052941034e-03 5.391181902777930635e-03 -9.844173193114176545e-02 -3.682575257544923319e-03 9.951379222398465396e-01 5.945037680349558595e-01
9.906767323854799301e-01 1.071069628212841353e-03 1.362477212865927656e-01 1.841125399398956808e-01 -1.959488427683011517e-03 9.999776549101248024e-01 6.388986169863496677e-03 -1.014180395517778888e-02 -1.362378385472728937e-01 -6.596387745842854054e-03 9.906566955443614209e-01 8.101490619766025247e-01
9.845408748774153729e-01 -1.480636595441545264e-03 1.751138493373423921e-01 2.548320505331831964e-01 4.108817069816740348e-04 9.999810328854948915e-01 6.144648639426921952e-03 -3.794630419936328991e-03 -1.751196406084974122e-01 -5.977652571250555505e-03 9.845228372055043753e-01 9.886551251638362459e-01
9.757772705790739298e-01 -1.937674881686302216e-03 2.187610176065202805e-01 3.425116960794680199e-01 1.686068047339726200e-04 9.999671333740520751e-01 8.103674223234852425e-03 -8.078581333852447033e-03 -2.187695486222375751e-01 -7.870471814964929286e-03 9.757455214313958125e-01 1.203624392026094059e+00
9.640136411769348879e-01 -2.337839853478017836e-03 2.657951983202369584e-01 4.453405353276779222e-01 -3.509026285716977797e-04 9.999492636889961705e-01 1.006715471995321513e-02 1.931104528356264449e-05 -2.658052762327873242e-01 -9.797993956807901639e-03 9.639638739274040136e-01 1.410963773785341546e+00
9.497036843891411007e-01 -5.918772320080638305e-03 3.130584283631748233e-01 5.632482227799646690e-01 5.106063224839597122e-04 9.998493165878394873e-01 1.735650228647881918e-02 6.500687764764423449e-04 -3.131139702827828719e-01 -1.632383762371564587e-02 9.495636343455903239e-01 1.649773833169231763e+00
9.324247451354534810e-01 -1.595695479917887821e-02 3.609390318497909256e-01 7.053572995770488463e-01 7.087052850169034933e-03 9.996399229745044357e-01 2.588084104355362763e-02 -1.053070901685246308e-02 -3.612220137706628198e-01 -2.157406946009112619e-02 9.322020850867587249e-01 1.862869887746694042e+00
9.112382916343571004e-01 -2.155989754055663218e-02 4.112577212521013048e-01 8.604525370151625552e-01 9.650787920532987590e-03 9.994725243358669742e-01 3.100564369417733307e-02 -1.314377989784572265e-02 -4.117093802728594709e-01 -2.428311467512484639e-02 9.109657363254609619e-01 2.104961866608517251e+00
8.864729382776865840e-01 -2.324549908471366944e-02 4.622505728173336714e-01 1.044705048980389739e+00 7.923137522254158557e-03 9.993535612194286433e-01 3.506570514556477114e-02 -6.050701720072049206e-03 -4.627671538510783056e-01 -2.742035388638574406e-02 8.860842275269634749e-01 2.337375683792703107e+00
8.577517429875683996e-01 -2.538690283576927956e-02 5.134620750982813453e-01 1.235567559609697774e+00 5.932305842764879281e-03 9.992021520399635426e-01 3.949416929540642412e-02 1.398493554132765326e-02 -5.140551550675684922e-01 -3.083061092434876208e-02 8.572179914165601877e-01 2.559499428317831171e+00
8.263255272228821058e-01 -3.085709534962217254e-02 5.624973111793136749e-01 1.462461135815417146e+00 7.387250091622865264e-03 9.990060270100549200e-01 4.395667503010106808e-02 2.037154818325714878e-02 -5.632946337531190562e-01 -3.217137352315491833e-02 8.257318879972879166e-01 2.772833108340928110e+00
7.901912680952607460e-01 -3.664844006764796797e-02 6.118617019483431063e-01 1.700749325992774841e+00 9.417755172694204299e-03 9.988185765236343716e-01 4.767050135637784097e-02 2.587090806468897441e-02 -6.128863031929272509e-01 -3.190479446114320716e-02 7.896030790032366742e-01 2.994148918346430044e+00
7.527422308093282277e-01 -4.098675412427834480e-02 6.571183029213942817e-01 1.964927344143173160e+00 1.031335728039396889e-02 9.986720468879658474e-01 5.047660747807478782e-02 3.937035774828677448e-02 -6.583142280861157269e-01 -3.122663070951099684e-02 7.521647428028892524e-01 3.218355664443712350e+00
7.126574437510594384e-01 -4.318766744130450586e-02 7.000703819541882478e-01 2.247402967397783780e+00 1.089481933537601692e-02 9.986641227855880265e-01 5.050436371404687375e-02 4.836750103835277953e-02 -7.013165270185395261e-01 -2.836224990400774276e-02 7.121760507080733271e-01 3.425048460734399391e+00
6.699785624295826469e-01 -4.569775781098365380e-02 7.409444030491267874e-01 2.546495694218172012e+00 9.984761986398279013e-03 9.985678401677284821e-01 5.256171433323857112e-02 6.327301875911300888e-02 -7.422854271191914322e-01 -2.781279463436472227e-02 6.694756506444186073e-01 3.647587729645608068e+00
6.284290924559799985e-01 -4.629780438381676799e-02 7.764454278105720197e-01 2.897306978675631584e+00 6.070198336024244627e-03 9.984883962244924804e-01 5.463065129164112327e-02 9.237075605352983165e-02 -7.778012410660024578e-01 -2.961334199172432208e-02 6.277606414693689407e-01 3.854387319538494339e+00
5.864255892423957395e-01 -4.688954527587070598e-02 8.086095114961300290e-01 3.238109592195945741e+00 3.166301910041816915e-03 9.984486270806377517e-01 5.558990600074518312e-02 1.093061239923644873e-01 -8.099609338833524408e-01 -3.004963096685880214e-02 5.856634938667860668e-01 4.065721211036835925e+00
5.463546081751070593e-01 -4.911075334818154614e-02 8.360637104135164588e-01 3.622050246968600895e+00 1.810497196091435728e-03 9.983462684473818349e-01 5.745543928578504544e-02 1.303008432492855639e-01 -8.375030366478142252e-01 -2.987334023604454672e-02 5.455401383349390843e-01 4.283382269609255388e+00
5.076297292572145015e-01 -5.067000478359777460e-02 8.600132288471491471e-01 4.042839031605387490e+00 1.157332339640375270e-04 9.982729155459029169e-01 5.875120549310385021e-02 1.471260874568493526e-01 -8.615050282519070013e-01 -2.971995714805551400e-02 5.067592890958086960e-01 4.484583549772825251e+00
4.701411683215973580e-01 -5.029486914221587696e-02 8.811444763430811289e-01 4.470090566513921893e+00 -3.226591455428310089e-03 9.982702227249725668e-01 5.871222726754951604e-02 1.692103246148914109e-01 -8.825731349494458922e-01 -3.044616076538796470e-02 4.691659161777039788e-01 4.681786782820823056e+00
4.333263470334740575e-01 -5.139359534162028093e-02 8.996191148316898811e-01 4.928260343798674725e+00 -3.287211728282115122e-03 9.982759542884332982e-01 5.860515251998213437e-02 1.965489983655432094e-01 -9.010797526724722006e-01 -2.835526423664146145e-02 4.324102976694869094e-01 4.875797895806773141e+00
3.993615250370436409e-01 -4.931700139556639134e-02 9.154655179424657785e-01 5.432252239465833021e+00 -2.683186205553916067e-03 9.984849560455949513e-01 5.495730092790887533e-02 2.139745372018082570e-01 -9.167889934111166372e-01 -2.440481751955925552e-02 3.986240119955932748e-01 5.063533718681881624e+00
3.704149570422029525e-01 -4.787291328542733759e-02 9.275774214989078725e-01 5.947384143661488487e+00 -5.057532019843009831e-04 9.986608455833579923e-01 5.172835209093490372e-02 2.383723735524919118e-01 -9.288112025135528693e-01 -1.963838725525762774e-02 3.698941790448188605e-01 5.239064792480994548e+00
3.441705296527294844e-01 -4.627671516622694492e-02 9.376819541237472189e-01 6.502424611554565637e+00 3.665757385777353270e-04 9.987911422090941516e-01 4.916480587526259743e-02 2.684523093376611214e-01 -9.388230330302518301e-01 -1.658726624913729741e-02 3.437714249761739671e-01 5.425227020793189858e+00
3.241449098302541243e-01 -4.571747173115903867e-02 9.449261268035463734e-01 7.099539556806974794e+00 1.528791823576565716e-03 9.988556213106944970e-01 4.780347190562968945e-02 2.948595295722605258e-01 -9.460302824389911214e-01 -1.405200338780850100e-02 3.238438857158172368e-01 5.604210083201275339e+00
3.100357014903692976e-01 -4.573400185418467073e-02 9.496365131605997156e-01 7.676503896893363432e+00 2.260237501459892717e-03 9.988752063836928707e-01 4.734954001007300739e-02 3.219433179543958468e-01 -9.507341248404976852e-01 -1.253120736212724913e-02 3.097900434637523293e-01 5.788233000906632952e+00
2.968935398050240870e-01 -4.782069215849019811e-02 9.537534481492521143e-01 8.305442150187023032e+00 3.501147419686357742e-03 9.987931006876152873e-01 4.897865162290861857e-02 3.461662277513355424e-01 -9.549451784611290295e-01 -1.119618062004857674e-02 2.967025854671386798e-01 5.984726828800319254e+00
2.871682252894028342e-01 -4.930360904070411193e-02 9.566031321255743514e-01 8.956648364759130843e+00 2.417661331431240294e-03 9.987082472957142798e-01 5.077023769427814470e-02 3.748085404124720244e-01 -9.578702452458816019e-01 -1.227065486897841416e-02 2.869169217420466933e-01 6.175753337466713511e+00
2.767471066030479099e-01 -5.129774634855334414e-02 9.596491180769444185e-01 9.626701712384051035e+00 1.340849784089940676e-04 9.985761480883943442e-01 5.333945739902130195e-02 4.079055348773313328e-01 -9.610192625547613332e-01 -1.463002720344242294e-02 2.763599327932991234e-01 6.372470675279266139e+00
2.650893361559594208e-01 -5.187782384096761151e-02 9.628956553673642116e-01 1.032938336134544421e+01 -8.155871435733799604e-04 9.985389910739574937e-01 5.402626532877323473e-02 4.397484399056800219e-01 -9.642920541460540118e-01 -1.510020702209620945e-02 2.646599477735163686e-01 6.570709475483874407e+00
2.556605247712109841e-01 -5.537902420433724049e-02 9.650544397109275252e-01 1.104898456460231415e+01 -1.693187558677044374e-03 9.983309297600198029e-01 5.773152416316312818e-02 4.721992367952080327e-01 -9.666401754431560578e-01 -1.640079983949102593e-02 2.551398876413920602e-01 6.751338863341529439e+00
2.450244542150343263e-01 -5.645201459608206740e-02 9.678206859963188746e-01 1.179716493877553951e+01 -1.962904656414150156e-03 9.982729129893619380e-01 5.871507609076122292e-02 5.079405754373033099e-01 -9.694630060204278976e-01 -1.629714323324749428e-02 2.444898794997054647e-01 6.947762718550926309e+00
2.337385869538138594e-01 -5.796856566573452274e-02 9.705956334240547490e-01 1.255617157890472591e+01 -1.838119236364441295e-03 9.981934681418228594e-01 6.004184500367997640e-02 5.398959133388108178e-01 -9.723228184410764863e-01 -1.581862386623896985e-02 2.332092710934046131e-01 7.129715621091323285e+00
2.247743377914811491e-01 -6.148484519509275770e-02 9.725500094973397180e-01 1.334192859657709107e+01 -3.309602737351003635e-03 9.979530077774583230e-01 6.387023464529896499e-02 5.797816621485604172e-01 -9.744866471913312678e-01 -1.757395623895012526e-02 2.241110482384718328e-01 7.310990621513687060e+00
2.121085066223259430e-01 -6.427172821009306813e-02 9.750726776042714095e-01 1.412383007454466188e+01 -5.808260241912503903e-03 9.977340912709713461e-01 6.704672039866026167e-02 6.268391936925417074e-01 -9.771717976162777042e-01 -1.989417626786224233e-02 2.112548148121243252e-01 7.485513562699872558e+00
1.987076035268623975e-01 -6.855361985481715770e-02 9.776975325429633212e-01 1.493404641171303027e+01 -6.330837293949795677e-03 9.974402491970987272e-01 7.121263164304239557e-02 6.668367631670413243e-01 -9.800772987695884897e-01 -2.033757712910060425e-02 1.977645967551421025e-01 7.654350871112138854e+00
1.870799477090111518e-01 -7.092036630832813937e-02 9.797699734879273814e-01 1.574536097309533034e+01 -7.311078322662143032e-03 9.972632436580121107e-01 7.358534129293822779e-02 7.084910166081673788e-01 -9.823049545605495592e-01 -2.095927112048207724e-02 1.860484457198451624e-01 7.814387929653318743e+00
1.723158603331411964e-01 -7.162345112495767385e-02 9.824421752956262743e-01 1.655713484774392441e+01 -7.692612225322319544e-03 9.972258580298080100e-01 7.403603832027459697e-02 7.491450826330107171e-01 -9.850180094040962286e-01 -2.033682164396550737e-02 1.712856274851343730e-01 7.955305361629686267e+00
1.594568999879309723e-01 -7.054025503246898199e-02 9.847274887424066758e-01 1.737470430445347702e+01 -9.827350046007500214e-03 9.972794547178309710e-01 7.304732032127918273e-02 7.928767914407878203e-01 -9.872043824007488144e-01 -2.128643114798998287e-02 1.583316369085799868e-01 8.086493789305103874e+00
1.420509954256623797e-01 -6.947581509958666857e-02 9.874116584696387422e-01 1.819447977003833117e+01 -1.016504277329212218e-02 9.973788981487549110e-01 7.163475154500395514e-02 8.357042665213054722e-01 -9.898005546998447368e-01 -2.021465139586284612e-02 1.409722601559753041e-01 8.201463145244906272e+00
1.220283827659931625e-01 -6.815661823052457380e-02 9.902124586598202161e-01 1.902480252584837928e+01 -1.318991319591058045e-02 9.974395241655048538e-01 7.028569022704612979e-02 8.772819276541097278e-01 -9.924683660414196362e-01 -2.162838481266571647e-02 1.208173182810760860e-01 8.307636845260628178e+00
9.663464211373692936e-02 -6.709768555394093892e-02 9.930952699003694484e-01 1.986055819969470093e+01 -1.669140821785958587e-02 9.974752891197806726e-01 6.901900840200426990e-02 9.227946272974983932e-01 -9.952200873791086089e-01 -2.323377116207362911e-02 9.527094548643415262e-02 8.385663051981326888e+00
6.639000959195441587e-02 -6.659278738207657922e-02 9.955982753642236283e-01 2.070771255750819151e+01 -2.132887857263482401e-02 9.974483406286008824e-01 6.811758917560287174e-02 9.620139791298625287e-01 -9.975935686569840088e-01 -2.576648947441714105e-02 6.479944045937646724e-02 8.437665515926664028e+00
3.243999613285208222e-02 -6.642076679818857687e-02 9.972794988388911097e-01 2.155783059135919544e+01 -2.411413671646826448e-02 9.974467769169417242e-01 6.720189104303873895e-02 1.009178513687836398e+00 -9.991979880678291126e-01 -2.621281522423726112e-02 3.075553829971737832e-02 8.465129023721697621e+00
-6.883670502462138239e-04 -6.594221466958848088e-02 9.978218071717578352e-01 2.240595110093820352e+01 -2.594065531822136589e-02 9.974886723758360496e-01 6.591137111475620092e-02 1.041566581101891709e+00 -9.996620190267928585e-01 -2.584599654136485875e-02 -2.397236257959796391e-03 8.458920897532333782e+00
-3.496140460463774413e-02 -6.498280138529392846e-02 9.972671538459892959e-01 2.327359302355536741e+01 -2.664232944855393290e-02 9.975897300100410314e-01 6.403935605440813639e-02 1.076867438855765968e+00 -9.990267948151380084e-01 -2.430181798823057016e-02 -3.660846683649637834e-02 8.420890933545248203e+00
-6.830248088174097065e-02 -6.298360987604008365e-02 9.957218371463290030e-01 2.412489479787499036e+01 -2.955051083642819959e-02 9.976953402761676859e-01 6.109223128244515438e-02 1.108804700092147488e+00 -9.972730595892106420e-01 -2.528587201232602652e-02 -7.000676547991775689e-02 8.356413169351908365e+00
-1.013046790709149353e-01 -5.982871823426614416e-02 9.930307350107402398e-01 2.498381375648483882e+01 -3.153806675819691846e-02 9.978817676903498635e-01 5.687052074067729113e-02 1.147616564857713684e+00 -9.943302507007650837e-01 -2.555054429007028172e-02 -1.029772893440366044e-01 8.268882744918883532e+00
-1.339168101098459629e-01 -5.545713046406672286e-02 9.894541478306448923e-01 2.584363261334036466e+01 -2.853589164116969792e-02 9.982340683869675990e-01 5.211305932423537790e-02 1.177636617869456392e+00 -9.905975498065709983e-01 -2.124715649704595616e-02 -1.352624496604833970e-01 8.140117182250312666e+00
-1.647680813531826882e-01 -4.961346490413748311e-02 9.850071891355794973e-01 2.669250388142505770e+01 -2.328142034389052775e-02 9.986514230622146604e-01 4.639064426943048658e-02 1.198309900931309624e+00 -9.859809283429242788e-01 -1.528039912829169157e-02 -1.657009984644793321e-01 7.988822163247273345e+00
-1.966312986211486702e-01 -4.281516366716595773e-02 9.795051869077063822e-01 2.753979241807078182e+01 -1.781524543707084518e-02 9.990371678770983976e-01 4.008929322933182937e-02 1.218607989104706357e+00 -9.802787413398952321e-01 -9.562578989450504566e-03 -1.972046845063464005e-01 7.810176589258366775e+00
-2.222714821920062644e-01 -3.766309296739354939e-02 9.741541112121929746e-01 2.837554694672321176e+01 -1.202035774097311160e-02 9.992834883295242943e-01 3.589095103540805576e-02 1.230371406091930409e+00 -9.748080172821821376e-01 -3.731050808355376204e-03 -2.225648320652522938e-01 7.602624513884583379e+00
-2.517104660935667870e-01 -3.222605612897627703e-02 9.671747539931240256e-01 2.920044370459704552e+01 -4.175859236739734234e-03 9.994723882591901587e-01 3.220481499630216404e-02 1.242956652860928823e+00 -9.677026565141949588e-01 4.076368264114429464e-03 -2.517122796027571607e-01 7.363793253974272091e+00
-2.797827341397701173e-01 -2.213540082796437367e-02 9.597480447018746919e-01 3.002814207570222038e+01 2.020599909954977347e-03 9.997183369490005855e-01 2.364847170214842351e-02 1.241857055902275020e+00 -9.600013353763658941e-01 8.561150657052657084e-03 -2.796590992463031666e-01 7.117114007105747930e+00
-3.021694180374615013e-01 -6.712767217223211333e-03 9.530825726933548347e-01 3.083285484475510074e+01 6.082218970640284640e-03 9.999413293570604822e-01 8.966806386366788298e-03 1.236596290958009936e+00 -9.530868368967606585e-01 8.507452954863542818e-03 -3.021108850802036172e-01 6.849170131327301014e+00
-3.262175165393107479e-01 1.051981689982905109e-02 9.450377446614656174e-01 3.162661858162114825e+01 7.538447592668934098e-03 9.999352228849437418e-01 -8.531359723935649786e-03 1.215098523155428545e+00 -9.450664736857352644e-01 4.340465207953540620e-03 -3.262756456366334157e-01 6.575844304941547591e+00
-3.543629791595958034e-01 2.661760719938950984e-02 9.347827591246684609e-01 3.241105639589741116e+01 6.937678931915955069e-03 9.996422564492868368e-01 -2.583693748570926527e-02 1.196996121925365975e+00 -9.351360338419000273e-01 -2.659585878125519248e-03 -3.544209489472532337e-01 6.282563244611412578e+00
-3.756394325220873687e-01 3.675484802640856252e-02 9.257925037451811834e-01 3.319904079423391607e+01 1.071843056767339541e-02 9.993183433098139501e-01 -3.531739390433252107e-02 1.157896595865406830e+00 -9.264603802200721550e-01 -3.364490375782951126e-03 -3.757771134931098822e-01 5.960608321313178415e+00
-4.029869488844815550e-01 4.075653637401621676e-02 9.142424780698017450e-01 3.397670410310296774e+01 1.463030908866690648e-02 9.991672348340739918e-01 -3.808798710394801362e-02 1.108756560161692439e+00 -9.150335746648190494e-01 -1.972714904156291915e-03 -4.032477100085066213e-01 5.623742067091711760e+00
-4.226919976103976628e-01 4.008399439699832090e-02 9.053505119397848855e-01 3.476186140710706951e+01 1.686169191572593415e-02 9.991962431920140553e-01 -3.637174922792691528e-02 1.065011418627562989e+00 -9.060806272166680442e-01 -9.721921354247582182e-05 -4.230282457494631831e-01 5.264481005257389157e+00
-4.440714838535950171e-01 3.614403727433491975e-02 8.949903363069728890e-01 3.551358261214269163e+01 2.029793735404243626e-02 9.993352298137309075e-01 -3.027597202415242827e-02 1.019264805295502896e+00 -8.954901691512440198e-01 4.713125978933849214e-03 -4.445098521079019482e-01 4.879400475416527883e+00
-4.631244440788599981e-01 3.432470980262622429e-02 8.853548975791475373e-01 3.625769810457384068e+01 2.769239438224245856e-02 9.993222554302361171e-01 -2.423944129904475470e-02 9.750221563417892368e-01 -8.855873670702362199e-01 1.328197776432658329e-02 -4.637611210208708035e-01 4.478608282247068750e+00
-4.748099814042403000e-01 3.507900357164952382e-02 8.795626619793723844e-01 3.698468296960304968e+01 3.136476293340439980e-02 9.992449584306383192e-01 -2.293801056138037794e-02 9.296949918776149513e-01 -8.797032747028893374e-01 1.670201483223674246e-02 -4.755518071369479460e-01 4.060592076450073584e+00
-4.837699932729165875e-01 3.895734747543961457e-02 8.741642386378251084e-01 3.772464786188380970e+01 3.429891449923575669e-02 9.990852415619755345e-01 -2.554181820937031708e-02 8.897130821584554594e-01 -8.743598536414661782e-01 1.762350661378638342e-02 -4.846636193179591490e-01 3.654948215953541801e+00
-4.955728496830951735e-01 4.079598463065424452e-02 8.679016827212032714e-01 3.842153085923007438e+01 3.546821053735378648e-02 9.990136368464234140e-01 -2.672587102821017205e-02 8.480727028747123697e-01 -8.681359659747461821e-01 1.754792612927084591e-02 -4.965310591130963069e-01 3.253227026613406458e+00
-5.051565997236325822e-01 4.115849173558682600e-02 8.620572787390570202e-01 3.912912104978192218e+01 2.963734411082597289e-02 9.991002483566223669e-01 -3.033632113908313332e-02 8.091137126095671039e-01 -8.625303760278284493e-01 1.022895599459652978e-02 -5.059219768609864998e-01 2.842685657204155447e+00
-5.156563815155823516e-01 3.885223478306237127e-02 8.555275767879476634e-01 3.982204305605549877e+01 2.734148852931254231e-02 9.992084818381552491e-01 -2.888659782152424790e-02 7.782963438328631689e-01 -8.559736003410591820e-01 8.474543154002445525e-03 -5.163102766493247175e-01 2.436755959124017323e+00
-5.246708433285041107e-01 4.053030047680195730e-02 8.505776622042855450e-01 4.052225291839557286e+01 3.029193981292869001e-02 9.991223964019131376e-01 -2.892449900903923052e-02 7.376564515309261827e-01 -8.510035257294896738e-01 1.059572594065647834e-02 -5.254382602839497984e-01 1.994975613392281133e+00
-5.312570431575762697e-01 4.341346983223675488e-02 8.459609219003462188e-01 4.122825932109842029e+01 3.388164819149507706e-02 9.989763088136497382e-01 -2.993976159488325947e-02 6.930989689499728046e-01 -8.463948195353131476e-01 1.275372111174812202e-02 -5.321842519803837712e-01 1.554711364554714592e+00
-5.354878567600724892e-01 4.744623276183050631e-02 8.434995158977335317e-01 4.193873998354813892e+01 3.533023570928816443e-02 9.988048886144871297e-01 -3.379675447310773878e-02 6.606608406058024352e-01 -8.440949254730313323e-01 1.171192158492566360e-02 -5.365241718232868218e-01 1.107650029779077450e+00
-5.327332442830273740e-01 4.831959885855938858e-02 8.448120049903335982e-01 4.266943368854556695e+01 3.415860433880627683e-02 9.987830501391372628e-01 -3.555544085175631891e-02 6.246871220585407114e-01 -8.455020907106727268e-01 9.916835214522651959e-03 -5.337357079747927502e-01 6.521622433051414980e-01
-5.302126659796400077e-01 4.908864703554849385e-02 8.466646460612688996e-01 4.341968672919633576e+01 3.679958586821215766e-02 9.987139484790638067e-01 -3.488896513378777348e-02 5.850382314906997783e-01 -8.472884859728938567e-01 1.266165380915217076e-02 -5.313372142773777895e-01 1.890696794500479894e-01
-5.260320933722616443e-01 4.799728339117888959e-02 8.498011063791364172e-01 4.416687836051042382e+01 3.530809163915746979e-02 9.987781524184785598e-01 -3.459050410214187243e-02 5.387653306234190254e-01 -8.504225417258353126e-01 1.182900993990469371e-02 -5.270840970138988002e-01 -2.662742464842469126e-01
-5.169981470527642564e-01 4.624998167680328259e-02 8.547621969673303566e-01 4.494792271809775031e+01 3.289559779744938295e-02 9.988751186932062209e-01 -3.415319402992176429e-02 4.993815948805124250e-01 -8.553802710690784350e-01 1.046634040873578933e-02 -5.179380797527771696e-01 -7.249304006424824864e-01
-5.090162106511396667e-01 4.588607690929581012e-02 8.595781553367600747e-01 4.575222977170307814e+01 3.108481922479173348e-02 9.989066027632407252e-01 -3.491834045423868743e-02 4.615016399183786144e-01 -8.602407289192978146e-01 8.945309268204047759e-03 -5.098860218995461269e-01 -1.186837351930438489e+00
-5.038816687850486975e-01 4.467133683759291762e-02 8.627416624725791072e-01 4.654762825364177559e+01 2.777827262681165435e-02 9.989832087050666276e-01 -3.552032908609532164e-02 4.137719011150160497e-01 -8.634510776156685274e-01 6.083222028099965172e-03 -5.046102689010359965e-01 -1.637634330155284479e+00
-4.987519128357396081e-01 4.194618030021082800e-02 8.659460988255828218e-01 4.738852858514174216e+01 2.370887883529573109e-02 9.991150013488244719e-01 -3.476184031598684998e-02 3.719448735292605335e-01 -8.666370475808313767e-01 3.216539080149033274e-03 -4.993049272543874095e-01 -2.100264785191815253e+00
-4.988610178418865226e-01 3.883008110082119407e-02 8.660170869020940021e-01 4.822536300317464963e+01 1.906202479239676659e-02 9.992456350610020577e-01 -3.384955056300849308e-02 3.261491924457546321e-01 -8.666779745908148591e-01 -3.688829406056337557e-04 -4.992246810294640458e-01 -2.562756474146018260e+00
-4.975200075341473238e-01 3.632181287063956932e-02 8.668814886309423873e-01 4.910402938964389108e+01 1.608289506643300476e-02 9.993377398941474254e-01 -3.264988349845984739e-02 2.787419368987399948e-01 -8.674927903842744037e-01 -2.288622466445268833e-03 -4.977746897002405801e-01 -3.037912098225509894e+00
-4.989768529797536933e-01 3.571657489453105433e-02 8.658577830186063862e-01 4.997089567597157611e+01 1.429402913438441482e-02 9.993536171968289139e-01 -3.299770828012311280e-02 2.350213060464912962e-01 -8.664763213135984188e-01 -4.077459020082630295e-03 -4.991647335678901509e-01 -3.526931407228609316e+00
-4.989406994753201041e-01 3.451190354422575129e-02 8.656696862171131546e-01 5.084945321107644389e+01 1.448853934970825534e-02 9.993989714817371750e-01 -3.150285125565453065e-02 1.891373218644006871e-01 -8.662365742390192302e-01 -3.174562865452662790e-03 -4.991406219266898425e-01 -4.013328252120377471e+00
-4.975388773060661074e-01 3.318269671758143635e-02 8.663343095537123784e-01 5.175168911813730688e+01 1.377944432091689035e-02 9.994439913412896948e-01 -3.036508092538171485e-02 1.459551697440131246e-01 -8.668603710931493955e-01 -3.182435598303168679e-03 -4.977191990419374545e-01 -4.531006583338240468e+00
-4.975176717595483633e-01 3.340374641273963219e-02 8.664422423244514393e-01 5.265684366172312991e+01 1.445137744686693544e-02 9.994386266799362151e-01 -3.022444717135806813e-02 9.783945003250023309e-02 -8.669656380905484960e-01 -2.529144270377027721e-03 -4.977210328355794466e-01 -5.039489779485922583e+00
-4.989183197498320288e-01 3.287056936533836599e-02 8.662045927911372623e-01 5.356462642436035537e+01 1.409575581622626861e-02 9.994559309040706996e-01 -2.982754548528042046e-02 4.954012751655428870e-02 -8.667136523893991251e-01 -2.659153866071251211e-03 -4.991102289234800593e-01 -5.548610699551175252e+00
-4.975745191826712044e-01 3.196384825434964161e-02 8.666946035545853855e-01 5.450511572062305987e+01 1.213292482121272609e-02 9.994793672169109966e-01 -2.989587263466648298e-02 -5.784089231648942286e-04 -8.671990049697434477e-01 -4.357745857861091733e-03 -4.977032570193777317e-01 -6.067609162409025814e+00
-4.989592793466263720e-01 3.064592013532816545e-02 8.661536241614429255e-01 5.539721631680881586e+01 1.174097335090955666e-02 9.995217234794884220e-01 -2.861521129889280091e-02 -4.758003809348067270e-02 -8.666162112721459421e-01 -4.101219260386333720e-03 -4.990802554312324113e-01 -6.561215133184834514e+00
-4.975895648708703045e-01 3.104005074224547647e-02 8.670416994471380479e-01 5.631790093137765041e+01 1.118948916941376465e-02 9.995062058655533876e-01 -2.936167603387006275e-02 -9.828463227642339484e-02 -8.675248058650087968e-01 -4.895482453217628836e-03 -4.976914167381676357e-01 -7.074579533638694073e+00
-4.948057543232269317e-01 2.908438100133195481e-02 8.685974464989706378e-01 5.724717123317621770e+01 9.680116149039460355e-03 9.995622620984012663e-01 -2.795650298717051313e-02 -1.515988384241206410e-01 -8.690303794554243844e-01 -5.420312233832534111e-03 -4.948706602066624272e-01 -7.592947786733827087e+00
-4.923011458690335074e-01 2.640052811302064442e-02 8.695175174917145755e-01 5.816030815240345220e+01 1.054751231767765696e-02 9.996471098783014098e-01 -2.437634104982032077e-02 -1.996476648041843605e-01 -8.698545033277333971e-01 -2.842571566298704878e-03 -4.924057617730922543e-01 -8.092893166322372878e+00
-4.908603397288399117e-01 2.516190726233001607e-02 8.707622341817201628e-01 5.908437300662392744e+01 1.114767254008420215e-02 9.996823378342796218e-01 -2.259615844304044968e-02 -2.405691257204721212e-01 -8.710543930656463596e-01 -1.387876440664927201e-03 -4.909849803308577454e-01 -8.613099353939711378e+00
-4.880518588503691690e-01 2.515316650521675496e-02 8.725267760611571388e-01 6.000325208025520851e+01 1.153341231885224479e-02 9.996832887629996112e-01 -2.236167859286500650e-02 -2.887898335429377461e-01 -8.728131107052647941e-01 -8.592413792739052054e-04 -4.881874032040275924e-01 -9.116124310066775038e+00
-4.856474900406285711e-01 2.408909220143539559e-02 8.738077600929062827e-01 6.091815582423434705e+01 1.073578172187917776e-02 9.997093045619047658e-01 -2.159017206024225338e-02 -3.463122460414068682e-01 -8.740738117896261761e-01 -1.104585683951130482e-03 -4.857648372397056491e-01 -9.621594607700973967e+00
-4.842347477710775006e-01 2.463925523129813222e-02 8.745890269721653398e-01 6.182566761355263196e+01 1.150381615968925145e-02 9.996963538534560101e-01 -2.179592467805240366e-02 -3.841466241718801133e-01 -8.748604767222051271e-01 -4.864777959810357203e-04 -4.843711677164422302e-01 -1.009780725321518702e+01
-4.856835993840828425e-01 2.613435946386532399e-02 8.741126792077016372e-01 6.272777795673836465e+01 1.068734858503679608e-02 9.996561009970501566e-01 -2.395622277089419147e-02 -4.312579805687051238e-01 -8.744378880061008941e-01 -2.277730968098478932e-03 -4.857959257138431686e-01 -1.059582779129838137e+01
-4.871684612580466367e-01 2.743543419318673904e-02 8.725968422926461132e-01 6.363793092705139998e+01 8.961905310254866114e-03 9.996105250714931723e-01 -2.643284629885559248e-02 -4.811029751649829045e-01 -8.729824285931649941e-01 -5.063706919642248054e-03 -4.872243518879398327e-01 -1.109513972093195733e+01
-4.910380069632350741e-01 2.915311389656424779e-02 8.711058448289714651e-01 6.453714194262890658e+01 8.447534021738034582e-03 9.995526833891913432e-01 -2.870409543700316521e-02 -5.296605464106335370e-01 -8.715525862690643999e-01 -6.710666762193429578e-03 -4.910648206215130207e-01 -1.159933680876624251e+01
-4.976385510603154594e-01 2.764509063086989168e-02 8.672263937980733139e-01 6.542462108081176098e+01 7.948749065546783024e-03 9.995954532389222935e-01 -2.731972585569417827e-02 -5.675675845753256343e-01 -8.676307507600288238e-01 -6.691261630764111512e-03 -4.976568740928981605e-01 -1.209451165839536202e+01
-5.012857403509548559e-01 2.372263644548426587e-02 8.653346242644095465e-01 6.631444584686758503e+01 1.068694361074733375e-02 9.997177896604149128e-01 -2.121481018283212852e-02 -6.225406664124626399e-01 -8.655937900650174655e-01 -1.381801678719894082e-03 -5.013978572241939435e-01 -1.261154448305370934e+01
-5.065776418325593777e-01 2.163552375619893706e-02 8.618065052647053692e-01 6.718582224163350247e+01 7.625629550499406564e-03 9.997583848064659495e-01 -2.061086096390921801e-02 -6.686694032954391131e-01 -8.620444491639628337e-01 -3.877403600792143652e-03 -5.066203386732168745e-01 -1.310311175826722163e+01
-5.107919069409375679e-01 2.422793475341120453e-02 8.594283839028157290e-01 6.806564249453802518e+01 8.658847796531454408e-03 9.996971260973260831e-01 -2.304201413120263164e-02 -7.150762692322556457e-01 -8.597263788174135390e-01 -4.316189483092884062e-03 -5.108471194096844137e-01 -1.360236132774003082e+01
-5.160768335025603948e-01 2.694387434875811574e-02 8.560883328602634235e-01 6.892456117314740993e+01 8.844952734216603857e-03 9.996194489664936844e-01 -2.612723628593749750e-02 -7.584179381122352348e-01 -8.564666761566589459e-01 -5.909064005705670641e-03 -5.161188188101856200e-01 -1.411304357419998645e+01
-5.213911801627360010e-01 2.696055049462493802e-02 8.532906573413566731e-01 6.978584098588343920e+01 7.008020630908903467e-03 9.996024399219247680e-01 -2.731944765645938356e-02 -8.062367583319234310e-01 -8.536878289875948767e-01 -8.246303744657356577e-03 -5.213728307850372667e-01 -1.461147611371142219e+01
-5.242239061238297415e-01 2.667421255648274453e-02 8.508578555646865160e-01 7.063724648249225879e+01 6.199789175575475854e-03 9.996020876097134744e-01 -2.752017195108744443e-02 -8.553349293348819771e-01 -8.512535169496253662e-01 -9.150293140846272461e-03 -5.241805572793408752e-01 -1.512964746875733546e+01
-5.280619362738803169e-01 2.653154506169680404e-02 8.490327306190195156e-01 7.148502368416893660e+01 6.289084630105530593e-03 9.996066648283618017e-01 -2.732823103555665281e-02 -9.093157487176979359e-01 -8.494240096310765598e-01 -9.091809944464519788e-03 -5.280212023627700590e-01 -1.564129965076029372e+01
-5.316999373214955638e-01 1.958621288415218070e-02 8.473301058905485794e-01 7.231377847966827233e+01 8.141104545566085066e-03 9.998047135556927811e-01 -1.800765094327304305e-02 -9.468743242303628849e-01 -8.475173026745910221e-01 -2.666255158530553455e-03 -5.317556227155203485e-01 -1.615508236938229558e+01
-5.330148727078005688e-01 1.017501216826867047e-02 8.465095112825744561e-01 7.315377247875677824e+01 7.540575243386351753e-03 9.999451039281501696e-01 -7.272642491317510283e-03 -9.893823265540795386e-01 -8.465370990268517026e-01 2.504953774524515571e-03 -5.330624190636723547e-01 -1.669538742870446413e+01
-5.344090404839560993e-01 7.231664524023216807e-03 8.453196363099406696e-01 7.399005269311267341e+01 7.292864633682993696e-03 9.999656438855317742e-01 -3.944404490095670089e-03 -1.016124590895825186e+00 -8.453192493306409538e-01 4.061106145890392739e-03 -5.344434795078377709e-01 -1.720217851714697943e+01
-5.344160660279518860e-01 1.277604236333276279e-02 8.453863621354436031e-01 7.481019982109850730e+01 8.487757808325705269e-03 9.999164621750548099e-01 -9.753219708891898779e-03 -1.047693491440313096e+00 -8.454403759096409399e-01 1.970702173330065535e-03 -5.344799574759909744e-01 -1.773349668965931869e+01
-5.344631981187947245e-01 1.815222400677793044e-02 8.446307022547117072e-01 7.562990849222482836e+01 8.941761638954054056e-03 9.998347725049562262e-01 -1.582669710027434853e-02 -1.078982994323240741e+00 -8.447784882128972495e-01 -9.098339878009015962e-04 -5.345371618113935464e-01 -1.824705120133286229e+01
-5.357560530704610358e-01 2.199107162699887735e-02 8.437557542392254417e-01 7.644904912357769433e+01 1.450168576218275468e-02 9.997529581929057718e-01 -1.684530202022665318e-02 -1.115826054807411039e+00 -8.439177803039945580e-01 3.211675217324097293e-03 -5.359426319939352146e-01 -1.876901220945860516e+01
-5.356879054442149624e-01 2.256659276169668826e-02 8.439953638861260599e-01 7.726612633579425449e+01 1.727498140671659965e-02 9.997264528363314362e-01 -1.576819459527244865e-02 -1.155776580302094736e+00 -8.441203185501537920e-01 6.133671534396751938e-03 -5.359314049436910699e-01 -1.930453818813549560e+01
-5.342591913315914987e-01 1.981376284507971319e-02 8.450785987880303773e-01 7.809618165888589658e+01 1.739413022611843024e-02 9.997712813323688108e-01 -1.244358443670207960e-02 -1.190359828315785462e+00 -8.451318484227036132e-01 8.053747062516155436e-03 -5.344816973539878724e-01 -1.981580285125317431e+01
-5.342833360668686193e-01 1.427055416833675899e-02 8.446418586332915535e-01 7.891171336669685843e+01 1.498406096278295969e-02 9.998603094231894861e-01 -7.404181778399974816e-03 -1.210947161694204688e+00 -8.446295662581552177e-01 8.695909953982358317e-03 -5.344226030483985035e-01 -2.032987647135726661e+01
-5.315043261435955513e-01 8.597944061292281739e-03 8.468092627796423022e-01 7.973126031777259470e+01 1.295614502256799659e-02 9.999140528240768599e-01 -2.015102864679486384e-03 -1.234759522624042427e+00 -8.467538617127423617e-01 9.895204171778809385e-03 -5.315701461445926368e-01 -2.083995279560367919e+01
-5.316632648365072766e-01 5.269170502271678129e-04 8.468159162255834982e-01 8.053594974795878159e+01 3.082652052671516849e-03 9.999944215475020659e-01 1.303600565731375836e-03 -1.257275605161147336e+00 -8.468106495654378341e-01 3.295604152730173715e-03 -5.316619262498741838e-01 -2.132631849648805655e+01
-5.317820088067384265e-01 -4.265240813383196737e-03 8.475619429897313095e-01 8.136096475292895036e+01 -4.001342274658328813e-03 9.999887316507349855e-01 2.537362387943213182e-03 -1.274488005852965289e+00 -8.475632494132459005e-01 -2.043891216884399266e-03 -5.317931367043178259e-01 -2.182010106941254435e+01
-5.293050913022862014e-01 -4.280006254548341868e-03 8.485642453929904683e-01 8.218327666759768135e+01 -2.194489983731378463e-03 9.999907382528937516e-01 3.681990486319172435e-03 -1.292177689725902967e+00 -8.485723497726037623e-01 9.807513664452540531e-05 -5.293094972962194555e-01 -2.232699830395012341e+01
-5.264135278988162359e-01 -1.148664966275792431e-03 8.503250344311399367e-01 8.299099081749922391e+01 3.096330692576745088e-03 9.999899013457901331e-01 3.263205681042660559e-03 -1.316190375511594901e+00 -8.503202858469078862e-01 4.350915099081464725e-03 -5.264046853671396908e-01 -2.282146193776046417e+01
-5.197461698106906614e-01 2.923298134023405177e-03 8.541160631571894646e-01 8.381071136716073511e+01 4.522350082028656071e-03 9.999895337775349669e-01 -6.682683580100871445e-04 -1.327850447384557819e+00 -8.541090220421881929e-01 3.516941769567852576e-03 -5.197539716862656922e-01 -2.332801060518302805e+01
-5.116340073254888043e-01 3.695764312590361401e-03 8.590084211833000083e-01 8.461788563438123845e+01 9.117088823402959286e-03 9.999578051548154711e-01 1.128390507905301966e-03 -1.345802351912896766e+00 -8.589681545755654124e-01 8.407225080673128709e-03 -5.116460820509759477e-01 -2.381200549732333727e+01
-5.049033176743359386e-01 7.220818202442252573e-03 8.632974437214510077e-01 8.542928579976114634e+01 1.634696007235776974e-02 9.998656763836685224e-01 1.196129462786799103e-03 -1.366871211297760569e+00 -8.631728658848384361e-01 1.471437389475391960e-02 -5.049536468944519907e-01 -2.428526605389706461e+01
-4.930927293357603713e-01 5.678176287474043758e-03 8.698127090122876881e-01 8.625914324250888399e+01 1.458788086335672737e-02 9.998920537973575717e-01 1.744079235496941334e-03 -1.387975281969568320e+00 -8.697090170180622470e-01 1.354871710429741451e-02 -4.931223234621465723e-01 -2.475489573344799155e+01
-4.841269750841230013e-01 3.130357402714858267e-03 8.750617512179327262e-01 8.709321881432524037e+01 1.097248588908981103e-02 9.999367893064613488e-01 2.493719948652323506e-03 -1.404780435343110812e+00 -8.749985454817940100e-01 1.080600574898458142e-02 -4.841306309776331473e-01 -2.518868125773744993e+01
-4.709521415110954901e-01 -3.102592390777143437e-04 8.821303348216317231e-01 8.793251710501138518e+01 1.288782873607183070e-02 9.998907980191648059e-01 7.230466656603171637e-03 -1.421144319657362542e+00 -8.820363380054551117e-01 1.477313552718405483e-02 -4.708966667047551624e-01 -2.563655472747257136e+01
-4.595894149093729952e-01 -7.936888418289066811e-04 8.882018586993646325e-01 8.877233600241541467e+01 1.284502113771537370e-02 9.998891468352707479e-01 7.538331533513855168e-03 -1.429741176866295316e+00 -8.881093246541841291e-01 1.487183450287967411e-02 -4.595282856978703534e-01 -2.606341827112412801e+01
-4.492578677556740563e-01 -1.680152554682708046e-03 8.935280220412240570e-01 8.961635283699665422e+01 1.323570635199425131e-02 9.998759986134739819e-01 8.539286487474317955e-03 -1.439924946409326223e+00 -8.934315996883809285e-01 1.565927300728472624e-02 -4.491797873328671198e-01 -2.647909692315997532e+01
-4.351644537686386038e-01 -1.319877086165262541e-03 8.999479301842731038e-01 9.047799433819403703e+01 1.574299804841337511e-02 9.998348465275298524e-01 9.083171037567221162e-03 -1.458911040208074494e+00 -8.998113071978068866e-01 1.812738582249745836e-02 -4.350717454028578679e-01 -2.689733223446241794e+01
