1.0 0.0 0.0 0.0 0.0 1.0 0.0 0.0 0.0 0.0 1.0 0.0
0.9998375 0.017986517 -0.0011422053 0.16271973 -0.017984804 0.9998371 0.0014927477 0.028686523 0.0011688668 -0.0014719538 0.9999982 0.0030517578
0.9992606 0.038454916 -0.00038516172 0.25805664 -0.038452644 0.9992494 0.0047691455 -0.037841797 0.0005682225 -0.0047508106 0.99998856 -0.005859375
0.9979176 0.06444526 0.0027877416 0.42614746 -0.06446169 0.9979007 0.0062720263 -0.020385742 -0.0023776838 -0.0064386814 0.99997646 0.0057373047
0.99514204 0.09836528 0.004517274 0.5966797 -0.09839388 0.9951275 0.006617128 -0.080200195 -0.003844445 -0.007029428 0.9999679 -0.008911133
0.9906584 0.13616435 0.0077554206 0.814209 -0.13618256 0.9906845 0.0018670585 -0.14013672 -0.0074289986 -0.002905413 0.9999682 0.005859375
0.9845224 0.17506413 0.0074849525 0.994751 -0.17506547 0.9845505 -0.0004809686 -0.19836426 -0.007453552 -0.0008369995 0.99997187 -0.0021972656
0.975745 0.2186945 0.009785108 1.2128906 -0.21869795 0.97579306 -0.00072902127 -0.27197266 -0.009707626 -0.0014289509 0.99995184 0.0007324219
0.9639636 0.26570827 0.012166764 1.4243164 -0.265717 0.9640376 -0.0009224203 -0.35949707 -0.011974494 -0.002344174 0.99992555 -0.0087890625
0.9495591 0.31296703 0.019159416 1.668457 -0.3129429 0.94975036 -0.0043233363 -0.46240234 -0.019550022 -0.0018900492 0.9998072 -0.009399414
0.9321774 0.36107236 0.024889825 1.8878174 -0.36081827 0.93249995 -0.014198094 -0.58984375 -0.028336603 0.0042528873 0.9995894 0.0021972656
0.9109266 0.41155097 0.028131671 2.137207 -0.4111304 0.911339 -0.01964897 -0.729126 -0.03372527 0.0063296864 0.999411 0.0037841797
0.8860402 0.46256855 0.03183722 2.3780518 -0.46209985 0.8866026 -0.02120812 -0.89697266 -0.038038548 0.0040804204 0.99926794 -0.0048828125
0.8571687 0.5138123 0.035842393 2.6098633 -0.5132881 0.85791636 -0.023253702 -1.0712891 -0.04269687 0.0015356233 0.99908686 -0.026367188
0.825664 0.5630464 0.037772417 2.8336182 -0.5623218 0.8265241 -0.028659794 -1.2827148 -0.047348708 0.0024283268 0.9988754 -0.034423828
0.78951126 0.61264896 0.038127605 3.0667725 -0.6116931 0.79042196 -0.03441995 -1.5054932 -0.051223308 0.003854867 0.9986797 -0.041992188
0.7520522 0.65808386 0.03804907 3.3031006 -0.65695477 0.7530027 -0.038763877 -1.7553711 -0.054150444 0.004160922 0.9985241 -0.05810547
0.7120465 0.70110846 0.035786215 3.522583 -0.69992083 0.7129334 -0.04100375 -2.02417 -0.054263838 0.0041409824 0.9985177 -0.07067871
0.66933113 0.74207157 0.035838176 3.7589111 -0.74079454 0.6702846 -0.043590605 -2.3103027 -0.05637582 0.002626462 0.9984063 -0.08874512
0.6276161 0.7775438 0.03819317 3.979126 -0.7762827 0.62877417 -0.0442975 -2.6496582 -0.05846798 -0.0018479805 0.99828786 -0.12133789
0.5855173 0.8096774 0.03915974 4.2039795 -0.8084432 0.5868015 -0.04501924 -2.9802246 -0.059419006 -0.005296141 0.9982189 -0.14208984
0.5453825 0.83720875 0.03946049 4.434326 -0.83589727 0.54676175 -0.047383808 -3.3555908 -0.0612487 -0.007148644 0.99809676 -0.16699219
0.50659394 0.8611978 0.03974832 4.647705 -0.85984707 0.50806546 -0.049098577 -3.768921 -0.06248956 -0.009307597 0.9980025 -0.18811035
0.46900696 0.8822355 0.040888257 4.8566895 -0.8809768 0.47060335 -0.04888942 -4.189453 -0.06238332 -0.013088053 0.997967 -0.21496582
0.43224007 0.9007556 0.039182737 5.0618896 -0.89946043 0.43380016 -0.05016098 -4.6418457 -0.062186837 -0.0135653075 0.99797237 -0.24731445
0.39845303 0.9164975 0.035583142 5.2596436 -0.915324 0.39981622 -0.04824972 -5.140747 -0.058445133 -0.013345225 0.99820125 -0.27124023
0.36971432 0.9285696 0.031103875 5.4433594 -0.92745376 0.37084252 -0.046953097 -5.6519775 -0.055122294 -0.01148655 0.99841315 -0.30200195
0.34358937 0.9386095 0.028306652 5.636841 -0.9375696 0.34458008 -0.04549831 -6.2037354 -0.052468322 -0.010896431 0.99856365 -0.33862305
0.323655 0.94584304 0.025960226 5.821045 -0.94482195 0.32454196 -0.045049343 -6.798584 -0.051033556 -0.009945409 0.99864745 -0.37145996
0.30959484 0.9505628 0.02456862 6.008423 -0.9495367 0.3104279 -0.045146376 -7.3741455 -0.050524954 -0.00935917 0.9986782 -0.40454102
0.29648888 0.95479167 0.023348145 6.2078857 -0.9536546 0.2972932 -0.047309108 -8.002075 -0.05210055 -0.008247809 0.99860716 -0.4345703
0.2866991 0.95770055 0.024506226 6.400879 -0.9564997 0.287589 -0.04885301 -8.652588 -0.05385421 -0.009424393 0.9985053 -0.4691162
0.27614132 0.96081537 0.026954625 6.5998535 -0.95953804 0.2772028 -0.05091432 -9.321899 -0.056384638 -0.011806133 0.99833906 -0.50805664
0.26444045 0.96407753 0.027525611 6.800537 -0.96278316 0.26555806 -0.051567692 -10.023682 -0.05702376 -0.012869196 0.99828976 -0.54663086
0.2549055 0.96640915 0.02889897 6.98291 -0.964935 0.25616473 -0.055131324 -10.74292 -0.060687635 -0.013829199 0.9980611 -0.58483887
0.24424897 0.9692304 0.028884731 7.1812744 -0.96770066 0.24554004 -0.056271307 -11.490356 -0.06162529 -0.014200518 0.99799824 -0.6275635
0.23295727 0.9720942 0.028499115 7.3653564 -0.9704752 0.23426592 -0.057859182 -12.248657 -0.062901534 -0.01418204 0.9979181 -0.66638184
0.22384632 0.9742341 0.030322697 7.5480957 -0.97242165 0.22534199 -0.061436005 -13.034058 -0.06669095 -0.015730431 0.9976501 -0.7125244
0.2109853 0.976884 0.032741092 7.725342 -0.97493696 0.21271922 -0.06431071 -13.815308 -0.06981049 -0.018340457 0.9973929 -0.7659912
0.19747198 0.979782 0.033285573 7.8969727 -0.9775564 0.19935729 -0.06868173 -14.625 -0.0739129 -0.018979535 0.9970832 -0.81225586
0.18574521 0.9819978 0.033995595 8.059204 -0.9796254 0.18775702 -0.07112822 -15.435791 -0.076229304 -0.020061856 0.9968894 -0.8607178
0.17097612 0.9847125 0.033489168 8.203247 -0.98229915 0.17300253 -0.07193137 -16.246704 -0.076606765 -0.020578686 0.9968487 -0.9086914
0.15803504 0.9868767 0.034542475 8.337036 -0.98458576 0.16015308 -0.070938945 -17.063354 -0.07555617 -0.022833178 0.9968799 -0.9602051
0.14067845 0.9894782 0.033606734 8.455933 -0.98727524 0.14274262 -0.06999611 -17.88208 -0.07405269 -0.023331285 0.9969811 -1.0108643
0.120542 0.992114 0.0351751 8.567139 -0.990079 0.12273532 -0.06882286 -18.711304 -0.07260087 -0.026537327 0.9970079 -1.0603027
0.09501504 0.9948289 0.036970057 8.651978 -0.992966 0.097363174 -0.067952685 -19.545898 -0.07119821 -0.030263366 0.99700266 -1.1135254
0.06456678 0.9971506 0.03971967 8.712524 -0.995474 0.06715406 -0.06767913 -20.39209 -0.07012839 -0.03516064 0.99691695 -1.1602783
0.030532965 0.9987317 0.040399652 8.749512 -0.99716294 0.033227444 -0.06777014 -21.241455 -0.06901085 -0.038231026 0.9968819 -1.2148438
-0.0026125894 0.9991851 0.040252477 8.752563 -0.99771416 0.000112238966 -0.06755433 -22.089233 -0.067513004 -0.04032984 0.9969034 -1.2545166
-0.0368204 0.99855584 0.03892735 8.723999 -0.99717027 -0.034160495 -0.066872425 -22.956787 -0.06541547 -0.041307617 0.99700075 -1.2972412
-0.07019221 0.9967737 0.040117793 8.668945 -0.9956374 -0.06749165 -0.06515415 -23.808228 -0.062244322 -0.044478867 0.99706995 -1.3366699
-0.10313272 0.9938142 0.040579226 8.590576 -0.99296176 -0.100500576 -0.062284317 -24.66748 -0.057789907 -0.0467222 0.9972331 -1.3833008
-0.13541377 0.99013335 0.036465712 8.470459 -0.98939764 -0.13316965 -0.058193874 -25.527832 -0.0527865 -0.043970596 0.9976382 -1.4210205
-0.16585279 0.98559654 0.030673102 8.327148 -0.9849615 -0.16410795 -0.05262056 -26.377441 -0.04681842 -0.038949434 0.9981431 -1.4494629
-0.19735157 0.9799736 0.025129128 8.15686 -0.9794688 -0.19606745 -0.04610786 -27.225708 -0.040255822 -0.033718538 0.9986202 -1.4775391
-0.22272132 0.9745857 0.019429646 7.9556885 -0.9741203 -0.2217939 -0.041188966 -28.0625 -0.03583748 -0.028105335 0.9989624 -1.4960938
-0.25189433 0.96759224 0.011766094 7.724365 -0.9671379 -0.25133774 -0.036022402 -28.888916 -0.031890113 -0.020461427 0.9992817 -1.5150146
-0.2798139 0.95996565 0.0074210726 7.4851074 -0.9597168 -0.27953875 -0.026200619 -29.718018 -0.023079675 -0.014459927 0.99962914 -1.5218506
-0.30216944 0.95307595 0.0075942967 7.2231445 -0.95307106 -0.30208018 -0.011004165 -30.523438 -0.008190149 -0.010563387 0.99991065 -1.5262451
-0.3261925 0.9450304 0.011884316 6.956787 -0.945057 -0.32627693 0.005974494 -31.31836 0.009531464 -0.009281365 0.9999115 -1.5152588
-0.3541783 0.9350383 0.01901353 6.671997 -0.93483907 -0.3545456 0.021768458 -32.104736 0.027098235 -0.010073895 0.99958223 -1.5074463
-0.37546682 0.92638075 0.019803464 6.355957 -0.92586094 -0.37593317 0.031676818 -32.894775 0.03679419 -0.006423682 0.9993018 -1.4758301
-0.402927 0.9149898 0.01850437 6.0269775 -0.91430914 -0.40334284 0.035386726 -33.675903 0.039842166 -0.0026623905 0.99920243 -1.4317627
-0.4227301 0.90606606 0.016684258 5.6729736 -0.9054091 -0.4230591 0.034500875 -34.463867 0.038330235 -0.00052901806 0.9992652 -1.3914795
-0.4442819 0.89553636 0.011922253 5.293579 -0.89502686 -0.44443288 0.030329004 -35.219116 0.03246485 0.002813325 0.9994687 -1.34729
-0.46362746 0.8857505 0.0033962699 4.897461 -0.8853558 -0.46352923 0.028308762 -35.96631 0.026645057 0.01012859 0.9995934 -1.3044434
-0.47544837 0.8799176 6.681308e-06 4.4820557 -0.8795489 -0.47524956 0.028937854 -36.694824 0.025473287 0.013747434 0.9995811 -1.2618408
-0.48454872 0.87460065 -0.00089249574 4.078247 -0.8741468 -0.48426393 0.03271162 -37.435913 0.028184077 0.016640104 0.9994643 -1.2260742
-0.4964074 0.8683835 -0.00078715757 3.6794434 -0.8678827 -0.4960903 0.034414902 -38.1344 0.02949718 0.01775293 0.9994074 -1.1878662
-0.5057267 0.8626806 0.0065477565 3.2714844 -0.8620662 -0.50562966 0.03464899 -38.843506 0.033204712 0.011874886 0.999378 -1.1531982
-0.5161127 0.8560945 0.008312927 2.868042 -0.8555409 -0.51609164 0.03221211 -39.53833 0.031871244 0.0095391795 0.99944615 -1.1248779
-0.5252538 0.8511606 0.00621376 2.4281006 -0.85058093 -0.5251428 0.033789698 -40.239624 0.03201326 0.012449411 0.99940985 -1.0870361
-0.5320068 0.84659266 0.004067098 1.9888916 -0.845954 -0.5317807 0.036594555 -40.946533 0.033115305 0.01601469 0.99932253 -1.0456543
-0.5363144 0.8442938 0.0051247203 1.5422363 -0.8434977 -0.5360556 0.04057655 -41.656982 0.037021697 0.0174382 0.9991629 -1.017334
-0.5335029 0.84567887 0.006914272 1.0848389 -0.84481853 -0.5332989 0.041477628 -42.386597 0.03874926 0.016276766 0.9991159 -0.9848633
-0.5311267 0.84750473 0.0041696504 0.6196289 -0.8466604 -0.5308059 0.042284217 -43.13562 0.03805699 0.018927798 0.99909663 -0.94799805
-0.5268703 0.85062236 0.0049982234 0.16186523 -0.84980124 -0.5266048 0.041245 -43.881348 0.037703283 0.017449917 0.99913704 -0.9046631
-0.51771873 0.8555535 0.0063387053 -0.30090332 -0.8547696 -0.5175379 0.039599635 -44.66028 0.03716278 0.015078432 0.9991955 -0.8684082
-0.50965214 0.86039 0.00784597 -0.76660156 -0.8595935 -0.509539 0.0393284 -45.462402 0.03783366 0.013299043 0.9991955 -0.8342285
-0.5043541 0.8635557 0.010697535 -1.2200928 -0.86276954 -0.5043684 0.038170073 -46.256348 0.038370106 0.010011844 0.9992138 -0.79016113
-0.49903545 0.86669207 0.013550878 -1.6855469 -0.8659854 -0.49918422 0.035501216 -47.095825 0.03754452 0.0059640957 0.99927783 -0.75183105
-0.49893802 0.8666737 0.017130688 -2.1490479 -0.86606956 -0.4992307 0.0323777 -47.932373 0.036623105 0.0013174918 0.9993287 -0.70947266
-0.49748358 0.86745363 0.019043276 -2.6258545 -0.8669406 -0.4978455 0.029881977 -48.810425 0.035402022 -0.0016541723 0.9993721 -0.6656494
-0.49885973 0.86641103 0.02083167 -3.1156006 -0.8659239 -0.49928296 0.029255204 -49.677124 0.035763744 -0.0034486456 0.9993547 -0.6258545
-0.49885127 0.8661799 0.019924887 -3.6033936 -0.86573154 -0.4992386 0.028050885 -50.555298 0.03427099 -0.0032499423 0.99940753 -0.583374
-0.49743733 0.86679906 0.019926403 -4.122925 -0.86639553 -0.4978204 0.026736999 -51.456787 0.03311765 -0.003949953 0.99944365 -0.5437012
-0.4974443 0.866914 0.019274438 -4.6328125 -0.86650085 -0.4978064 0.026960071 -52.36133 0.03297742 -0.0032783416 0.9994506 -0.49951172
-0.4988352 0.86665857 0.019410532 -5.1428223 -0.86626357 -0.49919978 0.026413752 -53.268677 0.032590885 -0.0036429572 0.99946237 -0.45507812
-0.49741688 0.86711746 0.021102145 -5.663574 -0.86676 -0.49783292 0.025517981 -54.208496 0.03264253 -0.0055981064 0.9994514 -0.4091797
-0.49880388 0.8665342 0.02084773 -6.158081 -0.8662174 -0.49920377 0.024185594 -55.10034 0.031374734 -0.005995352 0.99948984 -0.36572266
-0.49740508 0.8674328 0.021640819 -6.673218 -0.8671088 -0.4978329 0.02459524 -56.02014 0.03210385 -0.0065428554 0.9994632 -0.31933594
-0.49459028 0.8689244 0.02215616 -7.1938477 -0.86866575 -0.49502128 0.022670865 -56.948486 0.030665413 -0.0080372 0.9994974 -0.26965332
-0.4921656 0.8697751 0.019565038 -7.696167 -0.8695741 -0.49250212 0.020017104 -57.860962 0.027064271 -0.0071492353 0.9996079 -0.2244873
-0.49076593 0.8709907 0.018108942 -8.218384 -0.87081236 -0.49105623 0.018800471 -58.784058 0.025266334 -0.0065423693 0.9996592 -0.18701172
-0.48797342 0.87275624 0.017576396 -8.723755 -0.8725748 -0.48825097 0.01882669 -59.701782 0.025000278 -0.0061450615 0.9996684 -0.14282227
-0.48555443 0.87400985 0.017814355 -9.231323 -0.8738563 -0.48583174 0.017789729 -60.615845 0.024201436 -0.006930169 0.99968314 -0.08911133
-0.48416346 0.8748065 0.017194565 -9.709473 -0.8746355 -0.48442972 0.018357463 -61.52246 0.024393247 -0.0061562615 0.9996836 -0.055541992
-0.48556244 0.8743641 0.018993896 -10.208252 -0.874167 -0.48588398 0.01983494 -62.424072 0.026564674 -0.006985164 0.999623 -0.013183594
-0.4869566 0.87287486 0.021779124 -10.708252 -0.87266296 -0.48736537 0.021109698 -63.334106 0.02905902 -0.008717021 0.9995397 0.03173828
-0.49077138 0.8714282 0.023442028 -11.212402 -0.87117946 -0.4912444 0.022784052 -64.233154 0.03136568 -0.009256896 0.99946564 0.07556152
-0.49737236 0.86750317 0.023431279 -11.706787 -0.8672992 -0.4978283 0.021197524 -65.12146 0.030054651 -0.009781109 0.9995007 0.10998535
-0.50118744 0.8655269 0.018123977 -12.224243 -0.8653838 -0.5014656 0.017241891 -66.01172 0.02399558 -0.0070493026 0.99968725 0.16320801
-0.50639755 0.86193746 0.020620909 -12.71521 -0.8618649 -0.50671566 0.015084822 -66.88391 0.023448294 -0.010128921 0.9996736 0.20568848
-0.5106054 0.8596224 0.02107276 -13.214355 -0.8594899 -0.5109589 0.017627422 -67.763794 0.025927443 -0.009118741 0.9996224 0.24743652
-0.5158464 0.8563509 0.022677854 -13.724487 -0.8561576 -0.51626694 0.020276822 -68.62305 0.029073406 -0.008959115 0.9995371 0.2861328
-0.5210773 0.8535411 0.025026366 -14.22229 -0.85336995 -0.5215663 0.020228675 -69.48474 0.030318484 -0.010822557 0.999482 0.32983398
-0.52387774 0.8510942 0.025928298 -14.740723 -0.85094094 -0.52439 0.01990222 -70.336426 0.030555421 -0.011638041 0.99946535 0.3753662
-0.52771986 0.84926564 0.025879757 -15.252319 -0.8491155 -0.5282273 0.019716887 -71.184326 0.030403273 -0.011567481 0.9994707 0.42590332
-0.5315566 0.84742296 0.019452417 -15.766602 -0.8473829 -0.53182393 0.012741236 -72.01355 0.021125952 -0.009717207 0.9997297 0.46325684
-0.53296685 0.8464807 0.014266029 -16.308105 -0.84653693 -0.5330581 0.003322638 -72.85388 0.010406361 -0.010303326 0.9998928 0.5061035
-0.5343796 0.84527385 0.012703933 -16.815918 -0.8453395 -0.5344265 0.0003630973 -73.69006 0.007096493 -0.010548393 0.99991924 0.5305176
-0.5343647 0.8453858 0.0148051875 -17.348389 -0.845417 -0.5344878 0.0059042135 -74.50903 0.012906667 -0.009364788 0.9998729 0.55700684
-0.5343636 0.84470356 0.01768977 -17.863037 -0.8446755 -0.5345819 0.011270392 -75.32788 0.018986609 -0.00891742 0.99977994 0.5830078
-0.535789 0.8439122 0.013577603 -18.386108 -0.8437838 -0.5359504 0.015100615 -76.14636 0.020031463 -0.0033644591 0.9997937 0.616333
-0.53580374 0.8441563 0.010658476 -18.923096 -0.8440109 -0.53590924 0.01568344 -76.96265 0.01895757 -0.0005902024 0.9998201 0.65356445
-0.53438824 0.84518415 0.008732619 -19.43628 -0.8450851 -0.53445935 0.012952301 -77.79187 0.015615545 -0.00046039652 0.999878 0.6859131
-0.5343662 0.8446714 0.008076443 -19.951782 -0.84464383 -0.5344194 0.0074068885 -78.60718 0.0105754975 -0.002858485 0.99994 0.70495605
-0.5315567 0.8467923 0.006865789 -20.464233 -0.84680444 -0.5315786 0.0017727808 -79.42566 0.0051472257 -0.0048680142 0.9999749 0.7272949
-0.53162736 0.84673196 0.01345109 -20.951416 -0.84683675 -0.5315931 -0.0063108737 -80.230225 0.0018107956 -0.014736079 0.9998897 0.7475586
-0.5317321 0.8473957 0.018787833 -21.446167 -0.8476038 -0.53161615 -0.011107934 -81.054565 0.0005583004 -0.021822425 0.9997618 0.76171875
-0.5292698 0.84843385 0.016638186 -21.955444 -0.8485968 -0.5291539 -0.011092585 -81.87573 -0.000606949 -0.020000389 0.99979985 0.77648926
-0.5263899 0.8502503 0.012386987 -22.452515 -0.8503405 -0.52633035 -0.007919459 -82.681885 -0.0002110349 -0.014699253 0.99989194 0.79711914
-0.5197085 0.85404164 0.01321577 -22.962646 -0.8541362 -0.5197076 -0.003770988 -83.499146 0.003649335 -0.013251549 0.9999055 0.8041992
-0.5116443 0.8589701 0.008313981 -23.45105 -0.85900843 -0.51163924 -0.0028928716 -84.30383 0.0017694484 -0.008620198 0.99996126 0.819458
-0.5049935 0.8632726 0.002004126 -23.928345 -0.86327344 -0.5049955 0.000725523 -85.11279 0.0016370898 -0.0013637135 0.99999774 0.8371582
-0.49315867 0.8697882 0.0031428782 -24.403198 -0.86979336 -0.49315915 -0.0006818952 -85.93982 0.0009568147 -0.0030689728 0.9999948 0.8548584
-0.48415443 0.8750324 0.0058650943 -24.841187 -0.87505215 -0.4841444 -0.0031284 -86.77161 0.000100014964 -0.006644847 0.999978 0.868042
-0.47097751 0.8821149 0.0018627723 -25.295166 -0.8821039 -0.4709582 -0.006409663 -87.60803 -0.00477581 -0.004660272 0.9999777 0.88220215
-0.45961225 0.88818866 0.0017384017 -25.727295 -0.8881752 -0.45959198 -0.0067620333 -88.44507 -0.0052063297 -0.0046503562 0.9999757 0.8869629
-0.4492758 0.89352006 0.0009251379 -26.14795 -0.89349824 -0.44925714 -0.0075292643 -89.28662 -0.0063165366 -0.004209088 0.9999713 0.8934326
-0.4351879 0.89993626 -0.001582298 -26.57251 -0.8999104 -0.4351877 -0.0070093405 -90.145386 -0.006998994 -0.001628732 0.99997425 0.90844727
-0.42351067 0.9062337 0.00064317835 -26.961182 -0.9062318 -0.4235079 -0.0024967392 -90.98633 -0.0019909611 -0.0016388809 0.99999666 0.90771484
-0.41228843 0.91090894 0.0011266721 -27.336792 -0.9108851 -0.412286 0.006845431 -91.82727 0.006700688 0.0017968488 0.9999759 0.9226074
-0.3976572 0.9174479 0.0027181343 -27.70996 -0.91738784 -0.39766252 0.010644783 -92.66943 0.010840978 0.0017419559 0.9999397 0.9395752
-0.38883188 0.92152536 0.0031961363 -28.054932 -0.92147297 -0.388844 0.009861419 -93.52161 0.010328187 0.0008849659 0.9999463 0.9486084
-0.37535545 0.92670065 0.0013557471 -28.408325 -0.9266894 -0.37535763 0.004580564 -94.38904 0.0047548763 0.00046412728 0.9999886 0.9749756
-0.36590007 0.9306123 0.0049532056 -28.740967 -0.93059784 -0.36592507 0.0057722963 -95.25598 0.0071827243 -0.0024962663 0.9999711 0.9941406
-0.3592052 0.93301564 0.01287785 -29.04956 -0.93300956 -0.35933134 0.009307477 -96.12146 0.013313784 -0.008672904 0.99987376 1.0167236
-0.35184267 0.9356084 0.021703135 -29.37268 -0.9356412 -0.35216725 0.013459461 -96.99414 0.02024505 -0.015569544 0.9996738 1.0360107
-0.34979233 0.9365048 0.025681542 -29.68811 -0.9365619 -0.35023832 0.015491106 -97.87219 0.023489472 -0.018623088 0.9995504 1.0672607
-0.34612036 0.9378414 0.027229948 -29.994385 -0.93793356 -0.34660032 0.01536693 -98.74902 0.023833096 -0.020221855 0.9995113 1.1025391
-0.3401622 0.9398728 0.030386725 -30.30774 -0.94007516 -0.34068075 0.013773933 -99.6344 0.023296453 -0.02387065 0.9994433 1.1364746
-0.33582434 0.9415931 0.029278466 -30.61499 -0.9418186 -0.33626646 0.011632217 -100.51941 0.020790815 -0.023660012 0.9995037 1.1599121
-0.32851553 0.94427955 0.025448248 -30.919312 -0.94448864 -0.32880336 0.00797854 -101.39612 0.015894473 -0.02141301 0.99964434 1.1778564
-0.32328764 0.94570625 0.026371 -31.21582 -0.94598526 -0.32351357 0.0046738368 -102.270874 0.012969917 -0.023436038 0.99964094 1.2175293
-0.3167293 0.947867 0.031431127 -31.494873 -0.94829136 -0.31699648 0.0037819957 -103.15088 0.013554763 -0.028612174 0.9994986 1.2320557
-0.30950963 0.94987094 0.03965588 -31.76294 -0.9505292 -0.30997172 0.0059156083 -104.0188 0.017929113 -0.035848506 0.99919575 1.2506104
-0.30358747 0.9518899 0.04112717 -32.033447 -0.9525577 -0.30416253 0.008382037 -104.89441 0.02048868 -0.03663333 0.9991187 1.2888184
-0.2962903 0.9541322 0.03853399 -32.30652 -0.95466393 -0.2968886 0.01071918 -105.74939 0.021684106 -0.033608623 0.99919945 1.3259277
-0.28909227 0.95659906 0.03870568 -32.565063 -0.9571877 -0.2896117 0.008443852 -106.632324 0.01928679 -0.034611195 0.9992149 1.3549805
-0.28195307 0.95875496 0.039743662 -32.817993 -0.95945615 -0.28233537 0.0042506144 -107.500854 0.015279695 -0.03692117 0.9992014 1.3880615
-0.2754919 0.9605464 0.039749965 -33.06543 -0.9612982 -0.2757366 0.00070207287 -108.38574 0.011637266 -0.038020216 0.9992093 1.4196777
-0.26739 0.96245235 0.042452842 -33.30017 -0.9632697 -0.26778838 0.00386895 -109.2605 0.01511039 -0.0398486 0.9990909 1.4454346
-0.26240897 0.9640727 0.043148864 -33.53174 -0.96485555 -0.26296517 0.007675023 -110.13342 0.018725526 -0.039609525 0.99903977 1.4696045
-0.25503927 0.96577275 0.043963343 -33.75818 -0.96658856 -0.25561497 0.007911972 -111.007935 0.018888308 -0.040485695 0.9990016 1.4914551
-0.24792312 0.9678888 0.04421038 -33.970947 -0.96873575 -0.24845791 0.0069671893 -111.88904 0.01771069 -0.041100677 0.9989983 1.5205078
-0.23852131 0.9702438 0.040065113 -34.193115 -0.97092265 -0.23900294 0.007614721 -112.77197 0.016978916 -0.03708646 0.9991678 1.5419922
-0.23203062 0.97218555 0.035970803 -34.406982 -0.972706 -0.23247515 0.008664295 -113.66174 0.016769294 -0.032977402 0.9993157 1.572876
-0.22471973 0.9738225 0.034280855 -34.609985 -0.9742961 -0.22512509 0.008407599 -114.55249 0.015910434 -0.031521402 0.9993767 1.6015625
-0.21621081 0.97548264 0.041392244 -34.803467 -0.97623104 -0.2166786 0.0071197227 -115.454956 0.015916906 -0.038886018 0.9991173 1.6292725
-0.20923555 0.97691363 0.045327693 -34.988525 -0.977842 -0.20971869 0.0061332975 -116.35657 0.01549253 -0.043043263 0.99895346 1.6569824
-0.20635423 0.97770804 0.041565876 -35.176025 -0.97850466 -0.20671391 0.0045126434 -117.260376 0.012984404 -0.03973702 0.9991261 1.6854248
-0.2006117 0.9788358 0.04039742 -35.366577 -0.9795699 -0.20100617 0.0059135305 -118.152954 0.013900484 -0.03837554 0.99916655 1.7098389
-0.19490063 0.98010653 0.03998531 -35.547363 -0.98081464 -0.19531989 0.0068266485 -119.06177 0.014496231 -0.0378836 0.9991771 1.7398682
-0.18916234 0.98145884 0.033804066 -35.736572 -0.9819664 -0.18945909 0.005784358 -119.9353 0.012063788 -0.032100778 0.9994121 1.7504883
-0.1840836 0.9825977 0.025051694 -35.92395 -0.9828757 -0.18424962 0.0044632372 -120.826904 0.009003515 -0.023795303 0.99967635 1.7728271
-0.18058829 0.98337847 0.022355031 -36.077026 -0.9836085 -0.18069635 0.002899535 -121.71362 0.006888467 -0.021466924 0.99974597 1.793335
-0.17406979 0.98435223 0.023645526 -36.235596 -0.9845904 -0.17424345 0.005469892 -122.60217 0.009519181 -0.022330627 0.9997054 1.8029785
-0.17275624 0.98474413 0.025334712 -36.38318 -0.985006 -0.17298087 0.006956211 -123.489746 0.011217776 -0.023750119 0.9996551 1.8221436
-0.170612 0.98504376 0.027410572 -36.529053 -0.985362 -0.17084956 0.0065619783 -124.37927 0.011136347 -0.02589278 0.9996029 1.8387451
-0.16911331 0.9852201 0.02671867 -36.680298 -0.9855349 -0.16930912 0.00522649 -125.261475 0.009675252 -0.025453916 0.9996293 1.8519287
-0.16783777 0.98556685 0.02449743 -36.828003 -0.9858622 -0.16789137 0.0001372518 -126.14148 0.0042465185 -0.024122592 0.9997 1.8753662
-0.16724363 0.98564494 0.024336284 -36.974243 -0.9859452 -0.16718088 -0.004599652 -127.02637 -0.00047218334 -0.024761856 0.99969345 1.8911133
-0.16575542 0.98588425 0.02288271 -37.117554 -0.9861453 -0.16563986 -0.006866434 -127.90662 -0.002978058 -0.023700085 0.9997145 1.8988037
-0.16503978 0.985993 0.02363981 -37.258057 -0.9862743 -0.16504107 -0.0019157873 -128.76587 0.0020171197 -0.023630345 0.9997186 1.9056396
-0.16499853 0.98608947 0.024447294 -37.404907 -0.9863723 -0.16510223 0.0022793235 -129.63293 0.006272015 -0.023731353 0.9996986 1.9190674
-0.16352369 0.9861111 0.025807524 -37.54236 -0.98643494 -0.16360448 0.0010392442 -130.49951 0.005251227 -0.02528892 0.9996663 1.9266357
-0.16439213 0.98604923 0.026427312 -37.675415 -0.986394 -0.164446 -0.00013941154 -131.36072 0.004202695 -0.026074972 0.9996509 1.9385986
-0.16349375 0.9862317 0.021924017 -37.82141 -0.98646754 -0.16354129 0.00037556887 -132.21313 0.0039648954 -0.021571847 0.9997593 1.9655762
-0.1634828 0.98621583 0.023656055 -37.95752 -0.9864765 -0.16359578 0.0029108645 -133.08398 0.006744356 -0.02286087 0.99971575 1.9833984
-0.16291979 0.9860839 0.032950025 -38.087646 -0.9865969 -0.1631137 0.0032694293 -133.93958 0.008600991 -0.031978592 0.99945146 1.99646
-0.16145968 0.98607665 0.039183855 -38.213867 -0.9867802 -0.16180861 0.005882245 -134.7992 0.012143156 -0.03772084 0.99921453 2.0076904
-0.16289793 0.9859092 0.037302107 -38.34082 -0.98650795 -0.16331935 0.008527749 -135.63977 0.014494838 -0.035413448 0.99926776 2.0269775
-0.16220546 0.9861776 0.03488889 -38.48059 -0.98667985 -0.16262388 0.0095003145 -136.52344 0.015026607 -0.032883503 0.9993464 2.0620117
-0.16069399 0.98624575 0.03702163 -38.601685 -0.98677427 -0.16124132 0.012284388 -137.33008 0.018082326 -0.034551956 0.9992391 2.0733643
-0.16000567 0.9867472 0.029997472 -38.755127 -0.98709834 -0.16035746 0.009701542 -138.18433 0.014377289 -0.028067049 0.99950296 2.0959473
-0.15567721 0.98748666 0.022440005 -38.888306 -0.98769397 -0.15585244 0.0062741735 -139.02698 0.009692795 -0.02119052 0.9997285 2.1273193
-0.15438662 0.9879218 0.018408816 -39.026245 -0.98808646 -0.15442823 0.0008542631 -139.85498 0.0036810571 -0.018062452 0.99983025 2.1480713
-0.1515515 0.98845214 0.012805717 -39.14856 -0.9885312 -0.15157415 0.00080919266 -140.68018 0.0027405405 -0.012535803 0.9999177 2.15979
-0.14510049 0.98925656 0.013789365 -39.262573 -0.9893219 -0.14519192 0.0058620595 -141.48926 0.007808352 -0.0127894 0.9998877 2.1862793
-0.1382103 0.9903684 0.011681579 -39.38037 -0.9903728 -0.1383263 0.009785101 -142.32336 0.0112992395 -0.010216435 0.99988395 2.1865234
-0.13052998 0.99145675 0.0047011035 -39.49829 -0.99139625 -0.13057613 0.011401947 -143.1659 0.011915326 -0.0031706952 0.9999239 2.1948242
-0.11989854 0.99276054 0.004452027 -39.596558 -0.9927421 -0.11992778 0.007015075 -143.98083 0.007498631 -0.003576791 0.9999655 2.2218018
-0.1073985 0.9941602 -0.00020308932 -39.68457 -0.99414897 -0.107396394 0.0047602914 -144.75574 0.0047106845 0.0007152015 0.99998856 2.246704
-0.09499418 0.99548 -0.0072004036 -39.774292 -0.99549097 -0.094950326 0.006211685 -145.6322 0.0055004624 0.0077576768 0.9999547 2.27771
-0.07908845 0.9968266 -0.006613467 -39.848145 -0.99682534 -0.079039596 0.007350307 -146.49414 0.0068030227 0.007177744 0.999951 2.2890625
-0.06614841 0.9977759 -0.0063013956 -39.8916 -0.997775 -0.066104904 0.0068832207 -147.26465 0.006450989 0.006741769 0.9999565 2.3070068
-0.052596558 0.9985193 -0.015930735 -39.939697 -0.99861366 -0.052459024 0.0089330925 -148.00977 0.008087816 0.016377091 0.9998331 2.3254395
-0.037618995 0.99920756 -0.011512231 -39.96875 -0.9991742 -0.03744999 0.0145602925 -148.84985 0.014116136 0.012048265 0.9998277 2.3485107
-0.026191121 0.999665 -0.0035922374 -39.970093 -0.99937624 -0.026095884 0.024406265 -149.67151 0.024300724 0.0042224764 0.99969566 2.360962
-0.012046218 0.99992466 0.00028411858 -39.965454 -0.99942017 -0.012049317 0.031755507 -150.37292 0.03176644 0.00010090881 0.99949545 2.3920898
