1.000000000000000000e+00 4.398956837314658088e-19 2.733407509747682871e-20 -8.673617379884035472e-19 -5.583667658079949532e-19 1.000000000000000000e+00 -6.100159232558060012e-19 0.000000000000000000e+00 4.145284534913582806e-20 -2.210423569125054137e-19 1.000000000000000222e+00 0.000000000000000000e+00
9.999434652844420013e-01 -1.206298414327114247e-03 1.056461519425590419e-02 6.459753521709835078e-02 1.200863674627581160e-03 9.999991433673424135e-01 5.207578082552583509e-04 -5.918421131899304077e-03 -1.056523451591914742e-02 -5.080416987786297777e-04 9.999440572854324527e-01 2.864761962424522967e-01
9.998513971720596194e-01 -2.807442983006670258e-03 1.700887594730148347e-02 1.071368719578721512e-01 2.791993823662199201e-03 9.999956680806560971e-01 9.319791346316568317e-04 -9.924379045847683822e-03 -1.701141903794135130e-02 -8.843519537065719577e-04 9.998549042362236960e-01 5.469952684530050568e-01
9.997810458287543778e-01 -6.059170191522830588e-03 2.002865173354077821e-02 9.443714999364699603e-02 6.084848872831240783e-03 9.999807412055762290e-01 -1.221401414421325595e-03 -1.078603510341362426e-02 -2.002086567406186762e-02 1.343005337552856740e-03 9.997986603576439757e-01 9.453535924597133988e-01
9.998209665390558332e-01 -6.890709778195920100e-03 1.762251455994212623e-02 1.025589291397612790e-01 6.924737252602435750e-03 9.999742740707693311e-01 -1.870614481755245116e-03 -1.879925263237043620e-02 -1.760917164887962350e-02 1.992310901683785104e-03 9.998429615451809305e-01 1.203578931259263740e+00
9.998820359052299489e-01 -1.069683218605012830e-02 1.102234491640862596e-02 8.322255774572837050e-02 1.073843022165760740e-02 9.999354153731400130e-01 -3.721717424400065258e-03 -1.770234155549672839e-02 -1.098182264817911327e-02 3.839641130097955820e-03 9.999323260668139257e-01 1.573169761953064683e+00
9.999358863888497817e-01 -1.126577197738277275e-02 -1.142589901836668772e-03 6.566893397241584107e-02 1.126011278464494371e-02 9.999248695098611472e-01 -4.844086775261393328e-03 -3.132754656571165586e-02 1.197076453024629355e-03 4.830910563399853572e-03 9.999876145792943039e-01 1.878217673761801931e+00
9.997982239292461104e-01 -1.096811410168448478e-02 -1.682890049057198315e-02 1.691032083813093917e-02 1.087967811772428545e-02 9.999265686145029086e-01 -5.337599131700465800e-03 -3.708779802931670699e-02 1.688620840619009522e-02 5.153429150957698768e-03 9.998441369339995388e-01 2.183192778592601524e+00
9.993373014336558446e-01 -6.468658988961512035e-03 -3.582058560758315940e-02 9.655462889900942938e-03 6.277521597340513307e-03 9.999654670232660525e-01 -5.445867521875313866e-03 -4.085881671675760385e-02 3.585457669268811431e-02 5.217394072880156101e-03 9.993433985375895778e-01 2.530987921979206412e+00
9.984488638914249536e-01 -3.686452033807748919e-03 -5.555426302860030224e-02 -4.690975806649726881e-02 3.341388565391412331e-03 9.999745539977229480e-01 -6.302894124885182782e-03 -5.413077221201063882e-02 5.557608566854885246e-02 6.107489106438599921e-03 9.984357753047574668e-01 2.877744340969327741e+00
9.971676378138268904e-01 -3.022399223420741809e-03 -7.515029608830832430e-02 -8.947861175538260325e-02 2.547869720229591593e-03 9.999762131951167587e-01 -6.409477367877809174e-03 -5.792169544999421771e-02 7.516788179834331396e-02 6.199850232530614361e-03 9.971516191654729022e-01 3.229496294004287726e+00
9.953433577650773190e-01 -3.430541362202274742e-03 -9.633188075465634603e-02 -1.306121933003662194e-01 2.856448733350883205e-03 9.999773345966163074e-01 -6.096801569509515718e-03 -6.826519055451280016e-02 9.635061434691555293e-02 5.793243834054689033e-03 9.953305972059374174e-01 3.623523550998537512e+00
9.932669127020271604e-01 -4.252721266693241381e-03 -1.157702643481018506e-01 -2.074816590771125790e-01 3.647823584677039981e-03 9.999785695074077108e-01 -5.436350174175356813e-03 -7.566069204204041443e-02 1.157909046169919992e-01 4.977437195482050172e-03 9.932611398412419801e-01 4.020630007624160562e+00
9.911188674612253502e-01 -4.362982297628928939e-03 -1.329073153168549015e-01 -2.914247708532162195e-01 3.732109625890060647e-03 9.999805581738441251e-01 -4.995460546357397870e-03 -8.749449032369598089e-02 1.329265287597476697e-01 4.455070450260697860e-03 9.911158816143951222e-01 4.420018996095437913e+00
9.888158956888027928e-01 -3.430413282675791407e-03 -1.491018313501193959e-01 -3.752847921656682906e-01 2.791405658093789374e-03 9.999860024309313866e-01 -4.494773887273483502e-03 -9.293635604523646510e-02 1.491151657974619515e-01 4.028300074240618277e-03 9.888116305535488149e-01 4.854364396379597935e+00
9.866894927521783210e-01 -2.928636510957924061e-03 -1.625892594939926661e-01 -4.550224310660275218e-01 2.247070856629772208e-03 9.999879019375316203e-01 -4.375688260477357538e-03 -9.291407585567812433e-02 1.626001100913574693e-01 3.952095932897196212e-03 9.866841368022659653e-01 5.232866414482772122e+00
9.845499722057234893e-01 -3.457478640593044262e-03 -1.750696927069079756e-01 -5.382503223922203706e-01 2.570415737634456060e-03 9.999826862224119317e-01 -5.293412366278330526e-03 -1.017014636998821442e-01 1.750849664768181491e-01 4.761626990596102248e-03 9.845418133287926477e-01 5.681398245380504086e+00
9.827717398880514432e-01 -6.464378822795042827e-03 -1.847103631346805608e-01 -6.332303074732456016e-01 5.262869184621369288e-03 9.999616897788318193e-01 -6.994367309911083373e-03 -1.133965535831475552e-01 1.847485042737286032e-01 5.901759942008978112e-03 9.827681111235000433e-01 6.135023015379769795e+00
9.812188177887470886e-01 -6.027470081533621918e-03 -1.928037871068763176e-01 -7.305414217145833611e-01 4.430831410522795971e-03 9.999522395533810837e-01 -8.711276498380748565e-03 -1.281898227663099965e-01 1.928470890028244622e-01 7.693387249675050915e-03 9.811986613125993628e-01 6.567030015060735693e+00
9.796270396882895692e-01 -5.849849970756676280e-03 -2.007402336430579581e-01 -8.267119072715540806e-01 3.781867623987644061e-03 9.999357756263540509e-01 -1.068373034369744963e-02 -1.208824627674683211e-01 2.007898429149719277e-01 9.706898048661686054e-03 9.795862473932561709e-01 7.039074932581374178e+00
9.780746880168403878e-01 -6.477277770927380995e-03 -2.081536656136946661e-01 -9.469418271608631699e-01 3.802038926283193582e-03 9.999049897748835125e-01 -1.324975160066046813e-02 -1.395569889465406999e-01 2.082197148029792111e-01 1.216783824983558825e-02 9.780063880724534364e-01 7.518909130471842062e+00
9.762990650607280552e-01 -1.005121540069184652e-02 -2.161922929748257005e-01 -1.046118082434357444e+00 6.959509258936237043e-03 9.998624121463896008e-01 -1.505729046449195106e-02 -1.486295078952600546e-01 2.163138953450113866e-01 1.319582626884340318e-02 9.762346899952392132e-01 8.042674853037308225e+00
9.744192856506755929e-01 -1.554950624811246226e-02 -2.241991691681329835e-01 -1.161004656240384403e+00 1.223904088113455212e-02 9.997947037365222389e-01 -1.614794841477767973e-02 -1.655730105972597066e-01 2.244042384159985748e-01 1.299088948744399688e-02 9.744095523668423464e-01 8.551183234429078794e+00
9.724376074949089288e-01 -1.660533735184685847e-02 -2.325711957093742621e-01 -1.306742834633918715e+00 1.263461931909211702e-02 9.997480540027605667e-01 -1.855249014790581394e-02 -1.863606935563083544e-01 2.328206747037654678e-01 1.510269054805534958e-02 9.724024081714733869e-01 9.053319032896185448e+00
9.704020545704622469e-01 -1.288992743788696521e-02 -2.411507846590283388e-01 -1.461417330371179935e+00 7.740867177054334969e-03 9.997216401477796444e-01 -2.228724257569869929e-02 -1.907173475377124394e-01 2.413709430635671283e-01 1.976086976292517824e-02 9.702317131485530544e-01 9.583317530528384864e+00
9.683257867738267466e-01 -1.011144681793984396e-02 -2.494853260451809773e-01 -1.622379361124427710e+00 3.901795862586987951e-03 9.996704682104528006e-01 -2.537185387646383183e-02 -2.071825440007360464e-01 2.496596631515864140e-01 2.359477955018406473e-02 9.680461457911261336e-01 1.011930605108855374e+01
9.659074325881203960e-01 -1.240533531712307430e-02 -2.585902895283526126e-01 -1.762822600184483113e+00 5.484647304680328322e-03 9.996076529321042958e-01 -2.746741400722111856e-02 -2.297347068325887864e-01 2.588295793262586630e-01 2.511270281268590532e-02 9.655965008857690934e-01 1.069721850398642893e+01
9.636061462131236821e-01 -1.432264280567598774e-02 -2.669420448550063885e-01 -1.935424617316071183e+00 6.778554057035248055e-03 9.995517356075401816e-01 -2.916125914163920571e-02 -2.603316123510903690e-01 2.672400551432880800e-01 2.629048746729415603e-02 9.632712830671585902e-01 1.125263257791644556e+01
9.614379212478805226e-01 -1.452140454096802549e-02 -2.746383999793099995e-01 -2.104093081408192845e+00 5.998303726771840594e-03 9.994747134959466317e-01 -3.184835036391678309e-02 -2.792076886214421294e-01 2.749566236482836601e-01 2.897284725707147124e-02 9.610199950578370842e-01 1.181461093591654432e+01
9.589950570938875485e-01 -1.401710151987010933e-02 -2.830759608094914892e-01 -2.292885234764633573e+00 4.184827966673259139e-03 9.993676959248595226e-01 -3.530857608131104247e-02 -3.022988293453336972e-01 2.833918994980794692e-01 3.267612578977249077e-02 9.584473401602902065e-01 1.240949095254007162e+01
9.569026625350961490e-01 -1.526115814563903071e-02 -2.900075682866460336e-01 -2.481197945432578322e+00 3.594753081036150023e-03 9.991642053779677957e-01 -4.071815845880776691e-02 -3.395380725491943807e-01 2.903865927691502424e-01 3.792080873822078341e-02 9.561577489304529109e-01 1.300192927229195483e+01
9.550575932767624288e-01 -1.639572327520845765e-02 -2.959665046838715896e-01 -2.703206034029068672e+00 2.388840129940679891e-03 9.988623992862729617e-01 -4.762563090961446921e-02 -3.736121017179175330e-01 2.964106747325154223e-01 4.477820392484214290e-02 9.540102862449326704e-01 1.361561334322054684e+01
9.536813169865825390e-01 -1.684366660267920535e-02 -3.003468571306922574e-01 -2.910000501921479188e+00 1.084762989627041847e-04 9.984503672752170766e-01 -5.564936930368095946e-02 -4.091370948899414328e-01 3.008187743938492975e-01 5.303918351737297449e-02 9.522052887580508829e-01 1.424192667981653493e+01
9.524811724143624758e-01 -1.613787095974456715e-02 -3.041696620860400713e-01 -3.093989575977190043e+00 -3.591151587128820714e-03 9.979311624203089925e-01 -6.419111062599161532e-02 -4.528836125618433961e-01 3.045762975328887845e-01 6.223314397887048238e-02 9.504526904441407131e-01 1.485114934837619849e+01
9.512598709506169259e-01 -1.576476524006670613e-02 -3.079872206225472975e-01 -3.350364414773873367e+00 -7.090866407152724218e-03 9.973104026984884740e-01 -7.294984759130718199e-02 -5.040392673251715694e-01 3.083089015161301627e-01 7.157815923091072341e-02 9.485895795419383436e-01 1.551656114220572569e+01
9.497685581071152461e-01 -1.415816621092927385e-02 -3.126327402459271321e-01 -3.556375376835927860e+00 -1.151574764311484589e-02 9.967184805710607165e-01 -8.012276846035792932e-02 -5.551501616760585733e-01 3.127412266456617296e-01 7.969828647214352579e-02 9.464888326838054589e-01 1.614913633075646970e+01
9.480940796438576124e-01 -1.333972244267686742e-02 -3.177100341502043235e-01 -3.778613179132484845e+00 -1.493951653204540417e-02 9.961478924335239737e-01 -8.640710171446829013e-02 -6.215514822923430271e-01 3.176388330930794979e-01 8.666849639973873975e-02 9.442426306898631383e-01 1.679773937061380451e+01
9.464739041507926887e-01 -1.237951484437355143e-02 -3.225428563204162380e-01 -4.025163765088893619e+00 -1.851863680333012616e-02 9.955357238035329459e-01 -9.255097353293220697e-02 -6.879295877375730672e-01 3.222486775633735534e-01 9.357013583852176464e-02 9.420193319238662211e-01 1.748638868681541680e+01
9.447186942761118811e-01 -9.903787269581045688e-03 -3.277323624609451147e-01 -4.255330858475981692e+00 -2.356291208237591694e-02 9.949086550473893453e-01 -9.798753629618034422e-02 -7.687859050863906640e-01 3.270342172298240091e-01 1.002929868202239311e-01 9.396754438905369211e-01 1.817628897224197360e+01
9.429072814779343448e-01 -7.123481702302905151e-03 -3.329791467872273980e-01 -4.526081761576064011e+00 -2.809411787841632063e-02 9.945068643787510210e-01 -1.008306363856276006e-01 -8.400377802922239789e-01 3.318683180111181574e-01 1.044286973086728104e-01 9.375276364130878948e-01 1.886509984594556144e+01
9.413777911827473366e-01 -7.003186433198052736e-03 -3.372814955543481652e-01 -4.799321714369773062e+00 -2.936984338662032915e-02 9.942871170606789599e-01 -1.026184249371112217e-01 -9.255688367688568174e-01 3.360733075274863202e-01 1.065086115826024693e-01 9.357941280220843927e-01 1.956447166381753533e+01
9.392459419455642111e-01 -5.627467960471517136e-03 -3.431987611576505781e-01 -5.088832952572651891e+00 -3.115785215740858594e-02 9.943398092013792100e-01 -1.015752532972031136e-01 -1.010633227767761655e+00 3.418278079845737949e-01 1.060974813914138948e-01 9.337542913517284937e-01 2.026176181768106233e+01
9.369510684558131075e-01 -6.237425180705962781e-03 -3.494049044920013447e-01 -5.338354284179946063e+00 -3.072618887342389374e-02 9.944980498996830454e-01 -1.001475414593778479e-01 -1.093012933122914143e+00 3.481071648632714233e-01 1.045692277122914626e-01 9.316043585947607619e-01 2.096548644016071350e+01
9.344465668565153926e-01 -5.850362864406296118e-03 -3.560553107194066591e-01 -5.625414101273356948e+00 -3.125875127351514932e-02 9.946578582071158303e-01 -9.838005680564639033e-02 -1.185237076500848197e+00 3.547287778341876585e-01 1.030607513565599126e-01 9.292717462387359850e-01 2.171258358512221420e+01
9.315227659363590762e-01 -5.950894268890173124e-03 -3.636343226978996368e-01 -5.946007522403224499e+00 -3.077468104252399292e-02 9.949901337641785526e-01 -9.511862448491277544e-02 -1.266648070501860790e+00 3.623786104353172721e-01 9.979589506266717258e-02 9.266728250996123517e-01 2.242262804434704293e+01
9.278452366221293657e-01 -2.297027101735744058e-03 -3.729583591413642707e-01 -6.253395936609353001e+00 -3.353255874216402171e-02 9.954174173675748305e-01 -8.955296045156792284e-02 -1.340307074761807771e+00 3.714549585560352196e-01 9.559753641079114794e-02 9.235162844621920275e-01 2.320919269288073394e+01
9.244740826607379391e-01 2.926799972350734437e-04 -3.812447793936376561e-01 -6.580278013617291144e+00 -3.505483335676742862e-02 9.958287427657044333e-01 -8.423938372973606425e-02 -1.425910065101041013e+00 3.796298606494063477e-01 9.124159970227105343e-02 9.206281238198329442e-01 2.393522756809760921e+01
9.209244668130880385e-01 3.352893069318314129e-03 -3.897266752400252998e-01 -6.901284013712976062e+00 -3.754963212826448182e-02 9.960744633959814909e-01 -8.016039258934518075e-02 -1.493651705693094245e+00 3.879280263147580343e-01 8.845576055067234933e-02 9.174352445386820820e-01 2.468223290125151692e+01
9.170588318085654000e-01 3.895049362309273549e-03 -3.987328984666433929e-01 -7.240877571424367609e+00 -3.831123455942360423e-02 9.961869909195842920e-01 -7.838193973006118975e-02 -1.573847203457700905e+00 3.969072315651592242e-01 8.715680012319765302e-02 9.137113028465829734e-01 2.541199063459375296e+01
9.130838270578123250e-01 4.628870880730173894e-03 -4.077456252502139611e-01 -7.592055744670280326e+00 -3.963256680222336514e-02 9.962088313426894493e-01 -7.744174620156372979e-02 -1.652858902743940206e+00 4.058413319119237861e-01 8.687081215555435276e-02 9.098056268595421381e-01 2.617360268315549732e+01
9.092057555549244441e-01 4.798811904949939686e-03 -4.163194229550838954e-01 -7.948467918499328988e+00 -4.030692444244766276e-02 9.962512103818932374e-01 -7.654330609949676345e-02 -1.717937205217850094e+00 4.143914191846753692e-01 8.637417039639726235e-02 9.059907603727829217e-01 2.693705369825146434e+01
9.052850362312565569e-01 4.880103031124861587e-03 -4.247766284743242360e-01 -8.335181549163788617e+00 -4.045996686030223222e-02 9.963788137298800196e-01 -7.478135254413059707e-02 -1.796294396691772155e+00 4.228734997112617022e-01 8.488488815381539654e-02 9.022042798728004964e-01 2.773243295315294077e+01
9.013285656672233026e-01 6.446943304935347924e-03 -4.330880393498974246e-01 -8.719019188107800744e+00 -4.193463720925492272e-02 9.964908648089046972e-01 -7.243923396454378383e-02 -1.869373432872483143e+00 4.311012706165738284e-01 8.345294103101265348e-02 8.984360326976874589e-01 2.853009003949907907e+01
8.975934857419644031e-01 6.861952322011036914e-03 -4.407707386309477893e-01 -9.098496340421799999e+00 -4.112537991732785614e-02 9.968216430602324651e-01 -6.822986969370598009e-02 -1.938113233648784073e+00 4.389016293021740234e-01 7.936955098200101921e-02 8.950228142558130928e-01 2.930263306828332404e+01
8.939261242601210800e-01 7.443310727496660860e-03 -4.481525158230310613e-01 -9.541102239567399224e+00 -3.973735495785099547e-02 9.972409751717632442e-01 -6.270071870486941534e-02 -2.000068914874104653e+00 4.464493586290710359e-01 7.385820632829322163e-02 8.917555379828916440e-01 3.010468745586365458e+01
8.901012140178012899e-01 7.581229655755805652e-03 -4.556998459331022544e-01 -9.957886615071572578e+00 -3.830035923255029756e-02 9.975691154373781400e-01 -5.821462423625016480e-02 -2.067616674191566251e+00 4.541507615709197143e-01 6.927037573036122498e-02 8.882278451621495874e-01 3.091299876874066399e+01
8.863819136264223797e-01 6.589587872549883089e-03 -4.629078485299308321e-01 -1.039689234308839971e+01 -3.681370224198594887e-02 9.977356211240405726e-01 -5.628838008017497674e-02 -2.134180518621549449e+00 4.614887404730566023e-01 6.693435394711987063e-02 8.846173969071087217e-01 3.174074870469655707e+01
8.830572842087831553e-01 6.699371010262869519e-03 -4.692173769472157141e-01 -1.083749956628050803e+01 -3.685449844562469629e-02 9.977997280768660104e-01 -5.511305344148778596e-02 -2.199395135332324891e+00 4.678157563684501308e-01 6.596075456678891780e-02 8.813612206634997559e-01 3.254649684215091554e+01
8.800421240439106896e-01 6.386155813910263969e-03 -4.748526849676804051e-01 -1.129158187513140987e+01 -3.610300013748684450e-02 9.979155866849748202e-01 -5.348883338755276023e-02 -2.252254774945405824e+00 4.735213158187813742e-01 6.421603325784626393e-02 8.784383125605113030e-01 3.335886279074231453e+01
8.770641140311049577e-01 5.432836558982028982e-03 -4.803426064493752090e-01 -1.176025246500464050e+01 -3.460947234264717676e-02 9.980520993490369364e-01 -5.190560154218811645e-02 -2.311665661646030490e+00 4.791249603577079075e-01 6.214894471972033652e-02 8.755437085407641318e-01 3.418764882100020230e+01
8.747105963626397029e-01 4.470408878255513821e-03 -4.846249925318965035e-01 -1.225551428371820428e+01 -3.376271212812927830e-02 9.980901040783454192e-01 -5.173222855213762544e-02 -2.372322368069414100e+00 4.834681533308992085e-01 6.161298272990770736e-02 8.731909239578878879e-01 3.502374641601374350e+01
8.724792117029364080e-01 4.066381761942744130e-03 -4.886343059451065396e-01 -1.271140883240680530e+01 -3.379245081282171437e-02 9.980735104564949500e-01 -5.203208676687154366e-02 -2.433714125484909285e+00 4.874813831142184584e-01 6.190906492320119581e-02 8.709358033037297719e-01 3.587266724808442575e+01
8.706883814904965435e-01 3.836821312968746647e-03 -4.918201056729645804e-01 -1.321325126000604655e+01 -3.394553458340591329e-02 9.980538397876995704e-01 -5.230902051521926777e-02 -2.488426935704328269e+00 4.906622530204383659e-01 6.223995294460820532e-02 8.691241260334915397e-01 3.673133604588971224e+01
8.704113982800956162e-01 4.438139221802119005e-03 -4.923050841289586810e-01 -1.372240192410277970e+01 -3.432558780788316777e-02 9.980730351005315804e-01 -5.169110840962152370e-02 -2.551569548334672977e+00 4.911270256182362903e-01 6.189119146789476972e-02 8.688864884836370317e-01 3.762735055694447084e+01
8.702106224129693146e-01 4.017667029544017346e-03 -4.926635019771699597e-01 -1.421877448961179979e+01 -3.303995754882738806e-02 9.981915457060970276e-01 -5.021951160297784267e-02 -2.610686135509104666e+00 4.915707857270849579e-01 5.997913374771344369e-02 8.687696305038501432e-01 3.850576148533298948e+01
8.700675293220577755e-01 2.209486656074009445e-03 -4.929275887748116314e-01 -1.473765656205690711e+01 -3.064745490185918908e-02 9.982977891982609542e-01 -4.962114110012982165e-02 -2.670273279620608342e+00 4.919788933200350267e-01 5.828071977852346958e-02 8.686542067982474524e-01 3.936592799769129414e+01
8.694476503285306634e-01 1.060645471895027211e-03 -4.940239402485676057e-01 -1.525791187593192788e+01 -2.962105581473605323e-02 9.983104859593371350e-01 -4.998766575382348337e-02 -2.735678957526960886e+00 4.931362691544949883e-01 5.809516933362209035e-02 8.680101244361612123e-01 4.028373509596944047e+01
8.681583224534673571e-01 -1.093965775198980954e-04 -4.962873263721375716e-01 -1.578256292992110055e+01 -2.876149071990002221e-02 9.983081803207380922e-01 -5.053270035636384105e-02 -2.798102377658876705e+00 4.954532343321570442e-01 5.814434779218327631e-02 8.666864093950891190e-01 4.120066959525795625e+01
8.667247439583839475e-01 -1.087630797122781648e-03 -4.987855554808386938e-01 -1.632026100208421227e+01 -2.691560241647619062e-02 9.984386229554246261e-01 -4.894759016705854671e-02 -2.860114277471813349e+00 4.980600086392446557e-01 5.584920132456572262e-02 8.653421862899959294e-01 4.210019094330043998e+01
8.647200505388984437e-01 -1.378285583140204020e-03 -5.022522568881024885e-01 -1.685530856355932272e+01 -2.466192670164848305e-02 9.986734662866968426e-01 -4.520063217566477193e-02 -2.919747532274301616e+00 5.016483103513823538e-01 5.147240130855392642e-02 8.635389797559775982e-01 4.302561146908098522e+01
8.619582492869740653e-01 -1.252778089714237523e-03 -5.069777134855024681e-01 -1.742264189934423158e+01 -2.260575293071037314e-02 9.989073883836906420e-01 -4.090243767023461069e-02 -2.986036986369414503e+00 5.064750341475541262e-01 4.671680647437739115e-02 8.609881444014296781e-01 4.393035739914493831e+01
8.583452301291275566e-01 -2.222831768612995498e-03 -5.130677535768222164e-01 -1.797886465076712526e+01 -2.062886493984516720e-02 9.990324979852659437e-01 -3.883964389167721132e-02 -3.041258743214960258e+00 5.126577023190648230e-01 4.392182841365994267e-02 8.574689256048033670e-01 4.483772926403003112e+01
8.528561669321655936e-01 -4.683596691650418302e-03 -5.221249056584835735e-01 -1.852818606883998243e+01 -1.935074656547881508e-02 9.989893276311707648e-01 -4.056934704549511328e-02 -3.111087772058120038e+00 5.217872278934955199e-01 4.470332448792683350e-02 8.519035784010737800e-01 4.574696082206678227e+01
8.469726577656593314e-01 -7.488166152905925861e-03 -5.315837082251027024e-01 -1.908725292322063893e+01 -1.869867054833333070e-02 9.988625470484538971e-01 -4.386310355744645062e-02 -3.175213941505031112e+00 5.313075201278394388e-01 4.709075798943105490e-02 8.458692482010360392e-01 4.662895003385351345e+01
8.408606587254477960e-01 -8.132921948357752992e-03 -5.411905417588314116e-01 -1.968824916239252332e+01 -1.833122685482854383e-02 9.988855523770252542e-01 -4.349275116535826491e-02 -3.237309696821142335e+00 5.409411457171802162e-01 4.649202993660183497e-02 8.397744778761974116e-01 4.754716689950096509e+01
8.348184716295254937e-01 -5.142795698485605645e-03 -5.505012853690707253e-01 -2.028245645436670230e+01 -1.923895608602466806e-02 9.990730434039175600e-01 -3.850865547427161084e-02 -3.277139217973302543e+00 5.501890462034682017e-01 4.273880686678518948e-02 8.339456898844117561e-01 4.842098084099180966e+01
8.298812889535644999e-01 -1.032802004024698525e-03 -5.579390410483608953e-01 -2.087229361240629189e+01 -2.134379359736090706e-02 9.992075448957353778e-01 -3.359649891243481762e-02 -3.340334947458396098e+00 5.575316075528915505e-01 3.978964142228312573e-02 8.292016021529009517e-01 4.929401629041602462e+01
8.255623530349922579e-01 -1.071347487452554287e-03 -5.643098858777043647e-01 -2.148844494685083717e+01 -2.253907070784913827e-02 9.991376435070270512e-01 -3.487061315649635923e-02 -3.389376761753287504e+00 5.638606178492651111e-01 4.150688574705189982e-02 8.248262775868310248e-01 5.018497685001388220e+01
8.220876966618787529e-01 -2.433049735167298194e-03 -5.693556823281183954e-01 -2.211699930096379418e+01 -2.418366183099162139e-02 9.989391871012940349e-01 -3.918738341302909628e-02 -3.441306037381576477e+00 5.688470571329801162e-01 4.598457096792651910e-02 8.211567761676025201e-01 5.105701337639683146e+01
8.192120789568724248e-01 -4.720138078679002140e-03 -5.734712579022687162e-01 -2.271838384329533156e+01 -2.639450326534166849e-02 9.985961637732028162e-01 -4.592419777438452172e-02 -3.515436920036290935e+00 5.728829765969788435e-01 5.275814649961636099e-02 8.179374544575981343e-01 5.189851172375205124e+01
8.159028282478529848e-01 -5.879280409228104277e-03 -5.781591497820028902e-01 -2.334826809699285732e+01 -2.649870594194556755e-02 9.985173529557699323e-01 -4.754907438901632977e-02 -3.571008636063901509e+00 5.775815081159725306e-01 5.411589355873451523e-02 8.145373398092606854e-01 5.277005526268206381e+01
8.127138492931408331e-01 -4.566739205731812010e-03 -5.826451214275634172e-01 -2.397291681087603976e+01 -2.592819303799222264e-02 9.986952702444450436e-01 -4.399415919865613117e-02 -3.634482620788184626e+00 5.820858468804941399e-01 5.086159760155938708e-02 8.115350708633675136e-01 5.362400563131078712e+01
8.096250330849164012e-01 -2.312510429122249279e-03 -5.869428860362418954e-01 -2.461608280639200785e+01 -2.493208309280191964e-02 9.989541712292140385e-01 -3.832694957133228608e-02 -3.686892270660434789e+00 5.864176858580794072e-01 4.566416651886882200e-02 8.087206490446295915e-01 5.448111663943843297e+01
8.066841806275627524e-01 -1.036670405662560787e-03 -5.909818536336312045e-01 -2.528861735477332218e+01 -2.462291580020943560e-02 9.990711697761786025e-01 -3.536254780364296579e-02 -3.758923599645825231e+00 5.904696013139602018e-01 4.307810419200325952e-02 8.059093829527049779e-01 5.537203070624506296e+01
8.034348857521291798e-01 -5.405947955184320884e-04 -5.953923792800075443e-01 -2.590752491708841632e+01 -2.584496042134043839e-02 9.990253394157107003e-01 -3.578280699444976592e-02 -3.806211523065789581e+00 5.948314280503050888e-01 4.413704780346948409e-02 8.026378386131519660e-01 5.622834451958768653e+01
7.997434085629336886e-01 -1.704524084734690848e-03 -6.003395440460487231e-01 -2.658114194036937050e+01 -2.579625914533692499e-02 9.989747979443442949e-01 -3.720088891013657167e-02 -3.855331400274096598e+00 5.997874948626136238e-01 4.523768003504011204e-02 7.988795404654596144e-01 5.707156530798933147e+01
7.959038675168608190e-01 -3.751901276167765500e-03 -6.054113889666106196e-01 -2.722829484795265031e+01 -2.541874072706395288e-02 9.988919669133088375e-01 -3.960714712607288357e-02 -3.923607476833958163e+00 6.048891856492611963e-01 4.691227660389106491e-02 7.949266119327591529e-01 5.792812391476239497e+01
7.917493680187973615e-01 -4.460480429675902671e-03 -6.108297923500478621e-01 -2.787841864798973290e+01 -2.535031882967934622e-02 9.988719193583385225e-01 -4.015283426797867233e-02 -3.971067232104753320e+00 6.103198385379154933e-01 4.727571103741371600e-02 7.907431371308888401e-01 5.877159372904962709e+01
7.872657106468277100e-01 -4.856628425709121587e-03 -6.165947670404893222e-01 -2.856112525700380189e+01 -2.457187870306099670e-02 9.989275941951663018e-01 -3.924136055535179524e-02 -4.033352449124514294e+00 6.161241185624927175e-01 4.604426930791910566e-02 7.863021067007769371e-01 5.962830644881213971e+01
7.823593677257215662e-01 -5.034274697803628289e-03 -6.228069270777181199e-01 -2.923094232433565054e+01 -2.427231536886221078e-02 9.989612477722823458e-01 -3.856527195918958706e-02 -4.092983755760161380e+00 6.223541438985105145e-01 4.528886780093957509e-02 7.814244975519648584e-01 6.045654990004483409e+01
7.767956196109609968e-01 -6.603093598880451290e-03 -6.297181567680435466e-01 -2.994024538924945489e+01 -2.323053381935264242e-02 9.989640089686983027e-01 -3.913120399899024104e-02 -4.144435184794170723e+00 6.293241722599425270e-01 4.502563665363557704e-02 7.758374738019058192e-01 6.129444352518361683e+01
7.717783025049297363e-01 -7.289072250640210582e-03 -6.358499143097323669e-01 -3.064508711207674452e+01 -2.376121197132986460e-02 9.989053923340603935e-01 -4.029171149246091321e-02 -4.206314014092625619e+00 6.354476082720666996e-01 4.620483316237365690e-02 7.707603117513164293e-01 6.214658064381752922e+01
7.660323711109662259e-01 -8.484852477374522917e-03 -6.427459885944382112e-01 -3.133086346909895425e+01 -2.314962963409361932e-02 9.989000839036759061e-01 -4.077642783267099169e-02 -4.264955385465469817e+00 6.423850149874570370e-01 4.611539514290014657e-02 7.649933794765327866e-01 6.293235832384372941e+01
7.605798133073800038e-01 -9.455081931844489321e-03 -6.491755856745449194e-01 -3.203584969090559298e+01 -2.333794757254444019e-02 9.988495829121976088e-01 -4.189094127422793301e-02 -4.326156909197142575e+00 6.488248564573741994e-01 4.701182994105051333e-02 7.594841679891264352e-01 6.379108957671220992e+01
7.543784844684249258e-01 -1.164305122778921779e-02 -6.563364483164075835e-01 -3.277011497682547514e+01 -2.202245142385401977e-02 9.988309962710569812e-01 -4.303083266046645039e-02 -4.388467060230608396e+00 6.560702100631984335e-01 4.691567173675332408e-02 7.532402055889955150e-01 6.458259801754640250e+01
7.480615157423472494e-01 -1.188905197628928496e-02 -6.635228788835239033e-01 -3.352353791636836888e+01 -2.214135931736395738e-02 9.988357307747720570e-01 -4.285957505122533345e-02 -4.453260474678819136e+00 6.632599307687746526e-01 4.675289700441689206e-02 7.469273318914083637e-01 6.544609464297450074e+01
7.419863893772621344e-01 -1.266050642563155970e-02 -6.702953834633592622e-01 -3.427614194194011787e+01 -2.059215676628980626e-02 9.989195317045761469e-01 -4.166212061743016642e-02 -4.507967716822158799e+00 6.700986256571541677e-01 4.471555389372736805e-02 7.409239904069113702e-01 6.624244674446566705e+01
7.358390617492577279e-01 -1.391839996629969101e-02 -6.770134006989260156e-01 -3.503656554991806615e+01 -1.855287505882092028e-02 9.989990320601850327e-01 -4.070288443524792271e-02 -4.573120120183379100e+00 6.769022626938727694e-01 4.251131713161621084e-02 7.348442850458813957e-01 6.705576240907177521e+01
7.286495380762653129e-01 -1.465084814861977378e-02 -6.847300157776369245e-01 -3.579661434393850072e+01 -1.848347010110680880e-02 9.989863673414448586e-01 -4.104386958024477255e-02 -4.635880916121303486e+00 6.846372903844040181e-01 4.256278318103166175e-02 7.276401575468188776e-01 6.786118896666469880e+01
7.227605829426267947e-01 -1.662987612150007219e-02 -6.908983847251676247e-01 -3.658161369340727020e+01 -1.781594882465655297e-02 9.989298579272517520e-01 -4.268174009721013851e-02 -4.702851799148374923e+00 6.908688292659221908e-01 4.315768941724573704e-02 7.216908503735259828e-01 6.865008777096751658e+01
7.165852043672609195e-01 -1.556766852232227376e-02 -6.973258086961776625e-01 -3.735805762198625501e+01 -1.990311932142387399e-02 9.988874131772560450e-01 -4.275279722681060018e-02 -4.761269077250504189e+00 6.972155465940595986e-01 4.451498051921921190e-02 7.154780969173425431e-01 6.945993797091855981e+01
7.113899878977815172e-01 -1.584959966360232828e-02 -7.026187202714970770e-01 -3.817824003560753710e+01 -1.913374550450999342e-02 9.989383068060581072e-01 -4.190655092645997892e-02 -4.820153479987282275e+00 7.025369689353032632e-01 4.325562832582295625e-02 7.103314487607449434e-01 7.024451507810353235e+01
7.065069162905150968e-01 -1.503038232083549718e-02 -7.075465041156799861e-01 -3.897126427092592849e+01 -2.062407162778279526e-02 9.989125428099225878e-01 -4.181362842443083622e-02 -4.880264135162431849e+00 7.074055646088092120e-01 4.413410725046984506e-02 7.054286335674382347e-01 7.104323114358982139e+01
7.017987395914232485e-01 -1.560962806384764805e-02 -7.122042257322858116e-01 -3.980130158689372166e+01 -2.084906618505433587e-02 9.988815709537539611e-01 -4.243729119361232954e-02 -4.948678281574727222e+00 7.120701184561009089e-01 4.463123030461312035e-02 7.006883823187062266e-01 7.184473741552154991e+01
6.964159492716005539e-01 -1.787611439055434431e-02 -7.174156818322494633e-01 -4.064394309346114653e+01 -2.048531810788260452e-02 9.987871369079800443e-01 -4.477283688492006419e-02 -5.017100331934738477e+00 7.173459315591922403e-01 4.587700596113183926e-02 6.952050951780865962e-01 7.262603307974397637e+01
6.913305469572809114e-01 -1.998757904282143574e-02 -7.222621143416738665e-01 -4.147717562220397980e+01 -2.058475152848332837e-02 9.986667133673434726e-01 -4.733987377234687155e-02 -5.085799222554593157e+00 7.222453538467258349e-01 4.759508680578123513e-02 6.899973668362904267e-01 7.343571781806885213e+01
6.864534083573791134e-01 -2.011633777598162767e-02 -7.268954816744240821e-01 -4.233094447785735781e+01 -2.186370151860137639e-02 9.985943920044864086e-01 -4.828269718629034368e-02 -5.151771123593136714e+00 7.268450351554154309e-01 4.903644772005631702e-02 6.850487073637621105e-01 7.421622337978487849e+01
6.816321394694061508e-01 -2.035412904722763011e-02 -7.314118716081287053e-01 -4.321053516696429853e+01 -2.076905904307631279e-02 9.986720162707147797e-01 -4.714711165054954328e-02 -5.223934854698072172e+00 7.314002195551897456e-01 4.732772273644897387e-02 6.803042079880486925e-01 7.501957161822255671e+01
6.763470614627935529e-01 -2.030753460019555506e-02 -7.363030941273758234e-01 -4.404774998780830941e+01 -2.004737538503632843e-02 9.987420692858915983e-01 -4.596065502754560078e-02 -5.289546696240517321e+00 7.363102361463352841e-01 4.584629828433166993e-02 6.750891519758386305e-01 7.577892212284400841e+01
6.714712829941501537e-01 -2.105815103038887609e-02 -7.407313009518292635e-01 -4.492987727667453868e+01 -1.945513972811177203e-02 9.987506159967639574e-01 -4.602938859830925378e-02 -5.367648225493526049e+00 7.407751497122662121e-01 4.531844335901514392e-02 6.702226692744561731e-01 7.655351985770417400e+01
6.664929861677416634e-01 -2.161661223890654765e-02 -7.451978335792527330e-01 -4.580965170683619903e+01 -1.929816504614883035e-02 9.987443295745395133e-01 -4.623142868841480235e-02 -5.432028978434991551e+00 7.452614904251291250e-01 4.519387352187582974e-02 6.652389307224102488e-01 7.733256377311340657e+01
6.621132119225343615e-01 -2.219076236078584147e-02 -7.490751993431888911e-01 -4.669475809116178056e+01 -1.860753864014380587e-02 9.987665077539197300e-01 -4.603501410229923069e-02 -5.504822441235367236e+00 7.491727858792295303e-01 4.441883653053427250e-02 6.608835859839904403e-01 7.810993467997960238e+01
6.582355226663800796e-01 -2.324811110963900460e-02 -7.524529962404364891e-01 -4.759299518656333561e+01 -1.717420735892842901e-02 9.987991734117396270e-01 -4.588308859653678073e-02 -5.572052127504830032e+00 7.526161388068199898e-01 4.312466234144871763e-02 6.570458291159384512e-01 7.889244295472168744e+01
6.540866196895420703e-01 -2.586320549043798211e-02 -7.559773660479084390e-01 -4.849202594784555487e+01 -1.445175145727663896e-02 9.988055966565891897e-01 -4.667469321200013593e-02 -5.641743306960306015e+00 7.562815943903653526e-01 4.145448904534204670e-02 6.529316088790229067e-01 7.964561256673138701e+01
6.500647975462771067e-01 -2.994816482115459505e-02 -7.592883877443428187e-01 -4.939752265383908281e+01 -1.191523033275211814e-02 9.986984685078590385e-01 -4.959230079352927589e-02 -5.722539360674532283e+00 7.597853615094213309e-01 4.128530473845339055e-02 6.488618795155013386e-01 8.042268918882592743e+01
6.453007686758657213e-01 -3.445238317594531002e-02 -7.631513221439338857e-01 -5.031579268344001576e+01 -7.653210854988339376e-03 9.986408373719344311e-01 -5.155488626958017184e-02 -5.796367921601582651e+00 7.638902772725703061e-01 3.910896543553454840e-02 6.441600296969846040e-01 8.119300847752643335e+01
6.388692874756808360e-01 -3.852727688079952972e-02 -7.683499668590689780e-01 -5.123092069626859768e+01 -1.903225365184884211e-03 9.986630034078606277e-01 -5.165833279941249578e-02 -5.862166700114893381e+00 7.693129537506175897e-01 3.446526508397582816e-02 6.379417963954950865e-01 8.195929319115570877e+01
6.306892808819536400e-01 -4.165756691145257318e-02 -7.749165548905871947e-01 -5.217598001584757839e+01 2.197765284324591610e-03 9.986500659257645518e-01 -5.189620059495473475e-02 -5.947843461825263134e+00 7.760323514851077409e-01 3.102729236634417173e-02 6.299294465660917330e-01 8.271168498496751909e+01
6.214749613954291263e-01 -4.271771237097246599e-02 -7.822685332781457168e-01 -5.308886034519255759e+01 4.830495825153429713e-03 9.987022959884872542e-01 -5.069901651271500193e-02 -6.027936833301815511e+00 7.834191398085759150e-01 2.772942404562848268e-02 6.208748196673296027e-01 8.346421518416599383e+01
6.125746814623940217e-01 -4.204484851050630662e-02 -7.892936582194181039e-01 -5.406186442499755174e+01 6.438691097646958954e-03 9.988165264789202746e-01 -4.820881316010761780e-02 -6.101949139788104937e+00 7.903864959839567161e-01 2.444947987824722807e-02 6.121204304405279961e-01 8.420225557454429577e+01
6.035556020499881491e-01 -4.172255958304241230e-02 -7.962285172167706815e-01 -5.505051415853503016e+01 6.106335210496905558e-03 9.988425229680388817e-01 -4.771086835149845190e-02 -6.179178068391000700e+00 7.972975343267767467e-01 2.393412319514806944e-02 6.031117733491084820e-01 8.493629149027434266e+01
5.941133703017994483e-01 -4.250408565255465315e-02 -8.032575515450852688e-01 -5.602426193124141207e+01 4.397364732810570866e-03 9.987596516499172017e-01 -4.959658656684362565e-02 -6.249374840299773304e+00 8.043693038335116841e-01 2.593377833875835925e-02 5.935633698512746692e-01 8.565849787245413438e+01
5.842240117103526531e-01 -4.504133723527600081e-02 -8.103416378731449488e-01 -5.703374928777990505e+01 5.840169957398120941e-03 9.986662895630827874e-01 -5.129848419623803807e-02 -6.339950191522878420e+00 8.115714431287758268e-01 2.523727289938839866e-02 5.837078762437669655e-01 8.636852255772549825e+01
5.744409913820901492e-01 -4.570575754431532856e-02 -8.172689391789056401e-01 -5.806081010000429643e+01 4.470162745831813590e-03 9.986001352180158275e-01 -5.270472051631178156e-02 -6.402284373261550421e+00 8.185337964991566961e-01 2.662242630278710900e-02 5.738411649837975581e-01 8.707259752399922093e+01
5.645742222344765082e-01 -4.709466621935051722e-02 -8.240376372558702034e-01 -5.908895022364573180e+01 7.926149505837181558e-03 9.986341764122287357e-01 -5.164259702135538810e-02 -6.484173727028845313e+00 8.253442523535003961e-01 2.262463305924912113e-02 5.641763939603765543e-01 8.778230219022000824e+01
5.541943970422258392e-01 -4.696955134131860360e-02 -8.310610199920924757e-01 -6.009614227515776008e+01 9.305371488362740653e-03 9.986939009972798376e-01 -5.023845282759400316e-02 -6.570539599416478360e+00 8.323352640060596164e-01 2.010853704708019316e-02 5.539076345773544796e-01 8.846470272933601109e+01
5.438494777903706279e-01 -4.758534841655186198e-02 -8.378325413529920107e-01 -6.116876333669962662e+01 9.988064135149684469e-03 9.986873383785798142e-01 -5.023782147097079903e-02 -6.651059428912371452e+00 8.391233494818597372e-01 1.895348729386438918e-02 5.436108741351119988e-01 8.913956793888205254e+01
5.332048953505013067e-01 -4.824525085497184673e-02 -8.446093312177211931e-01 -6.219035602832033760e+01 8.537114144799004545e-03 9.986285747349468167e-01 -5.165353207145711306e-02 -6.728342416416276173e+00 8.459430648834147526e-01 2.033138938131688958e-02 5.328855210785021779e-01 8.979089163582322897e+01
5.234040122415888341e-01 -4.911423457158387018e-02 -8.506679838786044279e-01 -6.326271292481275310e+01 8.054335069183658075e-03 9.985779994604186971e-01 -5.269826041549136725e-02 -6.808833544332618892e+00 8.520465830046183298e-01 2.073091545153878459e-02 5.230553151434972348e-01 9.043073008051624129e+01
5.134379869481731085e-01 -4.935633719821066329e-02 -8.567061177727691712e-01 -6.436438657143141029e+01 5.826943844512958923e-03 9.985220719605194528e-01 -5.403441964794459401e-02 -6.899034751777058716e+00 8.581069236534495381e-01 2.275134471133207978e-02 5.129667603519235675e-01 9.108028852033723410e+01
