1 0 0 0 0 1 0 0 0 0 1 0
0.99986521 0.00060889812 0.016407042 -2.8827106e-05 -0.00060073075 0.99999969 -0.00050272335 -0.00037734893 -0.016407344 0.0004927994 0.99986527 0.10579283
0.99930211 0.0031765602 0.037218342 0.0086459011 -0.0031663409 0.99999493 -0.00033352273 0.0021398398 -0.037219216 0.00021544404 0.9993071 0.24996317
0.99797512 0.005154494 0.06339624 0.048928845 -0.0052106712 0.99998616 0.00072081936 0.0044527029 -0.063391653 -0.0010496967 0.99798817 0.40582622
0.99524916 0.0047062108 0.097246927 0.10600602 -0.0050457475 0.999982 0.0032458552 0.0040522463 -0.097229909 -0.0037211181 0.99525499 0.57227201
0.99081172 0.0015677875 0.13523935 0.15976632 -0.0023101093 0.99998312 0.0053321919 0.0018172467 -0.13522872 -0.0055956159 0.99079861 0.78914242
0.98464518 -0.0017177273 0.17455921 0.2354173 0.00072508449 0.9999832 0.0057501837 -0.0042647157 -0.17456617 -0.0055353205 0.98462989 0.96059065
0.97608268 -0.0020434959 0.21739002 0.32459962 0.00051072829 0.99997462 0.0071067244 -0.0048820437 -0.21739905 -0.0068257233 0.97605895 1.1712995
0.96415298 -0.0018850848 0.26534031 0.42279948 -0.00086873196 0.99994698 0.010260692 0.0047943778 -0.26534561 -0.010123386 0.96410022 1.3838617
0.94986824 -0.005773 0.31259717 0.54501224 0.00032161593 0.99984703 0.017487759 0.010859362 -0.31265033 -0.016510531 0.94972479 1.6210822
0.93234566 -0.01541983 0.36123924 0.66717654 0.0067600363 0.99965897 0.025223952 -0.00098070383 -0.36150502 -0.021075452 0.93213194 1.8288437
0.91197728 -0.021195651 0.40969277 0.85753795 0.0095962229 0.99949333 0.030348045 -0.0065950347 -0.41012847 -0.023745224 0.91171861 2.0338247
0.88675357 -0.023245876 0.46165757 1.0212952 0.0084025294 0.99938029 0.034182258 0.0030157811 -0.46216611 -0.026432148 0.88639937 2.3023476
0.8586897 -0.025240925 0.51187389 1.2228504 0.0064151737 0.99923756 0.038511511 0.021140948 -0.51245573 -0.029785678 0.85819693 2.4966239
0.82587337 -0.030449258 0.56303285 1.4211604 0.0074560853 0.99904328 0.043092236 0.020876096 -0.56380635 -0.031390709 0.82531027 2.7319122
0.7897667 -0.03622592 0.61233668 1.6455992 0.0095272825 0.99885862 0.046804712 0.023346466 -0.61333337 -0.031130898 0.78921041 2.926674
0.75264121 -0.040699181 0.65717178 1.9207093 0.010716693 0.99871278 0.049577551 0.03442418 -0.65834368 -0.030271399 0.75210855 3.146436
0.71221668 -0.044178147 0.70056809 2.2124999 0.012165023 0.99864452 0.05060769 0.047406927 -0.70185429 -0.027521214 0.71178871 3.3889666
0.6712572 -0.045830743 0.73980624 2.5059133 0.011313665 0.99860386 0.051597804 0.059833463 -0.74113819 -0.026265478 0.67083854 3.5842494
0.6286396 -0.0462914 0.77631779 2.8714649 0.0068047079 0.99851609 0.054030707 0.083242147 -0.77766702 -0.028683226 0.62802176 3.8047714
0.58634962 -0.046882778 0.80870024 3.1951715 0.0035931669 0.9984645 0.055278748 0.094278981 -0.81005016 -0.029506878 0.58561774 4.0233436
0.54646714 -0.047982617 0.83610483 3.5844085 0.0017480917 0.99842053 0.056155105 0.12343391 -0.83747876 -0.029225332 0.54568788 4.2181896
0.50712179 -0.050827899 0.86037431 3.9948854 0.0011006904 0.99829692 0.058327114 0.13461237 -0.86187374 -0.028631945 0.50631407 4.4144281
0.47024527 -0.050512217 0.88108901 4.410292 -0.002262578 0.99828843 0.058438736 0.15867452 -0.88253291 -0.029474071 0.46932612 4.6109481
0.43365669 -0.049778037 0.89970215 4.8829362 -0.0031933501 0.99838178 0.056776903 0.18451995 -0.90107255 -0.027494748 0.43279598 4.7895329
0.39999827 -0.048669014 0.91522273 5.3518254 -0.0021644737 0.99853613 0.054045374 0.20172821 -0.91651338 -0.023599031 0.39930739 4.9684098
0.37035136 -0.046740626 0.92771499 5.8730784 -0.00029389848 0.99872727 0.050435729 0.22535961 -0.92889174 -0.018951595 0.36986626 5.1679603
0.34460202 -0.045067955 0.93766639 6.4210363 0.00079759666 0.99886062 0.047716066 0.2463516 -0.93874857 -0.015695173 0.34424533 5.3248961
0.32387417 -0.044219621 0.94506617 7.0023028 0.0019396732 0.99893608 0.046075466 0.27141833 -0.94609822 -0.013089533 0.32361537 5.5155312
0.30873863 -0.044962018 0.95008357 7.573766 0.0028213743 0.99892098 0.04635638 0.29743741 -0.95114277 -0.011631463 0.30853235 5.6943838
0.29704913 -0.046464212 0.953731 8.1937377 0.0038425193 0.99886545 0.047466297 0.3125651 -0.95485451 -0.010435092 0.29689065 5.8767599
0.28632548 -0.048255664 0.95691642 8.8273891 0.003093391 0.99877227 0.049440788 0.34667582 -0.95812746 -0.01119604 0.28612322 6.0826105
0.27569568 -0.049981142 0.95994463 9.4933446 0.0014012628 0.99866712 0.051594851 0.37249452 -0.96124399 -0.012879342 0.27539824 6.2688527
0.26560776 -0.051717038 0.96269299 10.211119 0.00055128897 0.99856812 0.053492192 0.40554618 -0.96408106 -0.013677219 0.26525595 6.4514364
0.25580384 -0.053931528 0.96522314 10.888266 2.7711697e-05 0.99844306 0.055780336 0.4321524 -0.96672875 -0.014242076 0.25540706 6.6337179
0.2458199 -0.055326189 0.96773525 11.644617 -0.00046860855 0.99836285 0.057196227 0.46428757 -0.96931545 -0.014513459 0.24539153 6.8182094
0.23454453 -0.056688288 0.97045104 12.405993 -0.0012622456 0.99827963 0.058618944 0.49357328 -0.9721046 -0.0149737 0.23406947 6.9985331
0.22423106 -0.059651794 0.9727086 13.135682 -0.0020420851 0.99809393 0.061679306 0.52959015 -0.97453391 -0.015816769 0.22368184 7.1847075
0.21390692 -0.06319843 0.97480752 13.909437 -0.0043709019 0.99783312 0.065650347 0.57016986 -0.97684431 -0.018303851 0.21316718 7.3702426
0.20150806 -0.066833381 0.97720403 14.713695 -0.004347919 0.99759855 0.06912479 0.60876507 -0.97947725 -0.018178006 0.20073356 7.5162759
0.18863231 -0.069178709 0.97960812 15.50874 -0.0052173282 0.99743111 0.071441989 0.64717778 -0.98203397 -0.018587204 0.1877868 7.6783863
0.17353385 -0.069966857 0.98233933 16.317318 -0.0058240532 0.99738278 0.072067162 0.68701344 -0.98481073 -0.018227288 0.17267218 7.803472
0.16033939 -0.069300619 0.98462613 17.11148 -0.0073725702 0.9974204 0.071401683 0.72921608 -0.98703445 -0.018707727 0.15941486 7.9539532
0.14292963 -0.068151246 0.98738364 17.922567 -0.0082225795 0.99751026 0.070040472 0.76359783 -0.98969874 -0.018129699 0.1420134 8.0532512
0.12304002 -0.066859847 0.99014687 18.754587 -0.010951788 0.99757571 0.068722397 0.8025168 -0.99234132 -0.019299483 0.1220095 8.1608249
0.098048407 -0.06538974 0.99303102 19.557424 -0.015599051 0.99761543 0.067231812 0.84382266 -0.99505943 -0.022082313 0.096794584 8.2460912
0.06817182 -0.064696833 0.99557362 20.39117 -0.019879986 0.99760895 0.066190378 0.88116175 -0.99747555 -0.024304308 0.066722644 8.2947158
0.035369224 -0.064716242 0.99727666 21.224907 -0.02255848 0.99759512 0.065536962 0.92131997 -0.99911972 -0.024815037 0.033824264 8.3197697
1.0720721e-05 -0.064004872 0.99794954 22.057458 -0.023856548 0.99766555 0.063986913 0.95722627 -0.99971543 -0.023808317 -0.0015162411 8.2965864
-0.033512589 -0.062929933 0.99745508 22.918201 -0.024908853 0.9977583 0.062112173 0.98859401 -0.99912789 -0.022763922 -0.035004978 8.2519338
-0.064228272 -0.061029881 0.99606727 23.772035 -0.028016008 0.99784507 0.059332284 1.0184437 -0.99754194 -0.024095018 -0.065799679 8.2146088
-0.098340256 -0.057799833 0.99347284 24.598741 -0.02996788 0.9980311 0.055098619 1.0574035 -0.99470157 -0.024353862 -0.099878773 8.1446998
-0.13023667 -0.053335989 0.99004727 25.436267 -0.026912586 0.99837429 0.050244343 1.0804982 -0.99111766 -0.020101076 -0.13146035 8.0072048
-0.16274153 -0.047638043 0.985518 26.299346 -0.022571473 0.99875211 0.04455046 1.0980677 -0.98641057 -0.014994382 -0.16361371 7.8499495
-0.19303057 -0.041720635 0.98030531 27.068642 -0.016838853 0.99908932 0.039204345 1.1152045 -0.98104828 -0.0089395789 -0.19355731 7.671458
-0.22193934 -0.035969863 0.97439675 27.929565 -0.010123868 0.99935048 0.034585106 1.1259115 -0.97500796 -0.0021888677 -0.22215934 7.4795131
-0.25008664 -0.02943452 0.9677759 28.715003 -0.0022898912 0.99955298 0.029809268 1.1416697 -0.96822079 0.0052387993 -0.25004225 7.2433926
-0.2772243 -0.018911201 0.96061906 29.55978 0.0045746456 0.99976897 0.021002119 1.140419 -0.96079438 0.010216791 -0.27707374 6.9567283
-0.30282454 -0.0039005296 0.9530383 30.328598 0.0088878159 0.99993658 0.0069165444 1.12905 -0.95300492 0.010564929 -0.30277067 6.7052831
-0.32651232 0.012880416 0.94510514 31.108154 0.0096729762 0.99990032 -0.0102854 1.1047938 -0.94514349 0.0057836705 -0.32660437 6.4250545
-0.35199079 0.027535632 0.93559831 31.826213 0.0086386828 0.99962018 -0.026169816 1.088634 -0.93596364 -0.0011291964 -0.35209497 6.1317354
-0.37645874 0.038310421 0.92564089 32.60651 0.012440967 0.99926358 -0.036297766 1.0431243 -0.92634989 -0.0021487426 -0.37665812 5.8289868
-0.40016894 0.043649897 0.91540124 33.396327 0.016085071 0.99904572 -0.040606779 0.99991046 -0.91630026 -0.0015252769 -0.40048918 5.4934066
-0.42279571 0.042801038 0.90521367 34.132153 0.017702894 0.99908351 -0.038971023 0.94415932 -0.90605213 -0.00045187843 -0.42316593 5.1358826
-0.44299471 0.039318554 0.89566158 34.869793 0.02237147 0.99921155 -0.032799341 0.90615961 -0.89624509 0.0055073325 -0.44352505 4.7284989
-0.46140063 0.03832419 0.88636372 35.581503 0.029913752 0.99917053 -0.02762994 0.8724735 -0.88668748 0.013765993 -0.46216434 4.3569087
-0.47507881 0.038845668 0.87908536 36.27132 0.03366999 0.99909599 -0.025952714 0.82970657 -0.87929888 0.017269212 -0.47595726 3.9740553
-0.48620871 0.042287606 0.87281887 37.018996 0.036402112 0.99894151 -0.028120177 0.77473303 -0.87308421 0.018100176 -0.48723342 3.5777176
-0.4959666 0.044894756 0.86718022 37.696159 0.038307957 0.99882152 -0.029800474 0.73127024 -0.86749622 0.018439864 -0.49710194 3.1562957
-0.50700068 0.043992133 0.86082225 38.359825 0.031519025 0.998975 -0.032488557 0.67664718 -0.86136921 0.010660559 -0.50786759 2.7758118
-0.51853868 0.04273921 0.85398532 39.049433 0.02989575 0.99904557 -0.031846349 0.65646876 -0.85453142 0.0090169693 -0.5193215 2.3663885
-0.52652997 0.044292912 0.84900193 39.728538 0.032276976 0.99896338 -0.032099104 0.61553454 -0.84954367 0.010502076 -0.5274138 1.9338223
-0.53333308 0.04764072 0.84456268 40.414812 0.036342797 0.99878142 -0.033389884 0.56862905 -0.8451243 0.012885842 -0.53441456 1.4884962
-0.53691288 0.050593156 0.84211925 41.113623 0.036875828 0.99865355 -0.036486433 0.5290517 -0.84283142 0.01146381 -0.53805562 1.0428732
-0.53660915 0.052116057 0.84221997 41.822115 0.036235376 0.99859345 -0.038705468 0.48742431 -0.84305259 0.0097484499 -0.53774283 0.58088874
-0.53346476 0.053196746 0.84414773 42.553365 0.038730774 0.99850972 -0.038448204 0.44293411 -0.84493511 0.012183734 -0.5347301 0.14766537
-0.52791735 0.051976551 0.84770375 43.28748 0.037355408 0.99858065 -0.037963981 0.40612541 -0.84847387 0.011624476 -0.52910965 -0.30331638
-0.52063052 0.05045697 0.8522898 44.054937 0.034769685 0.99867706 -0.037883897 0.35802854 -0.85307385 0.0099103363 -0.52169613 -0.77627148
-0.51374592 0.049810028 0.8564952 44.840526 0.032897455 0.99872275 -0.038348696 0.3086401 -0.85731146 0.0084750272 -0.51472837 -1.234005
-0.50733024 0.048492145 0.86038623 45.642567 0.030103602 0.9988034 -0.038542749 0.25871161 -0.86122579 0.0063468232 -0.50818296 -1.692095
-0.5031357 0.046407888 0.86296044 46.44972 0.025694167 0.99891897 -0.038738817 0.20690153 -0.86382541 0.0026821691 -0.50378421 -2.1458482
-0.50212941 0.043285715 0.86370848 47.271033 0.021172361 0.99906251 -0.037760273 0.16945807 -0.86453331 -0.00067379529 -0.50257513 -2.6154095
-0.50204 0.041297893 0.86385778 48.136492 0.018767665 0.99914425 -0.03685842 0.12019129 -0.86464078 -0.0022918077 -0.50238545 -3.1029589
-0.50347831 0.039683513 0.86309602 48.982152 0.016356956 0.99920343 -0.036399807 0.058020442 -0.86385306 -0.0042088888 -0.50372636 -3.5680286
-0.50381809 0.039277733 0.86291629 49.845516 0.017089789 0.9992234 -0.03550412 0.016195653 -0.86364074 -0.00314056 -0.50409807 -4.0795623
-0.50364752 0.038600057 0.86304644 50.727804 0.016835164 0.99925014 -0.034867327 -0.028164398 -0.86374523 -0.0030313141 -0.50391969 -4.5881943
-0.50390966 0.037873084 0.86292562 51.608799 0.016986532 0.99927957 -0.033938175 -0.085693857 -0.86358935 -0.0024436598 -0.50418996 -5.0991915
-0.50425158 0.037198632 0.86275521 52.510173 0.016454386 0.9993043 -0.033469055 -0.1424378 -0.86340006 -0.0026807161 -0.50451285 -5.6140832
-0.50433041 0.035847726 0.86276631 53.396565 0.014650441 0.99934933 -0.032958794 -0.19124816 -0.86338651 -0.0039822146 -0.50452744 -6.1314077
-0.50501062 0.035425347 0.86238579 54.30685 0.01468209 0.99936537 -0.032454445 -0.24235964 -0.86298828 -0.0037282124 -0.50521024 -6.6258772
-0.50329074 0.034457144 0.86342983 55.206857 0.013293069 0.99939515 -0.032134658 -0.30105079 -0.86401492 -0.0046954432 -0.50344437 -7.1668878
-0.50223283 0.033126661 0.86409765 56.09492 0.012690759 0.9994407 -0.030939115 -0.3557824 -0.86463934 -0.0045725839 -0.50237234 -7.670581
-0.50010111 0.031219754 0.86540403 56.985225 0.013383123 0.99950921 -0.028323783 -0.40508091 -0.86586363 -0.0025829456 -0.50027349 -8.1976375
-0.49752456 0.029959364 0.86693234 57.888028 0.013660505 0.99955008 -0.026702715 -0.45972366 -0.86734236 -0.0014425221 -0.49770997 -8.6867287
-0.4953021 0.029639245 0.86821499 58.77019 0.013956402 0.99956031 -0.026161234 -0.50513077 -0.86860872 -0.00084055593 -0.49549798 -9.1918401
-0.49349493 0.029785373 0.86923847 59.65594 0.014231441 0.99955617 -0.026171194 -0.55868947 -0.86963227 -0.00054483525 -0.49369979 -9.6829053
-0.49230996 0.03004624 0.86990118 60.544599 0.014228346 0.9995483 -0.026471869 -0.60710097 -0.8703037 -0.00065510911 -0.49251509 -10.183797
-0.49283856 0.031545949 0.8695487 61.443363 0.013805692 0.99950028 -0.028435678 -0.65873249 -0.87001128 -0.002009476 -0.49302779 -10.680134
-0.49572184 0.033233987 0.8678452 62.326887 0.01220188 0.99943545 -0.031303376 -0.71548675 -0.86839567 -0.0049284231 -0.4958475 -11.165976
-0.49996996 0.033976891 0.86537596 63.184714 0.011250077 0.99940061 -0.032739324 -0.76385818 -0.86596971 -0.0066331319 -0.50005252 -11.66865
-0.5061957 0.032106072 0.86182077 64.069159 0.010564012 0.99946266 -0.031028913 -0.82253809 -0.86235397 -0.0066024163 -0.50626287 -12.145807
-0.51128421 0.0306394 0.85886531 64.92961 0.014771847 0.99952995 -0.026863799 -0.86792822 -0.85928477 -0.0010480089 -0.51149648 -12.676028
-0.51691038 0.028209442 0.85557455 65.782024 0.011518792 0.99959561 -0.025998728 -0.92085502 -0.85596205 -0.0035838267 -0.51702629 -13.182898
-0.52110592 0.030500324 0.85294683 66.616916 0.012805558 0.99952818 -0.027918363 -0.96820352 -0.85339598 -0.0036259632 -0.52125063 -13.723308
-0.52574216 0.032942756 0.85000582 67.45598 0.013163247 0.99944525 -0.030592739 -1.0195155 -0.85054216 -0.0048950553 -0.52588414 -14.248087
-0.5312939 0.03312936 0.84653953 68.305627 0.011516027 0.9994252 -0.031885009 -1.0793585 -0.84710934 -0.0071915376 -0.53137003 -14.742265
-0.53474569 0.034000032 0.84432872 69.125882 0.010805525 0.99938364 -0.03340034 -1.1315265 -0.84494399 -0.0087372718 -0.53478348 -15.265984
-0.53792443 0.032851557 0.84235267 69.944297 0.010700119 0.99942596 -0.032144307 -1.1879202 -0.84292519 -0.0082779332 -0.53796716 -15.785823
-0.54101909 0.026116393 0.84060467 70.779647 0.01236236 0.99965669 -0.02310141 -1.2330594 -0.84091948 -0.0021064454 -0.54115622 -16.31243
-0.54247728 0.018445019 0.83986792 71.59617 0.01340456 0.9998217 -0.013299783 -1.2666614 -0.83996356 0.0040432306 -0.54262781 -16.846572
-0.5441138 0.015739073 0.83886375 72.414574 0.013630329 0.99985791 -0.0099186371 -1.3033095 -0.83890074 0.0060371229 -0.54425101 -17.375859
-0.54560523 0.020635543 0.83778819 73.22529 0.013432693 0.99978371 -0.015877678 -1.342874 -0.8379347 0.0025908088 -0.54576441 -17.886568
-0.54658307 0.025879058 0.83700488 74.019287 0.013765783 0.99966498 -0.02191892 -1.3865367 -0.83729177 -0.00045848228 -0.54675619 -18.398736
-0.54742767 0.031301863 0.83626735 74.809097 0.02065842 0.99950116 -0.0238886 -1.4156552 -0.83659801 0.0041986827 -0.54780124 -18.927593
-0.54683122 0.031980406 0.83663182 75.603163 0.023594642 0.99946197 -0.022782915 -1.4588347 -0.83691037 0.00728162 -0.54729158 -19.455799
-0.5460074 0.029322966 0.837267 76.397886 0.023200477 0.99953323 -0.019876152 -1.5030496 -0.83745908 0.0085724686 -0.54643285 -19.983622
-0.54570769 0.024007837 0.83763159 77.213305 0.021283522 0.99966414 -0.014785965 -1.5358284 -0.83770531 0.0097589368 -0.54603538 -20.501795
-0.54478094 0.018192226 0.83838101 78.0057 0.019598938 0.99976778 -0.0089587818 -1.565254 -0.83834937 0.011550805 -0.54501098 -21.013644
-0.54491323 0.011424247 0.83841458 78.809889 0.010410118 0.99992229 -0.0068590739 -1.6008602 -0.83842785 0.0049903952 -0.54498981 -21.508065
-0.54342861 0.0062635151 0.83943198 79.628271 0.0021852848 0.99997933 -0.0060467534 -1.6264671 -0.83945258 -0.0014515801 -0.54343106 -22.012491
-0.54158512 0.0070615951 0.84061622 80.410889 0.0054775176 0.99997313 -0.0048712625 -1.6467479 -0.84062811 0.0019662877 -0.54160925 -22.520618
-0.53882227 0.0099449408 0.84236073 81.198335 0.010671815 0.99993066 -0.0049789107 -1.6800516 -0.8423519 0.0063067704 -0.53889104 -23.018107
-0.53299888 0.013069624 0.84601496 81.975366 0.011485437 0.99990033 -0.0082109607 -1.7025924 -0.84603803 0.0053404196 -0.53309586 -23.506755
-0.52519042 0.015648889 0.8508408 82.770997 0.017131503 0.99982271 -0.0078144027 -1.7270076 -0.85081232 0.010472133 -0.5253654 -23.997172
-0.51720255 0.018207462 0.8556693 83.568722 0.024480108 0.99967935 -0.0064749888 -1.7666552 -0.85551289 0.017597997 -0.51748243 -24.488646
-0.50739367 0.017977049 0.8615268 84.362957 0.02327745 0.99970347 -0.0071511262 -1.786596 -0.86139995 0.016425712 -0.50766168 -24.954917
-0.4967525 0.014159407 0.8677767 85.197578 0.017589481 0.99982579 -0.0062450639 -1.8150044 -0.86771403 0.012161491 -0.49691501 -25.41852
-0.48566492 0.012305491 0.8740584 85.991521 0.021122321 0.99977416 -0.0023389065 -1.8309911 -0.87388986 0.017326219 -0.48581517 -25.847418
-0.47398412 0.010591564 0.88046965 86.820263 0.019819324 0.99980266 -0.0013577169 -1.8576265 -0.88031035 0.016806778 -0.4741005 -26.281878
-0.46264066 0.0096820766 0.88649298 87.648198 0.019432561 0.99981087 -0.0007782935 -1.8815418 -0.88633293 0.01686676 -0.46274131 -26.704023
-0.4505435 0.011903105 0.89267508 88.460751 0.023616156 0.9997201 -0.0014111156 -1.8976342 -0.8924421 0.020445786 -0.4506985 -27.113522
-0.43851877 0.014665217 0.89860233 89.292793 0.022589857 0.99973081 -0.0052917647 -1.9323456 -0.89843812 0.017978761 -0.43873201 -27.508011
-0.42678648 0.024096325 0.9040313 90.146239 0.024573502 0.99958485 -0.015042269 -1.9542791 -0.90401853 0.015795379 -0.42720144 -27.902335
-0.41351049 0.030245266 0.90999683 90.972425 0.02648704 0.99942472 -0.021181609 -1.9794265 -0.91011405 0.015344306 -0.41407372 -28.277587
-0.40223915 0.025180452 0.91518825 91.815266 0.021390603 0.99960731 -0.018101659 -2.0171843 -0.91528475 0.012295234 -0.40261982 -28.630212
-0.39013719 0.022640858 0.9204783 92.655319 0.024716964 0.9995949 -0.014110793 -2.0536521 -0.92042496 0.017246285 -0.39053876 -28.981445
-0.38037934 0.022548984 0.92455558 93.497432 0.020485252 0.99966288 -0.015952761 -2.0859703 -0.92460369 0.012871654 -0.38071303 -29.313829
-0.37313368 0.027258225 0.92737704 94.334882 0.016562755 0.99960473 -0.022717111 -2.1246331 -0.92762978 0.0068834005 -0.37343767 -29.634195
-0.36846988 0.0317945 0.92909579 95.177586 0.0079881719 0.99948637 -0.031035301 -2.1661499 -0.92960541 -0.004013796 -0.3685346 -29.958241
-0.36512508 0.034018032 0.9303367 96.021626 0.0058645024 0.99939638 -0.034241603 -2.2088168 -0.93094004 -0.0070465054 -0.36510418 -30.280385
-0.36158513 0.033955866 0.93172051 96.869532 0.0051553133 0.99939411 -0.034421488 -2.2552043 -0.93232488 -0.0076429865 -0.36154111 -30.599041
-0.35650547 0.033687751 0.93368566 97.730985 0.0042638183 0.99939799 -0.03443064 -2.3056686 -0.93428354 -0.008293645 -0.3564345 -30.926266
-0.3513957 0.029964721 0.93574735 98.564722 0.0021215833 0.9995106 -0.031209855 -2.3519951 -0.93622467 -0.0089817423 -0.3512873 -31.219172
-0.34539695 0.025709723 0.93810441 99.423557 0.0014203381 0.99963784 -0.02687316 -2.397529 -0.93845565 -0.0079494815 -0.34530838 -31.531148
-0.33989955 0.022664585 0.94018857 100.28303 -0.00016302262 0.99970813 -0.024158324 -2.4396352 -0.94046177 -0.0083646746 -0.33979665 -31.833726
-0.33409452 0.02127856 0.94229931 101.13595 -0.0051982697 0.99968833 -0.024417549 -2.4881885 -0.94252528 -0.013056095 -0.33387979 -32.119836
-0.32791877 0.021070071 0.94447089 101.974 -0.016411615 0.99947333 -0.027995197 -2.5177103 -0.9445634 -0.024680443 -0.32740027 -32.383753
-0.32120761 0.024624961 0.94668855 102.82608 -0.013563654 0.9994397 -0.030599199 -2.5666606 -0.9469117 -0.022669251 -0.32069363 -32.667091
-0.31457902 0.028431176 0.94880537 103.68703 -0.011920807 0.99935419 -0.033898257 -2.6156356 -0.94915647 -0.021974206 -0.31403694 -32.943006
-0.30742187 0.026505571 0.95120406 104.5282 -0.014258897 0.99937144 -0.032456133 -2.6585753 -0.95146653 -0.023540845 -0.3068507 -33.21461
-0.30053499 0.021921498 0.9535188 105.40397 -0.013213664 0.99954419 -0.027144375 -2.696659 -0.95367929 -0.020757311 -0.30010834 -33.477566
-0.29340946 0.019212466 0.95579375 106.24093 -0.013140019 0.99962254 -0.02412719 -2.7357295 -0.9558966 -0.019638294 -0.29304626 -33.713866
-0.28710931 0.021848116 0.95764859 107.09643 -0.016774661 0.99947187 -0.027831438 -2.7837016 -0.95775098 -0.024054895 -0.28659118 -33.963082
-0.28066278 0.024931713 0.95948253 107.96035 -0.016184498 0.99939751 -0.030703087 -2.8277617 -0.95967002 -0.024145957 -0.28009018 -34.208804
-0.27387111 0.025776646 0.96142088 108.81215 -0.01793603 0.99933005 -0.031902298 -2.8680634 -0.96159919 -0.025981191 -0.2732253 -34.442553
-0.26652429 0.024735797 0.9635107 109.69543 -0.018261493 0.99936158 -0.030707635 -2.9154911 -0.96365523 -0.025779474 -0.26590243 -34.681167
-0.25883008 0.024709376 0.96560673 110.53768 -0.014853612 0.99945273 -0.029556974 -2.9580652 -0.9658087 -0.021992982 -0.25832141 -34.904713
-0.25079058 0.025786859 0.96769781 111.40618 -0.011146368 0.99950195 -0.029523079 -3.0068912 -0.96797723 -0.018190426 -0.25037825 -35.125813
-0.24426115 0.026394701 0.96935016 112.27976 -0.0092541258 0.99952052 -0.029548112 -3.0479268 -0.96966537 -0.016187944 -0.24389978 -35.34047
-0.2377444 0.025173947 0.97100144 113.14272 -0.01593592 0.99942846 -0.029812761 -3.0887397 -0.97119706 -0.022561618 -0.23720735 -35.538525
-0.23194877 0.023152993 0.97245238 114.00595 -0.020961023 0.99936559 -0.028793375 -3.134213 -0.97250218 -0.027062184 -0.23131631 -35.72467
-0.22705214 0.023639968 0.9735956 114.90063 -0.017734745 0.99943921 -0.028403396 -3.1733594 -0.97372115 -0.023715521 -0.22650556 -35.931098
-0.22230669 0.023877238 0.97468433 115.74564 -0.015517834 0.99948679 -0.02802415 -3.218181 -0.97485333 -0.021354945 -0.22182208 -36.121432
-0.21774337 0.025221161 0.97568009 116.63218 -0.015492869 0.99945079 -0.029293185 -3.2603573 -0.97588313 -0.021494481 -0.21723304 -36.308928
-0.21204419 0.024291873 0.97695808 117.48762 -0.0097542453 0.99958861 -0.026971688 -3.299332 -0.97721144 -0.015248678 -0.21172001 -36.499704
-0.20694286 0.023601295 0.97806828 118.3593 -0.00056127281 0.99970596 -0.024242178 -3.33606 -0.97835291 -0.0055657081 -0.20686876 -36.682004
-0.20163277 0.022438727 0.97920409 119.24738 0.0017660697 0.99974425 -0.022545749 -3.3816016 -0.97945964 -0.0028166182 -0.20162083 -36.87146
-0.19753158 0.023843626 0.98000647 120.11164 -0.00036183963 0.99970231 -0.024395759 -3.4196436 -0.9802965 -0.0051735374 -0.19746415 -37.036334
-0.19411085 0.025843075 0.98063909 120.97759 -0.0027658289 0.99963454 -0.026891143 -3.4569227 -0.98097574 -0.007932142 -0.19396844 -37.190296
-0.19230027 0.024930735 0.98101936 121.86517 -0.0054453431 0.99963474 -0.026471209 -3.498294 -0.98132107 -0.010432407 -0.19209428 -37.363605
-0.19168898 0.02368124 0.98116994 122.70949 -0.0068678488 0.99965202 -0.025469073 -3.5405341 -0.98143173 -0.011620667 -0.19145964 -37.516329
-0.19027657 0.019529682 0.98153621 123.59589 -0.0053236088 0.99976689 -0.02092443 -3.5762222 -0.98171613 -0.0092067429 -0.19012824 -37.685715
-0.18997249 0.014091987 0.98168823 124.46084 -0.0054912102 0.99986609 -0.015415564 -3.6120725 -0.9817741 -0.0083191888 -0.18986967 -37.841643
-0.18917941 0.012026873 0.98186884 125.31168 -0.0030574267 0.99991293 -0.012836976 -3.6444385 -0.98193782 -0.0054304828 -0.18912617 -38.002618
-0.18749275 0.016386044 0.98212926 126.19511 -0.0051218951 0.99983095 -0.017659173 -3.6794847 -0.98225268 -0.0083413291 -0.18737712 -38.172673
-0.18768309 0.020453338 0.98201662 127.03485 -0.005770351 0.99974296 -0.021925369 -3.7151046 -0.98221273 -0.0097816008 -0.18751683 -38.318903
-0.18763727 0.019584562 0.98204308 127.88891 -0.0079489326 0.99973819 -0.021456237 -3.744373 -0.98220627 -0.011832183 -0.18743246 -38.472726
-0.18711755 0.018685691 0.98215976 128.75871 -0.0098043727 0.99973375 -0.02088793 -3.7853292 -0.98228864 -0.013537958 -0.18688453 -38.632275
-0.18634207 0.019233551 0.98229661 129.58072 -0.0032932709 0.99979052 -0.020200818 -3.8221776 -0.98247945 -0.0069992305 -0.1862397 -38.788123
-0.18544 0.021592111 0.98241829 130.44801 -0.0059518441 0.99971554 -0.02309574 -3.8636406 -0.9826376 -0.010130074 -0.18525874 -38.948604
-0.1858377 0.022944465 0.98231249 131.26202 -0.016350073 0.9995167 -0.026439483 -3.89188 -0.98244445 -0.020974333 -0.18537274 -39.083127
-0.18534568 0.024466356 0.98236872 132.10509 -0.020179421 0.99938443 -0.028697435 -3.9298069 -0.98246621 -0.025142577 -0.18473787 -39.225472
-0.18548445 0.027388255 0.9822654 132.93762 -0.021916792 0.99924753 -0.032000383 -3.9818366 -0.9824028 -0.02746368 -0.18474462 -39.379653
-0.18458585 0.028521622 0.98240241 133.76834 -0.017512071 0.99932468 -0.032303299 -4.0233184 -0.9826604 -0.023166632 -0.18396173 -39.525536
-0.18307881 0.030048901 0.98263886 134.57336 -0.016530707 0.99929736 -0.033638205 -4.0673621 -0.98295929 -0.022402157 -0.18245344 -39.672034
-0.1810834 0.029141822 0.98303585 135.4139 -0.012540232 0.9994112 -0.031937279 -4.1065588 -0.98338783 -0.018110808 -0.18061134 -39.823957
-0.17777416 0.026393361 0.98371726 136.25621 -0.0025605735 0.99962447 -0.027282893 -4.1529654 -0.98406802 -0.007369073 -0.17763982 -39.974609
-0.17574285 0.021757195 0.98419561 137.04051 0.0026531748 0.99976258 -0.021627562 -4.1879314 -0.98443257 -0.0011896457 -0.17575886 -40.12878
-0.17208108 0.021517298 0.98484772 137.87693 0.0046177242 0.99976805 -0.021036433 -4.2208093 -0.98507201 0.00092778388 -0.17214053 -40.268155
-0.16710026 0.025578123 0.98560803 138.66032 0.0018660697 0.99966984 -0.025626675 -4.2710018 -0.98593818 -0.00244301 -0.16709283 -40.396552
-0.16061442 0.02897489 0.9865918 139.47873 0.0040678813 0.99957996 -0.028694094 -4.3091319 -0.98700889 -0.00059534611 -0.16066483 -40.519874
-0.15279032 0.029161109 0.98782826 140.25661 -0.00095955015 0.99955971 -0.029655842 -4.3495523 -0.9882582 -0.0054789957 -0.15269507 -40.633753
-0.14282473 0.025970153 0.98940718 141.05952 0.0090176692 0.99964835 -0.024937229 -4.3716692 -0.98970696 0.0053604946 -0.1430087 -40.751277
-0.13072972 0.024492451 0.99111542 141.87145 0.017032947 0.99960274 -0.022455515 -4.4137827 -0.99127176 0.013946014 -0.13109497 -40.856295
-0.11715713 0.026470193 0.99276052 142.63371 0.015289271 0.99957433 -0.02484756 -4.4541002 -0.99299573 0.012267516 -0.11751197 -40.942668
-0.10291062 0.027715339 0.99430437 143.45533 0.014293174 0.99954974 -0.026382203 -4.4919712 -0.99458795 0.011496757 -0.10326043 -41.01819
-0.088653946 0.027815238 0.995674 144.23025 0.017135119 0.99950468 -0.026396555 -4.5282026 -0.99591513 0.014720835 -0.089086653 -41.092208
-0.075605651 0.029034542 0.99671495 145.01718 0.019373692 0.99943007 -0.027644045 -4.5655198 -0.99694961 0.017220003 -0.076125069 -41.13399
-0.06145201 0.035452524 0.99748017 145.82443 0.019326772 0.99922387 -0.034323829 -4.6108892 -0.99792295 0.017168804 -0.0620895 -41.17694
-0.048732514 0.044367732 0.99782592 146.56966 0.0094169604 0.99898893 -0.043959531 -4.6582638 -0.99876751 0.0072542297 -0.049101052 -41.197793
-0.035397463 0.052912381 0.99797155 147.33065 0.0019860054 0.99859915 -0.052875212 -4.703568 -0.99937138 0.0001103294 -0.035452962 -41.201768
-0.021404482 0.054066807 0.99830784 148.11646 0.0021770014 0.9985368 -0.054032529 -4.7525319 -0.99976857 0.0010167801 -0.021490868 -41.216717
-0.010466957 0.049917099 0.99869847 148.85444 0.0016905723 0.99875268 -0.049902088 -4.8017472 -0.99994383 0.0011660499 -0.010538291 -41.196427
0.0014142354 0.047212905 0.99888381 149.62665 0.0034653809 0.99887862 -0.047217565 -4.8550919 -0.99999304 0.0035282905 0.0012490372 -41.198803
0.0094325174 0.053059718 0.99854675 150.38623 -0.0039971123 0.99858524 -0.053024003 -4.9220998 -0.99994757 -0.0034911529 0.0096312567 -41.159856
0.016842253 0.062014331 0.9979331 151.12559 -0.0096311097 0.99803847 -0.061858331 -4.9694667 -0.99981181 -0.0085693689 0.017406481 -41.148525
0.019469742 0.065148125 0.99768561 151.87979 -0.016465446 0.99776036 -0.064831683 -5.0252394 -0.9996749 -0.015165082 0.020498828 -41.11778
0.019458094 0.06115106 0.9979388 152.6367 -0.017919712 0.99798881 -0.06080472 -5.0802028 -0.99965011 -0.016699632 0.020514768 -41.093054
0.017676903 0.055479776 0.99830328 153.39301 -0.011553646 0.998404 -0.055280792 -5.1504382 -0.99977704 -0.010556848 0.018289682 -41.066403
0.015157185 0.053012806 0.99847875 154.14098 -0.012061151 0.99853055 -0.052832463 -5.1999745 -0.99981242 -0.011242011 0.015774307 -41.058273
0.012445622 0.052875023 0.99852354 154.88254 -0.01260025 0.99852993 -0.05271831 -5.2546501 -0.9998432 -0.011925533 0.013093563 -41.049329
0.0087783964 0.053460012 0.99853136 155.63723 -0.010966283 0.99851498 -0.053362725 -5.3091612 -0.99990138 -0.010481738 0.0093516164 -41.039273
0.0038255311 0.051552118 0.99866294 156.37507 -0.010250679 0.99861984 -0.051510624 -5.3622573 -0.99994018 -0.010039917 0.0043486939 -41.027993
-0.0012589424 0.051730543 0.99866024 157.12026 -0.013496826 0.99856923 -0.051742842 -5.4148256 -0.99990816 -0.013543884 -0.00055894452 -41.028717
-0.0070403049 0.050049589 0.99872188 157.8623 -0.013323594 0.99865332 -0.050140074 -5.4623252 -0.99988649 -0.013659565 -0.006363985 -41.027625
-0.013284257 0.047387107 0.99878822 158.59247 -0.0085166546 0.99883481 -0.047502591 -5.5126841 -0.99987553 -0.0091373702 -0.0128652 -41.034677
-0.018394703 0.047224125 0.99871489 159.3306 -0.012630153 0.99879326 -0.047460456 -5.5642172 -0.99975107 -0.013486942 -0.017776059 -41.046391
-0.023870065 0.048432774 0.99854114 160.04365 -0.013953327 0.99871234 -0.04877463 -5.6101695 -0.99961773 -0.015097224 -0.023163532 -41.059481
-0.028464634 0.050785127 0.99830384 160.76296 -0.016440124 0.99854969 -0.051266389 -5.6658979 -0.99945964 -0.017871518 -0.027588439 -41.068314
-0.030388602 0.052829231 0.99814103 161.50254 -0.012820835 0.99849952 -0.053238535 -5.7161657 -0.99945597 -0.014414846 -0.029665691 -41.092272
-0.032040549 0.054394389 0.9980053 162.21112 -0.012916729 0.99841209 -0.054831245 -5.7744958 -0.99940314 -0.014647786 -0.031287076 -41.114706
-0.030821349 0.052908222 0.99812358 162.9271 -0.006378511 0.9985673 -0.053128705 -5.8208114 -0.9995046 -0.0080040399 -0.030439717 -41.141781
-0.027769026 0.048939361 0.99841561 163.62417 -0.0034222754 0.99879032 -0.049052911 -5.8666497 -0.99960855 -0.004779004 -0.027567952 -41.158239
-0.020112499 0.048315134 0.99862959 164.345 -0.0010969028 0.99883 -0.048346921 -5.9209098 -0.99979716 -0.0020677762 -0.020035972 -41.167014
-0.0092739364 0.049654091 0.99872338 165.04741 0.00058157457 0.99876647 -0.049650831 -5.9720513 -0.99995687 0.00012037431 -0.0092913758 -41.16921
0.0048200252 0.049769664 0.99874905 165.72689 0.0028496587 0.99875595 -0.049783759 -6.0204601 -0.99998437 0.0030860538 0.0046722007 -41.158204
0.020867525 0.047589359 0.99864894 166.41105 0.00086202257 0.99886526 -0.047617678 -6.0660905 -0.99978192 0.0018545219 0.020802822 -41.134894
0.035975871 0.042561033 0.9984459 167.11176 -0.0021963307 0.99909365 -0.042509506 -6.1100109 -0.99935029 -0.00066360006 0.036036741 -41.092728
0.053119617 0.036219946 0.99793103 167.78737 -0.0047883077 0.99933973 -0.036016193 -6.1486026 -0.99857672 -0.0028652337 0.053257975 -41.040802
0.069610304 0.029036469 0.99715155 168.45524 -0.0050793676 0.99957366 -0.028752412 -6.1867086 -0.99756137 -0.0030634343 0.069728111 -40.984891
0.087247978 0.021242777 0.99596007 169.13959 -0.0047903637 0.99977 -0.020904393 -6.2183808 -0.99617515 -0.0029471441 0.08732967 -40.910134
0.10397128 0.015021261 0.99446682 169.79474 -0.006353851 0.99987557 -0.014438664 -6.2507612 -0.99456005 -0.0048174868 0.10405378 -40.828318
0.12265486 0.012516318 0.99237042 170.47635 -0.0071314237 0.99990577 -0.011729928 -6.2789054 -0.99242381 -0.0056382805 0.12273256 -40.732626
0.13978686 0.011560253 0.99011409 171.09599 -0.0060057861 0.99992335 -0.01082687 -6.2970731 -0.99016345 -0.0044329586 0.13984557 -40.632857
0.15809791 0.010974459 0.98736241 171.74311 -0.0074371602 0.99992311 -0.0099232203 -6.3191002 -0.98739547 -0.0057743313 0.15816737 -40.516722
0.17415771 0.010829731 0.98465818 172.38886 -0.014074679 0.99986475 -0.0085075732 -6.337586 -0.98461722 -0.012377088 0.17428658 -40.38208
0.18874139 0.0071841528 0.98200051 173.01638 -0.015336607 0.99987285 -0.0043671934 -6.3535663 -0.9819071 -0.014236286 0.18882757 -40.236247
0.20104313 0.0030350885 0.97957765 173.63557 -0.011957427 0.9999283 -0.00064406532 -6.3726349 -0.97950945 -0.011583742 0.201065 -40.102419
0.21165993 0.0013626917 0.97734238 174.26602 -0.0090711443 0.99995869 0.00057028407 -6.3914952 -0.97730132 -0.0089863194 0.21166355 -39.962934
0.22154223 0.0048024631 0.97513891 174.86709 -0.013479078 0.99990742 -0.0018621277 -6.4112432 -0.97505766 -0.012731433 0.22158645 -39.81135
0.23054085 0.011642184 0.97299296 175.46784 -0.0158471 0.99984073 -0.0082086163 -6.4269071 -0.97293364 -0.013526695 0.23068862 -39.656249
0.23939619 0.021861307 0.97067578 176.03266 -0.016769917 0.99969045 -0.01837883 -6.446197 -0.97077717 -0.01187833 0.23968869 -39.501904
0.2480431 0.02887636 0.96831849 176.63158 -0.013262901 0.99956319 -0.026410706 -6.4602946 -0.96865825 -0.0062917179 0.24831773 -39.349808
0.25453666 0.027144845 0.96668204 177.24471 -0.011557326 0.99961998 -0.025026601 -6.4773226 -0.9669941 -0.0048020716 0.25475365 -39.183211
0.26055971 0.01984019 0.96525382 177.83822 -0.014279844 0.99975866 -0.016694728 -6.4965251 -0.96535217 -0.0094336997 0.26078014 -39.006426
0.26461922 0.0090262215 0.96431069 178.44517 -0.018547887 0.99981886 -0.0042688097 -6.5210358 -0.96417463 -0.016756316 0.26473871 -38.825921
0.26685478 -0.00048265648 0.96373659 179.05765 -0.016620334 0.99984885 0.0051028457 -6.5428891 -0.96359347 -0.017379342 0.26680642 -38.653417
0.26769266 -0.0013081818 0.96350342 179.65135 -0.0135606 0.99989492 0.0051251688 -6.5618322 -0.96340896 -0.014437654 0.26764679 -38.485572
0.26910771 0.0018673636 0.96310824 180.26693 -0.012071228 0.99992611 0.0014341432 -6.5648367 -0.96303448 -0.012011837 0.26911037 -38.31701
0.2706608 0.0016801503 0.96267327 180.86817 -0.009726089 0.99995221 0.00098932986 -6.5775047 -0.96262569 -0.0096308181 0.27066421 -38.145797
0.27236945 -0.0001270276 0.9621927 181.4791 -0.010504811 0.99994 0.0031056252 -6.5741141 -0.96213544 -0.010953529 0.27235177 -37.964561
0.27471618 -0.0046092163 0.96151427 182.09 -0.010971025 0.99990839 0.00792782 -6.5923516 -0.96146281 -0.012726697 0.27464044 -37.787417
0.27791981 -0.010142393 0.96055069 182.70795 -0.0087579903 0.99987595 0.013091609 -6.6005472 -0.96056439 -0.012050911 0.2777965 -37.603013
0.28214778 -0.013066801 0.95928193 183.33012 -0.0083807059 0.99983552 0.016084166 -6.6068303 -0.95933439 -0.012577571 0.28199186 -37.416013
0.28825362 -0.014758188 0.95744032 183.93544 -0.0063592859 0.99982967 0.017326157 -6.6051577 -0.95753302 -0.011082964 0.28811066 -37.228882
0.29636732 -0.017663199 0.95491065 184.5629 -0.0053607908 0.99978246 0.020156985 -6.6063804 -0.95505903 -0.011092947 0.29620815 -37.025945
0.30594228 -0.020140935 0.95183695 185.17297 -0.0026670527 0.99975415 0.022012118 -6.6095078 -0.95204637 -0.0092730363 0.30581334 -36.821686
0.31697074 -0.018150963 0.94826158 185.79707 -0.0039878646 0.99978251 0.020470144 -6.6119353 -0.94842697 -0.010269975 0.31682942 -36.607923
0.3282339 -0.014842876 0.94447982 186.41724 -0.0042129494 0.99984359 0.017177061 -6.6123031 -0.94458713 -0.0096171387 0.32812002 -36.385093
0.33984746 -0.011125181 0.94041473 187.02105 -0.0055540325 0.99988885 0.013835884 -6.611594 -0.94046421 -0.0099251833 0.3397479 -36.144931
0.35157087 -0.010458711 0.93610281 187.64938 -0.0049248428 0.99990309 0.013021143 -6.6087844 -0.93614836 -0.0091880131 0.35148529 -35.901329
0.36318894 -0.013595932 0.93161627 188.26122 -0.0038998177 0.99986258 0.01611225 -6.6123855 -0.93170739 -0.0094849242 0.36308601 -35.649442
0.37420516 -0.015573844 0.92721512 188.87824 -0.0037232872 0.99982568 0.01829608 -6.613552 -0.92733851 -0.010298775 0.37408194 -35.379832
0.38537311 -0.015456972 0.92263133 189.51332 -0.0075137936 0.99977398 0.019887784 -6.6193833 -0.92273029 -0.014596678 0.38516987 -35.109252
0.39497382 -0.016987252 0.91853527 190.13425 -0.0092374301 0.99970505 0.022460525 -6.6084196 -0.91864597 -0.017356224 0.3947004 -34.831228
0.40206328 -0.01587805 0.91547416 190.77239 -0.013408521 0.9996403 0.023226666 -6.6089194 -0.91551374 -0.021613744 0.40170575 -34.535596
0.40663846 -0.018158856 0.91340864 191.41294 -0.013890631 0.99956398 0.026055592 -6.6004759 -0.9134836 -0.023283028 0.40620892 -34.23881
0.40869066 -0.023424718 0.91237227 192.05165 -0.0083542812 0.99953267 0.02940476 -6.5900011 -0.91263477 -0.019639665 0.40830397 -33.943068
0.40909257 -0.021207131 0.91224638 192.6945 -0.0069034498 0.99962935 0.026334356 -6.5896385 -0.91246681 -0.017070836 0.40879454 -33.655222
0.40822872 -0.021202692 0.91263338 193.36783 -0.0048984461 0.99966497 0.025415764 -6.5823887 -0.91286658 -0.01484593 0.40798809 -33.358136
0.40712127 -0.020286698 0.91314876 194.0269 -0.0014038994 0.99973823 0.022836306 -6.5775574 -0.91337307 -0.010579114 0.40698622 -33.06479
0.40702906 -0.021143421 0.91317043 194.69827 0.0012643229 0.99974414 0.022584388 -6.5703727 -0.91341437 -0.0080379594 0.40695165 -32.766751
0.40589151 -0.027716142 0.91350086 195.37975 0.0053082827 0.99959468 0.027969674 -6.5617025 -0.91390589 -0.0065035317 0.40587412 -32.464874
0.40498805 -0.030820282 0.91380234 196.06651 0.0057475771 0.99949778 0.031163307 -6.5546813 -0.91430395 -0.0073686169 0.4049618 -32.169584
0.40363198 -0.033496291 0.91430802 196.75265 0.0068615373 0.99941231 0.033585038 -6.544244 -0.91489574 -0.0072824361 0.4036246 -31.868115
0.40153333 -0.033667043 0.91522535 197.44226 0.0060577347 0.99939987 0.03410576 -6.5361003 -0.91582442 -0.0081504061 0.4014963 -31.548337
0.40052463 -0.033927219 0.91565763 198.12719 0.0048483579 0.99937875 0.034908522 -6.5221967 -0.91627321 -0.0095422864 0.40044029 -31.242147
0.39841447 -0.032802557 0.9166187 198.81312 0.0032952703 0.99940502 0.034332877 -6.515058 -0.91719961 -0.010658208 0.39828551 -30.944625
0.39771872 -0.029930442 0.91701904 199.49778 0.0048330745 0.99952225 0.030527108 -6.5120992 -0.9174947 -0.0077091802 0.39767337 -30.634045
0.39689069 -0.023500834 0.91756494 200.18532 0.003303789 0.99970227 0.024175504 -6.5118028 -0.91785998 -0.0065635905 0.39685016 -30.341637
0.39535462 -0.020523566 0.91829921 200.86806 0.0016361325 0.99976449 0.021639875 -6.4982017 -0.91852715 -0.0070529645 0.39529508 -30.042184
0.39447005 -0.023286985 0.91861364 201.56673 0.0012268099 0.9996913 0.024815499 -6.4886823 -0.91890802 -0.0086620064 0.39437684 -29.738387
0.39314328 -0.026322156 0.91910034 202.24869 -0.00013309767 0.99958851 0.028684193 -6.48652 -0.91947725 -0.011399327 0.392978 -29.434454
0.39101513 -0.025918716 0.9200192 202.92717 -0.0041306846 0.99954392 0.029914653 -6.4854931 -0.92037502 -0.01549739 0.39072973 -29.146767
0.38616679 -0.025942024 0.92206407 203.62774 -0.0068566015 0.99949611 0.030992145 -6.4792533 -0.92240353 -0.018290363 0.38579432 -28.836866
0.37926669 -0.026874098 0.92489702 204.3029 -0.007483009 0.99945636 0.032109027 -6.4737723 -0.92525718 -0.019098897 0.3788594 -28.566946
