1.0 0.0 0.0 0.0 0.0 1.0 0.0 0.0 0.0 0.0 1.0 0.0
0.9999934 -0.0032688302 -0.0016111085 0.023925781 0.0032702328 0.9999943 0.00086861366 0.045532227 0.0016082606 -0.00087387644 0.99999833 -0.010498047
0.9993227 0.036802255 2.1874828e-05 0.25927734 -0.03680203 0.9993141 0.004149047 -0.026489258 0.00013087697 -0.004147041 0.99999136 -0.002319336
0.99800056 0.06318182 0.00096479314 0.42749023 -0.06318663 0.9979811 0.0062558777 -0.0546875 -0.0005675161 -0.0063043465 0.99998 -0.005493164
0.99528927 0.09691244 0.003402839 0.5942383 -0.09693361 0.99527025 0.006732885 -0.08911133 -0.002734467 -0.007030895 0.99997157 -0.010864258
0.99085057 0.13484134 0.0063468507 0.7984619 -0.13485777 0.9908662 0.0022344466 -0.1505127 -0.005987556 -0.0030697926 0.99997735 -0.0031738281
0.984435 0.17559852 0.007706907 0.9923096 -0.17560275 0.9844644 -0.00013011164 -0.20593262 -0.0076100375 -0.0012251383 0.9999703 -0.006958008
0.975883 0.21806249 0.009423647 1.1899414 -0.2180691 0.975927 -0.00033197535 -0.2849121 -0.009269217 -0.001731286 0.99995553 -0.0063476562
0.9642564 0.2646593 0.012445076 1.4002686 -0.26468462 0.96432966 0.0004044422 -0.36950684 -0.011894129 -0.0036841496 0.99992245 -0.02355957
0.9501018 0.3112961 0.01901076 1.6462402 -0.31126893 0.9502905 -0.004448982 -0.48535156 -0.019450827 -0.001692418 0.9998093 -0.027832031
0.93244493 0.36043763 0.025037007 1.8817139 -0.36019772 0.93277365 -0.013669728 -0.59887695 -0.02827975 0.003727573 0.9995931 -0.016235352
0.91134363 0.41073343 0.028108623 2.1009521 -0.41034043 0.91175973 -0.018820774 -0.74279785 -0.033357665 0.005618871 0.9994276 -0.017456055
0.88631254 0.46206778 0.03082158 2.3615723 -0.46162298 0.8868383 -0.020681702 -0.91052246 -0.036891382 0.004108579 0.9993113 -0.021972656
0.8583549 0.51192904 0.035578787 2.586792 -0.5114357 0.85909116 -0.022498954 -1.0834961 -0.04207914 0.0011212705 0.99911374 -0.03869629
0.8254 0.5633666 0.037474584 2.838623 -0.562684 0.8262484 -0.02778236 -1.293335 -0.046613738 0.0018437523 0.998911 -0.049682617
0.7892513 0.6129078 0.037274472 3.0739746 -0.61201775 0.7901237 -0.03318973 -1.5065918 -0.049797133 0.0033821687 0.9987537 -0.057128906
0.7522831 0.6578478 0.037258886 3.2819824 -0.6567817 0.75319517 -0.037633304 -1.769165 -0.052818894 0.0038457625 0.99859697 -0.07141113
0.71171105 0.7016265 0.035274226 3.5247803 -0.70047575 0.7125732 -0.040371463 -2.036621 -0.053457387 0.0040282737 0.99856216 -0.08520508
0.6693518 0.7421718 0.035868276 3.751587 -0.74095595 0.6703097 -0.042497173 -2.3261719 -0.055582877 0.0018672049 0.9984521 -0.10473633
0.6265713 0.77834076 0.03860021 3.9956055 -0.77713645 0.62775266 -0.043375343 -2.6555176 -0.05799581 -0.0028215256 0.9983129 -0.13244629
0.58573914 0.8096179 0.03942189 4.194824 -0.8083942 0.5870374 -0.044842668 -3.000122 -0.05944686 -0.005597407 0.998216 -0.14990234
0.54539734 0.8371701 0.03963404 4.420288 -0.8359115 0.5467803 -0.046538014 -3.3756104 -0.06063851 -0.0077479295 0.9981301 -0.17797852
0.50633687 0.8614671 0.040300976 4.6450195 -0.8601747 0.5078348 -0.04826275 -3.7801514 -0.062042966 -0.0102190785 0.9980216 -0.19946289
0.46804804 0.882803 0.040531345 4.85437 -0.88160205 0.46961123 -0.04791536 -4.2019043 -0.061332982 -0.013304519 0.9980287 -0.22070312
0.43230337 0.90099007 0.039295148 5.0579834 -0.8998301 0.4338395 -0.047976635 -4.6810303 -0.060272288 -0.014615109 0.99807507 -0.2508545
0.3995564 0.91605544 0.035701606 5.251831 -0.9149524 0.40090847 -0.04703288 -5.166626 -0.057392832 -0.013873346 0.998255 -0.28149414
0.3687077 0.9290174 0.031671528 5.453003 -0.92800254 0.3698468 -0.04521848 -5.675537 -0.053734552 -0.012722081 0.9984745 -0.31079102
0.34474394 0.93840015 0.028482554 5.6311035 -0.9374385 0.3457263 -0.044004396 -6.234497 -0.051134504 -0.011523563 0.9986253 -0.34594727
0.32421806 0.9455957 0.02609683 5.8204346 -0.944643 0.32509792 -0.043712083 -6.814453 -0.049816098 -0.01048407 0.9987032 -0.3765869
0.3096222 0.95049727 0.024526022 6.006592 -0.9495179 0.31044394 -0.044193447 -7.401245 -0.049615666 -0.009615391 0.99872154 -0.4144287
0.29596734 0.95487475 0.02398039 6.2124023 -0.95382255 0.29679024 -0.045772925 -8.013184 -0.05083024 -0.00931697 0.9986642 -0.43920898
0.2867027 0.95776355 0.024962317 6.404419 -0.9566087 0.2876109 -0.04807545 -8.665649 -0.053228628 -0.0101119485 0.99853086 -0.47338867
0.2761776 0.9608235 0.027343838 6.605591 -0.9596445 0.27724028 -0.04922265 -9.3428955 -0.054871865 -0.012657139 0.9984128 -0.51171875
0.26444206 0.9639045 0.027600084 6.8015137 -0.96261775 0.26556143 -0.051449686 -10.039551 -0.056932732 -0.012950121 0.99829465 -0.5476074
0.25496432 0.96655136 0.028716337 6.9885254 -0.96516395 0.25619212 -0.0536365 -10.762329 -0.059197187 -0.014043521 0.9981473 -0.58813477
0.24375173 0.9693205 0.028292505 7.181885 -0.96784115 0.24499373 -0.055304576 -11.50354 -0.060550492 -0.013903181 0.9980686 -0.6278076
0.23299247 0.97197735 0.028956674 7.3634033 -0.97046006 0.23430595 -0.05632067 -12.272705 -0.061532658 -0.014968959 0.99799323 -0.6689453
0.22448188 0.97395986 0.03049365 7.5474854 -0.97228765 0.22595382 -0.059344284 -13.049683 -0.06469163 -0.016318 0.9977721 -0.7141113
0.21102731 0.9768391 0.032864638 7.7351074 -0.974977 0.21274854 -0.063132554 -13.854004 -0.06866546 -0.018715197 0.99746424 -0.7655029
0.19811964 0.97953594 0.033712957 7.8912354 -0.9774817 0.19998933 -0.066449255 -14.649414 -0.07181743 -0.019757604 0.9972223 -0.8109131
0.18701893 0.98179096 0.035150472 8.05542 -0.97958636 0.18907508 -0.06915561 -15.465698 -0.074563995 -0.021502882 0.99698544 -0.8592529
0.17175756 0.9845953 0.03319024 8.199341 -0.9823077 0.17372125 -0.07014575 -16.270264 -0.07485438 -0.0205289 0.9969852 -0.90441895
0.15815264 0.9869106 0.03409911 8.334595 -0.984758 0.16019107 -0.06896356 -17.08374 -0.0735282 -0.022679146 0.99703544 -0.9592285
0.14067844 0.98954374 0.034367252 8.455078 -0.98742265 0.14277744 -0.06912156 -17.903198 -0.07331076 -0.024205841 0.9970159 -1.0050049
0.1212393 0.9920612 0.0346655 8.562744 -0.9901314 0.12335152 -0.06715495 -18.736084 -0.07089111 -0.026203632 0.9971389 -1.0544434
0.09566814 0.9946952 0.038047228 8.651001 -0.9930253 0.098019354 -0.065664485 -19.564209 -0.069041036 -0.031501457 0.9971161 -1.1027832
0.06402922 0.99713594 0.04004092 8.7146 -0.9955862 0.06657934 -0.06598625 -20.404663 -0.06849954 -0.03564644 0.9970159 -1.1501465
0.030590411 0.9986697 0.041238293 8.751465 -0.9972653 0.033266127 -0.065826505 -21.258179 -0.06710533 -0.03912137 0.99697816 -1.1998291
-0.002475145 0.9992059 0.039764974 8.755615 -0.99785596 0.00013375263 -0.065454245 -22.105225 -0.06539484 -0.039853748 0.99706244 -1.2429199
-0.03880192 0.99850047 0.039064948 8.725464 -0.9972049 -0.036185157 -0.06561541 -22.979004 -0.06412789 -0.04149271 0.99708015 -1.2862549
-0.07005966 0.9967714 0.03895747 8.675781 -0.99567175 -0.06748974 -0.063747875 -23.826416 -0.060894534 -0.043272972 0.9972046 -1.321167
-0.10239756 0.9939412 0.040405825 8.596069 -0.99316585 -0.09984816 -0.0607442 -24.68982 -0.05633133 -0.04634848 0.9973353 -1.3691406
-0.13534439 0.9901049 0.03703695 8.478516 -0.9894917 -0.1331531 -0.0563286 -25.549927 -0.05085009 -0.044284698 0.99772435 -1.4025879
-0.1658113 0.9856316 0.03190377 8.333862 -0.98513395 -0.16408718 -0.050673272 -26.38977 -0.044704095 -0.039834898 0.9982055 -1.4307861
-0.19510652 0.98037046 0.025462613 8.1571045 -0.979946 -0.19387163 -0.04427945 -27.243408 -0.03847916 -0.033608872 0.9986941 -1.456665
-0.22329067 0.97455645 0.018626887 7.9553223 -0.9741459 -0.22245096 -0.03899793 -28.075806 -0.03387005 -0.026864719 0.99906534 -1.4769287
-0.25115117 0.9679051 0.0117496345 7.7388916 -0.9675316 -0.25064936 -0.03335847 -28.913452 -0.029342983 -0.019745516 0.9993744 -1.4951172
-0.27842185 0.9605349 0.00751926 7.5079346 -0.9603384 -0.2781781 -0.023870692 -29.73413 -0.020838536 -0.013863452 0.9996868 -1.5010986
-0.30213416 0.9531844 0.0063704457 7.234375 -0.9531876 -0.3020802 -0.008221272 -30.536133 -0.00590981 -0.008557262 0.9999459 -1.5054932
-0.32780075 0.9447645 0.0121240355 6.9608154 -0.94476384 -0.32791176 0.008677918 -31.329224 0.012164861 -0.008604294 0.9998889 -1.4959717
-0.35257208 0.9355056 0.017725918 6.6741943 -0.9352338 -0.3529237 0.023964744 -32.128784 0.02867645 -0.00811382 0.99955565 -1.4833984
-0.37714386 0.92600083 0.019475035 6.3587646 -0.92539114 -0.37761033 0.034006193 -32.91223 0.03882996 -0.0051971823 0.9992321 -1.4519043
-0.40062162 0.9159765 0.018416937 6.033081 -0.9151944 -0.40104154 0.037880182 -33.698975 0.042099424 -0.0016825981 0.9991123 -1.4074707
-0.42140636 0.906826 0.015884303 5.6759033 -0.9060584 -0.42170382 0.037324656 -34.469604 0.040551495 0.0013333458 0.99917674 -1.364624
-0.44057548 0.89736325 0.010691319 5.302246 -0.89676845 -0.44067717 0.03303784 -35.243164 0.034371447 0.004975162 0.9993967 -1.322998
-0.46131045 0.8871792 0.0027968083 4.9154053 -0.8866953 -0.46115902 0.03170672 -35.99121 0.029428724 0.01215487 0.99949306 -1.28125
-0.47413436 0.8807633 -0.00095810555 4.5112305 -0.8803292 -0.47386634 0.031925466 -36.730835 0.027669054 0.015973344 0.9994898 -1.2357178
-0.4846298 0.8746617 -0.0017326716 4.093994 -0.87414575 -0.48427388 0.03535854 -37.456665 0.030089356 0.018655892 0.999373 -1.2005615
-0.4965178 0.8686031 -0.0020160265 3.7000732 -0.8680252 -0.4961003 0.03770849 -38.156006 0.03174962 0.020449642 0.99928695 -1.1610107
-0.504407 0.86368257 0.005959968 3.3007812 -0.862975 -0.50425345 0.03757663 -38.869995 0.035464622 0.013802942 0.9992759 -1.1229248
-0.51479477 0.8573869 0.006961586 2.8925781 -0.85674965 -0.5146981 0.03521122 -39.56421 0.03376758 0.012168642 0.99935555 -1.0892334
-0.5243044 0.8513954 0.005720239 2.4614258 -0.8507124 -0.52413297 0.037074074 -40.27014 0.0345709 0.014586683 0.9992958 -1.0506592
-0.52962995 0.84798795 0.0043471633 2.0216064 -0.84725374 -0.529372 0.039200496 -40.977295 0.03554518 0.017092127 0.99922174 -1.003418
-0.53497493 0.845336 0.005117303 1.579956 -0.84445715 -0.5346782 0.042763032 -41.682983 0.038886704 0.018531557 0.9990724 -0.9766846
-0.53359586 0.8460422 0.007001174 1.1154785 -0.84505403 -0.53334206 0.044624764 -42.41638 0.04146556 0.017874278 0.99897987 -0.93811035
-0.5297968 0.84857804 0.0042382907 0.64086914 -0.8476385 -0.5294341 0.0446694 -43.178467 0.04015849 0.020054776 0.99899286 -0.8956299
-0.5244937 0.8515661 0.0048782616 0.19909668 -0.85066736 -0.5241887 0.043278217 -43.924194 0.039425667 0.01855047 0.9990509 -0.85791016
-0.51499563 0.8569256 0.0061713913 -0.27648926 -0.8560395 -0.51476777 0.04231739 -44.715576 0.039446935 0.016516004 0.9990851 -0.82006836
-0.5083403 0.8612812 0.0077139707 -0.7371826 -0.860363 -0.5081787 0.042489942 -45.509033 0.04049709 0.014942663 0.9990677 -0.7696533
-0.503021 0.86461383 0.00979846 -1.1933594 -0.86375403 -0.50297815 0.04031935 -46.313843 0.03978074 0.0117920395 0.9991392 -0.73413086
-0.49771008 0.86747974 0.013522298 -1.6540527 -0.8666443 -0.4978359 0.03880752 -47.147095 0.04038955 0.007596571 0.9991552 -0.6888428
-0.49759686 0.8676668 0.017142314 -2.1245117 -0.8669419 -0.4978842 0.035576694 -47.985718 0.03938889 0.0028240038 0.9992203 -0.64941406
-0.49613407 0.8682396 0.018728968 -2.602539 -0.86761665 -0.4964874 0.032892343 -48.85913 0.03784553 6.0193706e-05 0.9992837 -0.6029053
-0.49470425 0.86867505 0.01887793 -3.0842285 -0.8681235 -0.49506253 0.030974219 -49.730713 0.036232423 -0.0010526739 0.99934226 -0.5620117
-0.49889255 0.8666325 0.018772267 -3.5761719 -0.86609805 -0.49924502 0.030448439 -50.599854 0.03577409 -0.0010803929 0.9993599 -0.5164795
-0.4974833 0.8676499 0.01870591 -4.0891113 -0.8671442 -0.4978331 0.029667085 -51.50464 0.03505473 -0.0014850688 0.9993849 -0.4708252
-0.49607247 0.86862946 0.019050699 -4.5998535 -0.8681491 -0.4964338 0.028968416 -52.414307 0.03460925 -0.0021841978 0.999399 -0.42712402
-0.49608612 0.86800176 0.018147236 -5.1064453 -0.867504 -0.4964165 0.029416608 -53.32422 0.03453784 -0.0011482567 0.9994025 -0.37780762
-0.49464145 0.86893994 0.019606732 -5.6188965 -0.86853963 -0.49501505 0.026653178 -54.261597 0.032864857 -0.0038446223 0.99945235 -0.335083
-0.49603033 0.8677754 0.020004006 -6.1158447 -0.8673969 -0.49641326 0.026004987 -55.164185 0.032498028 -0.0044326903 0.99946153 -0.28796387
-0.49601266 0.8685942 0.021272197 -6.630615 -0.8682546 -0.4964321 0.025036305 -56.087036 0.032296225 -0.0060632443 0.9994602 -0.23876953
-0.49460948 0.86938125 0.02087373 -7.1467285 -0.86906403 -0.49501204 0.024280986 -57.003418 0.031430837 -0.006151471 0.99948734 -0.1862793
-0.4921788 0.87024057 0.018843148 -7.6435547 -0.86999536 -0.49250495 0.02146288 -57.914917 0.027968965 -0.0058296984 0.9995918 -0.14050293
-0.48938063 0.87242585 0.017207569 -8.163452 -0.872211 -0.4896556 0.020053223 -58.848267 0.025905203 -0.005204888 0.99965096 -0.10229492
-0.4869678 0.8732153 0.016806109 -8.668091 -0.8730042 -0.48723206 0.019842569 -59.76709 0.025524957 -0.005006264 0.9996617 -0.052856445
-0.4841784 0.8752306 0.016439186 -9.162598 -0.87501276 -0.48443517 0.020082781 -60.684082 0.025535049 -0.004666439 0.9996632 -0.012939453
-0.48418105 0.87531036 0.016207935 -9.650879 -0.87508637 -0.48443282 0.020281877 -61.588745 0.025599834 -0.0043785525 0.999663 0.032348633
-0.48557293 0.87434983 0.018181374 -10.129761 -0.8741201 -0.4858792 0.020861536 -62.479492 0.02706594 -0.0057719937 0.99961716 0.07348633
-0.48558137 0.87363124 0.02123478 -10.632202 -0.87333816 -0.4859943 0.023691889 -63.391968 0.031028716 -0.007026731 0.9994936 0.11853027
-0.48937842 0.87156135 0.023028549 -11.132568 -0.8712979 -0.48984155 0.023139168 -64.29297 0.031441815 -0.0087260585 0.9994671 0.17297363
-0.49598086 0.8684083 0.022896774 -11.624756 -0.86817634 -0.4964285 0.021995066 -65.182495 0.030466756 -0.008985434 0.9994958 0.20703125
-0.49877858 0.86646384 0.017822104 -12.145996 -0.86626995 -0.4990629 0.019240726 -66.07202 0.025578814 -0.0058480822 0.999656 0.26123047
-0.5064014 0.86248124 0.020802718 -12.629883 -0.862376 -0.5067383 0.016530767 -66.94873 0.024790782 -0.0095753595 0.999647 0.30163574
-0.511642 0.85916257 0.020790149 -13.134644 -0.85899085 -0.5119993 0.01900791 -67.82153 0.026951905 -0.008129789 0.9996035 0.34777832
-0.5158573 0.8563385 0.021424454 -13.652954 -0.85610473 -0.51625 0.021317314 -68.68274 0.02932352 -0.0073491503 0.9995432 0.38671875
-0.52108663 0.85331726 0.023600908 -14.14978 -0.8531031 -0.52154183 0.021178233 -69.54248 0.030385856 -0.009108866 0.99949706 0.43066406
-0.522485 0.8518914 0.025344683 -14.662231 -0.8516835 -0.5229965 0.021474637 -70.40259 0.031558655 -0.010357573 0.999448 0.4786377
-0.5263246 0.8498961 0.02492156 -15.168213 -0.8497018 -0.5268151 0.020839728 -71.22998 0.030829407 -0.0102037955 0.99947244 0.5319824
-0.5291167 0.84763736 0.019470427 -15.69519 -0.8475628 -0.5293995 0.014340822 -72.06091 0.022475407 -0.00890287 0.9997076 0.5756836
-0.53155696 0.8475926 0.013131288 -16.222412 -0.84761924 -0.5316524 0.005088255 -72.90491 0.011284399 -0.008428442 0.9999009 0.6015625
-0.532966 0.84570056 0.011246382 -16.739746 -0.84574115 -0.5330168 0.001897343 -73.74158 0.007601502 -0.008497647 0.99993503 0.6348877
-0.53436327 0.8455002 0.014811888 -17.26123 -0.84551746 -0.534496 0.0069575394 -74.569336 0.01379751 -0.008810416 0.99986607 0.6600342
-0.53436613 0.84468436 0.017214647 -17.782104 -0.84462905 -0.53458536 0.012471886 -75.37207 0.01975089 -0.007874375 0.9997739 0.68896484
-0.5358087 0.8440264 0.012731756 -18.300049 -0.8438468 -0.53595805 0.017470129 -76.18933 0.021570599 -0.0013806759 0.99976635 0.72106934
-0.53442204 0.8447295 0.009839425 -18.84021 -0.8445419 -0.5345111 0.017846214 -77.01648 0.020341396 0.0012394618 0.9997923 0.7598877
-0.5344013 0.84471875 0.008755825 -19.36023 -0.8445882 -0.5344728 0.014856806 -77.83301 0.01723737 0.0005514277 0.9998512 0.79345703
-0.5357756 0.84418225 0.0070950664 -19.871216 -0.84413785 -0.5358209 0.00874954 -78.65381 0.01119149 -0.0013032169 0.9999366 0.81848145
-0.532959 0.84601676 0.0053303307 -20.381958 -0.84601873 -0.5329763 0.0025719085 -79.47864 0.0050179893 -0.0031392595 0.9999825 0.84020996
-0.53300387 0.845741 0.012227051 -20.874878 -0.8458238 -0.532997 -0.004091714 -80.283936 0.003056862 -0.012522873 0.9999169 0.86572266
-0.5306576 0.84746945 0.018844806 -21.36792 -0.8476755 -0.53058887 -0.008881893 -81.11072 0.002472826 -0.020696905 0.9997828 0.87316895
-0.52923286 0.8479186 0.016010799 -21.871948 -0.8480693 -0.5291587 -0.008907609 -81.90906 0.00091786915 -0.018304527 0.9998321 0.888916
-0.5263597 0.8499077 0.012194926 -22.375977 -0.8499926 -0.52633965 -0.0050560357 -82.7218 0.00212511 -0.01302425 0.99991286 0.9121094
-0.5210944 0.85355556 0.012874019 -22.885864 -0.85363764 -0.52111584 -0.0018821727 -83.53821 0.005101661 -0.011973075 0.9999153 0.91955566
-0.51163167 0.8592342 0.00856034 -23.369629 -0.8592661 -0.51164967 -7.928931e-05 -84.34802 0.004310624 -0.0073946025 0.99996334 0.9379883
-0.5049948 0.8629894 0.0010610959 -23.850342 -0.8629859 -0.5049957 0.0024988987 -85.15173 0.0026912403 0.00034700218 0.9999963 0.9581299
-0.49455452 0.8689142 0.0019058862 -24.31836 -0.8689142 -0.4945569 0.0010890313 -85.98474 0.0018884944 -0.0011168739 0.99999756 0.9793701
-0.4841452 0.87489104 0.005036049 -24.765747 -0.8749045 -0.48414534 -0.0012818786 -86.809204 0.0013186908 -0.005027286 0.9999864 0.9875488
-0.47236213 0.88189507 0.00208659 -25.214233 -0.8818931 -0.47235113 -0.0042417226 -87.64563 -0.0027558287 -0.0038396092 0.9999888 0.9974365
-0.4596055 0.88774997 0.0014906863 -25.647339 -0.88774085 -0.4595913 -0.005615856 -88.479004 -0.004301527 -0.0039090225 0.9999831 1.0123291
-0.44926786 0.8933653 0.0006558107 -26.065308 -0.8933502 -0.4492557 -0.00620656 -89.31763 -0.005251365 -0.0033742222 0.99998045 1.0152588
-0.43755245 0.8992977 -0.002858217 -26.485962 -0.8992859 -0.43756142 -0.004629755 -90.16516 -0.005414747 0.0005460344 0.99998516 1.0268555
-0.4248926 0.90511924 -0.0019821897 -26.88977 -0.90512043 -0.42489445 -0.00063835515 -91.00647 -0.0014209744 0.001523398 0.9999978 1.0306396
-0.41230214 0.91076684 -0.00012624962 -27.26477 -0.9107332 -0.41228572 0.008646412 -91.84985 0.007824112 0.0036819738 0.99996257 1.0412598
-0.39973488 0.91638064 0.0036130862 -27.636108 -0.91629565 -0.39974743 0.012592479 -92.694824 0.012991375 0.001728073 0.9999141 1.0612793
-0.38953674 0.92120796 0.0013509507 -27.984375 -0.9211446 -0.3895265 0.01123278 -93.546265 0.010871794 0.0031279528 0.9999361 1.0751953
-0.37700415 0.92626566 0.0011449477 -28.33313 -0.92624426 -0.37700343 0.006430714 -94.412964 0.006387141 0.0013635403 0.99997866 1.0975342
-0.36727664 0.929957 0.0040384987 -28.660156 -0.9299286 -0.36729726 0.0073214876 -95.267334 0.008292802 -0.0010638776 0.9999651 1.1187744
-0.35989216 0.9327476 0.013217012 -28.973999 -0.932711 -0.3600423 0.0116007365 -96.13306 0.015581226 -0.008147574 0.9998453 1.1464844
-0.35415363 0.9350985 0.021282824 -29.296875 -0.9350724 -0.3545053 0.015892116 -97.00745 0.02239698 -0.014269933 0.99964726 1.1655273
-0.3504744 0.9364913 0.026194364 -29.611816 -0.93648636 -0.3509859 0.018363435 -97.88159 0.026384123 -0.018108008 0.99948823 1.1982422
-0.34679997 0.9377062 0.027029209 -29.919067 -0.93774205 -0.34731644 0.017466683 -98.75647 0.025752664 -0.019294566 0.9994822 1.2333984
-0.34083506 0.9394047 0.030994061 -30.230347 -0.9395566 -0.34143075 0.01637843 -99.64026 0.025984414 -0.023533203 0.9993851 1.2739258
-0.33581576 0.94157666 0.030043008 -30.534424 -0.9417745 -0.33632395 0.013718688 -100.51648 0.023006637 -0.023686675 0.99945474 1.3011475
-0.32918602 0.9439345 0.026630437 -30.846558 -0.94412494 -0.32954884 0.010511354 -101.3927 0.01869037 -0.021685407 0.99959016 1.3254395
-0.32396838 0.9455511 0.028839003 -31.142334 -0.94586617 -0.32427034 0.006361789 -102.265625 0.015382091 -0.025232704 0.9995635 1.3631592
-0.3183274 0.9475293 0.033696495 -31.416016 -0.94798845 -0.31869024 0.0058743507 -103.14197 0.016301744 -0.030083148 0.9994148 1.3833008
-0.31179675 0.94950616 0.040809184 -31.686401 -0.9502019 -0.3122873 0.00610888 -104.00574 0.018523766 -0.036873944 0.9991486 1.4090576
-0.304494 0.95171124 0.041647803 -31.962646 -0.9523724 -0.30512294 0.009546313 -104.86951 0.021768305 -0.03674753 0.9990874 1.4447021
-0.2978595 0.9539736 0.039063457 -32.238525 -0.95446813 -0.29854867 0.013066035 -105.74243 0.024108166 -0.033391714 0.99915165 1.4844971
-0.28974137 0.95630956 0.03932079 -32.500977 -0.9568668 -0.29036164 0.010975554 -106.628174 0.02191964 -0.034447424 0.9991663 1.5061035
-0.28257895 0.9583295 0.038236815 -32.752808 -0.95894426 -0.28301036 0.0062612626 -107.48877 0.016836248 -0.034891203 0.99924904 1.5435791
-0.27611566 0.96043915 0.039379213 -33.00659 -0.96114486 -0.2764495 0.0032006209 -108.3833 0.013949529 -0.036971718 0.99921936 1.5731201
-0.2673461 0.9624834 0.042903423 -33.243652 -0.9632706 -0.26786712 0.0067666667 -109.26697 0.018025678 -0.03951368 0.99905604 1.6002197
-0.2623694 0.964068 0.042831264 -33.47998 -0.9647913 -0.26301238 0.010045947 -110.134155 0.02093974 -0.03868061 0.9990322 1.6311035
-0.25588977 0.96577984 0.042940438 -33.69983 -0.9665156 -0.25652313 0.009860136 -111.01843 0.020533903 -0.0389761 0.99902916 1.6477051
-0.24854477 0.96771604 0.0429739 -33.910645 -0.9684768 -0.24913576 0.008915471 -111.89465 0.019318761 -0.039407536 0.9990367 1.677124
-0.23982117 0.96988976 0.039409403 -34.138794 -0.9705083 -0.24036455 0.009593517 -112.7887 0.018802932 -0.035939246 0.9991767 1.7037354
-0.2320049 0.9721629 0.03502331 -34.34485 -0.9726267 -0.23248148 0.010170073 -113.66406 0.018014064 -0.031714115 0.9993349 1.7344971
-0.22470285 0.97370785 0.034390625 -34.560303 -0.9741581 -0.22516046 0.010013863 -114.56995 0.017503353 -0.031259526 0.9993581 1.7697754
-0.21683286 0.975331 0.040802334 -34.747925 -0.97601795 -0.21737897 0.009394737 -115.464966 0.018054726 -0.03779611 0.9991224 1.7923584
-0.21050821 0.9765028 0.04377487 -34.92993 -0.97733706 -0.21104 0.007847515 -116.36426 0.01690773 -0.04112872 0.99901044 1.8183594
-0.20697342 0.9775183 0.04140455 -35.12024 -0.9782741 -0.20742653 0.0069241044 -117.276 0.015343679 -0.03906863 0.99911875 1.8551025
-0.20123397 0.9786929 0.040083766 -35.307007 -0.97938126 -0.20171045 0.008178626 -118.160034 0.016092736 -0.03761509 0.9991627 1.8723145
-0.19771634 0.97959745 0.038995557 -35.488525 -0.9802509 -0.19816376 0.007931214 -119.06262 0.01548968 -0.036659863 0.9992079 1.9039307
-0.19043611 0.98115325 0.032427467 -35.680664 -0.9815835 -0.19079612 0.008373004 -119.93506 0.014397054 -0.0302459 0.999439 1.9161377
-0.18538798 0.9823302 0.025008125 -35.864258 -0.98259425 -0.18558516 0.005789232 -120.82849 0.010334279 -0.02350113 0.9996704 1.9471436
-0.18187189 0.9830696 0.020352192 -36.0343 -0.98324066 -0.18201138 0.0052095796 -121.72644 0.008823241 -0.019059168 0.9997794 1.9639893
-0.17623556 0.9840559 0.02402246 -36.190186 -0.9842981 -0.17642249 0.0058794175 -122.61145 0.010030824 -0.022615623 0.99969405 1.9783936
-0.17273368 0.98469484 0.023713028 -36.337646 -0.9849002 -0.17297663 0.008593662 -123.49609 0.012562761 -0.021868262 0.99968195 1.9915771
-0.17124143 0.9849215 0.025967628 -36.484497 -0.98518205 -0.17150773 0.008384947 -124.39087 0.012718105 -0.024155214 0.99962753 2.0150146
-0.16908813 0.98521984 0.025570607 -36.63794 -0.9854884 -0.16931483 0.0069605345 -125.27734 0.011193705 -0.024029462 0.99964863 2.0343018
-0.1684519 0.9853996 0.022801084 -36.780396 -0.98564327 -0.16855168 0.0025046621 -126.161255 0.006321216 -0.022049787 0.9997368 2.0544434
-0.1671976 0.9856839 0.02273383 -36.932617 -0.9859452 -0.16718183 -0.002604884 -127.04028 0.0012279097 -0.022837134 0.99973834 2.069458
-0.1672101 0.98575085 0.02134811 -37.075928 -0.9859814 -0.16714682 -0.0047310153 -127.918945 -0.0010958083 -0.021838091 0.9997609 2.0828857
-0.1656612 0.985992 0.022094296 -37.22461 -0.986234 -0.1656927 -0.00040425733 -128.79077 0.003250615 -0.021857318 0.9997559 2.093872
-0.16497159 0.98603755 0.02275304 -37.370605 -0.9862732 -0.16509321 0.0035553304 -129.65454 0.0072635473 -0.021854442 0.9997347 2.1119385
-0.16498601 0.9860506 0.024454908 -37.508667 -0.98632526 -0.16511859 0.0034963638 -130.52563 0.0074777585 -0.023539936 0.99969494 2.1175537
-0.16500555 0.98602146 0.025604889 -37.643433 -0.9863302 -0.16512513 0.0026212833 -131.3883 0.0068016797 -0.024819393 0.9996689 2.1340332
-0.1634624 0.98633707 0.02066027 -37.790405 -0.98653585 -0.16354884 0.0025536702 -132.245 0.0058972165 -0.019964192 0.9997833 2.1571045
-0.16281678 0.9863147 0.02325159 -37.92505 -0.98656034 -0.1629459 0.003750335 -133.10828 0.0074994243 -0.022321265 0.9997225 2.1815186
-0.16288137 0.98611563 0.032402676 -38.05493 -0.9865882 -0.16314472 0.0056344825 -133.95947 0.010844268 -0.031042647 0.999459 2.1917725
-0.16292058 0.98596823 0.03808905 -38.172974 -0.98660874 -0.16331865 0.007564155 -134.81555 0.013674202 -0.03634071 0.9992458 2.2045898
-0.16288292 0.98597354 0.03815067 -38.30542 -0.9865738 -0.16338405 0.010401346 -135.66357 0.016473817 -0.03595389 0.999218 2.2246094
-0.1606754 0.98631394 0.03439875 -38.447754 -0.9867637 -0.16116081 0.0118135465 -136.53748 0.017202303 -0.032046273 0.9993382 2.2572021
-0.16068564 0.98637116 0.036744885 -38.57434 -0.9868805 -0.16124688 0.012845235 -137.34753 0.018593468 -0.034213636 0.9992419 2.276123
-0.1585114 0.98678005 0.031977497 -38.71521 -0.9871712 -0.15892719 0.010882456 -138.21094 0.015834609 -0.029841091 0.999429 2.302124
-0.15502478 0.98752546 0.024415173 -38.850708 -0.9877599 -0.15525602 0.00785614 -139.05322 0.011563892 -0.022900486 0.9996707 2.3337402
-0.15287638 0.98802406 0.019417007 -38.98291 -0.9881935 -0.15297306 0.0035872534 -139.88098 0.0065205153 -0.018647533 0.99980485 2.3519287
-0.15004432 0.98862326 0.012542004 -39.10913 -0.9886896 -0.15009607 0.0032804324 -140.70813 0.00512325 -0.011909338 0.9999159 2.3614502
-0.14445351 0.98934436 0.01527844 -39.230713 -0.98942876 -0.14455853 0.0060001314 -141.52637 0.008145463 -0.014248127 0.99986523 2.3892822
-0.13737665 0.99037355 0.011376815 -39.34375 -0.9903513 -0.13750838 0.011725049 -142.35791 0.013183035 -0.009655563 0.9998664 2.4017334
-0.12904465 0.9916008 0.009194291 -39.45935 -0.9915342 -0.12916245 0.013646182 -143.21448 0.0147156 -0.007354372 0.99986464 2.4069824
-0.11924934 0.992761 0.008965728 -39.556763 -0.9927613 -0.11932087 0.007920109 -144.01453 0.008936005 -0.007952773 0.9999285 2.4320068
-0.108215205 0.9941387 0.002281861 -39.644775 -0.9941235 -0.10822667 0.005730274 -144.8125 0.0059417393 -0.0016495925 0.99998105 2.459961
-0.092869386 0.9956177 -0.0017090384 -39.73242 -0.9956018 -0.09285749 0.0060837306 -145.67664 0.005898237 0.0022694487 0.9999801 2.493042
-0.079861864 0.99683344 -0.00018076692 -39.79016 -0.9968043 -0.0798582 0.0076502087 -146.44629 0.007611712 0.0007917285 0.99997073 2.50708
-0.06470906 0.9978712 -0.004748882 -39.84839 -0.99785537 -0.06467164 0.007666358 -147.3103 0.00734331 0.0052362485 0.99995935 2.5220947
-0.052535757 0.9986093 -0.008002121 -39.884888 -0.99858487 -0.052446023 0.011049924 -148.03491 0.010614568 0.008567573 0.99990696 2.5343018
-0.03756593 0.99926764 -0.0044438327 -39.918213 -0.9991358 -0.037485242 0.017005414 -148.88135 0.016825361 0.005081553 0.9998455 2.564087
-0.025524601 0.9996773 0.0006831214 -39.91626 -0.99934673 -0.025533684 0.025708184 -149.6388 0.025711246 -3.2021664e-05 0.9996695 2.5822754
-0.011357188 0.9999066 0.0070052478 -39.913086 -0.999349 -0.011589169 0.034032933 -150.43518 0.03410878 -0.0066090333 0.9993961 2.6079102
