1.000000000000000000e+00 4.398956837314658088e-19 2.733407509747682871e-20 -8.673617379884035472e-19 -5.583667658079949532e-19 1.000000000000000000e+00 -6.100159232558060012e-19 0.000000000000000000e+00 4.145284534913582806e-20 -2.210423569125054137e-19 1.000000000000000222e+00 0.000000000000000000e+00
9.998908643189958756e-01 5.173511872982796290e-04 1.476454588385524638e-02 -5.546910928242476668e-02 -5.123234945510500354e-04 9.999998094897093459e-01 -3.443053930703766398e-04 -1.061652864165549270e-02 -1.476472145387645180e-02 3.367036097277672905e-04 9.998909388598593573e-01 3.763965415838976813e-02
9.993013176320778568e-01 3.912100292651978124e-03 3.716950458296139348e-02 4.658318656047828743e-02 -3.894466484416561625e-03 9.999922670396724778e-01 -5.468081044053613908e-04 4.400602282355350892e-03 -3.717135696519723032e-02 4.016707047924559723e-04 9.993088255658090224e-01 2.809591637826470145e-01
9.979475117616991575e-01 5.313949073407741794e-03 6.381634369565407361e-02 2.608736199671650435e-02 -5.373395140749654547e-03 9.999852744682414807e-01 7.599219328282213418e-04 1.237714450107341158e-03 -6.381136688403232782e-02 -1.101272587712807168e-03 9.979613703126331004e-01 4.339868241551487205e-01
9.952881424698931667e-01 4.834312915568943908e-03 9.684081185761661548e-02 8.307023823686590647e-02 -5.102353785435989261e-03 9.999838066593130792e-01 2.520399580273272131e-03 3.893203096841948985e-03 -9.682706095541920854e-02 -3.002639840408233979e-03 9.952966916693232191e-01 5.964917153325204335e-01
9.908613678651230217e-01 1.761579518776441606e-03 1.348727043528516190e-01 1.758876974704646767e-01 -2.414645540577394899e-03 9.999861397080671566e-01 4.678662414117470449e-03 3.904524219543584196e-03 -1.348625954727155629e-01 -4.961575534639316512e-03 9.908518876390495222e-01 7.982365138773437341e-01
9.847243071502019829e-01 -1.509377267146832331e-03 1.741142165547230058e-01 2.286969649599149002e-01 5.605205517540003514e-04 9.999847251242880430e-01 5.498666415400477181e-03 -1.211408096462447681e-02 -1.741198595536939953e-01 -5.317075764522676169e-03 9.847101114024049417e-01 9.657465033829852885e-01
9.759825635785207565e-01 -1.749963100977619057e-03 2.178416229740017807e-01 3.146132937530569662e-01 3.856533772161284662e-04 9.999800475981096559e-01 6.305210127647022621e-03 -8.627786432952727624e-03 -2.178483141618400565e-01 -6.069763637152769502e-03 9.759637649567382001e-01 1.206060508168689482e+00
9.642385766225141097e-01 -1.848603881854792843e-03 2.650293364190272616e-01 4.184883718836449606e-01 -6.900548250823230513e-04 9.999547748945930570e-01 9.485356518919909122e-03 8.416039195499769310e-03 -2.650348896867619208e-01 -9.329031276404810280e-03 9.641936928230174786e-01 1.406771811986513132e+00
9.497418172708974593e-01 -5.569275256084606045e-03 3.129847638963770273e-01 5.562654998037309673e-01 4.316334690317713270e-04 9.998640713921423950e-01 1.648188171676904720e-02 2.029765679111156934e-02 -3.130340178550006791e-01 -1.551843743813144383e-02 9.496151236372607496e-01 1.658497114484044577e+00
9.328806594133925989e-01 -1.518973432009554543e-02 3.598651768625589220e-01 6.764433112557058925e-01 6.884271548132267840e-03 9.996797942818900218e-01 2.434986010398552253e-02 -2.954044297780386574e-03 -3.601198200970198715e-01 -2.023810378728426243e-02 9.326865154468942931e-01 1.857074314812330096e+00
9.117187883336995702e-01 -2.103026134961224689e-02 4.102762200656109304e-01 8.370795281621317141e-01 9.825707823580751704e-03 9.995194500259191317e-01 2.939939547914870860e-02 -4.818579365322234187e-03 -4.106973458983864678e-01 -2.277272676394216308e-02 9.114872985261173177e-01 2.078847708060414856e+00
8.868334788940739344e-01 -2.299088736558344698e-02 4.615168433905397216e-01 1.036594002880461218e+00 8.513049137826399562e-03 9.994048739912562151e-01 3.342791954105175933e-02 -3.192757212152286250e-03 -4.620107282218178235e-01 -2.571608239392234735e-02 8.865014231369959807e-01 2.312115446299289889e+00
8.583107314681165390e-01 -2.489434163720548668e-02 5.125260540769916995e-01 1.202391987540633700e+00 6.438900289373953624e-03 9.992663489406305999e-01 3.775320391250839430e-02 2.151527842896557019e-02 -5.130898888073911479e-01 -2.910387566789907760e-02 8.578413223611803806e-01 2.550070399124686915e+00
8.262667013624449552e-01 -3.019131916781426367e-02 5.624693926637749364e-01 1.446708149541046762e+00 7.674831820222995440e-03 9.990732596856992664e-01 4.235231633428816062e-02 2.213330707814306630e-02 -5.632268116253841272e-01 -3.067745044126728854e-02 8.257326792142520855e-01 2.789043839073873432e+00
7.904513617999235908e-01 -3.595436708711132606e-02 6.114686601679036881e-01 1.666646084885820223e+00 9.807589161850345863e-03 9.988906931569661030e-01 4.605642488664726808e-02 2.445663237256505418e-02 -6.124462939816281981e-01 -3.040833003259844902e-02 7.899271335048360099e-01 2.975656389072631747e+00
7.529281985784079811e-01 -4.045079110448772386e-02 6.568583215252182805e-01 1.928868465954934663e+00 1.102951419732282022e-02 9.987446269815893896e-01 4.886225374587156722e-02 3.437385256855441523e-02 -6.580102474958691161e-01 -2.954494011687455041e-02 7.524291444929113171e-01 3.178706278280307274e+00
7.128103089686331773e-01 -4.356733481256067075e-02 7.000023878746191031e-01 2.244764299242221650e+00 1.190631955963168329e-02 9.986766284142611916e-01 5.003230316637607283e-02 4.297367929218852411e-02 -7.012558108239916876e-01 -2.732908889753098147e-02 7.123857216946136717e-01 3.429020589117591999e+00
6.711149825304461025e-01 -4.549104382017608861e-02 7.399562395296878092e-01 2.522735793203688459e+00 1.099769085230948781e-02 9.986166403551837156e-01 5.141844365587940752e-02 5.046125725461523409e-02 -7.412717054123065807e-01 -2.636987743933615763e-02 6.706868845512106159e-01 3.605162525393299955e+00
6.281813297963387832e-01 -4.595069217222175206e-02 7.767089165623494162e-01 2.870169138968807765e+00 6.893641382404992919e-03 9.985440947477558504e-01 5.349923834500041470e-02 8.154756327934443993e-02 -7.780364424490869846e-01 -2.825286942585925401e-02 6.275835238089779722e-01 3.840134896817605004e+00
5.868578053512915060e-01 -4.686886678577489168e-02 8.083323666772752603e-01 3.194852303847928621e+00 4.145746378808052267e-03 9.984841075020178813e-01 5.488442225662715918e-02 9.708867699839525411e-02 -8.096794063749921389e-01 -2.885821005126479669e-02 5.861624973142630646e-01 4.037557428399360937e+00
5.467201975539774939e-01 -4.789317557510958112e-02 8.359445303967232288e-01 3.578111416127581101e+00 2.087427355640907121e-03 9.984376836872510541e-01 5.583757154665209416e-02 1.178566325526081982e-01 -8.373127737097789680e-01 -2.878255407495789245e-02 5.459660200297052901e-01 4.242111526592395876e+00
5.076143234245633629e-01 -5.036305201835813289e-02 8.601111843739359664e-01 4.001932300865439274e+00 9.698009168341381690e-04 9.983228697844888089e-01 5.788356508358869640e-02 1.272541065429470541e-01 -8.615838738095327187e-01 -2.854838949025852862e-02 5.068118290391556702e-01 4.452932232608194596e+00
4.704965667896312542e-01 -5.030849454140442351e-02 8.809665278503162611e-01 4.415593198021416477e+00 -1.766138811932750413e-03 9.983177389680609748e-01 5.795319469621875580e-02 1.534099911726220233e-01 -8.824000654219182893e-01 -2.882268767343468610e-02 4.696162157358692024e-01 4.639529332796101357e+00
4.341122702044773463e-01 -4.956885735389270076e-02 8.994939976491348466e-01 4.867741021576277305e+00 -3.142912083095687325e-03 9.983956197687539058e-01 5.653590447306203193e-02 1.777555715161783789e-01 -9.008533030191814284e-01 -2.736995971653133006e-02 4.332599972440180358e-01 4.832610828835901096e+00
4.011486233086940523e-01 -4.833892239971715465e-02 9.147366378647694418e-01 5.376618089337389605e+00 -1.879693904319633272e-03 9.985610978005340366e-01 5.359291628489817189e-02 1.925928318092563485e-01 -9.160110609659194436e-01 -2.321814873803530396e-02 4.004805460171552700e-01 5.017045113570140380e+00
3.712062482735700719e-01 -4.667163408695310101e-02 9.273767656297553508e-01 5.878979864321743243e+00 2.000093920664759261e-05 9.987364234477288383e-01 5.025491065550216629e-02 2.160736273027844545e-01 -9.285504489556233310e-01 -1.863638764875081427e-02 3.707381329428270367e-01 5.199913556110229429e+00
3.449211875784067849e-01 -4.479674392076237605e-02 9.375620573320222473e-01 6.421031911978772655e+00 1.105711964541641543e-03 9.988791837499388926e-01 4.731969610660220066e-02 2.416709767767281636e-01 -9.386310070899112068e-01 -1.528489136437576230e-02 3.445841252913291464e-01 5.394376440308549903e+00
3.243572648557382920e-01 -4.424751428856661672e-02 9.448992047859290366e-01 6.989529930673075597e+00 2.004877244709753290e-03 9.989352938553831551e-01 4.608968566325504640e-02 2.645847343879539348e-01 -9.459325351881190391e-01 -1.305511660827973416e-02 3.241006291959098173e-01 5.547766021418000015e+00
3.098142527490442277e-01 -4.479378266771759376e-02 9.497413493373882964e-01 7.576854407993319995e+00 3.337692287139394035e-03 9.989347046863534807e-01 4.602516212222716729e-02 2.947640149650139763e-01 -9.507912518904947374e-01 -1.108930595232758901e-02 3.096337156119689515e-01 5.736888902972459903e+00
2.980600124946469753e-01 -4.636199206468579609e-02 9.534205679135100420e-01 8.204055725672370514e+00 4.201232525865557753e-03 9.988738411246516069e-01 4.725885233842139904e-02 3.138201228668509035e-01 -9.545378959341844771e-01 -1.008043172089599648e-02 2.979191257415828020e-01 5.936835167686731474e+00
2.870871039307621442e-01 -4.819324592602467622e-02 9.566913767554676706e-01 8.834643425180434662e+00 3.213888877147583114e-03 9.987764327395091124e-01 4.934884278317992062e-02 3.438414093436493735e-01 -9.578990980003653233e-01 -1.109271568926892618e-02 2.868907199485553616e-01 6.111326077071846719e+00
2.770710445858229343e-01 -4.967266619197049232e-02 9.595646132133874850e-01 9.515530239628063214e+00 1.313756249877969136e-03 9.986814868159491487e-01 5.131824137958421878e-02 3.721210814942956802e-01 -9.608485451186151716e-01 -1.295816385682909029e-02 2.767709791946273423e-01 6.296518014922074968e+00
2.666020801349350822e-01 -5.152428636103324050e-02 9.624284716897459901e-01 1.020741457709882205e+01 6.791027441428117194e-04 9.985798315629939026e-01 5.327155691933135179e-02 4.023669161692352558e-01 -9.638064567808440897e-01 -1.354871919010117165e-02 2.662584492142769932e-01 6.480783004366982958e+00
2.567351119194217213e-01 -5.355258892551108263e-02 9.649969879559456842e-01 1.090097426982067041e+01 -1.754499050431636428e-04 9.984610965129245841e-01 5.545636057237340877e-02 4.282955575642853341e-01 -9.664817991287200094e-01 -1.440690269059820977e-02 2.563306242149623326e-01 6.675003790931611114e+00
2.459155284377496919e-01 -5.518069763806633665e-02 9.677192917432608787e-01 1.163389628911496665e+01 -5.541597215528206713e-04 9.983700673124955571e-01 5.706926984380851497e-02 4.615008040901517616e-01 -9.692911133310665450e-01 -1.457048982358218579e-02 2.454841224070187788e-01 6.852685795784187128e+00
2.354720080196371912e-01 -5.649318406111880631e-02 9.702378252909426015e-01 1.239753570049160736e+01 -1.197076375866647528e-03 9.982915413200442734e-01 5.841716781469399877e-02 4.868469795441419667e-01 -9.718804026850655919e-01 -1.491705570567923057e-02 2.350020858116771416e-01 7.034365755076867011e+00
2.259248701622578182e-01 -5.925453039710600056e-02 9.723409060695314965e-01 1.317639853853337684e+01 -2.193644138616596302e-03 9.981148325205658756e-01 6.133489206218913081e-02 5.215534822360826661e-01 -9.741422676936019043e-01 -1.599004657764284409e-02 2.253689792323602392e-01 7.217978626696676336e+00
2.146915093337504465e-01 -6.302929713033289527e-02 9.746460113162890293e-01 1.395049818772599792e+01 -4.029808659640150836e-03 9.978498417415767596e-01 6.541753536027190841e-02 5.667551947484283925e-01 -9.766736063150903702e-01 -1.797222547467131060e-02 2.139758912432182525e-01 7.387209473406496585e+00
2.022185721860356167e-01 -6.649147703630327311e-02 9.770806089030519281e-01 1.471841065207035726e+01 -4.827928074564125267e-03 9.976127239702941019e-01 6.888790919773478405e-02 6.016702536100406729e-01 -9.793285235596332905e-01 -1.864768867650086481e-02 2.014148032027162916e-01 7.548757859600878639e+00
1.886638273979055758e-01 -6.915857146314376147e-02 9.796035095221130584e-01 1.551697439787080057e+01 -5.734012565474905752e-03 9.974226195379277682e-01 7.152089961856007705e-02 6.467528927882910672e-01 -9.820249988106897199e-01 -1.911046462705170285e-02 1.877810114496760163e-01 7.703669343152695248e+00
1.752697607753509745e-01 -6.994328943686276001e-02 9.820328053386522260e-01 1.631224311120346826e+01 -6.110294438341539770e-03 9.973767627813598935e-01 7.212667546520871997e-02 6.800935866965622800e-01 -9.845014943025183207e-01 -1.864213386777636636e-02 1.743826111518929911e-01 7.845777908394215849e+00
1.608305816097188590e-01 -6.914122903258693165e-02 9.845572598387106744e-01 1.712722783806058402e+01 -7.335747849736435830e-03 9.974319648475871158e-01 7.124368221398881540e-02 7.196708313433800575e-01 -9.869547750081328896e-01 -1.868062577015476913e-02 1.599103590255296359e-01 7.990884694465713700e+00
1.441541355711116745e-01 -6.808276324938770940e-02 9.872103655582857851e-01 1.791976407663916859e+01 -8.823220387245533924e-03 9.975022880422276250e-01 7.008092528442237679e-02 7.548817467414161708e-01 -9.895159185854089934e-01 -1.881282894797265889e-02 1.431933694596132234e-01 8.097873599535436284e+00
1.227669851320555977e-01 -6.679613891699989758e-02 9.901850970269286956e-01 1.873108346180751127e+01 -1.127992627698005436e-02 9.975740670252298825e-01 6.869311482898265986e-02 7.958197859093080195e-01 -9.923714263562951610e-01 -1.960246062484290869e-02 1.217157037492852534e-01 8.183469145504959741e+00
9.832736935378505461e-02 -6.538666324508878025e-02 9.930036735884211208e-01 1.955672563478147907e+01 -1.550056968471412965e-02 9.976174050094838153e-01 6.722533402705711814e-02 8.398742618746173338e-01 -9.950334054987963750e-01 -2.200221202936052112e-02 9.707956313954591021e-02 8.283848559225427621e+00
6.851742335347683899e-02 -6.470763335261782434e-02 9.955492292223984130e-01 2.036677188179184128e+01 -1.951298774250610768e-02 9.976165567644081911e-01 6.618496024049440318e-02 8.823626938583755130e-01 -9.974590835388099652e-01 -2.396096200130489601e-02 6.709147531790997376e-02 8.325244769540734779e+00
3.477451674294337880e-02 -6.442328519502568684e-02 9.973165776825905215e-01 2.125066033212612737e+01 -2.260353938576993918e-02 9.976141749891395127e-01 6.523065122304079477e-02 9.200620558106100688e-01 -9.991395449755248181e-01 -2.481124807373203192e-02 3.323535517456050609e-02 8.330899577347324225e+00
4.052221580231426439e-04 -6.375657250842203805e-02 9.979653891761155471e-01 2.207269429996694399e+01 -2.475087229326484312e-02 9.976591137175321311e-01 6.374705589119160354e-02 9.509212397904910352e-01 -9.996935767677822549e-01 -2.472634477259600533e-02 -1.173758598320354856e-03 8.331218142274579463e+00
-3.402187902478118892e-02 -6.313069939363780136e-02 9.974251897987513882e-01 2.290983848856859240e+01 -2.550639924712590906e-02 9.977327330421282836e-01 6.228014944710028727e-02 9.812625291447026887e-01 -9.990955672973410584e-01 -2.332183653691572919e-02 -3.555498055895114223e-02 8.292888669732040086e+00
-6.655916194237865291e-02 -6.137211440094579584e-02 9.958932293394285873e-01 2.374208010478515973e+01 -2.765461165593703988e-02 9.978365905614073883e-01 5.964361659631057383e-02 1.014373728546002384e+00 -9.973991766403503823e-01 -2.357121051085886085e-02 -6.811239060429699621e-02 8.221679329321975871e+00
-9.850784515704551214e-02 -5.822767215562357768e-02 9.934312887091161226e-01 2.457062977702709006e+01 -3.018094606234920235e-02 9.980022754010667851e-01 5.550287208687082474e-02 1.054605514220727791e+00 -9.946785068302415045e-01 -2.451522696045972324e-02 -1.000684212317772687e-01 8.154409243099429716e+00
-1.310836188591719131e-01 -5.375347035897303644e-02 9.899129416854043351e-01 2.541823382516039587e+01 -2.707702215412848695e-02 9.983505549944821089e-01 5.062612204521751286e-02 1.078891556097027360e+00 -9.910014816227534773e-01 -2.016763847792153036e-02 -1.323228889299539190e-01 8.031581157187575926e+00
-1.617775670572675073e-01 -4.824916973198934561e-02 9.856470054479422593e-01 2.624414337908581984e+01 -2.243387316469069165e-02 9.987257011021968278e-01 4.520724840772094577e-02 1.098770821471459103e+00 -9.865722258285120061e-01 -1.479836031174694422e-02 -1.626538312144190090e-01 7.868373534518863011e+00
-1.934596683233493764e-01 -4.210414344362480715e-02 9.802043567102901589e-01 2.709502425385355195e+01 -1.626931143381377121e-02 9.990790317935758225e-01 3.970387568445937765e-02 1.113172540284684375e+00 -9.809733343189342980e-01 -8.266150340286593928e-03 -1.939665049139228659e-01 7.696400470273458971e+00
-2.225429256917033638e-01 -3.668508484854220153e-02 9.742324332607529280e-01 2.788656519195856376e+01 -1.125228332233120000e-02 9.993218792053504274e-01 3.505949035759525073e-02 1.118492069280757173e+00 -9.748579632454755783e-01 -3.160096776142694644e-03 -2.228048070390345470e-01 7.489160926478159119e+00
-2.490799559678962827e-01 -2.995940227915350543e-02 9.680194177656638033e-01 2.872253379383938565e+01 -2.031253881692019533e-03 9.995353800382458243e-01 3.041213652926382308e-02 1.145803964777777129e+00 -9.684808028277772651e-01 5.608761527731599174e-03 -2.490250849575499636e-01 7.251578175503462731e+00
-2.767322090297826831e-01 -2.057040605730439328e-02 9.607268740466116119e-01 2.950930136785054714e+01 3.491881336523319258e-03 9.997427302705023111e-01 2.241160459296015137e-02 1.131642324701783053e+00 -9.609407405574561523e-01 9.556758213552389580e-03 -2.765891861401650331e-01 7.007286996627289710e+00
-3.018226624559161575e-01 -5.351425376833246830e-03 9.533490580742998155e-01 3.029350749351444350e+01 7.677703583969333959e-03 9.999381744098806424e-01 8.043644048805939292e-03 1.122281810374839539e+00 -9.533331781821284823e-01 9.747286654965395258e-03 -3.017629167728523853e-01 6.740858899108624236e+00
-3.262256738044545523e-01 1.187995544567404388e-02 9.452172557197217051e-01 3.110359135276994991e+01 8.866315781067638999e-03 9.999154955989820737e-01 -9.507370340792901942e-03 1.099543164368652182e+00 -9.452503442086820362e-01 5.279047429683545942e-03 -3.263034390646797900e-01 6.457521870189176560e+00
-3.523976149428391658e-01 2.654451841979219712e-02 9.354738339020546301e-01 3.186441686345916580e+01 7.412923948421148990e-03 9.996454739784204069e-01 -2.557293293368101406e-02 1.072617846287477805e+00 -9.358210214757427536e-01 -2.077243216082605252e-03 -3.524694546310874754e-01 6.178224997479982328e+00
-3.761826732307113619e-01 3.748048122553791078e-02 9.257871216246813528e-01 3.261753361171349752e+01 1.211029400167433143e-02 9.992950334646119037e-01 -3.553557156164463549e-02 1.047246990781050213e+00 -9.264663790463448789e-01 -2.156311123198818933e-03 -3.763713779859211850e-01 5.861870141476070550e+00
-4.002719157939838568e-01 4.225031901532855239e-02 9.154219185457401764e-01 3.341653485633290188e+01 1.556527321130344102e-02 9.991059536707577182e-01 -3.930668614751099688e-02 9.886664575653386633e-01 -9.162642248311577697e-01 -1.484569350282331172e-03 -4.005716932057987734e-01 5.509292269215638527e+00
-4.232214081255742388e-01 4.137782555655076383e-02 9.050809359086279260e-01 3.413228987972986062e+01 1.832877835606029279e-02 9.991431796866474535e-01 -3.710744308980178791e-02 9.536776642300566209e-01 -9.058408851682555607e-01 8.843645190434424545e-04 -4.236171896950573501e-01 5.156048428858809984e+00
-4.429986824839391990e-01 3.793445256553590328e-02 8.957193367283612373e-01 3.487249302905770065e+01 2.188275404416373943e-02 9.992642700119304111e-01 -3.149704292358753571e-02 9.050143924863475187e-01 -8.962551677540322448e-01 5.647658427254753123e-03 -4.435028666259883123e-01 4.757443858419771132e+00
-4.609723236296566218e-01 3.671460240963977939e-02 8.866546907588638282e-01 3.558610569977554405e+01 2.900897643960758179e-02 9.992332461009777456e-01 -2.629446945138195005e-02 8.730789531999060271e-01 -8.869402511764410413e-01 1.359992342622951510e-02 -4.616839255889835236e-01 4.360391655862928317e+00
-4.755523623570060976e-01 3.728750600398419990e-02 8.788967963334973765e-01 3.628768746955201863e+01 3.270263496008415927e-02 9.991599941742275170e-01 -2.469501275768491710e-02 8.215781450222693350e-01 -8.790793485748391589e-01 1.699847054137633082e-02 -4.763722965383295205e-01 3.999574854596470441e+00
-4.863774228261054655e-01 4.076422980517426659e-02 8.727973799014999701e-01 3.700022628507226585e+01 3.508268757597148707e-02 9.990166684515847662e-01 -2.710905994488953946e-02 7.718830394539751838e-01 -8.730442257816567464e-01 1.743484418074827194e-02 -4.873292725308563389e-01 3.564459892127512131e+00
-4.962199075542454429e-01 4.348444710774937438e-02 8.671071978713711381e-01 3.769936588643129483e+01 3.708813389480548200e-02 9.988949148243065901e-01 -2.886900417173167768e-02 7.368203554005998690e-01 -8.674043382786013057e-01 1.783401436786944891e-02 -4.972843005099917280e-01 3.181333870336297220e+00
-5.064946289355625186e-01 4.257167881438723989e-02 8.611915173674539181e-01 3.839259205676103193e+01 3.102186008479802110e-02 9.990334827122027139e-01 -3.114072194976118604e-02 6.853670297025219460e-01 -8.616848886181498468e-01 1.094315537569259811e-02 -5.073257469984134849e-01 2.784066344539475768e+00
-5.184047760557937146e-01 4.142942003983243054e-02 8.541311831810942667e-01 3.907192162138799318e+01 2.938373567937489772e-02 9.990988875500035338e-01 -3.062693133687771282e-02 6.632571297323606174e-01 -8.546303857447022922e-01 9.220418447262328926e-03 -5.191549873897455258e-01 2.365027920616141976e+00
-5.268274265269029533e-01 4.268645147919244986e-02 8.488997092900022468e-01 3.975893681205133134e+01 3.139983231291541832e-02 9.990338044738397150e-01 -3.074911373725177158e-02 6.219426611964740115e-01 -8.493920914544044187e-01 1.045583307664982482e-02 -5.276587568395988415e-01 1.936018985365767220e+00
-5.345520551478439852e-01 4.559167837958872510e-02 8.439049035614828442e-01 4.044391987656459975e+01 3.498004701241902437e-02 9.988817319766545300e-01 -3.180694539619283862e-02 5.717051160812749444e-01 -8.444113383473352830e-01 1.251736619683485770e-02 -5.355490829209600401e-01 1.495553674170659209e+00
-5.378900456465586233e-01 4.876095016278055722e-02 8.416036214598558995e-01 4.112027391224987127e+01 3.625362766699728734e-02 9.987401879654901338e-01 -3.469454368886117079e-02 5.423958108818364154e-01 -8.422351125961281548e-01 1.184933566283507406e-02 -5.389801678128983697e-01 1.064060940190010074e+00
-5.379458556100608080e-01 5.023738930207338055e-02 8.414811039307267260e-01 4.182446838813524437e+01 3.527999345250018570e-02 9.986897483467446213e-01 -3.706897014140916879e-02 4.931602038550516043e-01 -8.422408147965201319e-01 9.746349973134322761e-03 -5.390133871161782997e-01 6.241576564857196363e-01
-5.340945792306918127e-01 5.152126150967879792e-02 8.438533801001134593e-01 4.256110290174233057e+01 3.787920376507225573e-02 9.985973035086946892e-01 -3.699447637386179405e-02 4.534402463748596901e-01 -8.445757266482489811e-01 1.220594585872310754e-02 -5.352969921920388563e-01 1.391082608988783165e-01
-5.284539271449438802e-01 5.010695464740475696e-02 8.474819921011775836e-01 4.331445634016930768e+01 3.619333998275188480e-02 9.986788349750473914e-01 -3.647775556573481376e-02 4.079386564613611266e-01 -8.481901324715648283e-01 1.139639170235809407e-02 -5.295692915398018119e-01 -3.105436836573649551e-01
-5.216540516617014234e-01 4.896686615645080148e-02 8.517507166050373169e-01 4.406182512793100869e+01 3.403046909562688904e-02 9.987512840556224125e-01 -3.657594442437804572e-02 3.633073809552661015e-01 -8.524781460466328564e-01 9.905487841749020458e-03 -5.226690205568975678e-01 -7.526542217144864821e-01
-5.145708703225364555e-01 4.815260747665563168e-02 8.560946983356212403e-01 4.485627255311487716e+01 3.205835863011992359e-02 9.988042300081325653e-01 -3.691031972871721550e-02 3.154492847189914739e-01 -8.568483489642423345e-01 8.452016509879815148e-03 -5.154992566840868040e-01 -1.231958387487138484e+00
-5.077715881434198275e-01 4.679065813351535041e-02 8.602201085637313227e-01 4.565096139539475928e+01 2.907644350442368381e-02 9.988858571647304396e-01 -3.716994398887572132e-02 2.690335830296083364e-01 -8.610009215463788612e-01 6.138300876383228320e-03 -5.085663652073957319e-01 -1.704038702742957323e+00
-5.034655016074844891e-01 4.449976870327378847e-02 8.628686144437214267e-01 4.646878855098405836e+01 2.511187304404850773e-02 9.990045652529339071e-01 -3.686831144321736642e-02 2.268636569900106537e-01 -8.636503313291490347e-01 3.106325139952923441e-03 -5.040818083118759896e-01 -2.155809667635097959e+00
-5.021620095835371833e-01 4.192469783433239172e-02 8.637566916280541296e-01 4.732553013663836339e+01 2.074858357081649923e-02 9.991207036632108185e-01 -3.643234484453191507e-02 1.876914719726711367e-01 -8.645246235491719222e-01 -3.732106748525498862e-04 -5.025903396820324831e-01 -2.608963227840375598e+00
-5.020212189920953971e-01 3.932613297639159927e-02 8.639607267869395812e-01 4.811906643887555646e+01 1.758622180850639635e-02 9.992232769739297638e-01 -3.526425273691431717e-02 1.353779951837358608e-01 -8.646764902571056899e-01 -2.509597263383385544e-03 -5.023228868663242030e-01 -3.085369672679534325e+00
-5.038490976391768461e-01 3.796918107901130907e-02 8.629567860607308960e-01 4.898134180013389027e+01 1.622292377140490544e-02 9.992731923815308948e-01 -3.449498078854932454e-02 9.367179492258292939e-02 -8.636393436152696168e-01 -3.380581885597061086e-03 -5.040988686223578652e-01 -3.574676363756506881e+00
-5.042073925144539004e-01 3.736984862799151014e-02 8.627736587682170999e-01 4.985242922728364334e+01 1.590152179237442828e-02 9.992956554232022004e-01 -3.399021367127752491e-02 3.777419298205266646e-02 -8.634361929060417884e-01 -3.418701969978664348e-03 -5.044464954495587738e-01 -4.089020084469527028e+00
-5.040258190555259032e-01 3.682103912459720046e-02 8.629033383388600154e-01 5.072372925988258174e+01 1.610459502003883450e-02 9.993177982065583054e-01 -3.323522491647410565e-02 -4.894526770962664974e-03 -8.635384345987741073e-01 -2.854701749549902034e-03 -5.042749608765551006e-01 -4.587069413008076246e+00
-5.040251241877905519e-01 3.621133920639465348e-02 8.629295449876671631e-01 5.160341257148800054e+01 1.647095400161541906e-02 9.993420014437151000e-01 -3.231519445929372653e-02 -4.763191078206684137e-02 -8.635319300094888018e-01 -2.074396145689868208e-03 -5.042899129015590010e-01 -5.109346272278677326e+00
-5.041656518377721774e-01 3.571604607620489091e-02 8.628680930904644164e-01 5.248562658450134677e+01 1.596644220993974697e-02 9.993591567421736821e-01 -3.203667473160491663e-02 -1.050709506795792919e-01 -8.634593681884756844e-01 -2.374856545429081082e-03 -5.044128200798627670e-01 -5.614848872531512214e+00
-5.047492138713414178e-01 3.414060406787255975e-02 8.625906542338426242e-01 5.337223841912967970e+01 1.414901741174027713e-02 9.994106207238473427e-01 -3.127645221378913543e-02 -1.541538516251919344e-01 -8.631500730908080454e-01 -3.581953581633929087e-03 -5.049347823610712549e-01 -6.131168176604517406e+00
-5.049403589610609311e-01 3.363120296695542438e-02 8.624987899140398317e-01 5.427262887489487753e+01 1.399239422717273203e-02 9.994282767604631967e-01 -3.077876684138894370e-02 -2.070649522621129668e-01 -8.630408212054070383e-01 -3.473017587052037308e-03 -5.051222550879643780e-01 -6.627361157477316134e+00
-5.042084081221964720e-01 3.283447426522637796e-02 8.629575684755055320e-01 5.517347933386281511e+01 1.267886657408680111e-02 9.994506841873064262e-01 -3.061986601956398144e-02 -2.587851872182011514e-01 -8.634889343861200661e-01 -4.497469140079530907e-03 -5.043477436039269790e-01 -7.125134557397593937e+00
-5.028678694366224278e-01 3.151090778611023019e-02 8.637887213115940099e-01 5.607236076355982846e+01 1.209369999706560658e-02 9.994939489729821602e-01 -2.942088311604517531e-02 -3.145134261401931752e-01 -8.642786938366060490e-01 -4.348414257465614899e-03 -5.029944773162341454e-01 -7.659732803580420857e+00
-5.012348384023338488e-01 2.903695285968450196e-02 8.648239581535072107e-01 5.697510091674543276e+01 1.264701753324320305e-02 9.995758943364007054e-01 -2.623136263583058375e-02 -3.689162805318602079e-01 -8.652188752330612909e-01 -2.210628132160226845e-03 -5.013894939377726567e-01 -8.173476056174864723e+00
-4.986333983942028425e-01 2.790317071778727204e-02 8.663637420166496739e-01 5.783702707500064122e+01 1.324820491616268171e-02 9.996103314759613445e-01 -2.456970185209550808e-02 -4.143941313251287006e-01 -8.667117349263326886e-01 -7.735086130079134271e-04 -4.988087647966703564e-01 -8.676387196750857456e+00
-4.961537392014322978e-01 2.722323493535708933e-02 8.678077833977754230e-01 5.872419172962443668e+01 1.289374052055010551e-02 9.996291256513757384e-01 -2.398671677570658398e-02 -4.686399570739632203e-01 -8.681389468073410498e-01 -7.118099036179580076e-04 -4.963207390553121545e-01 -9.193613478397416827e+00
-4.937541091963426609e-01 2.751441776977742171e-02 8.691661652395744619e-01 5.962326867527825414e+01 1.376385784272505380e-02 9.996213868953017778e-01 -2.382517689780819931e-02 -5.128310186042429608e-01 -8.694926384639188877e-01 1.993014885824562665e-04 -4.939458731782312984e-01 -9.704767011083722750e+00
-4.928149444947717561e-01 2.794973959508580477e-02 8.696851320191494317e-01 6.050853196043203042e+01 1.355998745674490483e-02 9.996092979426428604e-01 -2.444132120786635110e-02 -5.592433192471921721e-01 -8.700284878748739681e-01 -2.521279328547721549e-04 -4.930014000244682948e-01 -1.019063765500689200e+01
-4.938951684285731170e-01 2.890732779234048144e-02 8.690408018831133896e-01 6.139107015262852229e+01 1.260102093167947239e-02 9.995802249864352840e-01 -2.608808280229064219e-02 -6.084701345683563023e-01 -8.694301520808558337e-01 -1.933975791097576656e-03 -4.940521066433386510e-01 -1.067218855184469462e+01
-4.962226805350740677e-01 3.086912478614207977e-02 8.676463189762507744e-01 6.227483602196017642e+01 1.171291057230764050e-02 9.995147811034448271e-01 -2.886191364147700639e-02 -6.575651952373789966e-01 -8.681162776268838144e-01 -4.159271509290127407e-03 -4.963434724330029746e-01 -1.117134875633841773e+01
-5.000880819682068656e-01 3.168723589759252918e-02 8.653946012050873771e-01 6.316090433500531987e+01 1.044597902538610575e-02 9.994783360303522990e-01 -3.056038787649249452e-02 -7.111087376769901214e-01 -8.659115452282314385e-01 -6.242991025161896690e-03 -5.001582094539408496e-01 -1.165163841895303420e+01
-5.056180237926789500e-01 3.016246692573547675e-02 8.622300308708075178e-01 6.403566247143365331e+01 1.059105673528420132e-02 9.995303845706338119e-01 -2.875482249386644013e-02 -7.510578208236960984e-01 -8.626924456584587064e-01 -5.407028462348651907e-03 -5.057000313794310919e-01 -1.217018385455273766e+01
-5.108448041407868123e-01 2.806026367596927210e-02 8.592148708563732695e-01 6.490976842637941502e+01 1.337006612538575896e-02 9.996055967869386105e-01 -2.469599521942114975e-02 -8.183346714208138417e-01 -8.595689847692276064e-01 -1.128060277491286199e-03 -5.110184940988189428e-01 -1.270256199128731645e+01
-5.159244347574154510e-01 2.578371837547493300e-02 8.562459717783409419e-01 6.575235790836742922e+01 1.075315786244119935e-02 9.996631018025825544e-01 -2.362313423227218809e-02 -8.558608615839407019e-01 -8.565666111216531098e-01 -2.980403165871194342e-03 -5.160278783441309969e-01 -1.320315320238091594e+01
-5.215409479189769826e-01 2.802610946423789509e-02 8.527658316510926539e-01 6.659445388932211074e+01 1.191616549456986363e-02 9.996021617805801451e-01 -2.556409868451805373e-02 -9.113505901185541269e-01 -8.531430458071312950e-01 -3.171024581955486556e-03 -5.216674239556006176e-01 -1.372090156805135663e+01
-5.265142993262709181e-01 3.057766483644775921e-02 8.496161991793269586e-01 6.744326891940282565e+01 1.236908580893336662e-02 9.995227297286281010e-01 -2.830756875017440694e-02 -9.565651808185897664e-01 -8.500762966886774574e-01 -4.395363168592647876e-03 -5.266412286598975978e-01 -1.425244791840204606e+01
-5.318082062357135653e-01 3.076972246243113787e-02 8.463056439274750931e-01 6.825462590611529379e+01 1.090335642361178574e-02 9.995056597407259158e-01 -2.948818311653010268e-02 -9.951908472045406517e-01 -8.467946388415541481e-01 -6.454484825616353845e-03 -5.318808064714498629e-01 -1.475898314113589826e+01
-5.352017709893877040e-01 3.132308728378693091e-02 8.441433027499871677e-01 6.909641773314235991e+01 1.018524488938099895e-02 9.994789145545889264e-01 -3.062939971188868155e-02 -1.044280151771038057e+00 -8.446628539387155410e-01 -7.795101860556315036e-03 -5.352419196390348910e-01 -1.527502395118452228e+01
-5.382689234750410723e-01 3.054550276553643154e-02 8.422194045381418137e-01 6.992052958014416220e+01 1.010621563795202280e-02 9.995050591805720863e-01 -2.979095597230988629e-02 -1.101689902989564374e+00 -8.427125500874602659e-01 -7.523894032868965083e-03 -5.383112128361134952e-01 -1.578887094317320283e+01
-5.408943915317873108e-01 2.413522618578356135e-02 8.407441556168604446e-01 7.074944558059981148e+01 1.169729845681414561e-02 9.997073937184672854e-01 -2.117309927478781134e-02 -1.150744941216966355e+00 -8.410091806951756066e-01 -1.617974426586486509e-03 -5.410184405620911408e-01 -1.633788917646312200e+01
-5.433525696667332872e-01 1.624338324775015732e-02 8.393474398064687536e-01 7.156625949432904576e+01 1.260190400892593869e-02 9.998579578619897212e-01 -1.119178691634074678e-02 -1.183373062564590850e+00 -8.394100241229291992e-01 4.496290655372992863e-03 -5.434800894428966078e-01 -1.684135751100546941e+01
-5.448241753243645569e-01 1.315413591553884175e-02 8.384471205068423361e-01 7.237007228222540789e+01 1.278691192215080860e-02 9.998910238797343863e-01 -7.378023232570308544e-03 -1.211237520113074950e+00 -8.384528158356590044e-01 6.701425048749831866e-03 -5.449330044557849639e-01 -1.737248810441114699e+01
-5.457027813235539870e-01 1.829515005018963678e-02 8.377790574835436432e-01 7.317050751236020290e+01 1.286799668309996855e-02 9.998267129835638478e-01 -1.345208698706121253e-02 -1.248708410424855364e+00 -8.378800037099020104e-01 3.439697806051824052e-03 -5.458436412252151149e-01 -1.787772817057909691e+01
-5.474049513943108902e-01 2.343818170591014174e-02 8.365395735304191893e-01 7.396967768072201466e+01 1.302095744197323719e-02 9.997252630722179845e-01 -1.948981836807471557e-02 -1.297597722716051338e+00 -8.367665656098305371e-01 2.237240316061778677e-04 -5.475597477832019333e-01 -1.841546031612504564e+01
-5.476559158149922890e-01 2.894855056061382964e-02 8.362027066210838688e-01 7.478066133592922426e+01 1.966965798928383205e-02 9.995705395536437221e-01 -2.172190087021092994e-02 -1.329546913799015684e+00 -8.364724226648909688e-01 4.551694692897329149e-03 -5.479901285269761502e-01 -1.893543985379450589e+01
-5.472383353662652050e-01 2.868781013577060418e-02 8.364850274298369914e-01 7.558273912513904236e+01 2.205406500665935826e-02 9.995596506117453428e-01 -1.985253255141665105e-02 -1.384533724779021258e+00 -8.366862219363931930e-01 7.583829292267424936e-03 -5.476300433073879592e-01 -1.945541449044520377e+01
-5.469281903758711483e-01 2.692385372193164747e-02 8.367464657373526737e-01 7.636925465889299858e+01 2.235012096408339408e-02 9.995960658234485097e-01 -1.755497781828978601e-02 -1.413826489271701403e+00 -8.368811373944629040e-01 9.100073477052049095e-03 -5.473090199530991073e-01 -1.998788329580359147e+01
-5.469279445505260684e-01 2.112607395679630753e-02 8.369130777520351616e-01 7.715965925301195227e+01 1.980638082207789724e-02 9.997282651773062856e-01 -1.229239812671187315e-02 -1.446799861066039083e+00 -8.369453639360309172e-01 9.853164104747551971e-03 -5.471977574261743804e-01 -2.049473848208738147e+01
-5.457210892211336040e-01 1.512771876483786845e-02 8.378303122462082975e-01 7.795076766696232085e+01 1.831033728445705458e-02 9.998135843601316797e-01 -6.126013965798333266e-03 -1.470683054530581124e+00 -8.377668147040300273e-01 1.199786162777856206e-02 -5.458963530864464619e-01 -2.100651937832481408e+01
-5.457905549315417160e-01 8.520591097904867475e-03 8.378783067268312790e-01 7.874207475106487664e+01 9.663171535659556555e-03 9.999458055898180486e-01 -3.874142834897853233e-03 -1.496895315666929793e+00 -8.378659229052750623e-01 5.982092223024140440e-03 -5.458433132453532899e-01 -2.150504128018377870e+01
-5.441080274967639019e-01 3.836299636568024900e-03 8.390063911509585415e-01 7.954169843458747380e+01 1.599299780462598184e-03 9.999924721777551095e-01 -3.535226402418804696e-03 -1.522318047396649998e+00 -8.390136519744888499e-01 -5.817213966950814021e-04 -5.441100681199436684e-01 -2.200846293892297112e+01
-5.434220186565665855e-01 4.338630788278198362e-03 8.394484338442618210e-01 8.031120157990839914e+01 5.049108480871343681e-03 9.999854485543931970e-01 -1.899782680851652434e-03 -1.536366575531186607e+00 -8.394444756490193615e-01 3.206083432632021984e-03 -5.434360184774945646e-01 -2.248675958856267698e+01
-5.387525472128668058e-01 7.435794032244933197e-03 8.424312369082840313e-01 8.115414659975279221e+01 9.924391770875524293e-03 9.999476784631894377e-01 -2.479267416634711382e-03 -1.569874291626220053e+00 -8.424056095248392273e-01 7.024906999830155332e-03 -5.387981557687411271e-01 -2.303991619165405780e+01
-5.339877897566581710e-01 1.028672999853087397e-02 8.454296011936127675e-01 8.192419104218545556e+01 1.080845355009107771e-02 9.999273294490127473e-01 -5.339769147750184769e-03 -1.595264762674513337e+00 -8.454231067653071863e-01 6.286416043520402092e-03 -5.340601694015765233e-01 -2.349822619480368147e+01
-5.261129932063758341e-01 1.202992658672433560e-02 8.503295749920528612e-01 8.271626220038893962e+01 1.565602800779461110e-02 9.998674949326357142e-01 -4.458849384805177278e-03 -1.618979589208074055e+00 -8.502705563761402408e-01 1.096692608544893623e-02 -5.262316226320360446e-01 -2.398669480557264322e+01
-5.172986773633820867e-01 1.373505386169130218e-02 8.556946963741409728e-01 8.354296168486074237e+01 2.131865001455233652e-02 9.997677386849360692e-01 -3.159716933024356907e-03 -1.655184762198268045e+00 -8.555393653077638660e-01 1.660773945521493850e-02 -5.174713429021214894e-01 -2.450981509856291396e+01
-5.082206005275246019e-01 1.414856172833612105e-02 8.611106932072103426e-01 8.431321903164196385e+01 2.114012118704173063e-02 9.997687193690676377e-01 -3.950064863101425058e-03 -1.667253265204851065e+00 -8.609674376397934425e-01 1.619648116721009515e-02 -5.084021624672113715e-01 -2.496178062959820210e+01
-4.968660651709871923e-01 1.181651732867567209e-02 8.677467773284828212e-01 8.515831756450130285e+01 1.783933347051845988e-02 9.998350836397770225e-01 -3.400540320519879808e-03 -1.696124437695130327e+00 -8.676438692661450069e-01 1.379041211892675575e-02 -4.969949238413940984e-01 -2.541508386477412174e+01
-4.858958297384651237e-01 8.852544406194635604e-03 8.739718881543385720e-01 8.598149971020819748e+01 1.862167338892673982e-02 9.998265761341587066e-01 2.256199541993286913e-04 -1.718655192334455517e+00 -8.738183384035392853e-01 1.638444795634804579e-02 -4.859764142247732788e-01 -2.587199191784509367e+01
-4.739571142661531677e-01 8.463781960227812276e-03 8.805072425747164644e-01 8.678022116731024482e+01 1.939123252350875848e-02 9.998116300962788250e-01 8.272801590987182568e-04 -1.742423767272712976e+00 -8.803343948484056991e-01 1.746621712046486988e-02 -4.740319594123088565e-01 -2.630498570992607910e+01
-4.624119111906163093e-01 7.225602136113160913e-03 8.866357769004278300e-01 8.757573091610322535e+01 1.863809448517761425e-02 9.998250591887871686e-01 1.572393120849656942e-03 -1.757008168799195191e+00 -8.864693219944510538e-01 1.725229581949708560e-02 -4.624656891777119139e-01 -2.671043696490877650e+01
-4.491391782296806912e-01 8.939759822577426560e-03 8.934170721977633400e-01 8.844659698201058973e+01 2.157006213629748814e-02 9.997669864186954358e-01 8.397918986447217840e-04 -1.772641010513726467e+00 -8.932014018299725411e-01 1.964824635735572256e-02 -4.492273551325601799e-01 -2.713498405866693730e+01
