7.775814370263078867e-01 -6.284227866003075924e-01 2.125817662941429514e-02 -6.595536334862860883e+01 6.274606346256234035e-01 7.776943438691481525e-01 3.853127961988501299e-02 2.570984606968641017e+01 -4.074629783567062374e-02 -1.662253877841674346e-02 9.990312459664344447e-01 -8.861188976989913257e-01 -4.809208017785018303e-24 -1.416202385148814181e-23 -3.430527606006730092e-24 9.999999999999997780e-01
7.496291247903462684e-01 -6.612719419230416174e-01 2.784948996642600330e-02 -6.556001332222092515e+01 6.605171097154238780e-01 7.501249074656454185e-01 3.209004476219933649e-02 2.608511439508693641e+01 -4.211084230032766801e-02 -5.660567549898057674e-03 9.990969096818237416e-01 -8.948467661712450338e-01 -4.809208017785018303e-24 -1.416202385148814181e-23 -3.430527606006730092e-24 9.999999999999997780e-01
7.211606017977876260e-01 -6.926720780728137239e-01 1.152296285438456774e-02 -6.520877045084576196e+01 6.923183455687937915e-01 7.211920406268074180e-01 2.402808617908868544e-02 2.648957261134994212e+01 -2.495385348080260760e-02 -9.350550509562429585e-03 9.996448731432718837e-01 -9.026818588802064669e-01 9.014792468406117839e-19 -2.051016379761866030e-18 5.501453854287353274e-20 9.999999999999998890e-01
6.909212261746991990e-01 -7.227924329713090179e-01 -1.410524940108948480e-02 -6.487636586733916033e+01 7.229259522702261576e-01 6.908514888589571967e-01 1.011374686004757814e-02 2.689925697652445891e+01 2.434492850039715172e-03 -1.718485323705608303e-02 9.998493656865444779e-01 -9.077705205743687999e-01 6.475050954083346799e-19 -3.458382788478885414e-18 1.449831540796092043e-19 9.999999999999998890e-01
6.565348651191769136e-01 -7.537615679746896280e-01 -2.838079504316923934e-02 -6.453489588259854770e+01 7.538114734455489963e-01 6.569967718306336524e-01 -1.111324911882004274e-02 2.732567896662511586e+01 2.702283080644401342e-02 -1.409753341778696191e-02 9.995354051591880395e-01 -9.264091822046663927e-01 -1.920490592952379798e-19 -6.560752055957009486e-18 2.223170819554064550e-19 9.999999999999997780e-01
6.188838424161550167e-01 -7.849890602691085295e-01 -2.783819056689251087e-02 -6.419266912485979049e+01 7.842775856898379638e-01 6.195085732822861457e-01 -3.343345950189237359e-02 2.776522412340242241e+01 4.349089767679154006e-02 -1.141441005979721909e-03 9.990531712234836936e-01 -9.386895618236712480e-01 -1.537487515613350010e-18 -1.135871288053484837e-17 3.419337608419422882e-19 9.999999999999994449e-01
5.859506575178778931e-01 -8.100371484800887867e-01 -2.239743370598983735e-02 -6.387120950339056691e+01 8.090770609935459268e-01 5.863556858808540717e-01 -3.976580200672090448e-02 2.825281976634121861e+01 4.534463946719431704e-02 5.179547995924249811e-03 9.989579750690977811e-01 -9.618436262415183124e-01 -4.473589073637103852e-18 -1.463110194391914301e-17 5.912511165595774123e-19 9.999999999999992228e-01
5.571268893610945572e-01 -8.302715054242741921e-01 -1.608901585992595154e-02 -6.356506278127051957e+01 8.299195507582424192e-01 5.573591428474298226e-01 -2.417281848716181306e-02 2.876199714824641518e+01 2.903736248463036074e-02 1.147383562314087629e-04 9.995783203006414208e-01 -9.346873332219058916e-01 -8.513246545240268414e-18 -1.817587772512012995e-17 9.305416841596377766e-19 9.999999999999988898e-01
5.286660866050005847e-01 -8.487946883799303288e-01 -7.729544085604407762e-03 -6.328439480827390184e+01 8.487540715780608203e-01 5.287186538069477137e-01 -8.550502688772864887e-03 2.927693822124656009e+01 1.134437540869080545e-02 -2.040121219119106315e-03 9.999335693194851826e-01 -8.758437730078778571e-01 -1.123236999050482606e-17 -2.070620208144734683e-17 1.164555199995967893e-18 9.999999999999985567e-01
4.988056832060090429e-01 -8.666908457134953059e-01 -6.314139514867415058e-03 -6.301652455562248178e+01 8.666756698957708283e-01 4.988388524611785946e-01 -5.751737644280595710e-03 2.978757474605183830e+01 8.134716473119791777e-03 -2.603311668585139155e-03 9.999635239128814579e-01 -8.675921827307656597e-01 -1.137150300070822145e-17 -2.365066467563447527e-17 1.371592351757749694e-18 9.999999999999981126e-01
4.712264227232678682e-01 -8.820015570349573064e-01 -4.348783202670175943e-03 -6.274920641904836316e+01 8.818853794827995474e-01 4.712365326866021498e-01 -1.463925257602578106e-02 3.031818842044302187e+01 1.496114908371457344e-02 3.063274297768731058e-03 9.998833833846241248e-01 -8.643007854048201377e-01 -1.358812196153054871e-17 -2.359527900782766856e-17 1.597733146874655288e-18 9.999999999999976685e-01
4.457188916430083192e-01 -8.951564253793814485e-01 -5.444606003909036561e-03 -6.250185658051051973e+01 8.949067358865370192e-01 4.457264124284197604e-01 -2.167716145143893866e-02 3.085604669166240299e+01 2.183125505844999564e-02 4.789505788956469924e-03 9.997501972677399484e-01 -8.604104547139179715e-01 -1.537429720267664270e-17 -2.154202657131188415e-17 1.811085416324759273e-18 9.999999999999972244e-01
4.224913500376676900e-01 -9.063485193987890209e-01 -5.781048951048641318e-03 -6.226199161672070659e+01 9.061022847001474201e-01 4.225135153799503551e-01 -2.147042110551360475e-02 3.141126715872476893e+01 2.190225569474127387e-02 3.832845536238373672e-03 9.997527696838824918e-01 -8.542457630418316405e-01 -1.752713247737677585e-17 -1.856491297776319468e-17 2.036755511913492539e-18 9.999999999999967804e-01
4.029976367856489827e-01 -9.151870117646806468e-01 -5.063422006940982226e-03 -6.202616226636168051e+01 9.150789931583279690e-01 4.030280804887939050e-01 -1.409973821947979079e-02 3.199288043093610057e+01 1.494459853991139502e-02 1.048730069700730102e-03 9.998877732724509304e-01 -8.475034974897911466e-01 -1.964310441227860725e-17 -1.300998991571193751e-17 2.276494962696630855e-18 9.999999999999963363e-01
3.860731315038087863e-01 -9.224656355997387092e-01 -2.165240960649562202e-03 -6.180416473313688641e+01 9.224506955674498521e-01 3.860792020567696547e-01 -5.250141553764087372e-03 3.257289712327774112e+01 5.679029667729098077e-03 2.961056027912457430e-05 9.999838737426057778e-01 -8.430750386320097212e-01 -2.265901156407477012e-17 -5.513426227438797053e-18 2.540442076979157070e-18 9.999999999999960032e-01
3.696148514898371928e-01 -9.291840540140328120e-01 1.362102859046017932e-03 -6.157906420588399499e+01 9.291833766017342233e-01 3.696165718257445332e-01 1.357379380116924836e-03 3.316441483072353691e+01 -1.764711064487468938e-03 7.639357558515864899e-04 9.999981510968116716e-01 -8.403626780004759267e-01 -2.593348634560094156e-17 1.565354082125682920e-18 2.784057459973397606e-18 9.999999999999957812e-01
3.556694371277482891e-01 -9.346097358388987253e-01 1.973111345699600505e-03 -6.136291385815961519e+01 9.346046635817263359e-01 3.556741825059091533e-01 3.162073692519439417e-03 3.376242686230731493e+01 -3.657089623344417836e-03 7.194260950837759287e-04 9.999930540366788190e-01 -8.411432948959001177e-01 -3.014306527388705014e-17 1.148275457738946589e-17 2.992129722629591291e-18 9.999999999999957812e-01
3.423879126232273196e-01 -9.395585797734756772e-01 4.387066992718209190e-04 -6.115944881670616695e+01 9.395561151024803825e-01 3.423880313161414835e-01 2.177747686284640070e-03 3.436095000467244631e+01 -2.196329446320504763e-03 -3.334449224877592639e-04 9.999975324726912973e-01 -8.464561728475020752e-01 -3.470476968137935120e-17 2.130769476997512767e-17 3.192789868555399874e-18 9.999999999999958922e-01
3.302818612470759807e-01 -9.438721554897487875e-01 -4.387051665133249144e-03 -6.095705126064597579e+01 9.438822773385763254e-01 3.302764344061770441e-01 1.929611898019831153e-03 3.497547524305984012e+01 -3.723671599280014731e-04 -4.778176125648161444e-03 9.999885151218665946e-01 -8.517232785896992064e-01 -4.029166228035462949e-17 3.076563388332358423e-17 3.403154513702723070e-18 9.999999999999957812e-01
3.198257641586201294e-01 -9.474484794310844560e-01 -7.270447310308475290e-03 -6.076859273018216356e+01 9.474763700569802660e-01 3.198171045903350773e-01 2.355375785888748439e-03 3.559981250430544719e+01 9.361620102910349914e-05 -7.641886886861689633e-03 9.999707959739833063e-01 -8.581444877935007209e-01 -4.472212321993935673e-17 3.883210340520464869e-17 3.656459004815303012e-18 9.999999999999955591e-01
3.117623553449261342e-01 -9.501126337955420054e-01 -9.498257308347373210e-03 -6.057144554950976811e+01 9.501600693563423405e-01 3.117496724555524623e-01 2.825654719675146226e-03 3.622804669718944126e+01 2.763883568671853495e-04 -9.905797593658453165e-03 9.999508981862743617e-01 -8.611745190947935891e-01 -4.935629835003296108e-17 4.647173414535657750e-17 3.921735867305408852e-18 9.999999999999952260e-01
3.058636070790340944e-01 -9.520111006963833944e-01 -1.105974753230148239e-02 -6.037195287816666678e+01 9.520735655794578811e-01 3.058648295495300928e-01 1.622272924464838138e-03 3.687383892458861112e+01 1.838365961377115944e-03 -1.102588751582746218e-02 9.999375231558758070e-01 -8.590663390413594280e-01 -5.313492797707603884e-17 5.574271335830661029e-17 4.201032834731571423e-18 9.999999999999947820e-01
3.013124504031241546e-01 -9.534394867776170290e-01 -1.280438539397169527e-02 -6.017147611273479413e+01 9.535228123011155743e-01 3.013161039464932744e-01 1.688764004575385577e-03 3.752293474688563180e+01 2.248033234528595738e-03 -1.271811919101528340e-02 9.999165944171781728e-01 -8.596483367705991530e-01 -5.708794321477775235e-17 6.687300851920233938e-17 4.543542805908472920e-18 9.999999999999942268e-01
2.980551074241765686e-01 -9.544628974679576494e-01 -1.279571394860598565e-02 -5.997653774407776694e+01 9.545451778444909996e-01 2.980634699247818320e-01 1.292807105333722414e-03 3.817735594190173032e+01 2.579998484060772816e-03 -1.259941480737493749e-02 9.999172957571850207e-01 -8.651206714466890269e-01 -6.051494481835902603e-17 7.883405875422160142e-17 4.930020154285358276e-18 9.999999999999940048e-01
2.955576913058710065e-01 -9.552534821088843886e-01 -1.168058341083661779e-02 -5.977170527893566288e+01 9.553160083292419058e-01 2.955855814329032549e-01 -6.987695169764207830e-04 3.883201127452321089e+01 4.120114053249031294e-03 -1.095212161380097922e-02 9.999315355024923635e-01 -8.668879791247060540e-01 -6.391932581149086884e-17 9.165457214612744827e-17 5.339053851386504545e-18 9.999999999999940048e-01
2.947829624776744928e-01 -9.555019671924389613e-01 -1.090851613602232192e-02 -5.956350810951818886e+01 9.555504829504518627e-01 2.948207548105806763e-01 -1.999266379609218602e-03 3.950101069502989759e+01 5.126359919741708612e-03 -9.834288195881654704e-03 9.999385017138205933e-01 -8.656466497829143902e-01 -6.786800833125845172e-17 1.052082481499907265e-16 5.710849921706187562e-18 9.999999999999937828e-01
2.942963088847918018e-01 -9.556534224689506862e-01 -1.078047773502119680e-02 -5.936088910351096359e+01 9.557036587109951631e-01 2.943273770666347544e-01 -1.382691386072391849e-03 4.018837202987846524e+01 4.494363490590191218e-03 -9.896021042759895955e-03 9.999409329877246844e-01 -8.642618757941652463e-01 -7.272017866807145165e-17 1.196851534309466744e-16 6.085324195619508720e-18 9.999999999999934497e-01
2.934521408147568455e-01 -9.558931198368726401e-01 -1.241710512942258322e-02 -5.915549457655171750e+01 9.559690106644594954e-01 2.934668941779864371e-01 6.577771012371298048e-04 4.087033981041551556e+01 3.015244671552042965e-03 -1.206339380442298867e-02 9.999226884262178983e-01 -8.654913293513465389e-01 -7.680682155419915203e-17 1.342277405820489164e-16 6.451820731803274723e-18 9.999999999999928946e-01
2.930542872403224530e-01 -9.560372464832498363e-01 -1.058149643587956955e-02 -5.894545113605774844e+01 9.560954385088211716e-01 2.930265617971387626e-01 4.116618022675927815e-03 4.156534071518569107e+01 -8.349806399502791073e-04 -1.132331303541277319e-02 9.999355406171229754e-01 -8.677640608121048871e-01 -8.004927734404472196e-17 1.508528380281576679e-16 6.865216948304832901e-18 9.999999999999928946e-01
2.923882351965713666e-01 -9.562780036572270381e-01 -6.442021423005849130e-03 -5.872807335743119239e+01 9.562954675233267254e-01 2.923602596529661368e-01 4.945439309353525693e-03 4.226182757559553238e+01 -2.845823774038980410e-03 -7.606464160437035466e-03 9.999670209512152574e-01 -8.736313955245555984e-01 -8.208055520544461661e-17 1.667240927005861799e-16 7.262733135979901568e-18 9.999999999999928946e-01
2.917443957091364060e-01 -9.564942647403644749e-01 -1.982193515636230044e-03 -5.850977555345433956e+01 9.564953892105459987e-01 2.917405967754772567e-01 1.998652551881116828e-03 4.296808664505442721e+01 -1.333413383909337569e-03 -2.479054639204743456e-03 9.999960381405863519e-01 -8.784088297203298534e-01 -8.506243776516348984e-17 1.828193984503201390e-16 7.656933008768594694e-18 9.999999999999930056e-01
2.914218503023707774e-01 -9.565946398865834421e-01 1.032637286772897251e-05 -5.828313749103487851e+01 9.565907096220133132e-01 2.914206219880776105e-01 -2.869729064288256692e-03 4.368159980347088833e+01 2.742158122818070566e-03 8.461798661362844023e-04 9.999958822657669666e-01 -8.795021400774278852e-01 -8.899146721374402138e-17 2.018265024081887504e-16 7.975482176598690109e-18 9.999999999999930056e-01
2.912089574297977435e-01 -9.566534157508405078e-01 -3.403710465701949121e-03 -5.806774160935643891e+01 9.566397182695378643e-01 2.912239649835575150e-01 -5.389958107494077257e-03 4.440599552176183096e+01 6.147563891762981153e-03 -1.686520539900803481e-03 9.999796813469221668e-01 -8.798532696349821158e-01 -9.250389584023008585e-17 2.169851591906770393e-16 8.252965033165885733e-18 9.999999999999927836e-01
2.910147169486007601e-01 -9.566700670252110683e-01 -9.634177564270944918e-03 -5.785198624761734010e+01 9.566705409215054967e-01 2.910862594679484716e-01 -7.089829467292577646e-03 4.514852674737158367e+01 9.587004341902773119e-03 -7.153489146100994005e-03 9.999284559111282222e-01 -8.795053785713159433e-01 -9.762509568435355311e-17 2.354764171098324398e-16 8.598595267464923841e-18 9.999999999999924505e-01
2.903605085249548190e-01 -9.568795371441392028e-01 -8.504497867886493326e-03 -5.762793799181238796e+01 9.568658238036072960e-01 2.904256221955009432e-01 -7.794434486225348437e-03 4.588077265499641300e+01 9.928258948217794783e-03 -5.874467397300246058e-03 9.999334579396194078e-01 -8.805519100231206098e-01 -1.033120100384084339e-16 2.541546264319589063e-16 9.074205610773016425e-18 9.999999999999921174e-01
2.896689130425468273e-01 -9.571198481559313187e-01 -3.676558547662560177e-03 -5.738915082933488776e+01 9.570903914645888522e-01 2.896892786588236013e-01 -7.622623973879235314e-03 4.662172076377365926e+01 8.360824294045270111e-03 -1.310761658572736623e-03 9.999641886192868201e-01 -8.817162578876268642e-01 -1.101608478595719657e-16 2.740991922752914963e-16 9.550898617638818282e-18 9.999999999999920064e-01
2.902555923946852912e-01 -9.569410032924898779e-01 -3.950607701742210424e-03 -5.716396066808879795e+01 9.569371065768337292e-01 2.902701823883775401e-01 -3.820375966874107240e-03 4.738057516744522957e+01 4.802618028821761635e-03 -2.671597613883003840e-03 9.999848985991182104e-01 -8.779032804920531285e-01 -1.163202541522912923e-16 2.924691286203107807e-16 9.911220831652455043e-18 9.999999999999917843e-01
2.913772583329208299e-01 -9.565916733082717727e-01 -5.627067061234258469e-03 -5.692610061090835671e+01 9.566081598591287261e-01 2.913700516477750746e-01 2.078820255458975474e-03 4.815833491624691476e+01 -3.490233264219710051e-04 -5.988619213446363596e-03 9.999820071494609497e-01 -8.763642753733623669e-01 -1.218796176828343317e-16 3.107248848567036694e-16 1.026644303551435476e-17 9.999999999999914513e-01
2.911112604413603755e-01 -9.566585188030599651e-01 -7.662404702162131653e-03 -5.669704505597391631e+01 9.566766099931446332e-01 2.910569935079119208e-01 7.462601564288999338e-03 4.894673981271916574e+01 -4.908964883260335567e-03 -9.502890702403775716e-03 9.999427969299566898e-01 -8.842101433072088179e-01 -1.284131783899252727e-16 3.292981603128163158e-16 1.065009628162310173e-17 9.999999999999910072e-01
2.909040042588248998e-01 -9.567455776391714517e-01 -3.572110596259088413e-03 -5.644649237917042939e+01 9.567205440055164267e-01 2.908619441594309518e-01 9.226598372631738751e-03 4.972546365016110315e+01 -7.788516156890242653e-03 -6.101566005178723877e-03 9.999510537563278678e-01 -8.992701096766332336e-01 -1.344138808138196660e-16 3.453964312116786197e-16 1.104955778276619160e-17 9.999999999999902300e-01
2.901993315722588562e-01 -9.569628980997507695e-01 2.521827825894949141e-03 -5.620562792984348022e+01 9.569320292788351390e-01 2.902102316040471863e-01 7.688485713001652622e-03 5.051671898806212369e+01 -8.089455807333941623e-03 1.820244042187813352e-04 9.999672632500979930e-01 -9.094660479487629567e-01 -1.415332930406162668e-16 3.613774812983742592e-16 1.138745150981450227e-17 9.999999999999895639e-01
2.895091150598674279e-01 -9.571738242324944190e-01 1.656049950541758952e-03 -5.596688699351798135e+01 9.571550059746879446e-01 2.895138110028036560e-01 6.003980027336168826e-03 5.130135690591592379e+01 -6.226301855776466242e-03 -1.531104442363036158e-04 9.999806046731238851e-01 -9.114823481287379625e-01 -1.497411500028804354e-16 3.806876113217177760e-16 1.161507397896817739e-17 9.999999999999890088e-01
2.900896313268465643e-01 -9.569761826239796543e-01 -6.677700737171884254e-03 -5.574097461585656532e+01 9.569942117876273358e-01 2.900578179679310087e-01 5.342362829286077114e-03 5.210615636448825683e+01 -3.175594681699078596e-03 -7.940285017075110474e-03 9.999634330675795102e-01 -9.198621649097128428e-01 -1.591227307071343106e-16 4.019851386673914601e-16 1.186718032760697291e-17 9.999999999999882316e-01
2.894944638424069017e-01 -9.571395833538325348e-01 -8.762042107588826137e-03 -5.549285705922842027e+01 9.571786221714401188e-01 2.894956736268344821e-01 1.157674076574740285e-03 5.290874268550996362e+01 1.428517598966677713e-03 -8.721979628041698004e-03 9.999609424416896486e-01 -9.299184183013565752e-01 -1.688185649049271118e-16 4.250862631848658192e-16 1.233046915380685509e-17 9.999999999999873435e-01
2.884232536166687622e-01 -9.574715696526073794e-01 -7.760159804582364255e-03 -5.524611496413740497e+01 9.574861525702338394e-01 2.884568023394724623e-01 -3.597335163187029543e-03 5.371024624391520064e+01 5.682817028131538495e-03 -6.392690442492739850e-03 9.999634188806939550e-01 -9.321999923634918250e-01 -1.780131056682021798e-16 4.493110607851236812e-16 1.286889585164515086e-17 9.999999999999865663e-01
2.885921891906203518e-01 -9.574025942458899152e-01 -9.737600805606231799e-03 -5.500484068674603577e+01 9.574256949892560042e-01 2.886448515210969235e-01 -4.493135279811416756e-03 5.452249951182366061e+01 7.112447711889912511e-03 -8.026345472093604494e-03 9.999424937794891832e-01 -9.283216096085150637e-01 -1.866044052169322728e-16 4.783647591394574517e-16 1.340165981357910682e-17 9.999999999999859002e-01
2.888707191042538258e-01 -9.572413712930446517e-01 -1.557769974181536475e-02 -5.477212388003282229e+01 9.573521517081510224e-01 2.889216237141045696e-01 -1.073764461008127778e-03 5.535167763955861631e+01 5.528586068231895224e-03 -1.460316525447819327e-02 9.998780837185462511e-01 -9.260247191083648133e-01 -1.958536571331929414e-16 5.085778168990672305e-16 1.401328685214851924e-17 9.999999999999851230e-01
2.889654515168101900e-01 -9.572592509611909106e-01 -1.239734967433095761e-02 -5.451986949062229826e+01 9.573395254923022790e-01 2.889408481747736124e-01 3.770833615443301701e-03 5.618209670340824147e+01 -2.756463220354033453e-05 -1.295811349285439645e-02 9.999160397428041858e-01 -9.275844508127055743e-01 -2.053002396572766279e-16 5.383679355532536791e-16 1.478048519208964461e-17 9.999999999999844569e-01
2.880756642712002935e-01 -9.575887297371594720e-01 -6.019662375955004384e-03 -5.426660810319582851e+01 9.575922697434324782e-01 2.880297179642544170e-01 7.478402034704053312e-03 5.701303163408795172e+01 -5.427391848495252517e-03 -7.918727791500504432e-03 9.999539175221640042e-01 -9.352897508222945966e-01 -2.148177592099096964e-16 5.669706580561352048e-16 1.539748687814165779e-17 9.999999999999836797e-01
2.875843986084530290e-01 -9.577131586861554746e-01 -8.984395162765522469e-03 -5.401711313373017020e+01 9.577234425700742459e-01 2.874856694504626109e-01 1.085345162993994229e-02 5.784247238808799807e+01 -7.811608585187746617e-03 -1.172584922450134112e-02 9.999007366890536597e-01 -9.457984642352665894e-01 -2.242418525622617176e-16 5.955367682778495903e-16 1.579558695303511163e-17 9.999999999999827915e-01
2.880816869140940262e-01 -9.575526810988468362e-01 -1.008982582504550259e-02 -5.376516283648121686e+01 9.575788038165529148e-01 2.879783902254884898e-01 1.054899257432474237e-02 5.867515370163129518e+01 -7.195564323690383304e-03 -1.270077492030502984e-02 9.998934514089607983e-01 -9.604979385382175217e-01 -2.340533791255405964e-16 6.280457079338848410e-16 1.631567839350745004e-17 9.999999999999816813e-01
2.862407533494446543e-01 -9.581402448908736824e-01 -5.788112165356222409e-03 -5.351481643043556602e+01 9.581542406552697733e-01 2.862181912209544321e-01 4.426977350790130793e-03 5.950562001212607299e+01 -2.585002168466739997e-03 -6.813085548560228466e-03 9.999734494621017600e-01 -9.572752337798696720e-01 -2.430359476079339616e-16 6.569700339507718036e-16 1.686350805694043196e-17 9.999999999999803491e-01
2.858861393462393541e-01 -9.582495840988619618e-01 -5.181689309512025124e-03 -5.326294102651387163e+01 9.582609523052263434e-01 2.858938682821922650e-01 -8.021007795212020718e-04 6.034116407855059094e+01 2.250025939307269667e-03 -4.736101037043362674e-03 9.999862532706529361e-01 -9.612441693004938337e-01 -2.530125539481034117e-16 6.845960754216526994e-16 1.725734243498165576e-17 9.999999999999786837e-01
2.858587769958577107e-01 -9.582415815568243733e-01 -7.604668957178636890e-03 -5.301640533626388674e+01 9.582640623076851272e-01 2.858792818497135069e-01 -1.738706012783852988e-03 6.119724796002714839e+01 3.840117699727850845e-03 -6.790256593025508630e-03 9.999695724928304719e-01 -9.675506526565003096e-01 -2.629322584768593298e-16 7.095257811111246708e-16 1.764179317827464818e-17 9.999999999999771294e-01
2.850542838345448970e-01 -9.584912657029420746e-01 -6.208771117247070641e-03 -5.275706452358997467e+01 9.585110781863895868e-01 2.850533097448971764e-01 1.059998762489670508e-03 6.204238539115318929e+01 7.538312009098825347e-04 -6.253333085895493651e-03 9.999801635851983672e-01 -9.708780608814344681e-01 -2.713547059819831292e-16 7.312263876006193183e-16 1.807811034073797926e-17 9.999999999999754641e-01
2.843352315863382773e-01 -9.587229104542039915e-01 -1.963937117824813509e-03 -5.249993809238171139e+01 9.587187278783265709e-01 2.843254343643843440e-01 4.177102919081219362e-03 6.289340648047231497e+01 -3.446286993766004610e-03 -3.070560821073869875e-03 9.999893473243824937e-01 -9.700528476221103036e-01 -2.797502748293054488e-16 7.511824077137989275e-16 1.844850951361036134e-17 9.999999999999739098e-01
2.837229033492776886e-01 -9.589063073078836208e-01 8.899580445734786083e-05 -5.225518240646481161e+01 9.588865145077848373e-01 2.837176409481458328e-01 6.399414805769585574e-03 6.374547856258327982e+01 -6.161688900034399674e-03 -1.730323671669713745e-03 9.999795195752441135e-01 -9.664010259894111332e-01 -2.885017469134459105e-16 7.725945883701766476e-16 1.870585599631485003e-17 9.999999999999723554e-01
2.832403073666634463e-01 -9.590329537857248399e-01 -5.542728200431408687e-03 -5.201214139312442342e+01 9.590428388289895523e-01 2.832130991987293345e-01 5.212843082755010300e-03 6.459980157426322478e+01 -3.429515067623416149e-03 -6.792201065194896671e-03 9.999710517965698653e-01 -9.652723930296623900e-01 -2.967293572765458391e-16 7.940087533524941592e-16 1.891639309163877054e-17 9.999999999999709122e-01
2.834665957469156283e-01 -9.589731136922272636e-01 -4.154071632432108051e-03 -5.176129090832520063e+01 9.589817587802115240e-01 2.834675444280394530e-01 3.709213786731982887e-04 6.544377016168391492e+01 8.218408555743132249e-04 -4.088822740652832237e-03 9.999913030153075866e-01 -9.748991458560308798e-01 -3.041026400150521259e-16 8.137754676763517385e-16 1.924466854943108870e-17 9.999999999999692468e-01
2.829482859384471194e-01 -9.591307135958998531e-01 -2.922622376040439826e-03 -5.150838201598113386e+01 9.591253481528827507e-01 2.829578633912324670e-01 -3.662523119008999697e-03 6.630055010687355832e+01 4.339817395711852328e-03 -1.766856565187235146e-03 9.999890220411926656e-01 -9.866351745067224455e-01 -3.112399442546249683e-16 8.341746948154497846e-16 1.954595204336908828e-17 9.999999999999673594e-01
2.835624702306231426e-01 -9.589413114194857979e-01 -4.887405223980230244e-03 -5.126046441744990290e+01 9.589519676186353259e-01 2.835681262718313111e-01 -4.914905350408217861e-04 6.715531428850569284e+01 1.857222919909063156e-03 -4.547418585855045152e-03 9.999879357808689750e-01 -9.920125090736160445e-01 -3.178330092710349662e-16 8.548275972268012646e-16 1.982451095757175443e-17 9.999999999999654721e-01
2.838719301672247841e-01 -9.588504781663961252e-01 -4.742128556701245834e-03 -5.101063160253656292e+01 9.588531900797018226e-01 2.838443450464737117e-01 5.740005142124058463e-03 6.802198503637357874e+01 -4.157780300908353599e-03 -6.176431433205281131e-03 9.999722818947401892e-01 -9.835056759169366059e-01 -3.239873761795363743e-16 8.732044124781934821e-16 2.013861000941939036e-17 9.999999999999635847e-01
2.831906529979935638e-01 -9.590582144619869132e-01 -3.224178592663681005e-03 -5.075709748934692556e+01 9.590294918165500615e-01 2.831506049084013821e-01 9.389822469490008428e-03 6.887625771433428667e+01 -8.092458252866693152e-03 -5.751192313896938413e-03 9.999507167388042017e-01 -9.800367083350236541e-01 -3.290920881971085504e-16 8.890380531236944370e-16 2.043998390454739672e-17 9.999999999999615863e-01
2.833807457425516763e-01 -9.590006029715606450e-01 -3.632690823796812934e-03 -5.050762066987734045e+01 9.589658599552152163e-01 2.833311215079407086e-01 1.039014077470284091e-02 6.972264002253139381e+01 -8.934896902709521180e-03 -6.427992320877083145e-03 9.999394224312366797e-01 -9.864765865854645543e-01 -3.333501511981667658e-16 9.067002691725074640e-16 2.072329713369053294e-17 9.999999999999599209e-01
2.836422386261487905e-01 -9.589199344106666967e-01 -4.431687831229571412e-03 -5.025471898995200348e+01 9.588769335470049837e-01 2.835747621673119778e-01 1.184823080276816917e-02 7.058722058346643280e+01 -1.010478988154026730e-02 -7.610101946680590014e-03 9.999199865838594992e-01 -1.004410643364942235e+00 -3.373354256815421577e-16 9.250916338448951470e-16 2.102034185355425308e-17 9.999999999999582556e-01
2.838259524870076489e-01 -9.588516898218772955e-01 -6.801883608072679770e-03 -5.001470841813384283e+01 9.588267013310831643e-01 2.837324788385545693e-01 1.213413641727546788e-02 7.144670444897651862e+01 -9.704921911352193398e-03 -9.965810448983212014e-03 9.999032438755481866e-01 -1.019725960673124598e+00 -3.403596679535977159e-16 9.433261900376562581e-16 2.133016098968980956e-17 9.999999999999565903e-01
2.838808374380547006e-01 -9.588120532232808912e-01 -9.545508329578364023e-03 -4.976655984256390042e+01 9.588427020288193825e-01 2.838027329982790170e-01 8.756797855974655931e-03 7.229294583701174304e+01 -5.687081980164751527e-03 -1.163852810757734328e-02 9.999160973612213343e-01 -1.028819643349907054e+00 -3.420634768526856355e-16 9.608870720981732416e-16 2.166004324688177265e-17 9.999999999999548139e-01
2.837059730770409849e-01 -9.588642585687110476e-01 -9.500235782953407940e-03 -4.951613299327570417e+01 9.589090350884349467e-01 2.837130039895443545e-01 6.275292063613066660e-04 7.312962173083819550e+01 2.093625105393479967e-03 -9.287895711845317939e-03 9.999546748364249726e-01 -1.021734184928626110e+00 -3.431027160418304519e-16 9.765062894799324467e-16 2.200656541403900925e-17 9.999999999999525935e-01
2.833976154378221590e-01 -9.589591010246769631e-01 -9.123273872239406890e-03 -4.926040616561419228e+01 9.589627450478795945e-01 2.834596638190657880e-01 -6.408790660206039290e-03 7.397379771662946268e+01 8.731848274910813251e-03 -6.932643765379334182e-03 9.999378447064514175e-01 -1.019017379518253552e+00 -3.454457337011575307e-16 9.926646134763812279e-16 2.234815799554933761e-17 9.999999999999504841e-01
2.835830066964518670e-01 -9.589015269971544742e-01 -9.409560859807843819e-03 -4.900639706213335955e+01 9.589122978584160295e-01 2.836431940643229233e-01 -5.808913563576831654e-03 7.482975117559293210e+01 8.239133983316810836e-03 -7.375634451892831150e-03 9.999388564745813612e-01 -1.017569454049142452e+00 -3.479824045678353200e-16 1.009136639510429450e-15 2.271364210403902847e-17 9.999999999999483746e-01
2.839173649910374797e-01 -9.588141530309062244e-01 -8.145538915309700340e-03 -4.875752047694179225e+01 9.588468216301584413e-01 2.839235961568102873e-01 4.052098641761880363e-04 7.568756379502671905e+01 1.924189748740540466e-03 -7.925370216288306000e-03 9.999667424473686062e-01 -1.011829209222327552e+00 -3.500868515637756472e-16 1.027045270488402185e-15 2.306858493070560786e-17 9.999999999999462652e-01
2.837017831598735440e-01 -9.588848740719673192e-01 -7.286735067574425136e-03 -4.850706592562805497e+01 9.588994080813599830e-01 2.836499014861001422e-01 7.393143313082972332e-03 7.654646090507576162e+01 -5.022291610697829020e-03 -9.084693884193225169e-03 9.999461210105587972e-01 -1.008634264466045982e+00 -3.533363536355348078e-16 1.045337694598399160e-15 2.340677442071445183e-17 9.999999999999441558e-01
2.836223311284946647e-01 -9.589100862627729649e-01 -7.058310620137080507e-03 -4.825688462520363942e+01 9.588902192430454052e-01 2.835291166162879350e-01 1.186538961489516306e-02 7.739895845994627166e+01 -9.376605204238433119e-03 -1.013343448032433952e-02 9.999046918484437718e-01 -1.015212814344883530e+00 -3.578979807972068826e-16 1.065650525746499444e-15 2.377374218389849270e-17 9.999999999999419353e-01
2.834489241725235975e-01 -9.589603932648973483e-01 -7.188291502496871668e-03 -4.800338320830878303e+01 9.589436725759487024e-01 2.833565298910157293e-01 1.166661024344320743e-02 7.825639157583621852e+01 -9.150967811136787380e-03 -1.020005477516534864e-02 9.999061049272357504e-01 -1.023956890392995200e+00 -3.634435927141385007e-16 1.089077324187748212e-15 2.413416265830678494e-17 9.999999999999397149e-01
2.839975351867758402e-01 -9.587700096056223087e-01 -1.026979497000463960e-02 -4.776100830760083227e+01 9.588054757260322525e-01 2.839070888206868815e-01 9.424682224638812958e-03 7.910019449540025960e+01 -6.120435074336718663e-03 -1.252332217350997541e-02 9.999028486189506237e-01 -1.034346053783711916e+00 -3.694330703124883240e-16 1.112933503638704626e-15 2.453187661852897445e-17 9.999999999999374944e-01
2.843339426222959432e-01 -9.586428551646801743e-01 -1.257319826570474884e-02 -4.750919813639180234e+01 9.587179443196085504e-01 2.842559203031488346e-01 7.646895584902309653e-03 7.995523648126395244e+01 -3.756635772494550888e-03 -1.422842276526485768e-02 9.998917139737372173e-01 -1.042086523006084287e+00 -3.750451307712857149e-16 1.136907796123456822e-15 2.501753654876737139e-17 9.999999999999351630e-01
2.835728672474703282e-01 -9.588694046373954505e-01 -1.248574432842936704e-02 -4.726029672598117770e+01 9.589456331899030017e-01 2.835050435741441333e-01 6.939946248255062997e-03 8.080202922432397372e+01 -3.114730637402418623e-03 -1.394113045700247182e-02 9.998979664619228602e-01 -1.044864736869476118e+00 -3.811644082154617962e-16 1.160632601166234620e-15 2.557388581544214229e-17 9.999999999999327205e-01
2.824312309531359921e-01 -9.592092631552353588e-01 -1.225517276699692945e-02 -4.700343472987471216e+01 9.592774473914742472e-01 2.823465837573000403e-01 8.196680216247111822e-03 8.166654764117724596e+01 -4.402125426437847495e-03 -1.407110933243774925e-02 9.998913066798490457e-01 -1.049347580973631677e+00 -3.864730676387574645e-16 1.183067275367239217e-15 2.613505602126687225e-17 9.999999999999302780e-01
2.823681514457428432e-01 -9.592087089330991745e-01 -1.367039707086523288e-02 -4.676024457970191861e+01 9.592755659716990513e-01 2.822167582667833852e-01 1.200374453871583431e-02 8.251967083175874507e+01 -7.656081155794231159e-03 -1.650315304300260105e-02 9.998345014856343527e-01 -1.048515876401991731e+00 -3.913475894264688147e-16 1.203594405341066079e-15 2.668759993979178111e-17 9.999999999999278355e-01
2.823178390761634793e-01 -9.592325298714058368e-01 -1.302272536501176449e-02 -4.650812838299323460e+01 9.592732378568828988e-01 2.821424397022797570e-01 1.380213209260219148e-02 8.337552650226270146e+01 -9.565190578758021867e-03 -1.638894003360836377e-02 9.998199386758690466e-01 -1.058777048026369183e+00 -3.962178230654122622e-16 1.225141982127185187e-15 2.728285637459460501e-17 9.999999999999253930e-01
2.810258919747689044e-01 -9.596268476037397299e-01 -1.186429087471534138e-02 -4.625761882673092629e+01 9.596595413250109674e-01 2.808787385292976779e-01 1.267671037538473100e-02 8.422312721481992526e+01 -8.832484561090639050e-03 -1.494816377948866674e-02 9.998492584465675792e-01 -1.062628534693501381e+00 -4.016408622982212105e-16 1.244544015355951170e-15 2.785095543086845509e-17 9.999999999999229505e-01
2.804523670578537020e-01 -9.597704276896852349e-01 -1.368195688022266938e-02 -4.601230230299004376e+01 9.598398231978504391e-01 2.803065516091222120e-01 1.165122003913905864e-02 8.507575415293936771e+01 -7.347354287720870084e-03 -1.640009931196580867e-02 9.998385135248487599e-01 -1.077628436938667056e+00 -4.065842021928169962e-16 1.260487130219583398e-15 2.837395654663398756e-17 9.999999999999206191e-01
2.795741204964917737e-01 -9.600259906136078270e-01 -1.372619739919834873e-02 -4.576365141408024328e+01 9.600996275272535296e-01 2.794363213168780113e-01 1.113766361474121704e-02 8.593856652453716549e+01 -6.856848437971691489e-03 -1.629231951977597875e-02 9.998437597716028913e-01 -1.093417024772595170e+00 -4.105309770464452692e-16 1.277784094656725482e-15 2.895962634884123871e-17 9.999999999999181766e-01
2.784271579071840863e-01 -9.604158342574175000e-01 -8.929896271757819040e-03 -4.551113388753665845e+01 9.604421674439937995e-01 2.783584484012174842e-01 8.210797709271713124e-03 8.677838881892755296e+01 -5.400068061288901961e-03 -1.086275800060276624e-02 9.999264171695853021e-01 -1.090917371413521186e+00 -4.147940426678046115e-16 1.292712078840563674e-15 2.951274021903159743e-17 9.999999999999154010e-01
2.768323290990834518e-01 -9.608174871094455893e-01 -1.391466960922935203e-02 -4.527415646561370011e+01 9.609177090237385199e-01 2.767879458829179407e-01 5.058606364800479101e-03 8.762015273647124047e+01 -1.008984636936327561e-03 -1.477123822464795899e-02 9.998903902285296574e-01 -1.093537525516799169e+00 -4.188871124129963986e-16 1.305630112533586598e-15 2.997596882487490003e-17 9.999999999999125144e-01
2.763058783449254263e-01 -9.608210133818829712e-01 -2.186416785330745627e-02 -4.504094801478662191e+01 9.610613340470510746e-01 2.763271471551903558e-01 2.102366438771105864e-03 8.847583439445270415e+01 4.021665275614704459e-03 -2.159370253035741705e-02 9.997587400065520713e-01 -1.104783498041221446e+00 -4.220561508874330216e-16 1.318852837189929154e-15 3.051706293056045441e-17 9.999999999999096278e-01
2.749180627483323591e-01 -9.611936846267277179e-01 -2.295123980237086594e-02 -4.480438957506628839e+01 9.614534995641846882e-01 2.749652259399818499e-01 1.136969401663902920e-03 8.932698331891424459e+01 5.217945029356301119e-03 -2.237912325259667698e-02 9.997359390819968716e-01 -1.105716058262666390e+00 -4.267301122960864704e-16 1.334180255177642080e-15 3.119643665428714125e-17 9.999999999999066302e-01
2.737558369008202264e-01 -9.615609375800587832e-01 -2.140806116765433045e-02 -4.456780612945030384e+01 9.617964958002125364e-01 2.737402266701320364e-01 3.713350088100897915e-03 9.018301104351996855e+01 2.289635124312611788e-03 -2.160674947395995263e-02 9.997639251084297074e-01 -1.095461251319757467e+00 -4.315281189430338953e-16 1.347292329112470959e-15 3.182882725448635121e-17 9.999999999999035216e-01
2.731534595626494144e-01 -9.617902439420936700e-01 -1.862026280248934781e-02 -4.432794515343493913e+01 9.619685713356561640e-01 2.730632741791013673e-01 7.274342367683848259e-03 9.103875261159021193e+01 -1.911881593421201108e-03 -1.989911938973946970e-02 9.998001649111352140e-01 -1.085805293591033616e+00 -4.379136129095470398e-16 1.362142962182351688e-15 3.246714372617775979e-17 9.999999999999004130e-01
2.721548980180409916e-01 -9.620557381685590492e-01 -1.950559257778459316e-02 -4.409563156761047509e+01 9.622442010891235631e-01 2.720074613916733663e-01 9.901435121492122016e-03 9.189014519027369943e+01 -4.220065754722881687e-03 -2.146386741245948082e-02 9.997607180924713566e-01 -1.089833649871422727e+00 -4.427611789666830857e-16 1.379717109077903635e-15 3.309600689817756123e-17 9.999999999998973044e-01
2.713341762068904317e-01 -9.623261595371989108e-01 -1.749649943811357883e-02 -4.386134977199502316e+01 9.624707131702167073e-01 2.711855103521570998e-01 1.041850586717240658e-02 9.274455975596178803e+01 -5.281203609781673879e-03 -1.966676499891562360e-02 9.997926421228336968e-01 -1.096740041691278034e+00 -4.452925692447006047e-16 1.398991981719074363e-15 3.376474784156458259e-17 9.999999999998941957e-01
2.698450301186947620e-01 -9.627968532307049632e-01 -1.434848874860827732e-02 -4.362821468738745523e+01 9.628817897064237963e-01 2.697082400571385596e-01 1.077609840716795692e-02 9.359641314165573078e+01 -6.505287988669563107e-03 -1.672377512504190714e-02 9.998389853240359226e-01 -1.111967771926026805e+00 -4.478181132232040044e-16 1.418788632779988997e-15 3.435285294017964354e-17 9.999999999998906430e-01
2.689759864971386083e-01 -9.630413275924446515e-01 -1.425903352088806440e-02 -4.340091763417946424e+01 9.631096611034148935e-01 2.688059588270400591e-01 1.277251690867923714e-02 9.444822766233338029e+01 -8.467548462912510496e-03 -1.716851327748229739e-02 9.998167545980181092e-01 -1.116895009646829751e+00 -4.482622992727371909e-16 1.436966809984976479e-15 3.482823642245881175e-17 9.999999999998868683e-01
2.685837810096583511e-01 -9.630684131875519860e-01 -1.902587971804561504e-02 -4.318499252766018515e+01 9.632184017438014667e-01 2.683455412645192051e-01 1.417677768064835864e-02 9.529337819244486241e+01 -8.547696794052593236e-03 -2.213373000574102301e-02 9.997184778104245551e-01 -1.114518995286856606e+00 -4.476804780980993717e-16 1.450005755618548442e-15 3.527131151789192715e-17 9.999999999998826494e-01
2.683557880096530401e-01 -9.630326449542364609e-01 -2.352224041725325607e-02 -4.296617460838671576e+01 9.632921196466628366e-01 2.680827082473760115e-01 1.414050088309643828e-02 9.615302999816273655e+01 -7.311858051333683037e-03 -2.645347408766170194e-02 9.996233042704489868e-01 -1.118745179164323256e+00 -4.468790114152759804e-16 1.459822566775226801e-15 3.569778608491021946e-17 9.999999999998785416e-01
2.687731979497135493e-01 -9.628438560931735779e-01 -2.631875467409338851e-02 -4.273784425327362868e+01 9.631893606165693456e-01 2.685208888480423162e-01 1.275883408195204079e-02 9.699908323192461523e+01 -5.217629608269683424e-03 -2.877917712503274064e-02 9.995721761360282231e-01 -1.129050109827340664e+00 -4.464371046869972899e-16 1.464525262921966057e-15 3.601539717519383221e-17 9.999999999998738787e-01
2.702846832470075511e-01 -9.623795503808534324e-01 -2.778112688311342240e-02 -4.250141056267832340e+01 9.627685458920104411e-01 2.700253237819437713e-01 1.276916431352759056e-02 9.784680885200042155e+01 -4.787174829163123521e-03 -3.019810466425891862e-02 9.995324694235191432e-01 -1.142101719694468498e+00 -4.470234107622216560e-16 1.473810563143201760e-15 3.632924282859732694e-17 9.999999999998694378e-01
2.713710361742882604e-01 -9.621048223551545986e-01 -2.668466838346657960e-02 -4.226427051669175228e+01 9.624429517108020748e-01 2.710321569555064203e-01 1.565677482965661255e-02 9.869574688206054702e+01 -7.831055336538796791e-03 -2.993126621302926935e-02 9.995212823523251799e-01 -1.154311561017741683e+00 -4.465118244210233274e-16 1.484541345368007767e-15 3.665226191920555357e-17 9.999999999998649969e-01
