1.000000000000000000e+00 -3.306050084167601550e-19 -2.270457535318767223e-19 -8.673617379884035472e-19 7.546676715296109287e-19 1.000000000000000000e+00 6.237773588823049983e-19 1.387778780781445676e-17 -3.447385680526250622e-20 4.770700176052009879e-20 1.000000000000000222e+00 5.551115123125782702e-17
9.999433500882523029e-01 -2.800922876286972632e-03 1.026241471556912400e-02 1.185982269625373252e-02 2.790058186574463552e-03 9.999955553110303486e-01 1.072962800825896486e-03 -1.094944380271983819e-02 -1.026537528766909187e-02 -1.044254273203841597e-03 9.999467132873937070e-01 3.036390679125220982e-01
9.998312446986481472e-01 -5.577164301809733361e-03 1.749751242729520942e-02 2.576941612285043107e-02 5.552439402936560145e-03 9.999834885533633866e-01 1.461066386160510917e-03 -1.078437251363430216e-02 -1.750537592490566605e-02 -1.363614744630307473e-03 9.998457586913479522e-01 5.861683695729797972e-01
9.997522162281299307e-01 -7.666209410580071895e-03 2.090355503892481551e-02 3.313363168092436917e-02 7.674903306607633660e-03 9.999704793287389482e-01 -3.359090259033291901e-04 -1.510718488304121920e-02 -2.090036596389169277e-02 4.962070361195238498e-04 9.997815726125343083e-01 8.897285251389297489e-01
9.997760779320790103e-01 -1.008332285072812383e-02 1.860638291549334550e-02 3.992450070970069570e-02 1.011159804321311827e-02 9.999479044528800653e-01 -1.426068829375740348e-03 -1.572025826393863568e-02 -1.859103754404755129e-02 1.613839569135751490e-03 9.998258833376975074e-01 1.201989967069764464e+00
9.998662609304189708e-01 -1.121354458125651404e-02 1.191027714101875953e-02 3.948584406597491214e-02 1.124429559280229821e-02 9.999336213963605502e-01 -2.519276346173934984e-03 -1.438013086164001419e-02 -1.188124450752639678e-02 2.652815777952527258e-03 9.999259363072540152e-01 1.520512860639706476e+00
9.999246258615297478e-01 -1.227281191004362185e-02 -1.612732955852397960e-04 3.512168813877590556e-02 1.227207810637517306e-02 9.999168063894980918e-01 -3.962365812122860959e-03 -3.406457851290788097e-02 2.099150033025199585e-04 3.960087046068461701e-03 9.999921515807596029e-01 1.846621009967691629e+00
9.998058112381174034e-01 -1.232678063991412068e-02 -1.537492571180316091e-02 7.044831533885367869e-03 1.225909938915176883e-02 9.999148169708717004e-01 -4.487891564658162170e-03 -4.108396533814795415e-02 1.542892751228774721e-02 4.298543551270444379e-03 9.998716760207474463e-01 2.176921131079661009e+00
9.993423453967582581e-01 -8.225425043272102665e-03 -3.532193905721305732e-02 -2.512096538053568140e-02 8.057367727906498273e-03 9.999555394516814744e-01 -4.897430691617083408e-03 -4.498731705271175052e-02 3.536066164165610481e-02 4.609693352088062475e-03 9.993642292949324046e-01 2.522874808857436424e+00
9.984845267702394667e-01 -4.790531722017347602e-03 -5.482692935396971806e-02 -7.012985044015739022e-02 4.472743031021872082e-03 9.999724753773310271e-01 -5.917374420997313818e-03 -4.756868970772448746e-02 5.485377396589739135e-02 5.663188087118460438e-03 9.984784846459480168e-01 2.875576442754661066e+00
9.972707084953867929e-01 -4.156363151521211101e-03 -7.371497735793297590e-02 -1.152998018830538318e-01 3.718174943585220247e-03 9.999745859157844752e-01 -6.080561597259538653e-03 -5.176213301345099216e-02 7.373838692914086446e-02 5.789818584427020194e-03 9.972608262705916493e-01 3.240535073488936213e+00
9.954375840919320595e-01 -5.835339291303224749e-03 -9.523443355933026988e-02 -1.705824952137854622e-01 5.319647178102564211e-03 9.999697625363360709e-01 -5.667044970603495567e-03 -5.530355685435887902e-02 9.526464840191806172e-02 5.134430518504435291e-03 9.954385720271274884e-01 3.622567482130154115e+00
9.933797134904615023e-01 -6.619676389851468501e-03 -1.146611291410784272e-01 -2.291598066714273796e-01 6.095928426576527163e-03 9.999693121989241540e-01 -4.917377469351779350e-03 -6.177448231722930394e-02 1.146901655923176777e-01 4.185874567189613871e-03 9.933895964991826810e-01 4.007395128513783433e+00
9.911969535700438927e-01 -5.616649777954862456e-03 -1.322842214277526185e-01 -3.018115159654135571e-01 5.140671611339475006e-03 9.999790073450536276e-01 -3.939424239141563720e-03 -6.842532426539908730e-02 1.323035794022226763e-01 3.224794798031813819e-03 9.912050849032315591e-01 4.411182200300623357e+00
9.889488816099928359e-01 -4.193125254653982600e-03 -1.482228039567158040e-01 -3.820656561043354604e-01 3.818998288258042967e-03 9.999887533732711997e-01 -2.809099050121031255e-03 -7.490240161305394828e-02 1.482329203725257782e-01 2.211997742182345364e-03 9.889538101766484068e-01 4.824686551554187020e+00
9.869359587648871557e-01 -3.394181175953896439e-03 -1.610608781169892700e-01 -4.674488056557996596e-01 2.974724275330927533e-03 9.999915512039396770e-01 -2.846760093162010920e-03 -8.142051525176069449e-02 1.610691870093989009e-01 2.330326749522738765e-03 9.869377010411526374e-01 5.248826813162648541e+00
9.848388911191173767e-01 -4.685158579134906728e-03 -1.734089965400731903e-01 -5.588593562861731145e-01 4.070234568647934127e-03 9.999841119042341964e-01 -3.902529623556977387e-03 -9.173946004190151882e-02 1.734245287689398229e-01 3.137558392774411446e-03 9.848422859018196585e-01 5.688336340694397641e+00
9.830404267346356528e-01 -7.041010999660138846e-03 -1.832461363987565317e-01 -6.449026754222429991e-01 6.117793763213843529e-03 9.999656282035382926e-01 -5.602109794367903135e-03 -1.047957887843764119e-01 1.832792885945774275e-01 4.386231022787026590e-03 9.830496959086890696e-01 6.135284006365701259e+00
9.815660507724499606e-01 -6.039962236947796735e-03 -1.910353771868474326e-01 -7.424578418589186102e-01 4.715189513261425387e-03 9.999615934555305952e-01 -7.389225400453788319e-03 -1.123145306093963763e-01 1.910726839944257016e-01 6.352267221042730110e-03 9.815568150768293476e-01 6.602895892289147639e+00
9.802654416295539797e-01 -6.026864461670123838e-03 -1.976109609205963513e-01 -8.519649753446550955e-01 4.287847695697726003e-03 9.999482044060854502e-01 -9.225776302150731287e-03 -1.128339939225472682e-01 1.976563759391361530e-01 8.196305774491397314e-03 9.802405795045220360e-01 7.077532828439934143e+00
9.785760007350757794e-01 -6.613559274727061170e-03 -2.058098026907079492e-01 -9.660785557091358111e-01 4.232260467108756898e-03 9.999188999562470537e-01 -1.201100454083880303e-02 -1.242330524500243755e-01 2.058725455535797833e-01 1.088296968507624328e-02 9.785246667983014124e-01 7.567044968024491780e+00
9.766126351570392217e-01 -1.097058684370589947e-02 -2.147078182725190576e-01 -1.080222093124994620e+00 8.074695666161497282e-03 9.998642677257973954e-01 -1.436220906018246916e-02 -1.339555035641898095e-01 2.148362327921522208e-01 1.229222585015372904e-02 9.765686441256780093e-01 8.066895758096373825e+00
9.750228092820582004e-01 -1.648661502439565524e-02 -2.214712747310800534e-01 -1.192848243748718895e+00 1.358482674819044139e-02 9.998009947627103378e-01 -1.461732037858806330e-02 -1.500507446116530752e-01 2.216681297152368058e-01 1.124404180159058013e-02 9.750525043963937932e-01 8.584359312444556522e+00
9.730025738582639416e-01 -1.698507546962636436e-02 -2.301858668996658586e-01 -1.321339690050233662e+00 1.350071400229864438e-02 9.997693049537370591e-01 -1.670488822167433274e-02 -1.748762636855510921e-01 2.304165053710862943e-01 1.314623509504050762e-02 9.730073851612353053e-01 9.108016162798408644e+00
9.712443928517381364e-01 -1.330937494041945467e-02 -2.377047627591373224e-01 -1.472263071766789055e+00 8.470163719750366249e-03 9.997358929957450568e-01 -2.136640219920483974e-02 -1.768866894843854065e-01 2.379262976626073112e-01 1.873916952437437722e-02 9.711003907081506847e-01 9.639419030146669343e+00
9.689623601319017343e-01 -1.052906967619883331e-02 -2.469711764074830063e-01 -1.632044144968409327e+00 4.615491621613723380e-03 9.996889734773566349e-01 -2.450859893042105567e-02 -1.922478748064851972e-01 2.471523991209531035e-01 2.260817786392063308e-02 9.687094895451916488e-01 1.019118932070051642e+01
9.666343144328477521e-01 -1.393703951990847394e-02 -2.558005023720562043e-01 -1.786834868108512220e+00 7.219825171277414154e-03 9.996044175206766358e-01 -2.718208540764803852e-02 -2.148381293437926498e-01 2.560781512235470458e-01 2.442800683776015502e-02 9.663525871306435366e-01 1.074998327582424551e+01
9.644458521277188279e-01 -1.489225532713858886e-02 -2.638659827246153111e-01 -1.946956864764654682e+00 7.671939971738731164e-03 9.995680067952167347e-01 -2.837412209799144991e-02 -2.380663073130165341e-01 2.641745474350495337e-01 2.534086642150744015e-02 9.641434110317460560e-01 1.132009084082432970e+01
9.624385954840574131e-01 -1.456041516459067806e-02 -2.711723871716542611e-01 -2.126061442225454012e+00 6.393278209810197496e-03 9.994994275762381086e-01 -3.098686542123860188e-02 -2.633235190418419247e-01 2.714878070479253558e-01 2.808947538750407313e-02 9.620499019923475226e-01 1.190765644723922456e+01
9.604087157708868228e-01 -1.422700313478665948e-02 -2.782381535951752860e-01 -2.309939597895394048e+00 4.723914032110295390e-03 9.993833330758700173e-01 -3.478063949055747173e-02 -2.854005898290923326e-01 2.785615535193993741e-01 3.208931484101952558e-02 9.598834801563868036e-01 1.249518047654319730e+01
9.582705269575761964e-01 -1.546789831467724335e-02 -2.855036553682662737e-01 -2.501064980821294803e+00 4.249052811956495652e-03 9.991954672164885531e-01 -3.987588911961738314e-02 -3.174820809081898010e-01 2.858907388896432256e-01 3.699973728773810894e-02 9.575651409081803456e-01 1.309888236812560081e+01
9.561502062814717373e-01 -1.649892395840680051e-02 -2.925106835474066691e-01 -2.697376076273832357e+00 2.946818840950771613e-03 9.989034547436159706e-01 -4.672365466090649261e-02 -3.522700725489789075e-01 2.929609179702176713e-01 4.381354915360743951e-02 9.551502726907330487e-01 1.371450803359186210e+01
9.550848368412626632e-01 -1.704826473889810290e-02 -2.957819596054861999e-01 -2.902440061855364295e+00 6.970627501635507728e-04 9.984702522956029336e-01 -5.529303401665630613e-02 -3.888639657887085765e-01 2.962722278809535870e-01 5.260216421201919373e-02 9.536355317623350647e-01 1.434225373719259444e+01
9.538981484914889064e-01 -1.726696898076226019e-02 -2.995606756791112657e-01 -3.114821887971293002e+00 -2.006205434233316459e-03 9.979546059896259314e-01 -6.388594915658110662e-02 -4.349924994117017052e-01 3.000509905874114147e-01 6.154202856202226068e-02 9.519122086689096873e-01 1.497829113279684599e+01
9.526619259217727897e-01 -1.689300346170157993e-02 -3.035301791649197556e-01 -3.335013423961005863e+00 -5.362691697719776211e-03 9.973660882652579662e-01 -7.231737079537331470e-02 -4.753563649499346622e-01 3.039527206798415260e-01 7.052060296534408412e-02 9.500620841940119465e-01 1.562676366010950169e+01
9.514502872666376065e-01 -1.568051368247258548e-02 -3.073872311639515575e-01 -3.565769333429303689e+00 -9.220317622434817673e-03 9.968013873736252251e-01 -7.938869267864460955e-02 -5.336754288438952942e-01 3.076489231389498702e-01 7.836824184124989434e-02 9.482624430774801993e-01 1.628455165562947116e+01
9.497942189452700523e-01 -1.431462341656662002e-02 -3.126197872288148383e-01 -3.798754373976277687e+00 -1.318222801224158518e-02 9.962348709119908108e-01 -8.570297223317108193e-02 -5.993281176995298720e-01 3.126697925704799430e-01 8.551999817735571330e-02 9.460296402681666050e-01 1.694698070436808379e+01
9.483405559570927679e-01 -1.358369457292570720e-02 -3.169964163055684070e-01 -4.039346004138858248e+00 -1.625938857347616895e-02 9.956890861103265822e-01 -9.133203661692709807e-02 -6.657531591960237360e-01 3.168706078888692823e-01 9.176731898325292403e-02 9.440314045329227799e-01 1.762380133267584270e+01
9.470586501917644950e-01 -1.163282315767587109e-02 -3.208427608114873264e-01 -4.295103702790889599e+00 -2.057291092470968016e-02 9.950908372329336782e-01 -9.680962029687947834e-02 -7.356396166589421748e-01 3.203933419362996471e-01 9.828678772608143155e-02 9.421700564138031364e-01 1.831393900047066126e+01
9.450587599258730709e-01 -7.723364516257467255e-03 -3.268736245763622095e-01 -4.555916422725641013e+00 -2.650769637195024564e-02 9.946182506206051599e-01 -1.001675677568897582e-01 -8.113179067028706282e-01 3.258885420843203873e-01 1.033271923093017491e-01 9.397677674190678676e-01 1.901412268480490297e+01
9.435852930839550012e-01 -7.909165138657891711e-03 -3.310956154851495414e-01 -4.820842807983511946e+00 -2.738028464706147511e-02 9.944276187379327281e-01 -1.017870764608340972e-01 -8.865427864789847678e-01 3.300562173125520249e-01 1.051073331305775738e-01 9.381107549414182678e-01 1.972748428580958802e+01
9.413834855499904064e-01 -6.679772717610032648e-03 -3.372539968882772854e-01 -5.096843512576657353e+00 -2.890525035567532292e-02 9.945295130074921497e-01 -1.003646844383111331e-01 -9.769602317128390778e-01 3.360790383924943114e-01 1.042310848168447740e-01 9.360406676526922265e-01 2.045211616736904148e+01
9.393172447667565983e-01 -6.363963729262769355e-03 -3.430845417619152182e-01 -5.371521420253407619e+00 -2.950668415768755923e-02 9.946238313432155254e-01 -9.924194369466064758e-02 -1.058854382825682228e+00 3.418727671893960207e-01 1.033373459219059931e-01 9.340792795914745206e-01 2.118257765584679930e+01
9.367985284434431348e-01 -7.717289432140691727e-03 -3.497246700118165075e-01 -5.656646461532894854e+00 -2.841813191693564125e-02 9.947749854641118050e-01 -9.806574869058708177e-02 -1.144108624217985648e+00 3.486543239217400614e-01 1.018064323074837629e-01 9.316841922577592250e-01 2.192099051232728968e+01
9.346554826222597256e-01 -5.953731685405702113e-03 -3.554815275940669816e-01 -5.949306578843224891e+00 -2.925835329230508028e-02 9.951809161530789094e-01 -9.359560222529765550e-02 -1.229864021615208358e+00 3.543255572319591873e-01 9.788140057680172479e-02 9.299770529916293604e-01 2.265429967751779827e+01
9.298465854872979275e-01 -3.992086845642124626e-03 -3.679388268217350100e-01 -6.267879066308766234e+00 -3.073649703488667839e-02 9.956034436826775025e-01 -8.847083441735908993e-02 -1.307840191338303093e+00 3.666739862897368529e-01 9.357411233990151067e-02 9.256357528811111068e-01 2.341701209581363941e+01
9.272071764220755075e-01 -1.307581519613575192e-03 -3.744596857482866969e-01 -6.581711451713259109e+00 -3.218023556287446379e-02 9.960179226310523770e-01 -8.314302874266246701e-02 -1.386690141024891965e+00 3.730764711830608094e-01 8.914628086195000578e-02 9.234731254913973730e-01 2.417162453529972055e+01
9.234928169530436382e-01 2.072656680684212532e-03 -3.836676496094633126e-01 -6.919092642176735808e+00 -3.523259392478951535e-02 9.962173438313574048e-01 -7.943937156751153250e-02 -1.463288441368474357e+00 3.820525845275750676e-01 8.687440816242006369e-02 9.200723156407699665e-01 2.493378270399140462e+01
9.201650622528153578e-01 2.575951506792897947e-03 -3.915779539340502047e-01 -7.254066665591809127e+00 -3.563059089587333750e-02 9.963797891826291497e-01 -7.720157377043647406e-02 -1.542094516189836506e+00 3.899616778014114438e-01 8.499029530852629521e-02 9.169259103405261735e-01 2.569628619034090633e+01
9.160003961959181096e-01 3.141781006450617125e-03 -4.012189137492989666e-01 -7.607912313758342648e+00 -3.717455146846763286e-02 9.963316714943465380e-01 -7.707475903037319664e-02 -1.616559984306116915e+00 3.995053682594029709e-01 8.551202197756972712e-02 9.127569101234561666e-01 2.647181522712635271e+01
9.127041839353382535e-01 4.225222253790992394e-03 -4.085354875919352535e-01 -7.966262076260281155e+00 -3.832999387424852050e-02 9.964228788100971679e-01 -7.531545851492212063e-02 -1.685154773099090342e+00 4.067560641111672703e-01 8.439995481488085649e-02 9.096011457964352509e-01 2.724428041064690476e+01
9.083513327855946562e-01 5.641000237269001502e-03 -4.181908443998466618e-01 -8.347636016669115477e+00 -3.972553093000230628e-02 9.965515447949149230e-01 -7.283192505111321657e-02 -1.755031110104251502e+00 4.163381314277383449e-01 8.276584691675217820e-02 9.054429509526632502e-01 2.803439920889654502e+01
9.046807698243435336e-01 5.127356230313970600e-03 -4.260511235758071558e-01 -8.727848629087604948e+00 -3.906328369699903907e-02 9.967146651312898120e-01 -7.094555320665681120e-02 -1.829009628193123405e+00 4.242878912143077663e-01 8.082394356145873593e-02 9.019087604484196108e-01 2.882516024610484706e+01
9.016704206264013477e-01 4.283752983127007800e-03 -4.323739728359187739e-01 -9.119049673853107052e+00 -3.669177941126038761e-02 9.971026488448636593e-01 -6.664310895350168684e-02 -1.901494149482859219e+00 4.308359125749557372e-01 7.595533687757538566e-02 8.992151664792050747e-01 2.962218928103078852e+01
8.976133233127538968e-01 6.963504670677679760e-03 -4.407005547572092619e-01 -9.535002936085353653e+00 -3.756950367048971645e-02 9.974451178597211198e-01 -6.073471070820585238e-02 -1.959827861054549425e+00 4.391513762654568054e-01 7.107334006726021003e-02 8.955819129840194570e-01 3.043628947874583091e+01
8.944873353908263658e-01 6.350068409035476875e-03 -4.471058247912236827e-01 -9.948311141123671320e+00 -3.545221999033124072e-02 9.977579328559728067e-01 -5.674939865273288114e-02 -2.029644012233089878e+00 4.457431096572957441e-01 6.660921129370733773e-02 8.927070146587796629e-01 3.124596042363586079e+01
8.905354381734637004e-01 6.811406715032386483e-03 -4.548048474096718086e-01 -1.038287562454096857e+01 -3.533806596420740326e-02 9.979021879480736157e-01 -5.425645305687891440e-02 -2.084764205646134627e+00 4.534809781654127181e-01 6.439500627759767171e-02 8.889085080642540326e-01 3.206922544296710242e+01
8.873222462429641855e-01 7.043534073671757663e-03 -4.611332338899700733e-01 -1.082316211837393460e+01 -3.523686841464625935e-02 9.979956088260862890e-01 -5.258439049613845839e-02 -2.146384361452432277e+00 4.598386015972369401e-01 6.291133450035216179e-02 8.857923815756946206e-01 3.289979382903334937e+01
8.844995211855999351e-01 5.820085581188585988e-03 -4.665168645836758055e-01 -1.126989119148728236e+01 -3.367034734470685658e-02 9.981111557953705749e-01 -5.139258844893126316e-02 -2.198281522931690102e+00 4.653370012562240143e-01 6.116253186751302584e-02 8.830248134365101809e-01 3.374076085212247733e+01
8.814555621867499191e-01 4.956578840937992531e-03 -4.721973278934203933e-01 -1.174032809923496679e+01 -3.244340266582496773e-02 9.982181678771105959e-01 -5.007866431855540618e-02 -2.258517858732963735e+00 4.711075032259833262e-01 5.946448475285399937e-02 8.800459993596626562e-01 3.458510425734700533e+01
8.793886274709852291e-01 3.938686326053753711e-03 -4.760652117494947877e-01 -1.221162391020340188e+01 -3.128209203132725075e-02 9.982830934910075227e-01 -4.952066893451377572e-02 -2.315888707755241693e+00 4.750529540522341332e-01 5.843963991626428128e-02 8.780021047788217903e-01 3.543970603131597130e+01
8.776430540692404803e-01 4.202142780568031942e-03 -4.793336012568421012e-01 -1.269511646286020046e+01 -3.152483918936522383e-02 9.983025080457054168e-01 -4.896734505029336215e-02 -2.375570832293945944e+00 4.783142941789714220e-01 5.808482241273797697e-02 8.762858569715106238e-01 3.630687646976812744e+01
8.763143934597370510e-01 3.328658610932773952e-03 -4.817245329923544594e-01 -1.318923735166961286e+01 -3.140356350675453656e-02 9.982439669278171390e-01 -5.022918929803539545e-02 -2.430828068569270251e+00 4.807114526074759975e-01 5.914426274717581727e-02 8.748801638586621854e-01 3.718305202848040381e+01
8.760788195882157625e-01 3.251191532630860487e-03 -4.821197089888034637e-01 -1.369173221948764940e+01 -3.094124426264692126e-02 9.982952536968305868e-01 -4.948431167901104488e-02 -2.491513368769055603e+00 4.811368484307301241e-01 5.827183916109788392e-02 8.746861998854250642e-01 3.807138777853040779e+01
8.756595850139493598e-01 3.904166517757066968e-03 -4.829537250101215706e-01 -1.419336799677229166e+01 -3.062614047508846818e-02 9.984033317881439995e-01 -4.746590605489474368e-02 -2.551859999320932992e+00 4.819974407607419686e-01 5.635451302723048367e-02 8.743812827599796167e-01 3.897230867124027753e+01
8.749487496711866319e-01 3.062549668610696670e-03 -4.842904489934515277e-01 -1.471749790359604226e+01 -2.929936244625053893e-02 9.984824815189835556e-01 -4.663147182439999344e-02 -2.609214151235796475e+00 4.834128633519952367e-01 5.498758167176776013e-02 8.737109049067842692e-01 3.988692547047715209e+01
8.752759803658647364e-01 1.562367558173300818e-03 -4.835627521459669453e-01 -1.523074305860631483e+01 -2.764658666887764155e-02 9.985212087412249637e-01 -4.681224161133990674e-02 -2.667755378011639422e+00 4.827745054711342076e-01 5.434342012703813340e-02 8.740247975681731951e-01 4.080681067776857418e+01
8.735828804461838182e-01 -8.495029722664482587e-04 -4.866781436284624562e-01 -1.575787091703983300e+01 -2.588174026465308100e-02 9.985022634762996674e-01 -4.821217839972385261e-02 -2.733620263037582099e+00 4.859900538131214920e-01 5.471648741166532798e-02 8.722526532424339507e-01 4.173456927742512335e+01
8.728645943851882638e-01 -1.003077224400575600e-03 -4.879567481656544858e-01 -1.628831793269631234e+01 -2.439860515913993763e-02 9.986572707164480533e-01 -4.568647779314081309e-02 -2.790964585660939523e+00 4.873473910840495082e-01 5.178227031187929846e-02 8.716682446281308616e-01 4.266824948510036819e+01
8.698564943076662059e-01 -1.044179766455400563e-03 -4.932390982305478455e-01 -1.682941038202002204e+01 -2.268644752351468494e-02 9.988550001501590447e-01 -4.211141650728849467e-02 -2.851063439130543387e+00 4.927183838416550610e-01 4.781999337477822049e-02 8.688369164346616547e-01 4.360267250680564644e+01
8.668739840579028355e-01 -5.883784218135008730e-04 -4.984253462527113432e-01 -1.737065640504654240e+01 -2.103493802188327599e-02 9.990656105297426315e-01 -3.776329198212192290e-02 -2.913909770178762848e+00 4.979817554000118274e-01 4.322250701430400965e-02 8.660517560631422196e-01 4.451153065044815804e+01
8.639777799910096645e-01 -1.214135890189475169e-03 -5.036576292810279742e-01 -1.791641956274176195e+01 -1.961682400017924696e-02 9.991567183698043531e-01 -3.606731272212550937e-02 -2.960679196474861996e+00 5.032768662723056119e-01 4.103874537156555757e-02 8.632254650562396492e-01 4.544421421377204950e+01
8.585872957562228347e-01 -4.782767867206366881e-03 -5.125905539582666925e-01 -1.847470182175695186e+01 -1.731245287818244244e-02 9.991156039816683210e-01 -3.831898842855237936e-02 -3.019603409579411313e+00 5.123205392194876140e-01 4.177517770676184017e-02 8.577453605694211891e-01 4.636589873313395316e+01
8.534741556846602295e-01 -8.026339705539771094e-03 -5.210044313445292286e-01 -1.903317926972764340e+01 -1.570189570573345822e-02 9.990313609649486004e-01 -4.110281566424962840e-02 -3.084736920939397553e+00 5.208295681537629118e-01 4.326187476009871885e-02 8.525214079605293316e-01 4.727608457135569608e+01
8.469285040589118463e-01 -7.612121141486645655e-03 -5.316522008155019074e-01 -1.961744099047581003e+01 -1.646072782210529495e-02 9.990427843638768346e-01 -4.052787497837831432e-02 -3.137319410611202564e+00 5.314516462755511927e-01 4.307776092467717477e-02 8.459926226337300958e-01 4.818587129338968111e+01
8.417743696390511676e-01 -4.851885417962429649e-03 -5.396826757386367079e-01 -2.021358157889206808e+01 -1.688693461641831497e-02 9.992334456976910140e-01 -3.531803678770462085e-02 -3.188328510695556783e+00 5.394401505274937225e-01 3.884869177955989350e-02 8.410473003630261069e-01 4.909145890510506405e+01
8.370834521440548848e-01 -1.689422585404484105e-03 -5.469634796347208061e-01 -2.081945209969100574e+01 -1.811190047936262273e-02 9.993614248694566715e-01 -3.079150341760563542e-02 -3.241519686172827264e+00 5.466661623907747014e-01 3.568114106256233681e-02 8.365183249861530834e-01 4.998966007427583946e+01
8.328597225333068677e-01 -6.106491798670726258e-04 -5.535233183098430265e-01 -2.141870805943235112e+01 -2.060316806248850552e-02 9.992721505968906737e-01 -3.211196334864672985e-02 -3.292156592550087080e+00 5.531403280475958306e-01 3.814689531896257174e-02 8.322407498365690381e-01 5.087838643678183814e+01
8.288706405592856097e-01 -3.263075911213358070e-03 -5.594504283118489907e-01 -2.202668228345911317e+01 -2.080231497464501284e-02 9.991116656470168111e-01 -3.664799085966621156e-02 -3.344113846770186971e+00 5.590731415532557147e-01 4.201403745643302046e-02 8.280664089082911961e-01 5.176039370531585604e+01
8.269733907386024319e-01 -4.844866400358358201e-03 -5.623063344117193996e-01 -2.264119202938847408e+01 -2.356516760116105294e-02 9.987853714164193208e-01 -4.326460686443159981e-02 -3.407336393562058863e+00 5.618328923869678748e-01 4.902926933630235434e-02 8.258549501557692629e-01 5.264123664305046191e+01
8.230707475249613436e-01 -5.372631523207354286e-03 -5.678465036743479688e-01 -2.326259567952989826e+01 -2.404144303171488681e-02 9.987293221873069227e-01 -4.429318300242790496e-02 -3.463259239442967985e+00 5.673628613219663386e-01 5.011033357263493249e-02 8.218957019819153054e-01 5.352378301972621699e+01
8.203199734774876406e-01 -4.256952231069476532e-03 -5.718019916118447510e-01 -2.388374328351210352e+01 -2.316771500209787588e-02 9.989041931783269046e-01 -4.067334390767773228e-02 -3.522820274137079988e+00 5.713482269819504245e-01 4.661813478413603939e-02 8.193221809622888152e-01 5.440153181383228542e+01
8.162248654630335221e-01 -8.951066739643427812e-04 -5.777963715631400099e-01 -2.453185534777070842e+01 -2.281245555227219904e-02 9.991691014005102955e-01 -3.378940212437531870e-02 -3.574742201662799879e+00 5.773466190791932684e-01 4.076014023516192492e-02 8.155260260601930877e-01 5.528114305331710199e+01
8.140053209543990365e-01 3.895790132791846958e-04 -5.808514147855445842e-01 -2.517196896559203978e+01 -2.290114336337973136e-02 9.992439617789690143e-01 -3.142742592489709830e-02 -3.633495671221214529e+00 5.804001528982494218e-01 3.888248564666103857e-02 8.133985472760926205e-01 5.616132436151887219e+01
8.107035113378666669e-01 1.148330227786710424e-03 -5.855233532819839048e-01 -2.580972870722965951e+01 -2.414234757052255778e-02 9.992131017285111882e-01 -3.147294770762019273e-02 -3.677449125148844367e+00 5.850265438730806178e-01 3.965037465467750877e-02 8.100930476544475622e-01 5.703897907557315961e+01
8.070848566683251901e-01 -3.731171884399023665e-04 -5.903958356525819129e-01 -2.646516775801499577e+01 -2.396571934203443541e-02 9.991549674146821269e-01 -3.338618478415409513e-02 -3.723025737857874606e+00 5.899091380832514053e-01 4.109705153162358793e-02 8.063938810561530612e-01 5.790479540593744190e+01
8.043543016791450118e-01 -3.217837601868675425e-03 -5.941404596661354898e-01 -2.711437921884040847e+01 -2.230939406457389113e-02 9.991165671297724815e-01 -3.561327561461594127e-02 -3.790896944824258430e+00 5.937299985326061069e-01 4.190524956355969749e-02 8.035718610456664690e-01 5.876046579481069188e+01
7.996072539713374727e-01 -4.123664432289179255e-03 -6.004876921794408684e-01 -2.776799010076061691e+01 -2.136329542891557409e-02 9.991482170963208453e-01 -3.530777549268841742e-02 -3.838365965205110975e+00 6.001219429060323796e-01 4.105917821438970217e-02 7.988377768228142051e-01 5.963528426107848190e+01
7.951048979594589339e-01 -3.545664062042760273e-03 -6.064900857418494828e-01 -2.844700223451776466e+01 -2.160378894851943538e-02 9.991827559868307063e-01 -3.417191063969098053e-02 -3.886517210752173046e+00 6.061157170635531610e-01 4.027309337881799373e-02 7.943783082729488632e-01 6.050086559722937096e+01
7.905499813578089618e-01 -3.161991371648632289e-03 -6.124639367860460482e-01 -2.912543610817751016e+01 -2.195234831970913417e-02 9.991976011984076145e-01 -3.349294766737533069e-02 -3.939074851130857535e+00 6.120786810829871305e-01 3.991883649992845201e-02 7.898462547049835969e-01 6.136252141375597802e+01
7.848283928807190390e-01 -4.550066898499713179e-03 -6.195676936721836725e-01 -2.981233211192829202e+01 -2.149798526900632487e-02 9.991712361495291850e-01 -3.456130361016397645e-02 -3.994931951634240086e+00 6.192112766309468830e-01 4.045029205379686854e-02 7.840802001857554160e-01 6.221965280058428505e+01
7.800052952083461610e-01 -5.795278841030790211e-03 -6.257622495654037165e-01 -3.050874921489569402e+01 -2.071566903458409853e-02 9.991698694323227770e-01 -3.507654360145158468e-02 -4.046439389200472192e+00 6.254461644006495957e-01 4.032310738663128641e-02 7.792376852624378625e-01 6.306874774813374529e+01
7.747961578705920838e-01 -7.277001063757057749e-03 -6.320814980271034500e-01 -3.120720718386487746e+01 -2.018859730563099530e-02 9.991389553005897151e-01 -3.624964242651111668e-02 -4.100739705486390108e+00 6.318009948715402890e-01 4.085115914584144803e-02 7.739820144380711309e-01 6.392115106615884912e+01
7.701867571948912694e-01 -8.360488222689910903e-03 -6.377875868256004388e-01 -3.193044329649611157e+01 -2.003953190046604826e-02 9.991032436634172953e-01 -3.729923011741084066e-02 -4.154176458684963436e+00 6.375274939057842261e-01 4.150976153089445952e-02 7.693285041427597726e-01 6.477176777897015825e+01
7.641915811557190574e-01 -1.082502589240273184e-02 -6.448477729417450011e-01 -3.265400892453710213e+01 -1.855213667112672049e-02 9.990765443851870042e-01 -3.875638362502197010e-02 -4.211112971661486348e+00 6.446715803329101657e-01 4.158501156537303123e-02 7.632850880554382655e-01 6.561429429573327354e+01
7.577867798407940114e-01 -1.146056372069055238e-02 -6.524071961755140148e-01 -3.338650032916500265e+01 -1.775028138792157303e-02 9.991136568399318074e-01 -3.817303124209883020e-02 -4.264972431612291892e+00 6.522664321881233018e-01 4.050999383007267141e-02 7.569116880484307863e-01 6.645613906271211135e+01
7.511338893499439617e-01 -1.115302499260306841e-02 -6.598973232427687297e-01 -3.413624211397811337e+01 -1.716411755743528500e-02 9.991893084302517769e-01 -3.641527557573532442e-02 -4.320462196028855395e+00 6.597686010096456277e-01 3.868094968825395996e-02 7.503334665912948509e-01 6.729268724274329827e+01
7.463015456402557479e-01 -1.186311189880288886e-02 -6.654631045464138861e-01 -3.488775907339941540e+01 -1.544761404257622740e-02 9.992632544064137257e-01 -3.513405507123886634e-02 -4.380590865568542824e+00 6.653893588407854276e-01 3.650366156362301606e-02 7.455684726011884145e-01 6.812781987300132869e+01
7.384113674229807467e-01 -1.427821879873054402e-02 -6.741438860403528022e-01 -3.565600648328923228e+01 -1.426970926607232237e-02 9.992212424162515427e-01 -3.678663606750064152e-02 -4.433733047527413262e+00 6.741437900392690530e-01 3.678680368534321260e-02 7.376325354625867803e-01 6.895600810536498670e+01
7.330834658234262058e-01 -1.552083389539887955e-02 -6.800036171981033162e-01 -3.643303165800281107e+01 -1.402998187705140933e-02 9.991818244080361566e-01 -3.792814841666938136e-02 -4.494645269029653001e+00 6.800361828503244110e-01 3.734173996794771383e-02 7.322659526159803756e-01 6.977864326257137861e+01
7.280759609215649020e-01 -1.517337170879271349e-02 -6.853689899622904536e-01 -3.722291694863064748e+01 -1.451187804792401954e-02 9.991898091457344089e-01 -3.753941654890648183e-02 -4.550056081335876357e+00 6.853835453188661386e-01 3.727573776035537217e-02 7.272657803401106902e-01 7.060111641267562277e+01
7.217559485959093024e-01 -1.477714441239229293e-02 -6.921083097721788535e-01 -3.803073085625571537e+01 -1.450534026552653677e-02 9.992296451020676873e-01 -3.645944798229793643e-02 -4.605487052115853963e+00 6.921141565333108758e-01 3.634916647003334778e-02 7.209856487298491601e-01 7.142771020453903930e+01
7.171938003195132971e-01 -1.322187427182007144e-02 -6.967591816612616062e-01 -3.884126074090165304e+01 -1.641423884163125888e-02 9.992221626693853498e-01 -3.585550936067276317e-02 -4.660471618852419340e+00 6.966913194242465579e-01 3.715338521902999264e-02 7.164189006738213017e-01 7.223936508924165878e+01
7.118504869734012530e-01 -1.411096717665470159e-02 -7.020632427032119649e-01 -3.966052938271626260e+01 -1.624593707060128372e-02 9.991998745549871552e-01 -3.655158825838126374e-02 -4.719265715957058127e+00 7.020173437304706443e-01 3.742452741760106394e-02 7.110516129589166123e-01 7.305580671038887886e+01
7.071914161398511478e-01 -1.616070121120620484e-02 -7.068095994481534694e-01 -4.048102413023340773e+01 -1.632683244539375952e-02 9.990988690531852345e-01 -3.918701906030774146e-02 -4.777949170362369991e+00 7.068058470664628778e-01 3.925412853872367602e-02 7.062903241285584111e-01 7.386914695488609084e+01
7.028608234873700011e-01 -1.785979583291668477e-02 -7.112291518180322569e-01 -4.131421726215197054e+01 -1.715952340913417390e-02 9.989681201381124254e-01 -4.203745869787707534e-02 -4.839160857631783053e+00 7.112464478788347311e-01 4.174391679538767136e-02 7.018290887918150478e-01 7.468112958715177285e+01
6.971898702738212883e-01 -1.812056176212010691e-02 -7.166790592284860706e-01 -4.216089930280492837e+01 -1.824179285457893859e-02 9.989083952202313377e-01 -4.299586462366591227e-02 -4.909214933288986060e+00 7.166755897713921186e-01 4.305363471043439222e-02 6.960982705700957673e-01 7.548348687715929373e+01
6.920616304661582063e-01 -1.828280246344361065e-02 -7.216056562152759479e-01 -4.302135863707268015e+01 -1.635575946212823248e-02 9.990253462596154765e-01 -4.099949507698923828e-02 -4.967081593080680868e+00 7.216522027104096404e-01 4.017321871282932694e-02 6.910881708076432872e-01 7.629314614061163979e+01
6.878433211631588273e-01 -1.871048741863367421e-02 -7.255071057207327367e-01 -4.387725294206519067e+01 -1.514007147969531272e-02 9.990805008790230035e-01 -4.011379540487619577e-02 -5.031413908837991222e+00 7.255902445614927920e-01 3.858061143409075022e-02 6.869275964529965028e-01 7.709533440797632409e+01
6.824157037191480590e-01 -1.998234255690621228e-02 -7.306068804503018654e-01 -4.475307664449331213e+01 -1.467481258127904982e-02 9.990502766378918098e-01 -4.102520019905897541e-02 -5.103384384057512158e+00 7.307327430465652141e-01 3.871692572962474876e-02 6.814744502841345586e-01 7.789445626464912209e+01
6.789109484439166398e-01 -2.049197523907977589e-02 -7.338895549415750397e-01 -4.563179293602524211e+01 -1.392246232605485676e-02 9.990714336399102447e-01 -4.077036044563966261e-02 -5.160354259131058718e+00 7.340434560279995857e-01 3.789854499155482365e-02 6.779952127686208474e-01 7.870523321314882992e+01
6.738026275087313222e-01 -2.169189590120925576e-02 -7.386043081976247926e-01 -4.652377051595688329e+01 -1.276648533562300784e-02 9.990780681827313714e-01 -4.097963405656359498e-02 -5.225191527805690406e+00 7.388124460740127519e-01 3.704091826340946692e-02 6.729044452997483550e-01 7.949709141484520103e+01
6.690636509744010141e-01 -2.189546256474889790e-02 -7.428800720709473060e-01 -4.741746162193286551e+01 -1.171756979916292393e-02 9.991309338828854303e-01 -3.999401214975445429e-02 -5.286819455518105393e+00 7.431101870272960319e-01 3.546406841771727186e-02 6.682257127653944417e-01 8.029148827121892396e+01
6.668319195228663565e-01 -2.539491141889243381e-02 -7.448722905987570364e-01 -4.831209742197572155e+01 -8.443335678930113247e-03 9.990976743724019338e-01 -4.161446548659767514e-02 -5.350888512042747180e+00 7.452569992099277174e-01 3.403970943022918000e-02 6.660157658116104828e-01 8.108669763916016393e+01
6.623827034769678157e-01 -2.887894963799144538e-02 -7.485292009445400074e-01 -4.921598019460269313e+01 -5.517228369283657362e-03 9.990416805314430437e-01 -4.342215572679018754e-02 -5.416903509191478783e+00 7.490655079988115528e-01 3.289647865709948577e-02 6.615885640277832103e-01 8.188067842168869959e+01
6.560587587399457909e-01 -3.325810250364039794e-02 -7.539745119023918418e-01 -5.013437925458548960e+01 -2.283263697114320048e-03 9.989366137875668183e-01 -4.605794120745014542e-02 -5.477023337787903401e+00 7.547039785573148585e-01 3.194595497769702613e-02 6.552850101056966192e-01 8.266161824449976336e+01
6.514785065473891468e-01 -3.718333965206377378e-02 -7.577457049616506124e-01 -5.105890924253225904e+01 4.066420312038465656e-03 9.989551721730932643e-01 -4.553136240855547301e-02 -5.550261072769134607e+00 7.586464674875013081e-01 2.658878009980958357e-02 6.509488629360119516e-01 8.345693967235165189e+01
6.412859926381386799e-01 -4.182283167610169328e-02 -7.662462555187793400e-01 -5.198846675390296213e+01 9.458887120961021605e-03 9.988685766774249020e-01 -4.660078802525310232e-02 -5.620641800149943634e+00 7.673284071172664644e-01 2.263981566301162887e-02 6.409558962110175617e-01 8.423830622597473905e+01
6.338113271177067132e-01 -4.173078840746134721e-02 -7.723979032767068764e-01 -5.293767872996752288e+01 1.140434916133774984e-02 9.989391383416514891e-01 -4.461135148084283825e-02 -5.697717507843018225e+00 7.734406770451651703e-01 1.946500786743298253e-02 6.336147646241074849e-01 8.501196925306790320e+01
6.243740321029349616e-01 -4.135241495532359507e-02 -7.800754033755921135e-01 -5.390428822451561786e+01 1.316033944745105370e-02 9.990127285966469151e-01 -4.242876908129802893e-02 -5.754116934687944607e+00 7.810601768477869467e-01 1.622249180137400396e-02 6.243019499899631342e-01 8.577116186076608528e+01
6.148242079475835231e-01 -4.139414724097245646e-02 -7.875046267487835205e-01 -5.487828812420861624e+01 1.332609226922401059e-02 9.990242795205683812e-01 -4.210447272191986806e-02 -5.826094561829513019e+00 7.884791784655187374e-01 1.538995267923563837e-02 6.147760352178529564e-01 8.652888359205648783e+01
6.069006308636659686e-01 -4.152333603563588410e-02 -7.936567459688252946e-01 -5.586110728766478672e+01 1.104083932985643925e-02 9.989786178949211504e-01 -4.382546549534653557e-02 -5.897999182374027427e+00 7.946652959197182398e-01 1.784418038225911440e-02 6.067387445962104664e-01 8.727389756986288205e+01
5.959747089699812816e-01 -4.354796430685274611e-02 -8.017383962782530515e-01 -5.686199081814019252e+01 1.235573480939566524e-02 9.989080590738053100e-01 -4.506717373275645477e-02 -5.964609678659142489e+00 8.028245662197367460e-01 1.696505295266907340e-02 5.958611551434692677e-01 8.800283593649960778e+01
5.869305061980611971e-01 -4.504440109500375961e-02 -8.083529887790640300e-01 -5.786869490095206459e+01 1.168258763586879807e-02 9.988185020270959891e-01 -4.717713404743766048e-02 -6.033643375233681105e+00 8.095227126203186074e-01 1.825075357680075450e-02 5.867630462182022999e-01 8.872883273557995665e+01
5.775273451273476022e-01 -4.581167419365696214e-02 -8.150671824574720059e-01 -5.889081385855529760e+01 1.571511107901905555e-02 9.988633968069675628e-01 -4.500645629539046927e-02 -6.109225097825409456e+00 8.162022704952890395e-01 1.319128467780633120e-02 5.775902880530200401e-01 8.944742225724212403e+01
5.660118189544081080e-01 -4.603138433227432769e-02 -8.230814723081645301e-01 -5.992693247630393216e+01 1.745572007967747391e-02 9.988853396135476403e-01 -4.385169418166880162e-02 -6.178733247920375149e+00 8.241827543373113629e-01 1.045235148743625317e-02 5.661842437338329148e-01 9.015154241764381027e+01
5.543597630132482967e-01 -4.694216577293080367e-02 -8.309103774695497657e-01 -6.097867600059872473e+01 1.779568451424101694e-02 9.988484135709395639e-01 -4.456298422568336082e-02 -6.252584697275291425e+00 8.320450872714876267e-01 9.918323061519282446e-03 5.545567231464948454e-01 9.084471015775038438e+01
5.465408466120398323e-01 -4.708477287232210040e-02 -8.361084804936761428e-01 -6.203257189082382439e+01 1.646966358112057424e-02 9.988296018196308745e-01 -4.547447705044097011e-02 -6.320552247442940086e+00 8.372710348632508293e-01 1.108398488291401779e-02 5.466764084485173925e-01 9.152804367301051514e+01
5.341807373916953594e-01 -4.796973537161165063e-02 -8.441153421363263298e-01 -6.310141730748799205e+01 1.574783848612795745e-02 9.987798347076259908e-01 -4.679904569404256393e-02 -6.393952516400218222e+00 8.453310742892933272e-01 1.169945833549381614e-02 5.342847920898267100e-01 9.219659951153082034e+01
5.259675432432665554e-01 -4.784960974025059127e-02 -8.492110836616424407e-01 -6.417773335163779791e+01 1.452123085532889928e-02 9.987758149446613887e-01 -4.727834831711262564e-02 -6.469226576051293698e+00 8.504342378172474737e-01 1.253138801556006286e-02 5.260185203025201650e-01 9.285210047348576268e+01
