1.000000000000000000e+00 4.398956837314658088e-19 2.733407509747682871e-20 -8.673617379884035472e-19 -5.583667658079949532e-19 1.000000000000000000e+00 -6.100159232558060012e-19 0.000000000000000000e+00 4.145284534913582806e-20 -2.210423569125054137e-19 1.000000000000000222e+00 0.000000000000000000e+00
9.999429199948223213e-01 -1.077134867478421552e-03 1.062998342717522832e-02 6.305044174365867504e-02 1.071045339189926650e-03 9.999992590751960453e-01 5.785402698846686502e-04 4.540803892269934527e-04 -1.063059890048395802e-02 -5.671220472119805093e-04 9.999433327577823549e-01 2.796281414956711675e-01
9.998567422847471908e-01 -2.629945448427798652e-03 1.672059562714139566e-02 9.644228384623781958e-02 2.614937746111438161e-03 9.999961584299763562e-01 9.193589574282200411e-04 -3.193399571462612885e-03 -1.672294954617710785e-02 -8.755039262344809555e-04 9.998597783853879761e-01 5.305064562439840703e-01
9.997909193126583993e-01 -6.010998665854442799e-03 1.954445155707536935e-02 7.057131256239702888e-02 6.022739731951100468e-03 9.999817162876062371e-01 -5.419279209391400422e-04 -8.802442988072034513e-05 -1.954083702224628655e-02 6.595257875891424480e-04 9.998088420759593253e-01 9.163824232544119930e-01
9.998265096132205043e-01 -6.651632941595183972e-03 1.739846214507509772e-02 8.816953650346776028e-02 6.681729665755374407e-03 9.999762786833249484e-01 -1.672288142697952269e-03 -9.359676774783914910e-03 -1.738692628573718785e-02 1.788249874640876654e-03 9.998472368003288313e-01 1.191450970320288683e+00
9.998943841954180956e-01 -9.964161969660521173e-03 1.057997926642482468e-02 8.250934306062700230e-02 9.999983908514588696e-03 9.999444263888377371e-01 -3.338328712013318746e-03 -2.590203831427537184e-03 -1.054612783548501166e-02 3.443775802562506084e-03 9.999384578975186733e-01 1.536063131763176992e+00
9.999406922600430070e-01 -1.078228108574871662e-02 -1.534403435029936709e-03 6.740321696009066166e-02 1.077541676660271133e-02 9.999322023438225182e-01 -4.413738894268546750e-03 -1.578901870008529718e-02 1.581889603960267383e-03 4.396943335401659950e-03 9.999890821984461775e-01 1.843462437317481273e+00
9.997959028409348914e-01 -1.037139807829369660e-02 -1.733743790505516691e-02 1.641108713138158398e-02 1.028874218525606399e-02 9.999353080004276251e-01 -4.849905245654363879e-03 -2.136688127323363440e-02 1.738661690731271858e-02 4.670534999145358954e-03 9.998379327091236890e-01 2.151273279757307755e+00
9.993343465134598702e-01 -6.376180317881108110e-03 -3.591946744782035378e-02 5.534330792407673831e-03 6.193793568698244267e-03 9.999673672624505016e-01 -5.186648347582109228e-03 -2.791953041978993688e-02 3.595136692093723468e-02 4.960718087428683462e-03 9.993412282920477452e-01 2.523669323159298372e+00
9.984201069110545390e-01 -3.492548827246622599e-03 -5.608112063460633095e-02 -6.142317105221916512e-02 3.156691397736230333e-03 9.999765569757866901e-01 -6.076248301598514631e-03 -3.515362402959604227e-02 5.610102848367570089e-02 5.889617692657919505e-03 9.984077259006616245e-01 2.861137502197261817e+00
9.971469453404357974e-01 -2.862685399618097957e-03 -7.543059214648176192e-02 -1.163189187578816952e-01 2.403690594358642157e-03 9.999780450950029875e-01 -6.175078625400622426e-03 -4.775394376993094547e-02 7.544661468348425049e-02 5.976148971114499282e-03 9.971319341886117904e-01 3.217201781741278577e+00
9.953145242050996933e-01 -3.338092208963189169e-03 -9.663257606015419887e-02 -1.450105986288910409e-01 2.778227211184192830e-03 9.999785715655014062e-01 -5.927719561987486625e-03 -5.599783385349306475e-02 9.665029431837919571e-02 5.631478088332487683e-03 9.953024702861172912e-01 3.603168438928296524e+00
9.932410174049889351e-01 -3.902301907535310737e-03 -1.160045386882227747e-01 -2.006790413355526992e-01 3.319337116801093866e-03 9.999808764296606034e-01 -5.218119473870421431e-03 -6.454738495902136164e-02 1.160226849496726054e-01 4.797792064379128273e-03 9.932349763079545424e-01 3.981725645622852916e+00
9.910774817570578987e-01 -3.969063446437671658e-03 -1.332278919886178969e-01 -2.898370788850340163e-01 3.372027109319653687e-03 9.999832383046249884e-01 -4.706648232734389828e-03 -7.397653537192511175e-02 1.332443421522991056e-01 4.215404933695854860e-03 9.910742535939194298e-01 4.385055100499715586e+00
9.888395616114744602e-01 -2.870730933169299802e-03 -1.489566370122644701e-01 -3.707537882446961253e-01 2.269715587524935661e-03 9.999885845001719176e-01 -4.204670860502314998e-03 -7.125619479051496785e-02 1.489670096525553267e-01 3.819655589992475807e-03 9.888347894647173675e-01 4.834998372865646488e+00
9.866400732685173258e-01 -2.575630513417645397e-03 -1.628948472713954987e-01 -4.463182085064013038e-01 1.959751263987502025e-03 9.999903122564089974e-01 -3.941416673398335027e-03 -8.339813772966962746e-02 1.629034236384918066e-01 3.569526137882185653e-03 9.866355627755928337e-01 5.224440763687860922e+00
9.845050434133135742e-01 -3.600578961955694032e-03 -1.753192931671211652e-01 -5.493431014767319320e-01 2.758727309782810395e-03 9.999834670441931639e-01 -5.045300553026322611e-03 -9.782773071082601080e-02 1.753345636560632304e-01 4.483465601136095609e-03 9.844986998956603008e-01 5.672794118590384294e+00
9.827362113363452556e-01 -6.102797340434402106e-03 -1.849115841591387754e-01 -6.332777561675348998e-01 4.952654424230130970e-03 9.999654157082110695e-01 -6.681211989063553548e-03 -1.001260993616953920e-01 1.849459664033286932e-01 5.650065668797717849e-03 9.827324494051057346e-01 6.106480218869702270e+00
9.811477813149852567e-01 -5.925590422953565077e-03 -1.931681073490542078e-01 -7.357450645312423321e-01 4.426544984857135219e-03 9.999566557140284750e-01 -8.190994184915298404e-03 -1.119538020146199353e-01 1.932082744312592915e-01 7.181508347854464493e-03 9.811314843272159747e-01 6.556343384600205049e+00
9.795779020488087907e-01 -5.478339020314208253e-03 -2.009903496507481624e-01 -8.223037424100009263e-01 3.503812494485691355e-03 9.999420598429501483e-01 -1.017842079093472622e-02 -1.014678167929861513e-01 2.010344685507708673e-01 9.266323491329376411e-03 9.795403405042643064e-01 7.030100403296120959e+00
9.779822366301224035e-01 -6.222895894894890818e-03 -2.085953483983107315e-01 -9.556408300830568914e-01 3.619459245827165699e-03 9.999107536582926281e-01 -1.286017992886897762e-02 -1.257097014638625665e-01 2.086567631897266739e-01 1.182202509018375446e-02 9.779174791017062329e-01 7.509099948025369287e+00
9.762136999916914970e-01 -9.446924797612561708e-03 -2.166046316840781749e-01 -1.047711787944646700e+00 6.398907714471967385e-03 9.998704592382571255e-01 -1.476884261550997016e-02 -1.367666801786779907e-01 2.167160964416190716e-01 1.303151337399281566e-02 9.761476908266657482e-01 8.023252536931897438e+00
9.743591819806339815e-01 -1.504256735459635723e-02 -2.244947761133373187e-01 -1.190029438397130379e+00 1.179675711450363026e-02 9.998056955769633047e-01 -1.579264365202917575e-02 -1.500411219193342749e-01 2.246887215711439734e-01 1.273939692525359081e-02 9.743473135077999059e-01 8.520192765079540820e+00
9.723632663630346062e-01 -1.631577743930174434e-02 -2.329022808035848546e-01 -1.302826410851630756e+00 1.242252939958573242e-02 9.997576758493375015e-01 -1.817334098039941406e-02 -1.703387878668742306e-01 2.331423591674168239e-01 1.477785370036639560e-02 9.723303228090590666e-01 9.024883230799449763e+00
9.703699461605836962e-01 -1.256476360252242221e-02 -2.412971052201000888e-01 -1.465348134642436184e+00 7.501193274204405459e-03 9.997322012528396806e-01 -2.189195889281833271e-02 -1.723166696253634056e-01 2.415075576102877764e-01 1.943328271649518921e-02 9.702043333595986585e-01 9.563978679216099010e+00
9.682393844667760430e-01 -9.829803940711609109e-03 -2.498316791717511975e-01 -1.628449029463438613e+00 3.748171880578863961e-03 9.996852316673964234e-01 -2.480703098457731279e-02 -1.909728987369064546e-01 2.499968926291197546e-01 2.308273232728548854e-02 9.679714575108029351e-01 1.010263598806081120e+01
9.658857943510864574e-01 -1.165454084591927529e-02 -2.587060155036263742e-01 -1.771924113289077951e+00 4.804032488665779463e-03 9.996212837045151955e-01 -2.709631758846298144e-02 -2.085354644933720136e-01 2.589238389203900037e-01 2.492911613574526342e-02 9.655759868120309397e-01 1.067718900384882730e+01
9.634467897808403070e-01 -1.359550458890160587e-02 -2.675545625408977113e-01 -1.937221001414146215e+00 6.097314704975723143e-03 9.995655642336509494e-01 -2.883583775186265505e-02 -2.477091564135595336e-01 2.678303696476301843e-01 2.615043095002579643e-02 9.631111304765701542e-01 1.119898881706255089e+01
9.613381860087555353e-01 -1.396891044313249876e-02 -2.750159268188293038e-01 -2.108927795817794770e+00 5.509304342306060691e-03 9.994882865002603367e-01 -3.150893050791745559e-02 -2.643744047285939702e-01 2.753153476255816856e-01 2.877559168133353440e-02 9.609232156401916747e-01 1.178794482990223180e+01
9.589939937998011033e-01 -1.333544911013782169e-02 -2.831124933754375905e-01 -2.282604880331229769e+00 3.571562502487872406e-03 9.993817761065294514e-01 -3.497584190387538483e-02 -2.820756508374545057e-01 2.834038899042943260e-01 3.253046839901545945e-02 9.584487495798097445e-01 1.239539178236697303e+01
9.566960088822753505e-01 -1.471754583212355263e-02 -2.907165949904441660e-01 -2.492701943517420471e+00 3.097356550674206215e-03 9.991791634108674325e-01 -4.039066446137092037e-02 -3.135916207546246559e-01 2.910724206323885843e-01 3.774113462885244491e-02 9.559563036807813274e-01 1.297995133798675127e+01
9.548066300416949703e-01 -1.623568275059753679e-02 -2.967839280293468329e-01 -2.696740882298827024e+00 2.297916002416249166e-03 9.988803882460985939e-01 -4.725134436631339002e-02 -3.585382439948002209e-01 2.972188081965498330e-01 4.443391249138849142e-02 9.537749259586304484e-01 1.359691894442313753e+01
9.534860436965040265e-01 -1.598687623608984615e-02 -3.010129271599267797e-01 -2.880642635108512817e+00 -6.623457390014747623e-04 9.984791018026714093e-01 -5.512752984111174426e-02 -3.842362174824877075e-01 3.014364393078399762e-01 5.276270517879163430e-02 9.520253000637693974e-01 1.418430812690449017e+01
9.522612351973026579e-01 -1.631510808861996384e-02 -3.048480854414700181e-01 -3.098980667611595852e+00 -3.400363445357354724e-03 9.979421504217442784e-01 -6.403047651320518951e-02 -4.430865912501723014e-01 3.052654233091880442e-01 6.201033524481020659e-02 9.502461479340389428e-01 1.482199962792507186e+01
9.509389036316931998e-01 -1.547290053428409737e-02 -3.089915676313911286e-01 -3.333094487345652723e+00 -7.371509734968580835e-03 9.973318501643745337e-01 -7.262810388198817635e-02 -4.795469690054877110e-01 3.092909045450642491e-01 7.134262421275226751e-02 9.482875979343390327e-01 1.545731872405948693e+01
9.495622896740032459e-01 -1.438581476171859296e-02 -3.132483108791361825e-01 -3.555348615544193347e+00 -1.116922180709915315e-02 9.967616232952050126e-01 -7.963362852096528277e-02 -5.268826607424947905e-01 3.133794948245653966e-01 7.911583095091428985e-02 9.463265713427037040e-01 1.614893506570484760e+01
9.479743466097462212e-01 -1.245915411082590928e-02 -3.181028222019938734e-01 -3.788250466787617121e+00 -1.583216438519301217e-02 9.961522555886249686e-01 -8.619759996364798060e-02 -6.065660306513140920e-01 3.179527984482494740e-01 8.674937019469319832e-02 9.441295286678766940e-01 1.678595575122730921e+01
9.464287935714791322e-01 -1.164433295372665177e-02 -3.227025658332826619e-01 -4.052842372687018191e+00 -1.920270322603858867e-02 9.955514991332261587e-01 -9.224136135369259692e-02 -6.669623438591221198e-01 3.223411178028385282e-01 9.349664252021515354e-02 9.419950020263340162e-01 1.746064597906572047e+01
9.447749422785236550e-01 -1.055738655622126716e-02 -3.275497637860058098e-01 -4.310633365220877700e+00 -2.271249889353736326e-02 9.949684370561203695e-01 -9.758048799913461580e-02 -7.468260217645078525e-01 3.269318770271337216e-01 9.963107419087267880e-02 9.397814634969651193e-01 1.812159843201356324e+01
9.429532956666853982e-01 -6.948476624838917023e-03 -3.328525176652352702e-01 -4.553788308433575516e+00 -2.813452700185051225e-02 9.945427029975734134e-01 -1.004652193303805785e-01 -8.136031672069350407e-01 3.317341284873777663e-01 1.040986584740238724e-01 9.376118278147064222e-01 1.883424099910258320e+01
9.412091901272361394e-01 -6.290463072229970747e-03 -3.377657295859612385e-01 -4.829176040075329190e+00 -2.995540121036334436e-02 9.943341871887058092e-01 -1.019911668652533632e-01 -8.948263945912677819e-01 3.364935895780654662e-01 1.061129321847415902e-01 9.356880421461113428e-01 1.950555983468455423e+01
9.392331665411434161e-01 -6.260218987516761625e-03 -3.432227644621053120e-01 -5.118377182810167625e+00 -3.030049183960583856e-02 9.944192723585891791e-01 -1.010553855610702989e-01 -9.875141663249764612e-01 3.419399663530086064e-01 1.053143890126250481e-01 9.338018747919236695e-01 2.022367316914140289e+01
9.369004924679140700e-01 -6.101086101910316480e-03 -3.495429035127961548e-01 -5.366129111594366563e+00 -3.077720536858593453e-02 9.945261005975883917e-01 -9.985288607630110613e-02 -1.072650268413670060e+00 3.482387578038568798e-01 1.043101725131635044e-01 9.315842195106091017e-01 2.093825271832174906e+01
9.344586482798467042e-01 -6.400663894639897766e-03 -3.560141338559295598e-01 -5.654102722769380307e+00 -3.040253749374220715e-02 9.947529655212780098e-01 -9.768430427123728221e-02 -1.163251404219352914e+00 3.547713658616821197e-01 1.021056766018670486e-01 9.293609155873957528e-01 2.166470163519273839e+01
9.312978754639832379e-01 -5.445299923654864198e-03 -3.642178099715967510e-01 -5.945514180249975134e+00 -3.127142458996980817e-02 9.950015889661748547e-01 -9.483636415312236834e-02 -1.242213264138527951e+00 3.629137182828868213e-01 9.971051482304696401e-02 9.264725840916376853e-01 2.241093643208687070e+01
9.278128655838422389e-01 -2.619792448895724539e-03 -3.730367545609170610e-01 -6.257390213172647542e+00 -3.313588613279067063e-02 9.954439031233149882e-01 -8.940608930154120282e-02 -1.327749626063103872e+00 3.715713947052343702e-01 9.531302387959782185e-02 9.234988516439185391e-01 2.317387278743099088e+01
9.244082512243398941e-01 -5.592304098168667187e-04 -3.814040761668858748e-01 -6.610645373235538358e+00 -3.400947955058659239e-02 9.958945746195333459e-01 -8.388892401894926243e-02 -1.405807727593413325e+00 3.798851699174056740e-01 9.051896816712330651e-02 9.205941435088504932e-01 2.391391993421799356e+01
9.207179465943873264e-01 2.981199182136395724e-03 -3.902173395999668504e-01 -6.909311692084252776e+00 -3.705486722467371541e-02 9.961202647282858536e-01 -7.982076831499916592e-02 -1.473520726728415386e+00 3.884654446532078143e-01 8.795186606133806317e-02 9.172562731706468409e-01 2.465813344103885640e+01
9.171019300048595113e-01 4.921278588083752119e-03 -3.986224124727189011e-01 -7.272408808644100553e+00 -3.918250701166950400e-02 9.961950019723562200e-01 -7.784760265534737544e-02 -1.557271761640700580e+00 3.967225520216751677e-01 8.701321255105698427e-02 9.138051875439298088e-01 2.539678486481865605e+01
9.129049307662800983e-01 4.750735770385217278e-03 -4.081445999604358943e-01 -7.608277420402320246e+00 -3.970703857682306853e-02 9.962232627688182296e-01 -7.721762659788117267e-02 -1.633955801743615099e+00 4.062363114605397896e-01 8.669856586555781119e-02 9.096457669287970615e-01 2.617033282112531722e+01
9.091661839099104414e-01 3.931277892788115520e-03 -4.164149271440015232e-01 -7.976731152070066777e+00 -3.924113277761132057e-02 9.963147281554903811e-01 -7.626988927727637591e-02 -1.696533671667186161e+00 4.145804939005382495e-01 8.568259803873533309e-02 9.059699277345845125e-01 2.691463106709586128e+01
9.053650859483179936e-01 5.416402696025971950e-03 -4.245994819325050740e-01 -8.355056462858783561e+00 -4.094394811873688922e-02 9.963731065106313789e-01 -7.459373829419910229e-02 -1.777922082394950420e+00 4.226554823439057640e-01 8.491934583692949123e-02 9.023031927016808007e-01 2.771445989655406450e+01
9.012910740622507300e-01 6.718147295879915888e-03 -4.331619356599095694e-01 -8.746441919654703412e+00 -4.211374105464981560e-02 9.965027149452302391e-01 -7.217182265097071836e-02 -1.846576770290464298e+00 4.311621913428767550e-01 8.328988951940585750e-02 8.984219291650463735e-01 2.849765312016593199e+01
8.977104703652810658e-01 6.314051872853938645e-03 -4.405406226666154779e-01 -9.160938086124579272e+00 -4.031155856648968583e-02 9.968803385506818104e-01 -6.785697399928337925e-02 -1.923787502560498242e+00 4.387378401333427713e-01 7.867479548141516343e-02 8.951644474920625871e-01 2.929052667330719117e+01
8.939537062669330458e-01 7.459191032713335945e-03 -4.480972299283423887e-01 -9.567310555916085590e+00 -3.956612778614480852e-02 9.972708061619011133e-01 -6.233346433314041618e-02 -1.975248062917492442e+00 4.464093361672695770e-01 7.345270399293890584e-02 8.918090652396133411e-01 3.007458409295724522e+01
8.902022977605905663e-01 7.240777713537024061e-03 -4.555078879955309912e-01 -9.978058123038202609e+00 -3.787734566307887629e-02 9.975880883378240860e-01 -5.816625102060481167e-02 -2.048345455959692973e+00 4.539880821057830640e-01 6.903316025735733996e-02 8.883294705224673571e-01 3.088083324072364988e+01
8.864072851991692259e-01 7.056430948151735764e-03 -4.628523816847656680e-01 -1.041378969105316266e+01 -3.720337906436407133e-02 9.977353128049037956e-01 -5.603707909999165043e-02 -2.115486804355569905e+00 4.614087519657613101e-01 6.689134795698671587e-02 8.846623736821771500e-01 3.169680680388123406e+01
8.831565528365058482e-01 7.224140494427441252e-03 -4.690227186116663893e-01 -1.084789070858576565e+01 -3.728636909171946512e-02 9.977986976621580073e-01 -5.484054786873388682e-02 -2.174368800567965554e+00 4.675940900123495281e-01 6.592094359036455853e-02 8.814818208658484755e-01 3.249796082827173649e+01
8.800223867163738944e-01 6.685043291934260508e-03 -4.748851488222862738e-01 -1.131633967358208714e+01 -3.619722903887705179e-02 9.979366654239241186e-01 -5.302992059168042810e-02 -2.225939822075623464e+00 4.735508026956273264e-01 6.385704394217586732e-02 8.784485867949569649e-01 3.333367218024209677e+01
8.769871102662193385e-01 6.221525191877065770e-03 -4.804736168120505857e-01 -1.176859884603022088e+01 -3.536937873387670239e-02 9.980395052989039506e-01 -5.163480391255875768e-02 -2.290677992889746051e+00 4.792104118340454466e-01 6.227711093461324454e-02 8.754878338262802595e-01 3.416603932558810897e+01
8.744207146580248446e-01 4.836393007263373525e-03 -4.851443273924289645e-01 -1.225447947301223195e+01 -3.402800084769292549e-02 9.980991964264500638e-01 -5.138179942763538427e-02 -2.342909024631216752e+00 4.839736690642668093e-01 6.143780148633339044e-02 8.729231860927604281e-01 3.500368532706879421e+01
8.724797691519556864e-01 4.472577570440597686e-03 -4.886297614050271743e-01 -1.274895351500443574e+01 -3.410781219733952790e-02 9.980766203308514273e-01 -5.176598455766678875e-02 -2.400579620590112651e+00 4.874584218531871627e-01 6.183086652032104835e-02 8.709542098114408937e-01 3.581885897230697680e+01
8.704813845293778440e-01 4.040342123645836343e-03 -4.921847519184254227e-01 -1.322459783006589795e+01 -3.391583820787982123e-02 9.980818884916102807e-01 -5.179053817401907400e-02 -2.458991620448507387e+00 4.910314436288907292e-01 6.177555791388406048e-02 8.689487364360561905e-01 3.668499391980578395e+01
8.703814394488976758e-01 4.515629175943564576e-03 -4.923573439584688627e-01 -1.374226974456806616e+01 -3.425212718157760045e-02 9.980907770734092077e-01 -5.139642561809827648e-02 -2.521264840343975244e+00 4.911852452734216112e-01 6.159878139815742892e-02 8.688743578333644191e-01 3.757638916410880370e+01
8.701036226510416860e-01 3.923828390742776541e-03 -4.928532079698619284e-01 -1.423845323458741774e+01 -3.274157222461916011e-02 9.982195965975763086e-01 -4.985605756515997661e-02 -2.593172092541963458e+00 4.917801122829922877e-01 5.951672530628789037e-02 8.686829601913143017e-01 3.848407839620242044e+01
8.697380872197296720e-01 2.847113129791871335e-03 -4.935053685240764487e-01 -1.474916988268078200e+01 -3.123783278360958010e-02 9.982957355975662361e-01 -4.929322617273720897e-02 -2.638535051131213116e+00 4.925239699704585528e-01 5.828823451581814641e-02 8.683447618831225956e-01 3.935925369556520792e+01
8.692322215650544193e-01 2.279371513111700352e-03 -4.943987708513611912e-01 -1.527520372006017446e+01 -3.093422807827051618e-02 9.982807927024324179e-01 -4.978486225113708252e-02 -2.709853282260071605e+00 4.934353271651508166e-01 5.856845084786783950e-02 8.678083424669243984e-01 4.027161025681223094e+01
8.681396044800451239e-01 -3.501070754689277116e-05 -4.963200792202689948e-01 -1.581732067686424159e+01 -2.868102116889036796e-02 9.983253736808552770e-01 -5.023790738813773554e-02 -2.769244726451604244e+00 4.954906959393852173e-01 5.784848383560325935e-02 8.666847915918708400e-01 4.118778514610134778e+01
8.666868704040352478e-01 -1.407008257452760239e-03 -4.988505628774257961e-01 -1.635832717704233374e+01 -2.624465304864605913e-02 9.984825565816419779e-01 -4.841283335073962024e-02 -2.828562776471577500e+00 4.981617112013148607e-01 5.505092703002183174e-02 8.653347963623727601e-01 4.209044834973263960e+01
8.648964252897057836e-01 -7.900829698028052298e-04 -5.019497428218879786e-01 -1.690264781759852752e+01 -2.527448173186102459e-02 9.986617201352810946e-01 -4.512171709826351407e-02 -2.891262779771354818e+00 5.013136521170861171e-01 5.171213145267646027e-02 8.637189835753357192e-01 4.302387193842725566e+01
8.616473202442628265e-01 -7.120865216734427374e-04 -5.075070279079377800e-01 -1.743921327942544863e+01 -2.314798184559191743e-02 9.989031454514736286e-01 -4.070229705337906345e-02 -2.958267789400103709e+00 5.069793588049744670e-01 4.681878862861832413e-02 8.606857357990607138e-01 4.392358759117046674e+01
8.580598498381499795e-01 -1.330260417202404561e-03 -5.135479717802530208e-01 -1.798795299975282092e+01 -2.157934370717205438e-02 9.990200232000739922e-01 -3.864356621402078446e-02 -3.016748456577934778e+00 5.130961215291736099e-01 4.424052076370400127e-02 8.571902656577315982e-01 4.481534833474466240e+01
8.524962171267331801e-01 -4.234392720029772801e-03 -5.227162369318617552e-01 -1.855479953719450847e+01 -1.968930452391848968e-02 9.989974883701396857e-01 -4.020384996206440020e-02 -3.078935588830306269e+00 5.223624557155134296e-01 4.456554911990536633e-02 8.515582082317925128e-01 4.571219628995628881e+01
8.470048329671781007e-01 -7.505415949779613120e-03 -5.315321967181123597e-01 -1.914290489468465140e+01 -1.859978994676973404e-02 9.988696410255778479e-01 -4.374343472236687236e-02 -3.136444960685170980e+00 5.312596963545808126e-01 4.693728779054126554e-02 8.459078150294202514e-01 4.663328720886880774e+01
8.407825687998681241e-01 -7.661325999770891154e-03 -5.413187327110841052e-01 -1.971340560399435660e+01 -1.876405902085363786e-02 9.988866749363768394e-01 -4.328187558523737682e-02 -3.207284580323694456e+00 5.410476748796806401e-01 4.654798313605686133e-02 8.397027476702563220e-01 4.751943643458390909e+01
8.347875339972913311e-01 -4.415602218418250742e-03 -5.505545110633335293e-01 -2.029947918777918758e+01 -2.004003300677250493e-02 9.990615245937101152e-01 -3.839879151083012282e-02 -3.236809696687997118e+00 5.502073924680638273e-01 4.308796295495219419e-02 8.339156183772779007e-01 4.842893222655055752e+01
8.298970474325307878e-01 -9.304764696325311737e-04 -5.579157811334986006e-01 -2.089329959245875301e+01 -2.137270285334939846e-02 9.992115657430736819e-01 -3.345825008869238865e-02 -3.306940652428625782e+00 5.575070429473352185e-01 3.969107103572774159e-02 8.292228421490092094e-01 4.927935129445835827e+01
8.259810694029263711e-01 -1.077289430374766144e-03 -5.636968212445977455e-01 -2.154386449593463837e+01 -2.233813388723936838e-02 9.991501293235743875e-01 -3.464140427026599078e-02 -3.366413773747683358e+00 5.632550803762289560e-01 4.120507908615920339e-02 8.252550284605322251e-01 5.017226187797398040e+01
8.219356835353694990e-01 -2.726763055334456304e-03 -5.695737797894283583e-01 -2.215990870298726279e+01 -2.359561870703861391e-02 9.989671047897888956e-01 -3.883259416354527260e-02 -3.408903582651500841e+00 5.690913668522069591e-01 4.535734047166268407e-02 8.210223712340376512e-01 5.104810073068662035e+01
8.194914182535792957e-01 -4.461322911467888348e-03 -5.730740839252178587e-01 -2.275773873868811492e+01 -2.648552831337656899e-02 9.986064108228814851e-01 -4.564814454262009630e-02 -3.481475039438863384e+00 5.724791150573856902e-01 5.258643256307897473e-02 8.182312241820831611e-01 5.187178459571806854e+01
8.159262490742298368e-01 -5.369235396073970476e-03 -5.781310586194606804e-01 -2.337625924593067950e+01 -2.689146960213646340e-02 9.985221899364694620e-01 -4.722589452711629943e-02 -3.539119326768108031e+00 5.775302676135715130e-01 5.407964075540389742e-02 8.145760792225935631e-01 5.275682489129189889e+01
8.129095949545526167e-01 -4.973837697798490047e-03 -5.823686502884863891e-01 -2.399097367748078113e+01 -2.525166303149486285e-02 9.987221137205158916e-01 -4.377776975538399951e-02 -3.606499425579131834e+00 5.818422029267550366e-01 5.029314594410776162e-02 8.117451920707300372e-01 5.359926224218682478e+01
8.097268791166339907e-01 -1.942645341109669162e-03 -5.868037156820937739e-01 -2.467715624062309132e+01 -2.517387496445256181e-02 9.989589085179260142e-01 -3.804438407532984706e-02 -3.663575109242859895e+00 5.862667161832390006e-01 4.557768365031267255e-02 8.088349762639308604e-01 5.449764146316184110e+01
8.065592092245735811e-01 -1.532366490335763162e-03 -5.911513233932708111e-01 -2.530189308915599966e+01 -2.380757869048020711e-02 9.991011522033550474e-01 -3.507259483822401658e-02 -3.716422705477116839e+00 5.906737225830434035e-01 4.236200587207717555e-02 8.057977541423638757e-01 5.533893417991284025e+01
8.035573615986018048e-01 -2.887198082163391758e-04 -5.952272477429871866e-01 -2.593262743359356648e+01 -2.594566371109943356e-02 9.990324184014730546e-01 -3.551125973684994552e-02 -3.775987735909139165e+00 5.946615798677711284e-01 4.397890005765573568e-02 8.027723640822201912e-01 5.619615636870313580e+01
8.001067303936604258e-01 -6.470702014550305239e-04 -5.998573116795359317e-01 -2.660161872402708383e+01 -2.694914127175231794e-02 9.989509665101147240e-01 -3.702310556294849397e-02 -3.820635444271060610e+00 5.992520081490004813e-01 4.578807526417662255e-02 7.992499544849606119e-01 5.704986219883549836e+01
7.961219284668207274e-01 -2.770570632837047065e-03 -6.051298967489253666e-01 -2.725137975816291913e+01 -2.637149798993573477e-02 9.988806475427873810e-01 -3.926825827815258463e-02 -3.886466801436045504e+00 6.045613490160394177e-01 4.722050326170833257e-02 7.951577241723563061e-01 5.791527083485678418e+01
7.919786335118405018e-01 -3.909774097408592018e-03 -6.105362811488733721e-01 -2.789718652114273567e+01 -2.555235562922372056e-02 9.988911043904025178e-01 -3.954287216952449141e-02 -3.942752841132339370e+00 6.100138743601042357e-01 4.691774993783211917e-02 7.910005087919852462e-01 5.875015001230990208e+01
7.869892460649291488e-01 -4.743620109045157927e-03 -6.169484722245450747e-01 -2.858691337966342161e+01 -2.436291408873777695e-02 9.989515639213379927e-01 -3.875850102548249188e-02 -3.995358687981286572e+00 6.164855074214899977e-01 4.553318600045476450e-02 7.860485705938319301e-01 5.959443101590260028e+01
7.823272032471410009e-01 -5.310634007720342435e-03 -6.228450343635734132e-01 -2.927175703026823683e+01 -2.360631411897471874e-02 9.989924410497531548e-01 -3.816863507170987352e-02 -4.050349096366288038e+00 6.224201916588177896e-01 4.456343691634694071e-02 7.814135988425845447e-01 6.041679114824721353e+01
7.769147610388559277e-01 -5.254979508903264915e-03 -6.295838559928568223e-01 -2.997534783300184102e+01 -2.444238127895244708e-02 9.989596077751402570e-01 -3.850028671295983168e-02 -4.117584367175856741e+00 6.291311709101563565e-01 4.529996956817179676e-02 7.759780216243078454e-01 6.125028477607912691e+01
7.714568463068502968e-01 -6.871832577070130857e-03 -6.362445320105722946e-01 -3.068332849321845046e+01 -2.367965800781493893e-02 9.989389045019065883e-01 -3.950112546203437408e-02 -4.169209782092846872e+00 6.358408718869638099e-01 4.553946646096465600e-02 7.704755351591913159e-01 6.209600791735716996e+01
7.663391783946215119e-01 -7.838463347912905457e-03 -6.423883672069576889e-01 -3.137411025403504183e+01 -2.379681483877212067e-02 9.988929950642538858e-01 -4.057703856164784212e-02 -4.235086687359137514e+00 6.419953128132731557e-01 4.638257128439739196e-02 7.653043075734480283e-01 6.294109659511330079e+01
7.605838087235547995e-01 -8.432562708994699105e-03 -6.491849919809213887e-01 -3.208442216673090286e+01 -2.417089944725040948e-02 9.988546654363066324e-01 -4.129315923814866340e-02 -4.286245597801678464e+00 6.487896763129641364e-01 4.709829335510092030e-02 7.595088640755844889e-01 6.376346290528329774e+01
7.545722499930144211e-01 -1.103792864957435158e-02 -6.561241311940900767e-01 -3.281079709938472888e+01 -2.269891593535453000e-02 9.988211421512216415e-01 -4.290786928634548331e-02 -4.346543407347282617e+00 6.558242794205618731e-01 4.727039382816090873e-02 7.534321684708144007e-01 6.457608446120475776e+01
7.484977215791399630e-01 -1.219789395811333478e-02 -6.630251608191194412e-01 -3.357183364174806428e+01 -2.170451261183828015e-02 9.988445031827396514e-01 -4.287858009862827169e-02 -4.408453683007594215e+00 6.627820771590735571e-01 4.648515732236190023e-02 7.473680864223852804e-01 6.539989521651071414e+01
7.421207320567102528e-01 -1.252550289994606644e-02 -6.701491791894933492e-01 -3.429962143872258906e+01 -2.045052225621209890e-02 9.989367516720408791e-01 -4.131757899177788268e-02 -4.471985489270348779e+00 6.699541792069786394e-01 4.436753249601484844e-02 7.410755212853148421e-01 6.621104165628851490e+01
7.355719814568210113e-01 -1.288621884605807566e-02 -6.773239969399581506e-01 -3.505776376354750568e+01 -1.984761100984118801e-02 9.989799495873438184e-01 -4.056023538019964264e-02 -4.536521677537668218e+00 6.771557720689898030e-01 4.327823573396046702e-02 7.345659012367754537e-01 6.704075909363642438e+01
7.293350001394536264e-01 -1.441696598773815376e-02 -6.840048244547899392e-01 -3.583022346487542364e+01 -1.874816845749753200e-02 9.989813284072521782e-01 -4.104645788504501791e-02 -4.593378264113129106e+00 6.838998253574789521e-01 4.276045584076289957e-02 7.283217565378824476e-01 6.781914951208923981e+01
7.227726288113156539e-01 -1.633740412782197504e-02 -6.908927610842590106e-01 -3.661388049005414302e+01 -1.774013790456857934e-02 9.989524871868550315e-01 -4.218075247359086288e-02 -4.660216310986419863e+00 6.908581779840898829e-01 4.274362600375624516e-02 7.217256883806709711e-01 6.863130438482889417e+01
7.169073909957839330e-01 -1.634962609617374163e-02 -6.969766662998103657e-01 -3.741799540014276459e+01 -1.864807865440869933e-02 9.989175677450422564e-01 -4.261387149165100224e-02 -4.720119600103105384e+00 6.969189691647315055e-01 4.354747492143810211e-02 7.158264991681941858e-01 6.943826046064756952e+01
7.112839251119971173e-01 -1.494637592916636497e-02 -7.027458818709391153e-01 -3.821191497008167204e+01 -2.001188066196120385e-02 9.989380333927806443e-01 -4.150096514590332492e-02 -4.791512402313087726e+00 7.026198903601571510e-01 4.358223589993327762e-02 7.102294612216734082e-01 7.023075870816819588e+01
7.062988049651053313e-01 -1.485904967981403930e-02 -7.077578663550795346e-01 -3.900121059126023937e+01 -2.042591255601153982e-02 9.989356654142784731e-01 -4.135599708499473198e-02 -4.850380367907253465e+00 7.076190982039164412e-01 4.366629139621346772e-02 7.052435580545581839e-01 7.104047337988306765e+01
7.017900277003404907e-01 -1.552013257657314238e-02 -7.122147660896575028e-01 -3.983629181695901877e+01 -2.063489980357923609e-02 9.989002795508252763e-01 -4.210026673027282562e-02 -4.910360286578870692e+00 7.120849429541634690e-01 4.424202748176091216e-02 7.006979994661779454e-01 7.182767464343584152e+01
6.965139624970702048e-01 -1.764804615774479002e-02 -7.173261719189298891e-01 -4.068149819278732338e+01 -2.056245284241076110e-02 9.987960164660250051e-01 -4.453878151182664308e-02 -4.976809212475719058e+00 7.172485578651194293e-01 4.577186857967753542e-02 6.953124850359401199e-01 7.262374329347487389e+01
6.918604873271344546e-01 -1.967319991432429915e-02 -7.217631339839504223e-01 -4.150956096556880226e+01 -2.082962959954616500e-02 9.986688464614474903e-01 -4.718751604987835024e-02 -5.040578244032671407e+00 7.217306983203218840e-01 4.768123640620618164e-02 6.905297303275534926e-01 7.338878026527319776e+01
6.865855391627189164e-01 -2.003313576303762666e-02 -7.267729776600238001e-01 -4.235767437983391659e+01 -2.188488550039137739e-02 9.985978940784446811e-01 -4.820059920082502003e-02 -5.110967974854550455e+00 7.267195866465335774e-01 4.899917761612436473e-02 6.851844516405544150e-01 7.419301153634562240e+01
6.815168562423904453e-01 -1.990706712231883960e-02 -7.315315942520260739e-01 -4.321014901051952251e+01 -2.082827918243184556e-02 9.986973172792965592e-01 -4.658166247205287880e-02 -5.180816687812525245e+00 7.315059575854307994e-01 4.698273224482366756e-02 6.802144270755905442e-01 7.497622835069029179e+01
6.765906995718686812e-01 -1.960917368933378160e-02 -7.360981561566024567e-01 -4.409914268043453944e+01 -2.099230445867382097e-02 9.987254148368359674e-01 -4.590064211442419773e-02 -5.251695618422347778e+00 7.360600227304868737e-01 4.650834395871501076e-02 6.753166863843379497e-01 7.576560770016537560e+01
6.715134019134951782e-01 -2.097441219091182585e-02 -7.406954940493947204e-01 -4.493980764765495906e+01 -1.915301922979590482e-02 9.987740248556606915e-01 -4.564656786722637305e-02 -5.328081522045381213e+00 7.407448424952836064e-01 4.483883689117278831e-02 6.702884208842998515e-01 7.653547671403416075e+01
6.666252393062620518e-01 -2.168345119368053284e-02 -7.450775852044022596e-01 -4.583897023500419721e+01 -1.894677346817489477e-02 9.987609140378721495e-01 -4.601800076867963024e-02 -5.391250926336194738e+00 7.451522119595164195e-01 4.479357677044270430e-02 6.653884029292674862e-01 7.732090245915190962e+01
6.623783684011846917e-01 -2.219178870604797404e-02 -7.488407115013248072e-01 -4.673188574918950167e+01 -1.849777939799507331e-02 9.987719800070163911e-01 -4.596046277632414440e-02 -5.451441017311474013e+00 7.489410779388652184e-01 4.429510639559412072e-02 6.611544567521023819e-01 7.805315630369646840e+01
6.584065455343912632e-01 -2.307894023379717871e-02 -7.523085622535623518e-01 -4.762593360878236837e+01 -1.740958570220686730e-02 9.987953741474508984e-01 -4.587708505769173134e-02 -5.527666068518900744e+00 7.524611194005865755e-01 4.330315323500619901e-02 6.572116182474220247e-01 7.885790502421407666e+01
6.544294540512798353e-01 -2.607948641596325584e-02 -7.556731697621140720e-01 -4.854011646210432929e+01 -1.386923447358158305e-02 9.988228398120007068e-01 -4.648202903297002364e-02 -5.595509528467150773e+00 7.559958618861883917e-01 4.089981699115687042e-02 6.532973842922820129e-01 7.963291115124292219e+01
6.501346960668302755e-01 -3.023876586261635413e-02 -7.592170199354525417e-01 -4.944805473016465669e+01 -1.109548844860161650e-02 9.987234028027800470e-01 -4.927935511381962425e-02 -5.672807500548256776e+00 7.597379656122419389e-01 4.046210196093734390e-02 6.489692231157739855e-01 8.041462175821187941e+01
6.453243826498701319e-01 -3.437731873119901499e-02 -7.631347393252461142e-01 -5.033740083591919046e+01 -7.473442204906765446e-03 9.986549839250055127e-01 -5.130663451005468279e-02 -5.748534114532533934e+00 7.638721085499354801e-01 3.881266532133256092e-02 6.441994951396232683e-01 8.116206574377326888e+01
6.387936008707639779e-01 -3.750342740715843781e-02 -7.684635433979183361e-01 -5.125706724542028780e+01 -2.967163403824116599e-03 9.986837362039155952e-01 -5.120538033794995447e-02 -5.830763315442455408e+00 7.693724332097545693e-01 3.498982586720772447e-02 6.378415022541636947e-01 8.193351611226751174e+01
6.307811633637132598e-01 -4.123488645500105604e-02 -7.748643733129381150e-01 -5.217907786775090528e+01 2.155933312118154307e-03 9.986763270488437927e-01 -5.139013257630123399e-02 -5.917897818500779117e+00 7.759577859897576202e-01 3.074537132946211088e-02 6.300351161452617532e-01 8.269890821466998432e+01
6.215842820039649830e-01 -4.233771865412944840e-02 -7.822023310469026214e-01 -5.312742906310716506e+01 4.358997649033129196e-03 9.987098641245665265e-01 -5.059255299628549751e-02 -5.993153682178053998e+00 7.833351705699851397e-01 2.803791720923092673e-02 6.209669049291882681e-01 8.344841775054241850e+01
6.128015953521773751e-01 -4.137728962533227667e-02 -7.891527819130140786e-01 -5.410336808696571609e+01 5.749053327181586140e-03 9.988352480020126212e-01 -4.790715721925593168e-02 -6.044890618712016384e+00 7.902158966127754702e-01 2.482070051293807159e-02 6.123257148155073493e-01 8.417617815190058650e+01
6.040256295255765906e-01 -4.145990443707719270e-02 -7.958857352552457520e-01 -5.510647075506501125e+01 6.040030468143352260e-03 9.988553921665863644e-01 -4.744916806108766955e-02 -6.130677143596678036e+00 7.969420099588386819e-01 2.385333907102887147e-02 6.035846772553415951e-01 8.490917851260277871e+01
5.944693968514876969e-01 -4.210016397626123452e-02 -8.030153800453613266e-01 -5.607776525565171255e+01 4.055799610549027691e-03 9.987727799047354527e-01 -4.936075962972622660e-02 -6.200808677502331889e+00 8.041080134075250241e-01 2.608659110748327847e-02 5.939106030108083356e-01 8.561680674314993666e+01
5.842258740225607649e-01 -4.455677442994646076e-02 -8.103670834652398902e-01 -5.707059891962008180e+01 5.135215882433065253e-03 9.986747865859051387e-01 -5.120839943263994637e-02 -6.292327917618958821e+00 8.115748692670043951e-01 2.575586155898301408e-02 5.836804598439103708e-01 8.635402145763809756e+01
5.746317318439243538e-01 -4.544072673678118540e-02 -8.171496196623168062e-01 -5.810520765933660670e+01 4.416421958668225768e-03 9.986150399592838012e-01 -5.242611144867626721e-02 -6.360780363197584109e+00 8.184001948420489558e-01 2.651682925487341969e-02 5.740365764206603050e-01 8.704125204233510260e+01
5.644269204804643891e-01 -4.672603584433701607e-02 -8.241595213427841404e-01 -5.910015843029425042e+01 7.557194590340305003e-03 9.986473316198158923e-01 -5.144313200987840617e-02 -6.443124541518421289e+00 8.254484547202467493e-01 2.280755422835641436e-02 5.640165569279704805e-01 8.773722350754846389e+01
5.539038849557726962e-01 -4.716717863626639085e-02 -8.312434847274471350e-01 -6.014130246481180819e+01 9.609954703296702538e-03 9.986896850334705533e-01 -5.026491567686704187e-02 -6.525465992099489299e+00 8.325251626029968044e-01 1.985371932688092048e-02 5.536313720163047458e-01 8.842779811859183781e+01
5.438254423791861747e-01 -4.774494693775466897e-02 -8.378390630005447814e-01 -6.117650094759488866e+01 1.058130023432968247e-02 9.986910050715802623e-01 -5.004310584465238715e-02 -6.609847328039296421e+00 8.391316558628800770e-01 1.834928697398938158e-02 5.436187824216697217e-01 8.910995379028589980e+01
5.333638854032058951e-01 -4.807378855567619874e-02 -8.445187171637371648e-01 -6.223564049969419898e+01 8.780234611444148393e-03 9.986445833300631181e-01 -5.130208218047690311e-02 -6.688308396200119077e+00 8.458403424955374117e-01 1.994760489407055096e-02 5.330630554233509732e-01 8.976494350807166711e+01
5.234264185241020995e-01 -4.887845006576203161e-02 -8.506677779100477732e-01 -6.330428210562237012e+01 8.129489460516793262e-03 9.985943463636225426e-01 -5.237597524085812334e-02 -6.765208840742793051e+00 8.520321048796469787e-01 2.049947388653115127e-02 5.230880203080604529e-01 9.037994616207801357e+01
5.134186150417332506e-01 -4.927537670850395957e-02 -8.567223877492047279e-01 -6.439929620787275155e+01 5.631063205015385265e-03 9.985219981037967152e-01 -5.405654820565031216e-02 -6.850173445901881486e+00 8.581198220492949336e-01 2.292937970157600536e-02 5.129372553118223266e-01 9.102877047336765770e+01
