1.000000000000000000e+00 4.398956837314658088e-19 2.733407509747682871e-20 -8.673617379884035472e-19 -5.583667658079949532e-19 1.000000000000000000e+00 -6.100159232558060012e-19 0.000000000000000000e+00 4.145284534913582806e-20 -2.210423569125054137e-19 1.000000000000000222e+00 0.000000000000000000e+00
9.998965055589312811e-01 2.809235044763970512e-04 1.438399350376052925e-02 -9.167208450333025338e-02 -2.773065360696618637e-04 9.999999294318622223e-01 -2.534520113524019137e-04 -9.801911330900206498e-03 -1.438406393865490109e-02 2.494370204795760739e-04 9.998965128797687729e-01 1.487433847623625960e-02
9.995474471913139425e-01 1.546005831106611952e-03 3.004181590634403751e-02 -1.084809318789521637e-01 -1.535142495434031664e-03 9.999987476844184320e-01 -3.846687587185972914e-04 -1.560663048750775272e-02 -3.004237350530876080e-02 3.383762374216627749e-04 9.995485687394568552e-01 2.322027067572235426e-02
9.979520669461390270e-01 5.130478305826252292e-03 6.376009943129613833e-02 4.610198355261257291e-03 -5.213472415938652689e-03 9.999857652423976839e-01 1.135353492848360400e-03 7.048008081588050255e-03 -6.375336801833930700e-02 -1.465439842396303559e-03 9.979646088582357910e-01 4.206707334998228687e-01
9.954113971545575090e-01 4.053978624222394009e-03 9.560186002284264128e-02 1.695307900200507950e-02 -4.351561191561911617e-03 9.999863139649440846e-01 2.904445816337791492e-03 1.440350805136255546e-02 -9.558877870368673313e-02 -3.307135756235353961e-03 9.954154149217434577e-01 5.483789293572094437e-01
9.908672960843365463e-01 1.716691665510635323e-03 1.348297236883009564e-01 1.614512186217385847e-01 -2.377114286586398759e-03 9.999859532668382567e-01 4.737362125386351645e-03 1.490032621374106497e-02 -1.348196995110814145e-01 -5.014602783782527544e-03 9.908574582198063085e-01 8.235377817941205159e-01
9.851274986625583319e-01 -2.537800062435228206e-03 1.718062009385781796e-01 1.428220439965303679e-01 1.548661575130902976e-03 9.999814482442231922e-01 5.891078875712369919e-03 -1.769533652999510931e-02 -1.718179669819727140e-01 -5.537394024065721808e-03 9.851131527711642910e-01 8.963549677958034811e-01
9.764297380581576924e-01 -2.679403333389651296e-03 2.158188752815617395e-01 2.627558876059244986e-01 1.276604244983837446e-03 9.999771465251661162e-01 6.639028908574222745e-03 -4.584555824247507627e-03 -2.158317354377584096e-01 -6.207029818818458541e-03 9.764108434816510806e-01 1.161575495325783303e+00
9.648095238890174175e-01 -2.679365217285058394e-03 2.629361191984200263e-01 3.401373356200385611e-01 2.689393582733710362e-06 9.999481847008087065e-01 1.017977913439945155e-02 3.106108717798386487e-03 -2.629497749747682911e-01 -9.820840562629941720e-03 9.647595388335977740e-01 1.326258174864218820e+00
9.503774266069817678e-01 -6.214743692250738506e-03 3.110371725497607098e-01 5.173506307418140882e-01 1.031083647394314719e-03 9.998578779113169723e-01 1.682738355100538499e-02 2.473333079236909871e-02 -3.110975505450292444e-01 -1.567165997999726487e-02 9.502487644692588775e-01 1.619506831418044968e+00
9.335359085029327764e-01 -1.586755207853816907e-02 3.581325545128569154e-01 6.319049364849488315e-01 7.438529627615861339e-03 9.996622333245334113e-01 2.490155652961579050e-02 6.829064385072830534e-04 -3.584067222017060517e-01 -2.058251742009223340e-02 9.333386219406131223e-01 1.810890335408971152e+00
9.123649347688189692e-01 -2.159703161419767106e-02 4.088077686325403692e-01 8.074768835426522351e-01 1.023228206264323488e-02 9.994985224447118233e-01 2.996671490885754671e-02 -6.302986661374174182e-03 -4.092499598651943016e-01 -2.315754330483256115e-02 9.121283905821859772e-01 2.048937865313237072e+00
8.875500484056140227e-01 -2.356057991752323263e-02 4.601084737249634959e-01 9.974660860806052742e-01 8.978565800246862683e-03 9.993864073870314391e-01 3.385548778316817276e-02 -3.632633062455564721e-03 -4.606238174408541775e-01 -2.591732539782428194e-02 8.872169938291540880e-01 2.281200050270212554e+00
8.591585739610144712e-01 -2.547558799598036855e-02 5.110748823191267887e-01 1.155705618943285939e+00 6.915034438008018335e-03 9.992467683027946856e-01 3.818479149720603594e-02 2.915368970422940742e-02 -5.116627133659275017e-01 -2.927269036105258765e-02 8.586875923474880379e-01 2.507998215533736364e+00
8.269998534948787006e-01 -3.077576506836267323e-02 5.613591451491036777e-01 1.406518221216426889e+00 8.030088050174187184e-03 9.990453246511845631e-01 4.294131971311620360e-02 2.672911223399684899e-02 -5.621447910829509009e-01 -3.100470147337733989e-02 8.264574684434995433e-01 2.754699044288686061e+00
7.914357120514642352e-01 -3.656960856418792205e-02 6.101574974532141260e-01 1.604744531330686508e+00 1.027234553593829418e-02 9.988634998003286247e-01 4.654232092063587817e-02 2.451216728027053038e-02 -6.111660983465561081e-01 -3.056750592107642522e-02 7.909119000125414134e-01 2.941987622345119124e+00
7.538540922337961803e-01 -4.109699892273772914e-02 6.557553183922439910e-01 1.873284809737329359e+00 1.136000418810282318e-02 9.987079881458093000e-01 4.953084560639002543e-02 3.457638693612996583e-02 -6.569436552023881770e-01 -2.988964710107896994e-02 7.533469649768301801e-01 3.138687193315701229e+00
7.136122174558150455e-01 -4.424460887950134452e-02 6.991423388474063971e-01 2.193952536313979795e+00 1.230183937294737455e-02 9.986411191749774430e-01 5.064168032510083656e-02 4.220176515565085551e-02 -7.004329211696297408e-01 -2.753778458508267246e-02 7.131867925940859054e-01 3.398761079241599425e+00
6.725115343853659278e-01 -4.625187104755089373e-02 7.386399609020336543e-01 2.478213169899482704e+00 1.149307712625373054e-02 9.985775914554574362e-01 5.206441170329505208e-02 5.133171078290962863e-02 -7.399974023541107115e-01 -2.652467085455599907e-02 6.720865235237847291e-01 3.566324757824305358e+00
6.296613276709558393e-01 -4.656084349219987567e-02 7.754732043123110374e-01 2.828998099071140082e+00 7.238627155011756117e-03 9.985106461337502903e-01 5.407487201866707088e-02 8.512489202697623436e-02 -7.768360353744157010e-01 -2.843549378521425045e-02 6.290605746429573930e-01 3.817909440604861704e+00
5.877912164517687943e-01 -4.743723800491565779e-02 8.076206929784270905e-01 3.149334753658902919e+00 4.327722654603638648e-03 9.984495185585002819e-01 5.549621301901533355e-02 1.031642327607720927e-01 -8.090010931284229434e-01 -2.912502763215823673e-02 5.870851511625677643e-01 4.011465427694480113e+00
5.476893917484311203e-01 -4.846076640838256622e-02 8.352771234063094408e-01 3.538333585982242457e+00 2.110812363448704831e-03 9.983980696487532169e-01 5.654059557392353969e-02 1.250247470534542604e-01 -8.366790826856480567e-01 -2.920357053273189840e-02 5.469143219086740615e-01 4.214774268843366478e+00
5.090493358068393093e-01 -5.109049652976993539e-02 8.592197173869150495e-01 3.977736994228183942e+00 1.250671090972588911e-03 9.982796888484892772e-01 5.861824467089662982e-02 1.335460520695595510e-01 -8.607364422288358297e-01 -2.876497663510783204e-02 5.082375087663481006e-01 4.427958401639902064e+00
4.717695706674496781e-01 -5.099397788662663605e-02 8.802460301594001724e-01 4.361023820780435933e+00 -1.704319146556070811e-03 9.982715776344083247e-01 5.874480864323902013e-02 1.591306047137575341e-01 -8.817202399472479080e-01 -2.921423267684836872e-02 4.708672423493278081e-01 4.630037151691622554e+00
4.358157906222748790e-01 -5.033505854735020879e-02 8.986272670704399390e-01 4.824607466565983493e+00 -2.985747259826262469e-03 9.983485892934466088e-01 5.736880277758266838e-02 1.848118458707068146e-01 -9.000309419862662086e-01 -2.768530336691310892e-02 4.349457907424528758e-01 4.798024419023451337e+00
4.024116634887420219e-01 -4.904126664207235364e-02 9.141442956820264865e-01 5.340339112039069747e+00 -1.621566288081068615e-03 9.985243373125246569e-01 5.428184117883894794e-02 2.015999632581550460e-01 -9.154573931311196233e-01 -2.332599084847241863e-02 4.017383146707326214e-01 4.993919475783547668e+00
3.723192795379338671e-01 -4.735243949412826225e-02 9.268959414037311051e-01 5.843156040752471192e+00 2.237810253975061104e-04 9.987021533069603274e-01 5.093092250443288088e-02 2.250664611908159973e-01 -9.281046920506662579e-01 -1.875514186330416375e-02 3.718466614745459808e-01 5.170229568532525910e+00
3.464023546030057243e-01 -4.540416803930318740e-02 9.369865823616351230e-01 6.384586881546927550e+00 1.125297629158459201e-03 9.988473851942515358e-01 4.798577666986220819e-02 2.486641862178124440e-01 -9.380853682500199797e-01 -1.556799642077724005e-02 3.460541780131046741e-01 5.353494918018772530e+00
3.260851897283141287e-01 -4.485432628856070997e-02 9.442756607400877300e-01 6.963661926606252273e+00 2.232893269170523661e-03 9.989074771406822872e-01 4.667832758688113953e-02 2.709219931801343795e-01 -9.453377592876709423e-01 -1.311264368380342035e-02 3.258290878072198082e-01 5.533374374688444952e+00
3.112869034283224923e-01 -4.539118720921181405e-02 9.492313146487182385e-01 7.549058621728787166e+00 3.398077373233412274e-03 9.989054137388393428e-01 4.665219649309229610e-02 3.028200024819849290e-01 -9.503099141216330148e-01 -1.129665545251785225e-02 3.111004144990917042e-01 5.716097262778276011e+00
2.986975784808170720e-01 -4.694302931401056478e-02 9.531925793321563978e-01 8.156187699168370386e+00 4.328189041203447419e-03 9.988458705129170667e-01 4.783506768339661208e-02 3.206955814340091693e-01 -9.543380111684999223e-01 -1.016262031124785456e-02 2.985560197695467100e-01 5.922357495690989460e+00
2.885946594473590143e-01 -4.884550936532969928e-02 9.562045928178033449e-01 8.789774005826226144e+00 3.242739988708405637e-03 9.987419635260337270e-01 5.003973311598375329e-02 3.518819196018731499e-01 -9.574458853834209027e-01 -1.134047597625566749e-02 2.883899887888657920e-01 6.094588497064921562e+00
2.782307239528007958e-01 -5.049329203852808562e-02 9.591861530316623252e-01 9.467193582046190770e+00 1.533502734992661090e-03 9.986393720169441934e-01 5.212535840008420546e-02 3.846124566554199875e-01 -9.605130550743877782e-01 -1.303196073470338189e-02 2.779295857044304929e-01 6.276626377508157439e+00
2.677280512240820531e-01 -5.222127721144786960e-02 9.620782780749029817e-01 1.015795288238351191e+01 7.887353133756159736e-04 9.985416509992175449e-01 5.398100663053620463e-02 4.127762769556470035e-01 -9.634942059611143472e-01 -1.369340371695610889e-02 2.673787977086310441e-01 6.466600939519507207e+00
2.573464839898914613e-01 -5.427131481580491773e-02 9.647939654717013758e-01 1.086113535550771658e+01 -6.148353038665455234e-05 9.984206954574541548e-01 5.617927608405110657e-02 4.435941991672583962e-01 -9.663192018764871216e-01 -1.451685723564757370e-02 2.569367173781987868e-01 6.672121509892599001e+00
2.471557620818354561e-01 -5.590552604540627302e-02 9.673616622399010545e-01 1.158560142550068939e+01 -5.038434986407816811e-04 9.983266783942742473e-01 5.782377803290573992e-02 4.696983760604499514e-01 -9.689756405632040659e-01 -1.477887793149153250e-02 2.467140220173749676e-01 6.839939740979787075e+00
2.364524229338912098e-01 -5.704037273532850533e-02 9.699673353307559642e-01 1.238303867404425240e+01 -1.246111821772279832e-03 9.982567472524116470e-01 5.900774295105150336e-02 5.026732941401830246e-01 -9.716422775709113724e-01 -1.516121067601556953e-02 2.359691465596636673e-01 7.040747557112236876e+00
2.267744165589664351e-01 -6.004634289285649268e-02 9.720945348345799708e-01 1.312874849256187382e+01 -2.227236766808749803e-03 9.980630893194725184e-01 6.217000168758612944e-02 5.358378762159375919e-01 -9.739447726359157231e-01 -1.626364967394422142e-02 2.262014359887077886e-01 7.220223388353699256e+00
2.156512657630566265e-01 -6.352752114117724003e-02 9.744017495331831480e-01 1.389192274351406198e+01 -4.270581920255602480e-03 9.978105605925752242e-01 6.599884282122030210e-02 5.836825400634484406e-01 -9.764611157180008716e-01 -1.839399562653478565e-02 2.149078095393979482e-01 7.381518753931367804e+00
2.023293274444566969e-01 -6.745299937068273410e-02 9.769917706328008489e-01 1.468547982297987531e+01 -4.233098312520632879e-03 9.975555630271599750e-01 6.974940501849234697e-02 6.198924027071088805e-01 -9.793083993400714116e-01 -1.824805155316391175e-02 2.015492096136007605e-01 7.546869261521867323e+00
1.901899425480969574e-01 -6.988662851532256859e-02 9.792566714427569652e-01 1.547112878788484203e+01 -5.241876077680019883e-03 9.973765545548751721e-01 7.219786081137853639e-02 6.606295680463235565e-01 -9.817333270489092545e-01 -1.886444825071043399e-02 1.893246511961255985e-01 7.698851729811534206e+00
1.764279909051786055e-01 -7.056313702035325874e-02 9.817810302046353632e-01 1.629040438285539238e+01 -5.856316610255715184e-03 9.973342265082353331e-01 7.273337705334721737e-02 6.997716607424322444e-01 -9.842961366376118404e-01 -1.858182326415759589e-02 1.755444324015482116e-01 7.845441724354096813e+00
1.620351642510909074e-01 -6.980639561580345709e-02 9.843127836826568444e-01 1.707065158851840536e+01 -7.413405230378565698e-03 9.973804353970981973e-01 7.195351597163690549e-02 7.350227806695144306e-01 -9.867571454277176413e-01 -1.895610844202349349e-02 1.610931981976068128e-01 7.972492908100234033e+00
1.452919050206032126e-01 -6.863412051069507636e-02 9.870053713963222730e-01 1.787709264797629416e+01 -8.755225485005721509e-03 9.974627349033826640e-01 7.065011295802302305e-02 7.730696011835478387e-01 -9.893501025987785358e-01 -1.890634320350638789e-02 1.443223523618692994e-01 8.094246800755222182e+00
1.242036982733518286e-01 -6.732699573002749738e-02 9.899699491283650010e-01 1.868564244316571532e+01 -1.122026253400527918e-02 9.975362855769077663e-01 6.924929334027637995e-02 8.159375683134519885e-01 -9.921933099267282730e-01 -1.970874018952803106e-02 1.231422678803888171e-01 8.183976695793219847e+00
9.988866827853189190e-02 -6.598077904570708030e-02 9.928085282717763471e-01 1.951571176147278663e+01 -1.562632585594190757e-02 9.975718236430674013e-01 6.786954093293631751e-02 8.573589702629930143e-01 -9.948759164687958068e-01 -2.229334677928593300e-02 9.861508243613650859e-02 8.265665526584456302e+00
6.914600590251984702e-02 -6.547445044140866310e-02 9.954556289122837853e-01 2.034970431988535822e+01 -1.968671455812013790e-02 9.975600571371634473e-01 6.698033783694316845e-02 8.984120750508285402e-01 -9.974122921162862365e-01 -2.422867281312604190e-02 6.768831539254624441e-02 8.326643140344090810e+00
3.623524889265439947e-02 -6.536988733146080477e-02 9.972029720091589722e-01 2.118713989660194841e+01 -2.245749444744267465e-02 9.975530293830001671e-01 6.620887026086583194e-02 9.378645547599615551e-01 -9.990909293064511587e-01 -2.479377425594453746e-02 3.467853702942260558e-02 8.339141274922438285e+00
1.734524573749914207e-03 -6.458810417315377639e-02 9.979104924608731553e-01 2.202742608570725125e+01 -2.443055599165447345e-02 9.976114169847009050e-01 6.461121134537774202e-02 9.734924854677653450e-01 -9.997000333476604439e-01 -2.449157704438396574e-02 1.524568291764697597e-04 8.341373434912528140e+00
-3.246380593626124744e-02 -6.356126717674463744e-02 9.974497728324652757e-01 2.288013118938352619e+01 -2.560439935491587438e-02 9.977011636914068227e-01 6.274394555232581938e-02 1.004631027698442924e+00 -9.991449010477998494e-01 -2.350219418636433077e-02 -3.401662642158510136e-02 8.291261910939089930e+00
-6.530807458147316891e-02 -6.157512236350391743e-02 9.959635246374678452e-01 2.372488334330229165e+01 -2.808659879143464780e-02 9.978123044564838340e-01 5.984770717407069535e-02 1.035726252510450918e+00 -9.974698068184379984e-01 -2.406468854676242775e-02 -6.689463754596589040e-02 8.234384720753329390e+00
-9.772140691672767665e-02 -5.845884005221414076e-02 9.934953816687442929e-01 2.453787048507610180e+01 -2.977605110659891155e-02 9.979981496860855783e-01 5.579498206091269841e-02 1.077357096313250162e+00 -9.947682797653102371e-01 -2.413000425773613802e-02 -9.926645808428516404e-02 8.159780326512052540e+00
-1.295818601252344271e-01 -5.415963987762353882e-02 9.900885100614637002e-01 2.537263762211375706e+01 -2.688980039484720544e-02 9.983319197657344324e-01 5.109125786752205522e-02 1.102350296723986878e+00 -9.912040642624604381e-01 -2.000278128808552838e-02 -1.308220504750833846e-01 8.037294574524954882e+00
-1.613647561676272990e-01 -4.871668294597838317e-02 9.856916775542218234e-01 2.621109449355386900e+01 -2.282857865592059082e-02 9.986978831583799288e-01 4.562229923802756104e-02 1.118161140681361410e+00 -9.866307759799314292e-01 -1.514010786910938676e-02 -1.622667744079309415e-01 7.888858347033492535e+00
-1.920301649751459672e-01 -4.260588883273041388e-02 9.804637357117870211e-01 2.707716272255134982e+01 -1.647982302834694393e-02 9.990562992575340306e-01 4.018614630998269127e-02 1.137092497437345306e+00 -9.812506548232922121e-01 -8.440915559022313039e-03 -1.925510848461059465e-01 7.695492659287254789e+00
-2.212093662538403838e-01 -3.691656218512909954e-02 9.745273556717786168e-01 2.790310318065881034e+01 -1.088302523012482127e-02 9.993144893214527258e-01 3.538518327834880295e-02 1.147936558003804786e+00 -9.751656229655135677e-01 -2.778270800357036073e-03 -2.214594901137030836e-01 7.504084400892436335e+00
-2.486178701225462140e-01 -3.035200374903543677e-02 9.681259700793936052e-01 2.869222190300134656e+01 -1.922718810223970291e-03 9.995224056727376460e-01 3.084256310414463728e-02 1.175683665912668818e+00 -9.685997489757270928e-01 5.806579436910617141e-03 -2.485574913638864403e-01 7.279386992667332024e+00
-2.755436402612483349e-01 -2.001765445803075846e-02 9.610801108372440948e-01 2.952626194630712675e+01 4.178307573299346392e-03 9.997487773763813479e-01 2.202098689217630093e-02 1.168770900418420577e+00 -9.612794909299767765e-01 1.008343232637525649e-02 -2.753907788963202985e-01 7.036455204269129737e+00
-3.003107524976358356e-01 -5.029672032871810097e-03 9.538281491843282334e-01 3.029913302286807664e+01 8.353881736370319389e-03 9.999338754546455155e-01 7.902996972887984389e-03 1.162682215567931276e+00 -9.538048437381602129e-01 1.034152364088985337e-02 -3.002488786400204779e-01 6.759013253432434531e+00
-3.246568709116272600e-01 1.170911080335775879e-02 9.457593758345524959e-01 3.107149652618899793e+01 8.864024532685761681e-03 9.999171231107349955e-01 -9.336806965951073914e-03 1.128843030731742969e+00 -9.457903363271537023e-01 5.351976830960347015e-03 -3.247337555351944016e-01 6.461759978420776207e+00
-3.499266336449139980e-01 2.633103022459537187e-02 9.364069693656755788e-01 3.186305288147427817e+01 7.846110635084077231e-03 9.996522076420329972e-01 -2.517741625922841064e-02 1.099853967514993647e+00 -9.367442577038072038e-01 -1.463094857585082445e-03 -3.500115293298823316e-01 6.189523028814693184e+00
-3.745831516627687319e-01 3.713974093929452852e-02 9.264491819802004313e-01 3.260860049675995498e+01 1.146448299235778776e-02 9.993065724301586350e-01 -3.542513094991904532e-02 1.064837257299666273e+00 -9.271224528110825203e-01 -2.648395357233797234e-03 -3.747491946114736572e-01 5.879426859707327147e+00
-3.982534832691436710e-01 4.182732707266508670e-02 9.163212442869906882e-01 3.339835469300202675e+01 1.571995546324679235e-02 9.991243155972271417e-01 -3.877479785927745448e-02 1.015359373644694863e+00 -9.171406980954888155e-01 -1.037668203575256099e-03 -3.985622639155526059e-01 5.527703830278299257e+00
-4.207828924670688475e-01 4.121148273837368231e-02 9.062247824644488192e-01 3.411751375406133491e+01 1.772661158927664807e-02 9.991503625164173119e-01 -3.720645493494954825e-02 9.679578664674625132e-01 -9.069881687992181751e-01 4.084559687805574082e-04 -4.211559207737978205e-01 5.173718876880896822e+00
-4.411456380323910964e-01 3.793625305363342720e-02 8.966333432822778393e-01 3.487446333759525174e+01 2.202244151514024667e-02 9.992628912238560313e-01 -3.144338169508865272e-02 9.400381680620653047e-01 -8.971652865986230463e-01 5.874945692233923301e-03 -4.416559158886522729e-01 4.815293666320384247e+00
-4.594315900028004829e-01 3.672519131694043648e-02 8.874535820167178679e-01 3.559686455777943337e+01 2.927100287429218115e-02 9.992281590214711073e-01 -2.619722428533535763e-02 9.105687307141057119e-01 -8.877307224307309230e-01 1.394082502018663579e-02 -4.601519663060645304e-01 4.396520050556966375e+00
-4.732977485948366425e-01 3.732300088756380918e-02 8.801114820278365114e-01 3.629488128534084979e+01 3.272709484276693087e-02 9.991572941432529387e-01 -2.477173328831322463e-02 8.577484201358690497e-01 -8.802943776060038195e-01 1.707908745063373146e-02 -4.741203724404400299e-01 4.019171088657164326e+00
-4.845033141955178979e-01 4.052262172696054904e-02 8.738503543862651268e-01 3.698397776125250402e+01 3.539866406136765037e-02 9.990165327569882070e-01 -2.670022103559535273e-02 8.021662054859779456e-01 -8.740729292925791816e-01 1.799679065518846113e-02 -4.854612689622749278e-01 3.619411317137289696e+00
-4.943063770291273307e-01 4.321409301560233396e-02 8.682129543810639394e-01 3.769617622218655129e+01 3.687202660938111026e-02 9.989070215360794647e-01 -2.872657166268267892e-02 7.597160514688247046e-01 -8.685054241111155315e-01 1.781304468766060217e-02 -4.953595032163542466e-01 3.231837026867292906e+00
-5.051335141853999788e-01 4.248963542867652959e-02 8.619946347096062444e-01 3.839313648675449286e+01 3.096391415857694882e-02 9.990365577570805566e-01 -3.109971433480751210e-02 7.012151716053720563e-01 -8.624855831307254306e-01 1.098122090963831420e-02 -5.059624938588267451e-01 2.841630249840783051e+00
-5.161634642398369444e-01 4.127085597954657098e-02 8.554951673483605079e-01 3.907794152423510070e+01 2.932335421731318767e-02 9.991043431069869252e-01 -3.050659652564227664e-02 6.895751118573233418e-01 -8.559879853838593400e-01 9.339598286867971388e-03 -5.169113600098126371e-01 2.409887474779486283e+00
-5.249276436025037684e-01 4.267554894689679773e-02 8.500763220935648734e-01 3.976195886226878429e+01 3.150803497271446180e-02 9.990320002005850242e-01 -3.069700724220355767e-02 6.497328435920990408e-01 -8.505634747539555507e-01 1.067052782420725883e-02 -5.257641376359377672e-01 1.990295536410861210e+00
-5.322338700740425477e-01 4.557101746528204045e-02 8.453699645286330000e-01 4.043343279133048185e+01 3.532917499079982898e-02 9.988759113602643236e-01 -3.160321248550922862e-02 5.982688382796284010e-01 -8.458598989583224759e-01 1.304592435258646044e-02 -5.332455796697378458e-01 1.552607105236978757e+00
-5.359407507674929239e-01 4.893215712252736715e-02 8.428363677204067095e-01 4.113057237438485458e+01 3.617151103239023280e-02 9.987331267538436252e-01 -3.498232771317840578e-02 5.676970157157035235e-01 -8.434803762440363784e-01 1.173821101082896633e-02 -5.370317330189732230e-01 1.098175471832746108e+00
-5.352950825799848156e-01 5.031323827480029681e-02 8.431653098277159808e-01 4.184436535410726066e+01 3.512417678030838042e-02 9.986868466739594608e-01 -3.729442886351105879e-02 5.135178401659618030e-01 -8.439345226010803724e-01 9.651964014872270806e-03 -5.363593703269656787e-01 6.637950418485492055e-01
-5.321367105009235932e-01 5.120346489690703884e-02 8.451086992463345826e-01 4.256990451110048213e+01 3.764827890434687546e-02 9.986132904993217929e-01 -3.679813947666740054e-02 4.786946473820894443e-01 -8.458209858804597303e-01 1.223524814031022936e-02 -5.333265149885587642e-01 1.986047187643967538e-01
-5.266979170392166454e-01 5.013196185731266796e-02 8.485729653428093489e-01 4.333239834453864603e+01 3.613928118460106587e-02 9.986774682024549543e-01 -3.656865867867998415e-02 4.339300845285662955e-01 -8.492839739284703260e-01 1.140618166122148690e-02 -5.278130765593198603e-01 -2.399968229615142279e-01
-5.193633029288360348e-01 4.885642670182921421e-02 8.531557864389383017e-01 4.407552677291216270e+01 3.407303504732540206e-02 9.987543620570639158e-01 -3.645205748397069984e-02 3.875125947447712327e-01 -8.538739952859735194e-01 1.013774704747213984e-02 -5.203810522353241597e-01 -6.944290298501261116e-01
-5.121747076272554766e-01 4.802729260282559420e-02 8.575374246647422538e-01 4.485937068743673706e+01 3.199125783260511890e-02 9.988092652674660510e-01 -3.683220032739002031e-02 3.407771940783898001e-01 -8.582852907974229950e-01 8.569180417832267943e-03 -5.131012981239524429e-01 -1.176849604551233774e+00
-5.058924313008399398e-01 4.656865698256384967e-02 8.613386062977682611e-01 4.567745361652132630e+01 2.912298283840725893e-02 9.988944806151118794e-01 -3.690079150981617762e-02 2.908266616986012187e-01 -8.621048150044607894e-01 6.416919297776669737e-03 -5.066893768241463869e-01 -1.623088046627884973e+00
-5.013220602902181966e-01 4.441716438188279131e-02 8.641199533943768607e-01 4.648785708684241058e+01 2.511091820862030449e-02 9.990077549648921362e-01 -3.678243139636847708e-02 2.499918094200225260e-01 -8.648963209389922691e-01 3.259002138929511551e-03 -5.019399829649927591e-01 -2.088689888945361783e+00
-5.002088560270380180e-01 4.168199443345213528e-02 8.649009759209591586e-01 4.731751924545145016e+01 2.040976937396237270e-02 9.991307881775631783e-01 -3.634706851852528842e-02 2.130493683499441460e-01 -8.656642270616684565e-01 -5.286951891147145897e-04 -5.006247896880036130e-01 -2.528271889639559511e+00
-5.003437234908323372e-01 3.897573860543106228e-02 8.649491526202430780e-01 4.815539384511507137e+01 1.750749548954824014e-02 9.992374671851411705e-01 -3.489945186548545214e-02 1.570049050554025438e-01 -8.656498474064425741e-01 -2.318627395917764906e-03 -5.006445637693598405e-01 -3.035610627945547702e+00
-5.012176525909797231e-01 3.778515087927710597e-02 8.644958840688353741e-01 4.900832248700625371e+01 1.596785040219580315e-02 9.992799411631866358e-01 -3.441840947159161002e-02 1.144153311861642597e-01 -8.651739159387427103e-01 -3.446972550964703518e-03 -5.014600952454689731e-01 -3.521932169138537017e+00
-5.019720603086679223e-01 3.714983297634309040e-02 8.640856016961862007e-01 4.987869658682547680e+01 1.602570201334129613e-02 9.993050657695971006e-01 -3.365356400981701912e-02 6.328078543674631185e-02 -8.647353582840785480e-01 -3.045569591947328535e-03 -5.022185761114830171e-01 -4.018331943771000780e+00
-5.014760872119022883e-01 3.640275680301559291e-02 8.644053214330652546e-01 5.075392122080682356e+01 1.576956827583910620e-02 9.993330341244830439e-01 -3.293641742864086841e-02 2.009161712553286794e-02 -8.650277839483908604e-01 -2.885526098350932236e-03 -5.017156767506546489e-01 -4.524959421310286167e+00
-5.018216375519710670e-01 3.587388652435204162e-02 8.642268769399065187e-01 5.164444767683247051e+01 1.609736029509203914e-02 9.993538709402824960e-01 -3.213589266038682779e-02 -2.951002412919578877e-02 -8.648213291779243139e-01 -2.214713951635852249e-03 -5.020748721029142381e-01 -5.037136683216902000e+00
-5.022957547243755982e-01 3.537210202664313463e-02 8.639720919487335893e-01 5.252903071515457611e+01 1.572711177507999866e-02 9.993713983564521675e-01 -3.177209580607780887e-02 -8.324789547505832832e-02 -8.645528584521847693e-01 -2.371202270155540071e-03 -5.025363130064719464e-01 -5.541965627234218594e+00
-5.023971618815643581e-01 3.375807735040192020e-02 8.639777025065804583e-01 5.341218860958255732e+01 1.403677700833521474e-02 9.994242822710752705e-01 -3.088807004206830728e-02 -1.297619332577319984e-01 -8.645230320481923636e-01 -3.390615471822488666e-03 -5.025817787490586275e-01 -6.046867007672354966e+00
-5.027168008505685792e-01 3.313339658019655298e-02 8.638159425824947224e-01 5.432202450125399906e+01 1.363932900349936264e-02 9.994448109170526173e-01 -3.039800337054366156e-02 -1.830563542568134916e-01 -8.643435654639003429e-01 -3.499716264976601796e-03 -5.028896164841336613e-01 -6.552944155409402782e+00
-5.021229012548634740e-01 3.225353989872554311e-02 8.641945890101082606e-01 5.521938479770106056e+01 1.244787472481148627e-02 9.994702908303189082e-01 -3.006972128434427100e-02 -2.287567746039449179e-01 -8.647066871341978489e-01 -4.341308813849749197e-03 -5.022584113905012027e-01 -7.068086771037419780e+00
-5.006092589942925386e-01 3.111186383750442347e-02 8.651141012525399576e-01 5.612827940127131399e+01 1.196500760680062336e-02 9.995071799111734379e-01 -2.902130038249444571e-02 -2.863519711030125259e-01 -8.655906773727938264e-01 -4.177233978810603564e-03 -5.007348036001068037e-01 -7.595866495087405745e+00
-4.987772088528926728e-01 2.868162004646450033e-02 8.662555321700128319e-01 5.701490823525976026e+01 1.230178718343296479e-02 9.995859096183601356e-01 -2.601298333153694714e-02 -3.420816586272774629e-01 -8.666429335927987587e-01 -2.318191098746615313e-03 -4.989235064132544473e-01 -8.086863452331691349e+00
-4.963256331663667975e-01 2.758727923956209860e-02 8.676979856258242307e-01 5.790874555696994008e+01 1.318290239623241475e-02 9.996192229572928856e-01 -2.424087776763810334e-02 -3.885142698550293483e-01 -8.680363410450429029e-01 -5.925902168858222796e-04 -4.965003253903700342e-01 -8.592941354020091183e+00
-4.931512309816765138e-01 2.684519755436956881e-02 8.695292893684503088e-01 5.880131521294274677e+01 1.253567450679413456e-02 9.996392717873068268e-01 -2.375253971018429985e-02 -4.423467668246279239e-01 -8.698532823024227589e-01 -8.134571158000395482e-04 -4.933098613018634948e-01 -9.127930697421490436e+00
-4.914163279295609699e-01 2.725908464957844252e-02 8.704980880166595103e-01 5.969348746646679160e+01 1.323357742205504006e-02 9.996283837589646781e-01 -2.383205380046647670e-02 -4.902522291575375224e-01 -8.708242518380832076e-01 -1.916555804130808181e-04 -4.915944460733070454e-01 -9.618992350171071237e+00
-4.906009685915146967e-01 2.770363443612478688e-02 8.709438469475473399e-01 6.056575787753224915e+01 1.322706160452791560e-02 9.996160907508355731e-01 -2.434575793650886263e-02 -5.367307840829176335e-01 -8.712839646116911085e-01 -4.240235674830171637e-04 -4.907790612471949476e-01 -1.009861061317635311e+01
-4.911550738199982891e-01 2.878218453729762885e-02 8.705964998805028054e-01 6.148288710188243300e+01 1.258897048342873769e-02 9.995841172939909924e-01 -2.594436841732501026e-02 -5.801991543369892090e-01 -8.709811845298809363e-01 -1.782793619122143708e-03 -4.913131502158008534e-01 -1.060582229162066703e+01
-4.937759368604748844e-01 3.059562384744494989e-02 8.690507570412807636e-01 6.234716427094434010e+01 1.154276025514267695e-02 9.995234111925964671e-01 -2.863066784699367512e-02 -6.263978290776676117e-01 -8.695125653719600889e-01 -4.105889398600222860e-03 -4.938937679498355271e-01 -1.109963489769145362e+01
-4.984340928631592060e-01 3.143259449297253205e-02 8.663575667631711053e-01 6.324920289376157712e+01 1.028704760668563457e-02 9.994865673512984827e-01 -3.034432920943333500e-02 -6.815878793618049825e-01 -8.668665665010821808e-01 -6.212385788842662154e-03 -4.985015303421240218e-01 -1.157895467773361275e+01
-5.037883510349105975e-01 3.006079197687244048e-02 8.633039051498717642e-01 6.413557583125684403e+01 1.036998112699580830e-02 9.995327586724193081e-01 -2.875287484500832838e-02 -7.222672572283469483e-01 -8.637648830264331723e-01 -5.532917317009368452e-03 -5.038646913575141051e-01 -1.208528311627513752e+01
-5.093645471548460257e-01 2.790174576612198046e-02 8.600983881368461370e-01 6.498128810217895079e+01 1.332376335871592564e-02 9.996101310560649988e-01 -2.453697609737004459e-02 -7.820639339383013144e-01 -8.604477018518563725e-01 -1.038517403874636294e-03 -5.095377192051991910e-01 -1.260264781510364251e+01
-5.146914403096675139e-01 2.572790143239014199e-02 8.569893716017223939e-01 6.583498631254856548e+01 1.059318394485746738e-02 9.996641955392995271e-01 -2.364911396805562116e-02 -8.273341840466098551e-01 -8.573100476614403664e-01 -3.093749572045349696e-03 -5.147911462263670135e-01 -1.310288523161002594e+01
-5.196354853673291752e-01 2.769233081334788668e-02 8.539391570406094090e-01 6.666406565834887488e+01 1.146862395126316270e-02 9.996106273433865708e-01 -2.543745949724584426e-02 -8.810125602730497496e-01 -8.543110938139221178e-01 -3.424698643629440001e-03 -5.197507476481108002e-01 -1.360151969569349539e+01
-5.243334300449992158e-01 2.997723896947084715e-02 8.509851973634998679e-01 6.749294582046817936e+01 1.179966324278525908e-02 9.995399575792092151e-01 -2.793995575254996921e-02 -9.241804757668876658e-01 -8.514312855406696023e-01 -4.608513196841715516e-03 -5.244459369471283772e-01 -1.415058270135612517e+01
-5.294801497917775990e-01 3.028721097634373347e-02 8.477814829125487339e-01 6.834848364627526962e+01 1.072520168218553220e-02 9.995215874553177171e-01 -2.900976109355659152e-02 -9.712942531363735199e-01 -8.482545330511636061e-01 -6.267464395735364985e-03 -5.295516774853273878e-01 -1.464895795453142924e+01
-5.333421223759940988e-01 3.077419982802246518e-02 8.453396454297323892e-01 6.917164735034756973e+01 9.677873629665646044e-03 9.994945973401605510e-01 -3.028016892670709614e-02 -1.019400111155454036e+00 -8.458442711311892070e-01 -7.968598449620743762e-03 -5.333703998555365811e-01 -1.515956509694216336e+01
-5.365282218629767730e-01 2.951746163678323209e-02 8.433659784868750009e-01 6.996674142108497563e+01 9.018949801468299776e-03 9.995315680982871376e-01 -2.924556207968939670e-02 -1.087400547461872202e+00 -8.438341883169617752e-01 -8.084793148429796072e-03 -5.365431126193435096e-01 -1.568148851648359887e+01
-5.392759796272893480e-01 2.345507058800682873e-02 8.418023904504757793e-01 7.082394888613762873e+01 1.117542558559154152e-02 9.997233544588055576e-01 -2.069599944547912893e-02 -1.125701835398623452e+00 -8.420549502778624795e-01 -1.753354494623701309e-03 -5.393889129123201620e-01 -1.622084934757542030e+01
-5.412735250450753099e-01 1.581336149759396750e-02 8.406978623844029164e-01 7.163134997410259075e+01 1.254686498551596183e-02 9.998637221550642495e-01 -1.072908553095583938e-02 -1.146338029722227647e+00 -8.407529713602321930e-01 4.740753599621640862e-03 -5.413981707494907036e-01 -1.673400842003197653e+01
-5.432803181326757436e-01 1.360430968085750945e-02 8.394411270934705183e-01 7.244528440355549037e+01 1.338805297328355716e-02 9.998819485819249175e-01 -7.539821961070637506e-03 -1.170267443252349437e+00 -8.394446184911156239e-01 7.142246398953649295e-03 -5.433983195197480409e-01 -1.725819916045409030e+01
-5.440064619384006317e-01 1.761441674417898659e-02 8.388961132809864552e-01 7.325627607837505195e+01 1.227243302869703012e-02 9.998397205894394846e-01 -1.303535571671765592e-02 -1.219850852025063270e+00 -8.389912802232549760e-01 3.203979580505112758e-03 -5.441354418330033305e-01 -1.776252742319881861e+01
-5.455323116300500041e-01 2.238922885634208812e-02 8.377906699279569214e-01 7.405142801357621352e+01 1.212935849135824556e-02 9.997493243353834380e-01 -1.881932869874818059e-02 -1.277252187313778542e+00 -8.380020209607751402e-01 -1.046875908177494018e-04 -5.456671281170264454e-01 -1.828607144022003794e+01
-5.459130234906366397e-01 2.805930111550511766e-02 8.373718610260363349e-01 7.485422819352507418e+01 1.893795041690218839e-02 9.995969572112137769e-01 -2.114892753188098856e-02 -1.302314532749379694e+00 -8.376278029674723014e-01 4.312632769684915900e-03 -5.462243840152459784e-01 -1.882341767743541183e+01
-5.457154274801734317e-01 2.910839271730331773e-02 8.374648415995591400e-01 7.565544175345777944e+01 2.266967395622394854e-02 9.995435444746545439e-01 -1.996969063122861626e-02 -1.339766172579980985e+00 -8.376638762521275705e-01 8.087287640945885203e-03 -5.461262116094620644e-01 -1.933947356095763936e+01
-5.456998001244177665e-01 2.596664353854926527e-02 8.375783239761909194e-01 7.641475037384107338e+01 2.205037162703463172e-02 9.996186400434056152e-01 -1.662394515408747303e-02 -1.376600013746622331e+00 -8.376905877121049171e-01 9.397230768381286889e-03 -5.460642673912821099e-01 -1.985780899645197550e+01
-5.447607720015230637e-01 2.101000032424257119e-02 8.383282581294883018e-01 7.723877838118839634e+01 1.995550502748261873e-02 9.997277978615576322e-01 -1.208751294344624118e-02 -1.407234894945225356e+00 -8.383540365592730970e-01 1.014446190382044775e-02 -5.450317533011579396e-01 -2.038377093372611526e+01
-5.438078452916699224e-01 1.549609431316837684e-02 8.390666753245191734e-01 7.803980343761796235e+01 1.889973637452313851e-02 9.998020642913054701e-01 -6.215478464362004553e-03 -1.428625166225491405e+00 -8.389969242448266362e-01 1.247811405561928717e-02 -5.439930795779847061e-01 -2.088101477104259729e+01
-5.435267266990346791e-01 8.606293970593630743e-03 8.393477326087047663e-01 7.887267337431350711e+01 9.720392834332017978e-03 9.999449207494705005e-01 -3.958461051652210211e-03 -1.458081674970443498e+00 -8.393355841817358165e-01 6.007261295542846123e-03 -5.435804473922568603e-01 -2.141263428209931874e+01
-5.417030468938291987e-01 3.653367989747598361e-03 8.405619840428204537e-01 7.966294826417312436e+01 1.405673472922623016e-03 9.999930937814129894e-01 -3.440417066132024203e-03 -1.487084236102129253e+00 -8.405687626011996150e-01 -6.821277928965471761e-04 -5.417044423973380596e-01 -2.188368130531118538e+01
-5.401193208409911239e-01 4.391671290412339779e-03 8.415769837509562423e-01 8.046538045225885583e+01 4.992922259209375650e-03 9.999855074040239211e-01 -2.013876998747743310e-03 -1.504565886795125706e+00 -8.415736459756851806e-01 3.114195544420251659e-03 -5.401334215655937410e-01 -2.238247318826229915e+01
-5.367693132897419783e-01 7.112788752769287105e-03 8.436990574789108299e-01 8.126622084861426742e+01 9.730630183928572555e-03 9.999501488449635822e-01 -2.239340152176832587e-03 -1.531124026873577737e+00 -8.436729406734529979e-01 7.007715440845825421e-03 -5.368117678221707711e-01 -2.290070756329359369e+01
-5.317919239462325365e-01 1.002550390510863546e-02 8.468156976907151856e-01 8.204226821936372005e+01 1.022229235327319456e-02 9.999330685898043525e-01 -5.418769449657709000e-03 -1.563259701389352774e+00 -8.468133596829848786e-01 5.774740790782146790e-03 -5.318588151850920376e-01 -2.337670351965147475e+01
-5.240403747977347981e-01 1.212654841181102887e-02 8.516070803074506923e-01 8.282655958562313003e+01 1.553821728042272324e-02 9.998683397309060528e-01 -4.676214430588391917e-03 -1.578988978832188916e+00 -8.515516785837388136e-01 1.078193172733635762e-02 -5.241598056425501584e-01 -2.385611803853166535e+01
-5.154699900388316491e-01 1.452196915133654662e-02 8.567845636215248861e-01 8.363635911360918840e+01 2.285613696880990989e-02 9.997336626532884463e-01 -3.193857094530303756e-03 -1.614052839863294286e+00 -8.566027658346759832e-01 1.793644896084429022e-02 -5.156646184506266106e-01 -2.436740264157793945e+01
-5.057644469447382107e-01 1.514330914797391847e-02 8.625386895147695299e-01 8.443031162853566229e+01 2.295692603964361728e-02 9.997280858433273965e-01 -4.090707180165601906e-03 -1.623629460638500666e+00 -8.623661148238076501e-01 1.773230375558389540e-02 -5.059745674732091247e-01 -2.481267435018680700e+01
-4.946540755286588098e-01 1.180454925342050085e-02 8.690097723891474502e-01 8.525120254277803156e+01 1.822396607470603419e-02 9.998287825444960308e-01 -3.208212209026945275e-03 -1.654026986838708302e+00 -8.688988693024138898e-01 1.424985045011899903e-02 -4.947845090437164584e-01 -2.527729436559506837e+01
-4.834222695554933891e-01 8.732428069502223833e-03 8.753437268536417015e-01 8.605405118456573632e+01 1.944748563262468574e-02 9.998105862641309960e-01 7.660702907522857347e-04 -1.675193280597888856e+00 -8.751712502420736506e-01 1.739357110972045845e-02 -4.835005277377010802e-01 -2.573665470511375020e+01
-4.723929512565316902e-01 7.628220382766108532e-03 8.813550339261995159e-01 8.685941742984793734e+01 1.963774139042129968e-02 9.998054082040964685e-01 1.872112536531018176e-03 -1.693135106586411309e+00 -8.811692638524838417e-01 1.819219612763828264e-02 -4.724508297221874376e-01 -2.615009230344137947e+01
-4.601495754173223207e-01 6.560468495219302053e-03 8.878171626403434935e-01 8.771038303471924280e+01 1.883489231318268356e-02 9.998197894784414119e-01 2.373892664448593644e-03 -1.715404248520236541e+00 -8.876416101823449978e-01 1.781428748776838974e-02 -4.601902185882290053e-01 -2.655957173652126357e+01
-4.477645903820453022e-01 8.800008818618865192e-03 8.941081685375320554e-01 8.853407461434619563e+01 2.299566789106052486e-02 9.997341589381967264e-01 1.676505833722747533e-03 -1.728221246652936305e+00 -8.938557401009104009e-01 2.131129561930277319e-02 -4.478479195056096485e-01 -2.697734066087483384e+01
