1 0 0 0 0 1 0 0 0 0 1 0
0.99985193 0.00047074088 0.01720172 -0.033659802 -0.00046584163 0.99999985 -0.00028881921 -0.0044783223 -0.017201855 0.00028076319 0.999852 0.070059359
0.99927951 0.0024294696 0.037875571 0.011844073 -0.0024193649 0.99999702 -0.00031262432 0.00048687557 -0.037876221 0.00022076428 0.99928241 0.21181955
0.9979564 0.004947789 0.06370663 0.053379892 -0.0050151227 0.99998702 0.00089706054 0.00093532829 -0.06370137 -0.0012147239 0.99796827 0.3824346
0.99519299 0.004383341 0.097835062 0.065500952 -0.0047362578 0.99998309 0.0033753075 0.0030028417 -0.09781862 -0.0038224544 0.99519692 0.54492536
0.99071949 0.0010840627 0.13591803 0.15718774 -0.0018630488 0.99998256 0.0056042218 0.0019807743 -0.1359096 -0.0058054337 0.99070423 0.73733225
0.98458667 -0.0020553254 0.17488527 0.24259465 0.0010451913 0.99998224 0.0058678901 -0.0034257033 -0.17489424 -0.0055946578 0.98457133 0.92751191
0.97583334 -0.0025261874 0.21850148 0.34692296 0.00092128779 0.99997185 0.0074465992 -0.0035283489 -0.21851416 -0.007065337 0.9758082 1.1560575
0.96406943 -0.001943115 0.26564329 0.41581677 -0.00084782285 0.99994565 0.010391263 0.0062263444 -0.26564907 -0.010243118 0.96401538 1.3617344
0.94948116 -0.0060353579 0.31376598 0.55364297 0.0006897085 0.99985277 0.017145275 0.012765049 -0.31382328 -0.016062709 0.94934553 1.5867927
0.93219396 -0.015802018 0.36161402 0.7200439 0.0072475321 0.99966116 0.025000574 0.006442891 -0.36188658 -0.020684576 0.93199263 1.7871039
0.91085494 -0.021466566 0.41216799 0.85906401 0.0099079404 0.99949597 0.030160154 -0.0031231931 -0.41260772 -0.023387789 0.91060853 1.9827285
0.88574379 -0.023256607 0.46359147 1.043449 0.0085491813 0.999392 0.033801492 0.0050164024 -0.46409575 -0.025976135 0.88540408 2.2847756
0.85749077 -0.025388135 0.51387256 1.2225494 0.0063043588 0.99922527 0.038847252 0.018307363 -0.51446075 -0.030071523 0.8569865 2.4583717
0.82555057 -0.030577252 0.56349913 1.4037819 0.0074099479 0.99903226 0.043354769 0.019825493 -0.56427953 -0.031616055 0.82497822 2.6942513
0.79046061 -0.036682613 0.61141343 1.6685134 0.010054396 0.99884765 0.046928538 0.029939277 -0.61243038 -0.030947768 0.78991854 2.9253376
0.7525441 -0.041028155 0.65726253 1.9335973 0.010810725 0.99869255 0.04996324 0.035875366 -0.65845314 -0.030494057 0.75200373 3.1427925
0.71239789 -0.044289475 0.70037679 2.2219312 0.012075703 0.99863242 0.050867192 0.049865423 -0.70167191 -0.027780138 0.71195845 3.3493301
0.66958801 -0.04602666 0.7413052 2.5356886 0.011382167 0.99859673 0.051720546 0.06486963 -0.74264553 -0.026193798 0.66917228 3.5194914
0.62767313 -0.04647052 0.77708872 2.870466 0.0066577101 0.99850065 0.054333537 0.087882512 -0.77844856 -0.02893007 0.62704142 3.7757718
0.5864276 -0.047350167 0.80861646 3.1867207 0.0036905796 0.99843576 0.055788924 0.10637851 -0.80999328 -0.029731901 0.58568503 3.9661784
0.54635165 -0.048392864 0.83615665 3.5785359 0.0019988725 0.99840191 0.056476786 0.12411191 -0.83755355 -0.029184814 0.54557526 4.1627975
0.50703649 -0.050968796 0.86041625 4.0074743 0.00084652654 0.99827904 0.058636573 0.13634416 -0.86192421 -0.029002517 0.50620704 4.3941571
0.47002977 -0.050751899 0.88119022 4.4233454 -0.0022544019 0.99827325 0.058697767 0.15924322 -0.88264772 -0.029576255 0.46910373 4.5606494
0.43409637 -0.050102317 0.89947208 4.8830166 -0.0031619093 0.99836136 0.057136615 0.18490262 -0.90086093 -0.027646846 0.43322662 4.7595006
0.39962835 -0.049087072 0.91536199 5.3877721 -0.0018399845 0.99852026 0.054349805 0.20523406 -0.91667544 -0.023403974 0.39894668 4.943187
0.36934987 -0.047099147 0.92809605 5.9310102 8.4439302e-05 0.99871649 0.050649398 0.22772863 -0.92929045 -0.01862898 0.36887978 5.110666
0.34551842 -0.045481409 0.93730912 6.4438235 0.0012366588 0.99884602 0.04801152 0.25179338 -0.93841119 -0.015429733 0.34517594 5.2944143
0.32291051 -0.04473685 0.94537154 7.0121359 0.0020990409 0.99891359 0.046553596 0.27488914 -0.94642722 -0.013048271 0.3226536 5.4749537
0.3091157 -0.045317604 0.94994406 7.5767965 0.0031279725 0.99890707 0.046635556 0.30412357 -0.95101934 -0.011444383 0.30891961 5.6521228
0.2986066 -0.046831017 0.95322656 8.2011519 0.0043994983 0.99885229 0.047694379 0.32252617 -0.95436619 -0.010048137 0.29846992 5.836597
0.28747507 -0.048942788 0.95653678 8.8171371 0.0034188573 0.99873963 0.050074672 0.34837611 -0.95778206 -0.011124957 0.28728007 6.0187846
0.27740897 -0.050581387 0.95941946 9.4466125 0.0014801447 0.99863446 0.052220861 0.37590831 -0.96075083 -0.013066455 0.27710503 6.2505189
0.26750416 -0.052274676 0.96213762 10.15566 0.00065010506 0.99853685 0.054071562 0.4031541 -0.96355653 -0.013838876 0.26714674 6.4344232
0.25653232 -0.054207835 0.9650143 10.871354 -0.00014029169 0.99842392 0.05612185 0.43650807 -0.96653568 -0.014532451 0.2561204 6.5934972
0.24617469 -0.055707958 0.96762315 11.629396 -0.00057463786 0.99833828 0.057622482 0.46678708 -0.96922535 -0.014741229 0.24573361 6.8022864
0.23514158 -0.057199578 0.97027654 12.367585 -0.0011426687 0.9982499 0.059125578 0.49730452 -0.9719605 -0.015011586 0.23466469 6.9548212
0.22526856 -0.059952573 0.97245035 13.163123 -0.0020966115 0.99807283 0.062017906 0.53793231 -0.97429449 -0.016009534 0.22470873 7.14148
0.21427536 -0.063649098 0.97469728 13.898381 -0.00456921 0.99779842 0.06616212 0.5740358 -0.97676265 -0.018630508 0.21351279 7.3205203
0.20190173 -0.067239576 0.9770949 14.714889 -0.0047945929 0.99756076 0.069638679 0.61352289 -0.97939409 -0.018744942 0.20108685 7.4570834
0.18970689 -0.069943706 0.97934626 15.458222 -0.0051328589 0.99737511 0.072225578 0.65742663 -0.98182739 -0.018728536 0.18884992 7.6789466
0.17485049 -0.070656834 0.98205643 16.230466 -0.0057755217 0.997331 0.072784109 0.68855251 -0.9845781 -0.018398225 0.17397573 7.7376782
0.16001854 -0.069588486 0.98465803 17.063063 -0.007347097 0.9974004 0.071683014 0.73575274 -0.98708671 -0.018704989 0.15909128 7.8940789
0.14409369 -0.068690283 0.98717707 17.837661 -0.0089838654 0.99745597 0.070716847 0.7727608 -0.98952331 -0.019058517 0.14311001 8.0096178
0.12277868 -0.067242728 0.99015339 18.727847 -0.011250205 0.99754356 0.069139625 0.81066818 -0.99237035 -0.0196283 0.12172058 8.095603
0.098405937 -0.065893182 0.99296237 19.515917 -0.015256468 0.99758825 0.067712123 0.84997197 -0.99502944 -0.021812373 0.097163307 8.1926752
0.067612487 -0.065274851 0.99557404 20.340105 -0.01984942 0.99757201 0.066753883 0.88902246 -0.99751423 -0.024274963 0.066152655 8.240418
0.035560513 -0.065088243 0.99724565 21.179211 -0.022912495 0.99756142 0.065925883 0.92442909 -0.99910488 -0.025193744 0.033982461 8.29993
0.0011030284 -0.064561375 0.99791309 21.971227 -0.02400693 0.99762442 0.064569234 0.9657323 -0.99971123 -0.024028051 -0.00044951383 8.2996175
-0.032365659 -0.063286021 0.99747043 22.837119 -0.025366629 0.99772386 0.06247901 0.99306407 -0.99915418 -0.023280287 -0.033897345 8.2692797
-0.064892868 -0.061870809 0.99597231 23.546063 -0.028075047 0.99779417 0.060154746 1.0226833 -0.99749726 -0.024058355 -0.066486753 8.1575339
-0.097955143 -0.058646332 0.99346128 24.395002 -0.029419062 0.99799651 0.056013341 1.0677687 -0.99475595 -0.023739903 -0.099484212 8.0103542
-0.12957623 -0.054228167 0.99008546 25.257745 -0.027028528 0.99832557 0.051142162 1.0945026 -0.99120106 -0.020133743 -0.13082498 7.9266393
-0.16220958 -0.048765649 0.98555055 26.089379 -0.0220364 0.99870801 0.045789767 1.1062596 -0.98651028 -0.014290446 -0.16307463 7.8000843
-0.19198414 -0.042452405 0.98047937 26.96319 -0.016198287 0.99906495 0.040085388 1.1271752 -0.98126438 -0.0081863266 -0.19249228 7.59672
-0.22178791 -0.036873406 0.97439745 27.740424 -0.010777557 0.99931641 0.035363257 1.1368446 -0.97503541 -0.0026584806 -0.2220337 7.3858512
-0.2504015 -0.030282773 0.96766831 28.546578 -0.0016541352 0.99952261 0.030851604 1.1593938 -0.96814071 0.0061246347 -0.25033206 7.1341906
-0.27542159 -0.019882134 0.96111788 29.383313 0.0041995687 0.99975168 0.021884776 1.1551329 -0.96131441 0.010063821 -0.2752697 6.9188413
-0.3011332 -0.0047258652 0.95357034 30.157466 0.0082167497 0.99993774 0.0075504738 1.1457555 -0.95354673 0.010108948 -0.30107562 6.6726625
-0.32742407 0.011991336 0.94480136 30.905002 0.0090729518 0.99991327 -0.0095465491 1.1255552 -0.94483397 0.0054463682 -0.32750447 6.3965358
-0.35348512 0.026685699 0.93505939 31.606117 0.0074645012 0.99964165 -0.025706971 1.0964893 -0.9354104 -0.0021072792 -0.35355765 6.1105548
-0.3784252 0.037457972 0.92487361 32.337275 0.011778633 0.99929483 -0.035652682 1.0597405 -0.92555697 -0.0025981258 -0.37859955 5.8094887
-0.40224261 0.042577388 0.9145425 33.137167 0.016351941 0.9990928 -0.039321642 1.022554 -0.91538711 -0.00086229436 -0.40257392 5.4903467
-0.42549776 0.041494704 0.90400762 33.901435 0.018611911 0.99913818 -0.037101032 0.97884938 -0.9047681 0.0010389035 -0.42590336 5.1149484
-0.44526261 0.038020715 0.8945924 34.629757 0.022553454 0.99925731 -0.031243577 0.9321096 -0.89511598 0.0062645526 -0.44578942 4.7518899
-0.46365396 0.036711364 0.88525545 35.319819 0.029339979 0.99922944 -0.02607098 0.89226202 -0.88553048 0.013885464 -0.4643738 4.3756692
-0.47725304 0.037651188 0.87795892 36.055964 0.033297764 0.99913904 -0.024747527 0.85395978 -0.87813488 0.017423237 -0.47809585 3.9701239
-0.48895504 0.041058611 0.87134212 36.727453 0.035911547 0.99899228 -0.026921805 0.80287004 -0.8715695 0.018127692 -0.48993679 3.5829112
-0.49745573 0.043916557 0.86637698 37.460365 0.037514359 0.99887251 -0.029092772 0.75709046 -0.86667787 0.018029212 -0.49854236 3.1402366
-0.50811694 0.042938828 0.86021705 38.143575 0.03108265 0.9990201 -0.031507316 0.70822629 -0.86072708 0.010728425 -0.50895369 2.7470693
-0.5198728 0.04164324 0.85322802 38.804904 0.029790057 0.99908734 -0.030611035 0.6896663 -0.85372413 0.0095038678 -0.52063889 2.3609603
-0.52841842 0.043445538 0.84787169 39.470981 0.032065301 0.99899852 -0.031205348 0.64763018 -0.84837837 0.010697781 -0.52928231 1.9308417
-0.53573586 0.046575728 0.84310007 40.187411 0.036025209 0.99882918 -0.032287033 0.60258431 -0.84361682 0.013075536 -0.53678651 1.4706434
-0.53978582 0.049692211 0.8403344 40.899385 0.03656258 0.99869809 -0.035571023 0.56149561 -0.84100803 0.011524061 -0.54089994 1.0268314
-0.53944656 0.051067049 0.84046981 41.572897 0.035610197 0.99864979 -0.037822059 0.51563563 -0.84126653 0.0095263171 -0.54053671 0.5932856
-0.5360647 0.051988042 0.84257452 42.283878 0.038301958 0.99857187 -0.037244739 0.47621663 -0.84330757 0.012306665 -0.53729038 0.12960119
-0.53027363 0.050644554 0.84631256 43.033491 0.036563704 0.99865164 -0.03685104 0.43252469 -0.8470378 0.011403189 -0.53141038 -0.33104623
-0.52352133 0.049503525 0.85057319 43.798624 0.034503344 0.99872353 -0.036889357 0.39220664 -0.85131369 0.010035256 -0.52456111 -0.76850779
-0.51637443 0.048620937 0.85498151 44.533161 0.0325798 0.99877953 -0.037121528 0.34579394 -0.85574299 0.0086865201 -0.51732827 -1.2085377
-0.50994019 0.047380152 0.85890399 45.356092 0.029604412 0.99885711 -0.037524009 0.29677829 -0.85970032 0.0062923475 -0.51076005 -1.7116243
-0.5054341 0.045062357 0.8616877 46.139769 0.025529272 0.99897917 -0.037267551 0.25096635 -0.8624875 0.0031619693 -0.50606855 -2.1497957
-0.50439961 0.042266816 0.86243521 47.015035 0.020692094 0.99910608 -0.036862998 0.2030702 -0.86322241 -0.00074809037 -0.50482331 -2.627116
-0.50478194 0.039833128 0.86232735 47.858391 0.017887267 0.99920299 -0.035685069 0.15084926 -0.86306159 -0.0025884977 -0.50509213 -3.1120837
-0.50528086 0.038437901 0.86209844 48.699172 0.016083356 0.99925344 -0.035126605 0.10529421 -0.8628051 -0.0038833641 -0.50552185 -3.6117776
-0.50672502 0.038354331 0.86125411 49.58471 0.016784916 0.99925943 -0.034624611 0.060653516 -0.86194436 -0.0030890778 -0.50699353 -4.1037213
-0.50683625 0.037411463 0.86123013 50.420954 0.016525055 0.99929591 -0.033683939 0.015894276 -0.86188399 -0.0028403651 -0.50709761 -4.5899655
-0.50654637 0.036701972 0.86143118 51.32023 0.016308656 0.99932271 -0.032986991 -0.042969394 -0.86205851 -0.0026606553 -0.50680185 -5.1062374
-0.5064726 0.036223388 0.86149481 52.244058 0.016100913 0.99934029 -0.032553671 -0.098761465 -0.86210576 -0.002616689 -0.5067217 -5.6302998
-0.50638914 0.035026771 0.86159335 53.117966 0.014540719 0.99937946 -0.032082155 -0.14515888 -0.8621825 -0.0037178674 -0.50658422 -6.1697187
-0.50676038 0.034384156 0.86140094 54.00537 0.014206646 0.99940168 -0.031534928 -0.19740617 -0.86196992 -0.0037430334 -0.50694566 -6.6667416
-0.50539473 0.03349583 0.86223786 54.906027 0.012566479 0.99942603 -0.031459498 -0.25501456 -0.8627968 -0.0050641701 -0.50552557 -7.2270648
-0.50466477 0.032062918 0.86271976 55.788805 0.012178306 0.99947506 -0.03002148 -0.30427495 -0.86322953 -0.0046443172 -0.50479032 -7.7214902
-0.50288815 0.029701446 0.863841 56.670097 0.012851114 0.99955589 -0.026886408 -0.35130889 -0.86425599 -0.0024195362 -0.50304651 -8.2327056
-0.49985284 0.028633233 0.86563688 57.562277 0.013553953 0.9995896 -0.025237486 -0.39985105 -0.86600433 -0.00088222687 -0.50003579 -8.7353409
-0.49848863 0.028192739 0.86643764 58.448863 0.01330773 0.99960213 -0.024869383 -0.45385481 -0.86679412 -0.00086678598 -0.49866548 -9.240607
-0.49597736 0.028836656 0.86785646 59.335783 0.014277391 0.99958414 -0.025054144 -0.4990755 -0.86821811 -3.5561168e-05 -0.49618281 -9.7316426
-0.4943537 0.029313487 0.86876641 60.269891 0.014099231 0.99957016 -0.025704123 -0.55202858 -0.86914653 -0.00045798907 -0.4945545 -10.256984
-0.49531216 0.030580465 0.86817661 61.15067 0.0134803 0.99953045 -0.027516461 -0.59987631 -0.8686105 -0.0019259556 -0.49549182 -10.735205
-0.49809925 0.032523156 0.86650985 62.012516 0.0120532 0.9994595 -0.030584633 -0.65195285 -0.86703628 -0.0047899655 -0.49822204 -11.237639
-0.50252129 0.032734802 0.86394486 62.873313 0.010654448 0.99944154 -0.031671504 -0.70767233 -0.86449922 -0.0067107482 -0.50258943 -11.746351
-0.50931086 0.031166962 0.86001803 63.749634 0.010431503 0.99949415 -0.030043925 -0.75667493 -0.86051943 -0.0063304157 -0.50937834 -12.234013
-0.51519875 0.029412002 0.85656589 64.562959 0.014254385 0.99956682 -0.025748653 -0.80676833 -0.85695223 -0.0010558528 -0.51539482 -12.729124
-0.51906358 0.02731846 0.85429892 65.453209 0.011027941 0.99961996 -0.025265014 -0.86426544 -0.85466452 -0.0036929896 -0.51916758 -13.257133
-0.5242796 0.029471688 0.85103599 66.291888 0.012173223 0.99955818 -0.027115766 -0.91224835 -0.8514592 -0.0038563915 -0.52440673 -13.779227
-0.52879242 0.032025054 0.84814675 67.128288 0.012727418 0.99947473 -0.029803886 -0.95608441 -0.84865579 -0.0049653497 -0.52892226 -14.316223
-0.53398436 0.032296252 0.84487726 67.982738 0.011497849 0.99945517 -0.030938201 -1.0101244 -0.8454162 -0.0068062436 -0.53406477 -14.820937
-0.5373863 0.032371363 0.84271466 68.803609 0.0099880916 0.99943725 -0.032022323 -1.0655231 -0.8432771 -0.0087912458 -0.53740721 -15.338203
-0.54071675 0.031205432 0.84062569 69.628915 0.0097014084 0.99947657 -0.030861991 -1.1240151 -0.84114882 -0.0085323418 -0.54073647 -15.88316
-0.54345593 0.025136473 0.83906123 70.457808 0.011936593 0.99968191 -0.022217048 -1.1695402 -0.83935286 -0.0020584534 -0.54358311 -16.394303
-0.54602812 0.017069447 0.8375929 71.283899 0.012590026 0.9998467 -0.012168585 -1.2012156 -0.83767228 0.0039009273 -0.54615932 -16.938335
-0.5484988 0.014416665 0.83602702 72.077682 0.013413496 0.9998744 -0.0084417926 -1.2332219 -0.83604378 0.0065837331 -0.54862328 -17.411622
-0.54859926 0.019687931 0.83585356 72.87801 0.01295805 0.99980285 -0.015044827 -1.2715322 -0.83598505 0.0025774524 -0.54874622 -17.975862
-0.55050109 0.024907873 0.83446276 73.615547 0.013807116 0.99968974 -0.020731077 -1.3076621 -0.8347203 0.00010904425 -0.5506742 -18.429596
-0.55058646 0.030046844 0.83423718 74.467429 0.020096611 0.99953947 -0.022737039 -1.3416345 -0.83453624 0.0042466356 -0.55093674 -19.008546
-0.55040215 0.030827768 0.83433031 75.260605 0.023083484 0.99949795 -0.021702545 -1.3864926 -0.83458055 0.0073141241 -0.55083743 -19.544539
-0.54965796 0.028231062 0.83491261 76.02797 0.02287283 0.99956272 -0.018740265 -1.4307887 -0.83507665 0.008796079 -0.55006333 -20.059243
-0.55022583 0.023032249 0.83469815 76.8632 0.020955374 0.99968556 -0.013771227 -1.4595377 -0.83475294 0.0099141282 -0.55053547 -20.562287
-0.54887627 0.017596491 0.83571834 77.658821 0.019807265 0.99977147 -0.0080418619 -1.4821936 -0.83566894 0.012139309 -0.54909937 -21.109394
-0.54782258 0.010628318 0.83652699 78.485493 0.010182231 0.99992994 -0.0060362861 -1.5271292 -0.83653261 0.005210898 -0.54789242 -21.617089
-0.54607799 0.0051379184 0.83771855 79.224647 0.0016726598 0.99998589 -0.0050427939 -1.5439627 -0.8377327 -0.0013525398 -0.54607888 -22.085933
-0.54534882 0.0059551158 0.83818801 79.936977 0.0049451646 0.99998022 -0.0038871437 -1.568535 -0.83819465 0.0020251293 -0.54536748 -22.561872
-0.54181756 0.009150443 0.84044628 80.744754 0.010075911 0.99993959 -0.0043912194 -1.5955853 -0.84043576 0.0060890228 -0.54187703 -23.088282
-0.53564562 0.012728637 0.8443469 81.53398 0.011990712 0.99990023 -0.0074668294 -1.6161511 -0.84435778 0.0061247468 -0.5357448 -23.579424
-0.52765276 0.014586132 0.84933489 82.280381 0.016745815 0.99983688 -0.006767385 -1.6431798 -0.84929512 0.010651976 -0.52781095 -24.058957
-0.52050177 0.017841398 0.85367414 83.073451 0.025101978 0.99966928 -0.0055874642 -1.6693736 -0.85349157 0.018520625 -0.52077748 -24.53871
-0.51059985 0.017342278 0.85964352 83.906529 0.02336601 0.99970719 -0.0062892556 -1.6991882 -0.85950095 0.016875147 -0.51085557 -25.022684
-0.49995952 0.014193599 0.86593242 84.686487 0.01892052 0.99980606 -0.0054638805 -1.7237866 -0.86584211 0.013652173 -0.50013111 -25.47074
-0.48787848 0.010867063 0.87284387 85.522687 0.019665707 0.99980555 -0.001455557 -1.7481549 -0.87269004 0.016454958 -0.48799732 -25.942642
-0.47645745 0.0094379024 0.87914684 86.300266 0.019033341 0.99981876 -0.00041814884 -1.7694206 -0.87899152 0.016533873 -0.47655073 -26.356363
-0.46481533 0.0089238682 0.88536264 87.186095 0.019423284 0.99981134 0.00011978818 -1.7880317 -0.88519462 0.01725233 -0.46490097 -26.799121
-0.45287763 0.010180601 0.89151452 88.023801 0.021678289 0.99976492 -0.0004044751 -1.8141788 -0.89130913 0.019143332 -0.45299187 -27.228486
-0.44081134 0.013315377 0.89750097 88.845554 0.02178709 0.9997541 -0.0041315898 -1.8373059 -0.89733536 0.017732684 -0.44099305 -27.615777
-0.42953663 0.022998066 0.9027565 89.672633 0.023877877 0.99961538 -0.014104354 -1.8602996 -0.90273374 0.015497574 -0.42992057 -27.993182
-0.41592434 0.028987324 0.90893707 90.520923 0.02582968 0.99946517 -0.020054884 -1.8828095 -0.90903236 0.01513624 -0.41645063 -28.385188
-0.40639612 0.02399291 0.91338188 91.323414 0.020497826 0.99964299 -0.017138622 -1.9216778 -0.91346708 0.011757274 -0.40674284 -28.720976
-0.39377818 0.02129308 0.9189588 92.173312 0.023442353 0.99963913 -0.013117354 -1.9582463 -0.91890656 0.01637723 -0.39413524 -29.08911
-0.3835188 0.021561853 0.92328129 93.036579 0.020427666 0.99968088 -0.014860669 -1.9921768 -0.92330716 0.013161137 -0.38383687 -29.428839
-0.37663276 0.025832021 0.92600237 93.903914 0.015569792 0.99964645 -0.021553717 -2.0288609 -0.92623184 0.0062998291 -0.3769018 -29.775
-0.37131156 0.030149156 0.92801868 94.765571 0.0064040197 0.99953208 -0.029910131 -2.0709745 -0.92848629 -0.0051629268 -0.3713309 -30.104802
-0.36807884 0.032358643 0.9292313 95.591907 0.0042612348 0.99944244 -0.033115683 -2.1126541 -0.92978486 -0.0082295087 -0.3680115 -30.411004
-0.36455311 0.032028733 0.93063157 96.448294 0.0029979829 0.99944348 -0.033222581 -2.1616288 -0.93117781 -0.0093213772 -0.36444626 -30.744361
-0.35918643 0.032153614 0.93271174 97.30346 0.0030270578 0.99944121 -0.033288277 -2.2079034 -0.93326096 -0.0091333244 -0.35908305 -31.060086
-0.35349539 0.027808439 0.93502279 98.166944 -0.00012338668 0.99955664 -0.029774381 -2.2538304 -0.9354363 -0.010640475 -0.35333524 -31.380025
-0.3482094 0.025171176 0.93707873 99.04001 0.0024857035 0.99966071 -0.025928546 -2.2964632 -0.93741352 -0.006699263 -0.34815383 -31.676889
-0.3427909 0.021214421 0.93917212 99.841659 -0.0013835049 0.99973249 -0.023087352 -2.3387269 -0.93941075 -0.0092134826 -0.34266985 -31.988063
-0.33672961 0.020217664 0.94138427 100.73639 -0.0055217289 0.99970987 -0.023445395 -2.3859117 -0.94158524 -0.013092827 -0.33652028 -32.277747
-0.3306514 0.01924778 0.94355662 101.56166 -0.018730722 0.99946123 -0.02695201 -2.4184504 -0.94356711 -0.026585216 -0.33011273 -32.552283
-0.3235284 0.023097591 0.94593647 102.40609 -0.015023544 0.99945061 -0.029542621 -2.465405 -0.94609922 -0.023769195 -0.32300366 -32.828756
-0.31633264 0.027258434 0.94825659 103.30286 -0.01264665 0.99937709 -0.03294678 -2.5112355 -0.94856407 -0.022414411 -0.31579086 -33.126889
-0.31008472 0.025202137 0.95037479 104.13701 -0.014875094 0.9993976 -0.031355517 -2.5553114 -0.95059259 -0.02385978 -0.30952304 -33.3914
-0.30338962 0.020322091 0.95264982 104.97362 -0.014837739 0.99955057 -0.026047947 -2.5883142 -0.9527511 -0.022037846 -0.30295173 -33.640782
-0.29698131 0.018119762 0.95471132 105.80644 -0.013019123 0.99965017 -0.023022518 -2.6226406 -0.95479458 -0.019266761 -0.29664151 -33.886603
-0.29030543 0.020482771 0.95671476 106.67375 -0.018017424 0.99947667 -0.026865485 -2.6721345 -0.95676445 -0.025036732 -0.28978446 -34.137879
-0.28377705 0.023416297 0.95860429 107.53337 -0.017597068 0.99940626 -0.029622271 -2.7183238 -0.95872885 -0.025274745 -0.2831965 -34.385115
-0.27686349 0.024661328 0.96059271 108.39481 -0.018442899 0.99935009 -0.030971986 -2.750723 -0.9607323 -0.026291126 -0.27622872 -34.63043
-0.26966808 0.022989398 0.96267883 109.2879 -0.020944106 0.99933846 -0.029731769 -2.8081233 -0.96272558 -0.028180156 -0.2690082 -34.870775
-0.26210655 0.022932152 0.96476639 110.13732 -0.017176629 0.99944839 -0.028423054 -2.8498251 -0.96488611 -0.024021302 -0.26156808 -35.094892
-0.25455797 0.024441626 0.96674855 111.01078 -0.012204589 0.99951975 -0.028483788 -2.894728 -0.96698054 -0.019049544 -0.25413742 -35.321672
-0.24744088 0.025143464 0.96857665 111.87029 -0.0096825528 0.99954914 -0.028421071 -2.9341602 -0.96885465 -0.016410829 -0.24708587 -35.540955
-0.24095644 0.023819832 0.97024354 112.72845 -0.017236904 0.99943607 -0.02881724 -2.9726959 -0.97038289 -0.023667694 -0.24040998 -35.737766
-0.23549759 0.021879695 0.97162857 113.51756 -0.021901871 0.99937318 -0.027812909 -3.0134349 -0.97162815 -0.027830356 -0.23487077 -35.911713
-0.23043907 0.022233799 0.97283267 114.44374 -0.018148607 0.99946684 -0.027141452 -3.0516953 -0.97291754 -0.023910008 -0.2299127 -36.125561
-0.22573272 0.02200149 0.97394075 115.29982 -0.018022655 0.99947953 -0.02675557 -3.0985606 -0.97402259 -0.023592606 -0.22521871 -36.322636
-0.2208538 0.023894167 0.97501415 116.15648 -0.016216358 0.99947169 -0.028166757 -3.1416025 -0.97517214 -0.022031913 -0.22034965 -36.50604
-0.2159145 0.022757839 0.97614698 117.035 -0.011171415 0.99960533 -0.025775756 -3.1782996 -0.9763484 -0.016470302 -0.21557505 -36.702385
-0.21070638 0.021688623 0.97730873 117.82962 -0.003225669 0.99973298 -0.022881714 -3.2127307 -0.97754412 -0.0079737968 -0.21058015 -36.876385
-0.20508533 0.020729068 0.97852452 118.79412 -0.00064609845 0.99977261 -0.0213146 -3.2587832 -0.97874392 -0.0050035341 -0.2050253 -37.080241
-0.20190773 0.022107959 0.97915495 119.59026 -0.0029430633 0.99972699 -0.023179324 -3.2912709 -0.97940017 -0.007561799 -0.20178755 -37.220045
-0.19801106 0.024311906 0.97989819 120.48127 -0.0048617824 0.9996557 -0.025784536 -3.3320635 -0.98018777 -0.0098696745 -0.19782469 -37.395081
-0.19597139 0.023469709 0.98032867 121.38486 -0.0065566142 0.99965984 -0.0252432 -3.3702699 -0.98058774 -0.011374581 -0.19575084 -37.567375
-0.19493166 0.022164462 0.98056632 122.23387 -0.0088592325 0.99966406 -0.024357312 -3.4129832 -0.98077686 -0.013435076 -0.19466982 -37.738839
-0.19400005 0.017517683 0.98084506 123.13541 -0.008906831 0.99976789 -0.01961731 -3.448306 -0.98096112 -0.01254198 -0.193799 -37.900825
-0.19292078 0.012243651 0.9811379 123.99803 -0.0077352913 0.9998721 -0.013998422 -3.4852412 -0.98118389 -0.010289973 -0.1928014 -38.064046
-0.19199437 0.010004211 0.98134499 124.87189 -0.0065180319 0.99991299 -0.011468714 -3.5215335 -0.98137442 -0.0085983658 -0.19191246 -38.239627
-0.19110474 0.014643936 0.98146037 125.75869 -0.008346056 0.99982832 -0.016543094 -3.5507026 -0.98153421 -0.011352786 -0.19094972 -38.394106
-0.19015159 0.018507181 0.98158024 126.59677 -0.0092118956 0.99974465 -0.020634187 -3.5878777 -0.98171156 -0.012965838 -0.18993255 -38.568323
-0.19016272 0.018173474 0.98158432 127.43851 -0.0096914856 0.99974519 -0.020387246 -3.6113564 -0.98170479 -0.013389904 -0.18993814 -38.722609
-0.19040251 0.01721573 0.9815551 128.26944 -0.011238716 0.99974248 -0.019714812 -3.649527 -0.98164182 -0.014785168 -0.19015999 -38.871762
-0.18932387 0.017209122 0.98176384 129.13951 -0.0068386934 0.99979905 -0.018844033 -3.6900024 -0.98189092 -0.010281606 -0.18916813 -39.047145
-0.18865568 0.019848394 0.98184265 130.0029 -0.0089098753 0.99971999 -0.021921774 -3.7303007 -0.98200292 -0.012883762 -0.18842601 -39.189857
-0.18877102 0.02149007 0.98178592 130.84549 -0.017421853 0.9995299 -0.025228215 -3.7540832 -0.98186662 -0.021866886 -0.18830788 -39.338786
-0.18821026 0.022740603 0.98186541 131.68506 -0.022110359 0.99938042 -0.027384515 -3.7923201 -0.98187989 -0.026863443 -0.18759084 -39.488502
-0.18807838 0.026284561 0.9818022 132.51869 -0.021330865 0.99929672 -0.030839154 -3.8411925 -0.9819224 -0.026742868 -0.18738544 -39.634911
-0.18756589 0.026474378 0.98189514 133.34468 -0.021939929 0.99927439 -0.031134026 -3.8832359 -0.982007 -0.02738239 -0.18684895 -39.8022
-0.18624554 0.028136575 0.98210022 134.12523 -0.019650128 0.99928325 -0.032355308 -3.9260187 -0.98230675 -0.025324426 -0.18555916 -39.933108
-0.18410416 0.027373588 0.98252545 134.97683 -0.012923422 0.9994583 -0.030266915 -3.9613944 -0.98282182 -0.018269855 -0.18365067 -40.094186
-0.18058812 0.024252912 0.9832597 135.81006 -0.006523704 0.99964441 -0.025855214 -4.0126416 -0.98353721 -0.011083639 -0.18036569 -40.251227
-0.17821559 0.020044883 0.98378724 136.60302 0.0015172128 0.9997969 -0.020096235 -4.0414318 -0.98399034 -0.002088847 -0.17820981 -40.408854
-0.17463071 0.019913858 0.98443256 137.42898 0.0054380324 0.99979972 -0.019260051 -4.076484 -0.98461903 0.0019899807 -0.17470403 -40.547552
-0.17001174 0.023981054 0.98515016 138.24013 0.00090996505 0.99970725 -0.024178373 -4.123208 -0.98544166 -0.0032141541 -0.16998379 -40.679016
-0.16363803 0.027292261 0.98614281 139.0109 0.0028191804 0.9996261 -0.027197612 -4.1561635 -0.98651646 -0.0016704484 -0.16365379 -40.801261
-0.15603808 0.027247148 0.98737512 139.75014 -0.0048705286 0.99958608 -0.02835382 -4.1966113 -0.98773907 -0.0092333137 -0.15584079 -40.920376
-0.14597657 0.024303045 0.98898944 140.55499 0.0076413661 0.99969608 -0.023438265 -4.2171872 -0.98925858 0.0041357937 -0.14611792 -41.037467
-0.13361069 0.022765059 0.99077235 141.35364 0.015125503 0.99966653 -0.020929669 -4.2577331 -0.99091851 0.012189503 -0.13391047 -41.154359
-0.12048507 0.024623442 0.99240967 142.16268 0.011624608 0.99965878 -0.023392 -4.3001037 -0.99264712 0.0087179879 -0.12073019 -41.242166
-0.10614572 0.026119256 0.99400744 142.9612 0.012238946 0.99961354 -0.024959621 -4.3318802 -0.9942753 0.0095162475 -0.10642437 -41.32139
-0.091893233 0.025946343 0.99543073 143.79154 0.01390349 0.99959645 -0.024771422 -4.3712663 -0.99567184 0.011563637 -0.092216896 -41.385584
-0.078165746 0.027806498 0.99655247 144.56286 0.019332365 0.99946526 -0.026371415 -4.403012 -0.99675296 0.017204376 -0.078661515 -41.44714
-0.064590434 0.033540188 0.99734801 145.35461 0.015917532 0.99934249 -0.032576406 -4.4487114 -0.99778494 0.013771196 -0.065081843 -41.482599
-0.052192074 0.042549879 0.99773013 146.07827 0.0079287819 0.99907803 -0.0421926 -4.4971409 -0.99860563 0.0057086662 -0.052481325 -41.499747
-0.037460368 0.051097251 0.99799084 146.92026 0.0014389931 0.99869357 -0.051079215 -4.5409773 -0.99929712 -0.00047734345 -0.037484959 -41.517723
-0.025256536 0.052226726 0.99831578 147.57521 -0.00018563941 0.99863412 -0.052248075 -4.5843483 -0.99968103 -0.0015049313 -0.025212345 -41.526359
-0.012901455 0.048175023 0.99875554 148.41975 -0.00033127916 0.99883846 -0.0481833 -4.6380277 -0.99991676 -0.00095250075 -0.012870512 -41.523373
-0.0018644379 0.045341757 0.99896975 149.18671 2.1023687e-05 0.99897153 -0.045341797 -4.6923549 -0.9999983 -6.353409e-05 -0.0018634751 -41.509893
0.0075569271 0.051283687 0.99865549 149.95331 -0.0050186301 0.99867342 -0.051246629 -4.7543092 -0.99995889 -0.0046246147 0.0078042745 -41.495087
0.013413034 0.060162599 0.99809843 150.65589 -0.011430379 0.99813227 -0.060011029 -4.7967633 -0.99984475 -0.010603712 0.014075662 -41.463107
0.016794345 0.063640691 0.99783151 151.47111 -0.016647163 0.99785177 -0.063361796 -4.8524835 -0.99972041 -0.015546943 0.017817703 -41.437209
0.016972293 0.059341234 0.99809342 152.16892 -0.01708929 0.99810865 -0.059051539 -4.9039132 -0.99970995 -0.016054467 0.01795429 -41.425217
0.015280825 0.053657205 0.99844245 152.9784 -0.012705166 0.99848888 -0.053465251 -4.9773897 -0.99980256 -0.011868383 0.015939456 -41.398818
0.01227833 0.051111223 0.99861744 153.73654 -0.015671585 0.99857994 -0.050916614 -5.0293398 -0.99980184 -0.015024747 0.013061887 -41.385191
0.0099643426 0.051297832 0.99863365 154.45763 -0.010822137 0.99863031 -0.051189676 -5.0703401 -0.99989183 -0.010297278 0.010505845 -41.383441
0.0055300616 0.051719411 0.9986463 155.19848 -0.014832078 0.998556 -0.051632599 -5.1321496 -0.99987475 -0.014526468 0.006289181 -41.368314
0.0015936297 0.049675638 0.99876409 155.95884 -0.012497201 0.99868839 -0.049651931 -5.1872257 -0.99992068 -0.012402629 0.0022123444 -41.370337
-0.0036342711 0.050237226 0.99873066 156.67162 -0.013870634 0.99863868 -0.050283072 -5.2316142 -0.99989724 -0.01403577 -0.002932503 -41.369245
-0.010325341 0.048173039 0.99878559 157.37039 -0.014527005 0.99872624 -0.048320354 -5.2779635 -0.99984121 -0.015008287 -0.0096123804 -41.36958
-0.016322432 0.045406326 0.9988352 158.08728 -0.011048622 0.99889914 -0.045589782 -5.3295242 -0.99980578 -0.011779888 -0.015802787 -41.383409
-0.021438456 0.045284578 0.99874402 158.8733 -0.011402312 0.99889761 -0.045536295 -5.3770485 -0.99970519 -0.012364218 -0.020898475 -41.392568
-0.027003351 0.046723406 0.99854277 159.58517 -0.014699115 0.99878051 -0.047132034 -5.422439 -0.99952731 -0.015950417 -0.02628363 -41.41321
-0.031495132 0.048918713 0.99830603 160.26246 -0.015368351 0.9986598 -0.049420896 -5.4750079 -0.99938579 -0.016898835 -0.030701124 -41.420556
-0.033382285 0.05110701 0.99813507 161.03291 -0.012078207 0.99859816 -0.051534671 -5.5239554 -0.99936971 -0.013776027 -0.032718209 -41.440364
-0.03497683 0.052754713 0.99799473 161.77191 -0.013003755 0.99849723 -0.053237018 -5.5828664 -0.99930356 -0.014839741 -0.03423826 -41.465937
-0.033982505 0.05076657 0.99813219 162.48197 -0.0058724131 0.99868167 -0.050994449 -5.6274824 -0.99940522 -0.0075943629 -0.033639584 -41.497444
-0.030073847 0.047125577 0.99843611 163.20183 -0.0025073556 0.99888127 -0.047222111 -5.6741437 -0.99954458 -0.0039235841 -0.029922044 -41.516754
-0.023652969 0.046687454 0.99862943 163.85785 -0.0026712461 0.99890242 -0.046763485 -5.7252696 -0.9997167 -0.0037736795 -0.023502296 -41.528628
-0.012974283 0.047990129 0.9987635 164.54309 -0.00029255835 0.99884739 -0.047997958 -5.7722679 -0.99991583 -0.00091493486 -0.01294529 -41.535637
0.0017589397 0.048324857 0.99883008 165.22452 0.001632584 0.9988302 -0.048327736 -5.8252006 -0.99999716 0.0017156804 0.0016779862 -41.519643
0.017228036 0.046126036 0.99878701 165.93757 -0.00021129736 0.99893546 -0.046129245 -5.8682246 -0.99985161 0.00058367609 0.017219441 -41.500766
0.032677491 0.041256476 0.99861404 166.64662 -0.0043267159 0.99914416 -0.041136793 -5.912728 -0.99945663 -0.0029764713 0.032828027 -41.454377
0.04916883 0.034719752 0.9981868 167.30954 -0.0061300552 0.99938729 -0.034459552 -5.9481841 -0.99877171 -0.0044246035 0.049351536 -41.406814
0.066107914 0.027413786 0.99743578 167.989 -0.0060893851 0.99961499 -0.027070087 -5.985957 -0.99779394 -0.0042842228 0.066249393 -41.353749
0.083895038 0.019627744 0.99628123 168.67472 -0.0067689627 0.99979415 -0.019126949 -6.0180347 -0.99645165 -0.0051391336 0.084010626 -41.271691
0.10182579 0.013241996 0.99471407 169.34709 -0.006401908 0.99989942 -0.012655681 -6.0456768 -0.99478169 -0.0050793925 0.10190032 -41.201084
0.11979087 0.010962419 0.99273858 170.04021 -0.0094398066 0.99990641 -0.0099024959 -6.0806418 -0.99275431 -0.0081850309 0.11988314 -41.102521
0.13766628 0.0099624041 0.99042852 170.65588 -0.0071768864 0.9999332 -0.0090604444 -6.096951 -0.99045271 -0.0058608746 0.13772858 -41.002758
0.15541984 0.009568447 0.98780212 171.27706 -0.0091148334 0.99992441 -0.0082517509 -6.1141339 -0.9878065 -0.0077211653 0.15549531 -40.884125
0.17160423 0.009256869 0.98512244 171.92772 -0.01558606 0.99985621 -0.00668029 -6.1324767 -0.98504271 -0.014207811 0.17172383 -40.765188
0.18560148 0.0055295433 0.9826095 172.53191 -0.016561625 0.99985973 -0.0024983526 -6.1443095 -0.98248556 -0.015809912 0.18566703 -40.618691
0.19830331 0.0015011989 0.98013951 173.22026 -0.014417435 0.9998951 0.0013855007 -6.1654346 -0.9800347 -0.014405846 0.19830415 -40.493231
0.20978057 -0.00052697922 0.97774831 173.83421 -0.0085428097 0.9999607 0.0023718522 -6.1759173 -0.97771121 -0.0088502856 0.20976782 -40.350142
0.21883105 0.0029950537 0.97575813 174.38859 -0.013162489 0.99991336 -0.00011727555 -6.1978347 -0.97567402 -0.012817742 0.21885151 -40.196199
0.22776591 0.010308914 0.97366131 175.00309 -0.017912644 0.9998191 -0.0063956115 -6.21284 -0.97355118 -0.015984145 0.22790936 -40.041004
0.23727765 0.020161018 0.97123261 175.60954 -0.018145507 0.99970217 -0.016318943 -6.2297184 -0.97127243 -0.013751387 0.23757281 -39.890134
0.24566567 0.027211184 0.96897258 176.1984 -0.015289695 0.99959034 -0.024194578 -6.2436061 -0.96923407 -0.0088715175 0.24598108 -39.728952
0.25157268 0.025738841 0.96749606 176.8081 -0.014415573 0.99963507 -0.02284545 -6.2636532 -0.96773109 -0.0081997187 0.25185191 -39.580868
0.25746874 0.018198806 0.9661152 177.38837 -0.016204284 0.99976335 -0.014514213 -6.27746 -0.96615079 -0.011918248 0.25770271 -39.404154
0.2617993 0.0075558831 0.96509272 178.03081 -0.020429618 0.99978868 -0.002285611 -6.2991158 -0.96490613 -0.019118104 0.26189834 -39.225708
0.26438869 -0.0019450848 0.9644142 178.60174 -0.018565279 0.9998024 0.0071060241 -6.3190957 -0.96423754 -0.019783371 0.26430034 -39.047534
0.26455093 -0.0031518168 0.96436652 179.19157 -0.014308417 0.99987176 0.0071930305 -6.3375255 -0.9642656 -0.015701481 0.26447191 -38.894987
0.26606972 0.0004829266 0.96395363 179.8178 -0.014795508 0.99988412 0.0035829174 -6.3453064 -0.96384028 -0.015215489 0.26604603 -38.724595
0.26773503 7.554254e-05 0.96349254 180.42126 -0.011148326 0.9999333 0.0030194941 -6.3528508 -0.96342812 -0.011549752 0.26771801 -38.55252
0.26961337 -0.0017827723 0.96296696 181.05971 -0.012228935 0.99991131 0.0052750498 -6.3440033 -0.96289104 -0.013198283 0.26956766 -38.375715
0.27204142 -0.0058509599 0.96226771 181.71312 -0.01327861 0.99986348 0.0098335351 -6.3652944 -0.96219396 -0.015452706 0.27192659 -38.189321
0.27480533 -0.011664738 0.96142908 182.26836 -0.010410957 0.99983169 0.01510643 -6.3718704 -0.96144356 -0.014160724 0.27463764 -38.025648
0.27956505 -0.0149323 0.96001059 182.90884 -0.009199079 0.9997915 0.018229932 -6.3761863 -0.96008273 -0.013927665 0.27936939 -37.828179
0.28516418 -0.016179105 0.95834208 183.5211 -0.008650203 0.99977336 0.019452518 -6.3720248 -0.95843969 -0.013837014 0.2849596 -37.64865
0.29306827 -0.019211501 0.95589844 184.14432 -0.0073844488 0.9997228 0.02235627 -6.3720695 -0.95606304 -0.013610696 0.29284516 -37.450886
0.30243198 -0.021827941 0.95292096 184.73864 -0.0041691239 0.9996979 0.0242226 -6.3696004 -0.95316189 -0.011298534 0.30224961 -37.259742
0.31395536 -0.020208668 0.94922261 185.3903 -0.0048387442 0.99972641 0.022884294 -6.3757856 -0.94942545 -0.011777692 0.31377168 -37.03081
0.32539327 -0.016049281 0.94544252 185.99182 -0.0062450823 0.99979767 0.019121355 -6.3751442 -0.94555819 -0.012126326 0.3252272 -36.803485
0.33698072 -0.012415913 0.94142964 186.59259 -0.0077290689 0.99984287 0.015952875 -6.3706185 -0.94147986 -0.012652185 0.33683181 -36.580249
0.34840011 -0.011867491 0.93727075 187.21549 -0.0069000364 0.99986029 0.01522485 -6.3653532 -0.93732056 -0.011771541 0.34826955 -36.332409
0.36020411 -0.015524712 0.93274429 187.8685 -0.0052773002 0.99981161 0.018678959 -6.3688371 -0.93285863 -0.011650609 0.36005432 -36.073542
0.37102999 -0.016825466 0.9284684 188.48268 -0.0058412082 0.99977377 0.020451878 -6.3685914 -0.92860255 -0.013011637 0.37084778 -35.814185
0.38223251 -0.017165161 0.9239067 189.11881 -0.0083354002 0.99972273 0.022022205 -6.3744187 -0.92402862 -0.016118734 0.38198345 -35.549451
0.39185576 -0.018727336 0.91983601 189.7082 -0.010444386 0.99963784 0.024801427 -6.3585438 -0.91996742 -0.019325704 0.39151824 -35.279358
0.3994906 -0.017104748 0.91657767 190.33658 -0.015544166 0.99955579 0.025428176 -6.3591078 -0.91660554 -0.024405752 0.39904726 -34.968931
0.40337589 -0.019514426 0.91482622 190.9999 -0.015607131 0.9994804 0.028201888 -6.3453021 -0.9149013 -0.025653774 0.40286173 -34.684313
0.4052346 -0.024254562 0.91389089 191.63287 -0.011433274 0.99943537 0.031594609 -6.3378029 -0.91414127 -0.023251994 0.40472849 -34.396667
0.40621853 -0.022681881 0.91349437 192.29312 -0.0089781178 0.99954456 0.028810936 -6.3350813 -0.91373189 -0.019904996 0.40582988 -34.10155
0.40462641 -0.022319334 0.91420963 192.97372 -0.0078095727 0.99958133 0.027860075 -6.3278923 -0.91444877 -0.018412508 0.4042827 -33.813859
0.40347233 -0.021195685 0.91474628 193.64238 -0.0044222787 0.99967481 0.025114133 -6.3252049 -0.9149812 -0.01417812 0.40324739 -33.518758
0.40339369 -0.022672497 0.91474555 194.29589 -0.0010718286 0.99968059 0.025250327 -6.3068303 -0.91502593 -0.011166272 0.40324053 -33.219239
0.40246297 -0.02881061 0.91498275 194.9973 0.0021833546 0.999532 0.030512495 -6.3036037 -0.9154337 -0.010282417 0.40233752 -32.91818
0.40167674 -0.031919713 0.91522503 195.68003 0.0025866515 0.99942793 0.033721165 -6.2984339 -0.91577791 -0.011177639 0.40152952 -32.630535
0.40029726 -0.034548769 0.91573381 196.35452 0.0036557533 0.99934131 0.03610506 -6.2882772 -0.91637809 -0.011105059 0.40015989 -32.316866
0.39832788 -0.034501589 0.91659395 197.03801 0.0026909687 0.99933198 0.036446513 -6.2735186 -0.91723919 -0.012051136 0.39815463 -32.006838
0.39691103 -0.035103687 0.91718553 197.71343 0.0026385535 0.99930789 0.037104947 -6.2534769 -0.91785334 -0.012307319 0.39672894 -31.70709
0.39528425 -0.034202366 0.91792183 198.40757 0.0013639175 0.9993273 0.036648243 -6.2499317 -0.91855788 -0.013234503 0.39506498 -31.411285
0.39363021 -0.03118529 0.91873972 199.11066 0.002386936 0.99945572 0.032902405 -6.2417892 -0.91926581 -0.010758407 0.3934904 -31.117095
0.39307331 -0.024723854 0.91917465 199.78904 0.00053606002 0.99964444 0.026659082 -6.2423775 -0.91950702 -0.0099862405 0.3929468 -30.823053
0.3922487 -0.021662764 0.91960405 200.47311 -0.0010260975 0.99971173 0.023987503 -6.2277922 -0.91985867 -0.01035267 0.3921134 -30.522211
0.39042459 -0.024229741 0.92031597 201.1793 -0.0022863233 0.99962501 0.027287684 -6.2188908 -0.92063211 -0.012757922 0.39022279 -30.220743
0.38951504 -0.027620871 0.92060581 201.86138 -0.0029405388 0.99950783 0.031232326 -6.2089778 -0.92101545 -0.014872537 0.38924211 -29.925744
0.38659242 -0.02681243 0.92186079 202.54325 -0.0078387101 0.99944566 0.032356243 -6.2112915 -0.9222174 -0.019734878 0.38616794 -29.651171
0.38318207 -0.026896228 0.92328112 203.22123 -0.010358383 0.99938797 0.033412265 -6.203962 -0.92361479 -0.02236668 0.38266895 -29.356865
0.37546754 -0.02769675 0.92642158 203.92716 -0.010640253 0.99935872 0.03418968 -6.1875101 -0.92677451 -0.022694475 0.37493206 -29.072808
0.3673952 -0.028176914 0.92963797 204.60893 -0.0098049208 0.9993681 0.034165332 -6.1758432 -0.93001328 -0.021667205 0.36688677 -28.784717
