1.000000000000000000e+00 4.398956837314658088e-19 2.733407509747682871e-20 -8.673617379884035472e-19 -5.583667658079949532e-19 1.000000000000000000e+00 -6.100159232558060012e-19 0.000000000000000000e+00 4.145284534913582806e-20 -2.210423569125054137e-19 1.000000000000000222e+00 0.000000000000000000e+00
9.999396140751020123e-01 -1.047819565091386842e-03 1.093939178915489044e-02 8.563963334077957790e-02 1.043912219457639916e-03 9.999993892793679340e-01 3.628858901284524115e-04 -5.787421825413932575e-03 -1.093976553616392983e-02 -3.514442045324082812e-04 9.999400972077094885e-01 2.971328352444048138e-01
9.998533789338569511e-01 -2.440345065419815412e-03 1.694890479676430806e-02 1.060741083520268524e-01 2.428431250360476700e-03 9.999967896474963869e-01 7.234720195065688468e-04 -8.417691449678812998e-03 -1.695061619878794612e-02 -6.822066820582579428e-04 9.998560952386226219e-01 5.490285613737074799e-01
9.997884364680122982e-01 -6.132051570460298265e-03 1.963365173216658627e-02 8.492433766883925039e-02 6.155881759815022732e-03 9.999803870438588316e-01 -1.153532188917557244e-03 -1.213096911679446832e-02 -1.962619347968993719e-02 1.274150616343145076e-03 9.998065758178489304e-01 9.331203916478770788e-01
9.998269526680680919e-01 -6.691722626872249197e-03 1.735758041793784151e-02 9.262579668233934804e-02 6.724660915082259459e-03 9.999756964475610133e-01 -1.839955992703887298e-03 -1.774168166359128829e-02 -1.734484639333564934e-02 1.956361474585898135e-03 9.998476528621319526e-01 1.182473535038313539e+00
9.998905073470224503e-01 -1.041374349887594537e-02 1.051319622722551167e-02 9.287630441177834040e-02 1.045252431932325136e-02 9.999387435570514793e-01 -3.640583886764845768e-03 -1.550038145586088434e-02 -1.047464030314172734e-02 3.750074760285068351e-03 9.999381075028674903e-01 1.541047965261994390e+00
9.999395905634415049e-01 -1.090998105671504501e-02 -1.336994565430495380e-03 7.566435195380470657e-02 1.090323549090617405e-02 9.999282916410677791e-01 -4.952879277500254855e-03 -2.725105672751100550e-02 1.390934531533452156e-03 4.938002562007947488e-03 9.999868406299083912e-01 1.864374708628326438e+00
9.997953565217856386e-01 -1.081691316762256085e-02 -1.709501263412652877e-02 3.520137725461804784e-02 1.073015883201890001e-02 9.999291245652192073e-01 -5.158441578416343189e-03 -3.572637227407586547e-02 1.714959972580990324e-02 4.973953773641216769e-03 9.998405628105399012e-01 2.172746718017299461e+00
9.993321019822786200e-01 -6.240881013374086766e-03 -3.600557304166941003e-02 2.037761108209406799e-02 6.045376375029827380e-03 9.999664015960959551e-01 -5.536162333806877826e-03 -3.935481239850871504e-02 3.603891446201172577e-02 5.314797521273472748e-03 9.993362545427637578e-01 2.522432869058937044e+00
9.984246807731808060e-01 -3.661636505982484007e-03 -5.598883026912153393e-02 -5.140280551240907631e-02 3.312101759262689633e-03 9.999744519887155958e-01 -6.334457095863081297e-03 -5.277370295428088220e-02 5.601059530967935490e-02 6.139037607909725996e-03 9.984113007982106103e-01 2.870870851149516234e+00
9.971468114904405988e-01 -2.785522025709388522e-03 -7.543525039637270779e-02 -8.902954785328076603e-02 2.299637080088446500e-03 9.999760534980581816e-01 -6.527181359285106829e-03 -5.526537449434466842e-02 7.545162689425122249e-02 6.335084372142505554e-03 9.971293391067121981e-01 3.228634320596850849e+00
9.953081453920754607e-01 -3.327468525364725340e-03 -9.669862138784410255e-02 -1.364333156058512297e-01 2.735947611624572028e-03 9.999767313436643823e-01 -6.249108563422527997e-03 -6.365724938749377226e-02 9.671716672232848200e-02 5.955226260455984133e-03 9.952940898229791777e-01 3.610496002375452207e+00
9.932579614075874863e-01 -4.052875884611024243e-03 -1.158542010922523485e-01 -2.002979943086759529e-01 3.433082153826678019e-03 9.999787120734270340e-01 -5.548814422559548119e-03 -7.074681926048752290e-02 1.158742254546645117e-01 5.113667054705666772e-03 9.932507310224937269e-01 4.004317962727603764e+00
9.910931175353244749e-01 -4.204061857518047278e-03 -1.331043115509097929e-01 -2.917991306122852402e-01 3.591649981439567346e-03 9.999818333814913807e-01 -4.840759407328807870e-03 -8.162657242327404916e-02 1.331222466490249168e-01 4.319579154554469523e-03 9.910902124294104221e-01 4.384880101180212542e+00
9.887772711827379490e-01 -3.365697333964443733e-03 -1.493592296651964635e-01 -3.677490956325139559e-01 2.747220408664465853e-03 9.999867781191903449e-01 -4.346994654875112329e-03 -8.494643082966635284e-02 1.493718881066348758e-01 3.887886689805874867e-03 9.887734442088027542e-01 4.819556872525743607e+00
9.866662555384696498e-01 -2.698736223137347331e-03 -1.627341891713260658e-01 -4.527343874209864838e-01 2.021835459604308643e-03 9.999886031237401607e-01 -4.325020349437266182e-03 -8.758483108146383755e-02 1.627440094134546267e-01 3.938329768066982373e-03 9.866604672535015386e-01 5.229294463182458053e+00
9.845411274218889286e-01 -3.323609306177790091e-03 -1.751220182293738159e-01 -5.278477777730226084e-01 2.449387597105034172e-03 9.999834385980306273e-01 -5.207977189157135187e-03 -9.865792533591652425e-02 1.751364302730650802e-01 4.698525919068672133e-03 9.845329630928247866e-01 5.665106598302475760e+00
9.827670663191763190e-01 -6.549936632347856495e-03 -1.847322139043004463e-01 -6.320999184049413966e-01 5.352218923125211421e-03 9.999613057995961896e-01 -6.981450240662064217e-03 -1.110564619589612528e-01 1.847707970900905605e-01 5.872412010122741652e-03 9.827640958862438048e-01 6.099909234499000910e+00
9.812244968957025693e-01 -5.836732046643896936e-03 -1.927807520260755858e-01 -7.319847036573564614e-01 4.251730722082710037e-03 9.999536832898822114e-01 -8.634468960183503197e-03 -1.221645455255234158e-01 1.928222234696054804e-01 7.652700513400783819e-03 9.812038662871147565e-01 6.546936508770553331e+00
9.796109525840047683e-01 -5.702492679957036834e-03 -2.008229623074853920e-01 -8.231713291471964844e-01 3.641001982818387484e-03 9.999368383333391286e-01 -1.063308247880338266e-02 -1.195139505746465741e-01 2.008709165389385154e-01 9.685087161314555673e-03 9.795698417906251176e-01 7.030462239163326466e+00
9.780620038356481194e-01 -6.101691526568222418e-03 -2.082246022622216697e-01 -9.368947046951096036e-01 3.447056640385355412e-03 9.999081267290267361e-01 -1.310938200681360105e-02 -1.338317774073251587e-01 2.082854649875840181e-01 1.210402636183297714e-02 9.779931792462334128e-01 7.509548180279360885e+00
9.762156149015774886e-01 -9.981114474997356684e-03 -2.165720422490224339e-01 -1.056119016477377714e+00 6.904649665496274090e-03 9.998642932669680183e-01 -1.495730093637329290e-02 -1.456111682247840378e-01 2.166919462381430850e-01 1.310619658126620929e-02 9.761520522697275659e-01 8.019816210579294946e+00
9.744181564352781821e-01 -1.547501874864094622e-02 -2.242092305236634553e-01 -1.175757165868671406e+00 1.217758432742385710e-02 9.997965115674655179e-01 -1.608234674671714035e-02 -1.609790662987911070e-01 2.244124850311956798e-01 1.294060378123606213e-02 9.744083222697165203e-01 8.535740771954092310e+00
9.724388905387585380e-01 -1.664910078443433347e-02 -2.325627020475170281e-01 -1.310704172322021188e+00 1.268938528206659672e-02 9.997481065966524749e-01 -1.851223476026399306e-02 -1.842325613567787346e-01 2.328123371177862055e-01 1.505093924063423926e-02 9.724052067747569472e-01 9.026177953612389615e+00
9.703258490253336976e-01 -1.259925898746822384e-02 -2.414725741534097525e-01 -1.435195016138632873e+00 7.460729000982564869e-03 9.997260991765883897e-01 -2.218251866893830582e-02 -1.888699242130235101e-01 2.416859220814087383e-01 1.972270979363687296e-02 9.701540759680657988e-01 9.557430478712140243e+00
9.682601874294977096e-01 -9.476729864456386390e-03 -2.497646885091374946e-01 -1.596990180618967248e+00 3.272112246194468221e-03 9.996759296973419806e-01 -2.524537301317249585e-02 -2.045886238075789454e-01 2.499229950769922548e-01 2.362683150542328747e-02 9.679774123270611375e-01 1.011689799653504984e+01
9.658940430026974333e-01 -1.270141347204539924e-02 -2.586259273535176373e-01 -1.772710447204388418e+00 5.807559765730741300e-03 9.996076164279659171e-01 -2.740228853469359530e-02 -2.245706685385789880e-01 2.588724990447335839e-01 2.496572173266085187e-02 9.655888066235956968e-01 1.067579456922715941e+01
9.636355469912989413e-01 -1.398262611843694055e-02 -2.668539247791688052e-01 -1.929094026579276866e+00 6.471867237266944010e-03 9.995583332749610195e-01 -2.900436693878964689e-02 -2.581891661993236942e-01 2.671416261005721826e-01 2.622259583475065534e-02 9.633004353041272338e-01 1.122570830658747987e+01
9.614462538422450244e-01 -1.401502728088998770e-02 -2.746355372649119109e-01 -2.095647631623671625e+00 5.462248690144277941e-03 9.994767018984923590e-01 -3.188238053561424229e-02 -2.778700064390809410e-01 2.749386581764813875e-01 2.915306775328823860e-02 9.610196847867750192e-01 1.178965953957935042e+01
9.590656663888540434e-01 -1.395515069245313079e-02 -2.828397065115036968e-01 -2.285239558721666953e+00 4.107588474884258344e-03 9.993654928373502111e-01 -3.537992977881674467e-02 -3.018548814531104574e-01 2.831539798159035670e-01 3.276988686469671508e-02 9.585144547604685927e-01 1.240638908777803806e+01
9.568742993644230310e-01 -1.479939116735676935e-02 -2.901250616771180457e-01 -2.473778315716243625e+00 3.111266536374758095e-03 9.991663048543991676e-01 -4.070645221120484242e-02 -3.397055384452902227e-01 2.904856215252185625e-01 3.804830163929204950e-02 9.561226031559781902e-01 1.298926373063352990e+01
9.550413427530263233e-01 -1.637148219347070791e-02 -2.960202802423172463e-01 -2.684101429801914129e+00 2.358328162311741985e-03 9.988620853090930396e-01 -4.763373599599144553e-02 -3.727406525521127501e-01 2.964632743685924332e-01 4.479407437605137376e-02 9.539931969124852973e-01 1.359432721247647713e+01
9.536769127038695615e-01 -1.655226898604837682e-02 -3.003770407811311438e-01 -2.884918211350980588e+00 -1.985718166010910345e-04 9.984503165755772569e-01 -5.565003039509544558e-02 -4.047978125275583094e-01 3.008326908908080521e-01 5.313179582019143810e-02 9.521957289965681248e-01 1.421189040605065301e+01
9.524358361308824517e-01 -1.647481840569752984e-02 -3.042935366183179280e-01 -3.111406144101325655e+00 -3.263775268932157369e-03 9.979288412804032671e-01 -6.424465342509594334e-02 -4.516915741236031123e-01 3.047217206222799235e-01 6.218205622730687415e-02 9.504094206534670075e-01 1.483878395402624584e+01
9.510582228742260336e-01 -1.509708175643560517e-02 -3.086427267697386401e-01 -3.314449191066379807e+00 -7.846618806527375783e-03 9.973039063191017073e-01 -7.296128422757186538e-02 -4.942506470151902254e-01 3.089121048171110662e-01 7.181223153040326712e-02 9.483756201821166298e-01 1.548256529061569253e+01
9.495417701113859632e-01 -1.447747114602797661e-02 -3.133062839272675038e-01 -3.536788596040802091e+00 -1.118632970738217373e-02 9.967352716642047250e-01 -7.996039162657551935e-02 -5.492613406777971941e-01 3.134410536371912137e-01 7.943047965079394479e-02 9.462798248462118700e-01 1.612505666411705718e+01
9.480210423309591850e-01 -1.278656688800747405e-02 -3.179506327269867039e-01 -3.779523149586805353e+00 -1.552351303749747134e-02 9.961442293767184264e-01 -8.634636532286553423e-02 -6.167800475193379039e-01 3.178287670119343544e-01 8.679388256536957336e-02 9.441671986360893332e-01 1.678158425003934440e+01
9.465417032854707147e-01 -1.235122819986259057e-02 -3.223449222422406502e-01 -4.047559785273403321e+00 -1.845688041961061898e-02 9.955561111973095789e-01 -9.234377620068309755e-02 -6.835430125205524954e-01 3.220530217892631497e-01 9.335671747083744421e-02 9.421074124999643251e-01 1.744777870028512012e+01
9.447205508016018882e-01 -1.043372093516179919e-02 -3.277105675484362490e-01 -4.261939562030931050e+00 -2.295756994816657709e-02 9.949354767477192052e-01 -9.785881193352961860e-02 -7.617220117295425696e-01 3.270719068586097067e-01 9.997266961722164891e-02 9.396964591659097144e-01 1.814038693787258083e+01
9.429614662800920311e-01 -6.913550995333223037e-03 -3.328300971605764880e-01 -4.533012320852706445e+00 -2.831132080384749297e-02 9.944968906368519823e-01 -1.008682488109927250e-01 -8.351378948301972915e-01 3.316958601583221422e-01 1.045377321185314845e-01 9.375765148907788671e-01 1.882927683545497999e+01
9.413901711156121843e-01 -6.684723216681633627e-03 -3.372534029450288129e-01 -4.803700763140053454e+00 -2.965267380835527947e-02 9.942931274527407881e-01 -1.024787569555426492e-01 -9.159085236396469210e-01 3.360137885966346660e-01 1.064729603728978846e-01 9.358195579255170760e-01 1.952316815454348387e+01
9.391431172337642019e-01 -6.269407048057656223e-03 -3.434689176653452081e-01 -5.093175681635829122e+00 -3.053960242873152153e-02 9.943509252182363145e-01 -1.016541695925919225e-01 -1.003874501043809264e+00 3.421659532510156754e-01 1.059572185711513542e-01 9.336463627945930099e-01 2.024742745064343552e+01
9.369609468829304122e-01 -6.577972381098923758e-03 -3.493721679427249649e-01 -5.365260936250763280e+00 -3.038702098605806923e-02 9.945014095162825196e-01 -1.002176402739765187e-01 -1.092328945560276487e+00 3.481103482584633202e-01 1.045163951744312453e-01 9.316090978201888584e-01 2.096587595517787506e+01
9.343429189398075874e-01 -6.109109736087655826e-03 -3.563228675641531007e-01 -5.635930454691791880e+00 -3.097689062481636529e-02 9.946765080024092542e-01 -9.828060172910919878e-02 -1.172118543650250144e+00 3.550263986561999485e-01 1.028655594184988697e-01 9.291797111420242450e-01 2.168828232169047965e+01
9.314715583065459326e-01 -5.718271717721369780e-03 -3.637692052340475435e-01 -5.947669211917834708e+00 -3.097429343406197036e-02 9.949996611666778179e-01 -9.495402798421419266e-02 -1.261798829640445430e+00 3.624932150610797876e-01 9.971447111139859765e-02 9.266367659647509747e-01 2.238536836134888830e+01
9.279303849809422688e-01 -2.940914551890537378e-03 -3.727419331978611972e-01 -6.274597416462065702e+00 -3.278696782503814217e-02 9.954491517296953917e-01 -8.947625986751744920e-02 -1.339890931132229568e+00 3.713087895851598375e-01 9.524881857780184702e-02 9.236110914256966398e-01 2.318378987527536239e+01
9.244185991338950137e-01 -5.944989022418332731e-04 -3.813789416496509710e-01 -6.594331579963208512e+00 -3.405566684014315476e-02 9.958752449075893853e-01 -8.409939455873458036e-02 -1.425866886660169364e+00 3.798558504026359750e-01 9.073115917342880477e-02 9.205853532691506969e-01 2.392347281042480844e+01
9.208665890174378976e-01 3.811516689067668846e-03 -3.898591982110571896e-01 -6.908780611299550678e+00 -3.803997849190825231e-02 9.960595762548093424e-01 -8.011417247515098539e-02 -1.494435223440190086e+00 3.880176378937881254e-01 8.860470071490332555e-02 9.173829749852263626e-01 2.465698759743681379e+01
9.170237700308151441e-01 4.464797278513370736e-03 -3.988075569857013614e-01 -7.245806167962534516e+00 -3.884472234511054251e-02 9.961831831615944877e-01 -7.816746881102627775e-02 -1.565064482857423389e+00 3.969363864707393108e-01 8.717299620256180326e-02 9.136970926160872253e-01 2.539074304468107712e+01
9.131267419735452640e-01 4.936710267363820723e-03 -4.076458985153251224e-01 -7.609663177461286843e+00 -3.997978772307546336e-02 9.961911618687880887e-01 -7.749055194166135085e-02 -1.646740928339596843e+00 4.057106998074212489e-01 8.705629214739668553e-02 9.098461592024094102e-01 2.617203737520452123e+01
9.092520564410399020e-01 4.616330885495075788e-03 -4.162203548702076983e-01 -7.968652981033484295e+00 -4.005072258095746657e-02 9.962692517682901761e-01 -7.644290454503462062e-02 -1.718520821094758011e+00 4.143146628636689144e-01 8.617579453828382030e-02 9.060447538929781164e-01 2.693043242660637659e+01
9.052990488213942255e-01 4.991729325300862073e-03 -4.247454663319685797e-01 -8.342833976285037423e+00 -4.056193587862304273e-02 9.963774953793999023e-01 -7.474366940410002991e-02 -1.786951110325824432e+00 4.228337309875107586e-01 8.489387158246229637e-02 9.022220736171586708e-01 2.772636418132777791e+01
9.016055608942951105e-01 5.395540545250688234e-03 -4.325254870075153080e-01 -8.749610239576099957e+00 -4.068936033724535745e-02 9.965463481244795085e-01 -7.238613164655888221e-02 -1.860140151551646248e+00 4.306411396134207092e-01 8.286292458968599894e-02 8.987112708411277850e-01 2.850474365477728611e+01
8.977087679167126133e-01 6.155841277200048943e-03 -4.405463309321675514e-01 -9.135655529754373561e+00 -4.026964714531945655e-02 9.968634940317135928e-01 -6.812877401376378483e-02 -1.930837289951250479e+00 4.387451723344457655e-01 7.890044340296516190e-02 8.951409931663963926e-01 2.927291677602047670e+01
8.937520606564368642e-01 7.844181358248675934e-03 -4.484927188179759217e-01 -9.543746810043000295e+00 -4.015578753653645944e-02 9.972317720672853048e-01 -6.258039289371265801e-02 -1.988899081285960158e+00 4.467603044562576953e-01 7.394093370580213931e-02 8.915929411314611475e-01 3.008333608100257450e+01
8.899880659040190212e-01 7.196572756880089024e-03 -4.559270201560067792e-01 -9.964616462991061852e+00 -3.787940097758876051e-02 9.975862902218511907e-01 -5.819574390581747081e-02 -2.062146885956043896e+00 4.544077425430024242e-01 6.906376019636718822e-02 8.881124954978317776e-01 3.087770828079093022e+01
8.864038081516919521e-01 6.550837046319400898e-03 -4.628664722486532934e-01 -1.040608128993163994e+01 -3.669573199265471070e-02 9.977476180116497950e-01 -5.615259628901553973e-02 -2.127444728215524883e+00 4.614560815587416265e-01 6.675909939611861244e-02 8.846476765764631489e-01 3.168741184468222727e+01
8.831663220868684050e-01 6.651403577921141674e-03 -4.690127950929806611e-01 -1.085736647407378896e+01 -3.685147154402017289e-02 9.977927031347927356e-01 -5.524210967630514141e-02 -2.188761755710690426e+00 4.676101150850989208e-01 6.607178268145912081e-02 8.814620264872314870e-01 3.251813973886301312e+01
8.799260108603320640e-01 6.878118139331089974e-03 -4.750609459813425195e-01 -1.129610065543547748e+01 -3.655078547333893285e-02 9.979119203442483599e-01 -5.325259977069015521e-02 -2.243178244962040324e+00 4.737027113500882902e-01 6.422219856720340347e-02 8.783400565328698395e-01 3.333684368121400610e+01
8.770122736327057300e-01 5.656691660146206078e-03 -4.804346668798029629e-01 -1.176159081602497736e+01 -3.486511655288755673e-02 9.980438230660595433e-01 -5.189365038608122899e-02 -2.306796312111981440e+00 4.792013135218212150e-01 6.226177910678830363e-02 8.754939043280717259e-01 3.418400791396427252e+01
8.744567975951156313e-01 4.676350038815930629e-03 -4.850808553352807251e-01 -1.224256759047846899e+01 -3.394072722154364147e-02 9.980928187402483553e-01 -5.156309024598063062e-02 -2.372683561535892771e+00 4.839145994768042081e-01 6.155369188980708284e-02 8.729477693678150407e-01 3.501087613993644254e+01
8.726301060294889833e-01 4.396651144697939946e-03 -4.883619178179811615e-01 -1.273387070616917249e+01 -3.409402693484462482e-02 9.980682853251281461e-01 -5.193549091459914724e-02 -2.427797689518746083e+00 4.871902080727560369e-01 6.197069745260060797e-02 8.710943338634831168e-01 3.583803109800712150e+01
8.708768861302025321e-01 3.631555658038342852e-03 -4.914877986465314152e-01 -1.322809040236399092e+01 -3.370605255727893157e-02 9.980598155418756168e-01 -5.234984891371935456e-02 -2.484587458588487952e+00 4.903441186963287679e-01 6.215638711238215264e-02 8.693096304140095487e-01 3.671085738729891546e+01
8.704062625655133445e-01 3.981788935048678237e-03 -4.923180665372552389e-01 -1.373896820522496043e+01 -3.371812639260288180e-02 9.981015388299557811e-01 -5.154033564316613109e-02 -2.549060618621457941e+00 4.911782055096782229e-01 6.146107383262040119e-02 8.688880892151189528e-01 3.758325067240765094e+01
8.701700594322924198e-01 3.827938407157194592e-03 -4.927366535415012017e-01 -1.423884029080810443e+01 -3.280142919659134737e-02 9.982017829365049666e-01 -5.017237132215169454e-02 -2.606390721745361905e+00 4.916585577893457515e-01 5.982096189479454290e-02 8.687308673135266668e-01 3.847596755204045849e+01
8.699301175844920131e-01 2.710621817654604478e-03 -4.931675559391018315e-01 -1.474438424420456073e+01 -3.124927345692057878e-02 9.982784070004759869e-01 -4.963572383503686569e-02 -2.661192094282867071e+00 4.921839869148746383e-01 5.859073898268130076e-02 8.685171576268756466e-01 3.936328032619059059e+01
8.695154082957986530e-01 1.761395198963339745e-03 -4.939026699599713965e-01 -1.527215424349866524e+01 -3.048346033926842627e-02 9.982785933415482260e-01 -5.010597544426472622e-02 -2.723472902696483011e+00 4.929642146678588355e-01 5.862378024281190980e-02 8.680723127845063614e-01 4.026299413271284777e+01
8.681804012118990999e-01 -5.349799348350759830e-04 -4.962484255690764456e-01 -1.580756190499566394e+01 -2.822144350941228202e-02 9.983278106848568756e-01 -5.044930710364210757e-02 -2.786334162219795019e+00 4.954456021423256362e-01 5.780394667801382752e-02 8.667135420002908264e-01 4.117980223205058365e+01
8.667360916640873825e-01 -1.428323881593355832e-03 -4.987649771038799584e-01 -1.633693894802458857e+01 -2.631414460967628627e-02 9.984722611696759120e-01 -4.858713320136538033e-02 -2.857406164823979022e+00 4.980724012130903211e-01 5.523679573170520163e-02 8.653743608490412909e-01 4.208438679560003948e+01
8.649011444148402283e-01 -6.601736151787666613e-04 -5.019417990062394752e-01 -1.687581899270642793e+01 -2.549925232112647960e-02 9.986501343043093781e-01 -4.525149091204187790e-02 -2.915927491247770842e+00 5.012941274591702356e-01 5.193720688786825773e-02 8.637168107904346082e-01 4.303047735356048520e+01
8.618929040786551532e-01 -7.258321804619999838e-04 -5.070898243915666903e-01 -1.743209466306164401e+01 -2.308857068019067038e-02 9.989057098802740509e-01 -4.067309570470635516e-02 -2.973975477123458777e+00 5.065644515734110120e-01 4.676383180259633537e-02 8.609329854643935631e-01 4.394097457151431740e+01
8.578450517943088105e-01 -1.829207035384029919e-03 -5.139051623834830496e-01 -1.797159677853613857e+01 -2.107186922717581637e-02 9.990274877586758917e-01 -3.873054437940795514e-02 -3.034681390605097118e+00 5.134762383536545238e-01 4.405374817211962085e-02 8.569722428815025328e-01 4.484019328009885896e+01
8.527491712117705180e-01 -4.374553796559450120e-03 -5.223023156506406695e-01 -1.853433701487929852e+01 -1.963574534435787514e-02 9.989895848621864749e-01 -4.042581941867958578e-02 -3.102193011697051084e+00 5.219514273996362919e-01 4.472887921444007597e-02 8.518016436403351710e-01 4.574112214724696202e+01
8.470476989039342763e-01 -8.116896599441194779e-03 -5.314548957905632642e-01 -1.910127890864661282e+01 -1.771903875540361065e-02 9.988964048807641438e-01 -4.349721841690872004e-02 -3.165238631751386755e+00 5.312214563383567123e-01 4.626108861948295681e-02 8.459690783289555149e-01 4.661245211648961373e+01
8.408527754746465410e-01 -8.550129846800452738e-03 -5.411963595197687438e-01 -1.969647081613043227e+01 -1.773795211789728349e-02 9.989028784615034962e-01 -4.334056395866736633e-02 -3.222861802716471047e+00 5.409731781083459978e-01 4.604274855220733681e-02 8.397785967405815288e-01 4.751967873697029177e+01
8.349890059053368674e-01 -5.050759458339274671e-03 -5.502434406383471810e-01 -2.030645835071979022e+01 -1.934316168010886267e-02 9.990704528094773718e-01 -3.852366095776695726e-02 -3.265000409560104622e+00 5.499265466186221696e-01 4.281028110819418142e-02 8.341151473278932693e-01 4.840692461318938911e+01
8.296809950414831825e-01 -8.716636632867929549e-04 -5.582371186372585559e-01 -2.089223645530922369e+01 -2.160768604973985207e-02 9.991992415891292056e-01 -3.367467227324365264e-02 -3.326706830373947543e+00 5.578194681762743690e-01 4.000144787023263149e-02 8.289977871474700777e-01 4.926995364914304787e+01
8.257086139668950997e-01 -4.217499177211432365e-04 -5.640967122619001684e-01 -2.151197745306045661e+01 -2.325683493367973476e-02 9.991240149254780878e-01 -3.478968917337663114e-02 -3.378978392836061051e+00 5.636172542272227526e-01 4.184525003312203340e-02 8.249754977606931217e-01 5.017825151234733738e+01
8.221807042889596184e-01 -2.453690438331704391e-03 -5.692212773904949952e-01 -2.212372115503752568e+01 -2.406487769265469936e-02 9.989468385257407324e-01 -3.906527237535241392e-02 -3.433359835389259818e+00 5.687176593578403550e-01 4.581695349057709338e-02 8.212557682760978084e-01 5.104552327256401867e+01
8.192244537443578167e-01 -4.699268844100470445e-03 -5.734537513280849597e-01 -2.274304636278932534e+01 -2.631904714319663330e-02 9.986046799680360353e-01 -4.578210294123180590e-02 -3.509848023657041960e+00 5.728687520982682635e-01 5.259857456463131603e-02 8.179576939696622251e-01 5.189314926062768762e+01
8.159303891611955351e-01 -5.716222878894566470e-03 -5.781218888759003249e-01 -2.336882724257600685e+01 -2.665936392200515814e-02 9.985154835777950710e-01 -4.749849909978546419e-02 -3.560592314133169456e+00 5.775351793911855935e-01 5.416783066873269437e-02 8.145667370338657287e-01 5.276514460844031618e+01
8.130726997398988187e-01 -4.324367652726013832e-03 -5.821460970025393866e-01 -2.399238820233134106e+01 -2.597029438830877890e-02 9.987074871132135545e-01 -4.369094917829857705e-02 -3.624912454453986133e+00 5.815826114171610550e-01 5.064242346878784773e-02 8.119094885037888565e-01 5.360695198395001171e+01
8.096774877224278688e-01 -2.280819564150967597e-03 -5.868706476812995954e-01 -2.464383484750777598e+01 -2.503309100256297798e-02 9.989480982366587547e-01 -3.841928462954644075e-02 -3.681753184186855599e+00 5.863409549749699634e-01 4.579841608911044276e-02 8.087686913965503877e-01 5.449058908249148914e+01
8.064653028208664809e-01 -9.095170447053910678e-04 -5.912807128622422637e-01 -2.530388036890061798e+01 -2.479661119837808098e-02 9.990670484432057075e-01 -3.535761355168561687e-02 -3.736977512136955948e+00 5.907612451387379560e-01 4.317644633714141922e-02 8.056903576422670410e-01 5.535129367594596772e+01
8.036823125274085156e-01 -3.529796079554685297e-04 -5.950584921953221418e-01 -2.593310654048033115e+01 -2.603387586109869381e-02 9.990214729756689005e-01 -3.575379548918607847e-02 -3.791245934754878366e+00 5.944888419896701137e-01 4.422637183360001584e-02 8.028866990651495339e-01 5.618683017877771135e+01
7.998898856030051130e-01 -1.150937322556196477e-03 -6.001456817676115163e-01 -2.657761636255385440e+01 -2.634221412178288160e-02 9.989670712309337564e-01 -3.702537511408483112e-02 -3.843431649943285677e+00 5.995683982494555142e-01 4.542538900239282557e-02 7.990333389243892137e-01 5.704847967381414975e+01
7.960578619678889689e-01 -3.643841045134636573e-03 -6.052095470229322816e-01 -2.724192340540787427e+01 -2.555295937865433367e-02 9.988878347651825029e-01 -3.962499051073285761e-02 -3.906389124015126502e+00 6.046808515949159135e-01 4.700868009369544437e-02 7.950794040071011981e-01 5.790972047007407042e+01
7.920824622639597301e-01 -4.512113960298956561e-03 -6.103974169974096808e-01 -2.789520460699205984e+01 -2.521822708123857074e-02 9.988770548193138810e-01 -4.010823388305921611e-02 -3.955900710866979253e+00 6.098929575949649795e-01 4.716216921698488523e-02 7.910792104134274361e-01 5.874506716920478055e+01
7.873174598340709762e-01 -4.809613694434279954e-03 -6.165290567358074902e-01 -2.858605968816728904e+01 -2.453006998542730729e-02 9.989334567959992084e-01 -3.911808540616792257e-02 -4.017637853310492169e+00 6.160596553608230774e-01 4.592185242313191751e-02 7.863597724438768921e-01 5.962244175746440078e+01
7.826296440953350864e-01 -4.904578561793296494e-03 -6.224682946990427457e-01 -2.926891285593184833e+01 -2.442458666900800685e-02 9.989569650692304847e-01 -3.858006676342459751e-02 -4.075495686776002380e+00 6.220082682175234190e-01 4.539743460085279847e-02 7.816935425994994135e-01 6.043381221283629401e+01
7.771349188541802899e-01 -5.368535108355020069e-03 -6.293111227294667653e-01 -2.995888128345264079e+01 -2.484007999433607630e-02 9.989227189429757958e-01 -3.919658214516618527e-02 -4.135390986417244896e+00 6.288436168477794519e-01 4.609317118367740190e-02 7.761643721602377033e-01 6.128563558655741872e+01
7.716238976871794275e-01 -6.902112978990858176e-03 -6.360415974361114388e-01 -3.066808684191093803e+01 -2.407847745700251660e-02 9.989074754576577897e-01 -4.005099802014392557e-02 -4.192107838754719928e+00 6.356231538539716119e-01 4.621922032969820460e-02 7.706146881535460569e-01 6.210789270657218708e+01
7.664552283120436016e-01 -7.856150775245179796e-03 -6.422496835844315743e-01 -3.135163344347695613e+01 -2.397514265925731330e-02 9.988784128053387334e-01 -4.083024625906449268e-02 -4.251089444344903434e+00 6.418501242014682528e-01 4.669258337068366710e-02 7.654072304995158671e-01 6.291424160746954897e+01
7.606528131804115578e-01 -8.981763479538041467e-03 -6.490967707111929830e-01 -3.206994120780920099e+01 -2.371657963313776596e-02 9.988522392037556541e-01 -4.161403766484413763e-02 -4.309272259400151128e+00 6.487255415143732273e-01 4.704818993340864619e-02 7.595667498950143814e-01 6.377297227255510847e+01
7.544926346296917385e-01 -1.096458067221526417e-02 -6.562169108774993376e-01 -3.278646301108510386e+01 -2.271901131569574114e-02 9.988248602003545473e-01 -4.281057358040896849e-02 -4.378095291782563514e+00 6.559151755662194772e-01 4.720886173499989208e-02 7.533568967856725251e-01 6.458412842332874959e+01
7.483072627384617093e-01 -1.185026284441262172e-02 -6.632464123561311320e-01 -3.354136749276959506e+01 -2.210876969591991578e-02 9.988394131600855097e-01 -4.279052534005400171e-02 -4.438318060518502861e+00 6.629837477040521065e-01 4.668402292122537239e-02 7.471767933668453932e-01 6.542321016705436421e+01
7.420801765910542969e-01 -1.243582982076242745e-02 -6.701957573617648434e-01 -3.429316962863179441e+01 -2.069138560060249099e-02 9.989264584179375905e-01 -4.144631793510618334e-02 -4.497826716580134665e+00 6.699917052612962554e-01 4.462376960188278729e-02 7.410262090461265938e-01 6.622982775151236012e+01
7.360446764008159448e-01 -1.287073032158141464e-02 -6.768105865205615856e-01 -3.503845821096262370e+01 -1.991317122834617911e-02 9.989748658237680434e-01 -4.065320526773932852e-02 -4.557941062925866760e+00 6.766400129721947820e-01 4.340002022412312033e-02 7.350338357325528760e-01 6.703152760560264767e+01
7.292739382738329112e-01 -1.418488321702475637e-02 -6.840747789934459311e-01 -3.579534256049923613e+01 -1.915760752385383542e-02 9.989697981513150360e-01 -4.113792031786891318e-02 -4.616648299468700145e+00 6.839535922869673934e-01 4.310604909733075502e-02 7.282508914406744527e-01 6.783853564859147411e+01
7.227839460471554567e-01 -1.599164308395153652e-02 -6.908890111579616411e-01 -3.660279311600321961e+01 -1.857105280458781066e-02 9.989217296733728935e-01 -4.254990028930816931e-02 -4.688679390970825978e+00 6.908245007754512113e-01 4.358492094513895243e-02 7.217076088785286947e-01 6.863623133490506234e+01
7.169913014805893159e-01 -1.510718372652512624e-02 -6.969183865457450056e-01 -3.738791592586164825e+01 -2.039445482268271298e-02 9.988825473532617627e-01 -4.263476093632038305e-02 -4.747335720219376221e+00 6.967837164371302183e-01 4.478202308882243965e-02 7.158819958464381905e-01 6.943176356764358559e+01
7.114313785603267881e-01 -1.530442512635639407e-02 -7.025888975340986997e-01 -3.820624851380734555e+01 -1.984494707438273775e-02 9.989266247970279844e-01 -4.185422775514203997e-02 -4.808095407794979792e+00 7.024753230485124567e-01 4.371925022999380989e-02 7.103640312308846516e-01 7.024852333936698301e+01
7.067338770132303161e-01 -1.498669749971018143e-02 -7.073207310907552170e-01 -3.899663264458143175e+01 -2.052272156992991647e-02 9.989205984714912834e-01 -4.167080373689926315e-02 -4.865567662504267865e+00 7.071817679438444637e-01 4.396631489920015123e-02 7.056634605502714042e-01 7.103348188607616009e+01
7.018334099005216764e-01 -1.498261291282541874e-02 -7.121835273221154283e-01 -3.982274325572683438e+01 -2.159366560639772864e-02 9.988718425383511512e-01 -4.229368542882155912e-02 -4.935313448315381102e+00 7.120137543628480836e-01 4.506177419840714377e-02 7.007181027599622691e-01 7.182462252749876086e+01
6.966671231943274423e-01 -1.751400581418106547e-02 -7.171807090757500447e-01 -4.065257218450087606e+01 -2.090579050658124619e-02 9.987817449661624547e-01 -4.469870110165933413e-02 -5.006469586872589694e+00 7.170898657483389949e-01 4.613334497104774889e-02 6.954522618256153699e-01 7.263787319097237116e+01
6.913916044527984583e-01 -1.939358745928146041e-02 -7.222198614990823495e-01 -4.149472420846409904e+01 -2.119852982022370214e-02 9.986647175957988898e-01 -4.711055292070532446e-02 -5.067206728449753506e+00 7.221691491112072203e-01 4.788183985922911390e-02 6.900572868710616037e-01 7.341038861859955489e+01
6.865118556309450781e-01 -1.987153612705776576e-02 -7.268470157473271298e-01 -4.234205024850781029e+01 -2.210075373208218730e-02 9.985943633191749491e-01 -4.817524537291795889e-02 -5.128233182743767493e+00 7.267826615849058980e-01 4.913674381846045575e-02 6.851076944690491777e-01 7.419633222280492646e+01
6.816227667322795059e-01 -1.955874467291096250e-02 -7.314423076592271311e-01 -4.320691559329444686e+01 -2.143614212275990125e-02 9.986798276029662524e-01 -4.668076460746976158e-02 -5.210065114642250528e+00 7.313897074875462812e-01 4.749797299356707525e-02 6.803036441571117532e-01 7.497925069189470548e+01
6.768073143234525357e-01 -1.974530699435048456e-02 -7.358953540227752832e-01 -4.406457261273304482e+01 -2.083102646529256391e-02 9.987262497108785331e-01 -4.595591918851886504e-02 -5.270725749744507027e+00 7.358654335308087990e-01 4.643275763235045484e-02 6.755339168222596058e-01 7.575940352439384640e+01
6.716488430540580312e-01 -2.064151064193080198e-02 -7.405820342720065286e-01 -4.493501110565355106e+01 -1.981290672003732656e-02 9.987538529067885307e-01 -4.580600465628963114e-02 -5.348929546113532218e+00 7.406046780337948165e-01 4.543863257731194788e-02 6.704029025061276625e-01 7.652566366976911638e+01
6.669117093046946776e-01 -2.141306072470247276e-02 -7.448290022137132871e-01 -4.582720661880916424e+01 -1.950015909945431586e-02 9.987431064751665089e-01 -4.617305593019200433e-02 -5.411199049443967013e+00 7.448815507668965497e-01 4.531763547667118364e-02 6.656559152410648217e-01 7.730940118665569116e+01
6.623023437199256902e-01 -2.197573415722836598e-02 -7.489143223512885195e-01 -4.671862499296400273e+01 -1.883811954757020485e-02 9.987653309391572032e-01 -4.596671616576603753e-02 -5.484339643229864336e+00 7.489998262675969798e-01 4.455200115245960824e-02 6.610706390422425027e-01 7.810362506606060151e+01
6.586553615428163422e-01 -2.289218641176417324e-02 -7.520964379934270694e-01 -4.761287542492274838e+01 -1.757624245685595818e-02 9.987962795823542850e-01 -4.579375088395665899e-02 -5.543113728516974703e+00 7.522394562188386979e-01 4.338132864467726668e-02 6.574601670640760620e-01 7.886076922155832847e+01
6.542496919871547689e-01 -2.525714305671808088e-02 -7.558567368846489387e-01 -4.851616139910179015e+01 -1.497731065946089971e-02 9.988134583333161398e-01 -4.633956881687326806e-02 -5.616826409288315780e+00 7.561302995425037698e-01 4.163834952482001889e-02 6.530951144416453635e-01 7.963196096982686356e+01
6.502039554131685550e-01 -2.972034497156002611e-02 -7.591781785661475546e-01 -4.942392841335151843e+01 -1.192216373017689936e-02 9.987124393834656555e-01 -4.930847234247547756e-02 -5.703447265518948761e+00 7.596661685639563011e-01 4.111161003033690642e-02 6.490124486455328690e-01 8.041232340553592906e+01
6.455094424975390544e-01 -3.391219144462306184e-02 -7.629990250136848839e-01 -5.032753710943534742e+01 -8.210534824909748383e-03 9.986478889697463224e-01 -5.133206577803051118e-02 -5.772843771768478405e+00 7.637081616432168651e-01 3.939996294546105338e-02 6.443582058937856738e-01 8.118439047645131268e+01
6.388486869683173142e-01 -3.773028389964594442e-02 -7.684066436137295675e-01 -5.124028991701904090e+01 -2.702502063148900895e-03 9.986804519323148055e-01 -5.128402677949088495e-02 -5.850126862313849152e+00 7.693276682895182628e-01 3.483935338306839991e-02 6.379037303184560415e-01 8.194087066038446210e+01
6.305305795883487940e-01 -4.135435308723631187e-02 -7.750619295415178689e-01 -5.218418841341564729e+01 2.234069179672391967e-03 9.986721516976688751e-01 -5.146787678415684630e-02 -5.935854203356054626e+00 7.761611990338082023e-01 3.072052784182944390e-02 6.297857201948903194e-01 8.271289510130853273e+01
6.215389810326126252e-01 -4.239748070462112661e-02 -7.822350909006957620e-01 -5.311221571951572429e+01 4.537915978176658600e-03 9.987124886794923606e-01 -5.052496662843931202e-02 -6.016149735045529745e+00 7.833700992018575171e-01 2.785351875796605522e-02 6.209311398545577232e-01 8.345325165297043668e+01
6.128572571131413182e-01 -4.178008798241993754e-02 -7.890883316953669624e-01 -5.408250058776853564e+01 6.498798032986688109e-03 9.988339581157378300e-01 -4.783816171103813519e-02 -6.076024592183892459e+00 7.901669179150940803e-01 2.418983843490981819e-02 6.124141613371615334e-01 8.419319615744997520e+01
6.040882400486111692e-01 -4.135922829258311534e-02 -7.958434524789443909e-01 -5.507005624955884571e+01 5.827106022988884533e-03 9.988548852482940221e-01 -4.748645100854567008e-02 -6.159027718289538100e+00 7.968961371457616849e-01 2.404854199493870054e-02 6.036374954126991765e-01 8.492683979794837512e+01
5.944685564361664731e-01 -4.210448313441806506e-02 -8.030157757465729018e-01 -5.606705412066136773e+01 3.853348874584626872e-03 9.987659158010544491e-01 -4.951562497975234289e-02 -6.225119037320547832e+00 8.041096303617899510e-01 2.634118173726483769e-02 5.938971765670556513e-01 8.563943956932172341e+01
5.844234203367154601e-01 -4.453098206722690133e-02 -8.102260458606044269e-01 -5.706909462580284043e+01 5.354820465263297226e-03 9.986829531668665050e-01 -5.102631603827281065e-02 -6.313779739937869451e+00 8.114312062037115636e-01 2.548235869274977777e-02 5.838921638664545943e-01 8.634833463740423554e+01
5.746119270576514060e-01 -4.532908704193038679e-02 -8.171697467191495479e-01 -5.805266280027328207e+01 4.276586915436501532e-03 9.986177024494813370e-01 -5.238697487534873382e-02 -6.382332247690848170e+00 8.184148428700808164e-01 2.660748270315142078e-02 5.740114973190213465e-01 8.705942793486222797e+01
5.644270993710686080e-01 -4.693616064724239617e-02 -8.241474588496827680e-01 -5.908221665186393778e+01 8.037306975553196522e-03 9.986473635048542796e-01 -5.136968982793738842e-02 -6.455727512109623589e+00 8.254437972059873729e-01 2.237051842582970032e-02 5.640408761594815079e-01 8.773615558544217663e+01
5.541305382164504190e-01 -4.673532787282679707e-02 -8.311168047630026479e-01 -6.011575977272050153e+01 9.125956091121949568e-03 9.987037894002547267e-01 -5.007452379845166862e-02 -6.541048781664176026e+00 8.323797660335211512e-01 2.016308685129324443e-02 5.538387740498712519e-01 8.844132474224298335e+01
5.439338899913584990e-01 -4.735300576336038542e-02 -8.377909067255239206e-01 -6.117597936766016886e+01 1.004008767902881370e-02 9.987022829512595123e-01 -4.992941654456671541e-02 -6.624871046318766332e+00 8.390680136439203629e-01 1.874680708294831216e-02 5.437034472088333459e-01 8.910364590520818240e+01
5.333463180313740004e-01 -4.797078084305339551e-02 -8.445356690309631098e-01 -6.221362754872437506e+01 8.697661956472504258e-03 9.986489127383600950e-01 -5.123182344540553462e-02 -6.704284248557200065e+00 8.458522728492989806e-01 1.997881812490215347e-02 5.330429554300074591e-01 8.976073147427790389e+01
5.232002083905451517e-01 -4.889731870162342814e-02 -8.508058421427178164e-01 -6.329636713441875173e+01 8.134614104085393163e-03 9.985936428176777069e-01 -5.238859177520707733e-02 -6.781085576527869030e+00 8.521709816411473515e-01 2.048874441497566812e-02 5.228621640261158499e-01 9.040220252510434307e+01
5.134666666230424115e-01 -4.920695027070516592e-02 -8.566975224690555057e-01 -6.435796324710452154e+01 6.174853931628292852e-03 9.985405382809307007e-01 -5.365318780653715452e-02 -6.864473709655815270e+00 8.580873298118999459e-01 2.225914092816541623e-02 5.130211286054732200e-01 9.102982312162758660e+01
