1 0 0 0 0 1 0 0 0 0 1 0
0.99985357 -0.0027331789 0.016892611 -0.097316811 0.0027130674 0.99999558 0.0012133625 -0.0024273145 -0.016895854 -0.001167354 0.99985657 0.25413391
0.99984649 -0.0041917215 0.017012637 -0.23118652 0.0041614432 0.99998969 0.0018147794 0.00067446343 -0.01702007 -0.0017437038 0.99985363 0.31507167
0.99971747 -0.0083530845 0.02225322 -0.045520873 0.0083595228 0.99996504 -0.00019628524 -0.013019594 -0.022250805 0.00038225612 0.99975235 0.85825669
0.99977201 -0.0086541539 0.019520181 -0.00615056 0.008679459 0.9999616 -0.0012119781 -0.019899549 -0.019508944 0.0013811264 0.99980873 1.1078616
0.99980878 -0.012178444 0.015299967 -0.041922216 0.012225588 0.99992079 -0.0029915329 -0.019993003 -0.015262324 0.003178012 0.99987847 1.4381585
0.99991146 -0.012918735 0.0031907774 -0.0091953527 0.012932197 0.99990741 -0.0042349088 -0.025582309 -0.0031357726 0.0042757977 0.99998594 1.8184923
0.99977921 -0.012262803 -0.017063389 -0.0094227984 0.012183804 0.99991461 -0.0047260674 -0.034149803 0.017119889 0.004517127 0.99984324 2.0727072
0.99932967 -0.0087263469 -0.035553704 -0.065005769 0.0085574714 0.99995138 -0.0048992976 -0.04074946 0.035594731 0.0045917637 0.99935576 2.4607719
0.99843166 -0.0045848601 -0.055796074 -0.16263153 0.0042650193 0.99997379 -0.0058500518 -0.042300374 0.055821438 0.0056029057 0.99842505 2.6545829
0.9973885 -0.0048191208 -0.072062123 -0.21551723 0.0043851939 0.9999713 -0.0061785691 -0.049671064 0.072089836 0.0058464275 0.99738101 3.1525106
0.99554269 -0.0045374547 -0.094202755 -0.35901071 0.0040094373 0.99997518 -0.0057936352 -0.057296151 0.094226713 0.0053901112 0.99553617 3.6103488
0.99399949 -0.0061974666 -0.10920903 -0.27048735 0.0056539364 0.99997005 -0.0052859313 -0.075160675 0.10923852 0.0046367522 0.99400475 4.0379903
0.99159797 -0.005867495 -0.12922474 -0.45009023 0.0053277581 0.99997558 -0.0045220277 -0.078484506 0.12924813 0.0037955553 0.99160502 4.4099367
0.98922071 -0.0045208621 -0.14636237 -0.49359716 0.0039887891 0.99998433 -0.0039285967 -0.083299923 0.14637785 0.0033024406 0.98922324 4.7535213
0.98778686 -0.0034750801 -0.15577242 -0.59680611 0.0028286839 0.99998645 -0.0043710975 -0.091117645 0.15578551 0.0038770817 0.9877833 5.2560431
0.98521134 -0.005144704 -0.17126631 -0.68865337 0.0043736866 0.99997853 -0.0048788829 -0.094773857 0.17128775 0.0040576655 0.98521269 5.6338008
0.98370669 -0.0069475984 -0.17964656 -0.65452501 0.0057624354 0.99995806 -0.0071182059 -0.10337187 0.17968849 0.005967025 0.98370547 6.0024927
0.98195995 -0.0069964169 -0.18895951 -0.77475025 0.0054797578 0.99994845 -0.0085476193 -0.11269364 0.18900958 0.0073579676 0.98194768 6.5170541
0.98011392 -0.0066329126 -0.19832472 -0.86993072 0.004565834 0.99993041 -0.010878189 -0.11472925 0.19838309 0.0097563467 0.980076 6.9861667
0.97870928 -0.0076301666 -0.20510954 -0.99794304 0.0050794524 0.99990312 -0.012959517 -0.13172358 0.20518857 0.011641755 0.97865322 7.3949168
0.97629331 -0.011972599 -0.21612042 -1.128489 0.0090104109 0.99985155 -0.014686341 -0.14198999 0.21626419 0.012390843 0.97625625 7.7995272
0.97503886 -0.016931839 -0.22138772 -1.285365 0.01370655 0.99977649 -0.01609681 -0.15412907 0.22161081 0.012660554 0.97505301 8.4265926
0.97337454 -0.017497348 -0.22855162 -1.3358535 0.013610965 0.99973492 -0.018569739 -0.18438672 0.22881597 0.014964503 0.97335467 8.9526816
0.97061549 -0.014157525 -0.24021892 -1.5020883 0.0089165873 0.99969822 -0.022890269 -0.18576947 0.24047051 0.020075717 0.97044881 9.4479565
0.96875303 -0.011142401 -0.24777692 -1.6625164 0.0048457747 0.99964999 -0.026007841 -0.19976916 0.24798001 0.023994504 0.96846796 9.9815053
0.96660401 -0.013980223 -0.25589302 -1.7975903 0.0071780069 0.99959611 -0.027496986 -0.21656081 0.25617411 0.024741895 0.96631396 10.559045
0.96391593 -0.015057579 -0.26578061 -1.9722905 0.0074502749 0.99953383 -0.029607582 -0.25309695 0.26610256 0.026559081 0.96357877 11.107046
0.96232535 -0.015474489 -0.27145987 -2.1399823 0.0069898595 0.99945717 -0.032194706 -0.27297857 0.27181073 0.029084315 0.96191114 11.68626
0.96024037 -0.015370995 -0.27875106 -2.3622881 0.0055489939 0.99933672 -0.03599065 -0.30210085 0.2791194 0.033012888 0.95968876 12.323167
0.95829306 -0.016138463 -0.28533132 -2.5397435 0.0045272199 0.99913625 -0.041306789 -0.34464745 0.28575151 0.038292252 0.9575384 13.038624
0.95666783 -0.017572605 -0.29065076 -2.7383042 0.0036844177 0.99882794 -0.048261509 -0.37809559 0.29115821 0.045099355 0.9556113 13.613172
0.95509728 -0.017346954 -0.29578415 -2.9190316 0.00064307101 0.99840368 -0.056477223 -0.41218025 0.29629172 0.053751033 0.95358379 14.177396
0.95371549 -0.017240333 -0.30021581 -3.1101571 -0.0025189868 0.99786211 -0.065305925 -0.45784926 0.3006999 0.063039513 0.95163312 14.774297
0.95192741 -0.016231937 -0.30589332 -3.3411155 -0.0067868156 0.99723237 -0.074037472 -0.50188548 0.30624852 0.072554342 0.94918266 15.396473
0.95156987 -0.014935108 -0.30706956 -3.6172545 -0.010611607 0.99662848 -0.081357587 -0.5670949 0.30724938 0.080675932 0.94820315 16.122872
0.94927004 -0.015107987 -0.31409893 -3.8401474 -0.01304318 0.99609399 -0.08733068 -0.62052642 0.31419148 0.086997249 0.94536512 16.712088
0.94744528 -0.013234926 -0.31964398 -4.0787315 -0.017654295 0.99545846 -0.093545625 -0.69424575 0.3194304 0.094272451 0.94290876 17.383444
0.94584359 -0.011219736 -0.32442876 -4.2757423 -0.022068552 0.99486808 -0.098744493 -0.77222468 0.32387173 0.10055652 0.94074199 18.058675
0.94423837 -0.0082088454 -0.32916029 -4.589248 -0.026931693 0.99441398 -0.10205644 -0.84595197 0.32815939 0.10523045 0.93874276 18.761037
0.94229743 -0.0098970368 -0.33463054 -4.8462095 -0.026199439 0.9943172 -0.10318382 -0.92266691 0.33375014 0.10599698 0.93668324 19.40218
0.93986513 -0.0076883225 -0.34145924 -5.1647075 -0.029166512 0.99428797 -0.10266816 -1.011834 0.34029819 0.1064534 0.93427235 20.156937
0.93670931 -0.0069290365 -0.3500395 -5.4550952 -0.030479676 0.99439421 -0.10124797 -1.0900535 0.34877883 0.105509 0.93124712 20.778089
0.93621241 -0.0068777653 -0.35136734 -5.6751014 -0.030012998 0.99459107 -0.099437535 -1.1861746 0.35015076 0.10364024 0.93094208 21.605957
0.93327337 -0.0066816036 -0.35910467 -5.9897538 -0.029812827 0.99493551 -0.095992289 -1.2677275 0.35792741 0.10029297 0.92834762 22.284441
0.92748094 -0.0028975567 -0.37385919 -6.3118284 -0.033455191 0.99531519 -0.090710708 -1.3441559 0.3723706 0.096639985 0.92303893 22.979162
0.92456357 -0.0027377187 -0.38101797 -6.5849622 -0.03212522 0.99585359 -0.085109299 -1.4294597 0.37967115 0.090929245 0.92064201 23.79017
0.92090271 0.00090269582 -0.38979145 -6.966961 -0.03526993 0.99608822 -0.081020266 -1.4949695 0.38819357 0.088359701 0.91733218 24.487131
0.91941735 0.0013806623 -0.39328084 -7.2348525 -0.035491499 0.99620482 -0.079475204 -1.5820533 0.39167857 0.087029009 0.915977 25.344091
0.91436828 0.004346351 -0.40486016 -7.5824269 -0.039646967 0.99609792 -0.078848298 -1.6640995 0.4029377 0.088147861 0.91097266 26.089346
0.91374037 0.0078669767 -0.4062224 -8.0762483 -0.04318646 0.99602907 -0.077852603 -1.7451449 0.40399689 0.088680375 0.91045171 26.902215
0.90938933 0.0044316889 -0.41592233 -8.4280294 -0.039543656 0.99633529 -0.075843796 -1.8077301 0.41406202 0.08541863 0.90623193 27.650536
0.90512544 0.0063005572 -0.4250979 -8.8616902 -0.041403022 0.99644373 -0.073387272 -1.8827955 0.42312379 0.084025026 0.90216743 28.370631
0.90213449 0.0041700827 -0.43143476 -9.1619647 -0.037914397 0.99685113 -0.069644206 -1.9485596 0.42978584 0.07918603 0.8994519 29.220414
0.89953165 0.0041503248 -0.43683586 -9.5693544 -0.035775898 0.99729592 -0.064194474 -2.0143065 0.43538823 0.073373158 0.89724773 30.104085
0.89520298 0.0033107602 -0.44564632 -9.993256 -0.033412014 0.9976567 -0.059705487 -2.0795658 0.4444044 0.068338472 0.89321587 30.840582
0.89166611 0.0065536875 -0.45264619 -10.399271 -0.036725587 0.99764658 -0.057901062 -2.1595348 0.45120149 0.068252113 0.88980834 31.699472
0.88759905 0.0047500537 -0.46059238 -10.889571 -0.034861541 0.99777156 -0.056891083 -2.2147493 0.45929578 0.066553433 0.88578668 32.518683
0.88581606 0.0035132847 -0.46402321 -11.252935 -0.032775538 0.99794759 -0.055012382 -2.267709 0.46287761 0.063939463 0.88411316 33.318345
0.8813359 0.0021612751 -0.47248529 -11.719574 -0.031107984 0.99808528 -0.053460804 -2.3270512 0.47146511 0.061814991 0.87971562 34.094571
0.87745466 0.004294943 -0.47964034 -12.171491 -0.033786146 0.99802961 -0.052871552 -2.393539 0.47846822 0.062597589 0.87587084 34.877043
0.87788586 -5.2161125e-06 -0.47886991 -12.684351 -0.029346731 0.99811983 -0.053810615 -2.4477636 0.47796987 0.061292845 0.87623513 35.808781
0.87783147 0.0014507079 -0.47896742 -13.252298 -0.031230261 0.9980408 -0.054214623 -2.5149551 0.47795042 0.06254958 0.87615693 36.686974
0.87734601 0.0013428064 -0.47985639 -13.696993 -0.030737638 0.99809968 -0.053406161 -2.5774343 0.47887284 0.061605336 0.87572005 37.571045
0.87476866 0.0010956547 -0.48453954 -14.171604 -0.029840275 0.99822113 -0.051615251 -2.6355196 0.48362109 0.059610199 0.87324526 38.428942
0.87530836 -0.00092420882 -0.48356427 -14.684992 -0.027254401 0.99831432 -0.051241698 -2.7048371 0.48279653 0.058031542 0.87380768 39.429571
0.87484461 0.00029724552 -0.48440355 -15.210205 -0.029056829 0.99823131 -0.051864789 -2.7733682 0.48353142 0.059448863 0.87330592 40.281218
0.87385427 8.1761363e-05 -0.48618791 -15.733805 -0.029341899 0.99818608 -0.052570062 -2.8449426 0.48530175 0.060204251 0.87227157 41.189934
0.87196036 -0.0056886703 -0.48954341 -16.210734 -0.0219014 0.99847818 -0.050612803 -2.8908411 0.48908637 0.054854044 0.8705088 42.083384
0.87010493 -0.0015682157 -0.49286401 -16.784189 -0.024783906 0.99859063 -0.046931004 -2.9715153 0.49224302 0.053049994 0.86883976 43.06454
0.87182964 -0.0059276955 -0.48977333 -17.414121 -0.017316115 0.9989287 -0.042913823 -3.0159515 0.48950306 0.045894514 0.87079301 43.821404
0.86668887 -0.0033321218 -0.49883793 -17.979288 -0.01945974 0.99899073 -0.040482682 -3.0874827 0.4984694 0.044793147 0.8657493 44.707605
0.86364534 -0.008760588 -0.50402376 -18.534885 -0.014964259 0.9989628 -0.043004546 -3.1483052 0.50387778 0.044683019 0.86261848 45.672987
0.85625368 -0.011677274 -0.51642351 -19.045496 -0.014309848 0.99882454 -0.046311614 -3.2014448 0.51635732 0.047044432 0.85508009 46.532915
0.85145888 -0.011655914 -0.5242918 -19.701648 -0.014857942 0.99881546 -0.046334947 -3.2615858 0.52421087 0.0472422 0.85027711 47.404618
0.84553651 -0.0097767209 -0.53382807 -20.197412 -0.01441492 0.99904986 -0.041128919 -3.3226421 0.53372301 0.042471092 0.8445922 48.402563
0.84117078 -0.0054537349 -0.54074203 -20.805889 -0.016533674 0.99922229 -0.035797357 -3.3944146 0.54051677 0.039052144 0.84042643 49.267817
0.83341909 -0.0022436483 -0.55263691 -21.218161 -0.021770018 0.99908229 -0.036887034 -3.4561522 0.55221256 0.042773275 0.83260541 50.183826
0.83401782 -0.0018353924 -0.55173443 -21.987409 -0.025426158 0.99880419 -0.041757525 -3.5126452 0.55115135 0.048855007 0.83297383 51.0303
0.82969239 -0.0047816073 -0.55820036 -22.537722 -0.027047827 0.99844443 -0.048755868 -3.5759631 0.55756522 0.05555048 0.82827241 51.879672
0.82164305 -0.0081449981 -0.56994414 -22.990487 -0.024834614 0.99843687 -0.050070613 -3.639182 0.56946112 0.055294514 0.82015644 52.868164
0.82298948 -0.0023729743 -0.56805163 -23.742851 -0.029361231 0.99847692 -0.046709385 -3.7168827 0.56729733 0.055120029 0.82166633 53.70704
0.81658186 -0.005425467 -0.57720412 -24.290184 -0.022040115 0.99893358 -0.040570116 -3.7593849 0.57680874 0.045850466 0.81559147 54.493787
0.81658397 -0.0043974553 -0.57720988 -24.953397 -0.021301512 0.99906027 -0.037746747 -3.8109102 0.5768335 0.043118832 0.81572294 55.341973
0.81080505 0.00088957789 -0.5853156 -25.520222 -0.028635777 0.99886166 -0.038149446 -3.8800163 0.58461542 0.047692731 0.80990755 56.121676
0.80933035 -0.0039819821 -0.58734018 -26.248761 -0.024175826 0.99890374 -0.040085534 -3.9306839 0.58685598 0.046641874 0.80834685 57.078434
0.80694245 -0.0064190917 -0.59059516 -26.821956 -0.023256584 0.99882013 -0.04263198 -3.9923323 0.59017204 0.048136781 0.80584108 57.946338
0.80362226 -0.0060840091 -0.59510858 -27.521258 -0.024417931 0.99876869 -0.043184235 -4.0448 0.59463859 0.049235133 0.80248419 58.697269
0.79849289 -0.0079797351 -0.60195132 -28.17856 -0.021643169 0.9988852 -0.041951489 -4.1095448 0.60161508 0.0465261 0.79743003 59.603774
0.79427992 -0.0054950423 -0.60752711 -28.875125 -0.024601242 0.99884808 -0.041198135 -4.1814933 0.60705372 0.047668773 0.79322979 60.551384
0.79312261 -0.0022554427 -0.6090578 -29.463916 -0.029939077 0.99863989 -0.042685163 -4.247683 0.60832574 0.052089197 0.79197635 61.269375
0.78743726 -0.0057404063 -0.61636806 -30.159662 -0.026891253 0.99868465 -0.043655781 -4.3106377 0.61580797 0.050951098 0.78624714 62.164646
0.78167249 -0.0092146017 -0.62362102 -30.863627 -0.023852411 0.99871769 -0.044654617 -4.3747113 0.62323287 0.049780151 0.78045035 63.053389
0.77546956 -0.011844797 -0.63127382 -31.626606 -0.021468571 0.99875121 -0.045112322 -4.4237402 0.63101989 0.04853578 0.77424687 63.886371
0.77167456 -0.012358724 -0.63589747 -32.263652 -0.022256201 0.99867415 -0.046417673 -4.4837482 0.63562809 0.049972 0.77037638 64.628848
0.76438349 -0.014190074 -0.64460568 -32.901496 -0.020834681 0.99869208 -0.046690869 -4.5544975 0.64442519 0.049119884 0.7630881 65.513313
0.76156419 -0.014763963 -0.64792127 -33.684112 -0.01896329 0.99880479 -0.045048804 -4.6214628 0.64781202 0.046594276 0.76037399 66.352129
0.75335327 -0.01200929 -0.65750634 -34.482713 -0.022443066 0.99878129 -0.04395731 -4.690719 0.65723298 0.047871842 0.75216563 67.163668
0.74501385 -0.0092708688 -0.66698454 -35.291606 -0.025908683 0.99874673 -0.042821947 -4.7584508 0.66654567 0.049183635 0.74383995 67.965081
0.73654735 -0.006549161 -0.67635425 -36.110659 -0.029359557 0.9987011 -0.041642906 -4.824609 0.67574852 0.050529433 0.73539836 68.75624
0.72795518 -0.0038446269 -0.68561391 -36.939737 -0.032795104 0.99864442 -0.040420387 -4.8891449 0.68483996 0.05190901 0.72684229 69.537023
0.71923881 -0.0011577235 -0.69476194 -37.778705 -0.036214744 0.99857669 -0.039154596 -4.9520102 0.69381847 0.053322131 0.71817319 70.307308
0.7123066 -0.0099210453 -0.70179829 -38.364941 -0.02844814 0.99867032 -0.042991911 -5.0061179 0.7012917 0.050588279 0.71107722 71.121125
0.70651204 -0.0088628262 -0.70764549 -39.138053 -0.031742474 0.9985184 -0.04419746 -5.0808866 0.70698882 0.053688456 0.70518395 71.989844
0.70133847 -0.013416505 -0.71270212 -40.096856 -0.028141726 0.99852227 -0.046490043 -5.1478009 0.71227273 0.052661924 0.69992452 72.75874
0.69953485 -0.012094975 -0.71449609 -40.961181 -0.032996296 0.99824358 -0.049203611 -5.2211142 0.71383631 0.057995366 0.69790709 73.492619
0.69147127 -0.015508415 -0.72223744 -41.743482 -0.029771443 0.99830842 -0.049939639 -5.2751917 0.72179026 0.056033877 0.68983989 74.299399
0.68330901 -0.018899526 -0.72988462 -42.534743 -0.026554777 0.99836024 -0.050711649 -5.3299986 0.72964627 0.054033651 0.68168668 75.097344
0.6843467 -0.0153739 -0.72899465 -43.543066 -0.028312619 0.99846345 -0.047635361 -5.4242764 0.72860691 0.05323885 0.68285989 75.864611
0.67412924 -0.017131424 -0.73841468 -44.288966 -0.026411105 0.99853254 -0.047278015 -5.4960973 0.73814109 0.05137384 0.67268753 76.668766
0.67359832 -0.015474925 -0.73893558 -45.119482 -0.029192192 0.99844359 -0.047520583 -5.5664981 0.73852093 0.053580935 0.67209818 77.394254
0.67306243 -0.01382003 -0.7394565 -45.950592 -0.031973213 0.99834694 -0.047760959 -5.6371025 0.73889425 0.055788908 0.67150795 78.11904
0.66786349 -0.012885431 -0.74417221 -46.925704 -0.033492789 0.99831696 -0.047344355 -5.7258231 0.74352985 0.056543969 0.66630787 78.956784
0.66118357 -0.017364937 -0.75002313 -47.837788 -0.028029194 0.99846233 -0.047826094 -5.7944032 0.7497004 0.052644372 0.65968017 79.724559
0.65795934 -0.024114405 -0.75266723 -48.73466 -0.022110069 0.99843766 -0.05131651 -5.870096 0.75272884 0.050405702 0.65639821 80.543046
0.65313118 -0.026822283 -0.75676957 -49.573669 -0.02034468 0.99839019 -0.05294458 -5.9395974 0.75697147 0.049975991 0.65153407 81.280093
0.64808042 -0.034132334 -0.76080662 -50.499059 -0.0097611601 0.99854081 -0.053112767 -6.0096248 0.76150938 0.0418477 0.64680158 82.02091
0.64092557 -0.03684648 -0.76671814 -51.493732 -0.0061029935 0.99857106 -0.053090426 -6.0980282 0.76757881 0.038706287 0.63978485 82.824083
0.63546551 -0.039080969 -0.77113956 -52.3343 -0.0015029121 0.99865377 -0.051849766 -6.1620097 0.77212783 0.034107693 0.63455129 83.532327
0.62226899 -0.034605009 -0.7820382 -53.418268 -0.0057095185 0.9987952 -0.048739528 -6.2592142 0.7827827 0.034794159 0.62132171 84.225729
0.61469433 -0.036479689 -0.78792135 -54.34903 -0.0028208899 0.99882188 -0.048444804 -6.3270476 0.7887604 0.032001386 0.61386724 85.074659
0.6043958 -0.036814575 -0.79583312 -55.295659 -0.0061104728 0.99868816 -0.05083908 -6.3986025 0.7966608 0.035589843 0.60337797 85.878772
0.59097372 -0.041521284 -0.80562149 -56.466384 0.00071680037 0.99870112 -0.050946682 -6.4898708 0.80669052 0.029530681 0.59023588 86.620342
0.58415595 -0.043814665 -0.81045793 -57.344381 0.00010782229 0.99854605 -0.053905297 -6.5444267 0.81164147 0.031401714 0.58331134 87.273576
0.57625108 -0.043491911 -0.81611463 -58.282463 0.0010084587 0.99862011 -0.052505823 -6.6294103 0.81727213 0.029433519 0.57549977 87.982442
0.56326472 -0.044759561 -0.82506326 -59.324397 0.0047462229 0.99869051 -0.050938602 -6.7081433 0.82626291 0.024775983 0.56273957 88.651801
0.554245 -0.039455781 -0.83141786 -60.327285 -0.0047237771 0.99871067 -0.050543825 -6.8220017 0.83234021 0.031941095 0.55334402 89.309954
0.54702318 -0.044373585 -0.83594053 -61.387037 0.0011093821 0.99863166 -0.052283634 -6.8818737 0.83711676 0.027672982 0.54632389 89.987952
0.53589338 -0.045931373 -0.84303531 -62.489186 0.0012961359 0.99856266 -0.053581104 -6.9574333 0.84428471 0.02762107 0.53518265 90.63899
0.52566389 -0.044924062 -0.84950529 -63.518601 -0.0025545194 0.99851678 -0.054384885 -7.0446194 0.85068855 0.030758248 0.52476946 91.315376
0.51627087 -0.04503371 -0.85524049 -64.617866 -0.0027344271 0.99852477 -0.054229168 -7.1261083 0.85642103 0.030335532 0.51538611 91.913403
0.50681529 -0.045138699 -0.86087205 -65.723663 -0.002912608 0.99853282 -0.05407148 -7.2073899 0.86204979 0.029911636 0.50594024 92.499293
0.50265649 -0.039833305 -0.863568 -66.848717 -0.0065484509 0.99873377 -0.04987967 -7.3073852 0.86446147 0.030727373 0.50175917 93.150929
0.49846642 -0.034530862 -0.86622098 -67.977408 -0.010163959 0.99890492 -0.045668992 -7.4018922 0.86684946 0.031568693 0.49756959 93.79707
0.48487113 -0.044088624 -0.87347359 -69.015099 -0.002992419 0.99863909 -0.05206747 -7.4645502 0.87458053 0.027859812 0.48407933 94.408853
0.47904724 -0.048262665 -0.87646129 -70.165361 0.0010087186 0.99851695 -0.054432369 -7.5453651 0.87778858 0.025191573 0.47838548 95.021068
0.47318619 -0.052418332 -0.87940155 -71.31934 0.0049939954 0.9983718 -0.056822613 -7.6293534 0.88094833 0.022495948 0.47267752 95.625816
0.46782261 -0.055338779 -0.88208818 -72.42125 0.004912231 0.99818527 -0.060017016 -7.7200449 0.88380877 0.023744296 0.46724547 96.227295
0.46244204 -0.058266207 -0.88473292 -73.526528 0.0048110179 0.99798864 -0.063210256 -7.8147536 0.8866365 0.024974614 0.46179222 96.821937
0.45822959 -0.05097905 -0.88737067 -74.641628 0.004285802 0.99846897 -0.055148451 -7.9167396 0.88882357 0.021467557 0.45774651 97.364951
0.45400297 -0.043671882 -0.88992921 -75.760032 0.0037989399 0.99888387 -0.047080607 -8.0086916 0.89099211 0.017993948 0.45366216 97.902938
0.44976256 -0.036345346 -0.89240831 -76.881642 0.0033504744 0.9992333 -0.039007439 -8.0906018 0.89314191 0.014554094 0.44953951 98.43585
0.44550873 -0.029000092 -0.89480774 -78.006358 0.0029404453 0.99951724 -0.030929659 -8.1624634 0.8952728 0.011148299 0.44537893 98.96364
0.44124186 -0.021636768 -0.89712731 -79.134081 0.0025688888 0.99973565 -0.022847981 -8.2242704 0.89738458 0.0077768648 0.4411808 99.486261
0.44178844 -0.034656353 -0.89644958 -80.237987 0.0066989384 0.99935314 -0.035333188 -8.3360239 0.89709429 0.009604533 0.44173482 100.00777
0.44228096 -0.047668586 -0.89560884 -81.339985 0.010836277 0.99879769 -0.047809482 -8.4630945 0.89681113 0.011440158 0.44226575 100.52981
0.44271933 -0.060671212 -0.89460524 -82.439873 0.014980187 0.99806941 -0.0602747 -8.6054571 0.89653514 0.01328342 0.44277349 101.05234
0.4395042 -0.051576491 -0.89675853 -83.618292 0.028465441 0.99864845 -0.043485622 -8.5780822 0.89778942 -0.0064145138 0.44037834 101.58385
0.43351551 -0.046832354 -0.89992831 -84.53589 0.024261116 0.99889323 -0.040295378 -8.636138 0.9008195 -0.0043645944 0.43417191 102.185
0.43174391 -0.048907327 -0.90066931 -85.67459 0.028335366 0.99877152 -0.040651573 -8.7193653 0.90155109 -0.007969726 0.43259933 102.71652
0.42996243 -0.050975158 -0.90140655 -86.814126 0.032408448 0.9986328 -0.041014846 -8.8031058 0.90226497 -0.011578345 0.43102662 103.24616
0.4281711 -0.053035804 -0.90214004 -87.954494 0.036480278 0.99847707 -0.041385187 -8.8873678 0.90296111 -0.015190379 0.42945379 103.77392
0.42989638 -0.05111261 -0.90143027 -88.878802 0.027351021 0.99867536 -0.043582738 -8.9485965 0.9024639 -0.0059189778 0.43072491 104.20517
0.43231849 -0.053866617 -0.90011057 -89.748909 0.030485385 0.9985166 -0.045113697 -9.0217576 0.90120555 -0.0079367328 0.43331933 104.66886
0.43951754 -0.055858533 -0.89649545 -90.886043 0.032241793 0.99840242 -0.046401197 -9.1024836 0.8976552 -0.0085104813 0.44061636 105.10426
0.44501785 -0.052727561 -0.89396804 -92.028301 0.023754136 0.99860889 -0.047074611 -9.1784874 0.89520664 -0.00028639695 0.44565128 105.72345
0.44810522 -0.05275822 -0.89242266 -92.915192 0.023837006 0.9986073 -0.04706655 -9.2417345 0.89366301 -0.00018191833 0.44873875 106.17369
0.45798297 -0.05246801 -0.8874112 -93.965454 0.02342794 0.99862235 -0.04695245 -9.3192291 0.88865224 0.00071320543 0.45858125 106.65382
0.46440794 -0.050245908 -0.88419486 -95.002613 0.021472992 0.9987346 -0.045476513 -9.3924254 0.88536108 0.0021333443 0.46489921 107.23507
0.47080474 -0.048013414 -0.88092993 -96.035728 0.019507333 0.99884043 -0.044014391 -9.4639447 0.88202178 0.0035375894 0.47119542 107.82368
0.477173 -0.045770658 -0.87761661 -97.064742 0.017531079 0.99893983 -0.042566168 -9.5338036 0.87863454 0.0049258599 0.47746953 108.41962
0.48872622 -0.050764425 -0.87095901 -97.986156 0.021113501 0.99870153 -0.046362443 -9.6140988 0.87218173 0.0042695477 0.48916344 108.83538
0.50107314 -0.049531211 -0.86398629 -98.972452 0.013771123 0.9986907 -0.049267009 -9.6757964 0.8652954 0.012788313 0.50109918 109.34
0.5130973 -0.050691261 -0.85683224 -99.868926 0.013376078 0.99860556 -0.051068743 -9.7500005 0.85822625 0.014742179 0.51305987 109.83197
0.5242182 -0.049906311 -0.85012033 -100.85034 0.013045238 0.99863478 -0.050580635 -9.8290391 0.85148409 0.015425267 0.52415357 110.50408
0.5361583 -0.046087034 -0.84285835 -101.71941 0.0090768969 0.99876547 -0.048837963 -9.8965705 0.84406868 0.018534341 0.53591473 111.07438
0.55015974 -0.045516946 -0.83381797 -102.63283 0.010412862 0.99880967 -0.04765312 -9.966588 0.83499454 0.017534396 0.54997883 111.60623
0.56008924 -0.043958895 -0.82726513 -103.45676 0.0097796754 0.99887244 -0.046456494 -10.036549 0.82837459 0.017929398 0.55988761 112.23841
0.56962283 -0.044921068 -0.82067769 -104.35803 0.010631888 0.99882449 -0.04729274 -10.109253 0.82183748 0.018213671 0.56943083 112.86254
0.58038109 -0.044567461 -0.81312451 -105.16788 0.0085851465 0.99878067 -0.048615509 -10.18373 0.81429978 0.021234729 0.58005603 113.4319
0.5932242 -0.048225465 -0.8035915 -106.08451 0.013862233 0.99866803 -0.049699155 -10.254641 0.80491797 0.018343168 0.59310256 114.06177
0.60503671 -0.046304022 -0.79484996 -106.93416 0.010595844 0.99868734 -0.050113063 -10.330779 0.7961271 0.021898136 0.60473313 114.63181
0.61611058 -0.043922111 -0.78643407 -107.73382 0.010523924 0.99881395 -0.04753878 -10.388201 0.78758939 0.021012773 0.61584208 115.19303
0.62487568 -0.041511891 -0.77961984 -108.59481 0.010192049 0.99893407 -0.045020505 -10.45758 0.78065777 0.020186295 0.6246327 115.97157
0.63481261 -0.04226434 -0.77150932 -109.41309 0.012607959 0.99893654 -0.044349046 -10.54148 0.77256329 0.018426176 0.63467038 116.64416
0.64590787 -0.039629644 -0.76238603 -110.13882 0.0077832917 0.99894166 -0.045331907 -10.594247 0.76337572 0.023346363 0.64553273 117.23792
0.6541544 -0.040738936 -0.75526307 -110.91289 0.0086370501 0.99888564 -0.046399162 -10.669922 0.75631175 0.023828971 0.6537773 117.87678
0.66457236 -0.038990548 -0.74620591 -111.71559 0.0063832258 0.99889747 -0.046509206 -10.738539 0.74719668 0.026145532 0.66408854 118.59642
0.67144758 -0.036741599 -0.74014063 -112.36132 0.0052521461 0.998981 -0.0448261 -10.793947 0.74103347 0.02621105 0.67095635 119.21114
0.68115426 -0.035942228 -0.73125713 -113.07025 0.0067949131 0.99906159 -0.042775809 -10.859902 0.73210843 0.024168096 0.68075928 119.92806
0.68990696 -0.03494373 -0.72305413 -113.76505 0.0066784213 0.99909898 -0.041912153 -10.906692 0.72386727 0.024086626 0.68951871 120.45712
0.69579458 -0.032797746 -0.71749158 -114.45197 0.0034706814 0.99909872 -0.042304755 -10.972224 0.71823248 0.026945234 0.69528131 121.20359
0.7043344 -0.032335926 -0.70913143 -115.19762 0.0039574014 0.99912531 -0.041628825 -11.046922 0.70985733 0.026514296 0.7038463 121.86195
0.71110027 -0.029630156 -0.70246595 -115.75008 0.0029290171 0.99922777 -0.03918261 -11.083065 0.70308454 0.02580523 0.71063793 122.46584
0.71818988 -0.027610367 -0.69529916 -116.40234 0.0025700394 0.99931092 -0.037028039 -11.147105 0.69584246 0.024806216 0.71776595 123.1243
0.72566837 -0.024981322 -0.68759095 -116.99756 0.00022952978 0.99934939 -0.036065783 -11.186383 0.68804463 0.026013975 0.72520198 123.71158
0.73164475 -0.02489604 -0.68123132 -117.6457 0.00084857395 0.99936536 -0.035611083 -11.25353 0.68168561 0.025476587 0.73120155 124.45174
0.73994496 -0.021673382 -0.67231814 -118.25627 -0.0023706546 0.99939057 -0.03482626 -11.302917 0.67266327 0.02736335 0.73944264 125.10168
0.74988181 -0.019321342 -0.66128958 -118.86786 -0.0022540834 0.99949302 -0.031758918 -11.356559 0.661568 0.025306037 0.74945809 125.77622
0.75857726 -0.015046667 -0.65140932 -119.45656 -0.0051900169 0.99956209 -0.029132384 -11.389916 0.65156246 0.02547999 0.75816698 126.43731
0.76782574 -0.013116841 -0.64052443 -119.9434 -0.0067978729 0.9995673 -0.028618341 -11.440728 0.64062271 0.026328103 0.76740433 127.06996
0.77748495 -0.012674125 -0.62877379 -120.53575 -0.007569383 0.99953591 -0.029507152 -11.471629 0.62885601 0.027700797 0.77702819 127.67966
0.78712868 -0.012905398 -0.61665376 -120.9627 -0.0076153761 0.99950152 -0.030638337 -11.53203 0.61674182 0.028812364 0.78663804 128.37264
0.79690457 -0.012415964 -0.60397758 -121.50001 -0.0079784036 0.99948526 -0.031073338 -11.566081 0.60405254 0.029581262 0.79639532 129.03749
0.8070585 -0.011023839 -0.59036855 -122.0384 -0.0081451376 0.99952274 -0.02979864 -11.610102 0.59041533 0.028857879 0.80658353 129.74724
0.81634842 -0.0092173406 -0.57748616 -122.5258 -0.0081810871 0.99958779 -0.027519548 -11.645294 0.57750182 0.027190004 0.8159365 130.42889
0.82634179 -0.007842605 -0.5631143 -122.95414 -0.0077874185 0.99964831 -0.025349943 -11.681597 0.56311511 0.025332924 0.8259901 131.14272
0.83495158 -0.0068082563 -0.55028127 -123.48009 -0.0068611542 0.99971697 -0.02277937 -11.719318 0.55028066 0.022795235 0.83466856 131.84409
0.84292847 -0.0059806981 -0.53799238 -123.93241 -0.0063225615 0.99975906 -0.021020231 -11.756798 0.53798851 0.021120041 0.84268756 132.56773
0.84930022 -0.0062393552 -0.52787326 -124.33036 -0.0051310889 0.99978536 -0.020072717 -11.790013 0.52788524 0.019756328 0.84908591 133.28834
0.85657588 -0.0059738148 -0.51598648 -124.78226 -0.0045633522 0.99980619 -0.019150723 -11.82323 0.51600093 0.018758676 0.85638261 133.99695
0.86283297 -0.0050370185 -0.50546402 -125.20335 -0.0054093121 0.99980109 -0.019196913 -11.850375 0.50546022 0.019297942 0.86263409 134.75024
0.86926229 -0.0037032556 -0.49433727 -125.64895 -0.0066746335 0.99979287 -0.019226743 -11.888198 0.49430612 0.020012602 0.86905752 135.43763
0.87538614 -0.0023453319 -0.48341865 -126.01198 -0.0075839398 0.99979854 -0.018583757 -11.909005 0.48336489 0.019934181 0.875192 136.1816
0.8805939 -0.0035214003 -0.47385859 -126.45844 -0.0063835054 0.9997935 -0.019292567 -11.938784 0.47382871 0.020013796 0.88038958 136.941
0.88606709 -0.0040278434 -0.4635395 -126.83774 -0.005837012 0.99978603 -0.019845052 -11.975424 0.46352028 0.020289733 0.88585399 137.70162
0.89085155 -0.0048558918 -0.45426856 -127.22539 -0.0050476978 0.99977534 -0.02058595 -12.000567 0.45426651 0.020632036 0.8906269 138.45029
0.89432535 -0.0044452414 -0.44739511 -127.58405 -0.0052372512 0.99977813 -0.020402684 -12.026243 0.44738658 0.020589758 0.89410364 139.23312
0.89720603 -0.0026657075 -0.44160414 -128.07576 -0.0054499055 0.99983879 -0.017108005 -12.062371 0.44157859 0.017756106 0.89704687 139.99901
0.89980605 0.0014405561 -0.43628773 -128.39281 -0.007864188 0.99988564 -0.012917741 -12.093758 0.43621926 0.01505451 0.89971447 140.82034
0.90324933 0.003855294 -0.42909879 -128.82166 -0.0092433904 0.99990243 -0.010473504 -12.109039 0.42901658 0.013426513 0.90319683 141.65785
0.90691085 0.0066704513 -0.42126975 -129.25043 -0.011236809 0.99990193 -0.0083580314 -12.134628 0.42117272 0.012313717 0.90689687 142.49922
0.90965528 0.0084086433 -0.41527888 -129.61901 -0.012182932 0.99990505 -0.0064400647 -12.142314 0.41518533 0.010917553 0.90967135 143.31574
0.91268607 0.0094714818 -0.4085516 -130.03811 -0.012130309 0.99991875 -0.0039173791 -12.168737 0.40848134 0.0085311945 0.91272681 144.15434
0.9159801 0.0096874385 -0.40110671 -130.35932 -0.011381854 0.99993353 -0.0018417967 -12.185648 0.40106224 0.0062523871 0.91602948 145.01452
0.91914979 0.0095648495 -0.39379204 -130.76296 -0.010791935 0.99994136 -0.00090178351 -12.204043 0.39376036 0.0050786518 0.91919911 145.91825
0.9225641 0.0088866876 -0.38574149 -131.11865 -0.010111837 0.99994822 -0.0011473732 -12.204095 0.38571135 0.00495908 0.92260619 146.78558
0.92688863 0.0062478698 -0.37528444 -131.51589 -0.0073738199 0.99997159 -0.0015641928 -12.23264 0.37526404 0.0042171121 0.92690837 147.71691
0.93016581 0.0045436169 -0.36711157 -131.90494 -0.0060395555 0.99997748 -0.0029262851 -12.238516 0.36709003 0.0049391208 0.93017231 148.66148
0.93481333 0.0041392279 -0.35511531 -132.28112 -0.0062421987 0.99996911 -0.004776449 -12.274156 0.3550846 0.0066817884 0.9348103 149.60861
0.93978149 0.0054271743 -0.34173276 -132.64381 -0.0079776589 0.99994983 -0.0060584 -12.281456 0.34168276 0.0084197995 0.93977764 150.56695
0.94520474 0.0087444064 -0.32636103 -132.95593 -0.010997331 0.99992673 -0.0050587015 -12.304004 0.32629291 0.0083706088 0.94523165 151.55108
0.95179208 0.012596468 -0.30648516 -133.2533 -0.014086775 0.99989726 -0.002651046 -12.308528 0.30642031 0.0068406321 0.95187174 152.56382
0.95785993 0.015594709 -0.28681206 -133.59081 -0.016592704 0.99986178 -0.0010492303 -12.329422 0.28675608 0.0057640033 0.95798629 153.566
0.96421126 0.0173911 -0.26456414 -133.88097 -0.018192277 0.99983434 -0.00057822871 -12.357009 0.26451028 0.0053705587 0.96436792 154.65331
0.96942922 0.018876945 -0.2446439 -134.16881 -0.019364877 0.9998124 0.00041091397 -12.361912 0.24460579 0.004339147 0.96961291 155.67061
0.97428467 0.019230108 -0.22449849 -134.44041 -0.019099818 0.99981379 0.002752216 -12.38895 0.22450964 0.0016064383 0.97447055 156.71123
0.97943519 0.021193328 -0.20064285 -134.6537 -0.020409188 0.99977385 0.0059760893 -12.38184 0.20072414 -0.0017582347 0.97964623 157.8028
0.98366029 0.022897285 -0.17857251 -134.87404 -0.021418573 0.99971852 0.010204492 -12.39811 0.17875592 -0.0062129855 0.98387384 158.91043
0.98782739 0.025096803 -0.15351609 -135.07992 -0.023351981 0.9996407 0.013158625 -12.399687 0.15379119 -0.0094135458 0.98805853 160.02193
0.99063403 0.026389139 -0.1339695 -135.23442 -0.024871276 0.99960625 0.012991145 -12.404998 0.13425958 -0.0095374786 0.9909003 161.069
0.99335278 0.026010337 -0.11213259 -135.34546 -0.024976344 0.99963167 0.010616341 -12.404409 0.11236743 -0.0077451098 0.99363654 162.27914
0.99557156 0.026251806 -0.090266923 -135.45886 -0.025524926 0.99963187 0.0091977619 -12.405882 0.090475159 -0.0068529739 0.99587513 163.44189
0.99728884 0.025121549 -0.069165531 -135.5344 -0.024400366 0.99963894 0.011252243 -12.416647 0.069423238 -0.009534072 0.99754174 164.68152
0.99847045 0.025335069 -0.049141562 -135.60448 -0.024733999 0.9996121 0.012801315 -12.415445 0.049446826 -0.011566268 0.99870978 165.7689
0.99927819 0.025756504 -0.027923183 -135.64464 -0.025391056 0.99958826 0.013364248 -12.4226 0.028255905 -0.012645602 0.99952073 166.97839
0.99959862 0.027050921 -0.0084169056 -135.6345 -0.026934747 0.99954437 0.013622782 -12.4268 0.0087815802 -0.013390608 0.99987178 168.19449
0.99955281 0.027216892 0.012386141 -135.69043 -0.027390017 0.99952638 0.014028961 -12.420895 -0.011998451 -0.014361944 0.99982487 169.47254
0.99903149 0.029373007 0.032761323 -135.71525 -0.029822737 0.99946639 0.013324187 -12.415833 -0.032352473 -0.014288315 0.99937439 170.72388
0.99824582 0.03054338 0.05071863 -135.5926 -0.031189807 0.99944141 0.012002968 -12.415504 -0.050323691 -0.013563817 0.99864085 171.94472
0.99656942 0.031358422 0.076590141 -135.49653 -0.032202656 0.99943319 0.0098123861 -12.428991 -0.076239035 -0.01224513 0.99701438 173.28306
0.99520379 0.032334617 0.092324894 -135.44031 -0.033112337 0.99942779 0.0069039525 -12.432763 -0.092048836 -0.0099279328 0.995705 174.45493
0.99316446 0.033683767 0.11175755 -135.25803 -0.034452679 0.99939404 0.0049555238 -12.446699 -0.11152292 -0.0087719971 0.99372315 175.80621
0.99078368 0.03326604 0.13130523 -135.17243 -0.033816076 0.99942615 0.0019607994 -12.460415 -0.13116467 -0.0063829557 0.99134005 177.14193
0.98795217 0.03450696 0.15086342 -134.9113 -0.034346996 0.99940324 -0.0036667622 -12.468127 -0.15089994 -0.0015591197 0.98854781 178.36985
0.98525608 0.035957026 0.16726488 -134.7727 -0.034791208 0.99934561 -0.0098959752 -12.505329 -0.16751127 0.0039307226 0.98586233 179.69885
0.98253836 0.038475772 0.18203841 -134.51658 -0.036244433 0.99922166 -0.015569692 -12.534992 -0.1824958 0.0086999406 0.98316814 180.96112
0.97878205 0.040342709 0.2008934 -134.2765 -0.037094259 0.99911341 -0.019909805 -12.584558 -0.20151852 0.012035369 0.97941076 182.29016
0.97476695 0.042818794 0.21907975 -133.9964 -0.038715164 0.99898574 -0.022992105 -12.626187 -0.21984206 0.013930235 0.97543602 183.67296
0.97090877 0.042263698 0.23569034 -133.68933 -0.037877099 0.99901514 -0.023110273 -12.675037 -0.23643496 0.013510701 0.97155338 184.9936
0.96585239 0.041086189 0.25581456 -133.31367 -0.036268432 0.99906517 -0.023524194 -12.717595 -0.25654196 0.013442906 0.96643961 186.26913
0.96188012 0.040657918 0.27043217 -133.00851 -0.034308342 0.99901429 -0.028167252 -12.78995 -0.27131084 0.017815442 0.96232689 187.4915
0.95687203 0.04201805 0.28745504 -132.64266 -0.03406434 0.99888724 -0.032617561 -12.858004 -0.28850572 0.021418867 0.95723857 188.94209
0.95126038 0.044058004 0.30522546 -132.25383 -0.03553914 0.99880955 -0.033413274 -12.897452 -0.30633425 0.020937274 0.95169373 190.22206
0.94589641 0.045715736 0.32123208 -131.78104 -0.036816296 0.99875273 -0.03372738 -12.969123 -0.32237332 0.020076033 0.94639971 191.57846
0.9394766 0.050121841 0.33892701 -131.31919 -0.039863956 0.99851372 -0.037164623 -13.037395 -0.34028605 0.021404323 0.94007833 192.97267
0.93308865 0.051132193 0.35599306 -130.84079 -0.039262118 0.99840807 -0.040494498 -13.120256 -0.35749694 0.023807916 0.9336108 194.26267
0.92642115 0.05145547 0.37295601 -130.33557 -0.037980797 0.99833587 -0.043392865 -13.180507 -0.37456819 0.026034902 0.92683378 195.59103
0.91959948 0.051453469 0.38947314 -129.84249 -0.035306693 0.99819856 -0.048508514 -13.272367 -0.39126749 0.030857397 0.91975953 196.88794
0.91046877 0.055057421 0.40989667 -129.22543 -0.035946525 0.99788335 -0.054190967 -13.376245 -0.41201271 0.034604824 0.91052075 198.21706
0.89997105 0.059085137 0.43192712 -128.57705 -0.037242194 0.99757111 -0.058863474 -13.491058 -0.43435601 0.03688951 0.89998558 199.71826
0.88816034 0.061779542 0.45536192 -127.89849 -0.038295981 0.99742554 -0.06062765 -13.583371 -0.4579352 0.036408544 0.88823972 200.99813
0.8758041 0.065989973 0.47813437 -127.2215 -0.040738732 0.99718139 -0.063004938 -13.686198 -0.48094444 0.035701396 0.8760239 202.17994
0.86080113 0.070365924 0.5040536 -126.54713 -0.042717844 0.99689059 -0.06621431 -13.80431 -0.50714556 0.035465271 0.86113043 203.52344
0.84623741 0.074393558 0.52758679 -125.71547 -0.044050113 0.99658305 -0.069870033 -13.947813 -0.53098198 0.035886379 0.8466229 204.84568
0.83096635 0.076126442 0.55108953 -124.99108 -0.043491769 0.99645102 -0.072068283 -14.060029 -0.55462007 0.035918461 0.83132814 206.06329
0.81511496 0.077000547 0.57415894 -124.11446 -0.041968995 0.99637165 -0.074041531 -14.199881 -0.57777698 0.036255487 0.81538907 207.32226
0.79793461 0.079295222 0.59750531 -123.26804 -0.039710476 0.99607083 -0.079157949 -14.341342 -0.60143451 0.039435648 0.79794824 208.55824
0.78169221 0.081697437 0.61829021 -122.42023 -0.03749838 0.99574611 -0.084163898 -14.477089 -0.6225361 0.042605383 0.78143049 209.75905
0.7658 0.083513382 0.637633 -121.47044 -0.035428874 0.99550479 -0.087835073 -14.626713 -0.64210216 0.044673482 0.76531636 210.86361
0.74874688 0.084670195 0.65742607 -120.58608 -0.033269369 0.99535858 -0.090301972 -14.767031 -0.66202062 0.045741171 0.74808855 211.98711
0.73311184 0.085681727 0.67468928 -119.53577 -0.031298285 0.99523178 -0.092380353 -14.936865 -0.67938758 0.046608514 0.73229789 213.09367
0.71740539 0.085800778 0.69135207 -118.50963 -0.028619441 0.99517873 -0.093809465 -15.101723 -0.69606787 0.047513307 0.71640216 214.29021
0.70324312 0.086364621 0.70568422 -117.50831 -0.025714328 0.99503454 -0.096151159 -15.261863 -0.71048429 0.049471447 0.701972 215.33013
0.68736155 0.08776625 0.72099316 -116.35291 -0.022579283 0.99477459 -0.099567524 -15.440474 -0.7259644 0.052159381 0.6857515 216.37985
0.67238436 0.09025193 0.7346794 -115.31718 -0.019991536 0.994391 -0.10385987 -15.624682 -0.7399322 0.055146387 0.67041723 217.46613
0.65810156 0.092653304 0.74720657 -114.14375 -0.01871327 0.9941058 -0.10678701 -15.794545 -0.75269662 0.05629402 0.65595643 218.41127
0.64184991 0.09314244 0.7611525 -112.9539 -0.01714561 0.99409082 -0.10718895 -15.989317 -0.76663862 0.055748794 0.63965409 219.41354
0.62510881 0.094357571 0.77481325 -111.75896 -0.017322262 0.99409874 -0.10708702 -16.176114 -0.78034541 0.053519524 0.62305437 220.3651
0.60764875 0.095388785 0.78845667 -110.67639 -0.019065776 0.994227 -0.10558958 -16.362744 -0.79397704 0.04912884 0.60595946 221.35728
0.58554962 0.096558386 0.80486525 -109.42511 -0.020326313 0.99431725 -0.10449899 -16.56696 -0.81038173 0.0448294 0.58418476 222.41728
0.56945662 0.09747545 0.81622156 -108.14656 -0.021939815 0.99439303 -0.10344634 -16.741284 -0.82172858 0.041000455 0.56840229 223.20773
0.55102628 0.10086041 0.82837018 -107.03339 -0.0234814 0.99414991 -0.10542568 -16.929463 -0.83415749 0.038641032 0.55017107 224.04525
0.53417192 0.10489145 0.8388433 -105.70393 -0.026189002 0.99384961 -0.10759684 -17.123377 -0.84497015 0.035506745 0.53363356 224.81123
0.51299891 0.10457255 0.85199568 -104.59048 -0.025184873 0.99395801 -0.1068326 -17.313567 -0.85801975 0.033347607 0.51253302 225.64331
0.49127952 0.10350534 0.86483005 -103.26304 -0.025059871 0.99418269 -0.104751 -17.509309 -0.87064143 0.029789492 0.49101542 226.42213
0.47070639 0.10156912 0.87642407 -102.00236 -0.024771713 0.99448141 -0.10194654 -17.679325 -0.88194213 0.026276363 0.47062479 227.06388
0.4490235 0.10028447 0.88787435 -100.70259 -0.02446766 0.99468906 -0.099975076 -17.872696 -0.89318492 0.023166952 0.44909249 227.74449
0.42646216 0.098845187 0.8990882 -99.488352 -0.022849281 0.99487099 -0.098537445 -18.037094 -0.90421679 0.021478974 0.42653337 228.39665
