1.000000000000000000e+00 4.398956837314658088e-19 2.733407509747682871e-20 -8.673617379884035472e-19 -5.583667658079949532e-19 1.000000000000000000e+00 -6.100159232558060012e-19 0.000000000000000000e+00 4.145284534913582806e-20 -2.210423569125054137e-19 1.000000000000000222e+00 0.000000000000000000e+00
9.998836590986519557e-01 5.073574037595080877e-04 1.524502779253430682e-02 -5.402219640567097747e-02 -5.041105723364779035e-04 9.999998494315368580e-01 -2.168188521881769283e-04 -9.089213052462422060e-03 -1.524513576597845768e-02 2.091084632848967781e-04 9.998837642904839784e-01 4.375210984266358905e-02
9.993749371448304997e-01 2.765249450200413413e-03 3.524327489042693856e-02 -2.410504175276192637e-02 -2.757348650755522129e-03 9.999961613044783260e-01 -2.727818689361889964e-04 -4.970724720939082020e-03 -3.524389452283323981e-02 1.754333989996889869e-04 9.993787255560356853e-01 2.005563108934805550e-01
9.979946761072492345e-01 4.663172666238279973e-03 6.312591617468085725e-02 5.476919930201079589e-03 -4.721024286398618243e-03 9.999885615143422335e-01 7.673193005277922441e-04 9.273879275306096126e-04 -6.312161705985580573e-02 -1.063799514603122739e-03 9.980052754224174594e-01 3.868695971813633228e-01
9.952762939574618661e-01 4.351350861845466877e-03 9.698538238521328680e-02 5.769865273888719753e-02 -4.631276079350394453e-03 9.999857341948220624e-01 2.661333654637861815e-03 6.439593756020212112e-03 -9.697242009083703596e-02 -3.097928319569721173e-03 9.952822477113326682e-01 5.573697709052753968e-01
9.910248262116191365e-01 1.059072767885567076e-03 1.336737523665701421e-01 1.263760057070612564e-01 -1.695596235978653237e-03 9.999877603625756395e-01 4.648018977792682180e-03 -2.416552059721771561e-04 -1.336671959681337840e-01 -4.832958831601335582e-03 9.910144920001516811e-01 7.478648201508133475e-01
9.847049279660826659e-01 -1.997402467059299341e-03 1.742188707968893857e-01 1.892506097193347725e-01 1.061489097551792478e-03 9.999845030148218905e-01 5.465067952369240430e-03 -1.256267526006610291e-02 -1.742270898816578317e-01 -5.196547795976121098e-03 9.846917879858131384e-01 9.410930572966255125e-01
9.761251125451272381e-01 -2.422100283499474278e-03 2.171955284399979258e-01 2.817978475385715109e-01 1.052251420472927017e-03 9.999788224462610176e-01 6.422415610823195738e-03 -7.058481535942726093e-03 -2.172064882599185898e-01 -6.040536707942242151e-03 9.761069889578615211e-01 1.164562186035281499e+00
9.643323473920124567e-01 -2.432802176467584870e-03 2.646832151777117614e-01 3.891131961491770541e-01 -1.417522288485529355e-04 9.999528721099495421e-01 9.707392168871098112e-03 7.718515135834602692e-03 -2.646943619555556237e-01 -9.398671548967511141e-03 9.642865552183514932e-01 1.355410460683130758e+00
9.499627987578465049e-01 -6.264036081873116529e-03 3.123002426625643979e-01 5.185550510642109590e-01 1.194806779826158806e-03 9.998644585728511114e-01 1.642062457623283747e-02 1.922565035850647835e-02 -3.123607778211786590e-01 -1.522584387378306259e-02 9.498415233218705511e-01 1.611173291413903641e+00
9.331779114237493955e-01 -1.601818777611510591e-02 3.590576577044599094e-01 6.404606837236519468e-01 7.608010712243633115e-03 9.996628927732470471e-01 2.482375799516432779e-02 -2.373204644913889938e-03 -3.593342545923722819e-01 -2.043326797055234831e-02 9.329851964504991546e-01 1.792941626608870020e+00
9.121854539028541042e-01 -2.164356946386704686e-02 4.092056344288427794e-01 8.000333933404399911e-01 1.033476683048538923e-02 9.995016338197942884e-01 2.982744631806864138e-02 -9.308109486952723111e-03 -4.096472796570289621e-01 -2.297911764863364709e-02 9.119545321969434459e-01 2.017309181033636989e+00
8.873806350894333228e-01 -2.345385391934922542e-02 4.604405739548128595e-01 1.002441411502566826e+00 8.872309419605432096e-03 9.993889762330483428e-01 3.380763636311900910e-02 -5.873078161517913953e-03 -4.609521611421462661e-01 -2.591507036870999495e-02 8.870465136394469763e-01 2.261657589811904234e+00
8.590230621280795509e-01 -2.574755824063548401e-02 5.112889966598445080e-01 1.173482568939746784e+00 7.200400851506829486e-03 9.992433094671946403e-01 3.822254149916776839e-02 1.837728894174567307e-02 -5.118862550657602428e-01 -2.915255867545402113e-02 8.585584395384560086e-01 2.488332917690558865e+00
8.267859978013770705e-01 -3.077767208972733218e-02 5.616739659028286979e-01 1.411405278813790964e+00 8.143012974147552374e-03 9.990522794560904307e-01 4.275785557619107141e-02 2.009834955728219408e-02 -5.624576529144927894e-01 -3.077787761749424186e-02 8.262530579274169895e-01 2.725937082929997146e+00
7.911721193367058369e-01 -3.660457537079335466e-02 6.104971555367777469e-01 1.626733665410578622e+00 1.037173649171419833e-02 9.988667950526429751e-01 4.644946475681746567e-02 1.939758722827419901e-02 -6.115056106326939300e-01 -3.041760551370266408e-02 7.906552113370624024e-01 2.920558665632559503e+00
7.530918678081879314e-01 -4.101128507051478300e-02 6.566359009496390842e-01 1.891851319240548834e+00 1.138924589466012646e-02 9.987183684721141486e-01 4.931435391880098495e-02 3.401096641795572917e-02 -6.578167920650215272e-01 -2.965965077255296525e-02 7.525937682225055658e-01 3.140054936868972302e+00
7.130352041786924833e-01 -4.428118479613987746e-02 6.997284948798608850e-01 2.184327855876419644e+00 1.234592737642924501e-02 9.986418404174896013e-01 5.061672243342556221e-02 4.163487767186321853e-02 -7.010195324709221909e-01 -2.745270737668464509e-02 7.126134798997894038e-01 3.390412200661134356e+00
6.714782038543710696e-01 -4.608579735898579721e-02 7.395898270688526788e-01 2.482487183239420414e+00 1.137400461083804340e-02 9.985876119383764182e-01 5.189810446948994044e-02 5.226854336211970986e-02 -7.409370175563991801e-01 -2.643634736001710880e-02 6.710539950959572009e-01 3.570845851283502626e+00
6.292541883653628432e-01 -4.644797320210435759e-02 7.758103779392397925e-01 2.828401650963959568e+00 7.136551582393594814e-03 9.985158112969535482e-01 5.399300113097105919e-02 7.916500391977317197e-02 -7.771668078401631208e-01 -2.843871079454125123e-02 6.286517336825565572e-01 3.785765799487721406e+00
5.874516288208702086e-01 -4.740018718928279418e-02 8.078699124594698189e-01 3.162530034567111681e+00 4.431492429551838960e-03 9.984566206596318105e-01 5.536008027733441139e-02 9.839652192938327935e-02 -8.092471548801227765e-01 -2.894129937009579448e-02 5.867550205575881028e-01 3.999859056919625289e+00
5.475048253037813062e-01 -4.842695949416701839e-02 8.354000744913135934e-01 3.543875103190891274e+00 2.158979767630310985e-03 9.984024696869937543e-01 5.646102447117204437e-02 1.168222608176880672e-01 -8.367997477563853259e-01 -2.910907089262979031e-02 5.467347214094714358e-01 4.197652492569850402e+00
5.083622471723372449e-01 -5.091539691930761086e-02 8.596368046220901338e-01 3.972272516251880159e+00 1.253456826428815370e-03 9.982932592281431594e-01 5.838661986996195735e-02 1.286743328001005993e-01 -8.611424202486810398e-01 -2.860403503963773048e-02 5.075584236509680380e-01 4.417021828332978295e+00
4.713419525779229402e-01 -5.076348697268467935e-02 8.804883981759171752e-01 4.373239591818841809e+00 -1.635358518833334536e-03 9.982901310790716076e-01 5.843064052276615572e-02 1.525266026735887237e-01 -8.819490367324733793e-01 -2.898072575623409503e-02 4.704530018929218294e-01 4.609631977171853023e+00
4.352458532212255538e-01 -5.016012459628969161e-02 8.989132303742435326e-01 4.828962971428882867e+00 -2.891436589331608086e-03 9.983637304352960262e-01 5.710955532110241484e-02 1.789869817791008288e-01 -9.003070039888571019e-01 -2.745584706254151214e-02 4.343886376044345243e-01 4.782535727114675339e+00
4.013241292517802372e-01 -4.891453211642726034e-02 9.146290493337563277e-01 5.340477016270405386e+00 -1.843387208713231744e-03 9.985278388439197128e-01 5.421030291543888630e-02 1.942958765517132647e-01 -9.159342554164067174e-01 -2.344191737501532743e-02 4.006431457577213084e-01 4.975731584475141744e+00
3.713998956607877933e-01 -4.725505530653616171e-02 9.272696818458180390e-01 5.837834196986422697e+00 1.022620411606066794e-04 9.987060623690684480e-01 5.085460151360614994e-02 2.175718998312403951e-01 -9.284730057769368106e-01 -1.879256842008197523e-02 3.709241584624040633e-01 5.157283061492170972e+00
3.458003092528748601e-01 -4.551120455729657649e-02 9.372037460702835610e-01 6.373857730108522190e+00 1.077392871067693386e-03 9.988416140398234111e-01 4.810685246024598571e-02 2.419625124671757610e-01 -9.383075194443251110e-01 -1.562562699793511659e-02 3.454487711667776906e-01 5.328820441857909707e+00
3.256289290430049443e-01 -4.495701985683815682e-02 9.444282142881081921e-01 6.951501426650331439e+00 2.321309399733041939e-03 9.989039317553584096e-01 4.674983007829038723e-02 2.683215340960301010e-01 -9.454948059112529002e-01 -1.303078615266204873e-02 3.253763753464092856e-01 5.502584341836254112e+00
3.107802194594639911e-01 -4.544530682709750635e-02 9.493947356637766344e-01 7.527539076802827189e+00 3.650827471205624151e-03 9.989060151433072354e-01 4.662021378241894276e-02 2.982077022894840113e-01 -9.504747985665505938e-01 -1.102256300613215292e-02 3.106061422522961024e-01 5.693219018977822898e+00
2.983761988471406723e-01 -4.695191561188249291e-02 9.532927914673186010e-01 8.153638797187522158e+00 4.315545318406807489e-03 9.988454616506307060e-01 4.784474652365925534e-02 3.172403772405374411e-01 -9.544385973989066851e-01 -1.016175446287876857e-02 2.982343338692383661e-01 5.872319588100079812e+00
2.878376888672637968e-01 -4.872489683216980894e-02 9.564388814033356612e-01 8.799600099522029595e+00 3.091720968045830187e-03 9.987469444175558486e-01 4.994979718881542574e-02 3.439275152415799952e-01 -9.576742256098397243e-01 -1.142039114778388952e-02 2.876276546920623622e-01 6.061033871812506746e+00
2.779097682299501715e-01 -5.033387860051352636e-02 9.592875720259788075e-01 9.461557990465562895e+00 1.389255118476526813e-03 9.986462975705013845e-01 5.199656027777192768e-02 3.763339205065122650e-01 -9.606061872825486514e-01 -1.311765596659044547e-02 2.776034863587991675e-01 6.247560538543427633e+00
2.670612053593170443e-01 -5.200081455349608167e-02 9.622755386165557923e-01 1.016537780564622295e+01 6.615249702046807319e-04 9.985527177147048850e-01 5.377761885991323709e-02 4.042892393863248834e-01 -9.636793509349079745e-01 -1.372534553807347284e-02 2.667090908998093757e-01 6.444129009941560682e+00
2.567703539901691756e-01 -5.406702918782291950e-02 9.649589244650389475e-01 1.086833587058580264e+01 -2.858571064224062447e-04 9.984296914401343814e-01 5.601847459873132706e-02 4.315908912180131396e-01 -9.664724104283646255e-01 -1.465972304314850858e-02 2.563516885121513433e-01 6.638107970902348498e+00
2.468245696408780943e-01 -5.580899273081634665e-02 9.674517932655509744e-01 1.158508335220682817e+01 -5.982633772133012047e-04 9.983313040030660224e-01 5.774296049523545971e-02 4.626736370453294889e-01 -9.690600035592783490e-01 -1.483117147255536006e-02 2.463793046410246712e-01 6.811914736640146906e+00
2.361973986368711975e-01 -5.707480382082875947e-02 9.700274427485779949e-01 1.235687850970415447e+01 -1.187156313873673555e-03 9.982558117919304586e-01 5.902478158543222192e-02 4.913218784189796740e-01 -9.717043769624605920e-01 -1.509307318823463646e-02 2.357176678500915723e-01 6.998986529277333446e+00
2.263150428695578087e-01 -5.979200803766798050e-02 9.722172602339554937e-01 1.312817737500087745e+01 -2.334078473720462010e-03 9.980780269965713325e-01 6.192579478869618403e-02 5.274000397569934551e-01 -9.740513693772593351e-01 -1.628396940641793286e-02 2.257405108696950713e-01 7.187149006170962195e+00
2.147620305844248345e-01 -6.338027673816912233e-02 9.746077131813517536e-01 1.389026397112631273e+01 -3.963237546181303840e-03 9.978273595887152680e-01 6.576361576044886803e-02 5.746424728413558336e-01 -9.766583741397772966e-01 -1.798612867566553447e-02 2.140442374642489154e-01 7.356476908775651857e+00
2.024287449236938097e-01 -6.718168669652552216e-02 9.769898709577405915e-01 1.467729500342669624e+01 -4.457281916299554031e-03 9.975705701661492508e-01 6.952042955307558003e-02 6.130945255897530810e-01 -9.792868592753485313e-01 -1.842765171759084761e-02 2.016375094099893128e-01 7.517146982393331456e+00
1.899416537829288210e-01 -6.956623896151356568e-02 9.793276725433696095e-01 1.547227050263943404e+01 -5.242027546021984369e-03 9.974004682307511249e-01 7.186673129552086092e-02 6.556855891612071163e-01 -9.817813943320086167e-01 -1.878414756066758978e-02 1.890832249112592844e-01 7.676224316385150459e+00
1.766835858852109642e-01 -7.036981756021337686e-02 9.817489408232322745e-01 1.627905966354538947e+01 -5.856748339223191366e-03 9.973481645883589541e-01 7.254196742593103930e-02 6.900971423787820580e-01 -9.842502862561007815e-01 -1.856683053481369625e-02 1.758029104125445330e-01 7.809672871639705249e+00
1.610462536635475783e-01 -6.971805032990914530e-02 9.844813259152440654e-01 1.707983770713092397e+01 -7.380538777129098775e-03 9.973889000803289884e-01 7.183947100807988595e-02 7.284463674740523365e-01 -9.869192717320706132e-01 -1.883547939523269946e-02 1.601111876549463353e-01 7.971546012257108238e+00
1.450643294905397396e-01 -6.863394418625723414e-02 9.870388570575122644e-01 1.786879917451584276e+01 -8.664638082246564274e-03 9.974647840328517701e-01 7.063234822846124750e-02 7.640006863026781447e-01 -9.893842941482570152e-01 -1.879856782500400822e-02 1.441018704212919666e-01 8.071154330063658122e+00
1.239062936526241360e-01 -6.730366284343745897e-02 9.900088032716645170e-01 1.869394893251352485e+01 -1.097420932659403693e-02 9.975431810310145808e-01 6.918936818492622820e-02 8.072580510538066578e-01 -9.922332459373268687e-01 -1.943756113554551829e-02 1.228632724530122761e-01 8.151300462699653693e+00
9.866728365472755835e-02 -6.589541548032630536e-02 9.929363244497667607e-01 1.951530240272106909e+01 -1.526512918192488542e-02 9.975875128618620913e-01 6.772097153318577811e-02 8.492725669881477923e-01 -9.950033971046216008e-01 -2.183914470891716239e-02 9.742334668575028389e-02 8.248124871017321169e+00
6.934061744359053259e-02 -6.539066387892225607e-02 9.954475992118689831e-01 2.035320981914583527e+01 -1.910078739370060091e-02 9.975794389312625521e-01 6.686122137560035483e-02 8.893487406548754581e-01 -9.974101744119467927e-01 -2.365003047812759204e-02 6.792375968648553530e-02 8.297835830768407916e+00
3.497959732627606289e-02 -6.514073488169513926e-02 9.972628014932229945e-01 2.119627975723054547e+01 -2.256870297142136300e-02 9.975675186975661024e-01 6.595224996659902750e-02 9.261885226391087800e-01 -9.991331736853139578e-01 -2.481391025438660358e-02 3.342436682071604770e-02 8.305174534499004224e+00
9.779159545900834027e-04 -6.457821934752681903e-02 9.979121604654239697e-01 2.203687773297451713e+01 -2.434537001360392514e-02 9.976153347104974589e-01 6.458286851032385423e-02 9.617610330038930400e-01 -9.997031379140437490e-01 -2.435769655365028347e-02 -5.965980857383578698e-04 8.286126475814501902e+00
-3.313687233989700415e-02 -6.370909270296626348e-02 9.974182081268370137e-01 2.288008112948855555e+01 -2.541644371934170463e-02 9.976972455291684971e-01 6.288251468060131188e-02 9.933751897254072816e-01 -9.991276041280026110e-01 -2.326709302617952640e-02 -3.467982622086511479e-02 8.262387279343041513e+00
-6.563291428778346426e-02 -6.180872230441573217e-02 9.959277007482163491e-01 2.369313701318953491e+01 -2.722523999778277484e-02 9.978190906666268845e-01 6.013192676460190483e-02 1.025192707286994187e+00 -9.974723675469686635e-01 -2.316773621259089061e-02 -6.717253354202488980e-02 8.203315420033344907e+00
-9.718568542102642982e-02 -5.871025765250764000e-02 9.935331051062419316e-01 2.454728726109176051e+01 -2.992267316728667789e-02 9.979796970578005411e-01 5.604603385150136452e-02 1.065650717776096768e+00 -9.948163615455807296e-01 -2.428229331610422606e-02 -9.874611013379440416e-02 8.130346121232264522e+00
-1.305389154034123367e-01 -5.458011675300515619e-02 9.899396876803977507e-01 2.536431175806654892e+01 -2.734355497479534769e-02 9.983019182037095041e-01 5.143549486129456172e-02 1.088753794035238087e+00 -9.910660615772587390e-01 -2.035413567226303580e-02 -1.318096654538273294e-01 7.988231872955931401e+00
-1.609085104323467463e-01 -4.906086098239891696e-02 9.857491902702505415e-01 2.619421333904836757e+01 -2.258308329712505058e-02 9.986852937164499844e-01 4.601834936813352372e-02 1.107010615349340199e+00 -9.867109365308603941e-01 -1.485651109161994013e-02 -1.618049098913494355e-01 7.852880150159761818e+00
-1.925657745555579836e-01 -4.279015307976087590e-02 9.803506558072389021e-01 2.703784797987172084e+01 -1.676863086301241118e-02 9.990464071636091514e-01 4.031239711787474450e-02 1.127783985168440806e+00 -9.811407910708741520e-01 -8.676349304829796688e-03 -1.930996788660736263e-01 7.663655511127140940e+00
-2.216854742725652971e-01 -3.709991446695714429e-02 9.744121972147132826e-01 2.786444848397942309e+01 -1.099512090679829676e-02 9.993075435241745019e-01 3.554631870676366878e-02 1.134741327180888826e+00 -9.750562414439913894e-01 -2.833676369627745762e-03 -2.219398861402786804e-01 7.467285019948652902e+00
-2.492699304875337640e-01 -3.077990207880089424e-02 9.679447726010355080e-01 2.867864774067039235e+01 -2.620783992357064371e-03 9.995125676881363441e-01 3.110881730451056995e-02 1.154280122040116430e+00 -9.684305081665541826e-01 5.217719658503593670e-03 -2.492290971005870492e-01 7.234427378089447025e+00
-2.762549291805355689e-01 -2.076165028192613130e-02 9.608601103242461194e-01 2.948588600276237770e+01 3.256436911482212329e-03 9.997406832485522532e-01 2.253800925357753518e-02 1.144809207199469769e+00 -9.610788861172263609e-01 9.355217604268575154e-03 -2.761156839935027807e-01 6.990818605104559325e+00
-3.008163518216961929e-01 -6.151216501505472715e-03 9.536622404496566396e-01 3.024211109841644074e+01 7.267183403755232349e-03 9.999353807155302309e-01 8.741991946541998598e-03 1.135008402854639664e+00 -9.536544058836485815e-01 9.560173642985890161e-03 -3.007522126051131450e-01 6.713261223091569363e+00
-3.268790430716789208e-01 1.146313241569963184e-02 9.449966517946111200e-01 3.104394727520935859e+01 8.804061557257185019e-03 9.999199815021111437e-01 -9.084001227077387677e-03 1.120298351555600869e+00 -9.450251820580592987e-01 5.350440120534051200e-03 -3.269538101536783037e-01 6.456009532263551343e+00
-3.516657283377591092e-01 2.608157607475386497e-02 9.357622301014844046e-01 3.184212605986301980e+01 7.571549637446556812e-03 9.996583510813727980e-01 -2.501704888795765191e-02 1.092705272183382093e+00 -9.360950282172912917e-01 -1.712467569741952470e-03 -3.517430613865963895e-01 6.151366557728384699e+00
-3.760809418612170996e-01 3.681310574651708301e-02 9.258552290126489392e-01 3.258083540337243988e+01 1.176985002874720784e-02 9.993196392963210606e-01 -3.495324193656156736e-02 1.062761116246887294e+00 -9.265120669284082622e-01 -2.248069999333364866e-03 -3.762583572047745739e-01 5.842583405603258839e+00
-3.996912873913486819e-01 4.172618287718476288e-02 9.156996152789418364e-01 3.337845770761003195e+01 1.544673743324133548e-02 9.991281611937022911e-01 -3.878550991319693053e-02 1.006921658875273407e+00 -9.165196599658362864e-01 -1.357657910975322698e-03 -3.999873556978807976e-01 5.495856778325772574e+00
-4.219985161335734203e-01 4.107234562610144468e-02 9.056656668315584691e-01 3.409010391710066301e+01 1.788852270727619292e-02 9.991559969841922184e-01 -3.697694429885567402e-02 9.716044364249549758e-01 -9.064200278073977213e-01 5.968061859083226631e-04 -4.223770729769660282e-01 5.128795323774724579e+00
-4.425776377895367375e-01 3.725472037162638056e-02 8.959559731899277013e-01 3.482672255913250581e+01 2.172443135276955206e-02 9.992888315214902839e-01 -3.082012717829272705e-02 9.263515693622849101e-01 -8.964670082892053360e-01 5.823835960292187211e-03 -4.430722294019258101e-01 4.751264232875668014e+00
-4.602198707098588137e-01 3.600788989305562376e-02 8.870744547580184935e-01 3.556066810366789355e+01 2.883467442198061129e-02 9.992562747691482450e-01 -2.560193034171447807e-02 8.874312848523957520e-01 -8.873366019675399397e-01 1.379598709535393396e-02 -4.609158706120023985e-01 4.349994331071773246e+00
-4.750198164839263826e-01 3.679595636068885151e-02 8.792054467453338518e-01 3.627082435266559912e+01 3.264993360636432584e-02 9.991743957501856288e-01 -2.417661389952411102e-02 8.438982722158044902e-01 -8.793691878613044688e-01 1.722162986609102053e-02 -4.758290248759824426e-01 3.972400326307026219e+00
-4.850379012062963624e-01 4.029769830808812431e-02 8.735641453904559040e-01 3.696623933967250508e+01 3.491116811726836799e-02 9.990336518750830841e-01 -2.670154873666253162e-02 7.960744303681891454e-01 -8.737960044148325167e-01 1.754588268042995766e-02 -4.859760266918823901e-01 3.560825811010853492e+00
-4.959737958761565313e-01 4.314633229376890061e-02 8.672648812231288362e-01 3.765982914516958147e+01 3.717410337413577098e-02 9.989041354472653067e-01 -2.843614186654131251e-02 7.583353818024609616e-01 -8.675414066431079707e-01 1.813621422218736692e-02 -4.970342032140614985e-01 3.183505750759858977e+00
-5.060326897436165927e-01 4.230352361658319682e-02 8.614762418985071335e-01 3.834937776690802735e+01 3.066697855964523392e-02 9.990474112278190377e-01 -3.104523300432483410e-02 7.061635442358255021e-01 -8.619689469827254147e-01 1.070897170373382411e-02 -5.068479711512612340e-01 2.776389567840198858e+00
-5.181340034960280061e-01 4.099202319643936721e-02 8.543165661595861771e-01 3.905285369016816333e+01 2.910426415472523384e-02 9.991173859862153561e-01 -3.028845948302686178e-02 6.791085646181634905e-01 -8.548041344265959740e-01 9.170775247709574141e-03 -5.188697350390741869e-01 2.370095471996576109e+00
-5.260893285744949743e-01 4.242342185178305664e-02 8.493705072219758234e-01 3.970755810859250090e+01 3.132058246468505391e-02 9.990439415608405316e-01 -3.049957198454884139e-02 6.420725780835413454e-01 -8.498523703113438632e-01 1.055728068146273221e-02 -5.269150839121250485e-01 1.943883791200076816e+00
-5.336210989718801478e-01 4.533084856025947768e-02 8.445079182216924663e-01 4.039043438964800004e+01 3.468074214228974994e-02 9.988954366323011813e-01 -3.170414391168049212e-02 5.922671504409700027e-01 -8.450122960976864661e-01 1.237016225789647553e-02 -5.346037893146616815e-01 1.504563328768897312e+00
-5.372257111949242381e-01 4.858694306506536331e-02 8.420379037212085693e-01 4.110078280971580966e+01 3.577824419186857036e-02 9.987535597345836846e-01 -3.480293232980931351e-02 5.590225428708386346e-01 -8.426793364630893457e-01 1.142960867792172479e-02 -5.382944481381743973e-01 1.044666035586665709e+00
-5.373777285640558565e-01 4.978273543307232263e-02 8.418710371603789211e-01 4.179292370829452352e+01 3.483229537407577653e-02 9.987145441842293359e-01 -3.682350299494446810e-02 5.138599782879820221e-01 -8.426220384426660326e-01 9.536171230095220192e-03 -5.384210013703796260e-01 6.132977162981275709e-01
-5.339196983509836292e-01 5.129751960700110192e-02 8.439776698757956996e-01 4.252508942476625009e+01 3.777028777379892038e-02 9.986085508632184249e-01 -3.680173147387684474e-02 4.748142417855490960e-01 -8.446911700513691779e-01 1.222811111781585587e-02 -5.351142995160920179e-01 1.480539070592018225e-01
-5.276863649385791222e-01 4.974460806025950838e-02 8.479814627498525326e-01 4.326224634410436209e+01 3.594027853732421202e-02 9.986973246381319891e-01 -3.622085141320149221e-02 4.274150320557793536e-01 -8.486786249504667534e-01 1.136344156395400172e-02 -5.287867971779057763e-01 -3.146654960271513257e-01
-5.211023276629570544e-01 4.829535663611245894e-02 8.521266980058357365e-01 4.401364180833897422e+01 3.348806798838860344e-02 9.987859054545173976e-01 -3.612844182801110832e-02 3.853395354842240605e-01 -8.528369863854664557e-01 9.709462670545761578e-03 -5.220869795578132466e-01 -7.671213562577390288e-01
-5.139089144999927639e-01 4.775858705876897398e-02 8.565142915662483647e-01 4.481434115660579920e+01 3.190421139545221441e-02 9.988223780782908845e-01 -3.655103676134194984e-02 3.397738650201581612e-01 -8.572512822799202015e-01 8.542510392878661582e-03 -5.148274253620451768e-01 -1.215390438560995268e+00
-5.073114306829159537e-01 4.616491221998220845e-02 8.605253626483236884e-01 4.560296943433821326e+01 2.872224587510406948e-02 9.989150844684864250e-01 -3.665633043137218883e-02 2.901909156091739272e-01 -8.612840165100381640e-01 6.120046592303351844e-03 -5.080870018055011483e-01 -1.704079463543661577e+00
-5.027673055544601421e-01 4.407024041200295617e-02 8.632976525386421018e-01 4.641193584181971232e+01 2.509814532449522809e-02 9.990227327852589934e-01 -3.638217190415730246e-02 2.527785549499720341e-01 -8.640573660707716597e-01 3.375404360846131439e-03 -5.033820500654828667e-01 -2.159644520878180263e+00
-5.012880228180390807e-01 4.127383426293856211e-02 8.642955369886941019e-01 4.724243007650477466e+01 2.030901872087409119e-02 9.991477661444875258e-01 -3.593445599337148633e-02 2.109136910968718581e-01 -8.650421228277573871e-01 -4.605172298238747975e-04 -5.016990404843391094e-01 -2.613666295763326097e+00
-5.015158670152657372e-01 3.910959420173967110e-02 8.642639997408004815e-01 4.809054117072842160e+01 1.746756320043808472e-02 9.992318069950238968e-01 -3.508105030758659759e-02 1.593638012166556372e-01 -8.649720987964241159e-01 -2.497116415657858572e-03 -5.018137565604072758e-01 -3.102555311312858333e+00
-5.022751797211872926e-01 3.748699504457261855e-02 8.638948752733049963e-01 4.893945461918303863e+01 1.598365750641824595e-02 9.992916537597418269e-01 -3.406924400523850954e-02 1.211612127967493235e-01 -8.645601071328381515e-01 -3.303934946532693061e-03 -5.025185754926592141e-01 -3.584090029379928932e+00
-5.036835126924822381e-01 3.725368670044439112e-02 8.630846241111320705e-01 4.982328976937418474e+01 1.632970510404706255e-02 9.993018286975264841e-01 -3.360350965124859340e-02 6.997216140788470318e-02 -8.637339127668732797e-01 -2.831615483228470259e-03 -5.039401982519647882e-01 -4.082844791931688810e+00
-5.032628608154726679e-01 3.636234426537997971e-02 8.633679744715410109e-01 5.068138378472085748e+01 1.572667917231940909e-02 9.993341973328500050e-01 -3.292162773133867903e-02 1.775341934244670933e-02 -8.639902642884099704e-01 -2.990320508108792758e-03 -5.034996471986864508e-01 -4.579499801808380788e+00
-5.033582383317818376e-01 3.598315541098875969e-02 8.633282590828229575e-01 5.156717748256320988e+01 1.636370395777184128e-02 9.993503216673625955e-01 -3.211173842340723367e-02 -1.936212183730896819e-02 -8.639228700484763435e-01 -2.036459119084937670e-03 -5.036200363093423782e-01 -5.098364818915036345e+00
-5.038161416023237971e-01 3.520413666585249512e-02 8.630932456750418647e-01 5.244320641504301506e+01 1.572822259281282664e-02 9.993774109266361227e-01 -3.158185417838312026e-02 -7.978231798839256761e-02 -8.636677201123296177e-01 -2.336524319385575692e-03 -5.040561708907617122e-01 -5.609335759342729766e+00
-5.035973609825362685e-01 3.362825256102265625e-02 8.632837454409505451e-01 5.333317085087411868e+01 1.382240501383084214e-02 9.994278815083701417e-01 -3.086828074980852224e-02 -1.317536122298735290e-01 -8.638279061402709402e-01 -3.612526251742686611e-03 -5.037740681623406047e-01 -6.127501148128825292e+00
-5.038053142943048623e-01 3.325449415612746762e-02 8.631768824589948208e-01 5.423091406914804224e+01 1.387093666626691355e-02 9.994413129218497893e-01 -3.040820800809629701e-02 -1.771265882010975012e-01 -8.637058612146719661e-01 -3.346744021068005000e-03 -5.039851169729848701e-01 -6.641862726737755018e+00
-5.032820739339713967e-01 3.245621546652075612e-02 8.635124403440073149e-01 5.512203169821304272e+01 1.237613965455456981e-02 9.994626227326270929e-01 -3.035287306686058895e-02 -2.292581669256087695e-01 -8.640335627319677414e-01 -4.589105459210827791e-03 -5.034133054593354917e-01 -7.150420604636066102e+00
-5.025004647238399125e-01 3.101143233705456678e-02 8.640205787458326014e-01 5.601451180422807141e+01 1.187211826706474453e-02 9.995097822444092284e-01 -2.896977705592882965e-02 -2.851401299150204127e-01 -8.644954297614456662e-01 -4.299571040886775164e-03 -5.026223026824426787e-01 -7.670636074573868868e+00
-4.999477147898744867e-01 2.870319245696026367e-02 8.655798031685294491e-01 5.694428925822138865e+01 1.206127170183186360e-02 9.995844688416500867e-01 -2.618043836773861072e-02 -3.462179578306694427e-01 -8.659716049419508010e-01 -2.648856234000210481e-03 -5.000861691580449353e-01 -8.192447166679169612e+00
-4.976171923805267627e-01 2.750540410411141112e-02 8.669605348494703323e-01 5.781530720418931679e+01 1.302971979819174571e-02 9.996213630770126590e-01 -2.423544632494365608e-02 -3.842369579449247952e-01 -8.672988923402600303e-01 -7.637209774574536944e-04 -4.977871650665641190e-01 -8.682772492668085818e+00
-4.952836772318177094e-01 2.682143324853084043e-02 8.683171518178831594e-01 5.871389364970766422e+01 1.253288251677149752e-02 9.996398619509285766e-01 -2.372916416650143467e-02 -4.436078869144797765e-01 -8.686409030040151968e-01 -8.701499008213083551e-04 -4.954414578284013770e-01 -9.194796372182556965e+00
-4.937600803852711384e-01 2.761534288905753004e-02 8.691595723375695748e-01 5.962339138008274375e+01 1.377548401201841161e-02 9.996186116809415712e-01 -2.393464427703348441e-02 -4.857956338142990771e-01 -8.694890634918758243e-01 1.551228540692553375e-04 -4.939521819959695748e-01 -9.678841957373650828e+00
-4.924962770955422231e-01 2.791324969421716748e-02 8.698668023607333266e-01 6.048075018366414923e+01 1.347890869646828707e-02 9.996102999404680167e-01 -2.444518866791924386e-02 -5.314081558872605360e-01 -8.702101749372115336e-01 -3.143082650690395938e-04 -4.926805926354161924e-01 -1.017254563173788817e+01
-4.930720976418117574e-01 2.829677459674098672e-02 8.695281395073652941e-01 6.135979988927744699e+01 1.205264116287282743e-02 9.995971684418564207e-01 -2.569503185072773838e-02 -5.882162021584491640e-01 -8.699049677157482119e-01 -2.189391685168894010e-03 -4.932145247345323114e-01 -1.067874679182457243e+01
-4.960796148030067743e-01 3.060384502079915511e-02 8.677375218461262918e-01 6.226912170870750884e+01 1.129497101580113558e-02 9.995215381214188621e-01 -2.879441680725442973e-02 -6.328154928739894158e-01 -8.682035774183503030e-01 -4.483252141676452758e-03 -4.961879303825067478e-01 -1.115931602755188123e+01
-4.993456251079477215e-01 3.106174393947937207e-02 8.658458876591373921e-01 6.313810611764953507e+01 1.014642779450737782e-02 9.994982533624456877e-01 -3.000485807515590464e-02 -6.804491740020618407e-01 -8.663434706087395076e-01 -6.197550951002579224e-03 -4.994102470803808425e-01 -1.166249602793079632e+01
-5.057417570680453611e-01 3.033333348790426612e-02 8.621514661415803360e-01 6.400376677956784022e+01 1.084006505637392925e-02 9.995261895930116491e-01 -2.880779905071844185e-02 -7.149182228512273030e-01 -8.626168213104035143e-01 -5.223528040549919177e-03 -5.058309478822045069e-01 -1.213999140551903544e+01
-5.101064801861752152e-01 2.819699715118852493e-02 8.596489369663218305e-01 6.488039473419902947e+01 1.342333054992276425e-02 9.996017552295439756e-01 -2.482227053851205831e-02 -7.828424750600257997e-01 -8.600065146530166960e-01 -1.122648292388858963e-03 -5.102818317712840557e-01 -1.268223132305770307e+01
-5.154492050906004375e-01 2.591758653682712035e-02 8.565280978294044223e-01 6.574035526553382169e+01 1.083717468175762755e-02 9.996597371234864360e-01 -2.372689611984980795e-02 -8.262060178835068935e-01 -8.568516118309754681e-01 -2.947664221312027311e-03 -5.155546914792379365e-01 -1.319276536056412219e+01
-5.208796313841450587e-01 2.818273563196943554e-02 8.531647729540013936e-01 6.657863090982249332e+01 1.174950376566646915e-02 9.995968733680299367e-01 -2.584646769633529989e-02 -8.810484262917378517e-01 -8.535492784534690625e-01 -3.438634955363251491e-03 -5.210007852918383531e-01 -1.370273478049883664e+01
-5.260237389210130621e-01 3.047997534642957543e-02 8.499235166034087019e-01 6.741843202677465285e+01 1.207951634039409507e-02 9.995245332201518895e-01 -2.836886943379305151e-02 -9.237228589145053403e-01 -8.503841033656304171e-01 -4.656032878497731210e-03 -5.261418166643561101e-01 -1.422737616180796394e+01
-5.313254567746970025e-01 3.074642891143654702e-02 8.466096521226965654e-01 6.825930589580008245e+01 1.121451008077609980e-02 9.995088892996163432e-01 -2.926115091378570648e-02 -9.715952403284261463e-01 -8.470935636205576547e-01 -6.052881029193272339e-03 -5.314093244861329834e-01 -1.474353864385388491e+01
-5.340142917854686644e-01 3.113360457509234056e-02 8.449020190876372904e-01 6.908432268753747962e+01 1.007898306539732614e-02 9.994851853607694681e-01 -3.045945377625820794e-02 -1.017079808211446945e+00 -8.454153783790279153e-01 -7.750029643728441504e-03 -5.340531696730156375e-01 -1.526345306566672022e+01
-5.376253373516443057e-01 3.055119336236685954e-02 8.426301729162434251e-01 6.989554192037780922e+01 1.055864456891024775e-02 9.995089417549306576e-01 -2.950237881850947472e-02 -1.070837291296578231e+00 -8.431177398932188094e-01 -6.964193009757171232e-03 -5.376839123748617943e-01 -1.577243921939076010e+01
-5.403784903693886754e-01 2.368749516695866503e-02 8.410885665888007123e-01 7.073054480017391654e+01 1.153503475892643862e-02 9.997182751607609497e-01 -2.074399340816460158e-02 -1.119809254006773003e+00 -8.413429988564484763e-01 -1.507621081195726145e-03 -5.404994895895006701e-01 -1.630889429962622117e+01
-5.421406724064711247e-01 1.561161249215579569e-02 8.401426998003386215e-01 7.156149338308095764e+01 1.209533681224007895e-02 9.998687969573507583e-01 -1.077458483121602160e-02 -1.160120082511564732e+00 -8.402006937158223998e-01 4.320469227516002091e-03 -5.422583707934173214e-01 -1.683611373686106205e+01
-5.448513691594634167e-01 1.299659311883679877e-02 8.384319061727429911e-01 7.236146043580134801e+01 1.271642471498596501e-02 9.998929628765264033e-01 -7.235697006259505203e-03 -1.183104597772418831e+00 -8.384362167656028708e-01 6.719477783725383811e-03 -5.449583212130096888e-01 -1.734528967997079363e+01
-5.451714586343144875e-01 1.785674723765350025e-02 8.381343594412813403e-01 7.316124665096988622e+01 1.261389153666360625e-02 9.998346652662833955e-01 -1.309701687645041177e-02 -1.218922437050727892e+00 -8.382296713558905488e-01 3.432017065984388406e-03 -5.453065671080161714e-01 -1.786718622092383058e+01
-5.468298896737029402e-01 2.335409136191315613e-02 8.369179442577414640e-01 7.396383891706499014e+01 1.307086953178133309e-02 9.997271932557196816e-01 -1.935694738858798059e-02 -1.266758165664141123e+00 -8.371417058100366626e-01 3.542887774243392803e-04 -5.469859702505592836e-01 -1.838884923991667009e+01
-5.469953186827459790e-01 2.833257043254926513e-02 8.366560667598247347e-01 7.475836082167607799e+01 1.923863244072926068e-02 9.995886007439421794e-01 -2.127214732320425669e-02 -1.298697332014071115e+00 -8.369145761820994123e-01 4.460354501774115889e-03 -5.473153663020241533e-01 -1.891462475159772083e+01
-5.467811564666179569e-01 2.826581341480243620e-02 8.367983018476952140e-01 7.555092047393561927e+01 2.165843909888368057e-02 9.995730488897045518e-01 -1.961203489909996156e-02 -1.349778521030766010e+00 -8.369953945001060713e-01 7.400254921145569750e-03 -5.471599022212909613e-01 -1.943109211510804357e+01
-5.467060394281554325e-01 2.584914459615518523e-02 8.369255136641063908e-01 7.631902345167677026e+01 2.178869516776195392e-02 9.996240915337970545e-01 -1.664116438583253949e-02 -1.385716598954312317e+00 -8.370410806421023642e-01 9.137690825522631552e-03 -5.470637483094445974e-01 -1.994322892476078124e+01
-5.469493548463443267e-01 2.076808302310577739e-02 8.369080458474135176e-01 7.711367190957086848e+01 2.011454901125886430e-02 9.997296535472178780e-01 -1.166296289040554858e-02 -1.405984554469654313e+00 -8.369240226065295385e-01 1.045497889622836254e-02 -5.472192308298504670e-01 -2.044297730192033669e+01
-5.456486382849337069e-01 1.509305462311972580e-02 8.378781238658091768e-01 7.790869549328756705e+01 1.809164402094867036e-02 9.998169331820042638e-01 -6.228363278876433880e-03 -1.436129789258413503e+00 -8.378187557268425012e-01 1.176009584334526854e-02 -5.458218074748865112e-01 -2.097973086458764413e+01
-5.455779818002660653e-01 8.463420617958733808e-03 8.380173169397034938e-01 7.873326629356587603e+01 9.838172236675534268e-03 9.999447816003207423e-01 -3.693792158646258886e-03 -1.461076235709878324e+00 -8.380023195959747095e-01 6.229308019539390312e-03 -5.456311216248166396e-01 -2.149005202927772018e+01
-5.432657959013575955e-01 2.943743817389489394e-03 8.395555946650544721e-01 7.955497549660877610e+01 1.173856081524394688e-03 9.999955388197121486e-01 -2.746707286289391640e-03 -1.487996960337423902e+00 -8.395599493950921532e-01 -5.066737469801066950e-04 -5.432668290055007176e-01 -2.198815561647262484e+01
-5.426301864488606297e-01 3.400773936007527292e-03 8.399648222618550930e-01 8.031749382227393141e+01 4.450032232620275939e-03 9.999894095538187644e-01 -1.173876265588253993e-03 -1.501780222358167105e+00 -8.399599332936585894e-01 3.100890802045609424e-03 -5.426395744867085202e-01 -2.248025856263187450e+01
-5.387044322257239504e-01 6.675276403986535149e-03 8.424683747558502356e-01 8.113523348712578809e+01 9.379784615731112316e-03 9.999541552954495094e-01 -1.925339354701834831e-03 -1.535840074877174111e+00 -8.424426188066919119e-01 6.864984056614569993e-03 -5.387423493190870438e-01 -2.301373413868817508e+01
-5.331460237365113208e-01 9.836802894722338278e-03 8.459660404915739784e-01 8.192920067537508544e+01 1.027485105643899908e-02 9.999339415664256769e-01 -5.151691160309312609e-03 -1.560480295021924535e+00 -8.459608481228043653e-01 5.945572398976345548e-03 -5.332118778190795272e-01 -2.349089464467312283e+01
-5.256554142336556934e-01 1.139206648109743897e-02 8.506212983225239777e-01 8.269755556562465415e+01 1.520240316395512180e-02 9.998764501741906896e-01 -3.996410821958236437e-03 -1.581733561087096618e+00 -8.505617463229555586e-01 1.083075396991263831e-02 -5.257636575823468883e-01 -2.395651834839681271e+01
-5.170352188402214111e-01 1.455012025026358909e-02 8.558404425973332730e-01 8.350088104867148786e+01 2.222970306783087283e-02 9.997465258105024954e-01 -3.567126961325276218e-03 -1.627579364678897411e+00 -8.556754260906789256e-01 1.718074974229427676e-02 -5.172276098138660627e-01 -2.447025476215301865e+01
-5.077854449579213281e-01 1.548992342269935214e-02 8.613442927834729090e-01 8.430957575107304081e+01 2.281109747669288548e-02 9.997295261894800777e-01 -4.530812235495874918e-03 -1.633493968989551570e+00 -8.611815185700889552e-01 1.734752922064399308e-02 -5.080014456585655314e-01 -2.493419814814395252e+01
-4.963252583252505956e-01 1.193374048615678147e-02 8.680546124189841839e-01 8.515512817108147203e+01 1.847515695321134618e-02 9.998242569818029946e-01 -3.181775514525067485e-03 -1.655869739196326851e+00 -8.679400434045460022e-01 1.445825073920045493e-02 -4.964585115756436351e-01 -2.538991897446818768e+01
-4.845408469617927261e-01 9.175940067992079466e-03 8.747205015956911467e-01 8.594550065879636236e+01 1.980209179719997006e-02 9.998038036126900563e-01 4.810493866603646911e-04 -1.674562897790993654e+00 -8.745444856699104985e-01 1.755438486696969669e-02 -4.846274858357028092e-01 -2.583919931638680367e+01
-4.737312367573442984e-01 7.832347497094278854e-03 8.806346323215403782e-01 8.674810420947240175e+01 1.889281635490969863e-02 9.998207070962010778e-01 1.270873530013190726e-03 -1.705551168005823071e+00 -8.804668021172259440e-01 1.723972199598870769e-02 -4.737942764494069703e-01 -2.625305936048728128e+01
-4.623119067561036188e-01 6.513089984899221759e-03 8.866934455296909823e-01 8.753562033717189195e+01 1.894581652600710320e-02 9.998173004583923440e-01 2.534108836433425754e-03 -1.711361728199505494e+00 -8.865149575293522766e-01 1.797068115658271431e-02 -4.623508396372064122e-01 -2.664804966322223834e+01
-4.492826969048480668e-01 8.415407349204701362e-03 8.933500012893441644e-01 8.839560192486406720e+01 2.149184720140359661e-02 9.997680561886830297e-01 1.390788372576918976e-03 -1.733646004130227070e+00 -8.931311057151348765e-01 1.982460003105725524e-02 -4.493593524689661889e-01 -2.708272504162884076e+01
