1 0 0 0 0 1 0 0 0 0 1 0
0.99994295 -0.0019093113 0.010509817 0.016789567 0.0018994889 0.99999775 0.00094450629 -0.0053536553 -0.010511598 -0.00092448913 0.99994432 0.29041012
0.99984778 -0.003744781 0.017041054 0.023516619 0.0037241801 0.9999923 0.0012404884 -0.010802545 -0.01704557 -0.0011768356 0.99985402 0.59248583
0.99979871 -0.0067624496 0.018889149 0.035464162 0.00677127 0.99997699 -0.00040301509 -0.0173928 -0.018885991 0.00053083753 0.9998215 0.88921786
0.9998207 -0.0079813265 0.017171769 0.026722089 0.0080078212 0.99996685 -0.0014746838 -0.023238389 -0.017159431 0.0016119279 0.99985147 1.2005905
0.99988664 -0.011015727 0.01026478 0.032122745 0.011051849 0.99993291 -0.0034688677 -0.023143898 -0.01022588 0.0035819194 0.9999413 1.5126691
0.99993023 -0.011655358 -0.0019200192 0.015280108 0.011646886 0.99992264 -0.0043661278 -0.033756107 0.0019707596 0.0043434611 0.99998863 1.8391081
0.99978905 -0.011309582 -0.017144689 -0.0020138354 0.011226145 0.99992471 -0.0049551855 -0.039787404 0.017199441 0.0047616715 0.99984074 2.1570668
0.99930151 -0.0074850257 -0.03661246 -0.036337592 0.0072891849 0.99995842 -0.0054795956 -0.042259116 0.036651955 0.0052088932 0.99931452 2.5037861
0.99843669 -0.0035304105 -0.055782737 -0.082583353 0.0031803816 0.9999747 -0.0063623934 -0.050360955 0.055803792 0.0061750367 0.99842266 2.8610363
0.99716336 -0.0030208016 -0.075207049 -0.1342511 0.0025388292 0.99997563 -0.006503389 -0.056091292 0.075224868 0.0062940034 0.99714673 3.2209829
0.99536215 -0.0041772211 -0.09610796 -0.17653476 0.003602947 0.99997461 -0.0061480662 -0.063942848 0.09613121 0.0057732806 0.99535193 3.6052
0.99323212 -0.0052701773 -0.11602661 -0.23261793 0.0046812439 0.99997474 -0.0053477617 -0.069822576 0.11605188 0.0047684199 0.99323171 3.986548
0.99109213 -0.0043985032 -0.13310534 -0.30652953 0.0037935355 0.99998129 -0.0047982892 -0.077845877 0.13312397 0.0042506068 0.99109028 4.3843901
0.98874509 -0.0032211624 -0.14957529 -0.38983634 0.0026430762 0.99998825 -0.0040634794 -0.084444539 0.14958664 0.0036224064 0.98874199 4.7862808
0.98662379 -0.0027442496 -0.16299072 -0.46933574 0.0020932779 0.99998913 -0.0041655269 -0.09268256 0.16300039 0.003768623 0.98661881 5.1999381
0.98463331 -0.004230363 -0.17458335 -0.56573233 0.0033842173 0.99998104 -0.0051440753 -0.10292748 0.17460182 0.0044741998 0.98462896 5.6602215
0.98280479 -0.0071109766 -0.18451066 -0.64707844 0.0059091403 0.9999576 -0.0070627034 -0.1139188 0.18455307 0.0058509593 0.98280513 6.0955492
0.98134086 -0.0061320168 -0.19217833 -0.74643098 0.0045027385 0.99995014 -0.0089135444 -0.12151902 0.19222342 0.0078818965 0.98131954 6.5463541
0.97976506 -0.0063181022 -0.20005125 -0.86013408 0.0042636342 0.99993368 -0.010698877 -0.12463398 0.20010559 0.0096294401 0.97972702 7.0279859
0.97810325 -0.0070647713 -0.20800027 -0.96683595 0.0044101795 0.99990284 -0.013223417 -0.13929734 0.20807349 0.012016549 0.97803938 7.5017503
0.9761845 -0.010498324 -0.21668782 -1.0855868 0.0074383096 0.99986084 -0.014932547 -0.14563875 0.21681445 0.01296513 0.97612674 7.9918883
0.97448648 -0.016466821 -0.22384131 -1.1955017 0.013137784 0.99977996 -0.016353574 -0.16731463 0.22406137 0.012995558 0.97448839 8.5256782
0.97262028 -0.017133239 -0.23176763 -1.3275042 0.013179433 0.99974019 -0.018597094 -0.19123614 0.23202607 0.015033344 0.97259339 9.027232
0.97057605 -0.013513747 -0.24041527 -1.4758632 0.0082526631 0.99970423 -0.022876722 -0.19409239 0.24065333 0.020219532 0.97040051 9.5708339
0.96852173 -0.010518318 -0.24870668 -1.6336418 0.0042511649 0.99966008 -0.025722661 -0.21240542 0.24889272 0.023855663 0.96823723 10.104803
0.96614703 -0.013113203 -0.25765859 -1.8010702 0.0061625771 0.99959548 -0.027765205 -0.2343261 0.25791847 0.025237429 0.96583702 10.67052
0.96370447 -0.015092619 -0.26654438 -1.9619414 0.0074346745 0.99953072 -0.02971628 -0.26283286 0.26686782 0.026656042 0.96336443 11.23045
0.96142039 -0.015122082 -0.27466735 -2.1360632 0.0064624589 0.99945392 -0.032405325 -0.2877148 0.27500741 0.029380114 0.9609931 11.787719
0.95905703 -0.014635613 -0.2828346 -2.3219469 0.0046493519 0.99934289 -0.03594681 -0.30956657 0.28317488 0.033160044 0.95849487 12.388873
0.95699282 -0.01566289 -0.28968847 -2.5047656 0.0039306296 0.99914989 -0.041037154 -0.34116691 0.29008499 0.038133604 0.95624084 12.952886
0.9550317 -0.016130109 -0.29606462 -2.7112902 0.001934222 0.99883684 -0.04817902 -0.38168185 0.29649741 0.045439838 0.95395205 13.588033
0.95370898 -0.016778408 -0.30026265 -2.9209892 -0.00015911304 0.99841412 -0.056295868 -0.41690356 0.30073105 0.053737651 0.95219384 14.211736
0.95272351 -0.016731551 -0.30337758 -3.1204793 -0.0031986764 0.997875 -0.065078802 -0.46226378 0.3038218 0.062972513 0.95064546 14.825683
0.95126996 -0.016017697 -0.30794299 -3.3437418 -0.0070501055 0.99725915 -0.073651124 -0.50786004 0.30827871 0.072233134 0.94854974 15.46965
0.95010229 -0.015284744 -0.31156381 -3.5681373 -0.010571504 0.99664738 -0.081131081 -0.57136425 0.31175935 0.080376525 0.94675537 16.120034
0.94852075 -0.014158316 -0.31639836 -3.8054289 -0.01428136 0.99607213 -0.08738626 -0.63164202 0.31639286 0.087406282 0.94459288 16.793549
0.94679197 -0.012908019 -0.32158722 -4.045084 -0.018098922 0.99547892 -0.09324243 -0.70022444 0.3213369 0.094101568 0.94227783 17.460651
0.94512418 -0.010826759 -0.32653187 -4.2997881 -0.022610302 0.99488696 -0.098431258 -0.77582405 0.32592802 0.10041275 0.94004692 18.119166
0.94346738 -0.007658104 -0.33137689 -4.5656611 -0.027723406 0.994407 -0.10191235 -0.85064233 0.33030398 0.10533788 0.93797826 18.823076
0.94181852 -0.007543778 -0.33603715 -4.8211219 -0.028785145 0.99426505 -0.10299723 -0.93042189 0.33488701 0.10667758 0.93620008 19.509069
0.93935787 -0.0067030653 -0.34287292 -5.1118296 -0.030275377 0.99428428 -0.10238243 -1.0152305 0.34159946 0.10655435 0.93378584 20.232161
0.93712464 -0.0071705818 -0.34892118 -5.3954788 -0.029931579 0.9944537 -0.10082629 -1.1030915 0.34770897 0.10493057 0.93171243 20.955119
0.93466322 -0.0066969927 -0.35547125 -5.6642994 -0.030525715 0.99461896 -0.099001582 -1.185745 0.35422149 0.10338415 0.92942932 21.663033
0.93190777 -0.0063537255 -0.36263965 -5.9490648 -0.030447605 0.99494674 -0.095676177 -1.2707134 0.36141507 0.10020288 0.92700515 22.364439
0.92830173 -0.0030360526 -0.37181538 -6.2893675 -0.033010026 0.99534534 -0.090542739 -1.3551234 0.37035963 0.096324618 0.92388058 23.186781
0.92456001 -0.0015771299 -0.38103318 -6.605203 -0.033306279 0.99582942 -0.084938021 -1.4348269 0.37957804 0.091221097 0.92065153 23.915993
0.92100741 0.0013037391 -0.38954285 -6.9437375 -0.035650928 0.99607982 -0.080956788 -1.5079909 0.38791026 0.088449368 0.91744338 24.663539
0.91751048 0.0021578934 -0.39770574 -7.2830857 -0.036646846 0.99618972 -0.079139393 -1.5852682 0.39601963 0.087185884 0.91409359 25.404541
0.91330342 0.0043725705 -0.40725634 -7.6457671 -0.039694529 0.99613748 -0.078322819 -1.6641395 0.40534087 0.087698349 0.90994933 26.186014
0.91014071 0.0045320089 -0.41427446 -8.0077789 -0.040082869 0.99621253 -0.077161897 -1.7353636 0.41235575 0.086833494 0.90687524 26.931527
0.90580376 0.0050076885 -0.42366786 -8.4053319 -0.040798243 0.99631457 -0.075450533 -1.8067001 0.42172867 0.085628283 0.90266979 27.724744
0.90185923 0.0045272954 -0.43200626 -8.7876829 -0.040018137 0.9965215 -0.073098886 -1.8831022 0.43017262 0.083212992 0.89890329 28.499624
0.89812852 0.0053161491 -0.4397009 -9.1682676 -0.039650058 0.99683279 -0.068936708 -1.9548241 0.43794184 0.079348191 0.89549474 29.271175
0.89414297 0.0067539087 -0.44773064 -9.6043974 -0.039263952 0.99721745 -0.063369503 -2.0139315 0.44605685 0.07424107 0.89192016 30.055424
0.89081565 0.0061728085 -0.45432297 -10.001531 -0.037104629 0.99755635 -0.059199422 -2.0850318 0.45284738 0.069593258 0.88886785 30.871684
0.88756645 0.0055911173 -0.46064577 -10.429634 -0.036039005 0.99770461 -0.05732979 -2.1491323 0.45926791 0.067485214 0.88573063 31.682783
0.88357025 0.005236744 -0.46826934 -10.894195 -0.035617637 0.99779257 -0.056047867 -2.2103497 0.4669422 0.066200876 0.88180635 32.473152
0.88127128 0.0062050771 -0.47257 -11.334997 -0.036071219 0.99788028 -0.054164681 -2.2677393 0.47123223 0.064779955 0.87962706 33.302056
0.87731433 0.0046162266 -0.47989399 -11.80565 -0.034070284 0.99802981 -0.052684999 -2.3312877 0.47870534 0.06257143 0.87574313 34.153758
0.8751499 0.0038330183 -0.48383669 -12.279434 -0.033435324 0.99805734 -0.052570106 -2.3941307 0.4826953 0.062183961 0.87357794 35.000227
0.87347386 0.0043667779 -0.48685144 -12.766733 -0.034487113 0.99800291 -0.052922782 -2.4550632 0.48564809 0.063016768 0.87188006 35.837101
0.8719707 0.0025867988 -0.4895512 -13.271036 -0.03298571 0.998024 -0.053479357 -2.507703 0.48844555 0.062780628 0.87033302 36.685569
0.87141587 0.0027430457 -0.49053729 -13.75303 -0.032735774 0.99808042 -0.052572334 -2.5697173 0.4894515 0.061870485 0.86983291 37.558009
0.87130198 0.0024826553 -0.49074094 -14.275729 -0.031508961 0.9982069 -0.050893684 -2.6301668 0.48973469 0.059806506 0.86981788 38.469543
0.87085318 0.0025223492 -0.49153673 -14.784042 -0.031299043 0.99824209 -0.050329817 -2.6966164 0.49054575 0.059214511 0.86940125 39.364221
0.87102717 0.0011766959 -0.49123342 -15.306673 -0.030101415 0.99824578 -0.050982924 -2.7607399 0.49031174 0.059194333 0.86953462 40.25787
0.86959054 -0.00068950373 -0.49377301 -15.830362 -0.028626851 0.99824662 -0.051809092 -2.8270967 0.49294301 0.059187863 0.86804609 41.185067
0.86818142 -0.0021372747 -0.49624231 -16.343969 -0.026048706 0.99841584 -0.04987259 -2.8876256 0.49556282 0.056224927 0.86675041 42.060343
0.86578827 -0.0015496928 -0.50040809 -16.89968 -0.024960462 0.99861669 -0.046278274 -2.9548174 0.49978763 0.052557604 0.86455193 43.010804
0.86325497 -0.00088235513 -0.50476734 -17.396848 -0.023415099 0.99885198 -0.041790623 -3.0177363 0.50422477 0.04789514 0.86224327 43.919666
0.85896484 -0.0041036583 -0.51201811 -17.948769 -0.01888812 0.99903336 -0.039693754 -3.075182 0.51168611 0.043766599 0.85805701 44.800104
0.85411254 -0.0066045975 -0.52004627 -18.512254 -0.017688662 0.99897198 -0.04173843 -3.1383554 0.51978736 0.04484824 0.85311767 45.717835
0.84936119 -0.0090760551 -0.527734 -19.10898 -0.017377965 0.99882919 -0.045146981 -3.1971098 0.52752592 0.047517037 0.84820903 46.601869
0.84315326 -0.009281443 -0.53759317 -19.698242 -0.017760563 0.99882459 -0.04509992 -3.2574533 0.53737991 0.047574102 0.84199736 47.503657
0.83751205 -0.0066482476 -0.54637838 -20.284355 -0.018155054 0.99903533 -0.039984945 -3.3151449 0.54611718 0.043407402 0.83658344 48.419719
0.83188499 -0.0019323259 -0.55494469 -20.882543 -0.020664432 0.99919256 -0.034456037 -3.3831512 0.55456323 0.040131077 0.83117336 49.272023
0.82825745 -0.0012984226 -0.56034621 -21.49501 -0.022773767 0.99909308 -0.035977375 -3.4375374 0.55988478 0.042559723 0.82747672 50.180769
0.82467873 -0.0035014858 -0.56559058 -22.097167 -0.023512617 0.99890417 -0.040467438 -3.4850409 0.56511254 0.046671151 0.82369269 50.997049
0.82101907 -0.0051660952 -0.57087737 -22.715128 -0.02667617 0.99851967 -0.047400881 -3.5533385 0.57027722 0.05414585 0.81966588 51.860635
0.81917427 -0.0072198018 -0.57349923 -23.364055 -0.025606196 0.99846336 -0.04914504 -3.6136351 0.57297283 0.054943487 0.81773062 52.75637
0.8167737 -0.0035846001 -0.576947 -23.969691 -0.027684495 0.99858535 -0.045396708 -3.6834488 0.57629361 0.053051325 0.81551902 53.588048
0.81263081 -0.0022661641 -0.58277441 -24.616089 -0.025512931 0.99889539 -0.039459957 -3.7484244 0.58222014 0.046934661 0.81167535 54.51312
0.81062209 -0.00084875677 -0.58556902 -25.248133 -0.025403676 0.9990065 -0.036615141 -3.8068163 0.58501839 0.044556648 0.80979517 55.36504
0.80859323 0.00028921047 -0.58836798 -25.892055 -0.027446442 0.99892979 -0.03722858 -3.8586336 0.58772758 0.046251386 0.8077358 56.199557
0.80359738 -0.00063823647 -0.59517292 -26.551884 -0.027822274 0.99886593 -0.038636532 -3.9170493 0.59452266 0.047607281 0.80266829 57.076184
0.79940232 -0.0035974388 -0.60078529 -27.194905 -0.026609874 0.99878876 -0.041387622 -3.9742627 0.60020653 0.049072182 0.79833832 57.899307
0.7956999 -0.0037321675 -0.60567955 -27.845143 -0.027199004 0.99875209 -0.041886429 -4.0318521 0.60508009 0.049802908 0.79460543 58.743763
0.79076274 -0.0044135568 -0.61210684 -28.516216 -0.025896722 0.9988375 -0.04065726 -4.0941451 0.61157476 0.048001807 0.78972918 59.626952
0.78683037 -0.0057666997 -0.61714235 -29.19772 -0.024059169 0.99890965 -0.040008429 -4.1474454 0.61670021 0.04632778 0.78583371 60.456942
0.78109793 -0.0062085171 -0.62437765 -29.890027 -0.024622929 0.99886652 -0.040735598 -4.2120471 0.62392289 0.047192498 0.7800597 61.308346
0.77617877 -0.0058811169 -0.63048545 -30.553751 -0.026295747 0.99878455 -0.041688778 -4.2747084 0.62996436 0.048937031 0.77508071 62.099456
0.77000549 -0.0090099009 -0.63797362 -31.262953 -0.023381625 0.99883019 -0.042326734 -4.3332348 0.63760872 0.047508678 0.76889406 62.948534
0.76556586 -0.010078954 -0.64327855 -32.026589 -0.023407612 0.99877889 -0.043506368 -4.3949516 0.64293159 0.048364605 0.7643951 63.803272
0.7596439 -0.012950847 -0.65021026 -32.712554 -0.021308761 0.9987692 -0.044788552 -4.4565148 0.64999009 0.047878525 0.75843297 64.620441
0.75398046 -0.013063038 -0.65676692 -33.430145 -0.021644926 0.99876531 -0.044714125 -4.5199225 0.65654018 0.047929248 0.75276678 65.443126
0.74722381 -0.013076104 -0.66444379 -34.172 -0.020924032 0.99884783 -0.04318796 -4.5813272 0.66424302 0.046173916 0.74608928 66.248196
0.74101738 -0.014138188 -0.67133696 -34.925805 -0.019141242 0.99892728 -0.042165135 -4.6459271 0.671213 0.044095321 0.73995185 67.05363
0.7346761 -0.014577084 -0.67826138 -35.692688 -0.019689625 0.99888982 -0.042795297 -4.7143523 0.67813227 0.044795394 0.73357347 67.891156
0.72793697 -0.015590559 -0.68546675 -36.439511 -0.020498159 0.99879972 -0.044485327 -4.7846407 0.6853376 0.046433321 0.72674367 68.680168
0.72460913 -0.012033403 -0.68905498 -37.22682 -0.025674728 0.99868207 -0.044440118 -4.8533629 0.68868168 0.049893015 0.72334519 69.515304
0.71828593 -0.014713741 -0.6955924 -38.009317 -0.021656152 0.9988191 -0.043490518 -4.9080502 0.69541093 0.046302482 0.71711907 70.323369
0.7136718 -0.013033979 -0.70035893 -38.841165 -0.024293202 0.99876487 -0.043342422 -4.9792493 0.70005889 0.047946226 0.71247369 71.135654
0.7090089 -0.014781545 -0.70504457 -39.650026 -0.022789151 0.99877786 -0.043857072 -5.0375098 0.70483124 0.047162422 0.70780554 71.926454
0.70408031 -0.016746006 -0.70992284 -40.507437 -0.023335102 0.99863639 -0.046699379 -5.109913 0.70973687 0.049446236 0.70272945 72.706291
0.6978873 -0.018806022 -0.71596062 -41.304328 -0.02368456 0.99850246 -0.04931418 -5.1774782 0.7158159 0.051372953 0.69639677 73.49061
0.69425152 -0.019632634 -0.71946462 -42.156842 -0.023874356 0.9984496 -0.050283225 -5.24638 0.71933642 0.05208596 0.69270644 74.307283
0.68886549 -0.020552949 -0.72459773 -43.00347 -0.021381461 0.99858693 -0.048651622 -5.3128369 0.72457382 0.049007381 0.68745262 75.066598
0.68440084 -0.01889522 -0.72886104 -43.841141 -0.02302118 0.99860568 -0.04750506 -5.3887759 0.72874245 0.049291745 0.68301158 75.855941
0.67809532 -0.021683176 -0.73465402 -44.709824 -0.019678376 0.99867076 -0.047638978 -5.4597317 0.73471052 0.046760566 0.67676728 76.637981
0.67525603 -0.020347701 -0.73730266 -45.559123 -0.022411036 0.99859186 -0.048083692 -5.532359 0.73724289 0.04899252 0.67384917 77.426243
0.66817636 -0.021908187 -0.74368027 -46.468291 -0.020159182 0.99866625 -0.047532328 -5.6040666 0.74372979 0.046751964 0.66684353 78.206885
0.66550387 -0.024874453 -0.74597976 -47.345315 -0.015744347 0.99875432 -0.047348993 -5.6664578 0.74622835 0.043255903 0.66428324 78.99632
0.66198318 -0.02742078 -0.74901691 -48.211426 -0.013268168 0.99874525 -0.048289534 -5.7396321 0.74940128 0.041904941 0.66078873 79.735963
0.65866436 -0.030666673 -0.75181166 -49.149603 -0.012265857 0.99859873 -0.05147936 -5.8257446 0.75233693 0.043129234 0.65736524 80.544055
0.65218835 -0.033842098 -0.75730114 -50.048339 -0.010058604 0.99852871 -0.053284496 -5.8963497 0.75799026 0.04236892 0.65088839 81.303559
0.6481673 -0.037625315 -0.76056784 -50.962646 -0.0046581341 0.99856401 -0.053368724 -5.9785285 0.76148375 0.038134689 0.64706128 82.075467
0.63796296 -0.041608045 -0.76894212 -51.881139 0.00064754002 0.99856785 -0.053496029 -6.065262 0.77006681 0.033630564 0.63707625 82.864135
0.62948123 -0.04425418 -0.7757544 -52.833455 0.0056623313 0.99861155 -0.052372766 -6.1407712 0.77699509 0.028575095 0.62885781 83.626492
0.61967485 -0.042354004 -0.78371498 -53.78647 0.0056182908 0.99875668 -0.049533098 -6.2156486 0.78483856 0.026291276 0.61914235 84.363817
0.61051547 -0.043162756 -0.79082728 -54.756722 0.007212391 0.99877546 -0.048944474 -6.2921426 0.79197153 0.024177603 0.61007918 85.119523
0.60222199 -0.042605111 -0.79719096 -55.722451 0.0026229259 0.99867512 -0.051391803 -6.37488 0.7983244 0.028858301 0.60153587 85.829293
0.592068 -0.045163066 -0.80462148 -56.730538 0.0042870191 0.99859083 -0.052895948 -6.4529406 0.80587664 0.027868571 0.59142729 86.524863
0.58059874 -0.046168363 -0.81287977 -57.67667 0.0033473575 0.99851791 -0.054321029 -6.5271239 0.814183 0.028817722 0.57989279 87.264792
0.57331116 -0.047282733 -0.81797225 -58.708544 0.0067329852 0.99857165 -0.053003143 -6.6109386 0.8193101 0.024879898 0.57281062 87.942528
0.56298478 -0.047442657 -0.8251044 -59.771184 0.0083627413 0.99862692 -0.051713963 -6.6936826 0.82642498 0.022214039 0.56260851 88.648849
0.55399105 -0.048807355 -0.83109067 -60.793407 0.010287525 0.99860514 -0.051787464 -6.7712394 0.83245909 0.020139926 0.55372042 89.318291
0.54253417 -0.049012953 -0.83860261 -61.826942 0.0080393779 0.99855363 -0.053160369 -6.8565751 0.8399953 0.022099473 0.5421435 89.984415
0.53341081 -0.049607693 -0.84440033 -62.911222 0.0064911414 0.99848941 -0.054559797 -6.9440647 0.84583144 0.023621663 0.53292706 90.649652
0.52279781 -0.049864531 -0.85099701 -63.949541 0.0046155142 0.99843864 -0.05566846 -7.0231291 0.85244425 0.02517556 0.52221169 91.294291
0.51472299 -0.05030264 -0.85587956 -65.019382 0.0043579758 0.99841794 -0.056059181 -7.1112891 0.85734551 0.025125046 0.51412788 91.896285
0.50708347 -0.048247233 -0.86054547 -66.142165 0.0030853746 0.99852722 -0.054165218 -7.1972069 0.86189147 0.024811181 0.50648551 92.552759
0.49835858 -0.046114719 -0.86574366 -67.199333 0.0035147083 0.99868364 -0.051172687 -7.2863262 0.86696392 0.022459511 0.49786464 93.175589
0.49042212 -0.046903991 -0.87022186 -68.349848 0.0044980755 0.99867355 -0.051292459 -7.3707498 0.87147345 0.021240633 0.48998258 93.805092
0.48313002 -0.049391895 -0.87415431 -69.435268 0.0053429247 0.99855527 -0.053467917 -7.4516925 0.87553235 0.021161415 0.48269593 94.403545
0.47782174 -0.052811326 -0.87686788 -70.556836 0.0077702717 0.9984063 -0.055897081 -7.5359012 0.87842249 0.019895339 0.4774706 94.992209
0.47013666 -0.056157024 -0.88080522 -71.677397 0.010037995 0.9982494 -0.058286991 -7.6223672 0.88253659 0.018561332 0.46987734 95.582645
0.46520603 -0.05987368 -0.88317519 -72.800548 0.011870434 0.99804214 -0.061408268 -7.7185133 0.88512287 0.018083824 0.46500596 96.177474
0.4605109 -0.060174977 -0.885612 -73.90331 0.012670334 0.99804351 -0.06122593 -7.8169813 0.88756365 0.016974208 0.46037236 96.75256
0.45588255 -0.058222799 -0.88813352 -75.074817 0.015553432 0.99822685 -0.057456477 -7.9131151 0.88990407 0.01237988 0.45597977 97.339246
0.45232536 -0.057873657 -0.88997322 -76.233319 0.021574317 0.99831035 -0.053953601 -8.0099715 0.89159205 0.0052040177 0.45280968 97.956479
0.44756524 -0.056903048 -0.89243898 -77.35274 0.022340827 0.99837344 -0.052453462 -8.0940446 0.89397221 0.0035385204 0.44810851 98.487019
0.44582946 -0.055190385 -0.89341482 -78.454702 0.020994742 0.99846755 -0.05120324 -8.1840717 0.89487171 0.0040708982 0.44630496 99.035183
0.44826839 -0.054407618 -0.89224167 -79.517858 0.022644842 0.99851683 -0.0495112 -8.2748051 0.89361218 0.0019896336 0.44883558 99.644496
0.44115127 -0.054496821 -0.89577652 -80.687985 0.026175493 0.99851121 -0.04785606 -8.3551397 0.89705098 -0.0023356308 0.44192098 100.15065
0.43945019 -0.05543252 -0.8965549 -81.772509 0.02867564 0.9984511 -0.047677108 -8.4412294 0.89780917 -0.0047575724 0.44035909 100.66495
0.4378912 -0.055640816 -0.89730448 -82.884951 0.030769709 0.99842578 -0.046895387 -8.5166735 0.8985013 -0.0070747217 0.43891391 101.15494
0.43455626 -0.055253283 -0.8989482 -83.936401 0.034581859 0.998404 -0.04464922 -8.5995041 0.89998057 -0.011684703 0.43577347 101.71915
0.43259071 -0.054546796 -0.8999388 -85.049615 0.036549729 0.99840861 -0.042946162 -8.6773961 0.9008493 -0.014314409 0.43389596 102.24164
0.43021125 -0.054685396 -0.90107032 -86.099645 0.03712354 0.99839082 -0.042867281 -8.7530038 0.90196463 -0.015008934 0.43154908 102.75726
0.43005829 -0.056310655 -0.90104323 -87.188969 0.038603826 0.99828705 -0.04396271 -8.8307314 0.90197543 -0.015877189 0.43149543 103.22988
0.42998296 -0.058076102 -0.90096712 -88.242462 0.039376403 0.99818568 -0.045550554 -8.9152814 0.90197795 -0.015890883 0.43148966 103.73168
0.42907092 -0.058569737 -0.90136988 -89.293055 0.039091276 0.99816467 -0.046251062 -8.9884872 0.90242456 -0.015390713 0.43057301 104.24614
0.43186803 -0.05792488 -0.9000748 -90.312078 0.036032864 0.99824695 -0.046953758 -9.0699381 0.90121679 -0.012154447 0.43319814 104.77441
0.43708086 -0.058258477 -0.8975334 -91.353055 0.034866 0.99824743 -0.047816731 -9.1474623 0.89874621 -0.010393622 0.43834609 105.25293
0.44169722 -0.058851168 -0.89523183 -92.352128 0.033445661 0.99823272 -0.049120579 -9.2264255 0.89654058 -0.0082451977 0.44288494 105.72808
0.44770144 -0.057663236 -0.89232186 -93.340272 0.030530996 0.99832245 -0.049194954 -9.2980821 0.89366176 -0.0052188247 0.44871091 106.20979
0.45449176 -0.056562838 -0.88895321 -94.32076 0.029913986 0.99838811 -0.048232015 -9.369788 0.89024854 -0.0046710813 0.45545119 106.71327
0.46136108 -0.056054822 -0.88543986 -95.335134 0.029965153 0.99841721 -0.047593683 -9.4467442 0.88670632 -0.0045744687 0.46231054 107.20578
0.47124185 -0.055922569 -0.88022936 -96.265262 0.02990778 0.99842718 -0.047420386 -9.5174494 0.88149686 -0.0039792363 0.47217319 107.73345
0.48188488 -0.054910567 -0.87451228 -97.273641 0.028201984 0.99848939 -0.047154866 -9.5940807 0.87578061 -0.0019397651 0.48270553 108.27538
0.49111739 -0.057272002 -0.86920858 -98.234507 0.030095034 0.99835618 -0.048777318 -9.6687352 0.87057341 -0.0022034733 0.49203369 108.77562
0.50136184 -0.057307341 -0.86333777 -99.196 0.026176774 0.99835206 -0.051067923 -9.7419697 0.86484169 0.0030041097 0.50203575 109.32938
0.51220892 -0.055918781 -0.85703854 -100.11732 0.020521189 0.99839016 -0.052876997 -9.8121552 0.85861573 0.0094966191 0.51253186 109.86269
0.5261832 -0.055373067 -0.84856644 -101.05254 0.020604927 0.99841491 -0.052374602 -9.8956751 0.8501216 0.010073986 0.52649011 110.43807
0.53891223 -0.052652936 -0.84071471 -101.97488 0.018422604 0.99854256 -0.050728304 -9.9632904 0.84216048 0.011849949 0.5390968 111.01088
0.54970243 -0.051617679 -0.83376423 -102.84929 0.019886054 0.99861486 -0.048712535 -10.035881 0.83512385 0.010197118 0.54996749 111.59227
0.56097553 -0.051449279 -0.82623203 -103.73812 0.021170264 0.99863203 -0.047810901 -10.112718 0.82756168 0.0093291947 0.56129733 112.18834
0.57384444 -0.050828812 -0.81738542 -104.63832 0.019547383 0.99863787 -0.048376712 -10.180889 0.81873104 0.011782961 0.57405636 112.79223
0.58406271 -0.051502299 -0.81007296 -105.4818 0.019165188 0.99858183 -0.049669092 -10.253532 0.81148229 0.013484663 0.58422147 113.42541
0.59436916 -0.053304156 -0.80242377 -106.3397 0.020972266 0.99848892 -0.050794036 -10.320755 0.80391885 0.013361763 0.59458893 114.02207
0.60594561 -0.051585548 -0.79383171 -107.14747 0.019406177 0.99855685 -0.050076123 -10.392691 0.79526937 0.014938169 0.60607222 114.63534
0.61630602 -0.051030986 -0.78585156 -107.98272 0.020696589 0.99860313 -0.048615124 -10.472885 0.78723477 0.013697347 0.61650129 115.29667
0.62565334 -0.049654575 -0.77851928 -108.75714 0.022578773 0.99870673 -0.04555298 -10.537464 0.77977442 0.010922364 0.62596534 115.91647
0.63612721 -0.048263839 -0.77007319 -109.53609 0.021696095 0.99876596 -0.044674719 -10.601105 0.77127913 0.011711223 0.63638935 116.5611
0.64686502 -0.046995232 -0.76115507 -110.31484 0.019178168 0.99878621 -0.045368552 -10.67204 0.76236336 0.014749769 0.64698115 117.1993
0.65532304 -0.045340818 -0.75398665 -111.05618 0.015689914 0.99879852 -0.046425729 -10.732065 0.75518579 0.018593864 0.65524708 117.83375
0.66424773 -0.044825562 -0.74616726 -111.79624 0.015549798 0.998813 -0.046160476 -10.801568 0.74735079 0.019059241 0.6641563 118.5141
0.67302271 -0.043486968 -0.73834224 -112.51776 0.015715354 0.99888544 -0.044507421 -10.863441 0.73945487 0.018351196 0.672956 119.17329
0.68200597 -0.042221932 -0.73012678 -113.25082 0.016160234 0.9989584 -0.042672832 -10.921677 0.73116807 0.017304106 0.68197791 119.80091
0.69054537 -0.040842975 -0.72213496 -113.93187 0.015759463 0.99901699 -0.041432979 -10.981504 0.7231174 0.017230892 0.69051022 120.47719
0.69819135 -0.04089741 -0.71474205 -114.61462 0.016075869 0.99901084 -0.041459606 -11.047821 0.71573071 0.017456639 0.69815819 121.13936
0.70637859 -0.039074743 -0.70675485 -115.29659 0.014686104 0.99906926 -0.040557805 -11.110155 0.70768189 0.018269689 0.70629499 121.81018
0.71309779 -0.036003664 -0.70013944 -115.96203 0.01307239 0.99918966 -0.038067556 -11.157465 0.70094272 0.017993394 0.71299059 122.4578
0.71998376 -0.034024809 -0.69315629 -116.60126 0.012606337 0.99927383 -0.035956888 -11.214848 0.69387643 0.017150213 0.71988986 123.16199
0.72699967 -0.032937858 -0.68584732 -117.22568 0.012458805 0.99931713 -0.034785904 -11.264742 0.6865248 0.016744503 0.72691359 123.81758
0.73459458 -0.031524847 -0.67777352 -117.8534 0.011501815 0.99935509 -0.034016298 -11.321984 0.67840884 0.017192563 0.73448343 124.47716
0.7423613 -0.028285848 -0.6694024 -118.45522 0.0083456003 0.99942131 -0.032975724 -11.366159 0.66994783 0.018893337 0.74216776 125.13091
0.75149679 -0.02573622 -0.65923454 -119.03429 0.0076796769 0.99951238 -0.030266038 -11.414002 0.65969207 0.017682122 0.75132799 125.79225
0.76114769 -0.022341522 -0.64819366 -119.62412 0.0060987228 0.99960889 -0.027292392 -11.45318 0.64854995 0.016820387 0.76098625 126.44204
0.77081221 -0.020054656 -0.63674666 -120.16475 0.0042948103 0.99964526 -0.026285257 -11.502729 0.63704798 0.017526291 0.7706249 127.13205
0.78031382 -0.019334155 -0.6250892 -120.71245 0.0027857082 0.99961954 -0.027441 -11.538073 0.62538198 0.019671276 0.7800708 127.79867
0.79038811 -0.020315034 -0.61226947 -121.23272 0.0034606194 0.99958212 -0.028698658 -11.590825 0.61259668 0.020564246 0.79012812 128.45755
0.80026275 -0.019321997 -0.5993381 -121.74326 0.0029732983 0.9995963 -0.028255798 -11.630265 0.59964216 0.020830052 0.79999714 129.13033
0.81025467 -0.018113848 -0.58579794 -122.25809 0.0027668652 0.99962935 -0.027083176 -11.664532 0.58607145 0.020323446 0.81000447 129.82831
0.81938905 -0.016104921 -0.57301151 -122.72945 0.0024630881 0.99969495 -0.02457504 -11.698629 0.57323254 0.018725141 0.81917876 130.50704
0.82850038 -0.014790048 -0.55979313 -123.19358 0.0028361027 0.99974916 -0.022216467 -11.742541 0.55998134 0.01681872 0.82833451 131.20428
0.8374515 -0.013322501 -0.54634922 -123.65797 0.0031745284 0.99980455 -0.019513863 -11.769339 0.54650245 0.014607512 0.83733011 131.9354
0.8455606 -0.012780996 -0.53372642 -124.09583 0.0039564856 0.99983596 -0.017674695 -11.798382 0.53386481 0.012833345 0.84547247 132.63387
0.85274406 -0.012908023 -0.52216945 -124.55832 0.0051603565 0.99985401 -0.016289109 -11.829447 0.52230352 0.011195861 0.85268617 133.35262
0.85889821 -0.012838565 -0.51198536 -124.98606 0.0055807053 0.99986101 -0.015710456 -11.862031 0.51211594 0.010636443 0.85885048 134.09186
0.86602196 -0.012140373 -0.49985854 -125.41017 0.005100837 0.99986768 -0.015447031 -11.884376 0.49997997 0.010827771 0.86596929 134.81542
0.87218339 -0.010271966 -0.48907116 -125.82559 0.0034074599 0.99988283 -0.014923866 -11.914317 0.48916719 0.011349857 0.8721162 135.55643
0.87828793 -0.0094962576 -0.47803777 -126.2473 0.0028957267 0.99989006 -0.014542642 -11.936978 0.47812335 0.01138836 0.87821887 136.30936
0.88366413 -0.0098872091 -0.46801703 -126.62937 0.0034040588 0.99988621 -0.014696131 -11.96518 0.46810911 0.011393286 0.88359723 137.05789
0.88874871 -0.010803349 -0.45826739 -127.01576 0.0041850058 0.99987181 -0.01545505 -11.994718 0.45837565 0.011817804 0.88867999 137.81907
0.89306816 -0.011448232 -0.44977569 -127.40649 0.0047947564 0.99986162 -0.015929282 -12.024693 0.44989586 0.01206937 0.89299948 138.59315
0.89603412 -0.011010471 -0.44384864 -127.79229 0.0046048232 0.99986915 -0.01550743 -12.049204 0.44396134 0.011851342 0.89596757 139.37525
0.89904201 -0.0090341252 -0.43776915 -128.18271 0.0040646107 0.99991624 -0.012287556 -12.076912 0.43784353 0.0092676679 0.89900343 140.167
0.90258093 -0.0053862484 -0.43048651 -128.59551 0.001985143 0.99996317 -0.0083493857 -12.094252 0.43051566 0.0066814188 0.90255839 140.96751
0.90580909 -0.0026584163 -0.42367772 -128.96798 0.00029837682 0.99998407 -0.0056365995 -12.110236 0.42368599 0.0049792672 0.90579546 141.79932
0.90867381 -8.7598269e-05 -0.41750674 -129.33736 -0.0014662575 0.99999314 -0.0034010169 -12.130514 0.41750421 0.0037025871 0.90866745 142.64336
0.91180848 0.0018150713 -0.41061173 -129.75252 -0.0026485936 0.99999543 -0.0014611054 -12.137441 0.41060723 0.0024197916 0.91180911 143.46364
0.91449226 0.0030154471 -0.40459213 -130.13864 -0.0026367882 0.99999541 0.0014931358 -12.157128 0.40459481 -0.00029863769 0.91449602 144.31597
0.91820059 0.0033206479 -0.39610181 -130.5098 -0.0020043064 0.99999101 0.0037370763 -12.171652 0.39611069 -0.0026374766 0.91819899 145.204
0.92159494 0.0030371916 -0.38814112 -130.89293 -0.0013923524 0.99998882 0.0045189046 -12.182139 0.38815053 -0.0036241707 0.92158887 146.09928
0.92489709 0.0020717666 -0.38021188 -131.26593 -0.00041408257 0.99999005 0.0044416343 -12.176468 0.38021733 -0.0039506159 0.92488874 146.99583
0.92904493 -0.00034395665 -0.36996674 -131.62007 0.0019982129 0.99998965 0.0040881411 -12.203092 0.36996154 -0.0045373395 0.929036 147.91032
0.9328056 -0.0018366462 -0.36037527 -131.98788 0.0030504772 0.99999143 0.0027995025 -12.20057 0.36036707 -0.0037107085 0.9328032 148.83254
0.93686203 -0.0025893855 -0.34968961 -132.34309 0.0031907772 0.99999426 0.0011437204 -12.224374 0.34968467 -0.0021872902 0.93686491 149.77894
0.94189048 -0.0011151111 -0.33591825 -132.69754 0.0010978084 0.99999937 -0.00024141381 -12.230983 0.33591833 -0.00014138877 0.94189111 150.74652
0.94751556 0.0020567847 -0.31970304 -133.04172 -0.001910795 0.99999788 0.00077031603 -12.247298 0.31970397 -0.00011899971 0.94751748 151.71486
0.9538637 0.0057605753 -0.3001847 -133.37485 -0.0048589992 0.99998116 0.0037498383 -12.245286 0.30020067 -0.0021182377 0.95387372 152.70793
0.95965191 0.0088437728 -0.28105157 -133.68161 -0.0076357185 0.9999563 0.0053931559 -12.256494 0.28108701 -0.003029522 0.95967751 153.74074
0.96578971 0.010590481 -0.25911015 -133.9694 -0.0092592704 0.99993692 0.0063575496 -12.276056 0.25916116 -0.0037408854 0.96582685 154.79121
0.97114941 0.011791866 -0.23818011 -134.24413 -0.010366888 0.99992009 0.0072345574 -12.268907 0.2382464 -0.0045566501 0.97119406 155.82014
0.97617222 0.012785835 -0.2166202 -134.48247 -0.010849329 0.99988987 0.010126546 -12.291597 0.21672584 -0.007535069 0.97620343 156.90023
0.98095448 0.014626048 -0.19368631 -134.71107 -0.012256533 0.99983474 0.013426508 -12.281822 0.19385069 -0.010796871 0.98097163 157.97907
0.98494255 0.016512619 -0.17209157 -134.90377 -0.013702746 0.99975291 0.017503018 -12.292918 0.17233808 -0.014881341 0.98492545 159.08793
0.98878509 0.018117689 -0.14824234 -135.09213 -0.015259342 0.99967552 0.02039634 -12.281724 0.14856378 -0.017905517 0.98874071 160.22771
0.99178164 0.01966171 -0.12642228 -135.24806 -0.017165076 0.99963613 0.02080764 -12.276412 0.1267854 -0.018466588 0.99175826 161.34727
0.99433222 0.019577921 -0.10449946 -135.3896 -0.017711939 0.99966722 0.018754692 -12.268849 0.10483187 -0.016797507 0.99434809 162.4889
0.99635897 0.01937849 -0.083025743 -135.50001 -0.018001431 0.99968824 0.017302607 -12.26248 0.083335164 -0.015745026 0.99639718 163.65612
0.99784733 0.018217203 -0.062998707 -135.56635 -0.0170384 0.9996705 0.019198489 -12.261511 0.063327697 -0.018083765 0.99782893 164.81753
0.99889977 0.018434887 -0.043120912 -135.63672 -0.017536418 0.99962309 0.021122378 -12.251705 0.043494051 -0.020342952 0.99884655 166.01659
0.99959139 0.018836505 -0.021499748 -135.66931 -0.018367068 0.99959303 0.021827089 -12.243026 0.021902146 -0.021423284 0.99953056 167.23458
0.99979873 0.020008326 -0.001472943 -135.6946 -0.01997066 0.99955332 0.022233724 -12.234991 0.0019171448 -0.022199833 0.99975172 168.4453
0.99959434 0.020358836 0.019916445 -135.66503 -0.020811872 0.99952316 0.022810304 -12.222369 -0.019442558 -0.02321555 0.99954141 169.67977
0.998965 0.022685164 0.039424779 -135.64371 -0.023583507 0.99946926 0.022472478 -12.208248 -0.038894067 -0.023378994 0.99896981 170.89961
0.99792331 0.023867111 0.059828367 -135.58117 -0.025161756 0.99946322 0.020980043 -12.200083 -0.059295524 -0.022441861 0.99798818 172.16221
0.99635577 0.024221924 0.081783144 -135.48523 -0.025848914 0.99948729 0.018893961 -12.196198 -0.081283572 -0.020939113 0.99647104 173.44892
0.99478603 0.025732415 0.098684318 -135.38706 -0.027470318 0.99948984 0.016292351 -12.186668 -0.09821474 -0.018918293 0.99498541 174.6965
0.99280299 0.026227209 0.11685182 -135.24145 -0.028079842 0.9995043 0.01423633 -12.18453 -0.11642052 -0.017415052 0.99304732 175.95945
0.9901514 0.026022432 0.13756103 -135.08122 -0.02788215 0.9995438 0.011609305 -12.190973 -0.13719618 -0.015330467 0.99042525 177.25657
0.98750351 0.027595325 0.15516221 -134.89278 -0.028882374 0.99956453 0.0060461607 -12.192157 -0.15492781 -0.010452058 0.9878705 178.58318
0.98420769 0.029402675 0.17455862 -134.65101 -0.029758454 0.99955695 -0.00057946831 -12.223158 -0.17449834 -0.0046242775 0.98464661 179.87244
0.98110407 0.031970859 0.19082104 -134.42251 -0.031401104 0.9994888 -0.0060096461 -12.229928 -0.19091564 -9.5903019e-05 0.98160644 181.16178
0.97754791 0.033713827 0.20799871 -134.16241 -0.032409544 0.99942783 -0.0096762973 -12.263337 -0.20820594 0.0027179009 0.97808123 182.46638
0.97332547 0.036213638 0.22655264 -133.87373 -0.034162999 0.99933215 -0.012967131 -12.288752 -0.22687094 0.0048815222 0.9739126 183.80896
0.96917411 0.035446001 0.24381369 -133.56117 -0.033333738 0.9993625 -0.012785213 -12.323544 -0.24411146 0.0042638759 0.96973781 185.12547
0.96511381 0.034181869 0.25958991 -133.20819 -0.031793208 0.99940469 -0.013395966 -12.351867 -0.2598933 0.004675436 0.96562602 186.4789
0.96022308 0.034082617 0.27714619 -132.84475 -0.030267516 0.99937914 -0.018033412 -12.415301 -0.27758877 0.0089275721 0.96065851 187.83883
0.95554399 0.035271818 0.29273123 -132.44403 -0.030028771 0.99929831 -0.022386605 -12.464018 -0.29331547 0.012601027 0.95593266 189.11618
0.95012656 0.03757845 0.30959226 -132.0364 -0.031963923 0.99921997 -0.023189748 -12.500499 -0.31022223 0.012137413 0.95058659 190.50073
0.94358044 0.039489972 0.32878029 -131.56457 -0.033668774 0.99915949 -0.023382136 -12.557821 -0.32942733 0.010993297 0.94411694 191.79249
0.93753751 0.043738702 0.34512365 -131.11213 -0.036666462 0.99896284 -0.026996574 -12.604243 -0.34594653 0.012655838 0.93816888 193.17536
0.93082822 0.044727567 0.36270961 -130.62151 -0.03623805 0.99888738 -0.030179529 -12.673027 -0.36365594 0.014948069 0.9314134 194.51516
0.92442173 0.04525289 0.37867748 -130.10207 -0.035298533 0.99882547 -0.033191861 -12.726428 -0.37973477 0.017316519 0.92493333 195.87066
0.91654784 0.045621923 0.39731435 -129.52649 -0.033192938 0.9987222 -0.038107644 -12.806381 -0.39854524 0.021739448 0.916891 197.21305
0.90853639 0.048826275 0.41494291 -128.9591 -0.033619203 0.99847101 -0.043879175 -12.891539 -0.41645096 0.025915778 0.90878875 198.52931
0.89868016 0.052704081 0.43542649 -128.337 -0.035449724 0.99823429 -0.047661452 -12.978023 -0.43716965 0.027396653 0.8989617 199.84509
0.88652693 0.055299628 0.45936036 -127.69311 -0.036657876 0.99810567 -0.049409312 -13.057853 -0.46122254 0.026963511 0.88687471 201.17257
0.87399176 0.059557112 0.48227725 -127.04212 -0.039527476 0.99788538 -0.051597884 -13.154199 -0.48433048 0.026032924 0.87449774 202.47012
0.85933672 0.063969452 0.50739362 -126.29491 -0.041691352 0.99760656 -0.055163164 -13.255836 -0.50970801 0.026249807 0.85994693 203.76881
0.84328595 0.06782115 0.53316889 -125.53086 -0.043272531 0.99735349 -0.058425284 -13.367966 -0.53572037 0.026197655 0.84398898 205.03168
0.82908965 0.069407453 0.55479089 -124.73697 -0.042985251 0.99724084 -0.060522482 -13.473596 -0.55746089 0.026330739 0.82978556 206.27044
0.81259995 0.070263569 0.57857093 -123.89033 -0.04139321 0.99715718 -0.062961517 -13.580927 -0.58135011 0.027213618 0.81319831 207.50032
0.79682014 0.072481328 0.5998534 -122.99086 -0.039609571 0.99690946 -0.067842609 -13.709445 -0.6029169 0.030298423 0.79722848 208.72972
0.78047301 0.075164098 0.62065466 -122.10415 -0.038107571 0.9966201 -0.072774964 -13.840778 -0.62402702 0.033147255 0.78069941 209.91016
0.76327994 0.076832412 0.64148303 -121.16535 -0.03592332 0.99641458 -0.076599666 -13.968736 -0.64506844 0.035422789 0.76330333 211.08542
0.74665348 0.078871233 0.66052091 -120.18426 -0.034854285 0.99622079 -0.079557042 -14.11594 -0.66429947 0.03637956 0.74658072 212.2382
0.73099677 0.079400792 0.67774567 -119.17877 -0.032756341 0.99614533 -0.081372632 -14.256377 -0.68159429 0.037282664 0.7307799 213.36649
0.71537816 0.079505067 0.69419953 -118.14814 -0.030467408 0.99610988 -0.082685253 -14.395686 -0.69807296 0.038000766 0.71501757 214.46536
0.70088257 0.080371316 0.7087341 -117.08284 -0.027946856 0.99596277 -0.085306146 -14.55269 -0.71272901 0.039982702 0.70029907 215.53879
0.68527736 0.081368433 0.72372237 -115.98832 -0.024527827 0.99575383 -0.088728174 -14.699716 -0.72786906 0.043052074 0.68436335 216.60356
0.67000319 0.083716372 0.7376227 -114.87965 -0.022139278 0.99543238 -0.092866719 -14.872832 -0.74202805 0.045890566 0.66879629 217.64707
0.65546981 0.086269931 0.7502778 -113.73151 -0.021261131 0.99516832 -0.095853926 -15.030823 -0.75492207 0.046877602 0.65413699 218.67775
0.63937241 0.086709871 0.76399233 -112.58804 -0.019622926 0.99513742 -0.096521754 -15.208901 -0.76864681 0.046721583 0.63796491 219.6874
0.62308402 0.088182614 0.77716799 -111.41087 -0.020398611 0.99511827 -0.096558379 -15.379329 -0.7818889 0.044310837 0.6218411 220.65792
0.60584267 0.089089463 0.79058059 -110.2045 -0.022332274 0.99522325 -0.095036561 -15.553979 -0.79527101 0.039921743 0.60493829 221.60265
0.58707708 0.09019601 0.8044906 -109.02154 -0.024718051 0.99530755 -0.093551581 -15.719815 -0.80915362 0.035036551 0.58655172 222.49943
0.56813945 0.090965603 0.81788921 -107.82367 -0.025753101 0.99535039 -0.092813664 -15.881636 -0.82252927 0.031667922 0.56784047 223.3744
0.55053271 0.094526072 0.82944469 -106.5853 -0.027761026 0.99509223 -0.094977769 -16.068829 -0.83435191 0.029262134 0.55045497 224.24053
0.53191072 0.098105906 0.84109819 -105.36037 -0.030332262 0.99483612 -0.096855807 -16.237826 -0.84625705 0.026006232 0.53213977 225.03644
0.51306376 0.098317063 0.85270116 -104.10942 -0.030447641 0.99487783 -0.096390023 -16.416391 -0.85781034 0.02349149 0.51342929 225.83228
0.491585 0.096978308 0.86541281 -102.85699 -0.030033098 0.99507662 -0.094448597 -16.583918 -0.87031159 0.020438488 0.4920773 226.5812
0.47090762 0.095129939 0.87703833 -101.61321 -0.029788106 0.99531657 -0.091965145 -16.754536 -0.8816795 0.017181778 0.4715359 227.28297
0.44864324 0.093546929 0.88880152 -100.35176 -0.029914697 0.99552135 -0.089679119 -16.915668 -0.89321018 0.013645703 0.44943235 227.95298
0.42677774 0.092599791 0.89960323 -99.100686 -0.028616428 0.99562866 -0.088908251 -17.07387 -0.90390372 0.012200632 0.42756202 228.56873
