1.000000000000000000e+00 4.398956837314658088e-19 2.733407509747682871e-20 -8.673617379884035472e-19 -5.583667658079949532e-19 1.000000000000000000e+00 -6.100159232558060012e-19 0.000000000000000000e+00 4.145284534913582806e-20 -2.210423569125054137e-19 1.000000000000000222e+00 0.000000000000000000e+00
9.998910078840017590e-01 2.422504020237921385e-04 1.476189974099646057e-02 -6.463406231037971406e-02 -2.388785760859593035e-04 9.999999449779963800e-01 -2.301771503218550904e-04 -6.279418170387365827e-03 -1.476195494511112899e-02 2.266257768192585426e-04 9.998910107156480098e-01 3.596657342442266536e-02
9.994101989202091030e-01 2.685800048236584338e-03 3.423508135053986851e-02 -2.462615583169408193e-02 -2.674649480859341791e-03 9.999963541150804769e-01 -3.714993766696695373e-04 -6.230529203323037502e-03 -3.423595489974710221e-02 2.797134557973757099e-04 9.994137387111959869e-01 1.772258835060331883e-01
9.980016419228648905e-01 4.832827641063208203e-03 6.300290871576583185e-02 3.257021180449092002e-03 -4.896586917124651911e-03 9.999876438733198425e-01 8.576399664219219732e-04 4.727023042746456016e-03 -6.299798650794316557e-02 -1.164425268825623186e-03 9.980129747604921109e-01 3.895627217651343455e-01
9.953676957738786246e-01 4.314833954933657012e-03 9.604442921941119815e-02 4.844259537737530263e-02 -4.587668472792352618e-03 9.999860441698329439e-01 2.620070911564707349e-03 7.566663240316032213e-03 -9.603178532917477916e-02 -3.048553887636210914e-03 9.953735994847939805e-01 5.591536079920303992e-01
9.910628095595196418e-01 1.108577295065132397e-03 1.333914481511299099e-01 1.412526643039539453e-01 -1.749188958899221573e-03 9.999874935919034202e-01 4.685402846216786717e-03 1.778328796634143227e-03 -1.333845880772507320e-01 -4.876855278255138801e-03 9.910523538484289352e-01 7.488115661374286081e-01
9.849099717381691876e-01 -2.120758684883802814e-03 1.730544702630727461e-01 1.940091195080241582e-01 1.187880924042816321e-03 9.999842020659687192e-01 5.494047122783778971e-03 -1.060210651071355481e-02 -1.730633908997637194e-01 -5.205573577025254632e-03 9.848969311622955969e-01 9.288366474536351447e-01
9.762161155637484322e-01 -2.408858172596201920e-03 2.167862832464240719e-01 2.804138951757381704e-01 1.014879678865980572e-03 9.999780904835902096e-01 6.541297149667475198e-03 -4.980549471278752915e-03 -2.167972943689200349e-01 -6.165707552558023948e-03 9.761971715388516602e-01 1.171680447798263636e+00
9.645647623753376143e-01 -2.445067437361352850e-03 2.638348725729561806e-01 3.830660136153046791e-01 -1.279840163448572573e-04 9.999526067563644371e-01 9.734878456304040320e-03 7.508973129067994523e-03 -2.638461755766808858e-01 -9.423687208646915753e-03 9.645187352245078172e-01 1.358065520206246823e+00
9.502379080074117024e-01 -6.335013329771452782e-03 3.114607271213719053e-01 5.270445472632288020e-01 1.249205346771861203e-03 9.998626612215889553e-01 1.652568221366385037e-02 2.284174803791847591e-02 -3.115226472824658144e-01 -1.531425113231254034e-02 9.501153167923740428e-01 1.604886399979028155e+00
9.333726217658149249e-01 -1.594142665879219253e-02 3.585546236275596876e-01 6.344982502265794633e-01 7.527449911882116117e-03 9.996628469138528761e-01 2.485015037802429730e-02 -5.063007318565654336e-03 -3.588298888728521652e-01 -2.049544787775835555e-02 9.331779300976216218e-01 1.784105932796524074e+00
9.124060654149497296e-01 -2.155236519942944212e-02 4.087183198903694969e-01 8.149649332820584346e-01 1.026374192547501417e-02 9.995033918220048719e-01 2.979304123235437113e-02 -7.146841377583604271e-03 -4.091574645975956104e-01 -2.298837198038066604e-02 9.121741644467880050e-01 2.035688501387844074e+00
8.873773402090322504e-01 -2.353660332350325166e-02 4.604427014589849154e-01 1.010965020857964802e+00 8.981271636137305031e-03 9.993890334900291661e-01 3.377715894722816553e-02 -4.250074920774254972e-04 -4.609563939369695218e-01 -2.583772427435677629e-02 8.870465703596134288e-01 2.281518003055044375e+00
8.591265576726183628e-01 -2.546339038875965535e-02 5.111293082797575549e-01 1.179496286026238350e+00 6.986581139665225086e-03 9.992518955390308211e-01 3.803730947620140995e-02 2.119325236157075520e-02 -5.117154978576001767e-01 -2.910781612965268605e-02 8.586617425942062454e-01 2.510885103932110951e+00
8.270003992566593576e-01 -3.078522876112441825e-02 5.613578222115667149e-01 1.407079567331687819e+00 8.149981848169072021e-03 9.990511912194585120e-01 4.278194805057423250e-02 2.037152767629483996e-02 -5.621422627428686036e-01 -3.080563178068831953e-02 8.264666322908092999e-01 2.731035334409722015e+00
7.914219553494762360e-01 -3.652130193691502380e-02 6.101782341041698254e-01 1.631298636159994153e+00 1.026185228503415266e-02 9.988667098866776950e-01 4.647569494672502272e-02 2.302054131431524597e-02 -6.111840885856194561e-01 -3.052032613253297111e-02 7.908998200282723046e-01 2.922916248007923379e+00
7.539349416757764599e-01 -4.100028478931326548e-02 6.556684174697040568e-01 1.893474163337619975e+00 1.137444937033927142e-02 9.987156610660221645e-01 4.937256516547435664e-02 3.288218756022260464e-02 -6.568506175708572759e-01 -2.976583443140814675e-02 7.534329884267475519e-01 3.133620571317706993e+00
7.134801973364740535e-01 -4.430382737106192820e-02 6.992733165021907116e-01 2.195530761256547336e+00 1.242686895840995794e-02 9.986421104639512381e-01 5.059158112783271322e-02 4.286892201481898312e-02 -7.005651933634442496e-01 -2.740631295890582145e-02 7.130619269247441272e-01 3.383507609425095541e+00
6.718693586238394522e-01 -4.615250997706793479e-02 7.392303443771726101e-01 2.482832762884242594e+00 1.143003010840602622e-02 9.985839463727272936e-01 5.195629320340239971e-02 5.268073157199319040e-02 -7.405814807047866877e-01 -2.645841578889774823e-02 6.714454791293293923e-01 3.561421013716124850e+00
6.291002669613851017e-01 -4.659895357511524561e-02 7.759261446425669284e-01 2.825826754781540107e+00 7.248341899982196565e-03 9.985097750191143096e-01 5.408965409677961300e-02 8.325071456157775995e-02 -7.772903748307410376e-01 -2.840363731685230028e-02 6.285005300938653061e-01 3.801818549509568879e+00
5.875290493809052217e-01 -4.739945838966120456e-02 8.078136523275041281e-01 3.168700056724025327e+00 4.432520757639803882e-03 9.984565176172855994e-01 5.536185636167181845e-02 1.006920994499240635e-01 -8.091909421779208689e-01 -2.894604749864148480e-02 5.868323066005624034e-01 4.004870903095097745e+00
5.476230998389611804e-01 -4.844752233948540487e-02 8.353213553484502008e-01 3.545605660542340942e+00 2.312011523260928177e-03 9.984061126215900694e-01 5.639050307847547072e-02 1.214754855954179036e-01 -8.367219418021459854e-01 -2.894946890849720011e-02 5.468622603568843443e-01 4.206187782577289980e+00
5.087735365348691197e-01 -5.100233501080402715e-02 8.593882930360766670e-01 3.977690654780629664e+00 1.360241001881470771e-03 9.982899678702177315e-01 5.844048038855421956e-02 1.319102984679798862e-01 -8.608993272823824983e-01 -2.856399406994645715e-02 5.079728917091456131e-01 4.421667215890995095e+00
4.717067001266390114e-01 -5.090252613633045736e-02 8.802850158256390056e-01 4.372821124619063582e+00 -1.567515377401165885e-03 9.982823261834664619e-01 5.856569033341341851e-02 1.542434928840412112e-01 -8.817541301272052712e-01 -2.900568818613067160e-02 4.708166701582854330e-01 4.603948692110216179e+00
4.353490514674667744e-01 -5.014059303746985774e-02 8.988643451074810331e-01 4.839010511768480960e+00 -2.941760421956772769e-03 9.983632350270934541e-01 5.711564544977683344e-02 1.807247848941631596e-01 -9.002569433299147938e-01 -2.750948495100653465e-02 4.344889845225632374e-01 4.796210456368896757e+00
4.018890250341675130e-01 -4.890959822957913899e-02 9.143812382281409912e-01 5.351732124603518770e+00 -1.639034043696788743e-03 9.985324878111462299e-01 5.413117694737525770e-02 1.977834008370054075e-01 -9.156869225661389278e-01 -2.325342717500842454e-02 4.012190822179679262e-01 4.988505598152999987e+00
3.721616799100567197e-01 -4.725941575090823743e-02 9.269639784044636510e-01 5.837285623583929883e+00 2.014073860811150130e-04 9.987069826977021947e-01 5.083622833298945959e-02 2.193279889352725553e-01 -9.281679044459001382e-01 -1.873259795905292402e-02 3.716899855188205426e-01 5.155031991277449599e+00
3.467508947542829456e-01 -4.546772089114137910e-02 9.368545717582673626e-01 6.379121662360448752e+00 1.129324878812291945e-03 9.988438978505359556e-01 4.805821801458628334e-02 2.434052186229206383e-01 -9.379565860436580582e-01 -1.560621609616905797e-02 3.464013618182209542e-01 5.329072236431938059e+00
3.258696734577462006e-01 -4.493809916742950300e-02 9.443460743680109903e-01 6.955668737623837750e+00 2.200692733055918671e-03 9.989030325688301737e-01 4.677486977496802395e-02 2.682770655642346957e-01 -9.454121475746652958e-01 -1.316429514011343248e-02 3.256110986668520058e-01 5.497739269954966979e+00
3.109142277804902710e-01 -4.545612753907250780e-02 9.493503401065471747e-01 7.538837338922227183e+00 3.683573705563965642e-03 9.989057868794651851e-01 4.662252875206957664e-02 3.004814926485633864e-01 -9.504308445677505102e-01 -1.099860469133005086e-02 3.107414610213899975e-01 5.711413577086264404e+00
2.988386883930071458e-01 -4.698876524709299368e-02 9.531460952798289643e-01 8.169393346109480092e+00 4.344958944791844045e-03 9.988436773384868905e-01 4.787932261403628209e-02 3.184502208662137179e-01 -9.542937576143729617e-01 -1.016681242258036556e-02 2.986972973681520926e-01 5.886501811614667012e+00
2.884462658003079660e-01 -4.876572673266444530e-02 9.562534393207925421e-01 8.796144024100367886e+00 3.207566106961400910e-03 9.987458106977054051e-01 4.996515880478746147e-02 3.455760336017002499e-01 -9.574907203355199625e-01 -1.134501646509838632e-02 2.882409175344259333e-01 6.072902644136403794e+00
2.779105570157514582e-01 -5.032411939409574264e-02 9.592878555274687580e-01 9.476015085006434191e+00 1.551850945739288116e-03 9.986490314848700534e-01 5.193942273966710432e-02 3.793884111048315688e-01 -9.606057101697869083e-01 -1.294584125781811194e-02 2.776132027942569414e-01 6.252473093897633838e+00
2.674512985853683134e-01 -5.208972028469775750e-02 9.621623814470828817e-01 1.016063955122573503e+01 7.757754233091566400e-04 9.985490589621976998e-01 5.384398739760091340e-02 4.083046562554675241e-01 -9.635710754770430153e-01 -1.365422154217240357e-02 2.671036511003964109e-01 6.452114123038620086e+00
2.583256537283992182e-01 -5.423249209035039403e-02 9.645344357159451043e-01 1.087188823170505181e+01 -9.622922139048548291e-05 9.984215733463558395e-01 5.616362324409218676e-02 4.353879932524266083e-01 -9.660578988216019791e-01 -1.460132021241346972e-02 2.579126855326335788e-01 6.620367674038591943e+00
2.476846546317303110e-01 -5.578563448042650474e-02 9.672333012230521776e-01 1.160019291790694673e+01 -4.722473919829211857e-04 9.983338379067286938e-01 5.770030356018805012e-02 4.647721559103334954e-01 -9.688405985671252330e-01 -1.474825228433951883e-02 2.472456258769200055e-01 6.826319455379906032e+00
2.363006118990685633e-01 -5.712079236214952227e-02 9.699995979053118722e-01 1.236043534328299742e+01 -1.225006735443038989e-03 9.982523252291759519e-01 5.908294585344613103e-02 4.924536413659484912e-01 -9.716792355735738296e-01 -1.514959141865755352e-02 2.358176605704126183e-01 7.002041605545332281e+00
2.265380134154452996e-01 -5.993258475501953009e-02 9.721566734409173849e-01 1.312886914637613600e+01 -2.345477506896806973e-03 9.980686326427586907e-01 6.207659160744122967e-02 5.287488432375750946e-01 -9.739995092137727628e-01 -1.634287847879285077e-02 2.259599134034519230e-01 7.192734872111770983e+00
2.157592701873786434e-01 -6.362232762256697649e-02 9.743716542562710359e-01 1.389333066775316006e+01 -3.983872632775848494e-03 9.978093624663527672e-01 6.603487628904854134e-02 5.761022412036349571e-01 -9.764384685636140482e-01 -1.812940841873875858e-02 2.150331552211260377e-01 7.360206232102417978e+00
2.020262135952243243e-01 -6.718001573119412873e-02 9.770733023965644248e-01 1.468320299531317552e+01 -4.396127297433322437e-03 9.975723744191632436e-01 6.949843026544223756e-02 6.182739872609300802e-01 -9.793702568335985736e-01 -1.833584246501403572e-02 2.012404363256349027e-01 7.507803367290628138e+00
1.899409061914026087e-01 -6.959607524665127609e-02 9.793256976714934670e-01 1.547385416105762346e+01 -5.517840693832324478e-03 9.973929612976397685e-01 7.195021984119741310e-02 6.594869864862319409e-01 -9.817800275725172554e-01 -1.907005227741074768e-02 1.890617014742668189e-01 7.683831510252054464e+00
1.758628227334924909e-01 -7.039319077308632544e-02 9.818946225634790359e-01 1.629105226020707775e+01 -6.060297140623243164e-03 9.973437310856652083e-01 7.258618883713220671e-02 6.901950023902793108e-01 -9.843960368673940753e-01 -1.871578435914110147e-02 1.749690787604995523e-01 7.820945776805493743e+00
1.615517819077533224e-01 -6.964730004261085461e-02 9.844035040568230865e-01 1.708647517281774242e+01 -7.510525935107966421e-03 9.973908634958339459e-01 7.179872816650724465e-02 7.308148654426792623e-01 -9.868356655737033911e-01 -1.899259964639610568e-02 1.606071820284387386e-01 7.967812350208577143e+00
1.450616352896113015e-01 -6.863836322578173443e-02 9.870389457297427116e-01 1.787697307234063970e+01 -8.496698073927758457e-03 9.974676480691849756e-01 7.061230156247182144e-02 7.676500461384204721e-01 -9.893861456680461686e-01 -1.862970696311515989e-02 1.441110873504304890e-01 8.082104566573041993e+00
1.246597690052859975e-01 -6.730621138658920977e-02 9.899140362167663243e-01 1.869606383727990817e+01 -1.099326490278199238e-02 9.975415951433969086e-01 6.920920493113993932e-02 8.097630974627236800e-01 -9.921386532821381277e-01 -1.950998985300936295e-02 1.236133884300085473e-01 8.172464950647126969e+00
9.940114158522371512e-02 -6.600096968419719157e-02 9.928561165209318640e-01 1.951385222991908464e+01 -1.561835113207767946e-02 9.975713680380314807e-01 6.787807268459665477e-02 8.531165576609259782e-01 -9.949248702491738650e-01 -2.225393250792253447e-02 9.812890508989845217e-02 8.261395012514254788e+00
6.945565915482157515e-02 -6.558439032139250224e-02 9.954268341193874825e-01 2.032933411472695084e+01 -1.915938045821909130e-02 9.975648317523407860e-01 6.706209490103877402e-02 8.933065051928166245e-01 -9.974010461588045384e-01 -2.372960259028047275e-02 6.802996526303560498e-02 8.320210379309088466e+00
3.555980914748960858e-02 -6.514813464227917073e-02 9.972417978302818842e-01 2.120000310597372106e+01 -2.233288403699206295e-02 9.975719134423022272e-01 6.596605029121208053e-02 9.330835464680198310e-01 -9.991179908326824899e-01 -2.461702474106072097e-02 3.401851972450604250e-02 8.317886674518675250e+00
1.600831899955269637e-03 -6.462257457145485773e-02 9.979084842471795946e-01 2.201286800141332733e+01 -2.435879831763091558e-02 9.976111514802050717e-01 6.464239616894400242e-02 9.665513057219171644e-01 -9.997020073994370426e-01 -2.441133226617027419e-02 2.287810104354686145e-05 8.302855976425455253e+00
-3.258842827775435685e-02 -6.374672082970765652e-02 9.974338738134770344e-01 2.288139205462253756e+01 -2.539769649147109731e-02 9.976945032464394902e-01 6.293357772317782761e-02 9.983994898562221776e-01 -9.991461197477854439e-01 -2.328161554974045311e-02 -3.413231702293605813e-02 8.269520029721459053e+00
-6.475527588324511696e-02 -6.178619935154413406e-02 9.959865473603197739e-01 2.370197708722899321e+01 -2.777390689053299902e-02 9.978062945036006992e-01 6.009333369374630918e-02 1.028483809935830440e+00 -9.975146021462474311e-01 -2.377107636871955351e-02 -6.632926741743470911e-02 8.227136448988167317e+00
-9.726782097893649226e-02 -5.863500388730923801e-02 9.935295114226070368e-01 2.453776640582050206e+01 -2.988949071414472719e-02 9.979848617676526645e-01 5.597172542461112399e-02 1.069011772818006412e+00 -9.948093316638604300e-01 -2.425184248330108233e-02 -9.882438466598231219e-02 8.138618342932883110e+00
-1.298135362939549231e-01 -5.440151424708139505e-02 9.900448999234012781e-01 2.538183894119967832e+01 -2.705064622926743254e-02 9.983163984483822695e-01 5.130917214907643881e-02 1.094146596985394293e+00 -9.911693726005130767e-01 -2.012072836876631007e-02 -1.310665795226504116e-01 8.024146759837616827e+00
-1.615529035062038821e-01 -4.877763219537330219e-02 9.856578437251497515e-01 2.622548073566171567e+01 -2.257037961024544945e-02 9.986991170286754205e-01 4.572364405831048917e-02 1.113599062885973989e+00 -9.866059263854498607e-01 -1.485988330950172714e-02 -1.624436731386463273e-01 7.847879406465421148e+00
-1.922133642232549400e-01 -4.277045032958667892e-02 9.804206720909002248e-01 2.705969561759183861e+01 -1.641467703109840068e-02 9.990501604460730878e-01 4.036502568789436529e-02 1.132041014286567115e+00 -9.812158770673441444e-01 -8.334590315878687150e-03 -1.927328568679889664e-01 7.677650181736201063e+00
-2.211720399991441988e-01 -3.708970934580394646e-02 9.745292532385744222e-01 2.785595973276544868e+01 -1.113502376974651910e-02 9.993074412066689227e-01 3.550562204239970238e-02 1.136259416536497868e+00 -9.751712445201642376e-01 -2.998554511383925720e-03 -2.214318615181061489e-01 7.471448993083146917e+00
-2.483677602473084167e-01 -3.064026596354390078e-02 9.681810849152702181e-01 2.867152156883175351e+01 -2.311004101189507477e-03 9.995155002520479393e-01 3.103907222803325289e-02 1.163622375640255058e+00 -9.686630636295721075e-01 5.471635490830379679e-03 -2.483182372676301930e-01 7.260000015369739934e+00
-2.753657921025823851e-01 -2.101280432278241836e-02 9.611098408705269769e-01 2.948088040210175009e+01 3.494402178530395513e-03 9.997326057809591271e-01 2.285839180616017555e-02 1.150268598625536320e+00 -9.613331812232310813e-01 9.652924614712506818e-03 -2.752187350408966671e-01 7.002092997529963725e+00
-3.007929642742775411e-01 -6.175728646819911988e-03 9.536694589142373779e-01 3.025685857244581101e+01 7.673234610196599109e-03 9.999309934625781882e-01 8.895491404938464866e-03 1.143843736014425794e+00 -9.536586021490356391e-01 9.993431842584402092e-03 -3.007248211178749076e-01 6.735616827722530786e+00
-3.260940844468307453e-01 1.124025559034576120e-02 9.452704844869515011e-01 3.103820193665534788e+01 8.845815781335039998e-03 9.999218128468750910e-01 -8.838536161688498663e-03 1.121868612930288833e+00 -9.452959402562454150e-01 5.479495268420887105e-03 -3.261680186379647961e-01 6.459646292486950436e+00
-3.512420984498555443e-01 2.617163011097290923e-02 9.359188097434706366e-01 3.184791162919515628e+01 7.593681240972382368e-03 9.996560007535141290e-01 -2.510410620481992941e-02 1.096558425737993225e+00 -9.362538859688329662e-01 -1.710548860168254652e-03 -3.513200117662745869e-01 6.177729982192606606e+00
-3.754226155813257804e-01 3.687963861076906658e-02 9.261197204650080117e-01 3.258990551837874250e+01 1.174710865470534812e-02 9.993171302442256376e-01 -3.503253649976441342e-02 1.064102306043761104e+00 -9.267793046472937446e-01 -2.272776544256725414e-03 -3.755994812578712372e-01 5.854253485075235020e+00
-3.992080928327597644e-01 4.153166361174406851e-02 9.159192128698069313e-01 3.338548182168162981e+01 1.571750053868345084e-02 9.991367314759268536e-01 -3.845454406192815727e-02 1.011269519756751389e+00 -9.167256257017677434e-01 -9.554035166421180440e-04 -3.995162442875819231e-01 5.508677424396927869e+00
-4.219615642257674160e-01 4.104490833431483771e-02 9.056841276554686848e-01 3.410626496883831038e+01 1.791681197562314601e-02 9.991570961686779828e-01 -3.693352119938731609e-02 9.740646713914651311e-01 -9.064366717202400059e-01 6.424468121632339853e-04 -4.223412863881205181e-01 5.139718855370834838e+00
-4.423401628435369437e-01 3.749009907233166738e-02 8.960634231794258886e-01 3.483566634184222721e+01 2.180786116833867763e-02 9.992801114008381669e-01 -3.104313306109593093e-02 9.286596710385819353e-01 -8.965821829986022617e-01 5.809603205655196854e-03 -4.428393073416878045e-01 4.769033225558371392e+00
-4.600004392855577828e-01 3.608598880321394614e-02 8.871850895280919413e-01 3.557536259948386714e+01 2.883568738307306159e-02 9.992539026315034878e-01 -2.569321234461966960e-02 8.897710166102644758e-01 -8.874503434167271276e-01 1.376370400324123874e-02 -4.606977997105429212e-01 4.363720465985440278e+00
-4.748572380643395485e-01 3.688488109274601356e-02 8.792895399388330757e-01 3.627258907636059604e+01 3.258383867754973545e-02 9.991731458966724988e-01 -2.431702948403660983e-02 8.460594126248316416e-01 -8.794594417564968181e-01 1.710351216168003521e-02 -4.756664526629748035e-01 3.996894495130284053e+00
-4.849484415782155944e-01 4.042314114500048655e-02 8.736080155749953446e-01 3.697738201183026518e+01 3.503679208672707407e-02 9.990272291172930252e-01 -2.677720346523319861e-02 7.969473095433683429e-01 -8.738406289534437210e-01 1.762286041503730374e-02 -4.858929962780597078e-01 3.563108694184820902e+00
-4.956229621070009639e-01 4.298974349946289852e-02 8.674731971474958225e-01 3.766338150119546668e+01 3.683991248207788699e-02 9.989159634615193406e-01 -2.845555710319948306e-02 7.572309948484587938e-01 -8.677561366451352898e-01 1.785441025771348708e-02 -4.966694283181712355e-01 3.191609275054915429e+00
-5.059515611251319545e-01 4.221398211444914172e-02 8.615282839597849796e-01 3.835340060991253353e+01 3.080240003180060443e-02 9.990488927658831564e-01 -3.086295453623915525e-02 7.091285924372758842e-01 -8.620117413204034795e-01 1.092197983943235355e-02 -5.067706401138309946e-01 2.791090968305642406e+00
-5.175609300282187908e-01 4.088510251172331605e-02 8.546689878836957188e-01 3.904357384823281052e+01 2.903353895069453114e-02 9.991217124032423236e-01 -3.021352959042166234e-02 6.836209893304202589e-01 -8.551536407797095674e-01 9.176723881922269066e-03 -5.182934031037758071e-01 2.372394487483598713e+00
-5.258690270054454663e-01 4.234875520383871161e-02 8.495106451747004295e-01 3.972870491435045182e+01 3.126528801978804145e-02 9.990472086944209851e-01 -3.044924484465968625e-02 6.468223475820740198e-01 -8.499907411586119510e-01 1.054788125192840376e-02 -5.266920307949806146e-01 1.941187232144113484e+00
-5.333855553891462264e-01 4.513890848716771431e-02 8.446669848387344803e-01 4.040441024772231060e+01 3.510199434115565675e-02 9.988961311790227615e-01 -3.121488507183695776e-02 6.022296134374921506e-01 -8.451436037733783824e-01 1.299992794258269732e-02 -5.343812346064209517e-01 1.500995931117334869e+00
-5.368332069583215960e-01 4.843189512088812154e-02 8.422971248573851710e-01 4.110641923762497640e+01 3.599609839176398651e-02 9.987567123670700875e-01 -3.448637906283771176e-02 5.639522146576617656e-01 -8.429201625556478339e-01 1.180597772885928071e-02 -5.379091293213746905e-01 1.058041804422439780e+00
-5.366823596474052938e-01 4.974237513667647409e-02 8.423168810250845073e-01 4.180879660437395984e+01 3.486788293965870783e-02 9.987155571426997724e-01 -3.676229861414819639e-02 5.147187039978664558e-01 -8.430636317757769227e-01 9.640130234737330495e-03 -5.377274343255888933e-01 6.169780712149154356e-01
-5.335761215161420878e-01 5.094632504003371309e-02 8.442161936139040979e-01 4.253144200399520969e+01 3.768051967849324335e-02 9.986248787080262979e-01 -3.644900543996692360e-02 4.816776526977257777e-01 -8.449122514674548556e-01 1.236218696151412944e-02 -5.347620748249249933e-01 1.516192181994412136e-01
-5.276897879731751173e-01 4.953719846615249611e-02 8.479914743540682975e-01 4.327998720120167064e+01 3.603717219533785626e-02 9.987048373765502474e-01 -3.591615177977303813e-02 4.352549418600991649e-01 -8.486723877327446708e-01 1.160662928182077530e-02 -5.287915256305215639e-01 -3.001141103195148485e-01
-5.208042578688792945e-01 4.837739623964117108e-02 8.523042527973019311e-01 4.402956342962401948e+01 3.382451142752637696e-02 9.987783856004817107e-01 -3.602275426308036710e-02 3.938443892500244070e-01 -8.530057674821207581e-01 1.006797214587568101e-02 -5.218043788823042428e-01 -7.447038145958275734e-01
-5.136690763422566697e-01 4.776210143963592614e-02 8.566579529598180587e-01 4.482518558109863704e+01 3.187088150904449080e-02 9.988224577648591174e-01 -3.657792667035849460e-02 3.439491225453820133e-01 -8.573962555341284597e-01 8.513495302518412494e-03 -5.145864307938443627e-01 -1.213060430748823304e+00
-5.072574576236714705e-01 4.613845719104507637e-02 8.605585982576082760e-01 4.562550479741595666e+01 2.905029227018304794e-02 9.989137841969739640e-01 -3.643257069475868554e-02 2.975920433207488447e-01 -8.613048034290569088e-01 6.518786592662973757e-03 -5.080468034368120778e-01 -1.680815826779009203e+00
-5.027877274472318803e-01 4.401094329961470486e-02 8.632887839545737574e-01 4.644286402657436241e+01 2.513217639420192023e-02 9.990250977467391991e-01 -3.629363215112975383e-02 2.521542712769500039e-01 -8.640444937224552868e-01 3.448334125720681643e-03 -5.034036505661346750e-01 -2.137608850749175726e+00
-5.008423584925900673e-01 4.124702947826546645e-02 8.645551462836281731e-01 4.728131205562368677e+01 2.026847910177394935e-02 9.991488684642878537e-01 -3.592669428106964880e-02 2.148753700250468912e-01 -8.653011805326658035e-01 -4.703914566076398442e-04 -5.012520915401894595e-01 -2.617144819499034991e+00
-5.013247811707071122e-01 3.891525110654052433e-02 8.643836263411357468e-01 4.810444131955460279e+01 1.756464281923082044e-02 9.992399516811354410e-01 -3.479945764336100228e-02 1.640113333234852755e-01 -8.650808976267139183e-01 -2.263239922254118349e-03 -5.016272838172405324e-01 -3.089353959252644444e+00
-5.025953291424875014e-01 3.752159079860219182e-02 8.637071562968478000e-01 4.894892472689817708e+01 1.603127234284526526e-02 9.992904222908713940e-01 -3.408298978916431132e-02 1.250899245568536655e-01 -8.643731519095786409e-01 -3.283625922917741882e-03 -5.028402187576507254e-01 -3.564656563588085358e+00
-5.035367549306820623e-01 3.712549158882346573e-02 8.631757763130244454e-01 4.982664265106229351e+01 1.623508535701304392e-02 9.993065197251962406e-01 -3.350972405508741148e-02 7.167641195901475193e-02 -8.638212608698271344e-01 -2.859644397739383257e-03 -5.037902988641936863e-01 -4.058212094020432481e+00
-5.032067555089781985e-01 3.621654582853418847e-02 8.634068041873239618e-01 5.068677627577072542e+01 1.565940615088608212e-02 9.993395207054335261e-01 -3.279184844686097028e-02 2.306382716468421273e-02 -8.640241643087105405e-01 -2.980640939164490213e-03 -5.034415286826352531e-01 -4.567141824986345355e+00
-5.031861353013501459e-01 3.587056973017618833e-02 8.634332643380566719e-01 5.159111238635541952e+01 1.629971604635605323e-02 9.993543671823293950e-01 -3.201824509569598659e-02 -2.031634428718444296e-02 -8.640243311371622603e-01 -2.037419061517389655e-03 -5.034459431361075765e-01 -5.089101844696776844e+00
-5.039555612810311391e-01 3.523526851238784757e-02 8.630105761903934525e-01 5.247577632526816416e+01 1.581226548732939108e-02 9.993764821710474644e-01 -3.156927482771183097e-02 -7.835766287807172104e-02 -8.635848405341682854e-01 -2.263358354265965124e-03 -5.041984866392136277e-01 -5.597150749279530046e+00
-5.039097498517848273e-01 3.377815972710866005e-02 8.630955836039425622e-01 5.337010148220798555e+01 1.408336177568422429e-02 9.994235342996760085e-01 -3.089106637395781438e-02 -1.261032116268310244e-01 -8.636414969273829012e-01 -3.411021276071533447e-03 -5.040949744238032437e-01 -6.112097975378619097e+00
-5.040710716656706669e-01 3.323168336675563078e-02 8.630225932379971265e-01 5.425323293923243284e+01 1.380314618489034660e-02 9.994418143794747689e-01 -3.042257054530368710e-02 -1.735929645392205734e-01 -8.635518746156578551e-01 -3.422709819862240939e-03 -5.042484094403739681e-01 -6.601360429174515154e+00
-5.032880308232634547e-01 3.232181952404850067e-02 8.635140094446426273e-01 5.515680036984318946e+01 1.238854993496647100e-02 9.994673982969102255e-01 -3.019012335012691631e-02 -2.271325888701800633e-01 -8.640299150861333599e-01 -4.496640412115990304e-03 -5.034204004517568443e-01 -7.126980756986552201e+00
-5.020730604648876438e-01 3.099299912182239616e-02 8.642696699718603881e-01 5.605353387283380329e+01 1.177269737050551553e-02 9.995099731485398431e-01 -2.900374373194938155e-02 -2.815856961485243004e-01 -8.647450825984558387e-01 -4.387212213345315082e-03 -5.021919035997418623e-01 -7.656184662620383996e+00
-4.994756631251302537e-01 2.865498474338949025e-02 8.658538792552135099e-01 5.695646517505535655e+01 1.234792333994239391e-02 9.995867755161744750e-01 -2.595779227098406888e-02 -3.372021655811137109e-01 -8.662399223699557282e-01 -2.273787264984167191e-03 -4.996230983256454983e-01 -8.156538965775244066e+00
-4.976194086392391469e-01 2.771812053435040307e-02 8.669524879334336021e-01 5.782159248631254655e+01 1.313829588374390393e-02 9.996154895953168751e-01 -2.441839713599961575e-02 -3.787704990917681314e-01 -8.672959827717173775e-01 -7.607891055711281164e-04 -4.977922388881516613e-01 -8.663267748617800024e+00
-4.951141023958748888e-01 2.705124144117435070e-02 8.684067263083727894e-01 5.872776147626679943e+01 1.278503331510279575e-02 9.996337991057585581e-01 -2.384975022005082074e-02 -4.375397036981672483e-01 -8.687338953803158681e-01 -7.057378100665726408e-04 -4.952786434140281080e-01 -9.178510762230253306e+00
-4.926075171291518506e-01 2.707466394359137052e-02 8.698303184826909895e-01 5.962839906869158568e+01 1.324570456587886164e-02 9.996334079852179366e-01 -2.361357505204967830e-02 -4.846057942381412631e-01 -8.701507903079742645e-01 -1.107082137782879300e-04 -4.927855553709617475e-01 -9.697358304875800528e+00
-4.919663012276780378e-01 2.755627555353778665e-02 8.701780257140784292e-01 6.050651746564330580e+01 1.343865172684845927e-02 9.996202437374518412e-01 -2.405765836356370257e-02 -5.251589296502301440e-01 -8.705105246937180352e-01 -1.415368316616492375e-04 -4.921497943586112811e-01 -1.018280410129383995e+01
-4.929982703381669551e-01 2.850686149271006511e-02 8.695631377945423068e-01 6.138629575295542651e+01 1.244612876271757214e-02 9.995918776950049045e-01 -2.571326315572228238e-02 -5.751248076182677860e-01 -8.699412691737521408e-01 -1.853898555315350218e-03 -4.931518680403738641e-01 -1.066356400448173147e+01
-4.951363900736178159e-01 3.050140763127743085e-02 8.682796817354332397e-01 6.228536632700028974e+01 1.152511317785656977e-02 9.995262160533343598e-01 -2.853971208960736153e-02 -6.217413081103319028e-01 -8.687388211903256385e-01 -4.124027514015126197e-03 -4.952533357978350370e-01 -1.116305778124627857e+01
-4.996061470597100707e-01 3.132426384995574270e-02 8.656861294639769389e-01 6.315742506802489942e+01 1.060345737610334481e-02 9.994922595003766785e-01 -3.004646184463948336e-02 -6.676798735778461946e-01 -8.661877838461735646e-01 -5.832130176556597941e-03 -4.996846235001344838e-01 -1.164560151162171664e+01
-5.047954414727165995e-01 3.004185968482600208e-02 8.627160804410859418e-01 6.403678179302563933e+01 1.062621013714199619e-02 9.995347804159204763e-01 -2.858857072952067715e-02 -7.087228526059243805e-01 -8.631735967952559596e-01 -5.263976935574322079e-03 -5.048798330755919217e-01 -1.217119723338053383e+01
-5.101463577933394999e-01 2.775216098611334517e-02 8.596397488451128499e-01 6.491248140742405326e+01 1.341024477787709258e-02 9.996144515618270443e-01 -2.431282664817002032e-02 -7.786461173663403734e-01 -8.599830644501552657e-01 -8.751195823959982299e-04 -5.103218361436838713e-01 -1.267233619475235429e+01
-5.155250470449821432e-01 2.563681215493695403e-02 8.564909027096714311e-01 6.575266617337503305e+01 1.053755190507514074e-02 9.996664207958577686e-01 -2.357980309411458059e-02 -8.178480802398111482e-01 -8.568097209702132400e-01 -3.130660850471613226e-03 -5.156232290539758401e-01 -1.317672521960177257e+01
-5.207300206023504074e-01 2.796944753947419246e-02 8.532631144220246266e-01 6.659190635555749793e+01 1.180150716738784765e-02 9.996035203805271330e-01 -2.556416338713505057e-02 -8.749264708552182412e-01 -8.536398432903992139e-01 -3.242235666392591278e-03 -5.208536445983829033e-01 -1.369013047393792348e+01
-5.256773687574747278e-01 3.006132515432220070e-02 8.501526966260835039e-01 6.743061232585469611e+01 1.191901310790119232e-02 9.995375993002924009e-01 -2.797364275302589853e-02 -9.182445870360270712e-01 -8.506005249175244698e-01 -4.572128897806408167e-03 -5.257925976995356798e-01 -1.423328937565666052e+01
-5.305553151727970818e-01 3.054607611502941841e-02 8.470997472180582522e-01 6.827320881547151998e+01 1.076475979250922192e-02 9.995127008537173507e-01 -2.929984227905493149e-02 -9.633523935437878771e-01 -8.475819661156149820e-01 -6.426360891086660941e-03 -5.306255983849604840e-01 -1.474805990985496429e+01
-5.339181750494371714e-01 3.105297223719776650e-02 8.449657284698748327e-01 6.909440828735920093e+01 9.991288330760334999e-03 9.994873155991973457e-01 -3.041841701339327575e-02 -1.010329215576384332e+00 -8.454771246118127914e-01 -7.798648626805449596e-03 -5.339547039182510613e-01 -1.525871682269944962e+01
-5.380769283862123498e-01 3.027393690106863766e-02 8.423518831093653736e-01 6.991102313393136569e+01 1.017367159605435042e-02 9.995152559774888035e-01 -2.942362068722589527e-02 -1.064398645268496812e+00 -8.428343414911088072e-01 -7.262359160713808930e-03 -5.381240970890558417e-01 -1.575177267819786842e+01
-5.404054767431123452e-01 2.352655665498598961e-02 8.410757450823791448e-01 7.073201138557773504e+01 1.139993277261257959e-02 9.997219865128003091e-01 -2.063955415562309520e-02 -1.113269575635388975e+00 -8.413275068866125084e-01 -1.565520243047794280e-03 -5.405234390795591315e-01 -1.629757169534672201e+01
-5.420514664534714644e-01 1.552492294265303378e-02 8.402018636204637847e-01 7.157248084839196167e+01 1.233245348369456373e-02 9.998686222997307249e-01 -1.051896910076275012e-02 -1.144425364543473433e+00 -8.402548005686211186e-01 4.659928744969551138e-03 -5.421717145499327373e-01 -1.682607739845205685e+01
-5.442763388602448460e-01 1.274948088068589627e-02 8.388090991873685676e-01 7.236223182505594309e+01 1.275689983032223147e-02 9.998946795292948941e-01 -6.920356518120416266e-03 -1.169611010734415757e+00 -8.388090009003772440e-01 6.934018339156628255e-03 -5.443816604499169820e-01 -1.733752418083660984e+01
-5.450224960512470851e-01 1.773513118895482521e-02 8.382338165001119723e-01 7.316093983375401422e+01 1.281165534596491982e-02 9.998356887533507154e-01 -1.282407739350803835e-02 -1.204540853256997002e+00 -8.383235364694067160e-01 3.749753045979024608e-03 -5.451601602927093060e-01 -1.785713756888891268e+01
-5.461940881932446645e-01 2.319412264560034506e-02 8.373374695605776408e-01 7.396513607857201578e+01 1.316018400075662405e-02 9.997308102812402231e-01 -1.910802210729707976e-02 -1.254626368271024806e+00 -8.375552752323724981e-01 5.828273847487785812e-04 -5.463522984600991395e-01 -1.836755842888634760e+01
-5.467216651270082606e-01 2.826439976146132363e-02 8.368372194375336415e-01 7.478286094891784330e+01 1.931967712335871598e-02 9.995898516986955196e-01 -2.113949914003182204e-02 -1.290097838728329060e+00 -8.370915018245881356e-01 4.610003674309796906e-03 -5.470434884202990400e-01 -1.890724982574102597e+01
-5.464003749579627867e-01 2.846999249414889147e-02 8.370400689433270536e-01 7.556780957871642102e+01 2.199632024761216317e-02 9.995651369226551397e-01 -1.963921860926079108e-02 -1.337277490652441170e+00 -8.372352140312013802e-01 7.680925992519059900e-03 -5.467890018602551416e-01 -1.941214206907158868e+01
-5.462803487103798927e-01 2.601213757854456063e-02 8.371983854197213581e-01 7.633651550871657321e+01 2.191583259662698013e-02 9.996193548791402206e-01 -1.675832916489727875e-02 -1.371760358979612793e+00 -8.373156444074444371e-01 9.193154768650320732e-03 -5.466424885921578047e-01 -1.994643708594893283e+01
-5.461996816749649097e-01 2.104009503814119331e-02 8.373907148810513235e-01 7.713461275360791092e+01 2.015913286804264445e-02 9.997251288452454476e-01 -1.196979883858645052e-02 -1.397714448859176839e+00 -8.374124005407858062e-01 1.034317138617526013e-02 -5.464736983874707299e-01 -2.044054822629781398e+01
-5.452319124225526448e-01 1.504403598599773212e-02 8.381502406266960747e-01 7.795293086459805920e+01 1.841617731696009938e-02 9.998126100227470170e-01 -5.965670288373632439e-03 -1.426194041206473306e+00 -8.380829419514590484e-01 1.218285066882933594e-02 -5.454067962400374059e-01 -2.096758819573127042e+01
-5.447349532756313728e-01 8.458386955234882543e-03 8.385656048033309773e-01 7.877464070690659526e+01 9.906778284339586363e-03 9.999442625297174647e-01 -3.650693219865970042e-03 -1.454549879477926799e+00 -8.385497587780186279e-01 6.318824313630172843e-03 -5.447883876701992145e-01 -2.149966231079503132e+01
-5.429670137878951364e-01 2.706709996363120332e-03 8.397496548442373587e-01 7.956092045933553436e+01 4.156173251721636793e-04 9.999955491220930970e-01 -2.954487775364644016e-03 -1.486464427154952084e+00 -8.397539287017062870e-01 -1.255173973428453348e-03 -5.429657232430139535e-01 -2.197924320426750455e+01
-5.419323910291397040e-01 3.236939674485078342e-03 8.404158452269254731e-01 8.033548698731623006e+01 3.831233419848794914e-03 9.999917071614422559e-01 -1.381032991046020342e-03 -1.502475969732114391e+00 -8.404133606680526114e-01 2.471403722129200242e-03 -5.419402995233637554e-01 -2.246746426169553601e+01
-5.377041119620447063e-01 6.973810596116663402e-03 8.431047627701308000e-01 8.115501279646716171e+01 9.495447368824379633e-03 9.999524633069125645e-01 -2.215307937355728753e-03 -1.525265365813177176e+00 -8.430801480989428276e-01 6.814477713677683131e-03 -5.377447719230763479e-01 -2.299435203198031630e+01
-5.326808098359276933e-01 9.883589578035733778e-03 8.462585045147925644e-01 8.195492393022269084e+01 1.055821427100509836e-02 9.999315969281548089e-01 -5.032450520242956298e-03 -1.545398779083834162e+00 -8.462503711664967065e-01 6.254289795526075252e-03 -5.327487270783296536e-01 -2.347689562489227555e+01
-5.249652067380317089e-01 1.172691459767707077e-02 8.510428884777526681e-01 8.270693089857113023e+01 1.544433436231610127e-02 9.998716930868835062e-01 -4.250867402363915810e-03 -1.572862030800749045e+00 -8.509835580940525723e-01 1.091223448148626561e-02 -5.250789656596130950e-01 -2.396077920855367083e+01
-5.165405181892359643e-01 1.320280479147628062e-02 8.561609461486731076e-01 8.352207801110297680e+01 2.095903618737064017e-02 9.997764911733159066e-01 -2.772447383364636843e-03 -1.615049826799929367e+00 -8.560062055366016720e-01 1.651222793853792878e-02 -5.167017860917006988e-01 -2.445383906117170980e+01
-5.076870252400192962e-01 1.406543150171563235e-02 8.614267435980184073e-01 8.431094882861792428e+01 2.162919383705036100e-02 9.997596631832106340e-01 -3.576843589633364393e-03 -1.624990915077155984e+00 -8.612700358112931331e-01 1.681605003210667054e-02 -5.078692345125305208e-01 -2.489493635568026164e+01
-4.955186772755338920e-01 1.140847642078661288e-02 8.685223505924533072e-01 8.516663160166744717e+01 1.783484728151330662e-02 9.998365707859969698e-01 -2.958024915016152761e-03 -1.649148166506234192e+00 -8.684141702725471923e-01 1.402420797187439901e-02 -4.956411647036326196e-01 -2.536753002915821043e+01
-4.838949849027043837e-01 8.746931901381822805e-03 8.750823509362158914e-01 8.599299837582967143e+01 1.895686464466341675e-02 9.998201829767084936e-01 4.888384391968302826e-04 -1.678316599874828619e+00 -8.749207355590010726e-01 1.682536526290492537e-02 -4.839737879815211863e-01 -2.584537357630732757e+01
-4.726308914265405225e-01 8.049812275896772382e-03 8.812237099430735299e-01 8.676908449708251680e+01 1.934902328243425298e-02 9.998120156222184418e-01 1.244460708084373438e-03 -1.697424130422532818e+00 -8.810480512467894210e-01 1.763898978109632032e-02 -4.726978014467382305e-01 -2.625385879186013938e+01
-4.613455509286231160e-01 6.535858102890828962e-03 8.871964556948944702e-01 8.756885272794939112e+01 1.831566574960247218e-02 9.998299239303052310e-01 2.158603730648109113e-03 -1.708651140664039225e+00 -8.870314718539087373e-01 1.724545709245367889e-02 -4.613867969303043215e-01 -2.664934152654983279e+01
-4.486765652484500100e-01 8.150467409775215277e-03 8.936570344888442596e-01 8.843548254195300728e+01 2.099333367375552303e-02 9.997786047612824412e-01 1.421747977537179356e-03 -1.728232892270352483e+00 -8.934476106515629734e-01 1.939874646575295847e-02 -4.487483371318105041e-01 -2.706664934912834042e+01
