1 0 0 0 0 1 0 0 0 0 1 0
0.99987863 0.00066884666 0.015565474 -0.017250184 -0.00066545094 0.99999975 -0.00022333809 -0.0043854027 -0.015565621 0.00021295294 0.99987883 0.12865565
0.99935784 0.0029788129 0.035707619 0.027971047 -0.0029764675 0.99999556 -0.00011884705 -0.0019654981 -0.035707817 1.2488195e-05 0.99936227 0.279342
0.99797179 0.0051572652 0.063448446 0.055478664 -0.0052194761 0.99998605 0.00081477611 0.0012595049 -0.063443364 -0.0011442912 0.99798478 0.4312716
0.99533268 0.0044291449 0.096401401 0.095116314 -0.0047947498 0.99998216 0.0035612023 0.0021619181 -0.096383917 -0.0040068016 0.99533617 0.60201036
0.9910201 0.0014022984 0.13370561 0.17186033 -0.0021376764 0.99998337 0.0053565816 0.0023538565 -0.13369589 -0.0055942993 0.99100662 0.78393492
0.98476949 -0.0018073316 0.17385562 0.24066574 0.00074927112 0.9999808 0.0061512973 -0.0063045882 -0.17386341 -0.0059273449 0.98475194 0.97558825
0.97619486 -0.0019703483 0.21688642 0.3175298 0.00047638771 0.9999758 0.0069402842 -0.0062859001 -0.21689486 -0.0066717477 0.97617217 1.1924389
0.96408871 -0.0020156179 0.26557278 0.41687247 -0.00076183641 0.9999461 0.010354928 0.0042679233 -0.26557935 -0.010185392 0.9640352 1.3904844
0.95011596 -0.006015124 0.31183885 0.56313211 0.00065947841 0.99985052 0.017277013 0.0082880056 -0.31189618 -0.016209515 0.94997791 1.6327301
0.93323642 -0.015481633 0.35892908 0.70300441 0.0068867553 0.9996584 0.025212151 -0.0024964164 -0.35919683 -0.021057041 0.93302425 1.8560713
0.91225869 -0.021406733 0.4090548 0.86849993 0.0098823264 0.99949301 0.030266465 -0.0043209877 -0.40949535 -0.023568433 0.91200773 2.0619417
0.88730912 -0.023244277 0.46058898 1.0390243 0.008446832 0.99938059 0.034162625 -0.0022695589 -0.46109781 -0.026422291 0.88695585 2.3205651
0.85903061 -0.0254505 0.51129116 1.2191602 0.0064565155 0.99922262 0.038890503 0.022409716 -0.51188352 -0.030106973 0.85852714 2.5293094
0.82681047 -0.030563809 0.5616496 1.4676899 0.0075384015 0.99903506 0.043268059 0.019444259 -0.56243012 -0.031540544 0.82624305 2.7533606
0.7907658 -0.03616832 0.61104932 1.6819593 0.0095217522 0.99885886 0.046800757 0.026533318 -0.61204479 -0.031190178 0.79020781 2.9498251
0.75320712 -0.040854824 0.65651342 1.9289703 0.010873344 0.99870626 0.04967467 0.033853069 -0.65769357 -0.030276819 0.7526769 3.1762609
0.71336025 -0.044181508 0.69940339 2.2272995 0.012068803 0.99863722 0.050774552 0.04519432 -0.70069361 -0.027779586 0.71292131 3.4014191
0.6722242 -0.045812724 0.7389288 2.528197 0.010965701 0.99859023 0.051935625 0.058537073 -0.74026646 -0.026809511 0.67177888 3.6188898
0.6294146 -0.04630294 0.77568889 2.8818727 0.0065100837 0.99850231 0.054320812 0.081944289 -0.77704243 -0.029140512 0.62877337 3.8214102
0.58657308 -0.047172147 0.80852134 3.1930707 0.0035643058 0.99844303 0.055667022 0.10158652 -0.8098885 -0.029770959 0.58582794 4.0121636
0.54694136 -0.048085408 0.83578878 3.5543704 0.0014564648 0.99840222 0.056487928 0.11248723 -0.83716969 -0.029678287 0.5461375 4.2143289
0.50800309 -0.050804886 0.85985561 4.0089174 0.00087508337 0.99828894 0.05846727 0.13261642 -0.86135484 -0.028949108 0.50717832 4.4243363
0.4707477 -0.050765884 0.88080609 4.3829468 -0.0022154116 0.99827203 0.058720145 0.15835577 -0.88226513 -0.029593721 0.46982179 4.6131437
0.43423766 -0.05005377 0.89940658 4.8528699 -0.003156119 0.99836435 0.057084755 0.18381856 -0.90079285 -0.027626984 0.43336943 4.8267993
0.40114037 -0.048794298 0.91471605 5.3552337 -0.0021117774 0.99852834 0.054191253 0.19803678 -0.9160142 -0.023669976 0.40044699 4.9997302
0.37138273 -0.047028793 0.92728803 5.8843806 0.00011480785 0.99871871 0.050605525 0.22451852 -0.9284799 -0.018687557 0.37091228 5.1978871
0.34578805 -0.045054246 0.93723032 6.4201103 0.00082172857 0.99886071 0.047713749 0.24435216 -0.93831233 -0.015728695 0.34543112 5.3452988
0.32447213 -0.044600657 0.94484313 6.9840063 0.0021546054 0.99891999 0.046413396 0.27311898 -0.94589284 -0.013024089 0.32421779 5.5533447
0.31023074 -0.045195208 0.94958633 7.5601172 0.0032476671 0.99891385 0.046481917 0.29937788 -0.95065578 -0.011336179 0.31004056 5.7341201
0.29741068 -0.046520086 0.95361559 8.2074551 0.0045577374 0.99887003 0.047306273 0.31972426 -0.95473881 -0.0097230606 0.29728664 5.9464925
0.2872702 -0.048344776 0.95662874 8.8355443 0.0029187808 0.99876501 0.049597707 0.34987299 -0.95784518 -0.011455753 0.28705653 6.1623012
0.27640061 -0.050010379 0.95974038 9.5236934 0.0014985163 0.99866634 0.051607176 0.37973078 -0.96104138 -0.012826068 0.27610692 6.3384548
0.26665173 -0.051922035 0.96239331 10.17877 0.00082515481 0.99855975 0.053644621 0.4032753 -0.96379264 -0.013510307 0.26631053 6.5227157
0.25654174 -0.05387948 0.96503019 10.899932 -9.25058e-05 0.99844366 0.055769609 0.43566821 -0.96653319 -0.014396503 0.25613748 6.7179679
0.24660616 -0.055406724 0.96753058 11.61429 -0.00048761324 0.9983571 0.057296323 0.46415375 -0.9691157 -0.014601406 0.24617399 6.8964724
0.23506809 -0.056671407 0.97032534 12.393493 -0.00098046531 0.99828447 0.058541871 0.49591579 -0.97197845 -0.014712696 0.23460926 7.09039
0.22532158 -0.059844244 0.97244474 13.13504 -0.0021067568 0.99807952 0.061909956 0.53225608 -0.97428221 -0.015998353 0.22476278 7.2513217
0.2140452 -0.06310477 0.97478324 13.949844 -0.0040468544 0.99784526 0.065486359 0.57432393 -0.97681541 -0.017961846 0.21332862 7.4161632
0.20145274 -0.066859826 0.97721363 14.716399 -0.0040472897 0.99760228 0.069089143 0.61122062 -0.97948991 -0.017873263 0.20069911 7.591348
0.18935972 -0.069587303 0.97943883 15.489494 -0.0051290682 0.99740189 0.071855172 0.6505026 -0.98189443 -0.018630083 0.18851082 7.7215885
0.17459066 -0.070397058 0.98212131 16.271505 -0.005977522 0.99734679 0.072551015 0.68869206 -0.984623 -0.018537381 0.17370663 7.8115108
0.16201191 -0.069543422 0.98433519 17.055397 -0.0067067719 0.99741294 0.071571235 0.72890171 -0.98676605 -0.018197104 0.16112637 8.0080812
0.14481577 -0.068317164 0.9870973 17.900729 -0.0083132012 0.99749433 0.070256362 0.76625563 -0.98942375 -0.018380167 0.14388497 8.0774252
0.12254291 -0.066887658 0.99020664 18.747596 -0.010816633 0.99757706 0.068724135 0.80723756 -0.99240431 -0.019132357 0.1215225 8.1923821
0.098350835 -0.065522977 0.99299233 19.538712 -0.015317356 0.99761217 0.067344924 0.84760636 -0.99503396 -0.021833446 0.097112349 8.2839376
0.06719513 -0.064807544 0.99563282 20.372144 -0.019546533 0.99761122 0.066255514 0.88734178 -0.99754841 -0.023913217 0.065767851 8.3311371
0.03454427 -0.06470783 0.99730612 21.194366 -0.022749341 0.99759227 0.065514378 0.92388904 -0.99914426 -0.024951203 0.032989034 8.3271847
0.0010728565 -0.064184809 0.99793741 22.03954 -0.023303499 0.99766542 0.064192367 0.96090357 -0.9997279 -0.023324302 -0.00042538033 8.3502679
-0.032458244 -0.063236027 0.99747059 22.899006 -0.025226573 0.99773038 0.06243161 0.99310205 -0.99915473 -0.023136344 -0.033979806 8.332079
-0.066595349 -0.060974877 0.99591518 23.767545 -0.027658073 0.99786027 0.059244511 1.0229446 -0.9973967 -0.023599686 -0.068139303 8.2503717
-0.098992758 -0.057654709 0.99341647 24.631204 -0.029783425 0.99804451 0.054955423 1.0636591 -0.99464238 -0.024147155 -0.10051633 8.2120433
-0.13332957 -0.053431258 0.98963036 25.440163 -0.02653513 0.99838014 0.05032868 1.0804002 -0.99071651 -0.019549668 -0.13453141 8.0002734
-0.16298707 -0.048110156 0.98545449 26.256703 -0.02222793 0.99873596 0.045082222 1.1083064 -0.98637783 -0.014556793 -0.16385044 7.8628276
-0.19415303 -0.042111475 0.98006691 27.080115 -0.01676978 0.99907464 0.039606074 1.1206422 -0.98082794 -0.0087458667 -0.19467957 7.6543413
-0.22303646 -0.036325631 0.974133 27.905239 -0.010202175 0.9993377 0.034929641 1.1323725 -0.97475676 -0.0021476909 -0.22325934 7.4757645
-0.25148337 -0.029574564 0.96740962 28.705571 -0.0010641496 0.99954088 0.030280214 1.1485752 -0.96786108 0.0065855027 -0.25139938 7.2357997
-0.27851363 -0.019254765 0.96023921 29.523931 0.0051694484 0.99975448 0.021546506 1.1521647 -0.96041841 0.010964904 -0.27834571 7.0113594
-0.303283 -0.0040532537 0.95289187 30.305246 0.0091423327 0.99993255 0.007163137 1.1369518 -0.95285671 0.010884113 -0.30322549 6.6924069
-0.32759455 0.01275598 0.94473225 31.075072 0.0096090219 0.99990213 -0.010168878 1.1169112 -0.94476958 0.0057466848 -0.32768506 6.4378188
-0.35231284 0.027522819 0.93547746 31.840845 0.0076221134 0.99961871 -0.02653934 1.0911852 -0.93585129 -0.0022198344 -0.3523883 6.1522324
-0.37722004 0.037966524 0.92534508 32.571087 0.011606549 0.99927468 -0.036268375 1.0542173 -0.92605097 -0.0029410944 -0.3773871 5.8279642
-0.40159289 0.043221229 0.9147978 33.371391 0.016470962 0.99906504 -0.039971889 1.0062841 -0.91567021 -0.00098482619 -0.40192931 5.4987691
-0.4241579 0.042010306 0.90461325 34.082365 0.018725548 0.99911669 -0.037618957 0.95699351 -0.90539466 0.00098300195 -0.42456991 5.157419
-0.44398095 0.038964121 0.89518861 34.838562 0.022899518 0.99922118 -0.032134931 0.91949574 -0.8957436 0.006232091 -0.44452743 4.7699618
-0.46265674 0.037643253 0.88573792 35.548964 0.030554365 0.99918163 -0.026504751 0.88277964 -0.88601085 0.014800559 -0.46342829 4.3685012
-0.47604139 0.03854332 0.87857779 36.259184 0.033710235 0.99910461 -0.025565569 0.83941643 -0.87877658 0.017446796 -0.47691445 3.9814893
-0.48822835 0.04177425 0.87171551 36.935649 0.036276738 0.99896184 -0.027554344 0.78743757 -0.87196166 0.018170185 -0.48923692 3.5975505
-0.49787322 0.044320335 0.86611656 37.635343 0.037706533 0.99885516 -0.029437749 0.74795507 -0.86642976 0.018001987 -0.4989744 3.1958876
-0.507495 0.043420678 0.86055994 38.321337 0.031471135 0.99899719 -0.031846347 0.69410558 -0.86107982 0.010920937 -0.50835257 2.7788863
-0.51879668 0.042262891 0.85385232 39.045389 0.030158737 0.99906037 -0.031125905 0.67373654 -0.85436556 0.0096030923 -0.5195838 2.343891
-0.52744259 0.04390473 0.84845544 39.708511 0.03232166 0.99897782 -0.031600989 0.62525121 -0.84897567 0.010755782 -0.52832253 1.9335457
-0.53442623 0.046925512 0.84391146 40.372326 0.036171968 0.99881266 -0.032632034 0.58192277 -0.8444408 0.013086525 -0.53548907 1.4847375
-0.5384132 0.050265486 0.84118045 41.091881 0.036848963 0.99866893 -0.036090485 0.54100035 -0.84187496 0.011565035 -0.53954876 1.0577062
-0.5382976 0.051549209 0.84117675 41.769254 0.035982001 0.99862316 -0.038171774 0.50010254 -0.84198637 0.009719449 -0.53941129 0.62180664
-0.53456864 0.052542957 0.8434901 42.508741 0.0388294 0.99853846 -0.037592835 0.4574065 -0.84423262 0.012656265 -0.53582756 0.15425679
-0.52905273 0.051438882 0.84702845 43.255629 0.037207483 0.99860729 -0.037404318 0.41788068 -0.84777289 0.011726941 -0.53022982 -0.3083995
-0.52157283 0.049846841 0.85174939 44.005842 0.034694892 0.99870532 -0.037201543 0.3730382 -0.85250109 0.01014804 -0.52262699 -0.7545769
-0.51446256 0.049559153 0.8560795 44.807428 0.033160441 0.99873158 -0.037889571 0.32538238 -0.85687148 0.0088952091 -0.5154534 -1.2349603
-0.5083536 0.048061332 0.85980618 45.602798 0.030332289 0.99882114 -0.037898245 0.27926709 -0.8606141 0.0068141805 -0.50921214 -1.6986441
-0.50478514 0.046212747 0.86200713 46.397814 0.025919059 0.9989272 -0.038375105 0.22208788 -0.86285586 0.0029712317 -0.5054414 -2.1381045
-0.50335652 0.043063619 0.86300503 47.264561 0.020888368 0.99907189 -0.037669947 0.17509058 -0.86382635 -0.0009346457 -0.50378888 -2.5998127
-0.50290279 0.04045915 0.86339549 48.104764 0.018471202 0.9991788 -0.036063084 0.13261766 -0.86414563 -0.0021882728 -0.50323713 -3.0924525
-0.50373089 0.039131998 0.86297382 48.954418 0.016690829 0.99922788 -0.035567818 0.087149335 -0.86369941 -0.0035128594 -0.5039951 -3.5869067
-0.50533764 0.038878453 0.8620454 49.812187 0.017109835 0.99923958 -0.035036025 0.033271361 -0.8627521 -0.0029555664 -0.50561857 -4.0653555
-0.50504369 0.038162619 0.86224963 50.681482 0.016725678 0.99926714 -0.034430228 -0.013817792 -0.86293174 -0.0029670587 -0.50531186 -4.567235
-0.50587479 0.037633669 0.86178555 51.557002 0.017076051 0.99928898 -0.033614587 -0.06166508 -0.86243792 -0.0022888778 -0.50615774 -5.0810416
-0.50588075 0.036928825 0.86181254 52.457305 0.016537673 0.99931477 -0.033113267 -0.11980984 -0.86244491 -0.0024989898 -0.50614483 -5.5985892
-0.50542443 0.035451848 0.86214225 53.364364 0.014357821 0.99936282 -0.032677281 -0.18044676 -0.86275145 -0.0041374116 -0.50561139 -6.1326708
-0.5062129 0.034821463 0.86170523 54.254055 0.014267416 0.99938591 -0.032003668 -0.22790078 -0.86229056 -0.003906362 -0.50639885 -6.6310274
-0.50487504 0.033721841 0.86253346 55.150962 0.013141815 0.99942109 -0.03138121 -0.27400783 -0.86309243 -0.0045083342 -0.50502593 -7.1575287
-0.50401333 0.032476117 0.86308505 56.037759 0.01245899 0.99946223 -0.030332067 -0.33506564 -0.86360605 -0.0045345971 -0.5041469 -7.6396334
-0.50203919 0.030328891 0.86431287 56.93993 0.013158674 0.9995371 -0.027430669 -0.3843654 -0.8647448 -0.0023980587 -0.50220588 -8.1815588
-0.49967152 0.029431213 0.8657148 57.84539 0.014109874 0.99956657 -0.025837785 -0.43004251 -0.86610008 -0.00069527799 -0.49987021 -8.6787369
-0.49653478 0.02869685 0.8675423 58.728851 0.013376812 0.99958765 -0.025408517 -0.49132656 -0.86791378 -0.0010112617 -0.49671391 -9.1956104
-0.49522009 0.029228731 0.86827569 59.622164 0.01454376 0.99957275 -0.025353559 -0.53474273 -0.86864584 7.240244e-05 -0.49543361 -9.6741083
-0.49348055 0.030017508 0.86923865 60.495787 0.014762466 0.99954937 -0.026136655 -0.57459264 -0.86963157 -6.5824605e-05 -0.49370131 -10.206005
-0.49452679 0.031053318 0.86860744 61.382599 0.013705532 0.99951591 -0.027930374 -0.6324363 -0.86905436 -0.0019075904 -0.494713 -10.684668
-0.49798079 0.032997473 0.86656 62.278169 0.012522512 0.99944523 -0.030861331 -0.68207728 -0.86709768 -0.0045168415 -0.49811773 -11.173648
-0.50201007 0.033554485 0.86421058 63.141731 0.01125759 0.99941596 -0.032264662 -0.74019797 -0.86478854 -0.0064682564 -0.50209461 -11.667873
-0.50768134 0.031895196 0.86095429 63.996749 0.010849995 0.99947194 -0.030628818 -0.78523495 -0.86147664 -0.0062083285 -0.50775931 -12.198705
-0.51289555 0.029987235 0.85792707 64.870731 0.014672673 0.99954994 -0.026165614 -0.84051727 -0.85832565 -0.00083214252 -0.51310471 -12.70143
-0.51826435 0.027734999 0.85477059 65.707986 0.011613632 0.99961008 -0.025393072 -0.89003652 -0.85514165 -0.0032333324 -0.51838438 -13.20679
-0.52264616 0.029856568 0.85202671 66.551314 0.012389333 0.99954705 -0.027426142 -0.94200891 -0.85245971 -0.003778125 -0.52277933 -13.721817
-0.52771825 0.032430295 0.84880013 67.406326 0.013052735 0.99946252 -0.030071504 -0.99285111 -0.84931922 -0.0047901174 -0.52785792 -14.250955
-0.53300212 0.032551704 0.84548747 68.246213 0.011580852 0.99944674 -0.031178551 -1.046521 -0.84603468 -0.0068267678 -0.53308421 -14.759562
-0.53705412 0.033095433 0.84289828 69.057981 0.010829125 0.99941822 -0.032341211 -1.0962155 -0.84347831 -0.0082411292 -0.53710007 -15.263664
-0.53970613 0.032278517 0.84123441 69.889635 0.010525451 0.99944529 -0.031596377 -1.1527207 -0.84178772 -0.0081983856 -0.53974649 -15.797171
-0.54309967 0.025459853 0.83928212 70.715249 0.012123581 0.99967378 -0.022480204 -1.2062459 -0.83958074 -0.0020338854 -0.54323117 -16.32051
-0.54500294 0.018176276 0.83823705 71.540655 0.01364494 0.99982486 -0.0128085 -1.2327632 -0.83832313 0.0044570247 -0.54515551 -16.84833
-0.54591202 0.015152572 0.83770544 72.354275 0.013706835 0.99986416 -0.0091533213 -1.269532 -0.83773041 0.0064853826 -0.54604556 -17.386813
-0.54796407 0.020236733 0.83625701 73.148162 0.013333657 0.99979162 -0.01545715 -1.3024843 -0.83639563 0.0026804027 -0.54811972 -17.903842
-0.54924524 0.025376877 0.83527578 73.959546 0.013799176 0.99967794 -0.021297842 -1.3521761 -0.83554731 -0.00017161954 -0.54941853 -18.419572
-0.54900169 0.030913716 0.83524932 74.749097 0.020375936 0.9995138 -0.023600453 -1.3841259 -0.83557287 0.0040622989 -0.54936467 -18.961914
-0.5493531 0.031148466 0.83500951 75.53818 0.023468903 0.9994859 -0.021843747 -1.4269253 -0.8352607 0.0075968282 -0.5498017 -19.468824
-0.54922085 0.028461288 0.8351924 76.34653 0.022925646 0.99955686 -0.018986562 -1.470736 -0.83536275 0.0087195107 -0.54962997 -19.997832
-0.54773574 0.02359874 0.83631848 77.155201 0.021309945 0.99967134 -0.014251466 -1.499158 -0.83638 0.010015864 -0.5480586 -20.52385
-0.54742305 0.017854809 0.83666549 77.942554 0.019708805 0.99977014 -0.008440231 -1.5266069 -0.83662394 0.011869301 -0.54764912 -21.039037
-0.54753299 0.011091286 0.83671055 78.745879 0.010763884 0.99992278 -0.0062110446 -1.5622853 -0.8367149 0.0056055043 -0.5476101 -21.535986
-0.54589059 0.0058955598 0.83783569 79.531172 0.0023878594 0.99998213 -0.0054807205 -1.5857241 -0.8378531 -0.00099123915 -0.54589492 -22.029311
-0.54410001 0.0067704212 0.83899301 80.34982 0.00587706 0.99997366 -0.0042581206 -1.6107691 -0.83899982 0.0026139696 -0.54412548 -22.548551
-0.54066917 0.0093881724 0.84118288 81.145 0.010241204 0.99993708 -0.0045774555 -1.639479 -0.841173 0.0061398377 -0.5407313 -23.061792
-0.53446652 0.012938945 0.84509057 81.884753 0.011700827 0.99990026 -0.0079091567 -1.6622199 -0.84510869 0.0056610796 -0.53456461 -23.53735
-0.52795264 0.014834898 0.8491442 82.647177 0.01664926 0.99983607 -0.0071159224 -1.6854924 -0.84911064 0.010380754 -0.52811308 -23.99439
-0.51828664 0.017855134 0.85502052 83.503762 0.024694376 0.9996776 -0.0059070058 -1.7254047 -0.8548504 0.018052677 -0.51856047 -24.538354
-0.50914173 0.017595256 0.86050278 84.276754 0.023225533 0.9997078 -0.0066996017 -1.7386182 -0.8603693 0.01657459 -0.50940162 -24.988878
-0.49860051 0.014016515 0.86671853 85.105289 0.018158629 0.99981874 -0.0057228179 -1.7738376 -0.86664171 0.012885022 -0.49876466 -25.451883
-0.48661372 0.011518252 0.87354127 85.915377 0.020392883 0.99979038 -0.0018229014 -1.7911825 -0.87337923 0.016926978 -0.48674661 -25.900113
-0.47516187 0.010143825 0.87983989 86.72469 0.019562206 0.99980818 -0.00096229295 -1.8132302 -0.87968095 0.016754366 -0.47526916 -26.328825
-0.46394173 0.0094175567 0.88581562 87.565626 0.019753641 0.99980484 -0.0002835577 -1.8335965 -0.88564549 0.017366531 -0.46403722 -26.750854
-0.45238131 0.011344579 0.89175242 88.368223 0.023356919 0.99972681 -0.00086935114 -1.8510738 -0.89151874 0.020435312 -0.4525227 -27.157551
-0.4402164 0.014159701 0.89778002 89.19853 0.022533891 0.99973494 -0.0047184829 -1.8863265 -0.89760894 0.018153324 -0.44041879 -27.552161
-0.42912604 0.023722938 0.90293299 90.016285 0.024516876 0.99959264 -0.014610657 -1.9092178 -0.90291186 0.015867284 -0.42953285 -27.943894
-0.41568638 0.029713662 0.90902248 90.857208 0.026414535 0.999439 -0.020590062 -1.9310648 -0.9091244 0.015452399 -0.41623805 -28.314096
-0.40487782 0.024429802 0.91404435 91.687718 0.020813477 0.99963024 -0.017497896 -1.9714256 -0.91413392 0.011939932 -0.40523658 -28.661972
-0.39233372 0.021573466 0.91956988 92.550879 0.023591071 0.99963206 -0.013386644 -2.0078278 -0.91952041 0.016441608 -0.3926983 -29.023892
-0.38261798 0.021580669 0.92365452 93.377452 0.01972155 0.99969015 -0.015187672 -2.0469235 -0.92369617 0.012404824 -0.38292503 -29.352197
-0.3757308 0.026375577 0.9263534 94.229619 0.015823158 0.99963178 -0.022044088 -2.0809734 -0.9265938 0.0063751946 -0.37600979 -29.697236
-0.37005777 0.030968524 0.92849239 95.072489 0.0073519848 0.99951056 -0.030407041 -2.1201681 -0.92897969 -0.0044260992 -0.37010433 -30.008303
-0.36693926 0.033505154 0.92964128 95.922386 0.0057916067 0.99941407 -0.033733821 -2.1583442 -0.93022691 -0.006994146 -0.36691831 -30.331917
-0.36345715 0.03318926 0.93101949 96.755611 0.0045922548 0.99941689 -0.033834756 -2.2038846 -0.93159964 -0.0080220046 -0.36339763 -30.655932
-0.35835458 0.032546442 0.93301803 97.600393 0.0030778077 0.9994279 -0.033680886 -2.2585868 -0.93358053 -0.0091980491 -0.35824974 -30.972779
-0.35299468 0.029339015 0.93516518 98.432113 0.002232532 0.99953179 -0.030515684 -2.2988809 -0.93562271 -0.0086840872 -0.3528949 -31.27916
-0.34719882 0.024840175 0.93746246 99.329051 0.00077053859 0.99965635 -0.026202764 -2.3512706 -0.93779126 -0.0083752172 -0.34709865 -31.600425
-0.34167199 0.021910786 0.93956378 100.16094 -0.00087852261 0.99972031 -0.02363312 -2.3874351 -0.9398189 -0.0089002024 -0.34155718 -31.893189
-0.33630309 0.020656416 0.9415272 101.0084 -0.0052003442 0.99970345 -0.023790264 -2.4349815 -0.94173949 -0.012897004 -0.33609593 -32.18288
-0.32954257 0.020146946 0.9439257 101.86684 -0.017440098 0.99947182 -0.027421182 -2.4706698 -0.94397967 -0.025498603 -0.32901714 -32.457977
-0.32297239 0.023567216 0.94611487 102.718 -0.015156411 0.9994329 -0.030069236 -2.5208621 -0.94628706 -0.024051239 -0.32243204 -32.744648
-0.31588325 0.027578855 0.94839712 103.58083 -0.012932538 0.99935945 -0.033368257 -2.5624098 -0.94870997 -0.022805655 -0.31532424 -33.017375
-0.30930456 0.025697473 0.95061572 104.42801 -0.014800013 0.99938367 -0.031831311 -2.6046903 -0.9508479 -0.023914695 -0.3087336 -33.285191
-0.30282124 0.020563132 0.95282547 105.2736 -0.015208796 0.99953563 -0.02640476 -2.6477036 -0.95292606 -0.02248725 -0.30236788 -33.539036
-0.29553387 0.01790268 0.95516446 106.13255 -0.014900023 0.9996164 -0.023346003 -2.6886291 -0.9552161 -0.021131507 -0.29515375 -33.790031
-0.28902492 0.020849591 0.95709446 106.99139 -0.017786549 0.99947328 -0.02714399 -2.7324798 -0.95715637 -0.024868697 -0.28850184 -34.043962
-0.28297331 0.023543867 0.95883873 107.83782 -0.018958739 0.99936605 -0.030134115 -2.778655 -0.95894043 -0.026705523 -0.28234756 -34.289669
-0.27597233 0.024868925 0.96084376 108.70507 -0.018788451 0.99933463 -0.031261554 -2.8101804 -0.96098197 -0.026680089 -0.27532146 -34.524342
-0.26871386 0.023718484 0.96292794 109.57843 -0.01939405 0.99936089 -0.030027973 -2.8594939 -0.96302482 -0.026744005 -0.26808213 -34.759505
-0.2612101 0.023346827 0.96499955 110.42377 -0.017619651 0.99942558 -0.028949076 -2.9056836 -0.96512119 -0.024564746 -0.26064869 -34.982115
-0.25331716 0.024867473 0.96706357 111.29492 -0.012073877 0.99951041 -0.028864511 -2.9486277 -0.96730797 -0.018988082 -0.25289289 -35.20843
-0.24649663 0.025483047 0.96880852 112.16737 -0.010445088 0.99952633 -0.028948604 -2.9920952 -0.9690874 -0.017255023 -0.2461137 -35.433505
-0.23988502 0.024344578 0.97049598 113.02577 -0.017440974 0.99941611 -0.029381049 -3.0304377 -0.97064467 -0.023974468 -0.23932036 -35.619831
-0.23407343 0.022286275 0.97196341 113.87483 -0.021797916 0.99936562 -0.028164072 -3.0736931 -0.97197457 -0.027779238 -0.23343914 -35.806278
-0.22921147 0.022612055 0.97311393 114.77141 -0.018211425 0.99945552 -0.027513746 -3.1136216 -0.97320631 -0.024028257 -0.22867487 -36.018596
-0.22433716 0.022617679 0.97424904 115.62759 -0.017113666 0.99948502 -0.027144251 -3.1613603 -0.97436135 -0.022762436 -0.22383456 -36.21826
-0.22006186 0.024413192 0.97518034 116.49596 -0.016012658 0.99946168 -0.028634523 -3.2007816 -0.97535453 -0.021916595 -0.21955248 -36.393426
-0.21444813 0.023224398 0.97645919 117.36357 -0.011277785 0.99959175 -0.026251395 -3.2415111 -0.97667031 -0.016641859 -0.21409867 -36.581543
-0.209234 0.022051291 0.9776169 118.22328 -0.003270769 0.99972433 -0.023249973 -3.2776761 -0.97786017 -0.0080622431 -0.20910419 -36.775988
-0.20413208 0.021003783 0.97871796 119.11617 -0.0012370537 0.99976347 -0.021713442 -3.3218894 -0.97894262 -0.0056431361 -0.20405782 -36.967107
-0.19979583 0.022722345 0.97957401 119.99956 -0.002145324 0.99971854 -0.023627183 -3.3579712 -0.97983524 -0.0068221157 -0.19969085 -37.134132
-0.19660312 0.024549796 0.98017572 120.84542 -0.0055455869 0.99964266 -0.0261497 -3.3940807 -0.98046751 -0.010576762 -0.19639672 -37.288467
-0.19440711 0.0239316 0.98062892 121.72301 -0.0062663363 0.99965165 -0.02563812 -3.4345453 -0.98090096 -0.011129183 -0.19418943 -37.460162
-0.19394753 0.022598237 0.98075154 122.59902 -0.00885818 0.99965355 -0.024785511 -3.4761026 -0.98097195 -0.013494762 -0.19368016 -37.613205
-0.19265803 0.018355135 0.98109423 123.46366 -0.007558302 0.99976762 -0.020188719 -3.5107722 -0.98123689 -0.011304925 -0.19247453 -37.787314
-0.1919646 0.012698365 0.98131965 124.30541 -0.0076988035 0.99986604 -0.014444387 -3.5468488 -0.98137169 -0.010327797 -0.19184112 -37.943131
-0.19072014 0.010510167 0.98158814 125.1766 -0.0056040357 0.99991473 -0.011795244 -3.5804486 -0.9816285 -0.0077504449 -0.19064498 -38.110261
-0.19022517 0.015187694 0.98162296 126.07179 -0.0077596204 0.99982584 -0.016973037 -3.6127557 -0.98170986 -0.01084572 -0.19007419 -38.273412
-0.18945068 0.019285567 0.98170078 126.886 -0.0081300493 0.99974201 -0.02120894 -3.6459599 -0.98185662 -0.011999323 -0.18924502 -38.42949
-0.18976089 0.018526623 0.98165548 127.75019 -0.0092458612 0.9997439 -0.020655291 -3.6762369 -0.98178684 -0.012995816 -0.189541 -38.587338
-0.1893527 0.01752366 0.98175272 128.60556 -0.011268419 0.99973612 -0.020018015 -3.719295 -0.98184452 -0.014853266 -0.18910527 -38.738727
-0.1887112 0.017497644 0.98187669 129.45214 -0.0077337971 0.99978377 -0.01930315 -3.7543782 -0.98200222 -0.011236355 -0.18853507 -38.902723
-0.18776277 0.020225925 0.9820061 130.30059 -0.0095075512 0.99970369 -0.022408307 -3.7940215 -0.98216843 -0.013543918 -0.18751484 -39.059422
-0.18787636 0.021351286 0.98196055 131.12343 -0.019377301 0.99948854 -0.025439821 -3.8206999 -0.98200157 -0.023807286 -0.18736654 -39.1995
-0.18750268 0.02305672 0.98199341 131.96438 -0.022358032 0.99936528 -0.027733663 -3.8595761 -0.98200965 -0.027155576 -0.18686817 -39.349454
-0.18764941 0.026071173 0.98188997 132.79779 -0.024681164 0.99920689 -0.031247798 -3.910052 -0.98192597 -0.030097818 -0.18685712 -39.489154
-0.18662888 0.026919025 0.98206158 133.63139 -0.021556496 0.99927167 -0.031487315 -3.9543568 -0.982194 -0.027046248 -0.18591267 -39.64959
-0.18492536 0.028302695 0.98234489 134.4486 -0.021031288 0.99924232 -0.032748648 -3.9964215 -0.98252755 -0.026716033 -0.18419 -39.796885
-0.18289524 0.027873999 0.98273714 135.28432 -0.013119222 0.99943979 -0.030789338 -4.0341712 -0.98304491 -0.018523969 -0.18242709 -39.952715
-0.17988511 0.024657039 0.98337851 136.10581 -0.0079401726 0.99961684 -0.026516655 -4.0827686 -0.98365562 -0.012578146 -0.1796204 -40.10408
-0.17781384 0.020208121 0.98385659 136.91202 -0.0015757037 0.999782 -0.020820002 -4.1136699 -0.98406292 -0.0052523503 -0.17774324 -40.258106
-0.17389707 0.020127197 0.98455808 137.73642 0.0043935971 0.99979702 -0.019662706 -4.1453494 -0.98475407 0.00090646532 -0.17395021 -40.406754
-0.16924434 0.024162961 0.98527784 138.54714 -0.00040951936 0.99969761 -0.024586935 -4.194069 -0.98557408 -0.0045646892 -0.16918327 -40.538531
-0.16236943 0.027784848 0.98633873 139.3518 0.0020041217 0.99961069 -0.027828799 -4.232746 -0.98672804 -0.0025418026 -0.16236191 -40.659977
-0.15458704 0.028078701 0.98758005 140.16074 -0.0039755355 0.99957029 -0.029041899 -4.2705147 -0.98797122 -0.0084156601 -0.15440899 -40.774337
-0.14444249 0.024888965 0.98920009 140.9467 0.0075115484 0.9996824 -0.024055874 -4.2919996 -0.98948473 0.003955735 -0.14458357 -40.897386
-0.13291444 0.023260398 0.99085449 141.72778 0.015706401 0.99964847 -0.02135996 -4.3305291 -0.9910031 0.012723712 -0.13323306 -40.996999
-0.11924201 0.025470392 0.99253842 142.50173 0.014833918 0.99960502 -0.023869609 -4.3688792 -0.99275444 0.011876975 -0.11957274 -41.094855
-0.10453778 0.026472867 0.99416847 143.32851 0.011566584 0.99961041 -0.025401537 -4.4117102 -0.99445369 0.0088437137 -0.10480326 -41.175567
-0.090926793 0.026630697 0.9955014 144.11246 0.015392363 0.99956055 -0.025333379 -4.4409886 -0.99573866 0.013019637 -0.091296746 -41.238553
-0.077313559 0.028363511 0.99660325 144.89334 0.02039114 0.99943115 -0.026862107 -4.4759674 -0.99679832 0.018245073 -0.077847946 -41.289656
-0.063268636 0.034128697 0.99741277 145.70288 0.016857885 0.99930906 -0.033124239 -4.526309 -0.99785419 0.014718545 -0.063800261 -41.332625
-0.050486267 0.043126791 0.99779313 146.44832 0.0089820712 0.99904643 -0.042726486 -4.5685875 -0.99868441 0.0068051492 -0.050825494 -41.355823
-0.037397733 0.051521518 0.99797137 147.19875 -0.00055972627 0.99866879 -0.051578496 -4.6167842 -0.99930035 -0.0024875088 -0.037319113 -41.357629
-0.023965831 0.052742093 0.9983205 147.98071 -0.0011008782 0.99860537 -0.052783569 -4.6662154 -0.99971221 -0.0023640305 -0.023874346 -41.367398
-0.011769585 0.048595394 0.99874916 148.75479 -0.0010016323 0.99881731 -0.048610511 -4.7182545 -0.99993028 -0.0015725042 -0.011706992 -41.365304
-0.00089657363 0.045841179 0.9989483 149.52775 9.2243699e-05 0.99894874 -0.045841115 -4.7663311 -0.99999964 5.1047598e-05 -0.00089986119 -41.353583
0.007870208 0.051968422 0.99861767 150.26954 -0.0044261566 0.99864067 -0.051934734 -4.8287015 -0.99995928 -0.0040113002 0.0080895287 -41.327162
0.014864374 0.060620541 0.99805016 151.01796 -0.012809647 0.99809011 -0.060432186 -4.8787119 -0.99980751 -0.011886383 0.015612511 -41.309766
0.017831938 0.064153956 0.99778064 151.75456 -0.016999811 0.99781456 -0.063852321 -4.9295898 -0.99969651 -0.015823471 0.018883571 -41.281657
0.017614491 0.059605464 0.99806655 152.50154 -0.021021995 0.99802288 -0.059231845 -4.9849778 -0.99962387 -0.019938011 0.018832689 -41.262143
0.01575993 0.053989589 0.99841708 153.26273 -0.013509142 0.99846149 -0.053778749 -5.0557941 -0.99978458 -0.012640208 0.016465035 -41.23931
0.013496312 0.051700245 0.9985714 154.03966 -0.014427844 0.99856851 -0.051505092 -5.1039547 -0.99980487 -0.013712103 0.014222914 -41.229006
0.01030908 0.051747834 0.99860693 154.80155 -0.014578575 0.99856168 -0.051594986 -5.1564209 -0.99984062 -0.014026368 0.011048661 -41.21828
0.0062562854 0.052176865 0.99861822 155.52628 -0.014805639 0.99853318 -0.052079663 -5.2120286 -0.99987086 -0.014459355 0.0070196188 -41.205114
0.0017259431 0.050159872 0.99873967 156.2734 -0.0136943 0.99864873 -0.050131638 -5.2668689 -0.99990478 -0.013590516 0.0024105137 -41.201328
-0.0033344865 0.050747882 0.99870589 157.00594 -0.016313082 0.99857582 -0.050795738 -5.3131585 -0.99986141 -0.016461348 -0.0025018848 -41.204449
-0.0092212597 0.048777035 0.99876708 157.72593 -0.016081741 0.99867318 -0.048920924 -5.3602864 -0.9998282 -0.016513026 -0.0084246066 -41.201774
-0.015444983 0.045872021 0.99882788 158.45832 -0.013069141 0.99885248 -0.046075238 -5.4128681 -0.99979535 -0.013765453 -0.014827753 -41.218119
-0.020669575 0.045902888 0.998732 159.20903 -0.013130094 0.99884684 -0.046179902 -5.4599324 -0.99970018 -0.014067963 -0.020043033 -41.224084
-0.025860454 0.047166164 0.9985522 159.93417 -0.014620029 0.99876164 -0.047554683 -5.5059673 -0.99955869 -0.015828647 -0.02513886 -41.238574
-0.03035745 0.04934665 0.99832021 160.62826 -0.017367556 0.99860376 -0.049888785 -5.5568883 -0.99938825 -0.018852878 -0.029458035 -41.250805
-0.032722985 0.051671447 0.99812784 161.36264 -0.017148439 0.99848667 -0.052252222 -5.6131558 -0.99931738 -0.018826183 -0.031787381 -41.273774
-0.034203154 0.053336051 0.99799064 162.09778 -0.016172503 0.99841466 -0.053912975 -5.6689094 -0.99928408 -0.017984 -0.033286355 -41.296304
-0.033546304 0.05151008 0.99810885 162.76249 -0.01004634 0.99860314 -0.051873244 -5.7122658 -0.99938671 -0.011767496 -0.032981958 -41.32428
-0.029744995 0.047762274 0.9984157 163.48661 -0.006411384 0.99882806 -0.047973007 -5.7563366 -0.999537 -0.0078281826 -0.029403915 -41.350436
-0.022408271 0.047260311 0.99863119 164.21734 -0.007817238 0.99884323 -0.047445755 -5.816704 -0.99971838 -0.0088697143 -0.022012906 -41.352628
-0.011272887 0.04845706 0.99876161 164.91894 -0.0042750766 0.99881365 -0.048507835 -5.8658486 -0.99992736 -0.004816605 -0.011052358 -41.352479
0.0026989519 0.048705068 0.99880952 165.61271 -0.0028517077 0.99880951 -0.04869736 -5.9142292 -0.99999233 -0.0027168802 0.0028346299 -41.34583
0.017736784 0.046613937 0.99875546 166.28845 -0.0037945222 0.99890858 -0.046553695 -5.9554862 -0.99983553 -0.0029640861 0.017894302 -41.323894
0.034389319 0.041642467 0.99854053 167.0035 -0.0064577031 0.99911995 -0.041444228 -5.9986604 -0.99938769 -0.0050230388 0.034627967 -41.276392
0.050559429 0.035087755 0.99810446 167.67568 -0.0081542116 0.99936385 -0.034718972 -6.0345852 -0.99868781 -0.0063833829 0.050813377 -41.231913
0.067720477 0.027751758 0.99731825 168.34254 -0.0087494291 0.99959115 -0.027220895 -6.0719975 -0.99766601 -0.0068825526 0.0679356 -41.172803
0.085384686 0.019957398 0.99614812 169.04514 -0.0091844162 0.99977266 -0.019242772 -6.1069585 -0.99630577 -0.0075060002 0.08554857 -41.106296
0.10253959 0.013914966 0.99463155 169.69462 -0.0099109991 0.99986681 -0.012966452 -6.1344849 -0.99467959 -0.0085282172 0.10266384 -41.023578
0.12068874 0.011379047 0.99262514 170.35337 -0.01133869 0.99988487 -0.010083649 -6.1645897 -0.99262568 -0.010038085 0.12080387 -40.928575
0.13868722 0.010549558 0.99028 170.99459 -0.010681411 0.99990103 -0.0091561355 -6.1824719 -0.99027867 -0.0093077478 0.13878618 -40.828277
0.15583132 0.0099372641 0.98773365 171.62259 -0.011562313 0.99989924 -0.0082355114 -6.2018422 -0.98771605 -0.010137134 0.15593051 -40.7119
0.17232027 0.009551123 0.98499463 172.26277 -0.017619258 0.9998229 -0.0066124986 -6.217025 -0.98488343 -0.016215407 0.17245804 -40.577798
0.18626563 0.0060133102 0.98248098 172.87159 -0.01962459 0.99980454 -0.002398772 -6.2313554 -0.98230345 -0.018833977 0.18634723 -40.440096
0.19884504 0.0017212582 0.98002939 173.5054 -0.015261219 0.99988264 0.0013403291 -6.2489184 -0.97991215 -0.015222961 0.19884797 -40.311318
0.2102339 -6.699804e-05 0.97765107 174.13712 -0.011735999 0.99992777 0.002592232 -6.2645429 -0.97758072 -0.012018686 0.21021793 -40.168627
0.21976751 0.0034560379 0.97554611 174.74516 -0.016266693 0.99986768 0.00012230106 -6.2833986 -0.97541669 -0.015895786 0.21979465 -40.015665
0.22843344 0.01063652 0.97350139 175.34461 -0.020319338 0.99977459 -0.0061556209 -6.3007806 -0.97334751 -0.018374753 0.22859807 -39.858459
0.23800036 0.020784388 0.97104261 175.92203 -0.020595359 0.99965421 -0.01634892 -6.3172201 -0.97104672 -0.016107922 0.23834612 -39.705465
0.2459066 0.027622669 0.96889981 176.52064 -0.01727856 0.99955995 -0.024111472 -6.3306256 -0.96913955 -0.010812022 0.24627567 -39.561152
0.25249562 0.026373968 0.96723849 177.11025 -0.016522767 0.99960023 -0.022943149 -6.3474806 -0.967457 -0.01018841 0.25283045 -39.395298
0.25849291 0.018792289 0.96583031 177.71471 -0.01819129 0.99972817 -0.014583163 -6.367727 -0.9658419 -0.013800054 0.2587645 -39.220132
0.26276317 0.0080624467 0.96482664 178.32557 -0.022613533 0.99974187 -0.0021955881 -6.3880403 -0.96459537 -0.021241219 0.26287766 -39.042177
0.26484016 -0.0012388284 0.96429149 178.95578 -0.022365808 0.99972227 0.0074270577 -6.4132126 -0.96403296 -0.023534141 0.2647389 -38.862494
0.26588678 -0.0024716751 0.96400106 179.54397 -0.018579249 0.99979783 0.0076879088 -6.4281638 -0.96382525 -0.019954529 0.2657871 -38.698748
0.26697267 0.00089362863 0.96370365 180.1445 -0.016432721 0.9998584 0.0036251659 -6.4265467 -0.96356403 -0.016804093 0.26694955 -38.537945
0.26843848 0.00048722172 0.96329666 180.76551 -0.01381997 0.9998989 0.0033454278 -6.4395074 -0.96319773 -0.014210772 0.26841808 -38.367421
0.27005383 -0.0014312223 0.96284412 181.3644 -0.014304898 0.99988256 0.0054984465 -6.4335641 -0.962739 -0.015258263 0.27000164 -38.191714
0.27257788 -0.0055590898 0.96211762 181.97739 -0.015346699 0.99983097 0.010124875 -6.4491102 -0.96201136 -0.017525146 0.27244649 -38.006484
0.27583512 -0.011112905 0.96114068 182.59318 -0.013106671 0.99979672 0.015321301 -6.4594685 -0.96111564 -0.016823507 0.27563339 -37.834129
0.28030394 -0.014379146 0.95980356 183.21246 -0.011449941 0.99976658 0.018321721 -6.4632092 -0.95984305 -0.016125344 0.28007386 -37.640132
0.28632181 -0.015723651 0.95800444 183.82547 -0.010900418 0.99974717 0.019666613 -6.4569442 -0.95807154 -0.016073629 0.28607802 -37.451886
0.29418957 -0.019103939 0.9555561 184.46982 -0.0089090024 0.99970196 0.022729362 -6.4586631 -0.95570561 -0.015199792 0.29393169 -37.256878
0.30378971 -0.021496172 0.95249654 185.07445 -0.0063260784 0.99967788 0.024578615 -6.4581991 -0.95271815 -0.013492297 0.30355587 -37.057461
0.31531186 -0.019285328 0.94879209 185.69606 -0.0083536607 0.99969834 0.023096228 -6.4627834 -0.94895138 -0.015208401 0.31505564 -36.823181
0.3265206 -0.015339633 0.94506556 186.29455 -0.0087396077 0.99977656 0.019247201 -6.4594106 -0.94514972 -0.01454411 0.32631358 -36.605727
0.33761827 -0.011971768 0.94120694 186.9281 -0.010465114 0.99980957 0.016471087 -6.4566473 -0.94122498 -0.015410777 0.33742869 -36.379758
0.34967826 -0.011281963 0.93680188 187.5385 -0.0094192984 0.99983461 0.015556994 -6.4526299 -0.93682254 -0.014263959 0.34951416 -36.127787
0.36067189 -0.014357874 0.9325822 188.16272 -0.0084871406 0.99978959 0.01867495 -6.4537344 -0.93265419 -0.014650485 0.36047414 -35.883144
0.37184104 -0.016418072 0.92815118 188.76911 -0.007977569 0.99975015 0.020880604 -6.4529007 -0.92826218 -0.015168655 0.37161716 -35.624755
0.38327065 -0.016724675 0.92348461 189.41153 -0.010383749 0.99969484 0.022414405 -6.4563858 -0.92357775 -0.018180016 0.38298003 -35.343911
0.39274014 -0.01811995 0.91947092 190.02545 -0.012961904 0.9995975 0.025235508 -6.4423183 -0.91955818 -0.021829091 0.3923472 -35.070647
0.3999642 -0.017073427 0.91637169 190.65554 -0.016816348 0.99952147 0.025962384 -6.4403872 -0.91637652 -0.025794048 0.39948569 -34.772621
0.4045749 -0.018972377 0.91430801 191.29479 -0.017958507 0.99942716 0.028685158 -6.4314447 -0.91432856 -0.028024901 0.40400243 -34.473134
0.40613106 -0.024672505 0.91348167 191.94473 -0.012179567 0.99940051 0.03240811 -6.4204655 -0.91373371 -0.024287751 0.40558709 -34.194633
0.40671786 -0.022634631 0.91327333 192.60502 -0.010331107 0.99951513 0.029372917 -6.4164841 -0.91349544 -0.021381614 0.40628682 -33.898807
0.4060186 -0.022738569 0.91358184 193.26089 -0.0076466434 0.99957087 0.02827715 -6.4064727 -0.91383286 -0.018466883 0.40567049 -33.600197
0.40467301 -0.021591423 0.91420648 193.93064 -0.004965657 0.9996546 0.025807553 -6.4007452 -0.91444801 -0.014983256 0.40442602 -33.319157
0.40473963 -0.022552467 0.91415379 194.59682 -0.0022556398 0.99966816 0.025660813 -6.3901043 -0.91442923 -0.012447949 0.40455445 -33.024401
0.40391453 -0.028928262 0.91433918 195.29014 0.00072186909 0.99950965 0.031304032 -6.3859109 -0.91479648 -0.01198412 0.40373735 -32.725721
0.40296349 -0.032014152 0.91465592 195.96166 0.0016801846 0.99941221 0.034240506 -6.3726955 -0.91521455 -0.012260883 0.40278042 -32.42917
0.40176439 -0.034523551 0.91509203 196.65968 0.002624342 0.9993284 0.036549327 -6.3615491 -0.91573935 -0.012282703 0.40158517 -32.118617
0.39952511 -0.034396475 0.91607669 197.34999 0.0011522207 0.99931389 0.037019318 -6.3510589 -0.91672157 -0.013734624 0.39929062 -31.805859
0.39867968 -0.034771312 0.91643079 198.02535 0.0002959598 0.9992858 0.037786252 -6.3344686 -0.91709023 -0.014793384 0.39840524 -31.494301
0.39593932 -0.03393511 0.91764938 198.72147 -0.00052337155 0.99930842 0.03718072 -6.322736 -0.91827657 -0.01520158 0.39564774 -31.203802
0.39516158 -0.030705348 0.91809827 199.41118 0.00059415894 0.99944954 0.033170368 -6.3196731 -0.91861148 -0.012562158 0.3949623 -30.902126
0.3945667 -0.024390791 0.91854349 200.08001 -0.00092943351 0.99963653 0.026943362 -6.3176696 -0.91886687 -0.011484678 0.39440062 -30.621693
0.39343121 -0.021190019 0.91910978 200.7683 -0.0034106777 0.99969382 0.024507842 -6.3004299 -0.91934777 -0.012776937 0.39323847 -30.309677
0.39201381 -0.023740116 0.91965293 201.46635 -0.0048233795 0.9996002 0.027859919 -6.2955126 -0.91994673 -0.015357308 0.39174257 -30.020623
0.39104953 -0.02692183 0.91997576 202.14089 -0.0056281112 0.99948346 0.031640826 -6.2858883 -0.92035246 -0.017550856 0.39069602 -29.723935
0.38823617 -0.026724336 0.92117231 202.83316 -0.0088020103 0.99942631 0.032704265 -6.2819093 -0.92151792 -0.020805146 0.38777821 -29.410641
0.38370342 -0.026576751 0.92307383 203.52071 -0.01170739 0.99936545 0.033639836 -6.2733201 -0.9233822 -0.023714506 0.38314879 -29.11904
0.37735263 -0.027566901 0.92565922 204.19664 -0.012016058 0.99932695 0.034659232 -6.2623853 -0.92599173 -0.024201527 0.37676741 -28.848413
0.36853964 -0.02777828 0.92919687 204.90019 -0.012002874 0.99932793 0.034635443 -6.2492736 -0.92953458 -0.023917566 0.36795853 -28.562667
