1.000000000000000000e+00 4.398956837314658088e-19 2.733407509747682871e-20 -8.673617379884035472e-19 -5.583667658079949532e-19 1.000000000000000000e+00 -6.100159232558060012e-19 0.000000000000000000e+00 4.145284534913582806e-20 -2.210423569125054137e-19 1.000000000000000222e+00 0.000000000000000000e+00
9.999413297081911622e-01 -1.292358754348600690e-03 1.075485777426435537e-02 5.987446432309614930e-02 1.284804063046306741e-03 9.999989230664664275e-01 7.093249680822832828e-04 -6.908912413597909086e-03 -1.075576307978558244e-02 -6.954654623403430224e-04 9.999419132506643937e-01 2.828326858661444065e-01
9.998490330094158551e-01 -2.725714938503960485e-03 1.716046888049341940e-02 6.644306051064488572e-02 2.713735421070073879e-03 9.999960576463442496e-01 7.213367578346797145e-04 -1.111549482708940051e-02 -1.716236768248543404e-02 -6.746588759443843727e-04 9.998524880961489059e-01 5.703521856467296258e-01
9.998066281146759104e-01 -4.728553919490246019e-03 1.908788057562198562e-02 8.148118888829916640e-02 4.733280535071286189e-03 9.999887774672288066e-01 -2.024510752328166705e-04 -1.305810394681367059e-02 -1.908670939068112665e-02 2.927602441596016984e-04 9.998177892973970637e-01 8.838659181183708968e-01
9.998217541958346333e-01 -6.393478186317512815e-03 1.776466449004430320e-02 6.641577327740316727e-02 6.420138389052398517e-03 9.999783479371201489e-01 -1.444115210106317049e-03 -1.893423950476418038e-02 -1.775504723749679603e-02 1.557909442340091972e-03 9.998411529818315158e-01 1.188307000853451756e+00
9.998934652304706239e-01 -9.798139971188902717e-03 1.081918079353189240e-02 6.820181934391114642e-02 9.835655831692864323e-03 9.999457810203777886e-01 -3.419777340461888863e-03 -1.970130362775368571e-02 -1.078508692047739498e-02 3.525826803201596079e-03 9.999356231437023235e-01 1.522816874095856310e+00
9.999497166026513062e-01 -9.957816040412140191e-03 -1.185825413329488634e-03 5.691000199788082137e-02 9.952692620731317871e-03 9.999414353297185754e-01 -4.250859136359117635e-03 -2.533646443942287607e-02 1.228085257566585101e-03 4.238843277687866576e-03 9.999902619602261122e-01 1.839038329520535697e+00
9.997983221154097544e-01 -9.786827499343937406e-03 -1.753662139796441019e-02 3.030712717758632033e-02 9.705339348205419686e-03 9.999417346847851995e-01 -4.725844607085609092e-03 -3.317936155374746898e-02 1.758185094841005144e-02 4.554692679530683401e-03 9.998350530567257088e-01 2.149177394910017469e+00
9.993044124229778502e-01 -6.257143204346739783e-03 -3.676328885041731803e-02 8.760867484692598864e-03 6.077955423406934850e-03 9.999691094238183364e-01 -4.983838464258753820e-03 -4.192616753356757930e-02 3.679333843553722616e-02 4.756926151426138852e-03 9.993115740219938870e-01 2.503079529601860198e+00
9.984159647699749618e-01 -2.698071348272472296e-03 -5.619859050593446065e-02 -4.530583079471918462e-02 2.373156472302111013e-03 9.999800873323103634e-01 -5.847483542014434744e-03 -4.783404785716613428e-02 5.621324933817065106e-02 5.704852875765095699e-03 9.984024866678495869e-01 2.847359217573944168e+00
9.970980538241299707e-01 -2.059963520388730530e-03 -7.610011437132732648e-02 -9.635230428918548085e-02 1.595075226805095807e-03 9.999796982689649338e-01 -6.169180086064526836e-03 -5.026137747051150073e-02 7.611127900563856297e-02 6.029892037064296315e-03 9.970810969099963561e-01 3.209939728846914253e+00
9.953055771001709795e-01 -2.701197041111467762e-03 -9.674456798922727307e-02 -1.549723991953086688e-01 2.168401986064315192e-03 9.999819018649669378e-01 -5.611949059873071535e-03 -5.931635432690629539e-02 9.675797774376905525e-02 5.375823046598572283e-03 9.952934213411773756e-01 3.593975569307285678e+00
9.931951445631316266e-01 -3.855965047089083327e-03 -1.163981785068419900e-01 -2.076038492025117366e-01 3.325046758557025257e-03 9.999831666080309933e-01 -4.755056186415524203e-03 -7.127441163641741462e-02 1.164145564731738497e-01 4.335669265885641957e-03 9.931912471465546011e-01 3.983367779233478068e+00
9.910388652925647968e-01 -3.456177814107042577e-03 -1.335291047904086925e-01 -2.842905925526493238e-01 2.911959027840660755e-03 9.999866405770668765e-01 -4.270732654506849066e-03 -7.709977989109978447e-02 1.335420836390917021e-01 3.843630676852677428e-03 9.910356900200771868e-01 4.389572330614877060e+00
9.887138173092562266e-01 -2.811438138577244603e-03 -1.497901287998355258e-01 -3.690193750903808523e-01 2.255481119296200241e-03 9.999899239995978517e-01 -3.881327187000829706e-03 -8.592385986150831434e-02 1.497995342164817889e-01 3.499672908646132841e-03 9.887101963836543161e-01 4.794408412814434861e+00
9.865790855195895048e-01 -1.778729435323735336e-03 -1.632744421282418257e-01 -4.426550283425998988e-01 1.176853503969014581e-03 9.999921521812047409e-01 -3.782934089346514511e-03 -8.745472903775071416e-02 1.632798924202441826e-01 3.540013439244649607e-03 9.865734365581861898e-01 5.217701094975477183e+00
9.844645659957449446e-01 -2.676870805064558885e-03 -1.755629570547960761e-01 -5.372192392057945076e-01 1.930669228344147285e-03 9.999883635580697483e-01 -4.421002372845185546e-03 -9.233619853020696988e-02 1.755727516153343104e-01 4.013366061379300929e-03 9.844582787287432524e-01 5.646795224186470286e+00
9.827333975265829524e-01 -5.434126960422646854e-03 -1.849473947152711351e-01 -6.374644198851122656e-01 4.330700709210944140e-03 9.999703361470718699e-01 -6.369603625560359313e-03 -1.120013842565856371e-01 1.849765248959971686e-01 5.458670283036193976e-03 9.827277797035887108e-01 6.088652381288727433e+00
9.810788292026603186e-01 -4.870419806671002529e-03 -1.935474334482732151e-01 -7.291474849327423957e-01 3.370584098189903944e-03 9.999616939560873607e-01 -8.077733483257083791e-03 -1.174461719068968374e-01 1.935793647103588866e-01 7.272525300080519631e-03 9.810576643837034538e-01 6.535462766908797683e+00
9.795959473170491316e-01 -4.751589585381946548e-03 -2.009208835070918353e-01 -8.389698125229881898e-01 2.779624565943574193e-03 9.999451746041471134e-01 -1.009561633689256242e-02 -1.185790383757413385e-01 2.009578416367607256e-01 9.331140130988310397e-03 9.795554484967341491e-01 7.031909456274060055e+00
9.780145809237817955e-01 -5.415341564983248285e-03 -2.084661904164642199e-01 -9.517036517038589549e-01 2.878562195835366027e-03 9.999181002096018123e-01 -1.247023451225824815e-02 -1.331659723421073638e-01 2.085166512584193665e-01 1.159598820544686243e-02 9.779500704223550445e-01 7.494271744029765259e+00
9.762659782589406809e-01 -9.419921688120055231e-03 -2.163700618803834907e-01 -1.066936305985225708e+00 6.435306206184728157e-03 9.998742408597529607e-01 -1.449445716757705345e-02 -1.419708470346311424e-01 2.164793917560074443e-01 1.275803773005107847e-02 9.762038242704198510e-01 7.999512499770131235e+00
9.744352571933020402e-01 -1.456968000640606296e-02 -2.241955682209078871e-01 -1.179291583197701110e+00 1.138730106008059052e-02 9.998153148666596435e-01 -1.548113411354930767e-02 -1.564873330218108649e-01 2.243797216773753267e-01 1.253238039039228022e-02 9.744212031324958057e-01 8.513685163698383462e+00
9.724683821553437024e-01 -1.573572546368643202e-02 -2.325029707860075956e-01 -1.329960333328729094e+00 1.197074363894779121e-02 9.997735252353057156e-01 -1.759544017290045823e-02 -1.860307427258156565e-01 2.327271957640130451e-01 1.432777570995850611e-02 9.724365112661220723e-01 9.044184409478491560e+00
9.702601512042858811e-01 -1.214732452813806381e-02 -2.417595503189410022e-01 -1.470256785608796024e+00 7.092625888369601811e-03 9.997379056703077360e-01 -2.176728304703198086e-02 -1.813146466790266920e-01 2.419606049351219479e-01 1.940521726129259064e-02 9.700920082840619463e-01 9.560138425201296641e+00
9.681763587234074597e-01 -9.498021084673530928e-03 -2.500886334829557911e-01 -1.611093396502580433e+00 3.356925442091729297e-03 9.996825450269816171e-01 -2.497078719702591418e-02 -1.975687393297564931e-01 2.502464189774220582e-01 2.333659691931272429e-02 9.679008908184263404e-01 1.010220177166270084e+01
9.659027228419052591e-01 -1.159695435775383830e-02 -2.586453927021885590e-01 -1.788773850160703560e+00 4.825018915363533598e-03 9.996291233688627820e-01 -2.680177037778427168e-02 -2.211248937096994827e-01 2.588602905377030416e-01 2.463993407140055783e-02 9.656004479761405301e-01 1.066573874955553158e+01
9.636252952698756147e-01 -1.393460376003391107e-02 -2.668934535765958294e-01 -1.951146039714234615e+00 6.586243120423643585e-03 9.995747026204397923e-01 -2.840836618468893862e-02 -2.507833519815344525e-01 2.671758084193147087e-01 2.561719508219040611e-02 9.633072450143800314e-01 1.122485057060999836e+01
9.614339466094676823e-01 -1.345404495143049176e-02 -2.747066677849974714e-01 -2.110484003949178344e+00 5.125154058723065294e-03 9.995057936688754863e-01 -3.101453218120539881e-02 -2.775712798142490612e-01 2.749881816560532100e-01 2.841051010404527927e-02 9.610277542988980848e-01 1.178969267115355457e+01
9.590340111461957973e-01 -1.294176642954189549e-02 -2.829951844105179637e-01 -2.304219304874581820e+00 3.312693636952571217e-03 9.993999780724533988e-01 -3.447767219194357996e-02 -2.893811472679465036e-01 2.832715879500954936e-01 3.212778395711287510e-02 9.585014422081415963e-01 1.236932822676362242e+01
9.569662504590699115e-01 -1.427361975861186211e-02 -2.898479902291418719e-01 -2.487476039925601956e+00 2.827878212291713104e-03 9.992009026597150623e-01 -3.986927660841836640e-02 -3.291114254837733122e-01 2.901854573552041794e-01 3.733389741720556654e-02 9.562419057310570514e-01 1.297692340245994025e+01
9.550280833776110256e-01 -1.506801204357150273e-02 -2.961322560637617007e-01 -2.706057332131316606e+00 1.339236700674027855e-03 9.989169937260495846e-01 -4.650855918773023207e-02 -3.603317087123739659e-01 2.965123395952800056e-01 4.402038910167785368e-02 9.540139620128474940e-01 1.358735042151962524e+01
9.535045144522638072e-01 -1.554954265760681228e-02 -3.009773258822974751e-01 -2.907805148152788455e+00 -1.045111881660496607e-03 9.984915026379477254e-01 -5.489651069808573758e-02 -3.944584302571624290e-01 3.013769231834820261e-01 5.265862597862218386e-02 9.520499048073464143e-01 1.419255292449017958e+01
9.520919128755582772e-01 -1.592656344435872118e-02 -3.053970072144658321e-01 -3.098336563423758516e+00 -3.642785143665254986e-03 9.979814417606460708e-01 -6.340167191224919951e-02 -4.423292514566620204e-01 3.057903215555464738e-01 6.147671506954921483e-02 9.501120432675004279e-01 1.481026474488812994e+01
9.508710020722813683e-01 -1.458577275874941084e-02 -3.092435781148690777e-01 -3.330980086520859640e+00 -8.059027240507957157e-03 9.973848528973279226e-01 -7.182274900607871215e-02 -4.843393102979925424e-01 3.094824562539441604e-01 7.078637211861889267e-02 9.482667878056424415e-01 1.545812981238292494e+01
9.497004035751812623e-01 -1.386270625736605797e-02 -3.128529474597908644e-01 -3.570899695473490620e+00 -1.150501494101390486e-02 9.968007991017175939e-01 -7.909362505318554004e-02 -5.397966150472915947e-01 3.129485250625804738e-01 7.871462591701845757e-02 9.465026309711511709e-01 1.611587296398616687e+01
9.480706791304910341e-01 -1.270761133510529134e-02 -3.178057611740326416e-01 -3.814853095770106339e+00 -1.540486419669062981e-02 9.961942510714413279e-01 -8.578871880274066553e-02 -6.065941583270245685e-01 3.176864473510750408e-01 8.622952400182395949e-02 9.442668015604206433e-01 1.679080859815847049e+01
9.461677235009531284e-01 -1.156458556012443691e-02 -3.234700869365171871e-01 -4.042401132128379260e+00 -1.910123265493172615e-02 9.956248605835841259e-01 -9.146737058569444356e-02 -6.786710527147487015e-01 3.231126479460332823e-01 9.272215175618077343e-02 9.418072103945984708e-01 1.744631717634457502e+01
9.444410925549634461e-01 -9.513619654017381119e-03 -3.285430130822775685e-01 -4.291034539769503553e+00 -2.359065358112236166e-02 9.950409683804055661e-01 -9.662790639240159685e-02 -7.478601362833201538e-01 3.278330446202515347e-01 9.900991051183080649e-02 9.395331472488670510e-01 1.811337666914791811e+01
9.425554730824995397e-01 -7.047960325012107320e-03 -3.339753045593671921e-01 -4.543197633427333848e+00 -2.800837060667535003e-02 9.945896135351913747e-01 -1.000351528948596330e-01 -8.240851200362970808e-01 3.328734185418221747e-01 1.036427856208173154e-01 9.372584822705946062e-01 1.880670262048134589e+01
9.409455913112142467e-01 -5.813702971431373295e-03 -3.385078915296032553e-01 -4.805308992564766513e+00 -3.034591923108589939e-02 9.943797370548170811e-01 -1.014300927492644971e-01 -9.033392832019859764e-01 3.371950783354604186e-01 1.057125324040194408e-01 9.354808079627783268e-01 1.949200202105323143e+01
9.388385607025684365e-01 -5.402038393720159405e-03 -3.443152224651100379e-01 -5.097006691059817740e+00 -3.112484308085325738e-02 9.944531494213553202e-01 -1.004697852437697186e-01 -9.915614321064524228e-01 3.429481048453175696e-01 1.050416665002438105e-01 9.334628263524971103e-01 2.021403459517300760e+01
9.363470905645575604e-01 -5.025704643367981915e-03 -3.510396924807457908e-01 -5.363914402634655687e+00 -3.189487780064569067e-02 9.945448982245089775e-01 -9.931345421053959510e-02 -1.076699768674854507e+00 3.496238612692538772e-01 1.041882326430919464e-01 9.310789281234379544e-01 2.094640224600180645e+01
9.339303778968818248e-01 -4.941290470225383896e-03 -3.574208027201424276e-01 -5.645525179556653228e+00 -3.201141289844143534e-02 9.947306722698751047e-01 -9.739691522115836997e-02 -1.157703193251521823e+00 3.560187078848081055e-01 1.024034833550157841e-01 9.288510154490475790e-01 2.165115541244778896e+01
9.313287981587016207e-01 -5.707215038135563141e-03 -3.641347204728203613e-01 -5.958996676064391096e+00 -3.085958740685380841e-02 9.950442000796694275e-01 -9.452367829924722409e-02 -1.250260329748995369e+00 3.628696147969570629e-01 9.926967153011438671e-02 9.265371971637399451e-01 2.237679293212998743e+01
9.276382968912163518e-01 -1.783557046754071168e-03 -3.734755763985772026e-01 -6.288732766648704064e+00 -3.370992484945259382e-02 9.955071255820566734e-01 -8.848278874501350200e-02 -1.322118172839828798e+00 3.719554179832999519e-01 9.466985760388760274e-02 9.234104114481299641e-01 2.316240170558653944e+01
9.240609236946070171e-01 8.730349796952377667e-04 -3.822442204706991142e-01 -6.600888733415728460e+00 -3.540694607031143887e-02 9.958936019166858555e-01 -8.332035684404043296e-02 -1.398687424962539838e+00 3.806018384503151997e-01 9.052718689496727644e-02 9.202972737084640364e-01 2.389468875225196598e+01
9.205841003327982497e-01 4.552655879408857437e-03 -3.905178413157334161e-01 -6.925067147839355286e+00 -3.863267308603995226e-02 9.960893236023354858e-01 -7.945801420839801454e-02 -1.474909012083055027e+00 3.886289140562498856e-01 8.823453307855917693e-02 9.171598756152555820e-01 2.463262453259951457e+01
9.167624775298822692e-01 4.586461165005132831e-03 -3.994064607430888869e-01 -7.268462331066627868e+00 -3.885759629552912320e-02 9.962153055287727987e-01 -7.775057742055306587e-02 -1.550190689792404708e+00 3.975382361120767261e-01 8.679878743023872190e-02 9.134710310483802331e-01 2.537286118032782767e+01
9.126152153330144845e-01 6.013269557552960304e-03 -4.087753734079628831e-01 -7.621644232878662883e+00 -4.086599598517393073e-02 9.962255503911374710e-01 -7.658082772774807423e-02 -1.626791786066203338e+00 4.067719771561785769e-01 8.659384178007843713e-02 9.094163339955209091e-01 2.613775639001829987e+01
9.089220932041691681e-01 5.362509966312422986e-03 -4.169314912804963358e-01 -7.982616027743401510e+00 -4.048052805870758913e-02 9.963287780428231599e-01 -7.543403043410894238e-02 -1.692205506339012677e+00 4.149963345951889204e-01 8.544126417939311435e-02 9.058023162606002598e-01 2.689560935282029419e+01
9.049593294693598633e-01 5.388334076247455230e-03 -4.254639516791564047e-01 -8.364339938061077007e+00 -4.076605311807212501e-02 9.964179915896781425e-01 -7.408991164496953052e-02 -1.764351624445558819e+00 4.235407222794063120e-01 8.439284320656652294e-02 9.019374192328225570e-01 2.768931276702737065e+01
9.010678249852315247e-01 6.730161820743828065e-03 -4.336259631097201805e-01 -8.763837506511380937e+00 -4.182935071912151359e-02 9.965664675079012325e-01 -7.145335066216307318e-02 -1.835482705386196844e+00 4.316562090547353958e-01 8.252260812557235536e-02 8.982554982211108374e-01 2.847712127291600837e+01
8.973299193972814614e-01 6.944151021264774633e-03 -4.413057790031722494e-01 -9.152902788401615197e+00 -4.073883310130842900e-02 9.969108730234302884e-01 -6.714952561506784545e-02 -1.909684482921942150e+00 4.394762405005340766e-01 7.823356120345474618e-02 8.948408505490155207e-01 2.925756747971784577e+01
8.933340403788974093e-01 8.064792886486283133e-03 -4.493208734785713587e-01 -9.556031611248112512e+00 -4.012584889145383304e-02 9.972768236399328634e-01 -6.187772902909933342e-02 -1.966758826425420992e+00 4.475982701055198909e-01 7.330686342111755738e-02 8.912249415147437404e-01 3.005357125076297109e+01
8.897354759693825166e-01 7.931748389523190362e-03 -4.564075656462356911e-01 -9.980120739885178338e+00 -3.843570220181741909e-02 9.976001163865972909e-01 -5.759083824160907139e-02 -2.039201901700468333e+00 4.548554523767466273e-01 6.878295736749749645e-02 8.879050773259239415e-01 3.085256724955945984e+01
8.862110091224471020e-01 7.003789815628496881e-03 -4.632288742460385356e-01 -1.042499134136175165e+01 -3.694776573544001491e-02 9.977692843394594391e-01 -5.559962141361805138e-02 -2.102969912605908931e+00 4.618061422092479829e-01 6.638826871719966105e-02 8.844928993678973228e-01 3.166551681091497628e+01
8.827956853345736432e-01 7.632736842445756592e-03 -4.696951297049823948e-01 -1.086729517406082479e+01 -3.739011405718573738e-02 9.978374231511846215e-01 -5.405974840416617050e-02 -2.162551611369929905e+00 4.682667621006623704e-01 6.528566728692507259e-02 8.811719613703724585e-01 3.248700676252388320e+01
8.794413660521429588e-01 7.219411537666004831e-03 -4.759524758332318028e-01 -1.131689529328474997e+01 -3.654997685878608182e-02 9.979571945366442209e-01 -5.239787334407360747e-02 -2.215614640682206371e+00 4.746019238579703425e-01 6.347690944136726021e-02 8.779087084047432210e-01 3.330980229750927890e+01
8.768037846606234753e-01 6.262291417186392761e-03 -4.808075522559563386e-01 -1.179554591349281800e+01 -3.520569659680095748e-02 9.980675911325411764e-01 -5.120197771865295927e-02 -2.279278085684837141e+00 4.795578020143881348e-01 6.182125278499191884e-02 8.753299102461835624e-01 3.415407723550264762e+01
8.740936513250958662e-01 5.254455478519852972e-03 -4.857290136704027206e-01 -1.228158961239447500e+01 -3.417086041497376103e-02 9.981294484689444690e-01 -5.069473798770157691e-02 -2.342439459088045517e+00 4.845540676054898022e-01 6.090972707726472618e-02 8.726381640415752372e-01 3.498483753560428511e+01
8.717989090998325974e-01 4.953972084870182993e-03 -4.898388668643762767e-01 -1.273987332629233826e+01 -3.433886899706724977e-02 9.981070660776181214e-01 -5.102084656476565949e-02 -2.400415671675524720e+00 4.886588868068753033e-01 6.130043117667733493e-02 8.703187658449706987e-01 3.581855690887655186e+01
8.702668369726035413e-01 4.746753717956730782e-03 -4.925577082786565253e-01 -1.323926551190985101e+01 -3.452835632272901328e-02 9.980817266190046277e-01 -5.138734923449998077e-02 -2.451364437102977689e+00 4.913689332934337850e-01 6.172791406263223452e-02 8.687613255475850060e-01 3.667520734458096854e+01
8.701890858986354171e-01 4.878823151184865856e-03 -4.926937659995259677e-01 -1.376396400842491019e+01 -3.432834375034538033e-02 9.981214134715781228e-01 -5.074651561705334490e-02 -2.512595244915860615e+00 4.915206233023353133e-01 6.107242511694439130e-02 8.687218430022152216e-01 3.755195953783744756e+01
8.698497653026459053e-01 4.181848935685514475e-03 -4.932989895792584956e-01 -1.426494829554007282e+01 -3.289303648505562810e-02 9.982304008609030888e-01 -4.953902509701466061e-02 -2.567215857787446875e+00 4.922188918560038151e-01 5.931761111670324355e-02 8.684480342969637112e-01 3.843699849204421781e+01
8.696970636924320486e-01 3.521301023186890027e-03 -4.935733106819013560e-01 -1.478786729106886710e+01 -3.176276859421442444e-02 9.983011955044684971e-01 -4.884515987243609469e-02 -2.628297936245362010e+00 4.925628360819757634e-01 5.815774705809144407e-02 8.683314653615844536e-01 3.934019181802002407e+01
8.687163792440426580e-01 2.313907126990496707e-03 -4.953044451762594891e-01 -1.528623909888092314e+01 -3.066507613273877775e-02 9.983220440299362952e-01 -4.911974719205785406e-02 -2.697337784945570416e+00 4.943596960944338647e-01 5.785967753681135056e-02 8.673296682310442929e-01 4.022725022954066532e+01
8.677715190883857899e-01 7.776092503133143078e-04 -4.969627562502217932e-01 -1.582754234806471594e+01 -2.940550034740016527e-02 9.983270201899540064e-01 -4.978430836166349016e-02 -2.755869697959350439e+00 4.960926433861788665e-01 5.781484348102401694e-02 8.663426215322475032e-01 4.116238766566888074e+01
8.664744977108062018e-01 -5.237278658058585213e-04 -4.992210588547082994e-01 -1.635655403713787592e+01 -2.704841137566850462e-02 9.984813192820717331e-01 -4.799415103367017654e-02 -2.817112719896390338e+00 4.984880459094607197e-01 5.508884453673849879e-02 8.651444342814850197e-01 4.205835269915164076e+01
8.641147002520678244e-01 4.160044605277200000e-04 -5.032947513646927051e-01 -1.690483148331007968e+01 -2.627339863078036186e-02 9.986734493187268136e-01 -4.428374642352296553e-02 -2.880926765007055579e+00 5.026086917847712998e-01 5.148949992036381401e-02 8.629793388549886757e-01 4.299428526927357552e+01
8.614597722886077058e-01 -4.960423101607238240e-05 -5.078258098879226967e-01 -1.745304107710759922e+01 -2.368333129173851026e-02 9.989079870453669852e-01 -4.027323278718893118e-02 -2.938598236654458518e+00 5.072732639845821678e-01 4.672077681489428952e-02 8.605178729675316829e-01 4.391236599761154480e+01
8.575991658418714580e-01 -1.215529476402848292e-03 -5.143172056597199449e-01 -1.800105729849930114e+01 -2.175187572977105646e-02 9.990167572423650499e-01 -3.863126571608321846e-02 -2.993936711593386590e+00 5.138584732878277439e-01 4.431750514441529232e-02 8.567294983401895214e-01 4.478526362598032762e+01
8.523384615062021830e-01 -3.668510264540333476e-03 -5.229777086198381664e-01 -1.855627748454639203e+01 -2.031882871960667344e-02 9.989881421239147352e-01 -4.012277571369333995e-02 -3.059008460268348717e+00 5.225957293253319369e-01 4.482447935533531019e-02 8.514014770143234490e-01 4.570084556365979012e+01
8.464535136804510751e-01 -6.910845298358113918e-03 -5.324177719271205866e-01 -1.914068256176558691e+01 -1.879963806415345731e-02 9.989044490189418202e-01 -4.285411730164212507e-02 -3.120657755358726693e+00 5.321306484580744511e-01 4.628327953083571228e-02 8.453962600508823089e-01 4.658020882568426657e+01
8.400265590807519667e-01 -7.517627180658411658e-03 -5.424931885242300078e-01 -1.971644265523267237e+01 -1.847223307789414015e-02 9.989279768855902075e-01 -4.244612621618563258e-02 -3.184225161350166200e+00 5.422307267826207422e-01 4.567693391349803012e-02 8.389871645835884628e-01 4.748718092668495672e+01
8.345888785436248458e-01 -4.152700159788460729e-03 -5.508576522103978412e-01 -2.032237762208145782e+01 -2.017273301401710864e-02 9.990704938649331845e-01 -3.809473936877023903e-02 -3.229408477368965524e+00 5.505038321628850095e-01 4.290575006026276644e-02 8.337293525139438666e-01 4.836629994130301924e+01
8.293382982477752741e-01 -7.658075946436151862e-05 -5.587467898239455444e-01 -2.091167025724939066e+01 -2.252289297808539315e-02 9.991826441383219182e-01 -3.356729045034806402e-02 -3.284698095471060952e+00 5.582926750952256212e-01 4.042323356089504854e-02 8.286587096846791400e-01 4.922875708966940067e+01
8.252183268478797684e-01 9.179855746009284840e-05 -5.648138617536192507e-01 -2.154186573380917835e+01 -2.367518895159748116e-02 9.991267135839860813e-01 -3.442812334102400562e-02 -3.343675189938368320e+00 5.643174667579672343e-01 4.178279311968619708e-02 8.244998490257879897e-01 5.013200577368802868e+01
8.218402836365276132e-01 -1.938876026287705704e-03 -5.697146502216512420e-01 -2.215649276820160196e+01 -2.449028291136079449e-02 9.989496302784610648e-01 -3.872805514454800979e-02 -3.394388871532422414e+00 5.691913379107294002e-01 4.578074870157462090e-02 8.209295646550283099e-01 5.098611316859533105e+01
8.192324403612919470e-01 -3.929612523272413976e-03 -5.734481323161271238e-01 -2.276468296849805029e+01 -2.674138333947657931e-02 9.986269291617704269e-01 -4.504614098629645957e-02 -3.468873671789004298e+00 5.728377711547774087e-01 5.223805631249327230e-02 8.180024937074646951e-01 5.185435711965069316e+01
8.156818026081853468e-01 -5.122391946704715933e-03 -5.784781340246757386e-01 -2.339093987062414470e+01 -2.685434461717491061e-02 9.985475490553464839e-01 -4.670799179741446511e-02 -3.525996837141898599e+00 5.778771895059948704e-01 5.363351009135566144e-02 8.143595071262225149e-01 5.272627016980295878e+01
8.126754459778452455e-01 -3.654033374809658678e-03 -5.827051235449587363e-01 -2.400841796434773556e+01 -2.632773587855931699e-02 9.987289309333495790e-01 -4.298107593079748129e-02 -3.592641729823585983e+00 5.821215294026860221e-01 5.027097158412966588e-02 8.115462777397204341e-01 5.356473085980206861e+01
8.092546535249470763e-01 -1.453188009784339794e-03 -5.874562003687963108e-01 -2.466589793662929608e+01 -2.576422502473959750e-02 9.989469612066860238e-01 -3.796279038649490872e-02 -3.640629009452218234e+00 5.868927633884755135e-01 4.585691841905901317e-02 8.083650375339739291e-01 5.444039552101032342e+01
8.063996064564401545e-01 -3.284911551353660161e-04 -5.913709158183749759e-01 -2.532800160296774195e+01 -2.546846741594861740e-02 9.990527490074767591e-01 -3.528401787888515995e-02 -3.696922383764722930e+00 5.908223398057615983e-01 4.351432890585423680e-02 8.056273782843551556e-01 5.530060209561636242e+01
8.032669410027665213e-01 1.969771057272998074e-04 -5.956191533834873653e-01 -2.594786199101890034e+01 -2.661922018944343216e-02 9.990126455141836725e-01 -3.556896500326260646e-02 -3.748354105831349870e+00 5.950240701271064525e-01 4.442629098408148319e-02 8.024790759897983961e-01 5.614342193590367458e+01
7.995780414159400218e-01 -4.223712810364144078e-04 -6.005620453950886173e-01 -2.661445528122327886e+01 -2.713211752284472658e-02 9.989533067740627992e-01 -3.682579444774355254e-02 -3.796777391941758228e+00 5.999490056706885399e-01 4.573961648018047554e-02 7.987296695033937466e-01 5.699584809356711901e+01
7.954925558892173010e-01 -2.865132480584829146e-03 -6.059565805483346779e-01 -2.726410350655365278e+01 -2.608874263694904716e-02 9.988996724241628877e-01 -3.897206676500940964e-02 -3.870303737514520837e+00 6.054015003830720554e-01 4.681063417187053544e-02 7.945425066312176154e-01 5.784942038380089713e+01
7.916450970656813135e-01 -4.107923425441121872e-03 -6.109673953001153457e-01 -2.792265028960828843e+01 -2.541368107786300470e-02 9.988905823656410998e-01 -3.964529382950493508e-02 -3.920255062713614791e+00 6.104524476521436815e-01 4.691193290612006433e-02 7.906624354275247901e-01 5.869493959233189884e+01
7.868868470003708149e-01 -4.408643788678068449e-03 -6.170815558807624113e-01 -2.859257061371806330e+01 -2.500757441855111854e-02 9.989252306232151435e-01 -3.902569529092429074e-02 -3.973407550461267590e+00 6.165903965408814358e-01 4.614051912955419166e-02 7.859308764838471850e-01 5.955536307965639509e+01
7.822080545300975629e-01 -4.116441983215410327e-03 -6.230036973679070611e-01 -2.927804907330971318e+01 -2.528338522457869442e-02 9.989446557208599975e-01 -3.834482085180005578e-02 -4.033029707431415645e+00 6.225040689433651853e-01 4.574527006694155407e-02 7.812784790119171596e-01 6.038221940686629807e+01
7.767875246813671364e-01 -5.368196882314281958e-03 -6.297398799622268006e-01 -2.998454523193076326e+01 -2.473037175175007985e-02 9.989323381503564248e-01 -3.902041205226524506e-02 -4.090304733199227272e+00 6.292770108216623193e-01 4.588427049521701107e-02 7.758254216465304554e-01 6.122276815958954899e+01
7.713325724347860346e-01 -6.326600602566314485e-03 -6.364008399835991980e-01 -3.069060456349243182e+01 -2.456021369908944693e-02 9.989098409091199393e-01 -3.969793046873296843e-02 -4.147582098416817686e+00 6.359582257387559334e-01 4.625044732221668398e-02 7.703363154404058166e-01 6.206254545501547426e+01
7.662886468082517055e-01 -7.683220448091030580e-03 -6.424505195482071995e-01 -3.136961639608070840e+01 -2.415515730605993436e-02 9.988770634147080552e-01 -4.075709267844568329e-02 -4.207455158236866666e+00 6.420422451538124742e-01 4.675019062305477147e-02 7.652425647460110447e-01 6.286031880153480245e+01
7.599273171560201323e-01 -9.116823958040408751e-03 -6.499441115695895332e-01 -3.208272225915759890e+01 -2.361061557235442573e-02 9.988546255545487362e-01 -4.161701434456196308e-02 -4.268443212820121069e+00 6.495791083873633243e-01 4.697148648303303003e-02 7.588416629039700378e-01 6.370522430947487180e+01
7.542475026602571964e-01 -1.108603611072016791e-02 -6.564966080561220885e-01 -3.281258843921996515e+01 -2.248539206857300132e-02 9.988348625893691546e-01 -4.270040349729326001e-02 -4.328843250473537019e+00 6.562050888287557227e-01 4.696825618241275840e-02 7.531194277218712374e-01 6.451319359434423006e+01
7.480780819181260810e-01 -1.187188461952200236e-02 -6.635045089546856012e-01 -3.356277171869830767e+01 -2.192238481578276388e-02 9.988521394684265475e-01 -4.258887837631648160e-02 -4.394632868668709058e+00 6.632485200045556972e-01 4.640540746678648021e-02 7.469591335124506903e-01 6.534609206919465407e+01
7.419086857287892078e-01 -1.230047166327287445e-02 -6.703880905645959176e-01 -3.431528184712663432e+01 -2.093017096436936703e-02 9.989196049587155679e-01 -4.149157515559666332e-02 -4.454218364627178239e+00 6.701741840998771682e-01 4.481429716809530450e-02 7.408496812209777183e-01 6.616462119699960454e+01
7.357730012246038731e-01 -1.278529218837370571e-02 -6.771075382454343483e-01 -3.505565067852485583e+01 -2.015819201168668126e-02 9.989652977448429949e-01 -4.076740403056060280e-02 -4.515945654804335518e+00 6.769281683986537734e-01 4.364481879579786699e-02 7.347539678079442194e-01 6.696545401548627297e+01
7.287967485919838451e-01 -1.400807520111038880e-02 -6.845867835934064116e-01 -3.583381039255979772e+01 -1.933631929072445951e-02 9.989709546266182238e-01 -4.102607221903041557e-02 -4.575396598047759333e+00 6.844570208445717174e-01 4.313705647204650606e-02 7.277759200073862234e-01 6.779467538918417802e+01
7.226301286023858461e-01 -1.588396209860706149e-02 -6.910523771979704133e-01 -3.661908298338826029e+01 -1.864048954150900397e-02 9.989245707151698239e-01 -4.245272902790734465e-02 -4.645338975465318043e+00 6.909835286943437627e-01 4.355917544810525288e-02 7.215569071319513084e-01 6.858613838626497738e+01
7.168632450906450293e-01 -1.504700225863565138e-02 -6.970514087657808666e-01 -3.738581587422866903e+01 -2.031207926403727493e-02 9.988920044678910592e-01 -4.245212457060391908e-02 -4.700231311375323351e+00 6.969178681564209832e-01 4.459093105199781609e-02 7.157633288850000497e-01 6.936216353271488799e+01
7.113081664708933438e-01 -1.479698892665171420e-02 -7.027245066123777306e-01 -3.820192667255341945e+01 -2.058657126126554535e-02 9.989108838562648085e-01 -4.187169966212470062e-02 -4.758929450707949371e+00 7.025787452050915594e-01 4.425036984350329966e-02 7.102288509742959999e-01 7.018012692493927318e+01
7.065348897151739749e-01 -1.459125217206861704e-02 -7.075277631447612903e-01 -3.903025359023766327e+01 -2.116345357720554252e-02 9.989045894157432270e-01 -4.173403303796741765e-02 -4.821706671710588310e+00 7.073616937483534484e-01 4.446028119501335696e-02 7.054521436152467739e-01 7.097440975920780204e+01
7.015785371245157886e-01 -1.492022340334864944e-02 -7.124359155073488603e-01 -3.983502342235842519e+01 -2.162930602623115706e-02 9.988742456453878482e-01 -4.221865162147676181e-02 -4.892578603127591741e+00 7.122638116751305315e-01 4.502919408126275502e-02 7.004660189444428253e-01 7.177278032924991180e+01
6.963958807637110615e-01 -1.704784867835458517e-02 -7.174553216148470414e-01 -4.068033457715400658e+01 -2.143512345981000294e-02 9.987776843104179125e-01 -4.453844228979192410e-02 -4.962653318888400555e+00 7.173376617177914527e-01 4.639513094856562853e-02 6.951792434092154416e-01 7.257106437456181425e+01
6.913839667619355867e-01 -1.925335862106581503e-02 -7.222309249624077054e-01 -4.149697945676587096e+01 -2.134136306877431125e-02 9.986644156335258149e-01 -4.705243037085939800e-02 -5.022123130166874283e+00 7.221722544027734392e-01 4.794468816316909549e-02 6.900496732322592974e-01 7.334537658093516654e+01
6.864400322735870752e-01 -1.953535625478693485e-02 -7.269239589645639654e-01 -4.236551674668436362e+01 -2.220173685612469514e-02 9.986100635019026228e-01 -4.780192453095105654e-02 -5.090295090568284664e+00 7.268474209847306522e-01 4.895212889321592237e-02 6.850522063905957193e-01 7.413439577039297035e+01
6.816745823534038351e-01 -1.951269156084817907e-02 -7.313952479318661659e-01 -4.321922016909829978e+01 -2.164461550233957865e-02 9.986689811328265387e-01 -4.681641568724409508e-02 -5.160570678975240355e+00 7.313352739524178192e-01 4.774432934194838135e-02 6.803449169338702252e-01 7.492148185330064791e+01
6.769176236711560435e-01 -1.955407516127172923e-02 -7.357989935115452074e-01 -4.407319918363734246e+01 -2.113440724747365010e-02 9.987185651654063578e-01 -4.598439364101122168e-02 -5.229480561097417990e+00 7.357553100327294260e-01 4.667832184656854622e-02 6.756369350837244658e-01 7.568116518832702866e+01
6.713061758635243681e-01 -2.015564754279088044e-02 -7.409060385331454057e-01 -4.494985213800510593e+01 -2.074015620250984834e-02 9.987278934498525773e-01 -4.596129675415561167e-02 -5.303863299782328511e+00 7.408899195890733536e-01 4.622060912035844127e-02 6.700341726323923996e-01 7.646824632257802534e+01
6.666296046884923054e-01 -2.136477876625111558e-02 -7.450828853829478682e-01 -4.582363531913131283e+01 -1.957600451147261181e-02 9.987425468134070172e-01 -4.615306341641869925e-02 -5.366247068279129451e+00 7.451320413807155374e-01 4.535274412360478652e-02 6.653731131990060499e-01 7.723453842060216346e+01
6.619272166263866497e-01 -2.214944077089041688e-02 -7.492407835709797848e-01 -4.672634613974324935e+01 -1.857007459981666053e-02 9.987719386048743431e-01 -4.593220018028782575e-02 -5.434159670104077300e+00 7.493380553672976951e-01 4.431723042811588215e-02 6.607030136405314114e-01 7.803564152006336485e+01
6.582363394641556065e-01 -2.280493929717801113e-02 -7.524658435258630984e-01 -4.762361920741362553e+01 -1.773256275050085623e-02 9.987940391667211593e-01 -4.578234998503956377e-02 -5.507200859926243197e+00 7.526024758907923218e-01 4.347875400938557011e-02 6.570381432499989849e-01 7.878796564588492402e+01
6.544372102589555151e-01 -2.547004622441670016e-02 -7.556872395461790015e-01 -4.853128679828763126e+01 -1.494248884964217462e-02 9.988016521233359368e-01 -4.660452513345786363e-02 -5.576132635387617498e+00 7.559686958051372585e-01 4.179158330340197736e-02 6.532723819880268401e-01 7.957012315928733415e+01
6.501676627397189323e-01 -2.995423608372161858e-02 -7.592000681104785764e-01 -4.944583678229955126e+01 -1.184989754121709531e-02 9.987012546319375961e-01 -4.955183080944691038e-02 -5.658129552340288804e+00 7.596983608909231300e-01 4.121344077595555377e-02 6.489683069276934724e-01 8.035507856691408790e+01
6.450398918198085862e-01 -3.356218831531095764e-02 -7.634114923941724973e-01 -5.032643076236965385e+01 -8.487895488465155985e-03 9.986586862087366567e-01 -5.107625763163696486e-02 -5.727120277391020586e+00 7.641017622002654885e-01 3.942598037567687091e-02 6.438898196332267787e-01 8.111304705520174707e+01
6.389665073616966895e-01 -3.738092339765051314e-02 -7.683257500252775873e-01 -5.125082249523295275e+01 -3.530425116506929334e-03 9.986655400030987062e-01 -5.152354124209451713e-02 -5.798538480434207720e+00 7.692264608806818060e-01 3.563433339989991594e-02 6.379818626378377378e-01 8.187071465616037358e+01
6.303780207443899775e-01 -4.096426171601815630e-02 -7.752067267254317828e-01 -5.220128366601636571e+01 1.108618004425437897e-03 9.986532120240978472e-01 -5.187034860230945593e-02 -5.883163356331412075e+00 7.762875315739302673e-01 3.183851919480987225e-02 6.295744500044235803e-01 8.264602841550748735e+01
6.220998354822224741e-01 -4.215483112604826582e-02 -7.818022471614939350e-01 -5.313618048776365299e+01 4.251859902844950037e-03 9.987166501219000292e-01 -5.046755825123620115e-02 -5.968923836428574603e+00 7.829263862686669517e-01 2.807174566151981673e-02 6.214807012607715953e-01 8.338034641870093822e+01
6.124983901774938566e-01 -4.188623069938235410e-02 -7.893612951407732448e-01 -5.408103300543712066e+01 6.389831998131940277e-03 9.988248319557039290e-01 -4.804295049921504523e-02 -6.026873675580317169e+00 7.904460147437074591e-01 2.438234334121486616e-02 6.120462487210144298e-01 8.412112019008183950e+01
6.040100698515256106e-01 -4.120871230975409194e-02 -7.959105891552458178e-01 -5.508646562144627978e+01 5.148569863247195490e-03 9.988432528436763658e-01 -4.780845590920019400e-02 -6.112518021638964960e+00 7.969600605266555782e-01 2.477898708093288771e-02 6.035235499659264979e-01 8.485304429093341128e+01
5.947794843552149935e-01 -4.196749264367316545e-02 -8.027926773124958171e-01 -5.605706775872393166e+01 3.545271495099271055e-03 9.987635857738959011e-01 -4.958559027804653602e-02 -6.185885881229356009e+00 8.038810898153179174e-01 2.664637339482752582e-02 5.941928778148530821e-01 8.556528237692457139e+01
5.844204404635436889e-01 -4.443388614202442577e-02 -8.102335259191212335e-01 -5.703768483632885022e+01 4.572313581036221465e-03 9.986640961901612767e-01 -5.146957263338634153e-02 -6.263398315979333830e+00 8.114381390208096345e-01 2.637522812098177724e-02 5.838428777621065269e-01 8.626997511430630539e+01
5.744949190608176215e-01 -4.581542007679450385e-02 -8.172248913592177200e-01 -5.807087572015771570e+01 4.752359233365666472e-03 9.986020878518383492e-01 -5.264299759995180045e-02 -6.336409898524630435e+00 8.184943579528080049e-01 2.635938794892888487e-02 5.739095581092396037e-01 8.697860129392304884e+01
5.644756107404643730e-01 -4.698311828636445031e-02 -8.241115574273953914e-01 -5.907859157249290405e+01 7.998573405672379510e-03 9.986433002613672727e-01 -5.145465613721526138e-02 -6.419872888634000851e+00 8.254109999602203818e-01 2.245318118331958088e-02 5.640855858977790183e-01 8.766656691473744445e+01
5.539775632220365065e-01 -4.654527115652911523e-02 -8.312294416051767554e-01 -6.009761195221621932e+01 8.472632648855627988e-03 9.986994115711435027e-01 -5.027623489394001527e-02 -6.502193564317687802e+00 8.324884895934419049e-01 2.080920388939856008e-02 5.536514285582084804e-01 8.835842114021441773e+01
5.435867416982798073e-01 -4.746663712275727559e-02 -8.380097611793674295e-01 -6.116532897136413283e+01 9.435585034299967186e-03 9.986821698034151762e-01 -5.044693669225536192e-02 -6.582148259805321366e+00 8.392999675641318325e-01 1.951517306806711816e-02 5.433182633368265346e-01 8.903897868383501191e+01
5.335392640006374476e-01 -4.803012258514795935e-02 -8.444104145115419735e-01 -6.220965301121378843e+01 8.326555452510951694e-03 9.986361475915095376e-01 -5.154137337008170283e-02 -6.662209106315568619e+00 8.457343164406508906e-01 2.046831576065424874e-02 5.332115218486545016e-01 8.968764786639540887e+01
5.236608149437251836e-01 -4.871961471354151890e-02 -8.505326195406494039e-01 -6.329886208903514699e+01 7.390491012252941617e-03 9.985856754010917768e-01 -5.265006645931460255e-02 -6.743741607021480178e+00 8.518947960184997115e-01 2.128492252021878944e-02 5.232802516339010168e-01 9.033017892188813391e+01
5.140730062307137249e-01 -4.926855081622891208e-02 -8.563302755762000062e-01 -6.432819934759216096e+01 5.523709812624880491e-03 9.985184407934876161e-01 -5.413327996077416104e-02 -6.827973431061585607e+00 8.577286546575634274e-01 2.309833752481941713e-02 5.135835230085046277e-01 9.095280124060649030e+01
