1.000000000000000000e+00 4.398956837314658088e-19 2.733407509747682871e-20 -8.673617379884035472e-19 -5.583667658079949532e-19 1.000000000000000000e+00 -6.100159232558060012e-19 0.000000000000000000e+00 4.145284534913582806e-20 -2.210423569125054137e-19 1.000000000000000222e+00 0.000000000000000000e+00
9.999379388974668492e-01 -1.428483791950819950e-03 1.104888245810089695e-02 5.025802099350229479e-02 1.421617499783959463e-03 9.999987915051806731e-01 6.292766588045708032e-04 -9.897640309696295602e-03 -1.104976820769939562e-02 -6.135303149516535591e-04 9.999387612198192832e-01 2.962615820925980636e-01
9.998517409164143777e-01 -2.572699654100340638e-03 1.702578710390239072e-02 6.780598254718452067e-02 2.560414542916079721e-03 9.999964458683467949e-01 7.433190428878607868e-04 -1.264972353436134844e-02 -1.702763922257129539e-02 -6.996157550363912674e-04 9.998547744655436054e-01 5.727524666069516712e-01
9.998047467547329648e-01 -4.548085497563260880e-03 1.922975074909285750e-02 7.070789983228269182e-02 4.553169396224829996e-03 9.999896099337971522e-01 -2.206007456975536956e-04 -1.622823702022677117e-02 -1.922854797239664446e-02 3.081140091283842038e-04 9.998150668938643459e-01 8.898834026115860496e-01
9.998222272529994070e-01 -6.388351040736576884e-03 1.773986732763054713e-02 6.254503492075605409e-02 6.414329132666058558e-03 9.999784368978582583e-01 -1.407874221726945112e-03 -2.087540129026434210e-02 -1.773049111403084480e-02 1.521413322756115776e-03 9.998416449451665855e-01 1.185613601009228635e+00
9.998960973229015226e-01 -9.493265953569616361e-03 1.084769514756441997e-02 6.599818306315191618e-02 9.532277341588943353e-03 9.999482643620308808e-01 -3.550249530471880945e-03 -2.144037476399274222e-02 -1.081343066172478322e-02 3.653283938953284706e-03 9.999348594883834540e-01 1.524238424454132934e+00
9.999524281664191605e-01 -9.724723116098409753e-03 -7.557648782074881996e-04 4.017943991771150830e-02 9.721339131675534040e-03 9.999432445013277659e-01 -4.359280342881924342e-03 -2.680465178892743605e-02 7.981147895571713211e-04 4.351725963318380658e-03 9.999902126992578077e-01 1.841448814587239635e+00
9.998032214826770847e-01 -9.665460166144185933e-03 -1.732331319947528689e-02 2.372018752738589559e-02 9.585176904671725492e-03 9.999429616036262791e-01 -4.711465463021678041e-03 -3.448393786658855709e-02 1.736786388477929571e-02 4.544491358736764582e-03 9.998388394791764000e-01 2.146118744046719318e+00
9.993280202672407686e-01 -5.963219958326894041e-03 -3.616556170971046980e-02 -1.047095425009311569e-02 5.788372813559801086e-03 9.999710579286361645e-01 -4.937411831262782623e-03 -4.316038115994588753e-02 3.619395849915384156e-02 4.724754250582353758e-03 9.993336150344408475e-01 2.511459166764814288e+00
9.984395105385391878e-01 -2.441535924285615378e-03 -5.579052401804997924e-02 -5.269948722505172350e-02 2.117696221228481356e-03 9.999805704131931039e-01 -5.862947708933289974e-03 -4.976710488311224256e-02 5.580375558981722633e-02 5.735651261888105416e-03 9.984252817799339486e-01 2.854707006892242660e+00
9.971249964119623943e-01 -2.043526504055817421e-03 -7.574671826663680052e-02 -9.830073348063453342e-02 1.571365496629096485e-03 9.999789674466520450e-01 -6.292493374031685530e-03 -5.079925974621746221e-02 7.575798530293090249e-02 6.155376641651885000e-03 9.971072355593895153e-01 3.207708679165558685e+00
9.953254650965180916e-01 -2.606622523105951196e-03 -9.654234178738527183e-02 -1.509119131468621144e-01 2.063233540091718998e-03 9.999814669131729117e-01 -5.727904908594616019e-03 -6.319969190631923028e-02 9.655548471269441435e-02 5.501940183112464730e-03 9.953123968486696782e-01 3.599749540122421543e+00
9.932059731575513251e-01 -3.722804008077579968e-03 -1.163100822141272944e-01 -2.145484830632301276e-01 3.187784811757513569e-03 9.999834678067137661e-01 -4.785617641600242375e-03 -7.357251778032797285e-02 1.163259772803558328e-01 4.382332449324320006e-03 9.932014209448840614e-01 3.981310556872853290e+00
9.910166322523423776e-01 -3.312458683649011429e-03 -1.336976504169681002e-01 -2.898245432655190412e-01 2.752313215708251330e-03 9.999866452840202591e-01 -4.374245222896936715e-03 -7.757152391405165714e-02 1.337103567411919713e-01 3.966971875305103264e-03 9.910125146173807131e-01 4.388270134212986839e+00
9.886732993533444702e-01 -2.734768374472550025e-03 -1.500587471436975184e-01 -3.675799065287234102e-01 2.201318191433265792e-03 9.999906543877824516e-01 -3.720931593662723819e-03 -8.748505019063791688e-02 1.500675232344199639e-01 3.348458560541575733e-03 9.886700799014397356e-01 4.785663635106711666e+00
9.865658053800100413e-01 -1.789398525020673624e-03 -1.633545500518149285e-01 -4.462471085137705296e-01 1.197179648537949294e-03 9.999923502650093221e-01 -3.723730763371685057e-03 -9.141885547703093584e-02 1.633599664966006171e-01 3.478140580255627626e-03 9.865604008731890806e-01 5.205594447722435625e+00
9.845061862290622745e-01 -2.572734519810062313e-03 -1.753309714330521518e-01 -5.457031874798379256e-01 1.820136158536193914e-03 9.999884283546512931e-01 -4.453117847204632329e-03 -9.503326000841774701e-02 1.753404022876676738e-01 4.064995706328386471e-03 9.844994768450838762e-01 5.655841790091162835e+00
9.827622909086362046e-01 -5.293608329110132370e-03 -1.847978799708343278e-01 -6.384173417927014871e-01 4.197764571109521316e-03 9.999712133679483639e-01 -6.320696270159124018e-03 -1.124506098438502050e-01 1.848260227483353169e-01 5.436003837722661221e-03 9.827562220719638919e-01 6.086274068877826515e+00
9.811006711133886116e-01 -4.892128868192850873e-03 -1.934361375495677327e-01 -7.360877814291266752e-01 3.397171731537925767e-03 9.999617521169649192e-01 -8.059374806018150886e-03 -1.204556631730246824e-01 1.934681698704713293e-01 7.249922145647286556e-03 9.810797657616249223e-01 6.548341920957713391e+00
9.796449672764440120e-01 -4.918869703250298465e-03 -2.006777063998833044e-01 -8.538719161344515696e-01 2.966182681010337031e-03 9.999452990646868766e-01 -1.002998676288729268e-02 -1.228794135594450249e-01 2.007160688067839704e-01 9.230579221643265414e-03 9.796059703263940710e-01 7.021112164400152622e+00
9.779866127596201775e-01 -5.367098947571064850e-03 -2.085986061343166331e-01 -9.628629222517541830e-01 2.832831717302418048e-03 9.999185344246103169e-01 -1.244586576217171156e-02 -1.330827043219723338e-01 2.086484143241427447e-01 1.158096527143598169e-02 9.779221448960573326e-01 7.494152383804998152e+00
9.763568821548075372e-01 -9.087041437757696974e-03 -2.159737559483046465e-01 -1.067304832327542918e+00 6.140280726177231758e-03 9.998787365187341569e-01 -1.431115649603410117e-02 -1.452652573548987025e-01 2.160776160211638486e-01 1.264665657065874339e-02 9.762942830062447674e-01 8.006339744365075006e+00
9.744823005599784205e-01 -1.460840624317790402e-02 -2.239884800856154767e-01 -1.182582500619200561e+00 1.141573957579373501e-02 9.998140445496120909e-01 -1.554211028216149690e-02 -1.609680204423860617e-01 2.241738775388921190e-01 1.258851714789009472e-02 9.744678563378880165e-01 8.513549637237430190e+00
9.724508047528626076e-01 -1.537855802799030676e-02 -2.326003677105037970e-01 -1.319485928595045987e+00 1.165703240538041620e-02 9.997812464608069050e-01 -1.736585157457545825e-02 -1.870587811520678656e-01 2.328165513322795477e-01 1.417600624356434892e-02 9.724173463703842391e-01 9.035407975215447252e+00
9.702770542123327902e-01 -1.224622715736652274e-02 -2.416867118169243323e-01 -1.464450989705878836e+00 7.182980667265217306e-03 9.997361194708233034e-01 -2.181962880707596225e-02 -1.838456187455143331e-01 2.418901477013382650e-01 1.943505415095280256e-02 9.701089817379386915e-01 9.561682350878086822e+00
9.682926902028359262e-01 -9.426149255672342658e-03 -2.496405664292401516e-01 -1.614776701884726107e+00 3.289014663787238110e-03 9.996822998846048858e-01 -2.498963131728267409e-02 -2.017844461972517212e-01 2.497968158908522862e-01 2.337620584540015325e-02 9.680160665921369034e-01 1.010249312308825154e+01
9.660267188853164377e-01 -1.170007290807983935e-02 -2.581772360383657872e-01 -1.792121272661955089e+00 4.912695024914090665e-03 9.996255438082887190e-01 -2.691909328897634096e-02 -2.268193757477937611e-01 2.583955197793847969e-01 2.473621734233482500e-02 9.657224634463128510e-01 1.066974291286373955e+01
9.635393530815676844e-01 -1.362191464525079262e-02 -2.672196791566790464e-01 -1.942609045326851192e+00 6.270198260670169742e-03 9.995785075947507536e-01 -2.834593013947667856e-02 -2.514817230075451215e-01 2.674931785406167162e-01 2.563689882313897536e-02 9.632186410373678731e-01 1.122330197379105421e+01
9.613836392821821786e-01 -1.363395684420334181e-02 -2.748738104729835929e-01 -2.123765201781302014e+00 5.273651611568303671e-03 9.995013936246395225e-01 -3.113121791650548878e-02 -2.781267574245646079e-01 2.751612030585537938e-01 2.847945488306200326e-02 9.609761883888857659e-01 1.179605750397901254e+01
9.591193119406298262e-01 -1.272333795530397257e-02 -2.827158651182868354e-01 -2.315459817803533049e+00 3.139644813207457131e-03 9.994057602270123297e-01 -3.432592381898143946e-02 -2.947460827431815367e-01 2.829846093063276835e-01 3.203502908128342402e-02 9.585893122506745634e-01 1.238368701520347059e+01
9.569475371398012964e-01 -1.414360399249088920e-02 -2.899161392640787205e-01 -2.491297300693290140e+00 2.650344709558277376e-03 9.991962545502109938e-01 -3.999775686791208484e-02 -3.304320879282802159e-01 2.902488379107474037e-01 3.750737731057512264e-02 9.562158807363598800e-01 1.297766570154145782e+01
9.549233001725087044e-01 -1.494792574563990652e-02 -2.964760503104674760e-01 -2.701891796631852305e+00 1.225402084358392669e-03 9.989213815118007656e-01 -4.641736674897642412e-02 -3.621591410542864820e-01 2.968501142114434166e-01 4.396172281585230407e-02 9.539116198725887674e-01 1.357959476418584011e+01
9.535205898357979049e-01 -1.536757962032022501e-02 -3.009357411624463685e-01 -2.901521054219978524e+00 -1.137056086860286329e-03 9.985080657248983638e-01 -5.459257982597032210e-02 -3.991998162766565716e-01 3.013257258005749839e-01 5.239732995100673807e-02 9.520805263974780885e-01 1.419377082722837891e+01
9.522164155109138495e-01 -1.572817409498538863e-02 -3.050188856072555410e-01 -3.110639215470150098e+00 -3.815533663975091347e-03 9.979826804174943833e-01 -6.337200701788217594e-02 -4.458643688952010908e-01 3.054002962246895603e-01 6.150767549128275530e-02 9.502354797268526276e-01 1.481032443278938615e+01
9.510260055001916735e-01 -1.437313938795124930e-02 -3.087765335739338091e-01 -3.337541016650894310e+00 -8.261674184851644509e-03 9.973796106594161603e-01 -7.187250492906882560e-02 -4.856364538155176769e-01 3.090004576502516365e-01 7.090363276530209369e-02 9.484152013168721806e-01 1.545813542644735605e+01
9.497434009988550141e-01 -1.337658741770069402e-02 -3.127435644081296706e-01 -3.578508126609861950e+00 -1.196190086248397934e-02 9.968059222252795282e-01 -7.896116974930772470e-02 -5.398654413585570744e-01 3.128008734693935589e-01 7.873385786627190575e-02 9.465498377201002622e-01 1.611810283893541751e+01
9.481363456711981996e-01 -1.213989838616396852e-02 -3.176320052102951097e-01 -3.807223652412625725e+00 -1.593833333314521872e-02 9.961977218660421629e-01 -8.565085208777580006e-02 -6.090338670919768216e-01 3.174640780359700432e-01 8.627121119159124329e-02 9.443377782567747847e-01 1.678173302736218631e+01
9.462531813409057468e-01 -1.119801436677416578e-02 -3.232329176549210148e-01 -4.043421453375660057e+00 -1.946066363874724911e-02 9.956183552274547877e-01 -9.146241462275636613e-02 -6.764516226277814681e-01 3.228408287628819484e-01 9.283692846540800292e-02 9.418891156786131091e-01 1.744255840159154403e+01
9.445857984826772080e-01 -9.217914594271254397e-03 -3.281351810924196255e-01 -4.285434562140574499e+00 -2.391693217675164990e-02 9.950164271115110592e-01 -9.680025888177648530e-02 -7.486391926261467544e-01 3.273921975901729065e-01 9.928413732204126319e-02 9.396579225079905173e-01 1.812440637093200380e+01
9.427271840407945858e-01 -7.083993373826844714e-03 -3.334895367963873203e-01 -4.547378643345712845e+00 -2.791203051750177147e-02 9.945927919324482058e-01 -1.000304792500824880e-01 -8.266782514484256605e-01 3.323949103876362998e-01 1.036098228057035220e-01 9.374319338126354539e-01 1.881341127124741064e+01
9.410531425721584409e-01 -5.797024785423480174e-03 -3.382090698674279361e-01 -4.805448261934420096e+00 -3.030592368473439616e-02 9.943871696721676701e-01 -1.013691658015484776e-01 -9.027765440421688936e-01 3.368984050381576556e-01 1.056435109678387080e-01 9.355954872149256918e-01 1.949954656905793016e+01
9.389938991296770121e-01 -4.743735467237135059e-03 -3.439010786221883831e-01 -5.096411084112804524e+00 -3.180835469678799932e-02 9.944216876990121801e-01 -1.005670701803865197e-01 -9.924416432480189787e-01 3.424597604076753954e-01 1.053707935034590842e-01 9.336050079515383349e-01 2.022645894290650759e+01
9.364959585893818383e-01 -4.961065818979354565e-03 -3.506432728425133982e-01 -5.356857985030047509e+00 -3.186749779322568116e-02 9.945587935398990664e-01 -9.918300650082471914e-02 -1.078337025566751928e+00 3.492274097680279077e-01 1.040586091156864984e-01 9.312421944456366063e-01 2.095339448659094472e+01
9.339868766412128265e-01 -4.591797461501595512e-03 -3.572778008590488108e-01 -5.638206571782789389e+00 -3.235044151128821377e-02 9.947238956522742592e-01 -9.735409779835080268e-02 -1.157438099317064983e+00 3.558398022592710874e-01 1.024855449537064866e-01 9.289105182251243820e-01 2.166681448753230654e+01
9.314324117553540727e-01 -5.283512556698170826e-03 -3.638760009489469538e-01 -5.956572343628267596e+00 -3.123470351696221517e-02 9.950441199652506619e-01 -9.440123212240576767e-02 -1.254759692622530620e+00 3.625714514153852708e-01 9.929392690305237357e-02 9.266513160036738972e-01 2.239133037241005297e+01
9.276210960888690016e-01 -1.923646040411787841e-03 -3.735176016972386881e-01 -6.277800384599582451e+00 -3.360689239481241125e-02 9.955011862948136558e-01 -8.858874020368812108e-02 -1.326856213013533736e+00 3.720076353180334916e-01 9.472955067206158264e-02 9.233832543272588733e-01 2.318285377997723629e+01
9.241373915929876892e-01 9.430820002715850896e-04 -3.820591433681980176e-01 -6.601073649980579106e+00 -3.545350071629690264e-02 9.958938305267368563e-01 -8.329782493633235141e-02 -1.401704928815244999e+00 3.804117935940288797e-01 9.052396926239719699e-02 9.203761629219775475e-01 2.390590224136370168e+01
9.207113803045648970e-01 4.587420647287693970e-03 -3.902172556420256955e-01 -6.925517675492243619e+00 -3.869533138984860426e-02 9.960762682876626029e-01 -7.959107443067194032e-02 -1.478922145826939927e+00 3.883210367186677447e-01 8.837999447815014786e-02 9.172762681549004871e-01 2.463812438573432217e+01
9.168788165239564192e-01 4.856561246816931167e-03 -3.991361250777920588e-01 -7.264057370262276159e+00 -3.909055391750727165e-02 9.962120410684144334e-01 -7.767559381361188731e-02 -1.553766913215480772e+00 3.972469843406944978e-01 8.682155918208653289e-02 9.135955634328655206e-01 2.537950750205564177e+01
9.128760578322994146e-01 6.100771222928240596e-03 -4.081912299507071129e-01 -7.617139682084188124e+00 -4.086407455356125262e-02 9.962319478552171814e-01 -7.649858520928284888e-02 -1.626103897195604997e+00 4.061864506904673822e-01 8.651408417254491390e-02 9.096855961694126913e-01 2.613035755202584554e+01
9.090208595737681030e-01 5.436932724412731413e-03 -4.167151462026529307e-01 -7.980407837671910087e+00 -4.058274887815476600e-02 9.963175019398811116e-01 -7.552798075997561866e-02 -1.694061239907358019e+00 4.147699600310063017e-01 8.556795653273752134e-02 9.058940382640772171e-01 2.690050762887432256e+01
9.050861324934182939e-01 5.778272041552514129e-03 -4.251890175676956152e-01 -8.370049738284675911e+00 -4.105558727140938557e-02 9.964237351404263698e-01 -7.385241269999517910e-02 -1.765172250929314846e+00 4.232416969379563798e-01 8.429917979258219618e-02 9.020865356940575008e-01 2.770022618769873191e+01
9.012013078704501634e-01 6.939286194103292706e-03 -4.333451801836752937e-01 -8.756926028946153906e+00 -4.202947490841803940e-02 9.965584366209763179e-01 -7.144792301123288614e-02 -1.835158654526669153e+00 4.313580050814337929e-01 8.260223240508646203e-02 8.983914215980725038e-01 2.848455732353317771e+01
8.975784764919669811e-01 6.709999149254648049e-03 -4.408036416805653501e-01 -9.144511755613569548e+00 -4.045174613181250212e-02 9.969195779912017885e-01 -6.719383392147153244e-02 -1.911125103841069706e+00 4.389949173955766670e-01 7.814301640614926270e-02 8.950849877829437640e-01 2.925361894911847926e+01
8.935972868029953275e-01 8.091140926537841380e-03 -4.487966336693722802e-01 -9.563270752840143274e+00 -4.017362916079262464e-02 9.972666646716347172e-01 -6.201031465154500932e-02 -1.968962885603720903e+00 4.470681954478493703e-01 7.344203872285698376e-02 8.914798368794926153e-01 3.005650065778959501e+01
8.897963080106668921e-01 8.464791600539858449e-03 -4.562793808239590798e-01 -9.973322083667232718e+00 -3.900244642754015917e-02 9.975803442781310260e-01 -5.755228884884033835e-02 -2.038804158141522826e+00 4.546881814817937406e-01 6.900582646094738370e-02 8.879734554899284538e-01 3.086562125039421289e+01
8.862063908543950097e-01 7.158411446853758797e-03 -4.632353458565949267e-01 -1.041811085513131196e+01 -3.720316746037242300e-02 9.977511615404360823e-01 -5.575431859155147857e-02 -2.103761465334783587e+00 4.617944999717293331e-01 6.664365579115723304e-02 8.844797720559665066e-01 3.167134149971105117e+01
8.828826641666923658e-01 7.201361090635072237e-03 -4.695384300580620063e-01 -1.085819740367155539e+01 -3.692641354928025144e-02 9.978509180333725581e-01 -5.412933981538515377e-02 -2.161477869617770331e+00 4.681395566042829137e-01 6.512822616404255471e-02 8.812511980380739463e-01 3.248002639215175691e+01
8.795867296108458300e-01 6.923071002851179621e-03 -4.756881874335830984e-01 -1.130621745099927189e+01 -3.616860128853745943e-02 9.979733697214611121e-01 -5.235442362881868178e-02 -2.219897441880649858e+00 4.743616981078150330e-01 6.325523279950652500e-02 8.780545309617200367e-01 3.329757811192497741e+01
8.767708036168686547e-01 6.025971127883356440e-03 -4.808707113056726601e-01 -1.178222118855731715e+01 -3.486817742220107291e-02 9.980863191559214975e-01 -5.106769801520011365e-02 -2.284147276879899824e+00 4.796427540064938655e-01 6.154175203711449021e-02 8.753030594183409674e-01 3.414579952340448443e+01
8.742547910470939154e-01 5.142462550640438182e-03 -4.854401206388214707e-01 -1.227729437021258896e+01 -3.406477105514300885e-02 9.981289713920311613e-01 -5.077546555759374775e-02 -2.342913256444051129e+00 4.842707456796528365e-01 6.092710072339087984e-02 8.727942128009644751e-01 3.498341317937141781e+01
8.720996861764108710e-01 4.780918795509247338e-03 -4.893048900576207894e-01 -1.274304197032305375e+01 -3.409342384421801958e-02 9.981158767696819423e-01 -5.101308707106565199e-02 -2.399045604461054637e+00 4.881390983116219440e-01 6.117057635196451043e-02 8.706195414638984165e-01 3.581384902851718977e+01
8.705173247194347708e-01 5.236821110605823122e-03 -4.921099046606181582e-01 -1.323700071018171798e+01 -3.504600667093105137e-02 9.980643906427401069e-01 -5.137362758383492295e-02 -2.456780540013564718e+00 4.908883460645092622e-01 6.196811997222455987e-02 8.690158735859111472e-01 3.668542377916568142e+01
8.699010913339747519e-01 5.105563069523333733e-03 -4.931997766620827006e-01 -1.373851244136805683e+01 -3.466493559643494399e-02 9.981065827062785001e-01 -5.080936785372761749e-02 -2.515225423266932214e+00 4.920065417012485232e-01 6.129586315830398702e-02 8.684309902587684649e-01 3.756711168072511953e+01
8.698120967180485996e-01 4.528509140216056654e-03 -4.933623457295311932e-01 -1.425141320575391468e+01 -3.320458287386186813e-02 9.982280628710876735e-01 -4.937803391556712385e-02 -2.568906238852563639e+00 4.922645382573644923e-01 5.933150220784960682e-02 8.684212123063549393e-01 3.844022376706741539e+01
8.694877569440628839e-01 3.300298205802796366e-03 -4.939434620717964020e-01 -1.477642512427468979e+01 -3.155816208777247056e-02 9.983059026835381378e-01 -4.888156226750468153e-02 -2.626710935884435827e+00 4.929453585232456692e-01 5.808986785932850755e-02 8.681189120957297778e-01 3.934381737982180738e+01
8.689683402941830170e-01 2.149666285963485260e-03 -4.948630089770793550e-01 -1.528404685691109322e+01 -3.045571219296440771e-02 9.983273160157246640e-01 -4.914285040254686571e-02 -2.698388046928019701e+00 4.939296273135601600e-01 5.777498661421599790e-02 8.675803011692746480e-01 4.023201550086019296e+01
8.679140978446188148e-01 5.153740995656746907e-04 -4.967140508118388365e-01 -1.581151139272940753e+01 -2.903180679291395005e-02 9.983425681941213714e-01 -4.969175762796827073e-02 -2.756644081190324336e+00 4.958651798293148838e-01 5.754868343011875637e-02 8.664905523410181276e-01 4.115676834744765955e+01
8.663779467218438723e-01 -6.146146079611343243e-04 -4.993884968219800546e-01 -1.634452891558187559e+01 -2.684793820053773053e-02 9.984957190356053003e-01 -4.780677073652071785e-02 -2.820032387981680433e+00 4.986666675319179620e-01 5.482628342782433495e-02 8.650581704235893454e-01 4.204954296133397662e+01
8.643619186355383510e-01 -2.870607312659610938e-04 -5.028701484680676570e-01 -1.690726891948983734e+01 -2.544625043851085969e-02 9.986937665382665807e-01 -4.430856645580731612e-02 -2.881336314981451263e+00 5.022260105479692260e-01 5.109479726907643210e-02 8.632255562507963331e-01 4.300424971691014520e+01
8.618132544667831407e-01 -3.194673602691793803e-04 -5.072255980309409162e-01 -1.744942046165962068e+01 -2.349495989831928283e-02 9.989012877001161028e-01 -4.054878953913820111e-02 -2.938451169474018965e+00 5.066812657689648836e-01 4.686272933920192924e-02 8.608588644737933393e-01 4.391837672743490373e+01
8.576116344683415438e-01 -1.654103247373470750e-03 -5.142951906932818895e-01 -1.798962772316403402e+01 -2.108404713552367721e-02 9.990410735491607186e-01 -3.837181721507945675e-02 -2.998029898741374488e+00 5.138654992330848881e-01 4.375154086428810485e-02 8.567543735099463209e-01 4.478421240970965300e+01
8.522807565105723349e-01 -3.911241809317130003e-03 -5.230699847166282446e-01 -1.853914491857857172e+01 -1.997417640073866421e-02 9.989993933451988273e-01 -4.001555207691911975e-02 -3.060687812705411570e+00 5.227031169158820045e-01 4.455237708509197231e-02 8.513498356053916805e-01 4.570295301950342548e+01
8.462877279243725681e-01 -6.743112969845062657e-03 -5.326834017081063521e-01 -1.912080739862723533e+01 -1.901367836506417247e-02 9.989004731471542442e-01 -4.285236064417237423e-02 -3.125613343307267478e+00 5.323866694852705805e-01 4.639369775094964732e-02 8.452290011995430286e-01 4.658610971445173021e+01
8.403087505796781320e-01 -7.566686664283210455e-03 -5.420552953669951490e-01 -1.969493443773317765e+01 -1.828711674285043304e-02 9.989378520072559331e-01 -4.229360729968868748e-02 -3.188608197663371335e+00 5.417995842339138335e-01 4.545231671352366332e-02 8.392778461963709136e-01 4.748666719233117561e+01
8.346466089862224491e-01 -4.393524953605167267e-03 -5.507683080519866214e-01 -2.030803956192719184e+01 -1.993860680741206884e-02 9.990717446428418747e-01 -3.818508937628477262e-02 -3.235244700450591093e+00 5.504248310507202646e-01 4.285260800303271334e-02 8.337842437982210253e-01 4.837660884765834624e+01
8.297549283458472980e-01 -1.082380140631582335e-04 -5.581278895794499206e-01 -2.089923077186261224e+01 -2.256214979401116941e-02 9.991760642744875742e-01 -3.373636052052910589e-02 -3.286116205460837048e+00 5.576716892441145879e-01 4.058547633027334567e-02 8.290688223103114263e-01 4.923247859764980205e+01
8.254323720848236734e-01 -1.056979965435881974e-04 -5.645010024531127435e-01 -2.152820594748955330e+01 -2.349722077868973344e-02 9.991268631848174708e-01 -3.454550511293245224e-02 -3.345017399080871368e+00 5.640117769605220710e-01 4.177918279523055306e-02 8.247091738675031980e-01 5.013269166426734103e+01
8.221540552923197742e-01 -2.080906777788096504e-03 -5.692612519116131420e-01 -2.214591123298946940e+01 -2.436099871887673421e-02 9.989486428783892480e-01 -3.883491571160471723e-02 -3.395087597992064943e+00 5.687435766818450533e-01 4.579605598259127441e-02 8.212389855940207539e-01 5.097970237281975159e+01
8.192991982331321310e-01 -4.056201001950267802e-03 -5.733518681070737255e-01 -2.275216898632074702e+01 -2.667625651877216994e-02 9.986224336303171079e-01 -4.518420560226986404e-02 -3.471696987917363586e+00 5.727453239405675411e-01 5.231426490460864415e-02 8.180623557469880458e-01 5.185931802499564469e+01
8.158810933595580517e-01 -5.028330095445595997e-03 -5.781978475838353004e-01 -2.338220623452733093e+01 -2.707076079070798447e-02 9.985335177836155429e-01 -4.688270278360801013e-02 -3.528563196051688333e+00 5.775856823753529046e-01 5.390296641227773633e-02 8.145484983251964906e-01 5.272417875949101074e+01
8.128660115786164875e-01 -3.736788114421387298e-03 -5.824387324871460603e-01 -2.399836517620060761e+01 -2.620131729442463919e-02 9.987325237817044066e-01 -4.297484101545932800e-02 -3.594173715301413274e+00 5.818611031451141891e-01 5.019344959417284396e-02 8.117378152769378907e-01 5.356514546199394289e+01
8.093997731914960303e-01 -1.384409237422720013e-03 -5.872564039085604870e-01 -2.464882419012427306e+01 -2.581648492999727429e-02 9.989465877757187640e-01 -3.793710487592383274e-02 -3.643076483511796138e+00 5.866903114250402451e-01 4.586718008339807362e-02 8.085114018113359613e-01 5.444169629379053532e+01
8.065791022612656125e-01 -1.793670431610601673e-04 -5.911261395871573177e-01 -2.531153590539502929e+01 -2.563863247095424236e-02 9.990483083595457225e-01 -3.528651497290832134e-02 -3.699020358519160556e+00 5.905699092015824769e-01 4.361703128053890516e-02 8.058068897680031872e-01 5.530695842081205882e+01
8.035704674390341529e-01 1.620794344762805327e-04 -5.952096023956215953e-01 -2.592929555108863937e+01 -2.654186248683073485e-02 9.990149820300501249e-01 -3.556114828288250984e-02 -3.751390007824077610e+00 5.946175567619212954e-01 4.437385984416881285e-02 8.027832388055697876e-01 5.614523288587200511e+01
7.995814023857563679e-01 -3.010064256980955191e-04 -6.005576437237902798e-01 -2.659904635170632048e+01 -2.741992490969646229e-02 9.989387324831116022e-01 -3.700751972764357994e-02 -3.802559031626169261e+00 5.999314412473838454e-01 4.605776990700062579e-02 7.987245798768857208e-01 5.701520955704593518e+01
7.955773336523578321e-01 -3.129347760770411283e-03 -6.058439620340191345e-01 -2.724715713342427037e+01 -2.577350013030666603e-02 9.989065837943921222e-01 -3.900466115627177627e-02 -3.872380906433706471e+00 6.053035920111511370e-01 4.664594364950081645e-02 7.946267830993992698e-01 5.785805461266692618e+01
7.918703309942235480e-01 -3.934982593041033878e-03 -6.106765818925463662e-01 -2.790393942081398393e+01 -2.553059084075465571e-02 9.988916847247326647e-01 -3.954227063475975606e-02 -3.918559509372040672e+00 6.101553683732409139e-01 4.690328477532384327e-02 7.908922274279106546e-01 5.869160439163803034e+01
7.872086818313784873e-01 -4.526385052815441214e-03 -6.166700866972845141e-01 -2.858212054040962613e+01 -2.469803845703955752e-02 9.989393726259560014e-01 -3.886047812731253936e-02 -3.979107930838446716e+00 6.161919376335699416e-01 4.582184715506153194e-02 7.862619547789772012e-01 5.955182776200478401e+01
7.823876920532150114e-01 -4.026589233305910738e-03 -6.227786753799999797e-01 -2.926006069777811547e+01 -2.540104107943804562e-02 9.989407183881208185e-01 -3.836962739465937799e-02 -4.033593733132680548e+00 6.222734868383250628e-01 4.583915081022895549e-02 7.814566444644859278e-01 6.037691160932222090e+01
7.769433598135906394e-01 -5.281572439230873030e-03 -6.295483405517761089e-01 -2.996819890792875896e+01 -2.493291292022676089e-02 9.989222003220032953e-01 -3.915083145747014215e-02 -4.091358679827452605e+00 6.290766023518802319e-01 4.611445235505914203e-02 7.759742863996204054e-01 6.122642389429088894e+01
7.713204395418439274e-01 -6.657089597936599254e-03 -6.364121738379007187e-01 -3.067401897023464485e+01 -2.416166037996784685e-02 9.989181846956637356e-01 -3.973253700178801945e-02 -4.153569062742984208e+00 6.359882074334077817e-01 4.602329257355315673e-02 7.703251678322045048e-01 6.206483349992790011e+01
7.665394291004610228e-01 -7.975371102774617138e-03 -6.421477160815303176e-01 -3.135374578679768831e+01 -2.387300872489942632e-02 9.988778661456571006e-01 -4.090339866158217846e-02 -4.213807509269936524e+00 6.417533712389770217e-01 4.668406575244847534e-02 7.654888740447290951e-01 6.287467831588921996e+01
7.602562956193508192e-01 -9.075984835344028806e-03 -6.495598382613716471e-01 -3.207350218105090534e+01 -2.367174057272796242e-02 9.988512914967351275e-01 -4.166228769590865633e-02 -4.269555121976831735e+00 6.491918208370272003e-01 4.705022835186557784e-02 7.591681392920277549e-01 6.371243787414461224e+01
7.546418924616644652e-01 -1.136947243268787364e-02 -6.560383686221460398e-01 -3.280706546679653712e+01 -2.217886380031314220e-02 9.988364797107074367e-01 -4.282271404429109640e-02 -4.330974758017327453e+00 6.557619376444904224e-01 4.686599944997064948e-02 7.535116902397084315e-01 6.452182162202026916e+01
7.484088294303947730e-01 -1.194353944300670725e-02 -6.631301287069444328e-01 -3.355412645467241362e+01 -2.195103135265221578e-02 9.988440293209688292e-01 -4.276397257496959009e-02 -4.396073824810080133e+00 6.628743343463951998e-01 4.656132475223138251e-02 7.472815186805210619e-01 6.535440193026313693e+01
7.423142144250093333e-01 -1.208349344021537181e-02 -6.699429735379444084e-01 -3.430075450720902097e+01 -2.127345338966393773e-02 9.989083247015800859e-01 -4.158844863478524528e-02 -4.455477667154925214e+00 6.697141586399540936e-01 4.512369702944688671e-02 7.412467916304829041e-01 6.618097117085230252e+01
7.362002112608005966e-01 -1.289244167992255330e-02 -6.766409869897105356e-01 -3.503835873115337307e+01 -2.010067260254215504e-02 9.989608825989930718e-01 -4.090376550858410704e-02 -4.519017127733979677e+00 6.764652386468597012e-01 4.371429957040464526e-02 7.351760670025746514e-01 6.697440055181378682e+01
7.291858006372194945e-01 -1.411944089223896373e-02 -6.841700817398034262e-01 -3.581956321239098884e+01 -1.933882712305205406e-02 9.989626273215763685e-01 -4.122716353606931117e-02 -4.579806794828411576e+00 6.840424586896347581e-01 4.329330898798268434e-02 7.281563107354472875e-01 6.780276452616767813e+01
7.229320492491041472e-01 -1.556635122230254527e-02 -6.907437527274847833e-01 -3.660128890534375046e+01 -1.894530638927928098e-02 9.989236405541097596e-01 -4.233952927733961036e-02 -4.646249981524899653e+00 6.906593480633956839e-01 4.369495449925790004e-02 7.218590061767834465e-01 6.858660230336015218e+01
7.167643921288355813e-01 -1.495662222138060757e-02 -6.971550017941010591e-01 -3.736877850816597402e+01 -2.063917062149384432e-02 9.988768957272456950e-01 -4.264940624968896477e-02 -4.699088540122864366e+00 6.970099271141717567e-01 4.495827658547116995e-02 7.156506996692193479e-01 6.937842678046307299e+01
7.114983436776614045e-01 -1.458699122644302459e-02 -7.025363459625291185e-01 -3.818230167663167407e+01 -2.076592987262371182e-02 9.989113641083939843e-01 -4.177155548316122818e-02 -4.762768891185318765e+00 7.023808731122294091e-01 4.430921283029629065e-02 7.104208695844553834e-01 7.019857309822161540e+01
7.068437513985385001e-01 -1.472315561599580984e-02 -7.072164664731146466e-01 -3.900923453331613899e+01 -2.098122482736930819e-02 9.989071028814717756e-01 -4.176587188153013663e-02 -4.827262102424482393e+00 7.070584892645251918e-01 4.436021304054808129e-02 7.057623350452042477e-01 7.098713560985162019e+01
7.015389291300759833e-01 -1.511532058398471282e-02 -7.124708053829046372e-01 -3.982009861567961906e+01 -2.138464643863547537e-02 9.988782689823721972e-01 -4.224808502714679642e-02 -4.893658843524635316e+00 7.123102104196366025e-01 4.487461239409282904e-02 7.004287563579407738e-01 7.178301984137961256e+01
6.964065052601008388e-01 -1.684608110870144948e-02 -7.174497748172617984e-01 -4.066829677305234014e+01 -2.157304069779455297e-02 9.987812267074294148e-01 -4.439217417596510312e-02 -4.963392225951897885e+00 7.173232127340570807e-01 4.639257187599518661e-02 6.951943234152296869e-01 7.257132127214849504e+01
6.916063566976882182e-01 -1.929614844641983420e-02 -7.220168255114139955e-01 -4.148456080442210236e+01 -2.126881506212432993e-02 9.986654804942507457e-01 -4.706267745209297138e-02 -5.023035270268536578e+00 7.219614208378919429e-01 4.790528904091955614e-02 6.902729893155487018e-01 7.335505139175927525e+01
6.866482492615262334e-01 -1.980870203697782800e-02 -7.267198822679329373e-01 -4.234419126177257908e+01 -2.184335433015963113e-02 9.986152407523481989e-01 -4.785884289712213913e-02 -5.094977934947094056e+00 7.266615842830126404e-01 4.873619039660579549e-02 6.852647192613864346e-01 7.415091993899477529e+01
6.817301901256951346e-01 -1.976968901216435981e-02 -7.313365144208170410e-01 -4.320096570810196823e+01 -2.155330497134727227e-02 9.986582179179684937e-01 -4.708735354918627825e-02 -5.163046408954317101e+00 7.312861351405660626e-01 4.786358923025209322e-02 6.803893556523215036e-01 7.493175042916355721e+01
6.768857190583323913e-01 -1.968819593308359164e-02 -7.358247673324541660e-01 -4.404468100436082523e+01 -2.085131844319873182e-02 9.987282254116195412e-01 -4.590375059872987829e-02 -5.233105244760593244e+00 7.357927388218665765e-01 4.641450956715753584e-02 6.756143491822010905e-01 7.568948879226920212e+01
6.713120428760653846e-01 -2.030121901236061829e-02 -7.408967481449657555e-01 -4.492291859702346102e+01 -2.054274074989372034e-02 9.987311365250410855e-01 -4.597948206358364737e-02 -5.304598635897689540e+00 7.408901036407302687e-01 4.608662964097653275e-02 6.700431978962267943e-01 7.648287269903455865e+01
6.671658165271308061e-01 -2.134124512795590109e-02 -7.446034610688978539e-01 -4.581110808439096616e+01 -1.989188472146401557e-02 9.987226429935123218e-01 -4.644776986561429538e-02 -5.368194091024410142e+00 7.446436027112686151e-01 4.579993030100849155e-02 6.658890910449667411e-01 7.725336882210032741e+01
6.625933287164426089e-01 -2.205129890611798663e-02 -7.486546671031295563e-01 -4.671921404555789081e+01 -1.892739868300549050e-02 9.987542904187975967e-01 -4.616948102772416851e-02 -5.440168735160979097e+00 7.487401707578811294e-01 4.476167524903691686e-02 6.613505571743687472e-01 7.804946308142739042e+01
6.584948195178553787e-01 -2.296033280096891616e-02 -7.522349269427066609e-01 -4.760035674693948948e+01 -1.753210428013736791e-02 9.987952374871675865e-01 -4.583338214465537686e-02 -5.510676607513588010e+00 7.523810251939182514e-01 4.336930564007491357e-02 6.572989477425078553e-01 7.879251195470777702e+01
6.547884693085569419e-01 -2.591238212431768578e-02 -7.553678563196206674e-01 -4.850915927781002068e+01 -1.444486037802025433e-02 9.988005513941158320e-01 -4.678466161604499796e-02 -5.578852149856355247e+00 7.556741464704382905e-01 4.154523992243450842e-02 6.536287845017272335e-01 7.957207134229463463e+01
6.499957336291694032e-01 -2.991053876162682104e-02 -7.593489943903970474e-01 -4.941631926667056973e+01 -1.193606720140286473e-02 9.987000379415481577e-01 -4.955567098934730158e-02 -5.663670409713873255e+00 7.598441194428966483e-01 4.127461508069217577e-02 6.487937506937463406e-01 8.035720882357136929e+01
6.453901962217996058e-01 -3.352706106274455644e-02 -7.631169111269169303e-01 -5.032375991202773235e+01 -8.625137224981581710e-03 9.986527263963268508e-01 -5.116970854797890655e-02 -5.733737180193711147e+00 7.638043669859290175e-01 3.960641603570853875e-02 6.442315046065153483e-01 8.113249167946038654e+01
6.389676630810645630e-01 -3.784009272294357878e-02 -7.683023116171430189e-01 -5.123196217574164280e+01 -2.985594993362187914e-03 9.986598246933944267e-01 -5.166856644056093406e-02 -5.804160256046382749e+00 7.692278084615267186e-01 3.530838236553397042e-02 6.379983602763217299e-01 8.188256456345092715e+01
6.306962910346446405e-01 -4.124274391887324670e-02 -7.749330380700377718e-01 -5.217587811041220647e+01 1.484767719377855580e-03 9.986490653269999296e-01 -5.194073324101559225e-02 -5.886517730298756135e+00 7.760283459268918493e-01 3.160823188937020994e-02 6.299054985219939562e-01 8.265055860931668974e+01
6.222348287318513194e-01 -4.216521139395203177e-02 -7.816942507304677212e-01 -5.310902376626110311e+01 4.108483867260285735e-03 9.987105054786925562e-01 -5.060085558724053412e-02 -5.967929043877161277e+00 7.828198695776515947e-01 2.827403609660307862e-02 6.216056965102256804e-01 8.338717985257663656e+01
6.125455254890866952e-01 -4.199557157619634995e-02 -7.893189087631230505e-01 -5.405658519864496725e+01 6.157041764374861399e-03 9.988108280568938069e-01 -4.836342182053903621e-02 -6.031830418027062990e+00 7.904113360687000656e-01 2.476492771331362946e-02 6.120756731259209271e-01 8.413476630730248473e+01
6.041646335325502326e-01 -4.122518708703599294e-02 -7.957924150951953823e-01 -5.506540315726908830e+01 4.840087468592871832e-03 9.988322970756061681e-01 -4.806886572147242576e-02 -6.118619707454532985e+00 7.968448277214531528e-01 2.518980331180108514e-02 6.036586833451257350e-01 8.486371880279320123e+01
5.949725994371456439e-01 -4.221775587712295330e-02 -8.026364402438113110e-01 -5.603825699966795071e+01 3.907423669431710732e-03 9.987596736750236071e-01 -4.963714598207082107e-02 -6.188069518376160261e+00 8.037364919413121367e-01 2.639650072017996757e-02 5.943996030379175011e-01 8.557354402165296392e+01
5.844831054347005006e-01 -4.438856506793125573e-02 -8.101908063822952366e-01 -5.702338033348160451e+01 4.239470593471020114e-03 9.986559524499724061e-01 -5.165574027792822071e-02 -6.270648820403619261e+00 8.113948096268809307e-01 2.675712696240497776e-02 5.838857174954404927e-01 8.629434510854335372e+01
5.744411047099656775e-01 -4.582698555347700792e-02 -8.172620708281068680e-01 -5.804538294168457924e+01 4.701138067586660765e-03 9.985998027420581735e-01 -5.269092180909189932e-02 -6.345886825267803566e+00 8.185324229785061467e-01 2.642576906223824060e-02 5.738522139768529318e-01 8.698484500820066501e+01
5.643246771477211654e-01 -4.709930308522911752e-02 -8.242082880064233175e-01 -5.904879793487549478e+01 8.243902833223029636e-03 9.986429428550264165e-01 -5.142286187245926482e-02 -6.424039398268913459e+00 8.255117854907818575e-01 2.222449640279687902e-02 5.639471395412563037e-01 8.766661985339059981e+01
5.542609660806252503e-01 -4.667288836990807210e-02 -8.310333389147515071e-01 -6.008212744735579491e+01 8.655397202684137273e-03 9.986958176700455603e-01 -5.031647681356370833e-02 -6.507172369886448315e+00 8.322979496167264291e-01 2.069553491117844674e-02 5.539420822703479130e-01 8.835304701923166704e+01
5.436778330986983265e-01 -4.750494128442376424e-02 -8.379484957765556130e-01 -6.113874123015933293e+01 9.364138597127088376e-03 9.986780674316066975e-01 -5.054137423232274440e-02 -6.588712643231450450e+00 8.392417638987191841e-01 1.963155845794071347e-02 5.434039716888969807e-01 8.903890660351450492e+01
5.337869555582920311e-01 -4.812914189126146769e-02 -8.442482210953468069e-01 -6.218224504104654926e+01 8.151138802996039934e-03 9.986254442715856161e-01 -5.177625865895189861e-02 -6.667623097860027492e+00 8.455797163889839929e-01 2.075590653656684062e-02 5.334455441356764638e-01 8.969513034734798396e+01
5.238227509430926077e-01 -4.901039864110125904e-02 -8.504161882812608653e-01 -6.325805858470522480e+01 7.605893542344290860e-03 9.985727611574618523e-01 -5.286389154290401654e-02 -6.747257507219437400e+00 8.517933363928874568e-01 2.122313359015489190e-02 5.234478998282785511e-01 9.033057776977628350e+01
5.141948815856929311e-01 -4.942693678621459807e-02 -8.562479713122788105e-01 -6.431574166384224611e+01 5.686500064422678712e-03 9.985125881290688454e-01 -5.422430302455216733e-02 -6.835281385585926017e+00 8.576545339423382597e-01 2.301280443243032200e-02 5.137111294893533797e-01 9.096501870842826065e+01
