7.776226995181795276e-01 -6.283705745177510238e-01 2.129221158760617391e-02 -6.595755510169369984e+01 6.274029231158729791e-01 7.777349198453215040e-01 3.865186307087570966e-02 2.571217699508770238e+01 -4.084738987644413732e-02 -1.669777031291562464e-02 9.990258631321109473e-01 -8.851866090682019017e-01 -4.809208017785018303e-24 -1.416202385148814181e-23 -3.430527606006730092e-24 9.999999999999997780e-01
7.495237657431355061e-01 -6.613967076892381947e-01 2.772218685575953551e-02 -6.555845807416741877e+01 6.606418344778350882e-01 7.500141988925204117e-01 3.211024754455276548e-02 2.608983281218614891e+01 -4.202964577522490253e-02 -5.752957278411209401e-03 9.990998010001617136e-01 -8.930543068592252665e-01 -4.809208017785018303e-24 -1.416202385148814181e-23 -3.430527606006730092e-24 9.999999999999997780e-01
7.211186029983989165e-01 -6.927162183925069661e-01 1.149787743983738883e-02 -6.520592803736920473e+01 6.923635453613250501e-01 7.211497463766092242e-01 2.399509024049645625e-02 2.648734315314116117e+01 -2.491347957099178737e-02 -9.342594764671547508e-03 9.996459545552771608e-01 -9.019889126132869528e-01 2.756064332277052301e-18 4.206465427652529275e-18 7.626223863288902698e-20 9.999999999999996669e-01
6.909935629600451046e-01 -7.227221247787212199e-01 -1.416426147423116913e-02 -6.487037667940015240e+01 7.228570275249769361e-01 6.909214102681185965e-01 1.026267951707092625e-02 2.690054313605314107e+01 2.369325966681476436e-03 -1.733018143136714345e-02 9.998470138506302396e-01 -9.077147597000465584e-01 5.822641370709473122e-18 8.397913316772299989e-18 1.673242124848456157e-19 9.999999999999993339e-01
6.562982347995774957e-01 -7.539636427712321787e-01 -2.848600319609259288e-02 -6.453062069818322755e+01 7.540142845586591536e-01 6.567634421020993596e-01 -1.114629084928192571e-02 2.732371676634820901e+01 2.711246356290919826e-02 -1.416356231089090263e-02 9.995320444198968479e-01 -9.274058588981658469e-01 9.705942294527298366e-18 1.389025043440183795e-17 2.000046679988275340e-19 9.999999999999990008e-01
6.189370228142331287e-01 -7.849458951170591448e-01 -2.787298923196207881e-02 -6.419352017974881619e+01 7.842374511074947652e-01 6.195631364998716029e-01 -3.336375534713049290e-02 2.776776267317549696e+01 4.345781943760129024e-02 -1.208978625565030642e-03 9.990545311945773221e-01 -9.384704073696881199e-01 1.480479645025989726e-17 1.976526751675026606e-17 1.041283200066797004e-19 9.999999999999986677e-01
5.861060942724106715e-01 -8.099284480923960583e-01 -2.226106977153726255e-02 -6.386862165515977807e+01 8.089700352356883339e-01 5.865048823472878148e-01 -3.974298772822410647e-02 2.825834711554986356e+01 4.524520248055582256e-02 5.285068914641268510e-03 9.989619310559669785e-01 -9.604848790011765169e-01 1.901956002300281226e-17 2.502113167543249883e-17 -1.484822954690872889e-19 9.999999999999984457e-01
5.573327164078126783e-01 -8.301364765910403953e-01 -1.592712951193115192e-02 -6.356615148522782732e+01 8.297919027295163064e-01 5.575602366173318947e-01 -2.391611815820742989e-02 2.876347026033010579e+01 2.873397616089653703e-02 1.130319963191676392e-04 9.995870876705834629e-01 -9.313709671143800550e-01 2.344816777729686118e-17 3.124990742337705956e-17 -4.291769377810667381e-19 9.999999999999983347e-01
5.286080387441148831e-01 -8.488294307072824507e-01 -7.882825650498524392e-03 -6.328405770697567334e+01 8.487898563912680272e-01 5.286622163829360899e-01 -8.487676736117298615e-03 2.927649937645464817e+01 1.137194189169876343e-02 -2.204208298871203429e-03 9.999329079510247409e-01 -8.760533337862548287e-01 2.780521391455896210e-17 3.668445481725175353e-17 -5.664073117724855671e-19 9.999999999999982236e-01
4.987588552979905221e-01 -8.667179973272490789e-01 -6.286284344735781210e-03 -6.301052045599966078e+01 8.667034907922431808e-01 4.987915607644751170e-01 -5.660208360468032066e-03 2.979423592879811977e+01 8.041350034359903004e-03 -2.625265543080256003e-03 9.999642216951853957e-01 -8.679148380599971402e-01 3.108447312471765553e-17 4.257712470707685900e-17 -6.069202791925696684e-19 9.999999999999981126e-01
4.712309216180355920e-01 -8.819994239757230625e-01 -4.293555343565913680e-03 -6.274830729887510472e+01 8.818794470933356555e-01 4.712393682482165502e-01 -1.490297310536864428e-02 3.031674683507649348e+01 1.516770600210169337e-02 3.236343538842838003e-03 9.998797261546692461e-01 -8.631102682186236885e-01 3.535516488601322128e-17 4.879528535482178112e-17 -6.258723819564040532e-19 9.999999999999978906e-01
4.457815064300924002e-01 -8.951255341498735030e-01 -5.396910023015597663e-03 -6.250022185281886067e+01 8.948738976569586834e-01 4.457874855270034797e-01 -2.177670865303639805e-02 3.085374426703686979e+01 2.189876291385113583e-02 4.878100080839702785e-03 9.997482924828869910e-01 -8.588143159578508490e-01 3.880764723917712604e-17 5.451480321890927621e-17 -6.825735945642849805e-19 9.999999999999974465e-01
4.226846195397331862e-01 -9.062585674429896043e-01 -5.755114308407239393e-03 -6.226101537398667318e+01 9.060165638322023041e-01 4.227068892840094017e-01 -2.128078507785113177e-02 3.141057871104373689e+01 2.171862026549634811e-02 3.780831653973444097e-03 9.997569738920407678e-01 -8.540524267348500453e-01 4.256603164320808836e-17 6.200986857431596278e-17 -7.658293663302379111e-19 9.999999999999970024e-01
4.030720317708189060e-01 -9.151543156073248531e-01 -5.051319570326350678e-03 -6.202898779653327210e+01 9.150467333378317081e-01 4.031023159775949938e-01 -1.407119970963421722e-02 3.198732706736325326e+01 1.491351775758586497e-02 1.049513584542433953e-03 9.998882365091278368e-01 -8.473756606951790005e-01 4.597057256377841787e-17 6.973682775321078412e-17 -8.379882603930211815e-19 9.999999999999965583e-01
3.858991120438233779e-01 -9.225382364550813730e-01 -2.253353523754123879e-03 -6.180152438380842739e+01 9.225235104020583776e-01 3.859056850795538618e-01 -5.212962569537744027e-03 3.257180600542669424e+01 5.678739230918469598e-03 -6.709397620847998148e-05 9.999838735795438804e-01 -8.431131291696123409e-01 4.910741902034523996e-17 7.872380085295913878e-17 -8.655537650988458627e-19 9.999999999999960032e-01
3.696027595403488797e-01 -9.291887594882299872e-01 1.431565872364035270e-03 -6.157695911609958728e+01 9.291881488789220933e-01 3.696045980331400527e-01 1.350961040614346437e-03 3.316152756755088404e+01 -1.784411142258510597e-03 8.308751142972088666e-04 9.999980627598350491e-01 -8.397325618839717176e-01 5.300172016962033870e-17 8.725519562848203365e-17 -8.592176334721585887e-19 9.999999999999956701e-01
3.555125807562130036e-01 -9.346696897598981701e-01 1.837380786159631754e-03 -6.136170678939004119e+01 9.346643329715332849e-01 3.555168654065093414e-01 3.216066296182237220e-03 3.375742143716529853e+01 -3.659179544953661007e-03 5.739822580714711020e-04 9.999931404511871458e-01 -8.407299275235080582e-01 5.775359870208950133e-17 9.714304301031008283e-17 -8.372435252263977028e-19 9.999999999999953371e-01
3.425099888871548370e-01 -9.395141092947603134e-01 3.820321352041175186e-04 -6.115736715325234485e+01 9.395115821006712054e-01 3.425099684687267221e-01 2.215535659871658430e-03 3.435770120783438841e+01 -2.212376826678008005e-03 -3.999194784830044564e-04 9.999974727234011151e-01 -8.456667757582185807e-01 6.242723763407533209e-17 1.062741039826930991e-16 -8.052460227394935051e-19 9.999999999999952260e-01
3.303435932126331798e-01 -9.438507387788912517e-01 -4.346645817437758651e-03 -6.096107424224691584e+01 9.438606564999927340e-01 3.303380377256833755e-01 1.960087488994861210e-03 3.497140989685678392e+01 -4.141675745382279272e-04 -4.750130318945372694e-03 9.999886322989752774e-01 -8.505433635994615882e-01 6.795474372975463291e-17 1.139539328944166374e-16 -7.706069717916938486e-19 9.999999999999948930e-01
3.199247053201015878e-01 -9.474144348126193327e-01 -7.353341722118212666e-03 -6.076570293960928382e+01 9.474429586701352823e-01 3.199163075616904273e-01 2.322977075332749095e-03 3.559826029817042325e+01 1.516319190702344400e-04 -7.710049593607052471e-03 9.999702656294471304e-01 -8.571080062627651763e-01 7.389846711984468321e-17 1.192289507253752122e-16 -7.246572739220205750e-19 9.999999999999944489e-01
3.118184298185464054e-01 -9.500952715222805711e-01 -9.393713666438274074e-03 -6.057048370794792902e+01 9.501416146747970748e-01 3.118075600969060779e-01 2.637712949459651048e-03 3.622771112013445105e+01 4.229523376661341880e-04 -9.747845781034285631e-03 9.999523991740557616e-01 -8.602870578865187134e-01 8.097629326862715389e-17 1.232204404257466067e-16 -6.805229456103017226e-19 9.999999999999937828e-01
3.057837060033258281e-01 -9.520367010159351828e-01 -1.106548966420771440e-02 -6.037319022381532818e+01 9.520992770590072096e-01 3.057846454809169945e-01 1.648396750741452617e-03 3.686866888303139689e+01 1.814322629500930055e-03 -1.103949757700080879e-02 9.999374169049995986e-01 -8.581158159859220147e-01 8.806140112685378546e-17 1.242984534330772274e-16 -6.374231738525984093e-19 9.999999999999930056e-01
3.012105444861378212e-01 -9.534721911702840336e-01 -1.276669711548742391e-02 -6.017320782438275018e+01 9.535550433517429036e-01 3.012140764761664924e-01 1.690985242134826179e-03 3.752048696435753072e+01 2.233201477237246012e-03 -1.268309100691769088e-02 9.999170725683557137e-01 -8.588532570814905176e-01 9.612939434866712700e-17 1.244140023222766671e-16 -5.643218885908010929e-19 9.999999999999921174e-01
2.978720897879780227e-01 -9.545196132942515010e-01 -1.282676739745151374e-02 -5.997405057135269857e+01 9.546022137342990987e-01 2.978808726157039510e-01 1.264619826783205296e-03 3.817457380898546404e+01 2.613744237165705354e-03 -1.262115550325239310e-02 9.999169339374259780e-01 -8.649305322067820656e-01 1.035507931495334943e-16 1.207942093160804157e-16 -5.179893635556230897e-19 9.999999999999907851e-01
2.956445627738560344e-01 -9.552248745806718455e-01 -1.182080727044057533e-02 -5.977064240871956713e+01 9.552888686526599393e-01 2.956732381728079950e-01 -7.166985086129984937e-04 3.883360594237237251e+01 4.179704606469372349e-03 -1.108039758671987979e-02 9.999298749705999301e-01 -8.672650767440140962e-01 1.115765160082606919e-16 1.186756598184267072e-16 -4.736963304706429624e-19 9.999999999999895639e-01
2.947859173486251372e-01 -9.554996137949149926e-01 -1.103408222849263515e-02 -5.956645058448702912e+01 9.555497159754852143e-01 2.948236877470457595e-01 -1.932211797080024031e-03 3.950244428158097065e+01 5.099336439387733115e-03 -9.974025312371447363e-03 9.999372558250556597e-01 -8.646799340577063786e-01 1.185585738298229448e-16 1.162099177463601603e-16 -4.415646969974069230e-19 9.999999999999884537e-01
2.944695090590837006e-01 -9.556005536901316377e-01 -1.073731910402052694e-02 -5.936021903432761349e+01 9.556496070524914677e-01 2.945020108077684995e-01 -1.547310772522442809e-03 4.018083028931454237e+01 4.640773097771173049e-03 -9.805478939007275865e-03 9.999411561726159192e-01 -8.635897441173038258e-01 1.250681862257201040e-16 1.137224183467157526e-16 -4.196519620233460535e-19 9.999999999999872324e-01
2.934127334872660975e-01 -9.559083658806187822e-01 -1.217225808546806148e-02 -5.915250527727523178e+01 9.559809642123885398e-01 2.934282017570555845e-01 5.352356494345885795e-04 4.087066970782018416e+01 3.060047566328673394e-03 -1.179349197614761903e-02 9.999257720730555521e-01 -8.645515548247101334e-01 1.304008831198250701e-16 1.119435427598922258e-16 -3.911822668097613258e-19 9.999999999999857891e-01
2.928882373928294314e-01 -9.560875133067202603e-01 -1.063707176884078932e-02 -5.894451448757653367e+01 9.561464166862920777e-01 2.928617193029095511e-01 4.005399472722221375e-03 4.156634430954537152e+01 -7.143212951051325713e-04 -1.134373244743138581e-02 9.999354026532134565e-01 -8.660013453345131174e-01 1.355373562600642009e-16 1.109702705600805510e-16 -3.734276607183040361e-19 9.999999999999842348e-01
2.923598200953997917e-01 -9.562861377865152779e-01 -6.523670060335469770e-03 -5.872703153872370052e+01 9.563043606281972364e-01 2.923319844293115199e-01 4.897011654513083213e-03 4.226802007879900458e+01 -2.775866947291367407e-03 -7.670303572316871689e-03 9.999667299494489070e-01 -8.722948676207600283e-01 1.404667799397857843e-16 1.084731051718736353e-16 -3.431808679832444376e-19 9.999999999999826805e-01
2.918100109957809662e-01 -9.564742662134433360e-01 -1.973715789175455471e-03 -5.850676965174465494e+01 9.564754908281017931e-01 2.918064535295576412e-01 1.905025898175038762e-03 4.296838204407009698e+01 -1.246165243361482041e-03 -2.443716406500771269e-03 9.999962376540750819e-01 -8.775476689186697543e-01 1.449964890919556279e-16 1.053762311645790712e-16 -3.035557553826352787e-19 9.999999999999811262e-01
2.914827079891300632e-01 -9.565760779087195687e-01 1.952332255006119502e-04 -5.828298890693063328e+01 9.565720404591481207e-01 2.914808711328674695e-01 -2.972065860030424344e-03 4.368216340501331274e+01 2.786100353029906645e-03 1.053060450085770931e-03 9.999955643444154996e-01 -8.779062792891196843e-01 1.505832691237515995e-16 1.008335242353744400e-16 -2.634115817576234214e-19 9.999999999999796829e-01
2.912378337923225424e-01 -9.566443719982820060e-01 -3.474146209279271001e-03 -5.806733105958068109e+01 9.566301614938286235e-01 2.912534519210914774e-01 -5.491890782821023421e-03 4.440593541911078290e+01 6.265643484944716755e-03 -1.724026674223497592e-03 9.999788844989382364e-01 -8.779196400609651230e-01 1.550163826375642153e-16 9.666446204663789025e-17 -2.282598658261225744e-19 9.999999999999780176e-01
2.909101263721206032e-01 -9.567014120964485446e-01 -9.680210056113244116e-03 -5.784929435257811292e+01 9.567020199963793825e-01 2.909822633279093851e-01 -7.111073297763847306e-03 4.514541126923217007e+01 9.619943297108031477e-03 -7.192393282978853941e-03 9.999278604828542028e-01 -8.790244164145148975e-01 1.602832705437066423e-16 9.240023781234536031e-17 -2.234022819574170305e-19 9.999999999999763522e-01
2.902931275125795740e-01 -9.569001055017408719e-01 -8.490477585577587902e-03 -5.762400966787237877e+01 9.568865955634376919e-01 2.903579366007225659e-01 -7.766072625086948081e-03 4.588040997031457380e+01 9.896633266781291668e-03 -5.869986680744763291e-03 9.999337977618044659e-01 -8.795704735992073697e-01 1.649846829432828244e-16 8.979518895680604016e-17 -2.461978068000848038e-19 9.999999999999745759e-01
2.897613560505981622e-01 -9.570915785894817951e-01 -3.750564319842263853e-03 -5.738963839026687452e+01 9.570623604976337129e-01 2.897823150857556929e-01 -7.605786104831173053e-03 4.662263292583715213e+01 8.366281040966840749e-03 -1.385661045580247747e-03 9.999640419960135196e-01 -8.812582203681865733e-01 1.696429784905443756e-16 8.741596739506576907e-17 -2.811897953250012691e-19 9.999999999999729106e-01
2.900707308638605930e-01 -9.569973545497201250e-01 -3.877432248763082717e-03 -5.716000018185276588e+01 9.569931801717886932e-01 2.900850184730893733e-01 -3.838640669576190868e-03 4.738662817778856606e+01 4.798353971359596917e-03 -2.597198914097210466e-03 9.999851150676999367e-01 -8.776396112369763136e-01 1.735688452332238070e-16 8.301020861991203335e-17 -2.827177625797898340e-19 9.999999999999712452e-01
2.912543196548058044e-01 -9.566293267661892807e-01 -5.590389358493625706e-03 -5.692961324306209292e+01 9.566456181144278315e-01 2.912475775159420466e-01 2.002481859101849955e-03 4.815933285188338431e+01 -2.874455147048849378e-04 -5.931252974850624408e-03 9.999823686511774001e-01 -8.755397895610522729e-01 1.774902810032099436e-16 7.948084926484923830e-17 -2.826489423025306225e-19 9.999999999999694689e-01
2.910570017956267685e-01 -9.566746983720011421e-01 -7.703453801525338152e-03 -5.669465026023282661e+01 9.566934355810862156e-01 2.910030378054752620e-01 7.409608901884262404e-03 4.894433939612733298e+01 -4.846856903430066081e-03 -9.526462234682240085e-03 9.999428756161239384e-01 -8.818528120336891485e-01 1.812456771522043673e-16 7.585414478768149732e-17 -2.711248733455725264e-19 9.999999999999676925e-01
2.908042946438567644e-01 -9.567764467238371040e-01 -3.419533752355291556e-03 -5.644914613795523906e+01 9.567512586347480807e-01 2.907640161786949062e-01 9.127759664707890339e-03 4.973009535400543513e+01 -7.738948091258851004e-03 -5.926034932484508175e-03 9.999524942678095218e-01 -8.983205580179663974e-01 1.846742713370597459e-16 7.398567757950716760e-17 -2.493901371992098577e-19 9.999999999999660272e-01
2.901933199704956889e-01 -9.569645119485444829e-01 2.599983743336321904e-03 -5.620465322172065470e+01 9.569333510267733489e-01 2.902048628839566935e-01 7.726529053183104831e-03 5.051302706686051636e+01 -8.148542030175200818e-03 2.458240383331006468e-04 9.999667698645384739e-01 -9.087303839113111126e-01 1.884626678724570009e-16 7.151736060104681396e-17 -1.978455702550272931e-19 9.999999999999644729e-01
2.893883857785111147e-01 -9.572105509995392225e-01 1.524215057345330729e-03 -5.596707446073695280e+01 9.571920158122898536e-01 2.893922769900966752e-01 5.962791605204577697e-03 5.130212471054637291e+01 -6.148743103985253484e-03 -2.665961540931688551e-04 9.999810607630159609e-01 -9.110265405283007878e-01 1.937782330419334771e-16 6.905231459980400727e-17 -1.346124850085154547e-19 9.999999999999628075e-01
2.900064622743093734e-01 -9.570030733902437081e-01 -6.431901790123164230e-03 -5.573912199993364425e+01 9.570192968053882199e-01 2.899757224507689690e-01 5.305273914647249539e-03 5.211085185097837069e+01 -3.212068073175215668e-03 -7.694017847688527922e-03 9.999652417499556023e-01 -9.203597152479123800e-01 1.992359139114659289e-16 6.587712529164605274e-17 -8.337011225428850193e-20 9.999999999999612532e-01
2.892693063795521713e-01 -9.572086182542667299e-01 -8.656184281497312366e-03 -5.549490686377065884e+01 9.572466810253392744e-01 2.892707125972788229e-01 1.116467405978942631e-03 5.290887839449840158e+01 1.435288372475216094e-03 -8.609063425930407396e-03 9.999619112617286198e-01 -9.307440350667656181e-01 2.042891294091596212e-16 6.602359719021359932e-17 -4.110975256918430963e-20 9.999999999999596989e-01
2.884509138132750894e-01 -9.574627510861221102e-01 -7.819885084859192967e-03 -5.524679539026127628e+01 9.574776696868743109e-01 2.884848558756842318e-01 -3.605548697743533176e-03 5.371036441938882433e+01 5.708096996982848885e-03 -6.447341531608509480e-03 9.999629240206060476e-01 -9.319898411207876432e-01 2.099471213261079348e-16 6.623027713138347259e-17 -2.661327018413350059e-20 9.999999999999580336e-01
2.885834988247351629e-01 -9.574046316363028497e-01 -9.794668309015359606e-03 -5.500326070866233152e+01 9.574282030974383684e-01 2.886365552838277559e-01 -4.491644189835962420e-03 5.452373063864344260e+01 7.127420271869520582e-03 -8.081477283258019575e-03 9.999419431172891226e-01 -9.278321029272179610e-01 2.165791827917081264e-16 6.654823754347784788e-17 -5.517701926612358007e-20 9.999999999999562572e-01
2.889061637097880553e-01 -9.572348119854247050e-01 -1.532133458845378292e-02 -5.476789457438210462e+01 9.573421574723902649e-01 2.889549245978479952e-01 -1.022289974197667642e-03 5.535168368674018780e+01 5.405746631987031620e-03 -1.437241363562244065e-02 9.998820988644749885e-01 -9.269873567786491853e-01 2.234751589151583041e-16 6.782941207408526263e-17 -7.975419276497244415e-20 9.999999999999545919e-01
2.889677901457264886e-01 -9.572593072353957622e-01 -1.233835359158264207e-02 -5.451942310373361522e+01 9.573388156769455648e-01 2.889425650469921170e-01 3.819175612188350100e-03 5.617950452751846058e+01 -9.086586552942302688e-05 -1.291560355160211414e-02 9.999165859851920635e-01 -9.277167137591891821e-01 2.305117026402342369e-16 6.670039978064590377e-17 -9.570300693732873627e-20 9.999999999999527045e-01
2.880506925897098336e-01 -9.575964515806656419e-01 -5.986185642587460443e-03 -5.426326758194931443e+01 9.575998005511789923e-01 2.880050365384854150e-01 7.464644186837231764e-03 5.700749749110913456e+01 -5.424065170913057628e-03 -7.882566105359483863e-03 9.999542212864575008e-01 -9.349800009277303703e-01 2.371597339348110204e-16 6.734493458275745226e-17 -8.912441424004961060e-20 9.999999999999508171e-01
2.876197766302328040e-01 -9.577019484605147071e-01 -9.046657169659135314e-03 -5.401597319729414437e+01 9.577137864991637217e-01 2.875218063749105935e-01 1.074774433868513727e-02 5.784648444394604638e+01 -7.692024483644492074e-03 -1.175537211908636928e-02 9.999013171236821318e-01 -9.446194809435908279e-01 2.436815513320460349e-16 6.462294710505723370e-17 -2.069430399369489680e-20 9.999999999999485967e-01
2.881238170956907374e-01 -9.575398271443587017e-01 -1.010670343845668402e-02 -5.376679664493724431e+01 9.575658170815048997e-01 2.880197795244577863e-01 1.059776201553609687e-02 5.867595932990339236e+01 -7.236848712415326970e-03 -1.273130138063504647e-02 9.998927652432828550e-01 -9.610383023783910517e-01 2.512465431062477128e-16 5.876929600124616850e-17 2.996476494394937594e-20 9.999999999999463762e-01
2.862906776644994489e-01 -9.581246103187847085e-01 -5.905843183342028221e-03 -5.351331282550155777e+01 9.581394578760634717e-01 2.862679278421371154e-01 4.410527174507856106e-03 5.950675898421160070e+01 -2.535181140124584311e-03 -6.921314199637576027e-03 9.999728337641611287e-01 -9.574237722270020345e-01 2.589442012064745068e-16 5.308871676897645352e-17 6.375589887573164375e-20 9.999999999999440448e-01
2.858857408207715056e-01 -9.582500144683850918e-01 -5.123764877616465013e-03 -5.326269935834037739e+01 9.582610993190925353e-01 2.858933621436675621e-01 -8.068543723686548690e-04 6.034509740854395687e+01 2.238018581687310771e-03 -4.679236404300290107e-03 9.999865479192661111e-01 -9.609402406522391527e-01 2.671034413439872678e-16 4.437674561481530037e-17 8.292806226925849212e-20 9.999999999999413802e-01
2.858413824590230190e-01 -9.582459200452656534e-01 -7.711082306307549816e-03 -5.301550692392780917e+01 9.582694183423580148e-01 2.858617765933419985e-01 -1.663295740699098808e-03 6.119392991528904702e+01 3.798150044888172743e-03 -6.913855602497659403e-03 9.999688858444212292e-01 -9.674164072169794126e-01 2.766951038296604893e-16 3.504405186525327456e-17 6.504528942408442118e-20 9.999999999999387157e-01
2.851053689126537005e-01 -9.584758480297214112e-01 -6.243185140653907846e-03 -5.276019700099860898e+01 9.584959244104707121e-01 2.851040088485907731e-01 1.125622940249000354e-03 6.203788439222666540e+01 7.010747093631067642e-04 -6.304988656295125102e-03 9.999798776036860071e-01 -9.701555365091800720e-01 2.864222888166842957e-16 2.487823562312874528e-17 8.015842181752988310e-21 9.999999999999360512e-01
2.843394658444957646e-01 -9.587212506141900015e-01 -2.152157949685052848e-03 -5.250208945769549018e+01 9.587177295285148615e-01 2.843290888379773618e-01 4.157442516611574608e-03 6.289028728068083751e+01 -3.373907380018149535e-03 -3.245436967563933468e-03 9.999890418838922601e-01 -9.697431215368769175e-01 2.961828670989993607e-16 1.627689268282165004e-17 -2.479093479294851729e-20 9.999999999999336087e-01
2.836486559748369607e-01 -9.589282731174791907e-01 -8.354282485105502031e-05 -5.225505747730775852e+01 9.589083303646271927e-01 2.836421928834710893e-01 6.474594474079462501e-03 6.374380439796403408e+01 -6.184975428130120439e-03 -1.916619931249499221e-03 9.999790361037440567e-01 -9.654980713309325724e-01 3.073422951010387460e-16 3.817201406165403655e-18 1.718404966857727568e-20 9.999999999999309441e-01
2.834442570323382760e-01 -9.589726673770799792e-01 -5.547646246435940925e-03 -5.201373861322979053e+01 9.589826994644201630e-01 2.834172488418147395e-01 5.181234109425394800e-03 6.459637256690227503e+01 -3.396363257513409801e-03 -6.788687825739876495e-03 9.999711888020594852e-01 -9.646789738658867464e-01 3.184740125516838427e-16 -1.099540633759477411e-17 1.019251884952686373e-19 9.999999999999282796e-01
2.835096182467745085e-01 -9.589605905371534345e-01 -4.108790332912099982e-03 -5.176116027394254360e+01 9.589689509947716406e-01 2.835109982021282171e-01 2.548066870208601773e-04 6.544536572780705797e+01 9.205376776241099533e-04 -4.012442501977127145e-03 9.999915264218617317e-01 -9.738715319775710366e-01 3.292217214163464965e-16 -2.430578646855969918e-17 9.359287706474880948e-20 9.999999999999256151e-01
2.830082793943870523e-01 -9.591133769878985582e-01 -2.800692216488119991e-03 -5.150859227540031071e+01 9.591078697738233405e-01 2.830173036573179202e-01 -3.646912185534010881e-03 6.629736211160974335e+01 4.290446621325856927e-03 -1.654059602921041042e-03 9.999894280214105535e-01 -9.864574922977092930e-01 3.399070827145860105e-16 -3.951945544139562433e-17 5.737012322543815792e-20 9.999999999999229505e-01
2.835455793274570535e-01 -9.589459380060991744e-01 -4.959075039726245152e-03 -5.125883493041317962e+01 9.589568446691520975e-01 2.835515586027538282e-01 -5.326125830205865773e-04 6.715493668748767675e+01 1.916900129756009567e-03 -4.604519009166819707e-03 9.999875618719217263e-01 -9.914725582203164356e-01 3.515074039215659469e-16 -5.267189220068905714e-17 7.065391379042273450e-21 9.999999999999205080e-01
2.838943101128447721e-01 -9.588437790040363895e-01 -4.756905569473218222e-03 -5.101120423125853875e+01 9.588467075460207489e-01 2.838668498948311303e-01 5.709900084431738035e-03 6.801795391186567485e+01 -4.124574375444450478e-03 -6.182151388682552602e-03 9.999723840638742312e-01 -9.832593795045644347e-01 3.627344219904762420e-16 -6.701613371377434447e-17 -6.064654011020198535e-20 9.999999999999177325e-01
2.832065957223986463e-01 -9.590524866937538695e-01 -3.514527797427957796e-03 -5.075750906664760720e+01 9.590251051046796427e-01 2.831639314392504492e-01 9.435873614114053884e-03 6.887568005221615408e+01 -8.054310545478690284e-03 -6.042822034244561824e-03 9.999493049067315065e-01 -9.791987759445808237e-01 3.737821192776067835e-16 -7.969791700623689572e-17 -7.427891267364213949e-20 9.999999999999145128e-01
2.832354176941523916e-01 -9.590428628907018416e-01 -3.805956095890805375e-03 -5.050927230945814728e+01 9.590091082373316533e-01 2.831841567715370767e-01 1.040498301154054415e-02 6.972304836658615557e+01 -8.901038227999825622e-03 -6.597006270887751343e-03 9.999386236298096753e-01 -9.858804579517596034e-01 3.847557751531002369e-16 -8.970542826769847113e-17 -4.704838670455945557e-20 9.999999999999112932e-01
2.835764716420283160e-01 -9.589389849226218621e-01 -4.517513298648844280e-03 -5.025532315428893781e+01 9.588947460741735762e-01 2.835066975647727583e-01 1.203405115931828473e-02 7.058800938550884041e+01 -1.025917552672629164e-02 -7.744393534716421772e-03 9.999173834303715092e-01 -1.004020371347831508e+00 3.967066478741472644e-16 -1.029892883008225419e-16 -6.377219074138663115e-21 9.999999999999078515e-01
2.836534639103094890e-01 -9.589006067022720625e-01 -7.094989603043239806e-03 -5.001119017717641668e+01 9.588780838911453719e-01 2.835566523623572754e-01 1.218380623386877346e-02 7.144559911740593350e+01 -9.671227689222594917e-03 -1.025920887764495554e-02 9.999006030541905954e-01 -1.017694637561860516e+00 4.078888341546932574e-16 -1.176392716246630603e-16 1.937711939847278601e-20 9.999999999999044098e-01
2.838166037862480673e-01 -9.588305317482710421e-01 -9.599312596902944208e-03 -4.976556777830141698e+01 9.588613234830367649e-01 2.837372096029706081e-01 8.840713496524529869e-03 7.229265656312095700e+01 -5.753063852561833731e-03 -1.171355086082687645e-02 9.999148438654571480e-01 -1.028448075199754896e+00 4.194387646819301918e-16 -1.329972076369062446e-16 5.945061301371368588e-21 9.999999999999006350e-01
2.837880758927962543e-01 -9.588399401286192836e-01 -9.502483621252491228e-03 -4.951449907068825240e+01 9.588847733937497786e-01 2.837949529555189310e-01 6.450043753172626402e-04 7.312988610059369421e+01 2.078300935636197798e-03 -9.294831404459134513e-03 9.999546423585032873e-01 -1.021716711040268954e+00 4.317226499517220167e-16 -1.476523794534028231e-16 -7.655809413629019506e-20 9.999999999998967493e-01
2.834829341626523003e-01 -9.589344210808659064e-01 -9.066537630033575171e-03 -4.926183031133713541e+01 9.589379927076652210e-01 2.835442307948516927e-01 -6.371446052946443464e-03 7.397337528321679656e+01 8.680563370505680471e-03 -6.888051173808112070e-03 9.999385994002495393e-01 -1.019725222491890237e+00 4.450725055588088456e-16 -1.616852009134825841e-16 -2.281874734539441340e-19 9.999999999998927525e-01
2.835795989672840189e-01 -9.589021789354628122e-01 -9.445754714785504005e-03 -4.900805899699390267e+01 9.589137800513700682e-01 2.836395767706940130e-01 -5.740463134024945992e-03 7.483024101451292154e+01 8.183732476891454263e-03 -7.429786125563311340e-03 9.999389105344415052e-01 -1.018208155053586639e+00 4.582948364405677075e-16 -1.775721772416794813e-16 -4.445153646786290703e-19 9.999999999998887557e-01
2.838400180323975008e-01 -9.588378999411637515e-01 -8.045234585742125008e-03 -4.875772169256364919e+01 9.588694102841928135e-01 2.838475045947245756e-01 2.194462423675885767e-04 7.568656617590521307e+01 2.073206386853547641e-03 -7.776616968222833590e-03 9.999676124973918556e-01 -1.011322442682238254e+00 4.720978420589353581e-16 -1.895831362358717905e-16 -6.660100301927725287e-19 9.999999999998849809e-01
2.835429373896445338e-01 -9.589321954713305729e-01 -7.242040094790823564e-03 -4.850634239547984805e+01 9.589461815107622744e-01 2.834910375342120648e-01 7.419744184796143484e-03 7.654587736150141097e+01 -5.061978120634134590e-03 -9.048542756087641845e-03 9.999462486811084849e-01 -1.008775118904661205e+00 4.867947387119068954e-16 -2.020049519638420078e-16 -8.174994759319096686e-19 9.999999999998810951e-01
2.834053813557989021e-01 -9.589737183865298942e-01 -7.127219810774943452e-03 -4.825619291816047962e+01 9.589559296240574016e-01 2.833130584925453443e-01 1.171477385718824871e-02 7.739995423222488569e+01 -9.214925802755485895e-03 -1.015471965177328420e-02 9.999059789856066249e-01 -1.014195815925839295e+00 5.014614283910934396e-16 -2.114272007429466391e-16 -8.853032506857361895e-19 9.999999999998772093e-01
2.832836897990399505e-01 -9.590103860480374554e-01 -7.030685996105606912e-03 -4.800542570027330669e+01 9.589920500459276909e-01 2.831927402222047530e-01 1.166704050800850337e-02 7.825159295767333845e+01 -9.197773788754248780e-03 -1.004745426078143544e-02 9.999072205060464125e-01 -1.024488968125704780e+00 5.162834234234638025e-16 -2.192932134775700644e-16 -8.654757010000726509e-19 9.999999999998735456e-01
2.839305563754583872e-01 -9.587904775632353216e-01 -1.021074385749877814e-02 -4.775973514405924192e+01 9.588257646830568026e-01 2.838416245548723293e-01 9.331942459749295246e-03 7.910048852800062491e+01 -6.049143443158924369e-03 -1.243994790181278225e-02 9.999043232028363981e-01 -1.034001142690374353e+00 5.309299525405799316e-16 -2.260344140939387111e-16 -8.346795978918665844e-19 9.999999999998698819e-01
2.842023779305966058e-01 -9.586804453883538413e-01 -1.268116746664228224e-02 -4.751049669354491556e+01 9.587573259324783104e-01 2.841249498095528847e-01 7.576467949832707202e-03 7.995024253619956767e+01 -3.660375598639092291e-03 -1.431141241768057841e-02 9.998908866096365422e-01 -1.041302947494098907e+00 5.465087315833462030e-16 -2.347650207807462638e-16 -9.117388135386659151e-19 9.999999999998658851e-01
2.834545247976003046e-01 -9.589034461228312933e-01 -1.255839899259558919e-02 -4.725786285828942113e+01 9.589810937877070174e-01 2.833883680216549017e-01 6.804015566689913808e-03 8.080653765697564950e+01 -2.965489778905316086e-03 -1.397189620131689819e-02 9.998979907904742559e-01 -1.044805097581771314e+00 5.619625646021390833e-16 -2.444865997937603782e-16 -1.085810726591253466e-18 9.999999999998619993e-01
2.825420487001907288e-01 -9.591756546947027839e-01 -1.233102416736269261e-02 -4.700551654796107215e+01 9.592452216989113545e-01 2.824580611957100418e-01 8.127011347664414576e-03 8.166185202818692801e+01 -4.312234251246716867e-03 -1.412469844717902448e-02 9.998909428179927339e-01 -1.048944296289952227e+00 5.774801747283380336e-16 -2.535982016022949733e-16 -1.312555958104527892e-18 9.999999999998580025e-01
2.824120074140065717e-01 -9.591970450799832681e-01 -1.358259098792481169e-02 -4.675795582181252286e+01 9.592611296662519882e-01 2.822584652392046145e-01 1.217554566809106106e-02 8.251827975293487327e+01 -7.844946140857050193e-03 -1.646777186836140966e-02 9.998336208138098868e-01 -1.050088620405612572e+00 5.927781260495983499e-16 -2.609061824999503318e-16 -1.469240149530636250e-18 9.999999999998540057e-01
2.821551225437166632e-01 -9.592777187521697169e-01 -1.321911977767578281e-02 -4.650797200930085040e+01 9.593226537736045945e-01 2.819796270353591705e-01 1.369437453309302333e-02 8.337198953641754429e+01 -9.409185897210615296e-03 -1.654533899021917026e-02 9.998188430802675830e-01 -1.055775733237910519e+00 6.076920067579587325e-16 -2.661257060070433954e-16 -1.594253353239372559e-18 9.999999999998498978e-01
2.812140895418485664e-01 -9.595704100029202044e-01 -1.196929779468924697e-02 -4.625380819139093802e+01 9.596046280924902527e-01 2.810658804343388328e-01 1.268576364394205860e-02 8.422440064708915486e+01 -8.808722198185047966e-03 -1.505320903207947418e-02 9.998478920870842446e-01 -1.062294129712135327e+00 6.225622568934121032e-16 -2.728690294145654289e-16 -1.688829682914656692e-18 9.999999999998457900e-01
2.805960385993747641e-01 -9.597286676333500743e-01 -1.366556419517307198e-02 -4.601259964992242857e+01 9.597977650922580040e-01 2.804502400809492091e-01 1.165817149184975206e-02 8.507743776969066118e+01 -7.356170633548767684e-03 -1.638741471118130427e-02 9.998386566804701170e-01 -1.077756803757303983e+00 6.365622271430624566e-16 -2.812940313068369305e-16 -1.825623073472103536e-18 9.999999999998413491e-01
2.798471104602556214e-01 -9.599519677650802940e-01 -1.333470474789870235e-02 -4.576643246028847045e+01 9.600204231232020158e-01 2.797145424017658533e-01 1.098007082902355096e-02 8.593483368365487252e+01 -6.810429761913028117e-03 -1.587432998845641000e-02 9.998508007166805323e-01 -1.091173742444369710e+00 6.503900071857110137e-16 -2.897404718563713105e-16 -2.002120097558994932e-18 9.999999999998365752e-01
2.784095603505582495e-01 -9.604190597818564878e-01 -9.129420182013452123e-03 -4.551276740576429347e+01 9.604469426677054722e-01 2.783384755377132924e-01 8.328466587231270202e-03 8.677745582886086595e+01 -5.457749153142025557e-03 -1.108704842309469855e-02 9.999236422504244048e-01 -1.093003585384861420e+00 6.651873774631629038e-16 -2.984919414716986489e-16 -2.182819656609897889e-18 9.999999999998320233e-01
2.770907046213476610e-01 -9.607407753650571980e-01 -1.406783434321819647e-02 -4.527307977355157220e+01 9.608432383091376483e-01 2.770455170659542610e-01 5.104201148773390359e-03 8.762454217221180386e+01 -1.006383729689402885e-03 -1.493131019918218089e-02 9.998880153134306337e-01 -1.094400918903346565e+00 6.789800003774347804e-16 -3.075034758536348488e-16 -2.401564669604251827e-18 9.999999999998269162e-01
2.763862458620360285e-01 -9.608053811164446456e-01 -2.153282878970678993e-02 -4.504149062158803929e+01 9.610378087401535430e-01 2.764103731815232834e-01 1.906769435291378895e-03 8.847768886261049204e+01 4.119862907428978489e-03 -2.122086744198562955e-02 9.997663234549052369e-01 -1.104082167558301908e+00 6.941488671416677786e-16 -3.139233506766063133e-16 -2.690277130068445224e-18 9.999999999998220312e-01
2.750660023917829711e-01 -9.611525427052086679e-01 -2.290161520999679096e-02 -4.480553969092748900e+01 9.614110293730742107e-01 2.751138495315267329e-01 1.096538125319940172e-03 8.932654405416082000e+01 5.246611113576040916e-03 -2.231948581195521489e-02 9.997371222600539564e-01 -1.106632276978669616e+00 7.092074120243391727e-16 -3.210736088534608333e-16 -3.119755745738744207e-18 9.999999999998170352e-01
2.737726094098343332e-01 -9.615572907210983011e-01 -2.135731719438668103e-02 -4.456531531467216212e+01 9.617917579321825228e-01 2.737568480565212847e-01 3.715173750503488782e-03 9.018124012054038019e+01 2.274359431973627978e-03 -2.155840446119510617e-02 9.997650036314328359e-01 -1.094572305330618667e+00 7.244738881857852890e-16 -3.293656138288830992e-16 -3.555304992407577915e-18 9.999999999998120392e-01
2.732889589810192366e-01 -9.617538595152919090e-01 -1.851104011719598499e-02 -4.432699494516462835e+01 9.619300774180237212e-01 2.731994806871078096e-01 7.250511083378595109e-03 9.103524988626493553e+01 -1.916000470916040055e-03 -1.978781087908425620e-02 9.998023662117938581e-01 -1.085153965185654767e+00 7.369983321346090451e-16 -3.370783647535353445e-16 -3.933174330261131942e-18 9.999999999998072653e-01
2.722244495163895217e-01 -9.620373016400809441e-01 -1.944426234853240121e-02 -4.409501293855789328e+01 9.622246251199957356e-01 2.720781221189951249e-01 9.862366704340841742e-03 9.189149030382996841e+01 -4.197606266266656720e-03 -2.139452539607426471e-02 9.997622989414024497e-01 -1.089247657510078238e+00 7.508124835047948277e-16 -3.442077626169209547e-16 -4.218808182384404960e-18 9.999999999998024913e-01
2.713194109522356623e-01 -9.623294837971217985e-01 -1.754257264494957225e-02 -4.386431617239592384e+01 9.624754193779980760e-01 2.711722978508555593e-01 1.032724414181772007e-02 9.274198982931797275e+01 -5.181151789711927087e-03 -1.968627676074023725e-02 9.997927816169283055e-01 -1.098113843278676338e+00 7.640035745011314998e-16 -3.515511877230315339e-16 -4.468873346638191592e-18 9.999999999997978284e-01
2.698813966256127794e-01 -9.627891811982776105e-01 -1.417830464699134339e-02 -4.362796326460536278e+01 9.628717580878537463e-01 2.697469090396313329e-01 1.070432344929999127e-02 9.359663871773830124e+01 -6.481452955102036048e-03 -1.654078688458948676e-02 9.998421841154275791e-01 -1.110891975577443347e+00 7.787353951887168766e-16 -3.590032383321763452e-16 -4.737487615623853210e-18 9.999999999997931655e-01
2.689761828859174586e-01 -9.630423755997237212e-01 -1.418435190848300886e-02 -4.340148275876961748e+01 9.631099074878350930e-01 2.688077539104414826e-01 1.271603462323401407e-02 9.444819205460755995e+01 -8.433216414591000742e-03 -1.708140030876315399e-02 9.998185368476979473e-01 -1.115547330916030200e+00 7.965635926675718199e-16 -3.661148298110699482e-16 -4.875644323260352906e-18 9.999999999997886135e-01
2.685844535083732887e-01 -9.630688943214218423e-01 -1.899200157491787166e-02 -4.318300589345687968e+01 9.632190715546498083e-01 2.683489398296575734e-01 1.406650936954930396e-02 9.529807170860507881e+01 -8.450534137639294924e-03 -2.207150385575354021e-02 9.997206795851554251e-01 -1.114256914807763232e+00 8.145118375680190983e-16 -3.745133628468867244e-16 -5.019654281257708899e-18 9.999999999997837286e-01
2.683250794588956101e-01 -9.630384542978144280e-01 -2.363445105666578741e-02 -4.296495575141635470e+01 9.633002126938753351e-01 2.680486954851018511e-01 1.423365985335543239e-02 9.615052990411118117e+01 -7.372378009948145350e-03 -2.658631964093695690e-02 9.996193353723682451e-01 -1.118518761306831033e+00 8.327974929928299064e-16 -3.835594167023866544e-16 -5.213894966270493797e-18 9.999999999997787326e-01
2.687350744168832128e-01 -9.628575243422756724e-01 -2.620777738207857518e-02 -4.273851955498490440e+01 9.632003336913301794e-01 2.684861090716038623e-01 1.266200665995039984e-02 9.699875825768820903e+01 -5.155284209093401876e-03 -2.864606522176023004e-02 9.995763232449520475e-01 -1.127841060705568665e+00 8.498806676412363698e-16 -3.880295375854732277e-16 -5.422981035972223280e-18 9.999999999997739586e-01
2.702623890527561246e-01 -9.623884289283540783e-01 -2.769030386253565346e-02 -4.250490632992643469e+01 9.627743855902504144e-01 2.700016343288088594e-01 1.282964969306412892e-02 9.784408336127876282e+01 -4.870679113880669805e-03 -3.012688706482288814e-02 9.995342151025202737e-01 -1.141489917024005152e+00 8.684153453404294413e-16 -3.919615867215183085e-16 -5.704562284043247683e-18 9.999999999997691846e-01
2.714186127072642507e-01 -9.620837183174446583e-01 -2.696026009200232568e-02 -4.226608140999648100e+01 9.624299097785811163e-01 2.710766550220745641e-01 1.568808037321331103e-02 9.869610766113522970e+01 -7.784949574477748567e-03 -3.020539769889616505e-02 9.995133958631209348e-01 -1.153277130113960158e+00 8.881776655391091149e-16 -3.981864041149224935e-16 -6.065550629909111399e-18 9.999999999997641886e-01
