1.000000000000000000e+00 4.398956837314658088e-19 2.733407509747682871e-20 -8.673617379884035472e-19 -5.583667658079949532e-19 1.000000000000000000e+00 -6.100159232558060012e-19 0.000000000000000000e+00 4.145284534913582806e-20 -2.210423569125054137e-19 1.000000000000000222e+00 0.000000000000000000e+00
9.998955809184743027e-01 3.449574670591686412e-04 1.444673942742914600e-02 -5.312317974388959529e-02 -3.409915568784606236e-04 9.999999035031955641e-01 -2.769820341109758698e-04 -8.631053280736475375e-03 -1.444683383081907246e-02 2.720269113678298097e-04 9.998956020389845323e-01 3.603966832468741277e-02
9.992934932441994711e-01 3.971674920114566694e-03 3.737298728883741566e-02 4.626317537272989222e-02 -3.956990214223788521e-03 9.999920620960905948e-01 -4.668841415594145649e-04 6.125123314515076856e-03 -3.737454558553379713e-02 3.186697745740812472e-04 9.993012767746992653e-01 2.820179508527209111e-01
9.979629634714922704e-01 5.200467220452423961e-03 6.358363538756767186e-02 2.309317062743382679e-02 -5.258890800755913406e-03 9.999858895481080756e-01 7.515198013235622728e-04 2.165831778916160744e-03 -6.357883104004966035e-02 -1.084368277835378669e-03 9.979762303632380149e-01 4.261360120496823223e-01
9.953214800398602069e-01 4.654880991915790085e-03 9.650639056039854446e-02 8.088550667011404349e-02 -4.919818734195731402e-03 9.999847537648941520e-01 2.507514722685066921e-03 4.889989176938183690e-03 -9.649324868719506842e-02 -2.970577154054554123e-03 9.953292061703417071e-01 5.800061638584742552e-01
9.908838497704753889e-01 1.779185556346186319e-03 1.347072033437946292e-01 1.800786727712967994e-01 -2.427700679284461229e-03 9.999862411084092795e-01 4.650146947517040490e-03 6.017263556728352780e-03 -1.346970787756676391e-01 -4.934784199434509924e-03 9.908745354488384116e-01 8.017530761583868681e-01
9.848127046808634599e-01 -1.678209474674677119e-03 1.736119812496440817e-01 2.241944008881374684e-01 7.274015057756271331e-04 9.999843889250745743e-01 5.540107436754028621e-03 -1.125696401475845265e-02 -1.736185714419803960e-01 -5.329682457999914552e-03 9.847985511853789564e-01 9.526243951667670018e-01
9.760973061376428950e-01 -1.934702500971536556e-03 2.173253444969703574e-01 3.173891286949358514e-01 5.358434160972848142e-04 9.999787607682463220e-01 6.495450830924149634e-03 -6.355732263376642766e-03 -2.173332991958861204e-01 -6.223739555457607694e-03 9.760776109744854212e-01 1.189960510796338244e+00
9.643480956527583636e-01 -1.937378518489329829e-03 2.646299229579529011e-01 4.288021252057016008e-01 -6.355680553549159471e-04 9.999533625678141968e-01 9.636842888519080857e-03 8.208263800710130509e-03 -2.646362560837637323e-01 -9.461461250166541131e-03 9.643018892283337085e-01 1.391942732792119664e+00
9.498578004565032540e-01 -5.633349476848728207e-03 3.126314491862579592e-01 5.625308378211805183e-01 4.762017365062496408e-04 9.998625974590296117e-01 1.656983486673188274e-02 1.939702112034359660e-02 -3.126818419010041761e-01 -1.559011110620220179e-02 9.497299697562856524e-01 1.644277192213432048e+00
9.331123681735674635e-01 -1.534973655372598791e-02 3.592571394015638409e-01 6.766419091304473055e-01 7.007946690520397079e-03 9.996750109745685675e-01 2.451042825366934672e-02 -2.214647119296142552e-03 -3.595166195960302624e-01 -2.035332870823707702e-02 9.329166865299346467e-01 1.838366218040253131e+00
9.118893254627949974e-01 -2.105663330333557709e-02 4.098956866696978896e-01 8.408795043622983023e-01 9.808012515053506422e-03 9.995158892000832740e-01 2.952609178162281592e-02 -6.308161214674146144e-03 -4.103189789110462393e-01 -2.290426570040949086e-02 9.116543931445794113e-01 2.077128935356251649e+00
8.869204589093958591e-01 -2.289898659426577512e-02 4.613542379838106999e-01 1.046552459780515809e+00 8.359939264661461408e-03 9.994026378842848501e-01 3.353324877697200918e-02 -4.301022542639670876e-03 -4.618465278265613816e-01 -2.588443076758695921e-02 8.865820797227705885e-01 2.309594723651303028e+00
8.585654902897109642e-01 -2.504535303374662639e-02 5.120918133393521643e-01 1.213282968684214591e+00 6.661189838923380936e-03 9.992667488105853035e-01 3.770402152098726450e-02 2.864622955294875151e-02 -5.126606407874194637e-01 -2.896023069884375370e-02 8.581027772613940563e-01 2.541527022583240925e+00
8.265283206598548205e-01 -3.035253610551132131e-02 5.620761993927452238e-01 1.445308333015623337e+00 7.799494616125059523e-03 9.990668195328521461e-01 4.248126590943390735e-02 2.332475028000548234e-02 -5.628411047364150210e-01 -3.072805880274402310e-02 8.259937542352573381e-01 2.771818317540316823e+00
7.906332646269681463e-01 -3.602211366005467902e-02 6.112294515558928110e-01 1.669135750810336827e+00 9.831217115706381710e-03 9.988860768684618696e-01 4.615140910449847672e-02 2.534037246435011381e-02 -6.122110708069766760e-01 -3.047970946809585788e-02 7.901067003143239509e-01 2.964401105377860723e+00
7.529491397040478651e-01 -4.056996045368590348e-02 6.568269670171572594e-01 1.922135235522005825e+00 1.108604280664700521e-02 9.987382217115651217e-01 4.898024189649782117e-02 3.587007201103185883e-02 -6.579853348524271617e-01 -2.959801873438825878e-02 7.524488442306040969e-01 3.171157368455135739e+00
7.129080722614957732e-01 -4.372437931668826661e-02 6.998930285588852440e-01 2.244049520371981021e+00 1.198475112058724340e-02 9.986681730756097330e-01 5.018212602685270807e-02 4.566864075867601430e-02 -7.011550866067103316e-01 -2.738719851163737284e-02 7.124826269246762322e-01 3.426683742594536675e+00
6.712971238487518422e-01 -4.562348413364834127e-02 7.397828468382295908e-01 2.519652929472083080e+00 1.107687894262469018e-02 9.986097936775721884e-01 5.153428635596966206e-02 5.311362370965160007e-02 -7.411055825501182692e-01 -2.640033266252650099e-02 6.708692471220385478e-01 3.599811036170495360e+00
6.288323002747477908e-01 -4.607345125199306668e-02 7.761747003857342175e-01 2.874487923529625899e+00 7.063277093795133736e-03 9.985401592868443643e-01 5.355054022488475729e-02 8.392273663782548465e-02 -7.775088805982451889e-01 -2.819197187696627360e-02 6.282397337516069102e-01 3.834501881104813492e+00
5.868611322548897835e-01 -4.687636375080929396e-02 8.083295165733448417e-01 3.207300926017578657e+00 4.123512306110249312e-03 9.984827973814234259e-01 5.490992563478865746e-02 1.002962742527178652e-01 -8.096771085545257929e-01 -2.889134386117589437e-02 5.861640391438238673e-01 4.043136305582009982e+00
5.469188964995310709e-01 -4.791897760170303611e-02 8.358130657160331989e-01 3.576754654856222349e+00 1.948891962312965980e-03 9.984307208022160651e-01 5.596693250950431076e-02 1.183815563933520165e-01 -8.371833343134018612e-01 -2.898046301331920482e-02 5.461540157969191345e-01 4.241975293145800130e+00
5.082971678321643871e-01 -5.053231774149007788e-02 8.596978898950127235e-01 4.011545614046240438e+00 1.190270657088271164e-03 9.983172386261451869e-01 5.797649758711768270e-02 1.315812246038859656e-01 -8.611809251757096551e-01 -2.844601572957992236e-02 5.075019709275232493e-01 4.449042684906537204e+00
4.708198695231980424e-01 -5.040480116917320230e-02 8.807882797037659417e-01 4.420128792600944045e+00 -1.704501592069617268e-03 9.983127163755504130e-01 5.804149340834832693e-02 1.560216489026703679e-01 -8.822277252474441944e-01 -2.882839273618288678e-02 4.699395465746901146e-01 4.641210206838094265e+00
4.346479249029478464e-01 -4.971311755658386344e-02 8.992273204799422492e-01 4.869731141892086335e+00 -2.959940472478632054e-03 9.983910719349858853e-01 5.662602049276620891e-02 1.809149685470435309e-01 -9.005955999901171793e-01 -2.727404096563615724e-02 4.338014585345910112e-01 4.818403743933107108e+00
4.014082364393182223e-01 -4.842022937873575322e-02 9.146184423916897677e-01 5.391968194265871261e+00 -1.957892106934976204e-03 9.985539527873148469e-01 5.372308625734027038e-02 1.960099393331784512e-01 -9.158971609396621139e-01 -2.335561281018926072e-02 4.007329783157697056e-01 5.001194735100633615e+00
3.712987055919371171e-01 -4.680296582550745599e-02 9.273331328237995885e-01 5.873927266712295925e+00 1.115624479311155121e-04 9.987310339462371900e-01 5.036178464279978534e-02 2.196225347768178682e-01 -9.285134755035041598e-01 -1.859580910771498757e-02 3.708327602963523151e-01 5.197287888402330580e+00
3.454994707489160710e-01 -4.487687062340867811e-02 9.373452765433194500e-01 6.427148512729734975e+00 9.676578230664207051e-04 9.988723899813590767e-01 4.746590501470850793e-02 2.415970818394389541e-01 -9.384184541313715933e-01 -1.549241474527641819e-02 3.451533062287614473e-01 5.377680151311612811e+00
3.248440978175187177e-01 -4.424179062280407526e-02 9.447322165948267569e-01 7.004991844646283106e+00 1.917756540450546790e-03 9.989340360240862582e-01 4.612064450813502248e-02 2.668620394172015464e-01 -9.457656423464144702e-01 -1.317025191263123188e-02 3.245826693736174051e-01 5.548535861422371873e+00
3.103995184235097127e-01 -4.480351813412081913e-02 9.495497714947007672e-01 7.589871668841503549e+00 3.312123450492799031e-03 9.989336018187107147e-01 4.605093876085845223e-02 2.973194469891460301e-01 -9.506004338642275453e-01 -1.114916226776157225e-02 3.102169023965014594e-01 5.739783242409541408e+00
2.983237841748911934e-01 -4.635197722486979893e-02 9.533385540735260788e-01 8.211901469205741932e+00 4.114386272282715730e-03 9.988732770543012895e-01 4.727841129657840702e-02 3.144982062305633486e-01 -9.544558700098469961e-01 -1.018187061226766450e-02 2.981783645272956806e-01 5.941646517364686630e+00
2.878133303787267505e-01 -4.836645074332555222e-02 9.564644049110068158e-01 8.831126690845184868e+00 3.204590350218998983e-03 9.987669349538514929e-01 4.954129797442555216e-02 3.430032507352531179e-01 -9.576811754052783066e-01 -1.119356846701120844e-02 2.876134311449276559e-01 6.101365099665473579e+00
2.774151304916142591e-01 -4.996495238982514436e-02 9.594500160806129774e-01 9.503601876920996006e+00 1.477353207990181978e-03 9.986677668581140921e-01 5.158012047513668707e-02 3.750034405773334245e-01 -9.607490198584180963e-01 -1.289165841178512885e-02 2.771193634019357699e-01 6.275268831973028760e+00
2.667538999441617098e-01 -5.159714796372317364e-02 9.623824995939306293e-01 1.020140088589891825e+01 7.346865997578844350e-04 9.985764586056636860e-01 5.333400899541809737e-02 4.055463097567819086e-01 -9.637644076973582719e-01 -1.352000449217848933e-02 2.664120711132822450e-01 6.484448809817135562e+00
2.568439928517404214e-01 -5.362759169597092201e-02 9.649638485368530194e-01 1.090303788701528731e+01 -1.879646414913871552e-04 9.984565026948087896e-01 5.553896700569142808e-02 4.305276874611653204e-01 -9.664528672038120716e-01 -1.444622825129481675e-02 2.564374734010985146e-01 6.671698652640026594e+00
2.464499466961893870e-01 -5.532247082489520629e-02 9.675752333185861920e-01 1.162203386080533285e+01 -5.655640178924026826e-04 9.983610466712375953e-01 5.722674711822964277e-02 4.632264396781104465e-01 -9.691553644846121474e-01 -1.465075363340511208e-02 2.460147369844932763e-01 6.858407971886663290e+00
2.353978852315735670e-01 -5.655676990576557345e-02 9.702521071542122844e-01 1.240720125444798327e+01 -1.386918352990893465e-03 9.982848444335928884e-01 5.852730807380776556e-02 4.894703560292978373e-01 -9.718981061625653339e-01 -1.512286412303863979e-02 2.349157002603055877e-01 7.030181934032665225e+00
2.258187289144371612e-01 -5.938593381850684749e-02 9.723575455981958715e-01 1.316810425056528544e+01 -2.452187372940786963e-03 9.981023596602759396e-01 6.152776913173307882e-02 5.226717015588815407e-01 -9.741662615738939657e-01 -1.627852463883368295e-02 2.252445793893857739e-01 7.217164581770132870e+00
2.143319787396554821e-01 -6.305955288586441443e-02 9.747231809738348129e-01 1.394825287464499119e+01 -4.224106331583475996e-03 9.978446633475466232e-01 6.548423252139369544e-02 5.690342999794132384e-01 -9.767517476962896961e-01 -1.815269862917172003e-02 2.136036495520519662e-01 7.398001375792619072e+00
2.013940298971106102e-01 -6.658272640282210386e-02 9.772446822621103646e-01 1.472011360086410647e+01 -4.701810512711521520e-03 9.976097811897978174e-01 6.893922977955745102e-02 6.083972414059919398e-01 -9.794990324591256181e-01 -1.847876775681801115e-02 2.005995933708996370e-01 7.559995332540565549e+00
1.892302455864521837e-01 -6.929294178611897226e-02 9.794847553800807294e-01 1.551468035952823499e+01 -5.738090684505134376e-03 9.974119116234603233e-01 7.166974825518074299e-02 6.495890703151457890e-01 -9.819159869486231429e-01 -1.918245554792633381e-02 1.883428904359639999e-01 7.711283717364013413e+00
1.751690758598249686e-01 -6.996675718157198409e-02 9.820490982084322251e-01 1.632684619494204625e+01 -6.051031543285620602e-03 9.973762991000086897e-01 7.213808258276084573e-02 6.826190490194714577e-01 -9.845197798441794879e-01 -1.857877045474867761e-02 1.742861121718794759e-01 7.846865193086204116e+00
1.612050856908924801e-01 -6.930299801814628069e-02 9.844846358629373295e-01 1.712614162826366027e+01 -7.423508146368224501e-03 9.974180603449704918e-01 7.142901634488955931e-02 7.244866010370909493e-01 -9.868930179920082368e-01 -1.882304953814601528e-02 1.602743911424996393e-01 7.986675706167237543e+00
1.439655287520309745e-01 -6.806748614579039014e-02 9.872389412798425745e-01 1.791641804760445922e+01 -8.804907130740976043e-03 9.975039744915158435e-01 7.005922095091016155e-02 7.579242867707316478e-01 -9.895435398689842454e-01 -1.877865910130361790e-02 1.430068578471434815e-01 8.101251193937022421e+00
1.235891895881411212e-01 -6.677728287708072086e-02 9.900840822374953332e-01 1.873981536772545553e+01 -1.111875167772148794e-02 9.975774266059388440e-01 6.867059960495516813e-02 8.014414626097895455e-01 -9.922711841020940282e-01 -1.949544192631166503e-02 1.225473042970010862e-01 8.189682052142080337e+00
9.825758777052420734e-02 -6.540558479872782272e-02 9.930093347883515165e-01 1.956571691420591819e+01 -1.573072914144093420e-02 9.976111130560657569e-01 6.726523055469002532e-02 8.450358674684668170e-01 -9.950366867052683473e-01 -2.223007931859568784e-02 9.699398257666745626e-02 8.283358208816196111e+00
6.911383284769354041e-02 -6.499122561704263890e-02 9.954895286375730068e-01 2.037896432269260316e+01 -1.935907013294173307e-02 9.976003991551823935e-01 6.647307719234081536e-02 8.812470961584772944e-01 -9.974209351321245975e-01 -2.386595990047066240e-02 6.768981615144767372e-02 8.331954443482777251e+00
3.495670174046801304e-02 -6.478928888530773034e-02 9.972864983848590548e-01 2.122896530143694349e+01 -2.281068208554729027e-02 9.975847004343832980e-01 6.560821772411448705e-02 9.201047078672659474e-01 -9.991284797900413794e-01 -2.504223132036079158e-02 3.339438157038981253e-02 8.328310211848911848e+00
1.356021263344823601e-03 -6.380017923399429469e-02 9.979617633326604009e-01 2.207146061289029149e+01 -2.402614018258484099e-02 9.976725290518629885e-01 6.381433506082505314e-02 9.608183075571168352e-01 -9.997104196269704923e-01 -2.406370196434929123e-02 -1.800082801127233015e-04 8.335943308141635200e+00
-3.331549332396317037e-02 -6.321606403027307808e-02 9.974436274080062947e-01 2.291627682987023817e+01 -2.535542307318323571e-02 9.977298861143613085e-01 6.238731342146502240e-02 9.863880856351515680e-01 -9.991232144612076649e-01 -2.321214017667225932e-02 -3.484273480134639916e-02 8.295173871734760951e+00
-6.616888560781609974e-02 -6.118576181647423368e-02 9.959307023264478698e-01 2.375075390411375054e+01 -2.762032653809187027e-02 9.978479932406777442e-01 5.946847868731634790e-02 1.019179041557723098e+00 -9.974260941483019671e-01 -2.357296738276121531e-02 -6.771646183047505541e-02 8.230036533401168697e+00
-9.804644491364813974e-02 -5.847271846562586417e-02 9.934625401004441025e-01 2.456988136860864103e+01 -3.000640284185916024e-02 9.979922028477825613e-01 5.577794244676020224e-02 1.060644242982546448e+00 -9.947293739722578021e-01 -2.434140737186555811e-02 -9.960414487387539428e-02 8.155820849975317088e+00
-1.311080174174824031e-01 -5.383977337277303515e-02 9.899050203919989022e-01 2.543342033814159109e+01 -2.719889901691767420e-02 9.983436766274600416e-01 5.069638300986319124e-02 1.084420202266655142e+00 -9.909949164861650006e-01 -2.027762353201548878e-02 -1.323552440863803858e-01 8.029689817047803047e+00
-1.621857073648447223e-01 -4.823170714418374000e-02 9.855807839469586940e-01 2.624644043933412974e+01 -2.231258292448250885e-02 9.987285923545129451e-01 4.520340111536220312e-02 1.103923949752200873e+00 -9.865079632782139951e-01 -1.465950645127936901e-02 -1.630556785601526004e-01 7.867709719036416693e+00
-1.930014187917707680e-01 -4.209396029194289318e-02 9.802951259317826960e-01 2.710766120452621664e+01 -1.605008990317097553e-02 9.990811144589299975e-01 3.974067631033340042e-02 1.121178725494712758e+00 -9.810672063468346416e-01 -8.063817002568982387e-03 -1.934996857978366069e-01 7.704637233578554678e+00
-2.219131237002439916e-01 -3.654497878854190418e-02 9.743813490075776684e-01 2.788694963263058213e+01 -1.086884285084377746e-02 9.993280238497492807e-01 3.500527111079197728e-02 1.127260053121331262e+00 -9.750058717508738315e-01 -2.822267670638355010e-03 -2.221612063699047179e-01 7.486286066942574813e+00
-2.491742447152696938e-01 -3.023507476582371761e-02 9.679865801996021535e-01 2.871751427944300872e+01 -1.901349951191231126e-03 9.995258899133013797e-01 3.073077040535904247e-02 1.151283536107964967e+00 -9.684568119132418440e-01 5.816836370372138049e-03 -2.491135975074800502e-01 7.266112144426501551e+00
-2.763616366318860096e-01 -2.050052258019117307e-02 9.608350316283452708e-01 2.952856109888600145e+01 3.573451126805737409e-03 9.997436310338037035e-01 2.235850260409319445e-02 1.139025797068640156e+00 -9.610470809809582571e-01 9.612530524935864948e-03 -2.762175298173931703e-01 7.014228923172542984e+00
-3.013538037026000094e-01 -5.419657145932822717e-03 9.534969827759012251e-01 3.028395005116471594e+01 7.806052847544897935e-03 9.999363135314149886e-01 8.150730271562609333e-03 1.134535680985039541e+00 -9.534804486015475700e-01 9.899302521700466262e-03 -3.012923067521117160e-01 6.733982941176879677e+00
-3.264114531413199183e-01 1.185523894827310992e-02 9.451534270531979365e-01 3.109108118606405213e+01 9.117758275957392466e-03 9.999143128041043660e-01 -9.393269844247865291e-03 1.106578997925754315e+00 -9.451838153348600668e-01 5.551610678726809356e-03 -3.264915783910915525e-01 6.478737118470937695e+00
-3.518513702888115824e-01 2.667106287651289584e-02 9.356758263500876138e-01 3.187947766379704007e+01 7.786976992460861030e-03 9.996428023780536964e-01 -2.556620089590360898e-02 1.081895018938691777e+00 -9.360234991264320126e-01 -1.709415712304513269e-03 -3.519333780857661909e-01 6.174888849641289035e+00
-3.763569598162352370e-01 3.723656363485803450e-02 9.257261267817614714e-01 3.263021194562730898e+01 1.214915623243744899e-02 9.993044322532461665e-01 -3.525690933672480376e-02 1.050807253175713329e+00 -9.263950837311638598e-01 -2.022390910606731724e-03 -3.765475721868363213e-01 5.879483844237697099e+00
-4.000972281653076279e-01 4.183139281507937401e-02 9.155175189864024343e-01 3.341255280001432482e+01 1.565718472630632171e-02 9.991239720313509487e-01 -3.880903303677759458e-02 9.969400058083041083e-01 -9.163389518035079950e-01 -1.192958676108654996e-03 -4.004016949381089541e-01 5.521965162557814999e+00
-4.223876332986001847e-01 4.149410597370224718e-02 9.054650251022310359e-01 3.414817612035223959e+01 1.808901528188438732e-02 9.991385665267139560e-01 -3.734852565192119112e-02 9.550694733458897634e-01 -9.062347865923827683e-01 6.034162834746717528e-04 -4.227743632457123812e-01 5.150370124171637976e+00
-4.428470289026825712e-01 3.778644062006231152e-02 8.958005801839983295e-01 3.487387465027423872e+01 2.187705080757566464e-02 9.992694635806246284e-01 -3.133582236499234119e-02 9.112015324219659984e-01 -8.963302499499756770e-01 5.720499980725252294e-03 -4.433501701633759118e-01 4.773575455716926541e+00
-4.608003284212800477e-01 3.656707895695410215e-02 8.867501857275884580e-01 3.559098373547422511e+01 2.912089416447189924e-02 9.992357947255932071e-01 -2.607297477053740001e-02 8.808548388346278957e-01 -8.870259544546402752e-01 1.380852404734851657e-02 -4.615130496657076642e-01 4.368022484697564600e+00
-4.753989508397331032e-01 3.745541394994390816e-02 8.789726477864741039e-01 3.630038384858718103e+01 3.280735513728542940e-02 9.991531529425261571e-01 -2.483252625893863849e-02 8.330631400332012548e-01 -8.791584201719847558e-01 1.703141198058122710e-02 -4.762251749432279690e-01 3.996890407300253578e+00
-4.858114327402258126e-01 4.042642444312174316e-02 8.731282507429994899e-01 3.700426311681995628e+01 3.524561909420115269e-02 9.990234269225680697e-01 -2.664467558908319850e-02 7.801069268187321715e-01 -8.733527413001737072e-01 1.782965882310640765e-02 -4.867618579625297981e-01 3.579446165821895232e+00
-4.961975707402150881e-01 4.324400801653722343e-02 8.671320043425816415e-01 3.768916437585519219e+01 3.720633987225972078e-02 9.989004076650911390e-01 -2.852479236251694722e-02 7.437083933224224452e-01 -8.674120540195973117e-01 1.810887648758045462e-02 -4.972609081773409212e-01 3.179497696340136237e+00
-5.064144683083675602e-01 4.242927851593149280e-02 8.612456845606279998e-01 3.839051771528512802e+01 3.073503436545419951e-02 9.990421974126165727e-01 -3.114555182794628146e-02 6.861417295121103876e-01 -8.617422794368542194e-01 1.069785866727411203e-02 -5.072334897678140164e-01 2.782801090089616736e+00
-5.181027103667468214e-01 4.123346921924754549e-02 8.543239252683263452e-01 3.907971744101778455e+01 2.907241681564933650e-02 9.991091096708583086e-01 -3.059054597258270558e-02 6.651722799144628162e-01 -8.548241854880913593e-01 8.988217475267065021e-03 -5.188398954807119656e-01 2.383623271715388903e+00
-5.267338380978403567e-01 4.282308576682562762e-02 8.489509020197780753e-01 3.975873506270898616e+01 3.152816432213752934e-02 9.990272218773046387e-01 -3.083155443310083010e-02 6.291095010152349953e-01 -8.494453781699458084e-01 1.052584155246418310e-02 -5.275715774253664225e-01 1.961626705536639648e+00
-5.340330358931605348e-01 4.556699624642369245e-02 8.442347733147795852e-01 4.043630458521479198e+01 3.497580432234206893e-02 9.988824345998866816e-01 -3.178954074739116092e-02 5.808889381589296130e-01 -8.447398542616914030e-01 1.255112630492631956e-02 -5.350299625845730267e-01 1.503667905995750731e+00
-5.375428796838777057e-01 4.898757764848144652e-02 8.418122456060022074e-01 4.112632777605975321e+01 3.625481156125639343e-02 9.987305921047031632e-01 -3.496845679826400544e-02 5.471305563264764471e-01 -8.424566770825879791e-01 1.172270038352940351e-02 -5.386365550923500889e-01 1.067942814089680281e+00
-5.372819498463473620e-01 5.014545859286600321e-02 8.419106404269371957e-01 4.183667097712028493e+01 3.504859730751517383e-02 9.986961165090950665e-01 -3.711687803341107150e-02 4.962554423239170509e-01 -8.426741445093220984e-01 9.565559397329170821e-03 -5.383389259547399774e-01 6.269710744131357094e-01
-5.337264836516528721e-01 5.132628236992575060e-02 8.440981225174812863e-01 4.256865355659472527e+01 3.792878677294292400e-02 9.986048639428948270e-01 -3.673870953752060575e-02 4.619988413372966285e-01 -8.448061668067292640e-01 1.240719647003189936e-02 -5.349286074005639158e-01 1.533393073342295687e-01
-5.280754479341301932e-01 5.010998505371733192e-02 8.477176992579159576e-01 4.332630052765082240e+01 3.620002398674106170e-02 9.986783955726995510e-01 -3.648315250940836058e-02 4.140247213573837737e-01 -8.484255367183906049e-01 1.142154495919976871e-02 -5.291915249410923394e-01 -2.947698714668673947e-01
-5.211360048050169835e-01 4.888010760178774367e-02 8.520727588656881180e-01 4.406420470525900868e+01 3.402463960056319181e-02 9.987548132633796705e-01 -3.648488486340065867e-02 3.706829341927804777e-01 -8.527951690381123662e-01 9.977882406817639022e-03 -5.221502224106010503e-01 -7.438842049103919774e-01
-5.141262471008644086e-01 4.823233461819451812e-02 8.563573031401240376e-01 4.485971322215235801e+01 3.210425018163173133e-02 9.988001469547701516e-01 -3.698085323485154896e-02 3.256960847114155899e-01 -8.571134879558029995e-01 8.479882813035719696e-03 -5.150578353029646728e-01 -1.213196962443359617e+00
-5.074272207702591464e-01 4.657500871467777637e-02 8.604349892758211826e-01 4.564854482649333534e+01 2.909604130686695850e-02 9.988948929661116694e-01 -3.691088096095652277e-02 2.797717630997441085e-01 -8.612032560343811927e-01 6.305667228278464750e-03 -5.082216089702182860e-01 -1.689543389887338432e+00
-5.026927189121105366e-01 4.441601644992609899e-02 8.633233660326653514e-01 4.645538694205201580e+01 2.526372176945170661e-02 9.990074414976471973e-01 -3.668618469129091009e-02 2.350052012063613971e-01 -8.640959362308047176e-01 3.368884344871356674e-03 -5.033158820786969301e-01 -2.137302796802021287e+00
-5.012918203677688700e-01 4.161408446363104585e-02 8.642770188321390323e-01 4.730613639285623861e+01 2.068901239713905743e-02 9.991337347627023968e-01 -3.610740623405411798e-02 1.982633503297481781e-01 -8.650309173239701943e-01 -2.193085156149686442e-04 -5.017185242174092563e-01 -2.608607230020966838e+00
-5.018682655433087669e-01 3.940117455541383013e-02 8.640461665704980421e-01 4.814111295353075803e+01 1.783916341024812183e-02 9.992209306365996691e-01 -3.520363605198235241e-02 1.448154425234394194e-01 -8.647600942521307399e-01 -2.253726097081502292e-03 -5.021801605619523601e-01 -3.077161996247711695e+00
-5.030466119646591627e-01 3.801791509100211491e-02 8.634226837543494959e-01 4.898744489209168052e+01 1.630617333708091893e-02 9.992716890197055335e-01 -3.449927828722598039e-02 1.036670937375320650e-01 -8.641054491231021650e-01 -3.275624212357000024e-03 -5.033001655232162141e-01 -3.565750653779916401e+00
-5.036151043705777708e-01 3.739965865909070791e-02 8.631182298440540634e-01 4.986711854775398933e+01 1.641436789097960869e-02 9.992964209088291971e-01 -3.372286543639672202e-02 5.112762930193479743e-02 -8.637721965126445856e-01 -2.815803333147643556e-03 -5.038746642851535951e-01 -4.063920471010228574e+00
-5.036079475325608845e-01 3.669926853667351829e-02 8.631524693684821115e-01 5.073283619686480961e+01 1.600886267463689019e-02 9.993222171986131386e-01 -3.314849163562497841e-02 3.154825089024052009e-03 -8.637839798180624307e-01 -2.875753581864514893e-03 -5.038541254930919422e-01 -4.569068442293245269e+00
-5.033070544402961088e-01 3.617910406959734537e-02 8.633499104532103008e-01 5.160989204141681341e+01 1.657519429221883042e-02 9.993435083068911151e-01 -3.221514096067853300e-02 -3.882888501033632256e-02 -8.639486583020632438e-01 -1.903914282784746614e-03 -5.035763144352501941e-01 -5.089871905565163779e+00
-5.041377938404677517e-01 3.549395664532728478e-02 8.628935336276652990e-01 5.250623055452100374e+01 1.592126711656442761e-02 9.993672532669982678e-01 -3.180575923122098275e-02 -1.002993786710570101e-01 -8.634764677499510155e-01 -2.296125937098053658e-03 -5.043839122784753437e-01 -5.592021159495088156e+00
-5.044358738599588055e-01 3.400799686635935792e-02 8.627791674746608797e-01 5.337377482565165820e+01 1.415932314619464810e-02 9.994155044769577056e-01 -3.111531699307347465e-02 -1.468149151359205984e-01 -8.633330614606520292e-01 -3.479312180577062881e-03 -5.046225647821021010e-01 -6.110843858001871354e+00
-5.045109920738565235e-01 3.358710487734414135e-02 8.627517324116312780e-01 5.429266191218752624e+01 1.393949345116210665e-02 9.994296980124465213e-01 -3.075661272061227733e-02 -2.010966786234357762e-01 -8.632927439042589191e-01 -3.490726171239666529e-03 -5.046914568956196723e-01 -6.613531919671554959e+00
-5.041804029373128104e-01 3.264095140252134403e-02 8.629812721579316337e-01 5.518461303926342509e+01 1.269690562506919050e-02 9.994576220533510913e-01 -3.038503385220217567e-02 -2.495245839955655409e-01 -8.635050215071160551e-01 -4.362345947924718866e-03 -5.043213869000812144e-01 -7.120910111844390933e+00
-5.025093951625498878e-01 3.143123190229518693e-02 8.640002152284107506e-01 5.608988780405718444e+01 1.190004232177147361e-02 9.994957333283477352e-01 -2.943922600959074376e-02 -3.071851211768614753e-01 -8.644898548185262488e-01 -4.511847634531619342e-03 -5.026300306285154118e-01 -7.651085942435874365e+00
-5.002042475484821393e-01 2.892089353864194662e-02 8.654243346994724417e-01 5.696584716389101288e+01 1.240457911863687701e-02 9.995788526191412560e-01 -2.623440089904219980e-02 -3.613196023100929688e-01 -8.658186008111964371e-01 -2.387333213966679607e-03 -5.003523405699090709e-01 -8.162422788052523970e+00
-4.978746926729520350e-01 2.793889530385494646e-02 8.667988203290860616e-01 5.784675355116824136e+01 1.348266901990070009e-02 9.996095083687644989e-01 -2.447546507368714500e-02 -4.012520314315263237e-01 -8.671441751127627606e-01 -4.989521145681534561e-04 -4.980569688702269904e-01 -8.661463856697219299e+00
-4.954048649030348694e-01 2.723933028601699738e-02 8.682350056714955855e-01 5.874711730177808278e+01 1.285679035237611255e-02 9.996286669426159843e-01 -2.402563516827101522e-02 -4.646887595959802164e-01 -8.685670585612335071e-01 -7.397001652149223999e-04 -4.955711162806731296e-01 -9.183006007708689467e+00
-4.936547055040169663e-01 2.741079021334654267e-02 8.692259008121083763e-01 5.963922263827043224e+01 1.349204644265261481e-02 9.996242524103761129e-01 -2.386039923475772109e-02 -5.072528294144023064e-01 -8.695533387277722959e-01 -5.116119257196258106e-05 -4.938390448162878199e-01 -9.685295772877626774e+00
-4.925315907427019191e-01 2.775481325978969294e-02 8.698518774897828765e-01 6.051126203938132875e+01 1.362068217218708084e-02 9.996147590130020077e-01 -2.418285665722030853e-02 -5.490951591353187000e-01 -8.701879806304353426e-01 -6.284395583829144555e-05 -4.927198881010165787e-01 -1.016955832640472046e+01
-4.938147624779671840e-01 2.862281484007273002e-02 8.690959102208501985e-01 6.139926170407099448e+01 1.246097796945153449e-02 9.995884191639043959e-01 -2.584020662668938539e-02 -6.034579733629693576e-01 -8.694778415011220618e-01 -1.930489583364119674e-03 -4.939681872735443569e-01 -1.066955866220184390e+01
-4.957119486693083443e-01 3.082578167369512054e-02 8.679397568367033244e-01 6.229532567819829580e+01 1.166806237191337151e-02 9.995160883514216943e-01 -2.883479538047546004e-02 -6.474679333237881584e-01 -8.684086208165302523e-01 -4.166576488827527895e-03 -4.958317462480053561e-01 -1.117320158600012903e+01
-5.000213901748546963e-01 3.144868784757159225e-02 8.654418385074916786e-01 6.317236224541895240e+01 1.050098404973253199e-02 9.994871241181889632e-01 -3.025257071585826449e-02 -6.987567928779314652e-01 -8.659493929016377489e-01 -6.038940642169025007e-03 -5.000951846511541010e-01 -1.165263500237115579e+01
-5.056415646341870795e-01 2.999178835591460868e-02 8.622221797635498675e-01 6.403952719627640988e+01 1.061083331476679256e-02 9.995361736103803851e-01 -2.854553975779744457e-02 -7.401379023998418960e-01 -8.626784050810346605e-01 -5.284914669770947836e-03 -5.057252738134573322e-01 -1.216033219309708358e+01
-5.106292733376722737e-01 2.783093541892055212e-02 8.593504354198771011e-01 6.490217423350860315e+01 1.340121896411818059e-02 9.996121946878712139e-01 -2.441039814181890019e-02 -8.046305156429138794e-01 -8.596965538536820439e-01 -9.483195869877997144e-04 -5.108042182619595417e-01 -1.268425600276264831e+01
-5.158703994487191524e-01 2.556871372751743157e-02 8.562849750809595761e-01 6.577115915423789261e+01 1.065399758752851381e-02 9.996686704650724620e-01 -2.343163687721196500e-02 -8.478703213971288122e-01 -8.566003942220487000e-01 -2.964828910014647486e-03 -5.159718865684054245e-01 -1.318328241495928310e+01
-5.214723886602915526e-01 2.803373000273514173e-02 8.528075073809964213e-01 6.660903354077269967e+01 1.199416191428047569e-02 9.996022268606467032e-01 -2.552504873930389051e-02 -8.962946146792879487e-01 -8.531838605549663113e-01 -3.081895910075542564e-03 -5.216012032480987770e-01 -1.370917761327795503e+01
-5.259415406761048795e-01 3.016372117070929490e-02 8.499856661118293522e-01 6.744127904788342676e+01 1.210553935283942284e-02 9.995351700451728938e-01 -2.798034554393823495e-02 -9.417731491824578027e-01 -8.504345733742098012e-01 -4.426490228059265855e-03 -5.260622166035925362e-01 -1.423591076572670389e+01
-5.314807452938810073e-01 3.034699799838451104e-02 8.465265879294663343e-01 6.827398088541229981e+01 1.095620078685223715e-02 9.995207293036604268e-01 -2.895295037206835342e-02 -9.836854340999134916e-01 -8.469995223281558960e-01 -6.113219506168710710e-03 -5.315585111418474895e-01 -1.473776629562617480e+01
-5.350103003092121501e-01 3.108586912972803595e-02 8.442734357686250135e-01 6.910462376304340637e+01 1.012867144805411866e-02 9.994870310229048149e-01 -3.038231082867747304e-02 -1.034027277801446765e+00 -8.447848248453792008e-01 -7.703480146867247927e-03 -5.350507163661715193e-01 -1.525331736738548294e+01
-5.383329491982790094e-01 2.979511182932084029e-02 8.422053634461279525e-01 6.992932726298690227e+01 9.649341059842008600e-03 9.995272189501063220e-01 -2.919295764046274388e-02 -1.090523350338253206e+00 -8.426770067305627832e-01 -7.588803337276708166e-03 -5.383659399626288256e-01 -1.576470469829171606e+01
-5.411718268788059394e-01 2.379716542484188596e-02 8.405752410417950404e-01 7.075745727738339497e+01 1.148424208042797545e-02 9.997154260339505827e-01 -2.090882860096498694e-02 -1.139979144595332450e+00 -8.408336206210434982e-01 -1.661898508821825146e-03 -5.412911170569035813e-01 -1.630364219257539204e+01
-5.427306820245720864e-01 1.598552567787868417e-02 8.397546409034079007e-01 7.156826734362311981e+01 1.239343769150837160e-02 9.998624332198770004e-01 -1.102348933603303736e-02 -1.168494981849893533e+00 -8.398153493774119793e-01 4.424661901338333703e-03 -5.428541371095561008e-01 -1.682777196291179678e+01
-5.449172967387221345e-01 1.301411406125031062e-02 8.383887879423732592e-01 7.238309031322867781e+01 1.283615968393457367e-02 9.998918479016632999e-01 -7.178125302698052865e-03 -1.200702299607815826e+00 -8.383915458989097402e-01 6.850208715726475474e-03 -5.450254152147158138e-01 -1.735741458642571189e+01
-5.459293273692197301e-01 1.767472524104525197e-02 8.376447700707533306e-01 7.319190175883606742e+01 1.265631389697205629e-02 9.998373549132109073e-01 -1.284840136117506443e-02 -1.230450233294606788e+00 -8.377356377356730555e-01 3.587176989606854875e-03 -5.460642326951737902e-01 -1.787429528551713176e+01
-5.469236698317060386e-01 2.304781443541527655e-02 8.368651533391699981e-01 7.397415462971942191e+01 1.302629186232422305e-02 9.997342394885753158e-01 -1.902014963469505354e-02 -1.281247761649745964e+00 -8.370811350005252782e-01 4.986806234916977675e-04 -5.470785478525341805e-01 -1.838616504946020669e+01
-5.477000791609980546e-01 2.821851468130624069e-02 8.361987359373121986e-01 7.477793444788041199e+01 1.942148072022752137e-02 9.995905770523689782e-01 -2.101152830412014380e-02 -1.310812944424680992e+00 -8.364493055915745989e-01 4.732202873245855423e-03 -5.480238846961587029e-01 -1.891190209607407979e+01
-5.469837602016395239e-01 2.872364929007758041e-02 8.366502885325756145e-01 7.557795422943297581e+01 2.218552340842490714e-02 9.995575432769044921e-01 -1.981212235573958855e-02 -1.367635715093530768e+00 -8.368491979368335443e-01 7.724616365054835440e-03 -5.473789939311534125e-01 -1.942087659475721040e+01
-5.469137254461092779e-01 2.635924996007651608e-02 8.367738966472300088e-01 7.634813241017802454e+01 2.236998164951327708e-02 9.996074552381839506e-01 -1.686770038660274224e-02 -1.392966316226620149e+00 -8.368900598653901124e-01 9.493440860462403277e-03 -5.472886944438521972e-01 -1.994749401273577760e+01
-5.464840858226771569e-01 2.136816573870364139e-02 8.371968303040634440e-01 7.716927418112906878e+01 2.029137703651532482e-02 9.997188017539005989e-01 -1.227099850713121026e-02 -1.429113659030044836e+00 -8.372236352576500895e-01 1.028197215300887674e-02 -5.467640061418660435e-01 -2.046518668174375932e+01
-5.458486687972111673e-01 1.490122717167460982e-02 8.377512586785368365e-01 7.795553713016249731e+01 1.837128192563047477e-02 9.998143306055408130e-01 -5.813801313991442607e-03 -1.454621601170474010e+00 -8.376823611976295103e-01 1.221710988835847909e-02 -5.460210772291146375e-01 -2.098136391857150329e+01
-5.454049618045201386e-01 8.245607319438581773e-03 8.381321046232507177e-01 7.875647409522326825e+01 9.762589937589910560e-03 9.999462730704627988e-01 -3.484651128248474408e-03 -1.482091492051212489e+00 -8.381158219402939924e-01 6.281795025457411093e-03 -5.454561585316127781e-01 -2.150435652053736391e+01
-5.443318138925316019e-01 3.127772259643267407e-03 8.388641609951306144e-01 7.955718579665254708e+01 1.234197642184518048e-03 9.999949526526953347e-01 -2.927699365456239676e-03 -1.500893485409789063e+00 -8.388690986575274566e-01 -5.583148052099050134e-04 -5.443329279282292932e-01 -2.198258394251796943e+01
-5.425033935832193066e-01 3.626156308458721410e-03 8.400457761844297710e-01 8.033295975331832040e+01 4.399161125502753546e-03 9.999892349583573425e-01 -1.475581610470438638e-03 -1.523449445051845430e+00 -8.400420982937107928e-01 2.894989654633471719e-03 -5.425135067375904674e-01 -2.248396709769267332e+01
-5.389869099734692082e-01 6.855036229232484672e-03 8.422862378308623166e-01 8.115433409506572104e+01 9.604317610617122206e-03 9.999518927067594376e-01 -1.992319938570183153e-03 -1.554446318726561138e+00 -8.422593897343416680e-01 7.015751180686671112e-03 -5.390268199010611605e-01 -2.301621793786334180e+01
-5.334451928143477684e-01 1.017775766169245685e-02 8.457733895672859825e-01 8.195448988636310617e+01 1.051808164153002732e-02 9.999301086017814422e-01 -5.398875108458367315e-03 -1.584303988116111395e+00 -8.457692403739411890e-01 6.015910580508825219e-03 -5.335149612588735435e-01 -2.348756214964134870e+01
-5.263217968131052027e-01 1.163169975051051887e-02 8.502058907253031705e-01 8.273441646708459984e+01 1.510398870398117072e-02 9.998765561811944202e-01 -4.329191497130544658e-03 -1.607035595020739338e+00 -8.501513086475951386e-01 1.056295335814756188e-02 -5.264325118976916906e-01 -2.396465379285871578e+01
-5.176115686443413244e-01 1.395102392969941631e-02 8.555019694026315680e-01 8.353685187536483170e+01 2.147748551412405685e-02 9.997638566427199391e-01 -3.308856505573859897e-03 -1.643935483132321629e+00 -8.553461250552299999e-01 1.666132984327779384e-02 -5.177889722284787499e-01 -2.447676289504149594e+01
-5.082557810738754789e-01 1.432222448505660571e-02 8.610870579952395465e-01 8.429687610679692966e+01 2.196136829582946356e-02 9.997520989036799977e-01 -3.665924724467541605e-03 -1.646166686031280468e+00 -8.609261126868393843e-01 1.704742368307697598e-02 -5.084443207665524378e-01 -2.491405493087383505e+01
-4.966773560187947023e-01 1.129247168442241989e-02 8.678617807358983693e-01 8.516488236862817018e+01 1.753188996343988879e-02 9.998418748054165306e-01 -2.976271229440324764e-03 -1.681463787842667701e+00 -8.677581744176372514e-01 1.373701179697455442e-02 -4.967967984066329334e-01 -2.539836559667491400e+01
-4.855530324218761962e-01 9.162948308152481583e-03 8.741591841665747875e-01 8.596925940364748442e+01 1.922361363453992111e-02 9.998151897010246758e-01 1.977102261806012421e-04 -1.707041700345185209e+00 -8.739958340846504248e-01 1.690049832520127901e-02 -4.856394434280329464e-01 -2.585591765941355291e+01
-4.744750954377779384e-01 8.032894633493260078e-03 8.802322661751912358e-01 8.677114105973126357e+01 1.951223211370088639e-02 9.998086469818966426e-01 1.393622936981092717e-03 -1.725019763342295898e+00 -8.800526515007458528e-01 1.783653679527521380e-02 -4.745410441385920497e-01 -2.627361412129690166e+01
-4.629371345517535596e-01 6.350318470679515090e-03 8.863683595055683595e-01 8.758480576544118890e+01 1.835383799688927384e-02 9.998286187679312764e-01 2.422744656903501326e-03 -1.735286169700454240e+00 -8.862010827625838028e-01 1.738984087436860199e-02 -4.629743497778808781e-01 -2.667665186449158554e+01
-4.500404175676067098e-01 7.973260576697402749e-03 8.929725837363184926e-01 8.844586253060076331e+01 2.111152863113470446e-02 9.997756594883403514e-01 1.712897468593327236e-03 -1.753827702850792480e+00 -8.927586119061453607e-01 1.962289051369305037e-02 -4.501077842447392952e-01 -2.711510996316036071e+01
