7.775952865079300835e-01 -6.284229010849371466e-01 2.074193319442224973e-02 -6.595304103633930026e+01 6.274824087056969368e-01 7.776926802917153436e-01 3.820892285298945618e-02 2.570655703531374314e+01 -4.014221176700816934e-02 -1.669588011098101926e-02 9.990544782051541395e-01 -9.181392791130812414e-01 -4.809208017785018303e-24 -1.416202385148814181e-23 -3.430527606006730092e-24 9.999999999999997780e-01
7.495872285177352934e-01 -6.613425784799574769e-01 2.729433517384426133e-02 -6.555937116308460588e+01 6.606225357632271589e-01 7.500641633078167780e-01 3.133075426972171951e-02 2.609047751440168739e+01 -4.119286448967231923e-02 -5.453880345894506973e-03 9.991363285880006107e-01 -9.229388177720836417e-01 -4.809208017785018303e-24 -1.416202385148814181e-23 -3.430527606006730092e-24 9.999999999999997780e-01
7.211169637219968509e-01 -6.927264043579008934e-01 1.097512358666575746e-02 -6.520459240525970301e+01 6.924085328503641890e-01 7.211466368989868370e-01 2.275855279424375890e-02 2.648711469964515786e+01 -2.368012390962069558e-02 -8.812309269197219144e-03 9.996807465070888243e-01 -9.310587578344591275e-01 3.891339905542151286e-19 -6.659352641181979626e-19 -6.782422754173282608e-20 9.999999999999997780e-01
6.908954818036814327e-01 -7.227990787050304622e-01 -1.499750133915824825e-02 -6.486599584342579305e+01 7.229446839959751125e-01 6.908462297991851964e-01 9.081335486163528981e-03 2.689759672051343742e+01 3.796986333755397042e-03 -1.711661752250080715e-02 9.998462903363554144e-01 -9.407458496305097784e-01 -2.086340628879144758e-18 2.135445776056055884e-18 -1.540416800250132681e-19 1.000000000000000000e+00
6.560873743531813185e-01 -7.541097668993885783e-01 -2.945872843993731921e-02 -6.452791207255825157e+01 7.541468169225743479e-01 6.565937022020870151e-01 -1.213625782963011733e-02 2.731394972747231265e+01 2.849448613147756784e-02 -1.425376074964998172e-02 9.994923184120012571e-01 -9.608323800496918476e-01 -5.154175621416058195e-18 4.390928154169008475e-18 -1.895009074759805084e-19 1.000000000000000000e+00
6.186948780322744090e-01 -7.850953797027659942e-01 -2.901538671116304924e-02 -6.418843319417592852e+01 7.843315786232647469e-01 6.193734730779917319e-01 -3.464788047838694013e-02 2.776400508345884788e+01 4.517325172006925876e-02 -1.321217876878560179e-03 9.989782939145177565e-01 -9.772330271876645824e-01 -8.123259715591984026e-18 7.899506590838646850e-18 -1.349368834083278259e-19 1.000000000000000000e+00
5.862258935146772432e-01 -8.098758255915798898e-01 -2.098449178022799774e-02 -6.386781656514497740e+01 8.089476356506919430e-01 5.865704509677248657e-01 -3.922790877265813075e-02 2.825557687642489313e+01 4.407861781034454196e-02 6.021060860016976858e-03 9.990099210108251970e-01 -9.616266073854731200e-01 -1.227580211310647560e-17 1.063976805696584116e-17 -2.987742472086665847e-20 1.000000000000000000e+00
5.574623351343191979e-01 -8.300677202688503398e-01 -1.494405146758533663e-02 -6.356644513757100867e+01 8.297430152147907689e-01 5.576623370892004328e-01 -2.322168156011784890e-02 2.876169760887087179e+01 2.760930294041136907e-02 5.454905040095674087e-04 9.996186416985541889e-01 -9.290994267249491623e-01 -1.496938441533908608e-17 1.224104602195943520e-17 9.235246099689253645e-21 9.999999999999998890e-01
5.285272317909923689e-01 -8.488733990968931886e-01 -8.539178007217332333e-03 -6.328211216290885943e+01 8.488223768354490328e-01 5.285916543628093045e-01 -9.562192290878450407e-03 2.927664841539191798e+01 1.263082890251010677e-02 -2.194366350956172655e-03 9.999178200820121321e-01 -9.077126159860348098e-01 -1.741367103078484262e-17 1.381643051682078676e-17 3.407739690300367339e-20 9.999999999999995559e-01
4.986252905654391387e-01 -8.667905842385376092e-01 -6.848553420225861332e-03 -6.300747125764851830e+01 8.667698489564056308e-01 4.986652009921467288e-01 -6.560964833922599236e-03 2.979405916564790502e+01 9.102117809367298723e-03 -2.664656616914889888e-03 9.999550245168580265e-01 -8.994727650349327863e-01 -2.019810309546821223e-17 1.749171807099455212e-17 4.134470345061131067e-20 9.999999999999994449e-01
4.710787267412521739e-01 -8.820757455407638448e-01 -5.216544886413663866e-03 -6.274729583894566076e+01 8.819319547969293183e-01 4.710978189809293393e-01 -1.621332968513821554e-02 3.031985139541792051e+01 1.675888778832274051e-02 3.037117075350188964e-03 9.998549472798455851e-01 -8.978155183699529918e-01 -2.212390693115752730e-17 2.165375849954383246e-17 3.201794784067313638e-20 9.999999999999991118e-01
4.458140062741807741e-01 -8.951024292458992226e-01 -6.443055786057780981e-03 -6.250134900332592736e+01 8.948151751985689017e-01 4.458374008674641509e-01 -2.312605072421044031e-02 3.085378831271903977e+01 2.357273942740533215e-02 4.544573230644545665e-03 9.997117948739296933e-01 -8.917617626424462207e-01 -2.560226097998541274e-17 2.746330074829577704e-17 3.115875280669556493e-20 9.999999999999987788e-01
4.225930327797643993e-01 -9.062942085261503911e-01 -6.777627753814977063e-03 -6.226449031173308413e+01 9.060079424086751043e-01 4.226320075108265240e-01 -2.306067041019396052e-02 3.141015151512843318e+01 2.376419446124568985e-02 3.604694070932251259e-03 9.997110928874801683e-01 -8.876035060792523135e-01 -2.843933169136049957e-17 3.463556575358190942e-17 2.729591894930445243e-20 9.999999999999982236e-01
4.031151980825756764e-01 -9.151306789730837554e-01 -5.829020253937337165e-03 -6.203409005512344265e+01 9.150064456240804001e-01 4.031566374538323450e-01 -1.509735550703220942e-02 3.198335119238589641e+01 1.616606140107688591e-02 7.523823517137892851e-04 9.998690376142228553e-01 -8.777063618661350430e-01 -3.078245529608580720e-17 4.121396425062188793e-17 -1.130199620609130173e-20 9.999999999999977796e-01
3.858060793180269621e-01 -9.225755798360406601e-01 -2.822879994165234437e-03 -6.180459338525724178e+01 9.225571092253566086e-01 3.858162495243636081e-01 -5.848232271985405635e-03 3.257080497854831691e+01 6.484549251550162687e-03 -3.479844433120517482e-04 9.999789145416276837e-01 -8.668884082095227317e-01 -3.372261174475352456e-17 4.859249240716308839e-17 -3.525712163380689977e-20 9.999999999999973355e-01
3.695744324205440523e-01 -9.292007454499241481e-01 8.447226510397099972e-04 -6.158091615540421770e+01 9.292004728022346116e-01 3.695750992826810633e-01 8.528389640973165972e-04 3.315613594757041227e+01 -1.104647058810718716e-03 4.697292106296108681e-04 9.999992795544236923e-01 -8.638590038407878424e-01 -3.656790749063221161e-17 5.402066715646587684e-17 -9.766319617434776577e-20 9.999999999999968914e-01
3.553527204674402085e-01 -9.347315354168368451e-01 1.183534407574610321e-03 -6.136805224897383226e+01 9.347275161016531664e-01 3.553546672163431785e-01 2.744290435340805429e-03 3.375522597702155281e+01 -2.985749287796867716e-03 1.310911050608846431e-04 9.999955340481957444e-01 -8.629969343533747672e-01 -3.841722637462471795e-17 5.819718316534032857e-17 -1.852456629806770047e-19 9.999999999999962252e-01
3.424702635146549823e-01 -9.395285847401048107e-01 -3.963136177393082995e-04 -6.116316474831363337e+01 9.395275320295594090e-01 3.424691628044613800e-01 1.699731288743664944e-03 3.435463841935455775e+01 -1.461220939274840251e-03 -9.544549775456879310e-04 9.999984769233840609e-01 -8.669793021990056525e-01 -3.979913176491734185e-17 6.548549834505600570e-17 -2.728708088430936266e-19 9.999999999999955591e-01
3.302770748240939080e-01 -9.438713426602654000e-01 -4.893092107954659029e-03 -6.096359761285101797e+01 9.438840252678738496e-01 3.302727810030959277e-01 1.684331497681527566e-03 3.497174964632772287e+01 2.626290599855313760e-05 -5.174807554952460739e-03 9.999866102488855768e-01 -8.692820755776836661e-01 -4.137218655753229808e-17 7.503531062139891285e-17 -3.485766789125469839e-19 9.999999999999952260e-01
3.197245724955358748e-01 -9.474778585372791717e-01 -7.867993657310678318e-03 -6.076639654942228219e+01 9.475104195349723923e-01 3.197174579355384072e-01 2.179899973682457477e-03 3.560170220543555075e+01 4.501279722797784798e-04 -8.151973558307283943e-03 9.999666708005540139e-01 -8.725236707769825628e-01 -4.245625521501265552e-17 8.204444460051508023e-17 -3.962671701243812761e-19 9.999999999999946709e-01
3.117790610948690255e-01 -9.501034338080747155e-01 -9.863170329278336465e-03 -6.057156473668865715e+01 9.501544505397583329e-01 3.117685482316465140e-01 2.625348170775397300e-03 3.623079476027710655e+01 5.806739825265170435e-04 -1.019006377252898443e-02 9.999479113524218921e-01 -8.768607348725322437e-01 -4.331270788530552063e-17 8.933718916477958953e-17 -4.094431337848897602e-19 9.999999999999940048e-01
3.057868321936023648e-01 -9.520278757715757711e-01 -1.171908746037676231e-02 -6.037632676021884492e+01 9.520980200700603913e-01 3.057881439581798810e-01 1.723714963914043091e-03 3.686888281105926524e+01 1.942533307862539475e-03 -1.168480930647490361e-02 9.999298434369560118e-01 -8.754060915465895487e-01 -4.479371311641329823e-17 9.518816559943164697e-17 -4.341364444789734584e-19 9.999999999999930056e-01
3.011518716874854729e-01 -9.534843048916156194e-01 -1.323746594038767259e-02 -6.017778943018233662e+01 9.535732830274693539e-01 3.011562126374492943e-01 1.711574150994670104e-03 3.751818107801603475e+01 2.354586017893637185e-03 -1.313833761484644799e-02 9.999109160367444238e-01 -8.768305002066114628e-01 -4.651531365712390651e-17 1.016830568217005138e-16 -4.647498867141644312e-19 9.999999999999920064e-01
2.977134053813015879e-01 -9.545618273525273700e-01 -1.335836882720640821e-02 -5.997786024100015823e+01 9.546516968956738625e-01 2.977215432205189138e-01 1.421378413773914922e-03 3.817284952284281019e+01 2.620280606133946425e-03 -1.317575287655399496e-02 9.999097627614815798e-01 -8.823735497379022741e-01 -4.705275621117457572e-17 1.073736591423232960e-16 -5.186743812805645079e-19 9.999999999999907851e-01
2.955084862188194217e-01 -9.552619523580133665e-01 -1.222034982617961098e-02 -5.977477000403506935e+01 9.553313801579078612e-01 2.955363061765168275e-01 -4.957994739686050331e-04 3.882941452215592903e+01 4.085175421295663203e-03 -1.152797071343940848e-02 9.999252058194408876e-01 -8.861275767120406766e-01 -4.782491437387889552e-17 1.136350305208808533e-16 -5.948274308344888658e-19 9.999999999999893419e-01
2.947773962749359877e-01 -9.554965759210756193e-01 -1.151434099414091854e-02 -5.957182646731299513e+01 9.555519746946637971e-01 2.948168554051510681e-01 -1.856185911273381837e-03 3.949808368599013164e+01 5.168201086450076136e-03 -1.045538962433540525e-02 9.999319849496662860e-01 -8.847446296131925569e-01 -4.872979300851630474e-17 1.209934226337559960e-16 -6.705445175769706089e-19 9.999999999999877875e-01
2.943309773287399733e-01 -9.556364279654961935e-01 -1.132666456285958897e-02 -5.936370679335082912e+01 9.556922130222011980e-01 2.943645416954429050e-01 -1.382230497710373266e-03 4.017908059125181808e+01 4.655078238441147029e-03 -1.041797186895879017e-02 9.999348959351201938e-01 -8.840543538830312187e-01 -4.857614254251325799e-17 1.249333654977185267e-16 -7.594146674303122162e-19 9.999999999999862332e-01
2.934094997285187634e-01 -9.559039555972868030e-01 -1.258940596651300127e-02 -5.915726646486898943e+01 9.559815658234989133e-01 2.934262367337040489e-01 5.379609056348189609e-04 4.086646038572974504e+01 3.179823057813693961e-03 -1.219308286885503745e-02 9.999206055760246903e-01 -8.839362287588766742e-01 -4.829866109282083687e-17 1.309457904628957464e-16 -8.182545088468381408e-19 9.999999999999849010e-01
2.929245983760496164e-01 -9.560709746995360581e-01 -1.111175068938559905e-02 -5.895042563268485480e+01 9.561353583240684850e-01 2.928975049656121210e-01 4.028417482351195726e-03 4.156230079427674440e+01 -5.968489761270429940e-04 -1.180436030011696759e-02 9.999301479849757035e-01 -8.843362962701494245e-01 -4.828180087790608349e-17 1.380932379721219370e-16 -8.642113949719149261e-19 9.999999999999835687e-01
2.924652677670479539e-01 -9.562493896473287514e-01 -7.153457145919628161e-03 -5.873158192672428868e+01 9.562726017832935410e-01 2.924356347449600935e-01 4.910255584962117462e-03 4.226678106850453531e+01 -2.603503125044231113e-03 -8.276734291139438079e-03 9.999623580120420296e-01 -8.888915049109903377e-01 -4.783081464338936355e-17 1.458919674007032733e-16 -8.904035994463559530e-19 9.999999999999821254e-01
2.917993133328254385e-01 -9.564766203473371586e-01 -2.373913964438975361e-03 -5.851098828509910277e+01 9.564789380011653463e-01 2.917953781450453588e-01 1.870415285213091481e-03 4.296879968238118153e+01 -1.096311367709161501e-03 -2.816384603490178305e-03 9.999954330291723759e-01 -8.945822021958612646e-01 -4.626454273751405073e-17 1.503400369937770477e-16 -9.396620847928644675e-19 9.999999999999804601e-01
2.913983032766225278e-01 -9.566017150705311556e-01 -4.330954997318765798e-04 -5.828881505096320126e+01 9.565972005034658610e-01 2.913982742930068537e-01 -2.973504325636642728e-03 4.368107585438399809e+01 2.970662618899325667e-03 4.521761726769439669e-04 9.999954853399914967e-01 -8.952123575286867752e-01 -4.460514127958548746e-17 1.559373686177280742e-16 -1.028373054852656053e-18 9.999999999999787947e-01
2.912489134039913385e-01 -9.566390412398229071e-01 -3.976835027940103101e-03 -5.807409514638342785e+01 9.566254509446183718e-01 2.912678430789431006e-01 -5.548891162110597755e-03 4.440576346411403819e+01 6.466610082133671632e-03 -2.188233080379274349e-03 9.999766970235273167e-01 -8.956851658684013007e-01 -4.298185097047607184e-17 1.640756242329281919e-16 -1.149173022799226576e-18 9.999999999999770184e-01
2.908560307315706805e-01 -9.567115144333100396e-01 -1.028822326232069727e-02 -5.785565956289198652e+01 9.567164238575782687e-01 2.909342708725475846e-01 -7.136830739714368141e-03 4.514466370405660456e+01 9.821084878642107746e-03 -7.767121906425368885e-03 9.999216059817637170e-01 -8.980509159332437097e-01 -4.021220397391217925e-17 1.729494403143109606e-16 -1.257601702704256256e-18 9.999999999999750200e-01
2.904210798748888545e-01 -9.568540821549321729e-01 -9.266165757619923213e-03 -5.762934095372142451e+01 9.568476932001203084e-01 2.904921330094524801e-01 -7.537418471036049297e-03 4.588160561757921840e+01 9.903957888669498791e-03 -6.677284118167510843e-03 9.999286602028155668e-01 -8.983078481674270366e-01 -3.832760695813808588e-17 1.819913206229098725e-16 -1.319804202173554201e-18 9.999999999999729106e-01
2.897458073581263838e-01 -9.570919337634117285e-01 -4.732593739812013950e-03 -5.739436286679927690e+01 9.570665041044625898e-01 2.897745795871710106e-01 -7.375618368667021842e-03 4.662613701475949313e+01 8.430530208478176010e-03 -2.392352446919918108e-03 9.999616006678587743e-01 -9.008982574225400386e-01 -3.543837229868355947e-17 1.881730913747251159e-16 -1.426576511606138693e-18 9.999999999999706901e-01
2.901445237558536450e-01 -9.569703872040044024e-01 -4.881941132052030653e-03 -5.716392901047584729e+01 9.569700195203209026e-01 2.901632670866415298e-01 -3.695967107663106817e-03 4.738755752284879463e+01 4.953491062713646746e-03 -3.599506684173241645e-03 9.999812530632635754e-01 -8.966640202823654704e-01 -3.146652459105920890e-17 1.923866181316190102e-16 -1.559670002676072222e-18 9.999999999999683586e-01
2.912072152604281428e-01 -9.566368506374108849e-01 -6.655357459812441361e-03 -5.693494504272442214e+01 9.566599999099821838e-01 2.912005205836183941e-01 1.975192152567781939e-03 4.815901175385150879e+01 4.850195673089025992e-05 -6.942104473265719305e-03 9.999759021261938052e-01 -8.941625717042445132e-01 -2.722153041391623866e-17 1.971929459432072041e-16 -1.672803099973155211e-18 9.999999999999660272e-01
2.910121456797009065e-01 -9.566804862734118453e-01 -8.624282618558059416e-03 -5.669951534085073064e+01 9.567082686930430402e-01 2.909535451117562510e-01 7.437956791800745537e-03 4.894338128138792854e+01 -4.606482518545371857e-03 -1.041545825818279529e-02 9.999351471711207529e-01 -9.023968091589936735e-01 -2.324103647310142058e-17 2.060149082099382784e-16 -1.727468264669180486e-18 9.999999999999638067e-01
2.909380646453160191e-01 -9.567330892507597273e-01 -4.103470879681318795e-03 -5.645466172213232170e+01 9.567122632108402414e-01 2.908926270928030022e-01 9.117287152052358512e-03 4.972298124941524122e+01 -7.529140878179570867e-03 -6.578406791161161941e-03 9.999500170517416908e-01 -9.174107848469820192e-01 -1.796207224202257727e-17 2.146528574627679104e-16 -1.739837243633633355e-18 9.999999999999615863e-01
2.904351938770592390e-01 -9.568926657504994715e-01 1.955604926295343056e-03 -5.620930203229860922e+01 9.568606923848222978e-01 2.904414971834626824e-01 7.832757026669039460e-03 5.050577766052634132e+01 -8.063096574117316687e-03 -4.036668218338644782e-04 9.999674112323789776e-01 -9.271418029666738114e-01 -1.194844774881768827e-17 2.243505239110593559e-16 -1.773000195168526805e-18 9.999999999999593658e-01
2.895364814755256866e-01 -9.571666412206238927e-01 8.042570090492650887e-04 -5.597079985251110656e+01 9.571480983882167948e-01 2.895359455672913418e-01 6.037712832262512146e-03 5.129818688637050172e+01 -6.011958625905538742e-03 -9.783450627936654889e-04 9.999814494251738628e-01 -9.289518637268810997e-01 -5.286436674023968837e-18 2.322354306410121382e-16 -1.867204948309793501e-18 9.999999999999569233e-01
2.901046811989788088e-01 -9.569685814580035643e-01 -7.099862592667408392e-03 -5.573983001249617786e+01 9.569902090210148371e-01 2.900719950746561970e-01 5.289377212067656459e-03 5.210825684705709904e+01 -3.002296500418684573e-03 -8.328972076433741739e-03 9.999608064518964445e-01 -9.384273600773704871e-01 2.589368694748423046e-18 2.388280771156474216e-16 -1.967357257452710340e-18 9.999999999999544809e-01
2.893426120188843931e-01 -9.571784167637322760e-01 -9.504280714979808364e-03 -5.549612548970931414e+01 9.572246484978852443e-01 2.893420745068668309e-01 1.461584116489504821e-03 5.291033271216920753e+01 1.350991528177440107e-03 -9.520630332580772362e-03 9.999537651411759542e-01 -9.479843921269235363e-01 9.847986441296458086e-18 2.482013372878238056e-16 -2.019189166703698867e-18 9.999999999999522604e-01
2.884999782626179177e-01 -9.574404457348754116e-01 -8.692261709250215587e-03 -5.524737687156857646e+01 9.574635447281905076e-01 2.885362259289363518e-01 -3.225963914744158119e-03 5.371350434007779739e+01 5.596700716828011471e-03 -7.391833188572597205e-03 9.999570179478969312e-01 -9.512986594131768170e-01 1.754669615032246334e-17 2.550288820540346732e-16 -2.091859318988012654e-18 9.999999999999499289e-01
2.886404290950420060e-01 -9.573778801643499925e-01 -1.069098985125508869e-02 -5.500416547873507511e+01 9.574113621877253788e-01 2.886971539516745566e-01 -4.175745922740905190e-03 5.452633009804327457e+01 7.084225122598657338e-03 -9.030386061702169037e-03 9.999341307716425042e-01 -9.484760286812368157e-01 2.495089568441532655e-17 2.608989166514032999e-16 -2.222379764689674432e-18 9.999999999999473754e-01
2.889013912258306949e-01 -9.572207625641090400e-01 -1.626031562186889753e-02 -5.476981491737824825e+01 9.573437491708323144e-01 2.889505851120298119e-01 -7.108353626958494216e-04 5.535306522865913337e+01 5.378854080978730419e-03 -1.536135019493521138e-02 9.998675396516352176e-01 -9.461820016299343772e-01 3.224121608930912996e-17 2.662687649658522440e-16 -2.331704096163294951e-18 9.999999999999448219e-01
2.890495473510810709e-01 -9.572248903252897900e-01 -1.307166852524050717e-02 -5.452110289243672270e+01 9.573141365681768766e-01 2.890218050322043153e-01 4.005014683489121520e-03 5.617947910151019641e+01 -5.570250920944061441e-05 -1.367134074915260337e-02 9.999065413024359472e-01 -9.473445225264019998e-01 3.796939558353048970e-17 2.748287711118589137e-16 -2.363616486412168193e-18 9.999999999999421574e-01
2.881161974816011662e-01 -9.575714745702363917e-01 -6.777008063518286281e-03 -5.426619216818173186e+01 9.575802621045388374e-01 2.880645444124519394e-01 7.672019304682645841e-03 5.700891013082455316e+01 -5.394291098221416086e-03 -8.699962186828322230e-03 9.999476047681413737e-01 -9.519172998216028914e-01 4.339967784632497783e-17 2.815248338679617776e-16 -2.395627721296314238e-18 9.999999999999392708e-01
2.877196169732321174e-01 -9.576654660624235316e-01 -9.709640590144867286e-03 -5.401745644649138711e+01 9.576832516462541189e-01 2.876132433259355192e-01 1.101870136433115779e-02 5.784907431470963246e+01 -7.759608555816139945e-03 -1.246905670878410526e-02 9.998921497341102249e-01 -9.616901790020678797e-01 4.876697820157675289e-17 2.900546757070971449e-16 -2.392544048461090385e-18 9.999999999999362732e-01
2.881415865218698857e-01 -9.575248697699678679e-01 -1.097952133937890769e-02 -5.377093365310209094e+01 9.575606486745820156e-01 2.880281030945435750e-01 1.083586349284625626e-02 5.867926742162109832e+01 -7.213198075567786062e-03 -1.363582047404531331e-02 9.998810100074739804e-01 -9.749423176529506962e-01 5.353902606840583414e-17 2.998258902185197297e-16 -2.343267606515042932e-18 9.999999999999333866e-01
2.864010067551185923e-01 -9.580863154479606347e-01 -6.713827610701088126e-03 -5.351312861162624301e+01 9.581067039496310445e-01 2.863751123469289728e-01 4.564961666799712860e-03 5.950879755842517227e+01 -2.450954167216050448e-03 -7.739972860154013465e-03 9.999670422788122792e-01 -9.735111813671769587e-01 5.904804098910639371e-17 3.118026439983253029e-16 -2.283565863149084587e-18 9.999999999999303890e-01
2.858537851006429098e-01 -9.582550011434721737e-01 -5.913233239527387018e-03 -5.326223107808088031e+01 9.582702569060164155e-01 2.858628631218398386e-01 -7.336327559706263884e-04 6.034526529326839750e+01 2.393381041565884829e-03 -5.456763835427862197e-03 9.999822475702621061e-01 -9.773668457010088462e-01 6.480786500410842635e-17 3.239227151287225262e-16 -2.325786310001292538e-18 9.999999999999270583e-01
2.859165492662713581e-01 -9.582183595566761136e-01 -8.324798157916625529e-03 -5.301477991021512537e+01 9.582468684721140439e-01 2.859381954812766358e-01 -1.512424628066989319e-03 6.119349042091875646e+01 3.829610809075259699e-03 -7.544784534812901990e-03 9.999642045130471280e-01 -9.844025872344309702e-01 7.048280708456287255e-17 3.379427162025998419e-16 -2.440333831904862178e-18 9.999999999999233946e-01
2.851303281392881805e-01 -9.584641989758422298e-01 -6.861141083859952257e-03 -5.276251595030851860e+01 9.584885090145998099e-01 2.851280913754044022e-01 1.322722776630286907e-03 6.204248227819820727e+01 6.885216353240822870e-04 -6.953473266954936401e-03 9.999755872757685182e-01 -9.871070530374556062e-01 7.689483747156399978e-17 3.509733761363346051e-16 -2.534604874608039463e-18 9.999999999999198419e-01
2.844324105827977789e-01 -9.586924765420363759e-01 -2.634242197194688710e-03 -5.250717934261402320e+01 9.586894562390363417e-01 2.844191408505944985e-01 4.503200402422776263e-03 6.289227171740225231e+01 -3.567955443648576034e-03 -3.806276365438188754e-03 9.999863908845031402e-01 -9.911285772085858259e-01 8.298704557542172702e-17 3.658467425142037991e-16 -2.638109280493135524e-18 9.999999999999162892e-01
2.836889760896372237e-01 -9.589163231147350697e-01 -2.238515856349052166e-04 -5.225539230026129900e+01 9.588964775649952976e-01 2.836815865953410953e-01 6.504055669131734302e-03 6.374563977864018227e+01 -6.173342574605278354e-03 -2.059779390177754552e-03 9.999788233509493418e-01 -9.915295793777298972e-01 8.907744242649216778e-17 3.810533490500900226e-16 -2.764886206809275323e-18 9.999999999999127365e-01
2.835480853041406624e-01 -9.589408281841446113e-01 -5.742069493533550652e-03 -5.201240984386852517e+01 9.589517270546621397e-01 2.835194497133072256e-01 5.320414748539106439e-03 6.459580221947447853e+01 -3.473974542228701074e-03 -7.014960872673926817e-03 9.999693604430387461e-01 -9.921002166287989921e-01 9.539370804364140332e-17 3.988628438064682586e-16 -2.891422242426269515e-18 9.999999999999095168e-01
2.835199143948739509e-01 -9.589560586600884839e-01 -4.442488136327039580e-03 -5.176096982532003921e+01 9.589658349538618953e-01 2.835215159113735894e-01 2.782202570664178243e-04 6.544585673261178727e+01 9.927399696693988904e-04 -4.339075328401172972e-03 9.999900933972634132e-01 -1.000182502450601696e+00 1.001088872018365405e-16 4.176323722342555008e-16 -2.945460930173541344e-18 9.999999999999062972e-01
2.831169227715201187e-01 -9.590793062588204299e-01 -3.419407360424672054e-03 -5.150730036433246539e+01 9.590759507682927731e-01 2.831281612592978503e-01 -3.430008713774217698e-03 6.629672090305167842e+01 4.257780896216688607e-03 -2.308377853149082976e-03 9.999882712779903926e-01 -1.008490609748360578e+00 1.063206085786416584e-16 4.349682301197383066e-16 -3.094292696653992963e-18 9.999999999999029665e-01
2.836724103578890932e-01 -9.589061848598084969e-01 -5.375150190140106331e-03 -5.126062972152321606e+01 9.589194236851098507e-01 2.836783533722555539e-01 -3.615347487649335175e-04 6.715503623264386590e+01 1.871491661695087261e-03 -5.051778488949481422e-03 9.999854884212436845e-01 -1.012734982049241950e+00 1.124849324060259388e-16 4.518290594900691280e-16 -3.311522551106815828e-18 9.999999999998996358e-01
2.839062988503739393e-01 -9.588371903914995054e-01 -5.334397382477472707e-03 -5.101051323740643539e+01 9.588431109935469099e-01 2.838752706681068605e-01 5.892300338366216611e-03 6.802063412640853812e+01 -4.135453200583594745e-03 -6.787711362281381201e-03 9.999684120017493516e-01 -1.003564568643105170e+00 1.189182226121886102e-16 4.705249610504834650e-16 -3.454753264195822778e-18 9.999999999998964162e-01
2.831730819399563837e-01 -9.590602483381595045e-01 -4.055332587344391906e-03 -5.075810251502994674e+01 9.590338973374921139e-01 2.831241534090224721e-01 9.731264770674914397e-03 6.887722471801004076e+01 -8.184706602026744354e-03 -6.644833652537219734e-03 9.999444268376014300e-01 -9.979507948193923061e-01 1.266540185615874884e-16 4.887067034109456199e-16 -3.520682728885606718e-18 9.999999999998930855e-01
2.832872404229035967e-01 -9.590237026854072644e-01 -4.677296373835650861e-03 -5.050975596265265466e+01 9.589933393422589436e-01 2.832260154877546121e-01 1.071444109909992434e-02 6.972569552548077354e+01 -8.950670959849390054e-03 -7.520760520287066500e-03 9.999316594900743427e-01 -1.004594051982903080e+00 1.361392614433915330e-16 5.061306572738224184e-16 -3.539711003192293355e-18 9.999999999998896438e-01
2.836777141114139034e-01 -9.589042565051820732e-01 -5.438876077780457896e-03 -5.025568200245742645e+01 9.588633367592076517e-01 2.835949980486757727e-01 1.244903613630783321e-02 7.058897023138467830e+01 -1.039499568982969226e-02 -8.746652978210331039e-03 9.999077158049610725e-01 -1.022571885148791049e+00 1.460895198230015146e-16 5.241916150282855437e-16 -3.535981698802705724e-18 9.999999999998860911e-01
2.837089674402017425e-01 -9.588780217532917316e-01 -7.884236978471249532e-03 -5.001053347902062285e+01 9.588600086185221638e-01 2.836001388950032398e-01 1.258749739924083441e-02 7.144496941244841537e+01 -9.833903902835923819e-03 -1.113106542693460300e-02 9.998896907741857687e-01 -1.035825227553343941e+00 1.567954841408825541e-16 5.418050788962823440e-16 -3.511204540848941346e-18 9.999999999998826494e-01
2.838789353485640654e-01 -9.588051554940795196e-01 -1.026761235956930550e-02 -4.976483078036649488e+01 9.588422417143711574e-01 2.837919540618268899e-01 9.147803773709939357e-03 7.229197686054615701e+01 -5.857095644613516741e-03 -1.244188924797449101e-02 9.999054424407116670e-01 -1.043255509587764029e+00 1.690228193414337402e-16 5.564821226060163331e-16 -3.455615189193224962e-18 9.999999999998792077e-01
2.837791813019334142e-01 -9.588357176071118371e-01 -1.017068830946517288e-02 -4.951251263227809574e+01 9.588873543913272179e-01 2.837857859217862155e-01 8.181058044576838047e-04 7.313286119603075974e+01 2.101867709165906005e-03 -9.984705800820942515e-03 9.999479425461144100e-01 -1.039492730241662111e+00 1.817504445781846737e-16 5.697761553587478711e-16 -3.433732275998661152e-18 9.999999999998757660e-01
2.834218340487381638e-01 -9.589454159963474167e-01 -9.785352537008101814e-03 -4.925971496236113012e+01 9.589531622971103619e-01 2.834903135696665855e-01 -6.486496164693635047e-03 7.397725529258812571e+01 8.994248422110081090e-03 -7.545280120019384751e-03 9.999310837468917690e-01 -1.039690631746587490e+00 1.947539378675449294e-16 5.835579599895437797e-16 -3.527543351028509386e-18 9.999999999998722133e-01
2.837306488596714193e-01 -9.588497085868088465e-01 -1.020564750004542866e-02 -4.900792161383699863e+01 9.588661973602629063e-01 2.837979165403702875e-01 -5.861580602850868099e-03 7.483075294014466294e+01 8.516716350353139425e-03 -8.122740342189051221e-03 9.999307409175602901e-01 -1.035114933745059806e+00 2.080911606137160924e-16 5.944752944400902026e-16 -3.758343963272008630e-18 9.999999999998685496e-01
2.838624337625019756e-01 -9.588235022892928061e-01 -8.922452373663619998e-03 -4.875685034988457289e+01 9.588621190269175365e-01 2.838721597124981844e-01 1.833993439034134476e-04 7.568898822200185350e+01 2.356988223999470847e-03 -8.607461774050828920e-03 9.999601773112358760e-01 -1.027602898711334145e+00 2.206716308625952378e-16 6.058857005023482568e-16 -3.960576883595684054e-18 9.999999999998649969e-01
2.836084250225001102e-01 -9.589068734592010035e-01 -7.991826399303359960e-03 -4.850567477289885687e+01 9.589283266758754642e-01 2.835536408505757167e-01 7.334647839854960445e-03 7.654978739808028365e+01 -4.767132755474925987e-03 -9.743756638137104908e-03 9.999411650951592900e-01 -1.023081714372037210e+00 2.339610441091594154e-16 6.158833996234251578e-16 -4.085475657682211579e-18 9.999999999998616662e-01
2.834272888371643373e-01 -9.589622317084847136e-01 -7.772393411315478909e-03 -4.825616352119359931e+01 9.589523612153312282e-01 2.833304756868615937e-01 1.158492410601343753e-02 7.740275976807454583e+01 -8.907348752425124638e-03 -1.073683864484095869e-02 9.999026849819495633e-01 -1.027629261994181142e+00 2.481355999033735404e-16 6.268188260707753497e-16 -4.072292925982817378e-18 9.999999999998583355e-01
2.832869788220681584e-01 -9.590048149042537107e-01 -7.632340438514490823e-03 -4.800360147188511206e+01 9.589925529650576985e-01 2.831903756119244497e-01 1.168308684730058264e-02 7.825393010859572485e+01 -9.042731183927238056e-03 -1.062902401853101780e-02 9.999026216893033281e-01 -1.035269824600802968e+00 2.633233958239906931e-16 6.367010690602348124e-16 -3.998761796540140678e-18 9.999999999998548939e-01
2.838169243407949183e-01 -9.588196559832692367e-01 -1.062171163723583771e-02 -4.775606649827521011e+01 9.588590871571455176e-01 2.837233054915285213e-01 9.504572429602632308e-03 7.910938022996435848e+01 -6.099543731528719349e-03 -1.288228323868489608e-02 9.998984160127555310e-01 -1.047518631665107502e+00 2.790594362621463334e-16 6.468550499599435437e-16 -3.935605102355579080e-18 9.999999999998513411e-01
2.842220197678433924e-01 -9.586669473646119988e-01 -1.324867955505836317e-02 -4.750809557077739242e+01 9.587524654392809431e-01 2.841441055488959089e-01 7.472435738207425238e-03 7.996075480037450234e+01 -3.399042956653895546e-03 -1.482603496534066513e-02 9.998843109051046563e-01 -1.059096287508604295e+00 2.953827537366906117e-16 6.584017440216671211e-16 -3.907108236264055796e-18 9.999999999998475664e-01
2.834441909296744333e-01 -9.588958938296189283e-01 -1.334374104847406081e-02 -4.725483154243521966e+01 9.589846124468073274e-01 2.833747417055398343e-01 6.875234796658856104e-03 8.081626935406602286e+01 -2.811355242638219603e-03 -1.474518770236675491e-02 9.998873315135614614e-01 -1.066259624961885866e+00 3.115154953246058634e-16 6.691028744615682558e-16 -3.881025952165600947e-18 9.999999999998436806e-01
2.825051181039851533e-01 -9.591755008196845012e-01 -1.316118811555821999e-02 -4.700515384898526605e+01 9.592562917577214243e-01 2.824146709767801910e-01 8.325883751656397783e-03 8.167059154061468007e+01 -4.269071105946697746e-03 -1.497705727945300089e-02 9.998787240396346254e-01 -1.070271892874440800e+00 3.271173296271950016e-16 6.817584446124897730e-16 -3.893593372170133091e-18 9.999999999998399058e-01
2.824109683650945501e-01 -9.591866991255988406e-01 -1.431506786155495488e-02 -4.675751530630137864e+01 9.592634813663404314e-01 2.822526040811492720e-01 1.212603835898222113e-02 8.252686174264150054e+01 -7.590669525503635807e-03 -1.715644806827916480e-02 9.998240035255304692e-01 -1.071391922151289977e+00 3.440838239773686099e-16 6.925250828724787531e-16 -3.951948876154995172e-18 9.999999999998360201e-01
2.821668627102191240e-01 -9.592653850146830585e-01 -1.384856314419313957e-02 -4.650737215265414903e+01 9.593196833382798827e-01 2.819832018993922440e-01 1.382819605930789807e-02 8.337636881234772090e+01 -9.359847639787869517e-03 -1.718705790919071788e-02 9.998084808064836571e-01 -1.073871977642287812e+00 3.607882229752203760e-16 7.059193101707216944e-16 -3.887137052043043204e-18 9.999999999998321343e-01
2.812504404795421742e-01 -9.595507229828021956e-01 -1.267279580445371256e-02 -4.625147741177032401e+01 9.595940392409988418e-01 2.810929630077449448e-01 1.288510770685786719e-02 8.423038684536264498e+01 -8.801680693563575589e-03 -1.578468153266843893e-02 9.998366737852046882e-01 -1.083522925658651381e+00 3.770310618422709411e-16 7.196952722614935289e-16 -3.823166655508517700e-18 9.999999999998281375e-01
2.806068598471120334e-01 -9.597108900622984828e-01 -1.465597839898268549e-02 -4.601249502597002561e+01 9.597944542180026906e-01 2.804485301313858758e-01 1.196777337097670348e-02 8.508076443763805230e+01 -7.375354834295396421e-03 -1.742496609349067360e-02 9.998209713232106832e-01 -1.097847157971410859e+00 3.943467854406529443e-16 7.341283566891605025e-16 -3.760285317153319727e-18 9.999999999998241407e-01
2.798584994789143354e-01 -9.599362186815579845e-01 -1.420127927412879153e-02 -4.576420623373251573e+01 9.600160831953075125e-01 2.797134132020537289e-01 1.138097013199546557e-02 8.593618471723316077e+01 -6.952717135836914385e-03 -1.681851772888295904e-02 9.998343848787213384e-01 -1.108955670962637363e+00 4.122618466326386884e-16 7.479168725139222155e-16 -3.690211782366104612e-18 9.999999999998200328e-01
2.784165477372468334e-01 -9.604114298468053867e-01 -9.701101275099514518e-03 -4.551178005076356214e+01 9.604444795427596882e-01 2.783395242551632287e-01 8.573852879199928001e-03 8.678210434157922748e+01 -5.534226389349536715e-03 -1.170447168460373062e-02 9.999161853279674439e-01 -1.108295950651252637e+00 4.311045361017787214e-16 7.630219748146557114e-16 -3.554381158999316744e-18 9.999999999998157030e-01
2.769909593867425079e-01 -9.607631011854323999e-01 -1.450075235378126166e-02 -4.527065592794338045e+01 9.608717647401943118e-01 2.769402186143050670e-01 5.437558171880278561e-03 8.763314387077706158e+01 -1.208363725169013005e-03 -1.543951795900456309e-02 9.998800733799427798e-01 -1.112822223974440750e+00 4.515212262000903134e-16 7.755679071318224247e-16 -3.487103999527740491e-18 9.999999999998113731e-01
2.763398249458894895e-01 -9.608092925231493941e-01 -2.195004670391751886e-02 -4.504011764243642801e+01 9.610514846835598313e-01 2.763613747545892729e-01 2.105785180345610616e-03 8.848351356024581094e+01 4.042887113680712630e-03 -2.167703728180083930e-02 9.997568509985056417e-01 -1.123513042958828256e+00 4.723453141564978841e-16 7.859965158074525706e-16 -3.492929754756155481e-18 9.999999999998067102e-01
2.749863291761417416e-01 -9.611666098559669136e-01 -2.326514269208117616e-02 -4.480402649087794487e+01 9.614342703881760821e-01 2.750318027918038921e-01 1.284981008265946882e-03 8.933436756931914147e+01 5.163573297358981483e-03 -2.272125770017939875e-02 9.997285041246468662e-01 -1.128204580092492693e+00 4.941830672037644043e-16 7.938383082904542135e-16 -3.625436291314866979e-18 9.999999999998016031e-01
2.737630405032724368e-01 -9.615574214085215177e-01 -2.147377444380403275e-02 -4.456418968144971871e+01 9.617942327438072647e-01 2.737491482756945205e-01 3.641109587380871818e-03 9.018797385094210028e+01 2.377291518340522974e-03 -2.165015364675673681e-02 9.997627815297429610e-01 -1.111726952448322647e+00 5.165148720887513246e-16 8.004034206083076294e-16 -3.782481874873949318e-18 9.999999999997966071e-01
2.732547264356102179e-01 -9.617592151214918728e-01 -1.873677159373123013e-02 -4.432419444853687907e+01 9.619399237978373263e-01 2.731648362571176269e-01 7.249499043162098422e-03 9.104330615840312646e+01 -1.854045365392853039e-03 -2.000460851694371364e-02 9.997981687089887437e-01 -1.102931630707085553e+00 5.378286897298359895e-16 8.061350989853117995e-16 -3.922141990325319358e-18 9.999999999997915001e-01
2.721204115322151673e-01 -9.620665681499173116e-01 -1.945250821979340253e-02 -4.409411832266182785e+01 9.622548598126079433e-01 2.719782361964932504e-01 9.665598916024465553e-03 9.190033535870597348e+01 -4.008290703041466480e-03 -2.134847732479357857e-02 9.997640602269788346e-01 -1.107267067030904384e+00 5.610202401132284096e-16 8.086264489009318061e-16 -3.989726022872318656e-18 9.999999999997862821e-01
2.711218272040745170e-01 -9.623877991843206026e-01 -1.739766636492829505e-02 -4.386315409989606451e+01 9.625333540746291439e-01 2.709851795525530793e-01 9.827245629220599313e-03 9.274984872807824843e+01 -4.743111549458859863e-03 -1.941021495070191852e-02 9.998003532947858929e-01 -1.118398872656091392e+00 5.856492331860587224e-16 8.125472946661354811e-16 -3.908721555018405252e-18 9.999999999997809530e-01
2.697678274539176968e-01 -9.628250923445292875e-01 -1.389823092348449994e-02 -4.362852265982230904e+01 9.629067275406235638e-01 2.696446211282473859e-01 1.011989889039751657e-02 9.359867851662971816e+01 -5.996109371952633958e-03 -1.611272319487030980e-02 9.998522024897613658e-01 -1.131445521080847394e+00 6.115249148095766962e-16 8.153263595157469282e-16 -3.872901712191959800e-18 9.999999999997755129e-01
2.689393726726882483e-01 -9.630642795846096060e-01 -1.337188150027182783e-02 -4.340146984846187905e+01 9.631229046132354643e-01 2.687869021227801691e-01 1.216025725642607379e-02 9.445068893621036921e+01 -8.116922790216151568e-03 -1.614913730878609135e-02 9.998366471222088769e-01 -1.137422061623772240e+00 6.391400724751636561e-16 8.149464502038507373e-16 -3.926311027272911826e-18 9.999999999997697397e-01
2.686425621451248302e-01 -9.630570603523428419e-01 -1.876891871856426267e-02 -4.318337331013683666e+01 9.632061933857697378e-01 2.684190569696701667e-01 1.360289964478466652e-02 9.529979211243622217e+01 -8.062433081401448876e-03 -2.173265656607334742e-02 9.997313083080716645e-01 -1.134967119126613966e+00 6.670278939854993347e-16 8.139332500302266859e-16 -3.888935438027389050e-18 9.999999999997641886e-01
2.683157558559980393e-01 -9.630525536621286076e-01 -2.316104584280167730e-02 -4.296462652743002764e+01 9.633053556994640720e-01 2.680555486839712453e-01 1.374825444924631691e-02 9.615554767800881564e+01 -7.031844704262295818e-03 -2.600003278824311592e-02 9.996372099192005756e-01 -1.138379881106515779e+00 6.947469093424008782e-16 8.122039645882975761e-16 -3.785718179580062316e-18 9.999999999997588596e-01
2.686870881392797727e-01 -9.628847543812784071e-01 -2.569432714807935031e-02 -4.273806014157881350e+01 9.632161479939430615e-01 2.684587047526847403e-01 1.202397963063593124e-02 9.700289858004775567e+01 -4.679840887672170359e-03 -2.797987889569248862e-02 9.995975317427642226e-01 -1.147820666217626906e+00 7.232548308921478307e-16 8.132328618209722779e-16 -3.668946517062063179e-18 9.999999999997537525e-01
2.702048041426228786e-01 -9.624400077974272216e-01 -2.643095173059127612e-02 -4.250611834752947971e+01 9.627938615072413331e-01 2.699816981211359268e-01 1.174150431332302881e-02 9.784741381737210020e+01 -4.164620271692600663e-03 -2.862016895335066716e-02 9.995816834391538785e-01 -1.160624088832001188e+00 7.501873981972386982e-16 8.168711545275858035e-16 -3.555969946715705488e-18 9.999999999997488676e-01
2.713549904801524359e-01 -9.621560107645303894e-01 -2.494554251661663252e-02 -4.226631440837479659e+01 9.624533509744488402e-01 2.710660681783544912e-01 1.437824329740873541e-02 9.869840768624153782e+01 -7.072223084287551642e-03 -2.791052906010526788e-02 9.995854070704563998e-01 -1.173923877055722986e+00 7.741047206643898310e-16 8.221190896739812431e-16 -3.570104135917385498e-18 9.999999999997438715e-01
