1.000000000000000000e+00 -3.306050084167601550e-19 -2.270457535318767223e-19 -8.673617379884035472e-19 7.546676715296109287e-19 1.000000000000000000e+00 6.237773588823049983e-19 1.387778780781445676e-17 -3.447385680526250622e-20 4.770700176052009879e-20 1.000000000000000222e+00 5.551115123125782702e-17
9.998281149007556268e-01 1.156223773176448706e-03 1.850403806453602973e-02 2.150414163380742066e-02 -1.160328050211851137e-03 9.999992964183478383e-01 2.111878431293629530e-04 2.345954392320118154e-03 -1.850378246105233160e-02 -2.326236088295475667e-04 9.998287890898323038e-01 1.560118067856597901e-01
9.992947690382552040e-01 4.005439336309705306e-03 3.733844285070263974e-02 3.178429049651864541e-02 -3.969420890343203223e-03 9.999915727377610697e-01 -1.038732134265577065e-03 -3.363006465203488560e-03 -3.734229271107260273e-02 8.898538802495589185e-04 9.993022798403475848e-01 2.682303306928133790e-01
9.979432878607289448e-01 5.597497411833900205e-03 6.383891512557381132e-02 5.972869405207528737e-02 -5.645385518321952359e-03 9.999839223705969671e-01 5.697324027095666344e-04 -6.658519084330641324e-03 -6.383470734151912296e-02 -9.290541108743156007e-04 9.979588175816318518e-01 4.192687501476511924e-01
9.951619312775250581e-01 4.794111677969155848e-03 9.813658125697057033e-02 1.019943713448566019e-01 -5.145192947846934442e-03 9.999812391874757234e-01 3.325076512974377545e-03 -7.384345750332088620e-03 -9.811881242154696370e-02 -3.813895695804318548e-03 9.951679157128254793e-01 6.146673495125871689e-01
9.908598087990380110e-01 1.566466214522110444e-03 1.348468390391633076e-01 1.903869417141210441e-01 -2.237815371818215309e-03 9.999858735015159095e-01 4.827016920394535705e-03 1.068074438197383347e-03 -1.348373752015178395e-01 -5.084734064432736532e-03 9.908493140564104129e-01 8.000433002587703513e-01
9.848170625353800389e-01 -2.189294102078415214e-03 1.736101640972539384e-01 2.547348137483990138e-01 9.356381225591221687e-04 9.999729101528782582e-01 7.302374345303286329e-03 -8.862490703200956443e-03 -1.736214496684000685e-01 -7.029108785168804163e-03 9.847924061760300329e-01 9.824149300871880541e-01
9.760327286154064641e-01 -1.463699770081340222e-03 2.176276540996008035e-01 3.535805411255597552e-01 -1.592704002741026118e-04 9.999722949796607807e-01 7.437526690720993282e-03 -5.221023743268812800e-03 -2.176325249750591662e-01 -7.293864313663821208e-03 9.760054887569230564e-01 1.185122956146760664e+00
9.640104978720825946e-01 -9.813145759573445922e-04 2.658996592107039092e-01 4.431388275858915149e-01 -1.834767902929749150e-03 9.999447995293759828e-01 1.034151124560071973e-02 3.006522485959756130e-04 -2.658951364459741784e-01 -1.045717890063277422e-02 9.639555073470769120e-01 1.421041186654171229e+00
9.500123257564970780e-01 -5.605932500444965952e-03 3.120743069252728819e-01 5.814654060829833604e-01 8.662221271542549952e-05 9.998434526077343287e-01 1.768596421269548816e-02 1.231074176270449683e-02 -3.121246858171351501e-01 -1.677432796503727092e-02 9.498641155681114556e-01 1.652518697693219352e+00
9.328774626892299970e-01 -1.534351595815937330e-02 3.598733919162682704e-01 7.143152456545804885e-01 6.334891325546728076e-03 9.996366475388122064e-01 2.619714652714257366e-02 3.886666628538038015e-03 -3.601447370914452883e-01 -2.215785213176997212e-02 9.326357453856665147e-01 1.865284367104792063e+00
9.119657874516998719e-01 -2.080259209999583622e-02 4.098131229500817097e-01 8.737345192813289474e-01 8.776452104629640580e-03 9.994742908476061949e-01 3.120650100767573612e-02 3.015142134913689764e-03 -4.102471103583881784e-01 -2.486156662698860154e-02 9.116690120289105970e-01 2.091008547704919618e+00
8.867033867518890888e-01 -2.335672624650248635e-02 4.617577249013578022e-01 1.061004025989054078e+00 7.721453650258058854e-03 9.993318785506440927e-01 3.571403052264461586e-02 7.360262885474269656e-03 -4.622837165925486880e-01 -2.810030477711318933e-02 8.862914425374329719e-01 2.333851258619972668e+00
8.582844460601619652e-01 -2.438756117864653364e-02 5.126888379111720351e-01 1.243692715848325081e+00 4.932696804280434222e-03 9.992160342602676160e-01 3.928728819217712498e-02 2.888934149231550674e-02 -5.132450630381164558e-01 -3.119095831204035663e-02 8.577318919635061878e-01 2.555244310757291970e+00
8.263394052821561031e-01 -3.001175170397615832e-02 5.624340449075219128e-01 1.476247636032852029e+00 6.326889698009671367e-03 9.990107752995347479e-01 4.401237638567009891e-02 3.026242157706142411e-02 -5.631987200728938436e-01 -3.281141028463271936e-02 8.257117715324149287e-01 2.776287487746144311e+00
7.903653910932394444e-01 -3.571478512725301951e-02 6.116510637773419079e-01 1.708031906243155040e+00 8.770370043702877677e-03 9.988567528344386437e-01 4.699953195481033213e-02 3.536470010479770415e-02 -6.126299762359516121e-01 -3.178792018184169871e-02 7.897747528160966590e-01 2.992583556270261624e+00
7.526069579473011473e-01 -3.962253453832523947e-02 6.573787816767674430e-01 1.966653929125396605e+00 8.769902289087578087e-03 9.987025441288119865e-01 5.016479244523503606e-02 4.900329845668093681e-02 -6.585136145024849119e-01 -3.199024865341653506e-02 7.519779921064738692e-01 3.220011336411783720e+00
7.128735877169575241e-01 -4.180777358152067830e-02 7.000559457471970948e-01 2.254770244322096939e+00 9.398478477999858485e-03 9.987015713215405821e-01 5.006621885882584638e-02 5.978510633041389521e-02 -7.012399462239233827e-01 -2.911616748192515092e-02 7.123404655800323892e-01 3.439297388994870808e+00
6.705899840161896330e-01 -4.479371619488356493e-02 7.403882905230808609e-01 2.554900461020103375e+00 9.442978038526509549e-03 9.986098984301822190e-01 5.184614556127615376e-02 7.422583886992489832e-02 -7.416818428090494741e-01 -2.777201368706553458e-02 6.700807228697903684e-01 3.643367365705487693e+00
6.278329107054504421e-01 -4.520929308471588470e-02 7.770715230821655384e-01 2.900192532521179256e+00 4.836457158695600667e-03 9.985188580716600759e-01 5.418861210071861806e-02 1.016970596789686376e-01 -7.783709597027655969e-01 -3.025746212682494177e-02 6.271219303157545832e-01 3.876529639880615274e+00
5.868973934297194717e-01 -4.572314024176455521e-02 8.083518208758078138e-01 3.245558453189407278e+00 1.979470750698796196e-03 9.984821728487682790e-01 5.502993831585124840e-02 1.096527923244275254e-01 -8.096416432366829730e-01 -3.069042736962735579e-02 5.860972746944128620e-01 4.067913159641866727e+00
5.463877101891136956e-01 -4.777882028306442569e-02 8.361233183487255527e-01 3.626000185352077576e+00 5.970338577421539566e-04 9.983935341771745797e-01 5.666285232080625622e-02 1.359844408456168940e-01 -8.374869704035429185e-01 -3.046614135156125100e-02 5.455383295129540011e-01 4.283383935097113238e+00
5.074111009396522487e-01 -4.928461148523501784e-02 8.601272576187750651e-01 4.045161091966947176e+00 -1.142568359027960846e-03 9.983236923050763378e-01 5.787971850853709799e-02 1.456990470334535714e-01 -8.615370832999535988e-01 -3.035878789637242933e-02 5.065041860948713559e-01 4.487133635300449619e+00
4.709086694512180649e-01 -4.920679495398650599e-02 8.808564755601100416e-01 4.468732196568155679e+00 -4.343961419887979770e-03 9.983015488753942401e-01 5.809894575695732227e-02 1.700706874132960345e-01 -8.822196253677172528e-01 -3.118139253553193352e-02 4.698953519897026143e-01 4.688330380887435034e+00
4.344118090260850606e-01 -4.943317974673731158e-02 8.994868204178505522e-01 4.936791376816226595e+00 -4.781567202151669992e-03 9.983519301160942439e-01 5.717801606574385298e-02 1.970833220359570204e-01 -9.008322165520705749e-01 -2.912491134433989673e-02 4.334598941471581868e-01 4.878923067709054706e+00
4.004534073929228444e-01 -4.846011754646988717e-02 9.148877751504995715e-01 5.434971794272589918e+00 -3.533951890949908053e-03 9.985114544237165823e-01 5.444279178836194250e-02 2.199573247205151016e-01 -9.161631149126583384e-01 -2.504944010436643831e-02 3.996859691674762849e-01 5.070969533863165957e+00
3.704468892298472538e-01 -4.661992233603652613e-02 9.276368210077233778e-01 5.956562924845746565e+00 -1.909170075478931663e-03 9.986998681508526543e-01 5.093309757347552758e-02 2.438433491332242520e-01 -9.288045744978317142e-01 -2.065452349973352295e-02 3.698754379585031393e-01 5.246118297322691859e+00
3.453475789723511324e-01 -4.371927949348816678e-02 9.374855682975213877e-01 6.510356567302123310e+00 -1.040856155296830676e-03 9.988958803713497980e-01 4.696069250102815479e-02 2.704737442798746394e-01 -9.385039102568829561e-01 -1.719405332755533089e-02 3.449206725361057546e-01 5.442568395901501432e+00
3.253370754909445384e-01 -4.333035061875457200e-02 9.446844601014198206e-01 7.093179741496090429e+00 9.321067127894838592e-05 9.989506356398145659e-01 4.580389472010162888e-02 2.990227795685117540e-01 -9.456783785468709791e-01 -1.480937268607846954e-02 3.250001683362515048e-01 5.620553276545986243e+00
3.112010884496062002e-01 -4.508791335590565247e-02 9.493948966511817078e-01 7.685520219945844111e+00 1.731096891938546786e-03 9.988989613859755590e-01 4.687345786423499638e-02 3.257834174932290883e-01 -9.504635869900935896e-01 -1.293944548696169747e-02 3.109366883216906352e-01 5.800593207378040184e+00
2.975357453538656771e-01 -4.691357930225546063e-02 9.536108591572675097e-01 8.309106475395942937e+00 3.151424553734849532e-03 9.988341155314701680e-01 4.816750582527466046e-02 3.469849398602455337e-01 -9.547596658948184212e-01 -1.131551837308004960e-02 2.973373727820379231e-01 6.000814299441203481e+00
2.872002494757122659e-01 -4.821911371362011534e-02 9.567212389310042475e-01 8.966536798231992123e+00 1.372312029261793824e-03 9.987515211908635226e-01 4.993470260706062841e-02 3.782593240208163565e-01 -9.579350871698023573e-01 -1.302522289668247256e-02 2.869082318511244623e-01 6.190507939546126437e+00
2.761517751341217575e-01 -4.977584129250891415e-02 9.598266986798735800e-01 9.638834271824668676e+00 2.255711497118598381e-04 9.986616565721440075e-01 5.171845852627175028e-02 4.092981715732317283e-01 -9.611161321988750394e-01 -1.407416249334060218e-02 2.757930276729304575e-01 6.380291124041626460e+00
2.657406178387869411e-01 -5.132950047136724397e-02 9.627081460330505491e-01 1.034010717922935996e+01 -1.233780187341634903e-03 9.985622316747045923e-01 5.358649293570674765e-02 4.404683330714284084e-01 -9.640753591770426789e-01 -1.541840121514281674e-02 2.652956249890720541e-01 6.574465177058733012e+00
2.551525568213351414e-01 -5.364856936666762000e-02 9.654189380695438194e-01 1.106348590184471625e+01 -2.285360807331393747e-03 9.984226243383024224e-01 5.610330720157331863e-02 4.715698521482364347e-01 -9.669065037903757931e-01 -1.651525810659934534e-02 2.546280570891876205e-01 6.766077061326670972e+00
2.457232992178315922e-01 -5.449763314363885447e-02 9.678556758954973693e-01 1.181134667985377540e+01 -2.679668382506711702e-03 9.983759715398397017e-01 5.689786387315592248e-02 5.082426047941764891e-01 -9.693858136092917688e-01 -1.656399182996770927e-02 2.451784943971674069e-01 6.960456875654956299e+00
2.337963878801125606e-01 -5.627113122898411840e-02 9.705905822654699033e-01 1.257092782920578777e+01 -3.531243459502589506e-03 9.982687958403583250e-01 5.871129270027937441e-02 5.402283840122263925e-01 -9.722129729446186142e-01 -1.717086946007463297e-02 2.331920287991749163e-01 7.141850714049999382e+00
2.241862953145075943e-01 -5.930850740953211298e-02 9.727265121521354585e-01 1.334698966532124942e+01 -4.462809030168806562e-03 9.980737331177604865e-01 6.187779229749622995e-02 5.775260476829717771e-01 -9.745224626743707041e-01 -1.821740223519701177e-02 2.234895226255476097e-01 7.324528582665517540e+00
2.133762070747277639e-01 -6.296601440056132093e-02 9.749391681022722134e-01 1.413591441754646105e+01 -6.207630043417002204e-03 9.978131230331710455e-01 6.580310146643963964e-02 6.223333820156774498e-01 -9.769511111375955847e-01 -2.008552566784869639e-02 2.125189597537804065e-01 7.499957010075493535e+00
2.005732035255757550e-01 -6.690737718146326507e-02 9.773858022601910056e-01 1.494938241205411344e+01 -7.177597753763424043e-03 9.975377171509678398e-01 6.976714949594475801e-02 6.600572532859839692e-01 -9.796473185966919628e-01 -2.100553068217355518e-02 1.995994473606804154e-01 7.666135086602694493e+00
1.883992379078232859e-01 -6.894319637493104280e-02 9.797535213301267198e-01 1.574679906872805191e+01 -8.460382960842297018e-03 9.973817297711989882e-01 7.179726063698717298e-02 7.030829745738953473e-01 -9.821405016945611299e-01 -2.179345765264754584e-02 1.873228595590607504e-01 7.821316303676358217e+00
1.736501032627583430e-01 -6.934237463840892124e-02 9.824052262807667635e-01 1.656346099491540258e+01 -8.358091689781549372e-03 9.973777949265492104e-01 7.188794244164475877e-02 7.425978276972406977e-01 -9.848148344819633859e-01 -2.068687068584713559e-02 1.726157224209297625e-01 7.963511188991514445e+00
1.582547693060620819e-01 -6.832659944255571605e-02 9.849900152238149076e-01 1.738442088361780691e+01 -1.023054610506947751e-02 9.974361921598403624e-01 7.084290436109401401e-02 7.876316611952026703e-01 -9.873035976519564105e-01 -2.130748008274807592e-02 1.571497088813113563e-01 8.093409706124489844e+00
1.434219023653878766e-01 -6.660424573843368168e-02 9.874260869886848369e-01 1.820495687154574682e+01 -1.095505300039038149e-02 9.975638638279878956e-01 6.888590428927680864e-02 8.227836047979764089e-01 -9.896106286602394109e-01 -2.067070438223713932e-02 1.423438398628377455e-01 8.215502073059164800e+00
1.207909485900017510e-01 -6.592340124667553369e-02 9.904330984009023231e-01 1.904223556075534773e+01 -1.345243934565413385e-02 9.975924675249288054e-01 6.804871425905938132e-02 8.625383902622759669e-01 -9.925326162528876894e-01 -2.157011875257896713e-02 1.196128417266566907e-01 8.318532491994300671e+00
9.730201454522638405e-02 -6.487737080682788593e-02 9.931149479253861267e-01 1.986814463735196412e+01 -1.851613899191419457e-02 9.975828303087671545e-01 6.696729051717364989e-02 9.057300217413726262e-01 -9.950585870227020013e-01 -2.491393099729454982e-02 9.586498664367579248e-02 8.398464240635631128e+00
6.643874399953561549e-02 -6.458538698155655289e-02 9.957088336556653152e-01 2.071860080936444248e+01 -2.192409448830982127e-02 9.975674043034170602e-01 6.617712804475713029e-02 9.448280434702365227e-01 -9.975606493123467811e-01 -2.623048133625056899e-02 6.486124691923450536e-02 8.452946136465754989e+00
3.309677630298069745e-02 -6.466014312160815736e-02 9.973510355667249971e-01 2.157350077269064315e+01 -2.496401524805661951e-02 9.975402243238865596e-01 6.549770381810403330e-02 9.839459680644430106e-01 -9.991329948663553173e-01 -2.706639150291849025e-02 3.140106896405906595e-02 8.484682949173784294e+00
-6.425128462388414018e-04 -6.391207707502088997e-02 9.979551271592153050e-01 2.242314639042940172e+01 -2.663420637489419263e-02 9.976026141669867009e-01 6.386172237586053291e-02 1.016526026844645658e+00 -9.996447937920462934e-01 -2.653001910140776257e-02 -2.343290564477905433e-03 8.467063464730326672e+00
-3.554561758947081401e-02 -6.293847232180871387e-02 9.973730101143433169e-01 2.328710084016820403e+01 -2.734959248513141317e-02 9.977018841703784169e-01 6.200651476410489610e-02 1.049913514708806561e+00 -9.989835894902440172e-01 -2.507555391454378488e-02 -3.718493939527668657e-02 8.428064779497747239e+00
-6.826707693997217941e-02 -6.103409606892044176e-02 9.958463707312101842e-01 2.414572785533491484e+01 -2.928250914765700985e-02 9.978196425089681521e-01 5.914773863294871259e-02 1.080992992069623737e+00 -9.972850553629808434e-01 -2.512636803267019603e-02 -6.990564172894990491e-02 8.360715459065218624e+00
-1.012705156910596177e-01 -5.768074474540639540e-02 9.932501686953925102e-01 2.500408605144018637e+01 -3.161598505647638530e-02 9.980002284153476344e-01 5.475624859573070824e-02 1.120711668451678245e+00 -9.944210310637955352e-01 -2.588300414495715851e-02 -1.028917332883672736e-01 8.275589953460132264e+00
-1.338936694748896483e-01 -5.393423812639955295e-02 9.895163344467461375e-01 2.586585062772311261e+01 -2.952422394422301449e-02 9.982918522967040298e-01 5.040399926165517464e-02 1.148360708629394322e+00 -9.905450160294688722e-01 -2.246132854804469212e-02 -1.352574541097323890e-01 8.152824738536653015e+00
-1.640852820760407837e-01 -4.770672946888877136e-02 9.853384469240787924e-01 2.670340700113813881e+01 -2.445406369102865948e-02 9.987197444963513693e-01 4.428606367600233795e-02 1.172805050739188060e+00 -9.861894345012210961e-01 -1.684109819495068980e-02 -1.650418881815332861e-01 7.997575085380867144e+00
-1.966223627773567850e-01 -4.224096785170213669e-02 9.795267092786185126e-01 2.755400020756345469e+01 -1.784983857846726349e-02 9.990601520341776398e-01 3.949549943288478693e-02 1.189558783982636037e+00 -9.802746780597144660e-01 -9.715626900256133305e-03 -1.971916030004121079e-01 7.817943792247036505e+00
-2.237913672223048600e-01 -3.628201800576869723e-02 9.740086649073359526e-01 2.838912633120664708e+01 -1.237598615950796094e-02 9.993322218220338504e-01 3.438069037728300886e-02 1.199666802264515830e+00 -9.746054532972918683e-01 -4.369390521458434498e-03 -2.240910342004446276e-01 7.611664130946281581e+00
-2.516729191446211433e-01 -3.007294579416263866e-02 9.673523145582217930e-01 2.922310632742422953e+01 -3.829865681445401415e-03 9.995401153765589575e-01 3.008701173443887808e-02 1.214475054151200606e+00 -9.678124180869902560e-01 3.869376584174406223e-03 -2.516721779404643700e-01 7.384282920656703553e+00
-2.797438295379658935e-01 -1.966329328300477422e-02 9.598181777581464846e-01 3.004593044781215028e+01 2.931086751960484179e-03 9.997678340227904581e-01 2.134566403296159209e-02 1.213427134870224577e+00 -9.600152080064372484e-01 8.792971263507944751e-03 -2.796211092726510472e-01 7.126396594781974514e+00
-3.014702250451480325e-01 -5.220116656397435877e-03 9.534002737050105702e-01 3.084547273876627216e+01 7.327786724088640805e-03 9.999428481213210596e-01 7.789725019859924417e-03 1.201380750380871110e+00 -9.533864053984325571e-01 9.335128156101483998e-03 -3.014147023818218862e-01 6.858536795879172310e+00
-3.262124938901798110e-01 1.210457305823356075e-02 9.450379420863620483e-01 3.163784987783329683e+01 8.083167295616139683e-03 9.999171870745553470e-01 -1.001400890788187691e-02 1.186872977709188648e+00 -9.450811624928975307e-01 4.367327083072272860e-03 -3.262833450894352949e-01 6.583985507733841835e+00
-3.543428851167433891e-01 2.779442201680539654e-02 9.349595692023602300e-01 3.243145653579720289e+01 8.146921486026997838e-03 9.996122206736637317e-01 -2.663342391840438361e-02 1.166620990087947618e+00 -9.353371446400370326e-01 -1.807714471742337447e-03 -3.544320774564105880e-01 6.288933394843323477e+00
-3.756590812537921598e-01 3.878456327065570725e-02 9.260468296837622848e-01 3.321793110182938591e+01 1.140203615917696409e-02 9.992416314893191043e-01 -3.723846922749917548e-02 1.126164314777439834e+00 -9.267888268825373865e-01 -3.425282308998080141e-03 -3.758163535077741479e-01 5.968723311157692279e+00
-4.013493449068286090e-01 4.231615113311772841e-02 9.147738283877758780e-01 3.399623574158467676e+01 1.501807152575662836e-02 9.991016405956997248e-01 -3.962966926271952600e-02 1.073345679601460434e+00 -9.156292995420038938e-01 -2.175925393237781308e-03 -4.016240465204751198e-01 5.634818602927360587e+00
-4.213137240439596143e-01 4.177362816999850154e-02 9.055881191959178622e-01 3.477862005555755331e+01 1.769645806216125702e-02 9.991267192216911619e-01 -3.784260668413240436e-02 1.028943767311867985e+00 -9.063787069274868990e-01 6.523434511094235231e-05 -4.216847376646853385e-01 5.271088186037285794e+00
-4.426756490232154340e-01 3.839471785855155805e-02 8.955931688838864035e-01 3.553200582537914443e+01 2.164939475667421176e-02 9.992491461748541637e-01 -3.212143328878774157e-02 9.879345570624747941e-01 -8.961543899427336646e-01 5.162245750891521039e-03 -4.431744385712401701e-01 4.887523410018175696e+00
-4.617255807105051235e-01 3.625708930230975291e-02 8.864919020040358255e-01 3.628282974441611941e+01 2.863912677219226932e-02 9.992526541732119627e-01 -2.595805076796708910e-02 9.404625075796487765e-01 -8.867706784538446074e-01 1.340240034334624214e-02 -4.624189625580131247e-01 4.493533934598884727e+00
-4.748202472975529553e-01 3.713250509759515039e-02 8.795047307853689489e-01 3.702329165207181205e+01 3.157381789417291335e-02 9.991849568209096866e-01 -2.516844678874323102e-02 8.913826797765370680e-01 -8.797224176576816657e-01 1.582637907025203836e-02 -4.756056067020066336e-01 4.082555077208396277e+00
-4.851712972195136309e-01 4.104124478866980757e-02 8.733145341902724956e-01 3.774103131639634512e+01 3.480484854559450641e-02 9.990126700091944700e-01 -2.760557916075783921e-02 8.533490804758960824e-01 -8.735852439587695750e-01 1.700533037813399193e-02 -4.861206234114764935e-01 3.675460128436780494e+00
-4.955759876908849559e-01 4.328524617275914671e-02 8.675707605800596633e-01 3.844161969309524807e+01 3.626430926981901587e-02 9.989175955863116574e-01 -2.913456974996341334e-02 8.063087913286399733e-01 -8.678930806699484135e-01 1.702161319562191244e-02 -4.966092632680463304e-01 3.275274551294178771e+00
-5.051654336002101564e-01 4.336407706019308750e-02 8.619656152441514951e-01 3.915149846878049544e+01 3.045120645144549706e-02 9.990104408194029340e-01 -3.241700992824231992e-02 7.702836942843167556e-01 -8.625185647031607949e-01 9.872715730796198519e-03 -5.059859965227814227e-01 2.859522594700164344e+00
-5.156493830643513743e-01 4.134654715938237968e-02 8.552145428400154126e-01 3.984153006440426026e+01 2.879772341263947544e-02 9.991066534682443434e-01 -3.090641519763191389e-02 7.371518909889415161e-01 -8.557294327800233358e-01 8.663432573679951190e-03 -5.163792402944875626e-01 2.459837664016895964e+00
-5.260876048748021061e-01 4.342965239428114854e-02 8.496697548502893937e-01 4.054646401525702260e+01 3.128416389986417995e-02 9.990077110223404278e-01 -3.169451526135477065e-02 6.977027099280197486e-01 -8.502030336510070230e-01 9.912691243081240416e-03 -5.269244773137675697e-01 2.014611355792738756e+00
-5.326698590364755681e-01 4.582754356190116979e-02 8.458161785094387985e-01 4.125155519840025420e+01 3.478547862964536524e-02 9.988746589283370447e-01 -3.225921850918758715e-02 6.483155094611223745e-01 -8.463425372269983704e-01 1.225032022971602602e-02 -5.336644427789768441e-01 1.572004941082069562e+00
-5.355114344050279085e-01 4.932945190737648977e-02 8.426377442736110446e-01 4.195664500257129248e+01 3.562475347553652194e-02 9.987232367596599047e-01 -3.579590420032008335e-02 6.160510971905113209e-01 -8.433287777370381821e-01 1.082217367004363953e-02 -5.365848816545588651e-01 1.121233222316187605e+00
-5.341743439538773064e-01 5.190674706989043680e-02 8.436423763666509590e-01 4.268999625072902404e+01 3.517360069078138973e-02 9.986137133619253925e-01 -3.913856838986463221e-02 5.739151194258000910e-01 -8.445049090981541218e-01 8.753749909350518402e-03 -5.352597009815345253e-01 6.642295840541825314e-01
-5.326837929150594064e-01 5.170531887583299652e-02 8.450032075860306469e-01 4.343901063433180809e+01 3.740254035782512171e-02 9.985953979152387694e-01 -3.752280383181836459e-02 5.306019875367978811e-01 -8.457558210932698550e-01 1.163485193041913050e-02 -5.338696619269068799e-01 1.950476545298444886e-01
-5.260563425951984007e-01 5.017955623888570305e-02 8.490039398738599141e-01 4.418561960739663164e+01 3.574339352539294273e-02 9.986805789926002097e-01 -3.684862659938892976e-02 4.861346902394611535e-01 -8.497328705898096191e-01 1.095768527621596503e-02 -5.271560490652484887e-01 -2.538424325439574414e-01
-5.170385590366372019e-01 4.930748925215999029e-02 8.540860731145107909e-01 4.497652668275212307e+01 3.339438864677019003e-02 9.987411039255215117e-01 -3.742309360654337558e-02 4.428665448469290000e-01 -8.548564565226126621e-01 9.164143532365935652e-03 -5.180341388792101265e-01 -7.240187605087494704e-01
-5.118431844830659827e-01 4.885887098336701845e-02 8.575723098941958611e-01 4.576994809271393905e+01 3.203616633935225944e-02 9.987720451142568789e-01 -3.779954759427203020e-02 3.991083876261553587e-01 -8.583667637654660565e-01 8.112143229982632375e-03 -5.127795142795673611e-01 -1.188342365916994714e+00
-5.052801467349006259e-01 4.653429615158867494e-02 8.617851158486045104e-01 4.656784341367782076e+01 2.888588676972496036e-02 9.988971054348175782e-01 -3.703237452978297428e-02 3.543969716909634027e-01 -8.625581474076655653e-01 6.185388167663165467e-03 -5.060668192727318937e-01 -1.640283799567944456e+00
-4.987670065984545764e-01 4.502295813366567062e-02 8.649297530191337735e-01 4.740355084266131058e+01 2.513915387343037405e-02 9.989806166404002763e-01 -3.748545247828820315e-02 3.084587585969175150e-01 -8.657370004073166037e-01 3.009606007041757108e-03 -4.993899036534722446e-01 -2.108250033737377294e+00
-4.975038701539611918e-01 4.152681615390627773e-02 8.660096969378734411e-01 4.824203669274577777e+01 1.962663019259767647e-02 9.991365613345932761e-01 -3.660955261916842146e-02 2.634440110637996657e-01 -8.667826452712131813e-01 -1.228316399410642277e-03 -4.978891618608689007e-01 -2.562865869588098811e+00
-4.975497976655631205e-01 3.882379243943143848e-02 8.664009987340830499e-01 4.911646609763739946e+01 1.686041941064628930e-02 9.992420585525670917e-01 -3.508792388506079551e-02 2.089561716322897444e-01 -8.671066461296114136e-01 -2.851950495829039083e-03 -4.978270784872543264e-01 -3.054140474221583634e+00
-4.989847950809405130e-01 3.773106441820342494e-02 8.660210004141960516e-01 4.997972061209214445e+01 1.532611545258638110e-02 9.992798582958228870e-01 -3.472701989020765545e-02 1.676164580914060176e-01 -8.667072840128789979e-01 -4.041021193518377214e-03 -4.992036723667225839e-01 -3.529801432238317993e+00
-4.999869969768983569e-01 3.709473873498677493e-02 8.652122420711777506e-01 5.086039037383437744e+01 1.544447702975805872e-02 9.993055349409619703e-01 -3.390649835203105728e-02 1.170885123207595357e-01 -8.658694608522605751e-01 -3.596175184339727143e-03 -5.002126076356944173e-01 -4.015988081820023758e+00
-4.999813055202432244e-01 3.604814608089685485e-02 8.652415544295786187e-01 5.176178687439547588e+01 1.494666330292307270e-02 9.993439206654253226e-01 -3.298189879805044078e-02 6.886842369256897245e-02 -8.658628891334002597e-01 -3.563532962194181000e-03 -5.001921627888435973e-01 -4.539166730765679780e+00
-5.013600803016963203e-01 3.503344713606672267e-02 8.651121262567953440e-01 5.266674507100901792e+01 1.486843724823515810e-02 9.993817767575111644e-01 -3.187055259060054407e-02 1.816042057778301244e-02 -8.656935099937485001e-01 -3.098480381499112059e-03 -5.015712126568341311e-01 -5.050216590726244625e+00
-4.999581435734070656e-01 3.430353581004874641e-02 8.653019478206409598e-01 5.357538687987927517e+01 1.450003138633761818e-02 9.994067823249203064e-01 -3.123474458176577970e-02 -3.213404757947241341e-02 -8.658603278575285334e-01 -3.081679734684211400e-03 -5.001588876986567955e-01 -5.559259674461042522e+00
-4.975841890760511199e-01 3.321017901618963236e-02 8.663004381987009506e-01 5.451105035421666400e+01 1.263247390430825325e-02 9.994381732074381075e-01 -3.104604666111811240e-02 -8.075817162218176803e-02 -8.668448133481124751e-01 -4.514014225040454374e-03 -4.977239782949003932e-01 -6.081682068240578332e+00
-4.989604822941522411e-01 3.200856096477520257e-02 8.659626512575721025e-01 5.541176682080229199e+01 1.250184045220115864e-02 9.994794463294937037e-01 -2.975107782463094763e-02 -1.292644748675027544e-01 -8.664641080679795770e-01 -4.012808914633625434e-03 -4.991007907222005380e-01 -6.578805037127658295e+00
-4.976026231744160588e-01 3.158744576575100299e-02 8.670482905832609388e-01 5.634756198306205022e+01 1.118280357165817897e-02 9.994876403988929292e-01 -2.999670875490942010e-02 -1.854938571569857420e-01 -8.675513774973818704e-01 -5.218857130550501322e-03 -4.977009797775011068e-01 -7.099407975051751585e+00
-4.961945139873299437e-01 3.038698795825592672e-02 8.673986620502355249e-01 5.726391832848135266e+01 1.071739846153636419e-02 9.995255368667814722e-01 -2.887610221988344897e-02 -2.381609881197375156e-01 -8.678646311598582352e-01 -5.041989620793546102e-03 -4.962845617741049042e-01 -7.622357114925343957e+00
-4.947461217041417836e-01 2.781772123584188086e-02 8.686639423796034265e-01 5.817103879682802159e+01 1.054792080875617891e-02 9.996063364105544080e-01 -2.599380655055361783e-02 -2.891200196659970967e-01 -8.690450790171210249e-01 -3.700721620057248733e-03 -4.948447866401590178e-01 -8.117272738906123664e+00
-4.922689356105336422e-01 2.663965261495570072e-02 8.702278307835427107e-01 5.908343521572082579e+01 1.159797059751409114e-02 9.996436477203178850e-01 -2.406109047507173568e-02 -3.353445896329858011e-01 -8.705585442267663732e-01 -1.734694654689686527e-03 -4.924022935631076625e-01 -8.624828888085392720e+00
-4.894807079609659328e-01 2.651267715213441803e-02 8.721182134320785151e-01 6.000163404720354521e+01 1.129736404574917773e-02 9.996468067309067784e-01 -2.405224973211435649e-02 -3.834533161578916882e-01 -8.724479671486985444e-01 -1.920852143740218098e-03 -4.896074733102697141e-01 -9.137551702985387436e+00
-4.870583193209675477e-01 2.736202206379627355e-02 8.728855268753324959e-01 6.092613484248381894e+01 1.200129861866143510e-02 9.996243859093481010e-01 -2.463902772816078598e-02 -4.278415679777872738e-01 -8.732318386317191594e-01 -1.524048436999413071e-03 -4.872037239923265317e-01 -9.641286002344504169e+00
-4.842705443741704974e-01 2.742229936937083667e-02 8.744021038032436799e-01 6.183910031338391633e+01 1.185239924170064171e-02 9.996225626384668272e-01 -2.478953942012915301e-02 -4.844404245276678345e-01 -8.747518284462986182e-01 -1.634651112001572716e-03 -4.844126478705432781e-01 -1.012672258707022444e+01
-4.857168923273829098e-01 2.720103774185197651e-02 8.731411557075617891e-01 6.273066527475605625e+01 1.032324994092967234e-02 9.996243570475319418e-01 -2.538520959963409818e-02 -5.325806629929438207e-01 -8.735039169709963858e-01 -3.327712856492078680e-03 -4.858151995910597321e-01 -1.061767323999224288e+01
-4.872028871108436965e-01 3.031164824313169887e-02 8.729708928574636539e-01 6.365765412592502059e+01 9.706628632143474850e-03 9.995237401835754820e-01 -2.930856017295246918e-02 -5.828537503701070044e-01 -8.734430036850029389e-01 -5.779408963833598638e-03 -4.872651167694023733e-01 -1.112658772104296467e+01
-4.924721137907514534e-01 3.021814919235172800e-02 8.696201091954903761e-01 6.454454635330802148e+01 8.226937578411691945e-03 9.995137404606831977e-01 -3.008167337370463990e-02 -6.396541473158792179e-01 -8.701063847816329355e-01 -7.663943919425549901e-03 -4.924810762186530577e-01 -1.162425042401181585e+01
-4.976793757067685675e-01 2.999859481636213063e-02 8.668796279767952973e-01 6.544346143089752843e+01 8.331406655203812614e-03 9.995209598489477321e-01 -2.981379220604039523e-02 -6.819291045603358414e-01 -8.673586368297335758e-01 -7.603845387850046919e-03 -4.976908358893105677e-01 -1.211884969506862220e+01
-5.013197852136365151e-01 2.613940713066321628e-02 8.650360437872647301e-01 6.633185728347851295e+01 1.092554142594242585e-02 9.996551903577336473e-01 -2.387714628676787174e-02 -7.363004869768916549e-01 -8.653618739792325876e-01 -2.508237473955648566e-03 -5.014327605098503060e-01 -1.264139043700252429e+01
-5.080153483352806143e-01 2.438149280232620661e-02 8.612662406467038734e-01 6.720048192943788479e+01 8.030838337939190733e-03 9.996901539669486025e-01 -2.356144681917002326e-02 -7.837003929592656348e-01 -8.615738601911200334e-01 -5.044898205494966446e-03 -5.080538043880767907e-01 -1.313710150349282380e+01
-5.108047107878268545e-01 2.546525433657054888e-02 8.591361193528423978e-01 6.808528035969098369e+01 9.002556112105312980e-03 9.996645373169346094e-01 -2.429013091974193198e-02 -8.325617518209932344e-01 -8.594667289110847763e-01 -4.678488916610236241e-03 -5.108624639154298874e-01 -1.364608381548948302e+01
-5.160918461805793500e-01 2.890300389828438787e-02 8.556399092081259372e-01 6.895000555370620532e+01 9.624210072985217926e-03 9.995626422939329903e-01 -2.795588211234445800e-02 -8.823813091655103857e-01 -8.560741410777855664e-01 -6.212117284760892456e-03 -5.161442146352347438e-01 -1.415496328645009783e+01
-5.228066585439663516e-01 2.830647096283011449e-02 8.523159266099141762e-01 6.978861409482486522e+01 7.519388632085546344e-03 9.995630562555056775e-01 -2.859600294427215236e-02 -9.275235836122659450e-01 -8.527527289187463166e-01 -8.522858128942507189e-03 -5.227911510341405332e-01 -1.465266132984631930e+01
-5.252935586471882967e-01 2.858451108033284796e-02 8.506247689000038248e-01 7.064812457532953260e+01 6.600585255161108347e-03 9.995426440949746194e-01 -2.950917013971818964e-02 -9.781041101152617712e-01 -8.510792436699511354e-01 -9.882558626757046924e-03 -5.252422299599628364e-01 -1.517709197950612321e+01
-5.280936789581975876e-01 2.740297729547561123e-02 8.483823894484556760e-01 7.149399952644984069e+01 6.076785979286403183e-03 9.995753945888945502e-01 -2.849390965077048046e-02 -1.030550301386044643e+00 -8.488030989879219446e-01 -9.901336615212016912e-03 -5.280359138957727572e-01 -1.569242139668128466e+01
-5.317147684005917307e-01 2.084203959366061343e-02 8.471814670896161692e-01 7.233279191454310819e+01 8.319829066807196000e-03 9.997776476008911617e-01 -1.937721688123872008e-02 -1.072091397479034258e+00 -8.473968600311014843e-01 -3.245628687647355258e-03 -5.317701116755801927e-01 -1.619801775281738543e+01
-5.330193287460053275e-01 1.181030236118252828e-02 8.457971869166529544e-01 7.315948263496618154e+01 7.868916345320976780e-03 9.999284967940479385e-01 -9.005016567261010102e-03 -1.109964231193137252e+00 -8.458431068461672586e-01 1.849455521296588210e-03 -5.330741384459918297e-01 -1.673990527648375348e+01
-5.358095793503430126e-01 9.342642754698978619e-03 8.443785560308062488e-01 7.399565111795989480e+01 7.925209628225425573e-03 9.999503860536901323e-01 -6.041733667354884547e-03 -1.146183814904479847e+00 -8.443927955557536391e-01 3.465032590064308013e-03 -5.358572345063866704e-01 -1.725368980826633702e+01
-5.358301488814035674e-01 1.295794396039643900e-02 8.443852706261076868e-01 7.482222702402164316e+01 8.151971710541645530e-03 9.999150217527532636e-01 -1.017546918327906676e-02 -1.176542082391194288e+00 -8.444453004422900477e-01 1.442863682739367170e-03 -5.358902308043941298e-01 -1.778120072946061114e+01
-5.359030454446845892e-01 1.998947601641441404e-02 8.437315757053933662e-01 7.563377060008735953e+01 8.677551665027569833e-03 9.997972283674232408e-01 -1.817388872023315352e-02 -1.212513468285001839e+00 -8.439238077118437209e-01 -2.423281670665752754e-03 -5.359677021526275675e-01 -1.830207893438464239e+01
-5.357769438833793751e-01 2.382487866012731118e-02 8.435432432348604070e-01 7.644741662088631529e+01 1.459114692483008333e-02 9.997137760864291955e-01 -1.896674006143458588e-02 -1.247667892950233615e+00 -8.437536485949460596e-01 2.148828771008693718e-03 -5.359713103906108556e-01 -1.882024619245401809e+01
-5.356834633987070937e-01 2.424268605258242393e-02 8.437812105868134349e-01 7.727216030600627050e+01 1.809339451969412677e-02 9.996877895314325579e-01 -1.723107015354689506e-02 -1.289514535782341431e+00 -8.439356517317809780e-01 6.029036213560050490e-03 -5.359548213757979740e-01 -1.935838508888516429e+01
-5.342687376261244792e-01 2.197550002709919292e-02 8.444365865907594859e-01 7.809637556242849143e+01 1.766939660677391277e-02 9.997338923949409262e-01 -1.482079012658362588e-02 -1.323869638520461578e+00 -8.445376362445180529e-01 6.995397980450461690e-03 -5.345148707646050212e-01 -1.986997235157872765e+01
-5.356769597186969989e-01 1.547794890545193397e-02 8.438482006554339776e-01 7.891180849214553916e+01 1.571873630267291155e-02 9.998415927426143046e-01 -8.352942697445416009e-03 -1.354625324074721915e+00 -8.438437497380103514e-01 8.787194136655933005e-03 -5.358355228783483470e-01 -2.038009587091385910e+01
-5.329082505907926093e-01 9.612384450587528953e-03 8.456655779479358426e-01 7.974013787889981586e+01 1.293877910819173083e-02 9.999111688733701708e-01 -3.207791567747037952e-03 -1.378583849038269138e+00 -8.456215658904930876e-01 9.229127444675362668e-03 -5.329852004442902080e-01 -2.089167554252864534e+01
-5.344550710888973377e-01 4.089175809347284085e-03 8.453276264522717742e-01 8.054852324780777906e+01 4.385255029648145279e-03 9.999883218521397055e-01 -2.063687575964047536e-03 -1.405873798078594028e+00 -8.453263400593369337e-01 2.608692847373222934e-03 -5.344667377017190413e-01 -2.137913515700098088e+01
-5.317997942677714640e-01 -1.230502945072135855e-03 8.467781127773720273e-01 8.137705560871096111e+01 -4.087350500205181973e-03 9.999909706541556531e-01 -1.127360576545365046e-03 -1.423295867375466761e+00 -8.467693905957479616e-01 -4.070667066942671927e-03 -5.317998823838511191e-01 -2.187891542419184177e+01
-5.293006545122986850e-01 -2.642801913022178439e-03 8.480490873779858996e-01 8.219113887201152124e+01 -1.757835425024095689e-03 9.999964815515957062e-01 2.014748782450202953e-03 -1.445244908748211099e+00 -8.480515083562714107e-01 -4.193015807665196357e-04 -5.293034053168848008e-01 -2.238721101616564368e+01
-5.278084835307111922e-01 1.585620694200001778e-03 8.494849279951326437e-01 8.299723318407424699e+01 3.634442888587838174e-03 9.999932980225209045e-01 3.910458257544565872e-04 -1.470827229570709882e+00 -8.494788601176405107e-01 3.297134124265037238e-03 -5.278107896237984598e-01 -2.288842038344063212e+01
-5.225404687989850805e-01 5.438509551545902924e-03 8.525967686054571892e-01 8.381632772980366042e+01 5.404685540662670235e-03 9.999807409615169007e-01 -3.061275880737884120e-03 -1.483782792214053625e+00 -8.525972095053923061e-01 3.012798299911587444e-03 -5.225597961646069045e-01 -2.339625766645886529e+01
-5.130176860672907013e-01 7.004843114028822156e-03 8.584350008312282565e-01 8.462894202480379136e+01 1.005666320105109632e-02 9.999471482868901306e-01 -2.151306666618023767e-03 -1.508240060405765970e+00 -8.584048458659038205e-01 7.532317423582394166e-03 -5.130609133495129814e-01 -2.386984056786804231e+01
-5.062852798964664336e-01 9.797204384900665489e-03 8.625460296354811041e-01 8.544107237309249570e+01 1.685317630211512208e-02 9.998568879731043468e-01 -1.467994800378969074e-03 -1.532354057990706453e+00 -8.624372818811036900e-01 1.379227850165229766e-02 -5.063779044252094685e-01 -2.435142737189077167e+01
-4.958719430790840543e-01 8.378140621236216182e-03 8.679765916898460887e-01 8.626248583792404645e+01 1.500858687449453666e-02 9.998867277358477468e-01 -1.071562742093878397e-03 -1.556862596640640195e+00 -8.678873936837040448e-01 1.249630301711558179e-02 -4.959415739405161339e-01 -2.482144202380225906e+01
-4.855109760144334929e-01 5.637159679962343468e-03 8.741261559585594698e-01 8.709826182527513083e+01 1.124889301832164741e-02 9.999366209900260039e-01 -1.995235768309997751e-04 -1.567243995214202545e+00 -8.740719956635946142e-01 9.736533775079417655e-03 -4.855436481055516729e-01 -2.526192172924895729e+01
-4.737098547062802423e-01 3.281758196814928575e-03 8.809759218364116018e-01 8.793156397083757270e+01 1.313084269656989225e-02 9.999081807415096668e-01 3.334790398601316253e-03 -1.585673047520746115e+00 -8.808840475478639798e-01 1.314597396855015504e-02 -4.737094625670592585e-01 -2.570971412460863093e+01
-4.619580232569742706e-01 2.065957554276119570e-03 8.873932601833640632e-01 8.876664529501960033e+01 1.279483549122190783e-02 9.999086896669521218e-01 4.331039104812703724e-03 -1.598890197043016936e+00 -8.873035003009266397e-01 1.334898323777428293e-02 -4.619423167529190244e-01 -2.613574639604190253e+01
-4.492495016746163583e-01 3.481625727695869185e-04 8.930170861519750591e-01 8.961459017479943157e+01 1.163450704658803778e-02 9.999173386263499053e-01 5.464475444287651695e-03 -1.612011555323058509e+00 -8.929415127174351596e-01 1.285174798932551751e-02 -4.492163804049500997e-01 -2.654841945960013661e+01
-4.375070101245270848e-01 1.778571513636059091e-03 8.994867538404321960e-01 9.046774391491145195e+01 1.524007009892217913e-02 9.998690806124480579e-01 5.431399716608054096e-03 -1.634888926450554392e+00 -8.993595966578195045e-01 1.607982788106364705e-02 -4.374769286384031508e-01 -2.696926131804184124e+01
