1.0 0.0 0.0 0.0 0.0 1.0 0.0 0.0 0.0 0.0 1.0 0.0
0.99982893 0.018493375 0.0003847971 0.15612793 -0.018493852 0.99982816 0.0012743218 -0.01550293 -0.00036116363 -0.0012812178 0.9999991 -0.0034179688
0.9993033 0.037321612 -0.0005774539 0.2685547 -0.037318833 0.9992945 0.0042434046 -0.01953125 0.0007353488 -0.004218898 0.9999908 0.0010986328
0.9979612 0.06378701 0.0014662242 0.4202881 -0.0637947 0.9979438 0.0059930063 -0.03881836 -0.0010808208 -0.006074349 0.999981 0.0037841797
0.99517125 0.098049216 0.0046436177 0.61694336 -0.09807373 0.9951651 0.005384233 -0.07006836 -0.004093278 -0.005813606 0.9999747 0.00390625
0.99085134 0.1347743 0.0062322505 0.803833 -0.1347911 0.9908658 0.0023575688 -0.14672852 -0.0058574914 -0.0031761618 0.9999778 -0.005859375
0.9847913 0.173561 0.008521225 0.9885254 -0.17355713 0.9848281 -0.0011990141 -0.19885254 -0.008599988 -0.00029809852 0.999963 0.0032958984
0.97600555 0.21756004 0.009198573 1.1942139 -0.21756692 0.97604734 -0.000259321 -0.2833252 -0.009034615 -0.001748678 0.9999576 -0.002319336
0.9639577 0.2657832 0.012829102 1.4344482 -0.26581043 0.9640355 0.00043356582 -0.35717773 -0.012252359 -0.0038280392 0.99991757 -0.009033203
0.94986033 0.31197146 0.019600494 1.6710205 -0.3119541 0.9500599 -0.0040151733 -0.48083496 -0.01987431 -0.0023044539 0.99979967 -0.021118164
0.9326128 0.35998562 0.025463171 1.8900146 -0.3597461 0.9329538 -0.013588966 -0.598999 -0.028648525 0.0035120072 0.9995833 -0.012207031
0.91163224 0.41007853 0.028695129 2.1229248 -0.40967926 0.9120674 -0.018896248 -0.7426758 -0.033920635 0.0054710917 0.99940944 -0.012329102
0.88624763 0.46207842 0.032511555 2.3743896 -0.46160248 0.8868355 -0.021321751 -0.9133301 -0.038684748 0.0038851304 0.99924356 -0.018188477
0.85768616 0.5129929 0.036194745 2.6053467 -0.51251 0.8584491 -0.022255857 -1.0794678 -0.04248884 0.00054511055 0.9990971 -0.041381836
0.8256476 0.5629385 0.038413312 2.8370361 -0.5622525 0.82653975 -0.027815951 -1.2963867 -0.047405686 0.0013688337 0.9988746 -0.044433594
0.78968644 0.6123894 0.038009483 3.0650635 -0.6114818 0.79059386 -0.03348636 -1.5126953 -0.050552707 0.0032090172 0.9987166 -0.051757812
0.7518723 0.65826714 0.038818084 3.3048096 -0.6572088 0.752869 -0.037400685 -1.7568359 -0.05384217 0.002614364 0.9985462 -0.067871094
0.7122185 0.7010162 0.036541104 3.5367432 -0.69990087 0.7131506 -0.03962387 -2.031372 -0.05382917 0.002645867 0.9985465 -0.08239746
0.6699405 0.74146485 0.03579051 3.7543945 -0.7402383 0.6708932 -0.042685516 -2.3187256 -0.055660434 0.0020918697 0.99844694 -0.099975586
0.62698436 0.7781003 0.038848106 4.001465 -0.77690524 0.6281793 -0.043211132 -2.6522217 -0.05802894 -0.0030911863 0.99831 -0.13098145
0.5859587 0.80934536 0.039797407 4.2060547 -0.80818236 0.5872736 -0.043852128 -2.987671 -0.05886177 -0.0064783227 0.9982445 -0.1427002
0.54538953 0.8371801 0.040055815 4.434326 -0.83595455 0.54679406 -0.04605267 -3.359375 -0.060458545 -0.0083634965 0.998136 -0.17297363
0.5063485 0.8612166 0.040391814 4.6503906 -0.85995907 0.507846 -0.04771576 -3.7711182 -0.061619367 -0.010569794 0.9980445 -0.18701172
0.46974498 0.88186896 0.041618 4.863037 -0.8806866 0.47137117 -0.047798604 -4.1881104 -0.06177434 -0.0141982455 0.9979894 -0.21606445
0.43330365 0.90049225 0.03994753 5.0646973 -0.8993268 0.43488204 -0.048194684 -4.6502686 -0.06076776 -0.015052462 0.99803793 -0.24841309
0.39952236 0.91586107 0.036217492 5.2667236 -0.91474473 0.40090808 -0.04738916 -5.1435547 -0.057934284 -0.014184232 0.9982204 -0.27746582
0.3697072 0.9285458 0.032122478 5.4504395 -0.92751133 0.3708758 -0.04570159 -5.6610107 -0.054329786 -0.012891321 0.9984392 -0.30786133
0.34475657 0.9382764 0.02890864 5.6538086 -0.9373743 0.34574807 -0.042934626 -6.211548 -0.05027207 -0.01229715 0.9986595 -0.34155273
0.32482892 0.9454758 0.026712103 5.837036 -0.9445808 0.32572663 -0.042656332 -6.7921143 -0.049041636 -0.011373474 0.9987323 -0.37634277
0.31074712 0.9502856 0.024968524 6.0203857 -0.9492946 0.31159234 -0.044493396 -7.3831787 -0.050055206 -0.009878199 0.9986973 -0.4086914
0.2971296 0.95460296 0.023463765 6.223755 -0.9535126 0.29793096 -0.046398308 -8.005737 -0.051292773 -0.008592974 0.9986467 -0.43579102
0.2867006 0.9577526 0.025263522 6.4156494 -0.9566174 0.28762084 -0.047769185 -8.6623535 -0.053021267 -0.010471701 0.99853855 -0.47302246
0.2755812 0.9609172 0.026406575 6.607788 -0.9597189 0.2765947 -0.049395796 -9.333862 -0.05476069 -0.011723817 0.99843055 -0.51013184
0.26508096 0.9638556 0.027839046 6.804077 -0.9625956 0.26620832 -0.0510161 -10.034424 -0.05658724 -0.013281704 0.9983092 -0.5476074
0.2544048 0.96667063 0.029022591 6.9978027 -0.9653014 0.25564784 -0.053403568 -10.757202 -0.05905958 -0.014430919 0.9981506 -0.58496094
0.24495088 0.96914643 0.029150661 7.1937256 -0.96773756 0.24622911 -0.05431241 -11.504395 -0.059813533 -0.014915314 0.9980978 -0.6286621
0.23295723 0.9719626 0.029853985 7.3775635 -0.9704697 0.23432392 -0.05616433 -12.263306 -0.061573554 -0.015876886 0.99797606 -0.6673584
0.22324166 0.97425723 0.030975094 7.5618896 -0.97260004 0.22474605 -0.0592654 -13.03894 -0.064697325 -0.016893178 0.99776185 -0.7110596
0.21225855 0.97665924 0.032925323 7.73938 -0.97480494 0.21397972 -0.062996656 -13.827393 -0.06857425 -0.01873111 0.99747 -0.76208496
0.19932024 0.97934127 0.03394171 7.908203 -0.9772455 0.20121658 -0.06702449 -14.640381 -0.072477795 -0.019811878 0.99717355 -0.80615234
0.1870363 0.9818193 0.034824442 8.065796 -0.9796104 0.18906987 -0.069143 -15.437134 -0.07445078 -0.021203637 0.99699765 -0.85595703
0.17232206 0.9845022 0.033834033 8.21106 -0.98226464 0.17432402 -0.06964169 -16.25293 -0.0744673 -0.021237276 0.99699754 -0.9029541
0.15686731 0.986973 0.034576997 8.34436 -0.9848518 0.15893678 -0.068734616 -17.072876 -0.07334599 -0.023252042 0.9970366 -0.95581055
0.1420704 0.98927945 0.034058712 8.4696045 -0.9872931 0.1440971 -0.067115776 -17.892456 -0.071313195 -0.024115568 0.9971621 -0.99902344
0.11935143 0.99217683 0.035130195 8.578491 -0.9903033 0.121482424 -0.06659936 -18.728638 -0.07035741 -0.026815625 0.9971624 -1.0465088
0.09563292 0.99464214 0.03864958 8.664795 -0.99298763 0.098027706 -0.065730736 -19.553467 -0.0691533 -0.03208614 0.9970892 -1.09729
0.06464393 0.99711 0.04018735 8.727905 -0.99558717 0.06719172 -0.06567245 -20.402954 -0.06818961 -0.035759762 0.99703175 -1.1439209
0.031194808 0.9986543 0.04125222 8.769043 -0.9972367 0.033877138 -0.066006064 -21.257202 -0.067312464 -0.039079018 0.9969661 -1.1904297
-0.002541187 0.9991578 0.040940348 8.760864 -0.99785084 0.00014764752 -0.06552514 -22.106445 -0.065465406 -0.04102756 0.99701035 -1.2303467
-0.037378915 0.9985017 0.03970882 8.731567 -0.9972793 -0.03475512 -0.06483444 -22.970337 -0.06338041 -0.042023905 0.99710536 -1.2711182
-0.0700797 0.99678856 0.0399621 8.67334 -0.9957651 -0.067473866 -0.06320434 -23.829102 -0.060300224 -0.044215325 0.9972005 -1.3096924
-0.103031516 0.9939016 0.040916502 8.597412 -0.9931844 -0.10048281 -0.06013627 -24.687744 -0.055677395 -0.046805315 0.9973523 -1.3572998
-0.13539003 0.9900646 0.037682418 8.483398 -0.9894637 -0.13315056 -0.056673028 -25.55017 -0.051079534 -0.0449619 0.9976813 -1.3925781
-0.16517016 0.9857849 0.032234926 8.3359375 -0.98529726 -0.16343082 -0.050709527 -26.388306 -0.04472264 -0.04012222 0.99819356 -1.4248047
-0.1973337 0.9799681 0.025283236 8.164795 -0.9794914 -0.1960628 -0.04553393 -27.240112 -0.039662223 -0.033754315 0.9986427 -1.4488525
-0.22423363 0.9743756 0.020078998 7.965454 -0.97397816 -0.22332181 -0.039822634 -28.076294 -0.03431657 -0.028475031 0.99900526 -1.4660645
-0.25183925 0.9677025 0.011978062 7.744995 -0.96731853 -0.25132015 -0.033868857 -28.911621 -0.029772975 -0.02012037 0.9993544 -1.4875488
-0.27976254 0.9599872 0.0071939994 7.494507 -0.95978945 -0.27952695 -0.023727877 -29.73584 -0.020775702 -0.013554024 0.9996924 -1.4943848
-0.30147102 0.95339024 0.006767383 7.232422 -0.9533885 -0.30140305 -0.009502493 -30.536133 -0.0070177913 -0.009316517 0.999932 -1.4915771
-0.3261907 0.9450488 0.011860417 6.965088 -0.9450588 -0.32628906 0.007559389 -31.329712 0.011015028 -0.008739384 0.9999011 -1.4876709
-0.35418972 0.93525416 0.018165436 6.678467 -0.9350146 -0.35454476 0.02294822 -32.125244 0.027895458 -0.008867217 0.99957174 -1.4775391
-0.37549305 0.9267131 0.019870378 6.364258 -0.92611754 -0.37597477 0.03370841 -32.913696 0.0387142 -0.0057454035 0.999234 -1.4449463
-0.40129197 0.9155865 0.018704265 6.0377197 -0.91484267 -0.40172112 0.03696305 -33.695435 0.041369297 -0.0022676848 0.99914134 -1.3970947
-0.42137802 0.90637094 0.01651818 5.6793213 -0.90564746 -0.42170134 0.036203872 -34.480713 0.039791554 0.0003126252 0.9992076 -1.3560791
-0.44293734 0.89621305 0.011473477 5.3013916 -0.89562976 -0.44306624 0.032596145 -35.237427 0.03429875 0.004168788 0.99940264 -1.3167725
-0.46227488 0.88694096 0.0032798015 4.9121094 -0.88649386 -0.4621537 0.03026041 -35.99121 0.028347095 0.011076158 0.9995367 -1.270752
-0.47548187 0.8799311 0.0008860957 4.5042725 -0.87949556 -0.47527814 0.030989721 -36.733643 0.027704438 0.0139526315 0.9995191 -1.2247314
-0.4859881 0.87382436 -0.00026782043 4.0994873 -0.87330025 -0.4856861 0.03477809 -37.45276 0.030264517 0.017136486 0.99939495 -1.1906738
-0.49646637 0.86814165 -0.00025839172 3.7017822 -0.86755496 -0.49612 0.03690167 -38.154785 0.03190983 0.018546797 0.9993187 -1.1472168
-0.50577474 0.86267126 0.0069077592 3.2885742 -0.8619769 -0.5056629 0.03685385 -38.86609 0.035287425 0.012685523 0.99929667 -1.1153564
-0.5161696 0.85586137 0.008126497 2.8913574 -0.8552278 -0.51611656 0.0347054 -39.558105 0.03389606 0.010993926 0.9993642 -1.0847168
-0.5267173 0.85036105 0.006904507 2.4484863 -0.84967655 -0.52659094 0.036671273 -40.264282 0.03480123 0.013431097 0.9993039 -1.0483398
-0.5334684 0.8465422 0.0045834077 2.006958 -0.84581226 -0.5332203 0.038996074 -40.970093 0.03544647 0.016903903 0.9992291 -1.0019531
-0.5363562 0.8435224 0.0060115247 1.5561523 -0.8426398 -0.5360969 0.042452965 -41.675415 0.039028104 0.017734438 0.99908 -0.9736328
-0.5349957 0.84467894 0.008084584 1.0977783 -0.8436545 -0.5347772 0.04504466 -42.407715 0.042352334 0.017281253 0.99895257 -0.9355469
-0.533635 0.8459677 0.0052044587 0.62683105 -0.8450033 -0.53330296 0.044869192 -43.15576 0.04072086 0.019516818 0.9989799 -0.8946533
-0.52692175 0.84992856 0.0058677434 0.17468262 -0.8490081 -0.52665025 0.04342102 -43.900635 0.03996837 0.017886067 0.9990402 -0.85302734
-0.51778483 0.8550225 0.0076419064 -0.29956055 -0.8540999 -0.51760715 0.04265103 -44.68933 0.04043866 0.015575292 0.9990604 -0.8132324
-0.51252115 0.8585155 0.008687315 -0.76672363 -0.85759175 -0.5123976 0.042264838 -45.48108 0.040750567 0.014235422 0.9990681 -0.7729492
-0.5058013 0.86267084 0.010600524 -1.2219238 -0.8618131 -0.5057908 0.040016294 -46.27722 0.03990078 0.011111725 0.9991423 -0.7314453
-0.49910116 0.8657997 0.013755903 -1.6931152 -0.864971 -0.49923578 0.03857177 -47.11145 0.040278595 0.0073959315 0.99916065 -0.68933105
-0.49757886 0.86677516 0.017986458 -2.14917 -0.8660668 -0.49790007 0.035084512 -47.94934 0.039374746 0.00188806 0.99922246 -0.64782715
-0.4975163 0.867068 0.019607756 -2.6416016 -0.86646354 -0.49790183 0.032380212 -48.823364 0.037845016 -0.00087821856 0.9992833 -0.5966797
-0.49888754 0.866649 0.020800592 -3.118042 -0.8660879 -0.49931553 0.031271193 -49.68628 0.037493408 -0.0024208724 0.99929446 -0.55908203
-0.4999047 0.8658155 0.020354599 -3.6052246 -0.86527675 -0.50031346 0.030622158 -50.566772 0.036686372 -0.0023038671 0.9993241 -0.51220703
-0.49989054 0.865806 0.020320091 -4.1297607 -0.8653054 -0.5002953 0.029575627 -51.46765 0.035760745 -0.002800122 0.99935627 -0.4675293
-0.50127983 0.8656398 0.019861052 -4.6417236 -0.8651737 -0.5016651 0.02854956 -52.372192 0.03465953 -0.0028866008 0.99939543 -0.42041016
-0.49987185 0.86580443 0.019835256 -5.152588 -0.86536306 -0.5002544 0.02783205 -53.280273 0.03401253 -0.0032437746 0.999416 -0.37390137
-0.49742904 0.86676526 0.02125771 -5.677124 -0.86636704 -0.4978567 0.026761647 -54.215088 0.033796642 -0.0050982013 0.99941576 -0.3293457
-0.49881753 0.8663877 0.020760484 -6.175171 -0.8660267 -0.49922213 0.025547378 -55.11548 0.0325134 -0.005235379 0.99945784 -0.28442383
-0.4974084 0.8674567 0.021965314 -6.69751 -0.867117 -0.49785033 0.025142124 -56.050415 0.032738727 -0.0065508336 0.99944276 -0.23242188
-0.49600053 0.8677684 0.02177984 -7.22229 -0.86746603 -0.49642885 0.023955366 -56.966187 0.03160553 -0.007005104 0.99947584 -0.18334961
-0.49458838 0.86895865 0.020434713 -7.719116 -0.8687246 -0.4949584 0.021407818 -57.87256 0.028704068 -0.0071659056 0.9995622 -0.13549805
-0.49217135 0.8704949 0.018463382 -8.229004 -0.87028027 -0.4924803 0.020263014 -58.783936 0.026745291 -0.0061026495 0.9996241 -0.09265137
-0.4893755 0.8723809 0.018646395 -8.744019 -0.87217116 -0.4896888 0.02017041 -59.700928 0.026702564 -0.006393018 0.99962294 -0.048583984
-0.48697057 0.87317264 0.018241799 -9.25 -0.8729375 -0.48727912 0.021045038 -60.62451 0.027268764 -0.005675677 0.99961203 -0.008544922
-0.48417792 0.87469083 0.018346628 -9.737671 -0.8744547 -0.4844908 0.021137418 -61.5365 0.027388673 -0.005812225 0.9996081 0.043823242
-0.48556557 0.8734193 0.020038098 -10.22937 -0.8732002 -0.48592296 0.020893417 -62.42798 0.028000629 -0.007345784 0.9995808 0.087768555
-0.48697388 0.8733344 0.022503441 -10.739014 -0.8730415 -0.48742905 0.023987316 -63.354248 0.031932708 -0.007980268 0.9994587 0.13256836
-0.4921724 0.8699728 0.024394423 -11.236084 -0.8696981 -0.49268526 0.023826497 -64.24182 0.03276365 -0.009481839 0.9994182 0.18518066
-0.49738407 0.8672261 0.024345625 -11.730347 -0.8669573 -0.49789125 0.023547303 -65.14111 0.03255185 -0.009401059 0.99942607 0.22351074
-0.50119764 0.8652874 0.019252669 -12.253296 -0.865091 -0.5015211 0.019654835 -66.02991 0.02666046 -0.0068138978 0.9996214 0.27612305
-0.5078041 0.86146 0.02179837 -12.747925 -0.86133075 -0.5081787 0.017814042 -66.899414 0.0264127 -0.009737168 0.9996038 0.31982422
-0.5106102 0.85936207 0.021435093 -13.257324 -0.8591997 -0.5109845 0.018862287 -67.7843 0.027178394 -0.008775536 0.99959207 0.36462402
-0.5158578 0.85596097 0.022981122 -13.765625 -0.8557112 -0.5163041 0.022232708 -68.649414 0.030906856 -0.008180458 0.9994885 0.4095459
-0.5224854 0.852607 0.02530678 -14.262207 -0.8523969 -0.52299666 0.021556614 -69.48865 0.031612735 -0.01031863 0.9994473 0.45092773
-0.5249216 0.8509165 0.026669085 -14.786987 -0.8507116 -0.52547824 0.021801462 -70.348145 0.032553453 -0.011247961 0.9994067 0.49768066
-0.5277217 0.8486368 0.026685674 -15.302612 -0.84846896 -0.5282644 0.020582637 -71.194336 0.03157361 -0.011777859 0.9994319 0.5469971
-0.5315584 0.847299 0.02003298 -15.808716 -0.84723717 -0.53185034 0.013995102 -72.03345 0.022496901 -0.009540143 0.9997015 0.58813477
-0.53296304 0.8457836 0.01491884 -16.351807 -0.845828 -0.5330784 0.004952152 -72.860596 0.012144974 -0.009973617 0.99987644 0.6263428
-0.5357758 0.84434664 0.013305431 -16.866089 -0.8444017 -0.53584903 0.00245563 -73.69678 0.0092115635 -0.009925145 0.9999084 0.66015625
-0.53576875 0.84438425 0.015334407 -17.394775 -0.8444183 -0.53590053 0.0060673277 -74.52234 0.013345439 -0.009706216 0.9998639 0.6859131
-0.535769 0.8438349 0.019208549 -17.916626 -0.8437835 -0.53603435 0.013087772 -75.332886 0.02134943 -0.009191636 0.9997298 0.71606445
-0.53579694 0.84374005 0.0146423 -18.436401 -0.8435765 -0.53598684 0.016931217 -76.14563 0.0221546 -0.0032776888 0.9997493 0.74780273
-0.5358169 0.84397614 0.010764612 -18.976074 -0.8437976 -0.5359249 0.01735818 -76.969604 0.020423563 0.00022693817 0.9997913 0.7871094
-0.53439903 0.8445832 0.009790005 -19.489502 -0.8444482 -0.53448856 0.015108107 -77.79309 0.017998291 -0.00018545613 0.9998379 0.8189697
-0.53577346 0.8438911 0.007990116 -20.00061 -0.8438501 -0.5358286 0.00859813 -78.60852 0.011541044 -0.002131647 0.99993116 0.8486328
-0.53295964 0.8456545 0.007533684 -20.514526 -0.8456639 -0.53299046 0.0027673 -79.43591 0.0063581774 -0.0048915045 0.9999678 0.8709717
-0.5344057 0.8452504 0.01415068 -21.00232 -0.8453527 -0.5344238 -0.0027821502 -80.24414 0.0052105263 -0.013452672 0.99989605 0.8952637
-0.5317019 0.8465849 0.0208136 -21.503906 -0.8468299 -0.5316576 -0.008082164 -81.07178 0.004229027 -0.021910148 0.9997508 0.9095459
-0.52924955 0.84791166 0.017154321 -22.014648 -0.8480845 -0.5291661 -0.009459748 -81.884766 0.0010651862 -0.019563496 0.9998081 0.9293213
-0.52777046 0.8494038 0.013448034 -22.517944 -0.8495059 -0.5277515 -0.005203903 -82.68933 0.0026779037 -0.014172301 0.999896 0.9511719
-0.5224954 0.8525314 0.013730448 -23.02893 -0.8526201 -0.52252907 -0.0012891134 -83.506226 0.0060742702 -0.012386376 0.99990493 0.9597168
-0.5130321 0.85840577 0.009199445 -23.507324 -0.85844004 -0.513057 0.00039967708 -84.31604 0.005064495 -0.0076941997 0.9999576 0.9810791
-0.5063944 0.86253285 0.002934103 -23.99292 -0.86252683 -0.5064022 0.0032841987 -85.125854 0.0043172715 -0.0008687591 0.9999903 1.0020752
-0.49595267 0.8679608 0.0042037014 -24.467651 -0.8679626 -0.49596328 0.001981818 -85.944824 0.0038061421 -0.0026640345 0.99998915 1.0231934
-0.48554295 0.874099 0.006940739 -24.912842 -0.8741221 -0.48555067 -0.0006408312 -86.777954 0.002810343 -0.0063785696 0.9999756 1.0300293
-0.47375435 0.880951 0.0035053967 -25.36621 -0.8809577 -0.47374654 -0.0028505356 -87.6084 -0.0008522216 -0.004439336 0.99998975 1.0458984
-0.46199548 0.88737017 0.003275596 -25.797607 -0.887374 -0.461983 -0.003929685 -88.440674 -0.0019770062 -0.004720439 0.9999868 1.055542
-0.4492742 0.892997 0.0037325635 -26.215942 -0.8929989 -0.44925216 -0.005509509 -89.28613 -0.0032403271 -0.005812773 0.9999778 1.0649414
-0.437556 0.8994647 0.00048285373 -26.642334 -0.8994586 -0.43755093 -0.0039367625 -90.13635 -0.0033288354 -0.002154512 0.9999921 1.0837402
-0.42489254 0.90483093 0.0022563408 -27.034058 -0.90483207 -0.42489508 0.0008121957 -90.98413 0.0016954192 -0.0016964214 0.9999971 1.0888672
-0.4146565 0.91015834 0.0034155406 -27.412964 -0.9100998 -0.41466883 0.010393242 -91.82446 0.010876441 0.0011992403 0.99994016 1.0992432
-0.40139797 0.9160228 0.005238087 -27.78418 -0.91591096 -0.4014309 0.014339035 -92.668335 0.0152277835 0.0009555839 0.9998835 1.1219482
-0.39020753 0.92070717 0.0059829685 -28.135864 -0.92063653 -0.390252 0.011436362 -93.522705 0.012865864 -0.0010426806 0.9999166 1.1348877
-0.3776896 0.9257924 0.003712515 -28.485962 -0.9257605 -0.37770736 0.0076945405 -94.38782 0.00852445 -0.0005298207 0.99996346 1.1645508
-0.36890718 0.9297133 0.008475628 -28.811768 -0.9296997 -0.36896774 0.0072325803 -95.24414 0.009841964 -0.0052129445 0.9999379 1.1879883
-0.36152288 0.9325332 0.014729709 -29.122803 -0.93251044 -0.36169657 0.011567156 -96.10962 0.016098907 -0.009559508 0.9998247 1.2130127
-0.35415506 0.93496644 0.022002075 -29.446777 -0.9349114 -0.35454756 0.017563775 -96.982544 0.024218071 -0.0143402405 0.9996036 1.2337646
-0.35047448 0.936245 0.028618945 -29.759766 -0.93626726 -0.35106492 0.019045888 -97.8584 0.02786779 -0.020113634 0.99940914 1.2662354
-0.3474832 0.9373617 0.029955726 -30.065063 -0.9374003 -0.34812152 0.019530267 -98.73413 0.028724808 -0.021301448 0.99936056 1.3035889
-0.3415164 0.9393346 0.03316147 -30.378296 -0.9394901 -0.34221518 0.018184043 -99.62024 0.028448815 -0.024954636 0.9992842 1.3459473
-0.33717993 0.94074655 0.032457415 -30.687256 -0.9409643 -0.33778653 0.015313772 -100.497925 0.025387404 -0.025381288 0.99935555 1.3763428
-0.33054844 0.943204 0.029674 -30.998169 -0.9434224 -0.33101937 0.012530088 -101.37317 0.02165482 -0.023849854 0.99948096 1.3977051
-0.32489386 0.9454492 0.030766128 -31.29126 -0.945786 -0.3252705 0.008027903 -102.25098 0.017578455 -0.026482454 0.99949473 1.4434814
-0.31899452 0.94708776 0.035146277 -31.571411 -0.94755423 -0.31944615 0.007936422 -103.12317 0.018741783 -0.03076719 0.99935085 1.4622803
-0.31181803 0.9491576 0.0445771 -31.838013 -0.94997114 -0.3124368 0.0074895974 -103.97876 0.021033727 -0.040013164 0.99897796 1.494751
-0.3051976 0.95129013 0.045283623 -32.114014 -0.95207256 -0.30594152 0.010354613 -104.85608 0.02370668 -0.039950278 0.9989205 1.5335693
-0.29854682 0.9536689 0.04157162 -32.382202 -0.9542295 -0.2993273 0.013888451 -105.71338 0.02567663 -0.0355326 0.99903923 1.5754395
-0.28976083 0.95593387 0.042963333 -32.649292 -0.9565969 -0.29050577 0.01209071 -106.59985 0.024070852 -0.037603434 0.9990029 1.6079102
-0.2832888 0.9579495 0.042121913 -32.904053 -0.95869756 -0.28380919 0.0067902696 -107.46277 0.018490631 -0.03846189 0.99908876 1.6376953
-0.27543247 0.9604884 0.041051514 -33.1521 -0.961229 -0.275861 0.0050559193 -108.352905 0.0161814 -0.03805837 0.9991444 1.6706543
-0.2696076 0.9619704 0.045391068 -33.389526 -0.9628425 -0.27020884 0.007561285 -109.231445 0.019536305 -0.04166025 0.9989409 1.6998291
-0.26305377 0.9638805 0.045696434 -33.62195 -0.96468943 -0.26381087 0.011325059 -110.10388 0.022935815 -0.041094407 0.9988922 1.7230225
-0.2550032 0.96576416 0.046025574 -33.8468 -0.9665824 -0.25578237 0.011807278 -110.979614 0.023190096 -0.041474633 0.99887025 1.7446289
-0.2485574 0.96748585 0.047149003 -34.059326 -0.9683672 -0.24933602 0.01133272 -111.858154 0.022709263 -0.042837493 0.998824 1.7773438
-0.23982558 0.9698267 0.042618126 -34.281982 -0.97052073 -0.24051502 0.0117822075 -112.74451 0.021683877 -0.038544092 0.9990218 1.800415
-0.2320136 0.9719915 0.039072506 -34.492188 -0.97254324 -0.23265016 0.012557976 -113.61975 0.021293739 -0.03507347 0.9991576 1.835083
-0.22538543 0.9734902 0.03828703 -34.704956 -0.9740402 -0.22596644 0.011546832 -114.51257 0.019888962 -0.034715153 0.99919987 1.8780518
-0.2177205 0.9750876 0.043911748 -34.889404 -0.975866 -0.21838582 0.010908058 -115.40259 0.020224735 -0.04046405 0.99897593 1.9084473
-0.21057786 0.97622645 0.04951253 -35.074707 -0.9772998 -0.21124446 0.008576961 -116.303955 0.018838441 -0.046586633 0.9987365 1.9384766
-0.2063606 0.97740805 0.04633198 -35.265015 -0.9783506 -0.20693971 0.008015457 -117.22046 0.01742614 -0.043674238 0.99889386 1.9741211
-0.20060706 0.97870755 0.044165447 -35.450806 -0.9795387 -0.20119569 0.009263642 -118.09546 0.017946782 -0.04138451 0.9989816 1.9954834
-0.19553852 0.9798334 0.04268082 -35.635498 -0.98058486 -0.19614588 0.010516094 -119.00391 0.018653551 -0.03980414 0.9990338 2.0212402
-0.18980539 0.98122746 0.03685568 -35.829346 -0.9817825 -0.19027206 0.009580313 -119.89526 0.01639657 -0.034375392 0.99927485 2.0478516
-0.18409002 0.9824909 0.029194793 -36.009277 -0.98284495 -0.18437217 0.00726034 -120.77869 0.012519318 -0.027354902 0.99954724 2.0756836
-0.18057813 0.9832497 0.025373321 -36.17163 -0.98351526 -0.18079567 0.00653816 -121.67883 0.011017057 -0.023762234 0.9996567 2.099121
-0.17557895 0.9841015 0.026818482 -36.32422 -0.98438424 -0.17585182 0.00815645 -122.56091 0.012746203 -0.024957232 0.999607 2.1177979
-0.17059624 0.98483586 0.030046871 -36.474243 -0.98517275 -0.17097463 0.010485154 -123.454956 0.015468191 -0.02780772 0.9994934 2.1339111
-0.16996813 0.98501325 0.031194555 -36.617188 -0.9854117 -0.17030692 0.0085303495 -124.33606 0.013707938 -0.029285599 0.999477 2.1556396
-0.16781269 0.9852861 0.032104015 -36.767212 -0.9857091 -0.1681702 0.0087592695 -125.22327 0.014029067 -0.030166656 0.99944615 2.177246
-0.16718829 0.9855209 0.028860802 -36.911743 -0.9859102 -0.16735145 0.0033130962 -126.1156 0.008094381 -0.027893825 0.99957794 2.203125
-0.16639888 0.9856495 0.028100658 -37.059082 -0.98604566 -0.16641784 -0.0016738283 -126.98889 0.0030293586 -0.02799994 0.99960345 2.220581
-0.16511345 0.9858584 0.028011186 -37.20105 -0.98625517 -0.16508411 -0.0033717689 -127.868774 0.0012996695 -0.02818094 0.9996021 2.234497
-0.16504218 0.9859833 0.028400272 -37.34021 -0.9863701 -0.16516258 0.0019402876 -128.7356 0.0065943915 -0.027694775 0.9995949 2.2462158
-0.16351925 0.9860021 0.029102653 -37.487183 -0.9863913 -0.16370784 0.004188235 -129.60303 0.008916217 -0.028021492 0.9995674 2.265747
-0.16352855 0.9860484 0.030668177 -37.622803 -0.9864774 -0.1637479 0.004764976 -130.46924 0.009728902 -0.029481636 0.9995181 2.276123
-0.16359067 0.9859304 0.033230107 -37.75244 -0.9864595 -0.16375947 0.0024012309 -131.3374 0.00782531 -0.03239846 0.99944454 2.2978516
-0.16220248 0.98638314 0.02841409 -37.901978 -0.98675245 -0.16238596 0.004266047 -132.18884 0.008811137 -0.027343716 0.99958736 2.3172607
-0.16219117 0.9864027 0.029161416 -38.03235 -0.986777 -0.16242707 0.0058997246 -133.05212 0.010544728 -0.02781241 0.9995576 2.3424072
-0.16075005 0.9862902 0.03838434 -38.161865 -0.9869225 -0.16120146 0.008962946 -133.90771 0.01501505 -0.0364476 0.9992231 2.3511963
-0.16020809 0.9860324 0.046291977 -38.276855 -0.9869901 -0.16076672 0.008577557 -134.76868 0.0159 -0.04430572 0.9988913 2.3789062
-0.16079497 0.98596615 0.045521777 -38.408813 -0.98683125 -0.16148756 0.011947969 -135.60986 0.019130398 -0.043005846 0.99889183 2.4033203
-0.16078186 0.9859409 0.044538878 -38.554077 -0.9867638 -0.16145706 0.011975221 -136.48889 0.019006176 -0.042029962 0.99893564 2.4375
-0.15859686 0.98634374 0.044801462 -38.6698 -0.9871292 -0.15937984 0.014463571 -137.2987 0.021406006 -0.041946128 0.998891 2.4578857
-0.15573001 0.98702914 0.03766439 -38.816284 -0.98756075 -0.15632904 0.013499459 -138.1543 0.01921574 -0.035099845 0.9991992 2.486084
-0.15289463 0.98772144 0.029540615 -38.946533 -0.9880578 -0.15324664 0.010022276 -138.99817 0.01443681 -0.02765062 0.9995132 2.5150146
-0.15159905 0.9881189 0.024401424 -39.079834 -0.98838603 -0.15175211 0.0045370385 -139.83618 0.008181886 -0.023418643 0.9996921 2.5438232
-0.14793122 0.98875266 0.019419834 -39.20398 -0.98892075 -0.14803267 0.0038868096 -140.66235 0.0067219995 -0.01864098 0.9998038 2.5585938
-0.1423217 0.9895163 0.021425469 -39.3219 -0.98966783 -0.14255285 0.009668174 -141.48462 0.012623833 -0.019828051 0.9997237 2.5843506
-0.13673842 0.9903638 0.02086601 -39.43506 -0.9904805 -0.13699746 0.01153743 -142.31323 0.014278419 -0.01908256 0.99971586 2.5979004
-0.12839235 0.9915872 0.01905123 -39.546997 -0.9916584 -0.1286427 0.012546901 -143.16052 0.014891081 -0.017277218 0.9997397 2.6136475
-0.11714591 0.9929044 0.018373117 -39.64453 -0.99301064 -0.117328435 0.009173071 -143.98083 0.011274374 -0.01716756 0.99978894 2.6331787
-0.106104404 0.994302 0.010653205 -39.731934 -0.9943206 -0.10618832 0.0076533253 -144.77747 0.008735562 -0.00977768 0.9999139 2.657959
-0.09221294 0.9957595 0.0073962053 -39.8136 -0.99574584 -0.092274085 0.008404049 -145.62537 0.009048092 -0.0065927655 0.99993724 2.6921387
-0.07776298 0.99698037 0.0067719333 -39.869873 -0.99697065 -0.07781364 0.007571954 -146.38806 0.008070637 -0.0061655147 0.9999484 2.7108154
-0.06403626 0.99795187 0.0047663823 -39.923462 -0.9979357 -0.064069286 0.0071301754 -147.21497 0.0074193734 -0.004302117 0.99996316 2.7313232
-0.050412666 0.9987488 0.0019082781 -39.957764 -0.99867946 -0.050431874 0.011829881 -147.95862 0.011910186 -0.0013105627 0.9999282 2.7409668
-0.03544199 0.99935293 0.004729254 -39.987305 -0.99922264 -0.035516143 0.016656326 -148.79846 0.01681302 -0.004136638 0.99985003 2.7684326
-0.024006253 0.9996471 0.012246407 -39.98352 -0.9993833 -0.024315374 0.025734223 -149.54712 0.02602651 -0.011623266 0.9995937 2.791504
-0.009832143 0.9997796 0.018643798 -39.979492 -0.9993863 -0.010452509 0.033479113 -150.33325 0.033664234 -0.018299008 0.99926555 2.816162
