1 0 0 0 0 1 0 0 0 0 1 0
0.99992899 -0.0023200732 0.011689262 0.01118622 0.0023080042 0.99999679 0.0010458861 -0.0064644631 -0.011691652 -0.001018833 0.99993113 0.30972266
0.99982048 -0.0038286101 0.018556465 0.011982065 0.0038034601 0.9999918 0.0013904397 -0.010209722 -0.018561638 -0.0013196113 0.99982685 0.60675559
0.99976608 -0.0074616619 0.020300523 0.027527786 0.0074700127 0.99997204 -0.00033553269 -0.016870344 -0.020297454 0.0004870994 0.99979387 0.89883059
0.99979667 -0.0085599426 0.018257514 0.034939007 0.0085851044 0.9999623 -0.0013001971 -0.019837477 -0.018245698 0.0014566755 0.99983247 1.1954918
0.99987146 -0.011221191 0.011451648 0.026448421 0.011260944 0.99993077 -0.003412782 -0.019294596 -0.011412561 0.0035412998 0.9999286 1.5244916
0.99992466 -0.012261263 -0.00058509197 0.021392204 0.012258537 0.99991494 -0.0044553516 -0.031993261 0.00063967048 0.0044478436 0.9999899 1.8331148
0.9997987 -0.011717309 -0.016286786 -0.0044661967 0.011637331 0.9999198 -0.0049967911 -0.03744735 0.01634403 0.0048062507 0.99985488 2.1637983
0.99931609 -0.0077134491 -0.036164234 -0.036014649 0.0075173628 0.99995631 -0.0055549647 -0.041206051 0.036205505 0.005279306 0.99933042 2.4921865
0.9984401 -0.0039419174 -0.055694051 -0.080407663 0.0035946116 0.99997347 -0.0063347656 -0.049384774 0.05571755 0.0061246856 0.99842779 2.8400128
0.99721756 -0.0034249049 -0.074467492 -0.13103076 0.0029471798 0.99997437 -0.0065241605 -0.053622838 0.074487935 0.0062865384 0.9972021 3.2209822
0.99538564 -0.0045034998 -0.095849602 -0.17755879 0.003930339 0.99997326 -0.0061677518 -0.05993256 0.095874823 0.0057625702 0.99537672 3.5934247
0.99337717 -0.0054227849 -0.11477107 -0.23655048 0.0048488168 0.99997431 -0.0052795709 -0.069173856 0.11479676 0.0046881013 0.99337794 4.0024772
0.99128305 -0.0048131752 -0.1316615 -0.31341942 0.0042316295 0.99998002 -0.0046964129 -0.077086507 0.13168148 0.0040983318 0.99128361 4.3973696
0.98890612 -0.0039609551 -0.14848905 -0.38670059 0.0033594711 0.99998511 -0.0043012927 -0.086126876 0.14850388 0.00375473 0.9889047 4.7959426
0.98680123 -0.0030267057 -0.16190789 -0.47420095 0.0023932251 0.9999887 -0.0041074845 -0.0911039 0.1619185 0.0036657887 0.98679733 5.214266
0.98474546 -0.0045944085 -0.17394042 -0.55909381 0.0037590542 0.99997977 -0.0051316663 -0.099351522 0.1739605 0.0043995335 0.98474281 5.6566493
0.98291745 -0.0070700301 -0.18391113 -0.64799081 0.005904223 0.99995886 -0.0068858032 -0.10997803 0.18395227 0.0056823237 0.98291875 6.0879097
0.98138076 -0.0066820065 -0.19195613 -0.74614678 0.0050899244 0.99994845 -0.0087859054 -0.11927106 0.19200496 0.0076452763 0.98136418 6.5432112
0.97988713 -0.0066572997 -0.19944146 -0.85418736 0.0046228601 0.99993245 -0.010664629 -0.12221578 0.199499 0.0095281427 0.97985171 7.0237312
0.97839268 -0.0070795599 -0.20663405 -0.96113142 0.004441813 0.99990266 -0.013226444 -0.13394083 0.20670759 0.012022826 0.97832889 7.5057984
0.97629592 -0.010823995 -0.21616918 -1.0868094 0.0077734452 0.99985792 -0.014957151 -0.14416166 0.21630038 0.012922227 0.97624135 7.9860666
0.97452383 -0.016553767 -0.22367225 -1.206865 0.013275726 0.99978142 -0.016151482 -0.1628347 0.22389075 0.012770593 0.97453058 8.5278657
0.97274731 -0.017382593 -0.23121529 -1.3364823 0.013417592 0.99973492 -0.018710094 -0.18664116 0.23147925 0.015097841 0.97272268 9.032498
0.97041066 -0.01392888 -0.24105836 -1.4859272 0.008690806 0.99970275 -0.022779087 -0.18875982 0.24130401 0.020010078 0.97024326 9.5490075
0.96844327 -0.010859883 -0.24899736 -1.6406753 0.0045224523 0.99965146 -0.026009753 -0.20808268 0.24919306 0.024062892 0.96815484 10.086623
0.96619699 -0.013493433 -0.25745154 -1.8012503 0.0065589539 0.99959268 -0.027774919 -0.23002825 0.25772147 0.025147431 0.96589195 10.66956
0.96382744 -0.01551703 -0.26607496 -1.968364 0.0078654817 0.99952497 -0.029798717 -0.26001342 0.26641097 0.026628013 0.96349164 11.225633
0.96151692 -0.015305702 -0.27431905 -2.1328276 0.0066591603 0.99945203 -0.032423632 -0.28232182 0.27466503 0.029349136 0.96109196 11.779497
0.95919535 -0.014887501 -0.28235198 -2.3274641 0.0049321705 0.9993419 -0.035936665 -0.30614269 0.2827012 0.033077674 0.95863753 12.37887
0.95698059 -0.015618099 -0.28973128 -2.516009 0.00393327 0.99915679 -0.040868443 -0.33499296 0.29012529 0.037970716 0.95623509 12.962126
0.95532462 -0.016735638 -0.29508435 -2.7109897 0.0026034256 0.99883334 -0.048220098 -0.38147908 0.29554711 0.045297618 0.95425366 13.590489
0.95382973 -0.017152765 -0.29985767 -2.9171486 0.00024828207 0.9984126 -0.056322448 -0.41402872 0.30034779 0.053647577 0.95231988 14.203882
0.95243777 -0.016929374 -0.30426253 -3.1273727 -0.0029154561 0.99790372 -0.064650337 -0.45754005 0.30471922 0.062462487 0.95039184 14.811376
0.95115389 -0.016886502 -0.30825496 -3.3445639 -0.0062572267 0.99724326 -0.073937286 -0.5046409 0.30865375 0.072254559 0.94842614 15.460034
0.94980262 -0.015537511 -0.3124637 -3.5823836 -0.010370308 0.99665346 -0.081082247 -0.5639699 0.31267787 0.080252477 0.94646294 16.093526
0.9482981 -0.015112646 -0.317021 -3.809524 -0.013340238 0.99608498 -0.087388534 -0.62814079 0.31710056 0.087099517 0.94438388 16.784138
0.94650166 -0.013488198 -0.32241693 -4.0648447 -0.017566685 0.99549097 -0.093215561 -0.69709024 0.32222048 0.093892481 0.94199691 17.437055
0.94536209 -0.011567375 -0.32581698 -4.3017622 -0.021859532 0.99487251 -0.098746342 -0.77387001 0.32528862 0.10047326 0.9402619 18.115596
0.94377449 -0.0085270357 -0.33047993 -4.5769578 -0.026710488 0.99443217 -0.10193731 -0.84853999 0.32950912 0.10503311 0.93829196 18.82956
0.94163324 -0.0083920665 -0.33653589 -4.8342012 -0.028026018 0.99426458 -0.10321087 -0.92885963 0.3354719 0.10661855 0.93599738 19.483551
0.93919976 -0.0072211229 -0.34329529 -5.1171982 -0.029748306 0.99430852 -0.1023015 -1.0144171 0.3420802 0.106294 0.93363951 20.218923
0.93700195 -0.0074152926 -0.34924539 -5.4013276 -0.029769653 0.99444253 -0.1009843 -1.101837 0.34805332 0.10501941 0.93157384 20.947469
0.93472216 -0.0069566223 -0.35531123 -5.6690305 -0.030318306 0.99460233 -0.099232053 -1.1853381 0.35408373 0.10352684 0.92946593 21.657836
0.93182803 -0.0069063846 -0.36283442 -5.9635134 -0.029910598 0.99495548 -0.095754633 -1.2689483 0.36166544 0.10007945 0.92692083 22.349982
0.92798008 -0.0033217018 -0.37261497 -6.3051263 -0.032785558 0.99535446 -0.090524042 -1.3535268 0.3711847 0.096220899 0.92356021 23.211775
0.92513129 -0.0028015391 -0.37963698 -6.6187612 -0.031842374 0.99587668 -0.084945257 -1.4331023 0.37830963 0.090674059 0.92122747 23.914962
0.92134063 0.00065445417 -0.3887557 -6.9579774 -0.034812639 0.99611992 -0.080828093 -1.5043924 0.38719443 0.08800382 0.91778855 24.648437
0.91723682 0.0012360781 -0.3983404 -7.2857154 -0.035688065 0.9962288 -0.079085597 -1.5804024 0.39674045 0.086756221 0.91382186 25.375083
0.91384775 0.0032959482 -0.4060436 -7.6534006 -0.038348029 0.99619828 -0.078220267 -1.6594826 0.40424217 0.087052389 0.91049995 26.153662
0.91067038 0.0040695527 -0.41311364 -8.0025393 -0.039552767 0.99621706 -0.077376706 -1.7317509 0.411236 0.086804463 0.90738633 26.893019
0.906978 0.0039843616 -0.42115914 -8.396978 -0.039506811 0.99635126 -0.075653071 -1.8051084 0.41932104 0.085254326 0.90382608 27.698343
0.90217483 0.0033474372 -0.43135758 -8.7880486 -0.038731266 0.99655963 -0.07327204 -1.8774856 0.42962831 0.082811216 0.89920066 28.468989
0.89884796 0.0047237666 -0.43823511 -9.1730491 -0.038846553 0.99686478 -0.06893146 -1.9491479 0.43653557 0.078982827 0.89621338 29.245231
0.89521382 0.0060330544 -0.44559601 -9.5943619 -0.038403267 0.99723302 -0.063651314 -2.0178462 0.44397908 0.074093879 0.89296847 30.068975
0.89143012 0.0039646437 -0.45314082 -9.9933037 -0.034646485 0.99763111 -0.059428912 -2.0778103 0.4518318 0.06867646 0.88945578 30.846852
0.88789528 0.0054760856 -0.460013 -10.441441 -0.035853556 0.99771151 -0.057325873 -2.1502627 0.45864639 0.067392475 0.88605968 31.675351
0.88381559 0.0058490505 -0.46779887 -10.868182 -0.036327299 0.99776079 -0.056158061 -2.2125624 0.46642294 0.066627239 0.88204902 32.482427
0.88188839 0.0061308208 -0.47141836 -11.3221 -0.036010077 0.99787039 -0.054387151 -2.2701828 0.47008102 0.064939209 0.88023108 33.317652
0.87866969 0.0033730936 -0.47741825 -11.802905 -0.032620305 0.99806239 -0.052984805 -2.3302392 0.47631452 0.062129672 0.87707719 34.163417
0.87621345 0.0015233383 -0.48192078 -12.255121 -0.030748494 0.9981342 -0.052750882 -2.3847439 0.4809413 0.061039372 0.87462545 34.985104
0.87450685 0.00061757401 -0.48501275 -12.744459 -0.030290107 0.99811669 -0.053343944 -2.4484381 0.48406642 0.061340733 0.87287859 35.824633
0.87290584 0.0024228889 -0.48788268 -13.228661 -0.032819071 0.99801427 -0.053762677 -2.5123917 0.48678365 0.062941611 0.871252 36.710758
0.8724067 0.0017187049 -0.48877764 -13.732398 -0.031557397 0.99810549 -0.052816314 -2.5698622 0.48776091 0.061501857 0.87080815 37.557232
0.87209146 0.0020520534 -0.48933859 -14.246241 -0.031124297 0.99819903 -0.051283252 -2.6322838 0.48835211 0.059954006 0.87058472 38.472302
0.87176224 0.00024250831 -0.48992909 -14.775512 -0.0287671 0.99829989 -0.050692996 -2.6932419 0.48908391 0.058286079 0.87028713 39.364386
0.87114862 -0.0013732016 -0.4910175 -15.275555 -0.027278954 0.99831633 -0.05118944 -2.7605576 0.49026112 0.057988054 0.86964443 40.236559
0.87045496 -0.0026859533 -0.49224072 -15.816061 -0.026365849 0.99829525 -0.052071385 -2.8269067 0.49154148 0.058304141 0.86890024 41.190464
0.86870643 -0.0026557185 -0.49532016 -16.349617 -0.025498174 0.99842004 -0.050072559 -2.8897809 0.4946706 0.056128115 0.8672662 42.091355
0.865953 -0.0024971703 -0.50011913 -16.864927 -0.02388998 0.99863947 -0.046351698 -2.9534106 0.4995545 0.052086228 0.86471519 43.003176
0.86394439 -0.0042072607 -0.50356962 -17.426316 -0.019680268 0.99891913 -0.042110103 -3.0164428 0.50320254 0.046291173 0.86292778 43.946486
0.86020126 -0.0056334794 -0.50992355 -17.941135 -0.017146822 0.99905404 -0.039962591 -3.0756065 0.50966636 0.04311944 0.85929095 44.823519
0.85601937 -0.0085813697 -0.5168725 -18.52516 -0.015404848 0.9989947 -0.042098565 -3.1368796 0.51671419 0.04399953 0.85502661 45.738426
0.85000288 -0.010098 -0.52668122 -19.069191 -0.01630332 0.99883301 -0.045462193 -3.2019018 0.52652571 0.047229648 0.84884631 46.599907
0.84406607 -0.010559491 -0.53613519 -19.674473 -0.016353888 0.99883413 -0.045419404 -3.2633965 0.53598978 0.047104873 0.84290932 47.534435
0.8378761 -0.0071110833 -0.54581412 -20.267405 -0.017739596 0.99903224 -0.040247737 -3.3218887 0.54557216 0.043405139 0.83693909 48.439138
0.83354773 -0.0036909771 -0.5524351 -20.866438 -0.018564463 0.99922578 -0.034687304 -3.385203 0.55213547 0.039169184 0.83283385 49.280714
0.82921616 -0.0034048026 -0.55891765 -21.488615 -0.020456993 0.99912656 -0.036436668 -3.4380543 0.55855358 0.041647649 0.82842224 50.194307
0.82704003 -0.003315564 -0.56213323 -22.101652 -0.023837608 0.99887628 -0.040962697 -3.4982239 0.56163741 0.047277702 0.82603164 51.0749
0.82404225 -0.005586745 -0.56650078 -22.687802 -0.02610891 0.99851441 -0.047825686 -3.5644303 0.56592643 0.054201104 0.8226722 51.920773
0.82022749 -0.0071175956 -0.57199316 -23.327877 -0.025977499 0.99842754 -0.049675176 -3.6244163 0.57144734 0.055603897 0.81875282 52.789358
0.81806009 -0.0059953759 -0.57510148 -23.939819 -0.025040202 0.9986262 -0.046029316 -3.6902393 0.57458742 0.052055404 0.81678612 53.655369
0.81464232 -0.0026222966 -0.57995774 -24.593017 -0.02527876 0.99887888 -0.040024473 -3.7558898 0.57941255 0.047266243 0.81366273 54.534254
0.81114632 -0.0021200592 -0.58483939 -25.200483 -0.024063502 0.99902563 -0.036996505 -3.81088 0.58434803 0.044082863 0.81030495 55.367714
0.80848878 -0.00042211673 -0.58851141 -25.841623 -0.026758244 0.99893919 -0.037476601 -3.8662193 0.58790298 0.046046944 0.80761983 56.217361
0.80554785 -0.0022034728 -0.59252661 -26.516165 -0.026138055 0.99888751 -0.03924967 -3.9240544 0.59195397 0.047104981 0.80459409 57.098669
0.80112967 -0.0054458065 -0.59846601 -27.153181 -0.024452467 0.99882581 -0.041821937 -3.982369 0.5979911 0.048138766 0.80005583 57.950203
0.79718797 -0.0059504141 -0.60370183 -27.799714 -0.024664736 0.99879561 -0.042414443 -4.0358577 0.60322717 0.048702431 0.79608108 58.789804
0.79323481 -0.0065493236 -0.60888061 -28.457906 -0.023480691 0.99886943 -0.041334243 -4.1015634 0.60846299 0.047084699 0.79218423 59.67682
0.789872 -0.0075433098 -0.61322531 -29.138045 -0.022073373 0.99892676 -0.040719702 -4.1557892 0.61287439 0.045699304 0.78885777 60.513412
0.78259542 -0.0079243959 -0.62248018 -29.805725 -0.022671282 0.99889289 -0.041219083 -4.2188161 0.62211772 0.04637029 0.78154934 61.308143
0.77878376 -0.0090140894 -0.62722768 -30.502563 -0.02255209 0.99884802 -0.042356079 -4.2784232 0.62688698 0.047131522 0.77768333 62.144884
0.77258107 -0.0084382253 -0.63486003 -31.195626 -0.024396322 0.99877872 -0.042963887 -4.3451593 0.63444727 0.048681336 0.77143167 62.96292
0.76779134 -0.0091126277 -0.64063514 -31.918528 -0.024981611 0.99871269 -0.044146126 -4.4124649 0.64021279 0.049899112 0.76657531 63.843334
0.76085138 -0.013368105 -0.64878843 -32.616566 -0.020918752 0.99876293 -0.045111205 -4.4723372 0.64858894 0.047894767 0.75963051 64.656106
0.75628743 -0.012797606 -0.65411429 -33.366364 -0.022199456 0.99873095 -0.045206983 -4.5374832 0.65386278 0.048710455 0.75504357 65.482879
0.74919519 -0.012211623 -0.66223667 -34.091087 -0.022220872 0.99880381 -0.04355661 -4.6024178 0.66197646 0.04734788 0.74802766 66.301324
0.74290596 -0.01316808 -0.66926624 -34.826126 -0.020715995 0.99887534 -0.042648654 -4.6626025 0.6690752 0.045548455 0.74179765 67.06517
0.73586426 -0.013948151 -0.67698538 -35.602651 -0.021029495 0.99883478 -0.043437793 -4.7304647 0.67680248 0.04620098 0.73471349 67.915417
0.73094605 -0.016199877 -0.68224292 -36.401559 -0.019974748 0.998782 -0.045116785 -4.8068918 0.68214289 0.046605567 0.72973217 68.785013
0.72604957 -0.014430539 -0.6874909 -37.148044 -0.023049246 0.99870726 -0.045305004 -4.8634773 0.68725599 0.048739826 0.72477836 69.525722
0.72176099 -0.014382908 -0.69199289 -37.908935 -0.022024622 0.9988005 -0.043731905 -4.9260794 0.69179189 0.046804865 0.72057846 70.310383
0.7174145 -0.013298391 -0.69651959 -38.730251 -0.024290749 0.99873231 -0.044087872 -4.991439 0.69622298 0.048548262 0.71618201 71.135397
0.7119244 -0.016180682 -0.70206965 -39.525943 -0.021320275 0.99877568 -0.04463844 -5.0518591 0.70193243 0.046747512 0.7107078 71.909946
0.70629925 -0.018758423 -0.70766479 -40.342237 -0.020899304 0.9986606 -0.047330968 -5.1217405 0.70760485 0.048219529 0.7049612 72.74251
0.70215587 -0.017523119 -0.71180758 -41.169007 -0.02557611 0.99843126 -0.049808466 -5.2007502 0.7115638 0.053178576 0.7006062 73.534759
0.69736528 -0.018369425 -0.71648041 -42.009831 -0.025999 0.99836519 -0.05090187 -5.2658465 0.7162442 0.054124971 0.69574764 74.327865
0.6916426 -0.020191085 -0.7219576 -42.840366 -0.022294499 0.99853592 -0.049284539 -5.336957 0.72189577 0.050182971 0.69017984 75.167129
0.68733805 -0.01909588 -0.72608657 -43.688261 -0.023182799 0.99856826 -0.048207693 -5.4156441 0.72596763 0.049967701 0.68591127 75.940971
0.68262396 -0.020758673 -0.73047488 -44.552931 -0.021550721 0.99858984 -0.048516982 -5.4867696 0.73045201 0.048861115 0.68121399 76.745647
0.67948492 -0.02171536 -0.73336801 -45.435254 -0.020800907 0.99858993 -0.048841291 -5.5563714 0.73339458 0.048441641 0.6780751 77.495807
0.67460668 -0.022779403 -0.73782577 -46.307659 -0.0193333 0.99863565 -0.04850833 -5.629408 0.73792418 0.046988651 0.67324589 78.298584
0.67032407 -0.026129477 -0.74160828 -47.208502 -0.014589511 0.99872265 -0.048375674 -5.6920029 0.74192509 0.043247081 0.66908662 79.035996
0.66715515 -0.025961945 -0.74446621 -48.090406 -0.0160786 0.99865778 -0.049235301 -5.7757806 0.74474528 0.044817559 0.66584225 79.866529
0.66117246 -0.031417615 -0.74957579 -48.997389 -0.011830482 0.99856193 -0.052288805 -5.8563549 0.75014069 0.043439762 0.65984996 80.65051
0.65693325 -0.035584585 -0.75310849 -49.897697 -0.0079764965 0.99850164 -0.054137341 -5.9270387 0.75390658 0.041571787 0.65566508 81.427282
0.65211172 -0.03884016 -0.75712727 -50.809058 -0.0034029208 0.99852676 -0.05415473 -6.008607 0.75811528 0.037891379 0.65101883 82.194082
0.64168861 -0.041820971 -0.76582419 -51.709108 0.00049516791 0.99853463 -0.054114174 -6.0954775 0.76696515 0.034345238 0.64076901 82.967623
0.63534274 -0.042505045 -0.77105957 -52.660539 0.0023408431 0.99858546 -0.053118699 -6.1812912 0.77222676 0.031943651 0.63454353 83.757721
0.62534257 -0.042817951 -0.77917472 -53.606381 0.0057680036 0.99871984 -0.050253374 -6.2496621 0.78032907 0.026931292 0.62478901 84.493098
0.61995921 -0.044682678 -0.7833607 -54.585896 0.0088932775 0.99871322 -0.049928101 -6.3204008 0.78458367 0.023986742 0.61955883 85.265032
0.61111163 -0.043265332 -0.79036107 -55.508314 0.0030404131 0.998626 -0.052315144 -6.4035908 0.79153861 0.029567369 0.61040351 85.974375
0.59877746 -0.046390322 -0.79957078 -56.518394 0.0055136601 0.99853624 -0.05380507 -6.4867227 0.8008965 0.027808702 0.59815677 86.705413
0.58932241 -0.047380671 -0.80650735 -57.519096 0.0042915089 0.9984483 -0.055520966 -6.5658625 0.80788658 0.029258616 0.5886113 87.444137
0.58003443 -0.047299378 -0.81321754 -58.501546 0.0056783889 0.99852332 -0.054027205 -6.6545649 0.8145722 0.026719873 0.57944649 88.163213
0.57053162 -0.048298916 -0.81985415 -59.499327 0.0091716044 0.99858167 -0.052445574 -6.7327194 0.82122446 0.02240248 0.5701654 88.883807
0.56024175 -0.05023599 -0.82680437 -60.563941 0.011243543 0.99852849 -0.053051201 -6.8182231 0.82825287 0.020425287 0.55998218 89.555587
0.54994287 -0.05004627 -0.83370148 -61.626476 0.0082888179 0.99848099 -0.054470184 -6.9015338 0.83516118 0.02304509 0.54952233 90.207826
0.54045788 -0.05077031 -0.83983784 -62.669244 0.0074607096 0.99842768 -0.0555563 -6.9879323 0.84133803 0.023760054 0.53998689 90.904275
0.53019665 -0.051179742 -0.84632859 -63.71723 0.0058117503 0.99837245 -0.05673337 -7.0743485 0.84785482 0.025161192 0.52963117 91.545653
0.52354695 -0.050593493 -0.85049329 -64.813516 0.0040103946 0.9983706 -0.056921584 -7.1620575 0.85198742 0.026390308 0.52289678 92.158437
0.51152321 -0.049487523 -0.85784318 -65.875413 0.0041877087 0.99847189 -0.055103067 -7.2423772 0.85925929 0.0245941 0.51094879 92.809577
0.50751166 -0.048816307 -0.8602609 -66.985287 0.0070497555 0.99859566 -0.052507232 -7.3256627 0.86161609 0.020583403 0.50714308 93.429903
0.49639073 -0.046935421 -0.86682942 -68.103564 0.0034827269 0.99863695 -0.052077896 -7.4241324 0.86809226 0.022832054 0.49587759 94.092081
0.48971732 -0.05188312 -0.87033615 -69.197216 0.0083118411 0.99846033 -0.054844079 -7.5027355 0.87184168 0.019623999 0.48939457 94.695958
0.4836228 -0.054200549 -0.87359672 -70.26733 0.0087224155 0.99832975 -0.057110633 -7.589706 0.8752331 0.02000013 0.48328779 95.248542
0.47657341 -0.057060968 -0.87728089 -71.398107 0.0099706732 0.99817803 -0.059508017 -7.6829468 0.87907817 0.019612857 0.47627404 95.917013
0.47139666 -0.06094323 -0.87981308 -72.533602 0.012122858 0.99796306 -0.06263196 -7.7818946 0.88183802 0.018858647 0.47117526 96.4813
0.46731905 -0.062712345 -0.88186167 -73.695782 0.016068483 0.9979187 -0.062450512 -7.8739697 0.88394274 0.015014134 0.46735411 97.047864
0.46139792 -0.058683629 -0.88525032 -74.802303 0.014784468 0.99818003 -0.058464033 -7.9794434 0.88707015 0.013887228 0.4614258 97.703201
0.45804134 -0.057965957 -0.8870389 -75.891912 0.020640526 0.99829614 -0.05457819 -8.0725062 0.88869127 0.0066901171 0.45845735 98.187609
0.45457309 -0.057876421 -0.88882707 -77.011369 0.022770913 0.99831567 -0.053360092 -8.1596542 0.89041836 0.0040166569 0.45512534 98.787092
0.44997723 -0.056648005 -0.89124151 -78.118094 0.021598227 0.99838452 -0.052553411 -8.2521752 0.89277885 0.0043986006 0.4504738 99.365922
0.44868847 -0.055841335 -0.89194189 -79.275158 0.023488747 0.99843804 -0.050692746 -8.3423247 0.89337954 0.0017946523 0.44929928 99.898496
0.44558514 -0.056056994 -0.89348275 -80.317973 0.027641005 0.99842328 -0.048856217 -8.4175748 0.89481279 -0.0029271578 0.44643205 100.43817
0.44473134 -0.05614202 -0.8939027 -81.430104 0.027938108 0.99841744 -0.048806454 -8.504058 0.89522822 -0.003268191 0.44559603 101.00556
0.44222073 -0.056508278 -0.89512433 -82.549287 0.03060245 0.99838284 -0.047908269 -8.588811 0.89638406 -0.0062069683 0.44323488 101.48026
0.43696745 -0.057284775 -0.89765129 -83.686413 0.036621889 0.99827549 -0.045879078 -8.6732197 0.89873152 -0.012826023 0.43831177 102.13709
0.43860531 -0.056450701 -0.89690503 -84.792649 0.037766222 0.99830133 -0.044364056 -8.7586653 0.89788594 -0.014414404 0.4399922 102.6464
0.43546078 -0.055950794 -0.89846722 -85.836424 0.037259828 0.99833157 -0.04411096 -8.8383768 0.89943632 -0.014268142 0.43681896 103.18784
0.43323337 -0.056693409 -0.89949688 -86.858111 0.037785509 0.99828468 -0.044720799 -8.9111284 0.90048941 -0.014613406 0.43463242 103.65556
0.43210006 -0.058519774 -0.89992495 -87.905961 0.039087567 0.99816994 -0.046140447 -8.9887644 0.90097823 -0.015238588 0.43359668 104.14382
0.4333282 -0.059463246 -0.89927233 -88.945723 0.038801439 0.99812669 -0.047302797 -9.0694507 0.90040057 -0.014395426 0.4348237 104.66126
0.43387215 -0.058305096 -0.89908587 -90.00149 0.034448034 0.99824775 -0.048112077 -9.147706 0.9003157 -0.010097252 0.43512039 105.09868
0.43984362 -0.05863631 -0.89615808 -91.027361 0.033239352 0.99824545 -0.049001749 -9.2307614 0.89745908 -0.008234608 0.44102093 105.61093
0.44429227 -0.059175751 -0.89392536 -92.020175 0.032680694 0.99822253 -0.049837259 -9.3045841 0.89528566 -0.0070717928 0.44543646 106.1415
0.45141416 -0.058527028 -0.89039305 -93.062372 0.030496113 0.99827563 -0.050157319 -9.387229 0.89179331 -0.0045118035 0.4524206 106.63178
0.45807271 -0.059860573 -0.88689686 -94.007257 0.034517418 0.99817534 -0.049543372 -9.4670956 0.88824434 -0.0079189237 0.45930311 107.08622
0.46668045 -0.057030215 -0.88258532 -94.978097 0.030057309 0.99836507 -0.048618321 -9.5337621 0.88391514 -0.0038389206 0.46763164 107.61885
0.47455409 -0.056785173 -0.87839273 -95.986873 0.029685481 0.99838174 -0.048504401 -9.6121976 0.87972567 -0.0030575495 0.47547183 108.1592
0.4847414 -0.05625953 -0.87284625 -96.97433 0.028922131 0.99841449 -0.048290951 -9.6862822 0.87417924 -0.0018359506 0.48559999 108.67853
0.4938813 -0.057026716 -0.86765728 -97.930697 0.028187776 0.99837265 -0.049573143 -9.7587726 0.86907236 2.5919485e-05 0.49468504 109.19298
0.50433082 -0.058470105 -0.86152865 -98.861419 0.026416737 0.99828263 -0.052287195 -9.8364586 0.86310639 0.0036112678 0.50500929 109.77392
0.51621154 -0.057602427 -0.85452182 -99.793853 0.02230084 0.99830145 -0.053822658 -9.9076011 0.85617076 0.0087273224 0.51661932 110.31112
0.52758723 -0.055451099 -0.84768911 -100.72884 0.019485939 0.99839471 -0.053181705 -9.9860504 0.84927739 0.011539969 0.52782081 110.87157
0.53985994 -0.053894381 -0.84002773 -101.63533 0.019189929 0.99847685 -0.051727362 -10.061732 0.84153613 0.011805457 0.54007188 111.46457
0.55226505 -0.052093696 -0.83203936 -102.58674 0.01876807 0.99856971 -0.050062821 -10.13346 0.83345733 0.012032173 0.55245286 112.05085
0.56378784 -0.051206631 -0.8243307 -103.43568 0.018723892 0.9986121 -0.049226917 -10.211121 0.82570742 0.012318858 0.56396415 112.68921
0.57551498 -0.051739756 -0.81615283 -104.2798 0.019276882 0.99857758 -0.04971131 -10.278977 0.81756404 0.012876722 0.57569374 113.27181
0.5853769 -0.052771601 -0.80904202 -105.13899 0.019494455 0.9985071 -0.051024811 -10.36014 0.81052693 0.014096912 0.58553175 113.90577
0.59991202 -0.054683827 -0.79819496 -105.98124 0.022196913 0.99841502 -0.05171789 -10.423665 0.79975804 0.013308719 0.60017498 114.44765
0.61032096 -0.052991329 -0.79037977 -106.81037 0.019950808 0.99847177 -0.051537187 -10.503281 0.79190299 0.01568551 0.61044548 115.101
0.61906377 -0.05204774 -0.78361409 -107.65 0.020922314 0.99854033 -0.049794309 -10.578405 0.78506201 0.014430832 0.61924909 115.74657
0.62942263 -0.050164647 -0.7754422 -108.42988 0.022262311 0.99866854 -0.046535322 -10.64716 0.77674422 0.01202725 0.62970136 116.39152
0.63943854 -0.048967297 -0.76728124 -109.21539 0.021511895 0.99871853 -0.045809817 -10.713268 0.76854124 0.012786889 0.6396725 117.01839
0.64922928 -0.048023998 -0.75907509 -110.00765 0.019258861 0.99872265 -0.046713743 -10.783279 0.76034892 0.015709008 0.64932487 117.68696
0.65822183 -0.046013333 -0.75141649 -110.73109 0.015222841 0.9987398 -0.047823466 -10.845929 0.75267014 0.020039755 0.65809279 118.32084
0.66704526 -0.045541658 -0.74362392 -111.47374 0.015319946 0.99875734 -0.047424467 -10.915938 0.7448597 0.020241988 0.66691404 118.98598
0.67609956 -0.04444923 -0.73546829 -112.20188 0.016161608 0.99883318 -0.045509114 -10.979257 0.73663303 0.018882342 0.67602905 119.63234
0.68444769 -0.042974304 -0.72779429 -112.89374 0.016116765 0.99890917 -0.043826044 -11.037929 0.72888385 0.018266944 0.68439368 120.2896
0.69243753 -0.042708986 -0.72021258 -113.62588 0.017134292 0.99893826 -0.04276406 -11.111388 0.72127437 0.017271107 0.69243414 120.98958
0.70008403 -0.041117524 -0.71287562 -114.28734 0.015098305 0.99896993 -0.0427916 -11.164719 0.71390085 0.019194502 0.6999837 121.65553
0.70784083 -0.040258931 -0.70522375 -114.96719 0.015117977 0.99900927 -0.041856112 -11.230995 0.7062102 0.018965909 0.70774819 122.32901
0.71469217 -0.037702731 -0.69842219 -115.61222 0.013962557 0.99911618 -0.039647192 -11.280551 0.69929978 0.018583778 0.71458694 122.96486
0.722022 -0.034944129 -0.69098705 -116.2653 0.012744217 0.99922599 -0.037215571 -11.338746 0.69175274 0.018064372 0.72190849 123.65624
0.7291403 -0.034094121 -0.68351442 -116.88872 0.012964367 0.99926718 -0.036014302 -11.391635 0.68424146 0.017398147 0.72904798 124.31801
0.73609593 -0.032681305 -0.67608778 -117.50651 0.011979144 0.99930627 -0.035262928 -11.453536 0.67677125 0.017857945 0.73597677 124.97
0.7447727 -0.029546447 -0.66666378 -118.13086 0.009026311 0.99937396 -0.034208249 -11.496351 0.66725721 0.019459855 0.74457314 125.63843
0.75335452 -0.027349568 -0.6570456 -118.69352 0.0088199742 0.99946515 -0.031490011 -11.548561 0.65755548 0.017928017 0.75319282 126.3124
0.76203902 -0.023902893 -0.64708975 -119.27575 0.0069448318 0.99956267 -0.0287444 -11.585389 0.64749389 0.017410424 0.76187176 126.97647
0.77125882 -0.021227114 -0.63616759 -119.80257 0.0048381354 0.99961041 -0.027488651 -11.632485 0.63650331 0.018123 0.77106104 127.60334
0.78162351 -0.020510837 -0.62341316 -120.35648 0.003574776 0.99959009 -0.028405401 -11.671291 0.62374029 0.019973766 0.78137644 128.29035
0.79133327 -0.021671489 -0.61100079 -120.86983 0.0041926332 0.99954043 -0.03002248 -11.722632 0.61137068 0.021196085 0.79106046 128.95761
0.80107115 -0.02079295 -0.59820786 -121.37988 0.0038428169 0.99955452 -0.029597267 -11.763549 0.59855683 0.021410714 0.80079419 129.6123
0.81096113 -0.019345513 -0.5847801 -121.89721 0.0034238428 0.99959304 -0.02832011 -11.798952 0.58509003 0.020964313 0.81069734 130.31949
0.8202274 -0.017397937 -0.57177295 -122.35744 0.0031228132 0.99965868 -0.025937887 -11.830933 0.5720291 0.019489425 0.82000177 131.00562
0.82969009 -0.016184749 -0.55798959 -122.83891 0.0037297954 0.99971802 -0.023451354 -11.874827 0.55821185 0.017376169 0.8295165 131.70838
0.83849528 -0.014933916 -0.54470416 -123.29074 0.0041943821 0.99977165 -0.020953644 -11.907839 0.54489274 0.015284834 0.83836645 132.4296
0.84654684 -0.014273669 -0.5321228 -123.73389 0.0050242391 0.99981015 -0.018825928 -11.937094 0.53229054 0.013263517 0.84645784 133.12862
0.8535759 -0.014364037 -0.52077042 -124.18236 0.0061701674 0.99982845 -0.017464255 -11.968943 0.52093198 0.011693826 0.8535181 133.86194
0.85889849 -0.014567585 -0.51193862 -124.59186 0.0066841095 0.9998291 -0.017236684 -12.002024 0.51210227 0.011382708 0.85884907 134.57207
0.86679959 -0.013464681 -0.49847482 -125.04527 0.0059791757 0.99984416 -0.016610339 -12.025586 0.49862083 0.011417367 0.86674502 135.29218
0.87287724 -0.011890341 -0.48779496 -125.44767 0.0046378633 0.99986006 -0.01607313 -12.056484 0.48791786 0.011767543 0.87281024 136.04088
0.87886338 -0.010734799 -0.47695272 -125.84633 0.0038455291 0.99987374 -0.015418193 -12.082554 0.47705805 0.01171635 0.8787937 136.77039
0.88482764 -0.011313611 -0.46578111 -126.2629 0.004545054 0.99986717 -0.015652242 -12.109889 0.46589636 0.011732536 0.88476152 137.52846
0.88982402 -0.012313215 -0.45613768 -126.65353 0.0053066295 0.99984749 -0.016638333 -12.141302 0.45627302 0.012384635 0.88975366 138.29372
0.89353135 -0.013029221 -0.44881171 -127.04068 0.0060495321 0.9998375 -0.016981861 -12.170679 0.44896007 0.012458724 0.89346497 139.07141
0.89715182 -0.012169541 -0.44155464 -127.43553 0.0055504364 0.99985208 -0.016279202 -12.196564 0.44168748 0.012154094 0.89708666 139.84627
0.90000383 -0.010598041 -0.4357531 -127.81722 0.0053614698 0.99989791 -0.013245152 -12.222706 0.43584902 0.0095844102 0.89996877 140.64879
0.90347191 -0.0069332354 -0.4285912 -128.21269 0.003180434 0.99995009 -0.0094716289 -12.2406 0.42863551 0.0071942444 0.90344887 141.45452
0.90618867 -0.0043070928 -0.42285165 -128.61525 0.0016030949 0.99997593 -0.0067500809 -12.262022 0.42287059 0.0054389753 0.90617377 142.29668
0.90952546 -0.0015291246 -0.41564538 -128.98519 -0.00037323838 0.99998983 -0.0044956086 -12.28511 0.41564806 0.004244005 0.90951564 143.11819
0.91264458 0.00039292576 -0.40875384 -129.37201 -0.0014796808 0.99999616 -0.0023424818 -12.291064 0.40875139 0.0027426782 0.91264166 143.9507
0.91553265 0.0016632173 -0.4022402 -129.76351 -0.0014341302 0.99999859 0.00087067842 -12.305903 0.40224112 -0.00022027001 0.91553375 144.80566
0.91892041 0.0018537316 -0.39443862 -130.12963 -0.00090300063 0.99999622 0.0025959396 -12.323513 0.39444197 -0.0020292839 0.91891862 145.68986
0.92218451 0.001498878 -0.38674729 -130.51612 -9.9022865e-05 0.99999337 0.0036394583 -12.333157 0.38675021 -0.0033179557 0.92217855 146.58851
0.92590352 0.00060475052 -0.37775957 -130.88072 0.00072007591 0.99999408 0.0033658117 -12.32771 0.3777594 -0.0033884328 0.9258976 147.48531
0.92949052 -0.0020244712 -0.36884043 -131.25849 0.0033437195 0.99999009 0.0029375958 -12.356961 0.36883086 -0.0039637668 0.92948808 148.39856
0.93279598 -0.003575518 -0.3603871 -131.61205 0.0044553448 0.99998878 0.0016106278 -12.356588 0.36037733 -0.0031080363 0.93280144 149.34052
0.93746039 -0.0043697698 -0.34806452 -131.958 0.0046429063 0.99998922 -4.9365441e-05 -12.383814 0.34806102 -0.0015697531 0.93747057 150.2505
0.94203004 -0.0026946865 -0.3355177 -132.31431 0.0024757148 0.99999635 -0.001080358 -12.392152 0.33551941 0.00018708332 0.94203328 151.22663
0.94771844 0.00075960643 -0.31910683 -132.63062 -0.00079832546 0.99999968 9.4589402e-06 -12.40192 0.31910676 0.00024578644 0.94771875 152.21623
0.95360941 0.0044472272 -0.30101381 -132.94519 -0.0037534108 0.9999888 0.002883222 -12.407754 0.30102328 -0.0016196394 0.95361542 153.21156
0.95990838 0.0072044512 -0.28022132 -133.29232 -0.006311876 0.99997173 0.0040875731 -12.420774 0.28024287 -0.0021549737 0.95992671 154.23373
0.96561739 0.00917838 -0.25980531 -133.55809 -0.008052996 0.99995302 0.0053957177 -12.440175 0.25984265 -0.0031179881 0.96564594 155.27318
0.97131241 0.010451576 -0.23757726 -133.83983 -0.0091353409 0.99993622 0.0066405321 -12.43848 0.23763153 -0.0042796823 0.97134594 156.32978
0.97638288 0.010943639 -0.21577002 -134.08388 -0.0092347172 0.99991751 0.0089267149 -12.453505 0.21584993 -0.0067233168 0.9764034 157.39226
0.98090169 0.012988789 -0.19407 -134.31001 -0.010729561 0.99986194 0.012687954 -12.449815 0.19420802 -0.01036335 0.98090563 158.4752
0.98509382 0.014942618 -0.17136771 -134.51441 -0.012277104 0.99978677 0.016603673 -12.464281 0.17157928 -0.014252276 0.98506722 159.57752
0.98868064 0.016765159 -0.14909567 -134.66904 -0.013958952 0.99970556 0.019848183 -12.447169 0.14938454 -0.017542296 0.98862355 160.72446
0.99181758 0.018051382 -0.12638055 -134.84586 -0.01564829 0.99967788 0.019981865 -12.444371 0.12670055 -0.017840726 0.99178056 161.84645
0.99437219 0.018325025 -0.10434628 -134.97538 -0.016518841 0.99969885 0.01814757 -12.445698 0.10464742 -0.016321759 0.99437544 163.01408
0.99642008 0.018172484 -0.082563858 -135.08417 -0.016829843 0.99971504 0.016928875 -12.432867 0.082847978 -0.015478734 0.99644198 164.14106
0.99788136 0.016608802 -0.062904161 -135.14205 -0.015474475 0.99970953 0.018477121 -12.432528 0.063192777 -0.017464567 0.99784852 165.32761
0.99894153 0.016999708 -0.042741504 -135.2095 -0.016135452 0.99965995 0.020484896 -12.423586 0.043075211 -0.01977356 0.99887613 166.51305
0.99965739 0.017345445 -0.019601876 -135.24741 -0.01692338 0.99962568 0.021496484 -12.414638 0.019967406 -0.021157389 0.99957674 167.72648
0.99982113 0.018770002 -0.0023238454 -135.26947 -0.018714712 0.99958533 0.02188439 -12.411313 0.0027336521 -0.021836985 0.99975781 168.92588
0.99963127 0.018990558 0.01940829 -135.26642 -0.019421818 0.99956313 0.022278826 -12.401659 -0.018976725 -0.022647556 0.99956339 170.17436
0.99900029 0.021170534 0.039372826 -135.20772 -0.022034364 0.99952306 0.021636687 -12.388572 -0.038895991 -0.022482612 0.99899031 171.41194
0.9980021 0.022435615 0.059063041 -135.17065 -0.023695699 0.99950445 0.020721233 -12.377025 -0.058568883 -0.022079375 0.99803917 172.66722
0.99644686 0.022634515 0.081125387 -135.05624 -0.024212083 0.99953537 0.01851521 -12.373624 -0.080668618 -0.020413637 0.99653192 173.88803
0.99478266 0.024390697 0.099058316 -134.96163 -0.026103147 0.99953075 0.016027978 -12.36851 -0.098620908 -0.018530088 0.99495254 175.16311
0.99268231 0.024839271 0.1181729 -134.82807 -0.026658067 0.99954887 0.013835025 -12.365616 -0.11777594 -0.016884046 0.99289665 176.45149
0.99008622 0.024758907 0.13826158 -134.66529 -0.026583273 0.99958201 0.011363763 -12.370895 -0.13792245 -0.014926551 0.99033055 177.75862
0.9874561 0.025952724 0.15574631 -134.46466 -0.02718889 0.99961342 0.0058116392 -12.36682 -0.15553529 -0.009973308 0.98777999 179.0507
0.98430452 0.027796098 0.17427558 -134.24543 -0.028131762 0.99960408 -0.00054439067 -12.390289 -0.17422173 -0.0043668329 0.98469677 180.38223
0.98125116 0.030337155 0.19033083 -134.0277 -0.029724674 0.99953968 -0.0060726913 -12.408201 -0.19042746 0.00030131367 0.98170123 181.66595
0.9774802 0.032152597 0.20856333 -133.75722 -0.030762854 0.99947764 -0.0099045364 -12.436775 -0.20877285 0.0032654854 0.97795871 182.95666
0.9732144 0.034639137 0.22727486 -133.43456 -0.03252306 0.99938578 -0.013050069 -12.470035 -0.22758733 0.0053088418 0.9737432 184.31921
0.96935317 0.034024063 0.24330391 -133.1234 -0.031812513 0.99940912 -0.013014179 -12.507068 -0.24360297 0.0048752268 0.96986279 185.63123
0.96498006 0.032901978 0.26025167 -132.78543 -0.030401716 0.99944485 -0.013627827 -12.532901 -0.2605556 0.0052384841 0.96544464 186.98776
0.95999804 0.032589643 0.2781037 -132.4117 -0.028629221 0.99942273 -0.018291149 -12.594033 -0.27853929 0.009597575 0.96037688 188.31131
0.95544356 0.033975818 0.29321195 -132.02846 -0.028589755 0.99933488 -0.022636612 -12.645428 -0.29378605 0.013245148 0.95577944 189.64377
0.95029054 0.036038457 0.30927192 -131.61927 -0.030381403 0.99927165 -0.023089877 -12.675296 -0.30987881 0.012545977 0.95069329 190.97348
0.94426557 0.037891628 0.32699656 -131.18406 -0.032044992 0.99921595 -0.02325082 -12.742005 -0.32762122 0.011476347 0.94473946 192.33165
0.9379794 0.042104578 0.34412474 -130.69752 -0.03504193 0.99902858 -0.026720164 -12.782571 -0.34491552 0.013004169 0.93854365 193.67025
0.93162654 0.043149899 0.36084633 -130.24107 -0.034720139 0.99895225 -0.029814597 -12.853443 -0.36175478 0.015247436 0.9321486 195.02264
0.92471523 0.043975064 0.37811099 -129.70158 -0.033951269 0.99887392 -0.033139187 -12.913547 -0.37914254 0.017806963 0.92516694 196.35898
0.91695002 0.043973802 0.39657149 -129.10987 -0.031590344 0.99878936 -0.037707704 -12.976774 -0.39774957 0.022048251 0.91722907 197.68789
0.90898038 0.047407619 0.41413424 -128.56957 -0.032240189 0.99853125 -0.043542139 -13.074562 -0.41559025 0.026227185 0.90917374 198.98143
0.89843732 0.051076114 0.43612107 -127.92278 -0.033511429 0.99829085 -0.047878677 -13.155174 -0.43782117 0.028400951 0.89861339 200.35738
0.88596193 0.053975729 0.46060618 -127.26274 -0.03518133 0.99816427 -0.049298789 -13.244248 -0.46242161 0.027472113 0.88623448 201.68242
0.87313605 0.05816507 0.48399406 -126.58272 -0.037896212 0.99795035 -0.051565311 -13.332684 -0.48600138 0.026681991 0.87355066 202.97124
0.85870127 0.062491645 0.50865205 -125.86617 -0.040130844 0.9976892 -0.054824972 -13.432073 -0.5109028 0.026665638 0.85922482 204.25258
0.84391219 0.066161755 0.53238597 -125.10987 -0.041604548 0.99744884 -0.058007506 -13.542413 -0.53486569 0.026803565 0.84451186 205.54561
0.82868322 0.068060012 0.55556452 -124.30439 -0.041464406 0.99731697 -0.060328814 -13.654233 -0.55817995 0.026957324 0.8292819 206.79229
0.8124996 0.068878074 0.57887839 -123.46854 -0.040003801 0.99724236 -0.06250892 -13.762646 -0.58158759 0.027631138 0.8130144 208.02623
0.79690931 0.071118381 0.59989807 -122.59402 -0.038373728 0.99700002 -0.067219165 -13.88545 -0.60287896 0.030547254 0.79724767 209.21917
0.78034807 0.073507668 0.62101005 -121.69437 -0.036299399 0.99671735 -0.072366305 -14.012295 -0.62429102 0.033928616 0.78045474 210.45477
0.76358664 0.075790501 0.64124192 -120.73324 -0.034780822 0.99647353 -0.076359725 -14.160341 -0.644768 0.036004346 0.76352993 211.63322
0.74614161 0.077097176 0.66130831 -119.73669 -0.032720261 0.99631875 -0.079235982 -14.290504 -0.6649828 0.037483083 0.74591751 212.74478
0.73074528 0.077775117 0.67820523 -118.73983 -0.030975283 0.99624306 -0.080872098 -14.430146 -0.68194715 0.038089306 0.73040902 213.86445
0.71504147 0.077981384 0.69471905 -117.69503 -0.028742013 0.99619807 -0.082239249 -14.575556 -0.69849097 0.038836851 0.71456427 214.96317
0.70063244 0.078883799 0.70914843 -116.62756 -0.026259453 0.99604734 -0.084853567 -14.731031 -0.71303904 0.040829313 0.69993452 216.04958
0.68481697 0.080193721 0.72428906 -115.54269 -0.023237605 0.99582399 -0.088287022 -14.876551 -0.72834455 0.043629709 0.68382068 217.11598
0.66979688 0.082337127 0.73796524 -114.43134 -0.020769134 0.99552176 -0.092222908 -15.04532 -0.74225389 0.046443718 0.66850744 218.14898
0.65492332 0.0849489 0.75090551 -113.30616 -0.019806046 0.99524993 -0.095316845 -15.205566 -0.75543578 0.047552757 0.65349489 219.16654
0.63885716 0.085305819 0.76458119 -112.14825 -0.018322176 0.99523857 -0.095731346 -15.376903 -0.7691072 0.047149866 0.63737827 220.18485
0.62276738 0.086732495 0.77758486 -110.95506 -0.018905446 0.99521472 -0.095865755 -15.552366 -0.78217864 0.045001478 0.62142698 221.1463
0.60480882 0.087653632 0.79153211 -109.76188 -0.020769118 0.99532228 -0.09435153 -15.720223 -0.79609986 0.040625215 0.60380018 222.10173
0.58621048 0.088673401 0.8052914 -108.55623 -0.023268383 0.99542482 -0.092671464 -15.884724 -0.80982462 0.035587156 0.58559175 223.02667
0.56843262 0.08988425 0.81780506 -107.33821 -0.024917856 0.99543903 -0.092088165 -16.059866 -0.82235243 0.03196797 0.56807974 223.91037
0.55013197 0.093087675 0.82987315 -106.12459 -0.02617607 0.99520151 -0.094280313 -16.240387 -0.83466741 0.030143798 0.54992883 224.73458
0.53192131 0.096837388 0.84123848 -104.90711 -0.028790125 0.99493343 -0.096325447 -16.410655 -0.84630426 0.027018199 0.53201426 225.5711
0.51302086 0.097195529 0.85285554 -103.63311 -0.029160072 0.99496851 -0.095850659 -16.589904 -0.85788073 0.02430406 0.51327383 226.32829
0.49102601 0.095639709 0.865879 -102.39276 -0.028781085 0.99519363 -0.093601724 -16.749832 -0.87066938 0.021039945 0.49141857 227.06798
0.47015508 0.093996731 0.8775641 -101.14703 -0.028860052 0.99541812 -0.09115841 -16.922769 -0.88211188 0.017532045 0.47071363 227.78554
0.44841031 0.092460935 0.88903268 -99.878117 -0.028772616 0.995613 -0.089033138 -17.079369 -0.89336465 0.014343582 0.44910347 228.43415
0.42726869 0.091251886 0.89950792 -98.629108 -0.027553586 0.99574579 -0.087926847 -17.236899 -0.90370478 0.012783721 0.42796531 229.09257
