7.776172829840728440e-01 -6.283743859462940229e-01 2.137737802179319468e-02 -6.595629057599423106e+01 6.274065152845741400e-01 7.777334799251097719e-01 3.862251651623082455e-02 2.571225902398143859e+01 -4.089530270015093172e-02 -1.662123010478453594e-02 9.990251793257600710e-01 -8.900092430922689202e-01 -4.809208017785018303e-24 -1.416202385148814181e-23 -3.430527606006730092e-24 9.999999999999997780e-01
7.495774601730430531e-01 -6.613350988043703582e-01 2.774019268037985000e-02 -6.556295210532162798e+01 6.605842418586411746e-01 7.500691539474860781e-01 3.201130588630000245e-02 2.609126424007236977e+01 -4.197726299528588279e-02 -5.670219212293776956e-03 9.991024762282940674e-01 -9.003021851618496774e-01 -4.809208017785018303e-24 -1.416202385148814181e-23 -3.430527606006730092e-24 9.999999999999997780e-01
7.210732020257835106e-01 -6.927650058548738832e-01 1.140543656252955909e-02 -6.520621989039884170e+01 6.924172118745755000e-01 7.211035807439419854e-01 2.383339124217900146e-02 2.648822195490000198e+01 -2.473544056861749774e-02 -9.288299153292328345e-03 9.996508817975979788e-01 -9.115601917374825947e-01 1.060470178231316421e-18 1.372898239157876765e-18 -2.435319284481894498e-20 9.999999999999995559e-01
6.909947563996969855e-01 -7.227198950166331404e-01 -1.421970376881437521e-02 -6.487002805415689011e+01 7.228557926398261335e-01 6.909225002186700770e-01 1.027627065758582141e-02 2.690148581326823418e+01 2.397848029505321530e-03 -1.737964437864600309e-02 9.998460872984892278e-01 -9.139857064337071346e-01 -8.996814668231318015e-19 4.340362956885467424e-18 -4.720423100544487841e-20 9.999999999999993339e-01
6.563049141200832937e-01 -7.539561339899197856e-01 -2.853082054213402705e-02 -6.453210582281771224e+01 7.540083239280662708e-01 6.567708579371356326e-01 -1.111249799565359325e-02 2.732215539389204650e+01 2.711654751288181467e-02 -1.421928913457036307e-02 9.995311424200282735e-01 -9.311366840696719827e-01 -1.697858231518371808e-18 8.122284024653788024e-18 5.188418028735796175e-20 9.999999999999990008e-01
6.189816603089719482e-01 -7.849147684605926045e-01 -2.775807006271376748e-02 -6.419512477967379027e+01 7.842018324624188130e-01 6.196028516144538312e-01 -3.346329681631298597e-02 2.776776846360955986e+01 4.346481523867594399e-02 -1.054762386027634658e-03 9.990544015780993270e-01 -9.422358296167415714e-01 -1.830508311336075304e-18 1.039381953753416503e-17 7.986302317522938828e-20 9.999999999999984457e-01
5.860297358764975373e-01 -8.099808670483282791e-01 -2.236389241981413117e-02 -6.386783117330555370e+01 8.089975611676468725e-01 5.864304001578488634e-01 -4.027818014134904728e-02 2.825423201788403560e+01 4.573942165485765654e-02 5.511876843974719727e-03 9.989381985490055627e-01 -9.715596439669155204e-01 -3.944385850939303415e-18 1.268998165142105425e-17 1.537779281711748896e-19 9.999999999999978906e-01
5.572258223365651464e-01 -8.302075462925802007e-01 -1.596286315785082691e-02 -6.356196564991572018e+01 8.298576639431373136e-01 5.574543897514655511e-01 -2.410105685761402064e-02 2.876093339185469944e+01 2.890744741716395894e-02 1.828268966453551600e-04 9.995820756987116029e-01 -9.378552331342884241e-01 -4.625220255366183537e-18 1.234992366137577560e-17 1.707148814479445716e-19 9.999999999999970024e-01
5.286114400797439217e-01 -8.488273752729118549e-01 -7.876065269130629043e-03 -6.328440795658887197e+01 8.487870802929134983e-01 5.286656758070659157e-01 -8.549593632693577513e-03 2.928018575499221043e+01 1.142093449109516691e-02 -2.165689441708003662e-03 9.999324337396930940e-01 -8.803021359571685522e-01 -7.259121074107678743e-18 1.467253069926124883e-17 2.349996392151875112e-19 9.999999999999962252e-01
4.987673155579478435e-01 -8.667131692721045111e-01 -6.280695935098958536e-03 -6.301121322605248309e+01 8.666977155901960383e-01 4.988002746232619855e-01 -5.775450327957702343e-03 2.979712983503954504e+01 8.138471714970802601e-03 -2.562858963054264264e-03 9.999635978534787695e-01 -8.733264510244842516e-01 -9.433948184062509907e-18 1.798325923161152049e-17 2.446440334761066471e-19 9.999999999999955591e-01
4.712916290421820809e-01 -8.819671516679853385e-01 -4.259550848882381890e-03 -6.274932799334677469e+01 8.818477073968978841e-01 4.712996429507764762e-01 -1.487506347227213546e-02 3.031656812605864459e+01 1.512684215572968061e-02 3.254217745324380993e-03 9.998802871910495993e-01 -8.671764823992983429e-01 -1.190809555680927932e-17 2.078581997403238018e-17 2.415430816337406987e-19 9.999999999999948930e-01
4.458069941770805289e-01 -8.951135039252904324e-01 -5.285738679972670079e-03 -6.250351091118784552e+01 8.948633851333830380e-01 4.458107551649128641e-01 -2.173229226089504890e-02 3.085451750915258629e+01 2.180930742650154935e-02 4.958393881315450481e-03 9.997498529330668404e-01 -8.634905045966017045e-01 -1.215763630028729767e-17 2.096994868843599005e-17 2.104957627314860568e-19 9.999999999999942268e-01
4.226608495779458630e-01 -9.062695487261341887e-01 -5.771593002489004871e-03 -6.226227951335503974e+01 9.060294151761275616e-01 4.226838173433658530e-01 -2.119172932176810464e-02 3.140888064793049850e+01 2.164497793160961511e-02 3.727681286483513177e-03 9.997587705654604751e-01 -8.586036121516488206e-01 -1.242654663632290870e-17 1.963182403280916996e-17 1.958030296080843814e-19 9.999999999999935607e-01
4.031309382379816286e-01 -9.151285783587496114e-01 -5.013153345730393326e-03 -6.203056703221855628e+01 9.150212669176585045e-01 4.031606634877661910e-01 -1.405562181164385360e-02 3.198626001189728996e+01 1.488380743546844666e-02 1.079114082782465719e-03 9.998886476948393165e-01 -8.523121794494303849e-01 -1.430412027675666946e-17 1.978686853355236339e-17 1.983364357746847541e-19 9.999999999999928946e-01
3.859120974575517837e-01 -9.225328603325372301e-01 -2.230390681018640849e-03 -6.180281690857916033e+01 9.225178890429407419e-01 3.859185415974855093e-01 -5.255820300684274811e-03 3.257227028515561074e+01 5.709416054195245657e-03 -2.929066669828229056e-05 9.999837007223523200e-01 -8.471760104675318814e-01 -1.633730515260487632e-17 2.101464999384200628e-17 2.128183651010102230e-19 9.999999999999923395e-01
3.696430851211049973e-01 -9.291727571202741398e-01 1.406075271808592247e-03 -6.157775511799754753e+01 9.291720830421730248e-01 3.696448973274282790e-01 1.374763569720012036e-03 3.315963894119258271e+01 -1.797141405947828884e-03 7.983140419961020718e-04 9.999980664868565183e-01 -8.440454388536012820e-01 -1.817059007542870393e-17 2.074965185301530865e-17 2.176166096959842535e-19 9.999999999999917843e-01
3.555065689961188213e-01 -9.346721885481394931e-01 1.726080893242022945e-03 -6.136357443518645738e+01 9.346669679161340172e-01 3.555104227017308882e-01 3.162030503974492049e-03 3.375793845902327917e+01 -3.569101719379969093e-03 4.891881793344125470e-04 9.999935110828654938e-01 -8.448551843601740385e-01 -1.999304863671690422e-17 2.031228947351368761e-17 2.154427435688801565e-19 9.999999999999913403e-01
3.426286547510555280e-01 -9.394708398504516556e-01 3.821180190112218804e-04 -6.115971552640323949e+01 9.394684324959798882e-01 3.426286556233578140e-01 2.160714995133957220e-03 3.435626103454413993e+01 -2.160853314299583227e-03 -3.813350557353645189e-04 9.999975926453648079e-01 -8.495955152603380522e-01 -2.186314943947460248e-17 1.968699339232845150e-17 2.118320681363309741e-19 9.999999999999906741e-01
3.303815899038609061e-01 -9.438376804866851488e-01 -4.293942957596458970e-03 -6.096339979325018277e+01 9.438473863728604751e-01 3.303765056537167899e-01 1.864336121988782865e-03 3.497182017541920374e+01 -3.410128112187843334e-04 -4.668769169860611384e-03 9.999890430923218387e-01 -8.543606217831382077e-01 -2.481060032420327487e-17 2.091614831804041394e-17 2.069896284540111233e-19 9.999999999999900080e-01
3.198729410284276709e-01 -9.474316299355333149e-01 -7.389735823092543482e-03 -6.076624560946701337e+01 9.474604335068088634e-01 3.198645970875649835e-01 2.316564076087193527e-03 3.559977134830980106e+01 1.689287931791182173e-04 -7.742488470548104448e-03 9.999700122180381623e-01 -8.609559649158493588e-01 -2.767531493233878981e-17 2.395348764393520680e-17 2.226908899191860323e-19 9.999999999999894529e-01
3.118372336331347028e-01 -9.500890714672388659e-01 -9.396595051759553882e-03 -6.057191151758056691e+01 9.501354192469061433e-01 3.118268797590748598e-01 2.584985927933159712e-03 3.622893464184079448e+01 4.741440353233030043e-04 -9.734132639745445362e-03 9.999525097969321763e-01 -8.635636209846382361e-01 -2.914549938622205751e-17 2.673056467580704329e-17 2.497690317444409245e-19 9.999999999999890088e-01
3.058149500805400489e-01 -9.520260382208887151e-01 -1.111930108818761677e-02 -6.037373777079726267e+01 9.520891382283446225e-01 3.058164180466371174e-01 1.609757981269118116e-03 3.687047182514449162e+01 1.867933316569007343e-03 -1.107885384743884614e-02 9.999368829193925334e-01 -8.613638077656396996e-01 -3.081660012429219370e-17 2.941399565037184522e-17 2.826673898330110983e-19 9.999999999999883427e-01
3.012074274574629840e-01 -9.534726507054930300e-01 -1.280585807799255842e-02 -6.017461444588785469e+01 9.535560387919226333e-01 3.012108282294100325e-01 1.708168855793215299e-03 3.751894354998184866e+01 2.228570831074228129e-03 -1.272561644889988290e-02 9.999165425964537945e-01 -8.619449702866371910e-01 -3.195247628145207349e-17 3.138528629210960606e-17 3.255141788679883726e-19 9.999999999999875655e-01
2.978381640717819856e-01 -9.545298919497212653e-01 -1.284964578584639472e-02 -5.997423230587341436e+01 9.546126078744983090e-01 2.978478322146819735e-01 1.199054668320636207e-03 3.817425407059427300e+01 2.682705619046540663e-03 -1.262355811492610856e-02 9.999167209678414547e-01 -8.671487827700122830e-01 -3.237912426329565569e-17 3.618505593539587877e-17 3.554569048867312136e-19 9.999999999999866773e-01
2.956406950631364494e-01 -9.552265150981683606e-01 -1.178491731050011933e-02 -5.977245386442984909e+01 9.552901599368027741e-01 2.956690937046959067e-01 -7.052345699804163847e-04 3.883211296230119558e+01 4.158094581189145621e-03 -1.104951950393960429e-02 9.999303067555187496e-01 -8.701726162413484511e-01 -3.417991515273575235e-17 4.277833330175471363e-17 3.921213969870729208e-19 9.999999999999859002e-01
2.947524113282416480e-01 -9.555097829198552217e-01 -1.104856373755558167e-02 -5.956596883304252543e+01 9.555594930028623590e-01 2.947912949615544842e-01 -2.036601837103771580e-03 3.950202020972141526e+01 5.203013390924191711e-03 -9.957266661068131866e-03 9.999368887546323803e-01 -8.673316309418115377e-01 -3.489095290889446953e-17 4.848367222316724799e-17 4.743058534570377650e-19 9.999999999999850120e-01
2.944547094741246096e-01 -9.556050890864857816e-01 -1.073954284625985335e-02 -5.936155944737094359e+01 9.556539278885947120e-01 2.944877183461926951e-01 -1.598078345297530758e-03 4.018031470399449034e+01 4.689795268401202380e-03 -9.792724609876186925e-03 9.999410524451205484e-01 -8.658564521455148766e-01 -3.592766928276216711e-17 5.516944717590023113e-17 5.502463921022409168e-19 9.999999999999839018e-01
2.934531238491255856e-01 -9.558954306775218068e-01 -1.221432409335237654e-02 -5.915371584248224934e+01 9.559684464115093538e-01 2.934690268446249473e-01 5.096552568365613758e-04 4.087031048635224550e+01 3.097348674009859845e-03 -1.182606835469504972e-02 9.999252724771291456e-01 -8.668806926545783442e-01 -3.647788073086981992e-17 6.446459384982574010e-17 6.159310120497840914e-19 9.999999999999830136e-01
2.928931163459664311e-01 -9.560858245140827494e-01 -1.065450892403181291e-02 -5.894587075106452545e+01 9.561449618104643777e-01 2.928671805827405827e-01 3.953042123654926070e-03 4.156491779068698378e+01 -6.590915490589626790e-04 -1.134507385492325438e-02 9.999354253638357282e-01 -8.685338822686113902e-01 -3.705200650384992514e-17 7.224425649590283569e-17 6.814897492112868046e-19 9.999999999999819034e-01
2.924114925909000462e-01 -9.562707241384462709e-01 -6.466927905578062109e-03 -5.872740893362136916e+01 9.562887321410284969e-01 2.923844160194052355e-01 4.818096008586619274e-03 4.226729893377924441e+01 -2.716575219987952053e-03 -7.593116932991183024e-03 9.999674818684428645e-01 -8.743019733707126928e-01 -3.863925415583401902e-17 8.117128412124209455e-17 7.507085736399311847e-19 9.999999999999810152e-01
2.918544815670163217e-01 -9.564606962901653908e-01 -1.974345822854362085e-03 -5.850708921551971287e+01 9.564620900472535769e-01 2.918512678934524485e-01 1.762875911542571795e-03 4.297026566191163255e+01 -1.109906190167262059e-03 -2.402890167435095710e-03 9.999964971074101205e-01 -8.813480214314822758e-01 -3.875840847778573070e-17 8.864592756234203988e-17 7.299944580656204451e-19 9.999999999999800160e-01
2.915171382793478871e-01 -9.565655852901050471e-01 1.978081703706496093e-04 -5.828376581770712050e+01 9.565613186202992502e-01 2.915152064166056101e-01 -3.054201587481260999e-03 4.368118373531964238e+01 2.863880039506261615e-03 1.079567750792846757e-03 9.999953163513259913e-01 -8.804513077528987042e-01 -3.860426238980012300e-17 9.519614460286123027e-17 6.426174919828328912e-19 9.999999999999787947e-01
2.912515807262398004e-01 -9.566402256904542600e-01 -3.463425391518164687e-03 -5.806852254730227259e+01 9.566253442013471497e-01 2.912673070449614543e-01 -5.595237125642514055e-03 4.440452139176318980e+01 6.361411493604723910e-03 -1.683578849896731795e-03 9.999783487686431105e-01 -8.807563781081442222e-01 -3.868611222004431210e-17 1.000144878868133376e-16 5.398108289151993733e-19 9.999999999999771294e-01
2.908873758145310573e-01 -9.567078641760797808e-01 -9.726109985152763329e-03 -5.785005295900290889e+01 9.567086251513212680e-01 2.909600895185748270e-01 -7.129717278830739573e-03 4.514462827175470494e+01 9.650966421956943750e-03 -7.231108562428887297e-03 9.999272823141073241e-01 -8.821768469445657734e-01 -3.836000986213603716e-17 1.019613032732356995e-16 4.429585841283132412e-19 9.999999999999751310e-01
2.903243926982704837e-01 -9.568901878544687767e-01 -8.539051018001191443e-03 -5.762458745292154561e+01 9.568765529273751680e-01 2.903899259064832150e-01 -7.807265200968761462e-03 4.588003757339279787e+01 9.950349857213646246e-03 -5.904178175271771432e-03 9.999330633686380754e-01 -8.820183167435807770e-01 -3.808851760571160942e-17 1.069667326558376597e-16 3.806098033040555906e-19 9.999999999999732436e-01
2.898023468373927547e-01 -9.570790077460084033e-01 -3.791134332615798009e-03 -5.738992165653608879e+01 9.570491680963790770e-01 2.898237580050478379e-01 -7.686295722213520865e-03 4.662507286739759849e+01 8.455153082439071169e-03 -1.400795420389212191e-03 9.999632734048472527e-01 -8.835466451232096841e-01 -3.886715849356172882e-17 1.122415401140006012e-16 2.975748691495938421e-19 9.999999999999712452e-01
2.900718194245911485e-01 -9.569965458616490617e-01 -3.993843344102007697e-03 -5.716018248546642155e+01 9.569921083602399570e-01 2.900869825143935765e-01 -3.955643056163173944e-03 4.738689394094715368e+01 4.944098705735399876e-03 -2.674655984038308912e-03 9.999842009268693488e-01 -8.801283522104198509e-01 -4.016934927080567515e-17 1.192487658683034292e-16 2.033556976875214767e-19 9.999999999999690248e-01
2.912699895024576935e-01 -9.566245873832921465e-01 -5.584982458936790968e-03 -5.693031813231254290e+01 9.566408652465122620e-01 2.912636788211910299e-01 1.929854922914875761e-03 4.815883616243112186e+01 -2.194441322013968650e-04 -5.904931275043400797e-03 9.999825416630552244e-01 -8.777193925247914752e-01 -4.123294499131782766e-17 1.245118322021868558e-16 1.054449422463713903e-19 9.999999999999668043e-01
2.910771828574047482e-01 -9.566681336090806509e-01 -7.756014234354889104e-03 -5.669477331243055573e+01 9.566876571210617408e-01 2.910235288762345607e-01 7.350670221982042243e-03 4.894465958260443728e+01 -4.774969329543152750e-03 -9.559695466791418017e-03 9.999429043152805452e-01 -8.832964498091050443e-01 -4.137565435509119669e-17 1.305155950020767287e-16 2.686886391660037993e-20 9.999999999999645839e-01
2.908152641263295757e-01 -9.567729331263418180e-01 -3.469378625101355619e-03 -5.644851298291020925e+01 9.567484026165909983e-01 2.907748793084019567e-01 9.080950052888087098e-03 4.973098885227382482e+01 -7.679599066686594241e-03 -5.960201345786742162e-03 9.999527487627034583e-01 -8.995957119476459818e-01 -4.257207308993660915e-17 1.334212487882778026e-16 -4.750806714771949112e-20 9.999999999999620304e-01
2.901846825934500385e-01 -9.569672802619303420e-01 2.544503158266615567e-03 -5.620422769222065540e+01 9.569362430830083976e-01 2.901957708853721840e-01 7.709814167785922906e-03 5.051263463957339894e+01 -8.116443951004496601e-03 1.976573156510267552e-04 9.999670415914558852e-01 -9.104519574667059301e-01 -4.347251520753725938e-17 1.353699147782806677e-16 -1.332957147290617256e-19 9.999999999999593658e-01
2.893364360394306001e-01 -9.572263587875905477e-01 1.457677041092319105e-03 -5.596681841861992979e+01 9.572080377715086463e-01 2.893399301013124814e-01 5.931043303387634885e-03 5.130224177041562683e+01 -6.099115158293193228e-03 -3.207667511890838620e-04 9.999813487775501830e-01 -9.121177680160053036e-01 -4.432089927897854691e-17 1.389184437925253530e-16 -2.442115234981866921e-19 9.999999999999568123e-01
2.900166735453065248e-01 -9.569996014204381618e-01 -6.487830681135207250e-03 -5.573906515193805689e+01 9.570165782385812170e-01 2.899865440868612532e-01 5.203193745989691081e-03 5.211041458953724259e+01 -3.098070743182240218e-03 -7.717974460674730842e-03 9.999654168159443079e-01 -9.224007215548225558e-01 -4.532764451116669866e-17 1.429548376483101913e-16 -3.478655886712996124e-19 9.999999999999540368e-01
2.892710033998577845e-01 -9.572083729974820709e-01 -8.626543668599594497e-03 -5.549473084037529702e+01 9.572461445938136304e-01 2.892725842797251312e-01 1.091166574113027702e-03 5.290960580423720927e+01 1.450948799341734378e-03 -8.573368517706845757e-03 9.999621953353193815e-01 -9.315024943136940294e-01 -4.654608334162006664e-17 1.454759600658086128e-16 -4.337062872271223470e-19 9.999999999999509281e-01
2.884267190201589282e-01 -9.574698720081991077e-01 -7.840405090697600415e-03 -5.524691053612882286e+01 9.574847813834327370e-01 2.884609388596682256e-01 -3.630450578657859820e-03 5.370970720455977698e+01 5.737697664382084874e-03 -6.459949605256573579e-03 9.999626732416564412e-01 -9.329721997147708556e-01 -4.781697558243309831e-17 1.478595190709737598e-16 -5.110027101429185335e-19 9.999999999999477085e-01
2.886361840933951983e-01 -9.573891044232386571e-01 -9.759916177566569512e-03 -5.500324772669153361e+01 9.574123164763533866e-01 2.886890804050193382e-01 -4.502345430333357101e-03 5.452377724129969039e+01 7.128077685482020129e-03 -8.044724151696592412e-03 9.999422347925022159e-01 -9.292323708261881476e-01 -4.874954251074633102e-17 1.501190169757550319e-16 -5.799889303569260400e-19 9.999999999999444888e-01
2.889052271580535014e-01 -9.572339452000502291e-01 -1.539298144038755631e-02 -5.476767788278818472e+01 9.573425211488978404e-01 2.889538469406202625e-01 -9.856665650166429073e-04 5.535169615977797264e+01 5.391374697767305733e-03 -1.445159143726942527e-02 9.998810352155850234e-01 -9.284759343131531173e-01 -4.960936934485774477e-17 1.520842289945681562e-16 -6.403779827837802262e-19 9.999999999999411582e-01
2.890077685295729948e-01 -9.572467156464007365e-01 -1.237881714311325938e-02 -5.451885279528616479e+01 9.573267504051561350e-01 2.889829056245183936e-01 3.791202395798534599e-03 5.617945575478412934e+01 -5.184949551882165811e-05 -1.294625973392821497e-02 9.999161923233983451e-01 -9.285620873863588143e-01 -5.095305586941000629e-17 1.533373660602547429e-16 -6.856257071542462507e-19 9.999999999999381606e-01
2.880825281862548493e-01 -9.575865787440305255e-01 -6.033337654185740029e-03 -5.426317785706222452e+01 9.575902628335611899e-01 2.880365594631347226e-01 7.471876543757625423e-03 5.700598939840237023e+01 -5.417146876345563244e-03 -7.929982475054305271e-03 9.999538838854812317e-01 -9.366334771575650642e-01 -5.294395072983576325e-17 1.576261894688148940e-16 -7.159477101468906199e-19 9.999999999999353850e-01
2.876669901889143954e-01 -9.576873149320286327e-01 -9.094480417715327877e-03 -5.401423897646297689e+01 9.576996621530252662e-01 2.875685623832860971e-01 1.075541914049796439e-02 5.784686730454677672e+01 -7.685041818288955787e-03 -1.180375987586774165e-02 9.999008007722756108e-01 -9.463014206431323849e-01 -5.462371293419874052e-17 1.639708613623190735e-16 -7.955715426638418251e-19 9.999999999999324984e-01
2.881400205176042895e-01 -9.575346780546847292e-01 -1.013256625771345558e-02 -5.376628260762246470e+01 9.575608794280559000e-01 2.880355848686748099e-01 1.061433174661308501e-02 5.867717744605673857e+01 -7.245051083500238590e-03 -1.276096282384569201e-02 9.998923277346419836e-01 -9.624111968153497010e-01 -5.669253608336723674e-17 1.693195042068863689e-16 -8.701453725895206152e-19 9.999999999999292788e-01
2.863548360829983319e-01 -9.581056246275130306e-01 -5.875364597107052278e-03 -5.351298612166714008e+01 9.581204812096989487e-01 2.863327642064088518e-01 4.323381606281555614e-03 5.950618181542157004e+01 -2.459946848582366015e-03 -6.867328386250388245e-03 9.999733938772240593e-01 -9.591158401752990503e-01 -5.885067716085320172e-17 1.742040527766540477e-16 -9.115685852882995804e-19 9.999999999999257261e-01
2.858877357663990315e-01 -9.582489346152753829e-01 -5.213621313816170846e-03 -5.326162140914050980e+01 9.582604737977115095e-01 2.858954959831504494e-01 -7.935575833496644367e-04 6.034545924669193084e+01 2.250976560179062877e-03 -4.769138849671910110e-03 9.999860941128917435e-01 -9.625747046215735736e-01 -6.158340428954488987e-17 1.762244106176990199e-16 -9.856232010935670737e-19 9.999999999999219513e-01
2.858306395597732807e-01 -9.582490870614717160e-01 -7.715739424437246738e-03 -5.301415739254914428e+01 9.582727606630756512e-01 2.858507895273752486e-01 -1.625514641971147244e-03 6.119404201612989169e+01 3.763198127933105232e-03 -6.929161029080447773e-03 9.999689120504121620e-01 -9.697543245570501291e-01 -6.267602765420785130e-17 1.771040729000941681e-16 -1.057057260399982618e-18 9.999999999999182876e-01
2.851363278698484383e-01 -9.584668077090540139e-01 -6.217157636657285984e-03 -5.275822841729122104e+01 9.584867373842979044e-01 2.851347933487224373e-01 1.150600058861699906e-03 6.203687353663240600e+01 6.699159925736322121e-04 -6.287141014590101259e-03 9.999800113354421205e-01 -9.721418858755064285e-01 -6.354292531486517406e-17 1.760453843133479454e-16 -1.140010892128099637e-18 9.999999999999145128e-01
2.843618405000205018e-01 -9.587144709933074216e-01 -2.215124293312141675e-03 -5.249985660019152078e+01 9.587110353635183158e-01 2.843511327207599027e-01 4.193327168756868020e-03 6.288891783492257304e+01 -3.390330336380510245e-03 -3.316086336222014413e-03 9.999887545525847354e-01 -9.719104069083159825e-01 -6.491775611050141202e-17 1.737927638158843861e-16 -1.236692667868320790e-18 9.999999999999104050e-01
2.836853394373880510e-01 -9.589174221062300996e-01 -7.595797338494025505e-05 -5.225388607414652853e+01 9.588974654483733984e-01 2.836789226137721998e-01 6.474536391934842573e-03 6.374212467141541794e+01 -6.186998070238177230e-03 -1.909566962200141089e-03 9.999790370847317922e-01 -9.680766149320269021e-01 -6.704093554109752317e-17 1.726445131520869511e-16 -1.341212999831929338e-18 9.999999999999058531e-01
2.834812715787697335e-01 -9.589616328367374098e-01 -5.563758744432547101e-03 -5.201363472972001745e+01 9.589721728984959004e-01 2.834550180696842614e-01 5.062048752342173351e-03 6.459559464283968566e+01 -3.277235201611591875e-03 -6.770485829733943577e-03 9.999717097253683074e-01 -9.668340341693446582e-01 -6.939752946759080312e-17 1.693271467555262056e-16 -1.446434475326913383e-18 9.999999999999011902e-01
2.835100792585795726e-01 -9.589601316253806296e-01 -4.183409138099618459e-03 -5.176049724366171034e+01 9.589687695297721692e-01 2.835116340273447499e-01 2.289930596402887551e-04 6.544564345116505422e+01 9.664499459282980143e-04 -4.076680554086027121e-03 9.999912232865733053e-01 -9.751277364691979255e-01 -7.055101951798160257e-17 1.632468047057174840e-16 -1.573624667676067617e-18 9.999999999998964162e-01
2.829541927562050918e-01 -9.591292679892775563e-01 -2.823488663564823180e-03 -5.150644663874057017e+01 9.591239824708986950e-01 2.829632431295578954e-01 -3.604065328237814145e-03 6.629868641863670575e+01 4.255708049234397349e-03 -1.688290295862317995e-03 9.999895192575239955e-01 -9.893486411077712095e-01 -7.115863722803187591e-17 1.587784534199313733e-16 -1.664648722277050876e-18 9.999999999998916422e-01
2.835648403733493361e-01 -9.589399693450472162e-01 -5.011636136080774122e-03 -5.125800313475282621e+01 9.589511822243879102e-01 2.835707678385060992e-01 -4.997379878535163165e-04 6.715545153136450551e+01 1.900372237982637501e-03 -4.664206274813289914e-03 9.999873168021699010e-01 -9.926716650858916635e-01 -7.252385477501583611e-17 1.565505431127175102e-16 -1.749288505407147539e-18 9.999999999998868683e-01
2.839042543264576612e-01 -9.588408643949754007e-01 -4.750909580889139082e-03 -5.101037346966980124e+01 9.588439577974191552e-01 2.838771220775426762e-01 5.660755822623873487e-03 6.801777938147461100e+01 -4.079089467026100237e-03 -6.162493606417349286e-03 9.999726919779824419e-01 -9.847385466179648938e-01 -7.366889388610177654e-17 1.555693984200194255e-16 -1.847266819255429919e-18 9.999999999998820943e-01
2.832059785506008676e-01 -9.590525888311061120e-01 -3.536321502456558821e-03 -5.075655445169240210e+01 9.590256060805903982e-01 2.831633401816815443e-01 9.402641067395838687e-03 6.887595502691412719e+01 -8.016270648949977776e-03 -6.054307036634421282e-03 9.999495411125564059e-01 -9.806638938295851871e-01 -7.597283318802307158e-17 1.538317179008896835e-16 -1.971615249534033420e-18 9.999999999998774314e-01
2.832175828348774682e-01 -9.590480970091980195e-01 -3.814236022104671320e-03 -5.050867129051909643e+01 9.590147183252801799e-01 2.831664883201392424e-01 1.036869943912947095e-02 6.972382749554861903e+01 -8.864017645560343106e-03 -6.594506476649516710e-03 9.999389689753735988e-01 -9.871758612243464182e-01 -7.774937958250158502e-17 1.487119520020303930e-16 -2.131743913535188796e-18 9.999999999998727684e-01
2.836096989921681466e-01 -9.589288308070829103e-01 -4.586511175966764310e-03 -5.025405222110589420e+01 9.588855040098497318e-01 2.835395010133513471e-01 1.199756496183216128e-02 7.058897932210867054e+01 -1.020435385116256685e-02 -7.800564868070666846e-03 9.999175077726387695e-01 -1.005219713727120823e+00 -7.925337195830731353e-17 1.425736972908853170e-16 -2.308419944623896393e-18 9.999999999998682165e-01
2.836460058450936406e-01 -9.589024508662273849e-01 -7.143744893976337884e-03 -5.001020065296855677e+01 9.588801763732047734e-01 2.835484543034058613e-01 1.220989028535793448e-02 7.144696072887883531e+01 -9.682495896819328166e-03 -1.031328197514238577e-02 9.998999377378399167e-01 -1.019406919140498191e+00 -8.068645113035591554e-17 1.372581376734010203e-16 -2.486428880521688989e-18 9.999999999998635536e-01
2.837919548499863165e-01 -9.588372061655703327e-01 -9.661181877876165447e-03 -4.976467927113458956e+01 9.588686727866447823e-01 2.837121025966354848e-01 8.849360921370957520e-03 7.229336731089999546e+01 -5.744102278064327702e-03 -1.177518207983113165e-02 9.999141715047512591e-01 -1.029333009256826692e+00 -8.162616884920026383e-17 1.317819793684212276e-16 -2.689397298945630512e-18 9.999999999998587796e-01
2.837368994344289796e-01 -9.588541868694470116e-01 -9.592717160817611569e-03 -4.951356662326161029e+01 9.588999137389173644e-01 2.837437358335648252e-01 6.691837222659432951e-04 7.313047204396812617e+01 2.080223790117875175e-03 -9.388327772530648957e-03 9.999537649164820241e-01 -1.022775823508351278e+00 -8.141476206850346920e-17 1.231673758945302207e-16 -2.934922490162770344e-18 9.999999999998538946e-01
2.834723322426118131e-01 -9.589368067650164695e-01 -9.145353165172389817e-03 -4.926129502567931695e+01 9.589412205219639551e-01 2.835340767871295520e-01 -6.337419385291142258e-03 7.397414006258918562e+01 8.670203975032786739e-03 -6.973373072760225520e-03 9.999380978995896507e-01 -1.020521210959215885e+00 -8.029898199367628797e-17 1.161471223733129809e-16 -3.163647600335214088e-18 9.999999999998488986e-01
2.835665796866428390e-01 -9.589048868465788189e-01 -9.561007627075688090e-03 -4.900731001921537455e+01 9.589176259105184341e-01 2.836272499455508855e-01 -5.706996286215027143e-03 7.483132566127601137e+01 8.184228928033969105e-03 -7.549905317894608191e-03 9.999380067417061868e-01 -1.019704802282628275e+00 -8.036160101362307654e-17 1.113011803739267878e-16 -3.356164434388444309e-18 9.999999999998441247e-01
2.838569818955453128e-01 -9.588314179573166340e-01 -8.217406366869480991e-03 -4.875634918957138098e+01 9.588643758771523418e-01 2.838644724829335608e-01 2.644538887587494268e-04 7.568846194918704384e+01 2.079063026357428311e-03 -7.954445310003282685e-03 9.999662015772214918e-01 -1.013391481154739759e+00 -8.123616756539307043e-17 1.093683087858680746e-16 -3.525512384560187751e-18 9.999999999998395728e-01
2.835541306676690465e-01 -9.589276756231315257e-01 -7.400534143811672919e-03 -4.850632194822166099e+01 9.589425074966911877e-01 2.835003403742410999e-01 7.538191016745870825e-03 7.654634581379761471e+01 -5.130526041378520238e-03 -9.234171969233418570e-03 9.999442023286183590e-01 -1.010717461262845784e+00 -8.155051500897048969e-17 1.078220890295022326e-16 -3.722788511819854397e-18 9.999999999998347988e-01
2.834154538307384619e-01 -9.589694869737448446e-01 -7.294078662256985209e-03 -4.825620809747279338e+01 9.589544958865767743e-01 2.833228279140101447e-01 1.159525773277895327e-02 7.740016075554842701e+01 -9.052919365722665243e-03 -1.028096475913254162e-02 9.999061688051619212e-01 -1.016457951966169171e+00 -8.154969622859971412e-17 1.028566917399860005e-16 -3.930224098012684845e-18 9.999999999998299138e-01
2.832628254723892902e-01 -9.590158840447475797e-01 -7.120804419573172755e-03 -4.800506885709604177e+01 9.589977166190415403e-01 2.831702347644970419e-01 1.174724065666553179e-02 7.825207635481660873e+01 -9.249390524245434952e-03 -1.015639175876327516e-02 9.999056437891591376e-01 -1.025197870097351860e+00 -8.198980561134179796e-17 1.008704393843495129e-16 -4.145242778678483956e-18 9.999999999998252509e-01
2.839566939633884068e-01 -9.587811026121210167e-01 -1.036307037467599189e-02 -4.775902795445738747e+01 9.588184766219844946e-01 2.838672192863549437e-01 9.302188080950148791e-03 7.910199626707418474e+01 -5.977026174440485361e-03 -1.257772192385616696e-02 9.999030333334121279e-01 -1.035742213707569803e+00 -8.208437940612519232e-17 9.691252657778959818e-17 -4.357889284539667668e-18 9.999999999998206990e-01
2.841873852420187530e-01 -9.586840723687628518e-01 -1.274281978533287583e-02 -4.751058961997041763e+01 9.587615788225943847e-01 2.841087250973974299e-01 7.646391129396285131e-03 7.995081015396789326e+01 -3.710127103507331742e-03 -1.439033391762907163e-02 9.998895705259954747e-01 -1.043303977888992540e+00 -8.223310489463026144e-17 9.236355826175109520e-17 -4.557467338635509224e-18 9.999999999998160360e-01
2.834848084707499161e-01 -9.588934721183410836e-01 -1.263615825622002586e-02 -4.725731464897745582e+01 9.589722201281054570e-01 2.834184664660410746e-01 6.801021157055363482e-03 8.080535152415845346e+01 -2.940134196249487211e-03 -1.404571091696109331e-02 9.998970315066405545e-01 -1.046220872872403396e+00 -8.134690783011247355e-17 8.983684581758523884e-17 -4.758972372310620706e-18 9.999999999998112621e-01
2.825345517454574962e-01 -9.591767702504703230e-01 -1.241573526703833134e-02 -4.700513712327078508e+01 9.592473984580754953e-01 2.824497430375789708e-01 8.159118187087659527e-03 8.166244823984662560e+01 -4.319215394995668499e-03 -1.421499455446754295e-02 9.998896330636879437e-01 -1.050429813812916224e+00 -7.967500588797477680e-17 8.580386695927078392e-17 -4.987099984300169061e-18 9.999999999998062661e-01
2.824500743224457877e-01 -9.591853614691621122e-01 -1.361608823702548446e-02 -4.675679231738479302e+01 9.592488533932914674e-01 2.822938664789951813e-01 1.232112868889281322e-02 8.251776082770753362e+01 -7.974508080425095347e-03 -1.654132074297183508e-02 9.998313817484444366e-01 -1.055567120570078288e+00 -7.868505159234215812e-17 8.051009840067054483e-17 -5.229502374235776341e-18 9.999999999998012701e-01
2.821258642226284752e-01 -9.592862175079415188e-01 -1.322685284986085258e-02 -4.650647404360321957e+01 9.593303436799963668e-01 2.819486624599748525e-01 1.379287613322334634e-02 8.337223950261116556e+01 -9.502022504832879218e-03 -1.658024838945153234e-02 9.998173867920647773e-01 -1.059608488034959217e+00 -7.878065037209936728e-17 7.603547579203250840e-17 -5.496509133939674883e-18 9.999999999997961631e-01
2.812206600127250544e-01 -9.595676891681280685e-01 -1.203288356657236831e-02 -4.625180834329848523e+01 9.596026455813164713e-01 2.810715104736939973e-01 1.271096351782083529e-02 8.422497005787660385e+01 -8.814929130496319473e-03 -1.512137245432218328e-02 9.998468088260195064e-01 -1.065005857388711785e+00 -7.840035589099092985e-17 7.229261610697680328e-17 -5.734613084756970666e-18 9.999999999997910560e-01
2.806172724565513255e-01 -9.597213243834851193e-01 -1.374503266804179107e-02 -4.601174743873911410e+01 9.597914043893072122e-01 2.804701613422529993e-01 1.170250645080335959e-02 8.507836134154185004e+01 -7.376073459522525418e-03 -1.647628964895431897e-02 9.998370494334450909e-01 -1.079689864151681222e+00 -7.858809482456452948e-17 6.648098197433239709e-17 -6.004773566592082011e-18 9.999999999997858380e-01
2.798783622534490312e-01 -9.599218230648324246e-01 -1.477145715952349857e-02 -4.576369119245514128e+01 9.600118257740025696e-01 2.797303546918321060e-01 1.132356119906892389e-02 8.593497149023374959e+01 -6.737708559259478376e-03 -1.734999332031631966e-02 9.998267755042420379e-01 -1.100188396320762152e+00 -7.887618393411864002e-17 6.072141653273462139e-17 -6.283239070184403957e-18 9.999999999997805089e-01
2.784356082306153612e-01 -9.604046726391065603e-01 -9.822262602222759514e-03 -4.551042622179455321e+01 9.604393224384666361e-01 2.783582902365011047e-01 8.542257941185843820e-03 8.677754114791008533e+01 -5.469916217407555514e-03 -1.181215602399553546e-02 9.999152729040067245e-01 -1.098199348227730798e+00 -7.993985810577697506e-17 5.249796468243782953e-17 -6.594783732685100544e-18 9.999999999997752909e-01
2.770350426255854259e-01 -9.607550959175441552e-01 -1.418558515996118027e-02 -4.527210415162102919e+01 9.608592728070610711e-01 2.769890015805526740e-01 5.152753077613621627e-03 8.762462768676066105e+01 -1.021282707041668144e-03 -1.505784420962610372e-02 9.998861026684223718e-01 -1.096303220852868687e+00 -7.959971453073159891e-17 4.017331542974080566e-17 -6.855039313520686143e-18 9.999999999997698508e-01
2.764313539360130911e-01 -9.607825828712516225e-01 -2.196667960296041014e-02 -4.503943782135236518e+01 9.610250583033116412e-01 2.764533973429841862e-01 2.087201673113557414e-03 8.847949573745113128e+01 4.067416190102883002e-03 -2.168749753058928781e-02 9.997565246481039392e-01 -1.107635148294850769e+00 -7.925691101240893154e-17 2.491107224833116780e-17 -7.174629995251531447e-18 9.999999999997640776e-01
2.750646402027609461e-01 -9.611532983146386933e-01 -2.288625896595427450e-02 -4.480505239700058695e+01 9.614112967678433153e-01 2.751130240652656656e-01 1.068848457530429405e-03 8.932723322320597958e+01 5.268980693297148354e-03 -2.229711032701219356e-02 9.997375039046892953e-01 -1.107687019931004047e+00 -7.855614803482035919e-17 9.065060195528876549e-18 -7.626005621801147314e-18 9.999999999997580824e-01
2.737156493163089843e-01 -9.615723548113640495e-01 -2.140910512677861657e-02 -4.456415305056653153e+01 9.618078026236017708e-01 2.737012654261682387e-01 3.656243517774291317e-03 9.018176818576597498e+01 2.343956475677578394e-03 -2.159221542663741084e-02 9.997641132292521826e-01 -1.096129206418834823e+00 -7.974612293740507742e-17 -6.557069540314395107e-18 -8.048285681886080338e-18 9.999999999997517541e-01
2.733133471047691776e-01 -9.617469930462815286e-01 -1.850771896490347249e-02 -4.432587309575674084e+01 9.619232257372685169e-01 2.732246956550729022e-01 7.209262902076528194e-03 9.103539987429482494e+01 -1.876721036710578402e-03 -1.977339250166912366e-02 9.998027259750754681e-01 -1.086653748582915524e+00 -8.050103193512800188e-17 -2.397659969833831948e-17 -8.495509790160796435e-18 9.999999999997455369e-01
2.722329580821701289e-01 -9.620344373337474941e-01 -1.946684150652947670e-02 -4.409407478750794240e+01 9.622224492761692893e-01 2.720875842630673391e-01 9.813490665963538889e-03 9.189209650273107854e+01 -4.144230092380222878e-03 -2.140298750717572682e-02 9.997623405003700503e-01 -1.090690767270473760e+00 -8.158014852085070723e-17 -4.067183279494488027e-17 -8.828030618431910412e-18 9.999999999997393196e-01
2.713157369383214501e-01 -9.623311757852814896e-01 -1.750654168618414816e-02 -4.386405362835439803e+01 9.624768152584809444e-01 2.711703855432260890e-01 1.024705296296980588e-02 9.274164953522431176e+01 -5.113802867631749190e-03 -1.962982721438681633e-02 9.997942382829758667e-01 -1.099941349724216311e+00 -8.205678535903851206e-17 -5.493953329201486648e-17 -9.125938923840480410e-18 9.999999999997329914e-01
2.698874426011969585e-01 -9.627877590721466428e-01 -1.415977780557752669e-02 -4.362771960068619848e+01 9.628702312295753796e-01 2.697535880912822481e-01 1.067330895187223842e-02 9.359678784579162425e+01 -6.456480338042566713e-03 -1.651462058691267193e-02 9.998427782249511564e-01 -1.112439357965745668e+00 -8.381589620337007299e-17 -6.931685414236086100e-17 -9.389423358636193942e-18 9.999999999997266631e-01
2.689795817456758775e-01 -9.630412441439158977e-01 -1.419671377992580592e-02 -4.340158374012787590e+01 9.631092962130617385e-01 2.688116751010601879e-01 1.267938790106344117e-02 9.444850062666375834e+01 -8.394531087125928215e-03 -1.708348347152477409e-02 9.998188268083278984e-01 -1.117444769691945172e+00 -8.690468999000039738e-17 -8.313025074482153600e-17 -9.526169943236003846e-18 9.999999999997204458e-01
2.686111745082038205e-01 -9.630615511050809596e-01 -1.898646130518406167e-02 -4.318314230335028014e+01 9.632124802923740514e-01 2.683779893877708544e-01 1.396325969807723361e-02 9.529835300737779846e+01 -8.351930232653502831e-03 -2.203868407318790995e-02 9.997222322554343288e-01 -1.115855086547227426e+00 -8.879892539864216086e-17 -9.780000808634532768e-17 -9.649670112197561455e-18 9.999999999997144506e-01
2.683454879721114406e-01 -9.630338262012587691e-01 -2.359128393439313340e-02 -4.296493271301791594e+01 9.632944450718482488e-01 2.680694344309898502e-01 1.423342607310257302e-02 9.615129434646233619e+01 -7.383168629352973231e-03 -2.654482843119805938e-02 9.996203583884377686e-01 -1.119518155092423806e+00 -8.916095999174178789e-17 -1.065666745853191983e-16 -9.721216538778812791e-18 9.999999999997085665e-01
2.687442557006929356e-01 -9.628557738156510171e-01 -2.617792692805021720e-02 -4.273843796098564241e+01 9.631979008673747789e-01 2.684963945679581521e-01 1.262892983996720744e-02 9.699919520240851512e+01 -5.131159016094320909e-03 -2.860847661627853242e-02 9.995775238934346829e-01 -1.128960269873010791e+00 -9.180908985091997954e-17 -1.126353352729139923e-16 -9.804172168896089309e-18 9.999999999997027933e-01
2.702893817966433021e-01 -9.623826205501457842e-01 -2.762864005944758519e-02 -4.250532266425604178e+01 9.627669823244108249e-01 2.700305126888449259e-01 1.277732222192988314e-02 9.784480774987301288e+01 -4.836097003420436816e-03 -3.005351694012611818e-02 9.995365917690999247e-01 -1.142707468558130435e+00 -9.392577700144980644e-17 -1.232997685755180381e-16 -9.999152076213169630e-18 9.999999999996967981e-01
2.714033239150969723e-01 -9.620953688538056436e-01 -2.669713464802735484e-02 -4.226605635992124377e+01 9.624344355231959636e-01 2.710664810567481875e-01 1.558589640917615836e-02 9.869555171290068074e+01 -7.758420411378667489e-03 -2.992430580668939410e-02 9.995220572027394557e-01 -1.153789886901837480e+00 -9.450657045793679523e-17 -1.334595219621773545e-16 -1.030764392872965801e-17 9.999999999996905808e-01
