1 0 0 0 0 1 0 0 0 0 1 0
0.99994879 -0.0021102286 0.0098981238 0.013267861 0.0021010354 0.99999735 0.00093909953 -0.0068232466 -0.0099000801 -0.00091825514 0.99995057 0.28068951
0.9998439 -0.0032908504 0.017359244 0.010011646 0.0032690282 0.99999383 0.0012853305 -0.011983503 -0.017363368 -0.001228382 0.99984849 0.57609038
0.99980027 -0.0071018074 0.018681111 0.020136844 0.0071139447 0.99997453 -0.00058330993 -0.016675925 -0.018676494 0.00071608985 0.99982532 0.87369728
0.99983744 -0.0077268062 0.016290659 0.028410312 0.007751269 0.99996892 -0.001439005 -0.024207626 -0.016279036 0.0015650444 0.99986626 1.1769693
0.99988641 -0.010908075 0.010401048 0.021236795 0.010944647 0.9999341 -0.0034657042 -0.020383264 -0.01036256 0.0035791464 0.9999399 1.5054857
0.99993086 -0.011686233 -0.0013069378 0.012015884 0.011680336 0.99992196 -0.0044328395 -0.03222078 0.0013586391 0.0044172676 0.99998932 1.8236699
0.99978815 -0.011343838 -0.017174716 -0.0084912071 0.01125913 0.99992401 -0.0050208351 -0.039861731 0.017230368 0.0048263991 0.9998399 2.1538344
0.99932699 -0.0075131142 -0.035904456 -0.051928162 0.0073118713 0.99995683 -0.0057329933 -0.042846544 0.035945982 0.0054666062 0.99933878 2.5011921
0.99841533 -0.0037742824 -0.05614788 -0.089869628 0.0034190215 0.99997353 -0.0064219572 -0.05181019 0.056170637 0.0062198098 0.99840181 2.8455639
0.99716272 -0.003301412 -0.075203738 -0.13265719 0.0028108495 0.99997408 -0.0066280255 -0.056650717 0.075223677 0.0063978336 0.99714616 3.2022644
0.9952501 -0.0041280783 -0.097263531 -0.18041027 0.0035460132 0.99997476 -0.0061565145 -0.062492967 0.097286499 0.0057823739 0.99523962 3.5752063
0.99323696 -0.0052442982 -0.11598639 -0.24477564 0.004656591 0.99997491 -0.0053374248 -0.071635017 0.11601148 0.0047612264 0.99323646 3.9798706
0.9911079 -0.004546638 -0.13298293 -0.31290949 0.0039456962 0.99998078 -0.0047821193 -0.077446495 0.13300213 0.004214886 0.99110679 4.3754961
0.98881393 -0.0037145584 -0.14910803 -0.39939968 0.0031065276 0.99998588 -0.0043104881 -0.088196582 0.14912194 0.0037990624 0.98881152 4.7927628
0.9866963 -0.0025505925 -0.16255431 -0.48561321 0.0019014343 0.99998959 -0.0041489387 -0.093563423 0.16256321 0.0037846561 0.98669087 5.2081789
0.98459235 -0.0043417113 -0.17481146 -0.56612158 0.0034818551 0.99998029 -0.0052251612 -0.10231962 0.17483071 0.0045359855 0.98458806 5.6438279
0.98283935 -0.0071568685 -0.18432466 -0.65637036 0.0059805844 0.99995806 -0.006936755 -0.1150098 0.18436659 0.0057153466 0.98284093 6.0916407
0.98135832 -0.0065210826 -0.19207632 -0.74940263 0.0049215812 0.99994914 -0.0088033576 -0.12320511 0.19212398 0.007693929 0.9813405 6.5356956
0.97974575 -0.0067091189 -0.20013308 -0.87051921 0.0046253227 0.99993014 -0.010877813 -0.12803212 0.20019209 0.0097318108 0.97970833 7.0186314
0.97811159 -0.0067064609 -0.20797294 -0.97277352 0.0040470728 0.99990455 -0.013210047 -0.13656088 0.2080417 0.012079218 0.97804537 7.4792011
0.97635828 -0.010878612 -0.21588461 -1.0841531 0.0078098486 0.99985605 -0.015062844 -0.14880705 0.21601741 0.013020706 0.97630269 7.9948073
0.97442516 -0.016297011 -0.22412051 -1.1987003 0.01293509 0.99978084 -0.016460625 -0.16462354 0.22433967 0.013140628 0.97442241 8.4987723
0.97247702 -0.017023807 -0.23237607 -1.335771 0.013065376 0.99974232 -0.018563199 -0.1887782 0.23263223 0.015016204 0.97244885 9.0236209
0.97048682 -0.013703117 -0.2407645 -1.4884145 0.0083848621 0.999698 -0.023099671 -0.19467286 0.24100834 0.02039915 0.97030864 9.5564419
0.96843166 -0.010532132 -0.24905661 -1.639172 0.0041981095 0.99965444 -0.025949564 -0.20934528 0.24924387 0.024084812 0.96814122 10.086079
0.96581138 -0.013479886 -0.2588951 -1.8046737 0.0064117753 0.99958382 -0.028126105 -0.23628773 0.25916651 0.025504535 0.96549586 10.63983
0.96348534 -0.015239657 -0.26732703 -1.9709906 0.0076012796 0.99953337 -0.02958483 -0.2632262 0.26765318 0.026472523 0.96315159 11.203698
0.96155156 -0.015032061 -0.27421274 -2.146589 0.0064125983 0.99945755 -0.032302887 -0.28681653 0.27454959 0.029302475 0.96112637 11.79077
0.95896612 -0.014464586 -0.28315144 -2.3397449 0.0044992404 0.99934838 -0.035813136 -0.3099834 0.28348498 0.033069618 0.95840632 12.372294
0.95694349 -0.015575735 -0.28985607 -2.5250677 0.0038271876 0.99914955 -0.041055159 -0.34297184 0.29024905 0.038178134 0.95618927 12.965143
0.95484151 -0.016554168 -0.29665406 -2.7216893 0.0023623764 0.99883808 -0.048134307 -0.38096723 0.29710622 0.045259827 0.95377117 13.56395
0.95359118 -0.016785415 -0.30063615 -2.9361004 -0.00018611886 0.99841192 -0.056334672 -0.41950074 0.30110435 0.053776202 0.95207368 14.196777
0.95298073 -0.016732717 -0.30256857 -3.1321053 -0.0031608758 0.99787112 -0.065140106 -0.46709203 0.30301443 0.063033648 0.95089906 14.839764
0.95100823 -0.01649999 -0.30872493 -3.3554209 -0.0066470041 0.9972528 -0.073774463 -0.50983042 0.30909411 0.072212218 0.94828595 15.451181
0.94951274 -0.015184704 -0.31336077 -3.5958923 -0.010798956 0.99665419 -0.081017299 -0.56895651 0.31354258 0.080310928 0.94617187 16.079468
0.94812802 -0.014621535 -0.31755228 -3.8346073 -0.013933271 0.99607018 -0.087464649 -0.63187749 0.31758325 0.087352228 0.94419832 16.759641
0.9464289 -0.01246906 -0.32267144 -4.0762719 -0.018701419 0.99546042 -0.093320987 -0.70355433 0.3223703 0.094356094 0.94189932 17.430883
0.9448491 -0.010879965 -0.32732521 -4.3222056 -0.022667741 0.99487876 -0.098500933 -0.77352634 0.32672062 0.10048824 0.93976367 18.071727
0.9433228 -0.0077664798 -0.33178573 -4.5921096 -0.027707214 0.99439301 -0.10205314 -0.85228924 0.33071804 0.10546192 0.93781841 18.810797
0.94151979 -0.0078051319 -0.33686727 -4.849445 -0.028699022 0.99424153 -0.10324803 -0.93252003 0.33573332 0.10687782 0.93587407 19.473835
0.93920312 -0.007080189 -0.34328903 -5.1283668 -0.029909627 0.99430007 -0.10233664 -1.0198284 0.3420569 0.10638254 0.93363796 20.207083
0.93711002 -0.0073253445 -0.34895721 -5.4146968 -0.029823676 0.9944428 -0.10096567 -1.1040389 0.34775763 0.10502313 0.93168384 20.924306
0.93463579 -0.006644006 -0.35554435 -5.6752338 -0.03052382 0.99463648 -0.09882599 -1.1877116 0.35429401 0.10321888 0.92942005 21.654373
0.93189221 -0.0059697436 -0.36268616 -5.9621638 -0.030922841 0.99491729 -0.095829831 -1.2732221 0.36141484 0.10051836 0.92697108 22.343437
0.92808851 -0.0029207968 -0.37234819 -6.3042677 -0.03324792 0.99532502 -0.090678974 -1.356003 0.37087236 0.096537919 0.92365261 23.167261
0.92445433 -0.001875865 -0.38128815 -6.6308235 -0.03301175 0.99583921 -0.084938156 -1.4340975 0.37986106 0.091108437 0.92054595 23.867305
0.92118405 0.00074339865 -0.38912643 -6.9681064 -0.034930597 0.99611899 -0.080788635 -1.5054732 0.3875562 0.088013622 0.9176349 24.624876
0.91742638 0.0015893026 -0.39790237 -7.2971626 -0.036067468 0.99620763 -0.079180146 -1.5858079 0.39626757 0.086993287 0.91400448 25.373363
0.91333299 0.0031131286 -0.40720161 -7.6579876 -0.038359772 0.99618189 -0.078423068 -1.6631212 0.40540276 0.087246537 0.9099652 26.143352
0.90918247 0.0032050908 -0.41638558 -8.0183939 -0.038907921 0.99624939 -0.077287322 -1.7325599 0.4145762 0.086468977 0.90589718 26.859958
0.904828 0.0028864089 -0.42576748 -8.4157714 -0.038673308 0.99640069 -0.075432416 -1.8024537 0.42401731 0.0847192 0.90168287 27.663441
0.9019604 0.0042892843 -0.43179744 -8.8160146 -0.039824585 0.99651532 -0.073288666 -1.8826297 0.42997844 0.08329963 0.89898817 28.443262
0.89744891 0.0048731734 -0.44109148 -9.193395 -0.039275957 0.99685027 -0.068898038 -1.9540705 0.43936645 0.079156761 0.89481358 29.204002
0.89392574 0.0048157769 -0.4481892 -9.6124406 -0.037212446 0.99728747 -0.063505427 -2.0115252 0.44666769 0.073447354 0.89168015 30.0043
0.89066924 0.0040521087 -0.45463377 -10.040796 -0.034827378 0.99763021 -0.059338236 -2.07987 0.45331597 0.068684445 0.88869966 30.816869
0.88653342 0.0037877903 -0.46264903 -10.470057 -0.034116292 0.99777937 -0.057205029 -2.1477342 0.46140502 0.06649804 0.88469398 31.632016
0.88299665 0.0056603376 -0.46934515 -10.903056 -0.036219834 0.99776748 -0.056108578 -2.2109975 0.46797977 0.06654329 0.88123036 32.455076
0.88061094 0.0055386943 -0.47380764 -11.347397 -0.035447945 0.99789973 -0.05421775 -2.2654886 0.47251226 0.064540251 0.87895776 33.262146
0.87719707 0.0021238078 -0.48012579 -11.829417 -0.031365279 0.99810766 -0.052889764 -2.324672 0.47910493 0.061454026 0.87560373 34.086867
0.87457439 0.0015476758 -0.48488888 -12.317074 -0.030916755 0.99813815 -0.052577418 -2.3861757 0.48390476 0.060974055 0.87299391 34.945006
0.87304624 0.0028634435 -0.48762899 -12.783202 -0.033049901 0.99803085 -0.053311605 -2.4537525 0.48651617 0.062659587 0.87142172 35.779133
0.87177298 0.0036543993 -0.48989641 -13.287086 -0.034259437 0.99797889 -0.053520366 -2.5123294 0.48871073 0.063441185 0.87013623 36.655331
0.87136748 0.0029991839 -0.49062175 -13.799336 -0.033110668 0.99806106 -0.052704936 -2.5723186 0.48951243 0.062170182 0.86977725 37.502969
0.87113011 0.0022035905 -0.4910473 -14.315409 -0.031398076 0.99819363 -0.051221536 -2.6320276 0.49004745 0.060038564 0.86962572 38.395178
0.87042464 0.00061632724 -0.49230127 -14.820435 -0.029284395 0.99829326 -0.050527154 -2.6916704 0.49142994 0.058396825 0.8689571 39.287168
0.86999309 -0.0015562128 -0.49306144 -15.318102 -0.027163275 0.9983251 -0.051079773 -2.7571001 0.49231514 0.057832214 0.86849367 40.209869
0.86923489 -0.0027234258 -0.49439182 -15.86548 -0.02645421 0.99829608 -0.052010782 -2.8258889 0.4936911 0.058288332 0.86768173 41.1392
0.86774663 -0.0018139466 -0.4970035 -16.373192 -0.02652299 0.99839939 -0.049951915 -2.8946954 0.49629864 0.056527625 0.86630959 42.039699
0.86559703 -0.0020681771 -0.50073695 -16.931023 -0.02450731 0.99861813 -0.046489025 -2.9577022 0.50014118 0.052512478 0.8643502 42.96759
0.86264475 -0.0034800716 -0.50579828 -17.482956 -0.020579557 0.99890684 -0.041971501 -3.01594 0.50539146 0.0466156 0.86163013 43.871367
0.86004431 -0.0041360084 -0.51020257 -18.048261 -0.018784853 0.9990325 -0.039764229 -3.0801171 0.50987346 0.043783079 0.85913452 44.791539
0.85378589 -0.0077785818 -0.52056615 -18.602222 -0.016534499 0.99897886 -0.042045684 -3.1401937 0.52036168 0.044505313 0.85278545 45.687716
0.84883707 -0.0097580607 -0.52856446 -19.154397 -0.016895999 0.9988181 -0.045573394 -3.2047206 0.5283845 0.047615011 0.84766895 46.580062
0.84264708 -0.0092147926 -0.53838737 -19.750772 -0.018012467 0.99881161 -0.045287082 -3.2651713 0.53816491 0.047858713 0.8414797 47.475747
0.83593938 -0.0058900435 -0.54879016 -20.341045 -0.019236495 0.99901353 -0.040023996 -3.3219719 0.54848459 0.044014434 0.83500145 48.369302
0.83193609 -0.0029203675 -0.55486376 -20.947428 -0.01956526 0.99920991 -0.034594266 -3.3847468 0.55452644 0.039636272 0.83122164 49.243316
0.82799974 -0.0031775139 -0.56071946 -21.569948 -0.020609284 0.99913583 -0.036095142 -3.4389806 0.56034964 0.041442795 0.82721872 50.1506
0.82451138 -0.0043212274 -0.56582885 -22.166647 -0.022735894 0.9989103 -0.040758827 -3.4919892 0.56538844 0.046470742 0.82351467 50.984282
0.82160156 -0.0058939625 -0.57003167 -22.769333 -0.025873587 0.99853052 -0.047616791 -3.560623 0.56947472 0.053870794 0.82024174 51.834715
0.81873829 -0.00588623 -0.57413669 -23.398331 -0.027477206 0.99840009 -0.049419331 -3.622199 0.57350907 0.056237172 0.81726664 52.711597
0.81535096 -0.0037501747 -0.57895485 -24.0081 -0.027859942 0.99856647 -0.045703784 -3.6909735 0.57829634 0.053394273 0.81407765 53.562628
0.8125692 -0.0046165329 -0.58284642 -24.659155 -0.022879486 0.99894531 -0.039809506 -3.7461919 0.58241553 0.045683205 0.81160657 54.43895
0.80976637 -0.0034411941 -0.58674232 -25.303495 -0.022370534 0.99907469 -0.036733186 -3.8088201 0.58632586 0.042871038 0.8089401 55.32931
0.80642735 -0.0025754372 -0.59132754 -25.922404 -0.024216102 0.99900782 -0.037375915 -3.8577792 0.59083714 0.044460609 0.80556487 56.150973
0.80317261 -0.0018244577 -0.59574357 -26.587748 -0.026792691 0.99887288 -0.039180541 -3.9196985 0.59514363 0.047430311 0.80221846 57.001013
0.80008087 -0.0047248684 -0.59987352 -27.265874 -0.025421654 0.99880366 -0.041773128 -3.982054 0.59935329 0.048671659 0.79900359 57.891148
0.79715903 -0.0059630752 -0.60373992 -27.896155 -0.024584522 0.99880135 -0.042325675 -4.0341053 0.60326869 0.048582952 0.79605692 58.707617
0.79122742 -0.0059891957 -0.61149265 -28.573622 -0.024244573 0.99885863 -0.041153935 -4.0970581 0.61104124 0.047387501 0.79017913 59.577459
0.78656498 -0.0054394039 -0.61748353 -29.233406 -0.024725306 0.99888187 -0.040294808 -4.1554906 0.61701233 0.046961955 0.78555101 60.371196
0.78054005 -0.0074636537 -0.62506119 -29.911794 -0.023372102 0.99888111 -0.041113035 -4.2176743 0.62466872 0.046699364 0.77949226 61.232091
0.77462073 -0.0096368901 -0.63235261 -30.623959 -0.02194832 0.99887192 -0.04210885 -4.2767517 0.63204512 0.046497466 0.77353538 62.061324
0.77110753 -0.0086790652 -0.63664575 -31.328841 -0.024091774 0.99879331 -0.042796075 -4.3466124 0.636249 0.048338302 0.76996795 62.902233
0.76388676 -0.011199648 -0.64525309 -32.053881 -0.022514789 0.99877823 -0.043990045 -4.4026247 0.64495747 0.048131151 0.76270131 63.718946
0.75981582 -0.011431788 -0.65003785 -32.769942 -0.023572246 0.99870358 -0.045116652 -4.4756364 0.64971094 0.049603198 0.7585613 64.555853
0.7530507 -0.012730885 -0.65783929 -33.512557 -0.022493655 0.99873023 -0.045077242 -4.5364661 0.65757791 0.048742659 0.75180814 65.403835
0.74512844 -0.013345745 -0.66678742 -34.236213 -0.021064844 0.99882996 -0.043531329 -4.5936836 0.66658827 0.046482205 0.74397548 66.190206
0.74127362 -0.013805337 -0.67106094 -34.987895 -0.019716899 0.99890912 -0.042329826 -4.6599707 0.67091333 0.044609225 0.74019278 67.000226
0.73245227 -0.015654703 -0.68063835 -35.754257 -0.018762755 0.99889173 -0.043165618 -4.7259321 0.68055982 0.044387406 0.73134679 67.83389
0.72682757 -0.018592553 -0.68656825 -36.524773 -0.016673908 0.99886124 -0.044701215 -4.7917158 0.68661758 0.043937851 0.72568988 68.637431
0.72175976 -0.015653508 -0.6919666 -37.302547 -0.021345607 0.99876528 -0.044858494 -4.8566359 0.69181446 0.047147503 0.72053446 69.377975
0.71518378 -0.018383416 -0.69869461 -38.102114 -0.017170811 0.99889021 -0.04385793 -4.9097011 0.69872552 0.043363634 0.71407442 70.203231
0.7108151 -0.014267129 -0.70323417 -38.942041 -0.023006636 0.99878771 -0.04351793 -4.9907921 0.70300258 0.047112254 0.70962515 71.029117
0.70574984 -0.016597664 -0.70826664 -39.715779 -0.021114467 0.99878867 -0.044445252 -5.0475245 0.70814644 0.046321903 0.70454449 71.832526
0.70163045 -0.018788583 -0.71229324 -40.535579 -0.021134938 0.99866369 -0.0471609 -5.1195405 0.71222754 0.048143798 0.70029576 72.61792
0.69702538 -0.019507283 -0.71678103 -41.364552 -0.02332321 0.99848414 -0.049854249 -5.1881533 0.71666707 0.051467311 0.69551381 73.399397
0.69128448 -0.023709131 -0.7221936 -42.225946 -0.019014315 0.99851859 -0.050981216 -5.2540182 0.72233252 0.04897454 0.68980959 74.208334
0.6866501 -0.02268414 -0.72663404 -43.084373 -0.019031114 0.99860966 -0.049158606 -5.3253196 0.72673895 0.047583418 0.68526372 74.969295
0.68231108 -0.021097387 -0.73075745 -43.939836 -0.020557913 0.9986345 -0.048026153 -5.4033812 0.73077289 0.047791625 0.68094566 75.762893
0.67657822 -0.023662156 -0.73599047 -44.825246 -0.017660557 0.99867468 -0.048342396 -5.4770679 0.73615899 0.045705414 0.67526365 76.538506
0.67265694 -0.022517975 -0.73961174 -45.665795 -0.019873152 0.99862653 -0.048477948 -5.5483793 0.7396876 0.047307446 0.67128557 77.339008
0.66716687 -0.023991365 -0.74452181 -46.564093 -0.017785212 0.99868327 -0.048118776 -5.6247686 0.74469597 0.045344732 0.6658617 78.133319
0.6637031 -0.025773766 -0.74755191 -47.458765 -0.015449901 0.9987206 -0.048150418 -5.6885596 0.74783658 0.043507185 0.66245575 78.883208
0.66121638 -0.027408401 -0.74969436 -48.371313 -0.014181248 0.99869715 -0.049019396 -5.7714859 0.75006122 0.04304403 0.65996623 79.677066
0.6558824 -0.032305815 -0.75417144 -49.249739 -0.01068269 0.9985865 -0.052066063 -5.8483268 0.75478753 0.042205794 0.6546102 80.447358
0.65236022 -0.036739756 -0.75701802 -50.182335 -0.0063903539 0.99852225 -0.053967376 -5.9223325 0.75788215 0.040043782 0.65116142 81.241734
0.64420005 -0.040975793 -0.76375862 -51.029079 -0.00051672847 0.99854038 -0.054007717 -5.9947966 0.7648569 0.03518643 0.64323859 81.965953
0.63743921 -0.043826332 -0.76925318 -52.022681 0.0030358616 0.99851611 -0.054372373 -6.0881818 0.7704947 0.032323736 0.63662637 82.770134
0.62849195 -0.044094906 -0.77656517 -52.93866 0.0046238464 0.99858596 -0.052959501 -6.1689514 0.77780238 0.029693902 0.62780712 83.51593
0.62083244 -0.044205081 -0.78269594 -53.890651 0.0077472944 0.99870613 -0.050259764 -6.2396537 0.78390504 0.025139116 0.62037163 84.273093
0.61283379 -0.042039168 -0.78909277 -54.852863 0.0044001994 0.99874995 -0.049791389 -6.3267488 0.79019962 0.02704168 0.61225269 85.023108
0.60430785 -0.044546266 -0.79550462 -55.805835 0.00471868 0.99861841 -0.052335567 -6.3893694 0.79673698 0.027873062 0.60368314 85.689667
0.59283408 -0.046883068 -0.80395875 -56.817242 0.0059751217 0.99853258 -0.053823675 -6.4803349 0.80530249 0.027104758 0.59224428 86.441648
0.58417792 -0.046919748 -0.81026825 -57.845689 0.0031301301 0.99845044 -0.055559983 -6.5637164 0.81161963 0.02992067 0.58341957 87.161531
0.57369417 -0.048877044 -0.81760992 -58.797025 0.0081861674 0.99851023 -0.05394733 -6.6376792 0.81902872 0.024256177 0.57323961 87.846245
0.56218572 -0.048936993 -0.82556183 -59.823837 0.0099683397 0.99857618 -0.052404624 -6.7243775 0.82695097 0.021231651 0.56187309 88.559447
0.55370376 -0.048614778 -0.83129338 -60.866985 0.0089545247 0.99858426 -0.052433712 -6.8067063 0.83266561 0.021588907 0.55335518 89.199366
0.5440224 -0.051274232 -0.83750255 -61.864291 0.010409693 0.99846676 -0.054367011 -6.8793685 0.83900615 0.020858727 0.54372203 89.889393
0.53313673 -0.051574373 -0.84445559 -62.96976 0.0088589565 0.99842577 -0.055384971 -6.9684537 0.84598275 0.022046767 0.53275435 90.549958
0.52541502 -0.051865955 -0.84926375 -64.028841 0.0066801759 0.99836102 -0.056838741 -7.0567372 0.8508199 0.024190697 0.52490035 91.188256
0.51494194 -0.052699585 -0.85560358 -65.159304 0.0074610207 0.99834623 -0.05700121 -7.1451303 0.85719263 0.022968637 0.51448353 91.839562
0.50819347 -0.049540795 -0.85981687 -66.240318 0.0039592253 0.99846805 -0.055189483 -7.2390888 0.86123387 0.024642726 0.50761109 92.449209
0.4988179 -0.048324467 -0.86535853 -67.310952 0.005579139 0.99860275 -0.052549284 -7.320646 0.8666889 0.021384567 0.49839053 93.029324
0.49151467 -0.047939526 -0.86954877 -68.438883 0.0051079005 0.99862524 -0.052168451 -7.4048617 0.87085435 0.02119999 0.49108383 93.672484
0.48400315 -0.051620422 -0.87354234 -69.543574 0.0080478675 0.99847892 -0.054544248 -7.4918044 0.87502929 0.019369434 0.48368237 94.295601
0.47752226 -0.05431918 -0.87693891 -70.64376 0.0090419201 0.99833807 -0.056915239 -7.576753 0.87857316 0.019249081 0.4772198 94.887148
0.4705683 -0.058119536 -0.88044734 -71.806441 0.011668408 0.99815098 -0.059652958 -7.6727054 0.88228645 0.017797372 0.47037637 95.479889
0.4665361 -0.060851067 -0.88240645 -72.889853 0.012059426 0.99797556 -0.062444829 -7.765125 0.88441998 0.018491452 0.46632546 96.05759
0.46057985 -0.061909113 -0.8854566 -74.031299 0.014230184 0.99795149 -0.062372515 -7.8671616 0.88750424 0.016127313 0.46051733 96.661494
0.45570564 -0.060460006 -0.88807482 -75.205384 0.017816951 0.99811026 -0.058808634 -7.9659573 0.88995224 0.01097664 0.45592169 97.212053
0.4551197 -0.057364185 -0.88858052 -76.289 0.019755183 0.99832755 -0.054330781 -8.0632223 0.89021113 0.007172937 0.45549178 97.868868
0.44889057 -0.057125365 -0.89175887 -77.391148 0.021270795 0.99835482 -0.053246596 -8.1521436 0.89333357 0.0049334743 0.44936717 98.385926
0.44505259 -0.057211431 -0.89367498 -78.594697 0.022599813 0.99835683 -0.052658202 -8.2401729 0.89521925 0.0032387804 0.44561426 98.909191
0.44555075 -0.056469178 -0.89347395 -79.642556 0.025179023 0.99840434 -0.050544888 -8.3283484 0.89490257 2.3510481e-05 0.44626164 99.486651
0.44478262 -0.055499654 -0.8939173 -80.752313 0.026553286 0.99845662 -0.048778066 -8.4069142 0.89524489 -0.0020408068 0.44556985 100.00132
0.44126112 -0.055988109 -0.89563044 -81.882272 0.028588337 0.99842227 -0.048328922 -8.493149 0.89692329 -0.0042789115 0.44216554 100.55944
0.43685385 -0.056298833 -0.89776895 -82.969362 0.030327575 0.99839394 -0.047851617 -8.5811188 0.89902114 -0.0063229929 0.43785965 101.07926
0.4340333 -0.055843857 -0.89916433 -84.061751 0.033964708 0.99838171 -0.045610875 -8.6602183 0.90025639 -0.010743216 0.43522763 101.63024
0.43641465 -0.056867232 -0.89794672 -85.143356 0.039429359 0.99825065 -0.044056292 -8.7371471 0.89888133 -0.016178653 0.43789345 102.13168
0.43163092 -0.056121516 -0.90030276 -86.192869 0.037867376 0.99831025 -0.044076233 -8.8172681 0.90125517 -0.015067438 0.43302675 102.68329
0.43173071 -0.05738781 -0.90017507 -87.238613 0.038983907 0.99822867 -0.044941934 -8.8925133 0.90115976 -0.015689529 0.43320318 103.17083
0.43003599 -0.05876916 -0.90089687 -88.30723 0.040202322 0.99813573 -0.045922186 -8.9739405 0.90191623 -0.016469955 0.43159694 103.68365
0.43002514 -0.057903912 -0.90095807 -89.339533 0.036327748 0.99824268 -0.046817175 -9.0523645 0.90208578 -0.012597216 0.43137296 104.19767
0.43262253 -0.058743755 -0.89965929 -90.35758 0.035223926 0.99821446 -0.048240709 -9.1293082 0.90088683 -0.010819516 0.43391926 104.58829
0.43833686 -0.06023873 -0.89678984 -91.366564 0.036746966 0.99811845 -0.049083784 -9.2085714 0.89805931 -0.011439074 0.4397257 105.07612
0.44340566 -0.060359401 -0.89428636 -92.414171 0.035022719 0.99813478 -0.050003609 -9.2951625 0.89563659 -0.0091484579 0.44469256 105.59261
0.44818453 -0.059830304 -0.8919366 -93.415928 0.033438321 0.99818153 -0.050154873 -9.367302 0.89331549 -0.0073462249 0.44937015 106.09669
0.45557353 -0.059299218 -0.88822086 -94.426786 0.033209132 0.99821643 -0.049609568 -9.4454928 0.88957854 -0.0068962385 0.45673026 106.57711
0.46407836 -0.057670262 -0.88391478 -95.417183 0.030857189 0.99832524 -0.048934044 -9.5194201 0.88525656 -0.0045658955 0.46508069 107.07945
0.47318733 -0.055906082 -0.8791861 -96.394455 0.028100643 0.99843437 -0.04836483 -9.5961051 0.88051358 -0.0018200704 0.4740175 107.64237
0.48277825 -0.05677668 -0.87390017 -97.334553 0.030055344 0.9983825 -0.048260407 -9.6675674 0.87522677 -0.0029662957 0.4837038 108.15525
0.49224414 -0.057269142 -0.86857118 -98.298645 0.028481408 0.99835874 -0.049685442 -9.7415745 0.86999114 -0.00028076363 0.49306734 108.66809
0.50260715 -0.05974584 -0.86244793 -99.264284 0.029235 0.99821314 -0.052113713 -9.8175435 0.8640205 0.00097905897 0.50345573 109.21128
0.51353583 -0.056897397 -0.85617964 -100.19414 0.020820943 0.99833163 -0.053855721 -9.8923023 0.85781554 0.0098303747 0.51386372 109.80578
0.52561262 -0.056063978 -0.84887464 -101.10818 0.02042513 0.99837014 -0.053290432 -9.9684785 0.85047884 0.010671748 0.52590106 110.33995
0.53745001 -0.053154103 -0.84161872 -102.02025 0.017791395 0.99850411 -0.05170109 -10.03951 0.84310795 0.01281318 0.53759173 110.93265
0.55030862 -0.053117472 -0.83327 -102.93648 0.021139167 0.99854085 -0.049692057 -10.118016 0.83469373 0.0097313335 0.5506285 111.49524
0.56229229 -0.051581038 -0.82532825 -103.82296 0.019729674 0.99860543 -0.048968712 -10.19113 0.8267032 0.011251272 0.56252581 112.09504
0.57265466 -0.052095246 -0.81813976 -104.69538 0.020082455 0.99857084 -0.04952758 -10.263864 0.81955072 0.011931945 0.57288245 112.7369
0.58439887 -0.053019449 -0.80973257 -105.53968 0.020300996 0.99850614 -0.050728312 -10.338215 0.8112126 0.01320719 0.58460221 113.33417
0.59366377 -0.054847051 -0.80284187 -106.3654 0.022142363 0.9984102 -0.051834288 -10.410305 0.80440854 0.012995322 0.59393441 113.94125
0.60504971 -0.053784133 -0.79436897 -107.20276 0.021490349 0.99845545 -0.051233536 -10.486427 0.79589765 0.013927569 0.60527102 114.56676
0.61502148 -0.052205132 -0.78678025 -107.99859 0.021306603 0.99854183 -0.049600876 -10.556251 0.78822247 0.013741989 0.61523698 115.20076
0.62508207 -0.049689301 -0.77897582 -108.77822 0.021263042 0.99868535 -0.046641795 -10.622655 0.7802694 0.012591554 0.62531686 115.83716
0.63424652 -0.049915238 -0.77151784 -109.60645 0.022806716 0.99868733 -0.045863665 -10.694651 0.77279445 0.011493082 0.63455237 116.5034
0.64447562 -0.047093412 -0.7631732 -110.32144 0.017969636 0.9987587 -0.046455985 -10.755816 0.76441371 0.016225805 0.64452188 117.09804
0.65430355 -0.047126414 -0.75476216 -111.09585 0.017243162 0.99872662 -0.04741115 -10.827351 0.75603544 0.018006797 0.65428298 117.76203
0.66316264 -0.045782827 -0.74707376 -111.82985 0.015570112 0.99875533 -0.047385316 -10.890721 0.74831339 0.019792148 0.66305006 118.39093
0.67279093 -0.043273036 -0.73856602 -112.60556 0.01421823 0.99885988 -0.045571827 -10.955892 0.73969605 0.02015921 0.67263913 119.04539
0.68147422 -0.044291985 -0.73050055 -113.29054 0.018171331 0.99888324 -0.043612874 -11.02154 0.73161652 0.016446882 0.68151802 119.71626
0.68945961 -0.044181445 -0.72297538 -113.98921 0.019307083 0.99890429 -0.042631579 -11.090558 0.72406679 0.015434206 0.68955718 120.36878
0.69719991 -0.042931548 -0.71559005 -114.71945 0.018032235 0.99893958 -0.042362174 -11.149211 0.71664996 0.016631216 0.69723474 121.03394
0.70449154 -0.040710306 -0.70854379 -115.36059 0.015730563 0.99900389 -0.041758472 -11.209884 0.70953806 0.018272697 0.70443019 121.70607
0.71142029 -0.037739248 -0.70175272 -116.02557 0.014203127 0.99912522 -0.039332718 -11.260373 0.70262329 0.01801501 0.71133397 122.35455
0.71942023 -0.035366818 -0.69367404 -116.68798 0.013578115 0.99922807 -0.036863347 -11.317308 0.69444237 0.017101451 0.7193451 123.04031
0.72642298 -0.035170934 -0.68634731 -117.30708 0.014721024 0.9992568 -0.035624976 -11.368574 0.68709023 0.015775066 0.72640085 123.68275
0.73340862 -0.032264312 -0.67902192 -117.92571 0.011336616 0.99931462 -0.035238666 -11.427617 0.67969355 0.01814653 0.73327173 124.35259
0.74079067 -0.030493069 -0.67104345 -118.52978 0.010214055 0.99936498 -0.034136729 -11.475813 0.67165832 0.018434095 0.74063171 125.01165
0.75025623 -0.028047911 -0.66055194 -119.11724 0.0098569756 0.99946321 -0.03124296 -11.524968 0.66107373 0.016929181 0.75012997 125.64945
0.75922257 -0.024204261 -0.65038082 -119.70158 0.0073930735 0.99956448 -0.028569002 -11.561047 0.65078911 0.016881918 0.75907086 126.33392
0.7692119 -0.021748469 -0.63862354 -120.26251 0.0057124437 0.99961473 -0.027161558 -11.611141 0.63896828 0.017244892 0.76903978 126.98499
0.778885 -0.021480057 -0.6267988 -120.78255 0.0047261773 0.99958597 -0.028382337 -11.648384 0.62714899 0.019144214 0.77866403 127.68089
0.78847883 -0.022041161 -0.61466681 -121.30802 0.0048173019 0.99954835 -0.029663006 -11.697884 0.61504305 0.020427617 0.78822889 128.33104
0.79829816 -0.020911787 -0.60189925 -121.81257 0.0042140936 0.99956649 -0.029138795 -11.738095 0.60224772 0.020724986 0.79804022 129.0094
0.80811512 -0.019912237 -0.58868789 -122.32255 0.0042251065 0.99959868 -0.028011232 -11.772668 0.58900945 0.020149031 0.80787493 129.68708
0.81736195 -0.018103326 -0.57583997 -122.8009 0.0042835346 0.99966952 -0.025347573 -11.813879 0.5761086 0.018251511 0.81716938 130.38533
0.82698431 -0.016834941 -0.56197287 -123.27527 0.0046327593 0.99972171 -0.023131075 -11.849713 0.56220594 0.016525551 0.82683216 131.07017
0.83600932 -0.015375421 -0.54849976 -123.72136 0.0048963133 0.99977658 -0.020562676 -11.878815 0.54869342 0.014504962 0.83589782 131.78518
0.84438127 -0.014776703 -0.53553889 -124.19589 0.0057799862 0.99981264 -0.018473771 -11.912288 0.53571158 0.012503499 0.84430847 132.47891
0.85132167 -0.014817426 -0.52443478 -124.61442 0.0068317106 0.99982943 -0.017159265 -11.94186 0.52459963 0.011025267 0.85127769 133.20136
0.85761665 -0.014810576 -0.51407617 -125.06357 0.0072496186 0.99983408 -0.016710997 -11.973863 0.51423842 0.010604773 0.85758172 133.91965
0.86522701 -0.014107109 -0.50118179 -125.51224 0.0068288555 0.99984294 -0.016354113 -11.997341 0.50133383 0.010727522 0.86518746 134.64651
0.87108294 -0.012184733 -0.49098475 -125.90603 0.0051767988 0.99986446 -0.015629122 -12.031729 0.49110868 0.011072532 0.87102795 135.37045
0.87725739 -0.011156127 -0.47989061 -126.31259 0.0044897131 0.99987686 -0.015037009 -12.051882 0.47999931 0.011036756 0.87719945 136.1273
0.88292826 -0.011658903 -0.46936312 -126.73089 0.0050580889 0.99986982 -0.015321733 -12.083294 0.4694807 0.01115391 0.88287229 136.89111
0.88740385 -0.012635368 -0.46081963 -127.11931 0.0058450237 0.99985234 -0.016159481 -12.112677 0.46095581 0.011646484 0.88734667 137.67153
0.89183296 -0.013335779 -0.45216822 -127.51719 0.0064640905 0.999839 -0.016738777 -12.143002 0.45231869 0.012005337 0.89177559 138.4437
0.89521337 -0.012932922 -0.44545006 -127.9034 0.0064243742 0.99984946 -0.016118057 -12.164244 0.44559149 0.011567362 0.89516168 139.18862
0.89777495 -0.011006991 -0.4403169 -128.27108 0.0058734568 0.99989799 -0.013019773 -12.194044 0.44041533 0.0091026438 0.89774802 139.98952
0.90079144 -0.0073855736 -0.43418914 -128.66251 0.0038942606 0.99995254 -0.0089299947 -12.213876 0.43423453 0.006353217 0.90077746 140.79309
0.90432009 -0.004252141 -0.42683378 -129.07145 0.001758868 0.99997901 -0.0062353833 -12.233439 0.42685137 0.0048880379 0.90430859 141.62754
0.90739897 -0.002149696 -0.42026476 -129.45302 0.00035932536 0.99999052 -0.0043392272 -12.251417 0.42027014 0.0037863983 0.90739115 142.43902
0.91078265 -4.6655907e-05 -0.41288612 -129.84875 -0.00076664128 0.99999808 -0.0018041281 -12.261393 0.41288544 0.0019597038 0.91078087 143.29604
0.91396326 0.00096408211 -0.40579579 -130.25746 -0.00072619116 0.99999946 0.00074019863 -12.271434 0.40579632 -0.00038182936 0.91396347 144.1394
0.91731871 0.0013446708 -0.39815142 -130.63354 -0.00014700785 0.99999537 0.0030385711 -12.292116 0.3981537 -0.0027288071 0.91731467 145.02297
0.9205514 0.0010064807 -0.39062013 -130.99766 0.00051853207 0.99999265 0.0037985972 -12.30358 0.39062112 -0.0036993534 0.92054412 145.90963
0.92433663 0.00017216112 -0.38157799 -131.38036 0.001292255 0.99999275 0.0035815439 -12.297152 0.38157587 -0.0038036486 0.9243297 146.7841
0.92785084 -0.0025139578 -0.372943 -131.74842 0.0040739864 0.99998594 0.0033949662 -12.326852 0.37292926 -0.0046693874 0.92784804 147.70572
0.93172394 -0.0040799661 -0.36314437 -132.12316 0.0051632419 0.99998465 0.0020124563 -12.326476 0.36313062 -0.0037500563 0.9317307 148.64707
0.93617446 -0.0049412308 -0.351501 -132.46975 0.0052543467 0.99998619 -6.3094529e-05 -12.351965 0.35149649 -0.001787841 0.9361875 149.59457
0.9408135 -0.0030539411 -0.33891093 -132.84703 0.0030817073 0.99999515 -0.00045621044 -12.359354 0.33891071 -0.00061521563 0.94081835 150.54679
0.94648475 0.00035502016 -0.32274832 -133.18067 -0.00013491198 0.99999974 0.00070435029 -12.369302 0.32274852 -0.00062311446 0.94648456 151.53241
0.95283874 0.0039072249 -0.3034519 -133.52622 -0.0030326595 0.99998978 0.0033532484 -12.373126 0.30346193 -0.002274839 0.95284085 152.53335
0.95879121 0.0070007914 -0.28402534 -133.82206 -0.0058007226 0.99997034 0.0050661053 -12.386845 0.2840524 -0.0032097853 0.95880339 153.56415
0.96501831 0.0086769705 -0.26203885 -134.10196 -0.0073519453 0.99995475 0.0060365719 -12.399744 0.2620794 -0.0038989074 0.96503844 154.58869
0.9704351 0.0099525596 -0.24115691 -134.38561 -0.0085265126 0.99993945 0.0069561776 -12.402864 0.24121156 -0.0046942917 0.97046121 155.64593
0.97551863 0.010670983 -0.21965775 -134.63561 -0.0087638472 0.99991499 0.0096549299 -12.418341 0.21974212 -0.0074935174 0.97552922 156.70544
0.98027961 0.012572239 -0.19721517 -134.85756 -0.010163834 0.99986096 0.013219533 -12.413813 0.19735396 -0.010954377 0.98027109 157.78628
0.98464493 0.014602246 -0.1739573 -135.06811 -0.011760013 0.99978017 0.017358282 -12.420984 0.17417254 -0.015046004 0.9846002 158.90333
0.9883682 0.01650247 -0.1511819 -135.24914 -0.013521803 0.99969382 0.020722703 -12.408766 0.1514776 -0.01843741 0.98828872 160.04372
0.99134851 0.017805136 -0.13004269 -135.41835 -0.015236048 0.99966913 0.020724054 -12.402031 0.13036867 -0.018563424 0.99129179 161.1814
0.99405922 0.017634309 -0.10740247 -135.54121 -0.015723683 0.99970317 0.018610411 -12.396803 0.10769878 -0.016811089 0.99404143 162.3235
0.99615563 0.017638384 -0.085807003 -135.65942 -0.01620792 0.99971829 0.017338981 -12.387738 0.086088669 -0.015881571 0.99616089 163.49268
0.99761289 0.016609831 -0.067027111 -135.7382 -0.015339922 0.99969379 0.019416651 -12.390693 0.0673291 -0.018342111 0.99756221 164.66717
0.99879388 0.016925851 -0.046090226 -135.80465 -0.015957786 0.99964595 0.02129131 -12.382504 0.046434285 -0.020530133 0.99871035 165.85644
0.99953418 0.017168681 -0.025231962 -135.84637 -0.016613627 0.99961892 0.022045489 -12.373644 0.025600841 -0.021616026 0.99943851 167.09554
0.99981916 0.018259508 -0.0053132992 -135.86899 -0.018135626 0.99958239 0.022497689 -12.36381 0.0057218775 -0.022397261 0.99973278 168.28884
0.99968695 0.01864632 0.016682886 -135.86681 -0.019026904 0.99955548 0.022952589 -12.352144 -0.01624749 -0.023262828 0.99959735 169.52015
0.99913887 0.020735988 0.035938063 -135.82935 -0.021548716 0.99951735 0.022376781 -12.341396 -0.035456716 -0.023131931 0.99910347 170.72917
0.99814173 0.022037921 0.056810349 -135.77747 -0.02329289 0.99949696 0.021523706 -12.321817 -0.056307438 -0.022806987 0.99815295 171.9844
0.99672459 0.022195334 0.077765417 -135.68233 -0.023762478 0.99953161 0.019284997 -12.321274 -0.077300962 -0.02106973 0.99678515 173.2586
0.9950237 0.024326967 0.096623196 -135.55631 -0.026049828 0.99952266 0.016609259 -12.317502 -0.096173029 -0.019043624 0.99518244 174.54599
0.99325898 0.024690217 0.1132563 -135.44423 -0.026528896 0.99953913 0.014756131 -12.313755 -0.11283978 -0.017661225 0.99345622 175.80788
0.99049453 0.024471886 0.13535768 -135.28097 -0.026315606 0.99958347 0.011848388 -12.313549 -0.13501136 -0.015297783 0.99072595 177.12404
0.98816951 0.025668043 0.15120241 -135.09638 -0.0269709 0.99961462 0.0065717805 -12.316346 -0.15097546 -0.010572098 0.98848098 178.39294
0.98478441 0.027378296 0.17161029 -134.86084 -0.027800231 0.9996135 5.5465106e-05 -12.344289 -0.17154245 -0.0048254267 0.98516491 179.68401
0.98190365 0.029755455 0.18702894 -134.64564 -0.029311721 0.99955711 -0.005138201 -12.350742 -0.18709901 -0.00043692175 0.98234096 180.98107
0.97848892 0.031957639 0.20380908 -134.38324 -0.030683215 0.99948486 -0.0094107263 -12.3886 -0.20400485 0.0029547738 0.97896542 182.31251
0.97426334 0.034332268 0.22278292 -134.09198 -0.032410715 0.99939923 -0.01227685 -12.420081 -0.22307059 0.004740331 0.97479077 183.66598
0.96997548 0.033706253 0.24085565 -133.7775 -0.031679743 0.99942261 -0.012282123 -12.447609 -0.24113058 0.0042831134 0.97048323 184.99697
0.96594408 0.03234037 0.25672191 -133.43113 -0.030027642 0.9994655 -0.012924737 -12.475726 -0.2570027 0.0047758204 0.96639889 186.34053
0.96135048 0.032222847 0.27343543 -133.0902 -0.028520273 0.99943991 -0.017506226 -12.538988 -0.27384641 0.0090311662 0.96173104 187.69149
0.95658253 0.033700723 0.28950669 -132.71732 -0.028579481 0.99935159 -0.021900152 -12.587386 -0.29005705 0.012675352 0.95692542 188.99193
0.95129011 0.035885592 0.30620149 -132.28078 -0.030515142 0.9992853 -0.022309473 -12.625278 -0.30678326 0.011879 0.95170527 190.39051
0.94565858 0.037433123 0.3229994 -131.85118 -0.031726696 0.99923385 -0.022915903 -12.679182 -0.32360977 0.011422917 0.94612168 191.73459
0.93910866 0.041846279 0.34106276 -131.41101 -0.035048443 0.99904548 -0.026071568 -12.726128 -0.34182823 0.012530317 0.93967891 193.06909
0.93234707 0.042762278 0.35902692 -130.88491 -0.034394593 0.99896797 -0.029664767 -12.789438 -0.35992495 0.015309274 0.93285565 194.41755
0.92594192 0.043588926 0.37514205 -130.38334 -0.033799228 0.99889551 -0.03264007 -12.84175 -0.37615048 0.017543298 0.9263925 195.75177
0.91854104 0.043856993 0.39288536 -129.81156 -0.031802392 0.99880381 -0.037142465 -12.925883 -0.39404438 0.021622185 0.91883705 197.06229
0.90968365 0.047045514 0.4126286 -129.23563 -0.032121716 0.9985571 -0.043033937 -13.010639 -0.41405781 0.025892931 0.90988225 198.40675
0.9000135 0.050562596 0.43291929 -128.61045 -0.033589726 0.99834079 -0.04676968 -13.089776 -0.43456581 0.027551704 0.90021857 199.69151
0.88829157 0.053551135 0.45614728 -127.97485 -0.035336993 0.99820404 -0.048373428 -13.173667 -0.45791855 0.026850836 0.88858857 201.04405
0.87541953 0.057687419 0.47990915 -127.31942 -0.037873211 0.99798655 -0.050876966 -13.268705 -0.48187787 0.02636299 0.87584172 202.31781
0.86073607 0.062336398 0.50522032 -126.57259 -0.040365697 0.99770674 -0.054331218 -13.372552 -0.50744857 0.02637127 0.86127843 203.62899
0.8459136 0.066012161 0.52921881 -125.82914 -0.041854505 0.99746673 -0.057518064 -13.48344 -0.53167509 0.026505122 0.84653358 204.90378
0.83174724 0.067731309 0.55100724 -125.01912 -0.04155574 0.99734098 -0.059867342 -13.58665 -0.55359704 0.026896984 0.83235023 206.15974
0.81537039 0.068433971 0.57488076 -124.19184 -0.04019023 0.99728437 -0.061714029 -13.688199 -0.57754298 0.027215203 0.81590653 207.40246
0.79858596 0.070737378 0.59770951 -123.32869 -0.038476248 0.99703831 -0.066589681 -13.817582 -0.60064971 0.030179966 0.7989425 208.63414
0.78311047 0.073384295 0.61753761 -122.42047 -0.036771635 0.99673987 -0.071815547 -13.94638 -0.62079454 0.033531641 0.78325589 209.81542
0.76637714 0.075095878 0.6379864 -121.46587 -0.034874513 0.99654273 -0.075407911 -14.076945 -0.64144359 0.035541436 0.7663465 210.96994
0.75135607 0.076590478 0.6554372 -120.49799 -0.033234324 0.99637319 -0.078332276 -14.212953 -0.65905962 0.03707242 0.75117647 212.1195
0.73519148 0.077218709 0.67344689 -119.49237 -0.031217357 0.99629326 -0.080157389 -14.352149 -0.67714031 0.037907799 0.73487688 213.25285
0.71903946 0.077536105 0.69063041 -118.4733 -0.029238924 0.99625204 -0.081406149 -14.497633 -0.69435393 0.038340944 0.7186116 214.36756
0.70438695 0.078354041 0.7054783 -117.42336 -0.026595555 0.99610419 -0.084078032 -14.643488 -0.7093178 0.040460883 0.70372666 215.44055
0.68893047 0.079617288 0.72044143 -116.31207 -0.023508885 0.99588041 -0.087575905 -14.801467 -0.72444612 0.043396937 0.68796408 216.51663
0.67474622 0.081903978 0.73349113 -115.23008 -0.021469576 0.99558099 -0.091419684 -14.966696 -0.73773752 0.045937344 0.67352295 217.56829
0.65984027 0.084407499 0.74664995 -114.10649 -0.020461804 0.99532058 -0.094436487 -15.120596 -0.75112728 0.047035194 0.65847973 218.57994
0.64320221 0.084919548 0.76097276 -112.94959 -0.018717515 0.9952778 -0.095245714 -15.296473 -0.76546758 0.047018736 0.64175437 219.60345
0.6270165 0.086333073 0.77420724 -111.76674 -0.01949785 0.99526787 -0.095192934 -15.465066 -0.77876196 0.044592165 0.62573269 220.56098
0.60984896 0.087142388 0.78771213 -110.60042 -0.021263297 0.99537774 -0.093653748 -15.632382 -0.7922324 0.040365285 0.60888302 221.51757
0.58964322 0.088415951 0.80280972 -109.37428 -0.023610666 0.99545213 -0.092290832 -15.799117 -0.80731869 0.035463793 0.58904915 222.45386
0.5718448 0.089450159 0.8154705 -108.18407 -0.025104196 0.99548018 -0.091591487 -15.968412 -0.81997766 0.031904385 0.57150573 223.32595
0.55505067 0.09282619 0.82662083 -106.97177 -0.026988425 0.9952403 -0.093639573 -16.145714 -0.83137864 0.029665514 0.55491402 224.2027
0.53660314 0.096413273 0.83830871 -105.73001 -0.029362809 0.9949831 -0.095637086 -16.321874 -0.84332376 0.026704063 0.53674202 225.0176
0.5169511 0.096593609 0.85054757 -104.48004 -0.029508546 0.99503338 -0.095067449 -16.497181 -0.85550621 0.024046801 0.51723393 225.78937
0.49597546 0.095464146 0.86307293 -103.24993 -0.029597951 0.99521936 -0.093071982 -16.661807 -0.86783199 0.02061623 0.49642992 226.55822
0.47481094 0.093429833 0.87511449 -101.99393 -0.029266366 0.99547535 -0.090400861 -16.82029 -0.87960111 0.017311898 0.47539694 227.23502
0.45275949 0.092112054 0.88686197 -100.7247 -0.029271415 0.99564889 -0.088467377 -16.990049 -0.89115212 0.014094741 0.45348573 227.9245
0.43012254 0.091137511 0.89815838 -99.464511 -0.028357046 0.99576419 -0.087461706 -17.150886 -0.90232508 0.012150133 0.43088502 228.57836
