1.000000000000000000e+00 4.398956837314658088e-19 2.733407509747682871e-20 -8.673617379884035472e-19 -5.583667658079949532e-19 1.000000000000000000e+00 -6.100159232558060012e-19 0.000000000000000000e+00 4.145284534913582806e-20 -2.210423569125054137e-19 1.000000000000000222e+00 0.000000000000000000e+00
9.998913765185398761e-01 3.834746698891926416e-04 1.473391079295374197e-02 -7.078314057386017599e-02 -3.784602032361766995e-04 9.999998695179135311e-01 -3.431221401069157193e-04 -1.061545535252689243e-02 -1.473404070456243130e-02 3.375086865889092972e-04 9.998913911597661075e-01 4.097664265239547854e-02
9.992443537908037854e-01 4.191606652487100439e-03 3.864132336387143124e-02 4.700215703164296877e-02 -4.179018551928150374e-03 9.999911852317576733e-01 -4.065349785840486002e-04 1.151549197223279697e-02 -3.864268745403685174e-02 2.447450098974612571e-04 9.992530624310375087e-01 3.189632288932885418e-01
9.979575443386351496e-01 5.172832112159349988e-03 6.367088435648461664e-02 1.906244527966892421e-02 -5.219236594208133580e-03 9.999862214846508834e-01 5.625122027450829131e-04 3.850560434860234027e-03 -6.366709838714454395e-02 -8.936766588573956567e-04 9.979707921106913959e-01 4.286657584384389597e-01
9.953060263328122881e-01 4.694964033391257029e-03 9.666370168118401662e-02 7.498948929979806777e-02 -4.941831155241391618e-03 9.999851103030451549e-01 2.314624338950898533e-03 6.667504940429211380e-03 -9.665139698138824897e-02 -2.781455184746777724e-03 9.953144081120366415e-01 5.901134956452095404e-01
9.908520489633426687e-01 1.620109811744714634e-03 1.349429219291402582e-01 1.755889396468490460e-01 -2.252950867513404086e-03 9.999871693064726896e-01 4.537117793104175449e-03 8.342078975450459288e-03 -1.349338422209818700e-01 -4.799632154152200410e-03 9.908429854836667827e-01 8.047978193863067897e-01
9.846624998906069459e-01 -1.544256393056180629e-03 1.744631087033682582e-01 2.203604819974957774e-01 6.166444629662794219e-04 9.999853857681355596e-01 5.371033162320243068e-03 -8.051828602415211922e-03 -1.744688563274078841e-01 -5.181073114126760575e-03 9.846490618177883292e-01 9.779381683455051766e-01
9.759925083644976906e-01 -1.855650510413357985e-03 2.177961883462115333e-01 3.201290483079918259e-01 5.074673122788296922e-04 9.999803655095632626e-01 6.245884219387545615e-03 -2.841344096716352796e-03 -2.178035059729440115e-01 -5.985411609571469199e-03 9.759742866263351191e-01 1.212434546218738696e+00
9.641231354324697467e-01 -1.859794573913496922e-03 2.654489028621735969e-01 4.210267328858463554e-01 -6.556846831281168105e-04 9.999557224908006692e-01 9.387392285402331588e-03 1.412802625003771462e-02 -2.654546126550589302e-01 -9.224652697588981223e-03 9.640792266518418696e-01 1.415525737257250949e+00
9.496495425787673250e-01 -5.704603017310631158e-03 3.132621945161648269e-01 5.543739370114972864e-01 6.770781632273415937e-04 9.998692640587507618e-01 1.615538141739274527e-02 2.695981633413643830e-02 -3.133134053368950567e-01 -1.512984742180435369e-02 9.495292512774381466e-01 1.663647289568947141e+00
9.329021664934593616e-01 -1.536802441535164293e-02 3.598018480121741858e-01 6.791077559965107424e-01 7.055273174730119189e-03 9.996772424898169307e-01 2.440561298907228255e-02 1.543411929549029504e-03 -3.600607915349348098e-01 -2.022954874055421168e-02 9.327094904226110872e-01 1.858006575268083660e+00
9.117195156996599215e-01 -2.113433633571467837e-02 4.102692556903252408e-01 8.428264211977989362e-01 9.942248604895847705e-03 9.995184446280376278e-01 2.939439588982750012e-02 -2.335476712561720958e-03 -4.106929264646221323e-01 -2.272044525466705711e-02 9.114905945241487117e-01 2.081719604911581367e+00
8.868230466895176134e-01 -2.300254507065375292e-02 4.615363081088064146e-01 1.032271363525897323e+00 8.552547109593307273e-03 9.994062679550420603e-01 3.337612137492789594e-02 -2.318982012577436302e-03 -4.620300229245882795e-01 -2.565140240674126590e-02 8.864932411365799014e-01 2.324299402617857169e+00
8.582800687516112248e-01 -2.502964541170190488e-02 5.125708112449629539e-01 1.201221316530082017e+00 6.612639162795014465e-03 9.992663493132889485e-01 3.772315072819427961e-02 2.378668933846859318e-02 -5.131389692616096232e-01 -2.898758233956309771e-02 8.578159022900820885e-01 2.546052242011698663e+00
8.261777647508232736e-01 -3.031702783678296223e-02 5.625932581086471318e-01 1.444495576021424643e+00 7.819705867198571345e-03 9.990720383065687660e-01 4.235462708160785128e-02 2.478272365322209403e-02 -5.633552692500796155e-01 -3.059313704826180369e-02 8.256481728907160145e-01 2.787969577083257544e+00
7.903950620079548406e-01 -3.601989663911811523e-02 6.115375763186591263e-01 1.661907013540311784e+00 9.920392444260845224e-03 9.988915606892486698e-01 4.601343012123743081e-02 2.606140377727211854e-02 -6.125171336030084124e-01 -3.030209486687365436e-02 7.898762877092270207e-01 2.982076061018209323e+00
7.528788382760865927e-01 -4.051467006164445606e-02 6.569109602199859621e-01 1.929318538573185915e+00 1.113232753423280472e-02 9.987446503395057684e-01 4.883845463258899150e-02 3.428727420629113648e-02 -6.580649925111176080e-01 -2.945649062448003550e-02 7.523847337440633387e-01 3.176338436017665856e+00
7.125244170468110205e-01 -4.376547115769030549e-02 7.002810370876936252e-01 2.235364411246899330e+00 1.213703404710986949e-02 9.986722227826112519e-01 5.006479594526672822e-02 4.406326281956014779e-02 -7.015423413848540513e-01 -2.717305429555766372e-02 7.121095253963931615e-01 3.427695946330870935e+00
6.712762193531329746e-01 -4.568528756683863656e-02 7.397980015509088014e-01 2.508573180235305955e+00 1.125522271403406500e-02 9.986118740086777912e-01 5.145527180408068085e-02 5.358314927342210099e-02 -7.411218304131409473e-01 -2.621410854023047479e-02 6.708586004403613856e-01 3.612875172991834027e+00
6.286422422460937742e-01 -4.609282086702005260e-02 7.763274910900206383e-01 2.868666318228416223e+00 7.139496096535376431e-03 9.985420564731852799e-01 5.350503714599547794e-02 8.369466413175528918e-02 -7.776618609811667415e-01 -2.809293889797830068e-02 6.280547957904445422e-01 3.832498413146518068e+00
5.864691723650674593e-01 -4.690742068963190542e-02 8.086121401112064122e-01 3.202604590816274577e+00 4.257001552503764802e-03 9.984863837105899531e-01 5.483447306014749972e-02 1.013477140166508389e-01 -8.099603692981041103e-01 -2.871646433499502535e-02 5.857811669075547734e-01 4.055936732950556234e+00
5.468269336818613047e-01 -4.799983881447295042e-02 8.358685953285489578e-01 3.584450603714140371e+00 2.187871907301062058e-03 9.984337598352953647e-01 5.590384953983897759e-02 1.207976205265573338e-01 -8.372428145996418936e-01 -2.874095661517362538e-02 5.460754877082207859e-01 4.239883897405637647e+00
5.079508943317027070e-01 -5.057121199884632989e-02 8.599002438136283955e-01 4.014442729160156098e+00 1.266739853508114244e-03 9.983179075660887358e-01 5.796335702606399826e-02 1.335621505552708199e-01 -8.613851042249163203e-01 -2.835326850739471050e-02 5.071605333457158693e-01 4.463659382765519545e+00
4.704457358695924296e-01 -5.041124730711481899e-02 8.809877995312276333e-01 4.412308516139010095e+00 -1.568327701352712671e-03 9.983175297836988094e-01 5.796248816718214958e-02 1.547214122821537474e-01 -8.824275403765466930e-01 -2.864988232503368204e-02 4.695751623459318846e-01 4.645987501956430954e+00
4.339278516579523348e-01 -4.968428461306951399e-02 8.995766104026539089e-01 4.865616619811575561e+00 -2.973158784425603517e-03 9.983938574276758349e-01 5.657619412396673597e-02 1.809321397422372357e-01 -9.009427254182590383e-01 -2.722456979494356985e-02 4.330831811394310615e-01 4.832902570954566990e+00
4.011136232324969408e-01 -4.844432914041218313e-02 9.147464098232178653e-01 5.373040472365533837e+00 -1.698812976167800304e-03 9.985595416495695043e-01 5.362793843145270689e-02 1.951803620085417745e-01 -9.160267410593808668e-01 -2.306487902913807383e-02 4.004535366320735035e-01 5.023230975330464254e+00
3.710005721586490668e-01 -4.675523133687392585e-02 9.274548557279973515e-01 5.880323701690752358e+00 2.061139196837248838e-04 9.987358328781327232e-01 5.026622731141391215e-02 2.203376023872000711e-01 -9.286326229411618893e-01 -1.845763694865865459e-02 3.705412010411146539e-01 5.200241504188832131e+00
3.448542401790365419e-01 -4.488994401844335208e-02 9.375822263731786732e-01 6.423386373353682011e+00 1.191039273475964604e-03 9.988759182677637849e-01 4.738650965699343215e-02 2.442191738909353371e-01 -9.386555013245352352e-01 -1.522474069985773996e-02 3.445200602028714032e-01 5.389786599390580690e+00
3.251568209645464558e-01 -4.433066605873148269e-02 9.446204628461291053e-01 7.017824033257933358e+00 2.241743153084557218e-03 9.989339486752257802e-01 4.610792489982893511e-02 2.678258849154258603e-01 -9.456574603337000173e-01 -1.287470896818009372e-02 3.249095637508609968e-01 5.549252540201965012e+00
3.097841292760349918e-01 -4.485140795733626867e-02 9.497484557850028875e-01 7.588541055124267132e+00 3.461150247593811850e-03 9.989333610800082974e-01 4.604520089129791188e-02 2.991234882784398752e-01 -9.508006256601454487e-01 -1.097684947971050429e-02 3.096089376002459925e-01 5.754253682127607128e+00
2.974504733994317585e-01 -4.641056886517624935e-02 9.536085463344509128e-01 8.198374174371807044e+00 4.220374212236104386e-03 9.988719528686460514e-01 4.729704193720168232e-02 3.153738895198269221e-01 -9.547279300926604373e-01 -1.004394169965732234e-02 2.973108038803092823e-01 5.946025495220323087e+00
2.870545195522873905e-01 -4.838916074816072832e-02 9.566912649758811948e-01 8.828270443345346052e+00 3.236573882480673139e-03 9.987665893164933140e-01 4.954618669440084833e-02 3.440056469131309580e-01 -9.579087867168663006e-01 -1.112605396247693876e-02 2.868570771970498368e-01 6.108224405370632937e+00
2.766574013104839413e-01 -4.982447140818525161e-02 9.596760853489116894e-01 9.505216787761218811e+00 1.618529925487792584e-03 9.986777216462761064e-01 5.138276569402727006e-02 3.756402889108366727e-01 -9.609672622022418231e-01 -1.266215708241548790e-02 2.763722242734951706e-01 6.288081263306090740e+00
2.664108142748009000e-01 -5.160223046024545873e-02 9.624772580084260953e-01 1.019424379929934510e+01 7.583470800558297312e-04 9.985767746075981943e-01 5.332776092533778045e-02 4.034749817938174110e-01 -9.638592840212453217e-01 -1.347719951210648442e-02 2.660707826943672916e-01 6.487508755097247892e+00
2.561646810683500530e-01 -5.368670608656869736e-02 9.651411181760189972e-01 1.089769003334266806e+01 -3.208143123853769740e-05 9.984559958716371364e-01 5.554838646428858495e-02 4.311685172727468540e-01 -9.666331629270498160e-01 -1.426049693176800054e-02 2.557674380478268672e-01 6.675966490081135518e+00
2.457968847656191447e-01 -5.521256878538956248e-02 9.677476157641696775e-01 1.162343334104756032e+01 -4.920461414248129394e-04 9.983692241731993988e-01 5.708458700322151247e-02 4.620672021489632408e-01 -9.693212398030800481e-01 -1.450738925222312854e-02 2.453688766636382967e-01 6.865441021639223429e+00
2.346938939827601378e-01 -5.653092150389697756e-02 9.704241418396604146e-01 1.241237227128263143e+01 -1.135359773427902950e-03 9.982909296413978728e-01 5.842885171097369351e-02 4.918982904561619018e-01 -9.720686723512287353e-01 -1.481467437947985022e-02 2.342286013147711066e-01 7.047038567639654971e+00
2.251294087354489826e-01 -5.944434702644617319e-02 9.725138060040868782e-01 1.316524064382191561e+01 -2.210179957280581677e-03 9.981033954360427618e-01 6.152013556409530182e-02 5.258766196375812552e-01 -9.743263730248908905e-01 -1.599942138951822995e-02 2.245710432081785002e-01 7.235325291882217513e+00
2.137342818840604897e-01 -6.318771659865025925e-02 9.748461176318403698e-01 1.392767139167211354e+01 -3.932698642958844248e-03 9.978421589890349441e-01 6.554051860696308296e-02 5.723094568459961007e-01 -9.768839273143630209e-01 -1.784203081586533193e-02 2.130245776762157706e-01 7.393198363940087781e+00
2.008281972921778791e-01 -6.671735815642454437e-02 9.773519391864393668e-01 1.471710992943764040e+01 -4.499016824258610797e-03 9.976048301174934574e-01 6.902435601741049864e-02 6.131648117570348555e-01 -9.796161548851159973e-01 -1.825915893653134309e-02 2.000470157607552590e-01 7.551476225647970608e+00
1.886845461999707985e-01 -6.917157290744865850e-02 9.795986010454992288e-01 1.552137078998425324e+01 -5.372420082229233118e-03 9.974286113396713116e-01 7.146539254175410250e-02 6.526509689371918777e-01 -9.820230629091225572e-01 -1.874722948747235829e-02 1.878277447822317703e-01 7.711443588542537420e+00
1.751142982374095658e-01 -6.998352308945814115e-02 9.820576727405117001e-01 1.632039284718279148e+01 -5.978404812311426120e-03 9.973765110612760054e-01 7.214120741214913313e-02 6.871801368013679134e-01 -9.845299681846919615e-01 -1.850409435005668374e-02 1.742364966104558155e-01 7.845418649020433399e+00
1.602162346703319140e-01 -6.918871610640273118e-02 9.846540829862739930e-01 1.713309714629026104e+01 -7.315449268698975306e-03 9.974297518211734381e-01 7.127674470331836487e-02 7.273898679455100824e-01 -9.870548411519219911e-01 -1.862287776836349384e-02 1.592982912673398255e-01 7.998008165298544192e+00
1.438918350264626611e-01 -6.813683853915358801e-02 9.872449009058761327e-01 1.792114930516149940e+01 -8.621528607646164119e-03 9.975026135263843630e-01 7.010139234202265868e-02 7.639131071320677258e-01 -9.895558732140226077e-01 -1.859857725552534202e-02 1.429450364226331482e-01 8.098486835616284907e+00
1.228705010417133620e-01 -6.677477999102610084e-02 9.901736978522147625e-01 1.873227557027710333e+01 -1.102862552756389038e-02 9.975803399409765015e-01 6.864280548453667585e-02 8.023958644042386013e-01 -9.923614395048526715e-01 -1.935442994433638625e-02 1.218367607719328810e-01 8.180372566151108416e+00
9.742083681516938709e-02 -6.547112177911519615e-02 9.930874562783376103e-01 1.955105129554144128e+01 -1.543762253417189749e-02 9.976144270713119822e-01 6.728398533763012279e-02 8.458174282876156358e-01 -9.951235489373688736e-01 -2.188577058890603735e-02 9.617771245262521362e-02 8.268867407107387990e+00
6.845259879212765852e-02 -6.505182840833989566e-02 9.955312573003498589e-01 2.037921992155625617e+01 -1.921143576144344889e-02 9.976009226007910291e-01 6.650804420585962329e-02 8.844778906967822873e-01 -9.974693878924093537e-01 -2.367823241574971635e-02 6.703863529692791201e-02 8.323791735785661672e+00
3.461109291272025656e-02 -6.471543285140127222e-02 9.973033479382107380e-01 2.122817943281415864e+01 -2.235087374359898127e-02 9.976015325613016849e-01 6.551046225075488061e-02 9.241711862380392883e-01 -9.991509035334424915e-01 -2.455798906388710970e-02 3.308163147210088639e-02 8.338480538072436943e+00
1.283951578145945695e-04 -6.402238935413907817e-02 9.979484455183393887e-01 2.206584060394663638e+01 -2.423980292740526149e-02 9.976550386898620504e-01 6.400668501824610668e-02 9.562302952027260661e-01 -9.997061732246680377e-01 -2.419829094686546528e-02 -1.423797418114213908e-03 8.327547790374929093e+00
-3.373464409580109041e-02 -6.328510182199227618e-02 9.974251612922107046e-01 2.291335556763932857e+01 -2.526297688412331224e-02 9.977283157698986216e-01 6.244989920384556858e-02 9.872923184842923305e-01 -9.991114917943748619e-01 -2.309120280459969060e-02 -3.525678109409968036e-02 8.286347738878808045e+00
-6.622850037157435032e-02 -6.141294510717906774e-02 9.959127565305171403e-01 2.374437181277795617e+01 -2.743349213847034659e-02 9.978388806705575931e-01 5.970738430366015481e-02 1.017426811154418020e+00 -9.974272937893894353e-01 -2.336703339000903087e-02 -6.777014561693513184e-02 8.222247548720037713e+00
-9.893913350351384028e-02 -5.813078193972992525e-02 9.933941024597319203e-01 2.457625430150759271e+01 -2.984458443648256576e-02 9.980165051138037979e-01 5.542884015018829241e-02 1.061556641040627413e+00 -9.946458493615372154e-01 -2.416335189940316611e-02 -1.004777786556445979e-01 8.142113721779690394e+00
-1.316656177777332237e-01 -5.410601336898760577e-02 9.898164916992227003e-01 2.541703121477481631e+01 -2.672197008650838493e-02 9.983402041678425265e-01 5.101738013089639895e-02 1.082670791724844150e+00 -9.909339626064629369e-01 -1.973261091748177223e-02 -1.328929003881862136e-01 8.017028693350015445e+00
-1.626657462260864828e-01 -4.832729944378789250e-02 9.854969863313873812e-01 2.624310654782421537e+01 -2.247461901176468768e-02 9.987221153400765994e-01 4.526618878130210522e-02 1.102779649539121332e+00 -9.864252445792341950e-01 -1.478540999511284738e-02 -1.635440171854153912e-01 7.863439202510721593e+00
-1.938107013201192108e-01 -4.211792297125565437e-02 9.801344171576656938e-01 2.709957448835329785e+01 -1.603134178704585661e-02 9.990805650685696815e-01 3.976204962920938668e-02 1.122463672289056413e+00 -9.809079592594587282e-01 -8.006558125020787550e-03 -1.943077131816658698e-01 7.685917406608008484e+00
-2.230858270224012063e-01 -3.669575776277399226e-02 9.741078576781601051e-01 2.789770323762940407e+01 -1.101044233028889568e-02 9.993223058847171547e-01 3.512405333985521572e-02 1.126222757033977784e+00 -9.747366311445083698e-01 -2.889678873037218165e-03 -2.233386809592128042e-01 7.480401215842508833e+00
-2.506325841836731239e-01 -3.020497102485875107e-02 9.676109501775594923e-01 2.870479555436710228e+01 -2.137614278748797836e-03 9.995279660413504130e-01 3.064760504928290899e-02 1.150716666391280674e+00 -9.680799317404086279e-01 5.612910569194148012e-03 -2.505788450266503431e-01 7.249139078174835049e+00
-2.768944719275281963e-01 -2.054343067427887373e-02 9.606806974789764419e-01 2.951279161831749320e+01 3.949749841117391677e-03 9.997386560769283559e-01 2.251708252055920068e-02 1.139913034184906859e+00 -9.608922241869466419e-01 1.002930523606645336e-02 -2.767409671758274126e-01 7.015752144903575349e+00
-3.022062400036287233e-01 -5.556331355933407171e-03 9.532263632238268114e-01 3.028290889409955255e+01 8.152990277241192393e-03 9.999313697066894990e-01 8.413358970863338629e-03 1.134282792789973016e+00 -9.532077069425326510e-01 1.031421596939276035e-02 -3.021402001240104385e-01 6.728006228893039342e+00
-3.266992747726933932e-01 1.188841354423828857e-02 9.450535612292549903e-01 3.108018385639116943e+01 9.275679527906893762e-03 9.999130601136895224e-01 -9.371977803612475261e-03 1.109620468530107873e+00 -9.450828326963266468e-01 5.704196677132220873e-03 -3.267811460177567073e-01 6.456708671364048691e+00
-3.526579687280029241e-01 2.667075398040304884e-02 9.353721250757491834e-01 3.187202348772761695e+01 7.941428552779980152e-03 9.996430426892645160e-01 -2.550923167038599698e-02 1.081640841623809690e+00 -9.357186037992144545e-01 -1.567841948226472975e-03 -3.527438900913587583e-01 6.176822119895845731e+00
-3.768516418032409332e-01 3.724251302035964245e-02 9.255246187865031615e-01 3.262110559479836525e+01 1.230066912137197342e-02 9.993044854303820834e-01 -3.520282533794406171e-02 1.051613862868830962e+00 -9.261919606446334940e-01 -1.881669467027575777e-03 -3.770476451293757747e-01 5.856632213919593433e+00
-4.006875025455524653e-01 4.189950047521082827e-02 9.152562166698866575e-01 3.340289546089307038e+01 1.601300158488713071e-02 9.991214585078437294e-01 -3.872847654330872219e-02 9.986424415371291108e-01 -9.160748457884156926e-01 -8.620163378647715960e-04 -4.010064200065392992e-01 5.517090188249381022e+00
-4.232514981717057645e-01 4.157237790418706613e-02 9.050579495150018472e-01 3.414275204678762776e+01 1.821333215567356653e-02 9.991352740081044237e-01 -3.737617861179586692e-02 9.570820486633959678e-01 -9.058291546870741451e-01 6.645984259923928047e-04 -4.236426744029081481e-01 5.145400625983877596e+00
-4.430822154053372097e-01 3.785091134973718463e-02 8.956815530452976182e-01 3.486185835086210716e+01 2.209446728813431460e-02 9.992658508488275748e-01 -3.129846325843825550e-02 9.143842477812140768e-01 -8.962086800728745750e-01 5.921815343874228116e-03 -4.435932239577255465e-01 4.751047787515781273e+00
-4.612984689357276791e-01 3.647245027183435712e-02 8.864950472284917060e-01 3.558998862066961522e+01 2.926919282821136004e-02 9.992364704215400684e-01 -2.588031069653201621e-02 8.786950927017116442e-01 -8.867621157482652450e-01 1.400844785603943578e-02 -4.620137743394032159e-01 4.348199373328009543e+00
-4.759479237233791848e-01 3.721066187143700493e-02 8.786859089601919415e-01 3.628346816571855982e+01 3.286918563884849709e-02 9.991591193305201513e-01 -2.450858707890534241e-02 8.313010353231902183e-01 -8.788590349419587167e-01 1.721688022680153626e-02 -4.767707937058812684e-01 3.984174781086594397e+00
-4.863277895768011727e-01 4.051918642601760878e-02 8.728364467900319168e-01 3.699005410450186560e+01 3.540633797606349692e-02 9.990176261521345191e-01 -2.664908649389837250e-02 7.796298835394318560e-01 -8.730588095254560033e-01 1.794375200468508250e-02 -4.872846711145109033e-01 3.561929544323157781e+00
-4.967014186221202499e-01 4.340886495905996179e-02 8.668352540034919285e-01 3.768550633180197451e+01 3.725583992710802816e-02 9.988942840062813300e-01 -2.867423425806199869e-02 7.420077395013446875e-01 -8.671215113895988091e-01 1.805214372763912570e-02 -4.977694428661865178e-01 3.178202103820815694e+00
-5.070972498958925545e-01 4.239078490887702999e-02 8.608457394190925926e-01 3.838117326950867181e+01 3.103682560264404283e-02 9.990400873727948161e-01 -3.091309149027814118e-02 6.909341308590328801e-01 -8.613298478573646610e-01 1.104197643183435149e-02 -5.079261574545056446e-01 2.771254860493638450e+00
-5.185248954783445718e-01 4.119979228525407627e-02 8.540693746126061248e-01 3.907859075733952636e+01 2.927823720401658350e-02 9.991082792908169141e-01 -3.042089788683898302e-02 6.670288383902198692e-01 -8.545611327408878521e-01 9.231653847804360824e-03 -5.192687745859839721e-01 2.375618227259008730e+00
-5.270860475443717164e-01 4.277067993067473761e-02 8.487349140576835316e-01 3.974113669795404746e+01 3.178078768979874374e-02 9.990261011839568495e-01 -3.060768911417449667e-02 6.309237105548508584e-01 -8.492174585156742062e-01 1.084057924491351257e-02 -5.279320061615121462e-01 1.943929159340262780e+00
-5.345153016602669505e-01 4.554653668746176665e-02 8.439306205734240507e-01 4.043557689621791695e+01 3.539934122888506451e-02 9.988770578026724412e-01 -3.148825140789126426e-02 5.837082248055783795e-01 -8.444171306960018830e-01 1.304363684176452522e-02 -5.355273904570611032e-01 1.495341684433895812e+00
-5.379226941427028841e-01 4.890844573204700119e-02 8.415741952935336112e-01 4.112024237889967537e+01 3.627595922419969005e-02 9.987337990767622964e-01 -3.485474576143247211e-02 5.473487532728720240e-01 -8.422132993027563463e-01 1.177975346391897486e-02 -5.390157779010151806e-01 1.043019424432200415e+00
-5.381562580844664323e-01 5.013575486853012741e-02 8.413526223268713577e-01 4.183379371143482217e+01 3.532932180327962718e-02 9.986937500240594678e-01 -3.691385406664949437e-02 4.964406534842902841e-01 -8.421043240100548610e-01 9.858996964597879081e-03 -5.392245548898458862e-01 6.159016634925806866e-01
-5.345299287204765548e-01 5.132487375434939547e-02 8.435896512530037805e-01 4.256111944294901406e+01 3.793253688018485836e-02 9.986053832553111187e-01 -3.672071778040899431e-02 4.628816284985502461e-01 -8.442978678312106355e-01 1.237117392043943914e-02 -5.357313481882121087e-01 1.371580291806787366e-01
-5.289532565520994600e-01 5.011675014517282672e-02 8.471698476110870457e-01 4.332498230807166806e+01 3.633124278060002182e-02 9.986768400882309882e-01 -3.639518933324533551e-02 4.131462263420423442e-01 -8.478729297290444888e-01 1.152738050539461358e-02 -5.300741718199390995e-01 -3.003476693791018448e-01
-5.216851254181381625e-01 4.882170209624495799e-02 8.517400179371784619e-01 4.406041273117134693e+01 3.420392089750087100e-02 9.987554647530794139e-01 -3.629894435328832186e-02 3.722479130705347306e-01 -8.524521884779537872e-01 1.019622986949561896e-02 -5.227057647298264387e-01 -7.664937446440442947e-01
-5.144388309571706897e-01 4.836657777080761306e-02 8.561619882159633432e-01 4.483493004179931063e+01 3.239694806059782023e-02 9.987915484909020147e-01 -3.695781868139897536e-02 3.282880029348538842e-01 -8.569148960234981294e-01 8.724499424888190746e-03 -5.153840872911085169e-01 -1.238828774416588674e+00
-5.080464360084553377e-01 4.663172691865866831e-02 8.600664436540508273e-01 4.563952457707529220e+01 2.927238257048732362e-02 9.988913516138119286e-01 -3.686726510570547538e-02 2.781548578937828586e-01 -8.608321315266059814e-01 6.445912313954206205e-03 -5.088482141102309564e-01 -1.694869424699285254e+00
-5.032384548909455413e-01 4.449064166472212201e-02 8.630015219192680442e-01 4.646085388284541295e+01 2.550104067822190138e-02 9.990034117948715098e-01 -3.663168162576097703e-02 2.360164371919503679e-01 -8.637712467594936827e-01 3.572967013339030211e-03 -5.038714922620031178e-01 -2.157306385218497713e+00
-5.016806178355305290e-01 4.182621100168412015e-02 8.640411519383490724e-01 4.729979219578527960e+01 2.065943710334324640e-02 9.991248228855917901e-01 -3.636998641893035566e-02 1.958816880335131627e-01 -8.648061965941542528e-01 -3.955124990527485521e-04 -5.021056656332075763e-01 -2.637408024803040263e+00
-5.025040660141915083e-01 3.919471371654173475e-02 8.636859525007551941e-01 4.813303257312943373e+01 1.790315323052561053e-02 9.992294073198992876e-01 -3.492948061852937935e-02 1.414638539940804018e-01 -8.643894683841946147e-01 -2.089503172826790139e-03 -5.028185502415110086e-01 -3.096726525602888191e+00
-5.038871683078525177e-01 3.782857753423075897e-02 8.629407319444067914e-01 4.897555075474782171e+01 1.642475686859104847e-02 9.992795376491245829e-01 -3.421451395279120899e-02 1.052886491441014788e-01 -8.636133169788677844e-01 -3.066661934030767266e-03 -5.041454629782522456e-01 -3.585401831343692614e+00
-5.045128617224136081e-01 3.748898453681150100e-02 8.625898996147293163e-01 4.985563255940563465e+01 1.642158186360271124e-02 9.992928320461119673e-01 -3.382554416413103421e-02 5.259996226320889229e-02 -8.632480039253264126e-01 -2.900330530347252234e-03 -5.047717160378779599e-01 -4.089347294098960361e+00
-5.043961161524732617e-01 3.679637213259157741e-02 8.626879919921803808e-01 5.073592932313574977e+01 1.620100947161292118e-02 9.993190136519150002e-01 -3.315171510123871706e-02 3.431361104346927760e-03 -8.633203910369253720e-01 -2.745179105600736424e-03 -5.046487688718968023e-01 -4.594609416601524998e+00
-5.040894447751733676e-01 3.621204683336919777e-02 8.628919433183586118e-01 5.161991829792577846e+01 1.657807571014936754e-02 9.993422192012663130e-01 -3.225362453559302983e-02 -4.203629839507003196e-02 -8.634923342768214827e-01 -1.953622804362798067e-03 -5.043581916869411819e-01 -5.119923958771405381e+00
-5.050037008621044432e-01 3.567501236191224223e-02 8.623795812381168657e-01 5.248597313969377609e+01 1.623360150721343820e-02 9.993612848639152890e-01 -3.183539643265043823e-02 -9.814071549379219106e-02 -8.629645094465152599e-01 -2.077465634514561246e-03 -5.052602825036078826e-01 -5.621016455426293135e+00
-5.049119183564919622e-01 3.400987123404201895e-02 8.625005912370019567e-01 5.336954572474220981e+01 1.428887283370186903e-02 9.994158815950471286e-01 -3.104389957815486406e-02 -1.464182507793089782e-01 -8.630526027338440986e-01 -3.350272719943460376e-03 -5.051029539517578604e-01 -6.138963966004436834e+00
-5.050830560054425655e-01 3.356835581519883316e-02 8.624176821878615229e-01 5.427301859796013161e+01 1.422529576173593539e-02 9.994313891765519431e-01 -3.057023489742313749e-02 -1.945396525488511941e-01 -8.629535096194931310e-01 -3.172360161497749138e-03 -5.052733813171095267e-01 -6.639372557791825002e+00
-5.045067190285689174e-01 3.269642930689267007e-02 8.627884448003227957e-01 5.514963427648242345e+01 1.274495838433599253e-02 9.994558517510864215e-01 -3.042312297229376669e-02 -2.468649108769314093e-01 -8.633137024113929359e-01 -4.352466235828359592e-03 -5.046489084263963143e-01 -7.145840331524873967e+00
-5.030743330718618900e-01 3.165230822060704358e-02 8.636633217166256316e-01 5.607197811574833679e+01 1.238865542248513731e-02 9.994905400218988545e-01 -2.941396946371793025e-02 -3.006589850852607326e-01 -8.641543548048711276e-01 -4.097784879405740217e-03 -5.032101675888673853e-01 -7.674662606872593607e+00
-5.009677014707748510e-01 2.904064590833333945e-02 8.649786063364651723e-01 5.695922986597391713e+01 1.260046988354636237e-02 9.995756830242586988e-01 -2.626179814871573703e-02 -3.583983409350044447e-01 -8.653742557916691558e-01 -2.257174858564796327e-03 -5.011210593723957052e-01 -8.174958171355550363e+00
-4.982370096015425465e-01 2.801656920576340790e-02 8.665881031483209096e-01 5.785206937090266166e+01 1.342012870354353585e-02 9.996072619267601933e-01 -2.460126063139344774e-02 -4.014276146361162034e-01 -8.669370189364986601e-01 -6.275337179098317312e-04 -4.984173201426585487e-01 -8.689318119361324477e+00
-4.959196933107423155e-01 2.732990863503987483e-02 8.679382007070212124e-01 5.874693393624954041e+01 1.302023329589848018e-02 9.996262762176740813e-01 -2.403708378122807257e-02 -4.645326314043891625e-01 -8.682707778956302302e-01 -6.197044214045077529e-04 -4.960901993351485295e-01 -9.212026734783155035e+00
-4.939146063482110494e-01 2.758431988549166214e-02 8.690727548748766740e-01 5.963122419701687704e+01 1.351348999607028013e-02 9.996194713763291162e-01 -2.404782753614917792e-02 -5.069465384994018553e-01 -8.694054058351650127e-01 -1.333663512181521872e-04 -4.940994193568492565e-01 -9.723584720834965722e+00
-4.932794992270883028e-01 2.779792587545030710e-02 8.694265910832612576e-01 6.050063392872493750e+01 1.342898587205984887e-02 9.996135080384861427e-01 -2.434125841610758345e-02 -5.506026357793779580e-01 -8.697672162501988158e-01 -3.315254143387922747e-04 -4.934621498434058617e-01 -1.019221789204942219e+01
-4.942851801152345348e-01 2.884840850401705972e-02 8.688209921418564852e-01 6.139434775719562509e+01 1.253007433965830884e-02 9.995818062390235959e-01 -2.606165477964045296e-02 -5.991115055607925122e-01 -8.692095089341412839e-01 -1.995497184644033726e-03 -4.944399470627869886e-01 -1.069815444723795395e+01
-4.962587019051482584e-01 3.087878017603393546e-02 8.676253731273516623e-01 6.229157482768503939e+01 1.164072425091979696e-02 9.995141042139276122e-01 -2.891451182086894264e-02 -6.483129595405925372e-01 -8.680966574950176318e-01 -4.249289480922718160e-03 -4.963770244796506526e-01 -1.119797484629918571e+01
-5.006364289325931916e-01 3.170192444941222210e-02 8.650769563809445062e-01 6.316980125163232174e+01 1.047023522835104081e-02 9.994778524040462964e-01 -3.056790321523723819e-02 -6.991701377492965941e-01 -8.655943348670203097e-01 -6.245845802644443834e-03 -5.007069506486994115e-01 -1.168692503694781415e+01
-5.055547681737861954e-01 3.048087367010372459e-02 8.622559244487421060e-01 6.402775785674170095e+01 1.071717515212342216e-02 9.995205182235129548e-01 -2.904954020266527215e-02 -7.364327480245276281e-01 -8.627279587433452912e-01 -5.445184909298315078e-03 -5.056390339510175025e-01 -1.221152347489773682e+01
-5.110139561143375309e-01 2.805307714095207905e-02 8.591145139840773437e-01 6.491250128081543380e+01 1.345130280250524113e-02 9.996058992291572132e-01 -2.463957497420106099e-02 -8.051782537659669670e-01 -8.594671670686946374e-01 -1.034956289959534101e-03 -5.111899167646657416e-01 -1.272347573337240512e+01
-5.165507795741891561e-01 2.583319265089425651e-02 8.558667682468059645e-01 6.575997536340894101e+01 1.075515413577095639e-02 9.996616811289620319e-01 -2.368227021311665112e-02 -8.471186541503604728e-01 -8.561890158378161475e-01 -3.028115222749842936e-03 -5.166538618706756347e-01 -1.321906645386704682e+01
-5.216602514732152640e-01 2.810626032149693421e-02 8.526902174678246960e-01 6.658197800579101511e+01 1.199031226321823837e-02 9.996000175207950811e-01 -2.561322631322783885e-02 -8.997548727599862239e-01 -8.530690630938226882e-01 -3.137379207577702892e-03 -5.217886005503916680e-01 -1.372844334621391127e+01
-5.264408623109094743e-01 3.075128677904725646e-02 8.496554382451403375e-01 6.743196064354562225e+01 1.222075135503916318e-02 9.995161367221978566e-01 -2.860324535549978522e-02 -9.480114140700378611e-01 -8.501239224948222706e-01 -4.674488419014609548e-03 -5.265619419352881581e-01 -1.427512531687450092e+01
-5.318827742042543383e-01 3.078808964023566769e-02 8.462581137135415377e-01 6.826949692538921965e+01 1.116798243168348227e-02 9.995069725883506395e-01 -2.934429917088409237e-02 -9.881841356062662785e-01 -8.467443548339429471e-01 -6.156730637100672580e-03 -5.319643834521700088e-01 -1.477910175763305389e+01
-5.353917959047341801e-01 3.127414911353216392e-02 8.440246083635717378e-01 6.908709413878455052e+01 1.020706103153012738e-02 9.994808257102261173e-01 -3.055969440418966621e-02 -1.036735203767010782e+00 -8.445421555415945081e-01 -7.746398129939186840e-03 -5.354330525860766521e-01 -1.529532763780505888e+01
-5.387189401748347928e-01 3.039531762088628838e-02 8.419370613473922127e-01 6.991561770788730712e+01 1.043269735267385832e-02 9.995130268204618362e-01 -2.940863855298789936e-02 -1.088008620415774619e+00 -8.424209600681269450e-01 -7.059315187149880697e-03 -5.387737048343543833e-01 -1.580730123013480437e+01
-5.409622765528531163e-01 2.380022833506226232e-02 8.407100282595890706e-01 7.075097390532125985e+01 1.145381577631156972e-02 9.997152995054927604e-01 -2.093155557339309789e-02 -1.142929399321283901e+00 -8.409688680594742394e-01 -1.693843261864854451e-03 -5.410808689388012516e-01 -1.636867322410884285e+01
-5.430202228610416793e-01 1.574289598302165000e-02 8.395720254724173826e-01 7.156098115275190708e+01 1.252164769865392845e-02 9.998648860957930484e-01 -1.064978265855986463e-02 -1.170132918195418981e+00 -8.396262605800287604e-01 4.729778739551250555e-03 -5.431439814565843793e-01 -1.687850273191080674e+01
-5.452327855400391776e-01 1.293045198694179124e-02 8.381849439035748972e-01 7.237329262948890118e+01 1.272072928380277995e-02 9.998935220959103143e-01 -7.150349348681302002e-03 -1.202893826906658914e+00 -8.381881674946003447e-01 6.763719859375607636e-03 -5.453392162535598553e-01 -1.739753602260050869e+01
-5.460421238158689183e-01 1.777319969333151714e-02 8.375691610932988196e-01 7.317463095543432416e+01 1.253346705478666084e-02 9.998363504730947149e-01 -1.304547642931195781e-02 -1.239023568423748056e+00 -8.376639676599830775e-01 3.374266787246633665e-03 -5.461755252714368680e-01 -1.790415355115472806e+01
-5.479859851908462920e-01 2.329744798359148841e-02 8.361630081613804499e-01 7.395565281842634420e+01 1.320231836555715681e-02 9.997284441789430209e-01 -1.920251719466435289e-02 -1.283172299165117547e+00 -8.363833273557623738e-01 5.165808612839257888e-04 -5.481447579085414468e-01 -1.841903557606634934e+01
-5.481151490426364736e-01 2.853879610286918014e-02 8.359158497013758904e-01 7.476373020430978045e+01 1.970595320462950606e-02 9.995809211321100562e-01 -2.120512870569007946e-02 -1.313625382776312911e+00 -8.361707183587683279e-01 4.849667297297221777e-03 -5.484478309238124405e-01 -1.895112199001857789e+01
-5.476734784977956849e-01 2.888455018837567459e-02 8.361934172055639491e-01 7.558371206400140352e+01 2.240190270140049456e-02 9.995518650967190055e-01 -1.985506735313117069e-02 -1.364325898980807805e+00 -8.363922089261285331e-01 7.858230757325444446e-03 -5.480751169566887571e-01 -1.947413171752715755e+01
-5.473813244096004116e-01 2.638767835596803751e-02 8.364671920506927538e-01 7.633651032778185197e+01 2.213145574855545500e-02 9.996096460857996080e-01 -1.705151260440903802e-02 -1.399935355365378387e+00 -8.365906381301805306e-01 9.178558096075697600e-03 -5.477516508803902395e-01 -2.000565981941523219e+01
-5.470522683760942195e-01 2.139958805479236573e-02 8.368248685010191146e-01 7.716086712051846064e+01 2.043535788729942959e-02 9.997166642592753005e-01 -1.220603607900825303e-02 -1.429887117726836632e+00 -8.368489847485769406e-01 1.042347696973495302e-02 -5.473345783345038296e-01 -2.051154623668838894e+01
-5.458601544787393678e-01 1.528923205987015206e-02 8.377367834543824054e-01 7.794148343650812194e+01 1.839763388944276254e-02 9.998111550561270544e-01 -6.259493758287075146e-03 -1.457702607525591221e+00 -8.376742984647235213e-01 1.199556744505828401e-02 -5.460383584206968122e-01 -2.103072090818570672e+01
-5.460066411202008085e-01 8.691731642521511106e-03 8.377357512165541920e-01 7.876156853323742268e+01 1.009633473612043912e-02 9.999418322359583389e-01 -3.794226172650838440e-03 -1.484443445463843991e+00 -8.377200149066661439e-01 6.386388866859232620e-03 -5.460626369443205563e-01 -2.155511385477297637e+01
-5.444564969020488920e-01 3.774529417721256882e-03 8.387805810154272956e-01 7.952932649705871881e+01 1.631614801331772186e-03 9.999927490037326949e-01 -3.440896788271313386e-03 -1.509799386213093175e+00 -8.387875013096107724e-01 -5.048508692068879363e-04 -5.444587088062953217e-01 -2.203329751854490226e+01
-5.432918428508712871e-01 4.133907033124035665e-03 8.395337226480399373e-01 8.031872934383335405e+01 4.749821539119489927e-03 9.999870078728220202e-01 -1.850208811627621986e-03 -1.527983047225603519e+00 -8.395304784490291716e-01 2.982432967368843588e-03 -5.433044208342778791e-01 -2.252830432241695036e+01
-5.393590551306588488e-01 7.180173473693196411e-03 8.420452730395063812e-01 8.114610221704086257e+01 9.424970649040086829e-03 9.999524846790077692e-01 -2.489637776715550223e-03 -1.563331346456313442e+00 -8.420231536038865761e-01 6.593444301280415934e-03 -5.394011014196865572e-01 -2.306724384508522263e+01
-5.340097240759307251e-01 1.018818849635811513e-02 8.454169399801828577e-01 8.194039472479666131e+01 1.079327974741739297e-02 9.999280598509788787e-01 -5.232610887145344551e-03 -1.579739123647213805e+00 -8.454094460285441759e-01 6.330557435000169243e-03 -5.340812724937865630e-01 -2.353562623933517628e+01
-5.268337573114399985e-01 1.177836923002565511e-02 8.498867271867357465e-01 8.269973196216066924e+01 1.540188595635335125e-02 9.998720966581803316e-01 -4.309548402667061004e-03 -1.605704653961691708e+00 -8.498287980096426164e-01 1.081944390875768866e-02 -5.269477838079696941e-01 -2.400952464387414764e+01
-5.179557959564553560e-01 1.424318130993026781e-02 8.552887886219703306e-01 8.353004109785656794e+01 2.202195840018711381e-02 9.997519991781642634e-01 -3.312619986793618326e-03 -1.645258143805514717e+00 -8.551238733666148839e-01 1.711934449945030218e-02 -5.181410064427867113e-01 -2.452642310579111395e+01
-5.091124504378740090e-01 1.458791922224574739e-02 8.605763719698199532e-01 8.429297162946704702e+01 2.181361788726120590e-02 9.997538824720300088e-01 -4.042341012026036927e-03 -1.653519569744735129e+00 -8.604235532961369559e-01 1.671427910105805631e-02 -5.093053654463751689e-01 -2.498047407842737755e+01
-4.967789564052428886e-01 1.182670261389429274e-02 8.677965106757616898e-01 8.514655841697064886e+01 1.773313702832216357e-02 9.998367178564967483e-01 -3.474686656655474187e-03 -1.681696241113068258e+00 -8.676959241220828511e-01 1.366260430295015808e-02 -4.969075670308115700e-01 -2.545033505688530084e+01
-4.856928848426040335e-01 8.909842956839142056e-03 8.740841049305906330e-01 8.595234982678820757e+01 1.897912772788582988e-02 9.998198173003297606e-01 3.544177901727909056e-04 -1.703577810435857431e+00 -8.739234674354506849e-01 1.676149318402452015e-02 -4.857744736639987293e-01 -2.590208336908731468e+01
-4.744555809665895740e-01 7.491580011215688388e-03 8.802475583156283978e-01 8.672234285605027537e+01 1.831020261555213122e-02 9.998314293319217061e-01 1.359915013005341547e-03 -1.735514824592452099e+00 -8.800890017368073748e-01 1.676273153037648525e-02 -4.745127752578826574e-01 -2.630477193908341960e+01
-4.629209366166315842e-01 6.214635831347962297e-03 8.863777809531169227e-01 8.754500526007007011e+01 1.773679227303849928e-02 9.998401520957019839e-01 2.253092626044000436e-03 -1.742084967347016899e+00 -8.862221085307783186e-01 1.676450344851880547e-02 -4.629571686260021690e-01 -2.672507117804555321e+01
-4.496550820654995340e-01 8.019646240683723018e-03 8.931662656384856680e-01 8.842797010908067534e+01 2.062587365800144443e-02 9.997862741237392159e-01 1.406902498016061138e-03 -1.761543577958004647e+00 -8.929641055124900584e-01 1.905495655705973651e-02 -4.497243926051937013e-01 -2.715122355318840874e+01
