1.000000000000000000e+00 -3.306050084167601550e-19 -2.270457535318767223e-19 -8.673617379884035472e-19 7.546676715296109287e-19 1.000000000000000000e+00 6.237773588823049983e-19 1.387778780781445676e-17 -3.447385680526250622e-20 4.770700176052009879e-20 1.000000000000000222e+00 5.551115123125782702e-17
9.730927503879223117e-01 1.157037399210454100e-02 -2.301459378066666728e-01 -7.314062618955400552e+00 -1.158682513013163835e-02 9.999320481402178551e-01 1.280586671531989962e-03 -6.389840571250396395e-02 2.301451350704583620e-01 1.420073777462482626e-03 9.731605518899509866e-01 3.828441178064039718e+00
9.250907326731366842e-01 2.022534771076918425e-02 -3.792683585828336978e-01 -1.454508550537867784e+01 -1.834236491776498543e-02 9.997950717766871387e-01 8.577727902991239342e-03 -1.126088632812923956e-01 3.793640972018370028e-01 -9.816176890008944823e-04 9.252719332821099929e-01 5.873210816633656961e+00
8.712732099441181655e-01 1.811473208824208175e-02 -4.903697493433976651e-01 -2.157611527502360005e+01 -4.149029684136514191e-03 9.995549248688880839e-01 2.954553974365725991e-02 6.840051966746157897e-02 4.906865633582140340e-01 -2.370697270737345819e-02 8.709604909041570586e-01 7.162657898666144440e+00
9.371574458072517988e-01 -5.946065464975513332e-04 -3.488636938896070294e-01 -2.810983583395708862e+01 2.354174954555373137e-02 9.978275522811189679e-01 6.153392028359024740e-02 2.091991227941450981e-01 3.480692227154286722e-01 -6.587988812064014821e-02 9.351352292485132223e-01 7.416742995131966332e+00
9.443406628925551383e-01 7.379900844214642638e-03 -3.289270129755684224e-01 -3.407748320450925661e+01 1.399382017023444343e-02 9.979422047465839052e-01 6.257951452741609966e-02 1.831567621548458313e-01 3.287119015067248018e-01 -6.370005405626491535e-02 9.422942874740815045e-01 9.324844281208381602e+00
9.997026320833387603e-01 -2.378480766578330505e-02 5.392446360033581465e-03 -3.946610916357283116e+01 2.323195050690123747e-02 9.960075446884198991e-01 8.619593646143217103e-02 3.151434997408127381e-01 -7.420516920198823654e-03 -8.604505725188432708e-02 9.962637597860114491e-01 1.119561164008931087e+01
8.613093543786689565e-01 5.264931203797057827e-03 5.080477607057498624e-01 -4.320830828012145020e+01 -4.753494120896283037e-02 9.963954346983676658e-01 7.025156371540546008e-02 5.161098122191817295e-01 -5.058469430114979071e-01 -8.465540394412283953e-02 8.584549122703147850e-01 1.479721867154797010e+01
5.324605105658324344e-01 -1.244745652253486691e-02 8.465296266684144699e-01 -4.529920209442408918e+01 -7.963162063986969907e-02 9.947196089795508067e-01 6.470146089195949468e-02 8.668377320650063611e-01 -8.428646100447588774e-01 -1.018627039986040733e-01 5.286593594241908445e-01 1.954187676801293350e+01
1.215011857924627459e-01 -1.407605930226416696e-02 9.924986231462654684e-01 -4.550675166463933863e+01 -9.562178147590311150e-02 9.950825057762775483e-01 2.580999483024237762e-02 1.293657507092681902e+00 -9.879815896208141712e-01 -9.803857022165486657e-02 1.195580199047247549e-01 2.450863781781147921e+01
-1.178561905391363601e-01 -2.329196615861340788e-02 9.927866318178310001e-01 -4.444333067569795048e+01 -9.433126993459588217e-02 9.954675119538743955e-01 1.217711353632176460e-02 1.730418781312460963e+00 -9.885707583256357900e-01 -9.221005663266929053e-02 -1.195200430405428393e-01 2.927864310611610321e+01
-5.227430358480915640e-01 -2.507997237171709359e-02 8.517469844944277613e-01 -4.246391761391309672e+01 -8.637992484076922883e-02 9.959787269606340532e-01 -2.373128321345954403e-02 2.055026392019670300e+00 -8.477262757362975520e-01 -8.598871082193126902e-02 -5.228064303817990810e-01 3.344299478031572193e+01
-7.446960416985460851e-01 -2.750018084085410069e-02 6.657847481734031625e-01 -3.938583874377599869e+01 -7.592187391210220015e-02 9.961493754877130957e-01 -4.383520235745331367e-02 2.382331729976108647e+00 -6.620143315633697512e-01 -8.321218926039439245e-02 -7.439147171319100416e-01 3.602844499736793438e+01
-8.746797475351685280e-01 -2.602950452268623649e-02 4.831159716932881265e-01 -3.613111121259174041e+01 -6.013077605545543575e-02 9.966630972119359111e-01 -5.518268201134771123e-02 2.543296429698492567e+00 -4.800662969489131182e-01 -7.736069278340462763e-02 -8.733253482538853030e-01 3.788270909565411415e+01
-9.921095822301507772e-01 -2.026043076122720568e-02 1.252423681619533047e-01 -3.332614483018334539e+01 -2.915761190130970390e-02 9.971414838063612507e-01 -6.970066729746243750e-02 2.734574706445758618e+00 -1.234726119496409730e-01 -7.279834571594372139e-02 -9.898649632713094615e-01 3.873438532967992387e+01
-9.757848092152578978e-01 -2.982918608055790816e-03 -2.223041451494801868e-01 -3.050587454835463319e+01 1.263316562094451284e-02 9.975521252286867480e-01 -6.879264898295928132e-02 2.686291960246141919e+00 2.219650613710071885e-01 -6.987479526928593032e-02 -9.733605362473463085e-01 3.867731937787965535e+01
-9.655911734010869107e-01 1.591647180884992385e-03 -2.617295938614615514e-01 -2.861065519922733813e+01 2.073397063522606706e-02 9.973050537743363142e-01 -7.036338060704744324e-02 2.660788140772241572e+00 2.609121647807089439e-01 -7.337731914968262381e-02 -9.630233419668774442e-01 3.749912040266771385e+01
-8.211165497192797202e-01 1.119599220989719521e-02 -5.705230031074169927e-01 -2.784034483722216891e+01 5.287141176892592304e-02 9.970012056714185888e-01 -5.652132747518052308e-02 2.550069900189580352e+00 5.681789695128494078e-01 -7.655839774974462775e-02 -8.192463436123562648e-01 3.665518632583629000e+01
-8.945695981496305516e-01 1.097639807626718186e-02 -4.487614597445395703e-01 -2.823719587031049727e+01 4.306323802000448092e-02 9.971862666546746912e-01 -6.136443340716531136e-02 2.501496162854931260e+00 4.468257294916611055e-01 -7.419030786513629294e-02 -8.925277598327114870e-01 3.588173395540476918e+01
-7.943131179441744738e-01 1.151049375716923888e-02 -6.071126874078550673e-01 -2.914942198182666289e+01 5.203623192768259270e-02 9.974319770838179222e-01 -4.916974452732598283e-02 2.472233127136826969e+00 6.049874536918755652e-01 -7.071589152023199931e-02 -7.928716524517162023e-01 3.554409085404611801e+01
-8.171135681944089457e-01 1.193564988824659390e-02 -5.763502358869823095e-01 -2.897539975822691005e+01 5.040689598086213474e-02 9.974362326069068363e-01 -5.078647994551434286e-02 2.457051353007106531e+00 5.742662176067525603e-01 -7.056883981701647657e-02 -8.156204992856973535e-01 3.519976646698624023e+01
-7.329448805735289119e-01 1.374734281083377606e-02 -6.800232141271734809e-01 -2.987471916830710228e+01 5.666860761797366808e-02 9.975522492000382657e-01 -4.094802036170389070e-02 2.433826936676174668e+00 6.777962052541466331e-01 -6.855756447754737803e-02 -7.319293009423358809e-01 3.495521395759563177e+01
-7.606795609847077921e-01 1.500716131203371460e-02 -6.491986493874781772e-01 -2.965428489685603708e+01 5.587893578871631212e-02 9.975356526625239750e-01 -4.240285392499289902e-02 2.408323624560248621e+00 6.469626075435803703e-01 -6.856435981663092094e-02 -7.596436626311856566e-01 3.451450940703861647e+01
-6.730441601185331857e-01 1.433886406050002317e-02 -7.397532099456740617e-01 -3.059891024728154463e+01 5.911445786489012699e-02 9.976577454004288414e-01 -3.443091531448571468e-02 2.397779023144697597e+00 7.375270031757495959e-01 -6.688616853293036235e-02 -6.723157904630174819e-01 3.444344658988369900e+01
-7.144871375697013915e-01 1.581308053628352125e-02 -6.995766452749302422e-01 -3.046042496499559604e+01 5.990379685683802635e-02 9.974555919273887516e-01 -3.864484020389052921e-02 2.354034013025811056e+00 6.971859755851831375e-01 -6.951528223126071659e-02 -7.136164832082427800e-01 3.381812665803569473e+01
-6.158233616952896172e-01 1.490174108325052933e-02 -7.876592202351757610e-01 -3.136890040153175363e+01 6.712596718534986906e-02 9.971756001054372653e-01 -3.364322191964802533e-02 2.368678924009672837e+00 7.849335953856915182e-01 -7.362410180694931028e-02 -6.150833890372841006e-01 3.399694708238912000e+01
-6.835485690288816141e-01 1.592572682460574596e-02 -7.291277654977299516e-01 -3.118555616580622214e+01 6.656102628684557043e-02 9.969525804738981201e-01 -4.067430282236098038e-02 2.317985401413916069e+00 7.262577450065620388e-01 -7.634087581536817824e-02 -6.825243112611482088e-01 3.329862516154145879e+01
-5.720374987726082328e-01 1.318608431445536348e-02 -8.202790421332950555e-01 -3.217398088817370905e+01 7.417907006295217098e-02 9.966062796234241850e-01 -3.568504565180149329e-02 2.333672511941623284e+00 8.170248741533231440e-01 -8.126742119714942814e-02 -5.710748519415140834e-01 3.354932493419820361e+01
-6.444144240223785847e-01 1.578528227526105124e-02 -7.646808558059129401e-01 -3.208652922984037303e+01 7.272208180650277520e-02 9.965245015654272676e-01 -4.069482527870392496e-02 2.281631981869384873e+00 7.613810473411971591e-01 -8.175866878898713219e-02 -6.433242456147956201e-01 3.279079006990858147e+01
-5.492833651097821512e-01 1.472416670082850147e-02 -8.356287926633816365e-01 -3.318400387135149998e+01 7.804571255039628730e-02 9.963826404555214955e-01 -3.368689818429587007e-02 2.298045702927695277e+00 8.321094377102845607e-01 -8.369516783645206126e-02 -5.484476158570613658e-01 3.296530495305206898e+01
-5.482524233835671668e-01 1.789292636027425484e-02 -8.360155715992865222e-01 -3.331438203337066994e+01 8.155970171606617691e-02 9.961483304948268724e-01 -3.217389784696633032e-02 2.243989444176456960e+00 8.322197760461464977e-01 -8.584317513773420671e-02 -5.475995170546494872e-01 3.224265066125998658e+01
-5.237428988450477663e-01 1.836998052021069847e-02 -8.512346905959377041e-01 -3.438750080804472731e+01 8.007628033987233829e-02 9.964012153891056434e-01 -2.777778459780284870e-02 2.234588132012456985e+00 8.476599574734268172e-01 -8.273779583765572543e-02 -5.233286423001308751e-01 3.222263600339456247e+01
-5.162776330241028999e-01 2.022026910171762296e-02 -8.555509699575131188e-01 -3.449767719272894340e+01 8.029467432733763954e-02 9.964547258500519034e-01 -2.498938412649935603e-02 2.195126492310814470e+00 8.520120432802192889e-01 -8.165359827301589546e-02 -5.160680296774504683e-01 3.151288902916625645e+01
-5.054783970687586336e-01 2.142518880981207283e-02 -8.626986777571129528e-01 -3.570092960132883064e+01 7.997183495773367568e-02 9.965519551958083033e-01 -2.210571465810731023e-02 2.186251108596300785e+00 8.592507744321965513e-01 -8.016362021162966311e-02 -5.054488871446887188e-01 3.149292194390768529e+01
-4.999126224214361369e-01 2.278501948677234476e-02 -8.657629751140427654e-01 -3.588776699717289631e+01 7.869379000516438238e-02 9.967149099924333955e-01 -1.921511917980359488e-02 2.154052387113576383e+00 8.624814171803049101e-01 -7.769244488256779602e-02 -5.000640325470411263e-01 3.081770566261652178e+01
-4.869446525732100128e-01 2.431932435782347898e-02 -8.732311920547866091e-01 -3.707346864115215368e+01 7.964786172514644325e-02 9.966858965441330875e-01 -1.664210906739960541e-02 2.145870926088929931e+00 8.699331901065614492e-01 -7.760475707001648904e-02 -4.872688027744813133e-01 3.070965430352854852e+01
-4.819760047388897961e-01 2.612737201365950349e-02 -8.757153608720831262e-01 -3.723908555029136380e+01 7.879290159050161835e-02 9.967987677885986608e-01 -1.362554577463477232e-02 2.114236756328685907e+00 8.725559537023098722e-01 -7.554626474269894587e-02 -4.824921606422534204e-01 3.017182047217520946e+01
-4.677544880079586576e-01 2.841538433611864173e-02 -8.835054913442592639e-01 -3.851374221103671402e+01 7.968097543083557666e-02 9.967695616081896359e-01 -1.009474056944408699e-02 2.099720902236716036e+00 8.803643059149562911e-01 -7.513871187174231414e-02 -4.685079847006185516e-01 2.992066928131706760e+01
-4.666848877022320985e-01 3.161019977339785125e-02 -8.842372115694377976e-01 -3.871979677450588753e+01 7.644201173577093444e-02 9.970655681564696282e-01 -4.627601469667600234e-03 2.089916304202836361e+00 8.814965161377545932e-01 -6.973014725487906851e-02 -4.677331887607408811e-01 2.952474492194251354e+01
-4.463652084287921817e-01 3.516654500775233394e-02 -8.940667237785828725e-01 -3.999618140230501240e+01 7.830967571676993033e-02 9.969276238687811986e-01 7.873978049041277071e-05 2.071115430336702090e+00 8.913226680249531908e-01 -6.999271666392668789e-02 -4.477469363998431429e-01 2.922608681735764691e+01
-4.433300719662504608e-01 3.824412344447688378e-02 -8.954409480999735438e-01 -4.019552613811392661e+01 7.724926046005842206e-02 9.970013348820784271e-01 4.306967090701037913e-03 2.059055025638782510e+00 8.929205009000955595e-01 -6.727555951462152461e-02 -4.449544770080826050e-01 2.884162863837588375e+01
-4.192546827122468622e-01 3.801747244545129745e-02 -9.070380734191889616e-01 -4.146609171769296864e+01 7.867101797069842029e-02 9.968869712451069454e-01 5.441152027046757510e-03 2.041294708384734147e+00 9.044215370503209117e-01 -6.905871394286272613e-02 -4.209410353475879218e-01 2.851152332412346269e+01
-4.173781363196449878e-01 3.789678019452851626e-02 -9.082172528449058424e-01 -4.169628925124646202e+01 7.745471892133755365e-02 9.969780732463106032e-01 6.019173551081459170e-03 2.041128547137565086e+00 9.057016254531169430e-01 -6.781442657200736912e-02 -4.190523228290704005e-01 2.813803450332084921e+01
-3.926796172070751711e-01 3.694581702464450751e-02 -9.187686952216271852e-01 -4.298888682674260764e+01 7.962425185547103434e-02 9.968058509651303023e-01 6.041400798572665182e-03 2.022299117637049726e+00 9.160564756521419882e-01 -7.081283505849501891e-02 -3.943667599573959515e-01 2.786782883449712145e+01
-3.776445690425643820e-01 3.559602626726328378e-02 -9.251534837468204930e-01 -4.323804253336328429e+01 7.637254281989815097e-02 9.970512391574231081e-01 7.142268194719790866e-03 2.022870122543396043e+00 9.226789453900615667e-01 -6.800529871599321485e-02 -3.792483208392697924e-01 2.749020346737609088e+01
-3.504925891513717695e-01 3.288981825009848481e-02 -9.358302991647122759e-01 -4.452845256359179871e+01 7.457040520560394292e-02 9.971907012428896655e-01 7.115931274786425204e-03 2.002135442170241753e+00 9.334353383871921706e-01 -6.728417357315706615e-02 -3.519608922810320562e-01 2.726532420210249086e+01
-3.267615136931736886e-01 3.356406252096103687e-02 -9.446992021129765327e-01 -4.479076567062824665e+01 7.093376406978066373e-02 9.974217855171848557e-01 1.094121333465431119e-02 1.999208693045631424e+00 9.426305143731185110e-01 -6.345444958145494974e-02 -3.283001627332060579e-01 2.690767767016749445e+01
-2.901018250849116131e-01 3.163680349599603397e-02 -9.563411889133003330e-01 -4.614782763519656328e+01 7.136269051727338331e-02 9.973844507581406393e-01 1.130678061264707782e-02 1.988648652369263248e+00 9.541969795858121772e-01 -6.499701658092095491e-02 -2.915997138003652567e-01 2.674370651911343444e+01
-2.589656979835437967e-01 3.317864573389678329e-02 -9.653317667162963911e-01 -4.644778571026367331e+01 6.855072333000818141e-02 9.975212721720593256e-01 1.589651323215525089e-02 1.993140559450463423e+00 9.634669517624558921e-01 -6.204316606602669482e-02 -2.605984149077384959e-01 2.647827000552030086e+01
-2.296973429325654403e-01 3.091378713536526573e-02 -9.726038025170821166e-01 -4.743503406048802162e+01 7.058055607624399985e-02 9.973925275138548763e-01 1.500956038734073753e-02 1.993806411289524183e+00 9.705317719815812483e-01 -6.520155371184829796e-02 -2.312801291871167120e-01 2.629963536523485601e+01
-1.920178775266498938e-01 2.934877653216899293e-02 -9.808912769542922350e-01 -4.856578389863522460e+01 7.150334652576179062e-02 9.973139399428154750e-01 1.581954790892269730e-02 1.981993223912784430e+00 9.787208391065258528e-01 -6.710797302340767989e-02 -1.936001022520953685e-01 2.616687602643320076e+01
-1.671157889071851477e-01 2.688392385051391678e-02 -9.855400595471978109e-01 -4.909387479176835711e+01 6.906567656784839970e-02 9.974916626546062037e-01 1.548161923724640163e-02 1.993196876206300150e+00 9.834846654426641077e-01 -6.546667932442111482e-02 -1.685532715945965987e-01 2.600601920206237239e+01
-1.351789976031728402e-01 2.413884940171782609e-02 -9.905598717905068629e-01 -4.999757800683556042e+01 7.358068616689503183e-02 9.971877873472163589e-01 1.429541401478878586e-02 1.988398148402255483e+00 9.881191127316231171e-01 -7.096992544309144169e-02 -1.365754699369908232e-01 2.591231660041605167e+01
-1.022755335922972547e-01 1.934595888461156446e-02 -9.945802965556723718e-01 -5.101366324512409989e+01 7.913106992010415786e-02 9.968009218347863021e-01 1.126497141046940882e-02 1.985224343365823430e+00 9.916164705160279702e-01 -7.755568469134070664e-02 -1.034793946759758471e-01 2.583860594532730559e+01
-7.191143504255854968e-02 1.545995441241832836e-02 -9.972662714068533107e-01 -5.176241616833805637e+01 8.604772789333051120e-02 9.962474782449936006e-01 9.224304085371894460e-03 1.981516521284791166e+00 9.936667951170681246e-01 -8.515419489096562322e-02 -7.297118475392959380e-02 2.577261876479017744e+01
-4.219064173366093851e-02 1.163015445918823970e-02 -9.990150317819107562e-01 -5.258134676680467123e+01 9.088766294797774592e-02 9.958304455637890795e-01 7.743760150039213398e-03 1.970335330168766053e+00 9.949396009678679320e-01 -9.047597001492202473e-02 -4.307129457924879778e-02 2.577037743111253576e+01
-1.568517468755584177e-02 8.751017123524291313e-03 -9.998418680530621883e-01 -5.352187233086426943e+01 1.012112786633404399e-01 9.948398416598579486e-01 7.105174458737509476e-03 1.977866437859798543e+00 9.947451152226788329e-01 -1.010592889811989942e-01 -1.649035708322386246e-02 2.578398394444527142e+01
1.388133989651529551e-02 5.036956197487531522e-04 -9.998971092898439883e-01 -5.436410967492270174e+01 1.075813617320112020e-01 9.941952167750560676e-01 2.010555063940781730e-03 1.956728858737742938e+00 9.940939373037350757e-01 -1.075976842269935480e-01 1.374559878169347160e-02 2.580326292503847796e+01
3.847572838244529142e-02 -1.360887903829164670e-02 -9.991491395376345119e-01 -5.516606243505871987e+01 1.119728601058895406e-01 9.936700853571156511e-01 -9.193638568832609992e-03 1.934928268595705658e+00 9.929498394876103973e-01 -1.115266489367470332e-01 3.975425597403159372e-02 2.585973417794254203e+01
6.444397790731862252e-02 -3.036956102274206842e-02 -9.974374553249584219e-01 -5.604796829815617087e+01 1.128801010649798237e-01 9.933438909574615616e-01 -2.291470808496071446e-02 1.911346091326277419e+00 9.914952794935016911e-01 -1.111436191535433715e-01 6.744262229656636243e-02 2.591643819019126838e+01
9.189253933080368530e-02 -4.560179976670806351e-02 -9.946897776298595506e-01 -5.688354341447887919e+01 1.124427584167313338e-01 9.930373734086744841e-01 -3.512644424024188167e-02 1.888377197871688562e+00 9.893658753955916207e-01 -1.086243119438170257e-01 9.637968296460056039e-02 2.599333042448211728e+01
1.181930643681120829e-01 -5.535535032052012888e-02 -9.914019191032560352e-01 -5.771252278569205174e+01 1.165089850433670277e-01 9.923244162820820113e-01 -4.149014475608596431e-02 1.832106055773856212e+00 9.860884296369744062e-01 -1.105979874080061237e-01 1.237321186277791918e-01 2.609441009043468895e+01
1.442646131157533096e-01 -5.857954149340511424e-02 -9.878266819073823202e-01 -5.855606453426391056e+01 1.195307573882032487e-01 9.919687195257147483e-01 -4.139362653254043123e-02 1.785134919968333955e+00 9.823165494816178400e-01 -1.120755552624258938e-01 1.501074851676368616e-01 2.622646620235272863e+01
1.656559436898513704e-01 -5.867738665524570990e-02 -9.844249011169659003e-01 -5.940065258874887633e+01 1.221657539225605715e-01 9.917613846678853262e-01 -3.852202111919564992e-02 1.749875308412884189e+00 9.785764853309648625e-01 -1.139020663251492926e-01 1.714584815501766502e-01 2.639082268171157253e+01
1.878150024731596313e-01 -5.169324189564321326e-02 -9.807763153986114313e-01 -6.022387657894846313e+01 1.250408730741751073e-01 9.917483971172268431e-01 -2.833976217788262281e-02 1.687365927041304392e+00 9.741463433873693845e-01 -1.172975672512537315e-01 1.927275842057333821e-01 2.655463525346267772e+01
2.085000572851564427e-01 -4.804298376964970252e-02 -9.768905377159629033e-01 -6.103166126986594975e+01 1.315241062271252648e-01 9.910921153045932908e-01 -2.071479581479479526e-02 1.657756479055547683e+00 9.691843335645227153e-01 -1.241814256934287708e-01 2.129679774375254631e-01 2.674092138558823706e+01
2.238026023365282113e-01 -4.781907934801294530e-02 -9.735822039796103722e-01 -6.185998621226998750e+01 1.356093257429164534e-01 9.906037562677364461e-01 -1.752511865858374929e-02 1.624631564870036460e+00 9.652731322702080563e-01 -1.281018137672076118e-01 2.281897640182255216e-01 2.694438049607253660e+01
2.360069499921608471e-01 -5.059860871670485150e-02 -9.705175026539537564e-01 -6.267576344207932948e+01 1.381816425083028932e-01 9.902354439837404154e-01 -1.808764300609862902e-02 1.579924353111931357e+00 9.619567398769036659e-01 -1.298546284418634900e-01 2.407033138221031099e-01 2.714290340851409766e+01
2.466754373393940380e-01 -5.202947652433401182e-02 -9.677417953087722458e-01 -6.345825182642122542e+01 1.397550334865289567e-01 9.900364889842675487e-01 -1.760559008536018155e-02 1.550337800378256192e+00 9.590136654496448365e-01 -1.308296326089383455e-01 2.514805127556232756e-01 2.735717643860718340e+01
2.572203977606983827e-01 -5.446251033933548896e-02 -9.649001478536207710e-01 -6.424245919899500734e+01 1.340470088184438913e-01 9.907656252521970242e-01 -2.020886299005606596e-02 1.526202351279614122e+00 9.570919052987214570e-01 -1.241549704075650407e-01 2.621501640636734187e-01 2.757738963792807141e+01
2.710542782541772167e-01 -5.250174348035507865e-02 -9.611817387985398531e-01 -6.503633678893476144e+01 1.315883860538325234e-01 9.911603294234109240e-01 -1.702980604227512240e-02 1.496668584435458582e+00 9.535791255966457047e-01 -1.218364271599197690e-01 2.755640976809172749e-01 2.779153364649909719e+01
2.806687100631970466e-01 -5.305139728749289768e-02 -9.584335142838107391e-01 -6.582420345260868544e+01 1.338186591530114711e-01 9.908788428442040219e-01 -1.568111261033997700e-02 1.465074631261860327e+00 9.505245885587796373e-01 -1.238606117615834029e-01 2.852120429635707777e-01 2.802693397687464838e+01
2.877317539385709222e-01 -5.454144004363994241e-02 -9.560519996114843488e-01 -6.660221011597047891e+01 1.370610503534628877e-01 9.904469612612408769e-01 -1.524889594244816134e-02 1.441700515629722679e+00 9.477491513345592811e-01 -1.266492283413730990e-01 2.924562757307455629e-01 2.826985168887857824e+01
2.928686688021941431e-01 -5.858431577036947446e-02 -9.543627123180620231e-01 -6.739726846515347347e+01 1.378640368542436989e-01 9.902794193986792504e-01 -1.847377308748471628e-02 1.415268002413613724e+00 9.461684848386296975e-01 -1.261594210808203442e-01 2.980975427786647369e-01 2.851634378217961086e+01
2.913766214246520936e-01 -6.082256348254092004e-02 -9.546590497015122745e-01 -6.822021011015183944e+01 1.379917414615795535e-01 9.902097251123340715e-01 -2.094180073647568252e-02 1.394846624213762931e+00 9.465887849612610871e-01 -1.256718281341225874e-01 2.969191993175824829e-01 2.877300555469735599e+01
2.881688821672694356e-01 -6.043781188255110265e-02 -9.557609936542623696e-01 -6.906037625950359882e+01 1.397850836883439141e-01 9.899686930546327535e-01 -2.048590333546984610e-02 1.368715080720932509e+00 9.474118089258295461e-01 -1.276819867674009734e-01 2.937289072743594631e-01 2.902629738399883408e+01
2.817288190815656068e-01 -5.868671394005599978e-02 -9.576537754182713469e-01 -6.990244159950918856e+01 1.376761917290908743e-01 9.902746422318836617e-01 -2.016788880986078447e-02 1.338500870482307814e+00 9.495232259052961421e-01 -1.261525145566105288e-01 2.870649204728973336e-01 2.926658015784138556e+01
2.726858746164213532e-01 -5.779957710820258360e-02 -9.603613736706347881e-01 -7.078732273706454237e+01 1.362901248037342306e-01 9.904503704127911590e-01 -2.091897408872240086e-02 1.312812971093057612e+00 9.523982382886678755e-01 -1.251583556492776861e-01 2.779566573927389483e-01 2.952000212750498065e+01
2.648808645973367848e-01 -5.754035101508941236e-02 -9.625874954710866849e-01 -7.167744993408342680e+01 1.342366835380576495e-01 9.906967989237832617e-01 -2.229160811448280960e-02 1.283892706369849757e+00 9.549157750497615504e-01 -1.233195500450175869e-01 2.701431116062910087e-01 2.975789563020031281e+01
2.584604331068757754e-01 -5.661646827967806161e-02 -9.643479822632415877e-01 -7.256227293835442538e+01 1.315196536194582211e-01 9.910543130737790030e-01 -2.293057769646478228e-02 1.249013681581518709e+00 9.570170860151800962e-01 -1.208480208458801997e-01 2.635869209851016692e-01 2.998731140348618496e+01
2.527776844176848892e-01 -5.535053273695823839e-02 -9.659163891762613252e-01 -7.350532432274614791e+01 1.273220252626532101e-01 9.915851235833118560e-01 -2.350409673929326759e-02 1.221486753249091173e+00 9.590881745419048698e-01 -1.170193612373325448e-01 2.576952211738081089e-01 3.023285717777824999e+01
2.508852161595371832e-01 -5.301017751995521637e-02 -9.665858920802564702e-01 -7.442647639940399529e+01 1.224491918318071776e-01 9.922164564977362655e-01 -2.262801162402076557e-02 1.192322695095107798e+00 9.602627844143387659e-01 -1.126842853901817432e-01 2.554236786286609995e-01 3.046074978283368040e+01
2.506401554194523928e-01 -5.099594857983873186e-02 -9.667003497692769898e-01 -7.539956060549245365e+01 1.195113325188476433e-01 9.926014223449497464e-01 -2.136861159731866244e-02 1.155157056669726456e+00 9.606385148732813350e-01 -1.101996342862848616e-01 2.548819786111015673e-01 3.070699794304274377e+01
2.521111418876397225e-01 -4.968521104964463558e-02 -9.664277136383330191e-01 -7.636645819684973446e+01 1.174213264500675730e-01 9.928717911853762734e-01 -2.044201394434922228e-02 1.118055070039420951e+00 9.605533989744994283e-01 -1.083101784112677907e-01 2.561489889335912262e-01 3.095625828690983283e+01
2.521777630127930436e-01 -4.881490983701050612e-02 -9.664877627900108070e-01 -7.734398029335758906e+01 1.174978220654122468e-01 9.928831793095489466e-01 -1.948692642480583798e-02 1.083255417992971203e+00 9.605606194290878808e-01 -1.086298342454177640e-01 2.561172030862885474e-01 3.120186681752336710e+01
2.522026415850524561e-01 -4.858483987518494307e-02 -9.665048471510447881e-01 -7.836206018022849662e+01 1.173598809674347293e-01 9.929011932258242634e-01 -1.932036288138085089e-02 1.054097732897206097e+00 9.605818062264808166e-01 -1.085362343214022474e-01 2.561153185933592868e-01 3.147177126267663283e+01
2.529053066395020588e-01 -4.737712207802530218e-02 -9.663931738756870171e-01 -7.935686928287117325e+01 1.173800685107403013e-01 9.929254067947816953e-01 -1.795578322103389898e-02 1.018372080578311412e+00 9.604074172227105022e-01 -1.088815527399471517e-01 2.566763175296141175e-01 3.173364951140521484e+01
2.529644436022531195e-01 -4.652907053987006408e-02 -9.663094721599400083e-01 -8.036272124793180183e+01 1.174963368693547755e-01 9.929272440817350498e-01 -1.702146130610346017e-02 9.782558359022126560e-01 9.602680565185558459e-01 -1.092550578776442932e-01 2.566418673468347511e-01 3.198600146428056235e+01
2.520137127367989005e-01 -4.518766778210071833e-02 -9.666992414862841665e-01 -8.139965793018218676e+01 1.149155019725606047e-01 9.932360476221766543e-01 -1.647659242866776272e-02 9.466184023606624143e-01 9.609061992048923972e-01 -1.069601640302859230e-01 2.555052218740720971e-01 3.224941374746179434e+01
2.533009507330570842e-01 -4.441988031488448146e-02 -9.664234038994595766e-01 -8.239934196392731280e+01 1.146546687696476247e-01 9.932798478487835370e-01 -1.561089801277441326e-02 9.053652314232341070e-01 9.606237856857537949e-01 -1.068750519881721678e-01 2.566954005205613898e-01 3.249720680267732575e+01
2.504298183312524961e-01 -4.342191205435549234e-02 -9.670802764367132376e-01 -8.342834822384909899e+01 1.133375489897375937e-01 9.934400178777906820e-01 -1.522480221016275781e-02 8.738341319030784593e-01 9.613981065012036087e-01 -1.058182202941242572e-01 2.537076224110283995e-01 3.276224603880644537e+01
2.498852628320803460e-01 -4.295552526846134478e-02 -9.673431501953174694e-01 -8.444139900383410691e+01 1.128849433924517670e-01 9.934951647887793058e-01 -1.498097978561235485e-02 8.405230964560244100e-01 9.616936534622450017e-01 -1.054379602986106196e-01 2.531092462320610470e-01 3.303024695314977066e+01
2.458743103389503248e-01 -3.923624943321878111e-02 -9.684362702542037571e-01 -8.546503616927186897e+01 1.135032824539536495e-01 9.934710764740217748e-01 -1.143746769181612326e-02 8.015186771779134745e-01 9.625620444851007429e-01 -1.071217120872518525e-01 2.487233130237591072e-01 3.328468528874851984e+01
2.423204726403891951e-01 -3.744387151753780785e-02 -9.694445376629059474e-01 -8.647354027935396914e+01 1.143716285829501911e-01 9.933925559430257790e-01 -9.753727934323472987e-03 7.773300846346459236e-01 9.634044132971135710e-01 -1.085029237661304241e-01 2.449985209370777739e-01 3.354913868637951424e+01
2.392828313398666640e-01 -3.768010098515141987e-02 -9.702178647318907556e-01 -8.749516014284159837e+01 1.141681499894383056e-01 9.934063973150782934e-01 -1.043415455603427001e-02 7.358243691638211015e-01 9.642136202467950223e-01 -1.082675771802193987e-01 2.420073628415227440e-01 3.380002993559455859e+01
2.380580602493664599e-01 -3.726775424648821888e-02 -9.706796548275079539e-01 -8.850066025645961076e+01 1.148596757185486733e-01 9.933275007341078044e-01 -1.000813950606804954e-02 7.044846298406144403e-01 9.645768907623298860e-01 -1.091162940736607467e-01 2.407553621589591797e-01 3.404540988959887926e+01
2.356049489204039837e-01 -3.790504798908127942e-02 -9.710510371231069193e-01 -8.950154496131834492e+01 1.147569520020111367e-01 9.933340919980752082e-01 -1.091564112846435224e-02 6.765643350493352193e-01 9.649919387612084787e-01 -1.088736286072708448e-01 2.383835768507622244e-01 3.429150645762175742e+01
2.373539416318975748e-01 -3.940609470252320889e-02 -9.707220260523955480e-01 -9.048498661204976656e+01 1.138621857677191013e-01 9.934151158492660061e-01 -1.251927520615195993e-02 6.370762055487948494e-01 9.648238077953080749e-01 -1.075584889608851985e-01 2.402814880920711715e-01 3.453405856509097305e+01
2.397094843568366995e-01 -4.134461649683171536e-02 -9.700448799365919417e-01 -9.148079709259705794e+01 1.125136911308408649e-01 9.935422787637124831e-01 -1.457336856999973292e-02 5.994193247706233185e-01 9.643831054441485140e-01 -1.056366247173809864e-01 2.428150944558212232e-01 3.478808662757968051e+01
2.439781511403634751e-01 -4.232698858274095560e-02 -9.689175004875386632e-01 -9.250074839621105127e+01 1.107923452787873270e-01 9.937216355012131741e-01 -1.551145277654523633e-02 5.684148483570938826e-01 9.634917329183283474e-01 -1.035699234380424855e-01 2.471369556403373025e-01 3.504613389335018780e+01
2.514343499715397390e-01 -4.025180452688939536e-02 -9.671311814965536380e-01 -9.347923361020082211e+01 1.105520173419958924e-01 9.937883331748637028e-01 -1.264224058498612975e-02 5.341709006000013860e-01 9.616331593958679091e-01 -1.037366920722833374e-01 2.543247685881395159e-01 3.529073426907213218e+01
2.564112822371870659e-01 -3.644025320377730637e-02 -9.659942582185541138e-01 -9.445814083935663064e+01 1.134941001915381470e-01 9.935094204257889361e-01 -7.376890948306613453e-03 4.962996916995034424e-01 9.599938640840803838e-01 -1.077380290733669504e-01 2.588852875561403755e-01 3.555685319464367922e+01
2.628022460354521583e-01 -3.556884825496362673e-02 -9.641672525620106349e-01 -9.542957639401072356e+01 1.102631389687284830e-01 9.938828896800230295e-01 -6.599428505847414368e-03 4.694303997246488391e-01 9.585037085992125228e-01 -1.045559606586407703e-01 2.651134451694585614e-01 3.581011323901442722e+01
2.675021364657508838e-01 -3.741071315713161149e-02 -9.627569921199736758e-01 -9.640384965069245027e+01 1.114100275918191718e-01 9.937487563980180738e-01 -7.644050790760430550e-03 4.390526920920536647e-01 9.570235578254222553e-01 -1.051869189911984193e-01 2.699930572647866178e-01 3.607739066898918878e+01
2.734754149248013744e-01 -3.942193360810263697e-02 -9.610632116947169790e-01 -9.736655371498889622e+01 1.113878583712478859e-01 9.937363222345056979e-01 -9.055229736365357288e-03 4.121644027494639206e-01 9.554006243980506241e-01 -1.045744635311679077e-01 2.761526684727121372e-01 3.635804855863439400e+01
2.796625487362728868e-01 -4.039133123585841173e-02 -9.592071754475448575e-01 -9.832669434731946012e+01 1.099259725982163066e-01 9.938915575288741477e-01 -9.777037800230748560e-03 3.807132128889711420e-01 9.537435339126020262e-01 -1.027286824931029213e-01 2.823942107857869144e-01 3.662280598418390554e+01
2.828017503725064885e-01 -4.076170875889189443e-02 -9.582439285627167846e-01 -9.925609916840629410e+01 1.087129157650329886e-01 9.940227129833353326e-01 -1.018426169206978517e-02 3.513704048130684154e-01 9.529309689284974905e-01 -1.012880504183743813e-01 2.855402639028405964e-01 3.689670649383273826e+01
2.865749915420114369e-01 -4.017511314257262572e-02 -9.571528936367716955e-01 -1.002195771622582470e+02 1.082899087313289738e-01 9.940739958994875280e-01 -9.312171131999542537e-03 3.224538197897697245e-01 9.518548154209816037e-01 -1.010046782278392480e-01 2.892296801515034099e-01 3.717527757912049680e+01
2.902222330795269367e-01 -3.126647852225394875e-02 -9.563787553575124889e-01 -1.011708382366411598e+02 1.097792386471620196e-01 9.939568258732418560e-01 8.208067215117102831e-04 2.980555149472153276e-01 9.505730006467674187e-01 -1.052221462892434511e-01 2.918992367549340661e-01 3.746309574308965296e+01
2.921291104774497716e-01 -2.113196707800808413e-02 -9.561169562377965780e-01 -1.021055816479842804e+02 1.093097049825462880e-01 9.939414268967613486e-01 1.143149503361614097e-02 2.770246004999092349e-01 9.500826951650696017e-01 -1.078656089884104941e-01 2.926699401877396745e-01 3.776192550173234963e+01
2.948964437192624910e-01 -1.750579638287768150e-02 -9.553462893844426596e-01 -1.030485099885549403e+02 1.085059531200632393e-01 9.939801479024755748e-01 1.528412144202962591e-02 2.700744178526529593e-01 9.493277232620531692e-01 -1.081482102290183406e-01 2.950184360157437347e-01 3.803713081848709976e+01
2.950285200930116147e-01 -2.407872412958429048e-02 -9.551894253904843479e-01 -1.039848523366568998e+02 1.098686766566970285e-01 9.939086688534638503e-01 8.882820717977590180e-03 2.634995851474346007e-01 9.491571591015557363e-01 -1.075358004686441382e-01 2.958739918835264771e-01 3.833806825250462680e+01
2.965167841621736966e-01 -2.915407263051054271e-02 -9.546246536420175399e-01 -1.049019783348798001e+02 1.100452565091495361e-01 9.939186155912104192e-01 3.812808712100744686e-03 2.466205529909649141e-01 9.487080491076088640e-01 -1.061753307615992403e-01 2.979225256616551687e-01 3.863576105903504043e+01
2.972328614685321724e-01 -3.226496275014133913e-02 -9.542805253786200703e-01 -1.058289792747890345e+02 1.156629852872647635e-01 9.932860321025184236e-01 2.411366816032100690e-03 2.383809784689895905e-01 9.477948817153899475e-01 -1.110619505859922890e-01 2.989684206531927346e-01 3.892792726409227555e+01
2.964411841997670050e-01 -3.152009840206460023e-02 -9.545100683421439136e-01 -1.067579484442981510e+02 1.187886209634861079e-01 9.929113168586710669e-01 4.107842391548620353e-03 2.179207703976728805e-01 9.476144419536689512e-01 -1.146046558715361624e-01 2.980836683274720733e-01 3.921531049410636172e+01
2.953952344778772443e-01 -2.897531227732909678e-02 -9.548738435382407852e-01 -1.076957875704898413e+02 1.188711760100264747e-01 9.928887547821224624e-01 6.657829881000027795e-03 2.083010244148134349e-01 9.478906496715103769e-01 -1.154729594044145852e-01 2.967371191289013277e-01 3.950681801904862311e+01
2.953901056462095442e-01 -2.283995348513052220e-02 -9.551035014695591352e-01 -1.086054775241917696e+02 1.152530277018993660e-01 9.932644312808058817e-01 1.186882495273969274e-02 1.973575420116360779e-01 9.483988716771243332e-01 -1.135763573648581048e-01 2.960336199161701098e-01 3.978718465767313006e+01
2.940588308649981775e-01 -1.649438456802102340e-02 -9.556674742115922605e-01 -1.095349549364339055e+02 1.134039371704374244e-01 9.933892105433053121e-01 1.771514402699090121e-02 1.980038250391067955e-01 9.490574087132706005e-01 -1.135768264948038148e-01 2.939869535276860013e-01 4.006724559106537953e+01
2.941503397375920814e-01 -1.228074872023103906e-02 -9.556456576975453920e-01 -1.104500350123359596e+02 1.048033833823572708e-01 9.943031611923208724e-01 1.950058314307503635e-02 1.863426786332571528e-01 9.499622624788878200e-01 -1.058923609838324231e-01 2.937603180970342343e-01 4.032914743022995907e+01
2.922175390106466208e-01 -8.825231301658301858e-03 -9.563661311704212409e-01 -1.113721067836740843e+02 9.686391995662795018e-02 9.950865315577868131e-01 2.039302379398449244e-02 1.953865188521869967e-01 9.514869489556846416e-01 -9.860619653021075737e-02 2.916387647625299784e-01 4.059673961020065036e+01
2.891152586678259473e-01 -7.634693404816465627e-03 -9.572943654870422758e-01 -1.122972689551657197e+02 9.857026561377479901e-02 9.948922369699818580e-01 2.185954788592238060e-02 1.858949028164020856e-01 9.522385049812576163e-01 -1.006649348492664048e-01 2.883888721505070696e-01 4.087046342983786928e+01
2.874863904381940172e-01 -1.009787978154196540e-02 -9.578252220848413323e-01 -1.132043712072299115e+02 1.040491223717663338e-01 9.943559094889022898e-01 2.077156517517059209e-02 1.913665677575263069e-01 9.522103091450125900e-01 -1.056360613095766454e-01 2.869142208210423428e-01 4.114799507484013930e+01
2.804119918343041529e-01 -1.345921632873536659e-02 -9.598978076290657357e-01 -1.141201734627911577e+02 1.059721037574229280e-01 9.942240417850167766e-01 1.699858896465423000e-02 1.900774237009744128e-01 9.541252225943461784e-01 -1.064537814599682414e-01 2.802179719558592352e-01 4.141793999177528462e+01
2.710360295762365146e-01 -1.257152475787582345e-02 -9.624886447916006782e-01 -1.150324727379472023e+02 1.102258241556561963e-01 9.937425136275847004e-01 1.807209761369697049e-02 1.809626665175024796e-01 9.562389322821142068e-01 -1.109988066598758261e-01 2.707257979216670662e-01 4.166831272763553073e+01
2.620438159666881317e-01 -1.319408818623309457e-02 -9.649872640387814338e-01 -1.159335607791734049e+02 1.179557308783976410e-01 9.928453849867627801e-01 1.842344074162187428e-02 1.802514514869469064e-01 9.578397991465166239e-01 -1.186543082798621890e-01 2.617276799402564746e-01 4.192480054377787013e+01
2.506424294284554377e-01 -1.245260594574916328e-02 -9.679950617134810420e-01 -1.168508700385326335e+02 1.160117766597378586e-01 9.930982572013588028e-01 1.725982967518503025e-02 1.715150148076401426e-01 9.610993621667212050e-01 -1.166158087820207689e-01 2.503565461887894972e-01 4.216184848964951470e+01
2.400260407559127729e-01 -1.039630218384616014e-02 -9.707304474881758294e-01 -1.177696167577511659e+02 1.127276640234797372e-01 9.934759687123136951e-01 1.720514242605626978e-02 1.659368881454404421e-01 9.642184815588830116e-01 -1.135412969566628461e-01 2.396325678060960696e-01 4.236709773164911752e+01
2.251711991672917523e-01 -6.136037140266703202e-03 -9.742845563092229488e-01 -1.186952606395900318e+02 1.143630692348126254e-01 9.932333485436867226e-01 2.017088435692521511e-02 1.732734828358735990e-01 9.675679463739149666e-01 -1.159752970243480424e-01 2.243502275747426000e-01 4.258428041737037972e+01
2.133180865462941389e-01 -4.491444287886304891e-03 -9.769941464386071583e-01 -1.196286519104176591e+02 1.142402355191575736e-01 9.932425976834144965e-01 2.036612118875151881e-02 1.698908959291337561e-01 9.703005385361261892e-01 -1.159697077421876221e-01 2.123915126067630887e-01 4.278069794647212376e+01
2.020455811379905098e-01 -4.002845352582313707e-03 -9.793507305439436150e-01 -1.205483489188904969e+02 1.143362905724760042e-01 9.932462105497883442e-01 1.951256277366508057e-02 1.593593628231592951e-01 9.726574457311312205e-01 -1.159720461036571337e-01 2.011433945791204214e-01 4.295474821562945777e+01
1.882845077113560195e-01 -3.889880518174653433e-03 -9.821301278280984981e-01 -1.214723190464269891e+02 1.184509412015262025e-01 9.927798639680116555e-01 1.876726265556402651e-02 1.573886364525679260e-01 9.749657686418223834e-01 -1.198971275858639329e-01 1.873887286443095823e-01 4.313358050280477585e+01
