1.0 0.0 0.0 0.0 0.0 1.0 0.0 0.0 0.0 0.0 1.0 0.0
0.9731442 -0.23019817 -0.0030786102 3.8499756 0.23021762 0.9730946 0.009864832 7.2302246 0.0007252606 -0.010308739 0.9999466 0.09753418
0.9252257 -0.37947503 -0.0015530753 5.923828 0.3794443 0.9250805 0.017162858 14.407471 -0.005073328 -0.01646917 0.9998516 0.19299316
0.87092763 -0.49088416 0.02062235 7.244385 0.49069253 0.87116957 0.013857905 21.39978 -0.024769219 -0.0019477392 0.9996914 0.06677246
0.9351678 -0.34842727 0.063481316 7.4921875 0.34933603 0.93697524 -0.0034679035 27.980103 -0.05827297 0.025421752 0.9979772 -0.011962891
0.94230455 -0.329115 0.061426222 9.409058 0.3294611 0.94417167 0.0046965447 33.95117 -0.05954189 0.015807372 0.99810094 0.050048828
0.99626654 0.0068856445 0.086057276 11.274414 -0.0048472513 0.99970317 -0.023879457 39.4469 -0.08619613 0.023373164 0.9960042 -0.041992188
0.8585495 0.50482905 0.089626305 14.930176 -0.50742304 0.8616626 0.0073162904 43.353394 -0.07353446 -0.051766127 0.9959476 -0.24084473
0.5289119 0.84146696 0.11163772 19.78955 -0.8460614 0.533239 -0.010863589 45.548462 -0.068644844 -0.08868654 0.9936886 -0.60754395
0.12005323 0.9864781 0.11163061 24.89087 -0.99237084 0.12245026 -0.014847681 45.796997 -0.02830752 -0.10899788 0.9936382 -1.0784912
-0.118963726 0.9871095 0.10734164 29.735352 -0.9928413 -0.11682819 -0.025980033 44.726685 -0.013123852 -0.10966589 0.9938832 -1.5598145
-0.5220403 0.8463497 0.10259932 34.02722 -0.852134 -0.5217383 -0.03193345 42.693115 0.026549416 -0.10413142 0.99420786 -1.9405518
-0.74302644 0.6607245 0.09975701 36.67737 -0.6663725 -0.7437418 -0.037341774 39.549683 0.049602684 -0.09429529 0.99430686 -2.3170166
-0.87239444 0.47892767 0.09328605 38.566284 -0.4838033 -0.87385726 -0.038095746 36.231445 0.06329182 -0.07839787 0.9949097 -2.52063
-0.9888618 0.12258251 0.08662291 39.44812 -0.12603648 -0.99157745 -0.03558907 33.306885 0.081506655 -0.046092328 0.9956062 -2.7458496
-0.97237825 -0.22254205 0.08084814 39.37854 0.22161068 -0.97573316 -0.02043505 30.371704 0.08337142 -0.0019377936 0.9965182 -2.7202148
-0.9620076 -0.26146257 0.08397705 38.193604 0.26105115 -0.96564305 -0.016039127 28.465698 0.08520602 0.0064958455 0.99634117 -2.7028809
-0.8183024 -0.56852144 0.083770104 37.29956 0.57001007 -0.8215168 -0.0072799604 27.59436 0.07297763 0.041812193 0.9964575 -2.588623
-0.89156556 -0.4472234 0.08285434 36.552124 0.44821063 -0.8948836 -0.0072980626 28.03247 0.07729798 0.030616593 0.99653804 -2.5333252
-0.7920147 -0.6052841 0.07746438 36.182007 0.60666126 -0.7947107 -0.0069800876 28.8927 0.0657518 0.04144094 0.9969726 -2.4906006
-0.8147532 -0.5745752 0.077712804 35.845215 0.57588893 -0.8174999 -0.0065387366 28.72937 0.06726518 0.039426066 0.9969552 -2.4750977
-0.7311419 -0.6780375 0.07433052 35.573853 0.6796525 -0.7334021 -0.004719707 29.594849 0.05773239 0.047052532 0.99722207 -2.4398193
-0.7588456 -0.64721227 0.074767336 35.142334 0.6488246 -0.76113874 -0.0034832656 29.385254 0.059117027 0.045837205 0.9971968 -2.4136963
-0.67158395 -0.7377321 0.07179414 35.043335 0.73943925 -0.6735298 -0.0040314235 30.300049 0.051315688 0.050378386 0.99741155 -2.392456
-0.71283823 -0.6974118 0.075016834 34.43225 0.699238 -0.7149885 -0.0026335586 30.17566 0.05547359 0.050566573 0.99717873 -2.347168
-0.6143144 -0.7851355 0.07777728 34.57959 0.7873555 -0.6163826 -0.0033272374 31.054932 0.050554354 0.05916278 0.9969658 -2.354004
-0.681689 -0.72649246 0.081403516 33.904297 0.7287731 -0.68410724 -0.0024719601 30.891724 0.057548143 0.057661477 0.99667597 -2.3026123
-0.5702439 -0.817239 0.084869795 34.119385 0.8199477 -0.5726434 -0.0049112 31.849731 0.05258244 0.06677721 0.9963812 -2.3103027
-0.6424545 -0.76161563 0.08628131 33.385498 0.764325 -0.64502484 -0.0025344808 31.781616 0.0576093 0.06436843 0.9962652 -2.2557373
-0.5476143 -0.8323158 0.08703094 33.53003 0.83532405 -0.54993474 -0.0032924805 32.85559 0.050567098 0.070929915 0.9962007 -2.262085
-0.5467615 -0.8324203 0.08917701 32.80786 0.83574384 -0.5489582 -0.00012050856 32.98694 0.049056914 0.07445713 0.9960161 -2.2017822
-0.5225407 -0.8478425 0.085792884 32.781494 0.8510024 -0.52444184 0.0004586354 34.055054 0.04462542 0.07327696 0.9963122 -2.182129
-0.5153055 -0.85218346 0.084630586 32.069702 0.85535365 -0.5169937 0.0023422572 34.164917 0.041825827 0.07358807 0.9964083 -2.1362305
-0.5047153 -0.859411 0.08301659 32.04834 0.8625329 -0.50620216 0.0035894697 35.365845 0.038931265 0.073403396 0.99654216 -2.1165771
-0.49936575 -0.86262923 0.08048833 31.371704 0.8656298 -0.5006372 0.004977214 35.552734 0.036029525 0.072194904 0.9967412 -2.0775146
-0.48658824 -0.8700727 0.080260545 31.261597 0.87312925 -0.48769015 0.006567584 36.736206 0.033435587 0.073306374 0.99675083 -2.0582275
-0.48184493 -0.8726837 0.07815431 30.722534 0.8756499 -0.48272932 0.008402082 36.901855 0.030407626 0.072512805 0.99690485 -2.020752
-0.46788687 -0.8804814 0.07759754 30.469116 0.88348407 -0.46853432 0.010754633 38.17444 0.026850782 0.07357235 0.9969283 -1.9931641
-0.46718332 -0.8815904 0.07218318 30.072998 0.88428116 -0.46746385 0.013960346 38.381104 0.021381235 0.07035662 0.99729466 -1.9772949
-0.44722664 -0.8914044 0.07224309 29.770142 0.8941727 -0.44718924 0.017616538 39.654907 0.016627619 0.0724608 0.99723136 -1.9447021
-0.4444797 -0.89298654 0.0695015 29.38501 0.8956015 -0.44417024 0.020713538 39.854614 0.012391469 0.07144197 0.9973667 -1.927124
-0.42046288 -0.9044907 0.071035236 29.049438 0.907207 -0.4201062 0.02060313 41.121826 0.011196928 0.07313506 0.99726033 -1.8966064
-0.41858625 -0.9057685 0.06976882 28.67566 0.9083901 -0.41821885 0.020491477 41.352295 0.010614582 0.07194253 0.9973527 -1.8919678
-0.39388207 -0.91613156 0.07252087 28.399902 0.91893625 -0.39353207 0.019666895 42.641724 0.0105200615 0.07437949 0.9971736 -1.8609619
-0.37879008 -0.9227515 0.0695612 28.017456 0.9253215 -0.37846056 0.018400144 42.889404 0.009368302 0.071292 0.997409 -1.8566895
-0.3515085 -0.933512 0.06857245 27.785889 0.9359812 -0.3512739 0.015843883 44.17639 0.009301197 0.06977732 0.9975196 -1.8240967
-0.327899 -0.942698 0.064518355 27.420532 0.94488627 -0.32752 0.016656747 44.436523 0.0053892126 0.06639647 0.99777913 -1.8154297
-0.29119235 -0.9542716 0.06572603 27.246948 0.9565199 -0.29085076 0.01494683 45.789917 0.0048799408 0.06719665 0.997726 -1.7927246
-0.26024178 -0.96353364 0.06250064 26.971436 0.9655589 -0.25970602 0.016685132 46.087646 0.00015789861 0.06470264 0.99790496 -1.7915039
-0.23089813 -0.9706089 0.06540691 26.785034 0.9728101 -0.230438 0.014604237 47.072754 0.00091600406 0.06701348 0.9977512 -1.7833252
-0.1932124 -0.9788049 0.0669997 26.641968 0.98109543 -0.19275597 0.013286109 48.200928 -7.035909e-05 0.068294935 0.99766433 -1.7612305
-0.16817534 -0.98357 0.06515428 26.47351 0.98572636 -0.16781582 0.01099355 48.727783 0.00013920711 0.06608689 0.99781376 -1.7672119
-0.1361548 -0.9882176 0.07040565 26.371216 0.99072003 -0.13589597 0.008465592 49.629883 0.0011645267 0.07088944 0.9974841 -1.7548828
-0.102996826 -0.9917304 0.07673699 26.288818 0.994686 -0.103001565 0.0039030006 50.64453 0.004019878 0.07672522 0.9970444 -1.7440186
-0.07242623 -0.9937956 0.08411014 26.2146 0.9973314 -0.07266488 0.00023479015 51.392334 0.005893019 0.08390045 0.99645597 -1.7344971
-0.04248263 -0.9950785 0.08921784 26.204346 0.9990444 -0.042954933 -0.0033732057 52.21045 0.007199602 0.088988714 0.9960061 -1.7171631
-0.01582813 -0.994901 0.099618375 26.211548 0.9998484 -0.016512869 -0.006055824 53.150635 0.007684671 0.09953112 0.9950053 -1.7174072
0.0144832125 -0.9942608 0.10594615 26.2229 0.9998094 0.013065698 -0.0140714925 53.992188 0.012590316 0.106131345 0.99427325 -1.6912842
0.04058945 -0.9931211 0.10968558 26.272583 0.9988784 0.037736237 -0.027982518 54.793213 0.023622897 0.11069819 0.9935744 -1.6671143
0.068362415 -0.9916593 0.109101035 26.321777 0.996946 0.06383109 -0.044517558 55.674316 0.03714838 0.11178395 0.993037 -1.6413574
0.097359724 -0.9895137 0.106380686 26.390503 0.9940002 0.09140528 -0.059501946 56.50952 0.049146015 0.11153515 0.9925446 -1.6162109
0.12476493 -0.9862264 0.108180515 26.484497 0.9905975 0.11774999 -0.06901932 57.33838 0.05530781 0.11578653 0.9917347 -1.5560303
0.15114848 -0.98244613 0.10950926 26.609741 0.9870031 0.14382112 -0.072010145 58.182373 0.05501464 0.11899683 0.9913712 -1.5030518
0.17249246 -0.97870266 0.1112261 26.76892 0.9836251 0.16519 -0.07191566 59.027588 0.05198095 0.121786535 0.99119335 -1.4610596
0.19371825 -0.9742787 0.114532635 26.927856 0.98010665 0.18726672 -0.06473683 59.851807 0.041637722 0.12482929 0.991306 -1.3895264
0.21395509 -0.9693284 0.12132792 27.10962 0.97630787 0.20786685 -0.060903143 60.660645 0.033858553 0.1314655 0.9907382 -1.3520508
0.22918212 -0.9654215 0.12517844 27.310059 0.9730277 0.2231326 -0.060538195 61.489502 0.03054809 0.13565809 0.9902814 -1.3125
0.2417106 -0.9621026 0.12686928 27.506348 0.96994066 0.23533738 -0.06319969 62.30542 0.031006958 0.13830917 0.9898977 -1.2626953
0.25249085 -0.95915693 0.1277942 27.71875 0.96716005 0.24600372 -0.06452683 63.088135 0.030434258 0.13995185 0.9896979 -1.2280273
0.2631319 -0.9572182 0.12106618 27.936523 0.9642823 0.2566152 -0.066849634 63.87256 0.032939587 0.13430603 0.9903891 -1.1998291
0.27650926 -0.95370144 0.11869538 28.147705 0.9606039 0.2704525 -0.06475256 64.66724 0.029642094 0.13193855 0.99081695 -1.1641846
0.28616175 -0.9506484 0.1206788 28.381714 0.9578635 0.2800522 -0.06520855 65.45532 0.028211046 0.13423108 0.99054563 -1.1273193
0.2934217 -0.9478745 0.12343721 28.624023 0.9554759 0.2871 -0.06662795 66.2334 0.027715757 0.13751656 0.9901133 -1.0991211
0.2990802 -0.94628537 0.12291491 28.87024 0.9537339 0.29226288 -0.070615806 67.028076 0.030890435 0.13834636 0.98990256 -1.0689697
0.29791448 -0.9467015 0.1224269 29.128906 0.9539952 0.29078817 -0.072866224 67.8501 0.033367984 0.138461 0.9898029 -1.0444336
0.29473493 -0.94752926 0.124450214 29.385132 0.95510304 0.2875626 -0.07251631 68.68921 0.03294337 0.14023653 0.98956895 -1.0130615
0.28805885 -0.9496419 0.12295219 29.629272 0.95700973 0.28112623 -0.07082906 69.53003 0.03268204 0.13808757 0.9898833 -0.97753906
0.27894908 -0.9525181 0.12199668 29.887451 0.95971656 0.2720882 -0.07003185 70.41333 0.033512555 0.13664457 0.9900556 -0.9466553
0.2711323 -0.95503443 0.1201903 30.129639 0.96193284 0.26429868 -0.06984837 71.302 0.034951527 0.13454022 0.9902898 -0.91259766
0.26456386 -0.9571335 0.1177484 30.362915 0.96369404 0.2578937 -0.06898588 72.18555 0.035644542 0.13178113 0.9906441 -0.87231445
0.25865036 -0.9592008 0.1139471 30.61206 0.9652661 0.25223583 -0.06777303 73.12744 0.03626471 0.12754595 0.99117184 -0.83898926
0.2563442 -0.9603715 0.10962585 30.842285 0.9659585 0.25036475 -0.06544944 74.04785 0.03540416 0.122662045 0.9918164 -0.80358887
0.25577778 -0.96074575 0.10714802 31.090576 0.9660967 0.25012758 -0.06343659 75.02026 0.034146544 0.11972382 0.9922182 -0.7597656
0.25702614 -0.96065855 0.105255306 31.341309 0.9658405 0.25160506 -0.062111035 75.98657 0.033207633 0.1176446 0.9925007 -0.7161865
0.25699034 -0.96066767 0.10557682 31.58899 0.9659141 0.25166395 -0.06124139 76.96338 0.032253556 0.117723264 0.99252385 -0.6748047
0.25698677 -0.96068895 0.105483614 31.860962 0.96593404 0.2516881 -0.061011225 77.98071 0.03208703 0.11758581 0.9925443 -0.63916016
0.25754127 -0.9605169 0.105829135 32.124756 0.9658415 0.2523807 -0.059798125 78.97485 0.030718265 0.11761273 0.99258506 -0.5966797
0.2575033 -0.96037966 0.10620559 32.379272 0.96577096 0.25243196 -0.058949877 79.97998 0.02978382 0.11773019 0.9925983 -0.5498047
0.25634784 -0.96101576 0.10391749 32.64502 0.9661741 0.2514917 -0.057616975 81.01611 0.029246878 0.11514436 0.99291545 -0.51135254
0.25753182 -0.9607341 0.103828676 32.89453 0.9659105 0.25277475 -0.05683733 82.01514 0.028371159 0.114893235 0.99296963 -0.4633789
0.2545346 -0.9615084 0.1027879 33.162598 0.966577 0.24990657 -0.05586614 83.04321 0.028008437 0.11355742 0.9931363 -0.4251709
0.25393215 -0.96180373 0.102410376 33.43286 0.9668449 0.24936199 -0.055405624 84.05542 0.027770186 0.11310233 0.99319553 -0.38537598
0.24953482 -0.9626812 0.10412237 33.69104 0.96799105 0.24531594 -0.05172913 85.078125 0.02426529 0.11370038 0.99321795 -0.33862305
0.24580856 -0.9635289 0.10552377 33.958862 0.96902454 0.2417406 -0.04997407 86.08569 0.022615077 0.11454912 0.9931624 -0.30749512
0.24282034 -0.9643377 0.105300926 34.21289 0.9697906 0.23870677 -0.050239384 87.1062 0.023320774 0.11432511 0.9931695 -0.25964355
0.24157132 -0.9647033 0.106155075 34.460815 0.9702584 0.23747301 -0.049840894 88.11084 0.022907382 0.11501049 0.9930966 -0.22167969
0.23920386 -0.96511734 0.10592327 34.709717 0.97061807 0.2350261 -0.05049985 89.11084 0.023833005 0.114889055 0.99309266 -0.18762207
0.24110323 -0.9649446 0.10459491 34.953613 0.9702663 0.23679458 -0.051982682 90.093506 0.025420407 0.114003845 0.99315274 -0.14233398
0.24363711 -0.9644974 0.102657385 35.20874 0.9695599 0.23917687 -0.053895034 91.08862 0.02745077 0.112666875 0.9932529 -0.09899902
0.24795102 -0.96360046 0.10056922 35.467285 0.96841884 0.24346745 -0.054833192 92.108154 0.028349698 0.11097109 0.9934183 -0.061767578
0.25512117 -0.961744 0.10070875 35.711548 0.96667004 0.25090823 -0.052687556 93.08667 0.025419826 0.11078329 0.99351805 -0.020263672
0.2596743 -0.9601169 0.104699075 35.978516 0.9656012 0.2558295 -0.048834354 94.06543 0.020119853 0.11376626 0.99330217 0.025512695
0.2658759 -0.95862156 0.10149279 36.231445 0.9637869 0.26223963 -0.047896817 95.036865 0.019283978 0.11057556 0.99368304 0.05883789
0.2707663 -0.9571392 0.10209972 36.499146 0.96235627 0.2669447 -0.049691617 96.01074 0.020286676 0.11174994 0.99353296 0.0949707
0.27693066 -0.95551157 0.101456575 36.779663 0.96063817 0.2729341 -0.051642306 96.973145 0.021643985 0.111763 0.99349964 0.12731934
0.28316426 -0.95384896 0.099582925 37.04419 0.9587704 0.27914077 -0.052547555 97.933105 0.02230866 0.110337734 0.9936433 0.16455078
0.2863032 -0.95303255 0.09812864 37.318848 0.9578017 0.28229278 -0.052884735 98.86206 0.022686347 0.10914295 0.99376875 0.19946289
0.28998494 -0.95195657 0.09783148 37.598145 0.9567219 0.28606448 -0.05226066 99.825195 0.021781217 0.108744495 0.99382925 0.23461914
0.2926171 -0.9506972 0.10205795 37.88733 0.956089 0.28962675 -0.043325737 100.77661 0.011627778 0.110273615 0.99383444 0.26818848
0.2933367 -0.9502291 0.104719326 38.18799 0.9559805 0.29145515 -0.03318025 101.711426 0.001010254 0.10983504 0.99394864 0.29833984
0.29566196 -0.9494808 0.10499988 38.464233 0.9552653 0.29419956 -0.029528098 102.6543 -0.0028645638 0.10905517 0.9940335 0.31237793
0.29655495 -0.9492977 0.10437046 38.7666 0.955013 0.29437363 -0.036096435 103.5896 0.003531182 0.11040715 0.9938826 0.3223877
0.29862717 -0.94883746 0.10299086 39.065308 0.9543736 0.2959015 -0.04115306 104.50586 0.008583162 0.11058382 0.99382925 0.34301758
0.29971483 -0.9479278 0.10786802 39.359253 0.9539974 0.29659638 -0.044259705 105.43213 0.009980904 0.11620392 0.9931761 0.35632324
0.29884288 -0.94775546 0.11141683 39.649048 0.95424545 0.29577285 -0.043526445 106.36035 0.008295404 0.11932795 0.99282044 0.38293457
0.29748568 -0.9480376 0.11229627 39.94287 0.9546467 0.29470563 -0.04099419 107.29761 0.0057573733 0.119408526 0.9928298 0.39904785
0.29673567 -0.9485528 0.110414155 40.225098 0.9549594 0.29468066 -0.03486054 108.20703 0.0005493106 0.11579983 0.9932718 0.41723633
0.2946511 -0.9492221 0.110435344 40.50757 0.9556128 0.29331335 -0.028531099 109.13623 -0.0052810414 0.11395358 0.99347055 0.42419434
0.29436135 -0.9501203 0.10275904 40.770752 0.9556334 0.29344177 -0.024309965 110.051025 -0.0070745456 0.10535558 0.9944107 0.44213867
0.29218537 -0.9516375 0.09548604 41.04016 0.9563838 0.29154658 -0.020867657 110.97266 -0.007956539 0.09740584 0.9952109 0.4390869
0.2889398 -0.9523944 0.09756073 41.316895 0.9573316 0.28842086 -0.019710561 111.89697 -0.009392529 0.09909617 0.9950357 0.4547119
0.28750554 -0.95237106 0.102533445 41.596924 0.9578372 0.28676686 -0.022195049 112.80322 -0.008284442 0.10456402 0.9944841 0.4543457
0.2808396 -0.95428103 0.10337192 41.87085 0.95985645 0.27970427 -0.025626823 113.71753 -0.0044491654 0.1064368 0.99431014 0.45996094
0.27137125 -0.9564039 0.10795989 42.126465 0.9624612 0.27028668 -0.02483616 114.62842 -0.0054355795 0.11063434 0.9938464 0.47509766
0.26242256 -0.95801663 0.11565367 42.388184 0.96495783 0.26123625 -0.025554394 115.528076 -0.00570028 0.11830983 0.99295807 0.4814453
0.25104576 -0.9612729 0.11366565 42.630615 0.9679603 0.24984574 -0.024922434 116.44385 -0.0044406867 0.11629109 0.9932057 0.49560547
0.24030195 -0.9643888 0.11064186 42.840942 0.97070813 0.2392406 -0.022966787 117.36133 -0.004297885 0.112938575 0.993592 0.50720215
0.22501725 -0.9677471 0.11315431 43.065063 0.9743135 0.22433886 -0.018852243 118.285645 -0.0071341484 0.114483096 0.99339867 0.50683594
0.21305771 -0.97048074 0.11320734 43.267212 0.97703475 0.2124743 -0.017320858 119.21777 -0.0072301277 0.11428272 0.9934202 0.5164795
0.20181562 -0.97283757 0.1132645 43.446777 0.97938687 0.20119783 -0.01693833 120.13623 -0.006284532 0.11430168 0.99342173 0.532959
0.18809271 -0.9751514 0.11725721 43.632202 0.98216003 0.1874028 -0.016957752 121.05884 -0.005423308 0.11832274 0.9929576 0.54089355
0.17433065 -0.9777655 0.11629001 43.799316 0.9846536 0.17302741 -0.021306172 121.98071 0.00067503436 0.11821582 0.99298984 0.5439453
0.16363466 -0.97952145 0.116836555 43.941284 0.9864219 0.16138202 -0.028552186 122.89282 0.009109555 0.119924314 0.9927413 0.56848145
0.15131095 -0.9816829 0.11627821 44.083984 0.9884065 0.14825213 -0.034544908 123.78638 0.016705127 0.12014406 0.9926134 0.5888672
0.13742256 -0.9837865 0.115515724 44.208252 0.9904244 0.1346273 -0.03169445 124.71533 0.015645366 0.11877699 0.99279773 0.604126
0.12462347 -0.98526186 0.116968244 44.32556 0.9920928 0.122180894 -0.027853228 125.643555 0.013149832 0.11951166 0.99274546 0.6405029
0.114021294 -0.9869658 0.11340278 44.42163 0.9933202 0.11134256 -0.029723011 126.55664 0.016695878 0.11606532 0.993104 0.6639404
0.10715496 -0.98833406 0.10819594 44.51245 0.9939608 0.103924274 -0.035092644 127.46533 0.02342204 0.11129207 0.99351186 0.69348145
0.10195785 -0.98968226 0.10082767 44.595947 0.9943257 0.0982423 -0.041144073 128.39697 0.030828655 0.10441316 0.994053 0.7297363
0.09925872 -0.9903347 0.096886784 44.67737 0.9944659 0.095351756 -0.044162445 129.32886 0.034507878 0.100746445 0.99431396 0.77575684
0.09538965 -0.9908833 0.09492816 44.753662 0.9947938 0.09151471 -0.044391826 130.24048 0.03528505 0.09867711 0.9944948 0.82263184
0.08913571 -0.99154335 0.0938959 44.83545 0.99536043 0.085360885 -0.04349844 131.17163 0.035107546 0.09735356 0.9946317 0.8592529
0.082986 -0.99220705 0.092987224 44.904785 0.9960286 0.079547234 -0.04009659 132.1106 0.032395 0.09594375 0.9948591 0.9024658
0.07559049 -0.9926106 0.09516065 44.98047 0.9967315 0.07240474 -0.03649217 133.02661 0.029350271 0.097616404 0.9947912 0.94189453
0.0698626 -0.99306554 0.09462997 45.052734 0.9972194 0.067025185 -0.03284439 133.94922 0.026279557 0.096679434 0.9949696 0.9876709
0.06391794 -0.99406517 0.08807732 45.0896 0.9975426 0.06109214 -0.034428615 134.88208 0.028829494 0.09006877 0.9955191 1.0220947
0.057410594 -0.9952144 0.07893639 45.127686 0.9978677 0.054772977 -0.035176445 135.77026 0.03069228 0.08077645 0.99625874 1.0592041
0.050326236 -0.9955799 0.07938191 45.170044 0.9981514 0.047407094 -0.038249597 136.68066 0.034314234 0.08118759 0.9961098 1.1037598
0.043185472 -0.99562687 0.08276508 45.217285 0.99837565 0.03994346 -0.040445246 137.59668 0.036944527 0.084364615 0.9957495 1.1563721
0.036054384 -0.9958668 0.083418556 45.24402 0.99870205 0.03288788 -0.039002318 138.4851 0.03612635 0.0847015 0.9957496 1.1940918
0.028363643 -0.9963111 0.08104024 45.258667 0.99909514 0.025675125 -0.034018308 139.4065 0.031821914 0.08192534 0.99612975 1.2470703
0.02015853 -0.99664396 0.07939464 45.277588 0.9993622 0.017732859 -0.031141484 140.33203 0.029625602 0.07997032 0.996357 1.2906494
0.013597134 -0.99684256 0.0782454 45.279175 0.99935305 0.010936141 -0.034321856 141.22314 0.033381384 0.07866728 0.9963417 1.3283691
0.007840039 -0.9969539 0.07762823 45.28369 0.9993034 0.0049723997 -0.037039787 142.1294 0.03656861 0.07784604 0.99629295 1.3718262
-0.0002478345 -0.99702466 0.0771049 45.27661 0.9993136 -0.003104805 -0.036940068 143.04175 0.037059844 0.077032395 0.9963392 1.4154053
-0.00571203 -0.9970529 0.076495305 45.25525 0.9992965 -0.008525727 -0.036510162 143.93018 0.037051965 0.07623752 0.99640137 1.4570312
-0.013853071 -0.9966969 0.08001808 45.245117 0.9992324 -0.016731258 -0.035422444 144.83252 0.036632825 0.07947474 0.9961643 1.4960938
-0.022279382 -0.9961418 0.08475282 45.230835 0.99906933 -0.02529323 -0.034624334 145.74854 0.036671203 0.083889395 0.99579847 1.548706
-0.0291183 -0.99592274 0.08525698 45.208252 0.99886644 -0.032182336 -0.034781292 146.6582 0.03739419 0.08415272 0.9957511 1.602417
-0.037229057 -0.9961111 0.079931036 45.164307 0.9985839 -0.040138725 -0.035126723 147.57227 0.03818414 0.078540966 0.9961814 1.6425781
-0.04394877 -0.99612045 0.07611479 45.117188 0.99830836 -0.04667199 -0.034356568 148.4978 0.037791226 0.07444611 0.99650675 1.6845703
-0.04881525 -0.99571466 0.07864526 45.07544 0.99811333 -0.051580314 -0.03351625 149.40967 0.03742927 0.07684789 0.9963393 1.7346191
-0.051381703 -0.9954409 0.08035496 45.029175 0.9979806 -0.054183964 -0.033075955 150.30566 0.0372823 0.07845417 0.99621797 1.7730713
-0.056731943 -0.9951039 0.08096618 44.967896 0.997662 -0.05960691 -0.03355139 151.24854 0.03821022 0.078896515 0.99615157 1.8225098
-0.06306184 -0.9942284 0.086692885 44.93091 0.99732524 -0.065975666 -0.03116295 152.12256 0.036702406 0.08449088 0.99574775 1.855957
-0.06835104 -0.9932083 0.09391029 44.88159 0.99706095 -0.071217425 -0.027497765 153.00903 0.03403478 0.09178046 0.99519795 1.8995361
-0.07275092 -0.99245197 0.098781146 44.816162 0.99682486 -0.07559025 -0.025322273 153.93799 0.032593027 0.09666047 0.994786 1.9471436
-0.07844829 -0.99223965 0.09691473 44.746582 0.9963224 -0.08151173 -0.028083611 154.84204 0.035751965 0.09439933 0.99489564 1.9859619
-0.08076585 -0.9922485 0.094465464 44.665405 0.9960045 -0.083966486 -0.030405931 155.72388 0.038089834 0.09160627 0.9950653 2.0195312
-0.083771236 -0.9921237 0.09291098 44.58484 0.9957617 -0.0868473 -0.029564021 156.63184 0.03739913 0.0900288 0.995236 2.0612793
-0.085504055 -0.9919957 0.09306864 44.50757 0.99569386 -0.08846938 -0.028211785 157.51855 0.036218993 0.09026185 0.9952598 2.109375
-0.08570672 -0.9918992 0.09395841 44.42456 0.9958583 -0.08821177 -0.022850737 158.42065 0.030930663 0.09161993 0.9953149 2.1568604
-0.087579854 -0.9917958 0.09330624 44.350708 0.9958551 -0.089540005 -0.017042305 159.30444 0.025235565 0.09144023 0.9954923 2.1896973
-0.08793033 -0.99161947 0.09440422 44.263794 0.99584526 -0.08965838 -0.014191596 160.19458 0.022540733 0.09271439 0.9954345 2.229248
-0.08889592 -0.99150705 0.094863415 44.1864 0.99566174 -0.091064446 -0.018770706 161.07788 0.027250402 0.092779174 0.9953136 2.253296
-0.08936203 -0.9914006 0.09563916 44.12085 0.9955296 -0.09186602 -0.022104634 161.94629 0.030691221 0.09323824 0.99517107 2.2947998
-0.08870245 -0.99169177 0.09278985 44.031616 0.99555486 -0.091137886 -0.022321107 162.82886 0.030625846 0.09040876 0.99543345 2.3259277
-0.089809775 -0.9918005 0.09062685 43.94409 0.99550974 -0.0920459 -0.020787878 163.69507 0.028957805 0.088329844 0.9956689 2.3660889
-0.090574384 -0.99133444 0.09521401 43.882324 0.9955064 -0.09280694 -0.019270085 164.55493 0.027961142 0.09305741 0.99526846 2.40625
-0.09049785 -0.9913383 0.09537996 43.793335 0.99545926 -0.09294438 -0.021543168 165.42725 0.030202493 0.093033634 0.9952076 2.4472656
-0.09178305 -0.99212134 0.08511013 43.70703 0.99524164 -0.09417331 -0.024505831 166.28784 0.032329623 0.08248083 0.99606943 2.4836426
-0.091029175 -0.9925992 0.07987503 43.612915 0.9952248 -0.09342694 -0.026803974 167.15015 0.03407228 0.07705484 0.9964444 2.5217285
-0.09042693 -0.99247587 0.08209005 43.523193 0.99514484 -0.09318912 -0.0304333 168.00293 0.037882872 0.07892614 0.996159 2.5551758
-0.09161103 -0.99227744 0.08353139 43.445923 0.99510074 -0.09434474 -0.029375995 168.86768 0.037051093 0.080466345 0.9960701 2.5939941
-0.09209788 -0.9923954 0.08186954 43.35791 0.9950262 -0.09488808 -0.030867025 169.69897 0.038394738 0.07862345 0.99616516 2.6350098
-0.09477484 -0.99162734 0.087673016 43.2771 0.9948586 -0.097498536 -0.027323317 170.56763 0.035641335 0.08465923 0.9957739 2.675415
-0.097533345 -0.99079365 0.094154276 43.197388 0.9947352 -0.10010504 -0.022974955 171.42236 0.032180578 0.09139325 0.9952937 2.709961
-0.09976231 -0.9901254 0.0980978 43.11902 0.9946146 -0.10188699 -0.01686677 172.25659 0.026710533 0.09587778 0.9950335 2.755249
-0.10353708 -0.9893663 0.10218926 43.031006 0.99429893 -0.1055969 -0.014937984 173.10938 0.025558 0.10003067 0.99465466 2.7834473
-0.107987165 -0.9890046 0.10129607 42.94275 0.9937226 -0.1104598 -0.01913882 173.906 0.030084489 0.09861416 0.9946734 2.8234863
-0.11392498 -0.98811895 0.10276273 42.838257 0.9929322 -0.11659251 -0.020306643 174.7439 0.032069232 0.099734545 0.99449706 2.8624268
-0.122571826 -0.98705226 0.10330753 42.732788 0.9918411 -0.12545967 -0.021909922 175.58105 0.034591146 0.099784575 0.9944078 2.8901367
-0.13207376 -0.98565143 0.10552796 42.619873 0.9908109 -0.13455902 -0.016769689 176.39062 0.030731834 0.10237759 0.9942732 2.9267578
-0.14285171 -0.9836567 0.108581975 42.510498 0.9891867 -0.1452211 -0.0141765345 177.1875 0.02975145 0.10540262 0.99398386 2.972168
-0.15688908 -0.98094773 0.11463413 42.37097 0.9871208 -0.15944408 -0.0133979935 178.03613 0.031419903 0.111017376 0.99331903 3.0181885
-0.17054772 -0.9782496 0.11877416 42.24109 0.9848193 -0.17344879 -0.014470316 178.80249 0.034724604 0.11448482 0.9928183 3.0510254
-0.18405615 -0.9758418 0.117722884 42.09021 0.98226714 -0.18695174 -0.013951616 179.59985 0.035592657 0.113023825 0.99295235 3.0914307
-0.1965352 -0.972851 0.12250497 41.946533 0.9798156 -0.19963956 -0.013505923 180.32397 0.0375817 0.117418885 0.99237496 3.1242676
-0.20842157 -0.9701131 0.12332094 41.762817 0.9768234 -0.2124914 -0.020671906 181.15381 0.04626322 0.11615601 0.992152 3.161621
-0.22088826 -0.96862936 0.11527269 41.562256 0.9739097 -0.22566235 -0.030024026 181.95972 0.05505371 0.10564955 0.99288154 3.2178955
-0.23247801 -0.9660682 0.11215221 41.37854 0.9703161 -0.23821402 -0.040603936 182.6355 0.065935075 0.099368036 0.9928623 3.2658691
