1.000000000000000000e+00 4.398956837314658088e-19 2.733407509747682871e-20 -8.673617379884035472e-19 -5.583667658079949532e-19 1.000000000000000000e+00 -6.100159232558060012e-19 0.000000000000000000e+00 4.145284534913582806e-20 -2.210423569125054137e-19 1.000000000000000222e+00 0.000000000000000000e+00
9.998953348965409216e-01 3.645043105346375332e-04 1.446327780110653882e-02 -9.218600063743258299e-02 -3.605929183972382155e-04 9.999998977104136433e-01 -2.730432834625467781e-04 -1.314644465906718296e-02 -1.446337609783540125e-02 2.677993654055227228e-04 9.998953640349662608e-01 1.757485643223177796e-02
9.995060805919855351e-01 1.754413383665288798e-03 3.137701255758701402e-02 -8.653659265233341891e-02 -1.745500379422122716e-03 9.999984281137920261e-01 -3.114509446051215609e-04 -1.391743495724392932e-02 -3.137751019391807339e-02 2.565285558236367986e-04 9.995075717672667892e-01 5.731563921634214021e-02
9.979385794219547412e-01 5.229952678461820097e-03 6.396279625782184952e-02 6.720036172288473830e-03 -5.309330248445015554e-03 9.999853317939239039e-01 1.071083152065954681e-03 4.986096081569621474e-03 -6.395625743078831027e-02 -1.408474765390725896e-03 9.979517089096170412e-01 4.177002680659415712e-01
9.953889275275109583e-01 4.138713326135970254e-03 9.583190478504148568e-02 2.554526825245670429e-02 -4.446980235596157717e-03 9.999856018914038414e-01 3.003395466316697779e-03 1.224784961800481908e-02 -9.581809645041587664e-02 -3.415709123837791863e-03 9.953930004521079900e-01 5.461102486769002784e-01
9.909169255509244767e-01 1.659841211493117948e-03 1.344652053684803061e-01 1.582045842299418248e-01 -2.339005334224205073e-03 9.999852935177669933e-01 4.893036412992885463e-03 8.379352500686859662e-03 -1.344551085183938455e-01 -5.163107354856194021e-03 9.909062348384488628e-01 7.896386451327728206e-01
9.850809375698149628e-01 -2.469676483310116830e-03 1.720739575430753898e-01 1.530893929268645481e-01 1.473775826744257124e-03 9.999814193572729160e-01 5.915143342552356583e-03 -1.884852924316650358e-02 -1.720853717630978219e-01 -5.573296399401733194e-03 9.850662736419162346e-01 8.919870372245222168e-01
9.763764240829542196e-01 -2.615305750071476344e-03 2.160607279529331570e-01 2.675620845152307248e-01 1.202116313142002164e-03 9.999770203127288370e-01 6.671863220391207987e-03 -8.098290694315210536e-03 -2.160732156426060369e-01 -6.254519680637874238e-03 9.763571308577145835e-01 1.156453212399545460e+00
9.647528684133224175e-01 -2.631310035276898576e-03 2.631444057130758463e-01 3.496639839753545864e-01 -6.465663071118989841e-05 9.999476085440272000e-01 1.023601404860099984e-02 1.880653390517086909e-03 -2.631575578684564043e-01 -9.892237787048792363e-03 9.647021531068279421e-01 1.324096424893531410e+00
9.503487555542154963e-01 -6.124448881537281758e-03 3.111265541422950642e-01 5.231652374043274101e-01 9.349855824465740919e-04 9.998579956016940828e-01 1.682600444195136297e-02 2.153797029895739013e-02 -3.111854281808771328e-01 -1.569967338676725443e-02 9.502195276888750763e-01 1.615643469396226495e+00
9.334992959688281911e-01 -1.583626112522893564e-02 3.582293616293897309e-01 6.391399760327127755e-01 7.381441089456589576e-03 9.996612740859786017e-01 2.495699093066384294e-02 -2.286732645474687242e-03 -3.585032516744270370e-01 -2.065308437390925636e-02 9.332999894966838017e-01 1.796974990867857169e+00
9.124666781200068133e-01 -2.162022458379951953e-02 4.085793984982513116e-01 8.018434201504962555e-01 1.022493751693422798e-02 9.994959792205224680e-01 3.005392058502034253e-02 -1.071187841638578109e-02 -4.090232455637992648e-01 -2.324550207118232167e-02 9.122278408306562225e-01 2.027541045069575443e+00
8.875173604146295858e-01 -2.354082485239302955e-02 4.601725344599578160e-01 9.986786584185948223e-01 8.941300512073070694e-03 9.993858987576025310e-01 3.388035531803931105e-02 -5.520071323615829972e-03 -4.606875213973511962e-01 -2.595486238773203960e-02 8.871828198499739360e-01 2.282446916017490501e+00
8.590306701893765107e-01 -2.541005212884833372e-02 5.112930989686771399e-01 1.167888822724038711e+00 6.819853039416197589e-03 9.992467624287914019e-01 3.820205945740310499e-02 2.683423160751328973e-02 -5.118786989544890087e-01 -2.932979670658267257e-02 8.585569081237010014e-01 2.505492288190709793e+00
8.270016225999462511e-01 -3.073140785770287625e-02 5.613589689554444595e-01 1.402950754093660990e+00 7.930935583060957222e-03 9.990432344396105169e-01 4.300832409552191038e-02 2.313814282733013539e-02 -5.621435960802153575e-01 -3.111585171666681610e-02 8.264541039640883602e-01 2.745990111337379247e+00
7.914737037486273552e-01 -3.657545491503493701e-02 6.101078647686305478e-01 1.604967782260247500e+00 1.023244451291517587e-02 9.988609100187153533e-01 4.660664618615090876e-02 2.172238614094279541e-02 -6.111175668510788750e-01 -3.064503967178182006e-02 7.909463994458386660e-01 2.924715314773385089e+00
7.538883724734803948e-01 -4.103779401564973395e-02 6.557196158497787808e-01 1.875361398450553718e+00 1.131625963351297164e-02 9.987103502601625271e-01 4.949321669814273073e-02 3.198392618503670404e-02 -6.569050709955842615e-01 -2.989206677760750802e-02 7.533805139486192681e-01 3.133633332630059609e+00
7.136714075014758407e-01 -4.424760666390786801e-02 6.990817289179975802e-01 2.203357229333124057e+00 1.225455771575988291e-02 9.986388714427534286e-01 5.069743784360011829e-02 4.077265397506400768e-02 -7.003734412018560729e-01 -2.761437397219125914e-02 7.132422428434994632e-01 3.387593295434378149e+00
6.725492954425505987e-01 -4.620293726389367722e-02 7.386086413567171105e-01 2.483172497902288889e+00 1.135683086434877143e-02 9.985760500520367566e-01 5.212383907735197719e-02 5.117198656306119753e-02 -7.399651868740034777e-01 -2.666759732606210215e-02 6.721163368223594947e-01 3.559155157304159545e+00
6.295425657496286354e-01 -4.649100560279859073e-02 7.755738099124308560e-01 2.835023437777482336e+00 7.010164594831802889e-03 9.985074288478059668e-01 5.416430630713117700e-02 8.039453861758050213e-02 -7.769343773110795048e-01 -2.866183577476036706e-02 6.289288371969938840e-01 3.811675188587706042e+00
5.878550030989577735e-01 -4.737901089518840175e-02 8.075776829963011716e-01 3.161413951944406886e+00 4.253154401217708672e-03 9.984506741396420582e-01 5.548118546324373040e-02 1.013025003067651725e-01 -8.089551396783671855e-01 -2.918013931883838702e-02 5.871457332630952708e-01 4.007142605145721959e+00
5.476734137125257584e-01 -4.838796720177884758e-02 8.352918203494263949e-01 3.545388776784386575e+00 2.058652208709596705e-03 9.984012118412987080e-01 5.648700824181691893e-02 1.226965915942824364e-01 -8.366896716406274637e-01 -2.921685669623294221e-02 5.468974127744432590e-01 4.209470462563480453e+00
5.090139041377048645e-01 -5.101525432965152429e-02 8.592451786811829972e-01 3.989557236102610815e+00 1.192843367695010579e-03 9.982829671849753339e-01 5.856359370073045689e-02 1.319857635873634694e-01 -8.607574780180895502e-01 -2.878473793809469689e-02 5.082007625702720244e-01 4.426073595112947956e+00
4.719190941851667542e-01 -5.098379344789792655e-02 8.801664663866247684e-01 4.364429440735446697e+00 -1.748346191295937005e-03 9.982704662069930013e-01 5.876239906180866224e-02 1.570494495302439952e-01 -8.816401339950670213e-01 -2.926993318862359042e-02 4.710137556153320970e-01 4.614418160584666140e+00
4.355595168803433892e-01 -5.028231120461627152e-02 8.987544620349986468e-01 4.826525380116906128e+00 -3.012597742310040363e-03 9.983516320328036375e-01 5.731442257796692807e-02 1.827234631997722292e-01 -9.001549011634113473e-01 -2.767142719840725087e-02 4.346900728935414460e-01 4.795834278492578484e+00
4.025137434343697973e-01 -4.901627019906964339e-02 9.141006934016284724e-01 5.346035257640856742e+00 -1.698334772634021127e-03 9.985237075820830865e-01 5.429107679965013145e-02 2.000975101011285839e-01 -9.154123753978407052e-01 -2.340535282194641797e-02 4.018362681343154441e-01 4.974305111241335453e+00
3.722752745128819485e-01 -4.731021962061723873e-02 9.269157721915813886e-01 5.847722197094745944e+00 1.593552088725985467e-04 9.987032179864475667e-01 5.091028338782622314e-02 2.217892253679399628e-01 -9.281223572314262205e-01 -1.880493008216808232e-02 3.718000524675596496e-01 5.160094961899440946e+00
3.465125201796163679e-01 -4.536531389062861686e-02 9.369477290283340087e-01 6.387625483500171342e+00 1.053150921742650181e-03 9.988480810043741664e-01 4.797292896951483449e-02 2.452601318433232369e-01 -9.380447643501437227e-01 -1.563647232844662255e-02 3.461611410377120057e-01 5.357722015635571822e+00
3.262617388408828867e-01 -4.482866930178016490e-02 9.442158933169938484e-01 6.974670410952573008e+00 2.184484956171057254e-03 9.989079512779520664e-01 4.667047102265488995e-02 2.694949578525768219e-01 -9.452769550241513219e-01 -1.316416275815485322e-02 3.260033713592185300e-01 5.529445517725180004e+00
3.114861134200982429e-01 -4.539536796222400084e-02 9.491657634725416681e-01 7.543579909759352553e+00 3.261758459505403364e-03 9.989034592504881793e-01 4.670374710413925656e-02 3.000001418976628864e-01 -9.502451147624674244e-01 -1.145161833097161665e-02 3.112926236017536374e-01 5.698640270765098492e+00
2.990791764875355696e-01 -4.697393043444831467e-02 9.530713933074154154e-01 8.164804046713941332e+00 4.257075878598479482e-03 9.988433523876071307e-01 4.789399396027623629e-02 3.176763917436188356e-01 -9.542188112087944818e-01 -1.026679813816638344e-02 2.989332175252329415e-01 5.903560611215298515e+00
2.884879746207611451e-01 -4.884215133409958859e-02 9.562369566815611677e-01 8.791214309319887121e+00 3.086046218050439958e-03 9.987403371947910502e-01 5.008208402002338466e-02 3.512056576344957937e-01 -9.574785538489402059e-01 -1.149708665072427839e-02 2.882753048485582337e-01 6.086485859698574252e+00
2.782904558690166841e-01 -5.044481223046514556e-02 9.591713754859927388e-01 9.474157894430955906e+00 1.439569447743382869e-03 9.986406831198427758e-01 5.210291373140041316e-02 3.802164995284064153e-01 -9.604958959629986692e-01 -1.311894892776081963e-02 2.779847884242265810e-01 6.273243331878674667e+00
2.678181697207539513e-01 -5.222397952059488341e-02 9.620530485793543640e-01 1.016321807400598232e+01 7.592014869380327938e-04 9.985410070793173665e-01 5.399333991008457151e-02 4.117015397583176917e-01 -9.634691837397156844e-01 -1.373000448799935325e-02 2.674670720851342054e-01 6.462308538555375570e+00
2.575188817397189300e-01 -5.427238426853028819e-02 9.647479039104008836e-01 1.086109408164380064e+01 -1.149464427572154601e-04 9.984196769836886087e-01 5.619728960077687713e-02 4.396195708200902330e-01 -9.662732682067227685e-01 -1.458275663839917087e-02 2.571056789578471391e-01 6.659720171221153784e+00
2.471936025596877806e-01 -5.588939139945071910e-02 9.673529257345125920e-01 1.158337407486607873e+01 -5.475699364589898090e-04 9.983269403555914412e-01 5.781885752508972992e-02 4.656459582585429358e-01 -9.689659641152705838e-01 -1.482214418897562398e-02 2.467494282164556241e-01 6.838666295451920618e+00
2.362570681308422960e-01 -5.706208302055965076e-02 9.700136599447866104e-01 1.238013008900425405e+01 -1.284486030853306286e-03 9.982550124926503621e-01 5.903626077912970532e-02 4.998476096069551788e-01 -9.716897470511672852e-01 -1.519370200133040964e-02 2.357715056943499032e-01 7.025753254227006472e+00
2.269329199775636796e-01 -6.002714914348655090e-02 9.720587303004490920e-01 1.312213695358692256e+01 -2.321628432972354210e-03 9.980625658717212634e-01 6.217495156827737568e-02 5.313472397152123605e-01 -9.739076324810846952e-01 -1.636630162161918645e-02 2.263538902992780488e-01 7.212791899262085416e+00
2.156247016336173550e-01 -6.348968474005907414e-02 9.744100942814576394e-01 1.389640160056221596e+01 -4.298892628683750362e-03 9.978126230326497259e-01 6.596581533427758881e-02 5.813125792826130400e-01 -9.764668577950436079e-01 -1.841274275990368095e-02 2.148801124290225240e-01 7.378952448747266857e+00
2.028159857063218663e-01 -6.756005549876234473e-02 9.768834621385114048e-01 1.468483536884160223e+01 -4.221593201070465012e-03 9.975474791269369756e-01 6.986562091854635337e-02 6.167753180731315732e-01 -9.792077772227429922e-01 -1.829386848658122108e-02 2.020333628328421505e-01 7.537933122636548688e+00
1.901868361814604003e-01 -6.987648757567734015e-02 9.792579984274643046e-01 1.547076634546077756e+01 -5.320074173231726863e-03 9.973758009636244370e-01 7.220255126657772193e-02 6.589462975022281066e-01 -9.817335081904141614e-01 -1.894169910765526599e-02 1.893159986050410859e-01 7.688443072993145222e+00
1.764516686927858624e-01 -7.048257861055622076e-02 9.817825616085457119e-01 1.628286909606250887e+01 -6.016957472088897349e-03 9.973371142360066832e-01 7.268064898688797459e-02 6.918409353723040667e-01 -9.842909233844259198e-01 -1.873196484095587810e-02 1.755577060073147955e-01 7.826463323997803201e+00
1.621069705450992882e-01 -6.975159882187878524e-02 9.843048450590607956e-01 1.707465147174994158e+01 -7.409706586054634787e-03 9.973844098087739640e-01 7.189878489574959286e-02 7.345568388358548750e-01 -9.867453792302943727e-01 -1.894870342266619448e-02 1.611661248874266816e-01 7.968873724154587279e+00
1.454889529618121624e-01 -6.863940753252872895e-02 9.869759772299103728e-01 1.787591561728420331e+01 -8.899013678555110426e-03 9.974593261855595472e-01 7.068026681072286932e-02 7.714823179456594682e-01 -9.893198619611797140e-01 -1.906630985707008161e-02 1.445084885840056399e-01 8.080658576338116461e+00
1.253565785546295885e-01 -6.742305583179068751e-02 9.898180857906504482e-01 1.868263369334728807e+01 -1.131287840975583013e-02 9.975260993999820469e-01 6.938083135822507852e-02 8.105854862365403646e-01 -9.920472590613731434e-01 -1.989503441442419182e-02 1.242837086249215101e-01 8.156825359828342670e+00
1.002109183695851780e-01 -6.594599667983121194e-02 9.927783642012353305e-01 1.951813908466484904e+01 -1.558261211964375934e-02 9.975746866292940496e-01 6.783750267155175262e-02 8.535492920970474406e-01 -9.948441944939045989e-01 -2.226813775608038615e-02 9.894026321614617092e-02 8.260965729397545587e+00
6.910386468148570216e-02 -6.542455472186947674e-02 9.954618357583141508e-01 2.035565743862806443e+01 -1.968870025197147489e-02 9.975634337555140396e-01 6.692944567766821728e-02 8.960631511855849940e-01 -9.974151734837113370e-01 -2.422443220985775678e-02 6.764736270070119406e-02 8.318410980768765839e+00
3.636700721756541688e-02 -6.534258993897099077e-02 9.971999646722666810e-01 2.119477012277522121e+01 -2.250968142058683286e-02 9.975533275021357671e-01 6.618665289302291810e-02 9.365342923527921748e-01 -9.990849675427899701e-01 -2.485366315772040771e-02 3.480718678634893426e-02 8.330716303775012932e+00
1.669828721148596071e-03 -6.453310350709151599e-02 9.979141611197261952e-01 2.203646041398454614e+01 -2.456265251238890640e-02 9.976118347038386291e-01 6.455465402713744805e-02 9.711636461010206833e-01 -9.996969066123753134e-01 -2.461921314320203794e-02 8.073530392272611623e-05 8.329394243709018042e+00
-3.240562688204950276e-02 -6.349168563746317162e-02 9.974560962296753486e-01 2.288715990425223623e+01 -2.572485028574912624e-02 9.977026109724330682e-01 6.267162147188784505e-02 9.994044878813954647e-01 -9.991436957096249127e-01 -2.362849470019904100e-02 -3.396449405065808669e-02 8.285530298961770512e+00
-6.502212447201012602e-02 -6.149941609557437600e-02 9.959869114886249486e-01 2.373375781207839452e+01 -2.815273328963292798e-02 9.978148373171946695e-01 5.977435945831837544e-02 1.032175919232049210e+00 -9.974866235143750037e-01 -2.415309718207183862e-02 -6.661141860174364659e-02 8.234286153353725268e+00
-9.703909056080547990e-02 -5.852686381185880776e-02 9.935582538842051559e-01 2.453936529581695680e+01 -2.983973448531401784e-02 9.979918471712068140e-01 5.587363640593027286e-02 1.071955675027973953e+00 -9.948331629819631150e-01 -2.422558677416631126e-02 -9.859064870071024278e-02 8.157345011855250405e+00
-1.296214600729422017e-01 -5.419359276314356100e-02 9.900814685736991638e-01 2.536353147262562402e+01 -2.700487351312673770e-02 9.983278801777701883e-01 5.110949506138651871e-02 1.099690541136367772e+00 -9.911957580337369400e-01 -2.011213656397286068e-02 -1.308682099616113592e-01 8.025646262805503639e+00
-1.611287215826499586e-01 -4.867073163157006888e-02 9.857325590100622925e-01 2.621773979398538401e+01 -2.288614701624835934e-02 9.986989551365611506e-01 4.556996050377046248e-02 1.114040140970432580e+00 -9.866680171186116288e-01 -1.521698985631886498e-02 -1.620329727851087809e-01 7.881885072048905982e+00
-1.920585179239907292e-01 -4.261475531982533010e-02 9.804577968436719582e-01 2.707021543221117099e+01 -1.645763800628254059e-02 9.990561363227195013e-01 4.019928650570916973e-02 1.135256788562055030e+00 -9.812454780850867753e-01 -8.415403127164744132e-03 -1.925785804540774138e-01 7.685974890273736371e+00
-2.208734902712462533e-01 -3.692053667006663792e-02 9.746033852290406641e-01 2.788561729954214741e+01 -1.077417758209936287e-02 9.993146153398944076e-01 3.541492152843278562e-02 1.143391210279391945e+00 -9.752429618131501776e-01 -2.678331586862251878e-03 -2.211198967527694126e-01 7.499970567791089948e+00
-2.483851776410437584e-01 -3.032721401839293118e-02 9.681864732759017933e-01 2.868293544875781009e+01 -2.023493720421113296e-03 9.995238366415859499e-01 3.078969709086724210e-02 1.173623289637297118e+00 -9.686592408641374607e-01 5.688586233663682837e-03 -2.483282740051099280e-01 7.260195554989289590e+00
-2.752981757224474690e-01 -2.000340872681767926e-02 9.611507486895709551e-01 2.952201701890720997e+01 4.031341740930624931e-03 9.997506908819097093e-01 2.196142865702310418e-02 1.165946472093422059e+00 -9.613504451320631361e-01 9.920669506891742137e-03 -2.751489021490948206e-01 7.036120826594158828e+00
-2.998785378177745153e-01 -5.054504093451909867e-03 9.539639921839427883e-01 3.029427447869466050e+01 8.415276090752425719e-03 9.999330404306064901e-01 7.943410247896014187e-03 1.159863207335185109e+00 -9.539402816915173444e-01 1.040992974388432225e-02 -2.998159243724508594e-01 6.760691543308863238e+00
-3.245230721453797873e-01 1.188312196415182084e-02 9.458031249374071470e-01 3.107465002322840775e+01 8.870470981375859140e-03 9.999153446554192026e-01 -9.519361978640939609e-03 1.125863319387714556e+00 -9.458361937684692800e-01 5.300467634528939487e-03 -3.246010097512006531e-01 6.465458300293454919e+00
-3.499492946014934880e-01 2.636376700178840252e-02 9.363975797496667530e-01 3.186107901037188483e+01 7.768401775791845126e-03 9.996511999844850394e-01 -2.524143990994558162e-02 1.096882590404552715e+00 -9.367364399172048994e-01 -1.558910493969175616e-03 -3.500320379342058419e-01 6.192126049237336005e+00
-3.745427197285906562e-01 3.734514403178117864e-02 9.264572715315871898e-01 3.261849889853306905e+01 1.155206621335375279e-02 9.992989517242989450e-01 -3.561116150727177548e-02 1.059223447021901965e+00 -9.271377002642698928e-01 -2.635404587109820007e-03 -3.747115620823151527e-01 5.878560066554173069e+00
-3.982410960973774561e-01 4.181863520916002941e-02 9.163270246401878927e-01 3.339942687828501988e+01 1.575161407906283326e-02 9.991247190187215743e-01 -3.875154791807282340e-02 1.012879026212243350e+00 -9.171455337469955893e-01 -9.988282989282638684e-04 -3.985512355344656421e-01 5.530765973357518739e+00
-4.209682986077047939e-01 4.120309824702780843e-02 9.061390519781640229e-01 3.411641718123239997e+01 1.771370623680111264e-02 9.991507157842158815e-01 -3.720311442902878019e-02 9.658944155740331050e-01 -9.069023816646216707e-01 3.897501555429890930e-04 -4.213406377317211460e-01 5.183388096797662214e+00
-4.412597836232548532e-01 3.803360731007776607e-02 8.965730497900469276e-01 3.488124676521965029e+01 2.208339639942751356e-02 9.992590994366064017e-01 -3.152103672556429148e-02 9.357523025419443030e-01 -8.971076525819874359e-01 5.890413223537655993e-03 -4.417727664910561791e-01 4.813336242369306461e+00
-4.594319150463352930e-01 3.678364101169097344e-02 8.874509930102821853e-01 3.560855410847126024e+01 2.930078711635758504e-02 9.992259643203211805e-01 -2.624759138263335623e-02 9.045510139530572591e-01 -8.877295716378513779e-01 1.394403252535086207e-02 -4.601540892370192815e-01 4.397276165542999493e+00
-4.732264710256338103e-01 3.742890677314400505e-02 8.801453119086979360e-01 3.630267418715779826e+01 3.284443292970207900e-02 9.991519890521575187e-01 -2.483034323343636871e-02 8.545144000474523827e-01 -8.803283269063445493e-01 1.715749906358382884e-02 -4.740545022560652133e-01 4.016140813317368163e+00
-4.843192537004256115e-01 4.058935479790295314e-02 8.739492839795534040e-01 3.699668915816025105e+01 3.540331147824620633e-02 9.990142794013578964e-01 -2.677825668339764431e-02 7.968702126466135072e-01 -8.741747414793933357e-01 1.797147452627285633e-02 -4.852788490384920550e-01 3.615801030305659136e+00
-4.941039413640108680e-01 4.325858347951398730e-02 8.683259620917532784e-01 3.769584668650269776e+01 3.681322107215409534e-02 9.989066131730328646e-01 -2.881605200876253756e-02 7.555140610493588094e-01 -8.686231025680606344e-01 1.772775182652792589e-02 -4.951561836447596621e-01 3.224183188529211819e+00
-5.045749973283286671e-01 4.245075392541119985e-02 8.623236005660253056e-01 3.839384642120413105e+01 3.089347354954007085e-02 9.990385995583073164e-01 -3.110417707573745819e-02 6.985484328488543726e-01 -8.628149729896764653e-01 1.094578230772765524e-02 -5.054013511623064447e-01 2.825614501552859092e+00
-5.162555765199701163e-01 4.126272015173396840e-02 8.554399770673785097e-01 3.908464460793678086e+01 2.931871201117136269e-02 9.991047196678576325e-01 -3.049872477339803795e-02 6.866715672156986638e-01 -8.559325936523662914e-01 9.335262597746191507e-03 -5.170031540707038520e-01 2.411158218608503656e+00
-5.245853102901775200e-01 4.262574080376142771e-02 8.502901183259333751e-01 3.976926896280464518e+01 3.150649321825170490e-02 9.990336612026197161e-01 -3.064448752144566593e-02 6.447112590036567781e-01 -8.507747087159933663e-01 1.071401286756122791e-02 -5.254213719646128045e-01 1.977644691241789765e+00
-5.319060735979803667e-01 4.576745740264421408e-02 8.455656424671766924e-01 4.044997980134461102e+01 3.529316661038925385e-02 9.988689016698849565e-01 -3.186392330018793934e-02 5.951500461206119530e-01 -8.460675699918162040e-01 1.289407579793133696e-02 -5.329197152182839625e-01 1.541117763063492241e+00
-5.358128706863949375e-01 4.901375697906527884e-02 8.429129292622494773e-01 4.113626511385395190e+01 3.608969088970731542e-02 9.987307908666971379e-01 -3.513319689992603495e-02 5.633639290229442986e-01 -8.435651210625532137e-01 1.159564899089541093e-02 -5.369017046249665581e-01 1.094427774470559056e+00
-5.354061589914335118e-01 5.036848570884018550e-02 8.430914823673681946e-01 4.183690285575859491e+01 3.523871928320555097e-02 9.986831431623340860e-01 -3.728554900842362407e-02 5.104227084319966634e-01 -8.438592828438227222e-01 9.746552493217824562e-03 -5.364760278480855682e-01 6.622670098058691668e-01
-5.320375443953840877e-01 5.117674414457153154e-02 8.451727511181966745e-01 4.257732271367829213e+01 3.771708786929377916e-02 9.986133906073142441e-01 -3.672488689784677435e-02 4.764374098529281509e-01 -8.458803014381913732e-01 1.233843729660346299e-02 -5.332300550873575462e-01 1.864104979872284185e-01
-5.264198106156537937e-01 5.025519822301671019e-02 8.487382311184450412e-01 4.334057936932235577e+01 3.619914521797897022e-02 9.986711843640937447e-01 -3.668088526102924324e-02 4.309390484015223066e-01 -8.494538343616888643e-01 1.141405482412096405e-02 -5.275394921561294970e-01 -2.499598605214667923e-01
-5.194318611529077367e-01 4.896543363870670129e-02 8.531077978325127820e-01 4.408388577546190845e+01 3.407058483499341567e-02 9.987497599948274019e-01 -3.658021458901120071e-02 3.866830822592149386e-01 -8.538323891953618627e-01 1.006495366206354609e-02 -5.204507288243324092e-01 -6.985644393049058598e-01
-5.121834752355958198e-01 4.821321388934873831e-02 8.575217550423851476e-01 4.486611544000510321e+01 3.207890767915905911e-02 9.988003910356654247e-01 -3.699624969795674290e-02 3.388555202153447632e-01 -8.582767872239017715e-01 8.559494469888720772e-03 -5.131156837941256432e-01 -1.175097899615481056e+00
-5.055877092312951460e-01 4.661752191090377806e-02 8.615148643405476925e-01 4.566891744928027919e+01 2.900466511206792677e-02 9.988931578122552946e-01 -3.702956419527828058e-02 2.895552447656883910e-01 -8.622875447972865315e-01 6.266258574995137685e-03 -5.063802302514097686e-01 -1.635700266869722475e+00
-5.011120291621077305e-01 4.443651492802552089e-02 8.642407748112086452e-01 4.648481823386637046e+01 2.494505799291758807e-02 9.990075037380378165e-01 -3.690191742598952773e-02 2.437204501412724711e-01 -8.650228266557820067e-01 3.066542481428832356e-03 -5.017231500066239303e-01 -2.095933465445275701e+00
-4.998789923179821626e-01 4.166075749133425071e-02 8.650926891239800742e-01 4.732668522425630897e+01 2.026887325227963790e-02 9.991315938243857664e-01 -3.640372177849847402e-02 2.054513544349163834e-01 -8.658580589048603393e-01 -6.630007683961797616e-04 -5.002893121463199977e-01 -2.548776034751412567e+00
-5.003735037676596553e-01 3.911627056795012602e-02 8.649255809373544990e-01 4.815349024663113653e+01 1.749886367465623357e-02 9.992317563700318095e-01 -3.506689032546973089e-02 1.540556758078305000e-01 -8.656328083238450377e-01 -2.411327039749068188e-03 -5.006735865154556819e-01 -3.018970393562141474e+00
-5.011615552523466244e-01 3.803023898064031294e-02 8.645176591182459624e-01 4.900614301647979687e+01 1.612991249978355107e-02 9.992708067896683977e-01 -3.460752213677795869e-02 1.132862121714659775e-01 -8.652034060246474034e-01 -3.399364520939755947e-03 -5.014095372938813799e-01 -3.518463233805986246e+00
-5.016951090717850503e-01 3.730740021066684953e-02 8.642396437898169914e-01 4.988198865562380746e+01 1.615041702331854526e-02 9.992993917842403206e-01 -3.376225078000465174e-02 6.258035426980013138e-02 -8.648937471681334976e-01 -2.980524527700767218e-03 -5.019461486453642429e-01 -4.028337886546345281e+00
-5.016708953264684689e-01 3.653714330604646010e-02 8.642866054815543375e-01 5.074833078003467079e+01 1.581811502934500624e-02 9.993280411630505178e-01 -3.306438191000783677e-02 1.722173319121271529e-02 -8.649139334912313570e-01 -2.916052226636298410e-03 -5.019117430880958297e-01 -4.521887842993629114e+00
-5.018709768606999244e-01 3.594395934949776855e-02 8.641953140622194995e-01 5.164379831122563758e+01 1.612771093835783931e-02 9.993513358399598312e-01 -3.219944818748016191e-02 -3.125577745484124648e-02 -8.647921321616645063e-01 -2.222475384299859094e-03 -5.021251261485709660e-01 -5.033728193803356454e+00
-5.023436918070104396e-01 3.550259837711552263e-02 8.639388677987271947e-01 5.252170116875612393e+01 1.572220581372189147e-02 9.993665690805436652e-01 -3.192605234143398169e-02 -8.605390181187794196e-02 -8.645250949868071855e-01 -2.454825397589663772e-03 -5.025836721557680464e-01 -5.545171390634752839e+00
-5.022712824811167431e-01 3.386393999166077695e-02 8.640467457508660409e-01 5.341820635292864239e+01 1.400023557205961645e-02 9.994203615144285902e-01 -3.103118378440793135e-02 -1.347245164446239651e-01 -8.645967641150855698e-01 -3.489213588391370038e-03 -5.024542510695330089e-01 -6.048024223166910573e+00
-5.025193813872718129e-01 3.330652712766533213e-02 8.639241477490090526e-01 5.433272731690426838e+01 1.367615628218589105e-02 9.994388795207300724e-01 -3.057595174594219395e-02 -1.894086787538486472e-01 -8.644577759468605738e-01 -3.549845794268823712e-03 -5.026929139577805961e-01 -6.557586813307781703e+00
-5.019992615018332716e-01 3.230943905945965477e-02 8.642643276638487526e-01 5.521855574283128476e+01 1.235385993172142573e-02 9.994678846502783598e-01 -3.018823733387685296e-02 -2.351442040801005051e-01 -8.647798193315701099e-01 -4.477471505429797202e-03 -5.021312874905993207e-01 -7.071797665344345951e+00
-5.006847179511554335e-01 3.107487818500553195e-02 8.650717609570951483e-01 5.612088935468165829e+01 1.186136186464187975e-02 9.995079024263482381e-01 -2.903895761000733697e-02 -2.913035848333958011e-01 -8.655484582946187944e-01 -4.278432207418920129e-03 -5.008069238090927522e-01 -7.585002399993806321e+00
-4.987627474283586881e-01 2.872701393845823389e-02 8.662623545222535304e-01 5.701862226747906703e+01 1.230270548805346281e-02 9.995845487612096125e-01 -2.606479028852170740e-02 -3.455803625576782112e-01 -8.666512433505019208e-01 -2.342774874556606112e-03 -4.989089570383679062e-01 -8.088664374879972030e+00
-4.960737959519133100e-01 2.760610536088814113e-02 8.678413900509133194e-01 5.791615083018663057e+01 1.315341084837589984e-02 9.996186808403463298e-01 -2.427922310073502010e-02 -3.891206585007400687e-01 -8.681807353229749058e-01 -6.292110762895831207e-04 -4.962477491760796666e-01 -8.599135069932193787e+00
-4.932982326515895077e-01 2.689694095355148196e-02 8.694443021566700125e-01 5.880340978061998669e+01 1.247784220734355319e-02 9.996377940961282960e-01 -2.384500044098783467e-02 -4.492808495439931105e-01 -8.697707569241959202e-01 -9.139068301799687429e-04 -4.934551741280283066e-01 -9.121246046730060897e+00
-4.916782729246916839e-01 2.730728279042805504e-02 8.703486511376219426e-01 5.970484622031049327e+01 1.326391500639780008e-02 9.996270681474805908e-01 -2.387034063034463791e-02 -4.980388867354086369e-01 -8.706759196189413075e-01 -1.922963790664898977e-04 -4.918571131384593120e-01 -9.615625748986353472e+00
-4.905776005891969715e-01 2.776095209656260013e-02 8.709551846210158432e-01 6.057919269654740901e+01 1.315791357436727448e-02 9.996144474061918750e-01 -2.445047695746419003e-02 -5.413984127609986485e-01 -8.712981691947443430e-01 -5.349023341097631536e-04 -4.907537345570869847e-01 -1.009361097583514244e+01
-4.908881826821112071e-01 2.871151419778547945e-02 8.707493481715348205e-01 6.148429741400362758e+01 1.232327879149525129e-02 9.995856605466567624e-01 -2.601238179353254631e-02 -5.886310501390639160e-01 -8.711354323123540189e-01 -2.038682926887695496e-03 -4.910386095604115098e-01 -1.061872571625651851e+01
-4.937680702408775435e-01 3.081042407555342061e-02 8.690476378853557726e-01 6.235856047203319719e+01 1.141378483476647790e-02 9.995156672756816407e-01 -2.895093027977033509e-02 -6.372202943974141220e-01 -8.695187351651074703e-01 -4.375921326151587139e-03 -4.938805869806162097e-01 -1.109233843463336733e+01
-4.984903857845475184e-01 3.140946260113221949e-02 8.663260167818245261e-01 6.323459029549025701e+01 1.020799074452418548e-02 9.994867933721927056e-01 -3.036357651818150788e-02 -6.874171450976731546e-01 -8.668351311515782864e-01 -6.292502131543821139e-03 -4.985551859376529116e-01 -1.157511499389233833e+01
-5.039645185214549628e-01 3.004121774193230926e-02 8.632017584613157490e-01 6.411635518373724096e+01 1.033381654517291984e-02 9.995331404775203987e-01 -2.875262253329888620e-02 -7.310554038299647006e-01 -8.636625432427842419e-01 -5.570132072813131600e-03 -5.040396795348802694e-01 -1.207872241941305802e+01
-5.093471820643666881e-01 2.782373008402863612e-02 8.601111990653097505e-01 6.498768888320093140e+01 1.308735723663506309e-02 9.996120429508703609e-01 -2.458626943021708505e-02 -7.957945183226481367e-01 -8.604616094833817952e-01 -1.266363602623660125e-03 -5.095137175404433894e-01 -1.260197879436798729e+01
-5.144810722715212892e-01 2.572663976787055093e-02 8.571157173657890649e-01 6.585007867494292100e+01 1.033150146204826585e-02 9.996632628273547372e-01 -2.380380247180264100e-02 -8.396885003077615428e-01 -8.574395013361206797e-01 -3.391312629304639708e-03 -5.145736233922564296e-01 -1.310953667757228303e+01
-5.194870702015477182e-01 2.770627832704580795e-02 8.540289999749252070e-01 6.666953723485941907e+01 1.132499515761339545e-02 9.996096391107683887e-01 -2.554043579471168904e-02 -8.891224706869536032e-01 -8.544032656672643222e-01 -3.596050975627334938e-03 -5.195980574366471094e-01 -1.360775310097942636e+01
-5.240862545351208102e-01 2.994968441684395244e-02 8.511384147464532424e-01 6.749685665712121363e+01 1.168461058345728401e-02 9.995402772254806667e-01 -2.797684859399046653e-02 -9.313513371542062602e-01 -8.515850395588964172e-01 -4.717059980535654416e-03 -5.241952717456146438e-01 -1.414683278267340150e+01
-5.292306455691003775e-01 3.041756820425091379e-02 8.479325930004552037e-01 6.836243744881188888e+01 1.062442836706184099e-02 9.995164192168126682e-01 -2.922412046583524464e-02 -9.803474510237084605e-01 -8.484114904536458335e-01 -6.457500180767660955e-03 -5.292978902669926988e-01 -1.465636316401784001e+01
-5.332856107146994873e-01 3.090102958765333224e-02 8.453706706440047292e-01 6.918039671160973114e+01 9.733306695996186628e-03 9.994905875212601876e-01 -3.039454190182492091e-02 -1.024985470579598434e+00 -8.458792655517668457e-01 -7.980718982466977057e-03 -5.333147187579304616e-01 -1.515175347270457884e+01
-5.365464115176756810e-01 2.966973604257708980e-02 8.433490630321804904e-01 6.999401554745701048e+01 9.231846931437767342e-03 9.995282978079331748e-01 -2.929086657855750619e-02 -1.090772858820419744e+00 -8.438203203126956042e-01 -7.930239044650653352e-03 -5.365672290477453421e-01 -1.567117454551234168e+01
-5.392489570247521735e-01 2.354025921137743727e-02 8.418173232067605039e-01 7.082534478432623359e+01 1.102466281339004039e-02 9.997209168083582842e-01 -2.089366617801947240e-02 -1.133380194876354441e+00 -8.420742430366476849e-01 -1.986134649829591689e-03 -5.393579863094090099e-01 -1.622588652304903079e+01
-5.410953152326838378e-01 1.584045586266153924e-02 8.408120639729156354e-01 7.163660387106703809e+01 1.246555179009332243e-02 9.998638153739882739e-01 -1.081483719475988606e-02 -1.153421449926338882e+00 -8.408688848103119673e-01 4.629329559669440736e-03 -5.412190875748876806e-01 -1.673143317323674495e+01
-5.432377392819386364e-01 1.361366265518727803e-02 8.394685306647214906e-01 7.245216859187208058e+01 1.340311401324453464e-02 9.998817330556689642e-01 -7.541645306056657047e-03 -1.177449125956384401e+00 -8.394719332424745994e-01 7.154587075776916438e-03 -5.433559588675817009e-01 -1.725951834182258082e+01
-5.438020248489973119e-01 1.747812019328326763e-02 8.390315013553912848e-01 7.326019888468265151e+01 1.205315449569535104e-02 9.998426401428879284e-01 -1.301600547954143497e-02 -1.230198138071833425e+00 -8.391269813174706549e-01 3.034847131806718556e-03 -5.439271199030553117e-01 -1.776672721913908859e+01
-5.454327019108243801e-01 2.230385171370494538e-02 8.378578000487952870e-01 7.405853877549748177e+01 1.191974308217835093e-02 9.997511942154674314e-01 -1.885389532929582224e-02 -1.284372018614700295e+00 -8.380698651768465623e-01 -2.964804354069645593e-04 -5.455628524603848284e-01 -1.829378421385852604e+01
-5.458699228646513024e-01 2.815630935500765264e-02 8.373967021600793315e-01 7.486424286250557714e+01 1.896656546020492745e-02 9.995943490852574609e-01 -2.124633236721250318e-02 -1.305314389090641791e+00 -8.376552442347517946e-01 4.284806514506940903e-03 -5.461825198944278981e-01 -1.882108422067141973e+01
-5.454837851356140188e-01 2.917486887391593925e-02 8.376134277863509503e-01 7.565765408397211900e+01 2.257142436245978406e-02 9.995428401085590941e-01 -2.011570411966785710e-02 -1.343206171319348829e+00 -8.378173920646195816e-01 7.933338696602532450e-03 -5.458929313530394012e-01 -1.934252013878971255e+01
-5.454172401131472947e-01 2.603705254562098392e-02 8.377601645484701320e-01 7.642896425883408540e+01 2.200751902213486308e-02 9.996176534246158374e-01 -1.673965447700212494e-02 -1.385283326892696065e+00 -8.378757155960707692e-01 9.306927617077447729e-03 -5.457817138076946906e-01 -1.986443674275773574e+01
-5.445033871203285303e-01 2.116194957678668026e-02 8.384916341287133035e-01 7.725673967760735650e+01 2.005778211215039630e-02 9.997243121079569805e-01 -1.220594625708117456e-02 -1.413077841251193290e+00 -8.385187882832069173e-01 1.017210443718484340e-02 -5.447777370828635890e-01 -2.037465416986805877e+01
-5.437220210036349810e-01 1.546612208888511683e-02 8.391228456677449765e-01 7.804075616205145138e+01 1.876688085291828428e-02 9.998042427024901313e-01 -6.267409838645246825e-03 -1.438940843670542868e+00 -8.390555283106883033e-01 1.233999076297866669e-02 -5.439058355009898094e-01 -2.087846265345478614e+01
-5.433657709726472662e-01 8.687997954977464549e-03 8.394510973198168191e-01 7.887701424398248662e+01 9.824054118557589560e-03 9.999437821345869004e-01 -3.990051916634563926e-03 -1.462995844365658549e+00 -8.394385852733330378e-01 6.078756362877992675e-03 -5.434205766508415358e-01 -2.140971089721607257e+01
-5.415854499641540309e-01 3.521794492781820090e-03 8.406383196584374939e-01 7.966883155097374924e+01 1.231436547413961849e-03 9.999934752133193827e-01 -3.396040805791398359e-03 -1.493742054635913696e+00 -8.406448093853510217e-01 -8.040526077908374944e-04 -5.415862542818538072e-01 -2.187468151036637209e+01
-5.397490988102712217e-01 4.292164398621656739e-03 8.418149884347099210e-01 8.048989127959201539e+01 4.733608005435770150e-03 9.999866672215570462e-01 -2.063571219480656027e-03 -1.513594528647808746e+00 -8.418126364669806794e-01 2.871012426554639743e-03 -5.397622210615519167e-01 -2.238945680373298330e+01
-5.365818196327608591e-01 7.205771617044042301e-03 8.438175245489499821e-01 8.127553145737829254e+01 9.788272114711766766e-03 9.999494146242408066e-01 -2.314714824463922748e-03 -1.536024881036857748e+00 -8.437915336444519188e-01 7.017482654815874500e-03 -5.366252096791034321e-01 -2.290730911396841663e+01
-5.317328471015501101e-01 9.905427617202179624e-03 8.468542075081362253e-01 8.204709496627904741e+01 1.007419202999647670e-02 9.999348322415542167e-01 -5.370466271206630025e-03 -1.565487949676583446e+00 -8.468522313500316256e-01 5.675719577101071868e-03 -5.317979856341592537e-01 -2.338949796497754008e+01
-5.239980881591362882e-01 1.235238952383457822e-02 8.516298543982773195e-01 8.284536335894306092e+01 1.578884115557806223e-02 9.998638857323629558e-01 -4.787742332963207566e-03 -1.585493487066822249e+00 -8.515730902360433285e-01 1.093748170547048301e-02 -5.241217956567589820e-01 -2.386459636198802414e+01
-5.154313143721730439e-01 1.506210853761333346e-02 8.567985059100402534e-01 8.364011105485407427e+01 2.347586022170597767e-02 9.997184441671272959e-01 -3.452005281053575122e-03 -1.623408711578600450e+00 -8.566092786180750096e-01 1.833481145361297651e-02 -5.156397888391947015e-01 -2.435192308397915895e+01
-5.057750806721277304e-01 1.492082851427691328e-02 8.625363315029811462e-01 8.441887922491139307e+01 2.254567945081603283e-02 9.997375134594449486e-01 -4.073878130617407042e-03 -1.631887153672720192e+00 -8.623707279079272370e-01 1.738600271021824642e-02 -5.059787229511214512e-01 -2.481623097342877315e+01
-4.945324251822951211e-01 1.176183696769214464e-02 8.690795855158854888e-01 8.526235704005046045e+01 1.818795548427212458e-02 9.998295224479427645e-01 -3.181868374557097166e-03 -1.655076814509438332e+00 -8.689688666301438325e-01 1.423324481356849289e-02 -4.946620434944151712e-01 -2.528097987554669501e+01
-4.833870454543154893e-01 8.781083633091206486e-03 8.753626922601023264e-01 8.605659068600766659e+01 1.950711779481527353e-02 9.998094422482544097e-01 7.426395043919254866e-04 -1.683890677929219759e+00 -8.751893791018676705e-01 1.743478658685941249e-02 -4.834662271694072366e-01 -2.573412301862109430e+01
-4.721264177040201404e-01 7.497565121077379331e-03 8.814989609688171912e-01 8.686559856833756044e+01 1.928914445347684400e-02 9.998122773141090436e-01 1.827294502166655621e-03 -1.704821166035456415e+00 -8.813197986312435450e-01 1.786607593035501734e-02 -4.721824117209225680e-01 -2.614783287716792159e+01
-4.599010391331815328e-01 6.614637286078351580e-03 8.879455313004677164e-01 8.771957149997527381e+01 1.886981353224466765e-02 9.998192450316698565e-01 2.325375037212615986e-03 -1.719492799785274695e+00 -8.877696646078431231e-01 1.782481013257905533e-02 -4.599427279560322490e-01 -2.655696692054243613e+01
-4.478498979098311517e-01 8.749031652850534913e-03 8.940659421928797146e-01 8.854025410500833004e+01 2.276246950075561451e-02 9.997395906212970251e-01 1.618915802241144026e-03 -1.733111300081805251e+00 -8.938189705843168076e-01 2.107618118445777483e-02 -4.479324244197269156e-01 -2.697093681373833007e+01
