1.000000000000000000e+00 -3.306050084167601550e-19 -2.270457535318767223e-19 -8.673617379884035472e-19 7.546676715296109287e-19 1.000000000000000000e+00 6.237773588823049983e-19 1.387778780781445676e-17 -3.447385680526250622e-20 4.770700176052009879e-20 1.000000000000000222e+00 5.551115123125782702e-17
9.998917131441099615e-01 -9.925992386975314007e-04 -1.468211990979561253e-02 9.765674927082577950e-02 9.952902560582720451e-04 9.999994886024060614e-01 1.759583030438556463e-04 -7.653733369004531162e-03 1.468193920083526310e-02 -1.905487100560460708e-04 9.998921353697255432e-01 5.911167216307910977e-01
9.998166441501199486e-01 -5.444131096656380439e-03 1.836262085403491187e-02 4.798241774023134787e-02 5.420011854910787748e-03 9.999843646480057746e-01 1.363204872285839284e-03 -1.323541908935163547e-02 -1.836975364603009656e-02 -1.263482799249989342e-03 9.998305152878731450e-01 7.432996008134968857e-01
9.997747100669600595e-01 -7.430297950366351357e-03 1.987968665231133747e-02 3.679843689423807629e-02 7.417711765219625955e-03 9.999722208980063032e-01 7.068170762723147366e-04 -1.753799006752072842e-02 -1.988438740186070780e-02 -5.591568545997873101e-04 9.998021002926633649e-01 8.989297658431616433e-01
9.998009099566960156e-01 -8.085337890323387663e-03 1.823473326964316840e-02 4.958105841743919162e-02 8.093309153292049113e-03 9.999671644538166149e-01 -3.631893750180858484e-04 -2.101181637666411917e-02 -1.823119915945397781e-02 5.107881089261519280e-04 9.998335281438089917e-01 1.249869383938727374e+00
9.998742095371030425e-01 -1.097931640707586025e-02 1.145226107591109863e-02 4.714447317400144444e-02 1.100410363102948853e-02 9.999372963906794087e-01 -2.104471430710280495e-03 -2.203153800129675766e-02 -1.142845361459122154e-02 2.230177893058917036e-03 9.999321940996837021e-01 1.563541902189721444e+00
9.999193264571721862e-01 -1.270432494628193076e-02 1.307770596066476562e-05 3.872150110527827066e-02 1.270428331842712519e-02 9.999119587729491387e-01 -3.835248365519520336e-03 -3.696949357026675653e-02 3.564553404779584236e-05 3.835105583493507962e-03 9.999926426492127263e-01 1.882732328670502664e+00
9.997965454911666994e-01 -1.187456962320306703e-02 -1.630315378615692853e-02 2.184426997714522534e-02 1.180953881725862152e-02 9.999219766488728345e-01 -4.078921620103631747e-03 -4.056793845249156982e-02 1.635031546914766584e-02 3.885545993108913913e-03 9.998587617192139509e-01 2.212322597411757741e+00
9.993090175422264521e-01 -6.717292627611325465e-03 -3.656319044631031051e-02 -1.363219062138914910e-02 6.575161553803294395e-03 9.999703659758255592e-01 -4.008228480379275385e-03 -4.305939257862363700e-02 3.658902759350726730e-02 3.765067721489634076e-03 9.993235432130578300e-01 2.556896033817324554e+00
9.984797454024288976e-01 -3.441274459353410586e-03 -5.501347053319265157e-02 -5.859821148746317127e-02 3.171300292769836746e-03 9.999824727100863342e-01 -4.994621403790385980e-03 -5.233980067360981259e-02 5.502970175620213594e-02 4.812551805102993803e-03 9.984732090763582812e-01 2.909437895796417095e+00
9.971897738838035874e-01 -2.086637046487841048e-03 -7.489672687988795097e-02 -1.075399582188733549e-01 1.720848125382288402e-03 9.999862853746830371e-01 -4.947549579821061694e-03 -5.093139740315627551e-02 7.490603032482495705e-02 4.804802177868588292e-03 9.971796789045079823e-01 3.272320214787056258e+00
9.953017881665437994e-01 -3.049286972206285105e-03 -9.678181545045769218e-02 -1.623060659236960079e-01 2.587744745728309727e-03 9.999846481015792765e-01 -4.892729392179761064e-03 -5.848075164564706108e-02 9.679526156469278608e-02 4.619318067241213327e-03 9.952944205319566029e-01 3.650315292882736706e+00
9.932957930166230742e-01 -4.284411790161999321e-03 -1.155304521116276295e-01 -2.200908850791938320e-01 3.883873808115412621e-03 9.999856117060564875e-01 -3.692030145381969709e-03 -6.579252716941304258e-02 1.155446267444770470e-01 3.218540629771484297e-03 9.932981922736278113e-01 4.037071979263768817e+00
9.911517175328060647e-01 -3.623706271824079714e-03 -1.327140138193308172e-01 -2.989507891046027654e-01 3.308585847936742260e-03 9.999911599907697068e-01 -2.594982984042417447e-03 -7.134122764420761098e-02 1.327222594128643351e-01 2.132980340099085211e-03 9.911549006060021982e-01 4.435729646194825904e+00
9.888394404470742804e-01 -2.158031278307236990e-03 -1.489735784042760802e-01 -3.795669295016925182e-01 1.885641267992945510e-03 9.999962886648156024e-01 -1.970264672232208483e-03 -7.886342477461999456e-02 1.489772823667692703e-01 1.667476138776415691e-03 9.888398280246460947e-01 4.852788371448450988e+00
9.867237320937539691e-01 -1.785917247354315562e-03 -1.624271684576421293e-01 -4.608770895544970769e-01 1.377330644175297049e-03 9.999955944577294531e-01 -2.628624358448225073e-03 -8.228582661685988897e-02 1.624311496632492025e-01 2.369969632148539659e-03 9.867217974109192546e-01 5.270744089085458661e+00
9.846327112143785643e-01 -3.403544813707472163e-03 -1.746218941158799720e-01 -5.488191585840805908e-01 2.913390717065194625e-03 9.999910709080142013e-01 -3.063180002430992890e-03 -9.020555924188690400e-02 1.746307719682132775e-01 2.507487449903469598e-03 9.846338110325146831e-01 5.707174969611127580e+00
9.829348074322427076e-01 -6.183081505445742546e-03 -1.838405693028915266e-01 -6.405556019360706399e-01 5.377230398127942276e-03 9.999735976144791261e-01 -4.881951679692389003e-03 -1.028124607509645627e-01 1.838659195253792289e-01 3.809920155919003463e-03 9.829421270081795114e-01 6.161596030727888973e+00
9.814345309591435695e-01 -4.608214906439566869e-03 -1.917877302213379653e-01 -7.395833794230765035e-01 3.418026583226486861e-03 9.999727835213083615e-01 -6.538184240916815847e-03 -1.102678342863065014e-01 1.918126494483034516e-01 5.761606359450072851e-03 9.814235270608386852e-01 6.627609484312609212e+00
9.798443873672559867e-01 -5.194662759363560811e-03 -1.996712639815587109e-01 -8.498048723956213024e-01 3.515203007936291545e-03 9.999554351080950365e-01 -8.763616932009494001e-03 -1.090915357042257366e-01 1.997079102459863864e-01 7.884919429979818026e-03 9.798189843636386787e-01 7.103653157573026178e+00
9.784568315568930030e-01 -5.566965638445720010e-03 -2.063323552809292749e-01 -9.616706619383095234e-01 3.313991659321953876e-03 9.999311166382791605e-01 -1.126146598879724549e-02 -1.201432119902788587e-01 2.063808266027201133e-01 1.033507679787631049e-02 9.784078634579652656e-01 7.589951208129739335e+00
9.766347639839008110e-01 -8.828689840777127415e-03 -2.147479186858989864e-01 -1.076318393923578309e+00 6.155597636624461112e-03 9.998948974772909892e-01 -1.311170822833903314e-02 -1.303378496522021035e-01 2.148411718357218225e-01 1.148322346339513203e-02 9.765867554699608766e-01 8.094702906878445958e+00
9.747805808601500699e-01 -1.453619502803999916e-02 -2.227055643767189286e-01 -1.188773369200454955e+00 1.179892135022201673e-02 9.998375583946383927e-01 -1.361426097686309865e-02 -1.499286603389979322e-01 2.228673468539779934e-01 1.064394835203235322e-02 9.747939086082185733e-01 8.610731239152727312e+00
9.731968139468539780e-01 -1.451235706682337499e-02 -2.294970467451097063e-01 -1.315206980047346041e+00 1.112600764954232123e-02 9.998093530745151281e-01 -1.604487334065738888e-02 -1.704981170918906108e-01 2.296861341322884165e-01 1.306121624639520508e-02 9.731728653043757449e-01 9.136176141781110260e+00
9.709424009740734718e-01 -1.159526910736661046e-02 -2.390380385593662282e-01 -1.471387394743848498e+00 6.885491866689292043e-03 9.997655246961126840e-01 -2.052235139816276435e-02 -1.730259241062740705e-01 2.392199863047071440e-01 1.828083453488298787e-02 9.707945262264815467e-01 9.668612428489781863e+00
9.691747705897747478e-01 -8.761084143115657058e-03 -2.461945089760280980e-01 -1.627028598032852713e+00 2.951411861765154167e-03 9.997085970403544186e-01 -2.395370438201421120e-02 -1.888302504462439912e-01 2.463326781723338965e-01 2.248868382233096958e-02 9.689183510817241940e-01 1.021312705964578704e+01
9.664864287164409706e-01 -1.009368619451228577e-02 -2.565032961670539735e-01 -1.783285207715725740e+00 3.618599945369351933e-03 9.996629895002174804e-01 -2.570559795329025246e-02 -2.135657768082577790e-01 2.566762644149685468e-01 2.391620513377828994e-02 9.661973430099958238e-01 1.077395677458927814e+01
9.644625236861446016e-01 -1.361082079752192441e-02 -2.638585412619632309e-01 -1.940560985713404740e+00 6.652525744343824703e-03 9.996065104752616115e-01 -2.725009450332854799e-02 -2.380306801172772380e-01 2.641256152651652589e-01 2.452642720802937840e-02 9.641737088538834266e-01 1.134544168396824304e+01
9.623266379458220721e-01 -1.273000778011175796e-02 -2.716224559479627487e-01 -2.118987945674921214e+00 4.806518608369264763e-03 9.995435599765248869e-01 -2.982334330874204797e-02 -2.564354589203394208e-01 2.718781999040407182e-01 2.739430535909781819e-02 9.619487479623580750e-01 1.193118895583012140e+01
9.600465481581226257e-01 -1.282967500611663890e-02 -2.796491411967506058e-01 -2.306874159699746851e+00 3.590273130620808602e-03 9.994308599205348198e-01 -3.353780702529821078e-02 -2.767658146415163944e-01 2.799204336457453146e-01 3.119358231005794208e-02 9.595462845292224152e-01 1.252180231111153930e+01
9.578697873597855628e-01 -1.347304977348593585e-02 -2.869380482825552026e-01 -2.498700924129749978e+00 2.576897639032097505e-03 9.992619508302100773e-01 -3.831794963148932309e-02 -3.099405806206623204e-01 2.872426860905500923e-01 3.596436872417552860e-02 9.571976118046640059e-01 1.312278905426289199e+01
9.558860242660532913e-01 -1.423929648061780448e-02 -2.934327821660668856e-01 -2.698361967898202707e+00 9.073639879231303529e-04 9.989626263667288342e-01 -4.552879509021099530e-02 -3.442346728580217841e-01 2.937767920716756187e-01 4.325388689039904450e-02 9.549074733868408993e-01 1.374178211608758104e+01
9.545894813275752622e-01 -1.545353607501578734e-02 -2.974452746546151771e-01 -2.903091632251685095e+00 -5.635605122539350757e-04 9.985582363659183391e-01 -5.367796195097657846e-02 -3.785955912855494820e-01 2.978458495457105837e-01 5.140813603291225636e-02 9.532045638769411910e-01 1.436687321541985973e+01
9.535463249811486630e-01 -1.516132947758695726e-02 -3.007631718653889230e-01 -3.115150030506535384e+00 -3.944460694258478291e-03 9.980185800639123084e-01 -6.277790069121581829e-02 -4.227315814827836138e-01 3.011189688799830733e-01 6.104832846611412539e-02 9.515973955416398011e-01 1.500752936677476690e+01
9.527525275609233235e-01 -1.468582166866852501e-02 -3.034446187075362511e-01 -3.335178375534823658e+00 -7.421465071478811071e-03 9.974067675712641190e-01 -7.156623693138462750e-02 -4.684296971878555982e-01 3.037093469769709397e-01 7.043500267709572327e-02 9.501729769205776721e-01 1.565088430510787987e+01
9.512303329711521149e-01 -1.401964066972916090e-02 -3.082062234336079287e-01 -3.559674255745821636e+00 -1.078517917875178658e-02 9.968445590493819619e-01 -7.863598319290157623e-02 -5.243835988126290815e-01 3.083367171493366365e-01 7.812305601317123815e-02 9.480775447127119948e-01 1.631262224306470188e+01
9.494115488435457273e-01 -1.314866594523397998e-02 -3.138565330212602644e-01 -3.796096750652309559e+00 -1.412994538684879224e-02 9.963224989838870282e-01 -8.451358768677964817e-02 -5.853460738408642339e-01 3.138136580887717630e-01 8.467260391559038035e-02 9.457344175007842413e-01 1.697572823422607513e+01
9.480250013508429996e-01 -1.120096149451196323e-02 -3.180555254552306921e-01 -4.042384966748026720e+00 -1.873025581484244126e-02 9.956829461615948063e-01 -9.092681005855639265e-02 -6.496982038660641390e-01 3.177012421829430999e-01 9.215716659595681037e-02 9.437224223415359159e-01 1.765532352372099112e+01
9.465781737265638318e-01 -1.020008220019937364e-02 -3.224126227338476869e-01 -4.289859490531417130e+00 -2.193684632161273587e-02 9.951475007775865134e-01 -9.590582071287546972e-02 -7.231073043556195401e-01 3.218271251339873129e-01 9.785181905245257661e-02 9.417611328421938710e-01 1.834047911316812218e+01
9.448469406401045489e-01 -6.263506501473900881e-03 -3.274545390826599234e-01 -4.553885872403176549e+00 -2.776493043092579174e-02 9.946858611216907731e-01 -9.913033601964615915e-02 -7.995672398531679104e-01 3.263345544300788603e-01 1.027570529017776124e-01 9.396521595571746266e-01 1.904097831291863940e+01
9.433654395407187199e-01 -6.138660665246484412e-03 -3.317092253603685648e-01 -4.823783450381445626e+00 -2.915138054388495548e-02 9.944276324424138336e-01 -1.013039147435758347e-01 -8.739195235999824840e-01 3.304835580487315849e-01 1.052332593319032783e-01 9.379295151254798402e-01 1.974692016444245724e+01
9.408688816558750112e-01 -5.484180179521389031e-03 -3.386938345263968420e-01 -5.091525940557934504e+00 -3.022804071370111326e-02 9.945215519896180023e-01 -1.000605042292437991e-01 -9.596028014898607683e-01 3.373867350754427008e-01 1.043832011240689028e-01 9.355486423013151809e-01 2.047479734945308039e+01
9.387873114988241063e-01 -4.484602319748414237e-03 -3.444796064574461858e-01 -5.369811037912328722e+00 -3.137231358694073796e-02 9.946474035882177933e-01 -9.844368667890310287e-02 -1.043592666867186658e+00 3.430770535115428843e-01 1.032252481936578592e-01 9.336217142990973494e-01 2.120071228824209086e+01
9.364373957854904562e-01 -5.661602128397889497e-03 -3.507301569959083154e-01 -5.659428845283867027e+00 -3.007979737653956182e-02 9.948922779993900622e-01 -9.634318976639533183e-02 -1.128011857578020916e+00 3.494836769121979492e-01 1.007712282912644197e-01 9.314840969861463149e-01 2.194023501752614536e+01
9.342019632936614526e-01 -4.317581223331843493e-03 -3.567140041748761981e-01 -5.949974583336395284e+00 -3.055547285671761024e-02 9.952839042714560769e-01 -9.207962297776955962e-02 -1.210209533207688981e+00 3.554296553304001627e-01 9.691989315861797294e-02 9.296641845055003683e-01 2.267634854916387255e+01
9.297383045296485626e-01 -2.282937308765099500e-03 -3.682657411108359868e-01 -6.273957281901814120e+00 -3.216992689809927003e-02 9.956534786210815557e-01 -8.740831058425398148e-02 -1.285743234160842574e+00 3.668644779333481987e-01 9.311442620646957768e-02 9.256239038381006701e-01 2.344090919665022810e+01
9.267241855178752763e-01 1.362471106564417853e-04 -3.756736067375496257e-01 -6.591649211422947019e+00 -3.344711640457708607e-02 9.960599091487032375e-01 -8.213064949119415481e-02 -1.365419053328686960e+00 3.741815527280554776e-01 8.868161228657386874e-02 9.230773998745899211e-01 2.419282207143491803e+01
9.236581789773473661e-01 4.266553734771707206e-03 -3.831933304515767191e-01 -6.928260282293401850e+00 -3.659962821893973650e-02 9.963493014487162514e-01 -7.713772505756065490e-02 -1.438643368770694986e+00 3.814652665045791258e-01 8.527456872932884235e-02 9.204422699973681121e-01 2.495382109521959535e+01
9.198508731036467712e-01 4.023060017424161250e-03 -3.922213145511864174e-01 -7.265097340744809173e+00 -3.685526050458549918e-02 9.964105261096186661e-01 -7.621259070187356988e-02 -1.512787788586989812e+00 3.905067753896118155e-01 8.456067748411019713e-02 9.166972394547950875e-01 2.572112928696684264e+01
9.158578599567177569e-01 6.091001527807689449e-03 -4.014803934483903158e-01 -7.618215674890352673e+00 -3.926748122182840278e-02 9.964501737802149428e-01 -7.447142029627137894e-02 -1.587781847877505648e+00 3.996015943742088905e-01 8.397135803174184121e-02 9.128459131395934012e-01 2.649166973159360694e+01
9.124763049864322850e-01 5.983938309376589729e-03 -4.091013874307760090e-01 -7.979546468940719173e+00 -3.946338868465058825e-02 9.965179740452184687e-01 -7.343739031855243959e-02 -1.654283677435831157e+00 4.072373987741100265e-01 8.315282354117928265e-02 9.095352076245386552e-01 2.726558135353324985e+01
9.080305894036331260e-01 6.574263578936859719e-03 -4.187745816179998526e-01 -8.356464889390251116e+00 -4.000810527018726359e-02 9.966670320498165481e-01 -7.108818834971124268e-02 -1.723621406227425989e+00 4.169108393476230745e-01 8.130994105511042680e-02 9.052673930042532957e-01 2.805505043967974288e+01
9.047731896245988503e-01 6.463779293944056821e-03 -4.258849846103386905e-01 -8.741269151993302344e+00 -3.964949480493011602e-02 9.968207975729928005e-01 -6.911618246321958592e-02 -1.796197773918585927e+00 4.240845843207317056e-01 7.941806655220454148e-02 9.021528919032083538e-01 2.884692805737563148e+01
9.011866058923123646e-01 7.410571720914188067e-03 -4.334091494706764913e-01 -9.135751982042124908e+00 -3.918219057333072880e-02 9.971529187449448273e-01 -6.443694976955179066e-02 -1.862108934409146155e+00 4.316980571240441877e-01 7.504987722072378742e-02 8.989111038341174309e-01 2.964897916756261509e+01
8.972578806256383821e-01 8.682875683196977779e-03 -4.414486031380429054e-01 -9.550520782409778420e+00 -3.865881861626530719e-02 9.975115674357464268e-01 -5.894378723088705002e-02 -1.924245186101620986e+00 4.398382050041533264e-01 6.995127022039011877e-02 8.953606903358322100e-01 3.046306871544267025e+01
8.940506626274068447e-01 6.564535779037165321e-03 -4.479299591865498198e-01 -9.961127415913395566e+00 -3.478377375419835354e-02 9.978911060343085282e-01 -5.479855946400222222e-02 -1.990115142039741380e+00 4.466257532401807784e-01 6.457138021778491277e-02 8.923934273565037323e-01 3.127328333702479313e+01
8.905364208852200036e-01 7.323342345623228868e-03 -4.549348117023283011e-01 -1.039032013452093217e+01 -3.525039618469575503e-02 9.979748583972273268e-01 -5.293645914492654120e-02 -2.047904954378159559e+00 4.536258500281355466e-01 6.317570965935538629e-02 8.889912574912345322e-01 3.209197002424777168e+01
8.868586493369918777e-01 7.832679207342572308e-03 -4.619058671759913026e-01 -1.083517882013198452e+01 -3.520238517068503131e-02 9.980956067071319326e-01 -5.066249373397038042e-02 -2.106848830597935596e+00 4.606295211651842414e-01 6.119253119278367931e-02 8.854454336302541861e-01 3.292285752811508814e+01
8.849351151265750781e-01 8.707466185731949429e-03 -4.657423718129054535e-01 -1.128682814670245804e+01 -3.528385065412618232e-02 9.982049925502575194e-01 -4.838173470767923035e-02 -2.157445862272465487e+00 4.644850469558529094e-01 5.924521698147570264e-02 8.836542162443712378e-01 3.375716578658791178e+01
8.813080384861355920e-01 7.816643982730415996e-03 -4.724830934564422935e-01 -1.175183735497811810e+01 -3.400926070928073086e-02 9.983195218273950289e-01 -4.692120051737166259e-02 -2.209794345837515106e+00 4.713223859621598621e-01 5.742068134962902137e-02 8.800927651564404153e-01 3.460906257432774424e+01
8.790088756448760643e-01 5.938112510088445171e-03 -4.766601522277491565e-01 -1.222475409240870015e+01 -3.252461167802140479e-02 9.983401681861422405e-01 -4.753949112948811784e-02 -2.265254084129511902e+00 4.755866848931836199e-01 5.729441693984343303e-02 8.777429213674989850e-01 3.546754820374959394e+01
8.773946369845329052e-01 5.529163157246020158e-03 -4.797017631413416638e-01 -1.271026324739892033e+01 -3.196308107490054840e-02 9.983856802483547233e-01 -4.694007830857845065e-02 -2.321585214609386938e+00 4.786676486051000268e-01 5.651860795765917267e-02 8.761550455829695272e-01 3.633206194323152260e+01
8.752071637770010293e-01 5.261958726490816030e-03 -4.836497851428655514e-01 -1.320678215143341028e+01 -3.234738659215439377e-02 9.983394833635340637e-01 -4.767989915599817052e-02 -2.372498967217435695e+00 4.825960077718167707e-01 5.737604371645577128e-02 8.739239105491318771e-01 3.720724534044786225e+01
8.751542816634347854e-01 5.172332836003424444e-03 -4.838797418595446875e-01 -1.370929960724846275e+01 -3.180621389425190848e-02 9.983949324993520724e-01 -4.685708127165969655e-02 -2.427425901270555464e+00 4.828607164204508084e-01 5.639673986220174184e-02 8.739143101787968382e-01 3.809664764699513739e+01
8.748402533717374308e-01 6.756720638382263631e-03 -4.843976848896524023e-01 -1.421912660198048250e+01 -3.229160352949775326e-02 9.984920272766691918e-01 -4.440779572175445472e-02 -2.481553452617650812e+00 4.833672663008193870e-01 5.449281145636649532e-02 8.737392239444893294e-01 3.899287420692837003e+01
8.746957720021462102e-01 4.776583926737695308e-03 -4.845775162784096146e-01 -1.473184374406283048e+01 -2.997586639819341259e-02 9.985702313025105470e-01 -4.425807359740260155e-02 -2.539817155113338387e+00 4.836731647999983341e-01 5.324182168677804583e-02 8.735883019626775603e-01 3.990548657769793550e+01
8.745388686203061646e-01 3.221142332987081240e-03 -4.848305884155502676e-01 -1.524635913738081605e+01 -2.819161804134078311e-02 9.986245198745443696e-01 -4.420858588930363930e-02 -2.592911321256451629e+00 4.840210329425368996e-01 5.233555169759646769e-02 8.734269278007734671e-01 4.082681854006239064e+01
8.732669420653228487e-01 1.679213430926710694e-03 -4.872799870856579507e-01 -1.578317870285773417e+01 -2.699691389901333338e-02 9.986246927589087496e-01 -4.493895192488707446e-02 -2.653743667938140316e+00 4.865344138868524237e-01 5.239781682752966963e-02 8.721111842370481426e-01 4.175947690003459201e+01
8.721810674573572397e-01 1.245184301486408629e-03 -4.890914332562551481e-01 -1.630856230012408048e+01 -2.545202686564401739e-02 9.987578379138390972e-01 -4.284099890231809343e-02 -2.709917486736754366e+00 4.884304312872089771e-01 4.981720306899617423e-02 8.711293257346082175e-01 4.269087386759695590e+01
8.697245784086461429e-01 1.587495225337415793e-03 -4.934186156241692212e-01 -1.684914257149242900e+01 -2.388072333171540468e-02 9.989588768644058758e-01 -3.886048449033302488e-02 -2.765114725313075006e+00 4.928428683613297334e-01 4.558503350449845393e-02 8.688570282016798707e-01 4.362439175408482583e+01
8.678836142159324085e-01 1.228827571040961523e-03 -4.968550792228279556e-01 -1.739177828825409478e+01 -2.127264596487264334e-02 9.991716552185996303e-01 -3.470021311274874842e-02 -2.818989385111274615e+00 4.964010564406428072e-01 4.068353630221636236e-02 8.671908653234638997e-01 4.455537714578476027e+01
8.637292005709352738e-01 6.623461117157912036e-04 -5.039766127781903915e-01 -1.793054177873585786e+01 -1.984619565675080355e-02 9.992681797093946328e-01 -3.269585960058127294e-02 -2.873156071072862083e+00 5.035862184707740052e-01 3.823971764270474305e-02 8.631101574660999809e-01 4.548649860324475469e+01
8.583359702131715396e-01 -3.098405545048408139e-03 -5.129766448103812992e-01 -1.849504861785927901e+01 -1.754509935390791489e-02 9.992197859570493002e-01 -3.538043048779598160e-02 -2.929672302948578277e+00 5.126862194128907202e-01 3.936770704108254193e-02 8.576117066555547508e-01 4.639868934575864046e+01
8.529519415730598686e-01 -5.186707849751860493e-03 -5.218190566455235269e-01 -1.905951539883415080e+01 -1.725710172365568090e-02 9.991239524160241414e-01 -3.813569507888817794e-02 -2.988643397438756288e+00 5.215593917152123726e-01 4.153736467917384934e-02 8.521150754780791869e-01 4.730752207107248353e+01
8.465369511542010228e-01 -6.532102730070844625e-03 -5.323548835929252654e-01 -1.963814120766220483e+01 -1.601323748025070687e-02 9.991597775817482319e-01 -3.773826894724491982e-02 -3.044083952541310811e+00 5.321541115578154457e-01 4.047143355617992960e-02 8.457210249604928398e-01 4.821056736566460899e+01
8.410976522964175306e-01 -2.623785930837555045e-03 -5.408010089379172713e-01 -2.023917237650580248e+01 -1.746259089867335454e-02 9.993351989907083288e-01 -3.200953794622737880e-02 -3.089024214407840585e+00 5.405254385524722593e-01 3.636892796400718192e-02 8.404925775802145616e-01 4.911561250990841643e+01
8.373648023297917131e-01 1.026437913804319592e-03 -5.467869821271866826e-01 -2.084283055585679989e+01 -1.908256947025621306e-02 9.994437575796228934e-01 -2.734693697964912795e-02 -3.138165243293070450e+00 5.464549759039858401e-01 3.332741494894306961e-02 8.369184756130467751e-01 5.001514144405392415e+01
8.324384464643276305e-01 1.509197501028557284e-03 -5.541085929752892492e-01 -2.144799621163743453e+01 -2.098958688097581071e-02 9.993646088371894720e-01 -2.880089337082421611e-02 -3.187943539391335346e+00 5.537130174267986815e-01 3.560518923453531021e-02 8.319410962907377582e-01 5.090361944387755955e+01
8.290112893457960430e-01 -1.540782611218535617e-04 -5.593151710903171425e-01 -2.206282516703380026e+01 -2.242266941646540654e-02 9.991867698165407541e-01 -3.350362385515003039e-02 -3.235525602591676542e+00 5.588656319042272225e-01 4.031052296737512586e-02 8.283333939702927085e-01 5.178808649697164412e+01
8.264001441544488458e-01 -2.093453755572325086e-03 -5.631924005543638145e-01 -2.267877574378564987e+01 -2.450800752224635906e-02 9.989117581145462443e-01 -3.967553999268699783e-02 -3.294925021871239146e+00 5.626627937941781621e-01 4.658557298295434856e-02 8.254494040168632862e-01 5.266916554048176380e+01
8.229255856265167424e-01 -2.515264968838618834e-03 -5.681610062488192670e-01 -2.329737954837343850e+01 -2.531245637952842659e-02 9.988349527182625032e-01 -4.108036568292446067e-02 -3.348855722759388698e+00 5.676025865234723966e-01 4.818443710649564227e-02 8.219029872365809508e-01 5.354164940703986275e+01
8.200381837625968506e-01 -2.062597933661458258e-03 -5.722814175863940589e-01 -2.391533047278988278e+01 -2.309373633555939984e-02 9.990598585678335253e-01 -3.669162953077675926e-02 -3.406971566592600809e+00 5.718190200562711656e-01 4.330696464524381312e-02 8.192196022656698107e-01 5.442171620052304348e+01
8.154906758702344938e-01 5.913876152143732277e-04 -5.787802929814577224e-01 -2.456045283876557761e+01 -2.257072810863844370e-02 9.992712641261261020e-01 -3.077161626977050965e-02 -3.454719849233196971e+00 5.783403227172981831e-01 3.815798476817570256e-02 8.149097528518450817e-01 5.530002478852613734e+01
8.131230760083653086e-01 1.872390742734674797e-03 -5.821010717978518656e-01 -2.519889230297870952e+01 -2.236937019670997076e-02 9.993568214281384199e-01 -2.804049252368698633e-02 -3.506526040209697381e+00 5.816742637970443441e-01 3.582104629852479044e-02 8.126418152481277302e-01 5.618017431903815151e+01
8.110002358025583113e-01 3.595111463378570550e-03 -5.851087238697049164e-01 -2.583847107870682436e+01 -2.488596028929239076e-02 9.992881014150222230e-01 -2.835161347293314524e-02 -3.553439484386244906e+00 5.845902270941845114e-01 3.755235672595212681e-02 8.105123367440590920e-01 5.705093683558279594e+01
8.078478123218061357e-01 1.609690727849813182e-03 -5.894515792175304414e-01 -2.649416335268472977e+01 -2.382658006388315569e-02 9.992680314315952605e-01 -2.992349383446758770e-02 -3.601021006052175011e+00 5.889717930700160142e-01 3.821813428723379313e-02 8.072949142650924781e-01 5.792514082288239052e+01
8.037421811627787349e-01 -4.270567306151867165e-04 -5.949914651672126853e-01 -2.714685531766486548e+01 -2.342547610505570435e-02 9.992016564416752455e-01 -3.235990964854953272e-02 -3.652398737325548872e+00 5.945299490646540619e-01 3.995259524402439838e-02 8.030906796837542494e-01 5.878882876166229465e+01
7.994479990349157017e-01 -1.620045639440680389e-03 -6.006424343196773430e-01 -2.779731214755002355e+01 -2.262090942487679848e-02 9.992059581022924020e-01 -3.279932218898230778e-02 -3.700935562735505169e+00 6.002184253952892456e-01 3.981308144866283621e-02 7.987766296776724895e-01 5.965431446611576405e+01
7.952661577849285957e-01 -2.045591041718610587e-03 -6.063189211167060444e-01 -2.847809209834319688e+01 -2.156320928454440525e-02 9.992662235718640096e-01 -3.164953477083237016e-02 -3.745882493080532782e+00 6.059387624740558698e-01 3.824287836204241092e-02 7.946384322036934567e-01 6.051947330516630785e+01
7.904045169524889225e-01 -1.092048941898485399e-03 -6.125843061513345233e-01 -2.915435364915083838e+01 -2.197625396911576795e-02 9.993042678134771428e-01 -3.013783369426496425e-02 -3.793795080060369695e+00 6.121913180992045733e-01 3.727784018688885120e-02 7.898303950359751857e-01 6.138273497441331017e+01
7.846815753525533399e-01 -2.759527358073696028e-03 -6.198540958243736743e-01 -2.984313313434798687e+01 -2.142512591279733397e-02 9.992720074863439272e-01 -3.157207527148203630e-02 -3.846237167663051348e+00 6.194901376934850434e-01 3.805168333261483432e-02 7.840510849200446053e-01 6.224258569088612347e+01
7.796903618332612362e-01 -3.982797993423736228e-03 -6.260920892845834862e-01 -3.053799452256931346e+01 -2.088485770941168537e-02 9.992580137184584599e-01 -3.236470572015136271e-02 -3.899692566091071289e+00 6.257566166926546991e-01 3.831046261429382066e-02 7.790284663748554550e-01 6.309310473619422055e+01
7.756236127739254416e-01 -4.246447522294961169e-03 -6.312208699623831354e-01 -3.124214403586720934e+01 -2.083675378161782554e-02 9.992600582405416487e-01 -3.232640867997297468e-02 -3.948885359847658538e+00 6.308911437520726695e-01 3.822684068650564898e-02 7.749611304114669696e-01 6.394367591268903084e+01
7.688742223764805095e-01 -6.126269823919391205e-03 -6.393969083010930810e-01 -3.195720810970211545e+01 -2.023995295773641998e-02 9.992198387044790575e-01 -3.391374719482059125e-02 -3.998661854371158952e+00 6.391060245304449605e-01 3.901462788584407482e-02 7.681503313140600753e-01 6.479290276151249373e+01
7.632032280113891787e-01 -7.234325881836628676e-03 -6.461948693610052308e-01 -3.267614811078840376e+01 -1.958458388617155196e-02 9.992189100547370639e-01 -3.431756363218531336e-02 -4.050152603262397122e+00 6.459383548330678293e-01 3.884754958437160871e-02 7.624653641273247962e-01 6.563483856186914522e+01
7.566152239136892943e-01 -9.334114193447545435e-03 -6.537145819195566698e-01 -3.341988040988258746e+01 -1.804470078513505799e-02 9.992191984774778657e-01 -3.515550382935609536e-02 -4.109155403929263706e+00 6.535324915377990207e-01 3.839575192189948610e-02 7.558558961932750897e-01 6.647635508945917593e+01
7.501187237919521023e-01 -8.544873664785962095e-03 -6.612378037945909615e-01 -3.416674796732399955e+01 -1.751544980779119048e-02 9.993089872474374413e-01 -3.277699689208206368e-02 -4.158619607424020259e+00 6.610609862517415891e-01 3.616856721585440249e-02 7.494506487552272667e-01 6.731590470887182676e+01
7.456237709083808340e-01 -9.893889563708962651e-03 -6.662933751126489668e-01 -3.491796161307991042e+01 -1.543625356060801881e-02 9.993649953123819873e-01 -3.211105510287232123e-02 -4.213182531108594198e+00 6.661880914267284126e-01 3.422643971219933856e-02 7.449976534569717757e-01 6.814582295801372425e+01
7.384399405422121809e-01 -1.084883849126894347e-02 -6.741976120584693977e-01 -3.568668281704001544e+01 -1.516309953173351592e-02 9.993506836690266848e-01 -3.269142036977903953e-02 -4.263907498592031331e+00 6.741144363814410845e-01 3.436559212758911325e-02 7.377959093352089992e-01 6.897742757595925411e+01
7.323933644385309805e-01 -1.302055035563546952e-02 -6.808082297677710004e-01 -3.646667924014329287e+01 -1.453376652188894183e-02 9.992904368470516552e-01 -3.475278786026833600e-02 -4.320113033060885677e+00 6.807776484106894399e-01 3.534919173129053016e-02 7.316843761283580161e-01 6.980182980720418584e+01
7.270171804035026053e-01 -1.237791979425624869e-02 -6.865459511590822350e-01 -3.726322102488579446e+01 -1.558938517216433214e-02 9.992822054749075367e-01 -3.452006436578821530e-02 -4.369456850414314530e+00 6.864804152410783900e-01 3.579970520850241783e-02 7.263022257358173750e-01 7.062936956187179760e+01
7.217815138868425295e-01 -1.174755692869144247e-02 -6.921916338638232080e-01 -3.806636204126666456e+01 -1.538597630794475216e-02 9.993365781882225241e-01 -3.301513078874265816e-02 -4.425800896511362659e+00 6.921202789449819592e-01 3.447613555907804578e-02 7.211219076960534435e-01 7.144457843332092750e+01
7.173982539938009717e-01 -1.175560999565758262e-02 -6.966578455768317468e-01 -3.887399466980286888e+01 -1.607141252313606244e-02 9.993122370923001041e-01 -3.341414646281174600e-02 -4.477629635465788738e+00 6.965716443123106671e-01 3.516654664702751482e-02 7.167159486760144027e-01 7.226094492174378559e+01
7.122390693662095096e-01 -1.234181611906337746e-02 -7.019954336032949715e-01 -3.969878686906595533e+01 -1.613542135972483027e-02 9.992934211660798871e-01 -3.395112245372231691e-02 -4.527031981541255412e+00 7.019185981912353656e-01 3.550716824107197356e-02 7.115366289211410011e-01 7.307481916482610984e+01
7.058951898887628751e-01 -1.424144406879014960e-02 -7.082134958620643905e-01 -4.052830660795833495e+01 -1.667135242249641325e-02 9.991868571971433965e-01 -3.671278351714877403e-02 -4.584832184955767609e+00 7.081604875714871961e-01 3.772373761414903048e-02 7.050836800526133485e-01 7.388688746443550315e+01
7.023199749108697265e-01 -1.616911987929781774e-02 -7.116829453753887869e-01 -4.135230247769489154e+01 -1.699559158881638193e-02 9.990761005819179807e-01 -3.946544695003252612e-02 -4.648395114436524977e+00 7.116640358681076695e-01 3.980829509703467245e-02 7.013963186684369910e-01 7.469860710397685466e+01
6.968342618584937309e-01 -1.599226277669352214e-02 -7.170212183336710510e-01 -4.220347740972081851e+01 -1.786032512750293857e-02 9.990544565610290917e-01 -3.964308578217372314e-02 -4.708393204711782687e+00 7.169771888255835890e-01 4.043315501624712011e-02 6.958896910615256504e-01 7.550275247689751268e+01
6.916993292270605664e-01 -1.640904470451735528e-02 -7.221639794254881561e-01 -4.305924063123796230e+01 -1.630786531591448679e-02 9.991319487139669331e-01 -3.832235405001335055e-02 -4.764775149275541466e+00 7.221664104551901442e-01 3.827709639744978493e-02 6.908315080659002128e-01 7.630563376221684280e+01
6.874783506300244929e-01 -1.701065161223319980e-02 -7.259772852975973079e-01 -4.392192727595929824e+01 -1.489242094718228049e-02 9.991850796270170809e-01 -3.750625196939943312e-02 -4.823287006593933057e+00 7.260240129885683347e-01 3.659318451118936943e-02 6.866647190616537166e-01 7.711882466972818406e+01
6.824458271512213736e-01 -1.741650118863566701e-02 -7.307933631661900353e-01 -4.479560533826735025e+01 -1.487101345055964578e-02 9.991782721552031621e-01 -3.770403197294517478e-02 -4.891718971389117598e+00 7.308496216611292118e-01 3.659890666405197363e-02 6.816260370690029324e-01 7.791492503913546841e+01
6.777638358228978976e-01 -1.832925498200240963e-02 -7.349988741689638116e-01 -4.567185254677657014e+01 -1.371466120087151165e-02 9.992001206994188811e-01 -3.756589663100606824e-02 -4.949442853836200307e+00 7.350995063579487399e-01 3.554282093020426359e-02 6.769703315025858981e-01 7.871943717187419054e+01
6.730354997935514838e-01 -2.022647987904731270e-02 -7.393147677871780843e-01 -4.655675316736981983e+01 -1.184932824518966296e-02 9.992028473894154494e-01 -3.812974190914400485e-02 -5.008633546336839437e+00 7.394962881145785705e-01 3.442706175677845426e-02 6.722592738764507914e-01 7.951779961329926039e+01
6.688894113314985956e-01 -2.082540914223767262e-02 -7.431254303913867876e-01 -4.745930707641748825e+01 -9.952187998316781165e-03 9.992671069358486369e-01 -3.695840416692865865e-02 -5.065470734196555469e+00 7.433506941006549074e-01 3.211106600737452521e-02 6.681919557583793079e-01 8.031040506826496994e+01
6.662661698194652926e-01 -2.374274081795259977e-02 -7.452699912299938223e-01 -4.835283945313826592e+01 -7.291746250185832112e-03 9.992377664868631326e-01 -3.834984401952643701e-02 -5.127406040871623993e+00 7.456124905945626935e-01 3.098316105785550376e-02 6.655852622829968590e-01 8.110649623117508611e+01
6.607806500908196545e-01 -2.901261926630825660e-02 -7.500163830675915522e-01 -4.925817431030836246e+01 -3.439544760352701482e-03 9.991251532197846785e-01 -4.168134126303665865e-02 -5.191938759384423285e+00 7.505694382906338280e-01 3.012131348485412585e-02 6.601028918149757230e-01 8.189552308925583191e+01
6.556473975963671430e-01 -3.287384549387153965e-02 -7.543505669677144088e-01 -5.017347057549649492e+01 7.599688410321334478e-04 9.990800956692313939e-01 -4.287152078590479587e-02 -5.247545794940314146e+00 7.550660913529655405e-01 2.753307876938592899e-02 6.550691976752585077e-01 8.269339440921956452e+01
6.508763582658065872e-01 -3.655212707233616853e-02 -7.583045781749673253e-01 -5.109799900982840626e+01 5.591285903641110382e-03 9.990440285318964442e-01 -4.335925716939881269e-02 -5.318721006913189164e+00 7.591643363739464245e-01 2.398191315050732936e-02 6.504585914547080794e-01 8.347436852526151085e+01
6.417004054218133913e-01 -4.091164478260052306e-02 -7.657780638311412202e-01 -5.202594469520576581e+01 1.163567705155235318e-02 9.989807330474220759e-01 -4.360975972410715412e-02 -5.385787951772975646e+00 7.667816768303324926e-01 1.907289441624461859e-02 6.415222378239472389e-01 8.425701101709866236e+01
6.339818071437539615e-01 -4.166994476936274755e-02 -7.722255829541725403e-01 -5.296673600330427689e+01 1.427384838998790179e-02 9.990081485732232869e-01 -4.217909986025346336e-02 -5.457408845737042213e+00 7.732169522405942796e-01 1.572704758012408166e-02 6.339472405377531983e-01 8.503478792444600742e+01
6.235183582301033756e-01 -4.052350401872424623e-02 -7.808460794199674204e-01 -5.394097277831982495e+01 1.580046771884140513e-02 9.991049509861424927e-01 -3.924753069467911554e-02 -5.517077943732029865e+00 7.817375715527304925e-01 1.213769817886166218e-02 6.236007365372333577e-01 8.579968130176249019e+01
6.150269131768538733e-01 -4.060303138550964974e-02 -7.874904418053071398e-01 -5.491589311541764573e+01 1.548449538482810604e-02 9.991026292453994984e-01 -3.942592604427041375e-02 -5.585532894556685335e+00 7.883847478379510942e-01 1.205473013949234437e-02 6.151039013147768797e-01 8.655440174374787432e+01
6.062511399390015931e-01 -4.069527786295264182e-02 -7.941654207410067112e-01 -5.589754998522253260e+01 1.361705231761940228e-02 9.990749391361291032e-01 -4.078265382639362224e-02 -5.643624317577376814e+00 7.950905414936604299e-01 1.391247151737639784e-02 6.062441838338052946e-01 8.729504047583800741e+01
5.959290146678418720e-01 -4.372523525534424693e-02 -8.017483872740736039e-01 -5.690056009589599029e+01 1.535807640130372985e-02 9.989545276407284513e-01 -4.306755728260248245e-02 -5.713027429519710765e+00 8.027929840334646627e-01 1.335439462626163837e-02 5.959775040056696227e-01 8.802711404964455255e+01
5.862448084678002491e-01 -4.445618683791755649e-02 -8.088700267324335780e-01 -5.790883616349537988e+01 1.499906200652336916e-02 9.989176206745206121e-01 -4.403449916606743536e-02 -5.780206929683799899e+00 8.099520901749949209e-01 1.368346672860288639e-02 5.862772781368846831e-01 8.875431343850904398e+01
5.774857889845723680e-01 -4.565357644710403562e-02 -8.151304033162132257e-01 -5.893493517311323160e+01 1.869668490172649022e-02 9.989124954946527746e-01 -4.271369133957344383e-02 -5.849473486236702158e+00 8.161943525963981649e-01 9.420181697331199422e-03 5.777121471919174356e-01 8.947637131723290338e+01
5.653228877366388572e-01 -4.528227960332851382e-02 -8.237511156966382808e-01 -5.997242035578965869e+01 1.988812071950426391e-02 9.989498295770316005e-01 -4.126488070903704120e-02 -5.915851982202638304e+00 8.247554514487314137e-01 6.941102133909552926e-03 5.656300627423292982e-01 9.018469957900884992e+01
5.559484118357322924e-01 -4.588561412819525120e-02 -8.300457171208613927e-01 -6.101601873988563796e+01 2.074323038815891959e-02 9.989298097292628187e-01 -4.132032149441345475e-02 -5.988246604182704047e+00 8.310545026913711553e-01 5.745388109081435435e-03 5.563056601946487767e-01 9.086712776949663350e+01
5.458271076764739105e-01 -4.622488918186171136e-02 -8.365518076310982654e-01 -6.207404716173982706e+01 1.968934521009041080e-02 9.989086364638330995e-01 -4.235857157887169128e-02 -6.056373257467448923e+00 8.375968012068107926e-01 6.648225636723370004e-03 5.461419676326120243e-01 9.155358441308666784e+01
5.351173593173710330e-01 -4.666964326057102680e-02 -8.434056540824859116e-01 -6.315438695121354584e+01 1.867642518152181491e-02 9.988821797584012119e-01 -4.341920051837533379e-02 -6.124812418212359333e+00 8.444895815435397024e-01 7.476042669450387070e-03 5.353910558834866773e-01 9.222026621461976958e+01
5.268522813824627615e-01 -4.805976186611039119e-02 -8.485012738621496853e-01 -6.423080119041900105e+01 1.809475508805680546e-02 9.988080413012779823e-01 -4.534209657170488322e-02 -6.198153152906192176e+00 8.496685660798660722e-01 8.540324251849501502e-03 5.270938410583247968e-01 9.287945213923880772e+01
5.152507547162389345e-01 -4.747976876846288913e-02 -8.556027216693955495e-01 -6.532608613452796931e+01 1.691275485017119246e-02 9.988332920072027221e-01 -4.522823615307428047e-02 -6.277136110999944840e+00 8.567519493012589749e-01 8.834311648734346697e-03 5.154522005299765341e-01 9.351933174907016166e+01
