1.0 0.0 0.0 0.0 0.0 1.0 0.0 0.0 0.0 0.0 1.0 0.0
0.99989223 -0.014676227 7.1228416e-05 0.5909424 0.014676296 0.9998917 -0.0010889595 -0.103759766 -5.5241624e-05 0.0010898878 0.9999994 0.0030517578
0.9998299 0.01839379 0.0014025207 0.7435303 -0.018386079 0.99981683 -0.005328692 -0.043701172 -0.001500226 0.005302004 0.9999848 0.008544922
0.99980116 0.019926958 0.0007069362 0.8991699 -0.01992127 0.9997748 -0.0073039155 -0.032470703 -0.0008523609 0.007288379 0.99997306 0.01171875
0.9998326 0.018286841 -0.00037770165 1.25 -0.01828927 0.99980086 -0.007967364 -0.04650879 0.0002318385 0.007972939 0.9999682 0.012451172
0.99993134 0.011517151 -0.002157866 1.5634766 -0.01154 0.99987406 -0.010901212 -0.04711914 0.002032095 0.010925355 0.9999383 0.010864258
0.99999255 7.75883e-05 -0.0038587234 1.8825684 -0.00012657401 0.9999194 -0.012696766 -0.04333496 0.003857427 0.012697161 0.99991196 0.02319336
0.9998599 -0.016241604 -0.004038106 2.2121582 0.01619223 0.99979717 -0.011973744 -0.032470703 0.004231774 0.011906672 0.9999202 0.024658203
0.9993251 -0.036514148 -0.004067503 2.5568848 0.036485314 0.99931026 -0.006952431 -0.0040283203 0.00431854 0.006799414 0.9999676 0.025146484
0.9984744 -0.05496753 -0.0052519324 2.909668 0.054947957 0.99848205 -0.0038008958 0.034301758 0.0054528983 0.0035065506 0.99997896 0.032104492
0.9971807 -0.07485234 -0.005393374 3.2729492 0.07483927 0.9971929 -0.002585589 0.076049805 0.0055717113 0.0021746338 0.9999821 0.028686523
0.99529636 -0.096736364 -0.0053736856 3.6516113 0.096717276 0.99530584 -0.0037055837 0.122680664 0.0057068714 0.0031683121 0.99997866 0.034179688
0.9933015 -0.115487695 -0.0041132146 4.0391846 0.115466416 0.9932995 -0.0050809537 0.17333984 0.0046724533 0.0045720134 0.9999786 0.039794922
0.99115825 -0.13267699 -0.0031508785 4.4387207 0.13266206 0.99115485 -0.0045509683 0.24572754 0.0037266961 0.004092799 0.9999847 0.043701172
0.98884225 -0.14894424 -0.0027985806 4.8566895 0.14893518 0.98884237 -0.0032102468 0.32019043 0.003245396 0.0027577342 0.99999094 0.049316406
0.986724 -0.16239515 -0.0035949894 5.2753906 0.16238508 0.9867279 -0.0029410576 0.39624023 0.0040248595 0.0023183904 0.9999892 0.05041504
0.98463804 -0.17458315 -0.0038201665 5.7126465 0.17456503 0.9846377 -0.004654211 0.47912598 0.0045738504 0.0039159013 0.9999819 0.056030273
0.98294973 -0.18379143 -0.005191121 6.1677246 0.18375044 0.98294246 -0.0075044977 0.5666504 0.006482049 0.0064226813 0.99995834 0.0657959
0.9814293 -0.1917348 -0.0071940534 6.6342773 0.19169405 0.9814454 -0.005989614 0.66223145 0.008208507 0.004499888 0.9999562 0.07043457
0.97982544 -0.19961199 -0.009371667 7.11084 0.19955541 0.9798593 -0.006635827 0.7689209 0.010507774 0.0046314746 0.9999341 0.06628418
0.97841465 -0.20626618 -0.011867186 7.5976562 0.20619363 0.97847646 -0.00705768 0.8775635 0.013067765 0.0044579413 0.9999047 0.07421875
0.9765981 -0.21469848 -0.013077787 8.103149 0.21457258 0.976658 -0.010386056 0.9881592 0.015002353 0.0073365667 0.99986035 0.0814209
0.9748139 -0.22269453 -0.012302283 8.620117 0.22248846 0.9748046 -0.01616096 1.0964355 0.01559034 0.013016459 0.9997936 0.09838867
0.97319293 -0.2294979 -0.01476404 9.14624 0.22926019 0.9732262 -0.016189132 1.2194824 0.018084629 0.012370759 0.9997599 0.115722656
0.9708099 -0.23901668 -0.020039884 9.679321 0.23878376 0.97098255 -0.013342006 1.3717041 0.022646215 0.008166062 0.99971 0.11450195
0.9689288 -0.24612059 -0.024287976 10.224487 0.2459308 0.9692238 -0.010560198 1.5240479 0.026139738 0.0042580524 0.9996491 0.12683105
0.96620995 -0.25644788 -0.025783848 10.786499 0.25621623 0.96654105 -0.011978151 1.6755371 0.027993074 0.0049677948 0.99959576 0.14855957
0.9641923 -0.26387233 -0.026447695 11.359009 0.2635357 0.96452135 -0.015557504 1.8288574 0.029614905 0.008031306 0.9995291 0.17004395
0.9619655 -0.27161336 -0.029362332 11.945679 0.2712843 0.96239334 -0.014738349 2.00354 0.032261223 0.006214164 0.9994601 0.18518066
0.95956254 -0.2796324 -0.033211637 12.537231 0.2792802 0.960124 -0.014900352 2.1875 0.03605277 0.0050258003 0.99933714 0.2019043
0.95721394 -0.28692225 -0.038028337 13.13916 0.28652632 0.9579608 -0.015598152 2.3754883 0.040903654 0.0040349667 0.9991546 0.2310791
0.9549233 -0.29340774 -0.045358818 13.758911 0.29295826 0.9559968 -0.016406346 2.5715332 0.04817632 0.0023810142 0.99883604 0.26049805
0.95322025 -0.29741985 -0.053539462 14.3845215 0.29689786 0.95472205 -0.01763843 2.7734375 0.056363143 0.0009143441 0.99841 0.28967285
0.9516097 -0.3006362 -0.063198365 15.025635 0.30014536 0.9537037 -0.017353715 2.9829102 0.06549017 -0.0024660593 0.9978489 0.32824707
0.95018154 -0.30317238 -0.072599575 15.669434 0.30276027 0.9529339 -0.016879471 3.2005615 0.074298665 -0.0059438325 0.9972168 0.36853027
0.9480824 -0.3077585 -0.08031359 16.332031 0.30747014 0.95143324 -0.01623748 3.421875 0.08141027 -0.009298207 0.9966368 0.41955566
0.9457353 -0.3132033 -0.08689374 16.996216 0.31307948 0.94963413 -0.015401305 3.6547852 0.087338835 -0.012628642 0.99609905 0.47607422
0.94371694 -0.31705925 -0.09439702 17.676758 0.31724048 0.9482684 -0.013472866 3.8980713 0.09378615 -0.017221475 0.995445 0.5357666
0.9417515 -0.32115903 -0.100113735 18.363037 0.32156473 0.946839 -0.012496913 4.142334 0.098803446 -0.020417742 0.99489635 0.60498047
0.93963265 -0.32566398 -0.10503734 19.06482 0.3266067 0.94512206 -0.008594193 4.403076 0.10206857 -0.02623267 0.99443024 0.67785645
0.9379083 -0.32980147 -0.1075372 19.772095 0.33084488 0.9436506 -0.008502114 4.6696777 0.10428327 -0.027606022 0.9941637 0.74902344
0.9355251 -0.33671844 -0.106725544 20.501831 0.33784303 0.94115746 -0.007915348 4.9331055 0.10311023 -0.028656455 0.9942565 0.83251953
0.9335955 -0.34242558 -0.10559833 21.229492 0.3436476 0.939077 -0.006973231 5.2075195 0.1015513 -0.029778603 0.99438393 0.9145508
0.93145996 -0.34884372 -0.10318267 21.970947 0.34990653 0.9367266 -0.008216152 5.49292 0.09951897 -0.028461566 0.9946272 0.9971924
0.92963755 -0.35482433 -0.09936253 22.708984 0.35593218 0.9344843 -0.0069393255 5.779541 0.09531726 -0.028911997 0.9950282 1.0783691
0.92559206 -0.36630064 -0.09561696 23.476196 0.36753306 0.93001735 -0.005025653 6.0977783 0.090764835 -0.030482605 0.99540627 1.1530762
0.9230404 -0.3736623 -0.09121962 24.230347 0.37499765 0.9269941 -0.0026904268 6.411133 0.08556392 -0.03173019 0.995827 1.2321777
0.92039555 -0.38099444 -0.08784482 24.99353 0.382583 0.92392 0.0013575575 6.7435303 0.080645084 -0.034853306 0.9961342 1.3048096
0.9166493 -0.39004317 -0.08717954 25.763184 0.39161605 0.92011696 0.0010231035 7.0753174 0.07981686 -0.035079736 0.9961924 1.3769531
0.91279095 -0.39915836 -0.086634494 26.536133 0.40090162 0.91612667 0.0029973835 7.423462 0.07817119 -0.037462227 0.9962363 1.4503174
0.90947896 -0.4068019 -0.085855775 27.312256 0.40852952 0.9127478 0.002811644 7.7802734 0.0772201 -0.03763448 0.9963027 1.5150146
0.90520805 -0.41649374 -0.08406113 28.10437 0.41822436 0.908302 0.003298814 8.151978 0.074976526 -0.038149145 0.99645495 1.5830078
0.90209305 -0.42368042 -0.082206085 28.89856 0.4253491 0.90504295 0.0031112493 8.532349 0.073083684 -0.037767865 0.9966109 1.6541748
0.89884925 -0.43132642 -0.07787439 29.703125 0.43291578 0.9014454 0.003969484 8.922363 0.06848928 -0.037274186 0.996956 1.7196045
0.8952963 -0.43950465 -0.072813764 30.519897 0.4410063 0.89750266 0.0051455293 9.33252 0.063087426 -0.03672251 0.9973312 1.7816162
0.8923366 -0.44631058 -0.067470804 31.332642 0.44750622 0.8942821 0.002946314 9.73877 0.059023254 -0.03282478 0.9977165 1.8469238
0.8889316 -0.45332494 -0.06610755 32.153687 0.4545302 0.8907657 0.0036280977 10.163696 0.057239402 -0.033271573 0.99780524 1.9034424
0.88538396 -0.4603443 -0.06415611 32.98706 0.46152204 0.88708377 0.0040579233 10.604248 0.055045534 -0.033204578 0.99793196 1.9613037
0.88359064 -0.46421617 -0.062225953 33.823242 0.465382 0.885154 0.004887772 11.052734 0.052807968 -0.03327325 0.9980497 2.0108643
0.8800315 -0.47105986 -0.06043431 34.677612 0.472128 0.88152426 0.0039197616 11.513428 0.05142789 -0.03198179 0.99816453 2.0618896
0.87768644 -0.47531533 -0.060330465 35.538086 0.47628763 0.8792286 0.001995352 11.982788 0.052097786 -0.030489296 0.99817693 2.1153564
0.8760997 -0.47839886 -0.059569642 36.40442 0.4793311 0.8776133 0.0015518935 12.46521 0.051534485 -0.029920058 0.99822235 2.170166
0.8738679 -0.48232263 -0.06044503 37.281494 0.4832712 0.8754312 0.001243494 12.958374 0.052319508 -0.030297473 0.99817145 2.2191162
0.8738593 -0.48259178 -0.059467614 38.17224 0.4835071 0.87537473 0.0011496681 13.45874 0.051499985 -0.02975396 0.9982295 2.272583
0.8736807 -0.48311704 -0.057563126 39.069946 0.4840547 0.87505186 0.0027237176 13.966431 0.04905592 -0.030234914 0.99833894 2.3258057
0.8735367 -0.48341796 -0.05631676 39.98401 0.48422286 0.87490493 0.00073838094 14.476807 0.04891329 -0.027918724 0.99841267 2.3823242
0.8733807 -0.48376152 -0.055414755 40.90674 0.4844662 0.8747464 -0.0008220183 14.989014 0.048870437 -0.026133839 0.9984632 2.4335938
0.87206924 -0.4862665 -0.055491555 41.841187 0.48689958 0.87347746 -0.0023898566 15.522705 0.04963114 -0.024934413 0.9984561 2.4924316
0.8710904 -0.4881734 -0.052919816 42.774414 0.4887247 0.8723829 -0.00285027 16.045288 0.047557898 -0.023383234 0.99859494 2.5474854
0.8688197 -0.49260992 -0.048706584 43.710327 0.49308538 0.8699113 -0.0025653797 16.582275 0.043631315 -0.021797476 0.99880946 2.602295
0.86715823 -0.49619085 -0.04382229 44.643555 0.49655232 0.8680526 -0.0029720569 17.121582 0.039515827 -0.019175306 0.9990353 2.6558838
0.86308044 -0.5033864 -0.04141033 45.577515 0.50368553 0.86389166 -0.0036234804 17.655762 0.037598558 -0.017732851 0.99913543 2.7089844
0.8575921 -0.51246196 -0.04258316 46.492798 0.512639 0.85851073 -0.007483242 18.214844 0.040394843 -0.015420671 0.9990646 2.7631836
0.8520994 -0.5213154 -0.044793073 47.404663 0.52144516 0.8531416 -0.009667209 18.774048 0.043256618 -0.015122718 0.99894994 2.8198242
0.84570986 -0.5319104 -0.043773275 48.31128 0.5319745 0.84672797 -0.011134737 19.346924 0.042987924 -0.01386137 0.9989799 2.8741455
0.84047127 -0.5403244 -0.03969604 49.219727 0.5404909 0.8412691 -0.007334323 19.94336 0.037359994 -0.015291239 0.9991851 2.9199219
0.83688694 -0.5462891 -0.036671747 50.12207 0.5465373 0.83752 -0.0037597744 20.543213 0.032766864 -0.01689523 0.9993201 2.9696045
0.83190453 -0.55354095 -0.038975306 51.013428 0.5538498 0.8326053 -0.0033592284 21.14392 0.034307986 -0.018796843 0.9992343 3.0179443
0.828297 -0.55866456 -0.0437029 51.900146 0.5590077 0.8292032 -0.0050734356 21.754883 0.039071962 -0.020231197 0.99903125 3.0631104
0.8254126 -0.5624242 -0.049995106 52.783203 0.56282294 0.82662445 -0.007044798 22.36731 0.04528783 -0.0223219 0.9987243 3.119629
0.8218651 -0.5673561 -0.05161202 53.658203 0.5677772 0.82315993 -0.0075231222 22.982178 0.046753593 -0.023124212 0.9986385 3.1723633
0.81918484 -0.5715977 -0.04674888 54.541016 0.57193506 0.8202514 -0.007131435 23.59668 0.042421155 -0.020895263 0.9988814 3.2312012
0.8148702 -0.57815737 -0.041618295 55.422607 0.5784977 0.81567866 -0.0045677563 24.237793 0.036584113 -0.02035756 0.99912286 3.2803955
0.8125998 -0.58150893 -0.039290622 56.305176 0.58184826 0.8132993 -0.0033325139 24.873169 0.03389553 -0.020149391 0.99922264 3.3325195
0.81046134 -0.58442724 -0.04102887 57.17798 0.5848644 0.8111828 -0.0016426728 25.509888 0.034239687 -0.022664165 0.99915653 3.3787842
0.80724984 -0.5887964 -0.04171285 58.054688 0.5891814 0.8080381 -0.0036800725 26.161987 0.035869032 -0.021604443 0.9991228 3.425415
0.8030503 -0.5943377 -0.04346898 58.921143 0.5946882 0.80394596 -0.005781838 26.810669 0.0383774 -0.02120423 0.9990383 3.475586
0.7987401 -0.60002196 -0.043349482 59.78955 0.6003274 0.79965526 -0.007046239 27.457153 0.038891695 -0.020398181 0.99903524 3.5235596
0.7946047 -0.60574806 -0.041798934 60.657715 0.6060097 0.7954687 -0.0075456565 28.134033 0.03781679 -0.019335466 0.9990974 3.5687256
0.7897934 -0.6120111 -0.040851094 61.52417 0.61229277 0.790603 -0.0066740504 28.806274 0.0363863 -0.01974468 0.9991428 3.6169434
0.7840185 -0.6192999 -0.041649528 62.38745 0.6195396 0.78488946 -0.008432884 29.490479 0.037917186 -0.019194633 0.9990967 3.6688232
0.7789995 -0.62556064 -0.04192856 63.24121 0.62576276 0.7799041 -0.009736079 30.181152 0.038793396 -0.018655235 0.9990732 3.722046
0.7749326 -0.63069546 -0.041860398 64.09473 0.63088965 0.7758394 -0.010065863 30.881592 0.038822845 -0.018606525 0.9990728 3.7713623
0.7681272 -0.6388999 -0.042673916 64.947754 0.63904005 0.76910084 -0.012051065 31.591797 0.04052082 -0.018013336 0.99901634 3.8208008
0.7624461 -0.64572924 -0.042527065 65.79321 0.64582694 0.76343393 -0.01324906 32.306396 0.041017335 -0.01736004 0.99900746 3.8724365
0.7558451 -0.6533169 -0.042097464 66.63867 0.65332556 0.756851 -0.0154513195 33.04541 0.04196133 -0.015825469 0.9989942 3.9316406
0.7494392 -0.66086 -0.03988738 67.48218 0.6608721 0.75034434 -0.014768117 33.78784 0.039686605 -0.015296137 0.99909484 3.9824219
0.7449945 -0.6659893 -0.03795983 68.31543 0.66592366 0.74584395 -0.016190099 34.53528 0.039094355 -0.0132191405 0.99914795 4.037842
0.7377959 -0.67391264 -0.038117994 69.15112 0.67381626 0.7386661 -0.017253656 35.299316 0.039785367 -0.012953354 0.9991245 4.0891113
0.7316915 -0.6805637 -0.039120037 69.97925 0.68039566 0.73263246 -0.01951438 36.07495 0.041940123 -0.01233272 0.99904424 4.145508
0.7263052 -0.68626964 -0.039580457 70.8103 0.68613887 0.7272599 -0.018951345 36.867676 0.041786537 -0.013394149 0.99903655 4.195923
0.72112393 -0.6919189 -0.03826723 71.62915 0.69180006 0.7220178 -0.018402703 37.666992 0.040361457 -0.01319405 0.99909824 4.2539062
0.7167163 -0.6963691 -0.0389651 72.44873 0.6962626 0.7176404 -0.018473487 38.47119 0.040823556 -0.013886427 0.99906975 4.3067627
0.71153843 -0.7017137 -0.039316416 73.26611 0.70159155 0.7124868 -0.019134978 39.292236 0.04143678 -0.0139581105 0.9990439 4.3573
0.7050892 -0.707941 -0.041545615 74.08203 0.70777464 0.706163 -0.021120781 40.117554 0.04428843 -0.014508737 0.9989135 4.4155273
0.70140624 -0.71142966 -0.043638755 74.89673 0.7112093 0.7026062 -0.023094742 40.938232 0.047091387 -0.014843089 0.99877995 4.479492
0.695897 -0.71674335 -0.044270523 75.70459 0.7165468 0.6971263 -0.0229953 41.785645 0.047345974 -0.015717668 0.9987551 4.5410156
0.69084436 -0.72194 -0.042123765 76.51123 0.72169673 0.6919827 -0.023491407 42.637695 0.046102807 -0.014171152 0.99883574 4.5994873
0.6866833 -0.72580206 -0.040444702 77.32788 0.72551215 0.6877555 -0.024155263 43.49707 0.045347348 -0.01276364 0.9988893 4.659912
0.68164605 -0.7306275 -0.040457428 78.127686 0.7303235 0.68272644 -0.024632737 44.367065 0.045616522 -0.0127517525 0.99887764 4.7301025
0.6769964 -0.7348784 -0.039406955 78.93579 0.73452365 0.6780429 -0.02561253 45.23987 0.04554463 -0.011605464 0.998895 4.789673
0.6722963 -0.7392721 -0.038299583 79.73779 0.73882216 0.6733153 -0.027577758 46.121216 0.046177056 -0.009750724 0.99888605 4.850586
0.6682365 -0.743133 -0.035988986 80.533936 0.74263775 0.6691591 -0.028239597 47.020508 0.045066662 -0.0078603905 0.99895287 4.909912
0.665646 -0.74538666 -0.034868013 81.33301 0.7447519 0.66653836 -0.031193592 47.911133 0.04649671 -0.0052086688 0.9989048 4.9733887
0.66019064 -0.75032556 -0.03402107 82.12598 0.7494367 0.66106504 -0.03653866 48.8125 0.049907822 -0.0013735611 0.998753 5.0389404
0.65518135 -0.754816 -0.03144391 82.927734 0.7537355 0.65592974 -0.040473487 49.72412 0.051172633 0.0028120028 0.9986856 5.0963135
0.65059686 -0.7589118 -0.027902966 83.71265 0.75766087 0.65115005 -0.044221893 50.64502 0.05173045 0.0076308837 0.9986321 5.1696777
0.64169407 -0.7665299 -0.023005944 84.50073 0.7651026 0.64196146 -0.048712075 51.568115 0.05210941 0.013650839 0.99854785 5.2390137
0.63413185 -0.7729753 -0.019664109 85.28345 0.77155566 0.6342282 -0.04958075 52.50464 0.050784763 0.016270932 0.9985771 5.3135986
0.62379026 -0.78151524 -0.016073626 86.0542 0.7802059 0.6237438 -0.04858204 53.47412 0.047993254 0.017773025 0.99869 5.377075
0.61529547 -0.7881652 -0.015989304 86.813965 0.78684753 0.6152561 -0.048773095 54.444824 0.048279595 0.017431501 0.9986819 5.4483643
0.6064328 -0.7948681 -0.01784398 87.55957 0.7935104 0.6064967 -0.048975486 55.422363 0.049743813 0.015534709 0.9986408 5.509033
0.59618473 -0.80256397 -0.01728784 88.29736 0.80105424 0.59618586 -0.052137464 56.420654 0.05215841 0.017239468 0.99849045 5.5809326
0.58648896 -0.80972284 -0.017613318 89.03003 0.8081625 0.58651114 -0.052991517 57.42456 0.05324456 0.016847497 0.9984396 5.651123
0.5779433 -0.8159759 -0.01334712 89.75757 0.8144245 0.57773256 -0.054307863 58.446533 0.052036364 0.020517461 0.99843454 5.724365
0.56586856 -0.82454956 -0.010857804 90.47241 0.823058 0.5655578 -0.05409533 59.479248 0.05073775 0.021668773 0.99847645 5.794922
0.55655265 -0.8308529 -0.009653676 91.1604 0.8293473 0.5561819 -0.05481694 60.5188 0.05090568 0.02248932 0.9984493 5.871216
0.5463902 -0.8373949 -0.010544116 91.85254 0.8358421 0.54607254 -0.05527792 61.572754 0.052060034 0.021394711 0.998415 5.942993
0.53564113 -0.8442877 -0.011358785 92.52515 0.8426837 0.5353753 -0.05585146 62.648926 0.053243406 0.02033861 0.99837416 6.015381
0.52734965 -0.849462 -0.012414084 93.18945 0.8477542 0.5271268 -0.057338372 63.72168 0.055259373 0.019721173 0.9982777 6.092407
0.5157059 -0.8565508 -0.012688448 93.83569 0.8548594 0.5155308 -0.05689747 64.812744 0.055276163 0.018491726 0.99829954 6.1760254
0.5073593 -0.8616547 -0.011805138 94.483154 0.8600509 0.5071765 -0.055544835 65.90967 0.05385187 0.018017849 0.9983858 6.2493896
0.50046784 -0.86570346 -0.008168867 95.12085 0.86423343 0.50013083 -0.054289635 67.015625 0.051077086 0.020105796 0.998492 6.321411
0.4904843 -0.87137955 -0.007895038 95.75391 0.86990035 0.49014506 -0.05450676 68.13696 0.051366802 0.019877007 0.9984826 6.403076
0.48532066 -0.8743188 -0.0063180234 96.37085 0.8727215 0.48484787 -0.05734584 69.25391 0.053207725 0.022325717 0.9983344 6.479126
0.47738433 -0.8787396 -0.0048719356 96.981445 0.8769932 0.47677222 -0.060618173 70.36328 0.055575836 0.024662104 0.99814963 6.555664
0.4716589 -0.88188404 -0.0036456562 97.58911 0.87998354 0.4709062 -0.06379692 71.49951 0.057974994 0.026878389 0.997956 6.6362305
0.46808967 -0.8835942 -0.0037071956 98.19043 0.8814795 0.46725142 -0.06732034 72.63159 0.06121532 0.028253805 0.9977253 6.7244873
0.4613778 -0.8872878 -0.0014798245 98.78369 0.8851886 0.46039966 -0.06799367 73.771484 0.0610096 0.030055612 0.9976843 6.810425
0.45772618 -0.88914835 0.0022323541 99.37549 0.88729554 0.45660862 -0.065715805 74.910645 0.057395034 0.03204723 0.9978362 6.897583
0.45309365 -0.8913302 0.007426236 99.958496 0.8897177 0.4517361 -0.064462885 76.0437 0.05412005 0.03582453 0.99789214 6.984619
0.449595 -0.8931132 0.009546094 100.53418 0.89162916 0.4481695 -0.06339566 77.1814 0.0523588 0.03702272 0.9979423 7.0699463
0.44786218 -0.89388055 0.01143096 101.1001 0.89251804 0.44638193 -0.062367108 78.32178 0.05065361 0.03814481 0.99798816 7.1451416
0.44612712 -0.89484185 0.013787106 101.6604 0.8936048 0.4445616 -0.061611097 79.45581 0.049005494 0.039795328 0.9980048 7.227051
0.4421091 -0.8967623 0.016564388 102.21069 0.8956716 0.440448 -0.060784217 80.57251 0.047229804 0.041713394 0.9980127 7.298584
0.4415789 -0.897128 0.017947197 102.76538 0.8960597 0.43982244 -0.061523892 81.69092 0.04729551 0.04324087 0.99794424 7.377075
0.4390574 -0.8982988 0.020678647 103.30493 0.89735574 0.43718442 -0.061346125 82.79614 0.046052344 0.045494657 0.997903 7.4471436
0.43654466 -0.8993113 0.025328789 103.84009 0.89859754 0.43447888 -0.06103617 83.89795 0.043883443 0.049414717 0.9978144 7.5184326
0.43503988 -0.9000442 0.028325822 104.375 0.89949644 0.43286714 -0.060596187 85.003174 0.042289954 0.051829908 0.9977592 7.5876465
0.4324638 -0.901182 0.027843092 104.88696 0.9006225 0.43033656 -0.060146157 86.08447 0.042234223 0.051084053 0.9978004 7.656372
0.4324728 -0.9011631 0.0300979 105.404785 0.9006604 0.43017432 -0.06160127 87.15112 0.04256002 0.053746574 0.99764717 7.7252197
0.43037957 -0.9020247 0.030019 105.91553 0.9014468 0.42800465 -0.063086614 88.21924 0.04407357 0.054203138 0.99755585 7.7910156
0.43141168 -0.9016055 0.028176617 106.40234 0.9009542 0.4291444 -0.062610716 89.2688 0.044352464 0.052398875 0.997641 7.862671
0.43550053 -0.8998153 0.025532179 106.90039 0.8990571 0.43336928 -0.062201977 90.31665 0.044892192 0.050047744 0.9977379 7.929077
0.43908486 -0.8981617 0.023508057 107.39038 0.8973138 0.4370438 -0.062165186 91.34448 0.045546435 0.0483915 0.99778986 7.9976807
0.442646 -0.89642274 0.020860773 107.889404 0.8954514 0.4407174 -0.062269993 92.36572 0.04663761 0.04623165 0.9978406 8.065063
0.44978467 -0.892869 0.019418944 108.39502 0.89187 0.44793752 -0.061797105 93.391846 0.04648091 0.045118 0.99789995 8.131348
0.45737267 -0.889223 0.018559087 108.895996 0.8882454 0.4556006 -0.060814857 94.39282 0.04561804 0.044286393 0.99797606 8.19397
0.46367478 -0.88590497 0.017336119 109.40869 0.884922 0.46198547 -0.06002415 95.39307 0.04517417 0.043161534 0.9980455 8.254272
0.4746675 -0.8800456 0.016779225 109.930176 0.8791325 0.47306138 -0.058388364 96.384766 0.04345212 0.042463444 0.9981525 8.321289
0.48332968 -0.87526613 0.015728407 110.45703 0.8743283 0.48176467 -0.058302645 97.36035 0.04344768 0.041928582 0.9981754 8.383911
0.49262565 -0.8701262 0.0136056105 111.00415 0.8690906 0.49111888 -0.058897153 98.329834 0.044560492 0.04083629 0.9981716 8.443237
0.50181085 -0.86487937 0.010174299 111.545654 0.86369395 0.5004227 -0.05953934 99.28491 0.046397954 0.038668845 0.99817467 8.504761
0.5135419 -0.85809165 0.006172496 112.09448 0.8567665 0.5123197 -0.05970528 100.23047 0.048059616 0.03594835 0.99819744 8.56897
0.527535 -0.8496182 0.0031569293 112.66626 0.8483173 0.52651477 -0.057394046 101.17627 0.047090802 0.03294387 0.9983467 8.629883
0.53860027 -0.8423909 0.002772132 113.24194 0.84116983 0.5376359 -0.055695318 102.09839 0.045438074 0.03233696 0.9984441 8.690552
0.55113757 -0.83432734 0.0026823357 113.84302 0.8332091 0.5502266 -0.05362986 103.02637 0.043269254 0.031795043 0.99855757 8.750122
0.56212735 -0.8270887 0.0020834962 114.44116 0.826002 0.56125605 -0.052727252 103.91699 0.042433396 0.031360287 0.99860716 8.815552
0.57387334 -0.81899595 0.0010341313 115.0564 0.8179178 0.5730519 -0.052035265 104.8042 0.042025138 0.030709699 0.99864465 8.869019
0.5860781 -0.8102127 -0.00080965395 115.680176 0.8090286 0.5852755 -0.053465847 105.673584 0.04378718 0.030680398 0.9985697 8.927124
0.5959964 -0.80310524 0.0006666806 116.302 0.8019029 0.59505886 -0.055189226 106.51953 0.043918647 0.03341692 0.99847555 8.987305
0.607286 -0.7946244 0.00014003651 116.943115 0.7934374 0.6063688 -0.05474839 107.36206 0.04341471 0.033362806 0.99850017 9.0477295
0.6180114 -0.7861948 -1.8791296e-05 117.583984 0.78509474 0.6171485 -0.052860484 108.194336 0.041564256 0.03264712 0.99860203 9.102783
0.62738913 -0.7787433 0.0020258834 118.22168 0.7778361 0.6265283 -0.04994634 108.99609 0.03762969 0.032908842 0.9987495 9.157349
0.63824093 -0.76984245 0.0016597875 118.87842 0.7689852 0.6374255 -0.04860006 109.80347 0.03635233 0.03229814 0.9988172 9.209839
0.64684266 -0.7625004 -0.001483335 119.51782 0.76159364 0.6461659 -0.04752995 110.57617 0.037206974 0.029616827 0.9988687 9.259766
0.6559578 -0.75471854 -0.0036840672 120.163574 0.7538002 0.65538603 -0.04635475 111.33765 0.037399966 0.027631417 0.9989185 9.30481
0.6659869 -0.74587005 -0.004166938 120.8374 0.7449657 0.66543496 -0.0458291 112.096436 0.036964905 0.027423952 0.9989405 9.358032
0.6743269 -0.73832166 -0.0035380044 121.48926 0.7375111 0.6737969 -0.043864354 112.82739 0.034769073 0.026969053 0.99903154 9.40918
0.68295234 -0.73036635 -0.002565835 122.16113 0.7296423 0.68242383 -0.042257503 113.54443 0.032618135 0.026988659 0.99910355 9.450562
0.6918456 -0.7220158 -0.0015368746 122.84253 0.72137994 0.6913221 -0.040554646 114.255615 0.030340409 0.026954923 0.9991765 9.497437
0.6988582 -0.71534264 -0.0033781894 123.5 0.71468043 0.69840026 -0.03998508 114.944824 0.03095205 0.025529517 0.99919486 9.540161
0.7067471 -0.70733166 -0.0037167973 124.180176 0.7066872 0.7063098 -0.039282765 115.62695 0.030413428 0.025134398 0.9992213 9.582764
0.71328396 -0.70086956 -0.0025301413 124.843994 0.70035315 0.71288794 -0.035988078 116.29297 0.027024705 0.023902584 0.99934924 9.620117
0.72046417 -0.6934464 -0.0017697867 125.52026 0.69302154 0.72010773 -0.033251263 116.956055 0.024332043 0.022728523 0.9994455 9.658569
0.7293402 -0.68417627 -0.0013007866 126.19678 0.6837969 0.7289965 -0.03196589 117.59912 0.022818323 0.022424694 0.9994881 9.6936035
0.7359356 -0.6771615 -0.0017151716 126.85449 0.67679983 0.7356207 -0.030914718 118.22046 0.022193369 0.021592874 0.99952054 9.730469
0.74280024 -0.6693897 -0.0029410264 127.52344 0.66907436 0.74257207 -0.027738295 118.83911 0.020755826 0.018634006 0.9996108 9.755615
0.75253284 -0.6585847 -0.0011309478 128.20312 0.65837127 0.7523306 -0.024217784 119.43701 0.01679854 0.017478514 0.99970603 9.79187
0.76206565 -0.647554 -4.2105094e-06 128.85864 0.64741784 0.7619056 -0.020497676 120.00928 0.013273983 0.015618861 0.99978995 9.815796
0.7712376 -0.63638955 0.0003403757 129.54614 0.6362881 0.77110493 -0.018264063 120.58008 0.011366209 0.0143017005 0.999833 9.8446045
0.7816663 -0.6235902 -0.0010501883 130.20288 0.62347317 0.7815501 -0.018114537 121.119385 0.012118827 0.013503838 0.9998354 9.866943
0.7910579 -0.6118418 -0.0031808084 130.87622 0.61169636 0.7909647 -0.018302677 121.64697 0.013712771 0.0125337755 0.9998274 9.889282
0.80226296 -0.59693605 -0.0028671254 131.5664 0.5968099 0.8021763 -0.017251939 122.17114 0.012599752 0.012128961 0.999847 9.9104
0.8109207 -0.5850728 -0.0022046864 132.25049 0.58497924 0.810848 -0.0152238645 122.66992 0.010697304 0.011056123 0.9998816 9.929321
0.82128936 -0.570472 -0.00024322153 132.96216 0.57041764 0.8212172 -0.013422366 123.170166 0.0078570815 0.010884405 0.9999099 9.942871
0.82965887 -0.5582563 0.0018655396 133.65552 0.558238 0.8295934 -0.011511744 123.64966 0.004880206 0.010592273 0.99993193 9.958496
0.8390682 -0.544068 0.0043111714 134.37158 0.5440815 0.8390074 -0.010289136 124.11133 0.001981694 0.010978094 0.9999377 9.980225
0.84739643 -0.5309967 0.0063559096 135.1001 0.53103477 0.84734124 -0.009682817 124.56641 -0.00024494482 0.011579851 0.9999329 9.98999
0.8539248 -0.5203799 0.008114414 135.8147 0.52043957 0.8538738 -0.009535686 125.01367 -0.0019666748 0.012365254 0.99992156 9.989624
0.86108464 -0.5084357 0.008573838 136.54907 0.50850093 0.86103946 -0.009226103 125.4436 -0.0026932796 0.012304106 0.99992067 10.010376
0.866563 -0.49886793 0.007684052 137.29932 0.49891764 0.86653876 -0.007177807 125.882324 -0.0030771866 0.010055614 0.9999446 10.015259
0.8730939 -0.4873347 0.008299609 138.02515 0.48738438 0.8730879 -0.0055690957 126.30347 -0.004531428 0.008908758 0.99995 10.01416
0.8804833 -0.47393495 0.007871605 138.78735 0.47397506 0.8804865 -0.004290304 126.710205 -0.004897277 0.0075098462 0.99995977 10.014526
0.88538235 -0.46483862 0.008203244 139.54614 0.46488458 0.8853825 -0.004946699 127.11987 -0.0049636457 0.008192679 0.99995404 10.027344
0.89012605 -0.45567408 0.007944126 140.30933 0.45572162 0.8901188 -0.0057331896 127.512695 -0.004459342 0.008723591 0.99995196 10.030151
0.89560586 -0.44482562 0.0077176373 141.10278 0.44487107 0.8955982 -0.005711577 127.90869 -0.0043713963 0.008548038 0.9999539 10.0303955
0.89831614 -0.43928745 0.008213233 141.87695 0.4393337 0.89831704 -0.0050019315 128.29736 -0.005180827 0.008102276 0.99995375 10.034058
0.9009715 -0.43379518 0.010673851 142.6753 0.43384814 0.90100354 -0.0031639335 128.69214 -0.008245138 0.007481637 0.99993795 10.038086
0.9043823 -0.4266195 0.013032203 143.49023 0.42665493 0.90445936 6.846478e-05 129.08203 -0.0118166525 0.0054957285 0.9999151 10.032837
0.9070458 -0.42072573 0.015081905 144.31201 0.4207259 0.9071649 0.0033194455 129.4768 -0.015078696 0.0033341781 0.9998808 10.025024
0.9106082 -0.4129654 0.016476432 145.16162 0.412927 0.910756 0.0058257445 129.85425 -0.01741194 0.0015004063 0.9998471 10.018677
0.9133445 -0.40670702 0.017586607 146.00366 0.40663555 0.9135137 0.0076257875 130.25122 -0.019168265 0.00018576067 0.9998163 9.999634
0.9163988 -0.3997734 0.020516422 146.8706 0.39967224 0.9166285 0.008993883 130.6294 -0.02240029 -4.1012652e-05 0.99974895 9.99353
0.9201497 -0.39102504 0.022449235 147.7561 0.39092088 0.9204231 0.009034826 130.9961 -0.024195401 0.00045761652 0.9997072 9.979126
0.9230062 -0.38403386 0.024020514 148.65454 0.38392857 0.92331856 0.009034146 131.37451 -0.025647238 0.0008845516 0.9996707 9.963989
0.9258498 -0.37715068 0.024155099 149.55493 0.37706938 0.9261633 0.008011708 131.75415 -0.025393002 0.001689238 0.9996763 9.934326
0.9305401 -0.36529317 0.025169969 150.49683 0.36525849 0.9308742 0.0061279335 132.1084 -0.02566834 0.0034941845 0.99966437 9.924316
0.933657 -0.3573764 0.024666116 151.42676 0.3573796 0.93397117 0.004430703 132.47192 -0.024620496 0.0046768137 0.99968606 9.902344
0.9386568 -0.34404942 0.023065895 152.39673 0.3440514 0.938931 0.0040100887 132.82495 -0.02303752 0.0041728113 0.999726 9.88562
0.94323945 -0.3314023 0.021778412 153.36035 0.3313491 0.9434896 0.0061112205 133.18164 -0.022573497 0.0014498122 0.9997444 9.863403
0.9485131 -0.31601602 0.021832947 154.34253 0.31588218 0.9487624 0.00941805 133.52808 -0.023690606 -0.0020362479 0.99971735 9.843506
0.95457804 -0.29701898 0.02406883 155.36035 0.29675865 0.95486224 0.013829013 133.84546 -0.027090682 -0.0060601737 0.99961483 9.815674
0.9602617 -0.27801642 0.024707621 156.38696 0.27766508 0.9605352 0.016736986 134.16357 -0.028384946 -0.009213199 0.99955463 9.793091
0.9663836 -0.25588086 0.02546875 157.42578 0.25545746 0.9666496 0.018734809 134.45532 -0.029412463 -0.011598755 0.9994998 9.77478
0.971608 -0.23501049 0.02740924 158.4856 0.23451787 0.9719072 0.020025656 134.72705 -0.031345483 -0.013028089 0.9994234 9.738403
0.9767045 -0.21244387 0.030018456 159.58496 0.21185634 0.97705495 0.021590749 134.97046 -0.033916872 -0.014725364 0.9993158 9.722778
0.9814659 -0.18862462 0.033844795 160.67358 0.18789314 0.9819043 0.02365775 135.19214 -0.03769493 -0.016860835 0.99914706 9.681152
0.9849731 -0.16836205 0.03841029 161.80103 0.16746433 0.9855441 0.025528105 135.39844 -0.042153 -0.018711487 0.9989359 9.653687
0.9885884 -0.14489901 0.041287772 162.93384 0.14385201 0.98922586 0.027309928 135.57983 -0.044799127 -0.021060394 0.998774 9.605591
0.99138874 -0.12424506 0.041423254 164.07422 0.12309771 0.9919671 0.029196804 135.74878 -0.04471746 -0.023847025 0.9987149 9.566772
0.9940042 -0.10156808 0.04048908 165.21753 0.10044433 0.99452335 0.028886048 135.86963 -0.0432013 -0.024645599 0.99876213 9.522583
0.9960277 -0.07939302 0.040337488 166.39282 0.07823483 0.99649876 0.029517636 135.97559 -0.04253972 -0.026244685 0.99874973 9.473145
0.99735075 -0.059048537 0.042471766 167.59546 0.057882346 0.99792504 0.028187245 136.0581 -0.044048183 -0.025654072 0.9987002 9.433472
0.9982108 -0.039238594 0.045118526 168.79492 0.037991557 0.99888086 0.028173434 136.11719 -0.046173487 -0.026408982 0.99858433 9.386475
0.99878615 -0.017680798 0.04597923 170.01685 0.016369667 0.9994529 0.02874175 136.14697 -0.046462145 -0.027954442 0.9985291 9.340576
0.9988893 0.001884096 0.04707197 171.23608 -0.003297581 0.99954545 0.02996635 136.16406 -0.04699411 -0.030088332 0.99844164 9.293335
0.99860597 0.021668945 0.048130076 172.47632 -0.023143923 0.9992728 0.030303707 136.15088 -0.047438495 -0.031375285 0.9983814 9.239746
0.99801767 0.04169101 0.047145907 173.72705 -0.043237984 0.9985427 0.032284554 136.11182 -0.04573103 -0.03425903 0.99836636 9.1883545
0.99692976 0.062437236 0.047218356 174.9895 -0.06406067 0.99737644 0.033680424 136.0476 -0.04499116 -0.036603313 0.99831617 9.137451
0.9955141 0.08234688 0.04659422 176.25049 -0.08400543 0.99585634 0.034819398 135.96216 -0.043532893 -0.03857712 0.9983065 9.086304
0.99382615 0.10169041 0.044422723 177.52002 -0.1033185 0.9939975 0.03603375 135.84644 -0.040492415 -0.04039954 0.9983629 9.0390625
0.99161613 0.12176308 0.043272104 178.83813 -0.12340041 0.99165064 0.037436437 135.69922 -0.03835276 -0.04246077 0.9983623 8.990601
0.9892912 0.14006127 0.041046195 180.12988 -0.14158957 0.98923194 0.03702569 135.53442 -0.035417132 -0.0424414 0.99847054 8.951904
0.9864978 0.15963091 0.036425214 181.47217 -0.16102578 0.9861626 0.039253026 135.34497 -0.02965431 -0.044589676 0.99856544 8.906372
0.9833514 0.17890838 0.031977177 182.80273 -0.1801534 0.98276544 0.04156694 135.1211 -0.023990674 -0.046634503 0.9986239 8.883179
0.9805267 0.19452171 0.027078582 184.10107 -0.19557142 0.9797096 0.043879446 134.8789 -0.017993703 -0.04832017 0.9986696 8.849487
0.9769081 0.21225996 0.024253925 185.4436 -0.21319401 0.9759008 0.046457417 134.60718 -0.013808822 -0.05055479 0.9986262 8.838379
0.9726045 0.23132756 0.022793077 186.7915 -0.2321918 0.9714515 0.048582762 134.30322 -0.010902159 -0.052544028 0.99855894 8.821777
0.96828985 0.24870573 0.023815194 188.13086 -0.24959971 0.9671512 0.04823538 133.97949 -0.011038826 -0.052651335 0.9985522 8.812622
0.96395844 0.26491776 0.023480494 189.47314 -0.2657593 0.9628813 0.046697464 133.6206 -0.010233865 -0.051258147 0.9986331 8.806885
0.95852506 0.28426805 0.02000782 190.8335 -0.28491518 0.957366 0.047457524 133.24072 -0.005660666 -0.051191386 0.9986726 8.812744
0.9539846 0.29943547 0.016985102 192.18042 -0.29991263 0.9527403 0.048725028 132.8352 -0.0015919448 -0.0515751 0.9986673 8.811157
0.94854 0.31615406 0.017645588 193.52246 -0.31664506 0.9471987 0.050426602 132.4104 -0.0007693558 -0.053418726 0.9985717 8.80835
0.94349235 0.33094528 0.018113002 194.87451 -0.33144045 0.94203454 0.05243003 131.96265 0.00028532953 -0.055469505 0.9984605 8.826538
0.9363661 0.35068604 0.016920988 196.22607 -0.35107318 0.9346957 0.056028523 131.47266 0.0038312085 -0.058402125 0.9982854 8.831543
0.9296823 0.36806625 0.0149309505 197.5791 -0.36829743 0.9279411 0.05733201 130.96265 0.007246896 -0.05879788 0.99824345 8.851685
0.9228484 0.38490283 0.012711808 198.95654 -0.3849635 0.92106926 0.058271036 130.40405 0.010723636 -0.058670368 0.9982197 8.869873
0.9150266 0.40338913 0.0078064636 200.30542 -0.4031133 0.9132513 0.059395447 129.81519 0.016830716 -0.05749356 0.9982033 8.903931
0.9068087 0.42154756 0.004590283 201.63696 -0.42099243 0.90493697 0.06229965 129.24878 0.02210232 -0.058425505 0.9980475 8.942505
0.89755344 0.4408109 0.0031207753 202.9624 -0.44004625 0.8955326 0.06564394 128.625 0.026139537 -0.060293123 0.99783933 8.986084
0.88356686 0.46838123 0.003910318 204.3103 -0.46753642 0.8814052 0.06797406 127.92847 0.028387234 -0.061887007 0.9976791 9.030884
0.87011796 0.49283966 0.0050108717 205.66089 -0.49187744 0.8676864 0.072114326 127.21045 0.03118359 -0.06521323 0.99738485 9.086914
0.8559225 0.51704645 0.005309933 206.96631 -0.5158805 0.85320425 0.076695055 126.47485 0.03511687 -0.06839151 0.9970422 9.145386
0.8407112 0.5414939 0.005250846 208.2124 -0.5401092 0.83778214 0.08026634 125.715576 0.039060175 -0.07032052 0.99675995 9.210815
0.826186 0.56335104 0.005260003 209.51807 -0.5618263 0.8231877 0.08176927 124.89453 0.04174389 -0.07050379 0.9966362 9.283936
0.80951536 0.5870623 0.004569037 210.76953 -0.58532524 0.8064691 0.083558366 124.01221 0.045366213 -0.0703216 0.9964933 9.358398
0.79360366 0.60848755 0.0019336094 212.01172 -0.60641646 0.79063284 0.084997386 123.11328 0.05019123 -0.0686213 0.99637854 9.439453
0.7765439 0.6300156 -0.00076898886 213.2024 -0.6275373 0.77359754 0.087662935 122.18628 0.055826955 -0.06758656 0.99614984 9.536987
0.75883335 0.65130234 -0.0027848224 214.3855 -0.64853734 0.7559919 0.08892318 121.21655 0.060014866 -0.06567345 0.99603516 9.627808
0.74312633 0.669181 -0.003500663 215.55469 -0.6662298 0.7403214 0.09007515 120.20288 0.062864944 -0.06459738 0.9959284 9.738892
0.7260464 0.6876481 -0.0036647052 216.69653 -0.6845974 0.72330946 0.090356804 119.1687 0.06478756 -0.063077085 0.99590135 9.845459
0.7108159 0.7033634 -0.0044237003 217.8335 -0.70015293 0.7081462 0.09116573 118.11694 0.06726296 -0.061692555 0.99582446 9.957764
0.6966414 0.7173271 -0.0065319627 218.8938 -0.7138557 0.6941121 0.092349365 117.04956 0.07078544 -0.059664946 0.99570477 10.074585
0.6811422 0.73211807 -0.008849879 219.96533 -0.72840655 0.6788146 0.09310078 115.923096 0.074152224 -0.056971602 0.9956189 10.202148
0.66701007 0.7450956 -0.011466913 221.00903 -0.74101126 0.66482407 0.095447905 114.8042 0.07872976 -0.05515728 0.9953675 10.331055
0.6518589 0.7581069 -0.011884123 222.03613 -0.75378716 0.64967376 0.09757829 113.659424 0.08169399 -0.05465892 0.9951592 10.45459
0.6349923 0.7723229 -0.01140085 223.03418 -0.7679344 0.6328326 0.09814563 112.48633 0.08301039 -0.05357487 0.99510884 10.59668
0.61953026 0.78500015 -0.008522219 224.04688 -0.7806096 0.6171451 0.099458285 111.28638 0.08334054 -0.054957543 0.9950034 10.740112
0.6023161 0.79810864 -0.0039573573 224.98706 -0.7938735 0.59961796 0.10002316 110.08984 0.08220181 -0.057098616 0.99497837 10.883057
0.5831788 0.8122993 0.0011357348 225.91797 -0.8082719 0.5801481 0.100269146 108.86206 0.08079267 -0.0593885 0.9949596 11.018921
0.56578046 0.82453793 0.0050337035 226.8247 -0.8205381 0.5624148 0.10198905 107.620605 0.08125963 -0.06182202 0.9947725 11.167603
0.54632545 0.83760744 0.007858241 227.66797 -0.8334204 0.54260665 0.10539864 106.39331 0.08400034 -0.06412636 0.99439985 11.316406
0.5297695 0.84809667 0.011228753 228.47144 -0.8437559 0.525617 0.10887976 105.14917 0.0864235 -0.06715747 0.9939928 11.459595
0.51081294 0.85954106 0.013389075 229.27466 -0.8553117 0.50661445 0.10818725 103.87109 0.08621262 -0.066716745 0.9940405 11.616699
0.48811063 0.8725809 0.017163776 230.02612 -0.86859965 0.4837814 0.106943965 102.61743 0.08500236 -0.06710922 0.99411833 11.761475
0.46913737 0.8829302 0.020320293 230.71655 -0.8792258 0.4647538 0.105053626 101.35449 0.083284795 -0.06713879 0.99426067 11.90564
0.44785088 0.8936936 0.02462984 231.4065 -0.89037156 0.443356 0.10266368 100.062744 0.08084473 -0.06791657 0.9944107 12.052856
0.42470378 0.9049029 0.026042266 232.05615 -0.9016301 0.42024174 0.10180282 98.77124 0.081151016 -0.066706344 0.9944664 12.1866455
0.4038209 0.91442204 0.028570514 232.64844 -0.9112752 0.39927274 0.10105693 97.50171 0.08100898 -0.066844255 0.9944694 12.329346
0.38192862 0.92366534 0.02816536 233.2146 -0.9205046 0.3775867 0.09962231 96.206055 0.08136126 -0.0639798 0.9946295 12.460083
0.35694215 0.933617 0.027620634 233.74463 -0.9302972 0.35272202 0.09974323 94.90625 0.083384596 -0.061314583 0.9946307 12.597412
0.3403743 0.93989533 0.02694709 234.2207 -0.9365249 0.3363166 0.0989722 93.63818 0.08396123 -0.05891902 0.99472517 12.733032
0.31634995 0.9482863 0.0270772 234.68188 -0.945057 0.31252503 0.09617099 92.340576 0.082757436 -0.056006014 0.9949944 12.871338
0.2970381 0.95460474 0.026130386 235.1023 -0.95133495 0.29341418 0.09512583 91.059326 0.083169445 -0.05310528 0.99511915 13.000244
0.2773922 0.9603655 0.027366007 235.49951 -0.9566451 0.27345872 0.100221425 89.80371 0.08880333 -0.053987425 0.994586 13.135376
0.25568986 0.9662347 0.030296566 235.87231 -0.96178275 0.25109807 0.108761795 88.52637 0.09751678 -0.05697324 0.9936044 13.279297
0.23894098 0.9705126 0.031913247 236.20435 -0.9652518 0.23381023 0.116740204 87.27759 0.10580838 -0.05868328 0.99265164 13.426392
0.21930553 0.9749109 0.0359982 236.52075 -0.9694246 0.21364097 0.12006733 86.032715 0.109353505 -0.061218105 0.9921143 13.58374
0.19642976 0.9796992 0.04002706 236.81323 -0.974204 0.19038263 0.121164985 84.7749 0.11103669 -0.06278155 0.99182916 13.737183
0.17825441 0.9829338 0.04504602 237.06738 -0.9777287 0.17179501 0.12043613 83.539795 0.110590525 -0.065532684 0.9917043 13.892334
0.16052116 0.98580843 0.04996098 237.30444 -0.98075515 0.15357125 0.120869786 82.29028 0.111501314 -0.06837438 0.99140704 14.055176
0.13998538 0.98883176 0.05111017 237.5 -0.9839704 0.13316856 0.11860968 81.059814 0.11045327 -0.06690131 0.9916272 14.207764
