1.000000000000000000e+00 4.398956837314658088e-19 2.733407509747682871e-20 -8.673617379884035472e-19 -5.583667658079949532e-19 1.000000000000000000e+00 -6.100159232558060012e-19 0.000000000000000000e+00 4.145284534913582806e-20 -2.210423569125054137e-19 1.000000000000000222e+00 0.000000000000000000e+00
9.998925298565206621e-01 3.709426013156620584e-04 1.465575500901803406e-02 -6.177065992669125705e-02 -3.667165336625682415e-04 9.999998904070851458e-01 -2.910421651035412813e-04 -9.288314743044118194e-03 -1.465586161685673849e-02 2.856363950213695923e-04 9.998925562855270899e-01 3.656410288044942281e-02
9.992597787000856435e-01 4.138999931349620666e-03 3.824608963462542560e-02 5.275833475422816998e-02 -4.119009294748706210e-03 9.999913359658640921e-01 -6.014678068665401138e-04 1.118742399307716406e-02 -3.824824840751346600e-02 4.434866255264222068e-04 9.992681696046203932e-01 3.057005628113394491e-01
9.979507830726815909e-01 5.226327696727629812e-03 6.377240839452300025e-02 3.217291078245076985e-02 -5.276652582168901359e-03 9.999858857197493345e-01 6.207323634083576928e-04 2.612782004081562470e-03 -6.376826524593863510e-02 -9.559651448102386966e-04 9.979642751418029700e-01 4.273338624171476030e-01
9.953177599589292379e-01 4.705337466161264512e-03 9.654230406554287214e-02 7.577767944056801319e-02 -4.957314027681038009e-03 9.999849031992885662e-01 2.370320642138371101e-03 6.082536251043144104e-03 -9.652969509638714696e-02 -2.837812689708750936e-03 9.953260595454718196e-01 5.936299072471244997e-01
9.909009391826686386e-01 1.693929380718439031e-03 1.345825367595628042e-01 1.747002675437085428e-01 -2.311511997595847977e-03 9.999875037292276225e-01 4.432753192528125601e-03 6.135914304503387040e-03 -1.345733485348948599e-01 -4.703508368976646453e-03 9.908924719662852709e-01 8.021023484731366615e-01
9.847206750037978962e-01 -1.547702767268863437e-03 1.741344209363240858e-01 2.217175538694256265e-01 6.236330532644589891e-04 9.999854340037683809e-01 5.361236757639399261e-03 -1.094605687668018246e-02 -1.741401851063523465e-01 -5.170724581938548371e-03 9.847072965213274909e-01 9.730748367264263621e-01
9.759947550764617175e-01 -1.846829840075875102e-03 2.177861950707729588e-01 3.273945379116421361e-01 5.138947885741133263e-04 9.999807909449024423e-01 6.176864152533954877e-03 -2.576352501814066498e-03 -2.177934229863454085e-01 -5.916667674068461225e-03 9.759769559110987869e-01 1.212976262693018059e+00
9.642046707615806733e-01 -1.842026273888838338e-03 2.651527087657263304e-01 4.214872900870583194e-01 -6.897855755555046741e-04 9.999550618941375202e-01 9.455072004557576668e-03 1.116478711529780843e-02 -2.651582143789747992e-01 -9.299522938083358559e-03 9.641600702564767644e-01 1.406357927252638973e+00
9.497035203568433559e-01 -5.640971105664587155e-03 3.130996671940012299e-01 5.584134205974108367e-01 6.250616150741311649e-04 9.998698974348335655e-01 1.611823485108562770e-02 2.567729198072939145e-02 -3.131498600294145285e-01 -1.511183763625842912e-02 9.495834870107742187e-01 1.667830580461230561e+00
9.329464005401012505e-01 -1.531019964224617814e-02 3.596896019667025768e-01 6.824582125307077085e-01 6.982296552656430851e-03 9.996768922992742556e-01 2.444091886169169961e-02 -2.008017525731584096e-03 -3.599475850467376836e-01 -2.029060764572685957e-02 9.327518582273206516e-01 1.855785447369801444e+00
9.118700427260211239e-01 -2.111040395966955543e-02 4.099358165280710953e-01 8.468799752448753493e-01 9.933460857643492542e-03 9.995190763009748069e-01 2.937588185170051519e-02 -4.349248008194625537e-03 -4.103588124948100990e-01 -2.271490505661601100e-02 9.116412016129794571e-01 2.079301907020950857e+00
8.869952401412383169e-01 -2.299650861816903910e-02 4.612055956786031419e-01 1.042095539899455803e+00 8.575822655439518938e-03 9.994073052373091404e-01 3.333906825325353568e-02 -2.432726800873571960e-03 -4.616989316778318808e-01 -2.561637723538744138e-02 8.866667360456673697e-01 2.320659289005042147e+00
8.585554658606546763e-01 -2.502995047822774086e-02 5.121093728235371900e-01 1.211069186857641089e+00 6.646672930572686787e-03 9.992671043661187635e-01 3.769715955001563812e-02 2.460771763821686248e-02 -5.126776169866295030e-01 -2.896127863264742058e-02 8.580925994900405751e-01 2.539313916165117035e+00
8.263774090034597952e-01 -3.029128872461403846e-02 5.623013524227385984e-01 1.453392873375137562e+00 7.823088960081322346e-03 9.990733434578947803e-01 4.232320441702003277e-02 2.372768034022632033e-02 -5.630623263212610752e-01 -3.057600622503919147e-02 8.258486116350669537e-01 2.785680658542810217e+00
7.906339310394732145e-01 -3.606944157252383459e-02 6.112257984823532553e-01 1.667311580566849250e+00 1.007631463659100848e-02 9.988946448410330747e-01 4.591248572094367569e-02 2.606650381665315264e-02 -6.122062251855758808e-01 -3.014106527312490971e-02 7.901234459359688378e-01 2.970482861638785721e+00
7.529430976102186035e-01 -4.054675380418730490e-02 6.568353262348949340e-01 1.925928704158676119e+00 1.110785326229591155e-02 9.987409514962752866e-01 4.891960086896872395e-02 3.429336088082690637e-02 -6.579918810777615201e-01 -2.953764499911850153e-02 7.524454922063558149e-01 3.172769392037234848e+00
7.127421080997505820e-01 -4.377071366086562193e-02 7.000591433805444241e-01 2.241261375292979974e+00 1.211975636068090938e-02 9.986705740076323723e-01 5.010185688248585539e-02 4.425396707868387014e-02 -7.013214727077684563e-01 -2.722515637876585237e-02 7.123250596248527078e-01 3.420835991358845529e+00
6.710712466683123045e-01 -4.557357586998096732e-02 7.399908258486848078e-01 2.515954246412564821e+00 1.116714334087697338e-02 9.986170255714332811e-01 5.137442062542232901e-02 5.123151662534632805e-02 -7.413087663258739468e-01 -2.621231236129705627e-02 6.706520979167943652e-01 3.617193193573166710e+00
6.287063845537849138e-01 -4.614933023796392864e-02 7.762721891419545051e-01 2.866376725365244571e+00 7.170908485092001433e-03 9.985391350523288301e-01 5.355533391305448976e-02 8.488131141379150202e-02 -7.776097165396421707e-01 -2.810400299763498796e-02 6.281188609755374852e-01 3.836914877951211889e+00
5.867349062368164558e-01 -4.682649486939718247e-02 8.084240338909164381e-01 3.215543920977981696e+00 4.254255736109023751e-03 9.984911323791727522e-01 5.474814902671908817e-02 1.012226453414791227e-01 -8.097679069563437082e-01 -2.868340694056371876e-02 5.860488116917574875e-01 4.050849934756647563e+00
5.467657466711890457e-01 -4.798320544971639706e-02 8.359095757576132657e-01 3.578988869217193169e+00 2.174500306021303567e-03 9.984345535742903399e-01 5.589019353219853992e-02 1.203323832331970322e-01 -8.372828092100915720e-01 -2.874115717811457846e-02 5.460141525163749732e-01 4.251033439943177505e+00
5.078319797232329069e-01 -5.051527074264220568e-02 8.599737645044865930e-01 4.008948015838596390e+00 1.213405270234324367e-03 9.983201847386937722e-01 5.792526517689185889e-02 1.310827283883096162e-01 -8.614552927939985727e-01 -2.837280476922000860e-02 5.070402101096456171e-01 4.468842362109427313e+00
4.706274164374458779e-01 -5.037407130656572363e-02 8.808928850980106695e-01 4.422183396571266911e+00 -1.609260920338596509e-03 9.983182571937212479e-01 5.794883599182967804e-02 1.541624315120012911e-01 -8.823305838734932793e-01 -2.868989681971957986e-02 4.697548759121373818e-01 4.647681129291961533e+00
4.343021330216859099e-01 -4.967703974973187997e-02 8.993963728779719169e-01 4.867556111518636541e+00 -2.979356327540605594e-03 9.983934138683520088e-01 5.658369503838692888e-02 1.792826447501050802e-01 -9.007623411783718392e-01 -2.725404104666818983e-02 4.334563823799624238e-01 4.837503639251004905e+00
4.009489292627156365e-01 -4.843851821010961012e-02 9.148189176701805314e-01 5.377311224777909793e+00 -1.661339255142510159e-03 9.985610673916827107e-01 5.360069595407919441e-02 1.958235148654205449e-01 -9.160989090274034297e-01 -2.301096549671970831e-02 4.002915166848548534e-01 5.026253583141222059e+00
3.711734035681527044e-01 -4.678751176390982813e-02 9.273840729934414995e-01 5.876207397276314914e+00 2.153662907332800996e-04 9.987340803174142856e-01 5.030099795910155519e-02 2.176901950039899503e-01 -9.285635538370770048e-01 -1.847066455915917157e-02 3.707136030078737599e-01 5.203616648081472285e+00
3.452009390369689679e-01 -4.487232916847470193e-02 9.374554768210875411e-01 6.425117794672244642e+00 1.160920574093780074e-03 9.988760346695391146e-01 4.738480340388673967e-02 2.440089591602808694e-01 -9.385280920987304487e-01 -1.526896645242056816e-02 3.448650370489654282e-01 5.386889499414292182e+00
3.246920330776240093e-01 -4.428594069097405855e-02 9.447824215700507677e-01 7.007256951560470348e+00 2.226234400731111167e-03 9.989362278701554576e-01 4.605927155120140282e-02 2.698351949495584323e-01 -9.458171828941930315e-01 -1.285177053488090193e-02 3.244452243054092855e-01 5.564293236707823276e+00
3.102865679186598835e-01 -4.490323627318219823e-02 9.495819764299621157e-01 7.580836873137874576e+00 3.517507717147619947e-03 9.989312160090234594e-01 4.608744717176806865e-02 2.975200930700108715e-01 -9.506365703948153056e-01 -1.096015299407075705e-02 3.101128847541401168e-01 5.735327859616556445e+00
2.982681992945468430e-01 -4.657118231281913434e-02 9.533452632427351636e-01 8.194172815525568865e+00 4.390901265144186993e-03 9.988653362503560063e-01 4.742109219789326230e-02 3.172702234336214344e-01 -9.544720097788771396e-01 -9.958157957939271776e-03 2.981342533109427317e-01 5.936216672474654565e+00
2.869828521061013604e-01 -4.837253808176422004e-02 9.567136064205425949e-01 8.838094378336659673e+00 3.277045088031606008e-03 9.987679618998478448e-01 4.951584816231031222e-02 3.442091894473872649e-01 -9.579301226334016039e-01 -1.107500481210044879e-02 2.867877959485479189e-01 6.117176548232050592e+00
2.770833292887340815e-01 -4.994562772369239706e-02 9.595468968987325153e-01 9.504154600852494639e+00 1.745590620133396663e-03 9.986725977949842958e-01 5.147810494332651088e-02 3.751267963873682332e-01 -9.608443151226941925e-01 -1.258874775603964838e-02 2.768027115440795383e-01 6.298066318601223124e+00
2.666059143813179211e-01 -5.161177197573038611e-02 9.624227219610713702e-01 1.019742796097238191e+01 8.605839980435843516e-04 9.985775200730776513e-01 5.331224775828381085e-02 4.062312158048510535e-01 -9.638052512086452417e-01 -1.338511408543151260e-02 2.662710877393084652e-01 6.496762303804684890e+00
2.564409089682973542e-01 -5.373364839988978986e-02 9.650651477860884286e-01 1.090315681669592252e+01 6.310482755903987478e-05 9.984544601901736982e-01 5.557595616770050900e-02 4.312465948942358351e-01 -9.665599167923512036e-01 -1.419104756698308899e-02 2.560479588382923999e-01 6.678671577601169140e+00
2.460646218572495880e-01 -5.523626895980577461e-02 9.676782216180821461e-01 1.163396140710564630e+01 -3.826980890998603574e-04 9.983692219825983649e-01 5.708546311249902694e-02 4.616459608089439337e-01 -9.692533580100606283e-01 -1.441704061833389700e-02 2.456422049139984076e-01 6.857424785297224545e+00
2.352037766960350940e-01 -5.656745987879899934e-02 9.702985571151845345e-01 1.240972908801579777e+01 -1.150258562955902304e-03 9.982880320950324737e-01 5.847804578979480528e-02 4.910899348003199827e-01 -9.719454084520119386e-01 -1.487035056484482809e-02 2.347360468180721138e-01 7.044027643361821411e+00
2.251050672604251734e-01 -5.936032522285881324e-02 9.725245726573070737e-01 1.318336605194060773e+01 -2.220056722781307227e-03 9.981085700157383833e-01 6.143576943151579650e-02 5.237647173446511317e-01 -9.743319746302273598e-01 -1.598856184806608793e-02 2.245475121386902306e-01 7.228371663794745494e+00
2.140792607547309379e-01 -6.312907712235382718e-02 9.747742167202864128e-01 1.395430769052047459e+01 -4.060643101029177277e-03 9.978433293829035433e-01 6.551489248790694220e-02 5.704071322936151711e-01 -9.768078614069488630e-01 -1.798358908506373852e-02 2.133612162903294474e-01 7.396890345646998988e+00
2.013207849243358327e-01 -6.664795412391996687e-02 9.772553276964266455e-01 1.473388835837309863e+01 -4.394621235337301327e-03 9.976110238112936290e-01 6.894151451824669097e-02 6.110450368448782088e-01 -9.795155158295343334e-01 -1.817402596221823902e-02 2.005469404836015268e-01 7.558677827176554231e+00
1.891640659275725111e-01 -6.920852657841580768e-02 9.795035067104006510e-01 1.552641194264165136e+01 -5.255860862255834660e-03 9.974274689426678719e-01 7.148999980864989556e-02 6.515485228539711349e-01 -9.819314380564012623e-01 -1.867147231168915858e-02 1.883136837391367058e-01 7.717722393541547099e+00
1.755834880067917991e-01 -7.000611730427039325e-02 9.819722836326024717e-01 1.633807566585872806e+01 -5.841988037998945352e-03 9.973767621679421325e-01 7.214891136143003481e-02 6.853317272173885533e-01 -9.844472189701022335e-01 -1.840482696995900461e-02 1.747139144873027794e-01 7.849547728021570414e+00
1.610467527951011946e-01 -6.922764532894258582e-02 9.845158505439138841e-01 1.713269140394188739e+01 -7.177203748995023176e-03 9.974284038821267240e-01 7.130965451285700696e-02 7.247306811733759124e-01 -9.869206899484921358e-01 -1.855025827635848473e-02 1.601357433004459985e-01 7.995960242867016454e+00
1.441336395297948825e-01 -6.817033149752603494e-02 9.872073151973098648e-01 1.792811353742089153e+01 -8.613241295236724604e-03 9.975000675090559543e-01 7.013862950997015733e-02 7.616821192812808228e-01 -9.895207542970425596e-01 -1.861238987489154464e-02 1.431861462683174102e-01 8.096855299090302438e+00
1.234888244767343990e-01 -6.682152274994604402e-02 9.900936205823116509e-01 1.874027530603127190e+01 -1.089148295794076238e-02 9.975789327062904999e-01 6.868514090978711240e-02 8.003926556676209669e-01 -9.922862001710861524e-01 -1.926543422527862010e-02 1.224620628637334840e-01 8.198173629734865742e+00
9.780432289752517827e-02 -6.555057693099715366e-02 9.930445203205802152e-01 1.955461783074005666e+01 -1.505830897915040080e-02 9.976167508258666494e-01 6.733547189067129457e-02 8.445116697453820542e-01 -9.950917440304410944e-01 -2.153927058873213174e-02 9.658414859795282081e-02 8.281992509427769988e+00
6.851157023931142565e-02 -6.503825733056141367e-02 9.955280873735484759e-01 2.038231039545476264e+01 -1.915121804531580083e-02 9.976031634735857967e-01 6.649179691381940094e-02 8.834462108731908625e-01 -9.974664971409069603e-01 -2.362103203676130941e-02 6.710179596796243817e-02 8.336991775029014562e+00
3.500093733710501337e-02 -6.474379335166291494e-02 9.972879014705757772e-01 2.124314583671336720e+01 -2.218179151197326171e-02 9.976031852291308288e-01 6.554275654620519975e-02 9.213137887694035078e-01 -9.991410910638987009e-01 -2.441568937566711284e-02 3.348091185536012510e-02 8.340365423951597634e+00
7.675364326367483444e-04 -6.399689971628781671e-02 9.979497935526980834e-01 2.207472882535992653e+01 -2.424471628159341821e-02 9.976555612559139252e-01 6.399667822513729898e-02 9.562085117132745893e-01 -9.997057676816175631e-01 -2.424412853793841971e-02 -7.858510793986826781e-04 8.340008479702625266e+00
-3.336018063328737016e-02 -6.326591114265153748e-02 9.974389733408229874e-01 2.291465554205149502e+01 -2.525776230097653841e-02 9.977290957409995498e-01 6.243954641134488726e-02 9.866518219045368188e-01 -9.991241970053094112e-01 -2.311008108633611988e-02 -3.488237959528037169e-02 8.294521867491813083e+00
-6.594057656176642579e-02 -6.133712615659889927e-02 9.959365341354093903e-01 2.375618790380172385e+01 -2.746372226415723719e-02 9.978423098308657480e-01 5.963613569078985571e-02 1.019313500939382999e+00 -9.974455380979669883e-01 -2.341968233207334868e-02 -6.748284441612562023e-02 8.239425053642161600e+00
-9.855291893795685432e-02 -5.825419834089339000e-02 9.934252630636017933e-01 2.458417670402366895e+01 -2.947800317285375130e-02 9.980179271194767887e-01 5.559914114619909226e-02 1.060827614140138264e+00 -9.946951223919742180e-01 -2.380473454819888660e-02 -1.000747987011554596e-01 8.151724619048316356e+00
-1.310523822011250561e-01 -5.399298822873013076e-02 9.899040424034936114e-01 2.542556703808426377e+01 -2.681770728986928101e-02 9.983434787351079809e-01 5.090293765353103711e-02 1.082942529288375644e+00 -9.910126641651774149e-01 -1.987600472259126033e-02 -1.322832606806639277e-01 8.029489864041908120e+00
-1.622551416785240896e-01 -4.836776425150286773e-02 9.855626876630284583e-01 2.625058792528249541e+01 -2.220319556711993977e-02 9.987240065015720036e-01 4.535831742073193756e-02 1.103387621233991478e+00 -9.864990135557790696e-01 -1.452301994296828318e-02 -1.631220254798515790e-01 7.875780559669570913e+00
-1.933519779914948389e-01 -4.218155968381332582e-02 9.802222766830146483e-01 2.710807436259142023e+01 -1.599459985026962378e-02 9.990781286801257988e-01 3.983799162157029145e-02 1.121739875441585266e+00 -9.809990834808721694e-01 -7.975507611141810504e-03 -1.938484108885800972e-01 7.695843950263159705e+00
-2.227653092324216322e-01 -3.661048001717393668e-02 9.741844142665214701e-01 2.790237640499683991e+01 -1.082349776969453170e-02 9.993258842993321123e-01 3.508032022564289143e-02 1.126626050832113979e+00 -9.748120254977061805e-01 -2.729403420889397157e-03 -2.230113944532195469e-01 7.497249412709564353e+00
-2.498403805927716104e-01 -3.016526286149159158e-02 9.678170408546482584e-01 2.872917135519312737e+01 -1.867961005126784211e-03 9.995277757330263135e-01 3.067142396723984699e-02 1.150648359084800232e+00 -9.682852424996182261e-01 5.855116847212729278e-03 -2.497787487937363216e-01 7.274361749581430558e+00
-2.765761526166654605e-01 -2.027854139193953700e-02 9.607780160873272690e-01 2.953274314818526847e+01 4.172532583978306314e-03 9.997425705306715038e-01 2.230207667126498164e-02 1.142249568588413533e+00 -9.609829537456108239e-01 1.017710127037326460e-02 -2.764203422378366248e-01 7.016356215439161659e+00
-3.017763916034524319e-01 -5.417196290614303446e-03 9.533633343649213776e-01 3.030210017338523798e+01 8.043201098133046650e-03 9.999338028772013498e-01 8.227804264545482762e-03 1.132985398039209279e+00 -9.533448126015291457e-01 1.015105121577611694e-02 -3.017128446144362597e-01 6.749948126916835101e+00
-3.265578980371299234e-01 1.188123724661063405e-02 9.451025127124141889e-01 3.109414014342538124e+01 9.083729115330476528e-03 9.999142614605428525e-01 -9.431626481453835378e-03 1.106009611079971089e+00 -9.451335567642826785e-01 5.505084149138372157e-03 -3.266378267094008359e-01 6.468907952649286308e+00
-3.519957828054541271e-01 2.664592578811072685e-02 9.356222249993031426e-01 3.188865716311521226e+01 8.005350175630728329e-03 9.996438520860612131e-01 -2.545748102093515694e-02 1.080839552764492950e+00 -9.359673594497218696e-01 -1.470941441015217099e-03 -3.520837315250335831e-01 6.182692397222709246e+00
-3.763647837712643662e-01 3.745765813635484193e-02 9.257140260706457902e-01 3.263806537001070041e+01 1.230694015473853681e-02 9.992963278270213801e-01 -3.543146044450921905e-02 1.049023153983502654e+00 -9.263898224403700477e-01 -1.942445871910281280e-03 -3.765609368070272356e-01 5.873973138832982777e+00
-4.001363857893269760e-01 4.194769348183437219e-02 9.154950839633706483e-01 3.342104194343121293e+01 1.600289028406179717e-02 9.991194305209279980e-01 -3.878493295138659563e-02 9.986195967431991116e-01 -9.163158812770157979e-01 -8.686945523609129098e-04 -4.004553235271822720e-01 5.521436455698616186e+00
-4.227772221559895072e-01 4.154351067089475519e-02 9.052809190688545504e-01 3.415924330137309539e+01 1.840827362157809732e-02 9.991362770813980720e-01 -3.725366082721678906e-02 9.579171259160476071e-01 -9.060466707346955806e-01 9.146605901306201257e-04 -4.231768053672139152e-01 5.156231629144808259e+00
-4.432497668523909251e-01 3.797958181238535874e-02 8.955932006873437157e-01 3.488690526897600819e+01 2.232295271877836329e-02 9.992598582722477252e-01 -3.132764573023077981e-02 9.125837910461210845e-01 -8.961201611923321764e-01 6.106314018646143496e-03 -4.437695168751871200e-01 4.786655458640474592e+00
-4.610918908263276772e-01 3.663914142555089321e-02 8.865956391494514977e-01 3.560756092898589031e+01 2.932496280124140264e-02 9.992306131219448329e-01 -2.604281681349128810e-02 8.772594619423821349e-01 -8.868677059132996643e-01 1.399125356797039851e-02 -4.618115754847648136e-01 4.376097697563509747e+00
-4.753967296176238033e-01 3.736893686816190885e-02 8.789775299042061896e-01 3.631425804986288597e+01 3.320499489614253674e-02 9.991477633005615422e-01 -2.451887745153755530e-02 8.343333411665714294e-01 -8.791446926144306229e-01 1.753025134345962202e-02 -4.762324156747151926e-01 4.000569763671409262e+00
-4.858869734694885034e-01 4.054655547912704161e-02 8.730806446558806444e-01 3.701070466847119178e+01 3.554875474261533913e-02 9.990135736905800812e-01 -2.661138028235471298e-02 7.796721420870010855e-01 -8.732984298795151146e-01 1.810680778444169470e-02 -4.868490625627574508e-01 3.575428042349181101e+00
-4.964601395430510711e-01 4.341605707450493096e-02 8.669731035220156201e-01 3.770365976167512656e+01 3.741211892522141452e-02 9.988906097457631583e-01 -2.859865483676402031e-02 7.439257110406121143e-01 -8.672529478710293560e-01 1.823720977991617406e-02 -4.975336594157685477e-01 3.189249338246200605e+00
-5.064900268865742961e-01 4.245272088656678461e-02 8.612000962127247528e-01 3.839023782999120726e+01 3.110032282954363139e-02 9.990367655793337409e-01 -3.095659683157570702e-02 6.889948674838083376e-01 -8.616847653294427145e-01 1.110439447950783629e-02 -5.073224527976597509e-01 2.783492264485723400e+00
-5.183037201714693065e-01 4.126498249756517522e-02 8.542004692333736715e-01 3.909110605673581063e+01 2.950965487049372893e-02 9.991033414267760371e-01 -3.035940329528336729e-02 6.679733984901816690e-01 -8.546873381100236200e-01 9.471770375755268062e-03 -5.190566952930637523e-01 2.379593834753545245e+00
-5.268429331325181764e-01 4.279118900728363234e-02 8.488848124837700126e-01 3.976450519590455457e+01 3.196515088069062233e-02 9.990228733007509021e-01 -3.052093866150185075e-02 6.302563409185836241e-01 -8.493613864379312428e-01 1.105499128303518049e-02 -5.276959688460172160e-01 1.955317964479719395e+00
-5.343900135667031259e-01 4.564408078548323755e-02 8.440046909478549075e-01 4.044000465255039956e+01 3.552907733096141718e-02 9.988713324972626761e-01 -3.152373264157035809e-02 5.835941058055844621e-01 -8.444909767117985133e-01 1.314074104988229540e-02 -5.354085581908012426e-01 1.511971708220854360e+00
-5.374813743414620371e-01 4.903666420192984848e-02 8.418486591507180483e-01 4.114486480997877038e+01 3.647727006979725739e-02 9.987253931685405872e-01 -3.488549478442747043e-02 5.456121409460641392e-01 -8.424863159875490837e-01 1.195803823313719080e-02 -5.385850217409379193e-01 1.063138850638806865e+00
-5.376191813672643871e-01 5.032425083500480928e-02 8.416846634711593333e-01 4.184668828634410431e+01 3.550021420510937609e-02 9.986831786202897687e-01 -3.703570534266791697e-02 4.980945690060992748e-01 -8.424401238298646621e-01 9.968881256191750723e-03 -5.386977558068993810e-01 6.328233761660873036e-01
-5.336447895939063768e-01 5.139404029590077111e-02 8.441456498795764096e-01 4.257962489585035826e+01 3.820690254646452733e-02 9.985977337780390650e-01 -3.664421681275017301e-02 4.615620627732047732e-01 -8.448452419408235547e-01 1.269719623272851615e-02 -5.348600858110976741e-01 1.537572274827034013e-01
-5.285894326263192999e-01 5.025680960011793402e-02 8.473886072882941267e-01 4.332210307267915539e+01 3.657663936222744355e-02 9.986672400989683451e-01 -3.641281289526796666e-02 4.176031520813635045e-01 -8.480892482289987822e-01 1.174720039797290394e-02 -5.297231762221858986e-01 -2.865069802789111386e-01
-5.216423659551462366e-01 4.886339614071226467e-02 8.517638154978053322e-01 4.407122984735998017e+01 3.431996800762120159e-02 9.987522708198970367e-01 -3.627728308425879483e-02 3.731980309375144134e-01 -8.524736909520623795e-01 1.030874012868472980e-02 -5.226684889473844908e-01 -7.393219545632654377e-01
-5.142032232923186008e-01 4.819073992322624178e-02 8.563134265237561937e-01 4.487712467653139470e+01 3.230860778088746194e-02 9.987999195581502843e-01 -3.680861986373541728e-02 3.242269329784387977e-01 -8.570596310005365037e-01 8.739184654940727187e-03 -5.151431149835902223e-01 -1.222684942188167145e+00
-5.073496585745596033e-01 4.667500792557519040e-02 8.604753071202955184e-01 4.567791299877319489e+01 2.945848269027299959e-02 9.988878533585046071e-01 -3.681377672534150158e-02 2.802080898375118867e-01 -8.612366306336959321e-01 6.670840871713768806e-03 -5.081603874822248068e-01 -1.688475122280561624e+00
-5.031098371562461313e-01 4.466631726598262880e-02 8.630674355856439162e-01 4.649430721350871210e+01 2.567681828313376352e-02 9.989951839683860468e-01 -3.673313712046935575e-02 2.351488064449693827e-01 -8.638409605052852491e-01 3.680024034530346086e-03 -5.037511944548184184e-01 -2.144143004430982824e+00
-5.017565096713776374e-01 4.193742182790397705e-02 8.639916921682794237e-01 4.733508462905084002e+01 2.106878419329831151e-02 9.991202393259451808e-01 -3.626091092350021416e-02 1.995988176228395694e-01 -8.647522903432744990e-01 9.107333311506631004e-06 -5.021986557339802593e-01 -2.601149078628202549e+00
-5.021497916695205621e-01 3.929151263738796945e-02 8.638875796343036262e-01 4.815020482803212332e+01 1.798211277649126166e-02 9.992257120826785188e-01 -3.499456954377636736e-02 1.415723116875839127e-01 -8.645936864577471459e-01 -2.037991011146004540e-03 -5.024675287816637859e-01 -3.081109383008330482e+00
-5.032639451393436936e-01 3.795000739197967182e-02 8.632990124886125161e-01 4.900955705465224099e+01 1.660928507213216276e-02 9.992754441004453314e-01 -3.424497677620316066e-02 1.041395887062454562e-01 -8.639731161732078224e-01 -2.895481808448160509e-03 -5.035296259862187540e-01 -3.570804475314424131e+00
-5.038004033663608938e-01 3.741244953029070064e-02 8.630095299000405396e-01 4.987048023895732740e+01 1.653223479422747180e-02 9.992962744735898184e-01 -3.366958573313787173e-02 5.285257822006787093e-02 -8.636618846914431158e-01 -2.695273789346301196e-03 -5.040643787777929763e-01 -4.080976682557456492e+00
-5.035885890942761733e-01 3.660847352191753945e-02 8.631676193567328070e-01 5.073462306374704411e+01 1.621211848672442224e-02 9.993263373169701813e-01 -3.292474338833851349e-02 5.451808969888394252e-03 -8.637914750914731377e-01 -2.586748442424114964e-03 -5.038428423803288370e-01 -4.575933382810721817e+00
-5.034327443290149695e-01 3.611991621909312056e-02 8.632791032406083032e-01 5.162735649893501488e+01 1.658791011243378188e-02 9.993457318436324011e-01 -3.213953098744719294e-02 -4.058597497364772877e-02 -8.638751793345338381e-01 -1.860095204988882183e-03 -5.037025194549393792e-01 -5.097407467050286023e+00
-5.043748944165411530e-01 3.558251635274977537e-02 8.627513181267916220e-01 5.251090459562247048e+01 1.629773141314765778e-02 9.993648930717365930e-01 -3.168902673212282278e-02 -9.542173254109635738e-02 -8.633309690443684570e-01 -1.922259338633874794e-03 -5.046344779362703648e-01 -5.601629670715574605e+00
-5.041951327442225628e-01 3.405284290640976652e-02 8.629181064962386793e-01 5.339304334791513185e+01 1.436300817597709750e-02 9.994147177948523586e-01 -3.104715483469731863e-02 -1.443805788952018387e-01 -8.634703147168050208e-01 -3.259723631142396987e-03 -5.043891387812861060e-01 -6.117658301758476469e+00
-5.049446321754457179e-01 3.357534054650974931e-02 8.624984646179353343e-01 5.430467831790569733e+01 1.426939923002818432e-02 9.994313203331836037e-01 -3.055192555604088409e-02 -1.935919959635633014e-01 -8.630337855224432531e-01 -3.119694980664168907e-03 -5.051365815832637995e-01 -6.620109761790282654e+00
-5.035247762464319932e-01 3.271415257030619445e-02 8.633612050738352917e-01 5.519612275547130054e+01 1.278536658378418359e-02 9.994556018565319278e-01 -3.041437643526777659e-02 -2.459322623044691569e-01 -8.638861883405979381e-01 -4.276001692979268347e-03 -5.036689219416727870e-01 -7.140413233838939888e+00
-5.021521483250955820e-01 3.146121813816566554e-02 8.642068028892817555e-01 5.608063948320309322e+01 1.223496232077632764e-02 9.994964486221568079e-01 -2.927720726211852781e-02 -3.025314089687948238e-01 -8.646927419341600141e-01 -4.128073954901758692e-03 -5.022842169539918356e-01 -7.660458573910071678e+00
-5.003578294425435891e-01 2.899206774711035953e-02 8.653331664535756085e-01 5.698528634723137998e+01 1.264965626048582259e-02 9.995773274996678781e-01 -2.617541827285218420e-02 -3.594606046791096743e-01 -8.657263084071287196e-01 -2.150907446614563553e-03 -5.005130828569787083e-01 -8.160222895617991412e+00
-4.983659285209649514e-01 2.802123388432148365e-02 8.665138187865921715e-01 5.786296708466958449e+01 1.378653050702301208e-02 9.996073056876085827e-01 -2.439602360571551526e-02 -3.973475883597400449e-01 -8.668571654296920448e-01 -2.119268209725336922e-04 -4.985565398707599294e-01 -8.660875906224120513e+00
-4.954038684482746646e-01 2.738854119801658119e-02 8.682308801782546714e-01 5.875829504296043382e+01 1.318202144812071104e-02 9.996247620377340937e-01 -2.401185973388589995e-02 -4.575642709382727880e-01 -8.685627518389696933e-01 -4.505291788051217733e-04 -4.955790116696465186e-01 -9.199269467515216903e+00
-4.938860320211026500e-01 2.761694387175967630e-02 8.690879576421874919e-01 5.965912900006107122e+01 1.380618600455324994e-02 9.996185622709768959e-01 -2.391901266007041837e-02 -5.063890615879634849e-01 -8.694170397881383350e-01 1.855246888668357337e-04 -4.940789311418439245e-01 -9.688263093406558113e+00
-4.924421847289195409e-01 2.797444478662162656e-02 8.698954600687566208e-01 6.052831821964376502e+01 1.358663718059257251e-02 9.996086136801767275e-01 -2.445450310407209712e-02 -5.503353966654921381e-01 -8.702391110994874834e-01 -2.234739935472958880e-04 -4.926295294505352307e-01 -1.018267778841361704e+01
-4.938060684623022389e-01 2.905773754007054746e-02 8.690864174363919226e-01 6.141017330259326457e+01 1.297924913271099323e-02 9.995764836071112658e-01 -2.604596874226972406e-02 -5.968731083843032970e-01 -8.694751970676357633e-01 -1.581567367477989747e-03 -4.939740823354645261e-01 -1.066290900259274821e+01
-4.957897731422079013e-01 3.106066223400518952e-02 8.678869295466120626e-01 6.231046799160878180e+01 1.207223031311703901e-02 9.995101304241466034e-01 -2.887490972364691391e-02 -6.436546756618620746e-01 -8.683586669933348601e-01 -3.838553138470696905e-03 -4.959218735062256300e-01 -1.117547437050004966e+01
-4.997841187159954290e-01 3.166538828709427461e-02 8.655709816642539467e-01 6.319739956579169871e+01 1.069975138188901907e-02 9.994809633401219306e-01 -3.038616822925852001e-02 -6.909979643671412264e-01 -8.660839233981948437e-01 -5.925129120038362396e-03 -4.998635254368883341e-01 -1.167420909798759077e+01
-5.055879525719323420e-01 3.054578276767711334e-02 8.622341699908291357e-01 6.404801107018737127e+01 1.105234043992372669e-02 9.995203768051224014e-01 -2.892856893522953443e-02 -7.294817066000086614e-01 -8.627042831977982384e-01 -5.096229464838753290e-03 -5.056830644666470143e-01 -1.217637187776680996e+01
-5.108284956437240121e-01 2.832416191529094768e-02 8.592159079685232070e-01 6.492865976727178179e+01 1.371749419092334679e-02 9.995984027215237822e-01 -2.479644339300496325e-02 -8.030891086674214474e-01 -8.595732025571514168e-01 -8.804397231921337868e-04 -5.110118860459986756e-01 -1.269317373183682207e+01
-5.160291501752621857e-01 2.602439195537198727e-02 8.561755859019295478e-01 6.577178674068500186e+01 1.095674513937891156e-02 9.996571270994667469e-01 -2.378188292244655735e-02 -8.405749588218930368e-01 -8.565009503645226729e-01 -2.891246237650742928e-03 -5.161373615985913599e-01 -1.319801273295404798e+01
-5.210418547561552760e-01 2.821265169681741111e-02 8.530647212653853506e-01 6.661141721437813601e+01 1.207324343713606432e-02 9.995971880828096179e-01 -2.568459358455169386e-02 -8.955403474298551103e-01 -8.534457418956067354e-01 -3.083489330988826646e-03 -5.211725923002450411e-01 -1.371494117698626880e+01
-5.263682771760728185e-01 3.052006936718572663e-02 8.497087436502476221e-01 6.745195334196110082e+01 1.250421499275885737e-02 9.995253506832972867e-01 -2.815524684904609914e-02 -9.409953451400353552e-01 -8.501647447779839828e-01 -4.195087078394593022e-03 -5.265000675380189232e-01 -1.423939385870956542e+01
-5.314737649572628397e-01 3.083191410017084924e-02 8.465134477447963102e-01 6.828845435542702091e+01 1.136664190166231797e-02 9.995069742730715578e-01 -2.926786307899409065e-02 -9.830801771807341494e-01 -8.469984937362954325e-01 -5.933085288806174556e-03 -5.315621912362192836e-01 -1.475161841142337948e+01
-5.349029849880443388e-01 3.135381177982873163e-02 8.443315238561676095e-01 6.912018307076691315e+01 1.053768014847352927e-02 9.994810669644846879e-01 -3.043935044431935952e-02 -1.030511796632766375e+00 -8.448477766206037298e-01 -7.384803022854575551e-03 -5.349558037867858662e-01 -1.526495335059303926e+01
-5.383966081842331830e-01 3.042641811252469811e-02 8.421420975568481015e-01 6.994654134034308868e+01 1.055159830628678644e-02 9.995130215144689689e-01 -2.936636810031958630e-02 -1.088168960570465416e+00 -8.426255204503552143e-01 -6.924806993234307664e-03 -5.384554691465014420e-01 -1.578021660326778353e+01
-5.409781101726276464e-01 2.384529580340887314e-02 8.406985626969580849e-01 7.077711767212949212e+01 1.179007386775001755e-02 9.997147843467585338e-01 -2.076882510124623479e-02 -1.136227613153004690e+00 -8.409540356439169084e-01 -1.323580687782111845e-03 -5.411049537292778044e-01 -1.633153452741339962e+01
-5.430540326266873885e-01 1.565704636146567769e-02 8.395517623788841810e-01 7.156641656648834271e+01 1.248745064604458478e-02 9.998661663271598554e-01 -1.056943658690847644e-02 -1.170908302847211147e+00 -8.396049027824882272e-01 4.744087008182163410e-03 -5.431768714852766022e-01 -1.683729980553272298e+01
-5.448365301134158178e-01 1.309718057552352981e-02 8.384399838455232068e-01 7.238890386495140206e+01 1.315900160402567326e-02 9.998884347849328336e-01 -7.068142477272163979e-03 -1.198251282540783391e+00 -8.384390303696001023e-01 7.182051865741146367e-03 -5.449480923078722228e-01 -1.736099000596232500e+01
-5.457009403345980392e-01 1.781869783799036946e-02 8.377905256938236178e-01 7.320409155040195515e+01 1.283555269298437308e-02 9.998343459049248150e-01 -1.290462376356391570e-02 -1.231822454066133554e+00 -8.378817003640117722e-01 3.711440075247742811e-03 -5.458392567524804617e-01 -1.787812930166744607e+01
-5.475898196625573755e-01 2.299690477147008430e-02 8.364308214256724883e-01 7.398151864786861154e+01 1.305257184216849185e-02 9.997353875018496483e-01 -1.894162934936312673e-02 -1.282829835619098136e+00 -8.366451047085259329e-01 5.453309139037130267e-04 -5.477450904808862653e-01 -1.838637736061902928e+01
-5.476549506418070257e-01 2.836049432697496445e-02 8.362234896637141812e-01 7.480235659842584539e+01 1.984628630444271180e-02 9.995845031043125717e-01 -2.090325429006209199e-02 -1.308145461136315024e+00 -8.364688825106624259e-01 5.148161058047256294e-03 -5.479902533772716966e-01 -1.892683016998169876e+01
-5.472910986736161387e-01 2.865075333742460317e-02 8.364517767964050332e-01 7.557956668298145075e+01 2.260070808645216200e-02 9.995553571496103018e-01 -1.944983161492970167e-02 -1.359597951606886346e+00 -8.366371213140566532e-01 8.259683714891087603e-03 -5.476952780898134421e-01 -1.944394026085766924e+01
-5.468963288712529458e-01 2.626435203110595237e-02 8.367882507116570778e-01 7.637295265575356495e+01 2.241767903437519999e-02 9.996088115400542096e-01 -1.672338246972462222e-02 -1.393198504433873719e+00 -8.369001521065474458e-01 9.612894952177921878e-03 -5.472711763304357602e-01 -1.997681249462035424e+01
-5.466367669813476660e-01 2.134229340655821247e-02 8.370978071496443240e-01 7.718398005247752280e+01 2.067098782670822796e-02 9.997144361127922041e-01 -1.198984804050046669e-02 -1.420911886629077081e+00 -8.371146676031799849e-01 1.074954783296310640e-02 -5.469218347264133140e-01 -2.048216584397839668e+01
-5.454871787564372632e-01 1.517965776155722098e-02 8.379816841749488932e-01 7.796953920368643765e+01 1.858206559828554094e-02 9.998092449360627132e-01 -6.015026823168195640e-03 -1.451572278067752020e+00 -8.379131554917419455e-01 1.229031165375622271e-02 -5.456651948897107696e-01 -2.100220560964699956e+01
-5.455640135855495121e-01 8.512636230729991177e-03 8.380259120750687130e-01 7.877605023402938400e+01 1.008526527807457329e-02 9.999426916858659142e-01 -3.591761552156333415e-03 -1.474355729747842014e+00 -8.380084760973952607e-01 6.492178776600125711e-03 -5.456186016041635334e-01 -2.151546173642994120e+01
-5.440830004927760255e-01 3.602311850576861083e-03 8.390236582462499149e-01 7.957455842210497110e+01 1.944617046907625834e-03 9.999935114895254218e-01 -3.032398451213309289e-03 -1.500188423904136092e+00 -8.390291524048281158e-01 -1.829580338172828624e-05 -5.440864765001167669e-01 -2.199582420405039329e+01
-5.423450136148493250e-01 3.983741224867528956e-03 8.401464176883698398e-01 8.036970883951606481e+01 4.636807439611743444e-03 9.999877214161159156e-01 -1.748435213414769153e-03 -1.528808850896577587e+00 -8.401430817427949505e-01 2.947343004172695881e-03 -5.423568274073573559e-01 -2.249520916864165443e+01
-5.391241373847399654e-01 7.027095025568810653e-03 8.421969909178108615e-01 8.116423762928187102e+01 9.786624502559924943e-03 9.999499495741002164e-01 -2.078535695729981717e-03 -1.547383598155038342e+00 -8.421694592552511072e-01 7.121677944974379865e-03 -5.391659267160496816e-01 -2.301833101254763392e+01
-5.333204561018376477e-01 1.037809306568136629e-02 8.458496162282780340e-01 8.197239617137230994e+01 1.090245292830246959e-02 9.999260159196003972e-01 -5.394366401973518105e-03 -1.577927202597778189e+00 -8.458430347092877888e-01 6.344910670427468362e-03 -5.333941467385192592e-01 -2.351392770333709592e+01
-5.259757924473307256e-01 1.181921248535543374e-02 8.504174027108279965e-01 8.274213484216770098e+01 1.559450308772572687e-02 9.998693606318549421e-01 -4.251248857704136019e-03 -1.601140968286536737e+00 -8.503565658647463943e-01 1.102578386597540504e-02 -5.260913952435424257e-01 -2.398387991977948630e+01
-5.171884726730539006e-01 1.387821344570829354e-02 8.557589997383886482e-01 8.355669238870530080e+01 2.186009840799899018e-02 9.997565322015072864e-01 -3.002062941746435395e-03 -1.639393723375622836e+00 -8.555923280771674522e-01 1.715434469926383626e-02 -5.173659342495963154e-01 -2.448610421993865671e+01
-5.080428363374448475e-01 1.444987828021189469e-02 8.612105805298437833e-01 8.433201628469002742e+01 2.182654092664463447e-02 9.997541713192565904e-01 -3.898590126652853524e-03 -1.649264303339440962e+00 -8.610552193442765345e-01 1.681659829648207011e-02 -5.082333369083567032e-01 -2.495984768344589710e+01
-4.968557809321468288e-01 1.198719853280216970e-02 8.677503249148825759e-01 8.518094757363189728e+01 1.848753034495252690e-02 9.998238862248578496e-01 -3.226100593355304535e-03 -1.672290721903959110e+00 -8.676361890721335790e-01 1.443965481857567221e-02 -4.969898927018454593e-01 -2.540701940769102762e+01
-4.847135753256646140e-01 9.026071459806979044e-03 8.746263579918204245e-01 8.599895636445226899e+01 1.935075344092310537e-02 9.998126741465525047e-01 4.061087947132512293e-04 -1.700311087564680301e+00 -8.744588674509031767e-01 1.712152656859161626e-02 -4.847974384547202309e-01 -2.586989608893194870e+01
-4.737264954602865008e-01 7.678088261117233318e-03 8.806385413155727315e-01 8.678400542601038126e+01 1.924425109391296462e-02 9.998134753516565443e-01 1.635014421091680577e-03 -1.724077169627034500e+00 -8.804617419958340463e-01 1.772177999094647419e-02 -4.737858940889702053e-01 -2.628803957498111998e+01
-4.623369598724013096e-01 6.328833412792692244e-03 8.866817169755689676e-01 8.758666282949275228e+01 1.846546082434282268e-02 9.998263934836403299e-01 2.491910538323459118e-03 -1.731032190308785079e+00 -8.865120277290637896e-01 1.752508998173565175e-02 -4.623735612354840652e-01 -2.668629595190821746e+01
-4.495896879481755537e-01 7.842629056498939474e-03 8.932007564298185542e-01 8.845312892891271872e+01 2.075078202780140935e-02 9.997832906171811862e-01 1.666377116992057887e-03 -1.753431491584211521e+00 -8.929941381453820881e-01 1.928380132223046425e-02 -4.496549995864784210e-01 -2.712282973380242979e+01
