1 0 0 0 0 1 0 0 0 0 1 0
0.99986905 0.00060692927 0.01617133 0.0090645463 -0.00059921832 0.9999997 -0.00048167212 -0.0001661965 -0.016171619 0.00047191891 0.99986912 0.10200853
0.99928102 0.0027516822 0.037813708 0.027595866 -0.002739145 0.99999618 -0.00038335897 0.0051568644 -0.037814621 0.00027950615 0.99928473 0.25925905
0.99791658 0.0047222668 0.064344366 0.051909747 -0.004768629 0.99998847 0.00056696996 0.006414061 -0.064340952 -0.00087262311 0.99792759 0.42928941
0.99514229 0.0042531448 0.098355162 0.11327516 -0.0045923348 0.99998426 0.0032224891 0.0062198276 -0.098339916 -0.003658515 0.99514616 0.60224332
0.99082609 0.0014489364 0.13513537 0.19372011 -0.0021767221 0.99998391 0.0052380051 0.0019977119 -0.13512561 -0.0054841042 0.9908133 0.80180481
0.98467252 -0.0020790299 0.174401 0.23892835 0.0011248487 0.99998386 0.0055698577 -0.001833698 -0.17440978 -0.005288311 0.98465896 0.96788536
0.97587941 -0.0023496158 0.21829761 0.32717431 0.00084777337 0.99997533 0.0069732018 -0.0017777506 -0.21830863 -0.0066199371 0.97585733 1.1794318
0.96423198 -0.0024451926 0.2650485 0.42723668 -0.00020647078 0.99995022 0.0099761231 0.0076287791 -0.26505972 -0.0096740217 0.96418347 1.3822068
0.94984568 -0.0063048404 0.31265543 0.56247625 0.0010566975 0.99985574 0.016952309 0.017690324 -0.31271724 -0.015771695 0.94971532 1.626208
0.93268396 -0.015530869 0.3603601 0.69875131 0.0069672269 0.99966189 0.025051046 -0.0010677343 -0.36062736 -0.020853998 0.93247683 1.8439483
0.91153948 -0.021693781 0.41063992 0.85790743 0.010194102 0.99949269 0.030173516 0.00064441919 -0.41108621 -0.023318246 0.91129819 2.0448513
0.88620448 -0.023425711 0.46270168 1.0297553 0.0087224338 0.99938747 0.033891174 0.0025295426 -0.46321222 -0.025998625 0.88586598 2.3092542
0.85769709 -0.025456071 0.51352475 1.2053547 0.0065493499 0.99923349 0.03859444 0.017709312 -0.51411364 -0.029739086 0.85720638 2.5027938
0.82609731 -0.030761739 0.56268723 1.4424275 0.0077365262 0.99903397 0.04325831 0.021618779 -0.5634744 -0.031382329 0.82553726 2.7496736
0.78985323 -0.036395649 0.612215 1.6855735 0.0099171089 0.99886501 0.046587032 0.029467989 -0.61321575 -0.030725515 0.78931769 2.9412453
0.75163107 -0.04096248 0.65831055 1.9357416 0.010940295 0.99870666 0.049652002 0.037042894 -0.65949305 -0.030117876 0.75110709 3.15326
0.71180838 -0.044345018 0.70097241 2.2273832 0.012530215 0.99864785 0.050452692 0.049568531 -0.70226197 -0.027129313 0.71140155 3.3887598
0.67083828 -0.046158206 0.74016577 2.5181655 0.011713623 0.99859614 0.051657968 0.061983408 -0.74151118 -0.02598412 0.6704372 3.6020566
0.62804724 -0.046508685 0.77678412 2.8564287 0.0069749993 0.99850874 0.054144644 0.08377712 -0.77814399 -0.028587325 0.62743505 3.817627
0.58570786 -0.047424873 0.80913356 3.196157 0.004198489 0.99845086 0.055481961 0.102631 -0.8105114 -0.029099082 0.58499963 4.0191994
0.54562688 -0.048257482 0.83663759 3.5744662 0.0018575278 0.99840782 0.056377015 0.11881303 -0.8380262 -0.029206737 0.54484779 4.1955073
0.50649365 -0.051151662 0.86072506 3.9867495 0.0013969323 0.99828616 0.058504696 0.13889267 -0.86224259 -0.028429882 0.50569706 4.4049919
0.46963948 -0.051052881 0.88138091 4.4040668 -0.0016838233 0.99827302 0.058720926 0.159124 -0.88285672 -0.029061754 0.46874245 4.5997307
0.43283834 -0.0501798 0.90007382 4.8763262 -0.0030507833 0.99836228 0.057126553 0.1880676 -0.90146643 -0.027472493 0.43197639 4.7976715
0.399139 -0.048865384 0.91558733 5.3670374 -0.0020363128 0.99852912 0.054179736 0.20209959 -0.91688821 -0.023489668 0.39845241 4.9845146
0.36942078 -0.047279967 0.92805863 5.8715213 2.8023911e-06 0.99870488 0.050877926 0.2268996 -0.92926227 -0.018792762 0.36894247 5.1698598
0.34456564 -0.045306547 0.93766826 6.4272146 0.0010484299 0.99885266 0.047877606 0.25195287 -0.93876168 -0.015513898 0.3442178 5.3568374
0.32385426 -0.044785164 0.94504636 7.0000629 0.0024827174 0.9989158 0.04648721 0.27479226 -0.94610376 -0.012708798 0.32361433 5.533763
0.30843623 -0.045183315 0.95017129 7.5772623 0.0033681664 0.99891689 0.04640796 0.30035099 -0.9512391 -0.011113561 0.30825434 5.7172081
0.29759983 -0.04696337 0.95353485 8.1881208 0.0045505985 0.99884776 0.047774866 0.32361825 -0.9546799 -0.0098786373 0.29747064 5.8932738
0.28650142 -0.048736255 0.9568394 8.8218046 0.0036301446 0.9987534 0.049784173 0.34944242 -0.95807298 -0.01078977 0.28632118 6.0869864
0.27510873 -0.050342535 0.96009413 9.5059166 0.0013430978 0.99864726 0.051979212 0.37697719 -0.96141222 -0.013010434 0.27480419 6.2631542
0.26492781 -0.05214722 0.96285713 10.185713 0.00087929572 0.99854928 0.053838329 0.40966583 -0.96426789 -0.013416634 0.26458932 6.4572898
0.255033 -0.0539672 0.9654251 10.919325 -0.00029920179 0.9984368 0.05589159 0.43806184 -0.96693234 -0.014543056 0.25461819 6.6580364
0.24474442 -0.055650304 0.96798922 11.634624 -0.00058688453 0.99834281 0.057543737 0.46587919 -0.96958749 -0.014651606 0.24430617 6.819046
0.23397892 -0.05703045 0.97056752 12.40473 -0.00088714944 0.99826516 0.058871829 0.49931343 -0.97224131 -0.014635805 0.2335224 7.0157851
0.22431335 -0.059897509 0.97267452 13.142439 -0.0020253669 0.9980785 0.061928971 0.52853761 -0.97451501 -0.015861517 0.22376101 7.1824423
0.21257016 -0.0636419 0.97507105 13.917886 -0.0041814451 0.99780838 0.066037517 0.57411271 -0.9771369 -0.018114811 0.21183817 7.3409214
0.20016649 -0.067206949 0.9774541 14.730764 -0.0040386945 0.9975795 0.069417771 0.61391793 -0.97975362 -0.017842749 0.19941055 7.491771
0.18809936 -0.069514644 0.97968682 15.509163 -0.0051653553 0.99740828 0.071763832 0.65577719 -0.98213646 -0.018559161 0.18725279 7.6717384
0.17337713 -0.070230135 0.98234822 16.336826 -0.0060949659 0.99735858 0.072378972 0.68793305 -0.98483669 -0.018536237 0.17249111 7.7892714
0.16008808 -0.069467175 0.98465529 17.119103 -0.0075164165 0.99740591 0.071588768 0.73209634 -0.98707416 -0.018861587 0.15915065 7.9341882
0.1423486 -0.068303983 0.98745702 17.937608 -0.0084741318 0.99749554 0.070219966 0.76999294 -0.98978035 -0.018363554 0.14141327 8.0387786
0.12167608 -0.067014096 0.99030498 18.765571 -0.01079437 0.99756987 0.068831986 0.80669977 -0.99251121 -0.019064924 0.12065701 8.1396257
0.096596956 -0.065618364 0.99315818 19.560566 -0.015204916 0.99761075 0.067391413 0.85188705 -0.99520748 -0.021610692 0.095368439 8.2227436
0.06733213 -0.064993895 0.99561142 20.383129 -0.0194358 0.99760123 0.066438212 0.89084568 -0.99754134 -0.02382393 0.065907406 8.2932956
0.033034884 -0.064782194 0.99735243 21.272485 -0.022514195 0.99759568 0.065543721 0.92884175 -0.99920063 -0.024619816 0.031496937 8.2871741
0.0002276613 -0.064387786 0.99792489 22.079018 -0.023306787 0.99765354 0.064375595 0.96077949 -0.99972838 -0.023273078 -0.0012735468 8.2902406
-0.034612366 -0.063328784 0.99739228 22.913463 -0.025089003 0.99773084 0.06247962 0.99235059 -0.99908589 -0.02286101 -0.036122683 8.2433767
-0.068504266 -0.061187397 0.99577266 23.773233 -0.027405678 0.9978562 0.059430049 1.0234864 -0.99727437 -0.023218612 -0.070034291 8.2189314
-0.1005401 -0.057783603 0.99325357 24.609307 -0.029713603 0.99804114 0.055054425 1.0615731 -0.99448925 -0.023977964 -0.10206011 8.0875604
-0.13239607 -0.053699549 0.98974116 25.441477 -0.026693775 0.99836238 0.05059652 1.088781 -0.99083743 -0.019721147 -0.1336127 7.9617698
-0.16435669 -0.048110871 0.98522695 26.291087 -0.022805367 0.99872819 0.04496575 1.1069072 -0.98613735 -0.01507804 -0.16524484 7.8318809
-0.19560437 -0.041896632 0.97978749 27.113061 -0.016652658 0.99908485 0.039397276 1.123367 -0.98054153 -0.008609786 -0.19612306 7.6144059
-0.22382144 -0.036165181 0.97395891 27.953408 -0.010646691 0.99934241 0.034661053 1.1344936 -0.97457206 -0.0026115523 -0.2240593 7.43261
-0.25192768 -0.029458522 0.96729755 28.741172 -0.0022438455 0.99955168 0.029856407 1.1524404 -0.9677435 0.00535119 -0.25188084 7.1764756
-0.27965847 -0.019174494 0.95990802 29.531202 0.003883898 0.99976978 0.021102278 1.1520835 -0.96009173 0.0096296165 -0.27951961 6.9387653
-0.30419862 -0.0041386195 0.9525996 30.310153 0.0084535758 0.99993946 0.0070438154 1.1405213 -0.95257116 0.010195593 -0.30414522 6.6738768
-0.32943956 0.012749248 0.94409055 31.073008 0.0091799885 0.99990482 -0.010299629 1.1192278 -0.94413208 0.0052736361 -0.32952524 6.3967966
-0.35480277 0.027615318 0.93453321 31.876918 0.0071314741 0.99961455 -0.026830941 1.0863499 -0.93491401 -0.0028550919 -0.35486295 6.1072503
-0.37855123 0.038333513 0.92478616 32.61411 0.011589788 0.99925999 -0.036676388 1.050739 -0.92550781 -0.0031658154 -0.37871538 5.7793689
-0.40251646 0.043380866 0.91438424 33.404153 0.015859365 0.99905704 -0.040416601 1.0047009 -0.9152754 -0.0017667932 -0.4028249 5.4492142
-0.4249373 0.042677034 0.90421618 34.115574 0.01830087 0.99908891 -0.038554307 0.95795917 -0.90503781 0.00016478093 -0.42533117 5.092265
-0.44537032 0.038962414 0.89449826 34.858811 0.021945276 0.9992276 -0.032597653 0.91550381 -0.89507751 0.0051119852 -0.44588136 4.72714
-0.46319311 0.037927089 0.88544543 35.581318 0.029022869 0.99919716 -0.027617112 0.87831063 -0.88578207 0.012906111 -0.463922 4.3109601
-0.4768904 0.038645691 0.87811274 36.281146 0.033210491 0.99911183 -0.025934714 0.84051172 -0.87833517 0.01679454 -0.47775028 3.9124817
-0.48804983 0.041968299 0.87180615 36.977943 0.036289349 0.9989553 -0.027773885 0.7903541 -0.87206107 0.018082238 -0.48906297 3.5260048
-0.49790032 0.044462702 0.86609369 37.700982 0.037443112 0.99885573 -0.029753001 0.74531695 -0.86642562 0.017615215 -0.49899541 3.1200749
-0.50844863 0.043714545 0.85998196 38.368971 0.031223942 0.99898973 -0.032319993 0.69084061 -0.86052607 0.010418972 -0.5092999 2.7131465
-0.51986193 0.042444468 0.85319516 39.058856 0.029793998 0.99905811 -0.031546972 0.66997056 -0.85373061 0.0090200262 -0.52063686 2.3231392
-0.52890123 0.044099686 0.84753681 39.731676 0.03196621 0.99897556 -0.032031104 0.62496549 -0.84808119 0.010151251 -0.5297691 1.8851319
-0.53606676 0.047103715 0.84286037 40.40384 0.03569579 0.99881385 -0.033116418 0.57679638 -0.84342059 0.012333958 -0.53711231 1.4523792
-0.53967065 0.050634464 0.84035211 41.126346 0.036270375 0.99866125 -0.036880515 0.53545591 -0.84109459 0.010576556 -0.5407847 1.0006517
-0.53877623 0.051753983 0.84085768 41.815634 0.035461884 0.9986198 -0.038742027 0.49469523 -0.84170225 0.008945115 -0.53986791 0.55017045
-0.53561241 0.052706155 0.84281751 42.543247 0.038396148 0.99853815 -0.03804341 0.45611917 -0.84359063 0.011984424 -0.53685314 0.077394284
-0.53011992 0.051627953 0.84634943 43.287096 0.03655387 0.99860818 -0.038019947 0.4074282 -0.84713443 0.010782216 -0.53126929 -0.366912
-0.52278522 0.050358766 0.85097564 44.050867 0.034465517 0.99868599 -0.037926503 0.36794491 -0.85176746 0.0095019016 -0.52383392 -0.83231681
-0.51568485 0.049527732 0.85534559 44.829959 0.03219928 0.99874284 -0.038418139 0.31284615 -0.85617311 0.0077298603 -0.51663131 -1.2922203
-0.50906064 0.048340355 0.8593721 45.628636 0.029498367 0.99881497 -0.03871037 0.26793586 -0.86022507 0.0056441487 -0.50988335 -1.7639284
-0.50533307 0.046028092 0.86169591 46.430907 0.025524565 0.99893678 -0.038390278 0.22048765 -0.86254684 0.0025945366 -0.50597064 -2.2181641
-0.50389051 0.042895863 0.86270171 47.270653 0.020475001 0.99907865 -0.037717766 0.17509699 -0.86352486 -0.0013418057 -0.50430455 -2.6929896
-0.50401209 0.040593589 0.86274209 48.103606 0.017727428 0.99917068 -0.036656476 0.12221295 -0.86351469 -0.0031811086 -0.50431372 -3.1715574
-0.50544838 0.039522066 0.8619512 48.952483 0.016275093 0.99920942 -0.036271891 0.074922707 -0.86270338 -0.0043052322 -0.50569201 -3.6561879
-0.50563121 0.0387951 0.861877 49.828417 0.016308003 0.99923977 -0.035410819 0.023523428 -0.86259561 -0.0038493218 -0.50587949 -4.1692099
-0.50608357 0.038192824 0.86163836 50.698038 0.015980553 0.99926279 -0.034906955 -0.025362084 -0.86233642 -0.0038963778 -0.50632082 -4.6589235
-0.50626754 0.037506527 0.86156043 51.569128 0.016305748 0.9992915 -0.033920873 -0.07615204 -0.86222234 -0.0031246486 -0.50652042 -5.1692785
-0.50645348 0.037011312 0.86147256 52.477221 0.016095689 0.99931008 -0.033470664 -0.12917323 -0.86211708 -0.00308534 -0.5066998 -5.6812848
-0.50600457 0.035518462 0.86179914 53.370796 0.014190925 0.99935935 -0.032855723 -0.18050561 -0.86241409 -0.0043954181 -0.50618444 -6.2164051
-0.50631528 0.0350158 0.8616372 54.269111 0.013909451 0.9993769 -0.032439886 -0.2354081 -0.86223629 -0.0044399092 -0.50648685 -6.7365151
-0.50562382 0.03411958 0.86207908 55.167001 0.012684595 0.99940369 -0.032114919 -0.28782182 -0.86266083 -0.0053029441 -0.50575511 -7.2484211
-0.50402766 0.032981087 0.86305753 56.056792 0.012175692 0.99944267 -0.031082307 -0.34371723 -0.86360172 -0.0051580193 -0.50414832 -7.7661778
-0.502444 0.030942876 0.86405584 56.942849 0.012757772 0.99951592 -0.028375284 -0.394811 -0.86451566 -0.0032335631 -0.50259554 -8.2845983
-0.49953845 0.029350594 0.86579432 57.835848 0.01310879 0.99956756 -0.026322136 -0.44512258 -0.86619256 -0.0017994025 -0.49970718 -8.792013
-0.49711588 0.029119258 0.86719537 58.728597 0.01312686 0.99957473 -0.026039464 -0.4961593 -0.8675849 -0.0015610777 -0.49728671 -9.2967556
-0.49499299 0.029431826 0.86839832 59.623241 0.013871695 0.99956646 -0.025970424 -0.5440062 -0.86878627 -0.00080902051 -0.49518667 -9.8011707
-0.49434958 0.029560585 0.86876038 60.502167 0.013584521 0.99956228 -0.026281289 -0.59801425 -0.86915707 -0.0011904501 -0.49453476 -10.284558
-0.49479949 0.031089458 0.86845083 61.401029 0.013334523 0.99951381 -0.028184009 -0.64097484 -0.8689049 -0.0023650548 -0.49497348 -10.801774
-0.49758726 0.03275695 0.86679515 62.263474 0.011576035 0.99944847 -0.031124764 -0.69753065 -0.86733672 -0.0054532346 -0.49769202 -11.289432
-0.50208769 0.033622378 0.86416285 63.13825 0.010771383 0.99940958 -0.032626197 -0.75156534 -0.86474967 -0.0070729825 -0.50215341 -11.788272
-0.50759793 0.031798226 0.86100705 64.019248 0.010127866 0.9994699 -0.030941076 -0.80194155 -0.86153458 -0.006985462 -0.50765091 -12.291847
-0.51277526 0.03001503 0.857998 64.873798 0.01391237 0.99954795 -0.026652208 -0.85749753 -0.85841018 -0.0017298072 -0.51296105 -12.802383
-0.51849988 0.028015562 0.85461859 65.731244 0.011316682 0.99960042 -0.025902395 -0.89998434 -0.85500284 -0.0037589413 -0.51860975 -13.327768
-0.52316482 0.029715662 0.85171326 66.574397 0.011963208 0.99954952 -0.027525161 -0.95750332 -0.85214759 -0.004210972 -0.52328465 -13.845786
-0.52846074 0.032311073 0.84834261 67.415436 0.012493507 0.99946324 -0.030284228 -1.0071044 -0.84886584 -0.0054052502 -0.52858076 -14.354646
-0.53313658 0.032399873 0.84540853 68.23767 0.010796598 0.99944561 -0.031494653 -1.0600392 -0.84596033 -0.0076634146 -0.53319082 -14.868109
-0.53669001 0.032902958 0.84313769 69.075162 0.0097315604 0.99941433 -0.032807044 -1.1172633 -0.84372341 -0.0094021668 -0.53669588 -15.390576
-0.54032191 0.031791394 0.84085759 69.894992 0.0095262969 0.9994531 -0.03166617 -1.1742786 -0.84140451 -0.0090996657 -0.54032926 -15.911303
-0.54258669 0.025163022 0.8396228 70.720353 0.011486771 0.99968002 -0.022536787 -1.2194027 -0.8399213 -0.002583605 -0.54270212 -16.443069
-0.5448567 0.017797014 0.83834025 71.549884 0.01257502 0.99983574 -0.013052583 -1.2521863 -0.83843491 0.0034303589 -0.544991 -16.965796
-0.54610249 0.01501144 0.83758383 72.358975 0.013044269 0.99987059 -0.0094151634 -1.2831239 -0.83761684 0.0057840254 -0.54622764 -17.502104
-0.54747561 0.020083042 0.83658058 73.156341 0.012730827 0.99979617 -0.015669896 -1.325559 -0.83672483 0.002071478 -0.54761969 -18.017233
-0.54863163 0.025120263 0.83568669 73.952964 0.013120596 0.99968412 -0.021436207 -1.3653564 -0.83596127 -0.00079587273 -0.54878793 -18.544463
-0.54949971 0.030379338 0.83494138 74.757705 0.019441895 0.99953306 -0.023572716 -1.401474 -0.8352677 0.0032796428 -0.54983376 -19.064995
-0.5485469 0.031299101 0.83553372 75.551435 0.02273319 0.99948799 -0.022515972 -1.444223 -0.83581072 0.0066432807 -0.54897757 -19.602386
-0.54837817 0.028715776 0.83573723 76.338946 0.022719098 0.99955292 -0.019437065 -1.485213 -0.83592181 0.0083283352 -0.5487854 -20.112854
-0.54786882 0.0232257 0.83624175 77.13705 0.020175075 0.99969062 -0.01454749 -1.517986 -0.83632098 0.0089011247 -0.5481679 -20.636722
-0.54752821 0.017514394 0.83660388 77.944531 0.018817794 0.99978581 -0.0086150316 -1.5466532 -0.83657565 0.011026068 -0.54774052 -21.15134
-0.5463451 0.010831502 0.83749009 78.753893 0.0097088412 0.9999311 -0.0065987366 -1.5845513 -0.83750393 0.0045258718 -0.54641262 -21.658374
-0.54537861 0.0055536026 0.83817138 79.54758 0.0014359181 0.99998277 -0.0056914215 -1.6036516 -0.83818862 -0.0019004334 -0.5453772 -22.156073
-0.54346719 0.0060643383 0.83940847 80.337547 0.0043631331 0.9999808 -0.004399528 -1.6273073 -0.83941911 0.0012714526 -0.54348322 -22.664493
-0.54101871 0.0095949589 0.84095578 81.125688 0.01005871 0.99993722 -0.0049377211 -1.6567407 -0.84095044 0.0057875319 -0.54108126 -23.164108
-0.53458014 0.012573179 0.84502422 81.890472 0.010757929 0.99990955 -0.0080720363 -1.684019 -0.84504935 0.0047755607 -0.53466705 -23.65275
-0.52681054 0.0147189 0.84985525 82.69328 0.015683762 0.99984816 -0.0075945794 -1.7104898 -0.84983807 0.0093280238 -0.52696139 -24.152092
-0.51913183 0.017587891 0.85451317 83.48699 0.024100446 0.99969193 -0.0059345648 -1.7406714 -0.85435436 0.017513328 -0.51939577 -24.638634
-0.50905458 0.017495652 0.86055637 84.304068 0.022826789 0.99971616 -0.0068218697 -1.7619082 -0.86043154 0.016171036 -0.50930947 -25.116436
-0.49885375 0.014263646 0.86656876 85.110177 0.018257373 0.99981564 -0.0059467369 -1.7900782 -0.86649389 0.012854718 -0.4990222 -25.565689
-0.48697929 0.011071874 0.8733433 85.922273 0.019162556 0.9998144 -0.0019901116 -1.815301 -0.87320331 0.015766348 -0.48710108 -26.015861
-0.47503722 0.01011456 0.87990753 86.759633 0.019158857 0.99981579 -0.0011495823 -1.8357909 -0.87975715 0.016311929 -0.4751435 -26.457927
-0.46440292 0.0095144659 0.88557289 87.573565 0.019452592 0.99981063 -0.00054069319 -1.8545848 -0.88541041 0.016975589 -0.46450006 -26.874484
-0.45186321 0.010765925 0.89202224 88.398293 0.022164897 0.99975398 -0.0008382913 -1.8758077 -0.89181188 0.019392789 -0.45199066 -27.285412
-0.4393871 0.013603522 0.89819477 89.232652 0.021581055 0.99975659 -0.0045844993 -1.9079297 -0.89803859 0.017369622 -0.43957373 -27.686061
-0.42827033 0.023400927 0.90334758 90.067195 0.02340685 0.9996165 -0.014797729 -1.9298279 -0.9033475 0.014807094 -0.42865383 -28.077993
-0.41492486 0.028699267 0.90940291 90.90012 0.024293995 0.99949551 -0.020458044 -1.958013 -0.90953133 0.01360448 -0.41541275 -28.447647
-0.40414327 0.024813121 0.91435904 91.745199 0.021041612 0.99961966 -0.017826539 -1.9896966 -0.91445368 0.012035114 -0.40451167 -28.815259
-0.39233344 0.021630071 0.91956867 92.574729 0.023324258 0.99963596 -0.01356213 -2.0257218 -0.91952733 0.016127381 -0.39269512 -29.15395
-0.38215952 0.021983353 0.92383481 93.424115 0.020170496 0.99967726 -0.015444222 -2.0591211 -0.92387625 0.012732051 -0.3824796 -29.488837
-0.37496019 0.02623089 0.9266697 94.274916 0.014866652 0.99964121 -0.022280943 -2.1033263 -0.92692174 0.0054220106 -0.37521562 -29.8214
-0.37022715 0.030886303 0.92842761 95.118747 0.0068495507 0.9995107 -0.030519665 -2.1388811 -0.92891604 -0.0049398959 -0.37025756 -30.14551
-0.36643742 0.03326165 0.92984795 95.952393 0.0047397417 0.99941459 -0.033882269 -2.1830716 -0.93043066 -0.0080084915 -0.36638056 -30.460236
-0.3633108 0.032993106 0.93108359 96.809955 0.0038357897 0.99941727 -0.033917787 -2.2299485 -0.93166014 -0.0087512567 -0.36322564 -30.791884
-0.35809477 0.032739251 0.93311104 97.657162 0.0029578428 0.99941981 -0.033930653 -2.2764687 -0.9336806 -0.0093903929 -0.35798384 -31.102873
-0.35257942 0.029235245 0.93532506 98.494221 0.0017078611 0.9995303 -0.030598298 -2.3193411 -0.93578037 -0.0091909243 -0.35246375 -31.412987
-0.34716769 0.024959181 0.93747083 99.357774 0.00055787574 0.99965109 -0.02640807 -2.3692082 -0.93780294 -0.0086450357 -0.34706049 -31.725209
-0.3412948 0.02201019 0.93969853 100.21197 -0.00098576311 0.99971687 -0.023774 -2.4108317 -0.93995583 -0.009040262 -0.34117647 -32.028628
-0.33579745 0.020564853 0.94170966 101.06387 -0.0060586319 0.9996938 -0.023991501 -2.4580984 -0.94191477 -0.013761756 -0.33557004 -32.311912
-0.32926894 0.019926004 0.94402587 101.91574 -0.018576194 0.99944712 -0.027575037 -2.4926817 -0.94405348 -0.026616011 -0.32871674 -32.591573
-0.32255118 0.023674063 0.94625588 102.7492 -0.015107088 0.99943109 -0.030154002 -2.5407582 -0.9464315 -0.024021379 -0.32201004 -32.86342
-0.31575752 0.027835755 0.94843149 103.60949 -0.012623281 0.99935789 -0.033533024 -2.5852185 -0.94875598 -0.022560621 -0.31520339 -33.144374
-0.30910635 0.026046142 0.9506707 104.46465 -0.014570795 0.99937786 -0.032118231 -2.6256884 -0.95091589 -0.023779976 -0.30853453 -33.415073
-0.30230769 0.02058547 0.95298805 105.32671 -0.015599323 0.99952605 -0.026539166 -2.6712906 -0.95308279 -0.022888962 -0.3018433 -33.67761
-0.29515463 0.018298309 0.95527422 106.1769 -0.014787808 0.99960935 -0.023716592 -2.7088528 -0.95533509 -0.021126473 -0.29476874 -33.930997
-0.28898563 0.020991173 0.95710323 107.02772 -0.018034281 0.9994628 -0.027365431 -2.7537236 -0.95716359 -0.025168885 -0.28845183 -34.171591
-0.28234271 0.024009047 0.95901308 107.89502 -0.017665114 0.99938714 -0.030220597 -2.797288 -0.95915099 -0.025473641 -0.28174556 -34.415976
-0.27579919 0.024792673 0.96089544 108.74003 -0.019165737 0.99932673 -0.03128527 -2.8364344 -0.96102422 -0.027044721 -0.27513833 -34.649555
-0.26865736 0.023681154 0.96294462 109.62141 -0.020386344 0.99933403 -0.030263757 -2.8849236 -0.96302009 -0.027761502 -0.26799568 -34.890055
-0.26103064 0.023527739 0.96504371 110.45953 -0.017115985 0.99943298 -0.028995778 -2.9268514 -0.96517881 -0.02408646 -0.26047993 -35.10915
-0.25332825 0.025063781 0.9670556 111.32515 -0.012094247 0.99950412 -0.029072956 -2.9693819 -0.96730482 -0.019060809 -0.2528995 -35.3333
-0.24634467 0.02568347 0.96884188 112.20574 -0.010114178 0.99952625 -0.029068598 -3.0116225 -0.96912955 -0.016959933 -0.2459682 -35.557626
-0.23989252 0.024366377 0.97049357 113.05879 -0.0175941 0.99941165 -0.029441444 -3.0563675 -0.97064005 -0.024137743 -0.23932268 -35.745544
-0.23359493 0.022293084 0.97207836 113.9322 -0.022301396 0.9993513 -0.028277673 -3.0997154 -0.97207826 -0.028284225 -0.23294623 -35.947929
-0.22907784 0.02253727 0.97314713 114.81796 -0.019428737 0.99942692 -0.027719391 -3.1399775 -0.97321424 -0.025256917 -0.22850869 -36.148906
-0.22456757 0.022639065 0.97419546 115.66415 -0.017924745 0.99946497 -0.027358234 -3.1838326 -0.97429369 -0.023605977 -0.22404162 -36.340231
-0.2194502 0.024433707 0.97531765 116.55082 -0.016134452 0.99945874 -0.028668802 -3.2231413 -0.97549032 -0.02202759 -0.2189372 -36.539063
-0.21389348 0.023359386 0.97657761 117.40762 -0.011134667 0.9995908 -0.026348606 -3.2628474 -0.97679357 -0.016509661 -0.21354586 -36.722883
-0.20878494 0.022294868 0.97770737 118.27587 -0.0033589669 0.99971786 -0.023514068 -3.303968 -0.97795585 -0.0081934692 -0.20865115 -36.913314
-0.2037402 0.021276154 0.97879374 119.1639 -0.0007168195 0.99976032 -0.021881115 -3.3451373 -0.97902477 -0.0051596804 -0.20367612 -37.103978
-0.19985631 0.02264085 0.97956356 120.01843 -0.0030796579 0.99971354 -0.023734909 -3.3829165 -0.97982042 -0.0077602911 -0.19972933 -37.257706
-0.19624519 0.02486796 0.98023942 120.89277 -0.0046695823 0.99964332 -0.026295078 -3.4199314 -0.98054378 -0.0097375905 -0.19605907 -37.424143
-0.19435576 0.02387006 0.98064059 121.7778 -0.0077002263 0.99963595 -0.025858558 -3.4602191 -0.98090093 -0.012576914 -0.1941012 -37.596564
-0.19311035 0.022744017 0.98091336 122.63028 -0.0085818938 0.99965391 -0.024868044 -3.5037445 -0.98113955 -0.01322037 -0.19284833 -37.754991
-0.19206822 0.018584757 0.98120555 123.51735 -0.0076041346 0.99976248 -0.020424725 -3.5371 -0.98135216 -0.011384159 -0.19188128 -37.926258
-0.19169186 0.013205014 0.98136628 124.36832 -0.0066842004 0.99986873 -0.014759612 -3.5722455 -0.98143244 -0.0093889457 -0.19157843 -38.082171
-0.19073895 0.010834085 0.98158097 125.23128 -0.0054617113 0.9999119 -0.012097718 -3.6083048 -0.98162564 -0.0076686172 -0.19066297 -38.241258
-0.18964243 0.015442327 0.98173174 126.10473 -0.0071807802 0.99982776 -0.017114091 -3.6411792 -0.981827 -0.010295157 -0.18949888 -38.406847
-0.18931226 0.019442157 0.9817244 126.94171 -0.0072820198 0.99974866 -0.021203349 -3.6739784 -0.98188997 -0.01116299 -0.1891231 -38.562583
-0.18936425 0.018519507 0.98173221 127.79852 -0.0099573561 0.99973449 -0.020779756 -3.7042898 -0.98185646 -0.013710399 -0.18912956 -38.718505
-0.18898791 0.017857218 0.98181699 128.65918 -0.010797698 0.9997364 -0.02026156 -3.742987 -0.98192009 -0.014430553 -0.18874528 -38.876925
-0.18801013 0.018212123 0.98199818 129.49548 -0.0052913492 0.99979478 -0.019555242 -3.7790304 -0.98215288 -0.0088726782 -0.18787518 -39.039549
-0.18747499 0.020840589 0.98204823 130.34976 -0.007684178 0.99971319 -0.022682391 -3.818715 -0.98223936 -0.011798614 -0.18726108 -39.194085
-0.18777284 0.021994185 0.98196616 131.17567 -0.018080489 0.99950246 -0.025844338 -3.846643 -0.9820461 -0.022607292 -0.18728175 -39.328452
-0.18722279 0.023486613 0.98203662 132.01293 -0.021839317 0.99936751 -0.028064711 -3.8853079 -0.98207472 -0.026701362 -0.18659144 -39.474047
-0.18736769 0.026400652 0.98193496 132.85295 -0.024632162 0.99919813 -0.031564974 -3.9354075 -0.981981 -0.030101437 -0.18656715 -39.625437
-0.18649773 0.027637739 0.98206653 133.6729 -0.019147317 0.99931213 -0.031759211 -3.9771154 -0.98226883 -0.02472696 -0.18584026 -39.779715
-0.18504767 0.02868054 0.9823109 134.50429 -0.020606083 0.99924104 -0.03305662 -4.0253796 -0.98251353 -0.026358631 -0.18431623 -39.925597
-0.18296318 0.02778682 0.98272696 135.32474 -0.016744238 0.99936743 -0.031374757 -4.063239 -0.98297721 -0.022195439 -0.18238217 -40.07948
-0.1797728 0.025109776 0.98338759 136.13817 -0.0062949316 0.99962433 -0.026675138 -4.1074769 -0.98368806 -0.010985821 -0.1795472 -40.23221
-0.17743022 0.020549941 0.98391876 136.95702 -0.00017447787 0.99978129 -0.020912705 -4.1416182 -0.98413341 -0.0038822171 -0.17738783 -40.387938
-0.17340432 0.0204598 0.98463814 137.77875 0.0047844357 0.99978989 -0.019932051 -4.1722418 -0.98483914 0.0012546349 -0.17346577 -40.528828
-0.16881636 0.024441252 0.9853444 138.58739 -0.00090089756 0.99968826 -0.024951395 -4.2242978 -0.98564715 -0.0050998974 -0.16874172 -40.660866
-0.16205329 0.028124665 0.98638109 139.40525 0.0021966297 0.99960156 -0.028140733 -4.2598158 -0.9867796 -0.0023935835 -0.1620505 -40.790626
-0.15438847 0.028344281 0.98760352 140.17403 -0.0029754892 0.99957054 -0.029152881 -4.2983286 -0.98800578 -0.0074394717 -0.15423783 -40.903182
-0.14430024 0.02503429 0.98921719 140.96691 0.0062641766 0.99968301 -0.024385374 -4.3237734 -0.98951416 0.0026778166 -0.14441132 -41.018957
-0.13227798 0.023655255 0.99093031 141.78665 0.01630378 0.99963187 -0.021686605 -4.3618956 -0.99107861 0.01328725 -0.13261495 -41.126125
-0.11881959 0.025654103 0.99258435 142.56061 0.014315179 0.99960653 -0.024121964 -4.4030117 -0.9928127 0.011342861 -0.11914009 -41.213748
-0.1047315 0.02670966 0.99414175 143.36023 0.011991105 0.99960052 -0.025593073 -4.4397723 -0.99442828 0.0092404586 -0.10500994 -41.294088
-0.090836136 0.026969511 0.99550056 144.15208 0.015893675 0.99954517 -0.025628839 -4.4728311 -0.99573906 0.013494139 -0.091223468 -41.357259
-0.077327976 0.02847467 0.99659896 144.91715 0.01905743 0.99945166 -0.027077474 -4.5087512 -0.9968236 0.01689877 -0.07782823 -41.410862
-0.063495834 0.03449994 0.99738556 145.72387 0.016850317 0.99929688 -0.033493323 -4.5569315 -0.99783988 0.014679577 -0.064032525 -41.450639
-0.050464287 0.043379138 0.9977833 146.48201 0.008539332 0.9990385 -0.043001818 -4.6037881 -0.9986894 0.0063503478 -0.050786196 -41.476681
-0.037061089 0.051867484 0.99796601 147.24717 0.0011686698 0.99865369 -0.051859823 -4.6487382 -0.99931236 -0.00075568798 -0.037071811 -41.480343
-0.023988492 0.053037124 0.99830433 147.9983 0.00012014628 0.99859188 -0.053049512 -4.6959549 -0.99971227 -0.0011526344 -0.023961087 -41.489211
-0.011880354 0.049009142 0.99872763 148.78771 -0.00073431784 0.99879746 -0.049021302 -4.7483967 -0.9999292 -0.0013157731 -0.011830081 -41.485739
-0.0012758454 0.046183619 0.99893211 149.53982 -0.0007100685 0.99893267 -0.04618455 -4.8007838 -0.99999898 -0.00076823374 -0.0012416916 -41.4733
0.0079189004 0.052352023 0.99859725 150.29084 -0.0040428748 0.99862212 -0.052321265 -4.8621991 -0.99996051 -0.0036228761 0.0081196402 -41.445686
0.014968663 0.061031414 0.99802356 151.05553 -0.011790936 0.9980768 -0.060857824 -4.9127605 -0.99981848 -0.010856671 0.015659491 -41.428002
0.017768972 0.064246503 0.99777581 151.79539 -0.018250124 0.99778799 -0.063922276 -4.9655745 -0.99967559 -0.017073698 0.018902172 -41.39964
0.017711192 0.060195222 0.99802944 152.55588 -0.019150313 0.99802337 -0.059855009 -5.0206499 -0.99965977 -0.018052472 0.018828939 -41.375766
0.016458031 0.054677627 0.99836837 153.31297 -0.01048087 0.99845823 -0.05450977 -5.0887863 -0.99980967 -0.0095666453 0.017005724 -41.363036
0.012973009 0.052042758 0.99856055 154.05688 -0.014607571 0.99854792 -0.051852321 -5.1398667 -0.99980918 -0.013913863 0.013714388 -41.346107
0.010100913 0.052094797 0.99859102 154.8194 -0.014503091 0.99854459 -0.051945672 -5.192589 -0.99984385 -0.013957957 0.010841746 -41.332801
0.0069361833 0.052550517 0.99859414 155.56114 -0.013738028 0.99852896 -0.052451662 -5.248112 -0.99988161 -0.0133549 0.0076479188 -41.331136
0.0021316771 0.050636831 0.99871482 156.29719 -0.012029845 0.99864616 -0.050607672 -5.301129 -0.99992541 -0.011906505 0.0027379429 -41.321352
-0.0032648876 0.051038241 0.99869132 157.04252 -0.015150488 0.99857953 -0.051082055 -5.3498929 -0.99987994 -0.015297438 -0.0024869972 -41.321682
-0.0091728532 0.049236485 0.99874498 157.78522 -0.013612408 0.99868835 -0.049358713 -5.3968824 -0.99986531 -0.014048083 -0.0084905961 -41.321723
-0.014751781 0.046358118 0.99881591 158.52746 -0.009820811 0.99886975 -0.046505661 -5.4469264 -0.999843 -0.010495223 -0.014279835 -41.334624
-0.020244356 0.046392067 0.99871811 159.26297 -0.011950203 0.99884028 -0.046639975 -5.4979624 -0.99972368 -0.01287908 -0.019666486 -41.344651
-0.025663511 0.047558641 0.99853867 159.97163 -0.013602466 0.99875861 -0.047918713 -5.5428114 -0.99957813 -0.01481235 -0.02498474 -41.358815
-0.029485181 0.049839161 0.99832189 160.70063 -0.015501835 0.99861326 -0.050311548 -5.5973598 -0.99944505 -0.016959265 -0.028671696 -41.373385
-0.032219502 0.051996492 0.99812734 161.40595 -0.014915352 0.99850964 -0.052497873 -5.6485626 -0.99936956 -0.016578875 -0.031395939 -41.393789
-0.033920348 0.053717697 0.99797983 162.12858 -0.013959593 0.99843162 -0.054216487 -5.7057365 -0.99932709 -0.015770434 -0.033117272 -41.414033
-0.032954567 0.051890281 0.99810887 162.85455 -0.0087709037 0.99859786 -0.05220529 -5.7535282 -0.99941841 -0.010474719 -0.032453237 -41.442386
-0.029504864 0.048085387 0.99840732 163.57019 -0.0036805685 0.99883022 -0.048214521 -5.796676 -0.9995579 -0.0050972687 -0.02929337 -41.462043
-0.021887585 0.047555851 0.9986287 164.26827 -0.0027799554 0.99886128 -0.047627855 -5.8516631 -0.99975662 -0.0038186012 -0.02173046 -41.472913
-0.011155432 0.048942114 0.99873928 164.97042 -0.0018969519 0.99879863 -0.048966209 -5.9029838 -0.99993602 -0.0024407988 -0.011049191 -41.471664
0.0031134016 0.049163444 0.99878585 165.64415 0.00079269745 0.9987903 -0.049166132 -5.9508593 -0.99999488 0.00094480978 0.0030706621 -41.468096
0.018069467 0.046883446 0.99873688 166.33584 -0.0012960075 0.99890027 -0.046867666 -5.998158 -0.99983594 -0.00044749594 0.018110355 -41.445561
0.034074965 0.041887041 0.99854108 167.03556 -0.0034578644 0.99912029 -0.041793337 -6.0347157 -0.99941334 -0.0020287123 0.034189827 -41.396642
0.050844004 0.035553452 0.99807352 167.70657 -0.0057977543 0.9993598 -0.035303921 -6.0754315 -0.99868982 -0.0039915915 0.051017583 -41.351424
0.067976869 0.028166825 0.99728917 168.37533 -0.0058699254 0.99959538 -0.027831855 -6.111045 -0.99766967 -0.0039620899 0.068114701 -41.295816
0.085338105 0.020262691 0.99614595 169.07397 -0.00575211 0.99978654 -0.01984397 -6.145806 -0.99633549 -0.0040364935 0.085436441 -41.217173
0.10271822 0.014299979 0.99460766 169.72136 -0.0080191915 0.99987607 -0.013547542 -6.17569 -0.99467821 -0.0065843692 0.10282017 -41.133617
0.12065964 0.011844158 0.99262323 170.39259 -0.0096802522 0.99989531 -0.010754233 -6.2080754 -0.99264678 -0.0083112406 0.12076166 -41.039977
0.13902372 0.010943978 0.99022854 171.03006 -0.0082546609 0.999917 -0.0098921361 -6.2250861 -0.99025469 -0.0067987585 0.13910251 -40.940275
0.15651495 0.010284984 0.987622 171.66981 -0.0092017221 0.99991757 -0.0089547709 -6.243807 -0.98763277 -0.007686267 0.15659668 -40.823812
0.17278464 0.0098876255 0.98490996 172.31361 -0.014928976 0.99986103 -0.0074187015 -6.2614744 -0.98484652 -0.013421859 0.17290824 -40.693408
0.1870056 0.006324966 0.98233844 172.92645 -0.016817298 0.99985334 -0.0032362666 -6.2746736 -0.98221493 -0.015915078 0.18708454 -40.556967
0.19922189 0.0021781178 0.97995195 173.55393 -0.013301803 0.99991141 0.00048174384 -6.2952984 -0.97986417 -0.013131101 0.19923321 -40.420854
0.21054697 0.00038144132 0.97758363 174.18612 -0.010689245 0.99994104 0.0019120306 -6.3126823 -0.97752534 -0.010852203 0.21053864 -40.280658
0.2202004 0.0038877925 0.97544687 174.78141 -0.012962823 0.99991542 -0.0010590474 -6.3262707 -0.97536856 -0.012411341 0.22023217 -40.131097
0.22872322 0.010924292 0.97343016 175.39339 -0.017381846 0.99982346 -0.0071363431 -6.3470501 -0.97333634 -0.015287765 0.22887273 -39.978353
0.23841114 0.020921415 0.9709389 175.97951 -0.017027755 0.9997043 -0.017360126 -6.3627105 -0.97101507 -0.012394062 0.23869688 -39.819225
0.24636224 0.027984558 0.96877368 176.5502 -0.014223879 0.99957979 -0.025257262 -6.3793152 -0.96907348 -0.0075572836 0.24665676 -39.674435
0.25301662 0.026543754 0.96709769 177.15925 -0.013851566 0.99962048 -0.023812489 -6.396512 -0.96736281 -0.0073708615 0.25328827 -39.508033
0.25889778 0.019201609 0.96571381 177.76625 -0.016266749 0.99974727 -0.015517361 -6.4147169 -0.96576778 -0.011691613 0.2591447 -39.328773
0.26344063 0.008339706 0.96463952 178.37772 -0.019770189 0.99979929 -0.0032444873 -6.4366874 -0.96447304 -0.018216376 0.26355263 -39.150351
0.26551378 -0.001075885 0.96410643 178.98107 -0.018694211 0.99980562 0.0062640869 -6.4617561 -0.96392585 -0.01968641 0.26544205 -38.980627
0.26633819 -0.0018777095 0.96387777 179.58475 -0.015772633 0.99985572 0.006306083 -6.4801592 -0.96375063 -0.01688244 0.26627015 -38.812427
0.26735124 0.0013279686 0.96359819 180.18811 -0.013912195 0.99990014 0.0024819543 -6.4796907 -0.96349875 -0.014069319 0.26734301 -38.646421
0.26881005 0.00071758601 0.9631929 180.7947 -0.010218408 0.99994557 0.0021068097 -6.492719 -0.96313904 -0.010408629 0.26880275 -38.478187
0.27067224 -0.0011602158 0.96267082 181.41087 -0.011507785 0.99992392 0.0044407346 -6.4893748 -0.96260282 -0.012280191 0.2706383 -38.300457
0.27308298 -0.005212137 0.96197632 182.021 -0.012178364 0.99988646 0.008874698 -6.5037004 -0.96191343 -0.014138826 0.2729885 -38.12141
0.27661661 -0.010935376 0.9609181 182.63935 -0.010000838 0.99984834 0.014257319 -6.5127898 -0.96092836 -0.013553797 0.2764653 -37.934939
0.2806433 -0.013994906 0.95971006 183.25788 -0.0085180075 0.999818 0.017070657 -6.5181882 -0.95977438 -0.012965582 0.28047302 -37.757203
0.2868952 -0.015312501 0.95783955 183.87053 -0.0081364767 0.99979722 0.018420321 -6.5140392 -0.95792746 -0.01307814 0.28671243 -37.564378
0.29463808 -0.018698836 0.95542591 184.50072 -0.0061165985 0.99975116 0.021452596 -6.5145741 -0.95558938 -0.012164708 0.29445039 -37.365811
0.30400077 -0.020929989 0.9524418 185.10882 -0.0038513933 0.99972346 0.023198296 -6.5175205 -0.95266404 -0.010720527 0.30383609 -37.165037
0.31541029 -0.018901254 0.9487671 185.73774 -0.0054695187 0.9997488 0.021735206 -6.5197147 -0.94893968 -0.012044806 0.31522768 -36.942963
0.32658543 -0.015525083 0.94504013 186.35234 -0.0053802506 0.99981835 0.018284276 -6.518503 -0.94515241 -0.01105593 0.32644258 -36.7259
0.33835314 -0.011807754 0.94094509 186.95928 -0.0067866851 0.99986465 0.01498754 -6.5176185 -0.94099478 -0.011456979 0.3382272 -36.487494
0.35023848 -0.011179066 0.93659381 187.58543 -0.0058799437 0.99988283 0.014133276 -6.5115115 -0.93664214 -0.010457135 0.35013171 -36.239407
0.36152254 -0.014561344 0.93224962 188.20642 -0.0048367279 0.99983529 0.017492667 -6.5171526 -0.93235086 -0.01083303 0.36139256 -35.986234
0.37258206 -0.016381036 0.92785462 188.8179 -0.0050768992 0.99979325 0.019689734 -6.5165352 -0.9279854 -0.012046666 0.37242186 -35.723601
0.38398988 -0.016638094 0.92318735 189.45292 -0.007625226 0.9997464 0.021189506 -6.5224586 -0.92330585 -0.015176067 0.38376563 -35.447984
0.39334809 -0.018073874 0.91921191 190.06301 -0.0097100639 0.99966932 0.023810975 -6.5095422 -0.91933838 -0.018291608 0.39304252 -35.167983
0.40051403 -0.016570981 0.91614073 190.70743 -0.014511854 0.99959634 0.024424733 -6.5086389 -0.91617574 -0.023077348 0.40011188 -34.86933
0.40469561 -0.018861168 0.91425688 191.35461 -0.01479441 0.99952137 0.027168921 -6.4992046 -0.91433181 -0.024521034 0.40422287 -34.590356
0.40685147 -0.02419126 0.91317391 191.99171 -0.0096312512 0.99948013 0.030768698 -6.4907055 -0.91344359 -0.021313297 0.40640697 -34.300719
0.40755139 -0.022330132 0.91290918 192.6453 -0.0073855477 0.99958768 0.027747464 -6.4870943 -0.91315245 -0.018050851 0.40721842 -34.006711
0.40617763 -0.022284604 0.91352234 193.31846 -0.0051707106 0.99963054 0.026684183 -6.4801189 -0.91377955 -0.015562077 0.40591234 -33.718774
0.40520228 -0.021192842 0.91398135 193.9751 -0.0021379659 0.99970658 0.024128426 -6.4747937 -0.9142246 -0.011730954 0.40503807 -33.417783
0.40528789 -0.0224831 0.91391256 194.64846 0.0011107786 0.99970891 0.02410118 -6.4616058 -0.91418847 -0.0087527611 0.40519489 -33.12072
0.40411056 -0.028493163 0.91426622 195.3378 0.0044900175 0.99956447 0.029166877 -6.4578379 -0.91469917 -0.0076815709 0.40406249 -32.819489
0.40363916 -0.031831092 0.91436434 196.01205 0.005244552 0.99945868 0.032478251 -6.4487207 -0.91490327 -0.0083140622 0.4035876 -32.519807
0.40175326 -0.034364999 0.91510289 196.70943 0.006022 0.99937316 0.034885804 -6.4367325 -0.91572819 -0.0085047351 0.40170837 -32.213662
0.39986674 -0.034641239 0.91591839 197.39004 0.0053927453 0.99935716 0.035442667 -6.4259824 -0.91655746 -0.0092330288 0.39979651 -31.912945
0.39852263 -0.034774519 0.91649898 198.07398 0.0039724994 0.99933702 0.036190257 -6.412385 -0.91714994 -0.010781844 0.39839656 -31.597373
0.39638466 -0.033988107 0.91745514 198.76731 0.0034929249 0.9993631 0.035513363 -6.4047803 -0.91807792 -0.01087235 0.39625092 -31.303053
0.39572619 -0.030954157 0.91784669 199.46029 0.0044481827 0.99948469 0.031789561 -6.3986856 -0.91835781 -0.0084972115 0.39565996 -30.99627
0.39512081 -0.024572294 0.91830043 200.13816 0.0025733441 0.99966787 0.025642317 -6.4005299 -0.9186256 -0.0077687095 0.39505281 -30.70732
0.39342023 -0.021104432 0.91911646 200.82181 0.00072894925 0.99974333 0.022643738 -6.3830797 -0.91935851 -0.0082385146 0.39333463 -30.415801
0.39254305 -0.024073248 0.91941849 201.51941 0.0002804688 0.99966048 0.026054489 -6.3752099 -0.91973363 -0.0099696398 0.39241653 -30.104747
0.39125469 -0.027279092 0.91987801 202.19687 -0.00098699459 0.99954756 0.030061503 -6.3707302 -0.92028195 -0.012669618 0.39105075 -29.807506
0.38859796 -0.026792119 0.92101777 202.87703 -0.0053708339 0.99949432 0.031341052 -6.369765 -0.9213918 -0.017125702 0.38825755 -29.512989
0.38409093 -0.02671394 0.92290869 203.5752 -0.0081676648 0.99944393 0.032328453 -6.3633176 -0.92325918 -0.019955074 0.38365916 -29.221759
0.3770207 -0.027453098 0.92579784 204.27219 -0.0086070303 0.99941362 0.033141175 -6.3550007 -0.92616488 -0.020463279 0.37656333 -28.938765
0.36845023 -0.027865287 0.92922972 204.96248 -0.0081775746 0.99941486 0.033212466 -6.3437389 -0.92961155 -0.019835986 0.36800676 -28.652392
