1.000000000000000000e+00 4.398956837314658088e-19 2.733407509747682871e-20 -8.673617379884035472e-19 -5.583667658079949532e-19 1.000000000000000000e+00 -6.100159232558060012e-19 0.000000000000000000e+00 4.145284534913582806e-20 -2.210423569125054137e-19 1.000000000000000222e+00 0.000000000000000000e+00
9.998931368868824165e-01 3.834837420615313641e-04 1.461395780889489238e-02 -6.718140203601702387e-02 -3.803039243557032210e-04 9.999999034041505697e-01 -2.203664348220678618e-04 -1.009994521836708736e-02 -1.461404115747181633e-02 2.147851555111699384e-04 9.998931861211595162e-01 3.130802416842609626e-02
9.992509346419689020e-01 4.237102866673691549e-03 3.846578475465047692e-02 5.339396905622725842e-02 -4.220205288852161250e-03 9.999909594491691589e-01 -5.204760457919810693e-04 1.284579771079899513e-02 -3.846764298014648809e-02 3.577527029365160961e-04 9.992597822529180052e-01 3.134229753088499382e-01
9.979518079176636913e-01 5.243398835608902193e-03 6.375496726928747693e-02 3.373765743750458540e-02 -5.292625452801022826e-03 9.999858120025195696e-01 6.032572953859195557e-04 4.755186181920126320e-03 -6.375090069889163824e-02 -9.394528242004672241e-04 9.979654002366985521e-01 4.220146169513630530e-01
9.953310854528787388e-01 4.670580064167547708e-03 9.640651418864831790e-02 8.185680626356928169e-02 -4.924032234812943457e-03 9.999850178037305026e-01 2.391251421275952978e-03 8.072031986273431325e-03 -9.639390294303744333e-02 -2.854795596081290045e-03 9.953391711591726976e-01 5.854276541182594773e-01
9.908884915112987635e-01 1.671649277519401651e-03 1.346744327976755751e-01 1.800510304488985303e-01 -2.292411457819236355e-03 9.999874514415225679e-01 4.454414927606974162e-03 8.886830009020102450e-03 -1.346652989357802754e-01 -4.722557620024561698e-03 9.908798892089255572e-01 7.993195320410102500e-01
9.847257720538514780e-01 -1.617480575994157668e-03 1.741049606657390503e-01 2.143872874033717624e-01 6.798892703691240434e-04 9.999849463047575382e-01 5.444714114055661421e-03 -8.652548249405520031e-03 -1.741111494718484698e-01 -5.243178099253274251e-03 9.847120477564961227e-01 9.722002227008580411e-01
9.761088398249162523e-01 -1.873513429166288923e-03 2.172740717318843440e-01 3.225467268962045053e-01 5.323364328111321016e-04 9.999804447548599207e-01 6.231109303232531399e-03 -3.985863361038302632e-03 -2.172815007077534832e-01 -5.966577818483843020e-03 9.760907488128875986e-01 1.200734149969461706e+00
9.642243015859595090e-01 -1.832667940293683908e-03 2.650813775143054385e-01 4.294015247943259728e-01 -6.922225355017079052e-04 9.999552853522239992e-01 9.431231233899127486e-03 1.228922170732506258e-02 -2.650868133904727975e-01 -9.277317487805743917e-03 9.641799176516016034e-01 1.401125497136517462e+00
9.498133929934672315e-01 -5.715378885730775307e-03 3.127648504355627912e-01 5.553963992006757389e-01 6.851824864924065811e-04 9.998686897902691051e-01 1.619054338145508448e-02 2.520836967534430956e-02 -3.128163217096163184e-01 -1.516369378628297168e-02 9.496925884391937966e-01 1.647983365888660900e+00
9.330929300147783323e-01 -1.536898575743566100e-02 3.593067999557443271e-01 6.819859076470131676e-01 7.037607185973120127e-03 9.996754510149223893e-01 2.448396822766367095e-02 -7.650362081605133202e-04 -3.595664872639237064e-01 -2.031715737083017448e-02 9.328982560359261322e-01 1.835438877207449693e+00
9.119400225609981536e-01 -2.108837526779249946e-02 4.097812505850529918e-01 8.442317747160172914e-01 9.903711337259509320e-03 9.995187293915652749e-01 2.939772212232017248e-02 -4.174418922101547080e-03 -4.102039921901083908e-01 -2.275060396376817409e-02 9.117099852424455086e-01 2.074464796439318803e+00
8.869196896924805840e-01 -2.293425312375974370e-02 4.613539649707382728e-01 1.044213735186281022e+00 8.438338584878767035e-03 9.994044657906928641e-01 3.345905210239452643e-02 -2.350445714419210907e-03 -4.618465792445213269e-01 -2.578243092582959556e-02 8.865850250274213140e-01 2.319438045373112267e+00
8.585992025778514947e-01 -2.497908951997513186e-02 5.120385244631835420e-01 1.216110023550810215e+00 6.581863252134411736e-03 9.992670028294462492e-01 3.771121981474202106e-02 2.547268191174661967e-02 -5.126052024577052446e-01 -2.900865547327583296e-02 8.581342600306753887e-01 2.548473633606596511e+00
8.264526930271636207e-01 -3.024424179078830446e-02 5.621932294584732759e-01 1.454096239541694535e+00 7.787619650429056066e-03 9.990746498023833633e-01 4.229890144727702084e-02 2.412805600484703439e-02 -5.629523117640796714e-01 -3.057989369285750436e-02 8.259234647336836099e-01 2.788436209175497726e+00
7.905583234127704362e-01 -3.597051689387636975e-02 6.113294148424434082e-01 1.669346663600658642e+00 9.929708637048163117e-03 9.988951272618071808e-01 4.593392616619930424e-02 2.728790166502688408e-02 -6.123062512784565037e-01 -3.024312435127150464e-02 7.900420329744042292e-01 2.980266006226153674e+00
7.532075384358255521e-01 -4.055600492540797908e-02 6.565314979403665818e-01 1.929835003567563101e+00 1.111914322495796519e-02 9.987398842794761311e-01 4.893882050359826819e-02 3.490813249247592953e-02 -6.576889666838360293e-01 -2.956102037698042986e-02 7.527093568887076591e-01 3.171150122925524339e+00
7.127817266844129751e-01 -4.382311648959061334e-02 7.000155261353719904e-01 2.237332519063582215e+00 1.216526854115392714e-02 9.986684788610823427e-01 5.013257939261341750e-02 4.438033503640416433e-02 -7.012804186478363011e-01 -2.721770918460379024e-02 7.123657617525283037e-01 3.419179259668814641e+00
6.713975370462029746e-01 -4.558669902135294855e-02 7.396939849634339703e-01 2.523821997822810470e+00 1.114805668542642215e-02 9.986146351943461230e-01 5.142500514248230653e-02 5.329183206897162434e-02 -7.410135479867057118e-01 -2.628047081045309027e-02 6.709756086010703058e-01 3.610662305752601053e+00
6.287313561591556521e-01 -4.607255145222525355e-02 7.762565246622342707e-01 2.863783849185088215e+00 7.107186678626063042e-03 9.985420636303338204e-01 5.350920489638189004e-02 8.339964384995300628e-02 -7.775901110760420343e-01 -2.812591439794666012e-02 6.281421509897548994e-01 3.835002158648026516e+00
5.867958297292165115e-01 -4.684026563478105309e-02 8.083790157592589676e-01 3.215059247748512039e+00 4.228544447444878771e-03 9.984891416120341701e-01 5.478643489294759972e-02 1.023341408044717710e-01 -8.097238946999663067e-01 -2.873018436098170869e-02 5.861073293456559030e-01 4.044062911291761431e+00
5.465916793654845840e-01 -4.791759044025283715e-02 8.360271701043365811e-01 3.583212923646308390e+00 2.056822391403211742e-03 9.984352949496431151e-01 5.588140331473794714e-02 1.213886992248597585e-01 -8.373967508393973525e-01 -2.882475008867637148e-02 5.458349814111820297e-01 4.242288278135488255e+00
5.081852309702639126e-01 -5.053626018297704275e-02 8.597638311076023498e-01 4.019113592502695731e+00 1.179926956655858459e-03 9.983168804304042299e-01 5.798287656654024097e-02 1.315955696711513800e-01 -8.612469984010847623e-01 -2.845158237710384772e-02 5.073895223594097059e-01 4.449415325655643016e+00
4.707209725404600809e-01 -5.040257733780775101e-02 8.808412645810942410e-01 4.418743983590056601e+00 -1.711526764220296093e-03 9.983128462978565487e-01 5.803905196246905707e-02 1.546866296670394436e-01 -8.822804830364417983e-01 -2.882778174209806726e-02 4.698405273200329524e-01 4.641362943332728364e+00
4.342769168641855138e-01 -4.961182485132573095e-02 8.994121485086052914e-01 4.874468417430261269e+00 -3.203608801059234720e-03 9.983907542634414822e-01 5.661835971058062911e-02 1.800833691076113019e-01 -9.007737290608810454e-01 -2.746941069251825421e-02 4.334191204533590636e-01 4.826458898326430713e+00
4.010125007718397527e-01 -4.838070827823460346e-02 9.147941119960338874e-01 5.380464141384047494e+00 -1.958675737349857820e-03 9.985568446484792693e-01 5.366927948819125854e-02 1.941620203288811075e-01 -9.160704955729765953e-01 -2.331383628379827058e-02 4.003390140384286977e-01 5.018894297934935800e+00
3.714836049053341083e-01 -4.676965510296120926e-02 9.272607595858570750e-01 5.880103009031982353e+00 1.278593601305968086e-04 9.987329676577701987e-01 5.032338354492457005e-02 2.200875992878504050e-01 -9.284395135647656172e-01 -1.857575217572335000e-02 3.710189018057620247e-01 5.185792162126681148e+00
3.452926080189701596e-01 -4.480363284342740726e-02 9.374250021156071977e-01 6.430209157104395779e+00 1.105359039144974140e-03 9.988785246492134506e-01 4.733361536482268844e-02 2.424476590253417940e-01 -9.384944372423871251e-01 -1.530775546877769303e-02 3.449548936602390703e-01 5.386265996582613624e+00
3.250464522627007358e-01 -4.436119556933642433e-02 9.446570135230961673e-01 6.993878764648228774e+00 2.224547418762727082e-03 9.989322970545849723e-01 4.614452575154354835e-02 2.702474117078141891e-01 -9.456954431413094886e-01 -1.289767920730666012e-02 3.247980814702283725e-01 5.553286918321476584e+00
3.103988562931216943e-01 -4.483659175434599048e-02 9.495484268178211451e-01 7.589845864834027900e+00 3.383644957300840483e-03 9.989328344219962075e-01 4.606238406025415372e-02 2.985735834642074815e-01 -9.506003981804913572e-01 -1.108477570272597620e-02 3.102193190976564874e-01 5.736008476231321929e+00
2.983315871733873692e-01 -4.644559967416332646e-02 9.533315556750641129e-01 8.209667739796563168e+00 4.299786210849251139e-03 9.988705898328572585e-01 4.731867038986511259e-02 3.153600925765156493e-01 -9.544526138621063360e-01 -1.001753126552601056e-02 2.981943532611764924e-01 5.934072642785948482e+00
2.873848056451698829e-01 -4.833875703377150251e-02 9.565946490603070007e-01 8.842498280629186524e+00 3.252974383606573212e-03 9.987691903181989961e-01 4.949265188059761428e-02 3.454469836873872990e-01 -9.578096929528031600e-01 -1.111165735979672761e-02 2.871883330445302307e-01 6.117097755189177199e+00
2.772670744205277260e-01 -4.989384357067562503e-02 9.594965128984989100e-01 9.503510982688830211e+00 1.480543514553752001e-03 9.986717360689265632e-01 5.150312155747778509e-02 3.720329680938221917e-01 -9.607917536029929595e-01 -1.285954261662205535e-02 2.769726592312640179e-01 6.280718966589286190e+00
2.667592358293187083e-01 -5.161959463679416382e-02 9.623798168537489595e-01 1.020425235508292161e+01 7.667040715885365277e-04 9.985756590331517080e-01 5.334852680863513830e-02 4.066791499883972150e-01 -9.637629058584116226e-01 -1.349335083912335011e-02 2.664188553294226658e-01 6.484374753198576258e+00
2.563663482987884046e-01 -5.365743526551140785e-02 9.650891976050804955e-01 1.090336323001283247e+01 -1.614931770164822222e-04 9.984555901512209841e-01 5.555545316148614160e-02 4.321041458074049157e-01 -9.665796841982291498e-01 -1.439840309794190344e-02 2.559617469269346857e-01 6.675872933040921886e+00
2.461774379598419549e-01 -5.513460599825001363e-02 9.676553252032358277e-01 1.163519523469766348e+01 -5.628284658955930728e-04 9.983724219906329189e-01 5.702797727258306776e-02 4.637719908326760065e-01 -9.692246225019972572e-01 -1.458362441857005351e-02 2.457457322972659008e-01 6.864317443711821731e+00
2.355460532693021414e-01 -5.662276973715663769e-02 9.702122977827741801e-01 1.239802369868188414e+01 -1.088353150224489118e-03 9.982853279687307069e-01 5.852537405211999388e-02 4.906707393966443509e-01 -9.718625874845314705e-01 -1.484135360190864429e-02 2.350805421139661455e-01 7.039368760321146112e+00
2.255501223625849816e-01 -5.945464957548867585e-02 9.724156883192988099e-01 1.316763231995294348e+01 -2.248479700532669909e-03 9.981016751233087181e-01 6.154665231627267502e-02 5.261274872259981139e-01 -9.742289789281390888e-01 -1.606831101980822976e-02 2.249882710230274863e-01 7.224682683911114900e+00
2.140663638877187414e-01 -6.306971475132619465e-02 9.747808916772632282e-01 1.394612458010233169e+01 -4.004396895618885822e-03 9.978483662886971084e-01 6.544159727983296648e-02 5.729500539176891616e-01 -9.768109200206508413e-01 -1.791225348726177904e-02 2.133532139512312187e-01 7.391536008899322496e+00
2.011746589443478839e-01 -6.665413449849075245e-02 9.772849976819301121e-01 1.472192781776602644e+01 -4.465860011930348518e-03 9.976094553253420649e-01 6.895963086922610175e-02 6.129614774029010782e-01 -9.795452156909041364e-01 -1.823734734307740080e-02 2.003960725360389994e-01 7.558119507917547608e+00
1.889682173296994006e-01 -6.916577441965937600e-02 9.795443288253464775e-01 1.552189764163006203e+01 -5.427725505877208610e-03 9.974275805017127627e-01 7.147560001909671057e-02 6.520097672975359027e-01 -9.819682121083234128e-01 -1.882331358661377962e-02 1.881066975971646127e-01 7.715536433796304827e+00
1.750563163516110632e-01 -6.994302033462622414e-02 9.820708953792840479e-01 1.633244978231400424e+01 -5.965639860909545053e-03 9.973798051553419697e-01 7.209670836545475914e-02 6.869133218913562322e-01 -9.845403568527615334e-01 -1.847966459043426726e-02 1.741803784525622900e-01 7.839293224641551205e+00
1.608691283339010736e-01 -6.921754629085992427e-02 9.845455998932380881e-01 1.712233131006412634e+01 -7.333131760892475440e-03 9.974264360941941243e-01 7.132131315763325097e-02 7.265860682382678792e-01 -9.869485122417959166e-01 -1.869319920985069994e-02 1.599475385897395352e-01 7.994449551533090670e+00
1.444487347353828333e-01 -6.811580854217927361e-02 9.871650231757645999e-01 1.792145693190788691e+01 -8.531227198301944911e-03 9.975050593388498088e-01 7.007763346135602311e-02 7.626079976071842292e-01 -9.894755168012030477e-01 -1.854435369893078084e-02 1.435072308966038879e-01 8.102167388649135660e+00
1.229189943961052633e-01 -6.668799116280285655e-02 9.901735281448782455e-01 1.873929031217922514e+01 -1.097818760228056779e-02 9.975872692454963442e-01 6.855012471828618448e-02 8.030782477843065870e-01 -9.923559932992302990e-01 -1.929642226711083056e-02 1.218903092974257252e-01 8.193086692962218365e+00
9.776354653174283704e-02 -6.535092241577758476e-02 9.930616944382598676e-01 1.956278590472478740e+01 -1.531354310427526268e-02 9.976247763900142340e-01 6.715877383892093766e-02 8.475009116876635051e-01 -9.950918558864034758e-01 -2.177297211292273521e-02 9.653058069388882612e-02 8.273944611285754647e+00
6.867146650372853156e-02 -6.493876595813796726e-02 9.955235654103924414e-01 2.037954620061100641e+01 -1.927291413766636305e-02 9.976066611974505616e-01 6.640409849889074290e-02 8.842834760637532376e-01 -9.974531576953880041e-01 -2.374670617584300272e-02 6.725555176792390177e-02 8.318446691029393492e+00
3.513048632442403174e-02 -6.462345265287493257e-02 9.972911516250576591e-01 2.124806648908512585e+01 -2.255526083560672329e-02 9.976016813814251316e-01 6.543810437502466104e-02 9.225028661864287383e-01 -9.991281832080814995e-01 -2.479303364142345159e-02 3.358863200202467925e-02 8.330229473952037722e+00
8.198478569632145418e-04 -6.399851634312263282e-02 9.979496482753025255e-01 2.207773564384189413e+01 -2.411633683572318373e-02 9.976584817834425190e-01 6.399965639893503977e-02 9.580498552530455347e-01 -9.997088313418369676e-01 -2.411935899077208983e-02 -7.254830022230954797e-04 8.326793869803797321e+00
-3.279676191061180884e-02 -6.317900574553010629e-02 9.974631664102039386e-01 2.290787564644066876e+01 -2.550253501220912586e-02 9.977280158529888698e-01 6.235725371851290333e-02 9.846910751495645542e-01 -9.991366324819311862e-01 -2.339272245877110218e-02 -3.433347438642252170e-02 8.293865867884289145e+00
-6.594941181893024251e-02 -6.135288765542243339e-02 9.959349782818176511e-01 2.374344843826014184e+01 -2.741922431580789965e-02 9.978424220724682048e-01 5.965473040486246603e-02 1.017807109287653056e+00 -9.974461781810968208e-01 -2.337356932783226163e-02 -6.748937080361185059e-02 8.238916436165860446e+00
-9.815106879745635893e-02 -5.819946261525631159e-02 9.934682546477768827e-01 2.457980606958948044e+01 -2.958606372136428700e-02 9.980178559873753574e-01 5.554299220660634945e-02 1.058522113167854606e+00 -9.947316469992871779e-01 -2.394121018119349173e-02 -9.967841364123515568e-02 8.156933970351699870e+00
-1.309557737375858510e-01 -5.389473054574013544e-02 9.899221818754425639e-01 2.542053270186703884e+01 -2.714185927920539573e-02 9.983418663446897989e-01 5.076255901857575775e-02 1.082522411883668489e+00 -9.910166101740419675e-01 -2.022067747677831068e-02 -1.322014361375978830e-01 8.027421370610730023e+00
-1.621633916005620346e-01 -4.834953758242922089e-02 9.855786825886343472e-01 2.625615232012630074e+01 -2.250474810942087317e-02 9.987202947865360114e-01 4.529138008417478434e-02 1.102135350682827308e+00 -9.865072667643328685e-01 -1.483559525636873877e-02 -1.630439658057640517e-01 7.868588866768331691e+00
-1.932696364549465473e-01 -4.216557490790125845e-02 9.802392029464174206e-01 2.710084094207151750e+01 -1.594749318160343723e-02 9.990791331183278556e-01 3.983168633707333955e-02 1.120573408697125073e+00 -9.810160760631525534e-01 -7.934101477714403453e-03 -1.937640974379068737e-01 7.701512233250157990e+00
-2.227206210321358015e-01 -3.649718948416011410e-02 9.741988828626265695e-01 2.790445275220743682e+01 -1.094575565718854289e-02 9.993295989553182546e-01 3.493627179607336486e-02 1.126412734810972482e+00 -9.748208715230373134e-01 -2.882313752674250246e-03 -2.229707995779092733e-01 7.491088256562524528e+00
-2.496018136797704123e-01 -3.014022409136965855e-02 9.678793751933282286e-01 2.873045227357263087e+01 -2.067377275165608631e-03 9.995297961459594926e-01 3.059268795566105759e-02 1.150799087591192427e+00 -9.683463618236317627e-01 5.635019674016978307e-03 -2.495467625162451908e-01 7.267805037409609703e+00
-2.764671848034792045e-01 -2.029868438401826250e-02 9.608089522751831479e-01 2.954066975015266294e+01 3.754601885382012703e-03 9.997464622652950661e-01 2.220166968482133532e-02 1.138036347447592966e+00 -9.610160322840965996e-01 9.745489346649998177e-03 -2.763208778091565399e-01 7.018795151884159367e+00
-3.017038948429729972e-01 -5.427428050642547214e-03 9.533862211700545597e-01 3.028844255925637086e+01 7.903856769346897723e-03 9.999351945629757488e-01 8.193638148344098773e-03 1.132622650392890895e+00 -9.533689234567449544e-01 1.000748179510735879e-02 -3.016414465152894020e-01 6.747831280542182064e+00
-3.262737903675986262e-01 1.194508702536884251e-02 9.451998268707678674e-01 3.110576170328159762e+01 9.032648884417763743e-03 9.999139004256807350e-01 -9.518559483005723312e-03 1.105567462401062739e+00 -9.452321619601515845e-01 5.432002736016685977e-03 -3.263535954390632821e-01 6.458706260126678700e+00
-3.522099247105132114e-01 2.658388586702278497e-02 9.355433984249589274e-01 3.187951371353821983e+01 7.848524915361461060e-03 9.996452712856298550e-01 -2.545058423758728844e-02 1.080480628224919526e+00 -9.358881259471727443e-01 -1.621311711626830876e-03 -3.522936313438325695e-01 6.171514949992523924e+00
-3.764257004139244245e-01 3.740695672785458031e-02 9.256913072601974379e-01 3.263111556058749585e+01 1.206912146828771799e-02 9.992977351278371501e-01 -3.547355140829425851e-02 1.049405333607343005e+00 -9.263682004119832003e-01 -2.180874650011244229e-03 -3.766128202759713162e-01 5.862557110695632900e+00
-4.004192698809658224e-01 4.192906189930996341e-02 9.153722450795375165e-01 3.341572751125866603e+01 1.604285736569358370e-02 9.991202454630742080e-01 -3.874741022643031496e-02 9.951496752747857055e-01 -9.161916006173207450e-01 -8.300223904117289084e-04 -4.007396624611586633e-01 5.528988172163319170e+00
-4.227752924079493102e-01 4.168702384800013899e-02 9.052752230427987268e-01 3.415456763581160260e+01 1.841724957456178369e-02 9.991303502023933802e-01 -3.740786261325218520e-02 9.578963122025333510e-01 -9.060473887764298739e-01 8.575606283361250420e-04 -4.231753875585422819e-01 5.152828214933768081e+00
-4.428678134185625725e-01 3.780592958814735921e-02 8.957894825721158805e-01 3.488357958664056468e+01 2.200452676329407720e-02 9.992679640410564446e-01 -3.129435736714490657e-02 9.116759860164345142e-01 -8.963168602534616891e-01 5.852161032338675829e-03 -4.433755211057440748e-01 4.768082119234683169e+00
-4.607243986068531583e-01 3.675344990057771016e-02 8.867819338892635184e-01 3.560575681980399310e+01 2.926824691971094058e-02 9.992279661347466257e-01 -2.620765856436478233e-02 8.781174731236210951e-01 -8.870605454409068447e-01 1.388004595023248182e-02 -4.614444140651361992e-01 4.353169696279347356e+00
-4.755937690147792885e-01 3.741981207193345593e-02 8.788687675599042848e-01 3.631277134165411269e+01 3.297675877454177285e-02 9.991509612655211647e-01 -2.469594965208006532e-02 8.302018246515456834e-01 -8.790467069623191243e-01 1.723700466859149488e-02 -4.764239568378192957e-01 3.996571528698806386e+00
-4.856893300266597602e-01 4.063787017182655947e-02 8.731863629400112847e-01 3.700859390021821582e+01 3.523264939531341872e-02 9.990171317428938602e-01 -2.689666974580460362e-02 7.776426549192634319e-01 -8.734211742910760190e-01 1.770124457203120852e-02 -4.866437424643637599e-01 3.569380852587183295e+00
-4.963664250461014560e-01 4.353212840405605577e-02 8.670209410849336606e-01 3.771413010899478735e+01 3.727851827562592146e-02 9.988894945884635446e-01 -2.881127583568631606e-02 7.396608410296598990e-01 -8.673123408280472013e-01 1.802030710496376614e-02 -4.974380219119530766e-01 3.192810085526764041e+00
-5.067089410229206337e-01 4.265220729804364286e-02 8.610614524336090980e-01 3.839238905459619389e+01 3.101978518822555431e-02 9.990306908934502017e-01 -3.123221936628470599e-02 6.877102291622128050e-01 -8.615589557464634618e-01 1.088429751320905969e-02 -5.075408469541684564e-01 2.795164971314439306e+00
-5.184124267194620828e-01 4.151215662984907712e-02 8.541225224987744058e-01 3.909440003493448756e+01 2.949075858503834302e-02 9.990947629374695715e-01 -3.065860039337219012e-02 6.676802236753197617e-01 -8.546220585607814391e-01 9.294922690052394298e-03 -5.191673667706263595e-01 2.379481783342707768e+00
-5.268409821709627572e-01 4.287284641337442415e-02 8.488819031288079575e-01 3.976854151319371766e+01 3.197531493575687250e-02 9.990198000798715672e-01 -3.061075348265780358e-02 6.298811349021881112e-01 -8.493622140018827205e-01 1.101626778364680689e-02 -5.276954466453739334e-01 1.948682645482319398e+00
-5.339538079981928087e-01 4.569115232771051721e-02 8.442781748736802871e-01 4.045705814080631768e+01 3.533185929316452062e-02 9.988723574023181673e-01 -3.171235212196420877e-02 5.790401541131480201e-01 -8.447751193870075559e-01 1.289698753227105747e-02 -5.349660534947406898e-01 1.505150978172353549e+00
-5.375835817402699890e-01 4.910942330953359247e-02 8.417791541142950473e-01 4.114897880271759334e+01 3.638814788275209627e-02 9.987236884029825346e-01 -3.502708743541598641e-02 5.456859578093835594e-01 -8.424249562763143073e-01 1.180079823824142261e-02 -5.386844597258373391e-01 1.062456063819935626e+00
-5.375860695776986109e-01 5.016039531162487519e-02 8.417155930930376728e-01 4.184829834834531681e+01 3.529609427391502269e-02 9.986927641325739069e-01 -3.697226712702465778e-02 4.932207090831808860e-01 -8.424698304076585487e-01 9.833498153831405492e-03 -5.386537850149230033e-01 6.345606236353606988e-01
-5.340031147400251532e-01 5.146026116821877938e-02 8.439149850691415322e-01 4.257889790873387881e+01 3.806369577648057584e-02 9.985972176687992752e-01 -3.680695399945125429e-02 4.603508411012199320e-01 -8.446252661376613124e-01 1.246749619439221392e-02 -5.352127935223334187e-01 1.633322154222466016e-01
-5.283098607423506454e-01 5.018505015074979647e-02 8.475671883314548349e-01 4.333045317106414984e+01 3.645521758002872453e-02 9.986718330517614373e-01 -3.640861048239414643e-02 4.137835460705715507e-01 -8.482686602439244439e-01 1.166321934812202150e-02 -5.294376851651768634e-01 -2.971274011092858158e-01
-5.212889576573223049e-01 4.893416356827350738e-02 8.519760895045427329e-01 4.407933587609782933e+01 3.420483712546354416e-02 9.987504508449918106e-01 -3.643577903848593813e-02 3.697604520033152542e-01 -8.526944726438600020e-01 1.014813510777617597e-02 -5.223113677773191244e-01 -7.441950235213845577e-01
-5.140329501971819814e-01 4.824282282920413362e-02 8.564127175945244197e-01 4.486645745090288528e+01 3.221092433522887433e-02 9.987985912528619670e-01 -3.693007456289034568e-02 3.217659454341231795e-01 -8.571654417556250349e-01 8.602571065139183806e-03 -5.149693336383402986e-01 -1.217975588273684240e+00
-5.075481826498421389e-01 4.665971710116421922e-02 8.603590527660814891e-01 4.568007287502673819e+01 2.941971996685596724e-02 9.988888724268161212e-01 -3.681712326305591754e-02 2.766849574998545558e-01 -8.611209755694835266e-01 6.625059384217356698e-03 -5.083569488935307801e-01 -1.678550713470176925e+00
-5.032220392180795088e-01 4.466271579209840636e-02 8.630022060081951052e-01 4.649226206825569818e+01 2.554077338897716223e-02 9.989959242557828745e-01 -3.680777318824428324e-02 2.315120739346503143e-01 -8.637796364960663720e-01 3.519262053282293072e-03 -5.038574876942236713e-01 -2.136407092818649822e+00
-5.018053688002055424e-01 4.201961528246538763e-02 8.639593221088170960e-01 4.732228220843899180e+01 2.090184437870670070e-02 9.991167585785060146e-01 -3.645292290659088441e-02 1.948177534663868560e-01 -8.647279902160800447e-01 -2.339281963501036300e-04 -5.022404421900421578e-01 -2.602886040779291310e+00
-5.023922950048310687e-01 3.937647675607007514e-02 8.637427056060853481e-01 4.815752014606479747e+01 1.788996825301984034e-02 9.992220122493100654e-01 -3.514710851578289885e-02 1.394011216623333160e-01 -8.644547086271455738e-01 -2.205306018027246122e-03 -5.027058850892713870e-01 -3.079952718301986359e+00
-5.034609448993573322e-01 3.785300655926197161e-02 8.631883996907629975e-01 4.899396210097727788e+01 1.629762178222288888e-02 9.992781674305116768e-01 -3.431518014801879929e-02 9.925427810784652471e-02 -8.638642698827152522e-01 -3.208434055404539922e-03 -5.037144455920027353e-01 -3.570989334074377908e+00
-5.038241325365810930e-01 3.750558927595695757e-02 8.629916342338502799e-01 4.986300385910930544e+01 1.635270405737081559e-02 9.992920385183636789e-01 -3.388230794315252870e-02 4.728946820279662094e-02 -8.636514602730471779e-01 -2.958476705452477498e-03 -5.040807634747624943e-01 -4.066788837640067378e+00
-5.037209041512789032e-01 3.677620956826010978e-02 8.630832796658752804e-01 5.073630314695908083e+01 1.618893117750985419e-02 9.993198318951687087e-01 -3.313294518539761785e-02 9.593360553400709367e-04 -8.637147570340901748e-01 -2.717360384503813599e-03 -5.039736579998733701e-01 -4.577269372349825005e+00
-5.037300848563086575e-01 3.618571510308338929e-02 8.631028803916858116e-01 5.161618227203196341e+01 1.644816213662891879e-02 9.993429324626035282e-01 -3.229800717708088131e-02 -4.451861110425009427e-02 -8.637045049451588241e-01 -2.073020865885969767e-03 -5.039942898946362382e-01 -5.087949687202219629e+00
-5.044487085379282254e-01 3.565231512696205585e-02 8.627052795706353638e-01 5.249992350739830016e+01 1.610770526865774877e-02 9.993618628731720799e-01 -3.188116739711631398e-02 -1.020359641766688114e-01 -8.632914076731628139e-01 -2.186210431248905139e-03 -5.047010792876663876e-01 -5.600262424792368243e+00
-5.043993575124915418e-01 3.408715832375518173e-02 8.627973923777755294e-01 5.340926136561416371e+01 1.438348787237708759e-02 9.994135320952339807e-01 -3.107582844697654237e-02 -1.466380695364544740e-01 -8.633506910275882129e-01 -3.264591170133048122e-03 -5.045938369214136854e-01 -6.121713553660507401e+00
-5.050065632772503532e-01 3.367060705182460534e-02 8.624584904751874115e-01 5.430050514357014890e+01 1.416867582198755825e-02 9.994275538121123459e-01 -3.072154421885874356e-02 -1.998770416028992358e-01 -8.629992073818701925e-01 -3.294685800210886591e-03 -5.051945433257002405e-01 -6.611877719289174671e+00
-5.039814847280533749e-01 3.285734380616083666e-02 8.630892448154467989e-01 5.519588895927535788e+01 1.290009525498667445e-02 9.994510347504862446e-01 -3.051584266237701570e-02 -2.473749486482250959e-01 -8.636181232949960984e-01 -4.245485325881829565e-03 -5.041286804866296212e-01 -7.121135271944536882e+00
-5.027927858533567385e-01 3.164248543258995489e-02 8.638276182750503907e-01 5.608429382117085993e+01 1.222607582202754270e-02 9.994901344916438113e-01 -2.949566239589939201e-02 -3.072398052878138608e-01 -8.643205133955023101e-01 -4.268983412111083606e-03 -5.029232937961626293e-01 -7.652168514694372981e+00
-5.002376650694793092e-01 2.911803792755224968e-02 8.653984081060792644e-01 5.698997655227870496e+01 1.257100920320981287e-02 9.995733100693072748e-01 -2.636602930712259388e-02 -3.654552669758728278e-01 -8.657968933485103991e-01 -2.310348667800730775e-03 -5.003902630356907855e-01 -8.175240655434414805e+00
-4.980865086094415362e-01 2.807179675158720522e-02 8.666728278715889466e-01 5.786508586413803101e+01 1.352827440700855519e-02 9.996057691489100838e-01 -2.460268382498042791e-02 -4.050373197614408061e-01 -8.670218152555407842e-01 -5.296761170444717459e-04 -4.982699117306291781e-01 -8.670114360530627451e+00
-4.958629845372569123e-01 2.734325961110384284e-02 8.679701798360885956e-01 5.876031502594734945e+01 1.299276875685857063e-02 9.996258871994323503e-01 -2.406810290438397490e-02 -4.663198263925284470e-01 -8.683035765001062556e-01 -6.571445683486709915e-04 -4.960327417181807919e-01 -9.193199181625807626e+00
-4.936834331403436305e-01 2.762875476908870781e-02 8.692026841205768850e-01 5.964757873383492637e+01 1.350014473149126204e-02 9.996182392286998564e-01 -2.410646944958733454e-02 -5.135315120222692098e-01 -8.695369034207520720e-01 -1.666016214063299294e-04 -4.938679575836316671e-01 -9.708460995872419730e+00
-4.927378685540210190e-01 2.794925308396662908e-02 8.697288189197915909e-01 6.052325705019559621e+01 1.349693366978692473e-02 9.996092915429446446e-01 -2.447645844925529224e-02 -5.535905081807717121e-01 -8.700731223103439493e-01 -3.218048469000248514e-04 -4.929225821407965391e-01 -1.018182702059129952e+01
-4.938101736867802627e-01 2.896808871260131771e-02 8.690870776471638637e-01 6.141098097182423743e+01 1.262489430489525076e-02 9.995784579148989657e-01 -2.614418659968426387e-02 -6.044714305229756945e-01 -8.694780830369822633e-01 -1.938131905183830073e-03 -4.939677321980054936e-01 -1.068300790703075087e+01
-4.957177670666452207e-01 3.089644527477920441e-02 8.679339211317321778e-01 6.230089532873940783e+01 1.175667100159843645e-02 9.995141605818107511e-01 -2.886561034714098598e-02 -6.494277647734139070e-01 -8.684041044022676736e-01 -4.105181443041613226e-03 -4.958401683990902309e-01 -1.118923957403224634e+01
-5.003014096423267221e-01 3.170111179176263866e-02 8.652707815851660156e-01 6.318091199275666980e+01 1.068053712074816877e-02 9.994794506269045753e-01 -3.044263260552016945e-02 -6.966155597918053388e-01 -8.657854457061059383e-01 -5.988934421987127978e-03 -5.003795641764670066e-01 -1.166181213424195029e+01
-5.057124933407438627e-01 3.059568512725260175e-02 8.621593615239476760e-01 6.405190357049976058e+01 1.120225949668047713e-02 9.995195525044198170e-01 -2.889936888206064841e-02 -7.358329691604014178e-01 -8.626293501392608976e-01 -4.956638108558852202e-03 -5.058122670576817859e-01 -1.216714654244922578e+01
-5.112104396219471214e-01 2.833930336617478812e-02 8.589882169906430942e-01 6.492500529780372176e+01 1.357754933650172531e-02 9.995977939033362514e-01 -2.489780217299985762e-02 -8.064393521890563798e-01 -8.593483279389914076e-01 -1.065060574427042876e-03 -5.113896071651004016e-01 -1.269035794964720232e+01
-5.161612975338887299e-01 2.603625807448966753e-02 8.560955641151611895e-01 6.577133933955040845e+01 1.101900959470541487e-02 9.996569933528587359e-01 -2.375872573013192157e-02 -8.480845200567774800e-01 -8.564205207858573976e-01 -2.830008558051761661e-03 -5.162711457600093201e-01 -1.318809612092436012e+01
-5.213765077150209759e-01 2.834584852979023586e-02 8.528558124742361413e-01 6.661468545025415722e+01 1.202846513471251579e-02 9.995929597505813780e-01 -2.586949596253156763e-02 -9.037586499900497339e-01 -8.532419734153512403e-01 -3.229200156101548567e-03 -5.215052447423461635e-01 -1.371100966490859463e+01
-5.262355018492810288e-01 3.061405564767728099e-02 8.497875988005495485e-01 6.745221972835811641e+01 1.222993921264652409e-02 9.995208300126419143e-01 -2.843481904901673865e-02 -9.491704830915380642e-01 -8.502509259368636885e-01 -4.570559711538677884e-03 -5.263577548263228545e-01 -1.424929985759277251e+01
-5.314619399342234152e-01 3.096055925483081825e-02 8.465161765434023877e-01 6.829148487954887514e+01 1.136784703447158221e-02 9.995025263369714530e-01 -2.941890340581289690e-02 -9.894178166641104388e-01 -8.470058974014876840e-01 -6.011960199866074432e-03 -5.315495077094773979e-01 -1.476199205476164877e+01
-5.347824884355223407e-01 3.155675964577346615e-02 8.444002889749774310e-01 6.913041928320899387e+01 1.056229478976960547e-02 9.994739787281219368e-01 -3.066274209648935795e-02 -1.041297382326598520e+00 -8.449237478652016353e-01 -7.479091895609731554e-03 -5.348344944573577564e-01 -1.528015370099492465e+01
-5.385594550826563465e-01 3.063031255556050367e-02 8.420305721278376065e-01 6.993156291475482078e+01 1.043579338051948795e-02 9.995048540970482565e-01 -2.968401644404645295e-02 -1.095820763708824863e+00 -8.425228894219617404e-01 -7.199349796275476832e-03 -5.386124423731551980e-01 -1.578173239493070135e+01
-5.411141934806382725e-01 2.410100515406349980e-02 8.406036868261899109e-01 7.076418174759145074e+01 1.160882008454700541e-02 9.997080700405879261e-01 -2.118985539290613521e-02 -1.145907074517517721e+00 -8.408690007969084057e-01 -1.707713640619723094e-03 -5.412360114514777054e-01 -1.633406226219130986e+01
-5.429676927952821197e-01 1.590107475854507513e-02 8.396030178406713729e-01 7.158302471806300105e+01 1.273237327576310848e-02 9.998616651254955690e-01 -1.070220827703933543e-02 -1.173662664608956296e+00 -8.396570626183118558e-01 4.879186663504294676e-03 -5.430950410276762508e-01 -1.685307211251592463e+01
-5.449253203422058656e-01 1.315822786931896034e-02 8.383813234363607370e-01 7.238170327960045825e+01 1.289246946524342033e-02 9.998901437715610463e-01 -7.313316483324092815e-03 -1.205985418663269471e+00 -8.383854668325471104e-01 6.823595276919620922e-03 -5.450351001315770771e-01 -1.734740496712705848e+01
-5.458883662504664391e-01 1.796563642693029678e-02 8.376652760624656580e-01 7.318665912246436278e+01 1.292551839659314243e-02 9.998316861508335096e-01 -1.302038099859213760e-02 -1.236175166924581514e+00 -8.377582193345891604e-01 3.719584383992292128e-03 -5.460287020206237019e-01 -1.787395896376674997e+01
-5.474038417795735745e-01 2.351950782989399233e-02 8.365380170749148192e-01 7.399740473701839960e+01 1.333823037915717741e-02 9.997232270723572789e-01 -1.937939213228553198e-02 -1.291994648619981145e+00 -8.367622942515228202e-01 5.495840136369184057e-04 -5.475660450065191753e-01 -1.840502779890684337e+01
-5.474091068158055684e-01 2.855230100444226121e-02 8.363779188527995512e-01 7.479456302625820285e+01 1.991327287903092713e-02 9.995792388990342170e-01 -2.109044075923992290e-02 -1.313100724814386888e+00 -8.366281986607275734e-01 5.109923353537869709e-03 -5.477473492960204249e-01 -1.893672315780863968e+01
-5.471968787585623772e-01 2.892530702198288853e-02 8.365039687588238237e-01 7.558605933192848170e+01 2.265185207042336862e-02 9.995484016897424606e-01 -1.974553720397143400e-02 -1.369620109053980794e+00 -8.366973651987265059e-01 8.143668820682152185e-03 -5.476049785262565583e-01 -1.944852265381993206e+01
-5.471441614467771331e-01 2.645493509793265738e-02 8.366202186524100970e-01 7.637465123936797795e+01 2.238226517824748116e-02 9.996054340936449956e-01 -1.697086618307200659e-02 -1.403390625109149692e+00 -8.367390944956989429e-01 9.439946245742713779e-03 -5.475203995651659605e-01 -1.997787788870746795e+01
-5.466772604901264376e-01 2.160527222872820133e-02 8.370646165705593056e-01 7.718381890502536180e+01 2.050712821464657429e-02 9.997126788969997735e-01 -1.241037111812631245e-02 -1.430518665908669718e+00 -8.370922541899376013e-01 1.038132474891337483e-02 -5.469632518422652412e-01 -2.049203675937652491e+01
-5.455231890865998023e-01 1.518374905953682498e-02 8.379581678962519931e-01 7.797655171458934831e+01 1.839529018161061708e-02 9.998119334951078852e-01 -6.140920892705591105e-03 -1.460417528632567130e+00 -8.378938327516084472e-01 1.206446994726243643e-02 -5.456999050956941044e-01 -2.100851840353587718e+01
-5.456431572814680608e-01 8.827223955324401544e-03 8.379711285213427008e-01 7.878789636259833173e+01 1.023679601685804214e-02 9.999401224870565486e-01 -3.867742288463216823e-03 -1.485432118428051007e+00 -8.379551088356969046e-01 6.467733388033980631e-03 -5.457008491951138573e-01 -2.152445082949187949e+01
-5.440616883307159979e-01 3.552366651831412141e-03 8.390376911404401339e-01 7.956939319001412514e+01 1.983811415644358596e-03 9.999936884747887555e-01 -2.947456487801767069e-03 -1.506880546593633019e+00 -8.390428805068381735e-01 6.089533363852688648e-05 -5.440653028757445053e-01 -2.199202611065986446e+01
-5.421942482998709512e-01 3.796879311261620177e-03 8.402445881746432033e-01 8.037786200189459862e+01 4.445257198946210402e-03 9.999887580581042767e-01 -1.650284245935924312e-03 -1.534784151655403717e+00 -8.402414226747898507e-01 2.840329641371600305e-03 -5.422050322691462920e-01 -2.250901436561873936e+01
-5.390596903442468335e-01 7.088090904462334904e-03 8.422377314621725120e-01 8.117283765676860696e+01 9.508909129272023059e-03 9.999520761930608126e-01 -2.329366417515354136e-03 -1.562982171563887857e+00 -8.422138935727864206e-01 6.753095512257766345e-03 -5.391012577477156675e-01 -2.302989462035697699e+01
-5.335457865000126088e-01 1.009513313698275419e-02 8.457109251893507595e-01 8.197051314519063681e+01 1.048375361194620568e-02 9.999308812285662151e-01 -5.321997551919150325e-03 -1.588691126552564059e+00 -8.457062116109046457e-01 6.026696589154470658e-03 -5.336147445480499130e-01 -2.352210144043928253e+01
-5.260862490471888142e-01 1.171294922247049543e-02 8.503505466827181447e-01 8.274622241812024015e+01 1.553802189971650177e-02 9.998706255430818146e-01 -4.159570334573294871e-03 -1.605827254030972151e+00 -8.502892686099962072e-01 1.102447370220768427e-02 -5.262001841816505987e-01 -2.399434543664485986e+01
-5.174172368855759485e-01 1.391032885858189960e-02 8.556201800076266295e-01 8.355057479001696663e+01 2.179714517545610492e-02 9.997576932838477815e-01 -3.072319312818046644e-03 -1.647428615806781682e+00 -8.554556092892903196e-01 1.706040740718154508e-02 -5.175950698751382584e-01 -2.450243170986075114e+01
-5.083800419770404533e-01 1.444585182507435867e-02 8.610116357185911840e-01 8.432206860387584868e+01 2.180794921483707877e-02 9.997545822567748264e-01 -3.897251814329155337e-03 -1.657791055914008105e+00 -8.608566422273333796e-01 1.679561408358274180e-02 -5.085703121085847211e-01 -2.495502323078993001e+01
-4.966994113533452215e-01 1.208968986694671129e-02 8.678384184408625135e-01 8.517121910502390847e+01 1.834375162244192281e-02 9.998258574718105196e-01 -3.429500910229215608e-03 -1.681570354603746820e+00 -8.677287675029837777e-01 1.421598239543382484e-02 -4.968346863506919453e-01 -2.540566043505790361e+01
-4.851431533009764041e-01 9.777907077266030991e-03 8.743800658243100488e-01 8.596546447472273655e+01 2.001523374575781347e-02 9.997996723042084088e-01 -7.513147300086339426e-05 -1.708950868978702520e+00 -8.742056530599551234e-01 1.746447299911868881e-02 -4.852416740162506792e-01 -2.586450590179218167e+01
-4.739479015739044843e-01 8.026424646142893415e-03 8.805162968938606838e-01 8.676073035383743104e+01 1.936559410329883810e-02 9.998116112270694078e-01 1.309880727337216742e-03 -1.730198933796198046e+00 -8.803399191075587105e-01 1.767253755539534288e-02 -4.740140528301919898e-01 -2.628069524778633337e+01
-4.624574274959606934e-01 6.404457387682188120e-03 8.866183488381186306e-01 8.757426756549008928e+01 1.853529088458958501e-02 9.998252153604514358e-01 2.445749219102675773e-03 -1.736225708275480395e+00 -8.864477332360377604e-01 1.756478502246024490e-02 -4.624953067683701957e-01 -2.669223965000205112e+01
-4.497124341089249744e-01 8.721132765607701731e-03 8.931308157712782858e-01 8.844958132224545011e+01 2.204350561752374538e-02 9.997561182111908140e-01 1.337132114695161345e-03 -1.761056881417245368e+00 -8.929013516006089057e-01 2.028906025166628269e-02 -4.497950030312042324e-01 -2.711094120019714637e+01
