1.000000000000000000e+00 -3.306050084167601550e-19 -2.270457535318767223e-19 -8.673617379884035472e-19 7.546676715296109287e-19 1.000000000000000000e+00 6.237773588823049983e-19 1.387778780781445676e-17 -3.447385680526250622e-20 4.770700176052009879e-20 1.000000000000000222e+00 5.551115123125782702e-17
9.998813590344380886e-01 1.122949420829557439e-03 1.536618594116735161e-02 2.050971069861347307e-02 -1.118089542305277786e-03 9.999993104973533553e-01 -3.249282820550879343e-04 3.974992432561760825e-03 -1.536654183995953687e-02 3.077124281392471699e-04 9.998819251680683973e-01 6.563986988524977972e-02
9.993193562471841540e-01 4.257402449356422272e-03 3.665228010161317163e-02 3.015128389324200908e-02 -4.254073923220371388e-03 9.999909251059051485e-01 -1.688802580552878818e-04 1.712636197293199158e-03 -3.665266858165341229e-02 1.289402399570877476e-05 9.993284081648859951e-01 2.660090765054841100e-01
9.978676622687360220e-01 6.047217262913184843e-03 6.498391616410761906e-02 6.793077509364349453e-02 -6.100114692493797779e-03 9.999812225439536073e-01 6.154290000759083746e-04 6.324790687970885394e-03 -6.497898103722742069e-02 -1.010541157043194204e-03 9.978858068071836396e-01 4.237260786312350147e-01
9.955134026679860471e-01 5.136325952320264059e-03 9.449439507719507858e-02 1.236693269716313548e-01 -5.448009302532270254e-03 9.999805473668710309e-01 3.041525110290680019e-03 8.271488675781424327e-03 -9.447694206580314891e-02 -3.542639981222674497e-03 9.955219610674381769e-01 5.295163371108304595e-01
9.908830666969850043e-01 1.764609279267134907e-03 1.347103699833031021e-01 1.904922118978151779e-01 -2.530245495892622948e-03 9.999815974701865562e-01 5.513258141094306425e-03 1.462534255433120545e-03 -1.346981756006023490e-01 -5.803934647062107197e-03 9.908693136274757673e-01 7.929189710694382054e-01
9.847548239554767546e-01 -1.564493310682817497e-03 1.739234025104116621e-01 2.672230467222703743e-01 5.037547890624650276e-04 9.999810234797676944e-01 6.141965850062736446e-03 5.820108362678544367e-03 -1.739297135005465067e-01 -5.960669281710471827e-03 9.847369184873022707e-01 9.773447856419339441e-01
9.762719659757711499e-01 -1.985712847117068053e-03 2.165403821740500556e-01 3.535913447531548459e-01 2.540864399967288773e-04 9.999677726002175193e-01 8.025786114576801203e-03 1.656010970969026830e-03 -2.165493577294350380e-01 -7.780291957829550860e-03 9.762410544232791310e-01 1.190098102506328637e+00
9.642411031689527290e-01 -1.850929624943840673e-03 2.650170374655388406e-01 4.484799750047584466e-01 -9.257569230273973715e-04 9.999459961711172351e-01 1.035212143783648640e-02 8.029393234430276527e-03 -2.650219247992979255e-01 -1.022732738525594307e-02 9.641873103355281804e-01 1.409481263738746604e+00
9.505532364037869719e-01 -5.544156904688271950e-03 3.104848804053048084e-01 5.868816854822259677e-01 3.167199054320996585e-04 9.998574179743876522e-01 1.688222133366499775e-02 1.571985682942533824e-02 -3.105342660922402187e-01 -1.594878206848006005e-02 9.504194952723994394e-01 1.624608348922989443e+00
9.331498481228908126e-01 -1.490741752300051015e-02 3.592153391563470133e-01 7.157311703243316447e-01 6.098969718632597098e-03 9.996525071632436088e-01 2.564017225337620817e-02 5.759024963739020619e-03 -3.594729095201438795e-01 -2.173446129158453782e-02 9.329164862666002866e-01 1.866039097533228830e+00
9.118136814499109288e-01 -2.070035252909852019e-02 4.100857526363066441e-01 8.749869146397363240e-01 8.959648200497917492e-03 9.994936893470601769e-01 3.053128134569097971e-02 7.249369976010014427e-03 -4.105101543025809208e-01 -2.416495145860762458e-02 9.115374921409563624e-01 2.079936860715322133e+00
8.867641282320595231e-01 -2.315761034646289171e-02 4.616126797289604178e-01 1.057362707103765453e+00 7.917978547372393067e-03 9.993587081205209666e-01 3.491224976306098182e-02 1.348326030746037352e-02 -4.621252804269844194e-01 -2.730385807867536166e-02 8.863787515151567709e-01 2.332265294243566878e+00
8.582793776995917279e-01 -2.484346649463488321e-02 5.126398294496682384e-01 1.243689713025512233e+00 5.769865828371341029e-03 9.992314483058735153e-01 3.876576778055308009e-02 3.125651062251910695e-02 -5.132093160049600034e-01 -3.031165073125304324e-02 8.577632099251685238e-01 2.540687215192326320e+00
8.266222304188546310e-01 -3.029503345115961907e-02 5.618063431993748358e-01 1.465939457798064449e+00 6.968559838407230832e-03 9.990244398688146177e-01 4.361298309091470038e-02 3.656674251973842521e-02 -5.625792129561217880e-01 -3.213758174854640381e-02 8.260268254818317057e-01 2.775735657284054803e+00
7.902134252954677862e-01 -3.555072354765942411e-02 6.117983251740509720e-01 1.701420801732498322e+00 8.597729467031215919e-03 9.988607194770040554e-01 4.694513960644446093e-02 4.183462605717742921e-02 -6.127703095654158938e-01 -3.183552557603793604e-02 7.896190067015274039e-01 2.997928251654461196e+00
7.522468266758726152e-01 -4.022024167783301574e-02 6.577118571170711414e-01 1.967154421125814068e+00 1.012073223978713146e-02 9.987225252689794219e-01 4.951671743457859709e-02 5.721738993562178882e-02 -6.588631984515490592e-01 -3.059129594137673103e-02 7.516932471419096595e-01 3.219584314843057182e+00
7.126659393633129058e-01 -4.286217174970240185e-02 7.000957752100006592e-01 2.261223759017250590e+00 1.056971868518265592e-02 9.986743699365330240e-01 5.038036848476460522e-02 6.665654679260295257e-02 -7.013269174484428881e-01 -2.850412093070145078e-02 7.121743548732807350e-01 3.442516245988535672e+00
6.709747859458173869e-01 -4.523517625668970615e-02 7.400637907088520873e-01 2.560452848987316621e+00 9.815711820703645202e-03 9.985921380544470205e-01 5.213534028955756766e-02 8.118764072354088535e-02 -7.413794509577240621e-01 -2.772600144652294374e-02 6.704735213274947148e-01 3.632083578996875506e+00
6.288643740308743624e-01 -4.562219470373441582e-02 7.762368763727335308e-01 2.902872611886210041e+00 6.058518829500979773e-03 9.985343293010429111e-01 5.377979254910773832e-02 1.045818321234336934e-01 -7.775528119626626822e-01 -2.911969625108880647e-02 6.282188556242290778e-01 3.860284474372831287e+00
5.868911603250586140e-01 -4.581764704180035785e-02 8.083615643438800680e-01 3.255969315643822526e+00 3.112361664939530641e-03 9.985178092779829484e-01 5.433413915957694545e-02 1.148195595954051296e-01 -8.096531944600795505e-01 -2.936988120472775604e-02 5.861640136618817554e-01 4.070894261442576934e+00
5.468551028995389807e-01 -4.759082918357075698e-02 8.359782004737006389e-01 3.631819468074300783e+00 9.224960939029804149e-04 9.984166580292603843e-01 5.624419516876344449e-02 1.329273292781597005e-01 -8.373316917127973102e-01 -2.998356386793538456e-02 5.460332565425142226e-01 4.274910142675800273e+00
5.076366761774584457e-01 -5.032697017193644290e-02 8.600275948477726917e-01 4.051269868557897169e+00 1.814823479141641749e-04 9.982984319030526743e-01 5.831574472329884712e-02 1.429240930291026390e-01 -8.614992496539781719e-01 -2.944256325368772506e-02 5.067824369519904337e-01 4.478863526713078080e+00
4.709054303319053503e-01 -4.913558480408427437e-02 8.808330055992102947e-01 4.481158582179620709e+00 -3.004973942750416120e-03 9.983524858815621128e-01 5.730180875902741305e-02 1.660793210965673672e-01 -8.821975539691682133e-01 -2.962959770973259965e-02 4.699820029721711867e-01 4.684321684167325195e+00
4.344140056055494914e-01 -4.922849879317105215e-02 8.993353102392873666e-01 4.942366707353015087e+00 -4.208199720168641876e-03 9.983834659096867403e-01 5.668408045490605507e-02 1.949655231645578968e-01 -9.006718511313906994e-01 -2.841086845067537434e-02 4.335046014866256736e-01 4.872763165295269872e+00
4.004540753962482769e-01 -4.828674810836310061e-02 9.148493817533062122e-01 5.456198622387757879e+00 -2.823728798727077275e-03 9.985408692293477051e-01 5.394309110367009191e-02 2.157845866201013596e-01 -9.161180117653482391e-01 -2.419799407667570096e-02 3.997333127920831286e-01 5.060929404520849495e+00
3.715165642505190435e-01 -4.756438821856663612e-02 9.272415588275764176e-01 5.965889418370681874e+00 -1.317938077105412493e-04 9.986845659547349818e-01 5.127481842423886604e-02 2.419953074459448572e-01 -9.284601141649018174e-01 -1.918466447325968896e-02 3.710209533633191947e-01 5.237337763757011544e+00
3.458348402902666763e-01 -4.539639972164687814e-02 9.371441807682020508e-01 6.513696601009416831e+00 5.448759413129634113e-05 9.988304105817911172e-01 4.834922207765092461e-02 2.694887627052142687e-01 -9.382422038985943624e-01 -1.668380480934428603e-02 3.454322003379643458e-01 5.417139834447201707e+00
3.253165282239259826e-01 -4.411182021019750127e-02 9.445327886184046173e-01 7.111376253241647127e+00 1.225331218762631567e-03 9.989296698166868493e-01 4.624735476926438577e-02 2.941445659612735852e-01 -9.455621783559121640e-01 -1.388149639103664242e-02 3.250230549749055786e-01 5.601831704686819791e+00
3.095237799357220543e-01 -4.458722750996983036e-02 9.498182797123722043e-01 7.696662957258553206e+00 2.211599692655329651e-03 9.989308963017790033e-01 4.616881554123631465e-02 3.215026058814518528e-01 -9.508618266820796361e-01 -1.218070245177383000e-02 3.092917365165579469e-01 5.789837559527029498e+00
2.992483981858288233e-01 -4.634761629787247789e-02 9.531146117439428522e-01 8.316295282396207966e+00 3.093842916468766621e-03 9.988613755829428564e-01 4.761078489135612407e-02 3.407429959105179318e-01 -9.542360680440222787e-01 -1.129984605547540086e-02 2.990512510401122093e-01 5.985251042928936727e+00
2.877337093480707986e-01 -4.838596832098125688e-02 9.565826247779658509e-01 8.961802177021878535e+00 2.405355759425921534e-03 9.987564640845494335e-01 4.979282650351847528e-02 3.690980057430691130e-01 -9.578025166759231990e-01 -1.202759705457360530e-02 2.874920653369110735e-01 6.172153863120441564e+00
2.773309688352434410e-01 -4.956158286990229589e-02 9.594436116684900151e-01 9.641258779101288923e+00 6.081180566469442366e-04 9.986774782885088353e-01 5.141184268208737890e-02 4.034893776344963268e-01 -9.607225666560232913e-01 -1.367626926426576510e-02 2.769943573939939174e-01 6.373244679922640543e+00
2.662829103813547649e-01 -5.134420291587841328e-02 9.625513221107219186e-01 1.033041061397119265e+01 -9.869458896869991529e-05 9.985788195365455922e-01 5.329138909944022839e-02 4.386658328742196189e-01 -9.639198799345027879e-01 -1.428280806195727538e-02 2.658994523902968310e-01 6.568129966722326962e+00
2.580795350501489671e-01 -5.404382510878195239e-02 9.646602894072758838e-01 1.105881191943011466e+01 -1.749712770851171145e-03 9.984059102260193219e-01 5.641223397427132247e-02 4.671623161911578337e-01 -9.661721795437675508e-01 -1.623499691581345439e-02 2.575742473450630676e-01 6.753009320840006602e+00
2.462235910083129531e-01 -5.651134484882175402e-02 9.674260335385217457e-01 1.179650834783849334e+01 -1.774442420406689485e-03 9.982710942563787215e-01 5.875848417006408059e-02 5.030819686998115881e-01 -9.690730390365601687e-01 -1.619427741058670350e-02 2.456973555363567430e-01 6.947410418406036570e+00
2.344158462614107097e-01 -5.706707289609232875e-02 9.705082706173552287e-01 1.256628279594051278e+01 -2.210908270733969675e-03 9.982410662600499363e-01 5.924591268735427546e-02 5.329326490580942322e-01 -9.721831423547306894e-01 -1.602326215475030277e-02 2.338780000647515678e-01 7.133928328031495347e+00
2.248152462085908909e-01 -5.989599696524611216e-02 9.725947081419817897e-01 1.335212443402854809e+01 -3.211061800388934247e-03 9.980577374395308565e-01 6.220565271400584073e-02 5.723920836603942908e-01 -9.744324022887483894e-01 -1.709916273641900672e-02 2.241865135890839522e-01 7.318227587538955525e+00
2.139216904779840667e-01 -6.343175262559727634e-02 9.748606450660380895e-01 1.413619907454422098e+01 -5.380731922239851903e-03 9.977979338630300621e-01 6.610848614170072857e-02 6.166577031355430227e-01 -9.769074056159027242e-01 -1.938971981825620555e-02 2.131091881389587384e-01 7.487595048436409328e+00
2.011161370609515220e-01 -6.732917253418226056e-02 9.772507401901642243e-01 1.494144267380183067e+01 -5.771973240650943304e-03 9.975379261078111126e-01 6.988793815401964094e-02 6.522671160457306216e-01 -9.795481403034818069e-01 -1.972434528146123703e-02 2.002304716670529061e-01 7.661125772640416720e+00
1.883565986419835081e-01 -6.968699230127946287e-02 9.796186631586513149e-01 1.574221911197049728e+01 -6.789915757223417316e-03 9.973626258944179312e-01 7.226984049904851271e-02 6.917128376218065755e-01 -9.820715530574506413e-01 -2.026072696882868021e-02 1.873872253060517301e-01 7.817339096762639272e+00
1.736259684056750130e-01 -6.995783815320119614e-02 9.822374177299201259e-01 1.655645331163383815e+01 -7.822829305909887593e-03 9.973443859452852944e-01 7.241015033208432483e-02 7.333269898813725707e-01 -9.846941749424594770e-01 -2.026090974363334296e-02 1.726174465094448551e-01 7.960295644562465966e+00
1.600557253580956740e-01 -6.971877471201320953e-02 9.846575890737850889e-01 1.737473289282960920e+01 -9.203119555075233230e-03 9.973543085142617670e-01 7.209518378446624909e-02 7.781018268825025119e-01 -9.870793264846550175e-01 -2.059917469452268030e-02 1.589900768492308603e-01 8.096070579316585025e+00
1.439311888524305305e-01 -6.905675502917746345e-02 9.871277753315000902e-01 1.819817858624819706e+01 -1.007437328838469738e-02 9.974087593630001081e-01 7.123947270796375519e-02 8.193518764959807354e-01 -9.894882692726727491e-01 -2.021475065806689966e-02 1.428618526077811701e-01 8.214204881750708509e+00
1.226477600051647798e-01 -6.693436921846622478e-02 9.901827395121448605e-01 1.903154221871975338e+01 -1.269830603446197789e-02 9.975359204077672848e-01 6.900382194233919964e-02 8.576768136012181687e-01 -9.923608361507290088e-01 -2.104823199517421445e-02 1.214952578566832753e-01 8.321588625449244603e+00
9.857644558865973072e-02 -6.625056429726124130e-02 9.929403655216724189e-01 1.986149459121131500e+01 -1.734318677547609655e-02 9.975152118857038008e-01 6.827546343157080144e-02 9.041066287819039538e-01 -9.949975442105788437e-01 -2.393622236765134692e-02 9.718278090683162007e-02 8.404810490304898352e+00
6.774847970327682600e-02 -6.576039090056516601e-02 9.955333583284652343e-01 2.071294131096784952e+01 -2.140795255090123875e-02 9.974991943027678998e-01 6.736767584386445240e-02 9.446952553965678456e-01 -9.974748422295925954e-01 -2.586252194767985763e-02 6.617205916065004023e-02 8.466337422319703876e+00
3.443559137718694985e-02 -6.559651121655744876e-02 9.972667299588905410e-01 2.156804233668717430e+01 -2.406337175590619187e-02 9.974995815227730711e-01 6.642526081815403050e-02 9.857342519559210148e-01 -9.991329864826882234e-01 -2.624806586713223505e-02 3.277145437956020813e-02 8.489961150057647288e+00
1.343138114560517554e-03 -6.486109340680394630e-02 9.978926454223531195e-01 2.241474365411956526e+01 -2.583452651818459941e-02 9.975583504122443879e-01 6.489037273395896477e-02 1.016269722396464514e+00 -9.996661149615166941e-01 -2.585028198840496824e-02 -3.351723771416942940e-04 8.476553853830468555e+00
-3.430906144894262100e-02 -6.388449595544085091e-02 9.973848811617733734e-01 2.328640187466295686e+01 -2.662640993080443719e-02 9.976595305777932188e-01 6.298744417510537819e-02 1.050026236606492525e+00 -9.990728674083952932e-01 -2.441956798786289531e-02 -3.593019943094601099e-02 8.443666044329642517e+00
-6.621834701507361975e-02 -6.223819036065632998e-02 9.958952373205895992e-01 2.413903331442203992e+01 -2.898671369563362438e-02 9.977517584652372262e-01 6.043137563806633833e-02 1.081091811247518297e+00 -9.974165912373669229e-01 -2.488032683852576393e-02 -6.787371665932333265e-02 8.382271601514117876e+00
-9.983177231528121698e-02 -5.895242731974863204e-02 9.932614831122016374e-01 2.499641978540928378e+01 -3.092774983169909592e-02 9.979449072796376941e-01 5.611766859092315318e-02 1.123189286028732470e+00 -9.945282450800762009e-01 -2.512266424454739563e-02 -1.014499251684046061e-01 8.293460196322074651e+00
-1.325934991849903877e-01 -5.390764607904985350e-02 9.897115603959945052e-01 2.586090120876297505e+01 -2.769932791562733365e-02 9.983316868699051438e-01 5.064877637528632237e-02 1.149973642085001968e+00 -9.907906724827438838e-01 -2.069957889909937454e-02 -1.338657483004541682e-01 8.170020114007757073e+00
-1.634406115534746406e-01 -4.845974946115082227e-02 9.853910385338724431e-01 2.670272587669927944e+01 -2.394363008155091233e-02 9.986939440618500807e-01 4.512913527549491932e-02 1.171304875876806761e+00 -9.862903133729924443e-01 -1.623059932008051598e-02 -1.643877371676465693e-01 8.009910364857343978e+00
-1.937694730837077606e-01 -4.170144716112244437e-02 9.801433118374024422e-01 2.755399385887326602e+01 -1.680316652290859275e-02 9.990908368197329859e-01 3.917445416049504525e-02 1.189623415008190133e+00 -9.808858546798036038e-01 -8.879341800429312037e-03 -1.942941974886572554e-01 7.831544056459898151e+00
-2.238141887342541825e-01 -3.772002471230655879e-02 9.740270547525883282e-01 2.839599328042472237e+01 -1.160436585307711259e-02 9.992834368195754324e-01 3.602782497888058072e-02 1.203513144054795481e+00 -9.746877141327978666e-01 -3.251369022528185961e-03 -2.240917728236329065e-01 7.621911897496474353e+00
-2.503546019961819247e-01 -3.124718288107208516e-02 9.676750911444729208e-01 2.922553904233233979e+01 -3.633425696846619493e-03 9.995022800065026525e-01 3.133640540348735931e-02 1.212489136942022760e+00 -9.681726365150035152e-01 4.329003837367534357e-03 -2.503435110972881961e-01 7.394391369693122051e+00
-2.777353279384209839e-01 -2.053934488228464222e-02 9.605073224815707800e-01 3.004837654620995124e+01 3.329380279619625037e-03 9.997450228611521883e-01 2.233964011406315911e-02 1.211554033486739401e+00 -9.607210359817665024e-01 9.391089998286304349e-03 -2.775963011868455288e-01 7.144315614312057861e+00
-3.007957944395009409e-01 -5.966348198567015919e-03 9.536806364986485374e-01 3.085233933979590404e+01 7.821588196788941891e-03 9.999315062286348033e-01 8.717540448821598995e-03 1.204326705210360782e+00 -9.536672367293008712e-01 1.007819071573828017e-02 -3.007284909486797053e-01 6.877037811688534674e+00
-3.248442646999689098e-01 1.182752473771389590e-02 9.457178544016661137e-01 3.164338150164040542e+01 8.386717000496080737e-03 9.999184981029710650e-01 -9.626932652644807492e-03 1.184997474617682345e+00 -9.457547521759168685e-01 4.805848817888117193e-03 -3.249170023105491523e-01 6.604853897999492851e+00
-3.506710793563673767e-01 2.718214946672022417e-02 9.362248370655427143e-01 3.243500415293563321e+01 7.564240656803452624e-03 9.996283432137803571e-01 -2.618745854352181462e-02 1.168803844141180548e+00 -9.365886330496931977e-01 -2.096675594012999480e-03 -3.507464641633517011e-01 6.311152810103966004e+00
-3.735412894659039806e-01 3.769873745832515860e-02 9.269112755338253518e-01 3.322263323581356076e+01 1.219826354519818953e-02 9.992872034066829778e-01 -3.571870825843054265e-02 1.127356309959460567e+00 -9.275973239854566899e-01 -2.038575567928040469e-03 -3.737350022376692005e-01 5.991258084999643962e+00
-3.992337721093304759e-01 4.180292781298804161e-02 9.160364131574748603e-01 3.399867168194733580e+01 1.581105231035868572e-02 9.991256275447996105e-01 -3.870186637831343757e-02 1.074595819255109941e+00 -9.168533423790683479e-01 -9.650782080062858797e-04 -3.995457431841873408e-01 5.658311185515071173e+00
-4.199079323006604247e-01 4.162865238155225717e-02 9.064867018674508392e-01 3.476805836040549735e+01 1.814492624683001001e-02 9.991326164572954527e-01 -3.747371176558941114e-02 1.035465801348334214e+00 -9.072610515674606191e-01 6.929775203768683348e-04 -4.202989422457005797e-01 5.296395000432220002e+00
-4.426622900474657119e-01 3.784254728888902797e-02 8.964682486607902234e-01 3.552893022080230878e+01 2.175495473289417586e-02 9.992683478849808676e-01 -3.146564032975821684e-02 9.922240370501752560e-01 -8.970029950903618543e-01 5.589892498549346722e-03 -4.431616997270873548e-01 4.923098442141268016e+00
-4.607123833883714492e-01 3.626063530911693283e-02 8.868879646125056304e-01 3.627515306417047469e+01 2.910400696242550905e-02 9.992448815770382797e-01 -2.575981419099965600e-02 9.499593985175553978e-01 -8.871522277177721350e-01 1.395096077534570093e-02 -4.614197340685647908e-01 4.536678279362953425e+00
-4.720132676032539609e-01 3.648445335704889742e-02 8.811298425845486282e-01 3.702000127527353612e+01 3.210859227903620911e-02 9.991918635228805856e-01 -2.418983063411988751e-02 9.007073958484700382e-01 -8.813000878086054701e-01 1.688796673058844469e-02 -4.728032156419929577e-01 4.131831526934147014e+00
-4.837406400235318982e-01 4.131126952169570515e-02 8.739893197594220675e-01 3.773945565045121242e+01 3.628034174639048481e-02 9.989733897548059849e-01 -2.710050561391741733e-02 8.638698311960447684e-01 -8.742119212385150995e-01 1.859175185336640890e-02 -4.847427387544827604e-01 3.720287876905768343e+00
-4.941357537537267031e-01 4.228525168717828936e-02 8.683078501130979676e-01 3.844264997225629799e+01 3.757352334943669936e-02 9.989218933402248535e-01 -2.725911366906090538e-02 8.170056987475207144e-01 -8.685247044367730984e-01 1.915173564241828830e-02 -4.951917587309378477e-01 3.322966219014495959e+00
-5.023235616099499534e-01 4.286675825980906102e-02 8.637776580701078677e-01 3.915167437420469554e+01 3.154739971107912988e-02 9.990140631578280361e-01 -3.124860153343159141e-02 7.780163791737286783e-01 -8.642650473184372295e-01 1.157019425899615331e-02 -5.031806725035361527e-01 2.915555451637363849e+00
-5.156050096924711390e-01 4.088884991369139826e-02 8.556963632230416561e-01 3.984421011596554507e+01 2.997048349478736648e-02 9.991099608788784892e-01 -2.969412697367012841e-02 7.454528543278378105e-01 -8.561491662365143807e-01 1.033197878089199377e-02 -5.163714291527158329e-01 2.501277281732070978e+00
-5.246626764149426858e-01 4.245859259634222199e-02 8.503733563081801172e-01 4.054560054066548958e+01 3.149277369918263014e-02 9.990399309658037907e-01 -3.045679499947592447e-02 7.038586581030716882e-01 -8.508502959857111581e-01 1.080128597912936514e-02 -5.254959860495793667e-01 2.072560202341692026e+00
-5.302072826064544442e-01 4.527469596934839691e-02 8.468415104675417471e-01 4.125586665200478365e+01 3.508227281649359264e-02 9.988894361185431947e-01 -3.146682616065524934e-02 6.571048541207129556e-01 -8.473255146682872052e-01 1.303795654142388995e-02 -5.312067106257361004e-01 1.627874461434615450e+00
-5.326729424940133129e-01 4.894123405187771753e-02 8.449856026539656062e-01 4.196678249609725952e+01 3.625734242472210267e-02 9.987297827678582873e-01 -3.497909524645496232e-02 6.262283931506811285e-01 -8.456241989657358182e-01 1.200669995837297215e-02 -5.337709353895065956e-01 1.183855420689112092e+00
-5.316937484417072479e-01 5.012322639683213649e-02 8.455760897960860056e-01 4.270188728918788712e+01 3.510113357635302744e-02 9.986934508981043512e-01 -3.715608659412373421e-02 5.879396049591245621e-01 -8.463335311794871751e-01 9.938326596321087059e-03 -5.327582883862675978e-01 7.184747713984002138e-01
-5.287983220761749426e-01 4.994707816744532042e-02 8.468275019580950858e-01 4.345149179977835985e+01 3.756764716426964912e-02 9.986658853821493986e-01 -3.541298611185351303e-02 5.465898751496713892e-01 -8.474670677283363540e-01 1.307012256237382805e-02 -5.299690724002128484e-01 2.540652724192003498e-01
-5.235968255416469930e-01 4.962704457039220085e-02 8.499826518144053544e-01 4.420098238220278830e+01 3.603033761098083099e-02 9.986982896437168744e-01 -3.610204859295942231e-02 5.051871602249634607e-01 -8.506687662800009875e-01 1.170010763087476514e-02 -5.247030785773200146e-01 -1.965476113188074914e-01
-5.170154585543317305e-01 4.872886212290997859e-02 8.546410510722549647e-01 4.498245574062967478e+01 3.372550193430118304e-02 9.987624545615901850e-01 -3.656360895835440716e-02 4.623822710464129959e-01 -8.553652222951999562e-01 9.920906836743454207e-03 -5.180187469342298900e-01 -6.651080077479595287e-01
-5.090046682896218755e-01 4.756907983944037160e-02 8.591387671625999589e-01 4.578182361827013835e+01 3.231373443363617926e-02 9.988241983231483934e-01 -3.611952769219008152e-02 4.234759787809261322e-01 -8.598469074320775896e-01 9.372741874977464152e-03 -5.099433098072384540e-01 -1.125731391155981198e+00
-5.024399471789242622e-01 4.660490599457051131e-02 8.631156490249082269e-01 4.658338443526673700e+01 3.000837417430117851e-02 9.988844886893387676e-01 -3.644956465942637142e-02 3.764085508004372249e-01 -8.638518900161324954e-01 7.581226800243859830e-03 -5.032778564060446103e-01 -1.576707323978028263e+00
-4.973265506755710219e-01 4.446212501573743037e-02 8.667201390830441277e-01 4.742237322749672757e+01 2.585037758355321694e-02 9.990019885661647336e-01 -3.643544949732345495e-02 3.328802110715714524e-01 -8.674748926412095829e-01 4.295626340343132454e-03 -4.979796518912956715e-01 -2.038897983924903290e+00
-4.960895306709249830e-01 4.169831733205058011e-02 8.670512409126717168e-01 4.825982377189308181e+01 2.009248591403854298e-02 9.991299779906273049e-01 -3.654466536542316790e-02 2.865269680950839337e-01 -8.678206560666643643e-01 -7.064355899086282881e-04 -4.964956785094300495e-01 -2.506764114680664957e+00
-4.961332237454081362e-01 3.878498333046342256e-02 8.675380392339677726e-01 4.913572376836744127e+01 1.724529533722270191e-02 9.992451634687703477e-01 -3.480806275861024479e-02 2.338418011265786522e-01 -8.682331116988032393e-01 -2.308747051437751944e-03 -4.964277556489603560e-01 -2.984349523077088229e+00
-4.961526561027289617e-01 3.674033239674701079e-02 8.671018930074226860e-01 5.001340860615557915e+01 1.555629829149108960e-02 9.993196824595124150e-01 -3.343075341771135217e-02 1.892381312337394483e-01 -8.677408506014073764e-01 -3.122167530335360174e-03 -4.963865211764245666e-01 -3.467440082769047471e+00
-4.975433477083260336e-01 3.665141316078907724e-02 8.670321541937681120e-01 5.089632592819397416e+01 1.569105564585578094e-02 9.993241459170271179e-01 -3.325477970311446763e-02 1.393408538990185963e-01 -8.676644796244902258e-01 -2.917974564224502451e-03 -4.977822206139440042e-01 -3.955110876496561456e+00
-4.961339312684473479e-01 3.627154000005670259e-02 8.678344438839675767e-01 5.179985926899819759e+01 1.571850016219725199e-02 9.993388333330283091e-01 -3.280026277942912211e-02 9.305753310550650415e-02 -8.684498290342741456e-01 -2.605308042976587756e-03 -4.963761171219541746e-01 -4.463998749636840735e+00
-4.961256158842887731e-01 3.522495582561897126e-02 8.677977946598476322e-01 5.270561632986995448e+01 1.531681879968744414e-02 9.993764626165702047e-01 -3.182143558393492333e-02 4.584715203175786236e-02 -8.683771695083505326e-01 -2.482657410351866729e-03 -4.963558410293089640e-01 -4.976047316695820122e+00
-4.975222951122343362e-01 3.439967170400667906e-02 8.669470698512961038e-01 5.360556727865731119e+01 1.490403929497144744e-02 9.994048151293678517e-01 -3.111609547646701154e-02 -5.859174285497217860e-03 -8.675016590136566119e-01 -2.556352391014738833e-03 -4.977387753100259715e-01 -5.480312990326789979e+00
-4.961744328272779669e-01 3.360474670937569491e-02 8.676035936807925397e-01 5.454515899122826283e+01 1.311486005839820543e-02 9.994269513634249646e-01 -3.120489431903112829e-02 -5.497412111243378530e-02 -8.681550791419382351e-01 -4.103221018527094567e-03 -4.963308695569599860e-01 -6.003202393356690258e+00
-4.961511460954337038e-01 3.149101124339383218e-02 8.674929394452851605e-01 5.544428859281680388e+01 1.248750633438730148e-02 9.994972962618403622e-01 -2.913476772423244029e-02 -1.043312997266217651e-01 -8.679749182739810998e-01 -3.635833936156986773e-03 -4.962949206894780030e-01 -6.496204921162128443e+00
-4.947874476522395870e-01 3.117957677181514009e-02 8.684356624291810212e-01 5.637159628603173189e+01 1.137246480724224233e-02 9.995029897949282427e-01 -2.940066668431200875e-02 -1.607055610184619510e-01 -8.689208739119124170e-01 -4.668980028615435200e-03 -4.948962431600684719e-01 -7.003749648646496517e+00
-4.923843110264154443e-01 3.038510246553189145e-02 8.699311254105553948e-01 5.729544559676430282e+01 1.051536498799093659e-02 9.995251769512890627e-01 -2.896955834511263581e-02 -2.115410316884941966e-01 -8.703983564389183858e-01 -5.107175085532959444e-03 -4.924701362877276778e-01 -7.514788781424570629e+00
-4.923004930758295150e-01 2.792049253590493316e-02 8.702544817017233703e-01 5.821910011430853160e+01 1.137109752472111913e-02 9.996064849146878428e-01 -2.565824506986257372e-02 -2.648520000558529097e-01 -8.706282083359400126e-01 -2.712735553185007323e-03 -4.924243809684969442e-01 -8.021914176288879261e+00
-4.880887645948261411e-01 2.680182529091060251e-02 8.723194654451338348e-01 5.914355881277057136e+01 1.128770176935427368e-02 9.996385958413334105e-01 -2.438796365172057196e-02 -3.078124351914256485e-01 -8.726583755528986019e-01 -2.075527229659417973e-03 -4.882148512355208858e-01 -8.536137723181727921e+00
-4.842355351031070176e-01 2.647642735925134425e-02 8.741989708602602160e-01 6.006587272124656351e+01 1.240844847596269361e-02 9.996492590151644375e-01 -2.338723092329143827e-02 -3.554556799501092934e-01 -8.745118942829244180e-01 -4.892681454243758346e-04 -4.843942448757262431e-01 -9.035439468052432588e+00
-4.818366460794776263e-01 2.631492188364050952e-02 8.759548706681906660e-01 6.097885833688741997e+01 1.198622033729456263e-02 9.996532265649000770e-01 -2.345923978871522139e-02 -4.028496961715645752e-01 -8.762684391985566812e-01 -7.946551049963543984e-04 -4.819849204531501119e-01 -9.524621752635548333e+00
-4.804449873283047623e-01 2.695013447558580744e-02 8.766189356218296869e-01 6.188994689965241491e+01 1.217497422179391990e-02 9.996364089304394795e-01 -2.405760133800060110e-02 -4.508769771344753319e-01 -8.769487496034775731e-01 -8.889858895142716076e-04 -4.805984869936752446e-01 -1.001669450028771102e+01
-4.828769796221427657e-01 2.774994385259052163e-02 8.752666779574826972e-01 6.278925039859108637e+01 1.191663176553824782e-02 9.996135194213431330e-01 -2.510427918969459354e-02 -4.962292933191403410e-01 -8.756252600133773711e-01 -1.702007536280402637e-03 -4.830212022843231034e-01 -1.049934251257471018e+01
-4.843855103323701505e-01 2.987407671421058244e-02 8.742089933522761980e-01 6.369409303987661275e+01 1.004376235251554575e-02 9.995408162193147872e-01 -2.858770608923466572e-02 -5.501537914110410377e-01 -8.746616346531340680e-01 -5.068535197829905983e-03 -4.844631457573975175e-01 -1.099861634078768091e+01
-4.896760926373212586e-01 2.998289820120620536e-02 8.719794646253919979e-01 6.459251031124719589e+01 8.033533731692242205e-03 9.995218013589834971e-01 -2.986371418485874243e-02 -6.040332258891393247e-01 -8.724576215157239245e-01 -7.601380391017969335e-03 -4.896830071149117503e-01 -1.149751333576967660e+01
-4.948312566587542705e-01 2.781597553645307266e-02 8.690854299053389909e-01 6.548598910734899903e+01 8.258252616320236814e-03 9.995934670677828482e-01 -2.729435349782129150e-02 -6.441642588916500767e-01 -8.694909844456992776e-01 -6.308311946890396427e-03 -4.948601205748153764e-01 -1.198969165864780706e+01
-4.988696375092651625e-01 2.520594840325738467e-02 8.661511367321579336e-01 6.638211073876719581e+01 1.125527878478360666e-02 9.996810046070907507e-01 -2.261075478617348769e-02 -7.032498131207031156e-01 -8.664447460266119228e-01 -1.526799526469272165e-03 -4.989942896995254729e-01 -1.250018709582297127e+01
-5.041638346314254449e-01 2.301476539964163529e-02 8.634437377079728915e-01 6.726011879223239021e+01 7.984199748606759031e-03 9.997262254461529718e-01 -2.199751971265920605e-02 -7.478229874986787040e-01 -8.637136860211839240e-01 -4.190174348201044889e-03 -5.042094750508725465e-01 -1.299443187520914833e+01
-5.093877081157511810e-01 2.567786225629116112e-02 8.605258312400587695e-01 6.813118443123596535e+01 9.549920499003123481e-03 9.996618053692611916e-01 -2.419794608308762501e-02 -7.972711559212506405e-01 -8.608561157800901364e-01 -4.093554281835311282e-03 -5.094606535927741486e-01 -1.349157641934060159e+01
-5.132645508469200202e-01 2.926101532212761411e-02 8.582596759394898189e-01 6.900102432757714155e+01 1.040469390766702619e-02 9.995573869701063208e-01 -2.786769834039658916e-02 -8.410292356720138196e-01 -8.586953364927942811e-01 -5.368502425748079843e-03 -5.133418411547721050e-01 -1.399931665656086821e+01
-5.199667032627476315e-01 2.812767619766934693e-02 8.540132151621443457e-01 6.984801000827958717e+01 8.241901115535453862e-03 9.995763893673071943e-01 -2.791215975774158364e-02 -8.920795442679076981e-01 -8.544367204921804460e-01 -7.473292661434650409e-03 -5.199783026855226975e-01 -1.448834779854315080e+01
-5.214205929882643753e-01 2.810441776259074362e-02 8.526427262220800385e-01 7.070811522971642660e+01 7.003479890867983504e-03 9.995643809192897855e-01 -2.866510029297544490e-02 -9.411300189701846675e-01 -8.530772165743847335e-01 -8.984849853771325820e-03 -5.213901763663891797e-01 -1.501499702231163269e+01
-5.252468963491258025e-01 2.781237082216844042e-02 8.504179513234140231e-01 7.154362737156532148e+01 7.233279929544144358e-03 9.995756009907864614e-01 -2.820385364815731349e-02 -9.958789357540018816e-01 -8.508417494480174925e-01 -8.675053742632481829e-03 -5.252253492339458152e-01 -1.551090765226963697e+01
-5.278537549538502294e-01 2.082732652042321164e-02 8.486138850226949693e-01 7.238160673388918553e+01 8.725388067864067385e-03 9.997793820588822822e-01 -1.909876422283751998e-02 -1.037216542818404141e+00 -8.488245659551492128e-01 -2.686625314046629624e-03 -5.279190052674161970e-01 -1.602914197771142923e+01
-5.301944240042465450e-01 1.163330920139801251e-02 8.477238785592806636e-01 7.321657930405699233e+01 8.518634454607194526e-03 9.999283945512615901e-01 -8.387938277582940305e-03 -1.077214289831286198e+00 -8.477609899237086299e-01 2.763694524225991309e-03 -5.302556327822749438e-01 -1.655621300528626705e+01
-5.315843214638932279e-01 8.868740406426926792e-03 8.467725285117109202e-01 7.404941220034901050e+01 8.460742509654757895e-03 9.999508328629727050e-01 -5.154953490542189647e-03 -1.106095043482312912e+00 -8.467766838246479910e-01 4.419008693149673386e-03 -5.316332059448253267e-01 -1.707241663665520193e+01
-5.316077789710162982e-01 1.355920747866468448e-02 8.469016372045541363e-01 7.488113483458946007e+01 8.771409744535002204e-03 9.999063001070953582e-01 -1.050051951724183079e-02 -1.133143133791091994e+00 -8.469648001294466377e-01 1.842239289332585307e-03 -5.316769147861339917e-01 -1.759554442719603529e+01
-5.330608196400845600e-01 1.960123523599695272e-02 8.455825233295405363e-01 7.568748902710001403e+01 9.558431787665319299e-03 9.998071305014042398e-01 -1.715095992523577723e-02 -1.169471274186546061e+00 -8.457558283444689406e-01 -1.066537658511339205e-03 -5.331452294900124178e-01 -1.811768247401923304e+01
-5.357532728391500854e-01 2.349226320784471647e-02 8.443346539971133824e-01 7.651115766212896574e+01 1.525178089312310276e-02 9.997189588730166498e-01 -1.815485604112822282e-02 -1.204270724360275491e+00 -8.445238894144532216e-01 3.160739638491521456e-03 -5.359610039698100570e-01 -1.864020519403369391e+01
-5.328707503779914756e-01 2.409362445850645601e-02 8.456766854457005156e-01 7.733079545884905315e+01 1.820190691536741068e-02 9.996895733323176714e-01 -1.700337200529321302e-02 -1.245351599632101181e+00 -8.458241072855900988e-01 6.319757313536421284e-03 -5.331438318234973384e-01 -1.916868164864766300e+01
-5.328517113362434277e-01 2.161296790819597358e-02 8.464953759415291268e-01 7.815369009700489755e+01 1.808687902440473880e-02 9.997361885662301439e-01 -1.415514933090010821e-02 -1.282667960822574393e+00 -8.465779940657133240e-01 7.775089151126855606e-03 -5.331019593199829432e-01 -1.968902434898849663e+01
-5.328664853131070966e-01 1.503658906425238070e-02 8.465905761623626624e-01 7.897437820896976746e+01 1.578205554238973699e-02 9.998447400778202043e-01 -7.837990946102451131e-03 -1.309170663971201742e+00 -8.465770667728726995e-01 9.191144155235453014e-03 -5.330210356408727757e-01 -2.019110485948806399e+01
-5.300960856560907875e-01 8.773332112620392184e-03 8.477637148437983106e-01 7.980182846101735095e+01 1.323866303821169196e-02 9.999101492378683620e-01 -2.068179702058883535e-03 -1.336203415714484422e+00 -8.477056826450262150e-01 1.012442614727408936e-02 -5.301646008818874378e-01 -2.070376445216790628e+01
-5.316457109384649105e-01 2.083091268794359623e-03 8.471834284601645892e-01 8.061259545012171657e+01 4.204451697859536326e-03 9.999910922913827216e-01 1.807155672359606155e-04 -1.363911852025794236e+00 -8.471755163175704872e-01 3.653333313539572271e-03 -5.316498652434511474e-01 -2.118620858995263134e+01
-5.293512554388887237e-01 -2.768344870457717030e-03 8.484387195382547819e-01 8.143915839347663166e+01 -4.301492459483244497e-03 9.999905415182310797e-01 5.793116822501202193e-04 -1.376933346577101425e+00 -8.484322640177216490e-01 -3.335418654326240909e-03 -5.293580866240809035e-01 -2.167475705290337018e+01
-5.278833544762921992e-01 -2.519422931610133982e-03 8.496644652985534396e-01 8.226229570658657053e+01 -9.670689876592955666e-04 9.999966507694579843e-01 2.374059749892377339e-03 -1.394034824676969819e+00 -8.496677345683658622e-01 4.355190971452916910e-04 -5.278839318980240725e-01 -2.218235757921668494e+01
-5.249997515992873565e-01 1.409746880547452143e-03 8.515307497661966929e-01 8.307352160594288648e+01 3.784718506041028375e-03 9.999925915987566416e-01 6.800055466593769643e-04 -1.419333702090697313e+00 -8.515235266646482559e-01 3.579523385972404031e-03 -5.250011965706667949e-01 -2.268069393610189621e+01
-5.183304665033962033e-01 4.124023496331652092e-03 8.553391290844765127e-01 8.389325908297590217e+01 5.417778433994896274e-03 9.999840852771673116e-01 -1.536530455225774538e-03 -1.431884762866474814e+00 -8.553318519949075771e-01 3.835901797585901905e-03 -5.183445095628029797e-01 -2.318741412898451770e+01
-5.091911619372136988e-01 5.721187026867659113e-03 8.600232239562241032e-01 8.470867239720949726e+01 9.837781915110315953e-03 9.999512066965050572e-01 -8.263954189895198962e-04 -1.455806079986730950e+00 -8.599859830039630060e-01 8.039893900811468166e-03 -5.092226430831131578e-01 -2.366406051143371059e+01
-5.024567224616631744e-01 8.463632466533642026e-03 8.641011014632242748e-01 8.552076761052482823e+01 1.781223743091978409e-02 9.998411096524520980e-01 5.718263254998143816e-04 -1.479748327660260543e+00 -8.639588873520666068e-01 1.568240552928359954e-02 -5.025277315931021560e-01 -2.413455553272145693e+01
-4.920574856462506808e-01 7.414419071353009656e-03 8.706198212254635527e-01 8.635269333000131553e+01 1.530031680776857035e-02 9.998829637552429928e-01 1.308834893280834107e-04 -1.505010365186950194e+00 -8.705170406139001171e-01 1.338522456438045495e-02 -4.921132765136859155e-01 -2.460097831397752444e+01
-4.827164673673634554e-01 4.935515946942021885e-03 8.762663756250101965e-01 8.718278823964604385e+01 1.155722083317524407e-02 9.999329535233663080e-01 7.334499314988249643e-04 -1.517693146820565664e+00 -8.762040880661293718e-01 1.047862207583561724e-02 -4.827411000132721397e-01 -2.503280020368601910e+01
-4.699309705139676496e-01 1.531848684142349693e-03 8.828498439015076693e-01 8.801826743417647947e+01 1.273742747972309367e-02 9.999061450460575706e-01 5.045049618021940283e-03 -1.532733786553684308e+00 -8.827593177021639814e-01 1.361454566228700001e-02 -4.699063585855109970e-01 -2.547671249281751216e+01
-4.595834010695286631e-01 2.978564140344231630e-04 8.883310747518465833e-01 8.886254709722587108e+01 1.224823806000482906e-02 9.999069767604443770e-01 6.002359315888800007e-03 -1.546523242008171595e+00 -8.882467470296289136e-01 1.363830744847844938e-02 -4.595443212544228495e-01 -2.590418528033005430e+01
-4.464853559673621630e-01 -7.052232097569884105e-04 8.947695709168335121e-01 8.969963659557245705e+01 1.081332343703457315e-02 9.999224421325964007e-01 6.179037127657741220e-03 -1.552469001327114295e+00 -8.947045494886470829e-01 1.243336882968767119e-02 -4.464430831077542683e-01 -2.631053530306725108e+01
-4.351459170589456749e-01 3.633661429030085491e-04 9.004852959359269660e-01 9.055950812165440311e+01 1.537475276297656408e-02 9.998570642153226107e-01 7.025540807351297184e-03 -1.569269977594980991e+00 -9.003540763689222848e-01 1.689932455403007558e-02 -4.350893731981707035e-01 -2.672769884013536057e+01
