1.0 0.0 0.0 0.0 0.0 1.0 0.0 0.0 0.0 0.0 1.0 0.0
0.99988204 0.0153609235 -0.00018118488 0.06567383 -0.015360691 0.9998813 0.0012221419 -0.015380859 0.0001999324 -0.0012192145 0.9999992 -0.004638672
0.99932945 0.036623124 0.00029420276 0.26635742 -0.036624078 0.9993194 0.004489491 -0.018066406 -0.00012963807 -0.004497253 0.99998987 -0.0036621094
0.99788845 0.06492761 0.0015581879 0.42468262 -0.06493636 0.99786824 0.006449401 -0.04650879 -0.0011361024 -0.0065369844 0.999978 -0.009277344
0.99552536 0.09440777 0.0043413676 0.53149414 -0.09443178 0.99551624 0.00570617 -0.09265137 -0.0037832544 -0.006090504 0.9999743 -0.011474609
0.99087155 0.13462743 0.0069505 0.7967529 -0.13464783 0.99088985 0.0025537163 -0.14685059 -0.006543302 -0.0034661787 0.9999726 -0.0059814453
0.9847364 0.17387502 0.0074568507 0.98327637 -0.17387564 0.98476434 -0.00057078636 -0.21105957 -0.007442503 -0.0007346997 0.99997205 -0.01184082
0.97624046 0.21647573 0.009673763 1.1990967 -0.21647835 0.9762874 -0.0007873088 -0.2836914 -0.009614911 -0.001325253 0.9999529 -0.009033203
0.964188 0.2649178 0.012589174 1.4227295 -0.2649334 0.96426576 -0.00043949136 -0.36279297 -0.012255703 -0.0029115377 0.99992067 -0.016723633
0.95041555 0.31038925 0.018758789 1.6428223 -0.31037083 0.9505984 -0.0039579445 -0.48669434 -0.019060874 -0.0020613235 0.9998162 -0.024658203
0.93289435 0.3593157 0.02503346 1.890625 -0.35908973 0.93322456 -0.013154296 -0.60058594 -0.02808841 0.0032814704 0.99959993 -0.014282227
0.9115006 0.4103483 0.028001834 2.1118164 -0.4099567 0.91191304 -0.01879235 -0.7437744 -0.03324631 0.0056499243 0.99943125 -0.016723633
0.88633496 0.46192762 0.031713847 2.3726807 -0.46146265 0.8868931 -0.021121852 -0.90966797 -0.037881844 0.0040814364 0.99927354 -0.024536133
0.8577152 0.5129696 0.035314288 2.5906982 -0.5124682 0.85844094 -0.022710644 -1.0794678 -0.0419655 0.0013813153 0.9991179 -0.043823242
0.8259609 0.5623286 0.037732083 2.8363037 -0.56162995 0.82681966 -0.028099913 -1.2862549 -0.047002017 0.0020158924 0.99889296 -0.05078125
0.78953135 0.6125282 0.038059544 3.0704346 -0.6116284 0.790442 -0.033322684 -1.5059814 -0.050498784 0.0030341204 0.9987198 -0.05822754
0.75158274 0.65863657 0.03742296 3.3043213 -0.6575511 0.7525028 -0.03799677 -1.7572021 -0.053192314 0.0039585456 0.99857706 -0.076293945
0.7120465 0.7011156 0.03592882 3.539917 -0.6999451 0.71294194 -0.04067836 -2.0378418 -0.05414057 0.0038155913 0.9985262 -0.0892334
0.6703311 0.7411653 0.035738617 3.74292 -0.73991436 0.6712785 -0.043125756 -2.3243408 -0.055948984 0.00247032 0.99843085 -0.10681152
0.62807655 0.7772992 0.03769611 3.9847412 -0.7760767 0.62920415 -0.04361923 -2.6551514 -0.057618145 -0.0018565189 0.99833685 -0.13391113
0.5860214 0.80937475 0.038476706 4.2088623 -0.80819845 0.587259 -0.043944553 -2.9980469 -0.05816415 -0.005347261 0.99829257 -0.14819336
0.545884 0.83703077 0.039569315 4.425659 -0.8358116 0.5472573 -0.045861185 -3.3652344 -0.060041174 -0.008034272 0.9981637 -0.17004395
0.5066181 0.8611947 0.039471537 4.641968 -0.85986274 0.50806916 -0.04875511 -3.7773438 -0.062054083 -0.009242788 0.9980303 -0.18408203
0.46982676 0.8818679 0.040066082 4.8588867 -0.88066924 0.47135657 -0.04772523 -4.2005615 -0.06097475 -0.012861192 0.9980566 -0.21240234
0.43334693 0.9003413 0.039232552 5.0584717 -0.899178 0.434878 -0.04798996 -4.655884 -0.06027162 -0.014479283 0.99807715 -0.24645996
0.39956743 0.91582733 0.03536597 5.256592 -0.9147093 0.40090165 -0.04721477 -5.164795 -0.057433065 -0.013474967 0.9982592 -0.27355957
0.37084103 0.9282246 0.030640785 5.441162 -0.92711955 0.3719386 -0.046637278 -5.670532 -0.05467251 -0.011102531 0.9984425 -0.3059082
0.3452559 0.93802595 0.028389582 5.628174 -0.93703264 0.3462398 -0.044608586 -6.215088 -0.051659517 -0.011193167 0.99860173 -0.33996582
0.324843 0.94537437 0.025781702 5.8182373 -0.9444307 0.32570317 -0.043437134 -6.810425 -0.049482025 -0.010239894 0.9987231 -0.3713379
0.30910185 0.9506929 0.024224838 6.010132 -0.94972056 0.3099073 -0.044002395 -7.394165 -0.049342208 -0.009415424 0.9987373 -0.4046631
0.29884687 0.9540792 0.023433972 6.2076416 -0.9530171 0.29963946 -0.04582198 -8.013062 -0.050743107 -0.00863463 0.9986747 -0.4296875
0.2872789 0.9576347 0.02426089 6.3970947 -0.9564811 0.28814727 -0.047930926 -8.657715 -0.052880086 -0.00943393 0.9985561 -0.46374512
0.2767819 0.9605293 0.025998265 6.600342 -0.9593369 0.27776903 -0.049173962 -9.336426 -0.05445796 -0.011329974 0.9984519 -0.50439453
0.26567933 0.96371657 0.0266985 6.7974854 -0.9624413 0.26674154 -0.05102559 -10.02478 -0.05629255 -0.012142068 0.9983403 -0.54577637
0.2573471 0.9659422 0.028716542 6.9837646 -0.96454275 0.25857344 -0.05377955 -10.752808 -0.05938059 -0.013866289 0.99813914 -0.58032227
0.24545546 0.96884257 0.028770797 7.180542 -0.967306 0.24673805 -0.05632335 -11.489868 -0.061673004 -0.013999798 0.99799854 -0.62268066
0.23363237 0.9719505 0.02870021 7.369385 -0.97038835 0.234939 -0.056953568 -12.258789 -0.062109638 -0.014550305 0.99796355 -0.65979004
0.22392933 0.9741842 0.02985058 7.555298 -0.9724695 0.22536951 -0.05984658 -13.044189 -0.06502638 -0.015635192 0.99776065 -0.70581055
0.21284233 0.97662646 0.032224484 7.7268066 -0.97472703 0.21452218 -0.06345716 -13.827759 -0.06888136 -0.017898941 0.9974643 -0.7562256
0.19994223 0.9792614 0.032655027 7.902954 -0.97711235 0.20175147 -0.06744054 -14.632568 -0.072598934 -0.018401185 0.99719083 -0.7982178
0.1870878 0.9817733 0.033289455 8.061768 -0.97947675 0.18901962 -0.06988516 -15.432739 -0.074919656 -0.019532237 0.996999 -0.84436035
0.17231773 0.9843884 0.03340581 8.207886 -0.9820967 0.17430043 -0.0702574 -16.246094 -0.07498737 -0.020700244 0.99696964 -0.8934326
0.15869509 0.98676115 0.033852 8.346436 -0.9845183 0.16074033 -0.07011252 -17.063477 -0.07460609 -0.02220578 0.9969647 -0.9458008
0.14257048 0.98916656 0.033593033 8.46814 -0.98699176 0.14461865 -0.069564015 -17.885986 -0.07366702 -0.023224441 0.9970127 -0.994751
0.12122434 0.9920142 0.0345926 8.580933 -0.99005175 0.12334102 -0.067595616 -18.71814 -0.07132163 -0.026043277 0.9971136 -1.0412598
0.09693605 0.9945966 0.03766004 8.670654 -0.99281144 0.099303424 -0.067092516 -19.546997 -0.0704668 -0.030899692 0.99703497 -1.0952148
0.06594474 0.9970306 0.039807685 8.740845 -0.99540967 0.06850649 -0.06683683 -20.39746 -0.06938668 -0.03522981 0.9969685 -1.1434326
0.032553975 0.99866676 0.040423155 8.773804 -0.997151 0.035215974 -0.06693042 -21.251831 -0.06824676 -0.038165655 0.9969367 -1.1918945
-0.0005440738 0.99918985 0.040245853 8.769653 -0.99778616 0.0021341932 -0.06645701 -22.098145 -0.06650531 -0.040209863 0.9969762 -1.2297363
-0.036134697 0.998601 0.039043516 8.746704 -0.99728936 -0.033517014 -0.06576892 -22.969727 -0.06436845 -0.04128927 0.997072 -1.2709961
-0.068057634 0.99692416 0.03970136 8.694214 -0.9958113 -0.06541813 -0.064390615 -23.82251 -0.06159727 -0.043900985 0.99713546 -1.3094482
-0.10160335 0.9940195 0.04014511 8.614746 -0.9931929 -0.09903967 -0.061394483 -24.680176 -0.057047263 -0.046103306 0.9973062 -1.359375
-0.13401127 0.9903362 0.03591417 8.5 -0.98965687 -0.1318655 -0.056631975 -25.545166 -0.051331162 -0.04312826 0.9977492 -1.394165
-0.16452537 0.985894 0.03161954 8.348022 -0.9853479 -0.16278435 -0.051455718 -26.387695 -0.045569543 -0.039605547 0.9981753 -1.4230957
-0.19443974 0.9805928 0.024434399 8.177368 -0.980107 -0.19322287 -0.044966277 -27.239868 -0.03936274 -0.03268963 0.9986898 -1.4490967
-0.22425218 0.97447187 0.01895885 7.975586 -0.97399265 -0.22333942 -0.041258305 -28.083252 -0.035962634 -0.027700795 0.9989691 -1.4694824
-0.25052166 0.96806777 0.0115103945 7.7546387 -0.9676388 -0.24999414 -0.03502923 -28.914062 -0.031033406 -0.019913055 0.99932 -1.4852295
-0.2777481 0.9607005 0.0065867733 7.5117188 -0.96047616 -0.2775148 -0.024582028 -29.73816 -0.021787703 -0.013142165 0.9996763 -1.4923096
-0.30079567 0.9536803 0.0060207956 7.2506104 -0.9536662 -0.30072665 -0.010240059 -30.542969 -0.007951405 -0.008817373 0.99992955 -1.4943848
-0.3248298 0.94572794 0.011418023 6.9854736 -0.9457373 -0.32492113 0.007298529 -31.335083 0.0106142275 -0.008428527 0.99990815 -1.4858398
-0.35050532 0.93649966 0.01843952 6.699463 -0.93628 -0.35086355 0.022373129 -32.128418 0.02741443 -0.009427665 0.99957967 -1.4797363
-0.37343073 0.9275381 0.018475182 6.3859863 -0.92697656 -0.37385473 0.032647338 -32.918213 0.037175883 -0.0049350597 0.99929637 -1.4458008
-0.39922768 0.91682553 0.01748918 6.060425 -0.91610086 -0.3996079 0.03647698 -33.69751 0.040419582 -0.0014642216 0.9991817 -1.3981934
-0.41999876 0.9072613 0.015888415 5.7041016 -0.90654385 -0.42029807 0.03607709 -34.46985 0.03940736 0.000767249 0.9992226 -1.3625488
-0.44293168 0.89706576 0.011051745 5.336914 -0.8965031 -0.44304925 0.03205038 -35.23413 0.03363619 0.004269989 0.9994253 -1.3210449
-0.46128055 0.88733 0.002727868 4.954834 -0.8868882 -0.46114433 0.030275693 -35.9834 0.028140046 0.011547074 0.99953765 -1.2803955
-0.4726929 0.88152087 -0.00018195994 4.55249 -0.88111675 -0.47247037 0.030376635 -36.72986 0.026695698 0.014501432 0.99953866 -1.2340088
-0.4846239 0.8744735 -0.0018576588 4.1436768 -0.873969 -0.48426953 0.03506704 -37.450928 0.029747687 0.018620435 0.99938345 -1.201294
-0.49507508 0.86879903 -0.0023941342 3.7487793 -0.8682833 -0.49468222 0.035921767 -38.15564 0.030021895 0.019866705 0.9993517 -1.1575928
-0.5029882 0.86443865 0.005205498 3.3435059 -0.86378247 -0.502826 0.036394104 -38.865723 0.03408844 0.013795206 0.999324 -1.1230469
-0.5161806 0.8563022 0.006460692 2.9326172 -0.85570276 -0.5160779 0.03425407 -39.56067 0.03268218 0.012166325 0.999392 -1.0928955
-0.52530277 0.8510169 0.006010402 2.5058594 -0.85037637 -0.5251599 0.0357176 -40.263306 0.033549264 0.013648959 0.99934393 -1.0544434
-0.5310211 0.8475335 0.0037869355 2.0618896 -0.8468346 -0.53075576 0.03847099 -40.97412 0.034630604 0.017215434 0.9992523 -1.0108643
-0.53355545 0.8458316 0.004826723 1.6176758 -0.8449833 -0.53326046 0.042104855 -41.684814 0.038175464 0.018376334 0.9991018 -0.9840088
-0.5325151 0.84651667 0.0068958937 1.151001 -0.8455836 -0.5322817 0.0432952 -42.419067 0.04033856 0.017219905 0.9990382 -0.9493408
-0.5297578 0.8476917 0.0037550852 0.6843262 -0.8468217 -0.52940476 0.043156117 -43.167725 0.03857197 0.019705385 0.99906105 -0.9104004
-0.5244786 0.8508724 0.0051161507 0.23095703 -0.84998417 -0.5241887 0.042895842 -43.91565 0.039198723 0.018187925 0.9990657 -0.87231445
-0.51778 0.8555395 0.006888315 -0.24084473 -0.8546517 -0.517582 0.042077366 -44.69507 0.039575428 0.015904643 0.99909025 -0.83288574
-0.5097043 0.8600077 0.0074183764 -0.70532227 -0.8591528 -0.509551 0.041009918 -45.49243 0.03904052 0.0145288585 0.9991315 -0.7972412
-0.50302535 0.8639833 0.009197267 -1.1595459 -0.8631382 -0.5029604 0.040120907 -46.292236 0.039291292 0.012249673 0.9991524 -0.7537842
-0.4977062 0.86755264 0.012474013 -1.6245117 -0.8667563 -0.49779657 0.03803624 -47.12964 0.0392066 0.00810912 0.99919856 -0.71398926
-0.49618924 0.86782044 0.017464247 -2.09375 -0.86710656 -0.49649096 0.035275098 -47.966675 0.0392933 0.0023586662 0.99922496 -0.6713867
-0.4961224 0.8682014 0.019064575 -2.5725098 -0.8675984 -0.49648812 0.032361098 -48.842163 0.037547708 -0.0004888177 0.9992947 -0.6220703
-0.49608496 0.8676916 0.019870358 -3.0568848 -0.86716455 -0.4964774 0.030311612 -49.719604 0.036170952 -0.0021725697 0.99934286 -0.5809326
-0.49748307 0.86761767 0.01967449 -3.5454102 -0.86709404 -0.49786836 0.030211367 -50.60205 0.036004882 -0.0020482494 0.99935 -0.5349121
-0.49608204 0.86840576 0.019358467 -4.0561523 -0.867895 -0.49645618 0.029848495 -51.50476 0.035534967 -0.0020138388 0.999367 -0.49243164
-0.49606898 0.8683315 0.01923343 -4.56958 -0.8678573 -0.49643615 0.028801726 -52.410034 0.034555826 -0.002413421 0.99940014 -0.44885254
-0.497456 0.8674527 0.019307692 -5.074707 -0.86700636 -0.49782273 0.027959384 -53.309814 0.033865724 -0.002830632 0.9994225 -0.4008789
-0.4960376 0.868082 0.020849148 -5.599365 -0.86766875 -0.49645412 0.027176786 -54.248657 0.033936817 -0.004613243 0.9994134 -0.35595703
-0.49601826 0.86790156 0.020376697 -6.09375 -0.86755514 -0.49640867 0.025062917 -55.14746 0.031866707 -0.005235902 0.99947816 -0.30993652
-0.49461123 0.86883193 0.021407705 -6.6030273 -0.86850196 -0.49503356 0.024766775 -56.073975 0.032113835 -0.006346449 0.9994641 -0.2578125
-0.49218524 0.87030035 0.02184068 -7.116211 -0.86999893 -0.49261725 0.024000475 -56.996826 0.031653486 -0.0071930266 0.9994732 -0.2109375
-0.49217665 0.87055516 0.019444112 -7.624878 -0.8703115 -0.4925204 0.021542292 -57.920044 0.028341616 -0.006332825 0.99957865 -0.16064453
-0.48797974 0.87259007 0.018794196 -8.141968 -0.87237316 -0.48829922 0.020471849 -58.84326 0.027027544 -0.006393387 0.99961394 -0.12133789
-0.4841761 0.8744638 0.017197786 -8.644043 -0.87424636 -0.48445264 0.020192338 -59.764404 0.025989193 -0.005252069 0.9996482 -0.07751465
-0.48176444 0.87621516 0.017501378 -9.135376 -0.8760037 -0.4820492 0.02006099 -60.67627 0.026030663 -0.005666466 0.9996453 -0.034301758
-0.48037353 0.87689596 0.01759325 -9.629272 -0.87666833 -0.48066428 0.02071164 -61.586548 0.026614917 -0.0054719145 0.99963075 0.009399414
-0.48278403 0.87556416 0.018412534 -10.112427 -0.87531954 -0.4831005 0.021481821 -62.485718 0.027687484 -0.005742952 0.9995999 0.05029297
-0.48418134 0.8745611 0.02178362 -10.612305 -0.8742764 -0.48461103 0.023581577 -63.39026 0.031184524 -0.0076272236 0.99948454 0.09899902
-0.48937628 0.87232333 0.024332276 -11.110596 -0.87205696 -0.48988596 0.02362912 -64.28894 0.032508258 -0.009667613 0.99942493 0.1484375
-0.49457836 0.86936855 0.023045532 -11.602539 -0.86915666 -0.49502507 0.021403732 -65.18298 0.029996773 -0.009461056 0.9995055 0.1854248
-0.4987739 0.86638045 0.018262725 -12.113281 -0.86620176 -0.49906623 0.018749889 -66.079834 0.025370155 -0.0064693927 0.9996572 0.2421875
-0.5039757 0.8636065 0.020933785 -12.606934 -0.8635042 -0.50431603 0.016493732 -66.958374 0.024806555 -0.009764085 0.99964464 0.28308105
-0.50921285 0.86075974 0.020852715 -13.103638 -0.8605871 -0.5095737 0.01909633 -67.82971 0.027066976 -0.008225672 0.9996 0.32800293
-0.5130616 0.85859406 0.02214119 -13.611328 -0.8583276 -0.51348615 0.022631941 -68.69946 0.030780893 -0.007394134 0.9994987 0.3668213
-0.5196839 0.85430425 0.024252445 -14.099243 -0.85408956 -0.5201613 0.021413406 -69.547485 0.030898511 -0.009583146 0.99947655 0.41418457
-0.52108103 0.85292447 0.025761873 -14.626587 -0.8527255 -0.5216049 0.021367049 -70.40747 0.031669136 -0.010825535 0.99943954 0.45947266
-0.52492106 0.8506929 0.025458518 -15.122437 -0.8504992 -0.52543044 0.02103023 -71.243286 0.031251192 -0.010611328 0.99945486 0.51086426
-0.5277129 0.84873396 0.019460572 -15.6414795 -0.84866714 -0.5279927 0.014021715 -72.08179 0.022182764 -0.009112326 0.9997122 0.5518799
-0.5301546 0.8477131 0.014001576 -16.169434 -0.8477506 -0.53025746 0.0048119836 -72.917114 0.011495398 -0.009312564 0.9998904 0.5921631
-0.5315639 0.8467418 0.012342534 -16.686646 -0.84679127 -0.53162456 0.0020329428 -73.749756 0.008279212 -0.009369512 0.99992174 0.6187744
-0.53155607 0.8469111 0.01492912 -17.210938 -0.846933 -0.5316883 0.0067196125 -74.58032 0.013624039 -0.009069743 0.99986595 0.6407471
-0.5329621 0.84568363 0.017847799 -17.733643 -0.84562844 -0.5331963 0.012736705 -75.38599 0.02029512 -0.008298102 0.99975944 0.6717529
-0.5357985 0.8445227 0.013636086 -18.256836 -0.84436345 -0.5359658 0.016605651 -76.20911 0.021337625 -0.0026205215 0.999769 0.7030029
-0.5330094 0.8458677 0.01047065 -18.78772 -0.845692 -0.53311205 0.017244555 -77.02759 0.02016262 0.00034623872 0.99979645 0.741333
-0.5329956 0.84663254 0.009017036 -19.309448 -0.8465038 -0.53307205 0.014771687 -77.84973 0.017307771 0.00023134053 0.99985015 0.7763672
-0.53296506 0.84662807 0.00758919 -19.812988 -0.8465909 -0.53301525 0.008197885 -78.670166 0.010985942 -0.0020625088 0.99993753 0.80163574
-0.5301524 0.8477478 0.006635452 -20.328003 -0.84775805 -0.53017414 0.0019661079 -79.49695 0.0051840222 -0.0045804395 0.999976 0.8272705
-0.5316103 0.84710693 0.013099128 -20.810791 -0.8472032 -0.5315971 -0.0047516534 -80.30774 0.0029327164 -0.013618721 0.9999029 0.8522949
-0.5292761 0.8482524 0.020073172 -21.301025 -0.8484865 -0.52919513 -0.009588139 -81.13342 0.0024928383 -0.022112189 0.9997524 0.8619385
-0.527838 0.8495399 0.016303666 -21.810791 -0.84969604 -0.5277563 -0.009313026 -81.95532 0.0006852085 -0.018771268 0.99982363 0.8763428
-0.5249647 0.85145175 0.013163609 -22.311646 -0.8515503 -0.52494276 -0.0053433967 -82.76489 0.0023545614 -0.014012152 0.9998991 0.89782715
-0.5182955 0.8552728 0.012899751 -22.822021 -0.85535836 -0.5183089 -0.0025504348 -83.582275 0.004500252 -0.012354344 0.9999135 0.9063721
-0.5092059 0.8599897 0.008677448 -23.303345 -0.86002564 -0.50921863 -0.00084193493 -84.39526 0.0037015942 -0.007890085 0.9999619 0.927124
-0.5025699 0.864076 0.0010289745 -23.777954 -0.8640739 -0.50257087 0.0019950194 -85.20508 0.0022418206 0.00011497922 0.99999744 0.9481201
-0.49213812 0.87059957 0.0033094606 -24.249023 -0.8706021 -0.49214366 0.0010675782 -86.03418 0.0025581976 -0.0023564447 0.999994 0.9696045
-0.4827514 0.8762391 0.0061964393 -24.68518 -0.8762591 -0.4827532 -0.0013047413 -86.86182 0.0018425877 -0.0060598673 0.99998 0.9786377
-0.46996555 0.8828276 0.003024099 -25.13501 -0.88282895 -0.46995068 -0.0045569222 -87.69458 -0.0026029034 -0.0048112525 0.99998504 0.991333
-0.4596103 0.8883123 0.002975093 -25.567383 -0.88830966 -0.45958993 -0.0056719496 -88.53638 -0.0036723989 -0.0052508526 0.9999795 1.0014648
-0.44650295 0.8947514 0.0041451957 -25.979492 -0.8947522 -0.44647312 -0.006529969 -89.370605 -0.0039884844 -0.0066217175 0.9999701 1.003418
-0.4351842 0.90046674 -0.00034668017 -26.402222 -0.9004533 -0.4351797 -0.0053248773 -90.22778 -0.0049462365 -0.0020042527 0.9999857 1.0163574
-0.4211447 0.90664506 0.00068977964 -26.792114 -0.9066448 -0.42114347 -0.0014127744 -91.08118 -0.0009904017 -0.0012211719 0.99999875 1.0187988
-0.41021428 0.9119702 0.0031879202 -27.173096 -0.9119364 -0.41022655 0.007856461 -91.92456 0.008469805 0.00031276443 0.99996406 1.0356445
-0.396973 0.91802037 0.004839348 -27.543457 -0.91793025 -0.39700198 0.012882983 -92.77051 0.013743725 0.0006673993 0.99990535 1.0554199
-0.3871808 0.92178434 0.0048102397 -27.888184 -0.92172194 -0.3872106 0.010721957 -93.621826 0.011751911 -0.0002826776 0.9999309 1.0690918
-0.3739804 0.9274493 0.0046162643 -28.23413 -0.9274324 -0.37400317 0.005942881 -94.49158 0.007237592 -0.0020559106 0.99997175 1.0916748
-0.3652125 0.9310367 0.008195302 -28.55664 -0.9310335 -0.36526382 0.0059926203 -95.347046 0.008569621 -0.005440349 0.9999485 1.114624
-0.35783687 0.9338742 0.015554069 -28.866943 -0.93390054 -0.3579954 0.008919007 -96.21338 0.013890592 -0.011338331 0.9998393 1.1429443
-0.3504752 0.93629193 0.023884865 -29.185059 -0.93632865 -0.35087076 0.014968079 -97.08899 0.022388786 -0.017111259 0.9996028 1.1619873
-0.3468063 0.9376231 0.029281698 -29.498169 -0.93774706 -0.3473462 0.015828341 -97.96948 0.024996482 -0.021977918 0.9994461 1.1947021
-0.34314275 0.9390319 0.03192215 -29.799316 -0.93922174 -0.34374687 0.015741918 -98.84412 0.025733072 -0.024586555 0.99936676 1.2318115
-0.33787057 0.94051975 0.034712847 -30.11023 -0.94079703 -0.33853507 0.015300859 -99.72485 0.026150677 -0.027490858 0.9992801 1.2666016
-0.33218023 0.9426112 0.033379853 -30.417725 -0.9429286 -0.33272758 0.012291971 -100.6134 0.022688791 -0.027373131 0.9993674 1.295044
-0.3262347 0.94482076 0.029464805 -30.723633 -0.9450981 -0.32662487 0.009446204 -101.486206 0.018545713 -0.02476647 0.9995213 1.3227539
-0.32194865 0.94638455 0.031307116 -31.013916 -0.9467686 -0.3222828 0.0061594006 -102.37549 0.015909385 -0.027658496 0.999491 1.3635254
-0.31540284 0.948188 0.036861625 -31.2948 -0.9487574 -0.31579924 0.005317793 -103.25122 0.016688013 -0.03328567 0.9993063 1.3881836
-0.30891454 0.9500748 0.04559812 -31.551025 -0.95097643 -0.30946037 0.0052725123 -104.11743 0.019112315 -0.041739393 0.9989461 1.4068604
-0.3015821 0.95252645 0.044337083 -31.822998 -0.9533044 -0.30224794 0.009019229 -104.98389 0.021985237 -0.03955105 0.998976 1.4416504
-0.29428685 0.95475876 0.04346674 -32.10144 -0.9554305 -0.29505572 0.012339981 -105.859375 0.02459878 -0.03788317 0.99897903 1.4830322
-0.28776228 0.9568055 0.042896383 -32.358643 -0.9575134 -0.28842613 0.0100675095 -106.73682 0.021978736 -0.038165 0.9990296 1.5133057
-0.27972448 0.959019 0.042860843 -32.6062 -0.9598271 -0.28018984 0.0051341606 -107.60693 0.016947996 -0.039710246 0.9990674 1.5478516
-0.27326643 0.9609262 0.043618616 -32.85608 -0.9618097 -0.27362865 0.0024470072 -108.50244 0.01428777 -0.04128906 0.9990452 1.5783691
-0.2660809 0.96289015 0.047757518 -33.091187 -0.9638945 -0.26666057 0.006094467 -109.37866 0.018598968 -0.044413432 0.9988403 1.6071777
-0.25954607 0.9646321 0.047478568 -33.329346 -0.96558434 -0.260211 0.008303564 -110.262085 0.020343326 -0.04366504 0.9988386 1.6324463
-0.25216216 0.9665109 0.047995545 -33.550293 -0.9674642 -0.25289035 0.009652937 -111.1438 0.021481575 -0.04400815 0.9988004 1.654419
-0.24506736 0.96838623 0.04876868 -33.757446 -0.9694051 -0.24574709 0.0083809225 -112.02295 0.020093137 -0.045220036 0.998775 1.6898193
-0.23635522 0.9705498 0.044889808 -33.970947 -0.97141075 -0.23694034 0.008113614 -112.90759 0.01851647 -0.041683234 0.998959 1.7156982
-0.22985005 0.9724951 0.040719625 -34.176147 -0.97316116 -0.23042282 0.009931409 -113.779175 0.01902585 -0.037351858 0.99912137 1.746582
-0.22188498 0.974286 0.03970174 -34.387207 -0.9749216 -0.22242951 0.009810569 -114.68091 0.018396843 -0.036543 0.999163 1.7814941
-0.21492076 0.975671 0.045911785 -34.570923 -0.9765809 -0.21552123 0.008509205 -115.56604 0.018176466 -0.043004245 0.9989097 1.8062744
-0.20775463 0.9769715 0.04965553 -34.754883 -0.97808164 -0.20834742 0.007022686 -116.47131 0.017211162 -0.047116056 0.9987413 1.8374023
-0.20355727 0.9780168 0.047266223 -34.940796 -0.97903305 -0.20406543 0.0061341655 -117.38403 0.015644185 -0.0450133 0.9988636 1.8665771
-0.1984688 0.9791639 0.04512728 -35.118286 -0.9800714 -0.19898555 0.0072322832 -118.26843 0.016041713 -0.04279092 0.99895537 1.887207
-0.1934227 0.9800504 0.044348102 -35.29712 -0.98092 -0.19394338 0.0077157984 -119.17468 0.01616122 -0.042012133 0.9989863 1.9188232
-0.18700828 0.9817451 0.037880383 -35.488647 -0.9823694 -0.18741502 0.007469993 -120.046265 0.014412468 -0.03580819 0.99925476 1.9353027
-0.181265 0.9829746 0.028567914 -35.66797 -0.98332536 -0.18150866 0.0061570876 -120.940674 0.011237855 -0.026972223 0.99957293 1.9602051
-0.17777954 0.98372704 0.027099503 -35.82312 -0.98405266 -0.17797387 0.0049168104 -121.82959 0.009655986 -0.025790552 0.99962074 1.9837646
-0.1734402 0.9844855 0.028647011 -35.976807 -0.9848336 -0.17369819 0.0067645265 -122.71948 0.0116233425 -0.027039615 0.9995669 1.9975586
-0.1691153 0.98512894 0.030381149 -36.12854 -0.9855098 -0.1694311 0.00812032 -123.61865 0.013151377 -0.028573355 0.99950534 2.018921
-0.16782309 0.9853814 0.03200139 -36.26953 -0.9858152 -0.1681478 0.0077348556 -124.51233 0.012987409 -0.030252768 0.99945813 2.0384521
-0.1656699 0.98563474 0.03184511 -36.41284 -0.986073 -0.16597223 0.00707344 -125.394775 0.012261224 -0.030229475 0.99946773 2.0540771
-0.16504894 0.9858577 0.02901978 -36.555298 -0.9862619 -0.16517365 0.0019338322 -126.28955 0.006701088 -0.02830011 0.999577 2.0810547
-0.16297375 0.98618776 0.028707976 -36.702393 -0.9866053 -0.16293108 -0.0038421657 -127.170166 0.0009011887 -0.028950693 0.99958026 2.095581
-0.16299234 0.9862984 0.028346905 -36.845703 -0.9867053 -0.16290832 -0.0052603097 -128.05444 -0.00058466045 -0.028825399 0.9995845 2.110962
-0.16226554 0.98640877 0.028814336 -36.985474 -0.98681957 -0.16232528 -0.0002708002 -128.9165 0.0044089365 -0.028463969 0.99958485 2.1195068
-0.16071533 0.9865782 0.028980944 -37.12732 -0.98696935 -0.1608857 0.0036308113 -129.78125 0.008243675 -0.028018879 0.99957335 2.1374512
-0.1600864 0.9865806 0.030949455 -37.265137 -0.9870316 -0.16026437 0.0033372561 -130.65356 0.00826018 -0.030012595 0.9995152 2.147583
-0.16013552 0.9865164 0.033000853 -37.392822 -0.9870439 -0.16027653 0.0016614087 -131.5155 0.0069232285 -0.032307938 0.99945396 2.166748
-0.15940368 0.9868916 0.02761193 -37.540405 -0.98725206 -0.15953887 0.0027603898 -132.37012 0.0071167764 -0.026819328 0.999615 2.1817627
-0.15940545 0.98680276 0.028020484 -37.67102 -0.987173 -0.15954924 0.0029478725 -133.23303 0.0073888195 -0.027184628 0.99960285 2.2092285
-0.15797234 0.98666257 0.037577495 -37.79944 -0.9873035 -0.15831423 0.0062824003 -134.09204 0.012157729 -0.03611945 0.99927366 2.218872
-0.15808606 0.9863288 0.04552067 -37.915405 -0.98728716 -0.15853073 0.006292059 -134.96082 0.0134366695 -0.043933876 0.99894345 2.236084
-0.15865196 0.9863005 0.043955974 -38.04785 -0.9871353 -0.15923263 0.010012877 -135.79968 0.016881932 -0.04180274 0.998983 2.2543945
-0.15730311 0.98667794 0.04153701 -38.18396 -0.9874028 -0.15786996 0.010727024 -136.67883 0.017128805 -0.039322942 0.9990797 2.2930908
-0.15579593 0.98676676 0.04317605 -38.305664 -0.9875194 -0.15647772 0.012866041 -137.48572 0.019455796 -0.040639758 0.99898446 2.3044434
-0.15357184 0.98751634 0.03461705 -38.446167 -0.98797697 -0.15405788 0.011819882 -138.34253 0.017018631 -0.032401588 0.9993303 2.3323975
-0.15158369 0.9880862 0.028982624 -38.575073 -0.98840487 -0.15193133 0.010189006 -139.18127 0.0144549925 -0.027095512 0.99952817 2.3552246
-0.14879526 0.98868155 0.022345984 -38.70581 -0.98891103 -0.14890732 0.0034303656 -140.01038 0.006712733 -0.0215795 0.9997444 2.3950195
-0.14446355 0.9893273 0.016127834 -38.828003 -0.98943436 -0.14455463 0.004626314 -140.8407 0.0069063334 -0.015285408 0.9998592 2.40625
-0.14017738 0.98996824 0.017599367 -38.9375 -0.9900721 -0.14033103 0.007822842 -141.66724 0.010212887 -0.016336266 0.9998144 2.4385986
-0.13329521 0.99098617 0.016172703 -39.049316 -0.991016 -0.13349773 0.012176503 -142.48901 0.014214012 -0.014398472 0.9997951 2.4471436
-0.12349284 0.992264 0.012380627 -39.16162 -0.99222153 -0.123661995 0.013975178 -143.34985 0.015394572 -0.010552811 0.9998257 2.4544678
-0.114371665 0.9933106 0.012245189 -39.253784 -0.99333555 -0.11448145 0.008663138 -144.15552 0.010012044 -0.01117247 0.9998874 2.4854736
-0.1033535 0.99463594 0.0065351836 -39.334595 -0.99463576 -0.10339224 0.0059149377 -144.94202 0.0065575372 -0.00588663 0.9999611 2.5096436
-0.08802927 0.99607086 0.003403672 -39.42395 -0.996055 -0.08804941 0.006302463 -145.82288 0.006577513 -0.0028346833 0.99997437 2.5443115
-0.07505072 0.9971777 0.003098472 -39.47693 -0.9971484 -0.075073496 0.0080224965 -146.59265 0.008230792 -0.0024854327 0.99996305 2.5549316
-0.061347734 0.9981413 7.814448e-05 -39.52417 -0.9981087 -0.061346408 0.008075059 -147.4043 0.008064371 0.0004154276 0.99996734 2.5795898
-0.046963453 0.99887747 -0.004563866 -39.564575 -0.9988377 -0.046914935 0.010225063 -148.17334 0.010000261 0.005041768 0.99993724 2.590088
-0.032812838 0.99945194 -0.0018415889 -39.5885 -0.99932957 -0.032779705 0.015807921 -149.01477 0.015738327 0.0023610648 0.9998733 2.6177979
-0.019981863 0.99976283 0.0075009675 -39.58435 -0.99945676 -0.020168556 0.025695011 -149.76123 0.025844838 -0.006980317 0.9996416 2.6306152
-0.00662148 0.9998935 0.013165865 -39.57837 -0.99939555 -0.007067442 0.034108415 -150.55493 0.034197055 -0.0129405605 0.99933153 2.6604004
