1.000000000000000000e+00 4.398956837314658088e-19 2.733407509747682871e-20 -8.673617379884035472e-19 -5.583667658079949532e-19 1.000000000000000000e+00 -6.100159232558060012e-19 0.000000000000000000e+00 4.145284534913582806e-20 -2.210423569125054137e-19 1.000000000000000222e+00 0.000000000000000000e+00
9.998995085630377755e-01 2.716236963840181840e-04 1.417388485499699799e-02 -7.556392178390769487e-02 -2.667899469877869846e-04 9.999999056140748133e-01 -3.429220483825298153e-04 -6.069066918392609922e-03 -1.417397690869911554e-02 3.391061537148083943e-04 9.998994866330931375e-01 9.819735256852035743e-03
9.995687141864895153e-01 1.545937129312777766e-03 2.932568364667786226e-02 -9.286126281174626740e-02 -1.538687296521884041e-03 9.999987798299403430e-01 -2.697831671698944114e-04 -1.608740073399424209e-02 -2.932606544031876247e-02 2.245437847851333441e-04 9.995698732152600297e-01 -4.191598096817372721e-02
9.979755299531615220e-01 5.053397214329701827e-03 6.339798735723863043e-02 -7.810201465805570453e-04 -5.122130549256432783e-03 9.999864570630552230e-01 9.216716321791189413e-04 1.007204799447869448e-02 -6.339247228644866172e-02 -1.244538459493759993e-03 9.979878985049388529e-01 4.189463586932458683e-01
9.954392471847420820e-01 4.120639973932607031e-03 9.530858019409803317e-02 3.358273031471670916e-02 -4.421753873549136293e-03 9.999858774900910463e-01 2.948375938868264858e-03 1.358548806740261794e-02 -9.529508664936085782e-02 -3.356360153752602302e-03 9.954434094067082794e-01 5.489989480005281752e-01
9.908815902141318022e-01 1.747038440784958683e-03 1.347242439255570412e-01 1.584565860621574840e-01 -2.413881993178158738e-03 9.999856311846040402e-01 4.786501993326286973e-03 1.578553691880822674e-02 -1.347139482229195162e-01 -5.068065055371384631e-03 9.908715693759682086e-01 8.311294212002817705e-01
9.853093521731518534e-01 -2.677569155408676248e-03 1.707580477747962511e-01 1.738903231701096619e-01 1.697578618489627069e-03 9.999812434345520806e-01 5.884811064153715535e-03 -1.402557739787278768e-02 -1.707706048805006926e-01 -5.508484055643737137e-03 9.852954162993449172e-01 8.412515228006925971e-01
9.765030173513700174e-01 -2.705388290021474695e-03 2.154867454724488096e-01 2.705430809980970963e-01 1.290890945780785119e-03 9.999766902637139410e-01 6.704664466437545642e-03 -5.492460686995062624e-03 -2.154998649794133692e-01 -6.268955046995166105e-03 9.764837473835508153e-01 1.146739356765638096e+00
9.648765224191467871e-01 -2.691392785558420746e-03 2.626900303688854410e-01 3.490062257181363869e-01 9.893467088530212404e-06 9.999478904808829505e-01 1.020863467010383295e-02 3.878090864001287885e-03 -2.627038217030441269e-01 -9.847472845824618154e-03 9.648262694279688967e-01 1.302830018784816746e+00
9.506117690380981866e-01 -6.207222924330695404e-03 3.103203726919815941e-01 5.469438051123317601e-01 1.068723510336094069e-03 9.998595399751420976e-01 1.672597210097299947e-02 2.778796679194060759e-02 -3.103806122819615099e-01 -1.556825909611052848e-02 9.504848794580369464e-01 1.610758199602390084e+00
9.338739285185523320e-01 -1.594541511718061341e-02 3.572467321830113951e-01 6.395111900794541171e-01 7.513779189713596339e-03 9.996597802946913802e-01 2.497732490264887098e-02 -3.975644445565765239e-03 -3.575234697898927450e-01 -2.064139930962839362e-02 9.336760160370016770e-01 1.759976732865680127e+00
9.124860863166061042e-01 -2.158921974942498365e-02 4.085376916972596750e-01 7.979300886900715373e-01 1.023672893303905103e-02 9.994988441454860650e-01 2.995446378073042884e-02 -7.550214512773864572e-03 -4.089796512014298724e-01 -2.315094162418945833e-02 9.122497909943072525e-01 2.026978353690516155e+00
8.880031833902144456e-01 -2.364485212425927046e-02 4.592289888656487240e-01 9.930005114194502269e-01 9.064617848801167013e-03 9.993831614185217926e-01 3.392829708366236485e-02 -6.067689883582139121e-03 -4.597479562107056883e-01 -2.596570031305485762e-02 8.876697596758670317e-01 2.267998286598344126e+00
8.598369905595011353e-01 -2.560178329415790932e-02 5.099263618497337225e-01 1.173977135787070081e+00 7.034843689042009907e-03 9.992412702513123746e-01 3.830658908133559304e-02 2.864098651422852110e-02 -5.105201913538044423e-01 -2.935016979046475155e-02 8.593647104899923006e-01 2.468965961804092668e+00
8.276753856026556333e-01 -3.089828390120870696e-02 5.603559113430554017e-01 1.413607435463820838e+00 8.135073551662513891e-03 9.990388700344560169e-01 4.307153002241609352e-02 2.356206826007707644e-02 -5.611481825349772246e-01 -3.109070839268438316e-02 8.271312410203094379e-01 2.706632813378774038e+00
7.922411774238843352e-01 -3.661706701064755543e-02 6.091084480604699314e-01 1.623925375768872748e+00 1.033613787276570217e-02 9.988599873877912483e-01 4.660353851607736825e-02 2.447230320183754748e-02 -6.101205521753833017e-01 -3.062541299693640959e-02 7.917164906948768177e-01 2.915685522208296021e+00
7.545023948465467978e-01 -4.108134606923719706e-02 6.550102689962361557e-01 1.895999595033161400e+00 1.140280286442757994e-02 9.987088893387827682e-01 4.950283214504199586e-02 3.419063273362203670e-02 -6.561982325670092653e-01 -2.988105204647907229e-02 7.539966903389714314e-01 3.121937530936056415e+00
7.148565094606178505e-01 -4.438104538963408285e-02 6.978613658952219634e-01 2.215011157733855374e+00 1.253840101413801131e-02 9.986369760971499643e-01 5.066535716156282676e-02 4.544250945029379429e-02 -6.991587577679323484e-01 -2.746839425772592755e-02 7.144386093229454504e-01 3.379288771623877086e+00
6.730623683132961332e-01 -4.628611784228030962e-02 7.381359190330407660e-01 2.504345155975977733e+00 1.154010450315575212e-02 9.985754692631985119e-01 5.209470336370335131e-02 5.416732631078962495e-02 -7.394956960861186479e-01 -2.654481827234388830e-02 6.726377158895551212e-01 3.558678844881509651e+00
6.302067050825193029e-01 -4.653067650384376530e-02 7.750318673078325782e-01 2.866270570588898003e+00 7.213850652590663749e-03 9.985104480562304596e-01 5.408184011944219827e-02 8.593529662622449716e-02 -7.763938951072258954e-01 -2.849177359674317025e-02 6.296036437304098898e-01 3.800510630240695242e+00
5.887923226027594881e-01 -4.736133711751910197e-02 8.068955905355281732e-01 3.208588837868436183e+00 4.321071498186891159e-03 9.984520152461009435e-01 5.545179478340512419e-02 1.060006428949055585e-01 -8.082728135781308554e-01 -2.916293694849161205e-02 5.880855316629103324e-01 4.006807977785187269e+00
5.484031150988053493e-01 -4.838433971710907194e-02 8.348131333625297135e-01 3.564984948087340566e+00 2.169313835857219781e-03 9.984035962780213325e-01 5.644070314642332664e-02 1.279904308878067609e-01 -8.362112951764573143e-01 -2.914128515604345881e-02 5.476326019780050069e-01 4.242630713936052622e+00
5.098216160027813082e-01 -5.116216342352708502e-02 8.587574400097334193e-01 3.994933218163516209e+00 1.280661642307346628e-03 9.982740327248247336e-01 5.871384374071958456e-02 1.358092387040783500e-01 -8.602791949090671242e-01 -2.883380836580342818e-02 5.090072007998135417e-01 4.441524464794530225e+00
4.724456164533004099e-01 -5.100904993204719018e-02 8.798824941608188732e-01 4.387531561105099343e+00 -1.671929938488325848e-03 9.982701487544939356e-01 5.877001544023423285e-02 1.625640705632866723e-01 -8.813582462188931377e-01 -2.923673741997850559e-02 4.715430710301405925e-01 4.618718143182356073e+00
4.365230720586872337e-01 -5.022580053964794539e-02 8.982900217240481489e-01 4.850053364002740786e+00 -3.009581834676407740e-03 9.983534378542965326e-01 5.728311710170132937e-02 1.877643014444285163e-01 -8.996880373455627966e-01 -2.770887891375536927e-02 4.356531497820716470e-01 4.815631935956290022e+00
4.030619575780903241e-01 -4.916922701219788444e-02 9.138508803694364024e-01 5.358615508778834524e+00 -1.576946597483754172e-03 9.985168799190272670e-01 5.442015913574707597e-02 2.062899653703542391e-01 -9.151713427614545093e-01 -2.337578918021757796e-02 4.023866297736363729e-01 5.001905623879966178e+00
3.729266644774766881e-01 -4.737349429843344673e-02 9.266506572601391767e-01 5.859285137657979980e+00 1.343322578334980421e-04 9.986985032077502211e-01 5.100276081330688827e-02 2.240281560989659249e-01 -9.278608194494400996e-01 -1.889580961025924197e-02 3.724476641135814892e-01 5.174979273142748859e+00
3.473006795388890455e-01 -4.547348981686220870e-02 9.366506205641904614e-01 6.417291858825097783e+00 1.077371395511641811e-03 9.988422639933202118e-01 4.809335607232199938e-02 2.514555398762529093e-01 -9.377532153754264410e-01 -1.569373383511572101e-02 3.469475875648310725e-01 5.356911440611527020e+00
3.266518551783670343e-01 -4.478482128729189410e-02 9.440830844321260740e-01 6.991818657481505994e+00 2.094685145522526964e-03 9.989085935296432295e-01 4.666084046878909292e-02 2.733908893423626085e-01 -9.451424197994813259e-01 -1.326429243543779390e-02 3.263891540097590416e-01 5.565567762626798753e+00
3.123566666893592969e-01 -4.547475461269694097e-02 9.488758318729906271e-01 7.573991923006087035e+00 3.271564663268819884e-03 9.988991488587324330e-01 4.679516255177258027e-02 3.034040895644873892e-01 -9.499592758022573635e-01 -1.151247147316040650e-02 3.121615807694884115e-01 5.699451094622361325e+00
2.997956550874703585e-01 -4.697113784814776344e-02 9.528464000551898350e-01 8.179605423144733933e+00 4.184394480464621348e-03 9.988423166557965915e-01 4.792199142381260712e-02 3.195321284133956219e-01 -9.539942726217761626e-01 -1.037971870105826137e-02 2.996451310881170782e-01 5.914873036530121198e+00
2.900597662497908513e-01 -4.886107091102895317e-02 9.557603843755609896e-01 8.827148482818861552e+00 3.014590768166745208e-03 9.987374842810001763e-01 5.014329163135741035e-02 3.513450124108319361e-01 -9.570037933542832054e-01 -1.166332413111553258e-02 2.898408560322049965e-01 6.089733072748250819e+00
2.790788117283803937e-01 -5.053444845408251729e-02 9.589375740020603667e-01 9.485811902330349099e+00 1.366960679414561033e-03 9.986342211581330508e-01 5.222857179680111955e-02 3.850875021731906545e-01 -9.602672360368574855e-01 -1.326505691986701839e-02 2.787667290554293187e-01 6.268841707348927095e+00
2.686714405612873335e-01 -5.231161307541620092e-02 9.618103433233362587e-01 1.018732601779362668e+01 7.434117457118915705e-04 9.985351719575050744e-01 5.410136470728747066e-02 4.124986423792476598e-01 -9.632316028839483790e-01 -1.382046960810916908e-02 2.683167708240184468e-01 6.466714116766401510e+00
2.583670321863426600e-01 -5.429458758368520960e-02 9.645198591492448736e-01 1.088862257440188408e+01 -1.415242687380975260e-04 9.984172324196942672e-01 5.624064311193271298e-02 4.468709056804491819e-01 -9.660468276225787632e-01 -1.466723014178220735e-02 2.579504118740944540e-01 6.672572333473745232e+00
2.482475434839173656e-01 -5.591399535476306720e-02 9.670815717573950643e-01 1.163080013693214099e+01 -4.901468461673762992e-04 9.983253835869443371e-01 5.784624620501722936e-02 4.738198390596959353e-01 -9.686965125856966674e-01 -1.483419962438439939e-02 2.478044166530664338e-01 6.857937939975291108e+00
2.377333328033016113e-01 -5.712167869899585637e-02 9.696494007377138846e-01 1.238855236769117951e+01 -1.167352325751470476e-03 9.982518086167799787e-01 5.909284084759743733e-02 5.026917084316097073e-01 -9.713297670838125786e-01 -1.518025960326220558e-02 2.372510469598739236e-01 7.046060668839750463e+00
2.275606129135467059e-01 -6.007329809505572438e-02 9.719091265491074383e-01 1.312433334879584912e+01 -2.446142020698263090e-03 9.980568287611261136e-01 6.226221091598443946e-02 5.357630871469077904e-01 -9.737608538899573674e-01 -1.654585375994694144e-02 2.269714744987871569e-01 7.213270911486951320e+00
2.157207107639655397e-01 -6.360571232282649645e-02 9.743812765899338979e-01 1.390585939181445951e+01 -4.412797925604289816e-03 9.978024796376488981e-01 6.611156326447137355e-02 5.834190420196796456e-01 -9.764451438590284749e-01 -1.856138023333735176e-02 2.149659795932294393e-01 7.356456110156985417e+00
2.040473443113229035e-01 -6.755199244110640655e-02 9.766275612350426849e-01 1.471536630418092528e+01 -4.052509673328912737e-03 9.975495661176615458e-01 6.984583202691274639e-02 6.229647132278774979e-01 -9.789526420202917523e-01 -1.820964830604877849e-02 2.032735833185623231e-01 7.555678510305024353e+00
1.910510429560304535e-01 -6.994459988624088242e-02 9.790848970319374622e-01 1.548411223003777337e+01 -5.332255265472258914e-03 9.973693064606544700e-01 7.229131019911712308e-02 6.661099710992559597e-01 -9.815656284652631847e-01 -1.903205994044186722e-02 1.901754823835510311e-01 7.694089875561784808e+00
1.771715027250998220e-01 -7.065299841250026469e-02 9.816406654137355137e-01 1.629707305167496045e+01 -6.111469407709377993e-03 9.973216515498095625e-01 7.288465708554303646e-02 6.998214266385253124e-01 -9.841610262446836010e-01 -1.891235024473099727e-02 1.762651806963752843e-01 7.838674762776141947e+00
1.631722500995947955e-01 -6.975353162356850989e-02 9.841286730277221118e-01 1.713262403746529117e+01 -7.526138225182113332e-03 9.973805181688358834e-01 7.194066424217665512e-02 7.430250702719136680e-01 -9.865688983135357804e-01 -1.914540760893105112e-02 1.622198472602807695e-01 7.990320983781453279e+00
1.459210513668852127e-01 -6.879116535027916812e-02 9.869016190432016167e-01 1.787518362297265284e+01 -8.756473660018606470e-03 9.974505921740565162e-01 7.082118535874677712e-02 7.803109581580384146e-01 -9.892574933174472784e-01 -1.897607897989001327e-02 1.449466696910241548e-01 8.101768433286602900e+00
1.255963957121998820e-01 -6.743179606780590196e-02 9.897870889577595754e-01 1.871289399240829354e+01 -1.125589618108988228e-02 9.975262915517613127e-01 6.938733620803093360e-02 8.188232088384886920e-01 -9.920175741389763990e-01 -1.985573917593118701e-02 1.245267001690875258e-01 8.176956547862502589e+00
1.002829986981823018e-01 -6.586856368775304005e-02 9.927762263242909668e-01 1.955490200525798272e+01 -1.583980109041626533e-02 9.975740750861039619e-01 6.778691164841116334e-02 8.625001966169403289e-01 -9.948328694572107223e-01 -2.252325187062048303e-02 9.899637334018430990e-02 8.272216592292494397e+00
7.027048676754951706e-02 -6.570647378746087564e-02 9.953615930518243671e-01 2.033629053729852032e+01 -1.960956588927619676e-02 9.975444473204144735e-01 6.723496506768641967e-02 9.041643203428668674e-01 -9.973352199441002375e-01 -2.424324162190198348e-02 6.880945706884471214e-02 8.320127530905820024e+00
3.813216625676710270e-02 -6.533851428651428483e-02 9.971342934974275485e-01 2.121294546477671972e+01 -2.278595848865177381e-02 9.975437319782657353e-01 6.623671849179356419e-02 9.431039315523052080e-01 -9.990128904743730276e-01 -2.524640934179896504e-02 3.654970136998653141e-02 8.344624807846027892e+00
3.088706488091981853e-03 -6.463025603461822199e-02 9.979044907399923225e-01 2.208151088982164723e+01 -2.424340706530289657e-02 9.976111169327814832e-01 6.468629361221474305e-02 9.748561327053548720e-01 -9.997013226082778203e-01 -2.439240090511594558e-02 1.514468930441883630e-03 8.360254453499273097e+00
-3.153357300858446871e-02 -6.358616071794760682e-02 9.974780281506930857e-01 2.293730704686712230e+01 -2.568696329309314019e-02 9.976962684264143455e-01 6.278802342718055318e-02 1.009138914425326661e+00 -9.991725731545961775e-01 -2.364224991368759146e-02 -3.309426488997421062e-02 8.318373235562740220e+00
-6.442614599955175103e-02 -6.164460005925666286e-02 9.960166653738878884e-01 2.374873896187790123e+01 -2.818829995162336344e-02 9.978043821265930591e-01 5.993191775123137000e-02 1.041254251903875216e+00 -9.975242897354680283e-01 -2.421483318169533050e-02 -6.602234866965243920e-02 8.260595689077250725e+00
-9.684503468037293505e-02 -5.863791362715454342e-02 9.935706402108127611e-01 2.455971170048021790e+01 -2.961539572877896001e-02 9.979907671660741553e-01 5.601211481447423285e-02 1.081377701920886558e+00 -9.948587762161261727e-01 -2.400049163618775752e-02 -9.838703686141826721e-02 8.168318699134610839e+00
-1.282327442047640764e-01 -5.421197492686305464e-02 9.902612826447236838e-01 2.537976739840712526e+01 -2.747771100973609576e-02 9.983157339841900457e-01 5.109472279472273420e-02 1.103206233304605988e+00 -9.913633822006765461e-01 -2.065809594618471523e-02 -1.295063885157343442e-01 8.023680548392022160e+00
-1.596855895176839402e-01 -4.893859375232618991e-02 9.859541112370050486e-01 2.624701432529417033e+01 -2.272244198968016715e-02 9.986880150272074985e-01 4.589051412618105896e-02 1.119616594777939955e+00 -9.869063885643791778e-01 -1.507523036465860736e-02 -1.605880901602813327e-01 7.895810979143448094e+00
-1.905254926064257059e-01 -4.270806219204498211e-02 9.807527930893771284e-01 2.709493122870478032e+01 -1.689686697098211413e-02 9.990478786850749415e-01 4.022228226610901486e-02 1.139538180992951011e+00 -9.815368301720699407e-01 -8.908278352262728045e-03 -1.910657230419711139e-01 7.720339260402396597e+00
-2.195445436355629720e-01 -3.712329061784883089e-02 9.748959113043061953e-01 2.787725885541163251e+01 -1.107140102117810249e-02 9.993062301930222269e-01 3.555956100201441983e-02 1.151324820203864618e+00 -9.755396627633845519e-01 -2.986554966400586930e-03 -2.198032384629931557e-01 7.546454112204567188e+00
-2.475329305227996490e-01 -3.037805990999642089e-02 9.684031212222768970e-01 2.868779753579991976e+01 -2.158591566269849223e-03 9.995231590493719454e-01 3.080251605230298687e-02 1.175767154141366788e+00 -9.688770844167097218e-01 5.534251355517017315e-03 -2.474804718664140868e-01 7.315220809386968170e+00
-2.748595263441439007e-01 -2.032644973152303650e-02 9.612695042696987047e-01 2.949273648971982453e+01 3.883112653591766408e-03 9.997448893006813941e-01 2.225034240448941700e-02 1.181565872066455247e+00 -9.614765612571056774e-01 9.848437478303067108e-03 -2.747104781927529049e-01 7.078012641333675248e+00
-3.000574959553834464e-01 -5.107254931678850696e-03 9.539074372854831063e-01 3.029190115541361905e+01 8.580622801160377178e-03 9.999307606219696165e-01 8.052754612021685576e-03 1.169874449306296027e+00 -9.538825333237855864e-01 1.060141041135078364e-02 -2.999928980726876970e-01 6.829064385013064786e+00
-3.248036093615733755e-01 1.151346656598283523e-02 9.457113933540107764e-01 3.106632371898133371e+01 8.874801429092618946e-03 9.999189794846191637e-01 -9.125368556486062113e-03 1.138058101610527340e+00 -9.457398523348421460e-01 5.429049237577457734e-03 -3.248794746648855924e-01 6.542158930088210589e+00
-3.497351970846533376e-01 2.613241085511343320e-02 9.364840486543902776e-01 3.186307042676330425e+01 7.616541773076388605e-03 9.996571639990307068e-01 -2.505080322963923120e-02 1.101210611368553360e+00 -9.368176423090881499e-01 -1.628376752806253271e-03 -3.498143351849919425e-01 6.228444318469187557e+00
-3.733737377176328254e-01 3.680077722515229244e-02 9.269507750803088753e-01 3.262714249918236931e+01 1.174488214235899775e-02 9.993202878241431719e-01 -3.494309747983365827e-02 1.069234561895491931e+00 -9.276066645562979218e-01 -2.159906351382058932e-03 -3.735521731388374289e-01 5.884085976246298699e+00
-3.978903476837667985e-01 4.180251592672774852e-02 9.164801175340930861e-01 3.341580112064360009e+01 1.562537918856020391e-02 9.991252727217425633e-01 -3.878836037380105350e-02 1.019427979649488725e+00 -9.172999143081105311e-01 -1.113163883815588553e-03 -3.981954835968290474e-01 5.597188204368544362e+00
-4.210698833120110618e-01 4.105178828842107747e-02 9.060987194035862169e-01 3.415969088738217607e+01 1.793990645441785603e-02 9.991567715126453697e-01 -3.693109341162990195e-02 9.750762965342120170e-01 -9.068507742800976379e-01 7.047560373184153524e-04 -4.214512917098316436e-01 5.269765515342520246e+00
-4.402586703931465340e-01 3.782353290780843952e-02 8.970739484710468226e-01 3.490251121679222734e+01 2.195041653942522361e-02 9.992671063365649031e-01 -3.135967741238002843e-02 9.425827733885642212e-01 -8.976026379945674094e-01 5.884777963606140083e-03 -4.407662511697059693e-01 4.838129467679578077e+00
-4.584759009748784475e-01 3.637968398201846254e-02 8.879619094352294573e-01 3.563182369255571302e+01 2.903932327886361853e-02 9.992414971137617563e-01 -2.594509781672861212e-02 9.145454179153215124e-01 -8.882322776134664588e-01 1.389061192739142470e-02 -4.591845883359942371e-01 4.412496612546828345e+00
-4.723718012996700466e-01 3.716200542304364668e-02 8.806156100664074282e-01 3.634724396620740094e+01 3.287666337686562940e-02 9.991583696441244111e-01 -2.452911172035034462e-02 8.686659863447495633e-01 -8.807860234838107427e-01 1.736484339229178026e-02 -4.731960028363084159e-01 4.021678880766310193e+00
-4.833571046346872291e-01 4.017112312895755599e-02 8.745011014549680661e-01 3.702186662641130965e+01 3.524901553701807744e-02 9.990295776936368721e-01 -2.640851642386252487e-02 8.086123149772148633e-01 -8.747133410033441914e-01 1.806055997915568048e-02 -4.843040378946056879e-01 3.608464199290895902e+00
-4.936717350662027104e-01 4.310944135899141827e-02 8.685791733709764539e-01 3.773397548538758173e+01 3.695826964990460428e-02 9.989082650010342457e-01 -2.857209052396522675e-02 7.720311569740339053e-01 -8.688626570067640165e-01 1.799595089448068064e-02 -4.947260279380709114e-01 3.254738606491025088e+00
-5.049316924587763378e-01 4.241018030841220421e-02 8.621167839067476191e-01 3.841939894343755668e+01 3.073207475655232238e-02 9.990422573841245546e-01 -3.114654859107881396e-02 7.102258462559074559e-01 -8.626120436080273457e-01 1.076775898318655354e-02 -5.057514519059010949e-01 2.886975193685206165e+00
-5.155043782005696018e-01 4.116008254437771713e-02 8.558978153817434764e-01 3.910755856133090447e+01 2.917538091959304830e-02 9.991096425236833944e-01 -3.047489645580908277e-02 7.014499398653333273e-01 -8.563901244508473898e-01 9.261203251846096898e-03 -5.162462573167361235e-01 2.434292897879349660e+00
-5.241196517960428070e-01 4.260809716904600392e-02 8.505781137101345868e-01 3.980630039978862555e+01 3.141031875301707882e-02 9.990352931176893492e-01 -3.068998089728085243e-02 6.559596642954822476e-01 -8.510652115813192031e-01 1.063170859004067270e-02 -5.249523650734901903e-01 2.007354058274276820e+00
-5.316024174621910570e-01 4.550858143533085404e-02 8.457705514894174881e-01 4.048877340791924695e+01 3.509705459326796506e-02 9.988814373296596161e-01 -3.168707714691923472e-02 6.047618368294140900e-01 -8.462665527155578404e-01 1.283912943556492041e-02 -5.326050052023951764e-01 1.579547043349605051e+00
-5.350086265554092613e-01 4.883198660902131338e-02 8.434341667636152673e-01 4.117961830358239439e+01 3.574473578486889874e-02 9.987425996717766985e-01 -3.515015509378346253e-02 5.724571724145016693e-01 -8.440900988911697045e-01 1.134269625538804858e-02 -5.360813941817463846e-01 1.125966890468836468e+00
-5.351550739775811083e-01 4.999519306125763812e-02 8.432730960611862780e-01 4.188401227493692858e+01 3.506116751512941554e-02 9.987015048860854449e-01 -3.695968897770087608e-02 5.205019167379887346e-01 -8.440259314725233608e-01 9.786975190214673714e-03 -5.362130687573555266e-01 7.028895979109321956e-01
-5.318831847353659992e-01 5.078344401144520986e-02 8.452936215463002778e-01 4.261410537178078783e+01 3.722949907110798679e-02 9.986373665287789914e-01 -3.657013135501302470e-02 4.794962541965874792e-01 -8.459989680391498679e-01 1.201882118558271484e-02 -5.330490662793647694e-01 2.240598818903040135e-01
-5.258462727127319880e-01 4.982967073727838370e-02 8.491187716077361891e-01 4.336016322385553678e+01 3.596040004788753769e-02 9.986923622554544355e-01 -3.633751695879769428e-02 4.407319043031556749e-01 -8.498191330799546028e-01 1.142670387959819622e-02 -5.269505523705991790e-01 -2.108935799902321995e-01
-5.191946462044856325e-01 4.854081496967593834e-02 8.532764472459547500e-01 4.411680275337754864e+01 3.383160438643959683e-02 9.987705750555047057e-01 -3.623204229042450292e-02 3.972791459120232904e-01 -8.539861555510982472e-01 1.005622982554415200e-02 -5.201985502076609258e-01 -6.454770861818475147e-01
-5.127128593885920127e-01 4.801365766592899376e-02 8.572165415883756800e-01 4.491067753415909891e+01 3.224992821007128391e-02 9.988074580640380340e-01 -3.665520138586798871e-02 3.546211619107669799e-01 -8.579542400662047985e-01 8.851579813277695233e-03 -5.136498660245818471e-01 -1.092884231891151581e+00
-5.057473086549145735e-01 4.636574371295069941e-02 8.614347706907925506e-01 4.568029813495455471e+01 2.918707415307166333e-02 9.989026098641989870e-01 -3.662909575340303481e-02 3.012945858290301815e-01 -8.621877908692580084e-01 6.617694918825388524e-03 -5.065455881618859957e-01 -1.567695495428719221e+00
-5.008955348249651829e-01 4.436059313885089284e-02 8.643701680653096409e-01 4.652410268000651428e+01 2.511130504492975479e-02 9.990100901900159647e-01 -3.671868747940666006e-02 2.565874687542775701e-01 -8.651433972930900884e-01 3.313237316596796215e-03 -5.015136470261316592e-01 -2.042220769536945202e+00
-4.993744305320757526e-01 4.162735228405069210e-02 8.653856528250986058e-01 4.734044118111135191e+01 2.037517194431720871e-02 9.991330827253187552e-01 -3.630337907445355117e-02 2.216177698858967093e-01 -8.661466635981786011e-01 -4.965968519351903355e-04 -4.997896798916439676e-01 -2.502897296016166617e+00
-5.001472798845175705e-01 3.901394261709313638e-02 8.650610366658364470e-01 4.818433762295855871e+01 1.751304384411392703e-02 9.992359610686605276e-01 -3.493976771360696870e-02 1.710221416101911085e-01 -8.657632494353042496e-01 -2.325177008736036086e-03 -5.004484019975904419e-01 -2.976779271720656261e+00
-5.009276880218197503e-01 3.786981736750121008e-02 8.646602308240565193e-01 4.903026413784628090e+01 1.609731330509418454e-02 9.992771220598742898e-01 -3.443994483145772223e-02 1.285716413884227527e-01 -8.653394364170762243e-01 -3.333214400705878776e-03 -5.011751819795073892e-01 -3.449919137973415761e+00
-5.012008424934337736e-01 3.709392237576690510e-02 8.645355648399311033e-01 4.990314403959278877e+01 1.606733759726139757e-02 9.993074872016877164e-01 -3.356168430692697824e-02 7.369379774348969181e-02 -8.651818123854844167e-01 -2.930358759589289999e-03 -5.014497562868375224e-01 -3.975143662389243104e+00
-5.013425772225210686e-01 3.647326534866641989e-02 8.644797901897925962e-01 5.079828082607384232e+01 1.590047648954023840e-02 9.993307919435305831e-01 -3.294151013220320695e-02 3.034034564780541815e-02 -8.651027727646950494e-01 -2.769340100406711500e-03 -5.015870182465602678e-01 -4.472479580044524283e+00
-5.013887934533235446e-01 3.594597577369276764e-02 8.644750725689019921e-01 5.168820698117580292e+01 1.640696813806901549e-02 9.993519657292423419e-01 -3.203841378762001951e-02 -8.281561061793341061e-03 -8.650665301167699273e-01 -1.880285745544891000e-03 -5.016536420289671172e-01 -4.981889704806068409e+00
-5.017395719710929791e-01 3.530788087679921639e-02 8.642978317334175653e-01 5.254726945967428975e+01 1.559160399413992218e-02 9.993734378367369331e-01 -3.177473211719881313e-02 -7.470684472156256806e-02 -8.648782088422826142e-01 -2.466850055883893032e-03 -5.019757086532051771e-01 -5.481622629347401521e+00
-5.017514756133045761e-01 3.391344602238175604e-02 8.643467599116808620e-01 5.344667506673755497e+01 1.432418744100253175e-02 9.994198972493357758e-01 -3.089800331024821628e-02 -1.152983459718739806e-01 -8.648932227174808141e-01 -3.122052845736362613e-03 -5.019461919768481994e-01 -5.968342932501993658e+00
-5.023756951896174439e-01 3.314072903453657570e-02 8.640140852105292479e-01 5.435120624294265923e+01 1.377016846987676874e-02 9.994451181622132641e-01 -3.032883471948611548e-02 -1.689642374896005994e-01 -8.645397941454427970e-01 -3.338849008820504293e-03 -5.025532906791684296e-01 -6.476942345996048900e+00
-5.014918568237927143e-01 3.231253306603088654e-02 8.645587338121180077e-01 5.527415428377431539e+01 1.234108898942588677e-02 9.994678022049797717e-01 -3.019618939472890756e-02 -2.236366865891604716e-01 -8.650743479019443738e-01 -4.473545923475912706e-03 -5.016237370265740347e-01 -7.014998949904159176e+00
-4.996832332250666364e-01 3.099543493475205233e-02 8.656534733250347280e-01 5.619525784212212471e+01 1.180469684761040368e-02 9.995104514646196980e-01 -2.897423894642681130e-02 -2.800771194725635849e-01 -8.661277780648981572e-01 -4.259163671091387160e-03 -4.998045069617155778e-01 -7.560398167120485624e+00
-4.980853662512355617e-01 2.884060543365440932e-02 8.666482411036811051e-01 5.709065440532580027e+01 1.246351523168970701e-02 9.995816040178345796e-01 -2.610129640808373994e-02 -3.343193505375304797e-01 -8.670384311621190943e-01 -2.199189308197120000e-03 -4.982364258801504353e-01 -8.046811991371459527e+00
-4.962080184514844894e-01 2.764962162196063500e-02 8.677632668070889288e-01 5.794462896821021047e+01 1.311043262365114634e-02 9.996174254799048420e-01 -2.435403887891966074e-02 -3.805873117642176728e-01 -8.681046776809455690e-01 -7.079165959657043612e-04 -4.963806816296231772e-01 -8.510876750300351290e+00
-4.939357190180506674e-01 2.665455331693319940e-02 8.690897690102198370e-01 5.881613320333238448e+01 1.254006882283272874e-02 9.996444416390809495e-01 -2.353161599924201083e-02 -4.359045137329824460e-01 -8.694079966415890759e-01 -7.246592154416440189e-04 -4.940943471995125624e-01 -9.014960153115060493e+00
-4.914581550825700140e-01 2.714913482913936318e-02 8.704779104456210614e-01 5.973480649071613868e+01 1.347068752384549331e-02 9.996313843369428742e-01 -2.357193250889933964e-02 -4.721285331155697929e-01 -8.707970113039696924e-01 1.413184102986134215e-04 -4.916427146458199338e-01 -9.555799606251962786e+00
-4.901558858630665760e-01 2.737515634739653286e-02 8.712047948908577810e-01 6.060407129903060053e+01 1.326362299382105592e-02 9.996252134632597208e-01 -2.394804563685488594e-02 -5.212873103104342931e-01 -8.715338756456064706e-01 -1.829426317453235998e-04 -4.903352770154877360e-01 -1.003307372931637076e+01
-4.911452501294301110e-01 2.889367352140465028e-02 8.705983489507490569e-01 6.150482774590795287e+01 1.267472769013037667e-02 9.995809641165527282e-01 -2.602397799051479194e-02 -5.706084975082792443e-01 -8.709854804044546706e-01 -1.746955252702037803e-03 -4.913056633148933927e-01 -1.052148851718023437e+01
-4.932052644210332959e-01 3.057556974862491242e-02 8.693754585952271352e-01 6.237821236650967194e+01 1.145187606716113575e-02 9.995237287827217765e-01 -2.865606589763515163e-02 -6.211093452905960266e-01 -8.698375906850368544e-01 -4.177341648635549999e-03 -4.933205138085808850e-01 -1.101329089474176115e+01
-4.976015305947245615e-01 3.095915271361198567e-02 8.668530636799763878e-01 6.329756264578079339e+01 1.019676706951421624e-02 9.995025756115910598e-01 -2.984337894365701391e-02 -6.700057239514521923e-01 -8.673458105625715397e-01 -6.011011383604583126e-03 -4.976696959467560299e-01 -1.151581990583920323e+01
-5.034861822519601793e-01 2.956331044567014552e-02 8.634973430479703227e-01 6.418706310795259640e+01 1.018874245126238053e-02 9.995481018722660593e-01 -2.828040931462600174e-02 -7.110518038756125092e-01 -8.639432076884890899e-01 -5.440842395944027986e-03 -5.035598719603172624e-01 -1.205075594922838000e+01
-5.084607004137482456e-01 2.792416825695176116e-02 8.606322928738721068e-01 6.508071285307958931e+01 1.360681911980993197e-02 9.996098040455939637e-01 -2.439455072143771608e-02 -7.674695726881353153e-01 -8.609776900796670684e-01 -6.932014789815842733e-04 -5.086422614233315764e-01 -1.253620443089682013e+01
-5.138613434806968971e-01 2.556838348785895818e-02 8.574921364689667147e-01 6.590949348271432484e+01 1.044464433450183541e-02 9.996681297408376299e-01 -2.354866803575882822e-02 -8.171917934973843556e-01 -8.578096765553320235e-01 -3.144548902909549259e-03 -5.139578620617405447e-01 -1.308201540847682409e+01
-5.187815414507130907e-01 2.767641365747505744e-02 8.544587264042358132e-01 6.673627384948632368e+01 1.141312854563457553e-02 9.996109805348792898e-01 -2.544853767581926884e-02 -8.691423674225122742e-01 -8.548306643802209281e-01 -3.450183422193309722e-03 -5.188956010021841259e-01 -1.355628582404776239e+01
-5.240269579536490641e-01 3.007621777509582317e-02 8.511704619568003505e-01 6.755419576278870863e+01 1.213737192023447292e-02 9.995385248229476938e-01 -2.784639248876701750e-02 -9.058479942596824319e-01 -8.516151968224192625e-01 -4.261286993609921317e-03 -5.241501799596234301e-01 -1.407368336654744745e+01
-5.293755767984137384e-01 3.044457521926945825e-02 8.478411487236773292e-01 6.839083285150377378e+01 1.096341154962886082e-02 9.995179593969335530e-01 -2.904569552946659888e-02 -9.532180018575712177e-01 -8.483167534091901052e-01 -6.080849513757920037e-03 -5.294541738770746075e-01 -1.455169027630922685e+01
-5.329314272845471212e-01 3.063452388941547908e-02 8.456036936779938173e-01 6.924363538564561793e+01 9.828282725110798479e-03 9.995011050231114025e-01 -3.001576080127947577e-02 -1.001012719964498476e+00 -8.461013594261554971e-01 -7.685509218058637210e-03 -5.329666364245571053e-01 -1.509785995673498427e+01
-5.362216143391586032e-01 2.921833242256036481e-02 8.435713700844114094e-01 7.004886871641180335e+01 9.225971867081640340e-03 9.995438795138126276e-01 -2.875611850176231984e-02 -1.067156106123813730e+00 -8.440268203367526922e-01 -7.636885705063967654e-03 -5.362466013758182548e-01 -1.562708988993956538e+01
-5.388683453318923178e-01 2.327565706616886720e-02 8.420683685350200953e-01 7.088422854429886399e+01 1.139762460163527315e-02 9.997281562172561920e-01 -2.033980825884735763e-02 -1.108993430609547248e+00 -8.423128944684100672e-01 -1.362898754977448154e-03 -5.389871457087715978e-01 -1.616537870136775723e+01
-5.405991528648713684e-01 1.553695745435301236e-02 8.411368176442081124e-01 7.170590065975618188e+01 1.223263170694754466e-02 9.998689181451481112e-01 -1.060703673847196958e-02 -1.137187458735968271e+00 -8.411913755166554596e-01 4.555162801517227342e-03 -5.407183491864037128e-01 -1.669224517017002540e+01
-5.424954096213535637e-01 1.342403475241112087e-02 8.399514944236248226e-01 7.249857542615038142e+01 1.335993938368735222e-02 9.998837281587852344e-01 -7.351337333825793720e-03 -1.160490263759945018e+00 -8.399525308737559870e-01 7.233635289060134747e-03 -5.426116781528758093e-01 -1.717639017183766725e+01
-5.437542228184139015e-01 1.707432232821077048e-02 8.390707955023097853e-01 7.330820757127114007e+01 1.182255873419332109e-02 9.998496540592088921e-01 -1.268449300910066795e-02 -1.208942087403183541e+00 -8.391612382680171400e-01 3.022718078597409156e-03 -5.438743349368138080e-01 -1.770636010947544392e+01
-5.447253367210048713e-01 2.195663136896237183e-02 8.383270251383954097e-01 7.409084678943126789e+01 1.186146567200329661e-02 9.997589167686367073e-01 -1.847739032857786956e-02 -1.264081839776562965e+00 -8.385306343161553766e-01 -1.213145160480559424e-04 -5.448544515852090653e-01 -1.821435000208783705e+01
-5.454262633418522910e-01 2.775425663832883222e-02 8.376991582424264671e-01 7.490862577348347884e+01 1.898086863068894348e-02 9.996042968512308668e-01 -2.075996893664770054e-02 -1.286388157096650442e+00 -8.379438700648409455e-01 4.577226350895714606e-03 -5.457372375304334611e-01 -1.873797673441962530e+01
-5.453417429977877040e-01 2.904797535444191003e-02 8.377103232602888250e-01 7.567248112150740269e+01 2.283744700585722126e-02 9.995432470147873616e-01 -1.979263305663563413e-02 -1.317646264727964311e+00 -8.379026470004379279e-01 8.337417098169189536e-03 -5.457560393059817105e-01 -1.923334032823211004e+01
-5.447404309683325785e-01 2.592648458443424717e-02 8.382038340852512315e-01 7.646516998997836367e+01 2.223076010597915819e-02 9.996171664410539170e-01 -1.647160662531020267e-02 -1.356603506037740825e+00 -8.383100069057004555e-01 9.661159272397400535e-03 -5.451082526895386637e-01 -1.976114757664327115e+01
-5.438265403605279102e-01 2.116247623556647209e-02 8.389307663842092699e-01 7.728265458759202033e+01 2.048072894847460107e-02 9.997189239380572801e-01 -1.194206130655004958e-02 -1.378145631622512246e+00 -8.389477011509911542e-01 1.068750476975844493e-02 -5.441071078583394893e-01 -2.031456564657931452e+01
-5.429905250849245135e-01 1.561786972134941373e-02 8.395935677329419144e-01 7.809880315032630449e+01 1.897484998605506595e-02 9.997999460237744218e-01 -6.326370798383218474e-03 -1.414860251148535752e+00 -8.395244226822302647e-01 1.249600363827407801e-02 -5.431782455873594984e-01 -2.080499128427646838e+01
-5.425767640049101725e-01 8.723452326619533098e-03 8.399609179549970550e-01 7.888268975507527614e+01 9.601497560051536900e-03 9.999451560301806374e-01 -4.182841142992301670e-03 -1.452005899084314544e+00 -8.399513545271376502e-01 5.795371279162850504e-03 -5.426307663280638405e-01 -2.132078039551111459e+01
-5.416016390658447976e-01 3.212715168624239673e-03 8.406291275883431835e-01 7.964693942360786139e+01 1.027924248987952807e-03 9.999944804389885311e-01 -3.159503437367098839e-03 -1.468741259229338070e+00 -8.406346528238273219e-01 -8.470882457184248466e-04 -5.416019532711172646e-01 -2.180230980508148519e+01
-5.393052200561319065e-01 3.871615078792012537e-03 8.421014649693814302e-01 8.053005193472959888e+01 4.272640868035128443e-03 9.999891401858216344e-01 -1.861193978273534581e-03 -1.490853447223719597e+00 -8.420995403134610147e-01 2.594246468460607684e-03 -5.393159065054915491e-01 -2.232130929980292677e+01
-5.366092958315478167e-01 7.316241484243394752e-03 8.437991012552876757e-01 8.132430358029247941e+01 1.011021757178439881e-02 9.999463801734630453e-01 -2.240593929215163940e-03 -1.506629132286253281e+00 -8.437702642356573746e-01 7.328669974542111401e-03 -5.366544929133280073e-01 -2.283709472297444165e+01
-5.314610323826859384e-01 1.035301749124062365e-02 8.470194643810874391e-01 8.208873300732130929e+01 1.055941260904277867e-02 9.999285863316266232e-01 -5.596518950273689577e-03 -1.546556184035900561e+00 -8.470169311430205683e-01 5.969697265645146876e-03 -5.315324017748828123e-01 -2.331214234536619756e+01
-5.232148550777119267e-01 1.225328178226600326e-02 8.521127034152486956e-01 8.289392441195511196e+01 1.599743057669980595e-02 9.998616568779212788e-01 -4.555139232495925873e-03 -1.560210678941197360e+00 -8.520506496500616089e-01 1.124829834640499703e-02 -5.233384941240254440e-01 -2.380561959018540819e+01
-5.149652899470769096e-01 1.433379958424870620e-02 8.570911731018847624e-01 8.370062931532027051e+01 2.263927129435277380e-02 9.997388395036647113e-01 -3.117073286801525390e-03 -1.594416413742239857e+00 -8.569120291010712265e-01 1.779873614867583109e-02 -5.151553093395069283e-01 -2.431005783445264612e+01
-5.051568298382305144e-01 1.468271101662768467e-02 8.629026490685177686e-01 8.446599763370080893e+01 2.264598625242422031e-02 9.997364998364467459e-01 -3.753686752746773769e-03 -1.600007630863751418e+00 -8.627304033293792251e-01 1.764508213620895674e-02 -5.053562266166770067e-01 -2.474394859014135406e+01
-4.942545648227946731e-01 1.179166469137308756e-02 8.692372335082809709e-01 8.533604184853801655e+01 1.832367081469932907e-02 9.998271635530426860e-01 -3.144213521314702647e-03 -1.638743226083577254e+00 -8.691240882051097794e-01 1.437357612617784497e-02 -4.943852074245072559e-01 -2.522001968435105468e+01
-4.829671245696768866e-01 8.421479468084157316e-03 8.755979793290731283e-01 8.610643856975934796e+01 1.953058292630564796e-02 9.998085909066730670e-01 1.156653151431712547e-03 -1.654935783116161296e+00 -8.754206563551311104e-01 1.765956551444019043e-02 -4.830391579045773542e-01 -2.566345687640815498e+01
-4.720286894307696990e-01 7.497478448456550669e-03 8.815512975065896706e-01 8.693893701577377442e+01 1.950975676731945760e-02 9.998077779741519899e-01 1.943311574457417916e-03 -1.672959572887836810e+00 -8.813672892691909455e-01 1.811615133948635270e-02 -4.720842303402548179e-01 -2.608491963306159889e+01
-4.597354364266260096e-01 6.636132023161623976e-03 8.880311233406156246e-01 8.776529978654248509e+01 1.916108530388769410e-02 9.998134119753150362e-01 2.448266996107925034e-03 -1.694274927156366628e+00 -8.878491957322671713e-01 1.814119633989044050e-02 -4.597768120400277936e-01 -2.649347936056112829e+01
-4.476200392321636468e-01 7.980136884226414831e-03 8.941882371688241182e-01 8.858139564723063586e+01 2.252806078846702684e-02 9.997434370054772979e-01 2.355122833421600687e-03 -1.706582842924856402e+00 -8.939400428502215501e-01 2.119852830698461948e-02 -4.476849747608281360e-01 -2.688150366406984304e+01
