7.776272682540509296e-01 -6.283792517223953933e-01 2.086498676123168736e-02 -6.596652791126788884e+01 6.274488124096406771e-01 7.777345358944292020e-01 3.790751222130913506e-02 2.569164049283645923e+01 -4.004771495947370696e-02 -1.638620401068598131e-02 9.990633978104920265e-01 -9.283613245267310354e-01 -4.809208017785018303e-24 -1.416202385148814181e-23 -3.430527606006730092e-24 9.999999999999997780e-01
7.496560200141495489e-01 -6.612841411511188872e-01 2.681671714758278313e-02 -6.556994891610138154e+01 6.606236307493856819e-01 7.501206858893533225e-01 2.992281899129695111e-02 2.607592720532773356e+01 -3.990325991752568385e-02 -4.716064345804039763e-03 9.991924181983373732e-01 -9.482257877759998621e-01 -4.809208017785018303e-24 -1.416202385148814181e-23 -3.430527606006730092e-24 9.999999999999997780e-01
7.212046812282558728e-01 -6.926403201502947526e-01 1.063929868689003112e-02 -6.521085786597060974e+01 6.923583928071629368e-01 7.212386548830103106e-01 2.132272524865559335e-02 2.647931632297594007e+01 -2.244245271653659210e-02 -8.011841526423785220e-03 9.997160330370933323e-01 -9.512189793401577553e-01 4.449840969154285613e-19 2.182800116431148820e-18 -5.378858507268936492e-20 9.999999999999998890e-01
6.910062853559142404e-01 -7.226869585191085799e-01 -1.529292597977714545e-02 -6.487031745825628093e+01 7.228319620570010651e-01 6.909797617688658855e-01 7.805347825026350862e-03 2.689668973864498369e+01 4.926279270403438777e-03 -1.644776009803706335e-02 9.998525906153911125e-01 -9.543426596050972321e-01 8.475681601478493761e-19 4.552787472591221300e-18 -9.366032382384871842e-20 9.999999999999998890e-01
6.562599142722126411e-01 -7.539639953856540622e-01 -2.934652588521085084e-02 -6.453494963816247321e+01 7.539856423959798715e-01 6.567697606866719218e-01 -1.261477341434003030e-02 2.731164964255425787e+01 2.878499574697587771e-02 -1.384828905219270823e-02 9.994896942491077185e-01 -9.649919811665579328e-01 -6.644897018670170858e-19 8.492686721614841171e-18 -5.618966814992374094e-20 1.000000000000000000e+00
6.189707898613953097e-01 -7.848841736297966776e-01 -2.884432845176668203e-02 -6.419275910526222617e+01 7.841148711216820999e-01 6.196415252085992753e-01 -3.475987806351236303e-02 2.777022205016159262e+01 4.515562184482310032e-02 -1.101917706090373020e-03 9.989793569404612494e-01 -9.759052754368391369e-01 -3.356055645263427409e-18 1.296012575543242460e-17 2.955845820985126105e-20 1.000000000000000222e+00
5.864990104283516192e-01 -8.096706849888202218e-01 -2.126717273874045508e-02 -6.387493971501295675e+01 8.087070452380427099e-01 5.868511813484041939e-01 -3.998257035682428739e-02 2.826153672298118735e+01 4.485338057409422874e-02 6.250825522545679254e-03 9.989740244027184302e-01 -9.671823529510342743e-01 -4.908946893046523030e-18 1.775489350217802366e-17 1.807676890506091482e-20 1.000000000000000444e+00
5.575474767051775693e-01 -8.300073204280733474e-01 -1.512148324397776661e-02 -6.356511086431672197e+01 8.296580434835667539e-01 5.577517913288033702e-01 -2.409294819098263887e-02 2.877169740758293770e+01 2.843135773608707062e-02 8.873022675031892736e-04 9.995953534265594742e-01 -9.370401139996455964e-01 -5.138359679511366505e-18 2.136871326101428806e-17 -7.403979995972836081e-20 1.000000000000000444e+00
5.286397009306813555e-01 -8.488006811311369360e-01 -8.801722060801167591e-03 -6.328506886749760696e+01 8.487431813982913020e-01 5.287086872697093209e-01 -1.010623745274977572e-02 2.927806355646286463e+01 1.323172815004597901e-02 -2.127843239111161782e-03 9.999101927939886281e-01 -9.141735292921019385e-01 -7.478504891471135714e-18 2.875136871213460146e-17 -1.303881552247276791e-19 1.000000000000000666e+00
4.987152606645159358e-01 -8.667385796543838339e-01 -6.879194649248304358e-03 -6.301469977194975058e+01 8.667146910969769635e-01 4.987563556271719101e-01 -6.909555570251742045e-03 2.979080415396377646e+01 9.419820433911945193e-03 -2.516398258124311407e-03 9.999524662316691126e-01 -9.037685943879927297e-01 -1.121587817684586756e-17 3.512446826684641149e-17 -1.635351551317661835e-19 1.000000000000000888e+00
4.715632050735465430e-01 -8.818150129537730697e-01 -5.516026658513852217e-03 -6.276137965019889720e+01 8.816571721609438583e-01 4.715849947681373666e-01 -1.697714601189646844e-02 3.031570203872428237e+01 1.757197763329473167e-02 3.142552921062756292e-03 9.998406622873421412e-01 -9.039907136601287307e-01 -1.623499184962908564e-17 4.191695325352058276e-17 -2.120947517413654283e-19 1.000000000000000888e+00
4.460200776865673733e-01 -8.949977024438227069e-01 -6.723311739162394531e-03 -6.251479128828690790e+01 8.946838781375926475e-01 4.460452791902569936e-01 -2.417368637112159158e-02 3.085729836700782514e+01 2.463429522352945239e-02 4.766710852497664866e-03 9.996851654228375850e-01 -9.030126645306619793e-01 -2.156680807449810782e-17 4.888399157697902540e-17 -2.651426992400017085e-19 1.000000000000000666e+00
4.228826940881738605e-01 -9.061573886927939414e-01 -7.000996941776680728e-03 -6.227554825479354861e+01 9.058458271129061767e-01 4.229232451493049605e-01 -2.406794994434458337e-02 3.141362264865458087e+01 2.477023501865315697e-02 3.836095648306407126e-03 9.996858105561441388e-01 -8.999079374460283720e-01 -2.653648728613945082e-17 5.737423892202037418e-17 -3.180549402768823124e-19 1.000000000000000444e+00
4.034158003360542866e-01 -9.149960908093794920e-01 -6.151897493291451011e-03 -6.204889066971893641e+01 9.148586206913328356e-01 4.034619544607820352e-01 -1.587940330891396759e-02 3.198550567731831151e+01 1.701164853832801832e-02 7.778857393789943061e-04 9.998549888397725294e-01 -8.881722128380417081e-01 -3.178655676496390477e-17 6.684901664926172889e-17 -3.473844168823935560e-19 1.000000000000000222e+00
3.858331975899316202e-01 -9.225643741275352250e-01 -2.778349904165265498e-03 -6.181490889393408139e+01 9.225439379648153748e-01 3.858431526451591154e-01 -6.143621181842734598e-03 3.256682392919076818e+01 6.739893316678281093e-03 -1.927368562593815876e-04 9.999772680869205566e-01 -8.752027547308579569e-01 -3.604674702407133667e-17 7.583088764818594781e-17 -4.048726429962794848e-19 1.000000000000000000e+00
3.697742651269551595e-01 -9.291210867524172246e-01 9.995007842218959267e-04 -6.159802708075798705e+01 9.291212055166825357e-01 3.697749059205053257e-01 5.517342844842130015e-04 3.315592210292589925e+01 -8.822182664513032301e-04 7.246402339625002261e-04 9.999993482935168876e-01 -8.718341119794944527e-01 -3.952595673580509181e-17 8.301710439503057838e-17 -4.903947690015958307e-19 9.999999999999997780e-01
3.554733836136930170e-01 -9.346854282487189192e-01 1.350467226445745562e-03 -6.138776383957072369e+01 9.346819205022698362e-01 3.554757825866798338e-01 2.583695142509597441e-03 3.375390638664428877e+01 -2.895000594918698076e-03 3.438224462575711275e-04 9.999957503698089223e-01 -8.696825759847641724e-01 -4.139749550400752754e-17 8.739306659263053358e-17 -5.975003787704398602e-19 9.999999999999994449e-01
3.427135355512852533e-01 -9.394399341232347878e-01 -2.066989519863475055e-04 -6.118021531331059748e+01 9.394387222345219612e-01 3.427127201438950332e-01 1.696649036932991548e-03 3.435011405203339763e+01 -1.523061499399752921e-03 -7.756455893761187012e-04 9.999985393277255330e-01 -8.705824409793664342e-01 -4.228383300614897121e-17 9.026667726552410441e-17 -7.042230856772209300e-19 9.999999999999990008e-01
3.304104080359341888e-01 -9.438264826423751197e-01 -4.531327005891140798e-03 -6.097729960091808721e+01 9.438373574736355076e-01 3.304062432333125243e-01 1.660442605688824003e-03 3.496931402498793773e+01 -6.999097127773160889e-05 -4.825463225952801929e-03 9.999883549351541445e-01 -8.717311659119114653e-01 -4.445480882515291425e-17 9.570042936459826857e-17 -8.038219652020671898e-19 9.999999999999985567e-01
3.202012079424925717e-01 -9.473201433483996459e-01 -7.465416165105594887e-03 -6.078785693659801836e+01 9.473495416867560026e-01 3.201927548058522421e-01 2.333588598164953488e-03 3.560282505605771775e+01 1.797166823486890655e-04 -7.819576470484470784e-03 9.999694104950079820e-01 -8.730921946470351358e-01 -4.772636175483389958e-17 1.030646625472318299e-16 -8.674119073633567171e-19 9.999999999999980016e-01
3.119112261956387688e-01 -9.500646161219880037e-01 -9.413403533938175666e-03 -6.059082593671976014e+01 9.501111847262182497e-01 3.118995620974549521e-01 2.720261305494873182e-03 3.623765464076146969e+01 3.516124271269749639e-04 -9.792260023302842842e-03 9.999519928538247449e-01 -8.753944212486387544e-01 -5.063663571714926786e-17 1.096839228324300020e-16 -9.080981593881133240e-19 9.999999999999974465e-01
3.058864087670595255e-01 -9.520016944657050395e-01 -1.123737807478429433e-02 -6.039381867746255494e+01 9.520669534105629106e-01 3.058823849130667405e-01 2.117267917629827526e-03 3.686947286287487913e+01 1.421673360465177706e-03 -1.134637978770131062e-02 9.999346171178236098e-01 -8.769221706857174281e-01 -5.384083995521364223e-17 1.165481134340250776e-16 -9.478336498496452833e-19 9.999999999999965583e-01
3.013367409731245727e-01 -9.534323200428540535e-01 -1.276634784783803843e-02 -6.019225860760285940e+01 9.535160593534298679e-01 3.013346664462676072e-01 2.131514211557206367e-03 3.751989892413635630e+01 1.814688630538101831e-03 -1.281522123805132508e-02 9.999162349966088659e-01 -8.775104590213617106e-01 -5.586982769691572064e-17 1.241811466209187433e-16 -9.732854388389886734e-19 9.999999999999955591e-01
2.979379306726400722e-01 -9.544965750658886972e-01 -1.301067461608604314e-02 -5.999159422275670295e+01 9.545827052266435686e-01 2.979409021243574207e-01 1.754344184417616290e-03 3.818387322585528665e+01 2.201896616852267244e-03 -1.294245064783700570e-02 9.999138185976415016e-01 -8.835582259575053277e-01 -5.758131164871939216e-17 1.312309272471136962e-16 -9.919758572809553534e-19 9.999999999999945599e-01
2.957236401301777118e-01 -9.551998886713238823e-01 -1.186176000504239256e-02 -5.979140646504977497e+01 9.552661438875997835e-01 2.957474021117658669e-01 -2.616988087452058829e-04 3.884111080478599831e+01 3.758059378946300346e-03 -1.125374721539419177e-02 9.999296126044660005e-01 -8.879353712003150711e-01 -5.728648535946739216e-17 1.364004285283611760e-16 -1.062069984539343846e-18 9.999999999999933387e-01
2.950141213003880658e-01 -9.554266800049177055e-01 -1.124843847419646631e-02 -5.958370064028694912e+01 9.554809033149074260e-01 2.950489507699819436e-01 -1.536245446070471027e-03 3.951260887230436936e+01 4.786609855827464281e-03 -1.029445405383022823e-02 9.999355542142821518e-01 -8.867771774027604081e-01 -5.609577116537430452e-17 1.382601452484989021e-16 -1.142525387191454733e-18 9.999999999999917843e-01
2.947978442287494949e-01 -9.554966139906536648e-01 -1.097504853942632766e-02 -5.937734060921290080e+01 9.555497271574572293e-01 2.948276637455636284e-01 -1.169452714500677669e-03 4.019035246667842642e+01 4.353156029304467226e-03 -1.014245249822339455e-02 9.999390884898480270e-01 -8.861460004018755221e-01 -5.469767631367063942e-17 1.394941092692089202e-16 -1.245539618294702864e-18 9.999999999999903411e-01
2.935447298876078803e-01 -9.558642549678181277e-01 -1.245060761537390356e-02 -5.917142544749052746e+01 9.559407592064336212e-01 2.935587418626841028e-01 7.279861503894848474e-04 4.087646496807893470e+01 2.959128767730277460e-03 -1.211573979429691854e-02 9.999222231784710146e-01 -8.860943608988079978e-01 -5.363748250628258521e-17 1.407559042191143959e-16 -1.349774990083701613e-18 9.999999999999888978e-01
2.932875227544590180e-01 -9.559611076011069741e-01 -1.099043905299276931e-02 -5.896652977950601837e+01 9.560239578208979960e-01 2.932585658996477163e-01 4.195902639210073379e-03 4.157590596919166614e+01 -7.880793390731351440e-04 -1.173772893240143493e-02 9.999307999309090533e-01 -8.866040278680702436e-01 -5.290638580089350260e-17 1.439508227493768806e-16 -1.429159134492125028e-18 9.999999999999876765e-01
2.926955219806450237e-01 -9.561812676219542118e-01 -6.834827086929179049e-03 -5.874694068148284742e+01 9.562018274614469959e-01 2.926665306962462076e-01 4.936291079607192135e-03 4.227884379760745048e+01 -2.719663930404721784e-03 -7.980304445096198310e-03 9.999644584529351343e-01 -8.907458621068943261e-01 -5.279851073493809581e-17 1.480885496988628966e-16 -1.467438331748067675e-18 9.999999999999863443e-01
2.920358752038542671e-01 -9.564048568108480808e-01 -2.190311049814185670e-03 -5.852658952793053260e+01 9.564067836256856525e-01 2.920324070209469047e-01 1.771294535564951408e-03 4.298708665261391104e+01 -1.054432888649811184e-03 -2.612109896228265692e-03 9.999960325187169374e-01 -8.977339239827838435e-01 -5.184895678478175976e-17 1.527778451134608366e-16 -1.548648936766989789e-18 9.999999999999847899e-01
2.918467578581861455e-01 -9.564650885444742068e-01 6.575126315286912557e-05 -5.830732283185624709e+01 9.564615562997191844e-01 2.918454917959352191e-01 -2.738656443411159689e-03 4.369033304104294047e+01 2.600240067914914768e-03 8.621565593820875156e-04 9.999962477117884108e-01 -8.978573188355361001e-01 -5.102261718908029635e-17 1.566676770231423478e-16 -1.648668765489779204e-18 9.999999999999832356e-01
2.914694241041280720e-01 -9.565724309035372741e-01 -3.841776627388089269e-03 -5.808773935567730007e+01 9.565601464278892241e-01 2.914869495621686957e-01 -5.295705883337150331e-03 4.442280544673050713e+01 6.185554000197136804e-03 -2.131354069195441712e-03 9.999785978967457023e-01 -8.983705944217127426e-01 -5.126482174196545620e-17 1.574581884687354450e-16 -1.743857882459102384e-18 9.999999999999812372e-01
2.911593322350422564e-01 -9.566210923737078486e-01 -1.011577372841399383e-02 -5.786774504871554115e+01 9.566273979964425855e-01 2.912337072270193006e-01 -6.851946976445405686e-03 4.515801407098953746e+01 9.500771285896991714e-03 -7.682017994360724154e-03 9.999253581865524820e-01 -9.009154207905001321e-01 -5.227988330320336896e-17 1.576001439859698532e-16 -1.831698870649585428e-18 9.999999999999790168e-01
2.906266623142549355e-01 -9.567958099611267864e-01 -8.827298162535851880e-03 -5.763665150294755790e+01 9.567875521542940076e-01 2.906927607418520743e-01 -7.436322671831875272e-03 4.589683731506344344e+01 9.681074046694569668e-03 -6.284655363061884478e-03 9.999333877375361501e-01 -9.018513279331953347e-01 -5.239382626354423092e-17 1.588437058151694480e-16 -1.917557320325052063e-18 9.999999999999765743e-01
2.899916925861453776e-01 -9.570193738930266036e-01 -4.328536052841652076e-03 -5.740115400242206789e+01 9.569944980325987283e-01 2.900167180547255641e-01 -7.199582217418722292e-03 4.663086404638195148e+01 8.145487486040329378e-03 -2.054566153962803735e-03 9.999647142732220884e-01 -9.022873478928681301e-01 -5.314030083841290165e-17 1.614824921699344667e-16 -2.029975543269067262e-18 9.999999999999737987e-01
2.901849760795405797e-01 -9.569596272235957324e-01 -4.577283225846302296e-03 -5.717058472749813092e+01 9.569588683957378494e-01 2.902017647954890922e-01 -3.558076494194056631e-03 4.739178174118180920e+01 4.733271225634856985e-03 -3.347771433775903038e-03 9.999831941437424820e-01 -8.968376613437611944e-01 -5.256107566956409112e-17 1.615897038516396571e-16 -2.159839918909504680e-18 9.999999999999708011e-01
2.914101978128918469e-01 -9.565770975494081174e-01 -6.352405413366734276e-03 -5.693979627837028801e+01 9.565981732741151156e-01 2.914025353930071449e-01 2.120673279918339378e-03 4.816650374252676414e+01 -1.774804476467955962e-04 -6.694685234320839340e-03 9.999775745936960725e-01 -8.949771231022510820e-01 -5.291892280360221153e-17 1.665567306094558515e-16 -2.267408977557075769e-18 9.999999999999680256e-01
2.912586655598017327e-01 -9.566071779889834259e-01 -8.431889243147304078e-03 -5.670282158425754915e+01 9.566324652185554944e-01 2.911998242575218887e-01 7.549095460089889388e-03 4.894626670744609243e+01 -4.766154238673638022e-03 -1.026495846301117565e-02 9.999359551498836485e-01 -9.031785044996981648e-01 -5.219778250731770309e-17 1.711818245510654905e-16 -2.365947218969471344e-18 9.999999999999651390e-01
2.909993447894389518e-01 -9.567144814932649899e-01 -4.096612395541956303e-03 -5.645737687186971243e+01 9.566928754052529404e-01 2.909533161687627434e-01 9.214660017525546504e-03 4.973071074710757955e+01 -7.623875719253418552e-03 -6.600659919669736239e-03 9.999491526110836359e-01 -9.184060758581918948e-01 -5.214076595368743106e-17 1.745252435342797648e-16 -2.463620029468740738e-18 9.999999999999622524e-01
2.904149554246903686e-01 -9.568986200971257849e-01 2.045610377647494229e-03 -5.621110783011297940e+01 9.568663901686847995e-01 2.904219774113889208e-01 7.860432686502863767e-03 5.051031195238735449e+01 -8.115727401960950299e-03 -3.254113905196377916e-04 9.999670139940333158e-01 -9.277319372827445010e-01 -5.203221490603121558e-17 1.772341885698109881e-16 -2.589970515597761343e-18 9.999999999999592548e-01
2.897148043249037630e-01 -9.571124928218297523e-01 1.004111193695438184e-03 -5.597141614317889236e+01 9.570940402358835142e-01 2.897155067082657909e-01 5.993606404925128431e-03 5.130117155171330268e+01 -6.027462150473319492e-03 -7.754076675850157894e-04 9.999815340509794481e-01 -9.304493074696298383e-01 -5.312401953279253561e-17 1.788921549215973978e-16 -2.716706893453629668e-18 9.999999999999559241e-01
2.903824233714478731e-01 -9.568860058069296182e-01 -6.871687398854860185e-03 -5.574334313682889785e+01 9.569053464496570793e-01 2.903493431381266032e-01 5.423732601462975464e-03 5.210340586835702226e+01 -3.194703903059265947e-03 -8.150511027628088226e-03 9.999616807842861554e-01 -9.405774358468623753e-01 -5.376665413297053592e-17 1.804612164103509237e-16 -2.842495072450910529e-18 9.999999999999523714e-01
2.896315011707848441e-01 -9.570934863416552529e-01 -9.254832891693398969e-03 -5.548965645549336045e+01 9.571375900678416038e-01 2.896289585860719606e-01 1.643176035622745737e-03 5.290721092201951592e+01 1.107794531714407799e-03 -9.334063992323267042e-03 9.999558230445155793e-01 -9.494087394446700801e-01 -5.477721259005864362e-17 1.812420624115986308e-16 -2.964742357036113800e-18 9.999999999999487077e-01
2.886057856909844954e-01 -9.574119053171057381e-01 -8.315288490317039247e-03 -5.523941998198993275e+01 9.574327674467917326e-01 2.886393183709741184e-01 -3.136831128666178053e-03 5.370808295763189477e+01 5.403358669470654727e-03 -7.056022058936699606e-03 9.999605073540468458e-01 -9.515939557245034486e-01 -5.416365381896189062e-17 1.788903090848054883e-16 -3.117229430323729687e-18 9.999999999999449329e-01
2.886444386913858962e-01 -9.573812422583083404e-01 -1.027350886454505771e-02 -5.499629742637017671e+01 9.574112639232855715e-01 2.886979494999374896e-01 -4.143147035997787019e-03 5.452185934460231209e+01 6.932512199559974497e-03 -8.640076756312599360e-03 9.999386427917543729e-01 -9.494889810851644407e-01 -5.315057305653319660e-17 1.750997097739216138e-16 -3.242787068151189649e-18 9.999999999999412692e-01
2.889985633438637569e-01 -9.571972559747692344e-01 -1.591362747679476650e-02 -5.475769593000170232e+01 9.573155166562102858e-01 2.890443463234164123e-01 -6.061581779170646320e-04 5.534935888644076840e+01 5.179956996267910500e-03 -1.505918366724770877e-02 9.998731864755440180e-01 -9.487629812114032335e-01 -5.119988224256474829e-17 1.695035976155775261e-16 -3.390057141837820510e-18 9.999999999999377165e-01
2.890283340650564026e-01 -9.572373143734821399e-01 -1.262323566031972599e-02 -5.451191885859089581e+01 9.573205205203617618e-01 2.890003399137117679e-01 4.027967278780406231e-03 5.617536899700006359e+01 -2.076011836663042452e-04 -1.324867920524575547e-02 9.999122108470456238e-01 -9.491098360440102244e-01 -4.864243839851387018e-17 1.678613923408358501e-16 -3.545875865778943801e-18 9.999999999999343858e-01
2.881759739655715413e-01 -9.575558111676635287e-01 -6.440227320973398659e-03 -5.425387000135460625e+01 9.575610584084458532e-01 2.881251441563095761e-01 7.792350391324184833e-03 5.700564443087836963e+01 -5.606018974598003801e-03 -8.412479053366376039e-03 9.999489000680941153e-01 -9.546087818182135143e-01 -4.572424221587569098e-17 1.634397131137970182e-16 -3.673149307599070690e-18 9.999999999999309441e-01
2.879039289541999724e-01 -9.576127586996110441e-01 -9.440978146880314378e-03 -5.400197225914669730e+01 9.576265884153235541e-01 2.877986281713024175e-01 1.110255748758291403e-02 5.784771453807864816e+01 -7.914850145023313854e-03 -1.223740161621881053e-02 9.998937949346520249e-01 -9.639857463890154632e-01 -4.178180489791606140e-17 1.599788104617279847e-16 -3.768872777607206431e-18 9.999999999999276135e-01
2.882766007574978917e-01 -9.574896407737979454e-01 -1.049710752926558480e-02 -5.375879449388443732e+01 9.575189956390172119e-01 2.881666845241346864e-01 1.083212448401801170e-02 5.867957735560395349e+01 -7.346730307202521335e-03 -1.317382788377539395e-02 9.998862314346732560e-01 -9.768717326895873798e-01 -3.803743306454552524e-17 1.595268838550782396e-16 -3.880855854271279623e-18 9.999999999999243938e-01
2.863816589129026258e-01 -9.580958906215050197e-01 -6.148968400863201456e-03 -5.350090647822036516e+01 9.581118625557294433e-01 2.863566585806274212e-01 4.639279745087447095e-03 5.950667871586381352e+01 -2.684076814206900769e-03 -7.220004196910941030e-03 9.999703331954400420e-01 -9.762507085692937459e-01 -3.335866184743575345e-17 1.559519016073104082e-16 -4.032423700938580734e-18 9.999999999999209521e-01
2.859031319747080135e-01 -9.582435220750077365e-01 -5.362045155874777674e-03 -5.324869645343679281e+01 9.582562184943069772e-01 2.859102430377416515e-01 -5.938376186464708025e-04 6.034641063594884969e+01 2.102104684944688679e-03 -4.968433079413944568e-03 9.999854478084037046e-01 -9.799024590170531956e-01 -2.853447740095816785e-17 1.521365747133712293e-16 -4.192782488402960277e-18 9.999999999999175104e-01
2.860821838198071010e-01 -9.581719175138773137e-01 -7.972489484935740139e-03 -5.300043493072835332e+01 9.581979906167705785e-01 2.861021793687195114e-01 -1.467562087603478454e-03 6.119355121288950983e+01 3.687123396201333510e-03 -7.219380037771273156e-03 9.999671422966219803e-01 -9.859801605674213265e-01 -2.430266497359237840e-17 1.489797996104255222e-16 -4.368330130822085665e-18 9.999999999999138467e-01
2.853259007054870788e-01 -9.584112444238714890e-01 -6.084155521343573292e-03 -5.274728129908220353e+01 9.584304538547175900e-01 2.853230499347977345e-01 1.349925840749733371e-03 6.204262530819730159e+01 4.421657047316609459e-04 -6.216408744046988608e-03 9.999805801873123956e-01 -9.885992589950632903e-01 -1.962840950624494057e-17 1.477245482239127365e-16 -4.542126405090924273e-18 9.999999999999101830e-01
2.847048357200544499e-01 -9.586131962899354653e-01 -1.973934226607296834e-03 -5.249175625645791143e+01 9.586082694399977733e-01 2.846943190960302128e-01 4.396639140620084082e-03 6.289443724357369803e+01 -3.652708438922110199e-03 -3.143974097212741230e-03 9.999883865064985722e-01 -9.912251105129241679e-01 -1.605823629684260621e-17 1.465754305637628399e-16 -4.700832066905645543e-18 9.999999999999066302e-01
2.838585825868277790e-01 -9.588660129181764136e-01 5.237958742875026058e-04 -5.224108325264054287e+01 9.588442701561797898e-01 2.838557520374001553e-01 6.601335014943698030e-03 6.374312157882677354e+01 -6.478478257509496553e-03 -1.371606927736728409e-03 9.999780737665364683e-01 -9.932079663989692442e-01 -1.155781136496656971e-17 1.451792707273259658e-16 -4.845243401920731621e-18 9.999999999999027445e-01
2.836367526132456685e-01 -9.589188510829208534e-01 -4.982931340626224614e-03 -5.199817175420810145e+01 9.589253277683088550e-01 2.836119213037934239e-01 5.147218554591270756e-03 6.459764853989422306e+01 -3.522546171383867698e-03 -6.238199424878063115e-03 9.999743379388951192e-01 -9.956757009142526149e-01 -7.678281326039221428e-18 1.447119763846492162e-16 -4.969207158914307730e-18 9.999999999998989697e-01
2.838055945386384060e-01 -9.588740000354302184e-01 -3.877700935606401798e-03 -5.174176393077518554e+01 9.588813426612797786e-01 2.838072483130003598e-01 1.284567774601421547e-04 6.544195679078926275e+01 9.773457682987513485e-04 -3.754711831679672165e-03 9.999924734387912739e-01 -1.001838534469453146e+00 -4.449636141206424768e-18 1.468786699432173979e-16 -5.096916384731496470e-18 9.999999999998953060e-01
2.834038954374435981e-01 -9.589968134446632542e-01 -2.709954572772442852e-03 -5.149030166599509073e+01 9.589913002043656265e-01 2.834124761399588466e-01 -3.613101244221785229e-03 6.629188414802862894e+01 4.232987515576936734e-03 -1.574855892023051783e-03 9.999898007707525016e-01 -1.011034704186086985e+00 -1.280160409421442375e-18 1.486409602243911740e-16 -5.254936830298888623e-18 9.999999999998917533e-01
2.839622538137285823e-01 -9.588248633838052370e-01 -4.507745109927407089e-03 -5.124487825266147922e+01 9.588338950309062136e-01 2.839671450547691101e-01 -4.714545074395561433e-04 6.714806013146611008e+01 1.732093813207121738e-03 -4.188303517062620142e-03 9.999897289295439640e-01 -1.012720383315812489e+00 1.652967675249490756e-18 1.461103569974340786e-16 -5.421565232001936728e-18 9.999999999998880895e-01
2.841357420976138304e-01 -9.587715997593112549e-01 -4.888717370614695072e-03 -5.099474976770738976e+01 9.587751028191183744e-01 2.841073489477052849e-01 5.772043671686817416e-03 6.801330529773325395e+01 -4.145151013045393455e-03 -6.327224411746697717e-03 9.999713915678931642e-01 -1.006013112934292630e+00 3.014789476829706198e-18 1.456334518271551981e-16 -5.572785733404102725e-18 9.999999999998845368e-01
2.833653133060822782e-01 -9.590056143741434447e-01 -3.511525841527498443e-03 -5.073476854751732645e+01 9.589773636169831583e-01 2.833220274759862267e-01 9.541740783126266903e-03 6.887609801941600551e+01 -8.155690360946914880e-03 -6.071272160284393350e-03 9.999483108486119098e-01 -1.001286775260742834e+00 4.710603739207209823e-18 1.431107377565565608e-16 -5.723706375493338115e-18 9.999999999998807620e-01
2.834818832597147398e-01 -9.589700699829332153e-01 -3.798254911122682115e-03 -5.048657209469320151e+01 9.589338645793596960e-01 2.834289104333803100e-01 1.067221127505981609e-02 6.972600785462906003e+01 -9.157795942290892707e-03 -6.667653811387448497e-03 9.999358365245364366e-01 -1.009259482747573600e+00 6.714213441376271393e-18 1.414237457820065221e-16 -5.858281070116084921e-18 9.999999999998769873e-01
2.839418422430021183e-01 -9.588296311832735785e-01 -4.771644214694320714e-03 -5.022551326944697081e+01 9.587860465168639434e-01 2.838683811482079489e-01 1.216795746700748831e-02 7.058342364236168009e+01 -1.031247925168565262e-02 -8.029978151516013393e-03 9.999145824631506807e-01 -1.023764218260005077e+00 8.479814044709070285e-18 1.387543258318176077e-16 -6.010618568131834485e-18 9.999999999998731015e-01
2.838873179062157415e-01 -9.588301856112022570e-01 -7.257127028909769045e-03 -4.998221739928504803e+01 9.588082248047633538e-01 2.837877100873857361e-01 1.230136781664124129e-02 7.144125834432264810e+01 -9.735439325535161573e-03 -1.045039539982344293e-02 9.998980000265064172e-01 -1.036495673195758860e+00 1.049396255650879561e-17 1.357768181509189770e-16 -6.169591880571475562e-18 9.999999999998691047e-01
2.840521415196916033e-01 -9.587604719266629161e-01 -9.630076269009576334e-03 -4.973660770495590810e+01 9.587902618005555988e-01 2.839697974373522893e-01 9.076784666293311390e-03 7.228915503776495655e+01 -5.967811542794919204e-03 -1.181150346970476564e-02 9.999124329715328718e-01 -1.043519207522046299e+00 1.149021253518759210e-17 1.331382930347242782e-16 -6.351461981675726956e-18 9.999999999998649969e-01
2.839812424601122487e-01 -9.587807965809251876e-01 -9.697321195099055033e-03 -4.948284657207074844e+01 9.588271232382170606e-01 2.839899718876421342e-01 4.935686890440231208e-04 7.313190679597030908e+01 2.280717792754731466e-03 -9.438218834176845609e-03 9.999528580645479225e-01 -1.042644575575127686e+00 1.209557599887871584e-17 1.318993252223080109e-16 -6.550322445680371879e-18 9.999999999998611111e-01
2.834631994312750147e-01 -9.589390820259565684e-01 -9.189751427556637139e-03 -4.922945872952438862e+01 9.589407467626230863e-01 2.835277386277201273e-01 -6.683234775610376842e-03 7.397303489122579379e+01 9.014364461517543337e-03 -6.917975984468853479e-03 9.999354393367089200e-01 -1.042424027311673607e+00 1.416930211161818163e-17 1.293429808364617122e-16 -6.754933536808811426e-18 9.999999999998571143e-01
2.839693626082359090e-01 -9.587848553182146683e-01 -9.643770642086555225e-03 -4.897958894347325298e+01 9.587949027510054290e-01 2.840336857930448322e-01 -6.099163350934845747e-03 7.482832233859170401e+01 8.586941171426928920e-03 -7.514422605733710354e-03 9.999348968278278793e-01 -1.037204689937226920e+00 1.625539381797137267e-17 1.261009515537799012e-16 -6.988041398361217195e-18 9.999999999998528954e-01
2.839322389371021771e-01 -9.588087277584390611e-01 -8.264821008170461156e-03 -4.872652608907502270e+01 9.588413370273837222e-01 2.839424007992733534e-01 -5.861706016926161348e-05 7.568851269085669742e+01 2.402935668145207704e-03 -7.908008752642003633e-03 9.999658440654837221e-01 -1.029822334668958783e+00 1.756401155021241995e-17 1.242338553656086013e-16 -7.188580096770050422e-18 9.999999999998488986e-01
2.836179888157295825e-01 -9.589057554328501709e-01 -7.783869073887179912e-03 -4.847423920338432168e+01 9.589267774964238544e-01 2.835674069769316130e-01 6.997220932740731182e-03 7.655236294750811510e+01 -4.502423854888027745e-03 -9.448698215729240193e-03 9.999452236404281491e-01 -1.026640095615289905e+00 1.796777998358942959e-17 1.244510130427916423e-16 -7.373556145506791910e-18 9.999999999998446798e-01
2.835660487514707340e-01 -9.589234825833009568e-01 -7.486691236499924858e-03 -4.822699127323033963e+01 9.589135195212168394e-01 2.834752386280214309e-01 1.125393994560942683e-02 7.740902369377974424e+01 -8.669375700604329757e-03 -1.037032472643269372e-02 9.999086449720646641e-01 -1.031417184611987503e+00 1.832147558680574975e-17 1.248705534476850272e-16 -7.542585519132082119e-18 9.999999999998400169e-01
2.831319500844856618e-01 -9.590528715126679371e-01 -7.340877640659037098e-03 -4.797630333603995467e+01 9.590390270322464161e-01 2.830396973634392577e-01 1.151843502987919161e-02 7.826087367520970872e+01 -8.969028404921581057e-03 -1.030142512200074752e-02 9.999067142337638714e-01 -1.040595331033014936e+00 1.722958077705052976e-17 1.287618177721565823e-16 -7.712949952975554863e-18 9.999999999998352429e-01
2.840728844493156657e-01 -9.587476030425926554e-01 -1.027764470084150533e-02 -4.772635944449292822e+01 9.587836706590762148e-01 2.839834145960488665e-01 9.343078291540733715e-03 7.911675816903846226e+01 -6.038973280880814698e-03 -1.250815311192566420e-02 9.999035338007712381e-01 -1.054933809186841875e+00 1.615649924383841033e-17 1.317848310335192240e-16 -7.904952586274953110e-18 9.999999999998306910e-01
2.842090294224643432e-01 -9.586726127812726928e-01 -1.311674874846998837e-02 -4.747503419097872523e+01 9.587559181390191698e-01 2.841304477090225711e-01 7.548385136261502419e-03 7.996905752093600483e+01 -3.509562406445179954e-03 -1.472107970263131747e-02 9.998854798345291339e-01 -1.066332636350464158e+00 1.557537231337044261e-17 1.365171155309654375e-16 -8.068982647551399525e-18 9.999999999998261391e-01
2.836091974342289657e-01 -9.588478981634479537e-01 -1.328650887575038089e-02 -4.722045522610295620e+01 9.589358911528564899e-01 2.835404733099531338e-01 6.837883746912918996e-03 8.083181101823413428e+01 -2.789227443321047432e-03 -1.468019695069794524e-02 9.998883497809011311e-01 -1.071858610193347383e+00 1.397753755213719846e-17 1.406537726981163164e-16 -8.262630439405660992e-18 9.999999999998215872e-01
2.824343340220338838e-01 -9.591972276316254042e-01 -1.309677323546214363e-02 -4.697594891932654093e+01 9.592768078161606482e-01 2.823433223299105510e-01 8.381785122553001705e-03 8.167664732817043216e+01 -4.341998585029539261e-03 -1.493073472101968252e-02 9.998791027963269684e-01 -1.077404758376415028e+00 1.138509992877965569e-17 1.480156264177632383e-16 -8.464596449092485219e-18 9.999999999998170352e-01
2.824597490143970768e-01 -9.591718210080951712e-01 -1.434949373943057889e-02 -4.672609927150356413e+01 9.592496218070647451e-01 2.823020810949983250e-01 1.207054566020338872e-02 8.252783512454809056e+01 -7.526835316132367629e-03 -1.717418974032867626e-02 9.998241815222765894e-01 -1.076943819134511759e+00 8.075555373280054064e-18 1.556102120506337813e-16 -8.725864741794976633e-18 9.999999999998124833e-01
2.821893257859440229e-01 -9.592529094530692912e-01 -1.424921464951576892e-02 -4.647405429739334437e+01 9.593137230207353650e-01 2.820010794190991876e-01 1.387703248755804003e-02 8.338108678187086298e+01 -9.293289876201286590e-03 -1.758541759713145095e-02 9.998021743580112197e-01 -1.078550500045166727e+00 5.002176360236582197e-18 1.680034961103494874e-16 -8.910651771480537572e-18 9.999999999998080424e-01
2.811149929935158331e-01 -9.595862500844175580e-01 -1.298419666386219605e-02 -4.622127013836784926e+01 9.596347759360999152e-01 2.809552796936363173e-01 1.285408987238420737e-02 8.423059848328114185e+01 -8.686629293570136481e-03 -1.607356404065856184e-02 9.998330775736193887e-01 -1.086411639262147011e+00 1.211280677376526384e-18 1.821185367794668798e-16 -9.059917969677428169e-18 9.999999999998036015e-01
2.805383670665133056e-01 -9.597298175624497940e-01 -1.472758924668097179e-02 -4.598218930884877409e+01 9.598157223594592224e-01 2.803821460397130094e-01 1.181656861628546488e-02 8.507913925790769838e+01 -7.211360163318116835e-03 -1.745077257536837775e-02 9.998217175181276506e-01 -1.099131345605164567e+00 -2.616296560732346385e-18 2.016704814451814624e-16 -9.181003088758247938e-18 9.999999999997991607e-01
2.798751548273199496e-01 -9.599240180363897146e-01 -1.468936033557334889e-02 -4.573104879935073797e+01 9.600115859681869201e-01 2.797251373008133868e-01 1.147180757339302977e-02 8.593243927820806505e+01 -6.903080283233524982e-03 -1.731263003337451395e-02 9.998262950751513056e-01 -1.109240782277920667e+00 -5.958482102582167722e-18 2.210776689683880171e-16 -9.245570266504747210e-18 9.999999999997949418e-01
2.782315570967257012e-01 -9.604619117196916411e-01 -1.000583685111385533e-02 -4.548085377423222297e+01 9.604975820039237666e-01 2.781507341470133010e-01 8.750089040215123723e-03 8.678435635475020149e+01 -5.620996381360134075e-03 -1.204513299982546554e-02 9.999116556828717695e-01 -1.109708626533471243e+00 -6.102998883904566533e-18 2.401898116819516340e-16 -9.345422663049639093e-18 9.999999999997907230e-01
2.768828903424771504e-01 -9.607877475947155244e-01 -1.492545166033088302e-02 -4.524347098575714199e+01 9.609027411568177302e-01 2.768276100533885176e-01 5.691779121341995588e-03 8.763410500024140504e+01 -1.336814529671780365e-03 -1.591786366773447967e-02 9.998724091317480189e-01 -1.115521674926095885e+00 -5.730380254358840882e-18 2.584742406840900334e-16 -9.578078785943776028e-18 9.999999999997860600e-01
2.761831798041665675e-01 -9.608489243694242621e-01 -2.218548469538264567e-02 -4.501387345786427119e+01 9.610965305975291972e-01 2.762041480471397747e-01 2.174275758319367188e-03 8.848468798880809061e+01 4.038572375672487731e-03 -2.192289076307124551e-02 9.997515075224980841e-01 -1.126110206845974071e+00 -4.468142399161933664e-18 2.754842611694153081e-16 -9.772092462152580368e-18 9.999999999997808420e-01
2.749255792685276201e-01 -9.611854239594651572e-01 -2.320574565729854530e-02 -4.478102804004756621e+01 9.614509695394409805e-01 2.749740701717242053e-01 1.137499448905481079e-03 8.933642123113374112e+01 5.287630444743757208e-03 -2.262391435601413328e-02 9.997300632987062841e-01 -1.130297653570715211e+00 -3.870053838670925291e-18 2.925932173430119468e-16 -9.832514495859423681e-18 9.999999999997755129e-01
2.736146633990398924e-01 -9.615994540140213598e-01 -2.148269100331765685e-02 -4.454364429877264797e+01 9.618360241615006023e-01 2.736045553678647102e-01 3.465531313780853724e-03 9.018774080967953921e+01 2.545309100903988663e-03 -2.161104628685102738e-02 9.997632140060489503e-01 -1.116546233569026825e+00 -4.479056368442556584e-18 3.091892865946502050e-16 -9.880895891801027660e-18 9.999999999997701838e-01
2.730769376724737629e-01 -9.618092982098845889e-01 -1.875793134131581441e-02 -4.430396313045759626e+01 9.619909297674256177e-01 2.729930161132457789e-01 6.947243967039623373e-03 9.104205268263987705e+01 -1.561139591484806679e-03 -1.994209191933972100e-02 9.997999178899671380e-01 -1.107397166366118402e+00 -7.455782266971940080e-18 3.259285700527660816e-16 -9.952851173272431607e-18 9.999999999997649658e-01
2.722060793215828611e-01 -9.620407398115832232e-01 -1.953113726646053816e-02 -4.407151873485232585e+01 9.622315273404929981e-01 2.720680183483083492e-01 9.459449463407546693e-03 9.189533219557910115e+01 -3.786577947776714487e-03 -2.136839569358882016e-02 9.997644990159676448e-01 -1.109907571689421779e+00 -9.921985193892343547e-18 3.400527399175349692e-16 -1.010416456774333330e-17 9.999999999997594147e-01
2.710502776663483160e-01 -9.624145039216774888e-01 -1.703143029662628621e-02 -4.384217526442616730e+01 9.625540276090697178e-01 2.709194869820846785e-01 9.611217772495139061e-03 9.274994696856184362e+01 -4.635829026030171239e-03 -1.899879507391856112e-02 9.998087591508163507e-01 -1.121478937809955889e+00 -1.135987531446121812e-17 3.500588221896541598e-16 -1.026587123805028492e-17 9.999999999997537525e-01
2.699013804556465446e-01 -9.627916028763430223e-01 -1.362256432154880688e-02 -4.361154452912256119e+01 9.628694394647983046e-01 2.697814003531346372e-01 1.002190442972835868e-02 9.359598544468921943e+01 -5.973890950667661709e-03 -1.582167671275283918e-02 9.998569833594271872e-01 -1.133811374380577108e+00 -1.268740805499206680e-17 3.590203543423204998e-16 -1.043376606103057554e-17 9.999999999997479794e-01
2.691278712573188514e-01 -9.630061350123947372e-01 -1.376128049068004594e-02 -4.339060849905268213e+01 9.630712027534085173e-01 2.689723760281263476e-01 1.215398539753359368e-02 9.444812935924042563e+01 -8.002958191872272531e-03 -1.652406917092866939e-02 9.998314396926680780e-01 -1.138745627770944013e+00 -1.590592456003892682e-17 3.672866208455757796e-16 -1.066944587164534219e-17 9.999999999997422062e-01
2.687681610570301083e-01 -9.630303282137373522e-01 -1.833746280996373726e-02 -4.317523007232156118e+01 9.631721552452375823e-01 2.685533402163678418e-01 1.336049471522270972e-02 9.529639792482200278e+01 -7.941974721952734656e-03 -2.125300917183593763e-02 9.997425841877247699e-01 -1.137049350481540211e+00 -1.960388323669732784e-17 3.771719423110925821e-16 -1.092871594868852793e-17 9.999999999997364331e-01
2.684473308379195511e-01 -9.630161202821163613e-01 -2.315129893794071192e-02 -4.295742690450627066e+01 9.632695955747125893e-01 2.681905481054326357e-01 1.362043128537538707e-02 9.615089882790054787e+01 -6.907735341454042909e-03 -2.595731078841052517e-02 9.996391855108375246e-01 -1.141236084821505958e+00 -2.262851678064654061e-17 3.871492133181878285e-16 -1.112040045759993305e-17 9.999999999997308819e-01
2.687289687459407661e-01 -9.628788323450173658e-01 -2.547735422625016857e-02 -4.273175752550956474e+01 9.632045597773528645e-01 2.685038335141828325e-01 1.194434646466136819e-02 9.700048640441703185e+01 -4.660191099430468359e-03 -2.774969566959050934e-02 9.996040401123024166e-01 -1.150029440928604707e+00 -2.565969242366141916e-17 3.984229100981859593e-16 -1.128722771874675251e-17 9.999999999997254418e-01
2.704410266033377419e-01 -9.623752983707901665e-01 -2.637112464781049895e-02 -4.250299177167043041e+01 9.627276407950264847e-01 2.702192545347425479e-01 1.170658481778466195e-02 9.784333612819871462e+01 -4.140142413303286861e-03 -2.855415143344983836e-02 9.995836731641729589e-01 -1.163322505159585907e+00 -2.958781485675329605e-17 4.097062519043281621e-16 -1.135429406814060588e-17 9.999999999997198907e-01
2.713272705428618203e-01 -9.621725186959095844e-01 -2.460805814866152269e-02 -4.226079189574956985e+01 9.624609312969407693e-01 2.710424768322055034e-01 1.431542803607103835e-02 9.868995870806215009e+01 -7.104082418991966401e-03 -2.756846057886092743e-02 9.995946738523336927e-01 -1.175344143626700477e+00 -3.352724599599260866e-17 4.242138887734481355e-16 -1.141361370425919589e-17 9.999999999997143396e-01
