1.000000000000000000e+00 -3.306050084167601550e-19 -2.270457535318767223e-19 -8.673617379884035472e-19 7.546676715296109287e-19 1.000000000000000000e+00 6.237773588823049983e-19 1.387778780781445676e-17 -3.447385680526250622e-20 4.770700176052009879e-20 1.000000000000000222e+00 5.551115123125782702e-17
9.999731430824623235e-01 2.138406789822492812e-03 7.014506624679302423e-03 -3.387285432893329118e-02 -2.135316175361321334e-03 9.999976313396996552e-01 -4.481202006570573072e-04 4.462948505600319860e-03 -7.015449218663418959e-03 4.331258278346503555e-04 9.999752833743165148e-01 8.503730068971554479e-02
9.993447891364241054e-01 4.163197939656427746e-03 3.595214178201482785e-02 2.847547248321385949e-02 -4.147860488803344764e-03 9.999912605689450507e-01 -5.011901010404967065e-04 -5.827934153805017226e-03 -3.595391577576452502e-02 3.517063086768082588e-04 9.993533633653097770e-01 2.840616067178754478e-01
9.979321891710128956e-01 5.653359627598992035e-03 6.403703437441490842e-02 5.359311718703363425e-02 -5.789729898411460213e-03 9.999813443173595218e-01 1.944519225940269337e-03 9.179551820728687472e-04 -6.402484817936077155e-02 -2.311214616202249186e-03 9.979463278855292829e-01 4.398272148028901096e-01
9.951464511502681187e-01 5.286247559623929657e-03 9.828137608151021887e-02 1.116867528176526542e-01 -5.693138176139965825e-03 9.999763633512394057e-01 3.862626191900849458e-03 3.102839806374019238e-03 -9.825864494601792287e-02 -4.403335780732592700e-03 9.951529857266115942e-01 6.128720268591449916e-01
9.908395380626847659e-01 2.393844744012776308e-03 1.350045983851929365e-01 1.908342630905014992e-01 -3.182429123155012304e-03 9.999791361730663297e-01 5.624887398778264172e-03 -9.211862170921958359e-04 -1.349883324634447990e-01 -6.003114032706844544e-03 9.908264330335363468e-01 8.077662604564281867e-01
9.845616969515943451e-01 -1.310777980396220753e-03 1.749912263263245504e-01 2.571034976213639744e-01 1.695770799230367416e-04 9.999786226558885494e-01 6.535414864622291105e-03 -4.700983256730933979e-03 -1.749960619109589555e-01 -6.404817936122649165e-03 9.845409034035342843e-01 9.948536958196615432e-01
9.760187293547925025e-01 -1.646732712227121174e-03 2.176488307131589917e-01 3.524958196879195427e-01 -6.437213617753525803e-05 9.999691701159361124e-01 7.853467388091004905e-03 -1.561663080221570299e-03 -2.176550581676627016e-01 -7.679185327057347181e-03 9.759885190244498299e-01 1.189504352591890468e+00
9.642077188995292758e-01 -2.197828404158795601e-03 2.651970449003388519e-01 4.484716495274668202e-01 -7.208664330680169055e-04 9.999402190062637308e-01 1.091169699680691503e-02 5.575969230315197533e-03 -2.652052123598768740e-01 -1.071225618170134480e-02 9.641485088944393711e-01 1.421377812339254199e+00
9.497807907552654472e-01 -5.591488795954149306e-03 3.128188965463202242e-01 5.867311038268557821e-01 9.996389266536180010e-05 9.998456857042350432e-01 1.756496756375374932e-02 1.025644672025448345e-02 -3.128688747637548562e-01 -1.665145736550434005e-02 9.496348193359405165e-01 1.636818478907445140e+00
9.330558789698203404e-01 -1.542086920512829133e-02 3.593646667237881953e-01 7.367464980169733391e-01 6.531643810584708901e-03 9.996422981591200907e-01 2.593416332854124248e-02 2.514810584654900150e-03 -3.596360618709597556e-01 -2.185102854832909891e-02 9.328228366077845335e-01 1.847338649467900495e+00
9.110907437319325508e-01 -2.109821387716293364e-02 4.116717037672934509e-01 8.665069819315475153e-01 9.257473819616534802e-03 9.994846500630392150e-01 3.073450501568343943e-02 1.108330427714160349e-03 -4.121081224380691022e-01 -2.418983671290101528e-02 9.108165463219107805e-01 2.088296860002228694e+00
8.869436405080816099e-01 -2.276585235497623205e-02 4.613010578492859337e-01 1.077253290326624979e+00 7.377279766857650772e-03 9.993553850159898611e-01 3.514001761219737868e-02 3.004633926557392920e-03 -4.618035162073952926e-01 -2.776544168633284307e-02 8.865398054238048386e-01 2.315775586815245646e+00
8.584066346989733809e-01 -2.493355128618681554e-02 5.123001001741864791e-01 1.257940773888583053e+00 5.932438098893442861e-03 9.992337848299147618e-01 3.868050219297390624e-02 2.530220070673882410e-02 -5.128720820811428771e-01 -3.016402427364972202e-02 8.578967709084290849e-01 2.533286093031374087e+00
8.266231300162404372e-01 -3.022865129219819147e-02 5.619233975886281929e-01 1.484363204971046013e+00 7.252392916247548185e-03 9.990454883919976936e-01 4.307460950333099475e-02 2.692399372034072480e-02 -5.626893600774629522e-01 -3.152911665449275452e-02 8.260535147513996534e-01 2.763187953377504336e+00
7.902009764872024444e-01 -3.615212899852435907e-02 6.117953713437571661e-01 1.724648746362084539e+00 9.238058061490977621e-03 9.988476951917877322e-01 4.708202848282996844e-02 2.885543004634912728e-02 -6.127931918557490976e-01 -3.154784952513314117e-02 7.896245718436540884e-01 2.963729443355910931e+00
7.519069912722785576e-01 -4.008782611355534570e-02 6.579198794062124378e-01 1.983514232197069571e+00 9.862922338499485048e-03 9.987218251798646307e-01 4.957857128070417008e-02 4.379434466689911820e-02 -6.590661987892608709e-01 -3.078830078371565596e-02 7.513413554762629065e-01 3.201449733620009397e+00
7.135715497209950131e-01 -4.345448881817270959e-02 6.993289118292861373e-01 2.275039928557953672e+00 1.082510221310348242e-02 9.986392985356659091e-01 5.101178947561529897e-02 5.400794380978255621e-02 -7.005942782695995241e-01 -2.883093640400449104e-02 7.130709744247661908e-01 3.412708132909354930e+00
6.703721939485467463e-01 -4.578250177540806737e-02 7.407359804518903745e-01 2.580562586560400273e+00 1.016198603709731439e-02 9.985675757123381180e-01 5.252147826862765823e-02 6.838208668277551139e-02 -7.420802251600647770e-01 -2.767846874390533785e-02 6.698772307282145899e-01 3.625123721655421072e+00
6.299016652286399953e-01 -4.603909809248792062e-02 7.754280504399576612e-01 2.913546332187991972e+00 5.578104045158213502e-03 9.984840044551119842e-01 5.476251120911776460e-02 9.586020217923618691e-02 -7.767737672283069328e-01 -3.017163744222593064e-02 6.292034917122749649e-01 3.829739222060968284e+00
5.868850707225841123e-01 -4.620473694605984477e-02 8.083708874295043589e-01 3.261068468124122433e+00 2.737693124155701156e-03 9.984781045079837991e-01 5.508416068782656660e-02 1.116941134837105692e-01 -8.096854862796382113e-01 -3.012109129401920743e-02 5.861180764860460801e-01 4.057261200376944821e+00
5.463894379979153948e-01 -4.776405909385680881e-02 8.362711955861226176e-01 3.638526475943122840e+00 1.753300931157521865e-04 9.983787803861287058e-01 5.691724411055879701e-02 1.322570178109110373e-01 -8.376346668283563002e-01 -3.094619917952946136e-02 5.455123144528701840e-01 4.252941602680502697e+00
5.081048388688010897e-01 -5.027695469833250858e-02 8.597829510371889361e-01 4.058224264938124826e+00 -7.409521993282267927e-04 9.982687896292987695e-01 5.881165663784976294e-02 1.495677018260513358e-01 -8.612516864079297063e-01 -3.051529240992083628e-02 5.071881567230001053e-01 4.467990022125198912e+00
4.698837943371968473e-01 -5.008712019662022591e-02 8.812512167179720191e-01 4.492293198465909576e+00 -3.805865982685752939e-03 9.982647279672739460e-01 5.875192156206207605e-02 1.732820783068144410e-01 -8.826651810993333402e-01 -3.095603217600518056e-02 4.688777399788545130e-01 4.667925903202147175e+00
4.343860717916878667e-01 -5.066009888319911170e-02 8.993807054359694853e-01 4.962075507711467992e+00 -4.414987986897691598e-03 9.982850368853283252e-01 5.838318062905865913e-02 1.969919661375566511e-01 -9.007963540481254139e-01 -2.932693066095654055e-02 4.334178777197735255e-01 4.866609025605367123e+00
3.999380552014412116e-01 -4.896416236408184658e-02 9.151752168164788426e-01 5.461175084160447391e+00 -3.515234597266169575e-03 9.984826465177274457e-01 5.497683570212903020e-02 2.190599608087284988e-01 -9.164776971417253337e-01 -2.521019448765909540e-02 3.991592424145901097e-01 5.053365471953182642e+00
3.699064356937118991e-01 -4.768142766428963564e-02 9.279003515546412340e-01 5.984448001697954211e+00 -1.275054101898988237e-03 9.986554860502253606e-01 5.181718562002955719e-02 2.479914685141864916e-01 -9.291235204681963511e-01 -2.035325030009119129e-02 3.693479019121450047e-01 5.238470914499645303e+00
3.453103453621260699e-01 -4.549135039390798940e-02 9.374114740322044836e-01 6.543715594315007600e+00 -4.916337979992058864e-04 9.988156373252889964e-01 4.865328116306928685e-02 2.739692035358925470e-01 -9.385145408129352829e-01 -1.726074158290034910e-02 3.448789451861966060e-01 5.419314829218387253e+00
3.230075643723320233e-01 -4.578369665048041826e-02 9.452216509158218871e-01 7.117955758047536996e+00 1.178205196392404603e-03 9.988481499528351071e-01 4.796963583296551953e-02 2.987428371895082257e-01 -9.463285466227807641e-01 -1.438692208228226597e-02 3.226890659291970498e-01 5.611669927491091059e+00
3.095044720738731603e-01 -4.565261926463393821e-02 9.497568380280724254e-01 7.737993514072742940e+00 1.558585479607255304e-03 9.988697381415410081e-01 4.751377184601023040e-02 3.281882081848794264e-01 -9.508523492291033330e-01 -1.322425506161044491e-02 3.092259923450106918e-01 5.792053830099724188e+00
2.975224279394213522e-01 -4.765157094566532803e-02 9.535199281225306134e-01 8.344332260845837013e+00 2.644601768089539784e-03 9.987905702100107197e-01 4.909801687219068206e-02 3.480711758643539322e-01 -9.547066421652488089e-01 -1.207650572241068636e-02 2.972890929245579628e-01 5.987141066063312422e+00
2.865456007763140800e-01 -4.946002458091453002e-02 9.567202920362523066e-01 8.977448150034494034e+00 1.667932465491739564e-03 9.986910114718303699e-01 5.112378164880825721e-02 3.770920893269503749e-01 -9.579960359380174095e-01 -1.305992854251207362e-02 2.862527218583011401e-01 6.172717964282793623e+00
2.767452673713980960e-01 -5.145475934396018247e-02 9.595154417132700786e-01 9.663997009525967741e+00 -1.502560270399700955e-04 9.985627700578203481e-01 5.359796434826857858e-02 4.089911190113464379e-01 -9.608944665702596755e-01 -1.497133458596126496e-02 2.763402217336845546e-01 6.378741256136804871e+00
2.650743682887910513e-01 -5.268170684370222095e-02 9.626657640453883946e-01 1.036063169248251725e+01 -1.322116464776245184e-03 9.984856376353843377e-01 5.500646106029381810e-02 4.384391464667701799e-01 -9.641050174011002172e-01 -1.586137284294308544e-02 2.646032781391640110e-01 6.557255290341624132e+00
2.556922571279917067e-01 -5.427849437775852243e-02 9.651441463588888992e-01 1.108530165928795341e+01 -2.288979743242212147e-03 9.983865641996129137e-01 5.674472396214248759e-02 4.663120206260633616e-01 -9.666654211651547479e-01 -1.673964714900554387e-02 2.551546236015184155e-01 6.754157715632917558e+00
2.450387054411872489e-01 -5.607121635110923902e-02 9.678943037708924724e-01 1.182212326984154060e+01 -2.510338559245103764e-03 9.982867956296034295e-01 5.845429679361879155e-02 5.071915933087572936e-01 -9.695129037698085872e-01 -1.676527608335360436e-02 2.444774365560481444e-01 6.943371333400309098e+00
2.355204566604594263e-01 -5.783795270905642272e-02 9.701374489698882941e-01 1.258888128390205630e+01 -2.553036542286225754e-03 9.981880654297479172e-01 6.010232327925728313e-02 5.407464721985231204e-01 -9.718557616794978316e-01 -1.663816743165714290e-02 2.349450971991909609e-01 7.130303907380348249e+00
2.253833065341462050e-01 -6.016512049822019675e-02 9.723670409688796035e-01 1.336933861049315375e+01 -4.399171164971436149e-03 9.980188442531745530e-01 6.275168686197758749e-02 5.807108348239292672e-01 -9.742160868018293618e-01 -1.842464860732847404e-02 2.246714896784157423e-01 7.302142570267782240e+00
2.126949468862693871e-01 -6.385014652833684301e-02 9.749991404425907282e-01 1.415485675897731888e+01 -6.550309085053687003e-03 9.977477130253610271e-01 6.674749644809759019e-02 6.261754495476894444e-01 -9.770649725162263710e-01 -2.058900920839934479e-02 2.117969267992995674e-01 7.477275097089259859e+00
2.017859438049015297e-01 -6.764888508111283061e-02 9.771824638171696664e-01 1.496679282686291401e+01 -6.812373742535513151e-03 9.974902865903871874e-01 7.048921683997814991e-02 6.637274128232393267e-01 -9.794987292966197412e-01 -2.088075966732277911e-02 2.008192771072671856e-01 7.642924989625927701e+00
1.889563776573724152e-01 -6.935322752046010897e-02 9.795735045520856943e-01 1.576981535525023403e+01 -8.070739928512340317e-03 9.973594592735826048e-01 7.217218537100086873e-02 7.038507787377643599e-01 -9.819926978421595898e-01 -2.154108844267879977e-02 1.878977393858785871e-01 7.806803777380709519e+00
1.723657875836149267e-01 -7.054288277955055031e-02 9.824743980827942424e-01 1.658482245842280633e+01 -9.042488175925574023e-03 9.972784299485336623e-01 7.316693853986319662e-02 7.471239443361650245e-01 -9.849600543852033985e-01 -2.152039008637266285e-02 1.712571572847461365e-01 7.942797898886369445e+00
1.600465014002022679e-01 -7.023173788834674580e-02 9.845840104296045281e-01 1.739883911080053736e+01 -9.636155408312706977e-03 9.973074756646483907e-01 7.268792573481273889e-02 7.888460129744736538e-01 -9.870379898840635491e-01 -2.112481085282984922e-02 1.589381896450493825e-01 8.076718548966635325e+00
1.420783550334221157e-01 -6.899161122236813215e-02 9.874475648854733612e-01 1.822180969984382060e+01 -1.128208497822013462e-02 9.973910250400850330e-01 7.129783891212614078e-02 8.272070397794486496e-01 -9.897894533808989648e-01 -2.128269695025367114e-02 1.409285864305899749e-01 8.198558930250257504e+00
1.226427721276219795e-01 -6.778921762859864419e-02 9.901308140138509462e-01 1.905994307996073189e+01 -1.441806868260951668e-02 9.974377440431659858e-01 7.007322881603419984e-02 8.737775023954263975e-01 -9.923437391934378793e-01 -2.287597395824467542e-02 1.213508840090750940e-01 8.303250468457086697e+00
9.726309784680439718e-02 -6.631832009114324578e-02 9.930611014312096252e-01 1.989399498563595259e+01 -1.789417435810537402e-02 9.975005251874875523e-01 6.834095034992225537e-02 9.140246703150031182e-01 -9.951108890001307827e-01 -2.442190290845417180e-02 9.583248063392109384e-02 8.381131846815108588e+00
6.774486888777625504e-02 -6.645261871826690925e-02 9.955145887968778196e-01 2.074615108199154179e+01 -2.328575913415500617e-02 9.974015502999320493e-01 6.816554575804412153e-02 9.613477283429504583e-01 -9.974601273802753409e-01 -2.776348489384038859e-02 6.602229646809543162e-02 8.437018563317433717e+00
3.307578067661824661e-02 -6.564709967083934283e-02 9.972931285612867125e-01 2.160239195660161471e+01 -2.499378744234782498e-02 9.974740018377011852e-01 6.648935716814755037e-02 1.000787259994858847e+00 -9.991391477828460710e-01 -2.712062955091171929e-02 3.135160245026593490e-02 8.462239784871474768e+00
-1.288470832646161331e-03 -6.524176141443517596e-02 9.978669610339045981e-01 2.245177260754938331e+01 -2.734721656697513409e-02 9.974979889678375899e-01 6.520534026435409469e-02 1.038524357149114286e+00 -9.996250558204133885e-01 -2.719529553973347100e-02 -3.068819375374804564e-03 8.457199744043737866e+00
-3.557139244434519981e-02 -6.424335810004039304e-02 9.972895814900964995e-01 2.332651744616531886e+01 -2.757873524493477044e-02 9.976137404579867862e-01 6.330034145158551506e-02 1.077416893511479623e+00 -9.989786323336002916e-01 -2.521591377511190821e-02 -3.725719593596659579e-02 8.420100445422530555e+00
-6.830201213166345320e-02 -6.300276993563849737e-02 9.957125538492391792e-01 2.417479219111932309e+01 -2.984011952200750148e-02 9.976871921818872835e-01 6.108310717427086617e-02 1.103927194911710652e+00 -9.972559031046916989e-01 -2.557642929364125489e-02 -7.002454476961458840e-02 8.349366879718152390e+00
-9.983701984897437598e-02 -5.925485427642025738e-02 9.932149201330379151e-01 2.503520444833199576e+01 -3.305173454894267532e-02 9.978716319696823156e-01 5.622632154123912568e-02 1.145599705237550392e+00 -9.944323889811553796e-01 -2.721734212631404803e-02 -1.015828721538384882e-01 8.256369580215798365e+00
-1.326220465827111783e-01 -5.566028356573013425e-02 9.896099210334124985e-01 2.589896376388308497e+01 -3.016178120576350902e-02 9.981867502369718981e-01 5.208584706642785389e-02 1.174295298406225596e+00 -9.907139700666838245e-01 -2.295237162363781766e-02 -1.340606805791568490e-01 8.132173110474340660e+00
-1.641171917535081404e-01 -4.977528560375571454e-02 9.852263493204359568e-01 2.673773856834055351e+01 -2.559987461304519263e-02 9.986046500605986198e-01 4.619939704021568810e-02 1.195515168927610006e+00 -9.861510952369749727e-01 -1.763957187676573959e-02 -1.651623450105816349e-01 7.975222278940289122e+00
-1.966421333508553970e-01 -4.347636358377975768e-02 9.795740879536279921e-01 2.759206484878987453e+01 -1.888416488189370579e-02 9.989991065950732940e-01 4.055686797070150867e-02 1.209553908689191548e+00 -9.803566992516208334e-01 -1.053557451619407948e-02 -1.972663700118341412e-01 7.808901001936559005e+00
-2.251559737370613379e-01 -3.841656286207361520e-02 9.735852079634085277e-01 2.842326280123325333e+01 -1.352102298365889452e-02 9.992492007558506639e-01 3.630896626524755116e-02 1.229769429481377685e+00 -9.742493502212272727e-01 -4.989121223987235884e-03 -2.255063071150341103e-01 7.598462915938544171e+00
-2.510389626177668143e-01 -3.221502141069250424e-02 9.675550262887513409e-01 2.925707632531214131e+01 -5.044466564667283472e-03 9.994760279973735617e-01 3.197433084176398710e-02 1.242249586153412411e+00 -9.680782325967365320e-01 3.145427549588578758e-03 -2.510699813532700775e-01 7.371607116175461272e+00
-2.784218345269131034e-01 -2.127353802037234773e-02 9.602176357847979071e-01 3.008687514123359819e+01 1.197823838641505403e-03 9.997463480250781132e-01 2.248848952435763063e-02 1.243735352403653849e+00 -9.604524659893381999e-01 7.403275339226703111e-03 -2.783260148199575013e-01 7.109416629329401438e+00
-3.044412785246154440e-01 -6.608829941367204766e-03 9.524771609582104448e-01 3.090026981673086226e+01 6.026604118110525342e-03 9.999425258515537429e-01 8.863672355891742682e-03 1.235765103945540400e+00 -9.524811656180126596e-01 8.440683424280150116e-03 -3.043840023680606799e-01 6.849750107634412721e+00
-3.262332718607213744e-01 1.090563133868713633e-02 9.451926758683041330e-01 3.168752276499019516e+01 6.810397481100590941e-03 9.999345381689952461e-01 -9.187334703219685733e-03 1.218661813198291144e+00 -9.452311596113337488e-01 3.442800708794038420e-03 -3.262862065033575454e-01 6.575423368808017699e+00
-3.520672294195096308e-01 2.611307777404367134e-02 9.356845065576689935e-01 3.247852215457447755e+01 6.170098046329473840e-03 9.996537998652834656e-01 -2.558267331934812108e-02 1.201116493791518636e+00 -9.360285627750132287e-01 -3.218471678980243215e-03 -3.521065277497745227e-01 6.273798201847276879e+00
-3.756521576181687250e-01 3.686818929690582891e-02 9.257831166556917957e-01 3.326564130271041364e+01 1.045650384535431847e-02 9.993129426032366647e-01 -3.555044363661682277e-02 1.163218031153620657e+00 -9.264584386269417715e-01 -3.694261648965421231e-03 -3.757793426766420364e-01 5.948778952621579741e+00
-3.992875884709218837e-01 4.086610086179125190e-02 9.158792815253078423e-01 3.403970724200087261e+01 1.390827088398598546e-02 9.991612877195866771e-01 -3.850882213932917825e-02 1.112691091986619973e+00 -9.166848866571668530e-01 -2.637019000270639409e-03 -3.995212689050368082e-01 5.615062471148596579e+00
-4.199508264860143392e-01 4.002275935184849281e-02 9.064415677720688569e-01 3.482024028230208046e+01 1.609134727655129812e-02 9.991982902123567323e-01 -3.664572930818593699e-02 1.064060144927496010e+00 -9.071822099202121459e-01 -8.243185780274617149e-04 -4.202581236594326586e-01 5.250190672654939661e+00
-4.426914375440096916e-01 3.598897507223752096e-02 8.964707961353172161e-01 3.557150162019684814e+01 1.992279905296320472e-02 9.993425521760201935e-01 -3.030071989357804516e-02 1.024691153127310628e+00 -8.969717078693378864e-01 4.455230295200544692e-03 -4.431174985660314980e-01 4.873999849192450995e+00
-4.593454297528278274e-01 3.450184695877226565e-02 8.872259045049255555e-01 3.632593807210963632e+01 2.747438141506065162e-02 9.993190890826850747e-01 -2.461643404645332683e-02 9.832961051800439556e-01 -8.874713540898609976e-01 1.306131963944066193e-02 -4.599805901579517853e-01 4.474776629992356369e+00
-4.734144293144699756e-01 3.564823846290605253e-02 8.799301743746730242e-01 3.704695102002058604e+01 3.156636018184712233e-02 9.992255167567621887e-01 -2.348641591954103366e-02 9.418922683470354329e-01 -8.800858500495862824e-01 1.666037209514978010e-02 -4.741731100806131916e-01 4.070276690520310048e+00
-4.837829679577486663e-01 3.867851456114924924e-02 8.740535759659538995e-01 3.777911492121310033e+01 3.364598245596748388e-02 9.991064603612613837e-01 -2.556751921271721226e-02 9.004691119665958476e-01 -8.742615222887996085e-01 1.704121931810641255e-02 -4.846521640973145417e-01 3.658987203282433320e+00
-4.941674182511799351e-01 4.143499285750409933e-02 8.683618462632722856e-01 3.847539032603070552e+01 3.596146881450432153e-02 9.989830087258899649e-01 -2.717524294667577472e-02 8.586332830090990242e-01 -8.686047402374235116e-01 1.780081937122962588e-02 -4.951549292541594927e-01 3.267422171709514878e+00
-5.037694136114218013e-01 4.108803397685199116e-02 8.630307172505830016e-01 3.918211739077357691e+01 2.920025591839157594e-02 9.991074714861304384e-01 -3.053176024974219027e-02 8.186770065138391228e-01 -8.635145596632533005e-01 9.835303853720785139e-03 -5.045195573559095870e-01 2.855243899203859570e+00
-5.170449515566168941e-01 3.904034721927796686e-02 8.552111242536035718e-01 3.988108756151483902e+01 2.782897011249587174e-02 9.991979017151010334e-01 -2.881008461974398152e-02 7.874401379109471355e-01 -8.556495454395967037e-01 8.919730195595453742e-03 -5.177167171148134850e-01 2.444302071599445458e+00
-5.236387130525661515e-01 4.013398740305040846e-02 8.508948609595187174e-01 4.058559522403303532e+01 2.996524689776457195e-02 9.991391338875368344e-01 -2.870206789546233400e-02 7.446824134081879709e-01 -8.513145456062297667e-01 1.046390562015144660e-02 -5.243905942701819756e-01 2.011956822159541414e+00
-5.302240094751995425e-01 4.335346252496741215e-02 8.469517525239843581e-01 4.129447435110853348e+01 3.362444737002254908e-02 9.989814606852946977e-01 -3.011454809033267330e-02 7.052807681891679614e-01 -8.473941850641846241e-01 1.252944782110201362e-02 -5.311415797806517958e-01 1.562320355033228969e+00
-5.354882792877896369e-01 4.658081260401742557e-02 8.435262202874965753e-01 4.200235152840587460e+01 3.486816865193578113e-02 9.988459493475581041e-01 -3.304213423831248164e-02 6.712035608912494400e-01 -8.440916117671380947e-01 1.172985619621098353e-02 -5.364942977338712504e-01 1.117368013334988808e+00
-5.327290280725719418e-01 4.833538055700724312e-02 8.453462791286353584e-01 4.274391922220360840e+01 3.428952012695758028e-02 9.987809986537334872e-01 -3.551649885777952154e-02 6.354493999111421321e-01 -8.460318139441012075e-01 1.008545219039199206e-02 -5.337371574441073241e-01 6.532338224081370992e-01
-5.288090428460678893e-01 4.966419655622402590e-02 8.467449427766519099e-01 4.348658075292571823e+01 3.708906010732629377e-02 9.986852877191605415e-01 -3.536535553155170652e-02 5.921014132222049975e-01 -8.473881761960022629e-01 1.269427991393986405e-02 -5.299555810394744881e-01 1.976387589912437792e-01
-5.235819034112400017e-01 4.725075668279316021e-02 8.506889753747248761e-01 4.423764683306204404e+01 3.523741585433681073e-02 9.988075637131013096e-01 -3.380232239863131816e-02 5.496670311176298229e-01 -8.512714150868893048e-01 1.229244281549782443e-02 -5.246222944037290947e-01 -2.611937132963133568e-01
-5.155994148928660925e-01 4.596251747616446337e-02 8.550551288600972688e-01 4.502378609370505558e+01 3.266863534789025275e-02 9.988886732035654470e-01 -3.395577579208566149e-02 5.090302639477403135e-01 -8.556659823319443525e-01 1.041098251558406421e-02 -5.165277884696959365e-01 -7.336615299799060796e-01
-5.090032653619839254e-01 4.559121304384676499e-02 8.600096463504069977e-01 4.581897962965599191e+01 3.131806303078110004e-02 9.989159741785923474e-01 -3.446914106886777435e-02 4.717927315928091558e-01 -8.606485767015256139e-01 9.405083981887555483e-03 -5.098789535141793339e-01 -1.195158825382472978e+00
-5.024460468271658709e-01 4.453936074363652048e-02 8.631534280642964019e-01 4.662123051027403164e+01 2.870870140540802626e-02 9.989809262806244039e-01 -3.481814376393223276e-02 4.251784689909148818e-01 -8.638250421654145583e-01 7.271367049763236001e-03 -5.032125070169349845e-01 -1.643098947929436449e+00
-4.987220726637700552e-01 4.197748132969215951e-02 8.658737442457258293e-01 4.745855921179038717e+01 2.453189623941144648e-02 9.991099871339810257e-01 -3.431955622597094441e-02 3.817584138233367508e-01 -8.665435025689628423e-01 4.139938283623848490e-03 -4.993081167254601049e-01 -2.114531578263613376e+00
-4.960425355628065858e-01 3.834609180404504464e-02 8.673928760416000916e-01 4.828589429109855047e+01 1.928882742541309508e-02 9.992645907426478402e-01 -3.312821130556783955e-02 3.429567709873478920e-01 -8.680255297872019327e-01 2.919378655803471783e-04 -4.964174101183484455e-01 -2.573887192704868099e+00
-4.961005015576855914e-01 3.615216298500857628e-02 8.675259875290093348e-01 4.916894407595977157e+01 1.650812227928603534e-02 9.993448495619999816e-01 -3.220579977351442635e-02 2.905790246307525804e-01 -8.681218886565996717e-01 -1.652586832309413823e-03 -4.963724391011923309e-01 -3.056003394809049034e+00
-4.975413980747855902e-01 3.557597355932455574e-02 8.670631066894169958e-01 5.004406167386121496e+01 1.510516286579840356e-02 9.993624710933196598e-01 -3.236149119044712946e-02 2.486581868821908237e-01 -8.676613102057222360e-01 -2.984387835235547196e-03 -4.977616390814613156e-01 -3.539960336042488720e+00
-4.975469918540139092e-01 3.493651072727980977e-02 8.663840309397806694e-01 5.091749547472099380e+01 1.460192929989584214e-02 9.993839101047390372e-01 -3.190548610190851314e-02 2.036617109906198320e-01 -8.669655079521235708e-01 -3.243451208147962467e-03 -4.977503642002796269e-01 -4.023149827420534841e+00
-4.975238075671543636e-01 3.341908454873595419e-02 8.669545358366740340e-01 5.182406450575218315e+01 1.428833284273591832e-02 9.994378459701995787e-01 -3.033625747107964593e-02 1.574733428414039071e-01 -8.674807077513079223e-01 -2.692341098797705265e-03 -4.977216265034785092e-01 -4.549931255453722123e+00
-4.960992245258056821e-01 3.308454850258844837e-02 8.672299052582788104e-01 5.273047651197383345e+01 1.478043164041290512e-02 9.994505404260618509e-01 -2.964603853048620313e-02 1.131430960349747161e-01 -8.677349554742660453e-01 -1.921462863360105496e-03 -4.963154942240019518e-01 -5.050097963745882268e+00
-4.989147908647078022e-01 3.245911969605551339e-02 8.661842904632515161e-01 5.364495743491198709e+01 1.394831890699354746e-02 9.994698151788867779e-01 -2.944104673641020214e-02 6.729593277831290299e-02 -8.666801320662755881e-01 -2.582750605742172977e-03 -4.991029955628056292e-01 -5.561400784509204165e+00
-4.975515093407269496e-01 3.109192281295296290e-02 8.669267691293048861e-01 5.456729398223843930e+01 1.221750675963959205e-02 9.995095526815026554e-01 -2.884178942783891669e-02 1.986776530085044429e-02 -8.673981850525803727e-01 -3.753224649974323378e-03 -4.976872215310070291e-01 -6.061455181272431325e+00
-4.975328413820538920e-01 3.012871530245684465e-02 8.664652017308278609e-01 5.548693130900313264e+01 1.217264836742136709e-02 9.995405012989820870e-01 -2.775973875012387182e-02 -3.046126464601914274e-02 -8.669036134436530761e-01 -3.268671995658889006e-03 -4.976707961607482744e-01 -6.575057818443862168e+00
-4.961761695236406866e-01 2.936832563761047205e-02 8.675446429900793843e-01 5.639333783050711446e+01 1.059915967675998175e-02 9.995581833384655779e-01 -2.776847702764521919e-02 -7.490807363793634821e-02 -8.679769005104656099e-01 -4.583975543397517637e-03 -4.962681100539148016e-01 -7.075748518609515259e+00
-4.961659710546154067e-01 2.811131226539239150e-02 8.680554015235832921e-01 5.730725161985055394e+01 1.015267668354752524e-02 9.995952861542847234e-01 -2.658087714552608699e-02 -1.305338774736395924e-01 -8.684514919973078673e-01 -4.374111739130848511e-03 -4.962504720782763834e-01 -7.588200558342252933e+00
-4.922913018052600398e-01 2.534551318056649238e-02 8.699889916429884851e-01 5.821732763325980642e+01 1.026039600953268342e-02 9.996754640226740429e-01 -2.332260999892880882e-02 -1.764687321439939449e-01 -8.702978583330225337e-01 -2.553608510796192416e-03 -4.923914184868689037e-01 -8.087854711660147800e+00
-4.908326244835163332e-01 2.459053499443075025e-02 8.712606590346892999e-01 5.915107290095077275e+01 1.170583626831367408e-02 9.996977149568390120e-01 -2.163123536482934248e-02 -2.195370570653469300e-01 -8.715289985577781007e-01 -4.005220011831120376e-04 -4.909721933442638964e-01 -8.613011163032588513e+00
-4.894498388883012918e-01 2.388047580048209551e-02 8.721820665122125282e-01 6.005419827455293103e+01 1.088442407873078423e-02 9.997145269649726496e-01 -2.127355536044810841e-02 -2.683073926456219227e-01 -8.724411509479933491e-01 -9.046686941787446170e-04 -4.895701342245900589e-01 -9.101225172526007157e+00
-4.856034365003318864e-01 2.476507527072302137e-02 8.740339082212746913e-01 6.100340682771207668e+01 1.246357501216093649e-02 9.996931493639418242e-01 -2.141093124635455591e-02 -3.113936046070667207e-01 -8.742960752794096679e-01 5.030095834025260582e-04 -4.857630822712636909e-01 -9.623290404322323965e+00
-4.842094976484688229e-01 2.540014383910911902e-02 8.748484551057524872e-01 6.190404596152760774e+01 1.267683872020112373e-02 9.996772615828857234e-01 -2.202024584867688303e-02 -3.560248986005824512e-01 -8.751254179811113199e-01 4.389937658578350931e-04 -4.843752692082358702e-01 -1.009948914997893255e+01
-4.842675812774256960e-01 2.590272037678209224e-02 8.741734256680040449e-01 6.281126489251247591e+01 1.114030220569562669e-02 9.996630834070140414e-01 -2.343327941688759519e-02 -4.015337442479444685e-01 -8.744862506615047604e-01 -1.621803142528611746e-03 -4.843930700216628749e-01 -1.058654170846116926e+01
-4.871533738220272802e-01 2.809705089524908508e-02 8.730680413970404175e-01 6.371075859275860864e+01 9.722860892634938024e-03 9.995948211409518835e-01 -2.676229800024287897e-02 -4.510712794241714674e-01 -8.734659902815450350e-01 -4.527250682066324451e-03 -4.872293382300268427e-01 -1.108891456313768487e+01
-4.896171189643341859e-01 2.818739200035567938e-02 8.716609537085202586e-01 6.461599509926942630e+01 8.469998433219522171e-03 9.995840009799151771e-01 -2.757064998127251726e-02 -5.023688920015418891e-01 -8.720755915317831564e-01 -6.107201743255241677e-03 -4.896522481692980322e-01 -1.161058778237123157e+01
-4.976229196620793327e-01 2.751123272852347076e-02 8.672295103028044849e-01 6.549294256786140522e+01 8.269649871881537898e-03 9.996019725495886021e-01 -2.697561814098036262e-02 -5.411403124351289451e-01 -8.676266420650214917e-01 -6.242756735775889347e-03 -4.976524411302308271e-01 -1.209491221207307632e+01
-4.998838440696034557e-01 2.380977843745728240e-02 8.656410470800978141e-01 6.639276778777204413e+01 1.080964985685116571e-02 9.997158066061762050e-01 -2.124545781603644559e-02 -6.016971040921118563e-01 -8.659009937808823665e-01 -1.273600934087200766e-03 -4.999990045535559480e-01 -1.262934545733654979e+01
-5.065454194702715407e-01 2.137558813712130482e-02 8.618080524158031608e-01 6.726010289888741056e+01 8.467003988063777353e-03 9.997677825107367244e-01 -1.981458797380327222e-02 -6.441966218144150602e-01 -8.620315783198917448e-01 -2.747965586657232125e-03 -5.066087317919911737e-01 -1.310578187550509988e+01
-5.117976970467391640e-01 2.404783761374405804e-02 8.590239120486048430e-01 6.812527102363173981e+01 9.229542054742228413e-03 9.997047510002396997e-01 -2.247614846066272806e-02 -6.900608247321817768e-01 -8.593106814572694097e-01 -3.567998540400888277e-03 -5.118686575950104345e-01 -1.360786696538314544e+01
-5.174212149721012510e-01 2.645238484399625029e-02 8.552432701284862215e-01 6.900260454407754196e+01 1.011107789800215484e-02 9.996411882484578237e-01 -2.480681216530045488e-02 -7.314028405539541033e-01 -8.555926895133395549e-01 -4.190068358193996083e-03 -5.175030023557939396e-01 -1.412807278206277850e+01
-5.213426507344621763e-01 2.637129454125433994e-02 8.525937237756449072e-01 6.985711898562075817e+01 7.888328289726333209e-03 9.996285496378221058e-01 -2.608291660622569924e-02 -7.768674574247732556e-01 -8.529648647774329406e-01 -6.880080557676187571e-03 -5.213569304737944998e-01 -1.462752639107852914e+01
-5.252253986807129404e-01 2.667792160898264583e-02 8.507539229903693379e-01 7.071917281192678217e+01 7.067189084752349866e-03 9.996110532074591326e-01 -2.697193606701161692e-02 -8.216459141809066002e-01 -8.511427388158228080e-01 -8.157813095280370269e-03 -5.252097602663398090e-01 -1.514541795355136422e+01
-5.280228529999102527e-01 2.625428208736112559e-02 8.483134619898458073e-01 7.153574306705274921e+01 7.096838208756193166e-03 9.996233441162483135e-01 -2.650961596774546736e-02 -8.720168792564866322e-01 -8.486899910129055424e-01 -7.987347381553362366e-03 -5.280102077224781976e-01 -1.565271785685991013e+01
-5.316779294037233816e-01 1.899926373400303431e-02 8.468825326074114201e-01 7.239520905573360210e+01 8.560039772579113720e-03 9.998179717298665281e-01 -1.704667205712352002e-02 -9.132010586609153879e-01 -8.470524315267331517e-01 -1.817739824014926679e-03 -5.317437415334490547e-01 -1.618430988422326777e+01
-5.329931083330188279e-01 1.016557248616727083e-02 8.456723935290030303e-01 7.321099190795142420e+01 8.534323725726700866e-03 9.999415610377139219e-01 -6.635794696580098705e-03 -9.509534913392447830e-01 -8.456905402456132981e-01 3.672315628944084961e-03 -5.330485732491286877e-01 -1.672911907103023665e+01
-5.357916980060846157e-01 6.895685102503687318e-03 8.437213650708385027e-01 7.404784034597436460e+01 8.377412188904025114e-03 9.999608608604516613e-01 -2.852186786124177951e-03 -9.796903827464351622e-01 -8.437080182165872522e-01 5.544884242925519902e-03 -5.358283701984222214e-01 -1.724515205211399760e+01
-5.358173663205103576e-01 1.192924964212560036e-02 8.438515308626284295e-01 7.487327603231069872e+01 8.332518300059221089e-03 9.999261855422811873e-01 -8.838863677522807577e-03 -1.004526291216482514e+00 -8.438947805648508993e-01 2.290868256476037614e-03 -5.358771030657648593e-01 -1.777711646374783072e+01
-5.358456462608390813e-01 1.763630133367451863e-02 8.434990192422734401e-01 7.568358803939148061e+01 9.464540660700751507e-03 9.998442453644905692e-01 -1.489017435110317859e-02 -1.038103095268881670e+00 -8.436305364993853528e-01 -5.376403095942334105e-06 -5.359290075814348020e-01 -1.828211576586236120e+01
-5.395929725872395943e-01 2.287746215288555957e-02 8.421096696747407684e-01 7.649915250937058886e+01 1.548156208159649772e-02 9.997313817507992306e-01 -1.725118792877175858e-02 -1.072007876678118032e+00 -8.422779870270415969e-01 3.738029603494180328e-03 -5.398022222777258960e-01 -1.881455469953401050e+01
-5.380958398992523595e-01 2.309243832209799049e-02 8.431934576092305900e-01 7.732419587846391096e+01 1.909829339951207156e-02 9.997020303821340104e-01 -1.520666328905915209e-02 -1.109035672300488828e+00 -8.432936213580933815e-01 7.922617307246346274e-03 -5.383763769071371330e-01 -1.934521575318832021e+01
-5.356329187068943343e-01 2.111609058036257452e-02 8.435455361667045793e-01 7.814605161375733644e+01 1.912043794120553766e-02 9.997342216841549334e-01 -1.286975342835191410e-02 -1.141850815673680408e+00 -8.435931846857140926e-01 9.229307266148763580e-03 -5.358943823534811912e-01 -1.986875205191729421e+01
-5.356655711566398193e-01 1.431757715756594267e-02 8.441520631824266374e-01 7.895707249384534521e+01 1.617008616426974382e-02 9.998468194787403229e-01 -6.694676696988263211e-03 -1.173741829789361812e+00 -8.441186648865970366e-01 1.006427109992231138e-02 -5.358148852735470369e-01 -2.036385080075719145e+01
-5.357063380892733706e-01 7.930272410025052468e-03 8.446167113134317450e-01 7.978120876730503142e+01 1.371577249156129448e-02 9.999057186627884342e-01 -6.937722140993843236e-04 -1.187799811329600441e+00 -8.445426195001399794e-01 1.121573403498231543e-02 -5.357644125788250111e-01 -2.088589538991151784e+01
-5.358330391605971021e-01 2.296605384009771638e-03 8.439377350327376126e-01 8.059242814070519501e+01 5.653047472690783670e-03 9.999836464564069161e-01 8.669331149067407679e-04 -1.212530525540097770e+00 -8.439218280138863770e-01 5.244718421240576051e-03 -5.358372923811064448e-01 -2.137281415961026809e+01
-5.331664004296456927e-01 -3.251404690660722463e-03 8.456100744112523548e-01 8.141876380544795211e+01 -2.807675700131299652e-03 9.999939757110940519e-01 2.064384608266269655e-03 -1.222619002600399796e+00 -8.456116097270174325e-01 -1.279525364532782322e-03 -5.331723728926849315e-01 -2.187644843456655863e+01
-5.317043909363516896e-01 -2.691253606660045771e-03 8.476435905858733522e-01 8.223468887161008922e+01 4.932183306589930450e-04 9.999937791471201765e-01 3.494483904504722040e-03 -1.246987867517704407e+00 -8.476478276574063164e-01 2.271815525642737615e-03 -5.316996703457782525e-01 -2.238364135040657388e+01
-5.291879512443783407e-01 2.905516681542381040e-04 8.487220124883056993e-01 8.304853049359221018e+01 5.091840077729252977e-03 9.999830205300885844e-01 2.835985800606390713e-03 -1.270588963141627614e+00 -8.487067428039947181e-01 5.825217366856613385e-03 -5.291803818429308137e-01 -2.288730013760286752e+01
-5.225208925487843103e-01 3.902631285354116360e-03 8.523070136960707588e-01 8.385263013524749454e+01 6.280290747298250195e-03 9.999800296872094485e-01 -7.296823530670407164e-04 -1.282177641247897348e+00 -8.522928540755958515e-01 4.974914286787199443e-03 -5.225349113312353078e-01 -2.338582311120596913e+01
-5.144099988828650938e-01 5.677885830699734397e-03 8.577212738392731017e-01 8.466642307187190397e+01 1.068822426873285679e-02 9.999429502321890428e-01 -2.116631898171476324e-04 -1.299103887627385046e+00 -8.576735803159581950e-01 9.058296642015479377e-03 -5.144411444607436268e-01 -2.387608888929257844e+01
-5.076794849043245739e-01 8.436324020867379259e-03 8.618382738067130733e-01 8.547765073057942686e+01 1.801934189276131401e-02 9.998373799256172756e-01 8.210552250352997532e-04 -1.328123595098444687e+00 -8.616911492882697310e-01 1.594402098453465491e-02 -5.077488607691259537e-01 -2.435363243614843753e+01
-4.972544453255320906e-01 7.312335542072384911e-03 8.672090074206013632e-01 8.630508891744298694e+01 1.687039944619867990e-02 9.998569091335617331e-01 1.247624498550529764e-03 -1.348132309227397130e+00 -8.670758346577762676e-01 1.525390474304555433e-02 -4.973067103290257363e-01 -2.482648985730788738e+01
-4.868855557377474441e-01 4.462357017703023204e-03 8.734684877704274042e-01 8.713927583656942488e+01 1.344220209863808413e-02 9.999068211478506774e-01 2.385097142885778381e-03 -1.361603336328794267e+00 -8.733765786697260669e-01 1.290463830287468666e-02 -4.869001854883808766e-01 -2.526403098801492320e+01
-4.751082908785713710e-01 1.321780747447384849e-03 8.801293319157427186e-01 8.797173080874074458e+01 1.463603447709787946e-02 9.998724102072560349e-01 6.397469525214882248e-03 -1.379968088128211923e+00 -8.800087203220697818e-01 1.591782032289576487e-02 -4.750670480148266317e-01 -2.571563815711908063e+01
-4.633720968287707853e-01 -6.755863062459958402e-04 8.863729896060028590e-01 8.881683054673528943e+01 1.308800038792418477e-02 9.998855087863643964e-01 7.603527830764564462e-03 -1.394142523260511357e+00 -8.862767094249550670e-01 1.511956365201721532e-02 -4.633102356975991598e-01 -2.614722771253341094e+01
-4.530355404626310589e-01 -1.572729078325831422e-03 8.915309577445900135e-01 8.965497050102550247e+01 1.267514987910760976e-02 9.998860276656766910e-01 8.206413215783192605e-03 -1.397041016438446137e+00 -8.914423676231131299e-01 1.501639681714039831e-02 -4.529639627641876554e-01 -2.655182576640919834e+01
-4.389243597742118475e-01 -9.800061425426361775e-04 8.986138029059826948e-01 9.051659700544443865e+01 1.532107483546602845e-02 9.998458309882073403e-01 8.574633377497815900e-03 -1.418488754611407332e+00 -8.984837610587100842e-01 1.753070727764878545e-02 -4.388417411801209256e-01 -2.697556545765446145e+01
