1.0 0.0 0.0 0.0 0.0 1.0 0.0 0.0 0.0 0.0 1.0 0.0
0.9999754 0.0070046796 -0.00037261838 0.08508301 -0.007003849 0.9999731 0.0021844306 0.036254883 0.00038791407 -0.002181767 0.99999756 -0.0048828125
0.99935436 0.035927825 -5.0553004e-05 0.28442383 -0.03592726 0.9993447 0.0043915813 -0.016723633 0.00020833098 -0.0043869293 0.99999034 0.0036621094
0.99794877 0.0639651 0.002850029 0.44091797 -0.06398139 0.99793345 0.0060475213 -0.032592773 -0.0024573572 -0.006217431 0.99997765 -0.0034179688
0.99515665 0.09818074 0.0052351123 0.6151123 -0.098211 0.9951501 0.005876122 -0.079589844 -0.0046329047 -0.0063615255 0.99996907 -0.0064697266
0.9908292 0.13491173 0.007153402 0.8116455 -0.13493706 0.9908465 0.00318415 -0.14709473 -0.006658217 -0.004120345 0.99996936 -0.0036621094
0.9845407 0.17493556 0.007911277 1.0009766 -0.1749386 0.9845719 -0.0003125086 -0.2006836 -0.007843891 -0.0010765782 0.99996865 -0.0012207031
0.9759884 0.2175801 0.009583819 1.1986084 -0.21758594 0.97603405 -0.00044301187 -0.28222656 -0.009450454 -0.0016532388 0.999954 -0.005859375
0.9641487 0.2650985 0.013075146 1.4346924 -0.26511115 0.9642335 -0.0007863335 -0.36279297 -0.012816129 -0.0027070174 0.9999142 -0.014160156
0.94963104 0.31271666 0.019485148 1.6553955 -0.31269956 0.94982815 -0.0039975597 -0.48583984 -0.019757787 -0.0022980447 0.9998021 -0.019042969
0.9327996 0.3594807 0.025150955 1.8719482 -0.35924003 0.9331312 -0.013667664 -0.62158203 -0.028382268 0.0037129447 0.9995902 -0.010986328
0.9107785 0.41194788 0.028043482 2.1204834 -0.41154355 0.9111909 -0.01918572 -0.7348633 -0.03345714 0.0059320126 0.9994225 -0.010498047
0.8864975 0.4615987 0.03217245 2.3562012 -0.46114662 0.8870738 -0.020731486 -0.9296875 -0.038109154 0.0035447525 0.9992675 -0.014038086
0.85784835 0.51263463 0.035162944 2.583252 -0.5121298 0.8585676 -0.022801656 -1.0938721 -0.041878052 0.0015469091 0.99912125 -0.037963867
0.8259871 0.5624454 0.03712463 2.8237305 -0.56175095 0.82681775 -0.028031832 -1.3046875 -0.046464108 0.0022978168 0.9989173 -0.041381836
0.7895342 0.61255753 0.037770875 3.036255 -0.6116283 0.7904292 -0.03392358 -1.5292969 -0.05063459 0.0036745202 0.99870986 -0.045166016
0.75123173 0.6588363 0.037624095 3.286377 -0.65775776 0.752164 -0.03786609 -1.7735596 -0.05325404 0.0036968254 0.99857444 -0.06286621
0.71294117 0.7003821 0.03624261 3.5098877 -0.69917697 0.71385014 -0.04126866 -2.052002 -0.05477138 0.0040844698 0.9984905 -0.076293945
0.6697321 0.7418686 0.035699453 3.736206 -0.740587 0.6706775 -0.043673288 -2.3443604 -0.056336183 0.0028080977 0.9984074 -0.09399414
0.62906164 0.7765088 0.03873423 3.9539795 -0.77526253 0.63024855 -0.044034503 -2.6661377 -0.058601942 -0.0023212302 0.998279 -0.12475586
0.5859755 0.80939865 0.039227452 4.1953125 -0.8082042 0.587259 -0.04433265 -3.0031738 -0.058914896 -0.005720418 0.9982467 -0.14477539
0.545365 0.8373212 0.040537115 4.4039307 -0.8361002 0.54679906 -0.04603767 -3.3718262 -0.060714837 -0.008785505 0.9981165 -0.16906738
0.5070275 0.86093265 0.040539436 4.6309814 -0.85961366 0.5085443 -0.04870458 -3.7843018 -0.062552564 -0.010158582 0.99798995 -0.19055176
0.4687218 0.88231975 0.04140102 4.8428955 -0.8810818 0.470349 -0.04868391 -4.211548 -0.062423125 -0.013669817 0.99795544 -0.21911621
0.43325526 0.9004572 0.040146872 5.052368 -0.8992189 0.4348631 -0.049422305 -4.675659 -0.06197153 -0.014683086 0.99797064 -0.24804688
0.39899328 0.9161745 0.03638308 5.2492676 -0.91503114 0.40039662 -0.047895536 -5.1696777 -0.058467373 -0.014170468 0.99819005 -0.27648926
0.3691721 0.9288712 0.031825025 5.442871 -0.92777467 0.3703387 -0.046764832 -5.688843 -0.055211663 -0.012261674 0.998399 -0.31188965
0.34470445 0.9382901 0.028971966 5.630493 -0.93729806 0.3457205 -0.044706922 -6.244995 -0.05196326 -0.011744525 0.99858 -0.3446045
0.32250133 0.9461363 0.026304822 5.8288574 -0.9451166 0.32340804 -0.045123335 -6.8168945 -0.05119532 -0.010306674 0.9986354 -0.37548828
0.30903423 0.9506709 0.025266308 6.012329 -0.9496551 0.3099017 -0.04506967 -7.435547 -0.05068785 -0.010065433 0.99866426 -0.41125488
0.29708028 0.9545406 0.02422294 6.210083 -0.9534189 0.2979276 -0.047137972 -8.041016 -0.052223463 -0.009097399 0.9985942 -0.43676758
0.28603774 0.9578152 0.025300331 6.3980713 -0.956615 0.2869737 -0.049014922 -8.67334 -0.05420591 -0.010179057 0.9984779 -0.47143555
0.27612215 0.960686 0.027294647 6.606079 -0.9594033 0.2772045 -0.051072706 -9.359253 -0.05664256 -0.012089053 0.9983216 -0.5093994
0.26438242 0.9638812 0.028283756 6.7871094 -0.9625505 0.26555356 -0.05237408 -10.055054 -0.058003023 -0.013372299 0.9982273 -0.545166
0.2549287 0.9664278 0.029240232 6.985718 -0.9650255 0.25619254 -0.054031022 -10.779175 -0.05970243 -0.014427129 0.9981122 -0.57958984
0.24424121 0.96927303 0.02935407 7.17688 -0.96777385 0.24555568 -0.05589086 -11.515259 -0.06136597 -0.014748695 0.99800605 -0.6270752
0.23469792 0.9716161 0.02930376 7.3653564 -0.9700155 0.23605241 -0.057718597 -12.281494 -0.06297096 -0.014879334 0.9979033 -0.66748047
0.22441934 0.97394973 0.03117029 7.5390625 -0.972239 0.22594926 -0.060114615 -13.061401 -0.06557621 -0.016815837 0.99770504 -0.71398926
0.21153377 0.9767669 0.03343232 7.716919 -0.974863 0.21330827 -0.06388622 -13.846313 -0.069515504 -0.019077668 0.99739754 -0.765625
0.20053463 0.97919613 0.03380621 7.8845215 -0.9770411 0.20243216 -0.06775694 -14.657837 -0.07320574 -0.019434232 0.9971287 -0.8095703
0.18760715 0.98167604 0.034566306 8.051025 -0.97943 0.18962707 -0.06954908 -15.460205 -0.07482739 -0.020807715 0.99697936 -0.85668945
0.17096078 0.98463637 0.034674607 8.190796 -0.9823312 0.17305481 -0.07085271 -16.274292 -0.075739965 -0.021929666 0.9968858 -0.9071045
0.15864281 0.9867129 0.034376346 8.327026 -0.9844432 0.16073866 -0.070626564 -17.087524 -0.075199015 -0.022637077 0.9969107 -0.9564209
0.14064379 0.98945135 0.0346758 8.453125 -0.9873106 0.14277518 -0.06951343 -17.909424 -0.073717825 -0.024448618 0.996979 -1.0026855
0.12108491 0.99197155 0.036418732 8.562622 -0.9899965 0.1233567 -0.06845322 -18.74646 -0.07239355 -0.027759949 0.9969898 -1.0571289
0.095588505 0.99470246 0.0381551 8.647339 -0.9929321 0.09799516 -0.067170784 -19.579346 -0.070525646 -0.031461675 0.99701244 -1.1052246
0.065802105 0.9969887 0.041707374 8.711548 -0.9953887 0.06852357 -0.06753171 -20.430542 -0.070187606 -0.037105016 0.99684304 -1.1599121
0.031139372 0.9986599 0.0413046 8.74646 -0.9971772 0.033864196 -0.066993095 -21.28601 -0.06830379 -0.039106607 0.9968978 -1.2070312
-0.0032709835 0.9991282 0.04160699 8.751099 -0.99776036 -0.0004819621 -0.06686086 -22.13501 -0.06680561 -0.041742194 0.99689364 -1.2520752
-0.03745852 0.99849427 0.039846644 8.723389 -0.9971938 -0.034768704 -0.06613956 -23.009644 -0.06467407 -0.042250067 0.9970124 -1.2984619
-0.070208065 0.9967524 0.0404082 8.661865 -0.9956283 -0.06748868 -0.065173805 -23.858154 -0.062235612 -0.04476827 0.9970574 -1.3321533
-0.101723544 0.99389327 0.04223858 8.577637 -0.9931472 -0.099025264 -0.06170029 -24.71875 -0.057159193 -0.04822561 0.99720055 -1.3818359
-0.13420092 0.99022573 0.038163178 8.462158 -0.9895547 -0.13186015 -0.058388166 -25.58313 -0.05277174 -0.04558624 0.9975651 -1.4180908
-0.16529775 0.9857329 0.033029243 8.313477 -0.985183 -0.16343701 -0.05277943 -26.422607 -0.04663716 -0.041263383 0.99805987 -1.4470215
-0.19740999 0.9800369 0.026101567 8.15564 -0.97953814 -0.19606437 -0.046770047 -27.278076 -0.040725823 -0.034786712 0.99856496 -1.46875
-0.22565724 0.9740072 0.020700505 7.9525146 -0.973553 -0.22466007 -0.041971203 -28.110474 -0.03623492 -0.029624328 0.9989042 -1.4957275
-0.25124454 0.96795475 0.0126958145 7.7319336 -0.9675198 -0.25065935 -0.03600514 -28.945435 -0.0316685 -0.021327384 0.999271 -1.5148926
-0.27846587 0.9604022 0.008575544 7.4769287 -0.96019 -0.2781782 -0.025327032 -29.77649 -0.021933552 -0.015276913 0.99964255 -1.5245361
-0.30444136 0.9524693 0.0076711103 7.224365 -0.95246595 -0.30435228 -0.0109225735 -30.591064 -0.008067509 -0.010633562 0.9999109 -1.526001
-0.32619298 0.9451831 0.012783953 6.956299 -0.9452147 -0.32628992 0.006359618 -31.37915 0.010184836 -0.010011703 0.99989796 -1.5195312
-0.35186204 0.93592143 0.019563667 6.6623535 -0.9357419 -0.35223973 0.021287236 -32.171875 0.026820328 -0.010828281 0.9995818 -1.5119629
-0.3754654 0.92637444 0.020133361 6.343994 -0.9258527 -0.3759447 0.031789463 -32.961304 0.03702678 -0.006686043 0.99929154 -1.4816895
-0.39919367 0.91663116 0.019157877 6.016968 -0.9159484 -0.3996388 0.035535593 -33.73828 0.040224236 -0.0033659674 0.9991849 -1.4362793
-0.41995358 0.9071568 0.017402066 5.657715 -0.9065026 -0.42031142 0.034467522 -34.52185 0.038576003 -0.0012848338 0.99925435 -1.3909912
-0.44288778 0.89701337 0.012182773 5.2875977 -0.8965084 -0.44304866 0.030194163 -35.27649 0.032467984 0.0024396484 0.99947006 -1.3531494
-0.4598432 0.88763136 0.0036078598 4.892212 -0.88722837 -0.45975015 0.028528098 -36.033813 0.026982028 0.009928157 0.9995864 -1.3133545
-0.47406587 0.88030124 4.338473e-05 4.491089 -0.879917 -0.47386032 0.029520754 -36.756836 0.026010033 0.013956902 0.9995642 -1.2747803
-0.4845333 0.87449336 -0.00031153485 4.0821533 -0.8740382 -0.4842694 0.032430813 -37.490356 0.028209478 0.015987594 0.99947405 -1.2373047
-0.49503002 0.8688576 -0.0010441802 3.6929932 -0.8683422 -0.49469408 0.035068847 -38.18799 0.029934656 0.018253803 0.99938476 -1.1990967
-0.5043205 0.8636588 0.0069400985 3.2834473 -0.8630416 -0.5042385 0.034595285 -38.89612 0.033382423 0.01144224 0.9993775 -1.1633301
-0.51752245 0.85577714 0.007874589 2.8758545 -0.85522264 -0.51748556 0.032387827 -39.597412 0.031807266 0.010017727 0.99944425 -1.1345215
-0.52420676 0.85146844 0.006340649 2.44458 -0.85089886 -0.5241049 0.033403423 -40.302856 0.031780977 0.01212934 0.9994215 -1.0946045
-0.5309616 0.84758854 0.004292544 1.9959717 -0.84694654 -0.5307452 0.03654887 -41.01233 0.033274885 0.01575901 0.99932265 -1.0584717
-0.53628963 0.8442876 0.005105233 1.5517578 -0.843524 -0.5360453 0.03971107 -41.72058 0.03626609 0.016977279 0.9991983 -1.0281982
-0.5335057 0.8462108 0.006749967 1.0856934 -0.84535235 -0.53329587 0.041497216 -42.460815 0.038706265 0.016404347 0.99911636 -0.9962158
-0.5297422 0.84760666 0.0041297534 0.6275635 -0.84674066 -0.52940935 0.042871833 -43.202393 0.038524125 0.019227233 0.9990722 -0.95581055
-0.5244168 0.8514746 0.004524539 0.16589355 -0.85068744 -0.5241481 0.040524583 -43.951782 0.036892097 0.017394684 0.9991683 -0.91589355
-0.51630944 0.85583735 0.0063867695 -0.31030273 -0.8550627 -0.5161351 0.03932515 -44.735962 0.036953527 0.014861168 0.999206 -0.87854004
-0.509651 0.86080307 0.0073890127 -0.7751465 -0.86002326 -0.50952554 0.03903718 -45.52893 0.037381474 0.013530458 0.9992103 -0.84484863
-0.5029687 0.8639454 0.009503252 -1.2263184 -0.86317635 -0.5029393 0.038054403 -46.329712 0.037657358 0.010952559 0.9992304 -0.8018799
-0.49904752 0.86661136 0.012626904 -1.7000732 -0.8659092 -0.49916124 0.035533916 -47.16577 0.03710441 0.006788676 0.99928856 -0.7619629
-0.49613988 0.86802816 0.01646184 -2.161377 -0.8674424 -0.4964103 0.031926353 -47.99231 0.035873096 0.00155938 0.99935484 -0.7264404
-0.49608842 0.8680907 0.018403038 -2.6446533 -0.8675825 -0.49642813 0.029728988 -48.875 0.03494455 -0.0012209085 0.99938846 -0.6777344
-0.49746794 0.86761016 0.019738996 -3.1293945 -0.8671248 -0.49785298 0.0291358 -49.749756 0.03511038 -0.0026326766 0.99938035 -0.6397705
-0.49745798 0.866909 0.019991308 -3.6138916 -0.86644626 -0.49784935 0.028491316 -50.622925 0.034658965 -0.0031306953 0.9993939 -0.59851074
-0.4974431 0.86742663 0.019441783 -4.14209 -0.86701393 -0.49781135 0.026978407 -51.52881 0.033084787 -0.0034449478 0.99944687 -0.55566406
-0.49604654 0.8676904 0.018663414 -4.644165 -0.8672858 -0.4963881 0.026658377 -52.43457 0.032384302 -0.0029419446 0.9994705 -0.5151367
-0.498831 0.8666247 0.019333152 -5.155884 -0.8662428 -0.49919173 0.02600225 -53.348877 0.03220433 -0.0037895266 0.99947476 -0.4732666
-0.49741167 0.8673221 0.020497795 -5.657715 -0.8669893 -0.49780354 0.02464861 -54.270508 0.031586885 -0.0055129523 0.999486 -0.42980957
-0.49740547 0.8668312 0.020007646 -6.1727295 -0.8665253 -0.49777672 0.023683218 -55.18982 0.030508615 -0.005552709 0.99951905 -0.3831787
-0.4959943 0.8678836 0.02132102 -6.675171 -0.8676097 -0.4964013 0.0229384 -56.095337 0.030496666 -0.007122133 0.9995095 -0.34277344
-0.4959858 0.868357 0.02111281 -7.188965 -0.868119 -0.49637735 0.021684937 -57.008667 0.029304285 -0.0075696544 0.999542 -0.29077148
-0.49216002 0.87021893 0.019277828 -7.6914062 -0.87004393 -0.49248144 0.018965574 -57.917725 0.02600634 -0.007437393 0.9996342 -0.24780273
-0.49076584 0.8714769 0.01712451 -8.218628 -0.87130666 -0.4910284 0.018234175 -58.850464 0.024298538 -0.0059855036 0.99968714 -0.20825195
-0.48936293 0.87237966 0.017625637 -8.708618 -0.8722297 -0.48963335 0.017540272 -59.752808 0.023922903 -0.0068010394 0.99969083 -0.16345215
-0.48556423 0.8742563 0.01620991 -9.2335205 -0.87407655 -0.48580706 0.018470384 -60.700684 0.024023585 -0.0052032876 0.9996979 -0.12463379
-0.48417208 0.87508655 0.016272666 -9.711548 -0.87489176 -0.48442006 0.01912193 -61.600464 0.024617624 -0.004985205 0.99968463 -0.084350586
-0.4841673 0.87442076 0.018328976 -10.199829 -0.87422496 -0.48446983 0.019616187 -62.507324 0.026033092 -0.0065202937 0.9996396 -0.04345703
-0.48696288 0.87336767 0.021247787 -10.702393 -0.87313247 -0.48736176 0.021775495 -63.406494 0.029386055 -0.007959684 0.99953675 0.0009765625
-0.4893702 0.8719563 0.022832124 -11.224487 -0.8717316 -0.48981598 0.02183423 -64.311646 0.030218918 -0.009224557 0.9995008 0.048095703
-0.49737307 0.8675048 0.022982571 -11.70752 -0.8673004 -0.49781418 0.021064542 -65.189575 0.029711166 -0.00945953 0.99951386 0.08312988
-0.49978915 0.86583585 0.018009346 -12.242798 -0.8656898 -0.5000655 0.017342504 -66.08972 0.024014916 -0.0069173616 0.9996876 0.1418457
-0.50639844 0.8619392 0.019491034 -12.718262 -0.8618617 -0.5066881 0.014827046 -66.95801 0.022653652 -0.009285958 0.9997002 0.1809082
-0.5116354 0.85921645 0.020327669 -13.219849 -0.8590821 -0.5119678 0.017437844 -67.823364 0.02537263 -0.008552568 0.9996416 0.22216797
-0.51725024 0.855499 0.020960273 -13.739502 -0.85530514 -0.51761746 0.019771852 -68.70117 0.027771398 -0.007696109 0.9995847 0.2590332
-0.5210783 0.85283494 0.023653496 -14.23877 -0.85266685 -0.5215201 0.019637479 -69.55603 0.029089388 -0.009935261 0.99952734 0.30041504
-0.5249169 0.85099703 0.024941806 -14.756592 -0.8508326 -0.52539843 0.019898826 -70.41809 0.030016446 -0.010777197 0.9994912 0.3413086
-0.52772135 0.84854585 0.024769068 -15.26416 -0.8483914 -0.5281925 0.019437065 -71.234985 0.029592082 -0.010753422 0.99950415 0.3885498
-0.5315565 0.8469677 0.018599205 -15.796265 -0.8469314 -0.53180057 0.012152962 -72.09485 0.020169443 -0.009293497 0.99975336 0.42944336
-0.5329647 0.8456501 0.013091888 -16.342285 -0.8456948 -0.5330443 0.0033099873 -72.91101 0.009778084 -0.009302884 0.99990886 0.46765137
-0.53578115 0.84368163 0.0112157175 -16.858887 -0.84373474 -0.5358151 8.24593e-06 -73.74805 0.006028232 -0.009462675 0.99993706 0.4942627
-0.5357698 0.8438418 0.014480176 -17.391968 -0.8438805 -0.5358809 0.0050367266 -74.572266 0.012013538 -0.009519668 0.99988246 0.513916
-0.5357674 0.8435663 0.016784329 -17.898071 -0.8435397 -0.5359643 0.0107375225 -75.38159 0.018069334 -0.008396776 0.9998013 0.5422363
-0.5396492 0.8422829 0.013064641 -18.430786 -0.8421355 -0.53980213 0.015946448 -76.19653 0.020477336 -0.0024055773 0.9997875 0.5722656
-0.53826386 0.84335583 0.008879794 -18.963501 -0.84320116 -0.5383359 0.016187934 -77.02051 0.018421717 0.0012200037 0.9998296 0.6068115
-0.5358057 0.8436662 0.0075561665 -19.489258 -0.8435471 -0.5358574 0.014235849 -77.841675 0.016066266 0.0012640553 0.99987 0.63720703
-0.5357719 0.8441792 0.0067131883 -19.985718 -0.8441481 -0.5358115 0.0074420692 -78.65234 0.00988119 -0.0016790661 0.99994975 0.6678467
-0.535768 0.8445965 0.00555354 -20.509277 -0.8446059 -0.5357811 0.0010594577 -79.47595 0.0038722113 -0.004125526 0.999984 0.68066406
-0.5358123 0.8438754 0.011509258 -20.99707 -0.843951 -0.53579754 -0.0045901053 -80.28711 0.0023025451 -0.012181675 0.99992317 0.70251465
-0.5331131 0.845458 0.01801871 -21.502563 -0.84564936 -0.53301823 -0.010116698 -81.11243 0.0010582337 -0.020628361 0.99978656 0.7095947
-0.5316727 0.84754413 0.014475761 -22.01184 -0.8476676 -0.5315875 -0.00952552 -81.92688 -0.00039136596 -0.01732682 0.9998499 0.7312012
-0.52917224 0.8486615 0.01092051 -22.517944 -0.8487318 -0.52913225 -0.0065104854 -82.73938 0.00025084894 -0.0127166845 0.9999192 0.7513428
-0.52249837 0.85224855 0.011763155 -23.02002 -0.85232157 -0.5225042 -0.002823208 -83.54114 0.0037466506 -0.011504505 0.9999268 0.7585449
-0.51443475 0.8576909 0.007674262 -23.514648 -0.8577194 -0.51444364 -0.0009403534 -84.35217 0.0031408325 -0.007065622 0.9999702 0.77233887
-0.50779414 0.8618116 0.0007829047 -23.996216 -0.8618096 -0.50779474 0.0019114722 -85.16113 0.0020450396 0.0002951813 0.9999979 0.79833984
-0.49735072 0.8671835 0.0014466445 -24.473877 -0.8671834 -0.4973521 0.00090497755 -85.986084 0.0015054857 -0.00080390304 0.99999857 0.8149414
-0.48693678 0.8734433 0.0037739163 -24.916138 -0.87345135 -0.48693338 -0.0018251778 -86.81763 0.00024395995 -0.004187195 0.99999124 0.8249512
-0.47514975 0.8801077 0.00073184643 -25.373291 -0.88009936 -0.47514126 -0.0048220525 -87.64734 -0.0038964737 -0.0029340615 0.9999881 0.8409424
-0.46339607 0.8863595 0.001500658 -25.81018 -0.8863453 -0.46337733 -0.0066857934 -88.489746 -0.0052318396 -0.0044258498 0.9999766 0.8515625
-0.45305347 0.89152193 0.0015766951 -26.219727 -0.89150345 -0.4530309 -0.0074663977 -89.32544 -0.0059440807 -0.0047877734 0.9999709 0.85058594
-0.43895057 0.89860106 -0.00097126106 -26.64978 -0.8985784 -0.4389467 -0.006709531 -90.18396 -0.006456039 -0.002073284 0.999977 0.868042
-0.42627838 0.90444064 -0.00064905465 -27.050415 -0.9044377 -0.42627865 -0.0022898691 -91.018555 -0.0023485993 -0.0003896543 0.99999714 0.87475586
-0.41602775 0.90890735 0.0019201668 -27.431274 -0.9088804 -0.41603038 0.0070964247 -91.85095 0.007251118 0.0012116653 0.999973 0.88183594
-0.40207207 0.91562986 0.004139268 -27.802979 -0.9155604 -0.40209258 0.011298808 -92.698364 0.012005088 0.0007533166 0.99992764 0.90319824
-0.39158162 0.9200838 0.0036519447 -28.158936 -0.92003715 -0.39159855 0.009280085 -93.55823 0.009971848 0.00027378104 0.99995023 0.9094238
-0.37905845 0.92536336 0.0017452175 -28.510742 -0.9253519 -0.37906253 0.004586596 -94.42078 0.0049055903 0.00012382228 0.99998796 0.93640137
-0.36890718 0.92942774 0.005947941 -28.834473 -0.929418 -0.36893845 0.005483684 -95.27551 0.007286953 -0.0035023189 0.9999673 0.95373535
-0.36289272 0.9315708 0.013476641 -29.14978 -0.93155956 -0.36303326 0.0100179985 -96.1416 0.014226095 -0.008913132 0.999859 0.9719238
-0.35552168 0.93441314 0.02164387 -29.477417 -0.93441826 -0.35586363 0.014684997 -97.01428 0.021423236 -0.015007127 0.9996579 0.9942627
-0.35252783 0.935265 0.026508916 -29.796509 -0.9353304 -0.35299894 0.015741697 -97.888306 0.024094965 -0.019239018 0.9995245 1.029419
-0.34885418 0.9365206 0.028125996 -30.108032 -0.9366216 -0.34936306 0.015683834 -98.7666 0.024529029 -0.02086144 0.99948114 1.0568848
-0.34314254 0.9387527 0.030111048 -30.423218 -0.93892974 -0.3436722 0.014492659 -99.655396 0.023949143 -0.023293972 0.9994416 1.1003418
-0.33786964 0.9405077 0.03007303 -30.731323 -0.940739 -0.33834317 0.012202464 -100.527954 0.021669615 -0.024167303 0.999473 1.1223145
-0.33285666 0.94263256 0.026971633 -31.041992 -0.942866 -0.3331805 0.008432252 -101.402466 0.016929675 -0.02262197 0.9996007 1.1508789
-0.32624617 0.94490486 0.026399909 -31.343384 -0.9451677 -0.32650056 0.005856148 -102.29321 0.014161368 -0.023048645 0.9996341 1.1843262
-0.32035685 0.9466693 0.03170207 -31.625 -0.9470804 -0.32066908 0.0051683756 -103.16504 0.01507072 -0.028382981 0.99948364 1.2022705
-0.31312498 0.9486699 0.03933026 -31.898071 -0.94929606 -0.31362036 0.006947419 -104.02637 0.018955437 -0.03516583 0.99920154 1.2178955
-0.30652976 0.95076513 0.040862225 -32.169067 -0.9514147 -0.30711368 0.008701874 -104.8916 0.020844517 -0.03620897 0.99912655 1.2576904
-0.29853165 0.95364666 0.037569895 -32.446777 -0.9541073 -0.2991644 0.012406041 -105.75403 0.023062725 -0.032140743 0.9992172 1.2851562
-0.29268548 0.9553484 0.039003942 -32.714844 -0.95591074 -0.293272 0.010138628 -106.62988 0.02113748 -0.034313437 0.99918735 1.3206787
-0.28489363 0.9578817 0.041059893 -32.95996 -0.95862615 -0.28531092 0.004579246 -107.48999 0.016080886 -0.038060218 0.99914646 1.3536377
-0.27681133 0.9599047 0.039876647 -33.21399 -0.9606416 -0.27711782 0.0022576265 -108.3916 0.013233834 -0.03768805 0.9992017 1.3775635
-0.2709682 0.9615006 0.043461327 -33.452637 -0.9623368 -0.27143723 0.0051586293 -109.249756 0.016781535 -0.040441293 0.999041 1.4051514
-0.26374218 0.9636379 0.043412257 -33.695557 -0.9644157 -0.26433584 0.008452879 -110.13501 0.019622391 -0.039644584 0.9990213 1.4259033
-0.2550285 0.9657327 0.04455595 -33.91382 -0.9665504 -0.2556617 0.0090441955 -111.00366 0.020137915 -0.040770076 0.99896556 1.4508057
-0.25014198 0.9671828 0.04525738 -34.132446 -0.9680474 -0.25075194 0.008261398 -111.88574 0.019316737 -0.041732393 0.99894184 1.4787598
-0.23986183 0.96991915 0.04168966 -34.346924 -0.970643 -0.24040647 0.008505942 -112.7605 0.01828435 -0.038433984 0.99909395 1.5075684
-0.23336886 0.97160804 0.03703534 -34.55725 -0.9721567 -0.23384568 0.009048307 -113.64026 0.017449027 -0.033883076 0.9992731 1.534668
-0.2269274 0.97337455 0.03542667 -34.77942 -0.97386724 -0.22738457 0.009414579 -114.5376 0.01721102 -0.032376766 0.9993279 1.5717773
-0.21907485 0.9747944 0.042132553 -34.95105 -0.97555935 -0.21958242 0.0077620368 -115.427124 0.016819268 -0.03939741 0.9990818 1.5939941
-0.212106 0.97627354 0.045442108 -35.147217 -0.9772141 -0.21256933 0.0055670757 -116.31909 0.015093619 -0.043223713 0.99895144 1.621582
-0.20703244 0.97731113 0.043389756 -35.34131 -0.97817427 -0.20744154 0.005089373 -117.23523 0.013994734 -0.04139099 0.9990448 1.654419
-0.20261803 0.9783633 0.041277025 -35.526245 -0.97914064 -0.20300111 0.0052653793 -118.11621 0.0135440165 -0.039359424 0.99913335 1.6728516
-0.19842313 0.9793596 0.041067682 -35.710693 -0.9801112 -0.19885205 0.006601987 -119.02185 0.01462587 -0.038942263 0.9991346 1.7026367
-0.19114958 0.9809369 0.034294862 -35.904907 -0.9814637 -0.19144425 0.005487936 -119.902466 0.011958085 -0.0326116 0.9993964 1.7229004
-0.1862799 0.98215127 0.027138358 -36.08252 -0.98248357 -0.18645667 0.0041180206 -120.776 0.009088749 -0.025884703 0.9996235 1.7489014
-0.18193091 0.9830021 0.024641324 -36.247192 -0.9832888 -0.18203768 0.0021454613 -121.67554 0.0065926425 -0.02383826 0.9996941 1.7712402
-0.17690088 0.9838442 0.024659375 -36.403442 -0.98410517 -0.17708442 0.0054541645 -122.555664 0.009738088 -0.023308365 0.9996809 1.7741699
-0.1727699 0.98470294 0.0266471 -36.55847 -0.98500174 -0.17299831 0.0065037035 -123.45618 0.011008022 -0.025122216 0.9996238 1.7911377
-0.17277682 0.98466605 0.02775263 -36.70349 -0.9849911 -0.17302272 0.006709229 -124.33765 0.011396609 -0.026179325 0.9995924 1.8048096
-0.17062987 0.98496205 0.02796448 -36.85498 -0.9853086 -0.17083955 0.0052726683 -125.227905 0.009969169 -0.026658788 0.999595 1.8311768
-0.1691531 0.98519874 0.026075665 -36.99768 -0.98552835 -0.1692394 0.0011270482 -126.12219 0.0055298507 -0.025519772 0.9996591 1.845459
-0.16638827 0.98568535 0.025566712 -37.151245 -0.9860162 -0.1663637 -0.003100912 -126.99548 0.0012012003 -0.025728753 0.9996682 1.8613281
-0.1679151 0.98555255 0.024364354 -37.290894 -0.9858524 -0.16782665 -0.0056433016 -127.871826 -0.0014762599 -0.02496177 0.99968743 1.8724365
-0.16636647 0.9856782 0.025601113 -37.440063 -0.9860068 -0.1663828 -0.0015055467 -128.73706 0.0027778817 -0.025504565 0.99967104 1.8869629
-0.16498983 0.98606926 0.02441919 -37.582886 -0.9863461 -0.16511248 0.0030872468 -129.6034 0.0070630596 -0.023576118 0.99969727 1.8946533
-0.16501306 0.9860018 0.027121583 -37.719482 -0.9863447 -0.16515946 0.0032412028 -130.46655 0.0076647345 -0.026219117 0.99962705 1.9051514
-0.16505195 0.9858255 0.028939053 -37.85205 -0.9862293 -0.16516756 0.0016305707 -131.33337 0.0063886065 -0.028262401 0.99958 1.9263916
-0.16434683 0.98615164 0.023714637 -37.999146 -0.9864228 -0.16442452 0.001347586 -132.17468 0.00523159 -0.023163212 0.99971795 1.9450684
-0.16349316 0.98624015 0.025140202 -38.139893 -0.98653394 -0.1636225 0.0031638253 -133.04211 0.0072352355 -0.024286088 0.99967897 1.9666748
-0.1629088 0.9860481 0.034956805 -38.270996 -0.986602 -0.16320382 0.005741871 -133.89087 0.01135952 -0.033551037 0.99937254 1.9799805
-0.16231371 0.9858863 0.041106638 -38.394165 -0.986649 -0.16273163 0.007010661 -134.7605 0.013596289 -0.03941478 0.9991305 1.998169
-0.16292527 0.9857675 0.040795293 -38.519653 -0.9864803 -0.16343772 0.009535866 -135.60596 0.01606596 -0.038681794 0.9991222 2.0197754
-0.16289023 0.9858253 0.038894538 -38.657593 -0.98645145 -0.1634059 0.01044906 -136.49255 0.016650401 -0.036653142 0.9991891 2.05542
-0.16072154 0.98624706 0.0400138 -38.783203 -0.9868795 -0.16133189 0.012512716 -137.302 0.018780574 -0.037477784 0.9991211 2.0650635
-0.15849699 0.98679847 0.031332314 -38.931763 -0.98715365 -0.15893318 0.011930961 -138.15137 0.016768016 -0.029040989 0.9994375 2.0897217
-0.15568125 0.98748434 0.024422754 -39.066772 -0.98772347 -0.15590298 0.0074497666 -139.00012 0.011161669 -0.022970375 0.99967396 2.1226807
-0.15371908 0.9879564 0.0185808 -39.200928 -0.98811525 -0.15379572 0.002760795 -139.84717 0.005576849 -0.01792366 0.9998237 2.1479492
-0.15154305 0.98846346 0.013963042 -39.32605 -0.98854727 -0.15160324 0.0033555892 -140.68408 0.0054247426 -0.013296736 0.99989706 2.158081
-0.14593902 0.9892139 0.014761247 -39.448853 -0.9892857 -0.14604865 0.0066418536 -141.49353 0.008724462 -0.013631759 0.99986905 2.1781006
-0.13886072 0.9902155 0.011754688 -39.55847 -0.99021107 -0.13898574 0.010592563 -142.33191 0.012123419 -0.010163955 0.9998748 2.191162
-0.12968446 0.9914275 0.012082364 -39.673096 -0.9914227 -0.12981772 0.010985759 -143.17712 0.012466493 -0.01055631 0.9998666 2.199585
-0.12072206 0.9926799 0.01007522 -39.772217 -0.9926897 -0.120803356 0.007903318 -143.9635 0.009056476 -0.009044859 0.99991804 2.215332
-0.10885965 0.994103 0.0027544694 -39.858643 -0.9940868 -0.10887455 0.0060262443 -144.77393 0.0062888805 -0.0020825109 0.99997807 2.2453613
-0.09431124 0.99559176 0.002670641 -39.946167 -0.99557596 -0.094325766 0.0059752823 -145.67004 0.006197886 -0.002097195 0.99997854 2.284668
-0.08049095 0.9967564 0.0019727955 -40.002686 -0.99673444 -0.0805025 0.0067504845 -146.4076 0.0068891793 -0.001422639 0.99997526 2.2998047
-0.06611813 0.9978345 0.00020419154 -40.05591 -0.9978082 -0.06611777 0.0072397026 -147.2351 0.0072366823 0.00027278345 0.9999737 2.3135986
-0.05316258 0.9985332 -0.008294796 -40.098267 -0.99852115 -0.05307805 0.010094885 -147.98157 0.009636384 0.00882414 0.9999146 2.3198242
-0.0401777 0.9991879 0.0005673701 -40.115112 -0.9990783 -0.040181644 0.014797193 -148.79321 0.0148098525 2.7636997e-05 0.9998903 2.347046
-0.026701327 0.99961126 0.006115982 -40.115112 -0.99934113 -0.026840206 0.023869932 -149.55054 0.024032228 -0.0054700663 0.9996962 2.3763428
-0.013264059 0.9998048 0.014648439 -40.112183 -0.99941957 -0.0137155065 0.031176088 -150.35925 0.03136371 -0.014216906 0.99940664 2.3936768
