1.000000000000000000e+00 -3.306050084167601550e-19 -2.270457535318767223e-19 -8.673617379884035472e-19 7.546676715296109287e-19 1.000000000000000000e+00 6.237773588823049983e-19 1.387778780781445676e-17 -3.447385680526250622e-20 4.770700176052009879e-20 1.000000000000000222e+00 5.551115123125782702e-17
9.999290927052608691e-01 -2.942041493036902378e-03 1.154093324658430307e-02 1.157083547606850039e-02 2.929767810208063188e-03 9.999951172684705680e-01 1.080300274381792861e-03 -8.592764409496952971e-03 -1.154405607954990358e-02 -1.046418347773956682e-03 9.999328580880972872e-01 2.992474772181193954e-01
9.998130932070039556e-01 -5.377375656704510426e-03 1.856899031335241049e-02 2.569564004445781119e-02 5.356695591376168381e-03 9.999849931593810526e-01 1.162828591811520445e-03 -5.158120596696000315e-03 -1.857496861139043901e-02 -1.063124975163112947e-03 9.998268812086885671e-01 5.884126006775860507e-01
9.997300722422377550e-01 -8.121002317862845848e-03 2.176709655757947878e-02 3.594125099333407569e-02 8.109529477448718451e-03 9.999669612391532958e-01 6.151753521894188278e-04 -1.674395980448994958e-02 -2.177137513688128315e-02 -4.385317627530105258e-04 9.997628292276544704e-01 8.869559667676976122e-01
9.997740358396408622e-01 -9.297277595642887069e-03 1.910909557546612222e-02 4.084744824964436222e-02 9.323098071214551766e-03 9.999557380362307235e-01 -1.261768458191126450e-03 -2.101680122025108288e-02 -1.909651336417909906e-02 1.439727415841883518e-03 9.998165155680984739e-01 1.197543643849949380e+00
9.998550441858324866e-01 -1.167320751289230296e-02 1.239407128123338336e-02 3.702746692397134581e-02 1.170225824603426078e-02 9.999289138676608069e-01 -2.273446063411344899e-03 -1.779560827151531466e-02 -1.236664324600224990e-02 2.418156471644460764e-03 9.999206413270003146e-01 1.517412238197931140e+00
9.999197640601192871e-01 -1.264218293150802704e-02 7.488046888056704284e-04 3.620521860674310449e-02 1.264507934191793498e-02 9.999119939128208179e-01 -3.998928546318450232e-03 -2.563590987763338103e-02 -6.981698216871438933e-04 4.008078174037069466e-03 9.999917526738801854e-01 1.843136133972763879e+00
9.998061597913809884e-01 -1.233314770584916474e-02 -1.534548995059864702e-02 1.090514256711091166e-02 1.227082819082479619e-02 9.999160842458563181e-01 -4.148790918660156049e-03 -3.317470301616287642e-02 1.539538104293841636e-02 3.959622412103794981e-03 9.998736364711858782e-01 2.174757125543230085e+00
9.993725448506171061e-01 -8.680464385156023976e-03 -3.432579402231148574e-02 -2.917375378262246008e-02 8.538578361681366941e-03 9.999543655826238497e-01 -4.277572471504543193e-03 -3.961284207564917670e-02 3.436135772579620301e-02 3.981632583936795325e-03 9.994010668426075439e-01 2.522373349373416396e+00
9.985351837280859177e-01 -3.514630110146674691e-03 -5.399425932481867474e-02 -7.201885699600968360e-02 3.237785105577603486e-03 9.999811535929937767e-01 -5.214950879446674653e-03 -3.988032570733550386e-02 5.401157330825905045e-02 5.032475788884474034e-03 9.985277491352193557e-01 2.876441247534565537e+00
9.972628605217866982e-01 -2.721960450511858118e-03 -7.388620867898201827e-02 -1.148451137330155358e-01 2.335717596684120691e-03 9.999831535534141613e-01 -5.313066649578927075e-03 -4.686522497226330852e-02 7.389943458485559447e-02 5.125929299611196518e-03 9.972524176073861435e-01 3.238806172434179675e+00
9.952969294999648442e-01 -4.186236549957198134e-03 -9.678844268804377704e-02 -1.743800187161541060e-01 3.678266727273147435e-03 9.999785117285798774e-01 -5.425332607128140021e-03 -5.371243137241453469e-02 9.680909334182431769e-02 5.043682572791848527e-03 9.952909316428544262e-01 3.618616084133557287e+00
9.932424288090282438e-01 -5.629023812425894280e-03 -1.159189803351534098e-01 -2.334152928506811331e-01 5.235277153473541153e-03 9.999794379010045198e-01 -3.700375517254746085e-03 -6.158168339434483274e-02 1.159374437033596356e-01 3.068505626081318317e-03 9.932515148092853075e-01 4.006898149066517867e+00
9.911717820887527841e-01 -4.430683196687303094e-03 -1.324892262505728002e-01 -3.042244366581988713e-01 4.047072208799171178e-03 9.999868288193051180e-01 -3.165144315797916840e-03 -6.776099888278896977e-02 1.325015058090883158e-01 2.600873972462209791e-03 9.911766585430837884e-01 4.407341750250544088e+00
9.889007241965174222e-01 -2.792247269371939556e-03 -1.485629810162838738e-01 -3.830371555826270202e-01 2.462032258139167009e-03 9.999940512865954645e-01 -2.406542434239781949e-03 -7.364229649910231101e-02 1.485688404692578068e-01 2.014017374890231162e-03 9.889017194776723585e-01 4.820755446173313530e+00
9.869215370135814291e-01 -1.984719181376248896e-03 -1.611738142499759552e-01 -4.700322294225777742e-01 1.608822869538519516e-03 9.999957030623978227e-01 -2.462148942741383163e-03 -7.806502657386420185e-02 1.611780272407051240e-01 2.170584723428816993e-03 9.869204335881139878e-01 5.242966372576841394e+00
9.847051343071172580e-01 -3.863899508209236045e-03 -1.741470500577838587e-01 -5.600766480042739248e-01 3.329777813313624692e-03 9.999888079179577449e-01 -3.357713825012888752e-03 -8.490739010539066767e-02 1.741580938559676717e-01 2.726419675712079931e-03 9.847070001005174822e-01 5.680126810732675224e+00
9.831609820277021905e-01 -5.912120283039973279e-03 -1.826414652173235786e-01 -6.462693001746525612e-01 5.034812585692089067e-03 9.999734370691030216e-01 -5.266097568249625271e-03 -9.866242677489185653e-02 1.826677819252828794e-01 4.257633165623855159e-03 9.831646379100310584e-01 6.130585172284441775e+00
9.816441664019514013e-01 -4.770628339039509856e-03 -1.906128181652853859e-01 -7.467902750012335167e-01 3.491283497531493842e-03 9.999690665188697425e-01 -7.045154544725299242e-03 -1.050372324187298645e-01 1.906405469239466632e-01 6.250257051367003915e-03 9.816304899948286034e-01 6.595136242836273865e+00
9.801387386445098437e-01 -4.968350991078610522e-03 -1.982707238238419767e-01 -8.575591143795066040e-01 3.318497649326599113e-03 9.999570528309641437e-01 -8.652564624794842341e-03 -1.081842685618796540e-01 1.983052163926340983e-01 7.822894245501229096e-03 9.801131013467917485e-01 7.073822559830214018e+00
9.787123347548218888e-01 -5.010743897422244818e-03 -2.051911060903678918e-01 -9.689660745825190435e-01 2.751499573049958746e-03 9.999324401562217357e-01 -1.129489380021667273e-02 -1.154964318622051234e-01 2.052338605804395755e-01 1.048955703159587180e-02 9.786600008038309761e-01 7.558684352558836750e+00
9.768931921672442398e-01 -9.273249042633924938e-03 -2.135486109140653510e-01 -1.085501241566401820e+00 6.494398443544165123e-03 9.998848791536227854e-01 -1.371184312088070609e-02 -1.261078348497481072e-01 2.136511863294386082e-01 1.200864907483505627e-02 9.768409915796764098e-01 8.063703007413472790e+00
9.749558715007637932e-01 -1.466781994290386124e-02 -2.219160988284716585e-01 -1.193707653094565391e+00 1.168729535052544059e-02 9.998230562420031831e-01 -1.473734544442874966e-02 -1.485124940612615185e-01 2.220930974316508155e-01 1.177411958536572073e-02 9.749548659927376182e-01 8.585597070204915582e+00
9.732481661524492456e-01 -1.577651063930119585e-02 -2.292136978086092292e-01 -1.324427536858864940e+00 1.248614660095469404e-02 9.997972910750989595e-01 -1.579411491750432051e-02 -1.695512434118523482e-01 2.294164337339121007e-01 1.251020511661671969e-02 9.732478968068758451e-01 9.109535971904449525e+00
9.713256619841453832e-01 -1.131584855268607560e-02 -2.374992875525666902e-01 -1.476992930604767551e+00 6.440271715019997220e-03 9.997524485440651976e-01 -2.129802413778907749e-02 -1.691499419899894774e-01 2.376814804716602947e-01 1.915788129634371853e-02 9.711580745456421804e-01 9.640729445396747366e+00
9.692952264132390638e-01 -8.821153481481144865e-03 -2.457163785511557452e-01 -1.631826360240546059e+00 2.995473362642879500e-03 9.997057988690454255e-01 -2.406759376276780549e-02 -1.874633496823949752e-01 2.458563943907770277e-01 2.259233051352894928e-02 9.690365490089450917e-01 1.019095446452776699e+01
9.671161762964306519e-01 -9.930621177604591343e-03 -2.540587022959736596e-01 -1.786036242180668365e+00 3.452806373304834198e-03 9.996579670637038006e-01 -2.592262915357024938e-02 -2.098920705935223563e-01 2.542292165046232122e-01 2.419288001655053866e-02 9.668196662445104339e-01 1.074672441029915149e+01
9.647321493789191571e-01 -1.272500331178944358e-02 -2.629852910754887363e-01 -1.944792110085600489e+00 5.741197464382442189e-03 9.996104212445989790e-01 -2.731552704574403967e-02 -2.382026827536669611e-01 2.632304606224479815e-01 2.484310980111292810e-02 9.644294616373769724e-01 1.131733770189640431e+01
9.628566616423217539e-01 -1.302035332088312403e-02 -2.696929095913963570e-01 -2.121021754145246074e+00 5.001383018573475961e-03 9.995252742414945102e-01 -3.039852370202586820e-02 -2.588885989452742731e-01 2.699607145700267941e-01 2.792065938533128816e-02 9.624648324953956058e-01 1.190683448917739007e+01
9.602554285627962205e-01 -1.257026816239364790e-02 -2.787972302186739193e-01 -2.306321703574316206e+00 3.271298515158191453e-03 9.994236422340577741e-01 -3.378192112927477786e-02 -2.817024931837994184e-01 2.790612359140531296e-01 3.152720485919847937e-02 9.597430788613496855e-01 1.249817523346264281e+01
9.584296917645617198e-01 -1.380838632105350385e-02 -2.849799067328240842e-01 -2.495692307154595557e+00 2.642135750622405261e-03 9.992149214452412664e-01 -3.952603061132054646e-02 -3.077932752297073415e-01 2.853020198015749909e-01 3.713006675425456482e-02 9.577138705815485542e-01 1.310279456652164320e+01
9.562417988841516170e-01 -1.475113834892130549e-02 -2.921211369210239828e-01 -2.694262649913202967e+00 1.317626809806711182e-03 9.989351432248843032e-01 -4.611134868055357522e-02 -3.469463893849696889e-01 2.924901588754614257e-01 4.370886948507600456e-02 9.552431776533849561e-01 1.371139374948425882e+01
9.549520102405575361e-01 -1.579875789273476119e-02 -2.963751131880156264e-01 -2.897317977345892803e+00 -3.855785802928777422e-04 9.985149339960185388e-01 -5.447177204994365501e-02 -3.758185244388363433e-01 2.967958013957059937e-01 5.213159911358741794e-02 9.535278754045373173e-01 1.434264448153829186e+01
9.541344887582913215e-01 -1.574857875116109085e-02 -2.990473109318717571e-01 -3.106620561651739276e+00 -3.220911570640422848e-03 9.980175819640888513e-01 -6.286241990756520626e-02 -4.215350143655951509e-01 2.994445449686496397e-01 6.094257614305832738e-02 9.521924879934404728e-01 1.497892587871540826e+01
9.526759080183315742e-01 -1.470369631100745637e-02 -3.036998630951572298e-01 -3.331636085320359264e+00 -7.712089615815010193e-03 9.973390004683190257e-01 -7.248388673071344546e-02 -4.638325491310367754e-01 3.039577922116760145e-01 7.139508797629456893e-02 9.500273869692823503e-01 1.562347943396389027e+01
9.518383316853293863e-01 -1.371277241764403375e-02 -3.063153847253756168e-01 -3.551017622323638712e+00 -1.108414342841247333e-02 9.968073617192282354e-01 -7.905753195152488699e-02 -5.231779617676644012e-01 3.064217853921522017e-01 7.864455725639300787e-02 9.486475166250447622e-01 1.628295742362594467e+01
9.499500599756605101e-01 -1.248133890771452141e-02 -3.121382259267276305e-01 -3.788313486780874317e+00 -1.524538282082334682e-02 9.961589741636119877e-01 -8.621902732398421809e-02 -5.825147042080863757e-01 3.120158472806648930e-01 8.666119777015121595e-02 9.461109861549171773e-01 1.694831617976204541e+01
9.484151337825456052e-01 -1.133923389092832135e-02 -3.168288937721486787e-01 -4.033024407495314101e+00 -1.881583570453546767e-02 9.955853060059014492e-01 -9.196103134862224082e-02 -6.513780543448181026e-01 3.164732186539875314e-01 9.317780330959551938e-02 9.440148304447073535e-01 1.762314887525723961e+01
9.471993023360067987e-01 -8.348167035823039067e-03 -3.206109107964708049e-01 -4.280406736143170576e+00 -2.421789451306928520e-02 9.949431047700890707e-01 -9.749225215251416943e-02 -7.241675365970910994e-01 3.198039985961259601e-01 1.001073139706628173e-01 9.422072370780169015e-01 1.831369661626366607e+01
9.451223234271736162e-01 -6.318137063704962891e-03 -3.267429749416306262e-01 -4.539428951679366442e+00 -2.835422656033840388e-02 9.944546380085184101e-01 -1.012473864997581324e-01 -7.992417315398330224e-01 3.255715575642694759e-01 1.049514584415561780e-01 9.397020560127333777e-01 1.901188804120174325e+01
9.439687352187086100e-01 -5.324604979033485501e-03 -3.300693936854928734e-01 -4.805350293520938010e+00 -3.003407675473655780e-02 9.943351081548466031e-01 -1.019653053544132965e-01 -8.789177602410420675e-01 3.287424606317325693e-01 1.061648791372428458e-01 9.384615269954026395e-01 1.972591938162236147e+01
9.414430799411205308e-01 -5.154474183742777972e-03 -3.370317237191826631e-01 -5.080813597339253640e+00 -3.105436837217563639e-02 9.943076511374016047e-01 -1.019042159614850229e-01 -9.659001652864348531e-01 3.356380542750586060e-01 1.064053785763715843e-01 9.359241046033933698e-01 2.045087441193162903e+01
9.392967242512471060e-01 -4.927834767483268638e-03 -3.430975143532512539e-01 -5.362299247170407845e+00 -3.133679231965141865e-02 9.944856583991521504e-01 -1.000675480168333048e-01 -1.048591924065821912e+00 3.416986220324374490e-01 1.047439497110472656e-01 9.339628380107642958e-01 2.118113956227048078e+01
9.372874888636195667e-01 -4.992037165034737996e-03 -3.485793068003764650e-01 -5.651583353447946045e+00 -3.133411380775292382e-02 9.946423546514282510e-01 -9.849382693148345247e-02 -1.133933662011565202e+00 3.472040755977647275e-01 1.032355873725648576e-01 9.321093987525612690e-01 2.192106165897452996e+01
9.347963749442982362e-01 -3.281512842719909798e-03 -3.551716632498349013e-01 -5.940639199059369879e+00 -3.231495310496111661e-02 9.950245662954663173e-01 -9.423901683008016616e-02 -1.219854977520338224e+00 3.537145397036322025e-01 9.956854351239162459e-02 9.300391213594176865e-01 2.266355666786513012e+01
9.298113933351914717e-01 -1.637622865186975701e-03 -3.679637494600423997e-01 -6.255064702840897439e+00 -3.345748107859775056e-02 9.954733928619370342e-01 -8.896879916799452226e-02 -1.296352623878985089e+00 3.664433065333395079e-01 9.503937772547217666e-02 9.255477357183077292e-01 2.342683206519875228e+01
9.272640934043827610e-01 6.802831740990171634e-04 -3.743446035370338598e-01 -6.582938241584497696e+00 -3.461362730269699345e-02 9.958714711026579458e-01 -8.391463042483184032e-02 -1.378941795263330938e+00 3.727415695476349877e-01 9.077141676139603710e-02 9.234594843973785716e-01 2.417789069013398517e+01
9.237575240305825330e-01 3.140882113445543980e-03 -3.830113252379925837e-01 -6.912596329607600509e+00 -3.643190852410823494e-02 9.961523365233271310e-01 -7.970042070177010829e-02 -1.452191963579687828e+00 3.812876796180968419e-01 8.757443788300964260e-02 9.203173857305755323e-01 2.493192108873491364e+01
9.206103976412869372e-01 4.771220045225142703e-03 -3.903994392711905292e-01 -7.253785454577874603e+00 -3.782641945134376793e-02 9.963122395997008329e-01 -7.701608403397611213e-02 -1.529627798930366156e+00 3.885918366933848178e-01 8.567283859963328863e-02 9.173959410022680672e-01 2.570169376778876824e+01
9.161964732773100195e-01 5.832661534786813193e-03 -4.007154156699226921e-01 -7.600863381984112266e+00 -3.984234661659504656e-02 9.962656787804475833e-01 -7.659072296758437370e-02 -1.604406836761979704e+00 3.987722031483893481e-01 8.613599257316358060e-02 9.130074014128543025e-01 2.647544946557531986e+01
9.128537161861139948e-01 6.804510589250728665e-03 -4.082214828127404549e-01 -7.962331157186123498e+00 -4.089713655736261499e-02 9.963561353790885144e-01 -7.483342627995530350e-02 -1.670585865417211657e+00 4.062243062426206808e-01 8.500887605647294842e-02 9.098060089923539762e-01 2.725559987378702331e+01
9.085199799423666622e-01 7.370805666483590778e-03 -4.177119504245876969e-01 -8.337356433103343178e+00 -4.154908959677723612e-02 9.964824372893169580e-01 -7.275220439262294891e-02 -1.740615025580088071e+00 4.157057508944227986e-01 8.345480038054210736e-02 9.056306460846618167e-01 2.804121329067920954e+01
9.054466471106220604e-01 6.622343757243926571e-03 -4.244152050825614197e-01 -8.720129436936959522e+00 -4.044921451307566251e-02 9.966741124488713854e-01 -7.073186337122817913e-02 -1.814412406655550036e+00 4.225352639440415614e-01 8.120932412409974377e-02 9.027029370538185438e-01 2.883421990860647810e+01
9.015228839965893082e-01 6.038426508227210700e-03 -4.325943440068247825e-01 -9.112293165024272668e+00 -3.872133242220740512e-02 9.970170221075572714e-01 -6.677972174794161164e-02 -1.885206979744791900e+00 4.309000424138156315e-01 7.696275190341365924e-02 8.990678137940776304e-01 2.963417379832617726e+01
8.976880588143133499e-01 8.404951935258824294e-03 -4.405127412639076034e-01 -9.522408422104717829e+00 -3.927197059012634689e-02 9.973651987444813738e-01 -6.098105606675491286e-02 -1.944973750114192157e+00 4.388391644703678596e-01 7.204330061205484192e-02 8.956529597301765566e-01 3.044980883857883924e+01
8.951167259176563418e-01 8.210842214031536732e-03 -4.457202323770651509e-01 -9.931815714793502892e+00 -3.751969794488977522e-02 9.976708827946675351e-01 -5.696359929200826844e-02 -2.023248955347242806e+00 4.442140240720966471e-01 6.771508874388876276e-02 8.933401373928706590e-01 3.126218675978099526e+01
8.907251868480275947e-01 8.639834555384910686e-03 -4.543986389048115249e-01 -1.036641865584718403e+01 -3.725353378788694853e-02 9.978434726570255542e-01 -5.405005591867832748e-02 -2.072243539236743537e+00 4.529517115392841520e-01 6.507372479892294115e-02 8.891259830387396867e-01 3.208483742208473188e+01
8.872892056467407418e-01 8.574408605515356982e-03 -4.611599817280468971e-01 -1.080356825814239841e+01 -3.689879595605496249e-02 9.979419409224152826e-01 -5.244470767123745464e-02 -2.133169055126806768e+00 4.597609597659552683e-01 6.355264643237051869e-02 8.857797291327483835e-01 3.291387426052094156e+01
8.852752314733718375e-01 7.952189034202928816e-03 -4.650756995378870218e-01 -1.125134727864558037e+01 -3.593754999626703334e-02 9.980338662734357102e-01 -5.134662133809523438e-02 -2.186161833352941120e+00 4.637530304162791883e-01 6.216726022064253399e-02 8.838205619059027462e-01 3.375109251496352414e+01
8.812934674745688257e-01 7.457651662890227989e-03 -4.725393429921722621e-01 -1.172027060186345082e+01 -3.486209013642337096e-02 9.981771149212633754e-01 -4.926350758497857057e-02 -2.242319621017502929e+00 4.713106556883144838e-01 5.988747474389133352e-02 8.799468322693901889e-01 3.460587395263571153e+01
8.795816686468856949e-01 6.775160964927159565e-03 -4.756893645826135719e-01 -1.219020497533083436e+01 -3.401241956261810695e-02 9.982355061413434871e-01 -4.866657151098049278e-02 -2.301597785381681138e+00 4.745201334484816513e-01 5.898692708483768005e-02 8.782601147930699792e-01 3.545387620278435037e+01
8.778671111366950219e-01 5.042689137797647797e-03 -4.788827547705752918e-01 -1.267100053304335638e+01 -3.256714853908253965e-02 9.982584865629393622e-01 -4.917983124621935764e-02 -2.360782517939751024e+00 4.778006665035893774e-01 5.876850088214310985e-02 8.765025499024472477e-01 3.631897841286007633e+01
8.758581435622125877e-01 5.376611900231792647e-03 -4.825229795377735664e-01 -1.316266538036915001e+01 -3.339099496373264947e-02 9.982166029348950032e-01 -4.949114978608527837e-02 -2.417714658492470914e+00 4.813965331095381717e-01 5.945923763819591090e-02 8.744754301233761407e-01 3.719699262790263816e+01
8.762942665674036125e-01 4.934851721324098189e-03 -4.817736974191979549e-01 -1.366308170778501108e+01 -3.266139378999906306e-02 9.982555107901748270e-01 -4.919021839544743258e-02 -2.478523648088492237e+00 4.806903985444028748e-01 5.884311297898001114e-02 8.749268938612938529e-01 3.807970118479531862e+01
8.759345513185683441e-01 5.639123787067376777e-03 -4.823482613936721508e-01 -1.417263491472636616e+01 -3.247631886898023207e-02 9.983529985833542453e-01 -4.730330679126246163e-02 -2.531919989700334384e+00 4.812876454517108771e-01 5.709561521770412790e-02 8.746746140232486422e-01 3.898483180996738895e+01
8.755967371715663861e-01 4.089835591365863394e-03 -4.831232072076351303e-01 -1.468613711267792965e+01 -3.072665269128443261e-02 9.984105593364012154e-01 -4.724780527332521352e-02 -2.590712219412590223e+00 4.821621998749288096e-01 5.621327598799387426e-02 8.743308067864051791e-01 3.989887006414878101e+01
8.753802903177382300e-01 2.298724869946206905e-03 -4.834865398478935816e-01 -1.520243568388072397e+01 -2.884434555861748253e-02 9.984554543864245790e-01 -4.747646484818523333e-02 -2.647039624288255677e+00 4.826306137988533584e-01 5.550486415511342309e-02 8.740946032153015244e-01 4.081711673610551117e+01
8.738033605956988525e-01 1.076456913203257312e-03 -4.862105360978120627e-01 -1.573116064776363920e+01 -2.805328165891175091e-02 9.984437075047276622e-01 -4.820225232665713289e-02 -2.710242489427286294e+00 4.854017531855148171e-01 5.576302263295714740e-02 8.724737485118173597e-01 4.174724714575604878e+01
8.728459153316416863e-01 3.000806628923304237e-04 -4.880298945293004009e-01 -1.625727104854979288e+01 -2.614144707364587580e-02 9.985927578340870747e-01 -4.614380521391784479e-02 -2.767255569729663023e+00 4.873292130459446203e-01 5.303483295579539125e-02 8.716254323449831309e-01 4.265682028167337592e+01
8.709479464256996151e-01 1.221983186677307346e-03 -4.915087970458452138e-01 -1.679706672047220195e+01 -2.521780050796430458e-02 9.987902864772933986e-01 -4.221747885068685008e-02 -2.824014167539708797e+00 4.908629010607483134e-01 4.916041936815473273e-02 8.699252488093486280e-01 4.360152874306602655e+01
8.677500982171966193e-01 -2.693531491944659798e-04 -4.970073054846447236e-01 -1.733643597982052142e+01 -2.133682898561200733e-02 9.990576775943341703e-01 -3.779367764983380951e-02 -2.890174727583889602e+00 4.965490570245209012e-01 4.340163709211971449e-02 8.669266530710684204e-01 4.453536167651161293e+01
8.647379785808146924e-01 -5.159852701814149475e-04 -5.021356244266078628e-01 -1.787883975421571492e+01 -2.010422418924605326e-02 9.991623760439091173e-01 -3.564163559454346097e-02 -2.938948155527864259e+00 5.017333105827707085e-01 4.091869179256202305e-02 8.640033094873674768e-01 4.545760627767477047e+01
8.592287932948142748e-01 -3.254002517207810630e-03 -5.115935385367690325e-01 -1.843738886875576100e+01 -1.873210580945184819e-02 9.991091232121201982e-01 -3.781182541393968144e-02 -3.001394117508610293e+00 5.112607044841068760e-01 4.207451717839476996e-02 8.584024532898186788e-01 4.637999274119612636e+01
8.537322023198870014e-01 -6.684061810653270028e-03 -5.207854492166329452e-01 -1.899509335323617165e+01 -1.752973017338341558e-02 9.989819017896438558e-01 -4.157106103286911658e-02 -3.059497455774611741e+00 5.205332794566950305e-01 4.461852185851029884e-02 8.527457290356112996e-01 4.728320675999191280e+01
8.473314018032314099e-01 -5.628870381006006486e-03 -5.310958088984996106e-01 -1.957725850908335730e+01 -1.839133736152838081e-02 9.990329567713077674e-01 -3.993563336545571940e-02 -3.113814931918836848e+00 5.308071070914134326e-01 4.360595376532372391e-02 8.464084471162265366e-01 4.819310710333956393e+01
8.420389025215553325e-01 -3.132779034706586595e-03 -5.394593420976450115e-01 -2.017745546549732083e+01 -1.896850197102179642e-02 9.991927157634005185e-01 -3.540394892377007191e-02 -3.165681443272488238e+00 5.391347872188602119e-01 4.004264966614871218e-02 8.412995597126333713e-01 4.910624772732449372e+01
8.377665880149643973e-01 1.762969085066653726e-04 -5.460760888114525313e-01 -2.078111948916066964e+01 -1.992518182499190826e-02 9.993436960195025698e-01 -3.025348345254605734e-02 -3.217424696801523432e+00 5.457124539418466425e-01 3.622729904326708189e-02 8.372203081209897979e-01 4.999967722389062175e+01
8.324304792624941385e-01 3.712440369426139104e-04 -5.539867116448436990e-01 -2.138690355241704211e+01 -2.127356903836820357e-02 9.992838835829355171e-01 -3.129464305243002259e-02 -3.269662561930112510e+00 5.535782438360287161e-01 3.784277460970135454e-02 8.318422725343619373e-01 5.089430591573718488e+01
8.294136985773952198e-01 2.138809548271510257e-04 -5.586133008790817867e-01 -2.199910020029064839e+01 -2.438935961398254124e-02 9.990602190695051510e-01 -3.582569541165124549e-02 -3.317074737838623388e+00 5.580807216882961441e-01 4.333913790150779877e-02 8.286394556326714955e-01 5.177579435474179803e+01
8.269527073815281515e-01 -2.556075154187347452e-03 -5.622922894653075154e-01 -2.260614528450526706e+01 -2.615246829162054185e-02 9.987324990717889595e-01 -4.300599184876879172e-02 -3.378348213142172263e+00 5.616896320323981895e-01 5.026967813944228231e-02 8.258376683788365424e-01 5.265671048751962502e+01
8.230492317422689608e-01 -2.397788735212522896e-03 -5.678426130685483297e-01 -2.323093666968419768e+01 -2.688230710582446142e-02 9.987058445074478152e-01 -4.317294993837546280e-02 -3.436979510840737273e+00 5.672109312244311141e-01 5.080610931037243816e-02 8.219195954002164184e-01 5.353505432050351942e+01
8.208826377964497656e-01 -1.973166230850888041e-03 -5.710753124465880459e-01 -2.385152398245285710e+01 -2.580637750711096273e-02 9.988444561388801768e-01 -4.054643207606469651e-02 -3.495925761366455387e+00 5.704951838690657251e-01 4.802434806754028035e-02 8.198831965920141407e-01 5.441694445194077190e+01
8.172368710143749215e-01 4.542956712656779305e-04 -5.761909454643892037e-01 -2.449149158050206410e+01 -2.477852866776555224e-02 9.991026428529664605e-01 -3.434489428837673303e-02 -3.549144931338091613e+00 5.756582675767583090e-01 4.234628269725446148e-02 8.165147093840016135e-01 5.530159842095923750e+01
8.138347621675379173e-01 2.176995090495373927e-03 -5.810869305081951541e-01 -2.513330022858217561e+01 -2.482863442726660624e-02 9.992101043347989542e-01 -3.103077818498298918e-02 -3.595306220504342676e+00 5.805604506598567305e-01 3.968075938180911505e-02 8.132459316849193209e-01 5.617288194100507326e+01
8.124671219674430844e-01 3.276992180076970969e-03 -5.829493443498637850e-01 -2.576744532406296884e+01 -2.700052440135659870e-02 9.991227427799116434e-01 -3.200763874119925273e-02 -3.646159175197823288e+00 5.823329105831861474e-01 4.174642594643362958e-02 8.118428907229213731e-01 5.704608883078183368e+01
8.079589865809734262e-01 2.338516261400364581e-03 -5.892721955777514564e-01 -2.642540568812961155e+01 -2.712189518447294043e-02 9.990799708693265391e-01 -3.323023871602823892e-02 -3.692676114346632232e+00 5.886526304676478194e-01 4.282765843120127369e-02 8.072789365316339616e-01 5.790645787232524100e+01
8.029362056241433621e-01 1.775766042186047102e-04 -5.960341932042976243e-01 -2.706867426738886806e+01 -2.695585915282724607e-02 9.989877125777355538e-01 -3.601668309725269967e-02 -3.748197410901448645e+00 5.954243495930446883e-01 4.498861028275839835e-02 8.021282082057442642e-01 5.877571850317951885e+01
7.995718591808069764e-01 -1.281937467094722413e-03 -6.005579838498464884e-01 -2.772347083419848346e+01 -2.548382305131579456e-02 9.990247393048584668e-01 -3.607212073174879963e-02 -3.804018431435856495e+00 6.000187890209799368e-01 4.414614096048913999e-02 7.987592441046668101e-01 5.964287111318424905e+01
7.952255691323129039e-01 -6.101794125786987174e-04 -6.062510131613874087e-01 -2.840483999349852340e+01 -2.541327919246138753e-02 9.990870985825504036e-01 -3.433848411634746189e-02 -3.854768544733996105e+00 6.057182615867764408e-01 4.271997406368816669e-02 7.944842459089468401e-01 6.051064025721405670e+01
7.908375398641230847e-01 -7.127300782586301143e-04 -6.121551598009790096e-01 -2.907727590921885508e+01 -2.519730372090878828e-02 9.991134969657028408e-01 -3.373134059326025197e-02 -3.904092733863270492e+00 6.116366308244578498e-01 4.210084951437664119e-02 7.901186839152610775e-01 6.137138770372972374e+01
7.854454783332872614e-01 -2.403160525017025186e-03 -6.189234940760515169e-01 -2.976590929043825895e+01 -2.444366496498675753e-02 9.990918099802192920e-01 -3.489904637683804989e-02 -3.960077485577562229e+00 6.184452556820791980e-01 4.254212207914592758e-02 7.846734794324655704e-01 6.222690504183380966e+01
7.803050752541150770e-01 -3.476510226176169303e-03 -6.253180738251934434e-01 -3.046192141354840999e+01 -2.408280395386943468e-02 9.990758735246890732e-01 -3.560438281821391715e-02 -4.013768493474848320e+00 6.248641366231897365e-01 4.284058739262783244e-02 7.795003340275925563e-01 6.308176831461864253e+01
7.760836184607794452e-01 -4.133394398288881347e-03 -6.305160213477513098e-01 -3.116970180907884469e+01 -2.396108356650019852e-02 9.990631994934674465e-01 -3.604102166686023317e-02 -4.068564437896169395e+00 6.300744837269327547e-01 4.307872626046632680e-02 7.752575518768386464e-01 6.392908903187998249e+01
7.698479061952507863e-01 -6.056671603816457354e-03 -6.382616308996891252e-01 -3.188535184366374153e+01 -2.237413374734764648e-02 9.990842651221116810e-01 -3.647125349284992962e-02 -4.118283369401559924e+00 6.378984278668704544e-01 4.235371184176969783e-02 7.690074367797142818e-01 6.477496868377963324e+01
7.645208793177601381e-01 -7.980465858462513704e-03 -6.443852665006022384e-01 -3.260382446337192874e+01 -2.164381786043720682e-02 9.990417528710923145e-01 -3.804936618871085363e-02 -4.178469144069749674e+00 6.440715633765280446e-01 4.303892914721871993e-02 7.636154765033171810e-01 6.561652019795909041e+01
7.572734310499817934e-01 -8.116352968215010191e-03 -6.529464224113636917e-01 -3.333822014582997895e+01 -2.160334717752104144e-02 9.990643128587272104e-01 -3.747032058321109194e-02 -4.234630110504057576e+00 6.526397282022375901e-01 4.248177888873701236e-02 7.563896358901804895e-01 6.645639602932192247e+01
7.514745398121487341e-01 -9.091935016526530786e-03 -6.597067174928948896e-01 -3.408608104472334333e+01 -1.972720111725511163e-02 9.991483117943498193e-01 -3.623989317954962042e-02 -4.287154637142897684e+00 6.594744636421314699e-01 4.024840840649934054e-02 7.506551315821309300e-01 6.729712301282546605e+01
7.457797228252345256e-01 -1.014911078047272056e-02 -6.661374449398628217e-01 -3.484213345489170166e+01 -1.811300073710272671e-02 9.992054279627103908e-01 -3.549899006634664456e-02 -4.341424649826175042e+00 6.659686733064235087e-01 3.853342059845885070e-02 7.450032358430673796e-01 6.812812250158006577e+01
7.387669332651021215e-01 -1.210096410850631903e-02 -6.737176059786692539e-01 -3.560746845090211110e+01 -1.728312178132367094e-02 9.991698721229963498e-01 -3.690645295405419607e-02 -4.402060508909207748e+00 6.736045842741940071e-01 3.891642183499743890e-02 7.379444135221190360e-01 6.895436391060846404e+01
7.327275142428625321e-01 -1.398713166427003121e-02 -6.803042867009119199e-01 -3.639053880520828699e+01 -1.670980162796489171e-02 9.991175930019774443e-01 -3.852522288139904189e-02 -4.464797342608233244e+00 6.802426394233145324e-01 3.959838368018615828e-02 7.318472002273892496e-01 6.977723473665297149e+01
7.280737962056205159e-01 -1.363586220506225917e-02 -6.852887142578388824e-01 -3.718059427552073970e+01 -1.751489837038223626e-02 9.991057549528181703e-01 -3.848867434397033882e-02 -4.511906597954105536e+00 6.852004667697129126e-01 4.003138819464201886e-02 7.271838545460598269e-01 7.060039746200735067e+01
7.217567685188502891e-01 -1.274889933013688761e-02 -6.921560230849663764e-01 -3.798798599488188898e+01 -1.769805165491476068e-02 9.991635741657957093e-01 -3.686019295672564311e-02 -4.564565300996838104e+00 6.920473684741984544e-01 3.884725300396234260e-02 7.209273393145607667e-01 7.140380448739604446e+01
7.177393012108080894e-01 -1.253084133635583124e-02 -6.963134119205148798e-01 -3.879080813520607052e+01 -1.880226610986673874e-02 9.991247946593083684e-01 -3.735201738878690669e-02 -4.624546379769142845e+00 6.961724417446530921e-01 3.989258452812206174e-02 7.168754470910043697e-01 7.222393199840384170e+01
7.122084752990652801e-01 -1.347846168489808157e-02 -7.019260919574644708e-01 -3.961518116368996800e+01 -1.910971524718195827e-02 9.990728951880613051e-01 -3.858230103298097152e-02 -4.681317549128911182e+00 7.017953345587082392e-01 4.089222794761022961e-02 7.112905270195873930e-01 7.304524374366371831e+01
7.079265151279546808e-01 -1.421402300657274506e-02 -7.061187337687074850e-01 -4.045027316903087211e+01 -1.973509775219926127e-02 9.990089299814993717e-01 -3.989090812249902057e-02 -4.739634478648669713e+00 7.059859817936100512e-01 4.217635069010391979e-02 7.069446050728885877e-01 7.385132730759536912e+01
7.028625703984630047e-01 -1.580017737725595076e-02 -7.111515987252832183e-01 -4.127721295035964033e+01 -2.039899809957812504e-02 9.988943349545678085e-01 -4.235811394574635902e-02 -4.801892159982370067e+00 7.110348048650643182e-01 4.427667542358036668e-02 7.017633211255462911e-01 7.466695448476737340e+01
6.969997141258759132e-01 -1.671741573795162625e-02 -7.168192280345313527e-01 -4.212470071526959003e+01 -2.143931990695846848e-02 9.987953796639508219e-01 -4.414064763606564967e-02 -4.867066274531186565e+00 7.166934479927326018e-01 4.613850495289700121e-02 6.958018791525258928e-01 7.546540217787530480e+01
6.928201200376447044e-01 -1.764491646643420036e-02 -7.209779966195044576e-01 -4.297887967931597331e+01 -1.909975728095120173e-02 9.989008540324492147e-01 -4.279406350811571641e-02 -4.929091159952383450e+00 7.209412029272356248e-01 4.341101631985305742e-02 6.917217854437611724e-01 7.627341235803255870e+01
6.880326443875937059e-01 -1.717663730110943407e-02 -7.255061076370649120e-01 -4.384359498921336495e+01 -1.827157072497829701e-02 9.989927894723786839e-01 -4.096795222952784310e-02 -4.992117624138529663e+00 7.254791002443874426e-01 4.144161021908502468e-02 6.870258986137827151e-01 7.708393247855414643e+01
6.824159381384699019e-01 -1.845621246307147315e-02 -7.308598341318907066e-01 -4.471705242422321902e+01 -1.861225524705716061e-02 9.989182743142482890e-01 -4.261463481635488493e-02 -5.061592535570683005e+00 7.308559568595903722e-01 4.268149935462541705e-02 6.813342421943462401e-01 7.788918279278345835e+01
6.794934250049601276e-01 -1.937977249879120276e-02 -7.334748500868635279e-01 -4.558828992510305511e+01 -1.703917418745172149e-02 9.989645352474100237e-01 -4.217175462346399450e-02 -5.126287356748841617e+00 7.335329210914124376e-01 4.115124530766937211e-02 6.784597786621199278e-01 7.868810632209893186e+01
6.734256188986386116e-01 -1.947615432683643191e-02 -7.388861798944245107e-01 -4.647299474704013278e+01 -1.599015936038207519e-02 9.990351585719478011e-01 -4.090986318205588890e-02 -5.191104279498346408e+00 7.389697135391222194e-01 3.937160441308833886e-02 6.724645665197398481e-01 7.948717723796514179e+01
6.704439268101881622e-01 -2.171850319597179446e-02 -7.416871239656503967e-01 -4.737607936794370289e+01 -1.393036954386786541e-02 9.990267264456116347e-01 -4.184425420616727509e-02 -5.250376061228550384e+00 7.418739946785271044e-01 3.839124764627904057e-02 6.694888022343126188e-01 8.028389032652980006e+01
6.668540829168639883e-01 -2.380577879499372676e-02 -7.448557687785051229e-01 -4.827151145863258108e+01 -1.144303357917956544e-02 9.990445081359767832e-01 -4.218282542898339760e-02 -5.316191220720188682e+00 7.451481373228997507e-01 3.665658512506678873e-02 6.659446062928932042e-01 8.107569190793435610e+01
6.613945039044119012e-01 -2.856668472181624757e-02 -7.495045881388677778e-01 -4.918182929839348816e+01 -8.523369849805832732e-03 9.989235947928448711e-01 -4.559081041148620866e-02 -5.385628457157784155e+00 7.500000700943605381e-01 3.654438911214737129e-02 6.604391711620573036e-01 8.186960751075645248e+01
6.568938782411981592e-01 -3.241726254466963802e-02 -7.532303722347456487e-01 -5.009384469371356374e+01 -4.721546032866762339e-03 9.988786148646403573e-01 -4.710099731535388051e-02 -5.455599071408961720e+00 7.539128619354299454e-01 3.449427773336635056e-02 6.560044429483912198e-01 8.265957206700583981e+01
6.513068894695881461e-01 -3.685680059902873146e-02 -7.579094814911518929e-01 -5.101722887032341447e+01 1.373345714344534688e-03 9.988749767761424536e-01 -4.739615365713518297e-02 -5.526778210496282817e+00 7.588042937361737517e-01 2.982015236167569194e-02 6.506253713793916926e-01 8.345022309964396356e+01
6.427790701533554474e-01 -4.086159513310004543e-02 -7.649086476758597541e-01 -5.195179037527685750e+01 6.653799488642315151e-03 9.988369318449747958e-01 -4.775145916028444154e-02 -5.592053148067960500e+00 7.659694906535504666e-01 2.561649022250033977e-02 6.423026767621985433e-01 8.422310936453416730e+01
6.350718231890187804e-01 -4.218206901730269659e-02 -7.712465055908311884e-01 -5.288994866389757732e+01 9.564552181075949844e-03 9.988607338746011699e-01 -4.674813282828869931e-02 -5.669461783717353320e+00 7.723399430255623033e-01 2.230901326431628667e-02 6.347518301434115218e-01 8.500233002501347812e+01
6.246158511973276539e-01 -4.098624311794570735e-02 -7.799012599783117228e-01 -5.385351007832807113e+01 1.081699423848825857e-02 9.989803129382323066e-01 -4.383077474501197862e-02 -5.734765270435681295e+00 7.809023217736901223e-01 1.894680771740471503e-02 6.244218026117243081e-01 8.577504180506470277e+01
6.155095010547705359e-01 -4.066995269582102807e-02 -7.870225730538614739e-01 -5.483592343599980268e+01 1.074528299508543429e-02 9.990081247921833718e-01 -4.320945906208026321e-02 -5.808117356895646566e+00 7.879992091232060902e-01 1.814000808089223649e-02 6.153357061957404062e-01 8.652604926248457673e+01
6.062731381640872330e-01 -4.170311418103873208e-02 -7.942538338379409035e-01 -5.581983676142203166e+01 9.264988236806210101e-03 9.989265867837084922e-01 -4.537917829415571980e-02 -5.871848572798859855e+00 7.952944266640221693e-01 2.014838742454911832e-02 6.060089761859325241e-01 8.726821641411395092e+01
5.962077620909118636e-01 -4.410608305720896405e-02 -8.016366476245028183e-01 -5.682131639024306224e+01 1.059090024209037063e-02 9.988350415023206086e-01 -4.708834038208745132e-02 -5.946815961858249899e+00 8.027793358530813661e-01 1.959032542709767191e-02 5.959801289362171017e-01 8.800155443319431470e+01
5.873967413279278516e-01 -4.510510974428622033e-02 -8.079690841212142649e-01 -5.782887451880003482e+01 9.775790088490896382e-03 9.987680725654398683e-01 -4.864869903735010576e-02 -6.016164495706728843e+00 8.091683735888013373e-01 2.067270170958812256e-02 5.871141735143169393e-01 8.873053705907715027e+01
5.771024513866278571e-01 -4.604344271696685781e-02 -8.153314509971837376e-01 -5.884781497122459371e+01 1.354970301032686064e-02 9.988119986183821020e-01 -4.681126791213675170e-02 -6.092144719985985724e+00 8.165178551117238115e-01 1.597208483713016824e-02 5.770404264178724540e-01 8.945105698978453290e+01
5.658571104255398776e-01 -4.523918050479847075e-02 -8.233318480314923971e-01 -5.988411838073884752e+01 1.482313275394363597e-02 9.988899795654005986e-01 -4.471397459049070156e-02 -6.165681050066240232e+00 8.244410823827099666e-01 1.309251408978356207e-02 5.659002712875936814e-01 9.014790232209293208e+01
5.544216435765042528e-01 -4.617103969708347133e-02 -8.308648012112648251e-01 -6.092794257578088946e+01 1.543906155944044754e-02 9.988588316854472016e-01 -4.519136245404131724e-02 -6.238535862669135845e+00 8.320032904723754230e-01 1.222636806771143329e-02 5.545015310017814558e-01 9.084065284885942049e+01
5.470113270282752627e-01 -4.769616388971233828e-02 -8.358523127418204801e-01 -6.198240414953218647e+01 1.487215990238160285e-02 9.987715705576433178e-01 -4.725304389944155747e-02 -6.310256708507182566e+00 8.370801508383266532e-01 1.340948544620719496e-02 5.470489524659615244e-01 9.153582598584983998e+01
5.351168012721628786e-01 -4.873356319039966883e-02 -8.433649757254471080e-01 -6.305837091788446003e+01 1.462658392541889459e-02 9.987193186158651592e-01 -4.843053499295465331e-02 -6.378638914356393741e+00 8.446453873238316534e-01 1.357653383954378346e-02 5.351446931384004069e-01 9.220062166432842332e+01
5.252453496950235667e-01 -4.918882607611300972e-02 -8.494706337882224068e-01 -6.413244557867334095e+01 1.301987149638436474e-02 9.986758863084536086e-01 -4.977482218035057804e-02 -6.462255937499914893e+00 8.507937266525598119e-01 1.508996094939458500e-02 5.251899514545613767e-01 9.285117176699260710e+01
5.143197741468629181e-01 -4.911649992928308894e-02 -8.562893382257799058e-01 -6.523721701902724135e+01 1.170538057941629753e-02 9.986678350029239981e-01 -5.025021024871909048e-02 -6.543468846693253127e+00 8.576169319855568851e-01 1.582436282151715098e-02 5.142093346101315188e-01 9.349615525653049986e+01
