1.0 0.0 0.0 0.0 0.0 1.0 0.0 0.0 0.0 0.0 1.0 0.0
0.99993265 0.011554048 0.0011344261 0.29943848 -0.011550753 0.9999292 -0.002869649 -0.008544922 -0.0011674955 0.002856353 0.99999523 0.006958008
0.99982625 0.018600194 0.0012039704 0.58862305 -0.018593615 0.99981326 -0.005260262 -0.020996094 -0.0013016047 0.005236953 0.99998546 0.0015869141
0.9997617 0.021819297 0.0006004835 0.88720703 -0.021813814 0.99973017 -0.007982465 -0.03100586 -0.00077444874 0.007967462 0.999968 0.010986328
0.99981534 0.019167548 -0.0013017918 1.1976318 -0.019178702 0.99977386 -0.00917201 -0.037475586 0.0011256055 0.009195295 0.9999571 0.012573242
0.99991965 0.012461323 -0.0023395154 1.517334 -0.012487641 0.99985486 -0.011588722 -0.036621094 0.0021947627 0.011617011 0.9999301 0.006958008
0.9999916 0.000812373 -0.004025663 1.8428955 -0.00086317153 0.99991983 -0.012629533 -0.040405273 0.0040150774 0.012632901 0.9999121 0.012084961
0.9998748 -0.015283138 -0.0041054534 2.1745605 0.015231067 0.99980676 -0.012425843 -0.021118164 0.0042946283 0.0123617565 0.99991435 0.017578125
0.99940294 -0.034272123 -0.0042702765 2.5223389 0.034233097 0.9993738 -0.008900011 0.012207031 0.004572796 0.00874849 0.99995124 0.021972656
0.99852896 -0.05394725 -0.005464146 2.876587 0.053926557 0.99853754 -0.0038667778 0.048217773 0.0056647714 0.003566483 0.9999776 0.019897461
0.9972537 -0.07383922 -0.0057080267 3.23938 0.073821746 0.9972662 -0.0032131344 0.083740234 0.005929695 0.0027829034 0.99997854 0.024780273
0.99529356 -0.0967397 -0.005800224 3.619873 0.09671223 0.99530137 -0.004841743 0.13476562 0.0062414547 0.0042579286 0.99997145 0.029541016
0.99325585 -0.115872934 -0.003968519 4.009033 0.115846105 0.9932461 -0.006428704 0.18652344 0.004686623 0.0059255445 0.99997145 0.035888672
0.99118066 -0.13244769 -0.0036186127 4.4102783 0.13242745 0.9911755 -0.0053553944 0.25109863 0.0042961845 0.004828985 0.99997914 0.040161133
0.9889047 -0.14852929 -0.0031433888 4.824585 0.14851698 0.9889041 -0.0038406234 0.32385254 0.0036789712 0.0033311741 0.99998766 0.044189453
0.98692286 -0.16114219 -0.0033871667 5.2475586 0.16113184 0.9869254 -0.0031305104 0.4058838 0.0038474295 0.002543656 0.9999894 0.04650879
0.9847117 -0.17410603 -0.004036611 5.685547 0.17408486 0.98471045 -0.0051104627 0.4906006 0.004864808 0.0043292763 0.9999788 0.05090332
0.9831718 -0.18259196 -0.005630126 6.1365967 0.18255009 0.9831692 -0.0072231153 0.572876 0.0068544643 0.0060736155 0.99995804 0.061767578
0.98163635 -0.19055834 -0.007674914 6.6016846 0.19051409 0.9816557 -0.006141776 0.6699219 0.008704761 0.004566329 0.99995166 0.06530762
0.9801192 -0.19821113 -0.009299833 7.0809326 0.19815733 0.9801534 -0.0063982056 0.7772217 0.010383201 0.004428241 0.9999363 0.06567383
0.978666 -0.20512167 -0.012013042 7.566284 0.2050558 0.978732 -0.0064917463 0.885376 0.013089366 0.0038900063 0.9999068 0.06982422
0.9768528 -0.21350211 -0.013596137 8.0720215 0.21336564 0.97691727 -0.010819684 0.99780273 0.0155917015 0.0076687043 0.999849 0.07727051
0.97497475 -0.22191192 -0.013427569 8.594849 0.2216892 0.97498184 -0.016283821 1.1016846 0.016705679 0.012899274 0.9997772 0.09680176
0.9732699 -0.22922385 -0.014213731 9.119629 0.22897062 0.9732768 -0.017451923 1.2287598 0.01783348 0.013730105 0.9997467 0.115112305
0.97117275 -0.23747404 -0.020906454 9.651245 0.23724073 0.9713671 -0.013047793 1.3779297 0.023406222 0.007712635 0.9996963 0.1105957
0.96904707 -0.2456432 -0.024388678 10.2022705 0.2454514 0.9693444 -0.01061598 1.5290527 0.026249068 0.0042998083 0.9996461 0.12561035
0.96683186 -0.25399977 -0.02604458 10.759033 0.25377113 0.9671708 -0.011793624 1.6791992 0.028186051 0.004790849 0.9995912 0.14501953
0.9644464 -0.26298055 -0.026757183 11.330811 0.26266778 0.9647911 -0.014663331 1.8334961 0.029670035 0.0071162023 0.9995345 0.17041016
0.96248186 -0.26969042 -0.029877223 11.921143 0.2693484 0.9629241 -0.015010781 2.0062256 0.03281773 0.006399951 0.9994408 0.18762207
0.95975876 -0.2787726 -0.033539183 12.51355 0.27842808 0.96033335 -0.014633071 2.1872559 0.03628812 0.0047025494 0.99933004 0.20690918
0.9577304 -0.28497177 -0.03918264 13.1188965 0.2845565 0.95852286 -0.015913717 2.373169 0.04209238 0.004090287 0.9991052 0.2286377
0.95525974 -0.2921148 -0.045806713 13.728394 0.29163873 0.9563534 -0.01690573 2.567871 0.048746668 0.0027849453 0.99880695 0.2631836
0.95354396 -0.2963628 -0.054257456 14.360107 0.29581922 0.95508593 -0.017972082 2.7680664 0.057146244 0.0010873233 0.9983649 0.28674316
0.9522059 -0.298958 -0.06308406 14.996826 0.2984251 0.9542908 -0.017925281 2.9749756 0.065558314 -0.001748791 0.99784786 0.32714844
0.9500357 -0.30341485 -0.07356117 15.641968 0.30300814 0.95285976 -0.01689727 3.1970215 0.075218305 -0.0062345993 0.99714684 0.36376953
0.94865173 -0.30584133 -0.080823034 16.302124 0.3055781 0.9520411 -0.015912207 3.4139404 0.081812106 -0.009605171 0.9966004 0.41833496
0.9461101 -0.3113965 -0.08887009 16.968506 0.31135222 0.95017606 -0.014713498 3.647705 0.08902486 -0.013753211 0.99593383 0.47277832
0.9440094 -0.31582344 -0.095410526 17.64441 0.3160049 0.9486603 -0.013597348 3.8891602 0.09480777 -0.017312992 0.99534553 0.53723145
0.9421936 -0.31913233 -0.10235373 18.335938 0.31976277 0.9474631 -0.010622538 4.133667 0.10036699 -0.022708165 0.9946929 0.6055908
0.9396821 -0.32488677 -0.107227474 19.035522 0.32587823 0.9454025 -0.00863602 4.388916 0.10417691 -0.026826717 0.9941944 0.6768799
0.9384387 -0.32805854 -0.10845734 19.750854 0.32920527 0.9442542 -0.007670127 4.6518555 0.104925804 -0.028495621 0.99407244 0.7537842
0.93589956 -0.33495855 -0.10873681 20.477661 0.33616874 0.94173545 -0.007564755 4.9229736 0.10493517 -0.029491158 0.99403983 0.83825684
0.93393725 -0.34103444 -0.107109964 21.209717 0.34225 0.9395897 -0.0073992405 5.2004395 0.10316076 -0.0297496 0.9942183 0.9190674
0.9320834 -0.3465521 -0.10563307 21.951416 0.34774333 0.9375811 -0.0075192098 5.48584 0.10164426 -0.02972575 0.9943747 1.0024414
0.9300096 -0.353099 -0.101999536 22.695923 0.35437974 0.93508416 -0.0058814734 5.770752 0.09745686 -0.030679675 0.9947663 1.0872803
0.92551374 -0.36587209 -0.09753798 23.462036 0.36722302 0.9300954 -0.0043727625 6.0789795 0.092319824 -0.0317737 0.9952234 1.1630859
0.92342067 -0.37221283 -0.09330049 24.21521 0.37365824 0.92753875 -0.0021280218 6.402832 0.08733132 -0.032903437 0.9956356 1.2451172
0.92027235 -0.38079685 -0.09014574 24.971558 0.3823735 0.924027 0.00023982255 6.727783 0.083206005 -0.034689043 0.9959279 1.3175049
0.9173461 -0.38812554 -0.08828006 25.74353 0.38979283 0.92087805 0.0017920239 7.064575 0.08059874 -0.036057875 0.9960944 1.3935547
0.91295224 -0.39831498 -0.088795125 26.519775 0.40011832 0.91647184 0.0027522892 7.40625 0.080280945 -0.03804213 0.9960455 1.4661865
0.909747 -0.40578303 -0.08770494 27.302124 0.407644 0.91312987 0.003645703 7.7633057 0.078603595 -0.039073 0.996139 1.5307617
0.9055684 -0.4152812 -0.086198345 28.090332 0.41715387 0.9087971 0.004111656 8.133179 0.07662558 -0.03969555 0.99626756 1.5993652
0.9026421 -0.4221217 -0.08398906 28.88562 0.4238677 0.90572137 0.0032892972 8.511597 0.07468149 -0.038573977 0.99646026 1.6717529
0.8990087 -0.43050972 -0.07978521 29.688232 0.43207362 0.901789 0.002610086 8.898926 0.07082429 -0.03681898 0.99681 1.7418213
0.8955883 -0.43849254 -0.07490107 30.50647 0.4400526 0.89793986 0.0048822584 9.304565 0.0651131 -0.037341215 0.9971781 1.8015137
0.8932773 -0.44389117 -0.07059959 31.321167 0.4452902 0.8953565 0.004623117 9.710083 0.06115791 -0.035569925 0.997494 1.8791504
0.88906145 -0.45264846 -0.06799942 32.146484 0.4539938 0.89095974 0.0049541397 10.139893 0.0583433 -0.035278525 0.99767345 1.9272461
0.8857147 -0.45946762 -0.066511 32.977905 0.4607669 0.88752174 0.0048135873 10.572754 0.05681543 -0.034905158 0.9977744 1.9868164
0.88375735 -0.4634646 -0.06514563 33.817017 0.464687 0.8855053 0.004146468 11.017212 0.055763945 -0.03393298 0.997867 2.03833
0.8798849 -0.47103357 -0.06290161 34.67444 0.47216335 0.8815193 0.0035660942 11.481567 0.053768996 -0.032837927 0.9980132 2.0933838
0.8782001 -0.47424474 -0.06201686 35.524292 0.47531343 0.8798064 0.002847283 11.948364 0.053210285 -0.03198061 0.9980708 2.151123
0.8764472 -0.4775175 -0.061816487 36.391235 0.47849125 0.87809443 0.0010798147 12.425903 0.053763345 -0.030528996 0.9980865 2.208374
0.8744178 -0.48111302 -0.062522694 37.27112 0.4821309 0.87608945 0.0013755923 12.914307 0.054115333 -0.031345922 0.99804294 2.2634277
0.8748712 -0.48040715 -0.061904375 38.15503 0.48138118 0.8765233 0.0009407508 13.412842 0.053807024 -0.030617159 0.99808216 2.3226318
0.874618 -0.48101744 -0.060158156 39.061646 0.48197523 0.8761565 0.0016342921 13.920166 0.051927455 -0.030428456 0.99818766 2.374878
0.8742794 -0.4818877 -0.059283108 39.977173 0.4827405 0.8758173 7.522542e-05 14.431152 0.051883932 -0.02867621 0.9982414 2.4318848
0.87404907 -0.48234954 -0.058579937 40.89685 0.48309034 0.87560034 -0.0017215754 14.945068 0.052120697 -0.026793394 0.99828094 2.4863281
0.8724312 -0.48511332 -0.058852218 41.828857 0.48580042 0.8740271 -0.002973541 15.470581 0.05288021 -0.025998285 0.9982625 2.5474854
0.8715871 -0.48705047 -0.056134548 42.740234 0.4876309 0.87306076 -0.0037757044 15.9938965 0.050846428 -0.024079122 0.99841624 2.6035156
0.8698866 -0.49060962 -0.05227466 43.687134 0.49114668 0.87114817 -0.0029005597 16.530396 0.04696231 -0.02314229 0.99862874 2.65979
0.86689645 -0.49631715 -0.046543315 44.62378 0.4966702 0.86793166 -0.004466179 17.065552 0.042611174 -0.019244313 0.9989063 2.725708
0.8639753 -0.5015134 -0.04408298 45.548462 0.5018136 0.8649119 -0.0047757966 17.604126 0.040522385 -0.017999277 0.99901646 2.7735596
0.8583811 -0.5110222 -0.04528458 46.474 0.51123565 0.8594142 -0.007616692 18.157104 0.042806976 -0.016613256 0.99894506 2.8337402
0.8527323 -0.520266 -0.04787368 47.38025 0.5203746 0.8539361 -0.011144549 18.70935 0.04667794 -0.015400816 0.99879146 2.8891602
0.8463913 -0.53055346 -0.046900526 48.2937 0.53070396 0.84753406 -0.01021008 19.28601 0.045165468 -0.016244767 0.9988474 2.942749
0.84127647 -0.5389137 -0.043365605 49.210205 0.53911906 0.8422264 -0.007818945 19.88147 0.040734522 -0.016803596 0.9990283 2.994995
0.83718884 -0.54552853 -0.03956978 50.10669 0.54579777 0.8379353 -0.0045957523 20.48108 0.035663374 -0.017743887 0.9992064 3.0474854
0.8318074 -0.55338985 -0.04121375 51.004395 0.5537007 0.83260876 -0.004491519 21.082153 0.03680019 -0.019085634 0.9991405 3.0983887
0.8285986 -0.5578679 -0.046727285 51.88794 0.5582898 0.8296183 -0.004690986 21.690796 0.041381896 -0.02220292 0.9988965 3.1434326
0.82579863 -0.56143177 -0.053675856 52.770752 0.56189346 0.8271938 -0.007488724 22.294312 0.04860418 -0.023972811 0.99853045 3.201416
0.8218784 -0.56695336 -0.054231234 53.651855 0.567443 0.8232951 -0.0073966156 22.915161 0.04883971 -0.024698354 0.9985012 3.2592773
0.819843 -0.5702532 -0.05146108 54.536133 0.57069904 0.8211167 -0.00701677 23.532593 0.04625542 -0.02361493 0.9986506 3.3183594
0.8164712 -0.5754557 -0.045796692 55.42383 0.5758793 0.81744343 -0.004664748 24.168945 0.040120844 -0.022573799 0.9989396 3.3730469
0.8131984 -0.58037984 -0.043145627 56.29785 0.5808124 0.8140281 -0.0030071703 24.807251 0.036868166 -0.022614371 0.9990643 3.4197998
0.8117885 -0.5821497 -0.045214992 57.17285 0.582674 0.812669 -0.0019257292 25.438843 0.037864584 -0.024786836 0.9989753 3.4697266
0.80722564 -0.5884613 -0.046319526 58.036133 0.5889805 0.80816966 -0.0029390338 26.092651 0.039167076 -0.024905391 0.9989226 3.515503
0.80207914 -0.5952142 -0.048506174 58.908447 0.5957057 0.8031633 -0.005179275 26.731445 0.04204083 -0.024740182 0.9988097 3.56958
0.798716 -0.5998058 -0.047681324 59.77832 0.60021913 0.7997992 -0.0066969804 27.382568 0.042157385 -0.023265842 0.99884063 3.625
0.7944392 -0.6055163 -0.046271723 60.64917 0.6059298 0.79544723 -0.0061003454 28.060059 0.040497936 -0.023190698 0.9989105 3.6761475
0.7900739 -0.6114382 -0.04567199 61.51294 0.61183757 0.7910586 -0.00627786 28.728516 0.039967213 -0.022970788 0.99893725 3.7254639
0.7846335 -0.6182382 -0.046136048 62.371826 0.618585 0.7856745 -0.008054442 29.41272 0.04122581 -0.022218347 0.99890274 3.7810059
0.7794632 -0.6246522 -0.046454754 63.22998 0.6249664 0.7805402 -0.009209851 30.104492 0.042016633 -0.021858392 0.9988779 3.8344727
0.7752218 -0.62985975 -0.046708643 64.08032 0.6301561 0.7763234 -0.00993381 30.808472 0.04252271 -0.021737557 0.99885917 3.8892822
0.7689793 -0.6376791 -0.046009544 64.92993 0.63788503 0.77009094 -0.011958886 31.51941 0.043058738 -0.020151025 0.99886936 3.939087
0.76359326 -0.6438418 -0.046713345 65.7749 0.643983 0.76477396 -0.013963478 32.233643 0.044721995 -0.01942607 0.9988109 3.9990234
0.75636756 -0.65241414 -0.046178475 66.6189 0.65254706 0.75752777 -0.014214414 32.963135 0.04425895 -0.019387519 0.99883205 4.055786
0.7506397 -0.6592547 -0.04396426 67.46338 0.6593101 0.75172216 -0.015285309 33.706665 0.0431241 -0.0175122 0.99891615 4.109253
0.7449942 -0.6657523 -0.04226654 68.298096 0.6657392 0.74602336 -0.016433623 34.458496 0.042474903 -0.015900863 0.9989708 4.1644287
0.7379422 -0.6733796 -0.042669117 69.12842 0.67329466 0.73902017 -0.018489901 35.219116 0.04399027 -0.015080176 0.99891883 4.225342
0.7318512 -0.6800083 -0.04336884 69.95508 0.6798555 0.7329918 -0.020465521 35.997803 0.045702126 -0.014514923 0.9988493 4.288452
0.7271851 -0.6849678 -0.04381097 70.781494 0.68484205 0.728342 -0.020183131 36.7843 0.0457344 -0.015325169 0.99883634 4.336548
0.720926 -0.6918255 -0.042639427 71.58887 0.6917274 0.7220197 -0.019394293 37.587524 0.044201918 -0.01551231 0.998902 4.390991
0.7168707 -0.69594926 -0.043691557 72.41211 0.6958819 0.71800953 -0.019233251 38.386963 0.044751193 -0.016622683 0.9988593 4.4519043
0.7112875 -0.701566 -0.044702366 73.23706 0.70147806 0.7124892 -0.020259392 39.207397 0.04606186 -0.016939986 0.9987952 4.5095215
0.7069419 -0.7057502 -0.045993835 74.04639 0.7056551 0.70821846 -0.021053597 40.039062 0.04743073 -0.017574497 0.9987197 4.5688477
0.70176315 -0.7107862 -0.048104897 74.86548 0.71065754 0.703173 -0.02270812 40.862183 0.049969885 -0.018249927 0.9985841 4.631592
0.69580144 -0.71643645 -0.049975984 75.667725 0.7163045 0.69732624 -0.0237049 41.70569 0.051834013 -0.019303147 0.9984693 4.697754
0.6917303 -0.72069114 -0.047257323 76.47925 0.7204674 0.69313574 -0.024698919 42.556396 0.050552327 -0.016968122 0.9985767 4.761841
0.68703556 -0.7252397 -0.045292586 77.29346 0.72501254 0.68833816 -0.024303019 43.417603 0.048795324 -0.01614651 0.9986776 4.8271484
0.6813467 -0.73060864 -0.04654173 78.10254 0.7303443 0.6827349 -0.025659459 44.28711 0.050520748 -0.016499894 0.99858683 4.897827
0.6784793 -0.7332878 -0.045015834 78.90454 0.73295647 0.6798075 -0.026626676 45.155396 0.050120696 -0.014932562 0.99863094 4.9644775
0.6724877 -0.7387323 -0.043240864 79.70776 0.73837656 0.67373246 -0.026810892 46.036255 0.048943654 -0.013895445 0.9987052 5.031616
0.66952425 -0.7416311 -0.04226883 80.50757 0.7411551 0.67075264 -0.02909699 46.93628 0.049923427 -0.011842439 0.99868256 5.0926514
0.66599345 -0.74490315 -0.04054134 81.302734 0.744307 0.66716003 -0.031236941 47.82849 0.05031501 -0.009363529 0.9986897 5.1604004
0.66051066 -0.74973696 -0.040442154 82.100586 0.748897 0.66171604 -0.036070757 48.734863 0.05380024 -0.0064614937 0.99853057 5.230835
0.65609884 -0.7536417 -0.03840227 82.89429 0.75258505 0.6572165 -0.039984886 49.64331 0.05537554 -0.0026728828 0.9984616 5.30249
0.6507518 -0.75853163 -0.03374099 83.68921 0.75723195 0.651617 -0.04450813 50.562744 0.05575408 0.00340823 0.9984384 5.3758545
0.64245874 -0.7656968 -0.029548828 84.467285 0.764201 0.6430798 -0.0486342 51.492676 0.05622883 0.00866615 0.9983801 5.4434814
0.6349231 -0.77207536 -0.026246065 85.251465 0.77053726 0.63536036 -0.050064094 52.426514 0.055330902 0.011557764 0.9984009 5.5236816
0.6245966 -0.780657 -0.022882927 86.03003 0.77922195 0.6248852 -0.04901592 53.385254 0.052553423 0.012785811 0.99853617 5.5926514
0.61551213 -0.787761 -0.022073654 86.78638 0.7863494 0.61577743 -0.048820842 54.36328 0.05204841 0.0126877045 0.99856377 5.6691895
0.6061867 -0.79504955 -0.024082787 87.53369 0.79355586 0.606562 -0.049970657 55.342773 0.054333393 0.011177158 0.99846 5.7352295
0.59617275 -0.8025305 -0.023525096 88.272705 0.8009083 0.5965062 -0.052502573 56.3396 0.05616859 0.012468264 0.998344 5.812866
0.58731014 -0.80891615 -0.02460377 89.006836 0.80722106 0.58771044 -0.05361087 57.343018 0.057835326 0.011621425 0.9982584 5.88501
0.5772554 -0.81627953 -0.019898586 89.7334 0.8145907 0.577394 -0.0546889 58.35742 0.05612965 0.015363032 0.99830544 5.965088
0.566121 -0.82421803 -0.017008679 90.43652 0.8226119 0.56613255 -0.054033123 59.38916 0.054171924 0.01660042 0.99839383 6.043091
0.55473137 -0.8317835 -0.016131533 91.1355 0.8301339 0.55470043 -0.055107124 60.428467 0.054784663 0.017172733 0.9983502 6.119629
0.5472846 -0.8368545 -0.017310651 91.83545 0.8350944 0.5473076 -0.05672112 61.479248 0.056933 0.016576141 0.99823964 6.19458
0.5353873 -0.8444202 -0.017463775 92.50659 0.84258986 0.5354243 -0.05790209 62.55078 0.058247205 0.016282206 0.99816924 6.2668457
0.52543175 -0.8505668 -0.01896334 93.16284 0.8486811 0.52557015 -0.05847311 63.62085 0.059701845 0.014633878 0.9981093 6.35437
0.5144499 -0.8573927 -0.019681465 93.813965 0.85549563 0.5146553 -0.058531452 64.721436 0.06030081 0.013274923 0.99809176 6.4400635
0.50638765 -0.86212826 -0.018437402 94.461914 0.8603712 0.5065635 -0.056460228 65.81201 0.05801787 0.012717853 0.9982341 6.5166016
0.49874675 -0.8664676 -0.015929697 95.10156 0.86480373 0.49880823 -0.055433396 66.92236 0.055987608 0.013866184 0.9983352 6.598877
0.4892585 -0.87205255 -0.014711462 95.7168 0.8704088 0.4892709 -0.055390645 68.042725 0.055499967 0.014293614 0.99835634 6.682007
0.4823469 -0.8759552 -0.013926158 96.338135 0.8742008 0.4822963 -0.057575695 69.16748 0.057126515 0.015600051 0.99824494 6.7613525
0.47736582 -0.8786109 -0.012519859 96.94971 0.87662435 0.47716853 -0.06190816 70.28833 0.060362086 0.018580858 0.9980038 6.8479004
0.46959847 -0.88278925 -0.011786352 97.562256 0.8805984 0.46930677 -0.06538471 71.427 0.06325625 0.020313375 0.9977899 6.9333496
0.4655719 -0.88486475 -0.010925906 98.154785 0.8824857 0.46516606 -0.06856367 72.55005 0.06576715 0.0222848 0.9975867 7.0220947
0.4608458 -0.8874832 -0.008559644 98.746826 0.8851199 0.4602862 -0.069128275 73.68579 0.06527396 0.024272144 0.99757135 7.1188965
0.45747462 -0.88927495 -0.004867873 99.33496 0.88710356 0.4567277 -0.06756131 74.83032 0.06229031 0.026588095 0.99770355 7.211792
0.4551753 -0.8905093 0.0010129977 99.92041 0.88864046 0.45414656 -0.065266564 75.96826 0.05765553 0.030590018 0.99786663 7.305664
0.44941553 -0.8932763 0.002800244 100.49365 0.8914997 0.44831905 -0.064526826 77.09253 0.056386806 0.03150436 0.99791217 7.393799
0.44664112 -0.8946459 0.0045082634 101.05542 0.8929019 0.44544384 -0.06486254 78.2334 0.056015465 0.032998934 0.9978846 7.47876
0.4452128 -0.8953512 0.007220808 101.61694 0.89378136 0.44392094 -0.06332132 79.357666 0.05349768 0.034654908 0.9979669 7.5648193
0.4424473 -0.89678305 0.009367095 102.17163 0.8953283 0.44107705 -0.062499203 80.48218 0.051906466 0.03603692 0.99800134 7.6414795
0.44247565 -0.896592 0.011354284 102.726074 0.89515847 0.44096372 -0.06353006 81.60742 0.051946666 0.03829033 0.99791634 7.7252197
0.43741795 -0.8990961 0.014573253 103.26758 0.8977975 0.4357613 -0.06319585 82.7168 0.05047113 0.040741965 0.99789506 7.8012695
0.4374915 -0.8992422 0.018791918 103.803955 0.89814645 0.4356486 -0.06268737 83.82251 0.048173156 0.044281263 0.9978559 7.8779297
0.43440682 -0.9004462 0.02101995 104.33496 0.89945436 0.43247095 -0.062484298 84.92261 0.047166925 0.0460371 0.99782497 7.953003
0.43135405 -0.9019609 0.022693552 104.85986 0.9010203 0.42932016 -0.062954694 85.99341 0.04702618 0.047612485 0.99775916 8.025757
0.4328989 -0.90103453 0.023747973 105.37158 0.9001243 0.43079033 -0.06346014 87.07129 0.046932638 0.04885677 0.9977033 8.10022
0.4328824 -0.9010628 0.023503708 105.87549 0.900055 0.43069613 -0.065245494 88.147705 0.048670482 0.049408898 0.99759275 8.172974
0.43130895 -0.9017828 0.020778634 106.36841 0.90063953 0.42925894 -0.06524466 89.194336 0.049932443 0.04686026 0.9976529 8.248535
0.43594086 -0.89978224 0.01867737 106.86963 0.8985807 0.434015 -0.06469071 90.235596 0.05011071 0.04498965 0.99773 8.31958
0.4374389 -0.8989346 0.016192097 107.35742 0.8976694 0.4356725 -0.063880935 91.26245 0.050370432 0.042501688 0.9978271 8.391357
0.44458634 -0.895709 0.014367302 107.846436 0.89434695 0.44287452 -0.06452158 92.2937 0.051433224 0.041536152 0.99781233 8.463135
0.45192805 -0.89203066 0.013445312 108.35693 0.89064753 0.4502566 -0.0644607 93.30322 0.051426377 0.041101042 0.9978305 8.539917
0.4549579 -0.89044046 0.010864684 108.860596 0.8890097 0.45345086 -0.06351223 94.30444 0.05163254 0.038571097 0.997922 8.605591
0.46503457 -0.8853904 0.01050364 109.36719 0.8840451 0.46359468 -0.061861485 95.30176 0.049887057 0.038040712 0.99802953 8.671387
0.47378644 -0.8806317 0.010050666 109.890625 0.8793055 0.47237164 -0.06142328 96.29126 0.049347173 0.03793767 0.9980608 8.744141
0.48319647 -0.87538636 0.009210518 110.41455 0.8740792 0.4818357 -0.060697153 97.267334 0.048711613 0.037382647 0.99811316 8.80896
0.4934426 -0.869602 0.0065140845 110.957275 0.8681438 0.49215022 -0.06205996 98.239746 0.05076844 0.036286492 0.99805164 8.870483
0.5035781 -0.86397827 0.0034808293 111.49902 0.8623863 0.502397 -0.06283136 99.19165 0.052540086 0.034638327 0.99801767 8.944946
0.5135991 -0.8579264 -0.00038606254 112.05444 0.85624003 0.5126173 -0.062431972 100.13696 0.053777996 0.031738818 0.9980487 9.008667
0.5276216 -0.8494831 -0.00150357 112.63428 0.8478609 0.52672195 -0.06086362 101.07764 0.052494198 0.030836957 0.99814504 9.07312
0.53843147 -0.8425939 -0.0033940156 113.20166 0.84111273 0.5377158 -0.05722896 102.00098 0.05005206 0.027955934 0.99835515 9.146606
0.5521188 -0.8337377 -0.0035725422 113.80469 0.83235276 0.5514392 -0.055419274 102.92285 0.0481675 0.027627032 0.9984573 9.209717
0.5631087 -0.82636636 -0.0035891775 114.40967 0.82502615 0.56243294 -0.054660827 103.81738 0.04717975 0.027822655 0.99849916 9.274048
0.57525736 -0.81798345 -0.0049305125 115.02344 0.8165674 0.5745973 -0.05565588 104.706055 0.048359472 0.027985834 0.99843764 9.336304
0.5865744 -0.80990285 -0.0062992247 115.644775 0.80846703 0.5859665 -0.055458866 105.57056 0.048605252 0.027432319 0.9984409 9.404419
0.5966839 -0.8024226 -0.005529375 116.26514 0.8008808 0.59593886 -0.058235407 106.41577 0.05002559 0.030320816 0.9982877 9.461426
0.6075363 -0.79427207 -0.005958278 116.90503 0.7927681 0.60681665 -0.05741138 107.2478 0.049218617 0.030157477 0.99833274 9.534912
0.61870414 -0.7857036 -0.005780527 117.545166 0.78432643 0.618025 -0.055093173 108.08423 0.046854023 0.029552037 0.99846447 9.59314
0.62787306 -0.77839327 -0.0036622372 118.1814 0.7772074 0.62716335 -0.052430756 108.88574 0.043100193 0.030075008 0.998618 9.650024
0.6381003 -0.770052 -0.0042015864 118.843506 0.76892346 0.63744336 -0.050907984 109.68335 0.041876145 0.029249711 0.99869424 9.7109375
0.64729303 -0.7622212 -0.0077855173 119.47754 0.7610687 0.64681846 -0.049287986 110.457275 0.04260771 0.02596859 0.9987538 9.767578
0.6569848 -0.75370586 -0.010142194 120.13208 0.75249046 0.65659165 -0.049509287 111.22046 0.043975398 0.0248981 0.9987226 9.81897
0.66640794 -0.7455003 -0.010153666 120.79736 0.74432474 0.66602063 -0.04869288 111.97363 0.043059207 0.024888277 0.9987624 9.8741455
0.6741734 -0.73846406 -0.009480353 121.46094 0.7374151 0.6738081 -0.0461652 112.718994 0.04047777 0.024138495 0.99888927 9.932007
0.68414366 -0.7292904 -0.008970289 122.13135 0.72828346 0.6837593 -0.045544103 113.434814 0.039345652 0.024625316 0.9989222 9.979736
0.69246143 -0.7214067 -0.0076452848 122.812744 0.72047496 0.6920395 -0.04456111 114.12866 0.03744135 0.025346758 0.99897724 10.032593
0.6990895 -0.7148759 -0.009407869 123.46875 0.71396357 0.6987627 -0.043000784 114.82959 0.037319425 0.02335061 0.99903095 10.080078
0.7077357 -0.7065694 -0.009193037 124.158936 0.70569694 0.7074102 -0.04215472 115.50952 0.0362818 0.02334756 0.9990688 10.13501
0.714246 -0.69974625 -0.008963145 124.829346 0.69896054 0.71395546 -0.03992731 116.1709 0.034343638 0.022251874 0.9991623 10.174438
0.7207044 -0.6931053 -0.007975338 125.49902 0.6924456 0.7204421 -0.03682664 116.82886 0.031269334 0.021020018 0.99929017 10.223022
0.72851413 -0.68512267 -0.007312836 126.180176 0.68454653 0.72827095 -0.03459254 117.47778 0.029021828 0.020192906 0.9993746 10.264282
0.73617965 -0.6767725 -0.00802365 126.84302 0.6762162 0.73597187 -0.033507295 118.093506 0.028582158 0.019240433 0.9994063 10.306885
0.74303675 -0.6690509 -0.00931617 127.507324 0.6685517 0.74291 -0.030708179 118.7041 0.02746859 0.016584115 0.999485 10.342285
0.7531062 -0.65767133 -0.008509894 128.18335 0.65725523 0.7529933 -0.028107136 119.30127 0.024895273 0.01557437 0.9995689 10.377197
0.7611305 -0.6483805 -0.0075507346 128.84595 0.64806455 0.7610444 -0.0244508 119.87964 0.021602798 0.013714122 0.99967253 10.408447
0.77214414 -0.635285 -0.0074078585 129.52783 0.63503534 0.7720895 -0.021363689 120.44336 0.019295093 0.01179323 0.9997445 10.445068
0.78221625 -0.6230845 -0.008836309 130.1897 0.62281585 0.782184 -0.021513924 120.985596 0.020316444 0.011327239 0.9997296 10.474365
0.7918997 -0.61064655 -0.010582902 130.8645 0.6103584 0.79189926 -0.021547345 121.51343 0.021538548 0.01060637 0.99971193 10.502686
0.8024641 -0.5965886 -0.010578431 131.55664 0.5963101 0.80246353 -0.021096082 122.04346 0.021075157 0.01061853 0.99972147 10.52771
0.8106714 -0.5853658 -0.010312293 132.24146 0.58512485 0.8106792 -0.019378081 122.54028 0.01970452 0.009673825 0.9997591 10.555054
0.8210698 -0.5708333 -0.008624831 132.95728 0.57066804 0.82107395 -0.016010487 123.038574 0.016218944 0.008224775 0.9998348 10.582153
0.82989264 -0.55799526 -0.006351988 133.64136 0.5578742 0.82987505 -0.014299812 123.52197 0.013250027 0.008324954 0.9998776 10.60437
0.8387647 -0.5444406 -0.0038465706 134.35669 0.5443581 0.8387285 -0.012872622 123.98389 0.010233637 0.008703385 0.9999097 10.625366
0.84671026 -0.5320703 -0.0027231204 135.08691 0.5320011 0.84666455 -0.012591397 124.42969 0.009005942 0.009212402 0.999917 10.639404
0.8531391 -0.521541 -0.00020881416 135.79419 0.52149737 0.85307246 -0.012619069 124.88281 0.006761861 0.010656767 0.99992037 10.661499
0.8603224 -0.5097697 -0.0002751178 136.52393 0.50972956 0.8602612 -0.012098863 125.316895 0.006403871 0.010268306 0.99992675 10.67627
0.8675805 -0.49714518 -0.000863655 137.2893 0.497117 0.8675471 -0.009309368 125.74585 0.005378497 0.00764771 0.9999563 10.697754
0.87286574 -0.4878698 -0.00072803395 138.0149 0.48784775 0.8728387 -0.0083306655 126.17651 0.0047008535 0.006915992 0.99996495 10.704956
0.87924653 -0.47635025 -0.0004152758 138.78003 0.47633445 0.8792238 -0.0074349036 126.58057 0.003906619 0.0063392264 0.9999723 10.716064
0.88493544 -0.46574512 -9.968411e-06 139.5315 0.46573043 0.8849076 -0.007936497 126.99194 0.0037044808 0.0070185866 0.9999685 10.730225
0.8897994 -0.45625558 -0.00062007783 140.2959 0.45623487 0.8897703 -0.00843293 127.38281 0.0044004186 0.0072210217 0.9999642 10.743164
0.8947277 -0.44660443 -0.00049675134 141.08911 0.4465834 0.8946953 -0.008776031 127.770996 0.0043648733 0.0076300306 0.9999614 10.754639
0.8976217 -0.4407916 -0.00015940578 141.86597 0.44077787 0.8975963 -0.0075793564 128.16626 0.0034838174 0.0067331484 0.9999713 10.765503
0.9006917 -0.4343881 0.0025758662 142.66064 0.43439567 0.90067285 -0.0058147027 128.5476 0.00020619994 0.0063565774 0.99997985 10.779053
0.9039187 -0.4276928 0.005279431 143.47217 0.42771065 0.9039211 -0.0028575277 128.9397 -0.0035496666 0.004840609 0.99998206 10.775391
0.9064038 -0.42237088 0.006770746 144.29443 0.42237458 0.9064269 0.0009421967 129.33887 -0.0065349727 0.0020058816 0.9999767 10.779663
0.9097852 -0.4149603 0.00871822 145.13647 0.41494745 0.90982676 0.0033194982 129.72437 -0.009309903 0.00059752166 0.9999565 10.78418
0.91274685 -0.40843743 0.01029429 145.98218 0.40840593 0.9128047 0.0051008705 130.12085 -0.011479437 -0.000452674 0.999934 10.772827
0.91628885 -0.40032288 0.013243574 146.86084 0.4002749 0.91638446 0.0062093996 130.4961 -0.014622123 -0.00038947258 0.999893 10.765747
0.9195074 -0.39280134 0.015964532 147.7478 0.39274386 0.91964585 0.006721678 130.87305 -0.017321665 8.9210924e-05 0.9998499 10.764404
0.9227766 -0.3849448 0.017334526 148.646 0.38488686 0.9229393 0.006694402 131.25488 -0.018575206 0.0004936214 0.9998275 10.756348
0.92660725 -0.37563893 0.017608898 149.52783 0.37559462 0.92677385 0.005879466 131.62842 -0.018527836 0.0011654953 0.9998277 10.736572
0.9303422 -0.3661658 0.01804715 150.49121 0.36616305 0.93051153 0.0035756924 131.99072 -0.018102523 0.0032844269 0.99983066 10.731323
0.93350995 -0.35811278 0.01732827 151.41504 0.3581402 0.9336588 0.0015969696 132.35815 -0.016750416 0.0047140988 0.99984866 10.7126465
0.93820906 -0.3456766 0.015851974 152.38452 0.3457123 0.93832976 0.00051498646 132.69775 -0.015052528 0.0049977647 0.99987423 10.705811
0.9432724 -0.33171946 0.013627385 153.35791 0.3317137 0.94336903 0.0027446444 133.06299 -0.013766115 0.0019322394 0.9999034 10.701172
0.9482622 -0.31717476 0.015032059 154.3374 0.3171147 0.9483806 0.006284313 133.41675 -0.016249383 -0.0011931846 0.99986726 10.682495
0.9544953 -0.2977521 0.0165292 155.34521 0.2976135 0.9546257 0.010349543 133.73462 -0.018860629 -0.004957214 0.9998098 10.6727295
0.9605024 -0.27768245 0.017656535 156.37866 0.27747568 0.96063244 0.013294978 134.04297 -0.020653592 -0.0078699 0.9997557 10.656372
0.96624154 -0.25685793 0.018619025 157.41724 0.2565922 0.96636695 0.0155194625 134.33667 -0.02198063 -0.010215209 0.9997062 10.644653
0.97157997 -0.23589799 0.01975849 158.4856 0.23557888 0.9717059 0.017199496 134.61304 -0.023257239 -0.012056901 0.99965686 10.623779
0.9767241 -0.21328096 0.022762058 159.57617 0.21289976 0.9769056 0.018059466 134.8601 -0.026088456 -0.012793487 0.9995779 10.612915
0.98124295 -0.19096701 0.02663898 160.66577 0.19047852 0.9814992 0.0198319 135.07983 -0.029932208 -0.01438704 0.9994485 10.580322
0.9853284 -0.16785513 0.030930439 161.79077 0.1672195 0.9856734 0.022127854 135.29053 -0.03420054 -0.01663193 0.9992768 10.561035
0.9885835 -0.1467303 0.034224663 162.90845 0.14597881 0.9890069 0.02352956 135.46582 -0.03730107 -0.018265963 0.9991376 10.526978
0.99164987 -0.12422732 0.034536637 164.05884 0.12342484 0.99204934 0.024480483 135.62769 -0.037303545 -0.020012908 0.9991037 10.490845
0.99413294 -0.10280109 0.033686172 165.20898 0.10199475 0.99447626 0.02483925 135.75708 -0.036053445 -0.02125783 0.9991237 10.454712
0.996139 -0.08148643 0.032686997 166.37671 0.080658264 0.99640596 0.025900008 135.86597 -0.034679867 -0.0231636 0.99912995 10.41748
0.9974703 -0.061421454 0.035767198 167.57788 0.06056908 0.9978636 0.024447467 135.9419 -0.03719295 -0.02221919 0.9990613 10.383667
0.9984614 -0.04001709 0.038387004 168.78418 0.039106227 0.99894196 0.024196485 136.00732 -0.039314695 -0.022658201 0.9989702 10.347778
0.9990493 -0.018568344 0.039433394 170.0083 0.017605826 0.99954176 0.024616698 136.04443 -0.039872445 -0.02389874 0.9989188 10.310669
0.9992106 -0.0007447002 0.039710276 171.21655 -0.00028415897 0.9996646 0.02589168 136.05566 -0.039716244 -0.025882527 0.9988755 10.270386
0.99889594 0.022020418 0.041505318 172.47534 -0.02316766 0.9993568 0.027367584 136.04297 -0.040876023 -0.028298609 0.9987637 10.22876
0.99833673 0.04066856 0.040860217 173.72754 -0.04182906 0.9987332 0.027961772 136.02026 -0.039671145 -0.029624464 0.9987737 10.181274
0.99743277 0.059303544 0.040148225 174.9768 -0.060520686 0.99772197 0.02981164 135.95435 -0.038288906 -0.03216448 0.998749 10.140625
0.9958783 0.082164995 0.038368672 176.27563 -0.083316654 0.99608636 0.02944963 135.85669 -0.035798404 -0.032525606 0.9988297 10.096802
0.99432105 0.09994199 0.036539685 177.53394 -0.10113797 0.99434066 0.032492097 135.75269 -0.03308522 -0.03600342 0.99880385 10.055542
0.9924427 0.11747167 0.03548336 178.8584 -0.11863079 0.9924059 0.032537706 135.61328 -0.03139164 -0.036501277 0.9988404 10.017212
0.9896715 0.13945863 0.033227317 180.16284 -0.14055261 0.98951674 0.033233535 135.44824 -0.028244931 -0.037560467 0.99889517 9.985352
0.98703146 0.15782617 0.02928042 181.50635 -0.15881972 0.9866703 0.035435174 135.25098 -0.023297418 -0.039626665 0.998943 9.95105
0.9841709 0.17556316 0.02376834 182.81006 -0.17636605 0.9836017 0.03745417 135.04126 -0.016801715 -0.041054804 0.9990158 9.934448
0.9811387 0.19236015 0.018710636 184.13159 -0.19297734 0.9803687 0.040280096 134.80127 -0.010593041 -0.043131746 0.9990131 9.907837
0.97720903 0.2117004 0.015967231 185.46924 -0.21219662 0.9763262 0.04206266 134.53467 -0.0066861426 -0.044492714 0.99898756 9.900391
0.97310317 0.22995494 0.014424266 186.82104 -0.23037286 0.9721281 0.04372424 134.22705 -0.0039676903 -0.04587072 0.9989392 9.901245
0.9691405 0.24600963 0.015730187 188.13525 -0.24647573 0.9681195 0.04467379 133.9187 -0.004238423 -0.04717269 0.99887776 9.904541
0.9643877 0.26400986 0.014960914 189.49878 -0.26441407 0.9634567 0.042490695 133.552 -0.003195011 -0.044934627 0.9989851 9.908325
0.95933074 0.2820499 0.011274507 190.85522 -0.28227204 0.9583718 0.042903617 133.15991 0.0012957683 -0.04434111 0.9990156 9.917603
0.95472825 0.29736918 0.008259148 192.1897 -0.29743242 0.95368 0.045074455 132.77344 0.005524094 -0.045490116 0.9989499 9.923828
0.94951856 0.31365624 0.008059519 193.5166 -0.3136815 0.94839483 0.046709225 132.35986 0.0070043965 -0.04687913 0.99887604 9.950562
0.94365597 0.33082703 0.009337167 194.88672 -0.3308767 0.9424177 0.048890118 131.90356 0.007371273 -0.04922545 0.9987607 9.963745
0.93682194 0.34978426 0.008036278 196.25122 -0.34971336 0.93543637 0.05202963 131.40479 0.010681458 -0.051551647 0.99861264 9.981201
0.93004394 0.36737275 0.0051805284 197.59131 -0.36711466 0.92864174 0.05313408 130.90186 0.014708165 -0.05131927 0.9985743 10.00647
0.92252606 0.38589743 0.0023574268 198.9707 -0.38544968 0.92112434 0.05417489 130.33594 0.01873779 -0.050887197 0.9985284 10.045654
0.91552323 0.40230626 -0.00033497205 200.30737 -0.401694 0.9141749 0.05440315 129.76611 0.02218986 -0.049672924 0.9985191 10.077393
0.9075563 0.41999516 -0.003951884 201.65308 -0.4190798 0.90612566 0.058121424 129.17993 0.02798649 -0.051090002 0.9983016 10.126709
0.8967796 0.44239372 -0.0050981618 202.99707 -0.44127676 0.89522505 0.061635297 128.53662 0.03183498 -0.053025495 0.9980856 10.182983
0.8850405 0.46552992 -0.0043938337 204.35303 -0.46434864 0.88339406 0.06347275 127.874756 0.03342975 -0.054134 0.9979735 10.241089
0.8717267 0.48999244 -0.003887429 205.66772 -0.48864344 0.86986464 0.06764977 127.16162 0.03653416 -0.057067364 0.9977006 10.303833
0.85722095 0.5149012 -0.0034264717 207.00073 -0.5133371 0.8551001 0.07247386 126.40454 0.040246226 -0.0603649 0.99736476 10.370239
0.8415257 0.54005724 -0.0034287763 208.28564 -0.5382987 0.839265 0.07556413 125.63159 0.04369291 -0.061748013 0.9971358 10.446411
0.826756 0.5625522 -0.0033907 209.55396 -0.56068265 0.8244702 0.076698266 124.81152 0.045954507 -0.061508495 0.99704695 10.518921
0.80982596 0.5865966 -0.0032736561 210.81226 -0.58460957 0.80751765 0.07792114 123.95215 0.048356168 -0.06118914 0.99695426 10.599976
0.7938961 0.60801524 -0.0062718657 212.04907 -0.60568184 0.79167455 0.07996731 123.06641 0.05358319 -0.05968672 0.99677813 10.688599
0.77718145 0.62913996 -0.008279525 213.23315 -0.6264823 0.7749858 0.082564846 122.14453 0.05835621 -0.058980763 0.9965526 10.786621
0.7613529 0.6483658 -0.010118255 214.43677 -0.6454478 0.75923955 0.08422343 121.176025 0.062270146 -0.057600502 0.9963971 10.886353
0.74483687 0.66730994 -0.011294216 215.59741 -0.6642195 0.7428264 0.085064486 120.17236 0.06512713 -0.05586311 0.9963131 10.99353
0.7290572 0.6843753 -0.012006292 216.77612 -0.6811667 0.7271394 0.08554189 119.13013 0.06727327 -0.054186597 0.996262 11.105713
0.71301496 0.7011747 -0.012051053 217.87183 -0.6978952 0.7111566 0.08590585 118.08081 0.0687907 -0.05284061 0.99623054 11.22168
0.69685644 0.71711904 -0.013245381 218.94507 -0.71371746 0.69514287 0.0862016 117.02344 0.071009144 -0.05062085 0.9961911 11.3359375
0.68249935 0.7307291 -0.016029816 220.01001 -0.72707576 0.6810022 0.087323114 115.93237 0.074718826 -0.04794621 0.9960518 11.456299
0.66860616 0.7432705 -0.01798343 221.05762 -0.73928815 0.66720235 0.090017386 114.811035 0.07892011 -0.046885777 0.9957773 11.588135
0.6516425 0.7581387 -0.018835286 222.08691 -0.7539179 0.6503026 0.09211214 113.65552 0.0820909 -0.04582626 0.9955713 11.719971
0.63706255 0.77072734 -0.01849211 223.0857 -0.76646614 0.6357597 0.09246925 112.49121 0.083005525 -0.044731874 0.995544 11.861206
0.618869 0.78536713 -0.01632775 224.09033 -0.78108776 0.6174404 0.09346713 111.28027 0.08348145 -0.045088146 0.99548846 12.003296
0.6040563 0.7969813 -0.011491423 225.02783 -0.79281884 0.6022624 0.09441935 110.09302 0.082148366 -0.04792897 0.9954674 12.147705
0.58541423 0.81058615 -0.006390322 225.97949 -0.80655056 0.58325285 0.095371075 108.85718 0.08103546 -0.050672643 0.99542195 12.287231
0.56829655 0.82278794 -0.003100462 226.87378 -0.8188285 0.56592554 0.095917575 107.623535 0.08066409 -0.051957 0.9953849 12.434692
0.5493757 0.8356533 -0.00031091715 227.72656 -0.8315281 0.546699 0.09904157 106.394775 0.0829382 -0.054157898 0.99508244 12.578735
0.5323762 0.84645754 0.0017443611 228.54443 -0.84209204 0.52941704 0.102533735 105.16528 0.0858964 -0.056063097 0.994726 12.7248535
0.5132747 0.8581983 0.005377359 229.3352 -0.8539558 0.5100945 0.102702364 103.90552 0.08539151 -0.057302203 0.99469787 12.875366
0.4921152 0.8705872 0.008874859 230.08838 -0.8666455 0.48886263 0.10059217 102.625 0.08320919 -0.05719 0.99488944 13.023926
0.47174576 0.88177425 0.011595488 230.80957 -0.87811536 0.468498 0.0980986 101.35547 0.081068516 -0.056446556 0.9951076 13.169312
0.44874033 0.8934531 0.01643186 231.45459 -0.89007604 0.44525898 0.09698396 100.09473 0.07935102 -0.058159404 0.99514973 13.303467
0.42669812 0.9041851 0.018160498 232.11963 -0.90096635 0.42326677 0.09516616 98.78906 0.078371614 -0.056976758 0.9952952 13.440796
0.4073834 0.9131056 0.019418443 232.71558 -0.9099001 0.40393215 0.094960324 97.50293 0.07888211 -0.05635274 0.9952898 13.574341
0.38774046 0.921559 0.019704835 233.27563 -0.91837466 0.38438952 0.09397834 96.247314 0.07905553 -0.05453864 0.9953774 13.700928
0.36280215 0.93177205 0.019252885 233.8147 -0.9284556 0.3595638 0.09422043 94.93921 0.080862634 -0.0520512 0.9953647 13.8376465
0.34302938 0.9391867 0.018884813 234.30835 -0.93586504 0.33994055 0.09324064 93.66406 0.08115187 -0.049660295 0.99546415 13.968506
0.32183716 0.94663817 0.018245127 234.76831 -0.94338304 0.31897137 0.09120318 92.38745 0.08054081 -0.046559412 0.9956631 14.10498
0.30150416 0.9533313 0.01898816 235.2002 -0.9501611 0.29871252 0.08981364 91.101074 0.07996033 -0.045103975 0.995776 14.228882
0.28128093 0.95937854 0.020074027 235.5935 -0.9557686 0.27823627 0.09496636 89.83716 0.08552729 -0.045886766 0.9952776 14.361084
0.26197365 0.96494323 0.021683643 235.97607 -0.9605965 0.25847292 0.10321657 88.563965 0.094016366 -0.04784204 0.99441886 14.496704
0.24301007 0.9697424 0.024586264 236.32031 -0.96466255 0.23891239 0.111391544 87.32349 0.10213855 -0.05079934 0.9934735 14.641113
0.22277117 0.97437555 0.028689364 236.63745 -0.96906024 0.21817602 0.11483914 86.07788 0.10561118 -0.053414524 0.9929738 14.791016
0.2012236 0.97889787 0.033303216 236.92603 -0.97363853 0.19620912 0.11563725 84.80737 0.106668584 -0.05569686 0.99273336 14.940674
0.18309534 0.9822516 0.03802461 237.18677 -0.9772288 0.17770372 0.1150853 83.568115 0.10627659 -0.05828281 0.99263114 15.085815
0.16293764 0.98566955 0.04292325 237.43701 -0.98099613 0.15722892 0.11342726 82.323 0.105017915 -0.060593717 0.9926222 15.238281
0.14367527 0.9886087 0.04471577 237.63501 -0.9839217 0.1378646 0.11349469 81.08716 0.106000826 -0.06028482 0.99253446 15.389282
