1.000000000000000000e+00 -3.306050084167601550e-19 -2.270457535318767223e-19 -8.673617379884035472e-19 7.546676715296109287e-19 1.000000000000000000e+00 6.237773588823049983e-19 1.387778780781445676e-17 -3.447385680526250622e-20 4.770700176052009879e-20 1.000000000000000222e+00 5.551115123125782702e-17
-4.944011142296403927e-01 -1.355570196875328232e-02 8.685396193477932236e-01 -4.412947373004506346e+00 -3.104923660109276673e-02 9.995150620138344433e-01 -2.115681640573268373e-03 -7.109244626033954517e-02 -8.680897096429877058e-01 -2.802801485448557992e-02 -4.945818964593496347e-01 4.742627603531858860e+00
-8.858884651783066611e-01 -3.059346793451821894e-02 4.644755389751062946e-01 1.268492213739623509e+00 -4.070595750613927033e-02 9.991029906301451824e-01 -1.172677000647541143e-02 2.953790289839016564e-02 -4.637002400825872561e-01 -2.928192387084621595e-02 -8.863393394853469331e-01 6.708164660567902615e+00
-9.647238844602953334e-01 -3.988529905033318113e-02 -2.612793736718062032e-01 6.015875913092796345e+00 -3.209624677856909303e-02 9.989066861598333569e-01 -3.398862040070006058e-02 7.776940788982951436e-02 2.623491441531717872e-01 -2.439910762253666779e-02 -9.649494437931964708e-01 6.150317024632357743e+00
-4.688289368957137548e-01 -3.111607172284907435e-02 -8.827968531360471660e-01 8.332403364600004636e+00 -1.664687496338554049e-02 9.995129334136754196e-01 -2.640710358123007917e-02 3.729391370343614759e-02 8.831887769053973214e-01 2.309828866631347729e-03 -4.691183887317830759e-01 3.280876149717793400e+00
-7.204300649972815718e-01 -3.243467760904845953e-02 -6.930804359817624993e-01 8.098018119234103196e+00 -1.959819136302161369e-02 9.994597319692941628e-01 -2.637675537784743562e-02 -3.763632514191056488e-02 6.935612098305494744e-01 -5.407100889626766105e-03 -7.206767197369050582e-01 1.184710017602688126e-01
-1.582941203886111536e-01 -2.243147724250749153e-02 -9.871358984634214240e-01 8.691265382905504211e+00 -1.946174906814290709e-03 9.997471840125589093e-01 -2.238858935838254280e-02 -1.873871517711056534e-02 9.873887335573694468e-01 -1.631665090174600884e-03 -1.582978547978826644e-01 -2.197637256357848123e+00
-4.594828871745361143e-01 -2.692939459162917507e-02 -8.879118521601673253e-01 7.667318981499477104e+00 -7.477913241806828995e-03 9.996221540954101092e-01 -2.645473253962442317e-02 -1.196245609266143733e-01 8.882886186643764725e-01 -5.511451751335048541e-03 -4.595106632240509303e-01 -4.037118714411187526e+00
1.195633771884482416e-01 -1.617480455409294263e-02 -9.926709700251559187e-01 7.707612814623754360e+00 1.583250620380965805e-03 9.998691243876571821e-01 -1.610161858354546352e-02 -7.731293257682698983e-02 9.928015008215328452e-01 3.530999842059435252e-04 1.195733248375261543e-01 -5.261369152205933375e+00
-2.958097771331273940e-01 -1.827370507552962195e-02 -9.549751049857101437e-01 7.206784564284385297e+00 -1.773481748228309752e-03 9.998257330656804553e-01 -1.857382500244796064e-02 -1.465174894196484834e-01 9.551481884341196382e-01 -3.815342616906274541e-03 -2.957905685977295085e-01 -5.689094192013373075e+00
1.877613086078879778e-01 -4.505259068511298370e-03 -9.821690146016980316e-01 7.031885195070825212e+00 1.100328358013565391e-02 9.999364204089948860e-01 -2.481210412158692345e-03 -1.090927381786482298e-01 9.821176814431402669e-01 -1.033667135687535953e-02 1.877987925752575005e-01 -5.280469073476742103e+00
-1.389155435373897740e-01 -3.757267523963056001e-03 -9.902419406486010489e-01 6.744563649962178609e+00 1.171610630357934786e-02 9.999165094317088442e-01 -5.436342406155248580e-03 -1.580011144566881576e-01 9.901797002771771661e-01 -1.235898072895296601e-02 -1.388599384437574635e-01 -5.723900068147045772e+00
2.933214414840514817e-01 3.378324077335378810e-03 -9.561457988043554623e-01 6.526713147228727863e+00 1.507601984297654053e-02 9.998530232554616592e-01 8.159367783514498776e-03 -1.326659264195755306e-01 9.560327662810641502e-01 -1.680896342609538088e-02 2.932273256409648754e-01 -4.940707155701231201e+00
-2.314272557187990048e-02 4.367288298034360632e-03 -9.997215708120433808e-01 6.294584785376012626e+00 1.091441412414608479e-02 9.999318854043491855e-01 4.115500141059063102e-03 -1.702127145958350352e-01 9.996714850542905983e-01 -1.081836502742595206e-02 -2.318876994954708823e-02 -5.578981742883799555e+00
3.623712747350899543e-01 9.854035092552835759e-03 -9.320653918829980844e-01 6.296289436008928320e+00 1.698466513971150574e-02 9.997082016137213145e-01 1.716831813212407742e-02 -1.284739711632502113e-01 9.319626488941655795e-01 -2.204760066591560097e-02 3.620981524067583557e-01 -4.841978988572307685e+00
2.406902122132495991e-01 1.109898401529863486e-02 -9.705548228079667883e-01 6.249981729394935570e+00 2.245894167380605225e-02 9.996031640741401825e-01 1.699815244981013260e-02 -1.556191919625364295e-01 9.703583152719492677e-01 -2.588726365755102468e-02 2.403454853687992665e-01 -5.273246644542270545e+00
4.390993827169932806e-01 1.084876889033038402e-02 -8.983282146309300442e-01 6.184880508029845458e+00 2.473229157218237093e-02 9.994021876864301879e-01 2.415908071040291649e-02 -1.353345904959710744e-01 8.980533464385759279e-01 -3.282676674869832584e-02 4.385684989096259589e-01 -4.619066773877593235e+00
4.054598190945896130e-01 9.833016073588527611e-03 -9.141494646976329186e-01 5.778399963913147808e+00 2.893291339875402393e-02 9.993029447836991874e-01 2.357461783650143319e-02 -1.388163434957591369e-01 9.137441548662202928e-01 -3.600711531092762319e-02 4.048928130660625624e-01 -4.810198071688062349e+00
5.424132463203702459e-01 9.963466393505369598e-03 -8.399636916782641238e-01 5.515174783093463873e+00 2.866742535080044410e-02 9.991277290800451016e-01 3.036346873495488624e-02 -1.338148572323042684e-01 8.395333533616239352e-01 -4.055524533250778191e-02 5.416545321259825796e-01 -4.098109564396978044e+00
5.274329367349658293e-01 1.160072677729412707e-02 -8.496825287516353020e-01 5.185036406704792711e+00 2.679084260246926072e-02 9.991824232459040056e-01 3.027076071232679202e-02 -1.141122541953218383e-01 8.493390381936031241e-01 -3.872347864877399154e-02 5.266908619811053738e-01 -4.406513001964200704e+00
6.273613732608670501e-01 1.258184971560758272e-02 -7.785523274154496631e-01 5.002713238049284250e+00 2.282420309999773703e-02 9.991427592417462256e-01 3.453818115037089048e-02 -1.044443986637842436e-01 7.783194321275470617e-01 -3.944069500628757247e-02 6.265363600320242865e-01 -3.548429367323038264e+00
6.083270032016088180e-01 1.329656170714937219e-02 -7.937378473708538440e-01 4.422732876011255421e+00 2.347077481640091196e-02 9.991210254469888863e-01 3.473319826231263674e-02 -9.689952210118019105e-02 7.935021948603433461e-01 -3.975390349680146124e-02 6.074801215284044709e-01 -3.712505798320204775e+00
6.965931480409404131e-01 1.402277337279219521e-02 -7.174821299592553103e-01 4.395188307473233635e+00 2.052285722504074150e-02 9.990103921759591055e-01 3.946945979804513532e-02 -8.326964322837453192e-02 7.173256139954946597e-01 -4.222015245415300377e-02 6.956159565100905606e-01 -2.807028362979883340e+00
7.034869821843016124e-01 1.518026770445043104e-02 -7.104488820176495523e-01 3.802017655330620194e+00 1.975713165460395854e-02 9.989677871040096857e-01 4.090950397169713232e-02 -7.897995374982649808e-02 7.103362494653604475e-01 -4.282047578192097609e-02 7.024609211337470294e-01 -2.767692608023664125e+00
7.533912309366751492e-01 1.264957081398482806e-02 -6.574466413903077289e-01 3.752943577494259664e+00 1.875807477963899184e-02 9.989946367840725205e-01 4.070085943376130361e-02 -6.101950267762248914e-02 6.573005447605194673e-01 -4.299504920085340381e-02 7.523964513481614658e-01 -2.099539867018275885e+00
7.579232794956870523e-01 8.639087471207911387e-03 -6.522815686222598330e-01 3.133977586927208847e+00 2.162987550818255833e-02 9.990297310575426692e-01 3.837659885438181318e-02 -5.119662313859546510e-02 6.519802150082155690e-01 -4.319572302831664601e-02 7.570008540212028736e-01 -1.963258844192504515e+00
7.971654545898584354e-01 3.764030079020419355e-03 -6.037309050517244424e-01 3.083658574359721349e+00 2.285954755909929206e-02 9.990753224229879104e-01 3.640391769786417708e-02 -3.515609810547176695e-02 6.033094146068862518e-01 -4.282355337167763343e-02 7.963423428563859430e-01 -1.224004660811489176e+00
7.964119110380857292e-01 -2.674833858113100375e-04 -6.048087098048108290e-01 2.467453108350499136e+00 2.542997557503173800e-02 9.991301514033744668e-01 3.304356789146863788e-02 -1.270377346004569752e-02 6.042737667871662666e-01 -4.169616392855581000e-02 7.957258809408032096e-01 -1.025646643172162698e+00
8.256570717119817715e-01 -1.908014991211594335e-03 -5.642466331621321940e-01 2.385752416341405446e+00 2.521029617966660807e-02 9.991200742173547145e-01 3.351278390878189434e-02 5.226805491810260218e-03 5.636861530211422222e-01 -4.189422343598049603e-02 8.249786896038058259e-01 -2.331699616974228229e-01
8.188938803465732885e-01 -4.026262135553637829e-03 -5.740071985050768655e-01 1.794300505162714110e+00 2.792825101993397230e-02 9.990703763373203206e-01 3.284372416659044058e-02 2.475130751862168743e-02 5.733415635933394316e-01 -4.292261173182355949e-02 8.182449332079217985e-01 -2.803395673820102685e-02
8.417341250069839687e-01 -3.622547116375723561e-03 -5.398113633370344999e-01 1.682632189423547864e+00 2.697408737168660239e-02 9.990107766533439237e-01 3.535156292387888616e-02 2.941310757960337308e-02 5.391493617167015806e-01 -4.431860646993700248e-02 8.409992566076474052e-01 8.383683173794629351e-01
8.317135694467612250e-01 -3.115211845137675663e-03 -5.551710256449554626e-01 1.083833910949050683e+00 2.818816374245180709e-02 9.989314212765877388e-01 3.662917473915610483e-02 5.530331489976483827e-02 5.544635252313768747e-01 -4.611848199152607936e-02 8.309128028938997934e-01 1.088891448442901311e+00
8.528526331510373204e-01 -3.747147315069760364e-04 -5.220099201448490378e-01 8.861628590022928575e-01 2.494711948036579252e-02 9.988868997973149311e-01 4.002677774753008594e-02 7.681339693421600223e-02 5.214136815833037009e-01 -4.716258493992293854e-02 8.519128489486206268e-01 2.029761942106946382e+00
8.470650511199506738e-01 -8.721995746276337675e-05 -5.313836243206109256e-01 3.478581643405988522e-01 2.595976232221433241e-02 9.988131768298318391e-01 4.121953748021579128e-02 1.023940142791903429e-01 5.307491322450289539e-01 -4.871482995642736208e-02 8.460620796674053201e-01 2.271297902230037025e+00
8.633279809983991360e-01 1.580620865856684557e-03 -5.045409642541769379e-01 1.231525131542487717e-01 2.402923353829375386e-02 9.987321026771383004e-01 4.424209623370686795e-02 1.302868764799760271e-01 5.039711205741986833e-01 -5.032093437037681721e-02 8.621954185484312916e-01 3.329915228711003206e+00
8.589820041135780571e-01 1.606547949230359949e-03 -5.120304508513523478e-01 -3.751461329194952787e-01 2.539200366311099299e-02 9.986309435305794624e-01 4.573782903529757804e-02 1.504155804299774912e-01 5.114029960920809526e-01 -5.228849846743113816e-02 8.577652176008989660e-01 3.569848016331922835e+00
8.726976229862311030e-01 2.110600415590125917e-03 -4.882730393646096401e-01 -6.577590114692025702e-01 2.398503328109312729e-02 9.985980792707341847e-01 4.717859551438247090e-02 1.815485495024790619e-01 4.876883475940653745e-01 -5.288035477698586201e-02 8.714235307790763052e-01 4.720178073986651235e+00
8.701047215005577318e-01 4.391348932799570871e-03 -4.928686154765095639e-01 -1.139607182576651168e+00 2.371652370050850167e-02 9.984289067964673414e-01 5.076010446015987582e-02 2.062154888158709842e-01 4.923172913285299157e-01 -5.585364790201564900e-02 8.686335512874783227e-01 4.949638333500821830e+00
8.837553557511753644e-01 7.246393371614491194e-03 -4.677703513270501934e-01 -1.455137467430855924e+00 2.054286292633503500e-02 9.983153666231907586e-01 5.426537383472251203e-02 2.538243726890684893e-01 4.673754604990040806e-01 -5.756806112570681672e-02 8.821176864772577453e-01 6.151987298069982124e+00
8.824452054376756838e-01 9.543278045791659184e-03 -4.702150636795471850e-01 -1.856840408505908258e+00 2.108754918626094821e-02 9.979865986210790796e-01 5.981493123777693183e-02 2.671899400021233162e-01 4.698391983886481826e-01 -6.269993000170985542e-02 8.804672628662943978e-01 6.356582449371646959e+00
8.964027474044381494e-01 1.001126696186824087e-02 -4.430479434131270877e-01 -2.235934878126653924e+00 1.884270502726229785e-02 9.979804191475000197e-01 6.067369031895362280e-02 3.140276689186846659e-01 4.427602209219324569e-01 -6.273978399948004769e-02 8.944038407799104196e-01 7.623043075814775804e+00
8.953232997728355347e-01 1.066635913019999514e-02 -4.453491195427223825e-01 -2.582640362557048874e+00 1.960427307255272963e-02 9.978007364728302964e-01 6.330221828114716842e-02 3.300795165651972951e-01 4.450454109366842603e-01 -6.540274018535471856e-02 8.931452112862254822e-01 7.836864611557296634e+00
9.081441169787730638e-01 9.548335979894847364e-03 -4.185225846058803767e-01 -2.933941732026326132e+00 1.752569181443309337e-02 9.979964992271633806e-01 6.079840561528989523e-02 3.830851714316935719e-01 4.182644384722416508e-01 -6.255022976687316105e-02 9.061573240482754255e-01 9.094906304549239096e+00
9.087662705025086884e-01 9.908720467876330762e-03 -4.171085715815412431e-01 -3.268608038315578668e+00 1.745073678999343320e-02 9.979411534783156901e-01 6.170945001345639475e-02 3.987738588748602764e-01 4.168608920895957581e-01 -6.336157654117829940e-02 9.067224680823164906e-01 9.339628659086214313e+00
9.226396880547486079e-01 8.985246152118285534e-03 -3.855069989425127241e-01 -3.602631990224069547e+00 1.489720151877756832e-02 9.981520689487292097e-01 5.889256715626664529e-02 4.486463873062714880e-01 3.853238578993908869e-01 -6.007932520144101257e-02 9.208008528788772518e-01 1.063124861987117065e+01
9.275681611481402244e-01 1.233225601250515814e-02 -3.734302659620149512e-01 -3.914248883273709012e+00 1.075338886238523008e-02 9.981601046033284907e-01 5.966753777651157692e-02 4.728368720558158711e-01 3.734790042432496460e-01 -5.936199126292478201e-02 9.257290320505029424e-01 1.086989107893644402e+01
9.429301366890981972e-01 1.318785964212850458e-02 -3.327429932353584974e-01 -4.195630307615943799e+00 6.867497223385672991e-03 9.982327227862475283e-01 5.902373176253596088e-02 5.148803392271783519e-01 3.329334656834065376e-01 -5.793999371586010250e-02 9.411732802036095746e-01 1.217464187935038922e+01
9.497267185192366235e-01 1.524369871580543920e-02 -3.127684127413168924e-01 -4.456333373923535568e+00 3.619495692300434345e-03 9.982125836784448980e-01 5.965461786665819666e-02 5.450535427547692491e-01 3.131187676735341374e-01 -5.778803479181831432e-02 9.479741199100152338e-01 1.249709088567772497e+01
9.628490466561349104e-01 1.275448784088752292e-02 -2.696498864788855476e-01 -4.679945455476490324e+00 3.214209194643458892e-03 9.982720310410736486e-01 5.866047362319939257e-02 5.839191476037467465e-01 2.699322291735627988e-01 -5.734753517201767598e-02 9.611441539121362565e-01 1.380914062771773132e+01
9.684597254909802500e-01 1.363285020977210264e-02 -2.487578504790888545e-01 -4.877183368374532257e+00 7.456527607114668771e-04 9.983391239368129000e-01 5.759332056084680990e-02 6.073321764409058687e-01 2.491301184514410627e-01 -5.596126234772184210e-02 9.668411537765526642e-01 1.416226859010458128e+01
9.789258062157818463e-01 1.083959563285459386e-02 -2.037922245195371018e-01 -5.039839129958092023e+00 7.253262653662416633e-04 9.983995006217516455e-01 5.652438305127362866e-02 6.414857904803674682e-01 2.040789395279513085e-01 -5.548014393163125391e-02 9.773510828566807085e-01 1.548156252022696222e+01
9.823835419301101268e-01 1.277705762725084813e-02 -1.863365298539117754e-01 -5.206789751513282383e+00 -3.015577652876269294e-03 9.986138830629488483e-01 5.250737684353242590e-02 6.701790310814657037e-01 1.867496500347468336e-01 -5.101896296509134815e-02 9.810604635147842645e-01 1.586525220356547194e+01
9.891196720048065494e-01 6.322983022475030419e-03 -1.468086496413527342e-01 -5.293699111044639416e+00 3.399928347766553597e-04 9.989750549690304959e-01 4.522518513277682534e-02 7.107253252234606578e-01 1.469443789164618097e-01 -4.478217607650476079e-02 9.881037078558750908e-01 1.710529780657556742e+01
9.918147964666468308e-01 1.521806836263925192e-03 -1.275403211235972001e-01 -5.393869047085815716e+00 3.775766115229881471e-03 9.991421114224052769e-01 4.119275665047619078e-02 7.270375351733830982e-01 1.274934762852905912e-01 -4.133754429954997200e-02 9.909582084210679653e-01 1.762465009779397107e+01
9.950558050010823719e-01 -7.151185878301042145e-03 -9.882033135468135110e-02 -5.423562342237051581e+00 1.040358783633499318e-02 9.994221240581689925e-01 3.228428701594885514e-02 7.569944062669903273e-01 9.853102046361321420e-02 -3.315694325270338721e-02 9.945555911624590628e-01 1.870130816251572625e+01
9.970504079432808142e-01 -9.688841486709334413e-03 -7.574194986776364158e-02 -5.499415637063049367e+00 1.167658101552834088e-02 9.996007649498617198e-01 2.558364701000707953e-02 7.618085935144308651e-01 7.546116226578837571e-02 -2.640063845343502275e-02 9.967666861843115234e-01 1.941425298170252489e+01
9.979870126064942504e-01 -1.129816535251631886e-02 -6.196232880857510672e-02 -5.415975485325095207e+00 1.260880252995769807e-02 9.997061742076566171e-01 2.050424206379989484e-02 7.684664827107735574e-01 6.170891555909123471e-02 -2.125475424056999171e-02 9.978381933623937661e-01 2.021287104912079258e+01
9.985933654451281116e-01 -1.216508345608494426e-02 -5.131541328407607239e-02 -5.435259430071724296e+00 1.300732988432785724e-02 9.997863056413208716e-01 1.593025598464057474e-02 7.453255558014573179e-01 5.110845175129423434e-02 -1.658218935545407655e-02 9.985397820576247252e-01 2.090134107360021076e+01
9.994418746496096517e-01 -8.290977440831303474e-03 -3.153883003371064225e-02 -5.334262324428742374e+00 8.603766105536297254e-03 9.999156106466565719e-01 9.317362300927429716e-03 7.022176626577538716e-01 3.145493867524943449e-02 -9.596688077361125238e-03 9.994324212055039069e-01 2.174268493741648456e+01
9.999692167998948111e-01 1.145740136660371514e-03 4.406623570512193180e-03 -5.379491557273611058e+00 -1.127714916251907392e-03 9.999953056539921947e-01 -1.384645227573293429e-03 6.385572341446683620e-01 -4.411265966951088795e-03 1.369763910915996032e-03 9.999684223207411238e-01 2.252670947156876480e+01
9.989215667751272232e-01 1.032359273214772388e-02 4.475452601003319236e-02 -5.286293869361528230e+00 -9.611527604986222495e-03 9.998259882082715100e-01 -1.576216100179446758e-02 6.008292142394795476e-01 -4.491284606857361139e-02 1.530521162278511427e-02 9.988490665299682991e-01 2.335536407760054090e+01
9.974138933304128596e-01 1.342902514789616822e-02 7.033374813209135323e-02 -5.323752322323473507e+00 -1.155021097490347912e-02 9.995694591807440244e-01 -2.685338163890269372e-02 5.705646458352225947e-01 -7.066649727008612880e-02 2.596524440914385612e-02 9.971406427929511151e-01 2.422704061865971781e+01
9.958947812054195214e-01 1.318241695500236600e-02 8.938726569273763856e-02 -5.172598525647182477e+00 -1.009051783653539848e-02 9.993399491357635167e-01 -3.482353064033416601e-02 5.435862481244611022e-01 -8.978895982642018381e-02 3.377451230458667492e-02 9.953708623864785388e-01 2.504566468078798280e+01
9.947459835816944151e-01 1.126077961508864522e-02 1.016107687407449556e-01 -5.098869856673322154e+00 -7.355946910154323795e-03 9.992248435241992688e-01 -3.860939413207434973e-02 5.217574489694027928e-01 -1.019679723269505123e-01 3.765610118864008010e-02 9.940579376188380945e-01 2.585149767928875875e+01
9.950654618677544638e-01 9.495843355345983880e-03 9.862046471456627217e-02 -4.894780711867116274e+00 -5.967524673257386565e-03 9.993354157751875855e-01 -3.590330625547472065e-02 4.833313912173959337e-01 -9.889675631570066239e-02 3.513523238144852096e-02 9.944609215971704774e-01 2.661771895664076482e+01
9.949088368979753794e-01 4.577009613301602151e-03 1.004300153977609467e-01 -4.763183503759846893e+00 -1.065244958052470820e-03 9.993900659199586034e-01 -3.484428288233915039e-02 4.483158083502470914e-01 -1.005286108744167101e-01 3.455864225108116333e-02 9.943068348682236879e-01 2.733737492994005081e+01
9.941403050184079992e-01 3.382116364600039945e-04 1.079164542789607384e-01 -4.636505734318673078e+00 3.510913400106279326e-03 9.993665111547465063e-01 -3.536130071009357945e-02 4.026205808348544135e-01 -1.078598830282106874e-01 3.553353010071766405e-02 9.935092656368434971e-01 2.816144068347620077e+01
9.924034515602878637e-01 -1.863899344631784073e-03 1.228623291711278820e-01 -4.539233357879019159e+00 6.678632137957809557e-03 9.992269082499735111e-01 -3.869656804581442233e-02 3.535245332632173110e-01 -1.226948545819131070e-01 3.922444374551276036e-02 9.916488087955432906e-01 2.900660224643009499e+01
9.913658824127797864e-01 -3.689048022240644983e-03 1.309282667289185798e-01 -4.419843566100265519e+00 9.083654731037912530e-03 9.991347776687060644e-01 -4.053439490583903015e-02 3.056509584497191234e-01 -1.306648925338023959e-01 4.137553652635619916e-02 9.905417250198327306e-01 2.980449884310240094e+01
9.897789677404914555e-01 3.771288421304088215e-03 1.424203412579258254e-01 -4.318821473344774731e+00 2.519107383622496647e-03 9.990318207735257028e-01 -4.387224796333952237e-02 2.548483471978065240e-01 -1.424480463538974340e-01 4.378224539967003059e-02 9.888113032561552940e-01 3.061837051753752803e+01
9.881992538163717477e-01 5.206856377566391504e-03 1.529697948533620955e-01 -4.188592740545711735e+00 1.734644223342706772e-03 9.989775411174856012e-01 -4.514533440506468542e-02 2.214061556716792056e-01 -1.530484907685967788e-01 4.487782934925936551e-02 9.871799159769402143e-01 3.140817776904429692e+01
9.865561064837081728e-01 3.563516413676811635e-03 1.633233685577438477e-01 -4.059314628369058653e+00 3.976940688119955970e-03 9.989426233498136520e-01 -4.579349867377106864e-02 1.600015681981762083e-01 -1.633138148560849823e-01 4.582757674255683727e-02 9.854988421116689379e-01 3.223439733403452578e+01
9.853202963517436741e-01 3.936590405419364866e-05 1.706199697503437696e-01 -3.913675759355841333e+00 8.064729771162806871e-03 9.988727915290747106e-01 -4.674533781534123689e-02 1.051040505939681846e-01 -1.704292883386789581e-01 4.743574764097831242e-02 9.842093574354967567e-01 3.305636970187683943e+01
9.842750518739331600e-01 -9.114673888366212463e-05 1.765478170819220483e-01 -3.776881315526985805e+00 8.941110339405151930e-03 9.987437283861307913e-01 -4.927981545154930254e-02 5.386473138600589988e-02 -1.763213248282670398e-01 5.008415058941403236e-02 9.830394143772348547e-01 3.388055063699539460e+01
9.845534599737635340e-01 6.975305056026350880e-04 1.750272910149549832e-01 -3.634430369070041689e+00 8.342533701338561078e-03 9.986693376868220895e-01 -5.086597640375279533e-02 -1.893129495373332971e-03 -1.748297489226163237e-01 5.154072775529430078e-02 9.832375495150128542e-01 3.474369514953576044e+01
9.852100009726316721e-01 -1.931634601194102529e-03 1.712577747227001235e-01 -3.494552533328708410e+00 1.071232444387293543e-02 9.986747193962365321e-01 -5.030700137741770522e-02 -5.388728146899732230e-02 -1.709334323074503947e-01 5.139828198540976473e-02 9.839250759644451172e-01 3.561265142851060972e+01
9.864570748184562365e-01 -5.880827128042137369e-04 1.638682036053692448e-01 -3.364279418235125441e+00 8.698101551383612129e-03 9.987738839696459481e-01 -4.868645380022431496e-02 -1.079251132038192423e-01 -1.636382306055670088e-01 4.945404372026891704e-02 9.852527615144801576e-01 3.648362714600349221e+01
9.878081464136237999e-01 1.258295532958045738e-03 1.555227326140930788e-01 -3.229742021368699589e+00 6.264039453807987608e-03 9.988361052120794392e-01 -4.778615582721690291e-02 -1.641101137820280831e-01 -1.554016525861091347e-01 4.817864246929311894e-02 9.866505429337756317e-01 3.739752362813643316e+01
9.890482847725873272e-01 2.769175264377425356e-03 1.475251635625751678e-01 -3.109890456524645685e+00 4.199462507178211047e-03 9.988910501219196991e-01 -4.687298057366023202e-02 -2.203132844476771435e-01 -1.474914972654023937e-01 4.697898046389019366e-02 9.879399170624330040e-01 3.831453419282032513e+01
9.900180893995178533e-01 5.101282711496303232e-03 1.407727003340608907e-01 -2.994828543787099839e+00 1.416545616585936779e-03 9.989340386037686148e-01 -4.612322974187542390e-02 -2.780113036466070886e-01 -1.408579652831284390e-01 4.586209812454155460e-02 9.889555296200049916e-01 3.923350944355004088e+01
9.909694389511204404e-01 9.021895046777073796e-03 1.337295876294858354e-01 -2.872855772838784461e+00 -3.047527126190534980e-03 9.989914316418683216e-01 -4.476373704253499425e-02 -3.348508919515218452e-01 -1.339989511512781339e-01 4.395115762788964070e-02 9.899975444384446766e-01 4.019237132110185229e+01
9.910570538625225190e-01 1.330186392092990236e-02 1.327223521542423290e-01 -2.765303018600101304e+00 -7.414662160127331349e-03 9.989712308618795555e-01 -4.471085669474646890e-02 -3.760771374102598319e-01 -1.331810201372369273e-01 4.332576636293080513e-02 9.901362431686646648e-01 4.114289150872161116e+01
9.910118260555165204e-01 1.589011468023623572e-02 1.327014211926136888e-01 -2.648581974190913790e+00 -1.005492644296778967e-02 9.989590445987716061e-01 -4.444317902851478708e-02 -4.316075985072448384e-01 -1.332708191267288900e-01 4.270563221405797999e-02 9.901404898956389644e-01 4.213552353855175880e+01
9.909414923060294589e-01 1.710031693748397322e-02 1.330430390599007529e-01 -2.531568564517129083e+00 -1.129734186227853744e-02 9.989586854852237074e-01 -4.415196987775563825e-02 -4.826359421870448640e-01 -1.336608425191806171e-01 4.224480287328176431e-02 9.901031195376960303e-01 4.313245406656446335e+01
9.908032310164444079e-01 1.704017209020102647e-02 1.341184227842620313e-01 -2.412284943498203660e+00 -1.120276604256951157e-02 9.989632207568874822e-01 -4.407973329842765353e-02 -5.431575564939061795e-01 -1.347318009812526474e-01 4.216813499952185018e-02 9.899672537472982148e-01 4.413090641215457310e+01
9.909535564223340698e-01 1.696371443725131975e-02 1.329907065641893482e-01 -2.269466033736580624e+00 -1.127989469589981385e-02 9.989968803430357980e-01 -4.328815393298490050e-02 -5.990768329880129528e-01 -1.335928517482495581e-01 4.139269641538483036e-02 9.901510890181692837e-01 4.516099304998945030e+01
9.912088769315147152e-01 1.642383643305171323e-02 1.311673070179219525e-01 -2.142469455057767647e+00 -1.095244406902156319e-02 9.990452823597021359e-01 -4.225766024697424905e-02 -6.598413466662762517e-01 -1.317370693251042613e-01 4.044640341976148828e-02 9.904426976843389019e-01 4.619849219320771283e+01
9.910847011118408822e-01 1.657604106821349010e-02 1.320477252846583571e-01 -2.016688060214414602e+00 -1.109916876164993363e-02 9.990533337372599076e-01 -4.202166094593770551e-02 -7.174322666262875625e-01 -1.326203834021371375e-01 4.017748211255132984e-02 9.903307151508995432e-01 4.723456862962981262e+01
9.910394269095371689e-01 1.792609342771505840e-02 1.321982453144712744e-01 -1.899531170861771479e+00 -1.250827106641075326e-02 9.990537175077075505e-01 -4.159104452086531678e-02 -7.738725456240224121e-01 -1.328203936006615848e-01 3.955988503766727504e-02 9.903263125415262547e-01 4.830092415533742667e+01
9.909109640359925475e-01 1.864361411249308709e-02 1.330769154251828512e-01 -1.783473527317742890e+00 -1.323187399448969362e-02 9.990550935541879785e-01 -4.135371057134483441e-02 -8.371986570913525494e-01 -1.337235493714045709e-01 3.921217841152243450e-02 9.902218949282830529e-01 4.931069623219528353e+01
9.911585540049593357e-01 1.898165409855593136e-02 1.312190457456183235e-01 -1.661825603650515681e+00 -1.377289058227883743e-02 9.990858433245134451e-01 -4.043390739934590167e-02 -8.984250608671996430e-01 -1.318677370269654425e-01 3.826542942914528539e-02 9.905145676859389292e-01 5.036307586106765655e+01
9.914024779652851338e-01 1.948929026973396372e-02 1.292286763846380027e-01 -1.509434612927701425e+00 -1.457477120477187853e-02 9.991394367649578667e-01 -3.878321718598234241e-02 -9.607913829320654520e-01 -1.298748155760407752e-01 3.656099100089894166e-02 9.908340775678836643e-01 5.140251796616055202e+01
9.919152228807527338e-01 1.859918055206446347e-02 1.253712250203808110e-01 -1.397922980656457259e+00 -1.405766800547672557e-02 9.992169536515828066e-01 -3.692571632419482108e-02 -1.021552379593797522e+00 -1.259615990351647397e-01 3.485880516189606565e-02 9.914010399441054444e-01 5.244442884034229024e+01
9.924499906241942560e-01 1.752627296113258917e-02 1.213187782332560971e-01 -1.251760718266511363e+00 -1.338221395367703015e-02 9.993019676539387497e-01 -3.483998520136843274e-02 -1.074111568880846690e+00 -1.218455593032360951e-01 3.295116561314852949e-02 9.919922457662092574e-01 5.348938063864171966e+01
9.927213627513131744e-01 1.723980691222794237e-02 1.190709375024572303e-01 -1.146646650837024550e+00 -1.326485647470248760e-02 9.993312961973437325e-01 -3.402609603736634486e-02 -1.137614992469191399e+00 -1.195791139951564025e-01 3.219500782743780348e-02 9.922867570784124069e-01 5.453172189839330741e+01
9.930185885567894832e-01 1.643513381128516512e-02 1.166428412292400546e-01 -1.024569748858100926e+00 -1.261332429651096203e-02 9.993626934513927251e-01 -3.333537345102966648e-02 -1.194678507211255791e+00 -1.171176658878222282e-01 3.162710173443344930e-02 9.925935195321928806e-01 5.555169423232520387e+01
9.932955729650434495e-01 1.578531368202278073e-02 1.143281969994492803e-01 -9.196944757068943321e-01 -1.210744798694671741e-02 9.993902315570348804e-01 -3.270492045215656063e-02 -1.251762211715634399e+00 -1.147758346486022762e-01 3.109688367431260800e-02 9.928814671873640307e-01 5.659287115108348587e+01
9.930630128776588572e-01 1.643241955211465627e-02 1.162629202377589432e-01 -7.940507843978458213e-01 -1.257303699371656140e-02 9.993489298423747780e-01 -3.375684944989315595e-02 -1.305691555694117989e+00 -1.167435282167245125e-01 3.205553246372631893e-02 9.926237747673017919e-01 5.760032220650747092e+01
9.926930790577085384e-01 1.771298951477481495e-02 1.192438710691715170e-01 -6.794892121769837701e-01 -1.354308121960484841e-02 9.992721596927729433e-01 -3.562404662375025233e-02 -1.361240520636107565e+00 -1.197889619778548381e-01 3.374580040231883737e-02 9.922107413406138221e-01 5.860310110434759423e+01
9.921864559553307261e-01 1.890222256816120536e-02 1.231242058432862330e-01 -5.538209860678654506e-01 -1.441426860437827057e-02 9.992040904340310226e-01 -3.712180378981579792e-02 -1.416809206099429064e+00 -1.237298536758696943e-01 3.505066134429840607e-02 9.916698731701174552e-01 5.963341241630070755e+01
9.913903163521898820e-01 1.949192596018349891e-02 1.293856752188013715e-01 -4.246421440000960890e-01 -1.466385868552722710e-02 9.991646737939460232e-01 -3.811685408569467221e-02 -1.467692989755392086e+00 -1.300213780305733424e-01 3.588813956215819445e-02 9.908482414746530020e-01 6.064213392384418455e+01
9.907984851039070007e-01 1.746215209024764778e-02 1.340468205695075632e-01 -2.740971990833237504e-01 -1.271161611841063049e-02 9.992645756089107989e-01 -3.613396404206547369e-02 -1.540311549931387303e+00 -1.345802114575540276e-01 3.409342738807074474e-02 9.902922616481748541e-01 6.168654238558620762e+01
9.896982734889595568e-01 1.931130761821795924e-02 1.417611427517407319e-01 -1.503711970542555010e-01 -1.434516514758818993e-02 9.992506737328685773e-01 -3.592453844012623299e-02 -1.586337163537399064e+00 -1.423493467317077377e-01 3.351806396847688968e-02 9.892337858371015313e-01 6.267360689994605139e+01
9.889420289014899668e-01 1.912200995529594882e-02 1.469370182689886395e-01 -2.610366760779866957e-02 -1.394593335523223142e-02 9.992489531781089118e-01 -3.610870042488444759e-02 -1.650061683489852493e+00 -1.475184237593234193e-01 3.365547026211257453e-02 9.884662893055944366e-01 6.367756834661612686e+01
9.880562357124734740e-01 1.920211566274897599e-02 1.528180915169882470e-01 1.179048045385923810e-01 -1.347925264103995609e-02 9.991721278919022398e-01 -3.836328604364418193e-02 -1.710452842258679773e+00 -1.534287579449278571e-01 3.584305208340043958e-02 9.874974192668709572e-01 6.465725712324230301e+01
9.871399495375425825e-01 2.019242679995539649e-02 1.584868350536052239e-01 2.674592045854617961e-01 -1.400640020126316977e-02 9.991001689977722089e-01 -4.000931377643898029e-02 -1.763845887799406542e+00 -1.591526975076014983e-01 3.727246297846566192e-02 9.865346851031437936e-01 6.563572686097091946e+01
9.866050345677674915e-01 2.173568758317409241e-02 1.615775651421260395e-01 4.108220375379405542e-01 -1.537696282389026253e-02 9.990618170176308599e-01 -4.045334196855173564e-02 -1.829212248659469520e+00 -1.623061432913067703e-01 3.742360529647324741e-02 9.860141472167870402e-01 6.662760065618971339e+01
9.859470388223001702e-01 2.148397826846789455e-02 1.656045780349301166e-01 5.765255812299108218e-01 -1.511613995351094274e-02 9.991010072550279286e-01 -3.958849935915618318e-02 -1.888854351475357518e+00 -1.663067444277398221e-01 3.652640202867289687e-02 9.853857851375770194e-01 6.760698135906184802e+01
9.855062212492334828e-01 1.925601169393173148e-02 1.684777065639778415e-01 7.456049217643155869e-01 -1.389973866820073782e-02 9.993617212821045426e-01 -3.288880142212263075e-02 -1.948815757085418765e+00 -1.690038731933616589e-01 3.006846014299285191e-02 9.851450798914527240e-01 6.857656047629207308e+01
9.851547992748926896e-01 1.693094332613339151e-02 1.707524662602363796e-01 9.215243180398016154e-01 -1.334317291016683983e-02 9.996659059971404471e-01 -2.212504883400199379e-02 -1.994234115284237996e+00 -1.710702658798362030e-01 1.951551875279658801e-02 9.850520078169563432e-01 6.955575585489064849e+01
9.846371749732313328e-01 1.675192486050987653e-02 1.737020110321218225e-01 1.085004843613673220e+00 -1.383609388549869243e-02 9.997425242840224380e-01 -1.796534170817295356e-02 -2.045231119146082133e+00 -1.739584512430414898e-01 1.528372875594747118e-02 9.846157526699316209e-01 7.052206705640526252e+01
9.845893989901489673e-01 1.689939008882411844e-02 1.739349647081641359e-01 1.257831852663003014e+00 -1.288263818376253304e-02 9.996244142330104054e-01 -2.416459284515727265e-02 -2.089357201191705649e+00 -1.742784464000505240e-01 2.154819038176307086e-02 9.844376602990270175e-01 7.148249684020430550e+01
9.842216497867086744e-01 1.720498100631876609e-02 1.759334891704916193e-01 1.424300738695496449e+00 -1.236960603726443807e-02 9.995166904372760897e-01 -2.849663062664979304e-02 -2.135890004826991984e+00 -1.763393688737322773e-01 2.586635350800817190e-02 9.839589225399925088e-01 7.242897032697759130e+01
9.843055889992441410e-01 1.221470153890627866e-02 1.759518909960634536e-01 1.596366757889973176e+00 -6.894644258816846547e-03 9.995017224200185568e-01 -3.078114542183481642e-02 -2.187459676336072967e+00 -1.762406091686129772e-01 2.908284236861874081e-02 9.838993688785889757e-01 7.338818398612762905e+01
9.844442224117635476e-01 8.123012962446390581e-03 1.754940717030964437e-01 1.769338936470338242e+00 -2.992125071532061083e-03 9.995609345083782404e-01 -2.947375364588518745e-02 -2.234439225387133465e+00 -1.756565327431040824e-01 2.848978340096772199e-02 9.840361438534789285e-01 7.434989547027174694e+01
9.844806239689093408e-01 8.597381421624892411e-03 1.751552489791916856e-01 1.938755276496819668e+00 -3.876553541114791026e-03 9.996209724313765976e-01 -2.724334318104433550e-02 -2.284032990337881763e+00 -1.753232383034861452e-01 2.614044673979798797e-02 9.841406912355175063e-01 7.531168417551022287e+01
9.846145668092117775e-01 8.967708969308952130e-03 1.743776909201918968e-01 2.097041428564543786e+00 -5.189553128719311646e-03 9.997423680933857915e-01 -2.208069412802244474e-02 -2.318334388520849387e+00 -1.745310158735527695e-01 2.083408659954329167e-02 9.844075490260831840e-01 7.626386298031478361e+01
9.848946229597770330e-01 1.016947468279487919e-02 1.728708594679291277e-01 2.260809925478453053e+00 -7.553312934684893246e-03 9.998468986056838759e-01 -1.578232775172679417e-02 -2.357427468665586723e+00 -1.730049495130550341e-01 1.423819015599654507e-02 9.848206513242488969e-01 7.723355509451214118e+01
9.848258833252162558e-01 1.679752087904802169e-02 1.725948539772750590e-01 2.399409471005761407e+00 -1.462456046065151519e-02 9.997970661590119823e-01 -1.383593906003584631e-02 -2.387086494477088650e+00 -1.727925886312644821e-01 1.109742413583876021e-02 9.848719893661750380e-01 7.817043640856509512e+01
9.849047495247357231e-01 2.310830471225570545e-02 1.714153531125391650e-01 2.542766211518098896e+00 -2.115318814534850045e-02 9.996884165225115026e-01 -1.320651096102062015e-02 -2.404383580380628160e+00 -1.716676442205729292e-01 9.374575460510639613e-03 9.850875008762760565e-01 7.912222215944872517e+01
9.855094146679553857e-01 2.201849440673601943e-02 1.681107206944407739e-01 2.709437532498252921e+00 -2.054507875533868183e-02 9.997336317895944013e-01 -1.049483406464696809e-02 -2.447276773049619436e+00 -1.682971471124350693e-01 6.886055889054145708e-03 9.856996892144473943e-01 8.007641135307278546e+01
9.861047280091419509e-01 1.911042695718616694e-02 1.649020732810705658e-01 2.859051693940722672e+00 -1.754556473103265762e-02 9.997861231255367187e-01 -1.093148755892923464e-02 -2.493049877837306028e+00 -1.650758537798608372e-01 7.883069409710936545e-03 9.862294935041461263e-01 8.101564757343744816e+01
9.872121019560159416e-01 1.771623360663232907e-02 1.583163792527197411e-01 3.016155037093928737e+00 -1.570584211056568272e-02 9.997793628555434742e-01 -1.392753641349445820e-02 -2.513894427005173959e+00 -1.585284693903558362e-01 1.125905729570707454e-02 9.872730377137703961e-01 8.195811443685930442e+01
9.886574984183509329e-01 1.470034290690797225e-02 1.493592258216381308e-01 3.160347587890837584e+00 -1.302458455643380232e-02 9.998408819049551255e-01 -1.217682343500664510e-02 -2.554491282168558808e+00 -1.495146388967230899e-01 1.009106131733467603e-02 9.886918161908240243e-01 8.289387655723533044e+01
9.900106037595245434e-01 1.010074205142188521e-02 1.405015380654009438e-01 3.292705820000855876e+00 -8.716250419208692105e-03 9.999070886173836437e-01 -1.045025814592729502e-02 -2.598547808465600628e+00 -1.405942292308066943e-01 9.118628747431139700e-03 9.900069864255824914e-01 8.383177103560421983e+01
9.916120546916263878e-01 8.732140114687593838e-03 1.288224648106881809e-01 3.402460783579303705e+00 -7.447929781192789110e-03 9.999175728065236024e-01 -1.042857843164085065e-02 -2.618844275779573127e+00 -1.289030911103292709e-01 9.379354441511639218e-03 9.915956419148448386e-01 8.476973357952510923e+01
9.930820827313572297e-01 9.697459135182436712e-03 1.168991978590483566e-01 3.494163383697467928e+00 -8.698599304661724235e-03 9.999211112102529553e-01 -9.034221546958253260e-03 -2.633047600080669959e+00 -1.169777822221432506e-01 7.952674003796861985e-03 9.930883602232766227e-01 8.570632355824888293e+01
9.946644681489630324e-01 8.414613577298822936e-03 1.025321136617025897e-01 3.592688554649980048e+00 -7.872116393808366308e-03 9.999526213691244392e-01 -5.666508294222834252e-03 -2.660863259140432646e+00 -1.025751913472589538e-01 4.824278719907580150e-03 9.946841151633091238e-01 8.665203441222499237e+01
9.957996170626076671e-01 7.472237652578065867e-03 9.105454409640298397e-02 3.670547726773753183e+00 -7.188891332229420394e-03 9.999681411002878662e-01 -3.427117737518745651e-03 -2.680794819795745187e+00 -9.107736303403289602e-02 2.755101376435795113e-03 9.958217284360733057e-01 8.759278647565820108e+01
9.968561848766052114e-01 6.491362141215960453e-03 7.863824421449688851e-02 3.730691494773122674e+00 -6.316494948452782213e-03 9.999767802607050227e-01 -2.456070933725365991e-03 -2.695590770707612105e+00 -7.865249146901956423e-02 1.947453060366445598e-03 9.968743936998178956e-01 8.852628648728230587e+01
9.980103302313513280e-01 4.790451264176182056e-03 6.243509670142557283e-02 3.789842034597703524e+00 -4.709626167058870820e-03 9.999876880395315304e-01 -1.426418238831919346e-03 -2.725652053965327504e+00 -6.244125578381801850e-02 1.125461223559884706e-03 9.980209278999242484e-01 8.948268616089248439e+01
