1.0 0.0 0.0 0.0 0.0 1.0 0.0 0.0 0.0 0.0 1.0 0.0
-0.49432513 0.8675389 0.044672158 5.25708 -0.86867565 -0.49394387 -0.020001747 4.6846924 0.004746025 -0.048702646 0.99880105 0.07385254
-0.88599664 0.46307862 0.04517369 7.340088 -0.46484074 -0.8851902 -0.0428068 -1.1375732 0.020127334 -0.058902383 0.998062 -0.0904541
-0.96449137 -0.26284146 0.034935657 6.795044 0.26063138 -0.96401423 -0.057425503 -6.126831 0.04875509 -0.046260558 0.99773896 -0.18273926
-0.4689018 -0.8833068 3.7636608e-05 3.7507324 0.8822596 -0.46834812 -0.04865079 -8.6427 0.042999186 -0.022789093 0.99881554 -0.14013672
-0.7204 -0.6937838 0.0109082665 0.67492676 0.69253176 -0.7198983 -0.050778702 -8.341309 0.04306543 -0.02899399 0.9986512 -0.04284668
-0.15809429 -0.98742205 0.0011439422 -1.8320312 0.98669714 -0.15802196 -0.038153138 -9.024658 0.037835743 -0.004909047 0.99927145 -0.049560547
-0.4592433 -0.88841 0.0077639464 -3.567505 0.88740087 -0.4591101 -0.04443797 -7.967041 0.043043353 -0.013513454 0.998982 0.06970215
0.11971196 -0.9927812 -0.002672311 -4.98645 0.9923375 0.1197384 -0.029693695 -8.035889 0.029800657 0.000902161 0.99955547 0.03955078
-0.2955916 -0.95520693 0.0044865576 -5.2735596 0.9545885 -0.29556373 -0.034899265 -7.524658 0.034654375 -0.0060464335 0.9993807 0.1138916
0.18791616 -0.9821195 0.007683669 -5.026001 0.98202467 0.18776174 -0.017429177 -7.355713 0.015672639 0.010825064 0.9998186 0.08166504
-0.13869655 -0.9902099 0.011759197 -5.359375 0.9900611 -0.13890564 -0.019367173 -7.0723877 0.02081081 0.008954745 0.9997432 0.1340332
0.2933135 -0.95605594 0.013696971 -4.7197266 0.9561452 0.29321858 -0.008539541 -6.8415527 0.0041472055 0.0155979935 0.9998697 0.110961914
-0.02310207 -0.99968773 0.009408148 -5.2523193 0.99967605 -0.023199432 -0.010370424 -6.624756 0.010585446 0.009163294 0.9999019 0.15234375
0.36215708 -0.932013 0.018694231 -4.6430664 0.93218446 0.3621964 -0.0013612583 -6.602417 -0.0054985844 0.017923696 0.99982417 0.111206055
0.24043576 -0.97040826 0.023015449 -5.033325 0.9706722 0.240469 -0.0013520271 -6.5689697 -0.004220035 0.022667304 0.9997341 0.14111328
0.43864918 -0.8981375 0.02925056 -4.444458 0.89851606 0.43884885 0.00045195594 -6.4797363 -0.013244066 0.026084213 0.99957204 0.12011719
0.40499958 -0.91382754 0.032520246 -4.623413 0.9143234 0.40518564 -0.0009422861 -6.078491 -0.012307029 0.030115293 0.99947035 0.12780762
0.5417411 -0.83965147 0.036778577 -3.9558105 0.84020454 0.5421312 0.00076451525 -5.7910156 -0.020580877 0.030485399 0.99932325 0.123046875
0.5267666 -0.8494549 0.03496827 -4.258911 0.84993196 0.5271539 0.0022210218 -5.463379 -0.020315908 0.028551115 0.9993857 0.107910156
0.62658465 -0.77846515 0.035611704 -3.4334717 0.7788517 0.62710005 0.0044667125 -5.2581787 -0.025810447 0.024937076 0.9993558 0.095947266
0.60753 -0.7936464 0.035927374 -3.59021 0.79404163 0.60805595 0.004929241 -4.6829834 -0.025758587 0.025529241 0.9993422 0.09411621
0.69564724 -0.71750796 0.03843626 -2.713623 0.7178377 0.69633436 0.0068566874 -4.6309814 -0.031685963 0.022808038 0.9992379 0.07678223
0.7024864 -0.7105283 0.039050348 -2.675415 0.7108244 0.70322466 0.008114405 -4.0354004 -0.033228554 0.022055482 0.99920464 0.07751465
0.75242233 -0.65750074 0.039323717 -2.0236816 0.65780944 0.75315404 0.0063288063 -3.9696045 -0.033772152 0.021114144 0.99920595 0.055786133
0.7570432 -0.65216357 0.0395302 -1.8878174 0.6526 0.7576947 0.0023879297 -3.3493652 -0.031514157 0.02398349 0.99921596 0.049316406
0.7963936 -0.6034825 0.03928619 -1.161499 0.6040063 0.7969635 -0.0018557385 -3.2841797 -0.030185187 0.025209919 0.99922603 0.028442383
0.7957918 -0.6044213 0.03814797 -0.96203613 0.60503054 0.7962216 -0.005898349 -2.6688232 -0.026807455 0.027773999 0.9992545 0.008544922
0.82504165 -0.56383735 0.038480125 -0.17907715 0.5644653 0.8254798 -0.007040657 -2.574829 -0.027793394 0.027527781 0.9992344 -0.013549805
0.8183194 -0.5734833 0.03947019 0.029296875 0.57420576 0.81871206 -0.009278034 -1.9870605 -0.026997581 0.030253008 0.99917775 -0.029907227
0.8410655 -0.53930897 0.040994335 0.8885498 0.5400359 0.84155524 -0.008470929 -1.8653564 -0.029930238 0.029266262 0.9991234 -0.038330078
0.830983 -0.5546293 0.042736683 1.1434326 0.5554079 0.8315214 -0.008146629 -1.2719727 -0.031017015 0.030501816 0.9990534 -0.060668945
0.8519667 -0.5216093 0.043915495 2.0777588 0.52229506 0.8526633 -0.0050227335 -1.0644531 -0.03482368 0.027223414 0.9990224 -0.08544922
0.84611857 -0.53095037 0.045430534 2.3221436 0.5316795 0.84686553 -0.0048449556 -0.529541 -0.0359016 0.028252685 0.9989562 -0.107910156
0.8622419 -0.50419813 0.04715017 3.3758545 0.5048745 0.8631296 -0.0028746217 -0.29736328 -0.039248712 0.02628579 0.99888396 -0.13977051
0.8578151 -0.5116367 0.049085982 3.618164 0.5123757 0.85877264 -0.0029351371 0.19812012 -0.04065352 0.027665233 0.99879044 -0.15698242
0.87146723 -0.48793635 0.04978093 4.7644043 0.48863527 0.8724947 -0.0021675038 0.48693848 -0.042376813 0.026217975 0.9987573 -0.19274902
0.8686734 -0.4925905 0.05273809 4.9957275 0.49327442 0.8698858 5.8204867e-05 0.9671631 -0.045904562 0.025966449 0.998608 -0.21386719
0.88214505 -0.46768335 0.054570362 6.194092 0.46822527 0.88353837 0.0031834217 1.2895508 -0.049705595 0.022748461 0.998505 -0.26550293
0.880492 -0.47018415 0.059695102 6.4002686 0.47072992 0.8822054 0.005446764 1.6903076 -0.05522556 0.023311302 0.99820167 -0.27514648
0.8944225 -0.44312072 0.059863415 7.6625977 0.443575 0.8961765 0.0062032524 2.0766602 -0.05639751 0.021005094 0.998188 -0.32678223
0.89316416 -0.445422 0.06251613 7.8775635 0.4459017 0.8950857 0.006831131 2.4223633 -0.058998976 0.021779003 0.9980194 -0.34057617
0.90617335 -0.41863266 0.059794117 9.13147 0.41904956 0.9079315 0.005994149 2.7807617 -0.056798223 0.019624079 0.9981931 -0.3996582
0.9067378 -0.41723606 0.060613386 9.376587 0.41764542 0.90855134 0.0063676136 3.1156006 -0.05772476 0.019547151 0.99814075 -0.41394043
0.9208124 -0.3856905 0.05749347 10.663696 0.3860173 0.922452 0.005765289 3.458252 -0.055257075 0.016894242 0.9983282 -0.4703369
0.9257303 -0.37386715 0.056845713 10.901123 0.37396947 0.92738694 0.009231424 3.7739258 -0.056168605 0.012714785 0.9983401 -0.49328613
0.94116855 -0.3333369 0.055652026 12.20105 0.33328545 0.94277257 0.010476623 4.0670166 -0.055959195 0.008688251 0.998395 -0.541626
0.9479637 -0.31354275 0.055619095 12.521606 0.31333074 0.9495786 0.012717085 4.3342285 -0.05680099 0.0053679897 0.9983711 -0.5715332
0.9611369 -0.27035698 0.0554367 13.82959 0.27019098 0.96272326 0.010613611 4.5700684 -0.056239944 0.0047863442 0.9984051 -0.6173096
0.9668314 -0.24956071 0.054183 14.18103 0.24929735 0.96834654 0.011674662 4.773926 -0.05538206 0.0022257557 0.9984621 -0.64172363
0.9773448 -0.20450771 0.0539917 15.49707 0.20430788 0.97883445 0.009257801 4.949341 -0.054743152 0.0019954392 0.9984971 -0.6833496
0.9810509 -0.18716803 0.049650975 15.879395 0.18683316 0.9823067 0.011342857 5.121826 -0.050896317 -0.0018389494 0.99870026 -0.71447754
0.9881011 -0.14729314 0.043679733 17.1167 0.14720672 0.9890669 0.0052082962 5.2196045 -0.043970108 0.0012966022 0.9990304 -0.76464844
0.99095964 -0.1277934 0.040365648 17.63501 0.12787567 0.99177253 0.0005589882 5.3250732 -0.040104277 0.0046192086 0.99918294 -0.78479004
0.99456203 -0.098724134 0.03238122 18.709839 0.09902878 0.9950294 -0.007888451 5.3620605 -0.03143704 0.011066622 0.9994421 -0.8243408
0.99677265 -0.075593196 0.025793081 19.421753 0.075881 0.9970341 -0.010249213 5.444214 -0.024933392 0.0121923145 0.99961114 -0.83532715
0.9978436 -0.061794445 0.020748902 20.219482 0.06205063 0.9979761 -0.011752894 5.3638916 -0.019969724 0.0130326785 0.99971163 -0.8494873
0.99854445 -0.051154528 0.016156236 20.907593 0.05136174 0.9985863 -0.012537841 5.385254 -0.0154849505 0.013358257 0.9997887 -0.8321533
0.9994344 -0.03147454 0.009331256 21.748291 0.031558182 0.99943924 -0.0085168565 5.2893066 -0.009044429 0.008820932 0.99991626 -0.79748535
0.9999685 0.0044147167 -0.0013319552 22.531982 -0.0044100783 0.99996907 0.0011766097 5.345337 0.001347255 -0.0011590635 0.99999535 -0.7420654
0.9988524 0.044971127 -0.01491807 23.36023 -0.044811733 0.9989156 0.010634559 5.2645264 0.015390262 -0.009938999 0.99982864 -0.71520996
0.99714714 0.07079679 -0.025355315 24.232056 -0.070458315 0.9973983 0.013915384 5.30896 0.026281098 -0.012075296 0.99957854 -0.6939697
0.9953786 0.08999086 -0.03300075 25.05066 -0.08957613 0.9958694 0.013796327 5.1624756 0.034110237 -0.010764841 0.9993576 -0.67614746
0.99406505 0.10221843 -0.0367798 25.85669 -0.10184167 0.9947142 0.011952789 5.0910645 0.0378103 -0.008124685 0.9992495 -0.66137695
0.99446666 0.099135995 -0.03428884 26.622803 -0.09884137 0.99503684 0.0101655265 4.8841553 0.03512898 -0.0067096623 0.9993583 -0.6286621
0.9943091 0.10079496 -0.033706635 27.34253 -0.10067427 0.9948807 0.005255739 4.7512207 0.03406565 -0.0018178262 0.99941593 -0.598999
0.99350834 0.108163424 -0.034625057 28.16687 -0.10819199 0.99410975 0.0010613296 4.624878 0.034535687 0.0027037081 0.999398 -0.55981445
0.99164546 0.123047985 -0.03818915 29.012573 -0.12317806 0.9923654 -0.0010499445 4.5305176 0.03776744 0.0057560652 0.9992683 -0.5180664
0.9905362 0.13105059 -0.040272668 29.810791 -0.13127013 0.9913234 -0.002826442 4.411865 0.039551225 0.008098296 0.99918276 -0.4769287
0.98881245 0.14280997 -0.042560395 30.625244 -0.1427398 0.98972887 0.0047007184 4.3133545 0.042795133 0.0014393618 0.9990808 -0.4333496
0.9871824 0.15341356 -0.04355775 31.415527 -0.1532896 0.9881439 0.006194349 4.1850586 0.043992065 0.0005715289 0.9990304 -0.40649414
0.98549926 0.16370052 -0.04441706 32.24243 -0.16365853 0.9864962 0.0046069147 4.057129 0.044571605 0.0027330336 0.9990021 -0.35168457
0.98420525 0.17085513 -0.045966282 33.06482 -0.17098525 0.98525625 0.0011236678 3.9117432 0.045480005 0.006763386 0.99894094 -0.30358887
0.98303455 0.17677401 -0.048560597 33.889282 -0.17693384 0.9842051 0.0010290676 3.7750244 0.04797504 0.0075894175 0.9988185 -0.25964355
0.9832336 0.1752905 -0.05002947 34.75232 -0.17542087 0.98448193 0.0018134112 3.630127 0.04957055 0.007000409 0.99874485 -0.21118164
0.98391813 0.17140862 -0.049927566 35.621094 -0.17166415 0.98514074 -0.00083515083 3.4868164 0.049041808 0.009401678 0.9987509 -0.16577148
0.985248 0.16408502 -0.04804772 36.49182 -0.1642533 0.986393 0.00046616566 3.3521729 0.047469165 0.0074470975 0.9988427 -0.11791992
0.9866484 0.1558228 -0.046844054 37.405396 -0.15588905 0.9877485 0.0022664755 3.2128906 0.046622995 0.005078582 0.9988979 -0.068481445
0.9879397 0.14788999 -0.04571344 38.322144 -0.14787477 0.98899287 0.003732849 3.088379 0.045762476 0.0030766106 0.99894667 -0.018920898
0.9889579 0.14122972 -0.04465214 39.240967 -0.14110152 0.98996603 0.006026572 2.9691162 0.04505575 0.00034565432 0.99898374 0.032104492
0.99000376 0.13432659 -0.04279585 40.199707 -0.1340225 0.9909214 0.009905156 2.8428955 0.043738518 -0.0040640747 0.9990333 0.08215332
0.9901465 0.13347521 -0.0421704 41.15027 -0.13298719 0.99100935 0.014178239 2.7332764 0.043684803 -0.008424809 0.99900866 0.11633301
0.99015325 0.13354278 -0.04154502 42.143066 -0.13294739 0.99096435 0.016764898 2.614502 0.04341241 -0.011065343 0.99899375 0.16455078
0.9901171 0.13392094 -0.04107865 43.140137 -0.13327885 0.9908942 0.017975878 2.4954834 0.043116447 -0.01231027 0.998992 0.20825195
0.98998123 0.13499182 -0.040992558 44.138794 -0.134354 0.9907557 0.01792141 2.3742676 0.043036636 -0.012223655 0.9989968 0.26135254
0.99016494 0.13384615 -0.040227436 45.168945 -0.13322052 0.99090725 0.017837154 2.2287598 0.042253044 -0.012290981 0.99902934 0.30969238
0.9904559 0.13198493 -0.039298676 46.206543 -0.1313925 0.9911643 0.017285388 2.098755 0.041236274 -0.011947919 0.9990766 0.3630371
0.99034417 0.13286506 -0.0390216 47.242798 -0.13227001 0.9910401 0.017441733 1.9709473 0.040993705 -0.01210099 0.9990845 0.41296387
0.99034107 0.13305086 -0.038399957 48.309326 -0.13240837 0.9909952 0.018791229 1.8515625 0.040559366 -0.013510911 0.99908316 0.46166992
0.9902374 0.13394642 -0.038043015 49.319336 -0.13328047 0.9908668 0.019512743 1.7335205 0.04031434 -0.014240949 0.99908376 0.5175781
0.99053025 0.13207951 -0.03711234 50.371826 -0.13141318 0.991116 0.019838735 1.6088867 0.03940684 -0.014766456 0.9991127 0.57128906
0.9908501 0.13006766 -0.035424832 51.411377 -0.12940647 0.9913623 0.020331848 1.4534912 0.037769042 -0.015550779 0.9991636 0.6262207
0.9914159 0.12614426 -0.033759005 52.45337 -0.12554014 0.9918781 0.019417116 1.3382568 0.035940412 -0.015001352 0.9992392 0.67993164
0.9920058 0.12201742 -0.031889804 53.49829 -0.12147818 0.99241614 0.018318063 1.1883545 0.033885308 -0.014291721 0.99932224 0.7252197
0.9922999 0.11974575 -0.031154163 54.54077 -0.1192258 0.9926889 0.018017586 1.0800781 0.033088032 -0.014156207 0.9993506 0.7813721
0.9926058 0.117284104 -0.030609336 55.56079 -0.11679751 0.9929874 0.017198283 0.954834 0.032416273 -0.013485309 0.9993816 0.8310547
0.99289304 0.11494142 -0.030100856 56.60205 -0.11448214 0.99326557 0.016534504 0.84680176 0.0318037 -0.012961081 0.99940866 0.8807373
0.992636 0.11691372 -0.031041052 57.60962 -0.116420984 0.9930315 0.017194368 0.7196045 0.032840583 -0.013442915 0.9993682 0.9267578
0.9922243 0.119966336 -0.03270224 58.61255 -0.119408414 0.992659 0.018494997 0.60388184 0.03468415 -0.014438517 0.99929273 0.97424316
0.9916848 0.12391188 -0.033970106 59.643066 -0.123292826 0.9921497 0.019708235 0.47729492 0.036152113 -0.015341553 0.9992259 1.0216064
0.9908643 0.13020818 -0.034750752 60.6521 -0.12955813 0.9913508 0.020333957 0.34802246 0.037101343 -0.015639871 0.9991881 1.0645752
0.9903069 0.13476492 -0.032918803 61.69702 -0.13421637 0.99075985 0.018325534 0.19641113 0.03508877 -0.01371911 0.99928856 1.1298828
0.98925096 0.14251827 -0.0322708 62.68457 -0.14191672 0.9896579 0.020214837 0.07324219 0.034821052 -0.015411329 0.9992739 1.1685791
0.9884838 0.14769074 -0.03236195 63.688965 -0.14709505 0.9889 0.02005326 -0.051635742 0.034969226 -0.015052038 0.9992735 1.2247314
0.98751545 0.15362148 -0.034495916 64.668945 -0.15299332 0.9880098 0.020169 -0.19592285 0.03718303 -0.014634411 0.9992005 1.2768555
0.98655427 0.15935321 -0.035871614 65.647705 -0.15866853 0.98708975 0.021191867 -0.34570312 0.038788196 -0.015208522 0.9991308 1.3221436
0.98603576 0.16249874 -0.035991453 66.63989 -0.1617527 0.9865534 0.022751411 -0.49023438 0.03920797 -0.016604312 0.99909186 1.3797607
0.9854076 0.16649352 -0.035058197 67.61963 -0.16577427 0.9858954 0.02251853 -0.65686035 0.038315527 -0.01637343 0.99913085 1.4320068
0.985165 0.1691461 -0.028579574 68.58984 -0.16860823 0.9854631 0.020291649 -0.8273926 0.031598326 -0.0151676815 0.99938494 1.4865723
0.98507017 0.17113069 -0.018012062 69.569824 -0.1708119 0.9851263 0.017956603 -1.0048828 0.020820118 -0.0146096945 0.9996762 1.527832
0.9846343 0.17398132 -0.013754198 70.53662 -0.17372918 0.98461425 0.01778411 -1.1695557 0.0166392 -0.015118332 0.9997469 1.5726318
0.98445594 0.17435808 -0.020015154 71.49658 -0.17401078 0.98455745 0.017945208 -1.3443604 0.022838535 -0.014177999 0.9996381 1.6070557
0.98397744 0.17645712 -0.024313577 72.44287 -0.17604187 0.984183 0.018269619 -1.512207 0.027157707 -0.013688533 0.9995368 1.6446533
0.98391163 0.17642006 -0.027539404 73.401855 -0.17611079 0.98426324 0.013286264 -1.6867676 0.029452238 -0.008216583 0.9995318 1.6878662
0.98404354 0.17585662 -0.026958937 74.363525 -0.17566904 0.9844036 0.009191215 -1.8623047 0.028155142 -0.004307322 0.99959415 1.7276611
0.98414886 0.17549859 -0.024611823 75.32544 -0.17530935 0.9844433 0.009658855 -2.0339355 0.025925623 -0.0051855836 0.9996501 1.7703857
0.9844166 0.17465499 -0.019312354 76.27783 -0.17448814 0.98458487 0.010014448 -2.194458 0.02076604 -0.0064836564 0.999763 1.7989502
0.9848316 0.1730604 -0.012728875 77.2478 -0.17292316 0.9848743 0.011195673 -2.3607178 0.014473679 -0.008824265 0.9998563 1.8325195
0.98489076 0.17277664 -0.00957869 78.184814 -0.17258869 0.98480904 0.017815884 -2.5008545 0.0125160795 -0.01589042 0.99979514 1.8555908
0.98511344 0.17159525 -0.007855725 79.136475 -0.17136344 0.98488957 0.024117261 -2.645996 0.011882221 -0.022408856 0.99967766 1.8657227
0.98572403 0.1682089 -0.005400086 80.090576 -0.16804424 0.9854982 0.023005959 -2.815918 0.0091946535 -0.021769352 0.9997205 1.9019775
0.98625016 0.16501543 -0.0064313174 81.02954 -0.16485801 0.98609275 0.020083347 -2.968872 0.009659479 -0.018745504 0.99977744 1.9403076
0.9872913 0.15850766 -0.009869194 81.97119 -0.15830564 0.9871964 0.018661693 -3.130127 0.012705008 -0.016860032 0.99977684 1.9527588
0.9887061 0.14950247 -0.008788049 82.906494 -0.14935435 0.9886445 0.015596779 -3.279541 0.011022529 -0.014106027 0.9998396 1.9866943
0.9900162 0.14060286 -0.007903857 83.843994 -0.14051299 0.98999995 0.0109484065 -3.4172363 0.009367045 -0.009726425 0.9999085 2.02417
0.99160296 0.12892279 -0.008271402 84.78125 -0.12884314 0.9916021 0.009517424 -3.532837 0.009431473 -0.008369516 0.9999202 2.0374756
0.9930958 0.11697856 -0.006948716 85.717285 -0.11690299 0.99307436 0.010414618 -3.630249 0.008121242 -0.009528445 0.9999214 2.045288
0.9946899 0.102557026 -0.0039488627 86.6626 -0.102517866 0.9946604 0.009045375 -3.7355957 0.0048606656 -0.00858987 0.99995095 2.0672607
0.9958263 0.091047674 -0.0019813147 87.60303 -0.091028966 0.9957976 0.008033807 -3.8192139 0.0027077221 -0.007818955 0.9999656 2.0811768
0.99687785 0.078622706 -0.0012822733 88.53613 -0.07861183 0.99685496 0.006979414 -3.885376 0.0018314928 -0.0068558073 0.99997455 2.0897217
0.998023 0.062416244 -0.0006012672 89.49219 -0.06241224 0.9980098 0.0051811943 -3.9520264 0.00092788576 -0.0051327897 0.9999862 2.1134033
0.9986933 0.05046451 -0.0027852752 90.42529 -0.050452676 0.9986895 0.0040815338 -3.9971924 0.0029921066 -0.0039323946 0.99998754 2.124878
0.99922544 0.03855463 -0.0035702488 91.34424 -0.038543426 0.9992277 0.003058134 -4.027832 0.0036891922 -0.0029135654 0.9999886 2.1551514
0.99963874 0.025770778 -0.002949683 92.27832 -0.025764609 0.99964154 0.0019704108 -4.0594482 0.003003085 -0.0018880293 0.99999326 2.1657715
0.9998869 0.012958035 -0.0015398818 93.19678 -0.0129561145 0.9998879 0.0009487765 -4.0585938 0.001555992 -0.00092211086 0.99999785 2.159668
0.99998134 -0.0012206081 0.00014258223 94.13086 0.0012209082 0.9999815 -8.002017e-05 -4.062866 -0.00014010491 8.42819e-05 0.9999996 2.1669922
0.99991196 -0.010279318 0.0011329065 95.05615 0.010280477 0.99991256 -0.00061289716 -4.048706 -0.0011223557 0.00063201 0.9999986 2.1641846
0.99982613 -0.017091174 0.0016262897 95.98511 0.017092796 0.99982715 -0.0008323459 -4.0130615 -0.0016091712 0.0008649846 0.99999803 2.175293
0.9996564 -0.024982221 0.0017069 96.92334 0.024983639 0.9996576 -0.00073725363 -3.9881592 -0.0016860783 0.00078371284 0.99999815 2.168457
0.999547 -0.029515803 0.0009016081 97.84741 0.029515667 0.99954736 0.00015693717 -3.9573975 -0.00090599566 -0.00012922229 0.9999996 2.1834717
0.9994577 -0.03197575 -0.0016396916 98.77588 0.03197743 0.9994584 0.00095112785 -3.9050293 0.0016065761 -0.0010060584 0.99999815 2.159912
0.99922574 -0.038249508 -0.0027325093 99.70996 0.038253214 0.99922866 0.0012477068 -3.8684082 0.0026800525 -0.0013567156 0.9999953 2.1730957
0.9990035 -0.04395146 -0.0034799594 100.65381 0.043957528 0.9990079 0.0016425505 -3.8243408 0.0034024464 -0.0017976612 0.9999925 2.1721191
0.9986561 -0.051192112 -0.0035087664 101.582275 0.051199637 0.9986598 0.0020456598 -3.7834473 0.0033971076 -0.0022261417 0.99999166 2.170288
0.99830604 -0.057572193 -0.0026287993 102.523926 0.05757859 0.9983062 0.002377712 -3.7384033 0.0024848024 -0.0025278195 0.9999936 2.1833496
0.99789184 -0.064349145 -0.002257063 103.43555 0.06435629 0.9978887 0.0032018968 -3.6795654 0.0020429518 -0.0033426005 0.99999213 2.1987305
0.9973856 -0.07170601 -0.005101651 104.33716 0.07172884 0.99738723 0.004391006 -3.607666 0.004769977 -0.0047492012 0.9999771 2.1990967
0.9968132 -0.07909677 -0.007141106 105.24463 0.07913526 0.99682206 0.005224864 -3.5308838 0.0067012515 -0.0057783523 0.9999604 2.2337646
0.9961608 -0.086743295 -0.009410577 106.146484 0.08679253 0.996189 0.0049168253 -3.456787 0.0089450935 -0.005720101 0.99994326 2.2528076
0.99551463 -0.093729876 -0.009551547 107.063965 0.093781576 0.99554294 0.005067428 -3.3585205 0.009029766 -0.005947783 0.99994105 2.263794
0.99486446 -0.10080079 -0.005913536 107.95874 0.100838624 0.9948572 0.0064621586 -3.2685547 0.0052286307 -0.007027925 0.99996144 2.2768555
0.99396586 -0.10947305 -0.0015927894 108.87915 0.10948164 0.9939412 0.0070296703 -3.159912 0.0008107929 -0.007162134 0.99997395 2.3059082
0.9931569 -0.1164604 -0.0052960734 109.788574 0.116496615 0.99314135 0.007110838 -3.0517578 0.004428441 -0.0076812194 0.99996054 2.314209
0.99248135 -0.12190338 -0.007964818 110.68677 0.12195617 0.99248564 0.006490088 -2.9238281 0.007110653 -0.0074158553 0.99994713 2.324707
0.99152917 -0.12947305 -0.008293922 111.58276 0.12952447 0.99153906 0.0059793983 -2.8059082 0.00744766 -0.0070052897 0.99994767 2.3394775
0.99056584 -0.13670288 -0.007362473 112.47827 0.1367527 0.99056333 0.006730953 -2.665039 0.006370809 -0.00767636 0.9999502 2.3535156
0.98942685 -0.14480968 -0.0061125252 113.375244 0.14483187 0.9894368 0.0033466376 -2.533081 0.0055624447 -0.0041977623 0.99997574 2.3657227
0.98800075 -0.15427576 -0.004979729 114.2876 0.15426971 0.98801297 -0.0015774565 -2.4105225 0.0051636538 0.0007896172 0.9999864 2.388916
0.98683727 -0.1614804 -0.004948144 115.19678 0.16146794 0.98684764 -0.0028237817 -2.265625 0.0053398227 0.001986052 0.9999837 2.4034424
0.9854524 -0.16968435 -0.0060401075 116.08569 0.16970456 0.98546284 0.0029979707 -2.1151123 0.0054425644 -0.003981113 0.9999773 2.4208984
0.98431987 -0.17621642 -0.005885138 116.99585 0.17625365 0.98430914 0.006541617 -1.9400635 0.0046386537 -0.0074773002 0.9999614 2.4246826
0.9836382 -0.18004331 -0.0046789562 117.90674 0.18006039 0.98364 0.0035180417 -1.7717285 0.0039684987 -0.0043037618 0.9999829 2.444458
0.9825353 -0.18592761 -0.003882696 118.802734 0.18593378 0.982541 0.0012934674 -1.6118164 0.0035740184 -0.0019936683 0.99999166 2.4556885
0.98171663 -0.1901155 -0.0048977295 119.707275 0.19011451 0.98172885 -0.0006724945 -1.4342041 0.004936172 -0.0002725618 0.99998784 2.4694824
0.98068357 -0.19556259 -0.0012292331 120.58325 0.19555351 0.9806716 -0.0053247963 -1.2734375 0.0022472087 0.0049813213 0.9999851 2.4761963
0.9796339 -0.20071092 0.0029812576 121.468506 0.20073275 0.9795505 -0.012793481 -1.100708 -0.0003504092 0.01313156 0.99991363 2.4882812
0.9787532 -0.20485951 0.0059142746 122.3584 0.20492816 0.9786346 -0.015458271 -0.91296387 -0.0026172665 0.016342666 0.99986285 2.4979248
0.9776524 -0.21013038 0.0031629195 123.22974 0.21015416 0.9775497 -0.014178172 -0.73132324 -0.00011070259 0.014526338 0.99989444 2.4969482
0.97692245 -0.21347684 0.00029760972 124.1145 0.21346422 0.9768476 -0.0123087745 -0.52648926 0.0023398362 0.012087991 0.9999241 2.508545
0.9766454 -0.2148139 0.0004115052 124.97681 0.21480529 0.976585 -0.011036193 -0.32788086 0.0019699633 0.010866767 0.99993896 2.512329
0.9762873 -0.21639806 0.001592918 125.86743 0.21640328 0.9762399 -0.00962601 -0.12536621 0.0005296554 0.00974247 0.99995244 2.5286865
0.9762665 -0.21633561 0.006294726 126.74805 0.21639216 0.97621876 -0.010398793 0.076416016 -0.003892369 0.011515663 0.9999261 2.545044
0.9760714 -0.21708056 0.0121257985 127.6145 0.21718924 0.97608566 -0.008487554 0.27148438 -0.009992956 0.010918973 0.9998905 2.5544434
0.9757413 -0.21836105 0.013944038 128.48706 0.2184831 0.9757817 -0.007900272 0.4736328 -0.011879154 0.010757886 0.99987143 2.559082
0.97553957 -0.21946207 0.00992594 129.34448 0.2195487 0.9755321 -0.008670928 0.66052246 -0.007777891 0.0106403595 0.9999131 2.5594482
0.9752886 -0.22078687 0.006389862 130.198 0.22084211 0.975247 -0.009860684 0.8552246 -0.004053424 0.011028904 0.9999309 2.5654297
0.97543377 -0.22011435 0.0061281063 131.05078 0.22015354 0.9754213 -0.006680043 1.0574951 -0.004505529 0.00786599 0.9999589 2.569458
0.9753588 -0.2204601 0.0069401665 131.90332 0.2204972 0.9753617 -0.005111291 1.2564697 -0.0056412844 0.0065171965 0.9999628 2.5740967
0.97527295 -0.22071429 0.008782523 132.75415 0.22079349 0.9752493 -0.009376846 1.4421387 -0.006492809 0.01108539 0.99991745 2.581665
0.97491604 -0.22240853 0.0068333643 133.60303 0.22246207 0.9748912 -0.008434677 1.6401367 -0.0047845403 0.009744156 0.9999411 2.5944824
0.97483075 -0.22288686 0.0013649967 134.45386 0.22288866 0.97483027 -0.00130727 1.845581 -0.0010390435 0.0015788293 0.9999983 2.5917969
0.97478366 -0.22304498 -0.0022343914 135.30371 0.2230523 0.97477674 0.0038628369 2.0560303 0.00131578 -0.0042642932 0.99999005 2.593872
0.97496086 -0.22226834 -0.004385837 136.13354 0.2222731 0.9749694 0.0006207614 2.2578125 0.004137948 -0.0015805429 0.9999902 2.606079
0.9749629 -0.22221754 -0.0036706282 136.99463 0.22221419 0.9749696 -0.001304925 2.4606934 0.0038689156 0.00045561744 0.9999925 2.6379395
0.9744179 -0.22454292 -0.0052863024 137.79858 0.22454403 0.9744318 -0.0003993977 2.6538086 0.0052407254 -0.0007991856 0.99998593 2.6394043
0.97415084 -0.22578065 -0.002228361 138.64551 0.22576796 0.97414416 -0.0048713298 2.8497314 0.0032714396 0.004241907 0.99998564 2.65271
0.9734442 -0.22873871 0.0043924917 139.48071 0.22876981 0.97340673 -0.008830398 3.0476074 -0.0022536719 0.009601684 0.9999513 2.6691895
0.97296154 -0.2306824 0.010072569 140.2976 0.23078248 0.972936 -0.010247128 3.238037 -0.0074351467 0.012295945 0.99989676 2.6767578
0.97215384 -0.23401713 0.011701097 141.12402 0.2341454 0.9721297 -0.0111337155 3.4337158 -0.008768452 0.013564554 0.99986947 2.6704102
0.9709896 -0.23894934 0.007941406 141.92773 0.23902996 0.97093374 -0.011530687 3.6398926 -0.0049535413 0.013095054 0.9999019 2.6878662
0.96941525 -0.24529526 0.004674665 142.73901 0.24533555 0.9693347 -0.012568202 3.8486328 -0.0014454701 0.01333124 0.99991 2.6815186
0.96729916 -0.25351337 0.0036760375 143.56543 0.25353992 0.9672126 -0.012939837 4.0629883 -0.00027240906 0.013449211 0.99990946 2.675293
0.9646553 -0.2632628 0.009187482 144.35107 0.26336256 0.9645947 -0.0122014135 4.2786865 -0.0056475066 0.014191486 0.9998833 2.6868896
0.9617071 -0.2737622 0.012014812 145.0979 0.2739103 0.9616501 -0.013155042 4.4940186 -0.007951508 0.015943192 0.99984133 2.6951904
0.9577962 -0.28707772 0.011657194 145.9419 0.28723082 0.9577074 -0.014759 4.7441406 -0.0069237826 0.017486792 0.99982315 2.7128906
0.953888 -0.29995313 0.010885596 146.60913 0.30009732 0.95377433 -0.015764806 4.959717 -0.0056530936 0.018304944 0.99981654 2.715454
0.9493093 -0.31410694 0.011353689 147.43262 0.31426248 0.9491814 -0.01653686 5.229492 -0.005581323 0.019267078 0.9997989 2.7215576
0.9455671 -0.32519335 0.01078304 148.06494 0.32534695 0.9453862 -0.018926945 5.445801 -0.0040376037 0.021405635 0.9997627 2.7281494
0.9404576 -0.33990765 0.004676079 148.87671 0.33993214 0.9402552 -0.019635428 5.741577 0.0022783242 0.020055965 0.9997963 2.741455
0.9361593 -0.3514726 -0.0056220153 149.53735 0.351313 0.93604034 -0.019141013 6.0063477 0.011990087 0.015943345 0.9998011 2.7513428
0.93089765 -0.36487672 -0.015096487 150.2959 0.36463764 0.9309683 -0.016446948 6.312622 0.020058379 0.009803716 0.9997508 2.7678223
