1.0 0.0 0.0 0.0 0.0 1.0 0.0 0.0 0.0 0.0 1.0 0.0
0.54367614 0.8387001 0.0335328 6.1608887 -0.83929133 0.54373926 0.008008727 6.3476562 -0.011519277 -0.03249737 0.99940556 0.06640625
0.36611846 0.9295759 0.04485632 13.715576 -0.9305603 0.36635214 0.0031903232 4.348877 -0.013462743 -0.042906627 0.9989882 -0.035888672
-0.42775202 0.90169984 0.061783373 19.582886 -0.9038064 -0.42702928 -0.025135165 1.2739258 0.003727328 -0.0665946 0.9977729 -0.31201172
-0.25495452 0.9654777 0.052613415 20.272217 -0.9669022 -0.25479472 -0.009841765 -4.913208 0.003907972 -0.0533768 0.9985665 -0.55529785
-0.8717013 0.4886231 0.050577026 21.058228 -0.49067152 -0.87100524 -0.04201764 -9.920898 0.023507135 -0.06140479 0.9978366 -0.6479492
-0.7550386 0.65414345 0.044277243 17.756714 -0.6554574 -0.75469923 -0.027424868 -13.61084 0.015474352 -0.049720176 0.99864304 -0.6732178
-0.84510374 0.5319597 0.03951911 15.388794 -0.5331811 -0.8446351 -0.032440398 -18.15625 0.01612712 -0.048512697 0.9986919 -0.6982422
-0.99701643 0.07340327 0.027843645 12.86792 -0.0746584 -0.99619925 -0.047102317 -22.120972 0.02427877 -0.049019706 0.9985025 -0.7709961
-0.97144955 -0.23938161 0.008999936 9.081055 0.23878053 -0.97065514 -0.043700606 -24.087402 0.019201808 -0.040305614 0.9990039 -0.6973877
-0.7288571 -0.6850485 -0.00012962132 5.522339 0.68476474 -0.7285496 -0.028927254 -24.492065 0.019719465 -0.021163184 0.9995816 -0.7080078
-0.6654557 -0.74629617 -0.002852265 2.8547363 0.74624294 -0.6653505 -0.015081735 -23.054565 0.009364508 -0.012174692 0.99988216 -0.58166504
-0.18950796 -0.9817816 -0.0038780982 1.177002 0.98175895 -0.18946956 -0.008618487 -21.915527 0.0077230223 -0.005443158 0.9999554 -0.58654785
-0.44926766 -0.893376 -0.010942574 1.5096436 0.8934415 -0.4492555 -0.0036907624 -20.833618 -0.0016188286 -0.0114314 0.99993336 -0.5340576
-0.063377105 -0.99797684 -0.0045287185 1.284668 0.9979851 -0.06338543 0.001713898 -20.540894 -0.0019977503 -0.004409797 0.9999883 -0.571167
-0.34938782 -0.93707967 -0.0065078367 1.4573975 0.9370877 -0.34941265 0.003159618 -20.409058 -0.0052327625 -0.0049920254 0.9999739 -0.5404053
0.063984364 -0.9979509 0.002164703 1.3659668 0.9979202 0.06399977 0.008009125 -19.950684 -0.008132473 0.0016483843 0.9999656 -0.5753174
-0.23172648 -0.97262686 -0.0020650118 1.4071045 0.9725868 -0.23173557 0.008833453 -19.81958 -0.009069085 3.994163e-05 0.99995893 -0.53552246
0.1679081 -0.98583794 0.0077078696 1.505127 0.985798 0.16798444 0.010615159 -19.284546 -0.01175632 0.0058193235 0.99991405 -0.57336426
-0.11465179 -0.9933992 0.00035996438 1.4111328 0.9933418 -0.114641204 0.010798562 -19.083984 -0.010689208 0.0015975395 0.99994165 -0.5715332
0.26489273 -0.96423465 0.004768467 1.7406006 0.96413493 0.26493418 0.013903851 -18.674683 -0.014667459 0.0009146333 0.99989206 -0.5925293
-0.014828086 -0.99989384 0.0022124983 1.4506836 0.99979657 -0.014795421 0.0141535625 -18.42395 -0.014122544 0.0024164538 0.99989736 -0.57958984
0.36214614 -0.93203217 0.006780211 2.0894775 0.9318705 0.36220956 0.017358463 -18.038696 -0.018635824 2.952991e-05 0.9998263 -0.5949707
0.17430668 -0.9846928 0.0040845834 1.708374 0.98453426 0.17435198 0.017696306 -17.767822 -0.01813973 0.00093624357 0.99983495 -0.58374023
0.44767448 -0.8940966 0.007886294 2.409912 0.8939308 0.44774348 0.017227063 -17.440186 -0.018934956 -0.00066142017 0.9998204 -0.5961914
0.24109267 -0.97038764 0.0074347025 2.1669922 0.97029585 0.24117635 0.013901198 -16.94629 -0.015284875 0.0038621214 0.99987566 -0.604126
0.5141291 -0.85781455 0.01017956 2.923706 0.8577695 0.51421577 0.009570615 -16.697754 -0.013441247 0.0038107894 0.99990225 -0.61206055
0.41713065 -0.90861595 0.0112868305 2.8205566 0.9086149 0.41722107 0.007318181 -16.20996 -0.0113616465 0.0072028507 0.9999094 -0.6159668
0.5595962 -0.82874334 0.010700841 3.6340332 0.82874346 0.55966955 0.005674473 -15.591064 -0.010690193 0.0056912145 0.99992657 -0.62927246
0.5653997 -0.8247215 0.013381234 3.8598633 0.8247367 0.56550545 0.0058743283 -14.862793 -0.012412235 0.0077136667 0.9998932 -0.63061523
0.579381 -0.8149499 0.0151409535 4.3413086 0.8149755 0.5795114 0.0060417103 -14.536255 -0.013696253 0.0088392645 0.999867 -0.63171387
0.58986217 -0.8072271 0.015900396 4.6757812 0.8072271 0.59002113 0.008070271 -13.847656 -0.015897667 0.008075062 0.999841 -0.6451416
0.59740955 -0.80169284 0.016021341 5.168213 0.80165726 0.59758586 0.010152917 -13.388916 -0.017712897 0.0067766625 0.9998201 -0.65966797
0.6079604 -0.7938023 0.016492685 5.5617676 0.7937305 0.6081573 0.012114423 -12.748901 -0.019644365 0.0057286345 0.99979067 -0.66882324
0.6152606 -0.7880685 0.017792935 6.0595703 0.7879546 0.615496 0.014359115 -12.1936035 -0.022269312 0.0051873634 0.99973863 -0.6768799
0.6238657 -0.78142756 0.018790346 6.527588 0.7812807 0.6241303 0.015877364 -11.575439 -0.024134407 0.0047730496 0.9996974 -0.6904297
0.63224024 -0.7744293 0.01954755 7.0301514 0.774258 0.6325265 0.016890716 -10.971313 -0.025445111 0.0044555054 0.9996664 -0.7038574
0.6402314 -0.7679027 0.020430962 7.538452 0.7676582 0.6405496 0.019631349 -10.348511 -0.028158102 0.0031118384 0.9995987 -0.72436523
0.6489378 -0.76061666 0.022491284 8.060425 0.7602595 0.6493246 0.02337753 -9.728516 -0.03238884 0.0019308676 0.9994735 -0.74072266
0.6596551 -0.751147 0.025059339 8.594971 0.7506767 0.6601295 0.02661206 -9.115723 -0.03652965 0.0012530535 0.99933195 -0.7513428
0.668615 -0.7431122 0.027138434 9.143921 0.74255174 0.6691653 0.02886746 -8.505615 -0.039608113 0.0008583311 0.99921453 -0.7697754
0.6796322 -0.7330634 0.02773411 9.705444 0.7324983 0.68019754 0.028790724 -7.895508 -0.03996495 0.0007492774 0.9992007 -0.7889404
0.68998593 -0.7234157 0.027107703 10.272949 0.7228662 0.6905182 0.028192466 -7.3013916 -0.039108038 0.00013923016 0.999235 -0.81188965
0.7024651 -0.71113014 0.02659067 10.852661 0.71058863 0.70296776 0.027754067 -6.7127686 -0.038432736 -0.00060198724 0.9992612 -0.83374023
0.7177673 -0.6960016 0.024653591 11.449097 0.69545317 0.7181854 0.027758876 -6.122925 -0.037021667 -0.0027780305 0.99931043 -0.8535156
0.7348291 -0.6778443 0.022243958 12.051025 0.67724353 0.7351375 0.029242389 -5.5509033 -0.036180865 -0.0064192903 0.99932456 -0.8769531
0.7547732 -0.6557003 0.02032406 12.686401 0.65505457 0.7549818 0.030731384 -4.9953613 -0.035494883 -0.009886166 0.99932116 -0.89990234
0.7771511 -0.62908554 0.019706488 13.35791 0.62843627 0.77731496 0.030822419 -4.435913 -0.03470647 -0.011567846 0.9993304 -0.92089844
0.7982229 -0.60219103 0.020272482 14.029297 0.60153943 0.7983873 0.03053489 -3.9188232 -0.03457218 -0.012179857 0.9993279 -0.9342041
0.81949425 -0.57263434 0.019930957 14.740234 0.5720012 0.81963104 0.029975861 -3.4172363 -0.03350076 -0.0131629845 0.99935204 -0.9486084
0.83674264 -0.5473214 0.018406436 15.447632 0.5467291 0.83682114 0.029252548 -2.9517822 -0.03141181 -0.014410872 0.9994025 -0.96276855
0.85494417 -0.5184122 0.015833935 16.173828 0.51786345 0.8549283 0.029095897 -2.485962 -0.028624114 -0.016673498 0.9994511 -0.98083496
0.8712678 -0.49053392 0.014395765 16.920898 0.49015453 0.8712837 0.023491606 -2.05188 -0.02406757 -0.013409505 0.9996203 -0.99523926
0.88628805 -0.4628348 0.013203595 17.67517 0.46263134 0.88635105 0.015855815 -1.6617432 -0.019042738 -0.007942139 0.99978703 -1.0036621
0.901044 -0.43352446 0.01200528 18.454224 0.43346766 0.9011234 0.007118227 -1.2886963 -0.0139043005 -0.0012069996 0.99990255 -1.0090332
0.9130851 -0.4076912 0.010991074 19.242554 0.4077237 0.91313654 -0.0008038953 -0.94763184 -0.009708369 0.0052155834 0.99993926 -1.0056152
0.92522126 -0.37920624 0.011195365 20.043823 0.37931734 0.92518485 -0.010427376 -0.60510254 -0.00640201 0.0138949435 0.99988294 -1.0058594
0.93561137 -0.3529483 0.005244227 20.846558 0.35298136 0.93540674 -0.019672781 -0.3001709 0.0020407252 0.020257395 0.9997926 -0.9892578
0.94422454 -0.32923296 -0.0069015827 21.6521 0.32891092 0.943912 -0.029150015 -0.032592773 0.016111927 0.025254061 0.9995512 -0.9732666
0.9517932 -0.30587235 -0.022261756 22.447754 0.30499762 0.95166713 -0.03564149 0.22912598 0.032090545 0.027129216 0.99911624 -0.9453125
0.9593048 -0.27955195 -0.039516553 23.248047 0.27804413 0.9597376 -0.039649498 0.47644043 0.049012825 0.027044076 0.9984313 -0.9255371
0.96571773 -0.25495026 -0.048759192 24.073364 0.2528739 0.96644986 -0.04493045 0.6923828 0.05858005 0.031054646 0.99779844 -0.8762207
0.97235477 -0.22739333 -0.052536786 24.894653 0.22494596 0.9731285 -0.048596106 0.89953613 0.06218808 0.035422713 0.9974332 -0.8208008
0.9774061 -0.20566559 -0.048622206 25.723145 0.20330572 0.9778635 -0.049358416 1.0717773 0.057698686 0.038353536 0.9975962 -0.7598877
0.98198557 -0.18392356 -0.04320342 26.567993 0.18167923 0.9820217 -0.051145997 1.2297363 0.05183664 0.04237273 0.99775547 -0.6977539
0.9851864 -0.16756883 -0.03631659 27.400879 0.1655736 0.98480445 -0.052314013 1.3519287 0.044533744 0.04552078 0.9979685 -0.6291504
0.98698866 -0.15705436 -0.0339264 28.230957 0.15510158 0.98640054 -0.054033346 1.460083 0.041961413 0.048061628 0.9979606 -0.5683594
0.9886485 -0.1459699 -0.035099354 29.068115 0.14396472 0.98808676 -0.054050986 1.5688477 0.042583216 0.048375513 0.9979177 -0.50683594
0.9892957 -0.14143848 -0.035437457 29.848389 0.13945243 0.9887773 -0.053255584 1.6381836 0.042585675 0.047733728 0.99794745 -0.460083
0.9904922 -0.1324742 -0.03654489 30.671387 0.13062519 0.99020106 -0.048971973 1.7487793 0.04268573 0.04372229 0.9981282 -0.41662598
0.9917868 -0.12261805 -0.03598165 31.473389 0.120964035 0.99162316 -0.0449524 1.8461914 0.041201916 0.040222526 0.9983379 -0.37683105
0.99211186 -0.11999303 -0.03550924 32.274902 0.118351914 0.991921 -0.045046546 1.9309082 0.04064568 0.040472794 0.9983478 -0.3317871
0.99179804 -0.12235271 -0.036392707 33.08203 0.120611355 0.9915823 -0.046615217 2.0092773 0.04180461 0.041832104 0.9982453 -0.27746582
0.9915709 -0.12372619 -0.03791214 33.85193 0.12188726 0.9913906 -0.047377788 2.1102295 0.043462478 0.04234472 0.99815226 -0.24829102
0.99139434 -0.12462567 -0.039653797 34.766968 0.12272882 0.99130636 -0.047071274 2.230835 0.045185275 0.04179009 0.99810106 -0.20349121
0.9908514 -0.12869465 -0.040221248 35.621216 0.12668033 0.990712 -0.049065173 2.349121 0.04617416 0.0435098 0.99798083 -0.1628418
0.9903716 -0.13217252 -0.040549334 36.525635 0.13010344 0.9902182 -0.049910605 2.4886475 0.046764217 0.044139173 0.9979252 -0.12463379
0.98962265 -0.1373597 -0.04160579 37.447144 0.13523151 0.9895177 -0.05017665 2.6403809 0.0480766 0.044016868 0.99786925 -0.08935547
0.9890823 -0.14112315 -0.04210301 38.3656 0.13898301 0.9890174 -0.05000405 2.7966309 0.048705153 0.043598913 0.9978588 -0.04675293
0.98831075 -0.14615004 -0.04290052 39.28418 0.14399852 0.98831844 -0.049492285 2.9560547 0.04964551 0.042723663 0.9978484 -0.0043945312
0.9874841 -0.15132827 -0.044040702 40.237915 0.14928165 0.9876829 -0.04650728 3.1118164 0.05054522 0.039340694 0.9979437 0.048339844
0.9875617 -0.1508983 -0.04383092 41.197388 0.14902367 0.98787266 -0.04325455 3.2840576 0.04983276 0.036175217 0.9980997 0.091552734
0.9874839 -0.15150751 -0.043517675 42.189697 0.14979342 0.9878845 -0.040244445 3.4395752 0.049094304 0.03321448 0.9982397 0.15307617
0.9875035 -0.15154234 -0.04281727 43.172363 0.14992356 0.98791915 -0.03875901 3.5931396 0.04818056 0.03184542 0.9983287 0.20678711
0.9878327 -0.14973147 -0.041486904 44.16455 0.14818363 0.98820215 -0.038128916 3.758545 0.046715606 0.03150567 0.9984087 0.26745605
0.9875034 -0.15203716 -0.041241076 45.19641 0.15048863 0.98785806 -0.038340423 3.9086914 0.046574384 0.031647917 0.99841136 0.321167
0.9877033 -0.15101902 -0.039932538 46.22278 0.14953361 0.98801154 -0.037864838 4.070923 0.04517875 0.03141825 0.99848294 0.37976074
0.98769623 -0.15124135 -0.039209023 47.247192 0.149784 0.9879767 -0.037727196 4.2337646 0.044452544 0.03137836 0.9985159 0.43762207
0.98761284 -0.15180822 -0.039078083 48.301025 0.15042861 0.9879389 -0.036061317 4.41626 0.044092044 0.029724393 0.99858236 0.4934082
0.9877614 -0.15108092 -0.038205452 49.322998 0.14975858 0.98806876 -0.035366498 4.586914 0.04310006 0.029203419 0.9986423 0.5533447
0.987538 -0.15245265 -0.038240742 50.36206 0.15116805 0.9878767 -0.034426104 4.748413 0.04303838 0.028198909 0.9986715 0.6109619
0.98707736 -0.15570025 -0.037434064 51.38965 0.15445897 0.9873957 -0.03402482 4.9016113 0.0422664 0.027796812 0.9987185 0.6668701
0.98714274 -0.15612379 -0.033695173 52.43213 0.1549885 0.98731154 -0.03400194 5.079468 0.03858247 0.02833452 0.99885225 0.7260742
0.9864714 -0.16062191 -0.03201926 53.483154 0.1595114 0.98656356 -0.03463018 5.237671 0.03715982 0.029045617 0.9988857 0.77526855
0.9859172 -0.16417757 -0.031115968 54.510254 0.16310786 0.9859913 -0.03424117 5.412842 0.036309093 0.028675359 0.99892765 0.833374
0.9855284 -0.16648906 -0.031011805 55.53369 0.1654186 0.9855983 -0.034336537 5.585083 0.036292117 0.028700426 0.9989273 0.89245605
0.98525035 -0.16816734 -0.030953802 56.56299 0.16709825 0.9853199 -0.034348585 5.751831 0.036283664 0.028660297 0.9989287 0.942749
0.98531663 -0.1673449 -0.03314995 57.561768 0.16623554 0.9854838 -0.033774793 5.9257812 0.03832734 0.027758544 0.9988781 0.99609375
0.9854935 -0.16574049 -0.035946503 58.57202 0.16462669 0.98581725 -0.031990442 6.1031494 0.040744256 0.025599448 0.99884015 1.0570068
0.98624325 -0.16100645 -0.036962487 59.593018 0.15993749 0.98664665 -0.030250048 6.2612305 0.041343663 0.023914263 0.9988575 1.1153564
0.98739946 -0.154079 -0.035523646 60.590332 0.15305991 0.9877478 -0.029798942 6.4344482 0.039686117 0.0239779 0.99892306 1.1608887
0.9884426 -0.14827178 -0.030994734 61.607178 0.14730689 0.9885754 -0.031356543 6.5891113 0.03529727 0.026421014 0.99902606 1.2290039
0.98957574 -0.14072289 -0.029940238 62.589844 0.13987212 0.98973083 -0.028795121 6.7440186 0.033691693 0.024298385 0.9991353 1.2730713
0.9901064 -0.13665211 -0.030866334 63.597168 0.13579263 0.9903003 -0.028358562 6.8876953 0.034452237 0.023873575 0.999119 1.3327637
0.9906915 -0.13201128 -0.032433707 64.586426 0.13113865 0.9909534 -0.027646236 7.0217285 0.03579886 0.023122841 0.99908894 1.3852539
0.9914628 -0.12590988 -0.03326545 65.56909 0.12504312 0.9917661 -0.026919844 7.173706 0.036387913 0.022519354 0.9990818 1.430542
0.9918857 -0.12235726 -0.033982612 66.571045 0.12152466 0.9922419 -0.025538716 7.298218 0.036850225 0.02119318 0.9990944 1.4776611
0.99240845 -0.118136734 -0.033329073 67.54956 0.117336996 0.9927508 -0.024945462 7.4213867 0.036043853 0.020829989 0.9991301 1.5307617
0.99287367 -0.115146294 -0.030063298 68.52295 0.11441024 0.99309754 -0.025093768 7.5440674 0.032752946 0.02146525 0.9992307 1.5783691
0.99347883 -0.11143364 -0.02348528 69.50635 0.11084522 0.9935085 -0.024973849 7.656494 0.026121799 0.022201238 0.9994109 1.623169
0.9937016 -0.11008215 -0.019841328 70.47827 0.10958355 0.9936502 -0.024589967 7.7753906 0.022432331 0.022252517 0.9994987 1.6623535
0.993686 -0.11002647 -0.020580076 71.43994 0.10952476 0.99366486 -0.023995742 7.8620605 0.023101434 0.0215787 0.99949783 1.7191162
0.99370223 -0.10952601 -0.023175415 72.39526 0.108987 0.9937582 -0.02332253 7.96167 0.025590003 0.020644357 0.9994581 1.7606201
0.99371296 -0.10903905 -0.024164934 73.36499 0.108409025 0.9937383 -0.025899276 8.0529785 0.026850794 0.023103602 0.99936944 1.8167725
0.9935954 -0.110339716 -0.023658318 74.339355 0.10964788 0.99353886 -0.028707705 8.151611 0.026681269 0.025922164 0.99930584 1.8552246
0.9935116 -0.111199774 -0.022769522 75.316895 0.11051635 0.9934181 -0.029232005 8.265137 0.025883688 0.026515 0.9993102 1.8914795
0.9937011 -0.110119104 -0.019510565 76.27734 0.10953522 0.9935416 -0.0287172 8.390015 0.02255919 0.026389819 0.9993947 1.9124756
0.993569 -0.11184572 -0.016549181 77.245605 0.1113437 0.9933514 -0.02859142 8.505371 0.019645296 0.026559427 0.9994528 1.9376221
0.9938916 -0.10911418 -0.014322308 78.18384 0.10871647 0.99369824 -0.025958093 8.645752 0.017080363 0.0242323 0.99955773 1.9442139
0.9936716 -0.1112932 -0.013992434 79.13574 0.110967375 0.9935587 -0.022185154 8.772339 0.016377203 0.020487502 0.99965525 1.9519043
0.993197 -0.11551879 -0.013087232 80.09204 0.11523611 0.9931032 -0.02054606 8.867676 0.015378322 0.01889247 0.99970216 2.0084229
0.9928745 -0.118401244 -0.011059279 81.031006 0.11814728 0.9927384 -0.02124849 8.97876 0.013504848 0.019784294 0.9997119 2.0628662
0.99207044 -0.12493368 -0.012274488 81.987305 0.124626204 0.9919134 -0.023198 9.09082 0.015079997 0.021480473 0.99965477 2.08313
0.9908102 -0.13466135 -0.01175796 82.92847 0.13431995 0.99058163 -0.026123386 9.210693 0.015169216 0.024302067 0.99958915 2.1156006
0.98954695 -0.14379083 -0.008999323 83.85449 0.14346959 0.98919183 -0.029572088 9.328857 0.013162686 0.02796862 0.9995211 2.161255
0.98782474 -0.15516904 -0.00920646 84.786865 0.15480487 0.9874068 -0.031967044 9.483154 0.014058696 0.030149585 0.9994456 2.178955
0.9860395 -0.16611806 -0.008739323 85.71509 0.16576159 0.9856152 -0.032086167 9.651367 0.013953982 0.030186273 0.9994458 2.1855469
0.98350084 -0.18068291 -0.003633638 86.64502 0.18047999 0.98303443 -0.031663723 9.815186 0.009302143 0.03048365 0.99949133 2.21521
0.9811998 -0.1929251 -0.003166751 87.57251 0.19273667 0.9807514 -0.031008653 9.997803 0.009091716 0.029814137 0.99951375 2.238037
0.97886646 -0.20444642 -0.0026307432 88.4834 0.20426641 0.97840726 -0.03128497 10.195923 0.008971921 0.030085765 0.9995069 2.253418
0.9757813 -0.21874693 -0.0012488384 89.41577 0.21858951 0.9752663 -0.032779887 10.397827 0.008390763 0.03171272 0.9994615 2.2838135
0.9726698 -0.2319962 -0.005453247 90.31665 0.23167375 0.97213763 -0.03482844 10.610718 0.013390402 0.03261154 0.99937767 2.2980957
0.96952724 -0.24454686 -0.013046473 91.20679 0.24390744 0.9690268 -0.038102683 10.833862 0.021967042 0.03375636 0.99918795 2.3295898
0.96587527 -0.25836095 -0.01804781 92.10205 0.25753352 0.96548855 -0.038717814 11.073242 0.027431287 0.03274572 0.9990866 2.3621826
0.9631495 -0.26837826 -0.016149594 92.99243 0.26760873 0.9627201 -0.03872609 11.333252 0.025947962 0.032973215 0.99911875 2.383667
0.9591885 -0.28239143 -0.012255679 93.88721 0.281789 0.9587391 -0.03676849 11.593506 0.022138778 0.03181175 0.9992483 2.4278564
0.95621824 -0.2922867 -0.014114054 94.75879 0.2916821 0.9558942 -0.03422741 11.86731 0.023498926 0.02860952 0.99931395 2.4643555
0.9537603 -0.29970083 -0.021568444 95.6311 0.2989483 0.9536924 -0.032332204 12.156616 0.030263335 0.024387516 0.99924433 2.4976807
0.9517657 -0.30520225 -0.030761685 96.508545 0.30442455 0.95211434 -0.027513472 12.448853 0.03768862 0.01681698 0.99914765 2.5375977
0.95014733 -0.3097675 -0.035184182 97.39307 0.3090222 0.9507105 -0.025079478 12.739136 0.04122074 0.012953828 0.999066 2.5839844
0.9489081 -0.3134867 -0.035389457 98.27222 0.31273845 0.94948226 -0.025140965 13.039429 0.04148476 0.012782656 0.999057 2.6297607
0.9472109 -0.31862247 -0.035285097 99.151855 0.31796372 0.9478086 -0.023074925 13.341797 0.040796746 0.0106347725 0.99911076 2.6827393
0.9456542 -0.3233848 -0.032883037 100.02783 0.32284737 0.9461844 -0.02065913 13.647095 0.037797082 0.008911687 0.9992453 2.7283936
0.9433508 -0.33051774 -0.028855598 100.90576 0.33001202 0.94373673 -0.020952234 13.94397 0.0341567 0.010240812 0.999364 2.767456
0.94115853 -0.33690423 -0.02618619 101.78735 0.33656505 0.9414985 -0.016557824 14.252197 0.030234752 0.006768024 0.99951994 2.8291016
0.9390212 -0.342538 -0.029203765 102.643555 0.34238568 0.9394756 -0.0102237975 14.577881 0.03093844 -0.0004055919 0.99952096 2.8710938
0.9365199 -0.34900063 -0.034387402 103.46533 0.34900767 0.9371296 -0.0059943963 14.897461 0.034316074 -0.006387095 0.9993905 2.8951416
0.93380755 -0.35573846 -0.03691816 104.321045 0.3557076 0.9345178 -0.0076287366 15.222046 0.03721518 -0.0060142176 0.99928904 2.9492188
0.93111223 -0.36267343 -0.03856541 105.17676 0.36250332 0.9319053 -0.011564389 15.548096 0.040132824 -0.0032160357 0.9991889 2.9992676
0.9284878 -0.36950797 -0.037190184 106.018555 0.36939037 0.9292226 -0.010236889 15.887451 0.038340837 -0.004231004 0.9992559 3.0426025
0.92613286 -0.37566215 -0.033315133 106.83569 0.3756312 0.92671454 -0.0074207983 16.23108 0.033662952 -0.0056414995 0.9994176 3.0838623
0.92254823 -0.38460186 -0.030880686 107.704346 0.3845616 0.92305154 -0.00747039 16.58496 0.031378075 -0.004984945 0.99949515 3.1252441
0.9198638 -0.39061663 -0.03403933 108.55078 0.3905915 0.9204723 -0.0076646106 16.949219 0.034326777 -0.0062510245 0.999391 3.1691895
0.9177141 -0.39546463 -0.037510823 109.357666 0.3954751 0.9184454 -0.0074546067 17.31543 0.0374004 -0.007991552 0.9992686 3.2126465
0.9142598 -0.40328893 -0.03834724 110.18335 0.40325725 0.91503435 -0.008900617 17.680908 0.038679227 -0.0073267804 0.99922484 3.2456055
0.9115027 -0.40948775 -0.037460316 111.010254 0.40946576 0.9122417 -0.008615621 18.061035 0.037700728 -0.007492553 0.9992608 3.2884521
0.9084266 -0.4165207 -0.035722278 111.81714 0.41643918 0.90911096 -0.010054587 18.436646 0.03666107 -0.005747364 0.99931085 3.3338623
0.9048983 -0.42437863 -0.033305846 112.65112 0.42415103 0.90551007 -0.013974612 18.813477 0.03608887 -0.001483053 0.99934727 3.3830566
0.9019478 -0.43064114 -0.0320776 113.48584 0.43035778 0.90251786 -0.015625462 19.203247 0.035679393 0.0002901256 0.9993635 3.4265137
0.89872336 -0.43718538 -0.035362437 114.29321 0.43709525 0.8993996 -0.010650867 19.59961 0.03646014 -0.0058802185 0.99931794 3.470337
0.89543456 -0.44359183 -0.035874493 115.108154 0.4436317 0.89610386 -0.0072807446 20.017578 0.035377685 -0.009403561 0.9993296 3.5042725
0.89325655 -0.44825003 -0.033885255 115.94849 0.44820765 0.8938723 -0.009263287 20.428467 0.03444129 -0.006913634 0.9993829 3.557129
0.8914862 -0.45192754 -0.03305132 116.746826 0.45182866 0.8920829 -0.010824559 20.825195 0.034377355 -0.0052791573 0.9993952 3.6002197
0.8888953 -0.45682833 -0.032845348 117.55444 0.45665368 0.88949543 -0.013079343 21.241821 0.035191517 -0.0033750308 0.99937505 3.6347656
0.88652533 -0.46183717 -0.028344052 118.37207 0.46154228 0.88697684 -0.016580941 21.656128 0.032798003 0.0016196512 0.9994609 3.6756592
0.88426626 -0.4664952 -0.021952769 119.16992 0.46604338 0.8844831 -0.022797585 22.070068 0.030053658 0.009927174 0.9994989 3.7139893
0.88238376 -0.4701017 -0.018415995 119.968506 0.46960744 0.882464 -0.025734633 22.494385 0.028350618 0.01405935 0.99949926 3.748291
0.8799437 -0.47447407 -0.020724762 120.765625 0.47398192 0.8801078 -0.024660802 22.922241 0.029942332 0.011875041 0.9994812 3.78125
0.8781828 -0.4777058 -0.02382732 121.54077 0.47722638 0.87846005 -0.023222372 23.354492 0.032023214 0.009019749 0.99944633 3.8201904
0.87747693 -0.47907442 -0.024046902 122.328125 0.4786144 0.8777672 -0.02256485 23.792847 0.031918414 0.00829283 0.99945617 3.8625488
0.8764717 -0.4809163 -0.022412576 123.1167 0.48050454 0.87672174 -0.021455575 24.222412 0.02996834 0.008030179 0.99951833 3.9047852
0.87694263 -0.48030496 -0.01816132 123.894775 0.47997975 0.87708986 -0.019589283 24.663696 0.02533962 0.008463727 0.99964315 3.9349365
0.87607026 -0.4819849 -0.013956455 124.68042 0.4817638 0.87614703 -0.016526721 25.08435 0.020195076 0.0077550854 0.999766 3.9700928
0.8754121 -0.48321003 -0.010909621 125.45337 0.48301095 0.8754297 -0.016750956 25.519043 0.017645381 0.009393538 0.9998001 4.005005
0.8751595 -0.4834501 -0.015448375 126.22119 0.48320463 0.8752634 -0.01715296 25.949585 0.021817438 0.0075442116 0.9997335 4.032593
0.87473774 -0.4842063 -0.018158045 126.98999 0.4838887 0.8748885 -0.019318176 26.369873 0.025243092 0.008112111 0.9996485 4.064331
0.87491083 -0.4838423 -0.018554805 127.758545 0.4835474 0.8750793 -0.018302014 26.802979 0.025092985 0.007039349 0.9996604 4.0914307
0.87465674 -0.48433137 -0.01892513 128.51465 0.48411423 0.8748525 -0.015044831 27.228027 0.023842156 0.003994007 0.99970764 4.126465
0.8739018 -0.4857766 -0.016127042 129.2771 0.48548877 0.87400836 -0.018798409 27.642944 0.023229301 0.008597055 0.99969316 4.164673
0.8735906 -0.48634413 -0.018144624 130.04517 0.4860281 0.87374234 -0.019276548 28.075562 0.025227468 0.008018268 0.9996494 4.199341
0.8736165 -0.4858455 -0.026225368 130.78296 0.48571122 0.8740066 -0.011698124 28.51184 0.028604046 -0.0025225123 0.9995875 4.227661
0.8733298 -0.48620823 -0.030570904 131.52222 0.48616782 0.8738386 -0.009243774 28.941406 0.031206656 -0.006791829 0.9994897 4.258911
0.8737949 -0.48528397 -0.032148175 132.26978 0.48520413 0.8743641 -0.010758477 29.364014 0.03333079 -0.0061949193 0.9994253 4.298462
0.8735326 -0.48573318 -0.031610794 133.04492 0.48558757 0.8740938 -0.0126503585 29.80249 0.03377418 -0.0042993324 0.9994203 4.348633
0.87250185 -0.48743796 -0.033245996 133.74878 0.48727342 0.8731235 -0.013432164 30.198853 0.035576083 -0.00448035 0.9993571 4.375366
0.87166494 -0.489352 -0.028465081 134.49683 0.48907575 0.87212986 -0.016445022 30.622437 0.03287038 0.00041142758 0.99945927 4.415161
0.8704397 -0.49186063 -0.021029072 135.25635 0.49150872 0.870666 -0.01985417 31.048584 0.028075177 0.0069468296 0.99958175 4.458252
0.8693609 -0.4939975 -0.013032888 135.99097 0.49364647 0.86935204 -0.02306834 31.452637 0.022724848 0.013618894 0.999649 4.4991455
0.8675467 -0.49721387 -0.01069513 136.70776 0.49684638 0.8674517 -0.025390808 31.86206 0.021900501 0.016713424 0.99962044 4.5196533
0.8649223 -0.50154394 -0.015303209 137.42407 0.50112337 0.86494976 -0.024664491 32.285767 0.025611015 0.013662068 0.9995786 4.5635986
0.8616471 -0.507202 -0.016309017 138.15967 0.50665253 0.8616416 -0.028862745 32.721313 0.028690381 0.016606197 0.9994505 4.5894775
0.8575271 -0.5141931 -0.01685645 138.86401 0.51359427 0.8575192 -0.030215101 33.14209 0.029991517 0.017252272 0.99940115 4.600342
0.8523089 -0.5229198 -0.013307445 139.57593 0.5224531 0.85225135 -0.027621293 33.57959 0.02578396 0.016588759 0.99952984 4.6381836
0.84632677 -0.53263557 -0.0072035445 140.24146 0.5321572 0.84601307 -0.033043414 33.999023 0.023693692 0.024134628 0.99942803 4.6793213
0.8383173 -0.5451511 -0.006241768 140.98315 0.544634 0.837928 -0.03541521 34.475586 0.024542142 0.026286274 0.9993528 4.723755
0.8303269 -0.55728686 -0.0076156976 141.64697 0.5567234 0.82997453 -0.035636537 34.91748 0.026182916 0.025349114 0.99933547 4.743286
0.8228492 -0.56832796 -0.0059017567 142.28784 0.56771487 0.82236695 -0.03904502 35.35852 0.02703954 0.028778847 0.99922013 4.7786865
0.81437296 -0.5803767 -0.004668494 142.95068 0.5797055 0.81377083 -0.042193253 35.82019 0.028285071 0.031651232 0.9990984 4.812622
0.8068647 -0.5906242 -0.011908021 143.58105 0.5897173 0.806486 -0.042681623 36.293213 0.034819517 0.02741863 0.9990175 4.8477783
0.7986575 -0.6012692 -0.023394525 144.19604 0.60008734 0.7987484 -0.042684108 36.772827 0.044352733 0.020047426 0.99881464 4.888916
0.78985184 -0.6122846 -0.03503286 144.82178 0.6109974 0.7905496 -0.041216742 37.27185 0.052933417 0.011149263 0.99853575 4.925293
