7.777275993775163432e-01 -6.282409838524872780e-01 2.128490954981902827e-02 -6.595491368488599448e+01 6.272908325282654518e-01 7.778464302853005385e-01 3.822489134597361476e-02 2.570694118955193730e+01 -4.057083425912116209e-02 -1.637672435117564634e-02 9.990424466993607089e-01 -8.986814069224009494e-01 -4.809208017785018303e-24 -1.416202385148814181e-23 -3.430527606006730092e-24 9.999999999999997780e-01
7.496141741716305651e-01 -6.612943181100108259e-01 2.772029430579671383e-02 -6.555859892772488706e+01 6.605550772997210718e-01 7.501065285131944815e-01 3.173618968062372897e-02 2.608832648656980169e+01 -4.178013564534325402e-02 -5.479116470858416514e-03 9.991118053291911938e-01 -9.041573654620091993e-01 -4.809208017785018303e-24 -1.416202385148814181e-23 -3.430527606006730092e-24 9.999999999999997780e-01
7.211109182701906928e-01 -6.927248729794003301e-01 1.145835534431805317e-02 -6.520479398740762633e+01 6.923853581161992787e-01 7.211458348193061640e-01 2.347766575002276784e-02 2.648357228142057807e+01 -2.452670825497173246e-02 -8.996403639341243180e-03 9.996586944071131908e-01 -9.116501002728021330e-01 -1.954315438497054459e-19 1.509720739878508625e-18 -1.671661294271206887e-20 9.999999999999998890e-01
6.909220414157772883e-01 -7.227881256282968625e-01 -1.428489189982126879e-02 -6.486627119973954336e+01 7.229240592288944667e-01 6.908572026534116617e-01 9.855461933483716797e-03 2.689460885744631113e+01 2.745409600013300200e-03 -1.713624791604285991e-02 9.998493945257400650e-01 -9.205066262519144837e-01 -9.954965517408698476e-19 6.517815023868480913e-18 3.795067703254767457e-20 1.000000000000000222e+00
6.562583989684792618e-01 -7.539858955206111268e-01 -2.881289883564316576e-02 -6.452849901283569523e+01 7.540317870293269387e-01 6.567374234740098737e-01 -1.149002863708739608e-02 2.731934936368240940e+01 2.758582847562955631e-02 -1.418541380105830738e-02 9.995187822660499544e-01 -9.400689226635501328e-01 -1.227533449435516307e-18 9.841286217025080624e-18 9.153578076665272216e-20 1.000000000000000666e+00
6.188881886167451052e-01 -7.849670301894546842e-01 -2.835791787555328250e-02 -6.418870273235216928e+01 7.842310424702313432e-01 6.195363880424935576e-01 -3.400493960175066110e-02 2.776848734248415340e+01 4.426151846398409390e-02 -1.193904023680991818e-03 9.990192653680142199e-01 -9.546138517526912004e-01 -9.795531711262588023e-19 1.284013687487075571e-17 1.156739900926155509e-19 1.000000000000001110e+00
5.860084905437034086e-01 -8.100315444613949145e-01 -2.104628205133328434e-02 -6.386606686601634664e+01 8.091078924435508579e-01 5.863566693428656773e-01 -3.911872572951539950e-02 2.825602897720721174e+01 4.402802966571160714e-02 5.895192502419744317e-03 9.990129024737955943e-01 -9.479337590701500948e-01 6.468229738028260870e-19 1.561322188180212125e-17 -1.061951621648382538e-20 1.000000000000001554e+00
5.574079260499740229e-01 -8.301011569989129590e-01 -1.511532751026113675e-02 -6.356568648777530939e+01 8.297677630724554776e-01 5.576125351277261277e-01 -2.353125653610768642e-02 2.876487299774465001e+01 2.796181936854423913e-02 5.742974068447254240e-04 9.996088269118540426e-01 -9.218854809581619181e-01 2.279352845603566437e-18 1.761636774732500008e-17 -2.305386197801884860e-19 1.000000000000001998e+00
5.285971119196117840e-01 -8.488330847352439923e-01 -8.215079373211333497e-03 -6.328166022127309276e+01 8.487872825238614860e-01 5.286564810785447932e-01 -9.081521866545120766e-03 2.928074968321688942e+01 1.205165117329368672e-02 -2.172388666415462667e-03 9.999250164044720668e-01 -8.918174324448018275e-01 3.755519004067639285e-18 2.035585449014521015e-17 -4.040321496068142265e-19 1.000000000000002442e+00
4.987139919303614777e-01 -8.667421301325790584e-01 -6.514146616289282800e-03 -6.300895529315326371e+01 8.667228558700683649e-01 4.987502462518509927e-01 -6.299442527293828975e-03 2.979718922704221740e+01 8.708924463750215145e-03 -2.504339629104202283e-03 9.999589406159198335e-01 -8.834019031575314207e-01 6.306277809404446882e-18 2.184718570996538686e-17 -5.544442823204254242e-19 1.000000000000002665e+00
4.711949478348699261e-01 -8.820164432572558111e-01 -4.723871159659384818e-03 -6.274605153301698124e+01 8.818851896263046886e-01 4.712080555826125283e-01 -1.553964838195324993e-02 3.031901847075035761e+01 1.593215153928545860e-02 3.156291795299957705e-03 9.998680934850552315e-01 -8.791373979115273407e-01 7.643162560508142944e-18 2.446871067923494013e-17 -6.712118733132142395e-19 1.000000000000002887e+00
4.458866251276876747e-01 -8.950713464436866884e-01 -5.692302499716472841e-03 -6.250294617447104883e+01 8.948004480061608756e-01 4.458952381084237415e-01 -2.257420829646242938e-02 3.085942438802243615e+01 2.274369759331179228e-02 4.972062725305797376e-03 9.997289646759505155e-01 -8.733918975557185549e-01 8.254971906986593360e-18 2.639535953932014733e-17 -7.854935617181188990e-19 1.000000000000003331e+00
4.227205455153587033e-01 -9.062382282105406750e-01 -6.293975614891471337e-03 -6.226275011066333320e+01 9.059672785230157288e-01 4.227503051101789699e-01 -2.248265497798381321e-02 3.141909169467852792e+01 2.303542152426898276e-02 3.801744218012893025e-03 9.997274208983716326e-01 -8.709209294484062669e-01 8.008084856084696336e-18 3.090186144743528582e-17 -8.961873154245400549e-19 1.000000000000003775e+00
4.031052794739319323e-01 -9.151387489496649597e-01 -5.215729202168013778e-03 -6.203332052218966197e+01 9.150241903020791545e-01 4.031375727883927951e-01 -1.451993692543483531e-02 3.198923623067875610e+01 1.539041332365485154e-02 1.080544842221723475e-03 9.998809767170203644e-01 -8.582550468318190795e-01 7.787218093545132318e-18 3.542206792274586458e-17 -1.022157227773649970e-18 1.000000000000003997e+00
3.860458143711805179e-01 -9.224764374161981140e-01 -2.419011872175384856e-03 -6.180420696708211636e+01 9.224607901807475585e-01 3.860533615429287413e-01 -5.375185627448252415e-03 3.257751003844506954e+01 5.892349752925751978e-03 -1.563756901202202675e-04 9.999826277296248733e-01 -8.504747976516440211e-01 8.101665736292370772e-18 4.338974622619519512e-17 -1.154712890137688203e-18 1.000000000000004219e+00
3.697899962465234780e-01 -9.291145783418288673e-01 1.207886050088191870e-03 -6.158321530991572246e+01 9.291139763660255513e-01 3.697913781134620215e-01 1.247234651256581058e-03 3.316115982603881918e+01 -1.605489744160610178e-03 6.610489139862609333e-04 9.999984927073785057e-01 -8.467412257974992196e-01 9.714634342235690630e-18 4.955728984512029381e-17 -1.280012172841284824e-18 1.000000000000004219e+00
3.554862085388265092e-01 -9.346801700052105311e-01 1.592274395233639729e-03 -6.136628888972552431e+01 9.346745938483600469e-01 3.554896172560438328e-01 3.245864688208380689e-03 3.376163270958326734e+01 -3.599882373915631092e-03 3.343982922171393943e-04 9.999934644909891368e-01 -8.478405937771675838e-01 1.263589965900741875e-17 5.420723712738683477e-17 -1.394354781517403668e-18 1.000000000000003997e+00
3.426858689920477263e-01 -9.394500382200368094e-01 1.445045559311835452e-04 -6.116487173189774751e+01 9.394478773081511580e-01 3.426854034061088683e-01 2.097644780227312516e-03 3.435736870413130362e+01 -2.020152070998978283e-03 -5.830787260198638062e-04 9.999977894999694250e-01 -8.532597049740313633e-01 1.656150736787347537e-17 5.657975220009659958e-17 -1.498929492190242389e-18 1.000000000000003553e+00
3.303855257584727423e-01 -9.438350691228278855e-01 -4.557045450253057080e-03 -6.096523364011894586e+01 9.438459769656034615e-01 3.303794953741479579e-01 2.039804450064186536e-03 3.497194043908196903e+01 -4.196845978709828396e-04 -4.975070880751813335e-03 9.999875361896203296e-01 -8.569216824700921498e-01 2.190212923892780557e-17 5.900260751641495906e-17 -1.603782289026653129e-18 1.000000000000002887e+00
3.200485712980363218e-01 -9.473710017650998072e-01 -7.556257321537186017e-03 -6.077040642475068211e+01 9.474011239051968181e-01 3.200396484300738753e-01 2.394547129016841823e-03 3.560231103858892254e+01 1.497774242420501806e-04 -7.925178066491202905e-03 9.999685840661978187e-01 -8.608193118310918379e-01 2.790455349554783754e-17 6.143771628644547039e-17 -1.706606598634712854e-18 1.000000000000001998e+00
3.118233940637920587e-01 -9.500928529393019017e-01 -9.473210027659811211e-03 -6.057343310924466095e+01 9.501399768994973627e-01 3.118124975161295498e-01 2.643991340394254933e-03 3.623515196944202188e+01 4.418280024778376632e-04 -9.825333910484380928e-03 9.999516326310906589e-01 -8.645834141400505768e-01 3.502695384115476884e-17 6.377556034213509683e-17 -1.828312321772264905e-18 1.000000000000000888e+00
3.058029987103700886e-01 -9.520289198603540948e-01 -1.120097001633049011e-02 -6.037754822831291790e+01 9.520936320053609014e-01 3.057999588100331900e-01 2.025113986634614546e-03 3.687048536689030698e+01 1.497289088336630934e-03 -1.128365815467721051e-02 9.999352164935764176e-01 -8.653445301746878204e-01 4.210848652751906929e-17 6.837158290593730850e-17 -1.925967165335811689e-18 9.999999999999997780e-01
3.013243179644607417e-01 -9.534358397224385051e-01 -1.279667675825683221e-02 -6.018020638131682887e+01 9.535197733026167244e-01 3.013236318878004805e-01 2.027507561737986862e-03 3.751988015884716532e+01 1.922842742222934933e-03 -1.281282165477142312e-02 9.999160636158686000e-01 -8.661090700893808725e-01 4.775375776856595185e-17 7.316622233380607893e-17 -2.009652952610191472e-18 9.999999999999986677e-01
2.979985720635927593e-01 -9.544782562809287496e-01 -1.296569840048382265e-02 -5.998268811486483543e+01 9.545635320966217030e-01 2.980030148770675402e-01 1.632885619481562771e-03 3.817391889386374260e+01 2.305263394541904893e-03 -1.286318044421734010e-02 9.999146085289306596e-01 -8.712617069849271090e-01 5.260000423287926279e-17 7.926178849880367869e-17 -2.073731381792263689e-18 9.999999999999974465e-01
2.957976887133592636e-01 -9.551758857873554609e-01 -1.194799406643944246e-02 -5.977759322635454708e+01 9.552426597803500563e-01 2.958231173017789595e-01 -3.797442175825859021e-04 3.883559464307636233e+01 3.897215369639164210e-03 -1.130090616920585364e-02 9.999285480633811618e-01 -8.758603929547037481e-01 5.764722784513087750e-17 8.672171433769584658e-17 -2.133988577583707936e-18 9.999999999999958922e-01
2.949572424181522434e-01 -9.554447175028714101e-01 -1.120789636705412859e-02 -5.957268079850418019e+01 9.554980896456961581e-01 2.949928032197835504e-01 -1.626877996184895522e-03 3.950490930868004114e+01 4.860640754990365638e-03 -1.022926412016562751e-02 9.999358661069399634e-01 -8.745904123537808772e-01 6.272921093347214257e-17 9.048484163239482305e-17 -2.256068319738696329e-18 9.999999999999941158e-01
2.945526268428322880e-01 -9.555733838003116487e-01 -1.087465826809776853e-02 -5.936882412870863135e+01 9.556255604245856849e-01 2.945818358126715553e-01 -1.153374394013192712e-03 4.018310043838615542e+01 4.305610668927048815e-03 -1.005237194439105239e-02 9.999402039797606889e-01 -8.751362135861452396e-01 6.770435956685522427e-17 9.459989981248708949e-17 -2.399256977256779389e-18 9.999999999999921174e-01
2.935615786241639324e-01 -9.558608664888680329e-01 -1.231273612479514938e-02 -5.915955923394881921e+01 9.559360693512443108e-01 2.935736738194127393e-01 8.540219733593536764e-04 4.087326935291079621e+01 2.798368995468666996e-03 -1.202089661277906674e-02 9.999238306869263626e-01 -8.755434629014521297e-01 7.227940325728266482e-17 9.951879715212770636e-17 -2.578970562962934368e-18 9.999999999999897859e-01
2.931496024857835336e-01 -9.560065567813144094e-01 -1.071326064291645667e-02 -5.895210470271968006e+01 9.560662655283429512e-01 2.931219725153759725e-01 4.099408183143640576e-03 4.157144100473708193e+01 -7.787690102860788570e-04 -1.144432697382491773e-02 9.999342082852115121e-01 -8.758691032801951826e-01 7.599262696916151775e-17 1.017333523597520719e-16 -2.738830246304303642e-18 9.999999999999872324e-01
2.924909061709554670e-01 -9.562458027001837779e-01 -6.560078171534234302e-03 -5.873504740561020299e+01 9.562640660818325644e-01 2.924623031531683459e-01 4.983688900582193028e-03 4.227292560309862068e+01 -2.847056022234399804e-03 -7.730850708736166157e-03 9.999660635338351033e-01 -8.799059473420668409e-01 7.844833624568120993e-17 1.055982651878467851e-16 -2.865524016475145571e-18 9.999999999999846789e-01
2.919694489039731944e-01 -9.564256568054423369e-01 -1.950361769671005163e-03 -5.851258545102091091e+01 9.564269069125739264e-01 2.919660822815970391e-01 1.838078034084120443e-03 4.297412868019157628e+01 -1.188545506087003954e-03 -2.402041105385916298e-03 9.999964087726199713e-01 -8.856145946513673817e-01 8.203541320542648729e-17 1.069141777006144975e-16 -3.005986712239215591e-18 9.999999999999821254e-01
2.916237184772369484e-01 -9.565330906077116335e-01 2.310714497224913540e-04 -5.829058523683579551e+01 9.565292822581498156e-01 2.916218562144513027e-01 -2.902612758847504092e-03 4.368052163140587396e+01 2.709059667970179809e-03 1.067497333982946267e-03 9.999957607136072957e-01 -8.866761214611287301e-01 8.639688073204530964e-17 1.079928204416138165e-16 -3.165698166330518223e-18 9.999999999999795719e-01
2.913602165721246862e-01 -9.566068955554635211e-01 -3.531511692059405207e-03 -5.807486990285658379e+01 9.565931947825899728e-01 2.913760751840455687e-01 -5.426094918541090641e-03 4.441219126624486080e+01 6.219637831311988080e-03 -1.797271861317235224e-03 9.999790427399630754e-01 -8.875649484382921450e-01 9.070329344968697486e-17 1.105086747322123398e-16 -3.350446369869627110e-18 9.999999999999771294e-01
2.910801653304340153e-01 -9.566485765095222860e-01 -9.789709574974865200e-03 -5.785412714264331413e+01 9.566521547381547919e-01 2.911516758697638707e-01 -6.881603967340608682e-03 4.515099199257576146e+01 9.433566988488736177e-03 -7.362248338613477591e-03 9.999283999933712419e-01 -8.896580968888156971e-01 9.516288912900214491e-17 1.118657258120644224e-16 -3.544708731122453060e-18 9.999999999999746869e-01
2.904129745989941780e-01 -9.568610856982677770e-01 -8.784467027023380725e-03 -5.762885255186129996e+01 9.568520409838670027e-01 2.904790036928058261e-01 -7.491333575386671662e-03 4.588580415947272684e+01 9.719868808252032574e-03 -6.229854736426772809e-03 9.999333543093470444e-01 -8.905946272054228174e-01 9.940880235147854753e-17 1.158185829241491704e-16 -3.727039372931290973e-18 9.999999999999720224e-01
2.897329075743700910e-01 -9.570987410456684996e-01 -4.103919754698490477e-03 -5.739419071949095041e+01 9.570714006328205903e-01 2.897565654917095279e-01 -7.447606681262239174e-03 4.662955757889260866e+01 8.317232671611780870e-03 -1.769927489487292194e-03 9.999638448451007022e-01 -8.911543448044033644e-01 1.039907969494699181e-16 1.191149079472998915e-16 -3.923862179747140739e-18 9.999999999999691358e-01
2.901451631080076421e-01 -9.569727418334306179e-01 -4.353815900027847852e-03 -5.716390088250615520e+01 9.569710351814141314e-01 2.901610508796222399e-01 -3.605880800911630529e-03 4.738777822992710043e+01 4.714037433658431996e-03 -3.120246835716493101e-03 9.999840208277264164e-01 -8.876993967220229154e-01 1.082260619683848038e-16 1.237290392003114525e-16 -4.126987096195307190e-18 9.999999999999663602e-01
2.911982878364692273e-01 -9.566444939390442714e-01 -5.905029828828923036e-03 -5.693671732497801230e+01 9.566626524507892970e-01 2.911904248685473484e-01 2.169301916766678846e-03 4.815972074663225300e+01 -3.557625896515063599e-04 -6.280818502817811337e-03 9.999802121801933952e-01 -8.869186653832619172e-01 1.126994999482043578e-16 1.275021108630430830e-16 -4.308809866334332273e-18 9.999999999999635847e-01
2.911800917313146497e-01 -9.566341993029094937e-01 -8.072354271745452864e-03 -5.669925665872984410e+01 9.566561475998200947e-01 2.911235843346152152e-01 7.488251047787056018e-03 4.894792302420676577e+01 -4.813464335673357103e-03 -9.902896966677496304e-03 9.999393797589872790e-01 -8.941046174820497239e-01 1.162756449003835405e-16 1.316072850344587050e-16 -4.463682937513190052e-18 9.999999999999608091e-01
2.909744015892170577e-01 -9.567238410611446087e-01 -3.659175463725504365e-03 -5.645214963259701335e+01 9.566996252138919576e-01 2.909318859130290424e-01 9.190477398372629003e-03 4.972770412192751621e+01 -7.728178019212320581e-03 -6.174925456056047472e-03 9.999510715830793872e-01 -9.086262844911052738e-01 1.208174618626685484e-16 1.349165242919032075e-16 -4.593174065173828242e-18 9.999999999999578115e-01
2.903119520979052792e-01 -9.569289686824721253e-01 2.432974614521802009e-03 -5.620837315063406692e+01 9.568973230016020182e-01 2.903221386214943633e-01 7.782612590818481328e-03 5.050429803723865518e+01 -8.153753833491005076e-03 6.872144189671956912e-05 9.999667552353032063e-01 -9.190593280178420699e-01 1.246636886846016952e-16 1.366655652313504406e-16 -4.694526179679183069e-18 9.999999999999549249e-01
2.895410913191441282e-01 -9.571645474034973233e-01 1.409124427497966594e-03 -5.596956740620317561e+01 9.571458550141822563e-01 2.895442617531593932e-01 5.994390304585994061e-03 5.129799170059425251e+01 -6.145621774931680006e-03 -3.868847056118314334e-04 9.999810406469015200e-01 -9.217503909179702859e-01 1.284110865626837569e-16 1.374640442951339280e-16 -4.800779370677031994e-18 9.999999999999521494e-01
2.902061276271500900e-01 -9.569408867410955644e-01 -6.674037076531248204e-03 -5.573844626479953490e+01 9.569590574773894076e-01 2.901747478987443118e-01 5.289422844663010763e-03 5.210698254985973676e+01 -3.125027961176196200e-03 -7.921803151466606449e-03 9.999637389601232496e-01 -9.318473870354820887e-01 1.325869105323913683e-16 1.354624809128831352e-16 -4.910479349520943738e-18 9.999999999999492628e-01
2.894347842046695041e-01 -9.571565433839127612e-01 -8.880154831902919293e-03 -5.549359214985447863e+01 9.571970049687852367e-01 2.894335727480339959e-01 1.449360288578935719e-03 5.290826601390394046e+01 1.182950255613774392e-03 -8.919552891124093649e-03 9.999595202831736973e-01 -9.407163622579227669e-01 1.367399022272541988e-16 1.338561705736041531e-16 -5.041707816739685219e-18 9.999999999999460432e-01
2.884732416877345829e-01 -9.574558748401967856e-01 -7.838148011431948781e-03 -5.524437558357907818e+01 9.574726014909914484e-01 2.885053118928162519e-01 -3.301878837754555242e-03 5.370947445992588598e+01 5.422750627913062310e-03 -6.552308275397949848e-03 9.999638298618270804e-01 -9.439435394127040357e-01 1.415042781756110976e-16 1.300706323398749387e-16 -5.201407398908212350e-18 9.999999999999426015e-01
2.887187614056582197e-01 -9.573634677692630657e-01 -9.831957754360300464e-03 -5.500229157206688058e+01 9.573886521182981557e-01 2.887705643660488097e-01 -4.304642956837562325e-03 5.452334932733062800e+01 6.960287898210089537e-03 -8.170173599347329771e-03 9.999423996689877914e-01 -9.404706568547224199e-01 1.461698400775863642e-16 1.232038188060570357e-16 -5.417174198780257331e-18 9.999999999999387157e-01
2.890274547614012923e-01 -9.571958785474724563e-01 -1.546546106562444664e-02 -5.476420087837180972e+01 9.573069982708530823e-01 2.890723420471222882e-01 -7.015163647889984975e-04 5.534974510372131817e+01 5.142125624181439168e-03 -1.460243662022727915e-02 9.998801565132006131e-01 -9.398490388478152324e-01 1.498548418056209656e-16 1.150889062286965275e-16 -5.674252039206587529e-18 9.999999999999346079e-01
2.890408052753140056e-01 -9.572357108711363471e-01 -1.245819886363975539e-02 -5.451408715070570565e+01 9.573167377988741622e-01 2.890125590493760610e-01 4.050215059492389552e-03 5.617717534582840955e+01 -2.764345569346580490e-04 -1.309711971733173129e-02 9.999141908379401977e-01 -9.396912202289285920e-01 1.539882606903671654e-16 1.074907249284441553e-16 -5.966075240813755131e-18 9.999999999999305000e-01
2.882030926555746997e-01 -9.575504569365036467e-01 -6.008311290008823066e-03 -5.426125083608876309e+01 9.575532271227842340e-01 2.881562177295932670e-01 7.603381530543817414e-03 5.700616621458392785e+01 -5.549289202570969332e-03 -7.944595937058500715e-03 9.999530432899297328e-01 -9.435262109652947649e-01 1.579995472857515029e-16 9.669785555375589106e-17 -6.212646191487093354e-18 9.999999999999263922e-01
2.877126809788542183e-01 -9.576743190167665842e-01 -9.017311120292918064e-03 -5.401419825632935812e+01 9.576842981723233672e-01 2.876126389872085687e-01 1.094325953202760458e-02 5.784947921718341490e+01 -7.886585972289824817e-03 -1.178425181025576779e-02 9.998994615315212053e-01 -9.548950376884751678e-01 1.634039449887709174e-16 8.047029646731636355e-17 -6.403146365591916704e-18 9.999999999999219513e-01
2.882505600730502215e-01 -9.575010829122612144e-01 -1.016321009979196180e-02 -5.376643511484859062e+01 9.575265902871645807e-01 2.881439808726757312e-01 1.076453343514025170e-02 5.867990396799471142e+01 -7.378584604600792705e-03 -1.283442670483970691e-02 9.998904109853468114e-01 -9.672573506207341465e-01 1.686419190762173688e-16 6.578159986244824813e-17 -6.628727998585266776e-18 9.999999999999175104e-01
2.863703327991289904e-01 -9.580998566581531151e-01 -6.057818440640556565e-03 -5.350775599629182722e+01 9.581152927605949277e-01 2.863458924264928873e-01 4.595178881511505393e-03 5.950659976081493596e+01 -2.668008800160349796e-03 -7.120011394324483531e-03 9.999710931656192736e-01 -9.672968658788531071e-01 1.741424310165067485e-16 4.898663939285622714e-17 -6.879346307139847190e-18 9.999999999999127365e-01
2.859880654778099163e-01 -9.582194069947427284e-01 -5.137554187029463003e-03 -5.325910232348969231e+01 9.582308473737976007e-01 2.859950879062035933e-01 -6.729301755157908894e-04 6.034205534038287055e+01 2.114130015065048256e-03 -4.730512902978220927e-03 9.999865762609077002e-01 -9.714967242989720475e-01 1.799547359341126122e-16 3.190117311241789928e-17 -7.091439888781358660e-18 9.999999999999080735e-01
2.858509775733845126e-01 -9.582435170148397852e-01 -7.653804249925299369e-03 -5.300874955100660912e+01 9.582672962464665600e-01 2.858698957314921296e-01 -1.480425331763700770e-03 6.119751070315489727e+01 3.606600199452940445e-03 -6.911209276276196120e-03 9.999696133490262318e-01 -9.774484981774661518e-01 1.857792178280298375e-16 1.750078164680177353e-17 -7.292978785413256018e-18 9.999999999999034106e-01
2.852048292135484497e-01 -9.584478717528248648e-01 -5.990202490740582746e-03 -5.275618701896482321e+01 9.584664564644659324e-01 2.852025263031232605e-01 1.253324771089955880e-03 6.204310069439858921e+01 5.071744239503376108e-04 -6.098862432102732101e-03 9.999812731502530916e-01 -9.798064694232232474e-01 1.931145788786504047e-16 2.351677665844582920e-18 -7.533732977411203221e-18 9.999999999998987477e-01
2.846400742796911798e-01 -9.586330855827651654e-01 -1.623373109100472583e-03 -5.250508974084841896e+01 9.586276764283014895e-01 2.846312812458524633e-01 4.244021941637914942e-03 6.289073138980194244e+01 -3.606397081219938228e-03 -2.764229112276519670e-03 9.999896764154987405e-01 -9.828379387553546342e-01 2.001913964665223997e-16 -1.218382295538124235e-17 -7.723513455186942167e-18 9.999999999998939737e-01
2.838018868597806388e-01 -9.588827349065244254e-01 6.242700927859988393e-04 -5.225099876784881303e+01 9.588611287247055248e-01 2.837997627100734555e-01 6.559764227162008000e-03 6.374686008674262894e+01 -6.467212366692971955e-03 -1.263085139237505152e-03 9.999782896544325839e-01 -9.855324743725616399e-01 2.069563637571105737e-16 -2.861770355479053033e-17 -7.818666333922974869e-18 9.999999999998890887e-01
2.834903322391814084e-01 -9.589630068079266767e-01 -4.814883275811384852e-03 -5.200726105793055609e+01 9.589685508550576110e-01 2.834662767878059486e-01 5.117459842665082227e-03 6.459646973777566359e+01 -3.542597642589922873e-03 -6.068072028570297913e-03 9.999753139472344898e-01 -9.870557447096185433e-01 2.139186247952001070e-16 -4.402275201605463675e-17 -7.868712250634611787e-18 9.999999999998837596e-01
2.836269258818133743e-01 -9.589269726230346125e-01 -3.850726035398720909e-03 -5.175490764787431885e+01 9.589341418994739019e-01 2.836288214597356694e-01 5.600998506557900488e-05 6.544462827050222131e+01 1.038467401757207963e-03 -3.708478606339257744e-03 9.999925843584818175e-01 -9.938919827826040443e-01 2.220354323645611505e-16 -5.642612530240022059e-17 -7.995644085535779017e-18 9.999999999998786526e-01
2.831192499111807037e-01 -9.590815728782029481e-01 -2.454973595200955414e-03 -5.150337690190042395e+01 9.590751362504992272e-01 2.831269348491071702e-01 -3.744567969509381925e-03 6.629880540683544154e+01 4.286415287079009886e-03 -1.294344860551297979e-03 9.999899756074774881e-01 -1.001567420727478064e+00 2.311035813996816674e-16 -6.992646961626079818e-17 -8.125621838844760625e-18 9.999999999998735456e-01
2.837039514981646304e-01 -9.589025890539307762e-01 -4.229965738732293680e-03 -5.125669088324703182e+01 9.589101996660629457e-01 2.837090353931248643e-01 -6.420381155711299718e-04 6.715122241797058678e+01 1.815731510761517615e-03 -3.874008540720358211e-03 9.999908475466081637e-01 -1.005517021689449120e+00 2.393908481851379000e-16 -8.122536007624323418e-17 -8.245907041283141730e-18 9.999999999998682165e-01
2.839914416012490062e-01 -9.588167687483059032e-01 -4.389198612820387722e-03 -5.100717223952074875e+01 9.588180319686692155e-01 2.839662712471138217e-01 5.580176161422422364e-03 6.801699834380377752e+01 -4.103982112308705681e-03 -5.793165048348063693e-03 9.999747979672404252e-01 -9.975555667570696894e-01 2.466397951166662049e-16 -9.143405261949277833e-17 -8.364177586763217909e-18 9.999999999998629985e-01
2.832418471919119773e-01 -9.590428812183018348e-01 -3.287549844086990695e-03 -5.075214838416968632e+01 9.590146135276075290e-01 2.832013475434719818e-01 9.379114580562654402e-03 6.887619402174713912e+01 -8.063934524670768669e-03 -5.809366082016468973e-03 9.999506108932519899e-01 -9.941117311140081902e-01 2.540772745991888721e-16 -1.006183946656710618e-16 -8.455627793431852474e-18 9.999999999998580025e-01
2.833297535739907613e-01 -9.590149598872182990e-01 -3.815422963281476024e-03 -5.050541768714857938e+01 9.589797451814752183e-01 2.832772769759548392e-01 1.057509721125919448e-02 6.972539805716407102e+01 -9.060853800322810417e-03 -6.655153027988189481e-03 9.999368029363988608e-01 -9.993526467160455118e-01 2.624113202848073506e-16 -1.104229659452427916e-16 -8.501561081085829212e-18 9.999999999998531175e-01
2.837133999419417796e-01 -9.588973447376853976e-01 -4.752783245140924928e-03 -5.024945464095389980e+01 9.588538077881423316e-01 2.836403119263062322e-01 1.214696426278244826e-02 7.058811491415147543e+01 -1.029961085604972314e-02 -8.003480842176646445e-03 9.999149275366921996e-01 -1.016811898781932122e+00 2.708826632825436476e-16 -1.209630796160470598e-16 -8.559309353224655106e-18 9.999999999998480105e-01
2.836621040062970445e-01 -9.588987332450317203e-01 -7.002151953100891474e-03 -5.000613028451792275e+01 9.588742557270187872e-01 2.835651388772376658e-01 1.228713627209565909e-02 7.144348295452930131e+01 -9.796553215515663854e-03 -1.019957816968640983e-02 9.998999930744800757e-01 -1.028182397152433314e+00 2.793366407336607900e-16 -1.309827298277323637e-16 -8.629856505051477993e-18 9.999999999998429034e-01
2.838103843528241299e-01 -9.588328201595225364e-01 -9.554512997734642549e-03 -4.976027632546549739e+01 9.588617687799155798e-01 2.837286204796477529e-01 9.065224390765779308e-03 7.229351807808571095e+01 -5.981145875790257367e-03 -1.173426205144075148e-02 9.999132627324298639e-01 -1.036743924155998586e+00 2.880367103338176281e-16 -1.405446991977885891e-16 -8.734132968574070766e-18 9.999999999998375744e-01
2.839052681208472095e-01 -9.588035379941634018e-01 -9.673379104223731387e-03 -4.950469896327104635e+01 9.588495928870054419e-01 2.839141320941298008e-01 4.730940236130568434e-04 7.313205105024567843e+01 2.292804809132606685e-03 -9.409629501560682827e-03 9.999530998596114495e-01 -1.035446811370078990e+00 2.967420643999317902e-16 -1.520210774357822913e-16 -8.882547691307013495e-18 9.999999999998320233e-01
2.834891091383401895e-01 -9.589302551924142604e-01 -9.310782821794837127e-03 -4.925231711711190030e+01 9.589321719398505861e-01 2.835551984100779244e-01 -6.748264491235020021e-03 7.397549648177458437e+01 9.111235861055737642e-03 -7.015349704927451198e-03 9.999338829391170025e-01 -1.033400635335259832e+00 3.045430087519633418e-16 -1.642362316658896096e-16 -9.057994020836947790e-18 9.999999999998262501e-01
2.836688541194067881e-01 -9.588722992142447721e-01 -9.792599367226571122e-03 -4.900001920473339112e+01 9.588835899027104981e-01 2.837343717380368946e-01 -6.088292865911132216e-03 7.483126745227333743e+01 8.616392407750248991e-03 -7.662903774922891903e-03 9.999335166338375602e-01 -1.028672194402265649e+00 3.140025846542137207e-16 -1.781443369082484950e-16 -9.243101223654085244e-18 9.999999999998203659e-01
2.837942011308662305e-01 -9.588494815006161076e-01 -8.277875977107530814e-03 -4.874922644295033791e+01 9.588822121931493969e-01 2.838043348289380208e-01 -5.169324986579479044e-05 7.568951202022840619e+01 2.398863131292193907e-03 -7.922837784655087714e-03 9.999657364616145738e-01 -1.019199954173249933e+00 3.235550889140870842e-16 -1.929365909424578506e-16 -9.464174884600255225e-18 9.999999999998145928e-01
2.836971916532521898e-01 -9.588825900318045381e-01 -7.751256811473413409e-03 -4.849767389134945006e+01 9.589027952840529778e-01 2.836456976529831975e-01 7.109669451150940275e-03 7.654790046250759872e+01 -4.618727611630187892e-03 -9.449695080377280496e-03 9.999446837791798881e-01 -1.015569368884102319e+00 3.328901111356793636e-16 -2.090431180115487821e-16 -9.626125409918480854e-18 9.999999999998089306e-01
2.834743424541188439e-01 -9.589504929221509544e-01 -7.499952984616998879e-03 -4.824851350500467362e+01 9.589405279121152592e-01 2.833832616409830973e-01 1.126902611945560830e-02 7.740348052973915571e+01 -8.681077013088537783e-03 -1.038648864371292252e-02 9.999083756803200940e-01 -1.019781224478472748e+00 3.424902591312391921e-16 -2.271561541909292962e-16 -9.749904508191754412e-18 9.999999999998031575e-01
2.832957928117564861e-01 -9.590032535055086349e-01 -7.500236077083020057e-03 -4.799740554916453306e+01 9.589911478061294847e-01 2.832021930412235711e-01 1.151070312624089508e-02 7.825334703613859233e+01 -8.914718442863598519e-03 -1.045359377236564774e-02 9.999056206324868912e-01 -1.026563551610199410e+00 3.505599776225676114e-16 -2.453473267445978619e-16 -9.889319653203335128e-18 9.999999999997971623e-01
2.839779996780825155e-01 -9.587760038484357539e-01 -1.025037284518555414e-02 -4.775167489906279883e+01 9.588128313490753563e-01 2.838910102198216046e-01 9.156896695050188717e-03 7.910435796714313028e+01 -5.869424118803944802e-03 -1.242854621681282849e-02 9.999055360880669818e-01 -1.038280482104496194e+00 3.574969031514184159e-16 -2.634004433336874033e-16 -1.004212991848017166e-17 9.999999999997911670e-01
2.842587181261049811e-01 -9.586563228319501251e-01 -1.323011201144038557e-02 -4.749931431641471846e+01 9.587419266485215363e-01 2.841824495983365506e-01 7.365692562325407665e-03 7.995847403803422537e+01 -3.301402107059240969e-03 -1.477802540551929195e-02 9.998853487822281227e-01 -1.050799143534115077e+00 3.636825289222294015e-16 -2.803210654813181002e-16 -1.026637291900274245e-17 9.999999999997849498e-01
2.834966548309851286e-01 -9.588822850892021465e-01 -1.320643941268134954e-02 -4.724427719611738752e+01 9.589688500813774441e-01 2.834268779877434641e-01 6.924551110497078645e-03 8.081820932229194909e+01 -2.896769500001560114e-03 -1.462765109329852882e-02 9.998888140938849700e-01 -1.056942298591557305e+00 3.697153690060241817e-16 -2.982027769842469673e-16 -1.058339413448326617e-17 9.999999999997786215e-01
2.825454227863454792e-01 -9.591659495227836674e-01 -1.299097143221996861e-02 -4.699544373662200059e+01 9.592437322740193784e-01 2.824540932127339032e-01 8.434887121368290705e-03 8.167337035798932732e+01 -4.421103459066569492e-03 -1.484474667038867407e-02 9.998800364746857072e-01 -1.062455853577238374e+00 3.745019221831129674e-16 -3.167937737163800570e-16 -1.097953623496921267e-17 9.999999999997719602e-01
2.824609726230556395e-01 -9.591767092663817662e-01 -1.399426117960752593e-02 -4.674855007793068040e+01 9.592459196810841915e-01 2.823004682459240855e-01 1.239803225113737632e-02 8.252311707238618510e+01 -7.941317292287948873e-03 -1.692589818377784189e-02 9.998252094493627062e-01 -1.064242054536195470e+00 3.786550813904562128e-16 -3.322248725179693767e-16 -1.137096351091785872e-17 9.999999999997651878e-01
2.822839511808842849e-01 -9.592290518319074311e-01 -1.397844868285589605e-02 -4.649889829606287606e+01 9.592846014297689017e-01 2.820972128385232369e-01 1.393613895067429172e-02 8.337415512166501230e+01 -9.424667938635921879e-03 -1.734325894056238868e-02 9.998051745233653698e-01 -1.066638808593940002e+00 3.832507540753045218e-16 -3.444618585591900688e-16 -1.173760590715933293e-17 9.999999999997585265e-01
2.812652752290392133e-01 -9.595456834780560218e-01 -1.272502531135919629e-02 -4.624194825416351051e+01 9.595892985820195786e-01 2.811063875953441760e-01 1.294514968466367599e-02 8.422600031641282214e+01 -8.844376604584033158e-03 -1.585181920192448718e-02 9.998352348415211477e-01 -1.076454621530493094e+00 3.874090365346033579e-16 -3.557809055372585706e-16 -1.206729652413219792e-17 9.999999999997521982e-01
2.806744535058954271e-01 -9.596957610641104752e-01 -1.434912349087554689e-02 -4.600339921394291309e+01 9.597734752479946119e-01 2.805171287769339106e-01 1.204228688976055617e-02 8.507934780801974739e+01 -7.531756759518932684e-03 -1.715187041136603113e-02 9.998245275955399691e-01 -1.089368520021081643e+00 3.912435625578755423e-16 -3.634963536524099245e-16 -1.239945071838553018e-17 9.999999999997458699e-01
2.798878002634136442e-01 -9.599258161043081605e-01 -1.432643851052776106e-02 -4.575535399478735599e+01 9.600068365632027367e-01 2.797395139832886124e-01 1.151859664704535727e-02 8.593554189749430350e+01 -7.049327340769279311e-03 -1.697739359139352130e-02 9.998310232689449073e-01 -1.100679102538736132e+00 3.940065995494532737e-16 -3.728045407793095099e-16 -1.274830644730250388e-17 9.999999999997395417e-01
2.783609408696962051e-01 -9.604279983698811307e-01 -9.656425092686146683e-03 -4.550045521362419265e+01 9.604599401257710722e-01 2.782829500246534193e-01 8.677738161374272396e-03 8.678106134602636246e+01 -5.647124231246237330e-03 -1.169015282559346218e-02 9.999157216060622355e-01 -1.100570007831576325e+00 3.997822703088972677e-16 -3.827023178253562271e-16 -1.308248864923946681e-17 9.999999999997332134e-01
2.770265702869849633e-01 -9.607513366242095287e-01 -1.459960718764037949e-02 -4.526073622802508112e+01 9.608614482774786580e-01 2.769746280128368432e-01 5.507508664303365289e-03 8.763284651106457090e+01 -1.247625540794357465e-03 -1.555392594271776986e-02 9.998782519979226846e-01 -1.104607340250414627e+00 4.048290569331194113e-16 -3.951687823624383784e-16 -1.335272251273891919e-17 9.999999999997265521e-01
2.763545277656808685e-01 -9.608037598622878317e-01 -2.200704473814664094e-02 -4.503266712539314653e+01 9.610479431250559257e-01 2.763721773223000722e-01 2.295782583534887629e-03 8.848445886559161977e+01 3.876338332596728810e-03 -2.178427499160294142e-02 9.997551797136970952e-01 -1.114954587000180686e+00 4.095765123350268285e-16 -4.075437352445909876e-16 -1.367833781264820106e-17 9.999999999997200018e-01
2.750134852843563182e-01 -9.611605139926516772e-01 -2.319588871634004415e-02 -4.479618379685832252e+01 9.614277204714665181e-01 2.750535716868643954e-01 1.506987653456500062e-03 8.933049696268763284e+01 4.931655012275329257e-03 -2.271561233973897267e-02 9.997298033643984283e-01 -1.115839414541140329e+00 4.155113480564948999e-16 -4.212407250351410270e-16 -1.417404617076942339e-17 9.999999999997133404e-01
2.737500697486243140e-01 -9.615581118609800582e-01 -2.160779551871572918e-02 -4.455714823329213203e+01 9.617983440343556012e-01 2.737316739991511039e-01 3.862131904801047871e-03 9.018581064636907740e+01 2.201073776602397412e-03 -2.183960082647334530e-02 9.997590645301105416e-01 -1.102645448861359290e+00 4.218334291870816642e-16 -4.320020034939837257e-16 -1.462483196205615326e-17 9.999999999997067901e-01
2.732959651042056737e-01 -9.617449493796047522e-01 -1.886710896746144825e-02 -4.431635415899458508e+01 9.619280054151952974e-01 2.732029332364857566e-01 7.393894061147648390e-03 9.103902097743335275e+01 -1.956490757982319671e-03 -2.016952191036444977e-02 9.997946601827680801e-01 -1.094113046905820230e+00 4.295698049959240863e-16 -4.432817776384843862e-16 -1.500573306032553491e-17 9.999999999997002398e-01
2.722320111889918737e-01 -9.620297295507863611e-01 -1.971120353108744491e-02 -4.408448530373908625e+01 9.622232844866570600e-01 2.720871469117691621e-01 9.743473589744394703e-03 9.189666656071715067e+01 -4.010346131485562592e-03 -2.161906441419527564e-02 9.997582373643743026e-01 -1.098858897768429932e+00 4.378676405431053758e-16 -4.499904881492536786e-16 -1.520187745396967670e-17 9.999999999996936895e-01
2.712271067150120452e-01 -9.623535924036443756e-01 -1.764708959030474034e-02 -4.385533176157500179e+01 9.625031454754229276e-01 2.710856280912122829e-01 1.001385004818675616e-02 9.274916806867241803e+01 -4.852992202123888356e-03 -1.970140681482793546e-02 9.997941303270219127e-01 -1.110259890548497941e+00 4.474125628247040616e-16 -4.554646098459499287e-16 -1.535640283948785185e-17 9.999999999996872502e-01
2.699035762551923456e-01 -9.627815495816572922e-01 -1.427400819681737786e-02 -4.362451748025461029e+01 9.628667382796644025e-01 2.697711308006870423e-01 1.054425443944707365e-02 9.359759870328041131e+01 -6.301098296110088474e-03 -1.658989969682480442e-02 9.998425232947834029e-01 -1.121199473662072954e+00 4.581503852826773496e-16 -4.597595143392156807e-16 -1.544632679847703994e-17 9.999999999996806999e-01
2.689933320319533583e-01 -9.630381370299411214e-01 -1.414687062382126610e-02 -4.339719807873500201e+01 9.631071100615142822e-01 2.688294675968399550e-01 1.246643096680003643e-02 9.444872456644341696e+01 -8.202552755746416943e-03 -1.697833848725610606e-02 9.998222112709203024e-01 -1.127342970615463180e+00 4.675350522420721687e-16 -4.660634273492604136e-16 -1.552519439152850862e-17 9.999999999996739275e-01
2.686099175956470630e-01 -9.630583918601830495e-01 -1.916366450173053945e-02 -4.318044256291140215e+01 9.632154994627563083e-01 2.683813815096440236e-01 1.368706156147394756e-02 9.529954040170008511e+01 -8.038268742954211496e-03 -2.213521915275269009e-02 9.997226706986547251e-01 -1.127161976770282070e+00 4.766703671955457856e-16 -4.720266217627819895e-16 -1.556991103513331468e-17 9.999999999996672662e-01
2.682785940767142274e-01 -9.630476990681889893e-01 -2.378498013205339323e-02 -4.295874727254712155e+01 9.633161516243424760e-01 2.680111377251725990e-01 1.385720301622827069e-02 9.615133842765995098e+01 -6.970507894369991179e-03 -2.663004647032778463e-02 9.996210545225935329e-01 -1.129471815677088653e+00 4.845446395840382136e-16 -4.735158455886573847e-16 -1.555804808698945272e-17 9.999999999996609379e-01
2.687463837074244299e-01 -9.628471536467738678e-01 -2.647149332164863006e-02 -4.273363269824614008e+01 9.631992445424035765e-01 2.685059719043917936e-01 1.231902452053673658e-02 9.700121955294257248e+01 -4.753583653247548529e-03 -2.880801566004568409e-02 9.995736599552654811e-01 -1.139679842185522318e+00 4.945007171010857781e-16 -4.746658016556556934e-16 -1.551921445937072948e-17 9.999999999996547206e-01
2.702446625043198325e-01 -9.624024898735001887e-01 -2.737279440247530546e-02 -4.250277098921022656e+01 9.627816871468182214e-01 2.700030727572116374e-01 1.223779379286083109e-02 9.784590921630284299e+01 -4.386944618222436178e-03 -2.966122363011473514e-02 9.995503821868444438e-01 -1.152144683773369538e+00 5.058699385444676015e-16 -4.768725964448990540e-16 -1.555786023446846199e-17 9.999999999996483924e-01
2.712897645325627050e-01 -9.621436114654242644e-01 -2.610621719665980403e-02 -4.226514522665992502e+01 9.624701644021502744e-01 2.709769459473871378e-01 1.492237920913873882e-02 9.869556522527507525e+01 -7.283288817781847189e-03 -2.917474389912900340e-02 9.995477917651592881e-01 -1.164124653811628995e+00 5.152214868983778404e-16 -4.798469747777992312e-16 -1.564498127944434408e-17 9.999999999996417310e-01
