1.000000000000000000e+00 -3.306050084167601550e-19 -2.270457535318767223e-19 -8.673617379884035472e-19 7.546676715296109287e-19 1.000000000000000000e+00 6.237773588823049983e-19 1.387778780781445676e-17 -3.447385680526250622e-20 4.770700176052009879e-20 1.000000000000000222e+00 5.551115123125782702e-17
9.797734869994728646e-01 1.435928686776572101e-02 1.995745198059847292e-01 -3.758603000225227309e+00 -1.595329062035440171e-02 9.998524049357638832e-01 6.378841788819102597e-03 -6.543707046566009378e-02 -1.994534713664029568e-01 -9.433819620988367904e-03 9.798579103833364723e-01 2.956438282441630427e+00
9.980601855460660143e-01 1.912672767631936124e-02 -5.923929381109440534e-02 -6.436063006965572875e+00 -1.868078323089374104e-02 9.997929566453450656e-01 8.072892644111127197e-03 -8.286593478781513478e-02 5.938144277366992629e-02 -6.950358936622637318e-03 9.982108650908464442e-01 5.687635488042114495e+00
9.869602577784367670e-01 1.916341802566504798e-02 -1.597962904103262249e-01 -9.403037994091237195e+00 -1.799535807925153538e-02 9.997998110318826459e-01 8.751958631875023445e-03 -9.451201116673417502e-02 1.599320058103430586e-01 -5.761968389419671981e-03 9.871073475715168577e-01 6.652013320004773966e+00
9.856753912689968367e-01 1.657848184328624894e-02 -1.677972464528141028e-01 -1.201082266241677665e+01 -1.417009370732089449e-02 9.997789750739816128e-01 1.553663782120475248e-02 -4.687771259589322559e-02 1.680177278079016956e-01 -1.293610503103321228e-02 9.856923960280851160e-01 6.633567854412164344e+00
9.479393081489170259e-01 1.005758448196661901e-02 -3.183530227921518296e-01 -1.408055782396567501e+01 -4.875075540881173598e-03 9.998422845163758010e-01 1.707516593841516481e-02 -6.626650749099406712e-02 3.184746573153467430e-01 -1.463436097584068854e-02 9.478389918226223232e-01 6.760587920275868967e+00
9.952414020731691346e-01 8.961522930494372069e-03 -9.702444721143779760e-02 -1.500380252508357870e+01 -7.453970797375130200e-03 9.998459102113910202e-01 1.589065918616245146e-02 -4.736765874625362138e-02 9.715189230502088713e-02 -1.509181194057320971e-02 9.951551093424848560e-01 7.518217182450185554e+00
9.704927884422219764e-01 7.257169617692926268e-03 -2.410525675372245658e-01 -1.470368922713056392e+01 -2.863369672561205236e-03 9.998233340058750862e-01 1.857582002778985705e-02 -6.189129845736288105e-02 2.411448414210722313e-01 -1.733778862125519987e-02 9.703421488646168935e-01 7.407727250782675910e+00
9.996810087361547303e-01 1.120240229485667226e-02 -2.263406055729770203e-02 -1.487318025122121234e+01 -1.074413956733645710e-02 9.997368451058886718e-01 2.026680465044105456e-02 -5.962826276849264584e-02 2.285513779001591486e-02 -2.001719738037236254e-02 9.995384092232948436e-01 7.730502327464340517e+00
9.896592575311379258e-01 9.348662511170509337e-03 -1.431336056853856065e-01 -1.471968031759426410e+01 -5.672775589834218486e-03 9.996440574302070114e-01 2.606417737465528336e-02 -5.261141493766352539e-02 1.433263589587355780e-01 -2.498273635490745603e-02 9.893601891623432509e-01 7.910573418713645388e+00
9.969963375161393637e-01 7.035565172881468174e-04 7.743671832242987607e-02 -1.471073771266888741e+01 -3.422624324087423543e-03 9.993820685939616144e-01 3.498535829411913295e-02 -5.641539934687193891e-02 -7.736427871392122235e-02 -3.514531961750623490e-02 9.963827885958623787e-01 8.375686693889489831e+00
9.995679432301085576e-01 -1.481726805451081749e-03 -2.935261785537969861e-02 -1.459928919934564107e+01 2.610943245570014528e-03 9.992563285339933765e-01 3.847079599631649666e-02 -6.012599781592453674e-02 2.927379409205016839e-02 -3.853080076622181216e-02 9.988286761385778423e-01 8.534481514514492773e+00
9.821833928092220667e-01 -5.154358518233591833e-03 1.878440741408265169e-01 -1.449825485481513709e+01 -2.975668642082295642e-03 9.990718376817059321e-01 4.297275797590187352e-02 -4.222784814491434280e-02 -1.878912665564124174e-01 -4.276595818646043712e-02 9.812565473868798405e-01 8.987150178767969066e+00
9.961767183642878942e-01 -2.594359835695041021e-03 8.731871384837466832e-02 -1.443514281560206847e+01 -1.476499676202647302e-03 9.989161163271812471e-01 4.651552038478438955e-02 -3.560785835913783670e-02 -8.734481021520039412e-02 -4.646658556026105752e-02 9.950933201509077897e-01 9.087412531491091627e+00
9.535272401869773207e-01 -1.086239310581046252e-02 3.012194388628423591e-01 -1.417010820591486109e+01 -4.960772719108003624e-03 9.986485233120151461e-01 5.172719051542040009e-02 -9.369252712768560976e-03 -3.013744218959158450e-01 -5.081667480565123240e-02 9.521847096569832081e-01 9.620854740118115700e+00
9.776935446739986046e-01 -1.303041909760428892e-02 2.096279534870293393e-01 -1.416905303865406474e+01 1.703653876704792382e-03 9.985328315547050693e-01 5.412233295478381667e-02 -1.224069304808755865e-02 -2.100255212576743469e-01 -5.255811646664643871e-02 9.762814176746473782e-01 9.707740125336529857e+00
9.098152806652547442e-01 -2.115286236124060137e-02 4.145389273676616804e-01 -1.384065254122033295e+01 -2.657171369037277572e-03 9.983827288553237533e-01 5.677904157712430899e-02 1.987381819745079325e-02 -4.150699976079471054e-01 -5.275878211725654188e-02 9.082878722848415354e-01 1.022440724639296050e+01
9.454267731972921807e-01 -2.269373799431572206e-02 3.249978876660198357e-01 -1.384200080849338299e+01 3.676805841009094401e-03 9.982510946762147563e-01 5.900179084043859906e-02 1.525317217731345099e-02 -3.257685946996202175e-01 -5.458581685273574541e-02 9.438569889227581555e-01 1.031594594428225697e+01
8.558614426747819248e-01 -2.858429739814910900e-02 5.164397519494486888e-01 -1.338108306916966228e+01 -2.629518931328287887e-03 9.982182915463162498e-01 5.959802982015276196e-02 4.687279900673825550e-02 -5.172234145565748342e-01 -5.236512371127247795e-02 8.542615066617755826e-01 1.083297669705158484e+01
9.016189720402357777e-01 -2.533899049969370182e-02 4.318848223771897810e-01 -1.342359294609538800e+01 -1.775106325426256074e-03 9.980572975892438858e-01 6.224798234271895769e-02 6.479909692415586342e-02 -4.326239712327711873e-01 -5.688835119921174799e-02 8.998226460428226936e-01 1.096688292959433220e+01
7.943554687173147721e-01 -2.957983439013409793e-02 6.067530819542381604e-01 -1.280569246109118708e+01 -1.067605214135404317e-02 9.979795861174338700e-01 6.265003582402083049e-02 9.008838799825011345e-02 -6.073798246175533544e-01 -5.624910472263580652e-02 7.924348497787462309e-01 1.144963120072443452e+01
8.526986446857576230e-01 -2.801941550929255148e-02 5.216582851725534153e-01 -1.297628805827046605e+01 -6.498960670609824422e-03 9.979142326219316850e-01 6.421812198745192879e-02 1.177054985655393432e-01 -5.223699376133057459e-01 -5.814777364716115088e-02 8.507381692545056273e-01 1.164934016115192783e+01
7.359581426855532627e-01 -3.312724117451999045e-02 6.762865301811272767e-01 -1.216758151817468026e+01 -1.466625646830341419e-02 9.977877980833180782e-01 6.483770032608028588e-02 1.329421282664690340e-01 -6.769382625726640956e-01 -5.763990647812648055e-02 7.338440932391548932e-01 1.199599809547347462e+01
8.022329280148702280e-01 -3.096397625447578142e-02 5.961527126347853089e-01 -1.242107803300996949e+01 -1.087935418795081370e-02 9.977300118042430332e-01 6.645256945685566741e-02 1.639815793757467555e-01 -5.968572982033698571e-01 -5.979520391906821553e-02 8.000751117861115702e-01 1.230462505528343620e+01
6.908073631935094383e-01 -3.038349627595188576e-02 7.223590219265824119e-01 -1.160587690117394288e+01 -1.946135652334127566e-02 9.979733101612709989e-01 6.059887745093357064e-02 1.747297790601404777e-01 -7.227354080275874004e-01 -5.593130465446216615e-02 6.888161818087941146e-01 1.228221590203122915e+01
7.533970689667150999e-01 -3.243032794694366422e-02 6.568330030208916481e-01 -1.171221572522149934e+01 -1.042761249757909181e-02 9.980680808400296256e-01 6.125077506190668153e-02 2.250688102023279402e-01 -6.575513136287480798e-01 -5.298862516480924018e-02 7.516037741434509201e-01 1.313825147095138846e+01
6.394652937278657578e-01 -2.967950828840255212e-02 7.682617650377847607e-01 -1.086237852011586469e+01 -1.776384595349623022e-02 9.984173908571534195e-01 5.336960427637076065e-02 2.265444546831846262e-01 -7.686294655937563336e-01 -4.778312314669560384e-02 6.379260669980805210e-01 1.294468502764366313e+01
7.124734436938767734e-01 -3.305838140677106601e-02 7.008081000226027424e-01 -1.097258775446873713e+01 -8.513845430737656400e-03 9.984087878980555386e-01 5.574494502234600413e-02 2.825622898728440968e-01 -7.015358434351267602e-01 -4.568275526182834223e-02 7.110584527266103905e-01 1.382954147290789848e+01
6.867967624504399682e-01 -3.420685617944611845e-02 7.260496567295507964e-01 -1.022516253087140825e+01 -8.847621343097245017e-03 9.984245189015196198e-01 5.540013412220434752e-02 3.081586183672822554e-01 -7.268016414038812600e-01 -4.446570371776491226e-02 6.854122015810850677e-01 1.411582570519962410e+01
6.821437137351528124e-01 -3.546477626782613274e-02 7.303952916668394746e-01 -1.007506698800716904e+01 -6.618823217821906586e-03 9.984827039040737873e-01 5.466915577851087088e-02 3.534556813594106339e-01 -7.312260361114977236e-01 -4.212623540030457914e-02 6.808740243888192767e-01 1.468328214791998043e+01
6.675847454470135167e-01 -3.758147867063690167e-02 7.434212759871016152e-01 -9.298995666804755089e+00 -5.808569038880322978e-03 9.984320345829347243e-01 5.567723980941186729e-02 3.752416838287713219e-01 -7.443478557088970549e-01 -4.148825147697961235e-02 6.663196457513018700e-01 1.500640164794219444e+01
6.643827775520243506e-01 -3.893827360268077575e-02 7.462855991807983980e-01 -9.017004819398451332e+00 -7.157430188928634238e-03 9.982646660075332745e-01 5.845436280820365954e-02 4.156376925898755958e-01 -7.472667167820756795e-01 -4.417796593622775464e-02 6.629512731762823297e-01 1.551281310845733508e+01
6.539123918688166670e-01 -3.981724951966650328e-02 7.554940004233708928e-01 -8.332165096288330020e+00 -8.885015085790053460e-03 9.981412051129011642e-01 6.028657576938187268e-02 4.516860247912546367e-01 -7.564902131225158533e-01 -4.613346621879181597e-02 6.523430919564232600e-01 1.595382637720171104e+01
6.473868333901410255e-01 -4.125104643862242265e-02 7.610800360852957303e-01 -7.919253022870215375e+00 -9.595841301640173696e-03 9.980140032958711993e-01 6.227311191701069559e-02 4.893509816803390255e-01 -7.621366967790030866e-01 -4.762484680347597865e-02 6.457052681647572623e-01 1.643466543677890712e+01
6.409958525780138361e-01 -4.300277824280009792e-02 7.664666775575471602e-01 -7.269285168380593021e+00 -1.091167784270431589e-02 9.978179371810699250e-01 6.510420268555119905e-02 5.268907154516213609e-01 -7.675943506810574135e-01 -5.009349850779503538e-02 6.391278544326584043e-01 1.687133516636414043e+01
6.307934121278738759e-01 -4.500726894634825975e-02 7.747066558401976000e-01 -6.742889056453412522e+00 -1.039661583633020442e-02 9.977366873588608964e-01 6.645607349572055234e-02 5.695802082091939722e-01 -7.759432870554879846e-01 -4.998367351061932390e-02 6.288977717405297430e-01 1.738415981684348566e+01
6.217401197707664862e-01 -4.589894658207491901e-02 7.818867324154531451e-01 -6.096427308020027525e+00 -1.098073070315630333e-02 9.976724097134506142e-01 6.727296503608616585e-02 6.147803309197253929e-01 -7.831560481997856815e-01 -5.040015699908929891e-02 6.197889566264703776e-01 1.785996828118538104e+01
6.138446048055794524e-01 -4.714628661651323882e-02 7.880074287957128387e-01 -5.477744199309781514e+00 -1.392932591436901735e-02 9.974131422280968495e-01 7.050200650683667580e-02 6.586308042095321280e-01 -7.892926966102823405e-01 -5.425636855886657728e-02 6.115994302238617619e-01 1.835933193748913439e+01
6.054266750938303021e-01 -4.995247873197698751e-02 7.944099921717292512e-01 -4.837599914720703609e+00 -1.520957969190958256e-02 9.971203265416188621e-01 7.429306180854271247e-02 7.146746401491210765e-01 -7.958329233462957397e-01 -5.706850695275254154e-02 6.029229642993042537e-01 1.884517521432752929e+01
5.940512378614416500e-01 -5.400765164817805664e-02 8.025563090739700201e-01 -4.180340369536677869e+00 -1.553717235519266014e-02 9.967873398711144528e-01 7.858510476121112476e-02 7.616788951101973737e-01 -8.042212627066489539e-01 -5.915908910379925195e-02 5.913035011439397026e-01 1.933639866743634883e+01
5.849927438251217859e-01 -5.593089898913287950e-02 8.091808721246702696e-01 -3.521658551358787026e+00 -1.669853371051367719e-02 9.965774579937622946e-01 8.095398007768066229e-02 8.109495449998485039e-01 -8.109390002733765090e-01 -6.087312622595267980e-02 5.820561709952943863e-01 1.981150396236556332e+01
5.722798664020707360e-01 -5.598677449092161890e-02 8.181979600372427663e-01 -2.844942714014298879e+00 -1.845773325241486726e-02 9.965348272834954058e-01 8.109445106184039187e-02 8.620489491678349214e-01 -8.199030708544594592e-01 -6.151123721818766571e-02 5.692630422153128755e-01 2.028310012187966649e+01
5.607566991778312193e-01 -5.559203552525907727e-02 8.261296675703424519e-01 -2.165650389422598465e+00 -1.943744573788298152e-02 9.965845838750679864e-01 8.026812665409177594e-02 9.228653038554172072e-01 -8.277700077310388149e-01 -6.107215135665889499e-02 5.577608292403443135e-01 2.074869017783171898e+01
5.455927471230248571e-01 -5.601009384203822078e-02 8.360866303543782463e-01 -1.471821967816488330e+00 -2.023438797252328364e-02 9.965928732878467367e-01 7.998498015953861562e-02 9.660745166006509121e-01 -8.377162905976865970e-01 -6.056886004182889666e-02 5.426004966660024076e-01 2.119013613551220843e+01
5.283324031308040958e-01 -5.413064546571763613e-02 8.473027038999461080e-01 -7.728227520266237605e-01 -2.263170376177080570e-02 9.967133117978868029e-01 7.779782826094283621e-02 1.018958942769619069e+00 -8.487279343249578556e-01 -6.028860148324266532e-02 5.253705758313497176e-01 2.163533938658025946e+01
5.066576763643718673e-01 -5.216402290802304303e-02 8.607095836981890624e-01 -5.207486581378867330e-02 -2.703457051429617591e-02 9.967156840250542826e-01 7.632501755608098182e-02 1.071309420777971866e+00 -8.618658411717142753e-01 -6.192175746085161470e-02 5.035835745394682261e-01 2.205619860792477027e+01
4.805368233723417704e-01 -5.222809034888884622e-02 8.754042068710093938e-01 6.944551918437299465e-01 -3.129897976852835662e-02 9.965674636079639992e-01 7.666136226678114951e-02 1.123491821273772118e+00 -8.764031190715660946e-01 -6.423894639390796690e-02 4.772529198411359919e-01 2.246722488450348365e+01
4.509511544745061218e-01 -5.199581945819467532e-02 8.911261170759474659e-01 1.448996454621422458e+00 -3.508687324903621979e-02 9.964973316963582350e-01 7.588433036826498779e-02 1.179614010274642633e+00 -8.919512832711211647e-01 -6.548018117819857931e-02 4.475471436165807670e-01 2.284415831513673822e+01
4.203377072297729278e-01 -5.266612978752162333e-02 9.056611154227733884e-01 2.215351770686606603e+00 -3.644692880663306239e-02 9.965282563063454502e-01 7.488303520948252912e-02 1.225095215381435398e+00 -9.064595216164795799e-01 -6.449798792272568027e-02 4.169590286437524496e-01 2.320028902033227780e+01
3.891997875747330027e-01 -5.196637945942987613e-02 9.198240757567096582e-01 3.017769862602743824e+00 -3.845869911242362493e-02 9.966200718893987176e-01 7.259478929984847229e-02 1.272152225003648329e+00 -9.204885819913035672e-01 -6.361938877950341908e-02 3.858858871865643025e-01 2.352251820947589422e+01
3.588905591321994160e-01 -5.058293591944693773e-02 9.320571356254303552e-01 3.823072695952109967e+00 -4.051307336721835656e-02 9.967451745848044942e-01 6.969422416813754462e-02 1.306295470072905696e+00 -9.325489598458298612e-01 -6.277461269155765189e-02 3.556731032199470510e-01 2.382433540436408492e+01
3.290529354607349410e-01 -4.843972986945582065e-02 9.431526848478777314e-01 4.634082543207274085e+00 -4.356466699478896143e-02 9.968412487502567032e-01 6.640707803736717318e-02 1.356982786021639686e+00 -9.433919655369999990e-01 -6.291871438109464254e-02 3.259033786266090638e-01 2.410682146496900202e+01
2.969062303501264211e-01 -4.606495733299560691e-02 9.537981048674123441e-01 5.465178658560439828e+00 -4.143830224769806669e-02 9.972731929591536204e-01 6.107586131405531860e-02 1.396083327913842265e+00 -9.540119425994842972e-01 -5.764136052083116551e-02 2.941878898373112561e-01 2.435887104316710960e+01
2.663372884892866721e-01 -4.429340245879934135e-02 9.627780290760699078e-01 6.296679247241225852e+00 -3.667504708742399394e-02 9.977544465003551633e-01 5.603756487135195391e-02 1.429312464454117304e+00 -9.630987522303324777e-01 -5.022760832720399304e-02 2.641147624411597783e-01 2.457338743593687624e+01
2.352419448112124944e-01 -3.970293155022548703e-02 9.710657779586188143e-01 7.133159414569139045e+00 -3.109460985718274367e-02 9.983463567223646029e-01 4.835621110722784777e-02 1.454992784575428022e+00 -9.713797613292746158e-01 -4.157453912899292808e-02 2.336184448062210151e-01 2.475730501664505923e+01
2.065167343499517694e-01 -3.921476219724479712e-02 9.775794178624797048e-01 7.977448562984051250e+00 -2.647902360413748740e-02 9.986065013950342628e-01 4.565532345566084005e-02 1.481967363281737837e+00 -9.780068962950282385e-01 -3.533233153388631864e-02 2.051905344299942979e-01 2.492698755254011189e+01
1.798087882150082306e-01 -3.791634977299818826e-02 9.829757293544715280e-01 8.832535132619980800e+00 -1.847878264514156085e-02 9.989502026419231351e-01 4.191031345009749165e-02 1.502808650047835703e+00 -9.835332418448514691e-01 -2.569892476651743432e-02 1.789194225341821098e-01 2.507577644799118133e+01
1.502642511985758933e-01 -3.130372919769926210e-02 9.881941155603698457e-01 9.675830435144790798e+00 -1.295213375787380820e-02 9.993504376761712660e-01 3.362691212957229919e-02 1.513717832466885405e+00 -9.886050143563885895e-01 -1.785517586343620539e-02 1.497611581072551823e-01 2.519861407006755627e+01
1.253472216336408429e-01 -1.777358828836063734e-02 9.919574861779970609e-01 1.051994712158564482e+01 -8.120600472240332296e-03 9.997875322397290487e-01 1.893448104789492714e-02 1.518129471754603221e+00 -9.920836543915371175e-01 -1.041998582661067888e-02 1.251762333607458200e-01 2.527849541997440497e+01
1.018904685066639448e-01 -2.255093078033468257e-03 9.948218917288199625e-01 1.135370935591769204e+01 -8.107518404164983788e-03 9.999622415367768191e-01 3.089171948210552108e-03 1.514575946711428589e+00 -9.947915463430718752e-01 -8.374486042246075124e-03 1.018683662066356826e-01 2.536627845695288030e+01
7.211098178582972529e-02 1.554032414314883079e-02 9.972487342681907174e-01 1.219392425831766502e+01 -1.101498802155922302e-02 9.998300930112634655e-01 -1.477014589729641093e-02 1.505845289659098585e+00 -9.973091136967401349e-01 -9.921286916946152334e-03 7.226972573143324030e-02 2.543617748631369935e+01
4.670371017567922362e-02 2.661367770022591422e-02 9.985585265737693117e-01 1.302599764977339802e+01 -6.386922580883372391e-03 9.996323978828507428e-01 -2.633662029048869369e-02 1.479282795694223163e+00 -9.988928644124108747e-01 -5.159761214880343241e-03 4.685656988636872217e-02 2.547081068453263697e+01
2.115402277846242796e-02 2.967462756660713130e-02 9.993414263440147938e-01 1.387378351689964973e+01 -3.678728241555202956e-03 9.995546377333343058e-01 -2.961372549742044211e-02 1.439143326444159321e+00 -9.997754370373082011e-01 -3.055018083420190517e-03 2.125408043103921632e-02 2.550157360854983324e+01
-2.778773786407175064e-03 2.974049304956359954e-02 9.995535360216154519e-01 1.472972020637267399e+01 -4.869792880772954311e-04 9.995574193325569290e-01 -2.973978206137398161e-02 1.407453229338224698e+00 -9.999958611194300628e-01 -5.715768900319603135e-04 -2.763139775928207063e-03 2.549365320744602315e+01
-2.471843581667734768e-02 2.239842566768204465e-02 9.994320942190946244e-01 1.557928122417602879e+01 2.898089482135057966e-03 9.997461847695910953e-01 -2.234141707537690494e-02 1.373022180259245717e+00 -9.996790925182442722e-01 2.337346685691287732e-03 -2.477694080333748411e-02 2.545892449067762797e+01
-4.767482774294608261e-02 1.743346107274373544e-02 9.987286965929634830e-01 1.642393606108026205e+01 8.929335706380551324e-03 9.998151941344272098e-01 -1.702394316607054592e-02 1.338181062310065617e+00 -9.988410415433314204e-01 8.109843319480267154e-03 -4.782167609149325094e-02 2.542442302419971512e+01
-6.123933658016820353e-02 1.728291119957665531e-02 9.979717378574525233e-01 1.726075385748305635e+01 1.275432350847296135e-02 9.997819772524091375e-01 -1.653046858827809593e-02 1.292030998677459186e+00 -9.980400106790933146e-01 1.171733633336790627e-02 -6.144639746955448539e-02 2.537097969004366504e+01
-7.283328269970099078e-02 1.916606842875608063e-02 9.971922573744934626e-01 1.808580879045451795e+01 1.531543185853684493e-02 9.997189449770930159e-01 -1.809458040729260836e-02 1.265097465757726303e+00 -9.972589487088191484e-01 1.395837379798662084e-02 -7.310645808761460918e-02 2.531197338860500423e+01
-8.658890812123457015e-02 2.199752722917321102e-02 9.960174490988418228e-01 1.888463459537910438e+01 1.708150412964469164e-02 9.996420219128355766e-01 -2.058814307383616954e-02 1.231177334006096302e+00 -9.961138194951838498e-01 1.523183384370425247e-02 -8.693367597784203149e-02 2.524036315931279617e+01
-9.702884833352626304e-02 2.433466591733777704e-02 9.950227398183829619e-01 1.969928360197807748e+01 1.085340142127136018e-02 9.996674746340891149e-01 -2.338900969657116413e-02 1.201040967010895466e+00 -9.952611885408541026e-01 8.532045481591818761e-03 -9.726078530477416662e-02 2.516694877402546382e+01
-1.101743013206651634e-01 2.259108829259010714e-02 9.936380483126139307e-01 2.049736025584381238e+01 8.412670097543246614e-03 9.997269940559142531e-01 -2.180336834125783801e-02 1.172104794629067026e+00 -9.938594468145125482e-01 5.959258508930841310e-03 -1.103343021512570854e-01 2.510045925585188087e+01
-1.192420860740389249e-01 2.307138035874174015e-02 9.925985749340781039e-01 2.132498363036209099e+01 1.022354231705204994e-02 9.997055076233976045e-01 -2.200273808662369171e-02 1.141308288642183699e+00 -9.928141462712469778e-01 7.522948751668157193e-03 -1.194428729076770085e-01 2.498949824475637271e+01
-1.261989135676913065e-01 2.582724895382618180e-02 9.916656373540699843e-01 2.213273071026786809e+01 1.355669700041808694e-02 9.996125384335897701e-01 -2.430262122575341591e-02 1.104627389890215250e+00 -9.919094059172239852e-01 1.037217602903241914e-02 -1.265001321863024886e-01 2.489426008126364920e+01
-1.311089207380687349e-01 2.841394608608640085e-02 9.910017245558778720e-01 2.297303118249546827e+01 1.406380561368198237e-02 9.995419328189062425e-01 -2.679800066173675804e-02 1.080005336376342440e+00 -9.913093735552729324e-01 1.042704395620614073e-02 -1.314484611279261306e-01 2.478916049195335347e+01
-1.311447163499139257e-01 3.082508839380000004e-02 9.909582945794610520e-01 2.382654845654733222e+01 1.344101121647065140e-02 9.994799827119992264e-01 -2.930727506180473563e-02 1.044849543927091284e+00 -9.913464333729388178e-01 9.478550013290766574e-03 -1.314908608302020054e-01 2.467349349728178964e+01
-1.268336752301610637e-01 2.964658003595498775e-02 9.914408806630219395e-01 2.469000626129420439e+01 1.529787811095386675e-02 9.994927935050645917e-01 -2.792189316608922195e-02 1.013178518710658116e+00 -9.917661809206906876e-01 1.161523740966573758e-02 -1.272228075067759756e-01 2.457063200855300522e+01
-1.206654781597049086e-01 2.776008996316894559e-02 9.923216024170827820e-01 2.556103810034242940e+01 1.378941141045271664e-02 9.995592814571490070e-01 -2.628811480303712769e-02 9.738686992858949232e-01 -9.926143532492597288e-01 1.050837959553737114e-02 -1.209951224316794804e-01 2.448060037677457856e+01
-1.122749198752950733e-01 2.826455778538764993e-02 9.932923791721561813e-01 2.647252590797568672e+01 1.080111146086387176e-02 9.995708954460710283e-01 -2.723651128909733779e-02 9.401664600744478184e-01 -9.936361951871383047e-01 7.668509862744595819e-03 -1.125317879367846580e-01 2.437726581470682774e+01
-1.025933020702932269e-01 2.821383418025898149e-02 9.942836730456993122e-01 2.739309599764871095e+01 9.106780703865649876e-03 9.995823545663830023e-01 -2.742554238123070046e-02 9.060188471269591259e-01 -9.946423153676129392e-01 6.240506342781688282e-03 -1.028073703266522698e-01 2.429656370363634821e+01
-9.650088842952805890e-02 2.762904603561258318e-02 9.949731708308907630e-01 2.830993013016400539e+01 7.317066313904480208e-03 9.996074898291226196e-01 -2.703415269527872575e-02 8.674501813546043882e-01 -9.953296841553223029e-01 4.671526403207884245e-03 -9.666542844217414221e-02 2.421547418538555618e+01
-9.035585555613334652e-02 2.654435759903952391e-02 9.955640465798318850e-01 2.927004073015129748e+01 1.645534870036956688e-03 9.996472276478891583e-01 -2.650415492144440541e-02 8.331127767261456984e-01 -9.959167423435908439e-01 -7.625517173346112914e-04 -9.036754855631332073e-02 2.414768943693196590e+01
-8.981409811010149236e-02 2.514594438469500148e-02 9.956697026058116684e-01 3.022595300804500695e+01 -2.372361289858644379e-03 9.996731350000161997e-01 -2.545353705738623296e-02 8.042357500501233769e-01 -9.959842049165054112e-01 -4.640454889129388624e-03 -8.972529121959596510e-02 2.407840335817098065e+01
-8.780105409399591165e-02 2.323873760507897193e-02 9.958919034071715970e-01 3.122217195720519811e+01 -5.859153185923416177e-03 9.996983678216880831e-01 -2.384447908302780861e-02 7.633450200480640380e-01 -9.961458372641412984e-01 -7.932867930555457039e-03 -8.763844980175822252e-02 2.401537548230025365e+01
-9.059460865816883202e-02 2.282885854872649181e-02 9.956355782350582162e-01 3.222318245991110075e+01 -7.950261240777575095e-03 9.996887253480134516e-01 -2.364363223857723212e-02 7.303798312021541062e-01 -9.958655298369408770e-01 -1.006021138823006214e-02 -9.038491457907715798e-02 2.393086434022513487e+01
-9.123623503105446342e-02 2.206832625562449302e-02 9.955745672820621728e-01 3.322212034661338720e+01 -8.340646777743539880e-03 9.997023568785963210e-01 -2.293487763317772141e-02 6.947171276389825234e-01 -9.957842127438428781e-01 -1.038639266079853692e-02 -9.102507560959614830e-02 2.386047128038149978e+01
-8.995002425045779682e-02 2.119064400220724287e-02 9.957231605620167070e-01 3.425532199788393939e+01 -8.647262202150177851e-03 9.997190843533034776e-01 -2.205347413542289858e-02 6.572275123028072930e-01 -9.959112858436640625e-01 -1.060891575661219305e-02 -8.974134364500177541e-02 2.377551957121085024e+01
-8.990889116698033701e-02 1.941996891589283306e-02 9.957838474882526603e-01 3.528798584036718466e+01 -8.189819804772329598e-03 9.997618289037226713e-01 -2.022672255346112322e-02 6.232080918715425799e-01 -9.959395364753571567e-01 -9.967465841368218157e-03 -8.972872880958777941e-02 2.367582215235342602e+01
-8.990686338287863510e-02 1.921977906498584937e-02 9.957920126966330887e-01 3.633069412619369132e+01 -8.210973833561055132e-03 9.997655436438800391e-01 -2.003643757751778082e-02 5.856096286566575548e-01 -9.959436152138644305e-01 -9.969348343390076195e-03 -8.972808618627520216e-02 2.359755736797365699e+01
-9.000250852843837135e-02 1.809229429551448970e-02 9.958170740540223109e-01 3.738479162498098418e+01 -1.183732910897519752e-02 9.997448964138117011e-01 -1.922468907715260342e-02 5.474368556306465905e-01 -9.959112129690631532e-01 -1.352787644496492372e-02 -8.976540243081393422e-02 2.352831299963041545e+01
-9.063281293860502019e-02 1.717230777567872735e-02 9.957360928713150372e-01 3.842021277252126055e+01 -1.193604649606111630e-02 9.997606908243806823e-01 -1.832375843895544740e-02 5.100169351337645596e-01 -9.958127302598085429e-01 -1.355189585511364959e-02 -9.040604704089645616e-02 2.344908669180467342e+01
-8.923619194533177756e-02 1.661185464746512547e-02 9.958637062710310461e-01 3.948004154647472319e+01 -1.398708618030592224e-02 9.997414367186676643e-01 -1.792905447306135727e-02 4.741560436317806548e-01 -9.959040552528930501e-01 -1.551858237365941889e-02 -8.898092274040733662e-02 2.337314892804774047e+01
-8.795674097419126092e-02 1.441728366566120273e-02 9.960495671936330231e-01 4.051852708339933429e+01 -1.512655243662024487e-02 9.997606285597608888e-01 -1.580449336444520944e-02 4.386857240361989319e-01 -9.960391215498092254e-01 -1.645560154797705288e-02 -8.771764616148584881e-02 2.329706965314936440e+01
-8.513198261950605250e-02 1.175090815083856474e-02 9.963002198868659010e-01 4.155357726791163486e+01 -1.323312434143972954e-02 9.998286853968464394e-01 -1.292843741601088642e-02 4.007417360755667901e-01 -9.962818871442973290e-01 -1.428907830557242346e-02 -8.496184092660173659e-02 2.321595449845447234e+01
-8.094507395760398849e-02 9.841353821330481658e-03 9.966614391806013495e-01 4.260073569055312248e+01 -1.361483647642715809e-02 9.998469044272929596e-01 -1.098050770061256148e-02 3.709635110328775021e-01 -9.966171251684140531e-01 -1.445776823572130984e-02 -8.079872236164516164e-02 2.314754431860712813e+01
-7.885352179760531099e-02 8.519273126395851201e-03 9.968403917934030023e-01 4.365889193884160591e+01 -1.388914001110697072e-02 9.998568261049745054e-01 -9.651259663861279023e-03 3.428080812668371502e-01 -9.967800721434738609e-01 -1.461131757296917598e-02 -7.872375834455853927e-02 2.306504293832173147e+01
-7.469023347790706979e-02 8.819392344200796888e-03 9.971306248748192935e-01 4.468599913447367555e+01 -1.374706706739956853e-02 9.998566693533463834e-01 -9.881970296300354381e-03 3.067198306554459464e-01 -9.970749493848932721e-01 -1.444001188559247001e-02 -7.455820623829327587e-02 2.299792781732772795e+01
-7.466105616478622975e-02 8.341613822565447506e-03 9.971576061426533633e-01 4.570162130847919713e+01 -1.286190955309928288e-02 9.998737683766478757e-01 -9.325566209695631062e-03 2.771526619498385080e-01 -9.971096666445258272e-01 -1.351751370978295126e-02 -7.454447559858798367e-02 2.293926771281044807e+01
-7.617228422328564674e-02 1.019317548914438175e-02 9.970698022959144646e-01 4.673007175183620632e+01 -1.460755207547219207e-02 9.998289768279847722e-01 -1.133740132081017052e-02 2.448573153967430471e-01 -9.970151347936532238e-01 -1.542574650482241190e-02 -7.601044873444076644e-02 2.286758851243407520e+01
-7.689158908870563636e-02 1.273730756699955821e-02 9.969151883425727556e-01 4.777962807500480125e+01 -1.616080714590018355e-02 9.997706665082872757e-01 -1.403261046922021221e-02 2.060786197785878238e-01 -9.968655997186663953e-01 -1.720117169019562062e-02 -7.666783027345194790e-02 2.279338031315831969e+01
-8.384410034109852916e-02 1.278613768280477750e-02 9.963785026660356703e-01 4.878792282452492657e+01 -1.803807735432744891e-02 9.997342011352228219e-01 -1.435140098281993855e-02 1.696272050347278904e-01 -9.962973139719039084e-01 -1.917854781767416167e-02 -8.359109182863191934e-02 2.273836322369437823e+01
-9.140196775305764465e-02 1.152636274153620750e-02 9.956900213659024557e-01 4.981222313090729870e+01 -1.875368952550599336e-02 9.997355260963282086e-01 -1.330761641681835888e-02 1.468974753176954251e-01 -9.955801710940019866e-01 -1.988514904020761281e-02 -9.116144826255143108e-02 2.265184505083663424e+01
-9.690328993862939999e-02 6.732236491474434016e-03 9.952891273866347754e-01 5.084216388906163786e+01 -1.600928897614138646e-02 9.998370629908868157e-01 -8.316583792599620273e-03 9.941932520691625086e-02 -9.951832362215864425e-01 -1.675475492634907401e-02 -9.677970076755891549e-02 2.255389322416961662e+01
-1.031287569804572452e-01 6.030557076868408965e-03 9.946283898408133650e-01 5.184099378780025091e+01 -1.952965302532836192e-02 9.997765767211466148e-01 -8.085072651403842764e-03 7.441732487401882257e-02 -9.944548859387222217e-01 -2.025977854685708304e-02 -1.029879687856798259e-01 2.246622162508362308e+01
-1.079861253546621491e-01 8.033146971540072040e-03 9.940763590716825693e-01 5.284906835606162900e+01 -1.857472205073345400e-02 9.997764197178518053e-01 -1.009456558324467457e-02 4.341550252389725362e-02 -9.939350942304789882e-01 -1.956763763772000758e-02 -1.078126219054946489e-01 2.237246554378226548e+01
-1.128652245901544254e-01 1.010001463889750352e-02 9.935040254642756308e-01 5.384375064703251468e+01 -1.795262139184225850e-02 9.997641193790195446e-01 -1.221171969763760502e-02 1.474854768418789458e-02 -9.933930549339191618e-01 -1.922691755858507018e-02 -1.126570524593629302e-01 2.226816939911207882e+01
-1.205863865459326639e-01 1.057814283878440349e-02 9.925635044013737529e-01 5.482977470605694492e+01 -2.014426521707326709e-02 9.997110909677356938e-01 -1.311218713955061496e-02 -2.367364721895424962e-02 -9.924154465691190641e-01 -2.157950290129688822e-02 -1.203382719767537301e-01 2.217510032396647546e+01
-1.227864640657155559e-01 1.098456533218504852e-02 9.923111797578532123e-01 5.583259907404087130e+01 -2.225985435406767007e-02 9.996561597673083721e-01 -1.383250694737526466e-02 -6.144806453648328504e-02 -9.921221188429376614e-01 -2.380545207521158474e-02 -1.224991925740178400e-01 2.204814816540854139e+01
-1.276664343411313407e-01 1.011580234714397342e-02 9.918236668885098695e-01 5.681388753952297321e+01 -2.224105594274155412e-02 9.996674637689298981e-01 -1.305180509352653166e-02 -9.422601177692553620e-02 -9.916258535639033145e-01 -2.372575176740783845e-02 -1.273991389830430587e-01 2.193374666691190455e+01
-1.330241449440621726e-01 1.161343184861977950e-03 9.910354989556896532e-01 5.776362259508515962e+01 -2.011663594148433917e-02 9.997900887294692840e-01 -3.877745259526135975e-03 -1.228962585124244444e-01 -9.908317472251638725e-01 -2.045826389132766182e-02 -1.329727447230596715e-01 2.180990687649017090e+01
-1.344464198534538191e-01 -8.115006324710570193e-03 9.909535577810676399e-01 5.875358157339191223e+01 -2.117964291112053518e-02 9.997617423036045947e-01 5.332294361783439587e-03 -1.467686400113144274e-01 -9.907605158912410337e-01 -2.027410404041831218e-02 -1.345863534722225308e-01 2.166736759169121385e+01
-1.357167851616144227e-01 -1.198866584228540366e-02 9.906365192248303142e-01 5.974159634341629754e+01 -2.087894370734789257e-02 9.997395415673393515e-01 9.242423014485495747e-03 -1.610365369485878551e-01 -9.904895018328259138e-01 -1.941536559816873717e-02 -1.359317995985883931e-01 2.154432535036444918e+01
-1.372282024214870333e-01 -5.952348763659881525e-03 9.905620252894946631e-01 6.068993821149177847e+01 -2.043751967344523829e-02 9.997862711268313829e-01 3.188131490117725782e-03 -1.741059910319089910e-01 -9.903693548746853592e-01 -1.981212708155990349e-02 -1.373206097610235599e-01 2.141429378852546606e+01
-1.394293757200723016e-01 1.036014470907802910e-05 9.903077933004321709e-01 6.164975873449951393e+01 -2.074742160710859457e-02 9.997806288889384829e-01 -2.916492966033464290e-03 -1.956498008089667950e-01 -9.900905584022696715e-01 -2.096527718015953751e-02 -1.393984890153855960e-01 2.127381195484788634e+01
-1.392806176610660585e-01 1.534956252921927189e-03 9.903061886630519783e-01 6.261364563844648501e+01 -1.447713370080619746e-02 9.998887732663521710e-01 -3.583836054345400975e-03 -2.130339476214013761e-01 -9.902016746264313829e-01 -1.484497682667614178e-02 -1.392428081006701901e-01 2.113170110198033669e+01
-1.392096505168717024e-01 -2.074030064682831772e-04 9.903502505678277723e-01 6.357904620718219491e+01 -1.203553780086677460e-02 9.999266710893237597e-01 -1.468174327780593941e-03 -2.395779584744970603e-01 -9.902774042339098637e-01 -1.212631590990831398e-02 -1.392020207059663506e-01 2.099571031175046087e+01
-1.364044511235635582e-01 -2.091313133142239881e-03 9.906910032138127598e-01 6.454655257954010494e+01 -1.160432639033792852e-02 9.999326294696678774e-01 5.176792839852067171e-04 -2.596086882101240056e-01 -9.906254075794220793e-01 -1.142383172299003304e-02 -1.364195358871885810e-01 2.086163095755496499e+01
-1.370986339211738292e-01 -8.443648271098173202e-03 9.905908904778317758e-01 6.550323598270838943e+01 -1.508620342927510793e-02 9.998656736398163769e-01 6.444029918728294386e-03 -2.696851221274452204e-01 -9.905122825766616845e-01 -1.405642058196485654e-02 -1.372076113844062639e-01 2.073970361069881463e+01
-1.349948390801145037e-01 -1.433098229545805638e-02 9.906757153903290591e-01 6.646750114179820912e+01 -1.738988172909100571e-02 9.997756822720759162e-01 1.207528668624057062e-02 -2.788747382973382205e-01 -9.906267772322782106e-01 -1.559720393160110401e-02 -1.352137773569623558e-01 2.060879468419476623e+01
-1.351307852097029805e-01 -1.777486136693978008e-02 9.906423027449993146e-01 6.740321148806114593e+01 -2.518550707727333290e-02 9.995775494997731769e-01 1.448989305011985987e-02 -2.969559631793678989e-01 -9.904814103304409034e-01 -2.299402946476943738e-02 -1.355212381479497796e-01 2.050759152311025346e+01
-1.331637837033805838e-01 -2.013734244690201097e-02 9.908165752692343897e-01 6.835309553275895667e+01 -3.343651680612151622e-02 9.993155897754556483e-01 1.580227355261997271e-02 -2.899549575762446763e-01 -9.904565433258739615e-01 -3.102785573958624643e-02 -1.337458008087464012e-01 2.039843850534415992e+01
-1.309817621675394284e-01 -2.163906817548404138e-02 9.910806793596068642e-01 6.929758804600250244e+01 -3.147743296876398533e-02 9.993482475120861741e-01 1.763644239204809755e-02 -2.987269595855714943e-01 -9.908165869448841701e-01 -2.888297704224048260e-02 -1.315774525276597606e-01 2.028211296935779018e+01
-1.281085594571562403e-01 -1.972525131892011174e-02 9.914956010495757921e-01 7.024570427791412897e+01 -2.626167835262841616e-02 9.995189800576780303e-01 1.648126965336755775e-02 -3.065175065683489186e-01 -9.913437051239482045e-01 -2.392816654272278062e-02 -1.285648853222014221e-01 2.016202105201230310e+01
-1.204207138231519203e-01 -1.810143518032885854e-02 9.925089120271458620e-01 7.120137122865084223e+01 -2.471650445475825214e-02 9.995784775335571082e-01 1.522527954295024508e-02 -3.107795406268978322e-01 -9.923662780458500920e-01 -2.269371349354114969e-02 -1.208173602727906637e-01 2.004559154379723651e+01
-1.105986933128880884e-01 -1.801187215786279050e-02 9.936722302332102741e-01 7.214112393708229831e+01 -2.081061971759811183e-02 9.996584644663413233e-01 1.579511315904049210e-02 -3.113020916768345914e-01 -9.936175232203845464e-01 -1.891694129679378361e-02 -1.109358559579880221e-01 1.993969473326696118e+01
-1.028674611794603289e-01 -1.857502977158957680e-02 9.944936598898113100e-01 7.307034361701865066e+01 -1.225755857514095049e-02 9.997733476803362107e-01 1.740624808234053286e-02 -3.217098858529744421e-01 -9.945916787504690548e-01 -1.039543634620611161e-02 -1.030718111691878297e-01 1.984681586923614560e+01
-9.111163529066126920e-02 -1.908591940614534632e-02 9.956103047269194706e-01 7.401405465518054427e+01 -1.390988585092187667e-02 9.997431829957115212e-01 1.788168284487911056e-02 -3.194329711100722391e-01 -9.956959431955406670e-01 -1.221286730944927054e-02 -9.135369898449967330e-02 1.976483091369039613e+01
-7.944930846854773854e-02 -2.020598973013035607e-02 9.966177415037295040e-01 7.495466452716708261e+01 -1.811315863553605160e-02 9.996587028300663036e-01 1.883260209023899026e-02 -3.079788668841154098e-01 -9.966584182057086627e-01 -1.654659347499011154e-02 -7.978807535364489112e-02 1.970500339919229660e+01
-6.779023258454969225e-02 -2.476213234877254823e-02 9.974063343441810225e-01 7.590268197881110268e+01 -1.711888981264336404e-02 9.995735600497656081e-01 2.366785211806965786e-02 -3.046778596823782048e-01 -9.975671849494720522e-01 -1.547279620816608033e-02 -6.818521172300928690e-02 1.964761354630624979e+01
-5.414426387415759850e-02 -2.552464525793958147e-02 9.982127694826399278e-01 7.685299494454579872e+01 -1.867318385779324907e-02 9.995243097193333703e-01 2.454295984268261774e-02 -3.072530126666863093e-01 -9.983644994230380654e-01 -1.730897778122123323e-02 -5.459513403382389857e-02 1.961115697834497595e+01
-4.056873038194645786e-02 -2.655904209679840408e-02 9.988117439691839294e-01 7.777766648699538621e+01 -1.924980400974092565e-02 9.994818293761108530e-01 2.580126299045308949e-02 -2.976942992664494136e-01 -9.989797844522425585e-01 -1.817612145839347243e-02 -4.105891284671294578e-02 1.958186494934277988e+01
