1.0 0.0 0.0 0.0 0.0 1.0 0.0 0.0 0.0 0.0 1.0 0.0
0.9798783 0.19926211 0.011194771 2.97229 -0.19942051 0.9797879 0.015473573 3.8201904 -0.007885 -0.017395226 0.9998176 0.07897949
0.9982034 -0.05955586 0.0065168487 5.7008057 0.059424933 0.99805695 0.01871539 6.406494 -0.0076190364 -0.018294517 0.99980366 0.100097656
0.98708826 -0.1600876 0.0045910696 6.673828 0.1599817 0.9869519 0.01801296 9.337891 -0.007415047 -0.0170457 0.99982727 0.12927246
0.98567575 -0.16820557 0.011704276 6.6608887 0.16802013 0.9856573 0.015352659 11.943115 -0.014119079 -0.01316575 0.99981374 0.10498047
0.9478252 -0.31860954 0.012425124 6.803833 0.31853607 0.9479011 0.0075484193 13.961426 -0.014182637 -0.0031974167 0.99989426 0.14025879
0.9951499 -0.097316556 0.014355741 7.548462 0.09720515 0.9952298 0.008267211 14.95752 -0.015091833 -0.006831805 0.99986273 0.12414551
0.97033525 -0.24129125 0.015599992 7.4451904 0.24123488 0.97045946 0.0054259193 14.609131 -0.01644808 -0.001502326 0.99986356 0.13745117
0.9995364 -0.023084398 0.01985404 7.7598877 0.022868821 0.9996777 0.011017769 14.85144 -0.020101942 -0.010558601 0.99974215 0.13562012
0.9893533 -0.14355643 0.023911616 7.942749 0.14339623 0.98963064 0.008293636 14.657227 -0.024854146 -0.0047759484 0.99967957 0.12780762
0.9963838 0.07705636 0.03578762 8.407471 -0.07714571 0.9970185 0.0011211229 14.720459 -0.035594556 -0.003878017 0.9993589 0.13208008
0.99882925 -0.029563721 0.038293943 8.564941 0.029652063 0.9995587 -0.0017410922 14.572876 -0.03822559 0.0028745187 0.999265 0.13476562
0.98125595 0.18751897 0.04438313 9.024658 -0.18752111 0.98224986 -0.0041516568 14.543335 -0.0443741 -0.0042490517 0.999006 0.115112305
0.99509317 0.08695883 0.04718819 9.119873 -0.08695505 0.9962096 -0.0021364787 14.446777 -0.0471951 -0.001977983 0.99888337 0.10827637
0.95218086 0.30091783 0.053522326 9.668457 -0.30085772 0.95365727 -0.009366539 14.251587 -0.053859394 -0.007180244 0.99852234 0.07861328
0.9762728 0.20960444 0.054367602 9.746948 -0.20926462 0.97778535 -0.011936223 14.219727 -0.055661604 0.00027573016 0.9984496 0.08154297
0.9082663 0.4146049 0.05664374 10.286621 -0.41419917 0.9100117 -0.019275364 13.95813 -0.059536856 -0.005953681 0.99820787 0.044677734
0.94383186 0.3253366 0.05751777 10.365967 -0.32465318 0.94558185 -0.021112507 13.929443 -0.061258238 0.0012505334 0.99812114 0.049316406
0.85422176 0.5167537 0.057408035 10.91272 -0.5161227 0.85612047 -0.026478207 13.530884 -0.062827356 -0.007015671 0.997999 0.011108398
0.8997931 0.4321306 0.060959592 11.03125 -0.43152723 0.9018421 -0.023419876 13.545532 -0.06509104 -0.005238486 0.9978637 -0.006591797
0.7924027 0.6068193 0.062414672 11.549438 -0.6064156 0.79469156 -0.027388236 12.984497 -0.06622232 -0.016133359 0.99767566 -0.03967285
0.8507059 0.52182883 0.0632536 11.729492 -0.5212996 0.8529846 -0.025913002 13.126953 -0.06747565 -0.010932544 0.9976605 -0.06677246
0.7338092 0.6763343 0.06473723 12.11438 -0.6759534 0.73635864 -0.030955661 12.368408 -0.06859885 -0.021038443 0.9974222 -0.0904541
0.8000411 0.59626836 0.06582222 12.400879 -0.59579337 0.80258113 -0.02878212 12.595337 -0.06999094 -0.016195871 0.99741584 -0.12097168
0.688799 0.722109 0.063695215 12.414429 -0.72204226 0.69122785 -0.028274938 11.821899 -0.06444698 -0.026502892 0.99757 -0.14001465
0.7515614 0.6570136 0.059818275 13.248779 -0.65652496 0.7537566 -0.030238431 11.9053955 -0.06496075 -0.016543124 0.99775094 -0.19482422
0.6379051 0.7680736 0.056250975 13.091797 -0.76799965 0.6398698 -0.027675463 11.092773 -0.05725163 -0.025533462 0.9980338 -0.20446777
0.71100616 0.7010641 0.0531308 13.951538 -0.7005489 0.71282524 -0.030900285 11.179443 -0.059540607 -0.015257123 0.9981093 -0.26452637
0.68535537 0.7263348 0.05228143 14.244873 -0.7258007 0.6871621 -0.03208968 10.439941 -0.059233375 -0.015962102 0.998116 -0.2980957
0.6808071 0.7307918 0.0500053 14.81311 -0.7301606 0.6825014 -0.03335314 10.290527 -0.058503482 -0.013801468 0.99819195 -0.34851074
0.66624284 0.7439226 0.049563173 15.139526 -0.74319226 0.66795367 -0.035500996 9.518188 -0.059520952 -0.013191223 0.9981399 -0.3782959
0.6628741 0.7468111 0.05229446 15.646484 -0.7460427 0.6647736 -0.036868457 9.23645 -0.06230287 -0.014578078 0.99795103 -0.42333984
0.65226716 0.7560069 0.054390386 16.089722 -0.7552419 0.6543248 -0.037774496 8.554077 -0.06414447 -0.016445136 0.9978047 -0.4671631
0.6456265 0.7616364 0.055966698 16.5719 -0.76082104 0.64781684 -0.03922623 8.142334 -0.06613509 -0.017240258 0.9976628 -0.5106201
0.6390471 0.7670654 0.058517262 17.009521 -0.76619595 0.6414508 -0.040997297 7.4935303 -0.06897062 -0.01863588 0.99744374 -0.55529785
0.62880814 0.7754177 0.058536805 17.524536 -0.7744381 0.6312608 -0.043029603 6.969116 -0.070322104 -0.018253904 0.9973589 -0.60510254
0.61969715 0.7826226 0.0590683 18.001953 -0.78161734 0.6222199 -0.043947797 6.324463 -0.071139276 -0.018955538 0.9972844 -0.6583252
0.611512 0.7887089 0.063022695 18.50293 -0.78771967 0.61435866 -0.045223784 5.7071533 -0.07437166 -0.021999024 0.9969865 -0.7093506
0.60282975 0.795218 0.0659365 18.990356 -0.7941095 0.6059739 -0.04805885 5.0684814 -0.07816228 -0.023379806 0.9966663 -0.77246094
0.5911969 0.8035869 0.06816024 19.48413 -0.8022473 0.594634 -0.05215376 4.413086 -0.08244735 -0.023842532 0.9963112 -0.8265381
0.58194584 0.8102829 0.06998328 19.960938 -0.808865 0.58560073 -0.054108292 3.7559814 -0.08481314 -0.02511409 0.9960798 -0.88342285
0.56915635 0.8192294 0.07077597 20.435303 -0.81788135 0.5729034 -0.054208778 3.081787 -0.08494686 -0.027032958 0.996018 -0.94299316
0.557657 0.82709247 0.07047578 20.903076 -0.82581735 0.5613858 -0.053854942 2.4047852 -0.08411138 -0.028158292 0.9960593 -1.0125732
0.54249585 0.8370363 0.07015009 21.348022 -0.83577955 0.54623264 -0.05432961 1.7137451 -0.083811596 -0.0291423 0.9960576 -1.064331
0.5252786 0.8480331 0.070074245 21.797363 -0.8470014 0.528978 -0.052516792 1.0181885 -0.08160681 -0.0317548 0.9961597 -1.1264648
0.50351214 0.8611276 0.07195765 22.223999 -0.86040753 0.5073248 -0.05064056 0.30163574 -0.080108985 -0.036419664 0.99612 -1.1878662
0.47719508 0.87561685 0.07456108 22.642334 -0.8751 0.4812408 -0.050822422 -0.4404297 -0.08040195 -0.040986307 0.9959213 -1.2486572
0.44750327 0.8911283 0.07611969 23.027588 -0.8908271 0.45168602 -0.050727867 -1.1900635 -0.07956657 -0.045113638 0.99580634 -1.3135986
0.4169165 0.9056332 0.07545148 23.392212 -0.90537536 0.42109096 -0.051548727 -1.9520264 -0.07848646 -0.046816155 0.99581754 -1.3679199
0.38585353 0.9196538 0.07488899 23.723022 -0.91955316 0.3899659 -0.051006846 -2.75 -0.0761141 -0.049174342 0.9958863 -1.4243164
0.355655 0.9317052 0.07434035 24.033203 -0.9318017 0.35966438 -0.04978746 -3.5515137 -0.07311934 -0.051557112 0.99598944 -1.4678955
0.3259083 0.9425249 0.074769 24.323853 -0.94291085 0.32983652 -0.047813423 -4.3588867 -0.06973378 -0.05492579 0.99605274 -1.5280762
0.29419452 0.953198 0.0697902 24.58435 -0.9535857 0.29765573 -0.04562249 -5.1865234 -0.06427605 -0.053140797 0.99651706 -1.5772705
0.26410756 0.9623723 0.06265152 24.80664 -0.9625967 0.26703596 -0.04402954 -6.0151367 -0.05910317 -0.048696447 0.997063 -1.6202393
0.23360635 0.9707558 0.054275762 24.998413 -0.97091883 0.23586078 -0.039625213 -6.848755 -0.051276684 -0.04343991 0.9977396 -1.6563721
0.20515697 0.9774607 0.04827435 25.175415 -0.97745275 0.2070961 -0.039317127 -7.69104 -0.04843366 -0.039106287 0.9980607 -1.6921387
0.17884916 0.9831139 0.03886133 25.330566 -0.9828727 0.18031472 -0.038184583 -8.544434 -0.044544566 -0.031367715 0.99851453 -1.7220459
0.14969486 0.9882819 0.031262808 25.460938 -0.9881169 0.15067466 -0.031765573 -9.385742 -0.036101304 -0.026131308 0.99900633 -1.7432861
0.12515771 0.99184924 0.02404313 25.546875 -0.9919126 0.12561205 -0.018402472 -10.227783 -0.021268131 -0.021554664 0.9995412 -1.7598877
0.10194017 0.9945716 0.022199944 25.640747 -0.99480534 0.10203226 -0.0030525103 -11.059692 -0.0052939802 -0.021779116 0.99974865 -1.7689209
0.07246889 0.9970554 0.023990024 25.719116 -0.99726236 0.07213494 0.0145167075 -11.898071 0.01273087 -0.024974667 0.99960697 -1.7734375
0.0471016 0.9987058 0.019425359 25.760498 -0.99859476 0.046602488 0.025403507 -12.729248 0.024458714 -0.020582097 0.9994886 -1.7576904
0.021508034 0.9996215 0.017499 25.79834 -0.9993854 0.021007838 0.028267972 -13.577026 0.027899973 -0.018091172 0.99944687 -1.725708
-0.0025234008 0.9998815 0.015173484 25.796875 -0.9995992 -0.0029496856 0.028146774 -14.433228 0.028186027 -0.015094209 0.9994886 -1.7009277
-0.024603484 0.9996093 0.012392981 25.767944 -0.99946684 -0.02485585 0.020631043 -15.283691 0.020939132 -0.011871867 0.99971014 -1.6706543
-0.047719363 0.99885595 0.006755297 25.73938 -0.9987539 -0.047819253 0.0154863205 -16.129272 0.01578872 -0.0060114833 0.9998573 -1.640625
-0.06137013 0.9981082 0.003229659 25.688965 -0.9979946 -0.06141245 0.015228171 -16.966675 0.015396718 -0.0022898726 0.9998788 -1.600708
-0.07303404 0.9973613 0.0010612318 25.632324 -0.99721605 -0.07304144 0.017017232 -17.791992 0.0170471 0.00018016994 0.9998547 -1.5805664
-0.08685266 0.9962373 -0.00012698676 25.563965 -0.9960436 -0.08683323 0.01973301 -18.591187 0.019642532 0.0018386235 0.99980533 -1.5534668
-0.09711754 0.99528956 0.006636418 25.493164 -0.9950571 -0.09724128 0.021967689 -19.406128 0.022506557 -0.0044725277 0.99973667 -1.5303955
-0.11018419 0.9938506 0.009279539 25.429932 -0.99367183 -0.11035214 0.0201044 -20.204956 0.021012569 -0.0070071677 0.9997547 -1.506958
-0.11930121 0.99282926 0.0077674245 25.320557 -0.9926313 -0.1194378 0.020507794 -21.032959 0.021282643 -0.0052629877 0.99975955 -1.4821777
-0.12636161 0.99196887 0.004961463 25.226196 -0.9916993 -0.12644327 0.023207158 -21.840942 0.023641456 -0.0019840058 0.99971837 -1.4521484
-0.13129376 0.99137235 0.0049381074 25.121338 -0.9910389 -0.13137795 0.025750557 -22.681274 0.026174683 -0.0015166935 0.99965626 -1.4344482
-0.13131358 0.9913977 0.005891041 25.004395 -0.99100006 -0.13142824 0.028159875 -23.534668 0.028682917 -0.002144101 0.9995862 -1.40625
-0.12706864 0.991847 0.0037282845 24.89856 -0.9914788 -0.12712288 0.02702287 -24.398071 0.027269656 -0.00025304419 0.9996278 -1.3803711
-0.12084473 0.9926767 0.004798441 24.805176 -0.9923583 -0.12092769 0.025189396 -25.269043 0.025586031 -0.001714618 0.9996711 -1.3469238
-0.11235713 0.9936565 0.0075922855 24.697754 -0.9933331 -0.112517715 0.02576269 -26.180176 0.026466116 -0.0046434132 0.99963903 -1.3201904
-0.102622636 0.9946405 0.008965139 24.612427 -0.99432576 -0.10282268 0.025793796 -27.100464 0.02658099 -0.0062665213 0.999627 -1.2929688
-0.09647335 0.99530387 0.010498727 24.527954 -0.9950156 -0.09671152 0.025259642 -28.017212 0.026141012 -0.008010857 0.99962604 -1.2611084
-0.09014404 0.99581045 0.015894268 24.45691 -0.99560916 -0.0905124 0.024218565 -28.977295 0.025554914 -0.013635227 0.99958026 -1.2338867
-0.08948362 0.9958205 0.01976566 24.386108 -0.99571556 -0.08992696 0.022818318 -29.93335 0.02449183 -0.017646864 0.9995443 -1.2119141
-0.08738613 0.99593306 0.023042105 24.321045 -0.99593717 -0.08787048 0.020922922 -30.92981 0.022861028 -0.021115191 0.9995155 -1.1781006
-0.09012007 0.99562186 0.025183905 24.235962 -0.9956821 -0.090643644 0.020485288 -31.93103 0.022676002 -0.023226213 0.9994729 -1.1525879
-0.090762734 0.9955354 0.02551224 24.164185 -0.99562037 -0.09127593 0.01971855 -32.930176 0.021971252 -0.023619967 0.9994797 -1.1242676
-0.08948338 0.99565876 0.02572595 24.077148 -0.9957675 -0.08998024 0.018851701 -33.9635 0.021079883 -0.023915498 0.99949133 -1.0942383
-0.08948684 0.99569523 0.025081784 23.975708 -0.9958249 -0.08992851 0.017082594 -34.996338 0.019253762 -0.023454912 0.99953955 -1.0672607
-0.089487426 0.99569917 0.025083354 23.895752 -0.9958328 -0.08992469 0.01688245 -36.039185 0.019063396 -0.023475748 0.9995427 -1.0374756
-0.0895071 0.9956145 0.028639209 23.825073 -0.9958587 -0.08998191 0.01574839 -37.093506 0.01824467 -0.027100453 0.999466 -1.0070801
-0.09015345 0.9955152 0.028665012 23.744385 -0.9957765 -0.090603955 0.014822674 -38.12915 0.017348483 -0.027202038 0.99947923 -0.97717285
-0.088718295 0.99557745 0.030621791 23.666382 -0.9959045 -0.08918631 0.014271059 -39.189087 0.016939498 -0.029241238 0.9994289 -0.94921875
-0.0874629 0.99569774 0.031547718 23.588257 -0.9960874 -0.08788002 0.012086303 -40.227783 0.01480327 -0.030367306 0.99942917 -0.92089844
-0.084739916 0.99597055 0.029361162 23.504395 -0.9963319 -0.08504928 0.009447618 -41.26306 0.011911466 -0.02844817 0.99952406 -0.8897705
-0.08058858 0.99630225 0.02950219 23.432861 -0.9966895 -0.08084417 0.0075737545 -42.310303 0.009933097 -0.028794808 0.99953586 -0.8673096
-0.07852137 0.99646235 0.029641243 23.3479 -0.99686617 -0.07873989 0.0062693805 -43.36853 0.008588541 -0.02905089 0.9995408 -0.8466797
-0.074355595 0.9967597 0.029445881 23.27771 -0.9971561 -0.07458044 0.0066051884 -44.39563 0.008790186 -0.028877664 0.99954426 -0.81848145
-0.07435143 0.99680763 0.028522937 23.217285 -0.99718165 -0.07455458 0.0061293026 -45.411377 0.008235287 -0.027991725 0.99957424 -0.7965088
-0.07579195 0.9966862 0.030442737 23.144531 -0.9970982 -0.076066494 0.0079651 -46.43982 0.010253659 -0.02975206 0.9995047 -0.7727051
-0.07642031 0.9965121 0.032225236 23.06897 -0.99694896 -0.07679368 0.010499722 -47.48938 0.012950962 -0.03131447 0.99942523 -0.74279785
-0.08332848 0.99591535 0.0342425 23.01477 -0.99641496 -0.08373093 0.010485955 -48.498047 0.013315116 -0.03324405 0.9993584 -0.7142334
-0.09090078 0.9951876 0.034990013 22.929077 -0.99572664 -0.091272354 0.009159681 -49.522705 0.012324603 -0.03401381 0.99934524 -0.69885254
-0.096571445 0.9948337 0.03188518 22.831177 -0.99531674 -0.096756935 0.0043234765 -50.553345 0.007379231 -0.031303033 0.99948245 -0.65734863
-0.102758415 0.994054 0.03542244 22.74414 -0.99465907 -0.10294784 0.0035618278 -51.55249 0.007186179 -0.034867357 0.9993661 -0.6397705
-0.10757423 0.99354565 0.03476112 22.650269 -0.9941106 -0.107828744 0.00552285 -52.56067 0.0092331385 -0.033952042 0.99938065 -0.61694336
-0.11240686 0.99301004 0.03445116 22.545898 -0.99354225 -0.11272921 0.0075473282 -53.55542 0.011387334 -0.03336964 0.9993779 -0.5963135
-0.12006676 0.99199885 0.03684587 22.45398 -0.9926064 -0.12043596 0.007953522 -54.54187 0.0123406 -0.03561803 0.99928916 -0.56555176
-0.122208595 0.9916737 0.03908355 22.326294 -0.99235743 -0.12262202 0.008337159 -55.5448 0.013072543 -0.037750013 0.9992011 -0.5352783
-0.12711394 0.99117804 0.039030112 22.211914 -0.9918695 -0.12749483 0.007426032 -56.526367 0.01232765 -0.03776592 0.99921066 -0.5093994
-0.13276803 0.9904244 0.035777263 22.088135 -0.99106544 -0.13279736 -0.001571598 -57.47705 0.0032011732 -0.035663694 0.9993586 -0.48449707
-0.13444257 0.9903483 0.03558592 21.944458 -0.9909692 -0.13413645 -0.0108589735 -58.46765 -0.0059996787 -0.036720153 0.999308 -0.4645996
-0.13581882 0.9900863 0.034726627 21.820068 -0.9906457 -0.13537812 -0.014743074 -59.455933 -0.009897987 -0.03642051 0.9992879 -0.45617676
-0.13716577 0.9899654 0.035142675 21.688843 -0.99058115 -0.13694142 -0.008720739 -60.403687 -0.0038331365 -0.03600219 0.99934465 -0.4519043
-0.1391965 0.9896748 0.036317725 21.547485 -0.9903378 -0.13918781 -0.002779617 -61.363037 0.0022861855 -0.03633928 0.9993371 -0.43920898
-0.13907586 0.9898758 0.030201606 21.403198 -0.9903317 -0.1391021 -0.0012441603 -62.32666 0.0029651662 -0.030071558 0.9995433 -0.428833
-0.13906634 0.98998934 0.027480723 21.26538 -0.99037 -0.1390369 -0.0029811766 -63.292114 0.00085385144 -0.027626611 0.99961823 -0.40844727
-0.1363014 0.990346 0.026759706 21.128662 -0.99070674 -0.13622023 -0.0048390394 -64.25952 -0.001151857 -0.027171485 0.9996303 -0.39465332
-0.13711093 0.99018943 0.029384127 21.005493 -0.99059993 -0.13683522 -0.011201357 -65.21655 -0.007079185 -0.030646127 0.9995056 -0.38952637
-0.13514374 0.99027705 0.030901391 20.872314 -0.99067724 -0.13466573 -0.017072892 -66.18103 -0.012728851 -0.032922056 0.99937654 -0.38537598
-0.13541925 0.990022 0.038290493 20.770142 -0.99064636 -0.13471091 -0.020529162 -67.11694 -0.015157265 -0.040710587 0.9990557 -0.3734131
-0.13360083 0.9898795 0.046305545 20.65918 -0.9908249 -0.13265814 -0.0228864 -68.06665 -0.016499937 -0.048939824 0.998665 -0.3869629
-0.13145818 0.99026966 0.044147275 20.540283 -0.9910838 -0.13048017 -0.024365328 -69.01099 -0.018346284 -0.046962645 0.9987274 -0.3843994
-0.12847006 0.9908703 0.039182443 20.417114 -0.9914957 -0.1276648 -0.022418562 -69.95862 -0.017202964 -0.041731473 0.9989804 -0.38378906
-0.12072267 0.991913 0.037909534 20.296265 -0.9925083 -0.120002985 -0.020724706 -70.913574 -0.01600205 -0.04013408 0.99906605 -0.38684082
-0.110869534 0.9932203 0.03407999 20.185059 -0.993666 -0.11021399 -0.020542638 -71.85266 -0.016637314 -0.036157385 0.99920744 -0.39294434
-0.10307111 0.99431866 0.02551622 20.08728 -0.9944779 -0.102548 -0.021024354 -72.781494 -0.01828895 -0.027547564 0.9994532 -0.38879395
-0.09134484 0.9953982 0.027265247 19.999756 -0.9955933 -0.09077548 -0.021436267 -73.72461 -0.018852653 -0.029111024 0.9993982 -0.39794922
-0.07975793 0.9962993 0.03152863 19.93457 -0.9965995 -0.079070926 -0.022462733 -74.66467 -0.019895164 -0.033223573 0.9992502 -0.41625977
-0.068193674 0.997224 0.03037827 19.87146 -0.99737793 -0.067384236 -0.02691719 -75.61255 -0.024810493 -0.032131758 0.999176 -0.4251709
-0.054597985 0.9979972 0.032130875 19.828857 -0.9981814 -0.05372047 -0.027567403 -76.5625 -0.025783429 -0.033579092 0.99910337 -0.4296875
-0.04106486 0.99860257 0.032913003 19.793335 -0.99877614 -0.040132884 -0.028489778 -77.48682 -0.027135625 -0.034047622 0.9990519 -0.44604492
-0.026853919 0.9992198 0.02929075 19.754028 -0.99923766 -0.02599144 -0.02944819 -78.43933 -0.028674688 -0.030047776 0.9991374 -0.45581055
-0.012535693 0.9994859 0.02932366 19.750366 -0.9996095 -0.0118006375 -0.025108498 -79.37012 -0.024752202 -0.029625252 0.9992546 -0.46813965
-0.0015708213 0.9996432 0.026640724 19.745483 -0.9998515 -0.0011135355 -0.017165085 -80.28992 -0.017117906 -0.026668869 0.9994975 -0.47583008
0.013143837 0.9995015 0.028614461 19.765259 -0.9998334 0.0134935975 -0.012062118 -81.201416 -0.012444183 -0.028454045 0.9995177 -0.48242188
0.025698962 0.9993017 0.027394047 19.798584 -0.99957275 0.026082933 -0.013749988 -82.1344 -0.014449697 -0.027032852 0.99953 -0.49902344
0.03808385 0.99888533 0.027318051 19.832642 -0.99906313 0.038602833 -0.018730342 -83.0719 -0.01977296 -0.026576879 0.99945134 -0.4918213
0.049788356 0.99823487 0.03268403 19.884644 -0.99858844 0.050375998 -0.017408317 -83.970215 -0.019029362 -0.031770427 0.9993141 -0.49365234
0.057695564 0.99767286 0.036277786 19.954468 -0.9982536 0.058108803 -0.010443163 -84.89319 -0.0125277825 -0.035607792 0.9992873 -0.5048828
0.06359797 0.9971457 0.040870383 20.019897 -0.99796516 0.063788116 -0.0033659153 -85.82886 -0.005962192 -0.040571414 0.9991588 -0.5118408
0.06747603 0.9966938 0.045031264 20.092163 -0.9977067 0.06752491 0.0004368322 -86.752075 -0.002615478 -0.044948384 0.9989859 -0.50268555
0.07075292 0.99645376 0.045510888 20.175537 -0.99749017 0.070788324 0.0008415058 -87.67871 -0.002379952 -0.045472093 0.998963 -0.5001221
0.07709414 0.9958685 0.04746059 20.260254 -0.9969907 0.07719654 -0.0003167661 -88.624146 -0.003990761 -0.047299895 0.9988731 -0.48376465
0.0821498 0.9953639 0.05038536 20.343506 -0.9966155 0.08238602 -0.0026265136 -89.543335 -0.0067589018 -0.05000221 0.9987261 -0.48950195
0.086562924 0.99512494 0.0475984 20.410156 -0.996198 0.08700222 -0.0072430493 -90.461914 -0.011340165 -0.04677823 0.99884045 -0.49035645
0.09350913 0.9944234 0.048555754 20.499512 -0.9954845 0.09415328 -0.011147553 -91.40552 -0.015666567 -0.047290035 0.9987586 -0.48120117
0.09974366 0.9934701 0.055125568 20.60254 -0.99491405 0.10030234 -0.007464374 -92.292725 -0.012935272 -0.05409317 0.9984516 -0.4970703
0.10652709 0.99218637 0.06418255 20.711426 -0.9941873 0.10707236 -0.005111034 -93.183105 -0.011953875 -0.06325327 0.99792594 -0.4951172
0.11556518 0.9913985 0.062248733 20.817383 -0.9932987 0.115983 -0.0031343456 -94.10181 -0.010296382 -0.061481196 0.9980543 -0.48181152
0.122792415 0.99085057 0.056589127 20.936646 -0.99243194 0.123056225 -0.0011858766 -94.99878 -0.008139583 -0.056015357 0.99839675 -0.48291016
0.13020134 0.9898088 0.05840206 21.06128 -0.9914693 0.1306209 -0.0034096509 -95.89783 -0.010998819 -0.057459146 0.99828714 -0.48034668
0.13559175 0.9888348 0.06144987 21.193237 -0.9906172 0.13629839 -0.0074471775 -96.79004 -0.015734417 -0.059856005 0.9980826 -0.47937012
0.14361061 0.98769575 0.06284628 21.334839 -0.98950475 0.14453453 -0.010384364 -97.696045 -0.01933352 -0.060700383 0.9979687 -0.48120117
0.14927067 0.98662245 0.0645632 21.477295 -0.98860276 0.14998674 -0.0063523497 -98.58911 -0.015979312 -0.062879816 0.99789435 -0.4868164
0.15680994 0.98555964 0.0633887 21.619019 -0.98749286 0.15739535 -0.0043138238 -99.479004 -0.014244501 -0.061917692 0.9979802 -0.49035645
0.16488747 0.9842958 0.06399701 21.77649 -0.98627365 0.16545287 -0.003604266 -100.359375 -0.014122101 -0.0625276 0.99794286 -0.49194336
0.17037793 0.98320824 0.06418637 21.941772 -0.9851832 0.17100304 -0.00432707 -101.25049 -0.015237458 -0.06250984 0.99792856 -0.49804688
0.17905001 0.9818368 0.061443802 22.10315 -0.9836258 0.1796968 -0.00512985 -102.13306 -0.016074382 -0.059514668 0.99809766 -0.505249
0.18898565 0.98044324 0.056690402 22.265747 -0.98193455 0.1896404 -0.006363117 -103.03479 -0.0169717 -0.054454006 0.9983712 -0.5090332
0.19450372 0.9793591 0.054242246 22.436401 -0.9807046 0.19515818 -0.006994508 -103.947266 -0.017442154 -0.051828947 0.99850374 -0.51989746
0.20228817 0.9776488 0.059029266 22.626953 -0.9792843 0.20293121 -0.005053639 -104.83313 -0.016897945 -0.056784526 0.9982426 -0.5270996
0.20809996 0.9759458 0.06486032 22.832031 -0.9779122 0.20889992 -0.0057227304 -105.72327 -0.019128704 -0.062253 0.99787706 -0.5325928
0.21236014 0.97523403 0.060762107 23.028442 -0.976909 0.21320735 -0.007748449 -106.63916 -0.020520238 -0.057703827 0.99812305 -0.5391846
0.2171985 0.9741585 0.06015795 23.221436 -0.9757984 0.2180293 -0.007538534 -107.52307 -0.020475006 -0.05705094 0.99816155 -0.5440674
0.22203851 0.973112 0.05936843 23.417236 -0.974713 0.2228332 -0.007037452 -108.41138 -0.020099437 -0.05629415 0.9982126 -0.55114746
0.22748584 0.97230154 0.053469937 23.608643 -0.9735008 0.2283713 -0.011017017 -109.270386 -0.022913408 -0.049528725 0.99850917 -0.5703125
0.23358983 0.97127277 0.046609107 23.810669 -0.9720485 0.23451099 -0.015313211 -110.168335 -0.025793597 -0.04172606 0.99879575 -0.58532715
0.23607057 0.97080284 0.04240459 24.032837 -0.9713246 0.23700607 -0.01849446 -111.03967 -0.028016843 -0.036840312 0.9989287 -0.600708
0.24141961 0.969467 0.043332733 24.243286 -0.97010136 0.24226697 -0.015415462 -111.88635 -0.025444698 -0.038324002 0.9989414 -0.6170654
0.24493176 0.96847713 0.044960912 24.472656 -0.96921563 0.24575388 -0.013687561 -112.77466 -0.024301108 -0.040227465 0.9988948 -0.63098145
0.2466286 0.9679617 0.046965964 24.696045 -0.96878976 0.24748683 -0.013350442 -113.630615 -0.024538191 -0.04219993 0.9988074 -0.64782715
0.2471477 0.9677982 0.048475593 24.926025 -0.96862686 0.24814951 -0.015776973 -114.48535 -0.027298763 -0.043052185 0.9986998 -0.6513672
0.24758303 0.9676698 0.047785576 25.152954 -0.9683236 0.24877061 -0.020669686 -115.373535 -0.031894077 -0.041141808 0.99864423 -0.66796875
0.25036126 0.96700144 0.048721407 25.374756 -0.9675459 0.25175697 -0.024902802 -116.214966 -0.03634253 -0.04090269 0.99850184 -0.69299316
0.24903935 0.9671907 0.048918303 25.600708 -0.9676139 0.25058144 -0.028356664 -117.07141 -0.039677884 -0.040257208 0.9984009 -0.7076416
0.25042117 0.96682304 0.048089247 25.81897 -0.9673775 0.25175282 -0.02388247 -117.92688 -0.03521213 -0.040546272 0.9985575 -0.73376465
0.2522876 0.9664244 0.047074888 26.036133 -0.9670149 0.25349158 -0.021564085 -118.76221 -0.032771602 -0.040073574 0.9986589 -0.74780273
0.2522466 0.9664753 0.04900453 26.267456 -0.9671847 0.25346434 -0.020365905 -119.609985 -0.03209345 -0.042258415 0.99859065 -0.77441406
0.251543 0.9665196 0.05127387 26.49878 -0.96727145 0.25290892 -0.022051616 -120.45349 -0.034282394 -0.04405515 0.99844074 -0.7944336
0.2522861 0.96645164 0.045705944 26.707642 -0.96692735 0.25351575 -0.023389596 -121.29126 -0.034191698 -0.038285445 0.99868155 -0.8123779
0.25235572 0.9664259 0.045981426 26.935547 -0.96699893 0.2534919 -0.020734938 -122.137695 -0.031710505 -0.03923121 0.99872744 -0.8251953
0.2551231 0.96542895 0.0536595 27.160645 -0.9664655 0.25631008 -0.016434109 -122.96875 -0.029608455 -0.04766288 0.998424 -0.84814453
0.25619975 0.9648948 0.05909625 27.393799 -0.96630794 0.25736484 -0.012888338 -123.782715 -0.027638659 -0.053810686 0.99816835 -0.8668213
0.2546187 0.9654687 0.05622249 27.628296 -0.96676743 0.2556344 -0.011556601 -124.616455 -0.025526352 -0.051412545 0.99835116 -0.87731934
0.25641626 0.96512794 0.054981403 27.842773 -0.96636313 0.2574005 -0.011507563 -125.454834 -0.02525797 -0.050185423 0.9984206 -0.8914795
0.25704607 0.9648161 0.053524498 28.0625 -0.9659932 0.25796378 -0.010894091 -126.23816 -0.024321197 -0.048903316 0.9985074 -0.9016113
0.25833264 0.964801 0.048792087 28.284546 -0.9656848 0.2592675 -0.013816373 -127.078735 -0.0259735 -0.043543246 0.99871355 -0.91833496
0.26132777 0.96428436 0.04190804 28.501099 -0.96470207 0.26233476 -0.020565912 -127.914795 -0.030830927 -0.035055548 0.99890983 -0.9267578
0.26290277 0.96394 0.041161552 28.723389 -0.964103 0.26411086 -0.027256757 -128.73816 -0.037145723 -0.032509264 0.99878097 -0.9458008
0.26647466 0.9630709 0.038639992 28.94226 -0.9631527 0.26758903 -0.027218375 -129.52869 -0.036543496 -0.029958462 0.99888265 -0.9720459
0.2712793 0.9617214 0.036898926 29.173462 -0.9618648 0.27223346 -0.023819882 -130.31824 -0.03294866 -0.029027874 0.9990352 -0.9851074
0.2777829 0.96002454 0.033930354 29.422852 -0.96013755 0.27859253 -0.02199582 -131.17651 -0.030563902 -0.026454624 0.9991826 -1.00354
0.28597167 0.95763797 0.03247035 29.647095 -0.9577281 0.28671998 -0.021274414 -131.94775 -0.029692018 -0.025015086 0.9992463 -1.0354004
0.29501247 0.9549694 0.03178294 29.900269 -0.9548392 0.29588073 -0.027299812 -132.73792 -0.03547843 -0.0222896 0.999122 -1.0439453
0.30532777 0.95170456 0.027720533 30.154907 -0.95136553 0.30610958 -0.030580297 -133.52454 -0.037602417 -0.017037228 0.99914783 -1.0565186
0.31907454 0.9475056 0.020898856 30.414307 -0.9470591 0.31960282 -0.030759392 -134.31653 -0.035813585 -0.00998363 0.9993082 -1.0830078
0.33315068 0.9426082 0.018605137 30.680542 -0.9421295 0.33359143 -0.030901277 -135.0575 -0.035335578 -0.0072355047 0.9993493 -1.0991211
0.3459177 0.9380534 0.017047921 30.975342 -0.93750465 0.3463048 -0.032439068 -135.83264 -0.03633038 -0.004759729 0.99932843 -1.1148682
0.35974163 0.93298906 0.013555599 31.251343 -0.9324112 0.35999638 -0.032846797 -136.56995 -0.03551385 -0.00082643516 0.99936855 -1.1351318
0.3718076 0.92803323 0.013713939 31.560059 -0.9276238 0.37205243 -0.027677413 -137.33533 -0.030790657 -0.002430765 0.9995229 -1.1557617
0.38483155 0.92285657 0.018353654 31.884644 -0.9227759 0.38512066 -0.016221402 -138.06567 -0.022042494 -0.01069687 0.99969983 -1.1743164
0.3972064 0.9173544 0.01768135 32.187256 -0.91742206 0.39737633 -0.00730158 -138.74023 -0.013731239 -0.013319811 0.99981713 -1.1810303
