1 0 0 0 0 1 0 0 0 0 1 0
0.99987172 0.00097339689 0.015987137 -0.00032928469 -0.00095999171 0.99999918 -0.00084615494 -0.0046001769 -0.015987949 0.0008306989 0.99987184 0.10063296
0.9992834 0.0031270314 0.037721359 0.0024778087 -0.0031049277 0.99999497 -0.00064454572 0.0013799018 -0.037723188 0.00052696178 0.99928809 0.23385591
0.99798344 0.0054894787 0.063236934 0.059943784 -0.0055644716 0.99998401 0.0010098404 -0.0021350569 -0.063230385 -0.0013596841 0.99799803 0.41282963
0.99524775 0.0045934918 0.097266681 0.082968041 -0.0049137836 0.99998326 0.0030536337 0.0040599943 -0.097251035 -0.0035170695 0.99525367 0.5773861
0.99076046 0.0013561868 0.13561667 0.17512562 -0.0020622295 0.99998504 0.0050658136 0.00057425837 -0.13560778 -0.0052986805 0.99074843 0.7663068
0.98461788 -0.0018404337 0.17471186 0.23866832 0.0008446303 0.99998297 0.0057738743 -0.0094707236 -0.17471953 -0.005537493 0.98460267 0.94940057
0.9759446 -0.0021958819 0.21800759 0.32147669 0.00067664984 0.99997497 0.0070431227 -0.0071016213 -0.21801762 -0.0067261827 0.97592166 1.1709077
0.96406227 -0.0018341943 0.26567005 0.4193948 -0.00082413323 0.99995071 0.0098943016 0.0030836986 -0.26567512 -0.0097576703 0.96401324 1.3737856
0.94975601 -0.0056000187 0.31294113 0.55975739 0.00037434926 0.99985954 0.01675616 0.010482931 -0.31299103 -0.015797114 0.9496247 1.6077381
0.9330498 -0.015461987 0.35941478 0.70257726 0.0069420399 0.99966375 0.024983723 -0.0016795072 -0.35968026 -0.020815986 0.93284341 1.8406745
0.91155181 -0.021319828 0.41063213 0.84510709 0.0098723496 0.9995018 0.029978289 -0.0052945808 -0.41106671 -0.02327286 0.91130815 2.0297283
0.886331 -0.023001738 0.46248055 1.0295678 0.0083602612 0.99939759 0.033683412 0.0011304937 -0.46297676 -0.025988194 0.88598936 2.2914721
0.8577731 -0.025183357 0.51341123 1.2045893 0.0062726317 0.99923761 0.038533756 0.016753317 -0.51399026 -0.02983278 0.85727711 2.47832
0.82579842 -0.030362995 0.56314744 1.4422341 0.0074055589 0.99904738 0.043005739 0.017341982 -0.5639168 -0.03134365 0.8252366 2.7394079
0.78982926 -0.036042779 0.6122668 1.672089 0.0093389769 0.9988628 0.046753464 0.020461027 -0.61325571 -0.031209308 0.78926766 2.9293581
0.75261401 -0.040724418 0.65720137 1.9241793 0.010910512 0.99871985 0.049392595 0.029545383 -0.65837159 -0.030003156 0.75209487 3.147725
0.7121198 -0.04385453 0.70068689 2.2335054 0.011880152 0.99865694 0.050429856 0.044280321 -0.70195747 -0.027587832 0.71168438 3.3872659
0.67040741 -0.045569364 0.74059253 2.5284955 0.011023753 0.99861387 0.051466619 0.060534457 -0.74191133 -0.026339494 0.66998049 3.5946257
0.62863514 -0.046107697 0.77633233 2.8491658 0.0067506523 0.99852687 0.053837867 0.081462064 -0.7776711 -0.028603625 0.62802033 3.8047866
0.58877526 -0.046942133 0.80693251 3.2112775 0.0040333851 0.9984704 0.055141627 0.097575941 -0.80828676 -0.029211356 0.588064 4.0120708
0.54692278 -0.048038958 0.83580361 3.5908058 0.0017848618 0.99841695 0.056217426 0.11896599 -0.83718119 -0.029254797 0.54614272 4.2210708
0.50916402 -0.050642992 0.85917823 4.0143823 0.0012259474 0.99830901 0.058117332 0.13105447 -0.86066867 -0.028537947 0.50836511 4.420703
0.47069992 -0.050261764 0.88086053 4.4301259 -0.0022221817 0.99830535 0.058150599 0.15663812 -0.88229061 -0.029328914 0.46979055 4.6241089
0.43483749 -0.049757592 0.89913318 4.8918743 -0.0027459594 0.99839437 0.056578654 0.1801642 -0.90050479 -0.027071503 0.43400267 4.8009941
0.40046574 -0.048540183 0.91502512 5.3774545 -0.001711436 0.99855456 0.053720265 0.19964153 -0.91631018 -0.023079132 0.39980381 4.9874952
0.37090145 -0.046868773 0.92748874 5.8910484 0.00024354606 0.99873052 0.050371438 0.22511359 -0.92867224 -0.018456953 0.37044201 5.1828651
0.34597555 -0.044791855 0.9371737 6.4458885 0.0011841906 0.99887984 0.04730391 0.24375843 -0.93824282 -0.015256203 0.34564104 5.3405776
0.324664 -0.044612048 0.94477668 7.0121363 0.002516064 0.99892421 0.046304254 0.27040304 -0.94582611 -0.012656205 0.32442697 5.5348217
0.3112931 -0.044894716 0.94925286 7.5902796 0.0035244059 0.99893114 0.046088464 0.29195607 -0.95030746 -0.011001468 0.3111186 5.708597
0.29819947 -0.046309208 0.95337949 8.1969036 0.003944865 0.99887364 0.047285148 0.30958462 -0.95449546 -0.010339452 0.29804628 5.93834
0.28643192 -0.048148068 0.95688998 8.8466523 0.0034820314 0.9987822 0.04921367 0.34083858 -0.95809431 -0.010764444 0.28625075 6.1078091
0.27743901 -0.050220954 0.95942971 9.5122107 0.0019288302 0.99865993 0.051716682 0.37141632 -0.96074136 -0.012497648 0.27716409 6.3105658
0.26653702 -0.051774044 0.96243306 10.209486 0.00098687697 0.99857032 0.05344474 0.40395802 -0.96382422 -0.013295198 0.26620705 6.4984504
0.25530885 -0.05363474 0.96537072 10.927705 0.00049837042 0.99846735 0.055341743 0.42887922 -0.96685946 -0.013648124 0.25494428 6.6969219
0.24522716 -0.055193751 0.96789318 11.676665 -0.00037738991 0.99837254 0.057027441 0.46344875 -0.96946561 -0.01434995 0.24480723 6.8878732
0.23478605 -0.056622055 0.9703965 12.426427 -0.00078148116 0.99829069 0.058438742 0.4945577 -0.9720468 -0.014478948 0.23434048 7.0440054
0.22447597 -0.059415421 0.97266658 13.20046 -0.0018480073 0.99811176 0.061396232 0.52502479 -0.97447791 -0.015579473 0.2239423 7.2364903
0.21434411 -0.06298879 0.97472506 13.967785 -0.0039107492 0.99785517 0.065343488 0.57047479 -0.97675042 -0.017817896 0.21363804 7.4213816
0.20064829 -0.066678267 0.97739152 14.742138 -0.0038377494 0.99761991 0.068846109 0.60866246 -0.97965587 -0.017564837 0.19991484 7.5722532
0.18713977 -0.069114127 0.9798989 15.555449 -0.0046631792 0.99744813 0.071242474 0.64834204 -0.98232227 -0.017901744 0.18633992 7.7677997
0.17395409 -0.069794441 0.98227727 16.328138 -0.0051577233 0.99740695 0.071782855 0.68256952 -0.9847403 -0.017553235 0.17314303 7.8731196
0.15870659 -0.068923598 0.98491709 17.160262 -0.0068834332 0.99745894 0.07091044 0.72356203 -0.98730184 -0.018033565 0.15782887 8.0158233
0.14142446 -0.067987318 0.98761165 17.965103 -0.0079969845 0.99752789 0.069815109 0.76213764 -0.98991679 -0.017771478 0.14053115 8.126034
0.12222757 -0.066550906 0.9902683 18.763906 -0.01005947 0.99761505 0.06828627 0.8009777 -0.99245116 -0.018308039 0.1212666 8.2330712
0.097187423 -0.065239308 0.99312555 19.569631 -0.015010304 0.99763974 0.06700476 0.83866737 -0.99515294 -0.021419136 0.095978772 8.3108532
0.067183298 -0.064405069 0.99565973 20.400094 -0.01903986 0.99764994 0.065818543 0.87990571 -0.99755901 -0.023379128 0.065799148 8.3587048
0.033238351 -0.064319453 0.99737562 21.264554 -0.022827066 0.99761789 0.065095806 0.91494562 -0.99918678 -0.024930836 0.031690948 8.3833824
0.0001080655 -0.06394648 0.99795328 22.049403 -0.023967121 0.9976665 0.063930698 0.9527823 -0.99971278 -0.023924975 -0.0014248012 8.3646352
-0.033327144 -0.063043204 0.99745415 22.915047 -0.02427306 0.99776527 0.062251851 0.9835332 -0.99914974 -0.022136587 -0.034782919 8.3495322
-0.068843342 -0.060797774 0.99577314 23.759106 -0.025906197 0.99791364 0.059137424 1.020777 -0.9972911 -0.021725477 -0.070274751 8.2653544
-0.10152501 -0.057690094 0.99315882 24.60324 -0.02899059 0.99806477 0.055011524 1.0543917 -0.99441053 -0.023207214 -0.10300101 8.2063585
-0.13191035 -0.053074467 0.98983972 25.464347 -0.026694653 0.99839362 0.049975675 1.0746719 -0.99090218 -0.019831118 -0.13311526 8.0632
-0.16300841 -0.047671256 0.98547229 26.256391 -0.022003506 0.99875925 0.044674369 1.0935674 -0.98637933 -0.014401547 -0.1638551 7.9163649
-0.19590515 -0.040942828 0.97976771 27.107661 -0.015537515 0.99913219 0.038645301 1.1115053 -0.98049979 -0.0076523409 -0.19637129 7.7317549
-0.22159998 -0.035309645 0.97449813 27.903164 -0.0087534747 0.99937597 0.034220529 1.126062 -0.97509841 -0.00094697532 -0.22177078 7.5124101
-0.25217127 -0.02863445 0.96725883 28.732041 -0.0005928486 0.99956648 0.029436316 1.1382697 -0.96768248 0.0068495562 -0.25207892 7.2879745
-0.27987321 -0.018872851 0.95985141 29.525895 0.0050763695 0.99976368 0.021137783 1.1366004 -0.96002359 0.010788461 -0.27971127 7.0362765
-0.30332823 -0.0037747653 0.95287862 30.302421 0.0096443082 0.99992877 0.0070312082 1.1272689 -0.95283737 0.01132262 -0.30327022 6.7503584
-0.32877922 0.013420176 0.94431142 31.098952 0.010214545 0.99989108 -0.010653671 1.101684 -0.94435161 0.0061430068 -0.32888049 6.5042272
-0.3528915 0.028405046 0.93523295 31.942231 0.0090891389 0.99959599 -0.026930284 1.0729861 -0.93562014 -0.0010030055 -0.35300711 6.1765775
-0.37837388 0.038924815 0.92483403 32.706111 0.013350891 0.99924102 -0.036594286 1.0354422 -0.9255566 -0.001498963 -0.37860639 5.8547547
-0.40322938 0.044106446 0.91403535 33.493012 0.01735437 0.99902672 -0.040551741 0.99352904 -0.9149344 -0.00048914477 -0.40360236 5.5172491
-0.42527633 0.04315561 0.90403405 34.207049 0.019449274 0.99906765 -0.038542859 0.93883388 -0.9048546 0.0011914415 -0.42571917 5.1554074
-0.44523047 0.040118802 0.89451676 34.93878 0.023662091 0.99917405 -0.033035245 0.9022021 -0.89510334 0.0064578403 -0.44581203 4.8065883
-0.46296814 0.038915867 0.88552018 35.682898 0.030153026 0.99914897 -0.028144877 0.85780483 -0.88586193 0.013670932 -0.46374757 4.3796095
-0.47696338 0.039950728 0.8780147 36.359894 0.034952004 0.99903837 -0.026470496 0.81723926 -0.87822796 0.018062918 -0.47790108 3.9862273
-0.48859919 0.042928169 0.87145162 37.054136 0.037471948 0.99889979 -0.028196832 0.76894313 -0.87170336 0.018878041 -0.48967024 3.5921244
-0.49878672 0.045875619 0.86550977 37.749345 0.038967621 0.99877542 -0.030482508 0.72807777 -0.86584837 0.018522588 -0.49996358 3.1889697
-0.50895446 0.0448003 0.8596268 38.426555 0.032716694 0.99892992 -0.032689829 0.67703835 -0.86017152 0.011486514 -0.50987555 2.7939838
-0.52063291 0.04360384 0.85266641 39.114464 0.03114507 0.99900025 -0.0320701 0.64885293 -0.85321241 0.0098596067 -0.52147045 2.3877867
-0.52849336 0.045003037 0.84774373 39.79703 0.033328385 0.99892396 -0.032251234 0.60812558 -0.848283 0.011209367 -0.52942456 1.9637482
-0.53600239 0.048496736 0.84282231 40.464576 0.037310445 0.99873397 -0.033740029 0.56140787 -0.84339162 0.01336134 -0.53713323 1.5245873
-0.53984293 0.051496481 0.84018906 41.155693 0.038111188 0.99859867 -0.036718238 0.52538047 -0.84090261 0.012198523 -0.54104903 1.0673103
-0.53967643 0.053010288 0.84020188 41.867054 0.037219249 0.99854214 -0.039093764 0.47702635 -0.84104943 0.010173701 -0.54086266 0.62461965
-0.53687935 0.053917119 0.84193435 42.569902 0.040033946 0.9984597 -0.038412343 0.44206798 -0.84270867 0.013083161 -0.53821092 0.17123683
-0.5307643 0.052867712 0.84586891 43.335197 0.038136273 0.99853139 -0.038479601 0.38872569 -0.84666106 0.01183469 -0.53200099 -0.29833766
-0.5238473 0.05135452 0.8502627 44.078639 0.035754301 0.99862692 -0.038287239 0.34581936 -0.85106151 0.010343882 -0.52496416 -0.74826024
-0.51654824 0.050477772 0.85476888 44.874784 0.033674469 0.99868614 -0.038626771 0.29407432 -0.8555957 0.0088312985 -0.51756939 -1.2136166
-0.50986014 0.049349982 0.85884059 45.680782 0.031164505 0.99875745 -0.038888617 0.24813989 -0.85969266 0.006937587 -0.51076458 -1.6863596
-0.50572566 0.047068029 0.86140936 46.486735 0.026900366 0.99888535 -0.038786853 0.2029854 -0.86227489 0.0035567214 -0.5064281 -2.1476974
-0.50396028 0.044215143 0.86259434 47.328836 0.021785365 0.99902185 -0.038480353 0.15261409 -0.86345208 -0.00060063596 -0.50443058 -2.6335049
-0.50488643 0.04189799 0.86216831 48.160866 0.019216691 0.99911933 -0.037299961 0.10108023 -0.86297189 -0.002264222 -0.50524693 -3.0985092
-0.50580648 0.040350414 0.86170272 48.998858 0.017624367 0.99918032 -0.036442752 0.052097869 -0.86246695 -0.0032460145 -0.50610303 -3.6027435
-0.5060203 0.039961618 0.8615953 49.87801 0.0177024 0.9991969 -0.035946981 0.0023293513 -0.86233992 -0.0029375965 -0.50632133 -4.1014581
-0.50621317 0.0391768 0.86151804 50.754556 0.017634293 0.999229 -0.03507748 -0.045297357 -0.86222811 -0.0025644203 -0.50651374 -4.588805
-0.50669836 0.038969272 0.86124218 51.627453 0.017866769 0.999238 -0.034701637 -0.095710263 -0.86193829 -0.0021956463 -0.50700851 -5.1015491
-0.5077072 0.038314026 0.86067728 52.509707 0.017884065 0.99926406 -0.033933695 -0.14528758 -0.86134408 -0.0018359723 -0.50801877 -5.6103347
-0.50683978 0.036819383 0.86125357 53.416395 0.015972458 0.99931703 -0.033322077 -0.19960472 -0.86189232 -0.0031326173 -0.50708172 -6.16462
-0.50739495 0.036009941 0.86096085 54.315984 0.015288096 0.99934539 -0.032788093 -0.25943916 -0.86157803 -0.0034740595 -0.50761333 -6.6693371
-0.50636273 0.035151992 0.86160377 55.21242 0.014121229 0.99937283 -0.03247372 -0.30978467 -0.86220499 -0.0042765769 -0.50654154 -7.1906855
-0.50571903 0.034173644 0.86202109 56.095372 0.013880412 0.99940809 -0.031476988 -0.36823656 -0.86258661 -0.0039533035 -0.50589404 -7.6858754
-0.50287795 0.032294295 0.86375389 56.989614 0.014480675 0.99947631 -0.028938069 -0.41956598 -0.86423616 -0.0020445764 -0.50308224 -8.2163578
-0.50099176 0.030486051 0.86491491 57.884988 0.014737394 0.999535 -0.026694604 -0.47373867 -0.8653266 -0.00062718453 -0.50120808 -8.6975053
-0.49799003 0.030066268 0.86666135 58.78322 0.014503931 0.99954776 -0.026342304 -0.52623981 -0.86706149 -0.00054820766 -0.49820089 -9.2277833
-0.49651037 0.03069779 0.86748777 59.662462 0.015442111 0.99952869 -0.026531962 -0.57476867 -0.86789346 0.00022244881 -0.4967504 -9.7164881
-0.49513467 0.031361405 0.86825 60.542114 0.015683477 0.9995081 -0.027158703 -0.62012187 -0.86867471 0.00016996409 -0.49538297 -10.226673
-0.49593661 0.032565599 0.86774783 61.440366 0.015115175 0.99946888 -0.028870292 -0.66893543 -0.8682272 -0.0012016736 -0.49616545 -10.702811
-0.4985835 0.034333042 0.86616146 62.31225 0.013771613 0.99940295 -0.031687214 -0.72387629 -0.86673231 -0.0038702807 -0.49875864 -11.212395
-0.50310534 0.035057151 0.86351372 63.17975 0.012422058 0.99936703 -0.033335146 -0.78097193 -0.86413585 -0.0060444718 -0.50322237 -11.709921
-0.50934636 0.033621934 0.85990452 64.064197 0.012167287 0.99941797 -0.031869818 -0.83610789 -0.86047562 -0.0057700704 -0.509459 -12.213943
-0.5145528 0.031495283 0.85688004 64.93072 0.015872482 0.99950382 -0.027206171 -0.88654804 -0.85731181 -0.00039819753 -0.5147974 -12.711447
-0.52020315 0.029155262 0.85354472 65.769045 0.012835917 0.99957115 -0.026320207 -0.93776346 -0.85394612 -0.0027358247 -0.5203543 -13.226994
-0.52440474 0.031924964 0.85087038 66.619468 0.014187719 0.99948574 -0.028756952 -0.99274394 -0.85135095 -0.0030083718 -0.52458801 -13.765456
-0.52902453 0.034528604 0.84790374 67.447136 0.014708092 0.99939487 -0.031520992 -1.0354237 -0.84847909 -0.0042043307 -0.52921226 -14.283297
-0.5345763 0.034249974 0.84442587 68.285885 0.012846792 0.99939233 -0.032402571 -1.0959223 -0.8450226 -0.0064734827 -0.53469146 -14.787153
-0.53762223 0.03499683 0.8424592 69.115784 0.011958591 0.99935426 -0.033882977 -1.1490994 -0.84310105 -0.0081416162 -0.53769358 -15.322832
-0.54088157 0.034152973 0.84040505 69.919907 0.012038431 0.99938727 -0.032865914 -1.2050218 -0.84101264 -0.0076594084 -0.5409613 -15.842152
-0.54384803 0.027596698 0.8387298 70.754478 0.013760667 0.99961802 -0.023967723 -1.2557796 -0.83907093 -0.0014933168 -0.54402005 -16.376258
-0.54564197 0.019521924 0.83779095 71.575219 0.0144234 0.99979931 -0.013903221 -1.2945106 -0.8378943 0.0044976139 -0.54581404 -16.90213
-0.54730747 0.016158482 0.83677559 72.393664 0.013970531 0.99985069 -0.010169862 -1.3346843 -0.83681505 0.0061241587 -0.54745149 -17.435506
-0.54890708 0.022330317 0.83558501 73.186577 0.015027583 0.99974517 -0.016845538 -1.3632563 -0.83574832 0.0033101892 -0.54910277 -17.937708
-0.54978723 0.027208755 0.83486144 73.978882 0.015230024 0.99962972 -0.022549139 -1.4041318 -0.83516592 0.00031773139 -0.54999805 -18.474604
-0.55018245 0.032764915 0.83440138 74.779548 0.02186951 0.99945255 -0.02482589 -1.4426307 -0.83475808 0.0045891811 -0.55059781 -19.0027
-0.55004449 0.033386455 0.8344677 75.579288 0.025016242 0.99941089 -0.023496105 -1.485059 -0.83476063 0.0079513435 -0.55055565 -19.532878
-0.54940352 0.030913081 0.83498509 76.379327 0.024846491 0.99947789 -0.02065449 -1.5308082 -0.83518769 0.0093988009 -0.54988475 -20.062582
-0.54987943 0.025380371 0.8348583 77.16845 0.022690807 0.99962323 -0.015444057 -1.5598325 -0.8349358 0.01045124 -0.55024816 -20.560316
-0.54855604 0.019573079 0.83588462 77.971062 0.020944118 0.99973393 -0.0096650282 -1.59656 -0.83585146 0.012205057 -0.54882003 -21.087631
-0.54780138 0.012866531 0.83650944 78.770703 0.011606315 0.99990238 -0.0077791332 -1.6318385 -0.83652794 0.0054473735 -0.54789724 -21.600382
-0.54643453 0.007561728 0.83746765 79.565315 0.0032555333 0.99997086 -0.0069048287 -1.6524234 -0.83749553 -0.0010466323 -0.54644323 -22.09088
-0.54497337 0.0079873509 0.83841527 80.35665 0.0064143677 0.99996508 -0.0053570247 -1.6799203 -0.83842885 0.0024584689 -0.54500558 -22.603512
-0.54164214 0.011663621 0.84052822 81.147912 0.011754993 0.99991106 -0.006300304 -1.7109351 -0.84052702 0.0064678938 -0.54173108 -23.116993
-0.53520583 0.014714178 0.84459348 81.932529 0.012613819 0.99987601 -0.0094262658 -1.7371781 -0.84462753 0.0056085582 -0.53532507 -23.612431
-0.52804876 0.016824363 0.84904734 82.713431 0.017809058 0.99980324 -0.008735674 -1.7672155 -0.84902733 0.010507872 -0.52824449 -24.099803
-0.52054807 0.019779771 0.85360319 83.520726 0.02545437 0.99964678 -0.0076412091 -1.7996118 -0.8534529 0.017750316 -0.52086768 -24.595958
-0.51058478 0.019683001 0.85960206 84.315584 0.024491393 0.99966523 -0.0083427892 -1.8222374 -0.85947857 0.016793152 -0.51089592 -25.061003
-0.50056846 0.016488451 0.86553988 85.118857 0.019778559 0.99977545 -0.0076070721 -1.8503525 -0.86547102 0.013311273 -0.50078218 -25.51386
-0.48838003 0.01387995 0.87252062 85.935046 0.021897605 0.99975357 -0.0036471066 -1.8711556 -0.87235629 0.017324939 -0.48856362 -25.965544
-0.47743332 0.012444458 0.87857982 86.758342 0.021222143 0.99977133 -0.0026286209 -1.8990975 -0.8784117 0.017390357 -0.47758824 -26.400976
-0.4668635 0.011614847 0.88425307 87.569345 0.021098373 0.99977542 -0.001992843 -1.9192308 -0.88407771 0.017725916 -0.46700371 -26.82075
-0.45391075 0.013744784 0.8909411 88.397108 0.025282915 0.99967711 -0.0025413118 -1.9374086 -0.89068843 0.021372061 -0.45411169 -27.234243
-0.44157193 0.016598594 0.89707226 89.225954 0.024088905 0.99968777 -0.0066398516 -1.9711608 -0.89690246 0.018677518 -0.4418339 -27.633517
-0.43095619 0.025837977 0.90200282 90.05466 0.025762476 0.99953482 -0.016323073 -2.0003828 -0.90200506 0.016203298 -0.43142137 -28.022909
-0.41863859 0.030802162 0.90763037 90.866047 0.025529718 0.99942882 -0.0221421 -2.0321262 -0.90779405 0.013902011 -0.41918585 -28.39021
-0.40721992 0.026915535 0.91293341 91.71926 0.022807009 0.99955365 -0.019296097 -2.064765 -0.91304537 0.012963527 -0.40765202 -28.76983
-0.39434126 0.02364158 0.91865988 92.548954 0.02409652 0.99959131 -0.015380736 -2.1043726 -0.91864814 0.016071249 -0.39474978 -29.108159
-0.38502639 0.023821115 0.92259805 93.406208 0.020594953 0.99963967 -0.017215439 -2.1398257 -0.92267578 0.012372467 -0.38537825 -29.446769
-0.37842068 0.029096276 0.92517627 94.2504 0.017642918 0.99955098 -0.024218915 -2.1754132 -0.92546561 0.0071578715 -0.3787641 -29.794876
-0.3727603 0.033764813 0.92731312 95.095944 0.0097938972 0.99942526 -0.032453579 -2.2147691 -0.92787602 -0.0030153958 -0.37287675 -30.106191
-0.36902023 0.035386506 0.92874743 95.934088 0.0061871495 0.99934632 -0.035618068 -2.263975 -0.92940081 -0.0073974878 -0.36899795 -30.431869
-0.36656582 0.035245316 0.92972426 96.77497 0.0050023167 0.99934243 -0.035912217 -2.3138138 -0.93037871 -0.0085134157 -0.36650109 -30.763494
-0.36122839 0.034472185 0.93183992 97.636742 0.0027744364 0.99935174 -0.035894182 -2.367743 -0.93247328 -0.010380666 -0.36108987 -31.08335
-0.35588323 0.030965498 0.93401723 98.468249 0.0016686089 0.99947035 -0.032499685 -2.4130901 -0.93452898 -0.010007583 -0.35574641 -31.390711
-0.34965514 0.026925773 0.93649144 99.332995 0.0013976557 0.9996008 -0.028218437 -2.4587014 -0.93687747 -0.0085578284 -0.34955319 -31.704457
-0.34472478 0.024347021 0.93838796 100.17632 0.00075223305 0.99967043 -0.02566069 -2.500036 -0.93870354 -0.0081399885 -0.34462949 -32.013706
-0.33912809 0.023163078 0.94045496 101.01615 -0.0039365807 0.99965313 -0.026040638 -2.5477844 -0.94073201 -0.012533288 -0.33891928 -32.298418
-0.33230711 0.022505116 0.94290266 101.86614 -0.016407905 0.99942605 -0.029636846 -2.5851031 -0.94302855 -0.025319592 -0.33174712 -32.58023
-0.32587345 0.026178513 0.94505085 102.7084 -0.013255536 0.99939178 -0.032254578 -2.6328736 -0.94532051 -0.023038066 -0.32532824 -32.856664
-0.31868252 0.030101343 0.94738339 103.57277 -0.01144059 0.99930066 -0.035599322 -2.6827864 -0.94779251 -0.022183506 -0.31811528 -33.143815
-0.31241212 0.028215847 0.94952749 104.42916 -0.013263508 0.99933178 -0.034059752 -2.7257772 -0.94985411 -0.023234744 -0.31182912 -33.422019
-0.30557036 0.023445633 0.95188076 105.28047 -0.013060607 0.99949954 -0.028811206 -2.7679791 -0.95207996 -0.021235991 -0.30511122 -33.678096
-0.298849 0.021019083 0.95406886 106.12805 -0.012847875 0.99957818 -0.026046118 -2.8104924 -0.95421396 -0.020041613 -0.29845289 -33.927462
-0.29204575 0.02360688 0.95611292 106.98233 -0.015562482 0.99944568 -0.029430362 -2.8573992 -0.95627777 -0.023474502 -0.29151648 -34.18134
-0.28553015 0.026470065 0.95800407 107.85196 -0.016111655 0.99934465 -0.03241435 -2.9054007 -0.95823433 -0.024690304 -0.28491655 -34.433014
-0.27861611 0.027429757 0.96001073 108.69224 -0.017212905 0.99928888 -0.033547585 -2.9440897 -0.96024833 -0.025871471 -0.27794583 -34.667825
-0.27170223 0.026289778 0.96202217 109.57189 -0.017936727 0.99931484 -0.032374734 -2.9931697 -0.96221424 -0.026051816 -0.27104452 -34.901941
-0.26415864 0.026268301 0.96412142 110.41836 -0.015450378 0.99938551 -0.031462332 -3.0405362 -0.96435552 -0.023207087 -0.26359047 -35.128761
-0.25604912 0.027691852 0.96626701 111.27897 -0.010236452 0.99945587 -0.031355532 -3.0855557 -0.96660961 -0.017919702 -0.25562633 -35.357282
-0.24932383 0.028032643 0.96801432 112.16494 -0.0090713834 0.9994695 -0.031279994 -3.1318576 -0.96837772 -0.016580076 -0.24893727 -35.589303
-0.24284727 0.027356071 0.96967869 113.01238 -0.015317821 0.99936953 -0.032029901 -3.1731992 -0.96994363 -0.022631738 -0.24227512 -35.777478
-0.23677728 0.025024421 0.97124159 113.8815 -0.020173072 0.9993261 -0.030665985 -3.2194896 -0.97135454 -0.026853935 -0.2361129 -35.975071
-0.2317761 0.025378748 0.97243801 114.77439 -0.016537619 0.99941235 -0.03002439 -3.2600401 -0.97262862 -0.023040745 -0.23122019 -36.193273
-0.22799281 0.025331559 0.9733332 115.61057 -0.015962606 0.99942991 -0.029749807 -3.3080551 -0.973532 -0.022319676 -0.22745848 -36.368874
-0.22278468 0.027030888 0.97449281 116.50412 -0.014835773 0.99940574 -0.031113627 -3.3523171 -0.97475482 -0.021388993 -0.22225126 -36.573814
-0.21731401 0.026178622 0.97575059 117.34946 -0.0090361332 0.9995435 -0.028829446 -3.3915714 -0.97605996 -0.015082054 -0.21697825 -36.760954
-0.21200649 0.025412966 0.97693774 118.22451 -0.00047677997 0.99965903 -0.026107477 -3.4328476 -0.97726818 -0.0060007381 -0.21192208 -36.954315
-0.20695467 0.024227686 0.97805046 119.11422 0.0018872285 0.99970136 -0.024364672 -3.475999 -0.97834875 -0.0031965771 -0.20693859 -37.151349
-0.20279525 0.025710518 0.97888353 119.97028 -0.00047971387 0.99965252 -0.026355399 -3.517714 -0.97922109 -0.005814333 -0.20271245 -37.311216
-0.1990559 0.027695587 0.97959666 120.83314 -0.0029740963 0.9995789 -0.028864874 -3.5567882 -0.97998367 -0.0086591375 -0.19888971 -37.48273
-0.19701138 0.026813871 0.98003441 121.72474 -0.005234793 0.9995829 -0.028401042 -3.6002261 -0.98038727 -0.010725605 -0.19678884 -37.658111
-0.19651464 0.025647019 0.98016537 122.56838 -0.0059660938 0.99960806 -0.027351905 -3.6422216 -0.98048278 -0.011222808 -0.1962846 -37.810815
-0.19507463 0.021602283 0.98055043 123.46068 -0.0046137463 0.99972614 -0.022942614 -3.6827832 -0.98077759 -0.0089995322 -0.19492154 -37.990502
-0.19428561 0.015944389 0.98081537 124.30986 -0.0048877229 0.99983975 -0.017221841 -3.7207025 -0.98093287 -0.008139909 -0.19417654 -38.144821
-0.19361809 0.013767115 0.98098034 125.1814 -0.0037680423 0.99988373 -0.014776111 -3.7541849 -0.98106978 -0.0065572971 -0.19354371 -38.314691
-0.1926582 0.018571941 0.98109012 126.05287 -0.0050290049 0.99978906 -0.019913462 -3.7880499 -0.98125308 -0.0087703982 -0.19252417 -38.477113
-0.19228033 0.022335769 0.98108578 126.89064 -0.0053940471 0.99970179 -0.023816752 -3.8284585 -0.98132526 -0.009871515 -0.19210251 -38.638272
-0.19243754 0.021367252 0.98107653 127.74226 -0.0083456011 0.99969112 -0.02340965 -3.8603933 -0.98127378 -0.012692568 -0.19219978 -38.794516
-0.19171863 0.020995611 0.98122529 128.6053 -0.0076470351 0.99970885 -0.022885239 -3.8970207 -0.98142018 -0.01189099 -0.19150226 -38.957935
-0.19120857 0.021204131 0.98132033 129.43888 -0.0043187995 0.99973878 -0.022443621 -3.9405004 -0.98153997 -0.0085295377 -0.19106704 -39.120314
-0.19053184 0.023538713 0.98139873 130.29537 -0.0059467553 0.99966647 -0.025131382 -3.9807996 -0.98166305 -0.010624466 -0.19032832 -39.277294
-0.19082185 0.025112371 0.98130337 131.11552 -0.014498228 0.99949157 -0.02839711 -4.0125229 -0.98151765 -0.019645949 -0.19036075 -39.4165
-0.1904996 0.026299239 0.98133489 131.95712 -0.019482981 0.99934291 -0.030563936 -4.0535236 -0.98149396 -0.024941747 -0.18986204 -39.567397
-0.19037242 0.029352881 0.98127298 132.79878 -0.020455468 0.99921729 -0.033858123 -4.1050055 -0.98149885 -0.026518051 -0.18962299 -39.721541
-0.18979718 0.030554735 0.98134772 133.62071 -0.017298905 0.99925642 -0.034458018 -4.1497386 -0.98167095 -0.023516275 -0.18912749 -39.873215
-0.18826262 0.031707481 0.98160671 134.43311 -0.018349908 0.99919068 -0.035794803 -4.1972886 -0.98194732 -0.024751216 -0.18752843 -40.02618
-0.18590225 0.031207157 0.98207249 135.26388 -0.011269012 0.99936204 -0.03388974 -4.234899 -0.98250366 -0.017367165 -0.18543198 -40.184366
-0.18296813 0.028248618 0.98271288 136.08332 -0.0050268529 0.99954715 -0.02966846 -4.2876071 -0.98310603 -0.010368335 -0.18274327 -40.334899
-0.18076523 0.023458616 0.98324643 136.90082 0.0011418559 0.99971984 -0.023641717 -4.3220539 -0.98352565 -0.003150874 -0.18074137 -40.492529
-0.17687082 0.02359815 0.98395109 137.72218 0.0053875815 0.99972077 -0.023007905 -4.3554889 -0.98421937 0.0012316905 -0.17694857 -40.639818
-0.17212782 0.027532002 0.98468976 138.51417 0.0022863368 0.99961782 -0.027549729 -4.4080875 -0.98507201 -0.0024907416 -0.17212499 -40.768849
-0.1655852 0.031167458 0.98570282 139.32475 0.0043209705 0.99951381 -0.030878287 -4.4435216 -0.98618606 -0.00085379366 -0.16563937 -40.903507
-0.15774006 0.031368311 0.98698228 140.11145 0.00040029462 0.99949728 -0.031702087 -4.4872602 -0.98748063 -0.0046056045 -0.15767332 -41.018302
-0.14762995 0.028166359 0.98864148 140.8985 0.0094774305 0.9995888 -0.027063019 -4.5123562 -0.9889973 0.0053744698 -0.14783619 -41.139328
-0.13566717 0.026682729 0.99039506 141.73067 0.016890649 0.99955429 -0.024615761 -4.5576619 -0.99061052 0.013388866 -0.1360574 -41.248009
-0.12207214 0.028777089 0.99210392 142.50206 0.015849762 0.99950865 -0.027041656 -4.5993606 -0.99239471 0.01242358 -0.12246827 -41.345743
-0.10817293 0.029640371 0.99369008 143.29876 0.013043868 0.9995117 -0.028394067 -4.6385794 -0.99404656 0.0098900936 -0.10850673 -41.417833
-0.093960325 0.029915532 0.99512634 144.09278 0.017138587 0.99944893 -0.028427243 -4.6750257 -0.99542846 0.014384028 -0.094421258 -41.490199
-0.080326314 0.031635697 0.99626642 144.87782 0.019692439 0.99935151 -0.030145911 -4.7151991 -0.99657412 0.017197407 -0.080897208 -41.549346
-0.066723634 0.037498106 0.99706658 145.6522 0.017397221 0.99918536 -0.036413567 -4.7635098 -0.99761986 0.014916543 -0.067321643 -41.590388
-0.053698266 0.046916235 0.9974544 146.4386 0.010720558 0.99886516 -0.046405445 -4.8112938 -0.9984997 0.0082013765 -0.054140296 -41.610104
-0.040331417 0.05518731 0.99766109 147.19149 0.0021790716 0.99847602 -0.055144297 -4.8577301 -0.99918402 -5.0071882e-05 -0.040390211 -41.62059
-0.0268653 0.055958041 0.99807158 147.95691 0.00063616961 0.99843274 -0.055961165 -4.906681 -0.9996389 -0.00086846987 -0.026858796 -41.635859
-0.015147576 0.051984814 0.99853295 148.72145 0.00016289353 0.99864768 -0.051988314 -4.9640011 -0.9998853 -0.00062484158 -0.015135562 -41.630676
-0.0042111391 0.049482546 0.99876607 149.50149 0.0019901159 0.9987734 -0.049474517 -5.0180559 -0.9999892 0.001779317 -0.0043044512 -41.622094
0.0048539712 0.055392021 0.99845284 150.25885 -0.0038554 0.99845826 -0.055373577 -5.0836161 -0.99998083 -0.0035806525 0.0050600445 -41.600299
0.011295222 0.064059882 0.99788209 150.98603 -0.011277914 0.99789048 -0.063932762 -5.1349363 -0.99987265 -0.010531893 0.011993855 -41.579577
0.014818684 0.067460176 0.99761187 151.74233 -0.015861975 0.99761178 -0.067224551 -5.188501 -0.99976442 -0.014827915 0.015853343 -41.563993
0.014224954 0.063103135 0.99790559 152.48195 -0.019212193 0.99783962 -0.062825095 -5.2462597 -0.99971427 -0.01827827 0.015406571 -41.536378
0.012978939 0.05769346 0.99824993 153.23463 -0.011096452 0.9982809 -0.057550975 -5.3163073 -0.99985424 -0.010330082 0.013596818 -41.52304
0.010050134 0.055228241 0.99842313 154.009 -0.01118061 0.99841739 -0.055115377 -5.3687697 -0.99988703 -0.010609062 0.010651713 -41.51079
0.0069778814 0.055224997 0.99844951 154.75406 -0.01204464 0.99840607 -0.055138415 -5.4244942 -0.99990316 -0.011641215 0.0076319228 -41.502153
0.0034977643 0.055484297 0.99845339 155.49137 -0.010904818 0.99840229 -0.055443254 -5.480387 -0.99993447 -0.010694024 0.0040972205 -41.49773
-0.0014325565 0.053581618 0.9985624 156.2308 -0.011333852 0.99849846 -0.053594445 -5.538966 -0.99993479 -0.011394335 -0.00082312092 -41.492486
-0.0063820291 0.054186123 0.99851042 156.97544 -0.013299311 0.99843788 -0.054267188 -5.5901001 -0.99989124 -0.013625835 -0.005651423 -41.495941
-0.012663017 0.052203277 0.99855615 157.70533 -0.013773231 0.99853241 -0.052376697 -5.6413684 -0.999825 -0.014416591 -0.011925427 -41.497357
-0.018562103 0.04947251 0.99860294 158.44237 -0.011789421 0.9986948 -0.049696201 -5.6938073 -0.99975824 -0.012695416 -0.017954625 -41.51168
-0.02365151 0.049374511 0.99850021 159.18525 -0.012288983 0.99868983 -0.049674975 -5.74445 -0.99964477 -0.01344544 -0.023013762 -41.52295
-0.029369817 0.050627174 0.99828564 159.89948 -0.014011302 0.99859754 -0.051055206 -5.7925283 -0.99947045 -0.015486763 -0.028619276 -41.539584
-0.033422808 0.053014449 0.99803422 160.61632 -0.015268154 0.99844856 -0.053547766 -5.8486782 -0.99932471 -0.017027856 -0.032561523 -41.558251
-0.035816985 0.054994309 0.99784402 161.3423 -0.01542592 0.99833534 -0.055575089 -5.9041806 -0.99923935 -0.017383194 -0.034909025 -41.580986
-0.037479619 0.056532186 0.997697 162.06137 -0.013245047 0.99828272 -0.057062938 -5.960343 -0.99920965 -0.015353241 -0.036666486 -41.60308
-0.036555663 0.054930282 0.99782076 162.77562 -0.0093016465 0.99842621 -0.055304381 -6.0103741 -0.99928837 -0.011303064 -0.035987192 -41.634197
-0.032877311 0.051479598 0.99813268 163.47981 -0.0051146208 0.99865087 -0.051674792 -6.056874 -0.99944635 -0.0068039976 -0.032569658 -41.656689
-0.025596881 0.050798852 0.99838078 164.16982 -0.003831157 0.99869574 -0.050913101 -6.1139082 -0.99966505 -0.0051281694 -0.025368879 -41.66869
-0.014909905 0.051930892 0.99853933 164.88848 -0.0030522972 0.99864336 -0.051981877 -6.1682996 -0.99988422 -0.0038228829 -0.014731171 -41.673094
-0.00043965498 0.052033681 0.99864519 165.57111 0.0014997271 0.99864424 -0.05203297 -6.2161009 -0.99999882 0.0014748196 -0.00051709677 -41.671512
0.014538865 0.04996925 0.99864489 166.2602 -0.0014046305 0.99875053 -0.049954085 -6.2634678 -0.99989336 -0.00067645053 0.014590886 -41.648093
0.029817401 0.045161726 0.99853455 166.94914 -0.0044584099 0.99897485 -0.045048505 -6.3089743 -0.99954546 -0.0031086462 0.029988182 -41.611011
0.04721257 0.038526829 0.99814156 167.6277 -0.0066990677 0.99924565 -0.038252574 -6.3507158 -0.99886244 -0.0048806148 0.047435047 -41.561447
0.064733262 0.031263537 0.99741271 168.303 -0.0063319799 0.99950187 -0.030918067 -6.3869496 -0.99788256 -0.0043141692 0.064898975 -41.507258
0.081622713 0.023489502 0.99638642 168.99209 -0.0061740571 0.99971497 -0.023062199 -6.4209463 -0.99664422 -0.0042693466 0.081744472 -41.442617
0.099102157 0.017379799 0.99492544 169.63954 -0.0094822497 0.99981856 -0.016520769 -6.4577654 -0.99503213 -0.0077968869 0.099248974 -41.353976
0.11739812 0.014874238 0.99297349 170.31107 -0.010531947 0.99985024 -0.013732067 -6.4883745 -0.99302912 -0.0088458248 0.1175372 -41.263716
0.13509081 0.013889702 0.99073582 170.9467 -0.0089081243 0.99987835 -0.012803217 -6.5072634 -0.99079322 -0.0070960002 0.1351981 -41.16775
0.15276744 0.013299787 0.98817263 171.5828 -0.0094034889 0.99988374 -0.012003665 -6.5285772 -0.98821747 -0.0074585005 0.15287474 -41.05377
0.1692182 0.012901633 0.98549412 172.23798 -0.015057649 0.99983145 -0.010503797 -6.5465892 -0.98546362 -0.01306179 0.16938395 -40.926119
0.18351748 0.0093316987 0.98297211 172.8493 -0.018433256 0.99981179 -0.0060501383 -6.5667403 -0.98284365 -0.01700907 0.18365495 -40.786387
0.19575494 0.005097901 0.98063955 173.47924 -0.013505058 0.99990567 -0.0025021813 -6.5840905 -0.98055989 -0.012753779 0.19580532 -40.659673
0.20668037 0.003641021 0.9784017 174.09897 -0.011614392 0.99993175 -0.0012676851 -6.6050182 -0.97833962 -0.011101535 0.20670855 -40.522575
0.21644389 0.0068517817 0.97627097 174.69952 -0.013809188 0.99989682 -0.0039560328 -6.6211682 -0.97619743 -0.01262525 0.21651617 -40.370753
0.22546056 0.013994466 0.97415174 175.31799 -0.018959937 0.99977049 -0.0099743557 -6.6426983 -0.97406783 -0.016221032 0.22567415 -40.211805
0.23445801 0.024214855 0.97182457 175.8873 -0.020622022 0.99958865 -0.019931473 -6.6652297 -0.97190753 -0.015367894 0.23486093 -40.063202
0.24287822 0.030881753 0.96956506 176.47488 -0.014765268 0.99949504 -0.028136323 -6.678162 -0.96994445 -0.0074821869 0.24321155 -39.917172
0.2490862 0.029459334 0.96803313 177.07818 -0.014668916 0.99953736 -0.026643592 -6.6966751 -0.96837026 -0.0075634443 0.2494031 -39.75872
0.25515047 0.02185627 0.96665426 177.68703 -0.016056984 0.9997024 -0.01836522 -6.7156998 -0.96676806 -0.010835657 0.25542548 -39.582915
0.25961383 0.011060805 0.96564913 178.29664 -0.020593723 0.99977043 -0.0059150364 -6.7411761 -0.96549295 -0.018350685 0.25978201 -39.404653
0.2617737 0.0018900064 0.96512739 178.89807 -0.019812257 0.99979788 0.0034158223 -6.76636 -0.96492595 -0.020015524 0.26175824 -39.230758
0.26251858 0.0010005762 0.96492638 179.50609 -0.016385443 0.9998599 0.0034210356 -6.7854541 -0.96478785 -0.016708831 0.26249819 -39.070225
0.26382334 0.0040435068 0.9645625 180.11526 -0.014510053 0.9998947 -0.00022288861 -6.7895358 -0.96446191 -0.013937049 0.26385423 -38.902652
0.2654338 0.0036915106 0.96412198 180.71413 -0.011198301 0.99993702 -0.00074562161 -6.8000526 -0.96406409 -0.010598615 0.26545842 -38.735694
0.26731099 0.001902712 0.96360839 181.33374 -0.012898943 0.99991552 0.0016038448 -6.8005236 -0.96352402 -0.012858255 0.26731295 -38.555627
0.269608 -0.0024043103 0.96296712 181.94908 -0.012824549 0.99989923 0.0060870918 -6.818736 -0.9628848 -0.013990747 0.26954999 -38.383856
0.27312981 -0.0079218816 0.96194453 182.5756 -0.011323766 0.99987033 0.011449426 -6.8304696 -0.96191058 -0.014020014 0.27300469 -38.199903
0.27717762 -0.011036838 0.96075526 183.18378 -0.010008782 0.9998466 0.014373437 -6.835312 -0.9607666 -0.013599984 0.27702464 -38.019305
0.2835095 -0.01263685 0.95888612 183.79034 -0.0088272065 0.99983642 0.01578642 -6.8319563 -0.95892884 -0.012939885 0.28335158 -37.829987
0.29134711 -0.015386072 0.95649362 184.43345 -0.0079017912 0.99979783 0.018489539 -6.8367099 -0.95658481 -0.012944886 0.29116663 -37.63739
0.30092733 -0.017846679 0.95348003 185.0405 -0.0047604127 0.99978431 0.020215807 -6.8422093 -0.95363523 -0.010622447 0.30077747 -37.436431
0.31191201 -0.015836774 0.94997896 185.67332 -0.0068693517 0.99979735 0.018922732 -6.8427084 -0.9500862 -0.012427966 0.31174001 -37.222053
0.32335649 -0.012365677 0.94619638 186.27563 -0.007081991 0.99985499 0.015487156 -6.8452286 -0.94625076 -0.011708826 0.32322203 -36.997815
0.33490239 -0.0086354378 0.94221322 186.88824 -0.0086430309 0.99988778 0.012236127 -6.8468528 -0.94221323 -0.012241485 0.33479017 -36.767475
0.34676569 -0.0081111519 0.93791668 187.51624 -0.0076561489 0.99990482 0.011477853 -6.8439392 -0.93792058 -0.011160955 0.34667058 -36.524154
0.3580323 -0.010942493 0.93364504 188.12732 -0.0071430869 0.99986996 0.014457877 -6.8503545 -0.93368192 -0.011845494 0.35790758 -36.276318
0.36927188 -0.012777248 0.92923353 188.74959 -0.0068228572 0.99984125 0.016459488 -6.8500077 -0.9292964 -0.012418053 0.36912608 -36.015985
0.38038196 -0.013233601 0.92473475 189.3915 -0.0095554854 0.99978801 0.018238235 -6.8559444 -0.92478015 -0.015773784 0.38017487 -35.740332
0.38977671 -0.014999282 0.9207872 190.00125 -0.011234815 0.99971549 0.021040783 -6.8461256 -0.9208409 -0.018546081 0.3894973 -35.46597
0.39729278 -0.014049436 0.91758432 190.64214 -0.014773102 0.99965532 0.021702463 -6.8460304 -0.91757303 -0.022177798 0.39694829 -35.171598
0.40171674 -0.015703332 0.91562929 191.27502 -0.016635088 0.99956286 0.02444118 -6.8426988 -0.91561291 -0.025050005 0.4012799 -34.87519
0.40313109 -0.021140597 0.91489799 191.93404 -0.010887609 0.99955159 0.027894094 -6.8349765 -0.91507752 -0.021206027 0.40272015 -34.60007
0.40460578 -0.019453481 0.91428423 192.58125 -0.0087422855 0.99964575 0.025138537 -6.831483 -0.91444946 -0.018164131 0.40429238 -34.301546
0.40313156 -0.019455363 0.91493517 193.25754 -0.0060005071 0.99969631 0.023901637 -6.8246047 -0.9151224 -0.015125579 0.40289239 -34.012643
0.40191601 -0.018152463 0.91549655 193.92431 -0.0028413878 0.99977395 0.021070924 -6.8223397 -0.91567217 -0.011070022 0.40177358 -33.72124
0.40227621 -0.019648129 0.91530745 194.59002 -0.00027961631 0.999767 0.021584042 -6.8153235 -0.91551835 -0.0089386807 0.40217698 -33.424068
0.40108829 -0.025967238 0.91567124 195.27824 0.0039780111 0.99963808 0.026605954 -6.8074186 -0.9160308 -0.0070287856 0.40104643 -33.131352
0.40034887 -0.029110011 0.91590028 195.95669 0.0045490691 0.99954612 0.02978008 -6.8036527 -0.91635155 -0.0077559271 0.40029958 -32.826271
0.39895499 -0.031434788 0.9164315 196.64696 0.0054389285 0.99947577 0.031915556 -6.7950533 -0.91695442 -0.0077484646 0.39891682 -32.52261
0.39649215 -0.031504289 0.91749735 197.34546 0.0040313625 0.99946111 0.032576561 -6.785648 -0.9180293 -0.0092175855 0.39640549 -32.235361
0.39556446 -0.031845443 0.91788592 198.0178 0.0030318435 0.99943853 0.033368279 -6.7739438 -0.91843325 -0.010416418 0.39543891 -31.921584
0.39330729 -0.03083776 0.91888973 198.71429 0.0018544094 0.99946192 0.032748015 -6.7688037 -0.91940525 -0.011176035 0.39315284 -31.628762
0.39249396 -0.028003551 0.91932813 199.40339 0.0036733202 0.99957614 0.028879706 -6.7639817 -0.91974728 -0.0079581228 0.39243047 -31.323865
0.39147141 -0.021834343 0.91993115 200.10031 0.0025141378 0.9997401 0.022658712 -6.7670346 -0.92018687 -0.0065574035 0.39142456 -31.029738
0.39042847 -0.018187073 0.92045357 200.77283 -0.00075679893 0.99979817 0.020075839 -6.75792 -0.92063299 -0.008534777 0.39033591 -30.741463
0.38936005 -0.020947037 0.92084738 201.47753 -0.0014351458 0.99972636 0.023348162 -6.7508264 -0.92108456 -0.010412391 0.38922345 -30.445152
0.38817065 -0.024040546 0.92127386 202.16584 -0.0019689789 0.99963579 0.026915005 -6.7433611 -0.92158545 -0.012261583 0.38798194 -30.140072
0.38509474 -0.023923915 0.92256686 202.83821 -0.0058611473 0.99958038 0.028367562 -6.7443019 -0.92285847 -0.016331499 0.38479292 -29.853085
0.38096048 -0.02382412 0.92428429 203.53941 -0.0089112929 0.99952693 0.029436505 -6.7404889 -0.92454842 -0.019450713 0.38056795 -29.551079
0.37384534 -0.024818687 0.9271589 204.23017 -0.0093940026 0.99948932 0.030542678 -6.7359087 -0.92744352 -0.020127971 0.37342127 -29.274433
0.36538893 -0.024839946 0.93052342 204.91873 -0.0096700017 0.99948866 0.030478067 -6.7300926 -0.93080476 -0.020134511 0.36496188 -28.997706
