1 0 0 0 0 1 0 0 0 0 1 0
0.99993106 -0.0024941257 0.011473683 0.0062787691 0.0024812358 0.99999627 0.0011375419 -0.0096504197 -0.011476478 -0.0011089946 0.99993353 0.29222176
0.99984248 -0.0042699256 0.017227647 0.028588715 0.0042487284 0.99999017 0.0012668479 -0.015915158 -0.017232888 -0.0011934527 0.99985079 0.57589094
0.99977091 -0.0070818954 0.020198339 0.021580169 0.0070856897 0.99997489 -0.00011626777 -0.018251134 -0.02019701 0.00025936032 0.99979599 0.8845547
0.99979157 -0.008265951 0.018668103 0.025942059 0.0082924268 0.99996472 -0.0013412443 -0.023592791 -0.018656359 0.0014957687 0.99982484 1.1986284
0.99987782 -0.011102441 0.011003817 0.032242426 0.011139553 0.99993245 -0.0033170453 -0.023694853 -0.010966248 0.0034392177 0.99993395 1.515417
0.99992911 -0.011886192 -0.00069916772 0.019329233 0.011882947 0.99991938 -0.0044762477 -0.03511893 0.00075231695 0.0044676223 0.99998974 1.8407291
0.99979973 -0.011479245 -0.016392952 -0.0094861829 0.011401794 0.99992343 -0.0048103664 -0.038530652 0.016446918 0.004622494 0.99985406 2.1604169
0.99932651 -0.0076017955 -0.035898991 -0.041883028 0.0074186265 0.99995879 -0.0052328096 -0.043997457 0.035937293 0.0049629642 0.99934172 2.5010192
0.99844399 -0.0037118968 -0.055640022 -0.082216007 0.003368199 0.99997467 -0.0062696772 -0.050717167 0.05566189 0.0060725149 0.99843121 2.847616
0.99720351 -0.0030397248 -0.074672042 -0.12612937 0.0025614015 0.99997559 -0.0065005882 -0.05709198 0.074689986 0.0062911443 0.99718696 3.2080622
0.99537056 -0.0041752565 -0.096020896 -0.17997009 0.0036206666 0.99997575 -0.005949231 -0.06113778 0.096043415 0.0055740297 0.99536154 3.5920855
0.99339758 -0.0054924314 -0.11459093 -0.23785029 0.0049338941 0.99997453 -0.0051572441 -0.070440486 0.11461635 0.0045578143 0.99339938 3.9880389
0.99123139 -0.0045542776 -0.13205903 -0.30267832 0.0039966699 0.99998195 -0.0044871671 -0.078332388 0.13207709 0.0039200245 0.9912317 4.3779109
0.98889133 -0.0033963426 -0.14860148 -0.38470987 0.0028436013 0.99998823 -0.0039319267 -0.084973981 0.1486131 0.0034656848 0.98888935 4.7957859
0.98673865 -0.0028329478 -0.16229233 -0.47150849 0.0022305516 0.99998993 -0.003893887 -0.092012608 0.16230174 0.0034802474 0.98673504 5.2017075
0.98465189 -0.0042236954 -0.1744787 -0.57219815 0.0034217737 0.99998216 -0.0048966683 -0.10013412 0.17449629 0.004224487 0.98464877 5.6463163
0.98295042 -0.0071085106 -0.18373333 -0.64803243 0.0059437356 0.9999586 -0.0068894376 -0.11207547 0.18377472 0.0056799132 0.98295198 6.0906602
0.98154426 -0.0063042131 -0.19113117 -0.74738738 0.0047671138 0.9999525 -0.0085008679 -0.12247032 0.1911757 0.007432834 0.98152769 6.549736
0.9798608 -0.0066782483 -0.19957009 -0.8586552 0.0046274119 0.99993161 -0.01074095 -0.12510315 0.19962818 0.0096011427 0.97982468 7.016877
0.97827193 -0.0066519252 -0.20721914 -0.96148619 0.0040380706 0.9999069 -0.013034389 -0.1347075 0.20728657 0.011914412 0.97820771 7.4918686
0.97649978 -0.010634924 -0.21525584 -1.0854048 0.0075971072 0.9998596 -0.014935055 -0.1476293 0.21538447 0.012948757 0.97644348 8.0049941
0.97470481 -0.016443913 -0.22289038 -1.2020886 0.013199176 0.99978423 -0.016039565 -0.16410864 0.22310606 0.012691872 0.97471155 8.5165577
0.97269813 -0.017272103 -0.23143035 -1.3290984 0.013382069 0.99974173 -0.018368073 -0.18849321 0.23168786 0.014769573 0.97267806 9.0289394
0.97058621 -0.0136824 -0.24036471 -1.4828005 0.0084749962 0.99970674 -0.022684999 -0.19415338 0.24060462 0.019980658 0.97041754 9.5560243
0.96852032 -0.010649802 -0.24870657 -1.6324981 0.0043974591 0.9996605 -0.0256815 -0.20669914 0.24889566 0.023779378 0.96823835 10.105268
0.96614809 -0.01321833 -0.25764925 -1.797861 0.0062747746 0.99959511 -0.027753299 -0.23035824 0.2579118 0.025197106 0.96583985 10.657293
0.9638183 -0.015132272 -0.26613021 -1.9645663 0.0075551932 0.99953705 -0.029472164 -0.26178049 0.26645301 0.026395146 0.96348643 11.223891
0.96170322 -0.014786705 -0.27369373 -2.135805 0.0062295662 0.99946499 -0.032108153 -0.28521512 0.2740221 0.029173522 0.96128081 11.794073
0.95925226 -0.014502755 -0.28217861 -2.3308426 0.0045582063 0.99934619 -0.035866656 -0.30647773 0.28251431 0.033118943 0.9586912 12.383236
0.95723836 -0.015512519 -0.2888842 -2.5043394 0.0039227846 0.99916555 -0.040654818 -0.33739478 0.28927382 0.037783121 0.95650044 12.960605
0.95526545 -0.016496148 -0.29528932 -2.7081888 0.0024454892 0.99884967 -0.047888899 -0.3771499 0.29573965 0.045024485 0.95420693 13.583253
0.95414435 -0.016386136 -0.29889804 -2.9171097 -0.00046912662 0.99841758 -0.056232622 -0.41376587 0.29934652 0.053794261 0.95262681 14.207905
0.9528697 -0.016691198 -0.30292035 -3.1224871 -0.0030674278 0.9979043 -0.064634405 -0.45893328 0.30336437 0.062517353 0.95082156 14.815279
0.95175167 -0.016151116 -0.30644395 -3.342278 -0.006827434 0.9972523 -0.07376474 -0.5063154 0.30679334 0.072297941 0.94902627 15.473781
0.95042141 -0.015369558 -0.31058478 -3.5568708 -0.010349828 0.996661 -0.080992174 -0.56716579 0.31079257 0.080191197 0.94708889 16.125457
0.94855978 -0.014029212 -0.31628707 -3.8013894 -0.014406882 0.99607012 -0.087388544 -0.62620074 0.31627012 0.08744997 0.94462994 16.783332
0.94685421 -0.013397992 -0.32138387 -4.045981 -0.017566109 0.99548745 -0.093253203 -0.69788632 0.32118304 0.093942654 0.94234614 17.421503
0.94570173 -0.011485242 -0.32483275 -4.2900631 -0.021820565 0.99487761 -0.098703577 -0.77557721 0.32430249 0.10043218 0.94060687 18.125824
0.9436416 -0.0083185867 -0.33086451 -4.5677347 -0.026962251 0.99442924 -0.10189955 -0.85132285 0.32986903 0.10507751 0.93816051 18.820074
0.94144962 -0.0082055245 -0.3370538 -4.8347109 -0.028158957 0.9942973 -0.10285885 -0.92693586 0.33597573 0.10632751 0.93584976 19.489995
0.93949058 -0.0068671175 -0.34250589 -5.1085549 -0.030020123 0.99430253 -0.10228032 -1.0147561 0.34125688 0.10637347 0.93393171 20.217762
0.93733628 -0.0069847132 -0.34835601 -5.3964522 -0.030028527 0.99445968 -0.10073844 -1.0999422 0.34712967 0.10488641 0.93193339 20.940813
0.93436054 -0.006605709 -0.35626778 -5.6717659 -0.030670869 0.99462656 -0.098880287 -1.1826616 0.3550066 0.10331688 0.92913721 21.647627
0.93180806 -0.0061520102 -0.36289928 -5.9627295 -0.030657605 0.994949 -0.095585577 -1.267974 0.36165435 0.10019304 0.92691289 22.351374
0.92818768 -0.0023770389 -0.37210479 -6.3134392 -0.033750149 0.99532028 -0.090545419 -1.3554361 0.37057871 0.096601735 0.92376379 23.187412
0.92504052 -0.0016393529 -0.37986489 -6.594561 -0.033059994 0.99584897 -0.084804837 -1.4311924 0.37842711 0.091006243 0.92114646 23.89088
0.92135058 0.0013016518 -0.3887305 -6.9510686 -0.035547658 0.99608666 -0.080918 -1.5070092 0.38710397 0.088372306 0.9177913 24.641256
0.91715686 0.0012511244 -0.39852442 -7.2747078 -0.035653735 0.99624275 -0.078925253 -1.5793527 0.39692836 0.086595723 0.91375548 25.367389
0.91387691 0.0041224355 -0.40597042 -7.6472277 -0.039265229 0.99615832 -0.078274138 -1.6579638 0.40408816 0.08747345 0.91052796 26.139191
0.91041975 0.0036734594 -0.4136694 -7.9903821 -0.039205703 0.99622595 -0.077438767 -1.7309577 0.41182376 0.086719984 0.9071278 26.905383
0.90683053 0.004543035 -0.42147091 -8.3697811 -0.040114057 0.99633335 -0.075569322 -1.8061806 0.41958225 0.085435478 0.90368774 27.704658
0.90261189 0.0050041447 -0.4304262 -8.7635845 -0.040407867 0.99650197 -0.073150703 -1.8808185 0.42855453 0.083419301 0.89965674 28.483449
0.89887199 0.0055836928 -0.43817571 -9.1499606 -0.039816338 0.9968234 -0.068976513 -1.9525517 0.4363987 0.079447609 0.89623896 29.256717
0.89504184 0.0058498163 -0.44594379 -9.5660277 -0.038179192 0.9972483 -0.063546691 -2.0133925 0.44434499 0.073902722 0.89280229 30.068325
0.89167295 0.0041106768 -0.4526615 -9.9871759 -0.034586831 0.99765444 -0.059070861 -2.0728663 0.45135697 0.068328017 0.88972366 30.834014
0.88839884 0.0048225272 -0.45904708 -10.408558 -0.035015865 0.99774363 -0.057284768 -2.1476595 0.45773508 0.066965653 0.88656315 31.688993
0.88522431 0.0054612784 -0.46513232 -10.85229 -0.035710713 0.99777798 -0.056248178 -2.2112397 0.46379164 0.066402463 0.88345235 32.502819
0.88168077 0.00587473 -0.47180979 -11.305544 -0.035651064 0.99789365 -0.054196628 -2.2653749 0.47049764 0.064604647 0.88003308 33.299456
0.87834382 0.0043742931 -0.4780094 -11.793049 -0.033703708 0.99803631 -0.052797577 -2.3255924 0.47683983 0.062485115 0.87676645 34.146791
0.87589425 0.002957797 -0.48249404 -12.246862 -0.032431579 0.99808065 -0.052756116 -2.3856575 0.48141196 0.061856823 0.87430903 34.981329
0.87431131 0.0039725464 -0.4853493 -12.735372 -0.034038246 0.99800635 -0.053148103 -2.4530985 0.48417059 0.062988427 0.87270346 35.834985
0.87331768 0.0027479834 -0.48714336 -13.240764 -0.033022011 0.99801795 -0.053569788 -2.5109917 0.48603065 0.062869897 0.87167746 36.712731
0.8726247 0.0026543063 -0.48838414 -13.726909 -0.032470203 0.99808806 -0.052591935 -2.5678625 0.48731082 0.061750955 0.87104248 37.556664
0.87247386 0.0031891874 -0.48865037 -14.260157 -0.032265679 0.99817244 -0.05109502 -2.6328561 0.48759442 0.060345706 0.87098226 38.474377
0.87177042 0.0012978731 -0.48991289 -14.759452 -0.029891868 0.99827429 -0.050546151 -2.6930976 0.48900188 0.058709051 0.87030479 39.366431
0.87150495 0.00036344005 -0.49038655 -15.249665 -0.029190786 0.99826493 -0.051137421 -2.7575408 0.48951715 0.058881285 0.87000344 40.246586
0.86973067 -0.0021036213 -0.49352215 -15.787155 -0.027019789 0.99828815 -0.051871953 -2.8206853 0.49278647 0.058449494 0.86818499 41.183871
0.86898577 -0.0026254673 -0.49483008 -16.319254 -0.025360818 0.99843546 -0.049834374 -2.8865433 0.49418678 0.055854658 0.86755963 42.088228
0.86654702 -0.0018860752 -0.49909186 -16.861617 -0.024464503 0.99863026 -0.046250268 -2.9516995 0.49849551 0.052288067 0.86531394 43.017872
0.86457536 -0.0012132159 -0.50250169 -17.408985 -0.02298674 0.99885478 -0.04196124 -3.0185674 0.50197716 0.047829531 0.86355734 43.93771
0.86035634 -0.0045856944 -0.50967236 -17.950073 -0.018231465 0.99904274 -0.039764487 -3.0736499 0.50936687 0.043503703 0.85944915 44.829677
0.85515308 -0.0069501005 -0.51832893 -18.505245 -0.017234746 0.99897611 -0.041829287 -3.1405854 0.51808898 0.044703711 0.85415772 45.749467
0.84924877 -0.0083585976 -0.52792674 -19.079837 -0.01837273 0.99880132 -0.045369165 -3.2052375 0.52767319 0.048229163 0.84807722 46.631455
0.84361938 -0.0087291878 -0.53687068 -19.667249 -0.018333261 0.99881657 -0.045048372 -3.262291 0.53662861 0.047846271 0.84246098 47.534904
0.83716645 -0.0063271659 -0.54691159 -20.259913 -0.018658755 0.99902069 -0.040118827 -3.3179814 0.54662987 0.043790826 0.83622854 48.431215
0.83254492 -0.0033348349 -0.55394748 -20.849715 -0.019032587 0.9992193 -0.034620094 -3.3798654 0.55363051 0.039365838 0.83183148 49.300351
0.82861916 -0.0025659041 -0.55980682 -21.478841 -0.021341118 0.99911781 -0.036168367 -3.4344898 0.55940582 0.041916705 0.8278334 50.176993
0.82499417 -0.0045965455 -0.56512252 -22.078807 -0.022416902 0.99891378 -0.040850195 -3.4875628 0.56469649 0.046369469 0.82399501 51.049012
0.82131664 -0.0058950249 -0.57044211 -22.665876 -0.025990064 0.99852166 -0.047739078 -3.5560041 0.56988027 0.054034726 0.81994924 51.895869
0.81983578 -0.0073965313 -0.57255092 -23.311458 -0.02555421 0.99844768 -0.049489578 -3.6145239 0.57202823 0.055204414 0.81837412 52.772073
0.81668826 -0.0049598792 -0.57705776 -23.915414 -0.026254977 0.99860826 -0.045740838 -3.6823506 0.57648156 0.052506644 0.81542142 53.629514
0.81351914 -0.0030227728 -0.58153025 -24.554094 -0.024795401 0.99889681 -0.039879215 -3.7436045 0.58100931 0.046861782 0.81254673 54.514832
0.81012857 -0.0029578636 -0.58624476 -25.191832 -0.022828072 0.99906971 -0.036586738 -3.7988188 0.58580765 0.0430228 0.8093074 55.373505
0.80851184 -0.0019902803 -0.58847651 -25.843329 -0.024705147 0.99899789 -0.037321266 -3.8555798 0.58796112 0.044713084 0.80765245 56.238375
0.80379789 -0.00051708988 -0.59490223 -26.508586 -0.028156666 0.99884587 -0.038911873 -3.9196263 0.5942358 0.048027745 0.80285564 57.10127
0.80032664 -0.0053786235 -0.59954009 -27.147212 -0.024528259 0.9988289 -0.041703537 -3.9708043 0.59906232 0.048082127 0.79925745 57.955261
0.79592836 -0.0054936856 -0.60536587 -27.791691 -0.025147535 0.9987957 -0.042127754 -4.0304467 0.60486832 0.048754134 0.79483167 58.779487
0.79178704 -0.0056711648 -0.6107709 -28.48229 -0.024402267 0.99886484 -0.04090916 -4.0944945 0.61030963 0.047295537 0.79074985 59.653508
0.78709316 -0.0056409936 -0.61680832 -29.135608 -0.024318937 0.99889695 -0.040168133 -4.1527694 0.61635459 0.046616186 0.78608777 60.487538
0.78106582 -0.0073289982 -0.62440567 -29.821132 -0.0234889 0.99887863 -0.041106537 -4.2163052 0.6240068 0.046773514 0.78001781 61.317006
0.77647226 -0.0083993884 -0.63009542 -30.537632 -0.023407649 0.99883662 -0.04216029 -4.275061 0.62971656 0.047485349 0.77537232 62.166712
0.77275729 -0.0095032109 -0.63463046 -31.221966 -0.023161924 0.99879967 -0.043159523 -4.3407454 0.6342789 0.048051099 0.77160962 63.013497
0.76605147 -0.0093763543 -0.64271082 -31.928011 -0.024652086 0.99872939 -0.043953214 -4.4058267 0.64230635 0.049514587 0.76484697 63.83482
0.75980684 -0.011749173 -0.65004268 -32.623623 -0.023096914 0.99871777 -0.045048273 -4.4655545 0.64973851 0.049241966 0.75856123 64.62398
0.75430819 -0.013383978 -0.65638402 -33.376122 -0.021503223 0.99875209 -0.045076253 -4.5270633 0.65616827 0.048115759 0.75307908 65.465473
0.74712429 -0.01377997 -0.66454147 -34.10272 -0.020416315 0.99883758 -0.043665409 -4.5861661 0.66437076 0.046190976 0.74597448 66.29291
0.74256298 -0.014655893 -0.66961585 -34.861793 -0.018614353 0.99892281 -0.042505617 -4.655898 0.66951756 0.044027564 0.74149029 67.15226
0.73427196 -0.015749543 -0.67867268 -35.646657 -0.018380746 0.99890307 -0.043067495 -4.718361 0.67860657 0.044097764 0.73317702 67.915716
0.72837241 -0.01856151 -0.68492997 -36.392699 -0.016842338 0.99884594 -0.044979171 -4.7862748 0.68497446 0.044297409 0.7272192 68.754179
0.72299947 -0.017951916 -0.69061528 -37.166385 -0.017951663 0.99883658 -0.044757295 -4.8403653 0.69061534 0.044757194 0.72183605 69.453154
0.71762931 -0.017887913 -0.69619548 -37.985143 -0.017929597 0.99886418 -0.04414622 -4.9038301 0.69619447 0.044163126 0.71649349 70.317823
0.71300376 -0.015171411 -0.70099602 -38.793909 -0.02208966 0.99878357 -0.044084366 -4.97419 0.70081219 0.046917083 0.71180131 71.09189
0.70879719 -0.017612329 -0.70519239 -39.587139 -0.019439767 0.9988209 -0.044484901 -5.039181 0.70514444 0.045239549 0.70761907 71.899705
0.70377905 -0.018351348 -0.71018183 -40.432826 -0.021583914 0.99865248 -0.04719485 -5.1115554 0.710091 0.048543251 0.7024346 72.700678
0.69905875 -0.020889923 -0.714759 -41.255482 -0.02109365 0.99853574 -0.049814041 -5.1787751 0.71475307 0.049899818 0.69759451 73.495289
0.69387456 -0.020940391 -0.71979133 -42.068162 -0.022460221 0.99846139 -0.050699064 -5.254239 0.71974557 0.051345463 0.69233663 74.292953
0.68958826 -0.022077213 -0.72386503 -42.976331 -0.020043964 0.99857048 -0.049550306 -5.3187339 0.72392424 0.048678434 0.68815997 75.080393
0.68398704 -0.0206806 -0.72920093 -43.774591 -0.021104897 0.99861868 -0.048117751 -5.3976856 0.72918883 0.048301629 0.68260577 75.854515
0.67962201 -0.021553673 -0.73324574 -44.654689 -0.020618021 0.99861209 -0.048464268 -5.4744018 0.7332727 0.04805546 0.67823437 76.661903
0.67282365 -0.023365593 -0.7394338 -45.529987 -0.018632148 0.99864888 -0.048510323 -5.5394386 0.73956827 0.046416133 0.67147924 77.395859
0.66898441 -0.023495059 -0.74290497 -46.408225 -0.018494542 0.99866463 -0.048237991 -5.6173604 0.74304634 0.046010151 0.66765654 78.224265
0.66355866 -0.025075495 -0.74770387 -47.301629 -0.016411905 0.99870969 -0.048058332 -5.6819003 0.74794425 0.044160768 0.66229093 79.00962
0.66078161 -0.028238131 -0.75004682 -48.164137 -0.013244953 0.99869777 -0.049268096 -5.7594385 0.75046138 0.042489787 0.6595471 79.751556
0.65587015 -0.031357438 -0.75422212 -49.08709 -0.012402552 0.99855435 -0.052300997 -5.8437069 0.75477186 0.043656942 0.65453308 80.558693
0.65135304 -0.035973217 -0.75792157 -49.98661 -0.0076009906 0.99851607 -0.053924792 -5.9135693 0.75873678 0.040885032 0.65011304 81.335255
0.64434516 -0.040358568 -0.76366907 -50.905818 -0.0015581078 0.99853509 -0.054085476 -5.9881854 0.76473325 0.036039594 0.64333837 82.07869
0.63704758 -0.043734761 -0.76958274 -51.841369 0.0032366371 0.99853209 -0.054066533 -6.0777452 0.77081772 0.031952094 0.63625401 82.844123
0.62783518 -0.045614179 -0.77700855 -52.758725 0.0071185531 0.99857606 -0.052869366 -6.1539002 0.7783138 0.027662071 0.62726589 83.577753
0.61905995 -0.044161816 -0.78410105 -53.726239 0.0073935313 0.99870118 -0.050411128 -6.2317305 0.78530896 0.025410235 0.61858242 84.368468
0.60958391 -0.043669024 -0.79151779 -54.669088 0.0066798833 0.99872905 -0.049956644 -6.3121662 0.79269344 0.02516552 0.60910086 85.067091
0.6010554 -0.044767462 -0.79795252 -55.614547 0.0055054211 0.99863817 -0.051879569 -6.3804456 0.79918844 0.02678943 0.60048333 85.80418
0.59174506 -0.046934583 -0.80475765 -56.642107 0.0059279031 0.99852999 -0.053876818 -6.470415 0.8061034 0.027110816 0.59115342 86.526541
0.58149214 -0.048391085 -0.81211153 -57.63509 0.0058443815 0.99845214 -0.055309792 -6.5421259 0.81353106 0.027415919 0.58087488 87.227868
0.5725536 -0.049356173 -0.81838029 -58.648385 0.0087428826 0.99849712 -0.054102266 -6.6318361 0.81982071 0.023821444 0.57212463 87.921935
0.56267056 -0.048768709 -0.82524142 -59.689155 0.0092344667 0.99856688 -0.052715308 -6.7145638 0.82662968 0.022040687 0.56231454 88.60794
0.55218796 -0.050618958 -0.83218154 -60.744152 0.012048892 0.99853544 -0.052742783 -6.7962618 0.83363262 0.019097064 0.55198915 89.285945
0.54136755 -0.051076403 -0.83923317 -61.791847 0.010086478 0.99847581 -0.054261512 -6.8862787 0.84072558 0.020910514 0.54105759 89.976508
0.5313493 -0.051273948 -0.84559969 -62.857019 0.0079832592 0.99842542 -0.055524279 -6.9710624 0.84711525 0.022752145 0.53092198 90.633137
0.52084055 -0.051579632 -0.85209425 -63.866286 0.0065145654 0.99838401 -0.056452945 -7.0519843 0.85362916 0.023851959 0.52033489 91.244183
0.51198495 -0.052193503 -0.85740725 -64.970088 0.0066188499 0.99836241 -0.056821633 -7.1397709 0.85896896 0.023416771 0.51149199 91.880855
0.50214478 -0.04983483 -0.86334642 -66.095121 0.0048308912 0.99848426 -0.054825601 -7.2254995 0.86477011 0.023359656 0.50162441 92.546837
0.49503277 -0.048672046 -0.86750996 -67.164804 0.0063888448 0.99860671 -0.052381582 -7.313987 0.86885085 0.020388213 0.494654 93.153931
0.48832099 -0.049120673 -0.8712805 -68.341628 0.0069928761 0.99860277 -0.05237954 -7.399154 0.8726361 0.019485272 0.48798219 93.804619
0.48001308 -0.051917038 -0.8757237 -69.406488 0.0083286881 0.99847199 -0.054628908 -7.484515 0.87722183 0.018928961 0.47971202 94.366603
0.47433858 -0.055102514 -0.87861628 -70.518843 0.010398854 0.99832026 -0.056995733 -7.567368 0.88028112 0.017898672 0.47411482 94.964885
0.46755244 -0.058332473 -0.88203853 -71.682713 0.01191767 0.99814559 -0.059693725 -7.6650362 0.88388503 0.017398102 0.46738059 95.555195
0.46203111 -0.061939251 -0.88469809 -72.797443 0.013769794 0.99793892 -0.062676201 -7.7603806 0.88675685 0.016776244 0.46193172 96.102015
0.4586277 -0.061821458 -0.88647542 -73.913302 0.014289503 0.99796119 -0.062203477 -7.8645049 0.88851365 0.015860945 0.45857605 96.721421
0.45223418 -0.06068967 -0.88983198 -75.054464 0.017873832 0.99809855 -0.058989917 -7.960424 0.89172016 0.010772549 0.45245903 97.295665
0.44729162 -0.057647302 -0.89252839 -76.143676 0.01994667 0.99831541 -0.054483658 -8.0575044 0.89416576 0.0065671143 0.44768799 97.928514
0.44564117 -0.057900813 -0.89333721 -77.282191 0.023273673 0.99831821 -0.053094989 -8.1416853 0.89490913 0.0028700739 0.44623926 98.419292
0.44105653 -0.057442694 -0.8956391 -78.402384 0.023492588 0.9983466 -0.05246104 -8.2322154 0.89717184 0.0020974033 0.44167677 98.975284
0.43885854 -0.057374906 -0.89672249 -79.514053 0.026862842 0.99835104 -0.050730644 -8.321058 0.89815457 -0.0018249387 0.43967614 99.518701
0.43561409 -0.055130112 -0.89844364 -80.601208 0.02551135 0.99847787 -0.04889911 -8.4042075 0.89977197 -0.0016193692 0.43635747 100.0954
0.43624318 -0.05708365 -0.8980163 -81.736312 0.030227406 0.99835217 -0.048777607 -8.4922492 0.899321 -0.0058658064 0.43724981 100.60043
0.42995131 -0.056374737 -0.90109028 -82.842967 0.030347025 0.99838709 -0.047981948 -8.5734398 0.90234195 -0.0067155086 0.43096865 101.10228
0.43170887 -0.055819374 -0.90028417 -83.911777 0.03374317 0.99838419 -0.045721069 -8.6570029 0.90138167 -0.010640252 0.43289483 101.7189
0.427329 -0.056164656 -0.90234992 -85.065442 0.037495021 0.9983108 -0.044380869 -8.742424 0.90331839 -0.014868398 0.42871306 102.19984
0.42483473 -0.05764595 -0.90343363 -86.080344 0.040939539 0.99817288 -0.044439442 -8.8150553 0.90434478 -0.018106739 0.4264185 102.66637
0.42552031 -0.057730585 -0.90310552 -87.153181 0.040505404 0.99817793 -0.044722929 -8.8845208 0.90404195 -0.017550139 0.42708339 103.13218
0.42532546 -0.059853696 -0.90305909 -88.242219 0.041828705 0.99804453 -0.046448612 -8.9701993 0.90407338 -0.018018016 0.42699735 103.63886
0.42425639 -0.059963375 -0.90355456 -89.25569 0.040189625 0.99806881 -0.04736501 -9.0519303 0.90464986 -0.016218611 0.42584698 104.13925
0.4280352 -0.059023981 -0.90183256 -90.303145 0.036552317 0.99817922 -0.047981006 -9.1293605 0.90302263 -0.012426511 0.4294133 104.63396
0.43164152 -0.058551037 -0.90014294 -91.334232 0.034463697 0.99823303 -0.048405221 -9.2056935 0.90138667 -0.010128552 0.43289671 105.12342
0.43677101 -0.059211523 -0.89762186 -92.341464 0.032847119 0.99821572 -0.049864209 -9.2880505 0.89897287 -0.0077050521 0.43793662 105.60691
0.44207338 -0.059247441 -0.89502 -93.344505 0.032340611 0.9982202 -0.050105103 -9.364875 0.89639572 -0.0067953622 0.44320267 106.10629
0.44931173 -0.058854825 -0.89143425 -94.337576 0.032685347 0.99824252 -0.049432115 -9.4410845 0.89277696 -0.0069264098 0.45044576 106.57279
0.45752343 -0.057753459 -0.88732 -95.324366 0.031339164 0.99831588 -0.048818683 -9.5174907 0.88864517 -0.0054721762 0.45856286 107.08737
0.46549741 -0.055949924 -0.88327895 -96.292027 0.028702787 0.99842921 -0.048117263 -9.5852538 0.88458373 -0.0029541066 0.46637213 107.58655
0.47803074 -0.055911799 -0.8765617 -97.262531 0.028429883 0.99843393 -0.048181297 -9.6575322 0.87788292 -0.0018884061 0.47887168 108.11808
0.48765954 -0.057771903 -0.87112027 -98.233665 0.030160423 0.99832734 -0.049324134 -9.7406516 0.8725128 -0.0022199724 0.48858627 108.65117
0.49291533 -0.058058408 -0.86813803 -99.147494 0.02664727 0.9983105 -0.051634036 -9.8021883 0.86966917 0.0023176987 0.49362965 109.15975
0.50828793 -0.057860746 -0.85924121 -100.1266 0.022565368 0.99829265 -0.053875737 -9.8863609 0.86089154 0.0079952922 0.50872575 109.72768
0.52072309 -0.056269931 -0.85186918 -101.04864 0.020832888 0.99836589 -0.053212177 -9.9621247 0.85347145 0.0099619132 0.52104443 110.30469
0.53292005 -0.054220633 -0.8444266 -101.98515 0.019483936 0.99846661 -0.051815175 -10.033893 0.84594129 0.011160592 0.53315931 110.84231
0.54525634 -0.052880899 -0.83659971 -102.89738 0.020015227 0.99854502 -0.050072368 -10.112564 0.83803041 0.010557543 0.54552143 111.43592
0.55785316 -0.051123201 -0.82836357 -103.77672 0.018739025 0.99862242 -0.04901127 -10.184427 0.82972812 0.011818366 0.55804267 112.0231
0.56786598 -0.052787591 -0.82142659 -104.61277 0.021292421 0.9985496 -0.049450295 -10.254874 0.82284562 0.010590979 0.56816632 112.62101
0.57949107 -0.05250317 -0.8132856 -105.51806 0.019268512 0.99852639 -0.050732327 -10.329715 0.81475081 0.013728126 0.57964878 113.22523
0.58902098 -0.054403443 -0.80628437 -106.32561 0.020852032 0.99842234 -0.052134619 -10.405048 0.8078487 0.013895717 0.58922613 113.83627
0.60086243 -0.052669631 -0.79761532 -107.16428 0.019571195 0.99849709 -0.05119119 -10.477534 0.79911286 0.015148577 0.60099019 114.46923
0.60996957 -0.051354691 -0.79075898 -107.94566 0.020017057 0.99857794 -0.049410589 -10.54721 0.79217201 0.014310287 0.61013013 115.09502
0.61949431 -0.04959536 -0.78343286 -108.7291 0.021124335 0.99869404 -0.046518582 -10.615522 0.7847169 0.012268499 0.61973294 115.74301
0.62916274 -0.049173141 -0.77571657 -109.55489 0.021867909 0.99872163 -0.045573096 -10.6842 0.77696596 0.011709594 0.62943375 116.34534
0.64036427 -0.047263701 -0.76661574 -110.3547 0.018036715 0.998755 -0.046509338 -10.750462 0.76785958 0.015955689 0.6404195 117.00671
0.6501496 -0.047517138 -0.75831891 -111.07474 0.017311562 0.99870986 -0.047738134 -10.820332 0.75960901 0.017909244 0.65013342 117.59756
0.65957647 -0.046169905 -0.75021809 -111.80051 0.015863549 0.99874442 -0.047517799 -10.884521 0.75147008 0.019440501 0.65948073 118.28045
0.66837816 -0.044141087 -0.74251071 -112.54601 0.015611304 0.9988502 -0.045327399 -10.947731 0.74365783 0.018704283 0.66829876 118.93028
0.67758283 -0.043607875 -0.73415245 -113.28528 0.016813618 0.99889815 -0.043815433 -11.009596 0.73525428 0.017344826 0.67756944 119.56333
0.68640373 -0.042609874 -0.72597126 -113.95774 0.01718563 0.99895361 -0.042383231 -11.068484 0.72701762 0.016615734 0.68641776 120.22391
0.69337799 -0.0432466 -0.71927508 -114.64782 0.018154933 0.99892897 -0.042559588 -11.14073 0.72034533 0.01645149 0.6934205 120.88772
0.7005179 -0.039611692 -0.71253459 -115.35203 0.013994155 0.9990288 -0.04178052 -11.198038 0.71349764 0.019296682 0.70039189 121.57128
0.70771752 -0.037482942 -0.70550046 -115.99781 0.013679145 0.99913141 -0.039361299 -11.24988 0.70636311 0.018206038 0.70761553 122.23697
0.71543968 -0.035326687 -0.6977808 -116.66605 0.01337361 0.99923035 -0.036876176 -11.305021 0.69854653 0.017050831 0.71536149 122.88729
0.72329324 -0.033628061 -0.68972168 -117.29356 0.012372466 0.9992843 -0.035746408 -11.364198 0.69043019 0.017321577 0.72319165 123.55751
0.73099493 -0.032611269 -0.68160317 -117.92965 0.0117846 0.99931174 -0.035173459 -11.416085 0.68228116 0.0176792 0.73087612 124.19542
0.73903745 -0.030091231 -0.67299192 -118.55048 0.0096655054 0.99937269 -0.03407052 -11.46644 0.67359503 0.018674583 0.7388647 124.87829
0.74675132 -0.027756976 -0.66452388 -119.13806 0.0092010179 0.9994643 -0.031407803 -11.512553 0.66503973 0.017339522 0.74660668 125.51342
0.75663108 -0.02331313 -0.65342626 -119.71762 0.0063075097 0.99957789 -0.028359484 -11.555648 0.65381164 0.017336174 0.75645874 126.1551
0.76713962 -0.021290882 -0.64112672 -120.31302 0.0052371284 0.99962361 -0.02692956 -11.605304 0.64145882 0.017301069 0.76696238 126.8826
0.77694369 -0.02090243 -0.62922298 -120.81588 0.0040893289 0.99959516 -0.028156616 -11.64076 0.62955684 0.019303005 0.77671462 127.52322
0.78645403 -0.02146157 -0.61727582 -121.33097 0.0040267288 0.99955305 -0.029622319 -11.686207 0.61763572 0.02081099 0.78618894 128.17218
0.79610658 -0.020385247 -0.60481296 -121.85927 0.0032680493 0.99956272 -0.029388618 -11.733613 0.60514763 0.021419914 0.79582508 128.87026
0.80620605 -0.019340527 -0.59131863 -122.35517 0.0032849715 0.99959647 -0.028215513 -11.762832 0.59162576 0.020805052 0.80594425 129.53823
0.8163485 -0.017059889 -0.5773076 -122.8673 0.0027227226 0.99966623 -0.025690818 -11.80345 0.57755324 0.019400812 0.81612247 130.21855
0.82514561 -0.015822833 -0.56469844 -123.32553 0.0033616451 0.9997275 -0.023100249 -11.841251 0.56491012 0.017162753 0.82497395 130.93532
0.83418287 -0.014400286 -0.55129987 -123.806 0.0038607599 0.99978702 -0.020273249 -11.875622 0.55147444 0.014783161 0.8340608 131.63562
0.84254072 -0.013943189 -0.53845214 -124.24712 0.0045973454 0.99981464 -0.01869647 -11.902707 0.53861306 0.013277086 0.84244864 132.36091
0.84948949 -0.014201594 -0.52741435 -124.70328 0.006030956 0.99983373 -0.017208481 -11.936456 0.52757109 0.011437611 0.8494339 133.02806
0.8558573 -0.014092197 -0.51702 -125.12465 0.0063953925 0.99984067 -0.016665522 -11.968819 0.51717251 0.010956763 0.85581106 133.75385
0.86264424 -0.013205276 -0.50563873 -125.55327 0.0057297646 0.99985013 -0.016336859 -11.99395 0.50577872 0.011195706 0.86259061 134.49863
0.86896505 -0.011688444 -0.49473538 -125.98963 0.004565767 0.99986784 -0.015603105 -12.023458 0.49485241 0.011299706 0.86890358 135.24085
0.87493168 -0.010520066 -0.48413207 -126.37256 0.0035311723 0.99987602 -0.015345456 -12.042136 0.48423352 0.011716672 0.87486035 135.97836
0.88087561 -0.011062342 -0.47321851 -126.7926 0.0042820268 0.9998722 -0.015403023 -12.07445 0.47332847 0.011541813 0.8808104 136.72924
0.88596581 -0.012232305 -0.46358919 -127.19955 0.0052150001 0.99985165 -0.016415781 -12.104858 0.46372126 0.012126203 0.88589817 137.47378
0.89022571 -0.012679023 -0.45534319 -127.58855 0.0056688336 0.99984351 -0.016757685 -12.13415 0.45548444 0.012336857 0.89015827 138.25264
0.89332144 -0.012190636 -0.44925291 -127.98437 0.0055512662 0.99985509 -0.016092949 -12.158983 0.44938403 0.011882254 0.89325966 139.01989
0.89635501 -0.010462151 -0.44321352 -128.38131 0.0050301779 0.99989716 -0.013429757 -12.187215 0.44330848 0.0098083873 0.89631546 139.81102
0.89953129 -0.0067445613 -0.43680426 -128.76998 0.0030488936 0.99995339 -0.0091612474 -12.205886 0.43684572 0.0069090587 0.89950992 140.6237
0.90258195 -0.0038009997 -0.4305013 -129.16052 0.0012185635 0.99997957 -0.0062742407 -12.226798 0.43051639 0.005138423 0.90256814 141.45383
0.90606766 -0.0010651593 -0.42313148 -129.56282 -0.0007070317 0.99999162 -0.0040312977 -12.247195 0.42313227 0.0039517956 0.90605931 142.28329
0.90885937 0.00077255091 -0.41710194 -129.95858 -0.0016288706 0.99999723 -0.0016971044 -12.259215 0.41709951 0.002221834 0.90885812 143.10446
0.91208291 0.0018599986 -0.41000157 -130.33684 -0.0016942946 0.99999827 0.00076745606 -12.273732 0.41000232 -5.3204275e-06 0.91208449 143.94918
0.91561583 0.0019294831 -0.40204964 -130.73706 -0.00093495783 0.999996 0.0026698522 -12.29032 0.40205321 -0.0020686598 0.91561397 144.82749
0.91894792 0.0016416748 -0.39437547 -131.10419 -0.0002439175 0.99999351 0.0035943324 -12.298483 0.39437885 -0.0032068096 0.91894236 145.7241
0.9226752 0.0011061329 -0.3855765 -131.49954 0.00030466327 0.99999348 0.0035978095 -12.295109 0.385578 -0.003437081 0.92266885 146.63919
0.92649953 -0.0018604769 -0.3762913 -131.86751 0.0031062278 0.99999152 0.0027039084 -12.320953 0.37628311 -0.0036740168 0.92649746 147.52205
0.93022066 -0.0031552301 -0.36698712 -132.228 0.004192017 0.99998916 0.0020281492 -12.322932 0.36697678 -0.0034250429 0.9302238 148.45835
0.93463127 -0.0042351358 -0.35559308 -132.60348 0.0045659289 0.99998957 9.1025032e-05 -12.341011 0.35558901 -0.0017086878 0.93464086 149.40247
0.93954825 -0.0025924321 -0.3424067 -132.94595 0.0023881663 0.99999663 -0.0010181638 -12.35125 0.34240822 0.00013888965 0.93955128 150.34024
0.94539279 0.00079661324 -0.32593224 -133.28909 -0.00081321839 0.99999967 8.5300408e-05 -12.362147 0.32593223 0.00018441144 0.94539312 151.3457
0.95155899 0.0047355718 -0.30742975 -133.63102 -0.0040278539 0.99998758 0.0029365163 -12.372066 0.30743986 -0.0015559867 0.95156624 152.3365
0.95765769 0.0074914423 -0.28781178 -133.94067 -0.0064669483 0.99996892 0.0045101941 -12.379972 0.28783665 -0.0024579584 0.95767637 153.36334
0.96388646 0.0094285622 -0.26614656 -134.23675 -0.0082241847 0.99995028 0.005639425 -12.396523 0.26618652 -0.0032469272 0.96391608 154.40195
0.96954369 0.010797152 -0.2446803 -134.52402 -0.0094365065 0.99993281 0.0067325477 -12.399212 0.24473657 -0.0042185722 0.96958044 155.4362
0.97482442 0.011260106 -0.22268938 -134.77171 -0.009420101 0.99991217 0.009323181 -12.412395 0.22277481 -0.0069907084 0.97484487 156.50012
0.97962935 0.013406639 -0.20036613 -135.00425 -0.011027948 0.9998549 0.012983197 -12.410252 0.20051113 -0.010509094 0.97963506 157.60073
0.98388057 0.015378302 -0.17816433 -135.21007 -0.012559333 0.99977763 0.016939419 -12.417912 0.17838522 -0.01442874 0.98385493 158.71032
0.98757162 0.017188886 -0.15622684 -135.40776 -0.014188166 0.99969321 0.020302424 -12.409844 0.1565279 -0.017833526 0.98751252 159.8172
0.99093704 0.018732106 -0.13301463 -135.57501 -0.016179747 0.99966415 0.020243676 -12.404802 0.13334918 -0.017908065 0.99090731 160.97189
0.99357248 0.018297553 -0.11170913 -135.69657 -0.016362125 0.99970015 0.018217937 -12.397297 0.11200899 -0.016273042 0.99357394 162.09082
0.99583558 0.018443715 -0.089282324 -135.81267 -0.016985554 0.99971011 0.017064411 -12.389136 0.089571181 -0.015476839 0.99586017 163.26236
0.99739382 0.016850408 -0.070154301 -135.91517 -0.015580178 0.99970534 0.01861427 -12.385989 0.070447294 -0.017472742 0.99736246 164.43232
0.9986288 0.017654223 -0.04928328 -135.98535 -0.016642425 0.99964376 0.020865694 -12.383419 0.049634095 -0.02001689 0.99856686 165.62719
0.99943557 0.017873547 -0.028444337 -136.00868 -0.017264275 0.99961928 0.021523189 -12.372411 0.028818206 -0.021019971 0.99936363 166.8557
0.99977012 0.019088 -0.0097651432 -136.06143 -0.018869206 0.99957928 0.02202762 -12.3652 0.010181499 -0.021838296 0.99970967 168.04013
0.9997252 0.019489757 0.013025743 -136.04735 -0.019780866 0.99954873 0.022606563 -12.352245 -0.01257927 -0.022858012 0.99965958 169.28565
0.99923582 0.021537005 0.032617932 -136.02816 -0.022258028 0.99951224 0.021905658 -12.341676 -0.032130242 -0.022614929 0.99922781 170.53608
0.99834592 0.022980804 0.05270018 -135.97694 -0.024108126 0.99949178 0.02085615 -12.332519 -0.05219411 -0.022092155 0.99839256 171.77913
0.99712786 0.023056509 0.072141775 -135.89165 -0.024473524 0.99952331 0.018820066 -12.327266 -0.071673467 -0.020531575 0.99721681 173.04706
0.99554462 0.02472247 0.090992849 -135.79253 -0.026280455 0.99952714 0.015963727 -12.317767 -0.090555166 -0.018283936 0.99572359 174.29657
0.99360871 0.025093591 0.11005469 -135.67643 -0.026806889 0.99954097 0.014115568 -12.313599 -0.10964997 -0.016975576 0.99382529 175.60413
0.991244 0.025231747 0.1296098 -135.50173 -0.026938341 0.99957174 0.011430663 -12.327639 -0.12926589 -0.01482205 0.99149919 176.89395
0.9887008 0.026341686 0.1475698 -135.32372 -0.027541832 0.99960207 0.0060949135 -12.322694 -0.14735054 -0.010090389 0.98903286 178.16717
0.98575545 0.027992375 0.16583911 -135.10255 -0.028309233 0.99959911 -0.00045329774 -12.348398 -0.16578533 -0.0042479371 0.98615272 179.47836
0.98261635 0.030560352 0.18311521 -134.88893 -0.029952106 0.9995328 -0.0060871358 -12.357637 -0.1832157 0.00049663304 0.98307261 180.77289
0.97923599 0.032448163 0.20010995 -134.63259 -0.031069809 0.99946694 -0.010025456 -12.395441 -0.20032861 0.0035999098 0.97972215 182.11274
0.97518172 0.034772557 0.21865838 -134.34851 -0.032790211 0.9993817 -0.012689403 -12.423532 -0.21896445 0.0052046197 0.97571896 183.44736
0.97119575 0.034145041 0.23582395 -134.04225 -0.03204373 0.99940529 -0.012738328 -12.455814 -0.23611868 0.0048147313 0.9717123 184.75163
0.96673155 0.033035104 0.25365092 -133.7114 -0.030637649 0.99944077 -0.013397347 -12.490835 -0.25395167 0.0051803705 0.96720304 186.08414
0.96208795 0.032533706 0.27079203 -133.34081 -0.028734535 0.99942529 -0.017983766 -12.545793 -0.27122151 0.0095208815 0.96246987 187.4152
0.95743989 0.034008344 0.2866222 -132.96051 -0.02878391 0.99933413 -0.022422677 -12.596104 -0.28719393 0.013218258 0.95778125 188.75021
0.95193891 0.036548353 0.30409952 -132.56145 -0.03096498 0.99925201 -0.023164284 -12.633499 -0.3047187 0.012634548 0.95235859 190.13129
0.9465083 0.037951059 0.32043993 -132.11816 -0.032187015 0.999211 -0.023267514 -12.685566 -0.32107016 0.011708891 0.94698303 191.43612
0.94018308 0.042188883 0.33804713 -131.6738 -0.035287126 0.99902478 -0.026538852 -12.729703 -0.33883713 0.013022668 0.94075492 192.79018
0.93344 0.04323033 0.35611922 -131.16176 -0.034825817 0.99894359 -0.029981119 -12.803858 -0.35703914 0.015583433 0.93395943 194.1272
0.92707171 0.043973769 0.37229603 -130.65114 -0.034107128 0.99887156 -0.033050031 -12.855628 -0.37332928 0.017941801 0.92752539 195.48331
0.92017465 0.044110707 0.38901524 -130.10854 -0.031947323 0.99877889 -0.037684199 -12.933649 -0.39020251 0.02224805 0.92046023 196.80237
0.9110424 0.047686829 0.40954572 -129.52595 -0.032557026 0.9985079 -0.043840883 -13.03061 -0.4110253 0.026607313 0.91123557 198.15949
0.90220226 0.050935012 0.4282951 -128.93852 -0.033940717 0.99830735 -0.047227734 -13.108419 -0.42997572 0.028072326 0.90240392 199.46276
0.89049279 0.053847 0.45179982 -128.31775 -0.035496857 0.99816776 -0.049001005 -13.189514 -0.45361061 0.027597569 0.89077259 200.81983
0.87731034 0.05827431 0.47637239 -127.62779 -0.038300021 0.99793615 -0.051541691 -13.288901 -0.47839283 0.026972987 0.87773161 202.11188
0.86304618 0.062584373 0.50123294 -126.92487 -0.040461713 0.99767164 -0.054901276 -13.387594 -0.50350189 0.027101594 0.86356897 203.41644
0.84798184 0.066255495 0.52586785 -126.16622 -0.041907714 0.99743128 -0.058091258 -13.495892 -0.52836595 0.027222413 0.84858022 204.70993
0.83363012 0.068007694 0.54812019 -125.37483 -0.041830822 0.99731421 -0.060121135 -13.604937 -0.5507368 0.027190472 0.83423598 205.96338
0.81781703 0.069016337 0.57132479 -124.52282 -0.040348084 0.99721597 -0.062708368 -13.713821 -0.57406216 0.028232112 0.81832488 207.22098
0.80176583 0.071179675 0.59338434 -123.67013 -0.038828533 0.99698842 -0.067130051 -13.832139 -0.59637566 0.030782339 0.80211505 208.41041
0.78558372 0.073586752 0.61436404 -122.76913 -0.036810551 0.99670249 -0.072312713 -13.963085 -0.61765948 0.034192612 0.78570202 209.62121
0.76906641 0.075419056 0.6347037 -121.81661 -0.035005416 0.99649369 -0.075993135 -14.099161 -0.63820961 0.036225703 0.7690099 210.80094
0.75206309 0.076983284 0.65457975 -120.85546 -0.033232051 0.99632107 -0.078993383 -14.235845 -0.65825283 0.037654981 0.75185461 211.94437
0.7370159 0.077778658 0.67138514 -119.84477 -0.031515105 0.99623072 -0.080815543 -14.381542 -0.67514029 0.038403568 0.73668908 213.08267
0.72111217 0.078111454 0.6884009 -118.8335 -0.029476754 0.99618335 -0.08215748 -14.524478 -0.69219102 0.038952935 0.72066241 214.21636
0.70704361 0.078651081 0.70278254 -117.78014 -0.026470011 0.99604289 -0.084840465 -14.67876 -0.70667441 0.041383248 0.70632765 215.30237
0.6909809 0.080103125 0.71842108 -116.70324 -0.023735016 0.99581959 -0.088204285 -14.830879 -0.72248328 0.043895741 0.68999356 216.37889
0.6766318 0.082163364 0.73172299 -115.59818 -0.021027004 0.99550559 -0.092338971 -14.994926 -0.73602127 0.047093544 0.67531839 217.42793
0.66140863 0.084929613 0.74520168 -114.48319 -0.020327032 0.99523299 -0.095383948 -15.157975 -0.74975028 0.047940029 0.65998206 218.44693
0.64647669 0.085173317 0.75816446 -113.31508 -0.018969064 0.99523604 -0.095631621 -15.327645 -0.76269792 0.047441945 0.64501255 219.46343
0.63020043 0.08681981 0.77156315 -112.16895 -0.019531995 0.99518683 -0.096029546 -15.500243 -0.77618681 0.045447694 0.62886293 220.44331
0.6125838 0.087445676 0.7855535 -110.95342 -0.021043707 0.99531329 -0.094385436 -15.67125 -0.7901255 0.041288033 0.61155298 221.43138
0.59271375 0.088554945 0.80053006 -109.75852 -0.023478492 0.99541448 -0.09272962 -15.838644 -0.80507095 0.036166883 0.59207498 222.32826
0.57642977 0.089778604 0.81219977 -108.54463 -0.025296404 0.99543031 -0.092079247 -16.008361 -0.81675509 0.032531487 0.57606674 223.22181
0.5581593 0.093152095 0.82448822 -107.34848 -0.026803873 0.99518369 -0.094291964 -16.184818 -0.82930079 0.03053046 0.55796787 224.06293
0.5390553 0.096845961 0.83668404 -106.13329 -0.029178081 0.99491851 -0.096362827 -16.359271 -0.84176487 0.027532059 0.53914187 224.89682
0.52035363 0.097090918 0.84841345 -104.89084 -0.029388578 0.9949631 -0.095837032 -16.535456 -0.85344506 0.024935484 0.52058603 225.68501
0.49924591 0.095625883 0.86116732 -103.63993 -0.029071936 0.99518035 -0.093653059 -16.700583 -0.86597252 0.021720107 0.49961975 226.4417
0.47780742 0.094063634 0.87341401 -102.41147 -0.029423603 0.99540648 -0.091105401 -16.868628 -0.87797174 0.017831851 0.47838029 227.15994
0.45640774 0.092449916 0.88495476 -101.13715 -0.029120452 0.99560666 -0.088990935 -17.028602 -0.88929413 0.01484587 0.45709476 227.82457
0.43468304 0.091388775 0.89593453 -99.896055 -0.027748477 0.99572463 -0.088104943 -17.188705 -0.90015596 0.013436907 0.4353605 228.4771
