1.000000000000000000e+00 -3.306050084167601550e-19 -2.270457535318767223e-19 -8.673617379884035472e-19 7.546676715296109287e-19 1.000000000000000000e+00 6.237773588823049983e-19 1.387778780781445676e-17 -3.447385680526250622e-20 4.770700176052009879e-20 1.000000000000000222e+00 5.551115123125782702e-17
9.999425920850050220e-01 -2.776403060879994392e-03 1.034849633186156991e-02 1.374214671683799370e-02 2.759903316855702015e-03 9.999948858387118777e-01 1.608457056894340787e-03 -1.047573047317966466e-02 -1.035291222220879707e-02 -1.579804138524779512e-03 9.999451605307206892e-01 2.934721208882799526e-01
9.998272188568437802e-01 -5.209504180104008314e-03 1.784503178669378035e-02 2.758333571708471155e-02 5.180701493248408493e-03 9.999852218501179557e-01 1.659777589528587706e-03 -1.691673556579068038e-02 -1.785341414211131031e-02 -1.567073985389556183e-03 9.998394085629054295e-01 5.796427181304267817e-01
9.997962270550033725e-01 -6.851763451818499578e-03 1.898352624693988924e-02 3.018391846436731252e-02 6.839057504510104649e-03 9.999763282188328661e-01 7.339463381207272409e-04 -2.131274581194639306e-02 -1.898811085835896625e-02 -6.039184276777197907e-04 9.998194509326765456e-01 8.875474462247368024e-01
9.998069314981951061e-01 -7.709566786949248983e-03 1.807890828609111031e-02 3.122072519485758618e-02 7.725879663215575940e-03 9.999698320025353082e-01 -8.328210166179977501e-04 -2.294068471061425085e-02 -1.807194242319632230e-02 9.722911805721583733e-04 9.998362831453879718e-01 1.188090404347374562e+00
9.998859069803596178e-01 -1.030734148919268227e-02 1.104696413858934773e-02 3.383537087806300081e-02 1.032491577218744294e-02 9.999455380534286730e-01 -1.535613001931415873e-03 -2.358607298835006805e-02 -1.103054156982430888e-02 1.649439625056897457e-03 9.999378253862863941e-01 1.509755058952015450e+00
9.999319805112915072e-01 -1.166633010891095050e-02 -7.277308453668245296e-05 2.533276663143300966e-02 1.166603551370981248e-02 9.999267500203948833e-01 -3.227576657358642576e-03 -3.389406568189208546e-02 1.104054382965022254e-04 3.226508762245974132e-03 9.999947612514559214e-01 1.832388306285740454e+00
9.998160387750346656e-01 -1.107428849305777847e-02 -1.565991479066991890e-02 5.857140070120198105e-03 1.101556253380270300e-02 9.999319869260111515e-01 -3.831845323188786019e-03 -4.049611037347455866e-02 1.570127712426653416e-02 3.658646576409972911e-03 9.998700277352337018e-01 2.158442114521532673e+00
9.993731631830728990e-01 -6.881567721580780263e-03 -3.473720320076313650e-02 -2.568269224696854980e-02 6.754868108283323958e-03 9.999700754088406418e-01 -3.764422695111188134e-03 -4.888279781409107794e-02 3.476207525670515358e-02 3.527477020121609890e-03 9.993898050787413112e-01 2.504460858587354899e+00
9.985324997230711208e-01 -2.874604418733081417e-03 -5.408310933399651521e-02 -7.015229042587671493e-02 2.618769903085489160e-03 9.999850576453017670e-01 -4.799891583471519937e-03 -5.661303392809731438e-02 5.409611063650826557e-02 4.651206520656411825e-03 9.985250985764516640e-01 2.858728365485834644e+00
9.972184608143817020e-01 -2.462229701113375496e-03 -7.449898769712219593e-02 -1.176785344965481789e-01 2.106146830036340588e-03 9.999859664808505855e-01 -4.857225670377098188e-03 -6.122378526151062150e-02 7.450990982767963233e-02 4.686828039873404579e-03 9.972097234196424242e-01 3.220596830516386344e+00
9.954791755497262029e-01 -3.525742466539535415e-03 -9.491556384889240916e-02 -1.705815071494466983e-01 3.159478562207368620e-03 9.999869535660861342e-01 -4.009143187531669615e-03 -6.423777501448738048e-02 9.492846074442483351e-02 3.691249242622162557e-03 9.954773623430808183e-01 3.597386003680677735e+00
9.933129948160726030e-01 -4.428764622119931924e-03 -1.153641395804876485e-01 -2.301402947196968807e-01 4.076708912919884721e-03 9.999862958793256373e-01 -3.286817365899667373e-03 -7.291969279327017994e-02 1.153771293412640259e-01 2.794536834491739407e-03 9.933174399946044231e-01 3.983756795113960969e+00
9.911821419064172911e-01 -4.084206101237526990e-03 -1.324597724590807213e-01 -3.019105697446788361e-01 3.787111129725990490e-03 9.999897428931575627e-01 -2.495083350835636954e-03 -7.908830787109974447e-02 1.324686170530873230e-01 1.971461405470790063e-03 9.911874053234113191e-01 4.378419119761093548e+00
9.889168240476090554e-01 -3.453245681019167460e-03 -1.484713788739983331e-01 -3.757713350529482410e-01 3.212635589976525676e-03 9.999931157760331146e-01 -1.860428383300844748e-03 -8.516406649525937178e-02 1.484767837643896082e-01 1.363086408533178105e-03 9.889210662264680263e-01 4.791109664296640425e+00
9.868383150093272826e-01 -3.192806008277667904e-03 -1.617074911555591576e-01 -4.671742694492070913e-01 2.824187036675611905e-03 9.999928874076567942e-01 -2.510434823408710329e-03 -9.084602097944341481e-02 1.617143654472378567e-01 2.020644808739065126e-03 9.868402934974757068e-01 5.212946295318950263e+00
9.847656466478483805e-01 -4.586808819298046451e-03 -1.738196970493214311e-01 -5.572490845853120822e-01 4.098788921285009997e-03 9.999865892829248315e-01 -3.167461161083978509e-03 -9.661710441841793451e-02 1.738319101780956277e-01 2.406679389634968497e-03 9.847712535444772541e-01 5.647946842117132604e+00
9.831220145754181461e-01 -8.062246181010764012e-03 -1.827681670539672287e-01 -6.390683739561138221e-01 7.241244227469511088e-03 9.999604583174873662e-01 -5.157905221977760780e-03 -1.117648103667608639e-01 1.828025433032226810e-01 3.747366729793122440e-03 9.831415418661585415e-01 6.097021164027506046e+00
9.815269643568595992e-01 -8.078817152237214444e-03 -1.911109218100835727e-01 -7.370904829976486772e-01 6.774553279902569870e-03 9.999491024816415941e-01 -7.475368859219745296e-03 -1.158840740557279397e-01 1.911616097188355012e-01 6.042232196108565830e-03 9.815317408931274468e-01 6.559882754645713021e+00
9.800090108605952199e-01 -7.851068482855305328e-03 -1.987893692895131292e-01 -8.464728872633383583e-01 6.175592604900311845e-03 9.999399878985129053e-01 -9.048161283349247588e-03 -1.173035129563866769e-01 1.988484682743875409e-01 7.639751253350159609e-03 9.799987065097520711e-01 7.035527615615053243e+00
9.786040503565135440e-01 -7.930681676526078402e-03 -2.055981591084115601e-01 -9.548236740605379191e-01 5.572116010222599031e-03 9.999118629546043246e-01 -1.204834687012965033e-02 -1.284244911389653132e-01 2.056756468456442666e-01 1.064423604554206107e-02 9.785620667303862596e-01 7.520767131079364454e+00
9.767554386458326965e-01 -1.229822458597117953e-02 -2.139873304697814671e-01 -1.071242436968115275e+00 9.668567355350396117e-03 9.998645346889398766e-01 -1.333167185707334959e-02 -1.374256181512549801e-01 2.141222414588195011e-01 1.095272448620592670e-02 9.767419551282099377e-01 8.024118002863204424e+00
9.749075044953534608e-01 -1.762355790291888352e-02 -2.219084611387022732e-01 -1.186954525989797338e+00 1.475914627199234261e-02 9.997851016712886452e-01 -1.456307261876276654e-02 -1.565313157587749360e-01 2.221174498079812876e-01 1.092143085297304396e-02 9.749581582986902584e-01 8.544235530776735033e+00
9.732692486256814268e-01 -1.863662140275979678e-02 -2.289321168382955352e-01 -1.312425227826852447e+00 1.517145148090858799e-02 9.997423471355855185e-01 -1.689427783433302202e-02 -1.754664746945794884e-01 2.291878768969390079e-01 1.296970271461497792e-02 9.733012489919988797e-01 9.066725254808272183e+00
9.710966173534869572e-01 -1.451191420774210032e-02 -2.382119230956742661e-01 -1.468439441631662401e+00 9.677727185350619085e-03 9.997232595448185544e-01 -2.145031739971856033e-02 -1.799579419058089935e-01 2.384572117999806118e-01 1.852474998284232843e-02 9.709683196654154136e-01 9.596135678170039540e+00
9.693777741690495775e-01 -1.141797670883293835e-02 -2.452890243200638309e-01 -1.620532524447095168e+00 5.598518202883058688e-03 9.996864456455358816e-01 -2.440636748192496694e-02 -2.000334495262062195e-01 2.454908147590639800e-01 2.228516561676683813e-02 9.691376844822896519e-01 1.014183083033483790e+01
9.669471684528218036e-01 -1.406561383126100732e-02 -2.546040096642845918e-01 -1.768800617969311206e+00 7.573857469410772217e-03 9.996212513632887209e-01 -2.646497679198641165e-02 -2.171203922554106880e-01 2.548798386411257333e-01 2.366153602842849604e-02 9.666873718480133437e-01 1.070341761146862858e+01
9.645971362242702352e-01 -1.570345486622334863e-02 -2.632708347567826457e-01 -1.934353793526975895e+00 8.525035137255731338e-03 9.995608300767948595e-01 -2.838452607700642574e-02 -2.473773103959591158e-01 2.636009371645733901e-01 2.513511285108802756e-02 9.643072212485263028e-01 1.127223786242884529e+01
9.623931828039369307e-01 -1.550501608910514507e-02 -2.712014920264272377e-01 -2.108859113487215442e+00 7.456204499725264771e-03 9.995014828667592166e-01 -3.067886846151956712e-02 -2.653630649262317398e-01 2.715420389890250696e-01 2.750256899917032094e-02 9.620290055748791369e-01 1.185977219649288728e+01
9.600203826979776256e-01 -1.508259397649003818e-02 -2.794895228583714752e-01 -2.294098117440678042e+00 5.632424868897991342e-03 9.993861632810290274e-01 -3.458481986447177470e-02 -2.849126199773982515e-01 2.798394992785536717e-01 3.162778506809443835e-02 9.595159379420447054e-01 1.244806486336466733e+01
9.581212823714289062e-01 -1.616374472654508176e-02 -2.859210552285655904e-01 -2.482618638413841339e+00 5.196766422478515945e-03 9.992228329001103804e-01 -3.907874469155829533e-02 -3.184911589606015947e-01 2.863304920914891971e-01 3.595643535972558452e-02 9.574606413698489860e-01 1.304752863502361926e+01
9.562823772117496901e-01 -1.748639701371742725e-02 -2.920096356441886920e-01 -2.680590341630607831e+00 4.073137065578334541e-03 9.989104848356110677e-01 -4.648843540878259961e-02 -3.533130643054788189e-01 2.925045683305902977e-01 4.326674685588282471e-02 9.553115386827725208e-01 1.366070905682949999e+01
9.547781969839693739e-01 -1.824339589254100544e-02 -2.967563458222545192e-01 -2.889926756479951564e+00 1.942554381197292464e-03 9.984772877587143602e-01 -5.513043003605205133e-02 -3.876887807940970765e-01 2.973103486733333356e-01 5.206019966374435953e-02 9.533597725205000817e-01 1.428612652562655860e+01
9.538858944851011934e-01 -1.842925181624513811e-02 -2.994913279837325137e-01 -3.092164967283933752e+00 -8.159334635493036740e-04 9.979507712583950418e-01 -6.397756397544115958e-02 -4.312814797110029463e-01 3.000566011534236410e-01 6.127118970945936299e-02 9.519160188497047814e-01 1.491998804528542166e+01
9.523611325037116826e-01 -1.686804895668441925e-02 -3.044833158356726188e-01 -3.312522665755711415e+00 -5.493616896826614485e-03 9.973583877676887033e-01 -7.241656994385868573e-02 -4.765142815396287701e-01 3.049008219488966720e-01 7.063835797357544133e-02 9.497526567572558420e-01 1.556469544831466933e+01
9.515212469042338972e-01 -1.659276313349299439e-02 -3.071378572838594501e-01 -3.534146325025178559e+00 -8.212944871271386435e-03 9.968171793756053223e-01 -7.929801194898174199e-02 -5.344467626225748447e-01 3.074764499840408893e-01 7.797513767360751691e-02 9.483565319301526797e-01 1.621941986396802093e+01
9.495612788825477102e-01 -1.484785162111781562e-02 -3.132211481111039642e-01 -3.768445478250585179e+00 -1.258435421001288801e-02 9.962693454102863333e-01 -8.538162445845448589e-02 -5.939346977138041384e-01 3.133200595438812575e-01 8.501794127765238684e-02 9.458320329680610650e-01 1.688544712115445634e+01
9.484968252783800846e-01 -1.383319046177203943e-02 -3.164513248885674757e-01 -4.011719253106769578e+00 -1.601496605711948823e-02 9.956747428596322003e-01 -9.152304464850781474e-02 -6.653830400495286401e-01 3.163491800177213875e-01 9.187581881755924051e-02 9.441728389435921631e-01 1.756067400667977196e+01
9.470582225338930460e-01 -1.216883952812655018e-02 -3.207831016470727437e-01 -4.260446946419931713e+00 -2.020616964450288114e-02 9.950414354632727276e-01 -9.739820389082179397e-02 -7.343526135117804943e-01 3.203775279216141136e-01 9.872459228001551068e-02 9.421162929687156851e-01 1.824908425541710244e+01
9.453904302125025749e-01 -9.314342999186991587e-03 -3.258837545210568898e-01 -4.525938403564348178e+00 -2.502066389556294873e-02 9.945681565490506193e-01 -1.010151567894936875e-01 -8.132654334503633953e-01 3.250553482231236524e-01 1.036489393100085837e-01 9.400222157744577700e-01 1.895225864263144189e+01
9.437515533343207030e-01 -8.597907127009812508e-03 -3.305213817296365209e-01 -4.780678055553106987e+00 -2.687744597155050999e-02 9.943590783448874593e-01 -1.026103013011050585e-01 -8.896155735059267933e-01 3.295385371720090939e-01 1.057248185427264314e-01 9.381970346225194657e-01 1.965729806873540753e+01
9.414706920334606766e-01 -7.535660351208203593e-03 -3.370624384218631753e-01 -5.056781451520009796e+00 -2.833852363477162850e-02 9.944417140944519229e-01 -1.013832352004961496e-01 -9.768829812372169519e-01 3.359532490670372740e-01 1.049993723452379568e-01 9.360242727585013078e-01 2.037533756765832749e+01
9.389039604770444969e-01 -7.985783445370896183e-03 -3.440007399622573292e-01 -5.338981885693714347e+00 -2.810335517910888745e-02 9.946135566184670651e-01 -9.977281062989677707e-02 -1.061206843165967584e+00 3.429435633605041334e-01 1.033494999117341578e-01 9.336222991886683475e-01 2.110154368766674793e+01
9.369725593434558020e-01 -7.582191687675276376e-03 -3.492788639750593060e-01 -5.627071842999416873e+00 -2.836379473506363269e-02 9.948142601239656768e-01 -9.765863335746376162e-02 -1.147704988903906154e+00 3.482079454130201923e-01 1.014108749046631897e-01 9.318987288380904399e-01 2.183951661665827615e+01
9.346647774565989275e-01 -7.468579152319560974e-03 -3.554580787411228404e-01 -5.915571644035839682e+00 -2.808609112780102030e-02 9.951037963460861446e-01 -9.476581181055984682e-02 -1.231670968254091392e+00 3.544262321825731310e-01 9.855498459585959603e-02 9.298786406100042479e-01 2.256733228442127626e+01
9.297555078062512690e-01 -4.248479104863587749e-03 -3.682141291763149638e-01 -6.236861470851087219e+00 -3.068526036247554503e-02 9.955603452135064479e-01 -8.900126534926031119e-02 -1.309735570492011503e+00 3.669576576385285560e-01 9.404816836334110863e-02 9.254973569907714026e-01 2.334185170041046931e+01
9.267981436852202881e-01 -2.071865298464575962e-03 -3.755945890481811600e-01 -6.556771109955654708e+00 -3.147390986990623168e-02 9.960384434791332842e-01 -8.315322971822679265e-02 -1.391610765028978181e+00 3.742796376197080055e-01 8.888347323430406677e-02 9.230613258147727374e-01 2.408969973894534178e+01
9.233284458456215704e-01 5.474855099200404444e-04 -3.840290093279625783e-01 -6.881585335666495773e+00 -3.360353598281680398e-02 9.962780035608064244e-01 -7.937380756756605427e-02 -1.464358554611605578e+00 3.825567971718519256e-01 8.619005460478733338e-02 9.199101903030448835e-01 2.485024571436089147e+01
9.204692797189566456e-01 1.786334070229234419e-03 -3.907323399115419371e-01 -7.226684069432304014e+00 -3.490428188351077377e-02 9.963690908865217022e-01 -7.763610988555016967e-02 -1.538622818352512356e+00 3.891751956098789544e-01 8.509853346580056876e-02 9.171893965759183587e-01 2.561380876638206772e+01
9.162062957709089517e-01 2.691096961803929929e-03 -4.007036385053290850e-01 -7.576493789226570463e+00 -3.683476817679224441e-02 9.963091901614054002e-01 -7.751095909025831898e-02 -1.616545925345139523e+00 3.990166673313958468e-01 8.577138294380813599e-02 9.129236691694622152e-01 2.638979156971832296e+01
9.124107216440955348e-01 3.528272731396834422e-03 -4.092772155537918177e-01 -7.939076654781587195e+00 -3.770296658425810465e-02 9.964351911432350883e-01 -7.547261334195801141e-02 -1.685992792229098036e+00 4.075519062309556073e-01 8.429446779363714004e-02 9.092914945155261552e-01 2.716255210231685524e+01
9.082914826321769608e-01 3.017514348942983236e-03 -4.183413239425162189e-01 -8.317441872658147162e+00 -3.751220059086093905e-02 9.965331415289158112e-01 -7.424266181230648742e-02 -1.754212793856450903e+00 4.166674954778642470e-01 8.312215228829621105e-02 9.052557252842504676e-01 2.794995465941981649e+01
9.048384572819678784e-01 2.204219552212981822e-03 -4.258130985487272868e-01 -8.693641517637091809e+00 -3.636085894814395508e-02 9.967332641179673658e-01 -7.210810785324614502e-02 -1.828378945223829044e+00 4.242637253237175332e-01 8.072361027765388719e-02 9.019626075375956065e-01 2.874076648418127888e+01
9.015648832195403140e-01 3.842382993994925087e-03 -4.326912994159978210e-01 -9.090672108820330166e+00 -3.657869295379355401e-02 9.970570788187680389e-01 -6.739346309910931865e-02 -1.896542376015730280e+00 4.311594129479437987e-01 7.658604026246389196e-02 8.990522170388405288e-01 2.953730652464652096e+01
8.973017762849215817e-01 5.422819721180620160e-03 -4.413136367455864351e-01 -9.502318330133302737e+00 -3.665618035325729496e-02 9.973859432279041926e-01 -6.225196630612955806e-02 -1.959893816164772096e+00 4.398220011885143887e-01 7.203902286910057740e-02 8.951553033105081880e-01 3.034631735907065675e+01
8.942268190623556823e-01 4.743630145787495339e-03 -4.475421221588405940e-01 -9.920589102730142272e+00 -3.445702069550542201e-02 9.977060856031484404e-01 -5.825798573942789216e-02 -2.029827467656273310e+00 4.462389417125942614e-01 6.751857400853296387e-02 8.923391104292534015e-01 3.116209649041295293e+01
8.903412965652015565e-01 4.467009884713366887e-03 -4.553030555969227455e-01 -1.034954616077928868e+01 -3.349218931965109586e-02 9.978851985741885589e-01 -5.569529190174543620e-02 -2.092868015294336637e+00 4.540909183416411699e-01 6.483891482934017736e-02 8.886082907988732682e-01 3.198067075816118887e+01
8.872358108312443647e-01 4.661121855414812609e-03 -4.612677052049980464e-01 -1.078884052430629303e+01 -3.369311683992936429e-02 9.979330339774316050e-01 -5.473233518429793804e-02 -2.155621412407423776e+00 4.600591054888256148e-01 6.410520397475777399e-02 8.855591472491244343e-01 3.279715004500173592e+01
8.845117855423532127e-01 4.524093175275850122e-03 -4.664996114569995300e-01 -1.124023161657602898e+01 -3.298252789012477704e-02 9.980572215587879548e-01 -5.287372189755981666e-02 -2.212237912820913532e+00 4.653541626275596865e-01 6.215565547126604418e-02 8.829425652598515972e-01 3.363383832221104797e+01
8.814726107715288306e-01 3.617552053208986703e-03 -4.721398927482123309e-01 -1.170574998906043795e+01 -3.138609662864944028e-02 9.982084226407353933e-01 -5.093260891894231535e-02 -2.270074235183160205e+00 4.711095566002710955e-01 5.971682987390018044e-02 8.800070459448833260e-01 3.447389248731987976e+01
8.786713031558005538e-01 2.937488695748861987e-03 -4.774542854574580497e-01 -1.218059034674042174e+01 -3.112312836819808998e-02 9.982064807561878972e-01 -5.114049769096247477e-02 -2.330641159291818809e+00 4.764478785465504629e-01 5.979486356633519767e-02 8.771867164198906552e-01 3.533232620799493873e+01
8.784525184109375218e-01 8.976805980874496670e-04 -4.778174351940847608e-01 -1.266023150447474954e+01 -2.952981135662591586e-02 9.981888548548466522e-01 -5.242068470137217079e-02 -2.392527555999501843e+00 4.769050456668825766e-01 6.015996270723633632e-02 8.768880561699461396e-01 3.619792957718637894e+01
8.761487533990660603e-01 1.205835680746528528e-03 -4.818842995302130006e-01 -1.315580133275827635e+01 -3.025605347884215146e-02 9.981627521044640350e-01 -5.248402130641017377e-02 -2.449020738599317681e+00 4.809353800712021787e-01 6.056688184162956068e-02 8.745756161738689194e-01 3.706349568150607610e+01
8.768253332158157942e-01 1.179913931232310547e-03 -4.808648803299231389e-01 -1.365452198786844562e+01 -2.952812651806695568e-02 9.982415923681828840e-01 -5.139700925952072480e-02 -2.509859931497099517e+00 4.799587861430487656e-01 5.926365815206672411e-02 8.753183588398298909e-01 3.795223240416222410e+01
8.752282046296018247e-01 3.187219517673442557e-03 -4.836132424553343800e-01 -1.416509054120904665e+01 -3.101112685884050563e-02 9.982909813539648791e-01 -4.952477717908970040e-02 -2.568534523588132945e+00 4.826289399889725495e-01 5.834216280011812056e-02 8.738310895329435279e-01 3.884062846734350671e+01
8.752682831473231895e-01 9.703066185151733129e-04 -4.835899155224199220e-01 -1.468058157006485942e+01 -2.810649088274584997e-02 9.984099453269299485e-01 -4.886169512899263961e-02 -2.629982115817533828e+00 4.827734781176172274e-01 5.636075659860077802e-02 8.739039687150782498e-01 3.974798504385364595e+01
8.751683253497289927e-01 -1.581574934795760201e-03 -4.838375678355956166e-01 -1.519050230877611973e+01 -2.589372618837634810e-02 9.984083553198940253e-01 -5.010303757507351269e-02 -2.695624201710347112e+00 4.831466700290197314e-01 5.637742355281344375e-02 8.737344345952698932e-01 4.066809153567841406e+01
8.733484783703164833e-01 -3.323681297807518868e-03 -4.870473311613142675e-01 -1.572333495044595963e+01 -2.429859588284962596e-02 9.984344872686575778e-01 -5.037245289253754893e-02 -2.757568843849557805e+00 4.864523283827510425e-01 5.582686993827983696e-02 8.719004917355990258e-01 4.160285471130219292e+01
8.731211730650859648e-01 -4.525592499802335959e-03 -4.873980716954743331e-01 -1.626296089632360165e+01 -2.222061555420990625e-02 9.985481916828787829e-01 -4.906423953869069182e-02 -2.817788656392551605e+00 4.869123581413657420e-01 5.367127216074929486e-02 8.717532627010711188e-01 4.253377052865707242e+01
8.701089507751492702e-01 -3.399162536217087936e-03 -4.928963806751508470e-01 -1.680261036613012138e+01 -2.146897023599775647e-02 9.987657327563344012e-01 -4.479181157839608879e-02 -2.882063824409376807e+00 4.924407847908276459e-01 4.955075780056271417e-02 8.689620350277816874e-01 4.346817018346503403e+01
8.681344168926661276e-01 -2.837975935614960900e-03 -4.963963101407980472e-01 -1.733928758382274893e+01 -1.967953364357238194e-02 9.990004348019169145e-01 -4.013432129211597782e-02 -2.944247659642343695e+00 4.960142217889005334e-01 4.460914567831906347e-02 8.672108824248323522e-01 4.439944660415640953e+01
8.637304949272542887e-01 -5.016898330283247470e-03 -5.037483734518507505e-01 -1.788131286941022680e+01 -1.679342089409420133e-02 9.991085653220072027e-01 -3.874144657058058161e-02 -3.002667505688776384e+00 5.034934957749310769e-01 4.192625986708999053e-02 8.628763385391909901e-01 4.531981479881672925e+01
8.585848345796190939e-01 -8.114313647999466320e-03 -5.125647034580297356e-01 -1.843892593824915593e+01 -1.487196679194685740e-02 9.990597482902242588e-01 -4.072684896530732318e-02 -3.065836349771371427e+00 5.124134779939389928e-01 4.258783773117198052e-02 8.576569308020317584e-01 4.623105505149158745e+01
8.539922370698813658e-01 -1.067040622921811878e-02 -5.201125979325527116e-01 -1.900030881956835671e+01 -1.409849625231355749e-02 9.989479638863086874e-01 -4.364278715997771396e-02 -3.126672977442569668e+00 5.200310761544882920e-01 4.460390290076099440e-02 8.529434212133047977e-01 4.713402163726466654e+01
8.473291721001064980e-01 -9.810790324571305385e-03 -5.311022440797589228e-01 -1.958174769653101777e+01 -1.500791831273841012e-02 9.989876982281231665e-01 -4.240792198622372888e-02 -3.183058491626409747e+00 5.309807457207021963e-01 4.390219810222199120e-02 8.463242090975822141e-01 4.803957057076939208e+01
8.409430514699912651e-01 -7.116312162184027998e-03 -5.410921091652167725e-01 -2.017884761964634066e+01 -1.582474898046621822e-02 9.991624534287807391e-01 -3.773099699955098640e-02 -3.240471906632498289e+00 5.409071556857374397e-01 4.029441636385230896e-02 8.401261855080275343e-01 4.894475375829242836e+01
8.373582395835451608e-01 -3.233239529590712594e-03 -5.466372346737783383e-01 -2.078118977729447536e+01 -1.761447490859792755e-02 9.993036764118962134e-01 -3.289144415292801632e-02 -3.298940419587391037e+00 5.463629842564524663e-01 3.717028251462262817e-02 8.367181608897822365e-01 4.984109722065703352e+01
8.327182709802636307e-01 -2.705433953161850372e-03 -5.537838078383178209e-01 -2.138642743300631111e+01 -1.950363531062596426e-02 9.992241632034850607e-01 -3.420369131918827438e-02 -3.349309145656814479e+00 5.534467164989242960e-01 3.927993149291746783e-02 8.320194531758707823e-01 5.073404537209921017e+01
8.291589562343620878e-01 -5.316236144437949673e-03 -5.589429636154907843e-01 -2.199525970433540678e+01 -1.940787856349674920e-02 9.990781866476449169e-01 -3.829379236880902510e-02 -3.404382874248137458e+00 5.586310142748250884e-01 4.260411400018713352e-02 8.282914492276733931e-01 5.161320528009278519e+01
8.266889075440193579e-01 -7.365404869182340560e-03 -5.624837261444546321e-01 -2.260917924404025214e+01 -2.202597635041463400e-02 9.987242466157871812e-01 -4.543722925892398207e-02 -3.468258860274945565e+00 5.621004480402901349e-01 4.995637156934813056e-02 8.254721297871847607e-01 5.249094206827617626e+01
8.236550444859019882e-01 -8.219611304677512317e-03 -5.669862762068765827e-01 -2.323269917680890728e+01 -2.212794958931919159e-02 9.986676370541608394e-01 -4.662053120786740362e-02 -3.525523030624092780e+00 5.666139001546968146e-01 5.094783472264999974e-02 8.223757594885324762e-01 5.336886937327702896e+01
8.214935730558697857e-01 -7.398690296116513555e-03 -5.703370280551897098e-01 -2.385236585677439436e+01 -2.095621869728903769e-02 9.988485601065183461e-01 -4.314201818763489793e-02 -3.592652781546779917e+00 5.699999375696120918e-01 4.738568578784339846e-02 8.203926585932883597e-01 5.423821589689599421e+01
8.171207023682947046e-01 -4.816917294925809889e-03 -5.765029028396394528e-01 -2.448912635042281494e+01 -2.020369639299245818e-02 9.991114883979490546e-01 -3.699543105628860101e-02 -3.644935355716914849e+00 5.761691305898666293e-01 4.187380539942654051e-02 8.162973063803630192e-01 5.512143616245041500e+01
8.132746678319231481e-01 -3.968121944691080372e-03 -5.817870866646175365e-01 -2.512502685466829888e+01 -1.958629890588149680e-02 9.992233962129153380e-01 -3.418132684763654228e-02 -3.705851670694023436e+00 5.814708703219544361e-01 3.919490753227133917e-02 8.125652956925579762e-01 5.599492411938980041e+01
8.119137858430409693e-01 -1.656053967214184174e-03 -5.836038515244755809e-01 -2.576775103612921924e+01 -2.235819151457612425e-02 9.991740940374964630e-01 -3.394298210210915795e-02 -3.758897040347324303e+00 5.831778320772983415e-01 4.061390342163092443e-02 8.112061884559496061e-01 5.686537934023959195e+01
8.074000897107767027e-01 -4.018224604567285918e-03 -5.899343958043745673e-01 -2.641767757418873330e+01 -2.150419867186121811e-02 9.991120224772940261e-01 -3.623368916246316740e-02 -3.807981202031340828e+00 5.895563516869684051e-01 4.193948408864840716e-02 8.065965823653046263e-01 5.773698284430390970e+01
8.035879924019273535e-01 -5.211610916477758468e-03 -5.951094111504137141e-01 -2.707038382467575843e+01 -2.179292331605807084e-02 9.990334676478045406e-01 -3.816370912023185624e-02 -3.870021874849913779e+00 5.947332983764030967e-01 4.363636916332292587e-02 8.026976822918820975e-01 5.859532641430342181e+01
8.008335738068194098e-01 -7.637795096415843366e-03 -5.988100547505958993e-01 -2.772458720045329983e+01 -1.938682238402812674e-02 9.990639002163665960e-01 -3.866222275527777391e-02 -3.922835175281438325e+00 5.985446588777372234e-01 4.257531925564199404e-02 7.999360144411697959e-01 5.946561297490988096e+01
7.955724008168871819e-01 -7.596455897528300166e-03 -6.057245591576317922e-01 -2.840170254682477946e+01 -1.889118849704372188e-02 9.991240950085159556e-01 -3.732703081509450294e-02 -3.979854850802149624e+00 6.054775231315218109e-01 4.114060040379263067e-02 7.947321674283812643e-01 6.033255783529570238e+01
7.915006312187866655e-01 -7.656600291343033417e-03 -6.111151539278186773e-01 -2.907536649271002815e+01 -1.883372780155070925e-02 9.991410024370626086e-01 -3.690242108603916660e-02 -4.037037984252304312e+00 6.108729821701732732e-01 4.071613530807052100e-02 7.906764467694133991e-01 6.119263496794758339e+01
7.857860048824579779e-01 -9.330598133084174600e-03 -6.184579632385414083e-01 -2.976301499278288532e+01 -1.832152010840897710e-02 9.990961860320466403e-01 -3.836134882429300536e-02 -4.097674362857299357e+00 6.182569725138983285e-01 4.147555130972325338e-02 7.849048941418005354e-01 6.205194842754731610e+01
7.803224947420945856e-01 -9.873019303298135110e-03 -6.251306785331521843e-01 -3.046119759359804391e+01 -1.824643457969471472e-02 9.990901947143741024e-01 -3.853979322733656204e-02 -4.155583439264080248e+00 6.249423320080759181e-01 4.148268672495809828e-02 7.794324133305495783e-01 6.290910067823797647e+01
7.757667707367471577e-01 -1.190200594090474150e-02 -6.310593703823625944e-01 -3.116030539925907306e+01 -1.717363723073747975e-02 9.990534559823219807e-01 -3.997093993040583965e-02 -4.212847086150335763e+00 6.309379394916514450e-01 4.184413409470198048e-02 7.748281774023301205e-01 6.375485149377861660e+01
7.698392944598239085e-01 -1.321192813137125714e-02 -6.381108350430739762e-01 -3.187846002815929936e+01 -1.708638259596957990e-02 9.990007038251471627e-01 -4.129532592406843367e-02 -4.275415541324931290e+00 6.380186455885561436e-01 4.269591136911234097e-02 7.688443231185324578e-01 6.459889260838957625e+01
7.655077973751922560e-01 -1.557064905005920916e-02 -6.432911565141077315e-01 -3.259688049412689281e+01 -1.536033255853647139e-02 9.989799153336679227e-01 -4.246310830370531725e-02 -4.333647140127897757e+00 6.432963791029402412e-01 4.238426020345156114e-02 7.644877144418664727e-01 6.544414184384292810e+01
7.574213354897885164e-01 -1.626240200996841717e-02 -6.526650273921166256e-01 -3.333380396164981363e+01 -1.426917778185816076e-02 9.990387623478806933e-01 -4.145850834869573703e-02 -4.390877053494633309e+00 6.527114104014033469e-01 4.072231631082214032e-02 7.564612950799640689e-01 6.628610272613327936e+01
7.514471403512182901e-01 -1.652944649673668623e-02 -6.594630836980778232e-01 -3.407374281972206376e+01 -1.328290300302181932e-02 9.991044530435518878e-01 -4.017340329717727920e-02 -4.450867050258309199e+00 6.595367149806514728e-01 3.894756474025495158e-02 7.505547284169061806e-01 6.712188909885774990e+01
7.462574553060992155e-01 -1.779742494130587965e-02 -6.654245067841658701e-01 -3.482994751974833036e+01 -1.150802688132342502e-02 9.991480411289824781e-01 -3.962512759937780044e-02 -4.512854864553861312e+00 6.655628481157209730e-01 3.723056426715772027e-02 7.454168783856278679e-01 6.794763651898878720e+01
7.401294472367192512e-01 -1.941539020815835972e-02 -6.722626589481537351e-01 -3.559479400277997740e+01 -1.043157189995842261e-02 9.991312149345994431e-01 -4.035475886102876664e-02 -4.575511526683843755e+00 6.724622587464897938e-01 3.687965765982013921e-02 7.392839306860424786e-01 6.878192828342518794e+01
7.333780692206758323e-01 -2.180132716926416747e-02 -6.795630337123178544e-01 -3.637583910979272162e+01 -9.029711064635711007e-03 9.990850102709810665e-01 -4.179409831537182762e-02 -4.639206107648762512e+00 6.798527266652641954e-01 3.678549299510817244e-02 7.325100125875059209e-01 6.960866788418678652e+01
7.280197548113104267e-01 -2.099306661304951860e-02 -6.851884296158482490e-01 -3.716251518084086314e+01 -1.072342472989853968e-02 9.990599714198010739e-01 -4.200556845191874555e-02 -4.699471579612877647e+00 6.854259009407596137e-01 3.793425456291973918e-02 7.271102299570906258e-01 7.042814397449183161e+01
7.220617539563618514e-01 -2.082860908081295842e-02 -6.914416868256315629e-01 -3.795959810093176401e+01 -1.061621149049991018e-02 9.990952956659313600e-01 -4.118403958494155914e-02 -4.761724442691929404e+00 6.916737599104267886e-01 3.708003407115754296e-02 7.211873178818271057e-01 7.124507023258837535e+01
7.180528516953768037e-01 -2.075826597714203539e-02 -6.956779065954569186e-01 -3.877137861409561026e+01 -1.073099027975801811e-02 9.991059744836862100e-01 -4.089528816061850647e-02 -4.822824716338464768e+00 6.959051255361695665e-01 3.682830884378143071e-02 7.171881477169638197e-01 7.206436267999218614e+01
7.121667881290487667e-01 -2.043594111713712899e-02 -7.016768834760988005e-01 -3.959583392728831086e+01 -1.190057082098140706e-02 9.990810136700690736e-01 -4.118497968864499870e-02 -4.887151565120944952e+00 7.018735412659807826e-01 3.768330277185138327e-02 7.112691402251133388e-01 7.287524866238723575e+01
7.080623218630938132e-01 -2.214565980305947118e-02 -7.058322523429120254e-01 -4.041272607936311090e+01 -1.258884370501591084e-02 9.989534267123906242e-01 -4.397391186534593821e-02 -4.950211469490801264e+00 7.060672198319616344e-01 4.002426725770783650e-02 7.070425194947367320e-01 7.369195433216401625e+01
7.031526367701576019e-01 -2.578703918370442091e-02 -7.107296810816562393e-01 -4.123905276732335068e+01 -1.106223531831355619e-02 9.988244675745969747e-01 -4.718897648503819070e-02 -5.016325100137644988e+00 7.111114203446984305e-01 4.104011548341780086e-02 7.020408209176968173e-01 7.449948297024526767e+01
6.986427400607438942e-01 -2.478544510023620792e-02 -7.151984500139264567e-01 -4.208826245312314995e+01 -1.327983454838468566e-02 9.987784105087518238e-01 -4.760008037606788117e-02 -5.088989432262572166e+00 7.155047627182312686e-01 4.275274387331456233e-02 6.974601575092703731e-01 7.530295789303237086e+01
6.929364855165959236e-01 -2.522305826300791018e-02 -7.206256863868608642e-01 -4.294210586454764922e+01 -1.201706144566798244e-02 9.988450284599396101e-01 -4.652182913235937411e-02 -5.150412357669355679e+00 7.209668991597588672e-01 4.089729443788778923e-02 6.918329069142727938e-01 7.611467749945101957e+01
6.891185381165626511e-01 -2.464802101895892730e-02 -7.242205717775183071e-01 -4.380263586670157849e+01 -1.110731844269682335e-02 9.989446728203613679e-01 -4.456968236783776655e-02 -5.220939794846723991e+00 7.245546973887913023e-01 3.876100858421581419e-02 6.881174378667871405e-01 7.691692144564846956e+01
6.827442597279098635e-01 -2.498266432749088328e-02 -7.301150066228028201e-01 -4.467417601539806782e+01 -1.151041670598068611e-02 9.989234670743672995e-01 -4.493829942156808699e-02 -5.295726854342044376e+00 7.304514445421419477e-01 3.909000442864222352e-02 6.817216460233457287e-01 7.772012976244164406e+01
6.805905980589926907e-01 -2.613091978440449520e-02 -7.322287141357854967e-01 -4.554797152796684401e+01 -1.022199440581538811e-02 9.989278403307068066e-01 -4.514717046850495047e-02 -5.363564360191337421e+00 7.326234968240118439e-01 3.821174579495542623e-02 6.795937051268410301e-01 7.852127725212835685e+01
6.745121442789611121e-01 -2.723548058363245775e-02 -7.377615849485315014e-01 -4.643397500541281886e+01 -8.917387109186145078e-03 9.989457185484904578e-01 -4.503535470278103442e-02 -5.425189889928383913e+00 7.382105615459806369e-01 3.695222682651753271e-02 6.735582332876610678e-01 7.931599996513337203e+01
6.703529751838340767e-01 -2.810755151050993439e-02 -7.414649310114567182e-01 -4.732673628099585272e+01 -7.557569856352165487e-03 9.989720124302408077e-01 -4.469364263443557916e-02 -5.494757143743887795e+00 7.419586462057458087e-01 3.556906597123768443e-02 6.694511835933535382e-01 8.011470122463644827e+01
6.679212500795739249e-01 -3.106473656626016280e-02 -7.436037347868004188e-01 -4.821936808204787894e+01 -4.170370442703758701e-03 9.989566020952300729e-01 -4.547130504170741883e-02 -5.566365323191926784e+00 7.442404471060453108e-01 3.347189939535032827e-02 6.670947807101754723e-01 8.090878941066561936e+01
6.626226736139926299e-01 -3.614802754256406930e-02 -7.480835055197030403e-01 -4.912116569314759573e+01 -8.540816116085336992e-04 9.987975680176753857e-01 -4.902448195880933918e-02 -5.643241418322025638e+00 7.489555775919313207e-01 3.312987587685654878e-02 6.617948853596042902e-01 8.170223572353505403e+01
6.588815314776906851e-01 -4.065884968881817996e-02 -7.510987521398749811e-01 -5.003910096159129495e+01 3.557986956851896289e-03 9.986955400074361000e-01 -5.094259786397105361e-02 -5.713332049118728939e+00 7.521897745790144807e-01 3.089426789858993119e-02 6.581666728881947481e-01 8.249732447800256807e+01
6.524457626777379060e-01 -4.492813686979903881e-02 -7.565448532230650835e-01 -5.095615698774098945e+01 1.001314326696295040e-02 9.986650368768364983e-01 -5.067706719884128297e-02 -5.788465700302524830e+00 7.578115444970128234e-01 2.549070107514401703e-02 6.520245954954747569e-01 8.327813431240439002e+01
6.437189895251307359e-01 -4.836170749684073900e-02 -7.636411309006844172e-01 -5.188738037685450877e+01 1.417506412439820812e-02 9.985837070819933992e-01 -5.127612398682526024e-02 -5.864013128939460806e+00 7.650391935609512917e-01 2.218537422088124114e-02 6.434923363709340594e-01 8.405461917596228716e+01
6.357732512899378907e-01 -4.993343662198015259e-02 -7.701224720191125472e-01 -5.282788701645024787e+01 1.758651839340991119e-02 9.985833046058035789e-01 -5.022795576116891730e-02 -5.950696972279408747e+00 7.715389997535794242e-01 1.839079369131298505e-02 6.357507729960129028e-01 8.483855948257456703e+01
6.263783638848071655e-01 -4.893119705780488854e-02 -7.779689404307024159e-01 -5.378728040618033646e+01 1.926374277428633333e-02 9.986945759708312220e-01 -4.730305584711206462e-02 -6.017210630639915792e+00 7.792684660098793126e-01 1.463828183703102734e-02 6.265034837893813657e-01 8.560574015150086780e+01
6.164299218290405502e-01 -4.887332337081269629e-02 -7.858350360360987219e-01 -5.476904773216237743e+01 1.949557841299090141e-02 9.987135140294778335e-01 -4.682484015802326760e-02 -6.096279980357591555e+00 7.871116163002144228e-01 1.355499878827649655e-02 6.165891710292992212e-01 8.636374360874393119e+01
6.087391737420141391e-01 -4.925329812717548633e-02 -7.918070208490874951e-01 -5.574815032354269562e+01 1.776995699500938039e-02 9.986670558228427641e-01 -4.845799745755455940e-02 -6.167548077270110340e+00 7.931384082400757540e-01 1.542825617636740636e-02 6.088030032423027427e-01 8.710514662100024452e+01
5.973526133664388560e-01 -5.216622842515315772e-02 -8.002555227568005636e-01 -5.674080914401442044e+01 1.934447971184171181e-02 9.985289434590850499e-01 -5.064657745692899976e-02 -6.249949534455417677e+00 8.017207217132421571e-01 1.476926942663717678e-02 5.974831825925059903e-01 8.783728886245137346e+01
5.874445442349186530e-01 -5.343222024307758139e-02 -8.073884252649143889e-01 -5.775113031057983193e+01 1.861674047044781580e-02 9.984462544983491172e-01 -5.251554628564131938e-02 -6.322451221869068050e+00 8.089398607414013398e-01 1.581956001635750550e-02 5.875262330317166937e-01 8.856856996981088059e+01
5.793611858614726717e-01 -5.418064653667868658e-02 -8.132817453362041205e-01 -5.876834708209266012e+01 2.225705340096950646e-02 9.984678217621707486e-01 -5.067063217691331750e-02 -6.400500316116155552e+00 8.147805130344151214e-01 1.126326512919994735e-02 5.796791272182758581e-01 8.928738433510508798e+01
5.669803734005437468e-01 -5.417656659102128291e-02 -8.220196419140208821e-01 -5.979817827465129199e+01 2.400282770113486980e-02 9.984977415004563372e-01 -4.925172976602151809e-02 -6.478775545147304804e+00 8.234534386678415974e-01 8.194723844274441268e-03 5.674289776702585719e-01 8.999335371686446194e+01
5.580789441625287894e-01 -5.505424870998352344e-02 -8.279396899514201991e-01 -6.084052097518088686e+01 2.436113987207987053e-02 9.984538542403086359e-01 -4.997246952200658926e-02 -6.556878411619341485e+00 8.294103383722810641e-01 7.724293220560410345e-03 5.585569161242931457e-01 9.069157652585937512e+01
5.474681587115616255e-01 -5.625982412324697507e-02 -8.350729185521300613e-01 -6.190089129911437738e+01 2.428951222053198078e-02 9.983851301465200834e-01 -5.134862743005588065e-02 -6.638665893737839774e+00 8.366139804422357829e-01 7.825943571818993333e-03 5.479511301825985559e-01 9.138017969115760764e+01
5.373026466717898408e-01 -5.590584119060622997e-02 -8.415722653360808714e-01 -6.297088430121011271e+01 2.229586208613390866e-02 9.983928790069769299e-01 -5.210732054999953067e-02 -6.716406944467906648e+00 8.431330433505748179e-01 9.231021235476553899e-03 5.376864943178766287e-01 9.205337023392806373e+01
5.281444878980211532e-01 -5.659704931285591822e-02 -8.474123695802038281e-01 -6.403880111352110305e+01 2.114757719916444262e-02 9.983434721859166805e-01 -5.349682978228124941e-02 -6.800631682716973714e+00 8.490374608395463429e-01 1.032999514750023579e-02 5.284666283293009137e-01 9.271293091675966025e+01
