1.0 0.0 0.0 0.0 0.0 1.0 0.0 0.0 0.0 0.0 1.0 0.0
0.999945 0.010357579 0.0016584202 0.29370117 -0.010353055 0.9999427 -0.002712623 -0.011108398 -0.0016864213 0.002695305 0.99999493 0.009033203
0.9998388 0.017873487 0.001702315 0.57995605 -0.017864605 0.99982744 -0.0050979103 -0.02319336 -0.0017931057 0.0050666756 0.9999856 0.013549805
0.9998186 0.019026618 0.0007454376 0.8878174 -0.019021172 0.99979633 -0.0067311446 -0.026123047 -0.0008734048 0.0067157387 0.99997705 0.015625
0.9998354 0.018128922 -0.00083979324 1.1882324 -0.018134782 0.9998068 -0.007591727 -0.028076172 0.00070204504 0.0076057045 0.99997085 0.014770508
0.99993706 0.01111019 -0.0015791222 1.5097656 -0.011125775 0.9998858 -0.010232929 -0.033813477 0.0014653092 0.010249848 0.9999464 0.013061523
0.9999947 -8.786511e-06 -0.003248793 1.8322754 -2.9080249e-05 0.99993205 -0.0116604995 -0.029785156 0.0032486748 0.011660533 0.99992675 0.020751953
0.9998711 -0.015599567 -0.0038045505 2.1583252 0.015556226 0.9998166 -0.011169659 -0.016113281 0.003978086 0.011109041 0.9999304 0.025146484
0.9993913 -0.034688037 -0.0038159369 2.5045166 0.034660317 0.9993743 -0.0071047912 0.008666992 0.004059934 0.0069682454 0.99996746 0.03149414
0.9985261 -0.05403887 -0.00508237 2.8590088 0.054022897 0.9985347 -0.003228107 0.04626465 0.005249369 0.0029487447 0.9999819 0.036865234
0.9972109 -0.07445469 -0.0052730897 3.2213135 0.07443984 0.9972215 -0.00295858 0.08630371 0.005478686 0.0025577585 0.9999817 0.03942871
0.9954796 -0.09487341 -0.004432645 3.598755 0.09485513 0.99548244 -0.0041702506 0.1315918 0.004808153 0.0037309807 0.99998146 0.040649414
0.9933209 -0.11532237 -0.0036882558 3.985962 0.11530243 0.9933163 -0.005224882 0.18347168 0.0042661447 0.004764642 0.99997956 0.04748535
0.99119115 -0.13242155 -0.0029883757 4.3814697 0.13240564 0.9911851 -0.0050098514 0.2487793 0.0036253952 0.0045701135 0.999983 0.051879883
0.98892474 -0.1484376 -0.0024930635 4.795044 0.14842547 0.9889195 -0.0045020855 0.31652832 0.0031333622 0.004082315 0.99998677 0.056030273
0.986844 -0.16167182 -0.0032432384 5.2176514 0.16165724 0.98684216 -0.004342945 0.40270996 0.0039026984 0.0037617416 0.99998534 0.059448242
0.9847768 -0.17377745 -0.0037159943 5.6534424 0.17375435 0.9847706 -0.005831319 0.48779297 0.0046728808 0.005097018 0.9999761 0.06286621
0.9831513 -0.18271652 -0.005124793 6.1031494 0.18266365 0.9831298 -0.009375153 0.5654297 0.006751331 0.00828088 0.9999429 0.07507324
0.9815417 -0.19105977 -0.007476582 6.5665283 0.19098717 0.9815388 -0.009454252 0.65979004 0.009145382 0.007851355 0.99992734 0.076171875
0.98000854 -0.19873731 -0.00912567 7.0427246 0.198654 0.9800239 -0.009285434 0.7657471 0.010788724 0.0072871824 0.99991524 0.0748291
0.9785719 -0.20554389 -0.012176074 7.5284424 0.20543778 0.9786246 -0.0094146365 0.8708496 0.013851635 0.0067113545 0.9998815 0.0826416
0.97675806 -0.2139611 -0.012549014 8.032593 0.21378766 0.9767784 -0.013850315 0.9831543 0.015221296 0.010845642 0.9998255 0.08886719
0.9749824 -0.22192328 -0.012580732 8.553589 0.22166365 0.9749326 -0.019241082 1.0947266 0.016536606 0.015971482 0.9997358 0.10510254
0.9733273 -0.22897422 -0.014677274 9.076782 0.22866157 0.9732994 -0.020308632 1.2166748 0.01893545 0.016412482 0.9996862 0.12084961
0.970988 -0.23823388 -0.020284351 9.606812 0.23793125 0.9711379 -0.01625115 1.3688965 0.023571104 0.010953193 0.99966234 0.12158203
0.9691523 -0.24526323 -0.024084076 10.153198 0.24500445 0.969427 -0.01320969 1.5177002 0.026588282 0.00690065 0.99962264 0.13830566
0.96670634 -0.25462794 -0.025525384 10.71582 0.2542851 0.9670021 -0.01593405 1.661499 0.028740786 0.00891401 0.99954736 0.15222168
0.96432906 -0.2633306 -0.027057108 11.285767 0.26292533 0.96465784 -0.017643657 1.8227539 0.030746752 0.009899759 0.9994783 0.17944336
0.96205044 -0.27125916 -0.029473726 11.874268 0.27083844 0.96246105 -0.017509442 1.9934082 0.033117283 0.008860945 0.9994122 0.19421387
0.959536 -0.2795347 -0.03364937 12.463501 0.27909753 0.9600997 -0.017151183 2.1746826 0.03710202 0.007065632 0.9992868 0.21008301
0.95748174 -0.28599316 -0.03801991 13.063843 0.28548577 0.95821303 -0.018279823 2.3596191 0.04165897 0.0066498364 0.99911 0.2397461
0.9553332 -0.2921149 -0.045370296 13.677734 0.29150638 0.9563941 -0.019640457 2.5540771 0.049127184 0.0055403546 0.99877715 0.26965332
0.95338035 -0.29686278 -0.054193806 14.303711 0.29617923 0.9549133 -0.020420317 2.760376 0.057812963 0.003416466 0.9983216 0.29870605
0.9519342 -0.29955173 -0.063421115 14.937988 0.29884276 0.95404476 -0.020609563 2.960205 0.06668265 0.00065662526 0.9977737 0.336792
0.94976515 -0.3043496 -0.072814085 15.583374 0.30377793 0.95254487 -0.019070713 3.1774902 0.075163186 -0.004012595 0.99716216 0.37670898
0.9483662 -0.30688274 -0.080165416 16.23877 0.30637982 0.9517245 -0.018801287 3.3966064 0.0820663 -0.006730229 0.9966042 0.42980957
0.945836 -0.3126968 -0.08723916 16.905884 0.3124262 0.94978535 -0.01709402 3.6273193 0.08820351 -0.0110862255 0.9960413 0.4847412
0.94417256 -0.31569183 -0.09411255 17.582031 0.31561452 0.94874 -0.016091252 3.8677979 0.09437135 -0.014512209 0.99543184 0.55163574
0.9421103 -0.319691 -0.100981385 18.271484 0.31991076 0.94732124 -0.014448674 4.1134033 0.10028276 -0.018694505 0.9947844 0.61608887
0.9400086 -0.3243595 -0.10592762 18.975952 0.32500136 0.9456685 -0.011627724 4.3754883 0.103942424 -0.02349486 0.9943037 0.6912842
0.9381806 -0.32883754 -0.10802779 19.682373 0.32963085 0.9440386 -0.010948975 4.626831 0.10558194 -0.025336973 0.9940884 0.76452637
0.93600494 -0.33526754 -0.10733749 20.402222 0.33618802 0.9417609 -0.009949526 4.8988037 0.10441956 -0.026773192 0.99417084 0.84973145
0.9336032 -0.34226966 -0.105728105 21.130371 0.34313554 0.93919617 -0.010469705 5.1766357 0.10288215 -0.02651176 0.9943404 0.9321289
0.9318786 -0.34755152 -0.10381872 21.870117 0.3484325 0.9372637 -0.010121116 5.4609375 0.10082255 -0.026751328 0.9945432 1.0168457
0.9298583 -0.3537913 -0.100997806 22.599854 0.35463473 0.93495303 -0.010073798 5.7453613 0.09799507 -0.026448889 0.99483585 1.0993652
0.9254695 -0.3663764 -0.0965548 23.377197 0.36745614 0.9300387 -0.006988127 6.060547 0.09236017 -0.028999373 0.995305 1.1768799
0.9230293 -0.37374577 -0.09142633 24.12732 0.37489623 0.92707026 -0.004896774 6.3760986 0.086589314 -0.029757464 0.99579835 1.2584229
0.91987157 -0.38205874 -0.08877288 24.890137 0.38337684 0.92359656 -0.0023671056 6.696289 0.08289613 -0.031856325 0.9960485 1.3300781
0.91714686 -0.3886944 -0.0877142 25.655762 0.39010143 0.9207379 -0.0011975435 7.0372314 0.08122836 -0.0331347 0.996143 1.40271
0.91287637 -0.39854267 -0.0884374 26.434204 0.4000789 0.9164832 -0.00038999785 7.381714 0.08120725 -0.03503494 0.99607956 1.4783936
0.9092408 -0.40709546 -0.08700337 27.20935 0.40867335 0.9126881 0.00035724556 7.739502 0.07926082 -0.03587561 0.99620855 1.5463867
0.9052047 -0.41621912 -0.08587864 27.999268 0.41774318 0.9085718 -0.00024836278 8.112793 0.07813101 -0.035657417 0.99630386 1.612915
0.9019132 -0.42382723 -0.08352017 28.79248 0.42522594 0.9051165 -0.0011439405 8.484375 0.07608142 -0.03448232 0.9965046 1.685669
0.8989992 -0.4307581 -0.07941425 29.59143 0.43215147 0.90183175 0.00041283667 8.877197 0.07144298 -0.034675777 0.9968432 1.753418
0.89509857 -0.4394582 -0.074906796 30.403198 0.44082403 0.8975569 0.0018918095 9.284058 0.06639843 -0.03472466 0.99718755 1.8165283
0.8922856 -0.44589752 -0.07041901 31.221436 0.4470792 0.8944703 0.0011364673 9.69812 0.062479086 -0.03250394 0.99751616 1.8858643
0.8885555 -0.45376486 -0.0677778 32.042603 0.45485803 0.89057964 0.0007718116 10.122437 0.060006082 -0.03151624 0.9976996 1.947876
0.885505 -0.4597402 -0.067071736 32.86133 0.4608311 0.8874744 0.00090049685 10.557739 0.059110902 -0.03170209 0.99774855 2.0091553
0.88288903 -0.46504638 -0.06514735 33.700195 0.46607643 0.8847461 0.0007029767 11.005371 0.05731355 -0.030976707 0.99787647 2.0645752
0.87995666 -0.47081107 -0.06273656 34.542603 0.47172576 0.88170177 -0.00027033465 11.466919 0.05544082 -0.029365106 0.99802965 2.121338
0.87713724 -0.47614688 -0.062840566 35.4032 0.47703367 0.87890404 -0.0010071876 11.937866 0.055710208 -0.029090434 0.9980232 2.1800537
0.87684435 -0.4765906 -0.063211255 36.27014 0.4773734 0.87868905 -0.0030501673 12.415161 0.056997914 -0.027498111 0.99799603 2.239746
0.87452984 -0.48062226 -0.063635245 37.137695 0.48144144 0.8763887 -0.0027859525 12.907349 0.057107493 -0.028216662 0.99796855 2.2945557
0.8752739 -0.47965157 -0.062328525 38.027588 0.48043054 0.8770597 -0.0028029075 13.404297 0.05600935 -0.027488282 0.9980517 2.354004
0.87378067 -0.4823389 -0.061414912 38.917847 0.48320657 0.8754583 -0.0008285131 13.911987 0.054166656 -0.028963804 0.9981113 2.411621
0.8738618 -0.4824806 -0.05943846 39.82666 0.4831741 0.87549317 -0.0030495133 14.425171 0.053508934 -0.026057674 0.99822724 2.4715576
0.87369996 -0.48283914 -0.059461717 40.74817 0.48339528 0.8753962 -0.005603616 14.932617 0.054757245 -0.023845552 0.99821496 2.534912
0.87187123 -0.48613876 -0.05892893 41.684937 0.4865913 0.87357783 -0.007382319 15.462036 0.05506739 -0.022244342 0.9982344 2.5949707
0.8717293 -0.48660278 -0.056777578 42.61743 0.48694456 0.8733437 -0.008593236 15.999268 0.0537675 -0.020163752 0.9983496 2.6539307
0.8689372 -0.49215975 -0.052680083 43.554443 0.49248365 0.8703166 -0.0075362544 16.534912 0.049560446 -0.019394485 0.9985829 2.7178955
0.86718786 -0.49576166 -0.04775342 44.488037 0.49602392 0.86832345 -0.0070248665 17.068237 0.044947505 -0.017591197 0.99883443 2.7799072
0.86286163 -0.50324374 -0.045106005 45.411377 0.50337225 0.8639144 -0.00929268 17.605469 0.043647863 -0.01469039 0.9989394 2.8371582
0.8576508 -0.5121456 -0.04581158 46.325684 0.5121519 0.8587787 -0.012486829 18.157715 0.04574105 -0.012755744 0.998872 2.8981934
0.8529432 -0.51974154 -0.04786383 47.231445 0.51965934 0.8542009 -0.015123955 18.714233 0.048748758 -0.01197425 0.99873954 2.956665
0.84632087 -0.5307026 -0.047205586 48.140625 0.5306635 0.8475386 -0.014390883 19.289917 0.047643956 -0.012864379 0.9987816 3.012207
0.8401163 -0.5406635 -0.043631546 49.04956 0.54070723 0.84113765 -0.011820918 19.881714 0.043087594 -0.013661166 0.9989777 3.0700684
0.8366975 -0.5461563 -0.040521257 49.94873 0.54631567 0.83753604 -0.008009902 20.480347 0.038312804 -0.015436723 0.9991465 3.1291504
0.83199394 -0.55323505 -0.042657018 50.844482 0.55345464 0.8329072 -0.007561183 21.081177 0.03970904 -0.017319039 0.99906075 3.1781006
0.828271 -0.5583916 -0.04600449 51.726074 0.5585638 0.8293684 -0.01022647 21.686035 0.04386377 -0.017224561 0.9988892 3.230957
0.8254505 -0.5618181 -0.053372383 52.605713 0.56203425 0.82693595 -0.012301635 22.296509 0.051046494 -0.019850135 0.99849886 3.291626
0.82235545 -0.56632406 -0.054382052 53.486084 0.56652147 0.82391 -0.013207063 22.916382 0.05228547 -0.01994895 0.998433 3.3477783
0.82037294 -0.5697314 -0.050831683 54.35791 0.56990486 0.8217327 -0.012433478 23.532837 0.048850294 -0.018767819 0.99862915 3.4154053
0.8162737 -0.5759405 -0.04533656 55.244385 0.5761358 0.8173333 -0.009939537 24.16565 0.042783365 -0.01800148 0.9989225 3.4691162
0.81254095 -0.5812599 -0.042673916 56.12085 0.5814474 0.8134757 -0.009161955 24.79773 0.040038012 -0.017376473 0.9990467 3.5303955
0.81117135 -0.5829734 -0.0440939 56.993164 0.583281 0.8121184 -0.006869697 25.437988 0.039817832 -0.020147415 0.9990043 3.5830078
0.8065681 -0.58933544 -0.045445703 57.867676 0.5895774 0.80761725 -0.009306077 26.083618 0.042190332 -0.01929205 0.99892336 3.6308594
0.80267084 -0.59450036 -0.047161695 58.72876 0.5947288 0.80381733 -0.010559779 26.732422 0.044186108 -0.019580752 0.998831 3.6918945
0.7999192 -0.59830457 -0.04611772 59.601562 0.59840935 0.8010635 -0.013034202 27.383179 0.044736777 -0.017173266 0.9988508 3.7441406
0.7947162 -0.60524577 -0.044704657 60.471924 0.6053341 0.79579836 -0.013083219 28.055908 0.04349234 -0.016673101 0.9989141 3.8013916
0.7906606 -0.6106442 -0.044297364 61.33496 0.6107272 0.7917269 -0.013212008 28.725708 0.043137647 -0.016612802 0.9989306 3.8585205
0.78489375 -0.61801857 -0.045082204 62.197754 0.6180468 0.78602207 -0.014977688 29.408691 0.0446936 -0.016100995 0.99887127 3.918579
0.7794226 -0.6247033 -0.04510875 63.05835 0.62471396 0.7805627 -0.015607234 30.10254 0.0449613 -0.016026814 0.9988598 3.9764404
0.77482533 -0.63068885 -0.045492616 63.907227 0.6306175 0.7760151 -0.017710196 30.797485 0.04647158 -0.014954105 0.99880797 4.033325
0.7688447 -0.63776195 -0.046365384 64.75488 0.63764924 0.7700979 -0.019111406 31.511108 0.047891214 -0.014870616 0.9987417 4.095703
0.7644977 -0.6430309 -0.04607249 65.60327 0.6428044 0.765772 -0.021538816 32.225586 0.049131792 -0.013147155 0.99870574 4.1538086
0.7564758 -0.65245223 -0.044435266 66.44971 0.6521808 0.7576829 -0.02235997 32.957275 0.048257068 -0.012058707 0.99876267 4.211792
0.7505726 -0.6592855 -0.04267729 67.28931 0.6589866 0.7517034 -0.022723015 33.69287 0.047067247 -0.011074479 0.9988303 4.272705
0.74544245 -0.66531396 -0.0409776 68.11865 0.6649435 0.7465101 -0.024074899 34.444946 0.046603754 -0.009301672 0.99886984 4.3355713
0.73931664 -0.67220914 -0.040645614 68.95679 0.6717646 0.74038696 -0.025786912 35.205322 0.04742993 -0.00823099 0.998841 4.3986816
0.73255277 -0.6795912 -0.04057178 69.7876 0.6790372 0.7336441 -0.028274128 35.98169 0.048974022 -0.006837775 0.9987762 4.4627686
0.7271472 -0.685166 -0.04172909 70.610596 0.6846657 0.7282932 -0.027543146 36.764526 0.04926255 -0.008538654 0.99874955 4.523926
0.7212248 -0.6914201 -0.04088628 71.4314 0.6909259 0.7223334 -0.02746908 37.557495 0.04853022 -0.008437692 0.9987862 4.5875244
0.71722555 -0.6956542 -0.04064252 72.25391 0.69516444 0.7183251 -0.027459025 38.365845 0.04830137 -0.008556869 0.99879634 4.6499023
0.7113032 -0.70162326 -0.04150678 73.0686 0.70116264 0.71244615 -0.027221167 39.18628 0.04867542 -0.009735443 0.9987676 4.715454
0.7070795 -0.7058023 -0.043858092 73.88843 0.7052843 0.7083613 -0.028985273 39.999634 0.0515229 -0.010433542 0.9986174 4.7788086
0.702092 -0.71082824 -0.044889715 74.69946 0.7101319 0.7034693 -0.032694664 40.82202 0.054811426 -0.008918486 0.99845666 4.845215
0.6975032 -0.71522206 -0.04660647 75.50635 0.71460354 0.6989693 -0.031754807 41.667725 0.055283874 -0.011144254 0.9984088 4.9193115
0.6918812 -0.7206911 -0.044758942 76.32202 0.72003585 0.69325686 -0.032277524 42.5177 0.05428855 -0.009890595 0.9984764 4.982666
0.6881671 -0.7242904 -0.042625785 77.127686 0.72364956 0.6894272 -0.031761397 43.375 0.052391853 -0.00898562 0.99858636 5.055542
0.6817718 -0.73018706 -0.04296158 77.93506 0.72953826 0.6830593 -0.032184727 44.24243 0.052848466 -0.009402276 0.9985583 5.131958
0.6796509 -0.73235786 -0.04208913 78.73901 0.73164254 0.68090475 -0.033365615 45.113403 0.053090457 -0.008117519 0.9985565 5.201538
0.673623 -0.7379467 -0.04083744 79.53784 0.73716843 0.6748252 -0.034557387 45.995483 0.053064745 -0.0068255574 0.9985679 5.2651367
0.6695228 -0.7416972 -0.03945931 80.34009 0.74086833 0.67066246 -0.035489686 46.884888 0.05278209 -0.005474518 0.9985909 5.336792
0.6671849 -0.74397403 -0.037370853 81.13721 0.74298126 0.66822773 -0.03848389 47.774536 0.053598136 -0.0020933803 0.99856 5.4101562
0.66191 -0.7486704 -0.03704292 81.93457 0.7473989 0.6629442 -0.043637797 48.672363 0.057226315 0.001205734 0.99836093 5.487915
0.65830845 -0.7518942 -0.0348189 82.733154 0.75036883 0.65920454 -0.048201285 49.586914 0.059199285 0.005606029 0.99823076 5.5595703
0.6521996 -0.7575181 -0.029428985 83.518555 0.7557881 0.652752 -0.05256725 50.499756 0.059028774 0.012046531 0.9981838 5.637085
0.6436928 -0.7647458 -0.026133522 84.30029 0.762856 0.6440202 -0.056122325 51.42627 0.059747107 0.016184643 0.99808204 5.7148438
0.63596934 -0.7712544 -0.022344096 85.089355 0.7693344 0.63606024 -0.05780702 52.362305 0.05880747 0.01957615 0.99807775 5.8043213
0.62672806 -0.77900356 -0.018591383 85.86206 0.77720964 0.6266442 -0.0569393 53.31714 0.05600963 0.0212322 0.9982042 5.8745117
0.61681813 -0.7868541 -0.017506817 86.62573 0.78507894 0.61669403 -0.057014663 54.29419 0.055659555 0.021435516 0.99822044 5.956665
0.6090306 -0.7928769 -0.01937916 87.371826 0.7910348 0.6090208 -0.05749128 55.269287 0.05738769 0.019684538 0.9981578 6.0303955
0.59772944 -0.80145454 -0.018722277 88.11011 0.7994456 0.59764606 -0.060550455 56.256836 0.059719346 0.021220258 0.99798924 6.1152344
0.58777803 -0.80867 -0.019769086 88.846924 0.8065545 0.58775485 -0.061939634 57.262695 0.06170823 0.020456918 0.99788415 6.1904297
0.57994896 -0.81452423 -0.015210295 89.571045 0.81245655 0.5796487 -0.062800005 58.27588 0.059968434 0.024073131 0.9979105 6.272583
0.56771016 -0.82321095 -0.012132077 90.28369 0.8212045 0.5672545 -0.06295821 59.30078 0.058702696 0.025777765 0.99794245 6.3549805
0.5588461 -0.8291695 -0.0116540715 90.987305 0.8271122 0.5583579 -0.06394634 60.33911 0.059528865 0.02610212 0.9978857 6.4366455
0.5482489 -0.836373 -0.011747725 91.681885 0.8342256 0.5477582 -0.06528266 61.39502 0.061030455 0.0259899 0.9977973 6.5219727
0.53798044 -0.84289366 -0.013138087 92.36084 0.8407205 0.5376066 -0.065050036 62.460938 0.061904375 0.0239553 0.997795 6.6036377
0.5287627 -0.8487967 -0.014226484 93.02588 0.84654427 0.52846396 -0.06585024 63.524902 0.063398115 0.022769526 0.99772793 6.6916504
0.518099 -0.85527694 -0.014029425 93.66821 0.85300803 0.51780945 -0.06611915 64.6189 0.06381211 0.022286253 0.99771285 6.7800293
0.50884664 -0.86058784 -0.012926993 94.322266 0.8585018 0.5085675 -0.06355695 65.708496 0.061271958 0.021249523 0.99789536 6.862793
0.50147736 -0.8649566 -0.010150216 94.96631 0.8629705 0.5010627 -0.06286547 66.81006 0.059469152 0.022778306 0.997971 6.9522705
0.49395654 -0.86935216 -0.00981371 95.58301 0.86739033 0.49354714 -0.062510476 67.92969 0.059195824 0.022366852 0.9979959 7.0391846
0.48679322 -0.8734714 -0.008729115 96.20923 0.87130225 0.48624736 -0.066270754 69.042725 0.06212782 0.024643673 0.99776304 7.121704
0.48159844 -0.87644637 -0.0076122372 96.83545 0.87413824 0.48092893 -0.06886568 70.166016 0.06400778 0.026503526 0.9975968 7.2139893
0.4741398 -0.8804141 -0.006321479 97.44409 0.8778884 0.47330078 -0.07262695 71.28711 0.06694321 0.028886154 0.99733865 7.303589
0.47032508 -0.88254344 -0.0059491256 98.038086 0.8798069 0.46937877 -0.07580049 72.427 0.06968486 0.030400198 0.9971044 7.4031982
0.4638993 -0.88577324 -0.0037337723 98.636475 0.88304114 0.4627914 -0.07665467 73.5542 0.06962291 0.03227152 0.9970517 7.5012207
0.4610324 -0.88746417 6.360117e-05 99.23242 0.88499683 0.45974562 -0.074568786 74.684326 0.06612252 0.03444024 0.99721724 7.598755
0.45824018 -0.888701 0.0060809446 99.82544 0.88653105 0.45661888 -0.07329073 75.82324 0.06238095 0.038981117 0.9972912 7.697754
0.45373645 -0.8910188 0.0076804603 100.39673 0.88897634 0.45207536 -0.07209807 76.950195 0.06078039 0.03953128 0.9973673 7.7963867
0.45126784 -0.89221 0.009826611 100.975586 0.89028597 0.44950637 -0.071496874 78.08032 0.059399143 0.04101733 0.99739146 7.8807373
0.4495546 -0.8931784 0.012212286 101.54297 0.8914 0.44769394 -0.07065855 79.197266 0.0576353 0.04264749 0.99742615 7.970459
0.44681767 -0.89450794 0.01563079 102.096924 0.8928881 0.4447783 -0.070393406 80.322754 0.056028903 0.04539591 0.9973956 8.054565
0.44454187 -0.89571154 0.01555558 102.64551 0.8940995 0.44252318 -0.070122026 81.4436 0.05592943 0.0450816 0.9974165 8.138794
0.4425375 -0.89660424 0.018669683 103.19385 0.8951356 0.44035366 -0.0700504 82.54028 0.054588266 0.04770659 0.9973682 8.221191
0.44005126 -0.8975977 0.022867678 103.73511 0.89634913 0.43766406 -0.06971052 83.6333 0.052556153 0.051177073 0.997306 8.302612
0.43856093 -0.89822304 0.02538449 104.26489 0.8971102 0.43605292 -0.06954783 84.730225 0.051399767 0.053277873 0.99725616 8.382324
0.43704605 -0.8990493 0.027054086 104.79224 0.8979752 0.4344022 -0.07048797 85.80615 0.05161278 0.0551174 0.9971463 8.463867
0.4349711 -0.89984983 0.027846878 105.31128 0.8987711 0.43224323 -0.071278505 86.871826 0.052130986 0.056037746 0.9970665 8.538208
0.43752488 -0.8989239 0.02755832 105.823 0.89775425 0.43472368 -0.072820574 87.94336 0.053465694 0.056584217 0.9969643 8.6188965
0.4364696 -0.89932656 0.025943555 106.31738 0.8980937 0.4337876 -0.07228144 88.979004 0.053731248 0.054845214 0.99704814 8.699463
0.43851295 -0.8983299 0.023615813 106.82056 0.8969875 0.43596143 -0.07211218 90.02588 0.054494314 0.052818976 0.99711686 8.778564
0.44152886 -0.89692414 0.021213835 107.31152 0.8954806 0.43912023 -0.071842834 91.05151 0.05510659 0.050725807 0.99719197 8.853149
0.44863883 -0.8936617 0.018776564 107.80249 0.8920712 0.44631594 -0.07258068 92.07153 0.056478977 0.04928686 0.9971849 8.930664
0.45293114 -0.89150816 0.017273363 108.322266 0.8898661 0.45069385 -0.072402686 93.08618 0.05676518 0.048148163 0.9972247 9.009644
0.46076664 -0.8873265 0.016246252 108.82251 0.88573277 0.45863846 -0.07103661 94.08667 0.055586766 0.047121737 0.9973413 9.084595
0.46855465 -0.8834637 0.015361878 109.3374 0.88195086 0.4665494 -0.0691276 95.0813 0.053911794 0.045926407 0.9974882 9.158813
0.47728175 -0.8786081 0.015015936 109.87695 0.8771276 0.47530404 -0.06861909 96.06592 0.05316039 0.045927357 0.99752957 9.228149
0.48736686 -0.8730359 0.013460013 110.407715 0.8714905 0.4854429 -0.06890749 97.04932 0.05362342 0.04530164 0.99753237 9.302124
0.4961417 -0.8680766 0.011277276 110.94824 0.8664096 0.4942828 -0.06971447 98.00928 0.054954518 0.04436874 0.99750316 9.375244
0.5076767 -0.8613793 0.00793146 111.49292 0.8595341 0.50593793 -0.07073229 98.95215 0.05691573 0.042738903 0.99746466 9.446045
0.5183625 -0.8553163 0.003991198 112.05249 0.8533417 0.51683784 -0.07046428 99.89575 0.058200907 0.03991412 0.9975054 9.517334
0.530879 -0.84737134 0.0013826024 112.62671 0.84540933 0.5295374 -0.068904355 100.83887 0.05765053 0.03775747 0.99762326 9.59082
0.5421406 -0.84034437 0.0007792236 113.21094 0.8385221 0.54090345 -0.066333234 101.75928 0.055314418 0.036617316 0.9977975 9.667236
0.5555579 -0.83158404 0.000554407 113.812744 0.8298888 0.55438185 -0.06419997 102.676025 0.053078108 0.036134046 0.99793684 9.734985
0.5671749 -0.8236072 7.078145e-05 114.41333 0.82197535 0.5660466 -0.06295672 103.566895 0.05180894 0.03575467 0.998016 9.808594
0.57747626 -0.8163872 -0.0013025766 115.02832 0.81468624 0.57637584 -0.06359895 104.44678 0.052672897 0.035651527 0.9979742 9.876099
0.59031016 -0.807112 -0.0027617766 115.65454 0.80534464 0.5892375 -0.06421487 105.315186 0.0534555 0.035681754 0.9979326 9.94043
0.5997345 -0.80010855 -0.0016532689 116.28027 0.7982992 0.59851474 -0.06600518 106.15576 0.05380786 0.03826419 0.9978179 10.006958
0.61009765 -0.7922467 -0.0026788218 116.9209 0.7904502 0.6089346 -0.06533696 106.98779 0.053400826 0.037748557 0.9978598 10.085205
0.6218772 -0.7831539 -0.0021370873 117.5686 0.7814799 0.6207211 -0.0637284 107.8186 0.05123 0.03796939 0.9979655 10.148804
0.6310001 -0.77567875 -0.00021446403 118.20679 0.7741991 0.6298126 -0.06157414 108.62695 0.047906227 0.038697485 0.9981027 10.213013
0.6413793 -0.76717085 -0.0012811614 118.86328 0.7657627 0.6403019 -0.059513025 109.41699 0.04647797 0.03718559 0.9982268 10.27356
0.65015525 -0.75978833 -0.0036763682 119.50879 0.7583458 0.64920396 -0.0586524 110.18652 0.04695082 0.035351444 0.998272 10.333496
0.66039306 -0.75093734 -0.007061729 120.15796 0.7494383 0.6596168 -0.05765502 110.94995 0.047948383 0.032783788 0.9983119 10.393677
0.6689593 -0.7431791 -0.007388956 120.829834 0.741684 0.6681856 -0.057519827 111.69141 0.047695085 0.032995135 0.9983167 10.454712
0.677647 -0.7354337 -0.0073454077 121.48706 0.734028 0.67690974 -0.05582946 112.4209 0.046031855 0.032435052 0.9984128 10.513794
0.6866455 -0.727048 -0.0056941225 122.156494 0.7257769 0.6858698 -0.054254368 113.13623 0.04334675 0.033123292 0.998511 10.571411
0.69566655 -0.7183653 -0.0054405085 122.84009 0.7171392 0.6948848 -0.05362659 113.83862 0.04231043 0.033407588 0.9985459 10.629517
0.70187336 -0.7122557 -0.0072953515 123.50098 0.7110169 0.7011917 -0.052652385 114.52295 0.04262051 0.0317705 0.99858624 10.677734
0.7101082 -0.7040921 -0.0073500024 124.1814 0.7029165 0.7094581 -0.051284354 115.201416 0.041326094 0.031249199 0.9986568 10.735962
0.7169763 -0.69699466 -0.006696582 124.849365 0.6959525 0.71637136 -0.04862143 115.858154 0.038687874 0.03019985 0.998795 10.779297
0.72409993 -0.6896277 -0.0070239124 125.52637 0.6886771 0.7235711 -0.046100304 116.51465 0.0368783 0.028545665 0.9989121 10.834473
0.7314928 -0.6819211 -0.0067253327 126.2063 0.6810295 0.730979 -0.04486361 117.15527 0.035496667 0.02823763 0.9989709 10.8811035
0.7387676 -0.6738584 -0.0073855985 126.87158 0.67300785 0.7383101 -0.04331722 117.769775 0.03464058 0.027028134 0.9990342 10.927612
0.7462897 -0.66563654 -0.008343755 127.531494 0.6648414 0.74591327 -0.041092727 118.378174 0.033574685 0.025121156 0.9991204 10.965088
0.7554552 -0.65521705 -0.007422084 128.21313 0.6545442 0.7551115 -0.038147163 118.97632 0.030595468 0.023958331 0.9992446 11.005005
0.76428795 -0.6449076 -0.006206199 128.88013 0.64437705 0.76398915 -0.034326997 119.54883 0.026881352 0.022238087 0.9993912 11.041382
0.7747305 -0.63225794 -0.0062748445 129.56104 0.6317979 0.7744814 -0.031725682 120.11255 0.024916276 0.020613514 0.9994769 11.079346
0.78394157 -0.6207295 -0.008219415 130.23145 0.620259 0.78375405 -0.03074399 120.65088 0.025527537 0.019004732 0.99949354 11.112183
0.7935743 -0.6083 -0.00988467 130.90576 0.60775757 0.7933922 -0.032346036 121.18115 0.0275213 0.019662447 0.99942786 11.144409
0.8042523 -0.5941838 -0.010232189 131.60205 0.5936785 0.8040994 -0.030838577 121.696045 0.026548002 0.018725744 0.99947214 11.179932
0.81332654 -0.58177537 -0.009368064 132.28345 0.58133334 0.8131768 -0.029074684 122.19287 0.024528928 0.018200288 0.9995335 11.212158
0.823512 -0.56731915 -0.007325185 132.98999 0.56695724 0.8233396 -0.027342746 122.68237 0.021542717 0.018362753 0.9995991 11.241333
0.83198494 -0.55480397 -0.0058022947 133.68652 0.554492 0.8317936 -0.02642976 123.1521 0.019485286 0.018772576 0.99963397 11.265991
0.8404066 -0.54187804 -0.0026296547 134.396 0.541664 0.84019333 -0.02445205 123.61792 0.015458559 0.0191257 0.99969774 11.292236
0.8492607 -0.5281204 -0.0004531946 135.12573 0.52796334 0.8490284 -0.023683015 124.08252 0.012888493 0.019872624 0.9997195 11.310425
0.8556336 -0.51767486 0.001380791 135.84961 0.5175502 0.8553624 -0.024399392 124.51807 0.011445151 0.021591533 0.99970144 11.332642
0.8628883 -0.5054967 0.0020999466 136.57935 0.5053955 0.8626157 -0.02402523 124.94507 0.010331978 0.021792114 0.99970907 11.354004
0.86945415 -0.4939013 0.0017442196 137.34204 0.4938131 0.86922026 -0.02229353 125.37793 0.009497729 0.020244129 0.99974996 11.376465
0.8758592 -0.48261085 0.0015048631 138.06201 0.48253477 0.8756565 -0.020760283 125.803955 0.008701453 0.018907648 0.9997832 11.387451
0.88210535 -0.47098577 0.0015571853 138.83325 0.47092646 0.8819313 -0.019127205 126.21216 0.0076334933 0.017606076 0.99981594 11.401978
0.88732046 -0.46116373 0.0016374118 139.57373 0.4611043 0.8871367 -0.01959036 126.61084 0.0075831534 0.018137652 0.9998067 11.423584
0.89236 -0.4514115 0.0013290476 140.33838 0.45134026 0.8921584 -0.020640075 127.00073 0.008128937 0.019018913 0.9997861 11.439331
0.89711785 -0.4418035 0.0011121668 141.14014 0.4417228 0.8969 -0.021530557 127.39136 0.008515051 0.019806782 0.99976754 11.45459
0.8994338 -0.4370428 0.0019328871 141.90698 0.4369869 0.899228 -0.02057042 127.77954 0.007253636 0.019346405 0.99978656 11.469849
0.9030175 -0.42956677 0.0041347854 142.73071 0.42956448 0.9028316 -0.01884042 128.16943 0.0043626036 0.018789012 0.9998139 11.484253
0.9060504 -0.42309517 0.0072711143 143.53833 0.4231576 0.9059179 -0.015497167 128.5476 -2.8993003e-05 0.017117964 0.9998535 11.485596
0.90866303 -0.41751567 0.009321685 144.35352 0.41760716 0.9085823 -0.012537401 128.94238 -0.0032362128 0.015284263 0.9998779 11.493408
0.9121611 -0.40968835 0.010602941 145.2019 0.40978578 0.91212773 -0.009682065 129.3208 -0.0057034544 0.013176458 0.9998968 11.497437
0.91493255 -0.4034927 0.012175651 146.0398 0.40359378 0.9149394 -0.0073753484 129.69165 -0.008164693 0.011661578 0.9998987 11.494995
0.91784084 -0.39659274 0.014830216 146.91943 0.39670786 0.9178931 -0.0057345796 130.07324 -0.011337493 0.011146772 0.99987364 11.49231
0.9211803 -0.38875955 0.017458092 147.7959 0.38890886 0.921263 -0.0060370024 130.44751 -0.013736815 0.012350621 0.99982935 11.486938
0.924422 -0.3809624 0.018476391 148.70215 0.38112676 0.9245177 -0.006248566 130.81592 -0.014701082 0.012815351 0.99980986 11.484497
0.92802125 -0.37199223 0.018993713 149.60913 0.37217307 0.928117 -0.00696292 131.18286 -0.0150379315 0.013532745 0.9997953 11.468994
0.9320719 -0.36172122 0.01984335 150.53564 0.36194983 0.9321474 -0.009363738 131.53955 -0.015110571 0.015910994 0.99975926 11.466064
0.9353742 -0.35304648 0.019008853 151.48755 0.35328293 0.93541473 -0.010887779 131.9043 -0.013937356 0.016901812 0.9997601 11.45105
0.9397585 -0.34139737 0.016975923 152.44385 0.3416122 0.93975854 -0.011889454 132.25635 -0.0118946275 0.016973397 0.9997852 11.449951
0.9446593 -0.32759216 0.015836094 153.40405 0.32776374 0.94468206 -0.009763568 132.60571 -0.01176084 0.014415743 0.9998269 11.439697
0.95010394 -0.31153208 0.016091824 154.40015 0.31166482 0.9501746 -0.0064679156 132.94824 -0.013275139 0.011159991 0.99984956 11.432983
0.95603496 -0.2927879 0.017991567 155.41235 0.29287893 0.95617294 -0.0025941005 133.26514 -0.016443415 0.0077478327 0.9998348 11.420044
0.96182716 -0.27295303 0.019386752 156.44897 0.27299288 0.96201104 0.0006119485 133.57104 -0.018817652 0.0047041886 0.9998119 11.408081
0.96765924 -0.2515008 0.019857923 157.48413 0.25150687 0.96785873 0.0022305758 133.86157 -0.019780459 0.002835472 0.9998003 11.396606
0.972708 -0.23102328 0.021587411 158.55762 0.23099478 0.9729467 0.0038408912 134.13452 -0.02189065 0.0012505073 0.9997596 11.380249
0.97800285 -0.20711122 0.024677727 159.64795 0.20706405 0.97831374 0.004479134 134.37085 -0.025070265 0.0007290547 0.99968547 11.362183
0.9823894 -0.18465953 0.028404247 160.7334 0.18452616 0.98279816 0.00727165 134.58423 -0.02925836 -0.0019015402 0.99956995 11.334106
0.9859549 -0.16378681 0.032737702 161.86035 0.16357814 0.98649204 0.008973363 134.79419 -0.03376492 -0.003492337 0.99942356 11.317017
0.9893739 -0.14072782 0.036382407 162.98633 0.14042103 0.9900264 0.010866678 134.97266 -0.03754951 -0.0056410423 0.99927884 11.278809
0.9922693 -0.11834001 0.037358224 164.11719 0.117936485 0.99293697 0.012836633 135.11523 -0.038613606 -0.008331724 0.9992196 11.245483
0.99471414 -0.09658186 0.03490214 165.27637 0.09623462 0.9952932 0.011500644 135.23853 -0.035848476 -0.008082072 0.9993248 11.213135
0.99646866 -0.07663042 0.034307905 166.44946 0.07623099 0.99700725 0.012805602 135.34961 -0.035186682 -0.010145066 0.9993294 11.1657715
0.9977786 -0.0556089 0.03668805 167.63965 0.05523174 0.9984107 0.011217485 135.42334 -0.03725346 -0.009166522 0.999264 11.136597
0.99855006 -0.03651878 0.03954701 168.83423 0.03608312 0.9992806 0.011675849 135.46729 -0.03994488 -0.010231766 0.9991494 11.097046
0.99904776 -0.014314663 0.04121483 170.05273 0.013841009 0.9998351 0.011754966 135.50757 -0.041376326 -0.011173225 0.99908113 11.059326
0.999114 0.00512007 0.041777767 171.27832 -0.00569994 0.99988896 0.013772321 135.52905 -0.041702613 -0.013998225 0.9990321 11.014648
0.9986886 0.027728293 0.043026503 172.5149 -0.028352985 0.9995002 0.013972668 135.51123 -0.042617492 -0.015174655 0.9989758 10.96936
0.99803835 0.04557665 0.04291028 173.76318 -0.046259385 0.99881595 0.015052963 135.4751 -0.04217348 -0.0170089 0.9989652 10.922607
0.99688965 0.066475414 0.04230129 175.02637 -0.06723448 0.9975951 0.016779253 135.40454 -0.041084025 -0.01957222 0.9989638 10.875732
0.9954216 0.08666285 0.040345166 176.30273 -0.087409966 0.9960261 0.017137885 135.30957 -0.038699962 -0.020585181 0.999039 10.831421
0.99381983 0.104120605 0.03847921 177.56274 -0.104887396 0.99431217 0.018480964 135.19238 -0.036336537 -0.022402134 0.9990889 10.786865
0.9914352 0.12520373 0.037206396 178.88013 -0.12598641 0.9918429 0.019479051 135.0459 -0.034464084 -0.023999637 0.9991175 10.746704
0.98904353 0.1431062 0.036177814 180.18848 -0.14390056 0.9893804 0.02037764 134.85767 -0.032877143 -0.025362689 0.99913716 10.7146
0.98634076 0.16172658 0.03119128 181.52515 -0.16243315 0.9864811 0.021615073 134.66553 -0.027273487 -0.026386658 0.9992797 10.678345
0.9829373 0.18220085 0.025268607 182.83496 -0.18278746 0.98287857 0.023241807 134.44434 -0.020602217 -0.027464908 0.99941045 10.657471
0.9801369 0.1972476 0.020787707 184.14868 -0.19774607 0.97992474 0.025503362 134.19556 -0.01533916 -0.029107457 0.9994584 10.634888
0.97622585 0.21596481 0.018353345 185.48633 -0.21642351 0.97588235 0.02843906 133.91821 -0.0117680095 -0.031735044 0.999427 10.620972
0.9722092 0.23358503 0.016389627 186.81567 -0.23398851 0.9717902 0.029918864 133.61621 -0.008943216 -0.032921854 0.99941844 10.613403
0.96844685 0.24861951 0.017188173 188.15771 -0.24903852 0.9680444 0.029423565 133.29663 -0.009322217 -0.03277568 0.9994192 10.616699
0.9632322 0.2682307 0.016739156 189.52368 -0.2686155 0.9628607 0.028092653 132.92432 -0.008584409 -0.031555213 0.9994651 10.611938
0.95815 0.28594008 0.012869827 190.84766 -0.28620073 0.95772344 0.02888342 132.54614 -0.004066793 -0.031358853 0.99950004 10.6073
0.9534935 0.3013076 0.010396265 192.18579 -0.3014863 0.9529967 0.03077387 132.15503 -0.0006346537 -0.032476217 0.999472 10.61499
0.9480999 0.31782106 0.010358401 193.54419 -0.31798956 0.94755334 0.032192305 131.71533 0.00041621574 -0.0338144 0.999428 10.62146
0.9419085 0.33577302 0.0112386495 194.90405 -0.33595988 0.9412881 0.034200452 131.25684 0.00089901383 -0.03598874 0.99935204 10.630249
0.93585926 0.3521535 0.010199661 196.24683 -0.3522809 0.935103 0.03780941 130.79395 0.003779394 -0.0389782 0.9992329 10.637939
0.92950654 0.36876845 0.0074805636 197.5791 -0.36877108 0.9287263 0.03877893 130.29443 0.0073526 -0.03880356 0.9992197 10.65625
0.92231685 0.3864142 0.005505161 198.96997 -0.38630787 0.9214854 0.04055859 129.71045 0.010600913 -0.03953317 0.9991619 10.674683
0.91500926 0.40338346 0.0009667203 200.281 -0.40308172 0.9142266 0.040929645 129.15405 0.01563211 -0.037840564 0.99916124 10.706177
0.90582806 0.4236077 -0.0021252227 201.59155 -0.42309228 0.90495205 0.045028146 128.58447 0.02099719 -0.039888177 0.9989837 10.743042
0.89585626 0.44431925 -0.0034957468 202.9624 -0.443658 0.8949013 0.048065137 127.93579 0.024480615 -0.04150867 0.9988386 10.786255
0.8834232 0.46859565 -0.0025566765 204.30054 -0.46790072 0.8823854 0.049902674 127.26172 0.025635885 -0.042888325 0.99875116 10.827759
0.8703317 0.49247006 -0.0020521139 205.5979 -0.49163562 0.86908484 0.054720372 126.57373 0.028729213 -0.04661625 0.9984999 10.880615
0.8564042 0.5163216 -0.0023944029 206.92139 -0.5153197 0.85501343 0.05846883 125.836914 0.032238454 -0.048838127 0.99828595 10.942261
0.84109783 0.5410155 -0.0015326067 208.18945 -0.5398942 0.8395299 0.062038876 125.055664 0.03484343 -0.051353626 0.99807245 10.999878
0.82673585 0.56260777 -0.0015256647 209.44238 -0.56136334 0.82508147 0.06428698 124.25293 0.037429426 -0.052290704 0.99792993 11.055298
0.8112924 0.58455616 -0.0025311585 210.67969 -0.5831839 0.8096704 0.065098956 123.40869 0.04010993 -0.0513348 0.9978754 11.125732
0.7937327 0.60826594 -0.004766726 211.92212 -0.6065941 0.7920873 0.06828487 122.49512 0.04530967 -0.051303066 0.99765426 11.208252
0.7776711 0.6286422 -0.0075324965 213.11572 -0.6267181 0.7761275 0.06980077 121.576416 0.049716886 -0.049562156 0.9975333 11.282471
0.76068234 0.649026 -0.009558803 214.29443 -0.64687085 0.7592102 0.07159467 120.62378 0.05370735 -0.048287146 0.9973902 11.37561
0.74396217 0.6679644 -0.011065184 215.45679 -0.66560996 0.7425509 0.0732129 119.61719 0.057137802 -0.047113273 0.9972551 11.469482
0.72783303 0.68561196 -0.011108104 216.60205 -0.68322325 0.7264821 0.07318244 118.586914 0.05826034 -0.045677934 0.99725586 11.56665
0.7115479 0.70254964 -0.012190097 217.69849 -0.70008653 0.71032107 0.073131904 117.555176 0.06003467 -0.043511365 0.9972484 11.671753
0.69777054 0.7161446 -0.014345987 218.77246 -0.713511 0.6966877 0.074029006 116.48462 0.063015275 -0.041417144 0.9971526 11.774048
0.6811151 0.7319715 -0.017235436 219.85815 -0.72911084 0.68022776 0.07540043 115.37036 0.06691219 -0.038796935 0.9970051 11.883301
0.66584146 0.7457943 -0.018823387 220.9104 -0.74269897 0.6650372 0.07766258 114.24487 0.070450366 -0.037735097 0.9968019 12.008789
0.6524562 0.75749433 -0.020114608 221.94336 -0.7541658 0.6517145 0.080024146 113.10986 0.07373406 -0.03703973 0.9965898 12.119141
0.63460165 0.77249223 -0.019584615 222.91699 -0.7691944 0.6339114 0.079650156 111.930664 0.073953725 -0.035483338 0.9966306 12.251709
0.62019116 0.7843536 -0.016694924 223.89722 -0.7810171 0.6192846 0.081408806 110.74072 0.0741756 -0.037462734 0.99654245 12.373779
0.6015206 0.7987322 -0.0113219805 224.87305 -0.7955577 0.60028833 0.08166537 109.54224 0.07203444 -0.040107436 0.9965947 12.504639
0.5832626 0.8123802 -0.0057293596 225.79321 -0.8093292 0.58165723 0.08276012 108.30859 0.07055419 -0.04361748 0.9965524 12.628296
0.56609875 0.82438076 -0.0018900918 226.68823 -0.82138956 0.5642384 0.08382852 107.088135 0.07017014 -0.045885306 0.99647754 12.756714
0.5469037 0.8372178 0.0011170554 227.54004 -0.8340652 0.54472715 0.08743424 105.86304 0.07259884 -0.0487498 0.9961691 12.883667
0.52989066 0.8479399 0.004442002 228.35669 -0.8446637 0.5273685 0.090716675 104.61572 0.07460208 -0.05181481 0.9958656 13.015137
0.5092569 0.8604027 0.0065637473 229.12354 -0.8572375 0.506697 0.08989194 103.35791 0.0740456 -0.051413458 0.99592924 13.150391
0.4896981 0.8718317 0.010446437 229.88599 -0.8688778 0.486973 0.08897318 102.07568 0.072464146 -0.052657373 0.9959811 13.281494
0.471297 0.8818603 0.013740081 230.58813 -0.8792212 0.46854264 0.08616181 100.826416 0.06955968 -0.05269642 0.99618554 13.405273
0.44946897 0.89314413 0.01750942 231.27295 -0.8907179 0.44658306 0.084970094 99.54761 0.068064936 -0.053778097 0.9962297 13.528076
0.42798054 0.90357167 0.019071976 231.92065 -0.90129757 0.42515242 0.08295531 98.250244 0.06684699 -0.05269448 0.9963709 13.650635
0.40658787 0.9134104 0.021206046 232.51172 -0.91125613 0.40372762 0.08183447 96.97388 0.066199824 -0.05259963 0.99641913 13.763062
0.38583753 0.92252135 0.021040304 233.06958 -0.9203646 0.38309267 0.080777384 95.71167 0.06645037 -0.050516672 0.99650925 13.876099
0.360867 0.932412 0.020400722 233.61157 -0.93012536 0.35820776 0.08117797 94.42139 0.06835215 -0.04826555 0.9964928 13.994751
0.34217915 0.93945473 0.019599034 234.09473 -0.93713546 0.3396579 0.08032783 93.14526 0.0688238 -0.045842454 0.9965743 14.109009
0.31987184 0.9472128 0.019875772 234.55908 -0.9450532 0.31752086 0.07734693 91.849365 0.066932544 -0.043528456 0.9968077 14.223145
0.29946947 0.95382124 0.019895451 234.97632 -0.9516399 0.2971801 0.07694174 90.57739 0.06747155 -0.04198529 0.99683803 14.333618
0.27987942 0.9598666 0.02086521 235.38257 -0.95735705 0.27737787 0.081494845 89.311035 0.07240654 -0.042774707 0.9964568 14.449219
0.2594136 0.96549505 0.023274353 235.74902 -0.96235275 0.2563908 0.09030812 88.04956 0.08125048 -0.04582187 0.99564 14.563477
0.24166979 0.97003794 0.025813792 236.08325 -0.96634054 0.23815244 0.097524166 86.79883 0.08846943 -0.048508845 0.9948969 14.692627
0.22317272 0.9743816 0.029644337 236.40698 -0.97042257 0.21917234 0.10171767 85.55078 0.09260064 -0.051453967 0.99437183 14.821411
0.20161925 0.97892904 0.034598384 236.70044 -0.9750454 0.19718789 0.102728926 84.30078 0.09373395 -0.054451942 0.9941078 14.962158
0.18221527 0.98250014 0.039057408 236.95166 -0.9788752 0.17750372 0.101623684 83.05786 0.09291127 -0.056733124 0.9940555 15.088257
0.16325217 0.9856051 0.04453016 237.19922 -0.9821613 0.15806936 0.10208296 81.819824 0.09358263 -0.060378175 0.99377733 15.222534
0.145316 0.9883347 0.04590203 237.39648 -0.9851028 0.14020991 0.09969565 80.58252 0.09210981 -0.05968889 0.99395716 15.356934
