1.000000000000000000e+00 4.398956837314658088e-19 2.733407509747682871e-20 -8.673617379884035472e-19 -5.583667658079949532e-19 1.000000000000000000e+00 -6.100159232558060012e-19 0.000000000000000000e+00 4.145284534913582806e-20 -2.210423569125054137e-19 1.000000000000000222e+00 0.000000000000000000e+00
9.999420889825798575e-01 -1.086583452699303514e-03 1.070691517701699742e-02 7.251964630080813545e-02 1.082411559512348916e-03 9.999993360078810456e-01 3.954325926446374440e-04 -4.727268890646313393e-03 -1.070733792314877524e-02 -3.838203968384130364e-04 9.999426011444489948e-01 2.944459857019805504e-01
9.998521353680189794e-01 -2.537704809987550991e-03 1.700786517568423153e-02 1.038428587586560092e-01 2.524574402176289582e-03 9.999964984745893792e-01 7.934468215650741698e-04 -1.115360014337726802e-02 -1.700981944958927100e-02 -7.503918671464255121e-04 9.998550409612408929e-01 5.505810232546730631e-01
9.997869648785934205e-01 -6.459860994521371934e-03 1.960344580142364679e-02 8.584754505935734969e-02 6.480105494661931101e-03 9.999785340592437510e-01 -9.693513505433161859e-04 -1.417895712681686848e-02 -1.959676345967243868e-02 1.096177274272870520e-03 9.998073640638204251e-01 9.266029908146076188e-01
9.998255128921704760e-01 -6.933301095515872342e-03 1.734569506922030435e-02 9.260258439993172830e-02 6.964321008970205534e-03 9.999742548091861138e-01 -1.728565741720103138e-03 -1.959730284204273809e-02 -1.733326413532641427e-02 1.849065155781997325e-03 9.998480579033153237e-01 1.183826538318771160e+00
9.998888503891615320e-01 -1.068039874341794419e-02 1.040269108037703352e-02 8.960735984010345656e-02 1.071647765074973217e-02 9.999367328771000540e-01 -3.418673938267064415e-03 -1.879719610354357862e-02 -1.036552031278803292e-02 3.529774209990369123e-03 9.999400465374993496e-01 1.535801347421379193e+00
9.999366471060399109e-01 -1.115988183381927228e-02 -1.469295518407318394e-03 7.546253557581904248e-02 1.115266887476140667e-02 9.999261460685778813e-01 -4.829116535291761922e-03 -3.024867597967460797e-02 1.523079398180753876e-03 4.812424081037928146e-03 9.999872603213387778e-01 1.849848558591087100e+00
9.997934387587675831e-01 -1.097409321313866544e-02 -1.710698931044188353e-02 3.090674492133642717e-02 1.088890698953746614e-02 9.999278869417858040e-01 -5.064839807542951579e-03 -3.868476919531281533e-02 1.716133799109658895e-02 4.877517229137462093e-03 9.998408364996237419e-01 2.163134385547444083e+00
9.993291573825220375e-01 -6.531694558295353739e-03 -3.603570604223908097e-02 1.222279085560704776e-02 6.339815720139627131e-03 9.999651255919355108e-01 -5.436389055102990552e-03 -4.223029662808516771e-02 3.606995877153426622e-02 5.204282377097041272e-03 9.993357161590459281e-01 2.523267320342913678e+00
9.984297408345891300e-01 -3.819006717428401199e-03 -5.588799226236027679e-02 -5.237830958807204729e-02 3.471524369595694465e-03 9.999740454043545279e-01 -6.313242495475601679e-03 -5.581405889616568305e-02 5.591065299041048098e-02 6.109312548740814496e-03 9.984170848464645198e-01 2.874348424162360693e+00
9.971415179900205983e-01 -3.169422775975505938e-03 -7.549005008052683818e-02 -9.530120736466374254e-02 2.696066650673611346e-03 9.999760671406120460e-01 -6.371527809148627534e-03 -5.879660432110367374e-02 7.550843875513404968e-02 6.149788694233400584e-03 9.971261986220345541e-01 3.216094585878731316e+00
9.953170770843235982e-01 -3.640903893006275285e-03 -9.659533939643408229e-02 -1.415554765218550726e-01 3.069300804120496384e-03 9.999768947049725298e-01 -6.065430247159397242e-03 -6.826980755425057779e-02 9.661519284910549676e-02 5.740546118393608302e-03 9.953052551532781678e-01 3.603455318566393561e+00
9.932467422203523633e-01 -4.492524694275225328e-03 -1.159341446860285979e-01 -2.031401535403594416e-01 3.892014350407444444e-03 9.999778155660810075e-01 -5.405607620407221030e-03 -7.719619595506280185e-02 1.159558595820006505e-01 4.917884745646150697e-03 9.932421927359483815e-01 3.997505420019233480e+00
9.910877169213659910e-01 -4.438000186881662160e-03 -1.331369258980371895e-01 -2.893178249826477977e-01 3.833312058853345118e-03 9.999811431025442676e-01 -4.797827819621050885e-03 -8.507160798632097676e-02 1.331557104114921841e-01 4.244712756269876895e-03 9.910860405075766488e-01 4.397174611047717896e+00
9.888209973592692048e-01 -3.491910581826126320e-03 -1.490665661922379592e-01 -3.591929704391559341e-01 2.889607627838221282e-03 9.999867644453899196e-01 -4.256888209717140693e-03 -8.752991966711398675e-02 1.490794604646493715e-01 3.778556458875489878e-03 9.888180002249087330e-01 4.822719691178808610e+00
9.866768585612725184e-01 -2.817029974393828618e-03 -1.626678838714249176e-01 -4.479399388425569506e-01 2.148569537870145037e-03 9.999885105669064078e-01 -4.285134758990689213e-03 -9.375246519359886621e-02 1.626780890761076737e-01 3.878539930946642116e-03 9.866715750158930875e-01 5.223110891765331942e+00
9.845454607618148168e-01 -3.615303678732105942e-03 -1.750918744718244213e-01 -5.265748541643464620e-01 2.758902796655035485e-03 9.999830134787829339e-01 -5.134316412692268260e-03 -1.001473715608800219e-01 1.751074654110241768e-01 4.571906340245861580e-03 9.845387112757565395e-01 5.668300561727826370e+00
9.827646989013749668e-01 -6.574700332586163633e-03 -1.847439283826399492e-01 -6.310438052626121674e-01 5.363967649572486812e-03 9.999607435973039138e-01 -7.052595739391293896e-03 -1.147103998953829668e-01 1.847830478987133596e-01 5.940081563048187768e-03 9.827613858325838780e-01 6.118768840470256265e+00
9.812469686632171451e-01 -6.008732178209251311e-03 -1.926610514064877600e-01 -7.323112900579384910e-01 4.434246941369528530e-03 9.999531664472285364e-01 -8.602462394882241445e-03 -1.219563407438424701e-01 1.927037216276550335e-01 7.586833367718389017e-03 9.812276578526899495e-01 6.558505517638842264e+00
9.796190997758500441e-01 -5.891202781951495639e-03 -2.007777679925883407e-01 -8.351703550803000198e-01 3.821508340691826683e-03 9.999355107214065175e-01 -1.069441286425919582e-02 -1.200770379369533042e-01 2.008278264026965576e-01 9.709177097407128629e-03 9.795784384072161455e-01 7.031240694971285343e+00
9.780188616475082863e-01 -6.440806106822505143e-03 -2.084169408927205036e-01 -9.435280157175258697e-01 3.793766209158372111e-03 9.999070213405670815e-01 -1.309793899786144793e-02 -1.380122018689398378e-01 2.084819274495153252e-01 1.201934616524569926e-02 9.779523619675014601e-01 7.498408720590671095e+00
9.762479943534533300e-01 -1.008147243894029141e-02 -2.164213860586575722e-01 -1.059345804904342936e+00 7.021024039771573896e-03 9.998642581890000436e-01 -1.490538177809368724e-02 -1.454199146745577542e-01 2.165422805614109214e-01 1.303184924068716104e-02 9.761862592441292730e-01 8.016619727389047156e+00
9.744267993492248259e-01 -1.563609011394222897e-02 -2.241604876972514426e-01 -1.166699647662193806e+00 1.234187487782725801e-02 9.997943825277240126e-01 -1.608946144648626050e-02 -1.627954099870046467e-01 2.243659765276733997e-01 1.291144165356264070e-02 9.744194191534690797e-01 8.536394024144691173e+00
9.724118525186445927e-01 -1.672548448465523488e-02 -2.326702516909771035e-01 -1.306169173338359579e+00 1.277906495484195867e-02 9.997479569939706767e-01 -1.845854716297142331e-02 -1.828557608539267409e-01 2.329203409459722207e-01 1.497600171888643222e-02 9.723804992882627563e-01 9.036268727679459545e+00
9.703426741587352078e-01 -1.304550252389833492e-02 -2.413812508335803908e-01 -1.448885769710268390e+00 7.925492982656826696e-03 9.997227985701457875e-01 -2.217008267476289901e-02 -1.890947242494105396e-01 2.416035636411258125e-01 1.959951186818493368e-02 9.701770861554497305e-01 9.571667810458134085e+00
9.682352351795240342e-01 -9.643700679796784678e-03 -2.498550119357520749e-01 -1.606764987455025162e+00 3.442017065463614904e-03 9.996753384538448195e-01 -2.524619176770203852e-02 -2.031312056645111497e-01 2.500173646453472398e-01 2.358424720415380413e-02 9.679540805591888564e-01 1.010788355615202505e+01
9.658475023893523526e-01 -1.230853599464489835e-02 -2.588186635061239804e-01 -1.754733933761619680e+00 5.412019951961240423e-03 9.996114925353855041e-01 -2.734179986976433691e-02 -2.242612525597826312e-01 2.590546525139493794e-01 2.500727734658178894e-02 9.655388778254924143e-01 1.066282035734913158e+01
9.635414617393598391e-01 -1.397811855427925735e-02 -2.671936790714138921e-01 -1.925881237400995705e+00 6.449447709125376987e-03 9.995576261959844278e-01 -2.903371357923720600e-02 -2.600049553764773869e-01 2.674813208852445667e-01 2.625193516791047080e-02 9.632053677518944701e-01 1.122122572987141709e+01
9.614294676418578822e-01 -1.438551220120363322e-02 -2.746751429133851286e-01 -2.091905562494051019e+00 5.837280913113988313e-03 9.994735933623575264e-01 -3.191335628618249820e-02 -2.802881849706742590e-01 2.749896468060307186e-01 2.907908520282953893e-02 9.610073374437914095e-01 1.180316464437695778e+01
9.591018537501927455e-01 -1.373083720361644236e-02 -2.827279549315709350e-01 -2.287053832344322579e+00 3.879228731026664739e-03 9.993665719989839324e-01 -3.537522217803634045e-02 -2.976040948846005452e-01 2.830346034153768398e-01 3.283167481575335195e-02 9.585475972284541735e-01 1.239530896515284653e+01
9.568738459967569554e-01 -1.515029764113491606e-02 -2.901084443888105047e-01 -2.477180486303977247e+00 3.463198922269845794e-03 9.991631111092782458e-01 -4.075639383521718895e-02 -3.375819423332190317e-01 2.904831323463551995e-01 3.799402416170699626e-02 9.561255177990574117e-01 1.300174587516649183e+01
9.550381989548916151e-01 -1.627665561104732830e-02 -2.960356517892016592e-01 -2.674435496141080115e+00 2.262876537178832703e-03 9.988629936518175212e-01 -4.761931632837764633e-02 -3.718823162583760333e-01 2.964741456776065487e-01 4.480837412477754050e-02 9.539891469283132697e-01 1.359492865183395338e+01
9.537157978519010815e-01 -1.628446309672375650e-02 -3.002681988683479353e-01 -2.889190725361987511e+00 -4.640292668672035999e-04 9.984517376025698887e-01 -5.562294795671075126e-02 -4.014020970170537050e-01 3.007090999066774351e-01 5.318781764849828814e-02 9.522316394873054923e-01 1.421255464642631416e+01
9.524674361222763563e-01 -1.666997417908059817e-02 -3.041839790400067689e-01 -3.100876476727178144e+00 -3.110113014986138052e-03 9.979176015152316781e-01 -6.442660758261681275e-02 -4.534845910143677772e-01 3.046245418829500728e-01 6.231029260196165043e-02 9.504321742869886736e-01 1.483908472861064354e+01
9.511108031356109160e-01 -1.528569498915991441e-02 -3.084713692579018618e-01 -3.326870504759952052e+00 -7.692224611969361581e-03 9.972922876991416885e-01 -7.313632857879680260e-02 -4.991013327284877787e-01 3.087540624249757171e-01 7.193358366298933937e-02 9.484178881333936717e-01 1.548893699111945566e+01
9.497105614683903907e-01 -1.426891115199853746e-02 -3.128038451186899715e-01 -3.551043304609969198e+00 -1.147256135540971472e-02 9.967048813096419657e-01 -8.029794449786982480e-02 -5.538568409776223334e-01 3.129188888987166628e-01 7.984846771881315419e-02 9.464174519106989258e-01 1.613399676399097160e+01
9.480971944970232324e-01 -1.342872185618525227e-02 -3.176969893889120544e-01 -3.776914351328160002e+00 -1.490701789517586730e-02 9.961323052482196072e-01 -8.659221234426224545e-02 -6.192771100648297722e-01 3.176310625600075044e-01 8.683374881402074197e-02 9.442300621845164388e-01 1.678744091934175486e+01
9.465749956729878622e-01 -1.227136936479280432e-02 -3.222501960489828621e-01 -4.032856320996089927e+00 -1.860559917763199636e-02 9.955330697237186888e-01 -9.256208049662545401e-02 -6.834698676245903881e-01 3.219465958534382111e-01 9.361260950490417343e-02 9.421183954190156529e-01 1.745085357601627152e+01
9.449271909349512555e-01 -1.073243374546694294e-02 -3.271045955471577615e-01 -4.287112593002333938e+00 -2.265186236656112351e-02 9.949207451744006558e-01 -9.807957959767335532e-02 -7.615289118922281553e-01 3.264957860962816039e-01 1.000875905462325355e-01 9.398845557665677086e-01 1.813481112693126107e+01
9.430329233487864116e-01 -7.653117007159523054e-03 -3.326113842559070277e-01 -4.537251742620576955e+00 -2.752711357058575461e-02 9.945127540906181229e-01 -1.009288856461852957e-01 -8.362833293477398566e-01 3.315586900071847976e-01 1.043350940940413890e-01 9.376476020214513651e-01 1.883341071589451587e+01
9.413801616462015298e-01 -6.642630627416652549e-03 -3.372821731317137139e-01 -4.804404091815943190e+00 -2.977347880823983869e-02 9.942685754164443113e-01 -1.026817407812315869e-01 -9.175241498160759956e-01 3.360311483817843281e-01 1.067046180494852642e-01 9.357869384737886875e-01 1.952984953791089850e+01
9.391820706734850255e-01 -6.400214499425595921e-03 -3.433599756755896237e-01 -5.083684230245782310e+00 -3.040662416778180596e-02 9.943498082441796226e-01 -1.017049460227855279e-01 -1.005654618201264228e+00 3.420708652597742594e-01 1.059598802062701323e-01 9.336809034230978410e-01 2.023322862786339016e+01
9.369590675942820468e-01 -6.160749354448206982e-03 -3.493848140043161465e-01 -5.358775754092344634e+00 -3.089149668443216812e-02 9.944696372967872788e-01 -1.003785630737355911e-01 -1.093303272886531285e+00 3.480710023503262862e-01 1.048436253399094437e-01 9.315870298122892468e-01 2.096220486867677124e+01
9.344443944024473092e-01 -5.853471258982076951e-03 -3.560609610601238595e-01 -5.634152861556777303e+00 -3.129220264871709900e-02 9.946474500497043403e-01 -9.847460669825647273e-02 -1.176094179505035919e+00 3.547315513005115939e-01 1.031609765998653672e-01 9.292595665746656852e-01 2.168469672963813366e+01
9.314691179670596677e-01 -5.963640326083706998e-03 -3.637715141543550468e-01 -5.937427020246915710e+00 -3.080185260103598943e-02 9.949831809795743887e-01 -9.518253752296933212e-02 -1.261700049578743377e+00 3.625141789000194681e-01 9.986443142562122233e-02 9.266124152982513351e-01 2.239130641875296845e+01
9.278781246795352322e-01 -2.208135463869312278e-03 -3.728770668588486381e-01 -6.253133102984744340e+00 -3.366664441359022014e-02 9.954022006114472410e-01 -8.967171288738243207e-02 -1.336598587124980142e+00 3.713606665330609347e-01 9.575794095626570523e-02 9.235375871968075634e-01 2.318008832874712866e+01
9.244120512851253801e-01 -2.588633483650917833e-04 -3.813951879812358947e-01 -6.580035627367873730e+00 -3.454953404632241792e-02 9.958314607544325181e-01 -8.441582492951484051e-02 -1.422636910530318710e+00 3.798271858210964247e-01 9.121203241125740158e-02 9.205496602782112792e-01 2.391798355299565060e+01
9.209148728673250961e-01 3.584447732736380406e-03 -3.897472841804935362e-01 -6.903033876492480125e+00 -3.787644891209681480e-02 9.960479487410603960e-01 -8.033591021329258841e-02 -1.494232277062270686e+00 3.879190296923871184e-01 8.874477810111516818e-02 9.174111367643066339e-01 2.465084877929173146e+01
9.170424208081501272e-01 4.198278258149193594e-03 -3.987675634053100548e-01 -7.236418018671987973e+00 -3.859596192568399281e-02 9.961847353702462105e-01 -7.827084250178015234e-02 -1.569968406715510412e+00 3.969175636343719726e-01 8.716850102054443661e-02 9.137056984251428204e-01 2.539330936609999867e+01
9.129677972826006904e-01 4.851258815204751579e-03 -4.080027732742208535e-01 -7.595557110002078005e+00 -3.994758501284566277e-02 9.961883092674113094e-01 -7.754381330914525416e-02 -1.651252517407193254e+00 4.060714147205785607e-01 8.709373033103025297e-02 9.096816430187634195e-01 2.616815265513701760e+01
9.092530029160895699e-01 4.492292790774190213e-03 -4.162196444849269872e-01 -7.964940925587624676e+00 -3.997854857519316657e-02 9.962614342035501780e-01 -7.658244201933833706e-02 -1.715713668573056072e+00 4.143195562936788923e-01 8.627267306762494148e-02 9.060332966506436936e-01 2.692287567263861447e+01
9.053344069866017252e-01 5.008667180264478325e-03 -4.246698966357195792e-01 -8.348693787532907251e+00 -4.070346863241398883e-02 9.963507563901912167e-01 -7.502264950518527931e-02 -1.789411761037161597e+00 4.227444164812777516e-01 8.520612411553621368e-02 9.022344918927786006e-01 2.772733959958201666e+01
9.014417931936669071e-01 5.869820043050282508e-03 -4.328605259141727335e-01 -8.737729453671411406e+00 -4.128817704816260120e-02 9.965156024792278799e-01 -7.247027330303185133e-02 -1.863430639284132440e+00 4.309268876861800934e-01 8.319975552276877295e-02 8.985431664036475086e-01 2.849826801710943869e+01
8.977175670922542539e-01 6.098945121998709459e-03 -4.405291916285488107e-01 -9.127385407197211364e+00 -4.026621966596605900e-02 9.968550586995297280e-01 -6.825411021894108032e-02 -1.935610113970086310e+00 4.387274826245342596e-01 7.901135929584449102e-02 8.951398801052338206e-01 2.927298007370359301e+01
8.939048409586298760e-01 7.630243579039933284e-03 -4.481918234868980111e-01 -9.545391233121165442e+00 -3.996422284081596610e-02 9.972300634927671048e-01 -6.273006795933305790e-02 -1.995590143036678699e+00 4.464717225509535203e-01 7.398634960441212438e-02 8.917337186741890465e-01 3.008326949396088068e+01
8.900533005556769961e-01 7.121846915847444143e-03 -4.558008307232903622e-01 -9.969288064828758067e+00 -3.783097251937992539e-02 9.975828403963366009e-01 -5.828631169139453921e-02 -2.064402515757657763e+00 4.542839889754264338e-01 6.912131302101189034e-02 8.881713266930350015e-01 3.088767132219070888e+01
8.863240438388392262e-01 6.511660914143292157e-03 -4.630197439489148192e-01 -1.039597984412688447e+01 -3.680437680075922952e-02 9.977285114297691493e-01 -5.642034555818532804e-02 -2.130624341045457726e+00 4.616006176592312160e-01 6.704786214886689077e-02 8.845504271618498393e-01 3.170445003343032653e+01
8.832708164170504084e-01 6.242043901460662264e-03 -4.688216050447818195e-01 -1.085754259710250658e+01 -3.640970447011673133e-02 9.978050698150950915e-01 -5.531162749379835153e-02 -2.192885450900224686e+00 4.674473247732367498e-01 6.592480264393453526e-02 8.815593702590347469e-01 3.250861534448624468e+01
8.800270919834467520e-01 6.442606776545277761e-03 -4.748797802510995592e-01 -1.129444546594064747e+01 -3.615474391906570856e-02 9.979151562184985780e-01 -5.346190743521841288e-02 -2.248031935258681280e+00 4.735453041822037523e-01 6.421708393953262650e-02 8.784253044249011877e-01 3.333930992310118313e+01
8.772257700309012973e-01 5.168920942030264150e-03 -4.800502328510487526e-01 -1.177004818193274183e+01 -3.440290084366725426e-02 9.980480613615946295e-01 -5.212012747061913615e-02 -2.311879207940632508e+00 4.788438076636452045e-01 6.223623965347323261e-02 8.756913056916625360e-01 3.417905252649001824e+01
8.744407052362770383e-01 4.493886214802919263e-03 -4.851115885392931482e-01 -1.224712561847239378e+01 -3.385336336673611113e-02 9.980847272201649467e-01 -5.177670459908607914e-02 -2.372740038744585167e+00 4.839497972173673057e-01 6.169831709396858543e-02 8.729180465874005757e-01 3.502040407840298997e+01
8.726125899042331824e-01 4.052161418391678378e-03 -4.883961949008026049e-01 -1.272993931169208182e+01 -3.383191280344869517e-02 9.980651666734066119e-01 -5.216631872627218447e-02 -2.432369910913277256e+00 4.872398516967057502e-01 6.204436409886004977e-02 8.710613230288769548e-01 3.585071760765412563e+01
8.707881877916249236e-01 4.084094577232755437e-03 -4.916413808675584307e-01 -1.321794846529827616e+01 -3.433543931998658122e-02 9.980292247065538636e-01 -5.252374986171712279e-02 -2.490024683083889911e+00 4.904579626485039423e-01 6.261778389047660542e-02 8.692122898042969892e-01 3.670822723299131241e+01
8.702908989425840458e-01 3.965166763706024639e-03 -4.925221049475780322e-01 -1.371906057068310325e+01 -3.387736541819609537e-02 9.980813382255454558e-01 -5.182631048785307087e-02 -2.552263823036290624e+00 4.913716300941536330e-01 6.178931779327569845e-02 8.687554351444090051e-01 3.760145788651229992e+01
8.702544486096532861e-01 3.773379276049100995e-03 -4.925880139374255728e-01 -1.423391611087817132e+01 -3.281709988416894180e-02 9.981932598205218721e-01 -5.033144209188199908e-02 -2.610811472963097124e+00 4.915081242106592030e-01 5.996647154786624578e-02 8.688059569749581046e-01 3.846976513966705369e+01
8.701384988464280212e-01 2.568603883958280737e-03 -4.928005583279243540e-01 -1.475808045697158200e+01 -3.117261631931948773e-02 9.982707118252579503e-01 -4.983827805013499312e-02 -2.671179267988259554e+00 4.918203578125410202e-01 5.872808727086927666e-02 8.687138494132612410e-01 3.936446569294858477e+01
8.695517760634322579e-01 1.429992394171483152e-03 -4.938397098642066108e-01 -1.526788544823505234e+01 -3.018549671808256826e-02 9.982799113324870577e-01 -5.025986938423362971e-02 -2.736132386801204852e+00 4.929183990211642996e-01 5.861035572443957370e-02 8.680992356197249071e-01 4.026698116526504378e+01
8.683041455799839214e-01 -6.505814163532288143e-04 -4.960317355253394678e-01 -1.580311460181011185e+01 -2.820726217763667651e-02 9.983162117241946021e-01 -5.068620933460730310e-02 -2.793766720285922212e+00 4.952295071276747729e-01 5.800274299054018756e-02 8.668237548038192353e-01 4.118497928830897337e+01
8.667653464005974362e-01 -1.330863887918419400e-03 -4.987144054153810901e-01 -1.632259382097942790e+01 -2.670118505474451329e-02 9.984383192320793743e-01 -4.907106531181239240e-02 -2.858268479830812669e+00 4.980008881959071543e-01 5.584936461916428785e-02 8.653762006746702484e-01 4.209139882166124380e+01
8.648427463207819521e-01 -8.795191317059514223e-04 -5.020420755373480315e-01 -1.687166132157208409e+01 -2.539764317742168251e-02 9.986413978126755797e-01 -4.550075098400773593e-02 -2.923940183705092899e+00 5.014000274863695816e-01 5.210167996497651333e-02 8.636454320551582020e-01 4.304272579363724560e+01
8.618985868961176466e-01 -9.430242536207563298e-04 -5.070798078677546394e-01 -1.742885799665307900e+01 -2.306039206928937879e-02 9.988907750545679143e-01 -4.105408469213812916e-02 -2.982243354250617706e+00 5.065560660174202035e-01 4.707791674149212902e-02 8.609208016765284022e-01 4.393672557627753150e+01
8.581415267229425270e-01 -2.466777045990519411e-03 -5.134072749246352263e-01 -1.798090929197224597e+01 -2.049080595272642982e-02 9.990271515744221231e-01 -3.904967765698175164e-02 -3.044882986461625141e+00 5.130041431531476848e-01 4.403027879446804599e-02 8.572561395519189276e-01 4.482254815816549609e+01
8.527755329870416734e-01 -4.674061670031449782e-03 -5.222566784108676474e-01 -1.853455237160347124e+01 -1.946751298388276971e-02 9.989805842470429464e-01 -4.072847000753584967e-02 -3.110623449192845946e+00 5.219146580989914019e-01 4.489928133483418737e-02 8.518152085428813969e-01 4.573774642757734910e+01
8.469582117984513214e-01 -8.042851896865084102e-03 -5.315986215993223629e-01 -1.909746404098907036e+01 -1.808951823638659667e-02 9.988706834524310185e-01 -4.393321178737737143e-02 -3.173976124442940527e+00 5.313516359493497543e-01 4.682595741434360942e-02 8.458562372955046316e-01 4.662423014850378422e+01
8.407623461032286416e-01 -8.418520192627888116e-03 -5.413388958786176097e-01 -1.970381261228109793e+01 -1.808378893041320823e-02 9.988845062530237184e-01 -4.362017623124887777e-02 -3.235657051268009177e+00 5.411022623831588385e-01 4.646365998756232102e-02 8.396722429717417002e-01 4.753666782268227564e+01
8.352197015848242811e-01 -4.993891309089656949e-03 -5.498937217866601834e-01 -2.029493163261745181e+01 -1.953963603598678558e-02 9.990578273761009376e-01 -3.875126084090518147e-02 -3.276294712993002012e+00 5.495691560338458181e-01 4.311053960633503407e-02 8.343352023918378935e-01 4.839779314327562076e+01
8.297861573509749400e-01 -1.190686419481237117e-03 -5.580801996963613565e-01 -2.088352066733980905e+01 -2.136827190160265136e-02 9.991966549578619183e-01 -3.390341749380390568e-02 -3.343399887546382843e+00 5.576722466898523800e-01 4.005779584417634015e-02 8.290941106199111177e-01 4.927040119411665842e+01
8.257828514572329581e-01 -1.216961409475416809e-03 -5.639868749219458799e-01 -2.149928159477462231e+01 -2.240600638958008262e-02 9.991374242282538010e-01 -3.496252889767904187e-02 -3.394901534107825913e+00 5.635429512729166479e-01 4.150815020967259933e-02 8.250432847153709170e-01 5.017983300107478328e+01
8.223439652021334867e-01 -2.364865206709568582e-03 -5.689857678789271844e-01 -2.212612992432433856e+01 -2.433905021087792026e-02 9.989298639283087367e-01 -3.932858543352142633e-02 -3.441749558993477009e+00 5.684698922848120395e-01 4.619019798376353125e-02 8.214063874782874253e-01 5.103785886531339600e+01
8.194171234789751068e-01 -5.256137935848509933e-03 -5.731735726833269151e-01 -2.274151416138782267e+01 -2.581410221037895233e-02 9.986050050928537702e-01 -4.606165406863000494e-02 -3.523369892512878909e+00 5.726161147384328798e-01 5.253966924488620571e-02 8.181383590771235115e-01 5.188725287121087604e+01
8.161166146637772734e-01 -5.874798000872144023e-03 -5.778573799667340305e-01 -2.336333059100012477e+01 -2.665417970373586132e-02 9.985014553837765483e-01 -4.779537997189303028e-02 -3.573157246188952474e+00 5.772722330450533734e-01 5.440891813739695548e-02 8.147370403833407160e-01 5.276194090195538422e+01
8.130514636043749688e-01 -4.597922397406985738e-03 -5.821736597557581883e-01 -2.398540105320904203e+01 -2.596157720564168034e-02 9.986877520203961689e-01 -4.414488101550208959e-02 -3.640420851461684038e+00 5.816126883039325346e-01 5.100620648867430079e-02 8.118651699537774435e-01 5.362040283328659740e+01
8.097168359336995858e-01 -3.061981996487935648e-03 -5.868128008541355634e-01 -2.463304776753309611e+01 -2.420458192411708079e-02 9.989611097397166350e-01 -3.861139063414313621e-02 -3.699536719149427277e+00 5.863214042405454629e-01 4.546785146522668714e-02 8.088015158200421162e-01 5.450182053556748940e+01
8.067374829046282114e-01 -1.267889209456513674e-03 -5.909086388097924969e-01 -2.529496525475267177e+01 -2.457578616652349862e-02 9.990604820458977020e-01 -3.569571397075702729e-02 -3.753399391339955038e+00 5.903987379244457490e-01 4.331911466367669578e-02 8.059483800022348987e-01 5.535339371990828283e+01
8.037634182604239674e-01 -7.596295528088948526e-04 -5.949485554482084604e-01 -2.592678420628570635e+01 -2.571745184874290116e-02 9.990201312062341188e-01 -3.601930267164161342e-02 -3.806996286448131706e+00 5.943929554992556374e-01 4.425155854384552750e-02 8.029563006594987451e-01 5.619874465701268207e+01
8.001324175133314176e-01 -1.806706720563186312e-03 -5.998206759973390145e-01 -2.657650588914490797e+01 -2.580926122963893635e-02 9.989656305054740448e-01 -3.743729628389051017e-02 -3.860549810802055948e+00 5.992678883336000073e-01 4.543572278394914649e-02 7.992581560165742394e-01 5.705667081785160377e+01
7.963166091490770926e-01 -3.817777579357573697e-03 -6.048679819277643643e-01 -2.723168785669835401e+01 -2.560227086644882924e-02 9.988712106299351134e-01 -4.001035302209110522e-02 -3.921660526531427049e+00 6.043379744250398922e-01 4.734690246125962398e-02 7.953199924896171558e-01 5.792102571115810861e+01
7.920433135467124242e-01 -4.544724119680124304e-03 -6.104479730683091132e-01 -2.787928421722367034e+01 -2.533650172719222396e-02 9.988659385134444069e-01 -4.031003107048158896e-02 -3.975456436998999976e+00 6.099388960167879681e-01 4.739390659854604559e-02 7.910299411662899960e-01 5.874506536446554605e+01
7.875001599718695067e-01 -5.113740993333081020e-03 -6.162932260262631301e-01 -2.856657233257492123e+01 -2.441637270059576412e-02 9.989216919740553369e-01 -3.948789805922540974e-02 -4.035115619365278405e+00 6.158306135944554560e-01 4.614437101835117822e-02 7.865261340790731248e-01 5.961953847641986926e+01
7.827253428554491466e-01 -5.398928155235453719e-03 -6.223438614167687843e-01 -2.925401028525587321e+01 -2.413005056353011504e-02 9.989472498640631359e-01 -3.901451901145758933e-02 -4.093935778352405741e+00 6.218993361399911546e-01 4.555484148339134648e-02 7.817710530997249441e-01 6.044090047318465508e+01
7.771741768349791357e-01 -6.013109246949463471e-03 -6.292568107241844899e-01 -2.994562028184033053e+01 -2.422745122177850235e-02 9.989270720080500876e-01 -3.946815756524870572e-02 -4.154056937781011705e+00 6.288190006632718987e-01 4.591892142263571952e-02 7.761946434694300123e-01 6.128333747336544235e+01
7.716887484027804556e-01 -7.156045930388352065e-03 -6.359601079564097814e-01 -3.065018477354330884e+01 -2.397141629967055459e-02 9.988989285110452254e-01 -4.032743314344274660e-02 -4.212046676454610505e+00 6.355484663355834840e-01 4.636509077370023352e-02 7.706675242511739077e-01 6.211207625956453171e+01
7.664706575711635050e-01 -8.444925929720152255e-03 -6.422237978196619901e-01 -3.134877800697245931e+01 -2.340638216996693971e-02 9.988820951624070021e-01 -4.106946895041721501e-02 -4.273299869252089600e+00 6.418526924199077222e-01 4.651067838703380058e-02 7.654161520438784727e-01 6.293107844780219295e+01
7.608128439919931152e-01 -9.413708876484369256e-03 -6.489030671287364660e-01 -3.205866022369157520e+01 -2.346653224373616842e-02 9.988418273923324042e-01 -4.200387789055493037e-02 -4.331325030380576813e+00 6.485469488321350395e-01 4.718459440981200015e-02 7.597107851952525914e-01 6.377791707613167205e+01
7.546972517934922298e-01 -1.181522760124062432e-02 -6.559668058675961477e-01 -3.278558972299259011e+01 -2.187888434770265955e-02 9.988284602638055620e-01 -4.316273189151210304e-02 -4.396243123871855119e+00 6.557083034970963009e-01 4.692661687863886738e-02 7.535545908874994314e-01 6.458423277366971149e+01
7.486850472682187174e-01 -1.256911781692438522e-02 -6.628066905102487638e-01 -3.353636247282205574e+01 -2.142549114061929535e-02 9.988391409964159084e-01 -4.314300383045650833e-02 -4.460554746803460979e+00 6.625795463204832147e-01 4.650148058717282207e-02 7.475466308889999745e-01 6.541569686146556251e+01
7.423248703504481405e-01 -1.287771128262817089e-02 -6.699163701214997380e-01 -3.428628586602144424e+01 -2.035943165994443319e-02 9.989201270447829462e-01 -4.176210438020552806e-02 -4.514662860597506544e+00 6.697307574260491503e-01 4.464016510173179214e-02 7.412610718477140592e-01 6.623059105252542622e+01
7.360592398004710546e-01 -1.317700634670651051e-02 -6.767888543646516375e-01 -3.502010210402708879e+01 -1.973117405773602492e-02 9.989680368532644072e-01 -4.090894950774670580e-02 -4.583081233960144552e+00 6.766295023688992938e-01 4.346524877196816794e-02 7.350396569268161651e-01 6.702770654763997982e+01
7.292151682651240030e-01 -1.461188259196875318e-02 -6.841284400392718679e-01 -3.579909111765496021e+01 -1.874306853006227347e-02 9.989703660382075467e-01 -4.131470913794935140e-02 -4.643572068196136549e+00 6.840277356438742018e-01 4.294997861147817342e-02 7.281904729974295609e-01 6.784265407491861311e+01
7.229885365790406082e-01 -1.661411746927867264e-02 -6.906602190172482780e-01 -3.658170867603998033e+01 -1.805920065840115746e-02 9.989146872843747138e-01 -4.293381916790983688e-02 -4.709996377690758074e+00 6.906239561296038110e-01 4.351343037370408728e-02 7.219038312066683449e-01 6.864192726994046723e+01
7.171072527204225278e-01 -1.570854686368778827e-02 -6.967857780978907734e-01 -3.737385029170393835e+01 -1.991322931023096002e-02 9.988760430680299063e-01 -4.301295056680218276e-02 -4.772412669369510141e+00 6.966783038608896916e-01 4.472015359894130487e-02 7.159884481261192812e-01 6.943867827277756533e+01
7.116028430200032062e-01 -1.565388653952422618e-02 -7.024075315752827953e-01 -3.819367033875320772e+01 -1.965800176754392906e-02 9.989167344957644579e-01 -4.217725149867693896e-02 -4.834373093358819595e+00 7.023068877529327070e-01 4.382138036875538045e-02 7.105242650554477457e-01 7.026879754531347544e+01
7.070943841315818768e-01 -1.533678664905209661e-02 -7.069528312165301864e-01 -3.899553574054900906e+01 -2.042689284454574788e-02 9.989045057059241506e-01 -4.210143185255309922e-02 -4.891310181135986923e+00 7.068240812964724507e-01 4.421053555017972342e-02 7.060064843545299507e-01 7.104431512945765803e+01
7.022267768574900204e-01 -1.590653164528564589e-02 -7.117756153855840928e-01 -3.982810047434270473e+01 -2.068850591467843308e-02 9.988722838117892744e-01 -4.273343410956274152e-02 -4.962041611815677378e+00 7.116526875015657394e-01 4.473413552282825417e-02 7.011057829696591970e-01 7.184326449799181091e+01
6.968239471950237185e-01 -1.778347223387745368e-02 -7.170217047934807075e-01 -4.064603035377110984e+01 -2.088087845339137855e-02 9.987658537090556843e-01 -4.506393695737246491e-02 -5.033005337931117928e+00 7.169382007553677383e-01 4.637367330027462181e-02 6.955926309801863106e-01 7.263597263139782001e+01
6.917176412180826572e-01 -1.981039294980637896e-02 -7.218962830306034917e-01 -4.148102326216339719e+01 -2.092784992895138640e-02 9.986539667996894298e-01 -4.745818923532771350e-02 -5.094725126861447961e+00 7.218647644954280240e-01 4.793540360888497165e-02 6.903719783807703569e-01 7.341789960092181389e+01
6.865627859648860687e-01 -2.039656962527844342e-02 -7.267843635139282776e-01 -4.233204912405909681e+01 -2.175650068518486177e-02 9.985824697883461942e-01 -4.857680252337227833e-02 -5.157147494381210784e+00 7.267449373908839716e-01 4.916330920321934639e-02 6.851458055028624150e-01 7.420490202985837414e+01
6.820051087053213834e-01 -2.026677768578380098e-02 -7.310665356087190370e-01 -4.320567724455095515e+01 -2.113445514842514014e-02 9.986523328061189808e-01 -4.740098121218808136e-02 -5.235187869939154304e+00 7.310419789810018720e-01 4.777840406211296409e-02 6.806576665068564402e-01 7.499211280110397126e+01
6.769701356471239384e-01 -2.066988720462730258e-02 -7.357201785681662942e-01 -4.406314355109485348e+01 -1.999037966636043120e-02 9.987204382260808089e-01 -4.645289034844419379e-02 -5.299032167963453333e+00 7.357389678487508133e-01 4.615454497012858037e-02 6.756907126700195665e-01 7.576776102383739442e+01
6.720051054901672316e-01 -2.128568861755453234e-02 -7.402405335350997762e-01 -4.492818854577637921e+01 -1.957604895763158728e-02 9.987269179600104518e-01 -4.649001699056862225e-02 -5.373598234562346754e+00 7.402877314048205148e-01 4.573251348172163722e-02 6.707328992069566675e-01 7.653019786859870521e+01
6.670049106299937858e-01 -2.208242270476000468e-02 -7.447259935856223034e-01 -4.581732137978298169e+01 -1.905018505464532025e-02 9.987284073063379397e-01 -4.667610649914337440e-02 -5.441548172163895636e+00 7.448097398188129326e-01 4.532036001476973108e-02 6.657360788562118881e-01 7.731554604003859765e+01
6.624009863599327197e-01 -2.281715559006509964e-02 -7.488019099169189730e-01 -4.669828940694790731e+01 -1.807451005509908004e-02 9.987583521985380353e-01 -4.642268871054601453e-02 -5.515593328449269528e+00 7.489314083068967509e-01 4.428466220702590578e-02 6.611661097654754071e-01 7.810044363072339024e+01
6.585939867937125047e-01 -2.355440816026778753e-02 -7.521297361128657100e-01 -4.759304482660496660e+01 -1.697557491461332627e-02 9.987905702098447414e-01 -4.614354495654332533e-02 -5.581368878028357905e+00 7.523069848793892955e-01 4.315769567166312382e-02 6.573976150331120039e-01 7.886896031022722298e+01
6.545603610311183651e-01 -2.603879578482028515e-02 -7.555611850298170618e-01 -4.850565426519172263e+01 -1.445683685677044868e-02 9.987928290143555099e-01 -4.694554927337597078e-02 -5.653327365449976938e+00 7.558715121068764198e-01 4.165172020654225177e-02 6.533937571842459713e-01 7.964013307825668164e+01
6.504180074102923204e-01 -3.033063172143361449e-02 -7.589706567270861903e-01 -4.941065543932944593e+01 -1.164441573199494553e-02 9.986868687711797365e-01 -4.988933490559713940e-02 -5.733215832506245668e+00 7.594872168100099685e-01 4.128669139045373915e-02 6.492107417843827610e-01 8.042028447950748671e+01
6.455284618142861364e-01 -3.456497965400159161e-02 -7.629536397610459098e-01 -5.031539755772173095e+01 -7.616323069580515324e-03 9.986343212129431546e-01 -5.168640169204430368e-02 -5.803754859310048531e+00 7.636982427681059393e-01 3.917594450350823237e-02 6.443836202979796868e-01 8.118953031653796870e+01
6.392218262374803617e-01 -3.863386570550798871e-02 -7.680513462041695938e-01 -5.124139815043358226e+01 -1.879152929501322518e-03 9.986558410668261443e-01 -5.179748910171143306e-02 -5.882100815215041578e+00 7.690201136465645293e-01 3.455337118642556882e-02 6.382900126377090144e-01 8.194964146894187706e+01
6.306736603904100624e-01 -4.207162766552703659e-02 -7.749068983946567624e-01 -5.216430321481561094e+01 2.664953390424538906e-03 9.986409356639830426e-01 -5.204978021632838958e-02 -5.969400793180577480e+00 7.760435824470710564e-01 3.076133427843658757e-02 6.299286543179773989e-01 8.271725560494031981e+01
6.217530258429354584e-01 -4.315560850757952510e-02 -7.820235016065636424e-01 -5.310523578973307224e+01 5.266938912723769482e-03 9.986886093875557702e-01 -5.092465818267299243e-02 -6.044827967789265344e+00 7.831956614753805557e-01 2.754368990234494843e-02 6.211649638060939838e-01 8.344799849787312951e+01
6.128725261050477213e-01 -4.228627447698801028e-02 -7.890495081447912451e-01 -5.406342654612587495e+01 6.703929063901732828e-03 9.988093840735027262e-01 -4.832050908291662950e-02 -6.111167834583579150e+00 7.901533612028690534e-01 2.432458009664493354e-02 6.124263156002129893e-01 8.419840476182776001e+01
6.041849503463937454e-01 -4.224715838321733974e-02 -7.957233889805007676e-01 -5.506331646205335062e+01 6.605944190055397514e-03 9.988247918704629136e-01 -4.801454595106779966e-02 -6.192994097538607967e+00 7.968167402876280558e-01 2.375316131531840513e-02 6.037539907621156665e-01 8.492786068582907433e+01
5.946542598317321460e-01 -4.272289015698549353e-02 -8.028455979294061295e-01 -5.603944518071440939e+01 4.114696904532020617e-03 9.987357621856781664e-01 -5.009936706666644202e-02 -6.263125686337101428e+00 8.039710138177734722e-01 2.648833531660581969e-02 5.940782682940489723e-01 8.564720441954484897e+01
5.844813882935341320e-01 -4.509904439003185189e-02 -8.101528071472532400e-01 -5.704153369450440891e+01 5.684150885782946784e-03 9.986572421979689196e-01 -5.149177614002568154e-02 -6.354993838163584208e+00 8.113872120682193989e-01 2.549095356650986355e-02 5.839529222528371255e-01 8.636603429979903979e+01
5.749016556798972610e-01 -4.620601396368473335e-02 -8.169168123984762442e-01 -5.803771042925012580e+01 5.016965044733925731e-03 9.985845228468750445e-01 -5.295073907262722035e-02 -6.421288034008911794e+00 8.182071420464301914e-01 2.634302403222659947e-02 5.743197106176541888e-01 8.706880331481529822e+01
5.647121711584457415e-01 -4.753081745841259559e-02 -8.239180619168797737e-01 -5.906703872246963272e+01 8.371985399028919472e-03 9.986187039048561864e-01 -5.187093639528635169e-02 -6.499740076511087317e+00 8.252454693933820584e-01 2.239431864877830872e-02 5.643300649014505455e-01 8.775929683181259122e+01
5.542653122978996594e-01 -4.761705698833974126e-02 -8.309768750609393129e-01 -6.009684141301373472e+01 1.006016270913064233e-02 9.986725689045143906e-01 -5.051626681182139200e-02 -6.584538233792443407e+00 8.322792608665195990e-01 1.963965132060591437e-02 5.540085997887067570e-01 8.844348839553333619e+01
5.438602554958388291e-01 -4.816003819650359341e-02 -8.377927073213956577e-01 -6.113812776232392565e+01 1.051929727255000377e-02 9.986646639932837966e-01 -5.057898025763701844e-02 -6.666880970442369936e+00 8.391098726870621638e-01 1.869490606168332583e-02 5.436406302426420867e-01 8.911236007191658359e+01
5.335443810124066433e-01 -4.880096577033144617e-02 -8.443629825334874051e-01 -6.218374958919473983e+01 9.141585527781959444e-03 9.986084025464774250e-01 -5.193928904837533111e-02 -6.744572734483915255e+00 8.457226712499990029e-01 1.999309888870154026e-02 5.332480213919953416e-01 8.976924581410473536e+01
5.232532313648847744e-01 -4.943872786136958852e-02 -8.507419437854346622e-01 -6.328327241584169371e+01 8.030446478995889939e-03 9.985574686467164618e-01 -5.308948774990886882e-02 -6.824797573041112564e+00 8.521394133310692398e-01 2.094740785849045356e-02 5.228954384188965188e-01 9.042188941196825169e+01
5.135734799683018270e-01 -5.018627639709678789e-02 -8.565766778465896403e-01 -6.435723426006768477e+01 6.999881468165866649e-03 9.984998818728120229e-01 -5.430458112028151152e-02 -6.911844014438504935e+00 8.580170711992319843e-01 2.189345698449288516e-02 5.131543582633452116e-01 9.105081298595749217e+01
