1.000000000000000000e+00 4.398956837314658088e-19 2.733407509747682871e-20 -8.673617379884035472e-19 -5.583667658079949532e-19 1.000000000000000000e+00 -6.100159232558060012e-19 0.000000000000000000e+00 4.145284534913582806e-20 -2.210423569125054137e-19 1.000000000000000222e+00 0.000000000000000000e+00
9.999487401721816049e-01 -1.209612395942893806e-03 1.005255591944486521e-02 6.686891997267425947e-02 1.203713056105553065e-03 9.999990997823483552e-01 5.928802819272485300e-04 -7.922502107804013649e-03 -1.005326419870193264e-02 -5.807494933599110631e-04 9.999492960129152674e-01 2.711031398728449560e-01
9.998608633656355105e-01 -2.560322544434720689e-03 1.648328490704038460e-02 1.091830489672783594e-01 2.548456364528244554e-03 9.999964782415041720e-01 7.408575609576150333e-04 -7.012494714187800238e-04 -1.648512397572898455e-02 -6.987475375580448405e-04 9.998638669444317451e-01 5.390848938649845934e-01
9.997980934478224446e-01 -6.365447041437580569e-03 1.905920916524720538e-02 8.593056240019711356e-02 6.383815013745353963e-03 9.999792154876778749e-01 -9.030433052893417330e-04 -1.434901108052899499e-02 -1.905306508470799506e-02 1.024531472079549029e-03 9.998179489414588117e-01 9.162095410644489624e-01
9.998357068728896957e-01 -7.070852145191647634e-03 1.669018703435043438e-02 8.795870944603884078e-02 7.102135564268006324e-03 9.999731308512215255e-01 -1.815828635632888571e-03 -1.383263304429660501e-02 -1.667689941721318611e-02 1.934066316561318952e-03 9.998590602651948878e-01 1.195574186267269523e+00
9.998843042698951633e-01 -1.087120469652963842e-02 1.063931460723191447e-02 1.039091167618937661e-01 1.091250725831165516e-02 9.999331152394017597e-01 -3.831737771652090740e-03 -1.650430571765885979e-02 -1.059694757951544671e-02 3.947396107544904990e-03 9.999360593320063550e-01 1.540067407209838146e+00
9.999346020407535729e-01 -1.119679338539710488e-02 -2.328835720821502333e-03 8.171168970094273842e-02 1.118537996436171945e-02 9.999256429398605261e-01 -4.857555703060403678e-03 -3.105651625629167467e-02 2.383051641013885814e-03 4.831189166471285164e-03 9.999854902341012153e-01 1.823219529121151927e+00
9.997826573282564411e-01 -1.091862101721469830e-02 -1.776011851106701345e-02 4.701088645425072210e-02 1.082531768267121913e-02 9.999271392741373443e-01 -5.341219131552450705e-03 -3.347336497738834238e-02 1.781714354831834615e-02 5.147799370255690468e-03 9.998280100031834428e-01 2.112051783229567548e+00
9.993349212348097144e-01 -6.938011003730492482e-03 -3.579915004418268015e-02 2.724349705065968325e-02 6.737704429860375335e-03 9.999609822796795555e-01 -5.712901716615896228e-03 -4.235106190456738862e-02 3.583739003410815055e-02 5.467898117191082041e-03 9.993426757809439342e-01 2.518510367856119814e+00
9.984117308749123065e-01 -3.480734317911700956e-03 -5.623077460496198055e-02 -4.132387397807157220e-02 3.111553754569964213e-03 9.999730363745875650e-01 -6.651672895238775439e-03 -5.022030766550003578e-02 5.625241209387578378e-02 6.466143180696352563e-03 9.983956406445286813e-01 2.851915645751527340e+00
9.970580792888060762e-01 -3.022404434501724767e-03 -7.659015206275450460e-02 -8.874520951525012580e-02 2.509979294184295703e-03 9.999738256951838933e-01 -6.785862131532138623e-03 -5.240606421879254184e-02 7.660865830920783603e-02 6.573658959334598324e-03 9.970395682654311642e-01 3.184332918305541771e+00
9.952658225356356692e-01 -3.740455622976833049e-03 -9.711823305562003461e-02 -1.419320747595685939e-01 3.142985684589059536e-03 9.999751887915512283e-01 -6.304239643727982921e-03 -6.053288179863634821e-02 9.713940584027846992e-02 5.969153006377402558e-03 9.952528851214338390e-01 3.572360382830143344e+00
9.931508853935980818e-01 -4.622275612403873614e-03 -1.167473897757763251e-01 -1.927676845161146457e-01 3.996866904315894697e-03 9.999763854811096753e-01 -5.590485549195395830e-03 -7.251414717146771605e-02 1.167704756249328402e-01 5.085571837267392238e-03 9.931459073965123174e-01 3.982388224106272023e+00
9.909890704876928025e-01 -4.376364734446510328e-03 -1.338712408129038856e-01 -2.689068754281801477e-01 3.748923623363634942e-03 9.999807776464449960e-01 -4.938613494018675477e-03 -8.103335474212235157e-02 1.338902829811416118e-01 4.392238859269877171e-03 9.909864281895743865e-01 4.377971528999976769e+00
9.886707997570360895e-01 -3.413670108627282675e-03 -1.500613073779130946e-01 -3.487040929187102956e-01 2.782601814129955289e-03 9.999863815963143665e-01 -4.415172103176923796e-03 -9.433562212176462014e-02 1.500743383186462498e-01 3.947590769187186120e-03 9.886668347334692797e-01 4.801674958810789207e+00
9.864240120000155043e-01 -2.850869421368911350e-03 -1.641936064654391514e-01 -4.413204358776286473e-01 2.139389794290493842e-03 9.999875420545496496e-01 -4.509849646635067343e-03 -9.852923185944630069e-02 1.642044207825138769e-01 4.097349745149799632e-03 9.864178225341059258e-01 5.197402380183877568e+00
9.844017550885318935e-01 -4.009086192885844696e-03 -1.758894852875506065e-01 -5.319024813430955900e-01 3.122745666241794060e-03 9.999809957740259936e-01 -5.315688612762044934e-03 -9.742661351002271375e-02 1.759074567396617661e-01 4.683514956731497578e-03 9.843955668976241968e-01 5.659672577001490623e+00
9.826072561813470330e-01 -6.284036685458931591e-03 -1.855895744407141668e-01 -6.074687251656146758e-01 5.054200075864188207e-03 9.999620287494944693e-01 -7.099021948407810249e-03 -1.147314137760402780e-01 1.856271410959058066e-01 6.037543527057508130e-03 9.826017063930325701e-01 6.091926224965370729e+00
9.810546756566576043e-01 -5.597058506137315460e-03 -1.936501882308976352e-01 -7.089962373034893739e-01 3.999590646933855360e-03 9.999546824916284438e-01 -8.639226327401381897e-03 -1.219562724511757956e-01 1.936897700890748975e-01 7.701031798417931271e-03 9.810326029162821371e-01 6.524398291691547058e+00
9.794245205011181676e-01 -5.922502828416807870e-03 -2.017238995001866542e-01 -8.456023639434783190e-01 3.829712053962296310e-03 9.999347408668456394e-01 -1.076323869999201363e-02 -1.164868689074599895e-01 2.017744839700549575e-01 9.769235362708569154e-03 9.793832858675464159e-01 6.997847660018440052e+00
9.779963267569755647e-01 -6.436934795583541813e-03 -2.085227797917161563e-01 -9.474576845632918243e-01 3.753771891542260087e-03 9.999050276167108509e-01 -1.326065374270357991e-02 -1.306199420427615332e-01 2.085883374505981824e-01 1.218612362706956997e-02 9.779276071900745437e-01 7.472384244621199656e+00
9.761825274301866306e-01 -1.082820825788158477e-02 -2.166804604805721290e-01 -1.066415674040684491e+00 7.702841391007856503e-03 9.998538391385187740e-01 -1.526324282730979684e-02 -1.523435766940983704e-01 2.168140675924706551e-01 1.323065567142631821e-02 9.761232560231524191e-01 8.004133272554332379e+00
9.743217195314685108e-01 -1.573343690721887983e-02 -2.246099834314830290e-01 -1.155980426096418601e+00 1.235707864238905218e-02 9.997886565316119745e-01 -1.642999869779556213e-02 -1.651345854753886733e-01 2.248210178082524491e-01 1.323258128133964449e-02 9.743102226295599078e-01 8.525554097173376533e+00
9.723620677026696413e-01 -1.700576793225914984e-02 -2.328579221770499530e-01 -1.290359232302017212e+00 1.295844899403300089e-02 9.997374011612325528e-01 -1.889992848648489737e-02 -1.870172002683521129e-01 2.331181857784139222e-01 1.536009597546863711e-02 9.723270952527627298e-01 9.028550714499633756e+00
9.703742535796558988e-01 -1.298191117695593477e-02 -2.412576976111298899e-01 -1.466686988963810778e+00 7.693991261324700445e-03 9.997093594351912360e-01 -2.284730054425707438e-02 -1.969374663028635453e-01 2.414841841270940759e-01 2.031419757028920386e-02 9.701921065040848280e-01 9.570951329018496878e+00
9.682006215402856331e-01 -9.946034455262561455e-03 -2.499772618504504107e-01 -1.611964585312246401e+00 3.684127469536721718e-03 9.996678970850890744e-01 -2.550534718080601365e-02 -2.020135581263519942e-01 2.501479250444630931e-01 2.377334489328694275e-02 9.679157220963795494e-01 1.010008194603607912e+01
9.658036896342295785e-01 -1.240342688154880309e-02 -2.589775793349693433e-01 -1.762829775268449639e+00 5.377672164484960382e-03 9.995984926471005449e-01 -2.781967161114493048e-02 -2.295826608505618371e-01 2.592186616604454374e-01 2.547564497344060111e-02 9.654826142731113281e-01 1.063485282484318439e+01
9.634966454803131075e-01 -1.438674756122636407e-02 -2.673335633002213996e-01 -1.917844552357870436e+00 6.691550849430167799e-03 9.995372372394032423e-01 -2.967380165915758927e-02 -2.614201121745608480e-01 2.676367653858883200e-01 2.680173223729408888e-02 9.631470451353744133e-01 1.122861269966390196e+01
9.612589736328182033e-01 -1.432508470216592097e-02 -2.752743647672205030e-01 -2.102002982926399977e+00 5.683685740347842012e-03 9.994664413917966339e-01 -3.216408299289424955e-02 -2.804778748757553175e-01 2.755882477184444235e-01 2.935344045279828298e-02 9.608275052926884552e-01 1.178482089233132690e+01
9.588431384041439243e-01 -1.381879503128653937e-02 -2.835998502940949018e-01 -2.260442779320974704e+00 3.775601936741315549e-03 9.993471995042136902e-01 -3.592937046115077249e-02 -3.047347143137932868e-01 2.839112216622317608e-01 3.337987024794998592e-02 9.582693797884795917e-01 1.237712890190824133e+01
9.565964034574423458e-01 -1.516391403225942312e-02 -2.910212617149389169e-01 -2.463685826700359627e+00 3.463527050040362144e-03 9.991663169711767489e-01 -4.067769656050114480e-02 -3.387981143544558371e-01 2.913954803319523945e-01 3.790417831258376807e-02 9.558514262975555953e-01 1.296867473868571885e+01
9.547808716194355894e-01 -1.586011499201467681e-02 -2.968870863524120107e-01 -2.666949839749317430e+00 1.660203197670315732e-03 9.988449706910426107e-01 -4.802049808461009844e-02 -3.760593627129703576e-01 2.973057887930970478e-01 4.535616028437756964e-02 9.537044031500941932e-01 1.359644850315405051e+01
9.534049137096562987e-01 -1.650501715613951481e-02 -3.012418512992961483e-01 -2.886288908126685815e+00 -3.976686173621685498e-04 9.984327842917622986e-01 -5.596264017012640701e-02 -4.100624068943597433e-01 3.016934098472944248e-01 5.347485078168109224e-02 9.519041594370621917e-01 1.420344655833864245e+01
9.523552873777694217e-01 -1.634708610309760710e-02 -3.045524214184387457e-01 -3.101823888756677583e+00 -3.548661214599536755e-03 9.979010427129381133e-01 -6.466000261478696554e-02 -4.595823310600649081e-01 3.049701867451195536e-01 6.266004904796110275e-02 9.502983244516085559e-01 1.481316008294906261e+01
9.508902641386882681e-01 -1.588795693725185421e-02 -3.091201649006093954e-01 -3.324788602712035246e+00 -7.189259217124859686e-03 9.972786931080891426e-01 -7.337249351683151899e-02 -5.040920355188788227e-01 3.094446983715559707e-01 7.199153512711062297e-02 9.481883776876132153e-01 1.543982853845970560e+01
9.496164510879866461e-01 -1.479730330473106106e-02 -3.130649030899204099e-01 -3.560169858411870170e+00 -1.097638553262885244e-02 9.967018714154379788e-01 -8.040459226631055389e-02 -5.563068736273010240e-01 3.132221512691958365e-01 7.978984509137311554e-02 9.463220734432579162e-01 1.611692570857902851e+01
9.477763303213059265e-01 -1.401095877663994550e-02 -3.186278684561709151e-01 -3.780789268859545693e+00 -1.445469903367216369e-02 9.961210148469055170e-01 -8.679853360092883163e-02 -6.204383235970807320e-01 3.186080517932722289e-01 8.687126611478802884e-02 9.438973962444062726e-01 1.676976413101710506e+01
9.461409440365610157e-01 -1.235402298776751978e-02 -3.235192264936739281e-01 -4.039241597024957997e+00 -1.877602933162837023e-02 9.954960233409356762e-01 -9.292539058258487972e-02 -6.899969471794266118e-01 3.232101113644488821e-01 9.399492383593979761e-02 9.416475882448855916e-01 1.744948941472038229e+01
9.445415282472758856e-01 -1.107039542850403284e-02 -3.282053404173519984e-01 -4.271463646246068890e+00 -2.241718033765126988e-02 9.949266771451303892e-01 -9.807332517679417938e-02 -7.600144308258227621e-01 3.276259648278188608e-01 9.999176737616732868e-02 9.395013975135663165e-01 1.810371356617707050e+01
9.428096171698516770e-01 -7.786042402005142679e-03 -3.332407552570398890e-01 -4.540317420817139293e+00 -2.763117067999709339e-02 9.944609541128943686e-01 -1.014097092955800888e-01 -8.493520463578425606e-01 3.321845053668068815e-01 1.048178820517870619e-01 9.373722144165400616e-01 1.879919525191942498e+01
9.409556068232097781e-01 -7.558435412598153193e-03 -3.384455844351926812e-01 -4.811002474092492598e+00 -2.897161307607130573e-02 9.942849203133975466e-01 -1.027528241067700160e-01 -9.164341341552112441e-01 3.372879972696445350e-01 1.064911611579125728e-01 9.353589909348740683e-01 1.949503582008990676e+01
9.386470299645924831e-01 -6.062138122368934331e-03 -3.448260447188828959e-01 -5.086970678794086709e+00 -3.107490566718860980e-02 9.942918870948881382e-01 -1.020685724899788177e-01 -1.012094167943779821e+00 3.434764983489353440e-01 1.065217999035838747e-01 9.331007468305553276e-01 2.023961725897991215e+01
9.366719594570658280e-01 -6.624758686134350413e-03 -3.501453274948033711e-01 -5.371636333349465886e+00 -3.056152621537302355e-02 9.944604710432641825e-01 -1.005701975936569709e-01 -1.098666761997366903e+00 3.488719465407817411e-01 1.049022603010957011e-01 9.312807757476283532e-01 2.095158467773445210e+01
9.340168502350538748e-01 -6.555487955441165020e-03 -3.571687925726625967e-01 -5.635888091375651499e+00 -3.079880191536745956e-02 9.946309670130419889e-01 -9.879611965514890903e-02 -1.184932411244113082e+00 3.558988043757685960e-01 1.032776120199790926e-01 9.288001822601862356e-01 2.166735015456202262e+01
9.314186675807324400e-01 -6.091500302277574191e-03 -3.638985525487561379e-01 -5.963260056507878382e+00 -3.085089382737815286e-02 9.949397700815689749e-01 -9.561943455568487626e-02 -1.268107758683485908e+00 3.626396141999701506e-01 1.002883225349686241e-01 9.265175472329043593e-01 2.235937270148311384e+01
9.274764822341122761e-01 -3.829902574208520188e-03 -3.738618780351554149e-01 -6.258704226503644996e+00 -3.223013330332612919e-02 9.954062209031879771e-01 -9.015361285358636234e-02 -1.344718388798071151e+00 3.724897250633295576e-01 9.566497442113239269e-02 9.230924223912325699e-01 2.317167916814029383e+01
9.243383403860446768e-01 -1.314193729478655825e-03 -3.815716215509861731e-01 -6.592780214474285749e+00 -3.355714948187665109e-02 9.958395343682314715e-01 -8.472036080353144427e-02 -1.429616769508894603e+00 3.800954513911470323e-01 9.111473413905905872e-02 9.204485624096159224e-01 2.388651787368262092e+01
9.204363066859702069e-01 1.893570310656687893e-03 -3.908879846859188434e-01 -6.915499365568305024e+00 -3.633036157911631592e-02 9.960742461356084654e-01 -8.072298961105646431e-02 -1.506623704725666091e+00 3.892006066637571093e-01 8.850147270311405079e-02 9.168916949220649037e-01 2.463787686997418191e+01
9.168016684848312448e-01 3.982883199241818786e-03 -3.993229695662049994e-01 -7.252196200549373195e+00 -3.870314604315718693e-02 9.961291461330488151e-01 -7.892268848500960665e-02 -1.580345520107218737e+00 3.974629156496246596e-01 8.781150813908474018e-02 9.134070138532003336e-01 2.537529819225943584e+01
9.127182899427873641e-01 4.718400866024279397e-03 -4.085621818958716789e-01 -7.604070476476896268e+00 -4.007611654056245087e-02 9.961455881165915960e-01 -7.802481791451666704e-02 -1.657368360187603473e+00 4.066192695514248556e-01 8.758826443035616638e-02 9.093893934577714777e-01 2.614145252290005317e+01
9.085767445273801313e-01 4.943507480403344471e-03 -4.176887088203188880e-01 -7.927132375433900258e+00 -4.070429904468177151e-02 9.962190491510570789e-01 -7.675132704180961940e-02 -1.723775522661268100e+00 4.157300346942728320e-01 8.673619739182332478e-02 9.053426830886223131e-01 2.689772136373213129e+01
9.052782848942406702e-01 5.711343081077476132e-03 -4.247806537326506704e-01 -8.356654765690173292e+00 -4.163065041858458881e-02 9.962895319604503364e-01 -7.532634008519152602e-02 -1.799215049876202510e+00 4.227743113561617805e-01 8.587519526378732670e-02 9.021570462566185222e-01 2.768639754523657004e+01
9.015569208373711563e-01 4.993146276477399524e-03 -4.326316946131584795e-01 -8.761221079677172341e+00 -4.061328741617431515e-02 9.964949382984583659e-01 -7.313274840619685135e-02 -1.874095287959040679e+00 4.307501386938942800e-01 8.350393119984578227e-02 8.985996968769618398e-01 2.846501238077614104e+01
8.972907943961043742e-01 5.946538999605099560e-03 -4.413998924179802774e-01 -9.144785486749285042e+00 -4.029081846182023391e-02 9.968389189380930659e-01 -6.847495674087263062e-02 -1.935259736707320544e+00 4.395974101087992136e-01 7.922631159272376655e-02 8.946939769852734203e-01 2.923999376190070265e+01
8.933040383143078245e-01 6.940944184262190682e-03 -4.493992816564173487e-01 -9.550603795027589271e+00 -3.969608835475580549e-02 9.971917072771254720e-01 -6.350527200883204770e-02 -2.000846155531323056e+00 4.476964580527430515e-01 7.456890980834426919e-02 8.910709080331643550e-01 3.004870184262627930e+01
8.899759583826482023e-01 7.158599382992210727e-03 -4.559512515332930782e-01 -9.977365385545457599e+00 -3.821846219514851706e-02 9.975298132583763078e-01 -5.893743185930603451e-02 -2.080087741830792147e+00 4.544030651315078551e-01 6.987865330145121012e-02 8.880511428554255238e-01 3.084264913062547819e+01
8.861974259820925015e-01 5.495085340317196546e-03 -4.632752118539951725e-01 -1.041316123916515757e+01 -3.585922926568601427e-02 9.977436428120862733e-01 -5.676036439591952004e-02 -2.142194393060981916e+00 4.619180023845632088e-01 6.691358105611959484e-02 8.843948982117290081e-01 3.165518506434867163e+01
8.827996787054712691e-01 6.616015604676755112e-03 -4.697030457663631808e-01 -1.085374810263071588e+01 -3.703147365781714329e-02 9.977691687252043806e-01 -5.554598064534580631e-02 -2.200931099647253308e+00 4.682877324890648008e-01 6.642977001827840566e-02 8.810753030261931906e-01 3.246971044497772851e+01
8.793002208161042610e-01 6.654190454264970189e-03 -4.762214179316157647e-01 -1.129638531800301493e+01 -3.675995142883154571e-02 9.978678110770144993e-01 -5.393085993705777625e-02 -2.261645860693690668e+00 4.748471658428816689e-01 6.492729340934999538e-02 8.776699949984824167e-01 3.328695515361896184e+01
8.761946503247916018e-01 5.365859783372457781e-03 -4.819275232523785313e-01 -1.176105461301979105e+01 -3.507729284034651063e-02 9.979961232634789736e-01 -5.266233512672608558e-02 -2.326373023275805085e+00 4.806792294534826815e-01 6.304716931651502265e-02 8.746270847470197785e-01 3.412786601697430910e+01
8.740157595784264766e-01 4.396448944975052918e-03 -4.858776785924565633e-01 -1.226556203993019700e+01 -3.410797060943832060e-02 9.980475193260139877e-01 -5.232394833030230841e-02 -2.384015825741682804e+00 4.846989805778424421e-01 6.230425715955185961e-02 8.724592153199177691e-01 3.497138002563850279e+01
8.721670233151412877e-01 3.373606518240832540e-03 -4.891965836681919089e-01 -1.274988603239022389e+01 -3.344585180409549025e-02 9.980476915161876628e-01 -5.274637916624969752e-02 -2.447474412082924378e+00 4.880635838875156951e-01 6.236524908116639759e-02 8.705771180539445542e-01 3.583877103452521595e+01
8.705873421335148521e-01 3.701351881063359283e-03 -4.919999745047232698e-01 -1.324111728574427005e+01 -3.434092276118007325e-02 9.979901315880833623e-01 -5.325784766017922084e-02 -2.501321530021241912e+00 4.908140016978011499e-01 6.326134130347120521e-02 8.689646846516256851e-01 3.670302654681324839e+01
8.703208861270930186e-01 3.737524249501539535e-03 -4.924708938368401179e-01 -1.374473522178665696e+01 -3.388247919471330111e-02 9.980562272287611947e-01 -5.230434928134139461e-02 -2.566625570079988261e+00 4.913181619938890576e-01 6.220770255739483529e-02 8.687558173527379912e-01 3.752499616074958766e+01
8.700529712400542071e-01 3.968496227496509654e-03 -4.929422617896261349e-01 -1.425690624650944294e+01 -3.330161564241496813e-02 9.981564148994059860e-01 -5.074222946083787461e-02 -2.619142095418401706e+00 4.918321188896040974e-01 6.056420135818193357e-02 8.685811125613397410e-01 3.843428525161761655e+01
8.693128589709446796e-01 2.523771193191045800e-03 -4.942557829400346936e-01 -1.476070393495213295e+01 -3.138613737989312535e-02 9.982506360821549185e-01 -5.010566831790286280e-02 -2.680618650564198013e+00 4.932647029467233102e-01 5.907028177870638636e-02 8.678713265334242477e-01 3.930265316067168158e+01
8.685770468654196996e-01 1.015961852148341378e-03 -4.955531017176759145e-01 -1.527532111376274138e+01 -3.004954166714054326e-02 9.982656893557109168e-01 -5.062251033705329750e-02 -2.743701330379784142e+00 4.946422366652229452e-01 5.886069420821628262e-02 8.671011943194069094e-01 4.019684253819213637e+01
8.677770785901777195e-01 -1.603052983465921757e-03 -4.969510712487966719e-01 -1.583996663465356036e+01 -2.758842767226518666e-02 9.982972534311873591e-01 -5.139525752419869115e-02 -2.813643171482815397e+00 4.961872873717878552e-01 5.830972520537731907e-02 8.662552491216108930e-01 4.116139207540651057e+01
8.665009182901194373e-01 -1.984180199497761945e-03 -4.991715303504994927e-01 -1.637414831835928908e+01 -2.638458462829323947e-02 9.984121867865631827e-01 -4.976905679237157709e-02 -2.878446582305663082e+00 4.984776985511047420e-01 5.629536697119821159e-02 8.650727256015480204e-01 4.206605531694022915e+01
8.647075115954264701e-01 -1.229504608005143815e-03 -5.022742306077238039e-01 -1.689633210921653728e+01 -2.539778212670664587e-02 9.986107276034718039e-01 -4.616890102915419819e-02 -2.944149625040129337e+00 5.016332083936717590e-01 5.267924703396208858e-02 8.634749713228280221e-01 4.299008777379854251e+01
8.611984655831207425e-01 -1.182029512169759751e-03 -5.082674498701539312e-01 -1.744439121374263735e+01 -2.314435753562601658e-02 9.988688134540469887e-01 -4.153832284194675789e-02 -3.002628696992715618e+00 5.077416128369809378e-01 4.753626346042823247e-02 8.601969328558255468e-01 4.388646065932607598e+01
8.575992025425246412e-01 -2.461868677889122309e-03 -5.143126887459951169e-01 -1.799216410062564719e+01 -2.092815626588337072e-02 9.989932919880849527e-01 -3.967889710416767218e-02 -3.070916727916632283e+00 5.138926191292766399e-01 4.479220678680586459e-02 8.566843288949791413e-01 4.477738040959204824e+01
8.520715308729646109e-01 -5.379649728969727700e-03 -5.233977075634159704e-01 -1.853582072264783420e+01 -1.912962927398179427e-02 9.989590957707388252e-01 -4.140992988571410433e-02 -3.128051105854218417e+00 5.230756806065053333e-01 4.529662641127865652e-02 8.510816960335615411e-01 4.568990508939089779e+01
8.476913086035823275e-01 -7.460165114093014922e-03 -5.304373532865204188e-01 -1.913541974424910208e+01 -1.938564491294065412e-02 9.987976402422693578e-01 -4.502744328430726556e-02 -3.193407120632596907e+00 5.301354980520608384e-01 4.845224247618998975e-02 8.465274593100875489e-01 4.659135390895087170e+01
8.405088235904674132e-01 -7.945948601003595402e-03 -5.417395810325301708e-01 -1.972658564721083962e+01 -1.917338365365262379e-02 9.988299235351715266e-01 -4.439780671191517064e-02 -3.252740927793548398e+00 5.414584963171822363e-01 4.770372907674533258e-02 8.393730140273577556e-01 4.749187327753991639e+01
8.342168086643271252e-01 -6.358502188491801412e-03 -5.513999271764177257e-01 -2.033986202937663634e+01 -1.865606246042558758e-02 9.990356651447247494e-01 -3.974532846140521603e-02 -3.310396495770291381e+00 5.511209232652535261e-01 4.344317246172609004e-02 8.332937204702708378e-01 4.835464416592082415e+01
8.294273008325928620e-01 -2.279956206509426830e-03 -5.586100145743584378e-01 -2.090605239808806814e+01 -2.033715626539597809e-02 9.992054979130413628e-01 -3.427496249071636247e-02 -3.370957456178075962e+00 5.582443527919441761e-01 3.978912865134785065e-02 8.287219520618535062e-01 4.923288049678671285e+01
8.245138633116980698e-01 -1.737392927936479538e-03 -5.658390800184341929e-01 -2.153203588801883939e+01 -2.238269711444212939e-02 9.991124842602214784e-01 -3.568275084162036981e-02 -3.425492909651373097e+00 5.653988936356939554e-01 4.208592737692381375e-02 8.237432075267807630e-01 5.010464498394846800e+01
8.214232267974708179e-01 -3.359158097268718796e-03 -5.703092075791319493e-01 -2.215341811266505090e+01 -2.391671535535407761e-02 9.989000908943791446e-01 -4.033111926974029815e-02 -3.481736724255466431e+00 5.698174077144220195e-01 4.676884103687000555e-02 8.204393966740735067e-01 5.097929838400669666e+01
8.189474177905761154e-01 -5.284769272279422891e-03 -5.738442225494070348e-01 -2.276460150324860621e+01 -2.642790031096496628e-02 9.985493643839614686e-01 -4.691197096072104167e-02 -3.545494999058045327e+00 5.732597124974049274e-01 5.358393537412912272e-02 8.176197589380334030e-01 5.183831773803421328e+01
8.156161408181847872e-01 -6.424131115857302510e-03 -5.785577196152283941e-01 -2.340034278471035023e+01 -2.669172968919380010e-02 9.984560100636540314e-01 -4.871496258154742881e-02 -3.602872009153323507e+00 5.779773935782396288e-01 5.517541603866465971e-02 8.141853673347337894e-01 5.269159850960559055e+01
8.125210516727009447e-01 -5.443838307036071369e-03 -5.829064235982360787e-01 -2.402851002120679880e+01 -2.564026766536208618e-02 9.986548719263440566e-01 -4.506687804781071838e-02 -3.669081835685754189e+00 5.823676866330085300e-01 5.156366383054555858e-02 8.112885261323662389e-01 5.357362811653153756e+01
8.089357781277992654e-01 -2.919551458065798230e-03 -5.878897655478281248e-01 -2.465870492180728490e+01 -2.491061032292963065e-02 9.989193457779103058e-01 -3.923776459648269099e-02 -3.735317333144487773e+00 5.873690267874441817e-01 4.638552440325113130e-02 8.079888712712713916e-01 5.444279666931658568e+01
8.054794132515996630e-01 -1.355751545932502638e-03 -5.926221983828259265e-01 -2.530362216006518850e+01 -2.508006325842509002e-02 9.990234929677647147e-01 -3.637376765861001504e-02 -3.789814549733432791e+00 5.920928226383415094e-01 4.416132313464567194e-02 8.046588554290742268e-01 5.530035675136760887e+01
8.031454930652659474e-01 -1.701200257809664231e-04 -5.957829145001982685e-01 -2.594048194629426618e+01 -2.705834910481302522e-02 9.989576843791343475e-01 -3.676126516145392792e-02 -3.845639118185816496e+00 5.951681847487606536e-01 4.564554641468249185e-02 8.023037596325204301e-01 5.614134869418099782e+01
7.992344238565001202e-01 -1.835992529225955860e-03 -6.010166037037506515e-01 -2.661760347933027759e+01 -2.670533075628454475e-02 9.988992037786774691e-01 -3.856431058067149448e-02 -3.894363935766761209e+00 6.004258210330525314e-01 4.687227163794194240e-02 7.983055996696083456e-01 5.697494631319054292e+01
7.957333048703799649e-01 -3.655174339554993681e-03 -6.056361450554526016e-01 -2.726065830107072330e+01 -2.638481715071645459e-02 9.988232010677435824e-01 -4.069464930396159141e-02 -3.963538229788764689e+00 6.050721895530328798e-01 4.836168663702222065e-02 7.947004465009690488e-01 5.786619836414261187e+01
7.913871901230506989e-01 -5.366131491757690671e-03 -6.112916757157291769e-01 -2.793554601724773079e+01 -2.528902583562683479e-02 9.988180971395932417e-01 -4.150751793383644639e-02 -4.009474293523002331e+00 6.107919336624871853e-01 4.830748887147836429e-02 7.903161439500542285e-01 5.869721586696928739e+01
7.868950479301235479e-01 -5.100692655706527689e-03 -6.170657657082880831e-01 -2.859626444812317203e+01 -2.523340297364760898e-02 9.988635050716525576e-01 -4.043480749380158612e-02 -4.073919542678760664e+00 6.165707297493711048e-01 4.738861879929281290e-02 7.858720387227363657e-01 5.954751822289239982e+01
7.822496937221098401e-01 -5.081040420037844993e-03 -6.229442930975994663e-01 -2.927580789049036980e+01 -2.491633355988915818e-02 9.989114047036841137e-01 -3.943579492442356171e-02 -4.130531391080828563e+00 6.224665444700158146e-01 4.637012617407981069e-02 7.812715403524751467e-01 6.037186405894600227e+01
7.767784062196210204e-01 -7.091023063254741840e-03 -6.297340847359694793e-01 -2.997028320222356967e+01 -2.371388621839540592e-02 9.988981314595497540e-01 -4.049906925140297348e-02 -4.200865758410325057e+00 6.293273912438622775e-01 4.639224477231516930e-02 7.757543436917156976e-01 6.121317696955313892e+01
7.720436235300633943e-01 -6.811331694909475779e-03 -6.355330372632047586e-01 -3.067016488016833620e+01 -2.543934908745720813e-02 9.988100822857171046e-01 -4.160840166363064668e-02 -4.258330744394199563e+00 6.350602248170672537e-01 4.829104786623930612e-02 7.709516801841723721e-01 6.206726628381355226e+01
7.662804026603320384e-01 -9.553816507053456211e-03 -6.424352584212720263e-01 -3.135207333767819193e+01 -2.296376085688362975e-02 9.988433591668043343e-01 -4.224463961558332092e-02 -4.315234733422370184e+00 6.420958001750304289e-01 4.712396896559215009e-02 7.651747007919248444e-01 6.286437467205471563e+01
7.611197990963660676e-01 -1.019221826827841106e-02 -6.485312345189704342e-01 -3.210138273809200626e+01 -2.371627383147214760e-02 9.987705797524184526e-01 -4.353007486960686762e-02 -4.372011764548634716e+00 6.481775962873000951e-01 4.851234606394976001e-02 7.599423424659165205e-01 6.369866485179171889e+01
7.544848143313307443e-01 -1.286033203201240871e-02 -6.561914878047815369e-01 -3.281502658286196805e+01 -2.175949832944270093e-02 9.987682251473345429e-01 -4.459323609040814068e-02 -4.443730758378451995e+00 6.559567027644288562e-01 4.792331690318112764e-02 7.532756254485387659e-01 6.453360179881043734e+01
7.483312687635373939e-01 -1.347824332837257826e-02 -6.631882393789060304e-01 -3.359067578351825034e+01 -2.137607884252678073e-02 9.987842630277437017e-01 -4.441913120717187746e-02 -4.507394549984359955e+00 6.629806802080631112e-01 4.741658876435642794e-02 7.471333837020623925e-01 6.535389346541948896e+01
7.428527388170101942e-01 -1.317993668921723510e-02 -6.693250998285840137e-01 -3.432436106287380539e+01 -2.120270819995308947e-02 9.988414112985771753e-01 -4.320046615616530278e-02 -4.559754078624753681e+00 6.691190182791096897e-01 4.628308922743810949e-02 7.417126286056492379e-01 6.618818762804291111e+01
7.362820376114498355e-01 -1.360954072359944235e-02 -6.765379020295302359e-01 -3.505569681878068167e+01 -2.038576628302522786e-02 9.988977917075114732e-01 -4.228028251604580567e-02 -4.633897593177258578e+00 6.763676432372113245e-01 4.492195593845040719e-02 7.351930614683365173e-01 6.694985266210444763e+01
7.293558552435964737e-01 -1.533126729489538848e-02 -6.839627035745838857e-01 -3.582089852865181001e+01 -1.879475391174064217e-02 9.989225045959497784e-01 -4.243332497288152677e-02 -4.702385919969930050e+00 6.838763053503083000e-01 4.380390453400046652e-02 7.282818312170412645e-01 6.776125889360264409e+01
7.234425570839866371e-01 -1.648915529435063948e-02 -6.901876305944926182e-01 -3.660319103672512853e+01 -1.971970091637908346e-02 9.988132986964246562e-01 -4.453232281061089010e-02 -4.763099484342347978e+00 6.901028963237610947e-01 4.582687096185416448e-02 7.222588866073236247e-01 6.857952186059635835e+01
7.169200532195433295e-01 -1.629922640511440729e-02 -6.969648222218862710e-01 -3.738470596078384034e+01 -2.038206676152316474e-02 9.988092770672252207e-01 -4.432380209944190852e-02 -4.836262020732235101e+00 6.968573859307863883e-01 4.598220591606340391e-02 7.157341891196241646e-01 6.938334358678496017e+01
7.113689641071734293e-01 -1.714559565203836039e-02 -7.026095759544565000e-01 -3.821160287109700704e+01 -1.893583285003123257e-02 9.988719053744221643e-01 -4.354711148564349710e-02 -4.889365842785076133e+00 7.025636191543616071e-01 4.428256087586425471e-02 7.102418074459763142e-01 7.019252851247040326e+01
7.066564280052231029e-01 -1.485336358785322580e-02 -7.074009195624463286e-01 -3.901067416331946447e+01 -2.228163925780681301e-02 9.988166288192451558e-01 -4.323043585972480979e-02 -4.949217912395427632e+00 7.072059312820783150e-01 4.631111729866421722e-02 7.054892348482371123e-01 7.096428012405040420e+01
7.015958303844880284e-01 -1.630739352858212587e-02 -7.123884826629508504e-01 -3.983405658584012343e+01 -2.170121033684328099e-02 9.987853886985277319e-01 -4.423578674379263775e-02 -5.012486832242379897e+00 7.122445902296503650e-01 4.649533564821192733e-02 7.003897749735824574e-01 7.173517939280492328e+01
6.967091318963528623e-01 -1.882983758989474274e-02 -7.171065563509136931e-01 -4.067683369035659524e+01 -2.099133626481738263e-02 9.986922081715368105e-01 -4.661799194353364456e-02 -5.082860091676457692e+00 7.170465518419379958e-01 4.753220537834666054e-02 6.954027189312609325e-01 7.256800527243210297e+01
6.916318638003600139e-01 -2.055845515805051690e-02 -7.219575508235788197e-01 -4.149868381418382768e+01 -2.129812729702966478e-02 9.985795599758255925e-01 -4.883904385804151843e-02 -5.157921168147858282e+00 7.219361211672942202e-01 4.915498258094461170e-02 6.902115866275514433e-01 7.334108479797637870e+01
6.864778634030793691e-01 -2.070115723589260534e-02 -7.268559660054935145e-01 -4.234378405815147772e+01 -2.232718327190892638e-02 9.985232842137728992e-01 -4.952522392483198893e-02 -5.227474009785881393e+00 7.268078483085476105e-01 5.022661610643426588e-02 6.850019331839395376e-01 7.412617856751271006e+01
6.813271273801190242e-01 -2.121115022492259944e-02 -7.316716631470958632e-01 -4.320516922691629702e+01 -2.130633346550310503e-02 9.985818230065612866e-01 -4.878916834751891723e-02 -5.300282105362910556e+00 7.316689102272034839e-01 4.883062417999513294e-02 6.799089541003919823e-01 7.492239091112355709e+01
6.768636086351226266e-01 -2.045691407212916688e-02 -7.358241365413288326e-01 -4.405767122097658728e+01 -2.189978523368616217e-02 9.986116596094207765e-01 -4.790775233350139800e-02 -5.368390744699486739e+00 7.357826196369010585e-01 4.854140449978857491e-02 6.754758905467530550e-01 7.570987045574625540e+01
6.716333723540315326e-01 -2.170727284553592221e-02 -7.405655928215296724e-01 -4.492019136502505461e+01 -2.109975152028449250e-02 9.986048260916179364e-01 -4.840662996934405604e-02 -5.436604881486069019e+00 7.405831637286514058e-01 4.813725793060239649e-02 6.702383099635260688e-01 7.646709608115767765e+01
6.666617837751678266e-01 -2.261698583468534779e-02 -7.450171324993388744e-01 -4.581006695246904314e+01 -1.979615615904700698e-02 9.986496644331136485e-01 -4.803082300927778020e-02 -5.509795098847552808e+00 7.450974346660094172e-01 4.676878943107607572e-02 6.653138383103260889e-01 7.723169725010036757e+01
6.626091845238915035e-01 -2.321538223545775020e-02 -7.486054396226680119e-01 -4.671163945690516783e+01 -1.940886345272510236e-02 9.986515779948458293e-01 -4.814895447388958805e-02 -5.592002474416201352e+00 7.487138128750177035e-01 4.643352000304377947e-02 6.612651245762369845e-01 7.800423227528520442e+01
6.586540943648755420e-01 -2.441651024521792820e-02 -7.520496044386538737e-01 -4.762141425264714911e+01 -1.769500299762911261e-02 9.986943450564261804e-01 -4.792172833517424624e-02 -5.660376452936845659e+00 7.522377815063155948e-01 4.487136235137042378e-02 6.573620702149488570e-01 7.879302975085516891e+01
6.544591491768423364e-01 -2.673623353499441843e-02 -7.556245002093835428e-01 -4.851580984388224493e+01 -1.510874988061276444e-02 9.987126235194776491e-01 -4.842335510182099734e-02 -5.723051778823569080e+00 7.559463981770536689e-01 4.310764910943745004e-02 6.532126638472133262e-01 7.954915673523288433e+01
6.499442309712932797e-01 -3.073253808002764445e-02 -7.593602551341043227e-01 -4.940288840058778419e+01 -1.298475190084070856e-02 9.985871213423747061e-01 -5.152821867628547964e-02 -5.810250862853576059e+00 7.598709772935398066e-01 4.335057273091617869e-02 6.486268853131950118e-01 8.031812047477347960e+01
6.456184949395377126e-01 -3.484703382425911183e-02 -7.628646226451714085e-01 -5.032565017333998014e+01 -8.873423753914604431e-03 9.985485760094355845e-01 -5.312253479772476028e-02 -5.881030222932523088e+00 7.636085585792484753e-01 4.106611175972131600e-02 6.443722173314383461e-01 8.111990251687171849e+01
6.389719676723510933e-01 -3.932030108724449829e-02 -7.682243992290649359e-01 -5.125050612830173691e+01 -2.689785955041643084e-03 9.985723846617649002e-01 -5.334751758719261105e-02 -5.964655522228396123e+00 7.692253240319247842e-01 3.615392716860600653e-02 6.379539993670851894e-01 8.185387411883634456e+01
6.305516411206293359e-01 -4.280999033332795467e-02 -7.749657550826078989e-01 -5.217833780495328710e+01 1.952092377798004359e-03 9.985620072265649627e-01 -5.357337995831304434e-02 -6.043513203332514294e+00 7.761448492139302324e-01 3.226797755685533592e-02 6.297284825533184804e-01 8.261988567465235178e+01
6.216317442861406528e-01 -4.425185707554134262e-02 -7.820586527851191017e-01 -5.313213453551038157e+01 5.140287370694619426e-03 9.986119271697843081e-01 -5.241942708666767758e-02 -6.121721405080039702e+00 7.832927689492841239e-01 2.856557328691993608e-02 6.209963425041373775e-01 8.334789092438161617e+01
6.126023863565446259e-01 -4.364804521415421162e-02 -7.891851195651965467e-01 -5.410180083679895802e+01 6.303486390711276338e-03 9.987120723280841217e-01 -5.034344665375674321e-02 -6.198854180062870256e+00 7.903661129087141690e-01 2.586589747434932599e-02 6.120885347513207453e-01 8.409464159543698258e+01
6.032129773713563736e-01 -4.298030624492212015e-02 -7.964212362653213528e-01 -5.505771985047839934e+01 5.839447766147585692e-03 9.987581945355926694e-01 -4.947696105025523733e-02 -6.284325952310139130e+00 7.975587847467791036e-01 2.519448434286118699e-02 6.027148865644958997e-01 8.482909343872688623e+01
5.948234234716568425e-01 -4.360404941343605512e-02 -8.026728910105274117e-01 -5.605210976872703554e+01 3.711380708860239838e-03 9.986660587101992004e-01 -5.150076516811554622e-02 -6.349759242048031993e+00 8.038478283011391001e-01 2.765483634907750857e-02 5.941917962944528453e-01 8.554086177541894642e+01
5.842946344069260833e-01 -4.655069310434809676e-02 -8.102054067757790135e-01 -5.706388470904295218e+01 5.401216227494136726e-03 9.985544642122099468e-01 -5.347718055333562648e-02 -6.443393748950250632e+00 8.115236397115986877e-01 2.687033464228316681e-02 5.837014470915109499e-01 8.626211603352471968e+01
5.746823021373794749e-01 -4.744787501267787311e-02 -8.169999624076026423e-01 -5.806909192972213418e+01 4.572569160061448756e-03 9.984884403045591883e-01 -5.477158172584638274e-02 -6.513117476687013685e+00 8.183638275014801788e-01 2.774046942178710548e-02 5.740305953613620282e-01 8.697178680416848806e+01
5.650418893421139677e-01 -4.796875407045687878e-02 -8.236665888236006650e-01 -5.908589442486324828e+01 6.526996010161618261e-03 9.985371099658294503e-01 -5.367530453351284508e-02 -6.602864780637329289e+00 8.250364069248280474e-01 2.495272649099832679e-02 5.645283882090947891e-01 8.766229369119774617e+01
5.551168289441460457e-01 -4.693971037185724199e-02 -8.304468419151556091e-01 -6.010175307286227309e+01 6.622948408590602354e-03 9.986241583883227468e-01 -5.201852373228843529e-02 -6.689895345899225632e+00 8.317460274120872521e-01 2.337635087549510063e-02 5.546639565508192371e-01 8.834608956265418556e+01
5.440623532856335709e-01 -4.850663931069025547e-02 -8.376414799377971399e-01 -6.116263772532489895e+01 8.451160885710478146e-03 9.985936678720627180e-01 -5.233798176915879091e-02 -6.768049885671302057e+00 8.390022319248868765e-01 2.139608211833854412e-02 5.437071595009377312e-01 8.902136344895299658e+01
5.346031776037010186e-01 -4.989960461762921184e-02 -8.436287447798203054e-01 -6.222168272823980573e+01 8.573628302703018705e-03 9.985241539734799332e-01 -5.362841409382246988e-02 -6.847754827297186431e+00 8.450597299214802627e-01 2.143696080021257472e-02 5.342420074685214626e-01 8.965579870613230185e+01
5.237110790680867822e-01 -5.039504845796501098e-02 -8.504040402209429583e-01 -6.330947409176228291e+01 6.988244734387458190e-03 9.984692833712743854e-01 -5.486578688393907444e-02 -6.930417021467523142e+00 8.518672913334813801e-01 2.279098840340092538e-02 5.232615999298078080e-01 9.032492600677397832e+01
5.133975321584974827e-01 -5.068136656880106033e-02 -8.566529984481416893e-01 -6.439186212034616119e+01 5.227217369064510004e-03 9.984206767079327749e-01 -5.593593204550715431e-02 -7.023662140763317296e+00 8.581349907271105248e-01 2.423945755387338016e-02 5.128516351930827444e-01 9.097614391365164010e+01
