1.000000000000000000e+00 -3.306050084167601550e-19 -2.270457535318767223e-19 -8.673617379884035472e-19 7.546676715296109287e-19 1.000000000000000000e+00 6.237773588823049983e-19 1.387778780781445676e-17 -3.447385680526250622e-20 4.770700176052009879e-20 1.000000000000000222e+00 5.551115123125782702e-17
9.999283546164587921e-01 -2.612731425870312620e-03 1.168057782461386432e-02 1.373676838932110303e-02 2.605378821763810419e-03 9.999964111982270198e-01 6.443244604678113885e-04 -6.432585795584658261e-03 -1.168222082028705193e-02 -6.138332813428777493e-04 9.999315273867610543e-01 2.985645208546546803e-01
9.998318807594978042e-01 -5.317847252261983550e-03 1.754489868106938466e-02 2.789600431369957875e-02 5.298564487141948706e-03 9.999853204605758661e-01 1.144739926205598848e-03 -8.595722500850819237e-03 -1.755073111476315728e-02 -1.051575358730790421e-03 9.998453172812082901e-01 5.873083224198623054e-01
9.997683196403174266e-01 -7.471277140848713895e-03 2.019104215613105879e-02 3.752174858549085779e-02 7.465097951057017393e-03 9.999720302753193346e-01 3.813980615570870879e-04 -1.832125913401061457e-02 -2.019333136386665395e-02 -2.305940845674797905e-04 9.997961643665902454e-01 8.893034214992505682e-01
9.997928312262264194e-01 -8.890794323512836786e-03 1.831568210319609036e-02 4.492815857733886004e-02 8.910972084058709289e-03 9.999597538153406351e-01 -1.020886587901784258e-03 -1.477011677092857078e-02 -1.830586967768891779e-02 1.183851265633305803e-03 9.998318513750590331e-01 1.201121889153709432e+00
9.998680209124695129e-01 -1.110523318218098986e-02 1.185200090841572428e-02 4.202618192149000509e-02 1.113151627696003926e-02 9.999356960742764588e-01 -2.152695988893747747e-03 -1.645450831525510638e-02 -1.182732323703743899e-02 2.284399372973839638e-03 9.999274064606724632e-01 1.517181108225963193e+00
9.999193477366296046e-01 -1.267912582173596168e-02 6.846068316028478202e-04 3.564380917304394575e-02 1.268164806420480663e-02 9.999122405037018657e-01 -3.814057089775553348e-03 -3.226614123151813618e-02 -6.361762594156566150e-04 3.822432664466031416e-03 9.999925184529367961e-01 1.840393082518230639e+00
9.997819346071330493e-01 -1.192355617594561580e-02 -1.714948436766271928e-02 1.226455394143922961e-02 1.185739879394441879e-02 9.999218782998610111e-01 -3.956057999671760972e-03 -3.640434364405792378e-02 1.719530245677376029e-02 3.751932114592885885e-03 9.998452183506355562e-01 2.171793500301376412e+00
9.993345369290683733e-01 -7.725581694534823345e-03 -3.564099415742870425e-02 -2.259412840468558517e-02 7.571126306020544046e-03 9.999613555845038304e-01 -4.466286791437743334e-03 -4.107159338799165615e-02 3.567412565076507475e-02 4.193391633193612432e-03 9.993544795147791815e-01 2.521284839414807077e+00
9.984751700201139890e-01 -4.337319877091109881e-03 -5.503340363490866194e-02 -6.683968929856787256e-02 4.055569890290526384e-03 9.999781175095775465e-01 -5.230344156644797446e-03 -4.405896211162185772e-02 5.505488835184018520e-02 4.999190271043126021e-03 9.984708743813195397e-01 2.873600423699195883e+00
9.971525318601155430e-01 -4.104675823978530709e-03 -7.528500449898907487e-02 -1.117559231250043889e-01 3.647663823485628419e-03 9.999741047117751691e-01 -6.204501125927988810e-03 -4.826721227528089908e-02 7.530853895780460772e-02 5.912141338046106830e-03 9.971416615772185077e-01 3.236025530843592790e+00
9.951870869944607900e-01 -4.765271867588991711e-03 -9.786722981577510028e-02 -1.715940600266140093e-01 4.259977029282929241e-03 9.999765148498750422e-01 -5.371767636544589990e-03 -5.271404868912953068e-02 9.789053427932639662e-02 4.928916605251481078e-03 9.951840219807377430e-01 3.614438907355923103e+00
9.931369022664947588e-01 -5.937096002684830870e-03 -1.168080548762358006e-01 -2.328434956114563970e-01 5.453275605304391295e-03 9.999751586422983562e-01 -4.460578145760377491e-03 -5.921985188144912593e-02 1.168316488261870456e-01 3.793117884928764311e-03 9.931445981221215247e-01 3.997905082567295043e+00
9.910216018797659565e-01 -5.142774407888694305e-03 -1.336180052129715135e-01 -3.080282228183459647e-01 4.793232576940442170e-03 9.999841964697276930e-01 -2.938043633400885552e-03 -6.489051871705478480e-02 1.336310194945277141e-01 2.271271917765126970e-03 9.910305538080993459e-01 4.395200758935477126e+00
9.886722377182066701e-01 -2.811683693716952089e-03 -1.500505725832084192e-01 -3.910835484966531661e-01 2.487979211831101243e-03 9.999941309915496568e-01 -2.345270338880608898e-03 -7.241946380370471725e-02 1.500563006463577209e-01 1.945352370836887692e-03 9.886734354627598753e-01 4.814083102595732022e+00
9.866017458989680966e-01 -2.695072824688735449e-03 -1.630737153977092624e-01 -4.770856148594168067e-01 2.357697850786081087e-03 9.999946783967479380e-01 -2.262363592532673842e-03 -8.097154004525308757e-02 1.630789604048035468e-01 1.847514965831688902e-03 9.866028240181881070e-01 5.239152369103954321e+00
9.845777526822372394e-01 -3.711947111067812229e-03 -1.749508417500644231e-01 -5.661888251612438028e-01 3.214767054965680330e-03 9.999899399133015399e-01 -3.126828116486047703e-03 -8.559686775109216772e-02 1.749607128846704107e-01 2.516242202473460005e-03 9.845797511758238585e-01 5.673709085682610898e+00
9.827960344684839589e-01 -6.610649073146166767e-03 -1.845573048157432561e-01 -6.554994061650579740e-01 5.753309503240285235e-03 9.999700673178872901e-01 -5.179803079047850048e-03 -9.865440171389359969e-02 1.845860344255000340e-01 4.028969481319812432e-03 9.828045864613097482e-01 6.125924595016217111e+00
9.815444529770747106e-01 -5.841800864475307602e-03 -1.911822998837485466e-01 -7.562303521287557784e-01 4.632113836891252681e-03 9.999663404092230534e-01 -6.775926555147996841e-03 -1.084827785834945740e-01 1.912154681882207163e-01 5.765440194777047937e-03 9.815384991780948809e-01 6.587708323064438432e+00
9.799417613401797400e-01 -5.375143118233768023e-03 -1.992081230519081592e-01 -8.709519747142770996e-01 3.796091490355909225e-03 9.999583017880231406e-01 -8.309010786551437183e-03 -1.081570501797324002e-01 1.992444735390704602e-01 7.386171207313141883e-03 9.799212802937333766e-01 7.066137584811036376e+00
9.785038310423320729e-01 -6.114960029309492347e-03 -2.061834628385482981e-01 -9.813588461527897877e-01 3.815350874634772498e-03 9.999259913636322494e-01 -1.154834082033381198e-02 -1.185048367731187657e-01 2.062388702648288996e-01 1.051348068838067577e-02 9.784548001678884388e-01 7.554430658946120758e+00
9.762803718305353984e-01 -9.913114325231382404e-03 -2.162347666462478835e-01 -1.093398194796923129e+00 7.233488965673385597e-03 9.998870060212864397e-01 -1.317851684438327980e-02 -1.263171018450152117e-01 2.163409964965163079e-01 1.130119267089760640e-02 9.762418299690707180e-01 8.057100601288976094e+00
9.746531038844433725e-01 -1.569998721182025783e-02 -2.231346815873644363e-01 -1.211449100353558794e+00 1.292544189890390376e-02 9.998200490996566048e-01 -1.388931533942545232e-02 -1.417677402969999556e-01 2.233125944856916290e-01 1.065251410033173779e-02 9.746805683484504046e-01 8.571400371024015641e+00
9.729365104727254465e-01 -1.582402764138633733e-02 -2.305589784039954182e-01 -1.338377316506065728e+00 1.242841538941247617e-02 9.997919159686343704e-01 -1.617294178153971113e-02 -1.659408759807433353e-01 2.307669926436096974e-01 1.286997908172331576e-02 9.729307937772988524e-01 9.095789887251397587e+00
9.711063923101375117e-01 -1.262658992292376402e-02 -2.383071957661311580e-01 -1.496981962774771802e+00 7.864035701869559122e-03 9.997501250126099581e-01 -2.092441403389040319e-02 -1.679227487866844504e-01 2.385119115270560308e-01 1.844559026319452649e-02 9.709630312841253108e-01 9.627768984863854129e+00
9.687229163730711745e-01 -1.011806630264113806e-02 -2.478937547212010373e-01 -1.650295342181618663e+00 4.320593658523234383e-03 9.997045930232931754e-01 -2.391889913555665659e-02 -1.831553174449200849e-01 2.480626008973326191e-01 2.209874455073360805e-02 9.684806164810162432e-01 1.017816437655538486e+01
9.664028158238430199e-01 -1.218937843670371383e-02 -2.568476378384647041e-01 -1.803553356965785559e+00 5.729151898386719219e-03 9.996482190546047697e-01 -2.589937328401802769e-02 -2.043033792744434474e-01 2.570730435535911740e-01 2.355820970727929078e-02 9.661326480401010164e-01 1.073609138127335605e+01
9.642309469459493521e-01 -1.389622812020258578e-02 -2.646883849626644469e-01 -1.964797526482089163e+00 6.844081036564440834e-03 9.995970978977021248e-01 -2.755085774877391591e-02 -2.325716582336577742e-01 2.649645632234290948e-01 2.475350116867349251e-02 9.639376225948559362e-01 1.130850899560544853e+01
9.623774438401463405e-01 -1.413246755476049894e-02 -2.712503896102645973e-01 -2.138757403902581622e+00 6.228511871368997734e-03 9.995314322267199181e-01 -2.996245310634720535e-02 -2.526250482014328891e-01 2.715467434115033107e-01 2.714505984253033286e-02 9.620146163647744775e-01 1.188906405790704035e+01
9.599002118921281523e-01 -1.357637824388879810e-02 -2.800136927112817364e-01 -2.330044064287045025e+00 4.261830151089550031e-03 9.994179825850384447e-01 -3.384789918731430369e-02 -2.752233534398453307e-01 2.803103536753994152e-01 3.129629205619614135e-02 9.593994878844365193e-01 1.248510869439715520e+01
9.576475242871290705e-01 -1.436356581680083185e-02 -2.876209008012883817e-01 -2.519004633501451540e+00 3.433002659108389931e-03 9.992535866113025911e-01 -3.848300474629269552e-02 -3.022522480796618893e-01 2.879588824090485444e-01 3.586625398005313659e-02 9.569820983300842965e-01 1.308354083282462099e+01
9.561591881672684146e-01 -1.574170504665028600e-02 -2.923882244196502334e-01 -2.714126990487098823e+00 2.356712192309878481e-03 9.989353848438299321e-01 -4.607132571048363351e-02 -3.409392362912920249e-01 2.928023370229914657e-01 4.336144260654122701e-02 9.551784424880170876e-01 1.369706779258192597e+01
9.546987393853761938e-01 -1.543271714728215206e-02 -2.971465703351048315e-01 -2.917912514526871171e+00 -8.003282786178376757e-04 9.985174795654898627e-01 -5.442744678187645679e-02 -3.758000527687542780e-01 2.975457876613079589e-01 5.220052319683288894e-02 9.532711267446297709e-01 1.432934568587812585e+01
9.534672318062371588e-01 -1.574189403282667474e-02 -3.010311456229294858e-01 -3.130689919186936621e+00 -3.369221079571662128e-03 9.980173029735792678e-01 -6.285626232534810565e-02 -4.198074168296077602e-01 3.014237465713048292e-01 6.094544565401036756e-02 9.515238666140741763e-01 1.496744922533488875e+01
9.520713450299528313e-01 -1.529207342023304085e-02 -3.055234294290128383e-01 -3.355601155063332452e+00 -6.996065976915216353e-03 9.973996148274447693e-01 -7.172372034877542990e-02 -4.641971460357567358e-01 3.058258614866465885e-01 7.042341477347364986e-02 9.494885576215456036e-01 1.561696401543682811e+01
9.512273161832440760e-01 -1.487054389400332619e-02 -3.081096062024949456e-01 -3.581707870252806014e+00 -9.848220442999039773e-03 9.968647041775108297e-01 -7.850302923434121505e-02 -5.219412134701506556e-01 3.083108453428228812e-01 7.770910468446927399e-02 9.480983249265684254e-01 1.627228919257549933e+01
9.493323869844666474e-01 -1.388652682964602696e-02 -3.138725940506310597e-01 -3.817562895121812350e+00 -1.342215241386133726e-02 9.963203926954669054e-01 -8.467300026403422331e-02 -5.826989648997532578e-01 3.138928787505663731e-01 8.459783056158226566e-02 9.456526669448225286e-01 1.694405660501730537e+01
9.479086324529325536e-01 -1.233266005790462951e-02 -3.183015642298456238e-01 -4.058997276375865937e+00 -1.755268103362233462e-02 9.957098738055566445e-01 -9.086003264792937018e-02 -6.531004172584871093e-01 3.180560596630498393e-01 9.171591660022759829e-02 9.436254202666271018e-01 1.762139340006263311e+01
9.470564150971685358e-01 -1.044518064248981144e-02 -3.208737294598622558e-01 -4.313465895967681263e+00 -2.161126876785703782e-02 9.951301231677626147e-01 -9.618641221459631185e-02 -7.227814264327546701e-01 3.203155594858175803e-01 9.802959798701575689e-02 9.422184786341778473e-01 1.830592685661724062e+01
9.446522478227246111e-01 -7.445918054443518425e-03 -3.279242205392052245e-01 -4.579093388316350932e+00 -2.679610362250264832e-02 9.946511282256558228e-01 -9.975129863653325879e-02 -7.978172885210157439e-01 3.269129524379866814e-01 1.030179786246549906e-01 9.393995625082910417e-01 1.901512473373543699e+01
9.432414418718028104e-01 -5.918791926915235174e-03 -3.320111913922120239e-01 -4.842508288387049831e+00 -2.926451619795318246e-02 9.944706590954295322e-01 -1.008646720532527935e-01 -8.747971615777798693e-01 3.307718222171247002e-01 1.048583779363674445e-01 9.378527126466597030e-01 1.972131382429066804e+01
9.409593348059135387e-01 -6.180891306882605254e-03 -3.383923463019591349e-01 -5.118896804503209275e+00 -2.954869394677279992e-02 9.945173500780301046e-01 -1.003340118277534637e-01 -9.610960970407703696e-01 3.371561406661650051e-01 1.044146677737418094e-01 9.356177803717941055e-01 2.044314466823147924e+01
9.387123962376517916e-01 -5.155377868382732959e-03 -3.445887148018130786e-01 -5.397435246791315144e+00 -3.050121835891528299e-02 9.947238034095995385e-01 -9.794637133776572246e-02 -1.043380457191189770e+00 3.432751456720456451e-01 1.024559467401428836e-01 9.336022887408104154e-01 2.117276671145139844e+01
9.366118344750939961e-01 -5.421232275577372341e-03 -3.504185318466971899e-01 -5.682088044167381113e+00 -3.006586120065171328e-02 9.949485990060223939e-01 -9.577261627161814950e-02 -1.129375850627286182e+00 3.491684228619590380e-01 1.002331276485541323e-01 9.317174190541317458e-01 2.190774808608515301e+01
9.338482421965839109e-01 -4.531078957828098969e-03 -3.575676092040458443e-01 -5.973171652039297896e+00 -3.051080569297867640e-02 9.952658951111087449e-01 -9.226477839483429588e-02 -1.210493097930106510e+00 3.562924151825513364e-01 9.707315879329526942e-02 9.292890089592449332e-01 2.264457772095654420e+01
9.291853759905853716e-01 -2.012394508929237109e-03 -3.695998359006579248e-01 -6.292780967313837515e+00 -3.249040045692593720e-02 9.956695744371943935e-01 -8.710408210772828397e-02 -1.287263812877334379e+00 3.681744508531971660e-01 9.294521953275447501e-02 9.250961976053624358e-01 2.341248322510275415e+01
9.265850716310518598e-01 2.258013775213554332e-04 -3.760944506669242626e-01 -6.611436821927399343e+00 -3.341529693871052309e-02 9.960944387154463397e-01 -8.174311101155377901e-02 -1.372129485603298837e+00 3.746074165592545024e-01 8.830876296769678280e-02 9.229735467518905834e-01 2.416167463751171951e+01
9.225316850423910253e-01 2.730600990505726612e-03 -3.859113578284278923e-01 -6.949254674003576326e+00 -3.556130951378048272e-02 9.963221506880438616e-01 -7.794657058087219037e-02 -1.439997329176998297e+00 3.842792989364507972e-01 8.562993584816452897e-02 9.192356303645360383e-01 2.491996545020154130e+01
9.194132649996831219e-01 4.120479723067350594e-03 -3.932391470577014103e-01 -7.287711294777073689e+00 -3.678184252176958102e-02 9.964636302272842361e-01 -7.557147962235526151e-02 -1.513488556208592017e+00 3.915375717468472239e-01 8.394570351376423600e-02 9.163129031281355141e-01 2.568331486839378641e+01
9.153809781920869693e-01 4.663602286410821474e-03 -4.025962281789328689e-01 -7.635520422537156904e+00 -3.816062681864654249e-02 9.964359289480209103e-01 -7.524105430798169736e-02 -1.592693171753979620e+00 4.008107205699838471e-01 8.423653517000505297e-02 9.122963426386400121e-01 2.645897852398670125e+01
9.122284763640098326e-01 5.756826311870911518e-03 -4.096605450016254091e-01 -7.998045808268915202e+00 -3.912955132879870901e-02 9.965543647500212376e-01 -7.315462782066003977e-02 -1.660865634708696748e+00 4.078280860282466058e-01 8.276486508723758517e-02 9.093105183563368055e-01 2.722658413529782351e+01
9.078889083203688370e-01 5.653105090716536128e-03 -4.191709118829641811e-01 -8.374927038179340144e+00 -3.936294423999029540e-02 9.966411354476786277e-01 -7.182150280375163010e-02 -1.726989345723728420e+00 4.173575505532811092e-01 8.170291222057443625e-02 9.050615475901375717e-01 2.801357570502319305e+01
9.044750778090067111e-01 5.485730269473237421e-03 -4.265253854740831962e-01 -8.760188178848331120e+00 -3.863083017248262335e-02 9.968613611685003262e-01 -6.912206521879740717e-02 -1.798853369373313082e+00 4.248075440368800915e-01 7.899743117550782345e-02 9.018480106951924924e-01 2.880975881116252779e+01
9.010966787227908670e-01 6.542616514261668202e-03 -4.335528996429126591e-01 -9.153876883881279625e+00 -3.830336090926649006e-02 9.971785586662340606e-01 -6.456533507193305821e-02 -1.864425361334069997e+00 4.319070629076961487e-01 7.478855018374294672e-02 8.988049217982921890e-01 2.960871524148231870e+01
8.969499849358391064e-01 7.592870406969120557e-03 -4.420681054664691856e-01 -9.569541706358144495e+00 -3.754477949758056737e-02 9.975491947921968361e-01 -5.905316952264171720e-02 -1.925198332603693663e+00 4.405363894212533382e-01 6.956550561844296321e-02 8.950368195700600937e-01 3.042175615192762095e+01
8.943674304708598699e-01 7.459450498044768035e-03 -4.473019129857058740e-01 -9.981222217204555491e+00 -3.580519070617370347e-02 9.978470111901454054e-01 -5.494841912942074330e-02 -1.996962502271611761e+00 4.459292879902725382e-01 6.515494190100830363e-02 8.927083965500544060e-01 3.123501522017375009e+01
8.898714807180463371e-01 6.331278184390067530e-03 -4.561218333443116113e-01 -1.041007063049154446e+01 -3.416794288370520599e-02 9.980202746385995471e-01 -5.281413746846681107e-02 -2.054908033277318413e+00 4.548844512134190832e-01 6.258597956411729446e-02 8.883263013221263105e-01 3.205488515477534150e+01
8.868573588973465149e-01 8.093044589432787927e-03 -4.620524235146712955e-01 -1.085615082141054977e+01 -3.524509940261506824e-02 9.981184788649665185e-01 -5.016649035122516809e-02 -2.107513321421305097e+00 4.607774260977204883e-01 6.076931935127555251e-02 8.854737409997416320e-01 3.288885602154141452e+01
8.842446469083419247e-01 8.047425728755965707e-03 -4.669649879144659455e-01 -1.130359873209721044e+01 -3.469176863374151543e-02 9.982211481673647357e-01 -4.849521155488868002e-02 -2.159559075840900899e+00 4.657445700745990180e-01 5.907758086927489966e-02 8.829505886675795834e-01 3.372135745404677465e+01
8.810804972172632255e-01 7.119510048119454503e-03 -4.729874496641269244e-01 -1.177352113310638870e+01 -3.347008796678578590e-02 9.983183312286035838e-01 -4.732440911806161388e-02 -2.216681545564751943e+00 4.718549388471590111e-01 5.752734310143795687e-02 8.798374477038830577e-01 3.456666672604188051e+01
8.791399437344490364e-01 5.533971722504103796e-03 -4.764670491953261200e-01 -1.224556858868484355e+01 -3.186039618443509136e-02 9.983781416720221014e-01 -4.718267426522805563e-02 -2.271048675336187816e+00 4.754334112164382287e-01 5.665882314220140048e-02 8.778901420372241526e-01 3.542743292715002923e+01
8.772222555971850300e-01 4.757121825070281633e-03 -4.801589158451935457e-01 -1.272716777058954563e+01 -3.138267237702279527e-02 9.983803712092683691e-01 -4.745159615968619349e-02 -2.326383108886782569e+00 4.791555402375728412e-01 5.669258133871648425e-02 8.759508490503279399e-01 3.629483760078679211e+01
8.752159079219878901e-01 4.904562096964914727e-03 -4.836957110476596822e-01 -1.322429240384849081e+01 -3.180673842215835795e-02 9.983682463431808873e-01 -4.742840352960236289e-02 -2.382637668120348273e+00 4.826740506206764758e-01 5.689258457641490491e-02 8.739436238834824566e-01 3.716829883809543844e+01
8.753958399417375302e-01 5.593729694189241222e-03 -4.832673639123304943e-01 -1.372751730508790047e+01 -3.192189130478135378e-02 9.984194043306908739e-01 -4.624959116181483199e-02 -2.439964281520609291e+00 4.822446151286371441e-01 5.591573216849630990e-02 8.741908611505452287e-01 3.805153992590534529e+01
8.748609338843430505e-01 5.249549222525818140e-03 -4.843989498383676207e-01 -1.423195690267530900e+01 -3.105843725704878627e-02 9.984914925413987952e-01 -4.527956666423058052e-02 -2.494516492169808863e+00 4.834305501730301602e-01 5.465691259812002767e-02 8.737043558198944737e-01 3.894943315491885727e+01
8.749487647797900003e-01 4.230458872789915302e-03 -4.842810939961774697e-01 -1.475512275001824491e+01 -2.936094008208064640e-02 9.985853115753859921e-01 -4.432786818598554585e-02 -2.552072731508646886e+00 4.834085352829888826e-01 5.300206960006954154e-02 8.738353918569516932e-01 3.986367857968339479e+01
8.745379777144085542e-01 2.752090347388027637e-03 -4.849733010360331997e-01 -1.527068585550486901e+01 -2.821175935999470016e-02 9.985791565320922825e-01 -4.520805333549580279e-02 -2.613248939115075942e+00 4.841600261500443869e-01 5.321586844354728868e-02 8.733729866412559550e-01 4.077859430722010359e+01
8.729032998582590963e-01 1.009163800645510164e-03 -4.878919407423748522e-01 -1.580205264172781199e+01 -2.662196340708835457e-02 9.986065722540864442e-01 -4.556574085905956695e-02 -2.672417636613052760e+00 4.871662752104017335e-01 5.276255188738166596e-02 8.717137950324299611e-01 4.171209947182003219e+01
8.716933256393506468e-01 4.298440697899120490e-05 -4.902083152242479591e-01 -1.633372546971132877e+01 -2.473270700486160725e-02 9.987294156500218234e-01 -4.390428898897189708e-02 -2.727304156492472931e+00 4.895837991959073321e-01 5.039241391695024191e-02 8.705869113252211466e-01 4.263723819802214621e+01
8.697235022315679132e-01 1.283173488228064830e-03 -4.936009801404161457e-01 -1.687613582018397906e+01 -2.388796657206480878e-02 9.989340792634863186e-01 -3.949579668040221342e-02 -2.782864663841680297e+00 4.930244202354528427e-01 4.613810868544891003e-02 8.688270524275230056e-01 4.357591859404237766e+01
8.668719032836824656e-01 1.328619416626104560e-03 -4.987019636667889833e-01 -1.741250690165966830e+01 -2.182660145105068741e-02 9.991387104497900795e-01 -3.528847001741020756e-02 -2.841310882143782912e+00 4.982257694979801976e-01 4.147156040893368312e-02 8.661543056429010790e-01 4.450852897247693818e+01
8.630957009589917961e-01 -3.759998836536495638e-04 -5.050524643665154079e-01 -1.795526418732842444e+01 -1.920620859033928679e-02 9.992519046208823141e-01 -3.357925759191775911e-02 -2.885092133937361414e+00 5.046875245058349835e-01 3.868166602614400706e-02 8.624429079355987460e-01 4.542942887376010930e+01
8.575544354288032745e-01 -3.229441457600252391e-03 -5.143527069741782309e-01 -1.851864322469380397e+01 -1.757037942787512130e-02 9.992128232725989712e-01 -3.556995249908363049e-02 -2.946575751923340647e+00 5.140628194139712503e-01 3.954155523707326286e-02 8.568226479911029703e-01 4.635080660929354224e+01
8.526872096347771768e-01 -5.409633648552389373e-03 -5.222407887126052639e-01 -1.907536858660844459e+01 -1.708525629286905545e-02 9.991227089502880965e-01 -3.824455745316924365e-02 -3.008967012192347745e+00 5.219894443650988647e-01 4.153812872135062562e-02 8.518468144509764306e-01 4.725527079270401032e+01
8.457230156857966641e-01 -5.234108384584408927e-03 -5.335853139814225043e-01 -1.966595466626965205e+01 -1.719567636916998626e-02 9.991652491307068118e-01 -3.704397881872934645e-02 -3.057380760695073363e+00 5.333338808504827222e-01 4.050309033758312666e-02 8.449270776097969060e-01 4.816500438124167260e+01
8.412342236080716518e-01 -3.317166055729250072e-03 -5.405884614700483537e-01 -2.026362618725302056e+01 -1.693325467488779323e-02 9.993290042714937371e-01 -3.247088814382998595e-02 -3.106752347121298108e+00 5.403334394378923600e-01 3.647052844280634226e-02 8.406136729840824051e-01 4.907033305757928332e+01
8.365295794132842078e-01 8.796430061040782285e-04 -5.481231516068700849e-01 -2.086679484474849033e+01 -1.894037948035098146e-02 9.994476144324243583e-01 -2.730419767873612166e-02 -3.157531716213320738e+00 5.477965435918439319e-01 3.321505494226782707e-02 8.360841302738596381e-01 4.996439754651144227e+01
8.314495853259697977e-01 1.404307278264673060e-03 -5.556978646198185157e-01 -2.147408218399593594e+01 -2.100499041650191051e-02 9.993614487205598751e-01 -2.891201548793487924e-02 -3.203187880175026869e+00 5.553027212737576823e-01 3.570725253277159950e-02 8.309481040607704649e-01 5.085164201856039767e+01
8.281599674623690843e-01 -7.609217982705938476e-04 -5.603917197860405208e-01 -2.208161199102050887e+01 -2.170381387054766409e-02 9.992055161067848745e-01 -3.342514784662307947e-02 -3.254806582717002961e+00 5.599719351492457031e-01 3.984585718043992530e-02 8.274856550226126206e-01 5.173903014575856218e+01
8.252497262087272745e-01 -2.884282749258109280e-03 -5.648192559675526692e-01 -2.269335475351806863e+01 -2.409328848596300338e-02 9.988967546955065391e-01 -4.030842819605029437e-02 -3.313847273681235883e+00 5.643123239795322377e-01 4.687420065838232563e-02 8.242699786561608066e-01 5.261616201630974388e+01
8.220571454253766674e-01 -2.639275334091701741e-03 -5.694873540561724568e-01 -2.331656647103545765e+01 -2.494006357117085210e-02 9.988627790690143282e-01 -4.062948149519166746e-02 -3.365588075078465913e+00 5.689471568096146070e-01 4.759797320649135355e-02 8.210565512212464334e-01 5.349553051372048174e+01
8.190063939494800493e-01 -1.580953415040294409e-03 -5.737692654567576600e-01 -2.394199726806797557e+01 -2.390543289599906737e-02 9.990338636098474723e-01 -3.688218671362582246e-02 -3.426797346700786395e+00 5.732734133288079903e-01 4.392401630935851425e-02 8.181774557966908779e-01 5.437558829670481941e+01
8.160782817348497531e-01 1.011908497626300791e-03 -5.778743407385165121e-01 -2.458229343298077296e+01 -2.307220445045428739e-02 9.992581710891734748e-01 -3.083030130713827061e-02 -3.474192298395789802e+00 5.774144147049410369e-01 3.849676543442442228e-02 8.154963981090518343e-01 5.525856903925281216e+01
8.132666609243497380e-01 1.703086781588455988e-03 -5.819146413299962628e-01 -2.522015031725668166e+01 -2.256633303359904807e-02 9.993356837130392689e-01 -2.860974552336423629e-02 -3.526482674151159014e+00 5.814795915220718481e-01 3.639728129184833377e-02 8.127649987883620586e-01 5.612955086199798416e+01
8.105610784220437237e-01 2.934630015152188236e-03 -5.856458227119117899e-01 -2.586403505396117097e+01 -2.412443939028919779e-02 9.993060147589077902e-01 -2.838248078863379528e-02 -3.571743295241228910e+00 5.851563622304852830e-01 3.713023591195282330e-02 8.100692538268001730e-01 5.700493957781000631e+01
8.064848388621184139e-01 1.255618702504525917e-03 -5.913626272082159741e-01 -2.651976564772214218e+01 -2.385320305647720823e-02 9.992525986364991786e-01 -3.040728030473524926e-02 -3.614968895977964891e+00 5.908825562664098419e-01 3.862573886150302838e-02 8.059123737692355238e-01 5.787892710450172018e+01
8.026681327876973304e-01 -3.250960025005987194e-04 -5.962437964267837121e-01 -2.717175148542838414e+01 -2.385251094656583998e-02 9.991822720886411879e-01 -3.265790925422785290e-02 -3.671165351981357183e+00 5.957667632474816788e-01 4.044305535246540961e-02 8.020041321338544638e-01 5.874146524568943306e+01
7.989836034207835613e-01 -1.010151914987464199e-03 -6.013050363171903445e-01 -2.782882083725935374e+01 -2.310063533133052335e-02 9.992088146387377856e-01 -3.236666499344043046e-02 -3.720755496974595733e+00 6.008622170923479944e-01 3.975076653218225647e-02 7.983282442482181329e-01 5.960880857792579235e+01
7.943225698245927058e-01 -1.220716266572978914e-03 -6.074950210334270073e-01 -2.850926715060395011e+01 -2.235707644301009392e-02 9.992616274078678362e-01 -3.123718769070828530e-02 -3.765347418329438867e+00 6.070846028140249873e-01 3.839601800015451927e-02 7.937090700176007152e-01 6.047358410841842868e+01
7.899270997469061140e-01 -1.931634934303065685e-03 -6.132523430762167882e-01 -2.918476471286340512e+01 -2.165288789168759095e-02 9.992835265423365421e-01 -3.105245219666953951e-02 -3.815310762697086577e+00 6.128729247032709271e-01 3.781110962737440490e-02 7.893193276673615699e-01 6.133993179216354719e+01
7.843616703164294490e-01 -3.022831600127574066e-03 -6.202955027713028535e-01 -2.987721720527185809e+01 -2.124700789001802287e-02 9.992703961700705184e-01 -3.173801728723361915e-02 -3.869633952031002799e+00 6.199390444430898928e-01 3.807165352070553122e-02 7.837251756208916120e-01 6.219441349641818562e+01
7.788823273109257705e-01 -3.655466746378892729e-03 -6.271429427880230723e-01 -3.057697416982401961e+01 -2.107873086662021694e-02 9.992655264788156133e-01 -3.200169726502437306e-02 -3.919338774729734354e+00 6.267994744754189496e-01 3.814395985091541263e-02 7.782331929822621230e-01 6.304526760610492175e+01
7.748069783450203252e-01 -4.458610724883225497e-03 -6.321439156557024930e-01 -3.127916151855821880e+01 -2.086837298159012130e-02 9.992497725125304431e-01 -3.262213518942906620e-02 -3.968509470781966364e+00 6.318152199734462515e-01 3.846659862442913802e-02 7.741326507690362568e-01 6.389366482929784041e+01
7.685432256360887893e-01 -6.136876182340684528e-03 -6.398720484208069159e-01 -3.199539262701688358e+01 -2.013108277181218167e-02 9.992268805709304536e-01 -3.376866122302239759e-02 -4.016789607827221609e+00 6.395845011636804855e-01 3.883468962207078240e-02 7.678256088389100453e-01 6.474400984358723576e+01
7.642123175246184896e-01 -7.248180679275895849e-03 -6.448884436357360528e-01 -3.271716837895753827e+01 -1.931230094178854051e-02 9.992313448898270112e-01 -3.411696709423529816e-02 -4.069842100665407969e+00 6.446401945513867693e-01 3.852509711863223718e-02 7.634848816300495722e-01 6.558977707047922934e+01
7.562776635472209241e-01 -8.099340984830611170e-03 -6.541984387888883923e-01 -3.345318073528198255e+01 -1.878532577860563685e-02 9.992422117167479856e-01 -3.408488250342094766e-02 -4.122146946189425343e+00 6.539787560584995330e-01 3.806750535982893896e-02 7.555524027587974256e-01 6.642969575701404494e+01
7.501178971255534345e-01 -9.165379258713331548e-03 -6.612154788647000014e-01 -3.420406292109674951e+01 -1.696959449365224512e-02 9.993078971082155482e-01 -3.310300678963724180e-02 -4.174486821655347235e+00 6.610610824664318041e-01 3.605728569155822183e-02 7.494432672362630887e-01 6.727006733417162820e+01
7.445808235262083574e-01 -9.606718293532528347e-03 -6.674245317849165637e-01 -3.495643700854297720e+01 -1.541799460718988081e-02 9.993823122790350677e-01 -3.158779574316994410e-02 -4.226563236987890271e+00 6.673154505943706960e-01 3.381479359530764617e-02 7.439726456736388549e-01 6.809964178428508319e+01
7.380858305243390705e-01 -1.130915466921804391e-02 -6.747298122269428378e-01 -3.572770656742593332e+01 -1.467274400394285271e-02 9.993541241802204045e-01 -3.280089386348143676e-02 -4.279058753393813141e+00 6.746650989484123118e-01 3.410665763348864205e-02 7.374428864056702393e-01 6.893073172619493505e+01
7.315102811888575252e-01 -1.237192446577472030e-02 -6.818251568724874589e-01 -3.650849119014152677e+01 -1.456151264534375801e-02 9.993239941067575405e-01 -3.376712323807337657e-02 -4.331831797481079604e+00 6.817818516263929318e-01 3.462859420312150438e-02 7.308354677654508302e-01 6.975349032076002231e+01
7.264857832675767346e-01 -1.143893192218348176e-02 -6.869288217765813220e-01 -3.730041777358312061e+01 -1.608967624360253118e-02 9.993042301316571452e-01 -3.365452590462414406e-02 -4.385455252918146307e+00 6.868355944538175883e-01 3.550594731440945284e-02 7.257961138819553071e-01 7.057016688330665488e+01
7.203203764575848433e-01 -1.220501712556201247e-02 -6.935368497647672603e-01 -3.810601069076784597e+01 -1.506700273924835472e-02 9.993340358095252896e-01 -3.322819600403395524e-02 -4.434961112764563396e+00 6.934803751437962349e-01 3.438582809912596461e-02 7.196566152597454469e-01 7.138853605808262159e+01
7.166671176740883054e-01 -1.147686220509211083e-02 -6.972037910348536371e-01 -3.890897030323318972e+01 -1.595551490457701449e-02 9.993331252993747915e-01 -3.285037872048711394e-02 -4.491826430757257960e+00 6.971156064889952875e-01 3.467305291546964041e-02 7.160058777082998205e-01 7.220704821655702688e+01
7.107589843958798115e-01 -1.205678492480178297e-02 -7.033423502117163162e-01 -3.973418805355613870e+01 -1.602931981252034288e-02 9.993159060623172385e-01 -3.332303127012715277e-02 -4.545235927446687363e+00 7.032630232752803412e-01 3.495880489100595956e-02 7.100794426564270845e-01 7.302089047483021034e+01
7.060900416080628794e-01 -1.401410042989396573e-02 -7.079521405952119428e-01 -4.056405317741099026e+01 -1.657442958419943352e-02 9.992031712640595531e-01 -3.631080905722440522e-02 -4.607012893391969399e+00 7.078971039653590980e-01 3.736973323211987413e-02 7.052951708024993716e-01 7.383373989286127426e+01
7.021317260091781698e-01 -1.596674212057092382e-02 -7.118358316839272781e-01 -4.139117423561084763e+01 -1.644117746163883606e-02 9.991184436356933540e-01 -3.862197689531975814e-02 -4.662923737031604787e+00 7.118246945510618984e-01 3.882627976354144361e-02 7.012504001755328620e-01 7.464070040357781011e+01
6.962762139300369135e-01 -1.521523072547601926e-02 -7.175171400776627628e-01 -4.223776158096724487e+01 -1.791540501637658989e-02 9.990953645004603256e-01 -3.857933541711593139e-02 -4.719722878738980221e+00 7.174548306518565566e-01 3.972139405275061652e-02 6.953738825565940473e-01 7.544599324911163762e+01
6.911385105739507040e-01 -1.544358157015585618e-02 -7.225720531667131352e-01 -4.309822200529055891e+01 -1.651995576213481295e-02 9.991728685356898731e-01 -3.715353869801960723e-02 -4.772639681341112272e+00 7.225483989091449066e-01 3.761236231739748664e-02 6.903116634738252211e-01 7.625279594887746271e+01
6.871025190917769976e-01 -1.612328916869562243e-02 -7.263937554022577014e-01 -4.396092835966544499e+01 -1.480702277860865106e-02 9.992353651703352879e-01 -3.619031589908337093e-02 -4.834464275440238268e+00 7.264216355584740548e-01 3.562488890020781146e-02 6.863384882659642194e-01 7.705770652723482783e+01
6.810971540081556252e-01 -1.669246548374578309e-02 -7.320429887766464194e-01 -4.483646064413418486e+01 -1.465407149541397662e-02 9.992290007023844067e-01 -3.641476616023110041e-02 -4.898643211605442360e+00 7.320866546773261430e-01 3.552508859138597819e-02 6.803274841291818698e-01 7.785716533311769183e+01
6.785597151831439522e-01 -1.734412730795801758e-02 -7.344563987265583238e-01 -4.571435375218242569e+01 -1.360350702210411447e-02 9.992530026414473410e-01 -3.616872067710666383e-02 -4.951764717334151911e+00 7.345354980581333404e-01 3.452709690852200086e-02 6.778169647163024836e-01 7.865753204898311424e+01
6.724719233601893498e-01 -1.841767419114085855e-02 -7.398561341355904819e-01 -4.659600492171728803e+01 -1.197934706763431958e-02 9.992885088648422176e-01 -3.576564805854660217e-02 -5.009293277267190092e+00 7.399886686617105358e-01 3.291222648351956048e-02 6.717728452865653344e-01 7.945177077217299200e+01
6.694936377944454842e-01 -1.971994191660999401e-02 -7.426732209347431946e-01 -4.749863911641259762e+01 -1.055233332142617442e-02 9.992942803632619553e-01 -3.605462854635801961e-02 -5.067214711385733317e+00 7.428600970773892032e-01 3.197745617609022012e-02 6.688129686640397198e-01 8.024215264079830945e+01
6.654852374362658640e-01 -2.262846817584200643e-02 -7.461257118434352353e-01 -4.839590632728317843e+01 -7.252019176756933916e-03 9.992971522396156825e-01 -3.678457107995238007e-02 -5.128646660083896691e+00 7.464337397574075661e-01 2.989063642955378658e-02 6.648534688598851661e-01 8.103674698173580282e+01
6.604249491782060444e-01 -2.660298030383459814e-02 -7.503917290141791652e-01 -4.930315442615091825e+01 -4.950466115543383609e-03 9.991962282919549798e-01 -3.978218302401977102e-02 -5.189879907103334133e+00 7.508469898034002554e-01 2.998554084272456177e-02 6.597624437456593993e-01 8.182550052828801768e+01
6.550935023095353360e-01 -3.094210413133674509e-02 -7.549085536406128227e-01 -5.021676732042215008e+01 -9.947197641646393640e-04 9.991250779094071888e-01 -4.181171759779256369e-02 -5.240789224376710465e+00 7.555414258214363521e-01 2.814883560707357596e-02 6.544892530711576839e-01 8.260604916061913627e+01
6.504974541053512027e-01 -3.531216388624771468e-02 -7.587193566516104992e-01 -5.114134309590215111e+01 5.584790807099097691e-03 9.991138838907469566e-01 -4.171216171181706817e-02 -5.314644680889409223e+00 7.595204455074273664e-01 2.288975379286496692e-02 6.501184860700640611e-01 8.339916601008843600e+01
6.403141373054751506e-01 -3.915701537614120487e-02 -7.671422634245432803e-01 -5.207029928550249309e+01 1.081490293672254278e-02 9.990601643112078101e-01 -4.196526030742341734e-02 -5.382163230989027269e+00 7.680650344794612838e-01 1.856713810705182613e-02 6.401362560348371478e-01 8.417613117917909449e+01
6.338405422407412670e-01 -3.982481220841996294e-02 -7.724964872894388712e-01 -5.301724545878364125e+01 1.343861506625631044e-02 9.990898151127466376e-01 -4.048052974124457387e-02 -5.445558356021666491e+00 7.734058100875385033e-01 1.527751371046438995e-02 6.337988782956210931e-01 8.495802359183898034e+01
6.233762555146009632e-01 -3.873883279541109892e-02 -7.809892690701291107e-01 -5.398655344569025516e+01 1.477585878330560029e-02 9.991772087178953932e-01 -3.776687758797224459e-02 -5.504245740293167266e+00 7.818099773961124654e-01 1.200277415842478448e-02 6.234357988252126059e-01 8.572343818333828835e+01
6.144274799864539727e-01 -3.935043195776689873e-02 -7.879849869094459613e-01 -5.496530641453559696e+01 1.547414468342693875e-02 9.991645771035728707e-01 -3.783078609298046180e-02 -5.575281043640217149e+00 7.888150133473640357e-01 1.105932294988075208e-02 6.145227862785036521e-01 8.647280730339620902e+01
6.058471574592010356e-01 -3.954487392093544718e-02 -7.946945387056314480e-01 -5.594772136113213179e+01 1.383485872538399268e-02 9.991366078536044748e-01 -3.916967380992173592e-02 -5.632436830619406365e+00 7.955576635961933984e-01 1.273710243970351159e-02 6.058711226495361313e-01 8.722180811099887876e+01
5.955676721464073786e-01 -4.149699068704611887e-02 -8.022517538994425879e-01 -5.694862453550139492e+01 1.444542933561084042e-02 9.990566814187360478e-01 -4.095760755149901317e-02 -5.693868960513602140e+00 8.031945027153024608e-01 1.281004228031086892e-02 5.956051219330561475e-01 8.795227323060080948e+01
5.865251020057593578e-01 -4.265460787277602916e-02 -8.088447599238023367e-01 -5.796215596306913653e+01 1.407506506881626117e-02 9.989983755036514479e-01 -4.247243903806369875e-02 -5.764388808084996541e+00 8.098463714765395949e-01 1.353004161641561259e-02 5.865376677962228502e-01 8.868358606644378028e+01
5.757215023585687819e-01 -4.481599732874551323e-02 -8.165250767155675105e-01 -5.897585523473760816e+01 1.826506160580339613e-02 9.989522500242477010e-01 -4.196139053918584993e-02 -5.833857960925498354e+00 8.175505290000495418e-01 9.241816273217465932e-03 5.759372905935629117e-01 8.939718117600271796e+01
5.649129824333384287e-01 -4.397152725567077952e-02 -8.239736206025902732e-01 -6.001433792410966817e+01 1.968944123396809340e-02 9.990133394429067115e-01 -3.981255728780306452e-02 -5.896782692962566408e+00 8.249108825189040983e-01 6.272302319193535751e-03 5.652210885165164234e-01 9.010105917975820944e+01
5.534603379136008305e-01 -4.488270506824688227e-02 -8.316137952147221180e-01 -6.105866799373559672e+01 2.040805737739808529e-02 9.989774582770112321e-01 -4.033282164601734859e-02 -5.968165578828030782e+00 8.325742818621588714e-01 5.337037181257322724e-03 5.538113574234321268e-01 9.079112459654363931e+01
5.458699177381733936e-01 -4.503380936990002831e-02 -8.367362049037873062e-01 -6.211640409267052121e+01 1.946980108568745205e-02 9.989667501857690812e-01 -4.107809104363244895e-02 -6.030446180358109309e+00 8.377209846180851960e-01 6.139001691529875730e-03 5.461826048803180012e-01 9.147722997841546544e+01
5.337576696145818200e-01 -4.552417018274476646e-02 -8.443709495285748323e-01 -6.319262135542300030e+01 1.885294649123279639e-02 9.989419770329247550e-01 -4.195015159315151898e-02 -6.098977789490659163e+00 8.453873300919932943e-01 6.466198394001938105e-03 5.340517738503878231e-01 9.214342500086902987e+01
5.235950533517924610e-01 -4.661564622602404340e-02 -8.505228598827943021e-01 -6.426911411595730783e+01 1.768653733305687245e-02 9.988814890035602190e-01 -4.385371511068384548e-02 -6.172136798980844219e+00 8.516154913049689412e-01 7.915077111197984377e-03 5.238340016586248149e-01 9.279321507501877875e+01
5.136557046320132658e-01 -4.532034695640940053e-02 -8.567967741169943974e-01 -6.536375823670110208e+01 1.636515452904715312e-02 9.989401762942086149e-01 -4.301666034030755814e-02 -6.242720688478684998e+00 8.578381669551062849e-01 8.077313679278020145e-03 5.138524880999623123e-01 9.343686270466562860e+01
