1.0 0.0 0.0 0.0 0.0 1.0 0.0 0.0 0.0 0.0 1.0 0.0
0.99993134 0.011693577 0.00070358 0.29870605 -0.011691756 0.9999284 -0.0025386543 -0.010620117 -0.00073322747 0.0025302495 0.99999654 0.004638672
0.99984473 0.017575728 0.0011841641 0.5875244 -0.017569335 0.99983203 -0.0052072024 -0.02355957 -0.0012754933 0.005185577 0.99998575 0.005004883
0.9997952 0.020238834 0.0003808359 0.88952637 -0.020235492 0.9997684 -0.0073423157 -0.033081055 -0.0005293367 0.007333107 0.99997294 0.012451172
0.9998308 0.018372219 -0.0010516308 1.2011719 -0.018380746 0.9997927 -0.008771034 -0.041748047 0.00089030195 0.008788871 0.99996096 0.0063476562
0.9999265 0.0119172605 -0.0022090804 1.5170898 -0.011940927 0.99986786 -0.011024471 -0.041748047 0.0020773504 0.011050053 0.99993676 0.0056152344
0.9999924 0.00074912555 -0.003840593 1.84021 -0.0007977329 0.9999194 -0.0126672415 -0.039916992 0.0038307917 0.012670209 0.9999123 0.018798828
0.99984646 -0.017087312 -0.0039113024 2.1716309 0.017039182 0.99978256 -0.01202858 -0.023071289 0.004115902 0.01196012 0.99992 0.020874023
0.9993562 -0.03558939 -0.004490527 2.5212402 0.035552926 0.9993359 -0.007953644 0.0052490234 0.0047706948 0.0077888556 0.9999583 0.02331543
0.9984724 -0.054985475 -0.005440401 2.8737793 0.05496017 0.9984776 -0.0046967017 0.04260254 0.0056903544 0.004390527 0.9999742 0.024047852
0.9971436 -0.07523341 -0.006507403 3.2365723 0.07520431 0.99715644 -0.0046042292 0.080078125 0.006835382 0.0041014915 0.99996823 0.025878906
0.99518704 -0.09781824 -0.0056945374 3.6157227 0.09778762 0.9951915 -0.0054288357 0.1315918 0.0061983056 0.0048458693 0.99996907 0.028564453
0.99314916 -0.11675985 -0.004700204 4.0 0.11672702 0.9931413 -0.006741993 0.18566895 0.005455011 0.006147114 0.9999662 0.033325195
0.9910352 -0.13357496 -0.003298475 4.3981934 0.13355336 0.99102503 -0.0060765827 0.2545166 0.004080455 0.0055816863 0.9999761 0.037475586
0.9886765 -0.15001707 -0.003085258 4.817993 0.15000485 0.9886756 -0.003871669 0.3314209 0.003631206 0.003365035 0.9999877 0.04309082
0.98660606 -0.16304077 -0.003078648 5.2438965 0.16302861 0.98660535 -0.0038563248 0.41223145 0.0036663495 0.0033026433 0.99998784 0.049560547
0.98458433 -0.17491105 -0.003831794 5.679199 0.17489144 0.9845828 -0.004965152 0.49645996 0.0046410295 0.004218861 0.99998033 0.051757812
0.9828127 -0.18450731 -0.0054158703 6.13208 0.18446195 0.9828041 -0.007937375 0.5814209 0.006787203 0.0068017845 0.99995387 0.06188965
0.98154575 -0.19112974 -0.0071961037 6.5943604 0.19107872 0.98155546 -0.00721829 0.67907715 0.00844276 0.005710586 0.9999481 0.06896973
0.979928 -0.19915077 -0.008870171 7.0733643 0.19909477 0.97995585 -0.006813471 0.7902832 0.01004932 0.0049109543 0.9999375 0.06591797
0.9784623 -0.20611954 -0.012045775 7.562134 0.20603888 0.97852385 -0.007603937 0.89733887 0.013353992 0.0049582645 0.9998985 0.07287598
0.97625476 -0.21619272 -0.012907623 8.065674 0.21605173 0.9763037 -0.011483207 1.0047607 0.015085251 0.008421254 0.99985075 0.07775879
0.97470224 -0.2231324 -0.012315927 8.580811 0.22290775 0.97467744 -0.01732836 1.1190186 0.015871482 0.01414446 0.99977404 0.09057617
0.9729529 -0.23057182 -0.014582438 9.105957 0.23031247 0.972966 -0.017509948 1.2423096 0.018225037 0.013677967 0.9997403 0.111572266
0.97097987 -0.23830096 -0.020202 9.638428 0.23804303 0.971147 -0.0143668 1.397583 0.023042941 0.009140708 0.9996927 0.10974121
0.96849334 -0.24784471 -0.023911633 10.189697 0.24762137 0.96877193 -0.011932475 1.5467529 0.026123885 0.0056348927 0.99964285 0.12158203
0.96614873 -0.25683385 -0.025432542 10.748657 0.25654534 0.9664574 -0.014077218 1.6956787 0.028193727 0.007079985 0.9995775 0.13964844
0.96395665 -0.26470816 -0.02668057 11.322144 0.26436123 0.96429056 -0.01584964 1.8529053 0.029924147 0.008225957 0.99951845 0.16491699
0.9620338 -0.27127472 -0.029113479 11.903564 0.270902 0.96244407 -0.016138302 2.0234375 0.03239938 0.007634245 0.9994456 0.1817627
0.95941705 -0.2800171 -0.033317976 12.50061 0.27963737 0.95997834 -0.015650269 2.2105713 0.036367856 0.005698235 0.9993223 0.2006836
0.9570001 -0.28763366 -0.03793627 13.099976 0.287202 0.9577389 -0.016494961 2.39563 0.041077077 0.004893682 0.99914426 0.22375488
0.9551969 -0.29242304 -0.04546319 13.714111 0.29189965 0.9562705 -0.017899305 2.5876465 0.048711084 0.0038254515 0.9988056 0.2574463
0.9532865 -0.29711488 -0.054330073 14.346924 0.29659337 0.95483303 -0.017612984 2.7884521 0.057109065 0.0006754636 0.9983678 0.2869873
0.95153725 -0.30093807 -0.06309853 14.985596 0.3004089 0.9536247 -0.01793681 2.998413 0.06557219 -0.001889619 0.9978464 0.3256836
0.9494982 -0.30528614 -0.07260175 15.635742 0.30483374 0.9522543 -0.01750461 3.220337 0.07447802 -0.0055104233 0.99720705 0.36462402
0.94810486 -0.30772993 -0.079900995 16.291748 0.30736902 0.95142967 -0.017088683 3.4439697 0.08127822 -0.008361367 0.9966558 0.41760254
0.9456549 -0.31327853 -0.08682043 16.9646 0.31308946 0.94955534 -0.016139997 3.6762695 0.087500155 -0.011921253 0.9960952 0.47375488
0.9436222 -0.31741 -0.0939599 17.642944 0.31747964 0.9481519 -0.014608089 3.9145508 0.09372427 -0.016042639 0.99546987 0.5395508
0.9422094 -0.31964394 -0.100282855 18.32837 0.32002214 0.9473166 -0.01272771 4.166504 0.09906915 -0.0200985 0.994879 0.60498047
0.9393822 -0.32623386 -0.10530366 19.039062 0.32706377 0.9449293 -0.009780391 4.4281006 0.10269643 -0.025262523 0.99439144 0.67626953
0.9378311 -0.33009356 -0.107163474 19.746582 0.3311517 0.94352573 -0.008286258 4.6883545 0.10384706 -0.027717825 0.994208 0.7503662
0.9355957 -0.33648315 -0.106756896 20.470215 0.33753487 0.9412482 -0.008609254 4.9605713 0.10338204 -0.02797835 0.9942506 0.8343506
0.93357766 -0.3426243 -0.10483124 21.20166 0.34375623 0.93900067 -0.007647343 5.2351074 0.101057075 -0.028906535 0.99446017 0.914917
0.9316931 -0.34853283 -0.10264275 21.938477 0.34960097 0.936899 -0.007973834 5.515747 0.0989448 -0.02844768 0.99468577 0.9991455
0.9292626 -0.3556855 -0.09952082 22.677368 0.35678288 0.934132 -0.0071607567 5.80249 0.09551167 -0.028864773 0.9950086 1.0789795
0.92506355 -0.36761406 -0.09545429 23.447998 0.3688712 0.9294648 -0.004768663 6.116211 0.09047431 -0.030798601 0.9954228 1.1550293
0.92293644 -0.374091 -0.090849146 24.19934 0.3754221 0.926854 -0.002605701 6.430786 0.085180745 -0.031696297 0.9958626 1.2393799
0.9191917 -0.38379863 -0.088218 24.960083 0.38528448 0.92279774 -0.00020411192 6.76355 0.081485264 -0.03380707 0.9961 1.3062744
0.9162648 -0.3910785 -0.08656987 25.725586 0.3926395 0.91967803 0.0011088189 7.0976562 0.079186946 -0.03500241 0.996247 1.3782959
0.9122445 -0.400358 -0.08690854 26.503662 0.40200204 0.9156526 0.0015595998 7.4403076 0.07895522 -0.036352668 0.9962162 1.4553223
0.9092549 -0.40739357 -0.0854713 27.273438 0.4090894 0.9124992 0.0025779032 7.798584 0.07694414 -0.037298586 0.99633926 1.5220947
0.9050043 -0.41693297 -0.08445821 28.062988 0.4186089 0.90816265 0.002374941 8.170288 0.07571531 -0.03750336 0.9964246 1.5865479
0.9017908 -0.42440012 -0.08179083 28.861572 0.42598304 0.9047447 0.0021255843 8.551025 0.073098786 -0.036747254 0.99664897 1.6572266
0.8987455 -0.4315318 -0.077615485 29.662964 0.43305287 0.9013555 0.0030992213 8.94043 0.06862125 -0.03639517 0.9969792 1.72229
0.8949755 -0.44019866 -0.07243328 30.47876 0.44161782 0.89719474 0.00404806 9.351318 0.06320613 -0.035606932 0.9973658 1.782959
0.8926489 -0.44561607 -0.06804944 31.294312 0.44688284 0.89459974 0.003849253 9.759155 0.05916389 -0.033848077 0.9976742 1.854126
0.88826954 -0.45458123 -0.065525174 32.116943 0.45571166 0.89010024 0.002621567 10.182983 0.057133187 -0.03218646 0.9978483 1.9108887
0.8854118 -0.46049595 -0.06373365 32.953125 0.4616742 0.8870807 0.0043163346 10.625244 0.05455063 -0.033245623 0.99795705 1.9625244
0.8828888 -0.46547315 -0.062065005 33.78772 0.46659935 0.8844642 0.0042138407 11.069092 0.052937005 -0.0326789 0.9980634 2.0133057
0.8797781 -0.471588 -0.06054489 34.635376 0.4726246 0.88129807 0.003217776 11.534912 0.051837746 -0.031441722 0.9981601 2.0690918
0.8778354 -0.4751629 -0.059695095 35.498047 0.47609475 0.87935764 0.0015920394 12.003662 0.05173992 -0.029824678 0.9982152 2.121704
0.87589765 -0.4788815 -0.059747666 36.36731 0.47977915 0.87744254 0.0007759149 12.481934 0.05205198 -0.029338766 0.9982133 2.175171
0.8738891 -0.48240107 -0.0599628 37.242676 0.4833168 0.8754385 0.00088474934 12.97583 0.052069426 -0.029756024 0.9982002 2.2297363
0.874135 -0.48198038 -0.058982514 38.127197 0.48290232 0.8756138 0.0015758527 13.477173 0.050885763 -0.029870778 0.9982573 2.2857666
0.8736503 -0.4831709 -0.057730272 39.02661 0.48403928 0.87507486 0.0012171029 13.979126 0.049930077 -0.02900276 0.9983316 2.3388672
0.87378573 -0.48315126 -0.056077383 39.94226 0.48392236 0.8751574 0.0001956718 14.500122 0.048980292 -0.02730373 0.9984263 2.3950195
0.87332755 -0.48389345 -0.056296982 40.858643 0.48459792 0.8747494 -0.001289954 15.013184 0.04987101 -0.02615454 0.99841315 2.4541016
0.8716735 -0.4868929 -0.055860143 41.794067 0.48750216 0.87311625 -0.003065929 15.54126 0.050265945 -0.02455929 0.9984339 2.5113525
0.8705511 -0.48931733 -0.053503178 42.72107 0.48982525 0.8718991 -0.0040622544 16.069946 0.04863473 -0.022662072 0.9985594 2.5650635
0.86879027 -0.492787 -0.049261637 43.661987 0.4932607 0.86991274 -0.002869634 16.60913 0.044268075 -0.021804508 0.9987816 2.6203613
0.86612046 -0.49801272 -0.04461831 44.597168 0.49839503 0.86704457 -0.002890636 17.141602 0.040124424 -0.019726377 0.9989999 2.6784668
0.862416 -0.5044799 -0.041858826 45.520752 0.5047475 0.86326146 -0.0046728756 17.680054 0.038495924 -0.017092302 0.999113 2.7211914
0.8568032 -0.5138373 -0.042763263 46.445312 0.5140126 0.8577305 -0.0076290965 18.237915 0.040600453 -0.015443605 0.9990562 2.7805176
0.85183185 -0.5217443 -0.04479598 47.35266 0.52186453 0.8528773 -0.0098949745 18.789673 0.043370906 -0.014950404 0.99894756 2.8405762
0.84491134 -0.5330976 -0.04380687 48.266113 0.5332188 0.84591305 -0.009851332 19.37439 0.042306647 -0.015041489 0.99899095 2.8881836
0.84059465 -0.5401281 -0.039798193 49.17456 0.5402702 0.841407 -0.008024942 19.967773 0.037819725 -0.014762837 0.99917525 2.9379883
0.8360531 -0.5476306 -0.036565028 50.071777 0.5478727 0.8366849 -0.003922187 20.56665 0.03274057 -0.016751021 0.99932337 2.989502
0.83091164 -0.5551299 -0.039083946 50.961914 0.5554374 0.8316175 -0.0034821555 21.169434 0.034438282 -0.018810077 0.99923 3.0336914
0.82745177 -0.5597699 -0.04324265 51.851562 0.5600808 0.8283511 -0.005695098 21.773193 0.03900906 -0.019512033 0.9990483 3.0828857
0.8242354 -0.5640686 -0.05029092 52.730713 0.5644395 0.8254772 -0.007854717 22.381226 0.045942057 -0.021906774 0.9987039 3.138794
0.82101953 -0.568703 -0.051030952 53.61255 0.5691062 0.8222896 -0.0076640407 23.000854 0.04631975 -0.0227495 0.99866736 3.1896973
0.81814003 -0.57305235 -0.047370166 54.49536 0.5734244 0.8192223 -0.006666398 23.622803 0.042628806 -0.021705968 0.9988554 3.2514648
0.815455 -0.577232 -0.04195273 55.381104 0.5775941 0.81626683 -0.004135917 24.259888 0.036630716 -0.020860309 0.999111 3.300293
0.8127229 -0.58131087 -0.03986653 56.25464 0.5816562 0.8134458 -0.003498186 24.89441 0.034461953 -0.02034732 0.9991986 3.3527832
0.81002116 -0.5849918 -0.04060954 57.132324 0.5853969 0.8107429 -0.0023110672 25.535156 0.034279227 -0.021902712 0.9991723 3.397583
0.80586785 -0.59070396 -0.042127628 58.009033 0.59108615 0.8066783 -0.004056587 26.18689 0.03637698 -0.0216304 0.99910367 3.4396973
0.80196255 -0.5955733 -0.04396229 58.874268 0.5959387 0.80287457 -0.0056955665 26.835083 0.03869161 -0.021632273 0.9990174 3.494751
0.79828936 -0.6006694 -0.043288305 59.744385 0.6009973 0.7991898 -0.0064445594 27.488403 0.03846647 -0.02087671 0.9990415 3.5440674
0.7936718 -0.60689783 -0.041953787 60.612305 0.60719436 0.79452485 -0.006735731 28.164795 0.03741851 -0.020128714 0.99909663 3.5888672
0.78928477 -0.6126862 -0.041388214 61.48169 0.612948 0.7901298 -0.00752058 28.836304 0.037309986 -0.019422226 0.9991154 3.6386719
0.78369355 -0.61974746 -0.041671496 62.3396 0.61997795 0.7845703 -0.008701555 29.524292 0.03808909 -0.019016467 0.9990934 3.692749
0.778203 -0.6266061 -0.04176465 63.193848 0.62681854 0.77909505 -0.009422461 30.219727 0.03844373 -0.018848255 0.999083 3.7424316
0.77410454 -0.6316178 -0.042102683 64.045166 0.6318089 0.7750248 -0.010290032 30.918213 0.039131224 -0.018639177 0.9990601 3.791504
0.7678027 -0.63937914 -0.0424957 64.89917 0.63951623 0.7687691 -0.012067812 31.62976 0.040381916 -0.017903823 0.9990239 3.8395996
0.76346636 -0.64443195 -0.042200714 65.74805 0.64452213 0.7644409 -0.013247032 32.34778 0.0408002 -0.017087791 0.9990213 3.8928223
0.7555369 -0.6537707 -0.04176842 66.592285 0.65382594 0.7565094 -0.014223294 33.078613 0.040895477 -0.01656417 0.99902594 3.9455566
0.7494346 -0.66085744 -0.039777204 67.43652 0.66084313 0.75034416 -0.015388641 33.825073 0.04001343 -0.014750869 0.9990903 3.9987793
0.74396884 -0.66711986 -0.03754998 68.269775 0.66706073 0.7447986 -0.015919592 34.573364 0.03858703 -0.013201165 0.99916834 4.052002
0.73744524 -0.6744622 -0.037862036 69.10474 0.67434454 0.7383118 -0.017720753 35.340088 0.039902303 -0.012462505 0.9991258 4.1048584
0.7308409 -0.6815739 -0.038400616 69.9314 0.68142456 0.7317444 -0.018881133 36.116455 0.040968392 -0.01235956 0.9990844 4.158203
0.72579545 -0.6866305 -0.039284404 70.751465 0.6865347 0.7267249 -0.01801992 36.904785 0.040926676 -0.013895033 0.99906576 4.2128906
0.71966064 -0.69327766 -0.03817924 71.57373 0.69314045 0.7205579 -0.018880758 37.706177 0.040595382 -0.012878383 0.99909246 4.263672
0.7160058 -0.69691634 -0.038470738 72.39526 0.6968148 0.71690613 -0.018205285 38.50598 0.040269174 -0.0137720425 0.9990942 4.3217773
0.7100808 -0.7030619 -0.03876877 73.21289 0.7029452 0.71100366 -0.018871829 39.32715 0.04082936 -0.013854258 0.99906987 4.376343
0.7053004 -0.70767987 -0.041190337 74.02905 0.707518 0.7063552 -0.020890992 40.15332 0.043883294 -0.014411363 0.9989328 4.4384766
0.7012612 -0.7115947 -0.042656448 74.83911 0.71137017 0.7024119 -0.022897081 40.97705 0.04625143 -0.014287977 0.99882746 4.494995
0.69537896 -0.71722716 -0.04355757 75.64819 0.71705616 0.69656247 -0.02222771 41.819824 0.046289813 -0.015772562 0.99880403 4.5533447
0.6903213 -0.7223288 -0.041456692 76.45874 0.72212034 0.6914158 -0.022534765 42.676636 0.044940628 -0.014383511 0.9988859 4.6083984
0.6863549 -0.726207 -0.039475534 77.26709 0.7259448 0.68737185 -0.02327593 43.53601 0.04403747 -0.012676734 0.99894965 4.672241
0.6803462 -0.73187184 -0.039383497 78.07056 0.73158795 0.68137026 -0.023930151 44.407593 0.044346556 -0.012535742 0.9989372 4.738159
0.6778406 -0.73432195 -0.038390018 78.87378 0.7339988 0.67882985 -0.024619903 45.282715 0.044138264 -0.011489481 0.99895924 4.793213
0.6718045 -0.7397777 -0.03678167 79.67212 0.73939407 0.67273813 -0.025780696 46.160522 0.043820996 -0.009878537 0.99899065 4.852783
0.66885257 -0.7426474 -0.035853226 80.465576 0.7422 0.66975915 -0.027126899 47.06018 0.044154402 -0.00845745 0.99898916 4.9127197
0.66491127 -0.74621654 -0.03377492 81.26367 0.7456272 0.6657481 -0.030093785 47.9541 0.04494366 -0.005167577 0.99897647 4.975952
0.659839 -0.75061405 -0.033880398 82.05615 0.7498429 0.66070193 -0.03413535 48.857666 0.04801181 -0.0028827088 0.9988427 5.03833
0.6545907 -0.7552977 -0.032055855 82.840576 0.75431454 0.6553743 -0.038549185 49.76758 0.05011832 0.0010574814 0.9987428 5.0908203
0.6502533 -0.7592768 -0.02680873 83.637695 0.7580968 0.6507611 -0.042990398 50.688477 0.050089482 0.0076260343 0.9987154 5.166992
0.6403009 -0.7678227 -0.022497777 84.42041 0.7664913 0.6405676 -0.04697919 51.612305 0.05048406 0.012829535 0.998642 5.2368164
0.63397557 -0.7731732 -0.019211184 85.20679 0.7718522 0.6340787 -0.047740176 52.55542 0.04908852 0.01543817 0.998675 5.3032227
0.62361676 -0.78159535 -0.015934434 85.97803 0.7803726 0.6235954 -0.046800435 53.52002 0.046513587 0.016749812 0.9987771 5.3656006
0.6147106 -0.7886036 -0.014990876 86.732666 0.78736293 0.61464655 -0.047531016 54.494385 0.04669273 0.017421465 0.99875766 5.439575
0.60605705 -0.79534334 -0.01666743 87.48657 0.7940598 0.6060816 -0.047834583 55.472656 0.048138447 0.015754674 0.99871624 5.4992676
0.5958024 -0.8029758 -0.016739506 88.22266 0.801589 0.59581375 -0.049917445 56.468994 0.050054148 0.016329464 0.9986133 5.5633545
0.5867404 -0.8096243 -0.017456854 88.95923 0.80816156 0.5867842 -0.051188625 57.47827 0.051679622 0.015927212 0.9985366 5.6367188
0.5761649 -0.8173363 -0.013166362 89.678955 0.8158305 0.57596505 -0.053494256 58.487305 0.051306345 0.020081453 0.9984811 5.709839
0.56545466 -0.8247117 -0.010184759 90.388916 0.82330066 0.5651388 -0.05279122 59.521484 0.04929006 0.021469878 0.99855393 5.7772217
0.5540548 -0.8323782 -0.009239232 91.085205 0.83092964 0.5536885 -0.053845465 60.56128 0.049946766 0.02214535 0.99850583 5.852295
0.54642594 -0.8375246 -0.010033563 91.77612 0.8360445 0.5461074 -0.054089237 61.61548 0.05078088 0.021178128 0.9984859 5.918335
0.5342991 -0.8451925 -0.010344981 92.44873 0.84366804 0.5340049 -0.054725684 62.687256 0.051791653 0.020512136 0.9984474 5.9908447
0.5240845 -0.85141665 -0.011780234 93.10425 0.84979683 0.5238613 -0.055935483 63.759766 0.053808276 0.019301418 0.99836475 6.067749
0.51409703 -0.8576467 -0.011925118 93.75366 0.8560851 0.5139227 -0.054761127 64.850586 0.053084493 0.017941402 0.99842864 6.1431885
0.50572914 -0.86260223 -0.011282356 94.401855 0.8611263 0.50556076 -0.053317863 65.94995 0.051689617 0.017257344 0.99851453 6.2142334
0.49880764 -0.8666918 -0.0079394225 95.035645 0.8653262 0.4985011 -0.052300986 67.059814 0.049272694 0.019219223 0.99860036 6.2891846
0.48881656 -0.8725074 -0.0073405737 95.65332 0.8711393 0.48849246 -0.052486602 68.178955 0.04937561 0.019246731 0.99859405 6.363037
0.48361143 -0.8754267 -0.0073181856 96.2832 0.8739478 0.4832519 -0.05466507 69.30371 0.05137543 0.020035466 0.99847806 6.4379883
0.4759282 -0.879516 -0.0053119864 96.90259 0.87786186 0.4753883 -0.05873173 70.41284 0.05416863 0.023286095 0.99826014 6.5117188
0.46918753 -0.8830077 -0.004255644 97.49878 0.88121176 0.46853063 -0.061667837 71.553955 0.056452263 0.025180703 0.9980876 6.590576
0.4656276 -0.885068 -0.0034745173 98.09424 0.88305515 0.46482724 -0.06569708 72.6853 0.059746817 0.027515858 0.99783385 6.6766357
0.46041986 -0.8877896 -0.0013403371 98.69165 0.88586587 0.45952037 -0.065131105 73.81958 0.058426373 0.02880377 0.9978763 6.7611084
0.45551422 -0.8902159 0.0025562274 99.27954 0.8884901 0.45444873 -0.063616924 74.961914 0.055462014 0.031254087 0.9979718 6.851074
0.45314404 -0.89133155 0.008593687 99.86304 0.8898533 0.4517869 -0.06272928 76.102295 0.052044537 0.03608277 0.9979933 6.9331055
0.44861463 -0.89371496 0.010298347 100.43872 0.8923826 0.44724357 -0.060940724 77.23364 0.04985576 0.036527347 0.99808824 7.012329
0.44685742 -0.89448506 0.011921093 100.99829 0.89320034 0.44540069 -0.061149508 78.36572 0.049387444 0.037978675 0.9980577 7.0906982
0.44615936 -0.89482576 0.014888447 101.55859 0.8936951 0.4445915 -0.060345307 79.50049 0.047376078 0.040237293 0.9980669 7.166992
0.4415764 -0.8970672 0.016141009 102.10693 0.8960454 0.44001403 -0.05891272 80.62036 0.045736577 0.040476747 0.9981333 7.2338867
0.44161192 -0.8970332 0.019357968 102.666504 0.8960989 0.43985802 -0.059963297 81.73877 0.045272894 0.04382173 0.9980128 7.315674
0.43755123 -0.8987697 0.0216673 103.20801 0.89792806 0.43569347 -0.060053483 82.84912 0.04454042 0.045756157 0.9979604 7.3779297
0.43551508 -0.8999147 0.025500342 103.74121 0.89926803 0.43351328 -0.05960273 83.95288 0.042575993 0.04887715 0.9978963 7.4501953
0.43400675 -0.9004376 0.028459452 104.27661 0.8999568 0.43190634 -0.059114844 85.06152 0.04094129 0.051272694 0.99784523 7.5184326
0.43297085 -0.9010218 0.02956327 104.79224 0.90058196 0.4308084 -0.059454743 86.13916 0.040826194 0.052368008 0.99779326 7.5895996
0.43144342 -0.9016028 0.031148527 105.31152 0.9012462 0.42922038 -0.059371542 87.21924 0.040179998 0.053684838 0.9977486 7.6501465
0.43143803 -0.90142524 0.031080574 105.81958 0.900999 0.42913193 -0.060989108 88.28589 0.04164404 0.05432136 0.99765474 7.718384
0.43142414 -0.90170586 0.029739141 106.31055 0.9011444 0.42909646 -0.06243839 89.33447 0.04353774 0.05372557 0.9976055 7.7838135
0.43551865 -0.8997657 0.027168274 106.808105 0.8991177 0.43334705 -0.06156466 90.387695 0.043611556 0.051231712 0.9977338 7.848633
0.43807378 -0.898508 0.025417466 107.29712 0.89779514 0.43599775 -0.06115911 91.41235 0.043861076 0.049597777 0.99780494 7.912842
0.44370568 -0.8957688 0.02285396 107.79346 0.8949133 0.44170424 -0.06185943 92.44116 0.04532154 0.047901336 0.9978233 7.979248
0.4498084 -0.89282995 0.021089287 108.302734 0.89191973 0.44789603 -0.061546218 93.45654 0.045498878 0.04650948 0.9978821 8.046387
0.45664686 -0.88947684 0.020410232 108.79932 0.88859296 0.4548041 -0.060549483 94.4563 0.044572517 0.04577288 0.9979563 8.106445
0.4634442 -0.8858536 0.019766586 109.31128 0.8849998 0.46166965 -0.059547797 95.457275 0.043612182 0.045096315 0.9980307 8.16394
0.47469485 -0.87998426 0.018959016 109.83545 0.87916636 0.47299626 -0.058363266 96.45264 0.042396612 0.044363733 0.9981149 8.227661
0.48163444 -0.87629175 0.017910883 110.35986 0.8754766 0.48001027 -0.05753343 97.427246 0.041814428 0.04338974 0.99818283 8.28772
0.49266398 -0.86993706 0.016158206 110.90503 0.86901444 0.49104935 -0.05877574 98.40112 0.043206517 0.04300958 0.99814045 8.345215
0.5008743 -0.8654949 0.012445815 111.44507 0.8644032 0.49938905 -0.0594002 99.35571 0.045186143 0.04049669 0.9981567 8.403076
0.5135905 -0.8580061 0.008309902 111.99658 0.8567834 0.51228505 -0.059202556 100.30444 0.046539057 0.037527923 0.9982115 8.46875
0.52713645 -0.8497473 0.0057907337 112.56714 0.8485383 0.5259956 -0.057328623 101.25 0.045681994 0.03512695 0.99833775 8.522583
0.5379622 -0.8429043 0.004953022 113.14331 0.84180415 0.5369394 -0.05456853 102.17236 0.04333688 0.033529617 0.99849796 8.588135
0.5502638 -0.8349606 0.0049619414 113.74121 0.8339528 0.54928625 -0.052745286 103.09497 0.0413116 0.03316473 0.998596 8.643677
0.5615182 -0.82749593 0.004942853 114.33716 0.8265596 0.5605763 -0.05128185 103.9917 0.03966564 0.03288201 0.99867177 8.701904
0.5734794 -0.8191133 0.0037765624 114.95117 0.8181396 0.5725599 -0.051612273 104.87842 0.04010757 0.03269738 0.99866086 8.75769
0.5854898 -0.8106874 0.0023392409 115.57715 0.80962086 0.584566 -0.053054024 105.75122 0.041644365 0.032963764 0.9985889 8.81604
0.594306 -0.804227 0.0034125054 116.20093 0.80317134 0.5932978 -0.053917207 106.601074 0.041324794 0.034782417 0.9985402 8.867554
0.605388 -0.795835 0.0018625485 116.82959 0.7947464 0.60443455 -0.05375268 107.434326 0.04165022 0.03402086 0.99855286 8.931885
0.6170093 -0.7869776 0.0024608532 117.47485 0.78600305 0.61608285 -0.051779624 108.25928 0.03923626 0.0338866 0.9986554 8.981323
0.6261748 -0.7797895 0.0046510454 118.10742 0.77901053 0.6252581 -0.04881242 109.07178 0.035151064 0.03418508 0.99879694 9.026001
0.6374643 -0.77044815 0.0044998582 118.76245 0.7697303 0.6365942 -0.0472641 109.86597 0.03355594 0.033591997 0.9988719 9.08667
0.645673 -0.76364094 0.0011205717 119.40112 0.76288366 0.6449663 -0.04548973 110.63989 0.034010522 0.030221619 0.9989643 9.133057
0.65519863 -0.75544035 -0.0016578191 120.056885 0.7546298 0.6545944 -0.044914775 111.41113 0.035020947 0.02816984 0.99898905 9.176758
0.6656446 -0.7463018 -0.0020364602 120.72119 0.74552184 0.66506904 -0.043960974 112.163574 0.034168024 0.027739385 0.9990308 9.224731
0.6735928 -0.7389524 -0.0010247342 121.372314 0.7382531 0.6730146 -0.042586114 112.889404 0.032158334 0.027931074 0.99909276 9.270752
0.6818409 -0.73137677 8.135638e-05 122.04175 0.73078585 0.6812858 -0.04026661 113.61548 0.029393204 0.027515154 0.9991893 9.310059
0.6914978 -0.7224263 0.00075621903 122.723145 0.7218621 0.6909156 -0.040259514 114.32837 0.028556414 0.028385358 0.9991892 9.357422
0.6981527 -0.7159232 -0.00063743885 123.38257 0.71537614 0.6976538 -0.038478304 115.01489 0.027985146 0.026407002 0.99925965 9.395752
0.7058683 -0.708236 -0.0009808792 124.06494 0.70770377 0.7053901 -0.03781568 115.69995 0.027474366 0.026001709 0.9992846 9.437866
0.7127756 -0.7013885 -0.00010457961 124.72583 0.70097446 0.71235985 -0.034246046 116.36841 0.024096496 0.024336614 0.9994135 9.473633
0.71977276 -0.69422334 0.0010818555 125.399414 0.69389564 0.7193834 -0.031882513 117.032715 0.021349922 0.023698274 0.9994913 9.506958
0.7272141 -0.6864467 0.0012312303 126.07422 0.6861609 0.7268572 -0.030213825 117.674805 0.01984247 0.022814687 0.9995428 9.539795
0.7345372 -0.67857885 -0.0008466299 126.72754 0.67830145 0.73427165 -0.02770627 118.29419 0.019418111 0.019776393 0.99961585 9.579468
0.7431807 -0.66898984 -0.0008450236 127.39795 0.6687519 0.74294895 -0.02575871 118.91016 0.017866034 0.01857916 0.99966776 9.603149
0.75203305 -0.6592235 -0.00010170124 128.07959 0.65904635 0.7518346 -0.02306905 119.50537 0.01528059 0.017281612 0.9997339 9.635376
0.7608965 -0.64878595 0.0007823738 128.74121 0.64868045 0.7607498 -0.019003324 120.08252 0.011734262 0.01496827 0.9998191 9.657227
0.7712438 -0.6366598 0.00088087475 129.42188 0.6365871 0.7711331 -0.016258422 120.64966 0.009669968 0.0130996145 0.9998674 9.684326
0.7802216 -0.6255956 -0.00069977617 130.08374 0.6255092 0.7801315 -0.015798397 121.19702 0.010427121 0.011889282 0.99987495 9.706299
0.7899695 -0.61314315 -0.0019708113 130.75024 0.6130418 0.7898902 -0.015922055 121.73071 0.011321744 0.0113701755 0.9998712 9.725098
0.80089074 -0.59876543 -0.002104124 131.44629 0.59866875 0.80081576 -0.0155083295 122.24756 0.010973009 0.011161737 0.9998775 9.744629
0.8109298 -0.58512074 -0.0010527999 132.13184 0.58505297 0.81086093 -0.013862656 122.74805 0.008963762 0.01062605 0.9999034 9.760376
0.8205653 -0.5715323 0.000410844 132.8418 0.5714982 0.82050824 -0.0115293 123.247314 0.006254268 0.0096950745 0.9999334 9.777588
0.8290894 -0.55897653 0.002513431 133.53345 0.5589692 0.82903135 -0.010515871 123.73096 0.0037953672 0.010124223 0.9999415 9.794312
0.8379575 -0.54564875 0.004280424 134.24146 0.5456645 0.83791447 -0.008545326 124.194336 0.0010764734 0.009495872 0.99995434 9.807861
0.84617865 -0.5329793 0.0067297406 134.9707 0.5330197 0.84614336 -0.007854574 124.65234 -0.0015084329 0.010232499 0.99994653 9.819824
0.8527283 -0.5222815 0.0090263225 135.67944 0.52234656 0.85270154 -0.007692218 125.096924 -0.0036795516 0.011275366 0.9999297 9.826416
0.8596594 -0.5106748 0.009423561 136.4126 0.510745 0.85963404 -0.007778039 125.53833 -0.004127349 0.011500136 0.9999254 9.836304
0.8665509 -0.49910948 0.00925777 137.1648 0.4991692 0.8665463 -0.005842201 125.97119 -0.0051080566 0.009682565 0.9999401 9.841187
0.8715422 -0.4902001 0.0094725145 137.88818 0.4902578 0.87154615 -0.005105083 126.39575 -0.005753033 0.009093271 0.9999421 9.845947
0.87891036 -0.47691548 0.0098394565 138.6565 0.47696465 0.8789324 -0.0033183238 126.80957 -0.0070654172 0.0076088747 0.9999461 9.847534
0.8840185 -0.467281 0.010098907 139.40967 0.46733582 0.8840386 -0.0038636099 127.21777 -0.007123203 0.008134296 0.99994165 9.853149
0.8893144 -0.4572506 0.009094777 140.17285 0.45730355 0.8893201 -0.004887898 127.60986 -0.005853908 0.008505613 0.9999468 9.858765
0.8937483 -0.44839305 0.009204723 140.96143 0.44845355 0.893745 -0.0060341246 128.00317 -0.0055213072 0.009522381 0.99993944 9.853394
0.89614636 -0.44360778 0.009756849 141.72949 0.44366446 0.8961596 -0.004598691 128.40063 -0.006703738 0.008450486 0.9999419 9.85437
0.90040565 -0.43493408 0.0126753 142.5393 0.434998 0.9004598 -0.0026765824 128.80591 -0.010250135 0.007921746 0.9999162 9.859253
0.90332794 -0.42868122 0.015536521 143.35303 0.4287141 0.90344495 0.0013178908 129.1897 -0.014602002 0.005469313 0.99987847 9.851318
0.9058428 -0.42330748 0.01741746 144.16333 0.42329785 0.90600395 0.004421518 129.58081 -0.017651075 0.0033684634 0.9998385 9.843628
0.9092202 -0.41595384 0.018460214 145.0083 0.41588894 0.90940714 0.007402696 129.96338 -0.019867122 0.00094620325 0.99980223 9.8359375
0.91221964 -0.40917104 0.020115254 145.85107 0.40907255 0.91244143 0.008977284 130.35327 -0.0220275 4.122965e-05 0.99975735 9.816895
0.91533494 -0.40203255 0.023108643 146.72534 0.40190446 0.9156265 0.010150837 130.74268 -0.02523958 -3.825873e-06 0.9996814 9.800415
0.91884285 -0.39381155 0.025506647 147.59619 0.3936667 0.9191967 0.01068531 131.12231 -0.02765333 0.0002229251 0.9996175 9.783203
0.92196983 -0.38630727 0.026838703 148.4917 0.3861853 0.92235935 0.009792551 131.50586 -0.028539443 0.0013363145 0.9995918 9.765503
0.92511207 -0.3787499 0.026920363 149.39697 0.37863782 0.9255023 0.009343211 131.88135 -0.028453829 0.0015493318 0.9995939 9.736816
0.929142 -0.3686628 0.027791739 150.3352 0.36860776 0.92955095 0.007264547 132.24731 -0.028512321 0.0034944084 0.99958736 9.723633
0.93288815 -0.35921386 0.026734581 151.26562 0.35920486 0.9332594 0.0053023286 132.6145 -0.026855174 0.0046541225 0.99962866 9.696045
0.93757725 -0.34680647 0.025079789 152.2312 0.34680057 0.9379028 0.00472278 132.96631 -0.02516089 0.004270779 0.99967426 9.679077
0.94194716 -0.33491516 0.023946406 153.19458 0.3348447 0.94225055 0.0070127374 133.32446 -0.0249122 0.001413662 0.99968857 9.6553955
0.94758654 -0.31863502 0.024352489 154.21118 0.31847855 0.94789743 0.010154124 133.67114 -0.026318694 -0.0018682601 0.9996519 9.632446
0.9538902 -0.29901123 0.026296431 155.20215 0.29872018 0.9542341 0.014469618 133.9939 -0.029418755 -0.005948097 0.99954957 9.601929
0.9598123 -0.27934667 0.027179368 156.23706 0.2789524 0.9601533 0.017429203 134.30933 -0.030965708 -0.009148734 0.9994787 9.576416
0.965488 -0.25890225 0.027958177 157.27808 0.2584509 0.96583146 0.01876602 134.60156 -0.031861827 -0.010891011 0.999433 9.556641
0.9708241 -0.238016 0.029241284 158.33179 0.23748812 0.971179 0.0204153 134.88159 -0.033257555 -0.012876092 0.99936396 9.518799
0.97591674 -0.21573822 0.032328628 159.42114 0.21510626 0.9763454 0.021937957 135.13013 -0.03629551 -0.014453961 0.99923635 9.5
0.980509 -0.19313388 0.036305323 160.5271 0.1923691 0.981049 0.02352804 135.35059 -0.040160216 -0.016087148 0.99906385 9.457031
0.9846494 -0.16978611 0.040411886 161.6748 0.16882157 0.9852955 0.026209936 135.573 -0.044268757 -0.018983804 0.998839 9.423584
0.98797494 -0.14815462 0.04416281 162.78613 0.14704439 0.9887474 0.027421774 135.74731 -0.047729254 -0.020596169 0.99864745 9.377197
0.99107033 -0.1259152 0.04392577 163.92065 0.12476307 0.9917922 0.028059307 135.91504 -0.04709784 -0.02232849 0.9986404 9.334351
0.99357265 -0.10482623 0.04264734 165.0769 0.103627264 0.99417824 0.029421095 136.04785 -0.045483753 -0.02481112 0.9986568 9.284546
0.9957996 -0.08101773 0.042704582 166.26709 0.07979543 0.9963738 0.029595366 136.15332 -0.04494682 -0.026065014 0.9986496 9.235474
0.9970579 -0.062174194 0.04480852 167.44312 0.060960595 0.9977478 0.027957262 136.23535 -0.046446234 -0.025142638 0.998604 9.1953125
0.99801147 -0.042059615 0.046957627 168.64844 0.040760603 0.9987686 0.028289448 136.29883 -0.048089463 -0.026319712 0.9984965 9.146362
0.9986326 -0.021341804 0.0477297 169.86304 0.019997574 0.9993948 0.028470682 136.34546 -0.048308298 -0.027477533 0.99845475 9.097778
0.99878293 -0.0025792397 0.04925355 171.09033 0.0010904927 0.99954236 0.03022644 136.36475 -0.049308997 -0.03013593 0.99832875 9.043579
0.9985556 0.01908624 0.050230846 172.32886 -0.020619858 0.9993312 0.030198239 136.35693 -0.04962077 -0.031190434 0.9982814 8.989746
0.99799705 0.037483107 0.050966643 173.5747 -0.03916885 0.9987044 0.032497026 136.3208 -0.04968292 -0.034427866 0.9981718 8.934082
0.996994 0.058861222 0.05037816 174.84766 -0.06057884 0.99760914 0.03326676 136.25732 -0.048299704 -0.0362189 0.99817556 8.876831
0.9956667 0.07942664 0.048373226 176.11963 -0.0810916 0.9961446 0.03348922 136.17773 -0.045527477 -0.03726679 0.9982677 8.832764
0.9941876 0.097000495 0.04668677 177.3999 -0.098698474 0.9944809 0.03554726 136.07056 -0.04298041 -0.03994911 0.99827677 8.779663
0.9921122 0.116902485 0.04528078 178.71411 -0.11863068 0.992229 0.03755702 135.92847 -0.0405377 -0.042631425 0.99826777 8.726074
0.9895589 0.13742678 0.04328864 180.01172 -0.13904314 0.9895944 0.036830455 135.76978 -0.037774436 -0.042467374 0.99838316 8.690552
0.9871841 0.15500824 0.037959937 181.34668 -0.15643156 0.9869611 0.037933487 135.57715 -0.031587012 -0.04338612 0.9985593 8.646118
0.98383397 0.17601667 0.03324798 182.69751 -0.17729233 0.98333794 0.04037991 135.35938 -0.025588822 -0.045619536 0.9986313 8.613281
0.98107964 0.19148628 0.02864018 184.01733 -0.19259241 0.98034793 0.042788908 135.12256 -0.019885195 -0.047494747 0.99867374 8.587769
0.97735727 0.20995286 0.026265657 185.34937 -0.2109695 0.97645116 0.045080155 134.85327 -0.016182514 -0.049599964 0.9986382 8.568481
0.9734553 0.22764997 0.02402292 186.69482 -0.22857022 0.97237545 0.047534507 134.55762 -0.012542021 -0.051762745 0.9985813 8.550293
0.96913457 0.24525368 0.02476798 188.04224 -0.2461768 0.9681135 0.04624443 134.23828 -0.012637286 -0.050914876 0.9986235 8.551514
0.9646434 0.26237914 0.025103044 189.40332 -0.26330107 0.9636107 0.04623092 133.87183 -0.012062037 -0.051205277 0.9986156 8.534546
0.9596567 0.28048027 0.02111129 190.72827 -0.28117815 0.9585821 0.04599798 133.50635 -0.007341584 -0.050076727 0.9987188 8.536377
0.9547443 0.2968687 0.018051866 192.08154 -0.2973986 0.953601 0.046830423 133.11426 -0.0033118213 -0.05007961 0.9987399 8.540283
0.9496953 0.3126445 0.018615194 193.42383 -0.3131903 0.9484173 0.049305934 132.6875 -0.0022412748 -0.05265569 0.9986103 8.530518
0.9433893 0.33106878 0.020055737 194.79932 -0.33167037 0.9419899 0.051389232 132.22949 -0.0018749333 -0.055131342 0.99847686 8.5448
0.937266 0.3481591 0.018169612 196.13965 -0.3486261 0.9356525 0.05501229 131.75171 0.0021524935 -0.05789364 0.9983203 8.550903
0.9304469 0.36604255 0.016954394 197.49414 -0.36640456 0.9287729 0.055990126 131.23315 0.0047479384 -0.058309585 0.9982873 8.564453
0.9239423 0.38219324 0.0145802 198.88794 -0.38238242 0.9222355 0.056735393 130.69019 0.008241485 -0.057996243 0.9982826 8.578369
0.91608864 0.40083602 0.010105815 200.22876 -0.40072542 0.91438544 0.057517953 130.10156 0.0138157 -0.056741882 0.9982932 8.610352
0.90714204 0.42073077 0.0064672045 201.57202 -0.4203209 0.90532655 0.060634155 129.53467 0.019660722 -0.057721548 0.9981388 8.641357
0.8975822 0.44091213 0.0056462493 202.88525 -0.44033137 0.89557576 0.06434375 128.92212 0.023310252 -0.060237426 0.9979113 8.678223
0.88517964 0.46525392 0.0060259085 204.22046 -0.46458882 0.883054 0.06644161 128.23389 0.025583148 -0.061611444 0.99777275 8.723267
0.87051815 0.49203163 0.0069739213 205.5935 -0.49121687 0.86806285 0.07154047 127.50366 0.029152604 -0.06570307 0.997413 8.777954
0.8571331 0.5150444 0.007499082 206.8811 -0.5140722 0.8544157 0.0755477 126.791016 0.032501455 -0.06860713 0.9971141 8.829224
0.8425422 0.5384516 0.00776422 208.11841 -0.5373056 0.8396134 0.07886747 126.045654 0.035955343 -0.07061867 0.99685496 8.890381
0.8276783 0.5611673 0.008125995 209.40479 -0.55990505 0.82465005 0.08052984 125.22534 0.038486388 -0.07120466 0.9967193 8.953613
0.8092761 0.5873741 0.007389591 210.6958 -0.585899 0.80620944 0.0820802 124.33716 0.0422652 -0.07075904 0.9965971 9.026123
0.79382783 0.608152 0.004619373 211.90405 -0.60632277 0.79080385 0.08386867 123.45215 0.047349244 -0.06937361 0.996466 9.1073
0.77778715 0.6284314 0.0023777355 213.07861 -0.6262908 0.77481675 0.08546614 122.565186 0.051869143 -0.0679563 0.99633867 9.194336
0.76015 0.6497362 0.00056847266 214.26782 -0.6473406 0.75726986 0.08647125 121.57007 0.055760626 -0.06610803 0.9962538 9.283203
0.7442771 0.6679487 -0.0009313429 215.4414 -0.66526276 0.7414071 0.08855879 120.57153 0.05984751 -0.06529116 0.9960692 9.384399
0.7277683 0.6858071 -0.0014666405 216.58643 -0.6829905 0.72496897 0.08899374 119.54004 0.062115327 -0.063762784 0.996029 9.487793
0.7100013 0.70415026 -0.0019444043 217.69824 -0.70120466 0.7072782 0.08946201 118.46509 0.064373255 -0.062158026 0.9959886 9.594849
0.69522834 0.7187633 -0.0045917802 218.79688 -0.71557343 0.69271785 0.089886226 117.3772 0.06779329 -0.059200987 0.99594074 9.710815
0.680876 0.73231536 -0.0065846094 219.86938 -0.7288686 0.67849237 0.091220304 116.28491 0.07127006 -0.057307675 0.9958093 9.822632
0.6655803 0.74630296 -0.008612577 220.90576 -0.74254274 0.663303 0.093253836 115.17407 0.07531455 -0.05566853 0.995604 9.954224
0.6501884 0.75959295 -0.009433575 221.93774 -0.75559443 0.64794844 0.09515775 113.99609 0.07840722 -0.054736007 0.99541706 10.075928
0.6341161 0.7730615 -0.009060841 222.93213 -0.76900125 0.63190645 0.09562091 112.8291 0.07965182 -0.053670082 0.9953774 10.21106
0.6177931 0.7863319 -0.0060813334 223.9165 -0.7823299 0.6153937 0.096304104 111.641846 0.079462565 -0.054740585 0.99533397 10.345215
0.5992046 0.80057985 -0.0013990402 224.87451 -0.7966823 0.59645957 0.09751837 110.4353 0.0789007 -0.05730814 0.9952328 10.486206
0.5817553 0.81323075 0.0034063514 225.80151 -0.80951405 0.57868814 0.09800626 109.19531 0.07772618 -0.05976612 0.9951812 10.620117
0.5652486 0.8249382 0.0072892113 226.69263 -0.8213218 0.5618953 0.098939225 107.96948 0.07750964 -0.061923247 0.995068 10.762207
0.5459996 0.8377423 0.010025694 227.53638 -0.8339436 0.5422991 0.10235164 106.73389 0.08031219 -0.06423691 0.99469674 10.903198
0.52683777 0.84976184 0.012948433 228.3457 -0.8457925 0.52276623 0.10572432 105.48999 0.08306383 -0.06666778 0.9943137 11.042236
0.50758076 0.8615321 0.016120108 229.12769 -0.85766196 0.50332004 0.105938755 104.23218 0.08312603 -0.06759182 0.9942439 11.191772
0.48553428 0.87399465 0.019907638 229.87036 -0.8704064 0.48116636 0.10429767 102.960205 0.081570365 -0.06795903 0.99434716 11.332642
0.46503353 0.88504654 0.023429861 230.56958 -0.8818123 0.4606471 0.10159843 101.69678 0.079106465 -0.06788195 0.99455005 11.470093
0.4438806 0.89578307 0.026862208 231.25 -0.89277935 0.43938264 0.10032352 100.40527 0.07806409 -0.06850923 0.9945913 11.610596
0.42018208 0.906922 0.029303487 231.8877 -0.9040524 0.41564235 0.09925762 99.10864 0.07786118 -0.06822709 0.99462926 11.74353
0.3997064 0.91611034 0.030782182 232.46777 -0.91335756 0.3952196 0.09774079 97.833984 0.07738033 -0.067204855 0.994736 11.873169
0.3761418 0.9259732 0.030896049 233.02686 -0.92320096 0.3717915 0.09660737 96.54077 0.07799158 -0.06486136 0.99484146 12.001953
0.35543022 0.93427914 0.030302688 233.54907 -0.93134314 0.35116294 0.097000495 95.24829 0.0800147 -0.06271434 0.9948202 12.138428
0.33493382 0.9418762 0.029747216 234.01855 -0.93886507 0.33081844 0.09635929 93.97412 0.08092264 -0.06019495 0.99490064 12.265015
0.3119295 0.94976664 0.029253379 234.46997 -0.9467935 0.3080471 0.0943255 92.67529 0.08057959 -0.05710079 0.9951099 12.401001
0.29142624 0.9561038 0.029229835 234.89111 -0.9531688 0.2876933 0.09286339 91.399414 0.08036455 -0.05493994 0.9952515 12.527466
0.27173057 0.96192265 0.030812785 235.27612 -0.958602 0.26766706 0.09755194 90.12842 0.0855964 -0.05603731 0.9947523 12.657715
0.2504741 0.9675598 0.032780852 235.64307 -0.96343696 0.24579835 0.106579855 88.85474 0.09503575 -0.05827624 0.9937661 12.79541
0.23326196 0.9717881 0.03559845 235.97412 -0.9669813 0.22792149 0.11421929 87.60181 0.102910176 -0.061064202 0.99281484 12.943237
0.21283561 0.97638583 0.038596306 236.27539 -0.97122484 0.20704027 0.11817924 86.35303 0.10739857 -0.06259487 0.99223965 13.095337
0.19238353 0.98035854 0.042797834 236.55493 -0.9752835 0.18620561 0.1187107 85.090576 0.108421 -0.06456206 0.9920048 13.244385
0.17415076 0.98362434 0.04834731 236.79907 -0.97880566 0.16746686 0.11859674 83.85742 0.108579494 -0.06792804 0.9917603 13.397339
0.1532479 0.9867595 0.053175714 237.02734 -0.9821668 0.14616095 0.11826735 82.61011 0.10894201 -0.0703308 0.99155504 13.555542
0.13578282 0.9892687 0.054812524 237.21924 -0.98479277 0.1286767 0.11713205 81.37451 0.108827725 -0.069891736 0.9916019 13.707275
0.116253436 0.9915258 0.056946933 237.38672 -0.9871609 0.10906611 0.11624064 80.15845 0.109026074 -0.06978983 0.9915911 13.851196
