1.000000000000000000e+00 4.398956837314658088e-19 2.733407509747682871e-20 -8.673617379884035472e-19 -5.583667658079949532e-19 1.000000000000000000e+00 -6.100159232558060012e-19 0.000000000000000000e+00 4.145284534913582806e-20 -2.210423569125054137e-19 1.000000000000000222e+00 0.000000000000000000e+00
9.999396846714651010e-01 -1.209815903293565099e-03 1.091619806093645055e-02 7.919201048691863754e-02 1.203660293304045390e-03 9.999991128927974149e-01 5.704499794338006640e-04 -3.933836463665518757e-03 -1.091687870493781957e-02 -5.572761725615040353e-04 9.999402538099224635e-01 2.877438383973306979e-01
9.998586655552498259e-01 -2.799309835409167016e-03 1.657747876378288382e-02 1.005354599967638735e-01 2.784164786396082798e-03 9.999956855900775654e-01 9.366015067539720232e-04 -1.183162488338031226e-02 -1.658002936551635290e-02 -8.903146909413244599e-04 9.998621454718830126e-01 5.447673496770362167e-01
9.997815688725675276e-01 -6.600293770847375646e-03 1.983054960819758891e-02 9.390902198636201514e-02 6.618342969952714649e-03 9.999777417750954633e-01 -8.446768524642152536e-04 -1.555303151607861922e-02 -1.982453344344819318e-02 9.757377592996131603e-04 9.998029984893950228e-01 9.307718205670021394e-01
9.998203003043965031e-01 -7.223519802034376706e-03 1.752677646210779039e-02 8.717117153105358174e-02 7.253609110153789140e-03 9.999723246693433820e-01 -1.653794901940562265e-03 -1.903120973735680788e-02 -1.751434548667750446e-02 1.780630138572833173e-03 9.998450265110664370e-01 1.196381405203562398e+00
9.998806064312817377e-01 -1.096817701781560919e-02 1.088448474166769930e-02 8.080567587532308527e-02 1.100824266576060431e-02 9.999328261350228786e-01 -3.627918444436825825e-03 -1.830534390578601733e-02 -1.084396212708810779e-02 3.747304395809585541e-03 9.999341809246127255e-01 1.547219009752482721e+00
9.999322387401492485e-01 -1.153617934104162260e-02 -1.560292393215647775e-03 5.955552051793432111e-02 1.152880353586640573e-02 9.999226993104962657e-01 -4.656401303077450406e-03 -3.143887772472903075e-02 1.613888886959076669e-03 4.638097524226381801e-03 9.999879416350657690e-01 1.848850330041017287e+00
9.997906116211942029e-01 -1.122437765876094576e-02 -1.710982907287965371e-02 2.691388651047913610e-02 1.113978669294378443e-02 9.999252926776452943e-01 -5.031321606119825394e-03 -3.642795641351186109e-02 1.716502459113389278e-02 4.839668296109254399e-03 9.998409571375918015e-01 2.163617918290332565e+00
9.993420110123321098e-01 -6.767818830200529948e-03 -3.563343365730513301e-02 2.504348553424689747e-03 6.572105572298506289e-03 9.999626856001423425e-01 -5.606676798826385789e-03 -4.155922195406372421e-02 3.567004960328015728e-02 5.368801000492538604e-03 9.993492000336956504e-01 2.535396278942697812e+00
9.984357175388899330e-01 -3.980189290266340774e-03 -5.576984768623136079e-02 -4.911753308064029100e-02 3.638227858707605844e-03 9.999739633612193535e-01 -6.231844991719174068e-03 -5.165126626206814620e-02 5.579320051040682210e-02 6.019193219026927610e-03 9.984242025413697652e-01 2.872024757428193187e+00
9.971574031119250225e-01 -3.272165870683305892e-03 -7.527553488334651211e-02 -9.834009218161451904e-02 2.799128886955555128e-03 9.999756742784983166e-01 -6.388718538556758912e-03 -5.701400565249872820e-02 7.529460999671248878e-02 6.159852052491099524e-03 9.971423058570573206e-01 3.223106578658875065e+00
9.953350462520389463e-01 -3.753014402337277906e-03 -9.640570676258215788e-02 -1.382912553720565263e-01 3.176856186985403761e-03 9.999761700333964498e-01 -6.129187974573839515e-03 -6.489113881929370331e-02 9.642641401313252481e-02 5.794328497332035428e-03 9.953232503722933000e-01 3.603267137274488885e+00
9.932616965908446227e-01 -4.566820040465846900e-03 -1.158030476912571549e-01 -2.078889325532825016e-01 3.962969181136669246e-03 9.999773277041507091e-01 -5.444166288069669096e-03 -7.724702178914633066e-02 1.158252866993475377e-01 4.948557876957258676e-03 9.932572753964235002e-01 3.993763761066027929e+00
9.910732657885518160e-01 -4.473367004435051079e-03 -1.332432750345274586e-01 -2.866004483621678034e-01 3.863372664893226748e-03 9.999808423976273009e-01 -4.836236463673033829e-03 -8.232896742032987103e-02 1.332623589773405670e-01 4.278296159728621831e-03 9.910715616709756537e-01 4.401347201547744170e+00
9.887915963892298654e-01 -3.693349083358915541e-03 -1.492566162558081333e-01 -3.730796348783342875e-01 3.073323028578716851e-03 9.999856651834102550e-01 -4.384530575923522612e-03 -8.951198498776159751e-02 1.492706728729159549e-01 3.876673092968159397e-03 9.887887733065813256e-01 4.830551017515097634e+00
9.867139643912529179e-01 -3.156855209249968559e-03 -1.624364062152286736e-01 -4.527182628911896045e-01 2.485299039837721505e-03 9.999875054490259263e-01 -4.337306847895253115e-03 -9.335144838565416492e-02 1.624480717044342326e-01 3.875978079200377135e-03 9.867094817998007805e-01 5.225593423353100953e+00
9.845326736978617932e-01 -3.612491093628065596e-03 -1.751638192160165919e-01 -5.229099906384634400e-01 2.755342765893944220e-03 9.999830127892831433e-01 -5.136362028932554488e-03 -9.811797505946266706e-02 1.751794017626615574e-01 4.574279763423258309e-03 9.845259031300482855e-01 5.670199560500797986e+00
9.828269589445879362e-01 -6.727770388713167661e-03 -1.844069007537779137e-01 -6.278666681450603138e-01 5.511077794714010387e-03 9.999595398616811792e-01 -7.109616880055717562e-03 -1.128522134652070741e-01 1.844472746837287069e-01 5.971242252299489330e-03 9.828242711534959097e-01 6.118534077735629850e+00
9.811687678277769553e-01 -6.338492738631754109e-03 -1.930483660867678974e-01 -7.362594482504482007e-01 4.756196169236610698e-03 9.999512013616788098e-01 -8.658723104076842744e-03 -1.233551165545739708e-01 1.930938321797734392e-01 7.577492677143438451e-03 9.811510355122460281e-01 6.553007520401218144e+00
9.796322935223460426e-01 -6.201368546418252296e-03 -2.007040397036866930e-01 -8.243786998918004594e-01 4.149093118944699975e-03 9.999347385323498205e-01 -1.064442089220666264e-02 -1.216189948611611366e-01 2.007569549080292504e-01 9.594878610701188665e-03 9.795940916164320722e-01 7.027326763479210037e+00
9.780853589958848904e-01 -6.764536465381650564e-03 -2.080943789251913645e-01 -9.468117085259071253e-01 4.120539797306274274e-03 9.999052207554844918e-01 -1.313661491100833432e-02 -1.370839853666268315e-01 2.081635226013924256e-01 1.199126946592749855e-02 9.780205306358338291e-01 7.513051390508659999e+00
9.762801147053455919e-01 -1.038379494428326617e-02 -2.162621403403401088e-01 -1.059777044904020915e+00 7.327341361571947098e-03 9.998616911208774161e-01 -1.493012676731885618e-02 -1.465010283665675039e-01 2.163872644763928932e-01 1.299135927607438304e-02 9.762211724080016584e-01 8.010086735642195421e+00
9.744416371904232044e-01 -1.562613939152851517e-02 -2.240966718329907570e-01 -1.162731902738519008e+00 1.232956416759020679e-02 9.997943267900473163e-01 -1.610235836836638318e-02 -1.630748584336578211e-01 2.243022027206549862e-01 1.292779408091286261e-02 9.744338844510975761e-01 8.542119139972973230e+00
9.723975709154034641e-01 -1.705527383360539925e-02 -2.327059958066589884e-01 -1.302812402435354677e+00 1.308557337891583759e-02 9.997415179718971423e-01 -1.859206793682210632e-02 -1.850383114807857554e-01 2.329629423198866789e-01 1.503379025369905135e-02 9.723694019798281296e-01 9.045474654935475201e+00
9.703848201620278724e-01 -1.266959632401171675e-02 -2.412317989249516126e-01 -1.449923651901115829e+00 7.490394245061662848e-03 9.997215932377551129e-01 -2.237476244985184270e-02 -1.850501458066431404e-01 2.414481217318487083e-01 1.990520852922188222e-02 9.702095590719709284e-01 9.570123498840606757e+00
9.682657433294420413e-01 -9.912238069112809524e-03 -2.497262429706026965e-01 -1.597457990059096167e+00 3.707376083543612640e-03 9.996729079369953697e-01 -2.530479187676962921e-02 -2.012124013915650433e-01 2.498953909252717986e-01 2.357593401149609205e-02 9.679857800299360715e-01 1.010496453807766137e+01
9.659169166767719306e-01 -1.280595776927108236e-02 -2.585353284100406768e-01 -1.766808630899025623e+00 5.880443896600839535e-03 9.996033210422959892e-01 -2.754307406207158471e-02 -2.274409988931618276e-01 2.587854927867540011e-01 2.508401868350247643e-02 9.656090628349383032e-01 1.068279520491373447e+01
9.636378374264255031e-01 -1.446216911079101566e-02 -2.668200936478390406e-01 -1.923359149779477084e+00 6.955612034777189714e-03 9.995535521597971318e-01 -2.905711292521659730e-02 -2.567668399132304602e-01 2.671212058757936325e-01 2.614463641371980382e-02 9.633082170017818191e-01 1.123828390740971273e+01
9.614172241966582044e-01 -1.427340586912185204e-02 -2.747238417904095398e-01 -2.096742204820955191e+00 5.729106477888173780e-03 9.994753233635778056e-01 -3.187875959028554917e-02 -2.825585532561533664e-01 2.750347238189972399e-01 2.907486644131082945e-02 9.609945652828923990e-01 1.180737236843718030e+01
9.591186058173993834e-01 -1.372794501879109376e-02 -2.826712609343701166e-01 -2.274610039759485058e+00 3.857572582079218243e-03 9.993641753928114158e-01 -3.544522625011772843e-02 -2.999468186447471485e-01 2.829781265773738119e-01 3.290575113251104078e-02 9.585617315408982986e-01 1.240285814335104675e+01
9.567370459737386534e-01 -1.527264878362478463e-02 -2.905528682231100501e-01 -2.474801653486549124e+00 3.605929892167777494e-03 9.991670766209179710e-01 -4.064665119066374760e-02 -3.363626272735225631e-01 2.909316469764763324e-01 3.784044380996624823e-02 9.559952298213238997e-01 1.297916274984720708e+01
9.549691385260780097e-01 -1.612523244872193090e-02 -2.962666357346118162e-01 -2.671104193538127003e+00 2.131119025845595524e-03 9.988690964416537810e-01 -4.749722613728830922e-02 -3.714236776211613522e-01 2.966974956495715965e-01 4.472700581517671803e-02 9.539235257255199718e-01 1.359263438582105543e+01
9.536779132684883864e-01 -1.618728045269038698e-02 -3.003937545224377725e-01 -2.884164374906370121e+00 -6.425206654447143543e-04 9.984393764078743905e-01 -5.584262520478729119e-02 -4.052083572392387589e-01 3.008288983358604063e-01 5.344888770091631158e-02 9.521791807661915685e-01 1.421669515267577921e+01
9.523358274384563504e-01 -1.663869833830764269e-02 -3.045974778406691508e-01 -3.075198432339020904e+00 -3.123705023151384513e-03 9.979271194457101091e-01 -6.427835345876403705e-02 -4.457584446371252174e-01 3.050355970072459177e-01 6.216605190491767546e-02 9.503097750497753182e-01 1.484118062033147645e+01
9.511383255254356461e-01 -1.572666919030496491e-02 -3.083643227728753433e-01 -3.322649752590320027e+00 -7.166047162981966506e-03 9.973086519249841908e-01 -7.296643436803712524e-02 -4.953298787375738366e-01 3.086819312975922491e-01 7.161092587348190375e-02 9.484657835888703481e-01 1.549095005708722717e+01
9.497673227757992276e-01 -1.440380576459115297e-02 -3.126252722993441147e-01 -3.540939708626260174e+00 -1.130608989661082038e-02 9.967090018388407024e-01 -8.027040529020419701e-02 -5.526170027702725918e-01 3.127526277674971267e-01 7.977277782237258974e-02 9.464787899624551581e-01 1.613077877917772796e+01
9.481376346719193604e-01 -1.298547629197039852e-02 -3.175947118190034502e-01 -3.779912967820058700e+00 -1.538615954314266621e-02 9.961189826686475124e-01 -8.666163189664216615e-02 -6.163907717267292918e-01 3.174874692168847545e-01 8.705371811030661322e-02 9.442580998969215544e-01 1.679399010699766492e+01
9.466135298794703390e-01 -1.230057857760948926e-02 -3.221358697975932328e-01 -4.036835420090773674e+00 -1.856652907288847132e-02 9.955328204611952891e-01 -9.257260589835174247e-02 -6.870290533026585100e-01 3.218355331251633866e-01 9.361142680843287378e-02 9.421564586704357369e-01 1.746053817274683340e+01
9.449662480689072774e-01 -9.944860789427783371e-03 -3.270166471064502312e-01 -4.281681539512629087e+00 -2.346374439397490297e-02 9.949040473181129940e-01 -9.805809151778431543e-02 -7.615275267727036335e-01 3.263253653674756949e-01 1.003346224876267567e-01 9.399174015490393552e-01 1.813810024636798346e+01
9.431804362221519744e-01 -7.524817158439829450e-03 -3.321957849159232756e-01 -4.540448235616288741e+00 -2.764651629955043946e-02 9.944999875081785845e-01 -1.010220024107911924e-01 -8.388996773483147207e-01 3.311288816763905407e-01 1.044660331491623906e-01 9.377848975047975433e-01 1.884059770812978130e+01
9.415257448607458057e-01 -6.442844337634807787e-03 -3.368794430077993729e-01 -4.797735234642181545e+00 -2.988051133981937252e-02 9.942813234880788498e-01 -1.025270929863782571e-01 -9.160385320784754093e-01 3.356135102556536132e-01 1.065980282892060454e-01 9.359489486651360046e-01 1.952372237257379695e+01
9.393405356018844632e-01 -6.321892961192761631e-03 -3.429276736662964509e-01 -5.091793806279867773e+00 -3.043604288471446831e-02 9.943493442873309052e-01 -1.017006824115258279e-01 -1.006729071011147614e+00 3.416328540865798402e-01 1.059689355382282955e-01 9.338402326917766283e-01 2.024707231723465384e+01
9.368551883180142870e-01 -6.085697106085341188e-03 -3.496645790541476617e-01 -5.352010686005714390e+00 -3.099316777902188028e-02 9.944695557794133167e-01 -1.003480252749141266e-01 -1.091388021021872934e+00 3.483414722182513468e-01 1.048487817335149730e-01 9.314853483933061007e-01 2.096396497117702395e+01
9.343398942882179536e-01 -5.972961337574304169e-03 -3.563331068226189835e-01 -5.617042273571255073e+00 -3.119448251209623948e-02 9.946512142472658802e-01 -9.846758988811556146e-02 -1.175494166932175233e+00 3.550153065297529942e-01 1.031178250264761787e-01 9.291559874137089725e-01 2.170122972574294096e+01
9.315527016145698225e-01 -5.592632516193059809e-03 -3.635633147346346017e-01 -5.943280220002324477e+00 -3.121972846771363039e-02 9.949589978220618747e-01 -9.529911444173989887e-02 -1.260381757459356766e+00 3.622635703726467260e-01 1.001264960826824119e-01 9.266821424373667959e-01 2.239753756219402447e+01
9.280591564092277590e-01 -3.248826863664739349e-03 -3.724186413800708029e-01 -6.262800460080265808e+00 -3.253625227643489048e-02 9.954315296987868988e-01 -8.976336661867991007e-02 -1.338154262841863451e+00 3.710088898433747673e-01 9.542282171253442524e-02 9.237136415674755963e-01 2.317856884918989024e+01
9.244280073839199474e-01 -5.589958337725212502e-04 -3.813561900317682940e-01 -6.583844841318564178e+00 -3.422432891048667741e-02 9.958422230643162454e-01 -8.442133676848025126e-02 -1.422849938901761924e+00 3.798177937220250100e-01 9.109310830337360998e-02 9.205653111948336464e-01 2.391933276838550171e+01
9.209650790793728614e-01 3.152676731598737844e-03 -3.896323659656715233e-01 -6.902822922585753140e+00 -3.739700357980527828e-02 9.960661500992809003e-01 -8.033485415237655303e-02 -1.494967633949539909e+00 3.878463475232717950e-01 8.855667875320701043e-02 9.174600418856223571e-01 2.465955632406084774e+01
9.171674499787307866e-01 3.946552878933331371e-03 -3.984824841203853940e-01 -7.245274015883398810e+00 -3.832662676445417610e-02 9.961890458909880008e-01 -7.834829018217770447e-02 -1.568677095024828994e+00 3.966546867710233348e-01 8.713099139732875809e-02 9.138234255166713949e-01 2.538950886501894999e+01
9.130745784958674838e-01 4.639404961628891717e-03 -4.077662156392133364e-01 -7.580215922460820543e+00 -3.970491669855694822e-02 9.961957106460134215e-01 -7.757335709975556048e-02 -1.646718213195471847e+00 4.058550676886658604e-01 8.702058439091397979e-02 9.097851863389959659e-01 2.617431775005967864e+01
9.095687304684931807e-01 4.778951809960071268e-03 -4.155260312487576435e-01 -7.952115818751787302e+00 -4.023841078456830145e-02 9.962479041747023256e-01 -7.662234516649785165e-02 -1.717494183432028532e+00 4.136007703415031100e-01 8.641339677330554803e-02 9.063482394231447969e-01 2.692426718284403009e+01
9.056736026691348806e-01 4.994643295156689887e-03 -4.239461938823523846e-01 -8.354017937148341844e+00 -4.062438891650368977e-02 9.963521282343800189e-01 -7.504728938837525176e-02 -1.790766556013728028e+00 4.220248653128336747e-01 8.519090440972448830e-02 9.025727264139487005e-01 2.772448213086899926e+01
9.015761787529738003e-01 5.402138393991823447e-03 -4.325866468227514972e-01 -8.723156335708031506e+00 -4.077546661609267320e-02 9.965318166880371420e-01 -7.253757447272074499e-02 -1.866542361665494365e+00 4.306945063914743299e-01 8.303707195639348226e-02 8.986696225988802800e-01 2.849726743214415592e+01
8.975777525605090901e-01 5.871707144492413141e-03 -4.408170791086543083e-01 -9.106978609311029871e+00 -4.001267216644671665e-02 9.968693696000209270e-01 -6.819417923525883385e-02 -1.934546495078652839e+00 4.390366350334481416e-01 7.884784773248855461e-02 8.950027116573434638e-01 2.927181269346592529e+01
8.939932484836018434e-01 7.059841269076000923e-03 -4.480248054042925698e-01 -9.550026430396991728e+00 -3.933307939485104071e-02 9.972525674469437940e-01 -6.277121674284300012e-02 -1.995474964949881524e+00 4.463507402975063765e-01 7.373923947990579375e-02 8.918147482412768223e-01 3.008948856168980512e+01
8.903814427057877845e-01 7.070909243396039656e-03 -4.551602844712994700e-01 -9.950721119557895733e+00 -3.779130594404105092e-02 9.975759519531246511e-01 -5.842976420639447305e-02 -2.065342105420156837e+00 4.536438102983434417e-01 6.922587953810087347e-02 8.884903348278250235e-01 3.087574605459284527e+01
8.865488011070031815e-01 6.388271932995925363e-03 -4.625909736971925978e-01 -1.039832575216565758e+01 -3.666745087013410787e-02 9.977293725569492677e-01 -5.649422313706344012e-02 -2.134409734447491491e+00 4.611797093955102289e-01 6.704691778955328141e-02 8.847700213524781754e-01 3.170107026580339493e+01
8.832656856919515187e-01 6.223014166186526148e-03 -4.688315242990291898e-01 -1.083293972699391894e+01 -3.644053515608433602e-02 9.977985568739038413e-01 -5.540873001809134418e-02 -2.196584823760744598e+00 4.674546170785374155e-01 6.602510173842321417e-02 8.815479971308014528e-01 3.251411728460457340e+01
8.803011230991225622e-01 6.163972922032611053e-03 -4.743753088174748056e-01 -1.128584255001383596e+01 -3.584438772132748224e-02 9.979216408194316879e-01 -5.354977793932243213e-02 -2.247023838380930449e+00 4.730593152848918126e-01 6.414362231642335710e-02 8.786924856664408701e-01 3.332967041000183173e+01
8.775064928191183000e-01 5.392433550056849323e-03 -4.795344326945783497e-01 -1.176719824594368546e+01 -3.467316881530421030e-02 9.980331807889116780e-01 -5.222586974784197700e-02 -2.311372905245108633e+00 4.783096588471420496e-01 6.245551827494575520e-02 8.759675696104741727e-01 3.417244243306491569e+01
8.747237595136525545e-01 4.089116929078269458e-03 -4.846046006768503500e-01 -1.224649671490787917e+01 -3.344308827934223960e-02 9.980898815459050555e-01 -5.194370280819363139e-02 -2.372702117642670139e+00 4.834665529211966684e-01 6.164306557394788610e-02 8.731896868845908655e-01 3.501919829291709618e+01
8.724538755378522525e-01 3.708304827285137037e-03 -4.886823905103046539e-01 -1.272472065251267104e+01 -3.349018717521960731e-02 9.980740466386638365e-01 -5.221690194390363193e-02 -2.435069251070704155e+00 4.875475832080651828e-01 6.192290332575903916e-02 8.708977625598652850e-01 3.586442779259713376e+01
8.710570874146550402e-01 4.115703993776457896e-03 -4.911645413312030750e-01 -1.322008231874449891e+01 -3.440177906175466427e-02 9.980204444032206856e-01 -5.264703421711785375e-02 -2.491561568774727675e+00 4.899755826265729808e-01 6.275550645408672912e-02 8.694743696983887604e-01 3.672495765860394812e+01
8.706056472530824264e-01 3.680660725931041068e-03 -4.919677376716522499e-01 -1.372341124211402708e+01 -3.351813699374188438e-02 9.980923510745109972e-01 -5.184778952549835840e-02 -2.546455905173292678e+00 4.908384102600714116e-01 6.162882050953043256e-02 8.690682068941490979e-01 3.759087202773156378e+01
8.704693084222822064e-01 3.580444816319720922e-03 -4.922096694577285381e-01 -1.423910119407586627e+01 -3.262390964179598396e-02 9.981944130390317804e-01 -5.043405948147386408e-02 -2.611238705778526015e+00 4.911403741737787043e-01 5.995910476669811390e-02 8.690144091760778622e-01 3.848301151536897891e+01
8.701845477597801581e-01 2.316254085331371972e-03 -4.927204917576321619e-01 -1.475195972818799639e+01 -3.088296302365437299e-02 9.982791808429199998e-01 -4.984896934803794560e-02 -2.666547215257038417e+00 4.917571544736953904e-01 5.859447167189624217e-02 8.687586509889084763e-01 3.937072282511634569e+01
8.695289703438224826e-01 1.393674517586543198e-03 -4.938799677812061306e-01 -1.526206098099744857e+01 -3.018727876384300762e-02 9.982762769696664762e-01 -5.033093574540179610e-02 -2.729410646760127346e+00 4.929585190409745965e-01 5.867309909429512665e-02 8.680722151547035637e-01 4.027041763076587699e+01
8.683221787920707424e-01 -6.640649593830756040e-04 -4.960001491652549777e-01 -1.579895508503402723e+01 -2.819628475501447656e-02 9.983159036550588450e-01 -5.069838343556682531e-02 -2.795546617946435219e+00 4.951985126635334855e-01 5.800789229965841454e-02 8.668411171043741703e-01 4.118136736810345866e+01
8.669983517970658582e-01 -1.454177478441632523e-03 -4.983088785532515663e-01 -1.632977067319508890e+01 -2.655865145229941576e-02 9.984395879203427082e-01 -4.912257476218712809e-02 -2.857307727149644982e+00 4.976027528621853602e-01 5.582360324358234122e-02 8.656068567913129952e-01 4.208659240983086391e+01
8.652351668676814267e-01 -1.065264324394221782e-03 -5.013651027618309941e-01 -1.687855213832916235e+01 -2.527008246117921214e-02 9.986340757950481484e-01 -4.573188862568775687e-02 -2.916639001579974355e+00 5.007290012001289758e-01 5.223837580789648244e-02 8.640264025862697261e-01 4.303643886765237880e+01
8.620099508521293918e-01 -1.323743075455563077e-03 -5.068896204063517708e-01 -1.741284590867552851e+01 -2.265422011719513129e-02 9.988967777502597567e-01 -4.113409475700199880e-02 -2.983529915681465638e+00 5.063848681935623208e-01 4.694118801396982704e-02 8.610289746300422431e-01 4.395005100365631989e+01
8.581116399477403123e-01 -2.280750307262924097e-03 -5.134580862971597215e-01 -1.796404000976936288e+01 -2.068758110506025219e-02 9.990245870101063241e-01 -3.901151848334775962e-02 -3.044355118884726430e+00 5.130462369825387059e-01 4.409844385404651512e-02 8.572274442124063754e-01 4.482825359942060572e+01
8.528640936160702957e-01 -5.161668992415911067e-03 -5.221074502970846076e-01 -1.851832614224916540e+01 -1.886993380716254012e-02 9.989931963471476717e-01 -4.070035973315350164e-02 -3.109286736409598184e+00 5.217918813846507131e-01 4.456400838689049404e-02 8.519080273030086303e-01 4.574273726668062068e+01
8.472037709700481756e-01 -7.969653765597191700e-03 -5.312082920720676560e-01 -1.909166112614119371e+01 -1.821989862604105406e-02 9.988634327809551294e-01 -4.404404586357259233e-02 -3.168995384288694428e+00 5.309555630840567808e-01 4.699284293756975095e-02 8.460956613886347899e-01 4.661813540814356571e+01
8.410647112135914982e-01 -8.613244464017419041e-03 -5.408659333686786086e-01 -1.968921484901588670e+01 -1.789563329287991583e-02 9.988828549568370407e-01 -4.373543655569504807e-02 -3.233459370412554712e+00 5.406384209944612440e-01 4.646347067027500194e-02 8.399709812259739117e-01 4.752668678448041817e+01
8.352547293153124164e-01 -5.160644185726195529e-03 -5.498389755515080690e-01 -2.027095128086728337e+01 -1.937127221123072229e-02 9.990590743317634415e-01 -3.880360605039056415e-02 -3.278015907830209130e+00 5.495218790223840299e-01 4.306197584411358692e-02 8.343688492209753171e-01 4.839018358875049586e+01
8.300340000580403998e-01 -1.456728018770127395e-03 -5.577108844710213509e-01 -2.087403054110873057e+01 -2.109839253780095014e-02 9.991987558960232496e-01 -3.401035266378127364e-02 -3.349360039988539484e+00 5.573135753568896344e-01 3.999655209892151453e-02 8.293382063649565872e-01 4.928210752851690302e+01
8.258496324771259500e-01 -1.301247128344789825e-03 -5.638888943183147928e-01 -2.150183169563688779e+01 -2.236698493034770807e-02 9.991347620973340948e-01 -3.506344530163883061e-02 -3.397086353141098858e+00 5.634466321962583457e-01 4.156962769730573187e-02 8.251059718817852495e-01 5.018635244379248661e+01
8.225665306035896407e-01 -2.974962124937478598e-03 -5.686610994952426834e-01 -2.211801490401952464e+01 -2.370597461383431442e-02 9.989376690124595060e-01 -3.951658182609728287e-02 -3.447075125783119809e+00 5.681745633142671892e-01 4.598568312020565735e-02 8.216221691014335970e-01 5.104496766709657152e+01
8.194550303860098639e-01 -5.205727768839366575e-03 -5.731198367127244842e-01 -2.272972556370768160e+01 -2.595568454236413594e-02 9.985957676020651430e-01 -4.618219800314262574e-02 -3.516937805144230378e+00 5.725554650820197100e-01 5.271995213206844000e-02 8.181692076499356148e-01 5.188717442715095984e+01
8.163740527363533284e-01 -5.813637783046454038e-03 -5.774942434395160529e-01 -2.335859507650174649e+01 -2.670927551822443666e-02 9.984993103253230196e-01 -4.780943345327460375e-02 -3.574698790949079275e+00 5.769055604548170013e-01 5.445483379558788140e-02 8.149936513712251474e-01 5.276167160493391606e+01
8.132012927184123496e-01 -4.789492561683386662e-03 -5.819628096018910623e-01 -2.398499743613961499e+01 -2.586036612944572419e-02 9.986810757249249271e-01 -4.435482497578129013e-02 -3.640784848564219356e+00 5.814076918455773901e-01 5.111917229351636144e-02 8.120048845685153838e-01 5.362929046604359939e+01
8.097772229499490271e-01 -3.045346595011155354e-03 -5.867295530581388974e-01 -2.462601585356465250e+01 -2.428097858560634634e-02 9.989559644621873735e-01 -3.869644931659389081e-02 -3.697292014946298888e+00 5.862348407590570742e-01 4.558187087762548273e-02 8.088578435707443059e-01 5.449733491474803060e+01
8.068997999467956150e-01 -1.461190649325225981e-03 -5.906865252052174720e-01 -2.528171975345725286e+01 -2.432072731363792498e-02 9.990667696250270513e-01 -3.569442674606691790e-02 -3.758024808586124088e+00 5.901874451363937624e-01 4.316775157998064411e-02 8.061112401454388898e-01 5.535298118808172063e+01
8.039730511430113191e-01 -6.498382559141578337e-04 -5.946653714085897713e-01 -2.591613223966603385e+01 -2.584268630267886821e-02 9.990164998441902755e-01 -3.603038514746162435e-02 -3.811155494386874398e+00 5.941039420883497124e-01 4.433520920808910193e-02 8.031655507819851492e-01 5.620123430755689498e+01
8.000345383159026547e-01 -1.766365051494812747e-03 -5.999513401536326063e-01 -2.656814575672897405e+01 -2.589328843523154913e-02 9.989622373888792373e-01 -3.746980030186584931e-02 -3.863246524336691579e+00 5.993949287630908618e-01 4.551184736896095318e-02 7.991585562180587576e-01 5.705024955272567411e+01
7.962097337733771152e-01 -4.256220441031369206e-03 -6.050057333805958226e-01 -2.722042616326908160e+01 -2.511023363638576616e-02 9.988811845304781389e-01 -4.007312571198345941e-02 -3.929840680118203533e+00 6.044994140836660312e-01 4.709844796912612125e-02 7.952120481566434806e-01 5.791321483680722793e+01
7.922125520184170044e-01 -4.941830968630820005e-03 -6.102252400638997765e-01 -2.788675118805934616e+01 -2.499358619009103485e-02 9.988654087225815603e-01 -4.053660016505772345e-02 -3.981780016214630180e+00 6.097332193656266330e-01 4.736532049631077962e-02 7.911902013361250541e-01 5.876479440509435648e+01
7.877118011949846288e-01 -5.095174643676810694e-03 -6.160228487709636935e-01 -2.856750054130477778e+01 -2.460245443000564150e-02 9.989078708038613419e-01 -3.972134096087725358e-02 -4.040225331481369864e+00 6.155524700135931448e-01 4.644464298213270975e-02 7.867261651924527532e-01 5.962580271323652426e+01
7.830892438838480407e-01 -4.962580374086489506e-03 -6.218895412655119914e-01 -2.924809432074584947e+01 -2.460958854064866294e-02 9.989376792897659563e-01 -3.895999349375347393e-02 -4.098176838003063871e+00 6.214222479396582788e-01 4.581359744741247964e-02 7.821352257650701079e-01 6.043836009377757534e+01
7.775297809216278333e-01 -6.324902831625657529e-03 -6.288143031603528055e-01 -2.994504069306117344e+01 -2.389633080208826421e-02 9.989300067420523455e-01 -3.959554329181668580e-02 -4.156932894741630413e+00 6.283919248943149460e-01 4.581306857004615457e-02 7.765466882015892303e-01 6.128751593321543822e+01
7.721186866085062439e-01 -7.495725602050204786e-03 -6.354341352308366941e-01 -3.063922797023477784e+01 -2.369710710438302850e-02 9.988953405688012488e-01 -4.057765084295936880e-02 -4.215735721170531747e+00 6.350363668062044553e-01 4.638871310288882749e-02 7.710881322898285317e-01 6.213316323918965622e+01
7.667124593312821812e-01 -8.769926456700901859e-03 -6.419307480410568756e-01 -3.133694643355723741e+01 -2.316044008742013105e-02 9.988779529307741933e-01 -4.130894824724658937e-02 -4.275833977410425035e+00 6.415727590272358727e-01 4.653948379813421798e-02 7.656490573990435422e-01 6.293374284905033988e+01
7.611093849594019467e-01 -1.005375362066051291e-02 -6.485456176714127219e-01 -3.205255774988654593e+01 -2.282444453480573371e-02 9.988454780475453099e-01 -4.227003378145641893e-02 -4.337949320806183451e+00 6.482218412010803954e-01 4.697481275661262445e-02 7.600011970254962890e-01 6.378404781788155020e+01
7.547651768287876317e-01 -1.195015598813111909e-02 -6.558862046792289791e-01 -3.278121269590409526e+01 -2.180168658206050117e-02 9.988247758053688807e-01 -4.328687719034281928e-02 -4.396977990770579936e+00 6.556326875828921708e-01 4.697085284411935818e-02 7.536176258876351453e-01 6.459159093232359794e+01
7.487261212322322557e-01 -1.266133871239546321e-02 -6.627585364207845275e-01 -3.352087653034981685e+01 -2.139705328568076992e-02 9.988349395363097516e-01 -4.325424497838362137e-02 -4.459036839790715412e+00 6.625340507250273570e-01 4.656666263913493420e-02 7.475828956122543278e-01 6.542097642682590219e+01
7.425394188551970309e-01 -1.256192183748450208e-02 -6.696845534402661171e-01 -3.427149609302469457e+01 -2.092971436749827344e-02 9.989007196625688811e-01 -4.194400255368103264e-02 -4.523153709839888847e+00 6.694752912071795237e-01 4.516138153205073030e-02 7.414602433674380988e-01 6.623986828036446184e+01
7.363404195114975348e-01 -1.375677564837697077e-02 -6.764713808503698411e-01 -3.500938605881386678e+01 -1.910817111809726826e-02 9.989717112495178908e-01 -4.111444943362784626e-02 -4.584281816437230539e+00 6.763413868642775828e-01 4.320036165439178344e-02 7.353203830594676749e-01 6.703102108609040499e+01
7.298156463522580406e-01 -1.459916008667574636e-02 -6.834880965246067364e-01 -3.579338469203086959e+01 -1.914066461326168270e-02 9.989436732788198325e-01 -4.177526309437354368e-02 -4.642828340533067255e+00 6.833760053277478930e-01 4.357065686632836943e-02 7.287652859073854295e-01 6.787037865555599581e+01
7.233353195455246576e-01 -1.627765959387524747e-02 -6.903050371837629040e-01 -3.657589049059091479e+01 -1.854958991909463895e-02 9.989032122096495048e-01 -4.299168967753961429e-02 -4.715461187794067754e+00 6.902477350455368255e-01 4.390228275493845977e-02 7.222400312486165763e-01 6.865379490699865528e+01
7.173113254760270507e-01 -1.618697266992930386e-02 -6.965647386809752373e-01 -3.736844921880017267e+01 -1.931537998539971726e-02 9.988838998547551196e-01 -4.310302470665717395e-02 -4.776603195440178418e+00 6.964850221735867652e-01 4.437270020092350803e-02 7.161980776424654582e-01 6.945238876273926110e+01
7.118515152233878540e-01 -1.617527648871692342e-02 -7.021436971754599909e-01 -3.817534071433032494e+01 -1.904113944877388817e-02 9.989227910810571931e-01 -4.231657475545801128e-02 -4.837867617439514767e+00 7.020718361325209989e-01 4.349273370155339047e-02 7.107767077039186532e-01 7.027425621052385907e+01
7.070259672477513524e-01 -1.523184944356410254e-02 -7.070235236951361024e-01 -3.899762450005950853e+01 -2.083183873108775813e-02 9.988855703909721440e-01 -4.235152648336824865e-02 -4.894547355594487392e+00 7.068807000164279986e-01 4.467222879908155225e-02 7.059207301279259994e-01 7.105761771087070144e+01
7.021782005204079136e-01 -1.575411430196099055e-02 -7.118269263923966417e-01 -3.980479613970997832e+01 -2.104103940499345640e-02 9.988593885447781817e-01 -4.286253156998887787e-02 -4.963746429655683912e+00 7.116902819457838758e-01 4.507471349350461454e-02 7.010458060717340567e-01 7.185172893521601623e+01
6.968342405476279922e-01 -1.847435528394218360e-02 -7.169942327610674404e-01 -4.063860695820056890e+01 -2.023274963739503038e-02 9.987640465625815533e-01 -4.539840491312935322e-02 -5.034375685883485829e+00 7.169467799043487410e-01 4.614192761822587252e-02 6.955991998647450547e-01 7.264884216032103836e+01
6.921435953625811877e-01 -2.064429457147073238e-02 -7.214645152786129945e-01 -4.147389046896479670e+01 -2.013988208525036017e-02 9.986492114742427928e-01 -4.789715651595374823e-02 -5.101835901990174449e+00 7.214787847430418344e-01 4.768192020257863012e-02 6.907928830804876963e-01 7.343431630959582890e+01
6.869381636550256909e-01 -2.050477959628246860e-02 -7.264265300150638538e-01 -4.232139138189631211e+01 -2.182908478445339320e-02 9.985685868601154036e-01 -4.882897119248678225e-02 -5.167748021091287391e+00 7.263879533553901924e-01 4.939970994677994609e-02 6.855072717787411563e-01 7.421593815006372097e+01
6.823128495042789510e-01 -2.067768570451042690e-02 -7.307678145539637793e-01 -4.318654925501906661e+01 -2.063365941485593297e-02 9.986569903749428212e-01 -4.752333854654465506e-02 -5.238332551134284643e+00 7.307690716095660566e-01 4.750419854690174359e-02 6.809698414719946857e-01 7.500072017030440463e+01
6.773743528537635727e-01 -2.048870409409367724e-02 -7.353531050163327754e-01 -4.404001204859341811e+01 -2.018066052366148874e-02 9.987183167463794531e-01 -4.641621233987675010e-02 -5.311251579816268276e+00 7.353616359828137883e-01 4.628106296630529054e-02 6.760926989302902257e-01 7.578908008612270919e+01
6.720045673025437649e-01 -2.141039105539876281e-02 -7.402374257713902894e-01 -4.490594016594761229e+01 -1.949134379493379018e-02 9.987243132441626647e-01 -4.658147359491798811e-02 -5.383862356936547577e+00 7.402904550295688058e-01 4.573118494795599259e-02 6.707299837131636133e-01 7.656162042302860016e+01
6.672043451354787713e-01 -2.218817611153453204e-02 -7.445441802855256030e-01 -4.579651309420588490e+01 -1.901672580973961732e-02 9.987230445427532910e-01 -4.680432103734013388e-02 -5.447173993915227719e+00 7.446319458976538019e-01 4.538683867572700092e-02 6.659304094804476826e-01 7.733776260969862903e+01
6.627283730920925375e-01 -2.301521747673854201e-02 -7.485061074473727816e-01 -4.670063569916178636e+01 -1.794060057735893249e-02 9.987527665942369515e-01 -4.659448570449397503e-02 -5.520278193602920602e+00 7.486449407664204081e-01 4.430813657562376190e-02 6.614888903439287704e-01 7.812259110420230002e+01
6.586443307660549973e-01 -2.375145791784978935e-02 -7.520794528025460668e-01 -4.757912037668712202e+01 -1.671848735351359402e-02 9.987930189767257882e-01 -4.618438533017518027e-02 -5.592911007225702669e+00 7.522686666427415014e-01 4.299271413984970258e-02 6.574522721557959359e-01 7.889091850486524038e+01
6.546346337153278183e-01 -2.610201903438800694e-02 -7.554946527853568794e-01 -4.848159978136208537e+01 -1.456883052042797985e-02 9.987824502702364882e-01 -4.713137202070781517e-02 -5.663051925343340010e+00 7.558050374902290924e-01 4.186050175488624514e-02 6.534573086541910492e-01 7.965884313198475297e+01
6.505972799414557750e-01 -3.126225280093524600e-02 -7.587791775247024750e-01 -4.939261758262984614e+01 -1.054842023078643790e-02 9.986839313379546335e-01 -5.019099646887366373e-02 -5.743221483604587618e+00 7.593496687562021341e-01 4.065804713689886996e-02 6.494112829261976527e-01 8.043002805801846478e+01
6.459016345564569939e-01 -3.494385630921784808e-02 -7.626204787755654912e-01 -5.030783449907990956e+01 -7.435726438586899578e-03 9.986165329710494643e-01 -5.205506747646090199e-02 -5.810829562233826628e+00 7.633844364656278136e-01 3.929309014321989701e-02 6.447482190467457297e-01 8.119542347415374195e+01
6.392597489774325403e-01 -3.871268060694368213e-02 -7.680158141745990763e-01 -5.121210609442164952e+01 -1.911269388041834071e-03 9.986489582834154888e-01 -5.192884707563952262e-02 -5.889607209664432297e+00 7.689885109238152605e-01 3.466390653360772872e-02 6.383220930975488372e-01 8.196860925284011046e+01
6.311502146860497042e-01 -4.242534045034621754e-02 -7.744995067426725388e-01 -5.213675835822041194e+01 2.918031955885593085e-03 9.986258699696078933e-01 -5.232453437196623452e-02 -5.974345910204418963e+00 7.756551432982911054e-01 3.076462642533606129e-02 6.304067318012277488e-01 8.271569965468850683e+01
6.220453863112124226e-01 -4.347558776801731945e-02 -7.817732403961179521e-01 -5.308400787898847284e+01 5.489129653698267101e-03 9.986748623084444887e-01 -5.117019469621814087e-02 -6.053290966860671141e+00 7.829619510312451069e-01 2.753892844999446601e-02 6.214597347523742599e-01 8.345874013333607877e+01
6.131617032663549960e-01 -4.239226654815924505e-02 -7.888191237271705569e-01 -5.405566908791500680e+01 6.494007151935444686e-03 9.987958079067769113e-01 -4.862881815696041415e-02 -6.122362771474421095e+00 7.899307334517178258e-01 2.469473150436145639e-02 6.126986355743637702e-01 8.421617424142904440e+01
6.043290169546065016e-01 -4.215105574278389666e-02 -7.956190772953978252e-01 -5.506117758124394612e+01 6.082012169101639297e-03 9.988145299436503866e-01 -4.829641683167846394e-02 -6.208302197516243126e+00 7.967116534338339884e-01 2.434796075401613608e-02 6.038689673451973494e-01 8.495944177206276038e+01
5.948725356004070930e-01 -4.312039306596199967e-02 -8.026626229551873104e-01 -5.600766779376399285e+01 4.688930657110725216e-03 9.987292663848004182e-01 -5.017834567179370320e-02 -6.273534912018075005e+00 8.038063764611068640e-01 2.608608991078698383e-02 5.943188007256064997e-01 8.565825910116632258e+01
5.849862007206401149e-01 -4.518895949634923331e-02 -8.097833604805839691e-01 -5.701868979994493003e+01 5.290017868926648673e-03 9.986379505409217483e-01 -5.190625614109854735e-02 -6.360393973678203139e+00 8.110259992177160093e-01 2.608067469133049099e-02 5.844284721154341389e-01 8.637524309196652439e+01
5.750443643175119357e-01 -4.643634813488167062e-02 -8.168033009549701129e-01 -5.802269741127516767e+01 4.946519929458153587e-03 9.985669649678786675e-01 -5.328741306551335044e-02 -6.429126575306015390e+00 8.181072802156119650e-01 2.660229233054088940e-02 5.744500050594624208e-01 8.707541120846566685e+01
5.648830060809043596e-01 -4.795685643240028134e-02 -8.237762541987717624e-01 -5.906137315008766109e+01 8.655641905481837456e-03 9.985991937392815210e-01 -5.219894727259180578e-02 -6.515424844388093106e+00 8.251256149516722482e-01 2.235598550439244631e-02 5.645068129555302905e-01 8.778110693234641815e+01
5.547697858785728409e-01 -4.772417767718114406e-02 -8.306340198726758217e-01 -6.008514712746109154e+01 9.772277828123581214e-03 9.986584259655252316e-01 -5.085126156791495294e-02 -6.593329818949374754e+00 8.319465118689618466e-01 2.009355657116872543e-02 5.544918962220176661e-01 8.845431396232993393e+01
5.440926162363219909e-01 -4.831022555826919307e-02 -8.376331740661490111e-01 -6.111398838018521218e+01 1.059241882817123052e-02 9.986569008970490602e-01 -5.071681103608418478e-02 -6.683179115727248210e+00 8.389583047923356851e-01 1.872208047731134875e-02 5.438735692442359104e-01 8.913974622408808557e+01
5.338157696750313042e-01 -4.920939986202366168e-02 -8.441677238913569692e-01 -6.216546270188808165e+01 9.602311643301473382e-03 9.985936546575140405e-01 -5.213931776622560132e-02 -6.755140212576409731e+00 8.455462917041993709e-01 1.972682796214280179e-02 5.335375655257236227e-01 8.979503459783292385e+01
5.237066147661528781e-01 -4.972806000597891629e-02 -8.504460527092906341e-01 -6.325158631395178332e+01 8.375758524670326791e-03 9.985471434075842145e-01 -5.323015152430476266e-02 -6.838362034350528695e+00 8.518575234555211262e-01 2.075385117001583152e-02 5.233622555683906663e-01 9.043431966917708564e+01
5.140245225641770777e-01 -5.061117206456951928e-02 -8.562810789509718301e-01 -6.432747402165593087e+01 7.237289406308216287e-03 9.984781768681906255e-01 -5.467130811072264118e-02 -6.922925281967301281e+00 8.577449644114607530e-01 2.190523856231791841e-02 5.136085570502856301e-01 9.105008725590239749e+01
