1.000000000000000000e+00 4.398956837314658088e-19 2.733407509747682871e-20 -8.673617379884035472e-19 -5.583667658079949532e-19 1.000000000000000000e+00 -6.100159232558060012e-19 0.000000000000000000e+00 4.145284534913582806e-20 -2.210423569125054137e-19 1.000000000000000222e+00 0.000000000000000000e+00
9.998982545086789742e-01 3.288726274948315046e-04 1.426087266560767744e-02 -8.649597120698718222e-02 -3.237048177634027461e-04 9.999998811107597696e-01 -3.646838806289368290e-04 -9.171965569681153618e-03 -1.426099115198437538e-02 3.600304787844698685e-04 9.998982420690863959e-01 9.428382873868046410e-03
9.995917894681738414e-01 1.603649676904190646e-03 2.852512503887109918e-02 -8.635339908704091350e-02 -1.595430707782160467e-03 9.999986789751940108e-01 -3.108886643423524471e-04 -1.702482044397182759e-02 -2.852558640730988235e-02 2.652519236324624359e-04 9.995930274544448935e-01 -2.183336422163728585e-02
9.979634901180807205e-01 5.191582706473135342e-03 6.357609511111371459e-02 1.210133131454767946e-02 -5.265706009136651711e-03 9.999856376739796326e-01 9.983965805884658946e-04 6.263771969498233005e-03 -6.356999985210887161e-02 -1.331136319000737192e-03 9.979764943003037736e-01 4.263624189961681132e-01
9.954475615225446550e-01 4.178677629697516785e-03 9.521917286073090791e-02 3.647280242462951766e-02 -4.476458774910201110e-03 9.999857350694755231e-01 2.913928985745300581e-03 1.536262396936796670e-02 -9.520563984184508832e-02 -3.326908150148129122e-03 9.954520670773322477e-01 5.351589296437868626e-01
9.908646555115184773e-01 1.768264702424365495e-03 1.348484614945409943e-01 1.658409746031679344e-01 -2.436369336048371283e-03 9.999855617135756658e-01 4.789621296572622346e-03 1.436745556668758694e-02 -1.348380475258305622e-01 -5.074407034818942397e-03 9.908546570813919763e-01 8.111030302718447160e-01
9.852147412927501069e-01 -2.466825857297505302e-03 1.713062405257690934e-01 1.620822294193774715e-01 1.480720296884348308e-03 9.999815932782736283e-01 5.883924522070310172e-03 -1.748471809161580848e-02 -1.713176049176979299e-01 -5.543272437618229111e-03 9.852002591589126279e-01 8.832992556458927336e-01
9.764551926274660509e-01 -2.577990836369525775e-03 2.157049147538580847e-01 2.695919221621826956e-01 1.173282888775289143e-03 9.999772668455813029e-01 6.639969529502473024e-03 -3.017657768267137386e-03 -2.157171326105713771e-01 -6.230549693852322109e-03 9.764360191317575932e-01 1.161653395999773464e+00
9.649056756373346477e-01 -2.533179074827675292e-03 2.625844993391173721e-01 3.731050258927842145e-01 -1.152890410486646304e-04 9.999492870191416527e-01 1.007025796631092797e-02 6.384926605215515694e-03 -2.625966972010540523e-01 -9.747122023096722876e-03 9.648564499798208960e-01 1.316708223410238521e+00
9.504448497387686379e-01 -6.070791198524516132e-03 3.108339296987884803e-01 5.282075857198700319e-01 9.669968823066184141e-04 9.998622213569142714e-01 1.657115603925531089e-02 3.050287549258655362e-02 -3.108917088187163058e-01 -1.544939431566155416e-02 9.503197687400326554e-01 1.624281177496079920e+00
9.336659953577769455e-01 -1.574452079183567485e-02 3.577987108088164225e-01 6.335685810275358820e-01 7.325963207425204189e-03 9.996637965754290311e-01 2.487215422325275357e-02 -9.193168909429061397e-04 -3.580700239864998413e-01 -2.060106427851547337e-02 9.334674369349118539e-01 1.806989274716474858e+00
9.124432711108234617e-01 -2.142512565119203405e-02 4.086419443252496397e-01 8.208477633553743491e-01 1.011249406163491904e-02 9.995040040628201394e-01 2.982420651662862077e-02 -3.179917781595736903e-03 -4.090782540140696644e-01 -2.308050712639750715e-02 9.122073638427702358e-01 2.040080131251805984e+00
8.876666485444998367e-01 -2.343120857258262565e-02 4.598900917328913041e-01 1.011458643478098329e+00 8.839689218299450965e-03 9.993876189658975617e-01 3.385626853701939609e-02 -7.070235798302557106e-03 -4.604017649996001160e-01 -2.598779472360878903e-02 8.873301822862335042e-01 2.291168018844456089e+00
8.593974767696860306e-01 -2.542862457685367283e-02 5.106753940740694775e-01 1.162695015348917060e+00 6.871369097778066461e-03 9.992467552165648081e-01 3.819301562456047655e-02 2.931985708896919784e-02 -5.112619351781714228e-01 -2.931394189989620230e-02 8.589248688580813917e-01 2.496479137067643350e+00
8.272391241682039986e-01 -3.062749286911980659e-02 5.610146017448440769e-01 1.420760622189084055e+00 7.921585131675599328e-03 9.990496633409613469e-01 4.286045529111080776e-02 2.579320658543023809e-02 -5.617941669896175938e-01 -3.101172029422303092e-02 8.266955860142448653e-01 2.741791900638401280e+00
7.917201833047792237e-01 -3.647582565890445522e-02 6.097939486228972639e-01 1.627374270370460563e+00 1.021935755017195843e-02 9.988669146328014170e-01 4.648065765681499983e-02 2.481792031026629208e-02 -6.107984309348387653e-01 -3.056797207561954416e-02 7.911958554055793513e-01 2.936217309888832894e+00
7.540117324102645346e-01 -4.097626636642867637e-02 6.555816091715508387e-01 1.872391262219821773e+00 1.134461335553467627e-02 9.987158549158524634e-01 4.937550845910185920e-02 3.455781246971045134e-02 -6.567629826008616334e-01 -2.979239240441689668e-02 7.535083309362525794e-01 3.146493709927450588e+00
7.141542146953515635e-01 -4.418239196257094797e-02 6.985926324924528474e-01 2.216782092885778876e+00 1.234598174086555186e-02 9.986458157521418411e-01 5.053821683437955542e-02 4.375186936522719450e-02 -6.998795207510634109e-01 -2.746726821429573001e-02 7.137325923379825854e-01 3.393123626300626583e+00
6.726289631064495955e-01 -4.623436039449457108e-02 7.385341246077239408e-01 2.476312633078063374e+00 1.163113085804106175e-02 9.985834598324730971e-01 5.192100238572932430e-02 5.429459530416726187e-02 -7.398885084772803822e-01 -2.633358244237071766e-02 6.722139140284181247e-01 3.566692431104033556e+00
6.297439980775028090e-01 -4.638751058630135454e-02 7.754164597594623842e-01 2.842015561197620777e+00 7.199703079597231589e-03 9.985210792249490375e-01 5.388709092779794818e-02 8.920555978671562691e-02 -7.767693816718087563e-01 -2.835230328278594975e-02 6.291466318173966066e-01 3.828280917571326825e+00
5.881980793085672676e-01 -4.722877519186122197e-02 8.073366408841049502e-01 3.172969775477138654e+00 4.309270533247538601e-03 9.984621499926713550e-01 5.526993009149906017e-02 1.054782509999205309e-01 -8.087054233040076312e-01 -2.903063416853416540e-02 5.874970393314191686e-01 4.017992528787240225e+00
5.477345595018013880e-01 -4.828564586669643888e-02 8.352576472752054615e-01 3.545429250259316323e+00 2.124064254055413152e-03 9.984102564506738275e-01 5.632448952662175851e-02 1.240341026730032853e-01 -8.366494806332545053e-01 -2.907672796026067319e-02 5.469663626685218327e-01 4.224840615414953149e+00
5.091483482011465167e-01 -5.090466100171345959e-02 8.591720799009326948e-01 3.999335268511451158e+00 1.333858282985454129e-03 9.982948852006413576e-01 5.835703006854231489e-02 1.316487060866681214e-01 -8.606777525815539898e-01 -2.856637104896129695e-02 5.083480902228387777e-01 4.445277676555457802e+00
4.719186698970004867e-01 -5.091690937527151850e-02 8.801705655977039022e-01 4.375168476689376362e+00 -1.727903031088230765e-03 9.982756072242024992e-01 5.867560252243865515e-02 1.601308573837988969e-01 -8.816404014084058272e-01 -2.921096104748386463e-02 4.710169160420208945e-01 4.622294876891603899e+00
4.359336719956357631e-01 -5.019445760738323187e-02 8.985779524586121614e-01 4.835923713928430345e+00 -2.902991558046267347e-03 9.983598587646288491e-01 5.717661244447175967e-02 1.842881793059328310e-01 -8.999741223134742896e-01 -2.753377415128144268e-02 4.350729638636801067e-01 4.793209990391193998e+00
4.025874052548102378e-01 -4.885830971674193224e-02 9.140767105542957349e-01 5.370934697885731524e+00 -1.766431238173946441e-03 9.985312240586594612e-01 5.415047797963934428e-02 1.976150506628256975e-01 -9.153798533264516646e-01 -2.341495334992083760e-02 4.019097884387721198e-01 4.984853006053866054e+00
3.725185477314819082e-01 -4.729747012347881169e-02 9.268186805147251572e-01 5.845176955632629401e+00 1.978511493852298808e-04 9.987044270106327781e-01 5.088642539462363140e-02 2.210669702787760038e-01 -9.280247345026109151e-01 -1.877276436079074878e-02 3.720452793267874925e-01 5.166227083504449702e+00
3.468402383817958401e-01 -4.530937883115149917e-02 9.368291703989640729e-01 6.396014528252957909e+00 1.067446174976773628e-03 9.988509021323159764e-01 4.791383761566263971e-02 2.489688256301734182e-01 -9.379236244424045132e-01 -1.561843132114709362e-02 3.464900490169020020e-01 5.350894596905013678e+00
3.263363721589642164e-01 -4.469025265924429779e-02 9.441966630630226343e-01 6.965630509661245640e+00 2.130731767694858930e-03 9.989139833902178633e-01 4.654367557645272546e-02 2.716681503353881033e-01 -9.452513147799461724e-01 -1.317706355397914482e-02 3.260771870590854493e-01 5.523903281316047575e+00
3.112195732884804888e-01 -4.524412868663506976e-02 9.492604125594136244e-01 7.547207676303986368e+00 3.293877746234049556e-03 9.989114293241189158e-01 4.653070706075710522e-02 3.007761086751261637e-01 -9.503323332528655909e-01 -1.135451816888188165e-02 3.110298160881655449e-01 5.702128769361599403e+00
2.993038462841881575e-01 -4.669675024450163636e-02 9.530144835248467450e-01 8.171001110191452810e+00 4.101990330808999788e-03 9.988554494640239367e-01 4.765463999748448254e-02 3.158015023553386591e-01 -9.541490436199910885e-01 -1.035395995393684036e-02 2.991528261914825904e-01 5.919553963541776653e+00
2.890900084729809971e-01 -4.863171406162151988e-02 9.560658491789857383e-01 8.810719824315222937e+00 3.111147547869863063e-03 9.987512592319992555e-01 4.986223926628378933e-02 3.453606343048764016e-01 -9.572968735034390608e-01 -1.144021236028024309e-02 2.888803090947202334e-01 6.088201592035070497e+00
2.783957741245327577e-01 -5.039381930914821339e-02 9.591434931158914212e-01 9.483490735194795462e+00 1.506356804600838357e-03 9.986442829017301293e-01 5.203198130376163882e-02 3.802396065912992951e-01 -9.604652727650576649e-01 -1.304067050685100114e-02 2.780942579450926821e-01 6.278503402524834520e+00
2.678804941119191652e-01 -5.204254138541611341e-02 9.620455286062282729e-01 1.016790361187974590e+01 8.293106294835512083e-04 9.985521156946169929e-01 5.378647084843420773e-02 4.102488972987378690e-01 -9.634517992890456739e-01 -1.361051092471061465e-02 2.675357922366430330e-01 6.475067860541690479e+00
2.581633179371062292e-01 -5.408455248710170721e-02 9.645862049119660053e-01 1.087546562159751495e+01 -6.896096519878136359e-05 9.984307282714507403e-01 5.600067898927025417e-02 4.394304745887300800e-01 -9.661012954277726772e-01 -1.452383901401753732e-02 2.577544584697723518e-01 6.672202241929416466e+00
2.473297399065876589e-01 -5.575869622879024712e-02 9.673256699262660074e-01 1.160624172942403831e+01 -4.938184655380172417e-04 9.983354382833905527e-01 5.767242641872274284e-02 4.700381281404281131e-01 -9.689312527177520451e-01 -1.474178862470786576e-02 2.468905082644315407e-01 6.849207086937723510e+00
2.365557398081410134e-01 -5.693087929779810930e-02 9.699485764661696097e-01 1.238281824544808174e+01 -1.276425116632874234e-03 9.982628312729200371e-01 5.890407792248808505e-02 4.989372627009346917e-01 -9.716170898925106103e-01 -1.517216357581590604e-02 2.360721332150180762e-01 7.028089655671370117e+00
2.267165931128730105e-01 -5.973798512433911578e-02 9.721270202474779909e-01 1.315035838127441892e+01 -2.495719762186651008e-03 9.980783206265484431e-01 6.191475780752918323e-02 5.309073816407590130e-01 -9.739575835346073740e-01 -1.646325869632371541e-02 2.261318258840512574e-01 7.216057163499821847e+00
2.152746028985258464e-01 -6.347110004304917785e-02 9.744887114090363678e-01 1.391187041990684747e+01 -4.258927319356066790e-03 9.978150788908850544e-01 6.593125078358094693e-02 5.844713656046627293e-01 -9.765442763601067666e-01 -1.834359956454199164e-02 2.145339247113899617e-01 7.362780179533809033e+00
2.028984164492129705e-01 -6.739439642453613766e-02 9.768777874893671553e-01 1.467989200413623507e+01 -4.202510058295048055e-03 9.975595585643066698e-01 6.969408851842529007e-02 6.233276761794922516e-01 -9.791907824279360018e-01 -1.824615805461015858e-02 2.021200277534331846e-01 7.551436536314027670e+00
1.906839039301044259e-01 -6.969064663284366135e-02 9.791745739214851030e-01 1.549217979953730051e+01 -5.088717991030979916e-03 9.973932174217881030e-01 7.197829350982719310e-02 6.594241419861632814e-01 -9.816383095001923742e-01 -1.870784440514747585e-02 1.898321950368308808e-01 7.698458099638536112e+00
1.770312507026516047e-01 -7.060273640077976975e-02 9.816695846580399953e-01 1.629304180190898066e+01 -5.707698033433410319e-03 9.973332488840876975e-01 7.275859261806476297e-02 6.937490601726450379e-01 -9.841886889584546827e-01 -1.848361733167365809e-02 1.761561719468591747e-01 7.835331785665192506e+00
1.626533798955179799e-01 -6.971781668020719802e-02 9.842170936810566984e-01 1.710165870438662949e+01 -7.287559715949761159e-03 9.973884525331174755e-01 7.185517502304324122e-02 7.383505644426645587e-01 -9.866563670108121631e-01 -1.886002704771308491e-02 1.617205287466523811e-01 7.966035087810304560e+00
1.456825903730089300e-01 -6.856263453624918125e-02 9.869527503067543339e-01 1.791369383503949564e+01 -8.681763445825340514e-03 9.974687177285160855e-01 7.057467032644876292e-02 7.750829662683248467e-01 -9.892932967498951902e-01 -1.884999021830182503e-02 1.447185806622626192e-01 8.084381130658540471e+00
1.245695759383923240e-01 -6.719633264035071440e-02 9.899328547068977358e-01 1.872444079483019408e+01 -1.094897358260701024e-02 9.975502638335631556e-01 6.909117935614463024e-02 8.119197006296419161e-01 -9.921504714237970868e-01 -1.944540670982265740e-02 1.235286810896539661e-01 8.194068250974705592e+00
9.920929739153430682e-02 -6.580249674879080912e-02 9.928884780236726382e-01 1.953364300405031884e+01 -1.556388860821148259e-02 9.975864239295400004e-01 6.766898946927826786e-02 8.596432619692084831e-01 -9.949448718214236598e-01 -2.216659771509051774e-02 9.794570408954476892e-02 8.260525304056830720e+00
6.933500391635748217e-02 -6.543246167120618517e-02 9.954452436564582563e-01 2.035215582649089683e+01 -1.974781704001000310e-02 9.975610859594316038e-01 6.694701997934084103e-02 9.001727624553783613e-01 -9.973979638443659645e-01 -2.429964159427627432e-02 6.787375213057562917e-02 8.312870656110636247e+00
3.652813863824545121e-02 -6.511239534399368423e-02 9.972091324674917656e-01 2.120234290210604655e+01 -2.289547011938933632e-02 9.975586417803391504e-01 6.597388610599702607e-02 9.363073886253094891e-01 -9.990703227887132165e-01 -2.524147431398920602e-02 3.494818007264870185e-02 8.334954089227696983e+00
2.103893650392074308e-03 -6.444717469078520278e-02 9.979188935208880284e-01 2.203927898275082242e+01 -2.432986731230653982e-02 9.976224108422401260e-01 6.447932178346818533e-02 9.689708086713605395e-01 -9.997017797850746845e-01 -2.441489105276079333e-02 5.308988535110141689e-04 8.339116481332926156e+00
-3.190558920438757440e-02 -6.352630705793846366e-02 9.974700117766935881e-01 2.289125535105388920e+01 -2.513578493637197431e-02 9.977134658794885036e-01 6.273780613274587692e-02 9.999834171331836163e-01 -9.991747809801017066e-01 -2.307050416091115455e-02 -3.342942097095544934e-02 8.310625245000212047e+00
-6.396502954918832640e-02 -6.150093261703491049e-02 9.960552660313789497e-01 2.372607911225826882e+01 -2.779742707756529055e-02 9.978217698660093449e-01 5.982489982562243930e-02 1.030047033296743741e+00 -9.975649328234849067e-01 -2.386107127886480037e-02 -6.553526807493498252e-02 8.240086668757264476e+00
-9.666535331256663477e-02 -5.846948989043598138e-02 9.935980630849176043e-01 2.454666386391209443e+01 -2.981050490679289927e-02 9.979952724455343205e-01 5.582803948852028963e-02 1.072909993454633115e+00 -9.948704238681705947e-01 -2.422302191881458427e-02 -9.821457201826841454e-02 8.155053001979750249e+00
-1.289089862189722047e-01 -5.400513672974911750e-02 9.901847813905961804e-01 2.538996419143636629e+01 -2.667257102953829798e-02 9.983435519382021228e-01 5.097770372075113854e-02 1.092374042700922754e+00 -9.912976667377912943e-01 -1.983928891609823206e-02 -1.301359124078250717e-01 8.032999016923518809e+00
-1.608553162006194082e-01 -4.866670846051373428e-02 9.857774097966647275e-01 2.623474637527684905e+01 -2.219967125693292700e-02 9.987093004569274068e-01 4.568268590773647692e-02 1.113741718092040811e+00 -9.867283103756474549e-01 -1.453563060778637582e-02 -1.617280866251306626e-01 7.895558894035113795e+00
-1.917379897680629164e-01 -4.241076003704302017e-02 9.805293742569102244e-01 2.707665445275658911e+01 -1.667933038798279435e-02 9.990624271071385509e-01 3.995080336732036858e-02 1.129925432966604415e+00 -9.813044174151315246e-01 -8.694485677932487985e-03 -1.922656058773639376e-01 7.699702878603959633e+00
-2.209335565304894611e-01 -3.667877241058470350e-02 9.745988992842210541e-01 2.788556107713957388e+01 -1.094610164090756288e-02 9.993228788268699869e-01 3.512786236011567614e-02 1.143355511603688424e+00 -9.752274414875998776e-01 -2.907134016383683493e-03 -2.211854486774390005e-01 7.531998223653729951e+00
-2.481390335398047930e-01 -3.014266264081269867e-02 9.682553502756005015e-01 2.869473285581555544e+01 -1.791696881477852039e-03 9.995283561909878989e-01 3.065705433670001812e-02 1.171882380858393802e+00 -9.687227806594598256e-01 5.872392845420583950e-03 -2.480760081729486699e-01 7.282082742142712561e+00
-2.755659312257845439e-01 -2.001809692468483476e-02 9.610737104763169558e-01 2.952039743574806607e+01 4.277161060090078556e-03 9.997477195861386168e-01 2.205001267215944000e-02 1.166951409434344944e+00 -9.612726663469667310e-01 1.018690045711762027e-02 -2.754107920624653816e-01 7.039328505199144992e+00
-3.002426557286091424e-01 -5.017475373487216388e-03 9.538496508696436837e-01 3.030519304716252549e+01 8.375068711987893391e-03 9.999337526731313375e-01 7.896104864416404051e-03 1.159351613447437535e+00 -9.538260959158177954e-01 1.035930497937870634e-02 -3.001807450939680266e-01 6.788519551784538031e+00
-3.251371075976631775e-01 1.179091320005535605e-02 9.455933691173673550e-01 3.107006091401313697e+01 8.651396177943372276e-03 9.999175094012329179e-01 -9.493562169248419627e-03 1.129071278597811645e+00 -9.456273206989650459e-01 5.093994567850495050e-03 -3.252122960338176272e-01 6.501468325406664306e+00
-3.499161816412014736e-01 2.626278330918201120e-02 9.364127916691851183e-01 3.185914454287062725e+01 8.000220378066575169e-03 9.996542633159100077e-01 -2.504696175527104315e-02 1.095862110418431845e+00 -9.367468585625186028e-01 -1.272827542348489499e-03 -3.500053121527996747e-01 6.210216359384533646e+00
-3.746067399765881656e-01 3.731569775324963117e-02 9.264325737603510413e-01 3.262465254686193106e+01 1.242752866047438197e-02 9.993021104359609552e-01 -3.522568073564832231e-02 1.064835516431374085e+00 -9.271005130407632411e-01 -1.682509100736958273e-03 -3.748090490504341621e-01 5.910955098842300082e+00
-3.980731707573698097e-01 4.204559345541603738e-02 9.163896025980671212e-01 3.340951388321249738e+01 1.626522796862091627e-02 9.991155523440509167e-01 -3.877570616888922211e-02 1.009328117341754094e+00 -9.172094674190691688e-01 -5.302815473976554839e-04 -3.984049783287041402e-01 5.567717698303288110e+00
-4.206656914446434969e-01 4.131217218243702499e-02 9.062746083415844645e-01 3.412611758429198971e+01 1.801734024006670931e-02 9.991460514901178147e-01 -3.718256588612176700e-02 9.648948586743114619e-01 -9.070368047585926075e-01 6.872291472072816591e-04 -4.210508013437370134e-01 5.189944649697478596e+00
-4.409190906639146035e-01 3.810560147897644467e-02 8.967375893522646635e-01 3.488553722159738868e+01 2.217395223932617718e-02 9.992558893058329783e-01 -3.155920609250206094e-02 9.329475169734890994e-01 -8.972729153922743839e-01 5.969161034998427505e-03 -4.414359511041410222e-01 4.821155125925743690e+00
-4.590413350811954341e-01 3.663248998844954168e-02 8.876593373373512508e-01 3.561752286105922138e+01 2.965724982235018112e-02 9.992245238783520334e-01 -2.589977535743655246e-02 9.049308951787194966e-01 -8.879197673635749188e-01 1.443646834817585191e-02 -4.597717796451527561e-01 4.400831608345079360e+00
-4.734930707804392291e-01 3.745215948352832031e-02 8.800009282345025996e-01 3.630100834683624811e+01 3.309995028533701394e-02 9.991464624851659204e-01 -2.471314914420447498e-02 8.550201877956054020e-01 -8.801753904856417510e-01 1.742648320193188743e-02 -4.743285925388323054e-01 4.060661713170766518e+00
-4.845438993803336536e-01 4.059270019519912315e-02 8.738245982255168354e-01 3.700146491252191794e+01 3.560191974481329708e-02 9.990102111643106575e-01 -2.666648162286416879e-02 7.947426813325968453e-01 -8.740421760353447311e-01 1.818875333232380931e-02 -4.855094825248778001e-01 3.639319209280919232e+00
-4.942324831131936769e-01 4.335546716256934857e-02 8.682479729108569799e-01 3.770932721207915961e+01 3.733371444746214768e-02 9.988927118028018137e-01 -2.862767912526882272e-02 7.585221199498768385e-01 -8.685277536326739822e-01 1.826619404863212906e-02 -4.953038471731586179e-01 3.225326899894743971e+00
-5.048034616492429461e-01 4.268148432150974808e-02 8.621784864737231935e-01 3.841104850494836143e+01 3.110423764579960462e-02 9.990276767242851630e-01 -3.124463931525242252e-02 6.948535764807690640e-01 -8.626737527912236025e-01 1.104500348008336311e-02 -5.056402057407797246e-01 2.850619235032781695e+00
-5.161642952916720706e-01 4.147283100632997294e-02 8.554848983357072889e-01 3.909874758538144590e+01 2.948528412288357881e-02 9.990953516069261964e-01 -3.064467925625520214e-02 6.852234299584347710e-01 -8.559819217285504767e-01 9.406527026342771311e-03 -5.169201875028900384e-01 2.429952196680984056e+00
-5.246383681822213152e-01 4.269286759836431883e-02 8.502540141407175511e-01 3.976857004412147489e+01 3.173078203990375296e-02 9.990284150438026867e-01 -3.058403753910230241e-02 6.451906581233998184e-01 -8.507336551346618148e-01 1.093366627235336716e-02 -5.254833167113841519e-01 1.996183996326642118e+00
-5.320899657923489068e-01 4.584935360896525564e-02 8.454454991828868060e-01 4.044719909672427605e+01 3.543341667541575341e-02 9.988637747962760827e-01 -3.186898685124765762e-02 5.916508759644418802e-01 -8.459460698021403768e-01 1.299985555655327508e-02 -5.331099922056170559e-01 1.577226909717166281e+00
-5.358086907101489160e-01 4.925904281692615461e-02 8.429012876633047435e-01 4.115295970411015247e+01 3.626013186503702912e-02 9.987181906821068766e-01 -3.531541272049768670e-02 5.576771901659974828e-01 -8.435604669799136035e-01 1.164140780268871356e-02 -5.369080267149589636e-01 1.123056327155090406e+00
-5.352502376124970151e-01 5.053560964442457143e-02 8.431804803066201837e-01 4.186692672669744297e+01 3.540951539812192683e-02 9.986736801973181699e-01 -3.737708707644398637e-02 5.092729360659756788e-01 -8.439510418395801405e-01 9.850518459289593284e-03 -5.363297672604011579e-01 6.720610221032503606e-01
-5.323250214792116797e-01 5.134473908071858494e-02 8.449815242367869628e-01 4.258071644173986670e+01 3.804196353089785848e-02 9.986014854458298284e-01 -3.671351537133415999e-02 4.737328870763041766e-01 -8.456848657960785998e-01 1.260123449409701786e-02 -5.335338130730196138e-01 2.312127930294977929e-01
-5.264751889878519497e-01 5.034851500499810256e-02 8.486983500262385016e-01 4.332968881960221097e+01 3.635729928449840664e-02 9.986650462404685902e-01 -3.669158136786645347e-02 4.263837433206419947e-01 -8.494127583233702650e-01 1.153917369644506113e-02 -5.276029061809760501e-01 -2.264013405508524812e-01
-5.192546118894539875e-01 4.879042558441650662e-02 8.532257199559167837e-01 4.408859344139836622e+01 3.432430660296801467e-02 9.987540840620319216e-01 -3.622321749346993358e-02 3.835828111885204450e-01 -8.539300334228101530e-01 1.047730948429116682e-02 -5.202823630232724650e-01 -6.750437655391792191e-01
-5.121606043954620713e-01 4.830165505444340701e-02 8.575304379979525882e-01 4.487148085785491958e+01 3.230868121838831319e-02 9.987942468561441522e-01 -3.696216318477187068e-02 3.397610046286304031e-01 -8.582818164990572152e-01 8.775114719783587425e-03 -5.131036291215909095e-01 -1.159706087849858402e+00
-5.055184508626089368e-01 4.687342841935293603e-02 8.615416206426227408e-01 4.568173558135787005e+01 2.940287685390623185e-02 9.988791606657025923e-01 -3.709303393887243561e-02 2.896712168097522189e-01 -8.623146635117301395e-01 6.580590105477309923e-03 -5.063300607571979972e-01 -1.632632217095472349e+00
-5.009136358811020484e-01 4.452937687362903962e-02 8.643509995694241832e-01 4.648414050300586808e+01 2.518383212467698376e-02 9.990026310138419019e-01 -3.687163922972062913e-02 2.421898965559344807e-01 -8.651308087890099419e-01 3.298164559870079247e-03 -5.015354617263080295e-01 -2.078897132723589003e+00
-5.002393516032789256e-01 4.182812773151049768e-02 8.648762832310732396e-01 4.731765861535251361e+01 2.057712650243670449e-02 9.991247319748336464e-01 -3.641911285204102455e-02 2.051630609566388874e-01 -8.656426429651479237e-01 -4.216037845921859206e-04 -5.006622119884468480e-01 -2.512435788801059111e+00
-5.005029701638125106e-01 3.924494834380021918e-02 8.648448400405281955e-01 4.817956494746650264e+01 1.773435534071187564e-02 9.992271541107818900e-01 -3.507972481751889249e-02 1.519079387002404691e-01 -8.655531652327435044e-01 -2.220039845132560762e-03 -5.008121435784863573e-01 -3.017434439581765826e+00
-5.015262612309671075e-01 3.808772949314992440e-02 8.643036044302151444e-01 4.902605704852608426e+01 1.636059439738741378e-02 9.992693294108637714e-01 -3.454183285745696108e-02 1.098478149772759704e-01 -8.649877181651458580e-01 -3.183114678533057341e-03 -5.017829498534756016e-01 -3.487264015711433185e+00
-5.021030064796677683e-01 3.732407217972535246e-02 8.640020086792605802e-01 4.989419809473024259e+01 1.622743073682266640e-02 9.992989489949087867e-01 -3.373842019639296252e-02 5.585309241297346100e-02 -8.646555694005196857e-01 -2.919628557201317705e-03 -5.023566816754414521e-01 -4.002673242572490686e+00
-5.017052751887789430e-01 3.671396577254549404e-02 8.642591556004989295e-01 5.075734278159323765e+01 1.608507414072617853e-02 9.993221356690253909e-01 -3.311403811497315441e-02 1.346756402643261435e-02 -8.648890677795955106e-01 -2.711814102970682219e-03 -5.019557351568316728e-01 -4.500572819637242539e+00
-5.017646136726057193e-01 3.619691049041780240e-02 8.642465172689169917e-01 5.165895665822824157e+01 1.637955549118511392e-02 9.993425253628821503e-01 -3.234543447814941519e-02 -3.624697302515744735e-02 -8.648491168715033428e-01 -2.073819733653886957e-03 -5.020276066865629883e-01 -5.020758817095505755e+00
-5.023907157887188557e-01 3.564584022405980351e-02 8.639056251976702239e-01 5.253496786766083204e+01 1.618171810938920721e-02 9.993624658526263360e-01 -3.182473586457361392e-02 -8.604237330298741826e-02 -8.644892902764748088e-01 -2.008973616330788324e-03 -5.026472367070810021e-01 -5.514983730654479999e+00
-5.025538149306446600e-01 3.395122076952260953e-02 8.638790217335939881e-01 5.344200366636533062e+01 1.433199453878082098e-02 9.994184695836854093e-01 -3.094053263590373568e-02 -1.395613738180586094e-01 -8.644271336238650294e-01 -3.168172385616440604e-03 -5.027481545285270581e-01 -6.019745165523721298e+00
-5.026638874061013507e-01 3.341403374971947671e-02 8.638359248907867549e-01 5.435516625328595808e+01 1.398530830608564826e-02 9.994362756409803650e-01 -3.052117391995333787e-02 -1.904469125026296838e-01 -8.643688100352826531e-01 -3.260879290957710563e-03 -5.028478303084314982e-01 -6.544782878693382600e+00
-5.018371633477713978e-01 3.275515948796234311e-02 8.643416844517348707e-01 5.524025391564622822e+01 1.262423116890782834e-02 9.994536441089172385e-01 -3.054573685563462260e-02 -2.440867144375859221e-01 -8.648699917327403730e-01 -4.417335807976000006e-03 -5.019764915794708848e-01 -7.052869929010680217e+00
-5.007157368867921621e-01 3.097971597680961725e-02 8.650572203512032488e-01 5.615792785822940658e+01 1.195293636145278171e-02 9.995115271093679699e-01 -2.887619200684412094e-02 -3.022929072245499893e-01 -8.655292545586628083e-01 -4.118788956249910815e-03 -5.008414506147064182e-01 -7.575886888922644502e+00
-4.985307907562259166e-01 2.916105750626202253e-02 8.663813651068247301e-01 5.702099910273464900e+01 1.265178632219225024e-02 9.995723443923925089e-01 -2.636400207368719620e-02 -3.478759703797749681e-01 -8.667796694432491345e-01 -2.181993977350772922e-03 -4.986865319559691256e-01 -8.085458609431373844e+00
-4.958620145091157672e-01 2.763409423931552714e-02 8.679615232070678754e-01 5.791582041014175530e+01 1.308531734663486920e-02 9.996178485356042032e-01 -2.435018142435812355e-02 -3.968230669612450301e-01 -8.683027406808268012e-01 -7.167771041555972720e-04 -4.960341222284387896e-01 -8.596097124234045594e+00
-4.935987582301865628e-01 2.690203522453476701e-02 8.692735660894357341e-01 5.880299079868539280e+01 1.285197835787733715e-02 9.996379516303631751e-01 -2.363878781830290945e-02 -4.470420150806165283e-01 -8.695947935698812303e-01 -4.961903164686224440e-04 -4.937657972023778985e-01 -9.086342130534818651e+00
-4.914712794900332749e-01 2.737973725769491176e-02 8.704632776387173365e-01 5.969588135805398821e+01 1.337601149401910529e-02 9.996250999369740153e-01 -2.389020444760372661e-02 -4.948454973589142547e-01 -8.707910634981771425e-01 -9.802159786172512195e-05 -4.916532597817573902e-01 -9.578918196389572870e+00
-4.904251564523861018e-01 2.786169703981952045e-02 8.710378166496323127e-01 6.056803954498318632e+01 1.314480515779098066e-02 9.996116064510918164e-01 -2.457336610816434133e-02 -5.471037303253346584e-01 -8.713841819486688456e-01 -6.017735952992697311e-04 -4.906009162903087750e-01 -1.008352514201722272e+01
-4.912105261019913405e-01 2.881394403989831488e-02 8.705641630382334739e-01 6.145973012326820850e+01 1.250063164645848907e-02 9.995829787726827620e-01 -2.603080354710163649e-02 -5.905537390843923484e-01 -8.709511844966999483e-01 -1.904001853509278662e-03 -4.913658746115862064e-01 -1.058491639112190974e+01
-4.939978886592165108e-01 3.085496777755812603e-02 8.689154408242083516e-01 6.234587502573962325e+01 1.161023160532364748e-02 9.995151141721770882e-01 -2.889185077154685088e-02 -6.338256496929990380e-01 -8.693855882142917935e-01 -4.184202865774713787e-03 -4.941165906292446230e-01 -1.108516341586554255e+01
-4.986133800656659676e-01 3.158559975787177815e-02 8.662488288726722940e-01 6.323879258032358308e+01 1.058217568354867522e-02 9.994832365762443827e-01 -3.035255079364981498e-02 -6.897745539244855006e-01 -8.667599016843288151e-01 -5.967389769475350651e-03 -4.986899604933520136e-01 -1.157021876086539613e+01
-5.037244687588472436e-01 3.022384006739940732e-02 8.633354884192566692e-01 6.413869008647574788e+01 1.060274056398328654e-02 9.995288039455466622e-01 -2.880541537669203608e-02 -7.315296172675644915e-01 -8.637993133614603192e-01 -5.356269467673898180e-03 -5.038075725268867933e-01 -1.206283347742907530e+01
-5.090319710773909545e-01 2.803791172871534024e-02 8.602908313542424468e-01 6.497005606134204925e+01 1.343906435732284028e-02 9.996063857999689661e-01 -2.462650996128292261e-02 -7.885495654564508294e-01 -8.606426994791069873e-01 -9.741761313600962946e-04 -5.092084133763077336e-01 -1.257029327024459064e+01
-5.143927910368693013e-01 2.564724123559804572e-02 8.571710810681631987e-01 6.584140969539654975e+01 1.075693028061281732e-02 9.996670075553680812e-01 -2.345554170762622487e-02 -8.347075381951044593e-01 -8.574872343545231201e-01 -2.844831098126281328e-03 -5.144973889158516167e-01 -1.308093619914697747e+01
-5.195806405453315957e-01 2.776505283512804151e-02 8.539701672639123942e-01 6.663793225827335220e+01 1.141964241758309552e-02 9.996082636824082934e-01 -2.555212170829532572e-02 -8.950409518153435995e-01 -8.543451069330635361e-01 -3.524352920616266507e-03 -5.196941701153998672e-01 -1.359203882062046276e+01
-5.245590274032030376e-01 2.991420827341768895e-02 8.508483729594945588e-01 6.747422659874629858e+01 1.158913141125593287e-02 9.995408217681664986e-01 -2.799710038621408895e-02 -9.314365394268255827e-01 -8.512952077345374846e-01 -4.825537260760685149e-03 -5.246648422048434401e-01 -1.412295625114988340e+01
-5.294819478368879562e-01 3.058519588920994431e-02 8.477696619066817929e-01 6.837430268101385877e+01 1.079778756914170391e-02 9.995118771829659687e-01 -2.931578299472633806e-02 -9.835277332437739606e-01 -8.482524898370945587e-01 -6.368140299871719034e-03 -5.295537492581835481e-01 -1.463107908192261242e+01
-5.338228337046642125e-01 3.101846511371234363e-02 8.450272327311549869e-01 6.916862580670893124e+01 1.021237410134154776e-02 9.994905867406975730e-01 -3.023697093679573317e-02 -1.024787125731327686e+00 -8.455346837148430827e-01 -7.511450428820918256e-03 -5.338676706342599942e-01 -1.512228982001881228e+01
-5.366649111710055653e-01 2.955532812332000922e-02 8.432776783277817767e-01 6.999134447206685650e+01 9.206566862882554700e-03 9.995319879922401896e-01 -2.917265994859961561e-02 -1.100519976873631123e+00 -8.437452363865776128e-01 -7.892249781430361877e-03 -5.366858498397314436e-01 -1.565990112264782042e+01
-5.390213650802649914e-01 2.376930489855467662e-02 8.419566350085119222e-01 7.082944008660149393e+01 1.150853541050567835e-02 9.997162658993067330e-01 -2.085524607599688329e-02 -1.135815104222293925e+00 -8.422134724828602703e-01 -1.551734550660150216e-03 -5.391419774096621875e-01 -1.619765388029104614e+01
-5.411323531545599863e-01 1.626202026695919636e-02 8.407801794752786106e-01 7.164246729893537236e+01 1.299048831466537851e-02 9.998553547837482069e-01 -1.097800992664031347e-02 -1.157307472179474939e+00 -8.408371038266722053e-01 4.981589726603532359e-03 -5.412653337149881949e-01 -1.672449015838643049e+01
-5.434002358503967622e-01 1.372886425941105201e-02 8.393614770373866163e-01 7.244827186137311514e+01 1.319225288108277425e-02 9.998824478276825412e-01 -7.813767848240532610e-03 -1.181917047286262124e+00 -8.393700969691747504e-01 6.827066564209262334e-03 -5.435174738015702278e-01 -1.723911582782995211e+01
-5.438781971865952469e-01 1.801392993078894736e-02 8.389707933757670766e-01 7.326146787225900425e+01 1.255225338158011059e-02 9.998323535182421784e-01 -1.333063285107785427e-02 -1.229027946258772985e+00 -8.390702944903104532e-01 3.280734372071720216e-03 -5.440131345131994367e-01 -1.775106129427921076e+01
-5.451249558174694476e-01 2.283869752455301022e-02 8.380436525939813919e-01 7.406475616359844594e+01 1.264119682372096681e-02 9.997391378043114507e-01 -1.902252515851655251e-02 -1.282588387701134147e+00 -8.382595028983010899e-01 2.242224969050844849e-04 -5.452714629742105856e-01 -1.827639165612475125e+01
-5.458486656649912394e-01 2.837797227536050654e-02 8.374030762509394599e-01 7.485386242240078047e+01 1.949237331118992486e-02 9.995858911435039351e-01 -2.116822090613125137e-02 -1.302978390133192166e+00 -8.376570259131479457e-01 4.768329199672073984e-03 -5.461757801065046936e-01 -1.880474795596415305e+01
-5.451096047875845230e-01 2.970456197490768668e-02 8.378383764114634147e-01 7.567036679429151036e+01 2.308330153760399656e-02 9.995250072994122936e-01 -2.041864184192704670e-02 -1.342871369159557959e+00 -8.380469506266087221e-01 8.209679090277859081e-03 -5.455363622451280259e-01 -1.931302659574337000e+01
-5.454410206066580002e-01 2.626096983803406781e-02 8.377376926733406393e-01 7.644332315743051254e+01 2.208133056041350697e-02 9.996123379137248355e-01 -1.695844022465541751e-02 -1.390569617634094479e+00 -8.378582931328226735e-01 9.248534975181781775e-03 -5.458094521377709896e-01 -1.985405036068774010e+01
-5.445497374761552045e-01 2.115848401352692434e-02 8.384616205700649028e-01 7.726605277658570969e+01 2.042227451128118820e-02 9.997198537913661864e-01 -1.196430548011327873e-02 -1.408579790961393297e+00 -8.384798898182792559e-01 1.060813499511375872e-02 -5.448292894803884456e-01 -2.036038061276331845e+01
-5.432723769445373385e-01 1.575503146831890716e-02 8.394086553061633760e-01 7.806867414338248068e+01 1.901003966913431681e-02 9.997984104012576090e-01 -6.461959413753787934e-03 -1.442368301658030649e+00 -8.393412621688395303e-01 1.244658882784628780e-02 -5.434623638379795230e-01 -2.086054191748680608e+01
-5.437433987696189686e-01 8.895992027421365661e-03 8.392043641402161525e-01 7.886893587573659659e+01 1.007356415866222585e-02 9.999409654692607008e-01 -4.072942962491028253e-03 -1.470253013548786347e+00 -8.391910695077799964e-01 6.239144144943468105e-03 -5.438009146592369669e-01 -2.138633029356198278e+01
-5.419045717932347017e-01 4.034780526962595051e-03 8.404303318832595515e-01 7.965659045022756857e+01 2.005174253923594149e-03 9.999918369739115853e-01 -3.507885216273699553e-03 -1.493236519752531688e+00 -8.404376395271921929e-01 -2.157288373006192926e-04 -5.419082398306723780e-01 -2.184610257699201696e+01
-5.397756383743110842e-01 4.907363240694253247e-03 8.417946098067640159e-01 8.046169268560564092e+01 5.565103539994891747e-03 9.999819583993936334e-01 -2.261081304892352973e-03 -1.511993434274844894e+00 -8.417905330100621253e-01 3.464198527471690821e-03 -5.397932111250947074e-01 -2.234169244207879146e+01
-5.369126219536066724e-01 7.519554734805897027e-03 8.436043383782669824e-01 8.126550629275888582e+01 1.021829801045331075e-02 9.999448884170558660e-01 -2.409667348585129831e-03 -1.542644376318797139e+00 -8.435759802455012890e-01 7.326420722559985090e-03 -5.369598700859660179e-01 -2.288317552616238260e+01
-5.313721252294103525e-01 1.099250806572925517e-02 8.470671852028889282e-01 8.205390723341265868e+01 1.117221631965724903e-02 9.999197809993883856e-01 -5.967673735923173690e-03 -1.570677829532057368e+00 -8.470648486930730803e-01 6.292563349606506221e-03 -5.314523109573958681e-01 -2.336372926945641382e+01
-5.240076463270592066e-01 1.286017129029812592e-02 8.516164567513133665e-01 8.283665162050880326e+01 1.630365223162898169e-02 9.998542480783618736e-01 -5.066902038932628687e-03 -1.593268866915306337e+00 -8.515575079977866224e-01 1.122936417642660112e-02 -5.241409401636019094e-01 -2.385291477891793477e+01
-5.154432595677713724e-01 1.525822742007673129e-02 8.567878496694869561e-01 8.363813329557557097e+01 2.376159002854159527e-02 9.997114968638584065e-01 -3.508537968532064386e-03 -1.624255417247605138e+00 -8.565942126047521032e-01 1.855019049022903904e-02 -5.156571135207668188e-01 -2.434157115444685004e+01
-5.058680966595321404e-01 1.534546312977114191e-02 8.624743312472940016e-01 8.441278144411398898e+01 2.309782731300686134e-02 9.997242189066201101e-01 -4.239866408301535931e-03 -1.634841759941514150e+00 -8.623015547916981216e-01 1.777647112385967801e-02 -5.060830358735000090e-01 -2.478118620129206562e+01
-4.945108344922720667e-01 1.180341913441300579e-02 8.690913071663878275e-01 8.525875552106334965e+01 1.793520948036829779e-02 9.998334583767679584e-01 -3.373980023301257139e-03 -1.671745788029117108e+00 -8.689864068472269443e-01 1.391886605560556378e-02 -4.946401758721544195e-01 -2.525788968210200736e+01
-4.838785724160749036e-01 9.139044618878417944e-03 8.750874191598519980e-01 8.601399150677769967e+01 1.978331853130553541e-02 9.998041671438442357e-01 4.976305637849616319e-04 -1.692526733943178874e+00 -8.749115155864812809e-01 1.755292704329085296e-02 -4.839646149545225318e-01 -2.571672955156026674e+01
-4.720951775316183929e-01 7.835944546984871528e-03 8.815127493633456712e-01 8.686628001717751602e+01 1.958142775023050466e-02 9.998069862045527723e-01 1.599371877615369088e-03 -1.707282718804558064e+00 -8.813300879273185950e-01 1.801633509345661882e-02 -4.721574968710928188e-01 -2.613763650123125970e+01
-4.597388225851017918e-01 7.059632202525542924e-03 8.880261045587690694e-01 8.771871636460207355e+01 1.928869225415605695e-02 9.998118795214309129e-01 2.037617695453192677e-03 -1.729852826215943384e+00 -8.878446792191713177e-01 1.806563534079150268e-02 -4.597885086193695958e-01 -2.652248458719002144e+01
-4.478478677491552484e-01 8.431969815363005508e-03 8.940700055584209771e-01 8.855902908126786599e+01 2.240649413596978307e-02 9.997473315445739583e-01 1.795007608445089173e-03 -1.749756772859343723e+00 -8.938289823146460256e-01 2.083686583162887296e-02 -4.479236428597379027e-01 -2.696046632853885328e+01
