1 0 0 0 0 1 0 0 0 0 1 0
0.99986189 0.0010967913 0.016583285 -0.0075247539 -0.0010871184 0.99999923 -0.00059230348 -0.004299578 -0.016583924 0.00057419371 0.99986231 0.11622475
0.99929775 0.0034163299 0.037314082 0.0094006193 -0.0033927661 0.999994 -0.00069480883 0.0014852799 -0.037316235 0.00056772299 0.99930335 0.25673863
0.99795536 0.0054522593 0.06368184 0.048582329 -0.0054955991 0.99998477 0.00050541728 0.00054489951 -0.063678119 -0.00085435371 0.99797012 0.39471736
0.99518435 0.0050926797 0.097888617 0.093639513 -0.0054139715 0.99998079 0.0030168723 0.00080552759 -0.097871381 -0.0035323103 0.9951928 0.58066874
0.99092144 0.0015494634 0.13443326 0.16967147 -0.0022893184 0.99998307 0.0053491033 0.00057565198 -0.13442271 -0.0056083017 0.99090821 0.78023549
0.98465607 -0.0017108498 0.17449786 0.23482515 0.00072221644 0.99998333 0.0057289325 -0.0054248236 -0.17450477 -0.0055150029 0.98464089 0.96514825
0.97611537 -0.0021727397 0.21724193 0.3241062 0.00067721193 0.99997556 0.0069583698 -0.0035740017 -0.21725176 -0.0066450529 0.97609299 1.1601381
0.96389491 -0.0016433138 0.26627784 0.40950429 -0.00098273479 0.99995219 0.0097285159 0.00052240129 -0.26628112 -0.0096389474 0.96384722 1.3743621
0.95013177 -0.0056125793 0.3117982 0.55584338 0.00048078664 0.9998632 0.016533132 0.0097688206 -0.31184837 -0.015558745 0.95000449 1.6310438
0.9324263 -0.01550703 0.36102731 0.69751928 0.0069481451 0.99966348 0.024993063 -0.0017620651 -0.36129341 -0.02079572 0.93222026 1.821837
0.91180077 -0.021182968 0.41008611 0.84902591 0.0096648483 0.99949896 0.030139861 -0.0069982379 -0.41051913 -0.023518129 0.91154866 2.0298624
0.88689687 -0.023343975 0.46137726 1.0222896 0.0087399649 0.99939159 0.03376483 0.0013353409 -0.4618848 -0.025913501 0.8865613 2.2856664
0.85806534 -0.025055732 0.51292891 1.1971256 0.0062709109 0.9992458 0.038321069 0.01686249 -0.51350226 -0.02966545 0.85757531 2.5069864
0.82637738 -0.030362958 0.56229752 1.4462735 0.0075372991 0.99905224 0.042869704 0.020493053 -0.56306629 -0.031188349 0.82582302 2.7248471
0.78990271 -0.035993861 0.61217491 1.6800705 0.0096990323 0.99888437 0.046216225 0.023191518 -0.61315551 -0.030568817 0.78937057 2.9425022
0.75182054 -0.040528119 0.65812105 1.9503682 0.01075729 0.9987303 0.049214516 0.033677455 -0.65928006 -0.029920885 0.75130192 3.1325262
0.71270855 -0.044070223 0.70007449 2.2279218 0.012049937 0.9986464 0.050598153 0.047711671 -0.7013568 -0.027625882 0.71227487 3.3808233
0.67068369 -0.045555161 0.74034321 2.5266079 0.011134368 0.9986181 0.051360731 0.062334496 -0.74165994 -0.026203551 0.67026409 3.5823732
0.62865054 -0.046102206 0.77632019 2.8605571 0.0069182502 0.99853335 0.05369618 0.081075701 -0.77765718 -0.028385355 0.62804748 3.7945321
0.58381925 -0.046958247 0.81052449 3.215209 0.003745916 0.99847112 0.055148876 0.099465055 -0.81187506 -0.029160819 0.58310256 3.9802203
0.54553717 -0.048128911 0.8367035 3.5828314 0.0019737929 0.99842071 0.05614429 0.11899361 -0.83808434 -0.028977317 0.5447706 4.2033938
0.50715251 -0.050552787 0.86037241 3.9992195 0.00086928547 0.99830777 0.05814503 0.13358603 -0.86185593 -0.028740488 0.50633823 4.3860198
0.46922423 -0.050474404 0.88163535 4.4213956 -0.0015845 0.99831546 0.057997746 0.15777901 -0.88307767 -0.028610899 0.46835382 4.5984542
0.43315261 -0.049725503 0.89994784 4.874873 -0.0030483799 0.99839046 0.056632039 0.17882959 -0.90131548 -0.027273698 0.43230386 4.7781863
0.39898284 -0.048466883 0.91567657 5.3884687 -0.001804135 0.99855871 0.053639951 0.19991441 -0.91695666 -0.023053424 0.39832034 4.9677349
0.36897399 -0.046731967 0.9282641 5.8609071 -6.8559506e-05 0.9987338 0.050306902 0.2183595 -0.92943976 -0.018625579 0.36850359 5.1355175
0.34472763 -0.044914331 0.93762759 6.4250864 0.0010159615 0.99887193 0.047474535 0.24459798 -0.93870224 -0.01541319 0.34438438 5.3213333
0.32294313 -0.044301186 0.94538091 6.9919023 0.0025648494 0.99894114 0.045934899 0.26836825 -0.94641494 -0.0124096 0.32271481 5.518379
0.30881132 -0.044813704 0.95006696 7.5881717 0.0034257511 0.99893532 0.046005264 0.29493533 -0.95111719 -0.010952253 0.30863605 5.6766669
0.29631303 -0.046206424 0.95397247 8.2029467 0.0046036429 0.99888654 0.046951937 0.31097951 -0.95507982 -0.0095207216 0.29619581 5.8914179
0.28534238 -0.048193511 0.95721316 8.84322 0.0031796823 0.99877706 0.049338305 0.34219485 -0.95842042 -0.011034675 0.28514666 6.0834802
0.27538252 -0.050044706 0.96003121 9.4980455 0.0021132215 0.99867319 0.05145287 0.37250296 -0.96133245 -0.012140462 0.27512289 6.2674425
0.26488123 -0.05151933 0.96290374 10.213631 0.0010658084 0.99858675 0.053135329 0.40430434 -0.9642805 -0.01304828 0.2645618 6.4731673
0.25410215 -0.053479716 0.96569764 10.915612 0.00035247172 0.99847514 0.055202166 0.4265238 -0.96717736 -0.013686607 0.25373353 6.6377929
0.24428063 -0.055216193 0.96813122 11.634067 0.0002543682 0.99838114 0.056877277 0.46073415 -0.96970459 -0.013647755 0.24389922 6.8272547
0.23378744 -0.056577742 0.97064016 12.385321 -0.0010221471 0.99829065 0.058435658 0.48543354 -0.97228724 -0.014653659 0.23332998 7.0208318
0.22317882 -0.05948102 0.97296102 13.171108 -0.0023174347 0.99810134 0.061549524 0.52128339 -0.97477481 -0.015991323 0.22261724 7.1766889
0.21167911 -0.062789584 0.97532012 13.936629 -0.0039177292 0.9978716 0.065091699 0.56506323 -0.97733141 -0.017599592 0.21098258 7.3794028
0.20010168 -0.066759723 0.97749802 14.741385 -0.0038337059 0.99761493 0.068918427 0.6046632 -0.97976768 -0.017538132 0.19936848 7.5372463
0.1862437 -0.068868003 0.98008694 15.545079 -0.005093133 0.99745929 0.071056546 0.63895945 -0.98249042 -0.018225547 0.18541976 7.681886
0.17096953 -0.069870485 0.98279573 16.348887 -0.0054466511 0.99740013 0.071856276 0.67793397 -0.9852613 -0.017638178 0.17014447 7.8105237
0.15832593 -0.069053275 0.98496927 17.111847 -0.0067378542 0.99745274 0.071011509 0.72144025 -0.98736396 -0.017879542 0.15745736 7.9399142
0.14023056 -0.06775598 0.98779777 17.943246 -0.0083813539 0.99753879 0.069613985 0.76143629 -0.99008344 -0.01804109 0.13931753 8.0856668
0.11989145 -0.066414277 0.99056302 18.767507 -0.010802158 0.99761357 0.068194419 0.79913905 -0.99272828 -0.018876146 0.11888792 8.1697944
0.095149796 -0.065030045 0.99333656 19.562614 -0.014405326 0.99766951 0.066693565 0.84040362 -0.99535877 -0.020655216 0.09399127 8.2418081
0.06461485 -0.064536258 0.99582122 20.395662 -0.018252476 0.99766324 0.065839963 0.87748804 -0.99774338 -0.022430441 0.063285913 8.2855297
0.03193927 -0.064225456 0.99742413 21.235566 -0.022059205 0.99764493 0.064946047 0.91862317 -0.9992464 -0.024076713 0.030447287 8.312547
-0.00082385319 -0.063707513 0.99796823 22.068783 -0.023678032 0.99769006 0.063670208 0.94789038 -0.99971934 -0.023577468 -0.0023304202 8.2937664
-0.03694397 -0.062819339 0.99734086 22.928452 -0.023824505 0.99779391 0.061965357 0.98298525 -0.99903334 -0.021471905 -0.038359109 8.2611458
-0.068542951 -0.060737845 0.99579752 23.745665 -0.026927853 0.99789401 0.059012215 1.0124815 -0.99728473 -0.022769817 -0.070034141 8.1888385
-0.09926012 -0.057324902 0.99340888 24.596607 -0.029357164 0.99807332 0.054660735 1.0538978 -0.99462841 -0.023738036 -0.10075178 8.1329684
-0.13460624 -0.053103437 0.98947517 25.442068 -0.026498006 0.99839876 0.049977615 1.0706814 -0.99054485 -0.01949182 -0.13579784 8.0007673
-0.16478155 -0.047218444 0.98519916 26.280916 -0.020645329 0.99879972 0.044417211 1.0958449 -0.98611404 -0.013020623 -0.1655586 7.8365083
-0.19811068 -0.041038927 0.97932011 27.095088 -0.015637732 0.99912829 0.038705579 1.1102651 -0.98005495 -0.0076463563 -0.19857974 7.6689638
-0.22452689 -0.035154932 0.97383352 27.932422 -0.0094935629 0.99938053 0.033888334 1.1206171 -0.97442169 -0.0016363068 -0.22472155 7.4395686
-0.24898476 -0.028446187 0.96808952 28.787704 -0.00081028817 0.99957434 0.029162933 1.1365036 -0.96850711 0.0064766953 -0.24890183 7.2124748
-0.28018032 -0.018606838 0.959767 29.527489 0.0048734303 0.99977167 0.02080508 1.1389066 -0.95993506 0.010506533 -0.28002567 6.9696389
-0.30432676 -0.0033064138 0.95256192 30.325429 0.0088341639 0.99994117 0.0062932313 1.1192853 -0.95252677 0.010330288 -0.30427965 6.6963655
-0.32887367 0.013648552 0.94427525 31.076167 0.0097556209 0.9998913 -0.011054722 1.1013805 -0.94432357 0.0055763852 -0.32897107 6.4359217
-0.3503892 0.028081768 0.93618307 31.899806 0.0091339161 0.99960534 -0.026565593 1.0674446 -0.93655969 -0.00075727846 -0.35050741 6.1523001
-0.37483462 0.039315242 0.92625766 32.665241 0.012129557 0.99922287 -0.037503723 1.0291831 -0.92701238 -0.0028225979 -0.3750202 5.7976349
-0.40205893 0.043777155 0.91456662 33.363805 0.016334161 0.99904034 -0.040639846 0.98295755 -0.91546812 -0.0014009341 -0.40238815 5.4759475
-0.42386008 0.042903414 0.90471093 34.11209 0.018896644 0.99907893 -0.038525414 0.93403067 -0.90553057 0.000766616 -0.4242804 5.1429069
-0.44480504 0.040101922 0.89472914 34.863191 0.022919411 0.99917959 -0.033389268 0.89709699 -0.89533415 0.0056549512 -0.44535924 4.7485079
-0.46155368 0.038875344 0.88626003 35.617134 0.030113057 0.99915018 -0.02814469 0.85552907 -0.88660108 0.013697715 -0.4623321 4.3567181
-0.4760486 0.039664115 0.878524 36.312596 0.0343395 0.99905887 -0.026498439 0.81200836 -0.87874831 0.017553531 -0.47696262 3.9618704
-0.48674726 0.042748087 0.87249621 37.0019 0.037307642 0.99890787 -0.028128498 0.76977924 -0.87274585 0.018859309 -0.4878105 3.5815235
-0.4975516 0.045506216 0.86623988 37.676613 0.038343196 0.99880069 -0.03044644 0.72140812 -0.86658656 0.018065731 -0.49869974 3.1669703
-0.5078485 0.044190197 0.86031219 38.372704 0.032279187 0.99895822 -0.032257154 0.67421551 -0.86084146 0.011388432 -0.50874586 2.7549337
-0.51781874 0.043554467 0.85438089 39.077015 0.030430124 0.9990089 -0.032484353 0.64154072 -0.85494902 0.0091779101 -0.51863089 2.335289
-0.52594626 0.045297924 0.84931064 39.745186 0.032562629 0.99892103 -0.033112567 0.59485863 -0.84989427 0.010240358 -0.52685381 1.916938
-0.53318497 0.048340344 0.84461645 40.434627 0.036907791 0.99874478 -0.033862691 0.55510137 -0.84519327 0.01311785 -0.53429984 1.4854816
-0.53811092 0.051429394 0.84130351 41.106627 0.037578297 0.9986081 -0.037009851 0.51501855 -0.84203597 0.011699349 -0.53929456 1.0411797
-0.53647023 0.052923072 0.84225814 41.832708 0.03680257 0.99854939 -0.039302461 0.47078826 -0.84311644 0.0099126654 -0.53763973 0.5797269
-0.53344367 0.053714181 0.8441283 42.563334 0.039009344 0.99848199 -0.038884319 0.42631999 -0.84493561 0.012186298 -0.53472925 0.13845582
-0.5277069 0.052848341 0.84778088 43.315492 0.037762044 0.99853552 -0.038740735 0.38372826 -0.84858678 0.011570187 -0.52892974 -0.31316949
-0.52077736 0.051109122 0.85216122 44.046812 0.03514832 0.99864354 -0.038414497 0.33788041 -0.8529687 0.0099466359 -0.52186735 -0.77657229
-0.51310805 0.050501072 0.85683704 44.847137 0.033423016 0.99868606 -0.038846473 0.28945847 -0.85767307 0.0087056412 -0.51412175 -1.2365493
-0.50665461 0.049372639 0.86073421 45.640148 0.030499799 0.99876042 -0.039336851 0.24278802 -0.8616095 0.006322024 -0.50753243 -1.6964761
-0.50320317 0.047223359 0.86287685 46.431418 0.026795261 0.99887831 -0.03904025 0.19891337 -0.86375266 0.0034758346 -0.50390409 -2.1548873
-0.50291361 0.044096912 0.86321104 47.262215 0.02165582 0.99902706 -0.038418183 0.15007389 -0.86406538 -0.00062748339 -0.50337926 -2.627483
-0.5022746 0.04210118 0.86368261 48.11641 0.01903748 0.99911033 -0.037631509 0.098769371 -0.86449862 -0.0024590095 -0.50262924 -3.0923503
-0.5028959 0.040724598 0.86338703 48.990442 0.017392932 0.99916396 -0.036998142 0.047779733 -0.86417201 -0.0035893811 -0.50318378 -3.6007147
-0.50306082 0.040080653 0.86332108 49.862178 0.01728312 0.99919084 -0.036317612 -0.0080560653 -0.86407822 -0.0033490849 -0.50334648 -4.1054741
-0.50418391 0.039449787 0.86269475 50.705468 0.017260851 0.99921687 -0.035605002 -0.05493399 -0.86342383 -0.003060623 -0.50447001 -4.5829828
-0.50436859 0.038895953 0.86261194 51.573089 0.017489148 0.99924019 -0.03483075 -0.10506866 -0.86331137 -0.0024811873 -0.50466563 -5.0991343
-0.50418078 0.038574344 0.86273617 52.502664 0.017397414 0.99925287 -0.034511224 -0.16370542 -0.86342292 -0.0023905168 -0.50447518 -5.6206282
-0.50410391 0.037138084 0.8628441 53.412654 0.015729613 0.99930409 -0.033821728 -0.21142614 -0.86349979 -0.0034774612 -0.50433727 -6.1292736
-0.5044262 0.035910644 0.8627077 54.288254 0.014759289 0.99934741 -0.032968565 -0.27361067 -0.8633287 -0.0038972547 -0.50462703 -6.6500212
-0.50361647 0.035589903 0.86319392 55.213908 0.013658833 0.99935423 -0.033234833 -0.32828026 -0.8638194 -0.0049473869 -0.50377736 -7.1457809
-0.50247175 0.034511487 0.86390453 56.116543 0.013545411 0.99939461 -0.032045678 -0.38093517 -0.86448755 -0.0044001057 -0.50263503 -7.6386661
-0.50036945 0.031954105 0.8652221 56.98652 0.013734534 0.99948592 -0.028969828 -0.43666556 -0.86570309 -0.0026121938 -0.5005511 -8.1814077
-0.49787782 0.031215346 0.86668519 57.880153 0.014813775 0.99951232 -0.027489418 -0.48310982 -0.86712069 -0.00084749125 -0.49809744 -8.6871673
-0.49554508 0.030424625 0.86804916 58.763682 0.014518337 0.99953685 -0.026745077 -0.53755781 -0.86846091 -0.00065076102 -0.49575729 -9.1839877
-0.49360206 0.031144486 0.86913 59.669626 0.015512238 0.99951488 -0.027006896 -0.5847925 -0.86954956 0.0001514923 -0.49384573 -9.6772275
-0.49222392 0.031373113 0.86990303 60.551293 0.014836723 0.99950749 -0.027652128 -0.63809263 -0.8703422 -0.00070452751 -0.49244697 -10.184661
-0.49277733 0.032717909 0.86954009 61.4521 0.014592754 0.99946306 -0.029336614 -0.69108953 -0.87003311 -0.0017674328 -0.49299019 -10.671014
-0.4953732 0.034482858 0.86799554 62.324495 0.012950171 0.99939393 -0.032312136 -0.74561861 -0.86858376 -0.0047658744 -0.49551952 -11.186601
-0.50027857 0.035549259 0.86513441 63.195897 0.01222163 0.99934721 -0.033996835 -0.79729877 -0.86577829 -0.0064345347 -0.50038646 -11.663696
-0.50560135 0.034000722 0.86209696 64.088857 0.011949912 0.99940329 -0.032407655 -0.85154364 -0.8626845 -0.0060833706 -0.50570596 -12.168571
-0.51093023 0.031700127 0.85903745 64.936473 0.014823342 0.99949613 -0.028066832 -0.90763717 -0.8594944 -0.0016063866 -0.5111427 -12.6879
-0.51679927 0.029657392 0.85559271 65.801712 0.012270913 0.99955372 -0.027235571 -0.9606415 -0.85601869 -0.0035764187 -0.51693256 -13.186453
-0.52097852 0.032081481 0.85296665 66.642701 0.013358449 0.99947749 -0.029432866 -1.013089 -0.85346529 -0.0039395788 -0.52113486 -13.71055
-0.52617529 0.034665321 0.84966924 67.475183 0.013979227 0.99938636 -0.032116643 -1.0646641 -0.85026126 -0.0050212638 -0.52633701 -14.214692
-0.53060932 0.035134416 0.84688798 68.319086 0.012442625 0.99935575 -0.033663964 -1.1173416 -0.84752521 -0.0073249031 -0.53070464 -14.744611
-0.53381805 0.03561738 0.84484888 69.149573 0.01163458 0.99932732 -0.034778611 -1.1710302 -0.84551936 -0.0087359882 -0.53387336 -15.267912
-0.53744701 0.034540469 0.84258982 69.967504 0.011498168 0.9993681 -0.033633192 -1.2305242 -0.84321917 -0.0083878182 -0.53750455 -15.78298
-0.54031806 0.028126409 0.84099063 70.790941 0.013395061 0.99960207 -0.024825035 -1.2769886 -0.84135428 -0.0021482934 -0.54047981 -16.300566
-0.54174707 0.019838976 0.84030737 71.611451 0.013661215 0.99979719 -0.014797 -1.317231 -0.84043057 0.0034633893 -0.54190822 -16.841612
-0.54339135 0.016855659 0.83931023 72.432023 0.013742334 0.99984304 -0.011182452 -1.3565198 -0.83936705 0.005457635 -0.54353769 -17.363618
-0.54483897 0.022375587 0.83824207 73.233391 0.014227185 0.9997467 -0.017439346 -1.3894182 -0.83842003 0.0024241905 -0.5450193 -17.876521
-0.54582862 0.028103246 0.83742538 74.034967 0.014924621 0.9996049 -0.02381807 -1.4332273 -0.83776394 -0.00050232766 -0.5460324 -18.400626
-0.54690098 0.033164121 0.83654014 74.833927 0.021302082 0.99944282 -0.025695734 -1.4698781 -0.83692628 0.003767025 -0.54730272 -18.913061
-0.54628256 0.033600738 0.8369267 75.620801 0.024180548 0.99941124 -0.024340892 -1.5152033 -0.83725189 0.0069403425 -0.54677342 -19.444686
-0.54567593 0.031303273 0.83741138 76.432125 0.024153429 0.9994744 -0.021622437 -1.5647684 -0.83764816 0.0084275142 -0.54614521 -19.962563
-0.54533779 0.02603632 0.83781188 77.222862 0.022213488 0.99961533 -0.016605696 -1.59255 -0.83792202 0.0095550118 -0.54570637 -20.473773
-0.54468536 0.019956233 0.83840297 78.040638 0.020530491 0.99973453 -0.010458308 -1.6236533 -0.83838918 0.011516338 -0.54495048 -20.99846
-0.54473762 0.013618585 0.83849592 78.834895 0.011607773 0.99989479 -0.0086988625 -1.6639406 -0.83852623 0.0049944738 -0.54483839 -21.489629
-0.54286651 0.0082905142 0.83977804 79.647986 0.0028260426 0.99996364 -0.0080450397 -1.6884768 -0.83981428 -0.0019941334 -0.54287021 -21.998068
-0.54096302 0.0087299048 0.84100104 80.447949 0.0057971021 0.99996108 -0.0066510572 -1.7163574 -0.84102644 0.0012773937 -0.54099257 -22.508451
-0.53863821 0.01212816 0.84244984 81.235685 0.011184173 0.99991121 -0.0072441807 -1.7506861 -0.84246297 0.0055201133 -0.53872603 -23.010915
-0.53174743 0.015014194 0.84676985 82.018556 0.011800083 0.99987713 -0.010318842 -1.7762505 -0.84682081 0.0045049376 -0.53185927 -23.509348
-0.52468875 0.017567641 0.85111282 82.805416 0.017491158 0.99979846 -0.0098537889 -1.8042131 -0.85111447 0.0097167774 -0.52489028 -23.986753
-0.51688515 0.020016259 0.85582068 83.603824 0.024475485 0.99966345 -0.0085981888 -1.844502 -0.85570483 0.016502351 -0.5172011 -24.478773
-0.50668352 0.019760419 0.86190561 84.409232 0.023351903 0.99968505 -0.0091914596 -1.866408 -0.86181585 0.015469976 -0.50698539 -24.946401
-0.49713454 0.0171418 0.86750409 85.211789 0.019370809 0.99977491 -0.0086547633 -1.8919923 -0.86745725 0.012501675 -0.49735469 -25.388842
-0.48414062 0.014152237 0.87487571 86.038193 0.020868796 0.99977153 -0.0046241674 -1.9148767 -0.87474134 0.016018856 -0.48432535 -25.845082
-0.47338326 0.013325759 0.88075572 86.857866 0.020980969 0.99977246 -0.0038497464 -1.9424789 -0.88060669 0.016656705 -0.47355514 -26.2746
-0.46233657 0.012001636 0.88662325 87.676475 0.020037783 0.99979446 -0.0030847018 -1.9671808 -0.88647811 0.016339795 -0.46248204 -26.693364
-0.44960722 0.013955929 0.8931173 88.506563 0.024120519 0.999703 -0.0034788539 -1.9834274 -0.89290068 0.019978336 -0.44981031 -27.100303
-0.43804931 0.016619614 0.89879726 89.334631 0.022570545 0.99971723 -0.0074854506 -2.0211994 -0.89866759 0.017007348 -0.43830056 -27.498334
-0.42671808 0.026767313 0.90398845 90.170359 0.025719284 0.9995168 -0.017455416 -2.0421009 -0.90401895 0.015801395 -0.42720033 -27.887957
-0.4136855 0.032240382 0.90984877 90.999999 0.026657282 0.99937323 -0.023292269 -2.0751004 -0.91002954 0.014618423 -0.41428566 -28.251768
-0.40255048 0.028367132 0.91495811 91.840724 0.02383974 0.99950559 -0.020499744 -2.1076599 -0.91508735 0.013560183 -0.40302772 -28.621198
-0.39036536 0.024612652 0.92033094 92.685669 0.02438883 0.99956823 -0.016387007 -2.1509166 -0.92033697 0.016048876 -0.39079709 -28.966219
-0.380779 0.025217932 0.9243221 93.522443 0.021361986 0.99960115 -0.018471567 -2.1871812 -0.92441933 0.012711772 -0.38116583 -29.29116
-0.37373417 0.029512765 0.92706618 94.372342 0.016330506 0.99954811 -0.025236773 -2.229206 -0.92739213 0.0057076167 -0.37404724 -29.624994
-0.36836742 0.035210148 0.92901325 95.218048 0.010953792 0.99937756 -0.033533656 -2.2615753 -0.9296158 -0.0021764876 -0.36852382 -29.94308
-0.36486373 0.035814268 0.93037182 96.053077 0.0045230723 0.9993163 -0.036694443 -2.3226204 -0.93104998 -0.0091803315 -0.36477626 -30.260398
-0.36210189 0.036552474 0.93142153 96.891754 0.0060514947 0.99930198 -0.03686376 -2.3665569 -0.93211892 -0.0077119443 -0.36207034 -30.582725
-0.35644732 0.03546423 0.93364207 97.74937 0.0029705094 0.99931732 -0.036824805 -2.4212236 -0.93431074 -0.01035271 -0.35630933 -30.903743
-0.35148259 0.031844483 0.93565263 98.581984 0.0015030479 0.99943924 -0.0334508 -2.4655568 -0.93619325 -0.010351042 -0.35133336 -31.200423
-0.34581477 0.028089691 0.93788221 99.443119 0.0016361368 0.99956833 -0.029333922 -2.5136257 -0.93830141 -0.0086095994 -0.34571145 -31.519005
-0.34007014 0.025503966 0.94005413 100.29646 0.0010618318 0.99964195 -0.026736477 -2.55609 -0.94039952 -0.0080940972 -0.33997546 -31.811474
-0.33463857 0.024312996 0.94203282 101.14168 -0.0038266552 0.99962381 -0.027158709 -2.6030535 -0.94233882 -0.012693186 -0.33441965 -32.101008
-0.32775127 0.023794998 0.94446431 102.00381 -0.01532819 0.99941727 -0.030498732 -2.6439958 -0.94463973 -0.024472927 -0.32719555 -32.372642
-0.32116871 0.027166332 0.94663223 102.85345 -0.013546351 0.99935442 -0.033275284 -2.6947459 -0.94692515 -0.023510392 -0.32059337 -32.646715
-0.31447716 0.031336197 0.94874764 103.71036 -0.010810225 0.99927196 -0.036588181 -2.7435153 -0.94920353 -0.021762322 -0.31390945 -32.922286
-0.30779926 0.029331045 0.95099907 104.54444 -0.012924558 0.99930359 -0.035004016 -2.7866679 -0.95136357 -0.023065453 -0.30720582 -33.186236
-0.30087229 0.024355668 0.95335334 105.41292 -0.013323845 0.9994689 -0.029738718 -2.8339347 -0.9535714 -0.021649888 -0.30038799 -33.45349
-0.29404472 0.021843338 0.95554199 106.2614 -0.013039842 0.99955409 -0.02686213 -2.8744595 -0.95570275 -0.020358784 -0.29362877 -33.703567
-0.28767499 0.024308084 0.95741952 107.1167 -0.017142429 0.99938701 -0.030524372 -2.9264286 -0.9575747 -0.025193594 -0.28708196 -33.953405
-0.28099644 0.027491263 0.95931494 107.98331 -0.01657106 0.99930163 -0.033491057 -2.9703654 -0.95956577 -0.025307733 -0.28034465 -34.198948
-0.2742274 0.02831619 0.96124786 108.83088 -0.017869998 0.99924377 -0.034533463 -3.0099944 -0.96149887 -0.026647519 -0.27351401 -34.427616
-0.26728612 0.027234868 0.96323222 109.71215 -0.018195204 0.99927966 -0.033303052 -3.0619267 -0.96344545 -0.02642765 -0.26659804 -34.665568
-0.25973186 0.027103103 0.96530032 110.55528 -0.015977417 0.99934863 -0.032358107 -3.1080027 -0.96554863 -0.023827437 -0.25912964 -34.885874
-0.25195872 0.028174381 0.96732773 111.42603 -0.011335405 0.99942161 -0.032061665 -3.1547497 -0.96767163 -0.019043267 -0.25149362 -35.111967
-0.24502586 0.029076439 0.96908039 112.31044 -0.0094289413 0.99943144 -0.032371143 -3.200282 -0.96947073 -0.017069169 -0.24461239 -35.335974
-0.23847193 0.028047392 0.97074425 113.1562 -0.015695871 0.99934099 -0.032729457 -3.243207 -0.97102258 -0.023041733 -0.23787455 -35.521974
-0.23247025 0.025744038 0.97226269 114.02933 -0.020911073 0.99928626 -0.031459465 -3.2920454 -0.97237873 -0.027644445 -0.23176599 -35.714744
-0.22738962 0.026250963 0.97344993 114.92038 -0.01716744 0.99937318 -0.0309602 -3.3331469 -0.97365257 -0.023751671 -0.22679643 -35.926759
-0.22335234 0.026264862 0.97438381 115.76167 -0.016219709 0.99939835 -0.030657085 -3.3801908 -0.97460286 -0.022651553 -0.22279196 -36.106586
-0.2183633 0.027836938 0.9754704 116.64957 -0.015704772 0.99936338 -0.03203435 -3.4275553 -0.97574121 -0.022314666 -0.21778711 -36.303646
-0.21278976 0.026871125 0.97672841 117.49617 -0.010087187 0.99950809 -0.029695415 -3.4666305 -0.97704598 -0.016171322 -0.21241404 -36.485141
-0.2074144 0.026024842 0.97790689 118.37313 -0.0011292015 0.99963903 -0.026842698 -3.5080492 -0.97825256 -0.0066718153 -0.20731014 -36.678516
-0.20217906 0.024931472 0.97903114 119.25865 0.00097035516 0.99968052 -0.025256929 -3.5540284 -0.97934813 -0.0041564134 -0.20213866 -36.870717
-0.1981132 0.026272124 0.97982695 120.11505 -0.0012797785 0.99963294 -0.027061942 -3.5926733 -0.98017835 -0.0066152886 -0.19800686 -37.02398
-0.1947427 0.028509026 0.98043992 120.98633 -0.0027775111 0.99955747 -0.029616612 -3.635545 -0.98085047 -0.008490801 -0.19457734 -37.188502
-0.19300181 0.027521134 0.98081232 121.87423 -0.0058765791 0.99955621 -0.029203456 -3.6800971 -0.98118084 -0.01140014 -0.19275443 -37.353778
-0.19210819 0.025873044 0.98103259 122.72709 -0.0085119409 0.99957087 -0.028028787 -3.7258344 -0.98133688 -0.01373505 -0.19180552 -37.509241
-0.19057792 0.022446444 0.98141537 123.6078 -0.0050418925 0.99970298 -0.023843777 -3.7590953 -0.98165917 -0.0094922875 -0.19040814 -37.686002
-0.18977955 0.016814973 0.98168269 124.46254 -0.005160802 0.99982244 -0.018123372 -3.7999411 -0.98181321 -0.0085057146 -0.18965907 -37.836734
-0.18915834 0.01463024 0.98183756 125.32892 -0.0044724663 0.99986579 -0.015760529 -3.8358115 -0.98193645 -0.0073724701 -0.18906752 -37.99714
-0.1881143 0.019150101 0.98196039 126.2004 -0.0063682054 0.99976509 -0.020717284 -3.8725216 -0.98212654 -0.010150542 -0.18794816 -38.162568
-0.18777987 0.023158455 0.98193804 127.0449 -0.0062208774 0.99967391 -0.024766387 -3.9110865 -0.98219148 -0.010759144 -0.18757458 -38.311327
-0.18776757 0.02204779 0.98196596 127.89666 -0.0092293248 0.99966429 -0.024209958 -3.9436726 -0.98217017 -0.013608727 -0.18750105 -38.47035
-0.18746917 0.021508758 0.98203493 128.75891 -0.0093770691 0.99967549 -0.023685195 -3.9849655 -0.98222577 -0.013648853 -0.18720665 -38.626351
-0.18652487 0.022014089 0.98220353 129.59077 -0.004275763 0.99972127 -0.023218698 -4.0230849 -0.98244098 -0.0085305334 -0.18637875 -38.784482
-0.18623425 0.024241604 0.98220622 130.44452 -0.0074760511 0.99963166 -0.026089196 -4.068494 -0.98247697 -0.012201725 -0.18598443 -38.940559
-0.18621724 0.025674478 0.98217304 131.27003 -0.016569705 0.99943428 -0.029267263 -4.1000239 -0.9823689 -0.021724386 -0.18568648 -39.075774
-0.18585845 0.027122659 0.98220207 132.11115 -0.021413377 0.99926973 -0.03164594 -4.1418546 -0.98234321 -0.026913929 -0.18514194 -39.222814
-0.18610907 0.030297396 0.98206181 132.95407 -0.021236219 0.99916692 -0.034849545 -4.1931495 -0.98229961 -0.027341096 -0.18531063 -39.370775
-0.18531133 0.031308023 0.98218096 133.78315 -0.018145122 0.99921292 -0.035274433 -4.2384999 -0.98251236 -0.024358545 -0.18459739 -39.521865
-0.18376329 0.032600473 0.98242973 134.60151 -0.017526924 0.99918232 -0.036434789 -4.2858654 -0.9828143 -0.023914348 -0.18304164 -39.669266
-0.18150923 0.031455041 0.98288601 135.42134 -0.014197196 0.99930032 -0.034602133 -4.3267198 -0.9832868 -0.020234832 -0.18093566 -39.82619
-0.17833383 0.028948284 0.98354408 136.24457 -0.0050265905 0.9995273 -0.03033012 -4.3766484 -0.98395724 -0.010352759 -0.17810402 -39.97163
-0.17616083 0.024175069 0.98406445 137.05709 0.00037747809 0.99969996 -0.024491604 -4.4135772 -0.98436137 -0.0039429978 -0.1761171 -40.123947
-0.17230593 0.024115191 0.98474821 137.88143 0.0035544848 0.999709 -0.023859615 -4.4515408 -0.98503711 -0.00061087971 -0.17234151 -40.267417
-0.16757808 0.028134555 0.98545723 138.67261 0.00067049716 0.99959573 -0.028424185 -4.5016843 -0.98585862 -0.0041025232 -0.1675292 -40.396371
-0.16110509 0.031539713 0.98643313 139.50342 0.0033434461 0.99950095 -0.031411481 -4.5417065 -0.98693163 -0.0017624628 -0.16113015 -40.525056
-0.15308024 0.032138904 0.98769097 140.27377 -0.00029871577 0.99946946 -0.032568465 -4.5798864 -0.98821376 -0.0052806267 -0.15298943 -40.636662
-0.14299405 0.028637067 0.98930912 141.06682 0.007992602 0.99958213 -0.027779189 -4.6088401 -0.98969132 0.0039348962 -0.14316319 -40.751983
-0.13088702 0.027292468 0.99102151 141.8813 0.014546016 0.99956626 -0.025606654 -4.6527288 -0.99129062 0.011063837 -0.13122724 -40.857899
-0.11752943 0.029090727 0.99264318 142.67505 0.013633409 0.99952391 -0.027678173 -4.6979054 -0.99297585 0.010280112 -0.11787009 -40.948992
-0.10349824 0.030397399 0.99416499 143.48201 0.013168788 0.99948716 -0.029189181 -4.7355923 -0.9945425 0.01007092 -0.10384546 -41.020444
-0.089402773 0.030526421 0.9955276 144.26997 0.015559001 0.99945104 -0.02924946 -4.7729542 -0.99587406 0.012874433 -0.089828657 -41.089538
-0.075748563 0.032060717 0.99661135 145.03934 0.018667686 0.99935338 -0.030730067 -4.8116598 -0.99695223 0.01627667 -0.076298084 -41.144758
-0.061984181 0.038025416 0.99735247 145.83028 0.015992603 0.99918353 -0.037101307 -4.8613791 -0.99794904 0.013650569 -0.0625417 -41.177469
-0.04928473 0.047125071 0.99767237 146.58822 0.0085850263 0.99886938 -0.046757512 -4.9093827 -0.99874791 0.0062606131 -0.049633579 -41.197419
-0.035470011 0.055731799 0.99781549 147.37795 0.0014855126 0.99844565 -0.055714187 -4.9567044 -0.99936968 -0.00049391454 -0.03549767 -41.205282
-0.022819773 0.056577032 0.99813737 148.11706 -0.0003366117 0.99839691 -0.056599437 -5.0067874 -0.99973958 -0.0016275702 -0.022764148 -41.209843
-0.01061626 0.052519745 0.99856341 148.9072 -0.0021051416 0.99861634 -0.052544908 -5.0664228 -0.99994147 -0.002659947 -0.010491011 -41.205519
0.00015037591 0.049674963 0.99876538 149.66105 -0.0027854492 0.99876158 -0.049674353 -5.1200793 -0.99999615 -0.0027745396 0.00028855523 -41.188658
0.009334652 0.055886087 0.99839347 150.40146 -0.0044880085 0.9984293 -0.05584613 -5.1821183 -0.9999464 -0.0039594934 0.0095708058 -41.168734
0.015690777 0.064597058 0.99778802 151.13332 -0.012889138 0.99784107 -0.064397801 -5.2358756 -0.99979386 -0.011850176 0.016489501 -41.14595
0.018964996 0.068005944 0.9975046 151.89587 -0.016926711 0.99756293 -0.0676881 -5.2882829 -0.9996769 -0.015600767 0.020069892 -41.12022
0.019395078 0.06374108 0.99777794 152.6773 -0.019863717 0.99779329 -0.063355942 -5.3483858 -0.9996146 -0.018590785 0.020618412 -41.102009
0.017869234 0.058413497 0.99813249 153.42866 -0.012704089 0.9982246 -0.058191449 -5.4194903 -0.99975966 -0.011640527 0.018579598 -41.082207
0.014707369 0.055797007 0.99833376 154.16793 -0.013532518 0.99836146 -0.055599193 -5.4729364 -0.9998003 -0.012692251 0.015438343 -41.061814
0.011531944 0.05582976 0.99837366 154.89862 -0.015507013 0.99833001 -0.055648199 -5.5265474 -0.9998133 -0.014840061 0.012378437 -41.051923
0.0081338896 0.055899391 0.99840323 155.64973 -0.01417897 0.99834237 -0.055780467 -5.583572 -0.99986643 -0.013702617 0.0089130009 -41.04713
0.0035094682 0.054310121 0.99851791 156.39421 -0.012005998 0.99845442 -0.054264468 -5.6399124 -0.99992181 -0.011797764 0.0041560897 -41.036044
-0.0019093752 0.054517305 0.99851096 157.13368 -0.014588743 0.99840504 -0.054539417 -5.6930972 -0.9998918 -0.014671156 -0.0011109924 -41.033845
-0.0082798364 0.052781347 0.99857172 157.88474 -0.014968387 0.99848757 -0.05290101 -5.7441473 -0.99985373 -0.01538502 -0.0074772636 -41.027758
-0.013694515 0.049920796 0.99865925 158.61774 -0.011883595 0.99867428 -0.050084504 -5.7955489 -0.99983565 -0.012553544 -0.013083123 -41.044103
-0.01911238 0.049864858 0.99857305 159.35306 -0.015829591 0.99861524 -0.050169937 -5.8514337 -0.99969207 -0.016765869 -0.018296575 -41.050426
-0.024356266 0.051177373 0.99839249 160.0683 -0.015443917 0.99855036 -0.051562225 -5.8983941 -0.99958408 -0.016674954 -0.023530581 -41.06295
-0.028628087 0.053466776 0.99815913 160.79233 -0.017276689 0.99839283 -0.053974803 -5.9542692 -0.99944086 -0.01879008 -0.027658349 -41.077524
-0.031362112 0.055507884 0.99796553 161.51707 -0.017498908 0.99827321 -0.056074917 -6.0100451 -0.99935494 -0.019221935 -0.030336631 -41.095667
-0.03283177 0.057146665 0.99782576 162.22361 -0.016061812 0.99820493 -0.057696865 -6.068034 -0.99933187 -0.017921179 -0.031854958 -41.117464
-0.031330909 0.055533581 0.99796509 162.9639 -0.011508029 0.99836908 -0.055917352 -6.1183551 -0.99944286 -0.013236552 -0.03064073 -41.141664
-0.028026282 0.051794887 0.99826436 163.66731 -0.0070165621 0.99862189 -0.052010426 -6.1670888 -0.9995826 -0.008462042 -0.027624238 -41.158372
-0.02110254 0.051261248 0.99846226 164.37024 -0.0061207185 0.99865935 -0.051400727 -6.2231351 -0.99975862 -0.0071959916 -0.020760495 -41.172326
-0.010048701 0.052326141 0.99857945 165.06582 -0.0044920788 0.99861747 -0.052373335 -6.2764505 -0.99993946 -0.0050119808 -0.0097997567 -41.173607
0.0036604983 0.052497103 0.99861433 165.74374 -0.0011651095 0.9986206 -0.05249316 -6.3261003 -0.99999266 -0.00097134306 0.0037166124 -41.166891
0.019229168 0.050292739 0.99854935 166.436 -0.002375749 0.99873353 -0.050256264 -6.3729899 -0.99981232 -0.0014059156 0.019324297 -41.140642
0.034947973 0.045505463 0.99835255 167.12947 -0.006149898 0.9989537 -0.045317581 -6.4174094 -0.99937025 -0.0045560079 0.03519126 -41.093995
0.051621972 0.039108203 0.99790061 167.80095 -0.0084498355 0.99921427 -0.03872257 -6.4597432 -0.99863099 -0.0064331599 0.051911867 -41.046213
0.068728605 0.031745602 0.99713014 168.47856 -0.0080956536 0.99947843 -0.031262359 -6.4953124 -0.99760259 -0.0059238012 0.068949758 -40.992296
0.086417447 0.023881795 0.99597269 169.16487 -0.0090641588 0.99969011 -0.023184463 -6.5330336 -0.99621782 -0.0070241118 0.086607134 -40.918662
0.10401611 0.017983384 0.99441297 169.81558 -0.011867349 0.99978778 -0.016839253 -6.5679506 -0.99450485 -0.010049492 0.10420745 -40.833778
0.1218986 0.015427524 0.99242261 170.48646 -0.01127368 0.99983621 -0.014158032 -6.596637 -0.99247857 -0.0094624102 0.12205255 -40.73545
0.14007506 0.01436708 0.99003661 171.12499 -0.01053854 0.99985972 -0.013018587 -6.6177493 -0.99008485 -0.0086099602 0.14020681 -40.635877
0.15726631 0.01375377 0.98746041 171.75297 -0.011822244 0.99985758 -0.012043591 -6.6389113 -0.98748551 -0.0097799457 0.15740651 -40.518654
0.17365662 0.013390344 0.98471518 172.41377 -0.017191678 0.99979641 -0.010563632 -6.6560236 -0.98465624 -0.015094461 0.17385147 -40.386411
0.18766635 0.0099148505 0.98218275 173.00825 -0.020148355 0.99977751 -0.0062427037 -6.6752796 -0.9820262 -0.018617821 0.18782436 -40.252485
0.19981033 0.005692606 0.97981802 173.64195 -0.016238766 0.99986502 -0.0024975698 -6.6950264 -0.97970006 -0.015411995 0.1998758 -40.117158
0.21146494 0.0043137193 0.97737602 174.28567 -0.014701692 0.99989117 -0.001232235 -6.7145566 -0.97727505 -0.014108506 0.21150535 -39.971728
0.22060297 0.0076087361 0.97533397 174.85485 -0.017407872 0.99984101 -0.003862572 -6.7323911 -0.97520838 -0.016126394 0.22070034 -39.82777
0.22980604 0.014677794 0.97312572 175.47712 -0.021350807 0.99972166 -0.010036899 -6.7542385 -0.97300226 -0.018470479 0.23005546 -39.664748
0.23869267 0.02483141 0.97077759 176.04845 -0.021831417 0.99955758 -0.020199709 -6.7729524 -0.97084977 -0.016371927 0.23912917 -39.514674
0.24685001 0.031433217 0.96854372 176.62033 -0.017174854 0.99945871 -0.028059227 -6.7884323 -0.96890153 -0.0097081764 0.24725625 -39.367106
0.25338127 0.03015883 0.96689622 177.24484 -0.017564577 0.99949256 -0.026572646 -6.8080379 -0.96720706 -0.010250112 0.25378242 -39.196761
0.25950841 0.022595478 0.96547644 177.84894 -0.019236449 0.99964885 -0.018224704 -6.8268895 -0.96554929 -0.013842873 0.25985194 -39.024022
0.26366899 0.011622278 0.96454316 178.45501 -0.022478011 0.99972992 -0.0059016381 -6.8524825 -0.96435133 -0.020124933 0.26385902 -38.843986
0.26602283 0.0028765096 0.9639624 179.06374 -0.02239217 0.99974415 0.0031962395 -6.8751834 -0.96370666 -0.022435482 0.26601917 -38.668878
0.2665987 0.0016575644 0.96380616 179.67069 -0.019248365 0.99980823 0.0036048148 -6.8964075 -0.96361544 -0.019512732 0.26657948 -38.505379
0.26781398 0.0045813797 0.96345971 180.28801 -0.016610078 0.99986203 -0.00013735547 -6.8996966 -0.96332749 -0.015966354 0.26785312 -38.339616
0.26936826 0.0044438584 0.96302696 180.88165 -0.01449042 0.99989485 -0.00056086861 -6.9122388 -0.96292827 -0.013803585 0.26940432 -38.165667
0.27133957 0.0024074037 0.96248063 181.50051 -0.015447878 0.99987896 0.001854072 -6.9136041 -0.96235974 -0.015371366 0.27134392 -37.988238
0.27390638 -0.001762944 0.9617547 182.09458 -0.015711221 0.99985668 0.0063073204 -6.9281301 -0.96162806 -0.016837955 0.27383942 -37.803944
0.2771713 -0.0074091927 0.96079191 182.72332 -0.013870235 0.99983521 0.011711592 -6.9385617 -0.96072044 -0.016572526 0.27702286 -37.622231
0.28124162 -0.010383371 0.95958077 183.34444 -0.012712048 0.99981341 0.014544466 -6.946688 -0.95955283 -0.016288745 0.28105715 -37.436898
0.28732798 -0.011805429 0.95775946 183.93757 -0.01135268 0.99981183 0.015729576 -6.941228 -0.95776502 -0.015392683 0.28713989 -37.253126
0.29521649 -0.015198564 0.95530945 184.57968 -0.0096255725 0.99977541 0.018880561 -6.9466007 -0.95538194 -0.014769253 0.29500389 -37.052407
0.3049406 -0.017184448 0.95221628 185.17935 -0.0077026792 0.99975999 0.020509189 -6.9506465 -0.95234026 -0.0135887 0.30473504 -36.84872
0.31580162 -0.015348851 0.94870104 185.80248 -0.0093239771 0.99977067 0.019278842 -6.9545118 -0.94877947 -0.014933956 0.31558609 -36.6279
0.32725734 -0.011611813 0.94486387 186.42661 -0.0096444028 0.99983137 0.015627708 -6.9531893 -0.94488607 -0.014226929 0.32709016 -36.403522
0.33894014 -0.0078282159 0.94077533 187.03132 -0.011387701 0.99985799 0.012422576 -6.9540317 -0.94073906 -0.014923777 0.33880286 -36.163676
0.35030516 -0.0073381709 0.93660684 187.65662 -0.010471456 0.99987613 0.01175036 -6.9530759 -0.93657713 -0.013923849 0.35018492 -35.929907
0.36193462 -0.010234858 0.93214726 188.27579 -0.0097970338 0.99984274 0.014782143 -6.9573005 -0.93215204 -0.014482447 0.36177743 -35.668222
0.37303073 -0.012544566 0.92773414 188.88534 -0.0091074587 0.99981091 0.017181168 -6.9576001 -0.92777433 -0.014858403 0.37284594 -35.40353
0.38414027 -0.012494472 0.92319016 189.52513 -0.012405314 0.99974832 0.018692473 -6.964471 -0.92319144 -0.018632995 0.38388858 -35.132998
0.39366613 -0.014208584 0.91914364 190.14251 -0.014292633 0.99966507 0.021574811 -6.9531213 -0.91914241 -0.021630255 0.39333119 -34.85214
0.40049028 -0.012895028 0.91621023 190.78091 -0.018821843 0.99957423 0.02229565 -6.9546045 -0.91610772 -0.026173956 0.40007705 -34.564842
0.40564085 -0.014652218 0.91391507 191.41325 -0.020223978 0.99948285 0.025000476 -6.9507869 -0.91380882 -0.028624212 0.40513474 -34.256311
0.40706999 -0.019807086 0.91318215 192.06669 -0.014690752 0.99949356 0.028227905 -6.9420637 -0.91327886 -0.024906065 0.40657285 -33.97445
0.40787306 -0.017997423 0.91286121 192.71695 -0.01283307 0.99959394 0.025441303 -6.9401169 -0.91294849 -0.022091633 0.40747648 -33.685196
0.40665037 -0.018056271 0.91340537 193.39297 -0.0099517855 0.9996578 0.024191876 -6.9322967 -0.9135297 -0.018927649 0.40633152 -33.396035
0.40527032 -0.01698693 0.91403902 194.05006 -0.0074620962 0.99973258 0.021888074 -6.9310768 -0.91416648 -0.015691233 0.40503519 -33.100883
0.40561445 -0.018549891 0.91385598 194.72542 -0.0037997273 0.99975119 0.021979941 -6.9190218 -0.91403641 -0.012387785 0.40544304 -32.803656
0.40450141 -0.024824074 0.91420036 195.4161 3.1293004e-05 0.99963191 0.027130024 -6.9126386 -0.91453741 -0.010945524 0.40435329 -32.510995
0.40396567 -0.027936788 0.91434742 196.08868 0.000603233 0.99954148 0.030273277 -6.908927 -0.91477399 -0.0116778 0.40379729 -32.199686
0.40219161 -0.030200909 0.91505724 196.77754 0.0015422766 0.99947673 0.032309252 -6.8996676 -0.91555426 -0.011583238 0.40202773 -31.89873
0.40007428 -0.030230713 0.91598395 197.46628 0.0001269106 0.99945765 0.03293021 -6.8916035 -0.91648275 -0.013058281 0.39986114 -31.592184
0.39890168 -0.030463587 0.91648751 198.1519 -0.0010444653 0.99943228 0.033675234 -6.8826211 -0.91699315 -0.014390346 0.3986434 -31.284453
0.39656488 -0.029673434 0.91752695 198.8341 -0.0019141651 0.99944855 0.033150155 -6.8740769 -0.91800474 -0.014902485 0.3962894 -30.992856
0.39617182 -0.026928025 0.9177814 199.51936 -0.00022374008 0.99956699 0.029424223 -6.8692001 -0.9181764 -0.011862392 0.39599425 -30.690878
0.39510573 -0.020019327 0.91841745 200.21909 -0.0024865389 0.99973555 0.022861585 -6.8718234 -0.91863233 -0.011316423 0.39495146 -30.394576
0.39397683 -0.017590863 0.91895199 200.89077 -0.0039470243 0.99977524 0.020830191 -6.8618947 -0.91911194 -0.011833738 0.39381884 -30.106193
0.39298202 -0.01980996 0.91933271 201.59682 -0.0051045303 0.99970552 0.023723853 -6.8536546 -0.91953203 -0.014015809 0.39276517 -29.797804
0.39140705 -0.022592741 0.91994023 202.27892 -0.0068818234 0.99959874 0.027477078 -6.8515072 -0.92019196 -0.017085588 0.39109451 -29.493081
0.38820183 -0.022564474 0.92129806 202.96282 -0.010388459 0.99952954 0.028857845 -6.8497583 -0.92151587 -0.020773534 0.38778478 -29.19755
0.38434622 -0.022055183 0.9229255 203.65891 -0.013743501 0.99946711 0.029607689 -6.8469618 -0.92308676 -0.02406383 0.38383829 -28.905242
0.37725348 -0.023449357 0.92581308 204.33968 -0.01352848 0.99943319 0.030826667 -6.8392021 -0.92601127 -0.024154311 0.37672241 -28.622881
0.36863089 -0.023474231 0.92927938 205.0417 -0.013089027 0.99945092 0.030439028 -6.826273 -0.92948374 -0.023384129 0.36812122 -28.346072
