1 0 0 0 0 1 0 0 0 0 1 0
0.99987799 0.001240029 0.01557153 -0.0004890946 -0.0012293079 0.999999 -0.00069806124 -0.0040391172 -0.015572382 0.00067883389 0.99987851 0.11130858
0.99932179 0.0036662984 0.036640499 0.025993892 -0.0036383397 0.99999304 -0.00082971041 -0.0021816084 -0.036643289 0.00069583714 0.99932817 0.2659239
0.99794535 0.0054819906 0.0638359 0.056478342 -0.0055706243 0.99998375 0.0012105542 -0.0017511041 -0.063828232 -0.0015636727 0.99795967 0.41237301
0.99524953 0.0049462031 0.097231226 0.097762021 -0.0052321705 0.9999827 0.0026863517 -0.0017681655 -0.097216266 -0.0031823206 0.99525819 0.58004627
0.99084159 0.0016635241 0.13501913 0.17220215 -0.0023165726 0.99998637 0.0046797437 -0.0013860851 -0.13500952 -0.0049496664 0.99083194 0.80672679
0.98470976 -0.0013944523 0.17419742 0.235932 0.00036956878 0.99998243 0.0059157583 -0.006001046 -0.17420262 -0.005760927 0.98469298 0.96642617
0.97617425 -0.0018647015 0.21698007 0.32343884 0.00046539147 0.99997877 0.006499946 -0.0070384959 -0.2169876 -0.0062440992 0.97615439 1.1825498
0.96419668 -0.0017094223 0.26518264 0.43356077 -0.00096927711 0.99994983 0.0099701484 0.0025745649 -0.2651864 -0.0098702194 0.96414665 1.3883613
0.94999941 -0.0057998078 0.3121978 0.53967202 0.00075596626 0.99986728 0.016274523 0.011126218 -0.31225078 -0.015224777 0.94987771 1.6344378
0.93327517 -0.01517895 0.35884124 0.69228445 0.0068305544 0.99967597 0.024521276 -0.00077772541 -0.35909721 -0.020434013 0.93307645 1.857637
0.91164632 -0.020677919 0.4104551 0.86101072 0.0092086263 0.99951046 0.029900435 -0.0047089049 -0.41087248 -0.023478894 0.91139045 2.0600192
0.88698998 -0.022714542 0.46122967 1.0419539 0.0081219976 0.99940239 0.033598961 0.0021842296 -0.46171726 -0.026055835 0.88664439 2.3058345
0.85859376 -0.024941339 0.51204948 1.2098956 0.0063011359 0.9992538 0.038106888 0.017723556 -0.51261787 -0.029491843 0.85811023 2.5209176
0.82700527 -0.029979056 0.56139426 1.4350202 0.007053089 0.99905188 0.042960344 0.016790098 -0.56214995 -0.031568868 0.82643261 2.7534146
0.79081446 -0.035818516 0.61100695 1.6717884 0.0097071887 0.99889457 0.045993481 0.025034301 -0.61197899 -0.030441151 0.79028797 2.9362183
0.75215345 -0.040406352 0.65774804 1.9570006 0.010841056 0.99874205 0.048957023 0.034358883 -0.65889885 -0.02969251 0.75164532 3.1768972
0.7131968 -0.04352495 0.69961122 2.2257712 0.011864371 0.99867694 0.050035979 0.044995786 -0.70086347 -0.027385053 0.7127696 3.3907947
0.67150049 -0.045181277 0.73962538 2.5301003 0.010981029 0.99863655 0.05103382 0.058758392 -0.74092277 -0.026147387 0.67108107 3.6144828
0.62895521 -0.045513504 0.77610812 2.8510196 0.0060574296 0.99854149 0.053648801 0.081913966 -0.77741797 -0.029041472 0.62831357 3.8265881
0.58766931 -0.046564896 0.80776014 3.2201667 0.0040833387 0.99850052 0.054589745 0.099913684 -0.80909095 -0.028782359 0.58697825 4.0274308
0.54836634 -0.047654391 0.83487925 3.5869439 0.0018671776 0.99844223 0.055764062 0.11520561 -0.83623617 -0.029020267 0.54760109 4.2352235
0.50728545 -0.050307449 0.86030841 4.0083084 0.00093502026 0.99832619 0.057826845 0.13240397 -0.86177762 -0.028530311 0.50648339 4.4109359
0.4708255 -0.050094625 0.88080293 4.4118378 -0.0019694315 0.99832443 0.057831262 0.15359721 -0.8822242 -0.028963114 0.46993794 4.6224708
0.43455971 -0.04937445 0.89928858 4.8884111 -0.0033026568 0.99840211 0.056412099 0.18252189 -0.90063701 -0.027484467 0.43370226 4.7982925
0.40149859 -0.048869899 0.91455483 5.3886516 -0.0013178458 0.9985435 0.05393644 0.20447716 -0.91585873 -0.022860647 0.4008494 4.9965585
0.37173941 -0.046385035 0.92717753 5.8982632 0.00015837234 0.99875409 0.049902385 0.22023836 -0.92833715 -0.018403844 0.3712836 5.1708224
0.34578955 -0.044626219 0.93725024 6.4253826 0.0011504014 0.99888779 0.047136599 0.24385605 -0.93831143 -0.015221129 0.3454563 5.3541953
0.32552972 -0.043691481 0.94452177 7.004038 0.0019180408 0.99896028 0.045548631 0.26558818 -0.9455299 -0.013015801 0.32527506 5.5437386
0.31000363 -0.044224201 0.94970621 7.5959038 0.0030909154 0.99895916 0.045508784 0.28967553 -0.95073039 -0.011172426 0.30981766 5.7156093
0.29918508 -0.046347561 0.95306879 8.1699634 0.0050623714 0.99888271 0.046986315 0.314335 -0.95418171 -0.0092328158 0.29908543 5.9173665
0.28857085 -0.047948055 0.95625717 8.8161877 0.0037806831 0.99879456 0.048940038 0.33621841 -0.95745112 -0.010507362 0.28840428 6.1120494
0.27793404 -0.049630402 0.95931716 9.4804863 0.0017832975 0.99868936 0.051150669 0.36815614 -0.96059855 -0.012505764 0.27765827 6.3209125
0.26706901 -0.051465982 0.96230209 10.180149 0.0011355486 0.998589 0.053091533 0.39941331 -0.96367678 -0.013086362 0.26675061 6.4829885
0.25830008 -0.053278983 0.96459439 10.898305 6.1036725e-05 0.99847895 0.055134238 0.41908454 -0.96606477 -0.014182302 0.25791045 6.6852565
0.24770366 -0.054869536 0.9672808 11.627616 1.4107894e-05 0.99839518 0.056630903 0.45578503 -0.96883589 -0.014014035 0.24730691 6.8592491
0.23684356 -0.056167906 0.96992279 12.387688 -0.00077381728 0.99831622 0.058001117 0.4815346 -0.97154753 -0.014487734 0.23640131 7.0494688
0.2264405 -0.05917912 0.97222551 13.137119 -0.0017144674 0.99812681 0.06115504 0.52176736 -0.97402353 -0.015514827 0.22591488 7.212927
0.21571028 -0.062768926 0.97443782 13.9385 -0.003678203 0.99787244 0.065092719 0.56080634 -0.97645052 -0.017625348 0.21502046 7.395704
0.20282723 -0.066483009 0.97695499 14.718055 -0.0041372643 0.99762544 0.068748603 0.59929748 -0.97920584 -0.017986009 0.20207055 7.5737382
0.19188066 -0.068874625 0.97899848 15.512538 -0.0048444269 0.99745582 0.07112263 0.64435671 -0.98140635 -0.018389744 0.19105882 7.7466068
0.17666784 -0.069555873 0.98180974 16.304224 -0.0055383121 0.99741389 0.07165791 0.67636372 -0.98425499 -0.018097216 0.17582573 7.8707369
0.1625134 -0.068468707 0.98432787 17.115275 -0.0074238851 0.99747644 0.070608996 0.71458591 -0.98667845 -0.018782444 0.16159498 7.9933848
0.1455323 -0.067591957 0.98704184 17.918228 -0.0072469933 0.99756391 0.069381018 0.7581356 -0.989327 -0.017250264 0.14468793 8.1264765
0.1251241 -0.06621047 0.98992932 18.754911 -0.010735147 0.99762198 0.068081876 0.79339002 -0.99208306 -0.01914572 0.12411578 8.2042422
0.099457722 -0.064683202 0.99293714 19.570316 -0.014192932 0.99769117 0.066414532 0.83226441 -0.9949406 -0.020698127 0.098310045 8.2788847
0.069801505 -0.064150369 0.99549606 20.38502 -0.018731585 0.99766992 0.065603861 0.87041786 -0.99738506 -0.023226467 0.068437222 8.3550277
0.037126679 -0.063861827 0.99726786 21.233165 -0.022680955 0.997645 0.064730353 0.91183742 -0.99905319 -0.02502221 0.035590797 8.3649772
0.0016433104 -0.063017966 0.998011 22.083219 -0.023976863 0.99772299 0.063039259 0.94863919 -0.99971121 -0.024032766 0.00012859385 8.3691996
-0.030957219 -0.062551013 0.9975615 22.922667 -0.024298129 0.99779204 0.061811427 0.97779326 -0.99922537 -0.022325368 -0.03240874 8.3088927
-0.066452665 -0.059955911 0.99598657 23.763638 -0.026408293 0.99794905 0.058312074 1.0091454 -0.99744009 -0.022427312 -0.067899709 8.2821309
-0.096537099 -0.057333858 0.99367667 24.598321 -0.028539265 0.99808854 0.054815787 1.0421239 -0.99492019 -0.023067044 -0.09798884 8.2036169
-0.12909663 -0.052685202 0.99023141 25.451613 -0.026162448 0.99842097 0.049710125 1.0678475 -0.99128688 -0.019489467 -0.13027116 8.0602075
-0.16270025 -0.047163211 0.98554765 26.298851 -0.022030631 0.99878155 0.044159565 1.0862468 -0.9864296 -0.014527464 -0.16354104 7.9122748
-0.19250464 -0.041142319 0.98043317 27.106905 -0.015833442 0.99912086 0.038817677 1.104128 -0.98116836 -0.0080510482 -0.19298683 7.7178661
-0.22038866 -0.035248434 0.974775 27.930411 -0.0089478945 0.99937786 0.034115042 1.1184308 -0.97537114 -0.0012036146 -0.22056695 7.5278368
-0.24950471 -0.02839405 0.96795718 28.741787 -0.0013278751 0.99957913 0.02897937 1.1319638 -0.96837272 0.0059451639 -0.2494374 7.2714282
-0.27599213 -0.01865716 0.96097876 29.555855 0.0047462188 0.99977294 0.020773449 1.1322855 -0.96114822 0.010294325 -0.27584091 7.03701
-0.30071101 -0.0032797395 0.95370963 30.315296 0.010351185 0.99992396 0.0067024658 1.1171694 -0.95365917 0.011887531 -0.3006542 6.7684236
-0.32479233 0.013627502 0.94568714 31.100594 0.009767806 0.99989119 -0.011053877 1.0906229 -0.94573496 0.0056470749 -0.3248901 6.4791
-0.35105444 0.027765136 0.93594327 31.855925 0.0091710301 0.99961428 -0.026214082 1.0711403 -0.93631018 -0.00061900537 -0.35117367 6.2190959
-0.37616934 0.038807642 0.92573783 32.617477 0.013418465 0.99924587 -0.036436623 1.0362656 -0.9264538 -0.0012843588 -0.3764064 5.8880134
-0.39920657 0.043449499 0.91583087 33.381477 0.016995831 0.99905554 -0.039989496 0.98483637 -0.91670351 -0.00039876205 -0.399568 5.5518567
-0.42149627 0.042982863 0.90581085 34.136576 0.019120247 0.99907522 -0.038511351 0.93022221 -0.90662858 0.0010869371 -0.42192833 5.1984079
-0.44160321 0.039735615 0.89633008 34.870792 0.023179958 0.99919062 -0.032875287 0.88964639 -0.89691101 0.0062590625 -0.44216686 4.829392
-0.45973259 0.038684455 0.8872144 35.617116 0.031390834 0.99913433 -0.027298449 0.86189208 -0.88750247 0.015300415 -0.46054895 4.4328443
-0.47313009 0.039232179 0.88011857 36.341139 0.034098421 0.99907489 -0.026204305 0.80876605 -0.88033248 0.017612609 -0.47403015 4.0453722
-0.48506603 0.042272271 0.87345517 37.009438 0.037274568 0.99892262 -0.02764435 0.76431397 -0.87368279 0.01914833 -0.48611911 3.6521155
-0.49551517 0.045406174 0.86741163 37.699988 0.039241829 0.99878331 -0.029865875 0.72948534 -0.86771243 0.019239826 -0.49669411 3.2513716
-0.50555939 0.044471614 0.86164489 38.385028 0.032221486 0.99894724 -0.03265257 0.67194875 -0.86218997 0.011255666 -0.5064601 2.8542787
-0.51740424 0.043266626 0.85464659 39.076592 0.03084016 0.999015 -0.031904624 0.64150952 -0.85518524 0.0098498507 -0.51822895 2.4370626
-0.52587963 0.044539581 0.84939201 39.734 0.033269887 0.99894091 -0.031783268 0.60302185 -0.84990811 0.011545004 -0.5268045 2.0049238
-0.53256981 0.048030574 0.84502213 40.430963 0.037076155 0.99875407 -0.033401599 0.55441599 -0.84557366 0.01354149 -0.53368705 1.5706803
-0.53657148 0.051289795 0.84229469 41.134771 0.037629074 0.99861257 -0.036837399 0.51010911 -0.84301552 0.011928873 -0.53775701 1.1328032
-0.5361026 0.052832891 0.84249785 41.842098 0.03711056 0.99854968 -0.039004489 0.475152 -0.84333675 0.01035516 -0.53728573 0.67868908
-0.53236502 0.053961951 0.84479319 42.582876 0.040046439 0.99845424 -0.038541049 0.43609597 -0.84556717 0.013313054 -0.53370309 0.2202675
-0.52760021 0.052292003 0.84788178 43.305156 0.038126276 0.99855545 -0.03786027 0.3886999 -0.84863683 0.01235149 -0.52883176 -0.22520045
-0.52003051 0.051025399 0.8526222 44.062865 0.035592677 0.99864155 -0.038055314 0.34397106 -0.85340582 0.010557183 -0.52114021 -0.67256384
-0.51335212 0.050528586 0.85668921 44.838921 0.033835741 0.99868064 -0.038628093 0.29644637 -0.85751082 0.0091569017 -0.51438449 -1.1366979
-0.50620196 0.048799425 0.86103317 45.667221 0.031193404 0.99878053 -0.038267693 0.24646082 -0.86185069 0.0074873759 -0.50710689 -1.6035281
-0.50229222 0.046829311 0.8634289 46.454976 0.027044896 0.99889473 -0.038443363 0.20261733 -0.86427493 0.0040415435 -0.50300355 -2.0529607
-0.50090041 0.044000632 0.86438571 47.332722 0.022050681 0.9990315 -0.038076545 0.15407674 -0.86522402 -1.2262683e-05 -0.50138554 -2.5342993
-0.50204621 0.041212203 0.86385826 48.168905 0.019486081 0.99914942 -0.036341881 0.099591526 -0.86462128 -0.0014120905 -0.50242224 -3.0013024
-0.50285439 0.040209078 0.86343537 49.011219 0.0175118 0.99918632 -0.036332163 0.049373683 -0.86419377 -0.0031494793 -0.50314936 -3.4845727
-0.50291218 0.03967856 0.86342625 49.883361 0.018187364 0.99921037 -0.035325055 0.012260964 -0.86414618 -0.0020619521 -0.50323671 -3.992205
-0.50246462 0.038932537 0.86372073 50.757136 0.017437416 0.99923878 -0.034896945 -0.045453657 -0.86442195 -0.0024734214 -0.50276102 -4.4979732
-0.50324045 0.038693616 0.86327967 51.62454 0.017905477 0.99924945 -0.034350181 -0.099477032 -0.86396094 -0.001828966 -0.50355557 -4.9982461
-0.5042572 0.037667748 0.86273157 52.514813 0.017638443 0.99928906 -0.033320509 -0.14808779 -0.8633734 -0.0015848644 -0.5045631 -5.5098818
-0.50396315 0.036619093 0.8629485 53.430985 0.015839115 0.99932467 -0.033156128 -0.20729276 -0.86357995 -0.0030411254 -0.50420283 -6.032069
-0.50330027 0.035813691 0.86336907 54.338445 0.015294756 0.99935345 -0.032538437 -0.25996559 -0.86397625 -0.0031715841 -0.50352263 -6.5426903
-0.50382007 0.035300823 0.86308697 55.213075 0.014657516 0.99937013 -0.032318685 -0.30338164 -0.86368429 -0.0036320901 -0.50402015 -7.0418017
-0.5019076 0.034346262 0.86423899 56.121413 0.014283992 0.99940412 -0.0314225 -0.36536864 -0.86480333 -0.003426408 -0.50209912 -7.5572005
-0.50006803 0.03156049 0.86541079 57.010542 0.014485476 0.99950071 -0.028080315 -0.41418918 -0.865865 -0.0015061799 -0.50027552 -8.0693568
-0.49743308 0.030533953 0.86696479 57.895786 0.014952839 0.99953369 -0.026623545 -0.46919514 -0.86737351 -0.00027984615 -0.49765769 -8.5711467
-0.49483605 0.029815118 0.86847468 58.796265 0.014704825 0.99955543 -0.02593672 -0.51865861 -0.86886196 -6.3655427e-05 -0.49505449 -9.0797176
-0.49245639 0.030294452 0.86980968 59.687108 0.015648599 0.99954067 -0.02595313 -0.56529861 -0.87019646 0.00083051859 -0.49270426 -9.5897137
-0.49204108 0.031080595 0.87001696 60.571662 0.015957746 0.9995166 -0.026681897 -0.61268802 -0.87042575 0.00075492064 -0.4922992 -10.070221
-0.49242519 0.032420386 0.8697507 61.449999 0.015012991 0.99947371 -0.028755996 -0.66926522 -0.87022532 -0.0011026166 -0.49265276 -10.580231
-0.49527466 0.033869697 0.86807591 62.335673 0.013205892 0.99941778 -0.031459728 -0.72282554 -0.8686361 -0.0041174884 -0.49543358 -11.062467
-0.4999221 0.034617802 0.86537821 63.213912 0.011956538 0.99938148 -0.033071148 -0.78155537 -0.86598788 -0.0061860699 -0.5000268 -11.555977
-0.50609432 0.032786456 0.8618547 64.08306 0.012088128 0.99944869 -0.030922436 -0.82203037 -0.86239346 -0.0052314588 -0.50621164 -12.050659
-0.51131085 0.030728826 0.85884626 64.938209 0.015314388 0.99952765 -0.026644928 -0.88296557 -0.85925942 -0.00047113563 -0.51153992 -12.57325
-0.51654883 0.028935646 0.85576864 65.812197 0.01275224 0.99957797 -0.026100839 -0.93035508 -0.8561628 -0.0025693903 -0.51669983 -13.071217
-0.52115106 0.031150151 0.85289576 66.649018 0.013911224 0.99951099 -0.028004675 -0.98419451 -0.8533511 -0.0027298416 -0.52132955 -13.595403
-0.52615229 0.033739806 0.84972074 67.490717 0.014471254 0.99942316 -0.03072334 -1.0274334 -0.85026726 -0.0038686301 -0.52633704 -14.109099
-0.53182419 0.033808279 0.84617963 68.322712 0.013018091 0.9994111 -0.031748616 -1.0844685 -0.84675476 -0.0058690378 -0.53195112 -14.603638
-0.5346369 0.034472258 0.84437846 69.143333 0.011683037 0.99937369 -0.033402656 -1.140193 -0.84500115 -0.0079933873 -0.53470479 -15.138069
-0.53835297 0.033743187 0.8420436 69.970774 0.012551894 0.99940827 -0.032024315 -1.1887975 -0.84262601 -0.0066711422 -0.53845795 -15.663099
-0.54019149 0.026665205 0.84111953 70.794492 0.013464469 0.99964379 -0.023043471 -1.2451268 -0.84143444 -0.0011226587 -0.54035811 -16.205399
-0.54219273 0.018877454 0.84004204 71.617209 0.014653447 0.99980799 -0.013009868 -1.2771925 -0.84012641 0.0052556561 -0.54236525 -16.734249
-0.54389249 0.016116816 0.83900008 72.450939 0.014618305 0.9998458 -0.0097300867 -1.3141377 -0.8390276 0.0069726385 -0.54404423 -17.265269
-0.54531327 0.021464522 0.83795743 73.248676 0.014724615 0.99976313 -0.016026958 -1.3517192 -0.83810302 0.0035988885 -0.54550016 -17.76576
-0.54666148 0.027357453 0.83690665 74.037544 0.015974885 0.99962498 -0.022241833 -1.3864431 -0.83720134 0.0012107349 -0.5468935 -18.29168
-0.54732629 0.031984262 0.83630789 74.842521 0.021812362 0.99947519 -0.02394931 -1.4246724 -0.83663506 0.0051337639 -0.5477367 -18.806168
-0.54700249 0.032934984 0.83648282 75.632661 0.025484271 0.9994178 -0.022685283 -1.4597495 -0.83674302 0.0089082495 -0.54752335 -19.341523
-0.54677961 0.030361637 0.83672587 76.423599 0.025402238 0.99948382 -0.019667778 -1.5077275 -0.83689118 0.01050077 -0.54726862 -19.855874
-0.54689523 0.024459953 0.83684363 77.226439 0.02245372 0.99964208 -0.014544372 -1.5424441 -0.83689993 0.010836006 -0.54724871 -20.363289
-0.54563261 0.018994515 0.83780917 78.018567 0.021162451 0.99973658 -0.008883392 -1.5694503 -0.83775728 0.012883028 -0.54589086 -20.88135
-0.54441955 0.012531557 0.83871941 78.833349 0.012026935 0.99990223 -0.0071330559 -1.6121848 -0.83872687 0.00620385 -0.54451704 -21.393429
-0.54339484 0.0069848159 0.83944815 79.634452 0.0036535161 0.99997559 -0.0059555108 -1.6316914 -0.83946933 -0.00016925568 -0.54340709 -21.886289
-0.54160255 0.0077792684 0.84059865 80.428567 0.0067728805 0.99996511 -0.0048903083 -1.6584752 -0.84060744 0.0030446716 -0.54163634 -22.391287
-0.53907191 0.010254117 0.84219729 81.219254 0.011132901 0.99992528 -0.0050485985 -1.6944058 -0.8421862 0.0066545419 -0.53914579 -22.89911
-0.53274828 0.013557698 0.84616511 82.001832 0.012464189 0.99988891 -0.0081732457 -1.7197908 -0.846182 0.0061924801 -0.53285809 -23.39192
-0.52495891 0.0161399 0.85097449 82.793265 0.017959503 0.99980763 -0.0078836595 -1.7419569 -0.85093811 0.011144483 -0.52514779 -23.879105
-0.51736464 0.018880664 0.85555671 83.60408 0.025123872 0.99966075 -0.0068681075 -1.7776556 -0.85539621 0.017941583 -0.51766349 -24.381018
-0.50747927 0.018937831 0.8614558 84.396774 0.024579989 0.99966976 -0.0074963129 -1.798516 -0.86131334 0.017370352 -0.50777717 -24.839348
-0.49688283 0.015279444 0.86768308 85.217771 0.019557131 0.99978822 -0.006406262 -1.8275813 -0.86759728 0.013786231 -0.49707642 -25.294447
-0.48493954 0.012390006 0.87445987 86.032617 0.020520738 0.99978555 -0.0027857552 -1.8510545 -0.87430693 0.01659364 -0.4850898 -25.741324
-0.47342614 0.011631109 0.88075669 86.856556 0.020727406 0.99978304 -0.0020615104 -1.8754467 -0.88058965 0.01727983 -0.47356451 -26.173459
-0.46274732 0.011192897 0.88641952 87.681216 0.021392468 0.99977009 -0.0014564385 -1.8917756 -0.88623211 0.01828874 -0.46288038 -26.596562
-0.44996459 0.012378763 0.89296056 88.501228 0.024069059 0.9997088 -0.0017301248 -1.914762 -0.89272203 0.020714227 -0.45013151 -27.004431
-0.43828305 0.015147314 0.89870933 89.331841 0.023162409 0.99971629 -0.0055538806 -1.9430334 -0.89853856 0.018382102 -0.43850955 -27.397835
-0.42680746 0.024621706 0.90400724 90.166445 0.024830584 0.99957148 -0.015501287 -1.9761147 -0.90400161 0.015830964 -0.42723594 -27.792868
-0.41417401 0.030024115 0.90970235 90.992621 0.025276971 0.99944974 -0.021477936 -2.0006707 -0.90984671 0.014098918 -0.41470503 -28.152232
-0.40268063 0.02613038 0.91496746 91.847526 0.02261719 0.9995713 -0.018592654 -2.0366667 -0.91506112 0.013207092 -0.40309899 -28.52243
-0.39050671 0.022914211 0.92031483 92.687333 0.024637444 0.99959225 -0.014433952 -2.0694337 -0.92027038 0.017037651 -0.39091202 -28.864541
-0.38071219 0.022810863 0.92441215 93.52131 0.020434697 0.99965909 -0.016251785 -2.1075138 -0.92446781 0.012702831 -0.38104854 -29.19864
-0.37413732 0.027643528 0.92696118 94.368455 0.016120114 0.99959847 -0.023303339 -2.1480836 -0.92723324 0.0062240723 -0.37443271 -29.53452
-0.36930053 0.031824536 0.9287649 95.216293 0.0071563563 0.99948121 -0.031402111 -2.1894326 -0.92928251 -0.0049502429 -0.36933669 -29.850872
-0.36505335 0.033793406 0.93037303 96.074679 0.0041534425 0.99939016 -0.034670575 -2.2383626 -0.93097737 -0.008792358 -0.36497109 -30.174013
-0.36206267 0.034937064 0.93149877 96.921203 0.0066754792 0.99936894 -0.03488794 -2.2769843 -0.93212989 -0.0064134191 -0.36206741 -30.503118
-0.35651645 0.033755195 0.93367903 97.78307 0.0021925929 0.9993746 -0.035293057 -2.3378031 -0.93428651 -0.010535377 -0.3563675 -30.822294
-0.35138611 0.03033355 0.93573907 98.616391 0.0025614546 0.9995024 -0.031438673 -2.3738866 -0.93622717 -0.0086502593 -0.35128896 -31.124944
-0.34575473 0.026199904 0.93795904 99.476479 0.0017072423 0.99962602 -0.027293108 -2.4242342 -0.93832341 -0.0078353972 -0.34567016 -31.437729
-0.34015077 0.023124346 0.94008651 100.32282 -0.00019199734 0.99969588 -0.024660093 -2.4664383 -0.94037093 -0.0085686428 -0.34004288 -31.737324
-0.33447866 0.02254946 0.94213347 101.1664 -0.0035276954 0.99967673 -0.025179137 -2.5060606 -0.94239676 -0.011745443 -0.33429098 -32.014497
-0.32788789 0.021727962 0.9444667 102.025 -0.016220443 0.99945863 -0.028624285 -2.5494343 -0.94457742 -0.024705225 -0.32735795 -32.289463
-0.32157555 0.024608083 0.94656407 102.86109 -0.014611784 0.99941425 -0.030946093 -2.6009096 -0.94677122 -0.023782496 -0.32102762 -32.568189
-0.31443321 0.028575745 0.94884936 103.72291 -0.012652917 0.99933186 -0.034289055 -2.6436214 -0.94919531 -0.02278733 -0.31386156 -32.849849
-0.30796473 0.027513786 0.95099981 104.57014 -0.012674265 0.9993744 -0.033017671 -2.6855031 -0.95131339 -0.022221501 -0.30742335 -33.111897
-0.30118605 0.0223302 0.95330386 105.43865 -0.014168137 0.99951062 -0.027888816 -2.7309731 -0.95346017 -0.021906262 -0.30072228 -33.380573
-0.29435947 0.01956396 0.95549447 106.28845 -0.013752037 0.99960023 -0.024703628 -2.7672645 -0.95559587 -0.020411742 -0.29397275 -33.629296
-0.28783156 0.022267312 0.9574221 107.13926 -0.0169724 0.99945403 -0.028347315 -2.8165406 -0.95753068 -0.024409002 -0.28729648 -33.876255
-0.28092517 0.025632081 0.95938729 108.01171 -0.015988307 0.99937957 -0.031382211 -2.8582348 -0.95959653 -0.024155031 -0.28034107 -34.126116
-0.27439906 0.026166082 0.9612598 108.86243 -0.019180602 0.99928192 -0.032676317 -2.9051245 -0.96142464 -0.027403892 -0.27370014 -34.352976
-0.26717019 0.025703576 0.96330646 109.74154 -0.018551043 0.99932177 -0.031809635 -2.9471974 -0.96347082 -0.026368925 -0.26651216 -34.589859
-0.25936348 0.025177046 0.96545151 110.58502 -0.016036048 0.99941006 -0.030370616 -2.9924911 -0.96564668 -0.023359055 -0.25880674 -34.810084
-0.2513364 0.026197637 0.96754515 111.45448 -0.012071274 0.99947105 -0.030197793 -3.0417693 -0.96782456 -0.019269307 -0.25088722 -35.036024
-0.24502079 0.027061735 0.96914003 112.33233 -0.0099822791 0.99948697 -0.030432873 -3.0820908 -0.96946647 -0.017130913 -0.24462495 -35.254758
-0.23850353 0.025619573 0.9708036 113.18326 -0.017350339 0.99938 -0.030636273 -3.1281521 -0.97098667 -0.024150631 -0.23791115 -35.442242
-0.23221494 0.023837249 0.97237232 114.05324 -0.020980404 0.99934431 -0.029508842 -3.1719323 -0.97243824 -0.027253158 -0.23156257 -35.640655
-0.22776149 0.024242281 0.97341509 114.94432 -0.01746193 0.99942758 -0.028975878 -3.2086785 -0.97356041 -0.023597295 -0.22720779 -35.84744
-0.22269607 0.024479498 0.97458049 115.79007 -0.015546095 0.99946841 -0.028656984 -3.2544205 -0.974764 -0.021532718 -0.22219713 -36.033103
-0.21821613 0.026235348 0.97554772 116.67937 -0.014749142 0.99943575 -0.030176938 -3.2999071 -0.97578905 -0.020973586 -0.21770606 -36.227752
-0.21262047 0.024847715 0.97681884 117.52549 -0.010500555 0.9995608 -0.027711825 -3.3394469 -0.97707848 -0.016149241 -0.21226618 -36.406896
-0.20778129 0.023674131 0.97788874 118.39522 -0.0024988668 0.99969097 -0.024732907 -3.3822718 -0.97817216 -0.0075826483 -0.20765792 -36.600029
-0.20250955 0.022838697 0.97901389 119.29172 0.00018140319 0.99972886 -0.023284417 -3.4270403 -0.97928031 -0.0045377199 -0.20245879 -36.79148
-0.19851354 0.024818911 0.97978381 120.15125 -0.0006507133 0.99967577 -0.025454633 -3.4644696 -0.98009797 -0.005690647 -0.19843303 -36.950303
-0.19479444 0.026796961 0.98047793 121.01382 -0.0022034557 0.99961225 -0.027757678 -3.5031939 -0.98084166 -0.0075674802 -0.19465986 -37.111918
-0.19286445 0.025640426 0.9808903 121.9033 -0.0057465677 0.99961187 -0.027259706 -3.5422695 -0.98120862 -0.01089418 -0.19264225 -37.279849
-0.19281243 0.024042568 0.980941 122.74796 -0.00708813 0.99963956 -0.025894096 -3.5861855 -0.98121007 -0.01194574 -0.19257252 -37.434678
-0.19126737 0.020139322 0.9813313 123.64469 -0.0062710605 0.999744 -0.021739462 -3.626175 -0.98151798 -0.010312037 -0.19109212 -37.608934
-0.19015018 0.014603792 0.98164635 124.49809 -0.0058566982 0.99985469 -0.016009147 -3.6628639 -0.98173759 -0.008793348 -0.19003702 -37.763111
-0.18961794 0.012682038 0.981776 125.36413 -0.0045699385 0.99989435 -0.013798706 -3.6915298 -0.98184736 -0.0071031376 -0.18953995 -37.927726
-0.1880632 0.016607076 0.98201647 126.23351 -0.0073401227 0.99980535 -0.018313592 -3.7337911 -0.98212954 -0.010652233 -0.1879047 -38.088758
-0.18805312 0.021031485 0.98193361 127.07667 -0.0074334949 0.99971159 -0.022835871 -3.767886 -0.98213077 -0.011593555 -0.18784255 -38.241851
-0.18829655 0.020069837 0.98190709 127.92778 -0.0097427564 0.99970381 -0.022301925 -3.8015693 -0.98206393 -0.013765857 -0.18804524 -38.398621
-0.1878328 0.019152433 0.98201423 128.79251 -0.011327523 0.99970113 -0.021664032 -3.8394537 -0.98213574 -0.015193004 -0.18755972 -38.551935
-0.18690885 0.01989321 0.98217578 129.62815 -0.0043420837 0.99976845 -0.021075837 -3.874864 -0.98236771 -0.0082039491 -0.18677919 -38.713711
-0.18664611 0.022290654 0.98217426 130.47951 -0.007430192 0.99968194 -0.024099979 -3.9190538 -0.98239916 -0.01179591 -0.18642112 -38.87119
-0.18641903 0.023526254 0.98218857 131.30884 -0.016498983 0.99949731 -0.027072348 -3.9460153 -0.98233182 -0.021251913 -0.18593716 -39.006452
-0.18599161 0.025232769 0.98222724 132.1401 -0.020238349 0.99935972 -0.029505162 -3.9877261 -0.98234292 -0.02536637 -0.18536186 -39.148737
-0.18622675 0.028004421 0.98210756 132.97701 -0.021952679 0.99922556 -0.032655189 -4.0384157 -0.98226155 -0.027641162 -0.18546776 -39.303089
-0.18553541 0.029086864 0.98220695 133.80389 -0.019657773 0.9992519 -0.033304911 -4.0800595 -0.98244097 -0.025487241 -0.18482483 -39.44838
-0.18382301 0.030559401 0.98248417 134.63055 -0.019307348 0.99921153 -0.0346921 -4.1269228 -0.98276976 -0.02534637 -0.18308805 -39.59615
-0.18169704 0.029701681 0.98290585 135.45251 -0.012035747 0.9994017 -0.032425047 -4.1625359 -0.98328094 -0.017721541 -0.18123085 -39.747195
-0.1785993 0.026716382 0.98355907 136.27018 -0.0050364547 0.99959337 -0.028066463 -4.212889 -0.98390904 -0.0099663006 -0.17839212 -39.902103
-0.17667188 0.021704249 0.98403043 137.08072 -2.647292e-05 0.99975674 -0.022055867 -4.2487306 -0.98426984 -0.003922701 -0.17662833 -40.053559
-0.17238648 0.022158384 0.98478009 137.89393 0.0042759106 0.99975437 -0.021746816 -4.2813354 -0.98502015 0.00046197551 -0.17243888 -40.19249
-0.16780301 0.025889266 0.9854805 138.69978 0.0024667955 0.999663 -0.025841814 -4.335366 -0.9858175 -0.0019053544 -0.16781032 -40.32403
-0.16113396 0.029895859 0.9864796 139.51892 0.0050479724 0.99955299 -0.029467506 -4.3685841 -0.98691968 0.0002315066 -0.16121285 -40.451339
-0.1531899 0.029965999 0.98774228 140.31942 -0.0023917097 0.99952595 -0.030694422 -4.4074373 -0.98819392 -0.0070644676 -0.15304561 -40.562687
-0.14331914 0.026600588 0.98931893 141.12206 0.0066890386 0.99964192 -0.025909132 -4.441747 -0.98965396 0.0029043189 -0.14344575 -40.682953
-0.13146009 0.024672035 0.99101436 141.91046 0.013577452 0.99964129 -0.023085731 -4.4786403 -0.99122852 0.010420598 -0.13174792 -40.786053
-0.1181334 0.027162868 0.99262611 142.67589 0.015041319 0.99956006 -0.02556253 -4.5192954 -0.99288385 0.011910619 -0.11848999 -40.87202
-0.10383234 0.028383748 0.99418968 143.48792 0.011615577 0.99955914 -0.027323922 -4.5578041 -0.99452703 0.0087109815 -0.10411626 -40.945562
-0.089956314 0.028166936 0.99554729 144.26078 0.014210741 0.99953454 -0.026995682 -4.5944327 -0.99584437 0.011719034 -0.090314717 -41.01743
-0.076103721 0.030102488 0.99664536 145.06807 0.019357575 0.9994004 -0.028707557 -4.6333707 -0.99691203 0.017107887 -0.076640802 -41.070647
-0.062086998 0.035562212 0.99743694 145.85866 0.015187083 0.99928297 -0.034682685 -4.6842686 -0.99795523 0.012994815 -0.062582568 -41.106396
-0.049384784 0.044636626 0.99778186 146.60398 0.0084202107 0.99898396 -0.044273647 -4.7266173 -0.99874438 0.0062150899 -0.049710458 -41.128682
-0.036265417 0.053561076 0.99790578 147.38312 9.6015682e-05 0.99856287 -0.053592852 -4.7764787 -0.99934223 -0.0018477517 -0.036218443 -41.128998
-0.022799355 0.054761538 0.99823909 148.16656 -0.0012132163 0.99849643 -0.054803363 -4.8271136 -0.99973937 -0.0024605605 -0.022698639 -41.140296
-0.0112632 0.049934479 0.99868894 148.92872 -0.0048568365 0.99873782 -0.049991697 -4.8792734 -0.99992482 -0.0054135346 -0.011006461 -41.136256
-0.00012063212 0.04754985 0.99886882 149.66754 -0.0040771592 0.99886054 -0.047549947 -4.931221 -0.99999172 -0.0040782825 7.3372111e-05 -41.123092
0.0085772333 0.053492514 0.99853137 150.41975 -0.0086941474 0.99853439 -0.053417992 -4.9948436 -0.99992546 -0.0082231997 0.0090297327 -41.096585
0.015228595 0.062282831 0.99794231 151.17915 -0.011667465 0.99800121 -0.062108459 -5.0452812 -0.99981601 -0.010697632 0.015924838 -41.074217
0.018083838 0.065536262 0.99768627 151.90786 -0.020288469 0.99766808 -0.065167321 -5.0959352 -0.99963065 -0.019063051 0.019371297 -41.043874
0.018274526 0.061203935 0.99795793 152.69027 -0.022411493 0.99789895 -0.060789918 -5.1534917 -0.99958184 -0.02125482 0.019607801 -41.020011
0.017277455 0.055687046 0.99829873 153.45779 -0.014992242 0.99834999 -0.055430435 -5.2213143 -0.99973837 -0.014009039 0.018083819 -41.005743
0.014343652 0.053461884 0.99846683 154.20043 -0.015816474 0.99845679 -0.053234131 -5.2745302 -0.99977207 -0.015028652 0.015167093 -40.99744
0.011438992 0.053260376 0.9985151 154.94503 -0.016160943 0.99845989 -0.05307229 -5.3233454 -0.99980401 -0.015529851 0.012282111 -40.982554
0.0077168444 0.053479851 0.99853907 155.68964 -0.015676674 0.9984526 -0.053354066 -5.3817306 -0.99984738 -0.015242046 0.0085432879 -40.973289
0.0033321385 0.052132601 0.99863457 156.43567 -0.011249434 0.99857892 -0.052092158 -5.4341968 -0.99993121 -0.011060495 0.003913864 -40.968453
-0.0021878019 0.052448197 0.99862121 157.18946 -0.015288207 0.99850517 -0.052475595 -5.4865342 -0.99988078 -0.015381933 -0.0013826941 -40.96828
-0.0080254153 0.050600174 0.9986867 157.91007 -0.016172369 0.99858172 -0.050724814 -5.5355324 -0.99983705 -0.016558217 -0.0071957099 -40.967506
-0.014017673 0.04732044 0.99878136 158.6508 -0.015323943 0.99875206 -0.047534119 -5.5885451 -0.99978436 -0.015971586 -0.013275046 -40.974567
-0.019274418 0.047439256 0.9986881 159.38466 -0.015198798 0.99874438 -0.047735261 -5.6394932 -0.99969874 -0.016098928 -0.018529199 -40.984149
-0.024665119 0.048863979 0.99850081 160.12642 -0.01759731 0.99862874 -0.049304929 -5.6870644 -0.99954092 -0.018787039 -0.023771423 -40.998521
-0.029042874 0.051512487 0.99824991 160.8194 -0.018551955 0.99847143 -0.052063662 -5.7368808 -0.99940603 -0.020031565 -0.028042824 -41.008752
-0.031126024 0.053302127 0.99809317 161.56428 -0.01779248 0.99838928 -0.053872806 -5.7959934 -0.99935713 -0.019435398 -0.030127513 -41.030265
-0.032819219 0.0550448 0.99794433 162.26064 -0.016974647 0.99830754 -0.055623075 -5.8513533 -0.99931719 -0.018765258 -0.031829309 -41.049401
-0.031909353 0.053539297 0.99805574 162.97835 -0.012653872 0.99846261 -0.053965685 -5.9011077 -0.9994107 -0.014351279 -0.031182818 -41.074646
-0.027990605 0.049618561 0.9983759 163.70352 -0.0072156203 0.99873122 -0.049838516 -5.9441851 -0.99958219 -0.0085989109 -0.027597064 -41.095726
-0.021140635 0.049065153 0.99857178 164.38711 -0.0076509955 0.99875785 -0.049236272 -5.9993888 -0.99974728 -0.0086809536 -0.020738979 -41.102231
-0.010434991 0.050025951 0.99869336 165.09826 -0.0049733396 0.99873283 -0.050079891 -6.0558695 -0.99993323 -0.0054894237 -0.010172973 -41.105375
0.0038910994 0.050368879 0.99872306 165.77926 -0.0028124696 0.99872726 -0.050358131 -6.1007649 -0.99998852 -0.002612929 0.0040278064 -41.099058
0.019438539 0.048277217 0.99864477 166.47036 -0.0047114149 0.99882687 -0.048194312 -6.1454013 -0.9998 -0.0037682021 0.019643187 -41.07436
0.034745527 0.042933345 0.99847353 167.16194 -0.0080487158 0.99905644 -0.042678324 -6.1922306 -0.99936382 -0.0065535481 0.0350583 -41.029816
0.051255122 0.036561554 0.99801607 167.84007 -0.010515895 0.999294 -0.036068304 -6.235895 -0.99863027 -0.0086463466 0.051603412 -40.979188
0.069025581 0.029366107 0.99718254 168.51815 -0.010378191 0.99953371 -0.028716961 -6.2716193 -0.99756095 -0.0083667454 0.06929816 -40.921382
0.086537018 0.021524671 0.99601604 169.199 -0.011092385 0.99972541 -0.020641091 -6.3001285 -0.99618692 -0.0092619744 0.086752014 -40.845774
0.10399005 0.015516735 0.99445725 169.85873 -0.012576599 0.99981886 -0.014285262 -6.3334413 -0.99449886 -0.011021364 0.10416636 -40.765572
0.12179858 0.013261478 0.9924662 170.52995 -0.013778409 0.99983698 -0.011669037 -6.3625929 -0.99245924 -0.012253333 0.12196145 -40.665672
0.13973697 0.012632744 0.99010803 171.15013 -0.011856063 0.99986828 -0.011083992 -6.3810665 -0.99011772 -0.010189939 0.13986833 -40.567557
0.15811098 0.011595568 0.98735322 171.79996 -0.013824198 0.99985904 -0.0095286829 -6.402475 -0.98732461 -0.012142776 0.15824899 -40.448997
0.17407575 0.011358658 0.98466671 172.44214 -0.019139602 0.99978361 -0.0081494166 -6.4217647 -0.98454629 -0.017427513 0.17425548 -40.315862
0.18834359 0.0076435 0.98207341 173.0624 -0.021311759 0.99976605 -0.003693999 -6.4340194 -0.98187198 -0.02023397 0.18846243 -40.180622
0.2009358 0.0035520848 0.97959793 173.68853 -0.018281802 0.99983287 0.00012451826 -6.4596482 -0.97943385 -0.017933835 0.20096716 -40.040842
0.21109467 0.0020326609 0.97746347 174.31184 -0.01650231 0.99986273 0.0014846265 -6.4730225 -0.97732635 -0.016443801 0.21109924 -39.899835
0.22131549 0.0058268922 0.97518481 174.91766 -0.019381021 0.99981093 -0.0015755681 -6.4889999 -0.9750097 -0.018551379 0.22138658 -39.748502
0.23024885 0.01249446 0.97305153 175.51806 -0.020508967 0.99975779 -0.0079844349 -6.5045966 -0.97291568 -0.018117874 0.23044933 -39.594979
0.23970093 0.022488162 0.97058625 176.09378 -0.022793688 0.99958647 -0.017530842 -6.5299942 -0.97057921 -0.017921081 0.24011439 -39.435041
0.24775163 0.029246505 0.968382 176.69501 -0.020293357 0.99948161 -0.024993887 -6.5415585 -0.96861106 -0.013459445 0.24821671 -39.284045
0.2540413 0.027995447 0.96678808 177.28478 -0.019322254 0.99952842 -0.023866238 -6.5600793 -0.96700039 -0.012617514 0.25446243 -39.123543
0.26008514 0.020222885 0.96537385 177.89921 -0.02023599 0.99967524 -0.015489582 -6.580517 -0.96537366 -0.015506685 0.2604099 -38.946472
0.26412397 0.0092900584 0.96444396 178.51394 -0.024511044 0.9996953 -0.00291699 -6.6037054 -0.96417727 -0.02286908 0.2642712 -38.765836
0.26661964 0.00048374127 0.96380167 179.11836 -0.023654094 0.99970195 0.0060417501 -6.6194625 -0.96351156 -0.024408704 0.26655161 -38.588329
0.26748033 -0.00029361468 0.96356323 179.71868 -0.021065032 0.99975918 0.0061521917 -6.6392326 -0.96333308 -0.02194308 0.26740973 -38.423595
0.26914122 0.0026227785 0.96309711 180.31768 -0.018376881 0.99982822 0.0024126833 -6.6414296 -0.96292542 -0.018348073 0.26914319 -38.257002
0.2704104 0.0025747216 0.96274166 180.93462 -0.015731721 0.99987473 0.0017446238 -6.6506898 -0.96261665 -0.015617347 0.27041703 -38.082596
0.27231043 0.00048512244 0.96220929 181.53349 -0.017873301 0.99982989 0.0045541512 -6.6507611 -0.96204348 -0.018437999 0.27227277 -37.906211
0.27464011 -0.0037709118 0.96153966 182.14784 -0.017699294 0.99980306 0.0089763384 -6.6640991 -0.96138422 -0.019483836 0.27451927 -37.725283
0.27824544 -0.0089577549 0.9604682 182.76241 -0.01622628 0.99976998 0.014025017 -6.6747556 -0.96037298 -0.019487223 0.27803609 -37.541015
0.28222477 -0.012391922 0.95926823 183.38917 -0.014991723 0.9997375 0.017325399 -6.6809048 -0.95923121 -0.01927074 0.28196491 -37.356247
0.28846817 -0.013925987 0.95738817 183.99556 -0.01365851 0.99973264 0.018657332 -6.6757498 -0.9573921 -0.018458542 0.28820084 -37.166304
0.29637989 -0.017143859 0.95491621 184.62681 -0.011571806 0.99970103 0.021539464 -6.6756458 -0.95500007 -0.017433969 0.29609289 -36.967465
0.30583494 -0.019629436 0.95188213 185.22931 -0.0084896474 0.99969147 0.023343027 -6.6797083 -0.95204674 -0.015220256 0.30557393 -36.766521
0.31683872 -0.018146598 0.94830578 185.86259 -0.0099486981 0.99969838 0.022453999 -6.6816935 -0.94842729 -0.016548704 0.31656262 -36.543592
0.32778761 -0.014077641 0.94464651 186.47655 -0.011229134 0.99976029 0.01879543 -6.6795543 -0.94468474 -0.016768471 0.32755095 -36.321059
0.33926938 -0.010429116 0.94063141 187.0809 -0.012604601 0.99979837 0.015631381 -6.6749554 -0.94060485 -0.017159532 0.33906952 -36.087385
0.35096185 -0.0095032836 0.93634149 187.70519 -0.01174752 0.99982512 0.014550838 -6.675645 -0.93631611 -0.016106479 0.35078883 -35.849442
0.36277062 -0.012633442 0.93179279 188.3265 -0.011117967 0.99977826 0.01788371 -6.6773303 -0.93181218 -0.016847325 0.36254971 -35.586508
0.37356025 -0.014304229 0.92749558 188.94476 -0.011515381 0.99973254 0.020056259 -6.6748002 -0.92753448 -0.018172686 0.37329561 -35.32479
0.38482925 -0.014147044 0.92287932 189.58145 -0.014784814 0.99965976 0.021489114 -6.683697 -0.9228694 -0.021914239 0.38448915 -35.050433
0.39477105 -0.016993988 0.91862231 190.1862 -0.014776487 0.99958218 0.024841783 -6.6671014 -0.91866074 -0.023380827 0.39435499 -34.765481
0.40107564 -0.015300106 0.91591712 190.83854 -0.019775866 0.99948287 0.025355799 -6.6677722 -0.91583149 -0.028282647 0.40056565 -34.481273
0.40595841 -0.016736333 0.91373825 191.47526 -0.021488657 0.99938106 0.027852041 -6.6625091 -0.91363892 -0.030941778 0.4053475 -34.176061
0.40789282 -0.022043764 0.91276363 192.11754 -0.016155204 0.99937775 0.031354928 -6.6518349 -0.91288692 -0.027535333 0.40728288 -33.891763
0.4083825 -0.020661542 0.91257699 192.77143 -0.012859861 0.99951435 0.028384728 -6.6441731 -0.91272035 -0.023327439 0.40791846 -33.602681
0.40725585 -0.020535011 0.91308319 193.43263 -0.010799715 0.99956903 0.027296973 -6.6378812 -0.9132503 -0.02097789 0.40685856 -33.30951
0.4061035 -0.019246308 0.91362435 194.0966 -0.0085273747 0.99965485 0.024849012 -6.6365941 -0.91378734 -0.017882087 0.40579921 -33.012025
0.40659061 -0.020901536 0.9133713 194.76904 -0.0049124792 0.9996738 0.025063285 -6.624786 -0.9135973 -0.014677413 0.4063553 -32.713583
0.40534672 -0.026841525 0.91376884 195.45378 -0.00028490864 0.99956509 0.029488134 -6.6152816 -0.91416302 -0.012213258 0.40516278 -32.421689
0.4050105 -0.030443881 0.91380501 196.13985 -0.00020810546 0.9994424 0.03338917 -6.603543 -0.91431205 -0.013713132 0.40477833 -32.114586
0.40291395 -0.032594938 0.91465723 196.82377 0.00010714746 0.99936731 0.035566486 -6.5966135 -0.9152379 -0.01423223 0.40266252 -31.803183
0.40134479 -0.03289787 0.91533601 197.50365 -0.0010196841 0.99933809 0.036364066 -6.586232 -0.91592652 -0.015527882 0.40104559 -31.500739
0.40010449 -0.032751693 0.91588408 198.19596 -0.0019603902 0.99932836 0.036592029 -6.5751455 -0.91646747 -0.016436125 0.39977156 -31.182415
0.39775592 -0.031660043 0.91694482 198.88403 -0.0027152972 0.99935945 0.035683487 -6.5669097 -0.91748729 -0.016683095 0.39741517 -30.891939
0.3965779 -0.028656385 0.91755365 199.58182 -0.0017178977 0.99948774 0.031957788 -6.5578435 -0.9179995 -0.014250015 0.39632552 -30.599195
0.39626171 -0.022749044 0.91785569 200.25782 -0.0026877715 0.99965997 0.025936942 -6.5574978 -0.91813371 -0.012744803 0.39606583 -30.293012
0.3946619 -0.018473797 0.91864065 200.94508 -0.005786998 0.99972805 0.022590641 -6.5457453 -0.91880823 -0.014231836 0.39444766 -30.001512
0.39367683 -0.021430646 0.91899903 201.64112 -0.0068251552 0.99963251 0.026234713 -6.537534 -0.91922361 -0.016600309 0.39338589 -29.695863
0.39241738 -0.024313531 0.91946581 202.32641 -0.0085707791 0.99951051 0.030088071 -6.5303441 -0.91974736 -0.01968762 0.39201691 -29.397066
0.38958475 -0.024436075 0.92066635 203.01377 -0.011955475 0.99942955 0.031585608 -6.5283918 -0.92091306 -0.023312275 0.38907037 -29.103135
0.38538303 -0.02473961 0.92242496 203.70448 -0.014583267 0.99935239 0.03289561 -6.5200879 -0.92264149 -0.026129379 0.38477267 -28.796478
0.37807326 -0.025775974 0.92541674 204.38643 -0.014490359 0.9993251 0.033754517 -6.5141473 -0.92566231 -0.026171301 0.37744459 -28.520985
0.36969864 -0.026001841 0.92878778 205.082 -0.014414566 0.99932756 0.033714269 -6.4986525 -0.92903994 -0.025852191 0.36907523 -28.240634
