1.000000000000000000e+00 -3.306050084167601550e-19 -2.270457535318767223e-19 -8.673617379884035472e-19 7.546676715296109287e-19 1.000000000000000000e+00 6.237773588823049983e-19 1.387778780781445676e-17 -3.447385680526250622e-20 4.770700176052009879e-20 1.000000000000000222e+00 5.551115123125782702e-17
9.975216412713531211e-01 -2.706151848870211058e-03 -7.029468020929875716e-02 -7.254599894381633107e-02 2.506260465324573316e-03 9.999925720620167491e-01 -2.931222383829690508e-03 1.929686808192080522e-02 7.030209746340827792e-02 2.747751011684692810e-03 9.975209581754196364e-01 1.729722473853087805e-01
9.992743312637519804e-01 3.636781608177242463e-03 3.791342210715963057e-02 4.554323132439625638e-02 -3.614210520408257365e-03 9.999932782724698654e-01 -6.638276232435640425e-04 1.200568402755036734e-03 -3.791558164759546018e-02 5.263151910503858708e-04 9.992807193402739596e-01 2.637310187716818688e-01
9.979260712224824470e-01 5.830276284236568865e-03 6.409337856380738219e-02 5.751006777815154125e-02 -5.891375925600407862e-03 9.999823506511112958e-01 7.644611188462763782e-04 -6.936750518562490031e-03 -6.408780276886724692e-02 -1.140510105317159252e-03 9.979428564314601902e-01 4.183856535168244961e-01
9.953388418693590589e-01 4.893978004570276666e-03 9.632086682712996673e-02 1.124921692041044030e-01 -5.311658459053941912e-03 9.999775478530921191e-01 4.082098864285071613e-03 1.162322662779512183e-02 -9.629874074074144807e-02 -4.574704021925585229e-03 9.953424895576395981e-01 5.701419702475380991e-01
9.909981217251957464e-01 1.682428182421625900e-03 1.338576045697016381e-01 1.731272999367485244e-01 -2.468987016546635768e-03 9.999806651001624802e-01 5.710029796947241852e-03 -1.306505731094834144e-02 -1.338454206201835084e-01 -5.989166204533389118e-03 9.909830595262655306e-01 7.867174850457535618e-01
9.848178344383666794e-01 -1.867885209624066270e-03 1.735584119943785752e-01 2.514388471719778417e-01 7.034041958079960410e-04 9.999768585959378786e-01 6.769639860339776889e-03 -1.848002132521633922e-03 -1.735670488588790250e-01 -6.544737731382446917e-03 9.847963285034763148e-01 9.503873064349939170e-01
9.759913930250485592e-01 -1.403195084288872850e-03 2.177603012928787385e-01 3.416438295715961693e-01 -3.562130613889975361e-04 9.999676185246217930e-01 8.040570660502533232e-03 -1.022417023926268376e-02 -2.177645393140414110e-01 -7.925083388651577368e-03 9.759592924168521977e-01 1.174018009998751610e+00
9.640124420451531284e-01 -1.424438366570593634e-03 2.657805301291041866e-01 4.451982745313429191e-01 -1.270045016125241144e-03 9.999495495056641703e-01 9.962629026101987514e-03 5.952532706466479029e-04 -2.657813469953230201e-01 -9.941452122366018287e-03 9.639620454288583273e-01 1.391668810833453396e+00
9.499361088429342237e-01 -5.365645714178559657e-03 3.123532164466706895e-01 5.694777943109909923e-01 -4.611896681622949340e-05 9.998501338190027843e-01 1.730912186721277751e-02 7.726690450416157097e-03 -3.123992936676570076e-01 -1.645673515981229892e-02 9.497935207505389110e-01 1.639648063182073567e+00
9.329669174821746402e-01 -1.542373942409037621e-02 3.596008192723848529e-01 7.020633350171442411e-01 6.635429146238801430e-03 9.996487381009190321e-01 2.565926192975940753e-02 -7.474079194930344228e-03 -3.598702514291508003e-01 -2.155311387925610070e-02 9.327415049851437434e-01 1.854283728872895276e+00
9.114439678167194359e-01 -2.155264540301329856e-02 4.108248283506634180e-01 8.700278570446141613e-01 9.780831678582175073e-03 9.994798136801151811e-01 3.073501678464110598e-02 -8.184200436624725072e-03 -4.112734505333761614e-01 -2.399577241339937231e-02 9.111806129390480624e-01 2.086308326622972498e+00
8.870510334649970297e-01 -2.344132076073571908e-02 4.610567798636405201e-01 1.056779702984176339e+00 8.356409879825202683e-03 9.993617075666152427e-01 3.472455861221337287e-02 -5.075040201982336519e-03 -4.615767077706021126e-01 -2.694829106071447780e-02 8.866807805633893924e-01 2.323973316114896548e+00
8.582723329867656403e-01 -2.538286265887008605e-02 5.125517579157322645e-01 1.236115926274003129e+00 6.325084981399156300e-03 9.992234099612056220e-01 3.888087005712725919e-02 1.399704590794143000e-02 -5.131409906184868364e-01 -3.012638231383028831e-02 8.577663720537073155e-01 2.563403786445256571e+00
8.269079547086218840e-01 -3.037828449874640721e-02 5.615917194035014992e-01 1.465173190547658377e+00 7.194417669305982858e-03 9.990295640027440083e-01 4.345429970129046499e-02 2.081955363390496083e-02 -5.623668662756241554e-01 -3.189368043504087202e-02 8.263239768788444017e-01 2.749871306633520085e+00
7.905118093641230193e-01 -3.641884738487802947e-02 6.113907813781547240e-01 1.699384088773976176e+00 9.245861848568239297e-03 9.988260671901040277e-01 4.754707710703155732e-02 2.581946110603761113e-02 -6.124051849452917251e-01 -3.192839673295759517e-02 7.899209826033355419e-01 2.997305151570742510e+00
7.518982099601136948e-01 -4.048067821393758897e-02 6.581145691580135848e-01 1.963848526244657666e+00 1.013741842667212865e-02 9.987051396439635687e-01 4.986010758045845287e-02 3.699391209487987164e-02 -6.592804736867301507e-01 -3.082298721706336689e-02 7.513347550254395601e-01 3.197212184187516293e+00
7.126471546387077582e-01 -4.368984007299995392e-02 7.003155002106631333e-01 2.255669207011105737e+00 1.080708679972399062e-02 9.986239964969021443e-01 5.131165111997919304e-02 5.120879142452069294e-02 -7.015942521754405803e-01 -2.899732028894439276e-02 7.121389068859356186e-01 3.413056928906750276e+00
6.705878663763662484e-01 -4.489531748582804849e-02 7.403823493384884546e-01 2.553542826907166940e+00 9.420649130445430189e-03 9.986018331978487872e-01 5.201813147897148271e-02 6.846101346305619173e-02 -7.416824058227348138e-01 -2.790705073982174822e-02 6.700733223717384446e-01 3.620365003890433808e+00
6.275951784527401545e-01 -4.603606476770581712e-02 7.771334958585146557e-01 2.892342137284333425e+00 5.546665905068840288e-03 9.984892738225817910e-01 5.466563773906189805e-02 9.540559792494225644e-02 -7.784761028307104480e-01 -2.999618924643543405e-02 6.269023960790178762e-01 3.845778310293297864e+00
5.868711658819247834e-01 -4.689288698362185231e-02 8.082459024805987990e-01 3.239828231671864067e+00 2.718026350754105570e-03 9.984300542698127945e-01 5.595242984315686868e-02 1.071799391469869800e-01 -8.096003433690867057e-01 -3.064422879173573505e-02 5.860770943433492031e-01 4.051889988430022349e+00
5.463656131812029138e-01 -4.864923652880555338e-02 8.362581485201958653e-01 3.617660643392551556e+00 1.538074411123477444e-03 9.983681391371188596e-01 5.708270646819711691e-02 1.286497068600332971e-01 -8.376710259427406768e-01 -2.989917313172071184e-02 5.455489262858043142e-01 4.260902820999252327e+00
5.073661908425916023e-01 -5.116603351929383675e-02 8.600355621357670399e-01 4.039138656347131651e+00 7.045892397255400772e-05 9.982381868111949164e-01 5.933053680121624235e-02 1.429280519785032233e-01 -8.615559153370326850e-01 -3.004133561261091226e-02 5.064758745167765586e-01 4.469292737743434607e+00
4.716193746101456918e-01 -5.054350035411989128e-02 8.805106723189758400e-01 4.472834426097428207e+00 -3.229175728405107859e-03 9.982501507350192149e-01 5.904146213389714626e-02 1.678824469121197871e-01 -8.819547966142898821e-01 -3.068388088035711725e-02 4.706310320774733102e-01 4.655401763778748148e+00
4.343962621432556070e-01 -5.016933699802983426e-02 8.992882868752073433e-01 4.935346057863602809e+00 -4.484361364486253755e-03 9.983145378042205254e-01 5.786129413461673504e-02 1.932307666853797512e-01 -9.006759280643660270e-01 -2.916086882848392334e-02 4.334394004194979666e-01 4.850808618189621946e+00
4.015110762525891941e-01 -4.908567494547373677e-02 9.144885349479345837e-01 5.438622122985236729e+00 -3.571560951849695950e-03 9.984710794340329043e-01 5.515854012289610891e-02 2.182870667983677349e-01 -9.157981743386994777e-01 -2.540819767654960842e-02 4.007220255076836546e-01 5.040523326467148735e+00
3.699161312080822550e-01 -4.718435691603590360e-02 9.278437807047592578e-01 5.952430101780231908e+00 -1.242785604192845868e-03 9.986832650364280139e-01 5.127878356351534689e-02 2.399334312332164210e-01 -9.290422526080506227e-01 -2.011260672760111987e-02 3.693706579051176386e-01 5.232160240341801050e+00
3.453024348076364491e-01 -4.577214784797423858e-02 9.373082820507167012e-01 6.497866537216260951e+00 -2.036905842802110288e-05 9.988093986184992668e-01 4.879384072151640717e-02 2.687436854603345582e-01 -9.384254494120167767e-01 -1.686929604746720615e-02 3.448905910523953344e-01 5.404701908334305749e+00
3.253003000626388808e-01 -4.488866552438761093e-02 9.446274515617186784e-01 7.080864466126348233e+00 1.276454446042526916e-03 9.988922088091393148e-01 4.704189825858132862e-02 2.970127231469628093e-01 -9.456932162605393710e-01 -1.408532169312151465e-02 3.249977977917350991e-01 5.595542208280773089e+00
3.100213874619126009e-01 -4.642301492368371141e-02 9.495196824604887897e-01 7.670227499838929930e+00 2.143823609067293124e-03 9.988390257169647013e-01 4.813053524217022344e-02 3.228603917039412630e-01 -9.506510778445758092e-01 -1.289333788522200631e-02 3.097606679349380610e-01 5.769512613268504175e+00
2.980800500215904369e-01 -4.693937618012251900e-02 9.535154276920315697e-01 8.292240306789199877e+00 2.487589561385136414e-03 9.988250037539567749e-01 4.839882984704859531e-02 3.405854965354234154e-01 -9.546673393924381967e-01 -1.205220705909292381e-02 2.978466320822256708e-01 5.965822570304577965e+00
2.877189477754476532e-01 -4.925441158155686311e-02 9.562903049968045632e-01 8.937980419626818218e+00 1.655404707987077244e-03 9.987009502891821544e-01 5.093896394326228455e-02 3.680744094215988582e-01 -9.575561205318748881e-01 -1.308508599392251871e-02 2.874263825101689429e-01 6.153569452788843819e+00
2.773219814558515184e-01 -5.022967293815389089e-02 9.594775392574699246e-01 9.619391168896282096e+00 -3.142044147376839226e-04 9.986278130642920470e-01 5.237401263951568103e-02 4.033364340308216445e-01 -9.607913175617318613e-01 -1.483332464734319830e-02 2.769254858601056801e-01 6.359176540333054461e+00
2.668103642804132147e-01 -5.246490270844592074e-02 9.623196574171943851e-01 1.031643916692403984e+01 -5.317774316231089864e-04 9.985091796329883529e-01 5.456926543117261719e-02 4.343780597081506878e-01 -9.637484778039490108e-01 -1.506562928767005496e-02 2.663844944681750260e-01 6.558291254198977072e+00
2.568650999197605866e-01 -5.487396708314844218e-02 9.650200665384933707e-01 1.103494131834077052e+01 -1.550203313904086316e-03 9.983616287432734993e-01 5.719001364869921722e-02 4.661919858557548313e-01 -9.665786366614181890e-01 -1.616751233010727332e-02 2.563597586302093778e-01 6.745718195621170921e+00
2.450237509183910700e-01 -5.651968456943991942e-02 9.678298971112592186e-01 1.177870246903871987e+01 -2.062992959191577332e-03 9.982671701795403640e-01 5.880879595881358807e-02 5.022063110095343896e-01 -9.694759428193051587e-01 -1.641861805269294317e-02 2.444818714798122072e-01 6.937181122901909802e+00
2.367318096329054378e-01 -5.763043778729160654e-02 9.698853654766413923e-01 1.254560101840398190e+01 -2.198987525057708153e-03 9.982047663544805216e-01 5.985136204694740253e-02 5.341126251636093558e-01 -9.715938516618211063e-01 -1.629642399276231418e-02 2.361802797531614428e-01 7.103031502187150181e+00
2.247985415084978456e-01 -6.097747281609380149e-02 9.724994035587942731e-01 1.331911540332173871e+01 -4.383679440403774781e-03 9.979662226179389917e-01 6.359574429288801511e-02 5.733190928262369424e-01 -9.744001540113237381e-01 -1.854993091141449862e-02 2.240745684541296245e-01 7.285676496200264474e+00
2.138980210106742608e-01 -6.425014712832553820e-02 9.748160052911272189e-01 1.411409658837750847e+01 -5.289709191237752274e-03 9.977431739550439715e-01 6.692892325722589464e-02 6.207788183854530129e-01 -9.769181704747560424e-01 -1.945015378761647332e-02 2.130762462354920117e-01 7.467055317125299574e+00
2.017571099687026637e-01 -6.823247445462506111e-02 9.771186936922870991e-01 1.491507106448227127e+01 -5.808417555066096999e-03 9.974692435874612517e-01 7.086329876056024490e-02 6.581386939270020831e-01 -9.794815624538987242e-01 -1.996696675592758013e-02 2.008505572972220932e-01 7.628586993166042163e+00
1.889152080122369348e-01 -7.080034347008594409e-02 9.794961883615114218e-01 1.572648424461064209e+01 -8.094443122855418324e-03 9.972516409017350147e-01 7.363232275514224046e-02 7.011628367643830684e-01 -9.820181104990789445e-01 -2.183339869411084558e-02 1.878225394327002473e-01 7.784072783883920543e+00
1.730152176402559583e-01 -7.116227528180446571e-02 9.823861298637101003e-01 1.654127389862516395e+01 -8.089420626587585580e-03 9.972487685847358785e-01 7.368356865436416492e-02 7.423547290992943415e-01 -9.849290507252526083e-01 -2.066597234781767517e-02 1.719651416589195181e-01 7.931143297753218135e+00
1.594160934271420527e-01 -7.156019522950168854e-02 9.847074154865866902e-01 1.734947180210944850e+01 -8.925643479269886396e-03 9.972235416697822208e-01 7.391769182339685829e-02 7.858779594872504770e-01 -9.872650330635329707e-01 -2.055081041344054837e-02 1.583354179750515178e-01 8.055936490697298780e+00
1.432843836337396315e-01 -7.082419588705432534e-02 9.871389131694637831e-01 1.816962445305751217e+01 -9.368176898701641511e-03 9.972936379230461501e-01 7.294330691056541416e-02 8.279844239959267549e-01 -9.896332447879182537e-01 -1.970156522143731367e-02 1.422339926653593545e-01 8.172282631647719953e+00
1.212833251621711350e-01 -6.951338401551211688e-02 9.901839788056091551e-01 1.900161071032188786e+01 -1.302928868821982659e-02 9.973484822046339016e-01 7.160213207552852677e-02 8.698036778640749755e-01 -9.925338776964942600e-01 -2.161401867166779303e-02 1.200548287234736722e-01 8.276038046509661683e+00
9.720727009552772302e-02 -6.834748911291436968e-02 9.928847292245825962e-01 1.984254924180170576e+01 -1.729873679695207236e-02 9.973729871887376808e-01 7.033639887597005480e-02 9.133042500078679682e-01 -9.950831091926979344e-01 -2.402134014778496002e-02 9.576901609935205284e-02 8.356377273642612735e+00
6.771283312552234257e-02 -6.716125027748935661e-02 9.954378785930474427e-01 2.068577020792817578e+01 -2.087699968414140350e-02 9.974182766070989192e-01 6.871141092905809489e-02 9.552574312127261047e-01 -9.974818893775210249e-01 -2.544526614568066655e-02 6.613554380512912112e-02 8.408264362095502875e+00
3.242109447318633486e-02 -6.757063945889117684e-02 9.971834801596655140e-01 2.153946972936218884e+01 -2.520463873872675134e-02 9.973395225846461987e-01 6.839292684360494257e-02 9.957504522160575133e-01 -9.991524206854700552e-01 -2.734353314472488805e-02 3.063175711497427220e-02 8.433997018190886763e+00
-7.125305733847441545e-04 -6.705633624333634524e-02 9.977493202946458029e-01 2.238789550710572840e+01 -2.598684032739994113e-02 9.974134935654640488e-01 6.701495317657452100e-02 1.032443892968216259e+00 -9.996625459543714287e-01 -2.587794072049963423e-02 -2.453107766384880414e-03 8.419131307352307303e+00
-3.639846150272619402e-02 -6.603677424684380182e-02 9.971592184089280719e-01 2.325332446582759260e+01 -2.637865752241639120e-02 9.975313341241550669e-01 6.506736506533113140e-02 1.067734377078100039e+00 -9.989925943844175649e-01 -2.396394186741164847e-02 -3.805177635968905181e-02 8.381515750512454233e+00
-6.626163665042358875e-02 -6.444507705686310095e-02 9.956990771650471306e-01 2.410403275074580876e+01 -2.890648617611698071e-02 9.976177893782333106e-01 6.263377077155915518e-02 1.100684733542686367e+00 -9.973624169814127027e-01 -2.464680556592006161e-02 -6.796712262889452461e-02 8.321034792242622657e+00
-9.986263691668782749e-02 -6.080248343329871380e-02 9.930816865449223485e-01 2.495596459130090494e+01 -3.160056929624806971e-02 9.978210632666810742e-01 5.790991480614076509e-02 1.143896151630444002e+00 -9.944405952027524087e-01 -2.556587926378108000e-02 -1.015660302575783214e-01 8.233873268186261640e+00
-1.339288985345694072e-01 -5.621065079973901202e-02 9.893092067489033248e-01 2.581913345185303754e+01 -2.962622060524906786e-02 9.981707408866969944e-01 5.270513648629209652e-02 1.172151298238526707e+00 -9.904625567843828859e-01 -2.224178222162399854e-02 -1.353489646541828351e-01 8.103922297302233346e+00
-1.647746629183242661e-01 -5.000418217863327602e-02 9.850300264510467585e-01 2.666128393082239612e+01 -2.349573180955348908e-02 9.986291678384550119e-01 4.678372456571285726e-02 1.197322482449423964e+00 -9.860196312681333008e-01 -1.542587438788403653e-02 -1.657232428561506155e-01 7.954924433375703430e+00
-1.959979608398987883e-01 -4.452210069391906999e-02 9.796121429327967478e-01 2.751341628580678744e+01 -1.888441758457112471e-02 9.989549525917892359e-01 4.162390194069156418e-02 1.219589124740716013e+00 -9.804413615601211829e-01 -1.034845228752289542e-02 -1.966339581806470505e-01 7.769002333003892424e+00
-2.244974840823183437e-01 -3.883360629246061790e-02 9.737841741547714758e-01 2.834076043015618396e+01 -1.281492706463945724e-02 9.992371239002393324e-01 3.689697600917327125e-02 1.233346388962134332e+00 -9.744735560988959655e-01 -4.205978600766853773e-03 -2.248238939635431866e-01 7.556744710628898076e+00
-2.546152721370325001e-01 -3.239555593687043489e-02 9.665682674665916352e-01 2.917333822300392754e+01 -4.262724372934497373e-03 9.994665435681018284e-01 3.239224348285529853e-02 1.247974314417088504e+00 -9.671017754621521467e-01 4.116848007823496400e-03 -2.546173732682275870e-01 7.328508459317284007e+00
-2.813725526641825958e-01 -2.272473513996052172e-02 9.595174730579848488e-01 2.999163128139185375e+01 2.378805416172011678e-03 9.997002302032762522e-01 2.437200044681047187e-02 1.248013806778948798e+00 -9.597835776789346296e-01 9.129334126857775386e-03 -2.812342706234289835e-01 7.078026284908961685e+00
-3.051235601348480930e-01 -7.508322783927260345e-03 9.523501820485423819e-01 3.079982788659489046e+01 6.447756074587735961e-03 9.999297378223003241e-01 9.948159149040496779e-03 1.242493043242186568e+00 -9.523579850796964896e-01 9.175400990649772506e-03 -3.050537300823191189e-01 6.802071421166546727e+00
-3.285006970768946100e-01 9.451133719663133356e-03 9.446004643033483195e-01 3.159040526841285512e+01 7.811573424147723495e-03 9.999429313495090677e-01 -7.285561037401481511e-03 1.225597406692176428e+00 -9.446154656511871472e-01 4.985535621760005601e-03 -3.285558161684427048e-01 6.533625874642086551e+00
-3.543201531819148431e-01 2.557197459199825676e-02 9.347451231728034493e-01 3.237975593597347768e+01 7.764287366293007135e-03 9.996719920185335173e-01 -2.440441640635220358e-02 1.207306865634884652e+00 -9.350624862637887391e-01 -1.388692843592207772e-03 -3.544025240039312408e-01 6.236891297045747962e+00
-3.762868189701618626e-01 3.577297923955908426e-02 9.255947312732907273e-01 3.316086007152718196e+01 1.120220392564909295e-02 9.993566071073815005e-01 -3.407528721399048777e-02 1.169054589557655399e+00 -9.262185114056756818e-01 -2.464703276300968162e-03 -3.764451097638829014e-01 5.914307692717918563e+00
-4.022754786093071244e-01 4.016746191659090193e-02 9.147319201995526283e-01 3.393635763558693696e+01 1.479624498388997476e-02 9.991922402812177806e-01 -3.735383636687625991e-02 1.120274053699980010e+00 -9.154935075608928718e-01 -1.492894454937273435e-03 -4.025449719780783142e-01 5.574201824842925923e+00
-4.226854878522204872e-01 3.961498219575353141e-02 9.053267913201712425e-01 3.471622991358778876e+01 1.677287423558372279e-02 9.992147208697449434e-01 -3.589695544118979426e-02 1.076508772178112139e+00 -9.060385179850349857e-01 -9.168235568717422304e-07 -4.230179472356639936e-01 5.210524198526230499e+00
-4.440595086475649933e-01 3.552760011553190989e-02 8.951191925221690937e-01 3.546376191772562692e+01 2.035135385645268913e-02 9.993556637161890022e-01 -2.955970520727656259e-02 1.037315768663755744e+00 -8.955929514998259844e-01 5.080595069197840416e-03 -4.444963358375906837e-01 4.830380963223687374e+00
-4.631098229692908186e-01 3.316661239081779983e-02 8.858949330272621880e-01 3.621371595346323602e+01 2.789780605790808526e-02 9.993498822753457134e-01 -2.284029687593281538e-02 9.954051430421487767e-01 -8.860764854667740886e-01 1.413978303368117716e-02 -4.637341083783206308e-01 4.437098160485088982e+00
-4.772090072387038528e-01 3.433472532450008996e-02 8.781816818271230840e-01 3.694667691448027824e+01 3.140412330311894568e-02 9.992645136902991165e-01 -2.200043761162722225e-02 9.510812871213546460e-01 -8.782912209546592797e-01 1.707928997022909248e-02 -4.779364762143973877e-01 4.019612871983797575e+00
-4.865563213767291617e-01 3.847593386353442835e-02 8.728125714072095809e-01 3.766875263856581313e+01 3.441956598479904011e-02 9.990983477516026667e-01 -2.485336632922283823e-02 9.143405609721581007e-01 -8.729818409461906903e-01 1.795140240763045542e-02 -4.874420634251206419e-01 3.612845384336546228e+00
-4.969540824048899741e-01 4.113218056695566033e-02 8.669219495082985949e-01 3.836842756692425382e+01 3.628741704045632122e-02 9.989873385411367490e-01 -2.660420923208112534e-02 8.765369881946102337e-01 -8.671383443983607942e-01 1.824112480047301518e-02 -4.979434834349832917e-01 3.208828669017548485e+00
-5.061448777495985984e-01 3.995316841518648660e-02 8.616245459507755333e-01 3.907338774378435886e+01 3.033344362180749598e-02 9.991332511636578095e-01 -2.849355763786706741e-02 8.382409504831994651e-01 -8.620161739525401545e-01 1.171475278457389559e-02 -5.069182769212917661e-01 2.807633137281978719e+00
-5.180324659351368544e-01 3.818928894876968266e-02 8.543409136224856537e-01 3.976448635919546604e+01 2.893751447933120766e-02 9.992134864802032501e-01 -2.709538976922110792e-02 8.037998279647613487e-01 -8.547040106932352055e-01 1.067854587564443652e-02 -5.187302182188638922e-01 2.395032159429977714e+00
-5.274592251083214389e-01 3.943214308707440607e-02 8.491425757425138388e-01 4.046313833442570740e+01 3.041237625589569490e-02 9.991584416470706831e-01 -2.755006193591599817e-02 7.656021649396584916e-01 -8.495141233898766409e-01 1.130551558233156527e-02 -5.282146121800762595e-01 1.951329250997382081e+00
-5.326489993997415295e-01 4.242954976171204456e-02 8.458689775533722033e-01 4.116706759256842929e+01 3.386208393669943445e-02 9.990113980948542860e-01 -2.880608768444621604e-02 7.234357305034909702e-01 -8.462548182359722615e-01 1.330981299452819316e-02 -5.335594235173477529e-01 1.509939612272091169e+00
-5.368836399720142705e-01 4.591160511029965252e-02 8.424335580253163869e-01 4.187619556561474354e+01 3.481950726435421167e-02 9.988730407872721262e-01 -3.226138633432296121e-02 6.896796877437104678e-01 -8.429657090250968210e-01 1.201184814867394327e-02 -5.378772596829032304e-01 1.062127905468355671e+00
-5.369033705122137068e-01 4.748083458541423746e-02 8.425806656633096914e-01 4.260190656947891341e+01 3.501323070115881092e-02 9.988086806108121829e-01 -3.401161998545818022e-02 6.534189665861915852e-01 -8.431918576854812164e-01 1.124796307246810241e-02 -5.379262065333826337e-01 6.002699529111255039e-01
-5.326662949962011062e-01 4.768430478047246124e-02 8.454343034866350637e-01 4.335616191384254847e+01 3.581031935434444979e-02 9.987874285083946369e-01 -3.379325629917868945e-02 6.166886334473516973e-01 -8.460200649210911639e-01 1.229555501871875713e-02 -5.337282382904833256e-01 1.297409375473081716e-01
-5.260057005096895333e-01 4.656958769705561024e-02 8.493225703560967066e-01 4.410962147441730963e+01 3.540839545816338446e-02 9.988333950434611364e-01 -3.282474993540735603e-02 5.743618095631886078e-01 -8.498604750375687855e-01 1.280855727565126390e-02 -5.270410991892280350e-01 -3.219738078396109371e-01
-5.169989590564918469e-01 4.516048720071183520e-02 8.541427663044787177e-01 4.488369823857446761e+01 3.232901452583690494e-02 9.989246975421798291e-01 -3.321527089311861192e-02 5.345605086844675835e-01 -8.547253734093639421e-01 1.041491373623999045e-02 -5.179029828628243237e-01 -7.885342753718546094e-01
-5.104062998317441258e-01 4.450086984962104558e-02 8.588579115182900514e-01 4.568062906255541122e+01 3.067905326619381826e-02 9.989664147604166988e-01 -3.355129427279277682e-02 4.965624887492142703e-01 -8.594638013960282930e-01 9.217209689625921118e-03 -5.112439738001328671e-01 -1.257733578273939390e+00
-5.052265233665780286e-01 4.302536302472052820e-02 8.620093810124547229e-01 4.649165882665533900e+01 2.844566018394368428e-02 9.990437863560712728e-01 -3.321300593459027006e-02 4.520959716622700575e-01 -8.626143327797705096e-01 7.740805412133832178e-03 -5.059674314083777436e-01 -1.711187850423663948e+00
-4.997439687837413325e-01 4.119275326131795201e-02 8.650771446904290674e-01 4.732610340423510564e+01 2.411153811643115472e-02 9.991433584828900427e-01 -3.361048312663717647e-02 4.090737065018004714e-01 -8.657209156703040698e-01 4.050407443020300792e-03 -5.003091949970003283e-01 -2.173289461515178100e+00
-4.988343710218090532e-01 3.815847150426107670e-02 8.659316222762820647e-01 4.815602938650932430e+01 1.936899140599183250e-02 9.992712348930363753e-01 -3.289588840625416732e-02 3.663082622497503826e-01 -8.665563936575977344e-01 3.535452218960876357e-04 -4.992097234445915244e-01 -2.633492808628605797e+00
-4.988933319291110613e-01 3.547606284321852543e-02 8.655906463692091268e-01 4.902272031450660705e+01 1.627111381155166986e-02 9.993688312702905252e-01 -3.157418939539344965e-02 3.232183738705391995e-01 -8.661649011349562555e-01 -1.680079898438794619e-03 -4.991554948779835521e-01 -3.114238011422107100e+00
-4.989405853200249430e-01 3.450183685820363416e-02 8.655794812627168877e-01 4.989257020392626174e+01 1.449059229567751725e-02 9.993992898868607755e-01 -3.148220720482231005e-02 2.774198542481451923e-01 -8.661461731829678268e-01 -3.179248807360166539e-03 -4.991405180453056256e-01 -3.601682384231029932e+00
-5.013303658969086030e-01 3.347153243374627329e-02 8.651540694210895222e-01 5.077156488948279645e+01 1.472585299355958291e-02 9.994370691046964295e-01 -3.015058657260541106e-02 2.340625503377874173e-01 -8.656761576232773203e-01 -2.366244441739399386e-03 -5.015411228397457233e-01 -4.092294927528578263e+00
-4.999140585821363891e-01 3.299648749441227991e-02 8.655166455974755424e-01 5.166666587826134815e+01 1.487912933332669052e-02 9.994539382575752251e-01 -2.950034677412585737e-02 1.915480035836314432e-01 -8.660174402638293190e-01 -1.861607730238000642e-03 -5.001322306352166125e-01 -4.597128627722918637e+00
-4.999067966998776424e-01 3.197410472521861752e-02 8.656031696440308343e-01 5.257125387581199760e+01 1.449173808766511182e-02 9.994875528468722958e-01 -2.853835085423253939e-02 1.448464739029279302e-01 -8.660719805119674319e-01 -1.720633619007167197e-03 -5.001141283107672919e-01 -5.111739635305552198e+00
-4.999104843847649304e-01 3.167902894373142431e-02 8.653421608915479180e-01 5.347525883126657931e+01 1.423400436107657811e-02 9.994964234312813112e-01 -2.834189698799254378e-02 9.445838175537456249e-02 -8.658046141792962169e-01 -1.864316412601956484e-03 -5.001097446648025135e-01 -5.623956305944316725e+00
-4.999523626132809651e-01 3.025845292146336213e-02 8.657057783447055233e-01 5.441828068815797081e+01 1.229631981682864118e-02 9.995369034199448333e-01 -2.782913923340749052e-02 5.111559519378935934e-02 -8.661469236182278708e-01 -3.267932167110441672e-03 -5.000930876358875565e-01 -6.144814161962393051e+00
-5.013538644276317457e-01 2.943757953906352837e-02 8.651699077614111166e-01 5.531775038849973214e+01 1.179031753580745551e-02 9.995608214361582089e-01 -2.718594717601476723e-02 3.152896539595884118e-03 -8.655903215827365216e-01 -3.422787353181005326e-03 -5.014809805413937838e-01 -6.645403465423233236e+00
-5.013606263714427413e-01 2.824329450456004864e-02 8.652354263426194070e-01 5.623585110330596848e+01 1.092900824556055500e-02 9.995943188612572694e-01 -2.630833996796152346e-02 -4.398454209942119497e-02 -8.656271427260113782e-01 -3.710398173260044067e-03 -5.014661715852736235e-01 -7.151967598937160275e+00
-4.989433311930286385e-01 2.754314230161283503e-02 8.663706050717361329e-01 5.715291189635217961e+01 1.039124306612204500e-02 9.996130805921903395e-01 -2.580185874901771634e-02 -9.365618135542193301e-02 -8.667461423384945629e-01 -3.860125008405595939e-03 -4.990366715392832164e-01 -7.679467613656485447e+00
-4.974780211560880239e-01 2.451639143491135195e-02 8.671602196732043355e-01 5.806106390299211739e+01 1.068469761677596705e-02 9.996977444016573733e-01 -2.214609839165665103e-02 -1.428106097148283959e-01 -8.674411196243128064e-01 -1.737865102506744308e-03 -4.975896344394169502e-01 -8.169181835203277231e+00
-4.946539152877870715e-01 2.379880014404772356e-02 8.692929693838944427e-01 5.899180270453259567e+01 1.112736649318888348e-02 9.997166622938092884e-01 -2.103736263487237731e-02 -1.865529521876818086e-01 -8.695474963871577812e-01 -7.210255777496384164e-04 -4.947788000150553644e-01 -8.692017094128598131e+00
-4.908107517994121372e-01 2.212256247435604589e-02 8.708714078674624215e-01 5.988964135245561238e+01 1.124217805487697994e-02 9.997551917090846674e-01 -1.905331852437799900e-02 -2.314849185610362015e-01 -8.710797721868794863e-01 4.361080201759403923e-04 -4.909393668391463517e-01 -9.190273478965240272e+00
-4.894012299959256684e-01 2.455070178222408528e-02 8.720133984211041467e-01 6.083407354462406857e+01 1.276566314911875902e-02 9.996982488852894644e-01 -2.098352275434219039e-02 -2.738386429468721017e-01 -8.722654013963767605e-01 8.686225022311876197e-04 -4.895670598782859706e-01 -9.706139992689916340e+00
-4.880243715200484056e-01 2.548920818871534821e-02 8.725447094189128228e-01 6.172661192208114045e+01 1.255553994223887818e-02 9.996751975128601586e-01 -2.217246523412625195e-02 -3.168424725894339877e-01 -8.728266630841247098e-01 1.307076719426805949e-04 -4.881858780538927411e-01 -1.019008281729150767e+01
-4.870517764434156849e-01 2.505013349648646873e-02 8.729334780184059284e-01 6.263343374208137959e+01 1.099295243523230534e-02 9.996851956849182042e-01 -2.255660640555985294e-02 -3.616088350320054712e-01 -8.732236236143948727e-01 -1.389138818169494225e-03 -4.871738614698198355e-01 -1.069946098442721194e+01
-4.895506940851159783e-01 2.661911446502077463e-02 8.716749841409682231e-01 6.352442753155583688e+01 9.373140729961213294e-03 9.996367588785446401e-01 -2.526363452315464123e-02 -4.095030924473308520e-01 -8.720311904734259212e-01 -4.206806066186297328e-03 -4.896223001259175645e-01 -1.120548761936912285e+01
-4.948298372953421342e-01 2.587875588568760987e-02 8.692128665668611420e-01 6.443048999854840986e+01 7.179025013038945260e-03 9.996445304788097452e-01 -2.568845962285944487e-02 -4.666951568502214487e-01 -8.695682679571130613e-01 -6.444318269413820341e-03 -4.948399154849507653e-01 -1.170510225209289956e+01
-5.000373464428554682e-01 2.536777189938003302e-02 8.658731158883280488e-01 6.532247049358171864e+01 7.234145075636840526e-03 9.996585362093508564e-01 -2.510882344200487254e-02 -5.078604758066223024e-01 -8.662143928142488347e-01 -6.282003336192207299e-03 -5.000503432088782008e-01 -1.219579096325460021e+01
-5.040541296680945971e-01 2.161716825224558464e-02 8.632902200494217970e-01 6.620660540219761003e+01 1.065291860478609527e-02 9.997662418842728771e-01 -1.881934538916288022e-02 -5.608652706972039326e-01 -8.634951103806079997e-01 -2.841710113279704089e-04 -5.041666138450540124e-01 -1.271740988189733379e+01
-5.093639077773017831e-01 1.984831209560313989e-02 8.604080259131825503e-01 6.707714251389607796e+01 7.161794343442917307e-03 9.997972305730997711e-01 -1.882396617339898715e-02 -6.047475335892382731e-01 -8.606069478708887610e-01 -3.416897364987955127e-03 -5.094026798095003805e-01 -1.320938393231767627e+01
-5.132045895576728967e-01 2.215126094562993447e-02 8.581869689603831564e-01 6.795691344152480440e+01 8.081461097515594411e-03 9.997474882796912876e-01 -2.096532257897918208e-02 -6.483076246114108931e-01 -8.584345665251807977e-01 -3.819875682890599457e-03 -5.132538262084379577e-01 -1.371825428870572772e+01
-5.184777646186332634e-01 2.471165713867073954e-02 8.551219314887660294e-01 6.881959621226560841e+01 8.492628273724996124e-03 9.996820644450156168e-01 -2.373709070541061769e-02 -6.906662376471772724e-01 -8.554367045010082826e-01 -5.046803583118165612e-03 -5.185227083156097594e-01 -1.423683222305406737e+01
-5.227362411440656942e-01 2.449509210708945492e-02 8.518160131577701133e-01 6.966350771634175487e+01 7.047867498847491287e-03 9.996768842891634588e-01 -2.441545923443404903e-02 -7.346449130377332715e-01 -8.521391265492180844e-01 -6.776235476767054899e-03 -5.227396600976124130e-01 -1.473292630778361811e+01
-5.266363969788373511e-01 2.466903676991980682e-02 8.498172569302965274e-01 7.052266244930824257e+01 5.702005453250937224e-03 9.996588385852687164e-01 -2.548136656979069214e-02 -7.854943760672445929e-01 -8.501560662484051178e-01 -8.584473987427596736e-03 -5.265974209116988103e-01 -1.526188847054513609e+01
-5.308247681855857714e-01 2.505723686898978994e-02 8.471634030153026851e-01 7.135193237902855401e+01 6.527879588962533577e-03 9.996540801720280589e-01 -2.548827051968818175e-02 -8.309394403357731607e-01 -8.475086672410754307e-01 -7.984856849903947812e-03 -5.308046122984846349e-01 -1.575931510787194689e+01
-5.330822711117583212e-01 1.766492951479779402e-02 8.460115926743135839e-01 7.218802145389251734e+01 7.932587836379116630e-03 9.998424194404849086e-01 -1.588223439967383077e-02 -8.754332415788772526e-01 -8.461588766418619567e-01 -1.752823223292177424e-03 -5.331383841456820427e-01 -1.628964725652831902e+01
-5.343919188745959170e-01 8.473441339994679938e-03 8.454631992663043105e-01 7.302684013706480926e+01 8.399602925375858342e-03 9.999535907523213751e-01 -4.712660845282067024e-03 -9.059450823219108440e-01 -8.454639723184783628e-01 4.585328970710774409e-03 -5.344382363804414116e-01 -1.681050377707689947e+01
-5.358093188728907386e-01 4.823305410992457035e-03 8.444726095179556635e-01 7.386375550268306256e+01 7.178584377641250742e-03 9.999735924889371352e-01 -1.159190334364386919e-03 -9.350774672496579010e-01 -8.444560048517580908e-01 5.445385313064762117e-03 -5.358297990524478749e-01 -1.733396718953393645e+01
-5.358023073210631537e-01 1.103545482535422777e-02 8.435868985014610688e-01 7.468710488054158247e+01 8.712258503920159575e-03 9.999336224292346698e-01 -7.539724012110706787e-03 -9.595577052762629400e-01 -8.436142007071107951e-01 3.299799194286634919e-03 -5.358629420956286804e-01 -1.786230031857274980e+01
-5.383069123102547371e-01 1.716047177733871776e-02 8.429038732171572068e-01 7.549537554261247863e+01 8.812635047108389325e-03 9.998526640250163799e-01 -1.472859442277411890e-02 -9.965767647055374656e-01 -8.430325855298453908e-01 -5.038469873430383422e-04 -5.383787018299655003e-01 -1.838375834885238547e+01
-5.395879334148419026e-01 2.090869051067014567e-02 8.419574205652945453e-01 7.630842300521393895e+01 1.486073575041922668e-02 9.997724187659551287e-01 -1.530930781803095664e-02 -1.027978770764544247e+00 -8.420859703014530462e-01 4.253571746209813820e-03 -5.397758192172327218e-01 -1.890479194532355223e+01
-5.356685519123002281e-01 2.111768399760026796e-02 8.434108588279340957e-01 7.713788487019974127e+01 1.756345812020485356e-02 9.997495961847001622e-01 -1.386023082851616135e-02 -1.065559293792358364e+00 -8.434924806070583925e-01 7.384049216264728516e-03 -5.359053564824828308e-01 -1.944252270680571826e+01
-5.356564346567702639e-01 1.811189438807681712e-02 8.434830381721529768e-01 7.795343608760343557e+01 1.727544893698762518e-02 9.997957515223169223e-01 -1.048159071211863212e-02 -1.099947452920951196e+00 -8.435007288040201612e-01 8.950197072527629749e-03 -5.358598573890756001e-01 -1.996431264560980523e+01
-5.356895602196541928e-01 1.232344342554425771e-02 8.437115510972870158e-01 7.876830185480159230e+01 1.462930906133178173e-02 9.998788533125149147e-01 -5.306920361380404461e-03 -1.121962507124273589e+00 -8.436748523967965152e-01 9.497087380050896546e-03 -5.358049890462298626e-01 -2.047633381418317455e+01
-5.356953407669010625e-01 8.122535526442977924e-03 8.443487049372697673e-01 7.959087182883952494e+01 1.449742805121683430e-02 9.998947820087483729e-01 -4.209543868668812173e-04 -1.144702351048715983e+00 -8.442633340100924588e-01 1.201718524333011962e-02 -5.357566650386916818e-01 -2.099357586049101698e+01
-5.358385268029060011e-01 1.060494072546982894e-03 8.443507927823045156e-01 8.040478616159808212e+01 5.338538455760305675e-03 9.999833798267890872e-01 2.133342316382943592e-03 -1.167789938658621240e+00 -8.443346466032641828e-01 5.654054008021994898e-03 -5.358352932018005665e-01 -2.147953874067608382e+01
-5.331838609117809380e-01 -4.429763370529191287e-03 8.456093470265058087e-01 8.122997593129828431e+01 -3.909350695294916064e-03 9.999884478838929613e-01 2.764769038683578296e-03 -1.181390333953543870e+00 -8.456120182829163223e-01 -1.839507685452139918e-03 -5.331951609505362066e-01 -2.197851298439950796e+01
-5.317202454878462436e-01 -3.959909740145407808e-03 8.473499979967741291e-01 8.204145042506999630e+01 -4.904901093261950168e-04 9.999903144640598374e-01 4.370520367269209970e-03 -1.199801413634604019e+00 -8.473592459366039442e-01 1.900053162147442897e-03 -5.317170079677601136e-01 -2.248626909523955320e+01
-5.292060294938329967e-01 -9.419725569586604114e-04 8.487353945712595715e-01 8.284415753836566410e+01 3.973741514873451418e-03 9.999855632215227663e-01 3.594632645825436915e-03 -1.224215433890882165e+00 -8.487266330916288792e-01 5.281610032986681913e-03 -5.291947082119426993e-01 -2.298850197880527801e+01
-5.225293543652959061e-01 2.653385942403673620e-03 8.523533305411985506e-01 8.366097737450439809e+01 5.721531377354322455e-03 9.999835069211960858e-01 3.950881312545727309e-04 -1.235608604038298308e+00 -8.523384320666377301e-01 5.084682881597975268e-03 -5.225359468178325528e-01 -2.349476130317822253e+01
-5.143956890194807396e-01 5.512057389388352185e-03 8.569636321695121017e-01 8.447371069388948683e+01 1.174963271397254198e-02 9.999307214512507258e-01 6.221258413322910095e-04 -1.253980248942798470e+00 -8.569008925964232137e-01 1.039280168391978898e-02 -5.144248673125988436e-01 -2.398200816483445053e+01
-5.076920226240453360e-01 6.752675758347839036e-03 8.612806772719607817e-01 8.528324211690478762e+01 1.798095580439270508e-02 9.998344098152549542e-01 2.763831361513917340e-03 -1.275183191509051905e+00 -8.611195840813853364e-01 1.689237674505891795e-02 -5.077293594278429190e-01 -2.445819190046846003e+01
-4.972746646110343116e-01 5.636498359009305993e-03 8.669997527244226454e-01 8.610819363488914746e+01 1.591341522622456012e-02 9.998698657569895509e-01 2.634508706538717104e-03 -1.300601779431549643e+00 -8.668718722820921707e-01 1.511297199167336777e-02 -4.972995966785632715e-01 -2.493227247851546480e+01
-4.879308414930759175e-01 2.163827699392219597e-03 8.734178429108577779e-01 8.693788604237421680e+01 1.189826901220193169e-02 9.999205702186763078e-01 4.167471847854789697e-03 -1.311584719879250738e+00 -8.733392704718102584e-01 1.242059513337337613e-02 -4.879179160959007389e-01 -2.537066323484114250e+01
-4.751423477330445344e-01 -1.016183484546971270e-03 8.794500566742664560e-01 8.777395238100928054e+01 1.288850080733007671e-02 9.998839240771671966e-01 8.122641227833012761e-03 -1.325605888403976529e+00 -8.793561151262396791e-01 1.520173006866007426e-02 -4.750741583410402757e-01 -2.582191156247663244e+01
-4.633780230744993789e-01 -9.915292041819830614e-04 8.862456121956967525e-01 8.861333690416100239e+01 1.263728388414772641e-02 9.998902933152001848e-01 7.725190398370080681e-03 -1.333305772832864111e+00 -8.861560000197755693e-01 1.477915881171971979e-02 -4.633148160266046811e-01 -2.625307486864213402e+01
-4.516662520671640979e-01 -3.534848627529134282e-03 8.923185997583596984e-01 8.946176533391893315e+01 1.293765788859918033e-02 9.998611442954380424e-01 1.050718263731054494e-02 -1.340303833875901240e+00 -8.922316820438804807e-01 1.628680722915791176e-02 -4.515579412585778440e-01 -2.665917572881448194e+01
-4.403133724261618087e-01 -1.231182770349782164e-03 8.979610683699051910e-01 9.031510434360767192e+01 1.584018080646343654e-02 9.998328151009616693e-01 9.139733100368299321e-03 -1.359482353541883404e+00 -8.978220006373981432e-01 1.824730976441440305e-02 -4.402203885289867613e-01 -2.708009117726212978e+01
