1.0 0.0 0.0 0.0 0.0 1.0 0.0 0.0 0.0 0.0 1.0 0.0
0.99752223 -0.07026009 -0.0033026054 0.17321777 0.070249654 0.9975234 -0.0031764703 0.048706055 0.0035176515 0.0029365467 0.9999895 -0.020996094
0.99928164 0.037894256 -0.00020982654 0.2640381 -0.03789316 0.9992742 0.0038776286 -0.033081055 0.00035661933 -0.0038668928 0.9999925 -0.0034179688
0.99794537 0.064036794 0.001680223 0.4194336 -0.06404608 0.9979267 0.006226912 -0.036499023 -0.0012779441 -0.0063217366 0.9999792 0.0041503906
0.99534583 0.09622206 0.0053887665 0.5722656 -0.09625136 0.99534255 0.0054723737 -0.08093262 -0.0048371144 -0.005965406 0.9999705 -0.0146484375
0.9909852 0.13377364 0.0071279667 0.7906494 -0.13379405 0.99100506 0.0024666004 -0.12988281 -0.006733834 -0.0033980943 0.99997157 0.0087890625
0.9847955 0.17350899 0.008037016 0.9564209 -0.17350759 0.9848282 -0.0008770769 -0.19543457 -0.008067272 -0.000530993 0.99996734 -0.0036621094
0.97595954 0.2176857 0.009831204 1.1832275 -0.21769431 0.9760071 -0.00019941549 -0.2713623 -0.009638801 -0.0019456365 0.99995166 0.0030517578
0.9639634 0.2656772 0.0123116765 1.4050293 -0.26569724 0.96403646 -9.399606e-06 -0.35925293 -0.01187151 -0.003263333 0.9999242 -0.009277344
0.9497901 0.31224772 0.01928606 1.6582031 -0.3122345 0.9499828 -0.0037731654 -0.46875 -0.019499462 -0.0024403431 0.9998068 -0.016479492
0.9327181 0.35971794 0.024855506 1.8790283 -0.3594784 0.93304145 -0.013669225 -0.58691406 -0.028108515 0.0038139233 0.9995976 -0.0008544922
0.91114134 0.4111182 0.027839504 2.1184082 -0.41069967 0.91154355 -0.019642401 -0.73876953 -0.03345227 0.0064636376 0.9994195 -0.0012207031
0.8866359 0.46138477 0.03135144 2.36438 -0.46091014 0.8871787 -0.021406231 -0.9094238 -0.037690815 0.004525332 0.9992789 -0.0059814453
0.85771644 0.5129064 0.035127442 2.6135254 -0.51238275 0.8584337 -0.023250263 -1.0721436 -0.042078946 0.0019371696 0.99911195 -0.026611328
0.82625747 0.56211966 0.03748445 2.8104248 -0.56141716 0.8271042 -0.028181855 -1.2856445 -0.046843085 0.0022450723 0.9988998 -0.03491211
0.7898301 0.6121666 0.038145732 3.0698242 -0.6112217 0.79074204 -0.034190934 -1.5042725 -0.05109842 0.0036883913 0.99868673 -0.041992188
0.75122356 0.6590521 0.037659734 3.2822266 -0.6579527 0.75215614 -0.038257677 -1.7539062 -0.053536702 0.0039705075 0.9985584 -0.055786133
0.7120083 0.70138055 0.03642255 3.51062 -0.70016265 0.7129278 -0.041505232 -2.0323486 -0.055073272 0.00405322 0.99847394 -0.07324219
0.66993284 0.7414642 0.035925355 3.7314453 -0.74023163 0.67089206 -0.04278735 -2.3173828 -0.055832416 0.002069911 0.9984381 -0.09399414
0.6267601 0.77821213 0.03858745 3.9708252 -0.7769688 0.62794244 -0.044038706 -2.6444092 -0.05850391 -0.0023824964 0.9982843 -0.12426758
0.5859324 0.80930924 0.039748576 4.1900635 -0.8080766 0.5872507 -0.045022264 -2.9820557 -0.059782233 -0.0057376176 0.99819523 -0.13977051
0.5453938 0.83737475 0.039488588 4.411865 -0.8360917 0.5467713 -0.046921168 -3.3510742 -0.06087796 -0.0074229203 0.99811757 -0.1652832
0.5063089 0.8612459 0.040070795 4.6325684 -0.85986793 0.50780624 -0.04959687 -3.7652588 -0.06306754 -0.009353945 0.9979651 -0.18359375
0.47047144 0.8816154 0.041110907 4.829834 -0.8803419 0.47208345 -0.04913052 -4.192383 -0.06271708 -0.013073944 0.99794567 -0.2133789
0.43327904 0.90033764 0.03998079 5.036621 -0.89912754 0.43486995 -0.04893201 -4.648926 -0.061448984 -0.014752811 0.9980012 -0.24414062
0.40055612 0.91549313 0.036565173 5.235962 -0.9143437 0.40197095 -0.048009094 -5.147339 -0.058653858 -0.014209281 0.9981771 -0.27539062
0.36919674 0.92879206 0.03158468 5.4366455 -0.92771924 0.3703442 -0.046267856 -5.6568604 -0.054672718 -0.012230043 0.9984291 -0.30371094
0.34471267 0.9382072 0.028579226 5.615967 -0.9371956 0.34571102 -0.04498771 -6.1992188 -0.052102216 -0.011272486 0.9985787 -0.3388672
0.32481396 0.9455041 0.02598508 5.8120117 -0.944524 0.3256927 -0.04421354 -6.779907 -0.050277304 -0.010187958 0.99868363 -0.37365723
0.3095628 0.9504761 0.024928756 5.989746 -0.949418 0.31042 -0.045836598 -7.36792 -0.05130526 -0.009473386 0.9986383 -0.4050293
0.2976421 0.9545005 0.024196222 6.1887207 -0.9534154 0.29848078 -0.046421565 -7.9888916 -0.051527936 -0.00925124 0.9986288 -0.42895508
0.2872127 0.95737505 0.025314776 6.378662 -0.9561851 0.28814545 -0.04880278 -8.634033 -0.0540252 -0.010179711 0.9984881 -0.46203613
0.27671432 0.9605829 0.027154662 6.586426 -0.9593673 0.27777278 -0.049843527 -9.314575 -0.055422 -0.012250494 0.9983882 -0.5036621
0.26616123 0.9635362 0.027474236 6.7875977 -0.96220654 0.26728135 -0.05214434 -10.010986 -0.057572953 -0.012566775 0.99826145 -0.54089355
0.25612727 0.96635044 0.02865842 6.9769287 -0.9649017 0.25736406 -0.05461664 -10.728882 -0.060153294 -0.013677399 0.99809515 -0.5788574
0.24424115 0.96924174 0.029006189 7.1707764 -0.96770954 0.24554068 -0.05633909 -11.471924 -0.061719257 -0.014300461 0.99799097 -0.62158203
0.23593245 0.97135925 0.02895243 7.3377686 -0.9697641 0.23725918 -0.05750251 -12.238281 -0.0627252 -0.0145144835 0.9979252 -0.6604004
0.22381787 0.9741329 0.0312991 7.522949 -0.97236985 0.22537084 -0.060930595 -13.01123 -0.06641776 -0.016804243 0.9976506 -0.70581055
0.21280456 0.97663736 0.032283377 7.706299 -0.9746811 0.21450426 -0.06427568 -13.805664 -0.069701396 -0.01780621 0.9974086 -0.7597656
0.20055765 0.97919273 0.03289099 7.8702393 -0.97697824 0.20239983 -0.06833939 -14.606201 -0.07357775 -0.01842965 0.9971194 -0.8033447
0.18752456 0.98169905 0.034855958 8.028442 -0.97935027 0.18959753 -0.07099664 -15.416992 -0.076287135 -0.020828301 0.9968673 -0.85302734
0.17165996 0.98461837 0.033814143 8.178955 -0.9822429 0.17370139 -0.0714657 -16.230835 -0.07625885 -0.020970086 0.9968678 -0.9017334
0.15802856 0.9869491 0.0338052 8.306519 -0.9845654 0.16011305 -0.07195758 -17.038208 -0.076425046 -0.021930223 0.99683344 -0.95251465
0.14192851 0.9893202 0.0330812 8.426392 -0.9870007 0.14398015 -0.07133472 -17.857422 -0.07536625 -0.022520365 0.99690336 -1.0023193
0.11977107 0.9921807 0.035163157 8.535889 -0.9900487 0.12199975 -0.07018501 -18.688232 -0.073912404 -0.026379945 0.9969158 -1.052002
0.09550977 0.99468184 0.037750274 8.622681 -0.9927528 0.09795057 -0.06919976 -19.528076 -0.07251892 -0.030861821 0.99688894 -1.1032715
0.06589699 0.9970445 0.03938771 8.682739 -0.99531245 0.06847763 -0.06823717 -20.37024 -0.070728905 -0.03469609 0.99689204 -1.1529541
0.030408861 0.99867016 0.041527882 8.718628 -0.9970646 0.033226483 -0.06892186 -21.223267 -0.07020304 -0.039318144 0.99675703 -1.2006836
-0.0026752856 0.99918514 0.04028227 8.712891 -0.99763995 9.726694e-05 -0.06866853 -22.07129 -0.06861619 -0.04037355 0.9968259 -1.2446289
-0.038272377 0.99852604 0.0385963 8.685181 -0.99706095 -0.035591252 -0.06793757 -22.936646 -0.06643311 -0.04105294 0.9969447 -1.2873535
-0.06816659 0.99687254 0.039463155 8.632935 -0.9956116 -0.065444596 -0.06659755 -23.787476 -0.06379814 -0.04381558 0.9970002 -1.3276367
-0.10172806 0.99392414 0.04058414 8.555176 -0.9930105 -0.09905041 -0.06324565 -24.639648 -0.05883934 -0.046771374 0.99717087 -1.3787842
-0.13549767 0.98998344 0.037457895 8.434448 -0.9892527 -0.13316691 -0.058949612 -25.503418 -0.05337932 -0.045058373 0.99755746 -1.414917
-0.16587661 0.9856327 0.030818157 8.293335 -0.9849837 -0.16410969 -0.05301124 -26.346191 -0.04721208 -0.03916311 0.99811757 -1.447876
-0.19678566 0.98012316 0.025908858 8.115601 -0.9795743 -0.19541192 -0.047809623 -27.19934 -0.041797515 -0.03477999 0.9985206 -1.4775391
-0.22498369 0.97424227 0.019914012 7.9106445 -0.97374994 -0.22400402 -0.042380184 -28.027832 -0.036827665 -0.0289133 0.99890345 -1.498169
-0.25480077 0.966991 0.011739258 7.6900635 -0.96653116 -0.2542403 -0.03621909 -28.861938 -0.032054022 -0.020567384 0.99927497 -1.5195312
-0.28139734 0.9597547 0.0068602245 7.446533 -0.95948434 -0.28112665 -0.026803086 -29.681519 -0.023790542 -0.014111681 0.9996174 -1.5272217
-0.30512285 0.9523547 0.006938111 7.177002 -0.95233613 -0.3050307 -0.0118269585 -30.4906 -0.009145867 -0.010215061 0.999906 -1.53125
-0.32848486 0.9445863 0.011248573 6.915283 -0.94461673 -0.32855356 0.004885707 -31.282227 0.0083045885 -0.0090215 0.99992484 -1.5247803
-0.35417747 0.93498045 0.017740376 6.6262207 -0.93479663 -0.35450098 0.020724945 -32.073364 0.025667734 -0.009244189 0.99962777 -1.5167236
-0.37614876 0.9261493 0.01890463 6.3098145 -0.92565954 -0.37657645 0.030689761 -32.856567 0.035559233 -0.0059416443 0.9993499 -1.4859619
-0.40223223 0.91545475 0.018022843 5.977173 -0.9147964 -0.40262797 0.03480722 -33.635254 0.039100036 -0.0024925843 0.999232 -1.4423828
-0.42272353 0.90602416 0.016586822 5.6190186 -0.9053846 -0.42304808 0.03403181 -34.41809 0.037855536 -0.00061676855 0.9992829 -1.4020996
-0.44427547 0.89564246 0.011554573 5.244507 -0.89515394 -0.44441634 0.02971401 -35.169067 0.03174773 0.0028673168 0.99949163 -1.3643799
-0.46361518 0.8862478 0.002540391 4.855835 -0.88589203 -0.46350688 0.027155625 -35.921997 0.025242032 0.010333266 0.999628 -1.3237305
-0.47784153 0.8785088 -0.0003676936 4.4417725 -0.8781654 -0.47764271 0.028165847 -36.657104 0.024562538 0.013778192 0.9996033 -1.2823486
-0.4873337 0.873226 -0.0012142286 4.0369873 -0.87279296 -0.48704714 0.0321995 -37.38025 0.027524866 0.016748395 0.9994808 -1.2497559
-0.49782506 0.86739683 -0.0014786795 3.635376 -0.8668999 -0.49748072 0.034735 -38.0813 0.02939397 0.018567784 0.99939555 -1.2155762
-0.5067447 0.8621829 0.0050624795 3.2365723 -0.8616265 -0.5066137 0.033435285 -38.78772 0.031373538 0.012569363 0.99942845 -1.1810303
-0.51855856 0.85485303 0.0061135143 2.8269043 -0.8543442 -0.518475 0.03152614 -39.480957 0.030108469 0.011127286 0.99948436 -1.1490479
-0.5280436 0.8496776 0.005508284 2.385254 -0.84914213 -0.52792305 0.032660797 -40.180786 0.030668907 0.012559266 0.9994513 -1.1137695
-0.53339297 0.84645694 0.0035172803 1.944458 -0.8458594 -0.53316444 0.035599582 -40.88513 0.031991534 0.015986627 0.9993604 -1.0748291
-0.5376795 0.8431636 0.004822123 1.4970703 -0.8424295 -0.53743476 0.039023858 -41.594604 0.035503224 0.016925905 0.9992264 -1.045044
-0.537712 0.84338486 0.0055905217 1.0341797 -0.8425805 -0.5374688 0.04059296 -42.31958 0.03725245 0.017115282 0.9991599 -1.012207
-0.5335224 0.8462268 0.004538866 0.56103516 -0.8454306 -0.53324 0.040851023 -43.072266 0.036985315 0.017928582 0.99915534 -0.97839355
-0.5268453 0.85006887 0.0040117325 0.10595703 -0.8493178 -0.5265676 0.039815765 -43.823975 0.03594175 0.017556854 0.99919945 -0.9388428
-0.51768947 0.8548945 0.0063829347 -0.36462402 -0.85414976 -0.5175253 0.03850571 -44.595947 0.0362289 0.014517505 0.99923754 -0.90234375
-0.5110208 0.8596126 0.0075744865 -0.8371582 -0.8588714 -0.5109145 0.03792742 -45.390747 0.036480892 0.012889219 0.9992514 -0.86779785
-0.5057371 0.8627367 0.009039605 -1.293457 -0.86202943 -0.5057052 0.03651101 -46.200317 0.03607927 0.010677468 0.99929214 -0.8267822
-0.50005263 0.8657853 0.012715059 -1.7584229 -0.8651121 -0.50017333 0.034735426 -47.033325 0.036407683 0.0063665262 0.99931616 -0.78759766
-0.498934 0.86656 0.016406214 -2.2199707 -0.86598074 -0.4992011 0.03170684 -47.86267 0.03567084 0.0016269558 0.99936223 -0.748291
-0.49887532 0.8661319 0.018431723 -2.7019043 -0.8656467 -0.4992134 0.029017657 -48.729126 0.034346286 -0.0014667055 0.9994087 -0.70861816
-0.49885127 0.86608946 0.019928828 -3.1905518 -0.86564124 -0.49923843 0.028040223 -49.59851 0.03425108 -0.003247267 0.9994079 -0.666626
-0.50126576 0.86562747 0.01912606 -3.6817627 -0.8652119 -0.5016216 0.02698909 -50.477173 0.032939207 -0.003026097 0.99945295 -0.626709
-0.49986446 0.8659739 0.01861434 -4.1884766 -0.8655722 -0.5002028 0.02652857 -51.371582 0.032277357 -0.0028626001 0.9994749 -0.5878906
-0.49985358 0.86602706 0.018472038 -4.704468 -0.8656576 -0.5001841 0.025506856 -52.275635 0.03131407 -0.003248727 0.9995043 -0.5447998
-0.49984956 0.86575687 0.018613033 -5.2180176 -0.865397 -0.50018334 0.02520976 -53.1792 0.031119263 -0.0035044248 0.9995091 -0.49829102
-0.4998272 0.8660752 0.020016734 -5.7402344 -0.86576575 -0.5001981 0.023788568 -54.121582 0.030600037 -0.0054437295 0.9995168 -0.45898438
-0.50121826 0.86551404 0.020174721 -6.241699 -0.86523014 -0.5015888 0.022952536 -55.020752 0.02996937 -0.0059563336 0.99953306 -0.41479492
-0.50120735 0.86554295 0.020460501 -6.749634 -0.86529636 -0.501579 0.021757947 -55.938354 0.029089749 -0.006816453 0.99955386 -0.37145996
-0.4987803 0.8666573 0.020602295 -7.279297 -0.86643183 -0.49915186 0.021084264 -56.854492 0.0285575 -0.007341144 0.99956524 -0.32556152
-0.497371 0.86737144 0.018471511 -7.770996 -0.86721146 -0.49766454 0.018077634 -57.762085 0.024887308 -0.0070344172 0.9996656 -0.27929688
-0.4945741 0.86948895 0.017452352 -8.296265 -0.86933964 -0.4948384 0.017398264 -58.69153 0.023744218 -0.0065808585 0.99969643 -0.23925781
-0.4907553 0.87103146 0.016279986 -8.797241 -0.8709127 -0.49098286 0.015765015 -59.58838 0.021723157 -0.006441725 0.9997432 -0.19763184
-0.4893732 0.87223047 0.015852297 -9.315063 -0.8720543 -0.4896053 0.018212933 -60.531616 0.02363773 -0.0049179164 0.9997085 -0.16015625
-0.48797953 0.87278444 0.016587256 -9.800781 -0.872589 -0.48823443 0.019164816 -61.42334 0.02481283 -0.005122557 0.9996789 -0.12158203
-0.48695523 0.873159 0.018102774 -10.311768 -0.8729837 -0.48724577 0.018733427 -62.329468 0.025184328 -0.0066804155 0.99966055 -0.08093262
-0.48936763 0.87193316 0.020928895 -10.818115 -0.8717371 -0.48974416 0.020269543 -63.220215 0.02791379 -0.0083169285 0.99957556 -0.037841797
-0.4945678 0.86943775 0.023178764 -11.317139 -0.86928374 -0.4949993 0.019466849 -64.12671 0.028388064 -0.010538057 0.9995419 0.015136719
-0.49978286 0.86608547 0.023022395 -11.807495 -0.8659431 -0.5002028 0.018892482 -65.01929 0.027869307 -0.010502174 0.9995565 0.052490234
-0.50397885 0.8634369 0.017023979 -12.329468 -0.863334 -0.50421655 0.015102536 -65.90405 0.021634892 -0.007087997 0.9997409 0.103881836
-0.50919443 0.86050063 0.020163879 -12.820801 -0.86046386 -0.5094836 0.0132667245 -66.77515 0.021690145 -0.010602826 0.99970865 0.1439209
-0.5130288 0.85833085 0.020578207 -13.329712 -0.85824543 -0.51335 0.015523878 -67.65491 0.02387567 -0.009703677 0.9996679 0.1829834
-0.5182714 0.8553256 0.021819288 -13.847778 -0.8551866 -0.51864684 0.018020157 -68.51782 0.026706476 -0.009320152 0.9995998 0.2208252
-0.52247256 0.8520046 0.023548827 -14.343628 -0.851888 -0.52289164 0.017744945 -69.362305 0.02743594 -0.010778778 0.9995652 0.26098633
-0.5263115 0.84999806 0.025366053 -14.872437 -0.8498971 -0.5267821 0.017871542 -70.22156 0.028540177 -0.012144767 0.99951863 0.3079834
-0.53052235 0.8473608 0.024773166 -15.369751 -0.8472411 -0.53098 0.018209852 -71.05115 0.028597265 -0.011335559 0.99952704 0.3499756
-0.5329591 0.8460706 0.018533833 -15.901001 -0.84605986 -0.533189 0.010801693 -71.88757 0.019020071 -0.00992442 0.99976987 0.39440918
-0.53437275 0.84542996 0.012183135 -16.423218 -0.84548116 -0.5344283 0.0016068458 -72.72656 0.007865566 -0.00944395 0.9999245 0.42529297
-0.53579295 0.844421 0.011317482 -16.947632 -0.84448576 -0.5358064 -0.0020595181 -73.563354 0.004327068 -0.010663294 0.99993384 0.4522705
-0.53577065 0.84357184 0.013467434 -17.477173 -0.8436112 -0.53586173 0.0041430853 -74.38574 0.010717286 -0.009135731 0.99990076 0.47143555
-0.5382148 0.84296 0.017292967 -17.99878 -0.8429465 -0.5384163 0.010237127 -75.193115 0.017927233 -0.009064285 0.9997982 0.5029297
-0.5396388 0.842091 0.012544079 -18.520996 -0.8419804 -0.5397762 0.013977442 -76.00549 0.01853569 -0.0030217874 0.9998237 0.53100586
-0.53579825 0.8435405 0.009400523 -19.061523 -0.84342045 -0.5358805 0.014232979 -76.83374 0.017054953 -0.00029423833 0.99985445 0.56591797
-0.53578496 0.8435595 0.007829109 -19.584717 -0.84348494 -0.5358418 0.011230317 -77.6488 0.013675367 -0.00057633594 0.99990624 0.5982666
-0.5357674 0.84372085 0.007273172 -20.098145 -0.8437094 -0.535807 0.005443807 -78.46326 0.008494239 -0.0032146182 0.9999587 0.6187744
-0.5357672 0.84432876 0.0047501894 -20.616943 -0.8443345 -0.5357779 0.0012515257 -79.28516 0.003602947 -0.003341514 0.9999879 0.6398926
-0.5358212 0.8442895 0.011101004 -21.10376 -0.84436184 -0.53579056 -0.00582278 -80.09888 0.0010322602 -0.012496529 0.9999213 0.6604004
-0.53313684 0.84544677 0.018576548 -21.604492 -0.8456506 -0.53301734 -0.011296031 -80.92322 0.00035588886 -0.021728668 0.9997636 0.67077637
-0.53169334 0.8472462 0.01484289 -22.11438 -0.84737515 -0.5315852 -0.010796721 -81.73328 -0.001266791 -0.01830699 0.9998316 0.68652344
-0.529188 0.84866977 0.011462029 -22.619019 -0.8487471 -0.5291314 -0.00774393 -82.534546 -0.00050990283 -0.013833502 0.9999042 0.70751953
-0.5225074 0.8522914 0.011651489 -23.128906 -0.8523669 -0.52249813 -0.0040719644 -83.349 0.0026205236 -0.012061501 0.99992377 0.7145996
-0.51443255 0.85693586 0.0063332347 -23.620605 -0.8569562 -0.51443654 -0.001108567 -84.15918 0.002315042 -0.005997638 0.99997926 0.7297363
-0.5077934 0.8612474 -0.00017317478 -24.10083 -0.86124736 -0.5077934 0.00022589369 -84.96643 0.00010663597 0.00026399363 0.9999999 0.748291
-0.4973517 0.8669722 0.0015828571 -24.57959 -0.8669739 -0.49735114 -0.0007726013 -85.78882 0.00011855842 -0.0017571286 0.99999845 0.7701416
-0.4879629 0.87339205 0.0042600315 -25.022339 -0.87340134 -0.4879477 -0.004133228 -86.615845 -0.0015341949 -0.005735886 0.9999824 0.77783203
-0.4751634 0.87943804 0.0014383859 -25.479492 -0.8794214 -0.47514248 -0.007165852 -87.44934 -0.005619323 -0.004674276 0.9999733 0.7894287
-0.46339923 0.88623315 0.0018395203 -25.916016 -0.886219 -0.4633771 -0.0070032123 -88.285645 -0.0053532748 -0.004875573 0.9999738 0.7930908
-0.45167068 0.8923232 0.00029992813 -26.327637 -0.8922852 -0.4516481 -0.009409859 -89.13147 -0.008259852 -0.0045149643 0.9999557 0.796875
-0.44033748 0.8979484 -0.0016847024 -26.753906 -0.8979229 -0.44033778 -0.006974764 -89.982056 -0.0070060077 -0.0015600137 0.9999743 0.81152344
-0.4272626 0.90431154 -0.0013278004 -27.153076 -0.9043037 -0.42726445 -0.003830607 -90.826294 -0.0040298197 -0.00043545396 0.9999918 0.8175049
-0.41603246 0.9090528 1.6776845e-05 -27.532104 -0.90903115 -0.41602254 0.0069084945 -91.662476 0.006286039 0.0028601303 0.99997616 0.8204346
-0.40276012 0.91537344 0.0032618167 -27.906738 -0.91531515 -0.40277147 0.010399163 -92.50537 0.010830716 0.0011985337 0.99994063 0.8421631
-0.39322853 0.9197286 0.0028027366 -28.256348 -0.9196994 -0.3932384 0.007350169 -93.361084 0.007858438 0.00031016092 0.99996907 0.852417
-0.37905595 0.92504257 0.0023212493 -28.607544 -0.92503566 -0.37906232 0.0036570923 -94.22449 0.0042637056 -0.0007581574 0.99999064 0.87524414
-0.3702788 0.9288363 0.0050882315 -28.938232 -0.9288383 -0.37029636 0.0030493923 -95.08154 0.0047166888 -0.003597954 0.9999825 0.89611816
-0.36357784 0.9314387 0.012950203 -29.254517 -0.9314398 -0.36370006 0.008763251 -95.942505 0.012875834 -0.008875044 0.99987775 0.91296387
-0.3578361 0.93376315 0.021318821 -29.579834 -0.93378496 -0.35815516 0.013615169 -96.80835 0.02032947 -0.015033829 0.9996803 0.92944336
-0.35415408 0.9350772 0.02451103 -29.898315 -0.9351176 -0.3545686 0.015227978 -97.68848 0.02292712 -0.017535774 0.9995835 0.9613037
-0.35048315 0.936446 0.026832871 -30.201172 -0.9365718 -0.35091603 0.013467149 -98.55066 0.022017783 -0.020412209 0.9995493 0.9918213
-0.34452173 0.93818235 0.030867154 -30.512695 -0.9384249 -0.34501946 0.012416294 -99.43591 0.02230296 -0.024683245 0.99944633 1.0306396
-0.33950365 0.94031084 0.028368518 -30.825928 -0.9405714 -0.3398574 0.008614983 -100.31848 0.017732022 -0.02375887 0.99956053 1.0571289
-0.33422732 0.94208896 0.026314218 -31.136353 -0.9423324 -0.33450636 0.006899427 -101.19531 0.0153071955 -0.02250297 0.9996298 1.076416
-0.3285806 0.9441632 0.028644552 -31.43982 -0.94451696 -0.32879752 0.0030973302 -102.08057 0.012328325 -0.026035601 0.9995851 1.1104736
-0.3227149 0.94571763 0.034921132 -31.716675 -0.9462695 -0.3229793 0.0020573596 -102.951904 0.013224226 -0.032376543 0.9993881 1.1298828
-0.31554976 0.9479415 0.043329764 -31.985474 -0.94881433 -0.3158984 0.0012675468 -103.81018 0.014891943 -0.040704645 0.99906 1.1502686
-0.30891514 0.95005375 0.044684645 -32.25891 -0.9509303 -0.30941448 0.0045606326 -104.6781 0.018144399 -0.041077465 0.9989911 1.1873779
-0.30156255 0.9526859 0.04176642 -32.53955 -0.9533772 -0.30215165 0.008448336 -105.549194 0.0206617 -0.037271157 0.99909174 1.2226562
-0.29437134 0.9548017 0.04290814 -32.80371 -0.9555853 -0.29489005 0.0061652074 -106.4281 0.018531585 -0.039177477 0.9990604 1.2496338
-0.28701898 0.95680386 0.043011785 -33.063477 -0.957684 -0.2873062 0.0005127983 -107.288086 0.012859462 -0.041050807 0.99907434 1.2751465
-0.27851987 0.95962095 0.042658236 -33.32068 -0.9605195 -0.27867937 -0.002274394 -108.17566 0.009689258 -0.041600857 0.9990876 1.3062744
-0.27268243 0.9610185 0.04669614 -33.554565 -0.9620609 -0.27300274 0.00050915265 -109.05139 0.0132185705 -0.044782944 0.99890953 1.3308105
-0.2661115 0.96279955 0.046046317 -33.789062 -0.9637772 -0.26653624 0.003229312 -109.91748 0.015383167 -0.043517664 0.99893415 1.3562012
-0.25802767 0.9648621 0.046910174 -34.01831 -0.9658466 -0.25855255 0.005367165 -110.79895 0.017327571 -0.043916795 0.99888444 1.3702393
-0.25224376 0.9664274 0.04712701 -34.236816 -0.96743804 -0.25273097 0.0045851003 -111.67822 0.016348926 -0.044450104 0.9988781 1.3917236
-0.24437986 0.9686714 0.04329306 -34.456787 -0.9695125 -0.24482359 0.005173686 -112.55286 0.015614246 -0.04070359 0.9990491 1.4133301
-0.2363261 0.9707756 0.038828354 -34.67334 -0.9714481 -0.23669623 0.0051513873 -113.434326 0.014209863 -0.036497854 0.99923235 1.4454346
-0.22919858 0.9726279 0.03750449 -34.891846 -0.97323847 -0.22958718 0.006342835 -114.328735 0.014787061 -0.035047267 0.99927616 1.4730225
-0.22202837 0.9738784 0.044305272 -35.083862 -0.9747808 -0.2224418 0.0045590596 -115.22388 0.014309842 -0.04218409 0.9990072 1.5009766
-0.21419154 0.975579 0.04778032 -35.27112 -0.97666377 -0.21456075 0.0026807147 -116.12366 0.012867302 -0.046102285 0.9988541 1.5241699
-0.21063925 0.97638905 0.04517353 -35.464966 -0.9773665 -0.2109432 0.0020004793 -117.03137 0.01151365 -0.04373814 0.9989763 1.5544434
-0.20490469 0.977734 0.04456858 -35.65686 -0.9786784 -0.205227 0.0027280655 -117.920654 0.011827003 -0.04307118 0.9990021 1.572876
-0.201324 0.97864455 0.0419142 -35.849243 -0.97946155 -0.20167051 0.004165715 -118.81494 0.012528305 -0.040210437 0.9991126 1.5959473
-0.19338654 0.98033917 0.036319282 -36.048584 -0.98095787 -0.19363141 0.0033092017 -119.701416 0.010289168 -0.034989316 0.99933463 1.614624
-0.1898186 0.9814947 0.027888283 -36.22351 -0.98187 -0.18992339 0.0011413465 -120.57947 0.006408348 -0.027172953 0.9996104 1.6375732
-0.18546593 0.98230755 0.025659991 -36.393555 -0.9826347 -0.18550743 -0.0007703509 -121.46655 0.0040128445 -0.025372772 0.99967015 1.6542969
-0.18131112 0.98311204 0.028239839 -36.552856 -0.98349255 -0.18143593 0.0019017777 -122.35193 0.00698617 -0.02742678 0.9995995 1.6629639
-0.17630623 0.9838347 0.0292769 -36.704468 -0.9842329 -0.1764804 0.0034442078 -123.239624 0.008569545 -0.0282024 0.99956524 1.6789551
-0.17634365 0.9837615 0.03151594 -36.852783 -0.9842334 -0.17650805 0.0024848264 -124.12427 0.008012593 -0.030573323 0.9995002 1.6928711
-0.174183 0.9842474 0.031502478 -37.007324 -0.98472244 -0.17433405 0.0020975594 -125.00842 0.007550773 -0.030659512 0.9995015 1.7120361
-0.17422472 0.98428404 0.028950509 -37.157837 -0.98470694 -0.17421687 -0.0028076035 -125.895874 0.0022773345 -0.029000582 0.9995769 1.7282715
-0.17148685 0.9846947 0.027893083 -37.31372 -0.9850833 -0.17131472 -0.008470362 -126.776855 -0.0035551148 -0.028928084 0.999575 1.7419434
-0.17150795 0.9846732 0.027820218 -37.460938 -0.9850549 -0.17130221 -0.009635482 -127.65271 -0.004715785 -0.029060505 0.99956644 1.7525635
-0.1707908 0.98487204 0.028533556 -37.605225 -0.9852849 -0.170697 -0.005707391 -128.51355 -0.0007521291 -0.029089268 0.99957657 1.7728271
-0.16923273 0.9851221 0.029473469 -37.757324 -0.9855575 -0.1692549 -0.0017595785 -129.38135 0.003253439 -0.029347666 0.99956393 1.7800293
-0.16924785 0.9850308 0.03076365 -37.905884 -0.9855046 -0.16927889 -0.0016149245 -130.25024 0.0036299825 -0.030603467 0.999525 1.7896729
-0.16930665 0.98498607 0.03277575 -38.038696 -0.98552895 -0.16928826 -0.0033539655 -131.1101 0.0022542868 -0.032878302 0.99945676 1.7989502
-0.16791677 0.9853537 0.027977217 -38.191772 -0.98574877 -0.16790748 -0.002702647 -131.96533 0.0020388318 -0.028030239 0.9996049 1.8131104
-0.16857626 0.9852941 0.029408533 -38.332764 -0.9857276 -0.16859832 -0.0017385697 -132.828 0.0032416633 -0.029292416 0.9995658 1.8326416
-0.16649936 0.9852505 0.037858848 -38.46521 -0.98595417 -0.16663814 0.0005162237 -133.68677 0.00682503 -0.03724949 0.9992827 1.8377686
-0.16657484 0.98503083 0.044517778 -38.597412 -0.98598903 -0.16683947 0.002266123 -134.54675 0.009663915 -0.043516338 0.9990059 1.852417
-0.16797648 0.98493016 0.0431793 -38.73401 -0.985781 -0.16840564 0.0064926944 -135.38965 0.013635767 -0.041469317 0.999047 1.8675537
-0.16646455 0.98504436 0.04346482 -38.873535 -0.98589855 -0.16692685 0.00720639 -136.26147 0.014355976 -0.041662805 0.99902886 1.8919678
-0.16513489 0.9853936 0.043533262 -39.00403 -0.98623234 -0.16564775 0.008428171 -137.07422 0.015505138 -0.041527223 0.9990168 1.9152832
-0.16357327 0.98585707 0.036928866 -39.152344 -0.9864671 -0.16392575 0.006710183 -137.92676 0.012665717 -0.03533356 0.99929535 1.9345703
-0.16072345 0.98653746 0.029968616 -39.29004 -0.9869552 -0.16090761 0.0038170882 -138.77136 0.008594526 -0.028966673 0.99954337 1.9588623
-0.1585722 0.98703045 0.024406524 -39.426758 -0.987328 -0.15859403 -0.0010471107 -139.6012 0.0028346358 -0.024276687 0.99970144 1.9807129
-0.15505254 0.9877075 0.018235454 -39.554077 -0.98787355 -0.15506563 -0.0006979159 -140.44177 0.002140454 -0.01812505 0.99983346 1.9903564
-0.150079 0.98843944 0.017113764 -39.67688 -0.9885796 -0.15012479 0.0014064224 -141.25598 0.0039663063 -0.016707165 0.9998525 2.0205078
-0.14231442 0.9896018 0.015204625 -39.793213 -0.98968655 -0.14241672 0.0058574104 -142.07495 0.007970717 -0.01421828 0.9998671 2.0335693
-0.1333016 0.9909921 0.013518299 -39.91028 -0.99104875 -0.13340008 0.0066564046 -142.91736 0.00840127 -0.012509298 0.99988633 2.038086
-0.12416123 0.9921331 0.0130070215 -40.00818 -0.9922105 -0.12420177 0.0023500016 -143.71033 0.003950142 -0.012613949 0.9999125 2.0543213
-0.11308455 0.99358004 0.0058459323 -40.10742 -0.99359626 -0.113090746 0.00073490944 -144.51038 0.0013921917 -0.005723948 0.9999826 2.0699463
-0.09850572 0.9951478 0.000501276 -40.20227 -0.9951456 -0.09850657 0.0020828163 -145.36926 0.0021213465 -0.0002932055 0.9999976 2.0914307
-0.085299015 0.99632007 0.0011169901 -40.25952 -0.9963123 -0.08530282 0.004006704 -146.13269 0.0040866407 -0.0007707374 0.9999913 2.1082764
-0.070893764 0.9974898 -0.0004632352 -40.317505 -0.99748206 -0.07089125 0.0039946144 -146.97717 0.003951695 0.00074592326 0.9999918 2.1219482
-0.05725395 0.99831796 -0.0073442357 -40.365112 -0.99832135 -0.057200424 0.007301147 -147.75 0.006867638 0.0077515338 0.99994624 2.1258545
-0.04363773 0.9990373 -0.00081342086 -40.388306 -0.9989612 -0.043624267 0.012404452 -148.56348 0.01235415 0.0013544625 0.99992263 2.1547852
-0.03139351 0.9995004 0.003873637 -40.39807 -0.999296 -0.031466458 0.020468548 -149.32678 0.02058461 -0.003232005 0.99978286 2.1644287
-0.016544584 0.99980175 0.0108855255 -40.396362 -0.999459 -0.016845703 0.028169231 -150.11414 0.028353764 -0.010415234 0.99954367 2.1951904
