1 0 0 0 0 1 0 0 0 0 1 0
0.99988555 0.00090591265 0.015101888 -0.011359682 -0.00089312139 0.99999924 -0.00085372409 -0.0054910751 -0.015102651 0.00084013859 0.9998856 0.11447917
0.99934457 0.0033114427 0.036048171 0.023024222 -0.0032934725 0.99999442 -0.00055788077 -0.0029876961 -0.036049821 0.00043879149 0.9993499 0.24913234
0.99803087 0.0053040803 0.062500053 0.06595774 -0.0053432207 0.99998562 0.00045911765 -0.00053911463 -0.062496724 -0.00079216513 0.99804485 0.39302553
0.99528589 0.0050261689 0.096854195 0.095097693 -0.0053508993 0.9999809 0.0030933231 -0.0041432963 -0.096836805 -0.0035969979 0.99529377 0.58462804
0.99103025 0.0016972755 0.13362697 0.16601097 -0.0023991292 0.99998416 0.0050914938 -0.0034501324 -0.13361622 -0.0053664127 0.99101862 0.77484324
0.98478391 -0.001519234 0.17377671 0.24346741 0.00055736228 0.99998426 0.0055837673 -0.010110827 -0.17378247 -0.0054019475 0.98476925 0.96678627
0.97607259 -0.0016996807 0.21743829 0.32642372 0.00028147433 0.99997849 0.0065531457 -0.010067232 -0.21744477 -0.0063351425 0.97605207 1.1818349
0.964265 -0.0017516333 0.26493382 0.41091549 -0.00080515782 0.99995415 0.0095417733 -0.00044465271 -0.26493841 -0.0094141116 0.96421938 1.3924685
0.94999672 -0.0056618047 0.31220854 0.54678364 0.00037652453 0.99985565 0.016986372 0.0062127244 -0.31225967 -0.016019443 0.94986172 1.6343542
0.93295667 -0.015045359 0.35967413 0.70107816 0.0066076441 0.99967363 0.024677346 -0.0056568275 -0.35992805 -0.020646296 0.93275159 1.8349241
0.91186519 -0.021100349 0.40994713 0.86138737 0.0097246035 0.99950814 0.029814683 -0.0054893538 -0.41037462 -0.023200399 0.91162186 2.0482428
0.88676198 -0.022761071 0.46166559 1.0420981 0.008119163 0.99939978 0.033677288 -0.0085089443 -0.46215506 -0.0261154 0.88641452 2.315766
0.85886238 -0.024968354 0.51159747 1.2219578 0.0063920317 0.99925587 0.038037519 0.014344125 -0.51216655 -0.029398847 0.85838287 2.5236782
0.82655483 -0.030418568 0.56203362 1.433752 0.007683087 0.99905531 0.042772066 0.017987135 -0.56280379 -0.031035305 0.82600771 2.7590054
0.79071721 -0.035965222 0.61112419 1.6835391 0.0098044804 0.99888872 0.046099769 0.018550352 -0.6121031 -0.030460126 0.79019112 2.9559377
0.75313252 -0.04067405 0.65661023 1.9300887 0.010974065 0.99872475 0.049279242 0.028028384 -0.65777733 -0.029908116 0.75261844 3.1664008
0.71345756 -0.04384357 0.69932539 2.2429247 0.012184859 0.99866589 0.050179356 0.041475043 -0.70059252 -0.02727966 0.71303996 3.3949874
0.67124391 -0.045606851 0.73983213 2.5285842 0.011232721 0.99861661 0.051368224 0.053576665 -0.74115146 -0.02617028 0.67082761 3.6027078
0.62897169 -0.046134549 0.7760581 2.8523003 0.0067641518 0.99852465 0.053877441 0.076403797 -0.77739881 -0.02863801 0.62835579 3.8229666
0.5867278 -0.046836389 0.80842859 3.1994182 0.0039902908 0.99848107 0.054951091 0.094718634 -0.80977442 -0.029015468 0.5860235 4.0136534
0.54641912 -0.047838516 0.83614446 3.5813868 0.001942771 0.99843705 0.055854198 0.11681168 -0.83750966 -0.028895364 0.54565803 4.2196953
0.50755845 -0.050542966 0.86013357 3.9958661 0.0011087557 0.99831547 0.058008509 0.13206896 -0.86161665 -0.028489031 0.5067595 4.409347
0.47026922 -0.050403426 0.88108245 4.4057661 -0.0018443891 0.99830942 0.058093966 0.1512403 -0.88252112 -0.028944863 0.46938123 4.6150707
0.43448612 -0.049702811 0.89930605 4.8627997 -0.0030472172 0.99838938 0.056651161 0.17778342 -0.90067341 -0.027354524 0.43363487 4.8297825
0.40081669 -0.048524411 0.91487228 5.3791003 -0.0017467703 0.99855407 0.053728136 0.19255491 -0.91615665 -0.023133205 0.40015237 4.9931044
0.36969776 -0.046709567 0.92797721 5.8704626 9.3869784e-05 0.99873748 0.050233875 0.21665731 -0.9291521 -0.018484242 0.3692354 5.1630566
0.34509336 -0.044899705 0.93749374 6.43262 0.0011663501 0.99887483 0.047410113 0.24049016 -0.93856768 -0.015267469 0.34475744 5.3419889
0.32408136 -0.0443337 0.9449898 6.9972636 0.0023724581 0.99893628 0.046050943 0.26719508 -0.94602628 -0.012682303 0.3238418 5.5386196
0.31003908 -0.044855184 0.94966505 7.5625014 0.0035028957 0.99893352 0.046038666 0.29124367 -0.9507174 -0.010947208 0.30986555 5.7146786
0.29712491 -0.046398818 0.95371058 8.1960706 0.0045080152 0.99887568 0.047191683 0.31419035 -0.95482802 -0.0097224822 0.29700001 5.8905392
0.28745504 -0.048317892 0.95657457 8.8393204 0.0032225353 0.99876987 0.049480848 0.33620027 -0.95778875 -0.011140923 0.28725714 6.0933793
0.27642504 -0.050002686 0.95973374 9.502113 0.0016196734 0.99866834 0.051564698 0.37097679 -0.96103416 -0.012699318 0.27613792 6.2648442
0.26601406 -0.051562808 0.96258907 10.194087 0.00064802351 0.99857772 0.053311521 0.40049579 -0.96396897 -0.013557833 0.26566913 6.4573791
0.25646048 -0.053622287 0.96506611 10.90057 2.3323119e-05 0.99846027 0.05547158 0.42071815 -0.96655476 -0.014203759 0.25606684 6.6602746
0.24577901 -0.055096876 0.96775872 11.650806 1.7987242e-06 0.9983833 0.056839951 0.4585414 -0.96932593 -0.013968326 0.24538176 6.8462002
0.23510773 -0.056654637 0.97031672 12.405093 -0.00068553858 0.99828987 0.058454032 0.48544086 -0.97196912 -0.014408183 0.23466682 7.0287772
0.22537808 -0.059570487 0.97244845 13.13484 -0.0021507922 0.99809612 0.061640093 0.51812596 -0.97426905 -0.01598386 0.22482086 7.1926238
0.2143226 -0.06305235 0.97472568 13.90843 -0.0040736394 0.99784794 0.065443777 0.55808889 -0.97675448 -0.017996761 0.21360452 7.3518998
0.20102922 -0.066515566 0.97732433 14.726425 -0.0040762564 0.99762657 0.068735771 0.60324133 -0.97957681 -0.017801723 0.20028096 7.5178046
0.18736471 -0.069427989 0.97983373 15.468443 -0.0053714182 0.99741173 0.071700639 0.63934731 -0.98227577 -0.018697266 0.18650684 7.6428834
0.17326137 -0.069799223 0.98239935 16.303055 -0.0060704564 0.99739085 0.071934984 0.67366757 -0.98485721 -0.018427166 0.17238559 7.7898966
0.15972709 -0.069077059 0.98474135 17.09222 -0.0075096771 0.99743482 0.071185557 0.717392 -0.98713269 -0.018765351 0.15879861 7.9266462
0.14368075 -0.068180454 0.9872726 17.896292 -0.0077343619 0.99751606 0.070013466 0.75508474 -0.98959391 -0.01769551 0.14279652 8.0538688
0.12240534 -0.066597943 0.99024318 18.740782 -0.010597529 0.9976015 0.068402795 0.79173017 -0.99242365 -0.018866998 0.12140597 8.1451787
0.097658338 -0.065301019 0.9930753 19.555969 -0.014977273 0.9976356 0.067073742 0.83555559 -0.99510734 -0.021423869 0.096449402 8.2509253
0.067185933 -0.064704458 0.99564015 20.369579 -0.019249028 0.99762517 0.066132386 0.87668869 -0.99755482 -0.023608271 0.065780878 8.2853446
0.032762067 -0.064356968 0.99738896 21.22721 -0.021928421 0.99763821 0.065093351 0.91037016 -0.99922264 -0.024003757 0.031273442 8.2689947
-7.0465783e-05 -0.063959341 0.99795246 22.051116 -0.0232166 0.99768362 0.063940471 0.94669524 -0.9997305 -0.023164557 -0.0015552225 8.2971687
-0.033370699 -0.062906935 0.99746129 22.915556 -0.024281617 0.99777363 0.062114276 0.98433739 -0.99914808 -0.022147176 -0.034823887 8.2616935
-0.066374131 -0.060896254 0.99593476 23.753761 -0.02673365 0.99788609 0.059233903 1.0087542 -0.99743665 -0.022693372 -0.067861803 8.2035089
-0.098655941 -0.057699687 0.99344737 24.574397 -0.029209826 0.99805534 0.055066589 1.0460008 -0.99469285 -0.023585778 -0.10014949 8.1157352
-0.12918529 -0.053574416 0.99017214 25.421661 -0.025715915 0.99838464 0.050663672 1.0713158 -0.99128701 -0.01891818 -0.13035432 8.0154633
-0.1625244 -0.047865083 0.98554283 26.30243 -0.021732772 0.99875404 0.044922796 1.0853199 -0.9864652 -0.014117526 -0.16336214 7.8399873
-0.19328142 -0.041669817 0.98025805 27.100141 -0.015727324 0.99910093 0.03936979 1.1015398 -0.98101734 -0.0078073865 -0.193763 7.6604872
-0.2231633 -0.035984209 0.97411662 27.9355 -0.0098584894 0.99935061 0.034657851 1.1180954 -0.97473126 -0.0018689572 -0.22337313 7.4572488
-0.25260212 -0.02894953 0.96713702 28.723032 -0.0019993699 0.99956579 0.029398022 1.1361729 -0.96756822 0.005492339 -0.25255032 7.2085133
-0.27617823 -0.018718095 0.96092411 29.551595 0.005079521 0.99976794 0.020934645 1.1384765 -0.96109306 0.010662728 -0.27601906 6.9656167
-0.30146741 -0.0030670876 0.95347151 30.356389 0.0092856484 0.99993796 0.0061524842 1.1186342 -0.95343131 0.010708376 -0.30142023 6.7151326
-0.32725805 0.013191939 0.94484288 31.068404 0.0093866537 0.99989859 -0.010709445 1.0941529 -0.94488842 0.0053641619 -0.3273487 6.4238222
-0.35213054 0.027601701 0.93554378 31.86764 0.0081758678 0.99961763 -0.026414769 1.0651063 -0.93591523 -0.0016525639 -0.35222156 6.1233207
-0.37606353 0.038730363 0.92578405 32.594529 0.012822236 0.99924791 -0.036595205 1.0299129 -0.9265052 -0.0018914989 -0.3762773 5.8079393
-0.40009876 0.043813084 0.91542412 33.364118 0.016406139 0.99903897 -0.040644441 0.98233656 -0.91632521 -0.0012432145 -0.40043306 5.4764267
-0.42221873 0.042593939 0.9054927 34.100406 0.018725467 0.99909215 -0.038265384 0.93568956 -0.9063006 0.00079941323 -0.42263301 5.1110797
-0.44341526 0.039616549 0.89544032 34.844711 0.022759702 0.99919827 -0.03293663 0.89907687 -0.89602733 0.0057753516 -0.44396142 4.7695543
-0.46149122 0.038339998 0.88631587 35.593416 0.029830884 0.99917137 -0.027689378 0.85947411 -0.88664313 0.013661182 -0.46225253 4.3569351
-0.4749687 0.038971984 0.87913927 36.26371 0.033766926 0.99909028 -0.026046268 0.81558755 -0.87935465 0.01731467 -0.47585258 3.9635571
-0.48642148 0.042328832 0.87269832 36.986635 0.036969283 0.99892837 -0.027845611 0.76599144 -0.87294185 0.018718329 -0.48746508 3.5633
-0.49580494 0.044969972 0.86726876 37.686513 0.038742303 0.99880948 -0.029642262 0.7239497 -0.86756934 0.01890321 -0.49695692 3.1568053
-0.50527562 0.043973289 0.8618369 38.339227 0.03160886 0.99897377 -0.032438823 0.66838373 -0.86237897 0.010851137 -0.50614704 2.7577698
-0.51808386 0.042641822 0.85426619 39.059216 0.030348983 0.99904405 -0.031462957 0.64602464 -0.85479127 0.0096256615 -0.51888274 2.3430148
-0.52591843 0.044158345 0.84938789 39.708728 0.032831554 0.99896104 -0.031605991 0.60983212 -0.84990115 0.011264553 -0.5268218 1.928519
-0.53416096 0.047431562 0.8440511 40.395052 0.036660871 0.9987852 -0.032925892 0.560428 -0.84458754 0.013355924 -0.53525094 1.4967577
-0.53707551 0.05098598 0.84199184 41.104581 0.037303322 0.9986307 -0.036676678 0.52068034 -0.84270898 0.011710948 -0.53824204 1.022823
-0.53686073 0.052069088 0.84206253 41.80446 0.036397549 0.99859385 -0.038542809 0.47661162 -0.84288542 0.0099568926 -0.53800101 0.59035721
-0.53384923 0.053161754 0.84390685 42.510563 0.038967619 0.99850811 -0.038250204 0.43322549 -0.84468135 0.0124652 -0.53512437 0.13450548
-0.52840755 0.051810308 0.84740845 43.26214 0.037366809 0.99858822 -0.037753055 0.39070861 -0.84816817 0.011715951 -0.52959754 -0.32314082
-0.52114405 0.050626443 0.85196584 44.02544 0.035295362 0.99866356 -0.037753644 0.35040449 -0.85273864 0.010395357 -0.52223445 -0.77545774
-0.51455007 0.049764523 0.85601499 44.804058 0.033512174 0.99871882 -0.037916478 0.3004782 -0.85680524 0.0091769975 -0.51555855 -1.2227841
-0.50782494 0.048539033 0.8600917 45.627567 0.030503839 0.99879843 -0.038356491 0.2520831 -0.86092009 0.0067577171 -0.50869538 -1.6939592
-0.50332527 0.046315379 0.86285485 46.422875 0.02623742 0.99892123 -0.038314043 0.20001185 -0.86369864 0.0033546601 -0.50399749 -2.1552702
-0.50052608 0.043234343 0.86464118 47.286856 0.021113483 0.99906476 -0.03773364 0.15365596 -0.86546399 -0.00063108355 -0.5009708 -2.6478046
-0.50236201 0.040974673 0.86368595 48.090706 0.018528481 0.99915731 -0.036624584 0.10419239 -0.86445889 -0.0023960097 -0.50269787 -3.0880204
-0.50346923 0.039512573 0.86310916 48.966105 0.016639117 0.99921191 -0.036037329 0.057092282 -0.86385296 -0.0037823114 -0.50372991 -3.5727544
-0.50376701 0.039409876 0.86294009 49.838036 0.017126034 0.99921809 -0.035635764 0.0064407175 -0.86366982 -0.0031733808 -0.50404805 -4.0849338
-0.50452225 0.038531249 0.86253845 50.674348 0.017168688 0.99925389 -0.034596156 -0.037740646 -0.86322801 -0.0026458763 -0.50480736 -4.580592
-0.50390025 0.03787712 0.86293093 51.567468 0.017022772 0.99927951 -0.033921661 -0.088297117 -0.86359413 -0.0024036562 -0.50418197 -5.1277032
-0.50444229 0.037192624 0.86264397 52.480141 0.016928057 0.99930583 -0.033185854 -0.14620669 -0.86327949 -0.002137461 -0.50472172 -5.6090912
-0.50449193 0.035962768 0.86266709 53.363366 0.015148671 0.99934707 -0.032801649 -0.19457909 -0.86328354 -0.0034799065 -0.50470732 -6.1416342
-0.50407095 0.035284834 0.86294113 54.294491 0.014833593 0.99937141 -0.03219857 -0.24850969 -0.86353489 -0.0034298458 -0.5042775 -6.6627763
-0.50409258 0.034336179 0.86296676 55.13883 0.013346833 0.99939977 -0.03196824 -0.2994916 -0.86354652 -0.0045970789 -0.50424829 -7.172141
-0.50289747 0.033286524 0.86370486 56.064755 0.013213849 0.99943749 -0.03082371 -0.35703812 -0.8642451 -0.0040882999 -0.50305443 -7.655386
-0.50026208 0.030893484 0.8653227 56.958086 0.013656759 0.99952051 -0.027789298 -0.40847413 -0.86576637 -0.0020844277 -0.50044411 -8.1945941
-0.49787815 0.029926797 0.86673045 57.852107 0.01440501 0.99955193 -0.0262382 -0.4595707 -0.86712739 -0.00057816518 -0.49808616 -8.690367
-0.49538378 0.029424345 0.8681757 58.744194 0.014152872 0.99956689 -0.025801801 -0.5095583 -0.86855896 -0.00049461274 -0.49558567 -9.1908024
-0.49346097 0.029667753 0.86926177 59.630074 0.014783205 0.9995598 -0.025722698 -0.55888061 -0.86964234 0.000157328 -0.49368234 -9.6981451
-0.49235258 0.030212172 0.86987131 60.514867 0.014835786 0.99954351 -0.026318768 -0.60599959 -0.87026944 -5.2888165e-05 -0.49257605 -10.186978
-0.49365967 0.031219304 0.8690946 61.410542 0.013884189 0.999511 -0.028017632 -0.66038242 -0.86954438 -0.0017645011 -0.49385173 -10.677443
-0.49603487 0.03313485 0.86767011 62.283802 0.012613698 0.99944116 -0.030955887 -0.7122982 -0.86821101 -0.0044106702 -0.49617562 -11.161648
-0.50108989 0.033522439 0.86474569 63.148718 0.011335372 0.99941798 -0.032174647 -0.7638355 -0.86532104 -0.0063201751 -0.50117824 -11.658629
-0.50615569 0.032001945 0.86184815 64.030152 0.011325409 0.9994718 -0.030460841 -0.809403 -0.8623678 -0.0056571443 -0.50625077 -12.18028
-0.5117883 0.030245385 0.85857899 64.879699 0.014556583 0.99954192 -0.026534123 -0.86992327 -0.8589883 -0.001081876 -0.51199413 -12.682607
-0.51724263 0.028108669 0.85537705 65.741426 0.011859223 0.99959995 -0.025676778 -0.91980336 -0.85575667 -0.0031370166 -0.51736906 -13.186769
-0.52177377 0.030333005 0.85254442 66.588842 0.012979755 0.99953425 -0.027618949 -0.97211859 -0.85298518 -0.0033450249 -0.52192447 -13.71884
-0.52683417 0.033016378 0.84932656 67.425271 0.013648834 0.99944506 -0.0303857 -1.0171444 -0.84985853 -0.0044159069 -0.52699244 -14.229498
-0.53225507 0.032938309 0.84594299 68.270077 0.011666847 0.99943332 -0.031574117 -1.0758488 -0.84650368 -0.0069359962 -0.53233774 -14.736857
-0.5356791 0.033471213 0.84375797 69.079501 0.01099987 0.99940592 -0.032662123 -1.1244886 -0.84435002 -0.0082151883 -0.53572905 -15.246314
-0.53889021 0.032706172 0.8417408 69.903072 0.010867856 0.99943276 -0.031875652 -1.1794311 -0.84230593 -0.0080295585 -0.53893998 -15.776769
-0.54185928 0.025874377 0.84007082 70.735884 0.012547415 0.99966366 -0.022696587 -1.2327193 -0.8403756 -0.0017576386 -0.54200169 -16.301933
-0.54244236 0.01800021 0.83990013 71.566035 0.013355728 0.99982885 -0.012802017 -1.2676182 -0.83998689 0.0042731218 -0.54258993 -16.850676
-0.54548082 0.015130579 0.83798669 72.398813 0.013553502 0.99986554 -0.0092308966 -1.3051939 -0.83801375 0.0063223778 -0.54561254 -17.368175
-0.54613539 0.020469234 0.83744677 73.185918 0.013521868 0.99978658 -0.015619015 -1.3381028 -0.83758782 0.0027937486 -0.54629561 -17.878605
-0.54759708 0.02619817 0.83633189 73.979424 0.014742112 0.99965666 -0.021661778 -1.3822762 -0.83661231 0.0004673724 -0.54779529 -18.402016
-0.54883705 0.031115204 0.83535004 74.776911 0.020658723 0.99950667 -0.023656647 -1.4174672 -0.83567408 0.0042736215 -0.54920909 -18.91524
-0.54792499 0.031655468 0.83592828 75.560708 0.023835203 0.99946882 -0.022225291 -1.4558588 -0.83618787 0.0077467285 -0.54838845 -19.440499
-0.54765089 0.029263569 0.836195 76.380052 0.023856137 0.99952801 -0.019355439 -1.49914 -0.83636681 0.0093483601 -0.54809053 -19.970566
-0.54729123 0.024125594 0.83659441 77.150805 0.021781889 0.99965645 -0.014578472 -1.5274595 -0.83665878 0.010243938 -0.54762871 -20.475943
-0.54637187 0.018149355 0.837346 77.966758 0.020186654 0.99976011 -0.0084977781 -1.5539813 -0.83729943 0.012260268 -0.54660718 -20.997046
-0.54615214 0.011581854 0.8376059 78.770097 0.0113439 0.99991499 -0.0064294833 -1.591384 -0.83760923 0.0059902424 -0.54623709 -21.508887
-0.54429414 0.0059339939 0.83887342 79.568665 0.0021916417 0.99998163 -0.0056516107 -1.6211053 -0.83889162 -0.0012376279 -0.54429715 -22.002213
-0.54298322 0.0066780326 0.83971696 80.367039 0.0054591343 0.99997532 -0.0044225002 -1.6423386 -0.83972584 0.0021827851 -0.54300627 -22.514975
-0.53954067 0.010095954 0.84189897 81.164944 0.011155137 0.99992606 -0.0048420972 -1.6673481 -0.84188567 0.0067789908 -0.5396134 -23.027578
-0.53416226 0.013198681 0.8452789 81.949063 0.012021754 0.99989561 -0.0080159754 -1.7013272 -0.84529653 0.0058799045 -0.53426517 -23.518122
-0.52680044 0.015642839 0.84984501 82.729727 0.017519752 0.99981806 -0.0075432333 -1.7209595 -0.84980846 0.010915296 -0.52697866 -24.00337
-0.51838555 0.017904549 0.85495952 83.526947 0.024510239 0.99968113 -0.0060740717 -1.7580324 -0.85479572 0.017806552 -0.5186591 -24.494006
-0.50854356 0.01772944 0.86085367 84.347626 0.023189319 0.99970735 -0.0068902214 -1.7843313 -0.86072398 0.016458634 -0.50880587 -24.970682
-0.49791939 0.014958083 0.86709427 85.163382 0.019376983 0.99979352 -0.0061202318 -1.8067523 -0.86700685 0.01375429 -0.49810642 -25.423929
-0.48581764 0.012486526 0.87397096 85.974828 0.021514343 0.99976584 -0.00232451 -1.826071 -0.87379541 0.017673624 -0.48597252 -25.868753
-0.47520002 0.010940413 0.87980974 86.782636 0.020517975 0.99978857 -0.0013502428 -1.8539312 -0.87963857 0.01741028 -0.47532403 -26.301291
-0.4639751 0.01019678 0.88578951 87.617128 0.020717304 0.99978516 -0.00065735186 -1.8706079 -0.88560599 0.018046177 -0.46408667 -26.729579
-0.45146678 0.011553914 0.89221309 88.437951 0.023389029 0.99972582 -0.0011111426 -1.8881108 -0.89198137 0.020366355 -0.45161323 -27.136103
-0.4395296 0.014730096 0.89810728 89.264494 0.023453673 0.99971283 -0.0049184339 -1.9226844 -0.89792189 0.018902119 -0.43974886 -27.52967
-0.42764756 0.024388958 0.90361644 90.10376 0.025080186 0.99957125 -0.01510931 -1.9450807 -0.9035976 0.01620141 -0.42807589 -27.925654
-0.41512108 0.030026246 0.9092705 90.924204 0.0262459 0.99943447 -0.02102129 -1.9732961 -0.90938755 0.015138243 -0.41567438 -28.29512
-0.40340037 0.025662524 0.9146636 91.76845 0.022783262 0.99957843 -0.017996703 -2.0062956 -0.91473993 0.013579145 -0.40381499 -28.654574
-0.39135401 0.022836407 0.91995677 92.609941 0.025458673 0.99957808 -0.013982633 -2.0384099 -0.91988802 0.01794872 -0.39177028 -29.005829
-0.38190186 0.022878755 0.92391962 93.452961 0.021602508 0.9996414 -0.015824441 -2.0780451 -0.92395041 0.013915599 -0.38225915 -29.335359
-0.3744228 0.027651057 0.92684568 94.316798 0.017813935 0.99958531 -0.022624743 -2.1127051 -0.927087 0.0080395497 -0.37476011 -29.674667
-0.36982073 0.031069945 0.92858344 95.142606 0.0069734061 0.99950537 -0.030665704 -2.1616556 -0.929077 -0.0048654228 -0.36985447 -29.981416
-0.36647684 0.034278702 0.92979547 95.995829 0.0065613903 0.99939147 -0.034258334 -2.1986188 -0.93040408 -0.0064541341 -0.36647874 -30.30922
-0.3629231 0.033907508 0.93120193 96.823686 0.0055283421 0.99939848 -0.034236127 -2.2450956 -0.93180273 -0.0072770776 -0.36289225 -30.631189
-0.35769221 0.033168438 0.93325027 97.702786 0.0031892083 0.99940658 -0.034297336 -2.3005118 -0.93383413 -0.0092915597 -0.35758573 -30.954194
-0.35298676 0.029742163 0.93515543 98.524025 0.0025556487 0.99952154 -0.030824631 -2.3413336 -0.93562486 -0.0084907572 -0.35289389 -31.26068
-0.34668288 0.025064347 0.93764742 99.395704 3.1503988e-05 0.99964323 -0.026709914 -2.3931692 -0.93798244 -0.0092303295 -0.34655998 -31.567148
-0.34105975 0.023282594 0.93975321 100.23204 0.0014008848 0.99970471 -0.024259489 -2.4270128 -0.94004062 -0.0069574484 -0.34099166 -31.876674
-0.33584522 0.021909855 0.94166229 101.07929 -0.003291714 0.99969602 -0.024434131 -2.4731253 -0.94191148 -0.011305768 -0.33567101 -32.15516
-0.32936497 0.020683337 0.94397608 101.9225 -0.017283634 0.99946046 -0.02792952 -2.5127147 -0.94404453 -0.025514342 -0.32882978 -32.433918
-0.32244909 0.024597994 0.94626711 102.77827 -0.013619077 0.99943828 -0.030620988 -2.5574955 -0.94648887 -0.022760994 -0.32193296 -32.708776
-0.3157027 0.028104735 0.9484418 103.64196 -0.012817005 0.99934374 -0.033879414 -2.6086993 -0.94877163 -0.022852005 -0.3151353 -32.994588
-0.30850371 0.027089174 0.95083729 104.49161 -0.012159095 0.99940044 -0.032417803 -2.6436128 -0.95114546 -0.021562333 -0.30798937 -33.259627
-0.30191818 0.021739428 0.9530859 105.36023 -0.014017864 0.99953065 -0.027239381 -2.6888947 -0.95323082 -0.021584293 -0.30147174 -33.521547
-0.29476957 0.018992185 0.95537957 106.20412 -0.014462954 0.99959927 -0.024333586 -2.7308981 -0.95545895 -0.020990411 -0.29437676 -33.767683
-0.28856693 0.021823714 0.95721093 107.06071 -0.016567142 0.99947671 -0.027781778 -2.7767116 -0.95731642 -0.023875152 -0.28805437 -34.020052
-0.28235496 0.024602848 0.95899442 107.93375 -0.017070396 0.99938394 -0.030665038 -2.8216633 -0.95915815 -0.025028839 -0.28176103 -34.271758
-0.27465495 0.025731555 0.96119845 108.78132 -0.01818599 0.99932405 -0.031948691 -2.8581932 -0.9613709 -0.026255211 -0.27400134 -34.499379
-0.26821064 0.024220328 0.96305574 109.65234 -0.019483775 0.99934304 -0.030559156 -2.9119279 -0.96316329 -0.026960251 -0.26756253 -34.730259
-0.26051398 0.024195796 0.9651668 110.50092 -0.016509585 0.99942811 -0.029510893 -2.9529077 -0.96532895 -0.023622504 -0.25996553 -34.951622
-0.25272022 0.025687653 0.9671983 111.36547 -0.011307893 0.99950081 -0.029500219 -2.9972144 -0.96747336 -0.018392276 -0.25230359 -35.174578
-0.24532526 0.026380658 0.96908178 112.2552 -0.0090978836 0.99952301 -0.029512487 -3.0408039 -0.96939818 -0.016056751 -0.24496823 -35.412335
-0.23920408 0.02528608 0.97063996 113.09886 -0.016094058 0.99942026 -0.030002045 -3.0804448 -0.97083596 -0.022798148 -0.23865845 -35.594863
-0.23316035 0.023299535 0.97215909 113.97128 -0.020709141 0.99936723 -0.028918457 -3.1232189 -0.97221781 -0.026875217 -0.2325303 -35.792541
-0.22827161 0.023513206 0.97331347 114.86197 -0.018356082 0.99942669 -0.028449104 -3.166615 -0.97342447 -0.024360344 -0.22770913 -35.998933
-0.22407545 0.023626242 0.97428534 115.70393 -0.01607994 0.99948039 -0.027935434 -3.2102423 -0.97443918 -0.021926094 -0.22357911 -36.181467
-0.21934832 0.025300965 0.97531846 116.5993 -0.014721667 0.99946406 -0.02923822 -3.2505943 -0.97553558 -0.020771667 -0.21885829 -36.3772
-0.21371767 0.023880395 0.9766035 117.43377 -0.010497764 0.99958731 -0.026739712 -3.2921179 -0.9768391 -0.015966901 -0.21337878 -36.560668
-0.20865589 0.023124839 0.97771564 118.30822 -0.0019686339 0.99970845 -0.024065139 -3.3316766 -0.97798718 -0.0069460965 -0.20854954 -36.746572
-0.20268276 0.022178328 0.97899323 119.20664 0.00066999928 0.9997464 -0.022509762 -3.3750839 -0.97924427 -0.0039064152 -0.20264622 -36.941151
-0.19954537 0.023639368 0.97960336 120.04581 -0.0011457649 0.99970265 -0.024357787 -3.4101425 -0.97988796 -0.005982878 -0.19945895 -37.096622
-0.19539318 0.025604262 0.98039066 120.92958 -0.0037984571 0.99963189 -0.026863809 -3.4489209 -0.98071767 -0.0089729764 -0.195224 -37.268074
-0.19443594 0.024827403 0.98060093 121.81236 -0.0056040827 0.99963521 -0.026420513 -3.4875773 -0.98089925 -0.010632465 -0.19422588 -37.431194
-0.19281813 0.023501195 0.980953 122.6701 -0.0072886555 0.99965126 -0.02538183 -3.5333137 -0.98120748 -0.012043905 -0.1925796 -37.595301
-0.19200779 0.019417598 0.98120125 123.55692 -0.0059271082 0.99976306 -0.020944783 -3.5662409 -0.98137554 -0.0098372467 -0.19184721 -37.76104
-0.19116768 0.013942262 0.98145833 124.40924 -0.0049104569 0.99987302 -0.015160308 -3.6043081 -0.98154515 -0.007717569 -0.19107494 -37.913889
-0.1904846 0.011653387 0.98162097 125.27443 -0.0032057406 0.99991682 -0.012492663 -3.6380899 -0.98168499 -0.0055264815 -0.1904314 -38.083858
-0.19006822 0.016595035 0.98163058 126.13812 -0.0052368786 0.99982577 -0.017916624 -3.6738565 -0.98175696 -0.0085460603 -0.1899482 -38.244277
-0.18932582 0.020336253 0.98170367 126.98384 -0.0063471456 0.99973927 -0.021933939 -3.7090103 -0.98189385 -0.010383676 -0.18914738 -38.40047
-0.18889625 0.019659163 0.98180021 127.83868 -0.0078954982 0.99973687 -0.021537395 -3.7384283 -0.98196535 -0.011820134 -0.18869133 -38.556925
-0.18863474 0.01865022 0.98187017 128.69394 -0.0096447077 0.99973625 -0.020842498 -3.778317 -0.982 -0.013401469 -0.18840511 -38.713448
-0.1877961 0.019019 0.98202384 129.52747 -0.003933835 0.99978993 -0.020115359 -3.8119745 -0.9822002 -0.0076407049 -0.18768183 -38.87479
-0.18734497 0.021632343 0.98205592 130.3801 -0.0062044625 0.99971148 -0.023204865 -3.8502521 -0.98227463 -0.010440443 -0.1871567 -39.029264
-0.18715728 0.022939488 0.98206204 131.2068 -0.016406505 0.99951486 -0.026473841 -3.8846801 -0.98219299 -0.021066977 -0.18669013 -39.166753
-0.18682004 0.024294062 0.98209368 132.04169 -0.020382624 0.99938313 -0.02859906 -3.9227859 -0.98218272 -0.025360524 -0.18620962 -39.309402
-0.18694798 0.027442163 0.9819864 132.89326 -0.021434998 0.99925782 -0.032005559 -3.9724003 -0.98213597 -0.027032251 -0.18622101 -39.467096
-0.18588979 0.028863576 0.98214653 133.71784 -0.015508913 0.99935773 -0.032304737 -4.0141397 -0.98244824 -0.021237145 -0.18532275 -39.620117
-0.18471431 0.02987004 0.98233819 134.53269 -0.016641673 0.99929965 -0.03351501 -4.0585012 -0.98265139 -0.022538453 -0.18408786 -39.763003
-0.18262181 0.029295547 0.98274664 135.36115 -0.010427776 0.99944205 -0.031731005 -4.0958009 -0.98312798 -0.016042636 -0.18221443 -39.921434
-0.17937613 0.026343678 0.98342775 136.18422 -0.0025564443 0.99962555 -0.027243869 -4.1445 -0.98377729 -0.0074009775 -0.17924162 -40.06665
-0.17731096 0.021660562 0.98391644 136.99543 0.0028080914 0.99976483 -0.021503413 -4.1812229 -0.98415091 -0.0010498626 -0.17733008 -40.223437
-0.17319399 0.02148435 0.98465333 137.8212 0.0071432212 0.99976315 -0.020557588 -4.2134455 -0.98486187 0.0034731467 -0.17330644 -40.36176
-0.16876261 0.025427041 0.98532866 138.61877 0.0010349447 0.99967122 -0.025619898 -4.2656495 -0.98565622 -0.0033039194 -0.16873344 -40.492652
-0.16179415 0.029185828 0.9863928 139.43591 0.0045911812 0.99957399 -0.028822764 -4.2990066 -0.98681389 -0.00013464569 -0.16185923 -40.620872
-0.15435578 0.029357432 0.98757904 140.21557 -0.00078262016 0.99955451 -0.029835743 -4.3369559 -0.98801506 -0.0053782179 -0.15426404 -40.733487
-0.14410413 0.025947318 0.98922225 141.02356 0.0079822012 0.99965413 -0.025058144 -4.3645246 -0.98953038 0.0042851898 -0.14426141 -40.852998
-0.13177359 0.024634543 0.99097365 141.8437 0.016890474 0.99960183 -0.022603037 -4.4055716 -0.99113597 0.013759533 -0.13213721 -40.959657
-0.1186127 0.026696809 0.9925816 142.61747 0.017053198 0.99954582 -0.024846276 -4.4410794 -0.99279419 0.013979607 -0.1190141 -41.049427
-0.10413313 0.027954229 0.99417039 143.41668 0.016670726 0.99951354 -0.026358313 -4.4788652 -0.99442368 0.01382877 -0.1045485 -41.124933
-0.090453717 0.027672196 0.99551609 144.17695 0.017179776 0.99950851 -0.026222197 -4.5156045 -0.99575251 0.014730849 -0.090884664 -41.191995
-0.07653585 0.029507201 0.99663007 144.99841 0.022175326 0.99936513 -0.027885231 -4.5537171 -0.99682025 0.019966378 -0.077141594 -41.24526
-0.062776645 0.035439794 0.99739813 145.77513 0.019296233 0.99922562 -0.034290214 -4.6033141 -0.99784109 0.017093403 -0.063411888 -41.290533
-0.050378638 0.044337347 0.99774551 146.50786 0.010289309 0.99898414 -0.043872854 -4.6463555 -0.99867723 0.0080558586 -0.050783662 -41.302882
-0.036176423 0.05308347 0.99793453 147.28833 0.0033836391 0.99858901 -0.052995621 -4.6923846 -0.99933973 0.0014594592 -0.036304995 -41.318592
-0.022691508 0.054016526 0.99828214 148.06783 0.0015597292 0.99853999 -0.053995022 -4.7424569 -0.99974134 0.00033182213 -0.022742631 -41.328038
-0.011307631 0.049843178 0.998693 148.83602 0.00023731275 0.998757 -0.049843684 -4.7979523 -0.99993608 -0.00032661058 -0.011305406 -41.317422
0.00016067187 0.047115622 0.99888939 149.59338 0.00089496772 0.99888904 -0.047115748 -4.850046 -0.99999963 0.0009015448 0.00011832488 -41.314387
0.0085555778 0.053208046 0.99854675 150.32438 -0.0028190726 0.99858066 -0.053185697 -4.9110397 -0.99995947 -0.0023599406 0.0086934303 -41.284773
0.015289124 0.061996643 0.9979592 151.09993 -0.010449486 0.99803131 -0.06184103 -4.9629012 -0.99982855 -0.0094826647 0.015906856 -41.261946
0.018565787 0.065146606 0.99770294 151.83658 -0.016496484 0.9977591 -0.064843296 -5.0168568 -0.99969158 -0.015254723 0.019598871 -41.238381
0.018331698 0.061102486 0.9979631 152.5979 -0.017493834 0.99799768 -0.060783255 -5.0691261 -0.99967895 -0.01634394 0.019363907 -41.212571
0.017050679 0.055457628 0.9983154 153.36782 -0.01304916 0.9983879 -0.055238782 -5.1433882 -0.99976951 -0.012085318 0.017746865 -41.194797
0.014362397 0.052821711 0.99850063 154.08285 -0.011759884 0.99854353 -0.052654825 -5.1873135 -0.99982774 -0.010986001 0.014962654 -41.179325
0.011035782 0.053072033 0.99852966 154.86795 -0.010010067 0.99854634 -0.052962286 -5.2432017 -0.99988904 -0.0094108683 0.011550993 -41.170204
0.0066199541 0.053317101 0.99855565 155.58846 -0.012911183 0.99849889 -0.053228474 -5.3006193 -0.99989478 -0.012540164 0.0072984021 -41.15466
0.0027149205 0.051442304 0.99867224 156.33625 -0.010818353 0.99861903 -0.051410152 -5.3531746 -0.99993784 -0.010664413 0.0032676907 -41.153221
-0.0027465261 0.05193714 0.99864654 157.07954 -0.012054458 0.99857607 -0.051966626 -5.4042991 -0.99992361 -0.012180869 -0.0021165427 -41.15013
-0.0086391033 0.050172697 0.99870315 157.80701 -0.012536279 0.99865654 -0.050278797 -5.4527379 -0.99988414 -0.012954384 -0.0079985196 -41.152417
-0.014485723 0.047170781 0.99878176 158.56726 -0.0087600694 0.99884228 -0.047300688 -5.5029083 -0.99985674 -0.0094345815 -0.014055735 -41.160984
-0.019258422 0.047085227 0.99870517 159.295 -0.011870105 0.9988093 -0.04731903 -5.5556204 -0.99974412 -0.012766025 -0.018676586 -41.179919
-0.02529642 0.048402633 0.99850748 160.02483 -0.011889214 0.99874195 -0.048715202 -5.6011314 -0.99960933 -0.013103789 -0.024689128 -41.186206
-0.029158281 0.050568341 0.99829482 160.7226 -0.013930618 0.99860196 -0.050990784 -5.6542734 -0.99947777 -0.015393667 -0.02841307 -41.200225
-0.031699608 0.05285878 0.99809869 161.46396 -0.013602611 0.99848529 -0.053311271 -5.7078779 -0.99940492 -0.015266694 -0.030932577 -41.219339
-0.033155827 0.054663069 0.99795419 162.16598 -0.011339967 0.99841836 -0.055065249 -5.7625076 -0.9993859 -0.013142501 -0.032483511 -41.246022
-0.032229208 0.052623054 0.99809419 162.90767 -0.006331613 0.99858222 -0.052853235 -5.8113125 -0.99946049 -0.0080229634 -0.031850327 -41.267896
-0.028895726 0.048776904 0.99839159 163.59662 -0.002716813 0.99880118 -0.048875544 -5.8586903 -0.99957878 -0.0041247368 -0.028728569 -41.290211
-0.021154411 0.048410862 0.99860342 164.31712 -0.0018198836 0.99882346 -0.04846008 -5.9118161 -0.99977461 -0.0028424856 -0.021041422 -41.299378
-0.010671511 0.049605537 0.99871183 165.00937 0.00056705341 0.99876889 -0.04960231 -5.9609168 -0.99994294 3.6992212e-05 -0.010686504 -41.303652
0.0040962953 0.049749743 0.99875327 165.70032 0.0025247449 0.998758 -0.049760332 -6.0121427 -0.99998847 0.0027254312 0.0039656008 -41.293895
0.018558962 0.047589126 0.99869453 166.38994 0.002112238 0.99886251 -0.047636381 -6.0560281 -0.99982558 0.0029935632 0.01843733 -41.269562
0.034340082 0.042686644 0.99849813 167.08659 -0.0027977397 0.99908762 -0.042615624 -6.1014149 -0.99940633 -0.001330113 0.034428176 -41.224711
0.051650799 0.03625943 0.9980067 167.76143 -0.0044761631 0.99933902 -0.036076176 -6.1416519 -0.99865522 -0.0026038767 0.051778961 -41.182273
0.06818088 0.029074477 0.9972492 168.42815 -0.0033034404 0.99957637 -0.028916471 -6.1736339 -0.99766755 -0.001322802 0.068248041 -41.124197
0.085632177 0.021233657 0.99610049 169.12321 -0.0045042772 0.99977091 -0.020924677 -6.2107231 -0.99631668 -0.0026948863 0.0857082 -41.046314
0.10386376 0.015224067 0.99447497 169.77743 -0.0072033659 0.99986813 -0.014554303 -6.2442703 -0.99456549 -0.0056519016 0.10395973 -40.965742
0.12134293 0.012516597 0.99253168 170.43814 -0.0078407183 0.99990138 -0.011650959 -6.2716792 -0.99257972 -0.006368399 0.12142911 -40.872403
0.13976866 0.011709686 0.9901149 171.07653 -0.006428036 0.99991973 -0.010918235 -6.2919503 -0.99016336 -0.0048384663 0.13983271 -40.770926
0.1568118 0.011037878 0.98756678 171.71784 -0.0073047958 0.99992316 -0.010016083 -6.3128342 -0.98760153 -0.0056433329 0.15688038 -40.653394
0.17335092 0.010597091 0.98480307 172.35883 -0.012623819 0.99988387 -0.0085372488 -6.3273632 -0.98477925 -0.010952035 0.17346457 -40.519929
0.18767496 0.0069724727 0.9822064 172.98801 -0.01517369 0.99987606 -0.0041985944 -6.3459665 -0.98211402 -0.014115724 0.1877575 -40.379928
0.20050896 0.0031030515 0.97968691 173.61542 -0.012762368 0.9999184 -0.00055510465 -6.3627642 -0.97960878 -0.012391821 0.2005322 -40.242397
0.21118416 0.0010705341 0.97744566 174.23707 -0.0075240117 0.99997155 0.00053041201 -6.3826218 -0.97741737 -0.0074663265 0.21118621 -40.107961
0.22097164 0.0048146496 0.97526831 174.8378 -0.013228419 0.99991062 -0.0019390698 -6.4005743 -0.97519056 -0.012472778 0.22101557 -39.949155
0.22958165 0.011572621 0.97322056 175.44636 -0.015711709 0.99984308 -0.008182816 -6.4199964 -0.97316262 -0.013412333 0.22972745 -39.795128
0.23902715 0.021820324 0.97076764 176.01942 -0.016404738 0.99969554 -0.018431293 -6.4366243 -0.97087434 -0.011519609 0.23931233 -39.638359
0.2473425 0.028541368 0.96850761 176.60987 -0.012170311 0.99957872 -0.026348898 -6.4499896 -0.96885172 -0.0052698359 0.24758566 -39.490516
0.25319914 0.027207535 0.96703147 177.21 -0.011848847 0.99961668 -0.025021923 -6.4717919 -0.96734166 -0.0051226783 0.25342446 -39.328626
0.25928307 0.01963278 0.96560176 177.81371 -0.014029122 0.99976444 -0.016560286 -6.48732 -0.96569952 -0.0092527423 0.25949742 -39.152279
0.26368628 0.008833945 0.964568 178.42654 -0.01792654 0.99983025 -0.0042562707 -6.5111201 -0.96444194 -0.016169046 0.26379988 -38.973354
0.26598301 -0.00024603695 0.96397765 179.02433 -0.017662703 0.99983085 0.0051287229 -6.5357348 -0.96381593 -0.018390603 0.26593367 -38.792632
0.26694888 -0.0012839488 0.9637098 179.62983 -0.013878843 0.99989028 0.0051766099 -6.5543448 -0.96361079 -0.014757067 0.26690177 -38.635806
0.26800472 0.0021180371 0.96341523 180.23911 -0.013459184 0.99990823 0.0015458365 -6.5584365 -0.96332362 -0.013381074 0.26800863 -38.460478
0.26949025 0.0017496441 0.96300149 180.84663 -0.0096751831 0.9999528 0.00089076327 -6.5686103 -0.96295456 -0.0095572671 0.26949445 -38.298952
0.27106544 -0.00016364678 0.96256087 181.45361 -0.011052933 0.99993353 0.0032826021 -6.5656869 -0.9624975 -0.01152892 0.27104562 -38.114098
0.27442183 -0.0044923802 0.96159888 182.07408 -0.011654407 0.9999001 0.0079972591 -6.5826258 -0.96153883 -0.013401487 0.27434205 -37.93756
0.27701309 -0.010118744 0.96081282 182.69665 -0.0088669021 0.99987505 0.013086553 -6.5912278 -0.96082527 -0.012144579 0.27688876 -37.75495
0.28151689 -0.012929272 0.95946912 183.31975 -0.0084709935 0.99983677 0.01595871 -6.5987979 -0.95951892 -0.012620303 0.28136141 -37.559549
0.28753482 -0.014523744 0.95766002 183.91585 -0.0071522267 0.99982458 0.017310643 -6.5953298 -0.95774352 -0.011826813 0.2873805 -37.376705
0.29534355 -0.017085833 0.95523829 184.55406 -0.0062824045 0.99978373 0.019825006 -6.5938507 -0.9553705 -0.01185638 0.29517233 -37.176929
0.30507434 -0.020140359 0.95211551 185.1731 -0.0028656994 0.9997524 0.022066255 -6.6018686 -0.95232427 -0.0094603243 0.30494109 -36.97162
0.31610777 -0.0180318 0.94855187 185.79102 -0.0038578092 0.99978667 0.02029139 -6.6025374 -0.94871548 -0.010073598 0.31597077 -36.759261
0.32736539 -0.014409586 0.94478791 186.40227 -0.0053153946 0.99983981 0.017090983 -6.6026826 -0.94488292 -0.010616916 0.32723636 -36.530054
0.33900692 -0.010310702 0.94072734 187.01016 -0.0067494711 0.99988755 0.013391404 -6.5996756 -0.94075971 -0.01088919 0.33889921 -36.297818
0.35060187 -0.0099294651 0.93647192 187.62961 -0.006121863 0.99989813 0.012893916 -6.597573 -0.93650463 -0.010253583 0.35050537 -36.056219
0.36217416 -0.013217276 0.93201669 188.25866 -0.0050647463 0.99985679 0.016147461 -6.6048342 -0.93209672 -0.010568621 0.36205535 -35.795308
0.37332928 -0.015078473 0.92757631 188.87112 -0.0049903881 0.99982079 0.018261386 -6.6016868 -0.92768552 -0.011446475 0.37318712 -35.535082
0.3845758 -0.015291425 0.92296671 189.51151 -0.0076476331 0.99977569 0.019750538 -6.6087385 -0.92306177 -0.014654089 0.38437259 -35.262758
0.39415136 -0.016688544 0.91889397 190.12273 -0.0099287542 0.99969945 0.022414947 -6.5972707 -0.91899194 -0.017958354 0.3938672 -34.978824
0.40138438 -0.015693848 0.9157752 190.7578 -0.013915919 0.99963328 0.023230292 -6.5992009 -0.91580402 -0.02206813 0.40101879 -34.685324
0.40584646 -0.017838675 0.91376713 191.39563 -0.014247693 0.99956451 0.025841685 -6.5901266 -0.91383025 -0.02350683 0.40541556 -34.389958
0.40772562 -0.023102326 0.91281216 192.03898 -0.0089508498 0.99953073 0.029295156 -6.5822475 -0.91306066 -0.02011483 0.4073275 -34.106136
0.40818242 -0.020529582 0.91266948 192.70381 -0.0091300012 0.9996053 0.026568418 -6.5856836 -0.91285477 -0.019177434 0.40783387 -33.81206
0.40707224 -0.021113484 0.91315187 193.35709 -0.0050294013 0.99966584 0.025355868 -6.57148 -0.91338216 -0.014914277 0.40683002 -33.52099
0.40577526 -0.019876675 0.91375669 194.02174 -0.00211024 0.99974045 0.022684156 -6.5697793 -0.91397049 -0.011132915 0.40562799 -33.225398
0.40627974 -0.0212806 0.91350087 194.69134 0.0012449968 0.99974073 0.022735901 -6.5554839 -0.91374794 -0.0080998299 0.4062009 -32.925664
0.40493547 -0.027248595 0.91393912 195.37713 0.003933904 0.99959851 0.028059504 -6.5549756 -0.91433684 -0.0077669389 0.40488009 -32.6296
0.40431047 -0.030665031 0.91410756 196.06372 0.0053749209 0.9995002 0.031152316 -6.5457564 -0.91460605 -0.0076819509 0.40427321 -32.330036
0.40273566 -0.033004149 0.91472108 196.74498 0.0062045187 0.99942519 0.033328626 -6.53671 -0.91529534 -0.0077472214 0.40270893 -32.029349
0.40086767 -0.033061003 0.91553919 197.43106 0.0046361631 0.99940905 0.034059686 -6.5293178 -0.91612428 -0.0094088373 0.40078405 -31.716104
0.39932659 -0.033627843 0.91619178 198.12356 0.0047395449 0.99938946 0.034615772 -6.5118303 -0.91679653 -0.0094806656 0.39924217 -31.412366
0.39735676 -0.032733138 0.91708019 198.81415 0.0035666687 0.99941116 0.034126377 -6.50691 -0.91765732 -0.010289425 0.39723953 -31.108176
0.39643565 -0.029473011 0.91758926 199.50679 0.0044336474 0.99953436 0.030189576 -6.5024537 -0.91805185 -0.0078999564 0.39638172 -30.817789
0.39545775 -0.023329858 0.91818779 200.18338 0.0032060318 0.99970633 0.024020311 -6.5016046 -0.91847861 -0.0065552781 0.39541641 -30.523237
0.39407961 -0.020638879 0.91884451 200.8678 0.0023661338 0.9997673 0.021441747 -6.4870466 -0.9190733 -0.0062756456 0.39403674 -30.226949
0.39289996 -0.023434556 0.91928253 201.56556 0.0009237636 0.99968479 0.025089374 -6.4837552 -0.91958079 -0.0090084137 0.39279776 -29.921419
0.39186416 -0.026757289 0.91963387 202.25802 0.00035838497 0.99958136 0.028930697 -6.4769462 -0.92002306 -0.01100732 0.3917097 -29.617607
0.38904791 -0.026021779 0.92084989 202.92917 -0.0040912364 0.99954231 0.029974001 -6.479277 -0.92120848 -0.015428736 0.38876338 -29.322514
0.38471217 -0.025660816 0.92267979 203.62155 -0.0070623794 0.9995024 0.030742008 -6.4705875 -0.92300961 -0.018343139 0.38433952 -29.030084
0.37757672 -0.026536263 0.92559796 204.31471 -0.0070103146 0.99947872 0.031514073 -6.4628863 -0.92595181 -0.018387713 0.37719387 -28.745596
0.36913018 -0.027342928 0.92897535 205.00828 -0.0062423532 0.99947163 0.031898285 -6.4516724 -0.92935678 -0.017573612 0.36876445 -28.468251
