1.000000000000000000e+00 -3.306050084167601550e-19 -2.270457535318767223e-19 -8.673617379884035472e-19 7.546676715296109287e-19 1.000000000000000000e+00 6.237773588823049983e-19 1.387778780781445676e-17 -3.447385680526250622e-20 4.770700176052009879e-20 1.000000000000000222e+00 5.551115123125782702e-17
9.998145087859728886e-01 6.895552379530280572e-03 1.799077273326806295e-02 3.099142075094353521e-02 -6.887501334760732889e-03 9.999761400414342027e-01 -5.096403162291435716e-04 3.505867257625442518e-02 -1.799385788315140122e-02 3.857072694964980872e-04 9.998381334449323310e-01 1.224794321105525108e-01
9.992347565004944254e-01 7.011645396632179734e-03 3.847226196288808242e-02 2.920803297348158883e-02 -6.974542473376584700e-03 9.999750641988296440e-01 -1.098177134536346784e-03 -2.547721212805831303e-03 -3.847900903088528196e-02 8.290037463282581235e-04 9.992586975578174879e-01 2.727221910269400640e-01
9.979027573255203620e-01 7.512117934038262113e-03 6.430118981383914356e-02 5.649962794176223435e-02 -7.537540337807636590e-03 9.999715627862857392e-01 1.530112398207942887e-04 -5.536366326117994618e-03 -6.429822209651310516e-02 -6.373828532856482248e-04 9.979310626167708920e-01 4.158623108808186530e-01
9.950560072836547310e-01 7.249005061099424337e-03 9.906368460163218759e-02 1.231893955946197633e-01 -7.495915528955889202e-03 9.999696541952017848e-01 2.120634772658495492e-03 -5.792894717070729005e-04 -9.904530618433143863e-02 -2.852897275473598431e-03 9.950801463023634108e-01 6.052676741461575638e-01
9.909338792696188447e-01 3.904735576358364137e-03 1.342764425402391826e-01 1.813199293683259716e-01 -4.480261783806788710e-03 9.999820268229585585e-01 3.982441335093242843e-03 -1.220912915131830423e-02 -1.342584977570068783e-01 -4.547937253443337657e-03 9.909335855036449647e-01 8.180794528009190936e-01
9.845828638789134724e-01 -6.642475092750222711e-05 1.749306470675741632e-01 2.678294111616579265e-01 -9.609184833329634462e-04 9.999827611074949552e-01 5.788514607982242488e-03 -3.732601378547514837e-03 -1.749280426054732607e-01 -5.867388796988554436e-03 9.845658447401541835e-01 9.813793926582847771e-01
9.759362957516820591e-01 5.891674812354771732e-04 2.180747816709694420e-01 3.544542796087560288e-01 -2.117566521618779399e-03 9.999747753761211166e-01 6.775728278140520991e-03 -8.904014966242601581e-03 -2.180653162017179569e-01 -7.074412724535236903e-03 9.759129382906847061e-01 1.189723541015333508e+00
9.640088767494807698e-01 5.021501438567943509e-04 2.658138179397059875e-01 4.614613099176623212e-01 -3.042266934247163206e-03 9.999535869791896792e-01 9.142178315684095988e-03 4.328151849746081359e-03 -2.657968973410733682e-01 -9.621684889503235097e-03 9.639656263668499037e-01 1.411403117298878573e+00
9.499370262416764188e-01 -3.359174295646280388e-03 3.123969550844971632e-01 5.790340292952184109e-01 -1.863287087889680272e-03 9.998634995845665507e-01 1.641928024624900867e-02 8.160186382593567767e-03 -3.124094604202873326e-01 -1.617970458538072961e-02 9.498011124908655178e-01 1.645918843628276118e+00
9.330731087988601846e-01 -1.332810915167723792e-02 3.595127969684578928e-01 7.155325811599051455e-01 4.615819396558936034e-03 9.996746244258055691e-01 2.508843972756402349e-02 -8.805419016502252783e-04 -3.597302233393764870e-01 -2.175059856714161091e-02 9.328310374128468974e-01 1.863402034569098253e+00
9.117853094818567650e-01 -1.878910946614326810e-02 4.102204043602440398e-01 8.752857893066936512e-01 7.062634500153609426e-03 9.995224726019293904e-01 3.007953500307909700e-02 -6.652793608860382846e-03 -4.105898243070961739e-01 -2.452754866605354189e-02 9.114826022088167168e-01 2.090789245558773324e+00
8.861530998682078941e-01 -2.096052451561213059e-02 4.628617088419436643e-01 1.061961336259693356e+00 6.157693898116106332e-03 9.994208999259784898e-01 3.345604711349117744e-02 -1.008665725210952657e-03 -4.632952067611459945e-01 -2.679446042217792714e-02 8.857689929884065005e-01 2.340189034314594352e+00
8.579124733926164481e-01 -2.282294517593845204e-02 5.132497409049830983e-01 1.249536487858948108e+00 4.004261812579404216e-03 9.992796344632910444e-01 3.772910176568657764e-02 1.834554948195124546e-02 -5.137411923056234286e-01 -3.031304241094679927e-02 8.573858054283947094e-01 2.550375240748750105e+00
8.262212603835858982e-01 -2.847590451823632865e-02 5.626136973805108132e-01 1.474636086410672231e+00 5.341441783495405431e-03 9.990726336633463101e-01 4.272521693145774069e-02 2.175507630795919800e-02 -5.633087773093479189e-01 -3.229316118220017240e-02 8.256073639448588963e-01 2.781605664272009282e+00
7.892801138337285360e-01 -3.473954299774564825e-02 6.129555943844452459e-01 1.708069749534377291e+00 7.912247960022289819e-03 9.988906643273992580e-01 4.642687587094029844e-02 2.676524352585927385e-02 -6.138884636882652179e-01 -3.179118242661754107e-02 7.886796361149955858e-01 3.009002266907346623e+00
7.519307190969209964e-01 -3.904798691295407326e-02 6.580956903965485827e-01 1.971008331385152523e+00 8.910167524919817769e-03 9.987550318202870203e-01 4.909389796814166151e-02 3.957846784907776555e-02 -6.591930017274747478e-01 -3.105485906024930964e-02 7.513425355398537508e-01 3.220667764212742146e+00
7.115684357540335014e-01 -4.225123342454717434e-02 7.012296673697390181e-01 2.267512495040445497e+00 1.045013298118378439e-02 9.987162731318841580e-01 4.956278245659604537e-02 4.981625976844317877e-02 -7.024236002587054273e-01 -2.793700950814450093e-02 7.110965262367631157e-01 3.429888817774815468e+00
6.706077441664755057e-01 -4.407849807372169609e-02 7.405197168522563711e-01 2.568470157479103566e+00 8.951541126306104823e-03 9.986413341265799604e-01 5.133346388042572817e-02 6.513787731126993719e-02 -7.417763729915044513e-01 -2.779694062483522438e-02 6.700910124585928163e-01 3.646265511209864307e+00
6.289105821460916346e-01 -4.363207547805650344e-02 7.763638472986993389e-01 2.910414977525809910e+00 4.622347761272796278e-03 9.986160832513766294e-01 5.239341605127673801e-02 9.175325082323095016e-02 -7.775757486643427585e-01 -2.936048231735512853e-02 6.282421105424734753e-01 3.856545790057417378e+00
5.858099639761340516e-01 -4.509262280476310225e-02 8.091313120168348583e-01 3.254030588083703712e+00 1.425982601021294916e-03 9.985070583989720250e-01 5.460778643162009227e-02 1.090623126919216257e-01 -8.103850156111557235e-01 -3.084571133462160955e-02 5.849992098293312903e-01 4.070107265629423487e+00
5.464054308228273316e-01 -4.696154292519450629e-02 8.363143843989518933e-01 3.650482791727774234e+00 2.601259552958687707e-04 9.984364461100579957e-01 5.589765652496183485e-02 1.272762125819224543e-01 -8.376316416072312476e-01 -3.033165241430188508e-02 5.455629315883854247e-01 4.276799837449555497e+00
5.081386314612232891e-01 -4.882010481425917009e-02 8.600213581873066282e-01 4.064195282048680191e+00 -1.635890810917515299e-03 9.983357568873550969e-01 5.764011455162577208e-02 1.423435652836305132e-01 -8.614044620225640436e-01 -3.069557052248167092e-02 5.072129242544187733e-01 4.479181514289439114e+00
4.709066480504122687e-01 -4.922899535337960791e-02 8.807539451732392388e-01 4.490752260405271201e+00 -3.915105370876019453e-03 9.983149703642403283e-01 5.789310167174852723e-02 1.629319370085978991e-01 -8.821205736733973568e-01 -3.070040497954900152e-02 4.699209067814230090e-01 4.678726038247944530e+00
4.344382782854793734e-01 -4.815128513045604380e-02 8.996000238411137051e-01 4.961763887621735591e+00 -5.348275568534417886e-03 9.984143058154819617e-01 5.603660444582254235e-02 1.869181670362670411e-01 -9.008726039111945028e-01 -2.914845221616327656e-02 4.334921658265596389e-01 4.870003310620824699e+00
3.999622945889469983e-01 -4.784522398667510890e-02 9.153050903069723798e-01 5.460859790121168622e+00 -4.131985813775357341e-03 9.985319857972229096e-01 5.400597856206481445e-02 2.118349095388887826e-01 -9.165460275512909982e-01 -2.537269709784178984e-02 3.991777827260892253e-01 5.063934221318431739e+00
3.699582618784926780e-01 -4.529979406003765974e-02 9.278494155644200214e-01 5.970442078712911993e+00 -2.492113174235138263e-03 9.987584908432759478e-01 4.975852383679117003e-02 2.314362050229948342e-01 -9.289514552393866031e-01 -2.071899622322965692e-02 3.693862793903530672e-01 5.237107815516738540e+00
3.453379082105101361e-01 -4.416116865760464499e-02 9.373140685032560482e-01 6.526676557036995341e+00 -7.397729641618397542e-04 9.988791961295524491e-01 4.733207565380054271e-02 2.582413050893554995e-01 -9.383534550359734494e-01 -1.704325945743966758e-02 3.449180298800608724e-01 5.426416043643791376e+00
3.241914350402521072e-01 -4.382878065078667229e-02 9.450390673571545941e-01 7.105634285116261495e+00 -1.423755910416963570e-04 9.989240684434680384e-01 4.637123596335018805e-02 2.865171588548044435e-01 -9.460548154279057043e-01 -1.516781179154046318e-02 3.238361719313190279e-01 5.604207633424081791e+00
3.095622390135074897e-01 -4.309374016501366783e-02 9.498575232427312054e-01 7.696336512097238902e+00 5.614042536839996362e-04 9.989808815415229803e-01 4.513243904895113123e-02 3.108994488106953114e-01 -9.508342093714080567e-01 -1.344260539563457528e-02 3.092706752499471690e-01 5.790036995976604040e+00
2.981275338388602592e-01 -4.493195709461238890e-02 9.535916349638409173e-01 8.324410928133451293e+00 1.872376595647944411e-03 9.989172215364957585e-01 4.648829923111916923e-02 3.319680959382350083e-01 -9.546479086405195158e-01 -1.207721719428872173e-02 2.978886948466595297e-01 5.990013050421953977e+00
2.872367135393588122e-01 -4.668112218997399337e-02 9.567636152383607318e-01 8.975588800949930501e+00 9.442884782347682427e-04 9.988246208231211787e-01 4.846577687309167048e-02 3.604754153521768090e-01 -9.579022301657753591e-01 -1.300718959960685782e-02 2.869437756629260039e-01 6.173579675158234359e+00
2.756445098540932781e-01 -4.831772589184773342e-02 9.599402669833082546e-01 9.650817865254866845e+00 -1.059409429967237467e-03 9.987203803770350330e-01 5.056860253900293672e-02 3.923761174717326772e-01 -9.611545797491682919e-01 -1.496678009187525638e-02 2.752402409181637921e-01 6.373974051523577877e+00
2.663055104905546200e-01 -5.084504253278481628e-02 9.625211571029160806e-01 1.035227306136636649e+01 -1.701732061211894999e-03 9.985816106972356110e-01 5.321062398244522790e-02 4.216072953623861697e-01 -9.638615779216925805e-01 -1.580724254061489920e-02 2.658410699495237783e-01 6.568295333559308169e+00
2.557423490769920593e-01 -5.232315400955500628e-02 9.651895189142710718e-01 1.107705440226664173e+01 -3.017294630572712327e-03 9.984861487694682847e-01 5.493286064622636411e-02 4.531891286917197892e-01 -9.666019740891479417e-01 -1.696715906729865525e-02 2.551974402829647603e-01 6.756500311489491928e+00
2.450929292756130196e-01 -5.403889098606590863e-02 9.679340847503064005e-01 1.182492818150786285e+01 -3.231598165045844635e-03 9.983946277694561999e-01 5.654491625601252430e-02 4.875699438450825651e-01 -9.694355305978928916e-01 -1.699351252743912591e-02 2.445243544663521507e-01 6.950332700002661568e+00
2.350263770712233413e-01 -5.559007541243020378e-02 9.704104489201392791e-01 1.258883902577175817e+01 -3.835642840134129584e-03 9.983025597883182778e-01 5.810899706582182273e-02 5.188337783742236198e-01 -9.719935778265433868e-01 -1.738009792076301852e-02 2.344139234576886610e-01 7.131642143414911317e+00
2.248779297666614330e-01 -5.796317183219796415e-02 9.726790548620234400e-01 1.336450995378286422e+01 -4.723298352950246193e-03 9.981518709481868035e-01 6.059112918738882719e-02 5.560528978888310547e-01 -9.743941654622207960e-01 -1.821018359722734875e-02 2.241893028599047655e-01 7.310987228595784870e+00
2.127670697203164762e-01 -6.117622764243690198e-02 9.751885648031769493e-01 1.416004491662311082e+01 -6.892551848556818794e-03 9.979194414184182627e-01 6.409768683153088675e-02 6.032126654711701397e-01 -9.770810851435091093e-01 -2.035812855324623666e-02 2.119025823079968840e-01 7.488912251426643962e+00
2.006103798082547185e-01 -6.566769348599728329e-02 9.775470264316787894e-01 1.496497401432660190e+01 -7.492529250683774462e-03 9.976183280290021882e-01 6.856092330428611992e-02 6.360150138983221568e-01 -9.797227246928184030e-01 -2.105784273279390217e-02 1.996413857468039288e-01 7.659794613727849644e+00
1.889948629312993011e-01 -6.813824744468731376e-02 9.796046339694256533e-01 1.576895612337790098e+01 -8.390116802577231650e-03 9.974416723174271970e-01 7.099652284737048569e-02 6.755095743850187961e-01 -9.819348922895667631e-01 -2.165102464011950389e-02 1.879391209984125344e-01 7.807603431159230389e+00
1.742543568940133625e-01 -6.862000931381481705e-02 9.823015957659907427e-01 1.657961297859484162e+01 -8.784165473129046386e-03 9.974214775156365898e-01 7.122783171447225059e-02 7.120351216190745625e-01 -9.846553891201211828e-01 -2.105332169872006082e-02 1.732016470509214756e-01 7.954236498789765797e+00
1.582749576632694888e-01 -6.780623930864593252e-02 9.849881224654321032e-01 1.739779666177202344e+01 -1.074952024220155594e-02 9.974621581424883976e-01 7.040496607519414196e-02 7.586398644254409573e-01 -9.872600679863235973e-01 -2.175804919632534987e-02 1.571440260952584878e-01 8.082226195376755129e+00
1.427312600469929915e-01 -6.670047256950471792e-02 9.874585490362444151e-01 1.822331121686966071e+01 -1.167907656693080963e-02 9.975444531597865705e-01 6.907118389052913088e-02 7.952988446923783261e-01 -9.896385188927573351e-01 -2.142002495679343199e-02 1.416009849295502554e-01 8.203945778661857702e+00
1.227008301864671441e-01 -6.528723404881286996e-02 9.902588548847910399e-01 1.905536093534107067e+01 -1.373656181413702645e-02 9.976270328805902921e-01 6.747643545430277723e-02 8.368264851740694343e-01 -9.923128630270899864e-01 -2.190430448647500555e-02 1.215122983160946690e-01 8.304109482978635270e+00
9.732626486153792000e-02 -6.391205238792145582e-02 9.931625575189592103e-01 1.988865624987741398e+01 -1.882832639365279379e-02 9.976394177006282504e-01 6.604823043788726755e-02 8.772593076762825737e-01 -9.950382538064774796e-01 -2.514623233895362311e-02 9.589285290641229309e-02 8.386837110508855275e+00
6.779825183787167864e-02 -6.380723831897247567e-02 9.956643598994612265e-01 2.074032148880323234e+01 -2.252731776191665633e-02 9.975997015802188228e-01 6.547698314176071677e-02 9.190013536020730234e-01 -9.974543451875798050e-01 -2.684128473387540487e-02 6.619889495055424067e-02 8.438574209002483784e+00
3.448417112970744020e-02 -6.355358557974834233e-02 9.974030715245181256e-01 2.159907171840661988e+01 -2.508709491770005559e-02 9.976063617553525553e-01 6.442474756241979572e-02 9.580030920942452788e-01 -9.991111370342751208e-01 -2.722942509299781932e-02 3.280734707309286569e-02 8.465124322846010685e+00
6.349940539190044057e-04 -6.199429496656984340e-02 9.980775395788445969e-01 2.244596685550427395e+01 -2.559006113973126550e-02 9.977491952337660397e-01 6.196349955008362276e-02 9.890663771762104872e-01 -9.996721009147927495e-01 -2.558534993689246667e-02 -9.534590258450831605e-04 8.455990048279636184e+00
-3.489204658033435991e-02 -6.162323021855248273e-02 9.975048124383153469e-01 2.331258233359276488e+01 -2.703042734692195220e-02 9.977897012591813164e-01 6.071270524364579674e-02 1.024711703457763301e+00 -9.990420388570734334e-01 -2.483596693445505599e-02 -3.648018842580459664e-02 8.415142116099172398e+00
-6.824417204903004963e-02 -5.972938666209425679e-02 9.959066547882379217e-01 2.416286372288843864e+01 -2.925832900397820971e-02 9.978963677407548527e-01 5.786401954496651207e-02 1.054730523098668327e+00 -9.972680189838835085e-01 -2.518666347234575081e-02 -6.984793049063300896e-02 8.352171486310023596e+00
-1.012543163753867465e-01 -5.660628641925093130e-02 9.933023344202871474e-01 2.502377397527392588e+01 -3.178656019389120013e-02 9.980545888204332972e-01 5.364523155179833774e-02 1.095461760687341135e+00 -9.944051819525455693e-01 -2.617530891908438975e-02 -1.028570759099360216e-01 8.266788088881847685e+00
-1.332129057114965487e-01 -5.185377370593579477e-02 9.897345706224212059e-01 2.588755651549129055e+01 -2.846646524644833032e-02 9.984184110331786322e-01 4.848361784692895721e-02 1.113227696107918607e+00 -9.906836204994283746e-01 -2.171291073552471598e-02 -1.344782797796135188e-01 8.138917071667840730e+00
-1.640689782093089077e-01 -4.649664094774025314e-02 9.854298977872599785e-01 2.672374887191410053e+01 -2.469324468492292007e-02 9.987690232408945601e-01 4.303495064937979536e-02 1.133148070383680706e+00 -9.862175010768604588e-01 -1.728494784201752357e-02 -1.650152177038574086e-01 7.980976717585162916e+00
-1.959287116849727506e-01 -4.000849372561895295e-02 9.798608033945734874e-01 2.757875512383427363e+01 -1.754596281357012968e-02 9.991502776730437629e-01 3.730219812011334457e-02 1.147002090659487106e+00 -9.805208668702519725e-01 -9.883679882282630016e-03 -1.964640890622210423e-01 7.800491150112147665e+00
-2.237668449957881389e-01 -3.464858692928635131e-02 9.740969179375822407e-01 2.840927343485635603e+01 -1.220760005536492346e-02 9.993894532043318124e-01 3.273319732273314436e-02 1.161847611196062724e+00 -9.746362073534741155e-01 -4.577385084748933353e-03 -2.240535040139024769e-01 7.593145849513463830e+00
-2.509781146936908014e-01 -2.857317155536915482e-02 9.675040221845550015e-01 2.923748667579444671e+01 -3.852299209131659907e-03 9.995859734266335783e-01 2.851254393625681297e-02 1.171112932073957946e+00 -9.679181112984134305e-01 3.426688117851108863e-03 -2.509843555247823210e-01 7.365429148996854636e+00
-2.783792459983983614e-01 -1.843832660419398445e-02 9.604680462438389688e-01 3.006775881381567928e+01 2.370482148085284197e-03 9.997994123584422743e-01 1.989018860946985268e-02 1.167818110966626355e+00 -9.606423737722540324e-01 7.809525156078401392e-03 -2.782796000110142609e-01 7.111868226644213031e+00
-3.014644179619664355e-01 -3.707577039453939776e-03 9.534455452410960374e-01 3.087846930677073942e+01 6.708918343712978564e-03 9.999593304632297119e-01 6.009644395370926720e-03 1.157361911122570586e+00 -9.534292624532855198e-01 8.206140543629910841e-03 -3.014273060521360792e-01 6.849684044064957789e+00
-3.255456704870659523e-01 1.392330016951174795e-02 9.453999312633843966e-01 3.166500500240189453e+01 7.841830938436518753e-03 9.998969126336845203e-01 -1.202426197919854479e-02 1.143209712525541821e+00 -9.454700898549535104e-01 3.498066733657230649e-03 -3.256213932849242321e-01 6.572437415273217454e+00
-3.520757199250903469e-01 2.777238399181400363e-02 9.355916018278597202e-01 3.245843827842910656e+01 6.780240396474527566e-03 9.996090803539208203e-01 -2.713170352823706527e-02 1.120088469846862722e+00 -9.359793012104997700e-01 -3.200475158718838354e-03 -3.521263334226811259e-01 6.270670291571989630e+00
-3.756774207540495292e-01 3.943384708848423487e-02 9.259593405792747589e-01 3.323897319438338371e+01 1.132799631019027614e-02 9.992149474880345217e-01 -3.796495178785981583e-02 1.081265275859786490e+00 -9.267297721684500944e-01 -3.771452574711257541e-03 -3.758292061163092668e-01 5.957456949694819315e+00
-4.000161556474436941e-01 4.425442824653065543e-02 9.152798674271869217e-01 3.401597358955135775e+01 1.506094615103262084e-02 9.990160615214658257e-01 -4.170481450417883040e-02 1.024150593411474075e+00 -9.162253123520622822e-01 -2.907720184003689812e-03 -4.002891364591205092e-01 5.616008329812449240e+00
-4.199868037670073662e-01 4.333134573171737447e-02 9.064013593779527422e-01 3.479208872399200203e+01 1.715882880474947289e-02 9.990602038441465105e-01 -3.979424993307682096e-02 9.816318508616004301e-01 -9.072743452927993779e-01 -1.177116984812018362e-03 -4.203355916111815582e-01 5.258225516176117331e+00
-4.427025826008836873e-01 3.910336971459378586e-02 8.958724115286366141e-01 3.555484302423991494e+01 2.122464218589346571e-02 9.992258319915484632e-01 -3.311328768807503958e-02 9.384003006233021527e-01 -8.964740817195080425e-01 4.345442592293929755e-03 -4.431898453264864202e-01 4.878512879355963783e+00
-4.593599269141043773e-01 3.710872734238541970e-02 8.870347971567119627e-01 3.630406325163438908e+01 2.793825947364885626e-02 9.992361559394854487e-01 -2.731735068047281070e-02 8.908018501043893922e-01 -8.873712434729145171e-01 1.222214741759323521e-02 -4.600457911267452071e-01 4.487853502623222468e+00
-4.734302744324337953e-01 3.819153564909275045e-02 8.802537049442291650e-01 3.704765671291775675e+01 3.175113172818003204e-02 9.991502155435295629e-01 -2.630121492708310110e-02 8.426082666544558730e-01 -8.805099876039768070e-01 1.550570131266876435e-02 -4.742406015114863371e-01 4.080029049199447755e+00
-4.837705395522485796e-01 4.218814502934539051e-02 8.745079695072784931e-01 3.777057808999571620e+01 3.537194740248930658e-02 9.989640448187796506e-01 -2.862474172677425752e-02 8.065483328232538884e-01 -8.748093334973114921e-01 1.709835853207784806e-02 -4.847618770392972398e-01 3.669564110220244757e+00
-4.941655872121420434e-01 4.441822586136996709e-02 8.681707342264656235e-01 3.847153457311892311e+01 3.714502620892311258e-02 9.988608344285879737e-01 -2.994606615166414340e-02 7.544403834895385685e-01 -8.685119333124181606e-01 1.744872723871523229e-02 -4.952525899841614399e-01 3.270349586078391546e+00
-5.023746190983030546e-01 4.431273768311250194e-02 8.632023536285696741e-01 3.918390309774961366e+01 3.066566061847614266e-02 9.989708595256646673e-01 -3.340355723007545213e-02 7.147726322843382940e-01 -8.637945551077235162e-01 9.677032081216382919e-03 -5.032165879272091358e-01 2.858663854553082029e+00
-5.156719328953480730e-01 4.198230821235414412e-02 8.555035272900325394e-01 3.987823679707894087e+01 2.844185651256620970e-02 9.990868816516852435e-01 -3.188920734578570143e-02 6.816612155373276138e-01 -8.560613580244970100e-01 7.884484607101772263e-03 -5.163949735709429945e-01 2.449107859844531720e+00
-5.236467632147935314e-01 4.389590432325651131e-02 8.506888627907733813e-01 4.057677298977682767e+01 3.155441257342517930e-02 9.989856127051420787e-01 -3.213453761210549597e-02 6.380058680515336977e-01 -8.512367255829885737e-01 1.001337566356716273e-02 -5.245006412918010730e-01 2.012285283308589801e+00
-5.326901999093591744e-01 4.598984300131610248e-02 8.457731471596698913e-01 4.129074753637372197e+01 3.421700514095415979e-02 9.988765282852315464e-01 -3.279922448752835978e-02 5.883728055348277364e-01 -8.463307371058579331e-01 1.149173300384520591e-02 -5.336655811911189540e-01 1.570901993837456434e+00
-5.355298382538081770e-01 5.010971031941672399e-02 8.433004007886826248e-01 4.199426616226692488e+01 3.551886976883295022e-02 9.986910978466252420e-01 -3.682480872745905881e-02 5.552922788340279858e-01 -8.440414095520958337e-01 1.024773617033390184e-02 -5.366086062801338485e-01 1.128914369585772404e+00
-5.327655299121152321e-01 5.174318919748648049e-02 8.447017927189635067e-01 4.272672759510614782e+01 3.518696230681334775e-02 9.986204019736679705e-01 -3.896374139241342432e-02 5.144580940450745876e-01 -8.455527185341196184e-01 8.959893961742732352e-03 -5.338512547748707204e-01 6.671996263364596835e-01
-5.288473287629649189e-01 5.175439339495901264e-02 8.467796558113223071e-01 4.348006079025012838e+01 3.709178051355037364e-02 9.985944628304661563e-01 -3.784977029417357919e-02 4.744668454433217941e-01 -8.475489926139316843e-01 1.137561231042904554e-02 -5.300236423987999546e-01 2.012657463998559770e-01
-5.236188146995404136e-01 5.049667751440701374e-02 8.499665727100146340e-01 4.423362173730056668e+01 3.585484951898350314e-02 9.986632613253269009e-01 -3.721499527345829145e-02 4.311466882449975224e-01 -8.507105706744930718e-01 1.096028572728128744e-02 -5.247292095804982903e-01 -2.475660249140973768e-01
-5.170434543842551411e-01 4.982534660410790905e-02 8.545589101739027305e-01 4.501386756231871544e+01 3.354485515039993399e-02 9.987167058116026563e-01 -3.794994105022986286e-02 3.870681431087670266e-01 -8.553532934625863726e-01 9.041187350886539451e-03 -5.180512774359533612e-01 -7.206651996108216496e-01
-5.090645816765738685e-01 4.897732036872694261e-02 8.591945444340052251e-01 4.581752771148313030e+01 3.144903786926146749e-02 9.987713766830209616e-01 -3.828492236043297414e-02 3.403374317150710815e-01 -8.600144622814555051e-01 7.518955328202578739e-03 -5.099794671828079551e-01 -1.187873155837628314e+00
-5.024999422855546127e-01 4.772059493175911243e-02 8.628607573330400182e-01 4.660981761720609029e+01 2.902963952769391232e-02 9.988436313708626280e-01 -3.830994404471248921e-02 2.952578954131938604e-01 -8.636915601930341690e-01 5.781315139564733446e-03 -5.033040810835990309e-01 -1.635915263707922396e+00
-4.974153644307522937e-01 4.533023862147140398e-02 8.658664174151670112e-01 4.746382753140397881e+01 2.409190712462020226e-02 9.989705757887564763e-01 -3.841478028500824871e-02 2.456848655132629622e-01 -8.667168573407864063e-01 1.735199772198612548e-03 -4.979955027627283037e-01 -2.113913421155282357e+00
-4.961390464685574986e-01 4.211643142605539514e-02 8.670179693362721762e-01 4.828883074574087431e+01 1.914595860929941759e-02 9.991107173340462166e-01 -3.755400953249096729e-02 2.066658555847903367e-01 -8.678286359255870108e-01 -2.041739874799122778e-03 -4.965042986864573460e-01 -2.554446775136818282e+00
-4.975705530619056183e-01 3.902203842091008651e-02 8.668383205639318412e-01 4.917341706053483819e+01 1.647012255479679554e-02 9.992327391288392535e-01 -3.553498480059585907e-02 1.527623668485772745e-01 -8.675598712313916661e-01 -3.402473406785902748e-03 -4.978315445588312738e-01 -3.047972392393489827e+00
-4.976152374459048011e-01 3.813841858581570182e-02 8.661441804724694382e-01 5.004106662931900473e+01 1.487762033307154196e-02 9.992609594349997071e-01 -3.542574263163762727e-02 1.029809129577226867e-01 -8.668555990641659825e-01 -4.772447100320217385e-03 -4.978148718647358306e-01 -3.538973093468553266e+00
-4.990011199114594564e-01 3.756972434838449365e-02 8.656966111779523798e-01 5.092233693486358703e+01 1.485245449618098450e-02 9.992834402457737575e-01 -3.482292614684706633e-02 5.174213807372261831e-02 -8.663847152347650127e-01 -4.517881035334085985e-03 -4.992013006943454845e-01 -4.021764666423131906e+00
-4.975823037120954973e-01 3.616131786269232568e-02 8.662545545962463400e-01 5.182460841230198412e+01 1.444344304336908809e-02 9.993375526436867329e-01 -3.339247073941425253e-02 1.976209574562654003e-03 -8.668884296220039642e-01 -4.115186992652818294e-03 -4.977749401604577573e-01 -4.544214677368064059e+00
-4.975776988905382114e-01 3.720149197472531061e-02 8.663125455883757819e-01 5.273078775019558151e+01 1.520130775508663282e-02 9.993001491788620072e-01 -3.416877412792305307e-02 -4.726887153183140927e-02 -8.669777703347822939e-01 -3.852967885467652003e-03 -4.977947724185270983e-01 -5.059083803366128507e+00
-4.989643429846634670e-01 3.612317669644740659e-02 8.659992498930751958e-01 5.363652431893987682e+01 1.484656845856097487e-02 9.993405156329130401e-01 -3.314923036916742061e-02 -9.840627369059315455e-02 -8.666252668613204646e-01 -3.665234342200208561e-03 -4.991715329750165964e-01 -5.566369113067329621e+00
-4.976325727269867438e-01 3.545227009448128491e-02 8.668299870821126740e-01 5.457589740458872285e+01 1.279250309635148429e-02 9.993556538664449818e-01 -3.353694032669070346e-02 -1.499018857178479325e-01 -8.674603952431949594e-01 -5.597520958656246326e-03 -4.977655115403067376e-01 -6.076363849685334273e+00
-4.976031236877297981e-01 3.427260657527317345e-02 8.663121929795281062e-01 5.548485709327046322e+01 1.279898780480379951e-02 9.994000969633339837e-01 -3.216547531550423278e-02 -2.010778163179361977e-01 -8.668954534359605280e-01 -4.944815999084578931e-03 -4.977431123728179307e-01 -6.581676742888179277e+00
-4.976374214597111267e-01 3.330112083435180642e-02 8.670838560182348997e-01 5.640570148436954412e+01 1.134157680072202246e-02 9.994275829474791317e-01 -3.187958752084765063e-02 -2.590088994462559358e-01 -8.676486557282008238e-01 -6.005732209007542781e-03 -4.977305189344385372e-01 -7.095690198878947363e+00
-4.962299899531406044e-01 3.125646065062188256e-02 8.680949310738784730e-01 5.731609403986384876e+01 1.031262670464291702e-02 9.994937129159668920e-01 -3.010536554713794111e-02 -3.106457454980568467e-01 -8.685961954440490906e-01 -5.966634136699383757e-03 -4.963011553950009702e-01 -7.604615859869590544e+00
-4.947712313209000068e-01 2.885828726140121647e-02 8.690946123456187999e-01 5.823531075688268999e+01 1.044116931043247674e-02 9.995741061450426068e-01 -2.725784105585107864e-02 -3.672902411190708261e-01 -8.695105941683535233e-01 -4.383860840561074577e-03 -4.948621015754701702e-01 -8.105386411310210093e+00
-4.908963348879329947e-01 2.787153652024312867e-02 8.711205074237619028e-01 5.914752778412459122e+01 1.152272009901388061e-02 9.996083890353096857e-01 -2.550529401769487114e-02 -4.117514384014274165e-01 -8.714901277939322011e-01 -2.473946881715205492e-03 -4.910251804729839908e-01 -8.610885061164861298e+00
-4.870840874746058535e-01 2.711437941838612531e-02 8.727068169330269853e-01 6.005052628723198893e+01 1.113004240897074240e-02 9.996292398135360191e-01 -2.484962802153702077e-02 -4.618089271522268779e-01 -8.730573000184895793e-01 -2.400553149169346728e-03 -4.872051316823444167e-01 -9.109492617899414668e+00
-4.856792893822924340e-01 2.619822105407751747e-02 8.735799674465724030e-01 6.099243390596235770e+01 1.086603618893682531e-02 9.996542803957638723e-01 -2.394145718198167905e-02 -5.151071185364322069e-01 -8.739052818700632219e-01 -2.147321857163587283e-03 -4.857959713239115018e-01 -9.615185355785818899e+00
-4.828938230394322351e-01 2.698181391952736083e-02 8.753331290493270300e-01 6.188559836844051887e+01 1.102561404512478367e-02 9.996333157408433534e-01 -2.472691473457249919e-02 -5.608986398433348786e-01 -8.756795907863286210e-01 -2.302354154550797453e-03 -4.830142310131786965e-01 -1.009974063191280891e+01
-4.843460862359197927e-01 2.837140330196010266e-02 8.744719133550373780e-01 6.278705414281488828e+01 1.022372569764253870e-02 9.995895511103034536e-01 -2.676179028251570932e-02 -6.088995102744680921e-01 -8.748720524956249411e-01 -4.015514688212396335e-03 -4.844374896756379889e-01 -1.058530864082560718e+01
-4.872194624161318433e-01 3.001950291916658312e-02 8.729853543900961688e-01 6.369356227348301758e+01 9.104343704114096006e-03 9.995295252876600367e-01 -2.930196173204743099e-02 -6.622149141783103543e-01 -8.734537192172041609e-01 -6.303448764770983211e-03 -4.872638037067179018e-01 -1.109423576924080379e+01
-4.897214371283247769e-01 3.113177065812465158e-02 8.713384188277655262e-01 6.458241565054100874e+01 7.662409069630967892e-03 9.994772646581864262e-01 -3.139941860636235454e-02 -7.122274808301845006e-01 -8.718605927087806906e-01 -8.714534192669770238e-03 -4.897040501670380519e-01 -1.159731689070875760e+01
-4.962800447024679484e-01 2.826722731211579395e-02 8.677342226121562696e-01 6.547680077659049402e+01 7.280047014524945043e-03 9.995703539965915541e-01 -2.838968744232828884e-02 -7.558489028733049730e-01 -8.681638405289137106e-01 -7.769354056083655098e-03 -4.962725776275586642e-01 -1.209549659980140035e+01
-4.999186521949360307e-01 2.548130410696695589e-02 8.655366060881611867e-01 6.636379688966260915e+01 1.062074765032153256e-02 9.996722171569638604e-01 -2.328465149179241231e-02 -8.117335704421704268e-01 -8.658465581652396992e-01 -2.451864551185434313e-03 -5.000255707584603249e-01 -1.261388328270220605e+01
-5.066357700567275524e-01 2.360376095035625690e-02 8.623756958140450513e-01 6.724234113206888708e+01 7.005860893474430764e-03 9.997050926747831356e-01 -2.324683732891784371e-02 -8.624147065661541545e-01 -8.626702684257026021e-01 -5.726096087742134702e-03 -5.066519694648268235e-01 -1.310123271520945565e+01
-5.108307196098034186e-01 2.587348397956034177e-02 8.593190652863134105e-01 6.811969294081788462e+01 8.509365660437353748e-03 9.996500422730656421e-01 -2.505776649197860584e-02 -9.125825677010545034e-01 -8.596666282647524859e-01 -5.464590006924507914e-03 -5.108722067651298993e-01 -1.360655894913008090e+01
-5.147183294197992254e-01 2.794609763212371756e-02 8.568280173470413930e-01 6.898544602186615293e+01 8.315941683720727909e-03 9.995842721899728112e-01 -2.760192583351639070e-02 -9.568660503235713044e-01 -8.572434556347576784e-01 -7.078299800795876361e-03 -5.147369297086502593e-01 -1.412141060259170011e+01
-5.214526379482713470e-01 2.830339191332985685e-02 8.524825806654433569e-01 6.983620544236691785e+01 6.363325170171540458e-03 9.995506634812474367e-01 -2.928353366290201848e-02 -1.007303567086093921e+00 -8.529288039215396910e-01 -9.855889693304900959e-03 -5.213984157765065852e-01 -1.462488942186655549e+01
-5.242769267654635579e-01 2.831071642542012934e-02 8.509688798996120074e-01 7.069736169476132659e+01 5.959624245913052246e-03 9.995443206972322026e-01 -2.959562323449784621e-02 -1.053229266218892679e+00 -8.514192549022765455e-01 -1.044374864151724480e-02 -5.242066815942746372e-01 -1.514117279041113839e+01
-5.281049366228511843e-01 2.764198619605647000e-02 8.491733257298464954e-01 7.153629070614374541e+01 5.934242698982755519e-03 9.995662033193370988e-01 -2.885483959640962326e-02 -1.108367611294997612e+00 -8.496024024431798605e-01 -1.017171442518872981e-02 -5.280401412844986098e-01 -1.564208961197705960e+01
-5.306953680534685081e-01 2.095492522707366120e-02 8.474335211251992073e-01 7.236978487402728888e+01 7.745245095235020819e-03 9.997723813482086719e-01 -1.988223684783448422e-02 -1.151414754734560342e+00 -8.476573020792920188e-01 -3.972106438186604610e-03 -5.307370646405653591e-01 -1.616118360795354647e+01
-5.316253411584026534e-01 1.103148234416795673e-02 8.472510701233030295e-01 7.320594061612685266e+01 7.180565098491488267e-03 9.999379586581484958e-01 -8.513270459022120526e-03 -1.192090523942523905e+00 -8.472926014754704749e-01 1.556442614283846775e-03 -5.316716396402486611e-01 -1.670121596832789734e+01
-5.344230854036614575e-01 8.379327207846861900e-03 8.453606092706749120e-01 7.403773440741402112e+01 6.868047902024151941e-03 9.999609160573212918e-01 -5.568111299088828944e-03 -1.220687798597434925e+00 -8.453743316261710383e-01 2.829783039901223162e-03 -5.344596350817605312e-01 -1.721925592157497320e+01
-5.344351690017603573e-01 1.445470194278406992e-02 8.452493843204585966e-01 7.486518552375902402e+01 8.352183513907766171e-03 9.998953112430676304e-01 -1.182109738323540091e-02 -1.251275646694260724e+00 -8.453317863402451948e-01 7.512818133675137683e-04 -5.344999638660631325e-01 -1.774554780060750758e+01
-5.359096775716587491e-01 1.976169512857614899e-02 8.435033744530849864e-01 7.567032276160421134e+01 8.356422659797278080e-03 9.998010792567564309e-01 -1.810316005850943696e-02 -1.290951021787735131e+00 -8.436933996239706079e-01 -2.664286593909527545e-03 -5.359681395658045799e-01 -1.825895603609339091e+01
-5.371964384644700718e-01 2.380710717631009249e-02 8.432044906285715014e-01 7.649211640228440956e+01 1.407850732330191354e-02 9.997153396540132686e-01 -1.927384489999259959e-02 -1.329273428496506648e+00 -8.434233195022635687e-01 1.527859170241858706e-03 -5.373786991441025229e-01 -1.878946622261780774e+01
-5.357051966033714585e-01 2.421343003425469390e-02 8.439284207594004439e-01 7.731701144910805112e+01 1.726587084938667471e-02 9.996938413617052488e-01 -1.772443065417869668e-02 -1.370174288047233180e+00 -8.440992440907174599e-01 5.082553826815455582e-03 -5.359592267666954957e-01 -1.931336200502447653e+01
-5.342872985765438898e-01 2.236740030858870229e-02 8.445350480742955801e-01 7.813927870968322509e+01 1.706551079934332318e-02 9.997314121708871237e-01 -1.566839306741995078e-02 -1.407275006660146488e+00 -8.446590457101236238e-01 6.028463785431560466e-03 -5.345254796565075406e-01 -1.983144319054584770e+01
-5.356975223111539730e-01 1.649247543444224556e-02 8.436520017275479510e-01 7.895644770116790312e+01 1.493972986463997822e-02 9.998378539880581339e-01 -1.005347232401133419e-02 -1.428560406870019506e+00 -8.436811280821423509e-01 7.221314879962449640e-03 -5.358571171078122530e-01 -2.034227884745508774e+01
-5.329146600503897879e-01 9.728388017034595228e-03 8.458025843380093667e-01 7.978103032439499032e+01 1.255252322574182226e-02 9.999149084615451821e-01 -3.586252782520144445e-03 -1.454208386009540943e+00 -8.457653280265857720e-01 8.705937615606324995e-03 -5.329912328510052477e-01 -2.085892622374170458e+01
-5.344580652688163402e-01 4.180706769230615148e-03 8.454997874188342477e-01 8.060027436821303581e+01 4.248120768897449377e-03 9.999884688570361835e-01 -2.254005286156117362e-03 -1.483354584316017188e+00 -8.454994526795263088e-01 2.392440558705120381e-03 -5.344695529679501789e-01 -2.134611052687748511e+01
-5.318052135359596644e-01 -2.118225113930132311e-03 8.471334734177270454e-01 8.142452870846366864e+01 -4.599168144862947859e-03 9.999893989242566450e-01 -3.801805761249267730e-04 -1.498634114162817221e+00 -8.471235345779203341e-01 -4.100763351461023803e-03 -5.318092826630772540e-01 -2.184062711524592615e+01
-5.293023319516141356e-01 -2.851230422320526810e-03 8.480772992225993345e-01 8.224084833865482835e+01 -1.876533781343369886e-03 9.999958842002418802e-01 2.184406756931088836e-03 -1.523247495034146137e+00 -8.480800292483980929e-01 -4.316166970399667709e-04 -5.293054220606395743e-01 -2.234685390268974103e+01
-5.278038611796248558e-01 2.451328261143352616e-03 8.496575137029011016e-01 8.304634236671066105e+01 3.973674446807144191e-03 9.999920391521497365e-01 -4.141850001673627255e-04 -1.547587457312994186e+00 -8.496516363565582708e-01 3.162659551670856523e-03 -5.278094443375762612e-01 -2.284391251758325581e+01
-5.211506235316993862e-01 4.941888853376468632e-03 8.531586573372362814e-01 8.386059775498516444e+01 4.704224150232377659e-03 9.999847438822511148e-01 -2.918689332676911111e-03 -1.559456176550842343e+00 -8.531599209384831406e-01 2.492350046084072703e-03 -5.211659351164817933e-01 -2.335180721905927470e+01
-5.130239235407371146e-01 7.240087798408702084e-03 8.588346244824430764e-01 8.467919852633399103e+01 9.691377679857390154e-03 9.999495845610271161e-01 -2.642598390411396696e-03 -1.585314932165110324e+00 -8.588106214162583019e-01 6.965527695045449150e-03 -5.130680794048421145e-01 -2.383782045798400517e+01
-5.048751954107619788e-01 1.037802637948016110e-02 8.630367325957443159e-01 8.548396642912881305e+01 1.748573611539662107e-02 9.998456118923342295e-01 -1.789690753726072689e-03 -1.604252298166860768e+00 -8.629220435358211372e-01 1.418713737684393177e-02 -5.049785727811632041e-01 -2.430798344130718291e+01
-4.944585640328573173e-01 9.085254507837271440e-03 8.689616058676379318e-01 8.631491201816086800e+01 1.602055632161896934e-02 9.998707392030982133e-01 -1.334280290121825190e-03 -1.635959358350036030e+00 -8.688614541827555104e-01 1.326192600879821069e-02 -4.945402283585648151e-01 -2.478691330316288699e+01
-4.854777070648574333e-01 7.190063230307124943e-03 8.743886500442021870e-01 8.714326074017687063e+01 1.341905188229714288e-02 9.999097185718561764e-01 -7.740274338688733855e-04 -1.649841881419137124e+00 -8.743151880681615529e-01 1.135768374453516652e-02 -4.855303749065043584e-01 -2.522135597791190165e+01
-4.723100725686056878e-01 3.516974597316196473e-03 8.813928762328975264e-01 8.798214686230939208e+01 1.353602975783533766e-02 9.999030916859128482e-01 3.261677246054417445e-03 -1.668841229341731403e+00 -8.812960435999865894e-01 1.347124530587717230e-02 -4.723119164599889896e-01 -2.567597852679797654e+01
-4.619567066109512843e-01 2.438311606012257167e-03 8.871253019667808548e-01 8.882308487649930839e+01 1.264239157026962948e-02 9.999127527608753230e-01 3.835104602271011912e-03 -1.683273931528057821e+00 -8.870387149339833410e-01 1.298407165945436939e-02 -4.619471898533846765e-01 -2.609531994456707338e+01
-4.492216426712653532e-01 2.018485641520904091e-03 8.929705897355643129e-01 8.966552593268582427e+01 1.342127317770037617e-02 9.998998137200384440e-01 4.495125986435980631e-03 -1.689395292543947713e+00 -8.928720876743476698e-01 1.401041365282789698e-02 -4.492036773067838995e-01 -2.651162473999837133e+01
-4.374903603519705308e-01 2.268344873796253065e-03 8.995141741130489033e-01 9.051885916297409551e+01 1.724327284419621686e-02 9.998342744853884190e-01 5.860163986253709607e-03 -1.710986680102630553e+00 -8.993517577559049236e-01 1.806951750603261880e-02 -4.374569841445568041e-01 -2.692727067011835373e+01
