1.0 0.0 0.0 0.0 0.0 1.0 0.0 0.0 0.0 0.0 1.0 0.0
0.99983895 0.017951202 -0.00022747074 0.12231445 -0.017949168 0.99981445 0.007011424 -0.024414062 0.00035321745 -0.007006213 0.9999754 -0.036254883
0.9992605 0.038438223 -0.00050185516 0.2730713 -0.038433574 0.9992345 0.0072564343 -0.016357422 0.00078040676 -0.007231773 0.99997354 0.00024414062
0.9979343 0.06424053 0.0011818474 0.41687012 -0.06424789 0.9979031 0.0079109 -0.03527832 -0.00067115686 -0.007970461 0.999968 0.0025634766
0.99508506 0.098968074 0.003695033 0.6074219 -0.09899456 0.99505836 0.007846111 -0.09069824 -0.002900098 -0.008173271 0.9999624 -0.0034179688
0.9909376 0.13418518 0.0056944536 0.8218994 -0.13421236 0.99093914 0.004693723 -0.13781738 -0.0050129797 -0.0054157367 0.99997276 0.007080078
0.984567 0.17486452 0.0073754275 0.98742676 -0.17487596 0.98459214 0.000932563 -0.21130371 -0.0070987074 -0.0022078538 0.99997234 -0.0024414062
0.97591585 0.21798183 0.008986923 1.1988525 -0.21800603 0.9759502 0.0017960262 -0.28393555 -0.008379373 -0.0037117433 0.999958 0.0010986328
0.9639702 0.2656838 0.011995514 1.4246826 -0.26572463 0.9640317 0.0019179103 -0.3753662 -0.011054565 -0.0050371843 0.9999262 -0.013549805
0.9498016 0.3122483 0.019012766 1.6644287 -0.31227237 0.9499823 -0.0017660212 -0.4781494 -0.018613262 -0.0042592688 0.9998177 -0.017333984
0.9328125 0.35956323 0.0250552 1.8880615 -0.35938135 0.93314713 -0.011573898 -0.6002197 -0.02754109 0.0017948891 0.9996191 -0.0078125
0.91145086 0.41041276 0.02836902 2.1228027 -0.41008252 0.91188467 -0.016881369 -0.74401855 -0.032798577 0.0037511801 0.99945486 -0.0030517578
0.8857312 0.4630901 0.031222193 2.3808594 -0.4627091 0.88627875 -0.018921172 -0.91381836 -0.036434587 0.0023055058 0.999333 -0.010620117
0.8573444 0.51348996 0.03532634 2.600586 -0.5130733 0.85807216 -0.020689521 -1.085083 -0.04093424 -0.000392925 0.99916136 -0.03137207
0.82554805 0.5630463 0.037899815 2.8424072 -0.5624326 0.8264173 -0.026279455 -1.2946777 -0.04612072 0.00037886016 0.9989359 -0.036376953
0.788595 0.61364216 0.03803194 3.0819092 -0.61278456 0.7895078 -0.032511678 -1.5123291 -0.049984824 0.002332706 0.9987476 -0.04345703
0.7512377 0.6589548 0.037893724 3.305664 -0.6579307 0.75218713 -0.03682567 -1.7609863 -0.05277234 0.0027423277 0.99860346 -0.05883789
0.7109703 0.7022159 0.035378933 3.52771 -0.70108163 0.7118406 -0.040068224 -2.0438232 -0.053325087 0.0036781896 0.9985703 -0.072631836
0.6699542 0.741556 0.035817616 3.7573242 -0.7403692 0.6709092 -0.041969605 -2.3322754 -0.05514959 0.0015987828 0.9984767 -0.09118652
0.6281102 0.7773109 0.037941005 3.981079 -0.77620184 0.6292461 -0.041629016 -2.6625977 -0.05623509 -0.0032956172 0.9984125 -0.12158203
0.5848644 0.8100838 0.039967068 4.208618 -0.80896115 0.5861857 -0.04322579 -2.9958496 -0.05843965 -0.0070463307 0.99826616 -0.14233398
0.54541814 0.8373236 0.03992409 4.4277344 -0.8361465 0.546808 -0.04523412 -3.383789 -0.059695404 -0.008702956 0.99817866 -0.16467285
0.5070609 0.86107814 0.040723816 4.642212 -0.859852 0.5085738 -0.047246784 -3.7901611 -0.06138435 -0.011056898 0.99805266 -0.18383789
0.46976876 0.8817765 0.041136146 4.8533936 -0.8805859 0.47136587 -0.04782074 -4.210205 -0.06156695 -0.013769304 0.9980079 -0.20910645
0.43334335 0.9005287 0.039973892 5.055786 -0.8994409 0.4349029 -0.046912402 -4.675171 -0.059628136 -0.015621813 0.9980985 -0.23876953
0.39901906 0.9162375 0.036548328 5.2598877 -0.91516155 0.40041694 -0.046776257 -5.1693115 -0.05749853 -0.014789626 0.99823606 -0.26965332
0.36922598 0.9286883 0.032194052 5.4416504 -0.92772484 0.3703814 -0.04438462 -5.6748047 -0.05315448 -0.013481773 0.99849564 -0.29589844
0.34475058 0.9381291 0.028755765 5.6376953 -0.9372027 0.34573948 -0.0433773 -6.2280273 -0.050641593 -0.01199437 0.99864507 -0.32922363
0.32366365 0.9458478 0.027080003 5.821167 -0.94493407 0.32458693 -0.043162093 -6.8045654 -0.049604896 -0.011619415 0.9987011 -0.36364746
0.30909556 0.9506445 0.02548953 6.010498 -0.94975835 0.30994716 -0.042510994 -7.393799 -0.048308805 -0.011067291 0.9987711 -0.39440918
0.29769656 0.95447683 0.024225017 6.2128906 -0.95349395 0.29851726 -0.04441409 -8.020996 -0.049618877 -0.00987021 0.99871963 -0.42138672
0.28674543 0.95771706 0.025248243 6.3988037 -0.95666164 0.28764853 -0.04623121 -8.671387 -0.051553264 -0.01090252 0.99861115 -0.45568848
0.27504155 0.9609401 0.027305992 6.6018066 -0.9598322 0.27608624 -0.047943097 -9.345825 -0.05361022 -0.013015615 0.99847734 -0.49365234
0.2656313 0.96363574 0.028223587 6.7978516 -0.9624084 0.2667731 -0.050529156 -10.046753 -0.056214165 -0.013744527 0.9983238 -0.52893066
0.25498456 0.96635777 0.029471103 6.988159 -0.96507275 0.25623298 -0.052076224 -10.770874 -0.05789196 -0.015158752 0.9982084 -0.5670166
0.24430178 0.9691891 0.02958572 7.18396 -0.9678158 0.2455996 -0.05385915 -11.518066 -0.059457902 -0.015473387 0.99811053 -0.6081543
0.23418427 0.9717396 0.030054955 7.3670654 -0.97028995 0.23555088 -0.055475198 -12.281372 -0.060978092 -0.016171325 0.9980077 -0.64624023
0.22394957 0.9741273 0.030965246 7.548218 -0.9725542 0.22542907 -0.057915453 -13.056519 -0.06341482 -0.017150283 0.99784046 -0.6900635
0.21165481 0.9767825 0.033206854 7.7286377 -0.97505647 0.21336198 -0.061211526 -13.85144 -0.06686748 -0.019425754 0.9975723 -0.74365234
0.19937019 0.97941417 0.03399711 7.9019775 -0.9774084 0.20124649 -0.06578423 -14.656006 -0.07127323 -0.020129874 0.9972534 -0.7825928
0.18765672 0.98161525 0.034678224 8.052002 -0.97946274 0.18965852 -0.068334475 -15.459473 -0.073652335 -0.021129236 0.9970604 -0.82873535
0.17291452 0.9843371 0.03419695 8.201782 -0.9821616 0.17492597 -0.06891614 -16.269287 -0.07381069 -0.021658985 0.997037 -0.87268066
0.15686731 0.9869225 0.03502831 8.333374 -0.98485 0.15895705 -0.06821512 -17.086426 -0.07290882 -0.023771536 0.9970568 -0.92700195
0.14133121 0.9892967 0.03481268 8.458496 -0.98732466 0.14341313 -0.067218505 -17.91101 -0.071495414 -0.024844734 0.99713236 -0.9715576
0.121256605 0.99195266 0.035451643 8.563599 -0.9901294 0.123389445 -0.065949835 -18.741943 -0.06979637 -0.027084256 0.9971941 -1.0209961
0.09566813 0.9946179 0.038883626 8.65332 -0.9930364 0.09804684 -0.0647658 -19.574097 -0.06823505 -0.03240014 0.99714357 -1.0692139
0.065989904 0.996995 0.040790178 8.713257 -0.9955432 0.068549864 -0.064885 -20.424805 -0.06749873 -0.03635284 0.9970571 -1.1184082
0.032608915 0.99863034 0.041408382 8.7491455 -0.9972902 0.03525668 -0.06488886 -21.282837 -0.06624887 -0.039193306 0.9970323 -1.164917
-0.0011453688 0.9991993 0.03999145 8.74939 -0.99797624 0.0014014188 -0.06359588 -22.129272 -0.06357429 -0.039978176 0.9971747 -1.2036133
-0.036667474 0.99856406 0.03946813 8.718506 -0.99741304 -0.034114596 -0.06351342 -22.99585 -0.06209109 -0.041703023 0.99719954 -1.24646
-0.070013404 0.9967711 0.04002475 8.664917 -0.9958273 -0.0674615 -0.06189983 -23.846313 -0.059016854 -0.044193868 0.99727917 -1.2839355
-0.10298788 0.99388224 0.041210726 8.588745 -0.99323857 -0.10047374 -0.059062332 -24.70752 -0.054567028 -0.04697814 0.9974048 -1.3325195
-0.1346034 0.9902159 0.03693478 8.46936 -0.98968405 -0.13249494 -0.054585483 -25.5719 -0.04916318 -0.04390431 0.99782556 -1.3581543
-0.16513261 0.9858078 0.032681298 8.31958 -0.98539096 -0.1634222 -0.049499936 -26.408813 -0.04347261 -0.04036414 0.99823964 -1.3856201
-0.19659103 0.9802148 0.025453199 8.147339 -0.9798287 -0.19538942 -0.043294832 -27.264893 -0.037475236 -0.033451296 0.99873793 -1.4071045
-0.22418416 0.9744057 0.020290326 7.9471436 -0.9740691 -0.22331166 -0.038189337 -28.096558 -0.032669395 -0.02831019 0.9990649 -1.428833
-0.25113845 0.9678045 0.012420126 7.7261963 -0.96747315 -0.25063717 -0.03236372 -28.926147 -0.02820399 -0.020141177 0.9993991 -1.4447021
-0.2784053 0.9606029 0.008176116 7.4798584 -0.96044296 -0.27816772 -0.022489736 -29.75769 -0.019335078 -0.014110567 0.9997136 -1.4493408
-0.30146477 0.95342 0.007899521 7.223877 -0.9534383 -0.3014044 -0.007991783 -30.569336 -0.0052391402 -0.009938948 0.99993676 -1.4483643
-0.32551005 0.94542915 0.012731602 6.9536133 -0.94542515 -0.325635 0.009384386 -31.356934 0.013017401 -0.00898139 0.9998749 -1.4448242
-0.35187182 0.93587625 0.019548163 6.65979 -0.9356507 -0.35226655 0.02294616 -32.152344 0.028371047 -0.010220487 0.9995454 -1.4312744
-0.3754989 0.92665076 0.020217128 6.3532715 -0.9260317 -0.37599778 0.034356553 -32.93506 0.039441124 -0.005820323 0.999205 -1.4003906
-0.39993873 0.91617686 0.019435111 6.018799 -0.91535276 -0.4004041 0.038914643 -33.71521 0.04343115 -0.0022210889 0.9990536 -1.3486328
-0.42000806 0.907253 0.017761255 5.666382 -0.90646625 -0.42038283 0.037775837 -34.49414 0.041726355 -0.00022310327 0.9991287 -1.3094482
-0.44294095 0.89652336 0.012293993 5.2927246 -0.8959124 -0.4430955 0.03330512 -35.260498 0.035287444 0.003740177 0.99936986 -1.2677002
-0.45988524 0.8875275 0.0044508 4.906006 -0.88704205 -0.45978948 0.031132657 -36.012573 0.029685125 0.010388191 0.99950516 -1.2216797
-0.4741074 0.8807173 0.0012059473 4.501587 -0.88024664 -0.47389826 0.032064453 -36.758057 0.028822388 0.014134198 0.999485 -1.1765137
-0.48462334 0.8750529 -0.00035798922 4.093384 -0.87449425 -0.48429927 0.035944477 -37.482178 0.03126599 0.017705351 0.99935424 -1.1444092
-0.4951072 0.86876976 -0.000687534 3.6966553 -0.8681539 -0.49472594 0.03805101 -38.184814 0.032708988 0.019433677 0.9992758 -1.0958252
-0.5029977 0.86394715 0.0070972284 3.2871094 -0.8632152 -0.5028817 0.037832916 -38.898438 0.036246173 0.012912644 0.99925905 -1.0604248
-0.51617384 0.85618466 0.008909153 2.8809814 -0.8555206 -0.5161414 0.035341624 -39.595093 0.03487576 0.010634141 0.9993352 -1.0297852
-0.52429134 0.8513974 0.006797163 2.4456787 -0.85069597 -0.5241562 0.037164107 -40.294678 0.03521769 0.0137136225 0.99928576 -0.9890137
-0.5334611 0.84652054 0.00534211 2.0062256 -0.84577256 -0.5332374 0.039156597 -41.009766 0.03598572 0.016334431 0.99921924 -0.9425049
-0.53636944 0.8442297 0.006593002 1.564209 -0.84330565 -0.5361208 0.043236583 -41.713257 0.04005136 0.017622177 0.99904287 -0.9135742
-0.5335898 0.8457285 0.007877512 1.1005859 -0.84471345 -0.5333673 0.044899635 -42.44458 0.04215993 0.017299427 0.9989607 -0.8763428
-0.52978534 0.84775686 0.0054532452 0.6320801 -0.8467818 -0.52946466 0.04496024 -43.196655 0.04100798 0.01922478 0.9989735 -0.83898926
-0.5244926 0.8509071 0.005857754 0.18041992 -0.8499714 -0.52421635 0.043764133 -43.94873 0.040311344 0.018010259 0.9990242 -0.798584
-0.5177977 0.8555193 0.007769754 -0.29589844 -0.8545736 -0.51761746 0.04317186 -44.72693 0.040961914 0.015721703 0.99903715 -0.7579346
-0.5097142 0.8601546 0.009275741 -0.7668457 -0.8592169 -0.5096154 0.04241516 -45.528564 0.04120358 0.013659189 0.99905694 -0.7147217
-0.5030277 0.863802 0.010997597 -1.2181396 -0.86289114 -0.5030216 0.041231602 -46.319214 0.04115165 0.011268571 0.9990889 -0.6730957
-0.49769247 0.86676246 0.015029475 -1.6988525 -0.8659131 -0.4978783 0.038893875 -47.171875 0.041189224 0.006351758 0.9991305 -0.62731934
-0.4961826 0.86781144 0.018800128 -2.1408691 -0.8670788 -0.49653625 0.03569042 -47.996216 0.040300973 0.0014101467 0.9991862 -0.5917969
-0.49751428 0.8675142 0.020162184 -2.6351318 -0.8669032 -0.49792105 0.032580238 -48.880615 0.03828775 -0.0012723021 0.99926597 -0.5411377
-0.49748948 0.8667885 0.021524737 -3.1273193 -0.86621404 -0.49794576 0.031689234 -49.748047 0.03818112 -0.0028603603 0.9992661 -0.4951172
-0.49888146 0.8663195 0.021274498 -3.610962 -0.8657654 -0.49932674 0.03110678 -50.62903 0.037591018 -0.002892699 0.9992892 -0.44763184
-0.49746716 0.86682385 0.02086442 -4.135254 -0.86632085 -0.4978933 0.02971378 -51.53064 0.03614647 -0.0032912982 0.9993408 -0.40124512
-0.49748358 0.86692023 0.020604765 -4.6514893 -0.8663783 -0.49790323 0.030755041 -52.436157 0.036923606 -0.002535224 0.9993145 -0.35620117
-0.4988682 0.8665669 0.020421414 -5.159668 -0.8660639 -0.4992782 0.02966361 -53.341553 0.03591514 -0.0028972356 0.999351 -0.30871582
-0.49744722 0.86737305 0.022349892 -5.6713867 -0.8669021 -0.49792454 0.029005412 -54.28015 0.036283184 -0.004946488 0.9993293 -0.26159668
-0.49743804 0.8668135 0.021690698 -6.1781006 -0.86638093 -0.49788558 0.027823482 -55.188843 0.034916114 -0.004933944 0.9993775 -0.21398926
-0.4974205 0.8675486 0.022755826 -6.6933594 -0.8671566 -0.49790028 0.02685475 -56.10901 0.034621328 -0.0063959714 0.9993804 -0.16003418
-0.4960031 0.8684898 0.022711748 -7.2041016 -0.86816657 -0.4964681 0.024827667 -57.018677 0.03282825 -0.007416839 0.99943376 -0.111816406
-0.494593 0.8694179 0.021123325 -7.706787 -0.8691587 -0.49499106 0.022449981 -57.937256 0.029964268 -0.007277922 0.99952483 -0.05834961
-0.49078006 0.87142 0.019203149 -8.215088 -0.8711765 -0.49111715 0.021510657 -58.848267 0.028172936 -0.006175245 0.9995841 -0.017333984
-0.48696494 0.87298536 0.019116357 -8.716309 -0.87276214 -0.48729587 0.020794498 -59.750244 0.027479159 -0.0065462906 0.9996008 0.028930664
-0.48556343 0.8738337 0.018859325 -9.223877 -0.8736338 -0.48588163 0.019895615 -60.691406 0.026554529 -0.0068029747 0.9996241 0.07824707
-0.48277566 0.87560785 0.019011898 -9.710693 -0.87538797 -0.48310396 0.020712849 -61.583374 0.027307976 -0.0066337762 0.9996049 0.11975098
-0.48417446 0.8747812 0.02072982 -10.1970215 -0.8745343 -0.4845609 0.02208246 -62.484497 0.029357081 -0.0074453754 0.99954134 0.16296387
-0.48696923 0.873337 0.023026982 -10.706177 -0.87305784 -0.4874384 0.023694202 -63.39087 0.031924866 -0.008582692 0.9994539 0.21142578
-0.48938006 0.8717149 0.025442434 -11.209595 -0.8714209 -0.4899376 0.024771824 -64.27966 0.034048177 -0.010037631 0.99936944 0.25683594
-0.49597415 0.8680232 0.024505522 -11.707031 -0.86781156 -0.49646953 0.02183219 -65.17493 0.031110052 -0.010443984 0.9994614 0.29748535
-0.49979475 0.86577064 0.01918998 -12.22583 -0.865591 -0.5001123 0.019011268 -66.06238 0.026054371 -0.0071095526 0.99963504 0.35131836
-0.5064 0.86254424 0.02247787 -12.712036 -0.8624426 -0.5067847 0.017053377 -66.94165 0.026078219 -0.010757521 0.999602 0.3980713
-0.51060987 0.8595524 0.022223413 -13.217285 -0.8593862 -0.5110098 0.019270226 -67.819336 0.027943539 -0.009271443 0.9995668 0.44384766
-0.51444733 0.8571148 0.023845842 -13.732056 -0.8569026 -0.51491237 0.021292973 -68.68518 0.030531863 -0.009484559 0.9994887 0.48364258
-0.5210796 0.85276484 0.026631925 -14.234375 -0.8525691 -0.5216334 0.021563321 -69.536865 0.03228756 -0.011465903 0.9994126 0.5299072
-0.5238819 0.85124785 0.027225723 -14.750977 -0.8510581 -0.5244543 0.021537127 -70.39795 0.0326292 -0.011883006 0.9993969 0.57214355
-0.5277218 0.84943295 0.026962856 -15.251831 -0.8492612 -0.52827644 0.020826275 -71.23706 0.031927846 -0.01192624 0.9994194 0.62402344
-0.5305174 0.84754986 0.020754928 -15.7717285 -0.8474925 -0.5308273 0.014116613 -72.071045 0.022992032 -0.010108996 0.99968463 0.66674805
-0.5315619 0.84722626 0.015213011 -16.31311 -0.8472828 -0.53167266 0.0041934606 -72.90735 0.011631199 -0.010659202 0.99987555 0.7080078
-0.5343772 0.84531623 0.013937721 -16.831665 -0.8453861 -0.53444636 0.0015087393 -73.73926 0.008719039 -0.010976546 0.9999018 0.7342529
-0.5343633 0.84526646 0.016026657 -17.35913 -0.84528583 -0.5345193 0.00757977 -74.56555 0.0149752665 -0.009503409 0.9998428 0.7595215
-0.53576833 0.84360045 0.01944727 -17.873047 -0.8435562 -0.53603655 0.012858029 -75.37024 0.021279953 -0.009511173 0.99972814 0.7939453
-0.53719825 0.8434013 0.015269621 -18.404663 -0.84324044 -0.537402 0.016898738 -76.19116 0.02247256 -0.0038001048 0.9997404 0.82873535
-0.53581196 0.8441267 0.0117122885 -18.930542 -0.843949 -0.53593975 0.017328028 -77.01514 0.02091419 -0.0006026365 0.99978113 0.86694336
-0.53439784 0.8446929 0.010758556 -19.45044 -0.84455097 -0.5345054 0.015498819 -77.83667 0.018843947 -0.0007917108 0.9998219 0.90148926
-0.5357738 0.8437108 0.009556455 -19.96228 -0.843661 -0.53585106 0.009608473 -78.65381 0.013241679 -0.0029127211 0.9999081 0.9213867
-0.5329598 0.8457915 0.008058234 -20.481323 -0.8458032 -0.5329947 0.0028831998 -79.47742 0.0067348364 -0.0052794036 0.9999635 0.94592285
-0.5344059 0.8454209 0.014368484 -20.968872 -0.8455258 -0.53442645 -0.0026899083 -80.29651 0.0053992034 -0.01359128 0.9998932 0.9720459
-0.531716 0.8469355 0.020844951 -21.46521 -0.84718496 -0.53165174 -0.008967597 -81.11987 0.003478095 -0.022422839 0.9997426 0.9844971
-0.5292526 0.8479393 0.017166488 -21.973877 -0.8481127 -0.52916515 -0.0096680075 -81.93518 0.00089509133 -0.019682057 0.99980587 1.0067139
-0.527763 0.84957767 0.013585465 -22.473022 -0.84967935 -0.5277566 -0.004337328 -82.73901 0.0034823364 -0.013835674 0.9998983 1.0269775
-0.52109915 0.8530854 0.014245426 -22.984497 -0.853184 -0.52112967 -0.0017717925 -83.551025 0.0059168134 -0.0130789485 0.999897 1.03479
-0.5130324 0.8588046 0.009769918 -23.474854 -0.8588421 -0.5130622 0.00063644745 -84.36682 0.0055519035 -0.008063026 0.99995214 1.057373
-0.5049956 0.86302495 0.0025351336 -23.949585 -0.86301625 -0.50500196 0.003880283 -85.16919 0.004627072 -0.00022859173 0.9999894 1.0732422
-0.49455464 0.8689476 0.0034381493 -24.433228 -0.868945 -0.49456382 0.0027080933 -85.99756 0.004053672 -0.0016475186 0.9999904 1.1015625
-0.48553646 0.8743693 0.0053243847 -24.871948 -0.8743791 -0.48554736 0.0009169389 -86.82349 0.0033866102 -0.004210915 0.99998546 1.1118164
-0.4723585 0.8813683 0.0031748319 -25.33252 -0.88137364 -0.472352 -0.0026007611 -87.659546 -0.0007907832 -0.0040257075 0.9999916 1.128418
-0.46199477 0.8871015 0.0036390687 -25.756714 -0.8871076 -0.46198344 -0.0035597454 -88.497925 -0.0014791731 -0.004872076 0.99998707 1.1390381
-0.44926274 0.8929485 0.0025763868 -26.178833 -0.89294934 -0.4492521 -0.0038372406 -89.33765 -0.0022674175 -0.0040272665 0.99998933 1.1413574
-0.43755177 0.8994859 -0.0015060697 -26.600098 -0.8994794 -0.43755433 -0.0034429992 -90.18811 -0.0037543117 -0.00015038066 0.999993 1.1593018
-0.42350823 0.90578175 0.0020114267 -26.999023 -0.9057836 -0.4235091 4.5242952e-05 -91.035645 0.0008932976 -0.0018026393 0.999998 1.1719971
-0.4129869 0.910581 0.0028253063 -27.370117 -0.91053283 -0.41299438 0.009462634 -91.87427 0.009787381 0.0013366288 0.99995124 1.1844482
-0.3990433 0.91671056 0.006040197 -27.746582 -0.91660506 -0.39908895 0.013903146 -92.7218 0.015158142 1.804193e-05 0.9998851 1.2084961
-0.38951164 0.921211 0.006199438 -28.095337 -0.9211583 -0.38955677 0.01000481 -93.57532 0.011630007 -0.0018177965 0.99993074 1.2220459
-0.3763115 0.9266217 0.004273267 -28.448486 -0.9265972 -0.3763332 0.00687384 -94.44568 0.007974153 -0.0013730112 0.9999673 1.2471924
-0.365903 0.93063724 0.007781559 -28.775635 -0.93060106 -0.36596474 0.009093162 -95.30261 0.011307677 -0.003913218 0.9999284 1.2736816
-0.3608373 0.9326319 0.014266981 -29.083496 -0.9326157 -0.3609972 0.01086377 -96.16565 0.015275223 -0.009381581 0.9998392 1.2957764
-0.35252583 0.93541074 0.022864334 -29.403809 -0.9353938 -0.35292387 0.01654004 -97.04004 0.023552764 -0.015552074 0.99960154 1.3187256
-0.34884942 0.93657017 0.027525349 -29.715088 -0.9365876 -0.3493987 0.018465742 -97.91675 0.02692367 -0.019329514 0.9994504 1.3562012
-0.34679946 0.93779534 0.027553156 -30.026367 -0.93781304 -0.3473507 0.018542718 -98.79602 0.026949268 -0.0194221 0.9994485 1.3933105
-0.33946356 0.9402676 0.029775029 -30.335083 -0.9403504 -0.3400631 0.017984776 -99.67688 0.027030652 -0.021894211 0.9993949 1.4313965
-0.33419797 0.9417999 0.031593718 -30.644287 -0.94199777 -0.334782 0.015309874 -100.56262 0.025006866 -0.024644103 0.9993834 1.4626465
-0.32918632 0.9437542 0.028801093 -30.953003 -0.94396377 -0.32962537 0.011991382 -101.42346 0.020806778 -0.023226438 0.9995134 1.4892578
-0.32490954 0.94534004 0.031014575 -31.24585 -0.9457075 -0.32525194 0.006588253 -102.31726 0.016297445 -0.027177528 0.99949765 1.5366211
-0.31832588 0.9475147 0.035930708 -31.523804 -0.9480123 -0.31878108 0.0076085273 -103.18787 0.018644571 -0.031645663 0.99932563 1.5544434
-0.3111258 0.9494692 0.042842157 -31.78955 -0.9502226 -0.31169307 0.007098742 -104.053955 0.02009153 -0.038490593 0.9990568 1.5761719
-0.3051703 0.95152897 0.042972922 -32.066162 -0.95221555 -0.30586895 0.010603089 -104.92786 0.02321358 -0.037683263 0.99902034 1.6141357
-0.29784632 0.95383847 0.040357254 -32.337402 -0.9543178 -0.29864633 0.0153680965 -105.791626 0.026703155 -0.03392499 0.99906737 1.6477051
-0.29133937 0.9558357 0.042029925 -32.59912 -0.9564652 -0.29205847 0.011989419 -106.66577 0.023735961 -0.03671086 0.9990441 1.6760254
-0.28260624 0.9583781 0.042004835 -32.85315 -0.959113 -0.28314137 0.007268492 -107.5238 0.018859915 -0.038244028 0.99909073 1.7216797
-0.27477217 0.9606597 0.04081784 -33.096436 -0.961406 -0.27516043 0.0041086143 -108.41528 0.015169229 -0.03809045 0.99915856 1.751709
-0.26893082 0.9622464 0.04510425 -33.32898 -0.9631054 -0.26952794 0.0076244157 -109.289795 0.019469129 -0.04137755 0.9989538 1.7790527
-0.26239347 0.96394277 0.04524942 -33.566284 -0.96475744 -0.26309696 0.010256097 -110.1604 0.02178292 -0.04094134 0.9989234 1.807251
-0.25432754 0.966017 0.04521871 -33.79065 -0.96680725 -0.25507843 0.011591809 -111.03528 0.02273671 -0.040762894 0.9989097 1.8297119
-0.24722885 0.9678795 0.046044618 -33.999634 -0.96874595 -0.2479222 0.009909619 -111.92224 0.021014482 -0.042138338 0.99889016 1.8664551
-0.23850094 0.9702055 0.042107735 -34.224365 -0.97090435 -0.23913431 0.010633377 -112.81287 0.020378051 -0.03833396 0.9990568 1.8912354
-0.23113096 0.9721151 0.03811716 -34.43506 -0.97264725 -0.23172651 0.011964266 -113.69714 0.020471986 -0.03432312 0.9992015 1.9250488
-0.22403264 0.9738753 0.036900003 -34.649048 -0.97435904 -0.22461772 0.012509859 -114.59375 0.020465596 -0.033153594 0.9992408 1.9610596
-0.21614815 0.97532505 0.04129972 -34.836426 -0.9759941 -0.21677624 0.011325257 -115.4939 0.02001427 -0.037857313 0.99908245 1.9960938
-0.20987129 0.97657514 0.046487354 -35.02173 -0.9775129 -0.2104796 0.008532467 -116.399536 0.01813153 -0.043640535 0.9988823 2.031372
-0.20478821 0.97772217 0.044074662 -35.207886 -0.9785575 -0.20535503 0.008690994 -117.31213 0.017551176 -0.041346386 0.99899054 2.0618896
-0.20059122 0.97883743 0.042106073 -35.39868 -0.9795968 -0.20111644 0.00859309 -118.19165 0.016866744 -0.03950926 0.9990766 2.086792
-0.19483662 0.9800182 0.039526246 -35.58008 -0.980641 -0.19540201 0.010955323 -119.09473 0.018448211 -0.036623385 0.99915886 2.1098633
-0.18761136 0.98151755 0.035080347 -35.777954 -0.98201555 -0.18804538 0.009484157 -119.985596 0.015910156 -0.03267826 0.99933946 2.1323242
-0.18341434 0.9827172 0.027593262 -35.95166 -0.98302263 -0.18368863 0.0077435933 -120.87329 0.012666008 -0.025698084 0.9995895 2.1671143
-0.1790552 0.9835493 0.02385525 -36.117676 -0.9837806 -0.17925489 0.006501698 -121.78259 0.010665344 -0.022304459 0.99969435 2.1906738
-0.17339742 0.9844792 0.025527816 -36.264404 -0.9847194 -0.1736752 0.009079012 -122.66321 0.013376129 -0.023565102 0.99963284 2.2056885
-0.17057778 0.98499507 0.027986215 -36.41565 -0.98526764 -0.17093955 0.011076924 -123.545044 0.015689027 -0.025685335 0.99954695 2.2269287
-0.16777742 0.98540056 0.029382141 -36.555542 -0.98572576 -0.16813457 0.010126585 -124.43579 0.014913339 -0.027268238 0.99951696 2.246704
-0.16713345 0.9855239 0.029823272 -36.70459 -0.9858745 -0.16747105 0.00919078 -125.316895 0.014042691 -0.027846774 0.9995132 2.27771
-0.16715121 0.98561364 0.026428191 -36.850952 -0.9859277 -0.16732597 0.0045416 -126.2052 0.008885178 -0.025296869 0.9996405 2.2980957
-0.16506937 0.98585534 0.027813006 -36.99402 -0.98623955 -0.16511737 -0.00057998253 -127.08252 0.004028734 -0.027530758 0.99961275 2.317627
-0.16443779 0.9860455 0.026484404 -37.134277 -0.9864004 -0.16440761 -0.0033416788 -127.95996 0.001064 -0.026653226 0.9996438 2.3354492
-0.16287912 0.986208 0.02688836 -37.275024 -0.98655933 -0.16296841 0.0011423924 -128.81934 0.005524886 -0.026342401 0.9996375 2.3464355
-0.162184 0.9864838 0.026857575 -37.415527 -0.9868092 -0.16236292 0.004618831 -129.68896 0.008903751 -0.025752656 0.9996287 2.3677979
-0.16222166 0.986352 0.030322142 -37.55066 -0.98677546 -0.16242266 0.004280441 -130.55005 0.009128995 -0.02922135 0.99953127 2.3807373
-0.16223599 0.986362 0.031118784 -37.68628 -0.98681325 -0.16243137 0.0038416462 -131.42041 0.008842359 -0.030085267 0.99950826 2.3951416
-0.16068184 0.986624 0.026248539 -37.832397 -0.9869372 -0.16084634 0.004265732 -132.2688 0.008429444 -0.025224827 0.99964625 2.4152832
-0.1600211 0.9867414 0.027754257 -37.964233 -0.98707527 -0.16024938 0.006191028 -133.13367 0.010556464 -0.02640123 0.9995956 2.437378
-0.1600772 0.9865298 0.036317684 -38.088257 -0.98709434 -0.16048563 0.008614318 -133.98865 0.014315813 -0.034477863 0.9993033 2.4475098
-0.15867843 0.986252 0.043712378 -38.20996 -0.987106 -0.1591791 0.00818941 -134.8606 0.0150538385 -0.041856408 0.99901 2.4785156
-0.16008604 0.9862161 0.042631574 -38.336792 -0.9869347 -0.16077709 0.013301773 -135.69495 0.019949788 -0.039943457 0.99900305 2.494873
-0.15856731 0.9864841 0.03953854 -38.47534 -0.9871058 -0.15915774 0.012229274 -136.58447 0.01837618 -0.037097305 0.99914277 2.5360107
-0.15725352 0.9867073 0.040317133 -38.59546 -0.98733556 -0.15790237 0.013416475 -137.37964 0.019614995 -0.03767753 0.9990969 2.5524902
-0.15503752 0.9872935 0.03328738 -38.73462 -0.98767465 -0.15556455 0.013850822 -138.26172 0.018863855 -0.030735914 0.99934965 2.5806885
-0.15285765 0.9879086 0.025248993 -38.86621 -0.98811585 -0.15318048 0.011373833 -139.08813 0.015110251 -0.023215823 0.99961644 2.60437
-0.15008546 0.9883208 0.022779765 -39.00183 -0.988544 -0.15024556 0.0054731593 -139.93164 0.008843628 -0.021697398 0.99972546 2.631836
-0.14790668 0.9888406 0.01668379 -39.125122 -0.98895 -0.14801502 0.005453555 -140.75195 0.007863266 -0.01569175 0.999846 2.651245
-0.14231192 0.98959285 0.018181397 -39.236084 -0.9896924 -0.14249265 0.009058045 -141.57642 0.011554352 -0.016706642 0.9997937 2.6829834
-0.13524316 0.99062616 0.0175178 -39.352905 -0.9906529 -0.13548899 0.013689408 -142.4154 0.015940938 -0.015510369 0.9997528 2.6953125
-0.12561548 0.9919975 0.014371786 -39.466675 -0.991958 -0.12583041 0.015188358 -143.27405 0.016872196 -0.012348741 0.99978137 2.6973877
-0.116485834 0.993094 0.01344288 -39.558716 -0.99310696 -0.11663557 0.0109467 -144.08032 0.012438577 -0.012071669 0.9998498 2.723877
-0.10528495 0.9944164 0.00697434 -39.647095 -0.9944082 -0.10533583 0.007381224 -144.87866 0.008077731 -0.006159964 0.99994844 2.7548828
-0.09157384 0.99581957 0.0034563914 -39.730103 -0.9958024 -0.09159494 0.006509957 -145.76392 0.006798121 -0.0028449707 0.9999728 2.7890625
-0.07776951 0.9970113 0.0046015894 -39.785645 -0.99697495 -0.0778097 0.009335134 -146.4851 0.009662405 -0.0038637202 0.9999459 2.807373
-0.06261791 0.99801403 -0.0004345337 -39.840454 -0.99798584 -0.062612906 0.0075669144 -147.32092 0.007526187 0.0009087473 0.99997133 2.8260498
-0.04903354 0.9987611 -0.005718342 -39.877563 -0.9987201 -0.04896845 0.010999833 -148.06555 0.010708189 0.006252584 0.99992317 2.8347168
-0.03546298 0.9993599 0.0009538848 -39.900757 -0.9992319 -0.035473704 0.01599522 -148.89355 0.016020942 -0.00038413145 0.9998716 2.8582764
-0.022021899 0.99971974 0.007603372 -39.901733 -0.9993846 -0.022218466 0.02681569 -149.65137 0.02697803 -0.00700435 0.99961144 2.8706055
-0.008634089 0.9998584 0.01452889 -39.8916 -0.9993491 -0.009137154 0.034934632 -150.45593 0.03505724 -0.014220414 0.99928415 2.8988037
