1.000000000000000000e+00 -3.306050084167601550e-19 -2.270457535318767223e-19 -8.673617379884035472e-19 7.546676715296109287e-19 1.000000000000000000e+00 6.237773588823049983e-19 1.387778780781445676e-17 -3.447385680526250622e-20 4.770700176052009879e-20 1.000000000000000222e+00 5.551115123125782702e-17
9.996041927754893974e-01 -3.704471955445501775e-03 2.788456466634226319e-02 -8.367812286669584765e-02 3.611792653479209067e-03 9.999877855182000008e-01 3.373581318763973179e-03 -3.819198330099859984e-02 -2.789672077101384637e-02 -3.271517952711169332e-03 9.996053259551208603e-01 6.193511414712432606e-02
9.997949237858702043e-01 -4.623107092943599429e-03 1.971197223704324389e-02 3.327067698831111947e-02 4.565127617914718945e-03 9.999851164132457226e-01 2.984327046504573790e-03 -1.195274843987695346e-02 -1.972547489556987846e-02 -2.893727219499161920e-03 9.998011775666925116e-01 5.909151025474161933e-01
9.997436225695950363e-01 -7.623246631879588772e-03 2.132408661297281044e-02 3.573348997192615784e-02 7.582272418351771771e-03 9.999692588356792200e-01 2.002807312128735296e-03 -2.153104894554076776e-02 -2.133869479832142119e-02 -1.840617395443758589e-03 9.997707039523920924e-01 8.492250815459106983e-01
9.997625186925900298e-01 -9.444886053820622865e-03 1.964530658060695614e-02 3.047403575612313981e-02 9.435687722951497172e-03 9.999553171326349688e-01 5.609133671424330067e-04 -3.376390217444287523e-02 -1.964973056336383195e-02 -3.754454885839485483e-04 9.998069959466260315e-01 1.161775205954053813e+00
9.998608191303642867e-01 -1.084254752822504803e-02 1.267299499372794187e-02 3.438318638539902133e-02 1.085160818225641872e-02 9.999409251948990773e-01 -6.459839931476246168e-04 -2.040412772678254494e-02 -1.266524226662139353e-02 7.834732549762744944e-04 9.999194251464776917e-01 1.498099375498160191e+00
9.999116152375945310e-01 -1.328830337106259168e-02 3.961321070866368615e-04 3.478192686306426362e-02 1.328922458597783275e-02 9.999087590789276225e-01 -2.417562003369888839e-03 -3.495396953445130406e-02 -3.639628810910630207e-04 2.422613924030907889e-03 9.999969970518863827e-01 1.819763089510205489e+00
9.998121223395375345e-01 -1.247909331943703772e-02 -1.483111033990677785e-02 1.186494121857392149e-02 1.244234424648234250e-02 9.999193091091284069e-01 -2.568036322285143121e-03 -4.732122523833248717e-02 1.486194577305395732e-02 2.383029688720908045e-03 9.998866815922584639e-01 2.140124999771771286e+00
9.994363559989023482e-01 -8.625940739495224080e-03 -3.243436788657014930e-02 -2.391648233838789689e-02 8.536922265251795094e-03 9.999594250653730532e-01 -2.880943432637958403e-03 -4.944665183667007469e-02 3.245791458022689868e-02 2.602319114226178069e-03 9.994694657084910450e-01 2.486094067259937201e+00
9.985072214280203973e-01 -4.538161989510547910e-03 -5.442990074078089130e-02 -6.384978849941172485e-02 4.327299354602199763e-03 9.999826781159418809e-01 -3.990291002057570237e-03 -5.139340515747468918e-02 5.444707141385676102e-02 3.748806678497472976e-03 9.985095430333998934e-01 2.841612581080865230e+00
9.973552356110764183e-01 -4.405765343430555550e-03 -7.254339168340190325e-02 -1.127186939678770095e-01 4.114603266158567939e-03 9.999828756384109285e-01 -4.162239685998382101e-03 -5.821832908105036009e-02 7.256049030904583585e-02 3.852700875980333544e-03 9.973563005051211405e-01 3.203022911383298865e+00
9.957019609820439987e-01 -5.398081976202036628e-03 -9.247760033723692596e-02 -1.654892724534774984e-01 5.059208640294620210e-03 9.999796243987046918e-01 -3.898132165029113104e-03 -6.570042856359585570e-02 9.249676661585110038e-02 3.413645610109856607e-03 9.957089409139598946e-01 3.579851247301886641e+00
9.935873964124797286e-01 -6.898610713153097672e-03 -1.128696540914705393e-01 -2.243318440087921639e-01 6.624688639803463786e-03 9.999741192556299563e-01 -2.802045035165824649e-03 -7.363768496298317423e-02 1.128860755304844921e-01 2.036540187175954301e-03 9.936073924510923083e-01 3.964258209642827158e+00
9.914324967718216586e-01 -5.387794276851522179e-03 -1.305402772240818743e-01 -2.997093664682383141e-01 5.120884460651526499e-03 9.999840478235518804e-01 -2.380874792349721696e-03 -7.502434468019919533e-02 1.305510290643788485e-01 1.692187196047128563e-03 9.914442590087527707e-01 4.358972676906827992e+00
9.893438029166295999e-01 -4.553266635872346355e-03 -1.455249532037916904e-01 -3.771476030513993272e-01 4.416678254746473319e-03 9.999894512027933668e-01 -1.262422133406776534e-03 -8.421591706729436577e-02 1.455291780800840873e-01 6.061190730066136822e-04 9.893534362110828484e-01 4.773606482304289855e+00
9.871796142107263083e-01 -4.041487993837552910e-03 -1.595576963410861304e-01 -4.622355451658169412e-01 3.840581911295551203e-03 9.999914175386003246e-01 -1.566574514257049969e-03 -9.313901351901911208e-02 1.595626721156716277e-01 9.338500924699256632e-04 9.871866328357871145e-01 5.196483084917658424e+00
9.851826696284032847e-01 -5.626534308972354521e-03 -1.713939321994621123e-01 -5.560357640544028035e-01 5.191185392571879588e-03 9.999820597397525157e-01 -2.988920617098412245e-03 -1.001535462085330480e-01 1.714076751605564941e-01 2.054969917387488264e-03 9.851941788082665408e-01 5.638018247053888210e+00
9.833231088816822840e-01 -8.128939303007757730e-03 -1.816966294225576262e-01 -6.397926715970361222e-01 7.488455891368175216e-03 9.999631115369183032e-01 -4.210777066304721879e-03 -1.118418465656266514e-01 1.817241729682211038e-01 2.779909628991523909e-03 9.833476954825837169e-01 6.083947490582211515e+00
9.822334542802544366e-01 -7.004756577773707353e-03 -1.875284890281559147e-01 -7.339816583728789867e-01 5.979375881728391136e-03 9.999639360165112345e-01 -6.033758924116606331e-03 -1.182704517124797960e-01 1.875640083626828047e-01 4.805157945216614185e-03 9.822399156305112733e-01 6.547788822168858047e+00
9.805101690319122376e-01 -7.433628581122080428e-03 -1.963507302418765199e-01 -8.420032154619343512e-01 5.996426244122532966e-03 9.999506949999285021e-01 -7.914193815486978215e-03 -1.242116971009130516e-01 1.963999147487726638e-01 6.582410135011376555e-03 9.805064382905472886e-01 7.025313259637136376e+00
9.790956742813522462e-01 -7.772575696415219212e-03 -2.033010927500243925e-01 -9.507644399865131657e-01 5.719565417155529977e-03 9.999265220292030687e-01 -1.068473107569978264e-02 -1.324452873891772131e-01 2.033692411312695847e-01 9.298887318225144624e-03 9.790682282271035985e-01 7.510793511049557836e+00
9.771553269501425110e-01 -1.171467857329563066e-02 -2.122299713055187942e-01 -1.066068692168747223e+00 9.256428949673276355e-03 9.998780849648303271e-01 -1.257408878636252954e-02 -1.360528097577783369e-01 2.123514436429055907e-01 1.032233299995729409e-02 9.771447425535638720e-01 8.015180100132551999e+00
9.756125076842112609e-01 -1.755802486755864145e-02 -2.187924263120230028e-01 -1.179995734110982131e+00 1.489258288241037363e-02 9.997935605047940655e-01 -1.382784601632123904e-02 -1.530701909994000853e-01 2.189900261553776317e-01 1.023209978054236309e-02 9.756725851465662958e-01 8.530890306055999517e+00
9.735753879768019869e-01 -1.875267322635561576e-02 -2.275620304420873097e-01 -1.305259879047983462e+00 1.552050375126745249e-02 9.997517307729193448e-01 -1.598431541117093999e-02 -1.773457300373069423e-01 2.278053336865036582e-01 1.202861479903256058e-02 9.736249262141155603e-01 9.056623938327192036e+00
9.716181768562973664e-01 -1.478132129154808780e-02 -2.360805628760140606e-01 -1.457219955351208629e+00 1.034330298135460215e-02 9.997460221425346072e-01 -2.002529882127293201e-02 -1.783990038190580163e-01 2.363165849949120934e-01 1.701495511541390934e-02 9.715243589120874379e-01 9.586338993054422275e+00
9.697092423628106417e-01 -1.144352959813797754e-02 -2.440335571496939637e-01 -1.609658505195826317e+00 5.895314032594072863e-03 9.997074777393779588e-01 -2.345423140580887161e-02 -1.915702759998171301e-01 2.442306101860915180e-01 2.130536612958723597e-02 9.694931085606840471e-01 1.013461943202092641e+01
9.672639050308109443e-01 -1.378411150158368077e-02 -2.533735848632320264e-01 -1.759055193017114105e+00 7.619287834851120288e-03 9.996510219400631669e-01 -2.529755890958397882e-02 -2.135950965154983505e-01 2.536337913623269436e-01 2.253922154605722886e-02 9.670314441076174328e-01 1.069823268435070496e+01
9.650805622172469178e-01 -1.582653985427849228e-02 -2.614307645274520642e-01 -1.924754615591002471e+00 9.068658320061326675e-03 9.995935222067402481e-01 -2.702795288110125538e-02 -2.380494573858821239e-01 2.617522057451185380e-01 2.371398843489735606e-02 9.648315618048035613e-01 1.126761321578480590e+01
9.630933777163841469e-01 -1.540670069889301698e-02 -2.687402849913707037e-01 -2.095258672820015100e+00 7.663857586628843206e-03 9.995253150078403648e-01 -2.984094808480952654e-02 -2.592334226550954135e-01 2.690725122018710058e-01 2.667997901185625159e-02 9.627543250637091710e-01 1.184608756521059370e+01
9.607083232486717250e-01 -1.499815409167739103e-02 -2.771838213786915750e-01 -2.282549432091312447e+00 5.872292633617836460e-03 9.994138534811309871e-01 -3.373688382230821681e-02 -2.837870732803884910e-01 2.775271615531411107e-01 3.078438218138066645e-02 9.602332624562939234e-01 1.243727036851609569e+01
9.589291817275774621e-01 -1.616956961821023817e-02 -2.831792561835426714e-01 -2.464552549117606350e+00 5.560762910641998784e-03 9.992536317950008184e-01 -3.822690091931207901e-02 -3.144613286854319179e-01 2.835860146472276022e-01 3.508215114951017399e-02 9.583033901479236505e-01 1.303314016465427549e+01
9.566500484962660034e-01 -1.686430365821952465e-02 -2.906574958024161770e-01 -2.663542534491587510e+00 3.593327769227992394e-03 9.989296105690149696e-01 -4.612478796127626041e-02 -3.472681092406694203e-01 2.911240899432881446e-01 4.308043835898256457e-02 9.556866082343715707e-01 1.364916418113924301e+01
9.554577460409974243e-01 -1.637561217862160134e-02 -2.946917888505111716e-01 -2.875291928436894739e+00 5.348000852747943762e-04 9.985538515627014888e-01 -5.377023255201292262e-02 -3.881370228255576205e-01 2.951461091989591168e-01 5.121749351013317464e-02 9.540848946867984681e-01 1.427642841080770175e+01
9.544221824764893558e-01 -1.659593175273219035e-02 -2.979601184052432794e-01 -3.071237310456332192e+00 -2.231608104462092131e-03 9.980281499411195467e-01 -6.274019573342604073e-02 -4.305014782592581080e-01 2.984137554926225566e-01 6.054498409863187658e-02 9.525033261631713488e-01 1.491357117111358299e+01
9.532279116871276159e-01 -1.631353379048601504e-02 -3.018827581928806292e-01 -3.295961643691512233e+00 -5.645985450783835673e-03 9.974071703663923705e-01 -7.175622877168741365e-02 -4.774037052804434578e-01 3.022705514865406395e-01 7.010509986355889511e-02 9.506642753607260632e-01 1.554775776620829220e+01
9.524005087585176721e-01 -1.491337663456521190e-02 -3.045083117120360727e-01 -3.516020754775631474e+00 -9.590796150635775077e-03 9.968424607643797675e-01 -7.881433685940686384e-02 -5.346766529867599260e-01 3.047219383130905790e-01 7.798462257229307748e-02 9.492502608199678837e-01 1.620166836574617975e+01
9.503748972417807028e-01 -1.393399577943781921e-02 -3.107702756993009352e-01 -3.743874419184606950e+00 -1.317742205806276407e-02 9.962970482417439211e-01 -8.497260073519773138e-02 -5.954108207720423263e-01 3.108029963205072299e-01 8.485286360966556862e-02 9.466721588064842541e-01 1.687902309344692497e+01
9.488501107996183404e-01 -1.359337738853227083e-02 -3.155239496856435677e-01 -3.987564503630989243e+00 -1.596955569888187584e-02 9.957276305049889142e-01 -9.093943408308220733e-02 -6.647028589529722087e-01 3.154123435893521621e-01 9.132573106672776941e-02 9.445793751085095336e-01 1.755116855168242296e+01
9.472134063590407216e-01 -9.979930460745170887e-03 -3.203866756608951261e-01 -4.241808279489359457e+00 -2.202966903876142982e-02 9.951269567999079246e-01 -9.613317640898887129e-02 -7.327715203976651326e-01 3.197843077985654259e-01 9.811907929916131865e-02 9.423778165438103649e-01 1.823561582929782077e+01
9.454228816370084942e-01 -7.199990613681091917e-03 -3.257748891742691666e-01 -4.502146424974853289e+00 -2.652656249911716779e-02 9.947368407784090705e-01 -9.897135070819333691e-02 -8.107241173901817977e-01 3.247727044170996002e-01 1.022119571413392936e-01 9.402561344228089757e-01 1.893836950649150452e+01
9.440662722917831928e-01 -6.123823107381280544e-03 -3.297949102847409497e-01 -4.764320328058681220e+00 -2.860644697183373220e-02 9.945374667273803038e-01 -1.004081158466329227e-01 -8.841546985696430161e-01 3.286089480173346455e-01 1.042238295372630713e-01 9.387341339628618719e-01 1.964387295870591998e+01
9.415407531206808622e-01 -5.553294854382916264e-03 -3.367904995987787697e-01 -5.032687639096761423e+00 -2.989863410208893485e-02 9.945415835154144402e-01 -9.996448376107398837e-02 -9.711913471945471388e-01 3.355069506980170591e-01 1.041919237610999666e-01 9.362353947443677882e-01 2.036944326105965075e+01
9.396629464517434194e-01 -6.554392029493483207e-03 -3.420085963374820959e-01 -5.314586723348689645e+00 -2.889976616071437965e-02 9.947216940234818727e-01 -9.842819787735240800e-02 -1.053844631937975063e+00 3.408488679596947679e-01 1.023713488274649586e-01 9.345138108530526289e-01 2.109891856756687645e+01
9.374417064258698806e-01 -6.127463175643574865e-03 -3.480798355205011463e-01 -5.596321887670584694e+00 -2.917824206725592312e-02 9.949444447451054607e-01 -9.610362506237489499e-02 -1.137854292147713275e+00 3.469087349341033466e-01 1.002492550178966657e-01 9.325237957475125405e-01 2.183242617860327073e+01
9.348771505237960522e-01 -6.090224667141237204e-03 -3.549602857747210516e-01 -5.885429707036852420e+00 -2.905325020521745336e-02 9.951853793625045075e-01 -9.361224001602927447e-02 -1.219941535480809636e+00 3.538213886400627395e-01 9.782886006977743742e-02 9.301993872279576969e-01 2.256958750087276044e+01
9.302074896164839179e-01 -3.677879064103934618e-03 -3.669506599900253518e-01 -6.204171084529510161e+00 -3.103156658712359628e-02 9.955814356002887777e-01 -8.860943614889268960e-02 -1.296628202223981008e+00 3.656548062015332334e-01 9.381367765251040491e-02 9.259832639235475726e-01 2.333407770437330697e+01
9.271171666503468245e-01 -1.225228634024715622e-03 -3.747367456241844641e-01 -6.523231504148784055e+00 -3.199176979012625932e-02 9.960857942915078977e-01 -8.238916309673648131e-02 -1.382222243990528288e+00 3.733705859596452292e-01 8.837402204157135399e-02 9.234491296076146050e-01 2.407110912934973612e+01
9.239355987566877371e-01 1.289840715439562191e-03 -3.824919554164505353e-01 -6.860520419568278072e+00 -3.431225377328632475e-02 9.962432007743372564e-01 -7.950104621493908619e-02 -1.453987412643508170e+00 3.809527370895249287e-01 8.657670189032207197e-02 9.205086542157708829e-01 2.483726593783283221e+01
9.205723675893199287e-01 1.832589580812720538e-03 -3.906623502557762251e-01 -7.197131256666700061e+00 -3.451719286061791236e-02 9.964579148295253930e-01 -7.669286719467875713e-02 -1.527483293217520854e+00 3.891383412535329711e-01 8.408388966945629095e-02 9.173749013732693802e-01 2.560354484434850875e+01
9.165751466575661199e-01 4.876922899890936622e-03 -3.998499993074230985e-01 -7.543354504623727586e+00 -3.833181775109556488e-02 9.963922897279472446e-01 -7.571757968003735295e-02 -1.606250482070837871e+00 3.980387395168453746e-01 8.472490567356384672e-02 9.134551953550569259e-01 2.637878050053753043e+01
9.133232317409306633e-01 3.984369789129076078e-03 -4.072250643489016553e-01 -7.902966266577942989e+00 -3.779629339513531500e-02 9.964652917547431876e-01 -7.502111740478792368e-02 -1.675181490790729200e+00 4.054865307438915711e-01 8.391147003220429668e-02 9.102455632085806325e-01 2.715076029338198182e+01
9.092018662653659211e-01 4.977870820945248971e-03 -4.163639384715185354e-01 -8.282104336092722008e+00 -3.879618943727228958e-02 9.965910376218010125e-01 -7.279842249434577417e-02 -1.742961247027250637e+00 4.145826244384398507e-01 8.233774504574814523e-02 9.062953472267250010e-01 2.794072454717245435e+01
9.058370995665915304e-01 3.227311421537758327e-03 -4.236025524646033769e-01 -8.666941002910169445e+00 -3.676011691343249871e-02 9.967979253439569476e-01 -7.101495934929610843e-02 -1.813896578214692523e+00 4.220171469152232402e-01 7.989942448990543233e-02 9.030550252145740364e-01 2.873497396672534876e+01
9.024304851002880046e-01 3.939511463806623891e-03 -4.308464995949884968e-01 -9.059532281634908202e+00 -3.640364364473491765e-02 9.970795035676367490e-01 -6.713525456598735952e-02 -1.882524751011656727e+00 4.293238063497920032e-01 7.626845980519439405e-02 8.999383226609635189e-01 2.953552004870379122e+01
8.981903320351214415e-01 5.412685980911027296e-03 -4.396146301049660421e-01 -9.466112640475941475e+00 -3.624282672120152787e-02 9.974318820579017864e-01 -6.177623377718308162e-02 -1.945738879840710478e+00 4.381512529434182235e-01 7.141947587956519461e-02 8.960800564147894942e-01 3.034746209424862329e+01
8.946230763072657854e-01 5.064398109806863592e-03 -4.468603324490817430e-01 -9.885052861290880344e+00 -3.413723726760341942e-02 9.977877814601737727e-01 -5.703971420476815907e-02 -2.013826242101657726e+00 4.455825155440505392e-01 6.628496561965671607e-02 8.928172754341597850e-01 3.116208497018767076e+01
8.906901865233489701e-01 4.465707597106330709e-03 -4.546655157201277553e-01 -1.031638315649359861e+01 -3.309143582163406178e-02 9.979359907303507748e-01 -5.504023654760582807e-02 -2.077328915419625055e+00 4.534814614037001035e-01 6.406807571898327780e-02 8.889995623207330722e-01 3.198786060726655478e+01
8.877133699491176477e-01 4.160100733948076702e-03 -4.604254541774001619e-01 -1.075674298698034370e+01 -3.278852694818405050e-02 9.979913573684966455e-01 -5.420828777868771237e-02 -2.137738653013538936e+00 4.592752314349567433e-01 6.321631040697014980e-02 8.860666440469792127e-01 3.281451469870221160e+01
8.847592714038029493e-01 3.874342555218253121e-03 -4.659561507786351697e-01 -1.120821055969548752e+01 -3.216619502247734796e-02 9.980885583641452286e-01 -5.278413353102697630e-02 -2.189752461230998648e+00 4.648609721369917347e-01 6.169310370570341845e-02 8.831925550014917414e-01 3.365276744735034953e+01
8.820434500303124814e-01 4.616156435006317157e-03 -4.711097713924047303e-01 -1.167039355761885311e+01 -3.275771995583132146e-02 9.981331537866112713e-01 -5.155062660952704212e-02 -2.244906584752404122e+00 4.699923181424467411e-01 6.090424651955771151e-02 8.805479407082229537e-01 3.450697788835590529e+01
8.797623682769692977e-01 1.832486760906645775e-03 -4.753877739550760873e-01 -1.213597486714800233e+01 -3.022979330310928553e-02 9.981845561581003112e-01 -5.209141045909927714e-02 -2.302090961144864778e+00 4.744293192392088909e-01 6.019878055101819669e-02 8.782204873691298319e-01 3.536372272080285484e+01
8.782667459393909137e-01 1.464182308577777116e-03 -4.781898575680233465e-01 -1.261880581370160215e+01 -3.000329456069785947e-02 9.981935838356953417e-01 -5.205609595283921393e-02 -2.372122187800623561e+00 4.772499894998465941e-01 6.006573477862962168e-02 8.767240483720390998e-01 3.621846434005165349e+01
8.770583091599682968e-01 1.380167395016934379e-03 -4.803316853593934121e-01 -1.311593100609482576e+01 -3.015682569612842395e-02 9.981816985121846342e-01 -5.220565909564817142e-02 -2.424273496124972116e+00 4.793862121188641745e-01 6.027586100991053769e-02 8.755051099921845603e-01 3.709135459986896421e+01
8.768214624995709361e-01 1.297844354434116209e-03 -4.807441938129804471e-01 -1.360924475781659737e+01 -2.979770047578583422e-02 9.982208229917090003e-01 -5.163929563495441022e-02 -2.480472504620043317e+00 4.798215568228670902e-01 5.960596524621870201e-02 8.753002027975996802e-01 3.798243375265425925e+01
8.756745128460382555e-01 2.044533915247621035e-03 -4.827771139211517459e-01 -1.411792190645721590e+01 -2.954953536138985384e-02 9.983438861289201105e-01 -4.936697223449834637e-02 -2.547982937381895852e+00 4.818763521894142698e-01 5.750174463519061585e-02 8.742847163929312604e-01 3.887975401239982887e+01
8.764299968139620534e-01 5.625527165421549463e-04 -4.815672770032658478e-01 -1.463064671721814669e+01 -2.747560385940118685e-02 9.984287404498815022e-01 -4.884268840967615627e-02 -2.607152542300428255e+00 4.807834726857707630e-01 5.603431116500218884e-02 8.750682470463068130e-01 3.980155961922868357e+01
8.764511874946939729e-01 -2.138499042529243017e-03 -4.814815804481074601e-01 -1.514310595674103865e+01 -2.527386068082109610e-02 9.984072729392313716e-01 -5.043686691320087984e-02 -2.667749067413462072e+00 4.808224566572212311e-01 5.637497549021281557e-02 8.750013494415632698e-01 4.071918760404201265e+01
8.752507799780090414e-01 -4.125775768567316489e-03 -4.837024588904452194e-01 -1.567174695970063603e+01 -2.336453723079245579e-02 9.984355730223096748e-01 -5.080614947379309687e-02 -2.734250271047685477e+00 4.831553424006417297e-01 5.577009349795312987e-02 8.737852775729543220e-01 4.165058625986884522e+01
8.733717366343654032e-01 -5.437326478314207824e-03 -4.870826803386643089e-01 -1.620057243232566790e+01 -2.133048673319414348e-02 9.985514123526255670e-01 -4.938715145473376172e-02 -2.795520019065348638e+00 4.866457168724201421e-01 5.352074536037635527e-02 8.719906207349942262e-01 4.258329377829392826e+01
8.709813646821251698e-01 -4.214999126253031123e-03 -4.912038425509063222e-01 -1.673151173542574099e+01 -2.063051519091707239e-02 9.987675181169880512e-01 -4.513727974816944544e-02 -2.852653712950076415e+00 4.907884508443670635e-01 4.945036932329605756e-02 8.698210196209309464e-01 4.351588450934947616e+01
8.691407696177275710e-01 -4.182897446077899102e-03 -4.945792958608866696e-01 -1.727185290064576151e+01 -1.839668773855828929e-02 9.989987230157185705e-01 -4.078730511723933916e-02 -2.915876708478301271e+00 4.942546962912719444e-01 4.454872205958732706e-02 8.681936987613597667e-01 4.444584901007159061e+01
8.656365443771913970e-01 -6.409076531884866541e-03 -5.006880444510640737e-01 -1.781389245401539512e+01 -1.532591524502734982e-02 9.991103208018542459e-01 -3.928359772648234993e-02 -2.982428186161302897e+00 5.004942956959637090e-01 4.167865544885557966e-02 8.647683893184826553e-01 4.536559295665872327e+01
8.598821903133877509e-01 -7.895536544803280488e-03 -5.104198850801839882e-01 -1.836948797498040520e+01 -1.475316022268336955e-02 9.990785319117865271e-01 -4.030537671264571020e-02 -3.041345136216952572e+00 5.102679577194277893e-01 4.218494450535308776e-02 8.589732305832060710e-01 4.628826015273326533e+01
8.547777281898790713e-01 -1.212083872947005911e-02 -5.187650346511826216e-01 -1.893064141218760454e+01 -1.278377645544012328e-02 9.989321432650306587e-01 -4.439840650555521712e-02 -3.099100086477061033e+00 5.187494169049665649e-01 4.458187642268508083e-02 8.537100604336707033e-01 4.720086473443802078e+01
8.488041602384827078e-01 -1.115771385653612988e-02 -5.285426991488343385e-01 -1.950939895955933423e+01 -1.375293581106978164e-02 9.989729382796027624e-01 -4.316593383359226821e-02 -3.160556578748009660e+00 5.284814325358192511e-01 4.391075855004003547e-02 8.477791248744014352e-01 4.811381362902550762e+01
8.425877296131157879e-01 -9.168112726422095182e-03 -5.383898367024164688e-01 -2.010074243767524038e+01 -1.407668480859997941e-02 9.991385380969772800e-01 -3.903324283605466571e-02 -3.215388807712120656e+00 5.382838516301913234e-01 4.046957801787299386e-02 8.417329546066492085e-01 4.901908776386362376e+01
8.387546316742146013e-01 -6.120835250291159144e-03 -5.444487592820344002e-01 -2.070466439512873436e+01 -1.464629144829579510e-02 9.993213059483296856e-01 -3.380431340151558717e-02 -3.273361952567521271e+00 5.442863305975419452e-01 3.632873472682730115e-02 8.380959016146691809e-01 4.991845645701163647e+01
8.338530346686318095e-01 -5.005314530415274493e-03 -5.519721426730932468e-01 -2.130681025294344977e+01 -1.738233692360102722e-02 9.992247105405669405e-01 -3.531636624535822166e-02 -3.325600681759893984e+00 5.517211258178795763e-01 3.904211726302730251e-02 8.331197335620112998e-01 5.080231875297997846e+01
8.311504265829676719e-01 -6.950908605918891883e-03 -5.559501024088936427e-01 -2.191861620993563164e+01 -1.824675944448460319e-02 9.990423102802320487e-01 -3.977678848764155950e-02 -3.380196005559767958e+00 5.556941561943217200e-01 4.320747251945839668e-02 8.302276809224453658e-01 5.168620601702371431e+01
8.281241853339901260e-01 -8.510441478604522866e-03 -5.605225376412000804e-01 -2.252858268458404467e+01 -2.110994067788592513e-02 9.987018154681545079e-01 -4.636414137434133331e-02 -3.443592634470269420e+00 5.601897090759647702e-01 5.022803740684975149e-02 8.268696421460064450e-01 5.256961278101825741e+01
8.251030273098272083e-01 -9.290902563937898304e-03 -5.647652787537068564e-01 -2.314829465609444981e+01 -2.119557095864242277e-02 9.986519025602385025e-01 -4.737803823339616083e-02 -3.508068283049962766e+00 5.644441361340688523e-01 5.106368132160949563e-02 8.237937456670438863e-01 5.345310940468618810e+01
8.226556426374891373e-01 -7.658930661061763047e-03 -5.683954245539604155e-01 -2.376907602720563517e+01 -2.102164018094118333e-02 9.988157723009116751e-01 -4.387464699833375920e-02 -3.570730673844302761e+00 5.680583204336169256e-01 4.804395558096112573e-02 8.215205451102748357e-01 5.433170441772093540e+01
8.181526738063901183e-01 -6.575435999615456516e-03 -5.748167210218572132e-01 -2.440082558951556280e+01 -1.879569459014599972e-02 9.990943566458867497e-01 -3.817764761722555744e-02 -3.628920232497430565e+00 5.745469970975508600e-01 4.204479034029843382e-02 8.172883418049560200e-01 5.521261974047889964e+01
8.150549088912968365e-01 -3.542927338123917289e-03 -5.792425019305603717e-01 -2.503843828838903107e+01 -2.030339226969037764e-02 9.991924943683206939e-01 -3.467003730566048381e-02 -3.683664749186035259e+00 5.788976854896591417e-01 4.001956011324776796e-02 8.143248819157062890e-01 5.609376674549712050e+01
8.129546575853182633e-01 -2.307874556732425475e-03 -5.822683646125529355e-01 -2.567066729231979849e+01 -2.236651307335071892e-02 9.991305084097604761e-01 -3.519595361066929495e-02 -3.737541217414265926e+00 5.818431076659310586e-01 4.164094503281386139e-02 8.121963000121543708e-01 5.696424653849031472e+01
8.087554531797099822e-01 -4.574204997236318813e-03 -5.880038311366408976e-01 -2.631942894759883700e+01 -2.148224634955622075e-02 9.990726973578971659e-01 -3.731085856195349992e-02 -3.790080687338914789e+00 5.876292477429222449e-01 4.280859135816700300e-02 8.079073803156644473e-01 5.783079465810764930e+01
8.058740336447304253e-01 -6.297935924871609151e-03 -5.921792660746839632e-01 -2.697183630119416264e+01 -2.106116571538001192e-02 9.990057255629670729e-01 -3.928953085330275097e-02 -3.847864076377292886e+00 5.918381853101637446e-01 4.413008897970709110e-02 8.049402490701957902e-01 5.870873248066262562e+01
8.017494185696012465e-01 -7.750223141440898585e-03 -5.975280506246654078e-01 -2.761970590676950010e+01 -2.008462552627265571e-02 9.990017963240156451e-01 -3.990244537795729213e-02 -3.904514912268481019e+00 5.972407530475225546e-01 4.399467904728633638e-02 8.007936421315299258e-01 5.957105157863139766e+01
7.961884826903103951e-01 -9.130313694782996037e-03 -6.049470296762721189e-01 -2.829442135235504807e+01 -1.847087233336526524e-02 9.990533771063920820e-01 -3.938043118219326788e-02 -3.962574464576695821e+00 6.047339881768346581e-01 4.252822817544955197e-02 7.952662435739643598e-01 6.044081843824598366e+01
7.935385567191682865e-01 -8.266146747571987211e-03 -6.084056589045886421e-01 -2.898128983922768143e+01 -1.866921491183094750e-02 9.991063059278924019e-01 -3.792009431712021345e-02 -4.021939295979037432e+00 6.081752175497713298e-01 4.145339475384649669e-02 7.926750736284214893e-01 6.129444930273387371e+01
7.868947139514977929e-01 -1.009515341547575530e-02 -6.169527085598699445e-01 -2.966334545535048406e+01 -1.822096038660049946e-02 9.990500382637649279e-01 -3.957480948878306509e-02 -4.079383575717310251e+00 6.167661880963669629e-01 4.238386605863288248e-02 7.859632449160852685e-01 6.215179030331552212e+01
7.819299447314367324e-01 -1.072394365316962396e-02 -6.231882286013880057e-01 -3.035980772805494965e+01 -1.831248031846136048e-02 9.990252887354050815e-01 -4.016936344274873311e-02 -4.138900271226791716e+00 6.230114281424889988e-01 4.282472707744400253e-02 7.809713698504193724e-01 6.300741719725384371e+01
7.775567966732279679e-01 -1.218603912486094891e-02 -6.288538042235610748e-01 -3.105756944568153344e+01 -1.697066312127208654e-02 9.990412480050298027e-01 -4.034704233699636794e-02 -4.194936634673562814e+00 6.287428044763961887e-01 4.204148387865693642e-02 7.766047036203875820e-01 6.385951737255244609e+01
7.713247338279572984e-01 -1.278057659027889183e-02 -6.363923861902103241e-01 -3.177498377917551764e+01 -1.754600272288195026e-02 9.989912836168524102e-01 -4.132023764594366932e-02 -4.256338624426017070e+00 6.362786450698053597e-01 4.303465600002794739e-02 7.703224889676967280e-01 6.470958344476481727e+01
7.673341148913851439e-01 -1.602044391908293008e-02 -6.409932163030305219e-01 -3.249648693536960309e+01 -1.545999896071315570e-02 9.989350547126786273e-01 -4.347951632648970610e-02 -4.318692328418435977e+00 6.410070529591840316e-01 4.327604527266705470e-02 7.662693636066908454e-01 6.555982438210749308e+01
7.601262632782086470e-01 -1.692207221850174428e-02 -6.496343978618446258e-01 -3.322977774503894466e+01 -1.433731102836355298e-02 9.989805996377596475e-01 -4.279731198633469902e-02 -4.379208189904939097e+00 6.496967333824161805e-01 4.184135161844360074e-02 7.591088529691941700e-01 6.639841120649805362e+01
7.536617386552223463e-01 -1.782175487180508514e-02 -6.571171670614318616e-01 -3.397134713768622305e+01 -1.305212435120463657e-02 9.990293240789278606e-01 -4.206859470070635487e-02 -4.440002329109302259e+00 6.572293593931948230e-01 4.027888414529218197e-02 7.526976143860588664e-01 6.723697121209661987e+01
7.485022254626497729e-01 -1.843117642279512233e-02 -6.630161800107452486e-01 -3.471924929787364533e+01 -1.122737555842615031e-02 9.991181146158745197e-01 -4.045455998900388678e-02 -4.493675083938435399e+00 6.631776425584710033e-01 3.771710784257838178e-02 7.476352494066444976e-01 6.806811956307974754e+01
7.416994167633247370e-01 -1.999531891231046826e-02 -6.703247803169612995e-01 -3.548289780932562110e+01 -1.038779508330154103e-02 9.990932070081242067e-01 -4.128794628138617029e-02 -4.557287405551448956e+00 6.705426121105220183e-01 3.758446307276852583e-02 7.408190452921195046e-01 6.889169963590629209e+01
7.340809992076687829e-01 -2.246124077719417744e-02 -6.787658671595718785e-01 -3.625875769575821295e+01 -9.035161313268138747e-03 9.990412558440855406e-01 -4.282829009662138253e-02 -4.625230749578897793e+00 6.790775151729615544e-01 3.756727944390019641e-02 7.331742389553567163e-01 6.972107228392758316e+01
7.305179731907621710e-01 -2.219725580563939454e-02 -6.825984925184775953e-01 -3.704024550130402105e+01 -1.066907617910690248e-02 9.989786078369016220e-01 -4.390213223593174285e-02 -4.686597599327904540e+00 6.828762056286832305e-01 3.934944822167638773e-02 7.295349412463538741e-01 7.054752548671191903e+01
7.235066382156873921e-01 -2.146663871644634639e-02 -6.899900795733747705e-01 -3.784264557997911282e+01 -1.076959793117050583e-02 9.990437500841122809e-01 -4.237599990666496286e-02 -4.744193579303940922e+00 6.902400784828085500e-01 3.808733048660194881e-02 7.225835361844535898e-01 7.136630036838550950e+01
7.202256022189731377e-01 -2.166249275837071192e-02 -6.933561690189833371e-01 -3.864712791731989228e+01 -1.130858604910962156e-02 9.990129615910493532e-01 -4.295133022448529431e-02 -4.813789577446259571e+00 6.936021811728045883e-01 3.877749069161758738e-02 7.192696487563534635e-01 7.218071946555366480e+01
7.141685269728480501e-01 -2.259696557164923847e-02 -6.995818507287080434e-01 -3.946273186214592243e+01 -1.109393329039230769e-02 9.989878148243146461e-01 -4.359271973897115710e-02 -4.878463223664208925e+00 6.998587634940374169e-01 3.889384666062335738e-02 7.131949670254693618e-01 7.299786366374216584e+01
7.089610186510787448e-01 -2.432389568026577936e-02 -7.048191385917379481e-01 -4.028848022548945096e+01 -1.166518273590668592e-02 9.988638538516816379e-01 -4.621514498513418917e-02 -4.950288955702800919e+00 7.051421201606627998e-01 4.099192170603600111e-02 7.078717484384018377e-01 7.381094361220556266e+01
7.059565369091651554e-01 -2.611373764577582315e-02 -7.078146366121260691e-01 -4.111538915824425544e+01 -1.189448029822278742e-02 9.987418621925999718e-01 -4.871743953578501485e-02 -5.016586340453588200e+00 7.081967322992537284e-01 4.280802234820291208e-02 7.047577943453482430e-01 7.462818014538584066e+01
7.005066378833649798e-01 -2.679972960004877239e-02 -7.131523622521620531e-01 -4.196805932405160178e+01 -1.265944781949741513e-02 9.986707327086349339e-01 -4.996628285047780699e-02 -5.086975430426208256e+00 7.135436667722164783e-01 4.402700860317079745e-02 6.992361087361557148e-01 7.543717949601183648e+01
6.944339982449778681e-01 -2.731792272925259724e-02 -7.190051833230027833e-01 -4.281423128408923873e+01 -1.125947341783260953e-02 9.987441735007044352e-01 -4.881571471956654834e-02 -5.151370448463689300e+00 7.194359518450761382e-01 4.199419063347557823e-02 6.932542375408169422e-01 7.623069798836759503e+01
6.902332887440137954e-01 -2.724011873771874093e-02 -7.231315250062028133e-01 -4.366815236851301307e+01 -1.010139643800422697e-02 9.988309374321839851e-01 -4.726024774334971340e-02 -5.221530239135937279e+00 7.235742279223223994e-01 3.991801011774213231e-02 6.891512059908556642e-01 7.704138056905418352e+01
6.846496073143966132e-01 -2.738929936834483964e-02 -7.283584745868892929e-01 -4.453765441683943038e+01 -9.865579092188866972e-03 9.988538385101348727e-01 -4.683705599647756956e-02 -5.299973658513095209e+00 7.288068744042514036e-01 3.924820538980230977e-02 6.835948260222398654e-01 7.784574725393619588e+01
6.813276077841845524e-01 -2.873907279011387456e-02 -7.315002389999001320e-01 -4.540497502365886362e+01 -8.389211583817782897e-03 9.988565432244738140e-01 -4.706607176186713981e-02 -5.367505966554563024e+00 7.320171016288348209e-01 3.819648352274129799e-02 6.803076612204983498e-01 7.864651452691967393e+01
6.758328061829490530e-01 -3.009790527713259931e-02 -7.364276595578215234e-01 -4.629147471826112081e+01 -6.846392205168490459e-03 9.988664432665287363e-01 -4.711287097010823793e-02 -5.439040853664812936e+00 7.370107200510106482e-01 3.688401585565703050e-02 6.748606536953587476e-01 7.943745556513313488e+01
6.718736808544150119e-01 -3.143694432877967848e-02 -7.401430213715669559e-01 -4.718291230260979319e+01 -5.585669492901518783e-03 9.988553805942244068e-01 -4.749579781858717653e-02 -5.507851256161075071e+00 7.407896718170490225e-01 3.603890902675881136e-02 6.709290539383238050e-01 8.023064871275903442e+01
6.690349963733607241e-01 -3.455953755843844261e-02 -7.423974408397475688e-01 -4.808414645249320074e+01 -1.735010109488902040e-03 9.988429130187393978e-01 -4.807342422393161979e-02 -5.576491548013932764e+00 7.431998988063233114e-01 3.344923359187259443e-02 6.682010324299522130e-01 8.103996137038414815e+01
6.645466109031548108e-01 -3.911552273916062833e-02 -7.462859431313852987e-01 -4.898070435115572252e+01 1.086010958267981342e-03 9.986785083802381946e-01 -5.138916316678092400e-02 -5.654891330391488502e+00 7.473099108221759046e-01 3.334078660173051684e-02 6.637108872626277245e-01 8.182954081192761464e+01
6.598065842644852408e-01 -4.322024154140557267e-02 -7.502076597451430295e-01 -4.989065113634659099e+01 4.973589886950085907e-03 9.985741426623823136e-01 -5.315031811369024667e-02 -5.729152387967178406e+00 7.514347806073125025e-01 3.134269307185493653e-02 6.590804060763673089e-01 8.262479279599217818e+01
6.537889797013616278e-01 -4.743447749770531019e-02 -7.551365878516689278e-01 -5.081368154933033310e+01 1.025944505702043943e-02 9.984969810434536353e-01 -5.383706472366835832e-02 -5.808297090929189999e+00 7.565557458496309229e-01 2.744459483065334743e-02 6.532932843456696892e-01 8.341678052024565204e+01
6.452980553584383161e-01 -5.016958038133662728e-02 -7.622314097611168071e-01 -5.174201188716266131e+01 1.494638029044828911e-02 9.984786768295820236e-01 -5.306775524530383398e-02 -5.893207023829516444e+00 7.637352528719569822e-01 2.283754309567503221e-02 6.450673167888778536e-01 8.419907303294792200e+01
6.367110339119239626e-01 -5.242187586745414990e-02 -7.692442435378928911e-01 -5.267682621206119364e+01 1.860848114535833958e-02 9.984409617950571469e-01 -5.263156507687952179e-02 -5.973871258220538216e+00 7.708030317702470047e-01 1.920563388995003354e-02 6.366931066031997766e-01 8.497554366001821791e+01
6.267127743929022943e-01 -5.134646265020727240e-02 -7.776554378915931931e-01 -5.364525504373975195e+01 1.975912888582580587e-02 9.985522882703354863e-01 -5.003485465537222537e-02 -6.048230448566797257e+00 7.790989382629122106e-01 1.598617176604959569e-02 6.268211595085457777e-01 8.574127022129860620e+01
6.182552167835670964e-01 -5.156967726107840322e-02 -7.843611312534505275e-01 -5.461817658446738477e+01 1.949591838995944071e-02 9.985438581996736174e-01 -5.028133475573512423e-02 -6.137123340205010713e+00 7.858133344608279058e-01 1.578470825707635819e-02 6.183610373977409536e-01 8.649781917038539802e+01
6.101507647127776268e-01 -5.205863179140005070e-02 -7.905042347096632449e-01 -5.559298532928881542e+01 1.775961156902578289e-02 9.984868316320942849e-01 -5.203906447749690606e-02 -6.209060365097517575e+00 7.920172147022602749e-01 1.771071094695537626e-02 6.101520407439040561e-01 8.725495921952460776e+01
5.998585848580390012e-01 -5.507374801258817232e-02 -7.981469136116338126e-01 -5.658682401093555114e+01 1.953153046544802221e-02 9.983386360123693848e-01 -5.419575160331694536e-02 -6.290071150980226733e+00 7.998061685376901542e-01 1.691273324051044413e-02 5.999379166875751235e-01 8.798355668303302934e+01
5.900055542352696802e-01 -5.556074226373644565e-02 -8.054195570129446535e-01 -5.759132175281627752e+01 1.893313805193835159e-02 9.983070049594249262e-01 -5.499257899360725926e-02 -6.368589053754304175e+00 8.071117588087011185e-01 1.719272286834360938e-02 5.900588106440202152e-01 8.871233567592254587e+01
5.796885816434199645e-01 -5.745372675981082200e-02 -8.127683735798187925e-01 -5.860775639041643359e+01 2.230556176026410667e-02 9.982554986974352396e-01 -5.466026862552189614e-02 -6.458076105047363846e+00 8.144915695474774786e-01 1.354613868337621423e-02 5.799598889470175545e-01 8.943821644578416397e+01
5.704876536008288701e-01 -5.690768166399243905e-02 -8.192378164844281718e-01 -5.965048812066368811e+01 2.410851284507373529e-02 9.983269647613877140e-01 -5.255164854796259832e-02 -6.539831101958406556e+00 8.208579257414901909e-01 1.022420779518641402e-02 5.709054043161588821e-01 9.015127765181209440e+01
5.584210329907258741e-01 -5.817693862301090424e-02 -8.275049931144241588e-01 -6.068634630277973940e+01 2.436416516563455134e-02 9.982582742215432292e-01 -5.373871624661877983e-02 -6.617954349193716723e+00 8.291894285053162950e-01 9.856745674001389512e-03 5.588650715452078144e-01 9.085580004638492824e+01
5.501073908661299194e-01 -5.944118655673034934e-02 -8.329729348003007683e-01 -6.172594034475361013e+01 2.445734363477374690e-02 9.981819305673106379e-01 -5.508554503851304657e-02 -6.707542260950922319e+00 8.347334730825037852e-01 9.923372688480730508e-03 5.505618824850168069e-01 9.153855674304881518e+01
5.387400139126973242e-01 -6.036313103769452848e-02 -8.403081120453291808e-01 -6.280589890271021147e+01 2.354210933931781199e-02 9.981191326397170771e-01 -5.660269156597010770e-02 -6.790909910617059175e+00 8.421444236696021823e-01 1.071201216805139911e-02 5.391476831862027641e-01 9.222347704264326751e+01
5.289168196903135666e-01 -6.069136628625027702e-02 -8.465211171255273559e-01 -6.387982927464010174e+01 2.209582448794691900e-02 9.980860907258521930e-01 -5.775062472178175976e-02 -6.882785861942089412e+00 8.484067079450222648e-01 1.183482314237809148e-02 5.292458736490809335e-01 9.287762525192749763e+01
