1.0 0.0 0.0 0.0 0.0 1.0 0.0 0.0 0.0 0.0 1.0 0.0
0.9996047 0.02789237 0.0034918166 0.06286621 -0.027880037 0.99960494 -0.0035328206 0.092285156 -0.0035889898 0.003434078 0.99998766 0.03967285
0.9998006 0.019730791 0.003045301 0.5913086 -0.019716978 0.9997954 -0.004502148 -0.028198242 -0.0031335084 0.0044411854 0.9999852 0.008911133
0.9997697 0.021371953 0.0019998979 0.8496094 -0.021356426 0.99974394 -0.007490104 -0.030883789 -0.0021594567 0.007445692 0.99996996 0.016479492
0.9998058 0.01970687 0.0005175645 1.1621094 -0.019701192 0.9997626 -0.0093196 -0.026977539 -0.0007010712 0.009307595 0.9999564 0.026245117
0.9999185 0.01274125 -0.0007008995 1.498169 -0.012748056 0.99986076 -0.010759358 -0.033813477 0.00056365854 0.01076742 0.9999419 0.010253906
0.9999969 0.00046959682 -0.0024441658 1.8197021 -0.0005020255 0.99991167 -0.0132809095 -0.03918457 0.0024377117 0.013282096 0.9999088 0.022094727
0.9998878 -0.014761305 -0.0025249452 2.1401367 0.014728463 0.9998125 -0.01257136 -0.021972656 0.002710033 0.012532768 0.9999178 0.032470703
0.99947125 -0.032379888 -0.0028759926 2.486206 0.03235335 0.99943715 -0.008835323 0.0075683594 0.003160575 0.00873756 0.99995685 0.032470703
0.99851114 -0.05438599 -0.0041857464 2.841919 0.05436535 0.99850905 -0.004895733 0.039794922 0.004445757 0.0046608318 0.99997926 0.031982422
0.9973584 -0.072499044 -0.004427776 3.2037354 0.072477296 0.9973578 -0.0048898165 0.08190918 0.0047706314 0.0045559546 0.99997824 0.036743164
0.9957122 -0.09243175 -0.004140406 3.5811768 0.09240602 0.995705 -0.006025402 0.12719727 0.0046793916 0.0056169727 0.9999733 0.042236328
0.9936126 -0.112821005 -0.0029166525 3.9664307 0.11279591 0.99359006 -0.0076775956 0.17834473 0.0037639383 0.0072996356 0.99996626 0.048461914
0.99144906 -0.13049765 -0.0026977316 4.3619385 0.1304787 0.9914352 -0.0062994193 0.24719238 0.0034964362 0.005893708 0.9999765 0.047973633
0.9893581 -0.14548841 -0.0017172017 4.777466 0.14547688 0.9893456 -0.0055809217 0.31884766 0.0025109986 0.0052718055 0.99998295 0.055419922
0.98719126 -0.15952237 -0.0021429395 5.201172 0.15950964 0.9871821 -0.0051769363 0.3984375 0.002941144 0.004768677 0.9999843 0.06213379
0.9852008 -0.17134906 -0.0033494295 5.6434326 0.1713234 0.9851872 -0.006852552 0.4873047 0.0044740117 0.0061774086 0.9999709 0.06652832
0.9833576 -0.18164438 -0.004150117 6.090088 0.18159935 0.9833294 -0.00943511 0.5665283 0.005794743 0.008524443 0.9999469 0.07556152
0.98224854 -0.18747744 -0.006213114 6.5543213 0.18742353 0.98224294 -0.008353755 0.657959 0.0076690693 0.0070410958 0.9999458 0.07910156
0.9805158 -0.19629854 -0.008051102 7.0324707 0.19622733 0.9805231 -0.008850233 0.76208496 0.00963163 0.007098186 0.9999284 0.08215332
0.97907794 -0.20324747 -0.010815084 7.5184326 0.20315282 0.9791137 -0.009240326 0.8675537 0.012466667 0.0068502044 0.9998988 0.0871582
0.97716004 -0.21219812 -0.011905841 8.02356 0.21204029 0.97717685 -0.01325347 0.9786377 0.014446336 0.010426535 0.9998413 0.087768555
0.9756965 -0.21880068 -0.011870688 8.540039 0.21855414 0.97563595 -0.019151041 1.0888672 0.015771993 0.016091604 0.9997462 0.10192871
0.9736512 -0.22759707 -0.013727322 9.06665 0.2272981 0.9736036 -0.020415174 1.2099609 0.01801309 0.016756631 0.99969727 0.123046875
0.97154456 -0.23610123 -0.018761298 9.596924 0.23580967 0.9716562 -0.016505547 1.3583984 0.022126734 0.011611521 0.9996878 0.1204834
0.9695079 -0.24400908 -0.023096364 10.145874 0.2437565 0.96975625 -0.013226442 1.5073242 0.02562445 0.0071935235 0.9996457 0.13012695
0.96705014 -0.25339073 -0.024394585 10.710571 0.2530659 0.96731615 -0.015644377 1.6522217 0.027561564 0.008955819 0.9995801 0.14904785
0.9648538 -0.26148993 -0.025624536 11.281006 0.2610954 0.96513784 -0.017753847 1.8138428 0.029373223 0.010437513 0.999514 0.17053223
0.96277565 -0.26879504 -0.028635632 11.860352 0.26838472 0.9631587 -0.01739128 1.9807129 0.03225542 0.009059569 0.99943864 0.18835449
0.9602533 -0.27722773 -0.032791678 12.452515 0.2767993 0.960785 -0.017048072 2.1639404 0.03623153 0.007297377 0.99931717 0.20922852
0.9583246 -0.28325352 -0.037128814 13.049194 0.2827509 0.959018 -0.018263265 2.3425293 0.040780492 0.007003854 0.9991436 0.23596191
0.95570713 -0.29073912 -0.045174047 13.666016 0.29016128 0.9567605 -0.019007172 2.5375977 0.048749503 0.005055072 0.9987986 0.26367188
0.9541023 -0.29471463 -0.05333449 14.293823 0.2941378 0.95558894 -0.018535962 2.746582 0.056429487 0.0020020404 0.9984053 0.29956055
0.9525184 -0.29792407 -0.06268166 14.9313965 0.29733342 0.95457745 -0.01876407 2.9399414 0.06542718 -0.0007637264 0.9978578 0.3363037
0.95067596 -0.3017248 -0.07226423 15.566162 0.30118638 0.9534083 -0.018493792 3.1618652 0.074476086 -0.004174228 0.9972151 0.37780762
0.94925696 -0.30413723 -0.08015528 16.220703 0.30376524 0.9526011 -0.017098049 3.3795166 0.081553385 -0.008118175 0.9966352 0.43017578
0.94667464 -0.31018507 -0.08705741 16.89917 0.30998468 0.9505962 -0.016158313 3.6036377 0.08776846 -0.011688541 0.99607325 0.48620605
0.9445789 -0.31475925 -0.093556784 17.572388 0.31469336 0.94909096 -0.015844056 3.8439941 0.093778096 -0.014469389 0.9954873 0.5510254
0.9423679 -0.3191147 -0.10036826 18.257935 0.31953856 0.9474731 -0.012257869 4.095093 0.09901019 -0.020518957 0.99487716 0.61486816
0.9402389 -0.3240986 -0.10448496 18.962036 0.3249223 0.94569576 -0.009516552 4.3519287 0.10189472 -0.024999928 0.9944812 0.68933105
0.93871355 -0.3279317 -0.106517166 19.668823 0.3289378 0.94434696 -0.008472014 4.610962 0.103368595 -0.027066857 0.99427736 0.7597656
0.9362124 -0.33483815 -0.10652357 20.39624 0.33594012 0.94182724 -0.007967243 4.875 0.10299517 -0.028333824 0.9942781 0.84436035
0.9344925 -0.34018832 -0.10473557 21.127441 0.3411634 0.9399498 -0.009022071 5.153076 0.10151507 -0.027314052 0.9944561 0.9250488
0.9325013 -0.34626728 -0.102647215 21.862793 0.34725523 0.9377275 -0.00865814 5.430786 0.09925331 -0.027568622 0.9946811 1.0073242
0.9301765 -0.3531988 -0.10026586 22.601929 0.354155 0.9351619 -0.008692593 5.715576 0.09683427 -0.0274168 0.99492353 1.0877686
0.92595446 -0.3650778 -0.09631179 23.36914 0.36619955 0.93048877 -0.00640634 6.0284424 0.09195456 -0.029349942 0.99532896 1.1636963
0.92341554 -0.37284434 -0.090910226 24.10852 0.37404996 0.9273865 -0.00404339 6.3430176 0.08581525 -0.030277632 0.99585 1.2491455
0.92046845 -0.3804562 -0.08914935 24.876831 0.38184372 0.9242033 -0.0016089347 6.6759033 0.083005615 -0.032570507 0.9960157 1.3195801
0.91733277 -0.38866335 -0.08669982 25.645386 0.39003918 0.9208376 -0.0011526283 7.0078125 0.08028468 -0.032746013 0.99623483 1.3917236
0.9134033 -0.39758322 -0.08738198 26.422974 0.39925364 0.9168463 0.0018015844 7.349121 0.079401515 -0.036532745 0.9961731 1.4685059
0.9101944 -0.40503392 -0.0866089 27.197144 0.40662786 0.9135976 0.0008329996 7.7042236 0.07878668 -0.035974406 0.9962421 1.5355225
0.9062402 -0.4141492 -0.085080236 27.989624 0.41579005 0.90947646 0.0017300937 8.078369 0.07666228 -0.03694542 0.99637157 1.6019287
0.90300393 -0.42159012 -0.08268269 28.786255 0.42303082 0.90611 -0.00010060938 8.458618 0.07496317 -0.034886632 0.99657613 1.6713867
0.89988565 -0.428924 -0.07908731 29.589233 0.43030947 0.9026951 0.0005281046 8.846802 0.07116465 -0.034505375 0.99686754 1.7392578
0.89602417 -0.43778986 -0.07427952 30.40393 0.43912885 0.8984422 0.0018983036 9.248535 0.065904096 -0.034314495 0.9972359 1.8022461
0.8927638 -0.4452491 -0.06918212 31.221191 0.4464092 0.8948614 0.0014618486 9.662964 0.061253406 -0.032183662 0.99760294 1.8699951
0.8889475 -0.4531591 -0.06700427 32.04956 0.45422572 0.89092535 0.0007755907 10.0896 0.05934445 -0.031115847 0.9977529 1.932251
0.88601476 -0.45895767 -0.06618037 32.878418 0.45998982 0.8879488 0.0004066644 10.526001 0.05857882 -0.030798258 0.9978078 1.9910889
0.88314134 -0.46455163 -0.06468344 33.718872 0.4655295 0.8849923 5.7653757e-05 10.973633 0.05721964 -0.030161673 0.99790674 2.041748
0.880494 -0.46969315 -0.06391713 34.575195 0.4706973 0.8822754 0.0007423245 11.432129 0.056044057 -0.030739892 0.99795514 2.095459
0.8781744 -0.47411922 -0.063237086 35.43396 0.4749526 0.87999684 -0.0020890166 11.894043 0.056639187 -0.028202966 0.99799615 2.1506348
0.87667865 -0.4769394 -0.063117675 36.290527 0.47775236 0.8785025 -0.0024878215 12.373779 0.05663659 -0.027970225 0.99800324 2.2189941
0.8754594 -0.47907487 -0.06333733 37.16504 0.47989228 0.87729603 -0.0025949483 12.868164 0.05681093 -0.028119806 0.9979897 2.2694092
0.8752551 -0.47951332 -0.06266952 38.057495 0.4803087 0.877057 -0.0026834214 13.359253 0.056250148 -0.02775905 0.99803036 2.3239746
0.87423855 -0.48158363 -0.060573135 38.956665 0.48236433 0.8759022 -0.001964131 13.865112 0.054002155 -0.027503647 0.9981624 2.390503
0.87502795 -0.48048916 -0.059104163 39.87964 0.4811491 0.8766531 -0.0034355505 14.375977 0.053467356 -0.02543046 0.99824595 2.447998
0.87496895 -0.48051095 -0.05944979 40.798584 0.4810332 0.8766785 -0.0061349105 14.886108 0.055064984 -0.023231033 0.99821234 2.5062256
0.87375903 -0.48283622 -0.058859278 41.73181 0.48323804 0.87547904 -0.008147496 15.411621 0.055463605 -0.021317154 0.99823356 2.5708008
0.87196964 -0.48633155 -0.056628093 42.666626 0.4866207 0.8735945 -0.009501167 15.937012 0.05408793 -0.019273954 0.9983496 2.6307373
0.86979896 -0.4905028 -0.05257344 43.601562 0.49078318 0.8711889 -0.008334257 16.464478 0.049888216 -0.018560369 0.99858207 2.6875
0.86817515 -0.4939943 -0.047687672 44.533813 0.4941931 0.86933035 -0.008349935 17.001465 0.04558174 -0.01631284 0.9988277 2.7504883
0.8647586 -0.50023705 -0.044849053 45.4563 0.5002988 0.8658198 -0.010650082 17.539062 0.044155724 -0.013227995 0.99893683 2.815918
0.85896695 -0.5100026 -0.04539942 46.382202 0.51001203 0.86007327 -0.0122446325 18.089111 0.045294147 -0.012639792 0.99889374 2.8729248
0.8537147 -0.5184515 -0.047839213 47.29773 0.5182964 0.85498756 -0.01655916 18.64502 0.049490765 -0.010662769 0.99871767 2.9278564
0.84778047 -0.5281951 -0.047206014 48.21411 0.52808934 0.84901434 -0.01570913 19.218384 0.04837404 -0.011614992 0.9987614 2.9884033
0.8417302 -0.5380274 -0.043799914 49.123047 0.53798145 0.8427848 -0.013841318 19.804443 0.044360563 -0.01191905 0.9989442 3.043457
0.83808637 -0.54406714 -0.039677113 50.02539 0.5441013 0.8389319 -0.010873622 20.404419 0.039204497 -0.012472574 0.99915355 3.1021729
0.83310276 -0.5514976 -0.042416662 50.91211 0.5516193 0.8340435 -0.009840496 21.002075 0.040803727 -0.015201825 0.9990512 3.152954
0.8302127 -0.5554423 -0.046599973 51.798096 0.5555488 0.8313637 -0.011824187 21.610352 0.045311872 -0.016068859 0.998844 3.2052002
0.8268521 -0.5598992 -0.053639963 52.683594 0.5600584 0.8283731 -0.0134216435 22.216553 0.051949997 -0.01893644 0.9984705 3.265503
0.82377744 -0.5641473 -0.054491684 53.56958 0.56428766 0.8253591 -0.0142518915 22.832642 0.053017426 -0.019020235 0.99841213 3.3288574
0.82150126 -0.5677849 -0.05148231 54.450684 0.5679559 0.8228973 -0.01267026 23.450195 0.049559604 -0.01883754 0.9985934 3.3919678
0.8172711 -0.5743078 -0.045504246 55.33496 0.5744289 0.81836814 -0.011678247 24.077759 0.043947913 -0.016597698 0.9988961 3.451416
0.81429833 -0.57868475 -0.04348866 56.21875 0.57890195 0.81525815 -0.008704162 24.712036 0.040493317 -0.018096553 0.9990158 3.5067139
0.8121629 -0.5816304 -0.04511808 57.09131 0.5819314 0.81316453 -0.0075021535 25.341309 0.04105325 -0.02015793 0.99895406 3.5598145
0.80788016 -0.58740115 -0.046309054 57.960693 0.5876348 0.8089768 -0.009836643 25.985962 0.043243174 -0.019273315 0.99887854 3.611206
0.80491734 -0.5915965 -0.047648806 58.841064 0.5917829 0.80610615 -0.011607485 26.634766 0.04527486 -0.018851181 0.9987965 3.6678467
0.80077565 -0.5969937 -0.04753273 59.7063 0.5971169 0.80198574 -0.013127766 27.278687 0.04595938 -0.017873893 0.99878347 3.723877
0.79525447 -0.6044882 -0.046093024 60.57959 0.60453033 0.79642344 -0.014603788 27.94873 0.045536164 -0.016255792 0.9988302 3.7818604
0.79266095 -0.6079394 -0.04502719 61.43579 0.6080059 0.7937683 -0.013785879 28.632446 0.044120554 -0.016450938 0.9988907 3.8416748
0.785954 -0.61651975 -0.04598707 62.296875 0.6165271 0.7871361 -0.015721425 29.309448 0.045887876 -0.016002998 0.9988179 3.8984375
0.7809633 -0.6227619 -0.046447188 63.15576 0.6227532 0.78217745 -0.016429517 30.001709 0.0465646 -0.016094862 0.99878585 3.9577637
0.7766029 -0.6284908 -0.0456844 64.01099 0.6284073 0.7778057 -0.017965036 30.695435 0.046818674 -0.014751537 0.99879414 4.013794
0.77032083 -0.6360222 -0.046698958 64.864746 0.6359336 0.77158344 -0.018656276 31.408203 0.04789183 -0.015329529 0.99873424 4.0750732
0.76628006 -0.640735 -0.046958495 65.71802 0.64049566 0.7676026 -0.021956943 32.125854 0.050117612 -0.013248438 0.99865586 4.136963
0.75912464 -0.6494289 -0.045548763 66.56079 0.64913553 0.76039356 -0.022975598 32.854126 0.04955372 -0.01212656 0.9986975 4.19812
0.752719 -0.6569658 -0.044006772 67.40332 0.65661746 0.75392646 -0.023979083 33.591064 0.04892945 -0.010843648 0.99874324 4.2596436
0.7476629 -0.662923 -0.04146067 68.23804 0.6625247 0.7487576 -0.024673767 34.33496 0.04739967 -0.009019672 0.9988351 4.314453
0.74085313 -0.6702835 -0.04134622 69.065674 0.6698157 0.7419612 -0.026339965 35.093994 0.04833733 -0.008188397 0.99879736 4.37854
0.73321855 -0.67880964 -0.04135312 69.899414 0.6782276 0.7343524 -0.02892134 35.864746 0.049997117 -0.006844103 0.99872553 4.4467773
0.72957486 -0.68260443 -0.0431422 70.72876 0.6820531 0.73080057 -0.028707024 36.642944 0.051121973 -0.008483487 0.9986561 4.508667
0.7226221 -0.6899792 -0.04189258 71.55176 0.6894608 0.72378457 -0.028083706 37.440918 0.049700744 -0.008590473 0.99872726 4.567871
0.7193076 -0.69333917 -0.042588897 72.36914 0.6928207 0.72050965 -0.028326219 38.242188 0.05032343 -0.009134854 0.99869096 4.6384277
0.7132365 -0.69959337 -0.042718165 73.190186 0.6990346 0.7144588 -0.029349297 39.05359 0.051054463 -0.008929337 0.998656 4.7041016
0.7079168 -0.7048633 -0.04482827 74.006836 0.70423925 0.70927024 -0.03114699 39.875366 0.053751495 -0.009511956 0.9985096 4.776367
0.7048073 -0.7079046 -0.046652876 74.826904 0.7072029 0.7062823 -0.032975875 40.699097 0.05629667 -0.009749141 0.9983666 4.8431396
0.699286 -0.7132465 -0.047880862 75.63965 0.7125257 0.70084447 -0.033737395 41.54785 0.057622317 -0.010524967 0.998283 4.914673
0.69331 -0.71914625 -0.04585724 76.437256 0.7183836 0.6947652 -0.03434678 42.390015 0.056560695 -0.00913419 0.9983572 4.981079
0.68921053 -0.7232939 -0.043787114 77.251465 0.7225223 0.69055486 -0.034334153 43.24048 0.055067793 -0.007981 0.99845004 5.0533447
0.683656 -0.72853047 -0.04312358 78.059814 0.7277511 0.68497086 -0.034563586 44.10608 0.05472328 -0.0077556195 0.99847144 5.133667
0.6803771 -0.73173964 -0.042078905 78.86377 0.7308818 0.6816482 -0.035962354 44.970215 0.055001527 -0.0062856125 0.9984665 5.202881
0.67493904 -0.7367339 -0.040773824 79.65869 0.7357994 0.6761524 -0.03739979 45.852905 0.055126105 -0.004754809 0.99846846 5.276367
0.67101544 -0.74051154 -0.039936237 80.45532 0.7395025 0.6721943 -0.038796168 46.740967 0.055566564 -0.0035020504 0.9984484 5.347046
0.6683078 -0.74291784 -0.03735419 81.26782 0.74173146 0.66935027 -0.041960746 47.63916 0.05618678 0.00034043705 0.9984209 5.4174805
0.6638396 -0.7470104 -0.037259262 82.061035 0.74556327 0.6648766 -0.046576552 48.531982 0.059566613 0.0031473534 0.99821985 5.496826
0.6592333 -0.75112635 -0.035272695 82.86011 0.7494435 0.660139 -0.050747417 49.438232 0.06139547 0.0070211985 0.99808884 5.572632
0.65347576 -0.75624484 -0.031386703 83.656494 0.75433844 0.6541136 -0.0550484 50.357178 0.062168293 0.012291196 0.9979899 5.6538086
0.6452749 -0.76343155 -0.026789423 84.44409 0.7614203 0.6456077 -0.05790612 51.28076 0.06151773 0.01695785 0.99796146 5.741333
0.63692164 -0.77050525 -0.023164647 85.22583 0.76842076 0.63701004 -0.06027932 52.210938 0.0611986 0.020597732 0.9979134 5.824585
0.6270544 -0.7788199 -0.01994536 85.997314 0.77685857 0.6269943 -0.05934594 53.17456 0.05873657 0.021725439 0.9980375 5.902588
0.6185975 -0.7855377 -0.019743638 86.75903 0.78356004 0.61854124 -0.059680957 54.143066 0.059091292 0.021437323 0.99802136 5.9942627
0.6103876 -0.79173726 -0.021667683 87.520996 0.7896853 0.61045533 -0.060270797 55.11377 0.060948018 0.019673342 0.9979467 6.0684814
0.6001928 -0.7995214 -0.020872843 88.25537 0.79728997 0.6001741 -0.0634183 56.102783 0.06323442 0.021410262 0.9977682 6.1519775
0.59031737 -0.8068287 -0.02114878 88.989746 0.8045522 0.59033054 -0.06403088 57.102783 0.06415244 0.020778775 0.99772346 6.2335205
0.5802403 -0.8142165 -0.017500106 89.72168 0.81189 0.5800024 -0.0660608 58.114502 0.06395046 0.024117 0.99766123 6.326538
0.5711943 -0.8205983 -0.014169349 90.44043 0.8183788 0.570783 -0.06563761 59.153076 0.06195647 0.025890347 0.9977427 6.4127197
0.5591644 -0.82893133 -0.013793804 91.15137 0.8266271 0.5587255 -0.06705756 60.184082 0.063287996 0.026101336 0.9976545 6.4941406
0.5508697 -0.8344744 -0.013854146 91.839355 0.83207524 0.55042195 -0.06842327 61.219727 0.06473218 0.026161766 0.99755955 6.587158
0.53946054 -0.84188503 -0.01463065 92.53052 0.83939135 0.53907025 -0.06948213 62.295166 0.06638013 0.025200907 0.99747604 6.6741943
0.5295592 -0.8481477 -0.01574057 93.19043 0.8455923 0.52926207 -0.06992725 63.36499 0.067639306 0.023714403 0.9974275 6.7700195
0.5193519 -0.8544229 -0.016230483 93.85376 0.8518888 0.51913136 -0.06940155 64.42993 0.067716435 0.022199694 0.99745625 6.8616943
0.5113148 -0.85920256 -0.015074023 94.5022 0.8567854 0.5110693 -0.068009794 65.52417 0.06614871 0.021857249 0.99757046 6.949585
0.5054234 -0.86284935 -0.01265 95.13965 0.8606009 0.50507694 -0.06621536 66.631836 0.06352296 0.022581676 0.9977249 7.039795
0.49697018 -0.8678884 -0.011280103 95.77368 0.8656263 0.49654496 -0.06685738 67.7439 0.06360878 0.023448197 0.99769825 7.133789
0.48790938 -0.8728043 -0.01103012 96.3999 0.87043405 0.4874501 -0.0685555 68.85156 0.065227196 0.023850448 0.99758565 7.225708
0.4826919 -0.8757393 -0.009834423 97.02905 0.8731331 0.48206818 -0.072501235 69.978516 0.0682372 0.026426546 0.9973203 7.3137207
0.47545424 -0.87972295 -0.008647004 97.636475 0.8769032 0.4746774 -0.07593873 71.096924 0.070898265 0.028517123 0.99707526 7.4158936
0.4711625 -0.8820731 -0.007951834 98.24414 0.87900156 0.47023937 -0.079640314 72.223145 0.07397653 0.030540653 0.99679255 7.51416
0.4662688 -0.88457894 -0.005256964 98.8374 0.8815584 0.46515092 -0.08001173 73.35986 0.07324304 0.03267947 0.9967792 7.623657
0.46191615 -0.88694745 -0.0012297663 99.43555 0.8841526 0.46057072 -0.07871121 74.4895 0.07035444 0.035271138 0.9968982 7.7264404
0.45964944 -0.8882406 0.005358071 100.022705 0.8857907 0.45791492 -0.0772212 75.61694 0.06614386 0.0402353 0.9969982 7.82666
0.4554182 -0.89009386 0.0069951713 100.604004 0.88774997 0.45361704 -0.076508366 76.751465 0.06494795 0.041061886 0.9970441 7.930176
0.4526825 -0.8917397 0.009142103 101.177734 0.88949114 0.45075807 -0.07632612 77.87598 0.06394105 0.042677566 0.99704033 8.026733
0.4502493 -0.89288896 0.012696871 101.74414 0.89083326 0.44813696 -0.07565356 78.99878 0.06186367 0.04536135 0.9970524 8.119751
0.44777405 -0.894043 0.0150122065 102.293945 0.8921367 0.44556108 -0.074879095 80.12036 0.060264546 0.04692659 0.9970791 8.207275
0.44527423 -0.8951684 0.016948927 102.85181 0.89337 0.4429682 -0.07451441 81.23999 0.059205778 0.048327547 0.9970756 8.305786
0.44352385 -0.89601845 0.019576702 103.38989 0.8942893 0.44101948 -0.07546463 82.33887 0.058980852 0.050979447 0.9969567 8.388428
0.43951556 -0.89796174 0.022856858 103.940674 0.8964629 0.43689054 -0.07426112 83.43848 0.05669652 0.05314689 0.9969772 8.4748535
0.4395659 -0.89779186 0.02601825 104.484375 0.89646894 0.4367679 -0.074198395 84.53638 0.055244546 0.055955652 0.99690497 8.560181
0.43494412 -0.8998256 0.028104275 105.003174 0.89856076 0.4319902 -0.07502227 85.6062 0.055371553 0.0579026 0.9967866 8.645996
0.4359755 -0.89964837 0.02818717 105.51416 0.89832985 0.43294963 -0.07612147 86.68457 0.05628114 0.05851622 0.9966994 8.726196
0.43596822 -0.8994739 0.028159244 106.03003 0.8981105 0.43290105 -0.07687562 87.751465 0.056954704 0.05880919 0.9966435 8.810425
0.43594128 -0.89973193 0.026751366 106.52783 0.8982516 0.43292066 -0.07745765 88.79004 0.058102947 0.05778135 0.9966361 8.893677
0.43846226 -0.89858687 0.023804536 107.025635 0.8969591 0.43561873 -0.07729772 89.831055 0.05908416 0.055252235 0.99672365 8.973999
0.44204184 -0.8967077 0.023228604 107.52295 0.8950234 0.43919307 -0.077886395 90.84912 0.059652545 0.05521851 0.99669063 9.061035
0.44709194 -0.89407176 0.020448035 108.02197 0.8922524 0.44440025 -0.07791854 91.8772 0.060582284 0.053103007 0.99675125 9.140869
0.45467 -0.89046377 0.018712522 108.531006 0.8885829 0.452077 -0.07775708 92.89624 0.060774237 0.051966798 0.9967969 9.222656
0.4592246 -0.88825727 0.017535578 109.031494 0.8864035 0.45675483 -0.0765538 93.886475 0.05997252 0.050704405 0.9969122 9.302368
0.4685105 -0.8834017 0.01686716 109.54785 0.8816152 0.46612567 -0.07525699 94.88086 0.058626678 0.050116133 0.99702024 9.379639
0.4765009 -0.8789165 0.016324162 110.07959 0.8771766 0.47417665 -0.074389234 95.87085 0.057635967 0.049772076 0.99709684 9.458374
0.48686084 -0.87337077 0.014814375 110.6001 0.87160313 0.48461908 -0.07403761 96.8479 0.057486348 0.048962217 0.9971453 9.537109
0.49658015 -0.86796 0.012876193 111.142334 0.86608356 0.4943992 -0.074709214 97.81372 0.0584617 0.048244264 0.99712294 9.606812
0.50596416 -0.86260736 0.00981852 111.69214 0.8605539 0.5038995 -0.07564472 98.75903 0.060272966 0.04672519 0.99708825 9.681274
0.51762795 -0.8556846 0.005908334 112.25293 0.85348946 0.5157797 -0.07548141 99.70459 0.061521254 0.04410822 0.9971304 9.762085
0.5299142 -0.8480375 0.0035161115 112.82617 0.845868 0.52825314 -0.07378717 100.641846 0.06071703 0.042069573 0.99726766 9.837769
0.5411685 -0.8409556 0.0027114134 113.40625 0.8388694 0.53959394 -0.07220915 101.56152 0.05924795 0.04134645 0.99738634 9.918579
0.55485374 -0.83194166 0.0027126092 114.00781 0.8300243 0.553348 -0.06972177 102.47949 0.05650964 0.04092979 0.99756217 9.991699
0.5655609 -0.8247421 0.0018243697 114.611084 0.8228814 0.56413394 -0.06840185 103.37256 0.05539151 0.04017748 0.9976552 10.061401
0.57700884 -0.816732 0.000501222 115.22388 0.8147724 0.57558066 -0.06959702 104.2561 0.05655759 0.040576875 0.9975751 10.13501
0.5887388 -0.8082824 -0.0005807802 115.85132 0.8062471 0.58730733 -0.07048755 105.12012 0.057325825 0.041023258 0.9975117 10.205566
0.5990658 -0.80066836 0.00055750075 116.479004 0.7986221 0.5974839 -0.07186149 105.96777 0.057220545 0.043497793 0.99741346 10.272949
0.61030024 -0.79223496 -0.00044700995 117.11499 0.79019713 0.60876995 -0.07132364 106.80371 0.056791525 0.043171357 0.99745154 10.349121
0.62101096 -0.7838313 -1.1111493e-05 117.761475 0.7819476 0.6195196 -0.06928105 107.62988 0.05430719 0.043015283 0.9975973 10.416748
0.6299409 -0.7766481 0.0015929464 118.40112 0.7749877 0.62845767 -0.06667316 108.434814 0.05078108 0.043233156 0.9977734 10.483765
0.64201427 -0.7667001 0.00163256 119.059326 0.7651443 0.6405723 -0.06506653 109.22949 0.048851877 0.043023113 0.99787885 10.555664
0.64992636 -0.75998807 -0.0014439949 119.701416 0.7583217 0.64862514 -0.06497891 109.99536 0.050317656 0.041135136 0.99788564 10.616699
0.65878654 -0.752423 -0.0045600417 120.34912 0.75076413 0.6577137 -0.06265733 110.7583 0.050139457 0.037853114 0.99802446 10.667847
0.6691729 -0.7431349 -0.0050354023 121.02734 0.74150205 0.6681228 -0.06206957 111.51123 0.049494788 0.03780026 0.9980585 10.733887
0.67766494 -0.7352713 -0.0043775225 121.68921 0.7337244 0.6766029 -0.061086297 112.23926 0.047873884 0.03818779 0.9981235 10.800293
0.6856744 -0.7277655 -0.0036394591 122.35425 0.72631776 0.68460995 -0.059812166 112.95874 0.046026632 0.038364556 0.998203 10.854004
0.6945291 -0.71959084 -0.0033306312 123.0332 0.7182557 0.69350797 -0.057864055 113.65991 0.043940034 0.03779784 0.9983189 10.914673
0.7022665 -0.7118528 -0.0049096765 123.697266 0.7105162 0.70133936 -0.05681068 114.348145 0.043882813 0.036412567 0.99837327 10.96814
0.7103124 -0.70387524 -0.004305436 124.383545 0.70259136 0.70936203 -0.05633243 115.02637 0.04270364 0.036982376 0.9984026 11.025635
0.7166286 -0.69748676 -0.0039841183 125.045654 0.6963579 0.71577203 -0.05306521 115.68701 0.03986407 0.035251565 0.99858284 11.074585
0.7237878 -0.68992025 -0.002732907 125.71777 0.6889335 0.72295344 -0.050744954 116.34302 0.036992952 0.0348446 0.99870765 11.124756
0.7311665 -0.68232495 -0.0035303016 126.39868 0.681382 0.7304094 -0.0490461 116.98706 0.036032796 0.033460077 0.9987906 11.172852
0.73774153 -0.6750791 -0.0039000232 127.062256 0.6741698 0.73702496 -0.04795125 117.60474 0.035240963 0.03274459 0.9988422 11.217163
0.7454466 -0.6665392 -0.0054158913 127.72583 0.665666 0.7448412 -0.045763955 118.21167 0.034541328 0.030515954 0.9989376 11.258789
0.75634426 -0.6542416 -0.0038053184 128.40723 0.6535486 0.7557871 -0.041978452 118.80176 0.030345231 0.029262101 0.9991107 11.303955
0.76448315 -0.64464325 -0.0026885115 129.07544 0.6440875 0.76398516 -0.038526483 119.377686 0.0268891 0.027716255 0.9992538 11.33606
0.7745987 -0.63233566 -0.0026155557 129.76025 0.6318431 0.77414614 -0.03646867 119.934814 0.02509369 0.026596751 0.9993311 11.379028
0.78315985 -0.6219682 -0.0051368456 130.42163 0.6214201 0.78276974 -0.036316976 120.477295 0.026599726 0.025249053 0.9993272 11.410034
0.79328525 -0.6087493 -0.0071416595 131.10156 0.6081553 0.792938 -0.03639673 121.01367 0.027821708 0.024532067 0.99931186 11.434937
0.80366594 -0.59513277 -0.007105463 131.79272 0.5945549 0.80331594 -0.03605619 121.52734 0.02716427 0.02475593 0.99932444 11.467529
0.8127617 -0.58259827 -0.0056667114 132.4751 0.58210623 0.81240916 -0.03431919 122.02026 0.02459894 0.024594048 0.9993947 11.4991455
0.82281256 -0.5683667 -0.004043174 133.18115 0.5679706 0.82246757 -0.03215506 122.51782 0.021599542 0.024164585 0.9994747 11.530273
0.8317299 -0.55520135 -0.0020766659 133.87671 0.55488837 0.83137584 -0.030667905 122.9978 0.01875344 0.02435384 0.9995274 11.5563965
0.8402793 -0.5421757 0.00037516304 134.60132 0.54194707 0.8399045 -0.02962313 123.454834 0.015744548 0.025094189 0.999561 11.5789795
0.84900105 -0.52852243 0.0024053552 135.32593 0.52836466 0.848617 -0.028711868 123.903076 0.01313062 0.025645338 0.9995848 11.594849
0.85577506 -0.51738304 0.004817124 136.04565 0.5172892 0.85534793 -0.02917427 124.34546 0.010973368 0.027459092 0.9995626 11.620728
0.8618682 -0.5070507 0.0047635566 136.77539 0.50696373 0.8614496 -0.02884611 124.77759 0.0105255265 0.027275803 0.9995724 11.635986
0.8689595 -0.49485627 0.004381619 137.52026 0.4947871 0.8686022 -0.026617723 125.216064 0.00936567 0.025296688 0.9996361 11.662109
0.87458473 -0.4848167 0.004189835 138.26807 0.48475647 0.87425536 -0.025528677 125.62378 0.008716723 0.024358565 0.9996652 11.677368
0.88127774 -0.47259292 0.004264943 139.02173 0.47255364 0.88099056 -0.023695676 126.03638 0.007437624 0.022898046 0.9997102 11.692627
0.88645416 -0.46271607 0.0047949795 139.78516 0.46268895 0.8861521 -0.024163958 126.437744 0.0069332477 0.023638852 0.9996965 11.7092285
0.8913433 -0.4532846 0.0044365777 140.54858 0.45324984 0.8910353 -0.024492864 126.828125 0.0071502384 0.023842266 0.99969006 11.722046
0.8955125 -0.44496113 0.0045390544 141.34033 0.44492382 0.89517593 -0.02562373 127.21826 0.0073394803 0.024966113 0.9996614 11.740723
0.8988885 -0.43818995 0.004290137 142.10278 0.43815616 0.8985781 -0.024619196 127.61304 0.006931775 0.024009168 0.9996878 11.750977
0.90269125 -0.43014365 0.0078085926 142.91113 0.43020588 0.9024096 -0.0227186 128.00171 0.0027256338 0.02386836 0.9997115 11.758545
0.9051913 -0.4248365 0.010384941 143.71924 0.42496172 0.90498626 -0.019300941 128.38818 -0.0011968063 0.021884477 0.9997597 11.765869
0.90822774 -0.41821906 0.012342593 144.53735 0.41837487 0.9081063 -0.015575693 128.7793 -0.0046926565 0.0193108 0.9998025 11.772827
0.91147727 -0.4111216 0.013374786 145.36743 0.4112846 0.91140383 -0.0133753605 129.1626 -0.006690102 0.017691681 0.99982107 11.773315
0.91425025 -0.4047958 0.015380057 146.2312 0.40497556 0.9142317 -0.011178523 129.56738 -0.009536282 0.016449135 0.99981934 11.771118
0.9168131 -0.39889812 0.018153064 147.0918 0.3991061 0.9168514 -0.009662544 129.9314 -0.012789115 0.016102381 0.9997886 11.768555
0.9211822 -0.38860622 0.020851873 147.97998 0.38885295 0.92126685 -0.009326201 130.30615 -0.015585577 0.016696902 0.99973917 11.758667
0.92389345 -0.38200548 0.022151595 148.87671 0.38228092 0.9239935 -0.009762871 130.67578 -0.016738385 0.017488815 0.99970686 11.75293
0.9278693 -0.37214836 0.022844128 149.79248 0.37244493 0.9279739 -0.010347244 131.05225 -0.017347896 0.018110525 0.9996855 11.736816
0.9314318 -0.3631693 0.023486681 150.7207 0.36352882 0.9314923 -0.013327377 131.41504 -0.01703815 0.020949405 0.99963546 11.7323
0.9354166 -0.35286838 0.022316221 151.6604 0.35323036 0.9354254 -0.015033942 131.76636 -0.015569783 0.02194467 0.99963784 11.718262
0.9395365 -0.34175864 0.020905768 152.61499 0.34209737 0.93951714 -0.015551524 132.11523 -0.014326964 0.02176205 0.9996606 11.716187
0.94421786 -0.328798 0.018793974 153.58374 0.329065 0.9442165 -0.013442297 132.46802 -0.013326777 0.018878948 0.99973285 11.703125
0.9494417 -0.31324816 0.01960956 154.56714 0.31349817 0.9494951 -0.011254632 132.80396 -0.015091918 0.016835673 0.99974424 11.689575
0.95576715 -0.2934356 0.02136821 155.58667 0.29363593 0.95591986 -0.0068705315 133.12524 -0.018411405 0.0128384745 0.99974805 11.679443
0.96147776 -0.27393773 0.022321519 156.6128 0.27409232 0.96168387 -0.0041269185 133.4414 -0.020335855 0.010087084 0.9997423 11.670532
0.96770227 -0.2510693 0.022802418 157.66113 0.2511829 0.9679389 -0.0022176711 133.72168 -0.021514561 0.007873244 0.99973756 11.656616
0.9727139 -0.23071499 0.024270441 158.72778 0.23078322 0.9730003 -1.2753066e-05 133.99243 -0.023612529 0.005612913 0.99970555 11.636597
0.9778629 -0.20736566 0.027984377 159.81909 0.20743074 0.9782493 0.0005902187 134.23218 -0.027498078 0.005228649 0.99960804 11.619751
0.981715 -0.18779679 0.031159338 160.88843 0.18781033 0.98220366 0.0025164173 134.44751 -0.031077383 0.0033820644 0.9995111 11.590942
0.98562086 -0.16519196 0.035549875 162.03589 0.16515611 0.9862594 0.003962403 134.64941 -0.035716187 0.0019641402 0.9993605 11.56958
0.989095 -0.14198725 0.039030373 163.15381 0.14185445 0.9898648 0.006166695 134.8357 -0.03951035 -0.0005611675 0.9992188 11.525391
0.99197453 -0.1199503 0.039967306 164.28491 0.11973478 0.9927753 0.0077496767 134.98877 -0.040608183 -0.0029012077 0.9991708 11.487793
0.9945202 -0.097420216 0.03794431 165.46948 0.09720483 0.99523664 0.007485365 135.11523 -0.03849278 -0.0037563294 0.9992519 11.45166
0.9964586 -0.07541835 0.037209082 166.62915 0.07517488 0.9971403 0.007899782 135.21826 -0.037698433 -0.0050749253 0.9992761 11.414673
0.9976803 -0.05555652 0.039332815 167.82153 0.055375148 0.9984496 0.0056848964 135.2876 -0.0395877 -0.0034933654 0.9992098 11.375488
0.99848664 -0.036493737 0.04113356 169.01953 0.036274016 0.9993231 0.0060756207 135.34692 -0.041327506 -0.004574012 0.9991353 11.338135
0.9989977 -0.014081604 0.042486466 170.24023 0.013819687 0.99988383 0.0064518773 135.38281 -0.042572375 -0.005858245 0.9990762 11.297119
0.99904317 0.003973257 0.043544635 171.46582 -0.004302332 0.9999629 0.0074653095 135.39746 -0.043513358 -0.0076455553 0.9990232 11.258545
0.99863464 0.026544746 0.04498201 172.71045 -0.026933476 0.9996048 0.008053757 135.39917 -0.044750385 -0.009254541 0.9989549 11.202637
0.99797165 0.045710973 0.04431717 173.95215 -0.046205033 0.9988805 0.010186647 135.35693 -0.0438019 -0.012213336 0.99896556 11.153687
0.99698603 0.0644152 0.043252952 175.20386 -0.06495579 0.99782574 0.011211731 135.2815 -0.042436894 -0.013987078 0.9990013 11.108154
0.9953958 0.08663471 0.040980052 176.50244 -0.08714787 0.99613476 0.010901746 135.19727 -0.03987715 -0.01442387 0.9991003 11.061035
0.9938322 0.104062624 0.038305447 177.75635 -0.10457456 0.99444824 0.01161144 135.08179 -0.036884412 -0.015544886 0.99919903 11.020996
0.9918454 0.121822625 0.037451588 179.07812 -0.12236285 0.99240726 0.012481071 134.93579 -0.035646815 -0.016961474 0.9992207 10.978027
0.9889672 0.14387922 0.03528721 180.38623 -0.1443974 0.98944134 0.012584626 134.75415 -0.03310389 -0.017542297 0.9992976 10.938965
0.98623633 0.16239144 0.03110478 181.6853 -0.16288944 0.9865425 0.014195807 134.56201 -0.02838158 -0.019066937 0.99941546 10.902832
0.98313034 0.18117043 0.025426527 183.00757 -0.18161118 0.9832437 0.01623616 134.34497 -0.022059698 -0.020578442 0.9995449 10.8811035
0.9801174 0.19722049 0.021761527 184.31885 -0.19762966 0.98010045 0.018580846 134.10449 -0.017663509 -0.02251234 0.99959046 10.853882
0.97656375 0.21442297 0.018711563 185.63867 -0.21479355 0.9764413 0.020745557 133.83813 -0.013823157 -0.024278449 0.99960977 10.839233
0.97256297 0.23199527 0.017059028 186.97827 -0.23236105 0.972328 0.024052348 133.53638 -0.011007911 -0.027357096 0.99956524 10.82666
0.9678954 0.2506317 0.018430248 188.344 -0.25101852 0.9676967 0.023025189 133.2063 -0.012064217 -0.026912535 0.9995651 10.8186035
0.9639652 0.26543772 0.017586563 189.68091 -0.2657854 0.96378326 0.021802416 132.85132 -0.011162688 -0.0256913 0.9996077 10.814941
0.958868 0.28351524 0.01389487 191.0249 -0.2837654 0.958648 0.021755552 132.46753 -0.0071532163 -0.024803836 0.9996668 10.807495
0.95404726 0.29953432 0.009812744 192.39624 -0.29968736 0.9537458 0.024083197 132.06006 -0.0021470026 -0.025916962 0.99966186 10.810059
0.94895446 0.3152476 0.010537978 193.7063 -0.31541815 0.9486056 0.025795247 131.64917 -0.0018638838 -0.027802303 0.9996116 10.812256
0.9422303 0.33481926 0.011732046 195.08398 -0.33501893 0.9418423 0.027114287 131.18091 -0.0019729752 -0.02947757 0.9995635 10.817139
0.93624455 0.3511916 0.010848034 196.43799 -0.35135785 0.9357128 0.031571202 130.70093 0.00093619525 -0.033369746 0.99944264 10.822266
0.9299618 0.36750656 0.008411904 197.73804 -0.3675802 0.9294076 0.03235398 130.2107 0.004077333 -0.033179875 0.9994407 10.836548
0.9230882 0.38444912 0.0064504184 199.12183 -0.38444358 0.9225196 0.033090085 129.65039 0.0067751757 -0.03302566 0.9994313 10.849365
0.91547596 0.4024465 0.0018452071 200.47412 -0.40227485 0.91493094 0.033749755 129.0791 0.011892799 -0.031638082 0.9994284 10.870728
0.90637696 0.4224935 -0.0018782695 201.77832 -0.42212892 0.9057632 0.037731636 128.50708 0.017640922 -0.033403166 0.999286 10.90332
0.8964423 0.44314632 -0.0030035186 203.13916 -0.44267854 0.89576936 0.04036485 127.87988 0.020579506 -0.03485674 0.9991804 10.941895
0.8850883 0.46543843 -0.0026712767 204.44556 -0.46490917 0.8843284 0.04294553 127.23218 0.02234796 -0.036768667 0.9990739 10.978882
0.8721031 0.48938376 -0.0014566625 205.77539 -0.48877743 0.8711628 0.047268257 126.51709 0.02439856 -0.04051261 0.99888116 11.026245
0.8581432 0.51349944 -0.0016941049 207.11133 -0.5127567 0.85707027 0.051042706 125.771484 0.027657129 -0.04293328 0.9986952 11.077148
0.8429224 0.5381903 -0.0011982752 208.34644 -0.53732413 0.8416873 0.054899883 125.05664 0.030543424 -0.04563391 0.99849147 11.128296
0.82793826 0.5607323 -0.00121729 209.61597 -0.55980915 0.82669604 0.055598013 124.22827 0.032188803 -0.045350254 0.99845237 11.187866
0.81135577 0.58453804 -0.001806197 210.8706 -0.5834875 0.8100762 0.05748716 123.36841 0.035066877 -0.045582235 0.9983444 11.247925
0.79506665 0.60639673 -0.004395189 212.10449 -0.6051281 0.793833 0.05931177 122.481445 0.03945622 -0.044499725 0.9982306 11.314819
0.77920455 0.6267922 -0.0074903797 213.29395 -0.62522465 0.77800137 0.062388234 121.56055 0.044927232 -0.043928094 0.99802387 11.388672
0.7624591 0.6471429 -0.0095198415 214.4585 -0.6454006 0.7613427 0.063591756 120.60986 0.048386164 -0.042336073 0.9979305 11.469971
0.74546117 0.666431 -0.010991486 215.6416 -0.664519 0.7443976 0.06519888 119.60278 0.051632226 -0.04130168 0.99781203 11.5563965
0.7291729 0.68421197 -0.0117467055 216.77661 -0.6822396 0.7281907 0.065310135 118.59546 0.05323923 -0.03961856 0.9977964 11.646606
0.71219325 0.70177525 -0.012609719 217.89258 -0.69973165 0.7112975 0.06556914 117.54004 0.054986782 -0.037872802 0.9977685 11.73938
0.69940525 0.7144626 -0.014578665 218.98218 -0.71230406 0.69863987 0.06604835 116.46216 0.0573852 -0.035809807 0.99770975 11.841919
0.68204975 0.73105514 -0.01716083 220.04565 -0.7287474 0.6814641 0.06679041 115.362305 0.060533572 -0.033049133 0.997619 11.937866
0.6677694 0.7440783 -0.019292327 221.09375 -0.74152446 0.6672779 0.06944499 114.24219 0.06454982 -0.03206962 0.9973993 12.050781
0.65241593 0.7575588 -0.020951988 222.1228 -0.75486034 0.6520476 0.07071262 113.10254 0.06723615 -0.030318921 0.9972764 12.155151
0.636623 0.7707945 -0.02035454 223.12354 -0.76808697 0.63626117 0.07099965 111.94092 0.06769244 -0.029567568 0.9972684 12.278687
0.6218261 0.7829018 -0.01780993 224.11255 -0.7802007 0.6213167 0.071916685 110.726074 0.06737853 -0.030823488 0.9972513 12.394897
0.60553855 0.79583055 -0.012895477 225.0791 -0.79321563 0.6047284 0.072811306 109.54736 0.06573506 -0.033864688 0.9972624 12.51355
0.58513594 0.8108882 -0.0078080986 226.00659 -0.80840725 0.5840511 0.07312502 108.31128 0.06385155 -0.036465704 0.99729216 12.629761
0.569798 0.8218082 -0.004585054 226.93384 -0.81934416 0.5685038 0.07441975 107.07593 0.06376419 -0.038655035 0.9972168 12.7491455
0.54999536 0.8350701 -0.0017749376 227.75977 -0.83252853 0.5484845 0.07682189 105.87109 0.065132536 -0.040778354 0.9970435 12.864136
0.5335188 0.84572303 0.0013301782 228.58765 -0.8430346 0.53169477 0.080541365 104.60889 0.06741224 -0.044110224 0.9967513 12.986206
0.5134461 0.8581988 0.0045427075 229.3794 -0.8556215 0.51148015 0.080319956 103.35718 0.066594996 -0.045111135 0.99675864 13.110107
0.4930013 0.87004095 0.008792927 230.13232 -0.8677266 0.4908966 0.07855575 102.0957 0.06401376 -0.046356324 0.9968719 13.226318
0.4718804 0.8816324 0.011993429 230.83618 -0.8795374 0.46971726 0.07661492 100.82861 0.061906412 -0.046694927 0.9969887 13.345215
0.44930357 0.893258 0.015323618 231.52148 -0.8914033 0.4470963 0.07433534 99.55151 0.05952925 -0.047060736 0.99711686 13.45752
0.42856726 0.9032947 0.017416513 232.16797 -0.9015115 0.426296 0.07392201 98.275635 0.059347693 -0.04738648 0.9971123 13.562256
0.40823716 0.9125114 0.019145543 232.7605 -0.9108249 0.40595582 0.072803214 97.00708 0.05866665 -0.04716085 0.9971628 13.666992
0.3848462 0.9228412 0.018690981 233.33716 -0.9212041 0.38273272 0.070659615 95.70874 0.05803266 -0.044417348 0.99732655 13.774292
0.36317015 0.93143475 0.018119087 233.87036 -0.92964226 0.36106977 0.0720368 94.420166 0.06055064 -0.04303021 0.99723864 13.877075
0.34280384 0.93933254 0.017295834 234.35327 -0.9375221 0.3408358 0.07100284 93.14966 0.060794543 -0.040545158 0.99732584 13.97583
0.31882244 0.94751376 0.017686233 234.82056 -0.9458235 0.31697673 0.068473145 91.85986 0.059263363 -0.038561787 0.99749714 14.081055
0.30073532 0.95355225 0.017715424 235.24463 -0.9518891 0.29895657 0.06745441 90.57202 0.059034556 -0.037161604 0.9975647 14.184448
0.28054208 0.9595676 0.018826116 235.65039 -0.95759755 0.278546 0.07243955 89.309814 0.06426264 -0.03834208 0.9971954 14.285156
0.25953472 0.9655216 0.021117833 236.02124 -0.96294403 0.25704885 0.08184841 88.05029 0.07363437 -0.041591167 0.99641883 14.391235
0.24236931 0.9698973 0.023401853 236.36206 -0.96685815 0.23947205 0.08849189 86.799805 0.08024767 -0.04410085 0.995801 14.506958
0.22387822 0.9741994 0.027207363 236.68091 -0.9709154 0.22053511 0.09280858 85.54224 0.084384724 -0.04716661 0.9953136 14.62439
0.20108137 0.97906625 0.031604283 236.97632 -0.9758642 0.19741112 0.093401566 84.291504 0.08517307 -0.049620487 0.9951291 14.749756
0.18357204 0.98236966 0.035722993 237.24023 -0.9793489 0.1796275 0.092935376 83.056885 0.084877916 -0.052061345 0.99503154 14.877319
0.1639452 0.9855689 0.04131049 237.47778 -0.9827866 0.15960015 0.09266548 81.8125 0.084725514 -0.055770557 0.9948403 15.003174
0.14786291 0.9880505 0.042820115 237.67505 -0.98540103 0.14351018 0.09128556 80.57373 0.08404875 -0.0557087 0.9949042 15.121582
