7.776268258845484560e-01 -6.283645951144981590e-01 2.131795654644788249e-02 -6.595753479556539389e+01 6.274000185587258471e-01 7.777415202964979013e-01 3.856610324369560278e-02 2.571148589654778149e+01 -4.081343378391777410e-02 -1.661515011925519120e-02 9.990286284232706704e-01 -8.849921291639231136e-01 -4.809208017785018303e-24 -1.416202385148814181e-23 -3.430527606006730092e-24 9.999999999999997780e-01
7.495329982191447638e-01 -6.613872343294131539e-01 2.769857120341069970e-02 -6.555817501769445244e+01 6.606379439035610091e-01 7.500231719326853064e-01 3.198044150584672396e-02 2.609061844266307517e+01 -4.192602599217096215e-02 -5.671669077361506800e-03 9.991046194039849837e-01 -8.925462333771086998e-01 -4.809208017785018303e-24 -1.416202385148814181e-23 -3.430527606006730092e-24 9.999999999999997780e-01
7.211083496697159312e-01 -6.927271525775184902e-01 1.148216523405702974e-02 -6.520597954216013648e+01 6.923773268146676818e-01 7.211401182994888748e-01 2.388654625458957320e-02 2.648784337147681356e+01 -2.482710916707512802e-02 -9.274797078155533683e-03 9.996487347011275837e-01 -9.018792523354433044e-01 5.016653746809175596e-19 9.127266720495907668e-19 -5.488965784599211988e-20 9.999999999999997780e-01
6.910106917242810898e-01 -7.227065998935489066e-01 -1.412070795092271180e-02 -6.487016676801307824e+01 7.228407041909319375e-01 6.909387780861625528e-01 1.024310995525712017e-02 2.690131644646272235e+01 2.353781529222609414e-03 -1.728512097450932844e-02 9.998478305749372019e-01 -9.077741290812942898e-01 3.112207750500528163e-19 3.666065361983287235e-18 -9.516996921232124707e-20 1.000000000000000000e+00
6.563261474482799951e-01 -7.539401251621888900e-01 -2.846534465133516295e-02 -6.453084637147198066e+01 7.539895908527950441e-01 6.567912482491596871e-01 -1.117824265893020697e-02 2.732321006395250507e+01 2.712351491476031398e-02 -1.412600062756600230e-02 9.995322761396636668e-01 -9.271888042074292180e-01 8.073424374966982981e-19 4.267497738788991310e-18 -1.476131412163187538e-19 1.000000000000000000e+00
6.189184754601049221e-01 -7.849600970940765476e-01 -2.788488307658044257e-02 -6.419367172294556667e+01 7.842494911476766140e-01 6.195451834749030606e-01 -3.341408786205254944e-02 2.776717399490917870e+01 4.350467065436307290e-02 -1.188109045048767794e-03 9.990525171522015579e-01 -9.384795265279725074e-01 4.741644750336999584e-19 6.217745422214018173e-18 -1.903896464767010933e-19 9.999999999999998890e-01
5.860944483329180166e-01 -8.099373095858586336e-01 -2.224527307430149148e-02 -6.386819369127484691e+01 8.089792863692341074e-01 5.864925707464848648e-01 -3.973636476447299504e-02 2.825842292817259249e+01 4.523065176236412688e-02 5.293297648652596672e-03 9.989625464156055568e-01 -9.603743033525410366e-01 6.113661773211985287e-19 8.965621331489576786e-18 -2.074782696747098265e-19 9.999999999999996669e-01
5.573152599156094844e-01 -8.301472964935251442e-01 -1.597395347699356871e-02 -6.356550848488617333e+01 8.298014275806369078e-01 5.575441295423076982e-01 -2.396110177006134656e-02 2.876352304737589449e+01 2.879742784210221479e-02 9.867826153056558861e-05 9.995852632028316975e-01 -9.315743525404894809e-01 5.273227421728773637e-19 1.261257162812135658e-17 -2.256903103896191631e-19 9.999999999999992228e-01
5.286872529014214894e-01 -8.487802124293429840e-01 -7.870172040462572460e-03 -6.328526952239013070e+01 8.487403323474386196e-01 5.287413354322760828e-01 -8.511665644108462603e-03 2.927620442223240715e+01 1.138581864828970558e-02 -2.179723306254112078e-03 9.999328037123342838e-01 -8.755980325724092017e-01 7.403375310160982583e-19 1.864446371921369248e-17 -2.619838635200297983e-19 9.999999999999987788e-01
4.987633673322115491e-01 -8.667156621485124779e-01 -6.250151510116565105e-03 -6.301039964395756243e+01 8.667009896377655398e-01 4.987958055778426436e-01 -5.669117995735798061e-03 2.979484045272386794e+01 8.031062714944102454e-03 -2.589464117846599321e-03 9.999643977198602318e-01 -8.681288841308556492e-01 -3.158092708067409147e-19 2.608194439743607116e-17 -2.100043094597465412e-19 9.999999999999983347e-01
4.712499993718265445e-01 -8.819891766913846576e-01 -4.304682486389050343e-03 -6.274871766358849356e+01 8.818692819342266453e-01 4.712586373509207727e-01 -1.489517717056546529e-02 3.031749501482077847e+01 1.516600385210284917e-02 3.223184979046158413e-03 9.998797944781860902e-01 -8.631320849245731619e-01 -2.489056051026616409e-18 3.449440041116726181e-17 -1.445558365082951878e-19 9.999999999999977796e-01
4.458221394482834166e-01 -8.951051185430396462e-01 -5.426484664010295181e-03 -6.250031644045878210e+01 8.948524875334392670e-01 4.458285664441363760e-01 -2.181547381002866756e-02 3.085471400141448228e+01 2.194642414938416386e-02 4.869917906914054788e-03 9.997472872514459041e-01 -8.583684686705308486e-01 -3.998413724163970339e-18 4.496420658112480441e-17 -1.256396543526818881e-19 9.999999999999972244e-01
4.227075554193280293e-01 -9.062479428766024858e-01 -5.743572350446552593e-03 -6.226190616484775120e+01 9.060054091085357753e-01 4.227294681889979810e-01 -2.130716758960399249e-02 3.141021805855882931e+01 2.173755408181377372e-02 3.802993107601457430e-03 9.997564783415778811e-01 -8.540296806582814426e-01 -5.276112452192168033e-18 5.382181400773549971e-17 -1.177962668780829465e-19 9.999999999999965583e-01
4.030786494195600644e-01 -9.151515756715936645e-01 -5.019554552601463576e-03 -6.202873354672233575e+01 9.150432297176204210e-01 4.031084011289909896e-01 -1.412461281381968171e-02 3.198805010559841122e+01 1.494958628239578813e-02 1.100220447013440647e-03 9.998876433804670949e-01 -8.474650221049915277e-01 -6.950982108729655904e-18 6.315544524937951053e-17 -1.071011458388518236e-19 9.999999999999958922e-01
3.859116668034304753e-01 -9.225329960794920181e-01 -2.248681746832588164e-03 -6.180184422279337042e+01 9.225184479466147502e-01 3.859182109471213651e-01 -5.181472522773922576e-03 3.257163021877781972e+01 5.647886607263659896e-03 -7.485969725276263016e-05 9.999840477592074617e-01 -8.429466259898771296e-01 -8.333509798886877264e-18 7.231186790735330780e-17 -9.009670174656340781e-20 9.999999999999952260e-01
3.696375231194546362e-01 -9.291749537707653106e-01 1.416611173102711547e-03 -6.157732253257879051e+01 9.291743672109733510e-01 3.696393180425483482e-01 1.330366523074955022e-03 3.316121793420278863e+01 -1.759778440535400513e-03 8.245254039227449669e-04 9.999981116670620951e-01 -8.398079186691809195e-01 -8.812982529479722104e-18 8.140012467208668452e-17 -7.010345189316633966e-20 9.999999999999944489e-01
3.554867366212290380e-01 -9.346794211178474088e-01 1.886749903847868143e-03 -6.136152666492221641e+01 9.346742430234351584e-01 3.554911769254656684e-01 3.175304185696782924e-03 3.375804781714375480e+01 -3.638614422045350141e-03 6.347180154020702885e-04 9.999931787857955223e-01 -8.406114101733880295e-01 -9.169729600644743272e-18 9.014209072050170969e-17 -5.770355593061263130e-20 9.999999999999935607e-01
3.425764345703423142e-01 -9.394898642197118122e-01 4.260346274846390580e-04 -6.115744595925641391e+01 9.394875176143615558e-01 3.425765426472026087e-01 2.125246961497304424e-03 3.435796659986343116e+01 -2.142597449024904489e-03 -3.278053120561630514e-04 9.999976509071608621e-01 -8.458556194572119935e-01 -8.333965979395763727e-18 9.844216063981279490e-17 -4.253956266879521299e-20 9.999999999999927836e-01
3.303999567890818501e-01 -9.438310822490957319e-01 -4.330904556471597971e-03 -6.096089996937155320e+01 9.438409280312999305e-01 3.303944355882056372e-01 1.954355473501746994e-03 3.497134673967320850e+01 -4.136746751360398443e-04 -4.733403939788822026e-03 9.999887118164874078e-01 -8.506588858325068170e-01 -6.392661643883099400e-18 1.065563714474353062e-16 -1.745113181472582635e-20 9.999999999999918954e-01
3.198841534717146162e-01 -9.474282774721560774e-01 -7.333989625775483474e-03 -6.076510437089444849e+01 9.474566509944669646e-01 3.198758005788529535e-01 2.316611822569006503e-03 3.559851488273213960e+01 1.511422543499859488e-04 -7.689684661048572234e-03 9.999704225154991688e-01 -8.574633178335935302e-01 -5.183839994204392069e-18 1.163511553150970498e-16 4.898201753859403251e-20 9.999999999999907851e-01
3.118792739458545182e-01 -9.500759132155501829e-01 -9.331538493028049275e-03 -6.057109232627617246e+01 9.501216554214444443e-01 3.118683181068745425e-01 2.644250432891308202e-03 3.622794679436498200e+01 3.979725703661235979e-04 -9.690783705763914013e-03 9.999529640583082468e-01 -8.604959957538984572e-01 -2.702563318634742912e-18 1.238709107763313911e-16 1.456959643309723438e-19 9.999999999999893419e-01
3.057938023819467555e-01 -9.520340395638778874e-01 -1.101535003870775416e-02 -6.037345049034995981e+01 9.520959781716759052e-01 3.057951649964544272e-01 1.601690999388295875e-03 3.686907586820923655e+01 1.843576430294804327e-03 -1.097745765094862956e-02 9.999380464056076834e-01 -8.580397074968585391e-01 6.482031300316071137e-19 1.323000537369274806e-16 2.674675024402631122e-19 9.999999999999881206e-01
3.012079975660831854e-01 -9.534743557653462265e-01 -1.266471871322326359e-02 -6.017322633513465746e+01 9.535559442061004587e-01 3.012111610491606251e-01 1.702271592191162419e-03 3.752021229833634663e+01 2.191682318263665340e-03 -1.258925562828759094e-02 9.999183502523280032e-01 -8.590762767317953186e-01 3.474538685556875900e-18 1.394976044104387737e-16 3.791000068274667381e-19 9.999999999999868994e-01
2.978964305960556946e-01 -9.545136903249596960e-01 -1.270163849077315422e-02 -5.997396072175322246e+01 9.545946754754898178e-01 2.979050993702669903e-01 1.247927473062036396e-03 3.817397211403487489e+01 2.592719019183029137e-03 -1.249666961297218361e-02 9.999185522114630853e-01 -8.649998755318021315e-01 6.469555184940652548e-18 1.503587526560672500e-16 5.122278475566978831e-19 9.999999999999857891e-01
2.956295278324181930e-01 -9.552303671939044172e-01 -1.175278112498063555e-02 -5.977045472936976012e+01 9.552935927825428886e-01 2.956579644490879843e-01 -7.208650243645156174e-04 3.883325071464302169e+01 4.163395505942434072e-03 -1.101424751928336068e-02 9.999306738416628981e-01 -8.673299953924945571e-01 1.005765174832631921e-17 1.599651451992788130e-16 6.439330222228657152e-19 9.999999999999845679e-01
2.947765791775623367e-01 -9.555031635677381230e-01 -1.097600931160709961e-02 -5.956679097558793501e+01 9.555525161149959201e-01 2.948143885873469872e-01 -1.966018338632323503e-03 3.950195429431605021e+01 5.114422216519580455e-03 -9.908617154142828481e-03 9.999378290631282251e-01 -8.650630786565244312e-01 1.355274418147964258e-17 1.663215502454924791e-16 7.387311374809462363e-19 9.999999999999830136e-01
2.944852096256490581e-01 -9.555958941431585973e-01 -1.072139955710897652e-02 -5.936029352083140509e+01 9.556448255005937087e-01 2.945175653853779885e-01 -1.539861469807954917e-03 4.018078725723908917e+01 4.629125793174792766e-03 -9.792383581142009505e-03 9.999413384885080802e-01 -8.637478021576807663e-01 1.858419358805894912e-17 1.711151894051284332e-16 7.876417459846304752e-19 9.999999999999815703e-01
2.935117133259804723e-01 -9.558787091387956902e-01 -1.211476601443934459e-02 -5.915347398180480099e+01 9.559505762081266234e-01 2.935272180107154072e-01 5.178167396487078859e-04 4.086994803252716224e+01 3.061043568396478159e-03 -1.173310283057029009e-02 9.999264794524833633e-01 -8.644965593005861093e-01 2.275416897842365579e-17 1.783988431510032822e-16 8.406925453201106052e-19 9.999999999999800160e-01
2.929586102964902294e-01 -9.560673752306620976e-01 -1.050840961746948334e-02 -5.894468213231392184e+01 9.561248207829127210e-01 2.929320707800247003e-01 4.016091545554155949e-03 4.156520951090983829e+01 -7.614039128009365224e-04 -1.122389986022248771e-02 9.999367201658343474e-01 -8.663129638237274666e-01 2.666039077936450729e-17 1.844321328416520656e-16 9.081329337541126807e-19 9.999999999999784617e-01
2.923138917392739677e-01 -9.563010278571624223e-01 -6.397875863229833017e-03 -5.872697059986147394e+01 9.563182797326607032e-01 2.922863737417854546e-01 4.901384903535577035e-03 4.226785736170177898e+01 -2.817187485468334446e-03 -7.551148535528424272e-03 9.999675212777969779e-01 -8.725899448770357836e-01 3.167822110527566838e-17 1.920790578012894279e-16 9.652241254531680842e-19 9.999999999999765743e-01
2.918559625581349515e-01 -9.564602858348744130e-01 -1.954159645644811070e-03 -5.850669895329806280e+01 9.564614005272555897e-01 2.918523103941718655e-01 1.954026344140605102e-03 4.296821531847829334e+01 -1.298622588192646426e-03 -2.439372511056894701e-03 9.999961815132689669e-01 -8.778021245064117073e-01 3.676148912656055459e-17 1.984576112755911019e-16 1.011532488210360425e-18 9.999999999999745759e-01
2.914626455955264261e-01 -9.565821817880998390e-01 2.360253390461190381e-04 -5.828307525357489993e+01 9.565782425454166793e-01 2.914607168822179184e-01 -2.952355526107530628e-03 4.368274359684370012e+01 2.755378576049396719e-03 1.086278056402423513e-03 9.999956139348198381e-01 -8.779473630675506124e-01 4.043975839725767619e-17 2.044996031447550910e-16 9.984125655281792779e-19 9.999999999999724665e-01
2.912977589544153978e-01 -9.566266645448522343e-01 -3.322696180884815789e-03 -5.806752147267806663e+01 9.566123890150423081e-01 2.913123831380816653e-01 -5.461923953148942190e-03 4.440549574089067164e+01 6.192964636187564889e-03 -1.587486124432064844e-03 9.999795633295746056e-01 -8.778113437328260993e-01 4.461903023508291672e-17 2.096083841971000952e-16 9.506291415011430132e-19 9.999999999999703570e-01
2.909306310186737243e-01 -9.566963525723592987e-01 -9.563310608951436365e-03 -5.784928797639715015e+01 9.566955089905979648e-01 2.910020980523079226e-01 -7.175096257059909548e-03 4.514488379891295722e+01 9.647331870006924451e-03 -7.061721028976362946e-03 9.999285279878171728e-01 -8.788209041279095857e-01 4.940792549270306694e-17 2.164405722991564012e-16 8.976270455944179869e-19 9.999999999999681366e-01
2.903414865702541592e-01 -9.568858931495231035e-01 -8.438522832575371876e-03 -5.762452942744886286e+01 9.568716825886784960e-01 2.904060123406839167e-01 -7.805834754381704883e-03 4.587967089059742420e+01 9.919890926569236919e-03 -5.808225874856937955e-03 9.999339279553284277e-01 -8.794333903064645019e-01 5.357250565611905848e-17 2.238653013608372104e-16 8.683482740293928225e-19 9.999999999999658051e-01
2.897375711943802612e-01 -9.570989577905756329e-01 -3.704704381515496348e-03 -5.738960893722818923e+01 9.570695467789351873e-01 2.897581685582248934e-01 -7.621442256077138634e-03 4.662347345963975442e+01 8.367942796780922232e-03 -1.337441575089284981e-03 9.999640937470499757e-01 -8.813775201924299862e-01 5.810624621556673371e-17 2.338868439511297183e-16 8.463680135104363100e-19 9.999999999999635847e-01
2.901285608880058708e-01 -9.569797428975866938e-01 -3.897414617420227878e-03 -5.715969290969454875e+01 9.569756803562733394e-01 2.901429111175952147e-01 -3.826007679903294448e-03 4.738695610449045859e+01 4.792219068759331901e-03 -2.619696903015743695e-03 9.999850858010361776e-01 -8.774233333417221781e-01 6.209763057849431603e-17 2.434674153742119102e-16 7.804069596957346764e-19 9.999999999999614753e-01
2.913076492413791962e-01 -9.566136901277623172e-01 -5.486470047448527114e-03 -5.692945019539467211e+01 9.566293675489214721e-01 2.913008835392626450e-01 2.012061654880212443e-03 4.815795190793430436e+01 -3.265521521154998567e-04 -5.834647322375055567e-03 9.999829249813639853e-01 -8.758934834623139931e-01 6.583563600513101536e-17 2.558543579886353448e-16 7.455196324040365573e-19 9.999999999999593658e-01
2.910952082640705929e-01 -9.566637538484147329e-01 -7.618516806390699531e-03 -5.669436208504199470e+01 9.566817457364539257e-01 2.910417708308095652e-01 7.397635177526448898e-03 4.894423966902113676e+01 -4.859742816106968691e-03 -9.441912110920514314e-03 9.999436150080741603e-01 -8.822115261301636258e-01 6.955301718575453699e-17 2.665464724567481928e-16 7.768698790782538738e-19 9.999999999999572564e-01
2.908659904342087987e-01 -9.567581074961396537e-01 -3.301416226655708250e-03 -5.644921049860453621e+01 9.567323736534012468e-01 2.908267349733937857e-01 9.109084923355046867e-03 4.973006116656202380e+01 -7.755050750314368239e-03 -5.808094791123372298e-03 9.999530615097480535e-01 -8.983997364611044922e-01 7.346617415945954689e-17 2.757601080324744043e-16 8.598770348106995705e-19 9.999999999999548139e-01
2.902294302509909052e-01 -9.569535179226668076e-01 2.615788902851471504e-03 -5.620408027068601342e+01 9.569223746283094245e-01 2.902411003640424370e-01 7.724803886160229970e-03 5.051304237353338067e+01 -8.151487703617907657e-03 2.611414977663009955e-04 9.999667419735979168e-01 -9.087462064014726337e-01 7.717589398637926484e-17 2.829439949601623656e-16 8.771767731160192510e-19 9.999999999999520384e-01
2.893777904612624963e-01 -9.572137001147199564e-01 1.557787023552419060e-03 -5.596709762124045540e+01 9.571951345319096305e-01 2.893818876264938056e-01 5.966367576244195788e-03 5.130198263731024610e+01 -6.161884133307878042e-03 -2.354281067075949998e-04 9.999809876980098045e-01 -9.112769414004114887e-01 7.948573147331392791e-17 2.916489508582608524e-16 8.316776765757722207e-19 9.999999999999493738e-01
2.900621452052783433e-01 -9.569862248217853029e-01 -6.427862803818764487e-03 -5.573866547921905834e+01 9.570022707031434761e-01 2.900310665351782946e-01 5.351103940097473241e-03 5.211046093083336217e+01 -3.256652853741107828e-03 -7.703631987099889521e-03 9.999650235214965210e-01 -9.207020828076196706e-01 8.177172629301864881e-17 3.007256532761506318e-16 7.829993407274376259e-19 9.999999999999468203e-01
2.892633291610687274e-01 -9.572108281390840911e-01 -8.611439827815810938e-03 -5.549480298606459883e+01 9.572485069964028481e-01 2.892646691464773046e-01 1.116707936520132480e-03 5.290920706216790137e+01 1.422060363949773261e-03 -8.566310573680332996e-03 9.999622973229650436e-01 -9.306094359662571147e-01 8.399841767806594649e-17 3.108730586560142758e-16 7.974702171838568239e-19 9.999999999999442668e-01
2.884697804919687525e-01 -9.574574939294452358e-01 -7.767435949169829157e-03 -5.524671360528893871e+01 9.574721511342966229e-01 2.885033381958566068e-01 -3.592165361472823056e-03 5.371027980679611602e+01 5.680276845321067213e-03 -6.400872453730199405e-03 9.999633809728895040e-01 -9.317475285567676790e-01 8.534408165983998968e-17 3.218815301330820050e-16 8.302205187516215447e-19 9.999999999999418243e-01
2.885636703144821569e-01 -9.574105692387469002e-01 -9.798473581881730551e-03 -5.500295866035670400e+01 9.574341895790092760e-01 2.886167341016939725e-01 -4.489256233259930964e-03 5.452374037671940954e+01 7.126064810115057165e-03 -8.085957357324261713e-03 9.999419165600934578e-01 -9.279637422645853340e-01 8.698756973126211120e-17 3.288200550524071129e-16 8.313470017741009242e-19 9.999999999999391598e-01
2.889492204732158620e-01 -9.572233078359474456e-01 -1.522783384097753205e-02 -5.476814815104222589e+01 9.573293635296631354e-01 2.889973432247390783e-01 -1.012587180411236853e-03 5.535190149144420246e+01 5.370075573402049128e-03 -1.428546620247347562e-02 9.998835370900170938e-01 -9.267479385743927489e-01 8.830443412688678073e-17 3.393040431436489410e-16 8.789690980887895993e-19 9.999999999999368283e-01
2.890196565113996585e-01 -9.572446967822922925e-01 -1.225677902914113805e-02 -5.451958938910508579e+01 9.573231599078856346e-01 2.889949607846970525e-01 3.778907896887709252e-03 5.617951824502788583e+01 -7.519216906521684440e-05 -1.282587709281254006e-02 9.999177422282605754e-01 -9.278968631275179568e-01 9.080687671847487066e-17 3.482399283254824690e-16 9.742476387396289440e-19 9.999999999999341638e-01
2.880776422700777606e-01 -9.575883166217139530e-01 -5.990650520874213694e-03 -5.426307559554042115e+01 9.575918067384370236e-01 2.880321145245778314e-01 7.445311932500035118e-03 5.700722392276219352e+01 -5.404043983275512962e-03 -7.881425763297585790e-03 9.999543386757632213e-01 -9.352857192773987860e-01 9.381841316422259934e-17 3.550450378240618184e-16 1.049469522495043504e-18 9.999999999999314992e-01
2.876252589331543819e-01 -9.577010832588956912e-01 -8.963567834904774198e-03 -5.401573809161137518e+01 9.577122603281870150e-01 2.875284019251068690e-01 1.070721734717473665e-02 5.784652784739837728e+01 -7.677033316974922646e-03 -1.166418497370174702e-02 9.999025002210270019e-01 -9.447770276735817374e-01 9.617307780543729707e-17 3.614871385620416179e-16 1.145548785751810314e-18 9.999999999999288347e-01
2.881641627329251665e-01 -9.575293539606795079e-01 -9.947442889155676954e-03 -5.376718047178264470e+01 9.575539939278621127e-01 2.880624304249321810e-01 1.050642138535736250e-02 5.867601564139650350e+01 -7.194722306411529579e-03 -1.255278778970650086e-02 9.998953262664774799e-01 -9.614983090980511182e-01 9.931483535001008722e-17 3.667119682959899277e-16 1.272416929567386509e-18 9.999999999999261702e-01
2.863004722583559203e-01 -9.581217340692846918e-01 -5.897651114263713357e-03 -5.351312816030311126e+01 9.581365878142567016e-01 2.862779147053233220e-01 4.385731805021143848e-03 5.950600014386686354e+01 -2.513697699554209766e-03 -6.906392401710442601e-03 9.999729911691447315e-01 -9.579045624333007991e-01 1.040355496194771631e-16 3.717227701169049931e-16 1.435340195225426267e-18 9.999999999999233946e-01
2.858987129706674346e-01 -9.582467745166205475e-01 -5.004502988703012772e-03 -5.326244323874746556e+01 9.582572951045963405e-01 2.859060962698137809e-01 -8.127080751175195031e-04 6.034517893585858417e+01 2.209592804859650955e-03 -4.563249304595019470e-03 9.999871471450574312e-01 -9.611771026336668466e-01 1.092405963212850999e-16 3.780436506797817150e-16 1.566486223764507243e-18 9.999999999999208411e-01
2.858570453806458800e-01 -9.582419336831166090e-01 -7.625361463079704562e-03 -5.301562275946574943e+01 9.582644869864767045e-01 2.858777501709168223e-01 -1.756399041276275651e-03 6.119378539486619673e+01 3.862976392920458059e-03 -6.805034050050567593e-03 9.999693839937540130e-01 -9.675385083560799071e-01 1.147108054969787685e-16 3.842460244568093210e-16 1.663307484760160106e-18 9.999999999999183986e-01
2.850635311871848043e-01 -9.584894841789420861e-01 -6.057384372054518129e-03 -5.275906400243836458e+01 9.585083821492696998e-01 2.850622604256861092e-01 1.090426712752480109e-03 6.203726087853767268e+01 6.815691439070195807e-04 -6.116894583746707546e-03 9.999810593526404778e-01 -9.711535752028880308e-01 1.214011737967767116e-16 3.903981196153157627e-16 1.750207936499068028e-18 9.999999999999157341e-01
2.843465131615135477e-01 -9.587192613684757392e-01 -2.106735371180068657e-03 -5.250166775405862296e+01 9.587156277361150725e-01 2.843363216651516590e-01 4.147446961957996711e-03 6.288955576731815000e+01 -3.377215901787596671e-03 -3.199072206003708736e-03 9.999891801162859029e-01 -9.700521422499123192e-01 1.280371067697706728e-16 3.974368322616543389e-16 1.890958828469449767e-18 9.999999999999129585e-01
2.837074790255752488e-01 -9.589108714483336460e-01 -8.344519581662732902e-05 -5.225456393583677084e+01 9.588910134198085355e-01 2.837010415101523519e-01 6.460915462022459588e-03 6.374404443126254449e+01 -6.171768587097791608e-03 -1.913024886302920960e-03 9.999791245861850975e-01 -9.657989637215687040e-01 1.354543470010011467e-16 4.009633552709963009e-16 2.029305227631028391e-18 9.999999999999099609e-01
2.835057508705859930e-01 -9.589542975586211604e-01 -5.580718332587129848e-03 -5.201385277741061230e+01 9.589646307613090004e-01 2.834787812713186472e-01 5.159216759413829019e-03 6.459593016012289013e+01 -3.365437851954624238e-03 -6.814379116468149110e-03 9.999711186155212372e-01 -9.651296571397987023e-01 1.426584977230769062e-16 4.023563827880265320e-16 2.180446350401342374e-18 9.999999999999066302e-01
2.835373865630665957e-01 -9.589526878589249570e-01 -4.036442626992325575e-03 -5.176128622454530159e+01 9.589607121615951746e-01 2.835389064968563688e-01 2.025658071079573818e-04 6.544496290932444538e+01 9.502375033809370205e-04 -3.928224875728152446e-03 9.999918330155807000e-01 -9.742865473360274864e-01 1.503519849269198815e-16 4.053582265114779239e-16 2.332922124069885912e-18 9.999999999999032996e-01
2.830610982871494818e-01 -9.590977766296895357e-01 -2.805262984384986058e-03 -5.150856993304991960e+01 9.590926152145455852e-01 2.830700089168058931e-01 -3.567280837244061337e-03 6.629740148907428932e+01 4.215456937598296115e-03 -1.680748580362686215e-03 9.999897024504088572e-01 -9.868753521158059039e-01 1.571113163629147028e-16 4.095343719565174074e-16 2.422718646776721550e-18 9.999999999998997469e-01
2.835587712949620975e-01 -9.589418190641200157e-01 -5.001087046025091271e-03 -5.125839923110561358e+01 9.589530622638211543e-01 2.835644814518117895e-01 -4.574206045687644029e-04 6.715482952040680686e+01 1.856770401503407336e-03 -4.666102112830707548e-03 9.999873898677831274e-01 -9.916349766909589025e-01 1.641834123389884991e-16 4.143377618986564126e-16 2.472149576352299560e-18 9.999999999998961941e-01
2.839222307210134688e-01 -9.588354259363549570e-01 -4.774188078427830592e-03 -5.101116474028769687e+01 9.588386455815961495e-01 2.838949763527716108e-01 5.665169080310276072e-03 6.801727502257821811e+01 -4.076596796513128930e-03 -6.186143473558444912e-03 9.999725561170712540e-01 -9.836591667495108160e-01 1.717826101795940963e-16 4.187761733479586880e-16 2.547059361464214703e-18 9.999999999998925304e-01
2.832780420664219867e-01 -9.590315033427885272e-01 -3.482309441061988853e-03 -5.075714567774701891e+01 9.590049130227018548e-01 2.832363711269114681e-01 9.313155693512750744e-03 6.887539690650154967e+01 -7.945293016409627970e-03 -5.977764372955039242e-03 9.999505681041455096e-01 -9.795485645528997365e-01 1.787460869078765770e-16 4.245016587037159948e-16 2.667787706646469139e-18 9.999999999998890887e-01
2.832600808600295172e-01 -9.590361071536015469e-01 -3.670390550674717135e-03 -5.050934864331009067e+01 9.590022671234874618e-01 2.832106079410624533e-01 1.031519274915616846e-02 6.972351358949293854e+01 -8.853148759474819759e-03 -6.441795191531494817e-03 9.999400607194232071e-01 -9.863475614190065910e-01 1.862326440972830349e-16 4.295752874437671167e-16 2.815745252750972746e-18 9.999999999998857581e-01
2.835794721815689257e-01 -9.589382733684335136e-01 -4.480047583643078334e-03 -5.025498384344196978e+01 9.588961036900928159e-01 2.835118645377687763e-01 1.180190637387854707e-02 7.058717033645260130e+01 -1.004715307698990888e-02 -7.642678552535318685e-03 9.999203189151590898e-01 -1.004600263326609788e+00 1.933295879276666201e-16 4.363886079751255308e-16 2.983163392135779498e-18 9.999999999998820943e-01
2.836675089738077693e-01 -9.588970326857843007e-01 -7.016057222990508026e-03 -5.001107626680214224e+01 9.588745327616953196e-01 2.835723342296013194e-01 1.209800315717100838e-02 7.144585950481825876e+01 -9.611179605046867719e-03 -1.015932901066953810e-02 9.999022018479848395e-01 -1.017994777503665293e+00 2.003794345341520637e-16 4.425020075291632266e-16 3.171455467954864377e-18 9.999999999998782085e-01
2.838411082723175660e-01 -9.588237137067890936e-01 -9.555694021416167444e-03 -4.976552876257457569e+01 9.588543458483583803e-01 2.837626745641084747e-01 8.779975609915609963e-03 7.229282402120796291e+01 -5.706899527746033159e-03 -1.165463674774794116e-02 9.999157968248356676e-01 -1.029029596936099411e+00 2.074076131432334969e-16 4.464471441105475046e-16 3.362312213139332515e-18 9.999999999998742117e-01
2.837760848965238392e-01 -9.588435744971519625e-01 -9.493855186183499870e-03 -4.951428215470635763e+01 9.588883647164184731e-01 2.837827770461782695e-01 6.629202040218774112e-04 7.313001295611984176e+01 2.058555811552717496e-03 -9.291668174423299911e-03 9.999547125996688379e-01 -1.021953216725633773e+00 2.147482483640996567e-16 4.491969498722826692e-16 3.561422713306763851e-18 9.999999999998703260e-01
2.835118368986304649e-01 -9.589265712357291083e-01 -8.992736870807019681e-03 -4.926153727741728261e+01 9.589305456127301674e-01 2.835717713287927988e-01 -6.265715927396687049e-03 7.397395878377611211e+01 8.558447814117145502e-03 -6.847005442006146719e-03 9.999399339396644049e-01 -1.019722728113599430e+00 2.220126758695744601e-16 4.562723020214657301e-16 3.719263420030764960e-18 9.999999999998666622e-01
2.835637312079877792e-01 -9.589079087539454926e-01 -9.339853988083216332e-03 -4.900823974560565688e+01 9.589185801784972929e-01 2.836229776352903742e-01 -5.758745132682112702e-03 7.483031428994277690e+01 8.171103450978519159e-03 -7.323188268420508483e-03 9.999398001788605272e-01 -1.018107130958732176e+00 2.303263447123985751e-16 4.643676407196104757e-16 3.792545953709861179e-18 9.999999999998631095e-01
2.838045545487573040e-01 -9.588489380394784600e-01 -7.980528674829458560e-03 -4.875764795122421447e+01 9.588799002159431595e-01 2.838120827570791427e-01 1.965774772973847195e-04 7.568683337717875759e+01 2.076482359328616929e-03 -7.708158122761539326e-03 9.999681357518934721e-01 -1.011750960420506829e+00 2.384845715572818795e-16 4.689125605851541363e-16 3.878441105488949403e-18 9.999999999998595568e-01
2.835788056373653165e-01 -9.589224025197404799e-01 -7.133508186118114186e-03 -4.850641704813204313e+01 9.589357016921292720e-01 2.835279648555589782e-01 7.362958972969899270e-03 7.654564971507399207e+01 -5.037957249752815676e-03 -8.928554789484911478e-03 9.999474485671042689e-01 -1.008643143349346571e+00 2.465303009809779007e-16 4.718189883024556685e-16 4.010353373879325336e-18 9.999999999998557820e-01
2.834109765057943320e-01 -9.589722316521466228e-01 -7.104738990661227729e-03 -4.825575533024365171e+01 9.589553836933371045e-01 2.833201509086369363e-01 1.158724188141919097e-02 7.739952787358272701e+01 -9.098927482746448428e-03 -1.009707924144353716e-02 9.999076249880212153e-01 -1.014651960406260711e+00 2.549390647596874563e-16 4.760555045948629394e-16 4.203479503094320002e-18 9.999999999998518962e-01
2.832745514958674993e-01 -9.590133863801444392e-01 -6.989507743655879769e-03 -4.800518071456826874e+01 9.589956839999627114e-01 2.831851242892611253e-01 1.155263824691052550e-02 7.825191091610888350e+01 -9.099810107716353041e-03 -9.975476177428565377e-03 9.999088375100776416e-01 -1.024157960631809861e+00 2.641409862931820080e-16 4.789252288460840918e-16 4.450782206902010437e-18 9.999999999998480105e-01
2.839698181044325032e-01 -9.587796353801032456e-01 -1.013672462543613838e-02 -4.775915984018217841e+01 9.588144330943842997e-01 2.838822069036174289e-01 9.261505988178013113e-03 7.910095525308570075e+01 -6.002107577003272867e-03 -1.234922604599848761e-02 9.999057312169010725e-01 -1.034690379658179005e+00 2.716570729317290240e-16 4.804604568062948872e-16 4.714082120514830286e-18 9.999999999998441247e-01
2.842393795729988848e-01 -9.586705653005195282e-01 -1.259850492494524535e-02 -4.751024446322873018e+01 9.587459836654828038e-01 2.841611656032205224e-01 7.653154125366722765e-03 7.995069836369968641e+01 -3.756847747397820507e-03 -1.425409377734303956e-02 9.998913475499650039e-01 -1.042143726612617449e+00 2.783823718969243835e-16 4.852610077552860746e-16 4.990262891540087197e-18 9.999999999998402389e-01
2.834799927925228946e-01 -9.588973568902838807e-01 -1.244799723603370878e-02 -4.725762936220900912e+01 9.589736077594746000e-01 2.834148115491930686e-01 6.757530248023105833e-03 8.080669986314029529e+01 -2.951831103151654999e-03 -1.385292544481478427e-02 9.998996865433266157e-01 -1.045071804973991547e+00 2.840615631303248008e-16 4.923055951362606452e-16 5.301394994511602227e-18 9.999999999998361311e-01
2.825650443223634567e-01 -9.591688285630831645e-01 -1.233507357247113322e-02 -4.700501282314489515e+01 9.592384118217648359e-01 2.824809003355597814e-01 8.136966941596535802e-03 8.166156597054937549e+01 -4.320302361002834220e-03 -1.413149880785395836e-02 9.998908119032925423e-01 -1.048436072905864158e+00 2.901649991091470244e-16 5.000099006639778458e-16 5.582676286463566926e-18 9.999999999998319122e-01
2.824311883850083582e-01 -9.591902776534421138e-01 -1.366144511259360754e-02 -4.675768304790483398e+01 9.592561915743781364e-01 2.822781430862332797e-01 1.210821463905725932e-02 8.251838014215205419e+01 -7.757754403300054329e-03 -1.652456325982901847e-02 9.998333641439208774e-01 -1.048438076940185981e+00 2.962739526021958047e-16 5.075417114724158289e-16 5.839747992649350449e-18 9.999999999998275824e-01
2.821417317461918928e-01 -9.592789801213339462e-01 -1.341199107729661166e-02 -4.650875869901621940e+01 9.593286774974076891e-01 2.819672278096898577e-01 1.352667631492617158e-02 8.337112367454496109e+01 -9.194114316373467113e-03 -1.668294754304337074e-02 9.998185573007037918e-01 -1.052217534331418403e+00 3.025579360573233928e-16 5.150343530064472362e-16 6.103062882256104116e-18 9.999999999998234745e-01
2.812254360031923306e-01 -9.595671389042765842e-01 -1.196495214798825105e-02 -4.625409822591957720e+01 9.596009791517209342e-01 2.810767297514732976e-01 1.272135224759826308e-02 8.422323540983984458e+01 -8.843921957865926581e-03 -1.505914762908315031e-02 9.998474919290055718e-01 -1.062075103378287810e+00 3.080602592912429134e-16 5.227308767552012714e-16 6.367438003836839606e-18 9.999999999998192557e-01
2.805782058621557606e-01 -9.597352121488729182e-01 -1.357177058324575587e-02 -4.601291938857385588e+01 9.598033200614710658e-01 2.804343080309479874e-01 1.158385419056493122e-02 8.507651904065534154e+01 -7.311442666850575221e-03 -1.627640749065874942e-02 9.998407980098373837e-01 -1.076672369931523043e+00 3.139734857402325761e-16 5.306145278622619189e-16 6.562041868359086550e-18 9.999999999998150368e-01
2.798093034841881988e-01 -9.599632249824693320e-01 -1.331767115480231127e-02 -4.576659518261738668e+01 9.600315613519361246e-01 2.796772134666116183e-01 1.095707421889059903e-02 8.593423690634709544e+01 -6.793739145133723643e-03 -1.585127593771779378e-02 9.998512800207747242e-01 -1.090348016584086421e+00 3.194014662044991002e-16 5.387499743081249406e-16 6.756025083400020640e-18 9.999999999998109290e-01
2.784551102079779183e-01 -9.604087263412598441e-01 -8.822129372381250570e-03 -4.551267222669730472e+01 9.604339220528078647e-01 2.783870359119782201e-01 8.206071296570808388e-03 8.677855448001064076e+01 -5.425216035831753429e-03 -1.075809480122159184e-02 9.999274125789366918e-01 -1.091558017277615811e+00 3.246018405409779349e-16 5.489172067320411117e-16 6.996120773917519590e-18 9.999999999998065991e-01
2.771392913115983125e-01 -9.607293618274005409e-01 -1.388907966952703660e-02 -4.527311089931973953e+01 9.608292664458444321e-01 2.770956554431365793e-01 5.011833536534236570e-03 8.762446060809385529e+01 -9.664120006463963915e-04 -1.473401022495476019e-02 9.998909815525474087e-01 -1.093174116475453150e+00 3.288032281962248202e-16 5.593651850064961067e-16 7.086651157705832228e-18 9.999999999998020472e-01
2.764359309902288953e-01 -9.607948076249246405e-01 -2.136618118896484869e-02 -4.504140585424884335e+01 9.610237784774883218e-01 2.764590333355417817e-01 1.923561214822158173e-03 8.847765015649514453e+01 4.058726170186850203e-03 -2.106514961308037989e-02 9.997698666259255962e-01 -1.103620225822099066e+00 3.330238017986141958e-16 5.690907482396834223e-16 7.204721852522791118e-18 9.999999999997973843e-01
2.750959135529670307e-01 -9.611455523994680838e-01 -2.283561799548248020e-02 -4.480554487220860693e+01 9.614030855267627906e-01 2.751411909758024743e-01 1.196732114487284067e-03 8.932747661343252332e+01 5.132785382655062102e-03 -2.228344971507121436e-02 9.997385170046045877e-01 -1.106785115238940520e+00 3.387202598677579830e-16 5.812182091157532217e-16 7.404504722836324837e-18 9.999999999997928324e-01
2.737545309475046262e-01 -9.615637760900823672e-01 -2.129697859217906733e-02 -4.456519796012732826e+01 9.617969600411707676e-01 2.737384719703627178e-01 3.722447932348871974e-03 9.018152952336919270e+01 2.250431287242129173e-03 -2.150240625570632585e-02 9.997662637255662066e-01 -1.094081659998123124e+00 3.437518290506005565e-16 5.929822260505020243e-16 7.644511393462318887e-18 9.999999999997882805e-01
2.733115416379202633e-01 -9.617489040316689053e-01 -1.843493426772701421e-02 -4.432668786135850070e+01 9.619235208850612784e-01 2.732212115154232790e-01 7.301338633862018528e-03 9.103507129028616873e+01 -1.985239354284762305e-03 -1.972853699612645700e-02 9.998034025008262216e-01 -1.084419612860666682e+00 3.483833202226079160e-16 6.067670165725555030e-16 7.970554329851404526e-18 9.999999999997836175e-01
2.722382129400701678e-01 -9.620362203913648269e-01 -1.930456086963048407e-02 -4.409519015466617731e+01 9.622206260141888956e-01 2.720927797990390640e-01 9.848149765719434526e-03 9.189159897356580586e+01 -4.221645148683555483e-03 -2.125628933787895164e-02 9.997651463595541577e-01 -1.089539483620349802e+00 3.526644265528875693e-16 6.206607711261516688e-16 8.335746439419556874e-18 9.999999999997787326e-01
2.712967697251034149e-01 -9.623381647877793377e-01 -1.741606527590380468e-02 -4.386468746602111679e+01 9.624818731731629162e-01 2.711512883299108667e-01 1.027728805779075556e-02 9.274178272459130312e+01 -5.167837991371748360e-03 -1.955084218165821161e-02 9.997955081015250656e-01 -1.098244484304097490e+00 3.593346596155291258e-16 6.360306544960461537e-16 8.769215243265694923e-18 9.999999999997737365e-01
2.698618612601916267e-01 -9.627960978863477903e-01 -1.408011832673057226e-02 -4.362788270701156534e+01 9.628775784187968423e-01 2.697293461090208289e-01 1.062303279050141359e-02 9.359617655428948524e+01 -6.429993409049005772e-03 -1.642418163935058933e-02 9.998444386211925439e-01 -1.111123572315657837e+00 3.693754933865078060e-16 6.499127629954071525e-16 9.130007624533089374e-18 9.999999999997689626e-01
2.689893258615175808e-01 -9.630414884056659464e-01 -1.399407667764113704e-02 -4.340153455781013747e+01 9.631065105751553945e-01 2.688239498051842036e-01 1.263064917581635353e-02 9.444796054489762582e+01 -8.401896215490967795e-03 -1.687529616470525434e-02 9.998223004708460815e-01 -1.115350134200135734e+00 3.784145631493275203e-16 6.658917621993830924e-16 9.529716450528943996e-18 9.999999999997640776e-01
2.685608840225460203e-01 -9.630787066756425485e-01 -1.882701041324055108e-02 -4.318306060214015218e+01 9.632265890933939811e-01 2.683302498501428102e-01 1.390737497088840972e-02 9.529845208844568560e+01 -8.342040292143970692e-03 -2.186965393977299138e-02 9.997260267692253954e-01 -1.114166905501994043e+00 3.880699812004326314e-16 6.805082870477297734e-16 9.938857868236668570e-18 9.999999999997593036e-01
2.683415587700131444e-01 -9.630389255964255657e-01 -2.342724104685590600e-02 -4.296512975149286717e+01 9.632951805198851636e-01 2.680666486765805878e-01 1.423611794641013208e-02 9.614970938477625850e+01 -7.429873736649883487e-03 -2.638749047387564314e-02 9.996241780400259014e-01 -1.118419487405833523e+00 3.973537331683589570e-16 6.937151291936999921e-16 1.038510898610625409e-17 9.999999999997544187e-01
2.687329953441624508e-01 -9.628584822542745059e-01 -2.619389937487057174e-02 -4.273848590599421016e+01 9.632010637191248392e-01 2.684850486118582902e-01 1.262891610357294234e-02 9.699896126008269448e+01 -5.127188645051256738e-03 -2.862379819327928385e-02 9.995771056366904439e-01 -1.127925618722567691e+00 4.052356608761931779e-16 7.118075652799546739e-16 1.101222678908236122e-17 9.999999999997499778e-01
2.702703179690708613e-01 -9.623909042902805133e-01 -2.752639759123461788e-02 -4.250498300856271072e+01 9.627719782149162242e-01 2.700106268265095588e-01 1.282105161874231257e-02 9.784428635111288486e+01 -4.906443593474128263e-03 -2.996679395972753554e-02 9.995388527068173046e-01 -1.141318486894125739e+00 4.137180166757607614e-16 7.232867894217825590e-16 1.145274251432875622e-17 9.999999999997453148e-01
2.714196189231899980e-01 -9.620859840557892673e-01 -2.686912255948898862e-02 -4.226596077978079791e+01 9.624299335322008542e-01 2.710803376563232781e-01 1.562285431848087908e-02 9.869603539460101160e+01 -7.746838354846686571e-03 -3.009999700460020897e-02 9.995168716311075841e-01 -1.153232966919070845e+00 4.225299233872751478e-16 7.301182318617897770e-16 1.185112604175435810e-17 9.999999999997406519e-01
