1.0 0.0 0.0 0.0 0.0 1.0 0.0 0.0 0.0 0.0 1.0 0.0
0.9999141569573867 -0.00727535436155547 0.010897152614898301 0.02192455716431141 0.0072568921537671275 0.9999721670600077 0.0017328074274699761 -0.011851777322590351 -0.010909456103178663 -0.001653579216698681 0.9999391228686408 0.45593762397766113
0.9996465398479 -0.015129006536823503 0.02186111916919386 0.04904459154987788 0.015076681315664888 0.9998830724763216 0.0025563755234589997 -0.011597985823888735 -0.021897238424669556 -0.0022258788196599447 0.9997577488636201 0.8740728791825965
0.9994459164284334 -0.02186405410268243 0.025096280057493148 0.07151087945143467 0.02179479744075413 0.9997578739758642 0.0030298890700244 -0.017506935977291017 -0.025156449253534365 -0.0024812419178975296 0.9996804471927514 1.320270149095963
0.9993306231338006 -0.029742483956542252 0.021300007396827643 0.09196289550638319 0.02970278906758979 0.9995564027323527 0.002177631365829806 -0.021973654799091163 -0.021355326937706996 -0.0015435040829243354 0.9997707575272093 1.779760313922875
0.9991496803902898 -0.03808864951142118 0.015785149805378026 0.11345903512161251 0.03807967886577931 0.9992743285118757 0.0008685819590156501 -0.02243853409598834 -0.01580677808603738 -0.0002667499513062446 0.9998750294966879 2.2697854704480576
0.9989127655709767 -0.04629555465332919 0.005477992212788324 0.1229451392300361 0.04629422945257789 0.9989277794220108 0.0003685354834589117 -0.021411697178335836 -0.005489180151427872 -0.00011453537055472086 0.9999849277778711 2.7690661403593464
0.9986597067960111 -0.05103646001227634 -0.008606379698858324 0.12015079449175046 0.051034017604478246 0.998696788684071 -0.000503308325246686 -0.02808159728845727 0.008620850842660887 6.341561145648686e-05 0.9999628377640887 3.2420332974069295
0.9980078756746109 -0.05667727348569216 -0.027712213222305514 0.10250746720941588 0.05664667795888561 0.9983925017226788 -0.0018884862067706368 -0.040044568256077585 0.027774700136504994 0.00031491928952805527 0.9996141589924427 3.747985887800518
0.9970729711290353 -0.06083164010980314 -0.04631416419919184 0.07607561154895105 0.060709718646427206 0.9981473046570987 -0.0040358725997033905 -0.04959913243871935 0.04647386691238379 0.0012123396062071541 0.9989187704347584 4.2641700776872895
0.9954496551507691 -0.06808510302437454 -0.06666635438041596 0.04721246619451792 0.06786054755650991 0.9976789323797475 -0.0056297398641493475 -0.056211164592068895 0.06689491868255434 0.001080107294504644 0.9977594415602825 4.768378184716261
0.993495205354524 -0.07582297363641696 -0.08495971755192976 0.011829424297260631 0.07556019601869945 0.9971212833320874 -0.006308970105103902 -0.07002959027974132 0.08519350747086409 -0.0001516413617713981 0.9963644128980669 5.308589533145091
0.9913724947842129 -0.08266250707889607 -0.10172259586128003 -0.028642832839256865 0.08237165583921556 0.9965766480884238 -0.0070636250712869855 -0.08044616441134465 0.10195826057574577 -0.0013763750482148787 0.9947877254430189 5.810983991900679
0.9894315475810223 -0.0877411273630743 -0.11544135836207159 -0.08700487427447054 0.08743273451783656 0.9961403391151666 -0.007742203966215625 -0.0935448265088096 0.1156751035709801 -0.0024329727860687824 0.993284124033635 6.3416396890854845
0.9868731032140318 -0.09229308433974164 -0.13252722262148492 -0.15435841064962152 0.09196568391198844 0.9957250167509624 -0.008602557695022585 -0.10577133966826174 0.1327546275476208 -0.003698323857276521 0.991142033850517 6.8620685984741225
0.9842636331953236 -0.09762805663249886 -0.14728836657150896 -0.23090715214541568 0.0970499713971892 0.9952173473117879 -0.011123608294653788 -0.12034490725616286 0.14766991372973154 -0.0033457686485660857 0.9890310421878598 7.369620000776378
0.981718965078678 -0.10435935322164538 -0.15917600007541777 -0.31310536984134135 0.10362330820664045 0.9945324314137779 -0.012940357897323592 -0.12890702742915336 0.15965614175834625 -0.0037905489522070245 0.9871654107278476 7.936112066384934
0.9792386179501955 -0.11191702964856838 -0.1690157021984427 -0.397188575870511 0.11106626638260049 0.9937070760958275 -0.01450969982152089 -0.1484190099714964 0.16957598175101457 -0.004563484603116191 0.9855065504711051 8.506979321203023
0.977755923889169 -0.11836968474668752 -0.1731530277893154 -0.4922977698841642 0.11730339398663275 0.9929604512226397 -0.01641511702512965 -0.16385985553539156 0.17387716083158944 -0.004261459926093961 0.9847581291365124 9.100483732859267
0.9763204557043236 -0.12590131456227718 -0.17591823886337857 -0.5833216121238916 0.12483749114219497 0.9920290328650899 -0.0171463919842308 -0.18048034948704453 0.17667475365378207 -0.005220818350128384 0.9842554416802228 9.696673740205739
0.9745499351858334 -0.13174077067601098 -0.18137473134640056 -0.6783541798668051 0.13028061586636303 0.9912755389829273 -0.019994172740790794 -0.20312553965052121 0.18242638229918787 -0.004144291953773178 0.9832107810054936 10.271725383879367
0.9718332523962137 -0.14019483317831502 -0.18943478637014355 -0.780381685591144 0.13857133292203686 0.9901112606836603 -0.02185582667443959 -0.22443474317309425 0.19062558912487992 -0.0050100117282835446 0.9816500316066185 10.885599509167578
0.9692072864108391 -0.14937902647110415 -0.19576297509662868 -0.8792193536792144 0.14760180399347753 0.9887623779453075 -0.023720611666066854 -0.24337027691295354 0.19710642664816672 -0.005904778614518661 0.9803643150194242 11.481840359237143
0.9663179759914207 -0.15526035800082277 -0.2052408110228095 -0.9888787996365418 0.15306622726164992 0.9878572115303657 -0.026624419230010826 -0.26205134224765286 0.20688233213043877 -0.005687781721091587 0.9783492984570307 12.08971013699416
0.963023944618098 -0.16103781282931318 -0.2159900574826294 -1.1181234568188199 0.15808896603357375 0.9869388140761457 -0.030978316423051284 -0.2866953044985574 0.21815765150604738 -0.00431278438160659 0.9759040111508117 12.697870459082374
0.9601419739452036 -0.16545574439021987 -0.22528157163178358 -1.2696410012040547 0.1616142760705312 0.9862145253984637 -0.035520918671699715 -0.31269841964650197 0.22805309828810993 -0.002303593141509422 0.9736459715008491 13.353917165047276
0.9568856162824751 -0.1728487349714611 -0.2334378550502755 -1.4067605737088 0.16853699121299984 0.9849450813062363 -0.03845086999693038 -0.33988745043517254 0.23656965135996852 -0.0025498292917797566 0.9716111868571737 13.967508037908722
0.953510559038383 -0.17960903410698556 -0.24198803414521586 -1.550892054286475 0.17459739781751807 0.9837359777281752 -0.042181450882379554 -0.3693541269017865 0.2456285050185784 -0.0020300222528235774 0.9693619120493602 14.58071223673614
0.9504727695114976 -0.18490253477298238 -0.24982507290436154 -1.7059942487526787 0.17917611417091386 0.9827559431307201 -0.045680152712754565 -0.4036442891720675 0.25396345116523195 -0.0013449445248687707 0.9672128807023146 15.19872177547862
0.9470192297979425 -0.1923914494119908 -0.257177192974154 -1.8713357043390138 0.18583025895868946 0.9813180708880507 -0.04981925936724925 -0.44300715011025377 0.2619574264040977 -0.0006115077335795589 0.9650792365448723 15.861088906250885
0.9432505162727489 -0.19955646216613074 -0.2654348921278635 -2.034131135796486 0.19164018736059332 0.979884946885245 -0.05567341785895222 -0.4806107574366494 0.27120564547883136 0.0016459876787025297 0.9625200198359368 16.48218529620907
0.9404614711041036 -0.20642227385396694 -0.27004086028907437 -2.2121538754177985 0.19720958957476475 0.9784538472535307 -0.06112648014173107 -0.5189062056398347 0.27684038568904346 0.004232452211483422 0.9609065965013558 17.153408131571695
0.9386738451857091 -0.21175068090050936 -0.2721269216789226 -2.391870145520455 0.20123641639399847 0.977295006974397 -0.06632023868936973 -0.5645127662419105 0.27999163752008216 0.007491226941188041 0.9599732102708589 17.82151655277461
0.935495302477911 -0.21926623602242928 -0.2770755434575887 -2.590612531552977 0.207032524352129 0.9756033975809159 -0.07304481151292419 -0.6145610896580346 0.28633210246520896 0.010969428842462384 0.9580676378673498 18.52137917883716
0.9325716547413339 -0.22749104410058146 -0.28028188244522323 -2.791116776584741 0.21365842136267466 0.9736773510253284 -0.07938825530964636 -0.670379550944301 0.2909642379293723 0.014150652081339234 0.9566292757865258 19.219794321186285
0.9298403258764518 -0.236006612225451 -0.28230807172278993 -2.987783174733401 0.22064659359689137 0.9715990015618596 -0.08550123331324547 -0.7271534108125022 0.2944690970340734 0.01721218027628621 0.9555059872874029 19.920608158093945
0.9275786393178637 -0.24314081217116298 -0.2836907001259788 -3.1847501737046575 0.22692669814200198 0.9698168922624608 -0.08921585707009388 -0.7939270906343734 0.29682004910650744 0.018377729433473503 0.9547565750018592 20.608216669036985
0.924572765927998 -0.2514104837964814 -0.2862830227964464 -3.3910452723405826 0.23430266665503074 0.9676936800034524 -0.09311928951467283 -0.8679291331609362 0.30044543748007396 0.019018683408560715 0.953609369070382 21.317907627872806
0.9223768241067094 -0.2570858699179528 -0.28831900707263447 -3.613255525292486 0.23896096726781585 0.9661689031955768 -0.09703250290642812 -0.9423707091215665 0.3035105442538204 0.020603543054183243 0.9526052926266808 22.066810458147028
0.9212739647929356 -0.26169613870708186 -0.28769673752148955 -3.8428683683832086 0.24307753115345299 0.9649094312630818 -0.09931315777830385 -1.023185454103619 0.30359116529149394 0.02156201394489768 0.9525583887151449 22.81705674994084
0.9201204412822632 -0.2675983181149794 -0.28595369148966693 -4.064629375477119 0.24872706211534007 0.9632813807840209 -0.10111295666877683 -1.1086954958414916 0.30251152392265174 0.02191167672416812 0.9528938326577261 23.587917092139516
0.9187899473573129 -0.2734705254939396 -0.28467332913572113 -4.271421801479923 0.25554928974327784 0.961706750013431 -0.09906910462051399 -1.1881697541061842 0.30086474227940413 0.018275630349530288 0.9534916927737099 24.319991298630068
0.9163689200267332 -0.2793278733927766 -0.28678204538448304 -4.48465442930298 0.26146764712155784 0.9600573055528044 -0.09962248523002157 -1.2722503699499508 0.3031545347141541 0.016306722557225442 0.9528018780846764 25.068171491937484
0.9131303680009555 -0.2866434564339032 -0.2898766287889811 -4.717564034221184 0.26891130496859084 0.9579419783669211 -0.10016923750612775 -1.3651401288879879 0.3063978477315552 0.013516470178804856 0.9518075771600982 25.846426259354896
0.9097506936413277 -0.29234657047769613 -0.294766277157094 -4.981180557652137 0.2746451491134388 0.9562525351258906 -0.10075282196427202 -1.4677462742124912 0.31132574176829686 0.010703821524894332 0.9502429745687063 26.742552156532664
0.9065184266057971 -0.29759316920131773 -0.29943721857655897 -5.230678812430942 0.28061111116732884 0.9546741433972586 -0.09927076215153934 -1.5579845909452872 0.315407270863541 0.005965364483949201 0.9489376522791086 27.56112191585169
0.9023562073330207 -0.3025663109062259 -0.306931429788746 -5.450314632458985 0.285510391681958 0.9531242998123622 -0.10018924767064279 -1.6416232242284055 0.32285769516798224 0.00277427680514164 0.9464434542322256 28.272690315130138
0.8979394784595283 -0.30809896570588713 -0.3142924121813844 -5.687571821030457 0.29148455128915896 0.951352268513069 -0.09982793975032961 -1.7292753332079194 0.3297596842908307 -0.001971934583178042 0.9440628485913486 29.030012707752558
0.8941252304322108 -0.31342286928646385 -0.319853368456214 -5.94257527585396 0.2967505139135153 0.9496023317904075 -0.1009680342994051 -1.8249876550823232 0.33537919553337076 -0.004638584532107547 0.9420718012640693 29.81092992863723
0.8893561556359704 -0.31900624241437087 -0.3275372432763506 -6.21695733497332 0.30134396575589 0.9477367665944789 -0.10481810696418414 -1.919212238940743 0.3438567183216297 -0.005480743170940466 0.939006133483362 30.623847899218468
0.8838571893138479 -0.3266514588556861 -0.3348063519792853 -6.494734059880572 0.30847786093389057 0.945110541524979 -0.10773798592888423 -2.0174994648506845 0.3516217829029884 -0.008055353860210689 0.9361074901218933 31.44106438990489
0.8787124966772261 -0.33383688782506543 -0.3411997662815009 -6.784984467008547 0.3160261014216222 0.9425460898852759 -0.10832530481022465 -2.1198621556952646 0.3577594882089456 -0.012641232900797356 0.9337281980465306 32.2852536765149
0.8748161011674862 -0.3382595230969354 -0.34681015580912955 -7.08587269504446 0.3204023525982014 0.9409284259483562 -0.10952638810755516 -2.232686133238211 0.36337187781617986 -0.015303342006985562 0.9315184840548043 33.12529521463924
0.8705134277597125 -0.34380570527000176 -0.3521420297462839 -7.390259007349336 0.3264055800781771 0.938839855388852 -0.10972293847354123 -2.3376906467562586 0.3683283445295307 -0.019425832214772072 0.9294928012948239 33.96669548261194
0.8665706118817389 -0.348804467304816 -0.35691850359866784 -7.70278163029271 0.3323506996492523 0.9368761626264311 -0.10865573314384089 -2.4511182924102033 0.3722880431407396 -0.02446424923386429 0.9277947582541423 34.81709337810739
0.8614861240358072 -0.3560627510289058 -0.3620234459582548 -8.037568300983432 0.3406738720787252 0.9339684069685839 -0.10790888595224278 -2.566059115905289 0.37654079589952844 -0.03036992120986219 0.925902098987283 35.71443256411535
0.8567784491615635 -0.3623229650461236 -0.3669506207277646 -8.368543389976228 0.3475123558380848 0.9314041974429071 -0.10826533852345556 -2.6759288262088643 0.38100636686566086 -0.03476046584727509 0.9239187509851231 36.5845355928803
0.8532388954526153 -0.36726335539434474 -0.370271542346004 -8.700433519440566 0.35230087713407077 0.9293976161450946 -0.11001892143799608 -2.786666290942757 0.3845354070269288 -0.03657456613963861 0.9223853976805638 37.43557896143887
0.8496443992576445 -0.3724849659599433 -0.373308645686028 -9.048267270097544 0.3579380160694431 0.9271864142604339 -0.11047954499883736 -2.9023352158608797 0.3872786741642091 -0.03975302937763244 0.921105273675552 38.31873061813337
0.8440381839110208 -0.37967010471204915 -0.37874814281805724 -9.400637762376782 0.3650834732028721 0.9241182075703019 -0.11278118651255652 -3.0201587503463836 0.39282769975437526 -0.04308305960576546 0.9186023341363185 39.21119320928071
0.8405318618727006 -0.38456680381242264 -0.38159476225743616 -9.730379613464988 0.36926678693356935 0.9220710154201907 -0.11587528895211738 -3.128918494768125 0.39641925942689704 -0.04351339940152232 0.91703781537511 40.037296182804475
0.8369981055564335 -0.39082921073978566 -0.3829969964992644 -10.088426074804339 0.3751316699689416 0.919382283812746 -0.11837417960675542 -3.247826382206079 0.3983847405225938 -0.04459533881220661 0.916133644330875 40.916898947215515
0.8332436839200718 -0.3965023454893096 -0.38534510925764165 -10.47967741026096 0.38046401380039574 0.9168802460962956 -0.12073834735198548 -3.3781383647906638 0.40118835652371565 -0.04600548162852476 0.9148395478169533 41.87592933843218
0.830478813602171 -0.4006780379722098 -0.3869910206253772 -10.880854011452364 0.38479708293850556 0.9149624645074754 -0.1215520197463775 -3.5127822764705323 0.4027854827571962 -0.04796663871012095 0.9140366822239167 42.854587094736594
0.8260878093553904 -0.40789976895942576 -0.38884021103437755 -11.246617474032783 0.39270730791394476 0.9115457923150996 -0.12192308568773769 -3.6371537627439317 0.4041780567341507 -0.051981217718367785 0.9132020868674805 43.743851996328964
0.8236143036964493 -0.41542311614984095 -0.38611282459272045 -11.610096541453908 0.40155261348559623 0.9079038455334196 -0.12027512572646054 -3.765071570969476 0.40051838578210175 -0.055984299888310836 0.9145768315546351 44.636391317274864
0.8207569563382413 -0.421933891588633 -0.385136092506607 -11.99824840973038 0.40767678861448803 0.9048679115414795 -0.12253039903443995 -3.892247199355058 0.40019701978820893 -0.056443368002208824 0.9146892868953933 45.58900717815461
0.8160286970440845 -0.4295593575812519 -0.3867504672458922 -12.380679800377068 0.4152653476482587 0.9011175411912264 -0.12466702852017139 -4.021860036053994 0.4020595187818648 -0.058872194386318695 0.9137188889833868 46.52225374895113
0.8140049666797498 -0.43416197448804883 -0.38587471299547255 -12.787104979374256 0.4206509195133208 0.8987317275571225 -0.12383087577332219 -4.16550925530169 0.40056050495935974 -0.061519604930696914 0.9142027237302861 47.501924805060106
0.8103135969803574 -0.4396450571583394 -0.3874327015947359 -13.158552205352823 0.4273439419343114 0.8957302940314681 -0.12265559769673741 -4.296413998290619 0.40096013497703115 -0.06617751937433529 0.9137020882588923 48.417440557047435
0.8049317555384933 -0.44538102077064784 -0.392072206695419 -13.510664725070345 0.4335066229407634 0.8925852593846516 -0.1239498390306713 -4.423804614414468 0.40516277814258106 -0.07019473674379212 0.9115458420404624 49.286040282054664
0.7986555990087867 -0.4520388392090093 -0.39725322153317766 -13.90301240572188 0.44045137873525025 0.8888936488639556 -0.12597882353610124 -4.560583886210167 0.4100631867677633 -0.07435703635766076 0.9090210195600387 50.22404433391207
0.7912017101954485 -0.46085573298934307 -0.402009760024123 -14.310379769540251 0.4485524174821241 0.8841399147064009 -0.13075679712313465 -4.695531718739893 0.41569289452038977 -0.07686744820672547 0.9062509657106284 51.17879139074704
0.7843023671652188 -0.467240743578572 -0.40811258789600874 -14.726866673492706 0.45325590858385717 0.8807442547087276 -0.13729034609683952 -4.844573775444108 0.4235904604601671 -0.07730229839863131 0.9025494315933241 52.1230250181941
0.7764331925371426 -0.47359042264823326 -0.41576869663606053 -15.151478012776352 0.4585106621299221 0.8771306913967688 -0.14286260155480543 -4.998648437260034 0.43234184419248756 -0.07971111456813548 0.8981796412603353 53.08377267252958
0.7702267596697207 -0.47874147167155445 -0.42137553558605745 -15.577262446331224 0.46455842101786304 0.873818540853241 -0.14361974489081575 -5.1568841602161095 0.43696248368718393 -0.08513378273557028 0.8954418054162204 54.03128227798605
0.7645368345298348 -0.48322317059678543 -0.4265897280121622 -16.009578787372007 0.4694692983866581 0.8709328473216656 -0.14517077298311706 -5.3200742031610835 0.44168088765469526 -0.08928237706606351 0.8927186850436112 54.964535286225
0.7612599778060378 -0.48686659052675724 -0.42830382816360835 -16.441796701628235 0.47292361440166747 0.8687580640981052 -0.14697850525085432 -5.482236469805361 0.44365132833342646 -0.0906661408319744 0.8916014523174707 55.87735269565034
0.7567473307260187 -0.4934166435628359 -0.4288047262965178 -16.867522887060638 0.4783865515531136 0.8650449703731212 -0.15114068454683663 -5.6353608427552055 0.44551070102991497 -0.09075910470774601 0.8906643588807641 56.79598833012912
0.7524040943044207 -0.5002600863799879 -0.4285182899819236 -17.330090883591595 0.48262401564160196 0.8614161493521093 -0.1582285598789281 -5.8056585869294235 0.44828800831599275 -0.08776140159815074 0.8895705694263997 57.771475429871195
0.7468145065115817 -0.5069717634433502 -0.43040414023915086 -17.769636315922217 0.4892166510059072 0.8572041970044875 -0.16083542214467705 -5.978106041176727 0.4504832530099506 -0.09044664564831528 0.8881915576318776 58.6997077588512
0.7415212976273409 -0.5118922995160486 -0.4337193088406796 -18.211583555847643 0.49519106369004134 0.8537367741901276 -0.16099481618040007 -6.1553953044203125 0.452694130298362 -0.09539284088236022 0.8865484929217368 59.636294084712155
0.7367815267102509 -0.5159894586717554 -0.43693004066800073 -18.657784912366907 0.5013773020849973 0.8505049118255793 -0.15894085665596736 -6.331373753773642 0.45362295229902244 -0.10196211796639158 0.8853417101025606 60.566782051880296
0.7321551164808985 -0.5203900792538748 -0.4394804328124153 -19.081228160976472 0.5062192657102357 0.847415895885211 -0.1600885830559287 -6.501051769416374 0.4557312151198684 -0.10526378681774194 0.8838713677623895 61.44646828434759
0.7283253338649807 -0.5253333253779497 -0.43996261806863735 -19.518101081970354 0.511280863751951 0.8441019370122471 -0.16150479340636112 -6.667729416147658 0.45621714830935867 -0.10731643480621991 0.8833737014474445 62.34943673050645
0.7232831593352204 -0.5306568879578979 -0.44188769917808446 -19.960534912015277 0.5157243326449246 0.8406420612264006 -0.16537635143809304 -6.8433341335114175 0.45922748626362664 -0.10827830881514312 0.8816949153194222 63.266423483591666
0.7187094979899465 -0.5358995032032212 -0.4430218730103288 -20.416366707970827 0.5203791890912424 0.8371548756604468 -0.1684553760456555 -7.024029660665438 0.46115307334959854 -0.10946888427531751 0.8805421093370476 64.1868463984225
0.7123194976861205 -0.5418995572913553 -0.44603341021007226 -20.86921912329289 0.5253251125358446 0.8330886936733503 -0.17319571187772884 -7.211624169687576 0.46544007063788095 -0.1109418689272189 0.8780987657225926 65.11569483373678
0.7063487299182731 -0.5469214829435051 -0.44938665226920116 -21.30956877699082 0.5299771341434075 0.8294507130587978 -0.17645325695886893 -7.394689645214376 0.4692501561299508 -0.11352711614909149 0.8757373378307491 66.00901440405246
0.7028849037336602 -0.5501736833253783 -0.45084557254065355 -21.758299235449616 0.5328971803352123 0.8271278121684151 -0.17855021010424865 -7.582831766713229 0.4711405387929419 -0.11475408713277901 0.8745616571701614 66.89805884194864
0.6963083320313577 -0.556307446130921 -0.4535159667784599 -22.216000365679896 0.5384420067516169 0.8226761488342405 -0.1824394680559948 -7.774464000309164 0.4745892035318549 -0.11715792554733567 0.8723755546623511 67.80448978804756
0.6899538924777474 -0.5625390723601692 -0.45553640724201744 -22.671323479491775 0.5435180345639673 0.8182479956153472 -0.1872387881161079 -7.970760982007883 0.47807088633227496 -0.11840612205298749 0.8703035205615601 68.69463166309309
0.683506513945395 -0.5673735965686434 -0.4592450841445946 -23.126300009675933 0.5474995373353332 0.8145924701341153 -0.19152901664864422 -8.168251419632638 0.4827660945134918 -0.12052514060378736 0.8674160411651537 69.58815103797656
0.6762054797608141 -0.5727310686662659 -0.4633845833925041 -23.596107263738674 0.5519914295127626 0.8104436948005997 -0.19617971175024607 -8.374374446872526 0.487905329839616 -0.12312652249759087 0.8641691087812305 70.50143918193666
0.668568752858546 -0.5788457819523947 -0.4668547776526328 -24.08701542341888 0.5566695075654908 0.805818108759498 -0.2019312629140418 -8.60104411837572 0.4930870937754936 -0.12487888657089567 0.8609706043999709 71.45208172426561
0.6618926327473216 -0.5837320224234452 -0.4702712714085923 -24.572469148538715 0.5611077660407782 0.8018200613878328 -0.2055302022690085 -8.82197159686141 0.4970475003493597 -0.1278339358443081 0.8582553624900964 72.37512961087167
0.6553298587763704 -0.5885698231781152 -0.47342194651307046 -25.03282518964427 0.5664133671113086 0.7975695847015497 -0.20750579538082173 -9.034309286051679 0.4997185945647533 -0.1321677752066658 0.8560449786332187 73.2469877248747
0.649451123185668 -0.5931465436089921 -0.4758050193068379 -25.523501915101903 0.5713974320658844 0.7935345555322143 -0.20930332965532125 -9.261455891392899 0.5017152710665554 -0.13594148366483724 0.8542843202339696 74.16818046528942
0.6437415140743582 -0.5975419459214253 -0.4780590820407971 -26.00398027767411 0.5761683434800384 0.789600472606802 -0.21109508196683258 -9.48733615181925 0.5036138431662912 -0.13955184170605428 0.8525833568911176 75.0628222478985
0.6373833335266683 -0.6036873653233173 -0.4788570257304609 -26.47117868120285 0.5811419276244644 0.784691016126255 -0.21571756805524042 -9.70441621018334 0.5059807764128531 -0.14078911236220268 0.850977014813508 75.92890770864989
0.6312263191461587 -0.6082332710414424 -0.48125421765987614 -26.96696039127945 0.5856977892859732 0.7805751931871734 -0.21831277426282503 -9.940958233165409 0.5084401967220098 -0.14406476244743066 0.84896048823149 76.83134112655226
0.6245038366296602 -0.6127927650912633 -0.48423133426766013 -27.472417569122577 0.5901220317350279 0.7763591234641051 -0.221410250609517 -10.179894083388211 0.5116160139164502 -0.14748402783301715 0.8464617627739557 77.74365966690704
0.6190321714056362 -0.6178291670888052 -0.4848569800045951 -27.997930198136952 0.5955549687403876 0.7717357281493067 -0.22302072797499167 -10.430088944081525 0.5119701651204481 -0.1507019780633706 0.8456804738400482 78.67915189663788
0.6129760352260315 -0.6223415099085292 -0.4867765660786753 -28.514250327419294 0.6003713112915183 0.7673920122044947 -0.22508617945764578 -10.682309837857918 0.5136289213203222 -0.15427425141451404 0.8440289014801647 79.61113741583581
0.6058666400949919 -0.6276690370331885 -0.4888324808866893 -28.990002494291076 0.6051780558663078 0.7624594526888169 -0.22894345088546625 -10.911372267071405 0.5164156611857174 -0.15712149106758044 0.8418002743684625 80.46168418579855
0.5991177975899304 -0.6323915488398273 -0.49105884939277455 -29.49308380806494 0.6088837574342765 0.7581283742220628 -0.2334565015846189 -11.157929123565491 0.5199215657613256 -0.15912981227719808 0.8392611442816326 81.33562564907007
0.5939998600388321 -0.6373831222548164 -0.49082269888275315 -30.036361147841852 0.6131212838486898 0.7536851996969123 -0.23672961591140212 -11.430118958463217 0.5208132655430181 -0.16031648456265318 0.8384820613536645 82.28886327630514
0.5889673738995274 -0.641047018909009 -0.49211396244139155 -30.53097717160942 0.6180826109590241 0.7496153244841413 -0.23675039879293028 -11.678085313975 0.5206643050104072 -0.1647288221484284 0.8377189842910457 83.15140599681911
0.5827976407186141 -0.6455619302867555 -0.4935551682813746 -31.036360929960015 0.6230934920639633 0.7448850716854478 -0.23853873925989766 -11.93353547859612 0.5216334058707834 -0.16851119886999766 0.8363626998707218 84.03143135574514
0.5754823349600782 -0.6512587089723586 -0.49465359205867804 -31.570949884633322 0.6287266729492281 0.7391226329376215 -0.24166196267007478 -12.200510503549042 0.5229941231707014 -0.1719297166490275 0.8348157399461839 84.9526629119341
0.5690895387078403 -0.6556878704549736 -0.4961960433855953 -32.13822982718924 0.6328181834087425 0.7345567848302483 -0.24488257718161074 -12.485775141922193 0.5250507058185493 -0.174641765904008 0.8329597888982235 85.93081962939281
0.5615706116400858 -0.6605394885004743 -0.4983232206848403 -32.672607790980685 0.6386573934310109 0.7289377568297128 -0.246508580954038 -12.760558083383334 0.5260752626365234 -0.17982583462783785 0.83120844993438 86.86136841790339
0.5556398546519914 -0.6643054269117659 -0.49996265030289033 -33.19052020143402 0.642375349632726 0.7247761283915796 -0.24910534698786696 -13.027079300883251 0.5278430279037006 -0.18275082349825122 0.8294479335100933 87.7381853037975
0.5496239669871543 -0.6683108425407782 -0.5012724934162442 -33.724975229117 0.64579607934019 0.7205327552833363 -0.25254697082452365 -13.300433237685803 0.5299631296818132 -0.18491394297412792 0.8276145931963854 88.65614616415893
0.5427867965485162 -0.673354631974959 -0.5019721437395376 -34.254678261857016 0.6504403371126337 0.7151300145333637 -0.25596177482255905 -13.57769066357264 0.5313283931331009 -0.18757025860028684 0.8261401435224041 89.55614032850829
0.5361556137897208 -0.678814895574319 -0.5017444522345955 -34.763779906730356 0.6563824897435446 0.7090061978903697 -0.2578221063274202 -13.850731598780769 0.5307534125748354 -0.19110350310621818 0.8256998644427032 90.41983845021484
0.5271026037319493 -0.6853281381186587 -0.5024820277799119 -35.309805768883386 0.6636707712426104 0.7012816798143652 -0.26027891377324597 -14.139598778624643 0.5307579038857907 -0.1962889417658435 0.8244796533591395 91.35216040889685
0.5182157631258817 -0.6904067720107208 -0.5047681765024387 -35.852940502028694 0.6684884354252147 0.6951147145219435 -0.2644593453781241 -14.430632701536373 0.5334563098798336 -0.20038468708165813 0.8217483450744378 92.2751965474446
0.509437969573036 -0.6945044041341173 -0.5080714396574729 -36.4015085161333 0.6723170923459256 0.6897606579083027 -0.2687377199825613 -14.726454059881211 0.537087220567407 -0.20467991459891743 0.8183174506650566 93.19172909945742
0.4982153853198321 -0.6978574622153122 -0.5145642741786642 -36.940847612964305 0.6746191336486647 0.6848053292848384 -0.2755552313025637 -15.025480986984467 0.5446746316340945 -0.20984904911266222 0.8119685475686698 94.07620022518623
0.4891698469629607 -0.7019179682375521 -0.5177103694996854 -37.46738599132382 0.6778266243353309 0.6794875830670786 -0.28079831160430907 -15.320581664478455 0.5488751480659371 -0.21355980502643102 0.8081635239929287 94.92078086153084
0.47946513279304137 -0.7068871550018684 -0.5200228230848296 -38.04077663227854 0.6803623101215724 0.6737049893480995 -0.2884938721940463 -15.638984314839812 0.5542745830378557 -0.21548117648843934 0.8039574299534582 95.83397935026075
0.468266749115897 -0.7113691398869042 -0.524099416608143 -38.624198477360146 0.6829830949362956 0.667728752567245 -0.29609526343092707 -15.972565239801567 0.560589282544421 -0.21929947517392112 0.7985282690580053 96.76114863074088
0.45798597640599664 -0.7156934831784575 -0.5272870978426583 -39.210646340564516 0.6856710983261954 0.6619113754840378 -0.30286709283938096 -16.315945191620617 0.5657773328223701 -0.22283664227571795 0.7938764642711668 97.6780978094109
0.44688121110665663 -0.7197676886461325 -0.5312547953109241 -39.81657913123776 0.6881531902879888 0.6560281909090957 -0.3099551571259983 -16.678879662672415 0.5716138293081361 -0.22707154624378476 0.7884771036816136 98.61764664024793
0.4382947799268738 -0.7222318671804944 -0.5350502928864072 -40.43686708404442 0.6885142851318602 0.6524319904348896 -0.31667108650227543 -17.052039571899225 0.5777938776572635 -0.22959448574855817 0.783224493396139 99.53835126068847
0.42859032018068555 -0.7256908590729071 -0.5382221794997339 -41.0090686625904 0.6908838238137206 0.6471187540131567 -0.3223613813672348 -17.404149059659282 0.5822283739564309 -0.23368802978005965 0.778716909600379 100.39269305193523
0.418762204306792 -0.7294879922268591 -0.5408192724385313 -41.612754879829495 0.6920984721294323 0.6419500814380648 -0.3299996936631419 -17.779658319917804 0.5879097899509941 -0.23610879301391532 0.773701956014905 101.29074166970794
0.40789164454503624 -0.7333148598464416 -0.5439427567665001 -42.23232533487428 0.6939447445239517 0.6361578778129185 -0.3372593157262693 -18.168677016048807 0.5933507376400011 -0.2399009604502613 0.7683634760431478 102.19354636154668
0.39805566228108136 -0.7369940298683343 -0.5462522216562627 -42.86104618034161 0.6953263016083405 0.6308075168648739 -0.3443881690163574 -18.571029648844018 0.5983920320472499 -0.24273787633001342 0.7635478369933074 103.09767654099676
0.38731151616388876 -0.7405429396587099 -0.5491684112988169 -43.496119805276805 0.6978739720987556 0.6247350867694584 -0.35025417974131745 -18.98387427268718 0.6024630349771971 -0.24759286314591958 0.7587727364667703 104.01513518558868
0.3786151078344155 -0.7418781006930146 -0.5534143870840903 -44.10350452956453 0.6989391944495733 0.6211419162805742 -0.35449502436773056 -19.37813558909175 0.6067409682737072 -0.2525858340276063 0.7537013956912001 104.87714080463866
0.3703541974982219 -0.7448410156510761 -0.5550221885648552 -44.71383603412628 0.7016371212509676 0.6158801062937529 -0.3583253336763267 -19.780459423104336 0.6087225299577002 -0.2567168792180782 0.7507018885326103 105.72716332428509
0.3640048526285453 -0.7468783983586592 -0.5564828167410696 -45.351643880300415 0.7036042810009989 0.6119850117092458 -0.3611306705339516 -20.205658739606104 0.610279839925864 -0.2600903756551522 0.7482723524704248 106.60995297518913
0.35665040335450127 -0.7502236693289015 -0.5567449467806157 -45.99240902283856 0.7062154553905291 0.6066313530811188 -0.3650453835162398 -20.628792966201527 0.6116046274797299 -0.26298830285328295 0.7461748670437318 107.4931894323303
0.3499380131190879 -0.7536791815176529 -0.5563371983978296 -46.647687758793445 0.7092163175270971 0.6011475489829988 -0.3682849973933731 -21.074364335188562 0.6120094786255921 -0.26568649890164525 0.7448859525953064 108.40060047953415
0.3436867559405547 -0.7574198649410574 -0.5551527375270053 -47.298408258541066 0.7122192742303478 0.5955358931995547 -0.371592122260154 -21.51508626454692 0.6120646364607698 -0.26767918877581626 0.7441268256758835 109.29004422896823
0.3385955480542241 -0.7606599529085467 -0.5538497006219533 -47.96050916341628 0.714658904241873 0.5907848850110329 -0.374480800883445 -21.96910419761628 0.6120585800604917 -0.2690160881502596 0.7436495403687591 110.19717286059647
0.33195913718723036 -0.7631645102828911 -0.5544213753839082 -48.60733918304971 0.7177808361295769 0.5857145370246094 -0.37646932465099053 -22.421085854655278 0.612040686983337 -0.27298060620256953 0.7422181526439802 111.09021791257243
0.3246500616821588 -0.76536165311756 -0.555719243311698 -49.20039203043698 0.7215323744501496 0.5802942969833166 -0.3776897688698586 -22.83579409468158 0.6115499734854866 -0.27835241839401004 0.7406257901964436 111.91107698475726
0.31907686570923866 -0.7664817214258249 -0.5574008651673166 -49.85111993876206 0.724706757929033 0.5763368870234766 -0.37767169296636277 -23.295136465256515 0.6107291288133871 -0.28344587380343506 0.7393702508504443 112.8003993281247
0.31384947600973995 -0.7684392505915869 -0.5576734031300509 -50.49265415771829 0.727485231219873 0.5720545544649188 -0.37883878506946916 -23.743143582517455 0.6101342022583064 -0.286800810435019 0.7385672280628465 113.67785804864457
0.3093569295728039 -0.7700066032643549 -0.5580216134296032 -51.12861883441717 0.72982956128626 0.5684367592338055 -0.37977422532930527 -24.19129354147361 0.6096286587735131 -0.2897748810388142 0.7378234319408327 114.54180819351744
0.3053934104669278 -0.7712880352007265 -0.5584349842189165 -51.79374119085635 0.7318514274599854 0.5653087775346882 -0.3805515394358798 -24.660535689328896 0.6092030474055101 -0.2924735078574455 0.7371098250826674 115.44560225466047
0.30200299486751625 -0.7732944233598754 -0.5575032967539916 -52.41357649029501 0.7365353172574048 0.5605550385833664 -0.37854164255909145 -25.097269596027207 0.6052354232227203 -0.2963001578118358 0.7388479538830004 116.30607690631884
0.2973057712789189 -0.7750965016957229 -0.5575255074194362 -53.043680944086454 0.7408137954340782 0.5556429220575059 -0.3774332572282849 -25.530273058157945 0.6023322993653947 -0.30080950155613295 0.7393980287468638 117.15982411514166
0.29017477754735854 -0.7771401199655658 -0.5584369547363852 -53.67879134646223 0.7448711991836873 0.5497763896670856 -0.37803811711424135 -25.96949236322458 0.6008040405173696 -0.30626647760493036 0.7384005346649418 118.02029370816565
0.28638035876023904 -0.778393742969789 -0.5586496854217671 -54.280311435053434 0.7480523243193481 0.5459769194046601 -0.37726240676460027 -26.384205267435846 0.598668531156247 -0.3098586522640279 0.7386363147181043 118.83591305388045
0.2817378607816913 -0.7801327958391487 -0.5585844597358128 -54.893407737155414 0.7528922874990879 0.540635315545477 -0.37532207370395065 -26.8050791818832 0.5947915443468809 -0.31481149350243887 0.7396734024772128 119.68115083061473
0.27709355656685536 -0.781957268328834 -0.5583565092455165 -55.478816296190004 0.7571448471503957 0.5354736885422546 -0.37416521659897295 -27.211960494788773 0.5915664302026737 -0.3190779832371079 0.740431225213122 120.49291162608118
0.2731609539749398 -0.7838621798781115 -0.5576227902267232 -56.06772458417798 0.7606031856333778 0.5308876972957969 -0.37368575951502875 -27.61681109421789 0.5889532131059805 -0.32205331207224314 0.7412258609596942 121.30216215019786
0.2701700859032279 -0.7860940107755272 -0.5559355456398594 -56.66904578807 0.7656191191313244 0.5255216871549893 -0.37101795205939647 -28.030886228945754 0.5838111758981817 -0.32539693076705445 0.7438288434470415 122.12264915216939
0.2666338255688876 -0.7881171415817145 -0.5547772293520782 -57.261544923413695 0.7694033815076113 0.5207232062237133 -0.36995375254854457 -28.43512721305298 0.5804522715841102 -0.3282052919213284 0.7452224142950093 122.94270758945044
0.26645326632114125 -0.7898283533482672 -0.5524254059273161 -57.842213464869054 0.7737029224931747 0.5170680443018939 -0.366093465234406 -28.831120994696292 0.5747925230831692 -0.32986635143491017 0.7488669745680503 123.73612629005801
0.2672899607323152 -0.791277314905796 -0.5499420767746285 -58.424029125723315 0.7786440568250376 0.5135705293410168 -0.3604979114550262 -29.22603083998283 0.5676878628813246 -0.3318516570816873 0.7533956251727064 124.54780092551465
0.2676660766251234 -0.7932542144654714 -0.5469027542963028 -59.00700855641335 0.7847690865364719 0.5088054840206099 -0.353913068771506 -29.61481017207764 0.5590101539693402 -0.33446185232896347 0.7587113529504179 125.37720079714225
0.26917473229206146 -0.7945901699238213 -0.5442163405815102 -59.60343311689549 0.7888436981069836 0.5060749967759094 -0.3487315838795819 -30.007940774605768 0.5525129712978653 -0.33543189994199507 0.7630300498990248 126.23064396661815
0.270676822200414 -0.7953494144746348 -0.5423590755379145 -60.173142235906866 0.7942416576037145 0.5028615704347671 -0.34104315021238013 -30.383486623471974 0.5439800062965455 -0.33845169503894584 0.7678126092184699 127.06841345482319
0.2723985804102565 -0.796578855542029 -0.539686149807301 -60.73679489792683 0.8002707768041084 0.4989707889778106 -0.3325580183068972 -30.737631545490302 0.5341963095939791 -0.3413067222458603 0.7733977140940884 127.89342001773838
0.27442842376464416 -0.7969099870456497 -0.5381668075763829 -61.31323642564556 0.8043079673156064 0.49696352064840355 -0.325754436435456 -31.097467792585068 0.5270462351091133 -0.34345557455316733 0.7773419674542622 128.7423042916744
0.2772112257750269 -0.798502950235968 -0.5343659558474531 -61.882554926313205 0.8099032618420616 0.493419347959288 -0.31716565626974813 -31.448032070519556 0.5169242137508129 -0.3448628503099256 0.7834915262555286 129.59346424480236
0.2810499262704713 -0.7996419621364791 -0.5306445809898419 -62.42208228693875 0.8159752829647103 0.4901643040593662 -0.3064690728550899 -31.771944985537164 0.5051685624957514 -0.3468597517967736 0.7902487178410713 130.4117307134826
0.2826602081608355 -0.8022563082832942 -0.5258212838428411 -62.96328440023384 0.8212579633572287 0.4856417655441808 -0.29947860220968786 -32.09024908889466 0.49561937446473037 -0.34718423261834847 0.7961309843715407 131.2385118314888
0.28542801534190626 -0.8040030894984751 -0.5216415245500381 -63.498757938027545 0.8258237279652185 0.48253111953906963 -0.29185422560929486 -32.39488306427252 0.48635996791225494 -0.3474805760805625 0.8016927284559285 132.06760286671442
0.29034819118658417 -0.8050872518861081 -0.5172353861881004 -64.02575525560655 0.83185511954187 0.4795200232228929 -0.2794237059025195 -32.693423814880965 0.47298518789351135 -0.3491347364253389 0.8089437235398698 132.90820209870625
0.29265119022675495 -0.8061884175209351 -0.5142134929326092 -64.5866725760239 0.8383168578092377 0.4749935618286319 -0.26759290374409495 -33.00204442374812 0.45997839815768576 -0.3527624578614347 0.8148487721975468 133.80974137855267
0.29699502313049364 -0.8061817386476565 -0.5117274279406564 -65.12708217692769 0.8432126306268871 0.47290619324730954 -0.25564074780758966 -33.288748121160495 0.4480919724643623 -0.3555710008695599 0.8202334104104863 134.69406001215407
0.299900512558106 -0.8075510691951029 -0.5078591863983869 -65.65572707809814 0.848833512736594 0.46884624416907683 -0.2442639289453212 -33.554442146762064 0.4353634690952376 -0.35783301967593273 0.8260836397163205 135.57660466047184
0.30360668174700356 -0.8088803925027597 -0.5035230813211599 -66.15121697287394 0.8548148328965945 0.4646658170449016 -0.23103523525635933 -33.793181754655585 0.4208498357591945 -0.36027515747630406 0.832518604384841 136.4077709318429
