1.0 0.0 0.0 0.0 0.0 1.0 0.0 0.0 0.0 0.0 1.0 0.0
0.9998870775373232 0.0015439541196853406 0.014948189841830037 0.0021933275274932384 -0.0015256967244767917 0.999998076341909 -0.0012327051499290002 0.007627839222550392 -0.01495006432681829 0.0012097595455491785 0.9998875097021994 0.10396163910627365
0.9992978269184789 0.0042244382591640475 0.037229118138905226 0.010054799549290562 -0.004136766229069676 0.9999884870596832 -0.00243164825827065 0.016842563395393945 -0.037238961870225115 0.0022759326616648957 0.9993037975757662 0.23614679854316104
0.9978723976314218 0.004778903207179155 0.06502184347936056 0.03535418075960453 -0.004668561974304618 0.9999873931132706 -0.0018488222244215067 0.0204928012485609 -0.06502985909880267 0.001541330159910818 0.9978821281729262 0.41573929467542137
0.9956707976332149 0.004731451879518523 0.09282928473035748 0.06623033264520452 -0.004571206121691245 0.9999876724950684 -0.0019387966600709061 0.02759083887357576 -0.09283731369999346 0.001506061422349782 0.9956801519383428 0.61686922995548
0.9924707305098937 0.0020382146808308123 0.1224650756831229 0.10664103984256197 -0.0019276504418536647 0.9999976205554885 -0.0010212967911070099 0.036610271201571246 -0.12246686590638381 0.00077753731508517 0.9924722979462911 0.826738366197928
0.9877992100083611 -0.0005455992912515116 0.15573189470455645 0.16949614391100845 0.0007741937796081803 0.9999987101736705 -0.0014072224368869464 0.044279855908570045 -0.15573092605789413 0.0015106198756298303 0.9877983583185093 1.0447607582911795
0.9811714023757527 -0.0006886010324016097 0.19313778757306124 0.23418128147722717 0.0010044035949315162 0.9999983140869589 -0.001537204169317432 0.05468456536425844 -0.19313640343916846 0.001702249058702541 0.9811704398394424 1.27157198175426
0.9730264258564416 -0.0010066443840235505 0.23069148500133868 0.3090901220874446 0.001287187527583263 0.9999986038230761 -0.0010655985018259986 0.06301965358407202 -0.2306900902364633 0.0013337987038431148 0.9730263630794954 1.5273245116113325
0.9629879627164931 -0.005109120354794693 0.2694959750206637 0.4011253490891642 0.004508081571046345 0.9999857798303402 0.002849094181521169 0.06879120539525843 -0.2695066991072518 -0.0015287335629886648 0.9629973011955987 1.790141140049128
0.9512838252175373 -0.011044680104496302 0.3081186442279652 0.5162015319625938 0.009504050484378843 0.9999337066307294 0.006500412919243209 0.07158778426384602 -0.30817001298614444 -0.0032553625173902334 0.951325730604928 2.045863625201896
0.939032463816023 -0.015485748437985367 0.3434795823552322 0.6289012917577685 0.013158403200188948 0.9998719637688556 0.009105629809827343 0.07503681432407167 -0.34357661201663675 -0.004030839159256144 0.9391160013602375 2.2797706143435588
0.9222255265301328 -0.017204866965180508 0.3862694276912556 0.7825059751390485 0.01386759481429966 0.9998385691842949 0.011424770700919965 0.0788489014521546 -0.3864036335624784 -0.0051795872627681955 0.9223152410350279 2.5650203761381682
0.9052289808305602 -0.020992380991712634 0.42440524526066375 0.9471583623013135 0.01634918846498829 0.999760043409372 0.014579425181638062 0.08384598892270653 -0.42460946327301946 -0.006259036857973458 0.9053549735637447 2.8612190714365244
0.8850751253586073 -0.027058608263247755 0.4646610099742627 1.140400337089424 0.02092830375009981 0.9996126269556349 0.018346719952031555 0.08960425881458485 -0.4649774495323287 -0.006513658703894065 0.8852985618855935 3.165506320276332
0.861752805434357 -0.03226867385442519 0.5063011307647773 1.3472395490276474 0.024827296187817288 0.9994617694770523 0.021442404664634585 0.09706016514857292 -0.5067205420051746 -0.005907964241283655 0.8620901276946082 3.447119120411822
0.837174927652116 -0.03702678026296621 0.5456804541616207 1.5602112936884027 0.028319607411184784 0.9993020650952121 0.024359444421435762 0.10493926862102859 -0.5462015565217211 -0.0049396598873471115 0.8376392179294416 3.7059597422546027
0.8096420687795354 -0.03923810358528788 0.5856108705355667 1.783657524429788 0.028951830360571133 0.9992181475798173 0.026923689679001234 0.11756492170378638 -0.586209443783676 -0.0048440452298326685 0.8101450630872501 3.9653379328176874
0.7804357467602575 -0.04140473377598065 0.6238635212926779 2.024624262182513 0.02947672290910776 0.9991319428931921 0.029436091741515562 0.12865847020080867 -0.6245407656713043 -0.004583526089748635 0.7809787598285153 4.218205975691424
0.7488705063444219 -0.041203085487021666 0.6614342525707287 2.296930673236351 0.02704035974730491 0.9991339729384088 0.03162472237107575 0.1453930418102723 -0.6621644687478979 -0.005797401716327023 0.749336110474568 4.492826269785393
0.7157656920572965 -0.04303609731492444 0.697013176634158 2.596152390525478 0.026930397981886362 0.9990578960275652 0.03403048705957597 0.16269172486262135 -0.6978210571043818 -0.00558701287586753 0.7162503455837549 4.761214115337701
0.6836086393462113 -0.0439570858084594 0.7285238519214382 2.907060377671475 0.026144546075164955 0.9990188859592852 0.03574532427034961 0.18255213076593796 -0.7293803472275254 -0.005388887074026112 0.684087179367044 5.017879491174641
0.6513660368002571 -0.04639332979581833 0.7573440070757692 3.2405386739534507 0.02646216161348259 0.9989107745449922 0.038431998395424216 0.19744013885487935 -0.7583020770813359 -0.0049923389688998066 0.6518842201232912 5.276215276790558
0.6187392230029726 -0.046577335843636034 0.7842144640998321 3.5823076559314995 0.025468155884087323 0.9989054172827461 0.03923442823652157 0.2196745357487376 -0.7851835116414134 -0.004303383423780716 0.6192482005929176 5.523394846241471
0.589021682344324 -0.0466229602774191 0.8067711926582609 3.934405194333029 0.026175660087336856 0.9989112321919332 0.03861586487165574 0.23971762023253912 -0.8076931920892082 -0.001627813184605753 0.5896007612588212 5.756425396352265
0.5611065500112926 -0.04549206002281838 0.826492535967086 4.3272530260408715 0.026637075968002237 0.9989638416914459 0.03690134383654326 0.26157410560804073 -0.8273148770077206 0.0013097587366388205 0.561736930256283 6.000630078545139
0.534522550549638 -0.04388913921118393 0.844013854396485 4.73615642003294 0.028109872821524252 0.999021418253456 0.03414734134323148 0.2846774442308979 -0.8446866152626473 0.005472598117416485 0.5352331946600266 6.245617450193961
0.5110784354000073 -0.04247237692485345 0.85848408841832 5.160958225222812 0.03039925781438345 0.9990467337581608 0.03132904230080291 0.30926505498893014 -0.8589963434109691 0.01008568121169947 0.5118823703167368 6.487120351442969
0.49002654030988757 -0.042481161709393055 0.870671775522638 5.654464955770098 0.03218697774230859 0.9990124813984883 0.030627772916940063 0.3316767917139846 -0.8711130743225811 0.01301587145971843 0.4909099701925047 6.757995119293104
0.4729088813317183 -0.04315618455031584 0.8800538243156731 6.177543642369946 0.034276081473603885 0.9989448275788151 0.030567657619550943 0.3547743142403447 -0.8804443992645973 0.015709079813607883 0.47388910582014027 7.038390050102925
0.4602766870014191 -0.04367950209406143 0.886700328464929 6.704550240223008 0.03549205671074971 0.9988957574406906 0.030782782158706442 0.37534098359386886 -0.8870657728226464 0.017302221354621856 0.46131870525999386 7.311161285082852
0.4510064363641745 -0.044608377638392795 0.8914052316441489 7.267846483343662 0.03452965956930557 0.998874567672564 0.032516160089662086 0.3982100755878251 -0.8918525085282408 0.01611492170068494 0.45203917123460113 7.605890738538712
0.4440847899101722 -0.044402737860099475 0.8948838451111772 7.793211601088777 0.03308170814109988 0.9989028283650474 0.03314724831378528 0.41694835792682206 -0.8953738325174047 0.014884097380625556 0.4450664710897224 7.871604040342139
0.43485709427006825 -0.04472880183808146 0.8993879262304574 8.395328667207728 0.033041324108107846 0.998885619706404 0.03370147837908917 0.4358841437255236 -0.8998930927972366 0.015061641008963286 0.43585039693218264 8.164055591844814
0.4241830713221945 -0.045632205302406866 0.9044260189992929 9.0504951795835 0.03357817171550865 0.9988353630986015 0.03464713275191113 0.45474840269313554 -0.9049537161578564 0.015672244986718684 0.42522129808978576 8.478564964572648
0.4132504874146916 -0.046132898515816666 0.9094480690649959 9.678392253885384 0.03296317644595031 0.9988192009426544 0.03568799275485794 0.47513318631560436 -0.910020584190332 0.015230216768221233 0.4142832085024447 8.768414482047092
0.4008768410945335 -0.04633414729278019 0.9149595100706476 10.34835921499618 0.03297958958669459 0.9988027510847177 0.036130473236496055 0.5012979283810799 -0.9155381504583857 0.01569111915227599 0.4019249728929365 9.069364619255051
0.38844115515655436 -0.04860072637391255 0.9201909792953686 11.051244735073205 0.033208067635637495 0.9986977973020741 0.03872898020723145 0.5265565218540073 -0.9208749606893156 0.01551383446841179 0.3895492622448901 9.377529158218994
0.37618614942171036 -0.05056301465942108 0.9251634247698176 11.779253977165 0.03263849111339895 0.9986133123747485 0.04130594685724966 0.5530884723189092 -0.9259690652938183 0.014657213121344879 0.3773147972481443 9.673293156729002
0.36289697272126425 -0.05255911068237578 0.9303458104780284 12.545245167855215 0.03307212675891023 0.9985054666133815 0.043509396397054576 0.5849561874679002 -0.9312421927841246 0.014979086336329838 0.3640928526504526 9.974860740965676
0.34896638526276197 -0.05463618574937699 0.9355412065555432 13.311775755870082 0.03237802437340268 0.9984059458898601 0.04623019305009856 0.6062707420925791 -0.9365757446647426 0.014158192629485374 0.3501791257158962 10.266731815991552
0.33398549453546217 -0.05428071580733281 0.9410139708481198 14.073552480869104 0.03073298732235171 0.9984367627269737 0.04668526882780902 0.6339583369108408 -0.9420770525440829 0.013327967839254322 0.3351316045125092 10.541195668084656
0.32068978913406654 -0.05228171561769522 0.9457402821902102 14.842357841587907 0.029172834748403154 0.9985469753829874 0.04530875926606295 0.6683057772046016 -0.9467349179458263 0.01305986851228326 0.3217490248261081 10.813971562138976
0.3058831066230395 -0.05158700162324818 0.9506704509692941 15.5782064419468 0.028900040045049438 0.9985739246335967 0.04488769015276252 0.6957902382784592 -0.9516303446023738 0.013744027989598388 0.3069377606724014 11.058395898649952
0.28504836667505684 -0.049692788707159936 0.9572241406308077 16.351491975296806 0.02666536775346224 0.9986798134157944 0.043904310020396756 0.726749177378387 -0.9581421537634462 0.013009881871102923 0.2859971261310942 11.296618427145553
0.26262660624050177 -0.04762822203898431 0.9637213384376222 17.12831201341398 0.024199298831444095 0.9987919664579837 0.04276682914433611 0.7553909886768173 -0.9645940387700223 0.012089673461246913 0.263461914069069 11.519112637866797
0.23696721442976681 -0.04626270377525284 0.9704155303398645 17.87243639021907 0.020078070610552286 0.9988854408839876 0.042717058308829825 0.7817155366796862 -0.9713101514788955 0.009361529223663016 0.23763196629376254 11.709977218428167
0.2072591625973168 -0.04500913807375541 0.9772501302170887 18.643127866519148 0.017882434204525427 0.9989484645580883 0.04221591766098287 0.8081677339175725 -0.9781226191364659 0.00872597541227841 0.20784609519239106 11.884553431242876
0.17731790248979007 -0.04467296326454205 0.9831392006271474 19.449419401647972 0.015811019468850347 0.9989696225884248 0.04254062539380499 0.8343406076857578 -0.984026611997855 0.008001218576272392 0.17784152322030355 12.038464016498363
0.1439621024531173 -0.04316446864582031 0.9886413615178168 20.26044211808245 0.014110559326954191 0.9990362157195115 0.041563587385096 0.8581118473432366 -0.9894825946790368 0.007966701159325636 0.14443242883743018 12.16280477974787
0.10867314002741096 -0.04176472860337988 0.9931998067263551 21.06989720332306 0.01375503477691487 0.9990845659242487 0.04050714937195195 0.8852791330679544 -0.9939823678792642 0.009259458766136751 0.10914813222629888 12.262822668023407
0.07569917298248541 -0.03993124838071247 0.9963308339163881 21.840703710340275 0.012173109871415955 0.9991603772566563 0.03911976375688647 0.9087950473728177 -0.9970563928915084 0.009167110945877164 0.0761217017090382 12.330528150634517
0.041299429060216386 -0.03722810810929252 0.9984530159831775 22.632502706125525 0.010838377535896811 0.9992635049534009 0.03681001549353165 0.9342347795641468 -0.9990880275189418 0.009301378115499918 0.041672504525921805 12.363959460993643
0.008667119689292957 -0.03391772996408435 0.999387046459166 23.40527135687043 0.011182266834470662 0.9993653803028314 0.03382001715878247 0.9608876239841966 -0.99989991396376 0.010882290487810817 0.009040896471298299 12.368397638612464
-0.02315774854792446 -0.029659261175649394 0.9992917726613715 24.195641494297004 0.012191158203689736 0.999477131269332 0.029947282535804434 0.9868631594925857 -0.9996574885148632 0.012876035730818141 -0.022784059340139218 12.348103146536529
-0.05373981921971244 -0.027486097079483116 0.9981766107746513 24.926211907850266 0.013299070164594619 0.999512731364262 0.028238884069841836 1.0049039728041207 -0.9984664073282534 0.014792373308229054 -0.05334809395770551 12.30547750097439
-0.08493546254465578 -0.024419766259398755 0.9960871659740236 25.67381251364907 0.016765753144763404 0.9995230652100043 0.025933600496002924 1.01974939418429 -0.9962453898130794 0.018902833888963775 -0.08448553809470594 12.236028640437045
-0.1128287302738128 -0.017471655958955053 0.9934608290530891 26.479260734494922 0.018599782633267167 0.999633057313607 0.019692608050897523 1.0346446106910385 -0.9934403483404499 0.02070004743721548 -0.11246235959334394 12.144841745356397
-0.13726273565700486 -0.007437162241418775 0.9905067541504954 27.266705686765306 0.020311730693714926 0.999740418927185 0.010321257652181347 1.046090854773467 -0.9903263982123173 0.02153563050136977 -0.13707604321225242 12.035558545906818
-0.15698477874443634 0.004890243769267981 0.9875889148620683 28.03641320671361 0.019460556056738226 0.9998089002451245 -0.0018573498856331618 1.055628595285989 -0.9874092697562259 0.01892745377783943 -0.15704994585470194 11.912212501932773
-0.17990553994581276 0.016843765136442767 0.983539670919701 28.818240153908885 0.017726212418720733 0.999746546595734 -0.01387890352981869 1.0511095127059529 -0.9835241624332834 0.014937541495573432 -0.18015851843300684 11.781022150989305
-0.20281143857069278 0.026110544548281437 0.9788696337348903 29.571271701381644 0.02096752672470722 0.9995310378152846 -0.022317420705559664 1.0395128897202994 -0.9789933009004377 0.015998247006858764 -0.20326380121598803 11.619163286515343
-0.22685502564385102 0.03057448486129223 0.9734485082507418 30.321220027307884 0.02383666766103354 0.9993820164819927 -0.025834055183112974 1.0233799407716488 -0.9736367960461156 0.017343183325252042 -0.22744362681157176 11.443232409051701
-0.24653376773766233 0.03138579267259073 0.968625847984342 31.06548498516268 0.02664181239253067 0.9993172087563483 -0.02559941631878599 1.0015595994724986 -0.9687679367100842 0.019494827563599465 -0.24720161103996052 11.25375693392284
-0.267355827677704 0.028641354968245044 0.963172120751194 31.77059002289409 0.0272930861964235 0.9993822156388312 -0.02214214331754766 0.9795915174859848 -0.963211269064396 0.02036810866043307 -0.2679723703984281 11.061221137010875
-0.28508285690887974 0.027297549195011903 0.9581140895032371 32.492083975173664 0.031205990013532175 0.9993288053801597 -0.019186581893040358 0.9586351614768441 -0.9579947551442786 0.024429133128478366 -0.2857433578766873 10.848408806695232
-0.29832831303047 0.027739847451934162 0.954060123109512 33.22694189626809 0.0320926099328917 0.9993039061282387 -0.019020188867082382 0.9309443517176342 -0.9539236248422036 0.024944018525242594 -0.2990108926238694 10.616605642787913
-0.3071372720246383 0.03062261313398067 0.9511724090290414 33.940465583834815 0.03314420056874133 0.9992200087083747 -0.021467094947731233 0.9054758734765024 -0.9510878813768593 0.024932504119771347 -0.3079126696587772 10.388680723084988
-0.3128620806647402 0.03320783314551628 0.949217866614356 34.686068132376235 0.03244182445834199 0.9991790834801515 -0.02426287620169548 0.8819319947572272 -0.9492443555312531 0.023203425470051362 -0.31368256970783714 10.145551514338772
-0.3207621304008489 0.03464238581105769 0.9465260486674558 35.45085314207592 0.029826394500877876 0.9992047389767117 -0.02646272468132646 0.8584203564384254 -0.9466900453114457 0.019743219387919272 -0.32154029824644625 9.892726245103976
-0.33113479848021926 0.034210302823932066 0.9429630959990745 36.17876732735931 0.029364704785966304 0.9992321233215573 -0.02593988888036296 0.8332402083156644 -0.9431264280828409 0.019100233061075358 -0.33188510323410875 9.63486028184056
-0.3407921319784155 0.035372845150647425 0.9394729823723271 36.91989676996832 0.03093770423109044 0.9991726584937964 -0.026398048703440112 0.806440271366086 -0.9396294914691194 0.020068889964020092 -0.3416045351237249 9.368480596440923
-0.34971646131637374 0.037375262385415754 0.9361097619648964 37.63009572860224 0.033603884619173095 0.9990613540107485 -0.027334773836851706 0.7791403395236705 -0.9362527306357269 0.021897504054842788 -0.3506441553673945 9.100871142418429
-0.35713099011042376 0.03938973492827549 0.9332233948444653 38.37043460362806 0.035108657650930776 0.9989704766975198 -0.02872923327691747 0.7527976792035824 -0.9333942564965236 0.022504121156134854 -0.35814623615262503 8.816147684326147
-0.35846244587069304 0.041788258101001174 0.932608393906727 39.13362838288635 0.03608087532311881 0.9988713793392487 -0.03088912385977517 0.7260624018104989 -0.9328466354853399 0.022576736296264905 -0.35956563467869235 8.524653979953158
-0.35836559052400047 0.04311390056562267 0.932585274978327 39.865830650576605 0.03882174931497687 0.998757226541277 -0.03125498698930099 0.6995763021157938 -0.9327738071518246 0.02500387989080658 -0.35959398031932716 8.248436769377399
-0.3538728575756334 0.04234195962829898 0.9343346076893925 40.66691054295262 0.037567319661416104 0.9988120394129854 -0.031035566969687678 0.6647744415822793 -0.9345387617240456 0.0241178021077479 -0.3550431445004663 7.947662483880483
-0.34840241489318363 0.04183745426937879 0.9364109059151627 41.467480888762914 0.03574174738136113 0.9988698437945203 -0.03132990028771022 0.6365248959458982 -0.936663378589515 0.022553549125770376 -0.34950400946356325 7.655135196148072
-0.3414489672525625 0.04213756960630018 0.9389552854049189 42.26640339629597 0.03467951876545152 0.998879113330366 -0.03221564729348503 0.6047824325417206 -0.9392603120223676 0.021562517942386505 -0.342527552292701 7.37624312373137
-0.33511893492745526 0.04185211371626845 0.941245823380146 43.11690275749233 0.0322387141860851 0.998937274317851 -0.03293914519307969 0.5714225954255314 -0.9416241101207616 0.01930602382427318 -0.3361120537609157 7.081759024038179
-0.33032407494444643 0.041606985763699554 0.942950085766874 43.97309553307733 0.029478598154867686 0.9989953582034239 -0.03375331893068499 0.5360780866374598 -0.9434071325588542 0.016647312806336308 -0.33121873318610534 6.793997422215039
-0.3275421857961043 0.04104170444142849 0.94394475210176 44.83934030947892 0.027772699626785084 0.9990426477937961 -0.03380037048024158 0.49923340701030605 -0.9444282893260615 0.015144846836585834 -0.3283684514915306 6.498343783170659
-0.3269159071933854 0.04018787828537796 0.9441985617775773 45.70287762641786 0.025783151923535592 0.9991028093553409 -0.03359769955150281 0.46229431150336725 -0.9447016559214946 0.013360792535804739 -0.32765877147117767 6.20836071537539
-0.32743109557946054 0.039902154025160744 0.9440321476262271 46.55377301216209 0.02535521344893331 0.9991191762852627 -0.03343627865085009 0.42875549914763145 -0.944534801263878 0.01298805925496993 -0.32815441413791197 5.922229620995642
-0.3295599354153424 0.04013637508590405 0.9432811459814086 47.43735242540267 0.025521105215571206 0.999109614855725 -0.03359539687845653 0.3916757627722595 -0.9437896599124254 0.013001880548939183 -0.3302908247962392 5.613870344234436
-0.33058695940721355 0.04008077305103538 0.9429240658194727 48.32701101462476 0.02366662230450737 0.9991356855255074 -0.03417269228742072 0.35150534347701035 -0.9434787508251522 0.011018781289523154 -0.3312498048305908 5.306720244888408
-0.3315326561324125 0.04006717471653148 0.9425925521814942 49.18274294834797 0.023611421180765597 0.9991372192902215 -0.034166033115196386 0.31638755521292705 -0.9431482379284883 0.010928794043221009 -0.3321926590897952 5.00969146902707
-0.33276696156906427 0.040195448585616855 0.9421520446303207 50.09031460939362 0.02230515351784812 0.999147133277579 -0.03474890199331415 0.27890591604873566 -0.9427452622074735 0.009451559458457444 -0.33337972135264193 4.694410325392776
-0.33375947703783343 0.04051389983349376 0.9417872559170217 51.00407887638572 0.021509313495118032 0.9991431934432451 -0.03535856938569287 0.23977004300616406 -0.9424128399594314 0.008455939706251372 -0.33434493590195685 4.376057073993037
-0.3347573019911841 0.04119772100973758 0.9414033654853732 51.94073822135822 0.022019842926578142 0.9991130129220049 -0.035893090245929384 0.19479433697134863 -0.9420470663831356 0.00871408018768654 -0.3353675439356208 4.055041274735097
-0.3339068168066093 0.04122693246813122 0.9417040818268475 52.836407888190884 0.02067632101607436 0.9991230407322168 -0.03640932884920467 0.15192934602001545 -0.9423792906464562 0.007313652799896472 -0.3344664154192538 3.74549415890092
-0.3331418473084409 0.04070948933469038 0.9419974771993971 53.687685005958734 0.020583626867388446 0.9991433989653867 -0.03589961850602705 0.11089902111071204 -0.9426520163225154 0.007430059353927499 -0.3336944265957906 3.4501450571816776
-0.3316581472299879 0.03914952017146612 0.9425869659858002 54.61148533576919 0.01967759951431982 0.9992082813256223 -0.034577487006001544 0.0638453604261777 -0.9431943943076242 0.007079943547806921 -0.3321659358604282 3.1312676572219096
-0.3296390463590812 0.03834802793502913 0.9433279005038332 55.52117006391876 0.01937425732665015 0.9992390936657447 -0.0338507288415191 0.016247839415540297 -0.9439082250242957 0.007117755513891698 -0.3301311864818714 2.820785646431584
-0.3272263655560537 0.03846807985238931 0.9441626515158532 56.41425971027536 0.020384137525792226 0.9992258894800559 -0.03364682347742745 -0.03175462409788065 -0.9447260939670852 0.008235813576191107 -0.32775719481413784 2.516910806633756
-0.32566655993786986 0.03881692597930528 0.9446875345826 57.35186170994497 0.020334225160938156 0.9992133353891817 -0.03404746198369518 -0.08200312026295456 -0.9452660001424669 0.008121369216088728 -0.3261996816931585 2.2037304981932606
-0.3230332335302365 0.0391647552108509 0.9455768884571334 58.25066413879307 0.019703487855015713 0.9992050940991638 -0.034654761471240275 -0.13079392704287524 -0.946182489058716 0.007436523082424873 -0.3235481347853787 1.909000577356311
-0.32311659229239204 0.04128428170546329 0.9454582359202423 59.13286069060537 0.016354140064364163 0.9991424086173575 -0.03803931394046072 -0.17571082566373245 -0.9462178448370689 0.0031710229216641433 -0.323514659212721 1.6213621667642775
-0.3246891757258035 0.04334325578555856 0.9448271277563987 60.04790832735138 0.012048442951071842 0.9990579200670957 -0.04169061493506275 -0.22453638674029447 -0.9457440320662633 -0.0021527956513693637 -0.3249055113135669 1.324012303295468
-0.329309963987559 0.04370857651661915 0.9432096839819889 60.93225723480766 0.008313421273505768 0.9990235132802132 -0.04339247561489183 -0.2723656051224911 -0.9441852755922652 -0.006448275129878538 -0.32935176499087954 1.0232586449997176
-0.3356813191592937 0.04322999826800447 0.9409831131413704 61.80314699266261 0.006741190834022508 0.999031032597127 -0.043491979192233216 -0.3253081536322979 -0.9419514893632346 -0.008256098210818828 -0.3356474765713539 0.7191295815558363
-0.34000927364701733 0.04147723671378742 0.9395069625439806 62.69891754248577 0.007725766286231523 0.9991163881368097 -0.04131289740198131 -0.38117994375075526 -0.9403903478712011 -0.00678835702099935 -0.34002928085627754 0.4009207481703944
-0.3466316544247118 0.040301003381445905 0.9371351691603703 63.59195566861988 0.0038260318987595326 0.9991290242773302 -0.0415518269940086 -0.43300216367757133 -0.9379935274993624 -0.010817669484645605 -0.34648393959348833 0.08499454608770635
-0.352016309858385 0.04248132981066182 0.9350293333426517 64.45232828966004 0.004182233261835075 0.9990309247762146 -0.04381461246805347 -0.4875731988079285 -0.9359845225849782 -0.011512947420182253 -0.3518528464046739 -0.23515868236511478
-0.3574298101812697 0.04481748693287982 0.9328640435019472 65.26643139043335 0.003259930163318908 0.9989017192558398 -0.04674107533056558 -0.5363302589318011 -0.933934314418906 -0.013665582049384842 -0.35718335378085536 -0.5467652170550873
-0.3627750508827255 0.04714362975855144 0.9306834803681782 66.10091415019627 0.002052539546777775 0.9987575079238982 -0.04979184116955035 -0.5914452555243669 -0.9318744816435555 -0.01615297306483975 -0.3624210699210542 -0.8734371711002376
-0.3671477176845244 0.04929241169230786 0.928855646238209 66.93220161444239 0.0010589141846821595 0.9986163689543928 -0.05257591042572361 -0.6477709031371406 -0.9301620461509889 -0.01831954709866666 -0.3666919171379504 -1.2009548544460098
-0.3699463997490607 0.04943983716978502 0.9277366888365111 67.7650323451153 0.0007215959404050544 0.9985980517416355 -0.0529283511655944 -0.7057755830931693 -0.9290528190646681 -0.018911201929936398 -0.3694634296240403 -1.5262766949392939
-0.3717117168208905 0.04523054962911413 0.9272457047397494 68.64094317711744 0.002349476779292408 0.99885503608457 -0.0477817627066683 -0.7612199125106296 -0.9283452372565554 -0.0155824987964394 -0.3713923884442562 -1.8771427548850896
-0.37211884298183356 0.04097556342816161 0.9272802003168226 69.45784375659449 0.004853307221013958 0.9990973341057221 -0.04220145011558181 -0.817313875961887 -0.9281724043015287 -0.011203579097064965 -0.37198181099152666 -2.202082482075824
-0.37204351194826846 0.038692199486144066 0.9274085070324315 70.29408804080248 0.005482430711233329 0.9992049946340535 -0.03948824700918055 -0.8753928348875342 -0.9281990994235535 -0.009606893217162588 -0.371959862662652 -2.5370671490877994
-0.37101114114433054 0.04263467868213855 0.9276491887133049 71.14118214715624 0.0045962043849117895 0.9990175849480142 -0.04407652288792381 -0.9234950531543475 -0.9286170405781029 -0.012089215785498864 -0.370842611911924 -2.8716771006936805
-0.37033334490928477 0.04712322706539741 0.927702870060907 71.94443917598059 0.004372630317797159 0.9987897661849194 -0.048988601412758195 -0.9747782116177274 -0.9288886336652015 -0.014085610928078692 -0.37009120742376217 -3.191243932083121
-0.36940147116196004 0.04993432041335112 0.9279273229883023 72.77569565986366 0.006561170648018814 0.9986704917227667 -0.05112924800870298 -1.0289449246544802 -0.9292467401842783 -0.012798929918734069 -0.3692379764458527 -3.5257600783173704
-0.366539591753181 0.051583524321253696 0.9289714030560953 73.61738474466205 0.010148082175012528 0.9986241599696846 -0.05144709469942102 -1.0948951570064362 -0.9303471094734378 -0.009430118951563083 -0.3665587657538402 -3.8621807040049525
-0.36310678011203973 0.050985927919452764 0.930351493464088 74.42148839515015 0.009084021937784126 0.9986479576851446 -0.05118336796971634 -1.1551800097362912 -0.9317032503872145 -0.010133694562295414 -0.3630790016682561 -4.169798361149503
-0.3601735017703418 0.047982850978347716 0.9316505217271545 75.27155380624897 0.006490583793751087 0.9987810700329034 -0.048931037858855976 -1.2113429215132088 -0.9328627556851574 -0.011576707473119313 -0.3600459122106179 -4.483839653259349
-0.35830477586168513 0.04399519713858735 0.9325674829327069 76.10633580653693 0.006084994442881898 0.9989778800648432 -0.04479026661878423 -1.2633510683969096 -0.9335848437273058 -0.010373898490370712 -0.3582062559375168 -4.790885010450949
-0.357226291490044 0.042627766628021715 0.9330446131780503 76.92346249612292 0.0027641347050069015 0.9990018659672597 -0.04458285941105803 -1.3123725781414906 -0.9340137773221566 -0.013347108534829075 -0.35698756066025156 -5.087947139149968
-0.35580498267469585 0.041042533483193686 0.9336585696865535 77.72384314989007 -0.0014149701931262491 0.9990104057779772 -0.04445454989845609 -1.3584848407538856 -0.934559153913337 -0.017138249403094927 -0.3553948061581449 -5.374723358699728
-0.3529584790151598 0.04077672743058204 0.9347500043280861 78.49896798584327 -0.000497715416627801 0.9990415426850181 -0.04376926169017746 -1.4116390869894644 -0.9356388536025366 -0.015913971521628534 -0.35259988817318105 -5.665385522188248
-0.3495215665571738 0.04223616658849816 0.9359758441024684 79.29449098086917 -0.00015591685776902495 0.99898077124123 -0.045137505250195206 -1.4652873909396384 -0.9369283057957813 -0.015922465958091048 -0.34915873879434955 -5.959235347085126
-0.34636718802819083 0.04280829875089767 0.9371217746992639 80.11828785325474 -0.003235320825842828 0.9988978187616966 -0.046826065094975784 -1.5185703481123716 -0.9380934408450994 -0.019250902087407103 -0.3458469300315145 -6.252545807146658
-0.3393227419440395 0.0441574486222204 0.9396330116224925 80.90927839307375 -0.0015752889803694221 0.9988695153155094 -0.04751010248345277 -1.5700984492733097 -0.9406686958032606 -0.017601451773527753 -0.3388695820389565 -6.542119891381171
-0.3300233960295034 0.04439867857061856 0.9429280542089817 81.71274342740912 0.0004959167686530395 0.9989013125887956 -0.046860663406952816 -1.6191579143839936 -0.9439726225583622 -0.014997501444042435 -0.3296828215280921 -6.824801824461527
-0.31802767446421315 0.043722015311848036 0.9470727446463418 82.4828011812869 -0.00404885042167312 0.998864334529634 -0.047472602782387935 -1.6628042365781277 -0.948072784698067 -0.018932157345162626 -0.3174894775155716 -7.082002326100083
-0.30424169003479257 0.0427581054639624 0.9516347715704306 83.29053289275558 -0.008952046656558719 0.998819671080182 -0.04774018772413679 -1.7110804516239089 -0.9525528095100196 -0.023043634270871728 -0.3034998122143708 -7.3371484665014854
-0.29260835425725246 0.039803839436453284 0.9554035824639656 84.09885634223266 -0.011094055244975627 0.9989247190447867 -0.04501474891094658 -1.7619475815392667 -0.9561680150251229 -0.023770991721238387 -0.2918521320729131 -7.582224462412297
-0.2808585813309166 0.0393063398204755 0.9589439342019441 84.8321199148575 -0.014536880971020696 0.9988721575880082 -0.04520057396883756 -1.8107666288791207 -0.9596390656827283 -0.02663502290960684 -0.2799704255277429 -7.79325113259321
-0.26800066928011856 0.03902736233811604 0.9626279168268174 85.62204086113358 -0.016722534392881017 0.9988401930911096 -0.04515114072970713 -1.8575945851414775 -0.9632735842474284 -0.028198114381006188 -0.2670372038433376 -8.007840264888657
-0.2539373049288366 0.03932455641266342 0.9664209354253592 86.40125757221719 -0.01864622998446503 0.9987884286017679 -0.04554111327775888 -1.9092846008567237 -0.9670409315395319 -0.029584694592956023 -0.252896387030333 -8.209376941662164
-0.24145155590499667 0.04126748402955958 0.9695350127318386 87.14843480736735 -0.020362370506445418 0.9986599475493455 -0.04757817806617708 -1.9536599778369468 -0.9701992166655334 -0.03122985626942041 -0.24028769435611308 -8.388693363546475
-0.2301968311864125 0.04651564321430077 0.9720317452882361 87.9349779865749 -0.02177818131808254 0.998360555083373 -0.052933098077633196 -2.0062328089776877 -0.97290036988903 -0.03335411503817017 -0.2288064100496519 -8.57046735378149
-0.2158011997103768 0.050137641971605876 0.9751492496336597 88.7415928835335 -0.025433253229740303 0.9980533898008535 -0.05694366283598057 -2.0547115658518185 -0.9761060351384548 -0.03708972855863191 -0.21410595554942669 -8.743941338009629
-0.20198249071501312 0.04874797987224267 0.9781751928478533 89.56219429085587 -0.029530006314677774 0.9980032921542241 -0.055833749438715975 -2.108767882906383 -0.9789438452595811 -0.04016295939924807 -0.2001396625376381 -8.909472919302988
-0.18792304307569901 0.046853392803554786 0.9810655887676244 90.35196778573228 -0.03206558294294164 0.9980364263962231 -0.05380604033736563 -2.1669917770326164 -0.9816601898170766 -0.04156983484514567 -0.18605166099567344 -9.049684998130223
-0.17806469349754495 0.04752116874863578 0.9828706443120526 91.12325772793645 -0.03437638588565388 0.9979231119125807 -0.05447684649603202 -2.2210513405737973 -0.983418135394638 -0.04348794351858112 -0.1760612670221895 -9.178114246498465
-0.17098563188642985 0.051652568732660525 0.983918658137814 91.95481034639215 -0.039229692548205033 0.9974760975149686 -0.05918163658503064 -2.2814531847673076 -0.9844922269428905 -0.0487180359787534 -0.16852776643449957 -9.316065758174151
-0.17003239594551112 0.05805020800373109 0.9837271764466775 92.76894610839159 -0.04378284343396431 0.9968326184332169 -0.0663912151448796 -2.340963160708848 -0.9844653609700373 -0.054359030328918444 -0.16695223530050096 -9.444258213309906
-0.16747029501096233 0.06017021966573584 0.9840392497021238 93.56029114519599 -0.046001185794749 0.9965717344426188 -0.06876531840621193 -2.4051701246972867 -0.9848033261491447 -0.05678312051488386 -0.1641282609125374 -9.566715489081556
-0.1638621613140407 0.05956283557279306 0.9846834317221042 94.3792254829522 -0.04887185755570045 0.9964596774340377 -0.0684079877434571 -2.4710318666790316 -0.9852719084742784 -0.059332789135368234 -0.16037108999090605 -9.696163999364286
-0.1612696226584182 0.05862731666212058 0.985167471320796 95.178430773475 -0.05220386917964384 0.9963296973938054 -0.06783723265171643 -2.5356863786839225 -0.985528723503423 -0.062369638704804976 -0.15761714157269208 -9.817717622488523
-0.1578919305526416 0.05701530598926423 0.9858090043965467 95.95058999023958 -0.054579792048925074 0.9963015991693295 -0.06636391935783405 -2.5965848204232183 -0.9859468467246376 -0.0642835778063696 -0.15419609936102963 -9.93117762322237
-0.1538437719332279 0.05402684867840908 0.9866170449871813 96.73435067790557 -0.05331210009886628 0.9965957742792786 -0.06288626775166452 -2.657324166512798 -0.9866559247379026 -0.062273287295323235 -0.15043976824307043 -10.043500171671086
-0.14905505575504474 0.05170608289249977 0.9874761117848748 97.4945712038444 -0.05483234817484772 0.9966632022498707 -0.06046383112792232 -2.71743791096821 -0.987307451581063 -0.06315807369566917 -0.14572252324043689 -10.147687610536646
-0.145691672065273 0.05215449092211142 0.9879543743349084 98.28478800449655 -0.058695506924948536 0.9963947850564381 -0.0612557734353071 -2.776794188152411 -0.9875873501405577 -0.06691293887574924 -0.1421051879889048 -10.251748246172868
-0.143297181531797 0.052995786083775795 0.9882597656600245 99.07226872859823 -0.06591176095591535 0.9958372186077129 -0.06295930275459727 -2.8373154017782345 -0.987482434037555 -0.07415983207247331 -0.13920762110692447 -10.35491280786921
-0.13943517625394786 0.053501849821150735 0.98878480150574 99.86508910321417 -0.06981745144089595 0.9955231388001184 -0.06371187948772451 -2.89818257129101 -0.9877668526010218 -0.07791811201046407 -0.1350755815215916 -10.456784516741521
-0.13560059424913629 0.05505289515389813 0.9892328631694639 100.72642174578634 -0.072952164334223 0.9951898594355425 -0.06538444307033553 -2.9650682658857748 -0.9880741169356851 -0.08103284773373898 -0.13093210847583192 -10.564367509749124
-0.13116312266011915 0.053379675117907754 0.989922646239772 101.57148868967178 -0.07660617630091113 0.9950178213756009 -0.06380461501730156 -3.02998034769585 -0.9883965444125146 -0.08420300130790448 -0.12642043175112466 -10.66455381765775
-0.1257804182807517 0.0499518749736963 0.9907997257588093 102.4330451520902 -0.07858787722079649 0.9950912239985291 -0.060144837476197956 -3.0959004662878953 -0.9889404592446647 -0.08542989001351614 -0.12123737856465866 -10.762623129598886
-0.11887667952865505 0.047536890025742184 0.9917704266365891 103.25057890009195 -0.07908105986980696 0.9952268416797285 -0.05718146176918198 -3.156938897762375 -0.9897547782325223 -0.08522779879166718 -0.11454999467052657 -10.854632545795157
-0.1133444705485896 0.05008276984445356 0.9922926721289276 104.05580050554917 -0.08215743863179903 0.994835928872233 -0.05959555270641686 -3.2137409742667264 -0.9901531125404404 -0.08827905068377562 -0.10864447955073137 -10.935242055868901
-0.10965593394784773 0.05142374896010403 0.9926384911904806 104.89931138769704 -0.08335397008957159 0.9946673539527326 -0.06073689694886111 -3.275225640234275 -0.990468420405382 -0.08940052026447032 -0.10478480403240725 -11.018013458740782
-0.10524316586259769 0.05246441375522709 0.9930616100366273 105.72339662419564 -0.08330507287781955 0.9946322231255758 -0.061375936270630455 -3.3343867602551205 -0.9909511294065109 -0.08918646763716823 -0.10030769221931785 -11.094794691245873
-0.09927364515108988 0.05118491588161643 0.9937428479061411 106.55433361434874 -0.08544640340561617 0.9945488252111294 -0.05976241641874676 -3.3950785552308154 -0.99138471620429 -0.09084458518456033 -0.09435892018873987 -11.165403256487851
-0.09257676219422906 0.04995339830903515 0.994451708781785 107.3692006827701 -0.08467026463242128 0.9947282940089572 -0.05784952363767139 -3.454353450302298 -0.9920990320470577 -0.0895560109395714 -0.08785915726822369 -11.236275336092639
-0.08483518452981659 0.04961116029419895 0.9951591451823448 108.14121737951133 -0.08561931947654633 0.9947025543341725 -0.05688726160965822 -3.5112069565384014 -0.9927095867363048 -0.09003089011742525 -0.08013810096638824 -11.297984855286913
-0.07864289668240249 0.04968185069456349 0.9956641042605503 108.95507110070933 -0.08773716989631622 0.9945369062264966 -0.05655555827691536 -3.569796344521925 -0.9930344826943251 -0.09180444360155846 -0.07385431818805427 -11.356187436668797
-0.07235235598186718 0.04964849132598736 0.9961426423424141 109.77330118676176 -0.09503657416039196 0.9938726229426881 -0.05643809827481609 -3.6259820423382982 -0.9928409672025674 -0.09875341348062273 -0.06719060328792759 -11.403693347728696
-0.06825388280598726 0.0493051622158614 0.9964488990714848 110.55026532721357 -0.09991638985818757 0.9934187451441192 -0.055999212797949255 -3.678213392350245 -0.9926520651867972 -0.10338374038092704 -0.06287829279835638 -11.444239995785807
-0.0659230648700786 0.04864639040536002 0.9966381882201107 111.35523825743827 -0.10254896231104603 0.9931917727308331 -0.05526131475736953 -3.7363469958130633 -0.9925411124215779 -0.10584720723908922 -0.06048560880591536 -11.489610587430187
-0.06146196451605834 0.04804797372978727 0.9969522652255166 112.17345248370397 -0.10516700075168342 0.9929688404570212 -0.05433952368520078 -3.792253750464277 -0.9925534387984974 -0.10818629350292369 -0.05597675434836358 -11.532407144375316
-0.05766858746404596 0.048628469465823 0.9971507438583763 112.96390166363679 -0.10743456461805745 0.992710380157309 -0.0546252272604829 -3.847771906129584 -0.9925382352056923 -0.11027861572101132 -0.05202382693946489 -11.567589560636616
-0.055605446797001856 0.0470564548713656 0.9973433332315633 113.78583660889961 -0.10844349583035524 0.9926950035624048 -0.052883249846514296 -3.9040081715817556 -0.992546241995101 -0.11109599433452252 -0.05009628273860456 -11.603333970159628
-0.05150612650133207 0.04468379701092079 0.9976725300505752 114.58586324045088 -0.11145591398707122 0.9925003359104085 -0.05020619936853617 -3.9596412195556954 -0.9924337248250564 -0.11378243055240754 -0.04613957441775124 -11.634211998044567
-0.04930035358730139 0.0441204681445558 0.9978090295376528 115.38490842560478 -0.11406725125079767 0.9922385882236957 -0.04951006192618772 -4.010077378301049 -0.9922490298953458 -0.11625819683167628 -0.04388501271724504 -11.658929197171917
