1.0 0.0 0.0 0.0 0.0 1.0 0.0 0.0 0.0 0.0 1.0 0.0
0.9998650054514021 0.000526654149346802 0.016422347855134314 0.002227413235232234 -0.0005203153025871452 0.9999997884847837 -0.00039025936791906696 0.009228725917637348 -0.016422549913273285 0.000381661886138423 0.999865067990952 0.18788573145866394
0.9992521462844423 0.003104157683964208 0.03854234490802218 0.012195619688225247 -0.0030986215208690347 0.9999951785802129 -0.00020337403663655342 0.019858406783781535 -0.03854279038427634 8.37938032108522e-05 0.9992569470801754 0.3866712541506485
0.9979512945214606 0.0025850640443285207 0.06392598225156897 0.037025739902803036 -0.0026901787608382332 0.9999951673087941 0.0015582994871848298 0.02790681836213973 -0.06392164501306209 -0.0017270793102071216 0.997953426015403 0.6099402298638328
0.9956865958868225 0.0014128172916630564 0.09276964330324808 0.07536394959192949 -0.0016646536121002723 0.9999951367344228 0.002637316032419218 0.03488096367332506 -0.09276546609414102 -0.002780369544415238 0.9956841054498828 0.8741453659513672
0.9921690860631028 -0.0028539278621620406 0.12486937076987593 0.13269457221861497 0.002359395085361363 0.999988778285174 0.004108108878341762 0.04145684517165877 -0.12487969376779536 -0.003781322451565454 0.9921646857679318 1.1716314805399577
0.9871647621676114 -0.0066860332968470175 0.15956512555479332 0.20337388022604747 0.005937686247971857 0.9999690264486545 0.005166238994768878 0.047766912274008776 -0.15959472490212248 -0.004152481436909459 0.987173885737124 1.4685965859718015
0.9802683841347939 -0.007098082314610501 0.19754369717410789 0.27840186153442575 0.005932140856782701 0.9999613223967583 0.006493336228946089 0.059392547142032584 -0.19758214689241513 -0.005193355175786463 0.980272576527265 1.741684316134755
0.9709145654891449 -0.00967721061984328 0.23923055431036455 0.3770732934301223 0.007738463648438567 0.999929176114352 0.00904206478826838 0.06851004581796696 -0.2393011130383369 -0.006927795456899727 0.9709206882895846 2.073808285888946
0.9590589562979868 -0.014840213047298434 0.2828174082713568 0.4988271495221478 0.01123192907684267 0.9998335795453139 0.014375568956295699 0.07698794609914714 -0.2829836781756667 -0.010610433088014353 0.9590660334908413 2.4188956406249082
0.9456690264752727 -0.021452172996530967 0.32442240465022915 0.6393715881368023 0.016036829617700657 0.9996840123947472 0.01935705189722658 0.08388479189610924 -0.3247351420174955 -0.01310265759554113 0.9457142316275098 2.7324003823069845
0.9306678294725459 -0.026333020533197176 0.36491637838614277 0.7928438057656118 0.018984450350471273 0.9995385752838037 0.023711329876546908 0.08960243837832685 -0.3653723878863191 -0.015139635042567927 0.9307383142543488 3.0448760074488233
0.9115729459605304 -0.029117768885374384 0.4101059859694541 0.9732921869855452 0.01957508147931766 0.9994315158781865 0.02744924870572325 0.0998913623668377 -0.41067210810806015 -0.01699413441657145 0.911624713913304 3.3866813033903282
0.8913262730528272 -0.032938993013592245 0.4521642375343364 1.170213451634111 0.02073786042547541 0.999275417074092 0.03191523110324138 0.10992909609735434 -0.45288786262244957 -0.019069965145493233 0.8913635174936313 3.7255403195573966
0.8675528888253078 -0.03897998609916908 0.49581503181586956 1.3996105508367849 0.023978132129927367 0.9990427628443985 0.03658698112431066 0.12191882580627836 -0.4967665792607459 -0.019852422822907653 0.8676571022227835 4.071983235184636
0.841153167210466 -0.04535937306260726 0.5388913402228404 1.645224850675601 0.028159036762131388 0.9987981185486782 0.04011716630383638 0.13586327906371282 -0.5400633462293389 -0.018570020435851743 0.8414194770746523 4.387693709511786
0.8125647401282453 -0.051422705806067226 0.5805981815575209 1.9004310136085025 0.03180237618099857 0.9985283096523064 0.04392975861702638 0.1556700212539581 -0.5820027078713291 -0.017231371114644595 0.8130042606776117 4.677402198253142
0.7799930827536817 -0.05581694401398683 0.6232938790148255 2.166878217496099 0.03333989256907102 0.9983061870698062 0.04767817552746882 0.17281764446772988 -0.6248993858373453 -0.016408096144427713 0.7805328513016119 4.950493181033866
0.7454477595244619 -0.05996447888163936 0.6638613553238462 2.4520162979828393 0.03519114848730616 0.998096832569402 0.05063887719007956 0.19653735988898693 -0.6656344498958155 -0.014386594015993393 0.7461392665076102 5.216173061623774
0.7089065122772592 -0.06115054191128938 0.7026465456222267 2.769190335783295 0.03262202611309174 0.9980109935806865 0.0539431191568286 0.22301626925289306 -0.7045476281013009 -0.01531887450326198 0.7094913472487063 5.498694626394825
0.6728589338072892 -0.06468244049457249 0.7369376073232959 3.115138333412945 0.033306987670564295 0.9978087884748628 0.057168752082231475 0.24504168804434226 -0.73902063554953 -0.013921333772051337 0.6735389348047938 5.7767167622007305
0.6380489374148893 -0.06753567654206184 0.7670283474929313 3.477721066805337 0.03393163652723283 0.9976445613628844 0.05961520968378966 0.27362076250270645 -0.7692478128056749 -0.01201089409929363 0.6388376483243776 6.044179110311047
0.6038725529263944 -0.07135200525707563 0.7938808671129148 3.8739506036618465 0.03529273573596079 0.9974020272733477 0.06279823879129175 0.3005381965073676 -0.7962991665363156 -0.009903905129327168 0.6048219159692865 6.315506618630592
0.5686247272330978 -0.07302680270315388 0.8193491353910372 4.289855401247149 0.03466571996421719 0.9972940969153941 0.06482879080371284 0.33407359824087174 -0.8218662953537199 -0.008459925807223607 0.569617610522084 6.584533857289322
0.5348727589532202 -0.07379847950369187 0.8417035797433168 4.715312062711766 0.03546149599660085 0.9972612995388307 0.06490287161448277 0.371389574291147 -0.844188139001878 -0.004866709881032806 0.5360249071670834 6.83454825855815
0.5019381588816578 -0.07384664959790573 0.8617451810144665 5.190484089367977 0.036851094677614785 0.9972695416149365 0.06399576695529074 0.4111916292203226 -0.8641180946372742 -0.00036566418821588204 0.5032889675029132 7.089745182917873
0.4739726998821646 -0.07237396002386812 0.8775601914836811 5.6932925057439006 0.03835801764353729 0.9973674398690379 0.06153740627893852 0.4522574159882917 -0.8797036672930661 0.004494418710422839 0.4755010598848186 7.349131517333417
0.4497574316736168 -0.0714398426384569 0.8902890550479348 6.204165932453869 0.04069447083912869 0.9973998611799598 0.05947669258894875 0.4940294917739698 -0.8922231854740581 0.009479757485796787 0.4514952065089233 7.5995246592510615
0.427753302240836 -0.07179902717068651 0.9010394065297053 6.773772476106413 0.043409164747220855 0.9973217808144542 0.058863485532500606 0.5369632160156389 -0.9028525665013137 0.013934317723853281 0.4297244209392364 7.864195117456254
0.41183597084768286 -0.07370990124284027 0.9082719766538639 7.390147066567489 0.04770112549536746 0.9971004657170948 0.059289660930282734 0.5791245935391324 -0.9100086459712465 0.0189079804718385 0.41415788358071237 8.143278477276505
0.40171051476953784 -0.07564129170572052 0.9126374183171997 8.03563234847062 0.049875315281064744 0.9969108661106119 0.060672711792078206 0.6241992548939005 -0.9144075214307938 0.021145212689407757 0.4042422104767294 8.426645814149177
0.3925656291693323 -0.07747625922497561 0.9164549394549579 8.673474975991269 0.051009867481062704 0.9967459616236529 0.06241379179719651 0.6722573688412447 -0.9183083470242719 0.022246735568252584 0.3952402592627749 8.702238187428557
0.38509133349651903 -0.07821541654057027 0.9195580533502267 9.28130540012337 0.05121813992811209 0.9966777433209311 0.06332596711461322 0.7152579345396295 -0.9214561123613959 0.022711771927391156 0.387818009390669 8.962048934819709
0.3744591857626376 -0.08007056643441741 0.9237797478776282 9.965546828805062 0.05138287977604923 0.9965256178246278 0.06554763676261932 0.7613387344355761 -0.9258186203916525 0.022921549033949676 0.3772724277309193 9.242438521588902
0.3657078656151936 -0.08143617478796986 0.9271601298929342 10.696381836149989 0.05168137122355046 0.9964046306439585 0.06713306115268404 0.8088585355490796 -0.9292937064758553 0.02336581835030965 0.36860174394214046 9.534517664960605
0.3562143655991701 -0.0822974449163157 0.9307730423153795 11.404518138024006 0.05132090998796733 0.9963334357333165 0.06845326170353519 0.8554696733284667 -0.9329938316724222 0.023384084332975348 0.35913186249777473 9.810223586249396
0.34506072271168453 -0.08325317224610412 0.9348807447758514 12.173095144863538 0.05209301859763377 0.9962217024301572 0.06948839486235003 0.9097807468846048 -0.9371336164363524 0.024723044272900722 0.34809388967174304 10.098201407890897
0.3358864908336942 -0.0856655251835356 0.9379987649621164 12.964707082284228 0.0520491745640419 0.9960219709105583 0.07232646051514446 0.9628889002327315 -0.9404632628139329 0.024528580441515294 0.33900914447680547 10.394540941348849
0.3251501755629902 -0.08828358134972024 0.9415324596610697 13.760352613445669 0.050391367486938995 0.9958357250534888 0.07597314518952383 1.016358867195869 -0.9443188409717096 0.02274242667921631 0.32824489122389633 10.67950017473912
0.311919906946907 -0.09106158208817416 0.9457345081564023 14.609626544497269 0.05022436038996322 0.9955850321591558 0.07929664156868332 1.0783972072154746 -0.9487799983524382 0.022764709711565814 0.315116300305294 10.96544796074665
0.3002620277442078 -0.09363535233227312 0.949249775079535 15.427454365400838 0.05040525387237842 0.9953372776370297 0.08223754694886933 1.1334336883331892 -0.9525240286087264 0.02315436329760508 0.30358170297843196 11.228236317135055
0.286870243748877 -0.09300757675169252 0.9534437864490166 16.242451845285796 0.04830154279442995 0.9954141557384533 0.08256887742473122 1.1902834172577172 -0.9567509729366037 0.022366251860346714 0.2900471109364508 11.478811843280685
0.27257663338680255 -0.09218868712135966 0.9577072751620699 17.077736487181504 0.046676985078113215 0.9954939595521508 0.08254111435641039 1.2546260661371966 -0.9610011644090417 0.02220410912467499 0.2756514820247577 11.725183381566879
0.25523879173925873 -0.09168327448367274 0.9625213433329336 17.853601412416207 0.04612791428354819 0.995515169101633 0.08259396837782292 1.3122971889903363 -0.965777083345496 0.023317917327641144 0.2583232471462225 11.93448142232881
0.23451789710453763 -0.09094988047750846 0.9678478574542554 18.72097028597652 0.044219630258061644 0.9955812154076171 0.08284122058089498 1.374737327887024 -0.971105545364409 0.023370125558479695 0.23750338312090435 12.15679566334082
0.21109656689979633 -0.08928396610617452 0.9733789667131049 19.56439905292912 0.04127143621696268 0.9957456373949077 0.08238503602959937 1.4399658188987055 -0.9765935224010599 0.02278154966986849 0.2138833630718629 12.347975314478143
0.18426823898665867 -0.08923268145291544 0.9788170128586232 20.393583145900227 0.03853248439726267 0.9957605627437935 0.0835233460197698 1.5043552567526013 -0.9821203916765654 0.022325551390413825 0.18692540225497345 12.512521646687516
0.15543432230832827 -0.08909205422021572 0.9838205005606323 21.24088495670929 0.036501425423093994 0.9957626065834748 0.08440661865142127 1.5646942406012128 -0.9871716250939516 0.02279116506250375 0.1580276729071864 12.659446752764135
0.12484200001379891 -0.08901653714224896 0.9881753544527194 22.100925667872623 0.03509481130511832 0.9957401076579817 0.08526424937058798 1.6310310309562421 -0.9915557620487176 0.024035268179787097 0.12743420510802012 12.782458470947535
0.09175468447533275 -0.08866211476334313 0.9918266518311172 22.968784960531266 0.031223959711078463 0.9957946501252634 0.08612827132751247 1.692854056560504 -0.9952919884218869 0.023066083057086885 0.09413720622373756 12.878380990099627
0.05738770425554662 -0.08693224658073936 0.9945599207210711 23.812837471530884 0.028255198008478078 0.9959440639815423 0.08542286114051195 1.7587521842744915 -0.9979520505444035 0.023199265599475796 0.059611231239300566 12.943688426078412
0.02647026651397133 -0.08498056957105615 0.9960309371631277 24.617639953846094 0.025707000431139014 0.9961084208586911 0.08430399767056387 1.8194484390971841 -0.9993190056831267 0.023373418444547274 0.028551850915542243 12.973168602423298
-0.003536219547113695 -0.08257840887013153 0.9965782967433077 25.469858297041142 0.024330550438226267 0.9962823985867114 0.08264022375140447 1.8854841962940054 -0.9996977140449446 0.02453953248916223 -0.0015138951502043918 12.980547766771165
-0.03344050058343112 -0.07870684622519623 0.996336773023064 26.315140779298765 0.024357813559031948 0.9965340392559403 0.07953996179822659 1.948988539134807 -0.9991438484219141 0.026928441498223012 -0.03140747043497455 12.95605839254174
-0.06510346942288836 -0.0748734197092749 0.9950655803966599 27.180311779132328 0.02528056047834852 0.9967372659230591 0.07665321899389058 2.016392969062268 -0.9975582346565055 0.030146206084075467 -0.06299821209949419 12.899185305343607
-0.09405446832710002 -0.07245614067500301 0.9929269180892372 27.959604176116464 0.025615000567782164 0.9968418206416736 0.07516818719183171 2.0726297249898575 -0.9952374735376573 0.03250372745206166 -0.0919014633621415 12.826537035835448
-0.12362113399245162 -0.06928306147704758 0.9899079111830495 28.76653680745948 0.027471638126443453 0.9969384218288668 0.07320582067034424 2.1266594477336103 -0.9919491541047205 0.036244178480640266 -0.12133933903393995 12.72246772765166
-0.1511533676682914 -0.06241656746366209 0.9865378003647851 29.626831145727916 0.028862690801145615 0.9973003720569997 0.06751972285700825 2.1842246116244923 -0.9880888646889265 0.03867996898943762 -0.148943799725683 12.59650804354235
-0.1750320301270299 -0.052512970936393316 0.9831613175430796 30.4451240794629 0.029615583812042434 0.9978439316837577 0.05856966106588245 2.2369057943324226 -0.9841172214858769 0.0393684630806686 -0.1730994468205594 12.454293716504335
-0.19585601104094907 -0.04021453623115131 0.9798077433939993 31.26252915300996 0.027880056299090857 0.9985265432423108 0.046555825643213186 2.2858865078999435 -0.9802362599903593 0.03643533334930753 -0.19444624214378048 12.296518468373279
-0.2157697277238504 -0.02850904300478544 0.9760280011684741 32.085316805092006 0.026426642902668468 0.999037039080312 0.03502323643722781 2.3214002518614474 -0.9760866033005833 0.033350097639953225 -0.21480855160941625 12.126781416724452
-0.23792835341000118 -0.019760903576752278 0.971081667695069 32.86652439631839 0.028019412717045163 0.9992372727508574 0.02719899366558965 2.348914790650668 -0.9708784739371853 0.033680549806367435 -0.2371931900585329 11.935299713383074
-0.2612638422756807 -0.0158600546853598 0.9651371215452889 33.669982571353536 0.03048910087854492 0.9992305143864502 0.02467374812646384 2.3698711718038767 -0.9647857894097354 0.0358725212992851 -0.2605792447004677 11.716776115364764
-0.28431613434732195 -0.015470898559069237 0.9586057516244989 34.46577578423341 0.033417483985226176 0.9991022995373104 0.026035875697879268 2.390324284686884 -0.9581480091895472 0.03943661188582581 -0.28354390511713357 11.482987953697474
-0.30583964611199893 -0.018370667559496887 0.9519057881111479 35.22642857857146 0.035094080825844226 0.9989168619069204 0.030553371156383846 2.408282719699218 -0.9514360285153576 0.04275069088855857 -0.3048636778487634 11.238944477071254
-0.3260420302624153 -0.020081274344272263 0.9451419665442183 35.990100894659385 0.03856054289798083 0.9986598137233479 0.03452044300789238 2.4254648072649387 -0.9445685147376951 0.04770030266946153 -0.3248307283670474 10.972107852139743
-0.3403990301387435 -0.01972966074207069 0.9400740613204926 36.757060650368054 0.040215767956054915 0.9985595028358079 0.03551916812101412 2.4404218125291735 -0.9394206684378982 0.049896490691299256 -0.3391152428428802 10.692051234156233
-0.3509345392848491 -0.0166623456777822 0.9362517371804687 37.534242856944125 0.04164806444732134 0.9985745107539465 0.033382408545647835 2.4558856801877877 -0.9354733496282633 0.05070811285219423 -0.3497403314263978 10.403709601423634
-0.3588210657197587 -0.01388664314580216 0.9333030611424553 38.33876332157211 0.04308358069304193 0.998577221599106 0.031421928299769815 2.4733065030125156 -0.9324115228108256 0.051484887545287274 -0.35771225654713923 10.09449174867795
-0.36827122152930075 -0.011768485452116671 0.9296439157782297 39.160021446706985 0.0418355510045377 0.9986972729476924 0.02921546985741269 2.4914560624818356 -0.9287766653321259 0.049651382226540114 -0.3672991235730499 9.772988968703665
-0.3804548822698855 -0.012185880382186069 0.9247191935265099 39.938256272782326 0.041254369532884846 0.9986941599831805 0.030133898020898 2.5078928421635376 -0.9238788662760135 0.04961329594776738 -0.37945534824765287 9.45202978588416
-0.3895227194563571 -0.010492063556648074 0.92095709326203 40.72375866829798 0.0430856750027022 0.9986327900225064 0.029600258468912323 2.521061462432761 -0.9200085193284276 0.05121003118714292 -0.38853810246734644 9.118979771340204
-0.3979982058703139 -0.008881034163007482 0.9173432047800905 41.48207320004846 0.045677254860605004 0.9985210339658959 0.029484455499093665 2.533899988222293 -0.9162483377951693 0.05363647974908675 -0.39700391878130786 8.784871728025346
-0.4042631527585918 -0.006308417167829188 0.9146209636754016 42.28165413364677 0.04692074135366128 0.9985165217041422 0.02762607309561781 2.550885751392953 -0.9134384201206486 0.05408289708122371 -0.40336744153537674 8.430042886564667
-0.40672967853919234 -0.004727181190108055 0.913536327878318 43.06012867218252 0.047838954255305335 0.9985043747490912 0.02646597934492476 2.5653014117249198 -0.9122951293584574 0.05446712187111662 -0.4058952199569648 8.080021083336172
-0.4079582518215698 -0.0035824685462275893 0.9129935545718842 43.82461131000918 0.05157263005422595 0.998305228602167 0.026961720547202674 2.5809167192498332 -0.9115428287250024 0.05808473521236703 -0.40708209851985705 7.735755690727172
-0.40483541593973815 -0.0037755912846483275 0.9143817752510986 44.64657052349508 0.05214504528993236 0.9982687896230097 0.02720878380821975 2.5971157453511866 -0.9129015172802651 0.05869555839297234 -0.40393768228815585 7.3727343517772095
-0.3991531604482946 -0.003700944816505087 0.916876795164761 45.478080899334586 0.05248117235446609 0.9982601739409496 0.026876600820897437 2.617178981356065 -0.915381057840088 0.05884664927462077 -0.3982644734554049 7.0133902115406475
-0.39150036695618434 -0.0038983104636794996 0.9201696940503431 46.2980665718111 0.05310933746851854 0.9982283342638827 0.026825192383456858 2.6338668162923873 -0.918644033860139 0.059371675471416724 -0.39059972248439806 6.670361779446235
-0.38554755434140425 -0.0043609717193885365 0.9226776605440412 47.16032610372536 0.05122278438505189 0.9983455540973478 0.026122422818384873 2.6579400360345367 -0.9212650594162382 0.05733355509405189 -0.38468630565575485 6.3182351588106
-0.3805710303678736 -0.004980043836349455 0.9247382818982479 48.0513316905134 0.04919682366828315 0.998460362755367 0.025623749674344595 2.677172506301144 -0.923442127794529 0.055245843009313 -0.37974008669681353 5.962263895881112
-0.3781643937471844 -0.0057435177165484075 0.9257206399913877 48.963798835164226 0.04834666261051121 0.9984935931232595 0.025945032399829183 2.695367194325883 -0.9244751438066089 0.054566990901482586 -0.37731704439066577 5.596142952160393
-0.3780693110761532 -0.006197019099867723 0.9257565516790462 49.884098089321384 0.04697687209501152 0.9985609426100976 0.025869236204458523 2.7148704548780493 -0.9245846470229602 0.05326951142923139 -0.377234131066529 5.230018273766433
-0.3791576649005492 -0.006771566954511685 0.925307306265407 50.78740214703666 0.04656278132973499 0.9985667779627414 0.026387446711438268 2.732038742797388 -0.924159819804996 0.053089884442238874 -0.3782989447882556 4.870320751341516
-0.3812936118996171 -0.006105669285434906 0.9244338279872287 51.739741603411325 0.048389307076403584 0.9984755329821607 0.026553436626086092 2.7514369156043994 -0.923186685608718 0.054857368133797206 -0.3804168932582035 4.476319896560725
-0.38206978954569426 -0.006906985672049282 0.9241076611875021 52.66040196338946 0.04651556929604486 0.9985607984026071 0.026695200066921103 2.7697288512734253 -0.9229620673297327 0.053184823422421944 -0.38119863172360946 4.101561313395052
-0.3831947582497782 -0.007029417134778792 0.9236408200943911 53.57141862130981 0.0474073457139126 0.9985034004747158 0.02726724798711741 2.7906995282609492 -0.9224501725417236 0.054236026174256755 -0.38228802314821453 3.7269348273774257
-0.3847627713402469 -0.0072733950707535855 0.9229868403800335 54.53054587980997 0.046988299301357395 0.9985180227496993 0.02745647415086347 2.809038740848251 -0.9218186966640126 0.05393381099250928 -0.3838507972018364 3.332988978438285
-0.38536294094980356 -0.0068148132565730435 0.9227399211385602 55.48878716413624 0.048377966030048056 0.9984483095119547 0.02757799186879746 2.8249915667247247 -0.921496053244567 0.05526781661146005 -0.38443529013565886 2.93939450911284
-0.3870810178099659 -0.005703264515643073 0.9220280681329965 56.44960499934912 0.05017945423648276 0.998368629452207 0.027241550951645536 2.84028228516641 -0.9206792644692993 0.0568115525187173 -0.3861633585371395 2.543475269769123
-0.3869073594993566 -0.004416474399362456 0.9221080142364646 57.39955289241829 0.05145157210825469 0.9983272778278183 0.026370098075052348 2.858758383283314 -0.9206820465789616 0.05764669200204456 -0.3860329364295185 2.148149863742202
-0.38602962706855176 -0.005177624013205349 0.9224718528144331 58.308203702199876 0.05158803429866349 0.9982982025580094 0.027191423034630666 2.872532363249512 -0.9210427795398621 0.05808520447606433 -0.38510557939149487 1.7739472634746793
-0.3859981730942222 -0.006487323781784463 0.9224767341229119 59.27473791834581 0.05222905556645367 0.9982176052108369 0.02887452859837536 2.883741621572672 -0.921019834814951 0.05932560389319602 -0.38497134516759607 1.373999488248027
-0.3847230172406444 -0.007514040088377277 0.9230014838594819 60.23904024939367 0.053168904944678214 0.9981261165249762 0.03028734154318926 2.8936741197314513 -0.9214994669299809 0.06072721558181541 -0.38360257785296636 0.9747540916427309
-0.3832294020509962 -0.007763493899354552 0.9236205679639833 61.15778232524944 0.05402105721698167 0.998064555928047 0.03080369421531266 2.902638847903446 -0.9220720963031015 0.061699840863859434 -0.3820682908284577 0.6011407514379985
-0.3822969912129707 -0.007385968365183827 0.9240099880308754 62.100053373035294 0.055106002418739496 0.9980060696752189 0.03077683201449459 2.9171865174028313 -0.9223948932029795 0.06268438691357718 -0.38112770645852206 0.22106038009949813
-0.3802768552402249 -0.006617181025024451 0.9248490289143885 63.049881518058534 0.055311031781817205 0.9980218807948639 0.029883360217913935 2.9269869488700984 -0.9232173108926391 0.06251830427934567 -0.37915861917962435 -0.1586588680461013
-0.3821909201857377 -0.004267001331154891 0.9240735323702436 63.96066658863185 0.05349699280109904 0.9982100444641033 0.026735349113347125 2.9386623790591577 -0.9225335616056571 0.05965316278801415 -0.38127854369288655 -0.5243508395490566
-0.38509507901330253 -0.0024607606126256752 0.9228736234051474 64.91819319096275 0.050418778545250106 0.9984469003056445 0.023700929096881602 2.9525752341458062 -0.9214986309755123 0.05565727200696897 -0.3843729194194083 -0.9112834300956355
-0.3892631147400146 -0.0020046970874721334 0.9211244262815366 65.85328122151802 0.04715274099207674 0.9986431852327434 0.022099945817464398 2.962111912055474 -0.9199189347544905 0.052036235238420325 -0.388640429835054 -1.296781146948305
-0.3941025026940796 -0.002364698195944863 0.9190634502430752 66.79277421528838 0.04670037873641885 0.9986533633078045 0.022595012278945482 2.968893663713833 -0.9178792360632952 0.05182536209668732 -0.3934613575021177 -1.6901519607192204
-0.3976817269018161 -0.004764423861730125 0.9175110595266173 67.72476776252704 0.0475683994226823 0.9985346530090575 0.025802986579958068 2.9728076236315153 -0.9162895238213488 0.05390590881663267 -0.39687234916267383 -2.0892075034804134
-0.40363498414834614 -0.006196291700051426 0.9148991231500511 68.65336813095898 0.045318405669840904 0.998614196896441 0.02675682836996511 2.981961846149634 -0.9137970462192949 0.05226176160486663 -0.4027948194736967 -2.484894951294208
-0.4082699285108738 -0.003489732220545539 0.9128545816518395 69.57793890349855 0.04646160986134813 0.9986171890179236 0.024597329266254367 2.990928756780546 -0.9116781144037723 0.05245504329394403 -0.4075432297931259 -2.9008111573351707
-0.41378951434990413 -0.0015254804249860594 0.910371303767613 70.46243563511098 0.046497863315786675 0.9986579710808008 0.022808014026755762 3.0011426545085644 -0.9091843523296784 0.05176803749661804 -0.4131632652748933 -3.303199921474052
-0.41959174084407874 0.0006043409056199073 0.9077127330755613 71.36017757941703 0.04609325660576841 0.9987238506294953 0.020641750877007748 3.008634102346676 -0.9065418813882292 0.050500544114528687 -0.4190841351485716 -3.719054929405198
-0.42336304878613756 0.002999723034174371 0.9059551482188424 72.25641848416761 0.04723857387942479 0.9987072988330261 0.018768281633615363 3.015139853094452 -0.9047277192947858 0.050741826133465284 -0.42295746951708574 -4.1403719688390535
-0.4268146856956936 0.0024216248543228423 0.9043358667041529 73.1338438322623 0.046824084340870264 0.9987142613036618 0.019424968322244354 3.01788112098307 -0.9031260870997612 0.05063556064413678 -0.42637930390455003 -4.5473182140959425
-0.43008927485391113 -0.002875505732063112 0.9027817826708854 74.05364675233764 0.048798882764386445 0.9984589206301906 0.026428258643778558 3.0268310859531526 -0.9014665188993901 0.05542125297013467 -0.4292861516781501 -4.986181544248841
-0.4305488308662798 -0.0075794931585692685 0.9025354594270184 74.93278338304303 0.05126317849715845 0.9981451822839809 0.0328371986266738 3.0341441344468274 -0.9011103099898748 0.06040485383426036 -0.4293616923564719 -5.405420652155883
-0.43140450294194316 -0.009845746753244802 0.9021048808826421 75.80458703510278 0.05250966207124051 0.9979711939092148 0.036003215364468995 3.0426917606157824 -0.9006291635465614 0.06290117167658468 -0.43001227002393044 -5.823062275410685
-0.4317873791198089 -0.005389002494746487 0.9019593216353817 76.6717750708387 0.05287534901098799 0.998111219079171 0.03127605817965659 3.059926627054466 -0.900424264832869 0.06119602111577736 -0.43068688196854177 -6.233733595013559
-0.4310321183420813 -0.0008201746291569452 0.902336212434764 77.52426587292959 0.05346506477272345 0.998219442524128 0.02644676569388856 3.0717209472082527 -0.9007512419122088 0.05964286948493208 -0.43022079019175363 -6.63941390198832
-0.43021826844324695 0.0016950801028579945 0.9027233065569645 78.40769290431851 0.05586351423901522 0.9981316294563204 0.024749102119841354 3.081299196424298 -0.9009947332113334 0.06107681214925913 -0.42950915443459703 -7.061259111201873
-0.42746411321099914 0.0022138054130495556 0.9040296073593649 79.28678397835208 0.05855003617122492 0.9979653190840585 0.0252411404219749 3.08673496562392 -0.9021343165965269 0.06372064791766288 -0.4267239785246089 -7.478976624033614
-0.42453355940217813 0.0004941095953833012 0.9054120679541582 80.1434067888069 0.057343424575136026 0.9980069082306486 0.026342793737519354 3.097814725608538 -0.9035944823864923 0.0631028286181337 -0.42371575899543495 -7.875733405684631
-0.42193948145749294 -0.0026316948642213303 0.9066201785585427 81.02354873823873 0.056441612008381034 0.997979841273377 0.029164719197356234 3.10922357503846 -0.9048654145348233 0.06347685085215628 -0.42093855963146887 -8.277655201793308
-0.4190729279076224 -0.005971006309642906 0.9079329425561026 81.8843861198005 0.05751123051708186 0.9977957518512764 0.03310733985020612 3.1231436829978776 -0.9061293171834491 0.06609073059965503 -0.41780578726180906 -8.669739391587676
-0.4169823995257693 -0.007944519495345508 0.9088798397454526 82.73969575249016 0.05567327337966037 0.9978609279940631 0.03426448619227735 3.1371320900872366 -0.9072078952020454 0.0648880034583839 -0.41564814674224104 -9.046792279045889
-0.41470199787929324 -0.009843127001548373 0.9099040420867215 83.59513971618401 0.05157016024905897 0.9980801423538075 0.03430084562936523 3.15713825181817 -0.9084947834340102 0.06114852647312571 -0.4133982174409517 -9.423017311011785
-0.4130093194454331 -0.009242775289941246 0.9106798960975038 84.4183431233498 0.056393996111856026 0.9977700434339065 0.03570234766001627 3.1669291550066725 -0.9089791082603365 0.06610228082933564 -0.41156708956791416 -9.800455624032612
-0.4102976487944295 -0.0064111283852893546 0.911929129278471 85.25663951455067 0.06021587274301561 0.9976025432819684 0.03410592774204304 3.1759078924462654 -0.9099614761425672 0.0689061903617944 -0.40892792624894697 -10.180690841891076
-0.4064323308150745 -0.004844822609909972 0.9136680404622372 86.14782928613913 0.06186914736801025 0.9975448027180904 0.032811205008070506 3.1893950526328663 -0.911583769640608 0.06986339716908063 -0.4051347142171528 -10.575561931270725
-0.4004053424098158 -0.0036055748269721855 0.9163310327604568 86.99799755563242 0.06553085910010328 0.9973192159580546 0.032558992404767256 3.2005718237712144 -0.9139919410340993 0.07308475429922703 -0.39909566574161276 -10.947164220255713
-0.3930976460848079 -0.002950882436814746 0.9194919972111925 87.84830616443234 0.06985166030995513 0.9970093407444047 0.033062365619392506 3.2153926957105488 -0.9168396731133127 0.07722478074589689 -0.39171590093360065 -11.310963142118844
-0.3840889947306555 -0.002913313222158577 0.9232914798333537 88.67985880998289 0.06892631774740948 0.9971141745690079 0.03181957880534593 3.230371271753914 -0.9207197222002893 0.07586063194856785 -0.3827797769890492 -11.649796147743368
-0.37289308847170044 -0.0038589008057288918 0.9278662907200629 89.52394410486573 0.06818593136430409 0.9971736482413804 0.031549865561650195 3.2455167985166726 -0.9253655619991589 0.0750321540244403 -0.37157603868984024 -11.988237534148798
-0.36144473502699365 -0.005786983953153926 0.9323755757944289 90.36645205998467 0.07041713087229193 0.9969554324640597 0.03348571874866392 3.25553642980799 -0.9297306767021197 0.07775844968314409 -0.35993678931430867 -12.317683668795308
-0.34973745124135 -0.006775870951386681 0.9368232505505265 91.16243779262595 0.07007631995935336 0.9969832563522434 0.0333720831569044 3.266737146560059 -0.9342232198892075 0.07732059315685029 -0.34820755490614247 -12.613846441717214
-0.3373592193375098 -0.007544701146585002 0.9413457572075179 91.99620224330975 0.07010457988217783 0.9969898505495138 0.03311473661078841 3.2815941964820468 -0.9387620065850182 0.07716421052448642 -0.3358147995645865 -12.913150667011497
-0.3237869300392431 -0.006571927140810022 0.9461071999035935 92.80423398343675 0.072552427255898 0.9968589772100332 0.03175413130671742 3.2929154127412588 -0.943344141464312 0.07892394648915187 -0.3222930986470818 -13.189837290332063
-0.31076992280817 -0.0037716849650902898 0.9504776848881454 93.60021422037073 0.07514277426188767 0.9967647338377785 0.028524180155262986 3.304012995544184 -0.9475102208177132 0.0802859873815289 -0.3094810845207537 -13.450182528232451
-0.2980669860459109 0.0011129876196819266 0.9545443065086424 94.41793618282681 0.0755170493870055 0.9968924609255871 0.02241866636549548 3.3106394621437922 -0.9515530710797938 0.07876663385143014 -0.2972247807810234 -13.708398575138393
-0.28358653879216394 0.004260979537396022 0.9589371820245906 95.27711578312231 0.07339368101045549 0.9971534380830596 0.017273925635757092 3.3183874491439695 -0.9561339041178366 0.07527858242897545 -0.283092021123641 -13.956967444567905
-0.27096562330024615 0.0023743916632367537 0.9625860965408438 96.14466286970557 0.07077331384230823 0.9973395624090926 0.017462396783321312 3.3244871924209947 -0.9599837337357792 0.07285711713943642 -0.2704127797365414 -14.195276671756238
-0.25752581232938276 7.110867828993839e-05 0.9662714168015359 96.99275626664378 0.0712053820451644 0.9972825255334956 0.018903910530227778 3.3204370553810985 -0.9636442546665723 0.07367197030817453 -0.25683105583051613 -14.413763142031456
-0.247594143153049 0.001197563242551325 0.9688630997816912 97.81421897239683 0.06931731401798333 0.9974585101748843 0.01648121527777863 3.3170652441519515 -0.9663810067740568 0.07123964010282675 -0.24704789702480773 -14.614169656768722
-0.2414813435977492 0.004987871109086502 0.9703926431275254 98.70184071919273 0.0653989782865114 0.9977969462620679 0.011145746685272555 3.3149550926152043 -0.9681992224399409 0.06615417728224722 -0.24127554889545433 -14.829934968801236
-0.2383885150992739 0.010214998982940347 0.9711161463308816 99.55721259193767 0.060468536883300325 0.9981606500609035 0.004344274069164735 3.3099949097410977 -0.9692855471510738 0.05975759755690983 -0.23856772124130748 -15.02971077815062
-0.23627810039401514 0.012779980662656332 0.9716014261869205 100.38301659196385 0.05939031352223967 0.9982339745887288 0.0013124924834599025 3.2995299066370727 -0.9698687797500886 0.05801382655066973 -0.2366198343229558 -15.226136293800781
-0.23240938321919852 0.012490169833097586 0.9725378523477695 101.24388799760668 0.05728087469083225 0.998357726531329 0.0008667582413950034 3.289870859678167 -0.9709298532779413 0.05590926160070647 -0.23274315130834428 -15.427628069350032
-0.2297230323302476 0.01190773988430838 0.9731831966016697 102.10031534311008 0.05532706592525641 0.9984679289326783 0.0008430118569615723 3.279339665478782 -0.9716821724170404 0.054037030115803894 -0.2300299006285168 -15.625858215033753
-0.22709238780508073 0.010382256097346575 0.9738178762783708 102.94404150293455 0.05557971034216084 0.9984515667033893 0.0023161920968472575 3.2673908427059217 -0.9722859369543863 0.05465050508345837 -0.22731779317698514 -15.821527759074083
-0.2224148741622038 0.0073821195282583775 0.9749241652880914 103.75123884215908 0.055664328297679866 0.9984363147831221 0.005138859549233547 3.2600338897527994 -0.9733617551078219 0.05541145760191783 -0.22247800803641632 -16.002777199030408
-0.21775833127876476 0.005037426249302441 0.9759897199742786 104.57647308572345 0.05486079639578485 0.9984688626736472 0.00708683921179936 3.2503875070899237 -0.9744596462540192 0.05508679159269031 -0.2177012705854413 -16.181846122249993
-0.21566038336354282 0.00535029531367778 0.976453774321932 105.41118415471217 0.052504983032985966 0.9986018803892456 0.006124642011514154 3.2452482508658638 -0.975055806507605 0.05258953149743574 -0.21563978151696545 -16.35641475299809
-0.2121490309250491 0.005569802340619982 0.977221451862089 106.25429730182462 0.04685999012436287 0.9988914222667042 0.004479715118751247 3.237388858488536 -0.976113174792302 0.0467429548048364 -0.21217484811590137 -16.534359763079742
-0.20857110273463358 0.006484556902142707 0.977985708293246 107.09902255919496 0.04499784800250807 0.9989826607758137 0.002972733492790581 3.2267488795601174 -0.9769714882120165 0.044627278553132185 -0.20865070627663612 -16.71140915497892
-0.2049148496571464 0.008054391344410813 0.9787466634272937 107.99163883892686 0.04266141465778895 0.9990893351511774 0.0007099905454531659 3.2144100860021942 -0.9778496347033041 0.0419002048592787 -0.2050718526355219 -16.895318739364008
-0.20168578921382901 0.006412499830679836 0.9794292839583247 108.87424445266691 0.041272790490545316 0.999145998061693 0.0019573764141497564 3.2028303341805793 -0.9785802977754654 0.040818554643993074 -0.20177821092094378 -17.073840172738887
-0.1965231872625418 0.002549594996278711 0.9804958625274901 109.76193179465635 0.041134381537782136 0.9991376674996146 0.005646595339990613 3.1919399574797516 -0.9796359525475143 0.04144177781881933 -0.19645859494442985 -17.24724562676589
-0.1906215888979742 -4.201867108224316e-06 0.9816635930034058 110.62710311634937 0.04191176451329613 0.9990881336941985 0.008142794779781238 3.1841496054399427 -0.9807684812642553 0.04269544582022694 -0.19044759138623502 -17.41603139542637
-0.18556691392974906 0.0026483612499065175 0.982628061189624 111.46359317250838 0.04148744333585351 0.9991257939413998 0.005141976898254019 3.1760223678478487 -0.981755423972816 0.04172090679333118 -0.1855145639466042 -17.56539435617265
-0.18182891295236142 0.004022254503132285 0.9833219553550476 112.30803637380669 0.04006885873828819 0.9991913982510983 0.0033220807373701387 3.1718827881390066 -0.9825134772480086 0.040004638852594726 -0.1818430529228428 -17.71351727821255
-0.17819966979532542 0.004766604575430215 0.9839828032875668 113.16432612349014 0.038852079376167456 0.9992425607752724 0.002195600925463951 3.1629588190793867 -0.9832270305544824 0.03862103333803231 -0.17824988687490828 -17.86202249663474
-0.1716337576772448 0.00328331146735885 0.9851553548001438 114.00805406372501 0.03722924294143426 0.9993017690030668 0.00315561996272996 3.1523676977419552 -0.9844571279114173 0.03721819895091408 -0.17163615286778516 -18.005040348757287
-0.16554270674627897 0.001715128009135234 0.9862011308952289 114.84366261582358 0.03906053250978149 0.9992252264500241 0.004818882230430331 3.141758609745827 -0.9854287833441685 0.039319272142433324 -0.16548144244905966 -18.147614538905078
-0.15887664135684348 0.0011294369809769014 0.9872977956033705 115.69599098045195 0.039931502815599366 0.9991884544330645 0.005282765426498744 3.129622843509323 -0.9864905919034689 0.04026359273300921 -0.15879280583884664 -18.28698248262384
-0.15252174450665412 0.001025635533669831 0.9882995828818301 116.59646288139294 0.04003673497504501 0.9991849785644932 0.005141834654226685 3.1218825120921125 -0.9874888238887493 0.04035253006721478 -0.1524384991135429 -18.429247675758873
-0.1461324270594736 0.0009228593673425815 0.9892646067116196 117.47424487679783 0.03561318942838601 0.9993562754647589 0.00432844405563761 3.1178298591409312 -0.9886237982672911 0.035863393868860186 -0.14607122399624595 -18.552041900062484
-0.14205380505863957 6.922685807791637e-05 0.9898589352407765 118.30120643817546 0.03313101804992048 0.9994400378028052 0.004684707002897682 3.1098292983109883 -0.9893043273489395 0.03346051470568372 -0.1419765538541236 -18.665250322653762
-0.13912907695739507 -0.0006054415452323957 0.990274069833962 119.14562596289166 0.03256382112009307 0.9994562029649305 0.005186126587582525 3.0998178557313714 -0.9897387016273751 0.03296864867505425 -0.13903370348767596 -18.781918669576005
-0.13569326766169182 -0.0010461371078470064 0.9907503432794984 120.01441889263855 0.031818788496048175 0.9994789949438576 0.005413258229552213 3.0877304330372204 -0.9902398203515834 0.032259018323061966 -0.13558928396778308 -18.898806131209845
-0.13177330358513306 -5.825173774789971e-05 0.9912798762554376 120.87058150055994 0.03194108300017562 0.9994804832603944 0.00430474137953297 3.0777823668612254 -0.9907651405247544 0.03222980279653943 -0.13170298452449714 -19.013050702468437
-0.1293014967606016 -0.0024071851408820934 0.9916024043915818 121.72197959928347 0.030691887600918472 0.999508220338021 0.006428492219424688 3.0686324387896913 -0.9911302290672811 0.03126536320627242 -0.12916402785845266 -19.125056492483086
-0.12625877361418875 -0.0044367576543840465 0.9919874178975042 122.56421933718504 0.0299650327026734 0.9995166164311597 0.008284340235283811 3.05999395004893 -0.9915446630891466 0.030770906056248864 -0.1260647946093943 -19.225907940223262
-0.12384142309647711 -0.00578800093550782 0.9922851409603038 123.4251345504187 0.027014071682826074 0.9995926977193825 0.009202097434938099 3.0537423020907797 -0.99193424270793 0.027945262769519995 -0.12363462473024295 -19.32768409810593
-0.12022276015397465 -0.004768560818990856 0.9927354878157 124.29117514250574 0.02589505549552889 0.9996331526206907 0.007937649683806882 3.0416344420119636 -0.9924091565689244 0.026661226703491074 -0.12005517460243714 -19.429747834292336
