1.0 0.0 0.0 0.0 0.0 1.0 0.0 0.0 0.0 0.0 1.0 0.0
0.9999326553199991 -0.0017414628219578835 0.011473976291413017 0.008776121772825718 0.0017414672704568824 0.9999984835986107 9.60341015363032e-06 0.0032853882294148207 -0.011473975616241172 1.0378790758447398e-05 0.9999341717212383 0.242256760597229
0.9997766798646724 -0.0033211419553535997 0.02087008420885637 0.016351499448499587 0.0033260837816516597 0.9999944481492152 -0.00020208271611151665 0.005136864316515733 -0.020869297195876043 0.0002714532355807888 0.999782175650122 0.47701123043678617
0.9997024468633289 -0.005012708469376472 0.02387237921268716 0.0239308295662702 0.005036844627529488 0.9999868627854264 -0.0009510272126483634 0.005682413394919008 -0.023867298373955605 0.0010709856965019503 0.9997145617914979 0.715234460798279
0.9996981960646403 -0.005692831634921259 0.02389787549303328 0.026789446772577587 0.005760384492962259 0.9999796031721309 -0.0027588421848630086 0.005616224265690711 -0.023881682428114663 0.002895670506839392 0.9997105982916848 0.9732721614078852
0.9997643726975727 -0.007719285073198204 0.020288216348125367 0.026459392769153073 0.007797250181796644 0.9999625071625021 -0.0037665845119826363 0.00583988695057346 -0.020258380345726412 0.0039238893004434625 0.999787077891351 1.2440147110274764
0.9999188908804746 -0.008717309344528919 0.009285482117455456 0.021236469229194012 0.008765324390475046 0.9999483585188234 -0.00514289644466759 0.006896094838273255 -0.009240170382170426 0.005223869571746604 0.9999436636321098 1.5117741547512555
0.9999510258017632 -0.0075536347805140545 -0.006394419411015387 0.0024007868656222286 0.007519223883312654 0.9999572120816491 -0.005388439299876269 0.00580166402712144 0.006434848109627961 0.005340094334226585 0.9999650374499638 1.7885085329167891
0.9996767842234808 -0.003911262987678559 -0.02512029272205086 -0.026364442710509858 0.0037873814460546097 0.9999804413279613 -0.004977218431822844 0.00538142926167781 0.025139268612717966 0.00488046958572754 0.9996720453179836 2.0883531818055596
0.999112731239823 -0.0006289352329139123 -0.04211121839812102 -0.0625643346663501 0.00040421999771680695 0.9999856361762521 -0.005344534345473276 0.00415341044031717 0.04211397488595552 0.005322770110506103 0.9990986343888456 2.39294122888599
0.9980734078132328 0.00012754427793824837 -0.06204398720696129 -0.10117473454513888 -0.0005006702924081987 0.9999818841877486 -0.005998385247601988 0.007214911578942379 0.062042098170022514 0.006017892386667818 0.9980553907603946 2.711752025903395
0.9965417803908977 -0.0003954916494973294 -0.08309225909611055 -0.1448320237861661 -8.527070993306958e-05 0.9999832789721433 -0.005782257779351047 0.006684641253317273 0.08309315654279849 0.005769346798036679 0.9965250834641736 3.0392632322247692
0.9946776130199583 -0.0008217895956078857 -0.10303286280977834 -0.19715666876517857 0.00026478682817619714 0.9999852786423462 -0.005419629740569646 0.004381226949859997 0.10303579982148768 0.005363502628860477 0.9946631876141273 3.362206767183678
0.9926118166552355 0.0008910898167264697 -0.1213300762190968 -0.25941209663135345 -0.0015097825859857732 0.9999863230672917 -0.005007417987454809 0.0033144640980880824 0.12132395473663216 0.0051536043015115406 0.9925995861221014 3.715011637957254
0.9903858022240928 0.0029952377324446652 -0.13830036624632067 -0.32930853673418414 -0.003692131145180277 0.9999817467368506 -0.004782714785987663 0.001836355267383131 0.1382835164455514 0.005247355909737302 0.9903787832619444 4.056872278932179
0.9882783917403941 0.0051398363645757195 -0.1525758909564868 -0.4035218984129088 -0.0058676122400935305 0.9999734538235832 -0.004320043371800022 -0.003360779472412415 0.1525496363339496 0.005164661681050732 0.9882823152946228 4.433218229248756
0.9862628059215109 0.005681162856158245 -0.16508604436605215 -0.4830744070987158 -0.00660645090428537 0.9999653935361515 -0.005056336276318212 -0.007051083243225106 0.16505160545198463 0.0060775092506513235 0.986266207176861 4.818625883669137
0.9845053228763962 0.006076924750797427 -0.1752493658008946 -0.5638414496629187 -0.007305537927014487 0.9999530481495815 -0.006366365678910417 -0.011680390009676377 0.1752024495937188 0.0075480117868085795 0.9845034937339869 5.1967552582907075
0.9828389404190497 0.006970302447884667 -0.18433402312038027 -0.6569901761149358 -0.008555516873632013 0.9999329346679444 -0.0078057220920180435 -0.015781963047923273 0.18426725245410502 0.009248840475315469 0.9828326605393604 5.640846449543284
0.9816904439214653 0.007039482483456025 -0.19035314024108374 -0.7472701192591551 -0.009057478013721934 0.9999116078006172 -0.00973337955778529 -0.017575560384025878 0.19026779655345655 0.011279285081514899 0.9816674301018358 6.0901593133146825
0.979902354793711 0.007395908085215755 -0.19934060201909484 -0.8451432934086629 -0.009989948564705342 0.9998779676690923 -0.01201044119090472 -0.020701038757034496 0.1992274479016751 0.013760461966107071 0.9798566597666541 6.53061088905795
0.9781012902017706 0.00638358953754546 -0.20803152619314202 -0.9455223449921037 -0.00937897704662591 0.9998660200611377 -0.013415540118073218 -0.022489005975651927 0.20791801484044298 0.015072880007381065 0.9780301157904558 6.973763042397967
0.9765420177762871 0.0026509751159377757 -0.215310612484272 -1.0418278001264605 -0.006067590549227173 0.9998659278758081 -0.015208899301928449 -0.02753485808467654 0.21524142691950496 0.016158545849919454 0.9764271757451609 7.431457737824157
0.9737770414214922 0.003622319848162413 -0.22747560836125533 -1.1667629455360433 -0.007788167558432065 0.9998179540057921 -0.01741847564380613 -0.0389291901315183 0.22737110204792385 0.01873332983187158 0.9736279804457775 7.93219825570853
0.9708967344680396 0.005804709754272239 -0.23942814442743768 -1.3007926420044194 -0.01116635433536452 0.999716209604205 -0.02104311729422348 -0.04479558608595489 0.23923804783134808 0.023104233362525102 0.9706860207454189 8.423580272264816
0.9683628563210792 0.008171666719226978 -0.24941251444286197 -1.4454913754424208 -0.014671260472201575 0.9995991924324985 -0.02421174517571476 -0.05625531638046588 0.2491146977073769 0.02710495067929122 0.9680946178111082 8.92991188384352
0.9652271702455504 0.00801298412428634 -0.2612896896266501 -1.5934782727617722 -0.015174185167391946 0.999562166853058 -0.025401155495865302 -0.07082583041054666 0.2609717492838505 0.028482743572966436 0.9649261523009331 9.444174022731312
0.9620529616310953 0.008132093007362524 -0.27274157746877936 -1.7442411502554103 -0.016113212184207387 0.9995046009302925 -0.027035478769272474 -0.08861096128249286 0.2723866065171804 0.030404305328303058 0.9617073956290231 9.940923138322267
0.9589825800533649 0.008164386780072343 -0.28334740856887497 -1.903645334704545 -0.01714609694235233 0.9994255548185901 -0.029233058943545488 -0.10335959859997886 0.2829459710153779 0.03289229642421959 0.9585716844984032 10.457929899218374
0.9561468695232763 0.010375038209314076 -0.29270381357781194 -2.0823353184689917 -0.020695545010669173 0.999267656422591 -0.032184549778026504 -0.1214136937898751 0.29215553788615845 0.036830821465970214 0.9556613585745694 11.010942247373137
0.952764269963152 0.010877567846741935 -0.30351593763643053 -2.2667282576805117 -0.023098525518649927 0.9990592108558431 -0.03670356008569519 -0.14303185713743505 0.3028311476721745 0.04198061126090811 0.952119175459519 11.565125404308988
0.949704378647248 0.011274274681943326 -0.312944857616547 -2.4574354183031115 -0.025758475199873943 0.9987775996466423 -0.0421877636225152 -0.1634046645690383 0.3120866772767179 0.04812688619148168 0.9488338678039955 12.111738871977538
0.947799924154676 0.01080197121219909 -0.3186826339641392 -2.6457288498549807 -0.027798581135709564 0.9984199850965726 -0.048834129935950446 -0.18648344464400923 0.31765160578727136 0.05514390970624718 0.9466026656222121 12.647422388489131
0.9462352158098756 0.008824814396307926 -0.32335899401765417 -2.8544833419535043 -0.028271513377691362 0.9980587989305778 -0.055491940032654674 -0.2137138694037521 0.32224158312138057 0.061650275977674585 0.9446478738552813 13.232607304162325
0.9447587044470327 0.007134153302155064 -0.32768902060982436 -3.0792816217852943 -0.02902539493522966 0.9976563164241389 -0.06196289815585346 -0.25139274220064006 0.3264789684197414 0.0680512906246463 0.9427515606053917 13.86984179532227
0.9441144483661659 0.005534061998279405 -0.32957136183844865 -3.298265292622182 -0.029644906482973174 0.9972326571937827 -0.0681777599063164 -0.28933641214617317 0.32828202495090436 0.07413772038595974 0.9416658167896439 14.480365233112781
0.9430454973521462 0.005168443537671697 -0.33262362681451424 -3.5166016556985147 -0.031251680302781595 0.9968337739288823 -0.07311470189335964 -0.32941880763229203 0.3311925760069148 0.07934553765713617 0.9402211246572818 15.08328378903661
0.942255323987033 0.004737690972114586 -0.3348618501745824 -3.7320645679547404 -0.03285402856710521 0.9963844333643738 -0.07834968893408605 -0.37115470086631425 0.3332799382276161 0.08482697232253993 0.9390041893099241 15.675090649632041
0.941205769598723 0.006079632700908255 -0.33777912508072105 -3.9652023013649385 -0.03625457568315375 0.9958817700930441 -0.08309696587950527 -0.42065072852372815 0.3358828739547609 0.09045738257636704 0.937550082353643 16.288659435441605
0.9400441405978052 0.00701897996505613 -0.3409805678451257 -4.218846525690016 -0.03838129656949203 0.9956142056749201 -0.08531840089888557 -0.47627620553944133 0.33888624905914805 0.09329033914906945 0.9361906978923007 16.954090348755923
0.9390723461059101 0.007553576367588244 -0.3436365409312595 -4.468861028481958 -0.03988005048387795 0.9954008389084157 -0.08710196021804537 -0.5343322922082749 0.34139816981428817 0.09549928473282732 0.93505463811639 17.611131513509825
0.9374202140169416 0.008539474934971755 -0.3480954175513753 -4.726000993691158 -0.04151270461119158 0.9953100071373695 -0.08737668480821113 -0.5926107395859702 0.34571670151772427 0.09635905281832376 0.9333782166044268 18.27975316543845
0.9351818427396679 0.010141903932938515 -0.35402268683610405 -4.9710091896625865 -0.0440125776261244 0.9951694108261334 -0.08775384189123034 -0.6475697040306322 0.3514225576435632 0.09764725055310941 0.9311107347886581 18.89585690497593
0.9323611323282057 0.010999684907111874 -0.36136093570779154 -5.234804882656063 -0.0452986619379808 0.9952142669528347 -0.08658287405809996 -0.7071779642751724 0.35867917440282887 0.09709567336126017 0.9283973718533616 19.556047414325896
0.9287379979271688 0.010145617052841664 -0.3705978921430226 -5.5494842799509 -0.04461135591602555 0.9954202905887822 -0.08454745417502695 -0.7789047122491365 0.36804287539574515 0.0950553077884748 0.9249372575108381 20.34629729085979
0.9246335973186474 0.00906048800049514 -0.38075007323278376 -5.849034023415979 -0.042889660653302755 0.9958348017394025 -0.08045821681897536 -0.8473992609272724 0.3784351829820026 0.09072461188584716 0.9211709163231004 21.06709661265695
0.9206380499227758 0.009615386673296703 -0.3902987642479948 -6.112543553346449 -0.04296283922912024 0.9961204129611618 -0.07680050343231755 -0.9037010942014521 0.38804609968373815 0.08747380877272716 0.9174794587886046 21.669044024604297
0.9166356228626342 0.01136905692542689 -0.39956210961983996 -6.4080083945987045 -0.044798426554012734 0.9962198011508896 -0.07442586091652996 -0.9584708043617944 0.39720553354342303 0.08612114919988202 0.9136798737976974 22.321934924947104
0.9118406868039649 0.011392112997983938 -0.41038613725406836 -6.727999632006071 -0.045858727045202524 0.9961854007330426 -0.07424031600243401 -1.0160294364078224 0.4079749245268237 0.08651512658367215 0.9088848077889431 23.020513286058858
0.9077192340342412 0.011124776273454238 -0.419430603934854 -7.064542670218093 -0.046652192534396564 0.9961259889255956 -0.07454251886499423 -1.076961621514125 0.41697645628503344 0.08723103541670256 0.9047217148737537 23.746824928588087
0.9036740092371639 0.010425096119269454 -0.42809415132670836 -7.396833018871723 -0.0468255935186221 0.9961144839444694 -0.07458752353894468 -1.1357675867683665 0.4256532025262578 0.0874485691532334 0.9006509306785805 24.445667688776766
0.8995919998540998 0.009652427676179565 -0.4366246264681572 -7.755053101853936 -0.04648566754491609 0.9961925265329115 -0.0737531883573747 -1.1990077291172658 0.43425029247129493 0.08664456543794873 0.8966155267274062 25.178771951229677
0.8954208314124805 0.010024748123156724 -0.4451078960180883 -8.108032017297573 -0.04756851113324488 0.9961779985918624 -0.07325729909079186 -1.2604551365148609 0.4426723070411661 0.08676923156614123 0.8924753940766507 25.86982571917281
0.8916219000570306 0.011729773773532223 -0.4526287659284513 -8.476040971235575 -0.04894187688571649 0.9963040165777033 -0.07059036221779262 -1.3230021119843456 0.4501278485337186 0.0850924142233463 0.8889005574393845 26.592157793527488
0.8875023308564028 0.01435166614676803 -0.4605796808406382 -8.882477352544203 -0.05062097904119102 0.9965020607205922 -0.0664917999495034 -1.386610989441674 0.4580143329693556 0.08232662180865429 0.8851243969839558 27.363283180981263
0.883836562928734 0.016237501581242843 -0.467513928747285 -9.278503511554371 -0.05175567382473979 0.9966561429738349 -0.06322881383883752 -1.4484683823040057 0.464923951047125 0.08008043590614605 0.8817215226633706 28.11240908100871
0.8799106051351784 0.017827077736922797 -0.4748047201429299 -9.682276296612507 -0.05322824063374999 0.9967039715351237 -0.0612204828888754 -1.504962481066558 0.4721483679625292 0.07914157204322637 0.8779592987176837 28.85555654074721
0.877394094033187 0.018629303897467444 -0.4794085447632102 -10.084263626674 -0.05434825153765563 0.996673149890471 -0.060736314032106276 -1.5582578590280713 0.47668214914183943 0.07934469940520741 0.8754876054895435 29.58093106493577
0.8749609755016857 0.018489058865608664 -0.48384031048622117 -10.50559667720594 -0.05409135416862302 0.9967480486605165 -0.05972815831462993 -1.611974174786725 0.4811625679054257 0.07843138525945442 0.8731157432167512 30.337315170543146
0.8725584132527404 0.01712241383354401 -0.4882096254749315 -10.950320745702157 -0.053018306868102175 0.9968015186280562 -0.05979792302112741 -1.6708290014243885 0.4856242112978921 0.0780612285665156 0.8706753528129682 31.130402316258603
0.8705119122585063 0.01767396060215076 -0.49182989105245783 -11.385610100414105 -0.054250572616998546 0.9967107899840072 -0.06020362530765402 -1.729427416498717 0.4891481227468492 0.07909002621121233 0.8686074382407415 31.890710364411422
0.8687003196110359 0.017205506546726503 -0.4950391148708906 -11.832557735297653 -0.054490488869747875 0.9966504362783379 -0.06098109944019281 -1.785635514449514 0.4923317391052705 0.07994922395288995 0.8667280889984532 32.662407096543575
0.8678391339043582 0.01745369981594614 -0.4965386249093501 -12.293555368071107 -0.05534264536761129 0.99655942696741 -0.06169684048719506 -1.8438706840734056 0.49375340937339174 0.08102269364272222 0.8658192039028871 33.458203605455324
0.8669422120596386 0.016698549949939634 -0.4981288582071007 -12.772312081751867 -0.05490989580137755 0.9965547088756591 -0.062157988712892055 -1.9025342918761392 0.49537471099383174 0.08123958793174377 0.8648722593888984 34.28166903451069
0.8669602791488656 0.01796842465268275 -0.4980532201418056 -13.240583762832589 -0.05598609084075179 0.9965354954803894 -0.061502551817187875 -1.9645293132087804 0.49522260854134287 0.08120432231818485 0.8649626731983019 35.086317294337334
0.866822362126265 0.018547816811283445 -0.4982719849734455 -13.699390013850282 -0.05685301377298555 0.9964672676987749 -0.06181196672058692 -2.0251492262002073 0.49536524640185564 0.08190825902479737 0.8648146100527879 35.876150570669196
0.8665008549570399 0.017527177282988853 -0.49886778450327895 -14.19282328616514 -0.05639095201544061 0.9964229628659587 -0.06293917384441097 -2.0925155915942804 0.49598016985511784 0.08266847724444543 0.8643897234353111 36.73099650607395
0.8662420049714211 0.015501364685380471 -0.49938411720436543 -14.69366743658265 -0.05473109184385518 0.9964474962015548 -0.06400699101842022 -2.156962546975682 0.4966178575209233 0.08277738221605874 0.8640130835726879 37.59812256274985
0.8652634468889115 0.01531577862594775 -0.5010834206027984 -15.189464068056859 -0.05408603675145639 0.9965509914609659 -0.06293506214095738 -2.224534825052658 0.4983912801268098 0.08155702510052106 0.8631075156377177 38.46818944987193
0.8644077661985711 0.016525556344538436 -0.502519770479829 -15.673477174536156 -0.054636433547832486 0.9966285264803628 -0.0612081721239416 -2.2917625077650263 0.49981403928338164 0.08036470738504721 0.8623963357657232 39.29832858352493
0.8624293364790122 0.016364911549405302 -0.5059128672512203 -16.149020291829807 -0.05376864770231949 0.9967841583791666 -0.05941611000898927 -2.354952530392377 0.5033135922112919 0.0784444470585178 0.8605358194875149 40.098446152162076
0.8592054826066166 0.016498608707898998 -0.5113645808710601 -16.656541013640307 -0.054020784650104875 0.9968185074004033 -0.058605615173114425 -2.419033349863711 0.508770767128496 0.0779785817692001 0.8573631945102065 40.934682220209716
0.8550704174865753 0.013594983564019177 -0.518333635375159 -17.166906451167662 -0.05235757153740487 0.9968105980117308 -0.060227206428669494 -2.487025448906917 0.515861673166402 0.07863719293941057 0.8530550545214363 41.782605922789905
0.8502123283975813 0.010376790740428247 -0.5263376471949283 -17.684704601040774 -0.050974845160706786 0.9967303630144704 -0.06269089731280086 -2.5543278281981467 0.5239661838340385 0.08013055384166229 0.8479613980243578 42.62280227035693
0.8446405568491698 0.009990602687746326 -0.5352406165300425 -18.240523026450187 -0.051349053108702934 0.9967277046783185 -0.06242721739378039 -2.626591584028157 0.5328654656387144 0.0802126585061629 0.8423896514944909 43.49988031903195
0.8401503663376185 0.012005537796695252 -0.5422206460519351 -18.78691930088221 -0.052046903134272515 0.9969255319867674 -0.05857135432131449 -2.693823392592076 0.5398504254114257 0.07742965023241052 0.8381922019727871 44.33944492626543
0.8357944185035129 0.014420291301042956 -0.548853118053608 -19.327825460567478 -0.05362870147819257 0.9970190390745014 -0.05547069587377385 -2.7596811764085136 0.5464171047616808 0.07579637802527817 0.8340762894976163 45.15697724272723
0.8320791079475391 0.014457112339691106 -0.5544685293323918 -19.885880225048258 -0.0545332853930339 0.9969492050524946 -0.05584266585184838 -2.8238665715120663 0.5519696358509857 0.0767025061389576 0.8303289990422674 45.98130984073528
0.8302776148428195 0.012087417707789438 -0.5572189664970821 -20.41109332754204 -0.05445750431854929 0.996740439074507 -0.05952207436702947 -2.8829230662704903 0.5546832091512364 0.07976460021034656 0.8282295249741882 46.759372985105955
0.8295887837021383 0.010409445361025033 -0.5582777923246478 -20.955132462406528 -0.05613712018010117 0.9963153056509608 -0.06484161829810628 -2.9469576528731882 0.5555457440152805 0.08513198677881462 0.8271163588840449 47.55265015076629
0.8283703425179905 0.008697424746444589 -0.5601133192840597 -21.5078132564798 -0.05556075463411376 0.9962248431567206 -0.06670130749734508 -3.0149981204504614 0.557418674051305 0.08637370363801421 0.8257263500329498 48.367687963658696
0.8269630313109172 0.008041501643622235 -0.5621987896610723 -22.073741447929727 -0.053909711206654345 0.9964250130636113 -0.06504564842321954 -3.086402708621615 0.5596658716436747 0.08409832098500884 0.8244401643083799 49.205842864696635
0.8255189523282633 0.008080376819677496 -0.5643165484524608 -22.635343023099256 -0.05197044548159148 0.996737461307146 -0.061753591178412476 -3.1534825685258676 0.561976451591427 0.08030654230781945 0.8232456055875859 50.03621378546669
0.8239097624023657 0.009980030791790315 -0.5666331285792177 -23.195225005836818 -0.053094168347825044 0.996806662984613 -0.05964466377583963 -3.219182111793075 0.5642284224545322 0.0792267354803608 0.8218086222957233 50.83234517822315
0.8221365931885094 0.01068742071753194 -0.5691899517549462 -23.76663444305843 -0.05456603906476308 0.9966997943624321 -0.060100476692523205 -3.2865496920278323 0.5666691887875802 0.08046924229972745 0.8200065435851921 51.643615159606625
0.8201516657256848 0.008056876505508306 -0.5720894440106021 -24.343993654772028 -0.05278821958542162 0.996701468252243 -0.061640790527252055 -3.3535883803911575 0.5697057565799966 0.08075438022050721 0.8178716775844581 52.46559273707306
0.8177112646538739 0.005287995429560995 -0.5756043126684331 -24.895820359399284 -0.05132254831932296 0.996645118066926 -0.0637534678850808 -3.4216771376039548 0.5733361001124673 0.08167340900011588 0.8152393333065615 53.25297068345406
0.814756758416372 0.003931157734136832 -0.5797895916741824 -25.480727358060673 -0.0506365482922579 0.9966386320860017 -0.06440013207120898 -3.492360977959415 0.5775875384665874 0.0818289865060827 0.812217121449367 54.07538685666622
0.8121910837105382 0.003978532097461979 -0.5833779348102319 -26.07663728642426 -0.05091969712807003 0.9966439050838918 -0.06409454659732128 -3.56508576990323 0.5811650608781358 0.08176244701254995 0.8096678789930059 54.89203489423175
0.809753415730265 0.0036604942371575473 -0.5867588998005128 -26.67163815498043 -0.051054496908176455 0.9966276426845588 -0.06424002010018505 -3.6361696644815256 0.5845449889089988 0.08197525613841604 0.8072095225667371 55.702576537230144
0.8054684122073957 0.002956190722353043 -0.5926313338598541 -27.281392822002363 -0.05088695049789135 0.9966393724546948 -0.06419096152993264 -3.70978065442233 0.59044995995014 0.0818609932112066 0.802911964405409 56.525811469417874
0.8010511025165911 0.00140412132619918 -0.5985943197193365 -27.870643364164575 -0.05022173209316046 0.9966291520788357 -0.06486995338509055 -3.7822136046028065 0.5964854640161122 0.08202659123675882 0.7984213984779973 57.31260688961922
0.7975696382531318 0.000948581122257354 -0.6032261369756978 -28.48209166972193 -0.050931694558519036 0.9965338992320907 -0.06577347619430886 -3.85209537514311 0.6010729029212402 0.08318225697310748 0.7948534943615041 58.11684526895818
0.7939309925750891 -0.0005797043693901577 -0.608007601080429 -29.109530800067375 -0.05003275284999083 0.9965457118221578 -0.06628248555327951 -3.926539656520466 0.6059457918584679 0.08304401358143212 0.7911595219279747 58.93621880642987
0.7894396041317004 -0.0025322736245598602 -0.6138230192968283 -29.736496601751533 -0.0495207784646438 0.9964692155911374 -0.06779966725168458 -4.001534527056003 0.6118274298596295 0.08392073623052791 0.7865268629245199 59.74188601226799
0.7839353343967905 -0.00377504298444295 -0.6208310080325066 -30.380073055357265 -0.048477018381810164 0.9965562611086669 -0.06727255855045482 -4.077800019613871 0.6189469849454008 0.08283337187136801 0.781052662969289 60.55642588643716
0.7791855767642879 -0.004629408170399134 -0.6267762005233576 -31.013754307182975 -0.047844996402833614 0.9966158930995664 -0.06684024192480603 -4.150175275946035 0.624964553620217 0.08206905751466628 0.7763272354599815 61.34415481809663
0.7746235692312494 -0.005051558126029917 -0.6324024096664552 -31.654687001125446 -0.047318350015216906 0.9967022383301957 -0.06592133083771405 -4.22943108025225 0.6306499026744373 0.08098845515304802 0.7718300139205818 62.13340020043746
0.7704842047705518 -0.00666735704686517 -0.6374242202404141 -32.32076414749111 -0.04672158443057257 0.9966652144020762 -0.06689950634466851 -4.307074629018468 0.6357445900260474 0.0813264824695688 0.7676032956558614 62.93457993301966
0.7669742214337467 -0.008575388793293594 -0.6416206093659571 -32.98219561168855 -0.045982345337021155 0.9966055780929204 -0.06828576448560077 -4.383768067299408 0.6400282552930028 0.08187664148656722 0.7639764708454542 63.72215062543727
0.763457433902262 -0.00862305127942269 -0.6458005803698273 -33.66900662845457 -0.04681702246356684 0.9965414976025428 -0.0686528219647759 -4.465134949213243 0.6441590743186184 0.08264796756553536 0.7604133089513012 64.52892538268598
0.7593659023254874 -0.00800140451116307 -0.6506146354880494 -34.36684120035584 -0.047811134167154656 0.9965350683746068 -0.06805845244544065 -4.5421698577096326 0.6489048634700229 0.08278789178054186 0.7563521951706657 65.33834900978259
0.756541837653681 -0.007737086834491199 -0.6538995223785586 -35.05522824140578 -0.04883444783394442 0.9964695755134549 -0.06829042232106021 -4.61793297344782 0.6521193484204753 0.08359738371115773 0.753493087461527 66.12942710790468
0.7528411936954634 -0.008109998221307323 -0.6581522354319254 -35.744742295736586 -0.04917461249174766 0.9964365449721859 -0.06852787265178893 -4.697454956374756 0.6563627004648243 0.08395498658652588 0.749759671938802 66.91400606085558
0.7503564811866007 -0.00917155934180024 -0.6609697675692152 -36.41741881285812 -0.04986285542745428 0.9962696804163786 -0.07043024585834952 -4.777197798601996 0.6591500942804176 0.08580563141360013 0.7471000915726287 67.67041922678432
0.7473128363294086 -0.010323884511005667 -0.6643921598468019 -37.118826127620224 -0.050337375687191495 0.9961264771466544 -0.07209847527044332 -4.859110396582171 0.6625629579641632 0.08732387380321376 0.7438984257261063 68.45632773893055
0.7452163334588812 -0.010968728169250194 -0.6667325575884615 -37.823105462185694 -0.05060086423670967 0.9960515819343801 -0.07294380483987171 -4.9437524686801915 0.6649001194800614 0.08809615842003733 0.7417188807001154 69.24278317878685
0.7430474770940533 -0.010970462012506059 -0.6691487844623157 -38.509620811618426 -0.05019137277789168 0.9961362191150417 -0.07206565802003377 -5.0248902282351295 0.6673539337434321 0.08713370146173009 0.7396258819070253 70.00161006460912
0.7402731253255936 -0.010477113968787768 -0.6722246127624038 -39.22391427968047 -0.05081878085660989 0.9961459766852689 -0.07148877286679398 -5.10773396207414 0.6703828394528953 0.08708285259818507 0.7368876612825301 70.78549140648813
0.73651192343941 -0.011561198238162193 -0.6763257538545155 -39.95460200272219 -0.05061142095309302 0.9961093711493816 -0.07214294683122321 -5.195550533601701 0.6745284802739537 0.08736394796300015 0.7330613002304983 71.58404833265028
0.734385870223053 -0.01188166185022754 -0.6786281896063601 -40.67337020837132 -0.05094819308374769 0.9960609187772433 -0.07257360199228714 -5.278228320819633 0.6768173130455738 0.08787190789046627 0.7308877154292985 72.35797080047885
0.7314500700966224 -0.012635716188996546 -0.68177792105057 -41.4059612858676 -0.05087549486174675 0.9960303942354827 -0.07304202750253799 -5.365314496038137 0.6799944698144379 0.0881123852559915 0.7279036533678624 73.14984659305188
0.7298493162883255 -0.013625552056210133 -0.683472252432114 -42.123826355707735 -0.050229606557947296 0.9960298863111152 -0.07349457258941444 -5.449963366072666 0.6817601940114262 0.08797050588822597 0.7262673254079878 73.91305147701655
0.7286803375058085 -0.014915175105591951 -0.6846915387851604 -42.867641170341734 -0.049936143342315734 0.9959444699422018 -0.07483979141902251 -5.537348252431556 0.6830310002631776 0.08872513929612412 0.7249803461724784 74.69350910810802
0.7262579615081725 -0.018527825195987946 -0.6871725351318262 -43.62857050212753 -0.04763661109771751 0.9958771614960533 -0.07719736066530192 -5.629920656196278 0.6857697329491282 0.08879976860370078 0.7223811144173209 75.50270173316135
0.723766268611012 -0.021314899295908407 -0.6897159295600602 -44.37526931382303 -0.045692919596984724 0.9958487036429924 -0.07872430724544509 -5.721640907827768 0.6885307150153842 0.08849313261817006 0.7197877603570564 76.28964777999524
0.7196527860497899 -0.02455098842524396 -0.693899932625821 -45.1551106239481 -0.042603328856237174 0.9959302977100368 -0.07942164990457393 -5.822971379763089 0.6930258464885294 0.08671845864947633 0.7156780596247985 77.11227901114404
0.7126820114064938 -0.026381862353153054 -0.7009909756597255 -45.93185177956044 -0.041445128082129676 0.9959633694171781 -0.079619521082695 -5.920340878020604 0.7002618452949227 0.08579606120307116 0.7087117777391517 77.90996910848035
0.7047496686128552 -0.02783489975217451 -0.7089098129845979 -46.727026493737895 -0.04024008493427407 0.9960531183213082 -0.07911334303947028 -6.016768255129136 0.7083139418044471 0.08428169337516235 0.7008480263275783 78.71218550774448
0.6961431566112207 -0.026509812467271465 -0.717413364348836 -47.560139174891056 -0.04141981059668497 0.9961701970367518 -0.07700219364338909 -6.115657968485962 0.7167071262332337 0.08331967581975669 0.692379034075838 79.5202636740229
0.6892716954012542 -0.026362572376686124 -0.7240231658561518 -48.35578589522914 -0.04213569015117645 0.9961876381279036 -0.0763856875116868 -6.208494878040118 0.723276650759697 0.08315770811435942 0.6855331370889393 80.27558374171616
0.6832315979248975 -0.026004458729379315 -0.7297385502515153 -49.17641078194436 -0.04555811547843923 0.9959005936906788 -0.07814387756316325 -6.305649119533921 0.7287791446735042 0.08663587947695493 0.6792460398678892 81.03656933742782
0.6727990039261827 -0.027432329250672384 -0.739316554412127 -50.031579961215726 -0.04578109616192486 0.9958534294015766 -0.07861322015623161 -6.4060397675367895 0.7384074698634551 0.08673761848818685 0.6687533132544832 81.82076042606482
0.6643816638388726 -0.029112559851457255 -0.7468262606614652 -50.89051478032595 -0.046056336224049886 0.9957473055480265 -0.0797879526461403 -6.504113527561073 0.745973068312998 0.08740573409531421 0.6602154337782106 82.58758086484303
0.6560140096255327 -0.030624300550971643 -0.7541271586349317 -51.77023060563227 -0.044766984894686314 0.9958384954000238 -0.07938266903333557 -6.608153282495888 0.7534198937103206 0.08583614212661778 0.6519130467066514 83.35690530169224
0.6454650280538964 -0.030805334903389023 -0.7631683489904919 -52.64471734756489 -0.04512874213864927 0.9959025156741406 -0.0783682072456794 -6.705539001927051 0.7624554375124926 0.0850247647183366 0.6414300392032053 84.10001493621048
0.6359201524182333 -0.0320595495809038 -0.7710886752047657 -53.50457010172288 -0.04567032719560774 0.9958225246248387 -0.07906782318780899 -6.80155368988159 0.7704023500497756 0.08549669426639876 0.6317994415218336 84.81042893776603
0.62659442327266 -0.03383066620245184 -0.7786108878945253 -54.395396425102 -0.04615438728917584 0.9956930433736784 -0.08040606887059518 -6.898276953048961 0.7779776354481942 0.08631830281904534 0.6223342745991709 85.53070378936488
0.6177348562970046 -0.034347135765805996 -0.7856359981444362 -55.28747306204957 -0.048094656678753255 0.9955253887404752 -0.08133943921664719 -6.9985371863573755 0.7849143592231397 0.08803110040100076 0.6133188192510621 86.23261929891552
0.6098557524039272 -0.03533978248037205 -0.7917241066394783 -56.198380287799225 -0.05020387856337524 0.9952760649083835 -0.08309708296731683 -7.102568390691663 0.7909206861860637 0.09042485496102967 0.6052006392662214 86.93262475288311
0.602693235558468 -0.035809657032153344 -0.7971690738327127 -57.1067818818853 -0.05113054239103336 0.9952066890054446 -0.08336254430869537 -7.205476931324015 0.7963331786676128 0.09100172867621807 0.5979733722592304 87.61497369696296
0.5961891332054214 -0.03426524489337968 -0.8021124674508963 -57.998749502755146 -0.05308380525542555 0.9952200610200113 -0.08197035905087409 -7.30110305647691 0.8010871532282692 0.09144901932619003 0.5915204559412175 88.26642280693568
0.5900478368311564 -0.033313177738282435 -0.8066807190207603 -58.93588168822736 -0.05349642245478199 0.995339443967818 -0.08023418265536508 -7.403399461547735 0.8055939939171672 0.09049653844657593 0.5855157499963385 88.94257345648529
0.5845398998422918 -0.032723546670934446 -0.8107048013831168 -59.89519387897911 -0.05457783426485326 0.9953373929673922 -0.07952819731286212 -7.505520379859194 0.8095272481512417 0.09073391677950696 0.5800284396876827 89.62571091249525
0.5806690349763671 -0.03407717245041989 -0.8134262216927846 -60.82227536381873 -0.05532428382126751 0.9951624673518759 -0.08118427922812935 -7.6067132327738936 0.8122577764720254 0.09214342023124267 0.5759747344014408 90.27961726929584
0.5759038569230104 -0.036028888738207906 -0.8167231273555873 -61.76689297541314 -0.05524077465950333 0.9950300511782901 -0.08284717295808793 -7.709027313128664 0.8156489467879051 0.09282842467918538 0.571051380503858 90.93976963819277
0.5719960474530947 -0.03654890999662104 -0.8194416994979546 -62.71889325499443 -0.057335154219139164 0.9947817875200187 -0.0843912039797052 -7.81366222110499 0.8182500851137778 0.09525425133050797 0.5669157131485772 91.59743397992308
0.5699192930606323 -0.039357460141820434 -0.8207575706190313 -63.67058810767594 -0.056630810229945434 0.9945959051619979 -0.0870168763383642 -7.919016040807274 0.8197468821105507 0.09607276287362239 0.5646105502945014 92.24903770268669
0.5683079714622119 -0.039863039881253136 -0.8218497354285219 -64.62859554630525 -0.056759024046212976 0.9945472340868856 -0.08748835556488077 -8.024672392547586 0.8208559330125034 0.09636771877320335 0.5629465338880963 92.90544294989873
0.5664060487114189 -0.03906316355217857 -0.8232000104691528 -65.56135418236468 -0.056795212087348564 0.9946509710671342 -0.08627716754251938 -8.129195285343277 0.8221669489021501 0.09562172874667457 0.5611577257103626 93.53655251520227
0.5639916104574489 -0.03787465639943813 -0.8249114944866738 -66.50776853994964 -0.05560253840200258 0.9949388062100994 -0.08369665238512157 -8.234154303587065 0.82390643950443 0.09307138281903062 0.5590312125841332 94.18012234568009
0.5620253059293379 -0.03766581803561936 -0.8262619691397772 -67.44332102808437 -0.05604975344210111 0.9949319191674036 -0.08347994586094912 -8.341365389477176 0.8252187471416983 0.09322962176033395 0.5570657564348316 94.81310065833961
0.5598302616321624 -0.0380173621985812 -0.827734714949377 -68.35555001901515 -0.05552675509478359 0.9949801909020909 -0.08325382382258853 -8.443053466246594 0.8267447354712991 0.09256943277292226 0.5549090398313862 95.42292081245253
0.5585149390135572 -0.03837111059272419 -0.8286064933190926 -69.29744613650863 -0.05472123576090675 0.9950490991559235 -0.08296310400282964 -8.543817917431522 0.8276875311707201 0.09167850424644805 0.5536500723414134 96.0503459791915
0.5570669286742629 -0.038550443456189465 -0.8295723598859563 -70.21586769236912 -0.05440683662404057 0.9950818795678593 -0.08277650079739436 -8.646751069877372 0.8286834939263534 0.09124645891774218 0.5522297987513751 96.65611190953477
0.5557155544758359 -0.038912983780141415 -0.8304613189107252 -71.14774700697646 -0.05438147578341097 0.9950633202161829 -0.08301592529126536 -8.751728943096001 0.8295919946607687 0.09129495305696322 0.5508560192474022 97.27017480906783
0.5535313052142352 -0.038698687543060016 -0.8319287864536663 -72.0722723613323 -0.05444595074545965 0.9951014533177718 -0.0825150656079345 -8.85834140785422 0.8310467691984901 0.09096982569678458 0.5487128194396851 97.87505142454249
0.551955825979542 -0.03937649479856937 -0.832943130006257 -72.96409451048353 -0.052451623114779834 0.9952669686422533 -0.08180763022044935 -8.958520954935395 0.8322220817785763 0.08884341724089029 0.547278040682334 98.45828950826039
0.5519227933295996 -0.03897036586587271 -0.8329841179683632 -73.87400713276018 -0.052216903763400706 0.9953320216372588 -0.08116379528368085 -9.059922307382012 0.8322587489264477 0.08829200013459616 0.5473115178283905 99.04994619289465
0.5515534874851773 -0.040101663748491057 -0.8331750158325328 -74.78402399726659 -0.0513925969352905 0.9953124049246564 -0.08192690390429341 -9.161398837627669 0.8325548338837419 0.08800609733251166 0.5469070994319926 99.64590570452589
0.5503376405171294 -0.041777525785273106 -0.8338963483367103 -75.64400017936292 -0.05092025544079848 0.9952089294200345 -0.0834644498482619 -9.254274067233002 0.8333880302811429 0.08839584346500706 0.5455736117539294 100.19902529418732
0.5499194229937973 -0.044124305927053964 -0.8340513616322588 -76.54235888682052 -0.049143385077373966 0.9951640442084286 -0.08504970792343687 -9.35741636452104 0.8337706854509256 0.08775859354604958 0.5450916192178277 100.78444823009583
0.5498905774795586 -0.04564453003094179 -0.8339885668745419 -77.44245657551666 -0.049806779684616095 0.9949367550860567 -0.08729340224940475 -9.46230847003751 0.8337503448255035 0.08954010418288959 0.5448329397588509 101.36262467860642
0.5514176356144773 -0.046168779016742836 -0.8329507998540145 -78.30579435701871 -0.05120622073008467 0.9947114842276421 -0.08903362344745479 -9.563265191835356 0.832656300097394 0.09174697264621047 0.546137326062204 101.92136027467814
0.5540606985148152 -0.04595267579049586 -0.8312070102862277 -79.15757825808917 -0.053465554811485946 0.9944496700815821 -0.09061615818016468 -9.662413578767985 0.8307575920868706 0.09464779586618068 0.5485285935370177 102.47535647671148
0.5581397557375245 -0.04584706293951733 -0.8284793659983793 -80.01307829703116 -0.05479650071218807 0.9942559783695094 -0.09193689676179456 -9.761370843735978 0.8279355992919715 0.09671140727085734 0.5524215302907143 103.03532232733491
0.5628164353575094 -0.04571479446631056 -0.8253167983619195 -80.87651361031931 -0.055673401944895604 0.9941055717886673 -0.09303001910463436 -9.863947905602963 0.8247048759449337 0.09830701758078882 0.5569538561559852 103.60954480277735
0.5674350095668665 -0.0441050504332088 -0.8222361305878829 -81.7400685955868 -0.0578793057795652 0.9939580750797496 -0.09325948180337565 -9.97006833150257 0.8213814557684667 0.10050915137460206 0.5614538401414952 104.1914504536852
0.5723634371789682 -0.042796905366358995 -0.8188824828213999 -82.57807671440037 -0.059315980162924664 0.9938600855387685 -0.09340098966383265 -10.072980399907921 0.817851887738843 0.10203212858670918 0.5663106342442074 104.76241201989066
0.5772957357000259 -0.04209282912096391 -0.8154494633508316 -83.41520256679733 -0.060358058614237285 0.993738374292825 -0.09402631662557899 -10.178094531062477 0.8143012577068061 0.10349993813740503 0.5711402844334019 105.33783775487824
0.5828875946116814 -0.04126616839962168 -0.8115042546982869 -84.25191145708361 -0.06138766798894301 0.9936188964333127 -0.09462052034059526 -10.286651316656613 0.8102305883306846 0.10496948126126834 0.5766348946578352 105.92282176456287
0.590493237304156 -0.041543225563960014 -0.805972640421373 -85.06436425696057 -0.061744887621762216 0.9934215856013691 -0.09644232532367597 -10.390891971192806 0.8046771436735567 0.10671323100255065 0.584043646295688 106.50258040068664
0.5991468682861862 -0.042599895642171676 -0.799505021318898 -85.87738232105248 -0.06249164215591789 0.9930488527033993 -0.09974352512879882 -10.499038062936057 0.7981966079128074 0.10972340240686441 0.5923199727180819 107.09438318083434
0.6058370339707166 -0.043394236990453146 -0.7944044489210652 -86.66171643066167 -0.06313103719792124 0.9927406713672855 -0.10237397889867306 -10.6071029317523 0.7930800466610414 0.1121735245467827 0.5986995406536344 107.67403550089529
0.6126248493893007 -0.042222453299659665 -0.7892452460091824 -87.4716181627321 -0.06463228586516309 0.9925515159154784 -0.10326739987880929 -10.71963320981728 0.7877267683242589 0.11427489965536666 0.6053327892772499 108.28359628467928
0.6209021501353043 -0.04174494074650052 -0.7827757532521221 -88.24140929771544 -0.06413286439084236 0.9925282026426515 -0.1038014579087089 -10.829091166302105 0.7812601971573759 0.11465219963445447 0.6135856724668522 108.88031282179719
0.6306939431441888 -0.039736947536196374 -0.775013628965156 -89.02080682917317 -0.06495633751157794 0.9924802949823391 -0.1037474736504521 -10.937033254089787 0.773308363008132 0.11577495010698495 0.623370144159478 109.49241015011171
0.6393769300893504 -0.03969213716708454 -0.7678682670332374 -89.78499808566292 -0.06424425646323968 0.9924167687895951 -0.10479328478821938 -11.046853573259796 0.7662048138591947 0.11633353459913746 0.6319783951581477 110.11011254377112
