1.0 0.0 0.0 0.0 0.0 1.0 0.0 0.0 0.0 0.0 1.0 0.0
0.9999112372595778 -0.00926735268301929 0.009572553278468442 0.02370576187968254 0.009263425847140745 0.9999569902716091 0.0004544760936897799 -0.007506039459258318 -0.009576353355798152 -0.00036576111568335107 0.9999540787832265 0.4861239790916443
0.9997484730222795 -0.01611156696368135 0.015601541577529392 0.040471117389774255 0.01608506362795656 0.9998689655372136 0.0018227681221448056 -0.014372247579137923 -0.01562886488856934 -0.0015713578578191872 0.9998766270979523 0.9243555337887026
0.9995142762276069 -0.024182164554812383 0.01965793820946434 0.06223602916210422 0.024146754581519173 0.9997063499113553 0.002036710606566775 -0.017184144628668293 -0.01970141772520509 -0.0015610459182850763 0.9998046895645459 1.3550867448619295
0.9992248949370566 -0.03073234739422079 0.024599434173757886 0.08345142475292792 0.03070926898243329 0.999527493522956 0.001315481007732357 -0.021862065625967056 -0.0246282386010993 -0.0005590307308854651 0.9996965226247659 1.7884076416899675
0.9990447954160069 -0.039092083155467534 0.019527052689922386 0.10811596229303785 0.039082108726604135 0.9992356041375487 0.0008923011541588444 -0.020894853964881006 -0.01954700820255844 -0.0001282904276684151 0.9998089307522189 2.2098224036686354
0.9988820051146288 -0.04696909967708497 0.005351965405606545 0.11870173793758841 0.04697439123337313 0.9988957174882456 -0.000867266912304099 -0.02192276654951213 -0.005305320577754969 0.0011177026291623318 0.9999853020491851 2.694073319092567
0.99854586036044 -0.05245901761558193 -0.012418382657862007 0.11098054705415271 0.05244469105958602 0.9986227383908833 -0.0014767357103953774 -0.031324553880531715 0.012478747400825201 0.0008233100885104439 0.9999217984541615 3.192514324198826
0.9978710127494375 -0.05771044905081088 -0.03038002608237657 0.09591236558928566 0.05768861854793948 0.9983333502682986 -0.0015953156756419418 -0.0412090034516176 0.03042145960407639 -0.00016066246723479643 0.9995371473752885 3.7282941973010115
0.9969570191914194 -0.0635153845008246 -0.04519400199885387 0.07163508492481319 0.06345384645151518 0.9979808563072615 -0.0027963931649270767 -0.045900320240614315 0.04528036280185409 -7.984946917178573e-05 0.9989743151696119 4.237069093248708
0.995451005416627 -0.07138901016408374 -0.06309441372117562 0.04722803914281355 0.07126202862483995 0.9974485178034597 -0.004263520605561422 -0.055166999224037665 0.06323779796371008 -0.00025211004324528696 0.9979984555845901 4.724117170470303
0.9933629998493793 -0.07814114959718 -0.08440326575360309 0.006355503230430666 0.07788073361345647 0.9969422774274994 -0.006378621285267872 -0.06377325897725311 0.0846436167827914 -0.00023710188142533895 0.99641126143808 5.2669461602071745
0.9909515871984385 -0.08502260645324301 -0.10385619009376827 -0.04459974594326306 0.08471444692219109 0.9963779198749781 -0.0073826328826022535 -0.07368487908083278 0.10410770534193538 -0.001482287930521433 0.9945649242311575 5.796851247394814
0.9885758642341369 -0.09086717978743297 -0.12025355001499077 -0.09983682576617275 0.09056617481982202 0.9958584880047472 -0.007977458705904761 -0.08619625700340329 0.12048040766960821 -0.003004580898779925 0.9927111583242065 6.337972650747586
0.9859890933348233 -0.09745018160896204 -0.13538452618062907 -0.164682487105985 0.09727257994407368 0.9952260876720015 -0.007942267189253194 -0.0991204909395281 0.13551218770205475 -0.005338213321141105 0.9907612984280023 6.847484252527309
0.9831741094591718 -0.10398149059509094 -0.15018828217536662 -0.24449067124954177 0.10381088167711007 0.9945563585542464 -0.0089972498430624 -0.11669929604291478 0.15030625846778833 -0.006745314888160853 0.9886164723453044 7.40901281870361
0.9800968133406611 -0.11082963417082142 -0.16470284960814527 -0.32925603230693457 0.11072573284334242 0.993802279658916 -0.009840784066656371 -0.13142562515376488 0.16477271790495593 -0.008591922619745234 0.9862941398487117 7.9742281277699085
0.9770386366776609 -0.11869711923939914 -0.17693641887221992 -0.4146282064886539 0.11823777697890402 0.9928978958857028 -0.013175600207618453 -0.1460916308469343 0.17724370379267287 -0.008047498369798047 0.9841340900689516 8.525734606734899
0.9746695655417326 -0.12451450318056066 -0.18578314375741575 -0.5239559941455977 0.12387588305081267 0.9921830042139947 -0.015088132663573546 -0.15930406423917326 0.18620956904808048 -0.008308107280864696 0.9824749216892704 9.13480767338934
0.9719388065106229 -0.13223486612788132 -0.1945479287446856 -0.630913715588806 0.13151743278964306 0.9911738818210054 -0.0166583573110125 -0.17619534855867433 0.19503364138303855 -0.009395540219750458 0.9807515498600302 9.743300064268496
0.9701509553445327 -0.13867474662265206 -0.19893827809960116 -0.7311872100318568 0.1376638299027404 0.9902972693545087 -0.018973356200560364 -0.19167064838965422 0.19963915893581688 -0.008979585633381805 0.9798283386702248 10.317011382434373
0.9680084557333085 -0.14609585281345172 -0.2039990966144845 -0.8415763396044448 0.1449310995440638 0.989224751366072 -0.020721188906094867 -0.20778779501917521 0.20482823539191125 -0.00950752730438588 0.9787517565301186 10.915931829749326
0.9657402120538015 -0.15331783024907392 -0.20937880921906832 -0.9471387701023628 0.1519246793359526 0.9881286115010595 -0.02281970511765034 -0.22679559550000453 0.21039185970694502 -0.009771901591025697 0.977568297004536 11.5055960504476
0.9634956908682132 -0.1586234723316199 -0.21567254740426425 -1.0757031819064713 0.15683805399568237 0.987295581005701 -0.025480591544604015 -0.2490831209302 0.21697437290434143 -0.009275222481177365 0.976133234630751 12.15831843924237
0.9612588006253073 -0.1643363325473894 -0.22130315864277633 -1.2212842639011248 0.16192618346542872 0.986373171464362 -0.02911833998800191 -0.2713864428723757 0.22307269964905235 -0.007844515294802434 0.9747702469049174 12.836833861104301
0.9582972160992266 -0.17031794024096666 -0.22947384349539016 -1.376223741093026 0.16723487119362748 0.9853658008929063 -0.03296568348346983 -0.29879520321996567 0.23173032488934878 -0.006785105950240811 0.9727564026332188 13.494276954088944
0.9547945639317256 -0.1770280361223535 -0.23880622921751582 -1.52613735520214 0.17353858159140942 0.984178561740808 -0.03573400773823633 -0.3296995760275094 0.2413538924187214 -0.00732345795763842 0.9704095349788536 14.13881760315605
0.9507237621774988 -0.18425376263591017 -0.24934891013512117 -1.6785704770814267 0.1802833272730174 0.982846197317578 -0.0388751119065519 -0.3629390118448498 0.25223451377326056 -0.007993958524191956 0.9676331157461906 14.76240397452631
0.9470526789220807 -0.1912228115518718 -0.25792452324024584 -1.8450458164053796 0.18649247480194645 0.9815183660651704 -0.04292148551720874 -0.39063424024369603 0.26136522375548776 -0.007452074808797778 0.9652112133581376 15.422090547731674
0.9432843361369028 -0.1963858564123555 -0.26767005174271663 -2.017534513919452 0.19058224961760806 0.9805085857220355 -0.04776316003015225 -0.4234436575747845 0.2718327929618769 -0.00595891991554566 0.9623260486674907 16.07719283173109
0.9398136533997267 -0.2045041674559666 -0.27373041916564683 -2.199642313982156 0.19775036373354077 0.9788532955717301 -0.05235474564560437 -0.46082352186493974 0.2786486865691476 -0.004926585176932355 0.9603804653530723 16.73980952244527
0.9362761282343228 -0.21373549191365737 -0.27875464336038064 -2.385548452886251 0.20559189313463705 0.9768882547136026 -0.058491976201250434 -0.503382387938267 0.2848139483520112 -0.0025450538380503394 0.9585794372534284 17.44783922107847
0.9339635620797814 -0.220392366181882 -0.2813170269215816 -2.59458775884076 0.2105983862625043 0.9754102227747802 -0.06498628324564357 -0.5516278800532995 0.2887219846337921 0.0014499086885763138 0.9574118828142459 18.180859783495226
0.9316786410701584 -0.22659083950952597 -0.2839568650764257 -2.807699765565244 0.21532915020809823 0.97397855261158 -0.07070456932412711 -0.6031247581382743 0.29258890417157224 0.00472974661269121 0.9562266272451623 18.911545839445434
0.9297258424106183 -0.23231148757972914 -0.2857292961744731 -3.0121387637061297 0.21955269329222482 0.9726062046037394 -0.0763792225309971 -0.6564022804486155 0.29564585710271113 0.008279100482702008 0.9552617356898584 19.630488319672455
0.9284440468896709 -0.23710954909650578 -0.2859557894542138 -3.2206311351933583 0.22307323738513823 0.9714136229755774 -0.08120285623041121 -0.7170967342564887 0.2970353220707003 0.011603224754988657 0.9547959900510898 20.33949575568823
0.9263221356649322 -0.2447811447463646 -0.2863729948054084 -3.4307525948845266 0.2301641280636526 0.9695031642974031 -0.08419078672884062 -0.7841078469413783 0.29824784178574987 0.012074998715606716 0.9544120804328498 21.073478059161957
0.9223575602081683 -0.25191575258120136 -0.29290780926476234 -3.6384515165992 0.23607981765622782 0.9676646939104201 -0.0888333262613496 -0.845389704495072 0.3058150598355772 0.012786467874284356 0.9520050711089003 21.76416381004527
0.920655369700332 -0.2567550775737138 -0.29405870227228686 -3.8665394858222975 0.24016982779406526 0.9663760360638288 -0.0918466697215019 -0.9203306185207453 0.30775338188119766 0.013935101782112172 0.9513641095180163 22.52839935500022
0.9185209811970861 -0.2611121768521606 -0.29688320632913634 -4.102336787919235 0.2443211362629858 0.965222140161512 -0.09302366643599061 -1.0003809809958861 0.31084785583289143 0.012909347061603509 0.9503720109949247 23.305144908964575
0.9157384195073544 -0.2677785961019387 -0.29952924816759985 -4.331478790053645 0.250441026572706 0.9633988282378231 -0.09561375402732988 -1.0775473694219253 0.31416944352909626 0.012542775596507495 0.9492840668277087 24.067797556215442
0.9123400882832032 -0.2743131198583866 -0.3039537392185782 -4.555762892027745 0.2568888203452617 0.9615865271745221 -0.09674443001052922 -1.1605766262327846 0.3188160869420125 0.010181504309322548 0.9477619108599915 24.80955691493131
0.9081366400909807 -0.2809415258944888 -0.310418591505633 -4.782411339397844 0.2631558610031474 0.9596920628950821 -0.09869213360685816 -1.236916893698426 0.3256329770523202 0.007937470898093192 0.9454629346578242 25.522845696294105
0.9049988839012109 -0.28691368289599656 -0.31409800811946964 -5.030448238528132 0.26898764375657264 0.9579375396424031 -0.100006588033723 -1.3256376296169392 0.3295795315911624 0.006017367440598553 0.9441086397471612 26.29895979234955
0.9005698532696296 -0.29410348063997654 -0.32012041805759406 -5.317213843256888 0.2763086174651678 0.9557708078159736 -0.10077554684192436 -1.4251040911565918 0.3356001896549008 0.00230338929673312 0.9420017022815523 27.178641681063414
0.8960800840630626 -0.30115174265106626 -0.3261105806988797 -5.578097594804226 0.28435711527884944 0.9535686276505686 -0.09923660287868807 -1.5188016722014552 0.3408540947910495 -0.0038079205397762994 0.9401084968264765 27.983439184266825
0.8923060246339217 -0.3053991861066574 -0.33244743272794014 -5.822839294274229 0.28896858204481635 0.9521938848838286 -0.0991159128538422 -1.6046558325350162 0.34682433160465437 -0.0076251370632581805 0.9378991098683009 28.68930254809914
0.8879339123475803 -0.3102382110273487 -0.3395962598758563 -6.089762488386741 0.293847390464105 0.9505962972175194 -0.1001019022485472 -1.693897251246865 0.35387438226093115 -0.010905601078902864 0.9352293779841139 29.444750733378648
0.8831356994433951 -0.3169828935914636 -0.34582247113079373 -6.377874829521899 0.30049844302490225 0.9483283731823137 -0.10185274840178077 -1.7883719711222523 0.3602388403659929 -0.013969315937788926 0.9327555071421424 30.248471810694316
0.8790056381815378 -0.323551360205756 -0.3502336439493971 -6.666539707398316 0.3069930435429033 0.9460661378793969 -0.1035091009246406 -1.8852705684829334 0.3648347012844762 -0.016534208991286048 0.930925486100633 31.04425051892521
0.8744783835987437 -0.3293777220715966 -0.35608688942652006 -6.982864148502346 0.3124817620197821 0.9440122328581005 -0.10581140117811438 -1.991485567383384 0.3710022978682758 -0.018740875571586636 0.928442822450187 31.907328041775035
0.8694530225656343 -0.33533474811098074 -0.3627699660402276 -7.303520168090613 0.3186567930766603 0.9418260270287079 -0.10687180656009462 -2.0926795754810854 0.3775040261740016 -0.022679098762183846 0.9257301813713076 32.75936045750985
0.8657382570171563 -0.3415832343589282 -0.36581165145712635 -7.618952485252128 0.3250581322548954 0.9395077813963902 -0.10799231153462713 -2.1983092317721264 0.3805712561293292 -0.025416976620490417 0.9244022372904657 33.603730466367836
0.8613965263784683 -0.34738011445167716 -0.3705712892638187 -7.961205073693164 0.3314339959228497 0.937256008173328 -0.1081789327439096 -2.3097141891808555 0.3848993773568899 -0.029634966282055974 0.9224826492047101 34.48792829428816
0.8561439384141256 -0.3530987169941347 -0.37727821667020006 -8.292240941688108 0.3377605523715927 0.9349503116208668 -0.10856207469314982 -2.4209115819958114 0.39106951553194097 -0.034484936670094425 0.9197148597062423 35.32747535143457
0.8520063694634902 -0.35701048265684876 -0.3829212212280312 -8.621457505595234 0.34227003289277413 0.9333050368573949 -0.10859527043198677 -2.5306708408696865 0.39615195440288087 -0.03853859688339654 0.9173758256968826 36.151026943874136
0.8466733306280063 -0.3639852940306876 -0.38814813787093316 -8.964917384008414 0.34980420039342575 0.9304067764817262 -0.10945433597623984 -2.6477857669850464 0.4009754264171248 -0.04310378180945913 0.9150741890160206 37.006391603377715
0.842272923280074 -0.3707207484882635 -0.3913341913883071 -9.30043618945937 0.35706449651960753 0.9275581561133543 -0.11018535452950723 -2.7546066312868316 0.4038332180918723 -0.04692540535675422 0.9136283370702042 37.819608575494016
0.8380744740472869 -0.3757331283168675 -0.3955449307418618 -9.652304386602177 0.36240088816170285 0.9253685007805034 -0.1111698431358651 -2.869070232130037 0.40779501248785865 -0.05017722639270043 0.9116937390053543 38.66794935206438
0.8327839537580728 -0.3836779751829329 -0.39907655621772253 -10.019316297322085 0.37040594213646794 0.9219224738688282 -0.11339484205895602 -2.983862773391211 0.4114247493686639 -0.05338692288477302 0.9098788447215528 39.537835439608486
0.8292524019609051 -0.38861129305617836 -0.40164874797673006 -10.394526098605315 0.375400639584091 0.9197243936218543 -0.11481027644234694 -3.1003347322633767 0.41402272116627276 -0.055572499369002146 0.9085685905158495 40.42277148001561
0.8256463571521324 -0.39522428108292607 -0.40262372081622055 -10.789440843527057 0.3816919753071871 0.9168225030063467 -0.11725073120145271 -3.2245192627042987 0.41547482343399733 -0.056870604213969334 0.907825096298195 41.347301412076995
0.8219643217827621 -0.40145892282641454 -0.4039868648845638 -11.175022615009379 0.38778484427866905 0.9139994403961164 -0.11928091843775578 -3.3452731879142563 0.4171301574616396 -0.0586153242645734 0.9069546160075413 42.23238580982762
0.818128798971981 -0.4086301969087852 -0.4045820441726885 -11.567300290239364 0.39552348942611393 0.9105964778548741 -0.11989672151684769 -3.4699977020618595 0.4174044053491225 -0.061930741095075265 0.906608044141767 43.13852231729348
0.8155808340469961 -0.41371115751943743 -0.404562703766837 -11.968867971564684 0.40092711227555033 0.9081580247597142 -0.1204427362148614 -3.5975818669976345 0.41723536975859865 -0.06396936929860789 0.9065442989804435 44.0580384870876
0.8138234789984632 -0.42015384325488625 -0.40144998820399325 -12.35819514673121 0.40835127851047903 0.9049901078757666 -0.11934042896632094 -3.7277662111261503 0.41344960801734354 -0.06681057285457706 0.9080725571148751 44.96401743201616
0.8131899425896282 -0.42540138080612955 -0.3971848215620979 -12.759874858442915 0.41403455262653377 0.9024638293336714 -0.11888829200451961 -3.8534365697449977 0.40902017860054685 -0.06776947655577861 0.9100053799538399 45.906828514134304
0.8117446569065905 -0.432399256787751 -0.39255763234587904 -13.153371551347865 0.4212932664573567 0.8990639564029143 -0.11914690904437897 -3.9807077643216977 0.4044534529723939 -0.06866502040005135 0.9119772581332104 46.84852554609918
0.8080848994016667 -0.4383099569650425 -0.39355200035611687 -13.556501131902003 0.4279798082516375 0.8959157222926226 -0.11903067788507343 -4.113900041546768 0.4047617559600833 -0.07224541628498751 0.9115637776578878 47.815816173460895
0.8036036801261363 -0.44472604171665114 -0.39552480719516214 -13.941252779268545 0.4357086736469646 0.8923110775385553 -0.11806308741848791 -4.246410220004747 0.4054368964420155 -0.07745765760092489 0.9108354594999277 48.741500950847026
0.7999875893929942 -0.44921807913203665 -0.3977725156394163 -14.303340804201582 0.44160653970994906 0.88961019434549 -0.11652195587950331 -4.371280961425766 0.406206254140174 -0.08244282562784358 0.9100547563745303 49.61063857548452
0.7940916799314774 -0.45551413848519234 -0.4023993955061277 -14.700525807267152 0.448215740714584 0.8860382581959956 -0.11848567334780655 -4.500288349755997 0.41051315891123497 -0.08627325572330788 0.9077642159215243 50.55288817493795
0.788556113653747 -0.4620479075286805 -0.4058213729803633 -15.093366273128021 0.4537381438502477 0.8825783233451769 -0.12319577905329623 -4.631004724122435 0.4150914988705879 -0.08698985176205612 0.905611292584067 51.47541971637916
0.7817807235213956 -0.4686496722300605 -0.4113227261518872 -15.513381235274945 0.45880140511819 0.879045477861814 -0.12953886873162754 -4.772303391952431 0.4222797307377398 -0.08744445419437542 0.9022379378183507 52.44089144288174
0.7743440023633094 -0.4754888492266397 -0.4174945751325365 -15.927633266136667 0.4651031232697226 0.8750606355433156 -0.13397002966065968 -4.910542093886833 0.4290343234855697 -0.09043914187814212 0.8987493036924284 53.38230506601713
0.7675819313365162 -0.4813076858622832 -0.4232740131588493 -16.331203328280484 0.47167864004440413 0.871310902860472 -0.13541259572997932 -5.053784493925764 0.43397838565021346 -0.09570904913519483 0.8958250603226456 54.273735996230435
0.7622487930448456 -0.48516589953674955 -0.42847500210440836 -16.76351490460508 0.47634629963097014 0.8686497130216381 -0.13616856794175314 -5.205811810043745 0.4382590333690317 -0.10030815517256067 0.8932341762809568 55.20546702138604
0.7580014333771952 -0.4887918644613289 -0.43187537581406 -17.178093454595388 0.4795038478728291 0.8664537078061516 -0.13904687017017997 -5.351928856615005 0.4421649996022621 -0.10168817760875676 0.8911507322901898 56.095470891552914
0.7545977796589971 -0.49460439658106004 -0.4312176733581287 -17.60990939575028 0.4836868713049052 0.8633417167088235 -0.14383355212722168 -5.500159106520139 0.4434289136501864 -0.10003784820230575 0.8907093956314083 57.0239039742913
0.7518737071741217 -0.5005916618690033 -0.42906166984184513 -18.065175160352954 0.48779987191273005 0.860183235529153 -0.14878200925018403 -5.661485540613941 0.44355068867285863 -0.09743094673576379 0.8909377066866154 57.99196625139038
0.7472927396634458 -0.5067806579696309 -0.4297987039931244 -18.498825156151565 0.49430356825487914 0.856225742314212 -0.15013813842248955 -5.813732157144695 0.44409181894828403 -0.10025389222541216 0.8903547683012991 58.923679927771694
0.7409702716152489 -0.5120462207315787 -0.4344786811995864 -18.915042567114625 0.49995791138464324 0.852579741962816 -0.15215081478100337 -5.969543025460479 0.4483359715953312 -0.104481823438938 0.8877378020252067 59.83017156539145
0.7340927147651304 -0.5164693782935447 -0.4408710326318123 -19.383217114681383 0.5058456420161256 0.8490602091656829 -0.15237108539621474 -6.140263943496484 0.45302105092595274 -0.11115818681773455 0.8845426981900529 60.81079331137598
0.7278228003397167 -0.5218017830573956 -0.44496839270197125 -19.82228567279676 0.5118389361534561 0.845180536962245 -0.15391804110470514 -6.309017042521463 0.4563933333682158 -0.1157270890428601 0.8822201347275604 61.73156753628738
0.7235045282198777 -0.5265251046421635 -0.4464442986833757 -20.284534018376014 0.5163450045595765 0.8420050115320756 -0.15625426976962953 -6.4845094022318115 0.45818013260256424 -0.11746861170724726 0.8810630461844764 62.654788252984545
0.7175952648442845 -0.5320587347833398 -0.44941132452777965 -20.750090523745477 0.5221051837691831 0.8380286388560639 -0.158474532775461 -6.658596599529323 0.46093731998440857 -0.12091940786244723 0.8791560065470669 63.596432113746935
0.7120275110602896 -0.5374067512250065 -0.45189689889517204 -21.20191148035285 0.5269503507157844 0.8343292649367673 -0.16191975034128928 -6.8308941788300555 0.4640475744724899 -0.12283591253317458 0.8772520659527349 64.49968659874979
0.7060962687217976 -0.5435063584966215 -0.4539040620779867 -21.64882361346294 0.5324750128646465 0.83008384096075 -0.16562360233566598 -7.001536176456284 0.46679590826393236 -0.12474636367281472 0.8755226580611494 65.39455237016742
0.6982083911126732 -0.5499371981291115 -0.45833843466782803 -22.087277505207965 0.5392060800234126 0.82512018956922 -0.1686222880613348 -7.175802174998156 0.4709159647385482 -0.12940537422826429 0.872635320895966 66.26384541162275
0.6930337099625642 -0.5539182981370239 -0.46138790171016403 -22.569812588835052 0.5426546606702112 0.8221673632695531 -0.17194983578732737 -7.362766959792913 0.4745842349977743 -0.1312072626167246 0.870376044091405 67.1983306680595
0.6883121418394904 -0.5584020025981749 -0.4630481604441172 -23.02627247875554 0.5468734616239654 0.8188229414381946 -0.17452337249183558 -7.548125975798649 0.47660865746202535 -0.1331021940797772 0.8689810087472539 68.09101342229684
0.6832034442610542 -0.5639465912248178 -0.46389362573303455 -23.468099633484503 0.5522425687697434 0.8146657264687054 -0.1770533799615575 -7.726849532019553 0.4777668877061571 -0.13521832850292376 0.8680177444317873 68.94166457681924
0.6760142880486986 -0.5694686380243215 -0.46766457280911894 -23.955372033313566 0.5569861099126787 0.8104046106140518 -0.18168885617953773 -7.923826301499363 0.48246363149811905 -0.1376584083963333 0.865031217286079 69.87825132318072
0.6715195540024849 -0.5736982353131473 -0.4689688938414622 -24.434185046148585 0.5603505616238732 0.8072851243846519 -0.18519712750220288 -8.11292534287797 0.4848388770304151 -0.13842349058536932 0.863579875039969 70.78496322899178
0.6644535722130082 -0.5801181384162772 -0.4711309752646351 -24.9277156469029 0.5664611615788853 0.8021633410956875 -0.18882724015592656 -8.315590497488772 0.4874661042534888 -0.14141046525146928 0.8616146920296162 71.72699446647418
0.6560428254955195 -0.5866863064714476 -0.4747704591850108 -25.408891250781497 0.5725968240502946 0.7967211303417844 -0.1933088656901838 -8.513346257209674 0.4916713213147289 -0.14503316264151517 0.858617897280757 72.63025678386285
0.6503570015659479 -0.5903932291596614 -0.47798703484150834 -25.890394600470998 0.5764992493200023 0.7933570483455608 -0.1955331413696755 -8.719883867003565 0.49465582585028106 -0.1483928192428706 0.8563265645473864 73.52420584184837
0.644020055381163 -0.595022104004417 -0.48081895138711084 -26.38125152937826 0.5808265307433096 0.7893600939388267 -0.19887479297683347 -8.9380847509139 0.4978741903850161 -0.15119304826295393 0.8539683557986333 74.4288013435947
0.6393531873452523 -0.5982306064154027 -0.48306070361738834 -26.881314941614793 0.5841313043607649 0.7864282731168284 -0.2008013707828581 -9.16070139328569 0.5000181207688961 -0.15378788245613773 0.8522506474696273 75.33571639332317
0.6328539837404132 -0.6040478948382537 -0.48437792683540287 -27.370671148125506 0.5897674122868952 0.7814056919904392 -0.2039106273085403 -9.374830672273397 0.5016674542645837 -0.15662466365939018 0.8507634689296872 76.22001318777549
0.6271190777540947 -0.6087040443162742 -0.4860051941593478 -27.886234370395414 0.5941512813802324 0.7772961081139793 -0.20686956070212273 -9.599445442688069 0.5036922841885529 -0.15902876074431518 0.8491195063741298 77.15097148888628
0.620217428770675 -0.6125093657123213 -0.4900638917159505 -28.40819711312981 0.598181598659858 0.7734500229902725 -0.20965170393079013 -9.836824075927284 0.5074535605095599 -0.16311756144277328 0.8460990161175781 78.07937866406131
0.6150811716039616 -0.615814436095853 -0.4923898177605269 -28.93232333656738 0.6010956468944385 0.7703772794936246 -0.21260966705340284 -10.076440688748285 0.5102540304817346 -0.16520117292546332 0.8440079364799815 79.0077955113934
0.6086018201396018 -0.6205150628028179 -0.49453501529980565 -29.437042030588028 0.606464320289772 0.7656676362784729 -0.21436907186252718 -10.305414733281829 0.5116686943112984 -0.16945243459611742 0.8423069628533412 79.89199879723432
0.6039444292527142 -0.6247744701515663 -0.49488179176591585 -29.947417999734682 0.6095660673089844 0.7621047005107137 -0.2182329834029092 -10.544183483795754 0.5134981362771167 -0.169862552984186 0.8411102051060982 80.78130189821975
0.5970518537550976 -0.6303352267795285 -0.49619208559629613 -30.48897425534547 0.6142874553249581 0.7570461972235051 -0.2225578070969821 -10.79013356674835 0.5159263573011067 -0.17192602231840995 0.8392028578906179 81.72064316048115
0.5916500109245665 -0.6339601484209549 -0.49804095693732 -31.021346110759076 0.6170115915509866 0.7536865949131631 -0.2263917236559679 -11.043113238672905 0.5188901236915952 -0.17335237772318732 0.8370794422711852 82.63151320512422
0.5843317459834034 -0.6395299784359262 -0.4995576216190995 -31.518311494230748 0.6236665962984903 0.7477664947775224 -0.22778333114956767 -11.282143244410525 0.5192267205156563 -0.17845636993361025 0.8357971863632201 83.50517034794795
0.5770796502707984 -0.643445417350613 -0.5029483791939569 -32.066592978965204 0.6282714616967373 0.7432280256011663 -0.22997189475767935 -11.540441235759499 0.5217796926488976 -0.18327601275531777 0.833160161966314 84.43556268612011
0.5712265804984386 -0.6471702331041026 -0.5048473859653458 -32.61161839383094 0.63233466234978 0.7391322729831059 -0.2320266317167441 -11.805600576363183 0.5233097252326303 -0.18669272192243974 0.8314401716648889 85.36984122340249
0.5649993151485935 -0.6515266870668366 -0.5062496912802349 -33.16540799139504 0.6368347611890395 0.7344724175037959 -0.23450320865060487 -12.066443744518338 0.524611533253816 -0.18990324896073385 0.8298912550516713 86.30183308729453
0.5553007743647143 -0.6576856988361643 -0.5090094022081858 -33.71741492984438 0.6433949226998845 0.7275488731045489 -0.23815039510425018 -12.33359939371025 0.5269573260084331 -0.19524896617059745 0.8271600919866448 87.24103173496907
0.550317993398391 -0.6609041973703033 -0.5102506717685766 -34.26144057852037 0.6460299474334154 0.7241862739588338 -0.24124582406499673 -12.60222839646647 0.5289569104956915 -0.19687529684532823 0.8254966410173435 88.15036937909748
0.5426051105805141 -0.6664575255007242 -0.5112866717169146 -34.81640247197927 0.651480145070466 0.7181250700490153 -0.244683477877158 -12.877994322301806 0.530238922138759 -0.20032660949197117 0.8238421784411007 89.09136765187579
0.5358314993293908 -0.6719538963210715 -0.5112363108635261 -35.377054103181834 0.6565841067069312 0.7122976571870164 -0.24805112050895656 -13.151290999939382 0.5308313434098237 -0.20275603267182568 0.822865770383544 90.01684543243417
0.52733821873817 -0.6778394181888754 -0.5122969121587801 -35.95420821643499 0.6620051179309019 0.7057400400375744 -0.25234940008063333 -13.434095348222575 0.5326008138290315 -0.20606969461114308 0.8208968595819597 90.97302744956669
0.5189025091209617 -0.683332231336391 -0.5136119621317241 -36.5304658682506 0.6679422551364522 0.6990704925245643 -0.2552520132823521 -13.721826685738924 0.5334728951232679 -0.21061222210093233 0.8191759042296756 91.92247040318158
0.5093067723373081 -0.6877670823101162 -0.5172843049445665 -37.09010826946456 0.671886612724694 0.693378932496958 -0.26037287802441317 -14.009261688960496 0.5377499337914328 -0.21494672935406292 0.8152440813936037 92.85149741079975
0.500187905667569 -0.6918416416491863 -0.520737171617362 -37.65819752117117 0.6750032834721488 0.6882071472599898 -0.26597272371821257 -14.306034258328914 0.5423860491621341 -0.21846296102640755 0.811228271409389 93.75993281417948
0.491353643647395 -0.6953844145435306 -0.5244159731400068 -38.22010106267788 0.678919588438067 0.6829617104119976 -0.26950230898121225 -14.603921589005372 0.5455637353321011 -0.223615335165257 0.8076858254107318 94.6613686909693
0.4840544511579569 -0.698234042440168 -0.527409243654139 -38.78251162003519 0.6808413237335998 0.6791490115670211 -0.2742475377906204 -14.905639071356546 0.5496784334598263 -0.22633126621216082 0.8041316917793697 95.54931576498251
0.4770216213198263 -0.7009652700626243 -0.5301868189227611 -39.37430799612992 0.6815527276089777 0.6759086473536254 -0.2804164401766688 -15.23105746833385 0.5549200413412433 -0.22758556764132631 0.8001678305950622 96.45613183873142
0.46625375640648026 -0.7056173921475084 -0.5335836677933424 -39.962830865133014 0.685464152136789 0.6694484853933953 -0.28631734411293047 -15.556770267511132 0.5592372759144725 -0.23225593922102086 0.7958082984766632 97.37490038664414
0.45807753130009554 -0.7093981144461267 -0.5356484766507698 -40.54330353943005 0.6882154810090465 0.6644189422762558 -0.2913879215821896 -15.877979916833693 0.5626050364309733 -0.2351633142409373 0.7925741533873795 98.26702096640524
0.44690328771546645 -0.7129845942899998 -0.5403058575790488 -41.15653902740123 0.6898947317424721 0.6591780465399406 -0.2992149095111579 -16.2210653482414 0.5694933805963768 -0.23903403787936195 0.7864731516027729 99.18670448394717
0.4356917533015668 -0.716058531654307 -0.5453740691947911 -41.77250673006301 0.692768186093257 0.6536139402379462 -0.30473112322781437 -16.576690373543375 0.574669414917886 -0.24504896729369152 0.7808367737153714 100.10170797612626
0.4270869192593386 -0.7194848717208451 -0.547666214735222 -42.36474704684179 0.6947293408161492 0.6487774145383083 -0.3105463079705617 -16.918775478050737 0.578746841379481 -0.24784952239176739 0.7769315979180194 100.96572036197273
0.4175544523855667 -0.722939641760677 -0.5504603107072602 -42.97867184144612 0.6954348873855707 0.6441614221081766 -0.31847508485686904 -17.28023236259314 0.5848235603154236 -0.24982861453107294 0.7717299182106888 101.8392341030075
0.41037491193145925 -0.7262033073762332 -0.5515624969240273 -43.62349072998496 0.6970097699153502 0.6397973714459041 -0.3237849658854819 -17.664059999458054 0.5880219488248698 -0.2515712222149671 0.7687275901471665 102.76099056367748
0.4040336855018946 -0.7285198539469544 -0.5531867707970468 -44.27286142319103 0.6976180870362274 0.6365664541202192 -0.32880412729880004 -18.05884431920743 0.5916804759493681 -0.25306515345641545 0.765422917403451 103.69044568961039
0.39522430205403813 -0.7313137041924973 -0.5558579109144236 -44.911050571930225 0.6992201033215348 0.6319481633998821 -0.3342645148479545 -18.455505464078996 0.5957256064472308 -0.25655756631946136 0.7611105156199818 104.59601435874913
0.38582729839217894 -0.7346818575112495 -0.5580142149257602 -45.51493282258888 0.7027897977361965 0.6259014657694077 -0.33813289598266333 -18.83373583117004 0.5976820191483999 -0.2617057954870829 0.7578167856382998 105.44725651592097
0.3782669978358994 -0.7371833997287185 -0.559888125890007 -46.15803409577909 0.7060451481667134 0.6209192359499973 -0.3405283412250961 -19.23395411897114 0.5986771476333965 -0.26649566148753767 0.7553580179688705 106.34611415884588
0.37055272805081774 -0.741210019565182 -0.5597306339930661 -46.81345870724003 0.7100441066068232 0.6145539455089719 -0.3437452759417566 -19.643861099376657 0.5987721122489051 -0.27005768819927817 0.7540164471929285 107.2516416736047
0.36219145417033677 -0.7448565532611655 -0.5603624412733899 -47.456128018022675 0.7128448369221669 0.6086915274302793 -0.34834876619273786 -20.05138311918747 0.6005577316123623 -0.27328252688104654 0.7514300177009992 108.12560090523736
0.3547223014031296 -0.7481921816628895 -0.5606964849058657 -48.10266930875786 0.7150835901687201 0.6034509515256847 -0.35284898777545065 -20.467594109932097 0.6023516812948079 -0.2757814504299953 0.7490774617087653 109.01199841567579
0.3480856903837942 -0.7518143048870596 -0.5600103598302671 -48.74433877227501 0.7177911020645715 0.5979846978238031 -0.3566373998412157 -20.87590868142563 0.6030027246596533 -0.2778300778097338 0.7477955348337352 109.88982170208226
0.34086264813103956 -0.7554564554731223 -0.5595517840138494 -49.3908663432469 0.7200681523275058 0.5924588402438025 -0.36124005677751275 -21.296302624541358 0.604412533881245 -0.279782176882222 0.7459272232505647 110.7743949409662
0.33226653965787495 -0.7582333983973709 -0.5609644018817554 -50.043309751292234 0.7225552055250054 0.5869048592310696 -0.365317206246401 -21.731398531081293 0.6062284401052949 -0.28394506469690967 0.7428743357000354 111.67294798664844
0.32624109447311844 -0.7596773842349248 -0.5625451272199984 -50.6824122729205 0.7247430734737189 0.5830804423828211 -0.36710308519885987 -22.16347762479426 0.6068889731481777 -0.28793657216935137 0.7407957239877363 112.5403016665358
0.32014713720033405 -0.761034577218936 -0.5642093430807629 -51.329598888554145 0.7288286011391116 0.578331317184888 -0.36652661257376445 -22.595142887275664 0.6052393581914814 -0.29386946054394275 0.7398148818830126 113.41689411773073
0.31510943160015636 -0.7626886404350228 -0.5648115472155316 -51.95580825260044 0.7333100072481444 0.5734558107113121 -0.3652463092642527 -23.011233473420948 0.6024636747442561 -0.2990894028761436 0.7399885470065325 114.26180142821201
0.31001347002001367 -0.7649568834970124 -0.5645640927270246 -52.58424887341144 0.7368368736724422 0.5685746270983798 -0.36577905218391027 -23.42396137384676 0.6008020223024981 -0.30259520784453386 0.7399142316422572 115.10661286071134
0.30704849879783214 -0.766582294123798 -0.5639794373218698 -53.225896492008815 0.7413185851315752 0.5642706500575574 -0.3633805014336096 -23.849258311203734 0.5967981021455393 -0.30651300106115703 0.7415401576826207 115.98043096089437
0.3026695106564097 -0.7685093875575902 -0.5637237697266871 -53.88488193337042 0.7448822851659279 0.5597251834588448 -0.36312270687461545 -24.285975945035197 0.5945935994988466 -0.31000167779839527 0.7418607761549232 116.87099893043025
0.2997027584336145 -0.7697859708257433 -0.5635670463282522 -54.51013167343662 0.7475112783468754 0.5565233269498968 -0.3626412487636212 -24.69403472613924 0.5927943533228895 -0.3125881406587366 0.7422152713249783 117.71367617152455
0.29553230501508 -0.7715307885700936 -0.563383438681759 -55.13020547324934 0.7509316063407435 0.5521591683676822 -0.3622457389480521 -25.10465375232589 0.5905610716013919 -0.3160071123818563 0.7425477261651917 118.54802664150283
0.2880892374603665 -0.7737522411885231 -0.564191510495543 -55.73884507265332 0.7562521431782077 0.5452593534650472 -0.3616281700825404 -25.501421048697033 0.587441305321538 -0.3224898552119378 0.7422351420456398 119.38365924861914
0.283489955440971 -0.774944019651416 -0.5648851313059867 -56.35459357821702 0.759224358531336 0.5412232754829077 -0.3614633307657003 -25.898305004353325 0.5858428275371798 -0.326403327927364 0.7417877384678073 120.2190392355459
0.2778755769559891 -0.7777635216465287 -0.5637987833681145 -56.94388602509539 0.7639676053971426 0.5347306305558799 -0.3611324558234377 -26.278415176014324 0.582356129559166 -0.3303741169360898 0.742774717679302 121.0145178463208
0.27617766729666926 -0.7796202836044499 -0.5620659298330467 -57.533927975092965 0.7677875653736541 0.5307411868442733 -0.3589095248732316 -26.664623761437728 0.5781246842543285 -0.3324244364959491 0.7451616223854954 121.82378091838244
0.2738446512279099 -0.7818956253466743 -0.5600431573170029 -58.14003017232783 0.7708154690373458 0.5266770440334392 -0.35840592068342764 -27.064899167711104 0.5751978961075926 -0.3335423846408904 0.7469249346229293 122.64772899526044
0.27206832399358416 -0.7843770722809598 -0.5574328978085815 -58.74570247487054 0.775767529193196 0.5215329442222745 -0.3552296844864322 -27.461526453359507 0.5693536403052205 -0.3357915969329732 0.7503868573611865 123.47244150201676
0.2736040133989172 -0.7856520330076054 -0.5548799211388187 -59.33601165630627 0.7785790605440902 0.5196357250721197 -0.3518428053990226 -27.849293002869214 0.564761445509772 -0.3357522840723335 0.7538666416588042 124.28637031614232
0.27451551425532245 -0.7871290131146391 -0.5523306520068486 -59.9218170988305 0.783632462587333 0.5160159676372512 -0.34590126441327707 -28.22415275151598 0.5572803567437562 -0.337868965512617 0.7584742356408595 125.10265865411752
0.2762361255355699 -0.7897065977249449 -0.547774673071683 -60.47682856328012 0.7896413224937617 0.511387462874314 -0.33904195112887636 -28.58242730123865 0.5478687660009467 -0.3388898822990509 0.76484865360144 125.89258624614428
0.27558054422216477 -0.792194011416465 -0.5445034544629678 -61.04765904081887 0.7948991652844033 0.5063187360324147 -0.33433015803647853 -28.94458371140302 0.5405466498613919 -0.3406904545455121 0.7692459512439427 126.72301897276226
0.2770979715101469 -0.7938808792330596 -0.5412669062238203 -61.611570744377445 0.8018546940901183 0.5014331002725165 -0.3249521434253589 -29.29535141229254 0.5293824361939149 -0.34397382973016505 0.7755232044949776 127.54642616566409
0.2788692928201907 -0.7948998775821786 -0.5388562908065608 -62.1627056085731 0.8074203245624211 0.4978564636149051 -0.3165617808902014 -29.633371521450943 0.5199080082144167 -0.3468041612447849 0.7806551970862807 128.36339082187837
0.2806276085247529 -0.7963596747485325 -0.5357792584340026 -62.73732794030929 0.8128337379993088 0.49404268629282333 -0.3085824662722142 -29.976747526636984 0.510440456570352 -0.3489026978327664 0.7859500287812631 129.2234662098847
0.28058408521386646 -0.7976127935072789 -0.5339348300665661 -63.314098888874675 0.817808134328644 0.4898684306530522 -0.30202446271025557 -30.31659979825742 0.5024563926855747 -0.35191298964805334 0.7897435160647847 130.10128192297807
0.28332390009046415 -0.7994203806005262 -0.5297684614225716 -63.8700925269643 0.8236659632796499 0.4857869222770862 -0.2925499052797024 -30.635215599652255 0.4912249470172859 -0.3534658699578593 0.7960904032852039 130.9543008499938
0.28581770744423857 -0.8018031185600606 -0.5248047229005103 -64.40532485381632 0.8287179391237632 0.4818020332535116 -0.28476899081052515 -30.932143962470143 0.48118064745559186 -0.35352306829985464 0.8021761805825911 131.77906417476385
0.28790247103568956 -0.8037251563420932 -0.520709170491957 -64.90322843958857 0.834305805798207 0.4774420435969423 -0.27564999078066366 -31.19923979248717 0.470155282415234 -0.35507037058709 0.808009308330169 132.57322625385467
0.2914380868616677 -0.8048940063461824 -0.5169230891287434 -65.43338851934624 0.8390616001166212 0.4746049475227585 -0.2659431800153088 -31.48393518703193 0.45939032721221534 -0.3562243427040206 0.8136736108102206 133.42439507234175
0.29432985470373946 -0.8066526416343557 -0.5125245870925528 -65.94805642156129 0.8451782255983106 0.4700430561180789 -0.2544273813284804 -31.74482235030291 0.4461431425053702 -0.3582890469153259 0.8201129527424504 134.26308638085172
0.2982100038390491 -0.8075496278307146 -0.508855964100637 -66.47588201387342 0.8502920014596536 0.4669725776987454 -0.24277587180592236 -32.00190471523382 0.4336753461566046 -0.3602779625065397 0.8259088835144501 135.1373912214462
0.2993110958832224 -0.8094171084614271 -0.5052294651058338 -66.98839056943774 0.8560696328101686 0.4616470233706557 -0.23243667867459405 -32.246968010540286 0.42137590303842454 -0.36294072566047975 0.8310934833071408 136.00923713457306
0.3018798379045363 -0.8117122970071634 -0.49999171028536626 -67.48571881273593 0.8615853544119888 0.45679347076873655 -0.22138293097214926 -32.478373298292155 0.4080921961144306 -0.3639544915925701 0.8372561660090031 136.85727031233938
0.3039985486803959 -0.8134730522175044 -0.4958290791352912 -68.02528062948407 0.8671791161207525 0.45177596370497486 -0.2095205459673874 -32.72014848030623 0.3944429780896649 -0.36627868069869846 0.8427660797050256 137.79150657636418
