1.0 0.0 0.0 0.0 0.0 1.0 0.0 0.0 0.0 0.0 1.0 0.0
0.999897391489287 -0.00015154705304178578 0.01432422864975236 0.0071160090155899525 0.00015359286632092112 0.9999999781620695 -0.00014172188276086493 0.005582708399742842 -0.014324206859407164 0.0001439074402256911 0.9998973929301435 0.22448140382766724
0.999336100234235 0.0002698339109074474 0.03643193596683276 0.021365981780260942 -0.00025078407197156823 0.99999982944809 -0.0005274572402444936 0.014002780011836769 -0.03643207207914647 0.0005179705122546746 0.9993359974656013 0.46093668078223704
0.9980536912899671 -0.0011383745726220595 0.062350087456261694 0.04720664348189637 0.0010577948684983814 0.9999985622327002 0.0013253688349659266 0.016541149808270286 -0.062351506577525875 -0.0012568356554967675 0.9980534604877876 0.6999100991171979
0.9959653311795097 -0.003491243555376459 0.08967090000065041 0.08921592857019844 0.0033716372458381183 0.9999932129854062 0.0014852762053932894 0.01976779730110956 -0.0896754768639235 -0.0011769458614875545 0.9959703427550777 0.9767627247729075
0.9925683305691191 -0.006903557830366635 0.12149259253351573 0.14534928120589943 0.006716352671475897 0.999975543120657 0.0019503249317862725 0.021578109672445306 -0.12150308538479364 -0.0011198436631834206 0.9925904221742953 1.2931076864153872
0.9875710986431929 -0.011121164791151184 0.15677896803578212 0.22559814575415987 0.010909831816790566 0.9999380472020751 0.0022084672127504 0.025383029183579122 -0.1567938158678654 -0.000470586217933016 0.9876312458879606 1.6235431569045897
0.9809083965934915 -0.01421323109816897 0.19395025535981034 0.3115710392226224 0.014000453448324988 0.9998989435018624 0.0024678101832902484 0.02906740691515816 -0.19396573098263228 0.0002946957914674404 0.9810082611062781 1.9477329032712243
0.9721762093402709 -0.018151527423235198 0.2335464408741556 0.41142828457775543 0.01744017216314308 0.999834846420857 0.005110800084302511 0.03296403785155238 -0.23360063867143394 -0.0008955081157185629 0.9723322167230257 2.303153995933018
0.9612168447832115 -0.02176865872804966 0.2749332697259276 0.5280629611086309 0.020168121341747433 0.99975920502494 0.008647476478436973 0.03644889434248147 -0.2750553111404186 -0.002767212511224341 0.9614244215477188 2.6557426105524935
0.9490886102491848 -0.028118888366554944 0.3137517139591441 0.6661829482533677 0.025314517417423927 0.999594881011561 0.01300957583499835 0.041386757694121125 -0.31399042199276445 -0.0044047670214046 0.9494159325207753 2.9979868875173885
0.9345634854922902 -0.03338622119548524 0.35422655436709977 0.8304482477512264 0.02943977363780369 0.9994299375442187 0.01652572747305906 0.05210068322212615 -0.3545763547004462 -0.005015991890451194 0.9350136087312838 3.338221030631554
0.9171343707791572 -0.036408211280172395 0.39691181399260195 1.0105753526908365 0.031031207342564395 0.9993190354597367 0.019963204619612335 0.05963890778332179 -0.3973683556932815 -0.005992288310825942 0.9176396255472067 3.698340151071858
0.8973655530354026 -0.04118705176558583 0.43936168584928437 1.2137554097492909 0.03383050020997347 0.9991256582477401 0.024564533102892833 0.06929871032099044 -0.4399892742795093 -0.007179540227555367 0.8979743274287477 4.055446672537495
0.8749717104147372 -0.04556347008055761 0.4820253895471976 1.450627475045918 0.0362677103997361 0.9989330319643387 0.028591097091484156 0.07944465024178778 -0.4828137934610716 -0.007534443891351968 0.8756906263053054 4.424361691425367
0.851316572811658 -0.05070356454353954 0.5221965543727689 1.6872987173388696 0.040150245122934025 0.9986965389760066 0.03151477199527364 0.09174182745545155 -0.5231138027932176 -0.005862728027538951 0.8522426753849479 4.747700715933827
0.8256171564394674 -0.05689616333061086 0.5613547341842453 1.9389686457260362 0.04473641937014336 0.9983716474136916 0.035393592957066 0.10506339815690745 -0.5624544103967422 -0.004108556769507044 0.8268180912307889 5.049182595784316
0.7959931313074778 -0.061129115044165745 0.6022110644991783 2.2190521456536527 0.04724590095863789 0.9981267679254461 0.03886875343137889 0.12240124986914835 -0.6034589959176373 -0.0024872564443374767 0.7973901515578539 5.375294350142191
0.76363209266252 -0.06592014386454702 0.6422776359867576 2.5150344849687802 0.04996556148406167 0.9978246209964214 0.04300544615429966 0.13974218937792746 -0.6437153639004144 -0.0007485761319590487 0.7652646404429854 5.680931698220696
0.7274386793076681 -0.06800965902892207 0.6827940056311901 2.846345357165413 0.04886580537562441 0.9976841078043295 0.047313360688826314 0.15953023395470614 -0.6844304938502577 -0.001052289622270431 0.7290773565092004 5.999972734727988
0.6908738705950763 -0.0707262247271832 0.7195075371841616 3.2157598547080277 0.04896600856145011 0.9974957646045018 0.051034592206074605 0.18213182703954836 -0.7213152049794443 -2.7054025864545195e-05 0.6926069407200177 6.321582096367076
0.6569649061320998 -0.07425484792761773 0.7502555095899582 3.595389346467528 0.05051563085636216 0.9972370488317257 0.05446502985011767 0.20663566802122538 -0.752226882762126 0.0021180171474336415 0.6589007746643937 6.622354456438339
0.6211243024193057 -0.07774937162450736 0.7798459053916521 3.997900891546398 0.051843842234524776 0.996963486638562 0.05810354835845939 0.23373163222849103 -0.7819954072540919 0.004340682144130463 0.6232690763322299 6.914789088091807
0.5870849604893444 -0.07951603730570259 0.8056106062971262 4.403985627434828 0.052644878090017 0.9968077812875902 0.060023028708984294 0.2632177960470051 -0.8078117144348134 0.00717265471847206 0.5893969689828558 7.188763446231155
0.5549106351221631 -0.08149416105093397 0.8279087442121398 4.837398500121171 0.05517211397995915 0.9966044218713461 0.06112007972395436 0.2951184967064659 -0.8300784450082415 0.011761293342340256 0.5575225978483881 7.45726857909381
0.522110898675445 -0.08273484403214328 0.8488552026507796 5.32524394520218 0.05889098692623258 0.9964054520185528 0.06089356982931551 0.33524901531568196 -0.8508419718979392 0.018196724174431682 0.5251064826167604 7.734671364931417
0.4936539462730463 -0.08281321487178292 0.8657065049840207 5.81902560412616 0.06236869957868832 0.99626380093805 0.05973762845420563 0.3720590431580514 -0.8674191182132842 0.024503272905252994 0.49697450938153664 8.002639401740836
0.47038239931719006 -0.08315607114147458 0.8785359789131678 6.34230952573903 0.06674467478886562 0.9960511328758607 0.058543053251803895 0.40956075923148544 -0.87993496736971 0.031099976350939543 0.47407514664981 8.27256574964144
0.44898146404143874 -0.08357521841760805 0.8896239811367808 6.932877916509427 0.06873944283365828 0.995896361053354 0.058867028459110904 0.4542133646921533 -0.8908931102809834 0.03472205217346258 0.4528839201680038 8.57154983496614
0.43459382743193187 -0.08530108758131184 0.8965778993570552 7.555865917331709 0.07253303308742347 0.9955859096076538 0.05956220027701707 0.49349579740766775 -0.8977010439278788 0.0391461498508618 0.43886263760162003 8.868811615834064
0.4266137779549912 -0.0871224098993269 0.9002279545494594 8.1895154378521 0.07602630225012882 0.9952812452040998 0.06029298724685018 0.532021874957287 -0.9012328699205006 0.042719183493021555 0.43122428681203484 9.163141414714003
0.41926898262845763 -0.08903392417963002 0.9034857389858868 8.830744593593785 0.07784159786921341 0.9950401821819164 0.06193320179472743 0.574769773764034 -0.9045187703120736 0.04436210306731017 0.42412002778055596 9.458232482451272
0.4099578360150011 -0.09141220986547825 0.907512193073684 9.48323182494993 0.07886551096227136 0.9947914469771965 0.0645771492222737 0.609695952088587 -0.9086885076144398 0.04509750446006641 0.41503181952823437 9.755606822577134
0.39707930306507483 -0.09343998847585971 0.9130153315421302 10.176214701120816 0.08090978438111293 0.994494514886745 0.06659028946910941 0.6526846133068376 -0.914210935106749 0.04743024787842852 0.4024533981934238 10.05933695862556
0.3869605893025064 -0.0947943686351157 0.9172107336930414 10.859702210805725 0.08191113285516644 0.9943031247985394 0.06820456238583997 0.6965393867250146 -0.9184509070391519 0.0487372926097712 0.3925208372405588 10.352366084119597
0.37640976294927436 -0.09664545703221603 0.9213985815007016 11.569209283233816 0.0833969340699448 0.9940410096870645 0.07019560134406219 0.7435003825023038 -0.9226920622527347 0.050419507091554475 0.3822266756264407 10.644233607146129
0.36304311282022556 -0.09847200423479714 0.9265543495207301 12.344946837273193 0.08541444076413292 0.993730142035838 0.072144148192241 0.7961792406421898 -0.9278491642194607 0.052949685470413274 0.36917781524061394 10.956068970968577
0.3508760401263512 -0.1010376197527692 0.930955103031261 13.114856131780693 0.0884238138589605 0.9932947549006663 0.07447656698224657 0.8470598714911696 -0.932237755944205 0.05618655783655001 0.3574574619595917 11.256860498803759
0.34064959192829947 -0.10357152922793049 0.9344681877155965 13.900565328631876 0.08769699706840835 0.9930809602084508 0.07809893198146181 0.9021616781789801 -0.9360913909572435 0.05534568460909453 0.3473755359418449 11.55377674126906
0.3294331551452847 -0.10734128597243342 0.9380573781047764 14.722090201072696 0.08931427260293162 0.9926043079486805 0.08221708186946793 0.9563074170736581 -0.9399450819066145 0.05669687969814428 0.3365838778552267 11.846711987462816
0.3172863376638126 -0.11045535906889939 0.9418752537278202 15.556599540413806 0.08919417153126652 0.9922668719590054 0.08631833280098704 1.0154954669109586 -0.9441259342358604 0.05662215525438304 0.3246846960323391 12.136920977309211
0.3032635014802171 -0.11132797994323781 0.9463811756114533 16.3708978866561 0.08906841640827262 0.9921156690815494 0.08816641288717758 1.0776667867470588 -0.9487349818935111 0.05755501754519551 0.31078827855453517 12.403507631858204
0.2878105713401183 -0.1112940891681545 0.951198560102519 17.18449701847137 0.08767453130939895 0.9921156119418728 0.0895532752102367 1.1437637724765617 -0.9536656917308874 0.057621508635526425 0.29529901821376586 12.659047816676935
0.27116769806099716 -0.11088424297300511 0.9561238226237245 17.978100808373203 0.0888591974044354 0.9919841405620811 0.0898415711680789 1.2096384114063403 -0.9584216830628047 0.06059826345377372 0.2788471407446158 12.884040873268818
0.2504727464881449 -0.10998815214432343 0.9618555035214817 18.81363120620275 0.08823015828250134 0.9919842929860224 0.09045773398923085 1.2805959939802234 -0.9640948306241097 0.06220746624721868 0.2581693024102031 13.111619663210778
0.22688922189375466 -0.10886372681626427 0.9678171159739428 19.615558375984204 0.08693045947548897 0.992030352260372 0.09120786923035976 1.3507970483895169 -0.9700331830426354 0.06343870409959379 0.23454456851169508 13.306165985795674
0.19925052462913434 -0.10909323097009146 0.9738572253628973 20.399813722639404 0.08405568286504289 0.9920240367005504 0.09393057428993101 1.4194262662488608 -0.9763369657106639 0.06314251788494968 0.20683121578244118 13.480931830619726
0.17081321253231907 -0.10830264084828908 0.9793331324986793 21.255092742598418 0.08249605834795476 0.9920227001920121 0.09531716876198258 1.4935897240468547 -0.9818437995839461 0.06450969143497688 0.1783851253034412 13.645758857819931
0.14163707689141658 -0.10818484355799596 0.9839893180690463 22.077324980285827 0.08200982833867951 0.9918756751990665 0.09724727761873998 1.5663660070423278 -0.9865157507640286 0.0669229749243704 0.14935859172393406 13.781774734923667
0.10880011419627728 -0.10791143546963222 0.9881890797037584 22.941079381975435 0.08046632910685103 0.991784216634656 0.09944464547903065 1.6473749617187476 -0.9908015467443242 0.06869635892291201 0.11658947310880813 13.888178848332918
0.07580378896913159 -0.10662780007084434 0.9914052137395563 23.802767542084244 0.07811845469185281 0.9918450460750814 0.10070209338875083 1.7301773157678912 -0.9940579925811573 0.06981344303478954 0.08351521153148028 13.967223009595392
0.043433222194426246 -0.10432254122416657 0.9935946671567546 24.635079295347246 0.0745833411379625 0.9920965241056872 0.10090496559690448 1.8090723918758769 -0.9962684780893694 0.06972298222212123 0.05087067245030141 14.021987315245623
0.013136449901857639 -0.10202324150421672 0.99469527588953 25.503958221242048 0.07354947964957988 0.9921849407431889 0.10079443142213101 1.8908764396981983 -0.9972050479852437 0.07183523895280719 0.020537544092249005 14.040879702353804
-0.015206638914584902 -0.09911485189017429 0.9949598003274858 26.3491975412011 0.07493059630977343 0.9921638458331239 0.09998154208796227 1.9723683782043309 -0.9970727976780749 0.07607331435144664 -0.0076607423924045515 14.035027220859629
-0.042979668588328024 -0.09629540601711137 0.9944244279320764 27.24388865354548 0.07705999844241745 0.9920594727227771 0.09939697792720033 2.062821704969485 -0.9960996459833185 0.08090239403754008 -0.03521786351984579 13.998972160595839
-0.0697446853273348 -0.09331542471068172 0.9931907723995709 28.104850691109984 0.07722097350158186 0.9921227317414851 0.09863775348861574 2.1486096839232833 -0.9945715661127957 0.08357461739594162 -0.06198937979253338 13.943505150876689
-0.09728405093148401 -0.08971808048937424 0.9912045598501161 28.91939098775925 0.07811189165140406 0.9921682241770784 0.09747177702259342 2.225993806734717 -0.9921866486790677 0.08690731250363816 -0.08951409507108504 13.863702909022043
-0.12457756530220115 -0.0836441991732941 0.988677944614946 29.777362264592398 0.07805564914184782 0.9925260298617429 0.09380509412570011 2.3085519541273785 -0.9891348471570601 0.08885790899827099 -0.1171175740358143 13.768989311568937
-0.14823295919533114 -0.07392970836795407 0.9861852706407781 30.6196394210747 0.08000116002837282 0.9930372838921973 0.08646830167247713 2.3901969458891386 -0.9857113188973281 0.09171341788766293 -0.14128639275263893 13.644710142806893
-0.17201918283501488 -0.06268494201093205 0.9830971461569096 31.43599006070451 0.07953707842758234 0.9938312967898673 0.07728652325066604 2.4646224921892403 -0.9818774128637335 0.09148743938955345 -0.1659722704007041 13.507576374178067
-0.19756340573042297 -0.05198586326167905 0.978910706212336 32.33539804437534 0.07831771651607826 0.9945638206398995 0.0686231881645944 2.534105854276718 -0.977156607712348 0.09022348194956861 -0.19241800152010824 13.341416161090773
-0.22152183174772339 -0.04364911956937489 0.97417802911991 33.1471202556493 0.08226893058780982 0.9945996846005389 0.06327156116650884 2.5896577853300013 -0.9716789084461348 0.09416061678497839 -0.21673457760034726 13.156223791702141
-0.24570807917391846 -0.0393376577988364 0.9685453466449392 33.95962303041511 0.08525493555713112 0.9944272166966478 0.06201698683512519 2.6403188146531695 -0.9655874563144518 0.09781134582378628 -0.24098507181219098 12.955274108120085
-0.26627012083626644 -0.03882163390711741 0.9631163499238407 34.729203747869136 0.08780135516660667 0.9940577932844284 0.06434303102434685 2.688296345732206 -0.9598912150763479 0.10169554735225345 -0.2612792966692504 12.746158890700459
-0.28683940101551086 -0.040721948547789 0.957112783809481 35.49492331165362 0.09051069754875275 0.9934748266635761 0.06939439757657548 2.7379795463938232 -0.9536933320802349 0.10653399313012182 -0.28128195223556385 12.514910659032857
-0.3038946193516849 -0.041832832022269735 0.9517867799534157 36.28240987695926 0.0960267044356809 0.9926027975024285 0.07428700038079193 2.7890926190566896 -0.9478538560159564 0.1139723675078743 -0.2976295803181081 12.256637021646092
-0.3191010912324231 -0.04145721687961204 0.9468134941702476 37.071896668735036 0.09749216877022981 0.9923066954171993 0.07630661346616469 2.8384693069335873 -0.9426928294003057 0.11665642459288064 -0.3126043953600968 11.994458345647583
-0.3335150931018456 -0.03853173720504552 0.9419569989661037 37.83128607372174 0.09862465598552989 0.9922558041898741 0.07550891525668922 2.887689195025128 -0.9375717892007006 0.11808354787804819 -0.3271321075888601 11.729734216475105
-0.34780442004476836 -0.036108109920803676 0.936871543913716 38.64636071310833 0.09866067606976606 0.9923005448302822 0.07487122095292834 2.9473755275051 -0.9323616017376409 0.11847292149462968 -0.341564064968416 11.42943482569159
-0.35955995240834254 -0.03426607476854132 0.9324926148469312 39.46473617497463 0.09797223868335825 0.9924157863022318 0.07424518533544064 3.0073202913470625 -0.9279644826562499 0.11805398433801201 -0.3534758488361531 11.115942266156527
-0.3741636547480119 -0.03392949140162687 0.9267417920212931 40.2557490669515 0.09786229248542688 0.9923059642218108 0.0758409195574492 3.0649474661348206 -0.922184651344354 0.11906999195032159 -0.3679644083900549 10.794988027866834
-0.3847565992276083 -0.03259453126716351 0.9224423862129709 41.04625318165433 0.0999223656490995 0.9920321368090529 0.07673174298263132 3.1204615525210317 -0.9175935266739264 0.12169566988820445 -0.37843398861171007 10.461741772593008
-0.3931767116416639 -0.029662648767674563 0.918984331036571 41.79887144587817 0.10340442044546018 0.9917123501089244 0.07625051130171624 3.1779449187619115 -0.9136299027806537 0.12500696744389983 -0.3868509517055546 10.134360154515468
-0.39941640312843396 -0.025413470655486582 0.9164173134665163 42.59379421115896 0.1069985598310993 0.9914918138355622 0.07413023196468405 3.2390827755308065 -0.9105041708339481 0.12766416335961286 -0.39329888925304 9.781689191553028
-0.40335046809794267 -0.022947814993703915 0.9147577808754542 43.381467434610734 0.1090933838969351 0.9913494068917286 0.07297250883266905 3.294117561040234 -0.9085191431527938 0.12922751735769267 -0.3973577925276925 9.434101948152277
-0.40572526593682107 -0.021379645063671883 0.9137449968987227 44.136548335810666 0.11336366673496576 0.9908297328614806 0.07351951810267945 3.347360749841532 -0.9069375323829635 0.1334142093429257 -0.3995809819054236 9.098342005949206
-0.4024172492993523 -0.020069691415725732 0.915236343767456 44.94354904364349 0.11611895795148855 0.9905654057117093 0.07277750072280381 3.402523566203436 -0.9080620821676257 0.13556321216935965 -0.39629013416400083 8.7428570681214
-0.397436631403469 -0.019634669597929075 0.9174195353100145 45.80027960647434 0.1174400317584293 0.9904610734571742 0.07207427354223961 3.464816964895553 -0.9100834923012515 0.13638673585009148 -0.39133961634993614 8.374691116549283
-0.3910952319034286 -0.01801595921793412 0.9201738666120993 46.6139492288066 0.12077866582037175 0.9901571650670413 0.07071988651752305 3.5188802401158625 -0.9123908337248106 0.13879558234993689 -0.38506980257491946 8.032630507444415
-0.3855810481742092 -0.016979639426509242 0.9225177218535286 47.44455149270693 0.12215614503860672 0.9900899414753122 0.06928047357459735 3.5781881170336156 -0.9145518747004927 0.1394044462503235 -0.3796857501243042 7.688960531732628
-0.37982433273879035 -0.016177437306563403 0.9249171675245977 48.30758556739218 0.12300242741351203 0.990085656184948 0.06782916973695371 3.635447277815557 -0.9168445228662907 0.1395302258975201 -0.3740687596566582 7.34575494955569
-0.3779432987101831 -0.016728643192555286 0.9256775980096966 49.187820718937516 0.12217421536287684 0.9901917807890788 0.06777682759039634 3.6904420995976337 -0.9177321635752617 0.13870973201145298 -0.372192539130999 6.997599080502245
-0.3784542222959265 -0.016120042776889366 0.9254796301633317 50.10399145566692 0.123682219293552 0.9900015276889103 0.06782096876516797 3.7463226213914456 -0.9173195246243304 0.1401325065589545 -0.3726764955675329 6.627524501218701
-0.3795717788300846 -0.016035261637635786 0.9250233159764017 50.967436440966644 0.12431959389095708 0.9898975205499996 0.06817284931518336 3.797963210052861 -0.9167714564113311 0.1408750126643322 -0.3737436655199274 6.283696110871245
-0.38224188236715234 -0.015448550145158182 0.9239331608199961 51.89231801713618 0.12712857005044137 0.9894736620851663 0.06913898116619972 3.8587229746272524 -0.9152756251760157 0.1438861158631458 -0.37625432305884715 5.907779940813396
-0.384819242155616 -0.014830014056728201 0.9228728089774098 52.835481678036324 0.1277528685822882 0.989391133707346 0.06916927865959792 3.9210606539918698 -0.914107956116658 0.1445173180776953 -0.378842169431884 5.511043598156707
-0.3871120402000861 -0.014273608547671728 0.9219221943478503 53.74347510448227 0.13069751049843423 0.9889344997021925 0.07019056951105562 3.9838546555291163 -0.9127225367446775 0.14766455024074834 -0.38096292670095716 5.1289216025395055
-0.38843048101732897 -0.013992953680681305 0.9213717809136205 54.688890142492085 0.13053307575103473 0.9889662234251733 0.07004944724353727 4.043178481747456 -0.9121857692113055 0.1474788329606686 -0.3823180825921502 4.737829886708033
-0.3897466171122148 -0.013365151792320201 0.9208251447300694 55.61375925462852 0.1326671913633242 0.9886500287627578 0.07050203517038088 4.104156183409562 -0.9113160762245732 0.1496412153952471 -0.38354988706774695 4.354726441707971
-0.3921854159474157 -0.012346426826576211 0.9198033296649717 56.55202154647378 0.1344302354174398 0.9884058815085266 0.07058558779924007 4.162781461935128 -0.9100105006667585 0.1513320162555449 -0.38597863869943266 3.964051078029703
-0.3943185372597964 -0.011122400691489558 0.9189065150362972 57.48454124618851 0.13569618480085838 0.9882609521999598 0.07019142246258064 4.219535471266609 -0.908900124658252 0.15236988731270734 -0.38818034576280014 3.570704208786645
-0.3960040559965989 -0.010653951734103079 0.9181869531564312 58.39492719771097 0.13800027828681058 0.9878854504642776 0.07098070127685845 4.277170463399831 -0.9078197567948197 0.1548187006580251 -0.38973639693972045 3.1849036284592542
-0.39696081029494845 -0.01079109805636154 0.9177721216580488 59.33188206688287 0.14025947916759673 0.987473226687468 0.07227658735078457 4.335662944164697 -0.9070553420787582 0.1574172124584192 -0.39047461841739284 2.780889287531159
-0.39636542069297365 -0.010757774909242415 0.9180298053755577 60.278287439915964 0.14448100489421783 0.986740891089564 0.0739435803605058 4.397845522196395 -0.9066530165965584 0.16194654714064036 -0.3895556742823616 2.3711703688222103
-0.39557538688543675 -0.010021378156874136 0.9183788353780123 61.173073548955614 0.14690609601136612 0.9863754839612147 0.07404055371875166 4.450884806770966 -0.9066083565934834 0.164204070047356 -0.3887136621405873 1.988568814998112
-0.39684020121629604 -0.008907726019966006 0.9178444896145334 62.10741682824955 0.14836791636669946 0.9861807165109965 0.07371943959948349 4.506808367631075 -0.9058172089840278 0.16543351171697662 -0.3900345332267071 1.5930099483780455
-0.3967712316280339 -0.00769335740132665 0.9178852880421762 63.03085593345706 0.1493746551977312 0.9860944741500173 0.07283474744488351 4.56096409138533 -0.9056819541853156 0.16600753086139347 -0.3901047264009648 1.2046922204208286
-0.39780094057048787 -0.004808899624216059 0.9174591468646653 63.95971489068195 0.14977368197316726 0.9862314495113775 0.07010971532453929 4.615563633114475 -0.9051642148634886 0.16530094518511262 -0.3916035516328633 0.8146328583873825
-0.39889641417802524 -0.0027534522347517354 0.9169918588824574 64.90898226445452 0.14825604351703933 0.9866458320446287 0.06745478240745084 4.672250298772737 -0.9049319291065973 0.16285705575673945 -0.3931612685319591 0.4083073475823069
-0.40184147664023007 -0.0010497787280258908 0.915708646686391 65.77602911590257 0.14838033702695988 0.9867091080390711 0.06624508809343202 4.722435515701713 -0.9036076046799103 0.1624931816334549 -0.3963448784673165 0.032963966542432055
-0.407962955694007 -0.0019601985415180073 0.9129963769934072 66.7084765468684 0.14917859647691767 0.9864154838888818 0.06877673660068655 4.772382116635774 -0.9007285790595226 0.16425787885499155 -0.40212855668240266 -0.3728196710752586
-0.41381061879281783 -0.0028149025010337364 0.9103586370756389 67.65385636207071 0.1511978524740552 0.985894175425595 0.07177662759645455 4.825974339347553 -0.8977193220497925 0.16734620158759494 -0.4075478715840201 -0.8014971079845572
-0.419359214468303 -0.0027323605325208777 0.9078162718559565 68.58797352470643 0.15193267440200706 0.9856801735490728 0.07315092563545154 4.886511418626157 -0.8950163750957753 0.1686034687608472 -0.41293892845338337 -1.2233642242045681
-0.424428363390024 0.0014926739194369154 0.9054602897281782 69.47984274745576 0.1574251073374492 0.9848903833267052 0.07216833384780832 4.942497241813687 -0.8916714080477509 0.1731724711238664 -0.4182503978659139 -1.6399340591850862
-0.4308345818971177 0.0038795558599939856 0.9024225795534291 70.33135548656142 0.15813371759031658 0.984842835152415 0.07126231409390926 5.000171193128666 -0.8884679456247151 0.17340570663989743 -0.42491783970800284 -2.0457103679641935
-0.4360581982366737 0.007228873972423014 0.8998894327258639 71.19333592471601 0.16115701887796285 0.9844301253174739 0.07018364220949946 5.054541108472426 -0.8853709183257344 0.17562765086544296 -0.43043381051508056 -2.463925651829556
-0.4392507158561426 0.009896867633595527 0.8983100025219075 72.05456431251874 0.16272814841832833 0.98427450009216 0.06872596438516693 5.108322673854522 -0.8835034568875262 0.17636825247014218 -0.43395377770958443 -2.881600546645466
-0.4422132053736123 0.01068722529671634 0.8968462879494195 72.89637480602312 0.16523451657766883 0.9837847850968273 0.0697499185901595 5.158936356055636 -0.881558299560806 0.179034297908102 -0.4368085217209179 -3.2986609361958634
-0.44472429411568504 0.006242718353152099 0.8956457618338117 73.7806412890311 0.16823593218267216 0.9827593419336531 0.07668602848472647 5.222100085713913 -0.8797255102280103 0.18478393953397618 -0.43810720416853544 -3.7325231670510677
-0.4455530763621461 0.0031203778899520362 0.8952500876213594 74.64395680370204 0.1725175150731314 0.9815506266578486 0.08243830602685112 5.277721250828971 -0.8784760458528278 0.19117696134578763 -0.43787122115226046 -4.159412908213962
-0.44716669422131516 0.0017296164628209931 0.8944489678042413 75.52392493915647 0.17454227423186178 0.9809424828170553 0.08536298911519513 5.3377012251041664 -0.8772553459997554 0.19429064267638546 -0.4389466984535214 -4.593326566703549
-0.4483936925265365 0.006245610170673002 0.8938143480924964 76.38589484042063 0.17584257343768606 0.9810505467647559 0.08135855246614265 5.401947848805868 -0.8763689210995734 0.19365127690301992 -0.440995121384126 -5.023881100562309
-0.44947055552002274 0.011299623579843682 0.8932236776012354 77.22173634579043 0.1769255920960171 0.981237648545568 0.07661600314711053 5.465290127714198 -0.8755989690389063 0.19247076553003606 -0.44303662358126333 -5.439356769227996
-0.4496748895957092 0.014762226463127082 0.8930703053718325 78.06953957781691 0.18159926550573283 0.9804907096829462 0.07523081146186714 5.526850409692551 -0.8745365632349886 0.19601031833881602 -0.4435828611092305 -5.872906366896067
-0.448080614288147 0.01579482312020375 0.8938536159023797 78.92959634162841 0.18539436100849874 0.9797499506873804 0.07562383906101858 5.5801292126075985 -0.8745585709404532 0.19960099621664687 -0.44193523089239534 -6.309180070441144
-0.44559591263526876 0.015955121105868803 0.8950920158024198 79.7350204830461 0.1885738425859256 0.9790808448171615 0.07642385232695532 5.637694263461197 -0.8751480952016755 0.20284509711257698 -0.4392831410858705 -6.7157634608036245
-0.44450654765198117 0.01393310118395684 0.8956672360792901 80.58662184582764 0.18865260238770404 0.9789096117233204 0.07839749797056898 5.696823226197806 -0.8756849460318843 0.20381815612721094 -0.437760247768159 -7.132092017495959
-0.4415594267587293 0.01164055633741265 0.897156491415326 81.44191854631124 0.1914522288860133 0.9781092463203546 0.08153739214130941 5.7585061813483405 -0.8765679190428315 0.20776621407433793 -0.4341219685688993 -7.545256454792844
-0.4395744823812545 0.009485222425232365 0.8981560582631484 82.30919838834735 0.1900792435717675 0.9782796595322094 0.08269697037212984 5.817852086109045 -0.8778634037265917 0.2070723021098865 -0.431829718866679 -7.955828475586792
-0.4377626759359913 0.007955567375197106 0.8990553645383021 83.1590570784023 0.18763642535241987 0.9787507065691698 0.08270203305431556 5.880083286988188 -0.8792931316906363 0.2048993980910877 -0.42995328260589416 -8.35638881004221
-0.4364419568103695 0.007675553100835383 0.8996996744581671 83.97100603729474 0.1900047426821524 0.9781980745174124 0.08382556154727458 5.934251254030691 -0.8794410816500584 0.20753219724906088 -0.42838507328238246 -8.749370095439314
-0.43407306784032956 0.009859440336248262 0.9008237137264654 84.8321920752833 0.19403221702923779 0.9774947324275212 0.08279822963788445 5.993737340633419 -0.8797340908083553 0.2107293038775221 -0.4262171863696858 -9.160998700143727
-0.4305889678354398 0.011818750429672481 0.9024707518344801 85.71969809281843 0.19636121967490747 0.9771892893968068 0.0808910631401667 6.0545833070061965 -0.8809287213992931 0.212041056935785 -0.42308767175062184 -9.579496813886658
-0.42451514752337605 0.01425259646412226 0.9053086506917061 86.5460244398749 0.2016201303070056 0.9762586020558518 0.07917363808074263 6.10976708400092 -0.8826869278391929 0.21613885677033 -0.4173101748290141 -9.965669444176529
-0.41843586669404975 0.01672315756156692 0.9080923749625753 87.39118471508274 0.2083004569400253 0.9749475002439918 0.07802750416723866 6.165412216030056 -0.8840375247140679 0.22180556298064932 -0.4114364436073463 -10.357078491862705
-0.41022782079494774 0.018152057219495962 0.9118024116356176 88.2278134067821 0.21046862111162007 0.9746972617149647 0.07528749917963015 6.218141066302656 -0.8873646908533162 0.22279082302475936 -0.4036683720614594 -10.73035714493369
-0.39974476473563764 0.01718028759598185 0.9164654716815955 89.05793686135755 0.21079657383553468 0.9747497937214407 0.0736725464417318 6.271742935904399 -0.8920588139386606 0.22263799621387295 -0.3932726727300307 -11.090290969259758
-0.39066858020036027 0.016727753908446275 0.9203794014934348 89.8922722120702 0.21577701869442123 0.9736426274166206 0.07389392587085512 6.320936095522438 -0.8948845392829079 0.2274647584274067 -0.383981047743218 -11.45124794035329
-0.3817981128972916 0.01644789830999692 0.9240993819006974 90.70711709439868 0.21879981473928845 0.9730292763069348 0.07307987766585045 6.370007446235775 -0.8979737424101665 0.23009453294415017 -0.3750995385908831 -11.789168241875057
-0.3698891253629434 0.016086386365464708 0.9289366302993644 91.5420744814512 0.22121017980254948 0.9726206572334799 0.0712398306738403 6.416531082273335 -0.9023569644491921 0.23184107767264775 -0.3633202766343008 -12.122656343562436
-0.35832054125064133 0.016986565516767804 0.9334440777624506 92.36190004347303 0.22473660229706016 0.972003124483301 0.06858123345838564 6.462403033018766 -0.9061456005001738 0.23435311516309132 -0.3521061886811056 -12.441472436080964
-0.3464109882370665 0.01919625988648009 0.9378864168090878 93.14921099165238 0.22823942716899975 0.9714716606176921 0.0644172065699141 6.504978838767564 -0.9098935053698242 0.23637748670944708 -0.3409098013591563 -12.733810547327154
-0.33462301010318685 0.025167136630062495 0.9420159533380134 93.96508131683976 0.23219162406711447 0.9710255510362666 0.05653696974361502 6.546928295109991 -0.9132986865328113 0.23764678510040568 -0.33077109110211445 -13.034236344907072
-0.3224616644387806 0.02823290276735871 0.9461613911847704 94.78742928911045 0.23302374544557566 0.9711621600833291 0.050438010277940926 6.583491857860642 -0.9174521290104933 0.23674239591507684 -0.31974150332808243 -13.314766796371567
-0.31037839037419074 0.028327691649273457 0.9501909264324461 95.62991631076957 0.23622482678007117 0.9705007814061701 0.04822929092096066 6.610785124912039 -0.9207948121060695 0.23942801668943625 -0.3079141744426703 -13.593628488603454
-0.29807244901364766 0.026167173278144037 0.9541845178903493 96.51005954736014 0.2392804057395989 0.9697557153197112 0.04815329722717235 6.6356149035846865 -0.9240658540212919 0.24267082982383167 -0.29531875284938075 -13.868406238106626
-0.2882319246625118 0.026946218759398663 0.9571814137873317 97.3287695086568 0.23934964750602677 0.9699007111604087 0.04477004276605431 6.659179327317275 -0.9271645505756166 0.24200518958300096 -0.28600591667098585 -14.112739987763751
-0.2838622886340454 0.03127416908144762 0.9583549068271668 98.18275867175885 0.23789772245588955 0.9705151839242357 0.03879370339124459 6.685054146375304 -0.928884747824908 0.23900251906783815 -0.28293271485900173 -14.365169654462667
-0.27941879048828805 0.03600375665029708 0.9594940693037808 99.01061478506536 0.2375611199091186 0.9708202643536465 0.03275253620471699 6.7060556539774145 -0.9303170716640579 0.23709015970170952 -0.279818516797996 -14.612221629210696
-0.2766955843733544 0.038337053031744436 0.9601925973226044 99.79604894164638 0.23784728213316747 0.9708460147550194 0.029777273484356645 6.719164873350164 -0.9310575835952111 0.2366184396853676 -0.27774716925777787 -14.839642144284397
-0.2726605816564945 0.03886313173748361 0.9613250564727296 100.61647184284261 0.23925698134452716 0.9705342369942527 0.028625018775333105 6.728839979572832 -0.9318864223115639 0.23780864537173282 -0.27392470516149997 -15.0768194987116
-0.26944833092698 0.039341573027845314 0.9622109111792279 101.43517264027533 0.24045362693640454 0.9702663498598791 0.027663398611078013 6.742534794003889 -0.9325125469685616 0.23882096005435055 -0.27089647244828635 -15.310527933306613
-0.266001171790939 0.03710272518234717 0.963258409976207 102.28312122916472 0.24220282573815086 0.9697761483274618 0.02952987198766152 6.7528168634462595 -0.9330493919457331 0.24115888936382993 -0.2669479767117589 -15.545280455731454
-0.26253028077698126 0.03347438041799734 0.9643429460159858 103.11750629926732 0.24338919147525456 0.9693803495721369 0.032610417605782704 6.764593496120889 -0.933723488591875 0.2432718720259966 -0.26263899773793276 -15.776125544126158
-0.26013279409401274 0.03192150631474247 0.9650450491409404 103.92502475873567 0.24405371604903267 0.969175019818479 0.03372780221877689 6.774649813305239 -0.9342209123753868 0.2442965378273885 -0.25990476810949675 -15.992853858138506
-0.25759839408421825 0.0316135559607382 0.9657347723079817 104.7426591569052 0.2447785227882139 0.9689976440424062 0.033571425675510067 6.788105716567465 -0.9347334069919893 0.24503907631188893 -0.2573505565048667 -16.208302922400243
-0.2541333492204596 0.032101064436826324 0.9666363134478316 105.57407814145762 0.2427249997261836 0.969579848007266 0.03161475677798438 6.806987029661555 -0.9362162225265679 0.24266116294172346 -0.2541943049673896 -16.432082752806114
-0.2501799861147773 0.034548080857864885 0.9675827637244518 106.37537784258446 0.24582943460214163 0.9688801582265171 0.028967707505958312 6.8199503868924705 -0.9364709625134147 0.24510746439877715 -0.25088735971587117 -16.642338579849433
-0.24639885575222154 0.03635952734726573 0.9684862356559745 107.24737245866751 0.24705316274673556 0.9686398000379814 0.026489102650236254 6.831299161881409 -0.9371511823931244 0.24579447217841005 -0.24765447459253764 -16.86921280927003
-0.24354183127489876 0.035256885229139584 0.9692493634061402 108.11020726833753 0.24846487853265106 0.9682586380341067 0.0272105495734995 6.839269348282793 -0.9375247093037195 0.24745133241968248 -0.24457157956046355 -17.08900476203659
-0.24057016627863326 0.032185114839181225 0.970097991689221 108.9692905599628 0.2506766482344846 0.9676040032623545 0.03006178472064358 6.850704217013672 -0.9377031583217557 0.25041288156453645 -0.24084471266762364 -17.303975045360765
-0.2359656955197702 0.029791870664136022 0.9713046046324513 109.7901807948245 0.25333411492950436 0.9668531050411602 0.03188886145900857 6.861675993386434 -0.9381588440934486 0.2535892697150227 -0.23569146258328 -17.501837257436453
-0.2326358920869145 0.03189699624347163 0.9720407004562974 110.6210027170895 0.2540437312625298 0.9667555878912852 0.029076036304607575 6.876343211142965 -0.9387983406031015 0.2537049761270348 -0.23300528056085712 -17.70112800034138
-0.2293474255009707 0.03430255228036287 0.9727399926615177 111.46364272403154 0.2555777498398988 0.9664340101918314 0.02617857389754394 6.888782607099004 -0.9391910200820974 0.254614687030399 -0.2304161212796561 -17.898172237859022
-0.22555327955683718 0.03429846809959791 0.9736268962837747 112.29506335857688 0.25602720651033734 0.9663392171653176 0.025270276904589578 6.900645615639911 -0.9399871209796805 0.2549747682700043 -0.2267423205711479 -18.085648559615667
-0.22094300786198534 0.03368978291424765 0.9747046659394267 113.12837733777563 0.2590439363636079 0.9655329067091625 0.025346500646099696 6.910773083708845 -0.940255511183075 0.25809146554844953 -0.22205487857939027 -18.275573090228832
-0.2144969207711711 0.032450055428713195 0.9761854664367624 113.97308136260664 0.26337979627216 0.9643467349400475 0.025815842541071138 6.9149507759508975 -0.9405435417328225 0.26264494800613114 -0.2153960941882076 -18.465826651522857
-0.2076255502577417 0.03192144571577886 0.977687400033152 114.82401163621513 0.2663020442215312 0.9635629607017275 0.025092668394468096 6.924836971511076 -0.9412623715647003 0.2655700323212988 -0.20856103617229355 -18.655060200126833
-0.20160525692245163 0.03195051469455032 0.9789455985865535 115.70217190391108 0.26879468254378613 0.9629002118372072 0.0239290760383018 6.9334645733144225 -0.9418623779605052 0.26795959892232807 -0.20271387305255556 -18.84484753234673
-0.19641185995820848 0.031452371739369 0.9800169027010329 116.580434343698 0.2681924051520673 0.963094555465654 0.022840994968781253 6.942181676498979 -0.9431305397910231 0.2673193325301839 -0.19759848017915144 -19.024766000911402
-0.1915291231731419 0.031161735726463455 0.9809921208669528 117.40312179052509 0.2695888869405916 0.9627229554162731 0.022053189172767232 6.942657121103558 -0.9437364181881829 0.2686884019474436 -0.19279034115916865 -19.189210511673906
-0.18699632224548024 0.03148662851165861 0.9818558792876038 118.24384252231647 0.2712417045496965 0.962286506915175 0.020799430808711064 6.9459978398803415 -0.944171760422668 0.270209679386139 -0.188484524527613 -19.360348997377287
-0.184203707077986 0.031130503866572026 0.9823949745533825 119.1042540185004 0.27412822684258 0.9614652994783539 0.020933063491577475 6.945960653724966 -0.9438870216010339 0.27315814032902763 -0.1856392222164182 -19.52727830156492
-0.181056024251197 0.0318991187051466 0.9829553206062752 119.9710798090468 0.2768614228126502 0.9607054368533177 0.019819590274060717 6.946764728583069 -0.9436982932275045 0.2757308648416272 -0.18277314226434754 -19.693410610611128
-0.17804310979288812 0.03264653052226202 0.9834809886826164 120.84402102946373 0.2819016506923533 0.959251347613814 0.01919144179075813 6.947692983835576 -0.9427789297561777 0.28066181811201296 -0.1799912038457861 -19.86111706544214
-0.17425714056855945 0.03029992916706148 0.9842338966187563 121.6771734557732 0.2846271710603693 0.9584107004649286 0.02088786079272828 6.946305125312653 -0.942667397577237 0.28377956855065545 -0.1756340912754789 -20.018479701134797
-0.17125561097315878 0.029913511361757905 0.9847724090104375 122.56333382431029 0.2863450055308358 0.9579029612477575 0.020699145883902814 6.948733747484557 -0.942697222610609 0.2855295057796785 -0.17261184145781205 -20.18021125204988
-0.16801971809900546 0.03028182831397566 0.9853184181795717 123.43169821939333 0.28902006729139196 0.9571168173783946 0.01986953935881458 6.947004406388015 -0.9424631425328046 0.28811526992753284 -0.16956655390074687 -20.336538848521894
-0.16432661891272166 0.03238427444472791 0.9858742420234957 124.29485306485869 0.29220671695282974 0.9561987701050276 0.017295855494362633 6.95033190790238 -0.9421316239700069 0.29092124504463673 -0.16659181341625534 -20.491486791462158
-0.1633423622128895 0.03196002698380404 0.9860516362655191 125.18068393970164 0.29191148457014215 0.9562877662637483 0.017360681736222766 6.949102783270193 -0.9423942688083203 0.29067553176950633 -0.1655318016205522 -20.641697729409035
