1.0 0.0 0.0 0.0 0.0 1.0 0.0 0.0 0.0 0.0 1.0 0.0
0.9998487555936484 -0.0008232607337267553 0.01737205168071519 0.008952189236879349 0.000833138807218272 0.9999994953608469 -0.0005613891517278988 0.00570590328425169 -0.017371580744452778 0.0005757775751751186 0.9998489369212847 0.17492978274822235
0.9991962916920203 -0.0003131200502371868 0.04008332102944254 0.024134878563602875 0.00033489563606150006 0.9999997999823745 -0.000536544614979287 0.013109011864208337 -0.04008314500919505 0.0005495371189062389 0.999196196697689 0.39663335981569536
0.9978810315724578 -0.0011443917562915602 0.0650548783366452 0.05039645797043468 0.0011150857175685513 0.9999992598097032 0.00048678936760116604 0.017486078580108408 -0.06505538726139481 -0.00041321611060900307 0.9978815690455035 0.6194073635374633
0.9957434769713817 -0.0025780224605289597 0.09213187216776088 0.09159034788687859 0.0024886882655055717 0.9999963151285697 0.0010845091053106489 0.022221977213309815 -0.09213432856248945 -0.0008506053581861819 0.9957462236789372 0.8899849953716268
0.9923568051837516 -0.006250993541193914 0.12324324032272949 0.15247572829604894 0.006089288093065666 0.9999800342129515 0.0016887113383657365 0.02681760360459506 -0.12325133579810707 -0.0009253405927701723 0.9923750560996432 1.1868231994635179
0.9873721686102047 -0.009814734094531954 0.15811347712524518 0.2285780448224743 0.009535707350674036 0.9999513504884242 0.002523279948670584 0.03270182606460257 -0.1581305503035517 -0.000983692548865689 0.9874177238685082 1.5028036981270334
0.9804880382132704 -0.01190738601243252 0.19621778991478708 0.3146837354034785 0.011349840623554333 0.9999277245275877 0.003965707868787724 0.04531296340223415 -0.1962508293957315 -0.0016612884853557048 0.9805523199105981 1.8195654432304464
0.9714753539158677 -0.014615007511429018 0.23668975112894286 0.41529120899712946 0.013647230202969146 0.9998904728210689 0.005726732877196033 0.05073742327811468 -0.23674752341223593 -0.0023332203283154915 0.9715684053328787 2.173487325751145
0.9604950960392002 -0.018652426384275195 0.2776711318711887 0.5371323432014254 0.016445663935623044 0.9998119694365316 0.010274527198891225 0.05782989015914543 -0.2778105660740146 -0.005302146869278762 0.960621245140983 2.5336411791286535
0.9476455708027435 -0.02505738643313192 0.318339440728106 0.6826633267729572 0.02151902998258136 0.9996614274422323 0.01462743425100357 0.0661718069351144 -0.31859818500197296 -0.007011267310505585 0.9478639346679192 2.878078254140351
0.9335262504552803 -0.030370051259279225 0.35722037973415577 0.838576666953225 0.025391907808992017 0.9995041745175056 0.018618704033838786 0.07355582951488115 -0.3576087117629062 -0.008310542015343316 0.9338345378934568 3.207833845061704
0.9152464157289277 -0.033792089651214205 0.4014748973128396 1.015642232749982 0.02695963750031449 0.999379715451086 0.022657499658131432 0.08023558043029969 -0.40199151289697943 -0.009913577654454064 0.915589725006177 3.556766946866237
0.8944826151124808 -0.036893686643594235 0.4455779473306346 1.2239368800804957 0.027671703476057373 0.9992472806604432 0.027187293345287734 0.09058744901440055 -0.4462455916737673 -0.011988660415319489 0.8948302319061284 3.9172794951464374
0.8720741623274934 -0.042676550274328165 0.4875093511487587 1.461717384256012 0.031145291790745072 0.9990107964381553 0.03173955575102119 0.10763813289373393 -0.48838163990886296 -0.012495625501973685 0.8725406770708425 4.2732687914301035
0.8467114875969283 -0.04740897505818324 0.5299358884387143 1.712683664873746 0.0341910363016206 0.9988118234033467 0.03472627918886507 0.12011176079753699 -0.5309525683222732 -0.01128408231157055 0.847326406810485 4.6169635564271285
0.8188682003968858 -0.052257202569487675 0.5715978089167043 1.9729425224954267 0.03763242156724444 0.9985921912628387 0.037382300569486826 0.1350979806658969 -0.5727466029805423 -0.009100567481964503 0.8196819556668034 4.926623545388056
0.7887778334838568 -0.05623543265636473 0.6121005681409426 2.2439897173482835 0.03976925854149091 0.9983887298323184 0.04047653911675088 0.14901797802820926 -0.6133905244455389 -0.007584211083644717 0.7897433407523393 5.213059327575171
0.7547963108613381 -0.05976334031808686 0.6532311017275118 2.546100970194083 0.041586457257384746 0.9981974460358902 0.04327152990368837 0.16791070934115712 -0.6546396685833314 -0.005495623845444539 0.7559210953767962 5.514224083276946
0.7180007929471621 -0.0615757039699897 0.6933132726321101 2.883054113516979 0.039916312775170305 0.9980825894808014 0.04730573485036205 0.19606907229094836 -0.6948967903952941 -0.006291045691947925 0.7190819657329898 5.8270849479908655
0.6827288108407567 -0.06517395560297046 0.7277593876818274 3.2380240127244595 0.04093258768846276 0.9978613671058525 0.050962881617560185 0.22152909915938673 -0.7295244301002486 -0.005004752611386758 0.683936443200833 6.127370537264782
0.6484694318607562 -0.06810418701489034 0.7581881136322497 3.604738856387784 0.042130108699787984 0.9976742737387966 0.05358262274944277 0.24407282355931043 -0.7600739765859192 -0.0028041452897265007 0.6498305062753379 6.4102856120041745
0.614353406932548 -0.07218920981820431 0.7857217124250765 4.0034943739694135 0.04355749198814215 0.997390292653231 0.057579067488154764 0.2659582109311141 -0.7878277960836836 -0.0011498290854823935 0.6158945052612502 6.6911376332029056
0.5783894994422671 -0.07359767254419214 0.8124339785674904 4.4123808934465885 0.04382596698474717 0.9972870337265265 0.059142683222844536 0.29242656248747134 -0.8145826364174328 0.0013981977770520064 0.5800458374044251 6.95667162050438
0.5450300085133561 -0.0750697572878706 0.8350489933894127 4.854775696122758 0.04465806468591732 0.9971689294309644 0.06049614397639873 0.3266596605628862 -0.8372263416056853 0.00431945809621272 0.5468394601739305 7.225105286776017
0.5125067151215764 -0.07580091217896175 0.8553309819409846 5.357022348615236 0.046789943493052835 0.9970814202772145 0.06032696350629692 0.36253176345929444 -0.8574074691435855 0.009102914413004606 0.5145576438126065 7.508123268412763
0.483713877701765 -0.07455037335885106 0.8720453694337112 5.877473431771744 0.0487882509560252 0.9971132297020897 0.058180011358883205 0.4016356389293863 -0.8738653163316267 0.014403089429833486 0.48595468917122553 7.78020002526086
0.45884457696638925 -0.0745996287632227 0.8853793252481812 6.407498253120678 0.05130656875539498 0.9970310171312378 0.05741765304152828 0.4421816458131094 -0.8870339848005167 0.019079996505208058 0.4613097262602188 8.047012026216501
0.4376702099894476 -0.07493427737845525 0.896007612334606 6.97507908829261 0.054713772982414824 0.9968940124586658 0.056645661529286684 0.4823479298439323 -0.8974693255670757 0.024231838515277104 0.4404107488110933 8.317005313775963
0.4233386648046113 -0.07681831201454524 0.9027088798835896 7.585148834351232 0.05820501662905929 0.9966464159720729 0.05751606357560175 0.5226202535669985 -0.9040998567197431 0.028193411805911422 0.42639017414814145 8.600415017022195
0.4137221332097273 -0.07840582613715123 0.9070206849461281 8.20297770575722 0.05976575462731444 0.9964745404011561 0.058877371766511484 0.5607103411412088 -0.9084393491401724 0.029849903853365674 0.41694955591021376 8.885229357361938
0.4041413572448812 -0.08017595122861708 0.91117593263258 8.842502583959117 0.060933430137837405 0.9962981203043626 0.060639694669672464 0.6028831492541576 -0.9126647141507679 0.031014066527629534 0.4075306702832526 9.170759766687969
0.395459098210936 -0.08175201644189746 0.9148380782684318 9.47113515422264 0.06095734986710487 0.9961710092924674 0.06266994289455335 0.6415491049869143 -0.916458565969773 0.030982705706747722 0.3989282752672671 9.448946889961421
0.3851201295860291 -0.08310542934668054 0.9191169530591545 10.193657748865867 0.06165804029848303 0.9960288769260552 0.06422431312183653 0.685167131412348 -0.9208044156356934 0.03193687433868489 0.3887148880648698 9.757367482776372
0.3721342053920929 -0.08467695278243151 0.9243083613408879 10.933839451321584 0.062131359389117034 0.9958688959881987 0.06621809559105821 0.7346343494002717 -0.9260970939149177 0.03278651659948047 0.37585797446856967 10.060654173645045
0.36243433474800746 -0.08554361410203187 0.9280752356798084 11.651287141284307 0.06208728647290501 0.9957830045517864 0.06753796491047484 0.783290173533134 -0.9299389882428851 0.03314359564349888 0.3662171216827792 10.343152137523326
0.35074837313284074 -0.0866682456226628 0.9324506388787318 12.416154090665035 0.06214854095994588 0.9956673987735698 0.06916639267753502 0.8359459099863927 -0.9344052320065505 0.03369044701636994 0.35461502531424377 10.630085557582852
0.34003167824393526 -0.08955086386554684 0.9361405346269047 13.196712182174686 0.06283588845747531 0.995394674703054 0.07239539139034268 0.8891326973498244 -0.9383123727801805 0.034206495782752734 0.34409272984748157 10.91824098985649
0.33019157453059317 -0.09210808119813366 0.9394091895904606 13.95837182730532 0.062142129525906 0.9951897091176156 0.07573505532038269 0.9418732059947702 -0.9418661687559404 0.03336981037395805 0.3343270493223856 11.190693384440598
0.31871780977456854 -0.09526750569381884 0.9430498714762545 14.786526533922368 0.06249743711514385 0.994883209381161 0.07938179920787677 0.9967656523910375 -0.9457869887488095 0.03363780685953264 0.3230409724216732 11.47538738415469
0.3083378764388008 -0.09770019349466283 0.946246493332639 15.609736845979945 0.06341530869863951 0.9946102924267346 0.08202965818203499 1.0524045510736282 -0.9491608149180343 0.03471366287084507 0.3128717133814149 11.742034134108025
0.29473945608395163 -0.09740768919806872 0.9506000184685612 16.415462186501262 0.0617921287645572 0.9946517387486971 0.08276262095256692 1.1109129045474542 -0.9535776768832631 0.034346188861157964 0.29918214094533274 11.998055261500685
0.2806358726495886 -0.09656606421588661 0.9549442403743043 17.238738785234375 0.060877637261134335 0.9947135777279685 0.08269710735646292 1.1726707917602694 -0.9578817360528937 0.034926974181538686 0.28503102675115305 12.248118457253737
0.26685874209771093 -0.09568302130604518 0.9589740200859324 18.02237633671044 0.06057667166738119 0.9947569114790433 0.0823963222139022 1.234053900695406 -0.9618299634632567 0.03610327545281452 0.2712557370561008 12.47530904819543
0.24866408714474214 -0.09511492915911789 0.963908357685277 18.88465735631726 0.05937876411331526 0.9947919400550711 0.08284418129140445 1.2990942122958609 -0.9667679836118112 0.036635314281766564 0.2530168366149353 12.711508989067797
0.22768673656724026 -0.09425941211650818 0.969161448479463 19.73220366799831 0.057075320547574554 0.9948843088374425 0.08335238336986048 1.3631769345799203 -0.9720602644773378 0.036336968179731956 0.23190184770232725 12.922413447650927
0.20205423230765412 -0.09405624630736911 0.9748474289534399 20.5525636705826 0.05464714264571441 0.9949097794993873 0.08466534389666014 1.4246067218265672 -0.9778485450248537 0.03616563544372337 0.2061656368208054 13.100962848363677
0.17244166809767397 -0.0935992928873413 0.9805626157847755 21.398038671471078 0.052034072786032545 0.9949507723003294 0.08582200165619683 1.4884112368716387 -0.9836444105330897 0.03622337739593155 0.17644132326935885 13.264042068790737
0.14157869553503866 -0.09296084759077314 0.985552511937239 22.246015562269452 0.05002984532873292 0.9949806596117832 0.08666315004016267 1.5540540932509894 -0.9886619682919839 0.03703738400192071 0.1455188806970229 13.401584417484663
0.10812056185141622 -0.09221977085716472 0.989851230219969 23.12916822464119 0.04722273107552631 0.9950406328379158 0.08754514647476803 1.6247143839600937 -0.9930155878810275 0.03727804802524004 0.1119392217264587 13.506285129996831
0.07464935586884147 -0.09065723356091374 0.9930804296085235 23.983918057188575 0.04577125916750179 0.9951209591656006 0.0874029087820135 1.6936575763504729 -0.9961588555559745 0.03892997087614532 0.07843463434602105 13.581975567121516
0.04226050107452001 -0.08823018423596987 0.9952032378557747 24.803157374595962 0.04277485481340701 0.9953395804572754 0.08642587211493653 1.7599598561275307 -0.9981905438565439 0.03891727334773372 0.04583758273028077 13.62378470390003
0.012355446079022114 -0.08496234111852222 0.9963075546957618 25.64860566728745 0.04232021280606039 0.9955352444649253 0.08437165765949795 1.8270859681170104 -0.9990276985850985 0.041121498268200635 0.01589590638938948 13.642132627025477
-0.015982919676623353 -0.0822009707567377 0.996487604882901 26.496307861900426 0.04198327324834851 0.995680808969091 0.08280779805073438 1.8949696575618764 -0.998990465943477 0.043159321789234116 -0.012462820576748634 13.636097946093637
-0.04543764681619178 -0.07830028417526477 0.9958938124869939 27.34627945939394 0.042472643905483456 0.9958705815627037 0.0802362717082517 1.9643397223405945 -0.9980638730920407 0.04594399064116194 -0.041924395672207404 13.600211835811447
-0.07496124753304473 -0.07537589731977806 0.9943335886268392 28.174145258233565 0.042564674746512474 0.9959884279498419 0.07871022712282416 2.0277285935190874 -0.9962776017917965 0.04822370260817013 -0.07145218453445329 13.543756430344901
-0.10334495067714566 -0.07194116917832741 0.9920404675953466 28.981443188878856 0.04374374336677204 0.9960871128400146 0.07679159166410332 2.0876163818932914 -0.993683202074887 0.051331586876889636 -0.09979359750454952 13.45729923079089
-0.12939082629888676 -0.06530433002455344 0.9894409323197295 29.83992133121282 0.04521895517576454 0.9964023446114969 0.07167714939591283 2.151913914546981 -0.9905620930373338 0.05401585075471844 -0.12597232912326617 13.34584020909695
-0.15344920466312573 -0.055920033256786565 0.9865730036184925 30.701133793965777 0.045363576734140064 0.9969462355946328 0.06356374154796815 2.2147624632603677 -0.9871147286380342 0.05450828573942672 -0.15044387422427374 13.207989469543891
-0.17618972574046454 -0.04425633693600088 0.9833608479009661 31.532813693272832 0.045717367043637325 0.9975428899254227 0.053085827768184095 2.269948909907873 -0.9832940063348792 0.05430984625501278 -0.17373352499060069 13.065096456731181
-0.199398021012897 -0.03273963490422469 0.9793715053658028 32.36430611421048 0.04580042904957877 0.9980380810379932 0.04268851715479403 2.312301202524 -0.978847664304827 0.05336764098532663 -0.19750732892894513 12.899994279050185
-0.22286481688962007 -0.02452493354680503 0.9745408154753095 33.19421386409991 0.04948793239021966 0.9981099201006387 0.0364353117790651 2.34515514135249 -0.973592429069011 0.0563481590757092 -0.22122989632570328 12.710562563115834
-0.24704781495977646 -0.02086926146907415 0.9687785356051897 33.99104027564009 0.051689824198768095 0.9980607991010365 0.03468145573791476 2.3718431324779585 -0.9676236557659701 0.05864397005264829 -0.24549001115842495 12.506005592289041
-0.26953327683619027 -0.020401843092617566 0.9627749360449566 34.79554278966594 0.05390159248676879 0.9978885590065933 0.03623592321351154 2.3955103271527145 -0.9614813731972848 0.06166188938209246 -0.2678644813940337 12.281975889891646
-0.2920771926953647 -0.02243232379778484 0.9561316354750669 35.59053617834097 0.05612839841122505 0.9975997200233505 0.040551220710646534 2.4244352666249243 -0.9547463099687716 0.06551022407505652 -0.2901170352506903 12.042575948065975
-0.30887460030967306 -0.023484915695888484 0.9508127786364131 36.37712180215829 0.06004113618338601 0.9972196852216755 0.044135715380977936 2.4538726654387055 -0.9492057433714505 0.07072028097469359 -0.3066057706722308 11.782602958163896
-0.324944012699405 -0.02243899449548643 0.9454670169481537 37.171810737394054 0.06181703820021456 0.9970766211696015 0.04490952354639507 2.481531002232607 -0.94371078323762 0.07303905149331096 -0.322606966071713 11.50777848597384
-0.337151671520809 -0.019330384500489243 0.9412518720437096 37.960595173094305 0.06369166870657866 0.997030266838312 0.043289933537673075 2.509759476546783 -0.9392934162060843 0.07454517585590613 -0.3349192365757992 11.228585666740258
-0.3477460076499492 -0.016301020576366388 0.937447060314176 38.76697527077394 0.06556771635807226 0.9969781546604568 0.041658536957237535 2.5415204111379346 -0.9352933169520186 0.07595285286280577 -0.3456263523038891 10.935419576604474
-0.35958026303956875 -0.014718281972015232 0.9329980742789273 39.600177186395534 0.06350462944667842 0.9971713389743708 0.04020550667384264 2.567830472572086 -0.9309506949732808 0.0737068036469673 -0.3576284533211988 10.61959533821406
-0.3723561243865476 -0.01552815525385495 0.9279600169329724 40.392390838481255 0.06271728582925629 0.9971534184323794 0.0418521465020843 2.5948762085347137 -0.9259683896818732 0.07378303668888084 -0.37032229855482107 10.302669847833627
-0.3832577444578891 -0.01417057538192364 0.9235327260613977 41.18727637397477 0.06489386383355726 0.9969982780489894 0.04222818968534863 2.6207387580522257 -0.9213589353502809 0.0761158877022089 -0.3811877278841774 9.97098993213187
-0.393149640954138 -0.011251505440676803 0.9194056577175013 41.95346698484297 0.06935745907035085 0.9967134199456236 0.04185572089457133 2.6494474083973603 -0.9168548972923346 0.0802232019157679 -0.3910771473577111 9.633571997246744
-0.39977807175934044 -0.008469759083669277 0.916572832087799 42.764712261755996 0.07075207539456202 0.9966887975362991 0.04006974785307173 2.6824745715077194 -0.9138772549788874 0.08086843665306716 -0.3978550725899357 9.273323459382208
-0.40236204470714976 -0.006387454167162437 0.9154583471727941 43.54370557645452 0.07216565364414738 0.9966426563066701 0.03867213549957689 2.7056823107261567 -0.9126318553574572 0.0816248495205172 -0.40055022222882164 8.925726181940954
-0.4034050876429812 -0.005159352962159872 0.9150069487937076 44.3107430948266 0.07552531179417818 0.9963842169255629 0.038915543681478815 2.7343616065550576 -0.9118992611808341 0.08480491341098562 -0.4015568006138165 8.581569231065613
-0.40105226967175167 -0.004395450532323049 0.9160446260994901 45.14834793679726 0.0769773767768537 0.9962899329222633 0.03848185315582809 2.7623081354951764 -0.9128151841723993 0.08594794687699245 -0.3992259885978603 8.218296624059866
-0.39586245486475163 -0.00401506668490631 0.9183010378236368 45.99371301864433 0.07811567092246882 0.9962186831206714 0.03802995342684316 2.792747173300964 -0.9149813434080419 0.08678833240033511 -0.39405193385438914 7.856897893283185
-0.38890544703325775 -0.0033324542754556014 0.921271647244375 46.80418186973573 0.07920701155746984 0.9961698156681906 0.03703981198303164 2.815282870709868 -0.9178664404955642 0.08737615864814322 -0.38715191373916474 7.519340803974011
-0.3838930062978465 -0.0028795019927295162 0.92337309262501 47.63264608461363 0.0788294402827878 0.9962422070852393 0.03588013610110021 2.84493147485585 -0.9200065646832657 0.08656311737804356 -0.38222342634837436 7.181274237007525
-0.37881591234809947 -0.0025123611726603212 0.9254686340407305 48.51330737088744 0.07875375924094444 0.996281595469144 0.03494034823634072 2.8744696787366153 -0.9221151500530163 0.0861200938851991 -0.37720946365634594 6.829049331098294
-0.3771852213183938 -0.0033183979611609155 0.9261319004623294 49.42789817020179 0.07664103571380572 0.9964518207982356 0.034783911117015905 2.9034890360225907 -0.9229612453747502 0.08409968527201911 -0.37559257510424493 6.47052293916393
-0.37740637720137976 -0.004156089508065237 0.9260384189480104 50.34673089396382 0.075394837370833 0.9965322912868877 0.035199586934102065 2.9295132197382214 -0.9229734800878926 0.08310306457951304 -0.3757842941262152 6.10192072364023
-0.3783681224451715 -0.0047001234511194895 0.9256432751102665 51.257713089010664 0.07580773835712144 0.9964706681702152 0.03604711197285326 2.9520338808326416 -0.922545798712722 0.08381000128832738 -0.3766764300584212 5.738827092350581
-0.38030541568228304 -0.0038611034350545595 0.9248528978615949 52.18912358338137 0.0776149536750945 0.9963305141959196 0.03607527474750097 2.9846949031763987 -0.9215984536492772 0.0855020371825055 -0.3786102109939754 5.3568337721862225
-0.3814611107474235 -0.0038575087953452852 0.9243768390722671 53.13521713493997 0.07666620807807466 0.9964140453668232 0.035795848008559505 3.009482119624577 -0.9212001484619243 0.08452319102835841 -0.37979746793799496 4.9708516874616
-0.3841035366866784 -0.003945245026135594 0.9232815974265216 54.0260744206204 0.07694002119820839 0.9963759323252118 0.03626616358376177 3.0393430044112324 -0.9200786413360571 0.0849672673724928 -0.3824079722396575 4.603531690056609
-0.3875131213811774 -0.003638702177344605 0.921857006592607 54.96757968575133 0.07629071605512436 0.9964354112549465 0.03600274768656204 3.060305781965143 -0.9187019687587556 0.08428066826770209 -0.38585419727552056 4.2124676746183285
-0.3895209105503053 -0.0030990164986902796 0.9210124083533305 55.885239815643565 0.07642133309322915 0.9964372460848447 0.03567344198566402 3.085270365056748 -0.9178416203748417 0.08428054764648639 -0.38789631242909955 3.8314712305814522
-0.3907839775413336 -0.003041448585954329 0.9204773937949119 56.83879103121447 0.07744748004372719 0.9963400377734168 0.036172046728694424 3.1107036211284163 -0.9172184967235729 0.08542411088308365 -0.3891181704161136 3.430970647379871
-0.39034151242822307 -0.001070196880362917 0.9206695163596353 57.77689516537057 0.08060432062104168 0.9961197623231297 0.03533217523068961 3.1320391444039886 -0.9171349121980189 0.0880015555995978 -0.38874063209238013 3.0328276144631285
-0.38930360965666544 -0.0012368355353275934 0.9211086633759067 58.69191701180135 0.08136962043231658 0.9960434179025414 0.03572806353169017 3.1511090302330604 -0.9175084110671639 0.08885932641474563 -0.38766265712617487 2.649650114983393
-0.3891813041212165 -0.002911229751006654 0.9211565758674506 59.62701092929758 0.08227229566408925 0.9958887205441009 0.03790680228131056 3.171803243391561 -0.9174797991719873 0.0905382849095925 -0.387341757466142 2.2538248965583594
-0.3875336089965463 -0.0035677064209156603 0.9218486716207853 60.575456380439746 0.08434013950425145 0.9956613633638614 0.039308909585750486 3.1935307512849094 -0.9179893478502438 0.09298236916379074 -0.3855513406255685 1.8558719181581165
-0.38647830981185866 -0.003634863131873084 0.922291333481445 61.49471595668945 0.08608431969979992 0.9954847019277344 0.03999622644291635 3.210722093965034 -0.91827229401022 0.09485249600228214 -0.3844203403246835 1.472888029410614
-0.38563812423567895 -0.002430188169999549 0.9226469158467098 62.4237655893766 0.08904372232247962 0.9952306649140239 0.03983891476618284 3.235265510982011 -0.9183433195983647 0.09751932013836248 -0.3835824937986709 1.0872814251740393
-0.3845716316745474 -0.0005074169888502483 0.9230950127907614 63.35729323403303 0.08922146045368644 0.9952973936452627 0.037717757057632674 3.2521302432314068 -0.9187731989482976 0.09686506455346405 -0.3827178701907786 0.7080355438318006
-0.38567464347411895 0.0016122431994578593 0.9226334429517377 64.2981230408692 0.0885410966531352 0.9954478179691698 0.03527202721533233 3.274152857714851 -0.9183765804856806 0.0952945033686874 -0.38406173207330063 0.32322082415742953
-0.3884391859544719 0.0038940783987475164 0.921466133381174 65.23768638598932 0.08668315732615917 0.9957111065994697 0.03233299290860667 3.296108004709727 -0.917388156153651 0.09243499525549875 -0.3871107627038034 -0.06068055882575518
-0.39198728460199883 0.005092544063546353 0.9199565395741868 66.16597837787862 0.08550500332398277 0.9958578328611778 0.030920399991010303 3.3171069834178604 -0.9159884623274014 0.09078129060549432 -0.3907990457499654 -0.44812404690921676
-0.39764055808329096 0.004428550475838011 0.9175305850531046 67.11194666032415 0.0862169152754325 0.9957442302337205 0.032558738867543346 3.3345598756302475 -0.913481598111094 0.09205333180791958 -0.39633010737952185 -0.8504513253788599
-0.4018073577815701 0.002787894368593828 0.9157199762359577 68.02632613302919 0.08870234106491098 0.9954113356825056 0.035891050198820884 3.3480657056328873 -0.9114179841994549 0.095647793700428 -0.4002108914535471 -1.2531363041559374
-0.40710719151601094 0.00134010745519645 0.9133794056841629 68.95372425454325 0.08658798802897344 0.9955519406075493 0.03713292180312398 3.370658108882922 -0.9092668777344968 0.09420476455334463 -0.405412391757342 -1.6527937233435501
-0.41113437585056145 0.003930579927832661 0.9115662759971984 69.87290882387701 0.08784906660146365 0.9955071036876586 0.035329138181694426 3.3883800138786038 -0.907331839235911 0.09460526966739524 -0.40963248950728826 -2.063655450319126
-0.4159538745608955 0.0059917771026096744 0.9093659729970832 70.72467129049181 0.08791597990592852 0.9955592333992884 0.03365402309683019 3.4114417356788995 -0.9051260435513716 0.09394632191083507 -0.41463349344266254 -2.4501987060333956
-0.42101325949320106 0.008517823545224311 0.9070144883148027 71.61327385936971 0.08870164786906165 0.9955497290679407 0.03182380583876295 3.426966971790415 -0.9027069585398265 0.0938519239802931 -0.4198951814071861 -2.860839535736756
-0.4257045780145087 0.010737255290747386 0.9047984988970255 72.50844437953121 0.08968823661914815 0.99550631001679 0.030384320444975126 3.4445093928955184 -0.9004063707402548 0.0940845261750122 -0.42475459910963503 -3.2810430089978753
-0.4297149163982993 0.011444922683544655 0.9028920779193771 73.37852671769028 0.09196878277708398 0.9952743916736694 0.03115490768898152 3.4560713884139913 -0.8982687980884699 0.09642561393828458 -0.4287368276196025 -3.6956006252555094
-0.4322764570369819 0.006779766607547519 0.9017156422377852 74.30249599493978 0.09387675797265116 0.9948764387243645 0.03752367231055983 3.474818808059694 -0.8968412451510572 0.10087074122793577 -0.43069812463026613 -4.1369462991594235
-0.43289637993501523 0.0017308623760487057 0.9014420271734582 75.22134075498117 0.0970155794153039 0.9942794601968774 0.044680335510361185 3.4936309196195716 -0.8962079566651211 0.10679587607225646 -0.43058789957926985 -4.578421144070231
-0.43392794018673453 7.634556061509451e-05 0.9009475772189266 76.12311388722404 0.09736961861083912 0.9941467490032505 0.04681237889541995 3.517664899810417 -0.8956705309972401 0.10803812113149691 -0.43139548477643863 -5.009851120461544
-0.43600870320247576 0.004163976915827171 0.8999328152856412 77.00297508509868 0.09807041121282764 0.9942537922706549 0.04291376236090686 3.5452669598382704 -0.8945829224707134 0.10696755513549872 -0.4339116695504879 -5.431542486011428
-0.4356528406984803 0.008365762783790143 0.9000758948024271 77.84080154146524 0.09887793386180438 0.9943499912182348 0.03861669534692469 3.572062502879871 -0.894667399979772 0.10582111782315431 -0.434018587661972 -5.832101906644163
-0.43536560280298214 0.011061671766755786 0.9001857760005545 78.71402646928202 0.10161503713398592 0.9941381399294771 0.036928890665954846 3.597937669054044 -0.894500517676907 0.10754997980141115 -0.43393758274717514 -6.257676389212607
-0.43424762619119517 0.011642991540785796 0.9007182910851168 79.59149474827616 0.10468126088770122 0.9937939505502459 0.03762203435085185 3.618750770894928 -0.8946903558026504 0.11062560552474654 -0.43277146698460855 -6.685010542562351
-0.43281170011465575 0.011000393601202939 0.9014172305788701 80.42296910383615 0.10593727511076653 0.9936178960111408 0.038739778890689594 3.6414833466358245 -0.8952381392601452 0.11226071470916425 -0.4312148025601864 -7.0828304216058715
-0.43054773917201744 0.008158188441721781 0.9025309347912759 81.27928173129935 0.10533629751101355 0.9935799611880716 0.04126893689183165 3.6643057300558675 -0.8963999713969965 0.11283751453687776 -0.4286429593409931 -7.483187969732972
-0.42784235951075883 0.005281275030235712 0.9038379409730053 82.13859359825703 0.10639187197119465 0.9933254161796194 0.044557683400853594 3.686391627462538 -0.8975698774951908 0.11522467489926275 -0.4255485745571564 -7.884798934545461
-0.42739776340427266 0.0025035366251584326 0.9040602215236505 83.00236463904234 0.10193329202990323 0.9937530099785601 0.04543741998065317 3.710278392175469 -0.8982988120959373 0.11157368624778102 -0.4249830075710203 -8.276847004670518
-0.4260875676442595 0.0007843551326602652 0.9046815845843359 83.85561362036832 0.09839845911928141 0.9941072080292428 0.045481888562980556 3.742664824980615 -0.8993148102538677 0.10839854118635614 -0.4236539015832619 -8.66372558160055
-0.4256468012501054 0.0007924550494775168 0.9048890388332418 84.66970484547343 0.1018396966631221 0.9936883346378607 0.047033709062743484 3.7634850940989417 -0.8991404099300158 0.1121733730420463 -0.42304096446000755 -9.041846573295386
-0.4234499067244704 0.002843711420436941 0.9059150566142473 85.53066779180376 0.10652199885353714 0.9932142965956412 0.046673598514290544 3.7882760294262026 -0.8996350594853919 0.11626381355943657 -0.42087941907550214 -9.443620385310409
-0.4204967727037381 0.004585149312245691 0.9072824480565715 86.40890879375027 0.1088538553861812 0.9930190238548281 0.045431887809873756 3.8135728612093898 -0.9007404189406099 0.1178651545970607 -0.41806040594453076 -9.85029237284851
-0.4139754325999699 0.005427722201360993 0.9102718720444856 87.23620448052878 0.11191661038210583 0.9926991538048566 0.044978465466276374 3.8369685100625466 -0.9033819864953294 0.12049452214447737 -0.41156051390886167 -10.227188579887942
-0.40795943371859456 0.006270426342856315 0.9129785223067859 88.09330597166088 0.11640098329618123 0.9921733114580005 0.04519879553868202 3.860246952281317 -0.9055495080489446 0.12471087275752768 -0.4054963460851033 -10.614246863816504
-0.4006818536548555 0.006596537101992844 0.9161935045883982 88.9441425175385 0.11644654572821816 0.9922314971908692 0.04378193657585751 3.886841362487012 -0.908787243605276 0.12423019633176326 -0.398337299508465 -10.98073133547037
-0.3903817046545077 0.005481946495431128 0.9206367757881836 89.78483533122042 0.11466623461848574 0.9924854069799797 0.04271266287885614 3.9130506195628536 -0.9134844165662922 0.12224019467591526 -0.3880767391845783 -11.334229617127557
-0.3805292982547541 0.004174797394101204 0.9247594412799812 90.60803095448476 0.11765344219570417 0.9920823694140779 0.043934494844614536 3.930632607204453 -0.9172541200284939 0.1255194939619642 -0.37800758712793847 -11.67468852747194
-0.3704897971443429 0.0038212802260669393 0.9288286752837563 91.36496523754087 0.11887841558906764 0.991962612418881 0.04333702654938322 3.952965839848228 -0.9211977163014337 0.1264736074465455 -0.36796629478864024 -11.977531899550149
-0.3576772693355182 0.0030521934053118482 0.9338402728069207 92.187185450819 0.1193552744545287 0.991942718300348 0.04247307465678811 3.9759077543133143 -0.9261864226280644 0.12665041542108552 -0.35515965820049883 -12.291554680907034
-0.34661056273908847 0.004697931464083906 0.937997359931067 93.01308451338579 0.1232288760896059 0.9915486622016398 0.04056962637036941 3.992518048645812 -0.9298794340641078 0.12965022146567118 -0.3442601606031656 -12.601605539086453
-0.33465822177917637 0.006195242203873165 0.9423192100183648 93.80588453571018 0.12249767783872165 0.9917794703414916 0.036983795549823534 4.0097923643098765 -0.934343723433577 0.12780884626341688 -0.3326660567251999 -12.87978727789843
-0.32325050502429653 0.011268472520108007 0.946246338185042 94.61443389072637 0.12410463545154785 0.9917976627744466 0.030584891279577538 4.025913175869862 -0.9381402616138889 0.12732013840005335 -0.3219975650479606 -13.158069027916913
-0.3096292468222569 0.0142166865207825 0.9507510795874238 95.48468640423742 0.12245865784827756 0.9921575598700422 0.025045029661036777 4.0423348659218705 -0.942938813831672 0.12418237482466474 -0.30894195434195415 -13.43695643718849
-0.2964770916387175 0.013986411967168655 0.9549375447712443 96.31991251844644 0.12254062509292804 0.9921849309784521 0.023512931359546692 4.049366996771047 -0.947145780403039 0.12398968916635345 -0.2958740063695172 -13.693623290063787
-0.28456543371140347 0.01228631501553526 0.9585778843682865 97.1757150449414 0.12346745684077601 0.992059872476031 0.02393734580341242 4.051424768826096 -0.9506725519535694 0.12516491475721167 -0.2838229079477342 -13.943709286665467
-0.27424289380315897 0.013328606870356599 0.9615680857003132 98.00586141725927 0.12215464164063845 0.9922870980479219 0.0210845576970694 4.054508050741595 -0.9538705775544797 0.12324229503920045 -0.27375583644801843 -14.175777164387092
-0.26895423491717596 0.0171514906578389 0.963000231510009 98.887403796269 0.11986360391413502 0.9926646882926745 0.01579661588831624 4.057254820672591 -0.9556653891278224 0.11967724505945862 -0.26903721125180147 -14.425525602577752
-0.26642051955295865 0.02269633384534965 0.9635896342277206 99.75038656682815 0.11657697763468798 0.9931423204220502 0.00883966471466853 4.05688339629436 -0.9567810172901077 0.11468743530433809 -0.2672393629999522 -14.661864174694244
-0.2637052739438905 0.024691715357710656 0.9642872226089444 100.56159346819052 0.1160167996641671 0.9932273057117429 0.006294551952031768 4.049700407889905 -0.9576009767590375 0.11353342407100257 -0.2647839325352876 -14.883136892186643
-0.2597476822168472 0.023957522978088334 0.9653792926491278 101.41847687747585 0.1151172140188611 0.9933317937021972 0.006322551455837197 4.0384993724604605 -0.9587904716983329 0.11277404272761686 -0.26077355438647953 -15.113394725445461
-0.25642364516809296 0.02464691944967483 0.9662501971851541 102.26198619952989 0.11695274037412341 0.9931210973697493 0.005704601483697516 4.032044881919815 -0.9594628553089958 0.1144684031545219 -0.2575422566523075 -15.338968327883498
-0.252855033263758 0.02295674223257166 0.9672317820146582 103.09792459861033 0.11709517461675381 0.9930957408431105 0.007040568211851381 4.0254131011386765 -0.9603921346172385 0.11503841751928379 -0.25379738032533594 -15.556745352493833
-0.24850674401694373 0.02018196861253789 0.9684198915351854 103.9464885259947 0.11996640325268747 0.9927266141606189 0.010096119443012475 4.022828888314553 -0.9611724404438109 0.11868680499582307 -0.24912041676902485 -15.776729627582421
-0.2455022695801728 0.018255799340835988 0.9692241027860437 104.77348978481928 0.12050776955310943 0.992641923692064 0.011827459839429552 4.013933460561504 -0.9618765581447127 0.1197027030578081 -0.24589581080680373 -15.987935532784617
-0.2425290934660036 0.018470463280436625 0.9699682885583243 105.59728076075955 0.12063802777793721 0.9926326773492492 0.011262065188548706 4.010860469701554 -0.9626142036539915 0.11974643979955109 -0.24297054364454218 -16.193627375862615
-0.24016810913073283 0.019668213970097874 0.970532040025364 106.41994441243982 0.11921883457425708 0.9928236743214816 0.009381960858394045 4.007474541177324 -0.9633826596110832 0.11795894652809918 -0.2407894061096889 -16.399783828582798
-0.23608172896045249 0.021561688156788675 0.9714939582184096 107.26267476943342 0.12281275897257714 0.9923990580745856 0.00781893638668063 4.000256010783968 -0.963941099593013 0.12115776135479181 -0.2369353358596143 -16.604600074531614
-0.23221660890517926 0.02355102151978477 0.9723789363894889 108.15102594544987 0.12415755676904433 0.9922466109060458 0.005618206351489456 3.993491639281402 -0.9647073896502093 0.12203283382287333 -0.23334018047357052 -16.820831923010456
-0.22783996148143626 0.022087227833146324 0.973448050138673 109.04208662267018 0.12507985278679437 0.99212361700679 0.006764540205956238 3.983028781981534 -0.9656313905310719 0.12329997138690194 -0.22880807388948854 -17.032056154626765
-0.22411513997100146 0.019513439788583768 0.9743672971233156 109.91411592269908 0.12826853694773466 0.9916925933273011 0.009642757336970904 3.9755388303845125 -0.9660846683728429 0.12714175556200802 -0.22475628473425296 -17.234014230270226
-0.2200436154344601 0.017283621636891185 0.9753369078065507 110.77430255099463 0.1292612156012662 0.9915428252997194 0.011591537341211496 3.970119997387496 -0.966887969440004 0.12862387810885859 -0.22041677007982635 -17.426206608052134
-0.21769565844103456 0.01888299768167906 0.9758340190290963 111.61193777993043 0.12918613906109755 0.9915735792939315 0.009632150367837211 3.9660174906151098 -0.9674293471723977 0.12816110659937188 -0.21830068480152143 -17.611370335143377
-0.21407348879922117 0.021354018571925114 0.976584121970125 112.49779401486195 0.13226688056628677 0.9911871083582152 0.007320418686368471 3.963152372472269 -0.9678212715675316 0.13073684299121646 -0.21501131176311794 -17.80636245062496
-0.20977875049084288 0.021460864319210522 0.9775133283721368 113.34752681682112 0.13035353632204097 0.9914481431508984 0.0062076574465854475 3.9584571341312933 -0.969020552625608 0.12872455377785638 -0.2107822522031984 -17.98382419107157
-0.20396194599440337 0.02016794580179218 0.9787710552260482 114.1980064742184 0.13113429685927233 0.9913406034623344 0.006899573476578748 3.950917858778071 -0.9701563383153256 0.12975770454609023 -0.2048404680172578 -18.158571395923992
-0.19861216751224792 0.019040981060689174 0.9798931819113417 115.04755139637807 0.13513593610634067 0.9907936508592661 0.008137578855545155 3.941329656412212 -0.9707169956731727 0.13403500459661155 -0.19935679535455147 -18.333855426087165
-0.19202359607071479 0.018162821574924548 0.9812222227734697 115.88494674860951 0.13554626173837403 0.9907371902261566 0.00818723589088527 3.9307379469411505 -0.9719846446733731 0.13457314670920886 -0.19270682059532457 -18.498388028303356
-0.185777224393589 0.01812063655071635 0.9824247886874656 116.79941153857806 0.13528061236499644 0.990780381842724 0.007306905893602986 3.9251242572033136 -0.9732348014815161 0.13426048371201127 -0.1865158001313859 -18.67532611773486
-0.17922575340309538 0.0177916791540774 0.9836470838008781 117.66003289124029 0.13363158156114763 0.991010261653033 0.006423527679866425 3.916828878307156 -0.9746900685482333 0.1325975770942517 -0.17999209099895136 -18.829642762417144
-0.1739323363753162 0.016882035848945633 0.9846128880065602 118.48267680323859 0.13243888745441354 0.9911705046572734 0.0064009208152981945 3.909187626724277 -0.9758111925228473 0.1315143625732241 -0.17463243966714054 -18.976652327756714
-0.17019088289950185 0.016083536493527895 0.9852798502109692 119.33727320089666 0.1326350536066594 0.991142084796325 0.006731292621306534 3.8988884624328204 -0.9764440618553871 0.13182825038456827 -0.17081658721534315 -19.127885253474158
-0.16667803084874838 0.015689025618414232 0.9858865495114174 120.20180680725076 0.13481578860358118 0.9908457794291641 0.007024566221981984 3.8861225421372154 -0.9767513179799546 0.1340839135114919 -0.1672673517512147 -19.27822251842827
-0.16314014031353286 0.016205887493058534 0.9864697987414734 121.07860582546802 0.1364227304073252 0.9906307646076369 0.006287037545523233 3.87476901427985 -0.9771254439664803 0.1356025715960095 -0.16382249335746923 -19.423901421030955
-0.1599388470151505 0.015416768050700781 0.9870065290961026 121.95651915171922 0.13804262687150112 0.990402258634784 0.006899221516542625 3.8651631526993873 -0.9774271320062077 0.1373524275504066 -0.16053196648683554 -19.5705932178925
-0.15619144412926766 0.013927460367099007 0.9876286035896982 122.7871901976867 0.13936270720957 0.9902084693024402 0.008076085743629544 3.855941257652863 -0.9778457284357456 0.13890001140907682 -0.15660305939069252 -19.70443205578833
-0.15438761566820247 0.012464317859177343 0.9879317308946975 123.64693078025101 0.13783929260935593 0.9904133062450158 0.009045011098348862 3.850155586699808 -0.9783479920464089 0.1375722486300282 -0.15462562163379645 -19.841805194557907
-0.15306734607381672 0.01312392809053406 0.9881286100894929 124.52066325912568 0.1390665171401306 0.9902474984569616 0.00839020918950771 3.840029395293456 -0.978381771792807 0.13869987134530598 -0.1533996555157912 -19.978345231869234
-0.15059735313751427 0.014553653592742521 0.9884880517209489 125.36686272231732 0.1396690035466352 0.9901755784685962 0.006700242732242637 3.833748347455606 -0.9786792154103738 0.13907018002247434 -0.15115051555403897 -20.105451671513862
