1.0 0.0 0.0 0.0 0.0 1.0 0.0 0.0 0.0 0.0 1.0 0.0
0.9999019126557745 -0.0013441828028295257 0.01394124240936842 0.01390491146594286 0.00136040477040063 0.99999840858532 -0.001154177494362781 -0.0011476243380457163 -0.013939668797531255 0.00117303001683661 0.9999021500298892 0.2656063437461853
0.9995125277741392 -0.003224023384564992 0.031053381390220142 0.030497342592083115 0.003271315108144392 0.9999935654939527 -0.001472232371270973 0.002926749992098703 -0.03104843506545731 0.0015731000945807623 0.9995166432011418 0.5203298730873409
0.9983176782415871 -0.00581772745634421 0.057688537488575775 0.058201602488110474 0.005863098301624468 0.9999826213884894 -0.0006172514161606552 0.006158811233972154 -0.057683943941382876 0.000954446566845305 0.9983344387744613 0.7824798974840408
0.996242357547277 -0.009782170368170499 0.08605506476397329 0.10054640567838008 0.009841074374318167 0.999951541579471 -0.00026028445722683946 0.004519652415258972 -0.08604834852455151 0.0011061806939296076 0.9962903482823016 1.0940135460096856
0.9931040098615205 -0.014070989050024123 0.1163891440991092 0.1601095715705966 0.014149553624768517 0.9998998786183566 0.0001512323231463126 0.008551893820974214 -0.1163796190455567 0.0014966650092339794 0.9932036771300544 1.4494742170905417
0.9883244119458855 -0.019064340611427682 0.15116682066138457 0.2409782887654132 0.019304528382636462 0.9998136428607596 -0.00012138130663676572 0.012066240589002828 -0.15113633559056447 0.003038168288473619 0.9885082587402634 1.8068049232313137
0.9814822924729916 -0.024260119486257236 0.1900104106739246 0.33229934005008455 0.024563041415422013 0.9996979933150817 0.0007610244563188066 0.013013565896584678 -0.18997148880393927 0.00392030155872916 0.9817817805792198 2.128080426271317
0.9732476499003991 -0.02897843633820018 0.22792380786294186 0.43059107067255326 0.02897141646721004 0.9995745352674494 0.0033771989497419844 0.014348524198529588 -0.22792470026575407 0.003316424619307168 0.9736731136970512 2.4735537668566825
0.9634493762853031 -0.034039888381170114 0.265718996939357 0.5610909406395401 0.03311306469027617 0.9994198457883892 0.007968487380316228 0.014939827588982577 -0.2658360853651704 0.0011215361385852446 0.9640175920979928 2.869606012871447
0.9524083786739569 -0.04131367730305569 0.30201235123640885 0.694738182865562 0.03935748570722138 0.9991462225156128 0.012562418222124594 0.019764216422505733 -0.3022734995834912 -7.81055739665689e-05 0.953221236308271 3.196858587645606
0.9386578275726364 -0.04695802229891141 0.34163785925800727 0.8601784679076738 0.04412024439236119 0.998896863464889 0.016076697259250386 0.020945972108550936 -0.34201591596207537 -1.7371879764546336e-05 0.9396941592490828 3.5847270267628444
0.9205611926136964 -0.05218451335477233 0.3870967155887207 1.0487202966043496 0.04801798467604288 0.99863743510502 0.020433951025648413 0.031952487961472695 -0.38763560698328614 -0.00022309816869504548 0.9218126634115561 3.9717948431718693
0.900725436300335 -0.056328562728819975 0.43072123400463624 1.2561619117024543 0.049939331730665656 0.9984102192178024 0.026136130313307755 0.0421049240009776 -0.43150869232017297 -0.002031546791257338 0.9021064910916943 4.359474446605051
0.8787985149365434 -0.062031862456239845 0.4731439719425119 1.4984252656481478 0.05370088023909257 0.9980722994201678 0.03111110077907466 0.05138663244407289 -0.4741617715578439 -0.0019321413895585383 0.8804356201465148 4.7480115484512755
0.854350675794477 -0.06742208650572126 0.515304943718509 1.7532566267215755 0.057692371347917576 0.9977245391120453 0.03489031874189666 0.0645400290368157 -0.516484765562136 -7.940322539812597e-05 0.8562963742988484 5.125645842196813
0.8293738652983981 -0.07263038833254096 0.5539529025563987 2.0305962586820048 0.061027663468685565 0.9973582832128184 0.03939643636590183 0.08463193143871585 -0.5553508943465812 0.0011320766069430992 0.8316153573323478 5.493236321826174
0.80139587245966 -0.07845258543637006 0.592966986806997 2.330422880969305 0.06604728479025666 0.9969053163984292 0.04263269060688561 0.10098590816050543 -0.5944765863988716 0.004998197164654248 0.8040973860476405 5.849993651611828
0.7701716586096226 -0.08293314797700738 0.6324220973694129 2.6714724387722426 0.06819472672903751 0.9965342888714975 0.04763287047544886 0.12643218142815082 -0.6341806489643588 0.006442365249098088 0.7731580694845928 6.22501112328475
0.7365659763232182 -0.08619087606568387 0.6708514704508403 3.0303170530077956 0.06825638270635762 0.9962560425710816 0.05305623300283349 0.152325997324648 -0.6729127943076042 0.006710478644451109 0.7396913820868098 6.589794791236147
0.7029660051026806 -0.08874938125749288 0.705664469132739 3.3956558827078793 0.06852662820890609 0.9960195193513368 0.05700191485775209 0.1738987050065502 -0.7079144700430247 0.008286398345737158 0.706249558375904 6.918734032575727
0.6725685037986747 -0.09359181013902029 0.7340927603327209 3.7533608853855553 0.07082270357270323 0.9955577402117664 0.06203974986324582 0.2013219970521788 -0.7366381420729345 0.010264452218344496 0.676209204805726 7.213062642691082
0.6398731815082961 -0.09692121774953963 0.7623441408815298 4.167753971385968 0.07148960295320922 0.9952205169314647 0.06652337445034558 0.23061850034626033 -0.7651480564283254 0.011933156691115637 0.6437437778459234 7.529490576949264
0.6076471079159462 -0.10005025947574372 0.7878800275550986 4.5764793006475095 0.07340828473445846 0.9948620725313355 0.06971857981198908 0.26172014699937085 -0.7908073191199809 0.015472628008595418 0.6118695790842821 7.820614343196215
0.5748207834714333 -0.10188997407528043 0.811911017336399 5.014058392557649 0.07551514946809466 0.9945885835315312 0.07135132591307419 0.30253984611282503 -0.8147874134337736 0.02029735676587208 0.5794044254389329 8.107745894568941
0.5441371321480202 -0.10427490334734191 0.8324911566795351 5.493343476318584 0.07956440601364773 0.9941880566325301 0.0725231917728982 0.33974994030915046 -0.8352151140355538 0.02677410280729605 0.5492712086988002 8.39486144087781
0.5205504195190365 -0.10552589289913504 0.8472848084713872 5.992470019299764 0.08469451472533039 0.9938208577320182 0.07174219060104423 0.378708582184912 -0.8496199738200579 0.034414948273040404 0.5262713287092202 8.68512426294658
0.4966076695715186 -0.10676318939646227 0.8613840281271997 6.5212521092175 0.08997651018827672 0.9933919121421291 0.0712512210768583 0.4253815122439939 -0.8632989344005263 0.042120425929702165 0.5029322216585612 8.977620407030043
0.4778760107023808 -0.10867668293128693 0.8716787808489037 7.110117881090271 0.09533277199977594 0.9928726799689569 0.07152275130404685 0.4708507988333645 -0.873238902579367 0.04892054740407477 0.4848304848745269 9.286307805290757
0.46038772090417623 -0.11161160001767445 0.8806736042269879 7.69863625352417 0.10061276110745979 0.9922326996672834 0.07315286743052826 0.519605177030249 -0.8819978564276628 0.05492832104178927 0.4680413024558181 9.588594556095208
0.4472926748412451 -0.11544220865814317 0.886906060128971 8.334763915970182 0.10586919407834378 0.9914972514065359 0.07566316275762183 0.5671558160500673 -0.8880996434964751 0.060052451352248126 0.4557112312726335 9.905383366866904
0.43850555148889553 -0.11864656905962906 0.8908624321205817 8.999564742736542 0.10990550433436766 0.9908870234124794 0.07786967927097665 0.6182886064159179 -0.8919829939132403 0.06376439824177088 0.44754937167472036 10.233568909142766
0.4308891554103855 -0.12008361096069312 0.8943793725977615 9.614040141995904 0.11229266886122707 0.9905382357511414 0.0788946134729044 0.6644508393316185 -0.8953909158963739 0.06643741335766386 0.44029669296577223 10.52714300865271
0.42048167687657745 -0.1223820782295963 0.8990093360690237 10.289898667025408 0.11388516035217226 0.9901435772564489 0.08152218513608941 0.7128550928997237 -0.9001251744411005 0.068105237287655 0.4302747343167742 10.841354170886975
0.4114568338525825 -0.12307652718296225 0.9030810829225635 10.99047347436469 0.1157118316356556 0.9898769176647921 0.08218552119426012 0.765390584740442 -0.9040542272980809 0.07068137188136661 0.421533032837805 11.159558182151253
0.3986259571463722 -0.12434319921079898 0.9086452085930802 11.711439114435217 0.11825117751911704 0.989464562961056 0.08352567066254941 0.8268333103967358 -0.9094580833136187 0.07415286544908405 0.409129988195939 11.477564731659685
0.3849660006809457 -0.12601680268508456 0.91428712326093 12.494930899827855 0.12029223318917284 0.9890351337485928 0.08566961448066163 0.8923980480834954 -0.9150578981431066 0.07700175096666304 0.39590374258648814 11.803525039810259
0.37679372656912774 -0.12884625787779602 0.9172922813634912 13.254892398958257 0.12332716081961802 0.9884404303266467 0.08818121738695815 0.9465706178684614 -0.9180505972016586 0.07990092318967525 0.38832839640067035 12.12992417441036
0.36575794000537326 -0.1323798763433163 0.92124735965014 14.01480966549099 0.12506823484316018 0.9878459544177571 0.09229467467675094 1.0081767496521472 -0.922268434869286 0.08146127104213043 0.37786901879349494 12.445011960032314
0.3509781140302863 -0.13640683906984105 0.9263949145622066 14.814680101340203 0.1284624070527197 0.9869925607489815 0.09665968653161176 1.0707466471308418 -0.927529931293845 0.0850814861244359 0.36393593841896504 12.752950095829352
0.33788141436032004 -0.13980410466438106 0.93074752868265 15.632553376277519 0.1317779036440552 0.9861925185639713 0.10029406981287188 1.1401187309671255 -0.9319177720920703 0.08876445599135892 0.35163921483746696 13.04733951444798
0.3234236524768032 -0.14066008357184828 0.9357413541722546 16.457177647787265 0.13265950165195783 0.9858637798466579 0.10234287570668957 1.2119069106338887 -0.9369090658329753 0.09103487505358243 0.33751156111155717 13.339040642930412
0.31084728016438873 -0.14163522944449175 0.9398475568913336 17.305375014033658 0.1345081555871777 0.9854378602194975 0.10401817017499379 1.2931754031844158 -0.9408940027946495 0.094083396123995 0.3253717720989911 13.63243977643779
0.2958312815939993 -0.1429375793311006 0.9444854161104964 18.104476373770456 0.1376082891554369 0.9848051154120763 0.10593792245424258 1.374752810187393 -0.9452765794126955 0.098629270874182 0.31100555516045314 13.884975056417467
0.27392146450733595 -0.1428343669519828 0.9510864182079265 18.938230878261088 0.13765188618545374 0.9845513889876368 0.1082151591603604 1.4569145501396263 -0.9518502978471685 0.10127638451258797 0.2893511783772709 14.139197236870286
0.247082590376143 -0.14369334736996517 0.958280968951502 19.78832764787401 0.1379362784990438 0.9840884550403151 0.11199774877291045 1.5491503202769612 -0.9591265696490997 0.10450901673052072 0.26297165021190094 14.372115499250658
0.22119007652579709 -0.1442287088026485 0.9645066249661703 20.605778251196234 0.1365850822923434 0.983837247306729 0.11579631301173603 1.6371130896436425 -0.9656186956256106 0.10612422140604373 0.23731452608143316 14.575591936575682
0.19396599701697442 -0.1448257023553715 0.9702590932006174 21.431586769847513 0.1362291772338815 0.9834364725507231 0.11955883792999401 1.7232708941408499 -0.9715033727534819 0.10898724876912995 0.21048272217534864 14.76197236192599
0.16524447657646169 -0.1453671237603221 0.9754807339412823 22.263479302368015 0.1363779568490527 0.9829441115018838 0.12337717191381212 1.8173834816900878 -0.9767780279299128 0.11264667324614444 0.18225095654050005 14.92560473300444
0.1340041562716282 -0.14533588433904934 0.9802654573253694 23.082017654993905 0.13542131467823734 0.9825931030761552 0.12716863338885873 1.917327530484415 -0.9816842433454592 0.11570771154317508 0.1513531362631595 15.05850508275735
0.10263567502781851 -0.14511471589152847 0.9840770485298929 23.902985385571654 0.13413759988724616 0.9822844217176454 0.1308603039401947 2.019248470029261 -0.9856333103685535 0.11857079776467754 0.1202827643903101 15.164882644230303
0.06818880537526595 -0.1427088622056078 0.9874130176726834 24.71644521186581 0.13031298257198043 0.9825116667283782 0.13300132072960424 2.123539661674964 -0.9891252768960506 0.1196035341894427 0.0855931142949361 15.244679264725793
0.03543019605662645 -0.1409895576164942 0.9893768977748039 25.576445813099124 0.12851466905815254 0.982421422673853 0.13539618941593815 2.2379147867350038 -0.991074508321278 0.1223523310549837 0.05292660995330356 15.296156223613558
0.004894392567325434 -0.13881748783842635 0.9903058870831909 26.431058210000632 0.12709421850565472 0.9823730746999593 0.1370773567259945 2.3481393508234447 -0.991878573487619 0.12519124240447896 0.022451019606895162 15.32058803849792
-0.02430054779305918 -0.1350928652481921 0.9905349065711876 27.27940792740013 0.12584506155601774 0.9825322851727052 0.13708876349017188 2.464158726086147 -0.9917522391499399 0.12798525833991972 -0.006875302811125472 15.309428840458786
-0.05270076018486719 -0.13243235873599973 0.9897900283573061 28.09899313263907 0.1269675207593851 0.9822347199057373 0.1381817776840091 2.577392405802271 -0.9905058700220571 0.13295347070053223 -0.03494990816197502 15.272604867644077
-0.08033790477258335 -0.1294473692718248 0.9883264641025028 28.926747636390942 0.1293384117510247 0.9817949192181734 0.13910539832480756 2.6880662384200043 -0.988340728849355 0.13900401140249447 -0.062132829579389426 15.21388644361572
-0.10773200371460379 -0.12333542040048377 0.9864999693108321 29.768484459734662 0.12963484787909424 0.982060574901268 0.13693733398878274 2.8037403549556226 -0.9856919506575068 0.14263730682828832 -0.08981078504150852 15.13493160997063
-0.1352147317834939 -0.11411731199402653 0.9842226452444467 30.594786936358897 0.1312494287324106 0.9825284722051824 0.13195222151811742 2.9180351998949066 -0.9820848047730573 0.14702054417464405 -0.11787449183117554 15.032847055137385
-0.1619906528705899 -0.10454197627148808 0.9812390145014678 31.418133875535144 0.13010558321899357 0.9834289138871843 0.12625414268814486 3.0301399343157662 -0.9781776758839906 0.14811666526061315 -0.14570479701873196 14.913108267122958
-0.18826432826039396 -0.09373773070991392 0.977634788940133 32.319863527823436 0.12881467526193008 0.9844786212452286 0.11919993182991856 3.1411290237979586 -0.9736340802076652 0.14837480295673316 -0.173267410974264 14.763044359687449
-0.21239185650120346 -0.08688962961204322 0.9733138710394781 33.1838849080006 0.13172551117198086 0.9844019678989375 0.1166239911132306 3.2462767117995464 -0.968265505426302 0.15298025317857364 -0.19763338062930308 14.583453719369498
-0.23739117283208405 -0.08381831511769004 0.967791259059638 34.054299296621764 0.1343340471581162 0.9838659536410062 0.11816153790550743 3.347479984800881 -0.9620809710390954 0.15805782270076124 -0.22230143914866168 14.382419173991376
-0.2621556132684224 -0.08199581477999843 0.961535813576604 34.87323132121192 0.13847293016440287 0.982876471717549 0.1215692763643299 3.442777701728688 -0.9550390997459434 0.1650167497638546 -0.24631238347641315 14.164729824937577
-0.2831064840117309 -0.08357813729034258 0.9554399058431632 35.65418202574645 0.14175751870405856 0.9816077202920503 0.12787137816537603 3.5393473140025233 -0.9485544394505697 0.17164200660130013 -0.26605168101046683 13.937814230704928
-0.3016185632222127 -0.08494140415289757 0.949637404581508 36.460042653996204 0.14569833674334068 0.9802186870265359 0.13395267923486467 3.6422210943809814 -0.9422304585344249 0.1787632050073744 -0.28327633071878633 13.687923871179182
-0.3168832985719816 -0.08377962064956793 0.9447570853134446 37.22143186040993 0.14820349272249478 0.979481921172153 0.13656826440195385 3.736530541364996 -0.9368141223481818 0.1832925019217181 -0.29796502967342176 13.443577316063465
-0.33152696259108205 -0.0810616400301065 0.9399568519835159 38.002581136098115 0.151747176232919 0.978748388783202 0.137928916328744 3.842458893507171 -0.93116199856978 0.18836295275323034 -0.3121806054988324 13.180252162302066
-0.34495325045052055 -0.07877324909771999 0.9353085214143028 38.800975697546946 0.15142326292350589 0.9787492067780599 0.13827865228196917 3.9586981048138075 -0.9263251321481133 0.18932713872529605 -0.32569461784449744 12.898031581228805
-0.35845125409062245 -0.07632699354423311 0.9304229621507408 39.61956668356559 0.15135656449348567 0.9787141254049825 0.13859960720539627 4.072946241652599 -0.9211969869824747 0.19050682609623054 -0.3392687141266511 12.596251524180806
-0.37315340800545443 -0.07626648459752904 0.9246296325670348 40.419414477868074 0.15219817516926482 0.9780817159251571 0.14209810853085283 4.186757699649255 -0.9152006608220192 0.1937513362535472 -0.3533669058229763 12.28192903112924
-0.3884314581876748 -0.07398576017795083 0.918502645386004 41.193483135267094 0.1541056289198255 0.9775179359004917 0.14391018076587672 4.298934812116326 -0.9085001141581776 0.19744566919467496 -0.36829709514309944 11.960392387612682
-0.39872287050760685 -0.07135822433180168 0.9142910238837447 41.936470067859496 0.1579626916398187 0.9767232963254526 0.14511853935678112 4.410213995123288 -0.9033647439346288 0.20228595165100902 -0.37816997921644696 11.642954931626813
-0.4061906286147199 -0.06756050733403435 0.9112874140875353 42.74001714986546 0.16095358545121763 0.97638151443785 0.14412869802523215 4.530258789477227 -0.8995015934149182 0.2052187031262474 -0.3857229152269863 11.292344190941222
-0.41080017612879094 -0.0649653754493023 0.9094078926891306 43.54341860055545 0.16392451085122062 0.9759405178494943 0.14376668724655428 4.647711320303213 -0.8968678665415225 0.20813362441564237 -0.390267119231003 10.941535117790714
-0.4147290154667581 -0.06286207696788595 0.907771008024192 44.31609015195209 0.1683455331366292 0.9750888766868742 0.1444349820316208 4.762879527369374 -0.8942368954605474 0.21272057220874085 -0.39381509995969977 10.59686755852964
-0.4141182227188918 -0.06152649382858509 0.908141282053243 45.1458516825505 0.1720913722198683 0.974426294580526 0.14449206219564165 4.880270030126869 -0.8938068343997093 0.2161200753914997 -0.39293950653140414 10.23316544413526
-0.4084908458718913 -0.0602953133467354 0.9107687434400051 45.95522266046332 0.1754028452906663 0.9740332657473827 0.1431538999867881 4.996213517555096 -0.8957505627700189 0.21822848669664494 -0.3873077031137993 9.888529025776979
-0.40128485039665224 -0.05868668909880108 0.9140712999349435 46.75287099434324 0.18119723384848752 0.973137283056493 0.14202602145763205 5.112867696002505 -0.8978518983038312 0.22262008186156046 -0.37987138331830034 9.54420823363769
-0.39727830734475467 -0.056729219571652764 0.9159430889307905 47.61706838969973 0.18416486477666988 0.9728545647580324 0.14013314529849868 5.238982212002534 -0.8990290590937968 0.22435639388314849 -0.3760464857283897 9.183116349518496
-0.3947104732964632 -0.05488558680047709 0.9171647696197504 48.473455933585655 0.18845281323922308 0.9721558223452098 0.13927883637700306 5.3589237031085535 -0.8992714714991824 0.22781709646529336 -0.3733767415169546 8.830946174428533
-0.3953955984077098 -0.05394159701515433 0.916925637590783 49.33989951363798 0.1899024498611413 0.9719042468898473 0.1390654321325599 5.477411515714862 -0.8986653327554959 0.22911228467485895 -0.37404301987140537 8.476529891636995
-0.39830544042180815 -0.05281525870760438 0.9157310328792173 50.21300418935907 0.19200970998960298 0.9714215657928711 0.13954358739202358 5.602699233359846 -0.8969309044737493 0.23141022008583714 -0.3767814520908991 8.117648581093912
-0.40172660327099413 -0.051835012115975104 0.9142914566719335 51.08134677491376 0.19271615910531456 0.9712532600640591 0.13974114224033016 5.7212257715172665 -0.8952520417424606 0.23233647224203482 -0.3801888286392459 7.754687035589896
-0.40432501002253013 -0.05004879650630463 0.9132449858819657 51.98017886115547 0.19641515816133004 0.9704539166922912 0.14014378766485466 5.851561275236258 -0.8932762013592105 0.23603879669423558 -0.38254844731144416 7.364919544383227
-0.4084842127681966 -0.048418180823820364 0.9114802947320685 52.84975050430028 0.19938208173027283 0.9697438941540142 0.14086719006181284 5.97681215090623 -0.8907229835386811 0.23927486185707 -0.38647135350402173 6.986385873298269
-0.41498323093305256 -0.04614953483554958 0.908657877574848 53.7073207953849 0.20243836386814618 0.9689938464814866 0.1416673367978712 6.101677592573211 -0.8870217736215684 0.242736783194216 -0.392773760841749 6.60943051005567
-0.41885028990745554 -0.042927860925783906 0.9070400395797185 54.592871486690285 0.20727129604861635 0.9679922957601405 0.14152570502682466 6.2277125207550315 -0.8840831660419552 0.24728144715151906 -0.39654614033663615 6.2162553444595305
-0.4198838590871342 -0.04135270363803864 0.9066352622636737 55.46230959626377 0.21131737501367323 0.9670513193491154 0.14197433839418389 6.352466641215327 -0.8826338492803381 0.2512005168126853 -0.3973106951211024 5.834750229948581
-0.4214382897217741 -0.0393869322691361 0.9060013452102668 56.400002943762495 0.21529945546851692 0.9661465942519587 0.14215098624456218 6.4842931631132465 -0.8809290053297977 0.2549694648026859 -0.39869118323194175 5.418307660643736
-0.4236738365849534 -0.03665179783565756 0.9050729947958898 57.27409795616576 0.22028942631656753 0.9650140141789387 0.1421988786572133 6.6089475714054515 -0.8786199683859366 0.259623955276984 -0.4007771862267496 5.018018080720834
-0.4254768941212078 -0.035815870978285105 0.9042602700301711 58.145256565115986 0.22376883728364283 0.9640245587682019 0.1434718005480543 6.730453255335529 -0.876867675324902 0.26338920531760773 -0.4021556993161505 4.622469486263963
-0.42564863267603914 -0.03455355664737622 0.9042285624907207 59.05046804096603 0.22909046153194715 0.962601370215652 0.14462421129959224 6.855426682198451 -0.8754089341194196 0.2687092365028903 -0.4018140668044563 4.21288092226457
-0.4252838088357159 -0.033834570074844375 0.9044273900153825 59.928310205438365 0.2323405647387391 0.9617307154982557 0.14523048180081558 6.977887959692416 -0.8747294118292068 0.27189934302065477 -0.4011473586425146 3.814622958007458
-0.4244656490346876 -0.03268439161743622 0.9048539348061431 60.85359093735989 0.2368934320445967 0.9605297995354878 0.14582182984192732 7.107146272547148 -0.8739052664011666 0.27625031176256437 -0.39996918707244505 3.399875679609858
-0.4249957450237191 -0.029670279323282436 0.9047089538832984 61.79654980450732 0.24170082436954243 0.9594548901236428 0.1450069836832421 7.2430382566682106 -0.8723298276516844 0.28029625103220135 -0.4005929148730362 2.978128123101486
-0.4245478380407823 -0.027046989699279156 0.9050014329066584 62.72486139590131 0.24572777152077807 0.9585948585954158 0.14392275489951828 7.371351592278476 -0.871422397875066 0.283486079768728 -0.40032317826854386 2.564525519449403
-0.4284967701876918 -0.02391268952796266 0.9032268271139071 63.6207315634864 0.2470123760737457 0.9584684010060216 0.14255949754177172 7.49518341353111 -0.8691233537335877 0.28419448895518584 -0.4047938838994258 2.1623129507960313
-0.43306515605166335 -0.020729139207495945 0.9011242275078752 64.55327300452198 0.2479335139775047 0.9584317941844778 0.1412001010732269 7.628981273965089 -0.8665930667047337 0.2845677400620795 -0.4099239661879332 1.734670353131544
-0.4392679044047055 -0.01817135560036147 0.8981723164268335 65.43891798214057 0.24897359816320475 0.9581694643198897 0.14115036331020367 7.756588385022878 -0.8631661807424834 0.28562401768860524 -0.41636890486905204 1.3288675988381347
-0.4454637798862276 -0.016479168936565383 0.8951482881627126 66.34595437034753 0.25115209778803727 0.9573846355128435 0.14260884776411314 7.88814256520075 -0.8593512928867582 0.28834544677365714 -0.4223414006923277 0.899148830435249
-0.45375248725532846 -0.015128859209968357 0.8909993254366741 67.21613164507896 0.255631034539297 0.9556239053209115 0.1464094455954899 8.014318076710431 -0.8536752629015159 0.29420072943181996 -0.42974931798877036 0.4656240604701004
-0.46126934883956167 -0.014627212251480143 0.8871395789180399 68.08295478469465 0.25655416035627276 0.9549538863273399 0.1491409997022891 8.144432379618674 -0.8493589056606252 0.2963935216060913 -0.43673828516048935 0.038217477820760015
-0.4696612537127206 -0.012233088946571463 0.8827619488264212 68.95204834828357 0.2589961743403105 0.9539996166703495 0.15101560538537118 8.281159176120305 -0.8440019481245759 0.2995581461547189 -0.4448883327693244 -0.4065690516018873
-0.4792160427119383 -0.008957527082483846 0.8776512673699485 69.776379266636 0.26001080662185583 0.9536142924764723 0.1517041911894645 8.417199045589747 -0.8382996867751783 0.3008978961261847 -0.45465821367206605 -0.8469842028849176
-0.4880069287509256 -0.005113018307439293 0.8728247788272723 70.63944056468006 0.2630246888704114 0.9526378014834591 0.15264086028775103 8.556035482592636 -0.8322663338954137 0.3040642633203535 -0.46354899766447394 -1.3122776295813436
-0.49398977573706127 -0.002551301418646734 0.8694639683899035 71.50148934263835 0.2662071674739512 0.9515281226010579 0.15403887783544068 8.694802858650958 -0.8277124171188588 0.30755117096245516 -0.4693659891671733 -1.7900890280054758
-0.4956036586572508 -0.00046607297123305025 0.8685486723848772 72.326109815099 0.26994753600931976 0.9503915724459355 0.15454509641602757 8.830986306725762 -0.8255333677859691 0.3110556892257844 -0.47089172521103834 -2.2458412043660414
-0.4977565636060137 -0.0017793032729498115 0.8673149586320967 73.15808487826791 0.2743622836374796 0.9483226682692542 0.1594034320957669 8.96335511701799 -0.822778062848275 0.3173026172702416 -0.4715456588381395 -2.7039287625088395
-0.49948000300590445 -0.003934117849212604 0.8663164833442628 74.03055036851474 0.2800192000883823 0.9455787784652655 0.1657408256827483 9.110403195982514 -0.8198225260256541 0.325369476799661 -0.47119606257696034 -3.187739329714478
-0.5027879142521953 -0.004424835528543752 0.8643984810910258 74.87000040702539 0.2816926722164188 0.9445605090411815 0.1686851599265254 9.250672130886501 -0.8172230734025444 0.3283075777231004 -0.4736671644816538 -3.652693802626962
-0.506344649427632 0.0012377359981215197 0.8623303102672478 75.68072589032418 0.2832316904894595 0.9447594944003521 0.16495243933593307 9.390727682956953 -0.8144905803620396 0.32776205660507834 -0.4787244810447006 -4.0972080684543615
-0.5099820286315482 0.007011064915255244 0.860156483113163 76.50227184835494 0.287103635022236 0.944010741560046 0.16252760558216212 9.538514372233559 -0.8108574678880807 0.3298402109931508 -0.483441415253311 -4.57120425440106
-0.512084387578599 0.01105675224971367 0.8588639753930419 77.36701111621008 0.2918902999970153 0.9426497438472821 0.16189970102599344 9.693942085066007 -0.8078178215203621 0.3336003726831583 -0.48594357551032025 -5.075077856154146
-0.5115597266194298 0.01429514627454484 0.8591287999444807 78.19313995362178 0.2989282868045243 0.9403644586553284 0.1623470487750955 9.833229343428933 -0.8055734140655127 0.3398681122006896 -0.4853258089778177 -5.559607123232928
-0.5110567619546292 0.015368798531860794 0.8594095566679116 79.0005282378447 0.30289648203875674 0.9389233755526625 0.16332977686061728 9.973057177279905 -0.804409539494028 0.3437829182383572 -0.4844982950419171 -6.023798074101883
-0.511856424978032 0.015321002666570854 0.8589343788008483 79.8187981063333 0.30523013902222984 0.9378461110127825 0.16516426456915528 10.11302669158065 -0.8030177846356694 0.34671304984884926 -0.48471898933643076 -6.491149709422504
-0.5117139144287943 0.014627425800254529 0.859031377886989 80.59734407655384 0.3088772242768085 0.9361371571390348 0.16805381086634275 10.250051015244074 -0.8017129973394562 0.35133070096150776 -0.4835524878013564 -6.941007564783461
-0.5106836015562178 0.015288590684997327 0.8596327809573324 81.39417052073895 0.31161239549696146 0.9351520526883773 0.16848843677047975 10.390358199292887 -0.8013114089255285 0.35391651183235473 -0.482330932636715 -7.3900419320694235
-0.5095437465521178 0.015451589892617273 0.8603060029544265 82.17444789982194 0.31259246295218324 0.9348494017643602 0.16835245209472338 10.529763691909233 -0.8016552391490492 0.3547081115376537 -0.4811767171780783 -7.828540709683477
-0.5082434580928591 0.01737180778939376 0.8610382149474788 82.90583392577156 0.3179869409985333 0.9329337909762645 0.1688752409592691 10.656446965819548 -0.800357977820055 0.3596286445053901 -0.47968150411602106 -8.255384840459183
-0.5079319120749898 0.020683387266143105 0.8611488664493752 83.6966414481806 0.323081302897789 0.9313049879824141 0.1681948009807161 10.793015454109426 -0.7985133965148687 0.36365260462462573 -0.47972193897716797 -8.709141803327446
-0.5059304696765086 0.023386445552613738 0.8622571739436689 84.49325260836811 0.32734370891959996 0.930058704599136 0.16684394574013706 10.934700693727004 -0.7980479033765253 0.36666589719224263 -0.47820044307020476 -9.165186723712885
-0.5007471118952034 0.026232425030621953 0.8651960412563305 85.22889033535647 0.3341612741970782 0.9279131751323955 0.16526760796569337 11.065945196132 -0.7984914356181901 0.3718722889551328 -0.47341570311056674 -9.579072775333614
-0.4938922887796815 0.02923515307061539 0.8690314798146873 86.00202245085201 0.341917702041207 0.9254524506319941 0.16318715222129704 11.200110228865007 -0.7994765112965033 0.3777341226897221 -0.4670698453561286 -10.011607194223087
-0.4866003007639377 0.030484726583584698 0.8730926804993668 86.82207785643807 0.3463421016209883 0.9242318628130339 0.1607563759416907 11.335478977976596 -0.8020394603392045 0.38061285475700013 -0.46028964669273664 -10.452667857927427
-0.47623404997840957 0.03130888849516508 0.878760993184358 87.63786460458645 0.3506556368694139 0.9232266696311132 0.1571405129606911 11.471366984414683 -0.8063756903409648 0.3829781586240144 -0.4506506141614498 -10.883256305706794
-0.46652235168061756 0.03164358407705531 0.8839431989495391 88.40083159505133 0.35785555638803135 0.9206692736754076 0.15590859268241092 11.59329316653848 -0.8088858362863073 0.3890588285809175 -0.4408366270611434 -11.27888068846658
-0.4550705748535353 0.032841936627572094 0.8898495261003535 89.12298938783688 0.3644945773780105 0.9186336578150198 0.15249887144311214 11.706577940522667 -0.8124373667948187 0.39374307603810366 -0.4300138545530292 -11.643132840912177
-0.44285157810501224 0.032736173403094065 0.8959971108886584 89.91800106246444 0.3684491910615577 0.9176979151421314 0.14857903671066447 11.826198500868141 -0.81739077152607 0.3959278715810593 -0.4184655865531935 -12.028647635158757
-0.4331557960117865 0.034779045060661234 0.9006478081947819 90.71212150255948 0.3757250028153978 0.9152606349203585 0.14535712030909304 11.944195892302918 -0.819272102930867 0.4013581794231324 -0.4095178056805147 -12.408783731249088
-0.42402292038219774 0.03850298424488793 0.9048326271718933 91.48397003425492 0.381525309375664 0.9137087517267362 0.1399098113921021 12.051016297630671 -0.8213665450311184 0.404541514831553 -0.4021233162618603 -12.763764394241514
-0.4162584861586961 0.0433323457077919 0.9082131801049416 92.27551962580502 0.38525413483485293 0.9131754473198508 0.13300321050575947 12.159727177305559 -0.8235946359062325 0.40525659800631353 -0.3968109946546713 -13.117214763635682
-0.4067789031478044 0.047964337708312904 0.9122665982387343 93.08876136319182 0.38957941561924603 0.912368603482303 0.12574343046664224 12.264412850179351 -0.8262922018751213 0.4065500629540665 -0.38981821844599396 -13.477912279451797
-0.39675869653347456 0.04783053991652836 0.9166759384735437 93.89399621824224 0.3924167605075246 0.9116230761994739 0.12228022331263788 12.360517056200631 -0.8298142098071344 0.40823474422432726 -0.38046388897010947 -13.817482661561998
-0.38659953931548247 0.047469724121630336 0.9210252013342922 94.71132387619794 0.3966587200365336 0.9101431200444521 0.11958829731511914 12.451204502782572 -0.832587926900238 0.4115654581321989 -0.3706901909309142 -14.158512623370411
-0.37874273142266196 0.048933890935425856 0.9242074538286419 95.51976753259649 0.39861784523926935 0.9098556072493089 0.11518067291778258 12.536689187533192 -0.8352590956411688 0.41202942646722596 -0.3641071200536808 -14.484124461665237
-0.37322505554643814 0.054237062478414144 0.9261540902927929 96.33937650183846 0.3997710413988769 0.910254520700729 0.10779527820245025 12.624852005145973 -0.8371894483157416 0.4104814838669325 -0.3614122009993376 -14.807323198091067
-0.37078474673903355 0.05896026881545338 0.9268453799242247 97.12429145922346 0.4009085694312434 0.9103691143048487 0.10247143346513365 12.704105704301323 -0.8377296643561483 0.4095750998547335 -0.3611886585106466 -15.114263935227454
-0.36900387520347866 0.06159641721934306 0.927384505731337 97.91453832185088 0.4046735603585862 0.9089053776164921 0.1006495111092334 12.777703530736272 -0.8367051150982174 0.4124280493923306 -0.3603160479952511 -15.42761198399744
-0.36688922212739256 0.062490058231550294 0.9281633968806218 98.72522692171047 0.4064390569443237 0.9082427878792887 0.09951045802058381 12.849815819599945 -0.836779296874012 0.41375117025511243 -0.3586228902838738 -15.745599524814844
-0.3640596941057155 0.06366366064520129 0.9291972220367998 99.52463816600554 0.4100555271309963 0.9067221784039989 0.09853606375143945 12.924775155670234 -0.8362505628081657 0.41689546591868765 -0.3562066348335846 -16.057065874796994
-0.3618923159297513 0.06245409406974259 0.9301254957288982 100.30411934553136 0.4140107375599874 0.9047254479458648 0.100334306317379 12.99497692988782 -0.8352419175640291 0.42139215699047144 -0.3532698531871656 -16.361202212933193
-0.3590325419976621 0.06084172947156749 0.9313398508286895 101.06098918335582 0.41746592938634985 0.9029558081854411 0.10194609490200254 13.06402942511095 -0.8347561509736171 0.4254046220001442 -0.3495898682636931 -16.654661667911792
-0.3563033707177229 0.06095309797809778 0.9323800876584942 101.78730333078707 0.4216664399525403 0.9009688564689418 0.10223763050265935 13.13076548938787 -0.8338137210630081 0.4295810046078853 -0.34672011630007915 -16.931889686726123
-0.3545332133219666 0.06222699314597244 0.9329705257807516 102.59069722267132 0.4239721302454704 0.9000166595128511 0.10108236925619762 13.207347131376808 -0.8333989641382563 0.4313905584540991 -0.3454683091832616 -17.236680713994467
-0.353702984680185 0.06303357950349495 0.9332314645806288 103.38410780696289 0.42501248041134965 0.8996111047775147 0.10032074389462883 13.282059428516385 -0.8332218132783857 0.4321187661001963 -0.34498519078523204 -17.53939229250972
-0.350533793846807 0.06614586783787094 0.9342113163194606 104.1812108962467 0.42993623912601164 0.8975499047916775 0.09777013191477035 13.361291521655346 -0.832034187793714 0.4359230351523369 -0.3430600789454075 -17.84132378062732
-0.34702175704612154 0.0678483469782721 0.9353996482514514 104.99846991399342 0.4329094507484278 0.8963550529484805 0.09558779475655652 13.430863151691504 -0.8319647273708889 0.43811439244339256 -0.34042689603590354 -18.145465205552355
-0.3436755598118797 0.06840487439876503 0.9365937661262115 105.81285598210206 0.43959804862001833 0.8930406519252686 0.09608303522663919 13.505320076650348 -0.8298437595339639 0.44474618285869616 -0.33698689528697723 -18.45264469915374
-0.3405337657998632 0.06717086003733244 0.93782985125875 106.64250668199116 0.4444661968567797 0.8904615981668005 0.09761117785324583 13.576541475914308 -0.8285448413947396 0.45007356926626196 -0.33308741802429725 -18.751836202663853
-0.3360001485062159 0.06680857616499769 0.939489496670722 107.45581457852371 0.44983524377313144 0.8877460641733654 0.09775059592793503 13.642442156683956 -0.8274975248684241 0.45545970150552806 -0.32833566154337707 -19.041057096603677
-0.3338859423132549 0.06809283013338235 0.940150809184365 108.25025334007928 0.4503790224630336 0.8876987236142919 0.0956541280802844 13.70990177703562 -0.8280573130229768 0.4553617710985228 -0.3270577070964457 -19.31884904520786
-0.33163061924572945 0.07066730907814167 0.9407588765493253 109.07843911137437 0.4533246872238972 0.8864579570611661 0.09321490393869311 13.780171307924864 -0.8273559453657477 0.45738213978094766 -0.3260118370203018 -19.612445227451243
-0.32604937428837427 0.07129364455740458 0.9426606079453423 109.8739791682579 0.4566721729871931 0.8849661383135492 0.09102450470922477 13.8434695182715 -0.8277332492689387 0.46016535102517986 -0.32110047924373813 -19.883953278468056
-0.3208858784694007 0.06968374990252554 0.9445509133966488 110.69131631260805 0.4594892042004245 0.8835177255778384 0.0909180939803742 13.90723074478687 -0.8281919609741342 0.4631852799790661 -0.3155272923037445 -20.163725768462
-0.31556990207727936 0.0695792421870366 0.9463479095763958 111.52684675231417 0.4648394311693045 0.8807836163885641 0.09024701840881208 13.973813683424662 -0.8272484150079309 0.4683790667377874 -0.31029197493442445 -20.448055801176817
-0.3106078668543625 0.07016053672868586 0.9479452790821449 112.33482149164598 0.46908423514774933 0.8786911164411776 0.08866736842383471 14.036205902434206 -0.8267301454428971 0.4722069683658848 -0.30583957501060366 -20.71828333792961
-0.3047970440184262 0.07025488053028237 0.9498226222402295 113.17356728671048 0.47258135785957867 0.8770038354655597 0.08678209943470233 14.103810344912558 -0.8269012166886844 0.47531939192544365 -0.30050932347998804 -20.998719343858223
-0.2990639161390427 0.07047825882943953 0.9516268118837079 114.01428290607029 0.4743351787344346 0.8763116148318333 0.08416704774314271 14.166513095227222 -0.8279896812633303 0.4765614008112648 -0.2955035007884905 -21.268653939200735
-0.29545145693080516 0.07074349111038097 0.952734902826059 114.78080056550151 0.47808751117952114 0.8743497272889638 0.08333598288786201 14.223675219748545 -0.8271280241000396 0.48011239606495293 -0.29214948039168914 -21.513565298970057
-0.29456541995736757 0.07178605855206321 0.9529312541641707 115.60231087409036 0.48099482175027464 0.8727920591373564 0.08293372628909851 14.280951974014965 -0.82575734620696 0.48278440664993866 -0.29162308187265534 -21.77489962533301
-0.2933303539535746 0.07293978260319206 0.9532245756186053 116.41967235854274 0.48534314442285836 0.8703990463923157 0.08274981692475486 14.339335947990236 -0.823650007959208 0.48691404596001037 -0.2907152838012646 -22.040550278248187
-0.2901460110722085 0.07477436807112997 0.9540566472377041 117.26301784711791 0.48800767595685485 0.8691383775094141 0.08029314383863906 14.398864560769866 -0.823203377341271 0.4888837025508891 -0.2886674988876623 -22.304432288652368
-0.2868062671833484 0.07608682829878613 0.9549622818016349 118.12297111283429 0.4930732973705846 0.8663883815191993 0.07905628241096324 14.459813191525273 -0.8213530839562565 0.49354023840815037 -0.2860020009502961 -22.57546903850434
-0.28323766680305534 0.07539683129021171 0.9560814515172631 118.93109897601211 0.4978782763685081 0.8636053531880992 0.07939153522373885 14.50904445419781 -0.8196911894270213 0.49849885835000063 -0.2821440096820435 -22.828072417171335
-0.28165965267222653 0.0757655738456319 0.9565183834492691 119.75840020768399 0.5036934097164179 0.8601529101551737 0.08018678294977774 14.561860828115817 -0.8166766735157861 0.5043773874505358 -0.2804329901487385 -23.08751539483979
-0.28132891614700656 0.07653543798997109 0.956554424834904 120.55223187264424 0.5075675995042512 0.8578297604317406 0.08064263172240033 14.6147379732728 -0.8143888339565093 0.5082031373863269 -0.2801792252784839 -23.334295517554136
-0.28051680112680233 0.07993193693774978 0.9565151382717189 121.31842532894517 0.5124763571074857 0.855074519323366 0.07883875829663525 14.669253097808477 -0.8115899874267959 0.5123069898618349 -0.28082599674403197 -23.57341495115097
-0.2822193120498904 0.07955998570657566 0.9560452230833308 122.1427681287893 0.5162721592603652 0.8525422574254242 0.08145401694577117 14.724763613486328 -0.8085884722643074 0.5165674282979245 -0.2816784949955214 -23.826106899498495
-0.2858405126847925 0.08008824411447155 0.9549246433424764 122.93479996969792 0.5199978289488414 0.8499910681379788 0.08436493332036463 14.776642394332688 -0.8049207782114874 0.5206736571407458 -0.2846075957579042 -24.06885189060772
