1.0 0.0 0.0 0.0 0.0 1.0 0.0 0.0 0.0 0.0 1.0 0.0
0.9998739733518975 0.0005098516689840945 0.015867497117207065 0.0033810974564403296 -0.0005064303489190745 0.9999998476442566 -0.00021963552788563723 0.008762512356042862 -0.015867606681243207 0.000211572065854714 0.9998740792197137 0.183383509516716
0.9992784020550077 0.0033354804174523865 0.0378358263656971 0.011700427427431787 -0.003325005377857755 0.9999944144299716 -0.0003397765376835347 0.019854788463706637 -0.0378367483490271 0.00021372702949055055 0.9992839110058409 0.3967207438275611
0.9980045426390493 0.0028637080285912196 0.06307719118785549 0.03625278623990889 -0.0029525988700736428 0.9999947750457651 0.0013160703181814262 0.028238775853681616 -0.0630730927712819 -0.0014996857994061636 0.9980077834920771 0.617113656260115
0.9957822183353587 0.001848168442380567 0.0917298093343743 0.07315410271034792 -0.0020723338833704297 0.9999950948141885 0.0023485697431015894 0.03538894487655724 -0.09172501883013112 -0.002528758780699737 0.9957811638606352 0.8768078408158728
0.9923227174862465 -0.002456292047402739 0.123651085680996 0.12944235771308066 0.001990758931200136 0.9999904589308614 0.0038883063309475543 0.04179898497032682 -0.12365945673335701 -0.003612295201572817 0.992318139551922 1.1764475451696692
0.9873942510389806 -0.006400044577528255 0.15815066375003392 0.20001560930923212 0.0056907022252995765 0.9999716172438907 0.00493767301680528 0.048075267667927864 -0.15817777632573296 -0.00397544161616891 0.987402646816689 1.4713966286598714
0.9805632143701261 -0.006831093257609442 0.19608446850536687 0.27462008680897665 0.00572812636018206 0.9999644262121729 0.00619151666087041 0.05989800654826171 -0.19611978786580447 -0.004947976865941398 0.9805674613877446 1.7433494537129035
0.9712617800116743 -0.00951281264465126 0.23782359236236808 0.3737706983546333 0.007654940759282683 0.999932554776273 0.008734287639404275 0.06914431741035396 -0.23789063993887175 -0.00666275424908804 0.9712690930608728 2.07662023561161
0.9594996387874308 -0.014594636409719761 0.2813315477419088 0.4932257251560034 0.011065140872884372 0.9998389362764885 0.014130257002739762 0.07788147992499152 -0.28149246139861905 -0.010445003282351551 0.9595065899107618 2.42097363254731
0.9461305769865318 -0.021176923234009857 0.32309204449115336 0.6337624803393672 0.01584026486875272 0.9996913583635809 0.019138286811161028 0.08493637321752025 -0.32339761486445806 -0.012989454781450808 0.9461740097701165 2.7374356045745274
0.9311985846392766 -0.026049978933950616 0.3635802450124989 0.7866543669804783 0.01878693215741371 0.9995473184121114 0.02349913690478662 0.09044455312381978 -0.36402781095119746 -0.015051805629156225 0.9312664473722767 3.051051010063939
0.9121914081786262 -0.028698712436404435 0.4087581421202368 0.9649156715354664 0.01927690159038465 0.9994454330683697 0.027151931493974754 0.10045915897791467 -0.4093106838456208 -0.016888168144338155 0.9122387592437403 3.3910317216234898
0.8922117252020785 -0.032554175964443266 0.45044251912891964 1.1603705724600344 0.020517550113088583 0.9992906076260439 0.031580241413407706 0.11062539822032548 -0.4511510473769156 -0.018934284714461146 0.8922467289450066 3.728262373910742
0.8688632945482008 -0.0386174387828432 0.4935435834946089 1.3870962319850646 0.02389656001343558 0.9990623257263362 0.036102960180686754 0.12244453150822683 -0.4944750042280913 -0.019574543063309018 0.8689714077330115 4.069284473523757
0.8426575276902002 -0.04508417037462136 0.5365591380348226 1.6310298427758276 0.028223455616304023 0.9988169101917114 0.03960071297536667 0.1359701279116736 -0.5377097056778074 -0.018226285872743546 0.8429330192388782 4.383815231105052
0.8142054110277329 -0.051173806959489046 0.5783172054629135 1.8852971352145291 0.03191566883142685 0.9985467659351019 0.04342518075485234 0.15556180704232533 -0.5796990070167478 -0.016899636736387565 0.8146554262643655 4.673885709533
0.7818295837920625 -0.05553444964371847 0.6210140310897168 2.1514686731334214 0.033449868046368236 0.9983269370946957 0.04716389507668015 0.17263285725429003 -0.6225942565067646 -0.016101291062919097 0.7823791537297605 4.948164897499694
0.7473564918957358 -0.05967723438808742 0.6617377892466838 2.4368244078767898 0.03534025341744866 0.9981187484363575 0.050100204672535856 0.19645533189690656 -0.6634827356530761 -0.014056732039444703 0.7480595349132859 5.216093448420118
0.7111546871462545 -0.06094188333167298 0.700389247351715 2.7519981720760063 0.03284868246681692 0.9980281464733928 0.053486287093781684 0.22290146488463541 -0.7022677374122404 -0.01503015977536368 0.7117542548429338 5.500780316001238
0.675248617260326 -0.06465248443033385 0.7347512239833313 3.1004640330670417 0.033750051940928984 0.9978159100992492 0.0567833034156349 0.24431618735631305 -0.736817642895447 -0.013544955141782437 0.6759558382825056 5.783519479427279
0.640622230013933 -0.06741501163898342 0.7648910867683658 3.4606252168085607 0.03429398177748476 0.9976564323449436 0.059207818863767386 0.2726022558013954 -0.7670900085555941 -0.011698683963372817 0.6414328176572384 6.051223994398792
0.6065534206431522 -0.07122289296619055 0.7918461008451186 3.855654488910362 0.03568156688898849 0.9974143905668034 0.06238076045223316 0.2991272452229823 -0.7942416343219726 -0.009582954021533276 0.6075264548164 6.324676976173693
0.5713677484136739 -0.07297005716852924 0.8174437392441822 4.269396284467594 0.035214783618347484 0.9973019140852328 0.06441126591400201 0.3323954352404674 -0.8199382995612547 -0.008016415580101015 0.5723957739133347 6.5940599624111185
0.5377653075977742 -0.07376994385289352 0.8398609821441956 4.692188700845142 0.036006788708061274 0.9972652816821053 0.06454044560153632 0.3693720147059723 -0.8423253439801066 -0.004466915653196714 0.5389508897416747 6.844785512271865
0.5049696397265637 -0.07386771552696719 0.859970478305652 5.163407942374549 0.03752279833949382 0.9972680389202967 0.06362780958700104 0.40859414640505654 -0.8623211133674035 0.0001383867516427037 0.5063618057179164 7.10076959102887
0.4770742084323128 -0.07236431701132073 0.875878761742838 5.665951923817689 0.03909327594594594 0.9973652886777515 0.06110807407011973 0.44941386134890665 -0.8779931180963186 0.005087884062180702 0.478646213827367 7.36245354036729
0.45298122587583756 -0.07141389791617084 0.8886551998319946 6.176654536011205 0.04137940029191314 0.9973964481834696 0.059059888100818234 0.4908416060162297 -0.8905592367919751 0.01001899872333975 0.45475693005063333 7.614874003583944
0.43103591382077605 -0.07184481291265352 0.8994700461128401 6.744327193908823 0.04418725046635906 0.9973098940665376 0.058484716749038546 0.5335216066609227 -0.9012521999379043 0.014536094886104522 0.4330510062943514 7.8807301891449715
0.41522502781549214 -0.07376539057402795 0.9067231349365058 7.356060423106769 0.04869582546081669 0.9970804047212809 0.058816520668399735 0.576179725808701 -0.9084144939719497 0.019731540089605874 0.41760480536911787 8.160666278434883
0.4052753198362016 -0.07575673874896201 0.9110504001787091 7.998970225075244 0.05091729208316543 0.9968842004799772 0.06024383952168312 0.6214293763654614 -0.9127756265909942 0.021972877998073154 0.40786989118332784 8.447017825195616
0.39627768821548226 -0.07766333603171915 0.9148400953494646 8.636155994868428 0.05216053164088902 0.9967110268125869 0.0620194160657663 0.66872387103522 -0.9166478455554963 0.023141634916813664 0.399025302420591 8.725298001576702
0.3886716096247695 -0.07841217382214748 0.9180337198971379 9.243071816888504 0.05230652554179754 0.9966430618756188 0.06298122419370077 0.7113440681330812 -0.9198904322023557 0.023540140434526888 0.3914683314533714 8.987534774082887
0.3780711670407847 -0.08018687192738104 0.9222972721541145 9.926691541273453 0.05241598272176014 0.9964977893814164 0.06515151965428312 0.7568955072767328 -0.924291489416478 0.02371120681138114 0.3809501558784517 9.270165851177266
0.36902369586024064 -0.08148870356652484 0.9258407547114654 10.653273861998619 0.052665950523611574 0.9963817764183573 0.0667057214700752 0.8037531998175954 -0.9279266186229885 0.02414429150846628 0.371980165651962 9.563596543675114
0.3599221375543879 -0.08278396686488237 0.929302356463382 11.357171844212177 0.05283673721947612 0.9962657241031743 0.06828532915039733 0.8506114619248748 -0.9314850154985215 0.024523902774479685 0.3629521236946101 9.836757486803622
0.34910876169910265 -0.08378933032839905 0.9333286777057896 12.130686175291773 0.0541940208897962 0.9961327197263683 0.06915643708538624 0.9060201882706131 -0.9355138056729657 0.026437715742232325 0.352299540989791 10.127842314921981
0.33952652223633806 -0.08631882774902778 0.93662735422052 12.928426341565915 0.05417723893332656 0.9959217079294049 0.07214415053584601 0.9597891743998885 -0.9390349128119034 0.026249031429963945 0.34281834966834857 10.427716651397969
0.32815888567496104 -0.08900689706493768 0.9404198626291554 13.72211076431362 0.05272421208090679 0.9957248440892625 0.07584320881833549 1.0126688266059596 -0.9431499897752295 0.024694273390518467 0.3314487737927219 10.71631323325396
0.3149877688843635 -0.09189450327223053 0.9446364939602964 14.579686193424761 0.05240807579077943 0.995467107560885 0.0793639172185554 1.0728201715237486 -0.947647666089649 0.02450791775561128 0.3183759773006209 11.009846066831184
0.30350436183569884 -0.09453501495203731 0.9481288062783049 15.397472207635285 0.052526404164387995 0.995212876162868 0.08241545962494845 1.1274150952367574 -0.951381142977022 0.02478834539960719 0.3070170332735388 11.278322687239013
0.29014068770282125 -0.09397569806221717 0.9523586244230967 16.211128053140175 0.05044725636031527 0.99528497896696 0.08284253115673618 1.1852093445788061 -0.95565341817264 0.024007890712371326 0.293513484389546 11.530945451194434
0.27588054159833725 -0.09305195740569902 0.9566771973818422 17.04231381939774 0.04865524201858221 0.9953789436659461 0.08278542100260565 1.2488785351816212 -0.9599596836281832 0.023708473789627264 0.27913314758201907 11.779999446351159
0.25832750804353855 -0.09255631096071784 0.9616133463556747 17.813684059868393 0.04810034389786295 0.9953975084045148 0.08288641130481902 1.3075289552072122 -0.964859189470113 0.024842092573437054 0.2615905482460136 11.990410554305392
0.23788623420664695 -0.0917015274675082 0.9669544815735155 18.678306096642668 0.0461954385803999 0.9954748108877909 0.08304144954347437 1.3697762875921842 -0.9701938574477499 0.024914468648613363 0.24104594628952475 12.216050971706917
0.2144096677962709 -0.09018965741965511 0.9725709845815976 19.520695703999333 0.043467855555787846 0.995622363789729 0.08274451193362573 1.434663425827189 -0.9757761218070845 0.024534351759889984 0.21739141127203732 12.408902575970355
0.18789031227187836 -0.09017416643011766 0.9780418448425454 20.343325376321552 0.04061842082590392 0.9956381159254778 0.0839933688214417 1.4986528030682076 -0.9813497717144413 0.023944974942530204 0.19073348875070628 12.574279535730764
0.15894510039422505 -0.08994162688668834 0.9831820578171907 21.191853332067435 0.03837664850768628 0.9956520045098934 0.08487825849267139 1.5600473143381548 -0.9865412753199875 0.024240248934509375 0.1617056660157763 12.724460152268978
0.12852167987567226 -0.08983355011882173 0.9876295414146868 22.052779013013346 0.03682717883789456 0.9956341657007999 0.08576926598796286 1.6266091320658713 -0.9910226721426595 0.025348399600790116 0.13126889173334905 12.850162848451463
0.09657046782853634 -0.08935328798464798 0.9913072856938511 22.910796035035496 0.03316565111168163 0.995698071216465 0.08651815163391995 1.687598917590884 -0.9947734336670416 0.02452225320284247 0.09911848852832578 12.94850570931575
0.06283670008867631 -0.08744261410002215 0.9941857665252107 23.75021220707339 0.030375899868566838 0.9958604079465009 0.08567002154665418 1.7534293968285066 -0.9975614536604454 0.024816065844206616 0.0652327298744691 13.018315815946535
0.032046211134612645 -0.08541698500379707 0.9958297942041988 24.550755657791363 0.027814918509298226 0.9960318521139468 0.08453922097335581 1.8147422744091353 -0.9990992796815724 0.02498976285045319 0.03429491350683339 13.052105904421172
0.0017304631322916375 -0.08295193019794142 0.9965520471976282 25.40344321314219 0.026528292395745133 0.9962066221201159 0.08287711232055953 1.8798560860599733 -0.9996465651418575 0.02629340830825556 0.003924471890806025 13.064609894935096
-0.028291526675557788 -0.0791779367370806 0.9964589524172207 26.23949274538004 0.02653424367333249 0.9964472240823914 0.0799303667649587 1.9440164219235203 -0.9992474785712748 0.028701636757430104 -0.026090086553979153 13.04884251701221
-0.06003024763292075 -0.07553748329785334 0.9953343448239678 27.07572973693374 0.02663296650299645 0.9966564276147696 0.07724409614602462 2.0108108118457695 -0.9978411970170309 0.031145688484805648 -0.05781774489226443 13.002850861506966
-0.08872645999861539 -0.07324609038115146 0.9933592630765521 27.85704802196325 0.02702785276795832 0.9967482891365317 0.07591009997458104 2.067522192552034 -0.9956892640130593 0.03358360235700618 -0.08645826265811041 12.933999975648865
-0.1183967912446433 -0.07008466836608414 0.9904899490065452 28.669829295828784 0.028859711096045376 0.9968417691212167 0.07398381181539486 2.1226361762573416 -0.992546883980009 0.037344699694855904 -0.11600024356127836 12.834116758497915
-0.1460910214563631 -0.06322220464662902 0.9872488877124433 29.529839425754584 0.03018213425344886 0.9972063852070815 0.06832615951546592 2.180949756205679 -0.9888106250550425 0.039779116906309836 -0.14377471834926636 12.712771466847707
-0.17015282979196372 -0.053376650058870274 0.9839710096045919 30.34259770170374 0.031192828655544257 0.9977397793557354 0.05951756153972052 2.2346067566748036 -0.9849238660699886 0.04081992062291972 -0.16810327815389453 12.575988956990981
-0.19112385201454996 -0.0412108707947962 0.9807004319971799 31.15169904143356 0.029465888411269344 0.9984270826734928 0.04769823900557822 2.28368693930766 -0.9811235572603765 0.03801348066716931 -0.18960891507603672 12.423258101021593
-0.2110282523912727 -0.029520438467554932 0.9770340937783945 31.97643642011442 0.028035607520586623 0.9989498553175049 0.036237981070802686 2.320382625120885 -0.9770778277105857 0.0350389822029626 -0.20997901876745567 12.257438428648634
-0.23300779928796245 -0.020769774903507593 0.9722530441821399 32.758367698212616 0.02964489313989189 0.9991555578732543 0.02844910335512136 2.34880684191912 -0.9720229142266682 0.035451200564206746 -0.23219531992882936 12.07016572775694
-0.2564064643428657 -0.016839646702412277 0.9664223462555741 33.56079443481226 0.03209915118068116 0.9991483736390112 0.025926279100535472 2.3710735355821617 -0.9660359048900153 0.037669002554580895 -0.2556475634733733 11.856521248466077
-0.27940999577958475 -0.016503357288073707 0.9600300482050939 34.362575488844946 0.03495625176297002 0.9990146075678412 0.02734729106796626 2.392117660078404 -0.9595353639763031 0.04120015854695703 -0.278557771771978 11.625696134165763
-0.30102540467489275 -0.019365861885129437 0.9534194612728248 35.1256432219009 0.036709689116274966 0.9988173831570988 0.03187842261141525 2.4111698306817764 -0.9529092844889822 0.04459594708773027 -0.2999584921919111 11.384891342023494
-0.3212536582601684 -0.021097882180766046 0.9467581351231927 35.88946942203622 0.04021995713791727 0.9985457381528776 0.03589935743922182 2.42949177705867 -0.9461387013024481 0.04961137152116869 -0.31993791540470085 11.122057385032639
-0.3356512361266327 -0.02073962610111492 0.9417579920530802 36.656597164984454 0.041855938948864455 0.9984418081364128 0.036905773803020285 2.445702994519204 -0.9410559643620419 0.05180563361717256 -0.33426015057758673 10.846548825700168
-0.34612340337379016 -0.017678173925406375 0.9380224260664602 37.436802848984634 0.0433018375218749 0.9984559311644172 0.03479517768061963 2.4621495739674275 -0.9371891700740966 0.05266152000521658 -0.3448234675983735 10.56220049148954
-0.35407964980840373 -0.014987824531492347 0.9350951645192972 38.23948244863172 0.04456338720271469 0.9984654019736527 0.03287773688399406 2.481158277603434 -0.9341529350767889 0.053312345450237095 -0.3528683716487148 10.259565794021716
-0.36356353829339616 -0.012825715139290228 0.931481108050374 39.05865561726436 0.043257919271901875 0.9985941771140994 0.030633671900062803 2.5005978872792274 -0.9305645093403532 0.05143122072225059 -0.3624976186006843 9.943592654871404
-0.37571975017611436 -0.013201398732929574 0.9266393000510462 39.83866673573587 0.042681515256086766 0.9985910079171161 0.03153231933307514 2.5180536255451145 -0.925749943334075 0.05139768456431473 -0.37462690832131174 9.627173884697124
-0.3847211187183198 -0.011512648501403603 0.9229610607910865 40.6247378552404 0.04448458897292533 0.9985290432390542 0.030997921736937085 2.532563540446779 -0.9219602931558575 0.05298309855588399 -0.38364307515108764 9.298800848173862
-0.39328580168944766 -0.009909420660900881 0.9193628671920864 41.38161239294092 0.04700429527118691 0.9984175968685118 0.030869053911074015 2.5462647424474913 -0.9182139589526765 0.05535436428567335 -0.3921976796705731 8.970531334929529
-0.3996989941425689 -0.007256942058502448 0.9166177234122078 42.18332565674733 0.04820674859894473 0.9984184609066182 0.0289255304251815 2.5640248640424446 -0.9153779675472516 0.05574866556985466 -0.3987170209763356 8.618721183277886
-0.4021765303129976 -0.005657633612625983 0.9155446628359014 42.965889593609056 0.04924952440736921 0.9983994368281262 0.027803756705323354 2.579828869089011 -0.9142365792348537 0.05627215761978702 -0.4012541856052936 8.271896375514293
-0.4034136050215272 -0.004559665349817145 0.9150063785217203 43.73121345784905 0.052933061705501556 0.9981966440748289 0.028311671378277885 2.5963739040329203 -0.9134853880944224 0.059855402510113585 -0.4024447496592985 7.931734944315169
-0.4002028453746077 -0.0048318021727309195 0.9164138455096758 44.556053454785655 0.05353538930000444 0.9981550978281661 0.028641975702483582 2.6135025605481754 -0.9148615439762267 0.06052317215255891 -0.3992058378656641 7.572509958690412
-0.39431636485393884 -0.004943562274982261 0.918961460345541 45.39471065989854 0.05369446186268788 0.998153203331895 0.02840928446042907 2.63514628815091 -0.9174047684493755 0.060545386862341476 -0.39332270078910725 7.2171913763763325
-0.3867413760671986 -0.005095809742776184 0.9221741379808454 46.222511304628455 0.05438188096266808 0.9981184636078021 0.028322140246861686 2.653939111961392 -0.9205833580184969 0.06110290769076485 -0.3857365883749194 6.876095904688164
-0.3806228997134131 -0.005607994570008285 0.9247133386140031 47.086141147453596 0.05246071966562989 0.9982401999110987 0.027647353826613017 2.679537170828123 -0.9232410742086367 0.05903434321098608 -0.3796588800696361 6.528596107372771
-0.37560303774041126 -0.0062118932915637415 0.9267598234828209 47.9802405470441 0.05045692395417016 0.9983573753096948 0.027141296760108173 2.700064143573084 -0.9254061037540537 0.05695580344856347 -0.3746726298894413 6.177547424841726
-0.3734743281562489 -0.00705436381355147 0.9276136923091557 48.88822513934008 0.04960959494363307 0.9983881938539827 0.027566328419131682 2.718756198915532 -0.9263130217684342 0.056313855525694796 -0.37252239580737156 5.81867807660369
-0.3733709534526709 -0.007461966696600226 0.9276521169979953 49.805398494408024 0.048371196265394864 0.9984507775862119 0.0275004019851278 2.7395519685467047 -0.9264201846299002 0.05513949392683796 -0.37243157454731757 5.460680433429862
-0.3743747666784328 -0.008065765288210208 0.9272424049323805 50.71134187296521 0.04765550798940033 0.9984733712038589 0.027926323694202282 2.757433988741336 -0.9260520971482876 0.0546431187535692 -0.37341885723693996 5.106544054032792
-0.37656511026843253 -0.007458799849558745 0.9263601265346684 51.66535080961447 0.0495481222640576 0.9983741157121773 0.0281799335704234 2.7781827708335967 -0.9250641606443462 0.05651098460239123 -0.37558328944541597 4.717627162838077
-0.3773662869805448 -0.008123919002547608 0.9260284484779923 52.57920692044947 0.048070604941976326 0.9984415764207886 0.028348464065685287 2.796823870651567 -0.9248156045347796 0.05521250233788589 -0.3763876687599626 4.349806471982569
-0.37826766831806774 -0.008297701037847122 0.9256590729111334 53.48471026074739 0.048916350270587564 0.9983835524595239 0.0289391232504774 2.8190930610801814 -0.9244029217724365 0.05622659811679562 -0.3772503252255655 3.9815298115376216
-0.3798444584066254 -0.008511144216079323 0.9250112149816945 54.44720100761336 0.04841675710368669 0.9984041557192188 0.029068186633441302 2.8396629747984496 -0.9237824446531446 0.05582743292259703 -0.37882620379790644 3.592182217038439
-0.3803996160883786 -0.007961040598149009 0.9247879507824532 55.40720541997743 0.04957440871186175 0.9983497305361813 0.02898609216855602 2.857078831567791 -0.9234925609233049 0.05687211417671548 -0.37937719033751505 3.2042974162751436
-0.38195648151636574 -0.006885696859756072 0.9241546588133362 56.36184187381369 0.05124668109100057 0.9982758961773345 0.02861839947476835 2.872654933994931 -0.9227583778567365 0.0582908422489818 -0.38094507977543024 2.8176926304934056
-0.3821444179359386 -0.006188808381360385 0.9240818916585377 57.298599339664065 0.052011912079306215 0.9982483814127974 0.02819450316257903 2.89155927810706 -0.9226377430184921 0.058837638103079584 -0.3811531549130794 2.4312398504445674
-0.38132614694712874 -0.007264908763879849 0.9244120243458054 58.20681480501449 0.052262544540339816 0.9982004123049151 0.029403457491715912 2.907423340864516 -0.9229620772776237 0.059524431748238044 -0.38026023448741464 2.0622012660839655
-0.381372354874758 -0.008548936496564113 0.9243819787415047 59.1852142538915 0.052826601833019404 0.9981216177084411 0.031025576575792475 2.9209622302085307 -0.9229108716859161 0.06066425593265317 -0.38020438053247146 1.662715715679816
-0.3801973424284635 -0.009718684291761627 0.9248543279814236 60.15155729104007 0.05338782104787362 0.9980469498428639 0.03243495757845327 2.9327955742764495 -0.9233632662035531 0.06170764203073155 -0.3789359385713016 1.2691331209024153
-0.3785238539785815 -0.010362572194856624 0.9255335267113279 61.06747297778422 0.05414983811294204 0.9979767454992721 0.03331982105330028 2.943452080244398 -0.9240062158890189 0.06272983771849061 -0.3771968722806011 0.9012316630519712
-0.37768967421816707 -0.009899191053271174 0.9258793204329958 62.001492212226424 0.055263949962174354 0.9979192319184309 0.033212985441057045 2.96159610952593 -0.9242815619839841 0.06371195008646661 -0.37635672120028146 0.5274097087945195
-0.3758808462329542 -0.009155851411031049 0.9266227710455522 62.95264669068374 0.055317819408687685 0.9979462139970974 0.03230004372640907 2.973714248357353 -0.9250154205693365 0.06339971887791966 -0.37460238567731335 0.15241145337339707
-0.3779130389098904 -0.006931502604352279 0.9258151485547954 63.86486650251311 0.05341097033164073 0.9981433947473157 0.029275104962014187 2.9881801977691977 -0.9242991957532607 0.06051212931264452 -0.3768411852968377 -0.20892189497560376
-0.38075899683841824 -0.004994740598803556 0.9246608237039959 64.82495145836639 0.05040408288646897 0.9983865406678716 0.02614849597231917 3.0051239052010907 -0.9232995260233678 0.056562955895100554 -0.37989290236253886 -0.5908218655931616
-0.3848675504488283 -0.004499901924322407 0.9229608439658694 65.7605687480892 0.04727922260667747 0.998579150211357 0.024583650519653236 3.0168296396583965 -0.921760079262075 0.053098320555698256 -0.3841079596063292 -0.9704979026814993
-0.3897348760082312 -0.004773690529839274 0.9209147291153368 66.7026413672264 0.046858667123543765 0.9985884588439768 0.025007102571394914 3.0260689673097816 -0.9197341962427263 0.05289897676077176 -0.3889610604153194 -1.3607040515690627
-0.3933363370050816 -0.006980113430056348 0.9193681547714868 67.63938418693574 0.048049456462719894 0.9984485570314166 0.028137673953604135 3.0313112001006317 -0.9181382116680811 0.055242709730657626 -0.39239070745438426 -1.7573094058020473
-0.39956960885719556 -0.008099602930843428 0.9166670737569178 68.56599809574398 0.045971101184199156 0.9985257513276695 0.028861423932738467 3.043488523167813 -0.9155494446143364 0.05367234267176903 -0.3986081962259486 -2.14612082537724
-0.4037777547032739 -0.0053878960706886594 0.9148412405345061 69.4899640273022 0.04739623570083941 0.9985165868351198 0.02679967642590521 3.054689407283924 -0.9136285468658327 0.05418114423924804 -0.40292341947416327 -2.555852321413607
-0.4089488113604333 -0.003360543683149808 0.9125511363386944 70.38085282466746 0.04742835207233596 0.9985634481317185 0.024931736301257567 3.066946774217244 -0.9113239934878217 0.05347660050383289 -0.4082019501324831 -2.95700862042442
-0.41473526750333756 -0.001338597254083338 0.9099411332862838 71.27888493739574 0.04715317068510787 0.9986237465371153 0.022960647780852085 3.0766388127734654 -0.9087195587106488 0.052429199970690225 -0.41410136755045523 -3.3665930311566368
-0.41849764401862505 0.0011014528703315804 0.908217214521083 72.17699553269604 0.04825527155638349 0.9986137392178709 0.021024476505304257 3.085600065768586 -0.9069350311449438 0.05262496220309182 -0.41797064805467304 -3.782512626595496
-0.42210496298653327 0.0005118703253691979 0.9065468207494348 73.0573953950667 0.04784590045284888 0.9986186802817016 0.021714078435174797 3.090424923794344 -0.9052834749579791 0.052540169215590224 -0.4215463919746006 -4.184593105581836
-0.42541748713223054 -0.005185490992144031 0.9049823602287888 73.98238335592336 0.04975699528489634 0.9983370314068418 0.029110361419834432 3.1018539729921115 -0.9036283545032866 0.05741325983555519 -0.42445201676130334 -4.618786371764942
-0.42601199253651834 -0.009911178182818087 0.9046632250523362 74.85998992158719 0.05221170277184915 0.9980041196803862 0.03552063054960559 3.111495749317888 -0.903209676824119 0.06236622201164605 -0.424644244095295 -5.031683930507658
-0.4267263902182175 -0.012363445892073211 0.9042962640069921 75.7276650044887 0.053151200643950916 0.9978353693795754 0.03872370701822105 3.122324096493591 -0.9028175550804473 0.06458885988156417 -0.42514555321414754 -5.440596503835672
-0.42710840995967764 -0.008002061669382218 0.9041650143368496 76.59748534557212 0.05340523267381854 0.9979918841458937 0.034059951585172235 3.1427167296452443 -0.9026218960698722 0.06283443473103244 -0.4258233748248919 -5.846881229382041
-0.4264594968032952 -0.003454813045204938 0.9045000618314536 77.4520997241173 0.053979235216420396 0.998113183775464 0.029262852544781812 3.1575646085096034 -0.9028945341244077 0.061303642962143495 -0.42546835793962334 -6.248440545394194
-0.4254127886683301 -0.0009466081370961762 0.9049989299278037 78.33588591090042 0.05625098613732817 0.9980382538342204 0.027485822565802887 3.1701122356549454 -0.9032495700502786 0.06259990268822684 -0.42452498912008907 -6.664813193201182
-0.4222577455744144 -0.0006317364255923989 0.9064755910731971 79.21832073321035 0.05861029005888514 0.9978882571883694 0.02799750104513826 3.1778020056294634 -0.9045790348010653 0.06495095899713682 -0.4213290195603975 -7.077923503328577
-0.41902729002221273 -0.0022629870600788353 0.9079708195235168 80.07530204443292 0.05762981564335548 0.9979143097176891 0.029083239324069116 3.1918758024491343 -0.9061428886028702 0.06451286189771878 -0.41802291334831465 -7.467259075317795
-0.4164734960221382 -0.005427445735475826 0.9091316571013721 80.95761816434108 0.056766266840691304 0.9978757582032467 0.03196188572765006 3.2057734104550324 -0.907373913036996 0.06491928852879085 -0.4152807097817644 -7.8641323916139285
-0.41358183596153736 -0.008798995621529793 0.9104244299439335 81.82162079263111 0.05778168709275784 0.997683873010605 0.035891031905944504 3.2226443807141405 -0.9086315763825283 0.06744973840283744 -0.4121155070972096 -8.251427712050472
-0.4112777569379438 -0.010771166173707127 0.9114464266359008 82.67936492643105 0.055945729471165315 0.9977466744380854 0.03703578001988138 3.23915986264712 -0.9097915596454131 0.06622352774505634 -0.4097484135063454 -8.622487746165929
-0.40862212208564785 -0.013005996790423736 0.9126109825055304 83.53781209178415 0.05161413397467608 0.9979690618689797 0.03733272996169401 3.2588351933282467 -0.9112430754284315 0.06235860485799906 -0.4071209425759106 -8.993056376635588
-0.4066539892525668 -0.01271108736713666 0.9134938211520199 84.35922907360447 0.056251035240575814 0.9976576629523667 0.03892311121667751 3.270911405859069 -0.9118488657992273 0.06721321157605377 -0.4049864567245377 -9.360656541729625
-0.4036204139903006 -0.009950976607870792 0.9148724170477806 85.19919841931764 0.06010537093736515 0.9974923923964618 0.037366716415345544 3.2831582215446518 -0.9129501113394861 0.0700707155360406 -0.40201018523103005 -9.734678117145974
-0.39977865263256385 -0.008328819849414481 0.916573870268626 86.09385165572208 0.06207268138642111 0.9974171980857022 0.03613744855917611 3.3001115840557618 -0.9145075238207677 0.07134117831086931 -0.39822911138241135 -10.12451840599818
-0.3936517018729465 -0.007185094118325755 0.9192315878139978 86.95112381590266 0.06601631326648054 0.9971665636626574 0.036065089711646736 3.3154828552869584 -0.9168861346946167 0.07488136440876343 -0.39206198141243853 -10.49123954736575
-0.38647233297710315 -0.006502696113912035 0.922278076713572 87.8008222779772 0.0703856954138823 0.9968510048482097 0.03652297926263713 3.3326486578725403 -0.9196113253567181 0.07903030479736839 -0.38479763668621425 -10.8475587632156
-0.37733345254596823 -0.006348834466599534 0.9260556991297311 88.6356221385161 0.0697751155240682 0.9969392019755514 0.03526557553696563 3.3502365305448096 -0.923445124976759 0.07792252476188262 -0.375735520401507 -11.180982644805267
-0.36643810792264203 -0.007361988465528945 0.9304133028863614 89.48558405152802 0.06899517783633712 0.9970006545244043 0.03506223485806229 3.3689858771665966 -0.9278807997245156 0.07704217029486593 -0.36483109173815015 -11.515079199654602
-0.355184019323738 -0.009342489541689591 0.9347497153282254 90.32996571327632 0.07144325374164646 0.9967541223662486 0.037109042573162165 3.3827450368945944 -0.9320623229762277 0.07996209999151764 -0.3533636776086434 -11.838993497245431
-0.3435104052552912 -0.010386040206884769 0.9390914394510084 91.12919208282061 0.07095717588569189 0.9967936522238037 0.036979644085064226 3.397060560711096 -0.9364644577727832 0.07933816896772962 -0.3416720273495847 -12.129567418239672
-0.3308807339607942 -0.011273196971823544 0.9436052431624151 91.96740569379183 0.07079693770397524 0.9968141195717553 0.03673424334494613 3.415175248629296 -0.9410131420470733 0.07895901501678411 -0.32902847968264637 -12.42324315240422
-0.31763403071850965 -0.010291775360265876 0.9481575301021693 92.778800261091 0.07333598135836703 0.9966793151923226 0.035386106114796395 3.4295011674383074 -0.9453731836516824 0.08077389446904372 -0.3158245107723365 -12.69487561430654
-0.3047077151323958 -0.0076540658412718315 0.9524151529742124 93.58016884148083 0.075882268084515 0.9965939392899296 0.03228624414406672 3.443844496581903 -0.9494182901804371 0.0821092896490888 -0.303089054279724 -12.950830346079218
-0.2917483122057942 -0.0026915403882165276 0.9564913370937603 94.40072611542905 0.0763940428039307 0.9967358746351591 0.026106444402790325 3.453566273235686 -0.9534394960086047 0.0806867512397381 -0.2905903914881478 -13.203333092242204
-0.2767630821435696 0.0005150451033367406 0.9609380474780532 95.25869869268851 0.07441184452245256 0.9970086173222746 0.02089723378566121 3.4641599047060714 -0.9580527510305256 0.07728875541544036 -0.27597350330996306 -13.444513750572373
-0.2640134270406297 -0.0015096518188472685 0.9645178232120173 96.12753262004101 0.07172399052739985 0.9971993302346337 0.02119351227200402 3.4734579476100778 -0.9618485221307396 0.07477443902152647 -0.2631657343651116 -13.676314644114893
-0.2505163319668384 -0.00389890306038964 0.9681045222354899 96.97657917953626 0.07227102793473356 0.9971262810817241 0.02271735234104931 3.472595572344125 -0.96541103470964 0.07565697675070092 -0.2495146407123361 -13.88800320169206
-0.24056756755655945 -0.0027995837516556973 0.9706283571845291 97.79949038637774 0.07046902562199345 0.9973065305995947 0.020342085716229363 3.472500913366903 -0.9680709487779329 0.07329288065165032 -0.23972232223548956 -14.082413795765484
-0.23447153009275334 0.000953624707890191 0.9721225191177704 98.68991092889694 0.06658535762021713 0.9976667486932985 0.015081402531952802 3.473714900377219 -0.9698399309816806 0.06826528511373478 -0.23398794653099042 -14.291594026134302
-0.23121551331495266 0.00627258773660936 0.9728823366911281 99.5480987912723 0.06170263209646334 0.9980606510132453 0.008229343314381937 3.4724219117949207 -0.9709439590392803 0.061932152732680046 -0.23115414091688818 -14.48519659358717
-0.2291325549862197 0.00890283795160456 0.9733545149234653 100.37584484522787 0.06082092240639628 0.998135211019562 0.005188055567292946 3.4655776789387622 -0.971493225731977 0.060389071853619886 -0.229246749938873 -14.675346841771205
-0.22562012610680332 0.008486237651030553 0.974178393553296 101.24303865218552 0.058373022633312774 0.9982831907430316 0.004822997881272384 3.459584405659971 -0.9724649859630942 0.057953902805956345 -0.2257281467282201 -14.87046222545179
-0.22324637590886687 0.007812160526707357 0.9747307452786447 102.09814578931854 0.056038698248792485 0.9984169012468295 0.004832763522021569 3.4521573299428643 -0.9731498959266953 0.05570153905040646 -0.22333073815594295 -15.061738062340659
-0.22062413394119618 0.0059880797796376395 0.9753405222911895 102.93762791166938 0.05593378349227659 0.9984131747112622 0.006522608927270895 3.4424996141015396 -0.973753769382659 0.0559935305506956 -0.22060897794408107 -15.24876698943516
-0.2159344856567869 0.002808839714363444 0.9764038141689115 103.75734184346362 0.05611924493424582 0.9983785054722756 0.009538876189370393 3.437612578820418 -0.9747937875531161 0.056854817125772436 -0.2157419790338589 -15.425415161745907
-0.21148471617074877 0.00046891687724689643 0.9773811922393129 104.57985166939449 0.055464933981773976 0.9983941477882667 0.011522445944268656 3.4311687509788023 -0.9758062594206781 0.05664720451269746 -0.21117111141517758 -15.600310954390487
-0.20906795576206944 0.0009144681139879492 0.9779006869930804 105.41243189866657 0.05326321380884007 0.9985257902668672 0.010453526997277675 3.429644201590979 -0.9764494968651598 0.05427163089494846 -0.2088084532574755 -15.7679898569369
-0.20532716605951074 0.0013250757303369422 0.9786924946336716 106.2568756313419 0.047571935028830586 0.998830549391813 0.008628128375378491 3.4262235633451947 -0.9775365291770856 0.04832988491563126 -0.20515008249683697 -15.94005937311689
-0.201736829970036 0.00235113410759321 0.9794369421264694 107.10582165208817 0.04600060552113323 0.9989163433520047 0.007076953860857483 3.4189056934277557 -0.9783589299052419 0.046482374645318306 -0.20162637010570422 -16.11212287575861
-0.1979837320672218 0.004016370547869203 0.9801970774310423 107.98739806020352 0.04525760314915381 0.9989625952658334 0.00504803099679324 3.409822115631694 -0.9791599415794788 0.04536079835467065 -0.19796011411064268 -16.289804701754967
-0.19541416219521973 0.0028904349093971174 0.9807165495695355 108.86792760939497 0.04511762655638377 0.9989633869494401 0.0060457678107979085 3.40112601014012 -0.9796824510970171 0.045429031692717434 -0.19534200288725173 -16.464605653257166
-0.19082152584795747 -0.001241135559900436 0.9816239630609979 109.76656140582566 0.04429979819324893 0.9989694784096079 0.009874668909543905 3.3946309168594455 -0.9806246341761432 0.045370042853822 -0.19056989809082564 -16.63479382833729
-0.18492627986969945 -0.004017972049101048 0.9827441818266677 110.63237869882902 0.04520495195892059 0.9988983904670716 0.012590386836218083 3.3902594910864234 -0.9817121692899328 0.04675319692712548 -0.18454093108345415 -16.798674896560907
-0.17985825684914852 -0.001378688264239862 0.983691570901091 111.4762217952087 0.044961111226340486 0.9989424105111651 0.009620756697675394 3.3855401080441716 -0.9826644930598026 0.04595823866091121 -0.17960605329082974 -16.944091677884977
-0.17571626223980352 0.000156981531764383 0.9844408415650335 112.31837103890653 0.043566778000947964 0.9990214792311228 0.007617078801974195 3.3853333352555435 -0.9834763500151332 0.04422736021579914 -0.17555115940731703 -17.086613691889887
-0.17200320405408115 0.0011738194546219612 0.985095690754466 113.17464139428989 0.0426717602895382 0.999069532142538 0.006260257046050169 3.380447732470738 -0.984171742466183 0.043112551448254384 -0.17189324954371915 -17.232694156427932
-0.16610970883830006 -4.359612061067414e-06 0.9861072784492817 114.01355523899332 0.041307893830719075 0.9991222038912497 0.006962729261010988 3.373935378190413 -0.9852417076722471 0.0418905916941487 -0.16596371829586393 -17.37118243335756
-0.16019714188708956 -0.0015385914766227818 0.9870838406475286 114.84838226660989 0.04298320467050698 0.9990393536111959 0.008533115045338494 3.366341500270014 -0.9861487310986417 0.04379500739115977 -0.15997711548889493 -17.50884833378045
-0.15339417854898846 -0.0019848602159649384 0.9881630869027664 115.69938426577754 0.04439552941500816 0.9989744038709727 0.008898167148130496 3.3578099673241306 -0.9871672922839585 0.045234950431696105 -0.1531487391531507 -17.6427360811652
-0.1471428456496625 -0.0019590107877831345 0.9891133126446399 116.59887378689389 0.044534956012216236 0.9989707777141466 0.008603660045772291 3.353746754123722 -0.9881121498428758 0.045316084891863756 -0.1469041584944547 -17.78053141010636
-0.14092431474088407 -0.002008487270184177 0.9900183349280446 117.47304347597064 0.039875357424434904 0.9991749685087414 0.0077031276653851885 3.352143041601628 -0.989217010258662 0.04056289294960564 -0.14072795859555787 -17.897869876665155
-0.13641119477662267 -0.003239225160684006 0.9906470074451207 118.29472109214878 0.03700990448369006 0.9992798986124821 0.008363683347419944 3.3476650490583935 -0.9899607330140537 0.037804651160752205 -0.136193081472193 -18.005040670041787
-0.1334697324098979 -0.0037690670517758207 0.9910457227918347 119.13343789283601 0.036132066077722944 0.9993094434480552 0.008666604669301435 3.340828331528032 -0.9903940146887934 0.03696525894807329 -0.13324137983192985 -18.117299365686623
-0.1301883284899818 -0.004227482496358698 0.9914802708661065 119.99916365064249 0.03504143621627619 0.9993465660051215 0.00886220975107504 3.333178711672112 -0.9908698687884728 0.03589664894547098 -0.12995512195215836 -18.22713796811899
-0.12661637587537877 -0.003199663766431691 0.9919465991231418 120.84581580953183 0.0360542805932836 0.9993191929017412 0.007825570210135253 3.325144402572671 -0.991296314030818 0.036754766357504805 -0.12641481297268797 -18.334114628586256
-0.12423457986547493 -0.005396358752314645 0.9922382014808063 121.69771904366688 0.03486548567787236 0.9993439599759903 0.009800386112400174 3.31680657348141 -0.9916401399066573 0.03581241365396035 -0.12396493033992573 -18.439554331416314
-0.12201708878591305 -0.007564993768017116 0.9924991692255971 122.54984162812018 0.03288388326262216 0.9993911591090454 0.011660245119582347 3.313583970254964 -0.9919831048287975 0.034059975983085605 -0.12169403342091506 -18.53586988682859
-0.12110200858167053 -0.008529681576481258 0.9926034193219813 123.40906029632572 0.02922934227266468 0.9994988246329376 0.01215504453648609 3.3105535129149923 -0.9922096295983993 0.030485145392147618 -0.12079199825579168 -18.632367217957402
-0.11727728374490543 -0.007516903780359168 0.9930707602557703 124.26883240226397 0.028082611630834326 0.9995463677706 0.010882352714003032 3.301377368382674 -0.9927020729510988 0.02916427324925246 -0.11701298869969201 -18.731456894727515
