1.0 0.0 0.0 0.0 0.0 1.0 0.0 0.0 0.0 0.0 1.0 0.0
0.9998893293325042 0.0012371278552170278 0.01482560628321379 0.003886864986270666 -0.001221209612591418 0.9999986681983956 -0.0010827042613359926 0.00554545596241951 -0.014826925982048215 0.0010644792648271334 0.9998895084707199 0.08239208906888962
0.9993090248881554 0.004705803667277597 0.036869068186341315 0.012531231396134643 -0.004635779718323167 0.9999872855367345 -0.0019845178952211315 0.014025332987297216 -0.03687793816751734 0.0018122297642148082 0.9993181342794668 0.2113394326475512
0.9980163699087579 0.005534229186204437 0.06271122468474213 0.037357011590163754 -0.005449281594087696 0.9999839889041297 -0.0015255377720542757 0.017348196741684505 -0.0627186632849743 0.001180780547007039 0.9980305481462208 0.39123903029756635
0.995922697983789 0.006261747469532318 0.08999316729240343 0.06346687064660239 -0.006139489176204241 0.999979816054451 -0.0016352847953066318 0.020808367209419365 -0.09000159061564399 0.0010761051687896005 0.9959410402650951 0.5935027457550989
0.9929100592595561 0.0043786174424244075 0.118787381192101 0.10657733607057304 -0.004286559931197162 0.9999902817241729 -0.0010304664795143048 0.02650745731967413 -0.11879073880206684 0.0005139713046896312 0.9929191790918116 0.8098547360811327
0.9882866980518594 0.002927485292570491 0.1525805763641452 0.1605081214041369 -0.0026801529917195024 0.9999947400625916 -0.0018266436682978894 0.03134555398116783 -0.1525851212723375 0.0013963083512388073 0.9882893458341512 1.026178097974425
0.9819320902065545 0.0035372369981841708 0.18920057657683237 0.21433067156534852 -0.0033015028667310606 0.9999933314941415 -0.0015611041186569554 0.039647785051132894 -0.18920483688692552 0.0009082519843073035 0.981937220384748 1.232123898257627
0.9740529265786702 0.002902480420864993 0.2263017274148268 0.2828061070211617 -0.002637737845308268 0.9999954374108517 -0.001472242011033183 0.04857598477719884 -0.2263049680466328 0.0008371170086182143 0.9740561383578087 1.4691754402007422
0.9644012702363431 -0.0014565188229464115 0.2644391584456557 0.3735317659097102 0.0011006314888919138 0.9999982783206713 0.0014939765791902265 0.05211837597636888 -0.2644408791712315 -0.0011497428459930341 0.9644012129370921 1.7222761200067944
0.9531184657350555 -0.006697874385795162 0.30252326977203875 0.4766235070864902 0.005426205606023265 0.9999725576947163 0.0050438229755200605 0.052928603333290705 -0.3025487507288284 -0.0031658073534773772 0.953128654010688 1.9585910100110024
0.9409625425215151 -0.00974959588411158 0.33837026901242756 0.5870440410281786 0.007837366812969237 0.9999446662606859 0.007017128917499629 0.054824683653261805 -0.3384199598913827 -0.003950923550558224 0.9409868867047048 2.206537741399877
0.9245177645424096 -0.010929049016773907 0.3809822291565506 0.7323064649504025 0.008195960007822299 0.999927729651441 0.008795550788024381 0.0575373097042956 -0.3810508224437466 -0.00500912783860545 0.9245405233699823 2.48662303312148
0.9067917328909643 -0.013962022637194097 0.4213476178697117 0.8955773903529712 0.009833323107742691 0.9998800040877824 0.01197009532438878 0.057441748322686385 -0.4214641846198332 -0.006711136214881956 0.9068202146696138 2.7867964707685045
0.8860761541302457 -0.019564755925566533 0.46312662351383593 1.0862724237627348 0.014375643710312833 0.9997881348038163 0.014731815007671652 0.05868846940191164 -0.46331672746585295 -0.006395766652960837 0.8861696813924823 3.088908038838306
0.8629783817787484 -0.02430345068875175 0.5046559767476776 1.2863613239666736 0.01810613130897917 0.9996884358109489 0.01718136533808582 0.061708542667944524 -0.504916310482792 -0.00568977947535619 0.8631495500884926 3.3701745555074463
0.8376204246420415 -0.02872395332430541 0.5454969832436377 1.4976298231961809 0.021340022389898173 0.9995748801768383 0.01986611093944467 0.06580449577345998 -0.545835714905946 -0.00499934244504241 0.837877305402308 3.6395008952754795
0.8098794816960603 -0.030233714229563086 0.5858166502000486 1.7199521241601037 0.021340098471047626 0.999528361021121 0.02208292805942531 0.07144703692684296 -0.5862080051696386 -0.005383125329850455 0.8101427014031024 3.903729863798816
0.7813570321751645 -0.032261983504814185 0.6232498316812884 1.955563239063082 0.022323149490536737 0.9994686543510167 0.02375049402836032 0.07856366652780024 -0.6236849086415692 -0.004644716364120324 0.7816620505964549 4.159439482491281
0.7507463993217314 -0.03134615483858847 0.659846393096371 2.219924658839564 0.01940558189621403 0.9994889485156849 0.025402070511669757 0.08847199767099939 -0.6603054348532388 -0.006265809751799734 0.7509710196348655 4.4310045413839
0.7172671302976283 -0.032596815070661 0.6960354239849108 2.5126148844377116 0.01885329340896241 0.999447350642666 0.027377849093595148 0.09831107999215728 -0.6965431911391001 -0.006514671181665439 0.7174852903977573 4.697388708582507
0.6854329749180866 -0.03426102951355005 0.7273292368326834 2.824703870728158 0.018829222042134962 0.9993923616540343 0.029332027970462728 0.10910258511266013 -0.72789222917423 -0.006410095494115633 0.6856615880910397 4.959092410014237
0.6540516462608668 -0.03505075265717714 0.7556374056130464 3.1488041974643024 0.01818743913741238 0.999365802350609 0.03061388818407017 0.12062583265631523 -0.7562312219692289 -0.006279954640697718 0.6542743316749007 5.211979321679806
0.6227281592455716 -0.034808961251358926 0.7816635950965244 3.4873545390520504 0.01720106243736025 0.9993775295096172 0.03080060003116887 0.13632590494598473 -0.782249169468174 -0.005734956656802084 0.6229392804587751 5.4637309097906055
0.5932492548128886 -0.03495427382727222 0.8042596100794575 3.8360405627026886 0.01771175951158391 0.9993817943321216 0.03036976675104979 0.14918351380078126 -0.804823965373147 -0.0037719886952939322 0.5935016064530292 5.702243952599207
0.5649853269577705 -0.034343055703537115 0.824385913785143 4.2173511915392226 0.01839293549063463 0.9994093364538084 0.029028918908500276 0.1638398815388939 -0.8248959208569642 -0.001238036309111618 0.5652832803291097 5.948086689257007
0.5409992222165122 -0.0323122595215433 0.8404021415047331 4.6138413852517415 0.018525458641739836 0.9994770648012492 0.026502911507844434 0.17869221309299052 -0.8408190345985527 0.001230780602658632 0.541314914108106 6.196674260142328
0.517253036848894 -0.03194126892682783 0.8552362546161971 5.041608006546007 0.020093798782723066 0.9994810786957398 0.025175634643043704 0.19303352529744197 -0.855596596020038 0.004162771738234998 0.5176264446590604 6.445063405803332
0.4952483051163556 -0.030697229444088727 0.8682089589400898 5.533375500878026 0.021073358156019576 0.9995059534747835 0.02331871661331994 0.20799563224400033 -0.8684958433149842 0.006747523465774103 0.49565052312256624 6.718193336353624
0.4789203770241168 -0.0314586151123161 0.8772944933181177 6.054341279030618 0.02281388445605271 0.9994661849181047 0.023385291986093584 0.22325041311081759 -0.8775618491862005 0.008814802349691848 0.4793824153141541 7.001426050712569
0.46649223828268627 -0.03119482203891996 0.8839750418987912 6.569481301718029 0.023376312158076985 0.9994636423996013 0.022934156867215418 0.24044748640783242 -0.8842163421085915 0.009965470349261766 0.4669712515228538 7.2749301396944075
0.4576993529714165 -0.03233861106863155 0.8885187204126306 7.142036165465376 0.023412174471083305 0.9994301599675676 0.024315127672661155 0.2545474080159895 -0.8887987243330642 0.0096731370999298 0.45819565476176627 7.574252404717444
0.4503994240218048 -0.03317518475774745 0.8922106062792102 7.6942490194520445 0.02281536445679796 0.9994107554787726 0.025643731749742157 0.26843881047386525 -0.8925356116063549 0.008806188144627313 0.45089093256000545 7.856180708572796
0.44171147363683233 -0.034121109704615585 0.8965080724288567 8.296940242521494 0.023353576623518165 0.9993751928815462 0.026529875835786337 0.2806836562539578 -0.8968531566072943 0.009218119412242499 0.4422323391137674 8.158606858344692
0.43155703358040753 -0.03605307483189088 0.9013649108781888 8.961086560899995 0.024337982271912046 0.9993026381833572 0.028317837818495985 0.2918409617204236 -0.9017572785324283 0.009716641135115734 0.43213354127959136 8.478390049027691
0.42122559617642386 -0.036282330278862476 0.9062298768167778 9.58661950590419 0.02413419023415143 0.9992940758453033 0.02879046443222632 0.3051432907980194 -0.9066347323964368 0.009743843698307069 0.42180388751459474 8.771911188528327
0.41003725934373864 -0.036377895000755577 0.9113430170386939 10.273199999262435 0.025176372460074273 0.9992749657058133 0.028560342844519283 0.3274236004324595 -0.9117212272507572 0.011233506529969732 0.4106558317026728 9.083801894673813
0.3987047311427949 -0.03753464328265514 0.9163109122552213 10.998637087739125 0.02468553113502709 0.999239290856657 0.030190464734206487 0.3442303541043322 -0.9167470544904597 0.01058254042891351 0.39932799541371655 9.40933062806986
0.38748907879721206 -0.039245875526589216 0.921038530717928 11.724269183131224 0.024858589414081738 0.9991749316608873 0.032117074474542415 0.36086451871356084 -0.9215390736942358 0.010450703067864187 0.38814497093245615 9.719464613509608
0.3754261081698938 -0.0411109996991263 0.9259401292784246 12.49582422078307 0.025936564815014808 0.9990905683389211 0.03384273720915863 0.3810665443767252 -0.9264893587678187 0.01131025905760217 0.3761509618890349 10.033890866706932
0.3626285667717705 -0.04230260740226219 0.9309731531940232 13.276164214275779 0.025720869080134472 0.9990429958029321 0.03537696186596033 0.396594640301084 -0.9315787457079593 0.011116741612230663 0.3633695895381351 10.336700633866585
0.348951148419903 -0.04186920573930049 0.936205140782292 14.025862616251887 0.023651628370629882 0.9990767138548979 0.035865307865908275 0.41323821883174205 -0.9368424075007753 0.009627535700213928 0.34961924155356877 10.617489403877501
0.33387266529988613 -0.03978792035837786 0.9417780867906758 14.796888629869214 0.02122564784081616 0.9991727671485977 0.03468794116622868 0.4372269173354987 -0.9423791780590698 0.008408494643482074 0.3344409992488102 10.896898041609255
0.3176177359071459 -0.039446049664740176 0.9473980066492993 15.519748074999763 0.02088730110733837 0.9991829585161404 0.03459965409342495 0.4564362143487402 -0.9479887628498929 0.008799123637052028 0.31818215055774257 11.142411635386667
0.2972156797333718 -0.037884916021417823 0.9540584745489555 16.277629437208088 0.019233008509206867 0.9992473313816516 0.03368771453115885 0.47567444860234237 -0.9546166409110595 0.008336897786238823 0.29772061573056585 11.385248217767614
0.2745873580350654 -0.035580713388201415 0.960903634940627 17.041201224566286 0.017319564986332983 0.9993360480864466 0.032054573209571745 0.4975011944327626 -0.9614061657156185 0.007840652380399884 0.2750212877110474 11.612553205723735
0.25039356900931736 -0.03526582103531373 0.9675016188438559 17.778884084543098 0.01409298879780791 0.9993632313672367 0.032779863605268786 0.5157359376347412 -0.9680415529642936 0.0054271224364655975 0.2507311270595228 11.814877514248566
0.2204099079114583 -0.034571175413126695 0.9747944944063942 18.547783828631218 0.012342086636671393 0.9993905474531011 0.032652818543646774 0.530053447425172 -0.9753292497366803 0.0048339933746592584 0.22070225897380025 12.00136339177711
0.1888724167423037 -0.03460054057609542 0.9813918752393275 19.34900695666176 0.010223779433857107 0.9993941858093204 0.03326763749672833 0.5482349131404561 -0.9819484123557661 0.0037501949773123353 0.18911174344715542 12.160132413970805
0.1555567558701762 -0.034140369972851206 0.9872368159875641 20.149958770403675 0.008959663544618359 0.9994102405307368 0.03314959353389703 0.5631554414532411 -0.9877863231146268 0.0036886664815608886 0.15577090102863939 12.293631236590134
0.1188147123796236 -0.03276080018468324 0.9923758330861383 20.937167941631646 0.009196397107734572 0.9994489719397674 0.03189324017372992 0.5790277030928096 -0.9928738542243847 0.005336896083083069 0.11905052346719946 12.39720345970614
0.0860291175121573 -0.0311091942685462 0.9958068130777383 21.696364401844043 0.0072074708038700076 0.9995056602342068 0.0306020836609871 0.5939941117659326 -0.996266552336618 0.00454457828016471 0.08621080850777735 12.470912296891415
0.052131937402498496 -0.029486236724090537 0.9982048001019194 22.505411100066016 0.00674279515835912 0.9995516093870698 0.029173873331650967 0.6132134586181397 -0.9986174421749875 0.00520979995486401 0.052307381585354806 12.516376001673024
0.019869782093254462 -0.027013848988511904 0.9994375636938971 23.280207537491535 0.007055860600096315 0.999613810385845 0.026878335459700045 0.6322357496791325 -0.9997776785819729 0.006517825459310386 0.02005271454250951 12.530092142507554
-0.012406999776681471 -0.023607639415051923 0.9996443096010652 24.084493374316704 0.008401430659556113 0.9996835085366023 0.023712838776107158 0.6491577273951238 -0.999887734857976 0.008692647536732837 -0.012204735121584487 12.518672979553456
-0.04390249221079279 -0.021473019176060128 0.9988050263315388 24.821007425119515 0.00922319535903155 0.9997176642802197 0.021898045425818323 0.6620439297042475 -0.9989932451448561 0.01017355265217701 -0.04369204711824526 12.482771506694338
-0.07403922893656667 -0.01939686092630107 0.997066674984519 25.548489927786232 0.012786158046417143 0.9997101809840017 0.020397749859895307 0.6694860301477851 -0.997173358419132 0.014258885760835303 -0.07376975963068289 12.423976460086461
-0.10164758969703719 -0.014111464109045678 0.9947203798502784 26.33696023186134 0.01417933473152261 0.9997772664023845 0.015632148014484513 0.6773490748492224 -0.9947194146971066 0.01569344339762409 -0.10142485819054098 12.346393584462945
-0.12773142159507034 -0.00671179136058958 0.9917860836864142 27.106121867035583 0.014792829626121592 0.9998529774759581 0.008671541046103608 0.6835583275554951 -0.9916984703673569 0.01577895082677031 -0.12761335581298472 12.248011300212177
-0.15039164112179448 0.0039033786597579955 0.9886187930217251 27.86624796197968 0.013372088010647981 0.9999087582431876 -0.00191375306724882 0.6930377203252096 -0.9885360598091145 0.012932085044781666 -0.15043011544722584 12.13868575594569
-0.1742175196011388 0.013671400930747934 0.9846122834195283 28.642178329415447 0.01178226661359984 0.9998609786297021 -0.011798373070068863 0.6897829204026663 -0.9846367015592465 0.009545481142677942 -0.17435437973358153 12.012874160731618
-0.19856900797734678 0.021765731880141245 0.979845192868044 29.39296738772948 0.014043041996363711 0.9997139272648717 -0.019361213911719306 0.6769551533913112 -0.9799862968645944 0.009915470153693734 -0.19881785988499745 11.85938636076526
-0.22237144033900275 0.025402999022511294 0.9746310225732707 30.13519449228681 0.01602359841025095 0.9996207061074183 -0.022398397605475767 0.6600783784872991 -0.9748303374513659 0.01063633216707101 -0.22269414366455026 11.691983305682086
-0.24133628373682653 0.02692164672179076 0.9700680507520517 30.868685341172416 0.019183090151622312 0.9995521517758903 -0.022967475534383927 0.6427676870492075 -0.9702519297606848 0.013066017678500436 -0.24174464208683594 11.510408783087938
-0.2604295551967017 0.02437367261495504 0.9651851484887795 31.563115041425757 0.020709570409246248 0.9995923216113596 -0.01965462462314699 0.6224991330747224 -0.9652707187486382 0.014869924642422861 -0.26082815198443615 11.324586620121412
-0.27940117702288636 0.024076583722569964 0.9598725438278124 32.25752151007488 0.025036001495438862 0.9995283570879272 -0.017783756808654034 0.6033454211906498 -0.9598479988557282 0.019062567858477115 -0.27987218082420195 11.123421863966259
-0.293768298268741 0.024362605544418825 0.9555661412918391 32.98085598868259 0.02605596309109008 0.9995077768737004 -0.017472571544821104 0.5787282119530273 -0.9555214669067796 0.019765308499494608 -0.29425848986942754 10.90447906277646
-0.30255371287791616 0.02812937880768266 0.9527171610040839 33.689779014707554 0.027094716921880514 0.9994142846826493 -0.020903681187570237 0.5533219469202969 -0.9527471475363811 0.01948911542790769 -0.30313866008994467 10.679783618679073
-0.30736775546575607 0.030901708455275092 0.9510889271327307 34.42769587266321 0.02712499120888021 0.9993509746555715 -0.023703677075039058 0.528909080362078 -0.951204130432507 0.01851253276849877 -0.3080064745725874 10.439199083217808
-0.3154518763937992 0.03263263877183666 0.948380316416583 35.185613896600536 0.023914778937298327 0.9993645046671449 -0.02643236954516618 0.49968546452200696 -0.9486401831189798 0.014342165045030636 -0.3160318105409798 10.189993993882188
-0.32683236775460633 0.03321133377453329 0.9444986028030082 35.90429377154815 0.02393191351802439 0.9993527243121255 -0.026858814666680587 0.4713493033004359 -0.9447792688788657 0.013825328887583093 -0.3274156278766587 9.938123682391742
-0.33751818448673154 0.034545756630595455 0.9406848918950494 36.632720465207946 0.02465078967460652 0.9993080094352214 -0.027853919778632705 0.4430983100579767 -0.9409961815593086 0.013787420985661658 -0.3381362052684763 9.678609056198235
-0.34560853902614763 0.03676926634569429 0.9376581246939693 37.32881717721907 0.027639983818329997 0.9991973464984267 -0.02899472443437262 0.4148015348044107 -0.9379716248622525 0.01589603104243769 -0.3463474370489317 9.415878189364426
-0.35210858189506483 0.03911649557832813 0.9351414044568432 38.06546660529457 0.02895775993040744 0.9991032713796435 -0.030888529558841225 0.38281497141647153 -0.9355110874252958 0.016203483951457934 -0.3529255621404825 9.138700652079981
-0.3544690624268569 0.04103504434091399 0.9341669063492694 38.817362265610676 0.028757112801905856 0.9990424478637192 -0.03297295603622207 0.35090863270715694 -0.9346254395454491 0.015176050290091746 -0.3553096892178275 8.856342835107114
-0.35478788479518014 0.043059043928072534 0.9339547502628607 39.527848960482295 0.031585867990707915 0.9989206958171091 -0.03405549018199735 0.32421824968343427 -0.9344131258420099 0.017417296123763436 -0.3557650180243998 8.586416811123241
-0.3528751550764786 0.042031196483072186 0.9347258974972036 40.32043992500313 0.02913303555979148 0.998999743418525 -0.03392313206048473 0.286098030929068 -0.9352167615953123 0.015260772323920625 -0.35374668572193624 8.293570455522163
-0.34946686505635655 0.04196089063943139 0.9360086505393141 41.09666595720467 0.027283137351078922 0.9990287751988318 -0.03459966388571263 0.25401011142807767 -0.9365514084362718 0.013445816504318515 -0.3502722789125165 8.007851386138707
-0.3449091331064797 0.04262326934253364 0.9376678232776736 41.863559543607806 0.0260052437973202 0.9990189005658965 -0.035846389039193974 0.21810656649533652 -0.9382757682018537 0.012020533376732442 -0.34567917146186317 7.733556505435548
-0.3401766727068527 0.04301120249656466 0.9393773830606604 42.681531578781666 0.023578270269200036 0.9990294894268514 -0.037204091530870634 0.1838892743640091 -0.9400659000927583 0.009492929754525325 -0.34086065740631954 7.447402335879072
-0.335909995043828 0.04275358013865661 0.9409232735005459 43.516645828914136 0.02026673900736685 0.9990660918343081 -0.03816023371167317 0.14528558010493065 -0.941676024182236 0.006251042493033373 -0.33646276160681965 7.157484669410774
-0.33450694604019404 0.04298259874853939 0.9414125552889578 44.35231519747345 0.01905229980696222 0.9990635973366139 -0.03884505565564537 0.10577994296043182 -0.9422006755054513 0.004942133309272324 -0.33501263020284033 6.867567663873951
-0.3347784195130564 0.04398012872739612 0.9412699708932938 45.200920818026205 0.017532583898328014 0.9990280108078582 -0.04044307262242121 0.06484046648488875 -0.9421337581947632 0.0029634268028775022 -0.3352241038042997 6.571871991923526
-0.33543566758952414 0.04427858889146114 0.941021954831316 46.02787374521115 0.01635351006153586 0.9990179786014465 -0.04117816338482218 0.027128367849025337 -0.9419211621029849 0.0015763872813617415 -0.33583037293506035 6.2855791850945995
-0.33675122067987207 0.04516810822523199 0.9405096795727145 46.90087716884117 0.01646406475024758 0.9989785363331012 -0.042081094539887856 -0.019074651518913507 -0.941449706539078 0.00131375230886744 -0.3371508922016301 5.9691335381236605
-0.3391519002310478 0.045331798498142645 0.9396387692164437 47.77906714704613 0.015203754124243105 0.998971965993309 -0.042706639062245644 -0.06784133767693636 -0.9406087573641865 -0.0001980009776688836 -0.3394924540625518 5.655736422750794
-0.3397847337581164 0.046860074696586075 0.9393351202336453 48.614153697234045 0.01620106925071383 0.9989014247680641 -0.043971228678145735 -0.10864948233359847 -0.9403636849964274 0.0002774811031118936 -0.34017063798067265 5.354265714724834
-0.3418330896820084 0.04677878777027357 0.9385956977384862 49.49920989175606 0.014798425653116676 0.998904445569001 -0.044394990941276 -0.15578744569218322 -0.9396441589222173 -0.0012859382685429833 -0.34215084533890644 5.038507285547793
-0.34366239138142224 0.047762990100649376 0.9378778478707384 50.39846634685887 0.014506874371003523 0.9988565953179152 -0.04555274509716026 -0.20763445766555863 -0.9389812092613923 -0.0020490891996704994 -0.34396233789103386 4.712769495892119
-0.34542815885901806 0.048347673747785015 0.937198959405337 51.31328303221651 0.015536536020905121 0.9988297726864093 -0.04580066859432354 -0.2625959112425026 -0.938316579367401 -0.0012600152354934092 -0.34577508476734736 4.382710021165328
-0.34520107224590985 0.049222347903893335 0.9372370992374888 52.187478939831095 0.015087606623897739 0.9987857448644795 -0.04689776094729363 -0.31722077816929695 -0.9384074721818005 -0.0020484926983198766 -0.34552455749342653 4.067084763354984
-0.3453843022664673 0.049416326300804156 0.9371593836924637 53.01870053594846 0.01346947891336606 0.9987708384841822 -0.047700999270521176 -0.3690081575610287 -0.9383646715886678 -0.0038521277933534492 -0.3456253813390384 3.7692898938184642
-0.3448398598630341 0.048316972114833455 0.9374171650099531 53.91683092122051 0.012182202571117788 0.9988205778757775 -0.04700050161875435 -0.42885269464435677 -0.9385824763920109 -0.004787840593909364 -0.34502175524492384 3.441559306699073
-0.3438609613223886 0.048058910745165856 0.9377899446978684 54.8163826286695 0.012851422568545826 0.9988367753007132 -0.0464751250115264 -0.48941701407780175 -0.9389326281562524 -0.003929046304196129 -0.34407859912922806 3.117946717222586
-0.34187109152939643 0.048386969169203556 0.9385003239163628 55.6915187143766 0.012989558538207786 0.9988214475973303 -0.04676523482841175 -0.550609279028646 -0.9396570800805376 -0.0037969769807791043 -0.34209670390158087 2.807030443562307
-0.34042962665950693 0.04853988238284668 0.9390162666912265 56.591778612218356 0.01250374802671066 0.9988120225445192 -0.04709776964795548 -0.6108661835962221 -0.9401868567352736 -0.004292253346059309 -0.3406321343964188 2.490053961862216
-0.3380766769019066 0.04995777550965856 0.9397916690421823 57.482305289701515 0.011633244946729553 0.9987356240987237 -0.04890624467430087 -0.6713136248097691 -0.941046666296084 -0.005601233994375707 -0.33823039193834586 2.179152167209635
-0.33967665585641127 0.051281976859050324 0.9391431883986772 58.353442113434234 0.007466367163904503 0.998628028883001 -0.051829656477988095 -0.7324754347827939 -0.9405126383135844 -0.010593336522565121 -0.33959351936357796 1.8745063527598154
-0.3407945770728214 0.053192549574867784 0.938631774929595 59.24178908397662 0.003404158641186726 0.9984613690404927 -0.05534714299519793 -0.7913960760633171 -0.9401316226687103 -0.015666754721718433 -0.3404512958629869 1.5652279265700761
-0.3450784867884774 0.05341522630787708 0.9370526407594469 60.10998026182003 -0.00011652780139112529 0.9983768066083557 -0.056953827332091374 -0.8536092276530658 -0.9385738246813867 -0.019762733236585762 -0.34451213331024133 1.2593411100926697
-0.3505860352602581 0.05422186846012493 0.9349595824746576 60.96807674260878 -0.0008515153590595674 0.9983037212114915 -0.05821473298815453 -0.9182456953844377 -0.936530141961318 -0.021205404876628746 -0.3499451728513081 0.9453377902114176
-0.35506251611046774 0.05277654466859323 0.9333516196943937 61.85009957272578 -0.0006226489722576216 0.9983915718175531 -0.056691107167998106 -0.9918960264491723 -0.9348423513949086 -0.020710037578915267 -0.35445856229172784 0.6150731965090663
-0.36150168452239195 0.0514190876378707 0.9309525280667981 62.733201895758604 -0.004303432168842242 0.998375498215959 -0.05681412706012703 -1.0609244263499316 -0.9323615246024697 -0.024544693693852794 -0.36069314583511813 0.28747473566950577
-0.3663752129960893 0.05424803137994666 0.9288844677318439 63.57220287877323 -0.0027499648790630243 0.9982315060252125 -0.059382641165585115 -1.1276491672693714 -0.930463132528761 -0.024310727468281303 -0.3655781004583409 -0.039242686803889315
-0.37243742353055975 0.05658536436094355 0.9263306440435067 64.37421212611636 -0.003279259967001312 0.9980530166663479 -0.062285009249992196 -1.1915855188057112 -0.9280515136607382 -0.02623494736686259 -0.3715267359540503 -0.3608605082931942
-0.3787271290684842 0.0591078077487978 0.9236189846309326 65.1888197407582 -0.0038650598134235166 0.9978488193516863 -0.06544306709716788 -1.2585928881880553 -0.9255003095732504 -0.028354907539558626 -0.37768396338505134 -0.6971660383745553
-0.3834145561831615 0.0617882974503578 0.9215071808754698 65.99368859816344 -0.0033978032476286273 0.9976584891981395 -0.06830808051743537 -1.3275103640791437 -0.923570101854732 -0.029321412467207916 -0.38230684238052587 -1.0303174550636431
-0.3850095690325652 0.06249543420107037 0.92079419658107 66.80831902099962 -0.0035227294140418065 0.9975978946251446 -0.0691811463980943 -1.3989064772639608 -0.9229058576750035 -0.029879112160484216 -0.3838645809731178 -1.3617308977312357
-0.3858550246204205 0.05937293674473609 0.9206469216575267 67.65339642194519 -0.0016021705335860746 0.9978823246686703 -0.06502537322793067 -1.470650115721028 -0.9225580377541328 -0.02656540035753164 -0.3849427833835673 -1.7170433768882312
-0.3870060602964703 0.05597323942567284 0.9203767194806705 68.43989593550211 0.0007441065066694751 0.9981744800990344 -0.060391668171437235 -1.539727391915613 -0.9220768707647489 -0.02268708326820699 -0.38634122308326085 -2.0421038550335004
-0.3881965288363645 0.05412455626954937 0.9199858626131284 69.25132710125528 0.001979906790894069 0.9983205579650802 -0.05789769868820611 -1.6094598668731874 -0.9215744869344512 -0.020654199401461078 -0.38765173684453896 -2.37965521385208
-0.387545218732214 0.05813658324748068 0.920015674391534 70.07088262098797 0.001862075453622828 0.9980567492199937 -0.06228368977046557 -1.6739663727854543 -0.9218488141299555 -0.022424607571311705 -0.3869003758882475 -2.7194064748769273
-0.3866286280844709 0.06233108074047141 0.9201266979711242 70.8540952312774 0.0015352772601754175 0.9977555068014754 -0.06694469038740455 -1.741063710982785 -0.9222342147574303 -0.024470084206146533 -0.38585653824924343 -3.0436115079950623
-0.38495701191620224 0.06549633943905522 0.920607586595197 71.66807591408434 0.0037673680178914835 0.9975819864858222 -0.06939731390492926 -1.8083588622646685 -0.922926815037231 -0.023246715017085272 -0.384272929473503 -3.3800903875817103
-0.38196617483350415 0.06745784712619499 0.9217110610946143 72.47647501147583 0.00696735205556109 0.9975143458419293 -0.07011837023834527 -1.8859488098771762 -0.924150040463341 -0.020360960209349212 -0.3814867415926253 -3.718830343051019
-0.3787820030031877 0.06731075771782363 0.9230349159681589 73.25291357180268 0.0069061438598433215 0.9975294596324313 -0.06990910056936187 -1.9575808212632493 -0.9254601554782792 -0.020105697224479673 -0.37831106455037405 -4.036104691746403
-0.3772097248862068 0.06559542830314273 0.9238019610484703 74.05917859230597 0.004688366634527454 0.9976110389440236 -0.06892194277097881 -2.023543154180735 -0.9261159984956379 -0.021666904780173125 -0.37661612096095204 -4.351185407274256
-0.3750533471335974 0.06247345712992665 0.9248956989618453 74.86283520087326 0.004164060883426603 0.9978299851392651 -0.06571134874534992 -2.0909003867351994 -0.9269938766792607 -0.020793939290310086 -0.3744996190758364 -4.662274850752493
-0.37365835794289143 0.06152494246719882 0.9255236966138846 75.66279674090077 0.00127943882692692 0.9978310164168755 -0.06581508727300488 -2.1576208506741663 -0.9275655203680816 -0.023408206485610362 -0.3729266164990331 -4.970354088909623
-0.3721312135467338 0.060724209096197815 0.9261916272207802 76.43378219615872 -0.002514344612764813 0.9977880173714062 -0.06642853649755429 -2.2201467819546026 -0.9281767277708506 -0.027048896829258817 -0.3711553841788055 -5.2652991341964706
-0.36993621239466756 0.06062158522280646 0.92707724713972 77.19248511519257 -0.0007887900245517367 0.9978480515829888 -0.06556404321219017 -2.2907295309376026 -0.9290568209584302 -0.02498578309973064 -0.36909231104631346 -5.565099298009484
-0.36745240919450695 0.06340180723175823 0.9278787301242011 77.95842711801075 0.000462219517146166 0.9976859854827869 -0.0679886808546738 -2.360535209956495 -0.9300422105099697 -0.02455372091939812 -0.3666314245379708 -5.863276857678856
-0.3647403860378404 0.06329389490740939 0.9289555068249594 78.76174284049924 -0.002775207065810331 0.9976085664637259 -0.06906117826921232 -2.4343422999966844 -0.9311051224317849 -0.027767444708504663 -0.3636924799822663 -6.169399007347412
-0.35878686875952304 0.06521189140257816 0.9311387608866013 79.5282200810437 -0.00039263306636792145 0.9975459331451345 -0.0700139779249691 -2.5044371699413523 -0.9334194280413346 -0.02548569177599897 -0.35788077745205427 -6.466641300316984
-0.35111289952237723 0.06541466005413962 0.9340453169086554 80.3211554198547 0.0002705418037734289 0.9975636699332285 -0.06976138786235091 -2.5732604641150107 -0.9363330916912643 -0.02424142486221259 -0.3502751700085637 -6.76237967241998
-0.33918096017700167 0.06566023893374476 0.9384268800905967 81.0770774994628 -0.003916674157642082 0.9974539489005658 -0.07120589502429517 -2.634661250840963 -0.9407129933815895 -0.027827196154690738 -0.3380602183594194 -7.034981663827858
-0.32688327369109105 0.06453297435013067 0.9428588550798687 81.87154866883445 -0.00836210413065636 0.9974293566021751 -0.07116708370222204 -2.7049083837074726 -0.9450277247761059 -0.031147613226319527 -0.3255033419103409 -7.306701652298784
-0.3155775847281695 0.06251983105004255 0.9468379263330179 82.65758385873671 -0.010245700381265519 0.9975444417654744 -0.06928284294474099 -2.77315481009547 -0.9488444623018214 -0.03156512994242931 -0.3141621061345324 -7.566764103996648
-0.3051001686982474 0.061574592453535894 0.9503275522810449 83.37484838436842 -0.01363889313996245 0.9975226463077486 -0.06901123602069037 -2.8389856720766695 -0.9522225935432419 -0.03401675568551044 -0.3035045183822057 -7.795891094321259
-0.29302550748090317 0.061816514145622975 0.9541041717466932 84.13707506669647 -0.0168620596465691 0.997418375572119 -0.06980154020901669 -2.905382651352253 -0.9559559210078856 -0.03654179319572892 -0.29122667192413165 -8.028190627175157
-0.2797069734271239 0.06206387036960642 0.9580772855104033 84.90432265888879 -0.018637604243448597 0.9973693324433272 -0.07005037051733998 -2.976436395207716 -0.959904499793757 -0.03744984240683421 -0.2778144355129887 -8.248683875079195
-0.26730983654066687 0.06422060014835461 0.9614682344233672 85.64384230187396 -0.019984271120323912 0.9971926343141391 -0.0721628642545246 -3.040180114579502 -0.9634033839448517 -0.038504085318479014 -0.2652759981931948 -8.451142673122192
-0.25663554745108913 0.06861511077026591 0.9640695837741506 86.42035113134536 -0.022383831161413625 0.9967873402113616 -0.0769022918832504 -3.1101711327917196 -0.9662490154649666 -0.041315432568756305 -0.25427519569285445 -8.652452192073227
-0.24241244268487955 0.07049830214175683 0.9676084936722494 87.21285625903599 -0.027167872229102136 0.9964719510257904 -0.07940754080940851 -3.179057169586756 -0.9697928203230283 -0.045537239859089626 -0.23964191085017356 -8.843982957906368
-0.2296716061277338 0.06946247874404135 0.9707862367099365 88.03278079101563 -0.03202480202935866 0.996370410215877 -0.07886962470574749 -3.2522240750704974 -0.9727411605322804 -0.049203350424322445 -0.22661347028218298 -9.032982830516367
-0.2172085627632928 0.06821867070265762 0.9737384932464502 88.80173020140515 -0.03487222176521711 0.9963758019118334 -0.07758343582046823 -3.3274024719917428 -0.9755021109210694 -0.05080821126662064 -0.2140424192921212 -9.192505058732939
-0.20732130024015416 0.06847971562303327 0.9758731510882551 89.55745216166201 -0.038390756719474395 0.9962089934971576 -0.07806273806296059 -3.399144595527485 -0.9775193237298371 -0.05364857708801564 -0.20390635574006333 -9.342224737218789
-0.19944000647000537 0.07159838995809935 0.9772908238465419 90.37730173797013 -0.04215304758715438 0.9957770276128992 -0.08155508480490269 -3.4793884767353838 -0.9790029644481981 -0.0574611332452442 -0.19557968649073187 -9.500269157544249
-0.19769212767380695 0.07689677776519808 0.9772434232191759 91.18062200849924 -0.046453332350423884 0.9950635386221606 -0.08769630561366568 -3.5578100129560126 -0.9791628621273095 -0.0627330827719643 -0.19314411654663888 -9.650542435091165
-0.19692517683870614 0.07909627179265914 0.9772227251325801 91.95079505514418 -0.04793631694832649 0.9947714801220067 -0.09017655933390814 -3.6390920488177283 -0.9792459263353991 -0.06460249317459862 -0.19210396568304366 -9.789744768001254
-0.19502211485610638 0.0796812138839992 0.9775567906116882 92.73788405224771 -0.050706370864633935 0.9945424954039153 -0.09118162528432736 -3.7196862069888494 -0.9794872325205621 -0.0673507905649641 -0.18991743558579482 -9.936449420453638
-0.1918906121074132 0.07965702117374437 0.9781782822996878 93.51482918449553 -0.0538842218343395 0.9943421011568212 -0.09154385017217427 -3.8001693371848733 -0.9799359589393328 -0.07027478100117739 -0.18651265783556503 -10.077074723892965
-0.18886354391506127 0.07895911034134348 0.978823794497226 94.27838769651527 -0.05536198681923299 0.9943207862570334 -0.09089127808883876 -3.8800353268061523 -0.9804415394072568 -0.07135567890013447 -0.18341961425493764 -10.214137979447754
-0.18631027921528093 0.07615860776428493 0.9795347601397972 95.05012096392898 -0.054256990995959875 0.9946721645547825 -0.08765537055975861 -3.961907151776776 -0.9809916711097952 -0.06947770522484223 -0.1811855118101376 -10.346022192406709
-0.1836381152611946 0.07484789253999051 0.980140212217435 95.79382395036748 -0.05512814306014234 0.99474348942977 -0.08629181930997623 -4.0394647283620735 -0.9814468556503999 -0.06987977689866462 -0.17854659423953217 -10.473386450800849
-0.18097888549489638 0.07484676967830285 0.9806347964832518 96.55729088029564 -0.058612018772010624 0.9945068268332834 -0.08672256129441504 -4.117227412184083 -0.9817389033039767 -0.07317193759028924 -0.1755978168679444 -10.601456113548629
-0.17858806268960392 0.0747657412040592 0.9810791954816808 97.32569045348687 -0.06558943402838806 0.9939862719903322 -0.0876887520643185 -4.195659775559479 -0.9817353665874579 -0.08000859351950537 -0.17261024000452796 -10.727550273549642
-0.17513956957095006 0.07526453384584798 0.9816625596993447 98.091294640095 -0.06913044911298512 0.9936726663361113 -0.08851899898846773 -4.276664809867759 -0.9821135943341479 -0.08336595301110987 -0.16882833204948183 -10.852387298410438
-0.17137684133022746 0.07656789032448459 0.9822257054399116 98.9284033624215 -0.07264338990136988 0.9932794984578561 -0.09010424988283035 -4.36592857067617 -0.9825237483945678 -0.08679398662676856 -0.16466295189301294 -10.986944031411138
-0.16774908238939606 0.075521080717717 0.9829327605308227 99.74608402454558 -0.07704665277205254 0.9930073384330589 -0.0894440557818987 -4.449098065717578 -0.9828143561497962 -0.09073583738149281 -0.16075742334505388 -11.111107296797947
-0.16272647688428715 0.07223370859127651 0.9840235693640568 100.57011232436463 -0.07829800852048113 0.9932260338140746 -0.08585725138676235 -4.533913688895607 -0.9835596146561502 -0.09101833385155757 -0.15596841770157238 -11.235234181303289
-0.15629641050116566 0.07091309621212395 0.985161288749239 101.36541581013586 -0.0793542990847975 0.9932935574679489 -0.08408807233744578 -4.615231865807917 -0.984517306745398 -0.0913194474264768 -0.1496209585603278 -11.350457005224952
-0.15220306197927885 0.0725449081696668 0.9856832474090175 102.16643836514699 -0.0830013054496147 0.9928413703253933 -0.08588828013212725 -4.6948346266546 -0.9848578634593884 -0.09488545551900783 -0.14509217454142326 -11.45850925692382
-0.1488092275771668 0.07487884051495268 0.9860268622258846 102.98700171832658 -0.08390350315572444 0.9925771347880961 -0.0880388190178146 -4.774038634744936 -0.9852999624206248 -0.09583209660124553 -0.14142203970713058 -11.567706460576165
-0.14499128941613293 0.07594606469442974 0.9865139234956986 103.79673867976831 -0.08364398221088515 0.9925398681472636 -0.08870340680108071 -4.854440032368864 -0.9858910742233913 -0.09537717439535717 -0.13755720399530258 -11.674513825755442
-0.13849143075687365 0.07592732758086158 0.987448816158763 104.6082786711529 -0.08636371703873592 0.9923326079034869 -0.0884155171376477 -4.938327910308833 -0.9865908128429776 -0.09752454161847188 -0.1308721964205526 -11.773955740854404
-0.13325445274630487 0.07542575242798942 0.9882075726758799 105.39734375003678 -0.08645226261291174 0.9924144625006674 -0.08740446732644545 -5.016373531376966 -0.9873040347898874 -0.097079815050211 -0.1257229191413638 -11.872085657858129
-0.12659562744612624 0.07498857557255649 0.9891158984897173 106.15414444069182 -0.0864155462225329 0.992513758232948 -0.08630639077942413 -5.09415071280571 -0.9881831310453457 -0.09640100233871209 -0.11916772325386066 -11.962313651893757
-0.12252893183336971 0.07520406703284424 0.989611544579737 106.96201493591997 -0.0884740509804004 0.9923272899511562 -0.08636487666471486 -5.176396907472859 -0.9885135321111648 -0.09813713833158867 -0.11493519440622041 -12.054458984622327
-0.11631395007292339 0.0756415737173354 0.9903279342440053 107.76151163033344 -0.09487596540840462 0.9916899169619435 -0.08688877823883269 -5.25533117254174 -0.9886706307998924 -0.10406469584627993 -0.10817080415788977 -12.133966767767859
-0.1114240820584676 0.07585225584880852 0.9908739118677384 108.52634373485212 -0.09933713043119603 0.9912387774708844 -0.0870506780888116 -5.332287566095692 -0.9887956353337747 -0.10813011292268797 -0.10291292544769731 -12.20578705931905
-0.10941082284341946 0.07547431747189595 0.9911270853159434 109.30662722380458 -0.10127805557647154 0.9910774038095873 -0.08665064983424788 -5.414290838631014 -0.9888235572150247 -0.10985994292825642 -0.10079070213281188 -12.281783969686456
-0.10614761150965146 0.07467103155433 0.9915426978286959 110.10816719274418 -0.10265138127067422 0.9910255796935105 -0.08562122585179704 -5.495952141486904 -0.9890376021638505 -0.11087171613966304 -0.09752991369947572 -12.357438368645868
-0.10238265411612468 0.07608510958495279 0.9918310583136544 110.87854662511678 -0.10372784258340179 0.990818385823502 -0.08671482564765273 -5.574359466314702 -0.9893221552199926 -0.11175858988711124 -0.09355047181769571 -12.425932116265578
-0.10022795481463143 0.0749013371826831 0.992141192956891 111.67758214247668 -0.10425653541090124 0.9908823927273429 -0.0853384942862938 -5.654995194577431 -0.9894872065356844 -0.1119905061653992 -0.09150516177257972 -12.494040659820474
-0.09649288997355449 0.07349386666712084 0.9926166297956462 112.46592862414282 -0.1068749055554611 0.9907394481432428 -0.08374425625279616 -5.737020296046261 -0.9895791412247243 -0.114166533866708 -0.08774466250319174 -12.556241340913841
-0.09393048890076933 0.07291216887457708 0.9929052718587347 113.24377237033302 -0.10941847544584316 0.9905170305124849 -0.08308796240031771 -5.8131198963450466 -0.9895477050076819 -0.11644667403895376 -0.08506181058086987 -12.6114295857593
