1.0 0.0 0.0 0.0 0.0 1.0 0.0 0.0 0.0 0.0 1.0 0.0
0.9998599359784689 0.0015390741765233702 0.016665523568472805 0.007499147672206163 -0.0015216231611679069 0.9999982807819067 -0.0010597623253740167 0.008296700194478035 -0.016667125969631387 0.0010342552441460799 0.9998605588920899 0.10204513370990753
0.9992733403666594 0.003921375728764136 0.037913243660392816 0.013372869881585236 -0.0038285299079618444 0.9999894929136307 -0.002521194376408198 0.014308873192438648 -0.03792273185310228 0.002374210338965398 0.9992778540196235 0.22673481253988725
0.9979676806466691 0.004713163558410503 0.06354757646031413 0.03409567251484522 -0.00456417677265665 0.999986485355999 -0.0024894569175605234 0.01631329611517343 -0.06355845085506522 0.0021943551736488933 0.9979757051803797 0.3842185667845046
0.9959320903407547 0.00534836926239665 0.08994813158553205 0.05985240581086858 -0.005159093355666881 0.9999839617942755 -0.0023366450250037075 0.020231916452725106 -0.089959186219322 0.0018630889561186985 0.9959437101133273 0.5787162041096644
0.9928443334727979 0.0025049104757027024 0.11938950923118963 0.0991005137826286 -0.002399121902178098 0.99999659185691 -0.001029800302498014 0.02500933189236545 -0.11939168189222432 0.0007360014084568851 0.9928469593028286 0.7877862565168878
0.9879255493454676 0.0011305788736826912 0.15492524242958738 0.1581810620126813 -0.0007350228632213649 0.9999963226014024 -0.0026104645299999513 0.030278393818950897 -0.15492762404376625 0.0024650710095712003 0.9879227473507588 1.0150424135982647
0.9811269454714532 0.0012584662437432207 0.19336062973772478 0.21738962515318597 -0.0006873352091736287 0.9999952012616783 -0.003020765453617923 0.03957736567611388 -0.19336350338201458 0.002830850813607118 0.9811231022881404 1.2267659805600504
0.9730416402197899 0.00036881659143867825 0.23062920537673245 0.2926555591158689 0.00033458265892543027 0.9999954115669023 -0.0030107971678784446 0.04560137360762064 -0.23062925758200217 0.003006795547362346 0.9730370520836866 1.4639776687541877
0.9631228962843227 -0.0035383788873824488 0.26903859672498126 0.3845957659700765 0.0035670440374239703 0.9999935649998205 0.0003823032630567693 0.049031491244151466 -0.2690382181953576 0.0005914674963105737 0.9631293201416246 1.7243694226214352
0.9515434496061383 -0.00969442684599846 0.3073614835983488 0.49780979516671475 0.008833170605526209 0.9999521950845961 0.004193166172653682 0.05098914014526764 -0.30738744055134093 -0.001275003382506792 0.9515835936782803 1.9653544254615265
0.939471567785017 -0.013307628028084174 0.34236834018324286 0.6074144036947565 0.011607996594654559 0.9999080320532691 0.007012977286247429 0.051850302942742725 -0.34243017936306525 -0.002614282238986968 0.9395396414147484 2.206775132703491
0.9229287745760637 -0.015166302264975985 0.3846718865931491 0.7559469679285794 0.012829805798123421 0.999880367751261 0.008639807219224097 0.056032189017717726 -0.38475690135812723 -0.0030386610884240634 0.9230129432440707 2.4804543949609803
0.9060320871854326 -0.01861118087707148 0.4227995753743964 0.9237045300876434 0.014719144853148302 0.9998139236290309 0.01246855614394496 0.05711270501595695 -0.4229529569174343 -0.005073663753501866 0.9061374366898852 2.7845542541626735
0.8857929211021609 -0.024359111975051938 0.4634409720655778 1.1140611745731752 0.01906381471081204 0.9996885092202279 0.016107622472299292 0.05902897879734391 -0.46368898185526536 -0.005433065140892008 0.8859813823716626 3.088877422232793
0.8625391966009827 -0.029604818684644974 0.5051234394062319 1.315172450111684 0.023297443130687278 0.9995517840444059 0.018800536088586818 0.06586344716795291 -0.505453621483222 -0.004448114689973603 0.8628423093504404 3.3739953188967386
0.8380864463827631 -0.033459417880605406 0.544510400033464 1.527840682464403 0.025479194856035156 0.9994288870498963 0.022197079981244754 0.07575612940520662 -0.5449421244673605 -0.004729385297965103 0.838460323387877 3.6479256676397527
0.8107935275973697 -0.03499679023180796 0.5842851018806522 1.7519319239818296 0.025202188535780892 0.9993725484558236 0.024886926003816232 0.08584832453579705 -0.584789453820108 -0.00545289522944473 0.8111667896520397 3.912036289151733
0.7819726164603632 -0.036550189085928345 0.6222402355874432 1.9891348590127957 0.025491935229298532 0.9993193687003171 0.026663844033921965 0.09325848943228013 -0.6227912879483779 -0.004988288101438438 0.7823721164749023 4.171053922455489
0.7506419081701801 -0.03551429017289797 0.6597540912280473 2.261879503403699 0.022215134498669922 0.9993463662392932 0.028518907474286478 0.10586884852087974 -0.6603356824357118 -0.006750961252748395 0.7509402180096143 4.4476226518412005
0.716869087919047 -0.036846474973760035 0.6962334723841722 2.5535805101871167 0.0216191843383157 0.9992970998679895 0.030625431653635425 0.1196455681804841 -0.6968725289855094 -0.006902425474689685 0.7171617912771893 4.709532056753686
0.6839731955073188 -0.038575124733748925 0.7284865321879896 2.86242731859518 0.021216292731427777 0.9992304097905205 0.03299177280176391 0.13521618379983574 -0.7291985578360956 -0.007109704750870836 0.6842652375710124 4.964272421838336
0.6513220429739321 -0.039802411294441904 0.7577567976543738 3.1894426570372647 0.020437060265131188 0.9991812241086107 0.03491715848315823 0.14630394471369013 -0.7585261517600979 -0.007255993658119929 0.6516022004659366 5.217453092035625
0.6171861136387748 -0.03936655556220381 0.7858317729861993 3.530172389882163 0.01908482793609577 0.9992027411843236 0.03506638493462812 0.16413091514058362 -0.786585704468442 -0.006645021663005729 0.6174453605081047 5.46517374977272
0.5876631085951193 -0.03915570503069271 0.8081577207203249 3.8866957919776777 0.019918173543786034 0.9992257353011483 0.03392928343716166 0.18194770493606807 -0.8088605177402349 -0.003841962445029313 0.5879880119233472 5.7021213757449924
0.5592772341132506 -0.03847919346140124 0.8280871494433375 4.278206361576887 0.02097149170230716 0.9992591693537227 0.032269319767984306 0.202369619492197 -0.8287153745034614 -0.0006812731232161626 0.5596698704848415 5.94759700978685
0.5346379571933424 -0.03704253542757981 0.8442689768653272 4.690759946896015 0.022064452979586577 0.9993101566651973 0.02987257438672794 0.21973283276457045 -0.8447931194338892 0.0026573209959422917 0.5350864640432266 6.200406891497883
0.5121832257211526 -0.03607619215142789 0.8581182037748227 5.113693277882759 0.02448318629170017 0.9993246943070296 0.027399433154132423 0.23853613191884127 -0.8585271788818807 0.006975937787503475 0.5127206056061178 6.43995113247658
0.49086878829973607 -0.036111003683954264 0.8704848235817131 5.606611555467926 0.02576430625989317 0.9993053433990424 0.026926402973067684 0.25951247794444776 -0.8708524749899349 0.009210106788688189 0.4914581780140052 6.71378302644928
0.47389631172136465 -0.03656701842325577 0.879821083459882 6.128168616998493 0.027342093129284567 0.9992667039495517 0.02680418476858953 0.27768320940562724 -0.880156063252533 0.011353745700535583 0.47454862425084626 6.993529350185242
0.4603689173304946 -0.03624678859634156 0.8869873901428365 6.661652899052997 0.028184910141414093 0.9992591512005078 0.0262060981903263 0.29522567842531056 -0.8872801535007242 0.012935186836406098 0.4610494660502696 7.2676430852738365
0.45063901528241634 -0.0368221864415156 0.8919465255781653 7.21505051754581 0.02784472960174356 0.9992425728704974 0.02718366414879601 0.3123379327010967 -0.8922719030310773 0.0125859901801573 0.45132299289143807 7.552035112070252
0.4445789875040925 -0.03628925593106282 0.8950042534948123 7.733167594121842 0.026937227299374155 0.9992687394720655 0.027136176947598983 0.3278512976884021 -0.8953345238821399 0.012044758938200993 0.4452314163745218 7.817910095420279
0.43578790213256113 -0.03706632009544639 0.8992858234563046 8.335654291148469 0.026884076790007243 0.9992418876472383 0.028158415905967044 0.3456622338401518 -0.8996477926222299 0.011905372138926664 0.4364540197365392 8.115870785289868
0.4257786994932838 -0.0380810996478175 0.9040256240325387 8.991583278454383 0.028125846067521276 0.9991881799426932 0.02884298607624764 0.3603290039726738 -0.9043900905255399 0.013145756441586429 0.42650410695183755 8.429088475834734
0.4148048760252224 -0.03867342636491439 0.9090881590466887 9.616687950162135 0.02795576044805341 0.9991663711642866 0.029749591462103927 0.3748398473768985 -0.9094808355778977 0.01307397520223207 0.4155402277625363 8.715100928643006
0.40311411887393406 -0.03880525209632621 0.9143266153701493 10.290945938301553 0.028476176284219834 0.9991486664208828 0.029850456840753 0.39768433242063866 -0.9147065729230999 0.014003385273289889 0.40387595948776894 9.018454672297015
0.39048797812588515 -0.03984530769014319 0.9197453399687526 11.011221585589249 0.028303799766056337 0.9991102429259815 0.03126687383141208 0.416516136528266 -0.9201728282545413 0.013822949593493733 0.3912683122955071 9.33221924310632
0.37751969064451835 -0.0419149838441923 0.9250524403000125 11.740916722949976 0.02759038659607639 0.9990406650110585 0.03400764945921716 0.4349053551289853 -0.9255904352050891 0.012683997146130341 0.37831397340469824 9.635345284498705
0.36416853585834835 -0.043276344291952304 0.9303270583593232 12.510045283881263 0.027974589676945855 0.998977375750457 0.03551936191905687 0.4596462682187866 -0.9309128314848784 0.013090483698276407 0.36500676625694456 9.939482703507256
0.3506613399920081 -0.04565796295361502 0.9353886759277856 13.293077991416961 0.028517155645218468 0.9988682385655171 0.03806591413493122 0.47752793310491903 -0.9360680511954866 0.013326380001631768 0.35156651024683283 10.235200715339559
0.3362505362279811 -0.044462573400488536 0.94072241200739 14.060070399626552 0.027467757054287483 0.9989229752989618 0.03739534385825184 0.49660893509929077 -0.9413719239539717 0.013265330243775403 0.33710967325889923 10.515326363262501
0.32226146857180576 -0.042644825747878784 0.9456896767496599 14.841745288298014 0.02548565949114763 0.9990135586635597 0.03636469120825679 0.523700026265702 -0.9463075752810206 0.012382586293002242 0.3230304080461343 10.792026777920892
0.30496082105698546 -0.0416077894872955 0.9514555635836234 15.572108252852164 0.02533792278041143 0.999046011525258 0.0355676331043894 0.5473892308621114 -0.9520277765325039 0.01326117300450648 0.3057241469055419 11.036817034831293
0.2841513182920989 -0.039704256619199275 0.9579569929381899 16.334914928233147 0.024405979730539713 0.9991179601629985 0.03417089160560219 0.5694406164983035 -0.9584687665574998 0.013670175055429966 0.284869706791893 11.26873753782301
0.263288021385153 -0.03707595961213958 0.9640045596437448 17.119647331916756 0.021206035002823982 0.9992421984063444 0.03263943938726735 0.5902271487308595 -0.9644841739886405 0.01184914101929292 0.26387473540025524 11.49231359704651
0.238531300763477 -0.03588620567050464 0.9704715342546932 17.867287393743048 0.018043710903886654 0.9993082762770091 0.03251758695060086 0.6105090231960729 -0.9709671688851795 0.009754445491526731 0.239013823324619 11.691174801543026
0.20876103428121556 -0.03521759582592566 0.9773323649148631 18.647521675959478 0.01491030207868995 0.9993498537068153 0.03282609919087924 0.627889613929988 -0.9778530121944502 0.007719510373655323 0.20915041406086593 11.869557986266393
0.17810631873498378 -0.034653650069229894 0.9834008662613389 19.4399851185209 0.013583609136880127 0.9993710589169892 0.03275625378385622 0.6435584778764822 -0.9839174888116833 0.007524037215171845 0.17846502199169417 12.021616081007686
0.14424778526304521 -0.03330936151752956 0.9889808202801512 20.223770252376696 0.012358975826162615 0.9994159847169083 0.03185820473380334 0.6589547038165557 -0.9894644168252008 0.007627314575073072 0.14457521194567952 12.138995969363583
0.10919537189665174 -0.03168559289026281 0.9935151704727739 21.01214800467463 0.01291163661185619 0.9994527152958275 0.03045586196122857 0.6758755912461244 -0.9939364468598361 0.009502267676221365 0.1095447238010765 12.236615676373658
0.07649135624976128 -0.02981945167249228 0.996624238477584 21.77563514794188 0.011258074081366564 0.9995147948849428 0.029041876215034058 0.6885091303369645 -0.9970066841235573 0.00899861700834054 0.07678995184844589 12.30225707142751
0.041293194977154724 -0.02719837829947041 0.9987768120388347 22.58088134744627 0.010568256999752812 0.9995853930029839 0.02678346577755788 0.7056852197697602 -0.9990911790184949 0.009449355160503561 0.041563513981433375 12.338570593976133
0.008379928953574478 -0.02391918580529647 0.9996787730772045 23.3675124357983 0.011021327698478892 0.9996553609710834 0.023826238006357317 0.7255520852805986 -0.9999041489695379 0.010818125169572956 0.008640662088038542 12.347077593148304
-0.024817114470168045 -0.01984107122061339 0.9994950938960098 24.162365629597723 0.012771970599881402 0.9997151333392891 0.020162562818335793 0.7424804839354022 -0.9996104179110833 0.013265898583440131 -0.02455663532334057 12.32706640652203
-0.05542237303813685 -0.017384103211378354 0.9983116515008517 24.882352288920195 0.014200789859056335 0.9997335635867999 0.018197236202708314 0.7543190235091898 -0.9983620075574795 0.015185347989900663 -0.05516073850326059 12.282724267673009
-0.08611610519187057 -0.015060209529761047 0.9961712736851543 25.626197880363268 0.01792655589244005 0.9997004422730675 0.01666326237172229 0.7600486114117426 -0.996123815105541 0.019292895271403085 -0.08582033075925993 12.211622565912384
-0.1134750813471937 -0.007781197012911972 0.9935103718060995 26.42524685377469 0.019857897977634584 0.9997518145684228 0.010098175828130693 0.7680569126513385 -0.9933423729012861 0.02087491892660272 -0.11329240026872994 12.121819952677827
-0.13925146731514693 0.0018342326788197902 0.9902553531494079 27.20988000958483 0.021614541307164732 0.9997656731188761 0.0011876267266107843 0.7711700410124207 -0.9900211313172359 0.021569293999592114 -0.13925848305112243 12.009762624259636
-0.15997715935993057 0.013589283617305332 0.9870271728042224 27.97482219884266 0.020848617471494316 0.9997287064818019 -0.010385017368822407 0.7752526506264762 -0.9869005236763506 0.018916786381197995 -0.16021707636938526 11.886429306635565
-0.1831896989702287 0.024253760409122842 0.9827783520698928 28.75432334940292 0.018648134251706815 0.9996014740839663 -0.021192925661462594 0.7643883602353487 -0.9829006975682374 0.014444656976848776 -0.1835689805078567 11.753172537591455
-0.2055767180538421 0.03358712996139966 0.978064475223984 29.50042004389177 0.02202265243784867 0.9993165775755726 -0.02968805420107797 0.7467346192214678 -0.9783931805638328 0.015436401251602467 -0.20617590000430858 11.5903953460675
-0.22862581518210978 0.03755315342909358 0.9727898011902915 30.2498097430369 0.02422687773361355 0.9991657149270821 -0.032877538069835996 0.7251001392898373 -0.973212872411579 0.016051005631546326 -0.22934487173385787 11.415244877292517
-0.24814757586795305 0.03809252527249377 0.9679730058783782 30.986700705506443 0.027497743449788777 0.9991009134463007 -0.03226823292244306 0.699644726748773 -0.968331892842546 0.018609789604717812 -0.2489719282064547 11.228072433323472
-0.2683513832626707 0.03577021107699505 0.9626567545602736 31.68596486096732 0.029330007178750277 0.9991504583645862 -0.02895016802597106 0.6730395170275556 -0.9628744911876657 0.020465911886469183 -0.2691725481373419 11.034470949871157
-0.28711250426150503 0.034747056559734854 0.957266447733922 32.39303767364931 0.034105490178076195 0.9990790591685139 -0.026035534768276865 0.6448759634328531 -0.9572895201747486 0.025172913843883718 -0.28803315602931545 10.821542911060797
-0.3006513794905832 0.03523769132501995 0.9530829203802219 33.120064580726435 0.03556855607252365 0.9990363042747152 -0.025716542536562026 0.613664246455339 -0.9530706300318595 0.026168069305962875 -0.30161499684112725 10.59090505239794
-0.3089104777201302 0.038399842365999894 0.9503156153936371 33.83815608972362 0.03762954025124735 0.9988957240219969 -0.02813094792306548 0.5825719751397956 -0.9503464286538886 0.027069995139209505 -0.3100143237141833 10.356114560591777
-0.31444002468653853 0.041481127713824464 0.9483705957687211 34.58274245443809 0.037408973684505714 0.9988102299178039 -0.0312840742138278 0.5522129401134767 -0.9485399514849132 0.02564060559217957 -0.3156176797675715 10.110101771379803
-0.3227304624604563 0.042859711737815206 0.9455200123264507 35.34698404850767 0.035055511870886125 0.9988300643903958 -0.03331086245277939 0.5210132559187279 -0.9458415087569008 0.022395257971928144 -0.3238553577337275 9.85220251474595
-0.3338120187408061 0.04288066930635914 0.9416638382905158 36.07444729165426 0.0351735474562504 0.9988357252802741 -0.03301538222059541 0.4906037794333385 -0.9419832045761383 0.02210072631539008 -0.3349316351030486 9.593205140447804
-0.3434458655987582 0.04402733396217698 0.9381399316025851 36.801624439061506 0.03644614201039993 0.9987729488881011 -0.033530214761088625 0.4585740574860634 -0.9384650319195051 0.022675767540480354 -0.34462906643342284 9.328961347259765
-0.35203048573530604 0.04563869205961339 0.9348752039176419 37.51375434476308 0.039144753857404055 0.998654524925779 -0.03401217562447764 0.42285816306210344 -0.9351696238428663 0.02462213703874712 -0.35334335285843066 9.055495141227867
-0.3596701430014266 0.04804812095036648 0.9318415993646519 38.24989716156765 0.040788557343883605 0.9985282763849777 -0.03574317906189125 0.38878579246706635 -0.9321875786681232 0.025152720186585292 -0.3611006214950027 8.77074973552864
-0.36158405646915404 0.05062452139805117 0.9309640852044349 39.01006709141681 0.041328659921304176 0.9984135490589108 -0.03824038342772382 0.35576957824872535 -0.9314230574644483 0.02464838511562993 -0.3631026647310246 8.477516090530392
-0.36130061032269634 0.05147363923302352 0.931027568573861 39.73844987046371 0.04347543142366944 0.9983192190004793 -0.03832262826058261 0.3231373476554732 -0.9314353202681186 0.026630836231360287 -0.3629311817943528 8.196772044165579
-0.3584020381837195 0.050511064958961766 0.9321998773559603 40.523025273286606 0.041822425192241094 0.998401451855586 -0.038018754368040676 0.2842770857361307 -0.9326300787433328 0.025360860580223996 -0.3599416105062533 7.899184280373375
-0.35291999720473466 0.05046631263513156 0.934291510644308 41.31122499735155 0.04054404331973109 0.998431272836076 -0.03861572185290348 0.2506592710056055 -0.9347746552641968 0.02425169503243432 -0.3544124703840935 7.606079584972229
-0.34605964355079843 0.05055617453115063 0.9368493989549603 42.09966987573126 0.03937663168463952 0.9984499106440842 -0.03933518541958128 0.21057138328769356 -0.9373858351728316 0.02327765348132052 -0.3475139520447158 7.324001035963986
-0.34161180740489483 0.0504742145259901 0.9384848036646868 42.93630431328742 0.03754687979640366 0.9984926033495922 -0.040034396132685744 0.17119329713893744 -0.9390908395140035 0.02156095369269917 -0.34299201217629816 7.029014614432157
-0.33729830565785074 0.050397808968193125 0.9400478253001541 43.789709364113534 0.03436372781578098 0.9985596160584402 -0.04120470104034047 0.13027906300917877 -0.9407704221599158 0.018405271756386198 -0.3385443231847605 6.73330677231508
-0.33553582970776935 0.04985247211518911 0.9407074136022971 44.635832584837544 0.032452255322176625 0.9986177164949721 -0.04134618999221367 0.09045741995814895 -0.9414682990450732 0.016654949005393667 -0.3366898492185422 6.434935078131499
-0.33501405567863723 0.04930189664169667 0.9409223695317709 45.51398243609403 0.030159372967916147 0.9986794694190644 -0.04159001782926109 0.043699538704023426 -0.9417303195288623 0.01444438812783651 -0.3360585736619129 6.131115739843128
-0.3355214203719401 0.049212411658845684 0.9407462543163893 46.35962547946166 0.02914118387165071 0.9986988087743955 -0.04185069599376488 0.0008672846893153438 -0.9415817372242067 0.013372654610218325 -0.3365189507806674 5.841748881789121
-0.3371583340473109 0.05030442115871877 0.9401030384986149 47.24860225674696 0.029606080663718275 0.9986440871855098 -0.04281900415882328 -0.04330011256786148 -0.9409823259605758 0.013395982282242905 -0.33819049349223074 5.521275634028427
-0.3380819649416627 0.04978541233805961 0.9397989134381429 48.133989695437634 0.028103721295351936 0.9986885215089163 -0.04279506812342176 -0.09447993198624507 -0.9406969574897847 0.011943606015961407 -0.3390377330693413 5.205913334753894
-0.3391586053565479 0.05013026062679248 0.9393925683025662 48.99231882247502 0.02706476250044041 0.9986857623638468 -0.04352294432293448 -0.13896925280784436 -0.9403397997763342 0.010663255658210552 -0.3400696339507124 4.900647678550573
-0.340632289391459 0.05078064426576974 0.9388242485108098 49.89123735844485 0.026221739110510872 0.9986650422604628 -0.04450341295820133 -0.18669013842604487 -0.9398308697962383 0.009458305073386238 -0.34150911648620025 4.578410678130059
-0.34190175174350973 0.050936974351475234 0.938354206469304 50.789901356607054 0.025696847325242342 0.9986632816024099 -0.044847764901379816 -0.23801224305546148 -0.9393843005885627 0.008779215399077778 -0.3427536450349054 4.258939291120352
-0.3427118671915921 0.052119241278148196 0.9379936890910527 51.70808617859122 0.026430438298625857 0.9985995421036189 -0.0458299731811518 -0.29262910305333567 -0.9390686918524092 0.009085108641768393 -0.3436094480417735 3.931050465494592
-0.3415985832347164 0.052475690536621884 0.9383798323891767 52.604049194100355 0.025901615866494775 0.9985864443424954 -0.04641356990058887 -0.34573005056183875 -0.939488964399018 0.008450744234503572 -0.3424749198033981 3.6124323331907697
-0.3406664889716738 0.05201195520282582 0.9387444273111248 53.44582837253764 0.024896510105827087 0.9986175388807053 -0.04629443621423082 -0.39653484478305717 -0.9398545137819273 0.007600497077315166 -0.34149044696435477 3.313813033972242
-0.33924806385826134 0.05043013735969347 0.9393442140207731 54.365371962406954 0.023642098913675816 0.9987036498416124 -0.045078497667941426 -0.45610319651231185 -0.9403998098295094 0.0069152757663799025 -0.34000055387263406 2.9877695768357255
-0.3372646929020787 0.05044309947321987 0.9400574560297906 55.26885649403546 0.02417112051191185 0.9986982241247138 -0.04491785906899265 -0.5152813957719602 -0.9410995079452892 0.007573034113094682 -0.33804491609763454 2.6712782707258014
-0.3344093905267013 0.05043057362415076 0.9410776358895686 56.14579753593915 0.024604546791562244 0.9986940564379017 -0.04477496971289827 -0.5749724121552017 -0.9421066690161694 0.008181618394195844 -0.3352134921444984 2.368148662035623
-0.33318781101379374 0.05016691165645881 0.9415249139383883 57.065809365141625 0.024031923442468253 0.9987109332110753 -0.04470949049495583 -0.6324026779522368 -0.9425541625007507 0.007729997381387504 -0.3339639170524144 2.051963743792522
-0.33148540747433447 0.050724039854274525 0.9420958000184676 57.97123511802374 0.023543181612561293 0.9986874580737131 -0.04548713758661588 -0.6966904474315977 -0.9431665511621647 0.0071016101785255255 -0.33224452426148415 1.7416856507251242
-0.33240699964374815 0.05315963400681242 0.9416366814754527 58.832239635867516 0.020705531058001995 0.9985809397368313 -0.049065138111627715 -0.7505232944699562 -0.9429087270629366 0.0031874922068516297 -0.3330359925323147 1.4478967398734295
-0.3340053569326295 0.0551931097657842 0.9409538469949995 59.725877151852686 0.01596356499536359 0.9984721871237139 -0.05290043603814783 -0.808030602425741 -0.9424359851644809 -0.002648051126671224 -0.3343761380426015 1.1454366949545465
-0.33845025819162455 0.055986371343848665 0.9393172781088247 60.607781251392545 0.012469884776099342 0.998407643707081 -0.0550152611640174 -0.8674967859436571 -0.9409016551710881 -0.006906751119225035 -0.3386094683928428 0.8371740909759535
-0.34462154840617953 0.05568786884701403 0.9370884961610644 61.48659863391446 0.010341972091941865 0.9984035532984432 -0.055528266444148475 -0.9310399982763816 -0.938684735141345 -0.009444894087315848 -0.34464730085741657 0.5226270230341608
-0.34807728640640084 0.053988146402260906 0.9359099757647658 62.37650956022213 0.011332482158594403 0.9985097232077988 -0.05338452498252784 -0.9979065632755857 -0.9373973423986659 -0.007975757489608274 -0.34817037461045613 0.1967215763636338
-0.3540962093860505 0.053312247879816255 0.9336882128014851 63.25682502730222 0.007590378735245748 0.9985047993633296 -0.0541345712004137 -1.0602739487674488 -0.9351781972699565 -0.012081799303007741 -0.3539714246609689 -0.1260760682018391
-0.3586156741795152 0.05584013932289804 0.9318136493275743 64.11803538524973 0.00818066894918328 0.9983589056765187 -0.0566795563843638 -1.1246951607377598 -0.9334494495623832 -0.012703318337495221 -0.3584839617261845 -0.4528026765260881
-0.3633532432004984 0.057513217560677996 0.9298745347956882 64.93047438171342 0.006977380695462148 0.9982327255317154 -0.059014759477213574 -1.1838633183650584 -0.9316253199727399 -0.014955115624457619 -0.36311238990476363 -0.7664702517035378
-0.36838030570039515 0.05988116905114485 0.9277446825313264 65.75880777623983 0.005514001217325832 0.9980466439743068 -0.06222935193458572 -1.2505167273794977 -0.929658833208537 -0.017808482380354863 -0.3679909126495515 -1.0922865114662828
-0.3722166495009533 0.062433624545081556 0.9260436319960568 66.58442396079472 0.00557058924323189 0.9978673109138703 -0.06503689987233924 -1.3177199258356573 -0.9281291582370246 -0.019049208269250464 -0.3717706191921936 -1.4233566884813023
-0.37443704870674027 0.0628666898561866 0.9251187360886778 67.4169953765475 0.005075137486599782 0.9978230106934511 -0.06575319239511904 -1.3867417050734074 -0.9272384480462826 -0.019925326526395393 -0.37394096035007757 -1.7526638777390842
-0.3767990035471031 0.058034203378191346 0.9244752793688801 68.28512656081112 0.006415375931823172 0.9981749989347535 -0.06004593619270228 -1.458478562450875 -0.9262728290722791 -0.016694392467634534 -0.37648365619582086 -2.1058690518082894
-0.3774640393058546 0.0539271974181479 0.9244526793781996 69.09747927040756 0.008768430313763061 0.9984662787141072 -0.05466447567328664 -1.523778645194813 -0.9259827285974297 -0.012527874896676106 -0.3773579715466897 -2.4307551089408426
-0.3777619299321407 0.05250468199276381 0.9244128853833568 69.92026848102229 0.010137333424922405 0.9985655878443629 -0.0525737695440785 -1.589767640279819 -0.9258472653548081 -0.010489287005353027 -0.37775232109563933 -2.7662857167741453
-0.37705179239556075 0.05603616573144714 0.9244954807793345 70.75517813625234 0.008936682496600856 0.9983417425443276 -0.05686739663032593 -1.6498533816367742 -0.9261490601178896 -0.01318003124706639 -0.376927320871115 -3.098990206131713
-0.3756436138786154 0.06100875154706682 0.9247539173136182 71.56057655838674 0.008907456438909334 0.9980224476049095 -0.062224201855022324 -1.7147400368444892 -0.926721388860753 -0.015136918820351203 -0.37544419174708693 -3.422401878844008
-0.37400091649934947 0.06367203754238293 0.925240069437575 72.38647753838984 0.011560646570671428 0.9978830601501283 -0.06399804462859554 -1.7786943787518532 -0.9273562777641154 -0.013238953909469706 -0.3739452689777854 -3.756163450788753
-0.37055189659610893 0.06574907283769044 0.9264817058906295 73.20039060113585 0.014993799273389175 0.9977848198620092 -0.06481233861146732 -1.851379367259756 -0.9286907331896751 -0.010124854266717154 -0.37071688579521406 -4.083870198038437
-0.36785623794774985 0.06641570576563285 0.9275078124903217 74.00255869310813 0.015047838497008876 0.9977406258325094 -0.06547676015137503 -1.9174968161862669 -0.9297609105353358 -0.010129046895223603 -0.3680245258804064 -4.397378522316656
-0.3650181278375369 0.06313869033144133 0.9288569707620276 74.82928065403705 0.01177668281010719 0.9979310138822868 -0.06320602244929963 -1.9845542076052476 -0.9309259240626881 -0.012132490061879268 -0.36500647472740627 -4.711808629321471
-0.3632780502272353 0.05972367150559953 0.929764562287136 75.64948480702357 0.011865020683957884 0.9981589155567552 -0.05948109429669131 -2.0492450004353744 -0.931605216552198 -0.01057650019873643 -0.3633178472581254 -5.023316927088915
-0.3618246162093509 0.058466866051634536 0.9304109697757527 76.46422800312351 0.008616790406795263 0.9981985178614128 -0.05937566725826875 -2.111461030165943 -0.9322063602164715 -0.013466421699156423 -0.36167659235645766 -5.320538886002998
-0.3598828228934689 0.05740077698609623 0.9312301029217326 77.25584817329258 0.0045877950019966515 0.9982024744106648 -0.05975593876298675 -2.1664911777711806 -0.9329862302967006 -0.017232843114779784 -0.3594992673079233 -5.609666373333972
-0.3568874026281395 0.05768217988478056 0.9323648148493594 78.01144503551623 0.005889894572491165 0.9982108497721096 -0.05950133224700019 -2.2296030591619753 -0.9341288406784501 -0.015743745455982883 -0.356588619408629 -5.895634655048802
-0.35333743512607685 0.059595508653258356 0.9335957542142559 78.79413096255347 0.007072216367147163 0.9981104400491236 -0.061037146235728326 -2.29669149072978 -0.9354692088434458 -0.01496411752509436 -0.3530912551912232 -6.18769190642028
-0.35042724969500905 0.06084819843541772 0.9346112771726843 79.61679764893853 0.004657498576430604 0.9979882355316609 -0.06322807483557404 -2.3628562607706214 -0.9365783738578436 -0.017803889675192655 -0.35000567300292607 -6.489790031951415
-0.34405696195688784 0.06253711304912357 0.9368638729401821 80.40592691907335 0.006678260066289125 0.9979172802799681 -0.06415997631794129 -2.4287978486231756 -0.9389250277692482 -0.015818065940971366 -0.34375802684214296 -6.780464483041902
-0.3358583766294807 0.06217881432499571 0.9398579392104681 81.20491072790507 0.007749110765645564 0.997967372224122 -0.0632540532963917 -2.490146701188729 -0.941880619893069 -0.013961340380447475 -0.3356575320838633 -7.0641343405636015
-0.32341042326263253 0.06232679296850627 0.944203934011793 81.97417212410564 0.0034324843959834227 0.9978991479129815 -0.06469550715016496 -2.546378942259161 -0.9462525646865939 -0.01768223608050387 -0.32294492154427373 -7.326006136770929
-0.31105587231291926 0.06146551518016935 0.9484019373363203 82.77489128385133 -0.001589599631456745 0.9978714097764285 -0.06519296529392835 -2.6099461198689426 -0.9503902974424038 -0.021786234058231428 -0.31029605626385165 -7.5844237058572945
-0.2997637852564516 0.05883328484423567 0.9521976253085077 83.58453405884669 -0.0031081916242241027 0.9980311154151817 -0.06264368929074507 -2.676177901186135 -0.9540083920980734 -0.021737922107812762 -0.29899071983739484 -7.837780049984072
-0.28783582611556563 0.05807416011777522 0.9559173233763394 84.31703183614876 -0.007201953893096639 0.9980001860452639 -0.06279936714442608 -2.7374297197596755 -0.9576526870763178 -0.024960380210119336 -0.28684196059027817 -8.056785112181313
-0.2751488935912392 0.0572990610483239 0.9596926090986101 85.10247987956794 -0.010741647530724072 0.9979768401238137 -0.06266453211198403 -2.799035806313555 -0.9613416163694585 -0.02755075642280331 -0.2739767370721258 -8.277716372490143
-0.261513974167942 0.05789965968182301 0.9634615045364388 85.88019994857744 -0.013360141328347841 0.9978863700917399 -0.06359480331613573 -2.864528664124335 -0.9651072209545299 -0.029502911616660736 -0.2601876827745002 -8.48376892088136
-0.24985897449621225 0.06034604429578766 0.9663999419503045 86.62199824278225 -0.014533531346654822 0.9977098862825398 -0.0660587562755855 -2.924376980450278 -0.9681731608190226 -0.03055057694925317 -0.24840972790486843 -8.67312042551794
-0.23917452088696645 0.06529888821904094 0.968778407973592 87.4038862293162 -0.016905954801230878 0.997304807293015 -0.07139544833181836 -2.9916581441478334 -0.9708294068737046 -0.03345409612588278 -0.2374259594097734 -8.86149448358968
-0.2255276757347583 0.06845949959310642 0.9718284644900763 88.19774201934435 -0.021616248597965373 0.9969308147778123 -0.07524419142364754 -3.056535088070397 -0.9739969226205127 -0.037976933287312914 -0.2233556519631018 -9.035545857198004
-0.2125551576164723 0.06686954872529247 0.974858332489348 89.01928533452109 -0.025597245891577906 0.9969322864301293 -0.07396483810541422 -3.128180141149452 -0.9768137416997175 -0.040675296267756636 -0.21019142299372623 -9.210045392584497
-0.1993093795672074 0.06499808478468204 0.9777786151224919 89.79882421577695 -0.028203634432692044 0.9970039822417027 -0.07202509561932842 -3.200412473858872 -0.9795306662995915 -0.041932187738175794 -0.1968790629045365 -9.357077809536172
-0.19014998142409062 0.06570647038019195 0.9795537985810658 90.55708457622922 -0.03164300709157032 0.9968292651839912 -0.07300778160543925 -3.2672127101059396 -0.9812449768873321 -0.04487845611116363 -0.18746791594952322 -9.491409401660006
-0.1826439888822604 0.06919535182934472 0.9807411363914487 91.40003854699934 -0.0360915814964686 0.9963761062453949 -0.07701981984106104 -3.3446935493948433 -0.9825164482441302 -0.04946370576977565 -0.17948473679190813 -9.64089392672993
-0.18044903163642428 0.07533127826569924 0.9806953377559886 92.2016716168115 -0.040168569919362906 0.9956665687947548 -0.08387234213441982 -3.4208437447997264 -0.9827637727206422 -0.05452781216347957 -0.17664111845364389 -9.777335403347323
-0.17888702312688237 0.07792969455570715 0.9807784641106557 92.98570042753556 -0.04220088782173809 0.9953329818877352 -0.08678329466854154 -3.496883480036937 -0.9829641489005893 -0.05691412718230879 -0.17476345185197223 -9.908096135456773
-0.17540058784081186 0.07786188465806003 0.9814133485451441 93.79025547163364 -0.0459665054559005 0.9951327759291118 -0.08716558178428466 -3.5774954310828306 -0.9834234663466549 -0.06040103632484384 -0.17096783513168373 -10.04103400299739
-0.17215717123624052 0.07712686516668404 0.9820454954132707 94.58497071792785 -0.048786826628882674 0.9950391808251651 -0.08669990870968869 -3.6565824167923666 -0.9838606374580801 -0.06283689435630271 -0.16754035564077008 -10.17260656355305
-0.16977137010018645 0.07486672284919102 0.9826355660691956 95.36084145802019 -0.05064351476022905 0.9951298498574117 -0.08456841216137424 -3.731922850735736 -0.9841813432020728 -0.06412141399398509 -0.16515304405422265 -10.293932385859472
-0.1655954804118152 0.07192256050388147 0.9835676296817346 96.1525042524664 -0.0501919528530208 0.9954299396692456 -0.08124040299556787 -3.809110618530193 -0.9849156840745203 -0.06282022365964357 -0.16122876530995361 -10.414801155930563
-0.16192175775957873 0.06981832822809826 0.9843306077774285 96.91117950565766 -0.05174110275176298 0.9955211390102682 -0.07912344829271446 -3.884732053656399 -0.9854461947006949 -0.0637421589462727 -0.1575840554205542 -10.526331441255682
-0.15839448039135623 0.07031789381266332 0.9848688148130711 97.69464064987135 -0.0548324415082507 0.9952951541721793 -0.07988090785426942 -3.9606327007214572 -0.9858522160749026 -0.06665545657430473 -0.1537935569816709 -10.63942808951647
-0.15603751511920133 0.07055320159209048 0.9852281662744579 98.4722066248306 -0.06271722395028483 0.9947253820216866 -0.08116627490392458 -4.035077005326581 -0.9857580046316615 -0.07445575939385402 -0.15078957589200154 -10.750243199402085
-0.15256040066986704 0.07101729853402262 0.9857392492218107 99.25201024837756 -0.06692540089702632 0.9943828912473673 -0.08199790429821127 -4.110210549679155 -0.9860255143059036 -0.07848062756792798 -0.146950591132946 -10.857945103338807
-0.1489011830508294 0.07230833430886242 0.9862048177105713 100.1190322550717 -0.07127190069141302 0.9939442726458443 -0.08363670872503719 -4.196515255629242 -0.9862802613141444 -0.08274229670489659 -0.14284592566153959 -10.97674440302625
-0.14469276526293068 0.07082308694990042 0.9869387488772813 100.9533305048194 -0.07546117383815942 0.9937404466763873 -0.0823743642305137 -4.276959202051182 -0.9865949599118847 -0.08639453104393297 -0.13844265990714494 -11.08739346399327
-0.1393666067266126 0.06731722209782322 0.9879500698610948 101.79966098695056 -0.07820016298663544 0.9938226015182168 -0.07874878551715907 -4.35816157878183 -0.9871482580840496 -0.08823280750716374 -0.13324146592195096 -11.193774604641245
-0.13326822441788044 0.06483913299841906 0.9889567569881502 102.60262447444364 -0.07843643130571223 0.9940376583956557 -0.07574206186331545 -4.4353647578216595 -0.9879713085937921 -0.08766424883209428 -0.12738788353754416 -11.295853796547485
-0.1280761104091364 0.06661995023755268 0.9895242756864598 103.39987224526973 -0.08171487549972056 0.9936400383653878 -0.07747356503541121 -4.507036591695995 -0.9883922243039612 -0.09078136586093498 -0.12181771032116467 -11.386895024362483
-0.12458543845027081 0.06824780416989673 0.9898589322485004 104.22690969921905 -0.08262268913217843 0.9934531316018723 -0.07889465476824402 -4.5812558597459905 -0.9887628430350329 -0.09161393199956235 -0.1181309768725306 -11.479136289737143
-0.12054665496172667 0.06966240568720182 0.9902603966691841 105.04512761578661 -0.08290745773380971 0.9933432769406043 -0.0799717925834999 -4.653615420260107 -0.9892395349103547 -0.09174030406954997 -0.11396867630876284 -11.567757660153124
-0.1147249290053754 0.06891549114256103 0.9910039584912321 105.88746921512602 -0.08446549599668678 0.9933014154709043 -0.07885352249286048 -4.733049537294321 -0.9897998639375264 -0.09275210565845907 -0.10813545322962664 -11.653165550934508
-0.10766162502897364 0.06826123560580968 0.9918414077914315 106.69869661839094 -0.08451653285285704 0.993400275690068 -0.077542555628694 -4.806387431912971 -0.9905886786000799 -0.09217535447431327 -0.10118188502336806 -11.734399816418316
-0.10111486624401023 0.06792405899938188 0.992553326543972 107.46922624711011 -0.08555022713396847 0.9933775308089928 -0.07669576208080318 -4.877797767731772 -0.9911896601870817 -0.09266824425269561 -0.09463431748229834 -11.807413703122462
-0.09524905749220713 0.06803863460903384 0.9931255516033133 108.26823994779616 -0.08760006540309531 0.993218079272544 -0.07644655353599933 -4.9507362613449795 -0.9915915719630841 -0.09427932544676682 -0.08864289709324136 -11.87568849674855
-0.08953321844671569 0.06770165426929237 0.9936801743034699 109.08083202281306 -0.09485472544075088 0.9925725553744057 -0.07617285198207033 -5.0203973022998865 -0.9914566979228759 -0.10107526070569314 -0.08244639359695305 -11.932827693338945
-0.08602129804504327 0.06754657309348089 0.9940009037953502 109.87731242913915 -0.09975288534631832 0.9921016747339082 -0.07605017327566843 -5.090723501896972 -0.9912868899303221 -0.10569639281215781 -0.07860390829194147 -11.989730105270061
-0.0833433097590433 0.06648422268845286 0.9943006290111258 110.67856357348022 -0.1027046673549677 0.9918855850640909 -0.07493155173604768 -5.165197078994419 -0.9912142271083046 -0.10836435888048601 -0.07583878758595525 -12.044401618238632
-0.07955649303043144 0.06621637466337592 0.994628652383963 111.49378222338527 -0.10496260869429745 0.9916879985558557 -0.07441615615153087 -5.237971124546353 -0.9912888656656983 -0.11031910644453509 -0.07194497592252447 -12.09926652526837
-0.07605125989080386 0.06661179515130419 0.9948764117294883 112.27575501795089 -0.10674166372385085 0.9914884366764881 -0.07454459847821342 -5.308364831158522 -0.9913740076754515 -0.11186397401994265 -0.06829369093832782 -12.148404833367929
-0.07459853697849822 0.06520770912427186 0.9950794003251359 113.0935395116079 -0.1076238621882928 0.9915049198677759 -0.07304175631562271 -5.380153113029853 -0.9913890066812033 -0.11254309640648691 -0.06694691092871435 -12.198922663721929
-0.07087339824668232 0.06352982657241014 0.9954601561874019 113.89809771397468 -0.10999978712304502 0.9913852131255971 -0.07110137852952737 -5.4506572707038785 -0.9914015373469278 -0.11453960158649866 -0.06327457162679334 -12.24400997926474
-0.06815607643290528 0.06274821763921831 0.9956994578829366 114.69470330829252 -0.1124488344042539 0.9911774691161219 -0.07016041873937492 -5.5180792204479445 -0.9913173098894204 -0.11674710231804916 -0.060498803409177404 -12.283137437677528
