1.0 0.0 0.0 0.0 0.0 1.0 0.0 0.0 0.0 0.0 1.0 0.0
0.9999264826664854 -0.002085817823590658 0.01194481587291146 0.008392355404794216 0.002087805555886406 0.9999978086824552 -0.00015394235517216464 0.002019215375185013 -0.011944468602318643 0.0001788694906842021 0.9999286462920811 0.2456570565700531
0.9998029534575691 -0.003927272164920381 0.019458437523722047 0.015609622187975528 0.003939505626442757 0.999992065827311 -0.0005904048154609991 0.0024669461724411536 -0.01945596445672068 0.0006669451023399658 0.9998104923590717 0.4840095726485383
0.9997198966845007 -0.005107781864642743 0.023109278170355588 0.022346983265900306 0.005127757790516331 0.9999865287564494 -0.0008052364055558943 0.0029924158470174076 -0.02310485388773203 0.0009235096373401871 0.9997326206825385 0.7244654232894492
0.9996900647187905 -0.006320741708760011 0.0240795084416506 0.025004367021181695 0.006379565036455546 0.9999768493352051 -0.002366842534291166 0.0032197380245627713 -0.02406399078469768 0.002519725756434113 0.9997072448120131 0.9873215741432626
0.9997426987760268 -0.006998425570220789 0.0215767996599249 0.026273277868156808 0.007068672911166967 0.9999699566547223 -0.0031811399258417617 0.003657944324708693 -0.02155388844968327 0.003332840753911 0.9997621327421877 1.2636961659268493
0.9999144921243678 -0.007908910713295029 0.010414296471519277 0.022333731914381108 0.007956852035765734 0.9999579006647948 -0.004570055113160537 0.0024302224723639857 -0.010377713878716372 0.004652529353536766 0.9999353264212971 1.5303526389262332
0.99996292770626 -0.006507601735552182 -0.005638646360298396 0.003594474924927187 0.006481731128840795 0.9999684393822852 -0.004594279152443735 0.0019861355442121914 0.005668366140122243 0.004557560642339402 0.999973548783313 1.8158867492717994
0.9997041782817955 -0.0023615393119600482 -0.02420700431690051 -0.025868152613314217 0.0022681330174013185 0.9999898796546453 -0.0038853778328111067 -0.0002773381200230733 0.02421593480615082 0.0038293237479211924 0.9996994172155439 2.1162901450319067
0.9991394733955474 0.0015025422329216927 -0.04144942785740901 -0.06202284127581505 -0.0016669768955713828 0.9999908769443208 -0.003932838181006541 -0.005099842057341551 0.04144314045650858 0.003998549107693731 0.9991328628936872 2.4278476134040856
0.9980572282730209 0.0031393732277134566 -0.06222470110584773 -0.10388086028467387 -0.003432326195365077 0.9999835218282543 -0.004601652838888548 -0.005198205221217298 0.06220922945081045 0.004806288349460145 0.998051557467568 2.743416545407724
0.9965004421655372 0.002383844254675508 -0.08355349214999043 -0.14709374269156789 -0.00271537878467262 0.9999888846444661 -0.003854517553808095 -0.0035637087382217776 0.08354337485369388 0.004067907826673985 0.9964958387489479 3.0834448087329958
0.9946180630294145 0.0027349918494326076 -0.10357330020424915 -0.20185010831545802 -0.0030598712530803974 0.9999908844538171 -0.0029779518443640773 -0.005071637541601125 0.10356421140302549 0.003278845659117919 0.994617365265464 3.415639765945118
0.9925408366887377 0.005051429332925084 -0.12180792489372422 -0.2646232686309828 -0.005384581932307558 0.9999826084488197 -0.0024060501468521176 -0.0043323731719402065 0.12179365247267596 0.0030439877774662842 0.9925507746990961 3.7608148862000252
0.9902655679442613 0.0072846498845543966 -0.1390001396405387 -0.3335826432223417 -0.007645170658704732 0.9999686535776393 -0.0020599096394516986 -0.006321925316653898 0.13898077676293608 0.003102537378161202 0.9902902190530756 4.112788068274679
0.9882182559440418 0.0093423700105015 -0.15276582975752012 -0.40726336627931603 -0.009759476840938834 0.9999504134494078 -0.001980720613770774 -0.009511615092303076 0.15273975000211282 0.0034482988480582875 0.988260430253254 4.490170674980013
0.9861883763445232 0.0095043520339648 -0.16535462997862427 -0.48690054968634044 -0.01001740262463429 0.9999472501724341 -0.002269034429771179 -0.011041273849010385 0.16532434184840794 0.0038941192845091625 0.986231563998734 4.877661235345881
0.9842351463320144 0.009616870002505948 -0.1766032064718912 -0.5675946416457113 -0.010321390988139967 0.9999420169828056 -0.0030710845687898737 -0.013426140567023383 0.176563432264069 0.004845460113716491 0.9842773368839791 5.258545234919579
0.9824809821064754 0.010405596012560598 -0.18607214560680246 -0.6600466304160041 -0.011554109972047002 0.9999202989846637 -0.005089029492413854 -0.014659299423162788 0.1860043610828777 0.007149772726751318 0.9825229047753067 5.702968651410136
0.9813000745714319 0.010562864996459021 -0.19219414540815 -0.7511701575027148 -0.01200954517977184 0.9999076323980594 -0.006363764348451105 -0.019102032274020048 0.1921091733121496 0.008552926702256904 0.9813362894411622 6.152460716607424
0.97980458151617 0.01053774834468023 -0.19967958808988792 -0.8469660390082399 -0.012583111402899505 0.9998805332823234 -0.00897688534397713 -0.02223598559850746 0.19956113686623791 0.011308183889594295 0.9798201251402084 6.583992028135992
0.9780759443055912 0.00959224169863971 -0.20802748873627525 -0.9501961657747572 -0.01204029388220625 0.9998723312128884 -0.010504884489327005 -0.025327532955019216 0.2079001647280645 0.012779286916681773 0.9780665679451194 7.02671726846002
0.9764984956171961 0.006455314692899144 -0.21542752138380192 -1.0503901227277195 -0.009284570904101506 0.9998833978968484 -0.012123834103924511 -0.03181176070641219 0.21532413891730648 0.013839057860577493 0.9764445686658573 7.481300189533678
0.9738696781327099 0.006908247262308934 -0.22700248045661298 -1.17111133905532 -0.010299571663801917 0.9998523003432209 -0.013758499987708922 -0.041291097686621536 0.22687390514828798 0.01573701426994266 0.9737969899032515 7.97906905965182
0.9709405258987349 0.0093831157160385 -0.2391368903096038 -1.3068465209015132 -0.013887842271960629 0.99975631214158 -0.01715937557421263 -0.045156828869093606 0.23891760714630725 0.019981828558146845 0.9708342307124094 8.467176808947894
0.9681898068361234 0.011593914118103546 -0.24994815281184263 -1.4506294284846732 -0.017117748608899072 0.9996546815288068 -0.019937411569772814 -0.05412510805201349 0.24963068846035885 0.02358174830164244 0.9680539347194687 8.972221902852219
0.9650912536769043 0.01149436429350172 -0.26166152117923136 -1.5940966147185391 -0.017584408864291613 0.9996259783455438 -0.02094497509207984 -0.06620006159355786 0.2613229049303457 0.024814975442314972 0.964932410250875 9.4753843945508
0.9618937566347572 0.011536240679533315 -0.2731800067685378 -1.7381834906642875 -0.018416596058306752 0.9995741479512603 -0.02263518802964066 -0.07808931557710322 0.27280254752604427 0.026803691881826804 0.9616965904924507 9.95531326793877
0.9586149072467973 0.012221461048249702 -0.28444348383125356 -1.8971338941353442 -0.02011184599976625 0.9994892252964712 -0.02483550214394295 -0.09074707932386918 0.28399467117306304 0.029528366126594673 0.9583710671442445 10.469816823718489
0.9555456016531287 0.014206232767955056 -0.2945009102055592 -2.073237428381606 -0.023239854416066182 0.9993599057798751 -0.027197203649625072 -0.10557313593803334 0.2939260320694311 0.032832326603239835 0.9552641132177728 11.001480772891059
0.9521959749420794 0.014725595821342335 -0.3051327287129476 -2.2543838924691313 -0.025576877096026886 0.9991734370181303 -0.03159534958488227 -0.12427242059641568 0.30441525694701566 0.03788930700187917 0.9517855597521953 11.542836639147863
0.9492980796089773 0.014852642503582668 -0.3140263604562028 -2.440419118884121 -0.027836006924950328 0.9989311636395852 -0.03690104372695522 -0.14162117156251852 0.31314263965353295 0.04377132988984129 0.9486968735642026 12.071230735845878
0.9475065333402105 0.014474290279653766 -0.31940861634983625 -2.627347133800669 -0.0296474053391343 0.9986482729180381 -0.042692603041707515 -0.16144034102050356 0.3183589179436845 0.049921157025053654 0.9466548882496759 12.60311670688236
0.9460178774729464 0.012430619839496228 -0.32387598736551504 -2.8353118583638395 -0.029804449335053024 0.9983667939286683 -0.04873848151539012 -0.18485102755929597 0.32274118160131904 0.055760420290719565 0.9448433231110789 13.191587845641056
0.9449900140081836 0.011097288672734157 -0.3269108802241476 -3.0654713092334793 -0.030729933354827398 0.9980160397857735 -0.05495139239663728 -0.21669454204621777 0.32565249057979095 0.06197446663292347 0.9434562103588824 13.835699465200546
0.9442707545819591 0.00965187115046584 -0.32902824107439865 -3.2880348546605 -0.031090363356371525 0.9977166043672446 -0.05995804096419335 -0.25153136124352793 0.3276982321398554 0.06684623215402571 0.9424146910459448 14.457252742360442
0.9434102241394097 0.009810284619407677 -0.3314828914211341 -3.506088584453106 -0.033070997142639946 0.9973628422257094 -0.06460394798653185 -0.2886215238054793 0.32997493561969315 0.0719104948052871 0.941246738427092 15.058173972427529
0.942705428810953 0.009629683833091028 -0.33348724665215007 -3.7177470702050264 -0.03481981770093343 0.9969642487909031 -0.06964098597854558 -0.32564078760386367 0.33180424166310934 0.07726290068373647 0.9401789135012038 15.63214217107045
0.9420139672316533 0.009691759442800455 -0.3354336824759626 -3.945001675180507 -0.036717750108693985 0.996558071286137 -0.0743223881573413 -0.3687304790569892 0.33355882894541633 0.0823290978534193 0.9391274819103129 16.241372493297987
0.9408292832883901 0.010482516414001216 -0.3387187277914888 -4.190344163203651 -0.03874548368073934 0.996294402194042 -0.07678705392943726 -0.41642133096066236 0.3366586508637496 0.08536732985426533 0.9377490985291073 16.885914246855872
0.939902218483947 0.010959753676930889 -0.34126778853020406 -4.434738835178031 -0.04040249244115214 0.9960327309187674 -0.07928705785337994 -0.4653759041115383 0.3390449207605059 0.08831015081995713 0.9366161748382626 17.532071647711025
0.9384021646020199 0.012218382405624024 -0.34532895708531863 -4.684941752687822 -0.04218940834174019 0.9959490377854724 -0.07940760642385508 -0.5183672352696981 0.34295981002738174 0.08908549413671063 0.9351162192157725 18.191926971283596
0.9359621760153223 0.013375370562032798 -0.3518464217964867 -4.927431943539563 -0.04407062632621709 0.9958700539290166 -0.07937641704330382 -0.566540263942058 0.34933162605735807 0.0897994161993599 0.9326861636619127 18.814713041029954
0.9330134027575783 0.014263328976400083 -0.3595588237287971 -5.184092231331088 -0.045442996803430995 0.9958846542114036 -0.07841358012332136 -0.6216643208241878 0.35696067614829585 0.08950035169061721 0.9298218983929167 19.463865111082313
0.9292722445097079 0.013644299910665816 -0.3691435068693982 -5.487219835935875 -0.04517644616319441 0.9960139263894983 -0.0769112940356561 -0.6854460034844381 0.3666226729158381 0.0881481226012384 0.9261844979192447 20.221402080103815
0.9249636509046504 0.011746301372543195 -0.3798740171546422 -5.781769243183167 -0.04271922282376621 0.9964013763706998 -0.07320768516971769 -0.7487906711600272 0.3776470740075626 0.08394237053264865 0.9221368477199499 20.939142647592945
0.9209116982130364 0.012804546535933986 -0.3895608908532665 -6.04588018735763 -0.04333716789188012 0.9966269348625711 -0.0696896160525199 -0.8005640667444612 0.3873545326616077 0.08106044839775899 0.9183603158521507 21.53881984745575
0.9166878457792591 0.01496417598728245 -0.3993237619245856 -6.347727006656033 -0.04537602498349065 0.9967331262103851 -0.06681385688291248 -0.8502786077732677 0.3970194072803987 0.07936717553179222 0.9143721571060806 22.20412199340475
0.9120882066577275 0.01451972596855779 -0.4097368433930353 -6.663734080072769 -0.04587755539882876 0.9967107711896603 -0.06680485390404065 -0.9033412248785112 0.40741913699103305 0.07972964412507311 0.909754269383316 22.895695192498856
0.9077311164099493 0.014599117739475687 -0.4192983258521029 -6.995856692987792 -0.046834267910867936 0.9966740693264755 -0.06668846138169002 -0.9566384052929107 0.4169301759892181 0.08017272162919906 0.9053958046380416 23.61448562719748
0.903388935340754 0.014224479263113893 -0.4285861590084217 -7.331813171985725 -0.04765114540864354 0.9965898733933953 -0.06736462418050455 -1.0087162900699898 0.4261663992446415 0.08127907750109835 0.9009860774259651 24.311959101096363
0.8990422462211489 0.013292010306391374 -0.43766009867435485 -7.683443059821233 -0.047290289344899844 0.9966400215351365 -0.06687522716311696 -1.0664263707032793 0.43530066395918454 0.0808207271463059 0.8966500666482079 25.031863879905394
0.8951675547765284 0.013863275891341707 -0.44551415068095385 -8.024933299002301 -0.04843560869022827 0.9966228620708485 -0.06630884261181016 -1.1207821626485186 0.4430903301655524 0.08093627356921784 0.8928159266805844 25.706877663913055
0.8915861071450927 0.0158817841230704 -0.45257262674506465 -8.392649572583482 -0.05031015020704793 0.9966720941900382 -0.06413755100553838 -1.177752073761888 0.4500478889318377 0.07995314625399023 0.8894180075038308 26.430065294893126
0.8878633627751906 0.01879773626771819 -0.45972306245471267 -8.790073291667383 -0.05261500439900206 0.9967586895970949 -0.060858656120352836 -1.2371779868691655 0.4570889523425647 0.0782225020303728 0.8859745649974864 27.18752787006435
0.884294329742483 0.020416437988242345 -0.46648334101569483 -9.177888392939805 -0.053726299779757986 0.9968571529656123 -0.05821770601174127 -1.2927025033035782 0.46382865704618587 0.07654401113846997 0.8826120275985171 27.92003371796535
0.8806911929160466 0.02225513956970938 -0.4731677625143577 -9.575913770018346 -0.05562356982670129 0.9968437356975554 -0.056644373774246116 -1.3460150903056796 0.47041369155228135 0.07620548118918463 0.879149409052227 28.655667731224074
0.8780726960887952 0.02239434339492166 -0.4780029641825085 -9.973141230509654 -0.05588886246778009 0.9968674041215779 -0.05596260940989298 -1.3946516288116417 0.47525232817463575 0.07585428124909635 0.8765736435581275 29.375552492603465
0.8757050709647478 0.02185753404763877 -0.48235140394942605 -10.394322604535029 -0.05535159716030838 0.9969335358630261 -0.055314787927347814 -1.4449030070379896 0.47966324580733616 0.0751383608884359 0.8742296021895909 30.135498203607554
0.8733033490782202 0.02081980024024742 -0.4867317499472583 -10.838537712210039 -0.0546974522907895 0.9969596490263715 -0.05549456663594121 -1.4979029544423403 0.4840965288056309 0.07508657756996456 0.8717869904209219 30.928807847675824
0.8715212861586444 0.021570080262156073 -0.4898830262520499 -11.266849620876167 -0.056223299160014235 0.996839098175061 -0.05613156848953273 -1.5502017542118365 0.4871237916628031 0.0764626967024817 0.8699792340102369 31.68437724464041
0.8702200810144665 0.02105604075476897 -0.4922130166370135 -11.708510341913811 -0.05656215582066021 0.9967499276110443 -0.05736117446755366 -1.6006924535737475 0.4894054894748268 0.07775747523621947 0.8685827778149839 32.459303998433846
0.8692294588645577 0.01981139624326925 -0.49401179785600324 -12.163604974837083 -0.05613922860711995 0.9966894977763235 -0.058808435056356745 -1.6550295186891175 0.4912112934913304 0.07885146543516094 0.8674640693108285 33.25489746964586
0.8684658531441924 0.019385543205499844 -0.49536982410837044 -12.63586178149752 -0.056028239640771735 0.9966711581773121 -0.059223633966953425 -1.710503090308583 0.49257273400512785 0.07918840301536029 0.8666610055509539 34.07858461706025
0.8682355843264346 0.019909013287470474 -0.4957525605574362 -13.09587066915356 -0.0561955966766557 0.996710863912097 -0.05839099822537967 -1.7684914255168989 0.49295945576029854 0.07855625340812132 0.8664986382141576 34.87920470381689
0.8681185149739268 0.01997900739130867 -0.49595471892413945 -13.54567650780598 -0.05687981937435159 0.9966115352510603 -0.05941493038341294 -1.826357739559766 0.49308714250871044 0.07978901596199005 0.8663133283197322 35.66258750017181
0.8680817152097862 0.0187045248694728 -0.4960688223098114 -14.028599940302687 -0.056209326100546145 0.9965669013983104 -0.06078587579934221 -1.8902868172474234 0.49322879820399623 0.08065080152594807 0.866152873825091 36.50740503681147
0.8671827547245645 0.016549142322546593 -0.49771497445496243 -14.513175638271486 -0.054638502183065374 0.9965756193565448 -0.062061815823502814 -1.9540179359065717 0.4949835391076222 0.08101333712733552 0.8651174112338659 37.35559597195408
0.8662094442166366 0.016072044375354096 -0.49942255469642366 -15.003624869291404 -0.053887833476857196 0.9966580675795499 -0.06139053454538244 -2.020046743889518 0.4967668468739396 0.08008986027078543 0.8641807184430407 38.21583799926008
0.86542171820628 0.01727059930203268 -0.5007464189154417 -15.480948503142471 -0.054646542153804704 0.9966973527106573 -0.06006781609314775 -2.0847829262432542 0.4980552229296695 0.07934805290186019 0.8635073140472876 39.043911043275244
0.8637141095753359 0.01705598081595654 -0.5036933893142638 -15.952041583338872 -0.05355561633248597 0.9968744210752206 -0.05807912331631282 -2.146842083899409 0.5011284594589817 0.07713936818738945 0.8619279465221662 39.84731313968781
0.86053005626851 0.01667124440839652 -0.5091267935086417 -16.45291572692373 -0.05343062713606967 0.9969051445454215 -0.057665421724973326 -2.209287693436218 0.506589765335189 0.07682579247068161 0.8587575951739177 40.67546652790479
0.8562647471406374 0.014226174881672781 -0.5163412619115543 -16.95826248926703 -0.05229164050557038 0.996872553292799 -0.05925113353119708 -2.2738176075173007 0.5138835151446449 0.07773498851695818 0.8543307347993819 41.51778371790112
0.8517152869815163 0.011776849910700344 -0.5238724804073741 -17.476418427091367 -0.05167850760994973 0.9967614219812339 -0.06161168315471841 -2.340310595157098 0.5214502869624315 0.07954856036491095 0.8495655506025821 42.35747768734257
0.8464251317618877 0.011379755178938862 -0.5323861357078512 -18.01972304250921 -0.05214934770172588 0.9967372838221217 -0.06160545895603776 -2.4122906344884814 0.5299480558093932 0.07990799841672278 0.8442569336007123 43.22459428430818
0.8420873145615067 0.013089582818569326 -0.5391823601308057 -18.547421402497232 -0.052931047777433654 0.9968851734432246 -0.0584658460150464 -2.477666945170792 0.5367376070630536 0.0777728345292101 0.8401572039645432 44.045466873762614
0.8377502501068788 0.01497125968444863 -0.5458483121063241 -19.086096291697608 -0.053710174775374576 0.9970359590888975 -0.05508641764791977 -2.5416657695291547 0.5434056823142918 0.07546626840611065 0.8360712330665347 44.86928739489635
0.8342650060787509 0.015630234455198174 -0.551142082772943 -19.63325753360296 -0.05514320566903819 0.996951605671996 -0.05519712688692524 -2.603138159198018 0.5485992403393976 0.07644077262106072 0.8325837385993864 45.68884167301498
0.8328352317558321 0.01285884022109652 -0.5533715993565066 -20.145165002667763 -0.05422474656546262 0.9968168030292095 -0.05844602688410663 -2.659565918929429 0.5508585604364528 0.07868234507686381 0.830881420521054 46.45858390174093
0.8321432612912292 0.011342531782276823 -0.5544447128978375 -20.682262649244656 -0.05560971469461334 0.9964581327168276 -0.06307732852679512 -2.7229172610639822 0.5517654867053404 0.08332188617201111 0.8298266752554763 47.2509554403824
0.8311100722043354 0.010208294098491943 -0.5560142431737728 -21.226139084396213 -0.05584602449573564 0.9963092829557997 -0.06518461662173317 -2.787344678569388 0.5532967281925011 0.08522677647136098 0.8286127727375282 48.057467147211916
0.8301293280717045 0.010006121803131245 -0.5574810994120624 -21.775547291684404 -0.0546708652442041 0.9964817622183526 -0.0635231773422665 -2.8549302597674027 0.5548841276957478 0.08321042658626301 0.8277557790427449 48.87569838520742
0.828432916920977 0.009975480328641081 -0.5599994571015359 -22.3340139886498 -0.05282486633048675 0.996776075439836 -0.06039030491664195 -2.923596042722796 0.5575916387993709 0.07961121292237468 0.8262890651086099 49.70542508464847
0.826283895110708 0.011246680941548626 -0.5631415779788201 -22.880464967562954 -0.053756062907089036 0.9968114872705495 -0.05896731761072749 -2.9869055075016573 0.560682807281805 0.07899601897104899 0.8242538556811974 50.48906654181792
0.8246138724631557 0.012120042379821602 -0.565566146364888 -23.453823087065754 -0.05535532814100874 0.9967012037789212 -0.05935063632388961 -3.054882784995624 0.5629811266709746 0.08024845766966919 0.822564548259843 51.31022126173596
0.8229146248468645 0.010683027217529673 -0.5680646029657314 -24.016055573522678 -0.0547236393003145 0.9966651037192139 -0.0605309369669586 -3.1221169040824726 0.5655235127869341 0.08089835571776698 0.8207549040531457 52.1184623953271
0.8205686531755589 0.007968180649075344 -0.5714924264789456 -24.57016000390093 -0.05293809833385445 0.9966641334578512 -0.06211411130738356 -3.1901370887767913 0.569091067554609 0.08122261492869198 0.818253165990637 52.91890088864682
0.8182612557358668 0.0069364898375122025 -0.5748046646212058 -25.148243118040472 -0.05234930359652024 0.9966714679388691 -0.062494283014844575 -3.2585928846448473 0.5724579179070913 0.08122727439299086 0.8159007673241667 53.739829712886284
0.8155872320907418 0.006353713553119041 -0.578599254384801 -25.733589759012254 -0.052077118648551045 0.9966877183418604 -0.062462515317279164 -3.327864241116045 0.5762859017569556 0.08107541199760572 0.8132166605558394 54.5563823785135
0.8128573524376699 0.006451392773784918 -0.5824270805167803 -26.322915697897862 -0.05237625443535006 0.9966973040965366 -0.0620581338586638 -3.39456174441028 0.580103139587561 0.08094975934476098 0.810510631579056 55.36449573241246
0.8087000425920974 0.005315470312366972 -0.5881972346814445 -26.9249568157404 -0.05191956862566781 0.9967013527697595 -0.06237605133908437 -3.465697219190484 0.5859254214533317 0.08098246206611567 0.8063084033621662 56.18868696534521
0.8045688875218714 0.003735983850296099 -0.5938475794818807 -27.503040495751446 -0.05106109066640052 0.9967121952180096 -0.06290917996329307 -3.535323296820777 0.5916600968899086 0.08093727403592671 0.8021143854961444 56.9736407163852
0.8005134771731356 0.003076228837287375 -0.5993068576950514 -28.1063282242142 -0.05151585677757883 0.996638840721005 -0.06369566442673706 -3.6037988390554507 0.5970965494496246 0.08186304405793955 0.7979812984355712 57.776284615802744
0.795992783055201 0.0009334074314319152 -0.605305392405026 -28.716717953120288 -0.050334383306557935 0.9966374887801858 -0.0646542018361809 -3.6778826835021574 0.603209697519183 0.08193195169463538 0.7933632308787216 58.58572281285996
0.7912839567798917 -0.0007574573533510216 -0.6114483837586917 -29.334755996649044 -0.050209790845714725 0.9965415129828935 -0.06621170444109606 -3.750801753826344 0.6093838500042383 0.08309295493676544 0.7885092797132375 59.383225096741235
0.786090558155234 -0.0016451001671789582 -0.6181091554285805 -29.97587765610326 -0.0496223410336888 0.9966008132720959 -0.06576049160197724 -3.8255830495642567 0.6161162695867797 0.08236572485468323 0.7833368558414916 60.201947271903556
0.7812668581892495 -0.0020760225606195302 -0.624193709056273 -30.6047288888083 -0.04910849346273763 0.9966904021172225 -0.06478115618935723 -3.896134642073007 0.6222623660200894 0.08126458304659812 0.7785792287091553 60.98555737874846
0.7762205675156068 -0.002437752422447894 -0.6304567296245449 -31.242820039358644 -0.04895534922509906 0.9967401708554937 -0.06412804055333413 -3.9725303306533877 0.6285578766891704 0.0806417334020563 0.7735708800658888 61.77444953752191
0.7721028364486102 -0.0030899321704194113 -0.6354900961204611 -31.907266417191863 -0.04961893888342321 0.9966422812952246 -0.06513159017507297 -4.048445321122332 0.6335575513338104 0.08182062975700419 0.7693570131571386 62.57737800723104
0.7678994397426905 -0.005067999993718576 -0.6405503616570097 -32.560303803230624 -0.049102829274840304 0.9965607744009233 -0.06674979462618655 -4.121751605351292 0.6386856524144472 0.08270996494676966 0.7650096071935543 63.353817972035564
0.7645648564117572 -0.004522210746979824 -0.6445309379308561 -33.24582870447308 -0.05028280137725286 0.9965093504021544 -0.0666389859371536 -4.201333888566555 0.6425824618099416 0.08335864784793669 0.7616686389784201 64.15925721307052
0.7605993777251747 -0.003463959931313331 -0.6492122823743183 -33.94700505342316 -0.05202867169455537 0.9964441955807049 -0.06627203343207959 -4.282841763465177 0.6471333741399663 0.08418412008874808 0.7577146098625168 64.97240854939305
0.758145898926225 -0.0036734562664628573 -0.6520746135684207 -34.63481232652384 -0.052484942712339146 0.9963960114502178 -0.0666357198098756 -4.358093237267295 0.6499693275300221 0.0847436964331634 0.7552207486457287 65.76745809465561
0.7546884054334266 -0.004521617342639336 -0.6560678057037694 -35.31849114769446 -0.0526032300668145 0.9963398977166086 -0.06737735824886681 -4.433865088129202 0.6539711850616126 0.08536019678201956 0.7516883170001016 66.5502671929333
0.7524043404384781 -0.00618540467766069 -0.6586724901332318 -35.99163963327936 -0.052644238318503796 0.9961925656255731 -0.06949069264443208 -4.511628762780667 0.6565944659081459 0.0869604103101631 0.7492139843712775 67.31425647323002
0.7492661689715053 -0.006852250452980421 -0.6622335348640188 -36.6794327393301 -0.05357851226020473 0.9960415756531442 -0.07092617707437247 -4.591369121248849 0.6600981374452947 0.08862407254314021 0.7459331221410681 68.0921114507464
0.7470155115608493 -0.0074674716820831155 -0.6647646668966093 -37.39252848722471 -0.05402156989638307 0.9959482991518982 -0.07189336132336216 -4.675963785069289 0.662608100971768 0.08961708700420135 0.74358542363569 68.89207630955568
0.7451264605294575 -0.007427481342511165 -0.6668818413630332 -38.076204935789676 -0.05374921155956043 0.9960164999497615 -0.07114881646628164 -4.7591720253448955 0.6647537740213053 0.0888592389610313 0.741759027970471 69.64970766430918
0.7438281828560989 -0.006840333308148205 -0.6683358768083809 -38.78219882745904 -0.05441986120097651 0.9960077173818802 -0.07076090461973294 -4.842433164644631 0.666151719277118 0.08900470075209471 0.7404863605416171 70.43054289326943
0.7408211041872413 -0.00863589166771113 -0.6716468662667163 -39.4988070397576 -0.05350979679769922 0.9959807157282771 -0.07182698339801055 -4.926381340849802 0.6695676166284221 0.08915063248509628 0.737381428766715 71.22639938010579
0.7390773405551034 -0.008337937060795265 -0.673568974555365 -40.21736767581795 -0.05448644685038158 0.9959070491103327 -0.07211363700417696 -5.0061797887510116 0.6714133687882722 0.08999793518698011 0.7355980287320406 72.00670761869827
0.7358014185413687 -0.00844817213329397 -0.6771446676007398 -40.9417955744319 -0.055018726302130734 0.995870853149015 -0.07220930413973312 -5.093797458193844 0.6749586744598526 0.09038734555157313 0.7322983787606933 72.79866437401954
0.734861814907535 -0.010205397748616046 -0.6781400761255719 -41.63999626266813 -0.05395673558092294 0.9958377587587226 -0.07345630616805202 -5.174035880489565 0.6760671443549481 0.0905704592413927 0.7312524928070666 73.5523647890172
0.7333101556311041 -0.010670852111821942 -0.6798105240164304 -42.375646265213035 -0.05461868627700509 0.9957206385244073 -0.07454669091194457 -5.261599237094594 0.6776968457633991 0.09179620325348173 0.7295892284776315 74.33223435254475
0.7311638787012282 -0.013652455579920713 -0.6820652409698167 -43.129589874212165 -0.053110547214196044 0.995626145848248 -0.07686252323448503 -5.354499893324034 0.6801313492680545 0.09242395879857879 0.7272407851480926 75.14318551478208
0.7294175630344333 -0.01607027984102911 -0.6838799345226759 -43.8618041839377 -0.051461277677567224 0.995602061658914 -0.07828327867630762 -5.444390548400722 0.6821303069331407 0.09229453356700563 0.7253826324340472 75.92622810936776
0.7255978159508827 -0.018657199574430343 -0.68786606137485 -44.61105048153202 -0.0486943052769764 0.9957341739975196 -0.07837295048082593 -5.542416602542631 0.6863939642223711 0.09036240168077231 0.7215940425485656 76.72539463876815
0.7185557944715406 -0.020658240242538078 -0.6951624323433013 -45.37865479433485 -0.04746859344939364 0.9957709261537807 -0.07865745522694163 -5.635434602064663 0.6938474636887487 0.08951815311390045 0.7145363513466386 77.5276997876202
0.7104560757467067 -0.021752199137910246 -0.7034052930332942 -46.180541716834895 -0.04665629738288279 0.9958672684655316 -0.07792030231923336 -5.730345497893666 0.7021932457301977 0.08817723873917471 0.7065050744469036 78.34758668763405
0.7026730962777915 -0.020348170893921262 -0.7112218161084863 -47.00304236431358 -0.0477339417433409 0.9959908100120268 -0.07565564868025541 -5.824329751921439 0.7099098467925523 0.08711060964577548 0.6988846479313424 79.16219531886426
0.6947293974684916 -0.02130516670967513 -0.7189555995779848 -47.79025919154859 -0.047167973269841824 0.9960601759836835 -0.0750953268650515 -5.914284086298633 0.7177229594980796 0.08608260968875416 0.6909873643696326 79.92518590679472
0.6875453881353366 -0.021152516063665933 -0.725833252419594 -48.61824347089246 -0.050406680447943025 0.995774071453392 -0.0767669537454366 -6.010047286777675 0.7243897471803756 0.08936760982207925 0.6835736423346355 80.70507387067227
0.6771909114369582 -0.02329395264814925 -0.7354385502794967 -49.46055264071441 -0.05046655916746673 0.9956747331854412 -0.07800610297853142 -6.106886480078577 0.7340746527928741 0.08994007708539309 0.6730863144210371 81.49004116174162
0.669124920713084 -0.02443429105089478 -0.7427481443272337 -50.306151776638465 -0.05104545562916565 0.995587635251016 -0.07873767836875065 -6.203762948625886 0.7413947679477646 0.09059926024052353 0.6649252379805943 82.25217241106117
0.6603808524411303 -0.026197131841804118 -0.7504737437195182 -51.167712145099955 -0.0496083283885602 0.9956861522545719 -0.07840982057738864 -6.3049907140924 0.7492904266595289 0.08901009207808201 0.6562324740704566 83.01779369655037
0.650096659822799 -0.02604326478139221 -0.7594050837641045 -52.03032454430112 -0.050862907225277296 0.9956794475907855 -0.07768785177813353 -6.399978846550355 0.7581472795940333 0.08913016327167086 0.6459632469725599 83.75753622321871
0.6409660286680804 -0.027088031392122378 -0.7670911214769529 -52.88418879083462 -0.05099499685930453 0.9956662757387752 -0.0777700305503165 -6.494151169626031 0.7658733971021512 0.08896575696174924 0.6368069045632545 84.47206275767331
0.6316301910300625 -0.028466169563724844 -0.7747470419238117 -53.762660790653 -0.05211556189743699 0.995506184969349 -0.07906582002286028 -6.588214777876775 0.7735161730613275 0.09031673642322438 0.6273082313619172 85.19111619888578
0.6230609697446163 -0.028470276328564026 -0.7816549567083124 -54.66721242058128 -0.0542902764074773 0.9953530660090569 -0.07952886189283762 -6.69061544581545 0.7802868663949807 0.09198759346860605 0.618619987374605 85.9131043448084
0.6161377885205871 -0.029020550698294838 -0.787103572088279 -55.56166572842501 -0.05660438463021105 0.9951055740991639 -0.08099901257058076 -6.790929237780541 0.7856017879292255 0.09446006581588684 0.611479457356061 86.60868066566938
0.609435216806917 -0.02892551251183491 -0.792308040626519 -56.46730948152339 -0.057895442995912705 0.995042640928354 -0.08085951035366105 -6.890358830468977 0.7907191879522169 0.0951496582245805 0.6047393722455422 87.3017948810852
0.6025528653924347 -0.028009823737806545 -0.7975872956495381 -57.3431372385003 -0.059522409919681316 0.9950232908881087 -0.07991078342471604 -6.982048860267676 0.7958562226462266 0.09562478948669877 0.5978869228465402 87.95468075780542
0.5969180960913099 -0.02685117474736974 -0.8018527302275724 -58.260835215586305 -0.06078796510774265 0.9950533370850073 -0.07857276661827996 -7.080934484822973 0.7999960061505218 0.09564450204103235 0.5923331152084419 88.6281272095306
0.59149119638874 -0.025585886855494268 -0.8059054082139137 -59.211979292675444 -0.06251341020610099 0.9950327616027905 -0.07747178119501275 -7.180557850751415 0.8038844681538639 0.09620377191639642 0.5869536575659421 89.31662194179225
0.5874912957189423 -0.0271928801266119 -0.8087734693502863 -60.12922113310936 -0.0631509412328853 0.9948467263668024 -0.07932181073738702 -7.276040804911029 0.806762626846261 0.09767567920253688 0.582746536340152 89.9733104852212
0.5835560267480426 -0.029194601849921044 -0.811547927647445 -61.06800161636844 -0.06308950207821867 0.9947032573274189 -0.08114890381111378 -7.378857155251436 0.8096184770455529 0.09855508655086018 0.578623207745241 90.64075090058886
0.579568044111119 -0.029866363164003824 -0.8143763764971134 -62.01175599309202 -0.06517243062195607 0.9944286203041335 -0.08285091071825357 -7.479631921168897 0.8123136318762837 0.10109262817522124 0.5743925869965489 91.30239135862276
0.5770928732856561 -0.03238239292556992 -0.8160362713944278 -62.967566028527386 -0.06433705234863386 0.9943054733263879 -0.08495510230867422 -7.5830540592655895 0.8141403805843286 0.10152835240267695 0.5717232148167529 91.96959491193103
0.5756097112120049 -0.03295927216320457 -0.8170600631146429 -63.892684520789 -0.06419712530835353 0.994282040148508 -0.08533436435729973 -7.682841594441287 0.815200705017222 0.10157219608038727 0.5702025074680324 92.61881837519239
0.573558692634939 -0.03209175234354019 -0.8185356104253623 -64.80561313793633 -0.06467429932103963 0.9943391397313908 -0.08430249228563888 -7.784988461175836 0.8166074094142375 0.10129064433479784 0.5682363454232836 93.24653801537708
0.5717690305791467 -0.03070962279648291 -0.8198396762405932 -65.74378908519077 -0.0641885521671558 0.9945614474514128 -0.0820204670435065 -7.888850126541667 0.8178997526844395 0.099521084756188 0.5666882284357816 93.89423810736642
0.5699576073294724 -0.03106977736367314 -0.8210864721707665 -66.66789972011011 -0.06384872320574449 0.9945886608767776 -0.08195569657037036 -7.9922753512952704 0.8191896400664862 0.09913659561388102 0.5648896078153949 94.53143811449999
0.5677140740971403 -0.031465541605774874 -0.8226242457911643 -67.57320969146049 -0.06339587970934431 0.9946307784669023 -0.0817959471013216 -8.089769863083356 0.8207811477537146 0.0985876981056922 0.5626711057752262 95.15244086660562
0.566316741268679 -0.03155773171280302 -0.8235833036966979 -68.50573360903616 -0.06287822058910839 0.9947001135679746 -0.0813511735834604 -8.190375430485117 0.8217856642302613 0.09785598416551554 0.5613310328394707 95.7826033350905
0.5639231036840547 -0.03125808272297444 -0.8252355211670344 -69.4204034271786 -0.06301831340057334 0.9947408807411957 -0.08074201111179731 -8.291345458534165 0.8234193496071671 0.0975372362060468 0.5589875331756476 96.39781675828301
0.56297848076513 -0.03132793682957673 -0.8258775881263446 -70.33646365238337 -0.06344948430104833 0.9946938458286676 -0.08098343048121626 -8.392363598745606 0.824032398111456 0.0979934357218738 0.5580034887149953 97.00994246899467
0.5608840259170467 -0.03125504610131291 -0.8273041953020004 -71.24128102337701 -0.06355227193701583 0.9947130829664526 -0.08066592407589908 -8.496918951117697 0.8254515238357303 0.09782128944447589 0.5559323494173466 97.61699595177186
0.5591525241609987 -0.031231841202321378 -0.8284763284605644 -72.11820493914175 -0.06278801577246285 0.9948250732867682 -0.07987952575806559 -8.595466349284607 0.8266838088409262 0.09668322323489989 0.5542979654889324 98.20031517380701
0.5591696990471942 -0.03132866953536919 -0.8284610806384414 -73.00687720022152 -0.062179074498854243 0.994886532324939 -0.07958988938881875 -8.69378138950657 0.8267182170255694 0.0960171977491642 0.554362415189253 98.78862636318482
0.559129099540576 -0.03282945392119184 -0.828430369434982 -73.90285035024255 -0.06067382197071684 0.994916160208463 -0.08037736922488686 -8.792726203260678 0.8268575072976058 0.09520536282838468 0.5542946883331151 99.38778097680917
0.5583011164308613 -0.03488898019582207 -0.8289044712468077 -74.74981113852668 -0.059819578363232775 0.9948219857714764 -0.08216346310947466 -8.883578479110906 0.8274789915378513 0.09545666915722802 0.5533231812213444 99.94848102072119
0.557883036697071 -0.03664224089581391 -0.8291102843095046 -75.62466831858498 -0.05899755728465803 0.9947463352381227 -0.08366012649265918 -8.983908870221969 0.8278199113334361 0.09558804691203489 0.5527903035396374 100.52905254082651
0.5583493729570562 -0.038090903614011386 -0.8287309942196746 -76.50464553537408 -0.05918705140254588 0.9945708774383133 -0.0855900852777712 -9.084142301052799 0.827491915770018 0.09683931439994736 0.5530635375088595 101.11380420554717
0.5597183585410328 -0.038660051001762244 -0.8277806228516544 -77.35408033136824 -0.06037070383515582 0.9943545732077059 -0.08726030517577163 -9.181878958800327 0.8264809357937906 0.09881489360143053 0.5542245750343069 101.67319809292302
0.5622465263106051 -0.03877467541550976 -0.8260601480510243 -78.21209105679887 -0.061956425905773715 0.9941177517225626 -0.08883297247677865 -9.281301688975448 0.8246455268420734 0.10112576455335012 0.5565369123453179 102.24439763770287
0.5661728001772703 -0.038420928985261435 -0.8233906682464517 -79.05208762745103 -0.06341791841368702 0.9939219518848078 -0.08998511646694117 -9.378433986223735 0.8218433719167563 0.10316484758581058 0.5602949993165143 102.80452475011938
0.571004083242675 -0.03820883601649714 -0.8200575722292045 -79.90917372577711 -0.0649235230120117 0.9936859729665074 -0.09150477194832343 -9.479370200607223 0.8183759973752294 0.10549062508047966 0.5649180957804668 103.38772775562711
0.575250659986086 -0.03596095064189557 -0.8171863240500931 -80.75387974417055 -0.0674489980167787 0.9935455956892414 -0.09120187472329397 -9.57989353906145 0.8151915792328238 0.10758233737673659 0.5691122295579784 103.96548733837041
0.5806451338215101 -0.03467605804763291 -0.8134179734722352 -81.57076144120948 -0.06948495330685026 0.9933366225102745 -0.09194670001596199 -9.681292892378202 0.811186211565104 0.1099087138408855 0.5743666118329798 104.53078438394712
0.5858903445099891 -0.03375849629202768 -0.8096868951255586 -82.39983483468127 -0.0706641458166418 0.9931981145747015 -0.09254233464346218 -9.78282865105464 0.8073035876954658 0.11143549314899318 0.5795196702103131 105.10982832770796
0.59117772601602 -0.03344501491538125 -0.8058475831320944 -83.22127295852829 -0.07185416295900099 0.9929829551054018 -0.0939245981391736 -9.886827439684492 0.8033342240487387 0.11342963390337575 0.584626241819983 105.69793988365042
0.5985998929627102 -0.03384866004170323 -0.800332703541729 -84.03338554486494 -0.07229046709346995 0.9927474293832091 -0.09605534769307869 -9.991730835992824 0.7977795789016161 0.11535514581678402 0.5918115695228919 106.29006598203671
0.6067143538640773 -0.03455986372554868 -0.7941683125349227 -84.84154288601293 -0.0732441402846915 0.992374108831825 -0.09914093016609103 -10.098924084473623 0.7915383684504823 0.11831840068016815 0.5995563087244064 106.89120226602294
0.6136635149846317 -0.03502892977714951 -0.7887902537781349 -85.61314506363709 -0.07410741442698777 0.9920500327288055 -0.10170950638815841 -10.205442010972696 0.7860821722337009 0.12087061943021422 0.6061890067090485 107.47606216099392
0.6207711236887272 -0.033376874768646106 -0.7832810454906419 -86.41214318481045 -0.07615813474344478 0.991800966032248 -0.10261959993051638 -10.316989420885799 0.7802840191280572 0.1233565077658169 0.6131394796334582 108.08849026851759
0.6285027277437092 -0.03253864800801364 -0.7771264746516667 -87.17955337829397 -0.07583190001592141 0.9918014334188869 -0.10285640285473954 -10.425021093153648 0.7741019597951503 0.1235765068856203 0.6208824387814942 108.69227272538194
0.637074901971089 -0.03044738921417343 -0.770200315352161 -87.94981552091087 -0.07743513033486514 0.9916364385380143 -0.10325199442948171 -10.532124124543868 0.7669024513382066 0.12541981603273028 0.6293889893204092 109.30453640172793
0.6455668587234036 -0.03062615789306505 -0.7630894242293665 -88.70483579267625 -0.07651459450867708 0.991574322384998 -0.10452693439446567 -10.643007303817884 0.7598611371462353 0.12586660255779233 0.6377841724403239 109.9224350916266
