1.0 0.0 0.0 0.0 0.0 1.0 0.0 0.0 0.0 0.0 1.0 0.0
0.9999245463853451 -0.0018107561681454175 0.012150008154785988 0.009733807295560837 0.0018132018383385925 0.9999983380454995 -0.0001902769879068445 0.0019272513454779983 -0.012149643416795747 0.00021229304794240814 0.999926167822658 0.2454863339662552
0.9997590219878388 -0.003726588081451296 0.02163355022161316 0.02037136304678861 0.0037248056153029612 0.9999930553612457 0.00012268825809892965 0.003342361161256833 -0.021633857193022264 -4.207792358197413e-05 0.9997659598388016 0.48869700059614263
0.9996382583528917 -0.005314852630152476 0.02636483981967969 0.02795986761377204 0.005330322361953477 0.9999856603368332 -0.000516511592704674 0.0042545083847671875 -0.026361716573760238 0.0006568578442105384 0.9996522537548032 0.7311445168895347
0.9996404274325515 -0.006431132382364223 0.026031833948963315 0.028004462797502804 0.006495725968968283 0.9999760284130754 -0.0023975285917713558 0.0034521104241645954 -0.026015791100828814 0.002565762166062232 0.999658239338778 0.9967052129483535
0.9996938044895686 -0.007346173239365065 0.023629028839752746 0.026557270072379676 0.007422314955975911 0.9999675359310084 -0.0031362915620344487 0.0022901023409942285 -0.02360522200418642 0.0033107133377912323 0.9997158759724326 1.2755803446202414
0.999890833970025 -0.008038882244159756 0.012397439856373555 0.02199636168084501 0.008096170035114137 0.9999567474460643 -0.004577692415447956 -2.3556855169388526e-05 -0.012360104105159735 0.004677564468017817 0.9999126702953399 1.5462330552508377
0.9999696347097748 -0.006734779614044868 -0.0039207654800868345 0.0030121278696306313 0.006715517644965567 0.999965418754209 -0.004905417258467509 -0.0026749858588261894 0.003953666799282789 0.004878938334285485 0.9999802820453864 1.8248721770463336
0.9997284549503304 -0.0030537893177690865 -0.023101747410705534 -0.02713336328626308 0.0029475664519833696 0.9999849341226505 -0.004630699701938514 -0.003467060659147651 0.02311554054389606 0.0045613483227079565 0.9997223944109898 2.130442209820116
0.9991802272625303 0.0012189777937916084 -0.04046464556544189 -0.0627292397208542 -0.001414879944946486 0.9999874163424903 -0.004813031416111456 -0.005971168570213552 0.04045826939378378 0.0048663384396618525 0.9991693786279936 2.4351568174854115
0.9982151045944413 0.002539001727410772 -0.05966706319014826 -0.09998373240131589 -0.002820797348728956 0.9999852610714112 -0.0046390454038849884 -0.005430682073830598 0.059654405217270785 0.004799073886710629 0.9982075539826394 2.7590045969090653
0.9967153241280111 0.0014646375183232016 -0.08097170793143695 -0.13952218998903687 -0.0018248188688195616 0.9999887672011123 -0.004374415126155029 -0.007814464466236591 0.08096439146001165 0.004507805290809916 0.9967068009234061 3.0877403019662153
0.9948606310765116 0.0013609463559284766 -0.10124461743253965 -0.19152474101131053 -0.001713277803911461 0.9999927756490794 -0.0033931296492203194 -0.009155904298166524 0.1012392681384632 0.0035491512599604273 0.9948557755333796 3.4144955331935183
0.9929042074087935 0.0034210746661249825 -0.11886770443667377 -0.254354637324376 -0.00379133951240705 0.9999886398331695 -0.00288893567067305 -0.010469533954695982 0.1188564708150856 0.0033191042069245003 0.9929058983069071 3.761939956429676
0.9908399162287661 0.005392491246878064 -0.13493398921666994 -0.32160538550234735 -0.005769410737213175 0.9999804707986668 -0.0024024822626290505 -0.013495627320418199 0.1349183986990558 0.0031589649300461263 0.990851677413453 4.094889304420457
0.988879280666107 0.006933160922124387 -0.14855874107204525 -0.3955957530872235 -0.007417237401572233 0.9999688340949392 -0.002704704815129774 -0.017702346997699472 0.14853535895069486 0.003776522002609746 0.9888998862488317 4.4657857783860635
0.9870766548873141 0.0072815095261309784 -0.1600832814365427 -0.4733143427454515 -0.00790941549823496 0.9999633225775255 -0.0032855206881194313 -0.022652577629238214 0.16005348644420953 0.004509225957594494 0.9870980439441246 4.859088473311809
0.9852599232660786 0.006449046896033299 -0.17094236865052992 -0.5488582771155422 -0.0072439950392215345 0.9999656531325064 -0.004027044965174744 -0.026932894405631805 0.17091052671381202 0.005205991683874334 0.98527279953777 5.245175792062488
0.9835458626197816 0.007410987517301417 -0.18050654666113417 -0.6375948607482356 -0.008587195122184655 0.999946680238925 -0.005735569639251986 -0.027517375248370213 0.1804544158601926 0.007191240725464811 0.9835570597852394 5.669443939618417
0.9822795285383114 0.006492920271428135 -0.1873092891473932 -0.7266842892378745 -0.007981570180372604 0.9999422655362334 -0.007194451453784803 -0.029019230894679178 0.1872517619463397 0.008561984618881129 0.9822746408552842 6.122175754791059
0.9805763680773185 0.0066960667195518995 -0.19602333804621946 -0.820105859576332 -0.008657602331582763 0.9999206449613386 -0.009151486325672536 -0.032624303516209305 0.19594650364363048 0.010670823332250804 0.9805565262845629 6.5586054237621525
0.9788127864325569 0.005645884055216967 -0.2046793910225677 -0.9204549151688861 -0.007861092576347095 0.9999189850467021 -0.01001132192468145 -0.03515700003402511 0.20460628616843674 0.011408213550269549 0.9787778707776098 7.006068935730421
0.9774066150333324 0.0019980599029764535 -0.211358266092688 -1.0153824141122763 -0.004488752025903164 0.9999260203067223 -0.01130508818234011 -0.0407180107219667 0.21132004162959403 0.011998402818069309 0.9773432755871819 7.462780282611453
0.9747396156831944 0.0018298800130425352 -0.2233368154982887 -1.1337192776567644 -0.0049169873781990375 0.9998998954465417 -0.013267340393534917 -0.05061546182652712 0.22329018082509006 0.014030346579224596 0.9746510373061559 7.960683402220381
0.9720551956257195 0.004156778962476736 -0.23471561057096574 -1.265832926279321 -0.008288071398524978 0.999827567424906 -0.01661755967908965 -0.05544433218612517 0.23460606243133847 0.01809852496344011 0.9719220333260331 8.458866600300983
0.9694898215497232 0.0069878059787079425 -0.2450319499148829 -1.4020890677757423 -0.012108403940589497 0.9997385285195551 -0.019397452089539764 -0.06325436330406765 0.24483233541649937 0.021772578192726908 0.9693209387882551 8.961458081023208
0.9663274286160183 0.007323472067518691 -0.25721132840765504 -1.5470208014047695 -0.012949468420745661 0.9997123775239163 -0.02018597268151996 -0.07567402184377221 0.25698951724141283 0.02283700905011934 0.9661443261985605 9.469054028104189
0.9630767635390944 0.007986403076981988 -0.26910846307196484 -1.6903704415222833 -0.01422610161192646 0.9996730942810758 -0.021244354624852857 -0.09022430012914139 0.2688508239972313 0.02428830863587122 0.9628755436190175 9.95062710178637
0.9598411806399298 0.009632940271053523 -0.2803785198788949 -1.8518297701472677 -0.01684785594652271 0.9995857543188406 -0.023333870507049905 -0.10304743313113578 0.2800376005070582 0.027120586729804896 0.959605864966279 10.463497664014152
0.9568461432580989 0.011793751091241754 -0.29035558470141354 -2.0278892290044714 -0.0200043033965202 0.9994790849240751 -0.025325612429981353 -0.1159367839748461 0.2899056501307311 0.03004107578851812 0.9565836334517474 11.009687632713677
0.9540477427689676 0.012407256350520113 -0.2993976695087827 -2.2066782657026534 -0.022174503823303153 0.9993262100267488 -0.029247518420619383 -0.13208978329005433 0.29883305690239176 0.03454252369799628 0.9536800397192683 11.560600198690686
0.9512873615772085 0.012025160558437735 -0.308071016515701 -2.390844667291365 -0.023866419483506943 0.9991128410877477 -0.03469761943716753 -0.14873792636648944 0.30738046412306497 0.04035995895826728 0.9507304160425164 12.098963350365686
0.9497585398663274 0.011580788218318806 -0.3127692460828337 -2.571646450520824 -0.025681807403537833 0.9988289383195569 -0.04100239924582912 -0.16838516214629107 0.3119281339018161 0.04697485837838394 0.9489437296072204 12.61708407465037
0.9484780831426409 0.010193353790048853 -0.31667873521373796 -2.773969041820026 -0.026644704555288855 0.9985080490691131 -0.04766272824078985 -0.18996714412563742 0.3157204230283864 0.05364486445788556 0.9473345992837336 13.195558692433499
0.9470678131045714 0.008927528631292455 -0.32090942119835336 -2.9960805011317686 -0.027694669525956492 0.9981587368431617 -0.053964259871807876 -0.22284501471546497 0.31983677502934643 0.059995293950454234 0.9455712569884016 13.828713252294575
0.9461671526939698 0.007153146410320508 -0.32359936906523623 -3.2146406433640986 -0.02794422320266292 0.9978282157514382 -0.05964874047204387 -0.2587672194052763 0.32246990487886806 0.06548041193161515 0.9443121708951336 14.45133557027022
0.9449086629836495 0.0068554763369182824 -0.32726231231635294 -3.4365984496291753 -0.02958478408596997 0.9974774241121958 -0.06452541311053771 -0.2975500744494707 0.3259944158556074 0.07065260668010039 0.9427278769614637 15.075026109922048
0.9444008848729737 0.006106659438491506 -0.3287395281399041 -3.6447084815639834 -0.030576018603102738 0.9971260697581488 -0.06931600172435182 -0.3367964197605264 0.32737146445212234 0.07551363929231533 0.9418734599421003 15.663124591557043
0.9435667152277336 0.005995042140947621 -0.3311282431084269 -3.8743352352043887 -0.03243305342179048 0.9967028349899624 -0.07437442953536727 -0.3825054504379704 0.3295905808121411 0.08091673617182227 0.9406500575916718 16.29115460453287
0.9426468168211615 0.0068103862077506915 -0.3337223357472992 -4.1155457482245765 -0.03436535173879997 0.9964591273600301 -0.07673480371224016 -0.4315687817145432 0.3320180738104484 0.08380230390978967 0.939543065815831 16.939656944215976
0.9415715035254042 0.007157606842470731 -0.33673709687707176 -4.357480321148822 -0.03567683830951001 0.9962690756221557 -0.07858175467124985 -0.4816395885196785 0.33491829892848024 0.08600405585357028 0.9383139322314197 17.596654497462662
0.9402162897961038 0.008383908182651894 -0.3404747251788804 -4.6040368316047555 -0.03760286649318095 0.9961404733384226 -0.07931066642387911 -0.5343567266055497 0.3384957205542564 0.08737200616151995 0.9369027589380696 18.258083123682802
0.9383634859672199 0.010027834704446537 -0.3455045741152897 -4.842323352598683 -0.039892791368294975 0.9960413391897821 -0.07943686689359816 -0.5834623291542292 0.3433402589273403 0.08832379722456365 0.9350488615273221 18.8750998183509
0.9355449244976567 0.010783283435230244 -0.3530430781718136 -5.099533903786019 -0.04101484903345768 0.996088711916197 -0.07826276350790423 -0.6364138297811717 0.35081829542576093 0.08769833973050437 0.9323280135247876 19.527906583346617
0.9316320025767687 0.010380886670003829 -0.36325479895900126 -5.402010003427716 -0.040980720077030526 0.996216819092107 -0.0766330864573022 -0.7000473292603824 0.36108502095319317 0.08628027903263193 0.9285328863822129 20.305999949922466
0.9276942736122414 0.00901970182951936 -0.3732318042262241 -5.695191559872392 -0.03908166562549582 0.996561747753729 -0.07305687049121438 -0.7644822306126907 0.3712895879485349 0.08236096097630054 0.9248571316630843 21.028233141049387
0.9236317748677039 0.009614218271329028 -0.3831604249681409 -5.951326162555597 -0.03928303515703787 0.9967954481076788 -0.06968269355200468 -0.8141534204930317 0.38126262287770357 0.07941285436780945 0.9210496245901038 21.625784107824494
0.9197887283335521 0.012038830677464425 -0.3922292209747597 -6.237179208310098 -0.04190467158562927 0.9968272379153383 -0.067671679817914 -0.8635238884833765 0.3901700830789671 0.07867988501514891 0.9173749407762102 22.274817968916672
0.9152760393248375 0.012371482247200288 -0.4026372042730847 -6.545897594806762 -0.04301046250762612 0.9968158751555745 -0.06714321375021039 -0.917229298618555 0.40052449607073803 0.07877218712739643 0.9128937893218728 22.972311368629903
0.9113498155514632 0.012365942976088257 -0.4114469554494558 -6.87328072333683 -0.04384669159505617 0.9967781812532321 -0.06716193128303401 -0.9728532052515297 0.40929082732267813 0.07924860145019018 0.9089558173188106 23.691135279288112
0.9073602033840118 0.012006613571402317 -0.4201824633959297 -7.194911875498101 -0.044520556575159756 0.9967147114195192 -0.06765873248991906 -1.0252080385476654 0.4179896904914794 0.08009759840626589 0.9049138043882333 24.384967483614734
0.9027516125820705 0.011204223756088538 -0.43001626870444654 -7.536494277942077 -0.04428434595954681 0.9967699434187703 -0.06699684022307703 -1.0810618992969028 0.42787664423687166 0.07952449476082726 0.9003318455156568 25.10189526270705
0.8987741866532024 0.010565979104589937 -0.43828452116340566 -7.872596408299281 -0.044378035114178656 0.9967672589611936 -0.06697478228701982 -1.1364456499790916 0.436160006654988 0.07964541134648213 0.8963375798471078 25.781069697304325
0.8952071383360602 0.011907138311008796 -0.44549118905922785 -8.236830634661398 -0.045362780612933015 0.9968854314484797 -0.06451088823479002 -1.19491455102007 0.44333553614302684 0.0779593267224722 0.8929590952388323 26.510374030835454
0.8912376745409822 0.014777945211784532 -0.45329573107861953 -8.635046878020484 -0.04766381467174005 0.9969861867608718 -0.06121032738806772 -1.2535248905758944 0.45102501953851815 0.07615875355685589 0.8892560238800442 27.280952510123637
0.8876230369321534 0.016802847813616406 -0.46026406400314795 -9.020921522853815 -0.04893226053124354 0.9971187255514335 -0.05796448079632692 -1.3106637633579235 0.4579639485665263 0.07397236957160215 0.8858877526827643 28.02003501833454
0.8840599464283188 0.01803689624305843 -0.4670253542315189 -9.415164508594582 -0.05043953942068716 0.9971008679687923 -0.056971150233345244 -1.3642757656507054 0.46464380334207356 0.07392245578847197 0.882406712659199 28.764348455603542
0.8820056805639267 0.018434477079117967 -0.47087806224943657 -9.801692360492192 -0.050787968695293145 0.9971328863776024 -0.05609446621617461 -1.4137098205311682 0.4684939291909455 0.07339057813569194 0.8804131197069581 29.48002656235659
0.8799476598706502 0.017914608045789888 -0.47473274871945864 -10.214893408543169 -0.05029243968601141 0.9971862384681036 -0.055590253824421273 -1.4616597073456215 0.4724010863647498 0.07279198189636273 0.8783726663398651 30.24330974800046
0.8776524015191286 0.01654485611845781 -0.4790120351762844 -10.645397487700503 -0.049180964470605215 0.997237453703855 -0.05566591114850187 -1.5152458590669184 0.47676775776204444 0.07241359448523024 0.8760415381089421 31.02809844150783
0.8759797594340547 0.01683723274485072 -0.4820539063791016 -11.070346691404032 -0.05012616825723683 0.9971570731836098 -0.0562595650155993 -1.5681906327458013 0.47973620701141906 0.07344575544844635 0.8743333990468991 31.788517461864853
0.8747260362182158 0.016350330654058703 -0.48434185060706 -11.505596044333357 -0.05027506582226207 0.9970996657083023 -0.05713732931244588 -1.6209081959882197 0.4820028831018917 0.07432982800931683 0.8730110522493799 32.56480296147431
0.8740873938004091 0.016734114605780954 -0.4854803779840843 -11.950155772267012 -0.051075872724723755 0.9970327431578053 -0.05759309243850212 -1.6775487416408508 0.48307606360139244 0.07513773006674222 0.8723484615082444 33.36026546654162
0.8734067410417128 0.016325772739914726 -0.4867177147457643 -12.410740029044058 -0.050838393308401425 0.997033744862062 -0.057785546394864044 -1.7311826070928058 0.48433059212557983 0.07521423236846439 0.8716459698642034 34.18659796417512
0.8730868328928111 0.01754035908370984 -0.48724913343423754 -12.868926205429947 -0.05205116175528786 0.9969946862310888 -0.057378325061803535 -1.7904277212625324 0.4847783604794316 0.07545814356441358 0.8713759290803751 34.9990774024735
0.8728638837322832 0.018524437770438048 -0.48761202372489204 -13.320039676640803 -0.05328114096336621 0.9969224559390976 -0.05750423342676815 -1.8470253171519193 0.48504614264360196 0.07617389349145486 0.8711646098510404 35.79660317409208
0.8729059879823221 0.01712004286048789 -0.487587982088424 -13.789748202471038 -0.05253229106340343 0.9968721770021968 -0.059044230154443544 -1.906658063685631 0.48505205343368674 0.07715417585170678 0.8710750476327559 36.635260034024135
0.8724939854612479 0.015337666606027277 -0.48838407152263924 -14.267639534506976 -0.051310564080396644 0.9968570294399385 -0.060359662606193375 -1.9663504274001358 0.48592331838233443 0.0777227047860813 0.8705387468763446 37.48888509349737
0.8716664657895159 0.015152337347776539 -0.48986526626299387 -14.751056619067962 -0.050830765860615794 0.9969266158589382 -0.059611708867205085 -2.0307027821072086 0.48745646539977083 0.07686175424061266 0.8697577048092289 38.35194492750094
0.8708914216504264 0.016763500844086336 -0.49118949167826237 -15.215857621517355 -0.05214993749162975 0.9969278778981718 -0.058439629439852384 -2.0921765527087786 0.4887008448072487 0.07651007325116392 0.8690901523868415 39.17608362248862
0.8689148170760427 0.01608794943253984 -0.4947001299259621 -15.677704496541148 -0.05049153046645029 0.9971387186293376 -0.056258165286461465 -2.1535282717164663 0.49237957514184444 0.07386172008083305 0.867240912486166 39.98222169834534
0.8666144381058635 0.015831377731657464 -0.49872716303162806 -16.16885767524102 -0.05006840665989244 0.997211073404396 -0.05534645186633132 -2.214085398967043 0.49646003899709606 0.07293450869629596 0.8649901659095506 40.82320783852504
0.8627400085235205 0.013676105567391704 -0.505462799649337 -16.665030187387636 -0.04885448052266022 0.9972119590257562 -0.05640521703597087 -2.2782366315697464 0.5032821449502229 0.07335715992678235 0.8610027930627052 41.67677773831704
0.8581518353841222 0.011595843539326387 -0.5132650035210603 -17.163180993618266 -0.048399883967654725 0.9971196010302518 -0.05839479834017028 -2.3414430063641842 0.5111094585886472 0.07495356998758002 0.8562412532034047 42.512034350941235
0.8533273936225179 0.011300134259607787 -0.5212529772184672 -17.695474182196506 -0.048616732424392725 0.9971337038451529 -0.0579723208473016 -2.4086229989246846 0.5191038168052476 0.0748109859697245 0.8514308801990107 43.38340287257559
0.849431036213085 0.01397665722456614 -0.5275145190142083 -18.2129896349218 -0.05048892510983235 0.9972157424669811 -0.054878332858072074 -2.4693527061844223 0.5252787670934533 0.07324900019013635 0.8477716678516256 44.20791430800316
0.8449326866330213 0.017022762761529454 -0.5346017027723249 -18.728816597382348 -0.05305885314159683 0.9972310693588071 -0.05210520519860389 -2.530036291941231 0.5322344531899481 0.07239074425266565 0.843496334896686 45.01780824154309
0.8423455772220414 0.017372709215012338 -0.5386576997583871 -19.26695239921688 -0.05428618895809542 0.9971320261678144 -0.0527326471825114 -2.5923327946657384 0.536196734625335 0.07366078580221565 0.8408728503240714 45.846519534549365
0.840838193690891 0.014795007242050795 -0.541084318559823 -19.77361552497786 -0.05404166429743107 0.996926398372105 -0.056720849330623005 -2.6468061304167367 0.538582055540847 0.07693415359598842 0.8390533388646191 46.62994237089766
0.8405623057168821 0.013010727485467437 -0.5415586128741908 -20.29850363442812 -0.055094796425855 0.9965809357713373 -0.06157111225176309 -2.707112250463573 0.5389059042307037 0.0815914176088669 0.8384051925876074 47.43545751777353
0.8394930752003649 0.011796053858279244 -0.5432423306444439 -20.836375561081102 -0.05517835588861909 0.9964468332896946 -0.06363220464802988 -2.7706590563187623 0.5405614911664202 0.08339401381581554 0.8371611032099044 48.25929348792104
0.8383934415036478 0.010363745249949357 -0.5449669990266054 -21.37327932230849 -0.05293000868090435 0.9966419584220425 -0.0624757624500534 -2.8368701693913327 0.5424894942989306 0.08122437748034925 0.8361266345944379 49.08736091111807
0.8368687957603633 0.011409054168063672 -0.5472846171468643 -21.92062527464164 -0.05235405420587724 0.9968678738510605 -0.05927474244460761 -2.9020695615684966 0.5448941839392375 0.07825775084077416 0.8348449273622832 49.93045483908884
0.8358829795385874 0.013064043544320607 -0.5487521984320116 -22.459886677683937 -0.05341550473532323 0.9969079112136902 -0.05763159214726031 -2.9644295029206464 0.5463025062834368 0.07748514261346874 0.8339961776306929 50.737766181808105
0.834584553708331 0.013563754993965227 -0.5507128537286288 -23.01430406248311 -0.054573097401587 0.9968149616637227 -0.05815246549672888 -3.029425258133841 0.5481700463829298 0.07858725567046497 0.8326665860323218 51.56646930522274
0.833202384843906 0.01210777654837301 -0.5528355882515907 -23.56520425360621 -0.053939598207297795 0.9967720563989846 -0.05946416843255178 -3.095474844227447 0.5503310872880642 0.07936541645574777 0.8311659431396012 52.38799805773225
0.8316469963181109 0.009587498151414735 -0.5552218956365649 -24.0946635398812 -0.05252366785193687 0.996726486696919 -0.0614619803797112 -3.160067908942239 0.552815102751764 0.08027696180108718 0.8294281593806322 53.18480992207985
0.8295831712660872 0.008118370317871947 -0.5583241477990036 -24.65988074725756 -0.05148462542009817 0.9967470738715095 -0.06200487137262459 -3.2289375780096448 0.5560045820831462 0.08018330743967497 0.827302569747357 54.022750777014714
0.827512498325992 0.007719195505119233 -0.5613942279138866 -25.222096671278585 -0.051544779090907905 0.9967272142228363 -0.062273559204962504 -3.2983146796148377 0.5590762030910854 0.0804690900180822 0.8252021114181164 54.84099640429884
0.824765010123846 0.007609077573103692 -0.5654244246704407 -25.781272054468925 -0.051583803301467016 0.9967528140475278 -0.06182991933756753 -3.364531678072741 0.5631179177688879 0.08016189635245062 0.8224793499297177 55.649281188209365
0.8207256151381329 0.006441287667166853 -0.571286245650394 -26.35887141856999 -0.05144765937686165 0.9967071831731079 -0.06267319487445404 -3.4345517010410584 0.5690014086105375 0.08082883658891594 0.8183545051961935 56.475585450566854
0.8171540263307107 0.0046180215396949414 -0.5764008771060011 -26.921412650038764 -0.05032142467121531 0.9967216196902631 -0.06335429788955067 -3.503844848322236 0.5742186443076954 0.08077553292351362 0.8147074700838055 57.27487579826352
0.813444858903892 0.0036328172955784888 -0.5816306939642407 -27.49721448484922 -0.05037572154170293 0.9966629351350578 -0.06422834582273333 -3.5720199241770816 0.5794564247654693 0.08154628358465373 0.8109133464381698 58.08162300332095
0.8094891390088258 0.0015168687121443307 -0.5871328920577182 -28.09324440213424 -0.04911925360240786 0.9966660544409197 -0.06514656438149509 -3.64221745220092 0.5850766041744383 0.08157496573385771 0.8068648537476569 58.90515889598336
0.8054068350142393 -0.00015264222062619584 -0.5927223690841259 -28.694534192223735 -0.04880556434224281 0.9965870730675217 -0.0665749403600614 -3.7177205079008653 0.5907096130939309 0.08254806172808066 0.8026505905456968 59.720843072171164
0.7999959512559244 -0.0008978634747858968 -0.6000047264941414 -29.310767424733235 -0.04840798093243504 0.9966424166100798 -0.06603454244306764 -3.7936913120961524 0.5980494505943249 0.0818723839569909 0.7972664343800167 60.545657076558726
0.7954773344503221 -0.0013304302692852751 -0.605981881190444 -29.913262016364197 -0.048076721483316605 0.9967069146269127 -0.06529896772779747 -3.8634746107927165 0.604073206844358 0.08107747091639514 0.7927937969501118 61.33373825580456
0.7914556803506603 -0.002072221423416596 -0.6112230459816168 -30.53758815433334 -0.04720576118919137 0.9968002501986744 -0.06450486271909447 -3.936462790949566 0.6094009535201126 0.0799059891512052 0.7888253994050552 62.144835501832894
0.7874630896674448 -0.00387863163067282 -0.616349607469718 -31.19070472117772 -0.04648614873816923 0.9967583626784984 -0.06566433130682256 -4.0125486830686405 0.6146063133314649 0.08035995673936674 0.7847301172797897 62.975424117663614
0.7836599645339806 -0.005521565884093228 -0.621165495095138 -31.82275908100267 -0.046160022688916336 0.996678251788129 -0.0670948188604579 -4.085008726843373 0.619472608185349 0.0812525367157638 0.7808019678415868 63.76644125917915
0.7802499008004831 -0.004741773711717152 -0.6254499243607784 -32.480479664391865 -0.04801128433124724 0.9965668464522821 -0.06744951540980826 -4.16286497305622 0.6236224890730776 0.08265613186098594 0.7773435244395356 64.58071884835364
0.7765208902657889 -0.004540422051448091 -0.6300751475406895 -33.14238328799071 -0.04873000554696539 0.996546295975039 -0.06723738943343185 -4.2411449019185 0.6282043405932657 0.08291480293665887 0.7736177621498589 65.39772083811772
0.7737538624799564 -0.005005956572850013 -0.6334665742532432 -33.79896781445712 -0.04891219119073342 0.996511537335653 -0.06761918004423431 -4.314040733115511 0.6315952484386421 0.08330483992976745 0.770809798714317 66.19213832418579
0.7708032992947885 -0.005474811365543647 -0.637049684276494 -34.46397136042001 -0.04912314732629481 0.9964752013429278 -0.06800065812424905 -4.391161577610326 0.6351765031808309 0.08370901713127193 0.767817432895274 66.99068665872468
0.7682902003468987 -0.006140992652072557 -0.6400722273776372 -35.109931004166185 -0.05013398270463257 0.9963049460516145 -0.06973548774663815 -4.467504187139433 0.6381353710844543 0.08566646182921941 0.7651434541891926 67.75693956743707
0.7657059323730352 -0.0073918269386139684 -0.6431483390503709 -35.78429203789107 -0.05033122675635875 0.9961791342440978 -0.07137156373430664 -4.5480482599312575 0.6412185218331901 0.08702007464481848 0.7624082330791486 68.56175945817556
0.7639697749867619 -0.008573361622373401 -0.6451950715691872 -36.47163126898265 -0.04999860006517766 0.9961188090885154 -0.07243934132500386 -4.631701509244366 0.643311994990144 0.0876003176396639 0.7605760063604631 69.3750913861135
0.7624931472565833 -0.00846710527345625 -0.6469408848689645 -37.13246544302425 -0.04989418897969142 0.9961671807840717 -0.0718437042111113 -4.714260909608123 0.6450695856206595 0.0870589229028422 0.7591481895191399 70.14757585408992
0.7601855546835307 -0.007766477413933111 -0.6496596064702438 -37.82170263078812 -0.0511027389440704 0.9961159047233118 -0.0717050516328702 -4.794966859365992 0.6476931623252691 0.087708529721101 0.7568360332933783 70.9451535702379
0.7560007713268087 -0.008937120757323079 -0.6545097108720691 -38.528839933494574 -0.0504765071077175 0.9961333858851317 -0.07190549182939936 -4.881798750429153 0.6526216024492869 0.08739797135856357 0.7526264934341155 71.76652299295677
0.7543780864158687 -0.009152819011420042 -0.6563763620360475 -39.22049182397797 -0.05046396234952745 0.9961351994556357 -0.07188917101668839 -4.963194644900492 0.6544975868859394 0.0873549672864994 0.7510006780628476 72.55934741206205
0.7517700212695686 -0.010067709269398588 -0.6593485241891569 -39.9199852837463 -0.05026306925714443 0.9960997675917921 -0.07251811409868208 -5.049242322160782 0.6575070029963209 0.0876578247143108 0.7483319095008253 73.3613179282386
0.7508486053522684 -0.010892633244003535 -0.6603845261524269 -40.60962127275428 -0.04970374403594073 0.9960968467718356 -0.07294250941677548 -5.1295408151019855 0.6586014801603194 0.08759236491965679 0.7473765235397875 74.14221403284124
0.7497895759368287 -0.011211438173005836 -0.661581359675863 -41.330720005445386 -0.05044810293185768 0.9959775124600508 -0.07405257311171562 -5.21871512430977 0.6597503927448981 0.08889937192119055 0.7462079609230731 74.94531684023342
0.7476708768013761 -0.014228489043689178 -0.6639170204796647 -42.058799893570324 -0.04895923958867608 0.9958685131533256 -0.07647808423779733 -5.31037024970941 0.6622622236259295 0.08968530877082727 0.7438852684041547 75.76955754233228
0.745415933794524 -0.017332250778407228 -0.6663742782612428 -42.77332669351243 -0.04687428125638702 0.9958244635483458 -0.07833542975784712 -5.401210954846518 0.6649495374853155 0.08962829286338035 0.7414909855935278 76.56917576951986
0.7414114771754956 -0.01979608137460128 -0.6707586277303186 -43.516097320485365 -0.044693718905184567 0.9958886104403741 -0.07879306495856887 -5.49792042873393 0.6695606716369131 0.08839678024312352 0.7374784852724688 77.39953108350016
0.7349454372522862 -0.021448080900882578 -0.677786975448566 -44.25334150653091 -0.04416630060916322 0.9958635944980714 -0.07940427597983522 -5.594209033533873 0.6766864430092766 0.08829315363633809 0.7309581225134605 78.209453221406
0.7279652917084927 -0.02284474942387138 -0.685233282533423 -45.00844870914309 -0.04341862984499667 0.9959025261524304 -0.07932831137488927 -5.688119576775295 0.684237792474336 0.08750014758255412 0.7239905852446418 79.01906050372905
0.7207018786984577 -0.021044454285534364 -0.6929256330836215 -45.801576120645564 -0.04496940721588524 0.9960147848168128 -0.07702143104987082 -5.784307579945062 0.6917850493145725 0.08666994502214807 0.7168833699945147 79.84334719346928
0.7139900690789838 -0.02160987751015963 -0.6998222591848475 -46.560555381971646 -0.04502747412531843 0.996037290509192 -0.0766957788212709 -5.875269460666811 0.698706453262371 0.08627125308643327 0.7101876956554618 80.62121068667896
0.70704674868085 -0.021443300638166397 -0.7068416230228524 -47.359147170748834 -0.0479409563406933 0.9957871648314114 -0.0781638475393785 -5.973043125207258 0.7055399066565821 0.08915215765622658 0.7030400649324764 81.41618215631223
0.6973978202857201 -0.02347546373904226 -0.7162996460022604 -48.19744138137568 -0.04785102575002477 0.9957079528509947 -0.07922090610408258 -6.076241807372414 0.7150850016574233 0.08952416004363467 0.6932812309395695 82.24095387314352
0.6899357528040688 -0.024953321793674963 -0.7234403836765987 -49.01743008140267 -0.048117413699303446 0.9956142929703398 -0.08023025696120303 -6.173899434518362 0.7222695975199102 0.0901638029623412 0.685709207415064 83.02304705293096
0.6819447673045302 -0.02665836173682989 -0.7309176876334836 -49.866408783270415 -0.04685224124467946 0.9956908819771775 -0.08002833896727526 -6.280064383506352 0.7299015014618896 0.08882003882581382 0.6777571828218868 83.82076460734763
0.6714527659868337 -0.02648469528474337 -0.7405739287635671 -50.71298919508068 -0.047859053957185815 0.995724986755367 -0.07900165634559511 -6.3790805751178805 0.739500300204776 0.08848904828677176 0.6673147640584223 84.59238254263822
0.6626106246967591 -0.027366109451056567 -0.748463931056456 -51.54930947326565 -0.04876071192878917 0.9956358992981497 -0.0795710311668923 -6.476247934638928 0.7473751086376694 0.08922024480059278 0.6583845342249118 85.33428680242946
0.6542964647684135 -0.02878138784493043 -0.7556902592367299 -52.40569434836798 -0.04940613909246452 0.99551381452466 -0.08069249352038307 -6.573296851911136 0.7546225345240708 0.09013255130240519 0.6499391922204624 86.07505612944207
0.6453992364628455 -0.029701320137090495 -0.7632677493221433 -53.26476222784041 -0.051302064816981685 0.9953019678040904 -0.08211023706468902 -6.6735220771539 0.7621206752993192 0.09215109585576985 0.6408433910199046 86.80524242357211
0.6381034653197016 -0.03000322765537956 -0.7693658257794194 -54.149507748303634 -0.053416248129612195 0.9951077984927238 -0.08310940870154487 -6.777284750441629 0.7680954836364708 0.09412903754540461 0.6333790747317374 87.53771574748585
0.6308223452328807 -0.029600138340691716 -0.7753624962332781 -55.039864862141485 -0.05476770848193906 0.9950812133830004 -0.08254621057234046 -6.880007767244029 0.7739920328159235 0.09453682130486377 0.6260983329757768 88.25822121997925
0.6242138770914064 -0.02849635864892352 -0.7807336249901542 -55.89034886900638 -0.05689449784672703 0.9950229938951122 -0.08180622063618734 -6.973684695525488 0.7791790883752487 0.09548402569937922 0.619485874798576 88.9289222101314
0.6192071794015762 -0.02748376325560422 -0.7847465270613526 -56.79746131393086 -0.05777614056749641 0.9950836758293256 -0.08043876975142435 -7.0768358585651 0.7830992188469282 0.09514788938966363 0.6145750504096494 89.63341778019101
0.6137218858740576 -0.026452762957464994 -0.7890790189398693 -57.735029324230446 -0.05961849364788747 0.9950323192569579 -0.07972652538068176 -7.180601386786927 0.7872681131700605 0.09597361598916579 0.6090960375996688 90.35640214448155
0.6104854979949038 -0.02808771889616655 -0.7915292393747209 -58.624956937627665 -0.06017379206338976 0.9948377545128084 -0.08171264862079235 -7.280946203383819 0.7897382930355006 0.09751370284797452 0.6056438774314908 91.03409085538944
0.6069520482103739 -0.02927341916379176 -0.7941991425981856 -59.54558098518792 -0.06093491815383258 0.9946655561566276 -0.0832308064673932 -7.386538920093666 0.7923989821566013 0.09891156821164998 0.6019305231927472 91.72901355987065
0.6030675547479857 -0.02953753060424598 -0.7971430603700246 -60.478792912923616 -0.06304921203626218 0.9944227828130227 -0.08454659002000307 -7.4911571579539284 0.7951945178834495 0.10124654714214833 0.5978417979866422 92.4240293609904
0.6012636895560001 -0.032087224672754454 -0.7984061533043858 -61.41392854977024 -0.06266495387124092 0.9942224200249024 -0.08714862635832009 -7.598129120207985 0.796589655454941 0.10243138939127504 0.5957790960494936 93.12059377358676
0.5994857482995888 -0.03244052000486816 -0.7997277350745665 -62.33114109736159 -0.06328164861140557 0.9941293104609882 -0.08776301630745795 -7.703581015205217 0.7978798597124163 0.10322076701988939 0.5939134640005403 93.80477482881533
0.5975659603714383 -0.031218673576435558 -0.8012117806332409 -63.23303716429387 -0.06378174411552363 0.9942246037473068 -0.08630948048211631 -7.811183453717922 0.7992789326154809 0.10267829236814816 0.5921235987134938 94.46599019704017
0.5963592986212664 -0.029936473733186864 -0.8021592076940671 -64.13599936887465 -0.06378727595071762 0.994376936758118 -0.08453218955125243 -7.91640320097471 0.8001792114112551 0.1015791080092953 0.5910963664592244 95.13019898308548
0.594145800136742 -0.030177831634462526 -0.8037910590804757 -65.03520373712158 -0.06343347855380635 0.9944257354073923 -0.08422381229812989 -8.022174161385188 0.8018522070671342 0.10102848725636179 0.5889195894044081 95.7906284769056
0.5915885783615491 -0.030574037949862066 -0.8056600909537481 -65.91362030972454 -0.06361993621822028 0.9943944837657459 -0.08445184646794526 -8.122554777028016 0.8037259841934632 0.10121679139202255 0.5863273006372404 96.42634872109222
0.5909498494242944 -0.031635290458020576 -0.8060877643675288 -66.81747456393806 -0.062340555282538124 0.994451839762068 -0.08473012192192016 -8.227643202572429 0.8042959223025248 0.1003232116285923 0.5856990033934292 97.08078504825339
0.5896785563022435 -0.03130979687819372 -0.8070309144368313 -67.71676392457644 -0.06268540243116394 0.9944595851683394 -0.0843840849263499 -8.331990732051915 0.8052016769476731 0.1003485430201189 0.5844488252656468 97.72992105575025
0.5889255481204715 -0.031127230096728284 -0.8075876387844898 -68.61057566877771 -0.06386373761183449 0.9943409173284457 -0.08489736830239207 -8.437645569696596 0.8056600534898382 0.10157379422336542 0.5836048685007866 98.36898854632899
0.5869540659316483 -0.031063711360660842 -0.8090240851314677 -69.50201586186952 -0.06375943974142477 0.9943866378518118 -0.08443902122614662 -8.545122076783509 0.8071057293379637 0.10114474923727661 0.5816786753625772 99.00489975952819
0.5856991852554797 -0.03133618969120599 -0.8099225318551795 -70.36061843900738 -0.06246151491576426 0.9945358341424853 -0.08364827410615955 -8.646712622523362 0.8081181989941171 0.09958171429609053 0.5805415218848319 99.61706828370126
0.5846146966667366 -0.031061763329201783 -0.8107162409253562 -71.23464009457898 -0.06271016344608019 0.9945472472021325 -0.08332591723603225 -8.747903192680246 0.8088838555947483 0.0995537038062414 0.5794790489885149 100.23468265862074
0.5840085339404368 -0.03179039842539525 -0.8111247763770357 -72.11243852519118 -0.06242228903687742 0.9945152395001241 -0.08392196514266966 -8.850987574720182 0.80934386395162 0.09964340906435083 0.5788209575627824 100.86183723126194
0.5832626862154452 -0.033684788123701404 -0.8115848531840677 -72.94198767156716 -0.0616740322004521 0.9944191891378734 -0.08559667065086315 -8.947703481618461 0.8099388573348492 0.09997905442359456 0.5779301307733342 101.4462013788111
0.5826763915690402 -0.03565470479037121 -0.8119217725460959 -73.79084586233097 -0.06005535423449636 0.9944167860275145 -0.08676756360805432 -9.050290571482783 0.8104823114268762 0.09931766052933422 0.5772819286718823 102.04839680530343
0.5824415614453242 -0.037095390142971654 -0.8120257135899538 -74.65441104594568 -0.06002091870125352 0.9942686816156627 -0.08847190557747485 -9.155965977413027 0.8106536355431897 0.10026824416729772 0.5768769040204478 102.65700327873702
0.5837058966126744 -0.037484567727948996 -0.8110994596483487 -75.49499711050304 -0.060987654522823474 0.9940879797905922 -0.08983092135598056 -9.258024205412243 0.8096714965067 0.10190189212231754 0.5779689196890201 103.24710767770937
0.5857822028157321 -0.037196633860177006 -0.8096144893057562 -76.32015787587243 -0.06313375702455482 0.9938165534956764 -0.0913388565832734 -9.357306893591725 0.8080057794275441 0.10461868106340877 0.5798116866571765 103.8305783609281
0.5899850091353 -0.03742818675309552 -0.8065462291970592 -77.14154739046563 -0.06409178886252048 0.9936019476606672 -0.09299146307769786 -9.458944389522696 0.8048664060550806 0.10655655982296046 0.5838114147245443 104.41308620052824
0.5943588013212755 -0.037646256941626044 -0.803318351981468 -77.97495702155904 -0.06480295619982315 0.9934133635714008 -0.0945011425619805 -9.561335810279633 0.8015848003547101 0.10822498979459888 0.5880043872491587 105.01360639124272
0.5983267409397883 -0.035950793187458835 -0.800445283292721 -78.79565848954898 -0.0673866161379235 0.9931958804228744 -0.09497887700174112 -9.666479311686492 0.7984135238345177 0.11076770097923078 0.591833051947865 105.61066138253295
0.6026370632087723 -0.034604084371371746 -0.7972647787228063 -79.5920962004797 -0.06896405002294533 0.9930634477436924 -0.0952310272959595 -9.769370152960263 0.7950298924264038 0.11237235469736351 0.5960704019226513 106.19547562910543
0.6072827693013432 -0.034066811868753225 -0.793755056953208 -80.40948571429527 -0.06961121286989456 0.9929564122082412 -0.09587409711345163 -9.877737425632999 0.7914302983538563 0.11347693943544787 0.6006338877085523 106.80306496404091
0.6129438358364976 -0.03337955866055417 -0.7894210911634345 -81.21577279909201 -0.07108481032980295 0.9927260514012609 -0.09716962802047449 -9.985633600249013 0.7869223620220847 0.11567537306137407 0.6061125342844309 107.41382228406626
0.6211610653483549 -0.033061550583483444 -0.7829852264048874 -82.00755766930287 -0.07211624864316912 0.9924589871213664 -0.09911813942799975 -10.093475952056492 0.7803577241092278 0.11803428635378603 0.6140926067524499 108.02301090633155
0.629783891764127 -0.03471752252715522 -0.7759941644780631 -82.79308617034437 -0.07203205848599913 0.992085790983732 -0.10284534932826568 -10.20357834876378 0.7734233201970965 0.12066680139027415 0.6222988757964617 108.64416809655131
0.6354363275226048 -0.0343396553872976 -0.771389306208264 -83.56516406008768 -0.07390379397709654 0.9917195291521766 -0.10502668581830062 -10.313773506726118 0.768608419743354 0.12374636789040235 0.6276367847199186 109.25989448042652
0.6424848712628637 -0.032454894778015685 -0.7656107823191165 -84.33022007708193 -0.07649366810070923 0.9913962097194231 -0.10621804975831692 -10.427741445484328 0.7624709233399265 0.12680786710180753 0.6344744722226816 109.87932413699843
0.6507907241578683 -0.03163656028942766 -0.7585977599513005 -85.07239012897831 -0.07571069211963619 0.9914476880364852 -0.10629850886006843 -10.539165797559527 0.7554729144376013 0.1266120450042641 0.6428297329861112 110.5030162680308
0.6591020601349542 -0.02879822142952241 -0.751501920668441 -85.8226072669812 -0.07796661666924798 0.991265539925534 -0.10636651748219683 -10.650249967420146 0.7480011236696174 0.12869845297685648 0.6510998596147554 111.13458773376249
0.6673526581742827 -0.02880702576696936 -0.7441845099800052 -86.57267469639515 -0.07741111473988656 0.9911557251083465 -0.1077861210902229 -10.76752881949604 0.7407077351711991 0.12953950691356378 0.6592204238387518 111.78664924976684
