1.0 0.0 0.0 0.0 0.0 1.0 0.0 0.0 0.0 0.0 1.0 0.0
0.9999021561659287 -0.002072901389209101 0.013834058499124797 0.010766403749585152 0.0020564749505625366 0.9999971636371048 0.0012015109333869689 -0.0009893067181110382 -0.013836509874397548 -0.001172943978182501 0.9999035829503361 0.33058974146842957
0.9997038965639368 -0.005072609700930805 0.023798903876098128 0.02244677272302502 0.005041570863134781 0.9999863608962701 0.0013640325021214796 -0.0023853533297712856 -0.02380549848488215 -0.0012436447470544178 0.9997158354200605 0.6411145312171456
0.9995104701087202 -0.0071866007592601925 0.03044951415986913 0.03279579563385959 0.007144693137973512 0.9999733738943033 0.0014848779101347218 -0.0017641595191874048 -0.03045937463260308 -0.0012665985831401658 0.9995352030944282 0.9536390341290706
0.9993713765807967 -0.009452208530965532 0.03416880777683958 0.04321637977532504 0.009429326019878066 0.9999551978098095 0.0008307731072132963 -0.0016701617414909115 -0.03417512958006628 -0.0005080620355436922 0.9994157305101585 1.281744053523288
0.9994162360931553 -0.012315870126303542 0.03186701078580095 0.05666672226934821 0.01231949521781534 0.9999241087284363 8.25906803841786e-05 0.0013380847458127581 -0.03186560953392474 0.00031004302005581614 0.9994921144273011 1.6130861554861702
0.9996790203325231 -0.015272100330186597 0.02021433299695424 0.06189545210702581 0.015303233555329403 0.99988193756067 -0.0013863558964717657 0.002413676292321568 -0.020190773877146923 0.0016952555634347037 0.9997947083070688 1.952079827388611
0.9998713256714383 -0.0159044725850493 0.0020928095545830502 0.04930731884008282 0.01590790253633369 0.999872128434701 -0.0016326102888459633 0.003110078427214753 -0.0020665761381684126 0.0016656924242346586 0.999996477359702 2.3181932109403776
0.9997271561415302 -0.014999539323176764 -0.01790606303075525 0.0237288755797929 0.014977818438541164 0.9998869194909471 -0.0013465458502069944 0.0006778437216467051 0.017924235771463234 0.001077984692417891 0.9998387668624438 2.7075103351966647
0.9992798085326753 -0.013964859600019152 -0.03528238874072373 -0.0021488203498558657 0.013903226930690054 0.9999013620526341 -0.0019915938845023527 -0.0012272682238600517 0.03530672088729751 0.0014996204982612523 0.9993753982355917 3.076946228605867
0.9983990545658633 -0.013935457555379237 -0.05481907391330461 -0.037896748573368944 0.013840065030847708 0.9999019755614883 -0.0021194027872906 -0.002408625975828491 0.05484323515194957 0.0013573101911842076 0.99849405469793 3.482819948755009
0.997132910127032 -0.015617372651001897 -0.07404091580387352 -0.0760653558739226 0.015531951200915396 0.999877876392085 -0.0017293910913658438 -0.004930990509242833 0.07405888220523539 0.0005744328805445387 0.9972537049283783 3.9125515334773606
0.995508402994508 -0.016659090640984173 -0.09319599919706636 -0.12597183118772595 0.01663097321838893 0.9998611142380169 -0.0010784083272849865 -0.0067129175993630875 0.09320102090177634 -0.00047637561503595117 0.9956471979416905 4.304078986729226
0.9938059886176593 -0.016419114167823046 -0.10990937029034781 -0.19014845993665436 0.016433583345851523 0.9998646597712437 -0.0007742602598497011 -0.01081772836634664 0.10990720779863233 -0.00103674031416919 0.9939413115689624 4.735034868961126
0.9920767042532262 -0.015572901900951034 -0.12466474082289779 -0.2567074206146458 0.015667752673848494 0.9998772291125555 -0.00021960953881237802 -0.012655334740243981 0.12465285557983834 -0.0017353468188750312 0.9921988984912302 5.170822312840252
0.9902876766265292 -0.015199310348688596 -0.13820021160097878 -0.33091629106295317 0.01529565609463096 0.9998829480197999 -0.0003649162494027896 -0.015835030050331968 0.13818958146787275 -0.0017524908440694435 0.9904042449169813 5.63100380619658
0.9884518897582076 -0.01644530833408918 -0.15064001283598333 -0.4108799266429025 0.01642079067758022 0.9998641801174756 -0.0014067521216675073 -0.024288643139830493 0.1506426873995269 -0.0010831213253640639 0.9885876833044418 6.105130987785163
0.9865885156515778 -0.018224643154686214 -0.16220654477024282 -0.48912045174677815 0.01809451003090385 0.9998336820905858 -0.002279663116113209 -0.02605800399206382 0.1622211129636274 -0.0006859585015116325 0.9867541943005746 6.56548658276653
0.9850036207844185 -0.01874330002786598 -0.17151255273492758 -0.5825305906888127 0.018262268049678985 0.9998236276011945 -0.004382151990768398 -0.027774366160402148 0.17156443864410711 0.0011842273658045693 0.9851721885022328 7.068255976532632
0.9838188634550624 -0.020890371841881368 -0.17794391328252182 -0.6775088266198827 0.020212486298955876 0.999779901680322 -0.0056217073652498565 -0.03427741159185002 0.1780221876834577 0.0019340528415515022 0.9840245729309823 7.591576584268945
0.9828082241370323 -0.02149840390089979 -0.1833734255510515 -0.7791434231955512 0.02033239571985334 0.999759346603484 -0.00823665971534362 -0.039027108553517355 0.18350637115071652 0.004366635854848852 0.983008822055228 8.113172330770833
0.9808683300220876 -0.026904873246789307 -0.19280416737004227 -0.8831779942961814 0.025561130297923215 0.9996285559809519 -0.009454030110455118 -0.04836721974741691 0.19298691089701828 0.004344866282292397 0.9811917113181375 8.660735970275644
0.9788818254323961 -0.030976530007312417 -0.20206639113629507 -0.9866703718667954 0.029346956301185313 0.9995081370489933 -0.011056225789449203 -0.05346885426436311 0.202309485674786 0.0048927049325536995 0.979309416601539 9.18940740789062
0.9766542136581199 -0.03286047145737332 -0.21228927518703997 -1.1022731854889518 0.03075176112092086 0.9994395141636975 -0.013228254465128897 -0.06198095994830791 0.21260497673338094 0.006391161383624692 0.9771173301729773 9.727423633001957
0.9745233322126652 -0.03034802068196748 -0.22222347448865606 -1.2446396443448788 0.027193619944625116 0.9994814843027733 -0.01724150719144141 -0.07272915680828446 0.22263149374567556 0.010759190332553507 0.9748432991080962 10.300163294212043
0.9718201181714643 -0.02858027590784655 -0.23398466989577013 -1.3952722730287395 0.024687141356466623 0.999504028231124 -0.019551025584412594 -0.08644535595409375 0.23442739381063596 0.013223667372854112 0.9720436881397694 10.885032722161162
0.9688554702845562 -0.03174684929053672 -0.24558341812878023 -1.5460991764727383 0.02750109255377872 0.9994074347971955 -0.020699497105917772 -0.0968226500578356 0.24609503775582278 0.013301008691574849 0.9691544332869487 11.478277168686812
0.9663606666233279 -0.03245156966332012 -0.2551351752105234 -1.70167457702135 0.027548596926435364 0.9993611388987158 -0.022768154656158023 -0.11281995440200543 0.2557110416284416 0.014973633007677718 0.966637291595896 12.056643810046483
0.9638158211676293 -0.033065659220044404 -0.2645103496033991 -1.8705222052470933 0.02728862969978025 0.999302646680446 -0.025486290953450008 -0.1276874478940508 0.26516861344449644 0.017345965461729965 0.9640460175355343 12.664349264239295
0.9610552783895072 -0.0326220613158646 -0.2744240386612858 -2.053527856534249 0.025791175273306377 0.9992620319266631 -0.028464132303978748 -0.14740899748209885 0.2751500811515208 0.02027788611519423 0.9611874115785177 13.267855970173436
0.958482688002968 -0.03384401560009544 -0.2831351610214916 -2.2377011356819443 0.025341908165750653 0.9991127301035481 -0.033638374448740516 -0.16824750674298383 0.28402240138609514 0.025066614312577496 0.9584899271029304 13.891331924063469
0.9564555462787447 -0.03511575869414058 -0.28975795327128256 -2.428337888774932 0.02463849883137141 0.9989066855398224 -0.03972880515674709 -0.18939109501981946 0.29083626384611044 0.03085963504614329 0.9562750391790295 14.516763596362125
0.9551177265451362 -0.03558492657097764 -0.2940813517382372 -2.6258477319343454 0.022731653007743328 0.9986357018557606 -0.047010710807092945 -0.21351390537348242 0.29535300978792517 0.03821580798557975 0.9546235654063979 15.139804550167097
0.9538049656667286 -0.03838021046495693 -0.2979648417417004 -2.8435141632443215 0.022922221699923667 0.998212056226165 -0.055202015878690364 -0.2449683821857739 0.2995507623456006 0.04582194069872253 0.9529793757100793 15.804219623959822
0.9526018763094398 -0.04053026805562089 -0.3015078151940251 -3.0607085392704065 0.022534825586268223 0.9977637010715441 -0.06292677061323806 -0.2840580562328268 0.30338399247081466 0.05314973372797015 0.9513849162758019 16.477090162186975
0.9518700266884261 -0.041635017714618625 -0.30366095829407896 -3.2893637051808113 0.021743936870914058 0.9974075903121118 -0.06859518931485103 -0.32489742954792356 0.3057297066062254 0.05869091997651718 0.9503076988064347 17.171331953104268
0.9509178190333125 -0.04342321139059536 -0.30638166746307777 -3.531644367378203 0.02151054948527536 0.9969860293188139 -0.07453961097260214 -0.3759067839551183 0.30869499138432716 0.06429060627831268 0.9489858377439556 17.886016527338167
0.9504469961188009 -0.04394566379861468 -0.3077649853411648 -3.7583490297589828 0.020440390393132925 0.9966502041390966 -0.07918687410217527 -0.42590611959283287 0.3102139552136953 0.0689720901727399 0.9481614592293229 18.559094785179482
0.9501350018813158 -0.04329167899146617 -0.30881921690544456 -4.016614832230352 0.0182466263645255 0.9963380007161297 -0.08353232281757328 -0.48955630873863387 0.3113045756591213 0.07373207483236666 0.9474455352760964 19.29966347815791
0.949667810082087 -0.04297738540243939 -0.3102966239549885 -4.271952004877797 0.01696639195105014 0.9961468105829506 -0.08604460069974565 -0.5554421943641449 0.3127989642534909 0.0764491733728071 0.9467377312923352 20.042080001342253
0.9484758169226156 -0.0429362379465075 -0.31392690898356873 -4.53126542588006 0.01616766149949444 0.9960436229281691 -0.08738253799109574 -0.6209970239835786 0.3164367732021908 0.07780476010584708 0.9454174675085377 20.78850657135842
0.9466897635280884 -0.04375564258332057 -0.3191612999303844 -4.797761419830001 0.016471551309315893 0.9960115064895314 -0.0876913162058754 -0.6947588049753834 0.3217253170463846 0.07775938967465572 0.9436346208617128 21.561436439390523
0.9449109194493107 -0.043236548543453365 -0.3244594815620403 -5.063651671600965 0.015723867914169503 0.9960891041400634 -0.08694398536565918 -0.7619934455213055 0.32694971216270574 0.07705256312087098 0.9418953170247892 22.314550210019487
0.9433631970114416 -0.04246375202526475 -0.3290329896656091 -5.342397267293583 0.014867245538271219 0.9961894758714382 -0.08593889208672592 -0.8337969970363442 0.3314284893222922 0.07617977373900497 0.9403998078150682 23.086143710653545
0.9401659650233268 -0.04278947909333726 -0.3380192578695444 -5.662291227819645 0.014867636164305711 0.9962899216551117 -0.08476641671875416 -0.9183543995620728 0.34039229075677163 0.07466895263342395 0.9373140540427125 23.965615861700073
0.9364965254951648 -0.0453641292719332 -0.3477302884577123 -5.964843682050647 0.018136361582423002 0.9965359339530774 -0.08116159639151796 -0.995253640242556 0.3502075529226006 0.06970099077966813 0.9340751799294834 24.783485937384647
0.9333635194533106 -0.04503191623739361 -0.3560964294593783 -6.238481995735779 0.01841281049337935 0.9967994576528675 -0.07779337782025139 -1.0622385940289483 0.3584599126310563 0.0660527648394664 0.9312054141238645 25.490398368758946
0.930239817998183 -0.04474525031919581 -0.36421387066472377 -6.540376460723311 0.01856524656366107 0.9970055134818397 -0.0750688864100418 -1.1286766352171826 0.3664822132528919 0.06307034692060758 0.92828493400926 26.242490539978736
0.9265430097282428 -0.04457744672335214 -0.37353835461349405 -6.873007232852536 0.01792805868386408 0.9970585250488387 -0.07451766461224098 -1.1985645264832785 0.37576140812430125 0.062347003705560754 0.9246167937547864 27.0478698027301
0.9233073972301068 -0.046512607120517066 -0.38123487196086653 -7.2038011334789775 0.01940332233142468 0.9970210786793388 -0.07464904387593106 -1.2707344376607252 0.3835713249223262 0.06152679130216584 0.9214594362474081 27.850806228329436
0.920296392514774 -0.04754910033823022 -0.3883215587387834 -7.5514007444869 0.02023142498142219 0.9970427136030231 -0.07413849670947979 -1.3429232619454403 0.39069839949443685 0.060373092583910055 0.91853679856843 28.669974179189797
0.9166420775145168 -0.04831814835233324 -0.3967778449834026 -7.90187126435556 0.020661122968250813 0.9970673302432919 -0.07368756312435466 -1.413389626484229 0.3991746732040523 0.059347245103010905 0.9149521762207693 29.476793528729495
0.9130583077735758 -0.05087520763804227 -0.4046433489549042 -8.26294613668495 0.023164248932745247 0.9970563461997488 -0.07308939782340958 -1.4837811290938159 0.4071706573134121 0.057361622628660916 0.9115490661902798 30.28903517338313
0.9093225321519249 -0.05096523023721542 -0.41295892995270006 -8.645933064346002 0.02397359357353438 0.9972388376336246 -0.07028490254889955 -1.554424622982883 0.4154007695370609 0.05401153600856894 0.9080335647133385 31.131024696427048
0.905640761691169 -0.04994292237754011 -0.4210944255957685 -9.045460489914607 0.02434207373743509 0.9975255010486619 -0.06595709365775065 -1.625315334854522 0.42334651789001465 0.049483120980866 0.9046154688752522 31.97547894162306
0.902284662435403 -0.049809753114130925 -0.4282538691343497 -9.438318584029744 0.0250163630620881 0.9976789132943247 -0.06333219992232793 -1.6948066374816246 0.4304144160143538 0.046430318355200235 0.9014364403686252 32.80215466059957
0.899068827922812 -0.050481588450112566 -0.4348871714422663 -9.849329377347543 0.026116992328603206 0.9977452593973226 -0.061824752825042725 -1.7601145368972102 0.4370276254073755 0.0442267631386631 0.8983600881901799 33.64408048755894
0.8961823406708983 -0.051217647678967027 -0.4407198257803514 -10.252428191920357 0.026728240177407533 0.9977429276073222 -0.06160074339315158 -1.821892779782253 0.44288013440054963 0.043425833046739526 0.8955285498394499 34.45284746565113
0.8934833056175563 -0.05285132780322927 -0.4459756941046901 -10.684636889972438 0.028522061510423753 0.9977243318303236 -0.06109541456549773 -1.8830361247832386 0.448189775195642 0.04186758678464801 0.8929574629213364 35.31400705858484
0.8906870274895177 -0.054417307553053525 -0.4513483972504652 -11.127584556704125 0.030339842677377903 0.9977119717843272 -0.060417839290576446 -1.9538318495181537 0.45360347552482366 0.040119546319797146 0.890300122989374 36.18619084435047
0.887612972369864 -0.05564181854030502 -0.45721679683741195 -11.566247685374698 0.03137909261383483 0.9976750670520494 -0.06049638939161194 -2.016418319297123 0.45951992756295984 0.03935033179297132 0.8872953215025512 37.03065112041709
0.8859531975864348 -0.057637749283779766 -0.46017911897854735 -12.019475162617244 0.033070634967682366 0.997572729941598 -0.06127790449829641 -2.079926495118377 0.46259406047765705 0.03907093976817266 0.8857088668837102 37.90328794317169
0.8848340716165365 -0.05903768738472402 -0.4621506433780717 -12.481467969836096 0.0338464761323161 0.9974634203572462 -0.06261901550366343 -2.143408834870352 0.4646752433258378 0.0397652677280951 0.8845878372002333 38.77064170112147
0.8843067864199525 -0.060391914365522104 -0.4629841511011843 -12.953906745049167 0.03523137794383793 0.9974034933087543 -0.06280940649036916 -2.2107359992964115 0.46557518995302494 0.03923121480099006 0.8841383682916626 39.669819850666904
0.883343414326319 -0.06146997482662389 -0.4646782269066796 -13.43843405854201 0.03671616017928851 0.997391662052939 -0.06214335080251827 -2.2790883190257385 0.46728613926373874 0.03783271946464125 0.8832962976203963 40.59119360965123
0.8824476784374762 -0.06262586985074688 -0.46622322469579563 -13.913758983411107 0.037760450970903275 0.9973306377867488 -0.062495978065402295 -2.3504194074686406 0.46889257102537146 0.037544631537871666 0.882456887037493 41.485368944504124
0.8820469661685784 -0.06486718475779123 -0.46667483092020895 -14.415368576256675 0.03966004751022754 0.9971840988655892 -0.06364710206372008 -2.4252750620584553 0.46948932906328505 0.03763138731460326 0.8821358447452892 42.43432970633658
0.8815112004194722 -0.0684606836932901 -0.46717356338224925 -14.901030483227961 0.042724647981797856 0.9969390339239326 -0.06547646213447703 -2.4969383071474374 0.4702261243166448 0.03775840869347424 0.8817378831507037 43.366012545541196
0.8808812236184713 -0.06908093984794801 -0.4682692533427205 -15.40451393076301 0.04353992330118904 0.9969241420515582 -0.0651654054977886 -2.5725706641380155 0.47133061109517527 0.03701457475763876 0.881179536927725 44.316254185814834
0.879067405311376 -0.0691353239643555 -0.4716575069894136 -15.904165709980171 0.04465161231860368 0.9970191077532079 -0.06292163612261215 -2.6495807043615396 0.47460165448139163 0.034252091255000804 0.879534003781653 45.24997071634593
0.8769531242372544 -0.07008405872883318 -0.47543815854705246 -16.392131227754746 0.047207088403000266 0.9970871496774298 -0.05990581568303757 -2.729005388349928 0.47825172105809516 0.030090541042530547 0.877707155402494 46.14896955292995
0.8738521955939667 -0.07181957420582703 -0.48085786779099043 -16.902133695880565 0.04902954022461674 0.9970049747857769 -0.05980956811226086 -2.8057851292792355 0.4837131840677558 0.028688482241244238 0.8747562669370978 47.074149217696934
0.8689174791627461 -0.07562767378015658 -0.4891450391898719 -17.428672874749978 0.05134313549313058 0.9966985663946644 -0.06289554979929168 -2.8818972630902415 0.4922868034420516 0.029536802559237216 0.8699317676986994 48.010299253285346
0.8638779268866631 -0.08000475306198146 -0.49730691421444434 -17.95450198280269 0.05339937247158116 0.9962880145400976 -0.06751813906937787 -2.9563885623037596 0.5008626902232214 0.03177155286166979 0.8649434281911828 48.93846949818492
0.8583627587919286 -0.08132837648215624 -0.5065560872182727 -18.508924164342805 0.053829521824498766 0.9961823993352221 -0.06872415757843803 -3.0396142794040104 0.5102114825239191 0.031722585542430584 0.8594637401701412 49.882887998153215
0.853893837034573 -0.08082159455198946 -0.5141334310550599 -19.039208869739483 0.054402607534475386 0.99631775927674 -0.06626672500754677 -3.114635267631029 0.5175960503788878 0.02861454881436731 0.8551464998632259 50.76590940998923
0.8498154083285789 -0.08059738265798808 -0.5208817847420011 -19.603147016168283 0.055459979898437685 0.996427051112845 -0.06369711485008214 -3.1962909414012284 0.5241545214886498 0.025242696354421213 0.8512489905331829 51.68459564139377
0.8462011301182149 -0.08174446189455836 -0.5265562556234855 -20.167431187882638 0.05569239529556172 0.9963187269262634 -0.06517170768264931 -3.2748875592435147 0.5299452844331187 0.025823193559257787 0.8476385775679999 52.58031058066396
0.8435030525836834 -0.08561312024163784 -0.5302574788953939 -20.70882577564066 0.05715965195948531 0.9959171250499383 -0.06987026706787612 -3.348922190644136 0.5340743154935265 0.028626450614015867 0.8449527512561664 53.44200225156088
0.8414006724161182 -0.08805771379391467 -0.533189222977259 -21.29160355960141 0.055295482643376026 0.9954851051278881 -0.07714800754234426 -3.434103248155143 0.5375754068565082 0.035429429996918047 0.842471030619542 54.348444532299936
0.8395780306184986 -0.09044993537707798 -0.5356561767524446 -21.871649449317605 0.056981390324792505 0.9952648049975855 -0.0787469941634085 -3.5224451075282324 0.5402424008344933 0.03559181258942381 0.8407564279963503 55.250593035871226
0.8370958481947282 -0.09142400038103084 -0.5393627657611139 -22.45646929225572 0.05904027563156754 0.9952759222229107 -0.07707194364153062 -3.6132308902122783 0.5438609995104423 0.0326724776786826 0.8385390404828142 56.15930269880923
0.8335479495601242 -0.09208097877252755 -0.5447191103058585 -23.04181801336936 0.06206635226202922 0.9953778099696801 -0.07328562844684704 -3.7025738813198847 0.5489495274622235 0.027278357139991886 0.8354102630030019 57.06475389888619
0.8306819782461466 -0.0922919332612224 -0.5490443061101488 -23.618041005085274 0.06349607664578905 0.9954346256494245 -0.07126116971242076 -3.7869610031142553 0.5531145444369193 0.02433321008614399 0.8327497797173189 57.94129332388038
0.8289048271511873 -0.09292733960879077 -0.5516169840375594 -24.207690580287277 0.06286480919617876 0.9953331547717501 -0.07321152079313571 -3.8744366367155845 0.5558460248038019 0.02600808653761695 0.8308783160875384 58.8191735678243
0.8264114300560312 -0.09437338961932668 -0.5551016227723571 -24.817076813329887 0.06303072821149275 0.9951629615723322 -0.07535122570810632 -3.965396663508522 0.5595277254737914 0.02728265467918791 0.8283624696832793 59.71927446264776
0.8237328303245041 -0.09677345260321403 -0.5586583241274005 -25.397760413708287 0.0637369511728406 0.9948856011603224 -0.07835969409750848 -4.050701827962705 0.5633842607854546 0.028940274275093915 0.8256879769162861 60.583309518276124
0.8210826215404903 -0.0993046528895292 -0.5621048963660485 -26.002123375804395 0.06561486528704946 0.9946430835645315 -0.0798738115442289 -4.142041780300891 0.5670255885386112 0.028700561522917372 0.8232000119720061 61.46365208403946
0.81803249849756 -0.10074018711118038 -0.5662810663466012 -26.625409786463507 0.06737589695164942 0.9945474049204535 -0.07959866755136126 -4.238000501867352 0.5712121496535242 0.026960602122277962 0.8203595589870358 62.36037995616166
0.8146129535796897 -0.101842533872185 -0.5709937251447403 -27.26399701055514 0.0679653800931766 0.994442385358827 -0.08040553034857963 -4.333400657830147 0.5760090650058942 0.026691581001116738 0.8170074152262612 63.26659628158108
0.8101673619829358 -0.10527104552341389 -0.5766687546174302 -27.895052848364067 0.0703753308023377 0.9940947319461252 -0.0826013119231349 -4.432769967307921 0.5819588975108742 0.026337632607522074 0.8127915911945442 64.15927829990986
0.8059660156305488 -0.10787981421517558 -0.582048732782331 -28.49750536637383 0.07222969186197568 0.9938288914050206 -0.0841843585364407 -4.525594169804842 0.587538639803496 0.025808531410507488 0.808784437563119 64.99598633192011
0.8023645804243156 -0.10987678706778933 -0.5866329105532451 -29.137950792291058 0.07333142002432552 0.9936095753362082 -0.0858050968032542 -4.624455177519504 0.5923120654838359 0.02582834613093825 0.8052945508436106 65.87241377069299
0.7975816497497914 -0.1119394745643846 -0.5927335539824372 -29.786352709846664 0.07473129297699305 0.9933971735272468 -0.0870476276417928 -4.730865805490212 0.5985639028812113 0.025131845581390796 0.8006807381880029 66.75594897145419
0.7927754395932806 -0.11442837823300941 -0.5986762469253682 -30.451004546880224 0.0759061604619369 0.9931079231390051 -0.08930233928883965 -4.834627145510039 0.6047688460739423 0.025353486022550983 0.7959973891696486 67.64765701931341
0.7872581289385554 -0.11725170005617735 -0.6053731718982112 -31.130990616069315 0.07812596507730873 0.9928096745148056 -0.09069335020024909 -4.948442715158413 0.611654291247028 0.024103713899358004 0.7907578889744661 68.55177365860423
0.7821788702095829 -0.11997345830033326 -0.6113939681589268 -31.79603594339128 0.08129884358470657 0.992548923751128 -0.09075864692836039 -5.053220991509418 0.6177270538267284 0.021283873330189704 0.7861044992280699 69.41813637666817
0.7781816325822699 -0.12191539912215477 -0.6160925110472283 -32.48009421427169 0.08254032726532587 0.992321992488652 -0.09210948701564328 -5.168824331578715 0.6225917129921713 0.020825433494594058 0.7822696851043356 70.29175329940296
0.7738044728096543 -0.12419642439082515 -0.621129524357285 -33.18680395814588 0.08439018198766937 0.992061558729451 -0.09323175894179009 -5.284935392308316 0.6277777752070084 0.01972591847864285 0.7781426303039262 71.18493633639933
0.7695842177635638 -0.126016976796384 -0.6259871031645489 -33.870963153712886 0.08477098737690962 0.9918185637547012 -0.09544535761735928 -5.394413398161538 0.632893365005818 0.02038769606064885 0.7739704970998256 72.02873508294823
0.7663625243618477 -0.1271842828571573 -0.629692495943732 -34.5745809935436 0.0852761659367572 0.991672064163185 -0.09651161941162628 -5.506953398178177 0.6367232183428393 0.020265126509315307 0.770826094440697 72.88995080099055
0.7627841162696267 -0.1278233810694375 -0.6338939779006756 -35.29726149727747 0.08583836374434783 0.9916087298219983 -0.09666386217452932 -5.6288014026530835 0.6409307039582812 0.019321236833617556 0.7673555385417907 73.77074736251159
0.7595161298387334 -0.1293970288560924 -0.6374885547505995 -36.02499376018668 0.08727948070492628 0.9914253645274724 -0.09725244891233861 -5.744641003836637 0.6446065007139401 0.018225133601272293 0.7642972613731813 74.64456493834838
0.756039284366295 -0.1325048856408831 -0.6409735218994599 -36.7451877476199 0.08982807204475299 0.9910329713661385 -0.09891697092979271 -5.864684943019697 0.6483328758960349 0.01720770020947835 0.7611625168686892 75.50468235576939
0.75265494686134 -0.1344679359498329 -0.6445377453388941 -37.43591144299375 0.08996969091984383 0.9907451079064703 -0.10163457027598581 -5.979875068198585 0.6522392089417357 0.018506900356033917 0.7577872451805129 76.32011242747681
0.7497068018517015 -0.13796135756310965 -0.6472297699245898 -38.178452469424464 0.0915304206352598 0.9902452569045437 -0.10505481081981397 -6.103121969271672 0.6554097141144813 0.01951909314999812 0.7550212656918849 77.19121636178083
0.7450487676527136 -0.13957281759420034 -0.6522436373074014 -38.945044691786315 0.0926458019643307 0.9900376846125344 -0.10602895088341706 -6.234733090274312 0.660544539904433 0.01856910433672372 0.7505571924687505 78.0797695141989
0.7408676290775799 -0.1403333381100381 -0.6568270018809057 -39.66838209776231 0.09316755267193733 0.989947052711912 -0.1064172916218073 -6.359609902276013 0.6651578484195217 0.017646162242615816 0.7464942395250079 78.90883023888145
0.737478611672399 -0.14084007945452184 -0.6605220430424672 -40.4248333880776 0.0937298502406865 0.9898936504728056 -0.10642027968146683 -6.489687797203494 0.6688348170509737 0.01657204793823385 0.7432263146091664 79.7634330541523
0.7329027793817571 -0.14212060905764184 -0.6653234164341283 -41.18203177248723 0.09411238160810768 0.9897143143566247 -0.10774245024894359 -6.624244256538423 0.6737925315722529 0.016349569984592804 0.7387396807798898 80.61039491818478
0.7300603840143938 -0.1436076142802856 -0.6681232586981841 -41.95719712416984 0.0956273986473026 0.9895195123151481 -0.10819674383058465 -6.754888748283468 0.6766588773678403 0.015099267144997486 0.7361418177301016 81.47154339246002
0.7280576453361745 -0.1445422564136672 -0.6701041718855293 -42.73206806706742 0.09645828577705834 0.9893932694609623 -0.10861287884177959 -6.893337852554671 0.6786957080846295 0.014439337110595848 0.7342776323512177 82.31985374382715
0.725236620150793 -0.1459106675958826 -0.6728609974385337 -43.49822724263621 0.09721110242382715 0.9891962714836622 -0.10973029685718233 -7.025995309654676 0.6816024107629012 0.014170870281850323 0.7315854974489697 83.15444627745958
0.723115444828076 -0.14937138906106529 -0.6743828597918704 -44.29699154430714 0.10022771525306809 0.9886950509720986 -0.11151906239934603 -7.168592192023684 0.683416753194011 0.013049303170943737 0.7299118146327741 84.02935483905236
0.7203206613571267 -0.15443180714424584 -0.6762314409757906 -45.076149979715964 0.10436666227130832 0.9879322583332149 -0.1144441031726004 -7.3082809634303105 0.6857446643090841 0.011860433668150261 0.7277455499587924 84.88549124474827
0.7177985250492482 -0.15847958345937285 -0.677974556354195 -45.833239790286676 0.10788449304135032 0.9873061273926597 -0.11656563376107158 -7.443357290743063 0.6878417067889491 0.010527698677921318 0.7257843715334551 85.70317693343533
0.7134541428378502 -0.16270084346581454 -0.6815508943600772 -46.6462166516428 0.11234928907864157 0.986646462906621 -0.11792537673197359 -7.587351794902597 0.6916363374715302 0.007562590122873768 0.7222063305729196 86.58011478155534
0.7064391545500888 -0.16615436292763608 -0.687994512041097 -47.46527225314235 0.11571731460193173 0.9860886320697169 -0.11932607763683545 -7.7421012312529545 0.6982501156604798 0.004683736007282176 0.7158385562381653 87.45006075419639
0.6986995839245429 -0.16823264053667353 -0.6953536295164705 -48.28786558840893 0.11762941286951457 0.9857447399715118 -0.12029392688938952 -7.890339821135021 0.7056785476770878 0.0022552774895574224 0.7085285464057189 88.30419008964951
0.6902212327092261 -0.1683283467682593 -0.7037472682658322 -49.13163429951161 0.11792989662240345 0.9857309773967553 -0.12011236274034037 -8.047664348157355 0.7139237980344862 -8.873952063298551e-05 0.7002233948714595 89.15424540824215
0.6828933043093395 -0.16967606290065568 -0.7105397727136777 -49.93967212824898 0.11855818206408769 0.9854989746993472 -0.121390808268972 -8.191919346988328 0.7208333319118441 -0.0013433335655838943 0.6931071367831969 89.94597757266347
0.6765237754397185 -0.17207890786674476 -0.7160338195449834 -50.82531986538921 0.1183174460092672 0.9850831507620874 -0.12494866167543746 -8.353445467296059 0.7268538802501048 -0.0001885524520159193 0.6867921091664779 90.8004475984354
0.6675292573389517 -0.17464869811413467 -0.723811109919947 -51.72339463630138 0.1196870435595608 0.9846293072996741 -0.12720117456429314 -8.519334800026092 0.7349011513125282 -0.0017203062523377805 0.6781720565947249 91.65729286796862
0.65951702562195 -0.1766570963388256 -0.730636409733262 -52.58636645940564 0.11961222147570355 0.9842710788635253 -0.13001292161350547 -8.676728543338369 0.7421119924838997 -0.0016473087042689766 0.6702738820703142 92.45750774375294
0.6516144079441777 -0.17877265914558307 -0.7371831520738765 -53.499913367594175 0.1218419826212889 0.9838800082567443 -0.1308994294243584 -8.8481982523098 0.7487010048280105 -0.004523902599108287 0.6628924042971087 93.29395879756754
0.6426356701020373 -0.18015130949585959 -0.7446911448375311 -54.43158160846266 0.12318684216824113 0.9836130226917633 -0.13164506640125082 -9.020331401272351 0.7562039390462882 -0.007136335060792705 0.6542970848878802 94.1216035147956
0.6345880224788623 -0.18144078355561638 -0.7512504800591417 -55.33519056969051 0.12287658767860477 0.9833735632093605 -0.13370781346424 -9.189375503761687 0.7630199118809609 -0.007461718545336407 0.6463319091840669 94.89928528212805
0.6275516404639239 -0.18344919125582487 -0.7566540377072088 -56.27423428713974 0.12232716370191482 0.983006599770019 -0.13687253131739419 -9.36200642715335 0.7689050679841325 -0.006664760773644043 0.6393282235222744 95.69713188643262
0.620263953073677 -0.18449757401092823 -0.7623865644812333 -57.22081087713141 0.12153680434118982 0.9828116994758704 -0.13896031290941635 -9.543638880251587 0.7749202757109579 -0.006465953714157854 0.6320259153979524 96.49016664529702
0.613429161845785 -0.18598471724592402 -0.7675378481535171 -58.187986547736465 0.12080116077659238 0.9825349367068101 -0.14153507588429293 -9.730444144230878 0.7804561121243179 -0.005897720025431402 0.6251827524382738 97.2809476343012
0.6070927294567714 -0.18582557725019222 -0.7725977431240401 -59.14761969377877 0.1187111487787863 0.9825706637704329 -0.1430473832453836 -9.916400071876621 0.7857137398546294 -0.004872939294063683 0.6185710739003951 98.0550343896145
0.6012317848311001 -0.18463552167085742 -0.7774510049167987 -60.06773726671686 0.11687725926000228 0.9827949474026692 -0.14301677393807666 -10.096493262173029 0.7904808961490973 -0.0048801124080342095 0.6124672540848245 98.78441078306966
0.5964416010777445 -0.183667175479199 -0.7813602147251355 -61.05046065266975 0.11638222565827452 0.9829694912453669 -0.14221869367861278 -10.286256469727048 0.7941741585160293 -0.006111295469681435 0.6076594918316006 99.5514545958946
0.591714793932136 -0.18451595606409657 -0.7847467518885327 -62.035952721072334 0.11690121379068005 0.982803445600821 -0.14293877545795564 -10.47472506464574 0.7976262964923584 -0.007158859749047036 0.6031094775171237 100.31590757715381
0.5879427238875866 -0.1876105693533162 -0.7868453645377661 -62.99144690884938 0.11851003291420051 0.9822139269425051 -0.14564056378241144 -10.658396014250869 0.8001741844913023 -0.007620760271001975 0.5997192663960127 101.05049840270058
0.5843054105619406 -0.19006660681499513 -0.7889625289973384 -63.987899677740096 0.11867294893105909 0.9817477272530718 -0.14862076310339134 -10.85371246188877 0.8028100138762896 -0.006788593909064375 0.5961962735649138 101.80501310566827
0.5810107700450226 -0.19224603704113852 -0.7908653149137769 -65.00496424430153 0.11817728891479785 0.9813324048931975 -0.1517261990932422 -11.054573954918347 0.805270521921943 -0.005307763042088978 0.592883811699266 102.5661275743993
0.5777221662415242 -0.19664075014753415 -0.7921928515296109 -66.01859758971925 0.12096604087840948 0.9804560554468864 -0.15515521354996514 -11.253806801736417 0.8072201159457092 -0.0061918267859625425 0.5902180492781028 103.32046085111502
0.5738104333071452 -0.19814750308273066 -0.79465662625435 -67.03417506712049 0.12283020041044473 0.9801373768074014 -0.1557031292307129 -11.458750433185893 0.8097248473987917 -0.008263752609155892 0.5867515504008647 104.07434558914487
0.5705890386927029 -0.19831710643005912 -0.796930658351745 -68.04821719405413 0.12484577803891661 0.9800723688499094 -0.15450463916266277 -11.666325336341215 0.8116906311086722 -0.011334774551602936 0.5839776042420374 104.81616308375324
0.5680097975531095 -0.1988603890039048 -0.7986359718725995 -69.07525818800545 0.12815896414342737 0.9799047088160833 -0.152846463975295 -11.873477229727792 0.8129822567518676 -0.01553406982355579 0.5820812167398616 105.56883921308336
0.5652698320787741 -0.20071037630250224 -0.800115842729128 -70.07896691309992 0.13150081864958293 0.9794693766006245 -0.15279815115397768 -12.079697635095949 0.8143571401026237 -0.01884370308862518 0.5800580688325814 106.30017976896245
0.5634682950190923 -0.20218490194449654 -0.8010148225432359 -71.05363764215899 0.1338069766634414 0.9791230090503902 -0.15301577090058027 -12.277541777906274 0.8152295219779928 -0.02096183612673143 0.578758522979774 107.00491026521918
0.5611113969585831 -0.2044712385014789 -0.8020882201035364 -72.03892963121947 0.13764856482816124 0.9785668436581716 -0.15316593973084094 -12.478110720127711 0.8162149672751262 -0.02446313795397978 0.5772301811907532 107.71975330462016
0.5595451599092561 -0.20584710723349178 -0.8028301080961827 -73.03867647565392 0.14067916452307863 0.9781987152193999 -0.15276336672188173 -12.684134089291792 0.8167732774100863 -0.02746346640027225 0.5763047555955682 108.44863306332454
0.5582883707674782 -0.2072483614509046 -0.8033443917409956 -74.0185590330924 0.14239895088725865 0.9778642279694685 -0.1533104381439293 -12.88119330840217 0.8173350805220604 -0.02880396385205817 0.5754421759085846 109.15430269885354
0.5567657962773968 -0.2084152910630787 -0.8040988213812333 -74.96451046370083 0.14430390695453232 0.9775617856258642 -0.1534579346975247 -13.075353501955158 0.8180392597750147 -0.030594472295894487 0.5743481067538063 109.8344848023625
0.5552656652688586 -0.20874614054310603 -0.805049743669228 -75.90622635452436 0.14721130074745864 0.9773726819484839 -0.1518929672929888 -13.26580521924353 0.8185406977699846 -0.03417147039835284 0.5734312833330959 110.50904162415254
0.5553534317415623 -0.2086943816308039 -0.8050026216905175 -76.87155159813103 0.14842730254506614 0.977331258014926 -0.1509733352819547 -13.46009473363932 0.8182615118115146 -0.03564080782892683 0.5737402122086582 111.19558158599986
0.5540919263900137 -0.21116972259330444 -0.805226356603701 -77.82547430582876 0.15126091862352445 0.9767281114707234 -0.15206028659713178 -13.656200536853731 0.8185977471301586 -0.03754390127172715 0.5731388870690312 111.87445267847342
0.5537385109574939 -0.2130029349671208 -0.804986590682087 -78.75443661790675 0.15361630947649668 0.9762677439539085 -0.1526542550273885 -13.844132755777265 0.8183982471544025 -0.03912852936845779 0.5733177716101805 112.53396344065494
0.5548539932012995 -0.21579425913036132 -0.80347363612937 -79.71173598815656 0.15598517816383278 0.9756311077970983 -0.15431320647243524 -14.041738275725123 0.8171937777674094 -0.03970867946665503 0.574993522009809 113.21322536976042
0.5561305896354809 -0.21744680917062348 -0.8021444087277596 -80.64944139487861 0.15618543390471556 0.975313843291788 -0.15610578887215337 -14.235294679589217 0.8162872518346029 -0.03846806812040408 0.5763638869910187 113.88283154046165
0.5587346200850603 -0.2187215309222405 -0.799985322508754 -81.5854366829017 0.15665731630306073 0.9750663218112781 -0.15717554936486866 -14.428294287431694 0.8144164227022478 -0.03750413284501937 0.5790676389269366 114.55466611263857
0.5616898218873329 -0.220175620431048 -0.7975131598638231 -82.49837521137005 0.15709237851581076 0.9747857575647935 -0.15847621733584324 -14.619398585804833 0.8122970691812338 -0.036268760891919945 0.5821151504495852 115.21774101000932
0.5667999654567731 -0.22082564984476183 -0.7937089085608399 -83.36830905757881 0.15725149326786125 0.9746937985033755 -0.15888350142192087 -14.80270502323213 0.8087087034422399 -0.034756747973600524 0.5871815745125788 115.85389328360466
0.5717039440500389 -0.22077849635862348 -0.79019709940195 -84.27618931867424 0.1568323256840061 0.9747622396166569 -0.15887793376698067 -15.000269841288416 0.8053311256732698 -0.0330973074908599 0.5919006219448325 116.53067026059612
0.5771760399430579 -0.22022901357028268 -0.7863631479777713 -85.18786011072467 0.15752770264547833 0.9748890354003462 -0.15740518274637763 -15.19568484588898 0.8012819989335138 -0.033023480101937064 0.5973747633998858 117.21653155754194
0.5819073887944742 -0.2200846364644483 -0.7829090264256177 -86.06306003953522 0.1575936199148586 0.97495384417511 -0.1569370978778013 -15.387269216949328 0.79783960908727 -0.0320586107073766 0.602016780207151 117.87954091413818
0.5880116268790362 -0.21974540235041182 -0.7784306551009698 -86.92927074337243 0.15732637741680297 0.9750805881928329 -0.15641693481981042 -15.571121546130396 0.7934045233195831 -0.03049269872239546 0.6079304711072233 118.547126393437
0.5946867989691186 -0.22048008041692918 -0.7731339762752688 -87.79194433516777 0.15865845658146055 0.974933117888384 -0.1559900951971739 -15.758909009496419 0.788146626768809 -0.029898993022826253 0.6147608843519315 119.22737536403362
0.6029683131414596 -0.22103217721313878 -0.7665337500617715 -88.67343115426188 0.1583759812403307 0.9748922329402732 -0.15653173070943344 -15.950469223784408 0.7818863484634484 -0.027016861200883188 0.6228353131425249 119.93556457922305
0.6102366137047477 -0.22264560475541068 -0.7602895566672346 -89.5360807234441 0.15865139545360119 0.9745999442092821 -0.1580654404602396 -16.1392092155523 0.7761707350929871 -0.02416367998385055 0.630059605557165 120.64458470484936
0.617444889527216 -0.22438177065870657 -0.7539327751151212 -90.36420233636017 0.15913988555004266 0.9742658705886403 -0.15962615773512318 -16.319942213779036 0.770348171428896 -0.02142042021582935 0.6372635721378823 121.32767846676697
0.6255236582269508 -0.22333571994908857 -0.747556893616262 -91.19559372228296 0.15816710505308307 0.9745582933736486 -0.15880585535731517 -16.500936473744833 0.7640047904807272 -0.018902090134791952 0.644933633105792 122.032202778653
0.6346064976849646 -0.223400210113359 -0.7398425097392893 -92.00699711109057 0.16039506964818487 0.9745370530213857 -0.1566874402144191 -16.68253281655716 0.7560079462072984 -0.01923222321262645 0.6542798383426793 122.73794522709397
0.6455434250158015 -0.22341993737304713 -0.7303130958726485 -92.80809054936692 0.1629931934603607 0.9745254822835759 -0.15405616919019346 -16.861358133374384 0.7461279416457087 -0.01958611661835427 0.665514446673662 123.45418678287923
0.6543760052407155 -0.22560324169595555 -0.7217307123169134 -93.62168358785601 0.16625131045581673 0.974026273987965 -0.15373132196414974 -17.046623478895704 0.73766696112604 -0.019390588371622358 0.6748862567467762 124.20992432883007
0.6622018871663653 -0.2272422321779168 -0.7140375540180657 -94.39038792965985 0.16960588930090734 0.9736312978190291 -0.15256453789030208 -17.219107398383194 0.7298784165515191 -0.02007644943785622 0.6832821036952574 124.94121254863313
