1.0 0.0 0.0 0.0 0.0 1.0 0.0 0.0 0.0 0.0 1.0 0.0
0.9998937194093749 -0.005798113598803654 0.013376537832397076 0.016392860561609268 0.0057932304690909145 0.9999831375824014 0.0004037717026264619 -0.002646363340318203 -0.013378653385829935 -0.000326235422989839 0.999910448592288 0.38052183389663696
0.9996034454909842 -0.011177204214685748 0.02584611902194015 0.03794400395482986 0.011161121070499179 0.9999374190102391 0.000766446078554956 -0.004291931079312331 -0.025853068270569827 -0.0004776704773001817 0.9996656394474668 0.7409770591937186
0.9993254928707828 -0.017605584302491324 0.032227359493682 0.06418580194422342 0.017612008898756318 0.9998448929697797 8.452691884773425e-05 -0.0067182642724395985 -0.0322238489494547 0.0004831186373477856 0.9994805601687634 1.1168698890368687
0.9990700485076043 -0.023274326260329624 0.03629523263654549 0.0909348482600143 0.023283888812373053 0.9997288808269106 0.00015925559905840137 -0.012366464217088476 -0.036289098869857254 0.0006859866620521543 0.9993410982870229 1.5030470492324794
0.9991533020416846 -0.02755086403446471 0.030555341761345924 0.10875823602361481 0.027613312126264375 0.9996173612343472 -0.00162361088265127 -0.020045473206768073 -0.030498918220417455 0.002465970363812556 0.9995317578634254 1.8909804938171733
0.9993241158210346 -0.03188006759990735 0.018302262929287383 0.12057962672139602 0.03195131320189543 0.9994828943326916 -0.003613519201607144 -0.022505224776877386 -0.018177599488981275 0.004195858216305491 0.9998259696820477 2.2952351507874216
0.9993795073635549 -0.03496601933619207 0.004240018108419818 0.1147998192320537 0.03498416342194 0.9993786875863009 -0.004283352419552136 -0.025907293867184794 -0.004087611949008963 0.004429028117333447 0.9999818374043054 2.719249571147864
0.9991687659976735 -0.03803694005380996 -0.014661795457219027 0.10371229547809782 0.03797766580378786 0.9992693351647293 -0.004300313888060368 -0.031388760254832365 0.014814653380429222 0.0037399185529781768 0.9998832627134203 3.1664108024039983
0.998628066444556 -0.04090653948430975 -0.03269005868190338 0.08321289925276135 0.04076008039218164 0.9991557703938378 -0.005134426464500975 -0.03836997187706885 0.03287249238543633 0.003794932952646849 0.9994523489032654 3.6039211840129157
0.997525775045299 -0.04491650102191872 -0.0540817534499729 0.056992537480432606 0.04463521403061555 0.9989828616028116 -0.006398428893018197 -0.048741765219665036 0.05431413985986358 0.00396864710018969 0.9985160109139349 4.062305233565809
0.9958683422804037 -0.050444710669809836 -0.07550878100671483 0.025365736036416252 0.05003271571406481 0.9987206132702146 -0.0073392089112034225 -0.06154352590371788 0.07578240034438351 0.0035309764380251794 0.9971181274068975 4.550385633495715
0.993991073646337 -0.053730008467381324 -0.09536682704954469 -0.024504451771246757 0.053168565814947735 0.99855004941478 -0.008420357648128053 -0.07666454839585995 0.0956809757505859 0.003299242918602493 0.9954065831988355 5.0410992371818875
0.991906527852201 -0.056478372820634726 -0.11371733996064214 -0.08721077416163618 0.05584227686797953 0.9984010508266229 -0.008773928566795037 -0.08765629100973155 0.11403104892261047 0.0023526818375405726 0.9934744006615271 5.547549124149186
0.9899666428484568 -0.05840682951466686 -0.12866502365989155 -0.1510579248636271 0.05770190633591209 0.9982914398677373 -0.00920277632029342 -0.10057869277558291 0.12898269671765064 0.0016862244347551772 0.991645410716249 6.02732046281123
0.9874344699075054 -0.06318087217984718 -0.14484938739628087 -0.2210276802377062 0.062333727332359236 0.9980013415881788 -0.010384056290805025 -0.11350653231520466 0.14521595668293183 0.0012245729007817107 0.9893992249571816 6.521002682633981
0.984920644933686 -0.06651601950589626 -0.15970893003368208 -0.30048360916889527 0.06555330703710148 0.9977851422019259 -0.011294863327294423 -0.1278736632991631 0.16010648681396966 0.0006550955456917406 0.9870995308123262 7.031782818021594
0.9828590105006947 -0.07130706733233937 -0.17001019859425198 -0.3809626779897133 0.07005838881616637 0.9974536880881728 -0.013340250214495317 -0.14040549401700583 0.17052855372071457 0.00120094452982078 0.9853520031431194 7.5225482235846615
0.9807664340186223 -0.07502267707300035 -0.18019100928513548 -0.4784108569472947 0.0734096323580893 0.9971796475655096 -0.01561333911040088 -0.15458441497692688 0.18085416163153573 0.002085283176576507 0.98350771416122 8.060172397785685
0.9788551200439477 -0.0800905634710815 -0.18822368503095838 -0.5715122492354401 0.07824914545062327 0.9967853502608455 -0.017205718282327923 -0.17310181926868493 0.18899662748312723 0.002113562927450684 0.9819754618378993 8.586330030288684
0.9773161759279203 -0.08421697210635863 -0.19432085291821677 -0.6765980330456278 0.08207678157547647 0.9964438574200541 -0.01905363314579269 -0.1920817545437436 0.1952344595501469 0.0026721936830508154 0.9807529582851547 9.133746939300957
0.9743754624765935 -0.0906707381909924 -0.2058428414092301 -0.7829921849579713 0.08792612693637934 0.9958737248602304 -0.022461530112131235 -0.21192690263489286 0.20703008072618978 0.0037869999882468326 0.978327248064571 9.676803137355096
0.9715065508716988 -0.09778015604439251 -0.21590290108590418 -0.8913914963515903 0.09458667261388436 0.9952001458410503 -0.0251004199523863 -0.23128991368095123 0.2173209216279218 0.00396368539197371 0.9760921607209558 10.221273840907006
0.9681740469995542 -0.10303827276980942 -0.22808360103505884 -1.0257970920739536 0.09899783975291981 0.9946615696082323 -0.029116827930655613 -0.25118215548446016 0.2298661402659399 0.005610373347874849 0.973206083658614 10.831141022976274
0.9658383369531697 -0.10559949700612403 -0.23665386771314154 -1.1666280573149637 0.10035147105074821 0.9943658790452533 -0.034147925976717806 -0.26985678635766575 0.23892653500498082 0.009232812280890153 0.9709937518068278 11.418721039294088
0.9628734288820913 -0.10983708834443646 -0.24659800075600982 -1.3247880283734141 0.10371290319711506 0.9938914442135613 -0.037728382280549255 -0.29614303282505083 0.24923561876920883 0.01075226223163664 0.9683831861374049 12.043439878399266
0.9588940106170241 -0.11412667484255255 -0.25980257599219664 -1.491149782631733 0.10714576166003957 0.9934007413341434 -0.04092374463639144 -0.3290464184023348 0.26275856248862534 0.011404788737932095 0.9647942105095545 12.677590971072306
0.9556056275153003 -0.1183675152881453 -0.26982775243773627 -1.6511549975290205 0.11055816279488771 0.9928945442366685 -0.044014959553291544 -0.358596216205025 0.273120444676902 0.012229282463393821 0.9619021090266526 13.257774966039007
0.9523534467190028 -0.12100619921624314 -0.2799650197322418 -1.8313553703050296 0.11195144034376908 0.9925453251580677 -0.04817315135862841 -0.3910824835693477 0.2837072214931992 0.014535379530809779 0.9588007797319026 13.878443107733684
0.9494890722950534 -0.12331236463174268 -0.28855599512262253 -2.03129669620025 0.11309025901935209 0.9922282927031079 -0.05189998530261386 -0.4312864555756152 0.2927133323017841 0.016645596667101456 0.9560553484000711 14.540914661240773
0.9465010387528147 -0.12778791982311258 -0.2963208247611445 -2.2333555882759084 0.11587196603241046 0.9915978686714952 -0.05750960210201721 -0.4694706501834223 0.30118013069860217 0.020097621586401146 0.9533554502277433 15.208725337270872
0.9438836314522365 -0.1331825450979714 -0.3022351732637442 -2.44761936189616 0.11938789301505932 0.9907986248029752 -0.0637543417341771 -0.5152802904696163 0.30794515953001017 0.024093459065902146 0.9510989874625441 15.896806235378714
0.9422109556870527 -0.1371570731870603 -0.30565740995115814 -2.6648625395534165 0.12142969030963532 0.9901298705459296 -0.06998335347785743 -0.5650702508601344 0.3122392436811828 0.028823197731342492 0.9495661525022588 16.58112589855955
0.9403062911351718 -0.14446043066190406 -0.3081481183207108 -2.8896191722339655 0.12672700474715687 0.9889509179596333 -0.0769178011556027 -0.6201446456046149 0.31585494316130575 0.03327560427364123 0.9482238074636138 17.30700400782897
0.9384959490282316 -0.14884973359057396 -0.3115591604617235 -3.1196437581263083 0.12886187786855613 0.9881061177110882 -0.08391016967036957 -0.6805811149216648 0.32034351888213397 0.03860125583366493 0.9465146448725851 18.014004214226382
0.936974460990663 -0.15338189489461398 -0.3139312882937834 -3.3471912105342003 0.1318849569661892 0.9872848016388021 -0.08874163948822401 -0.7451110621766664 0.3235509505121 0.04174583537994046 0.9452894094673587 18.723599211755236
0.9353225230867936 -0.15742718078653906 -0.31684138075093143 -3.5882287691357155 0.1341791848388284 0.9864840337371008 -0.09404891034863687 -0.8129103868197599 0.3273648181502434 0.045452545928481844 0.9438041862092355 19.44355684291447
0.9333073066605396 -0.16324343826855092 -0.3198265955112418 -3.8278860697787116 0.13868040073259513 0.9854473296193317 -0.09829194778197878 -0.8847509163745929 0.3312177799978384 0.04738291262037639 0.9423638584988887 20.15884724496321
0.9333744558494581 -0.16556750996808237 -0.3184329204254754 -4.093495056563238 0.13996045637158924 0.9849047872634289 -0.10185102197737848 -0.9694813345933374 0.33048932784582424 0.05049712534935934 0.9424578741309696 20.931917533251493
0.9329193176067535 -0.16889816271201033 -0.3180172282576162 -4.3523164064052065 0.1428254385023859 0.984292979674936 -0.10377005482911382 -1.0572845980704506 0.3305486967948152 0.05138813866198487 0.9423888890750495 21.699103508490207
0.9303754482413368 -0.17295491384640202 -0.323246226715975 -4.612505550616835 0.14594880807668595 0.9835759191344748 -0.10619489968811063 -1.1464926065136265 0.3363041342754004 0.05162372589378695 0.94033745017101 22.449566948939832
0.9277046451158032 -0.17822382949976576 -0.32802493507201624 -4.87384750300138 0.1509525616955548 0.9827304581716989 -0.10702415941829559 -1.2381674787083716 0.34143435027558633 0.049770605582828156 0.938586954560848 23.21677518521836
0.9254295638794815 -0.18213841848961426 -0.33227356019992765 -5.1324135542574005 0.15410470099921497 0.9820132778486738 -0.10909474441441307 -1.3295127318644668 0.3461673922075495 0.04975458410041926 0.9368525059651701 23.962390261512798
0.9225536212368443 -0.18608063564482982 -0.3380367036000698 -5.415731236817541 0.15805540249386693 0.981408636647379 -0.10888332129593821 -1.4288268439012979 0.3520132180547871 0.04702217510865357 0.934813141415312 24.774295913112343
0.9189654252791124 -0.1908015968280177 -0.34510476349864977 -5.7343357327965645 0.1625417869610142 0.9806245427087625 -0.10934200349705948 -1.5377332618016573 0.3592808297600926 0.04438757579671675 0.932173282432934 25.640245423556966
0.9154211948727258 -0.19492773097820304 -0.35214658265199794 -6.020867794128473 0.16748980470527314 0.9800396886882348 -0.10709516289570462 -1.6379843878251963 0.3659934443368905 0.039056219627062655 0.9297975104348593 26.425646963473696
0.9119095354821504 -0.19727369225948005 -0.3598667662330614 -6.294894475430963 0.17009442653677403 0.9797060089331232 -0.10603783344381032 -1.730209499946811 0.373482108216518 0.03548558020722278 0.926958407070944 27.140797261359946
0.9086392083897817 -0.19901392356398448 -0.36710795034221144 -6.591978225152702 0.17160594372868224 0.9794235773872993 -0.1062113747903368 -1.8235062454261242 0.3806917244356375 0.033509913242704636 0.9240946362038291 27.88196100655597
0.9045622249665626 -0.20291218847958323 -0.37495843093597475 -6.928643574593175 0.1750276360692438 0.9786898887181714 -0.10738448832501735 -1.9304007130996703 0.3887576465814588 0.031507863895217085 0.9208011439704049 28.71405653975169
0.9006488869907825 -0.2067417228870543 -0.3822164862744114 -7.265576667789486 0.17855591850344724 0.977958722510942 -0.10823364094474885 -2.042361596929325 0.39616835604280054 0.029233492477960275 0.9177123931754905 29.563101647193918
0.8978006897757371 -0.20916186764795205 -0.38756320073019224 -7.610522164875657 0.18067467188961192 0.9774848375960872 -0.10899566600251617 -2.1468906976877435 0.40163488939059033 0.02783352999120959 0.9153768132482036 30.385161614080925
0.8938395051744378 -0.21266311640711896 -0.3947471822692701 -7.972104713463275 0.18384119158947596 0.9767873841502484 -0.1099491811696512 -2.257934619085465 0.40896620308343057 0.025706129326044977 0.9121873928369076 31.226297228835094
0.8902628405349579 -0.217359572361844 -0.40023354565216657 -8.327862456258648 0.18871142707666583 0.9758305571477336 -0.11019401538846127 -2.3631352410641644 0.41451184790463685 0.02257299358571014 0.909763918776329 32.029934976558444
0.8863353162128395 -0.22112296061469258 -0.4068345407200316 -8.709836250768658 0.19257822554009837 0.9750507695345799 -0.11040662968250867 -2.4743761444965715 0.4210977728292005 0.019509821091355607 0.9068053995203549 32.88334630802968
0.8829241622042273 -0.2248987529351572 -0.4121473944163358 -9.091816832495304 0.19779698540669777 0.9742850204419566 -0.10791223983607681 -2.5932803897418104 0.42581836075959206 0.013756811790073285 0.9047040807741428 33.75300378057123
0.8801055441958621 -0.2271494321443258 -0.41691409972824844 -9.468348163142918 0.20077375146325288 0.9738061973438843 -0.10673045834257423 -2.702380085237138 0.4302372970804339 0.010228660281499893 0.9026578768890061 34.58836617430679
0.8759759065986757 -0.2318059264900611 -0.42300381026973327 -9.878058924869848 0.20577022021616087 0.9727394094461801 -0.10694231053464996 -2.8206427851108478 0.43626233796973674 0.006637300232868959 0.8997950426151491 35.478334133485944
0.8725239635449572 -0.2366583073802546 -0.42742809756462125 -10.26625063426313 0.210906156308006 0.9715863569417162 -0.10741761604181696 -2.9317885945651123 0.44070457936261725 0.003577226947958881 0.8976450730529197 36.31460506925237
0.8698446005677364 -0.24060680942067864 -0.4306724208996397 -10.662427291537062 0.2152182089910939 0.9706222600292254 -0.1075804389953155 -3.039840784961281 0.44390482468860487 0.00088971689890293 0.8960734986718549 37.15188774207014
0.8662778745741788 -0.2442153227189602 -0.4357998625200766 -11.071288910766649 0.21928513739592562 0.9697180094757503 -0.10752214011839023 -3.1560634535633825 0.4488615293612202 -0.002420381718414355 0.8935980467815738 38.006897490637655
0.8629856628177183 -0.24998512099094522 -0.4390480441298039 -11.46550496554926 0.2249038924950687 0.9682393095376493 -0.10922856131352793 -3.2663597215423024 0.4524090902177258 -0.004480931733358909 0.8917992690842322 38.83328035117029
0.8617720265884177 -0.2535137831014833 -0.4394083931461318 -11.898278501888068 0.22771706026305774 0.9673235793964166 -0.11149005878936244 -3.384571746892103 0.45331436625684207 -0.003981773634780368 0.8913418148072483 39.724303943243655
0.8595718969649293 -0.2592350257886747 -0.44037864997347254 -12.312725909527476 0.23280351614028075 0.9658041467545679 -0.11412656563834378 -3.4959380950971486 0.4549051294729871 -0.004421709627090702 0.8905289280327388 40.587570700878786
0.8575117665991103 -0.2630911611116384 -0.44210475126264226 -12.739200145664585 0.23673161320928787 0.9647517324213791 -0.11494450007406114 -3.618753521205068 0.4567622066802386 -0.006093909654536517 0.8895679573892719 41.46141459050511
0.8558086731369741 -0.2665005422330748 -0.4433609996075537 -13.187726394801583 0.24101914330771199 0.9637907014880241 -0.11409319122734339 -3.7480891466892974 0.4577131061513846 -0.009216545703227622 0.8890521738022756 42.376826766372396
0.8546484430164485 -0.2712282551249966 -0.4427316031992861 -13.61752588075737 0.24593938231279633 0.9624553815859791 -0.1148627819782698 -3.875652469426819 0.4572634460321103 -0.010717839242920447 0.889266702876478 43.272480749074525
0.8535713947939378 -0.2764793562006352 -0.44155978030660115 -14.082257557255863 0.25144628253840934 0.9609406390488409 -0.11561944136701213 -4.005937292035619 0.4562791261795196 -0.012339117443635146 0.8897511479023594 44.22462015951088
0.8528419899106884 -0.28133369862229773 -0.4398998639061797 -14.551272267434369 0.25629945760809814 0.9595196320557593 -0.11675899849422736 -4.139980281604926 0.45494079645045243 -0.01316911990523411 0.8904243067245804 45.17814484164072
0.8512546406180581 -0.2855718048835119 -0.44024343388833637 -15.017065444388717 0.2608118893961336 0.958240062869254 -0.11727378335308825 -4.277540488961077 0.4553489817445951 -0.014990869484505683 0.890186822333525 46.12920279559726
0.8482939780562896 -0.2888629236534468 -0.44379673064570757 -15.465331881764254 0.26485446089223963 0.9571919966497462 -0.11677155516286405 -4.414842847243037 0.45852965153729897 -0.018484936787981972 0.8884868405176455 47.06034848777519
0.8449218129823008 -0.29269902101680584 -0.44769902059587446 -15.913185326948494 0.2702722878533406 0.9559050782118987 -0.11488416717383165 -4.547631232924899 0.4615842505602014 -0.02393249975467126 0.8867734857844307 47.96634603217249
0.8402944630863078 -0.2970057836916206 -0.453533658905511 -16.37621334154561 0.27459582513221076 0.9544994081144944 -0.11630998550872884 -4.6832734429389244 0.46744234738249213 -0.026803812467755865 0.8836171158996069 48.89462314247966
0.8336423536997373 -0.30210042616518634 -0.4623589067259061 -16.85608405584441 0.2783419087189886 0.9528635055081348 -0.12073492337107403 -4.817648934318488 0.4770390004691782 -0.028044114918493956 0.8784345847300219 49.83321579213472
0.8267968812710056 -0.307833909940148 -0.4707920995635972 -17.3411037729026 0.2821270193850072 0.9510179086561729 -0.12636962589234566 -4.959461152469336 0.48663257397493537 -0.028341159224712115 0.8731469043868443 50.76435986013396
0.8206473572327943 -0.3109541933573291 -0.47942194849664904 -17.83458008192173 0.28418526039197634 0.9499571935458075 -0.12969220565060233 -5.103975661533318 0.4957586639109552 -0.029813085450289982 0.8679484587768784 51.6685577727963
0.8132062833272963 -0.31501972667524364 -0.4893445744692178 -18.336471809542065 0.2887664135952422 0.9484383571833466 -0.13068527462073234 -5.251911963311654 0.505281603797671 -0.03503219132183317 0.8622431480938796 52.56827811449574
0.8076115193952408 -0.31736680091010006 -0.4970331451927522 -18.849861293065707 0.2917918527092631 0.9474865564724958 -0.1308691712986208 -5.405145627951475 0.512465753424174 -0.03933877201923013 0.8578061043052869 53.47615165195301
0.802846727810195 -0.32124523545758693 -0.5022336411873087 -19.359388124238194 0.2948895991481058 0.9461208750803296 -0.13377374201053346 -5.5529157317076026 0.5181479093451331 -0.04070366608833709 0.8543219273834876 54.36289152762732
0.7991105576196952 -0.3270499833676771 -0.504440903456433 -19.86402303897841 0.2989960165021629 0.9441530621249148 -0.13847879764059803 -5.698099741238845 0.5215589121245832 -0.0401659514931424 0.8522693221770172 55.230207675463944
0.7971324285468233 -0.3302909286956421 -0.5054580039730443 -20.422978700106807 0.2988917898043903 0.9432107946163637 -0.14497273849485007 -5.861465519851819 0.5246366260056308 -0.03551477636897447 0.8505851581781156 56.174710078227946
0.7929379966822078 -0.33632161788780174 -0.5080719464396146 -20.97173304753001 0.3046796732854236 0.9409828722263237 -0.14738226102006233 -6.030441227233808 0.5276548399325971 -0.03793419984696858 0.8486114342722915 57.1041875115049
0.7892726589464386 -0.33903779473718737 -0.5119590252933959 -21.525334163283663 0.30814360776077593 0.9398589244746699 -0.14735236367798818 -6.201710914993338 0.5311272793180484 -0.04145570919742895 0.846277281592237 58.03584188136681
0.7848837069035833 -0.3423694041734732 -0.5164695128690472 -22.05209000177463 0.3132288689294203 0.9383816643324387 -0.14603947313612964 -6.367925830536696 0.534644968466445 -0.04714915832316863 0.8437604604168951 58.92191816196202
0.7810790865547015 -0.34646441329344113 -0.5194977101663729 -22.574398057340595 0.3185404265773747 0.9366399259978538 -0.14573141618278168 -6.527928038562215 0.5370730464124758 -0.05165326076799562 0.8419527798334394 59.79209725590791
0.7766403997339302 -0.35062715165129704 -0.5233452875741019 -23.128553932817347 0.32209303572685916 0.9349982269353154 -0.14843985975496163 -6.6982030995825115 0.5413739611741383 -0.05328148039154665 0.8390919604011874 60.69390852838338
0.7718193370415221 -0.35641581714500264 -0.5265573817331264 -23.671767314469392 0.32766984881311895 0.9326480438784481 -0.15099700801172175 -6.868576765530364 0.5449104340601059 -0.05599456704506479 0.8366225118378435 61.578951451367885
0.7684742951800414 -0.3615455628401057 -0.5279508155483519 -24.200850413932027 0.3312454060940549 0.9306940174640566 -0.1551938362120064 -7.028137240026413 0.5474703084087058 -0.05561880839469289 0.8349747358834464 62.426152717691636
0.7633236317434682 -0.36710306277364163 -0.5315753705018452 -24.760153998624396 0.33633410766092825 0.9283665746448551 -0.1581609025837487 -7.202872674246555 0.5515581576279055 -0.05805897333221349 0.8321134263847207 63.324456241068916
0.757884234302128 -0.3711715727788108 -0.5365101592301693 -25.337852950243814 0.3400471809228998 0.9265804671072663 -0.16067530215210252 -7.386094744781134 0.5567579385537904 -0.06066548883990587 0.828456574795052 64.2356937707652
0.7521953207287667 -0.3749991247284488 -0.541828253163902 -25.913156750186115 0.34364546865994744 0.9248424816529817 -0.16301587652569205 -7.576887436950994 0.5622365972997785 -0.06357704446458579 0.8245289370749308 65.13478147038249
0.7459748518701064 -0.379395331517779 -0.5473396594436469 -26.486632661075493 0.34730213507505053 0.9228784095296484 -0.16636306139386217 -7.762652486406007 0.5682453232096892 -0.06598957225608587 0.8202088935166301 66.02558202587618
0.7408010923420999 -0.3841393198952598 -0.5510451201990263 -27.0647625828763 0.3509683437679509 0.9208114708486794 -0.17008073619982222 -7.95272926744573 0.5727433659655374 -0.06740339801448685 0.8169588843256236 66.89203601388878
0.734916409502091 -0.3891587404505318 -0.5553857630291856 -27.655691607917003 0.3553048095115673 0.9185176767223896 -0.17344673501237437 -8.148997343033141 0.5776299536749319 -0.06986238100336645 0.8133036851865585 67.77387720628701
0.7298013333912237 -0.3926003746140895 -0.5596918434578697 -28.249609305519744 0.35804727492953514 0.9169076699313174 -0.17630222272182533 -8.347889510057957 0.5824020627504043 -0.07173054212815363 0.8097299343794049 68.6479081034917
0.7248973660215428 -0.39768577771990254 -0.562467626565606 -28.850826698586047 0.3622607227963801 0.9145771682040171 -0.17976588140958674 -8.550450038340275 0.5859103834666818 -0.07344811501487039 0.8070405175371858 69.53502122923067
0.7183007290920514 -0.4032940880280387 -0.5669196955014529 -29.463280645753468 0.36784065319601034 0.9117912095199958 -0.18256517767196384 -8.762272744862695 0.5905398516968691 -0.0773994108743462 0.8032882513482593 70.43150415087803
0.7140892122429054 -0.4053364507751967 -0.5707704955858117 -30.055501340025884 0.3702542948093214 0.9106324095148064 -0.1834676317951207 -8.96316263126501 0.5941282303792328 -0.0803179706804425 0.8003503416955707 71.28068266536685
0.707610648055114 -0.4105128445384955 -0.5751229218418746 -30.679426102104472 0.3755315600270271 0.9079464067954207 -0.18603593688035716 -9.173397344306187 0.598550931987153 -0.08433579818913137 0.7966330742324933 72.16775873926304
0.7022161993915708 -0.41403366339274333 -0.5791964562129526 -31.307049957654353 0.37853978350775613 0.9061257232124998 -0.18879567271133518 -9.389144758971549 0.6029925717734501 -0.08667352139038191 0.7930243748308321 73.04655871619485
0.6964373274400772 -0.42001681488558384 -0.5818598836158856 -31.91209084802169 0.3829032607412064 0.9032504675389735 -0.19371031414041295 -9.598227548535979 0.6069268010739636 -0.08788895325349443 0.7898831496076687 73.88926139858683
0.6914427036476913 -0.4245537754758125 -0.5845178177794107 -32.528821771367845 0.38805305826336844 0.9007306072534687 -0.19519015633285566 -9.81430382824675 0.6093618067657488 -0.09186111737852534 0.7875529973082137 74.74214810749332
0.6873234149640997 -0.42857268409488336 -0.5864400887471757 -33.16543369399086 0.39253232059318477 0.8984888607086761 -0.19656079078024277 -10.038548012717328 0.6111504729048463 -0.09509585495768172 0.785781062280105 75.60592575940089
0.6829989739775167 -0.4322908070938123 -0.5887589147077436 -33.83034401646081 0.3962131162376027 0.8964306972921836 -0.1985627645696389 -10.272774908198171 0.6136184222030395 -0.09765583983782139 0.7835405342920189 76.50458543402762
0.6792982252412845 -0.4361514150995279 -0.5901913793768262 -34.49654654681534 0.4000293600049086 0.8943091064432808 -0.20046878377115043 -10.51256065340435 0.6152482688460853 -0.09991579074050463 0.7819759602715388 77.39976970215172
0.674961045105767 -0.4395814665989359 -0.592617686044265 -35.13871206252571 0.4021670876414149 0.8925476513873948 -0.20401059683474282 -10.743032367774866 0.6186188012077817 -0.10063212322898712 0.7792200937903698 78.25928386006487
0.6693051439129649 -0.4452105440897718 -0.5948261895402178 -35.815906993671106 0.40697262293159875 0.8894844512567802 -0.20782371172847375 -10.983612590991745 0.6216139545697317 -0.10298049525863813 0.7765250215417823 79.1550415617951
0.6646656673357243 -0.44932708295564516 -0.5969294122320721 -36.4886360268513 0.4111531747303496 0.8870676342824306 -0.2099144566668208 -11.230752864929828 0.6238370120266277 -0.10590649050526962 0.7743456577617946 80.04700099802305
0.6594443535194402 -0.4540295313977231 -0.599158016912143 -37.13057685018024 0.41578636399834606 0.8842935775565757 -0.2124772180852048 -11.462972419321751 0.6263025180568594 -0.10900483159455249 0.7719216945809211 80.88429843132064
0.6546974367126057 -0.4572599611977991 -0.6019008176164335 -37.79521461958687 0.419838260137961 0.8821335587705628 -0.2134858773200517 -11.710168567715222 0.6285754542505408 -0.11293233538791997 0.7695058063052915 81.75304201807853
0.6501570782168489 -0.4617649895645159 -0.6033811963071215 -38.46586989336393 0.42431084377588807 0.8794229291825616 -0.21581385377717882 -11.964964456490716 0.6302825410073839 -0.11570827991309063 0.7676949345025208 82.6243575493289
0.6447429403173761 -0.46538892855683067 -0.6063989496096027 -39.163460462313125 0.4274737534748211 0.8771761463917862 -0.21869658957424032 -12.226388089040064 0.6336976652955668 -0.11821655289332766 0.7644946799167192 83.52547454696025
0.6384770195072639 -0.4696799208539144 -0.6097112984911646 -39.84052923176651 0.4316579097011324 0.8744045728179143 -0.2215583264686077 -12.483330138731608 0.6371958447397239 -0.12172680469716532 0.7610282783606981 84.38931298762452
0.6327236719894135 -0.47335823830457774 -0.6128562091823986 -40.509998723430066 0.4357134482353558 0.8718746716428197 -0.22358074151093893 -12.741202194339406 0.6401675920656162 -0.12556486442039427 0.7579042940187098 85.23870708417901
0.6277630989406652 -0.47812948013109496 -0.6142521402795286 -41.20653692955745 0.440601800359155 0.8687962303826933 -0.22597159908513653 -13.004446631389056 0.6417036271743243 -0.12878396756736166 0.7560629236835548 86.12488504960314
0.6219537726065623 -0.4839423843254569 -0.6156080517617167 -41.91348092165826 0.445543230200356 0.8652061482004537 -0.2300207624080212 -13.273877720797577 0.6439446674700376 -0.13121771896175674 0.7537354810988908 87.00964159501028
0.6155806034186178 -0.4895567021982522 -0.6175716606415343 -42.58938104224034 0.45120570603070886 0.8614343314844358 -0.23311864658429365 -13.533380640848616 0.6461222264711995 -0.13514854003182986 0.7511730430381305 87.85517254921515
0.6085591235158998 -0.4936071981019503 -0.621295201307319 -43.28907096027735 0.45473194005030826 0.8585920269063261 -0.23672472205278744 -13.811983988142565 0.6502881329715642 -0.1384617828674346 0.7469629701675503 88.7235423852499
0.6001737095597395 -0.4976541764708097 -0.626204310903767 -43.99134124355334 0.4595943894060063 0.8553017660592014 -0.23923186702973182 -14.094357021462507 0.6546483908021327 -0.14421931083308925 0.7420487010991981 89.58698992223923
0.5915264761063259 -0.5024733285299384 -0.6305687767256452 -44.70998272626228 0.4648105783626011 0.8515460411112884 -0.24252930979557089 -14.384877318381282 0.6588228550281603 -0.14963252983137157 0.737266947386635 90.4513244490974
0.5834920547064736 -0.5050998051441955 -0.6359333368661478 -45.4470900651478 0.46750589100620527 0.849204538579698 -0.24554000393039088 -14.682202995935294 0.6640596840412102 -0.15403193986617836 0.7316412355329285 91.31829894489648
0.5739520287435174 -0.5096230734073833 -0.6409862648700156 -46.164579878767356 0.4710419619445223 0.8457523357408366 -0.25064408366521373 -14.969225331882589 0.6698496389404537 -0.158073747471654 0.7254751212630327 92.15547085798005
0.5678263887648318 -0.5113107555861086 -0.6450848808058153 -46.922509667771465 0.4697997029763669 0.8448125786752221 -0.2560858176382273 -15.277751522095707 0.6759152545294475 -0.1576484003537132 0.7199205168352323 93.01927760137822
0.5593403356469072 -0.514930698333187 -0.6496035443503227 -47.667770943302116 0.4728349057105622 0.8418586600046974 -0.2601944436700738 -15.58678644926997 0.6808564759625109 -0.16161798318625245 0.7143627136481294 93.86334703622822
0.5521662179279563 -0.5178499598601746 -0.6534094327846457 -48.41246015261341 0.4735151798179022 0.839832762390376 -0.265451136177207 -15.899318352330521 0.686218509121662 -0.16282613515208771 0.7089370969629658 94.69058421570462
0.5435312091108462 -0.5199974525143898 -0.6589206887790414 -49.194798162988754 0.47549558905886913 0.8376422692093667 -0.2688110370117674 -16.234169110211365 0.6917208754317455 -0.16720669308471975 0.7025412103781612 95.5489560277065
0.5335438749328534 -0.5234533557461184 -0.6643248586947228 -49.954692748751235 0.4784425825304573 0.8345077906133463 -0.2732936929883636 -16.562589104613554 0.6974407707778649 -0.17202712508136314 0.6956888956229061 96.37753383544162
0.5245073911827112 -0.5272716672337733 -0.6684882837621194 -50.67568169759125 0.4812750388082467 0.8312952350543704 -0.2780693604049538 -16.87025700614129 0.7023292202484727 -0.17587728991662485 0.6897831871514095 97.14554502065269
0.5172774525854744 -0.529887348446384 -0.6720442210175928 -51.47273466541131 0.48083519385627244 0.8295515586407733 -0.28397487196205373 -17.21216094487053 0.7079700229500423 -0.1762487149261643 0.6838968029542122 97.97103795258477
0.507085689790674 -0.5342295708588872 -0.6763600142153922 -52.285516099726486 0.48353703088089234 0.8259393743522582 -0.2898552908978743 -17.568997310946045 0.7134816346454947 -0.18006364295584382 0.6771418178705721 98.80348244085056
0.4976473207181051 -0.5379498215384368 -0.6804095338021474 -53.109590462471516 0.4841430555305095 0.8231479818081668 -0.29670339031889076 -17.93057333894415 0.7196892704241697 -0.181761903466887 0.6700820580230608 99.62858632807944
0.48952324516141993 -0.5408287085217698 -0.6840111844738411 -53.938185906228576 0.48503616360337015 0.8207564497228703 -0.3018257282526366 -18.3015375889757 0.7246426101490012 -0.18401945081154947 0.6641008427034697 100.4526707678213
0.48158886759539005 -0.5425592055117298 -0.6882598863239602 -54.7311394503413 0.4864526897853064 0.8187310440812343 -0.305029929774592 -18.66218654887992 0.7289965316850489 -0.18790685451077252 0.6582211412732328 101.23952938712085
0.47437938963542436 -0.5440686267950293 -0.6920646819672952 -55.52674231918816 0.4884940736590905 0.8166983675830086 -0.3072089132613119 -19.029178606179475 0.7323508276018192 -0.1923359189663238 0.6531991729834863 102.01816878130045
0.46869449957583087 -0.5462001590763025 -0.6942556101987103 -56.32710364373661 0.48969334369116313 0.8147650943850284 -0.3104162851983194 -19.40217018653397 0.7352046621260846 -0.19448194568334046 0.6493465004073652 102.78782102965299
0.46251595433787085 -0.5498477124429387 -0.6955188603511742 -57.153206919632034 0.4918867491484868 0.8118043287612124 -0.31467627463266284 -19.78032969203385 0.7376492513349839 -0.1965737137203874 0.6459352576528958 103.574537514179
0.45665645639796787 -0.553293626902348 -0.6966570485248077 -57.99665768569948 0.49377187489354213 0.8090196732935244 -0.31886753329267536 -20.176690624676347 0.7400366317920805 -0.1983767391941015 0.6426448886846828 104.37453304706537
0.4510128279246738 -0.5570748657095279 -0.6973198857354496 -58.85266186139429 0.495474152555411 0.806121956581136 -0.32353169128742076 -20.581839124194644 0.7423562441287109 -0.19958703643401565 0.6395875402871768 105.17450633812852
0.446538987422217 -0.5608448722881936 -0.6971771381363429 -59.689310127673785 0.4990130797650427 0.8028437788300573 -0.32623275895789705 -20.97455844156705 0.742690298129273 -0.20222486499417947 0.6383699750479636 105.9517664693631
0.44288467558439304 -0.5631023539490161 -0.6976882563936302 -60.54648343287873 0.5015529088424315 0.8006203182001896 -0.3277983918763522 -21.38820715906009 0.7431674399246797 -0.20475069001618548 0.637008093491514 106.74921610069185
0.43794630329743744 -0.5647034781836694 -0.699509125855678 -61.36738783103313 0.5052354122788697 0.7981958440786187 -0.3280557462917272 -21.78633250946786 0.7435994981221474 -0.20974598023058136 0.6348751138370468 107.51185253181123
0.43074886680136704 -0.5667459241331952 -0.7023207751645602 -62.19396214041117 0.5093924792791568 0.79508440499244 -0.3291809395934876 -22.191665532622967 0.7449662514524882 -0.21596260420783042 0.6311778178774979 108.27755346367762
0.42567029817211505 -0.5693143394550838 -0.7033391643758256 -63.00128653681726 0.5130324455584733 0.7921162685673309 -0.33068039989582165 -22.585943972294288 0.7453874878600761 -0.2200749871334541 0.6292570960901872 109.02212225395637
0.42180438386757374 -0.5716908350766898 -0.7037404712245942 -63.81583076733889 0.5167818290965625 0.7893391984569417 -0.33148178063803824 -22.980996763974208 0.7449950354637996 -0.22385981968336854 0.6283861696963277 109.77083591518068
0.415921548550847 -0.5738950427379959 -0.7054457777687946 -64.66615565578115 0.520784208030878 0.7862419489261023 -0.3325769180423318 -23.3906153764679 0.745515307768202 -0.22905911391961364 0.6258904442581343 110.54164263006646
0.41066305614167975 -0.5772470922196228 -0.7057915052225878 -65.5050540666504 0.5268686785029212 0.7819924047048694 -0.3330124240872723 -23.803398642839067 0.7441540498666666 -0.23510353784638405 0.6252688034430894 111.30334536393396
0.40740380674891 -0.5804344797173128 -0.7050659210327707 -66.34991094035908 0.5317976560601209 0.7784232154974321 -0.3335394288290365 -24.21047491207549 0.7424374662255794 -0.2390671711672911 0.6258062770655237 112.0704603358684
0.4024702753316004 -0.5827002967296214 -0.706029773922968 -67.16650140049038 0.5359994432644429 0.7752243809536934 -0.3342630042274651 -24.611476698155673 0.7421066461733874 -0.2439006424062355 0.6243318046833051 112.8136543252449
0.39986644738888727 -0.5836567981037997 -0.7067188735839808 -67.93932666573029 0.5397424965957238 0.7731220686831016 -0.3331070462835881 -24.99282712742499 0.7408001495823319 -0.2482478780219115 0.6241699523658704 113.51825561581295
0.39912629820622686 -0.584864375282857 -0.7061386978527576 -68.73292484778962 0.542272859839059 0.7715835970269114 -0.33256412656957085 -25.380731380409546 0.7393499466167309 -0.25018476237374404 0.6251153822406155 114.23310227343407
0.39653886270115657 -0.5872712451823227 -0.7055986217033576 -69.54243564943641 0.5454166741289709 0.7689630750274236 -0.33349129048066795 -25.77251958751269 0.738429131298167 -0.252602996471486 0.6252312725894804 114.96368311292146
0.3952873560846938 -0.5898312614403695 -0.7041640356814844 -70.30402559961561 0.5492172078328915 0.7662401336100128 -0.3335213880181483 -26.14799887673522 0.7362800857960339 -0.2549022178659344 0.6268305150415164 115.65629482554598
0.39128826891494406 -0.5929977814035547 -0.7037379639183952 -71.08946039534675 0.5541916859446743 0.7623366800871283 -0.3342369839253804 -26.527820860158503 0.7346870529955909 -0.2592227178396937 0.6269278401191454 116.37340073910971
0.3890315935232604 -0.595752664067693 -0.7026614992277571 -71.89447373657673 0.5588046954367835 0.7590049472504301 -0.33413889687849246 -26.91872381338666 0.7323876921402739 -0.26265995756037624 0.6281862901208726 117.11547570038431
0.3911341314925774 -0.5975478119950494 -0.699964787372534 -72.68952612926972 0.5619565134819239 0.7573769587833519 -0.3325432592300157 -27.308624761314306 0.7288476988622435 -0.26328075258934214 0.6320318640537059 117.83293612718076
0.3943493771751515 -0.5997466976315327 -0.6962703981942944 -73.45987132244096 0.5665895278455622 0.7552045959541548 -0.3296093523938072 -27.68772424856721 0.7235087253498145 -0.2645182733381439 0.637624660292318 118.54643968940385
0.3955692875644793 -0.6031029470559853 -0.6926700325466058 -74.19382818006962 0.572817778341005 0.7515321561293477 -0.327229600005943 -28.04464795291558 0.7179169391734714 -0.2673317294223779 0.6427511298254052 119.24600311217958
0.4005454302264919 -0.6047304343432186 -0.6883781374388186 -74.9350395194232 0.5762894030446993 0.7503443633736983 -0.32384233863363826 -28.40531981895639 0.7123579733975461 -0.2669914570400747 0.6490467468561562 119.95556360522939
0.40247378511164134 -0.6064223300083097 -0.6857600235980522 -75.71683022235551 0.5806670896009464 0.7482395831898155 -0.3208788824499012 -28.78182771546791 0.7077009137709763 -0.2690529386853521 0.6532763066517118 120.71247420405415
0.40689669986893795 -0.6074364879111654 -0.6822433501250973 -76.44127639160097 0.5856097904472298 0.7466614906520829 -0.31552779863200847 -29.125501564156604 0.7010679346312447 -0.2711411653204992 0.6595348508612131 121.4263694069301
0.41132804032033793 -0.609383926073992 -0.6778351376912221 -77.18511025117851 0.59133350986336 0.7443273404550657 -0.31032481428942865 -29.478022618424774 0.693638178994575 -0.2731813333552207 0.6665118421658791 122.16233025389327
0.41506002294745037 -0.6112344253870483 -0.6738825228277011 -77.87286434131352 0.5959493173644856 0.7423278976645142 -0.3062575770193881 -29.803211666423387 0.6874369705534217 -0.27448455251752807 0.6723753727982508 122.86172242781879
0.4190786435164331 -0.6138785318249776 -0.6689740194602751 -78.57667558274981 0.6014363509278918 0.7396548616724613 -0.3019685437041982 -30.128774778860816 0.68018189209282 -0.2757967254495642 0.6791824201938161 123.5832357575513
0.42678598521304223 -0.6159218483766252 -0.6621887944672988 -79.29917472526273 0.6054685009309871 0.7385056297972635 -0.2966771463023916 -30.46251812063878 0.6717600890244346 -0.27431680854455287 0.6881051310256413 124.33359056449319
0.43523333755329335 -0.6179633855114848 -0.6547466655504288 -79.99885561226164 0.6099937454236299 0.7372838883683945 -0.29037923220580464 -30.783586258942208 0.6621779008893856 -0.2730086484336437 0.6978443275216633 125.07956612957138
0.443095651031132 -0.6183050775048793 -0.6491263938317275 -80.70523871881875 0.6136998789825376 0.737030719689481 -0.2831221940626077 -31.107025979299777 0.6534819833584675 -0.2729185764393685 0.7060288578097871 125.84916091118636
0.4491929804401157 -0.6194191792725343 -0.6438521155301627 -81.38667643038028 0.620285455881507 0.7348744945691825 -0.27423608525057325 -31.41135553401041 0.6430175888303501 -0.27618717852396496 0.7143171724617675 126.61266904942171
0.45763223782030693 -0.6200248609632715 -0.6372926381930469 -82.07329995438351 0.6250878094423968 0.734078095486387 -0.26531976973754623 -31.70801662112223 0.6323274194545764 -0.27694497921889594 0.7235077837116622 127.3906096826483
0.46381282842582083 -0.6215747696633054 -0.6312863580861297 -82.75476189547963 0.6302199731531799 0.7322963842870008 -0.25800153293922595 -32.003427357458996 0.6226559608856606 -0.2781848509142694 0.7313772918920579 128.18703414926014
0.46874189725999416 -0.6239600303798455 -0.6252638756888838 -83.38456002082529 0.6358880399850623 0.729672576434298 -0.2514444905017605 -32.269564889133456 0.6131292150575254 -0.2797352528519001 0.7387968286036606 128.9424800415801
0.4747494934154216 -0.6270285454022914 -0.6176148652295277 -84.04225640458294 0.6429999227746187 0.7262681646546804 -0.24307540459897797 -32.53786056213367 0.6009692320024673 -0.28172638545192935 0.7479747495247122 129.74156346432642
