1.0 0.0 0.0 0.0 0.0 1.0 0.0 0.0 0.0 0.0 1.0 0.0
0.9998697493452753 -0.005812949929587805 0.015056359365153748 0.02245652861893177 0.005800955477735083 0.9999828213523368 0.0008401879349584026 -0.0018153797136619687 -0.015060984687658477 -0.0007527372295957459 0.9998862935988779 0.3994009494781494
0.9996937050898648 -0.009778704887179893 0.02273483966136896 0.03945259534397513 0.009765111969199903 0.9999520689228851 0.0007088335987875871 -0.008424095792453326 -0.022740681430592616 -0.00048660823176907087 0.9997412788419319 0.7857226647511854
0.9994899601240458 -0.014859369575903416 0.02826691965956544 0.05931033437151535 0.014846772167785294 0.9998895657423221 0.0006554966274138668 -0.007918420777700972 -0.028273538289918493 -0.00023548978192467317 0.9996001958668933 1.1351389437000998
0.999371302766878 -0.01885024654774675 0.03002777732571202 0.07934676558802786 0.018850869125132386 0.9998222721513009 0.00026238032950094486 -0.010418124501917328 -0.030027386487347076 0.00030383432877185306 0.9995490301858336 1.5076650627586394
0.9993453609899327 -0.024001294182207207 0.027070045169533295 0.09536995938669596 0.024044416960292712 0.9997100863269028 -0.0012685855494274868 -0.01277804452103489 -0.02703174949834018 0.0019186385370294397 0.999632734230539 1.8814836690138548
0.9994620991728814 -0.028223082081027286 0.01670239368429123 0.1017840887741969 0.028262997684042675 0.9995981910546213 -0.0021585648567556603 -0.017259257184634225 -0.01663476115997021 0.002629463476950914 0.9998581752643593 2.2727121192590793
0.9995255247745014 -0.030801337487544666 -5.415935886498847e-05 0.09354931965889884 0.03080098189395109 0.9995198922252944 -0.003359249961615842 -0.024566776075141253 0.0001576027483084753 0.0033559879193010094 0.9999943562373037 2.696777377507805
0.9992979111948236 -0.03214264504887383 -0.019249287023812574 0.0758850590622757 0.03207304280001798 0.9994778647945364 -0.003913784779860255 -0.03258317012625676 0.0193650356883541 0.003293653748795873 0.9998070550050006 3.148583263217077
0.9986863351268046 -0.033908231029210555 -0.0384166096820307 0.05089091113462237 0.03378199132863521 0.9994214962308146 -0.003930640359037008 -0.037907958819488545 0.038527666589917284 0.002627687239714252 0.9992540788842978 3.559314941615802
0.997623029081746 -0.036473327764729745 -0.05846356307588751 0.021538636957163012 0.03623408643700748 0.9993300733228432 -0.005147381143493419 -0.04398454313219324 0.05861213889491796 0.00301677217030302 0.9982762725116907 4.009299871630576
0.9960338276621528 -0.03964974090274532 -0.07965244628400495 -0.01849302419998818 0.03936533692846159 0.9992116734233113 -0.0051382821151239565 -0.05256673390281748 0.07979338569825087 0.001982357417588853 0.9968094531342885 4.479259159348755
0.9941959025640853 -0.04315219228579921 -0.09855148718164251 -0.06699896267791085 0.04288473939490603 0.9990683436024717 -0.00483155652402255 -0.061020911930619676 0.09866816331428811 0.000577158854424832 0.9951202241115602 4.928919108124041
0.9919610395319691 -0.04492262505342726 -0.11830153764412593 -0.13173965762236536 0.044469223503881626 0.9989897981253385 -0.006470811576401357 -0.07313339830027638 0.11847271505126056 0.001158015459593088 0.9929566328841246 5.40361074847095
0.9901064758307466 -0.0471344048224405 -0.13216472449202732 -0.20167159284905758 0.04668196771198437 0.9988885150121499 -0.006521385386488308 -0.08347689188231538 0.13232520700364098 0.0002871565011499399 0.9912063141105324 5.8708458684922435
0.9885378462191955 -0.0499011423470191 -0.1424879032927956 -0.27060268046322167 0.04938314944092366 0.9987541605410254 -0.007171565609216222 -0.09848783312460935 0.14266825555676332 5.2862599522253764e-05 0.9897705623334814 6.335363991688541
0.9863733751640916 -0.05439421716809682 -0.1552701964514384 -0.35438678175796046 0.053787424411351814 0.9985194765205374 -0.008109746256537667 -0.11026822562814344 0.15548143857898755 -0.00035234616818207495 0.9878387510669879 6.855691190894758
0.9838017773838017 -0.05942282356619853 -0.16912418767252999 -0.4404818773774854 0.05864983173937183 0.998232773884907 -0.009566941987255896 -0.12027733273296529 0.16939380169715798 -0.0005071306188617567 0.9855483157943701 7.373873771598486
0.9824403837727456 -0.06196409044243194 -0.175986771741806 -0.5374646545198637 0.06074473203877745 0.9980773887391085 -0.012312742069082182 -0.1324480569160362 0.17641136545585018 0.0014062657518184333 0.9843155248977016 7.914899466606986
0.9807906839082673 -0.06618001437688922 -0.18349343327712886 -0.6340994491912769 0.06468661454721533 0.9978057385214287 -0.014119138505104436 -0.14821706588472666 0.18402520549417517 0.0019783505202741174 0.9829195337727528 8.465695329226573
0.9790250254430919 -0.06965728229303035 -0.19146243124880277 -0.7420205115849393 0.06791261742601189 0.9975682459376475 -0.01566751707302547 -0.16388651005288057 0.1920881983634122 0.0023361764561947917 0.9813748857236281 9.043336498238356
0.9766516672530058 -0.07534053161868279 -0.20118480347018902 -0.8387951508616288 0.07289794598496663 0.9971481065962465 -0.0195331252669353 -0.1822238969392634 0.20208268189802214 0.0044111004222482045 0.9793585308098194 9.582971900723633
0.9739846774593283 -0.08148519873230849 -0.21145687612845465 -0.9449065497666717 0.07870378336617441 0.9966650669423 -0.021551306706348267 -0.19529334270755908 0.21250779411188359 0.004348186341107802 0.9771496971893531 10.102008714322196
0.9711745588709021 -0.08421928368025533 -0.222995713990861 -1.0772497582028338 0.08070788187549521 0.9964284691026019 -0.024830299334015673 -0.21528968219942476 0.22429046793183233 0.006117043258828999 0.9745031389260322 10.682295932653517
0.968641102810025 -0.08546851185423751 -0.23330140897217247 -1.2273337766865284 0.08102956085450932 0.996302330814896 -0.028563541106296213 -0.23332463813721718 0.23488002089301716 0.008763509241608828 0.9719848644351764 11.281917737839859
0.9659096894080651 -0.08841692103054463 -0.2433123917581959 -1.3802253441807515 0.08317895493891267 0.9960290680491202 -0.031738888708833304 -0.2561056690133918 0.24515246962428444 0.010418429664772274 0.9694285548509671 11.887523157203297
0.9629817528596675 -0.094837761363723 -0.25233299958356614 -1.537398425933944 0.08911439820463717 0.9954395116957886 -0.03404118957197888 -0.2803503082191672 0.25441062810336323 0.010294540998391999 0.9670414958695851 12.526907709582597
0.9595717942290095 -0.09969762882301958 -0.2632154146838419 -1.6975190420282167 0.09337245398237073 0.9949632936474126 -0.03646408001859654 -0.3096925060603659 0.2655250582476718 0.0104128334933372 0.9640477251366815 13.127578180418437
0.9565409637525215 -0.10349324485542057 -0.2726142566570819 -1.8663042459373718 0.09616715313196751 0.9945556221396507 -0.04013717888572953 -0.33574031012359706 0.2752839685159491 0.012176318807763997 0.9612858440330855 13.750783985189837
0.9542199133927637 -0.10691229168500607 -0.2793458765963213 -2.049795658222207 0.09872137266071401 0.9941738939995228 -0.043270764608569864 -0.3652559590847362 0.28234455451573953 0.013712416872528931 0.9592150552190176 14.406089087884459
0.9516908406528829 -0.11265257410725572 -0.285646532211435 -2.235174965959678 0.10313433926021177 0.9934988952635231 -0.0482001366753123 -0.3997457499955929 0.2892193836567125 0.01641166223051466 0.9571221476175666 15.060392626435409
0.9498546689780111 -0.11814718263294192 -0.2895122640866385 -2.4340385661249226 0.10674006101431242 0.9927680415129277 -0.05493792064910163 -0.43556876042313136 0.293909283955669 0.02128048369949314 0.9555963969261195 15.72723456737316
0.9486729696147057 -0.1230408934660741 -0.2913426423603074 -2.6338608612100867 0.10948204373638175 0.9920244833266119 -0.06245883908522425 -0.47227767790982134 0.29670402562439346 0.027356224440502543 0.9545775810077671 16.386327848599514
0.9469460505695131 -0.12833561981191208 -0.2946576759534587 -2.8515886945999447 0.11285652159482397 0.9912108814159456 -0.06902459051773704 -0.5167992251681568 0.30092620830415906 0.032108523013626794 0.9531067410870439 17.08299960351012
0.9455522442183151 -0.133094091685565 -0.297013326657412 -3.0754419098030383 0.11552335538403234 0.9903907618690015 -0.07602955455185526 -0.5661308311040077 0.3042783393778181 0.03757793984418766 0.9518416835916277 17.799371617689793
0.9441803276811304 -0.13656445641224843 -0.29978935615658664 -3.297959649597573 0.11706874628156491 0.9897205970448323 -0.08214650588603073 -0.6213307968194998 0.3079259934854741 0.04246515077152324 0.9504621473293589 18.502568254774378
0.9432115353979997 -0.13827298192738488 -0.3020473174207267 -3.5277094815962706 0.11730822026245709 0.9893148883495645 -0.08657270440932203 -0.6848867450826621 0.31079057410256666 0.046223740207798916 0.9493537722525777 19.207527702904738
0.9425601041624144 -0.14200803420888358 -0.30234776047040146 -3.7585313638745776 0.11975524065125676 0.9886234321693715 -0.09100764639419959 -0.7509553150676616 0.31183189762738883 0.04957244784939147 0.9488432115140631 19.927041016186195
0.9419866360290924 -0.14510272169236405 -0.3026654550821137 -4.001967767255707 0.12166857597361413 0.988014005823877 -0.0950004311380171 -0.8252400655858023 0.3128225298202601 0.052664261632767516 0.9483504312138674 20.687225992568465
0.9410391503182465 -0.14742028232882223 -0.3044874019173921 -4.2448556213099975 0.12310552082879686 0.9875749124181641 -0.09767713705738262 -0.9003108218741591 0.31510371040307317 0.05443392986315049 0.9474949070944235 21.425541810589863
0.9391303537042878 -0.15045019390607203 -0.30886715251849794 -4.501717447929113 0.12550723125562926 0.9871190869783071 -0.09921614296907415 -0.9865953984459851 0.31981574953995895 0.054411830301314926 0.9459160845812146 22.21012760229524
0.9372574637360003 -0.1540980755550252 -0.31273348042925925 -4.751835921191172 0.12884063527796913 0.9866089940628948 -0.10001391670848644 -1.0713039483183164 0.3239576166295978 0.0534460096213035 0.9445607374241373 22.973799079061685
0.9360534766668962 -0.1559160476125171 -0.31542681388351845 -4.999861234579531 0.13037379250539266 0.9863422109443343 -0.1006564311765692 -1.152544208711158 0.3268127339128286 0.05309641236782281 0.9435964221774523 23.70595406880653
0.9340702288809636 -0.15926729407360826 -0.3196040308831157 -5.260671601508856 0.1335897272558638 0.9858901557695119 -0.10086815914089022 -1.241858933249894 0.3311594665564744 0.05152212917998268 0.9421671178271893 24.483381857075422
0.930441701479904 -0.16349415875459566 -0.3279449652004257 -5.5721830896918005 0.13750992324124983 0.9853287345203953 -0.10108563665834205 -1.3502325600434808 0.3396605086808988 0.04895860477550226 0.9392730134849343 25.390889602849104
0.9263816435772001 -0.16785724040191957 -0.33710680397740067 -5.865193653510087 0.14230640287728497 0.9848274253458725 -0.0993168162334441 -1.4471912629911896 0.34866307252608975 0.04403281879771078 0.9362132090103166 26.220917877568542
0.9234533505916982 -0.16918808275346822 -0.3443970120880431 -6.132744571876072 0.14381082579333485 0.9847262140660475 -0.09814647072507333 -1.5321615775335928 0.35574197906011207 0.041105668530680387 0.9336797996899369 26.949380899593308
0.9203799667025319 -0.1718647319656106 -0.35123102197703915 -6.423375286621452 0.14659836726896078 0.9843769470725714 -0.09752407285464981 -1.6210463138107727 0.3625046697722961 0.03826930857061545 0.9311959108666692 27.734762801181468
0.916429102326641 -0.17585187403366773 -0.3594910552539995 -6.741943506385094 0.15005228244836158 0.9837395500380695 -0.0986955430753273 -1.7167734828487937 0.3710013651468471 0.03650501458352984 0.9279145278361752 28.556573304748646
0.9119649466112238 -0.18074257442222988 -0.36830973099228903 -7.064472325875843 0.1544187756727106 0.9829311972676196 -0.10000551563681413 -1.8141999698800533 0.3800983792021859 0.03432758700038045 0.9243088438928855 29.37703460111917
0.9081358774687472 -0.1853017281015187 -0.3754364095511507 -7.401083222593533 0.15860213250921076 0.9821513267938765 -0.10111446405217667 -1.915804313162719 0.38747205269231905 0.032280657360391644 0.9213161061995941 30.210917188497337
0.9041576778309642 -0.1896248142990258 -0.3828071621866268 -7.760636952291371 0.16278919016425383 0.9814106004052742 -0.10165093692546892 -2.024324912416629 0.3949665469188306 0.029591607158436645 0.9182187994159104 31.080081828234636
0.9013810330402501 -0.19331002360933136 -0.3874835068070013 -8.109627973183008 0.16681683895692384 0.9807766404916199 -0.10123894362542166 -2.127025727868025 0.39960527463449647 0.026616089835498576 0.9163008284652794 31.905354702392433
0.8979377829790364 -0.19702827362057473 -0.39355761623018964 -8.472465957040903 0.17136526817028797 0.9801488809546184 -0.09971016010585355 -2.231002312658336 0.4053907778472749 0.02209141366018917 0.913876516099892 32.75930775234837
0.8938754309847534 -0.2000131527845489 -0.40122494014580684 -8.846958760080852 0.17497977614469762 0.979630442719288 -0.09852042244105266 -2.3361658804165812 0.41275754605115716 0.01785873485991292 0.9106658408917239 33.61271249401933
0.890315967978576 -0.20275398389489796 -0.40771104863262997 -9.21312016513103 0.1783892382198362 0.9791301838575515 -0.09737228941759644 -2.435868070434898 0.41894481360880675 0.013960840727731974 0.9079043661512247 34.443022974887484
0.8863824164723744 -0.20713718660946756 -0.4140294647632084 -9.60096576263003 0.18341297930924289 0.9782625607224549 -0.09675764212532509 -2.540623013956661 0.42507163018660915 0.009825894985183624 0.9051063810393996 35.31195822366507
0.8839053028236664 -0.20939182326210284 -0.4181703958808836 -9.991689752578557 0.18574725593508737 0.9777986028450083 -0.09699406779249425 -2.643427484360331 0.42919619354415034 0.00805956731606057 0.9031753267344553 36.16095879237685
0.8806677116710777 -0.21343220503072732 -0.4229315257529865 -10.403324115193794 0.1898632082033673 0.976941198777318 -0.09766194910128323 -2.7487706385981214 0.4340234369141283 0.0057085889025572725 0.9008834931454729 37.05587534325563
0.8771242246456736 -0.21856660751024024 -0.42764673811592485 -10.804133058671034 0.1954711008780918 0.9758195497542922 -0.09781234604505343 -2.853990395481091 0.4386845600898585 0.0022009994990969603 0.8986384213575404 37.92387424481926
0.8743730460528332 -0.2229140530482118 -0.4310233187310279 -11.214838330505176 0.19993223677961705 0.9748381017307515 -0.0985787812375685 -2.9621692900072296 0.4421525495036633 1.9173008800422997e-05 0.8969398656542179 38.795074848683775
0.8720533765089451 -0.22731812021396314 -0.4334159442634042 -11.635451904438117 0.20375046240697525 0.9738204677433182 -0.10079407558546623 -3.066769872352612 0.4449816373607925 -0.0004108851118207746 0.8955395991161602 39.68716285064253
0.8706607972401027 -0.2320291855909384 -0.4337190717310395 -12.071443323970742 0.20878838112083062 0.9727058521019251 -0.10124592434073965 -3.1771374348439676 0.4453730886101803 -0.002404645644133653 0.8953418507034923 40.604612774694935
0.8693594153632194 -0.23669215641820598 -0.4338099007738542 -12.512006022967158 0.21408473761937988 0.9715718179930838 -0.10107387199497056 -3.2875164305975653 0.44540086667828005 -0.005002556517815317 0.8953172858772042 41.528642206317144
0.868505164162388 -0.24059114031362555 -0.43337591421980626 -12.958974737239071 0.21841662866127726 0.9706024900811326 -0.1011186559075355 -3.4050156865524785 0.44496399421470634 -0.006834431278034819 0.8955223807374111 42.472159791501774
0.8669847377301214 -0.2471025906797676 -0.43275602158997156 -13.386126509483454 0.22540674592116278 0.9689438478642374 -0.10168391504696278 -3.5200955529996123 0.44444264358437197 -0.00938772418602099 0.895758118689606 43.3656683577498
0.8667584169657425 -0.25169226954609425 -0.43055876262105763 -13.831710823637678 0.23027432725660404 0.9677492129056401 -0.10215280283493261 -3.6344140415655133 0.4423839744221737 -0.010604827733180118 0.8967630438433506 44.30945448866946
0.865803215735801 -0.25723445439887244 -0.42920301384270426 -14.270507752181384 0.23586991098548138 0.9662771456537386 -0.10331438853792216 -3.752671789568519 0.4413050834890158 -0.011786146841867996 0.8972797278604787 45.25466090937628
0.8645191400330509 -0.260850035472599 -0.4296090263372712 -14.706169452031546 0.23975141992965043 0.9652863384768483 -0.10364140770790407 -3.867703505663614 0.44173058888674527 -0.013399393415503308 0.8970476816189126 46.196114576992734
0.8623483651933499 -0.2647209662924382 -0.4315994752702494 -15.151204494514653 0.24481335735701953 0.9641661225133826 -0.10222577100268336 -3.9948968588520586 0.44319489742994683 -0.017507090069643932 0.8962543080450728 47.16176975859605
0.8590596653860978 -0.2680511366191069 -0.43607921237308567 -15.583601344025249 0.24942821853746364 0.9631467612923195 -0.10066717443806153 -4.116141788156185 0.4469922315923993 -0.02229135189531395 0.8942600519573298 48.07999166354167
0.8559799304533765 -0.271147575289092 -0.4402014891795338 -16.028338060084593 0.2524045544829699 0.9622413890099656 -0.10189921566148485 -4.235046311848711 0.4512098176428418 -0.02388517722392869 0.8920982001840915 48.996751503278446
0.8516870180717038 -0.2764815283796877 -0.4451821960871319 -16.483010474407525 0.25662846972563275 0.9607137453875343 -0.10569261066761476 -4.352124998288038 0.4569147095185376 -0.024229401319222882 0.8891804565650904 49.92052651760033
0.8465127766976132 -0.2818235700828784 -0.45165428618960124 -16.951670405212298 0.26041509841093013 0.9591622890453271 -0.11041593994054588 -4.475912371287926 0.4643275733868525 -0.024149091475035044 0.8853342453410508 50.860835945524904
0.8406634989528561 -0.2861113871720521 -0.4598099125278024 -17.431811400987602 0.2643897321799977 0.957818690901354 -0.1126118327610631 -4.604956972747714 0.47263405616410065 -0.026900362274524657 0.8808481250836429 51.81591084151833
0.8356925515998084 -0.28958180469448014 -0.46664798037759636 -17.918109298651178 0.26844573390072435 0.956654120083146 -0.11291493470061004 -4.73493375297611 0.4791188236242687 -0.030907489672076134 0.8772057226962597 52.75143221828891
0.8320575027198206 -0.2908066867584714 -0.4723471002390257 -18.42392270131147 0.27012296836590205 0.9561885963401765 -0.11285809758363403 -4.871123092872826 0.48447280019506744 -0.033687373978443555 0.8741574610478291 53.69592638975151
0.8289730216946946 -0.2940383128060809 -0.47575750115423426 -18.92277546441943 0.2723465148991476 0.9552040789825119 -0.11581253523457621 -5.002054256649681 0.4884988281712212 -0.03356543009295295 0.8719187214287919 54.62117512901348
0.8264393358076497 -0.2995564427187791 -0.4767221012869889 -19.406345829836102 0.2764333262554223 0.9535194194452483 -0.1199388714144016 -5.127091011973374 0.49049224292049154 -0.03265967492899948 0.8708333395480206 55.5153593430531
0.8236964089329135 -0.30587183791766354 -0.4774585266595344 -19.919489772025248 0.27981910196943177 0.9516286884966675 -0.12690196768818723 -5.263385742562533 0.4931789696287176 -0.02907332108623846 0.8694419163561032 56.46081361290654
0.8202821133804482 -0.3107555116979909 -0.4801752455275318 -20.419120038877413 0.28385415601608693 0.9500248836125552 -0.12992127858571093 -5.407499632508571 0.4965521851532834 -0.029727638087657944 0.8674976627941016 57.38599091127624
0.8161501337813665 -0.3138068471925169 -0.48520533981372294 -20.935285757354677 0.2872784369441514 0.9489170267428553 -0.13048975448066757 -5.557988094202885 0.5013681868602985 -0.032889801042147636 0.8646086988874361 58.311630431309965
0.8116910039038102 -0.31680983531680934 -0.49070280458558724 -21.44398000157133 0.2925287967535643 0.947658271198454 -0.12794805234574427 -5.709390701216966 0.5055537728585722 -0.03969041793296676 0.8618816934317435 59.23577296041449
0.8078644000050343 -0.31906808641194556 -0.49553069273045586 -21.928861932437897 0.29558552205413974 0.9467420078580614 -0.1277057935603088 -5.85029270756057 0.5098865661659345 -0.0433027342128156 0.8591510710307044 60.09237905475705
0.8051293800730688 -0.32284630943116815 -0.49753084510392986 -22.456144000768766 0.29863634277210765 0.9454404892726619 -0.13022525108276864 -5.999591549886058 0.5124285473301194 -0.04373261632402436 0.8576155561500732 61.01508531193011
0.8009651935514328 -0.32766669055761805 -0.5010881146246974 -22.990918557841734 0.30270427498892366 0.9437234462569501 -0.1332523128817484 -6.149046440401151 0.5165509467831279 -0.04495104986453 0.8550757407934871 61.93238329344991
0.7978458010682151 -0.33176348793251403 -0.5033637509720689 -23.49991931093416 0.30559190883370085 0.942299877416791 -0.1366913540633638 -6.298395287386501 0.5196688012313163 -0.044765266615462665 0.8531942381027039 62.80759024088134
0.7938793269720701 -0.3360720084603769 -0.5067654480484849 -24.03002064815556 0.30940162354231404 0.9406961211647956 -0.13914540227721756 -6.455220033603878 0.523475166130881 -0.04632939407025399 0.8507804286003116 63.71783374928054
0.7887593601640978 -0.342396117573934 -0.5105130462816987 -24.572122035429313 0.31637268106773636 0.9381840048811608 -0.1404247117111458 -6.617900424698744 0.5270360504059808 -0.05075107541168716 0.8483261931103045 64.64496312677659
0.7858043905854817 -0.3448731072434603 -0.5133945847365556 -25.107555761826124 0.31803001745455217 0.9372605676778718 -0.14282694519596392 -6.773984913687311 0.5304416723207529 -0.051040848115938946 0.846183469520156 65.54122346862584
0.7802751893867079 -0.34932683056077557 -0.518788390654514 -25.650036427286143 0.32168438335009236 0.9355071900798941 -0.14610083783980155 -6.941632070588898 0.5363672122121265 -0.05288726462187632 0.8423260359888015 66.44367707519469
0.7753400299223768 -0.35346828391600915 -0.5233622170786116 -26.180051424291882 0.32514931714098205 0.9338494013732709 -0.1490074398059946 -7.103071197857668 0.5414108971591922 -0.05463943466266435 0.8389807939500304 67.31002926769567
0.7723214176397426 -0.3570629973561673 -0.5253814269404358 -26.759287082643606 0.3279734856384475 0.9324456226833022 -0.15158678523181465 -7.2787011474303025 0.5440156436841737 -0.0552374570176698 0.8372549210181542 68.24217641610757
0.7667892976391908 -0.36244717677919186 -0.5297794041587399 -27.34390002732273 0.3329351331094578 0.9302039597274631 -0.15451469331017015 -7.457348800584547 0.5488063138916898 -0.05790196328399902 0.833941839986743 69.17879998354887
0.759517365580042 -0.3676897186544861 -0.5365982129844802 -27.931998817735156 0.33681265897895707 0.9280210621143732 -0.15916702241241887 -7.6426272781595745 0.5564985212324265 -0.05984295336875962 0.8286906641191434 70.11317625684887
0.7540672122189406 -0.3713720232308716 -0.5417245239213048 -28.523020212950833 0.34004177936966984 0.9263957203145993 -0.16174843945430686 -7.830739514609233 0.5619201257647425 -0.062239776222314476 0.8248466418167272 71.03558628952926
0.747816302216946 -0.3757619866628246 -0.54733326914941 -29.111697472276624 0.3448400526549746 0.9243250761634704 -0.16342732837658824 -8.02250867756994 0.5673236432791143 -0.06652881296552714 0.8208031437695096 71.95766806746087
0.7429019476402404 -0.3795434836500448 -0.5514013422282592 -29.71676061106799 0.3487568543100335 0.922550272895693 -0.1651352492711738 -8.216069228865305 0.5713714665295316 -0.06962569927024631 0.8177327859619068 72.87854660069104
0.7383351233882169 -0.38373729722142924 -0.5546232345408 -30.309340496366794 0.3526580161463342 0.9206376927266245 -0.16750690248085137 -8.406906469919669 0.574885701004155 -0.07191610009024409 0.815067178414621 73.76732645009491
0.7336977772370923 -0.38823880893454243 -0.5576362604013824 -30.877734579351234 0.356103045803948 0.9186571142376894 -0.1710547492168299 -8.590164750173596 0.5786866098731694 -0.07307348149341938 0.8122697051201216 74.60583860555211
0.7292595183205728 -0.3916593235619798 -0.5610557273621034 -31.5063241391472 0.35932033783748424 0.9170189443543532 -0.1731044497163038 -8.796309043405227 0.5822967025110161 -0.07536066588214695 0.8094759541101867 75.51953653149359
0.7250749887342982 -0.39422171101524334 -0.5646729170733897 -32.1470657786073 0.3614980046054019 0.9157731237147347 -0.17515358559866848 -9.009425648630243 0.5861616273505714 -0.07712864867201549 0.8065145492647722 76.45268784598433
0.7197269458447875 -0.3978813422955632 -0.5689319474928575 -32.76204061671632 0.3645005556516237 0.9140126640710076 -0.17810164190000455 -9.211118949811745 0.5908743253472707 -0.07919146021447465 0.8028675135254305 77.32797186329086
0.7151385750427738 -0.4032668359257831 -0.5709226545935964 -33.395424808765114 0.36972515877184114 0.9114104794091127 -0.18064950870231763 -9.419747571359975 0.5931948461146037 -0.08189503688050584 0.8008826864637622 78.24564403199986
0.7099965668044668 -0.4073424758890735 -0.5744362301095137 -34.02512549679552 0.3724208965583275 0.9095109254192875 -0.18464168638106326 -9.62953561426074 0.5976684289240667 -0.08283709241342885 0.7974524845957451 79.1352192225568
0.705981439842784 -0.4113423718225199 -0.5765307101455512 -34.67747485018944 0.37467870746405624 0.9077213041903981 -0.18883299524168776 -9.846223869455692 0.6010042202602026 -0.08270119142011731 0.7949556215079678 80.04430652635223
0.7011764572053675 -0.41529846558617123 -0.5795504812720816 -35.333604333592625 0.3775770961016437 0.9057975092606317 -0.19226650440647783 -10.071176748187927 0.604803366690679 -0.08401224136402832 0.7919310771403106 80.95545625791462
0.6953037788550955 -0.41982676807709135 -0.5833507863333767 -35.97355409742861 0.3822975474661989 0.9033467471858359 -0.19445626642023972 -10.293843853528728 0.6086059811661024 -0.0878073980636826 0.7885991507313028 81.84141612112535
0.688928932201599 -0.42488009386120834 -0.587242566761007 -36.656139974961164 0.3879796933431799 0.9005058313153431 -0.1963695631211602 -10.530055333000005 0.6122488741752793 -0.09255351753204191 0.7852293693332856 82.77573905699575
0.6840676061332136 -0.42932994943147357 -0.589684071991387 -37.329184992934074 0.3923603333579561 0.8980910448307581 -0.1987104526743151 -10.77050832186449 0.6149023329329695 -0.09543725538785156 0.7828070332065405 83.68268400782635
0.6802157086673779 -0.43317494070816986 -0.5913256805049232 -37.996251198296235 0.3961812143197593 0.8959871236259483 -0.20061784496056362 -11.00247573863745 0.6167228186975555 -0.0978087165797265 0.7810802902767223 84.58183679461484
0.6743670249678593 -0.43874918267928364 -0.5939093115402884 -38.6940413386052 0.4025729630650553 0.8927326597161377 -0.2023941888621612 -11.251409716933653 0.6190025242638516 -0.10260386432494223 0.7786580263379865 85.51646703092095
0.6701829999552158 -0.4425069680382959 -0.595854285718062 -39.34362012760636 0.4057528046229969 0.8906762053557926 -0.20508671032901749 -11.48496785466842 0.6214655325209915 -0.10432392079748892 0.7764644946408302 86.37531118390372
0.6658074804622246 -0.446736923395066 -0.597600636074005 -40.026793359894015 0.40956538554085986 0.8883114911930157 -0.2077471770715739 -11.728848348434033 0.623663846897759 -0.10643691037394873 0.7744124160825011 87.28033638004304
0.6613537689414857 -0.4530166383462145 -0.5978186327711668 -40.706135077679875 0.41507869095202005 0.8848926542623886 -0.21136383500973407 -11.968471762848223 0.6247566507244635 -0.10835550661576834 0.7732646452292972 88.1781879852531
0.6560512682253362 -0.45994071450537427 -0.5983738568823123 -41.37753820523617 0.42141082631283217 0.8809818484829377 -0.2151369287452115 -12.213255663417343 0.6261067392436086 -0.11102036652737174 0.7717932555353564 89.0717726026244
0.6493787647495304 -0.46570169071979717 -0.6011897829746417 -42.07361591545031 0.4276700445951581 0.8773372044622675 -0.21766433475034225 -12.47128558426597 0.6288128122488837 -0.11576426446471288 0.7688908129406895 89.99637043230354
0.6411481934446405 -0.4713370942531459 -0.6056156682448656 -42.75503603661429 0.43359476359481336 0.8736170292645883 -0.2208820209117834 -12.726636511976706 0.6331860508774906 -0.12097367382995619 0.7644872760316234 90.88755443871683
0.632364279548935 -0.4759378930881587 -0.6112270771762006 -43.46660017513854 0.43683811358557356 0.8706820638997314 -0.22602036660952057 -12.999237629047647 0.639756110146323 -0.12408007707165963 0.7584960474546569 91.80262683383654
0.6232620111651243 -0.4786000507304885 -0.6184548947814859 -44.19361674777888 0.4391393873980457 0.8685821750151637 -0.22961185440128543 -13.280464013012221 0.6470711428228537 -0.12847955746616566 0.751526406348589 92.70985331236609
0.6136512378527887 -0.48201607584372236 -0.6253740168171038 -44.91270061050626 0.4419013169676829 0.8660357140895649 -0.23389178690925638 -13.56240062680799 0.6543358345253358 -0.1328256170683822 0.7444474266907207 93.5865801930321
0.6061036216124072 -0.4850048889383863 -0.6304035672283174 -45.65771278994695 0.44250097193863197 0.8642108784274505 -0.23944195004430724 -13.85557131095257 0.6609321369866122 -0.13382755812431946 0.7384164780019415 94.47950440229327
0.5968761824783265 -0.4894327455208129 -0.6357628570481756 -46.414923510073486 0.445515310425278 0.8611829645362549 -0.2447039226682235 -14.155748539045424 0.6672742546860083 -0.13718414341499868 0.7320693818407689 95.37889283734665
0.5887748054736885 -0.4932206519268695 -0.6403730295322051 -47.166372854944946 0.44764062992728093 0.8586282238925982 -0.2497507549004604 -14.456509476004618 0.6730245871271924 -0.1396100341948121 0.7263242688182711 96.25082659832209
0.5796782679259866 -0.49652852700170813 -0.6460901853207819 -47.93859647321505 0.45084155517871904 0.8559147702632384 -0.2532820525999862 -14.76848788777461 0.6787598970316104 -0.14446220238782942 0.7200108848225114 97.1388588159729
0.5716599229385053 -0.4983873659604185 -0.6517783104376659 -48.71210059862676 0.45267917062894597 0.8541134426683068 -0.2560699036044319 -15.08813128238187 0.6843146213435981 -0.1486615636414782 0.7138720042914128 98.01091080447034
0.5637282259580034 -0.5013917407987796 -0.656366368362222 -49.47569317979828 0.45470429428979076 0.8518005019606589 -0.26015362694760436 -15.401130804534239 0.6895320819314109 -0.1517966637259837 0.7081689635030577 98.85074436738387
0.5565483780006425 -0.5048267638717742 -0.6598513782842361 -50.25585052839487 0.45538718182129684 0.8496467514337062 -0.26593779801112744 -15.719503468834942 0.6948930979493977 -0.1524806094456013 0.7027611586914767 99.69938611863637
0.548291486100326 -0.5075918371865419 -0.6646254381916836 -51.04905968531814 0.4563439557226209 0.8475788085257752 -0.2708511720732595 -16.051781309837285 0.7008042810552222 -0.15479240989021065 0.6963567113879598 100.55091435413708
0.5404412894763548 -0.5101057512996577 -0.6691153376811405 -51.87160213878991 0.4560686769338987 0.8458972878913683 -0.2765124594982855 -16.393825237156946 0.7070534453270829 -0.15572379660488483 0.6898010761241697 101.41897436386984
0.5334812458677217 -0.5126381038082037 -0.6727554792280424 -52.69589183212414 0.457818837413858 0.8438194617059115 -0.2799475453640726 -16.740704936005116 0.7111959451631085 -0.1586533660855492 0.6848572384178164 102.27533413384235
0.526192917161292 -0.5151364816697949 -0.6765762478702272 -53.51718548556407 0.46040508586190987 0.8415100574873235 -0.28264461795719553 -17.09722174543687 0.7149462712972056 -0.1627735494499851 0.6799680880436053 103.11854379725705
0.5195471791389494 -0.5168073383857642 -0.6804270009629123 -54.34869117717983 0.4622432034478119 0.8397506811068132 -0.2848684160221145 -17.458288482447596 0.7186111253766292 -0.16652017466741365 0.675180777209829 103.96569224641217
0.5147036512045691 -0.5194398758428224 -0.6821014344077271 -55.194351012737876 0.46483356087904704 0.8375666739379735 -0.2870746024798882 -17.829200809033527 0.7204234255749814 -0.16930529257195082 0.6725517123537309 104.81682373991133
0.5094006696325045 -0.5235557983017852 -0.6829350509693702 -56.02778224095691 0.4679083535629073 0.8345678628935136 -0.29078902127040995 -18.187693614119297 0.7221999241512044 -0.1714228931325508 0.6701055597934259 105.65346495094764
0.5042608450976497 -0.5270082537302011 -0.6840930496662339 -56.87262050215988 0.4691936415577822 0.8322596198815844 -0.2952985808233901 -18.562845966370546 0.724967810887595 -0.17206459721512973 0.6669448609608171 106.49054380189973
0.4985038534762503 -0.5303629436411313 -0.6857179129070813 -57.71415084293099 0.47098029853445017 0.8297831119397296 -0.2993952997827762 -18.93356542243276 0.7277853161899664 -0.17370991667700614 0.6634405763791797 107.31748554781818
0.49334281713528816 -0.5340831362411799 -0.6865625014256189 -58.57856470184051 0.4733468734162632 0.8270398088810064 -0.3032291080241417 -19.32136451910717 0.7297640729770587 -0.17538631106461472 0.6608207318805006 108.16711030657476
0.488543055011643 -0.5372550968763833 -0.6875191955721955 -59.44349007326572 0.47677636617736713 0.8242884903898563 -0.3053404350319772 -19.718809121320838 0.7307598648356353 -0.17862095479299173 0.6588509501049871 109.0138175399522
0.4838739149587767 -0.5382702065843089 -0.6900226221843399 -60.27378120498648 0.4785982359639437 0.82287788693433 -0.30629350585132187 -20.100023608782816 0.7326730259499582 -0.18203617194991178 0.6557843160271175 109.81489923344334
0.47820887570803955 -0.5406690660096904 -0.6920933696072097 -61.14133273436057 0.4830504161737352 0.8200577541967092 -0.3068673576909588 -20.497033717906152 0.7334702220461536 -0.1875692961069551 0.6533293139983138 110.65577378590106
0.47400267695193044 -0.5428400235960718 -0.6932864999584374 -61.96981766558809 0.48712265462198734 0.8175590683475658 -0.3070971981583171 -20.881555535486626 0.733507315298513 -0.19215066626186056 0.651954860292253 111.45304102489604
0.4708991684857768 -0.5460073755289097 -0.692914077636929 -62.778908926686654 0.4908007714900015 0.814818307000952 -0.30852184571099905 -21.25563181835155 0.7330542789072466 -0.19480008327548104 0.6516781043825566 112.22969582985596
0.4661835752133462 -0.5473069415209892 -0.6950740866729554 -63.62509095065116 0.4934486180189129 0.8129666275901093 -0.3091823471674762 -21.648405580323868 0.7342896809682999 -0.19884761549413982 0.6490595429047842 113.04065810495767
0.462848818535848 -0.5492543570629816 -0.6957662124789478 -64.44983084271615 0.49644799026172304 0.8108761542431175 -0.30986973947933033 -22.030350147864517 0.7343775351582221 -0.20198889505916556 0.647989291676731 113.82895037539902
0.46163425352369375 -0.5514441480258206 -0.6948403900045673 -65.27286325926063 0.5003881441076831 0.8086581362841886 -0.3093278581987912 -22.410556932973535 0.7324653720211564 -0.20489355829176212 0.6492404089090956 114.60818282203844
0.4560570746939713 -0.5544145413295264 -0.6961583591281142 -66.09379890523067 0.5057155566366963 0.8051197463557079 -0.309893481383131 -22.786072906766478 0.7323002938666718 -0.210728997507442 0.6475566146772764 115.39385780588154
0.45278687053237676 -0.5564484873893482 -0.6966700300397624 -66.86850090397698 0.5108745084203786 0.8022874562231391 -0.30877511919395534 -23.14024322714437 0.7307470742464408 -0.21610163920968134 0.6475405740269529 116.1329941141792
0.4521497156048733 -0.5574229440503492 -0.6963047437183477 -67.69565844917648 0.5135398504266312 0.8009789714533082 -0.30774910123897065 -23.523807779098693 0.7292718674830573 -0.21843156533761804 0.6484213094600858 116.91342545870666
0.4482817747725899 -0.5602860188904886 -0.6965077368145915 -68.49883202579392 0.5176233393585461 0.7979605563405753 -0.3087475167121957 -23.892076372287054 0.7287726181450871 -0.2221227758706592 0.6477282944888763 117.6757463420016
0.4480652369866859 -0.5616784830864308 -0.6955248558044429 -69.27846599904696 0.5191180019956672 0.7968568809936541 -0.30908835503313936 -24.253686143696946 0.7278420456445833 -0.2225677264357784 0.648621279130678 118.41593069715036
0.4444303349478737 -0.565123936499161 -0.6950659060648947 -70.08504448679668 0.5238161817040327 0.7933735212116739 -0.3101210467304623 -24.62250579653952 0.7267037120884472 -0.22625956827476237 0.648620322377421 119.18349869859418
0.4428711159349574 -0.567951947640668 -0.6937548268961431 -70.84885645952016 0.5281781667765193 0.7905234824786018 -0.31000072224189945 -24.9739527129654 0.7244949957115792 -0.22913578686245348 0.6500798353800888 119.91799887893343
0.4449847132734919 -0.5696162851343299 -0.6910324830734614 -71.6291768891715 0.5311806033010128 0.7891266095860838 -0.30842561618637365 -25.33553053528956 0.7209963742139623 -0.22981836687466475 0.6537184000908816 120.66304762987495
0.44829765477403816 -0.5721066663115791 -0.6868210648239822 -72.37783799230291 0.536079098851198 0.7869183803081043 -0.3055792246016689 -25.682194623657043 0.7152960313737137 -0.23119996776626334 0.6594680905137822 121.38968979964399
0.4521611001047384 -0.574649703881678 -0.6821495857806942 -73.11316656499461 0.5420425797319808 0.7844035025311024 -0.30149790542297045 -26.013887681914273 0.7083362064087732 -0.2334284966443449 0.6661613585647167 122.11190957411645
0.4546238145014773 -0.5760572372012629 -0.6793196940735449 -73.86540044693218 0.5452463874914522 0.7830813298963257 -0.29914880527142895 -26.357658248851642 0.7042894037365945 -0.2343964381893421 0.6701005488346524 122.8692480376763
0.4579829925158293 -0.5775234327498664 -0.6758093393783906 -74.60545114855368 0.5503892892924576 0.7812048181667922 -0.2946025497261232 -26.68942760380468 0.6980853878992093 -0.2370352646713143 0.6756412320927511 123.62038915890135
0.46202807427779435 -0.5786879276786983 -0.6720493590042975 -75.32817759317307 0.5559388433924148 0.7793959014192099 -0.2889187277738184 -27.01500892211358 0.6909862958023534 -0.24012977993133527 0.6818178846315719 124.36309268587755
0.468399249626847 -0.5795768510529753 -0.6668529198200485 -76.08380857442266 0.5602055177432723 0.7784753350669502 -0.28310056619934904 -27.34802461904155 0.6832070848864195 -0.2409705924296925 0.6893194127145152 125.14941915271716
0.47320371398624594 -0.5825063293017305 -0.660881699998606 -76.78825619674407 0.5662737661878186 0.7757994159203014 -0.2783330522686504 -27.65690600927278 0.6748424014516925 -0.2425317352041653 0.6969692178437795 125.90410098516287
0.4800268174317266 -0.5842800877945475 -0.6543630747170593 -77.49319888361354 0.5709465146203623 0.774399698655743 -0.2726264553647628 -27.95940157409779 0.6660287771479761 -0.24273830708952893 0.7053253024541806 126.6655856310519
0.4863230464495037 -0.5872114884278601 -0.6470491189627039 -78.18413964412277 0.5780234887336608 0.7715368885244817 -0.26574362855603817 -28.250496635707282 0.6552699756316032 -0.2447723381109458 0.7146382032409543 127.43967176528759
0.4924285765099736 -0.5905671864104318 -0.6393312876526751 -78.85142315027946 0.58378555219932 0.7689351788467446 -0.26063982768422056 -28.531973178612756 0.645529647715499 -0.24488586947227362 0.7234102465773571 128.2006881505594
0.49801806323965037 -0.5929242969671381 -0.6327865254199498 -79.56312186366199 0.5892293177619506 0.7667626395412293 -0.2547231157424732 -28.822436145957404 0.6362285908200087 -0.24599965989771647 0.7312300236952761 129.0278722588525
0.5041469547044304 -0.5943925896216381 -0.6265247780137126 -80.24769119042638 0.5947633402997069 0.7649676552854433 -0.2471458180965768 -29.103384587513204 0.6261728332479652 -0.24803615819064387 0.739179035912303 129.84031322413878
0.5110803976910707 -0.5955216368001985 -0.6197990054838339 -80.9125503469425 0.6003956192994566 0.7633510024599165 -0.23837018976680563 -29.37133342559508 0.6150787977340458 -0.2502982763549387 0.7476823158479728 130.64453446588186
0.5158877239564499 -0.598400452340897 -0.6130063253419524 -81.58429568800123 0.6061576705935814 0.7606366760434952 -0.23238916807387183 -29.6366322061063 0.6053368769962697 -0.2516917672386464 0.7551281478349818 131.47573185831962
0.5244574275228551 -0.6002888207822263 -0.6038192928020714 -82.21604001782555 0.6112038538794731 0.7591585670013081 -0.22384842896790733 -29.879888762009724 0.5927682985104628 -0.2516577075958628 0.765045189834304 132.28356256740844
