1.0 0.0 0.0 0.0 0.0 1.0 0.0 0.0 0.0 0.0 1.0 0.0
0.999939872315703 -0.0026007714451684156 0.010653062524251933 0.006916990503668785 0.0025972034520391793 0.9999965664488708 0.00034874732672086315 0.0017803465016186237 -0.010653932958505986 -0.00032105818658892626 0.9999431937036006 0.2451348751783371
0.9998284224408309 -0.004154784086921043 0.01805168824987337 0.01581574296958828 0.004145676998907997 0.9999912598190208 0.0005418927832881328 0.0017463104494331706 -0.018053781922363905 -0.0004669633378780871 0.9998369081522951 0.4801442302721018
0.9997214323393311 -0.005994034479764014 0.022828256001104295 0.02436060651933416 0.0059911243992896174 0.9999820338706926 0.0001958679797672578 0.0022373488642765484 -0.022829019905129318 -5.9046495760888495e-05 0.999739382221028 0.7173901966016949
0.9996831368855302 -0.0071239011426608295 0.02414282210546196 0.02549750145554294 0.007146750636098785 0.9999740916035761 -0.0008602772508211833 0.0006027060622777569 -0.024136068073565928 0.0010325473899316106 0.9997081494435442 0.9699557757219917
0.9997223125794216 -0.008314996090622051 0.022049003852016708 0.019362445810792092 0.008335387802486495 0.9999649130191993 -0.0008330910438186814 -0.0006979393100689196 -0.022041303070269396 0.0010166467026806942 0.9997565440588256 1.2270339462451034
0.99989354555017 -0.008956755827207983 0.011518424031185021 0.013444669618421053 0.008994275205804574 0.9999543994789082 -0.0032096691883242547 -0.0027425092230147713 -0.01148915056184111 0.0033129273804303055 0.9999285094103175 1.4764603300702501
0.9999572188487251 -0.008499224758448191 -0.0036501576443005576 -0.003263241379572252 0.008485604406842715 0.9999570366844684 -0.003730858221276369 -0.0027341291019225772 0.0036817102239904776 0.0036997248170742717 0.9999863784302787 1.7536450051278145
0.999740390375663 -0.004294370598186586 -0.022376555424878798 -0.03318885213706801 0.004229097496548685 0.9999866660018492 -0.002963537222843463 -0.007711625849959946 0.02238898358304655 0.0028681352255295932 0.9997452211510922 2.0584874163358
0.9991909553140135 3.791738884017755e-05 -0.040217326874631025 -0.06980247069843043 -0.00015271714019364876 0.9999959230422912 -0.0028514165376482717 -0.012115334518208398 0.0402170547920206 0.00285525148939748 0.9991868874453808 2.374227275817083
0.9981748227488454 0.0006104512758269687 -0.06038750350487356 -0.10685240724358727 -0.0008038264292457082 0.9999946270844973 -0.00317799704360752 -0.012846283436945254 0.06038523903556995 0.003220737707012676 0.998169950336735 2.7032699712553883
0.996594857153446 0.00014271248696441467 -0.08245404980017078 -0.15130929810856808 -0.00036069449260520896 0.9999964796779766 -0.002628788910777917 -0.01675566052891422 0.08245338437436019 0.002649578230679198 0.9965914002942299 3.0333640815728202
0.9947097265513909 -0.00027852886913063595 -0.10272527598272159 -0.20389444542208568 0.00012211952985977548 0.999998823799181 -0.0015288842582206054 -0.01995193812365231 0.10272558099557132 0.0015082512800156187 0.9947085905868104 3.365634069741373
0.9926898033415545 0.002049857484335945 -0.12067622974720306 -0.2693331963287588 -0.0021395903815710745 0.9999975225655391 -0.0006140161100501691 -0.020440252780989196 0.12067467213423418 0.0008677252319856253 0.9926917298729838 3.723316491061623
0.9905395748291607 0.004213958454801324 -0.13716265253853627 -0.33704334369932576 -0.004322016653410216 0.9999905399903928 -0.0004900018067291836 -0.021123852520661898 0.13715929013126915 0.0010781854498005186 0.9905484171138847 4.065217138046267
0.9885735082195952 0.006351012993456965 -0.1506057219376436 -0.411731196723595 -0.006325598846678893 0.9999797833609364 0.0006478183737853274 -0.02535463075433827 0.1506067914990316 0.00031225529852992625 0.9885936965462584 4.447348687895877
0.9868193941211493 0.006452105987407244 -0.16169679562284275 -0.4902403049824616 -0.006470133550753408 0.9999789823193362 0.0004150800169419784 -0.02578710339508023 0.16169607527149052 0.0006365908515781921 0.9868403994536727 4.842555580013714
0.9847714409652709 0.00566161595236418 -0.17376177705120283 -0.5655509370825109 -0.0058948361042807885 0.9999822840476449 -0.000826134467873682 -0.029512005721646504 0.17375402143975732 0.0018378508272644625 0.9847873690994666 5.213262091773003
0.9831114004208827 0.006489059501801027 -0.18289304653067875 -0.6570986610652944 -0.007011682837566503 0.9999729734695649 -0.002211025604203803 -0.030988321777229908 0.1828737560894846 0.0034560725135846407 0.9831303295578389 5.648663812650136
0.9819433184964611 0.005766508495705185 -0.18908745764837614 -0.7399336408945055 -0.006599353879556739 0.9999710976462574 -0.0037752351597805005 -0.032700822822511265 0.18906022265016476 0.004954921988106715 0.9819529932535274 6.085547810865732
0.9803140095461728 0.005986776613804707 -0.19735399968909334 -0.8354342162654708 -0.007250794040185807 0.9999575647224116 -0.005682846136473732 -0.03682526885211735 0.19731160298698364 0.0070019468864330504 0.9803158185332452 6.522862345406852
0.9784858776939933 0.005217239812162657 -0.20624783044230566 -0.9373356557989396 -0.006611488373691195 0.9999597121940302 -0.006071425723567751 -0.03982243191100018 0.20620784508572954 0.007304409461047415 0.9784809503651695 6.970869747807687
0.9771875912619664 0.002184580479780152 -0.21236675608899747 -1.0327830565948521 -0.0038009588857135855 0.9999668320273084 -0.00720330179974447 -0.04458585428605109 0.21234397612172917 0.00784617444341193 0.977163483431211 7.412174136896734
0.9747810096806387 0.002331198901783014 -0.2231514030376569 -1.1489888780669404 -0.004413520135420976 0.999951246940368 -0.008833152462030085 -0.05110081859076954 0.22311993188867885 0.009595272486154847 0.9747437749172383 7.9001871202658
0.9722797014609951 0.0050179624353095375 -0.23376698265562681 -1.2816455525304762 -0.008019474874826044 0.9998971406203241 -0.011891013498936068 -0.0552509930152006 0.23368326886974675 0.013436079498784916 0.9722199347977041 8.399929964755781
0.9699071619218296 0.00770951455019476 -0.2433529548580463 -1.4224410164434411 -0.011443982058582372 0.9998373999506074 -0.013935886575752125 -0.0645448489044134 0.24320594673524093 0.016301443046850755 0.9698376825155876 8.911502354329254
0.9668215690432457 0.008485090018181037 -0.2553116857492821 -1.564291171863632 -0.012510385071395354 0.9998216693571109 -0.014146368768193711 -0.0737260999459557 0.25514612263979675 0.01687106195068001 0.9667553068747718 9.423685833208456
0.9638696047910196 0.008738109647437726 -0.26623115970861405 -1.705222546304074 -0.01332169651753045 0.999792426064831 -0.015415485243566385 -0.08548306800142468 0.2660411948588019 0.018405168382526458 0.9637859370290232 9.915693285402257
0.960464442508245 0.009434210453954279 -0.2782427902937232 -1.8641724755252898 -0.014669928956708139 0.9997522347802977 -0.016741034502258178 -0.09579052665086099 0.27801591296494427 0.020160970336547856 0.9603648720217528 10.42872351646519
0.9576626065083037 0.011555753274192464 -0.2876609056892999 -2.0300544057449095 -0.017696718035703836 0.9996674505415066 -0.018756718759147997 -0.10228955802609026 0.287348496196669 0.023053262114307593 0.9575486352344733 10.959229016478245
0.9547908828199444 0.011842082831652483 -0.29704231206701837 -2.2045987710735044 -0.019437388606643822 0.9995549546614462 -0.022629196536975933 -0.11646233525801476 0.296642137950875 0.027379877391307872 0.9545961367541623 11.50010961021592
0.9521372729269288 0.011564621880167717 -0.30545191605887806 -2.3854538548713684 -0.020771540925320107 0.9994220561124378 -0.026909047615533453 -0.13139343206651807 0.30496418903021855 0.03196581418884932 0.9518272060265903 12.038295041084101
0.9506661603780204 0.011799742244862549 -0.30999131858016105 -2.5657462311713877 -0.02287004872565259 0.9992229230655405 -0.032101571482459415 -0.14410543643624016 0.30937164120746163 0.03760739426378783 0.9501972803125095 12.559811309369753
0.9494754232759114 0.01024294264352359 -0.3136741983667617 -2.768675543143574 -0.023190995440237307 0.9990246705461364 -0.03757506314930892 -0.1617049935858943 0.31298338346551235 0.04295101589235284 0.9487869159660113 13.15167924209579
0.9483924182463828 0.009640743194330469 -0.316952483952152 -2.986265370774709 -0.024271907910583777 0.9988123663791014 -0.0422460797537432 -0.18887369246739427 0.3161687769201101 0.04775890324159948 0.9475000747556704 13.788369024934816
0.9478192038335419 0.0077703757852265794 -0.3187136302458799 -3.1963767611795313 -0.024079397956334826 0.9985921874027559 -0.04726336691603796 -0.21588274776729388 0.31789768706049365 0.05247155913765036 0.9466719579892778 14.395416118503384
0.946890145436569 0.007734474451760492 -0.3214641976644804 -3.4115172536434395 -0.025758993615365596 0.9983223735351633 -0.05185472733552383 -0.2486862854621175 0.3205238317552014 0.05738132452351576 0.9455008497473126 15.007644652311857
0.9463311625114104 0.007952680752670246 -0.3231007361932946 -3.6181761335907874 -0.027574220822107403 0.9980388623171239 -0.05619690072232574 -0.2770480223980323 0.3220201751534467 0.0620901294376762 0.944694565783331 15.595541907049046
0.9456565442580781 0.007833064744590557 -0.3250728278379733 -3.846576352593253 -0.029223190298414865 0.9977116630936229 -0.06097083299201073 -0.31555050193629297 0.3238513632064133 0.06715713233651423 0.9437214706287463 16.227858815231684
0.9445912759358372 0.009134561503283622 -0.3281217475450994 -4.082664865572902 -0.03194586057219205 0.9974257309398622 -0.06419792248495251 -0.354948189252843 0.32669065401111375 0.07112292911027102 0.9424514552678914 16.872162769882816
0.943742445297884 0.008991797818466006 -0.3305591392098583 -4.3161732764661 -0.03289362282014249 0.9972250628477537 -0.06678460605603827 -0.3978524773143493 0.32904134469840846 0.07390075507250148 0.9414193921301907 17.517683063677033
0.9420604182590887 0.010636886429000516 -0.33527455166864023 -4.5577260767453325 -0.03513922679267632 0.9971272815869926 -0.06710006747647533 -0.442263463111795 0.33359766649352335 0.07499360614099863 0.9397279159139869 18.174921583039946
0.9402348343965264 0.01157153633200806 -0.34033006880711225 -4.793748046089762 -0.03667365799768307 0.9970505643238747 -0.06741820963591579 -0.48517804944073784 0.33854615489827344 0.07587009772209556 0.9378860427979693 18.794024664380455
0.9383597603403311 0.011808155928742849 -0.3454584311137871 -5.041206605368109 -0.03725141744592815 0.9970502910080455 -0.06710476211895282 -0.5303677641196369 0.3436470457785224 0.07583722472727057 0.9360317426633351 19.441432362550675
0.9348784896438161 0.011236496187980602 -0.35479000937838534 -5.339378136019845 -0.03698218985988121 0.9971427514424154 -0.06586843613611384 -0.5854155779282494 0.3530361557042918 0.07469989557735074 0.9326228596631481 20.222882469818632
0.9310062739987444 0.00934503421970213 -0.36488352677314395 -5.627906698115157 -0.03480492906400366 0.997389913388299 -0.06326118544677528 -0.6429180842740283 0.3633399712223041 0.07159630581750859 0.928901520240688 20.956440664511735
0.927250076689093 0.011022664007265167 -0.37428037105658396 -5.878514051981864 -0.03592417985874549 0.997574485103194 -0.059620466054651614 -0.688730771191201 0.37271537207572714 0.0687287970888499 0.9253969979793386 21.55320559873734
0.9239863064292083 0.01243490280406452 -0.3822233361839158 -6.159439572501272 -0.03777039492025209 0.9975518831329553 -0.05885267815030137 -0.7312973696186653 0.38055578145506797 0.06881579506296671 0.922193951157225 22.206616730064336
0.9202281183287802 0.012294014647983676 -0.3911892987300495 -6.458712063244681 -0.03813878171845393 0.9975664414428289 -0.058366327930779824 -0.778223125753432 0.38951976017412115 0.06862981940036246 0.9184575680579746 22.90416837935589
0.9157900416605607 0.011738297231278574 -0.4014857556295852 -6.769351419746864 -0.038958396760110835 0.9974557538108555 -0.05970144480245023 -0.8254791146932888 0.39976348372160087 0.07031522998418183 0.9139173515778335 23.61455454197788
0.912267493488172 0.010733549125454267 -0.40945428468631234 -7.085851835232171 -0.03916994690340561 0.9973611907921032 -0.06112585673299388 -0.8718945468780406 0.4077177155635902 0.0718014346996602 0.9102806261756196 24.312751327198086
0.9085700784329273 0.009692823148159736 -0.41761999683420686 -7.419546759029681 -0.038738535261739114 0.9973777633991386 -0.061130376759078106 -0.9249178893074297 0.41593237246235043 0.07171921817999928 0.9065630784901237 25.035526565267787
0.9053375617776253 0.009137010100985764 -0.4245944115046258 -7.743735474375969 -0.03905501439598112 0.9973233525184381 -0.0618129142810249 -0.9748324264087898 0.4228931367202295 0.07254409395531872 0.9032711383339598 25.713940996905443
0.9017257689356373 0.01054668036982124 -0.43217982966655316 -8.089116118183549 -0.04060011172325665 0.9973499322573597 -0.06037171154025374 -1.0296635587836585 0.4303978026959398 0.07198527737959586 0.8997643309639974 26.431829345331117
0.8980849369265531 0.013647559981728754 -0.439610270776485 -8.457811821828352 -0.04338843876586529 0.9973921167518721 -0.057675027721543815 -1.0816857244785698 0.4376766951153444 0.07087107694797085 0.896334982584717 27.170550954821547
0.8959248019894399 0.014622124987959171 -0.44396502411903954 -8.820395972875996 -0.0437840690248484 0.997498018442111 -0.05550368009140737 -1.1357875926714927 0.4420426500687577 0.06916571885622588 0.8943234307873698 27.901549234633514
0.8936667512785069 0.01576626387928507 -0.4484541922901469 -9.197103090884509 -0.04492716510116805 0.9975046944533691 -0.054460392758988875 -1.186756627004265 0.4464765251335076 0.0688172178076075 0.8921451132175352 28.645903561613185
0.8915816378066401 0.015377620582197974 -0.4525988421452922 -9.573510069850569 -0.04506263146709275 0.9974756361197666 -0.05487909066965256 -1.2320728632973856 0.4506124081417312 0.06932448436661412 0.8900239173730181 29.373355940741302
0.8897575373407318 0.01592990709470865 -0.4561554151879708 -9.972155426119029 -0.04551693506368579 0.9975057779946616 -0.0539484150802689 -1.2828466389738247 0.4541582690734192 0.06876380535731516 0.8882633650584814 30.14428416905855
0.8879287080396664 0.015045279221960544 -0.4597349769292545 -10.383644738088318 -0.04497391409062908 0.9975158140498003 -0.054217596515642855 -1.3369255450635318 0.45777719088043006 0.06881744178402431 0.8863995731135732 30.938980244030503
0.8866078939203583 0.015445290870827508 -0.46226386991416746 -10.786690945884319 -0.0460787183764081 0.9974197132777187 -0.05505149659892297 -1.3903589783327033 0.4602208102105928 0.07010961813409833 0.8850318905520843 31.700475406767058
0.8852597238795825 0.014454717729646547 -0.4648723291528563 -11.203821715997893 -0.04582883122209759 0.9973637796751014 -0.056260192152287475 -1.4442144942496455 0.46283359807328356 0.07110943768271591 0.883588427021872 32.49346086542552
0.8847287090924822 0.012994550791865647 -0.4659251581072517 -11.62319324894653 -0.04523440331649499 0.9972866060813466 -0.058079894002570215 -1.5007664221103232 0.4639061974840933 0.07246079616224727 0.8829158923450086 33.29155242853772
0.8846767516883133 0.01279310588475865 -0.4660293783271996 -12.059767153264794 -0.04496017237042858 0.9973052928039439 -0.057971853909128346 -1.554935897469976 0.46403192554245243 0.07223911258495166 0.8828679871250871 34.115850850530194
0.8847678847309627 0.013486224358371803 -0.46583678676254625 -12.489184733494813 -0.04558756096015834 0.9972918410155266 -0.05771272069107363 -1.613055181748278 0.46379689998360507 0.07229872472193193 0.8829865967098144 34.92568631442692
0.8844895378154285 0.01391979555908041 -0.466352331168874 -12.91084860242142 -0.046481643048287544 0.9972109876656419 -0.058392661683181746 -1.6689313293862857 0.46423885485230687 0.07332452093609848 0.8826697005533328 35.720700740413584
0.8844801784726954 0.012032337791422324 -0.46642259458154683 -13.347540803686744 -0.04516925645510628 0.9971800651598475 -0.05993042565421517 -1.7286869249327477 0.46438621013139675 0.07407523536969479 0.8825294937534511 36.5469614845297
0.8841371347804603 0.010288711756251599 -0.46711419301129675 -13.792308059123036 -0.043840095860184114 0.997173606785304 -0.06101511227358246 -1.7908828657101707 0.4651661777227232 0.07442405754314109 0.8820892736915279 37.39085313038101
0.8834708593164952 0.008609682187029993 -0.4684069962235966 -14.231028393011616 -0.04219974000293909 0.9972291225902802 -0.061263847426561074 -1.850992130773256 0.46658163560330834 0.073891477387172 0.8813861962200696 38.23112866821495
0.8825036647481477 0.009885538236345689 -0.4702016140336685 -14.669214888601305 -0.04311892052770698 0.9972689502388953 -0.059961650927382405 -1.9137908716410776 0.4683247168350337 0.07319096271528144 0.8805197570629497 39.05298057476266
0.8808780181306356 0.009767931706316763 -0.47324254318945613 -15.108341784809191 -0.04223572733178661 0.9974210648486976 -0.058028981835329924 -1.9755937735902513 0.4714552582281786 0.0711041975291952 0.8790188465458125 39.861038214408744
0.8786025479272497 0.009726682992261954 -0.477454662155176 -15.568921915405593 -0.04235837137963766 0.9974391553287657 -0.0576272486858732 -2.0376060070843307 0.4756714529481561 0.07085564942195381 0.8767645897247354 40.699643720720836
0.8746667467352811 0.007174538063308374 -0.48467164984048533 -16.037681264023398 -0.04079918752686268 0.9974319465848311 -0.05886372591964196 -2.101446244888972 0.4830046671127182 0.07126035318164635 0.8727132711330564 41.55286418565827
0.8703008029552328 0.005059509381874289 -0.492494582447657 -16.511722509853037 -0.03994672235703191 0.9973779527203992 -0.06034466670879533 -2.166838803634491 0.49089792396017273 0.0721915562381094 0.86822094391895 42.393547760549254
0.8659658373988973 0.004184821399136389 -0.5000856483922371 -17.023396558411022 -0.03968962989553569 0.9973859800957193 -0.060381619614392076 -2.2381840015779066 0.49852572825961783 0.07213663409363559 0.86386827947602 43.275130954476275
0.8624761638461941 0.00616780166298966 -0.5060601002053008 -17.516676029837967 -0.0410738407784398 0.9974802845568365 -0.057844805506803425 -2.3006761123984396 0.5044281974680443 0.07067559793209083 0.860556304640249 44.10313799444402
0.8590555167960288 0.00869590485673295 -0.5118085582530161 -18.009600689278646 -0.04334607979186535 0.9975002212405627 -0.0558070424920185 -2.3641401432072833 0.5100438573583506 0.07012624233303368 0.8572850014477469 44.92445347671483
0.8564764007320353 0.009234091386171962 -0.5161035812173462 -18.52521820160009 -0.04462786126905765 0.9974208235221662 -0.05621436473814844 -2.4298521746230852 0.514253370419337 0.07117887580339877 0.8546794946947754 45.76742015723626
0.8552281319346455 0.006668610399940215 -0.5182088111783805 -19.010280058938896 -0.04342762858878109 0.9973225486990689 -0.058836850115792455 -2.4874734630515807 0.5164289722921551 0.07282350919673641 0.8532279021958561 46.56066840511611
0.8543625876783009 0.005651998953818738 -0.5196466334765039 -19.506669781427583 -0.04515959851607628 0.9969656500878306 -0.06340428382070565 -2.551893431866436 0.5177114828140329 0.07763728133297707 0.852025394638986 47.36354370727047
0.8533137574659614 0.0046787664912423255 -0.5213767739969275 -20.015773930234932 -0.045242312516757976 0.9968525810801372 -0.06510042052095305 -2.618740151159155 0.5194311932079732 0.0791393753954967 0.8508396998169234 48.191013269991245
0.8523421769229418 0.004159023904362822 -0.5229679875082447 -20.5226976418222 -0.044044316722873636 0.9969867523382938 -0.06385541344597724 -2.6878754562985065 0.5211265792517936 0.0774604297825957 0.849957040217457 49.01887778552679
0.8512761358247458 0.0043724233552087585 -0.5246997450821677 -21.04474747636107 -0.042698277443306495 0.9972262848392184 -0.0609638739676585 -2.7554585829969143 0.5229778175780148 0.07430086634604573 0.8491016332463175 49.86913049839955
0.8503910176348942 0.005742983794238595 -0.526119886777746 -21.56033420223467 -0.044097613647819 0.9972001979885093 -0.06039176766948934 -2.8207009275228487 0.5243000263174292 0.07455724826478646 0.8482633430337104 50.683441567575585
0.8496670370582172 0.007412181950588369 -0.5272674707351497 -22.081626077374562 -0.04635181259335917 0.9970806378063904 -0.06067710590422128 -2.886319014722011 0.5252784362659682 0.07599513978099749 0.8475301193017546 51.506391248587335
0.8479033194034844 0.006254041942757346 -0.5301139951971945 -22.60507678447022 -0.04604886795019219 0.9970200280737183 -0.06189156146348083 -2.9542230909704355 0.5281471979524823 0.0768892097713346 0.8456645828670379 52.33423596447032
0.8461290501922872 0.004538744168817624 -0.5329587509573966 -23.114118338858077 -0.044942711449673274 0.9970098720082378 -0.06286070160019788 -3.023497959674992 0.5310798274348686 0.07714087709825276 0.8438029995041869 53.14061095266848
0.8442106598683288 0.00325373404103093 -0.5360016557618751 -23.649094632292854 -0.04424642468196766 0.9969917897867769 -0.06363666396522126 -3.0927578719318487 0.5341821933269063 0.07743890696897628 0.8418150628373825 53.98270205399506
0.8423493786838779 0.003080183071504535 -0.5389230341181671 -24.178682643080293 -0.04416310192753284 0.997015036981209 -0.06332958598867681 -3.163978257585407 0.537119302072662 0.07714615029672499 0.8399710273785471 54.80589136773493
0.8407800776793106 0.002699876010766586 -0.5413700875067805 -24.707721052306113 -0.04429203856830583 0.9969782928464224 -0.06381613363795505 -3.230939120973646 0.5395619299923192 0.07763371859289053 0.8383590695163999 55.61661345036487
0.8377285021443275 0.0015142924096363322 -0.5460848501959377 -25.25592742230198 -0.04370799878818116 0.9969738681637591 -0.06428621190056241 -3.304033531639517 0.5443349773227455 0.07772266797459912 0.8352596119446674 56.45778897408628
0.8344264680800968 0.0005374083952831149 -0.5511190257644825 -25.78569269499832 -0.04320546928231564 0.9969856228370768 -0.06444342697483664 -3.3742437380345156 0.5494231127204885 0.07758465730015764 0.8319344109724918 57.260690622496746
0.8306183908070577 0.00018483025760462554 -0.5568420374674219 -26.3350353929279 -0.043582596399429005 0.9969539234823337 -0.0646794538030853 -3.445355870277285 0.5551338992929349 0.07799256561337652 0.8280963190141981 58.08154953706896
0.8271576262199729 -0.0025215037903816295 -0.5619643257403221 -26.901916455282116 -0.041843275559498336 0.996937754690204 -0.06606249740743105 -3.5181515636969287 0.5604100299571658 0.07815852667425376 0.8245191586806935 58.92031309523249
0.8236844613255224 -0.004281718222712661 -0.5670322522219928 -27.466364402581085 -0.04121598508678273 0.9968744365758362 -0.06739881508554565 -3.5931221465628718 0.5655485396888675 0.07888614954902262 0.820933508065738 59.73816476340526
0.8189831636373348 -0.006051840654714761 -0.5737856332318477 -28.0446729774593 -0.03950692600382945 0.9969769010920027 -0.06690486893130469 -3.6680100031026597 0.5724559201163969 0.07746246777425218 0.8162682069087417 60.56746824665791
0.8150673649858009 -0.005868898186546231 -0.5793364709468752 -28.61588623008165 -0.04002360765789022 0.9969894448754134 -0.06640901773902838 -3.73716309768178 0.577982094329185 0.0773149587149296 0.812378665274857 61.36848045141674
0.8109592032752857 -0.006803812939516398 -0.5850631408254992 -29.199962460572756 -0.0393166658297287 0.9970386520457251 -0.06609180066299408 -3.812832223577513 0.5837802415388407 0.07660048600581834 0.808290167657955 62.180270534993355
0.8060444946410688 -0.008176834415929276 -0.591798455589197 -29.79931172967419 -0.03903203540425063 0.996993382078709 -0.06693800343197373 -3.8874991080013843 0.5905664847170263 0.07705410741934576 0.8033018683277057 62.996520880488184
0.8022666987036255 -0.009361575554267918 -0.5968923730911025 -30.40226335681674 -0.039329082746008236 0.9968758802956352 -0.06849600378970921 -3.963426031730886 0.5956688403815863 0.07842729236652221 0.799392139322443 63.79700986637039
0.8002133341701554 -0.010063895408569314 -0.5996310013879277 -31.026342850557427 -0.03940849035460447 0.996815711854916 -0.0693210464949015 -4.0435654692865475 0.5984192432603205 0.07910217827836746 0.7972686214114808 64.61968761122743
0.7973959214706385 -0.010099016752680977 -0.6033719866571702 -31.666987520653148 -0.039826152692327595 0.996799397106702 -0.06931694951051103 -4.124112697669757 0.6021408655652917 0.07930303769934917 0.7944415687940409 65.46468313740621
0.7952374001219727 -0.010040774847735323 -0.606215028094572 -32.29841174443999 -0.04032773655188113 0.996772627860643 -0.06941182905233349 -4.200908296290951 0.604955495149724 0.07964616242007762 0.792265951369808 66.28967083997071
0.7929150925907414 -0.010674226202041039 -0.6092386370190287 -32.92878168492902 -0.04032673720556303 0.9967351826845309 -0.06994805118935336 -4.281596160036971 0.6079962254884231 0.08003147189588981 0.7898959129518319 67.11468175957226
0.7904747417235153 -0.011027621419761355 -0.6123953578065107 -33.546981604598166 -0.04107952215049902 0.996632066172141 -0.07097180804612556 -4.3615656421995 0.6111155009955389 0.08125833030078734 0.7873594656824161 67.90597345793326
0.7882100542947034 -0.012792876966996424 -0.6152733153710211 -34.177632285053804 -0.040711519106934206 0.9965098822222764 -0.07287404781779677 -4.442999616281018 0.6140582077627058 0.0824887685218545 0.7849382909165544 68.71657691408112
0.7858995951738924 -0.013076674335819318 -0.618215841671683 -34.834021872356054 -0.041358062540793036 0.9964260136366434 -0.07365263071377623 -4.529304791683628 0.6169694781497577 0.08345178210501539 0.7825499748227669 69.54776635459471
0.7839760030311987 -0.013945001133859717 -0.6206344847127032 -35.45686752740381 -0.04028847620402062 0.996497156710523 -0.07328202612511223 -4.612478063005677 0.6194824173101154 0.0824557676043357 0.7806680351035232 70.33116432381986
0.78243855951575 -0.013570721922610395 -0.6225799033774038 -36.10281602115911 -0.04094829204544953 0.9964775182144057 -0.07318328410108149 -4.694624568733688 0.6213800270055989 0.08275500709780778 0.7791267360569544 71.13853718883958
0.7790657890833195 -0.014739774049582759 -0.6267688851091384 -36.77965100093366 -0.04042395790404827 0.9964622970433376 -0.07368035150898389 -4.783779551153351 0.62563759470428 0.08273832021550195 0.7757138457321491 71.98297547119758
0.7777147038263408 -0.015449392792885498 -0.6284275262229039 -37.43735462694696 -0.04000661575703598 0.9964548957000443 -0.07400750996407601 -4.86521574759728 0.6273430561885388 0.08269798726538069 0.7743395461645227 72.79618112074238
0.7759088736875351 -0.01651841153701003 -0.6306287036071501 -38.11327410875906 -0.03939716262679309 0.9964369837962721 -0.07457345975577362 -4.954814886719841 0.6296135984156463 0.08270719075921962 0.7724935192523102 73.63314080179225
0.7749945199745027 -0.017104948530325355 -0.6317364282240381 -38.75816644071797 -0.03950983194340404 0.9963667510539536 -0.07544713761298885 -5.040168994821133 0.6307316919176444 0.0834309183094866 0.7715029583097798 74.41671293049848
0.7745331210736774 -0.018096819819677742 -0.6322744257616959 -39.442188878258726 -0.03920467223711512 0.9962953507628817 -0.07654128116936036 -5.132537450864419 0.6313172245667376 0.08407186902098003 0.7709542676480043 75.24934253791902
0.7727009266806266 -0.02022223786476211 -0.6344480585537652 -40.126847278631715 -0.03821631447507021 0.9961973483454156 -0.07829659288567536 -5.226031894636657 0.6336188059194924 0.08474611640248556 0.7689897948216562 76.0902051122746
0.7712795755724348 -0.023485763510937344 -0.6360630748731712 -40.79643460986864 -0.03518229743662805 0.9962181602636812 -0.07944547254518039 -5.316641916635969 0.6355234238420214 0.08365283063444237 0.7675364367083557 76.91088786569216
0.7675281605820327 -0.026243588588625587 -0.6404777878830401 -41.49572351442606 -0.03285020432709158 0.9962383377358242 -0.08018752085599329 -5.413905600936794 0.6401729350646042 0.0825860065831554 0.7637788716162665 77.76190928338727
0.760958377706343 -0.0280412993897703 -0.6481944406789247 -42.19293469435428 -0.031936213689906144 0.9962355946286069 -0.08058981480397498 -5.507791001869436 0.6480142171694102 0.08202637090301876 0.7571982889724442 78.59339826615391
0.754063255024801 -0.030498149554221147 -0.6560933396211016 -42.91024579926272 -0.02998530946846999 0.9962812731291085 -0.08077441444122441 -5.602667044264253 0.6561169778610229 0.08058217970501269 0.7503446032833894 79.43174905257955
0.7473081477837485 -0.029397851505112205 -0.6638270095310271 -43.66597336147478 -0.031433699917369155 0.9963383395910368 -0.079509971516035 -5.701413224847521 0.6637337227876311 0.08028498855862959 0.7436476758832861 80.2801489071762
0.7414102450583783 -0.029515848170872737 -0.6704026127852051 -44.38687919534676 -0.03175978747969412 0.9963692845122734 -0.0789909158052077 -5.796710181455995 0.6703000555137381 0.07985651875241453 0.7377809783336956 81.075475076628
0.7348367443079464 -0.028835673927195125 -0.677630771972512 -45.14143033095012 -0.03497755491118882 0.9961552078603901 -0.0803204364097824 -5.897182009819405 0.6773415164208768 0.08272427552893774 0.7310028484013451 81.88828251633177
0.7269420263188313 -0.02962837208086685 -0.6860593632764656 -45.92600339153877 -0.03545896787636528 0.9961163689021888 -0.08059057762704841 -6.002067014236497 0.6857827294184466 0.08291163472611146 0.7230682601652691 82.73081010910425
0.7191190052676999 -0.03062547442731082 -0.6942117375692349 -46.70247886319915 -0.03626158569995588 0.9960132985184607 -0.0815021875589903 -6.102174683530734 0.6939401657674233 0.08378299046034468 0.7151415641984482 83.5347987334181
0.7116741497932781 -0.0319755192152908 -0.7017816403176472 -47.50430339164909 -0.03527439002399985 0.9960769970703104 -0.08115622783143543 -6.2080297763276695 0.7016235614091432 0.08251170873461346 0.7077543330826346 84.3523060195872
0.7031168400902501 -0.031965999581630725 -0.7103554631677361 -48.30481708868243 -0.03608530758155212 0.9960978048724695 -0.08054199963368554 -6.306456126557379 0.7101581230671424 0.08226383165763072 0.6992196380557103 85.15040889465767
0.6942142275571528 -0.03347681890939784 -0.7189895053844201 -49.09497276416906 -0.03589825525563911 0.9960642582741628 -0.08103893297880313 -6.403307268920941 0.7188726740715817 0.0820688490503513 0.6902802202647298 85.91908338348898
0.6850056473985443 -0.03523371141345127 -0.7276852675519377 -49.91508795292663 -0.03582273103288324 0.995992718749791 -0.08194654439783179 -6.502656925332526 0.7276565089198662 0.08220151931341506 0.6809984693441824 86.69695028721326
0.6761344493643162 -0.03588662585225731 -0.735903768483185 -50.75514505267628 -0.03755069152325742 0.995836557135535 -0.08306321110196443 -6.607808136536957 0.7358207335682639 0.08379559390197341 0.6719718345985026 87.47143882601158
0.6683768944603239 -0.036455036869664656 -0.7429289045651708 -51.60428832657025 -0.039746059369789644 0.9956209368635411 -0.08461206086331764 -6.71397175037457 0.7427601077845702 0.08608124282209222 0.6640010857807822 88.23326558053115
0.6612093044070538 -0.035605405355439254 -0.7493560641477554 -52.45701028304516 -0.04094669855503061 0.9956712708704198 -0.08343912895474372 -6.819342950150736 0.7490831887333899 0.08585438528553889 0.6568891846302988 88.9857334648082
0.6548357916599301 -0.03481380514352771 -0.7549689297795911 -53.280565949099014 -0.042741621402646715 0.9956338506428867 -0.08298427112345308 -6.914493312028284 0.754561620917063 0.08660966704384934 0.6504886823101291 89.6934485159507
0.6495954319729886 -0.034243610734955826 -0.7595084923051614 -54.14065363878528 -0.042976944832904 0.9957338921492369 -0.08165168851996667 -7.018461537845282 0.7590643958009466 0.08568191844937266 0.6453525020313932 90.42339114901765
0.645036437704211 -0.03340075444584335 -0.7634214980181723 -55.024233063716565 -0.04495759849367849 0.9956549913426493 -0.08154724122955048 -7.120897194383673 0.7628281643801197 0.08692253917665874 0.6407321310903172 91.16207714548568
0.6428226931508783 -0.03472597896740731 -0.7652274769994913 -55.88194823260438 -0.04510787926774697 0.9955223665370793 -0.08306922987713128 -7.223118021742283 0.7646857291712839 0.0879165747124426 0.638377953482585 91.8736605615103
0.6397980171980799 -0.03596427563341107 -0.7677011580475632 -56.74820169944391 -0.04569176026746782 0.9953575906837658 -0.0847084984630775 -7.327320616194554 0.767183654826578 0.08927394662707026 0.6351845418620964 92.58805950130997
0.6373933443817896 -0.0362510132441504 -0.7696853828523507 -57.63110208754866 -0.04763590150039338 0.9951281997001724 -0.08631736238867933 -7.4314864102889695 0.7690647212205499 0.09168276937498236 0.6325612415993345 93.30606298002532
0.6356848657013949 -0.03861920310780637 -0.7709820417295837 -58.52621905603892 -0.04713198417131951 0.9949427842411558 -0.08869854651870945 -7.540735599788181 0.7705084863817361 0.0927222370188251 0.6306498705113249 94.03426666189263
0.6341758246829532 -0.0391332775734032 -0.7721979085532796 -59.40857716557156 -0.047397487137213846 0.9948724515749301 -0.0893436249005276 -7.646215161797805 0.7717347352560814 0.09325980743949401 0.6290692384114602 94.7509884390029
0.6326265338482138 -0.03751895073096519 -0.773547669511868 -60.271039180715256 -0.04904136417482021 0.9948805007945627 -0.08836138148893354 -7.753033379493338 0.7729027191510375 0.09383558746449873 0.6275478222845849 95.44332007691004
0.6316278968851464 -0.03665039092013569 -0.7744048997274282 -61.144645471844186 -0.04903375501690733 0.9949935338007174 -0.08708362971134449 -7.860503756089123 0.7737195168440492 0.09297643002482876 0.6266685668792151 96.15057126304796
0.629737380611866 -0.036174200368522605 -0.775965372093242 -62.01195408609735 -0.04867682119212002 0.9951144248744523 -0.08589440310880835 -7.970280934747538 0.7752814963216497 0.09186244409162032 0.6248999062464147 96.85319423350347
0.6275720591122922 -0.0366030187203768 -0.7776975823815537 -62.84773479764541 -0.048297251881976255 0.9951401001807747 -0.08581116752991247 -8.071191869589565 0.7770589978130404 0.09141334712586291 0.6227542965608828 97.5173952329953
0.6260818061982868 -0.03737503494396553 -0.7788611421238245 -63.715437988006954 -0.04750197803276135 0.995167348921026 -0.08593898838403996 -8.174730540472204 0.7783091506788713 0.09080228193407064 0.6212807831931546 98.20592570863671
0.6247986004161717 -0.03681553094413548 -0.7799175120480978 -64.56337550405436 -0.04786090715672485 0.9952034330091278 -0.08531975441234065 -8.28032335735856 0.7793176775129181 0.09063522277871976 0.6200396873650296 98.87662024171547
0.6240856919536089 -0.037038316515766334 -0.7804775539427534 -65.40983323427203 -0.0482740919832014 0.9951399215053764 -0.08582627027589403 -8.384491234130286 0.779863232331146 0.09123979250278526 0.6192645954049577 99.54243104554232
0.622585943810565 -0.036675404915359554 -0.7816915358655246 -66.25119542073396 -0.04843477177118236 0.995180086546195 -0.08526821345250132 -8.490816520167302 0.7810510965698606 0.09094784228447794 0.6178087685771514 100.20306754827097
0.6213054003625955 -0.03774247435033096 -0.7826589966966391 -67.0617211206913 -0.04685447842356735 0.9952624508730685 -0.08518985698889588 -8.594215293400367 0.7821663872424656 0.08959999727705174 0.6165935315554502 100.8420244099824
0.6209974700406606 -0.036967375614917836 -0.7829403268086557 -67.88792365401784 -0.04685041956410671 0.9953505551615817 -0.08415646455382006 -8.69497142462878 0.7824111325829701 0.08894203438013312 0.6163782395011663 101.48827874126148
0.6202805548725213 -0.0386652448203774 -0.7834264688469605 -68.71272212065105 -0.04639551012739281 0.9952270327950821 -0.08585225584640196 -8.796804306109335 0.783006698494372 0.08959995556292061 0.6155260823686244 102.13557574849985
0.6197373564359988 -0.039666343991161555 -0.783806219796765 -69.50713846333197 -0.04546992101652111 0.9952294724437505 -0.0863179208628522 -8.892032414037574 0.7834909669680126 0.08913404699501265 0.6149772567711913 102.74920324045955
0.6190488535766906 -0.041096820151406484 -0.7842764616248714 -70.3245040504328 -0.044374216272596655 0.995204198161022 -0.08717529978652508 -8.995408154117722 0.7840978547449153 0.08876742271870156 0.6142563787607755 103.38338851147508
0.618950339787035 -0.042691449161161674 -0.7842690335886241 -71.14943952062376 -0.04441282847687768 0.9950217355531294 -0.08921460891312553 -9.100996076730224 0.7841734358827758 0.09005101856924465 0.6139729933070706 104.02750776505371
0.6198202068712388 -0.04254168341530367 -0.7835898903931104 -71.95734472274407 -0.045563352634755534 0.9948940763517042 -0.09005419333362673 -9.204586832720263 0.7834199972242064 0.09152039123868179 0.6147171104961558 104.6576204442939
0.62208408170391 -0.04141056151484696 -0.7818545649196071 -72.7652613731502 -0.04770893199697659 0.9947397787811275 -0.09064563044174574 -9.308470896762342 0.7814955234026046 0.09369065004310063 0.6168361281541399 105.28468695206293
0.6253337660690113 -0.041335316984946975 -0.7792618767678176 -73.54691710900946 -0.04933842675224418 0.9945039354252614 -0.09234523306203296 -9.406952020984633 0.7787961226531376 0.09619414739692694 0.6198574718005889 105.89469117586829
0.629407259785787 -0.0409329708662101 -0.7759967739784832 -74.34521633088939 -0.050472863936103896 0.9943495158382579 -0.09338913404839876 -9.511286843548152 0.7754347112007784 0.09794657854304174 0.6237847997640512 106.52499505978072
0.6336612290880272 -0.038622453996143453 -0.7726459427175986 -75.1427187074834 -0.053903356157722994 0.9941212788287486 -0.09390053873555472 -9.615938748734589 0.7717304418937901 0.10114934022132586 0.6278542315117468 107.15863565149715
0.6381055345551638 -0.03678994322593912 -0.7690694551518095 -75.9083437466329 -0.05568752567135274 0.994036551355721 -0.09375624807674252 -9.716952862065124 0.7679324359959484 0.10265395582371598 0.6322514840623717 107.77333975949676
0.6427748480583089 -0.03691525568974754 -0.765165183866189 -76.67474885391917 -0.05577605760403324 0.9939319606984374 -0.0948065867981325 -9.82002695013281 0.7640219408510267 0.10361718679601772 0.636815477590416 108.40160271410402
0.6482457678961566 -0.03622171649126473 -0.760569136672761 -77.44262749251698 -0.05642189871307914 0.9938367757076481 -0.09542029446945528 -9.926248268241627 0.7593378653473918 0.10476855685487398 0.6422067858129605 109.04539033271297
0.655773114978085 -0.03561033231633265 -0.7541177135595343 -78.19789267008109 -0.057289750282932844 0.9936594921439669 -0.09674036481589837 -10.029896432653873 0.7527811808118337 0.1066429458732 0.6495750733448962 109.68561046002338
0.6625408164248994 -0.03661321614051403 -0.7481304291197332 -78.949435181136 -0.05782151276546534 0.9933240999795384 -0.09981936215661516 -10.136654946118067 0.746790693054313 0.10939243485583622 0.6560007286305182 110.33791094062214
0.6692887058705466 -0.03544490791294113 -0.7421565109174562 -79.67621758534142 -0.05980991089330393 0.9930498082556563 -0.10136494898306528 -10.243556955668899 0.7405912521445714 0.11223073031236813 0.6625170642485282 110.97264023682102
0.6751574309894642 -0.03289470486567519 -0.73693987663276 -80.42219235188473 -0.062474894747422384 0.9928662202262948 -0.10155568058877701 -10.353440990962229 0.7350233539868007 0.11460631363651538 0.6682859133399741 111.63162051412664
0.6824956022399339 -0.032306100972140976 -0.7301753684993268 -81.12778732624898 -0.062157109470065565 0.9928379743958402 -0.10202573371405435 -10.45919358466649 0.728241887469731 0.11501770488730279 0.6755994974072886 112.2771425828893
0.690564040548649 -0.029682767953265562 -0.7226619120915094 -81.84706641629667 -0.0635796507560433 0.992798295688071 -0.10153409323277085 -10.56759041702241 0.7204713276119068 0.1160623856617381 0.6837035825002253 112.94031784884712
0.6984849678512156 -0.03034077548915671 -0.7149812494244888 -82.55034049221854 -0.06274928190680196 0.9926558662349921 -0.10342561988907023 -10.679392371952744 0.7128683450021239 0.11710580076142399 0.6914513389400289 113.61035176867144
