1.0 0.0 0.0 0.0 0.0 1.0 0.0 0.0 0.0 0.0 1.0 0.0
0.9999256610926175 -0.002631738742067687 0.011905722980385258 0.01077888160943985 0.00262805124934544 0.9999964937379977 0.00032535878934019215 0.003553179558366537 -0.01190653749513214 -0.0002940457523703231 0.9999290714355558 0.30630049109458923
0.9997727106574399 -0.005629614542695655 0.020562939108402473 0.021476803634031608 0.005621890628603536 0.9999841031237111 0.00043341161417230804 0.005612989856942045 -0.02056505216222945 -0.0003177105096613919 0.9997884664715817 0.5962912729632357
0.9996406339473393 -0.008337072424474219 0.02547736612664218 0.032127652896054334 0.008331194366662352 0.9999652382601538 0.0003368556647498804 0.004762986613572773 -0.025479288879142536 -0.0001244777211076472 0.9996753424704994 0.887393167372835
0.9996117550765774 -0.010629115336703805 0.025755795850334367 0.03836111074783634 0.0106529803919071 0.999942943680256 -0.0007895522999261912 0.004473107543092804 -0.025745934076950788 0.0010636217484255423 0.9996679526659249 1.2115741565552745
0.9996822304466981 -0.012667485366553929 0.021793873992550363 0.04105774027624116 0.012693762099954334 0.9999188608424066 -0.001067771218077514 0.003932156003269741 -0.02177857967969408 0.0013440781645923329 0.999761915118306 1.543618600360467
0.9998261610851737 -0.014838839987457024 0.011289660646405453 0.03991628304261978 0.014869306153377693 0.9998860146091577 -0.0026194509982703485 0.006244882795823586 -0.011249504175805877 0.0027868650562705107 0.9999328387641626 1.8707310314173424
0.9998736650962767 -0.014967252475531663 -0.005351186809710255 0.022873116658702397 0.014949572037141982 0.999882707494756 -0.0033288960426307696 0.007981665441868974 0.005400383583138169 0.0032484775341737513 0.9999801414282511 2.2205197324357404
0.9996593484845554 -0.011927403346604153 -0.02321473749240943 -0.005750759805209244 0.011851634704824638 0.9999239909956162 -0.0033986741859454075 0.005810130460346037 0.02325351032118506 0.0031223838339050295 0.9997247246001952 2.591118728049605
0.999070272339207 -0.009279615733833157 -0.04210082730654162 -0.039939116966849486 0.009143207924487693 0.9999523123864942 -0.0034314285294388463 0.001976710524800863 0.042130661956732054 0.0030433016175623337 0.9991074745183083 2.9589402731723498
0.998073062653536 -0.009263900698856504 -0.06135423171414099 -0.07898786763522653 0.009051664896000762 0.9999520528187532 -0.0037362315468914623 0.0006941286954388988 0.06138590202971107 0.0031736741173607336 0.9981090615882593 3.346953237753608
0.9966248198442472 -0.010814303168168097 -0.08137579073292683 -0.1213754265585597 0.010528076936107937 0.9999367938947176 -0.0039456066176034015 -0.0014124810144384727 0.08141331627227541 0.0030755588988723857 0.9966756808867218 3.737626826046626
0.9948694243196998 -0.012117385692614875 -0.10043902387899613 -0.17575574664565358 0.0117950155440263 0.9999232050110621 -0.0038028527084000524 -0.0034350745315279477 0.10047739129826828 0.0025986620368989833 0.9949359480858618 4.126665248652423
0.9928770056003695 -0.011011651377243104 -0.11863387072834544 -0.2421703683591787 0.010740284280498632 0.9999380388838671 -0.002926548591760213 -0.007498419016213759 0.11865874617413497 0.0016315413056125034 0.9929337540991092 4.540967642026002
0.9907439844382351 -0.009524489563552863 -0.13540916290267888 -0.31580270944481736 0.009316759551315145 0.9999542484253569 -0.0021677286598815594 -0.011995349481697951 0.13542361422925261 0.0008860895178628899 0.9907873937199914 4.975110430063385
0.9887266633371562 -0.00843097434429892 -0.14949416001228918 -0.3969011249126451 0.00818450539063939 0.999963943787992 -0.00226384528546703 -0.01584691602157519 0.14950785624068305 0.0010147884369216798 0.988760016953934 5.414146693726747
0.9868155964939996 -0.009698732776865145 -0.16155777015889586 -0.48012174693318077 0.009350054106108884 0.9999520285985447 -0.0029183882311991007 -0.019214437316332603 0.1615783246738389 0.00136933713092383 0.9868589412430823 5.86812514726282
0.9852789899671875 -0.010761416386327789 -0.17061507508599322 -0.5624970949943946 0.010205488136086016 0.9999393726297447 -0.0041351029898825 -0.02424773945230843 0.1706492307077393 0.0023330199726541976 0.9853290806003161 6.31581862539115
0.9839519835692706 -0.009454346814081494 -0.17818279758836805 -0.6605805427566186 0.008601116470885675 0.9999475500701077 -0.005560387058825221 -0.02800434280532475 0.17822602174080118 0.003938582880778177 0.9839816932948189 6.811827742840867
0.9826986490549057 -0.010176889547668943 -0.18493186871060985 -0.7602308163570791 0.009037401857324823 0.9999346356096235 -0.007003561659537945 -0.03152784258783017 0.18499105522519976 0.005211086967636856 0.9827263881972861 7.311904548486637
0.9812728563918184 -0.011006621830806872 -0.1923081786729715 -0.8654385181080784 0.009320084214844353 0.9999097862047486 -0.009672408293820692 -0.03734367873409529 0.19239729036259878 0.007698943294229915 0.9812869146856501 7.8206041166066615
0.9795244914865565 -0.013654198738201213 -0.20086147822522013 -0.9734327663119626 0.011771202377303143 0.999874891021072 -0.010566035216300186 -0.04690116252053307 0.20098061939549158 0.007985309162282154 0.979562670514239 8.340722339902928
0.9778305495857086 -0.018786767476607635 -0.2085532873504777 -1.0755924375417125 0.016658753611627625 0.9997897526920239 -0.01195559869386852 -0.05442274207204519 0.20873404663594805 0.008216311812585048 0.9779379274755532 8.852198551263296
0.9758135047943048 -0.018881605945948395 -0.2177877150299281 -1.197633747378489 0.016264421090899612 0.9997724379033409 -0.013803659492624586 -0.0667308041229911 0.2179987900600211 0.009927606242813577 0.9758985450171829 9.388914457160089
0.973650327472004 -0.015824877977511705 -0.22749640228068757 -1.3355368250744828 0.012245403185280654 0.9997781604981759 -0.01713709111003588 -0.07520402829952762 0.22771712696784463 0.01389974920207618 0.9736281153795991 9.927735604636785
0.9714501386807533 -0.01342041548425002 -0.2368639282486368 -1.4841895097274915 0.008953039269766275 0.9997613677198731 -0.019926131152902767 -0.0861285045926351 0.23707482182842463 0.01723659082065712 0.9713384728259774 10.492474775204409
0.9686814915278417 -0.013944499272889883 -0.24791474121444332 -1.6403158775681483 0.008997099790140562 0.9997373534684758 -0.02107786220692629 -0.09933749405694413 0.24814354750176817 0.01818722133467046 0.9685525307454219 11.073178477539582
0.9658906035657828 -0.013943439319820207 -0.25857479081159934 -1.791756380762702 0.008331142456277862 0.9997056097566653 -0.022787845146638543 -0.11658442843727729 0.25881640985204374 0.019856342084796613 0.9657224195752683 11.619096987497752
0.9630939056649644 -0.013140459684546073 -0.26884467112123206 -1.9584244286641597 0.006564441613554302 0.9996572189475267 -0.025344678186926754 -0.13147858737049886 0.26908555698384634 0.022644489956178383 0.9628500351027245 12.19397005158297
0.9607619603681806 -0.011722450877472992 -0.2771263965321891 -2.139078719917298 0.004258180151290884 0.9996121548949534 -0.02752104082456119 -0.14944053786094555 0.27734152846497767 0.025261115012865997 0.9604392498523876 12.796976540758891
0.9582045862001637 -0.011562922783140705 -0.28585008273863494 -2.3281236939301237 0.002377675534922126 0.9994702294806062 -0.032459313625448884 -0.16995876981832567 0.2860739723288785 0.030423004432431462 0.9577244505374605 13.412560598145774
0.9559103250680222 -0.011807057271849313 -0.29342127364410286 -2.5184666872927055 0.0005664197580447653 0.9992636567701965 -0.03836435099037681 -0.19161385858640537 0.2936581849651154 0.03650667961941211 0.9552131347223821 14.021221952354104
0.954264822248394 -0.011719583106236829 -0.298732824428547 -2.7154512005553144 -0.002069813853793326 0.9989484166149639 -0.0458014935680855 -0.21342063096064096 0.29895545636407395 0.04432507545704508 0.9532370758609192 14.61872105527214
0.9528540214321931 -0.01266308768574106 -0.303164740777619 -2.924196577468286 -0.0036992713668734713 0.9985697269524995 -0.0533368147283376 -0.23983409287187282 0.3034065411817154 0.05194368704928457 0.9514443358094441 15.254033914909673
0.9516421832245308 -0.01345646868028023 -0.30691379662424034 -3.1433861970382044 -0.005193545161358527 0.998192746706937 -0.05986875236981115 -0.27494935373019347 0.3071647476457965 0.05856760087554787 0.949852437977277 15.9115857132842
0.9508643032348459 -0.013871024314666984 -0.309297060312854 -3.3657434969625832 -0.00676987097555728 0.997825541454275 -0.06556186138646061 -0.31264776492458746 0.3095339168502954 0.06443433483745359 0.9487027831799428 16.56135527442814
0.9499300142873851 -0.014354300488227527 -0.31213285955416853 -3.6061088703481707 -0.00807801666288161 0.9974821618523695 -0.0704562448127768 -0.35934928969646396 0.31235830964256867 0.06944991608214802 0.9474222899813051 17.255754287057265
0.9497510265718684 -0.014900017264277077 -0.312651526481491 -3.8335363414449555 -0.008997056320116392 0.997154069643201 -0.07485194968452756 -0.40469534726858253 0.312877037353742 0.07390365944611023 0.946914044999449 17.91423241203143
0.949662781699747 -0.014144641049840293 -0.312954517755967 -4.071012199450629 -0.01145698071177609 0.9967437516817111 -0.07981623316367133 -0.4560756110929305 0.3130644321018737 0.07938401988460102 0.9464083889842126 18.593627798335756
0.9492582546907629 -0.013342781264540516 -0.3142144746659098 -4.324111157262574 -0.01288913441029085 0.9966096991698191 -0.08125870867049491 -0.5147452122755091 0.3142334102472245 0.081185452568607 0.9458680067407028 19.31696899587166
0.9488982315019711 -0.013108240342554917 -0.3153098797810717 -4.57251824373093 -0.013737507010308929 0.9964741666901089 -0.08276784412074044 -0.5729206271780783 0.3152830904973716 0.08286983259531354 0.9453724999660458 20.03708053775441
0.9478151522089022 -0.012630027877846266 -0.3185701173038994 -4.83174378699808 -0.014645438456272662 0.9964354234781603 -0.08307802338959977 -0.6356598875160869 0.3184838274946452 0.08340820843121008 0.9442516202743085 20.77654025834964
0.9464546050941559 -0.011326675231670398 -0.322638167184637 -5.091915447445295 -0.016172507931893558 0.9964661064814403 -0.08242419924337789 -0.6977045355391123 0.3224315903928434 0.08322863126301837 0.9429267545545764 21.499939142184203
0.9445002529862926 -0.010829048452962647 -0.32833215471292654 -5.362120329673074 -0.016830506243995968 0.9965488817867176 -0.08128382538496758 -0.7600387178179311 0.32807926811732646 0.08229859001979604 0.9410584125931575 22.252497025323628
0.9416460809523406 -0.011878800309222212 -0.3363949350544859 -5.670428331933292 -0.01582190897640341 0.9967104877005315 -0.07948503572441187 -0.8337161970485064 0.33623254664508695 0.08016918242680443 0.9383605792900601 23.10114274318664
0.9382020356153441 -0.014075378645574442 -0.345801712088313 -5.968784389549548 -0.012783959823918096 0.9970812961208542 -0.07526924536075934 -0.9071700969047466 0.34585186241864485 0.0750384744110743 0.9352837626194594 23.909550047555513
0.9354913133308421 -0.013531564951172753 -0.3530904975109191 -6.228088849146762 -0.012437297978430796 0.9973863077246579 -0.07117490275630732 -0.9655980692898833 0.3531307354246184 0.07097499498658859 0.9328779308061275 24.5836599804852
0.9325428361580035 -0.012318613612085524 -0.36084915198606615 -6.518404275037274 -0.013426227661093464 0.9975434733202025 -0.06875140178250004 -1.0243108685781255 0.36080963837067803 0.06895847007396845 0.9300866272901025 25.318125073577427
0.9286342190810958 -0.01334634936316495 -0.3707564727827687 -6.831251374577912 -0.012999461462421424 0.9975684902859359 -0.0684698560705788 -1.0847700506319395 0.3707687974376088 0.06840308580257985 0.9262027406023772 26.091471870255234
0.9252448129176609 -0.014522739236594827 -0.37909250350544865 -7.153635217345151 -0.012150022310106787 0.9976200245384864 -0.06787240674746847 -1.147959142483651 0.3791759659140155 0.06740457465851829 0.9228663013612957 26.882306157166145
0.9219051384097209 -0.01439462295212185 -0.38714817654719724 -7.488303098443191 -0.012675240644608513 0.9976538104258507 -0.06727713443200682 -1.2116188514403794 0.38720828251517914 0.06693033223320576 0.9195597188757226 27.656946836550354
0.9182191787254168 -0.015098985757163513 -0.39578474004176356 -7.841433988135686 -0.012048912336752883 0.997745753880094 -0.06601692454018461 -1.2728758274006198 0.39588933243057034 0.06538678187025386 0.9159673603487897 28.467098753713554
0.9145499765807735 -0.01670024547256797 -0.4041280021691926 -8.19031302100574 -0.010388271816139669 0.9978478277599697 -0.06474408423465602 -1.3318551934742744 0.4043394912011204 0.06340989225559535 0.9124082208196905 29.237763445245385
0.9112095429725258 -0.015210568819737601 -0.4116622491703374 -8.566850341276298 -0.011192633321805721 0.9980349902461992 -0.06165130334058417 -1.3940738562966795 0.41179108022773453 0.06078484054802765 0.9092487610134129 30.05905897038631
0.9074699968381473 -0.01329166692836201 -0.41990658059720687 -8.967807178439395 -0.011772419593381163 0.9983023815736899 -0.05704178364336479 -1.4570710492524548 0.4199519198378434 0.056707023679298765 0.905772983970015 30.915319167473562
0.9042425701792255 -0.013882508566454779 -0.4267934514862793 -9.353184602073634 -0.010066480531417373 0.9985006427440882 -0.05380643464636583 -1.5154993810004571 0.42690050391792617 0.05295037672713341 0.9027470395183114 31.72535904241552
0.9008642153993968 -0.014520957922146674 -0.43385804958978524 -9.767150909772488 -0.008972582379338246 0.9986039963355385 -0.05205335021050761 -1.5739983887684574 0.4340082466708154 0.05078582758718232 0.8994763151623336 32.576033634038055
0.8977545617679135 -0.015073684467618018 -0.44023803886246876 -10.171286256433804 -0.00830354583116132 0.9986576457918134 -0.05112687774725798 -1.6266118740676923 0.44041775390137444 0.04955492445886636 0.8964242921241841 33.38836535305026
0.8947651286527611 -0.015604774307502326 -0.44626433373710267 -10.60366131093221 -0.007458007883200392 0.998727549064757 -0.04987645594383974 -1.679562543394017 0.4464747951065349 0.047955956438336014 0.8935102033981831 34.25709301155417
0.8917587284063473 -0.01706919583425471 -0.4521891339524497 -11.04273594306813 -0.005920519724695779 0.9987626633095398 -0.04937701717423318 -1.7342308099411048 0.45247244972184125 0.04670958073465113 0.8905542641020305 35.128805914632956
0.8892482551698303 -0.018023842013916377 -0.45706966842754965 -11.487024480854206 -0.0052557789468581995 0.9987548517272408 -0.049609706096282964 -1.7825035685102353 0.45739470642441254 0.04651760172617669 0.888046279911453 35.972469973761804
0.8870255351560354 -0.019684435426607957 -0.46130057769645677 -11.933079800144256 -0.004160289150966429 0.9987095098133392 -0.05061627211263548 -1.83230179712574 0.4617016265677753 0.04681706964703911 0.8857989444644507 36.82167296764229
0.8858682549006722 -0.020803750811159285 -0.46347021361833485 -12.402359980180504 -0.0032936863974511107 0.9986869090906098 -0.051123470548854036 -1.8865586527479474 0.4639251950359594 0.0468151851777977 0.8846365083171821 37.713768665510365
0.8846952820336248 -0.021025515913678947 -0.465695378577036 -12.877816906816598 -0.003037333402182903 0.9987011680272766 -0.05086011784058008 -1.938095964623011 0.4661598787468193 0.046410178425829625 0.8834823500134191 38.604131961561386
0.883990839574751 -0.0202254027116179 -0.46706651414234324 -13.366314159038184 -0.0034950926486890226 0.9987499074954017 -0.04986388076858362 -1.9949449982032812 0.4674911548631737 0.045711654565103226 0.8828150795957309 39.5192507434019
0.8831911495580729 -0.021624999799829604 -0.4685144103717061 -13.846773988865102 -0.002132330217112401 0.9987410245009068 -0.05011805210425321 -2.0519157651220943 0.4690083650747983 0.045262847485954966 0.882033121899245 40.416570238947855
0.8828286772320395 -0.02344361323572632 -0.4691097138785139 -14.343864811651352 -0.0005793612671590592 0.9986984871153038 -0.050999962491413 -2.1088110046901636 0.4696947849372501 0.04529601342344705 0.8816660820121717 41.34343358513182
0.8817997542502499 -0.0251831607405136 -0.47095116712809665 -14.848481068181444 0.0008533028470033219 0.9986569352387281 -0.05180345136998282 -2.1698942539157855 0.4716232238540106 0.04527840671565568 0.8806369289365746 42.28634015192092
0.88113548973556 -0.026375544573754614 -0.4721277151120372 -15.367186006948597 0.0024167591131388153 0.9986813298984125 -0.05128119136415932 -2.2341606335580178 0.4728577037586087 0.04404465870881906 0.8800373060475106 43.260325694571044
0.8799297513019037 -0.025706058508911667 -0.4744078744389755 -15.882421714030453 0.002823421954590514 0.9988004868135453 -0.048883696970376464 -2.301845873779722 0.47509542311228026 0.04167476570973935 0.8789468430120231 44.21574699884971
0.8777746974070152 -0.02682788800471937 -0.478321905224117 -16.376799230163023 0.005474101775267717 0.9989272807944805 -0.045981756102821715 -2.3640372444259414 0.4790423935329492 0.03774323925886073 0.8769799502203408 45.11972325144525
0.8746386055652448 -0.02778817460037266 -0.4839784365106195 -16.89695489373989 0.00647649800452701 0.9989364620067324 -0.04565084716705395 -2.4199008638349695 0.48473226076720116 0.036793507930769034 0.8738883642351961 46.05224706551229
0.8696108340693688 -0.031283964158879324 -0.4927456857808934 -17.430361307354705 0.008816639423073026 0.9988154283120263 -0.047854017962415715 -2.480576560675278 0.4936590565749407 0.03727001143506191 0.868856537127488 46.99109988304821
0.8642295331743823 -0.035338653087105855 -0.501855052367891 -17.96234887657272 0.010943820482128818 0.9986144491839445 -0.05147246520521632 -2.5390035773846136 0.5029786742819663 0.038991812974475175 0.8634188391148987 47.92001164461964
0.8583071839517427 -0.03606671160530848 -0.5118671412493763 -18.534479892696027 0.011084110377502017 0.9985971988544007 -0.051776219804886336 -2.6032423651670613 0.5130164914249529 0.03876630952417394 0.8575029170632058 48.87954213767267
0.8539394780789916 -0.03498626214537117 -0.5191948856058529 -19.08798588611643 0.011492544549033387 0.9987619164962771 -0.048399954302376605 -2.662736315240005 0.520245412471814 0.035363761363562965 0.8532843108743141 49.78387209122308
0.8496771110967404 -0.033301666341418866 -0.5262507063151391 -19.653351568805533 0.011026589754599551 0.9989076452092196 -0.04540848666225408 -2.723589009791405 0.5271880321068392 0.032779801119853624 0.8491161660467086 50.69058829004783
0.8458516166541732 -0.03368379413086059 -0.5323536837634089 -20.228059558864082 0.010718875610333026 0.9988760358528787 -0.04617110248292559 -2.78434385488231 0.5333105552201005 0.033347668760925576 0.845261962162642 51.592203580178776
0.8440188982132951 -0.03689490465144119 -0.5350428632077778 -20.788663197282386 0.01172427262981942 0.9986618148273287 -0.05036984253587043 -2.839554487442414 0.5361852673191586 0.03624011060341535 0.8433220105590362 52.46761669346808
0.8429446749559537 -0.03895272342129985 -0.536588259563574 -21.374421793382037 0.009690748727849512 0.9983129933335291 -0.057247329462106034 -2.901432200027826 0.5379129709836856 0.04305638953178667 0.841900102724778 53.372676125938014
0.8412680938349858 -0.04065855029500335 -0.5390870769951348 -21.961075622926476 0.010510255873753397 0.9982094792729792 -0.05888437832766956 -2.96828239442832 0.5405159838679314 0.04387160559492405 0.8401891176430493 54.28478762949582
0.8393659929661478 -0.04167257117482998 -0.5419669055058911 -22.548035978193507 0.012886052969310875 0.9983022055420948 -0.05680366228212077 -3.038898723492012 0.5434139117567978 0.0406952481435836 0.838477916994662 55.192709959302796
0.8368477391088858 -0.04136474150678135 -0.5458706987084244 -23.132015278207987 0.014874955267361097 0.9984911851154452 -0.05285914256349495 -3.105935795598464 0.5472335856415799 0.03611525172044406 0.8362003894635714 56.09426010595286
0.8342535434343877 -0.0402387262070672 -0.5499107838371612 -23.709732029399408 0.01433970148579655 0.9985795676108107 -0.051314911200399174 -3.1722598603523338 0.5511945194107671 0.03492409001590868 0.8336455540024755 56.960189006962366
0.8327290892209329 -0.03960953588188995 -0.5522620289613409 -24.309049872139 0.012743633113815649 0.9985447311025084 -0.05240247897265695 -3.2388964203891257 0.5535339770784953 0.03659924390804494 0.8320220138704404 57.856401798629065
0.830296973017889 -0.040723201782576435 -0.5558314109816992 -24.925382065374045 0.013144189345937547 0.9984803001521344 -0.05351934691811861 -3.3061629469765412 0.5571661932348096 0.037130998433645084 0.8295704443093134 58.76350140332432
0.8280437942732258 -0.04305941369493819 -0.559007479071477 -25.489898689166914 0.01404558426632318 0.9983266886180435 -0.05609406702628761 -3.3669544422593076 0.5604874631320644 0.03859675744386051 0.8272630137910207 59.60081412093162
0.8263857219577943 -0.04405828305587148 -0.5613782203100368 -26.09997312174393 0.014632873970874337 0.9982779591773872 -0.05680664767422662 -3.4327603979205357 0.5629143074604233 0.038729625802477324 0.8256073513126881 60.499858957429666
0.8236293991741701 -0.044601725233898645 -0.565371823601208 -26.71305859829389 0.015210382375250173 0.9982813348678904 -0.05659523586293939 -3.505386547748074 0.5669243839208138 0.038013978488746346 0.8228922653394325 61.38687467190536
0.8213109195330368 -0.04569660379831651 -0.5686476886940606 -27.32217103812414 0.016327991556771577 0.9982612826680648 -0.05663751599101237 -3.5704540918683 0.5702471132303253 0.03723213567887115 0.8206290257633291 62.26135595095996
0.8169820406038744 -0.04791399774551684 -0.5746691171019825 -27.950817811512728 0.017911109816840288 0.9981697761133497 -0.05776062845013688 -3.64239801336593 0.5763848865782816 0.03689643443299477 0.8163449734335805 63.159589772772456
0.8127636908131938 -0.050464480207647114 -0.5804037552713519 -28.56022267762001 0.019643373365052886 0.9980486928407182 -0.059270098715752575 -3.7134682558946657 0.5822622439919631 0.03677149651980345 0.8121690318308978 64.0122918473954
0.8093297365659567 -0.052062684973784495 -0.585042608998182 -29.20088131523917 0.02035929985136381 0.9979518727552334 -0.06064287735492552 -3.784110028835106 0.5870015983109769 0.037169026051845314 0.8087320860969446 64.89365588499905
0.8053157494126221 -0.05377575217704485 -0.5904021614338654 -29.866979573050667 0.021409536228144635 0.9978659566801771 -0.061686013465378504 -3.861022978373714 0.5924594294181523 0.03703648169775515 0.80474848463167 65.80433020334536
0.8006296088685165 -0.05570598111690585 -0.5965643913869227 -30.520862180973147 0.02231497300307067 0.9977501248236901 -0.06321969941547823 -3.937005948247236 0.5987439113535258 0.03730324492740705 0.8000713696508378 66.68485865709862
0.7951875886342004 -0.056564152882327814 -0.6037194675433538 -31.205601174965402 0.022995241931957486 0.997736397190033 -0.06319256736945793 -4.018040977461773 0.6059273205019037 0.03636727005093153 0.7946883061543224 67.59242888193101
0.7896909759058302 -0.057471851406518365 -0.6108069653080299 -31.869068845120267 0.024174565408912718 0.9977443068110188 -0.06262498394003833 -4.095421847986654 0.6130283459679398 0.03468839174863736 0.7892990323810776 68.45519994726124
0.7857084048373961 -0.05829781096586212 -0.615843866417831 -32.54173613418746 0.024975078805385843 0.9977271402752143 -0.06258433507602233 -4.174113936685737 0.6180926694327795 0.03379228898479176 0.7853785922716694 69.31286372398296
0.7818861352717759 -0.05966910548010286 -0.620559158598897 -33.25542487167694 0.02564114566244155 0.9976447257755272 -0.06362022305360802 -4.254090584180276 0.6228937334079419 0.033831922550717416 0.7815745632360603 70.20864891143698
0.7782845015444133 -0.06297573746264072 -0.6247457812156882 -33.94070154051429 0.027918764557613173 0.9974445246166296 -0.06576445010704751 -4.333065196285231 0.6272908234952435 0.03374132189678299 0.7780538194465194 71.05900964702589
0.7751923833441714 -0.06309895894286116 -0.6285660587285243 -34.657912186774865 0.02742385099841032 0.9974224167485811 -0.06630576870708088 -4.416732938687828 0.6311297023604582 0.03416202493628031 0.7749246768884397 71.93512628030369
0.7723780972496294 -0.06309601656825935 -0.6320213347524434 -35.385478894127885 0.027714165771289365 0.9974538783615139 -0.06570909797870994 -4.504099328425092 0.6345581138907953 0.03323632402646467 0.7721601821258101 72.82408622638384
0.7696569194458289 -0.06346783441376494 -0.6352952544636108 -36.10284488148717 0.027757238904410418 0.997432242329709 -0.06601861593166389 -4.585202657131713 0.637854028785239 0.033177642411057084 0.7694423188299976 73.68551040610596
0.7660468625500878 -0.06426725709063673 -0.639563854547154 -36.83831528622327 0.0279993818252776 0.9973810608191337 -0.06668623648626608 -4.669838650360843 0.6421746172144844 0.033177389670465254 0.7658400758775196 74.56493512708865
0.7637363601011575 -0.06565117999607624 -0.6421812009274 -37.54553417598101 0.027954634966810776 0.9972453611095812 -0.06870391640433034 -4.754294786014985 0.6449227167989257 0.03451973798486384 0.7634677969935267 75.40425735534389
0.760763053142159 -0.06770737015945436 -0.6454884112049663 -38.280757355727786 0.028201847183321364 0.9970528716137798 -0.07134582694288753 -4.841328197332004 0.6484167122994823 0.03607330360261585 0.7604304596594775 76.27267051192653
0.7577237570407276 -0.06800611793650743 -0.6490222461050859 -39.04584486523008 0.027791950549575905 0.9970156926171051 -0.07202302520641816 -4.936259761951936 0.651983370570703 0.036535963083518974 0.757352499105156 77.16876320137162
0.7552511804179771 -0.06878538844659596 -0.6518160973875247 -39.78075617794685 0.029180484291117133 0.9970205919746944 -0.0714033508665089 -5.027940064930161 0.6547855785016863 0.0349071556372159 0.7550081699369425 78.0174298179375
0.7530596777502588 -0.0683368321412032 -0.6543937645787753 -40.53207063411646 0.028780034045314463 0.9970609332129513 -0.0710014443576284 -5.1156270055865685 0.6573224713845002 0.03463484998413992 0.7528131214182902 78.87050629720439
0.7497018149218581 -0.0702417105509919 -0.6580374539505656 -41.31060261988962 0.03055711631708663 0.996964776697156 -0.07160654067593174 -5.210742818966748 0.6610699292399074 0.03357582648365491 0.7495726866226406 79.75565454635182
0.7468904762309768 -0.07046645488075451 -0.6612027640988835 -42.060257345075826 0.030447391600231744 0.9969502616413054 -0.07185493829984967 -5.3017696043786735 0.6642496314340017 0.03353586960064782 0.7467581754423058 80.60153512664722
0.7438789853995027 -0.07138862755051459 -0.6644905709921404 -42.82939421945877 0.03144103399098538 0.996915817335892 -0.07190489918697204 -5.3974169014083175 0.667574352759739 0.03259627282320511 0.7438292589939247 81.4675017119062
0.7421017352577521 -0.0728671870554051 -0.6663147811493199 -43.59286057414966 0.03320365697891484 0.9968493684945077 -0.0720336983315995 -5.489354351733936 0.6694643617778769 0.031332245095650704 0.7421831032343745 82.31680841467288
0.7407612766609508 -0.07509732623179054 -0.6675575799827862 -44.38071151733658 0.03488016631853971 0.9966910873416959 -0.0734183247644546 -5.58604550429109 0.6708622101424622 0.031100932565824232 0.7409295695248684 83.18787583588487
0.7388249288929781 -0.0799366097727285 -0.6691396437697654 -45.15363270927408 0.03898016740917111 0.996346685194855 -0.07598571872383339 -5.6834265689505985 0.6727691067483992 0.03005696789875947 0.7392417112729057 84.05243066124224
0.7369271557499664 -0.08307464211018183 -0.6708479492079632 -45.93279209225772 0.041747655269783024 0.9961183150446216 -0.07749474635186211 -5.780204149356153 0.6746817771347765 0.029101654092667868 0.7375348082167584 84.91250875428082
0.7332920757687491 -0.08585635808987019 -0.6744712131665096 -46.74698667705485 0.04494844439344286 0.9959466243503502 -0.07790994026279435 -5.883290603361667 0.6784263917046336 0.026814309998330906 0.7341788772621729 85.81051692873916
0.7271902860972574 -0.08858215452958697 -0.6806963270832929 -47.565897546567214 0.0473066093315271 0.9957480675028595 -0.0790434739739792 -5.989483571201044 0.6848038934756016 0.025278211234524346 0.7282888434662718 86.69653224914332
0.720353730350191 -0.09006209137824567 -0.687734921948232 -48.39912388156573 0.048369345610527 0.9956430229521265 -0.07972061999232515 -6.088936577855572 0.6919182824407617 0.024161757869158584 0.7215714101049864 87.57530002130423
0.7114304949723617 -0.08982095641256076 -0.6969927163267301 -49.25234570779958 0.048635235485565795 0.9957133056090819 -0.07867418192964513 -6.194420728131316 0.701071511825038 0.022072807301478387 0.7127492732266991 88.45809977123378
0.703882389966836 -0.0908195414936698 -0.7044866158966079 -50.091647109118476 0.04951889336072571 0.9956535318984379 -0.07887917100537797 -6.297917834493933 0.7085883574367449 0.020636261799225546 0.7053202708018889 89.30201944722498
0.6963719671092272 -0.09063797661386414 -0.711934576081096 -50.944510711920984 0.047286670778875106 0.9956320687208672 -0.08050313348719135 -6.404831446215561 0.7161215359078901 0.022395109509687337 0.6976162303723829 90.14430175210423
0.687040250931571 -0.09220521170408018 -0.7207453728845507 -51.80890535091858 0.048035339785256884 0.9955096418622553 -0.08156689948134149 -6.515772040779214 0.7250298612688991 0.021418494202210016 0.6883843028240192 90.98644297304838
0.6789091005473271 -0.09380011788294593 -0.7282059949486581 -52.67338132240964 0.048312147596489136 0.9953635078330891 -0.08317105066562153 -6.621732782897811 0.7326311279140647 0.02128438769036549 0.6802930289603237 91.80304728710841
0.6708230770316155 -0.09506617326372599 -0.7354990292466922 -53.57384571363886 0.049876373069024565 0.9952877445155793 -0.08315439270760439 -6.734650663173263 0.7399383398171194 0.019097861610197067 0.6724035432317433 92.63739161889718
0.6615027893049612 -0.09480567984084298 -0.7439260331589908 -54.48558881116986 0.04950088643331166 0.9953336599414068 -0.08282854357020028 -6.8455559464758124 0.7483072376932303 0.017966314523567742 0.6631089575313907 93.4590040954923
0.6521109116008874 -0.09564360688481602 -0.7520662600018182 -55.37702795256902 0.04907914434053376 0.9952551132797113 -0.08401486226489935 -6.951882555378983 0.7565332752509044 0.017876239891311894 0.6537108255838262 94.22827045594691
0.6444108436519358 -0.09655402828030359 -0.7585591501040952 -56.319156822086256 0.04744043987610981 0.995133398868921 -0.0863650572856334 -7.0644019576179735 0.7632064394697952 0.019668199674496505 0.6458553186847675 95.03321008732114
0.6370212925382865 -0.09671189729584698 -0.764755308431585 -57.27602632385955 0.046173915196929594 0.9951043297365573 -0.08738044686853114 -7.182587914319987 0.7694620474125009 0.020351458448843042 0.6383682132834996 95.83481177627496
0.6297567636752659 -0.09733929615650234 -0.7706695011670127 -58.249226560410726 0.04503289777989174 0.9950240352467883 -0.08887748533089779 -7.305149627589713 0.7754859487590998 0.021265716657447878 0.6310065867899035 96.63136620226388
0.6232449274757352 -0.09735671128773307 -0.7759429303389537 -59.21518578070305 0.04455829923652335 0.9950294759601045 -0.08905560027144958 -7.425176091533775 0.7807562477143003 0.020928753851979773 0.6244851230552169 97.40907443782781
0.6175180816270239 -0.09547724990529008 -0.7807403624856365 -60.161528181369206 0.042997630399759845 0.9952187507723583 -0.08769744518007444 -7.5388888313822084 0.7853805591200268 0.020584772566858735 0.6186708692792031 98.15423580513007
0.6124433177591124 -0.09451515849865921 -0.7848439764349243 -61.13863185724861 0.04354727563565891 0.9953529710842136 -0.08588421122965868 -7.656892737101476 0.789314143618954 0.018421394295818336 0.6137131536110948 98.91833645367633
0.6074175757364616 -0.09416170517628795 -0.7887822652448101 -62.13319778685561 0.04291623151303488 0.9953896093294974 -0.08577716894133401 -7.77329842404539 0.793222595340778 0.018250997703259664 0.6086582089511946 99.68545320280596
0.6036810868055342 -0.09590531731421606 -0.7914362359306963 -63.09874377581878 0.043266644350181786 0.9952159593187424 -0.08759675681182791 -7.887784363381466 0.796050967539117 0.01863771520694435 0.6049425531832762 100.43492904399756
0.5993775898510632 -0.09825362342237759 -0.7944134504580752 -64.08362736144436 0.04436842467696464 0.9949903873327063 -0.08958555691179311 -8.00914557600119 0.799235852346487 0.018448701848239116 0.6007342987745078 101.19089732386009
0.5959757744466729 -0.09964282402793218 -0.7967961997226312 -65.07584309212397 0.04377490535453727 0.9948272308233468 -0.09166536136160132 -8.132492976756714 0.8018083523722424 0.019750656497701316 0.5972547845216646 101.93080862575957
0.5933939216854506 -0.10252130837019739 -0.7983564586303692 -66.06131065880555 0.04484810262059476 0.9945257128574237 -0.09437825044344655 -8.253665895413706 0.8036618078508485 0.020198707767978948 0.5947433991280693 102.66736058575668
0.5904411818011964 -0.10385858899875182 -0.8003702920051412 -67.06683229058947 0.046575778193748654 0.9944176752321471 -0.09467937511168359 -8.37747338217817 0.8057356314070101 0.018624732939843937 0.5919824419727888 103.41363907547756
0.5877349001080311 -0.1036664734262302 -0.802384539658119 -68.06309128467392 0.048120093138588955 0.9944803694446074 -0.09323760735696056 -8.502713313305572 0.8076212873812431 0.01618817706494252 0.5894792609515433 104.13977312794593
0.5850568886556525 -0.10345437302720216 -0.804366601580471 -69.0769751269813 0.05095049202932263 0.994559696695603 -0.09085734461627376 -8.629388736411043 0.8093901929221391 0.012173841230232414 0.5871450529393599 104.87838749595804
0.5832088146767316 -0.10414132308427651 -0.8056190559499065 -70.09057455283168 0.052853963484779366 0.9945114093634521 -0.09029681716356555 -8.75424554177483 0.8106009727525078 0.010081739541225841 0.5855121019248974 105.61404278861481
0.5810911029540872 -0.10541290500842354 -0.8069828062141644 -71.06389479186456 0.05498983345977385 0.9943955916515518 -0.09029687436465682 -8.873371765191608 0.8119786008779226 0.008094860199247211 0.5836310692164064 106.3165360572898
0.5789203644131078 -0.10671094495010047 -0.8083711931381841 -72.06511760146087 0.05715354576727008 0.9942714534700715 -0.0903202580861032 -8.995827491581872 0.8133785612333431 0.00608695674112688 0.5817029010445183 107.03805862179784
0.577158480893569 -0.10811312176746297 -0.809444031934464 -73.05482420141361 0.06010236038468676 0.9941332788395393 -0.08992624855922848 -9.119308361993067 0.8144174569646805 0.003252200092342762 0.5802703068275529 107.75387741575996
0.5760260134330868 -0.1089812328385438 -0.8101340152946158 -74.02260138704831 0.06098056141988797 0.9940402791736543 -0.09036201917442446 -9.23558593754815 0.8151536069829423 0.0026484465927940903 0.5792387959670385 108.44804523798987
0.5739971846284264 -0.11065577040573979 -0.8113461237440852 -75.01333026892097 0.06436427989513749 0.9938586381749435 -0.09001248134912927 -9.359922037356279 0.8163237541026359 -0.0005547981246802058 0.5775943392094665 109.15871833189637
0.572696515706099 -0.11164975187067015 -0.8121287051972195 -75.95369395305784 0.06770526218609522 0.9937392108917236 -0.0888728204155084 -9.478168725677875 0.8169667669926399 -0.004088232321296244 0.5766702593216345 109.82696856767835
0.5721347619554373 -0.11236421279757318 -0.8124260568473768 -76.91905337997363 0.07012116414712875 0.993645211720813 -0.08804666696106399 -9.598259581746333 0.8171565556861468 -0.006593702046861438 0.576378076085889 110.51142455749816
0.5709978319325683 -0.11448371125355308 -0.8129298590812862 -77.87244804404013 0.0722108287523324 0.9933946446468368 -0.089177778610405 -9.715004995223714 0.8177695715415242 -0.007782020598672654 0.5754931520150296 111.18671244951469
0.5706994519439315 -0.1165703071926775 -0.8128428501450332 -78.7990920304486 0.07424358128823597 0.9931433330659367 -0.0903006679054977 -9.830387000008267 0.8177958340493018 -0.008813822535465678 0.5754409529603536 111.83748437446958
0.5714262052635735 -0.11900375553737783 -0.8119791857591379 -79.74622363663227 0.0766415634598987 0.9928444187652273 -0.09157527437665973 -9.948028084274103 0.817066804299682 -0.009902842760450628 0.5764579525141162 112.50680595055616
0.57173880186731 -0.12144044342948584 -0.8113981520431154 -80.68861373122948 0.07798203275360324 0.9925507623006042 -0.09360441669122921 -10.069471947067909 0.816721216209637 -0.009757200220307537 0.576949956267363 113.17332252541652
0.5752105763057418 -0.12235044926326158 -0.8088035363863678 -81.63027157396063 0.07720276245448149 0.9924573510412604 -0.09522678107319077 -10.188068913007477 0.8143540546810174 -0.007666415671130557 0.5803177575219839 113.83773275872478
0.5788080650244086 -0.12308347844471308 -0.8061213811806818 -82.53839838027335 0.07659804214645151 0.9923789093233657 -0.09652378084957974 -10.306920993947815 0.8118583397379315 -0.005878576708448248 0.5838248697459303 114.48705574898133
0.5832475393044352 -0.12326481700790592 -0.802887347504822 -83.41387004779953 0.07540177343387569 0.9923671900371431 -0.09758039096463554 -10.422248431873694 0.8087872899955512 -0.003625606954995572 0.5880901074800188 115.12260043365838
0.588135540830095 -0.12304305328666318 -0.799347854597976 -84.3328756712983 0.07524723326364186 0.9923971905877076 -0.09739440435565153 -10.544642247467591 0.805254270090298 -0.002867603794189509 0.5929227077367005 115.79720003374048
0.5934906805731456 -0.12241732382663607 -0.7954764678480121 -85.24574214554926 0.07559151907037491 0.99247431057484 -0.09633620863221412 -10.66615528574112 0.8012831798543246 -0.0029566325643981747 0.5982779655030106 116.47276694953301
0.5997812378998176 -0.12158771516426849 -0.7908722363217054 -86.12882979214928 0.07566034015493396 0.992576943212757 -0.09521830039472162 -10.78053514761594 0.7965789223868546 -0.0027275123377307267 0.604528395598954 117.13945764300732
0.6059199311697885 -0.12117758551786298 -0.7862423479940901 -87.0211355885658 0.07505822623553748 0.9926299054916536 -0.09514270018244059 -10.895154811388847 0.7919768302706676 -0.0013650976858483807 0.6105496186410524 117.81785639208798
0.6128072555478983 -0.12073490229245969 -0.7809547688030871 -87.89532874333995 0.07450668123617378 0.9926847849703302 -0.09500353751087709 -11.014388929775896 0.7867121595596602 3.250907030100114e-05 0.6173199955810085 118.49993682202239
0.6190498105611291 -0.12082674812785511 -0.7760014361978191 -88.78389241666686 0.07324065135594467 0.9926699982591533 -0.09613574540788394 -11.132292267414602 0.7819291138160716 0.002677964342626689 0.62336160410615 119.2030789034096
0.62792553440478 -0.12185910702041731 -0.7686741060284636 -89.64902730213281 0.07331714522460443 0.9925356172353299 -0.09745586044665003 -11.250005256541238 0.7748123124077118 0.004838032189758534 0.6321728197146292 119.90472696521186
0.6349772983669479 -0.12255515778492884 -0.7627477065576292 -90.48228079994722 0.07276876153853121 0.9924349793880746 -0.09888133813384914 -11.366617769534896 0.7690959224328006 0.0072831989745864925 0.6390918690688658 120.58554637996916
0.6425058647500652 -0.12122197144716662 -0.7566316457829618 -91.33344445357575 0.07130425339433843 0.9925816724879797 -0.09847500641706494 -11.48486097510174 0.7629560388447338 0.009319714557180898 0.6463831879859854 121.29449864191828
0.6495683907048971 -0.12097219694587891 -0.7506175013701304 -92.15862566412476 0.07228627681861408 0.9926149089029497 -0.09741835970335298 -11.601239658049247 0.7568590357396501 0.00902054264868013 0.6535158986815628 122.00207100834425
0.6592156343651893 -0.11837293177375621 -0.742578343632365 -92.97511839407456 0.07056972628229305 0.9929122261014678 -0.09563066971777331 -11.715433354393916 0.7486351989727329 0.010637682149475289 0.6628968083929379 122.71437249116619
0.6686792433937069 -0.11842479324931744 -0.7340596963451108 -93.77865738798515 0.07186268893784527 0.9929065815680868 -0.09472208938467849 -11.830271595503499 0.7400701476164556 0.010587191442160027 0.6724463458033844 123.44407439363906
