1.0 0.0 0.0 0.0 0.0 1.0 0.0 0.0 0.0 0.0 1.0 0.0
0.9999171713926881 0.0012931750140716832 0.012805391537497676 0.0024078048299998045 -0.0012783966192388475 0.9999985075021754 -0.001162194263246449 0.0037003580946475267 -0.012806875346061392 0.0011457276310646316 0.9999173322090512 0.10665524005889893
0.9994540304957951 0.0049475241194841596 0.0326674598155018 0.006471360466701729 -0.004857960346531407 0.9999842224243252 -0.002820482882316871 0.009895842190378128 -0.032680898809271317 0.002660245760270378 0.9994622964101814 0.23842615188195201
0.9984070241135841 0.005109434944855417 0.05618992681256551 0.026627343059595382 -0.004986299989489006 0.9999848506029227 -0.0023313895138227544 0.009443547634738689 -0.05620098765210448 0.0020474958350705087 0.9984173760245428 0.42488453391012376
0.9964231881000992 0.0056480371879216095 0.0843144702430046 0.051696650729381836 -0.005421431668381742 0.9999810513307654 -0.002916343272378404 0.0090272325820724 -0.08432934421125142 0.0024488069219793097 0.9964349276543649 0.6245371041280937
0.9935067075523889 0.0036230544123117656 0.11371585432619989 0.08812184118650787 -0.0033448731220187 0.999990929010441 -0.002636990829137639 0.007125930276320549 -0.11372437677213133 0.00223950297181928 0.9935098141207411 0.853755724264035
0.9892829142294804 0.00264145294140595 0.14598745952986777 0.14111966055309175 -0.0020878290994434602 0.9999900375054972 -0.003945359223935018 0.00661555116662337 -0.1459964266113317 0.0035982796045763137 0.9892785734062016 1.0871589712227043
0.9832656664963082 0.0028601122806857413 0.18215501323683805 0.20161192984680965 -0.0018838939658905236 0.9999829233993931 -0.005532074938836343 0.009429486553431966 -0.1821677250038987 0.005096338621548853 0.9832542638094983 1.3283582055607246
0.9757470468644537 0.002490121471352281 0.21888695673875974 0.27377360228319286 -0.0013878803090194734 0.9999855724831008 -0.0051892787449699185 0.013185593984811226 -0.21889672067791605 0.004759634513601954 0.9757364252480029 1.5834501966324805
0.9662708670829271 -0.0012350356694504818 0.25752492328647275 0.3615164201782239 0.002082512348814409 0.999993276994797 -0.003018129805773946 0.010984240871320942 -0.25751946444710844 0.0034526297372655793 0.966266942815893 1.8377880639333495
0.9556622865078281 -0.0077046152061286165 0.29436411644620597 0.4701914165987413 0.007903723406349587 0.9999686333720962 0.0005132526264301875 0.010170249881840659 -0.2943588376504873 0.0018360763786148722 0.955693205752027 2.108291954290628
0.9441085285282594 -0.010931455966909476 0.3294534711164058 0.5812109782726141 0.010786570688488067 0.9999392518910237 0.002267690543750962 0.006439045715192886 -0.32945824660036543 0.001412727172346704 0.944169088642998 2.362512827352999
0.9279354924401114 -0.012614002657111 0.37252732625526225 0.731592424011225 0.012490940282296387 0.9999182203197301 0.0027439175439539125 0.007533428004186955 -0.37253147287281957 0.002107038108414088 0.9280171669261392 2.667466706485648
0.9107630667806763 -0.015582467970694139 0.412635217692576 0.8957989892746698 0.014516492724876866 0.9998782800276651 0.005718091280016443 0.007480793442538108 -0.4126740937195184 0.0007821897853426416 0.9108784115083164 2.980355795537329
0.889961051545998 -0.019724919003827848 0.45560976098129635 1.075792519207635 0.017820042573591287 0.9998052793350386 0.008476408228782213 0.007462595347989146 -0.4556882408114312 0.0005753121570102821 0.8901392566346601 3.277513416174179
0.8667783234105011 -0.02404332658114539 0.4981136983787871 1.2739835374583557 0.021388289367698408 0.9997103258762078 0.011036549026307189 0.010471540249113682 -0.49823476308222864 0.0010875584576796023 0.8670414857854246 3.581551130197556
0.8419898408309219 -0.02770183516628552 0.5387816962981749 1.4818827035153455 0.024085197046396292 0.9996152586295909 0.013756380269983014 0.012580005624333833 -0.5389554816687137 0.001393930886400556 0.8423330966642169 3.85592508563866
0.8152688965078342 -0.02936412175297469 0.578337595821485 1.7098994427352854 0.024659793111016425 0.9995680289696652 0.015989060804842813 0.017255887950743502 -0.5785572754625256 0.0012263015027195907 0.8156408371299246 4.136507964553495
0.7871813196358177 -0.03017920037313254 0.6159827805070941 1.9578691809570834 0.02468940115113342 0.9995433852854498 0.017419942677891057 0.02429961544997116 -0.6162272336461696 0.001495592504967629 0.7875669874466857 4.411791981745733
0.7553525184389989 -0.02890804450943302 0.6546807602568617 2.2451473905577406 0.022022621769807158 0.9995820383478354 0.01872839402539498 0.03370041192341078 -0.6549485300527408 0.00027124716970666936 0.7556734409827615 4.716163661144305
0.7237197514988848 -0.0287976698621119 0.6894928683466606 2.5344745138305362 0.02148752374657304 0.9995848342734223 0.019194931982573448 0.03710134730071837 -0.689759383853263 0.0009237429772255765 0.7240380784774232 4.99491253452245
0.6919542987815795 -0.028979886733794036 0.7213594212059542 2.8437197454575163 0.0211337107472925 0.9995788909173218 0.019884846052886818 0.04527914837504423 -0.7216319107881404 0.0014855966456960128 0.6922753630852856 5.260426805730744
0.6595509454752583 -0.0289349867161121 0.7511027338962571 3.1629798518483447 0.020391457296357603 0.9995798010744544 0.020601207568616747 0.052008236557215155 -0.7513832170018332 0.0017285333936097515 0.6598638294226191 5.522028846064444
0.627826431617794 -0.02844873524503779 0.7778332991232924 3.5075600928392023 0.019966136656125406 0.999591619336774 0.020443775060267094 0.06391472234713391 -0.7780972465888158 0.0026951836010961887 0.6281380507788554 5.787695807947511
0.5986075719622896 -0.028539518854177333 0.8005338660250324 3.8576372335894087 0.02101904396647667 0.999580639691996 0.0199184473209039 0.07452116892042186 -0.8007666167992692 0.004903123138608645 0.598956413108116 6.034189389968256
0.5712132011745998 -0.027592713179977142 0.8203378090660176 4.252853564210044 0.022522495575970296 0.9995853769024892 0.017939104652672025 0.08482835344118266 -0.820492666632004 0.008229001280631601 0.5715978197483147 6.295348872292254
0.5459555212661555 -0.02547231335513581 0.837426850567462 4.660186360039377 0.02384538495758823 0.999605218627159 0.014859492238104864 0.09175946366828511 -0.8374747556883282 0.011856143794996915 0.5463473853136734 6.552088616228413
0.523429724554509 -0.023460611705942536 0.8517458090012382 5.090369689572963 0.024746319824131845 0.9996177706825019 0.012326077677294106 0.10153401787771447 -0.8517094241042262 0.01462573875494502 0.5238102181686793 6.805364923711061
0.5034266937842917 -0.021861421864611527 0.8637613340613682 5.580670940209199 0.02460968408565674 0.9996370868912633 0.010957096365059963 0.1083463460549902 -0.8636874014564652 0.015740798760117667 0.5037819963235808 7.087269469903225
0.4889509630584359 -0.0220024094162728 0.8720337434435134 6.093349054183431 0.02609723387299169 0.99960333175152 0.010588367930861943 0.11562731982641207 -0.8719208049521511 0.017580475850773797 0.4893312137606326 7.377468245859235
0.47698681126984477 -0.02105343522524365 0.878658258220932 6.6238506525309635 0.02671394663887444 0.9995984564600606 0.009449386098569216 0.12026931415155168 -0.8785043807116736 0.0189651972803062 0.4773577006423152 7.666454577242082
0.4676289313044969 -0.020611670649227087 0.8836845260838634 7.191726028060798 0.02636138269638303 0.9996086046877608 0.00936562526065289 0.12574779534001937 -0.8835316972861523 0.01891550864333108 0.4679892556709129 7.966142176766461
0.45838478322883847 -0.02042922206862013 0.8885190135218954 7.745854172714046 0.025901570188822647 0.9996181985944861 0.009621107029264607 0.13385881680851447 -0.8883763274457535 0.018603868532809917 0.4587389202036488 8.256164687128145
0.4495803982838562 -0.020538955718089644 0.8930037047946328 8.349989537250039 0.026028790046640615 0.9996123013717549 0.009886811162946993 0.13521366618626016 -0.8928605532599349 0.018798889442576745 0.4499407007463191 8.565206635966229
0.43955281553786296 -0.02150721728208035 0.8979592206539889 8.993148873704584 0.026741254189215895 0.999583490072421 0.010851345493827198 0.13644852985764117 -0.8978185939693638 0.01924281630687267 0.4399448673907389 8.88333342734433
0.42829713843057393 -0.02136657007017037 0.9033853169581729 9.641784536372795 0.02660463468064503 0.999585196363461 0.011028536826390677 0.1421887030489753 -0.9032462314483751 0.019310745569711577 0.42868792901112884 9.190280510474032
0.4157901521227404 -0.02130670453638987 0.909210962175197 10.327815066178259 0.027757538663680376 0.9995570935412377 0.010730135075000738 0.15261503850364 -0.9090368905853506 0.020775973940887954 0.4161974176538399 9.512008770494695
0.4040735440580334 -0.02230465002250918 0.9144545224229328 11.045016003671478 0.027267263081827153 0.9995521137953143 0.012331592409153894 0.1577765230283808 -0.9143200027104335 0.019951801790626757 0.40450075185208323 9.833556361682808
0.39224289420079295 -0.02294969171427602 0.9195753496039382 11.772984272230206 0.02717830055754203 0.9995414195989345 0.013352546010051794 0.15841985832832275 -0.9194600871858384 0.019755053944910658 0.39268675291616884 10.146104850121125
0.3820823678708007 -0.02513680549076986 0.9237863417327414 12.540904294356078 0.027859218321124604 0.9994889639811796 0.015674017811783285 0.1622394113677025 -0.9237082483754153 0.0197471995368302 0.38258740177072553 10.465196578127397
0.372213473390648 -0.025243326529838437 0.9278038072201352 13.317411308754188 0.02823742568077493 0.9994753350165939 0.015865134238018445 0.16626440907039503 -0.9277175098150258 0.02029357433217686 0.3727309925716297 10.772504111426331
0.3589008991673964 -0.02425113704262606 0.9330605698072201 14.069284973404658 0.026983289879325877 0.9995141650014616 0.015599231670800384 0.16809445363738207 -0.9329855554316597 0.01957846555710641 0.3593809080102984 11.063913940114276
0.34553744978444684 -0.022762453685240356 0.9381288512239075 14.82825083330562 0.02604511709269954 0.999553272218408 0.014659736460840202 0.1724214617053214 -0.9380434545755804 0.019368187826975584 0.3459759393775968 11.347226439951072
0.3293486255848471 -0.02152300116508272 0.9439630518437787 15.550371327180944 0.027704241496748848 0.9995300079154259 0.013123958232132343 0.17323049020537942 -0.9438018636496022 0.021829422746302365 0.3297901127597691 11.608956765539235
0.3108826538402186 -0.019226140420958947 0.9502538245467769 16.334082928510444 0.026213066762498894 0.9995885090092087 0.011648510104393345 0.18007198080005388 -0.9500867595499727 0.02128774720962617 0.3112587045314098 11.872580496346
0.2899301479214315 -0.01749811332440769 0.9568878332157554 17.108558341768074 0.024565135102297762 0.9996394936314692 0.010836831161651649 0.18095292565006107 -0.9567324931576554 0.020364154838992756 0.29025546977452604 12.119904327038752
0.2677486641590459 -0.016105134419883316 0.9633541807073679 17.842517727536 0.02216692975865698 0.999698598016975 0.010551793590162725 0.18246928963812992 -0.9632337619010877 0.018529375818200713 0.2680249655641554 12.333042730725692
0.23946111235263556 -0.016047597579701315 0.970773325901963 18.624186174672243 0.02103390525492473 0.9997144763744106 0.011337572807501755 0.18158912703525168 -0.9706780879882712 0.017704246365166692 0.23973028419470954 12.536990778994944
0.20767827613584444 -0.015710076556728795 0.9780710235539266 19.42152154671061 0.020059630268413547 0.9997291654177144 0.011798603590881342 0.1804583884654596 -0.9779914850624919 0.017169429454176145 0.20793716800389384 12.713668632177482
0.17437987013718742 -0.015067193364664763 0.9845631724653576 20.22266704494928 0.01831129209709305 0.999759639009967 0.012056566194215525 0.17531358127164548 -0.9845081805006359 0.015926201391806054 0.1746138557977432 12.861592872523325
0.14188489799731863 -0.013717065342287761 0.9897881176487653 21.02508729914729 0.018481465736047517 0.9997664025927193 0.011206055106962012 0.17632008622721776 -0.9897106199008567 0.01670276519646899 0.14210526552613678 12.983321052405248
0.10921994664570561 -0.011556766438438603 0.9939504235142699 21.791923886973553 0.01729953932349662 0.9998030668418221 0.009723861006915916 0.17633408919823015 -0.9938670581088317 0.01613284485682562 0.10939836435213085 13.074109309894382
0.07514127279508304 -0.009294848278911583 0.9971295777972926 22.596622986004693 0.018238524093427338 0.9998020942478143 0.007945349367921522 0.17835565220512628 -0.9970060909350698 0.017589148164617714 0.07529592621925002 13.13465501178315
0.04234887185270636 -0.0067150311448565545 0.9990803177970863 23.37747574385357 0.018743580151240908 0.9998067651685979 0.005925413590483658 0.18098313037948408 -0.9989270500171258 0.018475407433339246 0.04246655230007551 13.170707434487944
0.010402108388622877 -0.0038172510406243674 0.9999386104834459 24.16646684539174 0.021491293810243242 0.9997625790984289 0.0035930105509955883 0.18161747910868395 -0.9997149195802938 0.021452599584913183 0.010481676374332505 13.174412439814777
-0.019570857495235683 -0.0017433630219250758 0.9998069524774645 24.902785199505907 0.02309226904114453 0.9997309277869741 0.0021952532262212027 0.18150228567807278 -0.9995417593314612 0.023130774123872745 -0.019525333313359927 13.156398792181783
-0.04764552538421701 0.00031977082740926657 0.9988642558713773 25.6383794373165 0.026239506236170274 0.9996552507979191 0.0009315925245130894 0.17366367596950225 -0.9985196003200659 0.026254091086299017 -0.04763749025597802 13.116430860671397
-0.0753967640378711 0.005355143634153495 0.9971392332113281 26.431708420893717 0.02734708690129574 0.9996205492090169 -0.003300672215901081 0.16718339070868235 -0.9967785435143711 0.027019993259092934 -0.07551460225445139 13.059599325511165
-0.10086698010278689 0.013004906537511915 0.9948149198373006 27.20365065226617 0.02878895892721762 0.9995340023802166 -0.010147607090954497 0.15769654844551365 -0.9944833071343286 0.027616127384845125 -0.10119437405030501 12.984388065476
-0.12133463192364852 0.023074112051198872 0.9923434347286234 27.96240564322533 0.02764307308013047 0.9994205778124268 -0.019858729963473685 0.1483048694267291 -0.9922266714852205 0.025021870396201806 -0.12190216731148124 12.894261821674446
-0.14388504619805348 0.03176854883433501 0.9890843506928741 28.74291656405862 0.027109932687726844 0.9992359987903505 -0.02815084849729154 0.12864588275047353 -0.9892230006577136 0.022763524033220635 -0.14463636106919325 12.792250204238844
-0.16639055481512566 0.03932899855897964 0.9852752981480164 29.49403912710796 0.030446420296537983 0.9989327665855811 -0.03473245359607649 0.10181404138011615 -0.9855897720448612 0.0242189536112695 -0.16741040447515187 12.661470571573693
-0.18990590889946318 0.043708604609372204 0.9808288860184384 30.224929797256635 0.03270551300030855 0.9987357400854424 -0.03817421767856931 0.07574078917122591 -0.9812574051615897 0.024829002377979525 -0.19109533080758107 12.52130191421814
-0.20885164490947966 0.04514688833350595 0.9769046774851715 30.952511144297276 0.035745605890430805 0.998618724877169 -0.038508362523267996 0.04669087458718757 -0.977293836099528 0.026877514738148263 -0.21017696620555254 12.362198192908897
-0.22811700235829102 0.043212032827404545 0.9726743306235601 31.644653170425723 0.03701430307506076 0.9986773348972636 -0.035686441828323624 0.015551385779116494 -0.9729298919258957 0.027862178332321595 -0.22941474323949396 12.203757376234412
-0.24624049346791554 0.04336601435811111 0.9682380947759543 32.35153357130237 0.04126489649642621 0.998561731746296 -0.034229756192206785 -0.018048528656161175 -0.9683299167607169 0.03152549270877122 -0.2476758276773342 12.025156212810655
-0.2595596369583756 0.04415648659171471 0.9647170567342076 33.07150803840427 0.04256460407585678 0.998506447828859 -0.03425095800207559 -0.05806858588100162 -0.9647886034473574 0.03217263334062209 -0.261051474468213 11.830660416571705
-0.26740883227058965 0.04737528397594945 0.962417840073571 33.788822251158244 0.043148332370167186 0.9983774880836656 -0.03715659701081124 -0.0965217563630199 -0.9626166099945259 0.031590722624662934 -0.2690191227528229 11.6304829198513
-0.27183483307999373 0.05082509020359899 0.9610008500153203 34.52370697837771 0.043131902958460325 0.998244331898511 -0.040594245647353755 -0.1349591910894129 -0.9613768576742182 0.030414865416302006 -0.27354976419319826 11.418825836195797
-0.2782647445590874 0.053585404575426016 0.9590085173510993 35.29427830867412 0.04037784265865625 0.9982125766153378 -0.04405997854290576 -0.17797354030640156 -0.9596553348769018 0.026462356347393357 -0.2799310306822825 11.195604952941306
-0.28897357033537613 0.05455450743112869 0.9557813983158346 36.010572198817144 0.04016574129524643 0.9981867980617329 -0.04483112090354757 -0.21744861362050813 -0.9564941133503272 0.025434659309927637 -0.29064082512950445 10.978390160459972
-0.2996850576220021 0.057297442201417983 0.9523160553908943 36.73790003138712 0.041439213207343784 0.9980346059572285 -0.04700762619571819 -0.2626246494813809 -0.9531377958337681 0.025375744894982528 -0.3014704193186642 10.750445663471357
-0.3084529895452685 0.05916661042973382 0.9493977382798228 37.45336885862149 0.04337042767070314 0.9979005638662868 -0.048098551319219605 -0.30826601553720884 -0.9502503666109511 0.026339643991584387 -0.3103714933916288 10.514305196209493
-0.31424582411120994 0.06212882854737693 0.947306481922296 38.179991356300484 0.044703486690499394 0.9977177240795371 -0.050605744093545076 -0.357306179522758 -0.9482885427476064 0.026445258949000093 -0.3163060036937989 10.270442754565707
-0.31464049334878 0.06570077775577526 0.9469344051979113 38.941439972213004 0.04571639884381184 0.9974928719193021 -0.054018342689642465 -0.40687742006146727 -0.9481093664878485 0.026294072953202883 -0.3168552522928125 10.015543796271311
-0.3153325617102481 0.06680756509216368 0.9466267082497247 39.66170746321413 0.047963583353676356 0.9973659879256027 -0.05441121944104734 -0.45509681030251714 -0.9477683631547996 0.02824597981382803 -0.3177063021522067 9.76949898913886
-0.31284068571398616 0.06633903085555534 0.9474860623498104 40.4548449290095 0.0460846411200991 0.9974431290116809 -0.05462060270831291 -0.5114242618411836 -0.9486869405735671 0.026577008344307027 -0.3150980028699516 9.512880484111541
-0.3098558089954372 0.06724301475390541 0.9484027386077022 41.25386619323083 0.044617859599574414 0.9974253729419026 -0.05614153557269007 -0.5674885063275046 -0.9497360813597303 0.024919919311928326 -0.31205828523683066 9.254591878952658
-0.3053334632984855 0.06727946344466018 0.9498657536666701 42.05142930409334 0.042451419456800914 0.9974709330077056 -0.057005392647014916 -0.6245291907321635 -0.9512987717727042 0.022917495572951054 -0.3074173632383322 9.005496141225207
-0.3020283973962938 0.06783145220850512 0.9508826117126717 42.892804037652226 0.040274837153539744 0.9974826686244014 -0.05836320147317753 -0.6826161450244697 -0.9524477857911594 0.020669298130999603 -0.30399999252679194 8.739400133692165
-0.29787976828117857 0.06860005117939962 0.9521353247448262 43.746279578502715 0.03733693741710037 0.9974886055969174 -0.06018666636913177 -0.7439921514088277 -0.9538729458125245 0.017621426800954534 -0.2996929905160207 8.477580070743318
-0.29614743613368016 0.06881170724309559 0.9526602988567009 44.5853147897937 0.03646797893379075 0.9974888467381087 -0.060713154633598006 -0.8053850938980575 -0.9544457986622042 0.01676155062543725 -0.2979131884235717 8.218398002187289
-0.2958097033462421 0.06904743673523238 0.9527481676112017 45.44499746512473 0.03384255930760388 0.997515600761555 -0.06178436223532317 -0.8691374738685053 -0.9546472126318286 0.013967022503325297 -0.2974115359172742 7.955591484425136
-0.2958538156713781 0.06951050225654094 0.9527007976425388 46.27872304418258 0.03305504895411167 0.9974965555983923 -0.06251388092243629 -0.9319267733180636 -0.9546611354251977 0.012996601301366418 -0.2974108351477562 7.704442034127087
-0.29740730614771965 0.07120102804613716 0.9520920690012759 47.16401464480298 0.03322708851922811 0.9973831687730284 -0.06420884079944603 -0.99898458415569 -0.9541723402187324 0.012539069082129393 -0.29899484428341166 7.426329564289476
-0.29868124378554384 0.07180339189041772 0.9516479325484567 48.03547170566305 0.03226939196812384 0.9973552707089521 -0.06512411481994196 -1.0719356094273953 -0.9538072137244132 0.011257748536207996 -0.30020836454897026 7.151768034632026
-0.29891275371155873 0.07196123082668082 0.9515633173501814 48.887213780040824 0.031411557560777396 0.9973543045061861 -0.0655568862484171 -1.1374752436277389 -0.9537633247929902 0.010294296522399743 -0.30038233593027724 6.884032132981916
-0.3003178627681635 0.07253756264219807 0.9510770122909562 49.79225165856863 0.029017272773882823 0.9973374404385258 -0.06690312235087423 -1.2095830546961146 -0.9533977025266678 0.007505458377684685 -0.30162309081271 6.605316460495352
-0.3015632319846269 0.07284967553887067 0.9506590040013652 50.70425398655725 0.028659713610029707 0.9973187849596976 -0.06733395861156585 -1.2851954167446589 -0.9530153398192378 0.006940168614252312 -0.302842526948955 6.318823297268285
-0.301195695036196 0.07450500100872917 0.9506472311621973 51.60587765261573 0.03017938710579788 0.997188303443699 -0.06859075789780877 -1.3577648949926622 -0.9530846541024472 0.008030709792208917 -0.30259733940445027 6.039246672247657
-0.29918295130429895 0.0758291773497089 0.951177952599468 52.49097570892491 0.02962123428855274 0.9970949678875889 -0.07017269762857023 -1.4345570712747089 -0.9537358880361334 0.0071805902065549335 -0.300559969051458 5.765749708336415
-0.3001231524767528 0.07556940481450235 0.950902391627762 53.328142687337376 0.027027728648302527 0.9971304883311569 -0.07071273665035305 -1.5051603493043677 -0.9535174855405272 0.004478202368174679 -0.30130441495607097 5.511233885512885
-0.2978463195152531 0.07479504643717752 0.9516791849040717 54.21525561463146 0.026113876606647372 0.9971911301010243 -0.07019911321672581 -1.588908660708223 -0.9542565878210066 0.00394348529886334 -0.2989628965672949 5.235652272940077
-0.2965966172401069 0.07420476345596483 0.9521155915760281 55.10331730929115 0.026466590427452995 0.9972324499262659 -0.06947632981960965 -1.6718547065544809 -0.954636038620411 0.004592808999080655 -0.2977397183323498 4.9645204751042815
-0.29406254461639075 0.07498563438659674 0.9528401620887802 55.96988549268572 0.027091861122228375 0.9971710740649824 -0.07011333759723043 -1.7541781923112427 -0.9554021409410108 0.005196506877601169 -0.29526216385037213 4.704611048000221
-0.29367477746838966 0.07657451851393762 0.952833389524764 56.885254546386854 0.026422974464405443 0.9970556898413434 -0.07198456623093913 -1.8370456041283 -0.9555401359960478 0.004036640851216126 -0.29483343438506604 4.4359831126499785
-0.29224361157862966 0.07777188269971333 0.953176377043001 57.79515939872176 0.026615316052387032 0.9969632301941471 -0.07318430564187518 -1.9214456403061437 -0.9559734810353845 0.0039814447370128125 -0.29342605824107626 4.163935605462638
-0.295577056444151 0.08064835286552814 0.9519086336849185 58.67255189700572 0.022372056167652307 0.9967413143232884 -0.07749995757363387 -2.002102363347425 -0.9550569065802532 -0.0016110559148891299 -0.29641813320408816 3.903844941523164
-0.29817430657720106 0.08343041484168626 0.9508582695525919 59.569884262435885 0.018487822322696003 0.9964906581417499 -0.08163680947946506 -2.087782904614054 -0.9543323757072112 -0.006762700316160074 -0.29867035768797695 3.632559588818963
-0.302584437730127 0.08559387291843337 0.949271482223271 60.451265201667034 0.014928148577449875 0.9962629201738016 -0.0850725823448365 -2.1745243598548902 -0.9530056707195359 -0.011570773768097224 -0.3027314135844099 3.360925867164798
-0.30921385408197133 0.08547812268680352 0.9471432220027304 61.333557504010535 0.013177030788790407 0.9962418173324247 -0.08560728507422363 -2.262759913842807 -0.9509012347785467 -0.013990423157570576 -0.30917811978939835 3.0779354131974714
-0.31460764176706707 0.08521900754967643 0.9453886780018116 62.21703744153989 0.014535682852212135 0.9962775616294335 -0.08496901857577517 -2.354691853985753 -0.9491105023472161 -0.012990032561880305 -0.3146752506764023 2.7877072170650568
-0.3219002390237283 0.08507149095527886 0.9429438358370624 63.09794150132021 0.011767008108852874 0.9962374977678854 -0.08586259698698182 -2.446029257028889 -0.9467004666929414 -0.01654356273081995 -0.3216901255797862 2.4958313563260552
-0.32727233654105686 0.08824306919287725 0.9408007113487842 63.94206693119952 0.013126552322752665 0.9959584871959708 -0.08885035400284905 -2.538618491214624 -0.9448388811639132 -0.01672879319420971 -0.32710798846740224 2.203350163912107
-0.332957437351984 0.09109050800963836 0.9385317598582086 64.74024120721897 0.012560840885507588 0.9956631930860536 -0.09217934264212099 -2.6236936160712436 -0.9428581919823622 -0.018903049601336694 -0.3326576386129151 1.9209854508083608
-0.3391344627289911 0.09463566063541433 0.9359657621545872 65.56167793891017 0.012177745285132546 0.9952854928798207 -0.09622104854314886 -2.7169140336940725 -0.9406590874005785 -0.021233920953777442 -0.33868805985986533 1.6230877422700913
-0.34443837365341556 0.09800275943943497 0.9336796377223006 66.38149911193968 0.011028273877908862 0.9948901404784988 -0.10035928235069674 -2.8144640221431128 -0.9387441525411832 -0.02427071323486967 -0.3437591432221212 1.326442324083482
-0.3473248026923219 0.09941159265525093 0.9324606247346244 67.18902807321957 0.011691580835941053 0.9947467008472533 -0.10169713905052588 -2.910705144486638 -0.9376720046862316 -0.024419999984680578 -0.34666248027216895 1.0332921357173825
-0.3503413872345886 0.09574743100618516 0.9317152686557519 68.04323797645405 0.013101347260284217 0.9951648073658179 -0.0973414653707277 -3.0101325749939507 -0.9365304410912172 -0.021896018731060396 -0.34990183948247483 0.7150938842564432
-0.35246523390686385 0.09261368366235026 0.9312308867759219 68.84261739462848 0.01567883510167023 0.9955356774236137 -0.09307464266147433 -3.103435845531581 -0.9356935572166961 -0.018204960181132504 -0.3523437900800425 0.41952067134748416
-0.3539987373262451 0.0914746732108431 0.9307616655902807 69.6687744278446 0.017267480194941696 0.9956749124664663 -0.09128692574849931 -3.20126757168219 -0.9350864816150116 -0.016243547822572334 -0.35404719890855574 0.10891981701425552
-0.35391794872221166 0.09646797824522751 0.9302881353352521 70.4940274946892 0.01687882304086958 0.9951632557354375 -0.09677396223571372 -3.29437412726022 -0.935124158015938 -0.018547873390840318 -0.35383440404751537 -0.1965133329852612
-0.35361370329846376 0.1017289306695409 0.9298433058878135 71.30000743322665 0.017639948917172923 0.9946169986249861 -0.10210709205742871 -3.391108242899318 -0.9352252033824504 -0.01970407853862828 -0.35350469338779356 -0.5006557897896506
-0.3525560289245761 0.10345559331011192 0.9300543998507755 72.13330428346453 0.019618300703540786 0.9944687867325797 -0.10318408061390302 -3.495069415038635 -0.935585040894968 -0.018132082822547323 -0.35263558927890054 -0.8127696290976087
-0.35030919546377887 0.10685220901686315 0.9305192491301494 72.94519851429959 0.023116379043282752 0.9941551431274258 -0.10545702638143696 -3.6016346931826595 -0.9363488135270145 -0.015432330397720295 -0.3507317245203922 -1.119532745226612
-0.3477082388460969 0.10710906130154929 0.9314647763740973 73.73358426361347 0.0231783840895785 0.9941318457524664 -0.10566284007062589 -3.7030984101421343 -0.93731624500461 -0.015149991679721947 -0.3481504482297312 -1.4109319574071646
-0.34729974178792644 0.10519112979006394 0.9318356698300027 74.5518877702471 0.020305599416379203 0.9942992280230468 -0.10467438934674983 -3.79989064065707 -0.93753430443178 -0.017431906558473667 -0.3474558340960121 -1.7046480172134617
-0.3455628018286994 0.10321093080061453 0.9327024465259914 75.3451659931778 0.0202915960610981 0.9945225287616584 -0.10253385253081077 -3.8947653557336013 -0.9381762100594921 -0.01650586407273428 -0.345764306037538 -1.9840453074646645
-0.3454027573855921 0.10307839297462099 0.9327763826835452 76.13213258219062 0.017850351759928135 0.9944912603516582 -0.10328842154964649 -3.993890918559268 -0.9382847649474423 -0.01902571906499869 -0.3453400090947806 -2.2642242327918822
-0.3436260950430873 0.10280842311455105 0.9334621229284767 76.90011862123025 0.014444663789799021 0.994450611526797 -0.10420812310937799 -4.081658922788457 -0.938995451795928 -0.02232508388963097 -0.3432042134588126 -2.532125619110604
-0.34094595012336465 0.10352158707040476 0.934365635126261 77.65034141877182 0.01651387193516441 0.9944245045910074 -0.10414987615277804 -4.178236066590415 -0.9399378442898156 -0.020079484041046036 -0.3407545497751427 -2.8031772060610822
-0.3386071495468283 0.10598950068456617 0.934939262209267 78.41279503854494 0.016457258819749 0.994150579418543 -0.10674166981041426 -4.276883039802641 -0.9407839055319304 -0.020756955133450036 -0.3383707905621824 -3.070616401363771
-0.3365720147993874 0.10752357746986232 0.9354987755961863 79.20453172383768 0.013948220420614242 0.9939197289154045 -0.1092200513634157 -4.376998021004975 -0.9415544200952908 -0.023711869618647054 -0.33602532826888126 -3.341417938192759
-0.3311230423996083 0.10964600398450826 0.9371954356495003 79.96592087150395 0.015407581749547414 0.9937215549049393 -0.11081551219004089 -4.477612556171161 -0.9434617836545678 -0.022253654251364843 -0.33073348432809535 -3.6094502693103396
-0.32448772501336925 0.11040790668818604 0.9394241909043971 80.74996874497222 0.016047725847313364 0.9936640498924565 -0.1112395003874594 -4.577198019347952 -0.9457537664798262 -0.02102023054238257 -0.32420358279508193 -3.879372078848534
-0.31434995754607925 0.11084309084863012 0.9428138275406768 81.51236786169544 0.010802285300630807 0.9935132733224825 -0.11320197155672837 -4.672279302810517 -0.9492457083511425 -0.02540049100251591 -0.31350821398133916 -4.132327643632693
-0.3022553501030136 0.11097485305411857 0.9467451005015668 82.31237676049423 0.005641601567683147 0.9933909180852143 -0.11464142443971506 -4.776232743245813 -0.9532102998110419 -0.029309825237148285 -0.3008837956399641 -4.385916695431446
-0.2915597049794521 0.10903718534830181 0.9503177524615728 83.09556207591682 0.0037454654773588017 0.9936044448590402 -0.11285467932131359 -4.881408163554555 -0.9565452994608531 -0.02934449467410684 -0.2901034138228445 -4.623843349207422
-0.28173723683886776 0.10943792620221446 0.9532300192959506 83.79902638131874 0.00013091287584530986 0.9934784398348186 -0.11402005282051703 -4.976515461226469 -0.9594915904999994 -0.03199890454270612 -0.27991419733169676 -4.828186029820296
-0.27049386239084405 0.11044447890004759 0.9563655616391571 84.56208518405789 -0.002416824320899652 0.9933167096738407 -0.11539529125114717 -5.079107670557819 -0.9627186657425342 -0.033525085581279535 -0.26841914847432713 -5.045973933603325
-0.2574003758570671 0.11102095926078528 0.9599059293042502 85.32888448104097 -0.004660377729120556 0.9932237752448155 -0.11612412827598942 -5.188591672523487 -0.966293603097973 -0.03436391847929424 -0.25513877345218594 -5.247279304993568
-0.24622976502973987 0.11313006612821319 0.9625863550618332 86.05188098984823 -0.0075054581427719605 0.992912067120097 -0.1186140593073319 -5.28574149721562 -0.9691824239592186 -0.03643096354918796 -0.2436354120061604 -5.426997279185339
-0.23609650520653014 0.11758644010457323 0.9645889639285724 86.82022839912557 -0.010820931144387792 0.9922719190159509 -0.12360965246116856 -5.394256669234095 -0.9716693612944846 -0.03962155771718311 -0.2329995375223578 -5.6109252751169665
-0.2224209652210265 0.11945115632481054 0.9676054647855256 87.60266384819498 -0.015838524703370292 0.9918923419839704 -0.12609013858655035 -5.500949327417011 -0.974822063437922 -0.043370533386395176 -0.21872572200912255 -5.78489323133276
-0.21050210654777157 0.11928717225951921 0.970288325021629 88.40095872929622 -0.02012472407167413 0.9917883912346906 -0.12629640728517716 -5.611513899628567 -0.9773862381985894 -0.04611244459397226 -0.20637292417751463 -5.9539422756805305
-0.19867556899342026 0.11813025829801116 0.9729199660607164 89.15335912930058 -0.02426821051818423 0.991811958793182 -0.12537979244310699 -5.722210299003395 -0.9797648045543306 -0.04852092815761734 -0.19418199527077057 -6.094968522888251
-0.19060563658718216 0.11933059822332459 0.974386832643411 89.90285136095594 -0.02658492759125216 0.9915926638422472 -0.12663818791819403 -5.833011601581061 -0.9813066457158858 -0.05004195581608918 -0.18583075561364332 -6.230361193027756
-0.1836310712124647 0.12272210304341677 0.9753045242948298 90.71040926704785 -0.03043737297259861 0.9909906432059017 -0.13042665143627946 -5.954253548736387 -0.9825238908097299 -0.05363609328572333 -0.17824133495111494 -6.371861403406206
-0.18279560076762946 0.12752933151071585 0.9748446224626935 91.50241166262145 -0.034869111990964624 0.9900865440644577 -0.1360616782619564 -6.07334335630018 -0.9825323981268826 -0.05886344253378751 -0.17653663009162868 -6.506714019534929
-0.18119498302896858 0.13049480792295157 0.9747509852420178 92.25863580762788 -0.037031175931993426 0.9895491890470245 -0.1393595869162592 -6.188918139816303 -0.9827497494958857 -0.061347433210596734 -0.17446897232529862 -6.634609229262865
-0.17856262507131204 0.13022521176430701 0.9752726711789803 93.0381843358615 -0.040083036144403714 0.9894171514282741 -0.13945268255937637 -6.310649358383684 -0.9831117633011459 -0.06399292680055485 -0.17145310197955121 -6.76768086829148
-0.17665433473468056 0.12964418402024358 0.9756975102813231 93.81941451226487 -0.044654177683678783 0.9892112417666135 -0.13952463430501885 -6.431324507131951 -0.9832595030991776 -0.06821660144187788 -0.16895929939745274 -6.895854600689672
-0.1743241990557844 0.12951726725640156 0.9761333674790517 94.56793906296377 -0.04678828911570836 0.9891028306832748 -0.13959386209987293 -6.546670338072392 -0.9835760924428697 -0.07000619841676381 -0.16636466739680195 -7.014716156378018
-0.17211097257650437 0.12838835579884178 0.9766750960345206 95.31471498426512 -0.045452436046368686 0.9893792429833024 -0.13806806151763967 -6.663602500237492 -0.9840283985618611 -0.06815529069014363 -0.16444746022581652 -7.131519900268337
-0.17085020800193235 0.12690359049794273 0.9770904181008156 96.04961140141921 -0.04744488591203508 0.9894609748373984 -0.13680629398759217 -6.778560382368785 -0.9841540475080567 -0.0697313271962895 -0.1630286869877618 -7.244215439122944
-0.16893165825153417 0.12696874948462378 0.9774154856020534 96.80337332412577 -0.05109676440219998 0.9892063078862319 -0.13733171922653464 -6.896825017335145 -0.9843024004380021 -0.07314244385034259 -0.16062056966524102 -7.359976979468598
-0.16772672277770018 0.12800257090747666 0.9774881525150723 97.5569848254789 -0.05792557188939271 0.9885419552767125 -0.13938949307240223 -7.015264064577671 -0.9841302630178281 -0.08000090311222044 -0.15839028036369474 -7.473509906076042
-0.16649562192691109 0.12813073927903673 0.9776818099622078 98.31080935203822 -0.06320473876935906 0.9880954222734941 -0.1402590370680701 -7.1346286716850456 -0.9840144149738195 -0.0851466390057335 -0.15641509195010278 -7.586449181493195
-0.1640678019870473 0.12994758060232367 0.9778524339831351 99.14660727986353 -0.06660936878248627 0.9875633805275146 -0.1424140492769806 -7.268560429806301 -0.9841976165087669 -0.08849969342698369 -0.1533716268473152 -7.71055741435423
-0.16164718316662974 0.12843703968660364 0.9784549632000623 99.95991097652484 -0.07068901716561463 0.9874405479310537 -0.14129482352081826 -7.398389691820532 -0.9843135938441838 -0.0920059299075964 -0.15053789501446135 -7.829174957734503
-0.15766959970268668 0.1252495474170093 0.9795166400839902 100.78242635206612 -0.07223133664772087 0.9878037653911632 -0.13793605433360653 -7.52702087902814 -0.9848466537160384 -0.09250011865329891 -0.14669968204957873 -7.9451753721633045
-0.15051046744109964 0.12356476501052774 0.980855926239198 101.57072071132575 -0.0728013251435832 0.9880790196123347 -0.13564592901840383 -7.650900045312665 -0.985924219323169 -0.0918237433881925 -0.13972055647677417 -8.055844624878906
-0.14720599434325377 0.12682025468200353 0.9809419035966432 102.34946467273241 -0.07537478517151623 0.9874239852957412 -0.13896947514840927 -7.772295168051008 -0.9862297080243335 -0.09439542502191683 -0.135795680141785 -8.155577218397655
-0.14427259672122222 0.12791341647978197 0.9812357391166431 103.17025437200273 -0.07728197776003273 0.9871247022098755 -0.14004398666334048 -7.898706618954242 -0.9865155415647606 -0.09603634817887406 -0.13252964226788172 -8.257840078788755
-0.14148452433484843 0.1296907767659527 0.9814083919529045 103.96476807822498 -0.07755173602747913 0.9868823440996386 -0.14159437539509484 -8.022341126260441 -0.9868980989002188 -0.09614333739914936 -0.12957083414444576 -8.355282982424361
-0.13607063627234134 0.12910536556521038 0.9822507757832077 104.77332547658548 -0.08072776567445322 0.9867302623413237 -0.14087731268388526 -8.148848140353827 -0.9874045826274307 -0.09846417603421055 -0.12384262692729536 -8.446140482209962
-0.1302276971249688 0.12804855463391432 0.9831807130724715 105.56090765922774 -0.08169610095834548 0.9868674567851661 -0.1393498110030387 -8.271115304720071 -0.988112591757504 -0.09846923577719208 -0.11805640861776429 -8.536718391781925
-0.123666645088305 0.1270043874664753 0.9841628150142986 106.31088344444925 -0.0839281986318085 0.9868835777579044 -0.13790163677845838 -8.389802176637133 -0.9887682328872741 -0.09965284499713782 -0.11138533169566583 -8.619352941027817
-0.11843746862472954 0.1272328406072662 0.9847763046990786 107.1072819662564 -0.08554402598780259 0.9867621484714797 -0.13777765407259568 -8.51519763659491 -0.9892698244885288 -0.10055976638276205 -0.10598560157625164 -8.704313865105965
-0.11299769085139011 0.12830265787441453 0.9852765854543661 107.90776278765736 -0.09215946710996599 0.9859995040378363 -0.1389662212882976 -8.637019814737148 -0.9893119601441505 -0.10650542718332215 -0.09959136255839307 -8.777949141454904
-0.10848623982952532 0.1274226725881386 0.9858976611586755 108.67458571175607 -0.09756534789341406 0.985598246443981 -0.13811987364961875 -8.752662441101624 -0.9892986094491832 -0.11117355403622571 -0.09449181035871101 -8.843738550809155
-0.1064164732279505 0.1273557678892337 0.9861318586330474 109.45983671177115 -0.10046287536588082 0.985311158020771 -0.13809102995121306 -8.874068883351477 -0.989233412748955 -0.1137648023999996 -0.09205881183213621 -8.910902738775922
-0.10370093623490018 0.12755213430192147 0.9863957465738736 110.24980932400855 -0.10236756980652909 0.9851071722598665 -0.13814752916384326 -8.996105351025953 -0.9893265368299339 -0.11530096355709313 -0.08909933404293957 -8.975845715027864
-0.10104073671323538 0.12818836094908054 0.9865893338373547 111.01296321206264 -0.1032517419399648 0.9849582392831957 -0.13855087388576884 -9.112644338428511 -0.9895099025835011 -0.11586634966777695 -0.0862852345645238 -9.037975993522478
-0.09934922461057655 0.12700710841722435 0.9869138391879874 111.78964629811394 -0.10422736140110314 0.9850365342249305 -0.13725772611223447 -9.231922060860628 -0.9895788946337937 -0.11649987404985794 -0.0846250000988254 -9.100199964157673
-0.09619160081213196 0.12546913599518983 0.9874232485848305 112.57933482029644 -0.10716525761097016 0.9849516063676941 -0.13559476639927423 -9.353582970477534 -0.9895770730440222 -0.11886054444734764 -0.08129813945783892 -9.15706236595647
-0.09419668671258358 0.12522400608173215 0.9876466637989588 113.36317460149338 -0.10903647109104699 0.9847920586295194 -0.13526141072842887 -9.473676273303374 -0.9895645669608338 -0.12043068363617208 -0.0791101653047292 -9.210578409032465
