1.0 0.0 0.0 0.0 0.0 1.0 0.0 0.0 0.0 0.0 1.0 0.0
0.9999088456429096 -0.004086374324497026 0.012868642117350535 0.014619734138250351 0.004097586433048728 0.9999912478184172 -0.000845027803688602 -0.003246457315981388 -0.012865076388737517 0.0008976811490742481 0.9999168385311185 0.37996727228164673
0.999518051428039 -0.00889464906713345 0.029741386777832644 0.04294321011538886 0.008929873026843999 0.9999595748030329 -0.0010517259444430235 -0.004142774146998248 -0.029730829743223452 0.0013168058741943073 0.9995570738007256 0.772421378707485
0.9986416483915467 -0.013625745993097526 0.05029112390816491 0.07081436248355231 0.013683072135259513 0.9999060657399961 -0.0007957595769467121 -0.005966249489566046 -0.05027555703078877 0.001482815731844119 0.998734283792616 1.0790247885336952
0.996556097925591 -0.02111144329518357 0.08018884367113961 0.12096709887326784 0.021143122388940293 0.9997763560730045 0.0004541068501285891 0.00038105656129850535 -0.08018049677425622 0.001242899585361077 0.9967795860357767 1.4453739857950585
0.9931698536329754 -0.029443513235906243 0.11290137892418102 0.18804171925385527 0.029515612528567235 0.9995637853859325 0.0010332289239519035 0.006287105857651628 -0.11288255158224399 0.0023061815350964047 0.99360566175672 1.8140019677595345
0.9891040672381699 -0.035418836687168546 0.1428938423468193 0.2705107515490483 0.03546646356029439 0.9993684134501216 0.002214533971975003 0.008304113678928596 -0.14288202873502415 0.0028775346938663417 0.9897355432935857 2.1930370339779417
0.9825000647003386 -0.040606790533628395 0.181782043740268 0.3726345885732878 0.04039783183421147 0.9991718861551431 0.004853565727243913 0.013023915160892028 -0.18182859523992764 0.0025749717924541298 0.983326869089492 2.6129526627601676
0.9740601098379582 -0.04737751028572927 0.2212742053236003 0.49478089492348387 0.04696600782496664 0.9988710856572881 0.0071237873926744445 0.016973972807826407 -0.22136191301000804 0.003453368928520755 0.9751856119281055 3.046938871449673
0.9635306602584364 -0.05394447387606638 0.2621042931357215 0.635066095162363 0.052756025527521344 0.9985403528536152 0.0115743463537833 0.02717664824733297 -0.2623460853767049 0.0026753431952204086 0.9649701415206102 3.4686178661158236
0.9507554880486151 -0.06294240127152631 0.3034835350848771 0.8081221194647121 0.06048268978654239 0.9980156961177373 0.017507556620299645 0.03270320945124632 -0.3039832991820843 0.001710094968790125 0.9526758259731235 3.8988996096129296
0.9380193475014991 -0.06907172197626057 0.3396303887111635 0.9667698606696531 0.06565876200571108 0.9976095076251222 0.021545237706707042 0.043275975339782904 -0.34030667152546284 0.002089861046883393 0.940312183158373 4.285123373450134
0.9221500449138533 -0.07487781100583954 0.37951628171180257 1.165273888576457 0.07019758703497836 0.9971895778647943 0.02617717655325194 0.05182325712252432 -0.38040977043162966 0.002501842682356481 0.9248146556707175 4.702431210289497
0.9031908455124145 -0.08167276783490847 0.4213975030499768 1.3781137747920063 0.07507543977626323 0.996656053214997 0.03225507607037978 0.060224436618388 -0.42262273356383795 0.0025041134340226742 0.9063022423512693 5.1162528482743275
0.8834939360321405 -0.08968394190402448 0.45977739783398636 1.6270235755443025 0.08123784695557312 0.9959636604712414 0.0381680395455256 0.07783641872008007 -0.4613446403898706 0.0036300943901622397 0.887213584881487 5.5312180110075
0.863154981774534 -0.09859299268528607 0.49522005132179714 1.910590693064392 0.08879837369730686 0.9951061930033095 0.043341821318143126 0.09737890096266716 -0.4970697398419237 0.006564026189735488 0.8676857652939012 5.957779671638736
0.8392404929616086 -0.10547618097304826 0.5334324420401302 2.194035008274296 0.09389434196170726 0.9943806525133606 0.048897550600017145 0.12082060801625302 -0.5355924266838863 0.009049483656210975 0.8444281256118972 6.340018850956056
0.8124918481228394 -0.11260230062171521 0.5719945092644074 2.5048822104272084 0.09920834075767852 0.993563673077434 0.05467113191609102 0.1484736846260163 -0.574469060836214 0.012326777177152096 0.8184334723765784 6.732344134519801
0.7834334962744092 -0.11786634572313884 0.6101962647059789 2.8565565470931955 0.10200955217376881 0.992922215036208 0.0608237301790818 0.17534840810483587 -0.6130464975681393 0.014594500110114043 0.789912015597923 7.136541452636225
0.7521596299557992 -0.12254014306303285 0.6474873005726418 3.225917510812971 0.10436632223339343 0.9923090605431671 0.06656124358372864 0.21118799482032485 -0.6506639392560729 0.01751118791025926 0.7591638798373781 7.538704110552195
0.7223453092292771 -0.12692593340461136 0.6797845700395299 3.5922434959387086 0.10649692324014434 0.991702700755372 0.07200110176159887 0.2450137646235054 -0.6832830010872825 0.020385307058503555 0.7298690154276228 7.911145468624421
0.694382823616877 -0.13152322798152685 0.7074843706875598 3.973434362912466 0.10953714152427907 0.9910171716189446 0.0767240521810307 0.28154249149315724 -0.7112201550100667 0.024219951645426046 0.7025519803187165 8.263462192043841
0.6672063183045767 -0.1376518244806805 0.7320435123895246 4.39567219268021 0.1132447826967127 0.9900975125062002 0.08296104459931468 0.32192450563811137 -0.7362141998130887 0.027547975355279503 0.6761876670329019 8.622072760843961
0.6361558747452061 -0.1408501132707206 0.7585953787222717 4.829029323502908 0.11452074217480719 0.9895427154367893 0.08769386488071214 0.36559179719161106 -0.7630142217802318 0.031087938458676138 0.6456336712436059 8.958907283236858
0.6073078984768252 -0.14548937042468346 0.7810313435074753 5.282208873086327 0.11790998452069618 0.9887075178597219 0.0924915113834635 0.4149724768351395 -0.785668092770727 0.03592056821790836 0.6176045342943259 9.289158822724483
0.5804163107415619 -0.14962936807634966 0.800454844719068 5.78409711583101 0.12352184609819242 0.9877764815975607 0.09507878806147259 0.46870400817701857 -0.8048970491694261 0.04368838074152244 0.591804077061433 9.635346318357794
0.5577883098255788 -0.15310593043897042 0.8157394041520499 6.286485571469114 0.129517912182817 0.9868545362445238 0.09666040925534111 0.5240052957282922 -0.819815413276506 0.05173681820544318 0.5702858842688013 9.96239965548374
0.5368970042892571 -0.15599980847927644 0.829099310420441 6.7661258052631865 0.13580746964895432 0.9859198568880755 0.09756211857757849 0.5807227574558556 -0.832645145288658 0.06021707023947784 0.5505233568877927 10.262316795224182
0.5152784952691629 -0.1591467737446423 0.8421166051799591 7.341833053687312 0.14174870378301635 0.9848997977702386 0.09939664646243357 0.6488651608176543 -0.8452191297462346 0.06815198279444962 0.5300565346755034 10.607165740168123
0.4972961931870439 -0.16387906479534514 0.851962527558271 7.950230546791056 0.14898854834259023 0.983540965033693 0.10222319973156596 0.7194599406774898 -0.8546922888996029 0.07609745214128419 0.5135272817223667 10.94904681803443
0.48173826011139775 -0.16719631674692384 0.860217205367985 8.585686703594572 0.1533769850859579 0.9825646065667228 0.10508232186397216 0.790861211791066 -0.8627883571251908 0.08131534657519397 0.49898303099461305 11.297762711616077
0.4694012010883335 -0.1715030317067178 0.8661692805290631 9.198050272669844 0.16028351443327352 0.9812086260492069 0.10741893300320338 0.8573664939677381 -0.8683154423467021 0.08841008020600732 0.488069616243645 11.629599070051313
0.4591216242538461 -0.17484032586146595 0.8709983895479755 9.798140581608001 0.16652876345193643 0.9800001236374934 0.10894002301113583 0.919201045283082 -0.8726256385676961 0.09502956446892828 0.47905519180065953 11.949647885385811
0.4493714017703124 -0.1770282956432533 0.8756291028812541 10.48719866753725 0.17057009945877283 0.9791391652992716 0.11041891209240577 0.995948978715287 -0.8769100207214017 0.09973704185853423 0.47019287323363396 12.309491271289795
0.4376323311376785 -0.18218835534299965 0.8805028937603865 11.209984630884065 0.17639641990735072 0.9776240182497409 0.1146105666380723 1.0775055753908593 -0.8816814877192733 0.10516026872656471 0.45997725171413184 12.668293815804406
0.4261187433755304 -0.184502925067758 0.8856531415771642 11.874030492087236 0.1797237470537747 0.976733846509928 0.11700584526796877 1.1536481555537246 -0.8866353203482309 0.10931451744101654 0.4493641563227178 12.997632751831517
0.4108656868507836 -0.18760447199235486 0.8921849300773378 12.619751982113703 0.1842241647424846 0.9754963240457141 0.12028457464793077 1.2440768160610618 -0.8928890437750753 0.11494121915905312 0.43535924435420326 13.35044446656613
0.39800497459868783 -0.1917612567679063 0.8971174173972384 13.330372362816851 0.18936866544106487 0.9740211637623486 0.12418647709034121 1.33210440221062 -0.8976255058451535 0.12045909241660803 0.42397884181925777 13.677637705703043
0.3867282648181657 -0.19690805977147555 0.9009264482674288 14.054683849371393 0.19488307928698148 0.9723251114468877 0.1288583061250685 1.4215039838820003 -0.9013666482616023 0.12574217131428417 0.4143996522136746 13.997286429142202
0.3703820693986526 -0.2024206922295548 0.9065555614661905 14.85397381754502 0.1990603558929466 0.9705897045138497 0.13539054695026342 1.5228496522431902 -0.9072993427638673 0.13031304174573588 0.3997829583301782 14.332272943059543
0.35334308356280375 -0.20873966581228232 0.9119081188447148 15.608186840644892 0.20457963570433885 0.9684352380146044 0.14240913744095576 1.6192958915294535 -0.9128503918788718 0.13623854699817425 0.3848937780198801 14.639716295389984
0.33650297165109155 -0.2104815751120874 0.9178579719152195 16.385551727826186 0.20733766706276327 0.9673411928241648 0.14581532320882157 1.7291423715136178 -0.9185732643001078 0.141239241019828 0.369153944729279 14.94092561810347
0.3220481288505189 -0.21242848663107525 0.9225828639051947 17.206079050342595 0.21074773806254202 0.9661351088223044 0.14889037041540581 1.845669420457222 -0.9229682516779232 0.1464823865471397 0.35591082707056354 15.250978778396567
0.3055034367533106 -0.21477947109482431 0.9276515665529507 17.97618235873758 0.2146589483669339 0.9646846227163616 0.15266012767121984 1.9606609571272298 -0.9276794629708679 0.15249051606843833 0.3408188030189405 15.517287644082701
0.28700074443567675 -0.2166806192336659 0.933102396279145 18.74391471615687 0.21718994226204705 0.9634335542286201 0.15692136746350835 2.078466114224782 -0.9329839771794456 0.157623906292554 0.32356699845858833 15.768089388447395
0.26442954496011273 -0.21863646771683626 0.9392950072988213 19.541764591721495 0.21891141186153712 0.9621473001832166 0.16232795972024136 2.2025160366704517 -0.9392309670730499 0.1626980876791508 0.3022821906043609 16.018901850405832
0.23887239045886233 -0.22090066414060916 0.9455912846778499 20.318317111351668 0.21897662791335942 0.9609526806202117 0.1691720486266085 2.324720071052464 -0.9460386976779348 0.1666518592487562 0.2779171464749338 16.24978478333491
0.21202447567822152 -0.22232000796457815 0.9516403920452332 21.103048114848356 0.2196488259959681 0.9597061765108181 0.17526679093764233 2.449550079653933 -0.9522604764201694 0.17186584543072023 0.2523135276246908 16.458265899200136
0.18481175733650745 -0.2238253093456512 0.9569466261221236 21.91152669611077 0.22010985143023748 0.9584110492092478 0.1816587846953394 2.5940352353903906 -0.9578080536587437 0.17706070046724773 0.22639178584148523 16.64721806214878
0.15423607906138403 -0.22551651463320618 0.9619529788630322 22.700169959516597 0.21798620486138895 0.9573789179123905 0.18949306590751244 2.7397172329767123 -0.9636873177571131 0.18046581162256517 0.19682185963329824 16.800949356470305
0.12464460986773651 -0.22521828363409754 0.9663024609033297 23.56215986900604 0.21622694173697063 0.9566557804417832 0.19507851602470075 2.906795341809763 -0.9683540834312605 0.1846251403905598 0.16794024722433165 16.951940438826153
0.09975457488447415 -0.2232671978699863 0.9696395119552949 24.39694725405471 0.21374011640356796 0.9565592872941375 0.19826621631312077 3.0672937638012905 -0.9717840230367071 0.18747290003255498 0.14314232191765153 17.074807791692503
0.07526518490991768 -0.2217236498492055 0.9722004808875704 25.234050435279233 0.2125582818098018 0.9561253536886726 0.2016017977791269 3.2370834175270433 -0.9742454150646751 0.19147566720410714 0.11909214959098363 17.173971273543835
0.045990734682703704 -0.2201523586323901 0.9743807219521233 26.073624223236823 0.2123509288879172 0.9552739590573678 0.20581240523180683 3.4074756017540877 -0.9761106163359684 0.1974451876735876 0.09068330905275729 17.24520318504842
0.016350112724853483 -0.21815754471125373 0.9757765930270322 26.927498995999972 0.2105205676509432 0.9547816013324164 0.20993614351281217 3.5844723702141112 -0.9774526916479435 0.20198856265309864 0.06153743695935027 17.29506568388299
-0.014430096989280605 -0.21782474636692684 0.9758812182694491 27.764105607811103 0.20728102331867304 0.9541297640373203 0.21603465173451106 3.760703312105286 -0.9781750097364191 0.20539905853793913 0.0313827512956491 17.32482706348749
-0.047191077750168786 -0.21627317075272484 0.9751917338622903 28.56563618593362 0.20567879953164242 0.9532551607803018 0.22136131068672193 3.935958105868422 -0.9774810655987153 0.21102254395747316 -0.0005023322768105132 17.31765826494602
-0.07728852870111352 -0.2111394747759602 0.9743955077495735 29.39718716212758 0.20493459016166457 0.9530855898842066 0.22277718040756572 4.123704781083235 -0.9757193741473457 0.21690546453790915 -0.030392801238222633 17.285985043968115
-0.10131427679325683 -0.20251917627434102 0.974023305962964 30.21594312152404 0.206285197691627 0.9535060698970854 0.2197102452839669 4.305090671903428 -0.9732326723508545 0.22318637483183631 -0.05482706957550593 17.23328971465026
-0.12602062823397991 -0.19107511567874846 0.9734521567225921 30.996875283207803 0.20783891283669836 0.9544120950860984 0.21424411092075277 4.482583845775072 -0.9700112306413634 0.2293204154054266 -0.08056276750404162 17.161258711111834
-0.15284148229364647 -0.18179729983703483 0.9713852083814354 31.84680181058449 0.20679097520183495 0.9552906950783671 0.21132245614644213 4.67251843201897 -0.966373102825899 0.23317253197719096 -0.10841400493474451 17.066314952199342
-0.17919023427029473 -0.17493758781153393 0.968136199257542 32.70569934513806 0.20780838155549167 0.9551300798553493 0.21105024783402151 4.8593099584217 -0.9616166265708203 0.23900496004517682 -0.13479648577154874 16.948586270568004
-0.20424408879626998 -0.17087292640392435 0.9638914851859314 33.53803657615659 0.20977963664130686 0.9541330946626824 0.21359433915732487 5.036652619421084 -0.956178255474586 0.24583018669718357 -0.15903038409689274 16.805135638303096
-0.22692458461039455 -0.16984231255676868 0.9589884367210948 34.370579931477 0.21258250803141465 0.9522946946455647 0.218960023358111 5.2152274552326 -0.9504282772405679 0.2535515793981175 -0.179993573235954 16.645410660716404
-0.24767556799960916 -0.1714361236335673 0.953554648947593 35.19498567344046 0.21477390003690855 0.9500164787064029 0.2265852202797497 5.398964044684461 -0.9447375216847307 0.26091827398590334 -0.19847586609260598 16.475271852130266
-0.2646244851418919 -0.17225367637792227 0.948842743998013 35.99795426819777 0.2172244231080387 0.9479839758138271 0.23267989084918647 5.582644119216086 -0.9395676834953236 0.26768461400405436 -0.21344206604306465 16.286862399533387
-0.28359534274035597 -0.17089659866044515 0.9435931507499781 36.829223261660836 0.21725850954142523 0.946954852570963 0.2368021267306189 5.78090119617226 -0.9340087909692384 0.2721596218372527 -0.23142324566383815 16.076968402114666
-0.301186041518015 -0.16796888171852742 0.9386551140695587 37.57496631605589 0.22011499087775344 0.9455326539049018 0.2398278365628978 5.966821010363705 -0.9278126746200417 0.2788448586109861 -0.24780876828842047 15.87327766149221
-0.31587478925585954 -0.16473854424683756 0.9343898166996467 38.3804087426855 0.22000644091391122 0.9452527186266552 0.24102793175337836 6.168637994280331 -0.9229411050922807 0.2817064251456652 -0.2623379624886373 15.645140825692927
-0.32746068404985296 -0.16354138984505687 0.9306039513182554 39.204720100060236 0.2184787406206116 0.9451101268504243 0.24296890340454413 6.377905104252723 -0.9192586906298108 0.282879942612272 -0.2737560917481906 15.397894028869029
-0.34585509930265673 -0.1630989336827855 0.9240037814413358 39.996085935039744 0.21903310453523944 0.9435343490714776 0.24853054387724216 6.578414245167673 -0.9123643731558155 0.2883429727838035 -0.2906021002026559 15.141003586641746
-0.3603624682194791 -0.16149604774621207 0.9187262476173838 40.75335910612461 0.2209545526210463 0.9420925886464799 0.25227096561714696 6.777313789268016 -0.9062659527836178 0.29390573485341803 -0.30381152355609237 14.875253934170281
-0.373106690305666 -0.15795382960448678 0.9142439419336771 41.493460042913306 0.2248640432908201 0.9406263445083027 0.25427984987381874 6.97624313890098 -0.9001264131687593 0.3004541025351865 -0.31543584543567593 14.602533223728669
-0.3841820237355169 -0.15476330083561646 0.9101936570603792 42.258012183456756 0.22879342632914118 0.9391412266629382 0.2562563647026228 7.181110260410031 -0.8944594684540237 0.3066954142084558 -0.32539235116463505 14.320578012554362
-0.39170759416253814 -0.15145651082322587 0.9075384763218861 43.00849169753783 0.23221459650951182 0.9381543473940384 0.25679330527408817 7.390026721842906 -0.8903041850083158 0.31133156890190317 -0.3323117698212908 14.03508924220539
-0.39784048680193695 -0.14930751689943844 0.905223846602884 43.761279856631624 0.23802908068768508 0.9360854035691524 0.2590101812125395 7.596728523360474 -0.8860389967761991 0.3185143366037092 -0.33687314165680493 13.740463994644282
-0.3985925557676901 -0.14720039252525896 0.9052381006823511 44.51273912625273 0.24154660043029552 0.9353382635141088 0.25845226372964664 7.80634473587737 -0.884748107829086 0.3216743341437444 -0.3372631145649205 13.450434295094825
-0.40079743929802214 -0.145267760773256 0.9045765254151098 45.28726033441586 0.24644184571527009 0.9338632372299114 0.25916379151208935 8.024513666604015 -0.8823989060128076 0.32679769251081736 -0.3384899390484243 13.145738983195173
-0.3992386668614193 -0.14225144735878872 0.9057444521536119 46.071575396376964 0.25340733360462797 0.9322873275227328 0.25811831050104456 8.241029332199764 -0.8811317779754112 0.3325730967243902 -0.33615758979538135 12.83924629952259
-0.3964763178666752 -0.13846582110640815 0.9075426963819452 46.907015264142544 0.2600556248473734 0.9311292352327583 0.2556744400210964 8.474509368308984 -0.8804417080966381 0.33738044353546515 -0.33316187501526556 12.523290964150355
-0.3945614464578408 -0.13618485091980334 0.9087216027744951 47.75901982120328 0.2654786595285932 0.929885366675911 0.2546257767330478 8.703144460742617 -0.8796830942470122 0.3417117077624903 -0.33074274364533646 12.208047890059357
-0.3936130970667767 -0.13473664336071647 0.9093485397543601 48.59787537452324 0.269287889649823 0.9289070254952143 0.2541963226987714 8.93052878025578 -0.8789498064767094 0.34493155106704904 -0.3293470248431506 11.893351949016743
-0.3978437051483005 -0.13325575123494654 0.907724237330194 49.43245685360643 0.2712071782953854 0.9280969680321496 0.25511308153559337 9.153566609199169 -0.876451397805336 0.34767646266657354 -0.33309762021475253 11.58347269933467
-0.40501910844245304 -0.13122839253571783 0.9048417711340321 50.226886354070494 0.27469364539785124 0.9264608318130377 0.2573202834879789 9.37325348596826 -0.8720681871129804 0.3527739164235159 -0.33918673458243354 11.276656514450258
-0.40702220868891853 -0.12883477402837296 0.9042867480147282 51.04440426143865 0.2803479376028028 0.924600050018247 0.25791429077914624 9.598162423027201 -0.869331901816475 0.3584917690928386 -0.34021419132193403 10.949043893860647
-0.41023646587632695 -0.12555781021409176 0.9032946796918176 51.87217049224646 0.28613108280956456 0.9227442358984697 0.25820936963320223 9.828587958619437 -0.865930162031285 0.36438758405081767 -0.342617342050984 10.622705757827887
-0.4169260331180482 -0.12251798442721394 0.9006453388545024 52.703345943659556 0.2914231884585139 0.9205458386611334 0.2601305136894638 10.06024742933788 -0.8609559850173074 0.370924119484786 -0.34809494315102385 10.289470472532537
-0.42361395350004105 -0.11962085899800759 0.8979098331640233 53.56198827349972 0.29598671129547416 0.9185543215028763 0.2620111165292042 10.29870212135249 -0.8561209523989907 0.37676094349198325 -0.3537062429792214 9.940320059261472
-0.42811807040165056 -0.11746669377539085 0.8960560772903927 54.39633509087583 0.29830684935662544 0.9175742370017663 0.2628127531486066 10.532267728589757 -0.8530697166249024 0.3798145540182806 -0.35778899247098656 9.603334725211946
-0.43418522857194936 -0.11485068210749232 0.8934721641491514 55.26342849506357 0.3021131005628427 0.9158316232254169 0.2645375443459849 10.775717696636375 -0.8486523798106207 0.3847879399354169 -0.36294266699029504 9.243446679559653
-0.439198511562885 -0.11147054634308448 0.8914476904108962 56.144337239824246 0.30707864011809904 0.9138800875506174 0.26556711837442376 11.029239343470385 -0.844279205135461 0.39038122761788946 -0.36714455041493427 8.868892385268902
-0.44324576883393507 -0.10866316766442329 0.8897895843422463 56.974808891067 0.3135401169155774 0.9111304134508861 0.2674583421196346 11.268250481082791 -0.8397772225390374 0.39753450878879804 -0.3697844383240989 8.50542013967171
-0.44606477699118136 -0.1068713915671158 0.8885970517576095 57.81598158588517 0.3191869035052044 0.9085642908193872 0.26950074225987497 11.510499737402991 -0.8361494695080341 0.40384332990947425 -0.3711665792189009 8.138232813975954
-0.44892708996932695 -0.10417322835449254 0.8874752990285841 58.67596236655589 0.3259527004657876 0.9056550538773261 0.27118952864282586 11.761233129746984 -0.8319971784511848 0.4110192962388266 -0.372617542754776 7.764759124271054
-0.4503053832918129 -0.10210845702379492 0.8870168683754743 59.46669488238726 0.3297527444724978 0.9041886980168049 0.27148835314158704 11.985281095339563 -0.8297518841745822 0.4147489136608984 -0.3734904942911341 7.431610360077367
-0.45129235186901506 -0.10007741145962072 0.8867467084010379 60.332767522187375 0.33410788047440976 0.9024677913723667 0.2718893336274531 12.23582575852513 -0.8274703241503172 0.4189706400823628 -0.37384016022833166 7.064878600501869
-0.4523179026184859 -0.09617423169727926 0.8866560957486576 61.20919412379331 0.3404174957801249 0.9002808122365212 0.2713123434079967 12.489275879677075 -0.8243327262323163 0.42455267785775197 -0.37447373764552483 6.686212066572189
-0.4529136318453884 -0.09207895091325355 0.8867867324714181 62.04713630612245 0.3449326937926046 0.8990977681656431 0.2695266963262392 12.738237099299939 -0.8221257074447904 0.42795405136331416 -0.3754525949838788 6.327249512735387
-0.45526375825250814 -0.08951274638746559 0.8858455726908475 62.88881876563779 0.346903776167436 0.8984749067741631 0.2690736181381086 12.979093355621725 -0.8199955368796684 0.4298026409078154 -0.3779907530166476 5.966204171411361
-0.4634698270164487 -0.08654745426074095 0.8818759876571809 63.717708678914555 0.34814171036756936 0.8974052118148808 0.2710373319486318 13.220567116105771 -0.8148576985877269 0.4326354400282926 -0.38578945952920896 5.599405883181391
-0.4709069262507469 -0.08484733948227932 0.8780931589483272 64.5703706317058 0.3501183223911256 0.8956414227347163 0.27430567294125935 13.472002035416061 -0.8097307127280633 0.43660894501202346 -0.3920571412439652 5.210612913611335
-0.4800891285046913 -0.08324560240682854 0.873260899371734 65.40517524160396 0.3548758117125383 0.8919597289306667 0.2801267574283085 13.724690219686575 -0.8022328757617533 0.44438498134596716 -0.39867831819798205 4.809304618295553
-0.4886461898417346 -0.07940123577062536 0.8688615222872131 66.19119705256541 0.35785707315590376 0.8899893784653333 0.28259020048681804 13.969125283131774 -0.7957155373281621 0.4490148660979806 -0.4064756249488607 4.4419650769797805
-0.4967331222437005 -0.07455677074713715 0.8646950290141511 66.97805854435525 0.3630575755454065 0.8870938640594841 0.28505029939837806 14.217689651227719 -0.7883180843448387 0.4555280060367007 -0.4135805043895461 4.047796623949177
-0.5050854812920401 -0.06987399541211173 0.8602361776588661 67.77611582213088 0.36529806780829777 0.8857290900107206 0.28642852644997663 14.471383135783304 -0.7819501123751518 0.4589135036953357 -0.4218440682083352 3.6479618904562465
-0.5128749235558022 -0.06550563128022793 0.8559604693315042 68.56748017169184 0.36874990099569904 0.8836014836584414 0.2885687588639204 14.731836018984064 -0.7752308193714259 0.4636350184651501 -0.42902184833587176 3.233208333067602
-0.5237044151001493 -0.06163760107431096 0.849667282963405 69.35727369282864 0.37072727691570817 0.8814956408698265 0.2924495191963189 14.996020745091247 -0.7670038929205475 0.4681519424944196 -0.4387924190131676 2.812010733505436
-0.5342308639413544 -0.05775851760174916 0.8433631113920758 70.10627864314556 0.37346884128578445 0.8788916704899835 0.29676666950986974 15.253894134634663 -0.7583656167055096 0.47351175823602853 -0.44796004979361426 2.4019448902637324
-0.5415248439424679 -0.05750288170268239 0.8387158410266098 70.88653448990252 0.3771567118815772 0.8750068723973377 0.3035058285109311 15.518562320909778 -0.751334584639735 0.4806832552245991 -0.452150362236856 1.9756427609716067
-0.545201898691194 -0.059367336133084814 0.83619998150202 71.66832650040361 0.3809220874896083 0.8710190059355778 0.3102003458437098 15.788096612208179 -0.7467618448515407 0.4876488600411769 -0.4522668862236814 1.5380617133906158
-0.5486972877071579 -0.059484194802881835 0.8339022227044736 72.45828128493046 0.38316098933552745 0.8686443012989826 0.3140775924389102 16.07113614836383 -0.7430470662846523 0.49185232376136556 -0.4538307491745315 1.0956223663113827
-0.5511059156787643 -0.0531529683084731 0.8327406749185904 73.2407386298958 0.38642759884681355 0.8682485000120107 0.3111563161441204 16.356879295610952 -0.7395647237080452 0.49327406599870227 -0.4579571107208087 0.654192487011116
-0.554689323128882 -0.046762944255547084 0.8307424281035463 73.9970496428058 0.38990910326528205 0.8674011717907226 0.3091700153102582 16.63283110411012 -0.7350446557847263 0.4954073417104698 -0.46290487120107027 0.21839534077857903
-0.5558844601060092 -0.0407429901400804 0.830260486695047 74.78813990543405 0.3968986094887359 0.864584913670719 0.3081629777226715 16.919566347233733 -0.7303861723763388 0.5008322431787327 -0.464438481818637 -0.24025732422172236
-0.555893953292199 -0.03743017597831552 0.8304100761788737 75.57718535790518 0.4032574600549026 0.8614176027316258 0.3087768362655588 17.202145144875164 -0.7268874284256395 0.5065162343206103 -0.46376283892354897 -0.6961795356514443
-0.5576744495234246 -0.035401573508107964 0.829304489884081 76.34265893315988 0.4074209384518497 0.8587865528760834 0.3106345690843637 17.476584106559955 -0.7231924966838083 0.5111089758479734 -0.4644999758319436 -1.134231897723469
-0.5595376505921371 -0.03353865323787672 0.8281260630537003 77.08843973260659 0.41146274530671656 0.8561116491671619 0.31268395127499343 17.74688443939634 -0.7194553681740735 0.5157014668383946 -0.46522679448440696 -1.5630778311715168
-0.5589195526583064 -0.03268051121506593 0.8285776474434732 77.81827204092708 0.418092344998939 0.8518106285186384 0.31562231257623463 18.012415591342485 -0.7161059451711924 0.522829453387435 -0.4624301438715573 -1.9939494980841295
-0.5578206537257049 -0.032184431840450556 0.8293372538504071 78.5620772009162 0.41918451371055 0.8515069258349202 0.3149925375630563 18.27974629846125 -0.7163242713619837 0.5233546766794686 -0.4614969346111109 -2.4116898101553863
-0.5562414687310769 -0.03177828172617014 0.830412890840711 79.31693263696077 0.4215103931499672 0.8503972861670028 0.3148863987954336 18.551696910789136 -0.7161874174616966 0.5251805370444805 -0.45963135943842726 -2.831423354668059
-0.5566447393573704 -0.028263791072166533 0.830269710551935 80.02762995715858 0.42790698528567633 0.8468882861397338 0.31571481235923693 18.814931420502475 -0.7120689896979708 0.5310191982532582 -0.4593216356726273 -3.2500698432920596
-0.5565125981563273 -0.023890514641724342 0.8304956179315144 80.7421949223648 0.4346227289376733 0.8435399203249375 0.3155051288156311 19.078619272622813 -0.7080937872796684 0.5365348508050075 -0.4590572320393005 -3.6614967619154983
-0.5552755840146222 -0.019021616803966496 0.8314488582537014 81.4689944541182 0.44217617423094235 0.8399746364273288 0.314520017012057 19.340936902461113 -0.7043786316603506 0.5422921613419656 -0.4580065010535899 -4.073592657597037
-0.5526382694745362 -0.014856447584522425 0.8332888029233072 82.18486078430503 0.4507743507280679 0.835642891322461 0.31385258148998346 19.597061860870944 -0.7009945990076378 0.5490721666114631 -0.45511133584510405 -4.478777424888308
-0.5450857951858135 -0.011787956839922953 0.8382973935067375 82.93845479012154 0.460781469122917 0.8311270627980014 0.3113008885269902 19.86511779609648 -0.700401251854661 0.5559575969067312 -0.4476038838550409 -4.905837431815803
-0.537889379156655 -0.009008807483370351 0.8429672930655115 83.64685329660517 0.4671433821722856 0.8291948305933363 0.3069413517431735 20.11520589459658 -0.7017492973157197 0.5588870854698793 -0.4418066878306368 -5.2892127152301835
-0.5310052756640024 -0.007400986763354628 0.8473361921999589 84.42297321562845 0.4726595825410651 0.8273588058201139 0.3034309237108527 20.383035649275506 -0.703296748356697 0.5616249921672325 -0.43583374344359027 -5.70601585606164
-0.5229975753329529 -0.005169490582316277 0.8523184924445626 85.13071254863942 0.4803419306778144 0.8242719185491619 0.29974561535407623 20.61908996484939 -0.7040917311178723 0.5661705402600912 -0.42860909172932227 -6.074872289156081
-0.5147983835070914 -0.0018505538703318114 0.8573092789588009 85.8277763924634 0.4893450902248463 0.8204595811912827 0.295613697761559 20.854460506175357 -0.7039346610384539 0.5717015402128968 -0.4214657066795341 -6.438329760527634
-0.5066444467823716 0.0017340143533041974 0.8621533493171658 86.5726113928095 0.49813762583221544 0.816778289915153 0.2910878404425749 21.09959296253424 -0.7036833878064965 0.5769490604182494 -0.41467996263102824 -6.8193313854801705
-0.49883320402203035 0.004359589717542578 0.8666870418684073 87.34449668614292 0.504895088897446 0.8142461765456988 0.28650325161846096 21.347432186478027 -0.7044475734732542 0.5805033660179808 -0.40837416454697373 -7.19666890825756
-0.489024888659774 0.008367321585865284 0.8722296980731478 88.01647922478939 0.5125603376133693 0.8118587018679372 0.2795842422365341 21.553712438879572 -0.7057878991431948 0.5837940014515282 -0.40130786846540734 -7.518541470258798
-0.4800819015452131 0.014953444551609185 0.8770962104038384 88.73975951926127 0.5209848326337169 0.8092808195184815 0.27136572982805507 21.77274139776025 -0.7057592875579821 0.5872315979709682 -0.3963115925255187 -7.860779110203306
-0.4709243628453489 0.019650556115694662 0.8819547041220689 89.48305881895338 0.5268350403757339 0.8081571153812792 0.26330005144494095 21.992419111476245 -0.7075839771440567 0.588639051119575 -0.3909334761644817 -8.208986343658292
-0.46077463288661435 0.020902058824104952 0.8872710079931159 90.25779197700268 0.5341455112518467 0.8049243926357886 0.2584285103261838 22.20514564372274 -0.708784389287539 0.593009128156406 -0.3820534824150542 -8.550567833789973
-0.45098711436241345 0.022579672172089837 0.8922447988549244 91.02547200648074 0.5427815453411275 0.8005157991076589 0.25409181296555783 22.411348040400775 -0.7085187483166279 0.5988861442575104 -0.3732781395959476 -8.883201028474101
-0.4429281083970712 0.02573755047375048 0.8961876306262007 91.76483080678341 0.549480274383431 0.7976446300234974 0.24866538210653108 22.608984547993046 -0.7084392132394295 0.6025783124958024 -0.3674415034456632 -9.19391322098775
-0.437766644434198 0.030601242486586466 0.8985677097353875 92.5079045470886 0.5528406836757588 0.7973176241171627 0.2421813055235323 22.802682437703453 -0.7090328225785758 0.6027836844428025 -0.3659566726756297 -9.502988124980359
-0.4325699827912342 0.03698920974109615 0.9008412781121437 93.26978790631082 0.5589121882555685 0.7950126838994624 0.23573713805496482 22.996991024960145 -0.7074605118360765 0.6054639797722923 -0.36457234315144366 -9.820780019531234
-0.4313135315551373 0.04217047452677264 0.9012160055034657 93.96369032561098 0.5646873988795993 0.7916700249699544 0.23320959052033982 23.172921715702593 -0.7036311384838141 0.6094917740562698 -0.3652711298661764 -10.113955296788841
-0.4273920598533019 0.04404824727231349 0.9029926794202648 94.7024716127094 0.5694260052761265 0.7889102273959243 0.23102960335286898 23.35114372995908 -0.7022037109625844 0.6129277322999411 -0.36225618460976944 -10.420354933661963
-0.42610837536708696 0.04602963191155107 0.9035003737841557 95.40893975777583 0.574340379305153 0.7853902528610384 0.23085770381446566 23.52221420739347 -0.6989740918958548 0.6172871484948975 -0.36109804092711945 -10.715070535015686
-0.4237521270129888 0.04719208542470321 0.9045479765746178 96.1268174112989 0.5800469706868936 0.7811491285343442 0.23097954625246075 23.69814602337763 -0.6956864571406618 0.6225583876740415 -0.35838723092176716 -11.01660840332834
-0.4194031701979766 0.04681420017572396 0.9065921969054193 96.82277858531577 0.586043170615709 0.7766522560911646 0.23100795502144772 23.865081857486604 -0.6932924224326805 0.6281876342068597 -0.35316556064686494 -11.293901111423017
-0.416448144185449 0.047105719987396655 0.9079383207844927 97.49137674233388 0.5931085462374883 0.7709587885965714 0.23204482038123642 24.026805666016845 -0.6890523895790135 0.6351406123294085 -0.3490031618556992 -11.563918019896231
-0.4147940487427466 0.04943969279520005 0.9085711936353233 98.18536929523728 0.600081876492986 0.7654645051125168 0.2323054732835765 24.197002579685517 -0.6839938878617677 0.6415760346125516 -0.3471779848702641 -11.840435389000373
-0.41325259317576724 0.051372766218267474 0.9091661746482804 98.88561085461787 0.6045382857111674 0.762127324831357 0.23172268308217614 24.365402280428505 -0.6809961492864018 0.6453857603298069 -0.34600789733850046 -12.120230438957952
-0.40865682573210343 0.053793814157345354 0.9111014347156776 99.59638560226513 0.6109498012691279 0.7577374534024797 0.22929084595844218 24.538315704614938 -0.6780412517773342 0.6503385097543662 -0.3425199025147236 -12.401386507382478
-0.40496890022691756 0.05755968219350299 0.9125168890682429 100.34277236446039 0.6174431958346687 0.7533003435199612 0.22650053503287698 24.716909870373588 -0.6743619871897228 0.6551530168124784 -0.3406030457806223 -12.692307920137516
-0.4009629598877976 0.058892004397555875 0.9141993418374657 101.10694770207996 0.6242911925439323 0.747897580528834 0.22563181502437074 24.892501036359477 -0.6704395660386491 0.6611965977356169 -0.3366449872384164 -12.989853208049146
-0.3967709694309096 0.05971810705579639 0.9159730047913689 101.85798288134015 0.6313320677375921 0.7421284411413793 0.22508930915359623 25.070973187617234 -0.6663277107122539 0.6675920345081562 -0.33215697704282543 -13.276084092410285
-0.39392701871944497 0.059475653308126875 0.9172154330288941 102.60856244242495 0.6357004782820247 0.7383736703064583 0.22514267678557684 25.24200022159421 -0.6638572179579093 0.6717640729167802 -0.3286740398988696 -13.55708949594386
-0.39603243106467745 0.06035466590565969 0.9162508542142912 103.33980298020201 0.63749462939545 0.7362402867803831 0.22704809537518214 25.4103717549585 -0.660877379728615 0.674023407920642 -0.330050805995205 -13.829245863444365
-0.3964239896634352 0.06422412214028755 0.9158183676661188 104.09905671519513 0.6429504557529082 0.7314918737856241 0.22701178390718962 25.588036096556056 -0.6553340612744408 0.6788187539549171 -0.33127385561290734 -14.112759972180053
-0.3947252826385349 0.06618072904324468 0.9164126048616057 104.83800564137323 0.6481819594664158 0.7269601492330475 0.22669161618671116 25.76424324595575 -0.6511928275620107 0.6834830301700036 -0.3298467050031325 -14.391564832812932
-0.3912316650161969 0.06707360002160478 0.9178447126114506 105.5811146799727 0.6526333539796243 0.723394724858722 0.22532149768692872 25.93797483301579 -0.6488508993304711 0.6871689779280756 -0.32678939121599915 -14.664145001187052
-0.3850243803691852 0.0689237962787475 0.9203291459189211 106.34886881578116 0.6607475401430052 0.7167962958490515 0.2227459504728355 26.118925288717836 -0.6443360262442981 0.6938678408483886 -0.32152527850870827 -14.946848329288294
-0.38135449697072615 0.0703709098138785 0.9217465392895011 107.10859035459347 0.6682336324228888 0.7099731439988322 0.22226548832269405 26.30150691332421 -0.6387742638359161 0.700703981615904 -0.317775659874231 -15.228707639709974
-0.37675039597697907 0.07202755376932962 0.9235102439221755 107.91052293107862 0.6738076250531508 0.705438360359003 0.21986360352326245 26.488072937614064 -0.6356433147225119 0.7051019438577717 -0.31430689654630534 -15.517378345716699
-0.3715135331847097 0.07361164164752049 0.9255047384398261 108.66756856463044 0.677976493113962 0.7025481102894 0.21627303926677302 26.662167488021097 -0.6342913915902593 0.7078188178783822 -0.3109130933424036 -15.78175316375437
-0.36423247653886776 0.07451930995263845 0.9283219137123424 109.43598535911791 0.6832516522145257 0.6987332605158104 0.21198823173720163 26.82827302498135 -0.6328521808293655 0.7114904799736447 -0.30541678756477814 -16.045320801365925
-0.3598566228188292 0.07592950295865625 0.9299128569892334 110.22717800637538 0.6883585958649905 0.6944036979488959 0.2096805851138283 26.997537880329137 -0.6298139840557733 0.7155684557436486 -0.3021524956581432 -16.320017338912947
-0.35760293039776464 0.07767723778987323 0.9306376259856824 110.99048937667186 0.6940542128966368 0.6888578029715859 0.20919769799304572 27.15939149300902 -0.6248270910670898 0.7207226748302673 -0.3002497831042404 -16.580968370826117
-0.3550986394318509 0.08193639613817033 0.9312311116267205 111.74854922873587 0.6994516844677259 0.6841918454895084 0.20651600340148402 27.32108441516445 -0.6202195557775565 0.7246847214848328 -0.3002661437417497 -16.842661942486423
-0.348170791888454 0.08426964461784592 0.9336357569586486 112.53465818034229 0.7066308810825395 0.6780419218245572 0.2023164604004698 27.487456664206636 -0.6159950467140793 0.7301765397795542 -0.29562192608004634 -17.108752626388092
-0.3439388253341402 0.08521130380873226 0.9351177028219433 113.27838008037664 0.7132139014843715 0.6714689188823003 0.2011353318153647 27.635579577648826 -0.610763469075561 0.73611719493451 -0.2917181176487593 -17.356162864556506
-0.34024185509057286 0.0873757092386443 0.93626970765884 114.02505991668019 0.718508927065757 0.6664680123595863 0.1989103069935721 27.785453879954172 -0.6066138819474383 0.7403957549422513 -0.28954053998042034 -17.60366466270675
-0.33996160217995125 0.09108301242929917 0.9360181589531502 114.78920127815414 0.7250183578745418 0.6593022903592344 0.19917045632314706 27.943058867714395 -0.5989778708668154 0.746340655983494 -0.29017431905319363 -17.855420411667904
-0.3394791960352326 0.09643070115264762 0.9356575203216618 115.49048792259165 0.730106910727115 0.6541755187165619 0.19747984611201713 28.095062802236086 -0.5930411236733762 0.7501703210519104 -0.29248370047763883 -18.087466418659385
-0.33872119971970216 0.09877142556689733 0.9356880646625396 116.2406506865868 0.7356572438608856 0.6477905967165138 0.19792867998516206 28.249472685834647 -0.5865802318655577 0.755388342706681 -0.29208232279171353 -18.337231495173345
-0.34021444381955257 0.10000025924875655 0.9350155508689331 117.02110295539747 0.7404447316965015 0.6414152964514983 0.2008183676383537 28.410004325260648 -0.5796513879216101 0.7606486479500365 -0.29226341346862605 -18.597278404796594
