1.0 0.0 0.0 0.0 0.0 1.0 0.0 0.0 0.0 0.0 1.0 0.0
0.9999214457853254 -0.0027274684726072205 0.012233690134848537 0.012245929799973965 0.002723512682444564 0.9999962334320818 0.00034000046768282327 0.0026118012610822916 -0.01223457139638003 -0.00030665514897773854 0.999925107808263 0.3033178150653839
0.9997602548495103 -0.005990168455858439 0.02106064351137114 0.024228113464522447 0.005981346201572156 0.9999819954894223 0.0004818657594534767 0.004642209651252269 -0.021063150781864503 -0.00035577923440505556 0.9997780839267668 0.5937345928683362
0.9996212083055492 -0.008618402713836298 0.026137387788685094 0.034968326898351554 0.008609747410128472 0.9999628370136378 0.00044366786112427206 0.0038666027930948895 -0.026140240153597512 -0.0002184634966022284 0.9996582616666623 0.8851196891868447
0.9995924992161043 -0.010886679931496765 0.026387794734915537 0.04127953054108829 0.010907469460828718 0.999940304383861 -0.0006440331302137103 0.0035193966774749183 -0.02637920811669637 0.0009315947514180014 0.999651574054858 1.2070703882772178
0.9996620662536665 -0.012909105560357492 0.022563428087991604 0.04346509944365436 0.012932245751008714 0.9999159878334051 -0.000879940328463422 0.003051444813301528 -0.022550173242925166 0.0011714387639507945 0.9997450262031499 1.5386202995549185
0.9998118946369677 -0.015071991678845114 0.01220698198860252 0.042782112149056244 0.01510336165652802 0.9998828578627621 -0.0024817370666620803 0.005453544432691949 -0.012168147316225337 0.002665636702318792 0.9999224122760036 1.864196321281143
0.9998749211769432 -0.015207076367844958 -0.004345898036587293 0.025724166765264664 0.01519324056390472 0.9998794582564929 -0.00319912454740481 0.007581182355934576 0.0043940235057634905 0.0031326961303355366 0.9999854392801858 2.209034846289527
0.999675380870264 -0.011880940208806999 -0.022538326061345853 -0.0023164667483972154 0.011804077248288004 0.9999240621127545 -0.0035403062360327606 0.007376882995770245 0.022578676715193872 0.003273112843028191 0.9997397111699163 2.57556234838059
0.999107493922874 -0.009123525379771028 -0.041242900865473095 -0.03578407032917739 0.008971772364234153 0.9999522907741942 -0.0038630915192349293 0.004951519836123581 0.04127617821212293 0.0034896217683718176 0.9991416814707087 2.9429182338436783
0.9981412010791609 -0.009026246311073051 -0.06027163168342228 -0.07415078057535429 0.008797216636515632 0.9999530443826656 -0.004064235387995777 0.003130097123081564 0.06030548638142706 0.0035264581906871892 0.9981737385870904 3.3295956288364805
0.9967223180417305 -0.010653360269764997 -0.08019430548662629 -0.11520177473371895 0.010336791957643558 0.9999370614428326 -0.004361637891625118 0.0007439912655422404 0.08023572427257164 0.003518389977796264 0.9967697073458945 3.7213239005550496
0.9949806767443641 -0.01191650350401495 -0.09935517022060802 -0.16902343074631082 0.011566804003358824 0.9999247171557683 -0.004095005018894286 -0.0017819618498373783 0.09939648862246131 0.0029252290843088777 0.9950436076294994 4.111281081556343
0.9930540350704395 -0.010689684048352901 -0.11717258248099126 -0.2345723477611693 0.010375739991669087 0.9999407615026235 -0.0032889975948618413 -0.006444464480610708 0.11720079969839621 0.0020504000829393567 0.993106121423867 4.528210865977367
0.9909401657215275 -0.009352670910196412 -0.13397804113599152 -0.3081619704623305 0.009098203521341344 0.9999554566664653 -0.0025114489135492414 -0.01110171621093672 0.13399556206261506 0.001269736116947742 0.9909811184466218 4.963534396574929
0.9889226790722779 -0.008241783944765161 -0.14820259044266476 -0.38848226463897456 0.007955276540892495 0.9999651661203804 -0.0025258901396865378 -0.01490048278112743 0.1482182458122695 0.0013189174529330315 0.988953796729193 5.40283944633415
0.9870289346639007 -0.009511188671233647 -0.1602604736867624 -0.4710132190339218 0.009125872685418571 0.9999534278018809 -0.0031401711733801433 -0.018685209292514247 0.16028287676472122 0.0016369231285534274 0.987069764453707 5.85781065608264
0.9855509528016673 -0.010650336868140275 -0.16904404679349436 -0.5531583537654937 0.010065374782974403 0.9999400241935473 -0.004316971888532682 -0.02350981115859198 0.16907988544532507 0.0025531040721542136 0.9855990432206154 6.3091390446638
0.9842205602636986 -0.009501889974790886 -0.17669069823032102 -0.6501429051396964 0.008609096878319886 0.9999460110846017 -0.005818794285210556 -0.02772960204048896 0.17673644843424657 0.0042058296328863235 0.9842492259544573 6.805163115024318
0.9831647807032403 -0.010523029574487013 -0.18241787147460087 -0.7495137772578809 0.009373762322876306 0.9999304219442446 -0.007161274350224371 -0.033331446159158035 0.18248053749554705 0.005330770955446176 0.9831950143874596 7.3141730293301865
0.981830099691845 -0.011210029152600215 -0.18943070127489783 -0.8548939857978081 0.009632613931091575 0.9999108599332928 -0.009245806417912245 -0.040595040527790206 0.18951746116903387 0.007253098224953253 0.9818505611742465 7.8284361079041815
0.9800914135616923 -0.01392517616197377 -0.19805784642750718 -0.9617090438615167 0.012133885469079965 0.999873792975636 -0.010255093560677416 -0.05001394076917882 0.19817565412044758 0.007647717919287736 0.9801366856334681 8.349628870883448
0.9783851698429513 -0.019077821314127826 -0.20590895115386748 -1.0618742934378356 0.01703745511018338 0.9997866546267714 -0.011677771772796431 -0.05705298162293489 0.20608780787506104 0.007917194207245699 0.9785014734179693 8.862101315981926
0.9763739905329162 -0.019215737038404495 -0.2152314708886692 -1.1831485601835092 0.016731606622316996 0.9997707844915233 -0.013357837289031992 -0.06875078126298705 0.21543881718637706 0.00944107659512967 0.9764717006252972 9.401152767280195
0.9742300957348728 -0.016335817891721262 -0.22496413407080967 -1.3199566517970645 0.012882652075744147 0.9997757174222093 -0.016809286968884767 -0.07634197663818815 0.22518827198572317 0.013477978584176254 0.9742220415559117 9.94247200752221
0.9720917765561883 -0.013634375167266271 -0.23420435898085282 -1.4673414498640143 0.009300854750512361 0.9997646831366805 -0.019597766544247816 -0.08589256855589662 0.23441645004722647 0.01687252697171352 0.9719898383115151 10.505714794065712
0.9694092428955254 -0.014306872040958863 -0.2450327186339164 -1.6197152606818381 0.009530326355787395 0.9997409661185841 -0.020668177080540504 -0.09872160432136559 0.24526494382254588 0.017700680119250366 0.9692944822163384 11.083364769181955
0.9666249408241774 -0.01418309213613792 -0.25580278277241936 -1.7696392039741746 0.008716544457710524 0.9997090393959691 -0.02249129615441205 -0.11506194382994253 0.2560473503658503 0.019510931485875734 0.9664673186006763 11.628463236117266
0.9638303851936072 -0.01332716717690815 -0.26618297314550693 -1.9359163799806844 0.00689108363311214 0.9996612295634445 -0.025098587092983318 -0.12906152728240808 0.26642729128958315 0.02235649173598928 0.9635957065768581 12.203943278708513
0.9615239275595013 -0.012062557483246422 -0.2744562468546023 -2.114950782008094 0.0047126078325021355 0.9996127914584063 -0.0274236846566938 -0.1468163853452526 0.2746807748241002 0.025075124320651315 0.9612084633846791 12.807973738267641
0.958981080189985 -0.011783790916428935 -0.28322505205099324 -2.301953653808554 0.002741359832987243 0.9994744005013592 -0.0323018217553596 -0.16627371825606385 0.28345682701941755 0.030200414137670786 0.9585093438261296 13.423866495416524
0.9568055521800287 -0.011911417786811079 -0.2904845149810542 -2.4913144279806616 0.0008362926316987313 0.99926896961838 -0.03822076624631189 -0.18757647810992437 0.2907274254901048 0.036326911293545025 0.9561160596830106 14.032584200566543
0.9555966325205512 -0.01201829693307378 -0.29443273672302744 -2.688819456383489 -0.0013071852849675632 0.9989852487076014 -0.04501959719103222 -0.21124463607735103 0.29467501960976245 0.043405453614039115 0.9546112294617878 14.643660322467412
0.9544252681134053 -0.013316626056761044 -0.2981527713389882 -2.9004396220054796 -0.0024221749887886803 0.9986255428347506 -0.05235607191457063 -0.23806326390340765 0.2984401793575695 0.050692136160004134 0.9530811962663819 15.288451715071185
0.9531343558622342 -0.014424232803368898 -0.30220331100621334 -3.115806559382001 -0.0036275133078548525 0.9982462153433299 -0.05908751729358417 -0.27232718135279177 0.30252560358139147 0.057414589267471804 0.951410439356728 15.945557087893357
0.9524125424389354 -0.014659880783152161 -0.30445925326786716 -3.3357729901500552 -0.005293129102282024 0.9978967280577609 -0.06460729769865182 -0.30953322179253867 0.3047660279448976 0.06314434279521335 0.9503317632193774 16.59954889626606
0.9515546288548739 -0.01503377957119784 -0.3071119889823059 -3.5723692662738484 -0.006698971360950865 0.9975532956335895 -0.06958840530770576 -0.35509006321481457 0.3074067534839931 0.0682745036039736 0.9491257451307822 17.293446252824296
0.9513767524830486 -0.015379247903376117 -0.3076454998350127 -3.795823938116995 -0.007836247977855546 0.9972211856482995 -0.07408441207048667 -0.3997094856001761 0.307929972643843 0.07289297379121405 0.9486125375090906 17.95050926581673
0.9512956831228404 -0.014398857400219543 -0.30794349510489216 -4.029351388377869 -0.01048215130675273 0.9968202349236098 -0.07899078269533573 -0.4506707572855705 0.3081016841496179 0.07837150089418697 0.9481198553304121 18.629850474228952
0.9509295070425458 -0.013585815966107192 -0.3091092011577078 -4.279173060788247 -0.011940542636908375 0.9966799406332328 -0.08053893084013344 -0.5093861196723364 0.30917712735155134 0.08027777739742606 0.9476101426107533 19.354443793379197
0.9505993981230438 -0.013210465254760908 -0.31013911055502136 -4.523764311933999 -0.012985644128429827 0.9965271803720058 -0.08224932720934339 -0.5670790067208119 0.31014860524380367 0.08221351706120236 0.9471265914743133 20.07559812144422
0.9495056799924839 -0.012633233907964914 -0.31349539879085564 -4.778088688501899 -0.01390046094349118 0.9965140559029685 -0.08225882064176498 -0.6290242750443386 0.3134417662781548 0.08246294797569531 0.9460201484976885 20.816202717349718
0.9481258547277157 -0.011535126418765855 -0.31768585812928757 -5.033280998094756 -0.015236950030115964 0.9965438757762237 -0.0816586737994342 -0.689618514575519 0.317529839464921 0.08226326343761073 0.9446732538491688 21.539795575093503
0.9459671051901936 -0.011478426638878336 -0.3240593797747281 -5.291045129016305 -0.015531894878465763 0.9966222287484159 -0.08064051962893592 -0.7492976370412696 0.3238904076066006 0.08131653513545939 0.9425935629814125 22.27710005629774
0.9428521216660831 -0.012807850631052303 -0.3329652168500161 -5.589246950453417 -0.014319984261126156 0.9967803240832666 -0.0788918473051514 -0.8197239316010159 0.3329036117565063 0.07915140227861335 0.9396330351774582 23.116959627087578
0.9393939137938351 -0.014864859788238904 -0.3425173144099095 -5.883593480602817 -0.011401369436260139 0.9971524813400605 -0.07454487059709829 -0.891835655263398 0.3426500890151333 0.07393216418336619 0.9365494923372096 23.92243585680793
0.9367418173344839 -0.014242310584694298 -0.3497312171455352 -6.140524654409783 -0.011147931942375799 0.9974509614437054 -0.07047909710287101 -0.9489400055300375 0.3498435239793593 0.06991949731109962 0.9341952540157045 24.59729098242119
0.933855823273941 -0.013011970697722633 -0.3574129124079206 -6.429005635567433 -0.012121130805060812 0.9976124090566462 -0.06798940714701006 -1.0067928993101782 0.35744423274877013 0.06782455244789239 0.931468437769035 25.333141778144224
0.9301202471432575 -0.01396744536129449 -0.3669894226326487 -6.7387777115128324 -0.01170001767345085 0.9976423381496465 -0.06762303392888591 -1.0666275753660293 0.36706870670299113 0.06719133576128378 0.9277639187627463 26.10845906195219
0.926818956442997 -0.015611308361641386 -0.37518383364579005 -7.054912035634054 -0.01030478193756257 0.9977017679492567 -0.06697009556620845 -1.1291145786065575 0.3753670649472772 0.0659353416777797 0.9245280402836364 26.894426695434085
0.9234539244693369 -0.015518572029288653 -0.38339538769311254 -7.384635337433365 -0.01085358516604942 0.997725606853897 -0.06652678495964244 -1.190791732703211 0.383555796555369 0.0655956351459072 0.9211851950496065 27.66492180210691
0.9197037579889439 -0.015913949048054862 -0.3922903819451992 -7.734122222517735 -0.010608976786968646 0.9978060111966269 -0.06534993214541707 -1.2504786022914849 0.3924696767299965 0.06426437773427024 0.917517107525456 28.47261443362698
0.9161729279604918 -0.017495297124397124 -0.4004011496622214 -8.079945879623537 -0.00900126149158034 0.9978965437944364 -0.06419863841763876 -1.309236978819111 0.40068209763334794 0.06242116997980407 0.9140883185855143 29.24997641754044
0.9128421776424901 -0.01599458373372285 -0.40799918138165603 -8.454103889904134 -0.009844123881276779 0.9980799139551421 -0.061152093866900396 -1.3713643986817747 0.4081938901330183 0.05983860501783985 0.9109319894523369 30.07358086029477
0.9091390253162475 -0.014347409079793438 -0.4162455819582006 -8.849884354622676 -0.010163061520080098 0.998344689910518 -0.0566091185941924 -1.4341123490125602 0.4163687606288001 0.05569588835963866 0.9074883047137676 30.92732698118242
0.9058105599902074 -0.015237369749903841 -0.42340884730167316 -9.23351008517869 -0.008196464156426785 0.9985358378058686 -0.05346960438103528 -1.4925959911636075 0.42360364420712826 0.05190378772726256 0.9043594138582315 31.741860038531613
0.902494687300008 -0.01580695099251366 -0.4304108266477287 -9.645869866921494 -0.007133699922413377 0.998640625376379 -0.05163343561387026 -1.550026638643315 0.4306419042785755 0.04966932300922771 0.9011550968790707 32.59980885608865
0.8993862847261298 -0.01625471291248181 -0.43685248672138977 -10.04869732564702 -0.006625951325955365 0.9986868021029962 -0.05080126055834875 -1.6029427427703542 0.4371045728604944 0.04858452030661584 0.8980975096118577 33.417114849910654
0.8967109081515939 -0.016938874646675376 -0.4422924617576563 -10.477809603612842 -0.0056791509413470385 0.9987448661247063 -0.049763838619303016 -1.6552901639180109 0.44258026893042696 0.04713562257196627 0.8954892174885324 34.28620513854202
0.8939876122539452 -0.018091183136587502 -0.4477263206795066 -10.912391554996493 -0.0043442885326290615 0.9987877520461736 -0.04903216821329032 -1.7070333466149545 0.4480706152981192 0.04577920330531737 0.8928252842808022 35.14971398560935
0.8918958520543827 -0.019532568742352964 -0.45181884405866923 -11.340719140742507 -0.0030826169640338543 0.9987810644746716 -0.04926340142027368 -1.7576067436514828 0.45223034679335694 0.0453306078181975 0.8907484770876642 35.9861128482413
0.8902372754221659 -0.020621461959574896 -0.4550300525850665 -11.78388945352323 -0.0027250858234151958 0.9987156792048523 -0.0505921537162183 -1.8081952927399403 0.4554889321994264 0.046279017027593024 0.8890377299230815 36.844780079862666
0.8889739864410217 -0.021756485270342317 -0.4574406046470294 -12.239556504487169 -0.0019256178442107526 0.9986844635552211 -0.05124094309571716 -1.8612393880707776 0.45795364768399494 0.0464327212437721 0.8877626140871341 37.72569823641324
0.8877177088250938 -0.022098221593129217 -0.45985751928260044 -12.708062804429478 -0.0014730907715651692 0.9987059285937324 -0.050835993108324345 -1.9131025395490082 0.46038581585655414 0.04580542319585999 0.8865363860349689 38.62076064815708
0.8871121701015988 -0.02118656113378565 -0.46106737824851196 -13.190266564434564 -0.002061861144875431 0.998754040107519 -0.04986096767540321 -1.9703548479409918 0.46154928922732763 0.045182928150272805 0.8859631801703252 39.538369074376796
0.8860844580610574 -0.022589163111623716 -0.4629730692951359 -13.66436740184177 -0.0006415560647102456 0.9987510901740254 -0.04995846556902664 -2.0277545306374902 0.46352337760727674 0.04456444306969677 0.8849633262601505 40.4379909157295
0.885870315902607 -0.024587703898906826 -0.46328093876134724 -14.153595585895214 0.0011756839253296413 0.9987103691897461 -0.05075644038138417 -2.0848286356940453 0.4639314617159772 0.04441895192213529 0.8847567776175643 41.36457751785441
0.8850883117113812 -0.026480639252788096 -0.4646691900875939 -14.654677104556363 0.0028895502396369694 0.9986735218964651 -0.05140862925932982 -2.1444619345367597 0.465414149947452 0.04415849190896702 0.8839907785837001 42.31278356547339
0.8845052309203013 -0.027618457727479638 -0.4657120540284307 -15.16428869040504 0.004483965834036119 0.9987033220589772 -0.05071063555865089 -2.2089351039427325 0.46650872502561375 0.04276558547615748 0.8834821527194864 43.287348423569725
0.8831529276280128 -0.027020166286323893 -0.4683063282040183 -15.672455293320592 0.004952539456955124 0.9988210844147485 -0.04828989212530494 -2.2748681553615726 0.469059035490201 0.0403280540369318 0.882245583317138 44.243380555433035
0.8810156682893427 -0.02828434070566601 -0.47224081600337026 -16.159200079776017 0.007688321716503015 0.9989353562816832 -0.045486741799898374 -2.3363983157407486 0.4730246102877384 0.03644379290404442 0.8802951596032439 45.14793155798253
0.877822480803559 -0.029228954082630532 -0.4780934641250817 -16.67303837370196 0.008716938447464021 0.9989459363980249 -0.04506696282174313 -2.392071488331571 0.4789067833931656 0.03539328180755113 0.8771519870711705 46.084481829398264
0.8727478907836803 -0.033078018793264746 -0.4870492416638691 -17.20340227735011 0.011356386629227364 0.9988074144634843 -0.04748453743585573 -2.4530058233157073 0.48803908820438247 0.035910910396174896 0.8720827110424522 47.03162496141777
0.8672318856745429 -0.036888826945909864 -0.4965360721195707 -17.729375319320354 0.013306445684086034 0.9986126211272677 -0.05094871370883493 -2.510663787392861 0.4977266267466844 0.037577218788556854 0.8665195656507035 47.9628309674666
0.8615288470562588 -0.037596364972263825 -0.5063146837993006 -18.295605777432012 0.013390274908056518 0.9985901344884078 -0.05136578472397811 -2.574385701573092 0.5075320149781687 0.03747341248533051 0.8608176329100747 48.92455396864434
0.8572307001679724 -0.03664954263301785 -0.513626652067743 -18.842050197397604 0.01395078088472624 0.9987507819144761 -0.04798178131258701 -2.6337644953545336 0.5147435307045967 0.03396596311034289 0.8566711218126549 49.83293998813211
0.8528833894517782 -0.034866748057788347 -0.5209359210854261 -19.40373068303478 0.01348298694815982 0.9989057381920049 -0.04478320298997666 -2.694748315074402 0.5219273254584418 0.03117107773177589 0.8524202196410157 50.746687152257984
0.8489555582985787 -0.03498780049099802 -0.5273047637284826 -19.976232335948062 0.01295401889731155 0.9988838838819551 -0.04542224031583099 -2.7549402072196845 0.5283054546645877 0.03173074751251734 0.8484612579451936 51.65626856830808
0.8470101575913977 -0.03821158879205089 -0.5302015347195655 -20.531828451794045 0.014006125412423204 0.9986709998463099 -0.049599017297755135 -2.8092772055864894 0.5313921540519081 0.03458480226860855 0.8464196772666113 52.53508674158695
0.8455919309873463 -0.040297053084756375 -0.5323067102355329 -21.118463341574813 0.01187752387747855 0.99832017676687 -0.056707575214477425 -2.8705417082783042 0.5336976772252539 0.04162898236625554 0.8446501152261325 53.45225703779809
0.8437297009651761 -0.041623003398272664 -0.5351520506335766 -21.70805943533646 0.012353482952159808 0.9982306296675312 -0.05816357496333281 -2.9380345062071513 0.5366261111501801 0.042463343976563137 0.8427510197265636 54.37140451670718
0.841817117771545 -0.042658746883640776 -0.5380745037084792 -22.29232176456315 0.014791809895218751 0.9983208847476626 -0.05600547684528821 -3.007202580612131 0.5395601380632492 0.03918727332900153 0.8410346098836872 55.285233730891626
0.8391846344579988 -0.0426663022212694 -0.5421703938286916 -22.873565189004076 0.017127305177944835 0.9984967110250513 -0.05206700960778325 -3.0736556685850154 0.5435768618207887 0.03440791663147816 0.8386538562280298 56.189446698295754
0.836299183257279 -0.04176177712871082 -0.5466805557674975 -23.442043366045915 0.01677453550466962 0.9985770240447471 -0.05062155675736572 -3.1383416112110805 0.5480166886526455 0.03316445417896254 0.83580968404129 57.04866066014755
0.8347373606273626 -0.04114977090994724 -0.5491085822739645 -24.036046308942453 0.015205027524935572 0.9985460707005562 -0.05171606932516743 -3.2031099906742373 0.550438321622714 0.03482012410285799 0.8341493949207367 57.941264029961225
0.8324436653874676 -0.042099119360073475 -0.5525081068232249 -24.6510919632387 0.015470695846698714 0.9984867444899888 -0.05277194944099424 -3.2706810595930427 0.5538936734846289 0.03538199014880593 0.8318352680950797 58.855815924607164
0.8302484995084556 -0.04445778622775604 -0.5556176151884364 -25.21798530429065 0.016493098021442484 0.9983370594447414 -0.055236703892269104 -3.3316116120323893 0.5571493576964919 0.03669633473460629 0.829601092233751 59.704839935410845
0.8278832597861545 -0.04552032045503044 -0.5590502737603501 -25.83590203579169 0.016953060401373975 0.9982767882937552 -0.0561787121330925 -3.396868412460382 0.560644184763276 0.03703180227286873 0.8272283504036508 60.61438166318944
0.8250243112278648 -0.04598098161854881 -0.5632234327621517 -26.449572580427162 0.0174683094675551 0.9982829484330835 -0.05591075953781517 -3.4691937636038404 0.5648271806909908 0.03628917465504476 0.8244109119580615 61.50549555337095
0.822733264581074 -0.047145564869233235 -0.56646912631222 -27.06937306940884 0.018751015194057315 0.9982631496052851 -0.05584875620216565 -3.536305263525119 0.5681182753449859 0.03532675831855544 0.8221883271889364 62.396940460067555
0.8184576134585521 -0.04917265849509286 -0.5724588933960733 -27.7043155297959 0.020133748986161486 0.9981737284030879 -0.05695471953790243 -3.6085392769788367 0.5742140429521851 0.035089280163660475 0.8179529175289385 63.30621834548854
0.8141574607862011 -0.05162213594006322 -0.5783448660852375 -28.312269445935815 0.021856653386193414 0.9980588397811598 -0.05831671319134124 -3.6778233249722057 0.5802326393343633 0.03483830385755006 0.8137053378437478 64.16181187950585
0.8107074562835447 -0.053336531547546064 -0.5830168391468141 -28.953594050569567 0.02269857306305733 0.9979562548175734 -0.059733476806424296 -3.7482063506049808 0.5850112777606647 0.03519272471634165 0.8102612399836698 65.04806277701665
0.8066668857259188 -0.055158383730560034 -0.5884267908393361 -29.616776148601748 0.023907596897404695 0.9978658007981577 -0.060764055230398004 -3.824149896342285 0.5905226179274075 0.03494848067776257 0.8062640023059925 65.96124426874123
0.8021001977506066 -0.05733683000369426 -0.5944306189065004 -30.265761055391565 0.02521841693605977 0.9977444010201413 -0.062210462787206225 -3.898492579699873 0.5966567725381794 0.03490842531663069 0.8017369254476411 66.84033945605684
0.796812860379059 -0.0581989766656697 -0.6014167811506521 -30.953456124546594 0.025969739345416326 0.997729336164019 -0.06214293520616299 -3.9786741375116663 0.6036678210513409 0.03389765290953153 0.7965149784871289 67.75742758372682
0.7912117117796802 -0.05927597492416456 -0.6086627850784524 -31.61949376499012 0.02726128939411297 0.9977206528657093 -0.061727797188896344 -4.054364440570289 0.6109344066618273 0.032246823750765125 0.7910242051383436 68.62873370966105
0.7867877018495091 -0.060059521157902904 -0.614294689979208 -32.289401510038324 0.028047333740692026 0.9977053711044817 -0.061622557065630766 -4.132652315057829 0.6165861329031056 0.031254541870776066 0.7866668254884286 69.48561344876123
0.7829940353023757 -0.06158984773406506 -0.6189725610533934 -32.99922697607896 0.02887600555629513 0.9976122147711888 -0.06273790913344507 -4.2134784418944395 0.6213586057857532 0.031249953526657916 0.7829028824960136 70.38472522243025
0.7794297658702731 -0.06430364919657826 -0.6231807769623632 -33.68505971402588 0.030353481007922466 0.997426336882501 -0.06495666773978878 -4.291243455627248 0.6257538703564789 0.03171345445010723 0.7793756158238003 71.23836774959072
0.7764670628428921 -0.06432147562248991 -0.626866531323756 -34.39851984866253 0.02983532900959248 0.9974138465165614 -0.06538709291539735 -4.374269559576719 0.6294511525631052 0.03206815477670759 0.7763780522311251 72.11561947631837
0.7737247917998427 -0.0644168040987063 -0.6302383849814286 -35.128409312279224 0.03019116904165999 0.9974360343262563 -0.06488336257785646 -4.460649723428713 0.6328020542525035 0.031174232584308587 0.7736858066144108 73.01033976938288
0.770878420452434 -0.06550550054162474 -0.6336051532930835 -35.853171681810615 0.030935040978610384 0.9973744674771969 -0.0654766741995193 -4.542549048712734 0.6362306846737371 0.03087395380202382 0.7708808694319885 73.88810842435451
0.767491827438481 -0.06672110800834574 -0.6375771236182177 -36.590971783964406 0.031612409231310847 0.9972980834136762 -0.06631129920308229 -4.627831750619382 0.6402788067691554 0.030738031256852354 0.7675273435107831 74.77326069351999
0.7650277993406389 -0.06813716130480851 -0.6403825368366489 -37.294977000730285 0.03169565066884082 0.9971657235149066 -0.06823419652690257 -4.712056892344251 0.6432168001262859 0.031903716026752425 0.7650191507008085 75.61337439759161
0.7621419366657056 -0.07037620020353749 -0.6435735069285866 -38.026451111624695 0.03218259203332614 0.9969635259540855 -0.07090845286151856 -4.798748435573468 0.6466095801528651 0.03333044197290694 0.7620926009957233 76.48336735753144
0.759162308987805 -0.07063114979205246 -0.6470578253072574 -38.787919668137484 0.031711023453659906 0.996927987753573 -0.07161702468780176 -4.892994636552044 0.6501284485421523 0.033850079950635596 0.7590699391251834 77.37954876826971
0.756724111407807 -0.07133356123292624 -0.6498308566510929 -39.52908592927056 0.03303718070637339 0.9969316142801764 -0.07096408344857236 -4.983685795729892 0.6528990457222612 0.032231653549730815 0.7567588497033985 78.24208650359662
0.7548646973387251 -0.07120414143637396 -0.6520040329277298 -40.278553461086865 0.03287152513858178 0.99694751966796 -0.07081741214536291 -5.070198677165472 0.6550562964713634 0.032025197426580554 0.7549010764219442 79.0992157821803
0.7515859045231783 -0.07344668544285413 -0.6555335327193675 -41.053775616155335 0.035009062582403105 0.99682269792643 -0.07154630972855802 -5.163992674288901 0.658705543971794 0.03082358344079763 0.7517691886774098 79.98574677795297
0.7493234433934268 -0.07285362135976889 -0.6581844171930734 -41.81101328173797 0.03389857788916069 0.9968466410603709 -0.07174719941397681 -5.254693241748136 0.6613359687769226 0.031450342787064725 0.7494301917726999 80.84258375466676
0.7466444942084932 -0.07323613387290516 -0.6611796034085544 -42.572839040634946 0.03405237825830337 0.9968260403305361 -0.07196027274752184 -5.350072259006816 0.6643511381815319 0.031214003496735563 0.7467685392292641 81.71087582097907
0.7446306470047142 -0.07440047544667994 -0.6633172459650429 -43.332002689058065 0.03542170140690233 0.9967726821239944 -0.07203834562772145 -5.441992757552102 0.6665361975247717 0.030146134489296896 0.7448628786324178 82.5629890211935
0.7435170740129378 -0.07635509874894741 -0.6643434800961611 -44.11541895796401 0.03673664545859302 0.9966235021897014 -0.07343033272145844 -5.539446973012239 0.6677071060964451 0.03019095523783474 0.7438116204323093 83.43639647934641
0.741893218903476 -0.0810273582047609 -0.6656042510136161 -44.893016064225776 0.04067659278323253 0.9962820769260116 -0.07594365013311002 -5.635846401340922 0.6692830989533401 0.029267565979263038 0.7424308338404753 84.31608332703816
0.7397957642874146 -0.08473521337623395 -0.667474471988618 -45.67452088833738 0.04401511139906876 0.9960079816829082 -0.0776580349511067 -5.733920662246109 0.6713902718322092 0.028072122079099118 0.7405721159016511 85.18739267414391
0.7358713600323251 -0.0880290990933374 -0.6713748723306463 -46.48743161864976 0.04764544495790872 0.9957872907305241 -0.07834272904568579 -5.836177171937147 0.6754430050410909 0.025662216045739938 0.736965533528321 86.0923296943211
0.7294936764696488 -0.09137847869604382 -0.67785614227651 -47.29136931988507 0.05124569221844558 0.9955521181065367 -0.07905605076552326 -5.93937382254145 0.682065139865576 0.022933681884627872 0.7309317281493306 86.97491103490647
0.7229037938963432 -0.09362112955144192 -0.684576649376668 -48.11560882918242 0.05372700060165537 0.9953944855816547 -0.07939286794153921 -6.040480800767678 0.6888566717225165 0.020613155390310608 0.724604432534215 87.85866690917688
0.7138569373561738 -0.09286659806710842 -0.6941066690011743 -48.95926687903601 0.05352827274225913 0.9955043181393674 -0.07814010867092336 -6.14689730233821 0.6982427923048644 0.018626527569988116 0.7156186522617969 88.74163699287368
0.7064185720918768 -0.09372538688652746 -0.7015613678479201 -49.78813785696664 0.05430524115970023 0.9954491822585287 -0.07830623425636848 -6.248500332197921 0.705707972029692 0.017218518919965366 0.7082935696587553 89.58411048274036
0.699174904861868 -0.09390592595399294 -0.7087567491616014 -50.66024966303146 0.05215571987326087 0.9953945465472287 -0.08043306278228463 -6.358411919142241 0.7130457441818863 0.019271060550996998 0.7008526185506764 90.4543244403221
0.6906204111429406 -0.0945377701816805 -0.7170118951048382 -51.55231241337005 0.05173823491261701 0.995337643360751 -0.08140104887035185 -6.473262579433792 0.7213644035859287 0.019120295974234165 0.6922917098456222 91.32662094109503
0.6831847217657221 -0.09591204721036323 -0.7239195501889767 -52.42155688215919 0.051583132842097895 0.9951991669085515 -0.08317330455572913 -6.581466015692589 0.7284214551700737 0.019480692606851736 0.6848523098183068 92.15340347300608
0.6754127749651793 -0.09728360593449482 -0.7309948586893196 -53.316923032075216 0.0532309721922712 0.9951060543902994 -0.08324904873472377 -6.695163812464202 0.7355161772614536 0.017315904023546845 0.6772858425026657 92.99663187529278
0.6662285233720346 -0.09714633789919637 -0.7393930914461494 -54.22966178204621 0.05277222742451847 0.9951348345283743 -0.08319707399206124 -6.807613524901478 0.743878112769944 0.016408843376690893 0.6681138400009882 93.83178013640622
0.6568226104581402 -0.09825727701150119 -0.7476159213829247 -55.118720418130565 0.052592290382118545 0.9950287247710481 -0.08456883511592649 -6.914904143065823 0.7522088203307092 0.016227889412580992 0.6587249397296993 94.61394704434703
0.6495245845910647 -0.09896594782632041 -0.7538723732719239 -56.05031107093032 0.05069275499192129 0.9949234521249322 -0.08693427979305302 -7.02829715500232 0.7586488374756359 0.01825008445585427 0.6512440984870576 95.42265267617745
0.6422720760879166 -0.09880853628534296 -0.7600812150256484 -56.992381982105655 0.04874509266230263 0.9949141339794454 -0.08814636662548331 -7.1451386994755675 0.7649251572664226 0.019563720634855 0.6438219976172455 96.22513362526436
0.6354008454639858 -0.09913380502712832 -0.7657925660937794 -57.95736028956705 0.04711393866747677 0.9948543386452936 -0.08969460218916595 -7.264829490136648 0.7707438240861157 0.02091252207359995 0.6368018718986557 97.02954838067878
0.628947137857774 -0.09896681444495753 -0.7711232504724077 -58.92342369885288 0.04636966567825068 0.9948741097973158 -0.08986300551331278 -7.38532862371674 0.7760640127498515 0.020762352795763918 0.6303122819848767 97.82408001534613
0.6228167997016147 -0.09697841544500685 -0.7763339622528532 -59.8624779046163 0.04467590856781034 0.9950771466684614 -0.08846205611331034 -7.497867772467963 0.7810910940492662 0.02041222956782221 0.6240833627657376 98.574796905054
0.6179804635458654 -0.09584106843271442 -0.7803298253157529 -60.840205703993654 0.04480208146001818 0.995221889515719 -0.08675346751348004 -7.617104372136249 0.7849158682129491 0.018651547668713443 0.6193215639690536 99.35133385461509
0.6130956752489511 -0.09564053757828558 -0.7841980493234917 -61.82689508545911 0.044163071142710675 0.9952418446238546 -0.08685213789511276 -7.734491986478631 0.7887732983172522 0.018616075887370874 0.6144022506308706 100.12119019706607
0.6094264473729725 -0.09752039858015021 -0.7868222017095897 -62.785608237173555 0.04457980471332443 0.9950513692805693 -0.08879985081398548 -7.850342565518375 0.7915883060367171 0.019040597512495656 0.6107580612585377 100.87023184453196
0.6052230144921213 -0.09966080035096553 -0.7897929017169466 -63.78851183366669 0.04520596062261371 0.9948341410544591 -0.09089253498843139 -7.973259104864313 0.7947713657733627 0.01930690720549294 0.6066017799849439 101.64628546422986
0.601709804834776 -0.10122402729058312 -0.7922745780755376 -64.79194192636042 0.044477819224243806 0.9946440830902312 -0.09329990123600654 -8.10030253573674 0.7974754130145651 0.02090081990421358 0.6029893211032682 102.4063845215007
0.5992577523409315 -0.1040796715023121 -0.7937616570729945 -65.78249920668583 0.04522721565755471 0.9943306884649092 -0.0962339905686402 -8.226610499282696 0.7992775770801782 0.02176933524182341 0.6005676072016949 103.15672905022913
0.5968336118928108 -0.10527505788885294 -0.7954286906451642 -66.77546887728013 0.04695771054636303 0.9942388595283469 -0.09635384592228728 -8.35229230466643 0.8009897709304568 0.020155703665973954 0.5983386453125887 103.90547034223728
0.5940778761830173 -0.10499176904575738 -0.7975263039314242 -67.76460100311081 0.04854009752189958 0.9943178394717946 -0.0947411897788257 -8.478845312448145 0.8029416765633981 0.01757164024174549 0.5957985410327677 104.6437880672887
0.5918579742477065 -0.1052250726798206 -0.7991444315009195 -68.78820252409515 0.0516855187571391 0.994356366685358 -0.09265000368645099 -8.607371880532142 0.8043834567357826 0.013531448991901382 0.5939563573344198 105.40291760853549
0.589746250615232 -0.10652850419298568 -0.8005317218447258 -69.81033486999867 0.05466810712646189 0.9942540682231015 -0.09203393876729535 -8.735959244816273 0.8057361590176316 0.010513116389425814 0.592181320572759 106.16258407283541
0.5878865230193094 -0.10787060747537856 -0.8017190081912489 -70.78484961956933 0.05687865828733156 0.9941284773145863 -0.0920510120727362 -8.859461387179541 0.8069412954383361 0.008514847918480943 0.5905702693847915 106.87923433047887
0.5860690000301046 -0.10888400239728876 -0.8029118265573505 -71.78820499231247 0.05902320086761003 0.994034093405654 -0.09171958845602037 -8.98579667427661 0.808108525485937 0.0063635814717184075 0.5889992494628477 107.61579812035892
0.5844709629307375 -0.11029532792730648 -0.8038834704907326 -72.77175763013427 0.06189671859260384 0.9938921892063481 -0.09136253314177001 -9.11182804630416 0.8090503629059719 0.003640998766951127 0.5877280437495684 108.3404779935398
0.58351674891722 -0.11157091287210932 -0.8044004818086338 -73.7385574866105 0.06338027443691246 0.9937530278275213 -0.09185782762473449 -9.229840929199597 0.8096240760657872 0.0026174576439676606 0.58694293110157 109.04638521810668
0.5814270606576641 -0.11305832748568359 -0.8057049011400693 -74.72422090835238 0.06634606281358657 0.9935883263469867 -0.0915447305754379 -9.356604608421003 0.8108888783823124 -0.00022876436307896209 0.5852001149886605 109.76517849096112
0.579890640993007 -0.1144554863588402 -0.806614397423627 -75.66372995334623 0.07012272613837967 0.9934201101470591 -0.09054992012324918 -9.477289317381297 0.8116708986822437 -0.004052949267674577 0.5841009551734977 110.44690443646803
0.5791397234333774 -0.11523030828361552 -0.807043466483915 -76.62301056294459 0.07240109766830882 0.9933182953053867 -0.0898712705375001 -9.59925301603649 0.8120069345750287 -0.006382810075778393 0.583612883628867 111.14032306950637
0.5777654813512851 -0.11739526230354896 -0.8077161636042695 -77.56878585111558 0.07456733980987779 0.9930557589180266 -0.09099434879936608 -9.718158975779255 0.8127894932838368 -0.007655851907097923 0.5825071909761979 111.8244912319396
0.5772761048616517 -0.11935683869143991 -0.8077785858843655 -78.50290617442113 0.07646395829148041 0.9928139485840144 -0.09205284666655994 -9.835980943885914 0.8129609842041366 -0.008626039334714557 0.582254265426401 112.49109063063052
0.5777193291854914 -0.12144084042861943 -0.8071508526672425 -79.44853796660088 0.07835108686021063 0.9925544887648134 -0.0932560669374579 -9.956386689818997 0.8124662970691706 -0.009365314133038705 0.5829329352660562 113.16982861327288
0.5782237098063276 -0.12365387102868682 -0.8064533846400727 -80.38389326384511 0.07906787591706281 0.9922884099598429 -0.09545670462220476 -10.079433325803846 0.8120379377934087 -0.008569226277078533 0.583541734535963 113.84237845032692
0.5816679028424692 -0.12442581033280264 -0.803853636258411 -81.32031698347176 0.07827705184132458 0.9922073812064894 -0.09693923784717542 -10.20110396651066 0.8096512545274508 -0.00653684957652307 0.5868748722170165 114.51508136206678
0.5853052543318416 -0.12514584104169335 -0.8010969215528829 -82.22463627913179 0.0777405941426448 0.9921267089928796 -0.09818856005312906 -10.32212216093833 0.8070775422931102 -0.0048074705329908055 0.5904258877735524 115.17409079450464
0.5896580723009699 -0.12558569419256352 -0.797829299527459 -83.10624694567939 0.07690113674755142 0.9920788654385098 -0.09932643111062409 -10.438808259548905 0.8039835650915002 -0.002785348166938602 0.5946449940076435 115.82135419766324
0.5944972426576123 -0.12585600026097898 -0.7941871918325081 -84.01758210344528 0.07736961257412395 0.9920455803321484 -0.09929506328907484 -10.558799616653937 0.8003667731250632 -0.002415314008544507 0.5995057920784537 116.50191894887791
0.5997763787648487 -0.12494381656809218 -0.7903526669640104 -84.92265220286109 0.07671850986169072 0.9921627144373231 -0.09862767524870855 -10.682834323511287 0.7964813655826022 -0.0014801289680260801 0.6046612634342566 117.18311371016036
0.6057616116672052 -0.12378536128016636 -0.7859580486025248 -85.78871511091279 0.07570199799526954 0.9923090018376655 -0.09793902374161322 -10.801043782083731 0.7920366641323331 -0.00017089375284200237 0.6104734993965347 117.84727406975769
0.6117954514726482 -0.12341995962247537 -0.781328253120393 -86.67749721030265 0.07567448402168442 0.9923543923210165 -0.09749939748140857 -10.920487381508234 0.7873878955289001 0.0005230754939997764 0.6164576452333099 118.53504693309664
0.618925733911958 -0.12305075331087287 -0.7757508930134538 -87.54498695320504 0.07533924404930231 0.9923987801916954 -0.09730703664234615 -11.040571409835332 0.7818279441204592 0.0017813432184570765 0.6234916940976152 119.22175604317924
0.6252434236352 -0.1230500748741429 -0.7706681129217698 -88.42852584122802 0.07402082503977053 0.992390361803344 -0.09839861411757764 -11.159758324632003 0.7769115642474154 0.004477596821520727 0.6295938154598871 119.9314829816885
0.633435015914398 -0.12383712226982428 -0.7638222618917672 -89.292785037859 0.07359763608216667 0.9922776709557007 -0.09984193350415133 -11.279903899729584 0.7702879127810871 0.007027863875958669 0.6376575417516033 120.63926279622045
0.6402444459048675 -0.12436919296453985 -0.7580365118708452 -90.12674843174351 0.07238293464540518 0.9921834620162329 -0.10164983262948019 -11.400042510562772 0.7647533983318335 0.010211833470605766 0.6442421580408104 121.33215363030659
0.6472396594494023 -0.12278917553293824 -0.7523321351688781 -90.97259929431799 0.07078703340620655 0.9923583014863437 -0.10106531241077558 -11.520705990113543 0.7589927661956801 0.012158118402135779 0.6509855305761791 122.04258831041827
0.6547036987516586 -0.12263216732260579 -0.7458715830346793 -91.79395705479774 0.0718435709527728 0.9923802497509969 -0.10009965642749877 -11.639201919274278 0.7524636656700786 0.011949537309444737 0.6585253528942061 122.75750152946421
0.6647233880026895 -0.12013734733719462 -0.7373668254112116 -92.60730573577146 0.07032289385663916 0.9926653019504768 -0.09833762709765159 -11.756291755773415 0.7437724840580309 0.01351355165569644 0.6682962485902455 123.47665366011353
0.6743806234567886 -0.12021679475819791 -0.728531877795405 -93.41272114021547 0.07162236681032172 0.9926548583523376 -0.09750163466316265 -11.875572646630417 0.7349020419610502 0.013574035787724703 0.6780374136239924 124.21760829131163
