1.0 0.0 0.0 0.0 0.0 1.0 0.0 0.0 0.0 0.0 1.0 0.0
0.999928696385019 -0.0032409550123628493 0.011493404907349979 0.008183467201888561 0.0032503829056277802 0.9999943961263555 -0.0008017024711424993 -0.004666946362704039 -0.011490742218118861 0.0008390032736964765 0.9999336272557211 0.261797159910202
0.9993178377473291 -0.0031074439751797287 0.036799496626232366 0.020261696949373804 0.0031470697512149446 0.9999945288558933 -0.0010189260331207141 0.0019387668346233181 -0.0367961290353205 0.0011340415429350076 0.9993221496783683 0.5753034616163503
0.9982541573986106 -0.005227636434263806 0.05883289091742334 0.048860363636886416 0.005423620806097627 0.9999802611365115 -0.0031720142979312677 0.0037948798010670375 -0.058815147485507 0.0034855637515003317 0.9982628057138023 0.9210817751188826
0.9970001552086623 -0.006931647612023596 0.07708853854683183 0.07093609911036591 0.007317821975028586 0.9999620463843091 -0.004728136255137448 -0.00325067020516672 -0.07705283898368338 0.005278072781620582 0.9970130400111459 1.2421383459078281
0.9943237577616623 -0.010069425024106203 0.10591917404517041 0.12072961746443764 0.010325234034879976 0.9999449503460821 -0.0018670349478240927 -0.014559212934533619 -0.10589454326287147 0.00295007746599037 0.9943729897528857 1.629610067522309
0.9897682001202259 -0.013571771564053092 0.14203773106953527 0.1945380337049558 0.01400727962337878 0.9998997574177846 -0.0020666962544082686 -0.019592537986296357 -0.14199544411114373 0.00403511244808214 0.9898590867993335 1.9898491097338031
0.9838774438028542 -0.016093589761809107 0.17811842112634 0.28002794227383604 0.01664226487664506 0.9998602490444216 -0.001586631842317445 -0.010277844836015387 -0.17806799430480816 0.004525345225069862 0.9840077797735428 2.3711375016845144
0.976368734350525 -0.02091482975316019 0.21509687231373326 0.3928362508343661 0.021433983516082868 0.9997702624962331 -8.111008365296705e-05 -0.01908139612648335 -0.21504576009162896 0.004689576165252852 0.9765927139509101 2.7697793041849037
0.9660049898404403 -0.02367497560506331 0.25743708966167045 0.5111317867169193 0.023677735946116083 0.9997148685090732 0.0030897414702141107 -0.022238789842717342 -0.25743683579440857 0.0031108217542018726 0.9662901212183517 3.155121687832148
0.9544037468966104 -0.03004621858674384 0.2970028832492179 0.6732302441330908 0.02946870398535731 0.9995450698544986 0.006422524035693305 -0.029306700287832183 -0.29706074024538204 0.0026226090450696096 0.9548549829825796 3.5982256577364717
0.9419032300775118 -0.03320369372060488 0.33423916570751877 0.8258960895344959 0.032253301698317395 0.9994444744343265 0.008394465572636883 -0.02933764325839319 -0.3343322145697408 0.0028735424133173545 0.9424509075038825 4.00424315760737
0.9261877101628667 -0.03699687177377481 0.37524333041670527 1.0286805619107886 0.035181011041972965 0.9993125644494899 0.011691663502209113 -0.03601029066624824 -0.37541792978669836 0.0023727647037109934 0.9268526031588468 4.468694472866796
0.9072076238018316 -0.04105825286936068 0.4186747510743274 1.2353172943593305 0.03849830904569517 0.9991525287788364 0.014563805666051446 -0.03727022103848998 -0.4189179006875411 0.0029058744246787662 0.9080194647568803 4.870039496440166
0.8867085261341323 -0.04451875543126978 0.4601804755700591 1.471242215065662 0.04144085070120518 0.9989998084788023 0.01679400346781185 -0.03991280909251127 -0.46046785509326854 0.004178884320873468 0.8876665428817498 5.298780178079941
0.8645517010218158 -0.048043721201947706 0.5002420985016702 1.7088530136893763 0.04485266835381864 0.9988239520039425 0.018410623149928654 -0.04139447020307591 -0.500538304629953 0.006520257379571251 0.8656898358198951 5.676435902836867
0.8418495161321374 -0.05065505250314392 0.5373299338804698 1.9640353158742396 0.04749265351030209 0.9986765344816834 0.019738980171366792 -0.03384206918706389 -0.5376186753179586 0.008901973464291689 0.8431411001830029 6.031813951787586
0.8156915294295675 -0.054528821697854314 0.5759113963285472 2.273045248705835 0.05164059438759359 0.9984365609183614 0.021393523150980073 -0.033421104572805595 -0.5761775575533548 0.012289891202085367 0.817232146177628 6.42812089856503
0.7891255271761425 -0.056399918399252756 0.6116371077391668 2.593985429443337 0.05234674139427354 0.9983278913552349 0.024520195912998276 -0.026331082569397046 -0.6119973210924837 0.01266769697965653 0.7907583755034501 6.820387854330805
0.7584824102013952 -0.058095198582662835 0.6490988994881471 2.9471026148901687 0.05273358210501411 0.9982237442532246 0.02772229657598525 -0.025959368097326904 -0.649556466162455 0.013202435787161331 0.7601987193858127 7.208838016725077
0.7286778023760767 -0.05996569826645383 0.6822263373366555 3.3058009801960693 0.05356590581746504 0.998097900946304 0.03051677998309089 -0.026408851531438595 -0.6827586352865307 0.014307171558296503 0.7305039019633472 7.573862578392234
0.7010254788268806 -0.06242119954638124 0.7103990933853547 3.708947351560847 0.05529434679679522 0.9979206273822314 0.03312033600931158 -0.02111797850722802 -0.7109893200659619 0.01606285442394389 0.7030193250970393 7.936716401093678
0.6707034950788858 -0.06202106366085545 0.7391280060661637 4.1052635842854475 0.05485689234165413 0.9979166252792341 0.03395777310014288 -0.018554923058535705 -0.7396942226701403 0.017770668352111434 0.6727084511842676 8.28499976298356
0.642546234850465 -0.06316423632827216 0.7636390608975928 4.559943627612717 0.05640682152381452 0.9977917473088093 0.035069922840151126 -0.008607281638889177 -0.7641679177805568 0.020540405339228407 0.6446902242033988 8.638518217612248
0.6196835200692736 -0.06540035717388579 0.7821221952074258 5.012785680515829 0.057290249980623896 0.9976329901406398 0.0380295180117214 -0.009713556909929156 -0.7827580483212626 0.02124171049078638 0.6219635258789006 8.98706583808027
0.5895158434466985 -0.06485334209044022 0.8051491255320521 5.534113158632944 0.05859235360629413 0.9975791755249374 0.037452965942115946 0.004154932140806021 -0.8056289508354345 0.02509646546202554 0.5918886390167586 9.359532418237947
0.5669053002992877 -0.06342158051847362 0.8213379837905425 6.120303494802894 0.06042057351988605 0.9975477620372091 0.0353244497492019 0.012639690132610347 -0.8215642000404489 0.029600094241313046 0.5693470818690501 9.767705411543108
0.5499858907063779 -0.06123588041616815 0.8329259792884172 6.64672820675252 0.0613286556083802 0.9975770593406676 0.03284519262380336 0.03374274313314357 -0.8329191533547422 0.033017838010427104 0.5524088217506455 10.12078799568609
0.5311885687705176 -0.0637284206858346 0.8448534741624837 7.283199174308206 0.06422804624074575 0.9973266390610112 0.034847282467420124 0.05269635140349015 -0.8448156381623305 0.03575280990575186 0.5338616619501886 10.518054952387452
0.5135554000841687 -0.06485413722441602 0.8556020055664116 7.969463295932898 0.06344869065227812 0.997279946392243 0.037509627809354594 0.06755216662417823 -0.8557073767935514 0.035023555056010645 0.516273411955659 10.935880084217171
0.5032886062432966 -0.06445533271075683 0.8617111400642478 8.59889699949888 0.06607420371717414 0.9971652229676511 0.0359960790505866 0.08669020590999524 -0.8615885203673627 0.038820460958370225 0.5061207300458639 11.314046973612188
0.49874497584194494 -0.06702741205259005 0.8641532127498863 9.273120986781443 0.06719314676476115 0.9969949455228345 0.038550740975623284 0.09266671319450029 -0.864140341669261 0.03883818527496665 0.5017500027546391 11.70620953511591
0.4883033027401662 -0.06802684179037706 0.8700185247045449 9.877314532720137 0.06929649030062697 0.9968315555408689 0.03904928053097883 0.11026974634477046 -0.8699183185593122 0.04122133760565005 0.4914701622285328 12.055181436978007
0.4814549702685263 -0.07170060564773674 0.8735331331743981 10.578000252089666 0.07190668206292587 0.9965197768525638 0.042163531830461995 0.12565385543399446 -0.8735161937127636 0.042513027314751775 0.4849351521905804 12.44830491860761
0.47450620501234503 -0.07046055646386801 0.877427587546451 11.309006068677633 0.0700201983927281 0.9966538982232312 0.042168459462973595 0.14202473624737585 -0.8774628386557608 0.04142845808426278 0.4778521210991274 12.850031420132712
0.464700974623706 -0.07084903577167204 0.8826286978758408 12.071804341310045 0.07182361905196183 0.9965252107980385 0.042176675902726446 0.16083014696075512 -0.8825499260268829 0.04379404496217834 0.46817487085040593 13.250409816660317
0.45942011136110095 -0.07122117282309039 0.8853590829819601 12.852782598932846 0.07329130295256893 0.9964205764594413 0.04212386164336864 0.17878006922974563 -0.8851901186685652 0.045536571565483415 0.46299554475350324 13.66023253734538
0.45429269087723817 -0.07298158293511732 0.887858006422087 13.697482285735994 0.0744436900448018 0.9962627945674005 0.043801611537329886 0.203521305640422 -0.8877366096022129 0.04619667426382842 0.4580279241039023 14.108663639726746
0.4491497999507922 -0.0739267179044769 0.8903927771405356 14.484088870775283 0.07697343754826204 0.9960674322735625 0.043872089942876995 0.2285588326052437 -0.8901345668583864 0.04883145240338425 0.45307388154693806 14.516367828368761
0.43850084704241743 -0.0754635773670455 0.8955569527584778 15.28678524032743 0.07633005249617288 0.9959952667496292 0.04655267659615979 0.24715637658890952 -0.8954835175641224 0.04794452109785943 0.44250490694192646 14.918909378591044
0.4345800016592905 -0.07822520346688629 0.8972296471363256 16.102827507460944 0.08248846678031789 0.9954907509131983 0.04683820763553104 0.2754965141287138 -0.8968477434916383 0.05365614959015386 0.43907304928122787 15.305398502663168
0.42321588323563747 -0.07668067695853904 0.9027781510195401 16.95277802972173 0.0813876625327332 0.9956013598182476 0.04641099778623651 0.29957619789198864 -0.9023659814978273 0.05383313207715388 0.4275951699051645 15.717853395131922
0.40689114791901987 -0.07471488313647887 0.9104159928203395 17.74118183187908 0.08195899852633978 0.9956157774746872 0.045077113971874985 0.3223829780588051 -0.90979245781975 0.056275304365025675 0.41123080357984126 16.08662583140866
0.3896621155483076 -0.0760924731008722 0.9178090058633174 18.507664634502834 0.0809802034459399 0.9955516536708617 0.04815715443282959 0.34496681498027076 -0.9173906705195295 0.05555934134424433 0.39409074745941725 16.42024579025438
0.3753650790659977 -0.07560977820452937 0.9237879728907709 19.308290883105613 0.080542306428263 0.995557979157936 0.04875702011180433 0.371729943042702 -0.9233709949381091 0.0561023312780225 0.37978748548652563 16.757109147313106
0.3580534907408819 -0.0746209217198208 0.9307144652415978 20.129663143369672 0.07781686907671222 0.9957183016299275 0.04989587845013455 0.3875608122575496 -0.9304527030727391 0.05455989223685422 0.36232718018903276 17.085712949459
0.33649572409575745 -0.07481278600775251 0.9387085142444541 20.87596319945499 0.07757041102242115 0.9956535387486721 0.05154475832768517 0.41580344538102987 -0.9384846610355894 0.05547141450337334 0.3408364170300915 17.364164098122963
0.31017411715510473 -0.07470163469327694 0.9477403034698924 21.71931612342219 0.0797854822961893 0.9954365120452506 0.05234909074616076 0.4511093536812241 -0.947325864664222 0.05937858419781929 0.3147187472599093 17.660793236148365
0.28354727105018723 -0.07508914056835465 0.956013894275966 22.553581997632502 0.08013569773062994 0.9952980217448356 0.05440696517948933 0.4781707950463378 -0.9556041099897055 0.06118389395521445 0.2882313586188365 17.92455432011806
0.2538619966736106 -0.07340782095516017 0.9644508170287912 23.352972309625972 0.08119302446467695 0.995213923458655 0.05437774666450164 0.5108206208352946 -0.9638266334892215 0.06450223543913416 0.25860719672930294 18.149071668921028
0.22404842138547282 -0.07459849682126474 0.9717187706053051 24.220017850986853 0.08095058015377687 0.9950451650447245 0.057724544986375914 0.5418590466287254 -0.9712102287596877 0.06572810504742203 0.22897709003179884 18.37224802126809
0.19418805320315208 -0.06990704112414213 0.9784702374596979 25.06196529093944 0.07859300538673177 0.9953597862310881 0.05551608287950315 0.572668559465518 -0.9778108914802754 0.06612035658759116 0.19878118358456082 18.55215250303439
0.15585364465220208 -0.07028028426835309 0.98527677486673 25.84018119618322 0.07885909520047607 0.9951671377416493 0.05851163186286928 0.6120313437557674 -0.9846272820477745 0.06857878390765738 0.16064266508297054 18.688106510853
0.12767412894199115 -0.0674201731912648 0.9895220245379909 26.68934073161496 0.08050176991290474 0.995099578016784 0.057413368405875444 0.6501873761560925 -0.9885437682974861 0.07232807254226321 0.13247591510356715 18.809326199120104
0.10064149088136032 -0.06687321297116307 0.9926727878309601 27.572482136230686 0.08098796951585678 0.9949781095480316 0.058817602075602854 0.6964204991891424 -0.9916210158658779 0.07447506231711912 0.10555200607276727 18.913169170186915
0.0717974445808931 -0.0657362844572498 0.9952506557935087 28.38479977966604 0.0842609097460281 0.9946585960127186 0.05961859162022537 0.7338273811855157 -0.9938537246699964 0.07958026315464808 0.07695294455582369 18.977198688160566
0.043747128191789275 -0.06381904465271339 0.9970021656519038 29.170925117144485 0.0850881020276227 0.9945694732875034 0.05992977305108853 0.7685416476084627 -0.9954125796212886 0.08221126652857917 0.04893979962626427 19.01757655630719
0.013438382184560504 -0.05823144314323277 0.9982126571596448 30.000709823423243 0.08317564237288975 0.9949080606236944 0.056918919717938034 0.8046297142581157 -0.996444289662056 0.08226208078730066 0.0182133924468999 19.048900318687853
-0.012137921299377574 -0.05420713061758791 0.9984559368628834 30.817135406141574 0.08482217462478822 0.9948745514780777 0.055043850821101914 0.8368677772415014 -0.9963221715682393 0.08535932176102123 -0.007477742309440816 19.045094512949376
-0.03409804649968157 -0.04838707087192397 0.9982464698647029 31.63652205471055 0.08390134384179669 0.9951627993262668 0.051103496344665086 0.8654218894777755 -0.995890499867554 0.08549674970163486 -0.029873367135457574 19.011470996932708
-0.056676817246221645 -0.03935344740279155 0.997616682180262 32.517836901541415 0.08190100161326754 0.9956718369430646 0.043929705816986866 0.9058799551060083 -0.9950276198787559 0.08419560140493788 -0.05320842398040815 18.968957434706184
-0.07911281627100691 -0.03560192145902427 0.9962297252592371 33.36342681736994 0.079727804487718 0.9959347172281139 0.041922740980581075 0.9372010419315591 -0.9936722998520378 0.08274383486509522 -0.07595273726851276 18.916428058627627
-0.09893481893318579 -0.03404277052498555 0.9945114335077505 34.24114224939195 0.08250949997360696 0.9956925364805196 0.04229131366007151 0.9627108716561678 -0.9916673252743398 0.08624072455616531 -0.09569980883609186 18.835753988276217
-0.12189733144972875 -0.03084552201589755 0.9920633015876567 35.046174621009534 0.08491261127618213 0.995528497978371 0.041386690604452506 0.9906680631312261 -0.9889038826052282 0.08928361263129685 -0.11873309346517319 18.7421313956408
-0.1437153590203531 -0.029691893386411185 0.9891735373779371 35.770414577187466 0.08470633551208842 0.9955123928991265 0.042189006961157155 1.0137437997653145 -0.985987186684373 0.08985247381894976 -0.14055532947153032 18.639995509847804
-0.1706429051959199 -0.03009638384529381 0.9848731931501301 36.57537754118997 0.0869046729471891 0.9951784623366433 0.04546873564568253 1.0324012539344536 -0.9814930344766787 0.09334899989133037 -0.1672046276065648 18.50061869131346
-0.1867618961852428 -0.02674938676773471 0.9820409688199586 37.366234668433705 0.08898808630178513 0.9950591439808243 0.04402749682295412 1.0489232302289895 -0.9783665543290198 0.09561260527618382 -0.18345875580811638 18.36201827824006
-0.19918334625229145 -0.02272909937317201 0.9796986182584033 38.16011644180268 0.09027755244277949 0.9950541243421738 0.04143975331214492 1.0723152650819394 -0.9757950389813843 0.0966989021205241 -0.19614628272797924 18.203146138586582
-0.20716928654083328 -0.018353271339763506 0.9781329378695367 39.08590763196869 0.0927458633466755 0.9949524393305631 0.0383125084305628 1.0879981481061713 -0.9738989123857988 0.09865495882767966 -0.2044213970025322 18.012418325913202
-0.2158144568202776 -0.017198351209418435 0.9762829184939407 39.886852901460806 0.09156934260400804 0.995082088273455 0.03777159107596448 1.0989624754870704 -0.9721312543697166 0.0975492404533094 -0.2131782586582039 17.845302495043576
-0.23052142756842653 -0.017335700490781272 0.9729128146552029 40.674428473584896 0.092595956395004 0.9949133079636951 0.039667347983352794 1.1124730051783018 -0.9686515680527801 0.09923196624692977 -0.22774362029189532 17.659481896078063
-0.23972717389417947 -0.015826795593460757 0.9707112828426137 41.47372939227604 0.09465271256045078 0.9947226744055928 0.039593749864514985 1.1268935971246936 -0.9662151655307727 0.10137215379298158 -0.23696400640965204 17.46141929280111
-0.25472016477413356 -0.014705328914750404 0.9669029894249719 42.26321306649229 0.0944666640203084 0.9947235172892459 0.04001466656846412 1.1521563306271494 -0.962389571351598 0.10153264230394182 -0.25198697486272464 17.251910727220594
-0.26602255087472343 -0.014477934321805344 0.9638580766087291 43.102210136639435 0.09271614958472757 0.9948672167429076 0.0405331550265073 1.1663330120355948 -0.9594976383672279 0.10014794290445482 -0.26331477645532636 17.018911622308586
-0.26685492507897474 -0.011726495961640097 0.9636653663246161 43.93503540981644 0.09553783622433101 0.9946786698083716 0.0385598972745187 1.193824238248634 -0.9589895571958372 0.10235640244122576 -0.2643145778586989 16.79072756063414
-0.26712068890810126 -0.012470751290602204 0.9635823877175783 44.75667321000584 0.09823115267130605 0.9943553728464376 0.04010028848136572 1.2088048161277822 -0.9586434051315057 0.10536542532382305 -0.26438787594025914 16.576011072327585
-0.264040058616311 -0.01099119798954868 0.9644490867913401 45.58690369455908 0.09931388452870712 0.9943102574008249 0.03852096010387195 1.2245284744215554 -0.9593850112367369 0.10595426180319509 -0.2614461600789469 16.360469140346158
-0.2584115634165483 -0.009125978792031808 0.9659918117684553 46.479877065500744 0.09965136605129715 0.9943690861359962 0.036051709823175154 1.253880949302973 -0.9608814022223168 0.10557858233634049 -0.256047053908306 16.1286085836026
-0.2552028010841346 -0.008816981594170992 0.9668473463553487 47.349582042747215 0.10065373472453458 0.9942831418265712 0.03563508896418603 1.2646633696566731 -0.9616342111243831 0.10641097083971408 -0.252856380738424 15.900975521231647
-0.2532139258264617 -0.006209065684830407 0.9673903841112299 48.202721164760476 0.10205418736515598 0.9942282098530246 0.033093950711389514 1.2806743830774598 -0.9620122923376755 0.10710608869607602 -0.2511187670315372 15.685238736794595
-0.25230440008422494 -0.004814538134885339 0.9676359387293793 49.13625417219724 0.1022023980304384 0.9942617304826806 0.03159558726172458 1.2892139347898341 -0.9622355010780713 0.10686641904795512 -0.25036455209334174 15.451061899499498
-0.24951601290116032 -0.0053150550551912396 0.9683560861045218 50.03394602157212 0.09913908700709607 0.994590459356222 0.031004186571795336 1.2992904513345778 -0.9632825134576602 0.10373797929080529 -0.247639316182534 15.234138789530778
-0.24993372464348612 -0.003680306718533956 0.968255952023168 50.98944597320478 0.09940441610407869 0.9946115204756278 0.029439520990787567 1.3178512660900892 -0.9631468711182326 0.10360684668310949 -0.24822112314535488 14.995298076651688
-0.25101688993859933 -0.0022585375606407818 0.9679800720953096 51.9633962401938 0.10074002885288061 0.9945060908356824 0.028444364599173537 1.3244361590198384 -0.9627263201721838 0.10465435632985903 -0.24941030080754273 14.75445747686252
-0.2511352345902941 -0.00025319326831311356 0.9679519770321494 52.933764278034175 0.10242343068766818 0.9943788935812616 0.026833874976872937 1.3343102821769335 -0.9625178101175305 0.10587989371582736 -0.24969764378799952 14.503939863527837
-0.24846489236990338 0.0019347938796057049 0.9686389698088014 53.9121762970948 0.10357745066934138 0.9943175613231094 0.024582492902566776 1.3495068584480339 -0.9630871762060029 0.10643704156499292 -0.2472534068732713 14.25862468945063
-0.25031341814972013 -0.0009019147170927916 0.9681644381219788 54.883823079160926 0.10109663352272705 0.9945084152712149 0.02706441658540637 1.3554664849661668 -0.9628720908742631 0.10465275201627566 -0.24884762026357649 14.014164671567375
-0.2524540879341767 0.00013392775584954164 0.9676088649597415 55.86085251801113 0.10216707018730666 0.9944137323205317 0.026518271845882103 1.369393429287961 -0.9621999912984124 0.10555240895264476 -0.25105749482863227 13.771814787188019
-0.25650956329839675 0.0025611005653341165 0.9665382996551977 56.81992687321766 0.10423156600364208 0.9942381023925508 0.025027512846637852 1.3782227913178116 -0.9609051069616057 0.1071635969662948 -0.25529852898195743 13.526741742023022
-0.2595242328590185 0.00277682673676926 0.9657326036705046 57.78177590807785 0.10627742914218244 0.9940042798026061 0.02570213588460702 1.3834060519091322 -0.9598709708152792 0.10930590545517829 -0.25826331218110965 13.269094098283762
-0.2596209388560074 0.00559298583408703 0.9656944064335182 58.7392793423902 0.10854170450282746 0.9938158643024038 0.023424906499008927 1.393464487534964 -0.9595914060115098 0.11089971312102719 -0.25862247995587656 13.022114989202027
-0.2612890121102333 0.006457514528668967 0.9652390132275894 59.65073345769205 0.11023868669373627 0.9936344753326085 0.02319399462214907 1.3903060039264399 -0.95894498492171 0.11246701710547877 -0.26033763837927343 12.784475081109054
-0.26179026317248505 0.007514399711083405 0.9650955351181888 60.566986780689376 0.11172585731859282 0.993482700414464 0.02257114936396163 1.395492813141708 -0.9586361097489008 0.11373503318752273 -0.260923650348769 12.541793810428178
-0.261739565651925 0.009420715771235023 0.9650925602690652 61.49148054028447 0.1117383517333696 0.9935239986752171 0.02060594109272767 1.3956826417859913 -0.9586484968559912 0.11323124202606269 -0.2610971951304415 12.291072218442418
-0.2612345077145332 0.007982083140861976 0.9652423624809874 62.376219560329105 0.11208539308127205 0.9934523586729478 0.022119577413992453 1.3866436547869199 -0.9587457413918261 0.11396796653397498 -0.26041871278222034 12.05983080263052
-0.2584857411545672 0.010802235002830361 0.9659546745778075 63.317162632201516 0.11293488849116859 0.9934185716868917 0.01911157735675227 1.3817146831419287 -0.9593908653834794 0.11403005369866066 -0.2580044849846979 11.81553131064553
-0.256562586628034 0.009273478601727253 0.9664831306015412 64.30812957239667 0.11345229280677907 0.9933301542323962 0.020585964867571423 1.376560295245458 -0.9598459336787427 0.11493131552047653 -0.255903451155148 11.565584151486087
-0.26132138125190635 0.012590517046806235 0.965169733560419 65.2535088496193 0.1128041396722957 0.9934616688989406 0.017582334922455672 1.3711842132662933 -0.9586377635861156 0.11346978147959166 -0.2610330379809895 11.314745643406203
-0.26878927988041484 0.012394014107551234 0.9631192612733224 66.20514357572674 0.1122090558498191 0.9935118277147403 0.01853040680094327 1.3675350790495213 -0.9566407114516193 0.1130514776781714 -0.26843604934531756 11.06111807946606
-0.2731527590427756 0.014040702496056025 0.9618681972602778 67.1107258348505 0.11101940163920873 0.9936724445810229 0.017022495118119048 1.3708139090759701 -0.9555429151466677 0.11143577322292683 -0.27298316021179225 10.813552870611575
-0.28135249135047247 0.016309910531829015 0.9594658735094886 68.04793676653762 0.11145686122470003 0.9936437807722223 0.015792562129746356 1.372583510705089 -0.9531097228004864 0.11138233141359391 -0.2813820046699008 10.555935562980677
-0.28203659743143333 0.017551809094631825 0.9592430826994821 68.99050766576426 0.11373328199511062 0.9933940690284746 0.015263164340034406 1.3677612751643813 -0.9526384929635797 0.1134026349630195 -0.2821697079906415 10.282082524237536
-0.29002389667212825 0.015585280306173857 0.9568924905112868 69.98301835802266 0.11293864323765347 0.9934380005228454 0.018049985617992897 1.368366220608492 -0.9503320484034794 0.11330506676645008 -0.28988094042606116 9.988392023545233
-0.2943070955925049 0.01899849610431697 0.955522051357099 70.95463828552307 0.11489620541285941 0.9932543733995626 0.015640067275062883 1.3620214415033638 -0.9487793186329634 0.11438884066383719 -0.2945046649307157 9.7042697608676
-0.30416542630377913 0.019495271260227286 0.9524197225173 71.8734518119552 0.11669645461139297 0.9930231167987678 0.01694187074654214 1.3583118981635318 -0.9454445149888869 0.1162971362577411 -0.30431832868836056 9.41606049482821
-0.313753169767393 0.021401432534889457 0.9492633602675122 72.8286717671976 0.11955540366747874 0.9926796459285481 0.017135519049012844 1.3612889637377394 -0.9419476917084197 0.11886588764076703 -0.31401504237942635 9.098386958877956
-0.31515866279443366 0.023347203507397565 0.948751772253422 73.6877400869053 0.12276499386859342 0.99230089068546 0.0163614982592529 1.36376603600979 -0.9410652334169343 0.12162997341620807 -0.31559844109358953 8.817286910380549
-0.3156042300682492 0.025352280404852982 0.9485521766572999 74.62651790147748 0.12531562713169356 0.9920007604581712 0.015181727405025797 1.357962975233051 -0.9405795891680927 0.12365982827371172 -0.31625667314967154 8.511176573146635
-0.3195014942652472 0.023998770974181134 0.9472818240386561 75.55530064414809 0.1266308517590507 0.9917940481120071 0.01758389923696238 1.3486855632612742 -0.9390864829956035 0.1255731863151012 -0.3199186651847956 8.206725993869753
-0.3193250221096635 0.0264650233860175 0.947275637178451 76.40907801210581 0.13330627829759234 0.9909247075603294 0.017252829128012487 1.3393102033466917 -0.9382222372237334 0.13178704975699654 -0.31995500792336284 7.906023845905708
-0.3208732140083947 0.02600585381478307 0.9467650585542787 77.37114888935012 0.1364223473097871 0.9904679840784891 0.019029337087285325 1.3287704413152293 -0.9372456047837251 0.13526591619050915 -0.32136242504488827 7.5853029695289775
-0.32139346790611223 0.028820236527989873 0.946507069574102 78.28260596182005 0.1362533251858205 0.9905431182010624 0.016104730991963745 1.3213091734320448 -0.9370919219388727 0.1341406908845604 -0.3222809409287538 7.284246828245453
-0.3214116930419784 0.03177441701783855 0.9464063133765885 79.17079982850207 0.13872501445855973 0.9902338506419837 0.013866917690032413 1.3207037487528501 -0.936722954741348 0.1357472189988665 -0.3226806449025295 6.985963169101325
-0.3204724259118504 0.032931893748658674 0.9466852246677883 80.12160992918895 0.13991361276217917 0.990079389464577 0.012922210386979889 1.3108294763846302 -0.9368679763947579 0.13659536204270428 -0.32190076401651174 6.67039603028554
-0.3202918890324601 0.03658423692531174 0.9466122223110216 81.0195569151099 0.14427178305996327 0.9894816012579402 0.010574184825400235 1.2942835948870137 -0.9362685290197024 0.13995625881187124 -0.3222010043228719 6.356873681822662
-0.31650762315566283 0.03421017715774385 0.9479728837172448 81.88347580644692 0.14561521280582193 0.9892569644676599 0.012917741743295214 1.2847676048839858 -0.9373468591102592 0.14212783693234432 -0.31808889274079466 6.064807392113394
-0.3140576887685379 0.03371995332254928 0.9488048971592051 82.76100855728139 0.14559068375453987 0.9892590584092662 0.013033347961986144 1.2763106488319542 -0.9381743552929009 0.14223037686492201 -0.31559372453775525 5.7750805754626935
-0.31153558840168916 0.033882933090023035 0.9496302038185341 83.6066446840671 0.14676415820553462 0.9890879579572904 0.012856643811593085 1.2669704358199338 -0.9388321783074088 0.14337697956469303 -0.31310889911574125 5.501357075928368
-0.30711515222014885 0.032728263435369706 0.9511094280098898 84.47397143111752 0.14611784437604686 0.9891798750132841 0.01314345554263481 1.2509908416289064 -0.9403881426473285 0.1430106137362151 -0.3085743111911602 5.227546139492168
-0.3046152508402009 0.033794230799079804 0.9518757791436125 85.3418952401528 0.14595139025136974 0.9892239096867169 0.011586552024570526 1.2414683056703675 -0.9412267211672507 0.1424570337639537 -0.306265004353945 4.960771495227552
-0.30503662657587066 0.031318422706125545 0.9518255159672981 86.17438062167722 0.14854729478469497 0.9887904554141047 0.015071048208951693 1.227625671582525 -0.9406839839496375 0.14598832720860958 -0.3062695718798559 4.690714756728045
-0.30258991492034565 0.036885935426779634 0.9524068306958899 86.99203440805434 0.1523375356427396 0.9882766703635619 0.01012413203236194 1.2158990538225531 -0.9408680133912488 0.14815076976783853 -0.3046616661058656 4.43171779108077
-0.29976373661918904 0.03690890936421149 0.9532992366605805 87.86686948327747 0.1533920128625801 0.9881150483939627 0.009977050033058918 1.2026355995123328 -0.941601079331405 0.14921924657007396 -0.30186259101616414 4.161129928665
-0.2957926787451384 0.039977560411546646 0.9544152586082835 88.65185332993774 0.15674074395323687 0.9876134716515927 0.007209008064537684 1.1903077665637298 -0.942305168395972 0.15172812948108821 -0.29839494690495166 3.924548807710075
-0.29144250872150695 0.04013262845210091 0.9557461149508484 89.47202331352965 0.1600599025796752 0.9870798651390422 0.00735985212320453 1.1733139962030334 -0.9431023760421238 0.15512160381654186 -0.29410065680491876 3.6687887921028386
-0.2827834083236642 0.03900733453734235 0.9583903024494477 90.32716862279703 0.1609399748037894 0.9869370665704055 0.007317864412442768 1.1592395916036984 -0.9455854633437465 0.15631268176861124 -0.28536726692334113 3.4194798149919796
-0.2708603407564563 0.0391705341585378 0.961821368581002 91.14774528115528 0.16216287373085825 0.9867487815692464 0.005481282236649274 1.144737966496226 -0.9488613587814854 0.15745637911924337 -0.27362311760158536 3.1747878541188186
-0.2616499883011629 0.03735659008543275 0.9644396138686913 91.96258507789291 0.16260633833874316 0.986673403635123 0.005896888259719887 1.123957871426333 -0.9513666287788676 0.1583669149041882 -0.26423750284481223 2.950973907759384
-0.25440443450493294 0.03846410893504038 0.9663327046250991 92.75759874700857 0.16269613419336865 0.986669803408347 0.0035590673873791695 1.1090459651369247 -0.9533144033438072 0.15812403791317708 -0.25727113520811756 2.7435850950583167
-0.24222371053471842 0.03766034216329804 0.9694892328865424 93.55497295671256 0.16222048854048143 0.9867520843868118 0.002199330800535901 1.084725142058224 -0.9565626937908883 0.1578037470607906 -0.2451240303623729 2.5412224602362743
-0.22902800371871845 0.03831103149033591 0.972665635446614 94.31787815619178 0.1616850064439129 0.9868420954241116 -0.0007983671966864114 1.06354314642885 -0.9598979801019746 0.1570826010896668 -0.23220879447396925 2.357527439548527
-0.21810930991822136 0.038329504274059886 0.9751713582899688 95.0644433533517 0.16017588146911343 0.9870840146061033 -0.0029723904001985463 1.040292814047852 -0.9626899895202974 0.15555062587853347 -0.22143167539041636 2.189791195719611
-0.21108921415520715 0.04332825644370443 0.9765060193674618 95.82848197634782 0.16074849094958354 0.9869539723346066 -0.00904318253561176 1.0185275527624484 -0.9641583201553409 0.1550629507215999 -0.21530029026627412 2.0249220416503726
-0.19897687549047016 0.04541242006904435 0.9789514365501093 96.61980309598488 0.16002720664123593 0.9870235313873088 -0.013260528734906907 0.9961329304277352 -0.966850296661615 0.15402032525351575 -0.2036620810414842 1.8595325468616253
-0.1869808956537607 0.046963108841027466 0.9812403431721017 97.4232921770443 0.1592292424863228 0.9870969515280339 -0.016901379271955022 0.9713854977545509 -0.9693730927758155 0.1530819215062591 -0.1920461723393681 1.7022363633895365
-0.1777844227051596 0.04431507681582067 0.9830711434124192 98.22943723309571 0.1578859042029368 0.9873284723181228 -0.015953965149237928 0.936030681152241 -0.9713211313965194 0.15237670988956925 -0.18252834844433308 1.561301533602036
-0.1710348605666882 0.04752885573780564 0.9841179219703238 98.97733129055105 0.15572654906118052 0.9875847161823548 -0.020631778413740337 0.9032491526487757 -0.9728804234788719 0.14972453451346177 -0.17631291891491657 1.4310989572960677
-0.16472265932955377 0.052385940640602896 0.9849477949244819 99.74246602106314 0.15642532522597744 0.9873381705502029 -0.026352506570077795 0.869551896493445 -0.9738570547731055 0.14972992418944864 -0.17083145691258095 1.2988546953358795
-0.16459147395965712 0.054463653609078254 0.9848570237020894 100.52210416856344 0.1540559522152451 0.9876402209266626 -0.02887139752397061 0.8314042734235141 -0.9742568502642625 0.14697110070855207 -0.17094760972202871 1.1789385834854134
-0.16143284553097997 0.05395679489685513 0.985407580987801 101.30964150181356 0.15469306408076913 0.9875447122513841 -0.02873146758580443 0.7886694542318162 -0.9746843039205432 0.14779751550276404 -0.1677688949183858 1.043951108722177
-0.16353565831875222 0.05537428333201862 0.9849821202457019 102.14149005794722 0.15360020435334398 0.987676847919883 -0.030023679082616057 0.7502144625508774 -0.974506575493908 0.14638351283020323 -0.17002588476648622 0.9068837594887141
-0.16523355655985994 0.056801692485196696 0.9846174076855421 102.90317851966375 0.15428688266614138 0.9875371820252503 -0.031078480574059188 0.7086532611409004 -0.9741116104552621 0.14677834257289119 -0.17193803688483578 0.7720029038093004
-0.1655212636104435 0.05688944487861017 0.9845640163819748 103.68526663979456 0.15450403168857232 0.9875030383080783 -0.031084618773446468 0.6725959378746792 -0.9740283442922893 0.1469739446082789 -0.1722423993141755 0.6381072300302172
-0.16532124072622661 0.05607294469283651 0.984644459811873 104.44081843241331 0.15537200142480684 0.987396047472278 -0.030142770432936734 0.6334704921625532 -0.9739242416830945 0.1480029402059196 -0.1719497052989976 0.5105828479172971
-0.16116118936380763 0.05850847496578065 0.9851922804204375 105.17863634546485 0.1570673352022387 0.9870389192772719 -0.03292452041295544 0.5976746629937906 -0.9743494872248412 0.14943537127846993 -0.16826213642871446 0.38885946729187115
-0.15704343943650284 0.059128731071188385 0.9858200400133205 105.90898469212027 0.15779868041374545 0.986883906143446 -0.03405484186918133 0.5596177299925764 -0.9749035514293886 0.15021301194292522 -0.16431407868287035 0.26833456696666835
-0.15713312744974656 0.057572121932439164 0.9858978806316899 106.61521362536122 0.15328466655198397 0.98762278497287 -0.033242226196195546 0.5226231204320589 -0.9756090360681929 0.1458995729213362 -0.16401318045651975 0.16012423111429674
-0.15754394819116552 0.061085909132593715 0.9856208277495886 107.35959393475882 0.1567707639342371 0.9869746239656279 -0.03611120634073892 0.4817050303334095 -0.9749886317100396 0.14882742809493224 -0.1650683636643701 0.0424797894715329
-0.15718469491881093 0.06248498777469213 0.9855904818869129 108.15590792367365 0.1606994931409322 0.9863132941918141 -0.036902013559420695 0.4317999876654461 -0.9744068167801004 0.15258345914052665 -0.16507466010621807 -0.10206163185038387
-0.15459171474368938 0.06161868389662271 0.9860550387921833 108.94870348456824 0.1599615776910559 0.9864458018698917 -0.036564650085220946 0.38708190661191644 -0.9749429190445943 0.15207832773973565 -0.1623529699041305 -0.23096632577713333
-0.15373288830954224 0.06269613260060858 0.9861213890839874 109.738349935908 0.1625199417580608 0.9859980207354279 -0.03735199642289032 0.341485083337817 -0.9746555635623092 0.15452216042608902 -0.16176969541385577 -0.3583586793893442
-0.15507092126417726 0.06315776976514557 0.9858823994252928 110.46051588615357 0.16394092814395483 0.9857623122717467 -0.03736356224931315 0.3015985090255521 -0.9742055129476419 0.15583247358285926 -0.16321721330628552 -0.4763253178786736
-0.148713947233303 0.0671015665105491 0.9866010042920701 111.21979689125185 0.1651130297610985 0.985374419033406 -0.0421300571764227 0.25421888997668957 -0.9749983842557901 0.15663535388413563 -0.15761826230545317 -0.589987318771204
-0.14419539717234686 0.06597480017707386 0.9873474632447812 112.02619031718153 0.16479863816173815 0.9854419623907087 -0.0417797513107196 0.19988213436877267 -0.9757300324855978 0.15668906950117564 -0.15296875237939966 -0.711420069508004
-0.14075750514576008 0.06805558194987608 0.9877022641011841 112.75026347592522 0.16432929841323224 0.9854022237177913 -0.044478524874896994 0.15359457475954277 -0.9763110193110371 0.15604773390695448 -0.14988628461052772 -0.8191941111184002
-0.13816106039083093 0.06375188632551848 0.9883558156765302 113.4889928892926 0.16205660932649815 0.9859317531688792 -0.04094183028320783 0.10296585426407454 -0.9770615010147927 0.15451302561039443 -0.14654879102688517 -0.9263561161482026
-0.13245666113846216 0.06439140673227292 0.9890950306512968 114.24051613919562 0.1664258786151416 0.985165541367053 -0.041848333660248434 0.060241720951037525 -0.9771170144088316 0.15906791895916766 -0.14120813471882881 -1.0313948274864686
-0.12851512754857192 0.06480562841783391 0.9895878397173967 115.01045763201813 0.16839518308037285 0.9847976193118211 -0.042622896582677774 0.01081876413275503 -0.977305952251649 0.16116413845250926 -0.1374743473174483 -1.1363846182437296
-0.12581849452818472 0.06673596926976572 0.9898060501129938 115.83767134068296 0.16922675595626538 0.9845551870771844 -0.044870799724648525 -0.037249359724305924 -0.9775131771506612 0.1618560904168756 -0.1351687630030861 -1.2392290825221215
-0.12407060046460389 0.06610170522437905 0.9900692150889159 116.64285707683534 0.16893336305849374 0.9846193258895992 -0.04456794734401074 -0.0923883167453276 -0.9777873004626823 0.16172615017720748 -0.13332909435963164 -1.3411588356701343
-0.11898206585932769 0.06496857774377837 0.9907685662705482 117.40155831105467 0.16884392376406135 0.9846471818413398 -0.044290593807985 -0.14672743783409906 -0.9784349735224119 0.16201546592180238 -0.12812490542567767 -1.4392309580412002
-0.12040233029655079 0.06750351328042621 0.9904274605209408 118.15438516592376 0.16780589139257746 0.9847126162899842 -0.04671451737176437 -0.19670871203198953 -0.9784398099388142 0.16057502612216415 -0.12988918089187995 -1.5345955070040154
-0.11884202692273871 0.06507787625918326 0.9907782005365728 118.961087743394 0.1668697742070353 0.9849660609030193 -0.04468039083627772 -0.2558089262506137 -0.9787906063571452 0.16002102640210725 -0.12791489364506392 -1.6393355668615532
-0.11558613627020253 0.06698453478766075 0.9910362845029475 119.77111930460795 0.16599431416669808 0.9849957007591101 -0.0472160687732165 -0.31549521192678853 -0.9793292259329616 0.15904886540101515 -0.1249708992053592 -1.7339374324026346
-0.11371676579994322 0.06568930066238496 0.9913392017642035 120.57327585207294 0.16520869827653104 0.9851698713701811 -0.04632937036303894 -0.37549390468061533 -0.9796808578255347 0.15850943291472686 -0.12288277538889131 -1.832583382522303
-0.11029564841559664 0.06260006963147877 0.9919254514441684 121.35521354526455 0.16542836587351864 0.9852494102699838 -0.0437841903781079 -0.4299014983108665 -0.9800348594335819 0.15926340083265567 -0.11902454977951599 -1.9246039026018198
-0.10864319576706205 0.06336150107981622 0.9920594620255545 122.16974309794558 0.16799616150209631 0.9847827815303446 -0.04449902158384429 -0.4852699022710584 -0.9797826012611581 0.1618276656887515 -0.11763443749025326 -2.0266808233295635
-0.10641987631206906 0.06467031836539017 0.992215984475277 123.00810604448455 0.16791036834653492 0.9847203666021254 -0.04617258711299514 -0.5450580561553865 -0.9800412838893345 0.16168967042299037 -0.11565263659359382 -2.1246478216612315
-0.10408677214121786 0.06523640017995763 0.9924263982567083 123.79229490964387 0.16762710626106508 0.9847223562336538 -0.0471490655282012 -0.606217450697414 -0.9803402965867332 0.1614499712765581 -0.1134319605007107 -2.2131887225280376
