1.0 0.0 0.0 0.0 0.0 1.0 0.0 0.0 0.0 0.0 1.0 0.0
0.999925510617249 -0.002703961580794042 0.011902176633018489 0.01011668425053358 0.0026999812872253452 0.9999962936279918 0.00035047300584796514 0.0034016796853393316 -0.011903080184667097 -0.00031831124514368795 0.9999291051669956 0.3068447411060333
0.9997742979408007 -0.005737014211862584 0.020455802230953054 0.020340171849891966 0.005729652191897254 0.9999834978399335 0.0004184896314530913 0.005589519709993696 -0.020457865546993515 -0.00030119054539192185 0.9997906706013596 0.5964813919973123
0.999640302916579 -0.00840493163136933 0.025468056642046204 0.030773164705624884 0.008397778876756735 0.9999646628378298 0.0003877957744677867 0.004942564955611289 -0.025470416070169817 -0.0001737811773581279 0.9996755612223973 0.8881060098176492
0.9996126268968942 -0.010641111406266347 0.02571697681162994 0.036945795814405845 0.010663290598458693 0.9999428823485845 -0.0007254474603501223 0.00456619134534877 -0.025707788351067976 0.0009993940385725 0.9996690006345362 1.2113628918341273
0.9996776421436806 -0.012728626523383569 0.021968019138727427 0.03934129367144579 0.012751766623885274 0.9999182755634627 -0.0009135875224945663 0.003973828374075745 -0.021954595100371215 0.0011934240736253521 0.9997582565265262 1.543878147655966
0.9998210832171491 -0.015004241928685646 0.011518432125603705 0.038391083936457814 0.015033999653932014 0.9998838545377199 -0.002501257523221012 0.006418632536563354 -0.011479564838975382 0.002673978110862041 0.9999305323032048 1.8698255310420273
0.9998725721581282 -0.01515771325040412 -0.0050083105841442314 0.021575098575842565 0.01514129382450611 0.9998799175781263 -0.003300249275347777 0.008365273047735057 0.005057733406250367 0.003223996429586069 0.9999820124281303 2.216187436829249
0.9996658334768369 -0.011962582394615676 -0.022915453334228716 -0.007295360828386641 0.01188884012872101 0.9999237083591427 -0.003351558099460586 0.006229284160767238 0.022953798366608 0.003077999959775498 0.9997317885597081 2.58611141668262
0.999077853868749 -0.00932709185951671 -0.04190999005558118 -0.04133106248449475 0.009192095008236725 0.9999519283832567 -0.003412669331465866 0.002466956271329199 0.04193980565494224 0.003024281741259457 0.9991155620955843 2.953397943538538
0.9980958705390006 -0.009247889012269583 -0.060984504276178804 -0.08007490446494543 0.009043331602883817 0.9999525216269568 -0.0036294139211110158 0.0008130281152384225 0.06101517324825694 0.003070999952330696 0.998132114297891 3.3404223495688425
0.9966480223379663 -0.010813899659888444 -0.08109117796632778 -0.12202382166818501 0.010536382243792688 0.9999370812931587 -0.0038494290656710525 -0.0013335292416670691 0.08112770315393794 0.0029821182177786907 0.9966992539135875 3.731259080816542
0.9948962313141597 -0.012113257381949932 -0.10017363881022143 -0.17616192175954976 0.011809401590812722 0.9999236930976892 -0.003625743502392809 -0.0034405400394754188 0.10020991443439603 0.00242424781671948 0.9949633641856237 4.1210571180989595
0.9929159161557475 -0.010983032531782655 -0.11831042405890818 -0.24193139618692072 0.010721284282135061 0.9999384677850754 -0.0028486324749730247 -0.007326496937608921 0.1183344307796109 0.0015600128338033488 0.9929725720542457 4.534698849767793
0.9907918115770756 -0.009541968311569378 -0.13505753200972498 -0.31609727302207535 0.009348108202004638 0.9999541639659795 -0.0020695023901547865 -0.011542008796210475 0.1350710886343206 0.000787913599481935 0.9908355969621295 4.968710127739071
0.9887662754023843 -0.008495732923556138 -0.14922826524820368 -0.3968300638053118 0.008265510643314026 0.9999635009492843 -0.0021628922895007997 -0.015079436920486635 0.1492411939134162 0.0009051471384939246 0.9888004079428547 5.407021337572327
0.98686247218871 -0.009761250339058468 -0.16126741449346213 -0.47970012873207285 0.009432226946133309 0.9999515794179219 -0.0028056932192430015 -0.018536366560554324 0.16128699290526974 0.0012477224940267658 0.9869067580618515 5.861449009902852
0.9853687814725534 -0.010854658202235684 -0.17008980244155805 -0.562402180137829 0.010333928056511057 0.9999388155566765 -0.0039465268317742065 -0.02350131051169459 0.1701222337915255 0.002131088553696847 0.9854206634891305 6.313267007298906
0.9840406408946343 -0.009743891433970888 -0.17767687988987393 -0.6597862746957354 0.008924194993155304 0.9999455329288603 -0.00541201619932627 -0.027439054807302292 0.1777199364489022 0.0037400207674044964 0.9840739994701911 6.808830269067966
0.9829646402104224 -0.010746047048251906 -0.1834803492716091 -0.7593161004043334 0.009667527825006792 0.9999303395613391 -0.006771626872310839 -0.032636749052790945 0.18354033617095628 0.004882468390255006 0.983000054171245 7.317577031863139
0.9816165045197558 -0.011393720878576501 -0.19052354494643767 -0.8649346261033413 0.009868062333464147 0.9999112145691404 -0.008954570042672104 -0.039545495908371114 0.1906086551030646 0.006909855527241107 0.9816417852233031 7.830695970518905
0.9798712058429384 -0.014130259231394332 -0.19912999707216325 -0.9715287658728391 0.012394071129371938 0.9998735574746562 -0.009962733752130665 -0.048639809570777154 0.19924559458303268 0.007294164587488398 0.9799224398911501 8.351552291943097
0.978154817061909 -0.019300668008994305 -0.2069798011231771 -1.072589092188191 0.01731579908770444 0.9997851104873564 -0.011397190431804373 -0.05563210366507451 0.2071552967233462 0.00756419607037939 0.9782788283394828 8.863952070666812
0.9761419902398449 -0.0194080279097167 -0.2162640592961542 -1.1943055784923555 0.01696238306258959 0.9997695300368352 -0.013159193393365715 -0.06759757684648297 0.2164696109190221 0.009176887412499068 0.9762462252352045 9.401390329997472
0.9740012405730942 -0.016424149826243878 -0.22594652169165783 -1.3317609926083345 0.013006543894752334 0.9997775077639408 -0.016606167084469974 -0.07506203675989544 0.2261689925210518 0.013235643989188679 0.9739981542848036 9.94257862356509
0.9718466012896013 -0.013778128924516842 -0.23521128103301148 -1.4804998167542391 0.009491315540734055 0.9997677613593506 -0.01934782354217293 -0.085025339466117 0.23542323269201182 0.01657065206478711 0.9717516735251815 10.509569979197703
0.9691183373286759 -0.01445715541568082 -0.2461719701968314 -1.6345544265068734 0.009717237067561961 0.9997434808866311 -0.020458439052263595 -0.0976518144382154 0.24640459321424102 0.01743453704487834 0.9690102235585315 11.08876920207537
0.966348539359766 -0.014321132636846281 -0.2568373135610259 -1.7848511883872558 0.008898932836198012 0.999712579307999 -0.022261351435271234 -0.11388402459837899 0.2570823009692105 0.019226646440439685 0.9661982335913426 11.63368792736628
0.9635819907156316 -0.01352344863881036 -0.267070896028403 -1.9510697442258242 0.007150638044156596 0.9996663613069838 -0.024820041233175508 -0.12786123623591586 0.26731744339653946 0.022006417431479623 0.9633572037659601 12.208667477829229
0.961221115061654 -0.012269250207629454 -0.27550577754191186 -2.131397961113756 0.005002868604135032 0.9996212377265287 -0.027062010121436345 -0.14524268966610118 0.27573345692055684 0.024634256340014565 0.9609184222134645 12.813973064503669
0.9586368624398858 -0.01206194747086907 -0.28437629189969676 -2.3188330685352936 0.003070282545517492 0.999481759591098 -0.03204349559229377 -0.16463271461848158 0.2846154235745179 0.02984496051082418 0.9581770916670911 13.429288329366726
0.9564492342190476 -0.012222690149188063 -0.29164270641885526 -2.5090578580431733 0.0011849698381797879 0.9992772881744761 -0.037993383439063534 -0.18562318621172857 0.2918963141395935 0.035993154685051494 0.9557724805661324 14.038883434716949
0.9551899103470204 -0.012409558152349105 -0.295733390129885 -2.7077645873232643 -0.0009270041759903164 0.9989904383423487 -0.04491374804911946 -0.20902391506690876 0.29599218880657807 0.04317530506001725 0.9542140835255292 14.650669778568743
0.9539209791804606 -0.013811210547722327 -0.2997399138296367 -2.9202102064436226 -0.001988321023670701 0.9986272445683617 -0.05234188557272899 -0.23576923567247787 0.30005134903695796 0.050526001909989966 0.9525840178546424 15.295636367001501
0.9526318822784947 -0.014848569140828088 -0.3037630933161601 -3.1370106415689576 -0.00327556061246861 0.9982485313289915 -0.059068946174664655 -0.27005599755870735 0.3041081511061586 0.057265955802565924 0.9509147399934509 15.952601307851207
0.9518889715880695 -0.015123538188212672 -0.3060697050700659 -3.358288695606063 -0.004935525440957862 0.9978952927992483 -0.06465775435107804 -0.30727760602515564 0.3064033719749656 0.06305761811052149 0.9498108814077667 16.606393311495523
0.9509991999227149 -0.015472752603534885 -0.30880595148608486 -3.5958233907913533 -0.006361233788046746 0.9975565995023051 -0.06957273527820791 -0.35273983393782493 0.3091278965914435 0.06812800243855376 0.9485771022076604 17.298514387875088
0.9508068622753206 -0.01580979032459522 -0.3093806089270177 -3.820748927702913 -0.007487408320749618 0.997232304037661 -0.07397074083971772 -0.39747282620041013 0.30969379936769525 0.07264834694355163 0.9480569436060111 17.954962504915038
0.9506810556199997 -0.01484913620284915 -0.30981451489443274 -4.055886129478369 -0.010138109132257975 0.9968320462735029 -0.07888656581068734 -0.4486800682212058 0.31000443420774787 0.07813689702189813 0.9475187998637936 18.634487090114614
0.9502834337878223 -0.014018209028400631 -0.31107054711762994 -4.30707745258544 -0.011598279612234043 0.996699470615689 -0.08034702971760557 -0.5073003641860471 0.31117017109366696 0.07996033447929932 0.9469844082832075 19.359448414286216
0.949953193511849 -0.013714485623109222 -0.3120910812899544 -4.55290136161547 -0.012580200640920705 0.996546003944909 -0.08208410670323252 -0.5646968274388261 0.3121388612276171 0.08190222772017264 0.9464995279481123 20.07856359071728
0.9488362092979993 -0.013269349062652222 -0.3154897340650837 -4.809689455220868 -0.013427930330454639 0.996517334702721 -0.08229758395011427 -0.6271041492983737 0.3154830242850543 0.08232330175860988 0.9453535504643313 20.82109127904054
0.9475038230085567 -0.01194322062991554 -0.31952130580785204 -5.0675459477445886 -0.014955884745339806 0.9965529725886417 -0.08159959764745185 -0.6886879711420293 0.3193944691062352 0.08209465455026337 0.9440591299270503 21.54648222902381
0.9455733126435006 -0.01147157530729141 -0.3252068778122104 -5.335142069400985 -0.015569987722597227 0.9966388461320043 -0.08042751931388624 -0.750711313246405 0.32503643780154096 0.08111358296017084 0.942216482959542 22.299435920411455
0.9427064844348769 -0.012629731154781571 -0.333384123940228 -5.639927109545952 -0.014451234665309055 0.9967994537087957 -0.0786257648770095 -0.8234692782774762 0.33331013489104033 0.07893883060195754 0.9395067934837471 23.14837952274867
0.939280715122771 -0.014812364701554394 -0.3428298879187817 -5.933867456753107 -0.011429073058069119 0.9971632211282278 -0.07439681927482349 -0.8950641032246546 0.342959348155856 0.07379772544682915 0.9364468918371106 23.95423938562419
0.9365542512302494 -0.014281031507333591 -0.35023161856353524 -6.190427126157553 -0.011110296855102588 0.9974582120003953 -0.07038236012500657 -0.9518515767236424 0.350346536740894 0.06980807583697721 0.9340150623740499 24.627345697519747
0.9336526552901638 -0.013061794353173213 -0.3579414879528523 -6.47946824142485 -0.012084480182312946 0.997617202627326 -0.06792556485412624 -1.0095714186549527 0.35797581567523495 0.06774442080573304 0.931270105201142 25.363751839394876
0.9297895175104383 -0.013970884605485005 -0.36782640948013323 -6.789648181131051 -0.011767394773439674 0.9976405167347023 -0.0676382124953212 -1.0693069066130876 0.36790349488412377 0.06721765952974279 0.9274312937891362 26.137227840067393
0.9264544505923537 -0.01504964276043922 -0.3761059149101533 -7.108710698346541 -0.011013829450820762 0.9976886885214863 -0.06705204215462 -1.131778164695434 0.3762457262726695 0.06626302927771914 0.9241473715877201 26.92656106383893
0.9229947908331207 -0.015023265179879994 -0.38451907312675504 -7.44184170909176 -0.011499897917836972 0.9977144706924916 -0.06658518843317059 -1.1937530680374522 0.3846405704587117 0.06587971215887718 0.9207124931720327 27.70052098180651
0.9192509668495582 -0.015443614791936624 -0.39336898035853135 -7.7922384774754665 -0.011182867423046855 0.9978025897524918 -0.06530647256910314 -1.2535964302717195 0.39351315533581704 0.0644320312063708 0.9170582914582204 28.508437395518342
0.9157523041982796 -0.01710539016212145 -0.4013790265857742 -8.14116734386609 -0.00945621155095333 0.9978985817910728 -0.06410148611748054 -1.3120471297751255 0.40163204232063665 0.06249660860212763 0.9136661734433354 29.29017959275232
0.9125079587829479 -0.01576621257395438 -0.40875500204749926 -8.518276662488725 -0.01010393652149211 0.9980833545369594 -0.0610534836272277 -1.3742716022814685 0.408934145828577 0.05984182431479997 0.9105997037327264 30.117708900361553
0.9088961480800517 -0.013963395566365987 -0.41678869417188125 -8.916166403240304 -0.010557787360367747 0.9983484439852508 -0.05647050131070091 -1.436847762714388 0.41688886424477445 0.05572618752871763 0.9072476326186893 30.97463244945538
0.9055884371116328 -0.014771235875144064 -0.423900216041973 -9.300847936660352 -0.008640204866843247 0.9985436424030266 -0.05325355458892783 -1.4950770841409409 0.4240694865580044 0.05188838798052793 0.9041419500074162 31.789145702975684
0.9021761471226176 -0.015363705720311621 -0.4310941383381696 -9.71319965243005 -0.007575686838270764 0.9986471088813155 -0.05144473628971991 -1.55296126551372 0.4313012966963092 0.049678048165462764 0.9008392104024738 32.64460932371536
0.8990213175354179 -0.015942979710617436 -0.4376145473071342 -10.116778138176713 -0.006854398948323632 0.9987022712326012 -0.05046573738588368 -1.6049802385159557 0.4378512165472861 0.0483693584078867 0.8977453521657859 33.46196391106708
0.8963444703676348 -0.016728343162382333 -0.4430426085337684 -10.546775493081034 -0.005830154650713129 0.9987567980149736 -0.049506239158574675 -1.6567300706630357 0.4433199744407116 0.046957650643093304 0.8951326043151193 34.33114528580638
0.8936136090599018 -0.017911181445752825 -0.448479550572994 -10.981952917467249 -0.00440853925220263 0.9988049876638014 -0.048674032086685706 -1.708782113871036 0.44881542139792735 0.045472917182991915 0.8924667676268232 35.19527112628446
0.8914291984640994 -0.01895013656720173 -0.45276359885677414 -11.417629605437297 -0.0035613889593275813 0.9988014345344003 -0.048816092435840654 -1.7602761459689855 0.45314600366144003 0.04512855743438476 0.8902932734046448 36.04356910301327
0.889676603683239 -0.02011752476581545 -0.4561478116312232 -11.871152358098689 -0.0030811296176270347 0.9987416069628052 -0.05005705905896726 -1.8099023436698765 0.4565808225264575 0.045940044826386014 0.8884950561384195 36.91587599884842
0.8883264452346685 -0.021241103349877673 -0.4587209851589716 -12.333519142861405 -0.00224667737235691 0.9987166553103363 -0.0505963916353698 -1.8629035706698962 0.45920701120248825 0.04597671078073111 0.8871386943022286 37.80427849888658
0.8870506222413915 -0.021612232022294772 -0.46116602759545827 -12.804482745990159 -0.001804438365750614 0.998733741983935 -0.05027580556242853 -1.9140230467250252 0.46166864479120157 0.04542933028101348 0.8858883893396923 38.70041602266919
0.8862809123862733 -0.020863897421187834 -0.46267790321578295 -13.28704636459124 -0.002243227157058386 0.9987797306947045 -0.049335762742007315 -1.9704515340080866 0.46314264786529546 0.044763236453723425 0.8851526085317216 39.6167520510638
0.8852954390044265 -0.02208093585052545 -0.4645044864691028 -13.76328799422763 -0.0009644981307502642 0.9987827155027951 -0.04931690335188202 -2.0272190637158873 0.46502801573810126 0.04410804331216782 0.884196485569727 40.51499864619938
0.8850558910964578 -0.024098053139128432 -0.4648605742266803 -14.254691265693095 0.0009000553379343492 0.9987457733220177 -0.050060664915615165 -2.0831444405546624 0.46548389825625963 0.043888086154543 0.8839675199677008 41.44168578402984
0.8841785175764809 -0.025910960413989714 -0.4664300281785912 -14.75455482057693 0.002458177695656599 0.9987048082084193 -0.05081991168627834 -2.141883529075624 0.46714270455469314 0.043787306286288165 0.8830970305631866 42.385179535596905
0.8835812482667903 -0.026979772444477277 -0.4675000209520266 -15.266735932680097 0.003915560327648594 0.9987296508834975 -0.05023696680182902 -2.2048576268402322 0.46826151464605936 0.042557917300682736 0.8825644325353288 43.35970940845333
0.8822851590856087 -0.026512576154627425 -0.4699680641947147 -15.77709277095433 0.004532579747905715 0.9988447636237223 -0.04783925064525355 -2.2705449726195495 0.47069348176718073 0.04007769313615241 0.8813860815413262 44.315617177768594
0.8801760862337422 -0.027745124225513618 -0.47383569441734025 -16.26516575224118 0.007254926505273172 0.9989598777441107 -0.045016982338612226 -2.3313544231534813 0.4745918491331845 0.036185228190280326 0.8794618843344846 45.21893865235086
0.8770740647599596 -0.028623353556853456 -0.4795016043316244 -16.7793602321601 0.008202140032488136 0.9989699294314274 -0.04462964251096782 -2.386299091546462 0.4802851338781264 0.03521056266134773 0.8764053893334647 46.152178526897885
0.8720696158279243 -0.032204687100996145 -0.4883210452954734 -17.3090166196802 0.010680081517211218 0.9988471488574406 -0.04680073800858269 -2.445910303383876 0.48926528694413074 0.03559819304528259 0.8714081980584005 47.094999030547115
0.8666615577908603 -0.03604667681724155 -0.4975925856943136 -17.834674844803192 0.012614806639289556 0.9986507992054172 -0.050373087058814936 -2.5028945562534615 0.4987370157718121 0.03737938384744929 0.865946979186493 48.02383597152166
0.8608823890970273 -0.036632373181252856 -0.5074835774463091 -18.402153760858862 0.012595777700755848 0.9986335536860448 -0.05071855514991374 -2.5655127929727266 0.5086480694219804 0.03727056060070905 0.8601674527589388 48.9857158949837
0.8565718207976131 -0.035648240775440675 -0.5147950259521532 -18.948985112266563 0.01311276846852062 0.9987925059752949 -0.04734538320345032 -2.6239804203761956 0.5158611936544102 0.033804333112883514 0.8560049625698676 49.89166306042757
0.852145069984839 -0.03401521153581706 -0.522198951631184 -19.51142735242149 0.012744505233967697 0.9989382086395484 -0.04427225888015793 -2.6840577681820488 0.523150415546882 0.031071219869583014 0.8516737767531303 50.80404393723585
0.8482092876978873 -0.03423094063413315 -0.5285539205855396 -20.084945312780388 0.012367100836801516 0.9989173203740158 -0.044846871392419746 -2.7441552970611873 0.5295168166167481 0.03150285320567496 0.8477142862780872 51.71298048532044
0.8463439089464786 -0.037486798413065694 -0.5313160337632709 -20.6407466807453 0.013461112784361861 0.9987070382487508 -0.049020915893269006 -2.7976302484413704 0.5324666996459043 0.03433644852261864 0.8457542326651709 52.58940682280485
0.8448930266075396 -0.03963626767359202 -0.5334648440852114 -21.228554062358704 0.011436419740409657 0.9983616124904023 -0.05606513184756785 -2.858275820099149 0.5348130345209181 0.04126811106013169 0.843962061419858 53.50550140020426
0.8432157704073053 -0.04096217523300876 -0.536012373678626 -21.82054839828687 0.011921790292393783 0.9982723807184672 -0.05753368414162276 -2.925048636581758 0.5374430532183283 0.0421230826847242 0.8422473570469053 54.42608980723222
0.8413122845350497 -0.041989161680062635 -0.5389160882659021 -22.40460289100946 0.01430855629979632 0.9983589970529019 -0.05544887934070263 -2.993864639519648 0.540359977336434 0.038938712163216184 0.8405324928805781 55.337937967995536
0.838880492265595 -0.04169163222537609 -0.5427166180416968 -22.98703567915733 0.016388621435957755 0.998544876364918 -0.05137648268225101 -3.0594871244541766 0.5440688676846542 0.03420435188327289 0.8383430858118789 56.244883067230674
0.8359187287776444 -0.04044694705918303 -0.5473608712288074 -23.559128061020886 0.01577149553554789 0.9986392609246105 -0.04970801211595622 -3.124422969649453 0.5486265932374583 0.032919158761115126 0.8354191703445171 57.10889330229469
0.8342553957095976 -0.03974133999772952 -0.549944143186022 -24.154704024058155 0.01411923076461334 0.9986118130927595 -0.050745384757704556 -3.188647648394191 0.551197407515709 0.03456982277618359 0.8336584104423015 58.00206695121824
0.8318881386394893 -0.0407289797890444 -0.5534467228164508 -24.77110674155462 0.014479532885261184 0.9985565968957507 -0.051721039465596655 -3.255158089468678 0.5547544212697637 0.035012469226273935 0.8312771253200275 58.916148816962064
0.8296516356336707 -0.04292129464686828 -0.5566290739408172 -25.340116807215793 0.015316901943350338 0.9984149294848681 -0.054157373427670186 -3.31542786475591 0.5580712821900379 0.03640592050152065 0.8289940005495844 59.76357777054438
0.8273689724533277 -0.043902999658871296 -0.5599402736386067 -25.955767180619358 0.01574658304589318 0.9983615792735722 -0.05501092757586999 -3.379431103476148 0.5614380006233132 0.03669718860256152 0.8267047162105492 60.66705356628392
0.8244147249620973 -0.04431676682786513 -0.5642485139046393 -26.5689063347951 0.016201445070503084 0.998369113565975 -0.05474144915068145 -3.4500836559022448 0.5657542526957237 0.03598801544144668 0.8237881938346102 61.55490831048597
0.8219585202090768 -0.04545892395195379 -0.5677302856892834 -27.18853241323864 0.0173753720412015 0.9983470954309221 -0.05478296716198451 -3.5157257034045957 0.5692822564441427 0.03516480168821831 0.8213897669316885 62.44393261843688
0.8176582696237018 -0.047354849332640496 -0.573752971548433 -27.826576797586306 0.01869133656058563 0.9982694922757827 -0.05575531121812784 -3.586690751068798 0.5754003719616047 0.0348645813990975 0.8171284310989999 63.353906689660164
0.8135053739373769 -0.04972641844360505 -0.5794275536111314 -28.4370480986591 0.020331268178167633 0.9981604337924416 -0.05711731738757296 -3.654943377822767 0.5812018978885706 0.03468474765738985 0.8130198780907311 64.21032467155219
0.8100461498964577 -0.05142654639592091 -0.5841066215715361 -29.078555766703044 0.021133708112886215 0.9980599425768748 -0.058563789194729016 -3.7238390748004657 0.5859851546066034 0.03509503311344109 0.8095614474710624 65.09505657510314
0.8060776795497202 -0.05306879687087733 -0.5894255485898253 -29.743075970149174 0.022217967405415748 0.9979828862392148 -0.05946865307049063 -3.798269567814278 0.5913925400747889 0.034840516246520396 0.8056308099691604 66.00717667057101
0.8014101694934899 -0.05512895336210363 -0.5955690881279981 -30.394920959638238 0.023302552115465693 0.9978650365062278 -0.06101114638597583 -3.8719486626183097 0.5976610505105066 0.03501667345171395 0.8009838333468748 66.88791335168928
0.7960453696675741 -0.0560693251433365 -0.6026342175887346 -31.084779275775777 0.024090421042337513 0.9978459132560528 -0.06101790730758447 -3.950699496311568 0.6047573240935725 0.034055310542775594 0.7956813525394553 67.80779995464795
0.7906177663280841 -0.05717324212504225 -0.6096349464649337 -31.748671167268228 0.025437313772771464 0.997838493032683 -0.060591128808516206 -4.024932733426459 0.6117814075586286 0.032396947497811066 0.7903631742170225 68.67504362396501
0.7864763602774268 -0.05811821476750305 -0.6148798320298118 -32.41819224097107 0.026388578279873915 0.9978156642875255 -0.06056024305442583 -4.101234625347944 0.617056381266038 0.031403394954726736 0.7862920889365347 69.531968565724
0.7828202550643198 -0.059568574766871545 -0.6193900492914598 -33.13097973949492 0.027184216566279833 0.9977307918845986 -0.06159777021134465 -4.180895501388156 0.6216538157453156 0.0313823489493004 0.7826631980256344 70.43411242014956
0.77932830631264 -0.06227344991548785 -0.6235137596039846 -33.816664866785445 0.028686005876986997 0.9975518741845734 -0.06377594670148676 -4.257368425276023 0.6259588676955521 0.03181628115397271 0.7792067891175192 71.28678895620958
0.7762339722054132 -0.06226429743082561 -0.6273627161855027 -34.53128837943173 0.028108001163759045 0.9975394830228759 -0.06422554072198847 -4.338714727410207 0.6298180377416829 0.032220134635028486 0.7760741602832275 72.16343723333125
0.7734833731320415 -0.06223370049239049 -0.6307538648405594 -35.257885510648585 0.028337370770272572 0.9975682240745822 -0.06367599025152582 -4.423633445042928 0.6331828052830456 0.03137841359450385 0.773365974331807 73.05416738151672
0.7707235028248465 -0.06329467117559137 -0.6340181912170758 -35.981863847216395 0.02912124702277024 0.9975131910285998 -0.06418244850252336 -4.504101790983214 0.6365039160643379 0.031003521166377685 0.770650080458082 73.93042208680744
0.767388501222534 -0.064392286288816 -0.637940844951891 -36.72087486865899 0.029729383300873716 0.9974476407338148 -0.06491816204342793 -4.5879163445914335 0.640492819600644 0.030851863169769733 0.7673441930313744 74.8152481758271
0.7650177625286799 -0.06571781392846766 -0.6406473225949483 -37.42559771262889 0.02972039930015336 0.997322603271312 -0.06681558852223685 -4.670573584681188 0.6433230299632151 0.03207481779522255 0.7649226661449846 75.6553360178281
0.7619882749959349 -0.06777064947025646 -0.6440349430264627 -38.158439352369285 0.030035375523018812 0.997137305619361 -0.06939070513658324 -4.755564881025432 0.646893920968431 0.03353107234403079 0.7618424523492693 76.52489054420506
0.7589537707326053 -0.06805533615213034 -0.6475782926503794 -38.92144308066141 0.02962712711060952 0.9971023724689898 -0.0700649138719488 -4.848066417022257 0.6504701432271366 0.03399014618874649 0.758770889486501 77.42157810044999
0.7565600324485091 -0.06874281802275159 -0.6503009628409001 -39.66353582834591 0.030976293417625877 0.9971102419455713 -0.06936594736143542 -4.937210758944763 0.6531901610921708 0.03233558995186482 0.7565031547025094 78.28471612307085
0.7544371956540126 -0.06853011061619152 -0.652784912320009 -40.41499601278309 0.030731515843248815 0.9971319138470309 -0.06916299821243649 -5.021614072583505 0.6556524168701626 0.03211806853921792 0.7543794389600135 79.1428573910784
0.7510690587700497 -0.07059992249461186 -0.656438054885628 -41.191708393557704 0.032632080829327614 0.9970205976037052 -0.06989331337616578 -5.113917042059441 0.6594167242791314 0.03107376542528254 0.7511351441939557 80.0294967205799
0.7483482905345975 -0.07078377415776911 -0.6595183798575499 -41.943910249378284 0.03249843407173314 0.9970083591820781 -0.07012976189853776 -5.2013992195256264 0.6625093869801626 0.03104817284547225 0.7484098630604269 80.8832821826766
0.7456725398178543 -0.07143038018217819 -0.6624727648353705 -42.71229355331031 0.03304547981624069 0.9969782187186391 -0.07030240155445666 -5.2950509571761275 0.6654926443059346 0.030530839943229957 0.7457797316815843 81.75622069808723
0.7437536912204417 -0.07255831340590652 -0.6645041293714122 -43.47341546553003 0.03435794074652686 0.9969269216641548 -0.07040060204920585 -5.385384668211856 0.667570205074812 0.02952971413547284 0.7439610320974152 82.60795864657085
0.7426303090932804 -0.07447133822696056 -0.6655480777514908 -44.25706944330041 0.035725596934997474 0.9967882366363446 -0.07167212168650101 -5.480591157538565 0.6687480136341766 0.029448787514805338 0.7429056892865008 83.47914328673879
0.7409658783926176 -0.07920400445598577 -0.6668555261344041 -45.03544737203703 0.03970994056412631 0.9964503849477786 -0.07422769670289815 -5.574968656226426 0.6703675765415943 0.028519397180867365 0.7414809210668807 84.35664826752893
0.7391838125538448 -0.08291478760583904 -0.668380452477959 -45.8159618396344 0.04308137458990922 0.9961816833809619 -0.07593450374972462 -5.669948275096196 0.6721244575387854 0.027334807344329703 0.7399334577417364 85.22410610723664
0.735624128698498 -0.08589544887550404 -0.6719219546487906 -46.630395681974484 0.04644178437849062 0.99598909600109 -0.07647797925333488 -5.770376334545321 0.6757960505509909 0.02505379231588319 0.7366627488547763 86.12839490418625
0.7292388882055363 -0.08917295969032821 -0.6784237814145526 -47.44348360433767 0.04969936788551674 0.9957558311956698 -0.0774615870712773 -5.873968336237686 0.6824519153468129 0.022770768539689363 0.7305757149943998 87.01633239507835
0.7221485139626922 -0.09126628539262094 -0.6856908843874974 -48.26836183021189 0.051836795339108704 0.995610759524575 -0.07792407951250088 -5.9743852900308445 0.6897930634838589 0.020728740181976034 0.723709782233197 87.89857946484886
0.7131704825599079 -0.09083055763218348 -0.695081054701892 -49.118730780037524 0.05176406191367422 0.9956863370697655 -0.0770012991240449 -6.079191920640018 0.6990767802605558 0.018934834903424205 0.7147958640952777 88.78395453272219
0.7059618616180219 -0.09185360702624694 -0.7022682997381308 -49.95466370359071 0.052527311759842 0.9956140210993267 -0.07741836028820366 -6.179553736359234 0.7062993214353966 0.017766143833076033 0.7076903508408188 89.63037416762695
0.6985790782246957 -0.09188762586069246 -0.7096082973587752 -50.822971742147686 0.05003095591299398 0.9955655173549703 -0.07966306612328039 -6.287172664522594 0.7137816016942202 0.02014856986030259 0.7000784671845135 90.49209350964063
0.6900880083360287 -0.09283985595709883 -0.71774598702931 -51.71375749540364 0.050004798145482796 0.9954843526102573 -0.0806871976869106 -6.3988861619106485 0.7219958870473174 0.019790524348844603 0.6916142524794837 91.36486632422641
0.6823374670605059 -0.09421311382842144 -0.7249410115507371 -52.585170385336184 0.049981582593877624 0.9953525327822443 -0.08231146266093542 -6.505380552808521 0.729326691165807 0.01993049589759572 0.6838752465811374 92.19105568683504
0.6745002084758722 -0.09537365749817239 -0.732088337717127 -53.482192872312496 0.05151807846554043 0.9952837129104315 -0.08219621893033975 -6.618237590499172 0.7364749529734349 0.017725582378224594 0.6762325394212627 93.03299697415056
0.6653384135136085 -0.09524273166565973 -0.7404415017866423 -54.39482076485776 0.051140384316191376 0.9953133104690653 -0.08207359560237713 -6.729183677325818 0.7447881957947423 0.016740252924416277 0.6670909288371711 93.86591673786444
0.6557966717713255 -0.09639570405141928 -0.7487580340364194 -55.28304765536952 0.05104442281182403 0.995206577448217 -0.08341663565269167 -6.834788450477287 0.7532099257135824 0.016484430358291356 0.6575736242903166 94.64490915066092
0.6480903097035337 -0.09734421230182966 -0.7553165262323568 -56.21814592739449 0.049392339101106374 0.9950817615682547 -0.08586433853667554 -6.946909781779591 0.7599600958645786 0.01834099576238482 0.64971090537865 95.45339369525199
0.6408198197383473 -0.09714302448996728 -0.7615203158310707 -57.16330447154297 0.047418991070779494 0.9950761936952224 -0.08703337306377217 -7.062260925749062 0.7662254223897439 0.019662185381336086 0.6422709712805714 96.25361895825736
0.6339337009559516 -0.09750094653789028 -0.7672168065263597 -58.1293733102104 0.045787380612432746 0.9950128266979987 -0.0886171003989111 -7.180950127985114 0.7720308145203417 0.021048518491189244 0.635236476676508 97.055149815989
0.6276039776187655 -0.0973171229117321 -0.7724264527223851 -59.095571247453435 0.045148612589344675 0.9950364282331401 -0.08867981320623267 -7.299837868526033 0.7772225228712569 0.02078182083499603 0.6288825533153395 97.84671239836028
0.6216715184870112 -0.09538085214611364 -0.7774490440832343 -60.035342255809546 0.04346093818242041 0.9952294938793507 -0.08734644448948889 -7.411628694024443 0.7820713969672829 0.020512131935338705 0.6228511720219444 98.5970376565548
0.6167782511691653 -0.09409089168781146 -0.78149311768313 -61.012795919032975 0.04363663494949707 0.9953903323876355 -0.0854045097141645 -7.52979306017993 0.7859264806424265 0.018573914251579275 0.6180409183333937 99.37016001631525
0.6118648938422647 -0.0936140096071108 -0.7854029340973169 -62.003932716490844 0.04293565594598999 0.9954383593620906 -0.08519977792809828 -7.646634785854609 0.7897961009854898 0.018408962919986935 0.6130931649858191 100.14249561327311
0.6082601087414194 -0.09559719893567574 -0.787959907399818 -62.97100814613462 0.0437349064102691 0.9952491332765269 -0.08698517502199599 -7.761789879253866 0.7925319539773534 0.018448259212595332 0.6095512805801193 100.89517678231574
0.6040016642644748 -0.0976424913352449 -0.7909790979865343 -63.97933287847507 0.04417007918220657 0.99504242724443 -0.08910427648856628 -7.883499838644735 0.7957581251050991 0.01888152190264039 0.605320158643224 101.67226889527595
0.6004493576172779 -0.09912847561735237 -0.7934948734924369 -64.983424348103 0.04344018150721289 0.994865113570776 -0.09141310863561944 -8.007612381621454 0.7984820095453741 0.020419381028501743 0.6016722773327637 102.42981749394754
0.5980671719070221 -0.10226202234962975 -0.7948950475830758 -65.97648804697575 0.04449185665387387 0.9945329908086702 -0.09447012694313861 -8.131221571769858 0.8002100552846283 0.021133125138639824 0.5993473604206887 103.17963007102291
0.5953795641755057 -0.10337652811010872 -0.7967662568144342 -66.97150342572763 0.046146119109516964 0.9944507127420433 -0.09454266559587023 -8.254984980231953 0.8021182645055001 0.01952110044905693 0.5968460575256762 103.9275840267573
0.5926473442951263 -0.10313900013578224 -0.7988313163308791 -67.9617283946477 0.04772739065813063 0.9945218728662412 -0.09299645461838896 -8.37884902587241 0.8040467781671039 0.016987967553977863 0.5943233021491626 104.66225842402089
0.5904232695255177 -0.10282346409957782 -0.8005171441220736 -68.97077129803259 0.0504113487871139 0.9946130716182099 -0.0905733607616156 -8.503521056765186 0.805517882306943 0.013121470830385132 0.5924261711698645 105.40846788206203
0.5885372268314324 -0.10383171396140178 -0.8017748485762102 -69.98244286307568 0.052977894627825844 0.9945401127671325 -0.0899072120463216 -8.628667047351051 0.8067324682410955 0.010437397806776182 0.5908246655418619 106.15626734400914
0.5865850631514536 -0.10518729755337224 -0.8030277679638629 -70.95719087357065 0.055223533061077676 0.99441696294628 -0.08991810274326881 -8.748681807359617 0.8080026764088455 0.008398585483003436 0.5891189512127644 106.87070765768782
0.5847862102073663 -0.10616691244830063 -0.8042099695057885 -71.96154360345187 0.05738838747861867 0.9943289527079787 -0.08953494730695064 -8.871935131047776 0.8091549056478062 0.006206489172581597 0.58756260786255 107.60524943252828
0.583178998932582 -0.10750192756961029 -0.8051991000819673 -72.94732916676288 0.06008517341571494 0.994198178835663 -0.08921744860426417 -8.994925025456116 0.8101185265994076 0.0036492148017512535 0.5862547706345217 108.32893539625518
0.5821329875796335 -0.10879211198381587 -0.8057825147902574 -73.91437488908393 0.061589178986280094 0.9940611227363467 -0.08971765320130824 -9.110249719520334 0.8107576443077219 0.0026001219692789873 0.5853761880725408 109.03173881892036
0.5803037874671231 -0.11033557168114354 -0.8068913036296198 -74.90046682285796 0.06472556209912976 0.9938943218653069 -0.08935702868187524 -9.233731909224735 0.8118239438833174 -0.0003722709994261608 0.5839021712170964 109.74850578010263
0.5788064669118449 -0.11167260146816528 -0.8077823369833979 -75.84008130309755 0.06859905888226679 0.9937355438573661 -0.0882260618806727 -9.351573897006718 0.812574453808077 -0.004347292932081241 0.5828411945484533 110.42753014534573
0.5780408086402518 -0.11243624797700011 -0.8082245441010674 -76.80049922004244 0.07095679114270151 0.9936358019259386 -0.087481580471137 -9.470708915166341 0.8129169436893628 -0.00678109665552129 0.5823401578037476 111.11895394496597
0.5767174467354996 -0.11455028227149971 -0.808872807963283 -77.74907581123158 0.07312951592751696 0.9933845096068719 -0.08853976492696339 -9.58705135672157 0.8136639727375752 -0.008090049730046608 0.5812791846989467 111.80256293705534
0.5761441924662153 -0.11647039829805253 -0.8090071172787949 -78.68465866703609 0.07495471825369113 0.9931532442101002 -0.08960147167576454 -9.702182702328965 0.8139039622086641 -0.009015532998445104 0.5809294797699558 112.46739085705359
0.5766099537379081 -0.11861747135657254 -0.8083630723501292 -79.63161757593477 0.0768337100657056 0.992892625783043 -0.09088902388733927 -9.819948151896153 0.813398759679351 -0.009702018069810504 0.5816255914224085 113.14450026089936
0.5770707709894467 -0.12088926309156943 -0.8076974132302411 -80.56880553281485 0.07779691378498617 0.9926235709549428 -0.0929843351871116 -9.939710562573186 0.8129802983315014 -0.009177824025061787 0.5822188609715319 113.81533154696649
0.5804300539466556 -0.12176390087532561 -0.8051549570853468 -81.50573486661811 0.07704585815784994 0.9925333487209058 -0.09455943854309502 -10.058079460291763 0.8106570718967442 -0.007148714603953277 0.5854775893775168 114.48550208300351
0.5840888348977809 -0.12243943169425897 -0.8024019058515127 -82.41096764607943 0.07640148857119938 0.9924616555885561 -0.09582627369634786 -10.176450710196114 0.8080860384215643 -0.005333643483527266 0.5890403269346954 115.14220773851216
0.5885262686473618 -0.12272466301425863 -0.7991091841544873 -83.29280270467004 0.07552189291634412 0.9924349883096438 -0.09679482253286875 -10.290565363004324 0.8049430258113588 -0.0033839425045294816 0.5933424594033201 115.78706507018352
0.5933824857544643 -0.12288731185683341 -0.7954847164996035 -84.2056884369286 0.0757910905693103 0.9924164907325308 -0.0967740642550636 -10.407842758713379 0.801344455393664 -0.0028666193904916745 0.5981963275573517 116.46580080276173
0.5987081753327119 -0.12194318152267336 -0.7916302048746644 -85.11685063827365 0.07521921256776587 0.9925349276635865 -0.09600253865666514 -10.529499854349723 0.7974274831296324 -0.002068295909091307 0.6034112455875946 117.1498046337628
0.6045435419214877 -0.1209712658065775 -0.7873328767238016 -85.98705413763429 0.07438077733345652 0.9926556145763 -0.09540613614133486 -10.644809465533088 0.7930918016751235 -0.0008852679269766156 0.609101477929913 117.8132901431416
0.6105453226788544 -0.12072013007682973 -0.7827266822775413 -86.87726363571463 0.0744218885110934 0.9926865579489542 -0.09505146068262202 -10.760929840957102 0.7884768807424959 -0.000218773149549302 0.615064354903528 118.49866486768704
0.617734250507475 -0.1202510556944207 -0.7771383913784892 -87.74506209813126 0.0739079229233154 0.9927428306060685 -0.09486459407709727 -10.878332257562473 0.7829061340155216 0.0011644245911608606 0.6221387541668194 119.182522889802
0.624015991559532 -0.12036817661273624 -0.7720851924087778 -88.62916133896735 0.07276738753986761 0.9927224475062373 -0.09595337163356416 -10.994602892899241 0.7780160342747423 0.00369381593359603 0.6282335601790563 119.8900202167349
0.6322788229099241 -0.12108953969831474 -0.7652194544542703 -89.49530240904336 0.07233382845413852 0.9926223894447639 -0.09730677897317691 -11.112373353611273 0.7713567964054042 0.0061737629220517745 0.6363729859843 120.59709345571001
0.6391646087193366 -0.1216304121461478 -0.7593909703188576 -90.32849532243957 0.07100588668124284 0.9925301031599589 -0.09920765281918634 -11.22982247277504 0.7657850658097664 0.009488791410919177 0.64302659029024 121.28588483469429
0.6465228535104155 -0.11998386021072774 -0.7534003405744403 -91.16956684975167 0.06937526341836583 0.9927097534147779 -0.09856174866956957 -11.347241139907348 0.7597336853887566 0.011455075909988191 0.6501334543934147 121.99055608616031
0.6539479520950295 -0.11972803468515662 -0.7470055379052737 -91.9930181145714 0.07028789792960098 0.992742323715305 -0.09758222229983737 -11.463214052878241 0.7532673412244523 0.011308245432728022 0.6576172414329464 122.70427520492912
0.6636278723360598 -0.11713806819988741 -0.7388347041369354 -92.80771846772724 0.06853466682690208 0.993030635176495 -0.09588095245611869 -11.577766164928592 0.7449168050874138 0.012993482187831314 0.6670308260635296 123.42261767315998
0.6731522335967715 -0.11700615904590894 -0.7301887626833222 -93.61517967122879 0.06947437583513952 0.9930424909710132 -0.09507850560669814 -11.694236215620373 0.736233238522953 0.013272899886935391 0.6765977007222209 124.16187367205809
