1.0 0.0 0.0 0.0 0.0 1.0 0.0 0.0 0.0 0.0 1.0 0.0
0.999954000049216 -0.00271254845622616 0.009199992741588543 0.004646556451916695 0.002732964088292516 0.9999938294655852 -0.0022072467116853677 -0.007460515480488539 -0.009193948709056423 0.0022322884282205756 0.9999552430961641 0.38158848881721497
0.9997957759757888 -0.004525724666318993 0.019695790342482308 0.011036601171928562 0.0045395608396833625 0.9999894797609874 -0.0006578409630399944 -0.017727429602189752 -0.019692605930987418 0.0007471168546565779 0.9998058026877281 0.7888841529440117
0.9996487177217803 -0.007715836649787396 0.02535561125262558 0.017573336512836688 0.007743676250492694 0.9999695173149842 -0.0009999594817826807 -0.025852150209553684 -0.025347122821496537 0.0011959538584114745 0.9996779946858091 1.167339068679811
0.9994721674285684 -0.00955098348110133 0.03105101045350668 0.020707980536913917 0.009609795192564998 0.9999523016554147 -0.0017453510808803304 -0.03014829054660986 -0.031032859552368133 0.002042823678711652 0.9995162772558638 1.5604968748366461
0.9996371547406491 -0.01239851793297397 0.023913084599971653 0.02506901489861047 0.012471478304532227 0.9999180101603977 -0.0029043391280049384 -0.03868753558970223 -0.023875114469238897 0.0032015168181037845 0.9997098224980807 1.9183055468932158
0.9998164908718424 -0.01322516528466865 0.01385927789995472 0.013782302333173981 0.013289721859721645 0.9999012155005808 -0.004576301274228029 -0.04255603964980219 -0.013797386477380954 0.004759647429637994 0.9998934832684626 2.267504794510465
0.9998900232059935 -0.014803031992948116 -0.0009009644464087974 -0.004441075405031494 0.014797202034096795 0.9998715044833598 -0.006165819827479785 -0.049710667446008154 0.0009921215046857187 0.006151809977443687 0.9999805852759951 2.6295681435972718
0.99971608432057 -0.014336592435748956 -0.01903189081721094 -0.02241454557643488 0.014239631586311724 0.9998849833586128 -0.005220435444761232 -0.06047612446248838 0.019104545088358578 0.004947946167657018 0.9998052481286988 3.048288899821395
0.9992048743395898 -0.01472684380522193 -0.03705049483530626 -0.05947832806812953 0.014468881437154874 0.9998692458192847 -0.007220992641748772 -0.07212751191783877 0.037151992758962665 0.006679171828245719 0.9992873050818402 3.4831939211015186
0.9983667721316449 -0.014850936907391239 -0.05516555063092118 -0.09812748562102255 0.014372990434962164 0.999855741956608 -0.009050548179943347 -0.08269978695113772 0.05529200167652216 0.008242872640874324 0.9984362020686298 3.900836602718901
0.9968771135106019 -0.01673838910417065 -0.07717413354854064 -0.14910436306549693 0.016032855727786184 0.9998239008895858 -0.009752678972661544 -0.09001009583066702 0.07732378738772822 0.008484900714161728 0.996969928515343 4.35881128356777
0.994880478933389 -0.017315617671808094 -0.09956405989067565 -0.2053771071440352 0.016203799251849553 0.9997971199991077 -0.011964770423854259 -0.10408480408310092 0.0997510377243066 0.01029020049044454 0.9949592163736112 4.784211043011338
0.9932456830903081 -0.018973715941618733 -0.1144683848310706 -0.2682333236073279 0.017673722430904277 0.9997673944383696 -0.012361090297745098 -0.12847262042536264 0.11467629466416614 0.010254517115906536 0.9933499848093909 5.274423208472381
0.9921668716422687 -0.018598381481884994 -0.12352732095309368 -0.3377986515759651 0.0173786660202319 0.9997890797161022 -0.01094431577518686 -0.148894089500446 0.12370481309533424 0.008711847489714467 0.9922808185843183 5.775168621113586
0.9903286178924546 -0.021303492341455465 -0.13709627929771867 -0.415629019530795 0.02015411968490378 0.9997491822459736 -0.009766476244449557 -0.16827363174009752 0.13726995316873647 0.006908966099524003 0.990509579027123 6.312544794885189
0.9890641481631809 -0.022723872955846512 -0.1457248654695831 -0.4912417213119026 0.02138565158349534 0.9997135754279926 -0.010743417116025153 -0.18959940368772432 0.14592725833301637 0.007509507498238918 0.9892668207175166 6.795332294648193
0.9875367905631846 -0.02539893220526781 -0.15532540528515387 -0.5758723209837324 0.023752291607974943 0.9996403696553751 -0.012448293000849433 -0.20920097125241996 0.15558571890612205 0.008603812997589133 0.9877849252111351 7.2680197987463435
0.9862251387209232 -0.02593341533406385 -0.1633628896781843 -0.667986831344239 0.023729452032014323 0.9995993571001467 -0.015428492837397934 -0.23235523767907518 0.16369755300906608 0.011339455634387829 0.9864454003566339 7.797656394157732
0.9854060588939849 -0.027215103040169206 -0.1680304652779898 -0.7721328909877716 0.024873576054110925 0.9995621634521453 -0.01602456268194389 -0.2578842395545998 0.16839300552370076 0.011611182600414225 0.9856515490422135 8.394063693463444
0.9845049477694416 -0.028401143095753364 -0.17304156404847792 -0.8778870511241956 0.026119888966562286 0.9995394709489109 -0.015446598834230335 -0.2814553625073515 0.17340057444502138 0.010687426538962935 0.9847933893442374 8.958976245176848
0.9825784173013509 -0.0318208605679955 -0.18310403241404796 -0.977584876679361 0.02868360433948004 0.9993932635484734 -0.019757419265376823 -0.30502050506007644 0.18362163460678785 0.014161130133005295 0.9828949881333648 9.499257710798549
0.9824608544859278 -0.03370903158929552 -0.18339675731073582 -1.0903303911962474 0.030596299204872914 0.9993361534150478 -0.019776727549882623 -0.3322389297287581 0.1839416643334156 0.01381859858771033 0.9828400228192405 10.104601621014135
0.9814365527979396 -0.03487372073769032 -0.18858980999515082 -1.2045786730881292 0.030890112548296017 0.9992340763465476 -0.024022106789703544 -0.3541548685295714 0.1892831048425905 0.017750613222418655 0.9817621004863538 10.691111959152352
0.9793557353168793 -0.035204980846808426 -0.19905515071334104 -1.3244592554193442 0.030400425924156885 0.9991691979334724 -0.02714273391925716 -0.37721582146021376 0.19984533471053287 0.020531030771921685 0.9796123309605069 11.236111977684333
0.978351483423267 -0.034277182299130626 -0.20409176773482302 -1.4576533937583327 0.029014539432780772 0.999166217262288 -0.028723279465857808 -0.4065457590968947 0.20490615262845668 0.022179834431355093 0.9785302875024366 11.840458216488942
0.9767085071663562 -0.036434194646814404 -0.2114545849332816 -1.5970113845800056 0.030552544652198362 0.9990517898767193 -0.03101714299221284 -0.4380108042673111 0.21238416618040004 0.023834231780403444 0.9768955396311801 12.442566039900463
0.9738948304354915 -0.036586185510812504 -0.22403194031386167 -1.7304840172004978 0.03015223287098413 0.9990305788076276 -0.03207406210929071 -0.4651115590988006 0.22498822658956893 0.024481700044423124 0.9740538713331084 13.023552608744568
0.9715980931824083 -0.03574654686866806 -0.23392163155910686 -1.8875090403764245 0.02806412913914129 0.9989544293668385 -0.0360895096120154 -0.495640147147524 0.2349671253175006 0.028499691846408954 0.9715854144565417 13.631126601335962
0.970070454933812 -0.037338137721496294 -0.23993577460645088 -2.0481859350851663 0.02944691758902659 0.9989036686328562 -0.03639148027115931 -0.5360293076981794 0.24103151559290353 0.02823693084086293 0.9701064293301412 14.260990534038964
0.9690985255847886 -0.04035456002547774 -0.24335068768043222 -2.2059955299607106 0.03171450517626706 0.998723247540294 -0.03932003285850056 -0.5701789909113054 0.24462673171755717 0.03038723922502911 0.9691410515613647 14.897377119614504
0.9684508160348538 -0.04178061113280978 -0.2456774256108906 -2.3885550262273982 0.032561179773862685 0.9986089778827487 -0.041471422253234594 -0.6150315837483283 0.2470683842444434 0.032163485901575056 0.9684641055204365 15.572081258848803
0.9672784006185612 -0.04433592810073968 -0.2498135728423187 -2.55830853674161 0.03430063624397536 0.9984255006449713 -0.044384524500066046 -0.6536555900549286 0.2513880706200215 0.034363427379767005 0.9672761719429765 16.192278369891618
0.9643686987604654 -0.044246289683467124 -0.26083573125684556 -2.759540773145842 0.03238965410652865 0.9982446707315805 -0.049583138896783154 -0.6962443122454405 0.26257174859056354 0.0393680480243175 0.9641090361763284 16.9039748417214
0.9626108028576688 -0.04351580202718872 -0.26737018755957975 -2.9588911169320964 0.02994618907700321 0.998057849790266 -0.05462375153534571 -0.7397779691215546 0.26922791085152875 0.04457469513032396 0.9620444005203501 17.5851890990521
0.961953084712005 -0.044763750980381836 -0.2695226695683032 -3.160207601918455 0.02995079659917617 0.9978188659598644 -0.05882567906658792 -0.7868347398482308 0.27156806254810806 0.04851512478327545 0.9611956460945557 18.290924200587263
0.9610830795861042 -0.047507571454653244 -0.27214397804796525 -3.3707861390773486 0.03153701653082172 0.9975300688718994 -0.06276287345842534 -0.8308133165934084 0.27445351286078495 0.05173772657263411 0.9602075176374483 18.99142418431544
0.9614071845936003 -0.048060153631880265 -0.27089933009272543 -3.579302334161209 0.030936937557245917 0.9972644393006995 -0.06713079770746574 -0.880569431543051 0.2733845849831084 0.05615923556407875 0.9602640308553019 19.672443784623923
0.9616452083091538 -0.04848271927238982 -0.26997762734715436 -3.797016940232713 0.030161109423538356 0.9969769150327227 -0.07160543533962119 -0.9354902863852295 0.27263308826036814 0.060716199022912865 0.9602003657371853 20.391406343357783
0.9608827501436463 -0.04870361345383524 -0.2726395028474822 -4.019417066641654 0.029397619326153576 0.9967908911578308 -0.07445602247455814 -0.9975608756943652 0.2753908503460807 0.06352855532212852 0.9592309431019966 21.14083345503262
0.961211604921177 -0.04808790461435239 -0.27158756229742254 -4.241220363280849 0.0284971622777267 0.996729036418794 -0.07562499389606381 -1.0667797893507234 0.27433585676497396 0.06495214691958784 0.9594378855890381 21.89809931440947
0.9602406916026534 -0.04759744597607864 -0.2750859816984725 -4.476630848708367 0.027383977114145266 0.9966656522896782 -0.07686153357436044 -1.136541214842963 0.27782716207719865 0.06627262392983128 0.9583423226225508 22.678382106201084
0.959203237113961 -0.050460485820492715 -0.27817780156018623 -4.714735882824113 0.029550199976715014 0.996447778453428 -0.07885816696173206 -1.2022540004134958 0.2811688737955086 0.06742079935738016 0.9572870521544609 23.47444594159525
0.9584757929368015 -0.049670793173277626 -0.28081482628185267 -4.950862491462271 0.028744872825741306 0.9965267528059034 -0.07815473900125186 -1.2663582939223883 0.28372149485085113 0.06683743896693914 0.9565745502112939 24.239070011153178
0.9563522731241906 -0.05143387477212775 -0.2876541086376467 -5.208675640612601 0.029424792631605683 0.9963345815549955 -0.0803217478409139 -1.3436207572033159 0.29073099468199287 0.06835172363267393 0.9543602729617688 25.069950160263573
0.954271263900905 -0.05373022646248673 -0.29407383028290607 -5.446125122384169 0.03240933228527521 0.9965116084966422 -0.07690415666436848 -1.4196103882667364 0.29718006338547037 0.06385669029729776 0.9526837528952004 25.836090949390307
0.9527213269234667 -0.05386441776891676 -0.2990329375229502 -5.67663316166532 0.03204638733528613 0.9964853010432594 -0.07739556746662898 -1.4854809014611168 0.30215079394889205 0.06415348239293256 0.9510989582650765 26.547686733684344
0.9504313260331105 -0.05339920044441816 -0.30631490314191406 -5.910181403077918 0.031567882405583586 0.9966239215098477 -0.07579068461730885 -1.5530646672295756 0.3093279219459029 0.06236412804032444 0.9489082949571047 27.244697490541967
0.9482842421921653 -0.05296649160149329 -0.3129721182109677 -6.172235461206706 0.03084671879483747 0.9966902276697459 -0.075213496177366 -1.628092052693042 0.31592004676756935 0.06166961030409848 0.9467794797181219 28.016995732115642
0.9455499447693951 -0.05547080377325295 -0.3207152816367559 -6.433485209214288 0.03209778972538302 0.9964588048300602 -0.07771474873789233 -1.7009706953330452 0.32389046580802505 0.06318892470518792 0.9439820580674525 28.757044168017863
0.9435093886056172 -0.05771626845891085 -0.326280348731323 -6.724735087371453 0.03384059585319888 0.9963483702601893 -0.07838838658988649 -1.7783466063388473 0.32961317887086267 0.06291865728894706 0.9420171945774669 29.573927485708893
0.9416355252974137 -0.06052872092668048 -0.3311477184593666 -7.000599423332646 0.0365101896171794 0.9962624133858953 -0.07828288273070505 -1.8515695741953047 0.33464838794170443 0.06162367740967547 0.940325996041015 30.364217899142687
0.9408693690579687 -0.062382191014181645 -0.3329764144991807 -7.260203261893649 0.03797601375316689 0.9961259658702988 -0.07931508367507292 -1.9216707548520335 0.3366343012051495 0.06198001583764476 0.9395934359545548 31.08577792221379
0.9401308412618071 -0.06182231694558914 -0.3351596670780158 -7.572564346617053 0.036912733309267046 0.9960954829103553 -0.08019500636090326 -1.9963975513136194 0.33880887153084727 0.06302213938819842 0.9387421150235717 31.915711837002995
0.9378293823445827 -0.06114320061997823 -0.341668784979143 -7.895673588737615 0.036439713354601444 0.9962664043210918 -0.07826492772473122 -2.0938552306807203 0.3451785000573083 0.060948836240473155 0.9365559473192827 32.793814807348674
0.9364144588516705 -0.06509214415848501 -0.3448057047416475 -8.19638330895353 0.0395623558673517 0.9959631214131195 -0.08057469071154377 -2.180575308401069 0.34865854535886287 0.061809979403708915 0.9352094659456538 33.61019036847782
0.9349454461541663 -0.06608481188804755 -0.348582573220906 -8.518539542732032 0.04068320867524816 0.9959880999264976 -0.07970308235376605 -2.2682301635325683 0.35245125797402566 0.06033657632420297 0.9338830806423257 34.4605048884167
0.9339203513971801 -0.06668397274541157 -0.3512065275946008 -8.838631544263528 0.04102834128906739 0.9959500948588323 -0.08000052350923086 -2.3527158355569453 0.35511892720219196 0.0603046957505997 0.932873995356925 35.30165122589912
0.9313375536945956 -0.0691576466076892 -0.35752983231312657 -9.161864794485131 0.04276598792430492 0.9957788322141828 -0.08121322300596473 -2.4408497724046994 0.3616371542790157 0.0603468079507469 0.930363816694916 36.14889573617528
0.9302161223129006 -0.06913446036598947 -0.3604419400944541 -9.502409116394222 0.0430961682881969 0.9958793891011283 -0.07979324935380781 -2.536063566966741 0.3644731623426148 0.058691300492210684 0.9293624939594383 37.01062152655557
0.9280892470833018 -0.07147559601127466 -0.3654334257059465 -9.823477848850962 0.042917682375259045 0.9953967840736954 -0.08569314322209091 -2.620206607749285 0.36987622522661123 0.06384732907944125 0.9268846188072899 37.824349873184005
0.9278992935024241 -0.07153746946814239 -0.3659033910471409 -10.16352879126679 0.04248312982152326 0.9953143238179053 -0.08685954457325694 -2.7079353493392637 0.3704025982606897 0.06505218877947615 0.9265905934859956 38.682443668618106
0.9265525698062236 -0.07472306033761167 -0.3686689567067792 -10.513465770225283 0.04470260712825094 0.9949991683515804 -0.08932150858332394 -2.7972069592073443 0.3734996817956083 0.06628060978480213 0.9252593520009049 39.54709930272687
0.9258874802839612 -0.07736894802775454 -0.3697924008609372 -10.880771752596393 0.0463674597230273 0.9946775699467149 -0.09201407785622537 -2.8944331194610884 0.3749432390805985 0.06804834844415167 0.9245469105144273 40.45288664879082
0.9253174038864762 -0.07858868463102445 -0.37096026837487217 -11.254335366909075 0.04691006074590831 0.9944971243887665 -0.09367452045935204 -3.0061913459553735 0.37628067750763794 0.06927689535797452 0.9239120972819618 41.37603117930381
0.9247456622065209 -0.07923244292619988 -0.37224680014497097 -11.619033696237802 0.04747515744268583 0.9944648921343464 -0.09373199954132677 -3.112433229558673 0.3776129892575409 0.06900578454136702 0.9233886679204023 42.26120589161959
0.9246747859377197 -0.08214224328349348 -0.37179186666653685 -11.96670269274492 0.04941611321253933 0.9940834392921664 -0.09672726337503534 -3.2074049117443355 0.3775375319170242 0.07106875258095732 0.923263041825345 43.117206880871
0.9251662919393164 -0.08288611063950321 -0.3704014375273287 -12.333224053417322 0.049565865920381535 0.9938915617909598 -0.09860420039881376 -3.3192350272611337 0.3763117818974292 0.07286601446341565 0.9236232926585378 44.01864904676041
0.9250288871897719 -0.08584019245001719 -0.3700716406651503 -12.689670057032673 0.052257069717547636 0.9936286642223651 -0.0998562782213208 -3.4273627359475545 0.37628547212055297 0.07303108239525465 0.9236209744669023 44.91708191597806
0.9243076872432459 -0.08770451975419269 -0.37143400021770834 -13.054902276855696 0.054217010750064416 0.9935412635810774 -0.09968085727482291 -3.5388144204632788 0.3777774676292507 0.07199774146737271 0.9230929044117 45.82799917787753
0.9243900549765537 -0.0879309889494469 -0.3711753863644743 -13.400453207713245 0.05381311454455828 0.993397776741777 -0.1013163652501874 -3.651851230610777 0.3776336517889511 0.07368173686109318 0.92301886583627 46.69322629208439
0.9225120390023495 -0.09080692347837818 -0.3751341633924055 -13.79958550009736 0.056578322658477974 0.9932462377508599 -0.10129562971281571 -3.780594030234476 0.38179894093734884 0.07222197617176286 0.9214193154351413 47.68535172222114
0.9202499570558982 -0.09202388856458646 -0.38035722744818484 -14.181328021060168 0.05728871043828613 0.9931661450858928 -0.10168093189750713 -3.899239066424641 0.3871149960863514 0.07178169814569624 0.9192330322700465 48.60008214043951
0.9166745489013429 -0.09318865175802149 -0.3886176097142818 -14.597162309089038 0.05739455415269873 0.9930504146631092 -0.10274599306561769 -4.021298808061836 0.39549163903947776 0.0718801023994069 0.9156525620173398 49.571246531290136
0.9145017624573804 -0.09357955600898686 -0.3936107127092783 -15.025684178742024 0.057908406613826666 0.9931412101610407 -0.1015733878696147 -4.147738199237659 0.4004162120916095 0.07009567302640277 0.9136484300414371 50.57213944467072
0.9130023130961437 -0.09450079735267972 -0.3968581302944403 -15.384959951588996 0.05755013707646231 0.9929072020109903 -0.10403494565378942 -4.2543780574647165 0.40387468106279156 0.07214490622638776 0.9119651059673358 51.38240275075228
0.9106798839394911 -0.0940521966029306 -0.4022640094541378 -15.763436115018397 0.05557854815540902 0.9927800750394382 -0.10629556712123182 -4.3751930827837295 0.40935702506845034 0.07444398510861107 0.9093321280523728 52.23605823894391
0.9096125467688551 -0.09567386955760952 -0.4042913868048037 -16.16672394884195 0.057202702546790565 0.9926961820994793 -0.10621742261258807 -4.496888783145725 0.4115007479726146 0.07349014035223536 0.9084417062690308 53.138659312064824
0.9085980303917511 -0.09845623662147304 -0.4059014518803392 -16.569561434080473 0.05773612710790413 0.9920965795527654 -0.11140429285392743 -4.622083936264741 0.41366188946386007 0.07778654324521818 0.9071014799321789 54.01878300677155
0.908363347540134 -0.10276457860539133 -0.4053584465997202 -16.97457799858429 0.06023733540779834 0.9913805089405169 -0.11634496085267372 -4.751382562451865 0.4138206039682537 0.08126578540134909 0.9067239821767437 54.94140903800809
0.9075363775174425 -0.1032598864119505 -0.40708121958733146 -17.39682477988533 0.061127640610490364 0.9914578587687332 -0.11521599645497896 -4.895024950658335 0.4155010650238009 0.07967879356459959 0.9060961068342459 55.881537886306425
0.906309434568951 -0.10563641478957306 -0.409199409434708 -17.798608562200013 0.062327982647579605 0.9910788543982857 -0.11780461342267069 -5.020861212824311 0.41799333893064794 0.08126285889006822 0.9048082207709109 56.76562858467376
0.903010854201638 -0.10841808068922203 -0.41571254127545126 -18.214077742496894 0.06493757853320568 0.9909609902633603 -0.11738580267862134 -5.157217728088584 0.424681654993799 0.07900528815165364 0.9018889379273937 57.66533659677546
0.9009520296262431 -0.11064755208961202 -0.4195742598503033 -18.619408997841084 0.06649089960910265 0.9907262647880473 -0.11849231421613977 -5.287951851420521 0.42879412377214954 0.0788580209978716 0.8999538943428013 58.526827113473715
0.8998710375331326 -0.1114613199450783 -0.42167343995697 -19.049048115912438 0.06695558870722518 0.9906377446232991 -0.1189697779628595 -5.424308703983057 0.4309861540118341 0.07882406411600511 0.8989091733686577 59.44910133417986
0.8978763826427771 -0.11321022157619938 -0.4254426485708612 -19.497096830573426 0.06947978156044583 0.9906995561898769 -0.11699123607986091 -5.5705658212844344 0.4347304468824724 0.07548400556309169 0.8973915552630953 60.410210818826144
0.8971968236411081 -0.11497958522573944 -0.42640069726681173 -19.93741641935275 0.06982670513210805 0.9903015484734318 -0.12011275678093836 -5.7042806071431515 0.43607578572846706 0.07799062810645993 0.8965240493310037 61.32989457827189
0.896127829764165 -0.114463164074785 -0.4287809426643825 -20.383973592551904 0.068785396911702 0.9903143482143728 -0.12060705158671929 -5.834573478897682 0.43843298449576906 0.07858546806331816 0.895321641822313 62.23896603152664
0.8940334692152514 -0.1165052433297061 -0.43258604253908634 -20.849749239944963 0.07110363819511531 0.9902549858376074 -0.11974696513556526 -5.983484457071253 0.44232163473920244 0.07629935321119122 0.893605047065645 63.20287068479736
0.8925277626153268 -0.11909511524142063 -0.4349833864488523 -21.295896527258538 0.07202652228219117 0.9897644488276408 -0.12320111981978751 -6.1140778976914465 0.44520374330053863 0.07863007924801652 0.8919702559999626 64.09372225154497
0.8903014792025732 -0.12090981812519855 -0.43902629990769537 -21.75305360681006 0.07359575651916797 0.989636019169679 -0.12330536964934764 -6.253596415784444 0.4493850695696082 0.0774684803189163 0.8899728612744302 65.00849010611466
0.8884472500041517 -0.12270117604097264 -0.44227356393777667 -22.172349566199863 0.07473146539264616 0.9894170631875968 -0.12437476895857505 -6.385898431888406 0.4528539411778682 0.07744866991364949 0.8882145075871473 65.85611170637107
0.8854762622585194 -0.1248067890174003 -0.44761038235484246 -22.626628345234064 0.07565520744845847 0.9891242122774769 -0.12613319258780287 -6.526797582412162 0.45848454560935076 0.07782389158624224 0.8852882939109498 66.75918492662872
0.8810451924694299 -0.12911123452163778 -0.4550710471418766 -23.096628556039455 0.07909052634496938 0.9886949528460383 -0.12738515949374257 -6.674335141609134 0.4663733026975077 0.07624027372110605 0.8812964105191567 67.66337210453845
0.8804355830104771 -0.13012212283168256 -0.45596207881662504 -23.56090906298063 0.07769081371617119 0.9882010214113416 -0.1319957527562943 -6.810061488054604 0.4677577595648424 0.08078969260591415 0.8801566360231123 68.54049548734274
0.8780183148883843 -0.13126149750492078 -0.460276284413316 -24.03681620101369 0.0779168938060899 0.9880306595430344 -0.13313291652542983 -6.958120099875017 0.4722423068512314 0.08102984064973984 0.8777365029119532 69.4376640035833
0.87509857688115 -0.13345897161778664 -0.46517865775990724 -24.48259162673128 0.07989952026460859 0.9878751302617692 -0.13311195916136886 -7.106789161782475 0.47730341230926837 0.07931853443562453 0.875151428435624 70.2947554450736
0.872951100892238 -0.1352264278212907 -0.46868986405695084 -24.93586029187721 0.0799997949434205 0.9874863331435962 -0.13590722815076983 -7.244900271583561 0.48120308421709074 0.08114527141681138 0.872845368130376 71.13077376454204
0.868639714646324 -0.1386355902624713 -0.4756524143234523 -25.411587671862662 0.08113450071346147 0.9868959159842579 -0.1394763198810819 -7.399426736635053 0.4887558070582182 0.08256284955213655 0.8685051162432499 72.02366180971407
0.8652057444414516 -0.1432283333066171 -0.4805254044519625 -25.884768322218054 0.08423047525533102 0.9862328946382178 -0.14230215940660504 -7.557611148122835 0.4942916616976 0.08264576257576886 0.8653585563825523 72.87731825706501
0.8623979737833518 -0.14706254951823772 -0.4843989485368081 -26.40560012164895 0.08765909742208546 0.9858006405886504 -0.1432235303787476 -7.721864368630835 0.4985836112965555 0.08105370777578644 0.8630438453533418 73.81513719050233
0.8612664231587066 -0.14780676371754287 -0.48618238238212025 -26.910172051765105 0.08786919454871348 0.9856689641638486 -0.1439989504598077 -7.882467213044024 0.5004989040834835 0.08130100665743482 0.8619112444606578 74.69846273184082
0.8616139854316114 -0.14966963498595626 -0.48499519633891774 -27.4056774694697 0.08902850544446612 0.9852857967656934 -0.14589662062610423 -8.05001597855875 0.499695172407118 0.08252817128086226 0.8622608860536682 75.58340185360414
0.8610195281597747 -0.14982060444604547 -0.4860032495888695 -27.91955590360704 0.08882027054554278 0.9852355115327305 -0.14636238025891748 -8.219393148505462 0.500755760493812 0.08285392747637829 0.8616141218863601 76.47257989292248
0.8597810178383999 -0.1540976809162767 -0.4868577883745836 -28.409544371026392 0.09117527820078669 0.9843875776510786 -0.1505595085381559 -8.377028850962578 0.5024576300642419 0.0850588131969125 0.8604076523879588 77.33674025648116
0.8599800540572771 -0.153652096297368 -0.4866470383420277 -28.926202923412774 0.08963824045046112 0.9842517959213535 -0.152359404286495 -8.54702774300143 0.5023935633271867 0.08740386449702706 0.8602100162160385 78.22869961069368
0.8595127923765564 -0.1562817725263083 -0.48663514804942903 -29.461610164054918 0.09093991726579648 0.983675209986748 -0.15528365240815736 -8.726183109112045 0.5029589358871602 0.08921372558952223 0.8596936779909997 79.18400310606768
0.8571608648467496 -0.1594643812793263 -0.48974111822306077 -29.945122826254885 0.09503535733174792 0.983504786995813 -0.15390456397764 -8.892916711573134 0.5062050302318215 0.08537824699255742 0.8581765682588162 80.03995542956876
0.8557227419839605 -0.16072628753363022 -0.4918390482130401 -30.466197790825102 0.09592116436888026 0.983332956936369 -0.15445201853292623 -9.0658584852704 0.5084660451569707 0.08499033061727645 0.8568774268376986 80.92822294810662
0.8536017180889941 -0.16188257464664102 -0.4951344654750795 -30.974724984858206 0.09619055266332893 0.983125768798023 -0.15559916549782674 -9.246341626517461 0.5119682455522425 0.08519245712544876 0.8547694196653783 81.7970812172371
0.8534186757723218 -0.16143185867016208 -0.4955969318400929 -31.542333865833864 0.09611570174299074 0.9832640656589913 -0.1547693414801635 -9.442545178930454 0.5122873565895115 0.08444839957067171 0.8546520532289634 82.75697947781245
0.8520415172927518 -0.16294544031809427 -0.49746762335754857 -32.07684736534737 0.09672751412584657 0.9829621702907072 -0.1562983038564948 -9.618562468662164 0.5144599506477638 0.08505383740270278 0.8532858863959811 83.66587086655983
0.8506861473598222 -0.16707677145057534 -0.4984159218281007 -32.588384739543976 0.09978391200398792 0.9822311654342151 -0.15895001904663075 -9.793993490614525 0.5161165077725024 0.08548268884046695 0.8522420198003151 84.55268646524132
0.8470855762974164 -0.17174241246689226 -0.5029419153231572 -33.158004689775815 0.10173307219050765 0.9812461403811106 -0.16372658308855903 -9.990442767110363 0.5216286116113217 0.08752460081157588 0.8486713355600148 85.53420326631793
0.8469002359100554 -0.17475289629711904 -0.5022165027667461 -33.716564178340484 0.10453075742496826 0.9807405356743077 -0.16498885549464953 -10.184086547059337 0.5213763623023729 0.08723202921542207 0.84885644364127 86.4718283571868
0.846081304961922 -0.17875220523921287 -0.502189281562291 -34.252231398854875 0.10702280724177114 0.9798789892211264 -0.16847339615819124 -10.37558522739344 0.5221997167023575 0.08879648419336467 0.8481878567103373 87.36627977856637
0.8423546564999184 -0.18212481756328103 -0.5072170970111778 -34.79479207211936 0.1102195761316852 0.9794928687344061 -0.16865753803431233 -10.570776149116103 0.5275322527677873 0.08616420907769917 0.8451540991817754 88.27826012817717
0.8393759690498855 -0.18735047174658986 -0.5102428669936464 -35.34820117939511 0.11399961306731556 0.9785211148643356 -0.17175714245748308 -10.769729065928782 0.5314622007274535 0.08600132848385565 0.8427049903121162 89.20581953953985
0.8327473609593824 -0.1927510826153506 -0.5190171991040323 -35.96117357454856 0.11878065744186181 0.9778114890609587 -0.17255679435498925 -10.984970741496914 0.5407614892287204 0.08204701098151748 0.8371650373469592 90.20990449007661
0.8294722714838929 -0.1926400331186057 -0.5242762329911721 -36.5689087825767 0.11910926855498702 0.9780570270463005 -0.17093107964805115 -11.20174648724156 0.5457002226347789 0.07933643227052073 0.8342163973040436 91.17461829639703
0.827187540974946 -0.19519229365008595 -0.5269352337388732 -37.13325459985258 0.11960901159810866 0.977402103879641 -0.17429518546470277 -11.40738935136103 0.5490486830877074 0.08114860338459465 0.8318416001669934 92.05740812916558
0.8243509830849933 -0.19669791959307126 -0.53080635368707 -37.7472664903977 0.11986207296934093 0.9770794064465167 -0.17592304272498016 -11.62675228695722 0.5532436535110887 0.0813987833194113 0.82903298964747 93.01551781773094
0.8174141754816537 -0.2013219869772156 -0.5397254147075105 -38.34986107804611 0.12120204161786535 0.9760744944867128 -0.1805232570063186 -11.83940696649759 0.5631555121183752 0.08214644710548329 0.8222577639637322 93.94664553812152
0.813600926275237 -0.20208768155857545 -0.5451734602182654 -38.948303796661264 0.12260734926426989 0.9762001800752458 -0.17888724473099613 -12.049173582742515 0.5683493385854039 0.07870055516537203 0.8190148056941319 94.84193443690884
0.8089940452677431 -0.20536991018304074 -0.5507738507888175 -39.58145091782888 0.12346397469882175 0.9754470840696642 -0.1823722378311959 -12.271433775628802 0.5747045168370452 0.07953732564902691 0.8144866678808802 95.7859084011473
0.8023596490446554 -0.2062430329230911 -0.5600739281163 -40.210514199068925 0.12261070599318064 0.975341226999266 -0.18351050567043992 -12.496088197059086 0.5841109555219722 0.07857036519102795 0.8078620484667896 96.70288669961543
0.7985275298741422 -0.2090123730560296 -0.5645065207263669 -40.853685387707635 0.1251789124779682 0.9749405243048869 -0.1839054483666688 -12.72124925399453 0.5887987974715421 0.07618925106338445 0.8046807902009756 97.62723910928284
0.7940522023446128 -0.21006767969499845 -0.5703969406468006 -41.498976293807104 0.12271708967688716 0.9744639773378135 -0.18804380546086663 -12.945974300450477 0.5953331973381839 0.07931914534668755 0.7995541615979284 98.52164556547751
0.7909227876905656 -0.2113032982744834 -0.5742752476383685 -42.10399590039199 0.12164097749556757 0.9740495620638675 -0.19086886398024921 -13.154585367970297 0.5997037739632022 0.0811071315083498 0.7961011347264743 99.35449717819857
0.7891699727395367 -0.2114737385861068 -0.5766191221375632 -42.71556387677843 0.12086076264942353 0.9739661552664182 -0.19178791527974662 -13.372186399185884 0.602165616901263 0.0816626370133032 0.7941837215266722 100.19851385224412
0.7863305713071275 -0.21258519061215372 -0.5800791061227778 -43.35920610081249 0.11932332220769468 0.9735138079513584 -0.19502002590853187 -13.609252244689833 0.6061733888955579 0.08413324230314692 0.7908700399777671 101.07076556843997
0.7818003531502933 -0.2143160445176323 -0.5855397859039067 -44.03715977643635 0.11934742910264638 0.9731454698353762 -0.1968351739539296 -13.851287790016237 0.612000325964509 0.08400314042463633 0.7863835409125329 101.97210304330059
0.7784491196340741 -0.21564307196087049 -0.5895040573704421 -44.71681080029026 0.12180295579149811 0.9731804487025351 -0.1951508499176642 -14.092915162625976 0.6157767518357519 0.0801116706754463 0.7838374270983746 102.88339863695184
0.7763934500029839 -0.2189464810008343 -0.5909954731212546 -45.37465496481421 0.1229162704604092 0.9723141086689621 -0.19873818087973266 -14.328408514463396 0.6181462620194089 0.08165606248548306 0.781810390191125 103.75319080421497
0.7731327903654219 -0.22059374985609154 -0.5946461855475111 -46.08319954347604 0.12268781619995527 0.9718739385263785 -0.20101927113914086 -14.594222756110506 0.6222647251916686 0.08245874809656974 0.7784517754135345 104.67420037975442
0.7702785172068972 -0.22266890869335 -0.5975697139504783 -46.77274608169799 0.12238953655261615 0.9712583553996421 -0.2041519248227122 -14.844588428910475 0.6258528639160963 0.08411756158909425 0.7753917903617018 105.57189187839155
0.7686720030053825 -0.22557952422658484 -0.5985459297709753 -47.4588224032217 0.12591253662763197 0.9708031562423105 -0.2041745942813743 -15.102016428234318 0.6271278856147994 0.08157885804346733 0.7746324967393476 106.46005233852217
0.7677536264253078 -0.2303711550002286 -0.5978992390483948 -48.1402910756054 0.12840380141758517 0.9695190210723983 -0.20867518194632534 -15.3552595105635 0.6277474276269894 0.08343859252575685 0.7739322763556372 107.33453159049952
0.7662267781412716 -0.23230195657565578 -0.5991096105308016 -48.8395375465853 0.13071652703869013 0.9692193500669206 -0.20863135194596077 -15.614845685825284 0.6291340985975804 0.0815454010167226 0.7730075249018162 108.22171247644569
0.7644255099806707 -0.23411484375473884 -0.6007028213888177 -49.468396483167815 0.12975648486742092 0.9685400792337441 -0.2123519944637762 -15.851189466997905 0.6315195122287531 0.0843821951100295 0.7707546631858744 109.02297011966465
0.763983836018645 -0.23461430686419693 -0.6010697341547558 -50.17051721761348 0.1322746309869718 0.9687144343728722 -0.2099899203173976 -16.118443732841556 0.631531567144111 0.08092262756657746 0.7711156904435446 109.91946295212634
0.7615264563986969 -0.2387094762195246 -0.6025738478957113 -50.84077040536593 0.1345826213085322 0.9676810529981379 -0.2132625089183261 -16.370172695691615 0.6340070774420171 0.08130907471749475 0.769040870254642 110.7875108072685
0.7591385014913725 -0.2415990448840693 -0.6044324917346343 -51.5031913509498 0.13703542625274295 0.9670759477968542 -0.214442074100548 -16.623295802488894 0.636341125109137 0.0799625706435287 0.7672522139367968 111.62842654801017
0.7581285440320091 -0.24201091285655443 -0.6055343332811473 -52.1977937503636 0.1373925626461092 0.9670194178197419 -0.21446848087563516 -16.888910437932275 0.6374671712750714 0.07939876332730209 0.7663755227880482 112.50834662790646
0.7561901308853631 -0.24570157433945944 -0.6064711224111901 -52.87766619680601 0.1416196124700057 0.9663126197960935 -0.21490417908141254 -17.1498219953057 0.6388429942602665 0.07662021397726274 0.7655122281810106 113.38250430517103
0.7557021871613392 -0.24818390233689172 -0.6060684408054923 -53.571695066674735 0.1430683659258666 0.9656237883229039 -0.21703027921519646 -17.412791163093328 0.6390975254144476 0.07730103521788052 0.7652312741670805 114.25579643212485
0.7545042875283481 -0.25133747758291025 -0.606261290586493 -54.26323500991913 0.14664991263620303 0.9649717663490548 -0.21753917640962828 -17.680754456593434 0.6397007763205653 0.07522607600722929 0.7649339541839025 115.13117481957477
0.754050819328119 -0.2517481970285409 -0.6066549325304061 -54.91659343411667 0.14836542405201447 0.9650423212770644 -0.21605790679825068 -17.93340205816164 0.639839872793544 0.07291202532541938 0.7650416810517497 115.94453000466626
0.7538073927547208 -0.2553542477984069 -0.6054491083151746 -55.59375177660945 0.15261491594349885 0.9642426267120479 -0.21666758932292815 -18.192438745405006 0.6391268278361416 0.07092506582838035 0.7658240874883415 116.82060153211253
0.7533822349055916 -0.25646260965790035 -0.6055098165811316 -56.24754403733971 0.15442811790574462 0.9640621120758869 -0.2161855694996079 -18.446249057186044 0.6391925879801373 0.06936262615587593 0.7659123067062018 117.6484171385625
0.7530108143058238 -0.2570123491224115 -0.605738694436025 -56.87995586589774 0.1554861732590509 0.9639942279938222 -0.2157294099557392 -18.70034555147592 0.6393737275363578 0.06826258706769499 0.7658599452531049 118.44942862032208
0.7538018635491057 -0.25787789209564366 -0.604385426096794 -57.526713145115615 0.1555524808926419 0.9636612085747908 -0.21716468584076523 -18.955319276373643 0.6384247615796554 0.06968549243911212 0.7665231607365031 119.2650159997401
0.7547034033766491 -0.2594888254819522 -0.6025681060110135 -58.16639161715157 0.15793406526851786 0.9633048199416698 -0.2170268529581232 -19.208598698943565 0.6367728040356802 0.06862487396814856 0.7679915511992259 120.07755883579718
0.7572367626626958 -0.2612737604738128 -0.5986054688690984 -58.797098119910245 0.16016923885443263 0.9628017217391757 -0.21762044835187458 -19.453933137027803 0.6331968889665457 0.06891202147631362 0.7709168782035689 120.87969571282161
0.7605961140803107 -0.2616309808922891 -0.5941740326564849 -59.40784749575346 0.16137988447758175 0.9626699003083015 -0.21730898721959768 -19.700220868669437 0.628848220266173 0.06939663448427147 0.7744249627887282 121.66984504249078
0.7627412055909049 -0.26538975904189305 -0.5897407303971968 -60.005701884380436 0.1641647796545368 0.9615036968151434 -0.22036462087138792 -19.93454255456025 0.6255204060737832 0.07126651953406367 0.7769461402045772 122.45420193100288
0.7674793734771619 -0.2666973916667358 -0.5829647609978352 -60.63610824688698 0.16831841748928403 0.9612838309367008 -0.2181795286308133 -20.187281808395092 0.618582509954013 0.06932458191594476 0.7826555952148897 123.29559454746149
0.7720916186255342 -0.26817708616192787 -0.576155866850196 -61.271584692924705 0.17119106849202703 0.9608556228951928 -0.21783041573492307 -20.450651716561456 0.6120197304962978 0.06955229980661465 0.787778095071734 124.14426397288123
0.7735027874636435 -0.27084080507334674 -0.573008460751842 -61.8945867182946 0.1736362881291245 0.960060474341504 -0.21939536242114688 -20.70669824118 0.6095439912186105 0.07020786219782048 0.7896372451036607 124.9872599335741
0.78190562790035 -0.2718653241436092 -0.5609927224002553 -62.51143721748531 0.17687086453359407 0.9596635764788983 -0.21854637324574597 -20.962168652398464 0.5977794629601276 0.07165937139007153 0.7984514062578144 125.84257110290866
0.7886512785878942 -0.2684460933204307 -0.5531418043889637 -63.10763838605241 0.1746392858101287 0.9604006091974209 -0.21709857140237265 -21.21188326573683 0.5895169892661348 0.07461477624587191 0.8043024024161376 126.6760617449013
0.7920664677125244 -0.27182109293056606 -0.5465747928357448 -63.671870687882745 0.18137548455464486 0.9597450517668008 -0.21445831579052588 -21.444430680681986 0.5828667466307994 0.07072997276384106 0.8094835554999582 127.49541301320511
0.7966009408058173 -0.27411335858760905 -0.5387845652495142 -64.23656707057081 0.1839508385991711 0.9589324886742423 -0.21589481499954138 -21.682210602270704 0.575837676855161 0.07287214014179456 0.814309904830591 128.33579909444614
0.8000494778340594 -0.27525208794535755 -0.5330638996397804 -64.79141235107842 0.18561304353289837 0.95850808517723 -0.21635630039435993 -21.917639310355113 0.5704985811445135 0.07415213234696146 0.8179442708280898 129.1743681027296
0.8043633800804075 -0.27440066645497385 -0.5269761161899924 -65.3263820520276 0.18629323614088 0.9587135013236034 -0.2148563532874826 -22.147196462880885 0.5641758440005922 0.07465049650808359 0.8222730206064871 130.0008482670729
0.807927556817994 -0.2740119898689299 -0.5216996188825295 -65.8592692276365 0.18699316205641348 0.9587712637448647 -0.21398883419753265 -22.380778836732098 0.5588261091594154 0.07533321462107337 0.8258560930916501 130.83499445145043
0.8125389269328659 -0.27303834022817786 -0.51500539510206 -66.4357356522853 0.1887131666344478 0.9591473977051763 -0.21076909217005185 -22.631364167247618 0.5515141276137777 0.07406979303893357 0.8308705270988878 131.7486120938835
0.8181679854745318 -0.27743723331848547 -0.5036166489634061 -66.94018293988103 0.19523487907390907 0.9578960773162437 -0.2105194695393965 -22.863783909560762 0.5408183517018837 0.07391675473623721 0.837885328569322 132.59776340559978
0.8242888993782187 -0.2807421760559442 -0.4916621207142342 -67.4159989669829 0.20066961390987065 0.9568945526818715 -0.20996314224412027 -23.084123657892142 0.5294143145166255 0.07440863949256467 0.845093981728516 133.42214855737643
