1.0 0.0 0.0 0.0 0.0 1.0 0.0 0.0 0.0 0.0 1.0 0.0
0.9999495712531917 -0.002994050529902836 0.009585959106041765 0.004403522238135338 0.002988004729351528 0.9999953279207443 0.0006449530376150607 -0.002615109784528613 -0.009587845341665112 -0.0006162776222974003 0.9999538456466862 0.32302209734916687
0.9996987281986928 -0.005805844033232094 0.023848375478801677 0.022184629708360958 0.00580083573308261 0.999983136039122 0.0002791812322460355 -0.004299148759795659 -0.02384959418342203 -0.00014075661415990172 0.9997155480659794 0.6454188649782338
0.9994136833026243 -0.008926885058981879 0.033054505753768886 0.03713060794535744 0.00895577682229806 0.9999596325983491 -0.0007261096916939388 -0.014469556856514649 -0.033046689531500785 0.0010217127379596935 0.9994532867593613 0.9684169749763322
0.9993274057874816 -0.009458060103896885 0.03542994695357724 0.04486902605741427 0.009584646680583984 0.9999482698560446 -0.0034047261140265255 -0.017953114931132302 -0.03539591205309723 0.003742019638408892 0.9993663626013011 1.306686318504673
0.9993237992145027 -0.012489183841687625 0.034582721270327195 0.05254675797024563 0.01258942221393359 0.999917152514138 -0.0026822670145767017 -0.02389890707917574 -0.03454635685295814 0.003115829742893462 0.999398239358666 1.6892374446949658
0.9995514267086943 -0.014831992535238779 0.026018404294813304 0.058210167200292914 0.015005961176997096 0.9998662512553464 -0.006503901116640658 -0.029997588974258943 -0.025918458553089035 0.006891414805045824 0.9996403062643167 2.0222769940846828
0.9998476212611107 -0.0162484904491345 0.006381286439497938 0.045414554528505124 0.016304782622169934 0.9998277167876478 -0.008870783891108663 -0.037167029907752884 -0.006236050203640186 0.00897347766049219 0.9999402924057688 2.36760983418856
0.999829367298801 -0.015648474066785698 -0.009816391712877487 0.03095593039120533 0.015548142500072441 0.9998269374814686 -0.010215201966925805 -0.046848763466839985 0.00997454518647118 0.010060832262232545 0.9998996390150936 2.7411201767298947
0.999588855146464 -0.012486897125460708 -0.02581081298912766 -0.0020430747923535428 0.012206581646076749 0.9998651052596729 -0.010989569990734548 -0.05702666391024806 0.025944556876139207 0.010669989889486878 0.9996064381966832 3.1187067675778324
0.9989515020445185 -0.011699337892064546 -0.044260841111390094 -0.04785469816393771 0.011185250833396733 0.9998672862845752 -0.011844829323941607 -0.06398509549974309 0.044393543751253005 0.01133734143468441 0.9989497875080604 3.5169674942855353
0.9980261491115913 -0.016427785081168184 -0.060612981834049284 -0.08249440521862778 0.015673174260968897 0.9997938954933682 -0.012904190899908827 -0.07919986142447125 0.060812476500082965 0.01192872212447485 0.9980779269628218 3.948347032459277
0.9966971063926611 -0.016914366564947485 -0.0794278434316543 -0.13254132111495553 0.01588231540147384 0.9997812709841215 -0.013607433514923058 -0.08945261486125088 0.07964063137610669 0.012300991548713912 0.9967477391200513 4.344255723927528
0.9952937697964181 -0.019396122315843953 -0.09494262606197104 -0.18269086851183303 0.018052175440224656 0.9997246125883787 -0.01499393033501307 -0.10032579083425834 0.09520730416470047 0.013209444504773684 0.9953698206242569 4.77794165911397
0.9938308940645673 -0.020066566698719007 -0.10907560178036399 -0.24898264711102494 0.018361733908064524 0.9996933983183228 -0.01661192603681272 -0.11801968189118829 0.10937550333924007 0.014506628129546995 0.9938946407993147 5.246227234190806
0.9925252504637117 -0.020417335643050226 -0.12031940656928782 -0.3179034788021668 0.018491289259320948 0.9996827346494531 -0.017102697603571776 -0.1331646023175881 0.12063042490795874 0.014749998272207654 0.9925878994514769 5.709735697206547
0.9911611077196104 -0.02378134244833189 -0.130514774241809 -0.3884349465037385 0.02163883308263024 0.9996072102425159 -0.017809720211084092 -0.15422432137877568 0.1308870484305352 0.014828114597958766 0.9912863902882016 6.198930729049397
0.9900927088161082 -0.02696360413383256 -0.13780200289290176 -0.4553593522298566 0.024407934492867697 0.9994979293049113 -0.020202525807096885 -0.17381834132811405 0.13827754945389079 0.016638911241679977 0.9902537381649809 6.6528582701265
0.988861332554859 -0.026001730892015035 -0.1465509296062222 -0.5345770754720223 0.022865290604308985 0.9994728895874787 -0.02304607266403723 -0.18960805734586555 0.1470729188647902 0.01943844053093806 0.9889346305829906 7.1469408423260115
0.9879846061268178 -0.02566451245700477 -0.1524065315423887 -0.621372369769259 0.022082205596528567 0.9994397319450173 -0.02515150901367097 -0.21291146303459255 0.1529666442477886 0.021483831362593978 0.9879977989538005 7.679595002323081
0.9871388195922725 -0.027404665297253526 -0.157499000548958 -0.7176136180531943 0.023423834481424943 0.9993588884222155 -0.02707648628793646 -0.23641030211789624 0.15814004816036314 0.0230390201931313 0.987147875810093 8.251147650347015
0.9858885335043336 -0.031431284638423665 -0.16442589166750188 -0.8106488523857988 0.027163660796222067 0.9992348540011227 -0.02813968872434559 -0.26141966919856224 0.16518454842031216 0.023276187302341125 0.9859879735918913 8.814472999035846
0.9851651142888129 -0.03558843658269522 -0.16787841067245687 -0.8978983755750429 0.030871140627619913 0.9990540344863134 -0.030626930191747042 -0.28691982371101615 0.16880956804831979 0.024989985158457222 0.9853318376958698 9.335768761316501
0.9842452021234975 -0.03671576030631944 -0.17295471962916958 -1.0088902385388199 0.03144406707515099 0.9989565249141494 -0.0331229826135878 -0.3152192914600587 0.1739903811785271 0.027162736912460274 0.9843726596065007 9.915192456803664
0.9824459532732145 -0.037447193149874825 -0.18275025751631913 -1.1227922122668852 0.031060745079149132 0.9988068102359611 -0.03768535446818967 -0.339756740489997 0.18394341252736696 0.03134746483307635 0.9824368465384052 10.493563581133804
0.9812197569088779 -0.03493458196893286 -0.18970335694008855 -1.255292517331276 0.027850670597651023 0.9988162141004057 -0.03988120606744339 -0.3654454799321948 0.19087202204342013 0.033848861617322645 0.9810311543311291 11.112755371371064
0.9794879125654167 -0.03478755089524758 -0.19847734238686668 -1.3807818936076341 0.02710669225833947 0.9987795848171556 -0.04128641649843656 -0.3933051788839797 0.19967137093998885 0.03505948167302614 0.9792355060820479 11.69237462902467
0.9780176651055322 -0.03470372541485459 -0.20561395425372656 -1.5093341327763912 0.02580133677254961 0.9986163820947487 -0.04582152804899155 -0.42266507265341025 0.2069196408325528 0.039509148995206356 0.9775598648591307 12.253928966238178
0.9763737443127167 -0.03222863277532055 -0.21367177316201386 -1.6523045511247865 0.022803927770964558 0.9986613192687556 -0.04642790405139054 -0.46490125737211746 0.21488204274667116 0.04045843083736725 0.9758016310086778 12.88573228872689
0.9739616389598524 -0.03380943892191101 -0.22417771449103444 -1.8026949319003207 0.023061829083836402 0.9984633566488318 -0.05038925945929118 -0.5030035176058807 0.22553686588659091 0.04390725759294717 0.9732447147848894 13.51684912676598
0.9719537726780406 -0.035295102603196814 -0.23250832137614702 -1.962537876767893 0.023237256448548724 0.9982489638311738 -0.0543970231054262 -0.5457886442557609 0.23402113940767882 0.04746853633953442 0.9710720078182226 14.169677591447973
0.9709729929551357 -0.034974138528257065 -0.23661837753216172 -2.124201058881554 0.021399716756024305 0.9979871879738922 -0.05969610341325078 -0.5837969476985869 0.238229929006639 0.05289973794046511 0.9697670434961801 14.799653986704168
0.9704804024222854 -0.037064435035635265 -0.238314951628655 -2.2829378254190096 0.021842076222325507 0.9975671419469397 -0.06620212242906114 -0.6244791817391242 0.24018890944541363 0.059042569077771764 0.9689289255751009 15.431182510765684
0.9698815035328782 -0.036569054766304065 -0.24081647231512804 -2.462109979415501 0.020011406399010685 0.9972864399567741 -0.07084702034861576 -0.6756985379594976 0.2427538109252611 0.06389413832146573 0.9679814700547836 16.107009688059268
0.9689344380450489 -0.035759095580904496 -0.24471890375196076 -2.631828799042348 0.017193724197007997 0.9968375028519707 -0.07758459097066035 -0.7266792548226468 0.24671933572090154 0.07096675271620638 0.9664850176750565 16.76280691844407
0.9692376728911961 -0.03463577248749389 -0.2436774439964721 -2.8205794253029834 0.014961143684474449 0.9965090746412933 -0.08213299177070252 -0.7832664160657674 0.24567152384456717 0.07596069655913076 0.9663723272890944 17.465144874504446
0.9689032458888002 -0.03797309926724336 -0.24450878069751955 -3.0062794456302844 0.017055854547648065 0.996053185168365 -0.08710424870007484 -0.8458031095466041 0.24685136809788413 0.08022528309700812 0.9657268278453324 18.175607098931014
0.9680705741404793 -0.03712945681321274 -0.24791282120955083 -3.2020106974803033 0.015056802886891603 0.9957968260857659 -0.09034364307653533 -0.912734798360848 0.2502252109003972 0.08372624794095868 0.9645606560686482 18.88528027300416
0.9679918774275669 -0.03574704951425613 -0.24842277207470292 -3.397058025941824 0.012725738061107564 0.9955224150392828 -0.093665237655995 -0.9808637152010318 0.250658693894815 0.08750582612248893 0.9641125191436767 19.578893025241666
0.9666341541132403 -0.03564902246071402 -0.2536682071119203 -3.597924208651504 0.011690859089505854 0.9953766076367322 -0.09533484558827551 -1.0523599201492364 0.25589399351202036 0.08918831855790602 0.9625817928453061 20.31850177662305
0.9667138447668008 -0.036027062851460186 -0.25331086253551616 -3.795236080314391 0.011058392843888673 0.994995036056737 -0.09931057431191895 -1.1294223984659284 0.25562091910463913 0.09320369608953222 0.9622738782443125 21.042127997923338
0.9659627390842173 -0.034632064194001416 -0.2563525050210723 -3.9890832649574977 0.00914951926871062 0.9949516845332526 -0.09993713895041519 -1.206264293698328 0.2585193861165306 0.09419005029251053 0.961403121186855 21.74237453349844
0.9649411868489065 -0.03524725201901602 -0.26008871015046364 -4.192360822060592 0.009109820404377956 0.9948423519718571 -0.10102329382525484 -1.2821439804480694 0.2623080576246637 0.09511217560445016 0.9602854559749223 22.457595857667815
0.9636068637130749 -0.03732449103504969 -0.2647049198145474 -4.406317750717765 0.010737792849356241 0.9948098346297621 -0.10118346074645573 -1.367520163390795 0.26710767867992075 0.09465873067435318 0.9590063673914498 23.209761380299305
0.9618372180563822 -0.036357011722013284 -0.2711961166023677 -4.649785041018575 0.009437190656351242 0.9949512750914709 -0.09991446154772683 -1.4585407669781416 0.2734595132630702 0.09354211828102833 0.9573242745869464 24.025015648754746
0.9598174582762247 -0.03765874659417606 -0.278086795071473 -4.865453505527538 0.00975993574663581 0.9948350037082311 -0.10103493975385622 -1.5519341283678887 0.2804553269994872 0.09426098981975231 0.9552275516105109 24.750961803183472
0.9582839780217343 -0.03963046116888529 -0.2830569624905589 -5.066919131639715 0.01169069700888521 0.9949465938853144 -0.09972262992650045 -1.6402370757111655 0.2855786145184661 0.09225346532002358 0.9539046876214419 25.441366266748332
0.9563708055452258 -0.038339440489116 -0.2896290206518635 -5.302406844184317 0.010314572570512822 0.9951649145272361 -0.09767498393491916 -1.7301573693647059 0.291973443815467 0.09042610351541541 0.9521421258979963 26.19185227742774
0.9541689535369228 -0.04139529081591842 -0.2963916969223657 -5.54398015071787 0.012346947029745748 0.9949893156588631 -0.09921599983748713 -1.8189327725564668 0.2990136468546187 0.09100929415709769 0.9498990195656213 26.952521572669895
0.9510290543496936 -0.043095443070835474 -0.30608253881797287 -5.809711986778785 0.013139672834963192 0.9949744800543833 -0.09926294897039828 -1.9172856277945631 0.3088220956805352 0.09038012407071669 0.9468158988908267 27.76004841246527
0.9479805725217454 -0.04516090818772246 -0.3151084360866974 -6.085556617553021 0.014363138992488705 0.9949455087690242 -0.09938377542954627 -2.0154791182523124 0.31800398481721365 0.08968794206585484 0.9438376654321259 28.575596736360943
0.9460047391449624 -0.047196388909592546 -0.3206985101137301 -6.369976894097308 0.01549581892194277 0.9947969857526067 -0.10069179079481437 -2.1135483882954422 0.32378220011484593 0.0902854252436283 0.9418140097054021 29.393095981310193
0.9435998104095078 -0.04871341682464661 -0.32748496273326705 -6.657304253768805 0.016934968193666414 0.9949234643547227 -0.09919932927533562 -2.2140754170546284 0.33065481192237406 0.0880585208691651 0.9396345525016172 30.193656894803087
0.9404919746216155 -0.04964346717407747 -0.3361701531059402 -6.9605602720052735 0.0166222649539047 0.9948079552218914 -0.10040334922223401 -2.3105480750543816 0.3394091129892319 0.08884063481412086 0.936434085040526 31.009722781461132
0.9377449533889018 -0.050840701908236655 -0.3435835057495113 -7.266585292004243 0.01781465168127466 0.9949671306817864 -0.09860551226137551 -2.413721824088097 0.34686746832056986 0.08634600102107357 0.9339311149804078 31.830238379043298
0.9347437392141212 -0.05280241754262156 -0.3513773565579569 -7.582449939113174 0.019210888200687573 0.9949605038618841 -0.09841004790897404 -2.5103898421702393 0.35480288016664074 0.08523790504558715 0.9310474830903609 32.6489391631143
0.9310702806150517 -0.0540762757233645 -0.3608100455354584 -7.916509404090602 0.019393028175356486 0.9948919359084406 -0.09906536388942987 -2.616138094777936 0.3643240906303051 0.08523961677674287 0.9273630166866453 33.505559386563924
0.9288553463929504 -0.057258704213183874 -0.36599069150602676 -8.264304650357841 0.02247970767803751 0.9948737234913304 -0.09859481248628688 -2.7192031009740267 0.3697599332268742 0.08335295494655967 0.9253809359835196 34.37344097531381
0.9263441429690226 -0.058123060972947366 -0.3721669498627229 -8.616147502715709 0.022703892021399618 0.9948425162025184 -0.09885798522589294 -2.8191496199475417 0.37599343355179504 0.08312687735610717 0.9228861577610508 35.25334174962423
0.9246282546393887 -0.05947871499943284 -0.3761979175707039 -8.9836223181183 0.024202099461631203 0.9949102274138028 -0.09781563151697559 -2.926061726274371 0.3801011037923558 0.081338317227686 0.921361616872768 36.139533402078186
0.923472603050664 -0.06014420062237737 -0.3789208710883133 -9.334906107110289 0.02444744451451381 0.9948538227393982 -0.09832697410942846 -3.022375304923668 0.3828846743753799 0.08153861975960637 0.9201906213476412 36.972547075606926
0.922066598126716 -0.06104229105279672 -0.3821871626860992 -9.700647248704556 0.024373151874322187 0.9946822144442948 -0.10006618677607915 -3.1254057664941923 0.38626304261052 0.0829525826675673 0.9186510387203859 37.831962463039936
0.9213870207451603 -0.06362127943243487 -0.38340356128463104 -10.093818590663405 0.026469745613688242 0.9944922411484063 -0.10141269576718268 -3.236884676256061 0.38774387238163344 0.08329174688407345 0.9179962823081014 38.749099201992166
0.9209990140875919 -0.06457955721452062 -0.38417482587965107 -10.49127803368787 0.027389865768027225 0.9944579217527296 -0.10150486252614355 -3.34862022716699 0.38860083801105366 0.08296338139937587 0.9176635908893239 39.69175221955046
0.920513218214387 -0.06402848312544729 -0.38542933002205093 -10.870028466737555 0.0260300895659416 0.9943391538505506 -0.10301495792825703 -3.4593498972497314 0.3898433653786887 0.0847938704649447 0.9169690016580674 40.58801988398169
0.9194853432994636 -0.06597222611122662 -0.3875491824780396 -11.253428401827898 0.02829116995704715 0.9943668567611081 -0.10214775512704832 -3.569819469386811 0.39210497721902116 0.08295914390206266 0.9161721821159535 41.49095103635872
0.9200265996047928 -0.06657956175855069 -0.38615828098809674 -11.664185211988002 0.029458261078568356 0.9944228503467852 -0.10126897630766532 -3.688141787479309 0.3907470625274993 0.08179460045880113 0.9168567916866385 42.43999296117695
0.9193493262157288 -0.06940370869926485 -0.3872724384790029 -12.063399488459536 0.030535454502142397 0.9939358761777884 -0.10563645234974349 -3.807602987468478 0.39225553202604174 0.08529126136644728 0.9158935518549562 43.388711938252364
0.9178498662045317 -0.07336367032108201 -0.39008895778443037 -12.478356095279901 0.03439387040750374 0.9937741175467125 -0.1059720008900694 -3.9317136184945114 0.3954348047235035 0.08384971777694082 0.9146587013974187 44.370541137901704
0.9178399691853325 -0.0724198647052844 -0.3902885524351647 -12.88102626386667 0.033473415020982944 0.9938354160876182 -0.1056915144029264 -4.057373634857891 0.39553675107719266 0.08394360562913217 0.914606007864195 45.29937222486727
0.916469242455773 -0.0748974139926986 -0.39303244778230234 -13.259209714290636 0.0354351452523545 0.9936567505998796 -0.10672681232114813 -4.169428791994939 0.39853290719021744 0.08388467896162775 0.9133098502271935 46.18287789839775
0.9150540896785186 -0.07560767378552267 -0.3961811361326529 -13.65590553038451 0.03573470904286427 0.9936074573715661 -0.10708525213694661 -4.290156127807417 0.4017449981421542 0.08383138028419657 0.9119063856270593 47.084628158063396
0.9123371565078788 -0.07865945239637664 -0.4018128960148252 -14.079524144162374 0.03766329764416387 0.9933345541750837 -0.1089400729408386 -4.4206056205610516 0.4077038004062333 0.08425647767673575 0.9092185969852489 48.035104544714365
0.9074063495074323 -0.08127767279597473 -0.4123198476649724 -14.508504607229673 0.03803004380098367 0.9929752420997611 -0.11204411785281725 -4.54887331695328 0.4185300857072175 0.0859890020978916 0.904123033041476 48.97015832390605
0.9032634001184128 -0.08235234501053079 -0.42110963094874776 -14.958129199724402 0.03682799625105779 0.9926673023739023 -0.1151317744580167 -4.682718595622831 0.42750313296940423 0.0884856941487496 0.8996729145819373 49.91944827160603
0.8996723827386433 -0.08357541821666523 -0.42849125219458345 -15.40325242381094 0.03752332561528479 0.992675958013757 -0.114832235962901 -4.8090553147154775 0.4349501164181267 0.08723297456455077 0.8962191720647795 50.84716287644123
0.8959555896854631 -0.08527239762441416 -0.43588094649199605 -15.854085455984556 0.04015991296359892 0.9929301203182886 -0.1117003023964811 -4.939340794794486 0.4423242732454671 0.08257356942807406 0.8930458235330239 51.76565075808902
0.8937174489844382 -0.08732273119736242 -0.4400498403555916 -16.32053771045522 0.040538725048019614 0.992580307149904 -0.11463396368303638 -5.075313946565113 0.4467949564982012 0.08461131410417774 0.8906262922086541 52.71595763628203
0.8926627965144289 -0.0874773199596956 -0.44215478083099846 -16.769251246402934 0.03984319779709506 0.992459997360773 -0.11591235149006324 -5.203768760711968 0.4489606344751629 0.0858537834421026 0.8894174928346843 53.60515915956777
0.8921252811035753 -0.08955908393596182 -0.4428223721769466 -17.233934389285114 0.039551351459405165 0.9918738757418273 -0.12092107020127107 -5.341400309370953 0.4500535228321199 0.09036252046859619 0.888417943020604 54.535472832854566
0.8919564865060131 -0.08942168410061387 -0.44319001409379516 -17.701454900983727 0.03802542513001157 0.9916100139882102 -0.12354613390140243 -5.476150078246103 0.45051935943256666 0.09334528681680399 0.8878732816148701 55.458456404886356
0.8915164224228485 -0.0911083339371643 -0.4437316081118852 -18.173296451990954 0.039873093276788944 0.9915460643262076 -0.12347687537247172 -5.614858540704561 0.4512301020354316 0.09238871038391315 0.8876123710329255 56.393324974880976
0.8896463141292678 -0.09316407771529783 -0.44704573633988115 -18.63144802411956 0.04187412409151181 0.9914864157405643 -0.12329332963910856 -5.7425481440678245 0.45472628414000577 0.09096780763208027 0.8859733994239534 57.302194091938624
0.8883947205876974 -0.09262753959703923 -0.4496386986682822 -19.093140043685747 0.0412694420375855 0.9915816405201425 -0.12273012400095361 -5.885915506076296 0.4572216678874851 0.09047645600697458 0.8847385813462667 58.20566316951687
0.8873003504420622 -0.09407965603104076 -0.4514943038693565 -19.552934135657267 0.0412512865481312 0.9912382859659769 -0.12547904922080216 -6.024839001563329 0.45934346568065787 0.0927128834429907 0.8834069853584864 59.110927546287584
0.8850690928947454 -0.09521863052696639 -0.4556161906726336 -20.033123856242316 0.041579776790012755 0.9911127114746098 -0.1263594686422019 -6.165309671292435 0.46359877368751234 0.09289244077973167 0.8811623979048464 60.01791436235397
0.8825027690796521 -0.09670644414796825 -0.4602572391902189 -20.48496774026461 0.041426579641396066 0.9908112419841338 -0.12875139322381413 -6.296999226995392 0.4684791362120212 0.09455657786803642 0.8783998818965794 60.879659227016205
0.8817607205448388 -0.09727051934919012 -0.4615587479073339 -20.9457638272063 0.04167522687323751 0.9907454240207796 -0.129176933881209 -6.43225868801054 0.46985232485251277 0.09466758076250223 0.8776541699230195 61.748380823418756
0.88073093918688 -0.09854269638532992 -0.46325192902793766 -21.420566226733808 0.04192721545401065 0.9904971937838192 -0.130986326426283 -6.576583663915278 0.4717574815127681 0.09594084685621904 0.8764931446059587 62.63537475813165
0.877528714327778 -0.10102964005667552 -0.468760458400936 -21.909308611563738 0.04294516555610432 0.9901831590960066 -0.13301512770362353 -6.728402132099715 0.4775971820327208 0.09659359850772242 0.8732528891688439 63.545063820146034
0.8748469593704034 -0.10349132949022724 -0.47321490086503526 -22.39843988871921 0.04312508259161643 0.989671567579785 -0.13671289469409056 -6.883384422504185 0.4824759319715608 0.09919542854646306 0.8702742338042977 64.44640382330871
0.8724481190500442 -0.10526379897196644 -0.4772355940120453 -22.871348900666685 0.04430897198229145 0.9895434009544785 -0.1372609654246862 -7.034458534461756 0.4866939434263722 0.09860725253972866 0.8679894096005167 65.30984497962795
0.870656489482586 -0.10741196301623324 -0.4800207782199216 -23.37979079897651 0.04554094631159841 0.989277762802667 -0.13876429740100452 -7.190167876642843 0.4897788271566095 0.09895543555131098 0.866212746525902 66.22552781934053
0.8679125492685517 -0.10909718567483351 -0.48458808373710055 -23.90696530315718 0.04587042349073992 0.9890166998332919 -0.14050577105459006 -7.352516709044172 0.49459449154933427 0.09971846132334578 0.8633843393300347 67.15985476023336
0.8655685650946254 -0.10936877116891791 -0.48870188357835503 -24.41307051579819 0.0450093978468174 0.9889013603233424 -0.1415918558961273 -7.508254621379459 0.49876368475010097 0.10056128203062867 0.8608845540087581 68.03560651056732
0.8614367234999225 -0.1099430975855205 -0.4958218295910526 -24.968698048561098 0.04456763517607405 0.9888853581005175 -0.14184313317613872 -7.677682121794696 0.505905620941822 0.10009127748066851 0.8567620666624762 68.99609379385643
0.8577857711946089 -0.11033152991336917 -0.5020264178736467 -25.502445754202288 0.043624521059627414 0.9887939289054395 -0.1427706808909405 -7.8457439515450815 0.512152781793078 0.1005659965729966 0.8529865230089464 69.89479688453467
0.8547341174991987 -0.11189121583358974 -0.5068628455530618 -26.056347601838155 0.04549438343764555 0.9888809088593078 -0.14157969193785497 -8.016436336814753 0.5170685152457984 0.09795358039842376 0.8503206728221037 70.83240901589346
0.8525816610501051 -0.11288857069875013 -0.5102555064344108 -26.59740454376023 0.04523681549648048 0.9886671791260669 -0.14314621700430244 -8.18164331994196 0.5206324440186003 0.09896150526593034 0.8480262252493848 71.73541377048122
0.8508101118812587 -0.11520287216078277 -0.5126894301294951 -27.118380499873943 0.045875066391166605 0.9882309003196407 -0.14592863302669057 -8.33640672902824 0.523466934776406 0.10063789494687776 0.8460817822742994 72.57363407053181
0.8480471095417056 -0.11661980333797498 -0.5169293196050796 -27.672633697639846 0.04664006275890662 0.988124380534051 -0.14640667040829464 -8.504714379800044 0.5278643808250408 0.10005013774907962 0.8434151797262048 73.47532000351303
0.8449071642235925 -0.11959749970806098 -0.5213715775790123 -28.243508870252956 0.0499836383658175 0.988072255494178 -0.14565319707566776 -8.679254463339662 0.5325725488037877 0.09700338131337738 0.8408072456124583 74.40964775514634
0.8443290773924228 -0.11940428906209868 -0.5223514380407455 -28.80450395265732 0.04809708921083224 0.9878082980458197 -0.14805889477254014 -8.845543562669793 0.5336619520624506 0.09988684630818839 0.8397782676727822 75.29707366112578
0.8430050391996524 -0.11931156262990927 -0.524506677657017 -29.38719764358619 0.047398049154105594 0.9877739196725475 -0.14851299118634997 -9.022221430316856 0.5358133339329824 0.10033660666746268 0.8383535271841357 76.21131029643179
0.8416244564969038 -0.12283354051930456 -0.5259089232460159 -29.936568548856904 0.049592570021373676 0.9872548247017934 -0.15122330541853168 -9.193111998475278 0.5377814158419447 0.10119205713159374 0.8369894362227697 77.09146090993258
0.8400662325391572 -0.12331307749125395 -0.528282698814851 -30.510100928633886 0.049586090464651185 0.9871998767284355 -0.15158371620920735 -9.3663655187089 0.5402128696911044 0.10114488769581031 0.835427894622333 77.98727507309111
0.8382709523097798 -0.12234988051492807 -0.531349524561411 -31.09904679234425 0.04584369329545316 0.9868637968884719 -0.15491353128729937 -9.551970041336267 0.5433232613267052 0.10550048876119714 0.8328682252148063 78.90007493379147
0.8358292960196477 -0.12526071459485735 -0.5345083173295679 -31.67665713567841 0.04862405864617348 0.9866868724332675 -0.15519251492462788 -9.726975631906043 0.5468318652347117 0.10372448672826996 0.8307924783102477 79.80026063743334
0.8338765221722135 -0.1275231550859965 -0.5370174956990572 -32.2706986613894 0.050715727390151 0.9865306234968023 -0.15551605672180147 -9.91015974955438 0.5496161030803792 0.10244595560549752 0.8291121549071722 80.71137695631175
0.8326021577271767 -0.13070767807960784 -0.5382277862012395 -32.87804989899526 0.053257040898870955 0.9861458675537935 -0.1570987444293296 -10.106970179432308 0.5513051192785583 0.10213633436546195 0.8280282813163093 81.65258868316008
0.8321775553610575 -0.1313613027084348 -0.5387250917713386 -33.45903799541635 0.05386058594743201 0.9860895941678229 -0.1572461432129191 -10.29057322367365 0.5518872653311486 0.10184066194149337 0.8276768245762505 82.54289442797948
0.8311013415755987 -0.1322273337977544 -0.5401726503887228 -34.04759379554376 0.05397078303977577 0.9859148283107294 -0.15830068191608784 -10.477889276191306 0.5534959029742799 0.1024103681946423 0.8265315492326499 83.43906268360125
0.8296724342779538 -0.1314744847297945 -0.5425477966634182 -34.63249097712689 0.05342311594671862 0.9861101329811558 -0.1572665772325166 -10.66377584025673 0.5556884221232599 0.10149515011527735 0.825172171138387 84.32561111090479
0.828323934210332 -0.13394875883888843 -0.544001093767135 -35.25659505256585 0.05446120448683698 0.985650775577723 -0.15977022816806774 -10.85655884375272 0.5575961237492247 0.10271454915714134 0.8237331389298872 85.27526561307359
0.828142768134191 -0.13661047324859837 -0.5436148767149714 -35.89050956249635 0.05635312430981625 0.9852233347540605 -0.16173838764069207 -11.057495861622384 0.5576772193371019 0.10330807933013933 0.8236040066546275 86.23318727550081
0.8277119646686837 -0.13890219039536872 -0.543690247335444 -36.50203245047562 0.0581489096369162 0.9848951685551615 -0.16309571197532377 -11.251940607816485 0.5581322494287043 0.10338127712535164 0.8232865258751572 87.15678245131505
0.8246551465213523 -0.14228132461238033 -0.5474485491645708 -37.14027530875457 0.061465272811909964 0.9846562131826324 -0.16332226449261575 -11.45309528457518 0.5622863234634153 0.10103547153047246 0.8207471741886235 88.11759105557144
0.8207147209612722 -0.14297580508591518 -0.5531593495164803 -37.76835928995659 0.061042425621034 0.984583397754646 -0.16391874554247013 -11.659786385575403 0.5680679264592939 0.10076433905877083 0.81678967849887 89.0429121975841
0.8151152871244519 -0.1441382875239358 -0.5610804066848976 -38.43354639290121 0.06114821528756079 0.9845481418088341 -0.16409098764989666 -11.870751344033037 0.576062465764928 0.09944400701118011 0.8113340403350472 90.01431378029753
0.8112138429458241 -0.14754992594884328 -0.5658278186564876 -39.080226275877216 0.0635665216696796 0.984158472376196 -0.1655034699725981 -12.071361232118916 0.5812842663756574 0.09829099960140494 0.8077422120091723 90.94168110516108
0.8076435612044043 -0.14959283367938686 -0.5703804538699052 -39.72290404005476 0.06455384772974279 0.9839023753466661 -0.16664008080432954 -12.270665206493444 0.5861268453059908 0.09776553533305896 0.8042992113092537 91.84862373134584
0.80327686156425 -0.15088555951974278 -0.5761769099885061 -40.391931551563744 0.06254144171471665 0.9833996058523916 -0.17033432794831949 -12.476686200941407 0.5923131365618473 0.10079068973757006 0.799378749478926 92.76298434873428
0.7973364139050395 -0.1532778459131783 -0.5837469871556236 -41.0188712974353 0.0633132968723549 0.9831189591632863 -0.17166402818543516 -12.677700081900038 0.6002050228881834 0.09991503433374174 0.7935810711035657 93.62467641186986
0.7921996414272087 -0.15433268442176248 -0.5904245511848022 -41.678592618319605 0.061798773852706206 0.982808043758847 -0.1739806330406082 -12.883889746868817 0.6071248962716852 0.1013398817942934 0.7881177505201964 94.49750070277324
0.7851429637932346 -0.1579615190377674 -0.5988310988160659 -42.35870885924076 0.06429975044006485 0.9824915595706856 -0.17485959357641084 -13.099601522633895 0.6159675872148804 0.09878508933864077 0.7815532212364272 95.3951367665218
0.7785095055612499 -0.1598395387662071 -0.6069384413577581 -43.033889493105825 0.062447038086373446 0.9819558953883327 -0.17850206426351783 -13.310005762837609 0.6245184682497529 0.10106404582790167 0.7744435043667669 96.26239813872803
0.7747929779076816 -0.16115949138889402 -0.6113292563915294 -43.73059138203627 0.06134447311143193 0.9815654283805654 -0.18101426857228203 -13.529369416874934 0.6292318308887654 0.10274691305995741 0.7703962453523654 97.13939692766063
0.7687487878571229 -0.16020522906894358 -0.6191603877406658 -44.47637271610553 0.05928009444705877 0.9817990103884293 -0.18043440249200993 -13.761926304301685 0.6367975907386524 0.10200484194031266 0.7642537802655475 98.05941585306225
0.7635290834599909 -0.16203114264348667 -0.6251153873681184 -45.19727913848212 0.05904614958965641 0.981472258946603 -0.18227933820619557 -13.986181066114538 0.6430683407923162 0.10226491936093624 0.7589499294016168 98.92542928258482
0.7598697576162168 -0.1634596220462332 -0.6291890839968337 -45.9413788158993 0.057410040083297524 0.9809630273614519 -0.18551449066714337 -14.220908764518015 0.6475353571488636 0.10484508052530667 0.7547883612852916 99.81118468196016
0.7560988612268547 -0.16394779424203362 -0.6335894828788 -46.679951178266265 0.05557691299137058 0.9807018510619205 -0.18744355434656118 -14.4521005910428 0.6520933359526095 0.10651291042354642 0.7506192650867032 100.67810958032803
0.7520131055093572 -0.16604485604977898 -0.6378913660817027 -47.388010268977375 0.055847457052344576 0.9803217942195802 -0.18934159954666546 -14.667410306928526 0.6567780071553548 0.10676275360588766 0.7464880198365742 101.50236568713017
0.7460112077365677 -0.16669885102710735 -0.644731549559714 -48.153864280972044 0.05560816433175284 0.9803747592315336 -0.18913768403299613 -14.907486786242977 0.6636075722828066 0.10524649413617054 0.7406403752705929 102.37830276489133
0.7427242598902223 -0.16793414820780292 -0.6481965717560076 -48.88966638075554 0.05510277351047225 0.9800848529791649 -0.19078093540042795 -15.146660636648638 0.6673262756118443 0.10598020016271127 0.7371864343919362 103.21963836010016
0.7407547644721303 -0.17130109351385192 -0.6495677903597111 -49.61917661146753 0.05742383451030258 0.9795490354102879 -0.19283721232404352 -15.3779624673645 0.6693167278217186 0.10554441049972005 0.7354423806596234 104.04904900588129
0.7374534366200977 -0.17324466410539227 -0.6528006703245774 -50.397124791684064 0.057760040298079685 0.9791784272130564 -0.19461085639123465 -15.623370674519778 0.6729236260988107 0.10581065182473526 0.7321051149926852 104.92503928060322
0.7348379934632346 -0.17681010131750144 -0.6547910441011102 -51.16512508497533 0.05830982994485548 0.9783176459431604 -0.19873235108566295 -15.861639807308126 0.6757315199801837 0.10785532767706951 0.7292147428549034 105.77006332630573
0.7323194319134412 -0.17793701010145122 -0.657302571178701 -51.97055377268252 0.06165456564423139 0.9786179439549791 -0.19622852571568414 -16.118475540838453 0.678164407925686 0.10317625795446259 0.7276315658472481 106.66371413646561
0.728868976441511 -0.18154357462448956 -0.6601453973888379 -52.743894560226735 0.06410781813498628 0.978064596516223 -0.19819140419183115 -16.367675723898884 0.6816452177159874 0.10213508483435388 0.7245193038220609 107.5145854032031
0.7272522020135586 -0.18237370812662754 -0.6616978655327324 -53.51117770223626 0.0648431851230449 0.977997479309906 -0.19828336240483874 -16.61087075248432 0.6833005166173438 0.10129541474130876 0.7230765125094698 108.34822633415428
0.7277397783597459 -0.1838699911028492 -0.6607470328081285 -54.24107865259554 0.06610403647681223 0.9777129653364415 -0.19926769375514652 -16.848501698774346 0.6826602898619344 0.1013369813289341 0.7236751652922457 109.14513007254936
0.7266259126021456 -0.18537035223937942 -0.6615531842911406 -54.999101019148576 0.06947124562238059 0.9778017949595844 -0.1976800339070439 -17.10074172607112 0.683511908577147 0.09768051128277097 0.7233740308780531 109.98775257268942
0.7253528165258133 -0.18545436379580615 -0.6629253129177998 -55.756210013331945 0.07116414297406864 0.9780682176458619 -0.1957504186095482 -17.338664849427957 0.6846889485838342 0.09481160572493127 0.7226422372841377 110.81439771071163
0.7237573405007116 -0.1899000136580221 -0.6634103533138598 -56.51034207466557 0.07476233450657652 0.9773082707452568 -0.19818964976012976 -17.572416347142966 0.6859926423879954 0.09384310707558208 0.7215314032278408 111.6257321549975
0.7200467170734139 -0.19378335561676108 -0.6663187948104924 -57.24805659411582 0.07693046926995661 0.9765894924030448 -0.200884708790559 -17.815268978938573 0.6896480465641176 0.09338615750672766 0.7180979024175084 112.43703521510189
0.7183090629125235 -0.19319531492646774 -0.6683619232333597 -58.025411103104865 0.07699085735271192 0.9768440170952006 -0.19962007451507918 -18.068819063715342 0.6914510091263348 0.09193115117181083 0.7165501834640746 113.266018268129
0.7164428265029549 -0.1961205888344213 -0.6695120544005889 -58.793579011190914 0.08023514013257384 0.976468643832524 -0.20017819536547482 -18.315050072472424 0.6930165933369586 0.08969783858662284 0.7153197181068931 114.09994311960489
0.7134163001616347 -0.19753500879806246 -0.6723221720000269 -59.5169646800221 0.08093572061389907 0.9762522763685435 -0.2009499987906092 -18.547112102970043 0.6960507106471433 0.08894612517915741 0.712461925314764 114.86638628985544
0.7125194989544039 -0.1991179110895208 -0.6728060798574216 -60.28424452310409 0.08354024543631003 0.9761419711114295 -0.20041925962126128 -18.79931291752321 0.696661317285671 0.0865962454038231 0.7121545473278639 115.6774900504223
0.7101541326932364 -0.19988431904472065 -0.6750758230145305 -61.01213069502308 0.0841352974142011 0.9760742202412552 -0.20050029503581723 -19.0350000421007 0.6990009724941314 0.08558840797943468 0.7099804679509182 116.4434544748082
0.7095106909652711 -0.20171667346541533 -0.6752073481916727 -61.75174739153291 0.08723222438767496 0.9759271038532616 -0.1998920383431108 -19.278038564443936 0.6992747088479334 0.08292569933761405 0.7100269079091339 117.22215287285437
0.7093464841141494 -0.20476773904902923 -0.6744610726495962 -62.467758640789235 0.08967586380394277 0.9753141879634581 -0.2017931470793723 -19.508457186707453 0.6991321798672351 0.08265838010709581 0.7101984140169276 117.9769009134534
0.7092241341185426 -0.2069743294948169 -0.6739159847592092 -63.17698646737517 0.09198044773716371 0.9749276386252342 -0.20262205378165463 -19.736122919998976 0.6989568833754157 0.08171735663123111 0.7104798018292495 118.71547241876695
0.7116145465553578 -0.20640472358050305 -0.6715666960283755 -63.894756940913005 0.09060685868810475 0.9748507593643728 -0.20360843333560474 -19.963878842032088 0.6967030459883796 0.08404217423628275 0.7124196647062404 119.46666970020331
0.7146796567656604 -0.20940811937252807 -0.6673688843107528 -64.59943332645683 0.09363389343967393 0.9741865187397034 -0.20541012804909412 -20.195301297816435 0.6931563187367231 0.08431409281180982 0.7158389843733547 120.22614295986848
0.7177016108782681 -0.21012812674664083 -0.6638904789893333 -65.26006005816777 0.09277111272842649 0.9737391195211735 -0.2079077866681745 -20.412141632273116 0.6901434042181874 0.08762589494023566 0.7183479547893585 120.92146794204338
0.719858550963373 -0.2138869167115558 -0.6603454046667826 -65.99280316402835 0.0972933666964162 0.9730406170222783 -0.20910752837184188 -20.654195935072 0.6872682645094196 0.08628061476674788 0.7212613868173469 121.71633926819169
0.7236308966870335 -0.2132899639127519 -0.6564036232791657 -66.68112678264393 0.09766163461299537 0.9731253595297817 -0.20854073886114152 -20.884252703549933 0.683242658566221 0.08680107104252818 0.7250138230276939 122.45581944292864
0.7293076353596595 -0.21284484519177532 -0.6502364530548801 -67.3604976038102 0.09838047694487655 0.9731271512753445 -0.20819421031054516 -21.120598383113485 0.6770758116800517 0.08786705483867138 0.7306488389861283 123.21067323130245
0.7344302380384925 -0.21482850987023863 -0.643786406195142 -68.0589469387607 0.10252053783382695 0.9728122520864139 -0.20766767084171503 -21.354421858355852 0.6708962399484636 0.08651608831594751 0.7364870682405232 124.00176062587744
0.740041209352579 -0.2147851308946665 -0.6373432011142295 -68.72598275720301 0.10281154292759359 0.9726254587087755 -0.2083974657052995 -21.58589457603691 0.6646569002882763 0.08869647466559694 0.741865311415135 124.76218252290485
0.7433240306066549 -0.2174044225969765 -0.6326173429158832 -69.42580471361715 0.1042996928759163 0.9718142633526428 -0.21142046166430983 -21.828132763144033 0.6607503004832207 0.09117211514292972 0.7450481097430541 125.57583787756356
0.7483486595901154 -0.2186003403161167 -0.6262492913396037 -70.10271389539588 0.10667548855117648 0.971507819781913 -0.2116433231759559 -22.068977351018823 0.6546713861412042 0.09157754810144392 0.750345872815785 126.37457096476948
0.7543023432994621 -0.21825703974164634 -0.6191864335530567 -70.77055068818649 0.10657684441622334 0.9713212307924236 -0.21254750726877855 -22.306319724175268 0.647818918469676 0.09433414660187875 0.7559310270505337 127.16928292033003
0.758971842765858 -0.21832349443733035 -0.6134301864640103 -71.40364859207604 0.1071534055776101 0.9711454923003082 -0.21306003956141575 -22.538478917766177 0.6422459727874653 0.09597543728196725 0.7604661898314857 127.94703124754214
0.7636238652682656 -0.21898739810362203 -0.6073904114032092 -72.01797399223679 0.11119078989097633 0.9712737627174752 -0.21038984314851922 -22.762781220012975 0.6360150946606336 0.09312248562212848 0.7660372066912821 128.71461086414794
0.7703998936258053 -0.21770581365454314 -0.5992396704177398 -72.661797121183 0.11186850215187091 0.9714707493814309 -0.2091172430063534 -22.99345677808674 0.6276698512176964 0.09406785740780296 0.7727753852673236 129.52428459123004
0.7769550949807915 -0.21654805239145142 -0.5911410334166107 -73.32095613706792 0.11382357356106283 0.9718248831464862 -0.20639910513155776 -23.243875450417804 0.6191808899547679 0.09307705142938152 0.779712567560658 130.38723633992515
0.7810163474040768 -0.22093342263161037 -0.5841248906286026 -73.91790575413295 0.11889394743212774 0.9708275144027374 -0.20822623884277805 -23.463421511688235 0.6130886512989792 0.09317918245448095 0.7844998059945674 131.18387131564617
