1.0 0.0 0.0 0.0 0.0 1.0 0.0 0.0 0.0 0.0 1.0 0.0
0.9999183081800497 -0.0031261667345214485 0.012393710013365913 0.03731002286076546 0.0031285416842428285 0.9999950912677421 -0.00017224212690102172 -0.03643270954489708 -0.012393110718354373 0.00021100229452743603 0.9999231801917358 0.48427489399909973
0.9998169524249045 -0.007021174574819035 0.017797886148811694 0.09208296623389843 0.006931319633619838 0.9999629456765464 0.005105299405608924 -0.09861436649825303 -0.017833071858565048 -0.004981002055232402 0.9998285708893365 0.9129881740437944
0.9995138151493732 -0.014685425553254638 0.027504028829687173 0.11393197116515627 0.014493706032971981 0.9998693460972521 0.0071570399246675236 -0.11575745023902417 -0.02760553949797466 -0.006754924971700948 0.9995960710095115 1.3052986197302723
0.9993540425661436 -0.013385808697247117 0.03335142773896375 0.14165861161621793 0.013072687714930122 0.9998685695394024 0.009588977168457623 -0.1441082908651568 -0.033475400559433675 -0.009146790297694047 0.9993976855009399 1.731330755195443
0.9993209508448948 -0.024515138774081093 0.02750718403150109 0.1764529547183066 0.024170787871702636 0.9996261260834358 0.012782060283224005 -0.16655414742379335 -0.027810253794535486 -0.012108510325814878 0.9995398810260515 2.2605826413763017
0.9991995813128798 -0.02737252525461219 0.029170902717460093 0.19467097295117064 0.027021368868749177 0.999558379401134 0.012364942112189777 -0.19490938236407088 -0.029496479936170276 -0.011566807258895131 0.9994979572971677 2.768574292069302
0.9989961358909555 -0.0345648277205917 0.028495493671557178 0.22110473935110264 0.034244813090414515 0.9993456520421232 0.011643046032131484 -0.2137535436076639 -0.028879287583708047 -0.010655535141398305 0.9995261108743023 3.290538293108449
0.9989653204865615 -0.037078123988190485 0.02633441069585293 0.24871449048900499 0.03680660264845829 0.9992648901024925 0.010721632801586353 -0.23987134603717816 -0.026712590040278452 -0.009741259157312372 0.9995956909687888 3.8240301914190185
0.9990994767913394 -0.039439693735003216 0.01564436107232687 0.2957513771980404 0.039218130900862756 0.9991294121770947 0.014225186511823737 -0.2768794526068575 -0.016191778281429793 -0.013598833800827433 0.999776424024563 4.326900709399702
0.9989273426167894 -0.04563199459986576 0.007866717320294593 0.31597102595939486 0.04554808855587858 0.998906603251747 0.010534211359318436 -0.29241732200752113 -0.00833881295301942 -0.01016459782257872 0.9999135688396472 4.839637595685939
0.9988917944284482 -0.04696780668059329 -0.003034494872164376 0.32574062814343985 0.04700317759649572 0.9988116474749943 0.012883872248674044 -0.3249254453339086 0.002425761601447739 -0.0130122251710569 0.9999123950010574 5.38794292776628
0.9985267979958387 -0.053159871546188474 -0.010874821440863507 0.3386452578250217 0.05332533506628429 0.998456306532359 0.015537457508512171 -0.3426433699621962 0.010032064804736613 -0.016094471192091116 0.999820146662789 5.9415618057640325
0.9982016133867032 -0.056340223871395215 -0.020477260712896395 0.34981736995060814 0.05668674251877194 0.9982514186135197 0.016754654836969293 -0.35989898605653664 0.019497493551564913 -0.0178853126955218 0.9996499203896283 6.50591386234526
0.9978908775883606 -0.06041169822494352 -0.023753381727866733 0.33610530408502576 0.060858086954205984 0.997974209130041 0.018541066947279344 -0.37202803343937835 0.022585165002844253 -0.019947546938096094 0.9995458997429516 7.065416988281807
0.9973283581899676 -0.06768812150455873 -0.02746751094089278 0.34337515346365 0.068174486913729 0.9975255923264036 0.017173584014632523 -0.3819892635860434 0.026237097479594844 -0.01900028581474353 0.9994751642010944 7.68114135416303
0.996864353221858 -0.07332544969233415 -0.029746255276652568 0.3596597371239814 0.07399161287663072 0.9970173248162865 0.02194755658588132 -0.3991801712926192 0.028048217402922793 -0.02407971020574422 0.9993164989416145 8.288162836355342
0.9962425644739364 -0.07939310300820537 -0.03460473847788951 0.3553905594378606 0.08023335805915127 0.9964965062799027 0.02360765186332284 -0.4195279057126802 0.03260921625777997 -0.02629540200636445 0.9991222101666928 8.905283789223155
0.9962523929001162 -0.08139314591930566 -0.029263038771650363 0.3523012279360915 0.08201871293017765 0.9964126371136858 0.020851554604572935 -0.42504952840403354 0.027460888005845795 -0.02317352794696987 0.9993542351100643 9.447395721725618
0.9960234613389527 -0.08282328868216518 -0.032826320449338406 0.3554964812502754 0.08358919356420264 0.9962419919687491 0.02268788569755268 -0.44457963601766937 0.030823873566737006 -0.025341592096979233 0.9992035290812038 10.059780912444106
0.9951968353476824 -0.09181019888241361 -0.03397272869714077 0.3761448262937215 0.09264609197825328 0.995412104610797 0.023904887271452773 -0.46637979255510514 0.031622152917138754 -0.026937508709520445 0.9991368325056431 10.617003617187729
0.9946155688949757 -0.09844961925169285 -0.03236576248014057 0.37542136242027163 0.09929435379491314 0.9947283277384531 0.0256161140517353 -0.47951201674237703 0.029673244112748916 -0.028691923320990485 0.9991477729144813 11.304447867884049
0.9941538664473454 -0.10144481512438447 -0.0369734947249166 0.36985968602432084 0.10248692548440111 0.9943550186204966 0.0274686557550038 -0.49008662537191966 0.033978227330877554 -0.031097370123718573 0.9989386535913204 11.982009410919543
0.9935380858713283 -0.10816505726374309 -0.03438593186564392 0.37736938144592963 0.10916268445213931 0.993612642306158 0.02859065183898337 -0.4941551594252279 0.031073787125810586 -0.032159562131759155 0.9989995907492424 12.693395470576787
0.9929985578270153 -0.11103166655228643 -0.04032162169469429 0.370365074857641 0.11224877058006312 0.9932485008637615 0.02928530408165662 -0.4978188045966265 0.036797794182974006 -0.033606317181634454 0.9987574969875096 13.345236760462384
0.9926181375467202 -0.11381566096641091 -0.041895445242406036 0.3612717284296166 0.11505895664486701 0.992947987487987 0.028560998570622897 -0.5017930210683517 0.038349309108184064 -0.033170611425409634 0.9987136932217309 14.07460379749658
0.9917822036988 -0.11881027624612596 -0.04745712469873548 0.34709170617612506 0.1202236825544621 0.992348482893546 0.02812036009587327 -0.5092959985005487 0.04375301794614874 -0.03359474299941729 0.9984773741369443 14.72430146766736
0.9909396160188467 -0.12295475881377507 -0.05404446955486825 0.3276674591083499 0.12456630158251206 0.9918294476049446 0.027524232482038436 -0.5023962753702038 0.050218661018343914 -0.03400697206040325 0.9981591115332303 15.358327562879206
0.990103599446541 -0.1265371796409623 -0.0606894103737588 0.29025981841746945 0.1283548303315811 0.9913597580610589 0.027034563574616567 -0.5111638091543077 0.05674416175744157 -0.03455679767614171 0.997790523026159 16.03182168908245
0.9902366529547826 -0.12640435530167388 -0.05876487135762204 0.2563269206701765 0.12795713147410775 0.9915026087983175 0.023442466829424552 -0.5037574916578759 0.055302293350525486 -0.030732974260539156 0.9979965634426171 16.68161360659217
0.9893536508698224 -0.1292929451500427 -0.06680335204899265 0.2238890086106214 0.13120357997038096 0.9910393150600746 0.02503390916764979 -0.5261678185356585 0.06296804041344661 -0.03353222837340736 0.9974520617788127 17.430226159776304
0.9882796874947447 -0.13560025195240497 -0.07011298706897261 0.20947744959185946 0.137645189506815 0.9901613519299273 0.02518529233365733 -0.5370975509321699 0.06600803807812052 -0.03454082822896826 0.9972210738318431 18.093248666253384
0.988183790804405 -0.13497696525101788 -0.07262241006095599 0.1657372142990971 0.13685991544286674 0.9903551978503745 0.021585773919809086 -0.5488329335680718 0.06900839902799868 -0.03126980879972343 0.9971258897056186 18.781182545389917
0.9861052178903144 -0.14296518946253842 -0.08460173669279117 0.12122523637810553 0.14525054576781246 0.9891618739859737 0.021472447618043896 -0.5555890758118953 0.08061499986757115 -0.033462541064562215 0.9961834570709626 19.502770197387154
0.9853555482255874 -0.14555204056650262 -0.08882030774535449 0.07749328402520869 0.14793510416079825 0.9887777029883558 0.020829282993055632 -0.5579311142859819 0.08479179522799407 -0.033663891040671405 0.9958298518833505 20.185956039081333
0.985692279723833 -0.14665225392101425 -0.08308938628200198 0.020104656966221025 0.14872983772640283 0.988688367894663 0.01935837182372948 -0.5619380706450124 0.07931056085233075 -0.03143926859318207 0.9963540572144095 20.969998068078688
0.9856159847439764 -0.1476436934164644 -0.0822342411134629 -0.042416978961464506 0.14962523273480574 0.9885707268196708 0.018444722938642123 -0.5798327223269066 0.07857111648829555 -0.03048373122787158 0.996442332392703 21.772230434126275
0.9848183839539413 -0.15126088866553958 -0.08516392538193045 -0.11826156025110388 0.1533185492870268 0.9880105866853108 0.01812465288687485 -0.5906997646497807 0.08140130877860201 -0.0309067008569244 0.9962020893228801 22.63743644726526
0.9835502208825873 -0.15623211438440593 -0.09066691478589092 -0.14902333720998112 0.1584264093232976 0.9872159211779287 0.017487075276928197 -0.612699309007941 0.0867757790558003 -0.03156345050516325 0.9957277302362666 23.388252349474325
0.9832390248118467 -0.1563046694319945 -0.09386090986562957 -0.22060210094438842 0.1585496010332062 0.987206191852723 0.016910315782270313 -0.6231327298610532 0.09001691007394143 -0.03150849221082914 0.995441696343558 24.111814196008194
0.9820359151838821 -0.16075247830508815 -0.09881347078069512 -0.2645037342887225 0.16326333473066523 0.9864215997419634 0.017818841015297994 -0.6255193760613317 0.09460731906981552 -0.033631358599941694 0.9949464241340558 24.800695040639305
0.9814238404344788 -0.16168664732024043 -0.10326990609649628 -0.3285911936824091 0.16449695519286153 0.9861898154815919 0.019245767655819142 -0.6489729165197713 0.09873194599073126 -0.035875840320810065 0.9944671572868353 25.573666769546758
0.9804309122914759 -0.16615517090903123 -0.10558259990876744 -0.3757110658204698 0.16918684961269606 0.9853733873093057 0.02037394170787979 -0.6533581330681766 0.10065304834646195 -0.03783842970811203 0.9942017989803624 26.285703991708225
0.9790114672550558 -0.1699980283052325 -0.11241537864294432 -0.4229934053085509 0.1734201242875493 0.9846170191128947 0.02132571605665045 -0.670219425915481 0.10706076534003536 -0.04037320950297737 0.993432431763346 27.051486883266985
0.9779681132225734 -0.1679611648502328 -0.12396538477346426 -0.5140811158135261 0.1719524805918278 0.9848560781878126 0.022155127506706486 -0.6858764458175123 0.11836686165560532 -0.04298316366525685 0.9920391795202086 27.93112443452403
0.9770043845347397 -0.17357331085603894 -0.12383351064379744 -0.5861410662285222 0.17792891144512463 0.9837272220130876 0.024941033305911447 -0.717415492333968 0.11748929769067318 -0.046401060643981584 0.9919895193495071 28.75455647280746
0.9751080608860666 -0.17910777576763076 -0.13070835571832154 -0.6383472099127044 0.18419560847333383 0.982495436600985 0.02783334111058687 -0.7312192067794905 0.12343519520037019 -0.05121642039240999 0.99103008575322 29.493777573535795
0.9739135456613102 -0.18496927608498626 -0.13144874469545723 -0.7195929974363193 0.18981348948710275 0.9814961697561123 0.025221180836957294 -0.7370082066275514 0.12435129587641983 -0.04951399457403019 0.991002078481765 30.23058250461317
0.9730457184046036 -0.1898302978788913 -0.13094459859681298 -0.7975459962585747 0.19507769227673408 0.980377560833894 0.028364276641024776 -0.750529503794838 0.12299074709283184 -0.05314410805156241 0.9909838444237884 30.987861371014805
0.9723404803128226 -0.19660844710311545 -0.12609166853020545 -0.8761321891710402 0.20195914339464274 0.9789022719541046 0.031029765748303573 -0.750366150701721 0.11733070674095458 -0.05563686269726138 0.9915331788522633 31.75441163515957
0.9732374684589278 -0.19537002552693059 -0.12099331846537621 -0.9314046781943633 0.20043424154535747 0.9792138891309969 0.03108495052408534 -0.7504302619381613 0.1124052703559524 -0.05450424257389541 0.9921664894248602 32.47967202713375
0.9723707281792178 -0.1972557916790021 -0.124841177619038 -1.0084939673724806 0.20283425002030753 0.9786382788809026 0.033546775220941384 -0.7665108379507944 0.11555705949407606 -0.057941968883660884 0.9916094464268519 33.33874102262454
0.9717721455210157 -0.2015711370225257 -0.12258863694865105 -1.067173036546126 0.2071447555933504 0.9777043185440607 0.03442841457960302 -0.7776637570324859 0.11291566507643264 -0.05885016754215813 0.9918602272299292 34.067935625001965
0.9702910285554665 -0.20561893793753228 -0.12749969516126894 -1.1380927911142313 0.21155397359692385 0.9767482543154687 0.03475289839764195 -0.7860355668265605 0.11738925061574973 -0.06069349267529456 0.9912295716869766 34.921530195680496
0.9687193051388794 -0.21040657739544172 -0.13157499777686704 -1.248858192647692 0.2167185139839345 0.9755889646415178 0.03548602212542893 -0.7982074123358324 0.1208966233930533 -0.06289073269113052 0.9906708647142758 35.723871894409974
0.9671199540618372 -0.21492288325793316 -0.13596745458942366 -1.3168214386203845 0.2217341889527086 0.9744076370408628 0.036928394575542506 -0.8002583095870883 0.12455096910467889 -0.06586282053282616 0.9900248203790379 36.52112143585059
0.9656533425906574 -0.2194767440963075 -0.1390812019806217 -1.4061158131945168 0.22679119415605561 0.9731650020633885 0.03893113165880898 -0.8013365085739742 0.12680448019199017 -0.06913636929901061 0.9895154300178397 37.329525868876075
0.9658838740667723 -0.22182287752954474 -0.13365235808722553 -1.4977679903364656 0.22840351757404817 0.9729042220260944 0.035905541683720406 -0.7944127646691032 0.12206627289126526 -0.06520725242112643 0.9903776245726287 38.11804326376221
0.962834494451027 -0.23078060835144973 -0.1403212282734515 -1.5698487576246714 0.23858293363272712 0.970241165800225 0.04135533781535399 -0.7892397816571153 0.12660142208694597 -0.07329659607072542 0.9892419769348689 38.99559963856459
0.9618828091376207 -0.23398946493590386 -0.14152876663254382 -1.6795660932467842 0.2422658526755582 0.96920514547381 0.044143432291513955 -0.7818201943411659 0.12684131075049787 -0.0767483959838911 0.988949425198779 39.88129657045295
0.9618312893467261 -0.23924103536890656 -0.1328318404194892 -1.792193471860631 0.2467167477947093 0.9681437076929191 0.042762221787577694 -0.7666052243198948 0.11836983226826349 -0.07390188258915868 0.9902156808284557 40.71302842628238
0.9583286038286478 -0.2502481111171774 -0.13777579600974685 -1.8801848195307655 0.2592145451028557 0.9644600526664925 0.05123110790980463 -0.7721706869902729 0.12005876349085949 -0.08480972640464825 0.9891376060064719 41.58637974068168
0.9562797077307955 -0.2541740355733149 -0.1446536560985568 -1.9692300147277157 0.2635993953429197 0.9633405906967685 0.04990255595506536 -0.7577145950546378 0.12666680447990875 -0.0858514179054518 0.9882231806057132 42.44366678543481
0.9547754746115138 -0.2601089842409592 -0.14403856913165744 -2.0599826874697458 0.2695531786427736 0.9616795951913447 0.05013422061016397 -0.7309055709091515 0.12547859165585093 -0.08669297843394279 0.9883012954187181 43.32495111567294
0.9556038675653479 -0.2595081306340055 -0.13955922910719035 -2.161715001574286 0.26891887991686286 0.9616976035946077 0.05310701709425075 -0.7141065426317404 0.12043207346221856 -0.08827938250369152 0.9887885852427494 44.24531167973729
0.9548500956489254 -0.26422139399215794 -0.13582470245164976 -2.243734686477664 0.2740503378791861 0.9598851955929466 0.05930281266343962 -0.697647613995751 0.11470704924956578 -0.09384810194315013 0.9889564331223727 45.15629281942428
0.9539898907421198 -0.2684390661465898 -0.1335805230120969 -2.3680549913802484 0.2781337640552127 0.9586781310652267 0.059815134454113295 -0.6613022612348334 0.11200400731365767 -0.0942162872524232 0.9892312133985923 46.16150793241271
0.9525620054970113 -0.273895455054909 -0.1326910147062568 -2.4648940078321506 0.28364655124844906 0.9569964380321302 0.06084777365422753 -0.6332972096826793 0.110318899778654 -0.09559862600518615 0.9892879474943318 47.082076131943225
0.951271452997027 -0.2796786259216865 -0.12985564645206119 -2.5573887579310752 0.28953501166207923 0.9550160540712258 0.06413901689350507 -0.6008519040021792 0.10607591496077232 -0.09861137190396979 0.989456263609692 48.01656323944654
0.9502011123104184 -0.28089503900760104 -0.1349660076647522 -2.65524584701476 0.2912566600285518 0.9545018619581985 0.06399807424715734 -0.5678361783080369 0.11084856405500387 -0.1001207899451973 0.9887812818149894 48.9287372372827
0.9475912515063251 -0.29003630533063063 -0.13397672058545865 -2.730764024108999 0.300650376003585 0.9513886452884963 0.06685055740248529 -0.5407917201058926 0.10807484201968481 -0.10362715477266184 0.988727081310178 49.79530603038058
0.9458637698084358 -0.2961479213978714 -0.13280865037901268 -2.843681299750434 0.30679359726741817 0.949338835421319 0.06806955440291304 -0.5097016505665545 0.105921752437787 -0.10512936893472791 0.9888014958260805 50.770675348887316
0.9446241777857708 -0.3003680658155212 -0.1321521387674063 -2.9045497112485323 0.3111264965032394 0.9478125035202922 0.06965458595251481 -0.4868926853069057 0.10433343623295857 -0.1069134379245156 0.9887790708115664 51.573731180273214
0.9420725826980685 -0.3065404878003981 -0.13613294335936876 -3.0065152617892834 0.31741262563623607 0.9459529369446328 0.066500121597893 -0.43935612644297745 0.1083903778723083 -0.1058582562907489 0.9884561475147902 52.55039113038147
0.9396971076040037 -0.30933502316453265 -0.14588073692049752 -3.120689044820431 0.321415930545884 0.9445230997794557 0.06758634162559589 -0.40949653699583444 0.11688090328189989 -0.11039908254512955 0.9869908292487832 53.447928619688504
0.9385599495552556 -0.3123253301337617 -0.1468268001683386 -3.2276150912931856 0.3248247930496246 0.9431738114882081 0.07008576990427444 -0.3783716778167176 0.11659363152035801 -0.1134726816447162 0.9866761756570654 54.328397627791105
0.9370661137230759 -0.3195380535684086 -0.14072146543311737 -3.3248518483634646 0.3316995988886813 0.9405509115465459 0.07307091682776094 -0.3399949122093529 0.10900676405168247 -0.1151495336971645 0.9873490316399294 55.2467476174295
0.9357574595124919 -0.3244750839406949 -0.1381082795070826 -3.434293967909759 0.3368548830190564 0.9383347599508752 0.07782458515245357 -0.2915543536179317 0.10433966049851459 -0.11934738442719499 0.9873547675873361 56.228414650097406
0.9357618345236469 -0.3275611325098426 -0.1305890252578988 -3.5393140403982173 0.33882965019967864 0.9378033838422691 0.07562593073511902 -0.22975956521568036 0.09769471426081457 -0.11501529343030407 0.9885480388340462 57.16644612895892
0.9345913881206903 -0.3315179698983819 -0.1289758616373499 -3.6436888084191086 0.3425730637451595 0.9364704539501472 0.07527805041750427 -0.16844802685441618 0.09582605724382137 -0.11453787370499335 0.9887863481259452 58.15938584544659
0.9310801602562844 -0.3400234489334625 -0.13218846149541505 -3.7096108125823015 0.351725031217733 0.9328615128448681 0.07783893799165548 -0.13206337231762416 0.09684646401400786 -0.11896828160554854 0.9881636050674031 59.06884731736928
0.9306506285743336 -0.3425277871668466 -0.12870168045826647 -3.79660581236149 0.35351906427546687 0.9324382097154279 0.07472119014366944 -0.08505421074537856 0.09441228059948877 -0.11503782022131474 0.9888643087859589 59.887894472990865
0.9269879466462814 -0.35137494290297017 -0.13125927118663197 -3.8652313606135786 0.3632234836911878 0.9282308570175959 0.08035033898881258 -0.03713168517342353 0.0936058100106441 -0.1221602454987468 0.9880864470034681 60.85675086836911
0.92659881989903 -0.35332856400956486 -0.1287383113787967 -3.9618198897263124 0.3650605406610445 0.9273260149459107 0.08244551932520452 0.015806857333057887 0.090252028309568 -0.12339119846843061 0.9882455077188732 61.786409322348796
0.9261317767489573 -0.3558046064577725 -0.12523184147511882 -4.0540131283017615 0.36757417899334893 0.9258315437980683 0.0878929772271426 0.055654283246942875 0.08467086295287879 -0.12743247047717124 0.9882265987287024 62.67651709741112
0.9250099691757385 -0.35940957683902075 -0.1232124709674122 -4.153911097838131 0.3707880054581957 0.924695400352425 0.086340439976882 0.11049880561540038 0.08290242417343674 -0.12555147407921793 0.9886172239156584 63.56044059211071
0.9232528996903425 -0.3642499493678745 -0.12217224561607828 -4.232627388232753 0.37581529457374324 0.9222864540253037 0.09028045794014439 0.16799442497161404 0.07979315495595518 -0.1292658930535525 0.9883943450441441 64.45119160364865
0.9209291977268259 -0.3697892236287388 -0.12306641646801722 -4.323629298553218 0.381466882698257 0.91996217473993 0.09029182937704176 0.23707478584808706 0.07982750264601224 -0.13009814424438648 0.9882823699153334 65.4074902546957
0.9201359726637959 -0.37120003799961465 -0.12474102612667283 -4.423997457946323 0.3828078333746855 0.9197414794572395 0.08679731374177205 0.29563154249441037 0.08251032975954996 -0.12761717264887673 0.988385503094859 66.29696743904375
0.9170799803593918 -0.37853281063466715 -0.12520870934977715 -4.515392473033732 0.39038576050879115 0.9163319077461226 0.08907745415268853 0.3585756773918116 0.08101399642031318 -0.13057084712664915 0.9881234671156428 67.2292066527731
0.9174868579436267 -0.38008391463136615 -0.11727780412008089 -4.573684477449008 0.3909376950537744 0.9160481670826491 0.08957384758154231 0.41880731171338714 0.07338653886629211 -0.12803114239518304 0.9890512840546798 68.01802316315596
0.9161261437583502 -0.382927996401327 -0.11865512333869144 -4.646283092472057 0.3942549439236426 0.9142222479571435 0.0935987207816053 0.46822143153960827 0.07263558297570322 -0.1325286041285153 0.988514158307066 68.91262602671422
0.9152101211489846 -0.3863608715584992 -0.11452384500626181 -4.713286969081559 0.39682258069231013 0.9135506155974726 0.08920264678906217 0.5310208809375979 0.07015891674731298 -0.1270848129008186 0.989407487707066 69.72865834057512
0.9132146059689062 -0.3885417113666524 -0.12277793764894612 -4.804130618768579 0.4004616177643484 0.9114561167811862 0.09422441233418118 0.5813136918082964 0.07529658785507118 -0.13521496111907827 0.9879510808470984 70.64609983654734
0.9107127611746471 -0.3925776843981619 -0.1283940354776177 -4.897441013313342 0.40552673154971763 0.908870308081907 0.0974824757877166 0.6349963267792783 0.07842408196628005 -0.14084574824848886 0.9869205330562687 71.5861399094875
0.9107963846827712 -0.3941971022451555 -0.12271344763438145 -5.009125495925945 0.4061214117246482 0.9089147395640452 0.09454837461322638 0.7055426101021409 0.07426536600308663 -0.13595087636623257 0.9879281424413828 72.452186844518
0.909935247258652 -0.3956899707585883 -0.12428713866447902 -5.099424894144914 0.40795967418624807 0.907909214799538 0.09627960282394553 0.7687832109880636 0.07474456524849296 -0.1383123447966736 0.9875641474064659 73.32065309702638
0.9089520742744711 -0.3980014408892323 -0.1241006838104909 -5.191292946760642 0.4101397981688092 0.9070663089873126 0.09495292021934795 0.8333357463466702 0.07477615014284271 -0.13720628320244063 0.9877160336957109 74.17656404788117
0.9097874220362164 -0.3957477601966577 -0.12518209538118538 -5.260319512634845 0.4081066035657751 0.9078928686473746 0.09580991172758793 0.887650378395344 0.07573537370808126 -0.13825429236942216 0.987496786734381 74.9919431115409
0.9067214660390096 -0.4022974554913665 -0.12654224721112564 -5.354409880454874 0.41479999131027684 0.9049003180913195 0.09537495230522144 0.9512263760513824 0.07613901912333697 -0.1389682396211488 0.9873655240808925 75.89291368875888
0.9042928506228399 -0.4080724313578824 -0.12542460316096216 -5.419742233419753 0.4207158421765832 0.9017142946272501 0.09954652684312786 1.015718401002211 0.07247496432608183 -0.14278733007710304 0.9870963265636166 76.82638177861149
0.9016542039873353 -0.41457512563417753 -0.12307380565080017 -5.506078329830736 0.4269345974244645 0.8986689717646007 0.10060282654859154 1.089132038972816 0.06889518091982519 -0.1432534271595674 0.9872851207493524 77.76512696382888
0.8989230214430344 -0.4190187624509374 -0.12790886690847808 -5.594272416929366 0.43203418202624166 0.896282543171663 0.10012026950948692 1.1560367402074478 0.07269021310081697 -0.14526141786386665 0.986719440063657 78.66791087521244
0.8956541937160131 -0.4247214900394267 -0.13196674269530184 -5.701547304580413 0.43805185987668327 0.8937411651270039 0.09662969427667947 1.2271256099311998 0.076903402639269 -0.14435506799594885 0.9865330612840036 79.6198927198376
0.8949863191241041 -0.42883586609488006 -0.12287916231542856 -5.788204865583411 0.44081824050052715 0.8924251387163725 0.09621148907008321 1.2969473825358806 0.06840151623105076 -0.14027534258634866 0.9877469619490489 80.48632167300616
0.8919926770725091 -0.4347924905985796 -0.12371157653228303 -5.862040720549102 0.44700898792922217 0.8891284644354739 0.09815059063046445 1.370908160815156 0.06732034432109917 -0.14284979471354026 0.9874522304348643 81.48710816498978
0.8923004011558217 -0.4361006834792678 -0.11668842258800001 -5.9523390190673995 0.44744359570726566 0.8886686771447835 0.10031057233559151 1.4474665759616598 0.05995183698364144 -0.14171865131540198 0.9880898750172632 82.3377024253354
0.8888099916694355 -0.44284638583418945 -0.1179147033332753 -6.030937984334156 0.4545086474014105 0.8847483711550495 0.10316108363054038 1.508572414206234 0.05864032866482283 -0.14528385420301607 0.9876507042279666 83.18221698130294
0.8881155962592471 -0.44449311346550674 -0.1169468245093567 -6.134443135070224 0.4562403215199476 0.8833701780283314 0.1072469001396732 1.5843046357802275 0.05563682863407083 -0.14860350147938756 0.987330513378174 84.17697502350707
0.8867487678156988 -0.44875492449394544 -0.11088570926757589 -6.220301557322876 0.4597969714004782 0.8809747255919054 0.11167039875998853 1.678173197887266 0.04757486593031905 -0.1500085017947329 0.9875394075787618 85.26064235992777
0.8874611309232013 -0.44836957610083494 -0.10666519735916757 -6.300334525216608 0.4588258600658991 0.8813537401487889 0.1126694939215104 1.7629529079016306 0.04349219740712784 -0.1489305474135473 0.9878907433576856 86.16012584440483
0.8846776554224602 -0.4525396184241414 -0.11204168756650937 -6.367276292495166 0.46387867850684855 0.878436950381075 0.11473925148760886 1.8418491505746026 0.046497501254999594 -0.1534810019570154 0.9870570218661696 87.07016822125682
0.8827067707657668 -0.45672962116653043 -0.11057490670739817 -6.453663141321126 0.4677559793025828 0.876541330947251 0.11348849707306857 1.935791902716527 0.045089917619729365 -0.1518991385436393 0.9873669789084231 87.99768376310608
0.8809540444473007 -0.46106457322919747 -0.10648676389543155 -6.500873657569328 0.4716664463768877 0.8736864434969235 0.11917534062001156 2.0220447745615675 0.038088514464886314 -0.15521423183031674 0.9871462947826847 88.89414210467365
0.8795903321110748 -0.46370240256116213 -0.10630583011168807 -6.580310343225451 0.4743626219513595 0.8718229870266158 0.12208514318876451 2.1229025763248877 0.03606869213266225 -0.15781242394372963 0.9868101581848678 89.87985574518312
0.8765876076435312 -0.47114417088950516 -0.09806801906142239 -6.640798709650317 0.4805196227540665 0.8680687264787306 0.1247300214779292 2.2359780921213046 0.026363957860691678 -0.1564603986522975 0.9873323074727596 90.84408511622071
0.8758654224875091 -0.4724454340287595 -0.0982602338494789 -6.708257799570355 0.4818915337342595 0.8670131063252569 0.1267628619725499 2.3287102269037256 0.025304375234733792 -0.15837798245212562 0.9870542554836457 91.7639657809572
0.8738425534045364 -0.4759305032943914 -0.09944520045425684 -6.76842857098793 0.48550959000623545 0.8651056582111764 0.12598665859123598 2.4346062696852884 0.026069711763216624 -0.15837410193890533 0.9870349608618877 92.69415343412106
0.8702367108831647 -0.4820404718085372 -0.10161225600218741 -6.841391924100162 0.4919639828000533 0.8611182529637587 0.12824505464209138 2.5368832325867823 0.025680861721524464 -0.16159312470290008 0.9865232665223831 93.67639193006278
0.8684948456058933 -0.48588363119811595 -0.09815192351517474 -6.885514365963986 0.49529294346180364 0.858608153105897 0.1322003766145282 2.6311158186752523 0.020040042737929982 -0.16342930078114434 0.9863514892436915 94.57539111846236
0.8664992320036597 -0.48865449965547264 -0.10196009466221526 -6.958479140409187 0.4986521657501201 0.856713547987254 0.13186324085129292 2.7402725592864634 0.022915028470045083 -0.16510201895055976 0.9860102559348287 95.52702329826056
0.8642284198195548 -0.49335226681534605 -0.09855343324489192 -7.047543528785724 0.5027294915348537 0.8543737272913993 0.1315621239388809 2.856235869471601 0.019294992026514024 -0.16324544386402207 0.9863967905160355 96.5281308344782
0.8606238900018571 -0.49915360966530603 -0.10085729480888803 -7.09283306933648 0.5088174634490953 0.8509511467974805 0.13033393515612776 2.947308841419724 0.020767976485449716 -0.16348645118831248 0.9863269596997497 97.3410476831965
0.8561125204241544 -0.5060293632544515 -0.1049077494625468 -7.148593302745581 0.5162616056838769 0.8466038822332119 0.12936700152805325 3.041342828227265 0.023351806561962833 -0.1649125529241134 0.9860317150164819 98.24253627290426
0.8518278531775431 -0.5126585670333781 -0.10756626886818114 -7.212247091684574 0.5233119121817884 0.8419214215951929 0.13157873090955843 3.134731368269069 0.023107382361025122 -0.16837313772218301 0.9854524521122308 99.11860946361438
0.8523294195643734 -0.5119610226206555 -0.10691338486022711 -7.293209141040873 0.522603445752073 0.8417018259301065 0.13573383776341447 3.2374041082502427 0.02049875686763753 -0.17156324648110804 0.9849598232535904 100.07137959477323
0.8512645926053397 -0.5148896507025029 -0.1011792517066594 -7.373246218685984 0.5244989067873811 0.8407156333881254 0.1345292553894703 3.3435313283248225 0.015795257367548533 -0.16758839869232528 0.985730510062682 100.9699277070905
0.848609354094341 -0.5178417667787891 -0.10817610051673932 -7.453233569908589 0.5285895030438539 0.8382499586908485 0.13390348773143412 3.4457662718509585 0.021337793124806048 -0.17081250344811705 0.9850724781712004 101.90952850985153
0.8438585329871392 -0.5245700945019438 -0.11282283571606962 -7.541581105773075 0.5359894732508466 0.8338493780155317 0.13194885125453365 3.564905400313164 0.02486083001577953 -0.17181801633511196 0.9848149614996686 102.90379463247656
0.8427342280387286 -0.5264119605118786 -0.11264754201494473 -7.615437455517553 0.5377853389854291 0.8326529716222775 0.1321966641822627 3.6631337793885757 0.024206405439373746 -0.1719868503073166 0.9848017938941183 103.83141481911495
0.8380648451194094 -0.5340251774588712 -0.111644190242939 -7.697326606777566 0.5452102574830816 0.8272244155711239 0.1358143638141579 3.7812647408127944 0.019826510288307224 -0.17469080148374627 0.9844237062194073 104.82626010238431
0.8377750834810286 -0.5368607670283172 -0.09956619066792954 -7.757694216226067 0.5459727697104699 0.8259450374256463 0.14045828521887244 3.9008448511200857 0.006829658339466062 -0.1720328805133332 0.9850675326033498 105.74599974822402
0.8362659526240511 -0.5401476499068288 -0.09433860705945553 -7.8296156459196045 0.5483225794151191 0.8241912445529933 0.14160205261838044 4.025292903986484 0.001267038017927144 -0.17014496378770094 0.9854182289324381 106.7015755997935
0.8370073913238437 -0.5391597225943147 -0.09340995879067457 -7.883624685945661 0.5471905205363009 0.8250560841568821 0.14094322343030138 4.13357377956983 0.001077545574859895 -0.16908356374211383 0.9856011299546082 107.60697446526824
0.8338091859942951 -0.5445032637055666 -0.09098591740218695 -7.9375740323562045 0.5520400983873132 0.8212718331265467 0.14409825080648073 4.243825512132491 -0.003737796684797394 -0.17037832000271666 0.9853716339275225 108.50745409317788
0.8291844299142727 -0.5512867422650357 -0.09239106553421264 -7.983653640053982 0.5589584347949536 0.816478120135781 0.14466840536591677 4.370114250606645 -0.004318490398138176 -0.17159955460998602 0.9851573191619377 109.45614433014933
0.8275630507345935 -0.5534314970507871 -0.0940902499251521 -8.050688651808763 0.5613593171250272 0.8146758915963953 0.14552975203903054 4.501510173676481 -0.0038876902880895653 -0.17325348401617555 0.9848695934693491 110.46581222391042
0.8261347096196016 -0.5553639120192138 -0.0952489726372509 -8.116056206536673 0.5634704735714029 0.8137717211268818 0.14239596661216095 4.625061321520229 -0.0015706606749041133 -0.17130823424724143 0.9852162310397331 111.42763684914125
0.8220941056760114 -0.5612952786572004 -0.09544051325246898 -8.162011068373124 0.5693353292558295 0.809169667159195 0.1452643542326666 4.739133260427118 -0.0043086278459797955 -0.17375862541644715 0.984778846147434 112.34340567372763
0.8186549770647682 -0.5658754492896965 -0.09792346204188267 -8.22202772405129 0.5742811164427617 0.8059807819916179 0.14351368700383682 4.856806077816533 -0.0022864436006739125 -0.17372378924995913 0.9847917633816282 113.28364082122606
0.8176734092058204 -0.5666154668065158 -0.10176988087526215 -8.305374522743007 0.5756823740860129 0.8047972276032062 0.14453797635529936 4.962642716269401 6.665038092434905e-06 -0.17677198651886955 0.9842518299387356 114.23486293211117
0.8141019712540689 -0.5701817800930453 -0.11013953899561038 -8.35482943248779 0.5807053822254538 0.8007356575435055 0.14698185531812982 5.081626783964602 0.004386280272518958 -0.183616841243651 0.9829881058065122 115.22072944084742
0.8140766570430009 -0.571184017400333 -0.10501435484784216 -8.398660916624804 0.5807574172902045 0.8006997005331312 0.14697214643790668 5.195091295081879 0.0001368214299936263 -0.18063445915043536 0.9835502902482038 116.03908426996458
0.8110453320479911 -0.5758700841795152 -0.102854827355075 -8.463670914957355 0.5849720048309357 0.7973020000719248 0.14871877569891592 5.313498033071905 -0.0036363343135553533 -0.18078486338293595 0.9835159430555123 116.9227096633176
0.8054114942127374 -0.5827112463820244 -0.10844320324443471 -8.535341325773171 0.5927160250503857 0.791877101330801 0.14703186741791435 5.44785337715311 0.0001965667232604329 -0.18269718040472388 0.983169213123401 117.97532577763491
0.8045447536586033 -0.5843146399115068 -0.10622683721877134 -8.603018857167928 0.5938869915243677 0.7908270335283613 0.1479555485234254 5.558961602634195 -0.002445538499553729 -0.18212359711420767 0.9832726044773286 118.83881460774673
0.8021770667881052 -0.587132156850383 -0.1085715612462545 -8.672080166044282 0.5970746370024297 0.7876560251954459 0.15198639354142243 5.687862361779066 -0.0037190546713977354 -0.1867453248826553 0.9824013193531566 119.81731952125456
0.8018967394783623 -0.5885471203302615 -0.1028295014328503 -8.731567916558374 0.5973629954405144 0.7866554233779479 0.15598300083149388 5.819717199275811 -0.010911960974446362 -0.18650879877640772 0.9823926898581208 120.7019621458938
0.8001670084300676 -0.5909771962490751 -0.10236558080555488 -8.790006324872842 0.5996065939282471 0.7841312328607071 0.16003169114307972 5.961704732825604 -0.014307031063173117 -0.18943115679826814 0.9817897665469058 121.69545584522767
0.798365222653654 -0.5942189801494846 -0.09755395884990155 -8.851337511027662 0.6018244798766479 0.7818471146830894 0.1628569454549926 6.099676221143737 -0.020500406785817563 -0.18872968206361904 0.9818150744563772 122.6060854959514
0.797985811245601 -0.5952106691645478 -0.09456693060151482 -8.909447792983846 0.6022056283717583 0.7812857472878384 0.1641370227653102 6.221458045997651 -0.023812312111095232 -0.18792775313288737 0.9818941559019224 123.47048279003788
0.7955474031367759 -0.5991311091440746 -0.09025654224555328 -8.979227684585032 0.6051810422823941 0.7785377882460989 0.16623723510353436 6.365139878432642 -0.02932977027403121 -0.1868711490002233 0.9819465047786509 124.43221936550562
0.7944410221803415 -0.6003439136518005 -0.09192740406589156 -9.03642333300508 0.6066794521142291 0.7773678433699729 0.16625064955270455 6.498501974687355 -0.0283461577543224 -0.1878468031017748 0.9817892207113552 125.3472775159755
0.7930029446664558 -0.6029213573227978 -0.08736227237409436 -9.103774938452116 0.6082071812454211 0.7752486652897796 0.17050962332934413 6.636440694275875 -0.035076408479628306 -0.18834899482198073 0.981475573673497 126.2643811570296
0.7897248396439038 -0.6075285186444254 -0.08511037940886253 -9.155990010779004 0.612150024916723 0.7713498048520683 0.17404546977480237 6.7826777599964965 -0.040087711881147195 -0.18954835158446062 0.9810526987719609 127.19733066468439
0.7885628608283842 -0.6104720126793904 -0.07411164724473852 -9.178619665839038 0.6126472908154489 0.7694498398717546 0.18058305839093033 6.906736043075657 -0.05321570800661512 -0.18780539304425045 0.9807635916798958 127.95581624558498
0.78619857911433 -0.6140497280733963 -0.0695321914770187 -9.216153081975163 0.61505990640579 0.7666084476202213 0.18442559358563984 7.064632267332573 -0.059942520223207535 -0.1877616028113915 0.980383840533384 128.86701646932124
0.7839149436715878 -0.6170782014058286 -0.0684971126261475 -9.225056083326432 0.6174333437923983 0.7632302404529221 0.1904092067929305 7.219738857955892 -0.06521830311890661 -0.19155702390651858 0.9793122482285045 129.75649745529415
0.7842696292896763 -0.6169832038871101 -0.06521406822941478 -9.247771711725306 0.6168344778778347 0.7641329795221741 0.18872206152896925 7.3875129040989185 -0.06660612190341872 -0.1882352669606887 0.9798628010069703 130.6511347661693
0.7857686753742145 -0.6153428383161245 -0.06261613317435666 -9.267851958625505 0.6144401225044834 0.764965540387977 0.19310892748810438 7.530258787229605 -0.07092901139398552 -0.19021281069367174 0.9791772883347968 131.48859129250494
0.7845223392636443 -0.6176457891587444 -0.05512148701524084 -9.275644729062547 0.6145444651953038 0.7625424233631428 0.2021488384069609 7.674179577356333 -0.08282390653740909 -0.19246488434500847 0.9778023669433129 132.27454239104682
0.7819179239540527 -0.6213334620831087 -0.05048850458472835 -9.29155623178729 0.6165140802579093 0.7587750181443137 0.21016864819435013 7.859637420157332 -0.09227539782156595 -0.19546150704400697 0.9763606148452308 133.24025459236165
0.7801706836285527 -0.6243814172697494 -0.038490910287702344 -9.307900252798671 0.6165573330417881 0.7570728108510707 0.2160967703193569 8.06150023752793 -0.10578638607568835 -0.19232421802331148 0.9756129538309583 134.2109634675313
0.7786782705955592 -0.6263110006342227 -0.03734543327996315 -9.324529366498542 0.6178236684469418 0.7550325309291666 0.21959005429540956 8.249560150348172 -0.10933464962706435 -0.19406289630750173 0.9748771854278216 135.13574375446558
0.7801485827439757 -0.625098028916892 -0.02491270934247864 -9.322252689220203 0.61328103429725 0.756324641912044 0.22772661023234456 8.432458837840814 -0.12350935921565492 -0.19293908437855542 0.9734063631933496 135.97811524947113
0.7757379513719553 -0.6309068286284939 -0.013682265571845167 -9.307049523661561 0.6155272695329895 0.7516919434076136 0.23682356866947996 8.63344674803151 -0.13912875785582451 -0.192134837564721 0.9714563257972404 136.85667065868626
0.7731597416396476 -0.6341548321461739 -0.008465386782151502 -9.285875491531858 0.6169157755795187 0.7489119568570626 0.24196240765384683 8.820427935994779 -0.14710180063083633 -0.1922980232404469 0.9702486951854058 137.68855786225103
0.7688946170149644 -0.6393752687978135 -0.0005775596375978964 -9.239537492676108 0.6187051760663195 0.7438089098088106 0.25288774347083953 9.038366935046678 -0.16126057495294926 -0.19480136380105856 0.9674954550937652 138.5620864076852
0.7650507840239187 -0.6439523358997842 0.00476308236323128 -9.185376666426773 0.620816967830414 0.7394898263615359 0.26027118388641524 9.254792667276998 -0.17112448778079092 -0.1961636709408677 0.9655238080362207 139.44386145996063
