1.0 0.0 0.0 0.0 0.0 1.0 0.0 0.0 0.0 0.0 1.0 0.0
0.999929003630194 -0.003366819107880377 0.01143032056517706 0.01345292292535305 0.0033585256917246383 0.9999940828605258 0.000744680545131624 -0.0019397878786548972 -0.011432760135064656 -0.0007062386502334587 0.9999343944592882 0.3443138897418976
0.9997808240202914 -0.00701931989442655 0.01972392125128657 0.03106936867528075 0.006999162240881256 0.9999749105860966 0.001090837409575654 -0.0008258079059270942 -0.019731083326393114 -0.0009525473993535873 0.9998048694641466 0.6608135497089302
0.999634377121161 -0.010314149940827563 0.02499460719008589 0.0434554218847492 0.010304292157081889 0.9999467725148331 0.0005231637507289134 -0.0036607216033582575 -0.02499867277937105 -0.00026542073525412304 0.9996874491115226 0.9813740417886219
0.9996261891690991 -0.01267638313596668 0.0242237742281221 0.05231109638800084 0.012679112138662298 0.9999196159890424 4.0935331454936076e-05 -0.004825475021919177 -0.024222345935934433 0.00026621592047532615 0.9997065604898489 1.3466426332335253
0.9996858878556759 -0.015841249173246634 0.01942113402559902 0.06292303958128434 0.015882278691387745 0.9998719472300478 -0.0019601953887226605 -0.006594861558532998 -0.019387595152010422 0.002268031530643171 0.999809470442843 1.708834849734128
0.9997917369305228 -0.017721182104391647 0.010121386776117456 0.05959747742678702 0.017752290450749737 0.9998379389504523 -0.0029919924907013387 -0.007676202013341292 -0.010066724849770945 0.0031710471669753864 0.9999443012041542 2.0590264084267584
0.9997960824746981 -0.019284322202957165 -0.0059923605882248165 0.05049354140671697 0.019258928635342773 0.9998054248660061 -0.004266857898254774 -0.012473336227689237 0.0060734780863646 0.004150581366225485 0.9999729424030717 2.4492556802019596
0.9994834159519745 -0.01838202030150557 -0.026362901331364767 0.02378066380140243 0.01825413253963934 0.9998204559553687 -0.005083551752851946 -0.016270723980565626 0.026451613980956194 0.004599693776076944 0.9996395124918627 2.8386938541845663
0.9988283517022647 -0.01647910234702484 -0.0455012419783647 -0.005957600592228003 0.016273922298693882 0.9998556810823319 -0.004876111196708202 -0.02229520827425593 0.04557502922383585 0.004129914432875034 0.9989523815067582 3.205572926538479
0.9976752161927233 -0.01875168646617769 -0.06551745759320254 -0.04098228192199229 0.01836954969262372 0.9998105881615392 -0.006430197832680432 -0.02866686040501863 0.06562562486478246 0.005211722819888728 0.9978307047321984 3.625351991877282
0.9961379671203462 -0.02098971252063624 -0.08525598178219072 -0.08419684386552756 0.02051783862320394 0.9997689553920478 -0.006407349883199557 -0.03290624823052092 0.08537077227937177 0.004633336011409389 0.9963384783485124 4.060530115246611
0.9943196841743062 -0.022740736623449855 -0.10397703862551172 -0.14465437356358316 0.022246982441757 0.9997350597613017 -0.005906103309532354 -0.03879481216465487 0.10408380006391207 0.0035593794247873855 0.9945621616482131 4.507121328123292
0.9921530209295649 -0.023103133544259108 -0.12287647570131048 -0.21286091839257582 0.022573312522267956 0.9997289273628991 -0.005702399109101126 -0.04785198853232839 0.12297491053914468 0.0028839234150001957 0.992405589647512 4.968641749275034
0.9899248747777645 -0.02305444199240554 -0.13970409800949407 -0.2837924170369862 0.022621206727974685 0.9997331141686855 -0.004688436919954445 -0.05556424656794489 0.13977490226216488 0.0014809250490713498 0.9901821971529288 5.41231868786292
0.9876664468830242 -0.02308475530554473 -0.1548614986817117 -0.36472876417494127 0.022515545032620213 0.9997317531179865 -0.005428815664745488 -0.06482964226646915 0.1549452804487659 0.001875068030994943 0.9879212742858272 5.864101177125235
0.9855898634801814 -0.02538723206208658 -0.16723668692408128 -0.44863405555297015 0.024834951591799576 0.9996770166450288 -0.005393289453363388 -0.06957323288446929 0.16731959294879484 0.0011622563919170244 0.9859020250387607 6.340792519159474
0.9834228667124754 -0.02811573532845315 -0.17913394612400366 -0.5345606339683983 0.027381246728195648 0.9996034604082251 -0.0065718541913037075 -0.07810121787474622 0.17924768493519447 0.0015580009122116382 0.98380274449634 6.810266217034385
0.9816638218299695 -0.029661718557820908 -0.18829849538000762 -0.6366450707858233 0.028519815605159402 0.9995547422567166 -0.008771393843450319 -0.08486458147076925 0.18847482863243523 0.0032403216361705273 0.9820726751557995 7.3243018250907665
0.979862615709453 -0.03219136655099671 -0.19706082881843445 -0.7396783486280047 0.03077352410242829 0.999473787547815 -0.010253692951444755 -0.09647166829383245 0.19728721334477362 0.0039829542307956494 0.9803376415940832 7.836252658329527
0.9787539703299118 -0.033761516867325876 -0.20223952517312602 -0.8491664089684671 0.03187534590510686 0.9994127181556246 -0.012577007283769509 -0.10400395112377513 0.2025453724153282 0.005863340993279669 0.9792553259214538 8.361655620317602
0.9767616383668901 -0.03839395692866924 -0.21086157991959573 -0.9654191386157327 0.03623730646707956 0.9992439671954025 -0.014083736848019045 -0.11918870587056064 0.21124289203388483 0.006115398184320242 0.9774144681097203 8.922126475569716
0.9748257986892869 -0.043876635965134685 -0.21860810375230183 -1.0769352200008664 0.041331177933521666 0.9990140699046095 -0.01620561209136135 -0.1307529038737407 0.21910361918604104 0.006762318316313938 0.9756781616447954 9.460872921026457
0.972319920661036 -0.04674767619263928 -0.2289293049312492 -1.2031592390990484 0.043645921124468925 0.9988739715966396 -0.018596301674057528 -0.14115100194462812 0.2295408579205745 0.008089724182199507 0.9732654062010746 10.00905788869127
0.9705405214421612 -0.04670945859376158 -0.23636692390572636 -1.351618684110159 0.04270875295813084 0.9988448619426405 -0.022020540219275672 -0.15322097812214366 0.2371224549880064 0.011276890026290917 0.9714143158775229 10.579500905868857
0.9678166670542856 -0.04601959756261071 -0.24741280405854027 -1.51335011523772 0.041078461556106345 0.9988406270138885 -0.02509904027419356 -0.1697614977091522 0.24828100806972286 0.014127932144424073 0.9685850208242975 11.179027571722736
0.964619202638092 -0.0487632329178518 -0.25909832306916003 -1.6760876678465537 0.04324324988375226 0.9987006092961321 -0.0269650575935917 -0.18727052881906292 0.2600765565008558 0.014806758826079795 0.965474466079618 11.779060065612066
0.961461568344047 -0.05062957398677318 -0.2702374859920875 -1.8428883653074803 0.04443992404959023 0.9985916872168732 -0.02897818786303866 -0.20733432471646365 0.2713240603924991 0.015852080597725002 0.962357504149498 12.373002513108949
0.9587345304717614 -0.05313753169246588 -0.27929286207621457 -2.0184003453745545 0.04605275085999597 0.9984304117461845 -0.03187251227267044 -0.22513988837189805 0.2805481139115327 0.017695073494523025 0.959676841522554 12.964655427573772
0.9559415854870127 -0.056319826069040534 -0.2881037353595573 -2.1992973507239615 0.04810725321286683 0.9982106710473967 -0.03551265120234446 -0.25060530867311137 0.28958828934349173 0.020088140746701427 0.9569404836647111 13.572987800122341
0.9531481437237714 -0.05753168490965707 -0.29698269536689337 -2.396365291757143 0.047583847515269145 0.9980408299663478 -0.040623628293487715 -0.27562830095017404 0.2987380015524852 0.02458875660825041 0.9540183433649941 14.197363163605138
0.9500795764796608 -0.059587660942585774 -0.30626476947180825 -2.5919446579927774 0.0473975208419439 0.9977653408060947 -0.04709352082967805 -0.30070449483467054 0.30838656484073024 0.030226401530603422 0.9507807798205877 14.798052391718022
0.948330115664987 -0.06341607392010434 -0.3108832470420244 -2.791306631958407 0.04894199901546622 0.9973327714581095 -0.054148164401543644 -0.3297098764457919 0.31348791436864454 0.03613508743930692 0.9489044119407134 15.38790093538308
0.9467529452765022 -0.06693588887386971 -0.3149260983007499 -3.016259827764575 0.04997971420696304 0.9968473995889474 -0.061622155922558125 -0.36856076495367335 0.31805799593479633 0.04260104122458433 0.9471136481481632 16.055737620746005
0.9454717859233792 -0.06945729684110151 -0.31821185700470533 -3.247224302703783 0.05015859299030105 0.9963925066259111 -0.06845500923210157 -0.4120617728495376 0.3218186097354987 0.048761220813889596 0.9455448830027319 16.732559191155726
0.9444530077916933 -0.07177924263988024 -0.3207121082829104 -3.480250667620924 0.05034607364792737 0.9959387602221583 -0.07464086518381156 -0.4588888252697506 0.3247672842843957 0.05434819420363164 0.9442311607044872 17.40248321199927
0.9430538984404655 -0.07413139463935388 -0.3242743914728155 -3.7222514364654105 0.05091566494591627 0.995532665582304 -0.07951293493330425 -0.5111629312353729 0.3287201540814855 0.05847433699852487 0.9426154105536507 18.100574932582933
0.941974820273099 -0.07646824804766648 -0.32685783608777624 -3.9700482826607453 0.051190385445816514 0.9950425355533437 -0.08526369026427219 -0.5677268824029709 0.3317574150028478 0.06358427069719019 0.9412194526838759 18.80123783417492
0.941125406878254 -0.07792027452401817 -0.32895501112818254 -4.239838954753563 0.05106566349699982 0.9946755632369594 -0.08951436706389049 -0.636008642729073 0.33417849502900726 0.06744593922052972 0.9400934946816771 19.559332533985348
0.9404283650537134 -0.07779887733675037 -0.3309710333058483 -4.514797222451055 0.05019746962217145 0.9945708332128972 -0.09115410997719645 -0.7087823368832312 0.33626582378518766 0.0691100022235922 0.9392279293902649 20.307698063402594
0.9399197455002852 -0.0770742326230237 -0.33258147074702044 -4.783933667154205 0.04852515726117938 0.9944528363664552 -0.09332130172415173 -0.7811337157892032 0.33792925462507234 0.07157596599616653 0.9384458961284123 21.04871024709876
0.9378435233773603 -0.07749505344301019 -0.3382957912108925 -5.053139528705494 0.04833877461557923 0.9944179573534941 -0.09378853320938846 -0.853643579630194 0.3436755570706229 0.07160616443274506 0.9363544567563225 21.792321464093522
0.9354137822571944 -0.07932258212045767 -0.34454170129177913 -5.32151614138057 0.04982394030794049 0.9943569887100641 -0.09365764237714264 -0.9283002802566855 0.3500266146102052 0.07044222433453681 0.9340873953197966 22.51630213109979
0.9334490699630258 -0.08057274293652482 -0.34954379822970255 -5.620294441697693 0.05104699878718376 0.9943669664822593 -0.09288993424311776 -1.0105397358442794 0.35505920309151767 0.06886486088386568 0.932303916775781 23.30556070512814
0.9303669520772603 -0.08320834576511323 -0.35706260750392543 -5.9526194904473595 0.053623909351806984 0.9943152004362383 -0.09198781727637872 -1.0997904563953438 0.3626869322546625 0.06643533228995407 0.9295399592245754 24.167754665340606
0.9265663452893355 -0.08633789387462056 -0.36608820775662676 -6.263086416436733 0.05769802864835365 0.9944049077110416 -0.08848625322776998 -1.1895106856475068 0.37167962718887093 0.06086581636263519 0.9263636473498149 24.972354473554624
0.9234277816402059 -0.08682617987596804 -0.37382127625804584 -6.543647879080785 0.058535627475051685 0.9945392931017425 -0.0864012430048793 -1.2648906915188822 0.37928183770271695 0.057903445189662686 0.9234676381032622 25.664993574082455
0.9200267820148387 -0.08762360245254772 -0.38193301070823726 -6.860852463800154 0.05948641939948974 0.9946129769332835 -0.08489047074283218 -1.3432812341172782 0.3873139376299911 0.055381679363752705 0.9202829908829142 26.42050840522692
0.9166874902879076 -0.0893534613290521 -0.3894868471440016 -7.207402467876586 0.060937377071434005 0.9945380181631807 -0.08473940348920829 -1.4258817836945745 0.3949312360719409 0.0539452442442387 0.9171255254315618 27.23163364498796
0.9132106391530126 -0.09263290411427157 -0.3968191951167466 -7.56650288932792 0.06409072012487087 0.9943494605866742 -0.08462582244720568 -1.512648475554507 0.40241608831111847 0.05184877343145811 0.9139874159757517 28.069883452259113
0.9097167959693991 -0.0935078321023282 -0.40456351351387776 -7.936118191252103 0.06440641591784128 0.9942981662735992 -0.08498805877049018 -1.5989910930605422 0.4102038087582669 0.051258578603791294 0.9105522463866257 28.887582152882597
0.9061195535586799 -0.09620424953579294 -0.41193700614277606 -8.295683703892204 0.06687086154234938 0.9941278621915233 -0.08507691514797487 -1.6817236982902006 0.41770281604892556 0.04954327387008918 0.9072319557197216 29.682808197714955
0.9026286644316126 -0.09792116627402703 -0.4191335578809432 -8.663977498403373 0.06864927947245908 0.9940642905512048 -0.08440060828478795 -1.7630286533245743 0.4249103088586058 0.04740919158205885 0.9039931404492072 30.47690122298664
0.8992186054325708 -0.09946487782988633 -0.42604299985117533 -9.061304298980355 0.07077398058761697 0.9940584459865835 -0.08269733752982872 -1.8532324683116839 0.43173712292978284 0.04421022552560199 0.9009153748512061 31.321062412823036
0.8956893907974922 -0.0987244038375106 -0.43358275715224814 -9.477030529321361 0.07125441174624114 0.9943087136782597 -0.07920221404848304 -1.9422789968963121 0.4389343049016725 0.04004589854670158 0.8976263153395587 32.175177348730145
0.8925206955141767 -0.09968189905428124 -0.4398526197259971 -9.885960655375179 0.07298851994890754 0.9943373916885441 -0.07723876905862034 -2.027125426580398 0.4450612138060993 0.03683300817140851 0.89474233468328 33.010536294564055
0.8894663735216038 -0.10032765890931658 -0.4458519162593145 -10.315130138042688 0.07386814247845172 0.9943383851544969 -0.07638503344982306 -2.1108395002740594 0.45099120601305526 0.035007665819406744 0.891841575299541 33.868080162742615
0.8865425044892112 -0.10217645424966029 -0.4512231819520847 -10.743041275707105 0.07625852504099168 0.9942399530120267 -0.07530971513168457 -2.18964985898841 0.45631899488468536 0.03235564914524369 0.8892278037015152 34.709524655120106
0.8839896724534887 -0.10424041106195109 -0.4557369808312791 -11.181923517497475 0.07842023105387358 0.9940753209833676 -0.07526302925920565 -2.2712525273756943 0.4608823346115918 0.03079274124611887 0.8869268745108125 35.56556715370296
0.8811528981826718 -0.10727608005213034 -0.46050126240101347 -11.615673414966759 0.08169655587694795 0.9938168660905385 -0.0751911526166848 -2.3509570365018977 0.4657201335374313 0.02863353493073794 0.884468698086737 36.410975998241966
0.8788164207684346 -0.109087981468368 -0.4645228852133282 -12.04783970437633 0.08311853784615401 0.9936302553713835 -0.07609352322580965 -2.426042865364195 0.469864881911891 0.0282617747099571 0.8822858181089439 37.23623418782478
0.8770716763449072 -0.11075775851433947 -0.4674162956962601 -12.519706798825325 0.08390762897525939 0.9934198624279134 -0.07795182315671553 -2.5100174068569796 0.47297440137208757 0.029149543093930325 0.8805938449615297 38.120370693408525
0.8751103406413007 -0.11418811552201048 -0.47025840340838015 -12.984808571150575 0.0866571266346416 0.9930316678087707 -0.07986644559737777 -2.593208509745191 0.47610128555391923 0.029140710397366782 0.8789074950706942 38.990078279476236
0.8739279852382366 -0.11588443785743217 -0.472038847638522 -13.456347155866272 0.08813406011664364 0.9928447869128262 -0.08057056874182396 -2.6793309506898124 0.47799818416474416 0.028810174634876368 0.8778882102937228 39.86341247311904
0.8730265868203673 -0.11815386592200833 -0.4731429410574184 -13.932927254500385 0.0910515236221528 0.992637485667622 -0.07987766955505127 -2.7675366074534202 0.47909727483138975 0.0266549435404672 0.8773570055764017 40.750577708055545
0.8728975228869575 -0.12101942604590485 -0.47265654872997714 -14.400765733824944 0.0941319427428782 0.9923214449597387 -0.08023295599981194 -2.855535799681084 0.47873697569047763 0.025543069364037465 0.8775867248962914 41.61944916669171
0.8729480616801134 -0.12406032254777105 -0.47177401155455373 -14.890380094530359 0.0968111964003322 0.9919429100373202 -0.08171202774518267 -2.9470596010064356 0.4781101064195041 0.025657349746928373 0.8779250688660705 42.53343469926996
0.8717747048452016 -0.12633389117941027 -0.473337735587953 -15.390091660423337 0.09856078046497498 0.991651365431001 -0.08314650920493626 -3.0417530864693836 0.47989023385165586 0.02583248687796953 0.8769481433217718 43.46592728065545
0.870578602316354 -0.12809557597488017 -0.475062543887189 -15.900010947178158 0.10037049252828417 0.9914486158802817 -0.08339907852430697 -3.1394951679082492 0.4816831545928644 0.024923191704466236 0.8759909663328322 44.40305173829974
0.869170885734306 -0.12993217007863056 -0.4771368803294292 -16.398599450553768 0.10288272672517178 0.9912644459056498 -0.0825223777224032 -3.239254022025327 0.4836911369184222 0.022636904868448493 0.8749459723917479 45.33010196442857
0.8665802861470181 -0.13251286364029305 -0.4811225921022639 -16.879197786461873 0.10695031841359642 0.9910152242282395 -0.08031472305301507 -3.3336880184942084 0.4874425474377289 0.01814294126378832 0.8729665495479859 46.214244742782356
0.8635093650106969 -0.13479960924051157 -0.48598419921580643 -17.39995186270918 0.1096272611290616 0.9907465797139816 -0.08001923770186523 -3.432615774202218 0.49227374514203354 0.015820244424548546 0.870296661897645 47.158144933559875
0.8592192266473629 -0.13909781085779135 -0.4923353730680725 -17.909205648016318 0.11234271717692337 0.99013966836627 -0.08368124655404713 -3.528405222237211 0.499120661220124 0.016590242376274163 0.8663736661516688 48.05885938133773
0.8540486323549924 -0.1451663900912502 -0.4995274294375059 -18.423527766504044 0.11632791018885698 0.9892514749490176 -0.08859648199723694 -3.627719183990855 0.5070194778148672 0.01755672233272714 0.8617557720243428 48.96400419527739
0.8482969477477829 -0.1469673514340621 -0.5087169016793647 -18.971799120348585 0.11707581471944478 0.9889917011978722 -0.09049126239321088 -3.7325891548354075 0.5164160551818404 0.017205015960341213 0.856164963880344 49.90211107516438
0.8431507067124637 -0.14788685493529924 -0.5169394199590693 -19.507132576251543 0.11937373928563684 0.9889231970689307 -0.08820896024741476 -3.8376304254595346 0.5242583295849843 0.0126644556263171 0.851465099357837 50.7933106849821
0.8379038597710018 -0.14933024360278832 -0.5249929524540203 -20.062286748765374 0.12096455173658147 0.9887329316011072 -0.08817464029213988 -3.94561422139962 0.5322449614641976 0.010376334276238713 0.8465268056493914 51.69485890806984
0.8346324752928365 -0.1513685920561227 -0.5296000193783039 -20.617098717321674 0.1224655223681064 0.9884283281130013 -0.08950774276476811 -4.048264205634418 0.5370203227231345 0.009848325882309612 0.843511815838792 52.57788743856639
0.8319323080055309 -0.15727627312182774 -0.5321210471401211 -21.14562997183073 0.12634927575737254 0.9874906447787057 -0.09432967184361293 -4.146818925086883 0.5403003751730867 0.011242792688852248 0.8413971144473801 53.42948222658053
0.8294747841438128 -0.16063221190057336 -0.5349475441288652 -21.744888687356184 0.12595126567111226 0.9868775325511284 -0.10103966756497802 -4.262461123324257 0.5441579376848414 0.016432536192738975 0.8388218586856534 54.36946358221614
0.8269224853647341 -0.16485681678440184 -0.5376071364462395 -22.327073913556106 0.12954057203896585 0.9861931026143478 -0.10316203057183446 -4.378463433208441 0.5471914138526196 0.015665066728257793 0.836860897814189 55.284627916402684
0.8244298349122783 -0.16711054200736636 -0.5407305373811598 -22.911635243709206 0.1327100542428506 0.9858575253129713 -0.1023375849169986 -4.501158805811437 0.550184958726948 0.012609779291822928 0.8349476059351498 56.19130739044399
0.8212993163656823 -0.166517960512514 -0.5456548375704333 -23.491023252095843 0.13415242384275733 0.9860052308350912 -0.0989788459366544 -4.621258675102846 0.5545002796341731 0.008090339460838793 0.8321442100339534 57.07604909045393
0.8185848241229925 -0.1670614512491051 -0.549553780099885 -24.060325866138342 0.13583769952544644 0.9859334723499693 -0.0973822750174129 -4.738923752243361 0.5580922908472795 0.005065531213544382 0.8297634212776317 57.93363711046468
0.8170924093072849 -0.16838709103943456 -0.5513671936411286 -24.65343443683739 0.13576649569891808 0.9856980673997819 -0.09983375466229338 -4.85531894905128 0.5602922927348299 0.006716211403202867 0.8282677340125809 58.8219140858237
0.8136863720143414 -0.17126241516580304 -0.555503081134313 -25.251146037820078 0.13793441173513565 0.9852063960881563 -0.10169786215191157 -4.973622001899843 0.5647022100695384 0.006127173782686728 0.8252719986065296 59.70613238640693
0.8109739513924542 -0.17478876285139752 -0.5583638048295998 -25.832235575665813 0.13959851707121482 0.9845768210158374 -0.10545490766135811 -5.092876728673026 0.568184392776172 0.007574424019404641 0.8228664070834021 60.56327360772498
0.8079728562748348 -0.1771514014420463 -0.5619584010317882 -26.445790968296176 0.14098313984549546 0.9841537729162471 -0.10754118064267995 -5.214256443307572 0.5721045514609988 0.0076636950510185 0.8201448957201248 61.458391702322665
0.8036994618438149 -0.17980555948270033 -0.5672187724424109 -27.070571157829797 0.1441312815911921 0.9836908129840887 -0.10760370866091667 -5.348115669187324 0.5773156404419015 0.004727074128469941 0.8165073827414797 62.362428536778246
0.7993733749923646 -0.1819260233819499 -0.5726300108881358 -27.68159929334534 0.1454341727532924 0.9833034511335086 -0.10937652574705883 -5.4764768989629555 0.5829675023094184 0.0041527106041408315 0.8124848590870826 63.2374538894113
0.7945061920057017 -0.18393981608606777 -0.5787279627967037 -28.30918982438229 0.14639916781926535 0.982930151478663 -0.11142531568705308 -5.607068407388308 0.5893447162115104 0.003802811112377548 0.8078727276627291 64.12179053594687
0.7905901078352364 -0.18756585708455378 -0.5829119407330805 -28.92074188320047 0.1487558805943722 0.9822452173912671 -0.11430669665673791 -5.7331159336773 0.5940024994742552 0.0036581645834161958 0.8044548765780579 64.97038418097829
0.7863771820168494 -0.19080864972985878 -0.5875397746463699 -29.564165873693767 0.15077662418745486 0.9816213323257528 -0.11698704852097502 -5.867783691970772 0.5990637171469108 0.0034086817513551276 0.8006941011939853 65.85189485412063
0.7807860469796003 -0.19519205888951588 -0.5935260811358176 -30.213630974508828 0.15431045708813632 0.9807634720439289 -0.11954620335915275 -6.008628235627857 0.6054431696494889 0.0017527266784139947 0.7958866101863826 66.73224397039391
0.7758658836464635 -0.19854667157414155 -0.5988416733998415 -30.870698429367923 0.15614048315508824 0.9800900306771242 -0.12265268561026038 -6.146241029995841 0.6112710365407378 0.0016586060845637449 0.7914195909328176 67.61417403937091
0.7709354622179273 -0.20247210382000855 -0.6038737949849545 -31.54585901545683 0.15963413430147813 0.9792879566733886 -0.12454734473394982 -6.2939754663990435 0.6165836976928994 -0.0003809057092883719 0.7872892725359544 68.51059411943196
0.7648579868239478 -0.2063393999534337 -0.6102592170696602 -32.18142167385036 0.16371936722004055 0.9784730582096443 -0.12564411309303658 -6.43455736162118 0.6230475333300721 -0.0038113494622217733 0.782174689456639 69.34489295312066
0.75995435208949 -0.20910538414848112 -0.6154220674141931 -32.852874621399025 0.16627413409721564 0.9778755277015131 -0.1269344896106199 -6.585155452293538 0.6283488641435303 -0.0058643535537644675 0.7779095797629259 70.20530992404062
0.7544769428789111 -0.21281863139968926 -0.6208645365885022 -33.53365832472398 0.1691114257889812 0.977064018264091 -0.12941108871053597 -6.74151704319465 0.6341654897041547 -0.007357604419339921 0.7731623356873369 71.06746800582351
0.7499725601182419 -0.21635176975002066 -0.6250864506576064 -34.21238498707943 0.17151531808673445 0.9762816846693132 -0.13212330544175055 -6.89208739030215 0.6388455640695148 -0.0081230477828131 0.7692921170552975 71.90909453795933
0.7448170036358008 -0.21758353687495394 -0.63079714296751 -34.93009344517151 0.17199581161375802 0.9760001281120448 -0.13357092016077773 -7.05340400707319 0.6447209255812257 -0.009008574041309385 0.7643649479871706 72.79060614592905
0.7414026573993484 -0.21965272785702672 -0.6340936671708303 -35.63597267659821 0.17447974170762026 0.9755120745815947 -0.1339141967050373 -7.2128796562583615 0.6479806473459117 -0.01135215796579049 0.7615721956418138 73.6449690026455
0.7372890219339725 -0.2227341294385446 -0.6378043632015229 -36.345906303345515 0.1772234532983588 0.9747912828838269 -0.1355499996853844 -7.366941337553076 0.6519177446094337 -0.013094365084147228 0.7581766231336815 74.49045895000846
0.7332059805905404 -0.22586278102690557 -0.6414008061836655 -37.05316620092853 0.17955788033962625 0.9740560240404856 -0.13774552493050782 -7.527826637649264 0.6558719064224389 -0.014172726527834682 0.7547391444655316 75.32693477084875
0.7299013184057904 -0.2284753466926 -0.6442383730756694 -37.75311410846929 0.1802689307521138 0.9734598650579364 -0.14099292083957368 -7.687172655862208 0.6593536061894095 -0.013225243857144242 0.751716645372404 76.14750641640065
0.7257223443653323 -0.23166523132963485 -0.647810388525742 -38.49506585167589 0.18164088498795788 0.9727100512875752 -0.14436670331109744 -7.860446808562271 0.6635764219663607 -0.0128987099009846 0.7479972964477966 77.01525188961475
0.7222534786981007 -0.2331580081181639 -0.6511430378640798 -39.25594154098545 0.1828135229380306 0.9723376729623532 -0.14539142192420537 -8.041393513186229 0.667030080535712 -0.014028292430883216 0.7448987036315713 77.89200345454523
0.7187144299498316 -0.23540095256105092 -0.6542445717888983 -39.971654744075494 0.1848156698339803 0.9717741784062361 -0.14662235288898576 -8.207571401514445 0.6702930227637061 -0.015535047995900386 0.7419339094003314 78.71468392469903
0.7145202718751998 -0.2378456123271492 -0.6579439533699768 -40.73574419357441 0.1875204754846513 0.9711353468384961 -0.14741848389833795 -8.387386266547276 0.6740154689273837 -0.018044467783719098 0.7384968143661836 79.59124857523486
0.7109562977745782 -0.24008593767643582 -0.6609840279346333 -41.4869502443147 0.1897897373677569 0.9705466131601097 -0.14838843375855926 -8.566652903219028 0.6771417859241471 -0.019950293568442565 0.7355820739672697 80.43859259287017
0.706915366315862 -0.24300055715975508 -0.6642449804752456 -42.23989171445967 0.1917753628345493 0.9698017761501302 -0.15068750839313133 -8.746463372257667 0.6808031103602478 -0.02086250694671335 0.7321692978592526 81.27143616032761
0.7038070933855275 -0.24427762707480868 -0.6670712227423067 -43.008915344147404 0.19309133141059462 0.9694481357963001 -0.15128135950989607 -8.933093038043049 0.6836456048526162 -0.02233277662493434 0.7294723668885077 82.12450048075358
0.701767406109148 -0.24540201956607754 -0.6688051708201191 -43.75356506011314 0.19436444960661697 0.9691349694895459 -0.1516570856953735 -9.114240337077716 0.6853794339283571 -0.023563949273996854 0.7278047621736599 82.9379487635807
0.6986996354702563 -0.24927437714534292 -0.6705826602981413 -44.54589680790263 0.1975352669454025 0.968114697627082 -0.15405762088008573 -9.30218978011643 0.6876035468978761 -0.024823721260620643 0.7256618669574938 83.80871471883125
0.6962493107162124 -0.2555247677618573 -0.6707786448504814 -45.33956195223354 0.203339411440398 0.9664247469163572 -0.1570868941150979 -9.490253730014054 0.6883966742237152 -0.02702409310049704 0.7248308197847441 84.67858227397262
0.6927386704652249 -0.26022671567945355 -0.6726032938432267 -46.10123269196571 0.2078781655013345 0.9650976036418448 -0.1592899361308455 -9.677310671677972 0.6905793240098295 -0.029473240260512512 0.7226558830859081 85.51796864773299
0.6872434239448642 -0.26558017773265363 -0.6761387767611262 -46.89938677416624 0.2134978265142907 0.9635101478520702 -0.16145238635509768 -9.877862756382637 0.6943451262291784 -0.03339706845778527 0.7188668037266795 86.38060449740645
0.6788960959887305 -0.2706461479585165 -0.6825326024787955 -47.701489358192454 0.2185691907573132 0.9619357622879311 -0.16403383212993106 -10.082477729590877 0.7009476440526453 -0.037818670346192323 0.7122093431500968 87.24144167898163
0.6703777032615994 -0.2739124620672029 -0.6896127160181911 -48.5219981905496 0.22177736241409565 0.9608536768037609 -0.16605725908053737 -10.287798611872445 0.7081020664355882 -0.04161940529340817 0.7048824643957836 88.10054545150113
0.6619073742831939 -0.27562322688911584 -0.6970727829063185 -49.364401833980665 0.22407928949011227 0.960176874033532 -0.16687972493026726 -10.498357467847487 0.7153090939524919 -0.045740653366848245 0.6973096103872651 88.95945744397059
0.653659100520549 -0.2779479141653414 -0.7038996642404393 -50.19157476199994 0.22621068349590406 0.9593495022957277 -0.16875206403850493 -10.704707899995512 0.7221900767657937 -0.0489233017699719 0.6899623203950644 89.78346234804475
0.6465166527905541 -0.2806863010435615 -0.7093880588725621 -51.03214114669131 0.22670936218636073 0.9585375774420937 -0.17265160795224588 -10.91786929629528 0.728436052623394 -0.049202774697426045 0.6833447184258636 90.60252987642032
0.6375416433127042 -0.2845953697769927 -0.7159232700112729 -51.902701216730584 0.22894039324603416 0.9572755505747821 -0.17666300295222911 -11.135252873872187 0.735613315120443 -0.05127373375564623 0.6754584034892653 91.43429492317304
0.6298848214512947 -0.28767801997149794 -0.7214474814777229 -52.752762559150376 0.23034229233610953 0.9562778404496813 -0.18020854648501067 -11.35181483157874 0.7417462774201277 -0.05266923855698334 0.668609311364425 92.2355927746694
0.6209184885944969 -0.289986496563743 -0.7282637313035794 -53.61566521432524 0.23245270859290715 0.9553830219596338 -0.1822334206974649 -11.578090097504253 0.7486160356212967 -0.05613477676061911 0.6606231286056287 93.03052005164241
0.6103978674928187 -0.2910902605989303 -0.7366687882248483 -54.51445286091262 0.2324859278809427 0.9549033962883695 -0.1846883783411244 -11.815397247371939 0.7572085159964569 -0.058531734481254316 0.6505453860885183 93.83686570468686
0.6012575296792126 -0.29264868664831317 -0.7435362326121495 -55.39233345956131 0.23246525242095833 0.9543338966397161 -0.1876345387750244 -12.043391756073293 0.7644928315039397 -0.06002965873194209 0.6418310919950947 94.60384975569525
0.5950535367601802 -0.29477790875833276 -0.7476745768696869 -56.3041364123385 0.23163095560309307 0.9537345407094899 -0.19167035833445062 -12.282265732171945 0.7695832565717624 -0.05913045210145791 0.635802800275902 95.38516913034923
0.588614671213806 -0.2962845958831062 -0.752162354199044 -57.22302826936527 0.23152854753401322 0.9532271013398415 -0.1943003472668908 -12.527486766434736 0.7745497405000236 -0.0597790223542394 0.6296817989887575 96.16415250170313
0.5821221977634264 -0.298155503977452 -0.7564635102363038 -58.15194364321218 0.23110479956121005 0.9526438959663179 -0.19763648220378918 -12.772992758574777 0.7795667505036703 -0.059773764529828216 0.6234603263906063 96.93554608593695
0.5760125225424442 -0.29893604908557087 -0.7608198291523426 -59.1075797833327 0.23030848919196772 0.9523777737177138 -0.1998363729019437 -13.030355102152535 0.7843261908672973 -0.06011501214838591 0.6174290336824111 97.72393121867209
0.5694050108050486 -0.2984298969125365 -0.7659748888174307 -60.01815350975043 0.2291337106878113 0.9524674962126902 -0.20075709522894414 -13.276999761658043 0.7894781037473662 -0.06119857259039446 0.6107201146321949 98.45932899103227
0.5643196109241368 -0.2994541931266288 -0.7693312439679744 -60.96598398573859 0.2306031032032847 0.9519779498312748 -0.2013956102502193 -13.535160756863826 0.7926951403405008 -0.06375867983202534 0.6062748924593787 99.21584179446296
0.5603172130459109 -0.3013821356071895 -0.7715007641611986 -61.94190402004151 0.2326474248537197 0.9512196668996907 -0.20262359441134836 -13.80837589603091 0.7949338315063692 -0.06595417833686805 0.6031005304976214 99.99207134978845
0.5560742965773409 -0.30421884107314373 -0.7734547649488812 -62.89136063469397 0.23431761672963264 0.9502375807735071 -0.20528953839847225 -14.067633632757708 0.7974187301387903 -0.06707784151138262 0.5996865281144919 100.74022964659709
0.5513231517010729 -0.3079941728190053 -0.77535951139322 -63.85172296277991 0.23602107579639842 0.9489764593656582 -0.20913567689356666 -14.330503081417673 0.8002104936692013 -0.06769984548989917 0.5958858084753633 101.48568410622063
0.5479516915286077 -0.3116786652164683 -0.7762765959371817 -64.81783677386457 0.23770097628915793 0.9477548536566177 -0.212741587945339 -14.600966932560153 0.802026925746336 -0.0679495917515617 0.5934101982260478 102.22493692103237
0.5454143013226709 -0.31531700114594086 -0.7765941209544621 -65.7709036599842 0.23923229237326435 0.9465608148973366 -0.21631119709049618 -14.87040657242446 0.8033001619560002 -0.06780717137015253 0.5917018145250554 102.9545127979563
0.541643649983588 -0.3179110723154119 -0.7781739564722798 -66.73969355662071 0.24119255161254324 0.945578384540867 -0.2184208592046908 -15.150771330132999 0.8052628822186501 -0.0693834907477972 0.5888443102659339 103.69333273917202
0.5373558736259095 -0.31848347550044465 -0.7809077672253576 -67.70203894071118 0.24328159113168402 0.9451281240225358 -0.2180525088094114 -15.43412590654499 0.8075040139195419 -0.0728086877700731 0.5853513154414436 104.42336035984583
0.5340374576071023 -0.31937028652201527 -0.7828196560890565 -68.68119213333456 0.24690783772920155 0.9444584670278104 -0.21687490340601673 -15.720762430236064 0.8086040523893218 -0.07746498658313102 0.5832312254271395 105.16663414636682
0.5323014448374855 -0.32101762081888663 -0.7833280659772807 -69.64916401901975 0.2504059992269224 0.9436130364503859 -0.2165439285504202 -16.002246828930346 0.8086729916196608 -0.08088340104535968 0.5826713207806298 105.89554856253275
0.5304872878603073 -0.32211619994393803 -0.784107384962221 -70.56489513217811 0.25133423097185337 0.9431651315702282 -0.21741812006339606 -16.268453662909074 0.8095766435368567 -0.08173547775471314 0.5812959400475856 106.58040643404567
0.527825423812692 -0.3241699285025887 -0.7850568001307794 -71.51167180432243 0.25468935728416847 0.942174210219573 -0.21780975387548845 -16.539687712878585 0.810267642981706 -0.08498008620700627 0.5798661325557137 107.29421757301364
0.5252513786064612 -0.3265295757893132 -0.7858049537937918 -72.45298864212617 0.2592159055871195 0.9409564013099676 -0.2177341615926287 -16.813363067666938 0.8105048448730344 -0.0893279741662521 0.5788803066858398 108.0058566328857
0.5232655726181258 -0.32886615918968537 -0.7861553217096796 -73.40809692307323 0.26198774934004704 0.939936947124737 -0.21881717168807013 -17.089874900910065 0.8108979958714672 -0.09146357072438277 0.5779955497423698 108.71508621063762
0.5211868246385768 -0.3303808689909744 -0.786900740391014 -74.36543190114848 0.26474593527794077 0.9391335091569339 -0.21894712085887677 -17.371464248867145 0.81134079373403 -0.09421641780152637 0.5769310037081405 109.42269942038563
0.5188010730444608 -0.3326888500413685 -0.7875046512028157 -75.2843290580223 0.2702702839418354 0.9377534181930678 -0.2181112108196585 -17.64023662080142 0.8110483464171026 -0.09968277546983555 0.5764233895746378 110.10835429898587
0.517946996768162 -0.33426364930347424 -0.7873999754211106 -76.22281355490927 0.273759223093245 0.9368524270050151 -0.21763138051805841 -17.91160021389589 0.8104238374518759 -0.102836485593086 0.5767476579238433 110.79806094487287
0.5164529229950556 -0.33635292743935696 -0.7874916421987208 -77.14899245932628 0.2768677488607587 0.9358218845938499 -0.2181321845945512 -18.18050706231939 0.8103213115614321 -0.10537603388906885 0.576433225544096 111.48594479004444
0.5163085876455327 -0.3382113600870294 -0.7867900089805139 -78.05452425692256 0.27986398529816187 0.9349076711659202 -0.21822877016595607 -18.445643293477517 0.8093834641605334 -0.10752079939805684 0.5773540383857182 112.15573175182332
0.516334916805015 -0.341397894934003 -0.7853952705629119 -78.98283621484647 0.28229734692378755 0.9336957634087946 -0.2202735329363449 -18.71958030738282 0.8085211571800388 -0.10798008486336594 0.57847544430611 112.8440322062049
0.5162359789814177 -0.34403954970620243 -0.7843068291447238 -79.88609611263574 0.28540544434196036 0.9325304755706905 -0.22120272256884738 -18.987855440018357 0.8074925054420418 -0.10965263503380002 0.5795965435413489 113.51803184659379
0.5192588318724174 -0.34549588679743615 -0.7816667178078812 -80.77740749515267 0.28653946771181826 0.9320808063799118 -0.2216314594582669 -19.252263846607743 0.8051493022824529 -0.10889427250423567 0.5829893982310937 114.18397611791023
0.5229394068914117 -0.34632691529976484 -0.7788401918615965 -81.65156036412402 0.2876004696595517 0.9318427336173515 -0.22125797083076473 -19.515208646451562 0.8023841639586765 -0.10829029293289313 0.5869010699298856 114.8408804117418
0.527183776643203 -0.3473035247320158 -0.7755369284263179 -82.50416419189254 0.2883501182839618 0.9316263769136803 -0.22119336139295576 -19.769385286025013 0.7993318928516707 -0.1070166134177659 0.5912833242386917 115.4850829177658
0.5313163088595907 -0.34894217486468504 -0.7719730167178926 -83.38873811030336 0.29085146362517145 0.9309809608013921 -0.22063516658142346 -20.03160892815176 0.7956810956953269 -0.1073024194788752 0.5961357099914951 116.16743920038303
0.5360951785749902 -0.3491344809135644 -0.768574702775121 -84.27330419076311 0.2918966907340233 0.9309691194124711 -0.21930075384935285 -20.29686969919962 0.7920847691044032 -0.10677833552544455 0.6009992559190405 116.85495545598094
0.5410749935367056 -0.3486378069718225 -0.7653035547540156 -85.13098186899012 0.2926587066327873 0.9311988945452665 -0.21730048373093427 -20.55262588123123 0.7884089882803712 -0.10639689068554645 0.6058803255191323 117.5320221271077
0.5465933942600499 -0.34884792927664515 -0.7612757605432307 -85.98538205022348 0.2940533394747498 0.9311622963886095 -0.21556764907573428 -20.806737306377734 0.7840716133715243 -0.10602782664795207 0.6115470587626816 118.21676334481428
0.5530182439396348 -0.34991961519194625 -0.7561263682572132 -86.82408753258781 0.29704973445605587 0.9306987602151058 -0.2134508678681154 -21.054939731558242 0.7784165190497367 -0.10656491279021091 0.618636922784686 118.90518044767416
0.5613258168636817 -0.3510034591646934 -0.7494730808886602 -87.64893152410676 0.29925154156631945 0.9304124139715763 -0.21161581887412306 -21.29639459391027 0.7715969428351191 -0.10549555242759634 0.6273028345428501 119.58602118706305
0.5688826492539247 -0.35416224132631463 -0.7422544295567103 -88.47020305009727 0.3027434243503973 0.9293323089662535 -0.21139507686804587 -21.539133644312194 0.7646691770893027 -0.10445365637531823 0.6359013156767296 120.28406876490733
0.5773948525068019 -0.3557293687077009 -0.734895775288897 -89.28002812605901 0.3051979893466732 0.9288817104962448 -0.20984030881677262 -21.781610802780865 0.7572776053716342 -0.10312799883829375 0.6448994063093968 120.99001330324917
0.5870904754835071 -0.35555076529114127 -0.7272609070322932 -90.09549194621351 0.3071226730560259 0.9290463311796298 -0.2062730671139391 -22.02244577433897 0.7489996243600335 -0.10225736072554394 0.6546319537617875 121.71440277581038
0.5932086540587727 -0.35586992882200325 -0.7221219332702766 -90.87876935877983 0.31013067688702284 0.9287795541580286 -0.20294704489499388 -22.25520887082259 0.7429148376519186 -0.1035622206127118 0.6613262511486956 122.43086663526093
0.6020250432474747 -0.35519457811475247 -0.7151242262577594 -91.65419537802401 0.312141398799136 0.9290317509163769 -0.19866492630801663 -22.484017889474437 0.7349378167291399 -0.10361861544690676 0.6701713124823168 123.15323808349466
0.6087088444529516 -0.35709877265339607 -0.7084871270913754 -92.44291316673616 0.31677759762548974 0.9281063622273112 -0.19562856140096316 -22.715299370108774 0.7274101293818885 -0.10535201451621737 0.6780674425969728 123.90640545307646
0.6167608281990513 -0.35896889165335616 -0.7005336648758442 -93.16631105447404 0.3209939605819611 0.9272989811877836 -0.19256031979098193 -22.925264093734793 0.7187273182988991 -0.10610341329693329 0.6871485338830415 124.61230596728403
