1.0 0.0 0.0 0.0 0.0 1.0 0.0 0.0 0.0 0.0 1.0 0.0
0.9998640505115821 0.0013292677096346484 0.016435131332870088 0.0033174236305058002 -0.0013145372803485898 0.9999987246274803 -0.0009070474913397986 0.007888560183346272 -0.01643631608089657 0.0008853195858528972 0.9998645226844084 0.10961002856492996
0.9992149764426841 0.004452311240921195 0.03936505782112458 0.008670899389296096 -0.0043637089675108605 0.9999877495156188 -0.0023364209242550025 0.01629985316212678 -0.03937497805324315 0.002162809122969031 0.9992221641657097 0.23969300991000206
0.997837333384282 0.0045603751158316596 0.06557331075481815 0.031938297023555946 -0.004433312336882309 0.9999880031434979 -0.002083101246515575 0.020093645855149427 -0.06558202380430703 0.0017878892254530225 0.9978455800402429 0.4120544067637931
0.9956618057042107 0.004664922988681779 0.09292904365880646 0.062120009451195356 -0.004497912272596086 0.9999878711936817 -0.0020065519471698483 0.025996689961173023 -0.0929372769507409 0.001579860449004868 0.9956707119293723 0.6237751385210941
0.9924432523030823 0.0020266329459292325 0.12268774884634336 0.10464127714858792 -0.001864787122480699 0.9999972331294326 -0.001433981334443367 0.03287821234601074 -0.1226903155390383 0.0011943585651620816 0.992444285580077 0.8400673673291275
0.9878417277373411 0.0001150846123641704 0.15546288205368242 0.1641897898075582 0.0002603762767083332 0.9999970986826792 -0.002394750596377154 0.03800219860351343 -0.155462706605474 0.00240611341302072 0.9878388317297232 1.0563559121283106
0.9814178103098505 0.000291318598825796 0.1918827682208393 0.22320884552636083 0.00017698120438234535 0.9999970478811842 -0.0024234080485769144 0.04873959948179427 -0.19188290774394592 0.0024123354639415655 0.98141486148995 1.2684772710911374
0.9734830765771011 -0.00018004830376595473 0.22875897184720576 0.2964718267365475 0.0005953419555366573 0.9999982978057975 -0.0017464115963474367 0.05594683682937167 -0.2287582680165645 0.001836291947428299 0.973481526710161 1.5179798505336932
0.9635718035276982 -0.0043936700515288685 0.2674136778660687 0.38855151629632906 0.004022399879869496 0.9999900357458178 0.0019361581249690103 0.06043123469621002 -0.2674195201281793 -0.0007899826306672605 0.9635798753512124 1.7766300494341007
0.9518859989854838 -0.009721713939938198 0.3062981116714199 0.49954051556819346 0.008482437223663755 0.999949567750325 0.005376821987467552 0.06219293999475955 -0.3063349362938452 -0.0025199670649280947 0.9519204570613227 2.0218525453256766
0.9396786466585317 -0.013131814099083945 0.34180637277917647 0.6101941660434852 0.011072288087013233 0.9999068907368598 0.007975856910932333 0.06675741196559132 -0.3418792849099056 -0.003710163798618914 0.9397365531009629 2.258701279096014
0.9229370015369818 -0.014917575223987015 0.38466187378444716 0.7589462916871653 0.012031113936133847 0.9998785197785965 0.009909489533701108 0.07229000386893018 -0.38476297053040465 -0.004517923726608784 0.9230043579928643 2.5368855297144974
0.9057787846149614 -0.018577372753862578 0.42334344752577346 0.9257943300922546 0.01438186760045911 0.9998107188274069 0.013102992106637425 0.0757120323669277 -0.42350673575017217 -0.005779942853331898 0.9058745150598101 2.8347825212058613
0.8857454316422305 -0.02391341012684019 0.46355493648652324 1.1157153093415284 0.018181085581365757 0.999693029756966 0.016831351176339958 0.07920058032119337 -0.463815133918679 -0.006480360440883154 0.8859083059078713 3.1418097691947393
0.8622804826611098 -0.028973157974977497 0.5056015479986988 1.3212742835431928 0.022076228394367934 0.9995635698193831 0.019629315571641593 0.08560690681316692 -0.5059496114847835 -0.00576420045525709 0.8625437754870813 3.4238283730984254
0.8373111260798327 -0.033930332231041 0.5456728055324124 1.5326227124647887 0.025620194461027698 0.9994110013407415 0.022831032277934017 0.09555412160783033 -0.5461260694919278 -0.005136433956366987 0.8376872526590758 3.6842185778934606
0.8098988812084649 -0.03570042787474508 0.5854820933784717 1.7603965227430378 0.025787069688594393 0.9993481395554799 0.025265054994537073 0.10876873157617784 -0.5860024140344073 -0.00536427223037113 0.8102915495852625 3.9534840801406608
0.7817936730697675 -0.03794819120794795 0.622381384307184 1.9926483897546097 0.026801976627096748 0.9992689745842401 0.027261153354950933 0.12185423803118886 -0.6229609191570223 -0.004631545898144041 0.7822392485586692 4.1998279167859955
0.7506755753143851 -0.03732204456163182 0.659615983445032 2.2671950762694832 0.024170313865495605 0.9992861545003711 0.029034072251480435 0.13529862372507753 -0.6602287304821418 -0.0058520435405355255 0.7510417944644222 4.479326605732795
0.7187234678878501 -0.03885335773729564 0.6942096176946847 2.558474587564144 0.024051464847190444 0.9992292266901326 0.031023854804716373 0.14824212701974407 -0.6948799203790298 -0.0056008142959296705 0.7191039751894407 4.747420250463102
0.6876738465317496 -0.03985863578264453 0.7249248029621929 2.8620389695488586 0.023497795777849433 0.9991906437965012 0.03264829158035301 0.16418141308971299 -0.7256393969388721 -0.005417241279448136 0.6880538635216795 4.995551520499848
0.6571147239121109 -0.04156061856145085 0.7526439759957558 3.193196128137158 0.02336292395247025 0.9991221058815285 0.034773428408063384 0.17823146733431883 -0.7534284394700675 -0.005266167833368439 0.6575088243316962 5.255322653597893
0.6246566350164943 -0.04157382847126172 0.7797920909550907 3.531975376583137 0.02220663842686787 0.9991236857959692 0.03547852436694497 0.1975585223258442 -0.7805837261560408 -0.004845334634435577 0.6250324545114692 5.507441146452716
0.5943075427234699 -0.04145521072102985 0.8031687308194129 3.8836083179797503 0.022837462905038724 0.9991378001478051 0.034671409026259425 0.21494922711181927 -0.8039135494255911 -0.002263143804581199 0.5947418626850374 5.744170973202094
0.5658965821987998 -0.040394778166839236 0.8234860776920087 4.269262955540125 0.023326351785585682 0.9991836499601456 0.03298355597409586 0.23428605246888146 -0.8241461882263924 0.0005436443442722871 0.5663768753071887 5.989902331473511
0.5400332084349257 -0.03927022718694326 0.8407270562103768 4.6728593033968115 0.025358675757637006 0.9992165579234612 0.030384337007895612 0.25617721964777795 -0.8412615950768816 0.004911173818569687 0.540605964654872 6.234510362548366
0.517158779998792 -0.03814063168252842 0.8550392321320812 5.094949388739669 0.02761885349475958 0.9992300001630621 0.02786764621854934 0.27804763355805595 -0.8554437416930445 0.009203205364704752 0.5178139683411591 6.481214529272504
0.49668597859986763 -0.03814603329786818 0.8670916438335281 5.579682820769726 0.029001888151738466 0.9992052465742525 0.027345304937442246 0.29938492809091116 -0.8674456346918382 0.011565265328801737 0.49739754270799175 6.753551212875561
0.47930495056964395 -0.03914842628227614 0.8767748656747937 6.107335897386447 0.031211358293497353 0.9991330616839833 0.027549522018806775 0.322232126754203 -0.8770932763810849 0.0141607121858675 0.4801112983022613 7.04094592860857
0.46648487564349106 -0.03937824835289829 0.8836522021432045 6.633761466940757 0.03154507980281666 0.9991136720158 0.027870743286443143 0.34253749239435705 -0.8839664975190582 0.014873599018473965 0.4673136070307894 7.3196768325095345
0.4562027031667829 -0.040517896911059524 0.8889529760641026 7.2074845326952595 0.031170619222305344 0.9990774407957311 0.029540815668336072 0.36040645329942544 -0.8893297960377906 0.014232614761782688 0.45704479710026724 7.62155475233096
0.44973941825300956 -0.040001731007375675 0.8922635917630273 7.735848215741375 0.02961526964747915 0.9991151263853991 0.029864695404362873 0.3777724335906465 -0.8926686907655896 0.012993296129228815 0.4505261177585008 7.892559344439956
0.4402378245982208 -0.040915905818001405 0.8969484636500129 8.334524776019126 0.03016360475935666 0.9990712630380238 0.030769600574737967 0.39627037360713224 -0.8973744005380071 0.013509256926272367 0.44106313066992175 8.192932770043193
0.43035177410302866 -0.041998461537641016 0.9016836916318535 8.985322906251021 0.03087746317270724 0.9990173477552091 0.031794986274037006 0.41133256112579986 -0.9021329906362999 0.014158676231179999 0.43122569391559534 8.511524834789626
0.4203861882548547 -0.04253369122519698 0.9063478018042045 9.605988828578157 0.03001439798545347 0.9990058731774814 0.03296060179166613 0.4298561688147692 -0.9068487132031035 0.013347301886807644 0.42124489420551764 8.80184158754687
0.40754238832204825 -0.04253198155767308 0.9121952818698082 10.284856851752783 0.03036040713301102 0.9989936250097986 0.03301488858833073 0.45640912182284066 -0.9126814599845221 0.01423965359690448 0.4084235361312586 9.1120910624379
0.39536159621914435 -0.0441440739647472 0.9174641731254936 10.99345763755842 0.030252073101827103 0.9989283772197424 0.03502726449744529 0.4779059407180577 -0.9180272437722599 0.013906758030799654 0.39627336747879083 9.425396789415919
0.38426830726136135 -0.04594885115705073 0.9220773129796845 11.707645525856204 0.02968373907904742 0.9988592358608183 0.037404579530177194 0.5027999063408534 -0.9227441377049085 0.012997307909313945 0.38519388146534134 9.72683660693674
0.37284033365498864 -0.0477244450306806 0.9266673960739906 12.473657680663793 0.02979938260321934 0.9987771571594906 0.039448537778641955 0.530878778128395 -0.9274168870559256 0.01290611029394755 0.3738065675193211 10.037330100650873
0.3595942701486734 -0.04997724621366165 0.9317694112478377 13.249081091502788 0.03009944835245927 0.9986662536327837 0.04194922006352902 0.5496246616620213 -0.9326231736800886 0.012961046098204866 0.36061895013839707 10.34092174033864
0.34497002562658224 -0.04906069438750338 0.9373306405348177 14.01812107095815 0.028635755230937244 0.9987182773357287 0.04173483003330451 0.5745602600420961 -0.9381767823505064 0.012443905406702552 0.3459327597621827 10.628839793016418
0.33101160257661516 -0.04692494334213977 0.9424592132564668 14.785271522686482 0.027535378643966282 0.9988177998949102 0.04006002416406121 0.6064870405248918 -0.9432248522396952 0.012690638495707557 0.3319123767080355 10.90855630919024
0.31471172878826636 -0.04589122450986256 0.9480772770592523 15.515658593918195 0.026789080980826357 0.9988621026555566 0.039456875430310415 0.6305503591575586 -0.9488091867721895 0.012980577471965392 0.31558300287751695 11.160559863023915
0.29369929319313526 -0.04414005118321106 0.9548782022118824 16.290138411364023 0.02506526230011802 0.9989454329384407 0.03846757904076849 0.6572155329989006 -0.9555691800197824 0.012636371827981194 0.2944959495533783 11.405205530024126
0.2712046936315382 -0.041919296882885926 0.9616084373075497 17.066626303942677 0.022213493733309397 0.9990576801379472 0.03728689385754012 0.6805301721634953 -0.9622653349510122 0.01124830237092285 0.27188030610065994 11.629919862993253
0.24442687174349864 -0.04082788803732172 0.9688078178504236 17.80738113574506 0.01888880418839864 0.9991240885508377 0.03733990832595047 0.70534930522258 -0.9694837375871861 0.009172744184265327 0.2449839654306184 11.827684353057652
0.2136045176295892 -0.03975145288467824 0.9761111268917019 18.582514029314304 0.016532421523064778 0.9991757991648051 0.03707292006245322 0.7277780109817918 -0.9767803177208346 0.008218537396066742 0.21408565238300126 12.012780886347986
0.1821273486952018 -0.03949805008478338 0.982481314273588 19.386943844026398 0.015040728081831775 0.9991878694646079 0.03738151967947194 0.7469668005265706 -0.983159908334359 0.007969037224050011 0.1825735169450841 12.171943648381886
0.14866948268356683 -0.03762878714020207 0.9881707642391361 20.176834581914797 0.013557896725127014 0.9992594120629612 0.03601125990542581 0.7664790324791726 -0.9887939969250378 0.00804374178742091 0.14906954706802422 12.296807630462984
0.11423442357427438 -0.036238896806442794 0.9927926464417962 20.987023424178556 0.013162942577356087 0.9993019568348431 0.03496192226921738 0.790570170227656 -0.9933666158137984 0.009074217558862115 0.11463169353340263 12.399530928319065
0.07980743289336445 -0.03433504494402291 0.9962187903988075 21.756151206178025 0.010962329930428383 0.9993763918888425 0.03356567678053435 0.8098287151960216 -0.9967500193014635 0.00824208856606115 0.08013405642173399 12.46694829211755
0.045149527047706584 -0.03239451526371793 0.99845486407158 22.552384005488626 0.00987899074174507 0.9994396937316268 0.03197974570813166 0.830956088378967 -0.9989313919130247 0.008419855964385402 0.045444254601061274 12.501066376145431
0.012651787440120132 -0.029615242560354253 0.9994813003166501 23.33577701581483 0.009866299104821171 0.9995163400740195 0.029491389709738757 0.8523796359702216 -0.9998712859246157 0.0094880626646783 0.012937861118705596 12.509444625263196
-0.019024516411340786 -0.025897045347625956 0.9994835720598804 24.12831429041797 0.010852842132134832 0.9996002495450855 0.02610664526625808 0.8711816345710457 -0.9997601130236043 0.011343903722541068 -0.018735854807404195 12.49115930600079
-0.04978067420030252 -0.023499101156885666 0.9984836887606037 24.856066883856187 0.012014569985213157 0.9996367454801688 0.024125239768483173 0.8869893009276808 -0.9986879064974372 0.013197322858627106 -0.04948025954996005 12.449877779872073
-0.07996252466144443 -0.0205576383673852 0.99658586090438 25.601471183818877 0.015600586975049277 0.9996390457296047 0.021872355585068927 0.9004973771347841 -0.9966757829584313 0.017296293174018096 -0.07961295062134438 12.384283744646714
-0.10706375375482291 -0.014050551369533251 0.9941528728712394 26.395343562598683 0.018164615686857358 0.9997056125724983 0.01608523944473923 0.912488901007267 -0.994086213247561 0.019780550984690153 -0.1067770126659604 12.299843797069354
-0.13252026550585205 -0.003952037208051564 0.9911724172070996 27.157008166917464 0.020602935624580036 0.9997650119037242 0.00674092106431662 0.9204505137344406 -0.9909661438585619 0.021314370153774485 -0.13240770125275947 12.196508503566964
-0.15300273410639226 0.007909491836453838 0.9881941121535069 27.92172321820375 0.019030970461277063 0.9998061114420842 -0.005055856639670337 0.9293107440998931 -0.9880425018789782 0.018032733069281784 -0.15312359393242253 12.07867175371546
-0.17522834867575848 0.019620100768628735 0.9843323003265695 28.707630181904666 0.01769262972979258 0.9997027095085271 -0.01677687260944956 0.9226848583805757 -0.9843688316244127 0.014475643237455572 -0.17552338613202118 11.947841763878298
-0.19906636084081208 0.029079858960903916 0.979554462898521 29.46925880040176 0.02055570839763329 0.9994636272777794 -0.025493540378220443 0.9093029987924679 -0.9797704051633053 0.01506052959090165 -0.19955734417598991 11.786801092850656
-0.22286881591661167 0.03355990595187168 0.9742706110749874 30.219422501714728 0.022995022182708855 0.9993101593678754 -0.029162207374756235 0.8884512443514819 -0.9745772005576286 0.015904027686504042 -0.2234867827335718 11.613073589320715
-0.2434965518996609 0.03404837142044997 0.9693039449092276 30.962093480832156 0.02613722553756807 0.9992510350888137 -0.028534440858941898 0.8669142596583221 -0.9695495215068564 0.018386877863009785 -0.24420411148929644 11.424972260613504
-0.26382913583416623 0.03138136568818453 0.9640588140629917 31.657799186192864 0.027579509134291032 0.9993074151346131 -0.02498120759471591 0.8441090730605355 -0.9641750659298908 0.01999749845663625 -0.264511894429283 11.234327958532877
-0.2823228169846236 0.030375999796643245 0.9588384252032359 32.378095949874364 0.032541349172879215 0.9992266018152348 -0.0220739398111693 0.8221821549394547 -0.9587673792969157 0.024969919125473777 -0.28309294504630766 11.020412194080567
-0.2965157604765347 0.031202939673364904 0.9545180880134032 33.11471731460566 0.033684420510170676 0.9991859454112969 -0.022199241145297807 0.7927846663526269 -0.9544337397661069 0.025569963791007618 -0.2973254334022071 10.79000182173517
-0.3051114767672165 0.03423010067992279 0.9517012592995613 33.825251552417114 0.03473959080144431 0.9990887163775538 -0.024797129632285957 0.7641090435640302 -0.9516827977723863 0.02549582347159113 -0.3060225733661308 10.562225951553309
-0.3114626786297344 0.037120692438141284 0.9495330715744995 34.56567733969519 0.03465592014086041 0.9990157023336124 -0.027687428375880934 0.7367288503675479 -0.949626224901135 0.024283341693270958 -0.31244255839470203 10.31922242072437
-0.32053873783588965 0.03868746283672209 0.946445031560646 35.33341063782737 0.0321017381649551 0.999035321203225 -0.02996506958372924 0.7083480216886606 -0.9466912886223068 0.020777565007149352 -0.32147145571420527 10.063797924349988
-0.33142028366507864 0.03840439009958761 0.9427012773919626 36.057432112643376 0.03210820101499044 0.9990515513591456 -0.02941192197844339 0.6796178886087555 -0.9429367205719269 0.02052073458635853 -0.3323390444246604 9.811405281903467
-0.3422748479192159 0.03940023627669843 0.9387734283964464 36.799137776004656 0.03293941552860932 0.9990094427344971 -0.029918693687107905 0.6488226807680164 -0.9390223231566495 0.02068223171347126 -0.34323362583645434 9.549499146564045
-0.3515180275383441 0.04102001414632976 0.9352820081424571 37.516866909761355 0.035417745544051624 0.9989070985864303 -0.03049904415250954 0.6189335722317852 -0.9355109083362572 0.02240461633402414 -0.3525866894124002 9.275819600875145
-0.35832660160446844 0.042975783192315466 0.9326066312447064 38.26816545439523 0.036397043916261716 0.9988235696099736 -0.032042658843296545 0.5876644161406817 -0.9328865428211249 0.022462387464320662 -0.35946924676897246 8.98692197208675
-0.3597378794343214 0.04493179861251003 0.9319709177724073 39.025947319265995 0.03674164606605943 0.9987472935002148 -0.03396903252011306 0.5559631491894058 -0.9323297214743583 0.02202219787943339 -0.3609381016962672 8.697597437240422
-0.3602403896043195 0.04645250088866818 0.931702220056879 39.74029230176889 0.04000271587377039 0.9986099455867754 -0.034321411653663834 0.5274669497134041 -0.9320014186794197 0.02490666048201033 -0.3615978620556036 8.422749405305165
-0.3564797609298105 0.04582444098044897 0.9331786006206176 40.53018927466451 0.03887808040469797 0.9986589301582068 -0.03418824475329647 0.4890613606973621 -0.9334938001462413 0.024092775350606943 -0.3577832629741562 8.126686304918076
-0.35114218448549955 0.045575037237790085 0.9352123193454659 41.320989317896434 0.03750387481740553 0.9986977401570452 -0.03458732685379748 0.4584993464486732 -0.935570748606663 0.02292901624547141 -0.3523941466108413 7.838998680391525
-0.34475269291792304 0.045700758067851774 0.9375804079852907 42.1049864630013 0.035993839020048254 0.9987231987496537 -0.03544595649519427 0.42463579201880924 -0.9380032112303451 0.02152702931860394 -0.3459574579775336 7.5618907718471995
-0.3392068191387472 0.04556919693648614 0.9396074617308748 42.94504320281597 0.03401285444602873 0.9987670525177021 -0.036159376896389275 0.3911881818670239 -0.9400967288434775 0.019693224613191437 -0.3403385334077349 7.266481922314237
-0.33417189556240395 0.04566639235546948 0.941405186317489 43.80709978242271 0.031158831282904552 0.9988148264878003 -0.03739076919814584 0.35164002820458784 -0.9419969593630935 0.01683814114983722 -0.3351987552979649 6.970664385981312
-0.33247720994209035 0.04476465033364479 0.9420483166746968 44.65940935353414 0.029069265774951343 0.9988847234656988 -0.03720600776970953 0.3145717710099316 -0.9426631862210534 0.015014503233905522 -0.33340768142952354 6.675560473863781
-0.33172956174701357 0.04428059699688604 0.9423347211011243 45.52449063096803 0.02700397966591565 0.9989341713675333 -0.03743402671985285 0.27469336896353724 -0.9429879548251595 0.01302881436889827 -0.33257174722276656 6.3778772278053015
-0.33204858717247676 0.044180030294853304 0.9422270749028113 46.369387709278406 0.02596777525054611 0.9989520749451998 -0.037688547480862984 0.23809331644263018 -0.9429047727131831 0.011953111972452315 -0.33284788223582673 6.08904623698409
-0.33350761988500466 0.04426381553831429 0.9417076946232465 47.26141518616348 0.02592305262849267 0.9989500194389218 -0.03777372109547113 0.19725638860970865 -0.9423909288724399 0.011814114311624354 -0.33430489658689155 5.774126628423277
-0.3347463192490841 0.04431032434748665 0.9412659012762605 48.14855602490653 0.024166588622521763 0.9989689377521178 -0.038432244284654346 0.15395012173643727 -0.9419983427498906 0.009882133505780882 -0.3354720043369251 5.462537613904277
-0.33575610945578016 0.044756360226855176 0.9408850637470881 49.00408462051727 0.024185674034142894 0.9989508471372519 -0.03888776382463933 0.11622883497145677 -0.9416384062550934 0.009699135168184698 -0.33648631271176077 5.160375992523302
-0.33674343257539446 0.044431920928163074 0.9405475346945388 49.90614908499766 0.02261704577541533 0.9989795155803141 -0.03909471436542854 0.07316727695490838 -0.9413247738468026 0.008107518335171432 -0.3374047099385416 4.839349463921411
-0.33844157256794516 0.044595160569430026 0.939930089746851 50.820437333756615 0.02117359714826697 0.9989843777241769 -0.03977300399570215 0.026344565053336953 -0.9407491593095045 0.006440863049777642 -0.3390420837324398 4.519237866998825
-0.339818971672587 0.045334708286932215 0.9393975892644841 51.74375360158869 0.022241505955367915 0.9989455772708358 -0.04016278207338382 -0.02119221731684507 -0.9402278351039299 0.007245541772396776 -0.3404689710094029 4.196383457996593
-0.33918151832325494 0.045756435671588686 0.9396074958314048 52.642574189111265 0.02149761630497786 0.9989325585329777 -0.040885156181224826 -0.06836798167748259 -0.9404752788463583 0.006331832072233375 -0.3398031162033004 3.8775585667302113
-0.338217315711209 0.04547008152969221 0.9399688925910195 53.47776772358397 0.020569116341047557 0.998950594545224 -0.040922134727943094 -0.11129098102846421 -0.9408432169102634 0.005493754947812953 -0.33879766801222316 3.5870118645780087
-0.3364906250249442 0.043438166887688416 0.9406844236659604 54.39811886615756 0.019362342863065908 0.9990434997516145 -0.03920695452211219 -0.16545363748372693 -0.941487737014761 0.005021081704495788 -0.33700983633915094 3.2650503883000783
-0.33422759675418245 0.04280416153789454 0.941519897465243 55.30020852597897 0.0193811314369473 0.9990690692364467 -0.03854045458014606 -0.21771528832986548 -0.9422930994717873 0.005366437371139076 -0.3347460470831497 2.9518408697871727
-0.33146638588361954 0.042967096156912944 0.942488123891805 56.20076694390249 0.02030072835964098 0.999055970915253 -0.03840634591639033 -0.27077247573319957 -0.9432485968488475 0.00640278270941318 -0.33202573532221336 2.6432130271243843
-0.32958590461414766 0.04299929740832632 0.9431459017045369 57.13198555374029 0.019733859977496698 0.9990578423880696 -0.03865232636315221 -0.3246315142601806 -0.9439193324908979 0.0058726472127464055 -0.3301239248595172 2.3264529274905366
-0.32726941392306835 0.0437075007814003 0.9439196920744346 58.0404377188101 0.019554096615635633 0.9990290264972177 -0.03947963426335209 -0.37951919433952996 -0.9447287272100906 0.0055370200889602005 -0.3278063046869853 2.017947021837948
-0.3285861200725092 0.045622885697321446 0.9433714613005548 58.92266414502522 0.016160522789026584 0.9989579883496904 -0.04268225644838129 -0.4312148056679998 -0.9443357449545582 0.0012205789565514838 -0.3289810191912762 1.7224710764430773
-0.3306297527457933 0.04778847141773561 0.9425498547020268 59.82138198476578 0.011861611346191115 0.9988486977873359 -0.046482051426494655 -0.4837876349825675 -0.943686001154795 -0.004188189119374828 -0.33081594625467026 1.4202617167271372
-0.3357160823965223 0.04843894557985947 0.940716950294531 60.68801680970683 0.008387836450707196 0.998791074032355 -0.04843588166814959 -0.53498195775897 -0.941925876181352 -0.008370124515574135 -0.33571652446012556 1.120045718212611
-0.34132191215337376 0.0481822298636465 0.9387107248824481 61.57219950031164 0.006532911864267618 0.9987827938502554 -0.0488902011782745 -0.5936310639342159 -0.9399237593265414 -0.010554782520031978 -0.34122122328398113 0.8057798100016208
-0.3453345311338244 0.04675776642270521 0.9373141271130727 62.47123888434601 0.00784084350913811 0.9988669594899994 -0.04693951866252162 -0.657005536873201 -0.9384468992860742 -0.00886050327937132 -0.34530987344990505 0.4820777222630364
-0.3516934867001463 0.04588059239328123 0.9349901938813774 63.3649542550548 0.004580908775677434 0.9988705960139026 -0.04729215255853729 -0.7129452959220149 -0.9361040042043849 -0.012349237242543679 -0.3515064574827103 0.1565983210556814
-0.35732513840160696 0.0480621514100874 0.9327426092272756 64.22643667381205 0.004392336668668097 0.998750512643727 -0.049780727922372627 -0.7722909650147957 -0.9339697280130986 -0.013690985929656417 -0.3570897703091094 -0.16912709483856736
-0.36290200848762766 0.05027659398625067 0.9304699867984928 65.03997480067356 0.0037280292892048032 0.9986137216509103 -0.052504635301437716 -0.8272005069036313 -0.931819850632763 -0.015585218242291362 -0.3625863579053624 -0.48416767966781454
-0.3683775998088957 0.052726649104790205 0.9281798556493335 65.87038020813041 0.0028594280202527377 0.998449942638338 -0.055583592155391326 -0.8853112991781225 -0.9296718601906988 -0.017821686779881774 -0.3679573614563048 -0.8130408625686458
-0.37315185161824144 0.05471951780734895 0.9261552083775209 66.69637458637617 0.0024904507389328645 0.9983146696309324 -0.057979462353487304 -0.9459996495843186 -0.9277669391010841 -0.019328599809963595 -0.3726592437339928 -1.1447166354709704
-0.3758374597347702 0.054608351237209 0.9250752033403925 67.54036204362382 0.0019010131872961092 0.9983055292144507 -0.05815889002308282 -1.0104680356812985 -0.926683651527843 -0.020099709326478598 -0.37530442533497305 -1.4778162128638634
-0.37785158054569795 0.05039744268831107 0.9244935266672215 68.4051721362214 0.0028581127601564615 0.9985761723080264 -0.05326780725824404 -1.0739804116053513 -0.9258617684463316 -0.017485018419481472 -0.3774576265758876 -1.8285289895908585
-0.37854751840719403 0.04615024571171442 0.9244305983298603 69.20909416778784 0.00509462741439657 0.9988449383022073 -0.04777901212423912 -1.1327963891247368 -0.9255678371028585 -0.013376997002619628 -0.3783453909748715 -2.15164399446896
-0.37817158719952304 0.04389336575325793 0.924694340351364 70.02859758905663 0.005719707622531784 0.998967016817988 -0.04507975437468717 -1.1938002764131916 -0.9257178487961147 -0.011758900995420398 -0.3780319995287087 -2.4864330477031076
-0.37660698348613003 0.04782882733937162 0.9251376023407645 70.87823290971377 0.004264225369213417 0.998745196391253 -0.04989838742282139 -1.2467580156529672 -0.926363317695319 -0.014847085934216252 -0.3763383685830925 -2.824108416240896
-0.375146816026181 0.05281435800740252 0.9254596209525755 71.68606601814035 0.004795101245731313 0.9984727831322469 -0.05503733594741558 -1.306593997676109 -0.9269530049735327 -0.0162094087619325 -0.37482713567473563 -3.149085602125695
-0.37392061554908823 0.05578597385168248 0.9257814528217827 72.5167231329071 0.0073421479108120545 0.9983361700483502 -0.057192520815639525 -1.3669545859328525 -0.927431650382629 -0.014588238228483971 -0.373708064100766 -3.4865470287137277
-0.37224691312084995 0.05773709253604137 0.9263361505509127 73.35398608941608 0.011368631785834474 0.9982719918310103 -0.05765227260972115 -1.4374696928232167 -0.9280641087141106 -0.010929705907849765 -0.3722600591595227 -3.82622630896109
-0.3692266376622421 0.05734426192495076 0.9275685018719201 74.15711140290014 0.011615398561601927 0.9983012643899389 -0.057093502552431 -1.5002116392063725 -0.9292667929915986 -0.010306364137364375 -0.36926549568214123 -4.140748161794227
-0.36669128782751803 0.05468026228339237 0.9287343906349199 74.99213860134176 0.009073829838484412 0.9984340152619485 -0.055201293281638815 -1.5606797976032074 -0.9302984279485045 -0.011814655497418884 -0.3666132142626869 -4.459676498177784
-0.3642276909864371 0.05128483210964413 0.9298967980986783 75.81348886619018 0.009248164607202937 0.9986325793446309 -0.05145330818215048 -1.618978856723983 -0.9312640122812041 -0.010140880976270684 -0.36420392908772753 -4.7677100444125795
-0.36271425800388607 0.049599024582067275 0.9305795526451235 76.62359368226407 0.0056793725590037585 0.9986817309643365 -0.051015144471156265 -1.6748757747611813 -0.9318830998403322 -0.013218812298553786 -0.3625177943679306 -5.065921985932948
-0.3606512758679573 0.04826561920198938 0.931451065390911 77.42462438236888 0.0016744860178268643 0.9986920589311653 -0.051101541311452454 -1.7248299663173878 -0.9326992298224496 -0.016870134287507436 -0.3602603853572174 -5.357942529435687
-0.3581605525972423 0.04786238043699312 0.9324324163724376 78.18870469604065 0.003254901742304382 0.9987431178493589 -0.05001589910408413 -1.7821817998157767 -0.9336543387024376 -0.014878746165134949 -0.35786617433709417 -5.650016697660014
-0.35590811278902246 0.049950280704078955 0.9331850752709993 78.9814751645643 0.0037551696688865738 0.9986388986571453 -0.052021618483110474 -1.8426156935124292 -0.9345134102578275 -0.015010647768439089 -0.35561125755782474 -5.946397080126921
-0.35260757248103547 0.051093440215415176 0.9343753850546285 79.8005446700214 0.0016322510669668673 0.9985403510910188 -0.05398613710462494 -1.9012917355415817 -0.935769862511871 -0.017510785532887155 -0.35217628654487154 -6.245147839551437
-0.3454170850496251 0.05205179033878685 0.9370046149717447 80.58651963601582 0.003143641406198369 0.9985191671906861 -0.0543101304687105 -1.9574322139378708 -0.9384440073198453 -0.01581404044974267 -0.34506921226056175 -6.535417437894677
-0.3364998217183745 0.05216089443910484 0.9402377949618996 81.38557625471593 0.005029983356015864 0.998550050496047 -0.05359567073729832 -2.011709631909145 -0.9416700957612176 -0.013305553188622171 -0.3362742823996571 -6.823138561202582
-0.32340283721848945 0.05146596934545043 0.9448607616354723 82.15704841072629 0.00012017118740333468 0.9985220624874305 -0.054347734862956604 -2.0613135675139285 -0.9462613753281475 -0.017462666611421818 -0.3229310527603398 -7.086971289654116
-0.3098839532438919 0.050520750214707456 0.9494311925145923 82.9669161238224 -0.004392469608713999 0.9985005340696895 -0.054565462274974164 -2.118491741458374 -0.9507642408781866 -0.021079308819034873 -0.3091973819537252 -7.3474362519949015
-0.2985039766805946 0.047570267213911374 0.9532221386345725 83.77117821493174 -0.006544282086102585 0.9986315832934078 -0.05188577089028404 -2.175928039573841 -0.9543859535208219 -0.021726263509830646 -0.2977841856043615 -7.598333210207852
-0.285817193813456 0.04707472588865205 0.9571272130198313 84.50901082819514 -0.009185553324091305 0.9986122192825679 -0.051858086251563525 -2.2309007144290414 -0.9582401355248754 -0.023613675742090605 -0.28498813481830393 -7.8167131580420115
-0.27272039556857935 0.04655724972322479 0.9609661848052342 85.2943978638327 -0.012086622957615527 0.9985838198845327 -0.0518099238592 -2.284500931391664 -0.9620174111659303 -0.02574445888001814 -0.2717714544439445 -8.036480018442251
-0.25879670336326466 0.04706371428255274 0.9647845734288236 86.0871224848628 -0.014178924284156371 0.9985195883321649 -0.052512758669759005 -2.341087303643353 -0.9658277405595943 -0.027269736245413706 -0.25774626486266483 -8.24700980272846
-0.24628784577820445 0.04946980702894492 0.9679333836656582 86.83818909953756 -0.015403708730800717 0.9983705675945445 -0.0549448406884936 -2.390990117399062 -0.969074312310087 -0.028442010362599905 -0.24512451788278072 -8.43533376904087
-0.23565910827036124 0.05422806121968296 0.9703216487668266 87.62171045006816 -0.017500025730523172 0.9980433091495593 -0.060027511702789554 -2.447473372202126 -0.971678204854184 -0.03112668369987119 -0.23424900378272479 -8.620611046958189
-0.22121692885714278 0.05748422365707368 0.9735289592084858 88.4275149024761 -0.022055838857752495 0.9977110177451036 -0.06392390039969931 -2.5039010099644443 -0.9749751844838385 -0.03561304677464922 -0.2194427044586626 -8.798156526055184
-0.2075305203793032 0.055508391685001726 0.9766523954630123 89.26166291952366 -0.02599793514811836 0.9977231564798077 -0.06223030123664461 -2.5634732341480855 -0.9778830147206413 -0.03830563243850349 -0.20561490229153234 -8.971194792031813
-0.1943187649760847 0.05337135342282546 0.9794854344052213 90.05101709456106 -0.029583709546865712 0.9977457087170833 -0.06023541206044765 -2.6269267135382166 -0.9804922343943454 -0.04068168347624139 -0.192301791260308 -9.115546434969803
-0.18492619529291543 0.053731245823537235 0.981282454503665 90.81025900565037 -0.03296970396574685 0.9976029859746107 -0.0608381541053967 -2.685904006140977 -0.9821992165110384 -0.04360316039912235 -0.18271142134062368 -9.245765677741652
-0.17845128305265823 0.05795878033767533 0.9822402554154607 91.6455646995786 -0.03695749531262466 0.9971644035334172 -0.06555376317238987 -2.753518960712931 -0.9832544345778856 -0.0479992927824312 -0.17580325587232182 -9.38974718994846
-0.17716253555884576 0.06429195351973227 0.9820794167005932 92.45746024954605 -0.04167397416925987 0.9964789843528479 -0.07275241315624255 -2.81609907177666 -0.9832988944727338 -0.05381615422652698 -0.17385944228878136 -9.522621188349254
-0.1748832057648549 0.06652076025710683 0.9823394794042558 93.23932605362666 -0.04352837419961374 0.9962172322049272 -0.07520975267538764 -2.8854738417809815 -0.9836265271844523 -0.05591256310321584 -0.1713261226616743 -9.649237642605659
-0.17112845715348207 0.06621933190540921 0.9830208803653513 94.04829822970484 -0.04602196723280161 0.9961124573255207 -0.07511292094530715 -2.954939356815491 -0.9841732721854888 -0.05809451301899586 -0.1674156440503513 -9.782415677959994
-0.168412463047667 0.06510146859878367 0.9835644570014208 94.83465526691965 -0.048700536150520515 0.9960485570191198 -0.07426661321738837 -3.0237125549835135 -0.984512823719869 -0.06040753964871357 -0.16457651437771748 -9.906151280200483
-0.16450340489689463 0.06340591583459743 0.9843364869873028 95.60894323466488 -0.05001834251057092 0.9961116916659306 -0.07252353506919967 -3.0889043414758293 -0.9851075043820465 -0.06116524800582573 -0.16069230612123986 -10.026508862047113
-0.16098440176089707 0.06083422501309803 0.9850803111709936 96.37927333542473 -0.04891418635291388 0.9963802353748084 -0.06952574291493588 -3.1562906885621183 -0.9857440969963343 -0.05937696204334725 -0.15742601949926965 -10.143324276218687
-0.15687066505067399 0.05876721878825932 0.9858691639575974 97.13630331449757 -0.05007245460443419 0.9964710132016754 -0.0673666767676234 -3.2217103361539468 -0.9863489969257566 -0.059932744344969174 -0.15337445164966185 -10.25470395015612
-0.15348885976780852 0.05879585955989425 0.9863996232895629 97.92563820983385 -0.05325479575648394 0.9962853255129569 -0.06767183237120757 -3.288466326733592 -0.9867142933271584 -0.06291738286161329 -0.14978753712419451 -10.366872262009151
-0.1515407674028556 0.058289690870500746 0.9867308182848934 98.71480881508859 -0.06208769800217763 0.9957271260895583 -0.06835647830468888 -3.35473584980799 -0.9864991199041914 -0.07162263823436327 -0.1472741800880436 -10.476360413156316
-0.14767821120424796 0.058637467643963034 0.9872956970046092 99.50293847908429 -0.06632800163126916 0.9954064576375106 -0.06904042506492504 -3.4189589640623432 -0.9868088680869849 -0.07568111707583579 -0.14311053903552218 -10.582678319226265
-0.14459125664409017 0.060294262100803554 0.9876527580378657 100.37707565420045 -0.07008882066970369 0.9950105213145195 -0.0710043638837699 -3.493039537252355 -0.9870060413792884 -0.07949002724322277 -0.13964386792716238 -10.699817141671945
-0.13998046399040653 0.05857433740187597 0.9884202126114996 101.21720840211995 -0.07332128901354105 0.9948948191046093 -0.06934181636069116 -3.562396652144924 -0.9874357995730272 -0.08217874370382057 -0.13497109247849526 -10.807653077395454
-0.1343932077268184 0.05507164950072588 0.9893965732395507 102.07932956955624 -0.07526603333359488 0.9950028638863124 -0.06560735541280739 -3.632005099673397 -0.9880655291746203 -0.0832851384059932 -0.1295766019679947 -10.914348393524307
-0.12772672531073032 0.05314643030024849 0.9903844408045487 102.88892238607023 -0.07491050363563681 0.9951940313181002 -0.06306549352763348 -3.6957091650354044 -0.988976390055118 -0.08224534622195694 -0.12313164880881738 -11.010934613838671
-0.12286522509835751 0.05564949564270011 0.9908618824519608 103.68194922991745 -0.07896105646602225 0.9947131905984601 -0.0656568352207265 -3.758282427101276 -0.9892771543017154 -0.08630644288895868 -0.11782151710343625 -11.097743718855797
-0.11796010717056993 0.05723009462794271 0.9913678073173369 104.52107750929521 -0.08040819157132298 0.994509094194711 -0.06697898395948516 -3.824239955139037 -0.9897575136590462 -0.0876149406944516 -0.112710630920826 -11.186802697547899
-0.11353058412892042 0.0580805278419618 0.991835399021907 105.35840230881223 -0.08092003904759262 0.9944326788004385 -0.06749514511666985 -3.888895953710598 -0.9902336864336027 -0.0879221224685991 -0.10819864432022447 -11.269886243290614
-0.10722745974704262 0.057185645954324786 0.9925885722558886 106.18914047215483 -0.08309027131556826 0.99433661098117 -0.06626243939961209 -3.9565033363774478 -0.9907564174351343 -0.08957960682693707 -0.10186861809129333 -11.348226024999727
-0.10123093894895152 0.05607785355898265 0.9932812146314514 107.00398590506776 -0.08314888580813906 0.9944399670275811 -0.06461744940067549 -4.021845800890317 -0.991382146192062 -0.08913151136607694 -0.096005280548625 -11.424931650916225
-0.09411858519057775 0.05544169676587839 0.9940160512695178 107.77305311054783 -0.08451564680618444 0.9943989362812704 -0.06346543128042287 -4.084039546998379 -0.9919671352250821 -0.0899831861093959 -0.08890573013560804 -11.493261058133177
-0.08839796023829283 0.05586276676223743 0.9945175473139612 108.5817781007018 -0.08636652124776895 0.9942361726183983 -0.06352367326184259 -4.147393174888233 -0.9923339279865765 -0.09150838402456095 -0.08306377682206356 -11.558857503866049
-0.0814351833774758 0.05539124439381587 0.9951382421316055 109.39065745156717 -0.09351186239743242 0.9936255055401576 -0.06295940224486128 -4.207420007714395 -0.9922821385569938 -0.09818434083178 -0.07573633682842273 -11.610979239171948
-0.07656617581244901 0.054724417217909146 0.9955615796532216 110.17461155130503 -0.09846840446571196 0.9931964515111671 -0.062167371084865815 -4.264505109431266 -0.9921903013250204 -0.10279127816009812 -0.07065662807394096 -11.65833966406156
-0.07418614340561047 0.055053428454602454 0.9957236243767628 110.96961182205284 -0.10073741705043002 0.992953926590129 -0.06240570867518968 -4.326345552478564 -0.9921433308411695 -0.10493626486891403 -0.06811748221089198 -11.70808703796401
-0.07038405475069925 0.05442082205894353 0.9960343663565426 111.77770713754275 -0.10360106840363811 0.9927120233408713 -0.06156019282050669 -4.3861662331627 -0.9921254474422453 -0.10752308050322067 -0.0642330420937906 -11.756331476941824
-0.0661931552093718 0.05502536352088827 0.996288449984653 112.56132385096045 -0.10609091033632015 0.9924303219503801 -0.06186093126906852 -4.446997212397195 -0.9921507874045353 -0.10979191884132292 -0.05985440342783038 -11.797169528313436
-0.06386933342123752 0.05367273580340923 0.9965138963806298 113.37697603826231 -0.1064374558186505 0.9924906253368577 -0.060277911520775856 -4.508308274876279 -0.9922659805955155 -0.1099163138475408 -0.05767692522135076 -11.840303150695059
-0.059296136557041745 0.051524470662786793 0.9969098239621919 114.1788237789303 -0.10919348423790026 0.9923396082610754 -0.057783084689577206 -4.57021118625305 -0.9922503470341526 -0.11228237082986378 -0.05321576844722681 -11.875583041895927
-0.05646588788538015 0.050687499634710295 0.9971170346985838 114.98554387604057 -0.11158483782616348 0.9921330102817532 -0.056753095744419974 -4.62778421941668 -0.9921493977585354 -0.11446775655199917 -0.05036571489940128 -11.906222354813893
