1.0 0.0 0.0 0.0 0.0 1.0 0.0 0.0 0.0 0.0 1.0 0.0
0.9997897685267362 -0.0038250332223504777 0.020144177076852062 0.020052460953593254 0.003843872218057514 0.999992210372917 -0.0008965711679893903 0.0056782858446240425 -0.020140590746720973 0.0009738143231332005 0.9997966834762143 0.24023082852363586
0.9990597895846967 -0.007214194016189184 0.04274917823395684 0.044312560140195335 0.007254860565303419 0.9999733661641584 -0.0007962163651904321 0.011450092224702448 -0.042742295600024044 0.0011056070816397058 0.9990855187619434 0.5109525771911481
0.9977162472016506 -0.011486334794879977 0.06656090581441078 0.08470886293916333 0.011562741849963249 0.9999328583241158 -0.0007627874376633197 0.010877744138275637 -0.0665476751717597 0.0015306719909497597 0.997782072384792 0.7725157383766035
0.9952312610131147 -0.016630993232571202 0.09611528060794511 0.1353378766363406 0.01666695116947739 0.9998610047902287 0.00042876402455966663 0.009142860337452215 -0.09610905181594559 0.001175229327693663 0.9953701165873262 1.0783113718057913
0.991349267841302 -0.022197242786557447 0.12935962106928614 0.19768773055688799 0.02214336084955171 0.9997530848566633 0.0018549635770482211 0.011881062078344315 -0.1293688552967878 0.0010255399847194386 0.9915960102516239 1.417351065820914
0.9858751027170779 -0.028091029000264525 0.16510958764498654 0.2870418623601702 0.028052001172088354 0.9996031648446512 0.0025686694607160773 0.015157810125054232 -0.16511622292443692 0.002099267077710503 0.9862718823959772 1.7595823904260768
0.9783999042032955 -0.03313113619464901 0.20404890411230844 0.3895385902803419 0.03304450816625523 0.9994465323324357 0.0038326868799845367 0.019549897470282105 -0.20406295091229257 0.0029927952020365094 0.9789531935909123 2.1139758381765743
0.9679961755293786 -0.03793389814007267 0.24808148567032412 0.5072134943592674 0.037333586039966005 0.9992774538050888 0.007125564554133846 0.02373901447267445 -0.24817253577681214 0.002364252253306375 0.9687129620261049 2.4826323071306717
0.956311378044082 -0.043826582657559114 0.2890463265222185 0.6492031544888682 0.04250193539390173 0.99903734962143 0.010860918430832815 0.028020153043676027 -0.2892440729059136 0.001898608424277858 0.9572534991186241 2.8882257918276357
0.9437188634064843 -0.04970675536833556 0.32699227104249157 0.7940814041723055 0.04725099792117797 0.9987634800892677 0.015454903281098623 0.028321026376635437 -0.3273561516853268 0.000865627360774497 0.9449006300363261 3.233368590112751
0.9298005960176512 -0.055037382777299124 0.3639254568483026 0.9775021562059593 0.05140759796873193 0.9984842029582163 0.019661009993916314 0.0269592976662775 -0.36445591025020563 0.00042771476559225197 0.9312205466718255 3.6375162725613266
0.9122790535478308 -0.060476943648792095 0.4050795819894841 1.1729804371217822 0.05528294483723312 0.9981695941527674 0.024520548913582317 0.038135745179623766 -0.4058210498089001 2.4409030457930858e-05 0.9139525561735695 4.025946424592879
0.8931647301549116 -0.06617677452458803 0.44483412562530084 1.3927416325661408 0.059263298651143846 0.9978079128499854 0.02944877734204878 0.045720562467717316 -0.44580783555281916 5.9728369049568894e-05 0.8951286891795127 4.408242416704448
0.8722160644117423 -0.07193394995413917 0.48380227761564665 1.6289480753226606 0.06289321644464228 0.9974093975224013 0.034913279124828334 0.061919961695014084 -0.48506038830988785 -2.4041551474635742e-05 0.8744806567984594 4.780202049251949
0.8498597923832012 -0.0768940930140684 0.5213689976877472 1.871903651816609 0.06591681820531424 0.9970390118174242 0.039600277673548165 0.08386909524576029 -0.5228702576816452 0.0007123016765113767 0.852411981531379 5.129081721732203
0.8243582419765554 -0.08255687430145855 0.5600159385150537 2.1506096721819747 0.06975040463458732 0.9965829860653875 0.04424062542852901 0.0972622499720804 -0.5617547240020636 0.0025912141110377047 0.8272997737645023 5.47730551294293
0.795216080510981 -0.08850079035940912 0.5998324727809532 2.46190128897375 0.07350174554904511 0.9960649666325645 0.04951843746032101 0.11325470782380045 -0.60185453283829 0.004710876036175531 0.7985918412737357 5.838160752001552
0.7614886654038343 -0.09281332109164313 0.6414987918066773 2.8006687574656577 0.07554939973929257 0.9956584958068555 0.054373228032393486 0.14057185494541316 -0.6437602819843112 0.007060251806390232 0.7651946498662353 6.193965348429803
0.7261850677581017 -0.09639903725995193 0.680707332838802 3.162583764792221 0.07586361963939768 0.9953101704727877 0.06001979480670523 0.1670875963817892 -0.683300781925771 0.008055443425697157 0.7300925634814022 6.537661138008296
0.6918814730361461 -0.09942681476103055 0.7151323903836326 3.538644348579512 0.07531227518764685 0.9950080810568079 0.06547503217035469 0.19538244027421917 -0.7180724813522608 0.008557285675057803 0.6959157164387673 6.8645836646847425
0.6567771119495937 -0.10363667058582364 0.7469292240427043 3.924272939884496 0.07717865513378576 0.9945477278545378 0.0701303943459357 0.2268162008735572 -0.7501248432167082 0.011586955133328313 0.6611947232546909 7.174665633376013
0.6216897783421623 -0.1089756496337676 0.7756456196561492 4.337482260001435 0.08051222554723253 0.993919584860361 0.07511085386573342 0.25820713199418344 -0.7791146263819624 0.015753304983600457 0.6266835184842419 7.481001994662832
0.5875604240006431 -0.11275590477067939 0.8012857505831051 4.777585228124406 0.08276476680965898 0.99342462955022 0.07910435372311103 0.2967022034662922 -0.8049364829122404 0.019839640681065286 0.5930292127159664 7.775023247525086
0.5553890083498262 -0.11641788469061976 0.8234014364381195 5.21809967511503 0.08599870584522537 0.9928840694082736 0.08237382659688246 0.33785652470126526 -0.8271319556135788 0.025061940057154782 0.5614486861356329 8.041821774098164
0.5252087018776511 -0.1183439391676171 0.8427042966155353 5.696832519355444 0.08927526853451645 0.9924807110977318 0.08373747385150136 0.38474028436655866 -0.8462775820616323 0.03125300243548193 0.5318246928628692 8.31827833454478
0.49829468467388727 -0.11897443498830297 0.858805851776154 6.208776843624035 0.09248967776335977 0.9921820979269915 0.08378749346068218 0.4353731801332112 -0.8620603614208121 0.03767981385845817 0.5054029727797521 8.60665605994863
0.47143196089165834 -0.12110701129931777 0.8735473645223786 6.732936925734105 0.09666822104510751 0.9916537620525909 0.08531161261468342 0.4904053151815339 -0.876588364792632 0.04422564890525063 0.47920447690843765 8.870915024804537
0.4505292158286363 -0.12315190652001769 0.8842267998682912 7.3142437760607555 0.10230040461185556 0.9910373810262553 0.08590422937709123 0.5504243799333494 -0.8868810816006197 0.051754394297548204 0.4590897839963434 9.158671122893928
0.43447844653733114 -0.12593344026451905 0.8918347650308606 7.938089681816493 0.10762527086624099 0.9903414078769539 0.08741108004859022 0.6095297377725748 -0.8942288748220312 0.05800572788471498 0.44383561705555885 9.45103473475877
0.4194800577910543 -0.1289355802946505 0.8985611260508078 8.576527673889892 0.11233522019478703 0.9896260441161635 0.08956054438636651 0.6668401934622771 -0.9007870333321871 0.06337119961840199 0.4296123969807228 9.7412776081682
0.4073885992705674 -0.13213388980269483 0.9036454859899288 9.237894064930398 0.11674936693771817 0.9888943099211538 0.09196536916256713 0.7274449772007923 -0.9057616212359669 0.06803439550091199 0.41829081573089605 10.035910450902017
0.3986556733997726 -0.1350247231622538 0.9071063764526909 9.850015687499882 0.12033749599429269 0.9882519742255835 0.09421742140952787 0.7835298692896917 -0.9091713486048699 0.07159860036476755 0.41022079335622286 10.302607591590784
0.3889349472459834 -0.13753625679331405 0.9109409338030914 10.564210140226477 0.12377119403705199 0.9876299120421588 0.0962696648287535 0.8447469555186948 -0.9129130836708426 0.075305610062476 0.4011468144653672 10.606306728185311
0.37463515253109186 -0.1393476724386875 0.9166410031598664 11.292103119971769 0.12488164939685803 0.9872164261816464 0.09903686950352678 0.9140269145119304 -0.9187236124819729 0.07736894766673907 0.38724794357751674 10.911609228932754
0.3651905616063524 -0.14120962707708443 0.920160689735433 12.013842507778328 0.12781318860082772 0.9866737871483549 0.10069074721150967 0.9807245360059024 -0.9221169353901523 0.08083736125748814 0.3783724071488303 11.19563508912298
0.35111589718059405 -0.14262275003923439 0.925406061098755 12.777678277301 0.12988033125816797 0.9861953286185842 0.1027125764604876 1.0616942226687989 -0.9272802846493261 0.08412802732816825 0.3647927476232716 11.491750495398737
0.3368690828701152 -0.1452654588407734 0.930278005476872 13.565818149801787 0.1319301793847808 0.9855618238622769 0.10612407414324998 1.140053175866784 -0.9322626501012186 0.08698182461320306 0.35117020575955893 11.785513732976664
0.32295945191658637 -0.14852901316592307 0.9346851473441178 14.324898830223145 0.1325546156496988 0.9849723968583917 0.11071879378405278 1.2191007641219458 -0.9370840230671413 0.08813914950231841 0.3377943516953905 12.059511737683765
0.30941742349241375 -0.15254649826855166 0.9386109012286824 15.139700625652036 0.1364962866642176 0.9839524383904488 0.11491893974611074 1.3018621007426086 -0.9410789668068223 0.0925589803935483 0.3252740588831373 12.335168709414699
0.2983667996704756 -0.1548037774369064 0.9418136988522005 15.94661061974036 0.13859681748410438 0.9833274990208567 0.11771980229623757 1.3882583754642832 -0.9443347791104998 0.09540870065487816 0.3148475897980985 12.59891499186686
0.28284438890424907 -0.15513239695865497 0.9465373690875837 16.753826148108992 0.13985021081463986 0.9829581283173807 0.11931151038308498 1.4757758252490252 -0.9489156812912741 0.0986268593672865 0.2997194895412422 12.849164406189354
0.26383907582438154 -0.15634765832769928 0.9518110903974495 17.59667845335851 0.14017173273652325 0.9825155410070003 0.12253610497058687 1.5708495877493525 -0.9543274214910611 0.10108719708829098 0.2811415144994706 13.095634582319091
0.24588873434701553 -0.1566060715503072 0.9565632591077305 18.41304173115274 0.14232879977462187 0.9819983931728411 0.1241840108897834 1.6618517773577537 -0.9587915535067769 0.10561105131347906 0.26375189622924655 13.3138601490033
0.2294478010846796 -0.15538768358512012 0.9608373298157479 19.255166674426007 0.14232511073404636 0.981919573227088 0.12480991374115635 1.7612175534844046 -0.9628589042180308 0.10811391910195484 0.24741485619192155 13.52501198441435
0.20810127398871225 -0.1553814720992592 0.9656865215444099 20.067976940690617 0.14279445164320095 0.9815495391275585 0.12716228536164 1.8616028509200788 -0.9676278232586084 0.11143204371609068 0.22644932167940535 13.712703265435897
0.1814225112262171 -0.15583164801273766 0.9709801078796659 20.872308625592826 0.1428965382044887 0.9810631538258142 0.13075040181399153 1.9527756523553104 -0.9729678575315562 0.11502862984049395 0.20025474408231225 13.880460711046089
0.15366305270559322 -0.15554629100602668 0.9758037802691004 21.708402492170787 0.14283384216645134 0.98065728496825 0.1338274372864928 2.0506119464103367 -0.9777454473252063 0.11881347058717442 0.17290806644533185 14.029211248544579
0.12480088084354563 -0.15648245327782098 0.9797642481519879 22.515759915571174 0.14141151220815076 0.9802087875627414 0.13854066911843949 2.1544764964100303 -0.9820527095607849 0.12125994640001901 0.14445934045047198 14.154145209233043
0.09232048453482539 -0.15600523309129466 0.9834324050911615 23.362605182769975 0.14008585741649193 0.9798622433093216 0.14228821697073465 2.2694843143869248 -0.9858259890503708 0.12462885454402357 0.11231548391875118 14.2551393168169
0.05778983982730451 -0.15510678968985483 0.9862059714911697 24.219893873838622 0.13894919539430398 0.9794916015737571 0.14590861367908334 2.3879737442991487 -0.9886118831533486 0.12860049081781763 0.07815662639473625 14.32974938589495
0.02901638771355214 -0.1527552263297244 0.9878379877657125 25.073054639412746 0.13582330199137901 0.9796908095988153 0.14750575657843598 2.5130097684893284 -0.9903080732177315 0.12989133310799775 0.04917480760726661 14.382240416123503
0.0009066559313128386 -0.15059798263448576 0.9885946720478749 25.93121326274254 0.13476922830775734 0.979594532461465 0.14910334360079064 2.6342964286535118 -0.9908765983089689 0.1330969556301983 0.02118412909749251 14.400843297290223
-0.025711020049936306 -0.14723825995556078 0.988766827039242 26.76666684559865 0.1355623851458384 0.9794436955603392 0.14937498773448274 2.7581075174811573 -0.9904351483976945 0.1378801727311226 -0.005222526790036819 14.399538514021513
-0.054152249336960834 -0.14352762972448965 0.9881636268338447 27.616933807484944 0.1357797507554264 0.9793654033822723 0.14969056731362199 2.884608672071888 -0.9892580013204555 0.14227869188163592 -0.03354669372544161 14.372627755997142
-0.08051371715541344 -0.14128223928258965 0.986689855128305 28.4279787225178 0.1369778845942906 0.9789433660473191 0.1513504053645648 3.006361741010993 -0.9872966122102778 0.147340472835002 -0.05946582701742875 14.32112259447391
-0.10711142476662983 -0.1386917487493609 0.9845261507513686 29.215198457893752 0.1400748378745878 0.9782412878719986 0.1530458182928939 3.1218032747040674 -0.9843303218324987 0.15430029660171654 -0.08535359388890296 14.24961435801335
-0.13460646688548367 -0.13202784263874337 0.9820640243083781 30.07507277960691 0.13971481428165014 0.978653891615715 0.15071937863347423 3.2545598714108 -0.9809999336100138 0.15749669581796244 -0.11328689713984158 14.145285623807293
-0.15993432193329377 -0.12301084571531662 0.9794331751090221 30.91116593444715 0.13927802246787885 0.979467290856731 0.1457582196626083 3.3778315482438845 -0.9772526004698964 0.15972525779656363 -0.13951772968568082 14.030584702518498
-0.1812999387795377 -0.11300039653025543 0.9769141428920668 31.74282069962743 0.13992765133660853 0.9803054375900144 0.13936104700694307 3.4995381423090017 -0.9734220999083373 0.1619634508630139 -0.16191743573373335 13.891296808182421
-0.20616483321924972 -0.10303618364285583 0.9730773897301258 32.6060084156622 0.13826360360532072 0.9813959784344186 0.1332107707012517 3.6228708067016853 -0.9686997664197871 0.1620045628155775 -0.18808318416377345 13.732519958193606
-0.22973217462497297 -0.09714380924922823 0.9683936225867199 33.43542340999416 0.14099513904857913 0.9811876549588627 0.1318755342017606 3.7322672539195385 -0.9629867593621174 0.16683484672237228 -0.21171356879607361 13.54628736010708
-0.2527502634726098 -0.09356103770259139 0.9629972152288608 34.240871975188476 0.14401267868058784 0.9805882219883604 0.13306797990857208 3.8420826705722946 -0.9567537053462445 0.17231677550871435 -0.23436995580601044 13.345899879528076
-0.27791030226398583 -0.09196838778878427 0.9561943733065323 35.04335187675199 0.1471354627537578 0.9795851736189701 0.13698190838986657 3.9525445187497135 -0.9492718364598087 0.17875878516432148 -0.25870500039774724 13.121096800497716
-0.2996653529938273 -0.09403518423228875 0.949398788887728 35.82006270125268 0.14973470186791016 0.9781622918705872 0.14414593237066453 4.059926048166423 -0.9422208845443902 0.1853534863143384 -0.27904101820253485 12.888853005583329
-0.31910335366740383 -0.09570636437605134 0.9428750402339295 36.607940329533065 0.1528177977493579 0.9766724935817768 0.1508560935852132 4.1751713727196265 -0.9353180049423041 0.1922267725855916 -0.2970338323021052 12.630946586062864
-0.3366662394183715 -0.09599016779678922 0.9367185975106058 37.39272746639117 0.15208515828199684 0.9761861439624847 0.15469556220524014 4.287705749816169 -0.9292609686553246 0.19454176935043951 -0.3140502381972805 12.363891885531888
-0.3490694350789879 -0.0922686519683385 0.9325433101779146 38.16216411906612 0.15486877187107875 0.9757767359318777 0.15451674703175244 4.408704029611223 -0.9242111192756666 0.19835891076046075 -0.3263243011624227 12.096468544204345
-0.3607006375875381 -0.08948859886830654 0.9283786084979183 38.97037036005792 0.15664908729490076 0.975433816065426 0.15488684232598782 4.539757215854167 -0.9194324953435234 0.20129744446621317 -0.33782129204322486 11.798177123602352
-0.3743831503810897 -0.08796055411893497 0.9230927351191865 39.815131495399015 0.15573118336576489 0.9753867260886678 0.15610423792302705 4.67282259817333 -0.9141034160521605 0.20219712037791346 -0.3514701541705223 11.477240877377165
-0.3897251730022335 -0.08735960104592397 0.9167783754176778 40.629157845951745 0.15706856325583962 0.9745997308958783 0.1596396910997657 4.803827064200631 -0.907438017698799 0.20621266848275668 -0.3661046017084397 11.14248141584257
-0.40124859606959434 -0.08562513639110365 0.9119582776477139 41.446926347827976 0.15851892944797769 0.9741068923099248 0.16120642468886975 4.940591115177632 -0.9021481658568326 0.20924650145774493 -0.3772858180065179 10.790520112794601
-0.4133245172695318 -0.08240875706761383 0.9068470875414884 42.200706611112516 0.16158194679933216 0.9734538336596597 0.1621077055597599 5.067579704624811 -0.8961328684366211 0.21353320700041722 -0.3890365684812557 10.458313222710217
-0.42297605458749 -0.07816032589612307 0.9027636571669313 43.012714024948345 0.16489938562575254 0.9729980599960706 0.1615022224742821 5.207263264482147 -0.8910103533999199 0.21717674530136738 -0.39866629081784055 10.084484346681299
-0.42916165445416204 -0.07486701567578427 0.9001195500098688 43.7743194318333 0.16833548749732785 0.9724688857671884 0.16114412761177707 5.333861070689985 -0.8874026357833312 0.22067894366822946 -0.4047435803397887 9.732243228183961
-0.432137784315956 -0.07217357455290405 0.898914851642108 44.49535911446351 0.17425264907448557 0.9713243164121019 0.161756256871527 5.460116229355899 -0.8848123810486722 0.22653928463473977 -0.4071695013875179 9.390515060019796
-0.4329313038147058 -0.0694030579097265 0.8987511901133028 45.26606791740588 0.1792083904844046 0.970503282951226 0.1612691246360626 5.593919952910544 -0.8834335509574492 0.23088220661989498 -0.4077236413418286 9.033926558181927
-0.4302523071030616 -0.0666846963899008 0.900242247120118 46.042883606454744 0.18408608714292776 0.9698299006841222 0.15981951151042909 5.721095781507327 -0.8837393647184103 0.23448478630054556 -0.4049958274361457 8.670437889995318
-0.42599910640695154 -0.06450203548729684 0.9024213255228815 46.81529153759656 0.18897949739776476 0.9691084812076902 0.15847870902620326 5.84934396656794 -0.8847663595004995 0.23805091696802866 -0.40064978475835195 8.324063007574688
-0.42313703002706227 -0.06325816908092032 0.9038547769771464 47.637570175138194 0.1919743424978651 0.9686523997604529 0.15766540603705176 5.985424646541508 -0.8854947236671654 0.24023099817227106 -0.39772875414629616 7.961818733667693
-0.42042116492131343 -0.061544290903323126 0.9052393851039697 48.52705463077355 0.19411935264177294 0.9684945678919349 0.15599983619784247 6.131497415687252 -0.8863203264148607 0.2413101162840502 -0.3952286765441413 7.577834227892409
-0.4216004704165696 -0.06045601556604867 0.904764120379674 49.416310628493314 0.19509219858854332 0.9683611051939198 0.15561427954239576 6.271271419979753 -0.8855462028569802 0.24211947490750968 -0.39646700048818223 7.19363673979397
-0.4250274990288651 -0.058533656331141826 0.9032859105210131 50.29350245943284 0.19880041611424815 0.9675061624329195 0.15623770417900695 6.417899980402452 -0.8830798489502916 0.24597893554292993 -0.39958020927855936 6.799509452889178
-0.43108737363405303 -0.057606321785205125 0.900469426456931 51.1389996455732 0.201467362307372 0.966620820404595 0.15828800170972665 6.558701744987354 -0.8795308853122811 0.24965115912153849 -0.40509223706591535 6.413028814505049
-0.43360800611510547 -0.055048380954996326 0.8994185748510626 52.03793979344934 0.2067135147061092 0.9654374534399486 0.1587452245997793 6.7054085270730885 -0.8770710460793527 0.25475517511842777 -0.40724216490885284 5.993111666986481
-0.43510223981296237 -0.053003137398032585 0.8988196194652789 52.929809491944205 0.2103767102692572 0.9646492269030227 0.1587246320256746 6.855169147916292 -0.8754585545221591 0.25815215757643023 -0.4085704135796001 5.571806882112802
-0.4387901441632609 -0.05086680356683325 0.897148693183063 53.76952595139897 0.2130098864527834 0.9640518726829665 0.1588419813835038 6.9912295666815645 -0.8729776616034095 0.26079983717663296 -0.41218132814343345 5.177233309145874
-0.44387180556528005 -0.04857809646600211 0.8947725905323419 54.672173799002344 0.21660887061823955 0.9631008771686416 0.15974134582657099 7.140366809790418 -0.8695161973153284 0.264720359890835 -0.41697087867806537 4.753144824844647
-0.4466476320847453 -0.0464931706522935 0.8935011347702849 55.5557759685636 0.21951408636791211 0.9624311873360127 0.15981168771104923 7.287215244531312 -0.8673635100920208 0.26751559716339873 -0.41966170499005423 4.337557922089506
-0.45111752493655377 -0.04421807034020511 0.8913684653107865 56.437066128291015 0.22436166268427646 0.9610767421294412 0.16122450203181593 7.4327904328561205 -0.8638025370492177 0.272720109257181 -0.4236377214013012 3.9129966026117105
-0.45288045185539333 -0.042152522444575874 0.8905742311446108 57.30801719191819 0.22856058461421266 0.9600122100787836 0.1616682271210375 7.5767979924091255 -0.8617768594526454 0.27676654666200096 -0.42513635831427826 3.490020043694215
-0.4540305781082387 -0.041152997113770906 0.8900352043437678 58.13886780929972 0.23196481316541767 0.9590252279111158 0.16267433012975702 7.715692975736123 -0.8602607509330129 0.2803159700384305 -0.4258807313621766 3.088133448835764
-0.457115783814641 -0.040494992951657316 0.8884848427144787 58.99000008030515 0.23582578223539358 0.9576889615171587 0.16497894841843141 7.85741338871373 -0.8575729476963412 0.284942114356639 -0.4282249769051042 2.670777355026136
-0.45742197580236427 -0.03814355740547244 0.8884313170310447 59.859684144148225 0.24227300428371779 0.9559397779112138 0.16577977078763562 8.005000736298761 -0.8556102660957283 0.29107423457859466 -0.4280267077135284 2.2418373473229645
-0.45757137426997324 -0.03627009065993342 0.8884328438166886 60.72228980222434 0.2459462482434045 0.9550223080087104 0.1656587884197812 8.150475086491198 -0.8544816442871561 0.2943074442300711 -0.42807037721276836 1.8237297630841116
-0.4590328905494413 -0.034279550942157386 0.8877576909162932 61.597817880268444 0.24885848335769584 0.9542906445733739 0.16552589205511703 8.29628383432134 -0.8528530123384288 0.296907861241394 -0.4295200359451571 1.396194881253698
-0.45938772564828273 -0.03164361995796347 0.8876720108461538 62.497070385331526 0.25388960636651436 0.9529923812812842 0.16536501745799792 8.452794226597996 -0.8511774111798047 0.3013373566881205 -0.4297590163818112 0.9488617733261671
-0.461378206343757 -0.02798311570751938 0.8867621416965868 63.3769779239293 0.2567686539137178 0.9525163256702625 0.16365362109944342 8.602930617717647 -0.8492349551675057 0.30319893562960004 -0.43228508689836004 0.5188505507935279
-0.46428868621953207 -0.025286428721120788 0.8853228859410971 64.24757988367578 0.25814948357659945 0.9523267342385979 0.16258116552535223 8.747703389875047 -0.8472277497684293 0.30403024155004493 -0.4356268497755222 0.09055954935821453
-0.47064517664181665 -0.022548278576655298 0.882034405699133 65.07746939636478 0.2595858559200166 0.951890833255594 0.16284663020843682 8.888418363682343 -0.8432723765842597 0.305606637194287 -0.44214961516746104 -0.32646477221791653
-0.4739810210915164 -0.020461824729755135 0.8802972823846344 65.95416282958568 0.26308062151029965 0.9507755248028198 0.16375129929767798 9.038828739029519 -0.8403157610272454 0.30920416420975316 -0.445266444507724 -0.7753542276571367
-0.47992114944309844 -0.020199296343444806 0.8770790607148512 66.78289740479325 0.267056744117374 0.9489270842631674 0.1679823924500169 9.179786724390175 -0.8356772018779998 0.3148481811588464 -0.4500158187023247 -1.214352713459248
-0.48773680755590576 -0.018711466158484083 0.8727901738616066 67.60980712319514 0.2683218146749425 0.9481617868772423 0.1702722222657031 9.32307354910121 -0.8307323337421744 0.3172366733843284 -0.4574327084231359 -1.649790682701403
-0.4967700621138555 -0.015291167985392762 0.8677474779963577 68.42183852530187 0.2700911644397083 0.9474707158063433 0.17131843327855412 9.468207464539176 -0.8247849830586145 0.3194767955126921 -0.46654507697535824 -2.092367401457179
-0.5067389364111378 -0.01048037114584896 0.8620358531671142 69.18590280577303 0.2729394885974291 0.9465391709062665 0.1719524163955014 9.617790436409926 -0.8177528268915266 0.322418609513662 -0.4767877455956623 -2.5322069615513674
-0.5134277760025496 -0.00648910090026994 0.8581082742862824 70.01584721271931 0.27569192545024507 0.9457133986114346 0.17210499681399902 9.773768998116134 -0.8126412991416399 0.32493700813590964 -0.4837665342632452 -3.0121363102512215
-0.5178441778485989 -0.0034590853549402722 0.8554679667859082 70.83509606340432 0.279491261052774 0.9444332068587722 0.17300448773828275 9.926700995800879 -0.8085307925264433 0.3286851875441951 -0.48810245341075525 -3.49071808319001
-0.5219790211402056 3.9519906651797054e-05 0.8529583225033274 71.5943528941908 0.28412554838251325 0.9428974348604864 0.17383066498708333 10.073587328084873 -0.804245344559637 0.3330832114827952 -0.4921839086992367 -3.944599720873103
-0.5258159892119091 -0.0005882166003185474 0.8505981421860341 72.41453967733274 0.2892306943281526 0.940289982810405 0.17944456995089975 10.226264795415087 -0.7999144647695505 0.34037391531614125 -0.4942493771617765 -4.430773259842177
-0.5285435243023963 -0.001985992272398235 0.8489038807501686 73.24990585966003 0.29444122360132396 0.9374899899932942 0.18551788190502955 10.386791139372292 -0.7962073277495992 0.3480065724911921 -0.4949195053145262 -4.924733578822467
-0.5321797133454218 -0.0012740651129866665 0.8466304562568445 74.06337733282453 0.2970550544207489 0.9361432349182515 0.18813329944450952 10.547306959977542 -0.7928070681740109 0.3516165816267479 -0.4978179709275771 -5.414193884950228
-0.5341392343848685 0.004247586762499672 0.8453858505424854 74.84617662916561 0.2998829866538356 0.9359109913351848 0.18477232101580354 10.70658427919158 -0.7904210729771328 0.35221097981847016 -0.5011805593685685 -5.890674087729361
-0.5391568561274279 0.010171852932406578 0.8421439413180563 75.63028012742132 0.3040102384018107 0.9348602381795389 0.18334151198724863 10.865969521712513 -0.7854219626657142 0.35487021356943677 -0.5071286543703876 -6.376317735272974
-0.5421148133321364 0.015204180823461116 0.8401668655995372 76.43200924353923 0.30947160738910395 0.9331731533929427 0.18279822211027116 11.033382655647669 -0.7812418661246129 0.35910541442891 -0.5105922521366472 -6.8890551252549965
-0.5438855791468398 0.017140308162883727 0.8389843184661965 77.20560974430916 0.31345380308005144 0.93157297424377 0.1841697776326751 11.186801870092813 -0.778418390154523 0.36315011151684645 -0.5120418013937367 -7.3802712291566674
-0.545508757812005 0.019014293721168113 0.8378894030745874 77.95954195275179 0.31741524682889566 0.9299563314040715 0.18554994681225873 11.343995840439778 -0.7756724542169551 0.3671779926898751 -0.513334749898426 -7.855008417446746
-0.5467722329640305 0.0181980637314427 0.8370836014018879 78.74020747930598 0.3194768897002732 0.9286583320464203 0.18848930810048697 11.497828796534723 -0.7739345206197794 0.37048958527492676 -0.513578450673162 -8.347476826255093
-0.5450623923164992 0.018621221392415455 0.838188665275348 79.51817442746386 0.3244330764804239 0.9265499500514311 0.1903900442384996 11.656227940447785 -0.7730783707798726 0.3757105803321821 -0.5110688725199304 -8.83701525835896
-0.545170742989177 0.017971385133180362 0.838132382326935 80.28459486115784 0.32507243906754907 0.926078564667715 0.19158914745271843 11.813753001799643 -0.7727333112706499 0.37690253564997384 -0.5107129411649141 -9.309520292626278
-0.5438375022519033 0.017679147247807475 0.8390043020729999 81.02986655445606 0.3250257091026798 0.9261829103031896 0.19116355584842665 11.964340260284466 -0.7736918375986085 0.37665987895567626 -0.5094391779382343 -9.769631828167467
-0.5416979168371043 0.020751606307266496 0.8403170459594465 81.77893412145757 0.3322840127315627 0.9235558324547891 0.1913947732351981 12.116229569326435 -0.7721079599235803 0.3829020699531545 -0.5071836975379209 -10.241673267711619
-0.539675306827389 0.025461661183494633 0.8414881264822105 82.53623429850634 0.3409774596243254 0.9204993024990191 0.19082821103537345 12.276965691767046 -0.7697304302344461 0.389913757013774 -0.5054525960587188 -10.714956548075437
-0.5378555949535387 0.029107120729829433 0.8425343521186506 83.29561760188851 0.346775990235616 0.918576644138655 0.18964008394607695 12.432692553278226 -0.7684125009220524 0.39416966444132445 -0.5041552380576154 -11.177531999476427
-0.5341672299612067 0.03269591546279807 0.8447463214170399 84.01626269615787 0.35371111944615274 0.9162248341901358 0.18820334001661043 12.579649290613334 -0.7678240777780552 0.3993282238025606 -0.5009821905606738 -11.618677903469562
-0.5283838318165741 0.036329783632019 0.8482279605719709 84.7616287023764 0.36356662069351103 0.9125259859375927 0.18739166818758268 12.732703269304436 -0.7672221572610733 0.4074021008903551 -0.4953722737475219 -12.07106437336589
-0.5199913257036624 0.03732452299449196 0.8533556709697202 85.52608126648353 0.3669631276330764 0.9119122600076264 0.1837228701210975 12.885706045784667 -0.7713281300138729 0.40868436479882225 -0.48788318870225994 -12.513805735637446
-0.5101813216061257 0.039476630145562824 0.8591604127033422 86.32666706450836 0.37344670300926575 0.910031761749456 0.17994374848460465 13.04326386717942 -0.7747596911918792 0.4126545628967791 -0.47902362428666506 -12.977785741357142
-0.5001357309331107 0.041313614688890526 0.8649609447167783 87.0715326601054 0.38134760384254285 0.9072960522900733 0.17716624549388676 13.183456896241477 -0.7774562725244132 0.41845795337188546 -0.4695260222525039 -13.395226829033973
-0.4924442702179168 0.04322332894964431 0.8692700297169196 87.77132221502595 0.3863861611489098 0.9058047516259814 0.17384903337206958 13.310877275340616 -0.7798745894066252 0.42148487015111835 -0.46275925601930745 -13.779439736091243
-0.48307749836445624 0.044888585965069866 0.8744261806602063 88.51837912048346 0.3926101419516632 0.9037620878368261 0.17050326983819467 13.445855074650481 -0.7826195800071922 0.4256748799716492 -0.45421084261660727 -14.183521323716706
-0.47311389298091927 0.047833389643310575 0.8797017739573285 89.29025633849896 0.40059508590729165 0.9010089095214826 0.16645276239773943 13.579376726511368 -0.7846571362164299 0.4311553221266553 -0.4454416536276004 -14.589526991149528
-0.46289827586043353 0.05141631835561572 0.8849189501938537 90.01200527691469 0.4063169149775708 0.8995655887519844 0.1602757503067924 13.69639242906871 -0.7878018474264628 0.43374890632720875 -0.4372986799104278 -14.955583605392196
-0.4542472188385368 0.0581249216259708 0.888977478715535 90.8018129829773 0.41268719655614616 0.8980748507272058 0.15215400188603675 13.822424472039522 -0.789524377062598 0.4359851556845509 -0.4319354142075348 -15.34740726787548
-0.4445827189319617 0.062373880474044796 0.8935634868668672 91.58429707512471 0.41606440011567014 0.8978067143324311 0.1443382092724996 13.941793500672675 -0.793244363978372 0.43595022965266794 -0.42510090129560324 -15.729138910024314
-0.4350301519410273 0.06258522090648921 0.8982381961519189 92.37522919278493 0.4204289352552339 0.8962756899081925 0.14117152007308076 14.053619970807544 -0.7962338081884727 0.4390591962408712 -0.41621958735023895 -16.104675824006907
-0.4238070369848994 0.06286919260754165 0.9035679609320798 93.15168511710618 0.4258330648716074 0.8942917893527229 0.13750780471798352 14.153781599862244 -0.7994084039238855 0.443045889403323 -0.40577893441957413 -16.46523679697219
-0.4165652847469893 0.06476522867640372 0.906795913476761 93.89063803576661 0.4278926360046641 0.8940331887538604 0.13271228074140265 14.247256849301438 -0.8021105008642141 0.44329462275229325 -0.4001357542663019 -16.800160940697374
-0.41180789427329073 0.0689176712865244 0.9086608898806204 94.65175806160762 0.4279440397592149 0.894969940404134 0.12606627069753712 14.344678861460554 -0.8045359886597753 0.44077109746155524 -0.39804859325687175 -17.134716737522403
-0.4074174090677433 0.07451107646975683 0.910197316119887 95.44131399434157 0.4302768833602304 0.8947722806688008 0.11934977751365777 14.44430647091785 -0.805526448004244 0.4402620415503374 -0.3966061980549411 -17.480891827374887
-0.403603741703015 0.0777062078518812 0.9116280847717486 96.22144859456994 0.43450671288390885 0.8931363409575321 0.11623851736757343 14.531311409172876 -0.8051757175562031 0.4430228230263894 -0.3942370380057943 -17.830466942958036
-0.39960267024321133 0.07861549845348909 0.9133111788089558 96.99863508310385 0.4376032146927565 0.8918225441532794 0.11469950405532334 14.619985641096033 -0.8054943404053565 0.44550213595770927 -0.39077706487466507 -18.170492836862536
-0.397902595398156 0.08041134344950504 0.9138968981346076 97.74038815084245 0.441595878973305 0.8899469325799579 0.11396287494319435 14.700587274455339 -0.8041558333116821 0.4489192277416615 -0.38962151213020146 -18.495165067640006
-0.3955228702109735 0.07949743355961991 0.9150091896792664 98.48318910477307 0.4454322218489397 0.8878466673352763 0.115405506975883 14.780315461965813 -0.8032134180146587 0.4532200937282872 -0.3865743806334457 -18.816669470847547
-0.392799602516119 0.07913391882941884 0.91621301843724 99.23880282160016 0.44901732519511867 0.8859636902492146 0.11598181424091922 14.86379998861338 -0.802553371395199 0.45695312938056676 -0.38353868593859863 -19.14007364642293
-0.388855155233196 0.0791444979516904 0.9178931401271841 99.9470151639444 0.4535602961625331 0.8836502546206974 0.11595380655128351 14.940844070036087 -0.8019194011828887 0.46140911992802236 -0.37950875886298796 -19.437459630343398
-0.38444602545007905 0.08045330604979586 0.9196349922992794 100.69682443929432 0.45906923358276763 0.8809465730972856 0.11484151743110757 15.022305012223267 -0.8009099152172908 0.46632649602376974 -0.37561004620859856 -19.74672926760929
-0.38363932128840567 0.08234808552574685 0.9198041443544468 101.4766277736586 0.46118030119354153 0.8800086071466586 0.11356751797425335 15.10749464584819 -0.8000834962379902 0.4677645178485028 -0.3755832196591748 -20.071035251276356
-0.3811625461952882 0.08484050176200655 0.920606975119511 102.22638224335705 0.4673493191900905 0.876861276802414 0.11268946311434497 15.187099209469599 -0.7976839770425903 0.4731980457537957 -0.3738768276642789 -20.388312613162803
-0.3779520994372957 0.08899188262429031 0.9215382007046291 103.02680782695188 0.47228740949712117 0.874649680573092 0.10923616207047532 15.26993621130606 -0.796301961168902 0.4765169263524362 -0.37260542875565805 -20.718059311153045
-0.37506071894839255 0.09097624945392388 0.9225252186998535 103.8293852524497 0.47790683536891176 0.8717046980487847 0.10833271023725496 15.352303391441817 -0.7943138635385806 0.4815124520040729 -0.37042036223112595 -21.048072254059388
-0.37149421459204063 0.0907910490547017 0.9239854078589064 104.61715730140517 0.4834863932992711 0.8685331142533022 0.10904648981018603 15.43260908296645 -0.7926114786067039 0.48724451239291267 -0.36655126397802446 -21.369303315349438
-0.3671145366818331 0.0899907614840682 0.9258123890964092 105.41278596520483 0.48889205305948175 0.8654139734433017 0.1097415829317292 15.508334380151258 -0.7913352496964661 0.4929100500259599 -0.36170181803695417 -21.686676448746795
-0.3635160952200942 0.0927750923254548 0.9269567577616225 106.16476909860877 0.4919761516831195 0.8640760450883732 0.10645212294503223 15.582797651906205 -0.7910850236801377 0.49473767852109196 -0.3597486827780707 -21.984051110003076
-0.3616412378693943 0.09529195406759075 0.9274346653874183 106.94412411628622 0.4953738352466237 0.862364350599722 0.10455854899419142 15.658789082451486 -0.789823004492363 0.49723955022172156 -0.3590716519999273 -22.287424412408114
-0.3589842898789665 0.09709971174231175 0.9282790127971515 107.7267637550918 0.49827040217785196 0.8609252458986196 0.10263687099635865 15.735130271550124 -0.7892128267670363 0.4993789812897229 -0.35744055045898565 -22.59845210471082
-0.35481249890576494 0.09727406486031787 0.9298633485226726 108.54162043595589 0.5013652905176454 0.8592712141731275 0.1014190611157316 15.813646589710839 -0.7891393641711226 0.5021859583849295 -0.35365000652708367 -22.91519800005243
-0.3494274256395322 0.09892373106945448 0.9317266603689238 109.32764792374971 0.5086186842312352 0.8551704370571536 0.09995277702177374 15.887816545090025 -0.7868973937317474 0.5088198296202455 -0.34913446223970523 -23.220033063631718
-0.34484900266788293 0.0998676087101727 0.9333303949242616 110.1065285089314 0.5143382935435767 0.8518669452588483 0.09888795361438116 15.957591620011543 -0.7851976089836544 0.5141489748174844 -0.3451312019225176 -23.519043278883732
-0.33830990902374636 0.10083383439743285 0.935616878480212 110.92435626797808 0.5191367696168917 0.8492614097988536 0.09618769286245579 16.030450738887616 -0.7848843353565434 0.5182543735147587 -0.3396601013435966 -23.830812537730722
-0.33287161359379286 0.10154327898301665 0.9374889073246904 111.72213338212161 0.5207112668116851 0.8486560445415317 0.09296609424135219 16.10082754228228 -0.7861655458482233 0.5191068103545735 -0.33536823636812435 -24.12365666864109
-0.3303963523416851 0.10189410872242047 0.9383260845606782 112.45902533777246 0.5235038033018817 0.8470031402838496 0.09235501219621331 16.162855435442008 -0.7853547085793617 0.5217310331549787 -0.333188701421979 -24.396242614719064
-0.327557530899791 0.10228746995014809 0.9392780937731009 113.26751638537309 0.5269671009323051 0.8449176857509747 0.09175935287598166 16.228901691746433 -0.7842268412174085 0.525025121109852 -0.3306612824594847 -24.69121656591722
-0.32371483398939094 0.10248120082021031 0.9405882785436297 114.07465034122625 0.5317989842857728 0.8419355798857049 0.09129249495518299 16.29273810028023 -0.7825589732204477 0.5297566260095001 -0.3270464349770368 -24.991690439695116
-0.3218652631393561 0.10459898790855818 0.9409898002171642 114.87603325073698 0.5351608534426013 0.8399762839222509 0.08968112059264682 16.354677501638 -0.7810285611466585 0.532446142043185 -0.3263364712938301 -25.27749776335241
-0.3199275237567327 0.10572408837329855 0.9415247191022232 115.66885360351877 0.5406618146466837 0.8364342210102537 0.08979196014079069 16.41846165052404 -0.7780303218550292 0.5377733826256236 -0.3247593065849761 -25.563891103952844
-0.3175256996311417 0.1060425676121313 0.9423016523003559 116.41603209504198 0.545060806847471 0.8335667399975393 0.08986215448485102 16.47724451418502 -0.7759421028095707 0.5421452423697011 -0.32247850976981435 -25.82971310663548
-0.3161868734557774 0.10766065863940469 0.9425683230597081 117.19597809653922 0.5511827120424668 0.8295002472968998 0.09014964048676999 16.540146270221705 -0.7721550874013404 0.5480314975580439 -0.3216177835327461 -26.10649152454369
-0.3143580194110536 0.11080469857724626 0.9428156523972038 117.9682205603026 0.556000403768639 0.8264836479074467 0.0882515198209651 16.597761053129414 -0.7694430366447342 0.5519484563931721 -0.32141921978021887 -26.385277696006458
-0.3140833022589409 0.11507219428588028 0.9423959196348165 118.7065164075338 0.561724877288228 0.8227635771220372 0.08674824722652771 16.652972562559793 -0.765386726745143 0.5566134082678768 -0.3230552154953914 -26.650953099036467
-0.31250895381260474 0.1156083793835958 0.94285357102959 119.5099711137276 0.5664519937398159 0.8194606278051824 0.08727209327914875 16.70982300890421 -0.7625419939748492 0.5613545956821192 -0.3215753804808846 -26.936031521005813
-0.3126732130551337 0.11520441913377011 0.9428485581734906 120.33108554962058 0.5703259203749815 0.8165430205395707 0.0893635281115557 16.769009239423628 -0.7595813362545248 0.5656725531791031 -0.32101519620358404 -27.225687103690912
