1.0 0.0 0.0 0.0 0.0 1.0 0.0 0.0 0.0 0.0 1.0 0.0
0.9998610463232381 0.0005100799775270188 0.01666216864085348 0.0024697682820260525 -0.0005044184273697047 0.9999998136179653 -0.0003439855883241072 0.00926150195300579 -0.016662340995485747 0.00033553308535946836 0.9998611172608419 0.1916835606098175
0.999242402078414 0.003072548096538512 0.03879666656757836 0.012526445973352727 -0.0030674967137850817 0.9999952772225099 -0.00018972766421716377 0.019969705615663254 -0.038797066286928354 7.057527973122331e-05 0.9992471079100793 0.39024534334889943
0.997937802167614 0.002565646091407367 0.06413704440497536 0.03742648526765815 -0.0026735635469569727 0.999995151071188 0.0015968381484325782 0.027844833893110918 -0.0641326364874587 -0.0017650196161949122 0.9979398226561168 0.6143693212154986
0.995669440995395 0.0013467809652297315 0.09295456120572802 0.07597836573632553 -0.0016046999954123394 0.9999950674826508 0.0026999904247065193 0.03484816476206011 -0.09295046641003189 -0.0028374621408008465 0.9956666910180119 0.879165721576636
0.9920544565639586 -0.0028682784581745184 0.12577650094622278 0.13427866114339707 0.0023583316733281926 0.9999883860272926 0.004203103882748713 0.04157177521098951 -0.1257870958536979 -0.003873085232340268 0.9920496992225115 1.1776148226890868
0.9870421805176893 -0.00678562062386337 0.16031746390095522 0.2053019130535997 0.006017848299838067 0.9999679840765587 0.0052741182868169196 0.04851736638774905 -0.1603481193551244 -0.004241011036557278 0.9870514142863392 1.4749172939217803
0.9801567027115239 -0.0071524758187680865 0.1980951292165841 0.2803034029078591 0.00595147808540338 0.9999601283027765 0.0066574554668988005 0.0602254376957969 -0.19813484811681206 -0.005346390778526687 0.9801601900033335 1.7486687947456352
0.9707496972030685 -0.009756262399685417 0.23989547874884898 0.37972906207740287 0.007783638010098245 0.9999276699433486 0.009168961827475577 0.06950271745846782 -0.2399675818928022 -0.007033507350848154 0.970755422037326 2.0819787796036744
0.9588369543715887 -0.015058762103713302 0.2835576283849899 0.5012991943987916 0.01139510501355621 0.9998289852789211 0.01456543091890351 0.07782487022649222 -0.2837284732154076 -0.010734704468549301 0.9588445753128225 2.423010858236412
0.9453537171615464 -0.021666540904687396 0.3253258527293404 0.6419182150537052 0.01619504144430262 0.9996783432761518 0.019517443922443745 0.08513470014488553 -0.3256440849784689 -0.01318222249371947 0.9454005283099126 2.7334869081583464
0.9302547520092037 -0.026531134632364912 0.36595381574648755 0.7964681033562014 0.019122518111801313 0.999532518988198 0.023855246512486383 0.09111413621250238 -0.36641564604334065 -0.015193497958896435 0.9303272176790348 3.046126029720415
0.9112808722650221 -0.029328101021386044 0.4107396186568565 0.9763899717298901 0.019726234311100512 0.9994244816833796 0.027596758719305118 0.10042697543283682 -0.4113125910105404 -0.017046052398938496 0.9113349464240953 3.3847348293315815
0.8910793461156289 -0.03313731677777138 0.45263618631624314 1.1731731201966087 0.020916646365405737 0.9992696611385374 0.031978715310298535 0.11042741960111152 -0.4533652973386557 -0.01902794168695591 0.8911216777770531 3.7219848932536066
0.8671476305102965 -0.03944340847700393 0.49648686229153627 1.4026807143932916 0.02444636414765449 0.9990283487386881 0.03667061079953719 0.12136170547108957 -0.49745086408643313 -0.019661534634078683 0.8672693133482209 4.065597890339138
0.8406715845113372 -0.04598907574919784 0.539589002766858 1.6506785352507842 0.028928272896627104 0.9987785937187532 0.040055907883956396 0.13581415722305798 -0.540772079551465 -0.018064485625787247 0.8409751674910858 4.379308521399054
0.8120668856222422 -0.05203912747633215 0.5812394536568335 1.9058902265312234 0.032559741508043534 0.998504889930446 0.043907266117548915 0.15557130693411642 -0.5826553325154775 -0.016730630486922 0.8125471367833305 4.668754242868947
0.7794913699085232 -0.0563585357189258 0.6238725187806822 2.172011619517083 0.03402431686287837 0.9982834752758155 0.0476702092847812 0.17294818714485435 -0.6254882493701608 -0.015931680478184128 0.7800709143770154 4.941572565985624
0.7448947284557692 -0.06047451709568906 0.6644356073396799 2.457913877828379 0.03586833327721367 0.9980732156060682 0.050629230269457384 0.19676454328236048 -0.6662171614321569 -0.013881248928184556 0.7456285970518253 5.207502592345576
0.7082677851847596 -0.061598797432607266 0.7032512585302154 2.7759728119933693 0.03328651910372531 0.99799183578019 0.05389158897308352 0.22314451601412016 -0.705158671587773 -0.014760889910268402 0.7088958767080145 5.490369118371492
0.6721207586664487 -0.06507226823095391 0.7375766303760692 3.1219831953839994 0.033932677524794744 0.997791173661779 0.0571082057032799 0.24483130703643868 -0.7396636121681505 -0.013355660594992214 0.672844236925929 5.7676161036089075
0.6373223664472607 -0.06789368496899657 0.7676005789259113 3.4848149245408195 0.0344817795498181 0.9976260229355753 0.059609774708721905 0.2732754381385877 -0.769825440022049 -0.011522408735914692 0.6381504728445957 6.035265959099304
0.6031231865586789 -0.07178731950408847 0.7944111042739289 3.8815511017120974 0.03590191216667722 0.9973756832589614 0.06287129031995653 0.300182787442322 -0.7968396793195488 -0.009398255270952345 0.6041177023228014 6.306804000388954
0.5678309601483751 -0.0734626927516015 0.8198604963471886 4.29817649000452 0.035285708212038955 0.9972664029480142 0.06492026145283104 0.3341135288572997 -0.8223885453317973 -0.00793437614516027 0.5688709222505909 6.576003555064369
0.5340201053302095 -0.07419274491096846 0.8422101659952155 4.723544451731364 0.036074737883594055 0.9972345820955674 0.0649753919519501 0.37167323002690494 -0.8447018056034581 -0.004315654672876399 0.5352198003951297 6.825425941694093
0.5011310182525898 -0.07426561983040007 0.8621788215076552 5.1988123826675325 0.03748496691905183 0.9972384777194717 0.06411158874048184 0.41173661458715155 -0.8645591823583857 0.00019043885521262405 0.5025309780827868 7.080105030455942
0.473290449379804 -0.07274702649348298 0.8778975000888315 5.702603022095903 0.03901522819760363 0.9973374279240326 0.06161060647781704 0.4528860318502914 -0.8800420231412546 0.005091659673623218 0.4748685212848035 7.339445221527732
0.4495929126939559 -0.07195590509756465 0.8903305906105636 6.213951013256015 0.041615701547916384 0.9973550405442146 0.0595907416107799 0.4957152672711036 -0.8922636080441921 0.01026015704744589 0.45139825313942233 7.588435120607198
0.4281860671607356 -0.07246526985578236 0.9007804818900947 6.784971614862426 0.04456982273542013 0.9972601205727764 0.059040518430187816 0.5387215409786337 -0.902590839079788 0.01486729901161479 0.43024265319624455 7.854515118909246
0.41227496775517003 -0.07442054784241604 0.9080148308377503 7.400722879960366 0.04896917915022072 0.9970275358146139 0.059482033596645306 0.5805915416829364 -0.9097424748003289 0.01994178743928228 0.41469380831873937 8.13380607939007
0.40201589150085704 -0.07640492293453661 0.9124393189314779 8.046750457094046 0.051185212943958905 0.9968294140373326 0.06091956406500407 0.6269515309545302 -0.9142009062326799 0.022212767980512343 0.4046520678088661 8.4183096775843
0.39290924674107175 -0.07826293337753965 0.9162408182811473 8.682138142214152 0.05231292174751492 0.9966605233298534 0.06269895895548253 0.6760298493840952 -0.9180880578918355 0.02329623349397269 0.3956912981876053 8.694141682675845
0.3854098232286999 -0.07902646791547457 0.9193552553434539 9.288709128257286 0.05254083890942251 0.9965889305948554 0.06363932481176296 0.7192964770430775 -0.921248461819892 0.023776475445436023 0.38824728049256974 8.953496453130567
0.3747300950608111 -0.08097601439202269 0.9235909489318843 9.97591764424191 0.05275562026205348 0.9964268564778023 0.06595729088229277 0.7660049583633739 -0.9256317844512911 0.02400843149704498 0.3776630705146722 9.236022649754428
0.3658738348982018 -0.0825667129303351 0.926994646614943 10.714972544440114 0.05312968581547336 0.9962854187769065 0.06776873038262811 0.8137688297974719 -0.9291466910138746 0.02445612905600325 0.3689015103378728 9.529918897242606
0.3564111085839953 -0.08343360682590058 0.9305965586278241 11.423295161837377 0.05275905051072595 0.9962129595144247 0.06911021548742653 0.8611514235291281 -0.9328384663311943 0.024465742325400604 0.3594632431630985 9.806033367935495
0.345296935640171 -0.0843976431077989 0.9346908922608352 12.192227430632299 0.053497974015274535 0.9960988251925673 0.07017903694301014 0.9159991607765192 -0.9369674450127756 0.025771462663884172 0.3484649748516993 10.094315814585622
0.3362439962790153 -0.08681552265200539 0.9377649172329795 12.982906326820434 0.05340783748233573 0.9958974244297947 0.07304740179884482 0.969782489261988 -0.9402593141584815 0.025522245997572454 0.3395011591989951 10.39111968980825
0.32554630839278714 -0.08938824820535393 0.9412913163174335 13.781773955341317 0.0516616337952726 0.9957157311749201 0.07668936226359961 1.0235628286525391 -0.944113699024345 0.023662708500349378 0.328769523437006 10.676014611927512
0.312343800002491 -0.09207882613009581 0.9454960816304357 14.627350916150679 0.051465709405274104 0.995469860921844 0.07994396006989513 1.0862016456975099 -0.9485739988822254 0.023690626305538882 0.3156677412562701 10.96197625981022
0.30056798452929556 -0.09469162606072351 0.9490481455805988 15.445124322119257 0.05157819197320468 0.9952169698080178 0.0829630828677587 1.141669692973054 -0.9523647288664006 0.024014140836670857 0.30401438165176353 11.22709444411782
0.28709256871925365 -0.09416793184414031 0.9532629530189337 16.258263213856544 0.04952772092939982 0.9952843676469825 0.08340283194883424 1.1994697131304652 -0.9566215875913108 0.023268608246806256 0.2904026687627656 11.47656369960795
0.27268189700945267 -0.09337059218965639 0.9575627997982585 17.09515571703473 0.04797264873394254 0.9953611692609939 0.08339524986974488 1.2645294067273776 -0.9609074919141678 0.02319644889935305 0.27589620646482926 11.724847990574041
0.2554761503665456 -0.09288729632497905 0.9623429153764921 17.87058065578903 0.047436880913547363 0.9953795044195723 0.08348283961773817 1.3228569124727034 -0.9656509094507625 0.024322671787503157 0.25870200755702166 11.933866252396834
0.23463600580852134 -0.09218636183538326 0.9677022369870701 18.737418428704935 0.0456478482838405 0.9954398179970545 0.08376062734391905 1.3863980996690268 -0.9710109261616365 0.024520265853925666 0.23777413197649105 12.154784354641347
0.21138426137681432 -0.09036549761540999 0.9732167132159714 19.57857115992618 0.04260413439623561 0.9956223885204698 0.08319223046139917 1.4518240140526781 -0.9764740558635064 0.023877527458143352 0.21430884701280872 12.346497150970155
0.18470250625381734 -0.09026846621580498 0.9786401729903618 20.406818255403877 0.03993660396648019 0.9956398587427349 0.08429910643875117 1.5170069619462743 -0.9819827146376781 0.023513308780209078 0.18750219322190198 12.51076096912561
0.1561200353197713 -0.09017194877126415 0.9836135187290513 21.253227741649862 0.037819997632115146 0.9956396936947816 0.08527161379068816 1.5778003257184665 -0.987013770091816 0.023887653592473027 0.15884960703440804 12.659157277835986
0.12542814603334657 -0.0901051106760532 0.9880024540519593 22.111955647539563 0.036303903597241144 0.995616987380116 0.08619072469671246 1.6451444389029712 -0.9914382516154195 0.02505760304176079 0.1281495601379959 12.782718241241463
0.09256193889313113 -0.08973550245088813 0.9916550948128241 22.97572388050713 0.03257912161810095 0.9956703899109411 0.08705788585296241 1.707726591830171 -0.9951737980387835 0.02424900522662933 0.09508468563644545 12.879594568583158
0.058380076739485864 -0.08799209960405469 0.9944089485956781 23.820456203125666 0.029770016579391538 0.9958183223185229 0.08636906302366187 1.7749074221979426 -0.9978504460853613 0.024561338359149767 0.06075547633960965 12.94621954898174
0.02795243379456791 -0.08609572295720076 0.9958946670875576 24.624882465606785 0.027108646417051796 0.9959828233830832 0.08534246782989871 1.8364617551082818 -0.9992416037847881 0.024611826716823833 0.030174082442809613 12.977576741252328
-0.0021098907984076765 -0.08370611410808076 0.996488251221129 25.476648225487853 0.025836169086823877 0.9961532667686754 0.0837326786446806 1.9036071641036838 -0.999663963903739 0.025922105759780958 6.087070633836733e-05 12.986218403622154
-0.032020185015192826 -0.07982724277598582 0.9962942934004875 26.324570941745595 0.02594544182298036 0.9964031374384603 0.08066983173035142 1.9681608081213007 -0.9991504099985162 0.028432358565140002 -0.029833859727164735 12.963475173393674
-0.0635695207016918 -0.07617937657467908 0.995065635333896 27.18831128465086 0.026486608001944186 0.99660230699038 0.07798911012445024 2.035028786943605 -0.9976258695695037 0.03131364376985721 -0.06133579770041281 12.91000067755569
-0.09240878397304197 -0.07367410803845123 0.9929918138883939 27.966611527971203 0.02684003825251868 0.9967122606062009 0.07644790320133238 2.093685342054793 -0.9953593466639209 0.03371639604132634 -0.09012755209566847 12.83835104166701
-0.12205102445135008 -0.07038108065988312 0.9900252779174495 28.772210126969032 0.028766599195520316 0.9968127402892659 0.07440996954527776 2.1484371403445977 -0.9921068643050005 0.03756147337567978 -0.11963739180017197 12.734610401411055
-0.1495489193271533 -0.06351013912207071 0.986712512820617 29.629132541073687 0.030224780170994208 0.9971749619022015 0.06876451133367001 2.2069678961117805 -0.9882922560617867 0.04010682714998258 -0.1472068579389756 12.611152492292652
-0.1732979439194241 -0.053538640438393 0.9834131566199982 30.443578610953836 0.030869428440463417 0.997735453383938 0.0597582082103138 2.261110075876089 -0.9843855449065979 0.0407133766808475 -0.17125279541713823 12.471277262315624
-0.1946030937897522 -0.041411676816427316 0.9800075045175465 31.243328166237387 0.02917670070574192 0.9984219061818487 0.04798351166944263 2.308209105676611 -0.9804480384106975 0.03793112547045968 -0.19308773575025356 12.318609812901181
-0.2146648207993157 -0.029846205580070086 0.9762316419393863 32.051596546437715 0.028091069382137814 0.9989307992089972 0.03671716509539113 2.344200001717076 -0.976283722353377 0.03530527445221864 -0.2135968891713732 12.150128742412841
-0.2371163757653812 -0.02112962587763471 0.971251441828614 32.832115039892074 0.029701853658607207 0.9991383892373678 0.028987567014164474 2.3732108860348116 -0.9710270975792246 0.03572139502355954 -0.23628448468834679 11.959476904695613
-0.2605240057539654 -0.017206882643619192 0.9653140243545606 33.63557707287661 0.03213239831013808 0.9991327364304481 0.02648176678101028 2.3956177776294543 -0.9649325113212566 0.03791699068615415 -0.25974516436800055 11.74168161199224
-0.28350063243597357 -0.016843467992896655 0.9588241178622778 34.42982401359532 0.03504771107894635 0.9989957877030584 0.027911898890484208 2.41763239994938 -0.9583313880680993 0.04151763164630394 -0.28262561261490815 11.508843517484161
-0.3049490087352549 -0.019697540988228117 0.9521649588965154 35.19100101111221 0.036726455164642936 0.9987991848777746 0.03242461686023031 2.437333810881711 -0.9516602700346511 0.04485749844240461 -0.3038594004981001 11.265502928567443
-0.3252118746794288 -0.02141578893316847 0.9453986463666327 35.955336963503505 0.040126876463857854 0.9985305274261673 0.036422789339568676 2.456282176546254 -0.9447894317533118 0.049781018294027354 -0.3238746360320053 10.998830937525568
-0.3395651070686748 -0.021048006319239854 0.9403470207808525 36.722264272036576 0.041755689404748234 0.9984266312625005 0.037426252659721035 2.472669684921501 -0.9396552561784423 0.051973487623983045 -0.3381519719304119 10.719498208946048
-0.35011538980677476 -0.01801266378624901 0.9365333724773368 37.4996000192788 0.04312888252775849 0.9984447486438732 0.03532680847996729 2.4897807902023743 -0.935713157603524 0.05276009712649356 -0.34879400631152774 10.431840245286553
-0.3580099772935794 -0.015246350838567856 0.9335932759742639 38.30445606461201 0.044546707624238166 0.9984492115132264 0.033388064760589156 2.508965916409268 -0.9326545164197145 0.05354176701159531 -0.3567756048095001 10.123449114181616
-0.3675410194064345 -0.013138242865320334 0.9299145044723687 39.126511849271736 0.043317184121528185 0.9985731663316513 0.03122904164655143 2.5291453089189693 -0.9289979658823053 0.051759231609368746 -0.3664474878202157 9.802503664138
-0.37972075270458455 -0.013578136484267117 0.9250015049582775 39.90288843224222 0.04271565885838787 0.9985684618337147 0.03219315951165435 2.547079026504046 -0.9241144531137674 0.051736459490997304 -0.3785971689085628 9.482332790782875
-0.3887469180216248 -0.011932744330239477 0.9212673028722107 40.686833465107064 0.044461881353204426 0.9985081783280789 0.03169477746372787 2.5613357772673395 -0.9202711420202321 0.05328252457129633 -0.3876364246817983 9.150217515516639
-0.3971342617618954 -0.010276144246843831 0.9177029906207416 41.44549722019253 0.04720397500561139 0.9983850862613814 0.03160702887846124 2.5760011022708293 -0.916545777841186 0.05587146311197091 -0.3960078493303179 8.816411864388062
-0.40347192728476855 -0.0077043388784186 0.9149595876625158 42.245059904217065 0.048411075763186054 0.9983842056909181 0.02975475710479903 2.5949606733839854 -0.9137104418997113 0.05629938711354695 -0.4024470243076391 8.46253296936824
-0.40583898213539826 -0.00612544008835595 0.9139240666286386 43.02383542204189 0.04946015496624231 0.9983649619456042 0.028654769761207836 2.6112081399533786 -0.9126052890762903 0.05683204855604359 -0.40487245473964295 8.113194235328658
-0.4070370135604994 -0.005033672793567697 0.9133977949009714 43.78900147427211 0.05315326307713532 0.9981597182979043 0.029187452641523483 2.6284355124293532 -0.9118638057385559 0.06043044684309085 -0.4060203946581277 7.769636090260267
-0.40392001225557456 -0.005199517587109244 0.9147795301143974 44.611417302049105 0.0537732473589608 0.9981197790071139 0.029416740527498875 2.6465767324255167 -0.913212495297742 0.06107267614614183 -0.402880958423726 7.407691470764875
-0.3980596216225376 -0.005181855738985535 0.9173449111456509 45.440826982392814 0.05400276118392315 0.998117508430172 0.02907131145403093 2.668602516608621 -0.9157686604258926 0.0611112733973483 -0.3970304432225824 7.051295827386528
-0.3904283134092271 -0.005472529361150186 0.9206170667062488 46.26005766830907 0.05470347271984061 0.9980775685228449 0.02913240951097789 2.6865080674843784 -0.9190066714452165 0.061735068104902986 -0.3893783753693404 6.708840390625681
-0.38441142636763187 -0.005989264118941403 0.9231424505423397 47.1198689238312 0.05282231407358515 0.9981979424398746 0.028472282042582415 2.7126243232976424 -0.9216494227274891 0.05970759100913714 -0.3834023280601872 6.358772538605652
-0.3793825994537925 -0.0065692987357625285 0.9252165625116121 48.011368586708194 0.05084326846773216 0.9983158396013873 0.027936471725965202 2.7339811876215045 -0.9238418724452803 0.05763964534153424 -0.37840965368460244 6.0038811056990316
-0.3769905581264685 -0.007334952565251497 0.9261880573373636 48.92478835763165 0.050002621430232305 0.9983492143702066 0.028259228872995194 2.7547092173589935 -0.9248663995051388 0.05696529326929655 -0.3760014606742165 5.63891807552249
-0.37689501189116636 -0.007802484538719016 0.9262231217404262 49.84537071620175 0.048626373572774204 0.9984189382260957 0.028197510255987466 2.7764577869108455 -0.924978716406339 0.05566637249272277 -0.3759197110671145 5.274105611023255
-0.37791595023788305 -0.00831795414699044 0.9258025416872686 50.74841425523492 0.04827129602323979 0.9984225709571448 0.028674933017570174 2.7963358491640893 -0.9245806706480699 0.05552640310819661 -0.3769182962152824 4.915966688825363
-0.38013168441637624 -0.00757647170013101 0.924901345863085 51.70127018721604 0.050158961059340666 0.9983261163502135 0.028793124848619137 2.8181649577072516 -0.9235713189181529 0.05733726963919486 -0.3791153602560917 4.5235896307791235
-0.38094440719210326 -0.008306558846741991 0.9245606306290479 52.62204361198596 0.048410170819094 0.9984088839822844 0.028916357767112884 2.8388214207150346 -0.9233297428277307 0.05577366282910907 -0.379936158511271 4.150043859209388
-0.38203662795254334 -0.008411808280515583 0.9241088985526014 53.535102707743526 0.04939548754328191 0.9983433046808968 0.029508165127431856 2.8625404918982724 -0.9228261486937892 0.05692000948944187 -0.3809882042881516 3.7759831862074287
-0.38366453973097964 -0.008640390512280337 0.9234321115300305 54.49492673327872 0.04894792362609844 0.9983603082296038 0.029678202849638822 2.8832857745852287 -0.9221743987585586 0.056586558505408086 -0.38261251896769516 3.3833043228812363
-0.38428107684777574 -0.008183340478318563 0.9231798778760996 55.4542687877283 0.05034612949499796 0.9982869647330224 0.029806094829794245 2.9016004042619805 -0.9218423516098548 0.057932451896546756 -0.3832107902912802 2.9908663910783226
-0.38607062691148375 -0.0070979961847156305 0.9224419165922242 56.41507789802515 0.05215433428902411 0.9982029523979361 0.029509172114996363 2.9192171147965316 -0.9209937005490552 0.05950196865823447 -0.3850066483513652 2.5965321032966946
-0.3858685101649107 -0.005838237434072774 0.9225353152301411 57.365470267130256 0.05347820702582115 0.9981569242620698 0.02868511671561148 2.939589826240143 -0.9210024832954663 0.06040421782746823 -0.38484510680562917 2.202493279668314
-0.3850740894942573 -0.006566664869052333 0.9228622998652978 58.27249809602303 0.053709157232237126 0.9981203916242396 0.029512882835767282 2.9556008413411843 -0.9213214813676993 0.06093080285350301 -0.38399761097441215 1.8304699146817875
-0.38503292124488186 -0.007844638212496698 0.9228694984714514 59.24183866485225 0.054706433753931624 0.9980115435587755 0.03130758740876696 2.9690216538481673 -0.9212800093693339 0.06254135091877958 -0.38383814787185344 1.4287115521882676
-0.38387512157797027 -0.00911739841942286 0.9233400045917864 60.205942959273415 0.05523629675578248 0.9979338225457453 0.03281824705776383 2.982075811529404 -0.92173143732554 0.06359999107939242 -0.38257835613178054 1.0291597334873541
-0.3823755311922323 -0.009372844050943283 0.9239594703989211 61.117858319452154 0.05612553119011325 0.9978665815478966 0.03334981526999028 2.993336115930715 -0.9223008608334298 0.06460986940330052 -0.38103370832723277 0.6585266934035066
-0.381540157931643 -0.008966669405012638 0.9243087723944193 62.0612627561102 0.05731711285853595 0.9977992013708997 0.033339200907595054 3.010043951304693 -0.9225734965080338 0.06569895420306433 -0.380186521272868 0.27962230060527743
-0.3797066186219219 -0.008117732287979674 0.92507134113927 63.01164099633073 0.057446592299986415 0.9978247766028354 0.03233580415918593 3.0222153508512952 -0.923321597715458 0.06542031504053444 -0.37841433584388906 -0.1003848971227626
-0.3819145527689819 -0.0058128073171977886 0.9241793579464768 63.922747622785536 0.05567254395335769 0.9980195534274754 0.029283763866423805 3.0365653330997113 -0.9225192909815114 0.06263531150649881 -0.3808345776310941 -0.46572174881380035
-0.3848210097203467 -0.003936236447379615 0.922982825690946 64.8811459695481 0.05261422907322617 0.9982713178499901 0.02619387060123548 3.0533374904102537 -0.9214903870235669 0.05864198155480855 -0.38394867446376557 -0.8525579079525569
-0.3889987609518187 -0.0033428837631052435 0.9212322123688989 65.81764992232173 0.049492853314683144 0.9984733996964668 0.024521981350423654 3.065010704705783 -0.9199078331271676 0.055133431116933355 -0.38823946646954016 -1.2388136970441623
-0.39383268376661673 -0.0037775224477270553 0.9191743836298644 66.75351399565938 0.04883496853933968 0.998493249884171 0.025027500544566317 3.074593676373241 -0.9178839594659806 0.05474449981416839 -0.3930548011348428 -1.6312039148706288
-0.3974256821122787 -0.006111946351483301 0.9176140099788074 67.68567374676084 0.04976541315613284 0.9983626406364587 0.02820357131280985 3.081176457602794 -0.916283924802236 0.05687426389144689 -0.39647078991499074 -2.030475994225613
-0.4036896721537098 -0.007518135121774242 0.9148650863601262 68.60995484558013 0.0475037569219169 0.9984451514878039 0.029166291310345482 3.0923450368617895 -0.9136618858608112 0.0552336592558129 -0.40270485620424173 -2.4255836216017506
-0.40847071335513657 -0.0048211341838852 0.9127586937391103 69.53357307054436 0.04839246009557617 0.9984652934268048 0.026930050650209078 3.1042835592821842 -0.9114877103598513 0.05517077566344099 -0.4076105241227836 -2.8413443715352598
-0.4141144605351652 -0.0028770676316211517 0.9102202678788869 70.41733641580885 0.04829405780803765 0.9985170327159145 0.02512805914987853 3.116965074619453 -0.9089427361259363 0.05436412289413814 -0.4133613970678056 -3.2434932800823786
-0.41938910929367235 -0.0012792143709381802 0.9078056722759854 71.32078685007464 0.047314915306938016 0.9986090340455372 0.023265766957844054 3.1261969125641045 -0.9065727073960245 0.05271015778038054 -0.4187452274013519 -3.6586215536856352
-0.4228804453827661 0.0007986985615627655 0.906185130640247 72.22608387692482 0.04816936269960363 0.9986056351592587 0.02159856303757026 3.1358955748568835 -0.9049043272136496 0.05278397018775321 -0.4223292685585868 -4.080145209989068
-0.42663721042353014 9.514035010772456e-05 0.9044228444872134 73.10139728348653 0.047711498445807604 0.9986099251138016 0.022401570932937674 3.1418213306548624 -0.903163497711286 0.052708712871037934 -0.42604869204046897 -4.48403984317937
-0.4301096310369514 -0.005221692526941556 0.9027615627708192 74.01743216069569 0.04951766279199664 0.9983414259208778 0.029366619858044774 3.155036464664486 -0.9014176093026338 0.05733350867880738 -0.4291376963419801 -4.918860765780817
-0.43106687599975546 -0.010055200222476256 0.9022639532666136 74.8948611477297 0.0519480107492942 0.9980028333468673 0.03594090720636269 3.165562316924052 -0.9008233748049631 0.06236375213303857 -0.4296836159604952 -5.338973330658092
-0.4320132451081299 -0.012492289108799848 0.9017807376319176 75.76720487162893 0.052864952154066766 0.9978339902363383 0.03914875173968738 3.1772431566905683 -0.9003165292745055 0.06458537482936524 -0.43041709593516286 -5.759127931098111
-0.43231077321351763 -0.008145090629406184 0.9016878910477669 76.6365644357438 0.053171079637703636 0.9979890067112079 0.034507662536569096 3.1979490367340677 -0.900155670789054 0.06286175293622916 -0.4310083158874003 -6.171287169095701
-0.4316368133408858 -0.0035130283952435545 0.9020406421001325 77.48752770590878 0.053703527146091744 0.9981185606892153 0.029584962054362986 3.2128841954794156 -0.9004474401879291 0.061212722853858766 -0.4306360528564956 -6.576453830984297
-0.4307898701677098 -0.00091471376984038 0.9024517998539353 78.37194468053778 0.05621085556014442 0.9980305829464575 0.027844123630514663 3.226250703711927 -0.9006999652925965 0.06272255417530498 -0.42989004840731276 -6.999893899653271
-0.4278766636954772 -0.0002959044406591928 0.9038370832762891 79.25253157657744 0.05892229845384636 0.9978636005131594 0.02822051586753489 3.235724607774089 -0.9019144767713531 0.06533105855162559 -0.42694511284096076 -7.418145449925805
-0.42492428040912505 -0.0018627500884099944 0.9052269804203229 80.10632408676327 0.05790001996758144 0.9978943104409503 0.02923239431408593 3.2500574010693315 -0.9033753060641746 0.0648342143600789 -0.42392166852116725 -7.814993984580951
-0.4223927960003743 -0.004917309701215573 0.9063995509444434 80.98681453096553 0.05698896164009646 0.997862771877404 0.03197102989157289 3.26432893486671 -0.9046195797893002 0.06515910194628655 -0.4212098138640454 -8.217346288575493
-0.41957564036642103 -0.008187639058912951 0.9076834495449109 81.85156690526496 0.058155562347960266 0.9976624877758056 0.03588162556215996 3.281213819375182 -0.9058555141848508 0.06784189746485211 -0.4181187204243171 -8.611563951229927
-0.41741597286198945 -0.010326748286793842 0.9086568460477807 82.7041628729517 0.05633235744249974 0.997718187993671 0.037216701245498356 3.2983159605570007 -0.9069677894526628 0.06672162780124175 -0.415881778007769 -8.987777309555485
-0.415335989443509 -0.012031235475090642 0.9095885142447241 83.5595816699219 0.05262369718509368 0.9979202253031251 0.03722862373942989 3.32219899729437 -0.9081446814068522 0.06332829781308985 -0.4138390560695592 -9.364253695168676
-0.4139223311670283 -0.011816649365047192 0.9102355028008063 84.38406101584354 0.05659285568612984 0.997647531585685 0.03868657914935348 3.3349128434915967 -0.90855134827182 0.067526065476776 -0.41227985402476847 -9.742486665272187
-0.41139184248838967 -0.009016051330355192 0.9114139908693616 85.22111240706028 0.060392241151681854 0.9974840093004014 0.037127192173314685 3.346563370408587 -0.9094556224152367 0.07031615752019968 -0.4098122848926192 -10.123265787236802
-0.40747060350162284 -0.007235942814408161 0.9131896563220645 86.1141099970482 0.0620618110245946 0.9974373499034392 0.035595851302532906 3.3630668435796536 -0.9111070403055677 0.07117846689267154 -0.405977323204681 -10.519673729386325
-0.4012715730430318 -0.00604911395675908 0.9159391534855951 86.96244761606489 0.06564619033020183 0.9972167673071239 0.035345391448672464 3.375955653788396 -0.9136036899896481 0.07431101682702987 -0.3997576395960822 -10.89247575481389
-0.3940306519625916 -0.0053990644172750984 0.9190814411233389 87.8142447675362 0.06979805976838692 0.9969192551306847 0.03578029628510451 3.392217255014253 -0.9164431658136275 0.07824863483217641 -0.3924398998323145 -11.258414677618838
-0.3848677044662801 -0.005397687902557603 0.9229559659182894 88.643299817249 0.06898872858501923 0.997017292677153 0.03459874897944468 3.409480377082525 -0.9203898116488897 0.07698949972578505 -0.38334737712014505 -11.597007650641618
-0.3738403294676267 -0.006287234324189733 0.9274717670894838 89.48374222719318 0.06815311690556185 0.997087490449176 0.03422994370170425 3.4267519583645845 -0.924985708386672 0.07600662520016102 -0.37232302132165973 -11.93397222595535
-0.3624832507144498 -0.008143912925119536 0.9319547036384084 90.32522318488138 0.07053385965850485 0.9968543038851405 0.03614514445048893 3.4398964323961336 -0.9293174202570185 0.07883637173247156 -0.36076856694964415 -12.26410550346345
-0.35077050737270904 -0.009106809968884542 0.9364171704799539 91.12137736507047 0.07026420465163871 0.996878060276005 0.03601492031120434 3.4535835710440583 -0.9338217135525201 0.07842957957646077 -0.3490355402323591 -12.561875370533507
-0.3383842021233109 -0.009906009846637268 0.9409558983939093 91.95422236767769 0.07026086884962332 0.9968874052829294 0.03576187210933962 3.470293616851579 -0.938381341492821 0.07821363153048871 -0.3366349443847839 -12.86202681803832
-0.3247990161139456 -0.008989542296677762 0.9457403381799411 92.76279374171595 0.07270310206337516 0.9967587103207265 0.034443175668402576 3.483867780483656 -0.9429845481670288 0.07994536590108413 -0.3230926808040789 -13.139911159591925
-0.3118503040586775 -0.006208302196566554 0.9501109644890677 93.56263604569179 0.07544294012368905 0.9966595475951283 0.03127473377932877 3.4972225775603514 -0.9471313270312645 0.08143219984324705 -0.31034021038963927 -13.401776288030447
-0.29857385766845146 -0.0013859560636325444 0.9543855251641071 94.37905971993965 0.0756795739575977 0.9968156363499308 0.025123479334648122 3.5040154129988657 -0.951381234628146 0.07972870407871728 -0.29751820136481155 -13.661477384657015
-0.2842580803476765 0.0016783905750165848 0.9587463307685364 95.23207674118177 0.07345667059877534 0.9970971731483661 0.020033592889951445 3.513513422957389 -0.9559296319821857 0.07612102406441333 -0.2835562173428544 -13.910105692339085
-0.27162647391857964 -0.000315421498560349 0.9624027011474134 96.0989959097098 0.07089958612799502 0.9972761096725663 0.020337398143095275 3.5217265764248116 -0.959787636591261 0.07375812894610331 -0.270864229939894 -14.148444197469136
-0.2583161269853185 -0.002563470075040125 0.966057041359608 96.94588943197562 0.07137624425431002 0.9972127002583169 0.021731594503516232 3.520130138101794 -0.9634200591099679 0.07456714467304319 -0.25741315164508505 -14.367173272202628
-0.24834220271199953 -0.0015982659624962578 0.968671046278387 97.76846526189559 0.06946462178751162 0.9973946988040023 0.019454591169976325 3.5189827426663878 -0.966178460053871 0.07211976389025468 -0.24758417353365664 -14.568678745341598
-0.2425970982113711 0.0020988449449107563 0.9701248593811622 98.6590471935542 0.06542064053917784 0.997756719867578 0.014200977097914014 3.51921263324063 -0.967918791909149 0.06691130553941553 -0.2421901927414588 -14.786225203316384
-0.2395764722565461 0.007370071194991053 0.9708495228364123 99.51462851433652 0.060380719627193644 0.9981485584519313 0.007322838086025567 3.5168968303998436 -0.9689980818548668 0.06037497255413602 -0.2395779206243278 -14.98773226272826
-0.2374402895354818 0.009955109469396057 0.9713511232817714 100.34112048188607 0.05935574668990294 0.9982277241692855 0.004278555210923837 3.509085513655448 -0.9695870276773461 0.058671172608540795 -0.23761037280503594 -15.185366927575965
-0.23348044465543089 0.009742050818585535 0.9723126937407277 101.20179140423053 0.05725144614466367 0.9983527676098642 0.0037447723654450496 3.5014324777690344 -0.9706745870155696 0.05654063893848762 -0.23365359460231 -15.387206756576884
-0.23065070578998415 0.00920611912397893 0.9729930623027369 102.05766479679926 0.05526683363340625 0.9984649343646218 0.0036540312518076982 3.493150390500294 -0.9714658146423475 0.05461705058795194 -0.2308054348717844 -15.585903461904964
-0.22826987783917013 0.007572114704903883 0.9735684495453755 102.90096716270598 0.05560408695622176 0.99843897850365 0.0052717851201682965 3.483783613125373 -0.9720087697058374 0.05533777447173022 -0.2283345841773879 -15.78205070869521
-0.22360430982095536 0.004768756766105466 0.9746683392766997 103.70579861186137 0.055903334227508164 0.9984046124606887 0.007940216588334551 3.47853844103437 -0.9730755005916765 0.056262676581619125 -0.22351416369467592 -15.964764294050282
-0.21881558163534653 0.0023267231595253367 0.9757634588325822 104.53068613509294 0.05498764207161114 0.9984374553544689 0.009950224354128942 3.4714880189713946 -0.974215633447231 0.055832195950294206 -0.21860161354019914 -16.144184220518422
-0.21672011026132626 0.00267970001047816 0.9762301024943724 105.3688172329432 0.05257413594770468 0.998577093039478 0.00893025678118713 3.468574767080604 -0.9748170874772718 0.05325982035906163 -0.21655262062060027 -16.32004038601118
-0.21284700949853103 0.0027901640224558023 0.9770815552103419 106.21101253118118 0.047102953259990685 0.998862565903536 0.007408524197980427 3.4632316499854126 -0.9759495183367425 0.047600309046609376 -0.21273633501813433 -16.49823518214725
-0.20876851715354194 0.0037144751881516905 0.9779580302444416 107.05347511542843 0.04529989286637972 0.9989561506800556 0.005876114769198689 3.4546811084434568 -0.9769153627371238 0.04552814176487857 -0.20871885960696346 -16.67465227616825
-0.20510295617622842 0.005310175477689097 0.978725998124178 107.9447462966139 0.04295910866441308 0.9990704100442971 0.003582004561628216 3.4448972067563304 -0.9777971631941522 0.042779876230729395 -0.2051404149336552 -16.858038961722073
-0.20139935987271285 0.0035727431684025555 0.9795026969585712 108.8237091318384 0.04131883586043676 0.9991342341958283 0.0048513772327452576 3.436238536612399 -0.9786373442935847 0.04144897542966227 -0.20137261678249962 -17.034648128078878
-0.1961592901859721 -0.00043899863918598833 0.9805719454246744 109.712567674717 0.04112502936236237 0.9991163547801165 0.00867418992397492 3.427635140814983 -0.9797092756699206 0.042027572985923745 -0.1959679011349369 -17.20691624436313
-0.1906314481511031 -0.0030128133739241586 0.9816570551528612 110.57833471672645 0.042043732975722795 0.9990526478251919 0.011230823252979777 3.4215653973626643 -0.980760916581243 0.04341347520122589 -0.19032418311311128 -17.376135471989688
-0.18594440964787778 -0.0004073657982762817 0.98256018165495 111.4081248314307 0.041756866580674734 0.9990931888873558 0.008316490381046048 3.415051345943723 -0.9816725730171266 0.042575039307095136 -0.18575878287158681 -17.52468311531783
-0.1822440639123507 0.00087957666572221 0.9832529316069187 112.25189716921811 0.04031811423075196 0.9991652343030952 0.006579074776648479 3.413915909428154 -0.9824263589875768 0.04084190133832916 -0.18212739569181535 -17.673123383806423
-0.17863715866201363 0.0018277220295205149 0.9839133218822406 113.1080566019147 0.03909759205429106 0.9992216452976728 0.005242314771949103 3.408073134458645 -0.9831379068272766 0.03940511389140709 -0.17856957511985744 -17.821731509783785
-0.17274252132489476 0.000522192840497343 0.9849668769257958 113.9598263487613 0.03799040105532688 0.9992592838519176 0.0061329489977034225 3.4008404594096735 -0.9842340934726728 0.03847870775364405 -0.17263440646532757 -17.967322120134593
-0.16721738739448638 -0.0010705390939182748 0.9859194689724974 114.79740488576218 0.03994148820541939 0.999171111522283 0.00785922510570937 3.3919484223762186 -0.9851106652924325 0.04069328993058021 -0.16703602390420785 -18.11108013638916
-0.1605113367106994 -0.001715943060301088 0.9870325052027205 115.64699345965066 0.04092564597498544 0.9991269492736058 0.008392302231686195 3.382701712200149 -0.9861851764698528 0.04174200252301765 -0.16030097609339045 -18.251674054794883
-0.15450743394053656 -0.001853812268601155 0.9879898867079479 116.54568602099465 0.04111116902292447 0.9991200714343851 0.008303892973636918 3.3778865122625894 -0.9871359200427666 0.04190043242046393 -0.15429526604630128 -18.39541665149963
-0.14827765953412436 -0.0018305461843563034 0.988944075660373 117.42328304186935 0.03687383589179393 0.99929268963174 0.007378392452847882 3.376515995331578 -0.9882580917501803 0.03756021231609496 -0.14810528194856015 -18.52011574158371
-0.1440225076611692 -0.0025294384088482107 0.9895711794652896 118.24926994241851 0.03440150723149295 0.9993794888847001 0.00756131580857744 3.3715760633182428 -0.9889762654316786 0.035131739750421526 -0.14384612360059856 -18.634892734388455
-0.14116708130275274 -0.003174761989326586 0.9899806947828697 119.09627049531511 0.03371211003889789 0.9993994690493948 0.00801217202218203 3.3644139676402323 -0.9894116174743389 0.03450539305817169 -0.14097527817569228 -18.753001422868625
-0.13751706187935142 -0.0038607839214866903 0.9904918737877573 119.96947618400303 0.032793329424931406 0.9994264453620356 0.008448541663163339 3.3550003510020407 -0.9899563905734934 0.03364334493652301 -0.1373115803717354 -18.87237214414229
-0.13341780736085618 -0.0029385603929292983 0.991055524953995 120.831493048571 0.03257741295287995 0.9994421961557244 0.00734906175781218 3.347314537741845 -0.9905243060340918 0.03326652080154634 -0.13324765569960795 -18.98754530679162
-0.13106202929793948 -0.005174509376780583 0.9913606654134587 121.68772522718014 0.03195356119436135 0.9994447636380783 0.00944109969356599 3.3410062499320596 -0.9908590789831339 0.03291487337261466 -0.13082391489158424 -19.102259623342178
-0.1281790045347989 -0.007052707990043646 0.9917259712775879 122.52893298130564 0.03141579129352888 0.9994440069478268 0.011168036240708269 3.334729005879896 -0.9912533434263258 0.032587363901971464 -0.12788617149657366 -19.204394605250517
-0.12595120672920634 -0.008546673739951645 0.9919996209129518 123.3903191927399 0.028447949948080947 0.9995205361118764 0.012223421549600216 3.330909236553679 -0.9916284625136618 0.029759910258778853 -0.1256476823271373 -19.30800587891295
-0.12235036017580642 -0.007497309973544581 0.9924586539035322 124.25269144901037 0.02740527814753635 0.9995646534529714 0.01092951495252836 3.3214002035148935 -0.9921085324169462 0.028535835551144518 -0.12209162950379276 -19.41138903166925
