1.0 0.0 0.0 0.0 0.0 1.0 0.0 0.0 0.0 0.0 1.0 0.0
0.9998781883944236 0.0014005791927603622 0.015544991187219307 0.0016106120310723782 -0.0013924290805182333 0.999998887402517 -0.000535102778960256 0.005932096857577562 -0.015545723345719437 0.0005133922994461185 0.9998790261396653 0.20994296669960022
0.9996563187864806 0.000834997673869992 0.026202043606307946 0.015180241822376915 -0.0008244354015459214 0.9999995744927404 -0.00041390893583427145 0.011885156922106772 -0.026202378070146786 0.00039216479076702724 0.9996565818271023 0.44035299735559996
0.9988249556309765 0.0003852149918554339 0.048461939892952756 0.03397054165568125 -0.00030737920853065454 0.999998650963501 -0.0016135641296357902 0.015312507302221764 -0.04846249608512008 0.001596771927463047 0.9988237265867345 0.7097293750329368
0.9975290801726479 -0.0010660442464745744 0.07024669216109451 0.06546437408055042 0.001187882611857461 0.999997861874876 -0.0016926844291541283 0.015322866342860945 -0.07024473748838032 0.0017719467657953494 0.9975282136660836 1.0262891782973773
0.995213759066248 -0.00412424008125198 0.0976348524297572 0.11088168276717794 0.004212813643414751 0.9999908803183011 -0.0007010573694718843 0.01962597970810899 -0.09763107070207788 0.0011090193783820765 0.9952220576884259 1.385867908664821
0.9915680759311326 -0.008717487212984456 0.1292932953053769 0.1740627321474323 0.00902550311778752 0.999957655442911 -0.0017965563134336384 0.021218316374023407 -0.12927215898136282 0.002948344926901023 0.9916047681281537 1.6961610678794847
0.986800126008077 -0.010643966917207303 0.16159275131858078 0.2383855665101596 0.01105378858132963 0.9999375645360533 -0.0016373111205125264 0.02424540864808698 -0.16156523471478187 0.003401910929387154 0.9868561708443566 2.000202882968323
0.9796461431396571 -0.012523412083108676 0.20034120490151522 0.31988848218150057 0.012921546498836351 0.999916282291806 -0.0006797380464064211 0.023817680298082382 -0.20031592015532032 0.0032546209502751656 0.9797259512612684 2.3536172056262026
0.9698410724017462 -0.01609637734600467 0.24320608733945434 0.4403607032475384 0.01554881856890268 0.9998704101726917 0.004170983361874065 0.02106795506718675 -0.2432417080266923 -0.0002636236497559085 0.9699656705156265 2.7809876943151695
0.958190967875803 -0.020086729918384727 0.2854235315499023 0.5595415145109891 0.02014778762825329 0.9997933051572293 0.002722795708574728 0.021182927389751093 -0.28541922803994657 0.003141694442446182 0.9583976179128951 3.121780615787453
0.9456184521166936 -0.024265134532625462 0.32437161753541643 0.7098067017148112 0.02383148999143145 0.9997018877070172 0.005309971733918611 0.024301675470939033 -0.3244037655472223 0.002709051704988194 0.9459148259424011 3.484605284193037
0.9312344281989631 -0.027739166045970008 0.36336342469217275 0.8903757054542369 0.02628663644148431 0.9996144461010925 0.008942700408665745 0.02530602837038565 -0.36347139155859765 0.00122385173939733 0.9316045565074145 3.893239602334419
0.91428012331136 -0.02879438950854539 0.4040578414665339 1.0940544049693985 0.026286730828800883 0.9995853478540832 0.011753303270393391 0.028906137768382696 -0.40422872720787506 -0.00012445184547400182 0.9146579254626505 4.318492564064788
0.8965648968033163 -0.03363616084311491 0.4416333258527884 1.3112200781044956 0.03060949379059894 0.9994336590105872 0.013979274895098825 0.031385137330261145 -0.4418534199369089 0.0009848453917030162 0.8970867212090547 4.709607830798028
0.8779384449548274 -0.03847110706567744 0.47722537735480997 1.5297252164150694 0.035876841438911844 0.9992502640548385 0.014552045722262087 0.037725418597984846 -0.4774274176444696 0.004345538801669065 0.8786604447531803 5.075514035186476
0.856043558842333 -0.042615897601119286 0.5151439707850656 1.7675729893414207 0.03910329797753901 0.999078929979556 0.017669854503796094 0.045498050632121624 -0.5154225038275233 0.005017663057285233 0.8569215049265659 5.426889603014358
0.8312676267634298 -0.047990985134586335 0.5537968924081348 2.058428646164391 0.04327142515167751 0.99882972277758 0.02160482958520792 0.05137825088704015 -0.5541856335745615 0.006004185363146088 0.8323714515152998 5.8144050826477
0.8036991448340374 -0.05047989491713917 0.5928907697056784 2.330822354113081 0.04546257934434281 0.99869186317106 0.023403339831664545 0.06499792507881132 -0.5932965855897003 0.008145099451303726 0.8049427426112568 6.1692623439057614
0.7750166749533127 -0.050993650742944846 0.6298799894648327 2.631166980078901 0.04443928942321307 0.9986692282524814 0.02617101635689787 0.07704105394805232 -0.6303763186382171 0.0077084450766463485 0.7762514262625411 6.498437516804753
0.7513516509087228 -0.05363542296438982 0.657718737820482 2.969905828944099 0.04553578847646353 0.9985297060222972 0.029409490965531842 0.08701810328269126 -0.6583290884083458 0.007852871733062514 0.7526892743762068 6.861243169952121
0.7237176834504335 -0.05635246039958371 0.687791476297905 3.315140484014347 0.046580911495633 0.9983763492483119 0.03278542276453034 0.10141758357278287 -0.688522282388431 0.008310563670794462 0.7251675676601234 7.201280912455751
0.6975991241246288 -0.060410902256369144 0.7139369614392592 3.6774495366398994 0.04972267956806697 0.9981186373622895 0.0358725645391865 0.10968486329558381 -0.7147608811043888 0.010474189162802952 0.6992904791317123 7.536065963839645
0.6670909236863469 -0.06027059591553163 0.7425342785375522 4.063130323090078 0.04982994459146635 0.9980997445718204 0.03624743449788303 0.12781657495463586 -0.7433079282217483 0.012820107396337516 0.6688265609924882 7.865690229654332
0.6398904308042438 -0.060715207919035764 0.7660639007892929 4.514865600999654 0.05087460295861577 0.9980339965240811 0.03660487065915824 0.14415277349825273 -0.7667802888304853 0.015550090337961306 0.6417212660895062 8.231902189420431
0.6151862827406935 -0.06373228080928037 0.785801523229966 5.008005100706703 0.0545187327499237 0.9977801157964807 0.03824327784727908 0.16595656470074985 -0.7864944661642763 0.01931416330077034 0.6172952436143999 8.604139478591039
0.5926211477321263 -0.06254031061050155 0.8030497399348309 5.526280172479972 0.054927178863402606 0.9977981703084704 0.03717279046798141 0.18222172619459087 -0.8036063590357938 0.02207987495006841 0.5947514597202971 8.982843788398316
0.5709908551584322 -0.06312352615187684 0.818526031211956 6.075125673886143 0.057796370400378466 0.997656532738068 0.03661997069358297 0.20738979462397522 -0.8189194239325288 0.026398165300072284 0.5733010674809575 9.35577832230157
0.5475550214579272 -0.06424035649287206 0.8343001109156571 6.647203831213569 0.05907238272490162 0.9975286777309699 0.03803933100759801 0.22527582583696112 -0.8346819466571753 0.028455468753327044 0.54999666746501 9.736003836562734
0.5326528537161753 -0.06576221447566327 0.8437750106368828 7.219132852299987 0.06343629468932113 0.9972743123078988 0.03768000168388102 0.24304787277423912 -0.8439530638276659 0.03345559980129686 0.5353727196055391 10.094041149942276
0.5206482886684376 -0.06491750714646394 0.8512996398287246 7.816761310601974 0.06290958341127675 0.9973115660676092 0.037576914492710924 0.2675645595394366 -0.8514503766054996 0.033990549475724864 0.5233324934730227 10.472586452058428
0.5108527922851873 -0.06699907393166757 0.8570534106499585 8.448275289683194 0.0650628508724029 0.9971122232030233 0.03916681982852177 0.2863846132196449 -0.8572025723542731 0.03575385897247135 0.5137367142007605 10.85247930927312
0.5010288396343703 -0.06784503796297221 0.8627671485855495 9.064708994277533 0.06631681627909826 0.997000976116027 0.03988901480726396 0.30568762061695204 -0.8628859610245383 0.03723042368134768 0.5040255090957863 11.224079175069333
0.4906939054355361 -0.06898998552937392 0.8685964961160493 9.741447682324564 0.06702019186043663 0.9968957043528932 0.041318864042216366 0.3280873262594067 -0.8687507036264268 0.037938589053965535 0.4937943685474581 11.611230598402893
0.4791664860203175 -0.06794469362291022 0.875090279504595 10.457455049226395 0.06750108236808586 0.9968992466671431 0.04044126449085932 0.3524540891263185 -0.8751246097294247 0.039691442440047624 0.482267049302511 12.009624042458174
0.46866828151048195 -0.07003798822166644 0.8805933920441791 11.210357784891508 0.06876500868159303 0.9967196831853192 0.042676067438052634 0.3798878413397901 -0.8806937126419332 0.04055309306105387 0.47194706393423985 12.414567662926423
0.45829397997293364 -0.06850778952446157 0.8861564820589197 11.913632298207345 0.06873231819606498 0.9967710584669454 0.04151295506321382 0.4064629260433964 -0.8861390953772231 0.04188245190002141 0.4615228746951544 12.788532825631588
0.4471014350923101 -0.06998603819671731 0.8917411402396577 12.704252292131166 0.07063983187697415 0.9965833833028492 0.04279689564722304 0.43041256252097293 -0.8916895877438459 0.04385789076294137 0.45051766283580524 13.184231558519668
0.43540778059810614 -0.06916552245181784 0.8975723898932045 13.491898784382641 0.06973528571744031 0.9966395844112692 0.04297125446667503 0.45115540411183563 -0.8975283029077906 0.0438824485244369 0.43876790697470314 13.57950260801654
0.4170531404564118 -0.0713134705845614 0.9060800554855125 14.32374142742577 0.06900925242766 0.9965238632184754 0.04666811669116967 0.4739263998921453 -0.9062584626445261 0.0430648226434293 0.42052469598808345 13.974862988303578
0.40430217821053155 -0.07372588789667102 0.9116491880915967 15.139398395017375 0.07019447836330221 0.9963072884498043 0.04944210947262171 0.4943128263748635 -0.9119278940253577 0.04400318665331309 0.40798435713006226 14.346943106430261
0.3918346470727827 -0.0717477898956673 0.917233810976479 15.939260528136877 0.07096535897805972 0.996341437513429 0.047619929848638484 0.5209145116967986 -0.9172946784858524 0.04643268825688768 0.39549270319789187 14.69944187517118
0.3766938681043504 -0.07039733388602677 0.923658998285797 16.736804242620288 0.06998553154991245 0.9964211857370608 0.047400907038010545 0.5457168754106546 -0.9236902917678949 0.046787134942088235 0.380272545548127 15.02939315922141
0.3611036316128912 -0.06772998267263924 0.9300628025478417 17.463527557316223 0.06984816884756012 0.9965216860301549 0.045450660944149346 0.5725293341925791 -0.9299061245871134 0.04855078494505807 0.36457841507225114 15.320058929420364
0.3398668281212501 -0.0667142131368163 0.9381043400967382 18.305234733098146 0.06851801405550983 0.9965865244757657 0.046049766375121044 0.5991349678422436 -0.9379743178214903 0.048626258326646084 0.3432778264153697 15.634627171372516
0.32302475930997077 -0.06456287356110149 0.9441857021954255 19.089816767397163 0.06842785663214807 0.9966523780212427 0.04473998012216931 0.6265642305014212 -0.9439134670664816 0.050156482553456 0.32636129358182053 15.914206145003972
0.29751665177305653 -0.06299877999818282 0.9526358147983364 19.920813977181467 0.0671410638803221 0.9967306200969899 0.04494606214217575 0.6481739084739729 -0.9523528334912267 0.05058878017713393 0.3007737619231792 16.17914308400326
0.27088827503524493 -0.0597252315558922 0.9607561809137761 20.74395692903041 0.06470028483599011 0.996946006769897 0.043732513393337794 0.6773110433435225 -0.9604339725304241 0.05031457344698234 0.2739252235707347 16.415678254714855
0.24378995198759273 -0.061828281197378814 0.967855217971193 21.57656162188029 0.06390793784188747 0.9968208541569388 0.04758109076754226 0.7000881969110267 -0.9677201221379481 0.050253839276313036 0.24696622612678404 16.656131153720484
0.2111876617215886 -0.06232183166078566 0.9754566934697884 22.42470891617553 0.0638589635755902 0.9967128863279837 0.049854337813185136 0.7346219793113256 -0.9753572700849773 0.051763032428408136 0.21447327144937262 16.851120716879706
0.1777891065066171 -0.06010247173610004 0.9822315035157396 23.262573470078483 0.06389455642659851 0.9967320123297017 0.04942450056633976 0.7600455887415495 -0.9819921177212307 0.053972108430143786 0.18104831467036037 17.014310995591618
0.15150981678290792 -0.056915297540754646 0.9868158006052888 24.142747856631402 0.06308021932077859 0.996862633191967 0.04780979477074183 0.7885622983584726 -0.9864409061615663 0.055004903885247806 0.1546247043642202 17.163523227384093
0.1254150009900769 -0.054892733583769775 0.990584607858592 24.973554731265015 0.06407934673941112 0.9968314688002424 0.047126002705532535 0.8125419770617437 -0.9900327847339752 0.05756570688572159 0.12853511015531066 17.273793389296728
0.09933855169203526 -0.05213381178000025 0.9936870321268244 25.801012230479994 0.06358178009946326 0.9969183626121099 0.04594709486108741 0.842857671250703 -0.9930202462120864 0.058616072506419044 0.10234718685342498 17.367529577095066
0.07050972077105372 -0.05013508564473293 0.996250396468771 26.621790529317373 0.06553797165284124 0.9968110467487399 0.04552484323216284 0.86910668450825 -0.9953557924422902 0.062082286258456354 0.0735706203895527 17.42690331583706
0.040774860950578806 -0.04826628979717693 0.9980018917735958 27.41876676979258 0.06755832445659826 0.99667993004034 0.045442159405118136 0.8944005513739594 -0.9968817801078913 0.06557043788170171 0.043900275226061325 17.455587047365643
0.010844033601512926 -0.04449665050701261 0.9989506769750478 28.23442084742383 0.07069579186019234 0.9965436398482176 0.043622000083977486 0.9199644021378102 -0.9974389765537086 0.07014857070335036 0.013952278658607542 17.460975301793482
-0.015153724391004542 -0.041055121366163544 0.9990419619048498 29.074862197233713 0.07201985927757952 0.9965166641920964 0.04204376121488958 0.9427717731292083 -0.9972880749847155 0.07258798107859588 -0.01214415481679515 17.455579582363793
-0.039447674459594295 -0.033960927916328036 0.9986443492829629 29.921315112398272 0.07371547637391726 0.9965999943877588 0.03680325704725321 0.9706996395509243 -0.9964988256504355 0.07506734683856701 -0.03681010616558933 17.424437025291112
-0.0651573722870753 -0.023880015180115757 0.9975892249376199 30.737877981971515 0.07162964329238238 0.9970227585072908 0.028544933356359967 0.9981785593158561 -0.9953008143463211 0.07331687318421601 -0.06325286608557801 17.388876305402388
-0.08862888051176476 -0.014550484406478374 0.9959584353489699 31.636454087672547 0.07063254230360247 0.9972843619956209 0.02085534192281055 1.018986503377748 -0.9935572280985938 0.07219546192472462 -0.08736045885018284 17.318285499166695
-0.11191345484516035 -0.009189031597661452 0.9936754703236451 32.490096859893455 0.07096898168241404 0.9973299459961995 0.017215761911082615 1.030771084715054 -0.9911804993358079 0.07244681164492389 -0.11096250366183824 17.225787751664807
-0.13554250610521756 -0.005932651776892693 0.9907537699557906 33.29644581222533 0.0730931629653506 0.9971972317821001 0.01597092526554939 1.0370033516119073 -0.9880716667157491 0.07458206600122576 -0.13472897559378616 17.117400929429728
-0.15830651150238134 -0.005098824065066766 0.987376853288095 34.064640181448326 0.07444149565050945 0.9970790315745508 0.01708415990535254 1.0375486534743412 -0.9845798658012778 0.07620634348602462 -0.1574645390912774 17.001434907221718
-0.1763420803610043 -0.006971664315093502 0.9843042550911945 34.818746234615574 0.07739803516488247 0.9967806369436678 0.02092620287563171 1.028444385141693 -0.9812813127980013 0.07987338549763703 -0.17523477806239596 16.861762873123684
-0.19075768948922056 -0.009281195627539492 0.9815932779458392 35.64164708235056 0.08243199837690576 0.9962719524167505 0.025439388186545956 1.0351328691521977 -0.9781699594366635 0.0857674544068979 -0.18928146824302894 16.699055868630154
-0.20075982949946014 -0.006164597018864841 0.9796210944048434 36.41058460315196 0.08620198800169193 0.9959901627074881 0.023933513207801682 1.0427538676246746 -0.9758405136721391 0.08925017385701196 -0.19942341473003933 16.537178683508575
-0.21144112015846228 -0.005144326268401507 0.9773771987382248 37.172883256367946 0.08620092997528209 0.995991284610229 0.023890597561861217 1.046556609675177 -0.9735820727486367 0.08930227817760603 -0.2101500671776202 16.380426473480753
-0.22115378387778856 -0.0012358121551156176 0.9752381640629398 37.98051924016609 0.08698999689719046 0.9959880587617809 0.02098874088091731 1.055751159170734 -0.9713515039965518 0.08947770433050214 -0.22015902459672193 16.201823721130154
-0.2289711891593585 0.0009900896779278245 0.9734326963161752 38.78647174011373 0.08683874169281418 0.9960332133206202 0.019413163147938936 1.0584215560619794 -0.9695520756907068 0.08897672552206817 -0.2281488874380338 16.014131041679015
-0.24332096543937487 0.0009392119105797944 0.9699453725126163 39.59498607700952 0.08562974744286805 0.9961157647781762 0.020516566800027385 1.0613459769616895 -0.9661586071295548 0.08804828812291796 -0.24245627405390535 15.8150834176456
-0.25386576044920883 0.004211597587878445 0.9672302921834609 40.438342912709935 0.0899493104746373 0.9957598494427854 0.019272876869297358 1.0671221165177551 -0.9630479205193699 0.09189442139455242 -0.2531681617026086 15.59505361271892
-0.2608278716228881 0.006886433037144021 0.9653607607649585 41.22461514229225 0.09085501670882958 0.9957113243439079 0.017444899315838182 1.0687563773257938 -0.9611005084399408 0.09225798400857438 -0.2603349324680827 15.388360570037765
-0.26634000933517676 0.007869081789857256 0.9638470194896711 42.041355149965554 0.09118697849215307 0.9956874987603292 0.017068677918072324 1.0696550297926122 -0.9595561132006869 0.092436369271969 -0.2659089755066696 15.171393078143927
-0.26920411936826794 0.013015722208045755 0.9629951885085193 42.82440394677141 0.09225653728085675 0.9956588916003525 0.012333000693401514 1.0721382151067582 -0.9586541990958479 0.09216269610075727 -0.2692362605655825 14.95450304218783
-0.2716837870160152 0.01304356155267717 0.9622981790353022 43.67130936852301 0.09496227097966009 0.9953917760210393 0.013318382787219057 1.0691398127746812 -0.9576899743460943 0.0950004091133444 -0.27167045350069824 14.715991038451
-0.26703842963150143 0.012566644134370655 0.9636039417494833 44.52784682393274 0.09310641930597158 0.9955736438545759 0.012818515754277483 1.0695256469995646 -0.9591776017943507 0.09314074896264332 -0.26702645767548133 14.484259991138607
-0.2625577400528842 0.013880835973153857 0.9648164361841112 45.39479243732927 0.09221954878983049 0.9956804404280315 0.010771043126915 1.0672509948003415 -0.9604993430290949 0.09180295715132594 -0.26270369068391414 14.256532623135303
-0.25585574509860826 0.011655138470084266 0.9666447100394638 46.32283576830734 0.09247327852488058 0.9956370593100521 0.012471523054211009 1.062385252673343 -0.9622819391731802 0.09257971632963138 -0.2558172505235507 14.015716142136556
-0.24874544799498427 0.015068850490843201 0.9684516672744489 47.24466977102725 0.09355023380089594 0.9955779567489977 0.008537317569888098 1.0628993120969876 -0.9640404845532021 0.0927224987819894 -0.24905517935198956 13.77868371468753
-0.24624984620907603 0.015032865195402041 0.9690897926436041 48.16170662196294 0.09317931086282244 0.9956153047380805 0.008232921621706954 1.0555207374348505 -0.9647168648205214 0.09232647472592323 -0.24657086769435582 13.551052103113204
-0.24524872516751883 0.01660003408498533 0.9693180601185991 49.09711841077297 0.09223800443054617 0.9957171522898792 0.006285155081940247 1.0537165648764748 -0.9650622846958519 0.09094938979515375 -0.2457295162440032 13.32319883597288
-0.24556030960147734 0.01628943094438485 0.9692444422270032 50.0620615002034 0.09105545855046121 0.9958256861827821 0.0063329461355828495 1.0449330736495244 -0.9650953516708034 0.08981011734820898 -0.24601850541231474 13.084343592817113
-0.24867361817965078 0.018133497387155903 0.9684175792982858 51.00689093981085 0.09172525448303243 0.9957722586074382 0.004907818034993218 1.0341782268853417 -0.9642343643074874 0.09004879377510658 -0.2492855900933389 12.849896391994601
-0.2516651216743042 0.019023409095391464 0.9676273954570773 51.93821975734255 0.09229897773546764 0.9957214848508007 0.004429821159412477 1.0249646972618494 -0.963403116686699 0.09042585091060026 -0.25234420985124384 12.610389619773894
-0.2534861594339337 0.019006018619983175 0.967152282855007 52.8987593382573 0.09253083445191518 0.9956987980040172 0.004684904373382079 1.0146840721092918 -0.9629033241458183 0.09067896619157234 -0.2541545070215381 12.366702860783139
-0.2543404386753522 0.020695515071440518 0.9668932913772634 53.85006040851741 0.0928164829478301 0.9956783957632389 0.003103659700807379 1.0005634156183778 -0.9626505293966368 0.09053302086129143 -0.25516216487971793 12.119524463697811
-0.25272577754749265 0.022629169829744437 0.9672732819817946 54.821316528439965 0.09351838141425603 0.9956168984202463 0.00114189216094409 0.9893002090556079 -0.9630077848598491 0.09074641730044264 -0.25373429812790577 11.867551512834709
-0.2541146234652876 0.024550563605596425 0.9668624659007832 55.7664790456344 0.0949010194383125 0.9954866569670819 -0.0003351269500903656 0.9728654805985593 -0.9625069114820239 0.09167107301188968 -0.2552975905138642 11.617920946479076
-0.25570316213339606 0.02354948818369379 0.9664684756789889 56.74228234323082 0.09500908142151226 0.995476016189908 0.0008807031909211296 0.9507611645229946 -0.9620754478326649 0.0920484806879294 -0.25678378040799466 11.364013900538113
-0.2588867451354976 0.027108241245546748 0.9655272116567826 57.696675379485995 0.09595021227854644 0.9953836602837999 -0.002219370119376167 0.939357598974247 -0.9611301732631485 0.09206797541272504 -0.260292677473939 11.123129749408319
-0.25801644731171053 0.02880909842434974 0.9657109033062742 58.57898362142246 0.09723205844312939 0.9952548147548788 -0.0037122120284723142 0.9236273305178779 -0.9612353716585526 0.09294024723018868 -0.2595932794146187 10.88272235320069
-0.25844841847794353 0.028251621194280083 0.9656118582982217 59.56030559225614 0.09736970513814021 0.9952435848710715 -0.0030573345074714833 0.9005450581279624 -0.9611053821031083 0.09323117865217542 -0.2599699825356089 10.627535698776546
-0.2571822960560442 0.028793423642708094 0.9659338514361492 60.54869937404272 0.09941185444162426 0.9950412512017319 -0.0031924290703248606 0.8756369329751084 -0.9612359490738048 0.09520423920090576 -0.2587694012945854 10.36388592307467
-0.25620409207778533 0.02862949948193308 0.9661986415649798 61.44753277709623 0.09961354192415284 0.9950214678894709 -0.0030693166027645144 0.8528493851874817 -0.9614762636008874 0.09546009741508205 -0.25778045762543816 10.131033572109382
-0.2558103015918699 0.030408620117002773 0.9662486250557134 62.43313800622696 0.10242692577304816 0.994731715760671 -0.004187903594207745 0.8320035645021141 -0.9612855010225418 0.09789856731541943 -0.2575772816873204 9.88285406766859
-0.2550511345273728 0.03051182765450943 0.9664460394401134 63.43646474290131 0.10242602881153703 0.994731007452432 -0.004373949538784561 0.8098261107835765 -0.9614872996551739 0.09787364908825645 -0.2568324773387328 9.626428216215396
-0.25775629647139586 0.0331897594877504 0.965639752441093 64.35727226000128 0.10188255012277464 0.9947718359184229 -0.006995744704518796 0.7850082783801234 -0.9608234164558181 0.09657864323252721 -0.25979016159495727 9.387047555028616
-0.26066510012993255 0.03542512293071145 0.9647791282151562 65.33199546913242 0.10000658656903949 0.9949413000076004 -0.009512737881175355 0.756048203213968 -0.9602355899554348 0.09400462863354506 -0.2628892192129753 9.139354225352756
-0.26579859346773593 0.03356434225313649 0.9634441045746697 66.33565437556987 0.09788541753744659 0.9951681766469291 -0.007664543218323938 0.7332824915392196 -0.9590461682026014 0.09226990364327974 -0.26779976127242333 8.868728826010866
-0.2728740001285514 0.03413537253017909 0.9614439954547896 67.29979919776258 0.098770583413825 0.9950834769943266 -0.007296962722563451 0.709239180194364 -0.956966118473343 0.09297123294389364 -0.2749039794891232 8.600986594453538
-0.2798438862782185 0.03672818947899876 0.9593427121786555 68.21501680634431 0.09968076135201517 0.9949786284787709 -0.009015247461214265 0.6836881254550569 -0.9548566097215783 0.09310515006216946 -0.28209978004761865 8.33806164178691
-0.28629142376617867 0.036796259219114766 0.9574357712063061 69.13874515362612 0.09860046973733479 0.9950885443276458 -0.008759926681419984 0.6581388986008714 -0.95305570038981 0.0918957249025581 -0.28851344457255745 8.078763987317524
-0.28988012566177074 0.03734793852234886 0.9563339606196397 70.12670426928608 0.09951530837473882 0.9949980559895659 -0.008693214368994201 0.632217466731807 -0.9518751053291583 0.09264987892661003 -0.29214685312268523 7.783028886751131
-0.29322075752168897 0.03930927310629626 0.9552362893055633 71.0117997018246 0.10067501270309007 0.9948687367982003 -0.01003685004301988 0.6057887269302805 -0.9507292617646939 0.09322541278754429 -0.2956736262079396 7.509975408678333
-0.2962949977855514 0.042539795499149866 0.9541486467454381 71.97548371625267 0.10213560579243029 0.9946902940794526 -0.012630791485312862 0.5741943553372144 -0.949619709313509 0.09371010971620235 -0.29906658626517274 7.21535671126757
-0.30010282507708935 0.04459348945167561 0.9528639541294825 72.86224755523061 0.10441754532166353 0.9944398268573951 -0.013653094478246246 0.5501308072008806 -0.9481747046877742 0.09539838289172867 -0.30309054411494735 6.930854045788612
-0.3021645124677418 0.04674607314759832 0.9521089286685694 73.730624982729 0.10450574465165974 0.9944010420608014 -0.01565620909397447 0.5205694286766334 -0.9475099771189398 0.09477010179202902 -0.3053579392555471 6.665996263395692
-0.30835693700925687 0.04588461360858136 0.9501634604804904 74.61875279485567 0.10777929892400441 0.9940894772592421 -0.013028197338725206 0.49133920697947037 -0.9451452915407871 0.09839061660767177 -0.311479797806925 6.371400047981458
-0.3105082600008289 0.04342755090249129 0.949578152809904 75.50524537309794 0.10973991374502515 0.993914258545459 -0.009570683949702626 0.4580679892180999 -0.9442148970454195 0.10123484816327913 -0.31338432270116146 6.080238984540332
-0.31174920783674054 0.04381425343804384 0.9491536980957466 76.40909006971212 0.11107319852198042 0.9937678499485318 -0.009391750569995937 0.42510863327699083 -0.9436499223670086 0.10249766633606425 -0.3146729292652919 5.777640924589876
-0.31136647812310214 0.048238494899078034 0.9490647838325303 77.27550343872055 0.11388309647647885 0.9934073921653142 -0.013129871600247985 0.39351738332027614 -0.9434413371472257 0.10399423446125083 -0.3148073102084411 5.491177218609091
-0.3102346324275941 0.04952388730224268 0.9493691892140751 78.19125291989381 0.11472289871973328 0.9932942257226655 -0.014326117944245043 0.361028324096166 -0.9437124187758988 0.10446992740729442 -0.3138357929167054 5.193273736675562
-0.30852436734718575 0.05240247776548597 0.94977191739757 79.15677300968643 0.11775605629166587 0.9929049594793649 -0.01653035534751486 0.3237992015592554 -0.9438994787368267 0.10674137794369548 -0.3125060835808295 4.875297365831327
-0.30428537517079374 0.053571502302897964 0.9510733434379182 80.10035511932878 0.12206388852602125 0.9923792860254161 -0.016845170987339605 0.29121054116722583 -0.9447279066350673 0.11096597139977755 -0.30850564924524054 4.569563350933037
-0.302843984265954 0.05454674580709936 0.9514778892416674 80.95120880075294 0.12146388074703185 0.9924283608199478 -0.018233878196994666 0.25908980026791995 -0.9452682406956207 0.11004817655048947 -0.3071764183170948 4.3070712213466695
-0.301169333426025 0.05123891189270081 0.9521930510730353 81.83345963497584 0.11961129004106918 0.9926984408519235 -0.015586687424585119 0.22565042604173344 -0.9460392020938854 0.1091988069450053 -0.3050990800762147 4.034602757157075
-0.3013820953153455 0.05142944047690804 0.9521154579543196 82.68586588340048 0.12036535171959709 0.9926083949764115 -0.015516324557359192 0.19359834186904662 -0.9458757924425116 0.10992536956764709 -0.30534472059733814 3.7662525093344836
-0.2991134250560136 0.050530460111189564 0.9528787076812097 83.581402504871 0.11813579285235196 0.9928754054367026 -0.01556803539468811 0.15679964162637672 -0.9468764932125029 0.10791247323574579 -0.30295181914247976 3.496250251842226
-0.2983994769314163 0.049246206789240125 0.9531697452625786 84.442612299173 0.1156118345950512 0.9931793861692086 -0.015119874011406603 0.12450231870788643 -0.9474131389571415 0.10568594043403165 -0.3020576536457083 3.2364695817280724
-0.2970786203406481 0.05068555608555453 0.953506826268588 85.2732587846338 0.11995454199011213 0.9926600399068115 -0.015393278667974838 0.0879566464837202 -0.9472883411044599 0.1098044606402928 -0.3009780377885651 2.9704984358861872
-0.29508797669808573 0.052768237690830555 0.954011844318106 86.118539380477 0.12421279464516297 0.9921191462805098 -0.016455431628229655 0.05102275577617345 -0.9473617406538375 0.1136446772824701 -0.2993169217914261 2.7077387603013494
-0.29088722788061244 0.054228491606532404 0.9552192896680916 86.96747723504214 0.12626596960493972 0.9918357024657174 -0.01785620995793477 0.017029157221323143 -0.9483889105085832 0.11541754638016549 -0.29535955107618456 2.4458923866835707
-0.28494841209020677 0.055646929007370914 0.9569262363104685 87.80645040680508 0.1286845826207944 0.9914970043271767 -0.01933826791485839 -0.020643012561410927 -0.949865611885693 0.11763124458358641 -0.28968639880866837 2.1911386400746213
-0.2732824664876899 0.05594413673691279 0.9603056529434608 88.65873583580519 0.13318192711999982 0.9908932991194939 -0.01982533855167798 -0.05857272395427188 -0.9526695480590361 0.12247744006488376 -0.2782445127511864 1.9428885547479777
-0.2640276984794004 0.057161816018431524 0.9628197657013208 89.45792488295572 0.13281633639597612 0.9908873574745243 -0.02240682002216559 -0.09331928909926104 -0.9553267478836872 0.12196217276938695 -0.26921373143164234 1.7196074051657828
-0.2544705471677427 0.05923468964557243 0.9652647264697612 90.34157550070312 0.1316959607711474 0.9909467099560292 -0.026091990033078258 -0.1364656829530172 -0.9580714558636608 0.12048182257052124 -0.25996772086043946 1.4774176003443782
-0.2480170236482619 0.055518535602686825 0.9671635064378674 91.16249989925137 0.13119511670811854 0.9910839308339394 -0.02324829874830006 -0.17568248402326517 -0.9598309212213372 0.12112115524251016 -0.25308944746891177 1.2675192931250117
-0.23956885514963988 0.0538179331448672 0.9693866069398244 91.96834304521684 0.12956107884454499 0.9913042936553124 -0.023015738727661744 -0.21534532600167464 -0.9621957651595275 0.12008092043516738 -0.24445834421535817 1.0647579538113179
-0.2301540864178152 0.0529833844258531 0.9717107890107856 92.80153471579321 0.128956360426803 0.9913715076474029 -0.02351150634025634 -0.2532711268737107 -0.9645721090777265 0.1198970174762396 -0.2350007480618922 0.8556499062988174
-0.2163181819950254 0.05374766043900998 0.9748423632237677 93.59828233616206 0.13209697483081512 0.990913326173571 -0.025321320111276663 -0.29119910752079337 -0.9673452503521762 0.12329626518659689 -0.22145247258073752 0.6679075828861337
-0.2032183722383214 0.053296014661642466 0.9776818644150015 94.38229123509487 0.13140545845004817 0.9909688975173847 -0.026706734033051155 -0.3294161454382035 -0.9702756817906651 0.12304543459375264 -0.20838647353246054 0.5075034139907523
-0.19073238316410152 0.05759184336708979 0.9799511914325749 95.2127879698918 0.13347263803914594 0.9905281196247142 -0.032235060533514506 -0.37225836570044163 -0.9725256875308814 0.12464840075311358 -0.1966127241108207 0.334990873491273
-0.1790157909918994 0.06011939505436096 0.9820076399467788 96.02877773058746 0.13165129637504194 0.9906184568385321 -0.036647089019674464 -0.41545955641132853 -0.974998093710093 0.12272217122078126 -0.18525114291831452 0.18668901183917969
-0.1656138089018664 0.05782275063943816 0.9844940811449838 96.86812463941591 0.13038631652845017 0.9908000181291667 -0.03625924071717766 -0.45884452774857565 -0.9775333624808717 0.12235952592149409 -0.17162946032982895 0.04177238247682796
-0.152092514567568 0.056671855835078735 0.9867401723699721 97.68386941410847 0.12692811074872978 0.9912079346474689 -0.03736422076876659 -0.5128611802680026 -0.9801821880213252 0.11956224758721706 -0.15794855883363002 -0.08519659757826376
-0.14465111036565237 0.05789957712492576 0.987787272259943 98.47796309375097 0.12767579404864754 0.9910333386084819 -0.03939306259449482 -0.5606120754774748 -0.9812109599286136 0.1204182740919385 -0.15074644732360232 -0.20286232658098546
-0.1392155424699819 0.059989898729724114 0.9884433442464905 99.35601477974102 0.12381931398744002 0.9913843784567309 -0.042729283116397725 -0.6224468900065638 -0.9824906158424459 0.1164397964716487 -0.14544402215001018 -0.32494070029306044
-0.13701583585271487 0.06349309965553074 0.9885318846763188 100.18570887633753 0.12254550220053523 0.9913640534322234 -0.04668954329237295 -0.6757355011223941 -0.9829594399648444 0.11474292944911504 -0.1436133681989073 -0.43896652093197774
-0.13671897448963083 0.0650729615502808 0.9884702482571641 100.9667039115327 0.12120219893119558 0.9914420423495136 -0.048504676435043116 -0.7245484667408644 -0.9831673046784799 0.11317325804668263 -0.14343592532678978 -0.5479018099234737
-0.1361250633379359 0.06822471266038077 0.9883396965181818 101.73255859038201 0.11998232688828386 0.9914178711510337 -0.05191190611820301 -0.7751508068184552 -0.9833993127746817 0.11151678503597837 -0.14314258028107313 -0.6568473206033971
-0.13466917510172605 0.06674129059043689 0.9886403862920753 102.54680489695758 0.11761796329518488 0.9917520687541945 -0.05092984225449967 -0.836460638152265 -0.9838852717607441 0.10942318882256419 -0.14140840767149687 -0.765815477828822
-0.13546662809259824 0.06714840742155252 0.9885038614259285 103.34135115788904 0.11899441116262575 0.991581667455112 -0.051050238775151704 -0.89389592643385 -0.9836102494307803 0.11071083121216833 -0.14231651017021574 -0.8758521399178121
-0.13148681818275337 0.0648753778414523 0.9891928032462148 104.11901994749262 0.12025957941601788 0.9915303226835082 -0.049043376288966156 -0.9488487431372418 -0.9839963669662904 0.11251135297856585 -0.13817505291504145 -0.9772018581533076
-0.1257767441882398 0.06446049014510608 0.9899621486863318 104.90510335680024 0.11936797927791223 0.9916202287187305 -0.0494025051887135 -1.004117359290453 -0.9848510020020868 0.1119560949929285 -0.13241728229132477 -1.0808169120706834
-0.12506574403109683 0.06362573755651471 0.9901062191453692 105.71730235644458 0.1168057421969739 0.9919457847633981 -0.04898957725823193 -1.0575027210901218 -0.9852486885349111 0.10952317385154485 -0.13149028910806326 -1.1773815560498868
-0.12668738146564584 0.06588127836470967 0.9897524763992307 106.44296593962156 0.11397953489926393 0.9921498878585436 -0.051451585460770485 -1.1043121344907232 -0.9853725046912591 0.1062932602910981 -0.1332019887808117 -1.2725870522243345
-0.1252937471216506 0.06644349127256735 0.9898922867664584 107.2146674492875 0.11517363619766241 0.9919830721265659 -0.05200594330794163 -1.1630665364279373 -0.9854118481412857 0.10749347460126406 -0.13194181467951321 -1.3742043658217202
-0.12381978311280178 0.06702656783215256 0.9900384338572622 108.07999670582736 0.11479023329163927 0.9919854554130743 -0.0528020699382781 -1.2256184741899114 -0.9856428682087391 0.10710880194249972 -0.13052141929849154 -1.486200996888778
-0.12222750567532076 0.06671495314556272 0.9902573159957844 108.87023371572612 0.11428791723751372 0.9920473405743975 -0.05272898664659249 -1.2801711617301037 -0.9858999486914992 0.10672951365976839 -0.12888018499384873 -1.586681829413475
-0.12157423628073266 0.06594031761143286 0.990389609995006 109.72553310897626 0.11553037083873548 0.9919491071194753 -0.05186233988878916 -1.344388610051871 -0.9858359084992903 0.10811495455384232 -0.12821356447427773 -1.690212243987047
-0.11815567105824026 0.06418940331792984 0.9909182397647472 110.54290269473242 0.11516714260568718 0.9920600521528518 -0.05053100223152464 -1.4042893774610021 -0.9862939555025257 0.10815069775165194 -0.12461003135788301 -1.7834840982979505
-0.11199890140200514 0.0637920568058169 0.9916586204804692 111.32734261498311 0.11595933420134111 0.9919583882397616 -0.05071477903290184 -1.4622378452744769 -0.986919286920833 0.10931207384940517 -0.11849553415389363 -1.8738819302580576
-0.11106813018416645 0.0646705389266945 0.9917064040593486 112.16669127595203 0.11669732144501319 0.9918257359239857 -0.05160857221822315 -1.5168043479500035 -0.9869374882052826 0.10999741339583935 -0.11770710862676265 -1.9641699761736202
-0.10891652567531834 0.0645124585415506 0.9919553080294206 112.96104876474824 0.11503509352565727 0.99200548670291 -0.05188488805872273 -1.5705617694523422 -0.9873723298190815 0.10845854989002765 -0.1154669877644316 -2.047312525893793
-0.10441920297416724 0.06312613726049687 0.992527944616578 113.74424300374291 0.11391271066354569 0.9921747306114579 -0.05111945114498652 -1.622223518426758 -0.9879881195639568 0.10772369623555554 -0.11079296399061972 -2.1165790666220996
-0.09904957795253666 0.0636617969189422 0.9930439852899147 114.54994531427477 0.11699670313070461 0.9917746935005443 -0.051910777189787406 -1.6796642138122884 -0.9881806274988245 0.11104113177085931 -0.10568308517012803 -2.203207019060344
-0.09065641668750007 0.06459766830799943 0.9937849643471934 115.30317755723797 0.11818444758726782 0.9915401688187564 -0.05367056891225451 -1.7311182667579026 -0.9888447049268532 0.11258434557274115 -0.0975239184512337 -2.278920313862333
-0.0828646576059266 0.06360550857357478 0.9945289275827773 116.10269997722295 0.11847310754332513 0.9915127054226232 -0.05354136507914417 -1.7869736304283417 -0.9894935933642421 0.113388245707425 -0.08969690310435657 -2.3453287261918163
-0.07659044515325042 0.0658506929054165 0.9948857170324156 116.92873712125882 0.11735190425586904 0.9914766817294801 -0.05659081333768541 -1.8429576596500852 -0.9901325336937216 0.11241741782560181 -0.08366534462174746 -2.411882086957911
-0.07183627315916868 0.06808435303201893 0.9950899812232123 117.69090945035596 0.11560621424293327 0.9915118186844734 -0.05949383697010646 -1.902861922556616 -0.9906940764368275 0.1107647700364155 -0.07909748815077294 -2.4698094015570486
-0.0709595310120969 0.06789488188456207 0.995165830388295 118.47538436020798 0.11568450526027639 0.9915085188130066 -0.05939656862077662 -1.9639802042318504 -0.9907481214724702 0.11091051408734388 -0.07821136530999023 -2.527364438578429
-0.06742508326889834 0.06850041373933739 0.995370057548308 119.2337605298437 0.1140473007988319 0.991630389242816 -0.06051763636033954 -2.029315980719815 -0.9911846807364826 0.10943886168852968 -0.07467304885724163 -2.5804450798617418
-0.06541444589045642 0.07109084836681756 0.9953225816524666 120.03635230391856 0.11404399229203302 0.9914558039078332 -0.06331948135895885 -2.099619139488178 -0.9913197859878212 0.10936855204289292 -0.07296301620068735 -2.6374441586160287
-0.0622225128958116 0.0707045366105788 0.9955547334986732 120.83370083434008 0.11308364161355353 0.9915636372162091 -0.06335332153865102 -2.1682527008103714 -0.9916352398378894 0.10863895182320953 -0.06969310768222647 -2.690102171465217
-0.060576723634549245 0.07020762924176091 0.9956913926262272 121.61583771900273 0.11497132024568552 0.9913748589757552 -0.06290854084912653 -2.2368004101885477 -0.9915200734602745 0.11066516067423221 -0.06812610467565927 -2.735775517102535
-0.05854804368698974 0.06865495200057686 0.9959209929237484 122.45935816539601 0.11401770771835967 0.9915639291118068 -0.06165173810207111 -2.308303698033969 -0.9917520299485537 0.10994304002597957 -0.06588200849070114 -2.7867548207984654
-0.05337738469290598 0.07261871806733752 0.9959304075032563 123.24429635246729 0.11508770831785683 0.9911535274637352 -0.06610222681830669 -2.3758920371261314 -0.9919201954781894 0.11109098425368058 -0.06126270496851305 -2.8376150143088963
-0.05221744070387274 0.0726817666994062 0.9959872989530493 124.0430506878171 0.114837323333615 0.991168726442468 -0.06630946306513874 -2.4520209671920288 -0.9920109515806307 0.11091400503033566 -0.06010287374346063 -2.8837226438391736
