1.0 0.0 0.0 0.0 0.0 1.0 0.0 0.0 0.0 0.0 1.0 0.0
0.9999257657050425 -0.002664338091731391 0.011889675425228972 0.010020983405411243 0.0026606770388051103 0.9999964079931614 0.00032372591782891614 0.00356839201413095 -0.011890495232727689 -0.0002920672998608946 0.9999292629080383 0.306877076625824
0.9997750794867167 -0.005687427160097632 0.02043143679792897 0.020194778754681994 0.005680961060444291 0.9999837930821391 0.00037450565723068136 0.005715133323608682 -0.020433235640957552 -0.0002583512263680665 0.9997911862663548 0.596023861602738
0.9996401403333471 -0.008359215365367342 0.025489475333981684 0.030561463862108215 0.008353744705849578 0.9999650553108365 0.0003211021416910261 0.005082556080792179 -0.025491268774145873 -0.00010805402035522274 0.9996750389704713 0.888002956895449
0.9996121245782752 -0.010590340371927793 0.025757427800800595 0.036992013827163335 0.010614354849671789 0.9999433494939209 -0.0007957851490639399 0.004600841793556818 -0.025747540993888877 0.0010688749622561433 0.9996679056762215 1.2114294372643621
0.9996778918872391 -0.01265710332349457 0.021997959163162422 0.039101754956019884 0.012682634593298974 0.9999190503933678 -0.0010214892063026648 0.0039664245828477185 -0.021983249342593447 0.001300152254206919 0.9997574937715934 1.5433994101512754
0.9998209911922339 -0.014900861399643365 0.01165975561183562 0.0384348257310804 0.014932274826797865 0.9998850963154954 -0.0026117684908181314 0.0063822689537716285 -0.011619498262665758 0.002785407636463657 0.9999286118340763 1.8695846754943017
0.9998740911872281 -0.015108132467662953 -0.004852432982973686 0.021611044223517128 0.015092080138259249 0.9998805701177287 -0.003327854886586133 0.008622794749598817 0.004902131129933503 0.0032542025728837143 0.9999826894881729 2.217435941993443
0.9996630605689697 -0.011917519577986525 -0.023059446242026556 -0.007591125556988626 0.011840885866913089 0.9999239183678864 -0.0034570070435951824 0.006547478918896021 0.02309889079084411 0.0031827979705027908 0.9997281185608975 2.5862806533858826
0.9990696394872512 -0.009323839870127117 -0.04210607396670995 -0.041732773648428687 0.009184306287198993 0.9999516767532574 -0.0035060913239455638 0.0028134909634292228 0.042136729498582805 0.003116114315161954 0.9991069941996893 2.95329080127184
0.9980836707898176 -0.009281002544583873 -0.06117882880940559 -0.08043318698743004 0.009071815681560203 0.999952019166021 -0.0036961501643950575 0.001258600809323833 0.06121019737725836 0.003134064065297154 0.9981199774473367 3.340876862041181
0.9966521457436744 -0.010843840097835592 -0.0810364826264222 -0.12231482166824174 0.010561886305180164 0.9999365881587284 -0.00390720093651692 -0.0007912695092646266 0.08107371301603437 0.003038222081159303 0.9967034776022302 3.732281260603278
0.9949035624420708 -0.012135198263327762 -0.10009814385485018 -0.1766229828694924 0.011825319994319489 0.9999232753629268 -0.0036885219951198946 -0.0028783209885806637 0.10013522480680064 0.0024860310911696895 0.9949707314299779 4.121556607223142
0.9929322462650204 -0.011003987450282984 -0.11817134418840712 -0.24248035359429918 0.01073257948504544 0.9999381030678594 -0.002932877537229978 -0.006971682880849341 0.11819630309234781 0.0016438653367052407 0.9929888879751156 4.535184718585743
0.9908105367602617 -0.00957608281240363 -0.13491767446414263 -0.31653369119633334 0.009370393296150976 0.9999537650608382 -0.0021595069181296915 -0.011218103982417882 0.13493211617075387 0.0008754305363584962 0.9908544583575624 4.968125615526226
0.9887789772415785 -0.008517957170887977 -0.1491428126687076 -0.39704918308443704 0.008274196907468789 0.9999632260230904 -0.002254831929529497 -0.015168958186740855 0.14915653465616158 0.0009954934097772135 0.9888130951611819 5.4058195636897235
0.9868788300383392 -0.00971739509220017 -0.16116993222924952 -0.4798861824238032 0.009365637806846445 0.9999518132934084 -0.0029420944402712506 -0.018650208437037623 0.1611907554750885 0.0013940315084640556 0.9869222852005742 5.860325662823445
0.9853798149620577 -0.010841710334538386 -0.17002669667544232 -0.5624036765434367 0.010295760289582413 0.999938623069303 -0.0040923604833677015 -0.023729966718296767 0.17006062914560902 0.00228197530405901 0.9854309590241781 6.312565580104539
0.9840751458985348 -0.00982025713318923 -0.1774814631859214 -0.6600552728687608 0.008977056781239976 0.9999442849866563 -0.005553320994775523 -0.027631015817583243 0.17752610984394357 0.00387162399551755 0.9841084751445409 6.808644563828196
0.9830027739853406 -0.01083940137669211 -0.18327043873718557 -0.7593787148677326 0.009733750939080969 0.9999286022471657 -0.006931414046617818 -0.03260059531865965 0.1833324860186581 0.005029690430302408 0.9830380978295776 7.3170460647848925
0.981693330575151 -0.011489889098890257 -0.19012150628680277 -0.8644766238288007 0.00992783817635759 0.999908702544216 -0.009166493630971441 -0.03925309095422738 0.1902094706722345 0.007111190114023532 0.9817177742313474 7.82948782303536
0.9799830581557566 -0.014221327577448286 -0.19857230312817115 -0.971138675010112 0.012446099445100917 0.9998706686068678 -0.010185316306244278 -0.04849649143057246 0.19869147021524108 0.00750998679030102 0.9800333156388694 8.350345970477541
0.9782689379951193 -0.01941768883528522 -0.20642877298040996 -1.071532002705383 0.01738256805699629 0.9997808282761733 -0.011667979223193794 -0.055208367382260246 0.20661009482028098 0.007826159447968694 0.9783920584033017 8.86254780302838
0.9762321866965756 -0.019564723863604905 -0.21584239444039588 -1.1931565556042745 0.017061104716284043 0.999763891429108 -0.013456600625223403 -0.0672840348844771 0.21605470687648198 0.009454256960103269 0.976335485712698 9.400597632222055
0.9740471447935151 -0.016527042682038227 -0.22574103875854584 -1.3305197678274951 0.013048587546322326 0.999772162405132 -0.016892532161059837 -0.07505858531603737 0.2259687900632456 0.013508521012774333 0.9740408747980756 9.942723191348863
0.971872512008391 -0.013963047355537129 -0.2350932872522033 -1.4790758060047218 0.009614309487891286 0.9997610065249801 -0.019634023663776434 -0.08534481293663246 0.2353112522927261 0.016821508276778186 0.97177448587814 10.509630361406595
0.9691479181085172 -0.014668628811959641 -0.24604297217092808 -1.6328509976561534 0.009870850057865116 0.9997365521828018 -0.020721789227267962 -0.09783228329184299 0.24628211292146712 0.017653825602999534 0.9690373900405065 11.089026076037799
0.9663689619046515 -0.01459881664335098 -0.25674482277144356 -1.783065067613844 0.009101345636003226 0.9997034407084201 -0.022587521850798837 -0.11414658926085043 0.25699843379861315 0.019491156670657806 0.966215245086052 11.63271621803134
0.9637105088498461 -0.013797229255933897 -0.26659274483231926 -1.9491702333797352 0.007335401251014745 0.9996550314133854 -0.025219239845607366 -0.12801544636155776 0.26684873434374295 0.022348481710462137 0.963479267210447 12.209198373063693
0.9614097406694506 -0.012561499007340188 -0.27483362110300213 -2.128895993519585 0.005175792773363434 0.9996061413457049 -0.027582120170828936 -0.1457337397799066 0.2750718482779856 0.025095237130568042 0.9610960968385491 12.814675488254348
0.9588477983750229 -0.012333659876566885 -0.2836525698551329 -2.315720769529453 0.0032279723854479565 0.9994650063446842 -0.03254660176884309 -0.1658902972408488 0.2839022362463013 0.030291614788090095 0.9583746335999715 13.430734948896852
0.9565924834869605 -0.012516231881466621 -0.291160032414716 -2.505754967005015 0.001358325812797421 0.9992579523382266 -0.03849285180135176 -0.18735848142236078 0.29142576325238545 0.03642648251346675 0.9558996473921625 14.04036185860871
0.9553662229854414 -0.012630291642192374 -0.29515395255961746 -2.7048144149265103 -0.0007896078184415111 0.998972930099357 -0.0453040996842272 -0.21128988162361875 0.2954230128104864 0.04351506246966107 0.9543750221166921 14.654233342169519
0.9540543735880396 -0.014112071121398655 -0.2993010218595953 -2.917000381781247 -0.0018097097509638845 0.9986006762681233 -0.052852760641844194 -0.23862749226139632 0.29962806475387216 0.050966055424286026 0.9526938039088624 15.298998778621803
0.9528082366507115 -0.015219025271686386 -0.30319110382783626 -3.13360959539674 -0.0030114438354113884 0.9982195561198912 -0.05957053790116171 -0.2731086870587533 0.3035578946042882 0.05767234215451417 0.9510659838170139 15.954850715370076
0.9520700269750265 -0.015554213032630482 -0.3054844189033347 -3.3541747609477666 -0.004581510622519123 0.9978690921158817 -0.06508674796179302 -0.3103484636843197 0.30584583289001716 0.06336672199792075 0.9499699916560788 16.608468766282588
0.9511899214275047 -0.015966466307035784 -0.3081928054455586 -3.590277194157695 -0.005952036730967053 0.9975258214827318 -0.07004861693105925 -0.35618511379521434 0.3085487103092328 0.06846391333299136 0.9487414747641435 17.29990746906563
0.9510452842092915 -0.01634928185160387 -0.30861880753804577 -3.8150423945832705 -0.00704593147266284 0.9971931455038031 -0.07453982432172739 -0.40140760039843354 0.3089712320475016 0.07306525537605586 0.9482606425576678 17.957365190403337
0.9509327682318329 -0.015341355415342229 -0.3090170110478767 -4.04971402710065 -0.009691789959632333 0.9968027809260649 -0.0793113178899584 -0.45272937657441514 0.309245759082193 0.07841465903824243 0.9477437426528305 18.63703663786028
0.9505338823325094 -0.014479718636143255 -0.3102832194723163 -4.2999576898793785 -0.011210469128729156 0.9966629907373412 -0.08085300412732031 -0.5118275370493033 0.3104185302455401 0.08033194036444526 0.9471996175239314 19.36190290023793
0.9501743001171405 -0.014190964446670869 -0.31139591507432357 -4.545300648237083 -0.012167205879415164 0.9965135195998371 -0.0825394715020201 -0.5697852747824403 0.3114815540252584 0.0822157027751888 0.9466888716569937 20.081827495148996
0.9490454579122128 -0.013877142554376571 -0.3148335174830087 -4.799815831295476 -0.012878107693991631 0.9964876960508063 -0.08274313241337876 -0.6329389777349184 0.3148759647201107 0.08258145393417028 0.9455334104661233 20.822718022420645
0.9476908109130922 -0.012473523399807371 -0.3189459799478281 -5.058148134045062 -0.014484518959155313 0.9965261740247946 -0.08201087241352097 -0.694830551455482 0.31886098165408666 0.08234072927476051 0.9442180249715068 21.548467606110798
0.9457540426729967 -0.012074583532868059 -0.3246590445377916 -5.324715629784868 -0.0150226970403627 0.9966148607054168 -0.08082782933344489 -0.7572075730751244 0.32453599082585194 0.08132050082009339 0.9423711406898304 22.29930962809991
0.9429448216583429 -0.013169873135015402 -0.3326884695166389 -5.6288251164886365 -0.013934480178366617 0.9967809050981855 -0.07895351476534072 -0.83012410402409 0.33265732153354854 0.07908464878375428 0.9397258774540987 23.147321342936145
0.9394738902257518 -0.015237449255169507 -0.34228150654729883 -5.922009897076133 -0.011077053886529329 0.9971375179777354 -0.07479350986814641 -0.9017726863210481 0.3424413941994854 0.07405802037185251 0.9366158770581007 23.950895713070544
0.9366288031808405 -0.014645275247675418 -0.3500171438157653 -6.178871200067781 -0.010961231540654065 0.9974114578692886 -0.07106500625604921 -0.9595095455435815 0.35015187626962463 0.07039815071420534 0.9340437698100028 24.626410652523187
0.9337348282227509 -0.013195473434922462 -0.35772216879117 -6.47151565726677 -0.012246747186291929 0.9975577720773376 -0.06876415164497875 -1.0177391886955507 0.35775590525829915 0.06858841628822492 0.931292833325742 25.37065530213455
0.9298736195711749 -0.014002818814628094 -0.36761253064993127 -6.782692043600281 -0.012043527216011905 0.9975809509139051 -0.06846312749141721 -1.0783491758993144 0.3676819346633706 0.06808940768543638 0.9274555663120726 26.147112570567682
0.9264719900480627 -0.014982226506603665 -0.37606539929284555 -7.103180018839665 -0.011396782210082492 0.9976323336940742 -0.06782212119486777 -1.1413429727993176 0.3761911283000152 0.06712123104517831 0.924107664361324 26.93668905284258
0.9228697165828808 -0.015024974342380835 -0.38481909562838007 -7.4367235153153395 -0.011852603603784938 0.9976571438225561 -0.06737758653759725 -1.204057322694209 0.38492986634196763 0.06674184239164109 0.9205294805013713 27.71075058578565
0.9189902959325285 -0.015667727790728187 -0.39396872755044837 -7.785281870126614 -0.011348239218014857 0.9977451066649511 -0.06615073387949788 -1.2656284030655924 0.394116801784058 0.0652627338687331 0.9167402697162836 28.516750159892464
0.9156204275883252 -0.01718720178500251 -0.4016762784603724 -8.132883365256887 -0.009774621738345105 0.997838858477604 -0.06497745210444067 -1.323559159475205 0.40192497975722447 0.0634209161626842 0.9134736438673209 29.29665460311237
0.9124236538467889 -0.015049475246834237 -0.40897015685214755 -8.509559914540631 -0.011346813280936736 0.9980091462476876 -0.06204025978612205 -1.384734829403572 0.409089630434753 0.061247508526934204 0.9104363882062274 30.12171082771828
0.9090226353178081 -0.013352014164797478 -0.4165327984656316 -8.905631170686453 -0.01169130049217412 0.9982762150308491 -0.057514450327583254 -1.448049310899433 0.41658271924393253 0.0571517473173428 0.9072995733526528 30.976247179498262
0.9057185682409372 -0.0141222269066891 -0.4236442350024167 -9.288805580018563 -0.009843416286542374 0.9984745851556893 -0.054328721262184285 -1.506654516141474 0.4237652443268522 0.05337663819846908 0.9041979607338391 31.788480132223288
0.9022073758625421 -0.014786598627444825 -0.4310489617668239 -9.700776298828377 -0.008738613553648968 0.9985803000878288 -0.052545417589565956 -1.5654276670158573 0.43121396959327046 0.05117363361666564 0.9007972977590916 32.64403627627691
0.8989375637415516 -0.015332560375708558 -0.4378083702794285 -10.10465310764541 -0.008115266890677377 0.9986329932061295 -0.05163610484399131 -1.6179109613471672 0.43800159695793 0.049970566061350946 0.8975842821650852 33.46421172330189
0.8960628404797071 -0.016190757008448558 -0.4436318803906369 -10.534878636247264 -0.006975481268449436 0.9986977929905663 -0.05053771796238362 -1.670990135458929 0.4438724237576744 0.04837951698048767 0.8947830428457069 34.33488389005163
0.8934690623059482 -0.01738880892249546 -0.448787994521229 -10.971387594780555 -0.005523101205437105 0.998749250856216 -0.049693352344370764 -1.7246973311049172 0.4490907815299755 0.046878174435489944 0.8922555164897507 35.200630561290964
0.8913563658941841 -0.018440703154589455 -0.45292799587470606 -11.406714631279335 -0.004660892498750104 0.9987465406540527 -0.04983596705871985 -1.7772266492107283 0.45327927932018747 0.04653265518672913 0.8901531367917794 36.04757592059945
0.8896400716265929 -0.019498630869130312 -0.45624592748917814 -11.86038276916847 -0.004285631378900998 0.9986875357657751 -0.051037626020105586 -1.8278296429993082 0.45664228485754055 0.04736041913152139 0.8883888869069512 36.91965196533345
0.8883004726359746 -0.02057982211686597 -0.4588014180844938 -12.3233329945593 -0.0034555756367820774 0.9986677217888884 -0.05148631326876962 -1.8825045099103355 0.4592497461204773 0.04732073941338574 0.8870458941394451 37.808067102332984
0.8870478059059758 -0.020901196981645782 -0.4612042172423501 -12.794294740733456 -0.0030261920315545945 0.9986899929070505 -0.051079743823786765 -1.934595899052917 0.4616676642338973 0.04670586721226754 0.8858225159526978 38.70240846272907
0.8863279563407934 -0.020122477127531364 -0.46262062180906405 -13.276278456349612 -0.0035315972135491897 0.9987325531637399 -0.05020771924872971 -1.9917034031992515 0.46304457844777147 0.04613429489317019 0.8851335182924869 39.6159614631038
0.8852897681850586 -0.02141682549047958 -0.46454638727769226 -13.753142208259947 -0.0021945305962103503 0.9987354419175969 -0.05022649791817829 -2.049253304422624 0.4650346335299207 0.045484465958971265 0.8841232679746188 40.51467211627961
0.8850735312249506 -0.023416563542697492 -0.4648618169702124 -14.24429714771574 -0.0003299496001715075 0.9987018656166122 -0.05093598675945728 -2.1060660163551104 0.4654511096326421 0.045235474638264495 0.8839168605564627 41.44023253037727
0.8841926742362742 -0.025216179464780285 -0.46644127081563674 -14.743445452103268 0.0012650450112019068 0.9986675114628253 -0.05159070856043458 -2.166243917446197 0.4671206637347847 0.045026057365130885 0.8830463972352338 42.38219351684981
0.8836538286310527 -0.026374898523525446 -0.46739734260429455 -15.254872656152001 0.0028197111428774103 0.9986934132415368 -0.05102465655974486 -2.229803250865144 0.4681324175644679 0.04377020762851047 0.882573627834757 43.35614047573688
0.8823497095500672 -0.025869691744179135 -0.46988269717661824 -15.764422553694079 0.0034046458255176867 0.998812665306496 -0.04859699589621519 -2.2963732736547784 0.4705819784519113 0.041279761050605907 0.8813901422661193 44.31104938403293
0.8804898999559393 -0.026910450657570847 -0.47330050044447086 -16.251834612451663 0.005963068711301556 0.9989372569771525 -0.04570337443238432 -2.3579477519370746 0.47402740204246047 0.037419036176375105 0.8797146343243966 45.21539125957169
0.8776651880952839 -0.027775723101389427 -0.478468731279135 -16.765985466588695 0.006908411066047544 0.9989487232759044 -0.04531801101089302 -2.41399096397785 0.4792244687640778 0.03646858198005306 0.8769344052243314 46.152507437367525
0.8727371775735033 -0.031303055895132395 -0.4871857321111343 -17.296430449189252 0.009421211318837053 0.9988362496430511 -0.047301027222362665 -2.4752931050693463 0.48809943624052826 0.0366914852606309 0.8720164420760927 47.09954475359726
0.8672695035675231 -0.03483457572205505 -0.49661872751237096 -17.81806671612408 0.011023194300046887 0.9986480955592988 -0.05079833090967762 -2.5343729131073656 0.49771688475393877 0.03858151850368397 0.8664810263709093 48.02014592652887
0.861376336035828 -0.03539160080487528 -0.5067329102297982 -18.384821305532554 0.01100108442932036 0.9986356546361186 -0.05104709032716566 -2.597277813686703 0.5078481897761096 0.03839614410275069 0.8605904672137435 48.981668248657726
0.8569944954271769 -0.03439917660905007 -0.5141761677247768 -18.93022155634574 0.01149203528162226 0.9987971759814661 -0.04766691070893968 -2.656032814227589 0.5151974067603645 0.034941349431117597 0.8563589984155757 49.88694466786054
0.8525444217772049 -0.032697853658613905 -0.5216309607976616 -19.491907677571813 0.011000610836103243 0.998942640950412 -0.04463839885400559 -2.7165071898611974 0.5225389894139999 0.032317958740250737 0.8520026725809371 50.79915247190056
0.8486861533503969 -0.03282761855532911 -0.5278770316762159 -20.06547582948977 0.010563218079082407 0.99892489850082 -0.04513829393032393 -2.776938571140491 0.5287912929834612 0.03273216483999162 0.8481204948884133 51.7094433641375
0.8467917891347854 -0.035926338887921794 -0.530709868033391 -20.621624065135205 0.011520916769974783 0.9987212304598624 -0.04922572808519863 -2.8312670368840975 0.5317997126086931 0.0355696781381108 0.8461228419481788 52.58759526273137
0.845369034107742 -0.03801095638505882 -0.5328286435303913 -21.20986888171953 0.009445445731310722 0.9983728170305309 -0.056236125128418496 -2.8914123076021117 0.5340992227355144 0.04250747474521904 0.8443524944382556 53.50338034024367
0.8437477407737443 -0.03922480001053018 -0.5353047403146515 -21.802079768817357 0.009894608715965727 0.9982933204121035 -0.05755469693200723 -2.9585105845156936 0.5366487181178768 0.04326501455808352 0.8426958477752982 54.42163526028493
0.841727437434449 -0.040446287757598856 -0.538385567114002 -22.383192696435803 0.0125169366298187 0.9983838717376299 -0.055434384199566644 -3.0284110231277763 0.5397575820379378 0.03992170413208297 0.840873361554372 55.33397368534643
0.8391525160042457 -0.03996504846070517 -0.5424258933580494 -22.968223032400974 0.014378722409157751 0.9985782720553917 -0.05132920144273279 -3.0941974887665924 0.5437060853306911 0.03527363718702318 0.838534115760339 56.24559077642521
0.8361782235872899 -0.03909280298189952 -0.5470628219440821 -23.542137048810755 0.01426636557808929 0.9986693324657091 -0.04955840196865857 -3.1582460064404048 0.5482722400519622 0.03363505830994233 0.8356232605910933 57.11209139233857
0.834418135285407 -0.03892733456495615 -0.5497554348348836 -24.137895020472516 0.013243401941817244 0.9986306482903001 -0.05061067674218798 -3.2232389058302107 0.5509727650363778 0.03494983431953213 0.8337910537234167 58.006419568258096
0.8321258861912013 -0.04007971273250797 -0.5531366252182076 -24.752760090203513 0.013738386744217358 0.9985688021796757 -0.0516875617834166 -3.2899197218342593 0.5544165999139766 0.03541135327444905 0.8314855800307652 58.919565484056704
0.8300394336578362 -0.04205115291271232 -0.5561171091700834 -25.325636269658595 0.014498059386235034 0.9984433129876478 -0.05385867640671703 -3.3515941026817555 0.5575162283261466 0.036642206387742834 0.8293569821639089 59.77258902254608
0.8273432947717927 -0.04292509110369979 -0.5600540234208604 -25.9373218576205 0.014783646036919037 0.9983943582155758 -0.054682257571936635 -3.418583606147759 0.5615020181673522 0.0369613587013195 0.8266494671606235 60.6743273407271
0.8239449409524112 -0.04375225967546114 -0.5649782952045315 -26.540592344345136 0.015647280600080575 0.9983913492909737 -0.0544965711836191 -3.4884926187008243 0.5664537906032141 0.03606180020797545 0.823304105222979 61.54547619233704
0.8211071545570799 -0.04485553000033471 -0.5690088067539596 -27.14803216325914 0.016599142296046886 0.9983621927377524 -0.05474852132161008 -3.55546128602533 0.5705326539385904 0.03550934440758205 0.8205069026215029 62.42032137346754
0.8167515141679389 -0.04662327917703083 -0.5751028029345359 -27.7875760200096 0.017786296984041154 0.9982907276505467 -0.05567109417406349 -3.62617623273057 0.576715364581155 0.035240501212704126 0.8161847188782101 63.32903498016005
0.8124146137998556 -0.04926084048884707 -0.580995580773868 -28.398200072573626 0.019846269370405754 0.9981836542205265 -0.05688161424427165 -3.695722306036386 0.5827423280288717 0.03468085986951879 0.8119166318546517 64.18012036222365
0.80877207229135 -0.05130923202697581 -0.5858797639365583 -29.033575576762594 0.021016062252430787 0.9980722498986876 -0.05839613950916356 -3.764824254273654 0.5877465952338281 0.03491628117331083 0.808291279861455 65.05542410695263
0.804784231630818 -0.05290342951972548 -0.5912051823719455 -29.70010703188625 0.022031352450300586 0.9979962075228219 -0.05931432608801513 -3.8393492664567184 0.5931584611447471 0.03471018460216247 0.8043371451433033 65.96585154246391
0.8000872076720887 -0.05505920678848225 -0.5973516082403254 -30.35486611960299 0.02323103371997982 0.9978758744501501 -0.06086097487429404 -3.91289980286681 0.5994337154279705 0.034816992089659896 0.7996668042816629 66.84711656105407
0.7946829789569883 -0.05594507020895202 -0.6044411568344451 -31.04724826305425 0.023970528232397287 0.9978594470867339 -0.06084355048826077 -3.9914311150856463 0.6065512152591129 0.03386256013760804 0.794322950876166 67.76511396766998
0.7892758535131554 -0.05700750686610594 -0.6113867607513193 -31.713806101384215 0.025260003582295458 0.9978525826160499 -0.06043306698738434 -4.0652028720501585 0.6135189966741881 0.032254728760139136 0.7890209586522449 68.63056660639096
0.7851783063124189 -0.05770740279774421 -0.6165751235321616 -32.38482357293087 0.026000271743813655 0.9978427373870391 -0.060281483999554464 -4.141330043699878 0.6187236969484918 0.03130059274645769 0.7849848786620742 69.48385807048932
0.7816350110405977 -0.05909062059193567 -0.6209307594841995 -33.096784000700836 0.026741233858674752 0.9977617527719052 -0.0612894046083947 -4.220441906382544 0.6231625918869654 0.03130148979834274 0.7814656747478573 70.38089657896435
0.7781416925156796 -0.0617965633691316 -0.6250413515317196 -33.78303833581181 0.028194028178783356 0.997581665652304 -0.06352886847275753 -4.29625858609411 0.627455658308926 0.031812027759007405 0.7780021797822758 71.2309456489428
0.7749634987364891 -0.061822597452054436 -0.6289749931995555 -34.498992683915255 0.027724698156302775 0.9975715908033851 -0.06389258434392421 -4.377095214022644 0.6313975900636949 0.032076278872163466 0.7747955831027133 72.10625664389289
0.7721822805888187 -0.061633092025502725 -0.6324048446304209 -35.221352224845646 0.027698169827961073 0.9976034649598484 -0.06340455889197422 -4.461162498097749 0.634797083273728 0.031443420098333986 0.7720388425459481 72.98592886143891
0.7692863832128379 -0.06263386331811156 -0.635826595676179 -35.942995905710205 0.028394082015571715 0.9975514810577177 -0.06391258675759645 -4.541441917802281 0.6382728544359411 0.031113370203216896 0.7691812019835078 73.85268135392265
0.7659110375884123 -0.06358422049272741 -0.639794755686989 -36.6770309911186 0.028784281907899813 0.9974911804915052 -0.06467464693919717 -4.623695208187406 0.64230191313376 0.031118993331974563 0.7658197311630958 74.72900370654813
0.7633455116433029 -0.06482789044290772 -0.6427293166448426 -37.379288186872174 0.02862336068847629 0.9973688993579286 -0.0666031667148896 -4.705370843739005 0.6453559739220839 0.03244415531765839 0.7631926648683163 75.56024151888889
0.7603174211158663 -0.06691568076618305 -0.6460957443098638 -38.11391399499777 0.028947949103960785 0.9971818978462759 -0.0692118403914682 -4.7898726699419445 0.6489063379181876 0.03391982127455645 0.760111840674982 76.4269867471102
0.7575373400066162 -0.06727707901282243 -0.6493157730528367 -38.87870896217645 0.028577709858537366 0.9971393079931992 -0.06997510238710161 -4.881758078016236 0.652166001103202 0.034452795160139715 0.7572928838373644 77.32019760987896
0.7552355169415818 -0.06835674883334532 -0.6518793361036357 -39.62897939625313 0.03038178614123542 0.9971288690532499 -0.06936112435258704 -4.972143418687271 0.6547490061243699 0.03257872602668422 0.7551439370011708 78.19260100814745
0.7530465177799879 -0.06795447297862009 -0.6544487234777318 -40.392388929877676 0.029829629318234442 0.9971556489381688 -0.06921564133515222 -5.058813654263287 0.6572907539850011 0.03260063485421251 0.7529316458570002 79.06602672296043
0.7497741774840397 -0.07006491313058992 -0.6579738526158426 -41.17083978779016 0.031805920720498204 0.997044882999024 -0.06992771047720484 -5.150878484083775 0.6609289418577863 0.03150252741392807 0.749786986137584 79.95113930743955
0.7470700181842074 -0.07028461437401749 -0.6610192591086465 -41.92737169335323 0.0317045133821026 0.9970303786726188 -0.07018010996813027 -5.238768469043461 0.6639888641848238 0.03147216208382313 0.7470798426221373 80.80596850163055
0.7444062653765711 -0.07092734580435316 -0.66394926288479 -42.70078118136854 0.03226465279476641 0.9970017276571312 -0.07033169433995438 -5.332839619264333 0.6669470025782703 0.03093326148089312 0.744462778845266 81.68009154818984
0.7424916277342922 -0.0720131547378701 -0.6659731888666247 -43.463152051938515 0.033505204620013655 0.9969526086874875 -0.07044783385303344 -5.422845353699805 0.6690168787167126 0.029993358863474505 0.7426417806831465 82.52987777855058
0.7413235717628053 -0.07398913019231447 -0.6670569470159365 -44.248533844183456 0.03499508021179233 0.9968140067568787 -0.07167412569587306 -5.517607956491988 0.6702348143074989 0.029790007497184856 0.7415509754180831 83.3980373891785
0.7394548636852897 -0.07917174756081319 -0.6685344710337209 -45.027280045666224 0.03959337906308012 0.9964561503095637 -0.07421256527443304 -5.610979983272238 0.6720408238392497 0.028407303610367664 0.7399690238077885 84.27316849995745
0.7376947558119364 -0.0828340233008496 -0.6700335602276665 -45.80647122054934 0.042989599527184646 0.9961939598160914 -0.07582538333848446 -5.7052011391192705 0.6737643071431284 0.027131513222268637 0.7384480614167865 85.13567883390958
0.7341646698559484 -0.08596453906243787 -0.6735074873816095 -46.621171724635495 0.0464790583263646 0.9959887322662017 -0.07646007020568894 -5.80527661802651 0.6773787232209177 0.024830288410469168 0.7352152896295426 86.03640808538161
0.7277314305670755 -0.08925521365525452 -0.6800297580254504 -47.43538578241602 0.04972034237014514 0.9957528512964317 -0.07748642906743107 -5.9084811346484924 0.6840576383020609 0.02257799748386349 0.7290784467464563 86.92257072853029
0.7207416788236216 -0.09151257190811232 -0.6871367269978153 -48.26188422681943 0.051940209857591575 0.9955906480756526 -0.07811194572055843 -6.009229128962952 0.6912551243979728 0.02060850909368976 0.7223168573046586 87.80391862390395
0.7118948281740246 -0.09109447254080132 -0.6963530359606319 -49.11424224682633 0.051965029418258854 0.9956663130076774 -0.07712476164797748 -6.11353012109227 0.7003608993487825 0.018718712942161417 0.7135434257626886 88.68540895308456
0.7046458947130818 -0.09157188841712272 -0.7036254346708358 -49.9494012887193 0.05234821758889452 0.9956441354819285 -0.07715192541802837 -6.213682679801814 0.7076254851114864 0.017531250159794152 0.7063701778023819 89.52846656475408
0.6971845407615931 -0.0915458888452455 -0.7110225498242518 -50.82111829864203 0.04969995926911108 0.9955988750918137 -0.07945309285713269 -6.32067484501002 0.7151668547770481 0.020055676290003443 0.698665971460508 90.38930458062588
0.6879378253332891 -0.09199822897656165 -0.7199151855190175 -51.6971323684273 0.04937911652595655 0.9955679718588882 -0.08003821749574326 -6.42912756138754 0.7240878754176326 0.01951254145302524 0.6894316568008919 91.2423984711007
0.6794405617666546 -0.09327533756911495 -0.7277775995643041 -52.56289877330248 0.04922420407081014 0.9954467058451891 -0.08162618180189937 -6.533661746300074 0.7320775237362558 0.019635865739231935 0.6809382732794969 92.06235244160794
0.6716060771186703 -0.09444000992054866 -0.7348648594833457 -53.46165179980652 0.05073852527035977 0.9953770374981458 -0.08154848419685048 -6.6450911207276055 0.7391690464505801 0.017482498323225522 0.67329301423802 92.89968154773048
0.6625255006840396 -0.09436164042923001 -0.7430718954171712 -54.3769134170318 0.050418585536688244 0.9954012599664694 -0.08145119943650128 -6.755096235189103 0.7473405697376815 0.016498862768983873 0.6642362985801724 93.72821680978912
0.652857862048351 -0.09554631383358989 -0.7514303120545975 -55.269974453020495 0.05040485181528112 0.9952938734134305 -0.08276144307085387 -6.860430058873287 0.7558015366980515 0.016155725254651518 0.6546014280967927 94.50463055962688
0.6448849126429936 -0.09627942655458344 -0.7581910850621757 -56.20926769903768 0.04852312023686159 0.9951899078148339 -0.08510319727238107 -6.971897653641561 0.7627378030804018 0.018091970755650416 0.6464547349554022 95.30930082863944
0.6373805407252126 -0.09606619639903187 -0.7645373321259457 -57.158976362308955 0.04650823872391428 0.9951852406216319 -0.08627468098848026 -7.0863877576181835 0.7691443492840828 0.01943251806347475 0.6387795763845912 96.1059509452153
0.6307059307785913 -0.0963692259265893 -0.7700149356830821 -58.130289695933264 0.044854163095652946 0.9951274686760738 -0.08780333216534825 -7.203747553837904 0.7747245529436251 0.020839706827590114 0.6319553573517995 96.90319453800245
0.6245892116924889 -0.09639691707372507 -0.7749812584934146 -59.102548056120725 0.044540961162862144 0.9951344570727133 -0.08788353159315232 -7.3229248660596635 0.7796822554195033 0.020372695582017743 0.6258438574106795 97.69413780522368
0.6180777608766821 -0.09461093629566794 -0.7804028781616096 -60.039074957361414 0.04295513945247321 0.9953127815878524 -0.08664480828342032 -7.433094454178973 0.7849425058590506 0.020030914634862423 0.6192447213780714 98.43713111168222
0.6127411009762276 -0.09336806319087773 -0.7847488438668927 -61.0166320986087 0.0430847188936703 0.9954662424237111 -0.08479780181508753 -7.549553537855846 0.7891083893688459 0.018148415104402855 0.6139858181235984 99.20199508491551
0.6078965233584468 -0.09307069234064706 -0.7885427465368925 -62.01533703182528 0.04243137728993911 0.9954952923792868 -0.08478620802911992 -7.667347025598594 0.792881703099518 0.01808228630209631 0.6091072449184107 99.97230510472963
0.6042613775032027 -0.09522117920711501 -0.7910759222023752 -62.98604378386116 0.043201866690931436 0.9952883686650124 -0.08680243034937128 -7.781168703473241 0.7956140938748829 0.018275399600144238 0.605528053352695 100.72219188920602
0.59987372202705 -0.0974571703494666 -0.7941370269474209 -63.99522379566412 0.043905359890885 0.9950679073210094 -0.08895043109866915 -7.901455270898945 0.7988891268469397 0.018492154208265353 0.6011939813724622 101.49034382514434
0.5961636095572743 -0.0987341891586356 -0.796768793647711 -64.9826462101497 0.04322069279135545 0.9949171611366263 -0.09094951451476699 -8.020287946850978 0.8016987728282221 0.019783891604618596 0.5974007660513164 102.22545342904228
0.5938727821807744 -0.10128108186993831 -0.7981586690878709 -65.97465877916491 0.044012328505904585 0.9946491110513505 -0.09346689694350033 -8.142073340187022 0.8033542391276435 0.020378624585909284 0.5951526511203926 102.96706620680088
0.5911888446503332 -0.1024370046887817 -0.8000015062682038 -66.97055737622922 0.045820864557658984 0.9945653400406753 -0.09348921200312146 -8.263705026073522 0.8052305249630027 0.018613018566756907 0.5926696864254495 103.70769887797027
0.5885293282076538 -0.10226033039571568 -0.8019825775332072 -67.96656848878649 0.047479245950442936 0.994628075558579 -0.09198213149636723 -8.387180958610474 0.8070805108806836 0.016056654009995758 0.5902230365027937 104.43969597234222
0.5863498924910167 -0.10199115601104244 -0.8036116024991826 -68.97624777397091 0.05016514646426978 0.9947098998438695 -0.08964191671766845 -8.51042405503627 0.8085030993484141 0.012248234490335519 0.5883644441125571 105.17818916705944
0.5844529494571105 -0.10303814613950782 -0.8048589257199166 -69.99000068598755 0.0527466920160298 0.9946312655823785 -0.08903051166517381 -8.633961924602115 0.8097113907759053 0.009580499263085476 0.5867500981522028 105.91912970523974
0.5825823419782464 -0.10421434251427582 -0.8060627677975575 -70.97183972212521 0.05466218177671818 0.9945240282734197 -0.08907302100085904 -8.753938126788212 0.8109314771906136 0.007831219644963326 0.5850887208794251 106.62955378734891
0.5807889718327724 -0.10509216254601991 -0.807242099725251 -71.9827223796991 0.056612921305688485 0.9944453723980238 -0.08873205991856593 -8.876599352463359 0.8120832145406449 0.005834268382323496 0.5835124797069692 107.36135612527801
0.5790384941726325 -0.10648459703085228 -0.808316431146533 -72.97167134643296 0.05935186152496891 0.9943090329239358 -0.08846978907733893 -8.998226341909241 0.813136998789141 0.0032523285573466745 0.5820632642240394 108.07907639416416
0.5779403589945802 -0.10781526072817967 -0.8089257141414967 -73.94176633377961 0.06091306948335738 0.9941686123833162 -0.08898521291735736 -9.112555598216655 0.8138025186808724 0.0021539976662911867 0.5811375232100593 108.77648934553098
0.5760225990884629 -0.10934260573019616 -0.8100877482788533 -74.93014305811322 0.06400026246238397 0.9940038188064986 -0.08865875367296547 -9.234989640580086 0.8149244945049314 -0.0007763827847628926 0.5795666186778303 109.48680276912727
0.5745501449614399 -0.11067184071888411 -0.8109524490355046 -75.87259817138487 0.06780402025014881 0.9938460827963886 -0.08759325629402898 -9.351908045035776 0.8156560217166954 -0.004659118174932225 0.5785184066692486 110.16010053351872
0.5738069518397608 -0.11145928320985345 -0.8113706983905127 -76.83593571726345 0.07015202981297626 0.9937439559325799 -0.08690018849568806 -9.470394181568986 0.8159805602668988 -0.007055369147855192 0.5780362852215298 110.84605447206445
0.5725012595477905 -0.11368937276558552 -0.8119833953575414 -77.78817198250057 0.07260228330059179 0.9934789307129693 -0.0879120167494504 -9.585881349517834 0.816683057419299 -0.008622108186677836 0.5770220472171607 111.52474858174068
0.5721069114531574 -0.11574482637111534 -0.8119709459308563 -78.726067960568 0.07463637314191209 0.9932317357169889 -0.08899511766854912 -9.700073713326635 0.8167760364210929 -0.009687844597122755 0.5768735147285856 112.18420577152783
0.5727268612193145 -0.11790901993791461 -0.8112221677537864 -79.67694641883436 0.07648832424498972 0.9929707990538557 -0.09032457296074414 -9.817080595659954 0.8161700059987903 -0.010317715039093116 0.5777197123729696 112.85743192335863
0.573523508379767 -0.12030008626117597 -0.8103077653467952 -80.62472643134905 0.0775961021540284 0.9926886923064784 -0.09245542221717086 -9.93798499452474 0.815505751215934 -0.009851366017327917 0.5786651193231951 113.5289224682488
0.5770621396148401 -0.12088404338165316 -0.8077043611859759 -81.56032297502132 0.07569358413924708 0.992644593884044 -0.09448381635463363 -10.05807647452983 0.813184953342902 -0.006615004798486979 0.581967759732632 114.19094827825202
0.5813781623766311 -0.12221721934490458 -0.8044018794154892 -82.47082251369024 0.07602696587102696 0.9924885033521466 -0.0958460806411093 -10.175204796879159 0.8100736588557966 -0.005433415998780819 0.5863029466227906 114.84556439048181
0.5864004259385974 -0.12270596143548278 -0.8006733338179969 -83.35895005362215 0.07554007161303918 0.9924360341258167 -0.09676991138426005 -10.288448342183406 0.8064913130590611 -0.003737003721491869 0.5912341302423745 115.49131373107569
0.5914423159923212 -0.12283556913886257 -0.796936264583292 -84.27312584080501 0.07578773152035875 0.9924219001274571 -0.09672120707686317 -10.406057401581446 0.802777806497313 -0.003192976939963288 0.59626973618793 116.1675871135425
0.596747083394218 -0.12198510640627983 -0.7931031157898341 -85.181208075804 0.0753438565363273 0.9925288154382714 -0.09596798323886538 -10.526994392793494 0.7988843606822753 -0.0024868332775653465 0.6014795041541499 116.8469507002974
0.6026408792916015 -0.12090643704215537 -0.7888001040114134 -86.05047393479529 0.07421987720831993 0.9926633813074475 -0.09545062199088644 -10.641736556395564 0.7945535730420117 -0.0010222000961190233 0.6071931938626587 117.50679479666815
0.6085792597322821 -0.12060182705266849 -0.7842744952727112 -86.94277124792438 0.07421584413137731 0.9927008991425721 -0.09506278620678116 -10.758346760851873 0.7900147423330623 -0.0003523536395630897 0.6130877447342574 118.1902105964687
0.6157113993258523 -0.1201484830010745 -0.778757866588031 -87.81306143599927 0.07372192322515694 0.9927554234007847 -0.09487753867124127 -10.876100503972678 0.7845154879135179 0.0010056544482727817 0.6201084081698504 118.87313574091705
0.6218891523703708 -0.12021694419360313 -0.7738228275857555 -88.69974556874254 0.07253017971632289 0.9927413440830934 -0.09593746285164731 -10.992634448910767 0.7797392225573752 0.0035369586999868807 0.6260944295621667 119.57913933321898
0.6301911180069012 -0.12092161348313789 -0.7669661779882126 -89.56693450495257 0.07200029112077545 0.9926431789108351 -0.09734206408493395 -11.109907116939826 0.7730945044842419 0.00612231609984417 0.6342613060733234 120.28224500742846
0.6370992440037638 -0.12150829405970257 -0.7611440650524273 -90.4026075912994 0.0708225228364888 0.9925470887963835 -0.09916877926494405 -11.227677998814322 0.7675211551148984 0.009274211369438554 0.6409565238411786 120.96900342274503
0.6444195209419162 -0.11994325687781068 -0.7552066579145968 -91.24464413339155 0.0692228495791988 0.9927168885244396 -0.09859704019133093 -11.344838497551402 0.7615324537569801 0.011260300524356767 0.648028955762761 121.67096266992652
0.6518003218324612 -0.11967657650380155 -0.7488884145821925 -92.06902900507433 0.07015020005097165 0.9927511523547113 -0.09759149005523787 -11.460890644796665 0.75513925198728 0.011075492527317675 0.6554708563875046 122.38150653698895
0.6614504411038189 -0.11711471572043247 -0.7407884025315771 -92.88611623245632 0.0682977243032212 0.9930344529460706 -0.09601039588034026 -11.57543739980729 0.7468726362764703 0.012911956622478044 0.664841745498592 123.09724933613585
0.671403214108182 -0.11694893485223382 -0.731806443482244 -93.69323649484232 0.06915906572853134 0.99304835879513 -0.0952469459975254 -11.69100523080505 0.7378582165380823 0.01333805575137572 0.6748239389322328 123.8315209717718
