1.000000000000000000e+00 -3.306050084167601550e-19 -2.270457535318767223e-19 -8.673617379884035472e-19 7.546676715296109287e-19 1.000000000000000000e+00 6.237773588823049983e-19 1.387778780781445676e-17 -3.447385680526250622e-20 4.770700176052009879e-20 1.000000000000000222e+00 5.551115123125782702e-17
9.999347609845318230e-01 -3.000161693091687228e-03 1.101716595650879642e-02 1.743343326416529199e-02 2.988561246060270939e-03 9.999949381828755479e-01 1.069017416576291055e-03 -6.653648254823341102e-03 -1.102031762867406763e-02 -1.036023928018390498e-03 9.999386937769287886e-01 2.746177455316411997e-01
9.997973227070313662e-01 -5.334524536170807615e-03 1.940735484665857477e-02 3.721587369175547583e-02 5.309430606090822895e-03 9.999850066842258522e-01 1.343773260102278837e-03 -8.722868468203692771e-03 -1.941423775132826435e-02 -1.240419317628245737e-03 9.998106900942165254e-01 5.687337817108576443e-01
9.997618715251113120e-01 -7.374312987446268036e-03 2.053988643713059239e-02 4.424855383617010141e-02 7.366751378982868900e-03 9.999727535766346209e-01 4.438627925975579527e-04 -1.783873396633911534e-02 -2.054260249414598116e-02 -2.924601133178178318e-04 9.997889549725648139e-01 8.851595804853888971e-01
9.997940836833880685e-01 -9.487858027530063354e-03 1.794331622250090394e-02 5.392644680383133771e-02 9.508289864546234579e-03 9.999542791049699231e-01 -1.054338450688905183e-03 -1.564291048994542743e-02 -1.793250064113791065e-02 1.224637847131993668e-03 9.998385174187043312e-01 1.191252402680345490e+00
9.998470110807520239e-01 -1.297856664208205113e-02 1.172518525449225794e-02 5.235462245862990832e-02 1.301118766141193435e-02 9.999116687609714837e-01 -2.710015728707472048e-03 -1.703667042844124457e-02 -1.168896137237213258e-02 2.862144412266867406e-03 9.999276209128240556e-01 1.509916756395474735e+00
9.999183168723334569e-01 -1.277662142996372104e-02 2.153647953487584585e-04 4.398765179778510448e-02 1.277737057226233965e-02 9.999106242410962242e-01 -3.929705202095378110e-03 -3.819668890258705318e-02 -1.651297599375643169e-04 3.932138328771497826e-03 9.999922449522442580e-01 1.834887619232887124e+00
9.997995237697402393e-01 -1.240860189350720746e-02 -1.571854718689909627e-02 2.041799278899667988e-02 1.234406143298267394e-02 9.999149474328632436e-01 -4.197980964101387727e-03 -3.504883442318140752e-02 1.576931456775080426e-02 4.003129635870138897e-03 9.998677598421660262e-01 2.166953338065960466e+00
9.993438758310047021e-01 -8.045879298500164395e-03 -3.531444633073721473e-02 -1.578670568573258340e-02 7.882402580469823408e-03 9.999575485235742134e-01 -4.765523333894680809e-03 -4.226362130523894645e-02 3.535129977372149235e-02 4.484013260229491836e-03 9.993648621139271659e-01 2.512158006352323891e+00
9.985233941254290091e-01 -4.133347685347565914e-03 -5.416681481265011450e-02 -5.998990710429560197e-02 3.822342798085994701e-03 9.999756243160382585e-01 -5.843757894770176126e-03 -5.053080969861238614e-02 5.418965643744748373e-02 5.628071593094296880e-03 9.985148484599308816e-01 2.871675493650534428e+00
9.971967342742701357e-01 -2.698587559915564989e-03 -7.478760799849827612e-02 -1.073596280605421116e-01 2.258265641061315762e-03 9.999795917580418525e-01 -5.972203006742015513e-03 -5.246354360851872289e-02 7.480220987250657538e-02 5.786578552051849234e-03 9.971825115722108279e-01 3.230148036060656480e+00
9.952845163761098179e-01 -4.311352625157104101e-03 -9.691747667033012714e-02 -1.606525899202005669e-01 3.801745050319717614e-03 9.999779500600112225e-01 -5.443329631280056230e-03 -5.838509970139310612e-02 9.693880478700968306e-02 5.049424877534514945e-03 9.952789916937622161e-01 3.605912885274993318e+00
9.931429342061450782e-01 -4.946522775430565316e-03 -1.167885596028755968e-01 -2.192843107331184094e-01 4.485063876981046013e-03 9.999810881113254668e-01 -4.212583226802008377e-03 -6.779715961576071592e-02 1.168071965775490384e-01 3.659921971930905123e-03 9.931463457817424345e-01 3.998230933780249519e+00
9.911792088939581635e-01 -4.552715097698863470e-03 -1.324734851167078120e-01 -2.944662474030055321e-01 4.151513801009587556e-03 9.999859344082357993e-01 -3.305104517457919944e-03 -7.121986220023883429e-02 1.324866928214457895e-01 2.725809417866286322e-03 9.911841332404698335e-01 4.394409611728240073e+00
9.888617824708539894e-01 -3.293339170354799873e-03 -1.488423515053795276e-01 -3.719331453721979597e-01 2.865506336647989736e-03 9.999911123224424214e-01 -3.088115580981394721e-03 -7.667275765545891741e-02 1.488512274020918347e-01 2.627107805942395340e-03 9.888624186413048633e-01 4.806386723885988310e+00
9.870164919529914593e-01 -2.970454289995871910e-03 -1.606066411099598135e-01 -4.605307980366375453e-01 2.550895049220809358e-03 9.999927565856148171e-01 -2.819918814247025091e-03 -8.269869194917263411e-02 1.606138594718606871e-01 2.373685487378996047e-03 9.870168950122668594e-01 5.231646142441040759e+00
9.847652975681940868e-01 -4.489820518747507892e-03 -1.738373519539586076e-01 -5.536859626144166047e-01 3.833310438530398122e-03 9.999842215641610021e-01 -4.112135073653037064e-03 -8.858109060753734110e-02 1.738530815264102691e-01 3.382973075739021448e-03 9.847669369948118812e-01 5.673224951538805350e+00
9.828596691583680878e-01 -7.096231510577214775e-03 -1.842183958999659699e-01 -6.444666837421713090e-01 6.140638892417480538e-03 9.999645714254955520e-01 -5.758024538154442491e-03 -1.030767935566835602e-01 1.842527545520971088e-01 4.527629857323116173e-03 9.828684583716724710e-01 6.124753121383474053e+00
9.815157725318295334e-01 -6.531032172529020567e-03 -1.912305028113741590e-01 -7.422521511276531925e-01 5.196303824967048873e-03 9.999585395238770325e-01 -7.478835304588685520e-03 -1.082094317336886047e-01 1.912714220006662136e-01 6.346990569754393241e-03 9.815089981669194996e-01 6.586427976518461236e+00
9.800822153722977825e-01 -6.192362337061069026e-03 -1.984734251982764874e-01 -8.545335671855347481e-01 4.469694655061501321e-03 9.999484072628567199e-01 -9.125385487917270569e-03 -1.092784598206321955e-01 1.985196908632939627e-01 8.056625289937814627e-03 9.800592993161398869e-01 7.064422951727157063e+00
9.785008244160514623e-01 -6.536999094324976584e-03 -2.061123700032481687e-01 -9.655088691361913833e-01 4.183722481565428121e-03 9.999210564615317320e-01 -1.185119637400393854e-02 -1.213821651897295517e-01 2.061735648932079834e-01 1.073398095368405421e-02 9.784509399766041504e-01 7.548963403190076527e+00
9.767722914607243068e-01 -1.084082420758147348e-02 -2.139911998997959253e-01 -1.077815458804388671e+00 8.057819430942218461e-03 9.998712380968495239e-01 -1.387378244809961587e-02 -1.273537293113012336e-01 2.141140771727312875e-01 1.182726734342969509e-02 9.767337769037606199e-01 8.050357137784267536e+00
9.748374932085202005e-01 -1.614150167685525147e-02 -2.223113369853410293e-01 -1.193757479141648759e+00 1.318814969680464841e-02 9.998040135226741176e-01 -1.475905033368967931e-02 -1.434106373251853306e-01 2.225060494317480930e-01 1.145600005844514199e-02 9.748592924478831634e-01 8.570196005483115442e+00
9.733227306999268080e-01 -1.723542077095038816e-02 -2.288116667431301099e-01 -1.323504001646745643e+00 1.370100958451186263e-02 9.997611046846467397e-01 -1.702387558616841670e-02 -1.683972909831462084e-01 2.290505113928854031e-01 1.343525073671699918e-02 9.733262245443207172e-01 9.093648467744200659e+00
9.709795975951406311e-01 -1.336969273450934817e-02 -2.387944174115177454e-01 -1.474883911869338871e+00 8.352399807178056967e-03 9.997228418318886423e-01 -2.200994844205898457e-02 -1.713896326938445236e-01 2.390224565244855326e-01 1.937755203873041052e-02 9.708220065835606594e-01 9.627081603926310294e+00
9.690708360471979033e-01 -1.027805785628001234e-02 -2.465634088824960879e-01 -1.631446750871010209e+00 4.339525221587406736e-03 9.996875828108073847e-01 -2.461459607655721096e-02 -1.868021182761420984e-01 2.467394088591649270e-01 2.278307493267985387e-02 9.688125702739224243e-01 1.017357036575657681e+01
9.666393394830912200e-01 -1.354393229551179891e-02 -2.556692278120962225e-01 -1.790106673917292390e+00 6.936967448980835629e-03 9.996189889522989480e-01 -2.671352702266265727e-02 -2.081106419439055499e-01 2.559335851103940462e-01 2.404831501872542812e-02 9.663649983430219192e-01 1.073852037830755535e+01
9.642820337475545012e-01 -1.496718865575208911e-02 -2.644085319531063738e-01 -1.952501578913551139e+00 7.627668531050009297e-03 9.995571931062100512e-01 -2.875977845652869305e-02 -2.386983142730048635e-01 2.647218899449107488e-01 2.571532346941384634e-02 9.639692367196915912e-01 1.131003956005175226e+01
9.626698564537499170e-01 -1.471065999146476365e-02 -2.702716611329316621e-01 -2.126910435668451171e+00 6.321144518260059762e-03 9.994715138187556525e-01 -3.188655979993501588e-02 -2.575215204335403185e-01 2.705979168942309054e-01 2.898783827276166930e-02 9.622541313411117070e-01 1.189024524519397374e+01
9.601013311528836525e-01 -1.403887645615685582e-02 -2.792554977274951944e-01 -2.315945712084504837e+00 4.410557638951194750e-03 9.993750404830116230e-01 -3.507323073911555039e-02 -2.799115099365123704e-01 2.795733438031212104e-01 3.244217175223617494e-02 9.595631758074948392e-01 1.248743929762899185e+01
9.581244651050869754e-01 -1.583047676083564753e-02 -2.858592762298210466e-01 -2.506746732324627303e+00 4.368550459189505554e-03 9.991625305074940400e-01 -4.068233938652703746e-02 -3.101941304438637359e-01 2.862640133521501262e-01 3.772892972637410108e-02 9.573913395772386536e-01 1.308842003424349798e+01
9.561483421717411613e-01 -1.660092382725267615e-02 -2.924040573471944904e-01 -2.700602581549861547e+00 2.759407389862812785e-03 9.988586139830386568e-01 -4.768061159236810370e-02 -3.489831847871804893e-01 2.928619537784789562e-01 4.478232277959482560e-02 9.551028022222958214e-01 1.370774405182472222e+01
9.547195479633697746e-01 -1.693732043771272247e-02 -2.969750492141123854e-01 -2.910333345767387669e+00 4.350946223665591323e-04 9.984564818759794624e-01 -5.554136199601652363e-02 -3.828414357270342183e-01 2.974573773283890610e-01 5.289681727633652186e-02 9.532533205367803575e-01 1.433204695536712414e+01
9.539017862089379518e-01 -1.677241291581018853e-02 -2.996631048711121958e-01 -3.118320361653991402e+00 -2.760673344886392395e-03 9.979044867564655918e-01 -6.462899866661689363e-02 -4.319975369993201975e-01 3.001193490993474544e-01 6.247679599162101610e-02 9.518565874281210704e-01 1.497090957649670173e+01
9.524705633166190566e-01 -1.712535780152440318e-02 -3.041672528294380728e-01 -3.340459781976502729e+00 -5.531155944451383692e-03 9.972817313890841584e-01 -7.347741286706528652e-02 -4.728638930308617372e-01 3.045988043609627050e-01 7.166761342053062922e-02 9.497867587343910012e-01 1.562103054133545399e+01
9.514497503265496592e-01 -1.551818301941084582e-02 -3.074072354587237821e-01 -3.566687310497559160e+00 -9.639896760081622870e-03 9.967361519372303080e-01 -8.015569056281537930e-02 -5.297107402770329099e-01 3.076476368327167865e-01 7.922807243513682596e-02 9.481948798636006259e-01 1.627387542785418972e+01
9.500240258962340256e-01 -1.446712851399077106e-02 -3.119132768146020696e-01 -3.805514906200704761e+00 -1.321943477522552132e-02 9.961652587688378802e-01 -8.649367345937102047e-02 -5.912656873277788439e-01 3.119691347828296157e-01 8.629229414123887332e-02 9.461895820074442964e-01 1.693223554617943805e+01
9.481803330649501982e-01 -1.302719516616214837e-02 -3.174726041001238452e-01 -4.040864369581552928e+00 -1.729322280641871351e-02 9.955623216850344459e-01 -9.251984681505852348e-02 -6.607039923915899449e-01 3.172691476523274989e-01 9.321529410250095626e-02 9.437472601441196929e-01 1.761188420785246223e+01
9.468125997576128938e-01 -1.071815589161083035e-02 -3.215907213398997433e-01 -4.297186929843587855e+00 -2.202702890754171944e-02 9.949420206124067745e-01 -9.800294082761108749e-02 -7.326496656636433125e-01 3.210148011561732018e-01 9.987349344016423214e-02 9.417876192959657722e-01 1.829930044346615858e+01
9.450980808736264560e-01 -8.162102107480419602e-03 -3.267001091172130889e-01 -4.556439166043723787e+00 -2.640129035846838432e-02 9.945130174100071940e-01 -1.012074006073884341e-01 -8.071814302650207607e-01 3.257332752825077282e-01 1.042766294543045896e-01 9.396969466267977023e-01 1.900003556317487607e+01
9.434160508431234105e-01 -7.621113178272877903e-03 -3.314552094376923552e-01 -4.818094790827059271e+00 -2.793427944621505385e-02 9.943560775037503241e-01 -1.023576834986943962e-01 -8.849624106709245153e-01 3.303637518043830990e-01 1.058284108397774120e-01 9.378786947694289777e-01 1.971319542692291193e+01
9.413819559890157507e-01 -6.887173893389160299e-03 -3.372094191369678917e-01 -5.091752579767555353e+00 -2.897004269234068619e-02 9.944476471105184734e-01 -1.011557837973768859e-01 -9.702066242325134704e-01 3.360337506473599078e-01 1.049956791131521489e-01 9.359555607798603072e-01 2.043571874568371882e+01
9.393235458010603667e-01 -7.377869405766603050e-03 -3.430033735985297816e-01 -5.378850557140398614e+00 -2.872711497677279610e-02 9.945650073747835940e-01 -1.000889809781975864e-01 -1.057271111224196369e+00 3.418783896448872039e-01 1.038666567133914309e-01 9.340062155390611576e-01 2.116733155237633923e+01
9.367047336698335336e-01 -7.152103038767527315e-03 -3.499829427775647539e-01 -5.662397739818667119e+00 -2.915972729238245145e-02 9.947243083669825570e-01 -9.835566561901645799e-02 -1.144414037982834031e+00 3.488399324115246669e-01 1.023365838120643551e-01 9.315543635532415045e-01 2.190266406814963318e+01
9.343457895362711207e-01 -6.169306851125559189e-03 -3.562853050959767787e-01 -5.953694324695088191e+00 -2.928983914099932834e-02 9.951379678360905423e-01 -9.404506910029045152e-02 -1.225900536830619947e+00 3.551333120327526127e-01 9.830686134325848646e-02 9.296221276564777813e-01 2.264569016294628767e+01
9.294750493300698579e-01 -3.919147058224072694e-03 -3.688726609980283455e-01 -6.274764463303840856e+00 -3.119548894848889545e-02 9.955264404740759021e-01 -8.919892598179318677e-02 -1.306563881382102776e+00 3.675716633146788870e-01 9.441762962068783738e-02 9.251948717376023978e-01 2.341546383365152195e+01
9.268847976658213250e-01 -1.878590647926418975e-03 -3.753753409167593369e-01 -6.592447872354550320e+00 -3.193853319122378492e-02 9.959660007915666080e-01 -8.386124459997189307e-02 -1.390092633954959078e+00 3.740187959892321556e-01 8.971794694286769345e-02 9.230857383315526077e-01 2.416344500016259644e+01
9.234485251242795512e-01 1.721194758317629069e-03 -3.837485280913985886e-01 -6.922450675143513088e+00 -3.501060255794995191e-02 9.961968552507770580e-01 -7.978390852897572494e-02 -1.453372962938196400e+00 3.821517460471318683e-01 8.711115893722869152e-02 9.199968463209581282e-01 2.491588947575575119e+01
9.200609155161723063e-01 2.410215088575104123e-03 -3.917452866046564619e-01 -7.263102314667793102e+00 -3.604586944983100005e-02 9.962603004855605793e-01 -7.853452156245258053e-02 -1.537858520805512663e+00 3.900908347142486021e-01 8.637960709384588653e-02 9.167072793100043970e-01 2.568045997644244238e+01
9.158844028818999838e-01 3.818286181553166760e-03 -4.015023184760312391e-01 -7.613776112928242412e+00 -3.804600159713421997e-02 9.962794869106568196e-01 -7.730338587731629130e-02 -1.614437421793324168e+00 3.997136104977391247e-01 8.607097661596360694e-02 9.126222368210602509e-01 2.645875393036536494e+01
9.125915331116239981e-01 4.580439000933931269e-03 -4.088221396738423441e-01 -7.977238704566278926e+00 -3.889579362923355904e-02 9.963749028334213387e-01 -7.565667775422338370e-02 -1.679570208740354120e+00 4.069932756267982121e-01 8.494749383696587053e-02 9.094617228150255750e-01 2.722524846585294256e+01
9.084532199996792068e-01 5.555033926355640653e-03 -4.179948613922883638e-01 -8.351647313565154107e+00 -3.985598768278474785e-02 9.965067388148212135e-01 -7.337126701912252691e-02 -1.749566236021356413e+00 4.161271127343675880e-01 8.331153737850503782e-02 9.055015623341814424e-01 2.801556553698745233e+01
9.043452924437731522e-01 5.839616445664359314e-03 -4.266635228719668493e-01 -8.733079043205535186e+00 -3.985689950875111187e-02 9.966924257690731315e-01 -7.084055956283037692e-02 -1.826746526312254204e+00 4.248386161573300401e-01 8.107399700802975229e-02 9.015868054268330045e-01 2.880701192404594124e+01
9.015332480171127649e-01 5.459008520426494870e-03 -4.327262246911585120e-01 -9.130568214574996233e+00 -3.822299040934502151e-02 9.970161759037693416e-01 -6.706584627739775595e-02 -1.892393161072515761e+00 4.310689640931357758e-01 7.700203320230594728e-02 8.990521566989303492e-01 2.960223141820020487e+01
8.972425530095183843e-01 8.519559676401021464e-03 -4.414021995426702927e-01 -9.542480587917806290e+00 -3.947748716999158886e-02 9.973573455503068619e-01 -6.100306914705947575e-02 -1.952202292939921424e+00 4.397159118468323413e-01 7.216452113640392518e-02 8.952080171277361220e-01 3.042041430468356822e+01
8.944705364915513934e-01 7.058637381156125309e-03 -4.471143950886267149e-01 -9.952715178297548704e+00 -3.632937272472844953e-02 9.977168038544257378e-01 -5.694807132771413649e-02 -2.023884086215367528e+00 4.456917259181762958e-01 6.718208773253478427e-02 8.926848935216684655e-01 3.123674680643008372e+01
8.896721937896340249e-01 6.989758614234446721e-03 -4.564738621886538783e-01 -1.038448809792670602e+01 -3.573600095555588135e-02 9.978817321533988149e-01 -5.434879683518235860e-02 -2.083719735480274782e+00 4.551269662370501234e-01 6.466485964326833258e-02 8.880373282912813471e-01 3.205456253675809819e+01
8.869695579691172505e-01 6.995078463803378575e-03 -4.617540090650608109e-01 -1.083065469549646309e+01 -3.557745213175275006e-02 9.979490598697114967e-01 -5.321173295595255093e-02 -2.144251036227135199e+00 4.604350830547569440e-01 6.362157922488913264e-02 8.853989366350484280e-01 3.288555860181485002e+01
8.844843696879717276e-01 6.547913778752411339e-03 -4.664501644410146697e-01 -1.128149832980175127e+01 -3.451593960652051679e-02 9.980798759537108378e-01 -5.143623031280758484e-02 -2.198083864367831985e+00 4.652176430100793403e-01 6.159787334875743009e-02 8.830120573635361625e-01 3.372160220075246428e+01
8.809604643660933210e-01 6.192278327865964258e-03 -4.731953523072164880e-01 -1.174468417592646219e+01 -3.360459107974362453e-02 9.982083453453032273e-01 -4.950292714006812589e-02 -2.256026110078312552e+00 4.720411402172269844e-01 5.950942671149738600e-02 8.795901524429918794e-01 3.457337013374305457e+01
8.796630645782316238e-01 5.464199055961557749e-03 -4.755675256795957040e-01 -1.221997464338005024e+01 -3.277692739039360370e-02 9.982531402688507027e-01 -4.915707237440992972e-02 -2.313799919787899562e+00 4.744683169937445322e-01 5.882757912085919555e-02 8.783052087652836182e-01 3.542811069722575468e+01
8.779954645290096726e-01 4.298012085221712859e-03 -4.786884823271149725e-01 -1.269642971676052134e+01 -3.210343238703877028e-02 9.982369650346609724e-01 -4.992624436637419644e-02 -2.373933891480740854e+00 4.776302656962717608e-01 5.920027900703823259e-02 8.765853800180862798e-01 3.628838777858883446e+01
8.761126019300460310e-01 4.585079180646922485e-03 -4.820854479759654754e-01 -1.319662568270634395e+01 -3.270257228111759368e-02 9.982168441957817162e-01 -4.994437046508098249e-02 -2.425038781574360591e+00 4.809970115816591951e-01 5.952149518899368941e-02 8.747002498618737798e-01 3.715997245771973923e+01
8.763045664870525719e-01 4.629298102433986213e-03 -4.817841871297172118e-01 -1.369629915906597262e+01 -3.204442314772829731e-02 9.982993786035181394e-01 -4.870280172847642891e-02 -2.483864332939512476e+00 4.807394213044745013e-01 5.811734848976352757e-02 8.749626695372676455e-01 3.804806788392924943e+01
8.748408453721414624e-01 5.628862674325660516e-03 -4.844186032941106279e-01 -1.420018843941287834e+01 -3.229319567006127406e-02 9.983856092306444552e-01 -4.672637326999382751e-02 -2.540055069313444047e+00 4.833733770362405591e-01 5.652375420874444778e-02 8.736104461082737638e-01 3.894710821520491351e+01
8.747000641937694443e-01 3.545925010084498459e-03 -4.846175026083051063e-01 -1.471912474820684125e+01 -2.963855445587789891e-02 9.984930221765895286e-01 -4.618269818795503467e-02 -2.597469971710759662e+00 4.837233272676996210e-01 5.476059719671085013e-02 8.734870541249417641e-01 3.985150661087387647e+01
8.751427720466377069e-01 1.935268110705774813e-03 -4.839363220597077131e-01 -1.523743515646354929e+01 -2.839787249135197061e-02 9.984737071279328191e-01 -4.737749123017354763e-02 -2.660480221208936236e+00 4.831062043034840547e-01 5.520406827972072078e-02 8.738618867235621313e-01 4.077365329530229587e+01
8.733243668922806568e-01 6.605180478824886851e-04 -4.870644302919825974e-01 -1.576737907631870250e+01 -2.717072375428601291e-02 9.985083871660482835e-01 -4.734863269033413868e-02 -2.719907704699190631e+00 4.863065096563646272e-01 5.458655630937512410e-02 8.720396500401822459e-01 4.170843589282268482e+01
8.730437566769680968e-01 -1.252263308340746911e-04 -4.876713374912870491e-01 -1.629641720919089565e+01 -2.498307469597721084e-02 9.986750823966888957e-01 -4.498266289613273017e-02 -2.777638400672295393e+00 4.870306960024549103e-01 5.145750921708064363e-02 8.718840924258244307e-01 4.263626052627737550e+01
8.699639026202276026e-01 6.729713665935873734e-04 -4.931638364829007415e-01 -1.682805839262265479e+01 -2.441008070182410991e-02 9.988318684515207213e-01 -4.170533039270030856e-02 -2.834622955141986811e+00 4.925597271390884657e-01 4.832033713581439932e-02 8.689641171004015563e-01 4.355158822221097381e+01
8.673659383047086502e-01 8.534431183488714549e-04 -4.978276098243760162e-01 -1.736896075276957063e+01 -2.241720254889457281e-02 9.990504689656352078e-01 -3.735818685282851076e-02 -2.898260071568191432e+00 4.973230981309869625e-01 4.356185227770863894e-02 8.665615194607660943e-01 4.448838781098676520e+01
8.644899572804840560e-01 -9.687969788001001741e-04 -5.025144693021318387e-01 -1.792085962316571468e+01 -1.940613521894457572e-02 9.991882318970838339e-01 -3.530420912768773151e-02 -2.947119705188275596e+00 5.021407552489338677e-01 4.027464111207961633e-02 8.637693801927021076e-01 4.541352710444209606e+01
8.587113050033855499e-01 -3.375100738100139403e-03 -5.124304619447122011e-01 -1.847475763518310998e+01 -1.859049060192013991e-02 9.991148711866736365e-01 -3.773556525543628193e-02 -3.008081636351457089e+00 5.121041888416967280e-01 4.193152398240202611e-02 8.578885168793990434e-01 4.633172750536849094e+01
8.529429458061896785e-01 -5.822914645246932488e-03 -5.220272322422087052e-01 -1.903182582104227905e+01 -1.776330130785656186e-02 9.990349001901072112e-01 -4.017550159884929195e-02 -3.068231767377644914e+00 5.217572404071769698e-01 4.354107900477929838e-02 8.520164281431077402e-01 4.724125789104191142e+01
8.471976699724449444e-01 -5.337985940236484976e-03 -5.312383292314756256e-01 -1.962316489732822333e+01 -1.827848142198369372e-02 9.990647093466147322e-01 -3.918265138195500125e-02 -3.120130088120276923e+00 5.309502277637099255e-01 4.290890616199975749e-02 8.463078301841142626e-01 4.815236695518024135e+01
8.410833953863627865e-01 -3.119135540444506732e-03 -5.407849693606777697e-01 -2.022375438830293248e+01 -1.857655913579637358e-02 9.992269061078429271e-01 -3.464560115173630911e-02 -3.170238510874466176e+00 5.404747948968385840e-01 3.918717331161805650e-02 8.403750994686239872e-01 4.905815770390871222e+01
8.374892098788259132e-01 3.473890272453344918e-04 -5.465018035960376164e-01 -2.082173598775597867e+01 -1.992841279503621693e-02 9.993539925859858952e-01 -2.990447226639824513e-02 -3.222534728687096894e+00 5.461384407199040281e-01 3.593442315574814361e-02 8.369551202128008294e-01 4.995233989189237178e+01
8.322823566774942838e-01 1.089176797166718563e-03 -5.543498505492642225e-01 -2.142899467205688779e+01 -2.222965447177286183e-02 9.992593501334479100e-01 -3.141736957787921031e-02 -3.270002377681016092e+00 5.539051675758063231e-01 3.847000003454381645e-02 8.316900236501786337e-01 5.084099882026641382e+01
8.295741585046189082e-01 -8.526984735125207925e-04 -5.584253417640698824e-01 -2.203800996398227952e+01 -2.279563288405809379e-02 9.991134856702607037e-01 -3.538614038298330822e-02 -3.322143854077995506e+00 5.579605776857026189e-01 4.208263556301036074e-02 8.288193581787886011e-01 5.172658214795232823e+01
8.269627596712690876e-01 -2.645053820372604125e-03 -5.622571124470759907e-01 -2.264708481406717766e+01 -2.530868306670425519e-02 9.988002323652557246e-01 -4.191744773411715946e-02 -3.380962337252087391e+00 5.616933024214804115e-01 4.889525591265504040e-02 8.259038280127614096e-01 5.260331246161208441e+01
8.224765116136929510e-01 -3.094420448017062321e-03 -5.687371263146412392e-01 -2.327098482235750865e+01 -2.601933719490636537e-02 9.987337104055108439e-01 -4.305304984312374045e-02 -3.435440361554558564e+00 5.681499771657065878e-01 5.020983911254350840e-02 8.213544919357220753e-01 5.348568886718722837e+01
8.200117545761433924e-01 -2.080844537204874431e-03 -5.723112045733956821e-01 -2.389412538634334737e+01 -2.525572258542890802e-02 9.988877332571814982e-01 -3.981976059754723657e-02 -3.500472415460238462e+00 5.717572576846988719e-01 4.711207000256203287e-02 8.190472966629825935e-01 5.436131789115969326e+01
8.168108926083617050e-01 -5.551915142677771439e-04 -5.769596322984682502e-01 -2.452908632583378790e+01 -2.334108530139987134e-02 9.991489486567274314e-01 -3.401589936283051785e-02 -3.549713837343261069e+00 5.764876776061643726e-01 4.124815195948580704e-02 8.161027130943472319e-01 5.524686591905097544e+01
8.132474242625663541e-01 1.836391299519361288e-03 -5.819749475560591634e-01 -2.516751012914132701e+01 -2.408987770588429458e-02 9.992439719736759818e-01 -3.051385404432160886e-02 -3.599903887952970560e+00 5.814788984183455467e-01 3.883502788329427913e-02 8.126769868852485867e-01 5.612297866853089801e+01
8.109795961090165983e-01 3.043760391576497745e-03 -5.851179951824018177e-01 -2.580602725335532455e+01 -2.627707299065023400e-02 9.991668901389062496e-01 -3.123053675245240218e-02 -3.655173159533539717e+00 5.845355767182750517e-01 4.070234711351633505e-02 8.103840594635947081e-01 5.699877315663085398e+01
8.060097735858047230e-01 7.242112882835133759e-04 -5.918974296884389474e-01 -2.646388601839005617e+01 -2.502756016312902149e-02 9.991464552251148046e-01 -3.285515313903974999e-02 -3.700306665204157852e+00 5.913682280167494865e-01 4.129969974755810791e-02 8.053401729758850047e-01 5.787043417099158660e+01
8.026524735261377774e-01 -4.566681136593667210e-04 -5.965877602860898410e-01 -2.711430922965855927e+01 -2.506373147571596890e-02 9.990906851084556672e-01 -3.448847385111306757e-02 -3.755112525508965238e+00 5.960613194810393534e-01 4.262830107248926498e-02 8.019111067691543360e-01 5.873701231792909994e+01
7.992804700400565343e-01 -2.075102572964106391e-03 -6.010037186887376981e-01 -2.777602466860790997e+01 -2.377938568760010543e-02 9.991017455728138374e-01 -3.507323582667260659e-02 -3.810175769769679199e+00 6.005368513233122485e-01 4.231868724317728453e-02 7.985131810965721000e-01 5.960003647552090200e+01
7.947841650446145767e-01 -2.330316476424171626e-03 -6.067685749486836366e-01 -2.845621665412333812e+01 -2.283701080675228090e-02 9.991696003032350948e-01 -3.373428304851844306e-02 -3.856145596691008759e+00 6.063433191441246484e-01 4.066782978534480564e-02 7.940710893121847302e-01 6.046239678806208673e+01
7.900705564637422462e-01 -2.204517098222982720e-03 -6.130850741029307827e-01 -2.913582495522932447e+01 -2.308353615465915873e-02 9.991773664061414095e-01 -3.334056793265609969e-02 -3.902417058632884128e+00 6.126544542151175499e-01 4.048927994393845819e-02 7.893697095191852808e-01 6.132014369889836303e+01
7.848202528706165193e-01 -2.789090766816378335e-03 -6.197751905582801202e-01 -2.982327060797890184e+01 -2.305052359444278998e-02 9.991665132309310859e-01 -3.368073222631136343e-02 -3.959270299459166420e+00 6.193526779115063885e-01 4.071821802032012799e-02 7.841019442065276790e-01 6.218107001161244796e+01
7.791909197022823808e-01 -4.070584202429433814e-03 -6.268166548721534337e-01 -3.052413988736010708e+01 -2.236246538063779016e-02 9.991616782980974332e-01 -3.429671311618063406e-02 -4.011296991782979937e+00 6.264309174673169389e-01 4.073986471650155317e-02 7.784466945640124980e-01 6.303453636437683372e+01
7.754497315132624635e-01 -5.167540898619663037e-03 -6.314451877618123543e-01 -3.122402100134627290e+01 -2.163124315228638628e-02 9.991620530917503240e-01 -3.475207260209683263e-02 -4.060291846064682630e+00 6.310959334733614590e-01 4.060549394243066074e-02 7.746881707630293157e-01 6.388106428950998605e+01
7.690311550058261947e-01 -6.360777116656250382e-03 -6.392110726828504896e-01 -3.194771636110505852e+01 -2.135633340920585835e-02 9.991366042181061280e-01 -3.563896429367199165e-02 -4.114500833599623597e+00 6.388860959355793234e-01 4.105462445905447288e-02 7.682313668289244557e-01 6.472667366909188047e+01
7.633578866145787067e-01 -8.287734879392444007e-03 -6.459478218959260332e-01 -3.266757910343299187e+01 -2.061238389376324892e-02 9.990959679041226948e-01 -3.718014079249300219e-02 -4.168721091282462154e+00 6.456723880767645252e-01 4.169130717860655699e-02 7.624970670167906528e-01 6.557400610984980460e+01
7.562626651421202606e-01 -8.647376118740977141e-03 -6.542025136203424296e-01 -3.340677930672271145e+01 -2.004898076180239644e-02 9.991367141766903659e-01 -3.638509866690671501e-02 -4.224677930091763400e+00 6.539521946925080931e-01 4.063615025947255738e-02 7.554365066827766206e-01 6.641901803762570466e+01
7.504491735436324973e-01 -9.159162200431674936e-03 -6.607237628228663784e-01 -3.414975546681281315e+01 -1.868686284415160825e-02 9.992102075929193417e-01 -3.507590477920929234e-02 -4.277300215834799246e+00 6.605230817784228936e-01 3.867323714917866168e-02 7.496853850034325140e-01 6.725366247886836391e+01
7.452629625899295229e-01 -9.798285976398425981e-03 -6.666115182910145043e-01 -3.490411298102688420e+01 -1.724662174070703061e-02 9.992742183818479340e-01 -3.396864710613949762e-02 -4.331049490040383532e+00 6.664604381075044381e-01 3.681678520226733253e-02 7.445529636624697023e-01 6.807799166798533008e+01
7.379028951906611011e-01 -1.109171765498377128e-02 -6.748136729434742742e-01 -3.567361952142260151e+01 -1.645645389332353256e-02 9.992720599419865346e-01 -3.441225262326357698e-02 -4.388300868799618115e+00 6.747044475866660340e-01 3.649194347310998759e-02 7.371831266849795394e-01 6.890775474866806860e+01
7.311380628722873309e-01 -1.260398291658393170e-02 -6.821799894089513039e-01 -3.645920336210787127e+01 -1.646034329880055602e-02 9.992124151000795207e-01 -3.610396999265914897e-02 -4.445797950402425869e+00 6.820978371793970929e-01 3.762591490855659443e-02 7.303547427269436731e-01 6.973044805657058021e+01
7.273662619937857343e-01 -1.269679332220035803e-02 -6.860938372280873665e-01 -3.723836634914362520e+01 -1.688957532597969505e-02 9.991948524217867389e-01 -3.640224679699080590e-02 -4.499469475940660601e+00 6.860034860653178024e-01 3.806930888415747949e-02 7.265660313516396629e-01 7.055680619593981362e+01
7.204953979887521731e-01 -1.226151052242955945e-02 -6.932860563613659766e-01 -3.804640667382609109e+01 -1.684109268098090556e-02 9.992394444441987655e-01 -3.517077229837296815e-02 -4.551838078767992180e+00 6.931902919627418447e-01 3.701206061093993693e-02 7.197408131227742700e-01 7.137077844681994065e+01
7.155479613936571726e-01 -1.201987935975701478e-02 -6.983879909072128189e-01 -3.885742898009163326e+01 -1.747158655982179384e-02 9.992312998902643795e-01 -3.509692533864204600e-02 -4.606040469163480644e+00 6.982725917122953874e-01 3.732330396379888310e-02 7.147878373336324920e-01 7.218618264207334789e+01
7.105606520940878079e-01 -1.256860454830453083e-02 -7.034410887402408052e-01 -3.967498704379948293e+01 -1.790577026177313236e-02 9.991937546289925143e-01 -3.593938474613508904e-02 -4.664023636279586604e+00 7.033257199286575556e-01 3.813254862768209602e-02 7.097626335296054467e-01 7.299936722047840476e+01
7.053247954006651721e-01 -1.470113020436356402e-02 -7.085839422619634176e-01 -4.050246282582024548e+01 -1.809942990579257310e-02 9.990855574752453006e-01 -3.874251540380072717e-02 -4.724146991962736131e+00 7.085051918122305947e-01 4.015798539427450908e-02 7.044136141040702181e-01 7.380835524968537698e+01
7.015547380416772283e-01 -1.661113745948223502e-02 -7.123696606370544249e-01 -4.133580112451072353e+01 -1.819320616044589611e-02 9.989849448379791719e-01 -4.120773314857018726e-02 -4.783127248269388510e+00 7.123311771807449011e-01 4.186976031663590392e-02 7.005402698371713255e-01 7.461755740783462443e+01
6.958762906697180117e-01 -1.590813267227067854e-02 -7.180433863722150978e-01 -4.219129342641589631e+01 -1.990681858473070109e-02 9.989432304000714913e-01 -4.142657058796336833e-02 -4.840397927100714703e+00 7.179436400771709303e-01 4.311948319808945468e-02 6.948241480586286878e-01 7.541753952651434645e+01
6.916918445045461272e-01 -1.588062200917192412e-02 -7.220750014156442909e-01 -4.304890448171396855e+01 -1.863549725632034429e-02 9.990328030708210960e-01 -3.983159890581076251e-02 -4.901859435460063530e+00 7.220091805505775007e-01 4.100701263004251362e-02 6.907268399658318403e-01 7.623022355887489709e+01
6.878579709304690759e-01 -1.679851362962634168e-02 -7.255770675269591630e-01 -4.390299890973794561e+01 -1.664467172294517572e-02 9.991041418743772384e-01 -3.891024012398437010e-02 -4.966454986945123551e+00 7.255807459629869394e-01 3.884054546072094466e-02 6.869621425662475467e-01 7.703591957890813546e+01
6.812668529323616662e-01 -1.768369102863063744e-02 -7.317650022081707561e-01 -4.478275577344149383e+01 -1.648213519739097355e-02 9.990842019867451906e-01 -3.949023288691917710e-02 -5.029976146046835517e+00 7.317930121543768651e-01 3.896888619634482354e-02 6.803514597293308652e-01 7.783324185578543108e+01
6.775603161451212442e-01 -1.895458311788497316e-02 -7.351814384169297334e-01 -4.565545844058573266e+01 -1.513134886100583193e-02 9.990969843680609364e-01 -3.970308135652086262e-02 -5.089243416709725132e+00 7.352699629373484758e-01 3.802900749838865335e-02 6.766616291590590304e-01 7.862806831297285726e+01
6.726406256169485953e-01 -1.975076614634167088e-02 -7.397444012557897741e-01 -4.654014105674432500e+01 -1.383693194741504248e-02 9.991331998529464631e-01 -3.925842888207881076e-02 -5.150910146092435582e+00 7.398788227705839216e-01 3.663939395533013371e-02 6.717843071785731812e-01 7.942682661547218004e+01
6.676992056275464771e-01 -2.015159287472010133e-02 -7.440305139575915661e-01 -4.744248044880728088e+01 -1.258978426989274153e-02 9.991849657789567685e-01 -3.835410572093263248e-02 -5.209279773478343145e+00 7.441971128225288723e-01 3.497568158096753255e-02 6.669011836845920582e-01 8.021480638785921258e+01
6.662647079122275828e-01 -2.377660458751576500e-02 -7.453730625912781127e-01 -4.834520501770197853e+01 -9.104001871876786500e-03 9.991576829690401729e-01 -4.001109554992701711e-02 -5.272343136010920972e+00 7.456967929460176503e-01 3.343838720836937034e-02 6.654870997040597258e-01 8.101441184214117186e+01
6.610077293831696510e-01 -2.760170326892468287e-02 -7.498281099811857642e-01 -4.925043428011777280e+01 -7.245902455907365924e-03 9.990419282511727728e-01 -4.315875424112420450e-02 -5.333657493763721114e+00 7.503012376224630353e-01 3.395697224423897820e-02 6.601744486774558940e-01 8.180483606071646818e+01
6.556918396522249948e-01 -3.144900176625606281e-02 -7.544079348446751654e-01 -5.015996447686741533e+01 -2.782382292256808942e-03 9.990247516282111384e-01 -4.406719740510160049e-02 -5.394117643074062052e+00 7.550579628871909588e-01 3.099623007682932377e-02 6.549647646727807526e-01 8.258697593341474885e+01
6.511059562220992136e-01 -3.595686479402368518e-02 -7.581299391541987953e-01 -5.109325853338545187e+01 3.115216744952440959e-03 9.989954187224034943e-01 -4.470731420150905050e-02 -5.462044453507854946e+00 7.589756992347357345e-01 2.675060696684130115e-02 6.505638248121197176e-01 8.337920401431577488e+01
6.417779345938121605e-01 -3.947278568487934403e-02 -7.657295915155737376e-01 -5.202460438525758235e+01 7.740564179269074536e-03 9.989571115189052053e-01 -4.499203057167844300e-02 -5.530528630505848753e+00 7.667069815047884429e-01 2.294711982077202519e-02 6.414139707444301841e-01 8.415622606626237712e+01
6.334480064513395847e-01 -4.011958896178188100e-02 -7.728294605410970242e-01 -5.296662726657282860e+01 1.040365982787842120e-02 9.990065199697200082e-01 -4.332680240741943606e-02 -5.608378835251834005e+00 7.737999771469576960e-01 1.941023609732537430e-02 6.332356810603249064e-01 8.492910903973051973e+01
6.240012144858890775e-01 -3.988375734898411129e-02 -7.805123188415048485e-01 -5.393424303475710246e+01 1.227253104853938057e-02 9.990732999255785840e-01 -4.123579784030848711e-02 -5.665929584878528047e+00 7.814345504824039557e-01 1.614235419855877124e-02 6.239128880276499922e-01 8.569292619205644712e+01
6.155069182492074464e-01 -4.000543656527257713e-02 -7.871819177119157018e-01 -5.490797440243935768e+01 1.256850950376927310e-02 9.990819554246165302e-01 -4.095165071118668509e-02 -5.736797901189979676e+00 7.880976865728558378e-01 1.531228172498155446e-02 6.154449412332502201e-01 8.644734295683936409e+01
6.058608142051775669e-01 -4.021539461512647906e-02 -7.944917158244702016e-01 -5.589406615844389137e+01 1.101197927626649219e-02 9.990497239317537304e-01 -4.217380868144656597e-02 -5.800713174815503415e+00 7.954325897883531837e-01 1.680312344458689475e-02 6.057281041741651162e-01 8.719446172745261947e+01
5.962079980625502040e-01 -4.306791831414980704e-02 -8.016732340907475329e-01 -5.689399796154119571e+01 1.291000778602425722e-02 9.989449652156277004e-01 -4.406484105592445299e-02 -5.870367869100418190e+00 8.027256543283104451e-01 1.591643789810250759e-02 5.961354483391014814e-01 8.792600485861312620e+01
5.865131327261841054e-01 -4.390752802070552185e-02 -8.087609888892599574e-01 -5.789833841691197591e+01 1.216676603054983770e-02 9.988943508497637458e-01 -4.541456614234715833e-02 -5.934889387739838540e+00 8.098606512843650185e-01 1.679765155223897008e-02 5.863989710825607826e-01 8.865130474830333185e+01
5.772823412972616364e-01 -4.590835973268669185e-02 -8.153062331382874284e-01 -5.892585459924952573e+01 1.625391900608982865e-02 9.988661183005081989e-01 -4.474376677772293198e-02 -6.009960576362858298e+00 8.164362848173909448e-01 1.257197427741577403e-02 5.773746279037562656e-01 8.937048943824822800e+01
5.658115198945059543e-01 -4.523236065852695442e-02 -8.233485851456913140e-01 -5.996413325039610243e+01 1.787189674616848981e-02 9.989320071439089510e-01 -4.260464344695598371e-02 -6.081204201890309413e+00 8.243966240627043085e-01 9.385215775252144302e-03 5.660162486001655280e-01 9.007603992576947860e+01
5.550632412902205548e-01 -4.605097269771134955e-02 -8.305248517488180715e-01 -6.101269139921544138e+01 1.824329389011025010e-02 9.988999091632927430e-01 -4.319678565057270131e-02 -6.151386521536814200e+00 8.316006565318085908e-01 8.821229679992308864e-03 5.552930574894496818e-01 9.077099825153634072e+01
5.465577200056831453e-01 -4.612550788648591554e-02 -8.360999127581221213e-01 -6.207087562040128148e+01 1.735346724301842919e-02 9.988916738887796409e-01 -4.375853417506064130e-02 -6.221147668214871196e+00 8.371910956388113334e-01 9.414932246833413940e-03 5.467519582249833476e-01 9.145307412160461524e+01
5.334846157640367181e-01 -4.751563947647625963e-02 -8.443869749065706642e-01 -6.314324169546024734e+01 1.661553493010176769e-02 9.988173338788440825e-01 -4.569321232024145529e-02 -6.291057827462567253e+00 8.455589815619900529e-01 1.035412400650529557e-02 5.336424835693995838e-01 9.212045650132137098e+01
5.245737073275316131e-01 -4.715337303419977338e-02 -8.501037372090844979e-01 -6.422169163152570093e+01 1.503464750219759768e-02 9.988218468815969198e-01 -4.612574435721537164e-02 -6.364954159485590068e+00 8.512782456742166159e-01 1.139848946226739400e-02 5.246653994079675254e-01 9.277501138023231420e+01
