1.0 0.0 0.0 0.0 0.0 1.0 0.0 0.0 0.0 0.0 1.0 0.0
0.9999385 0.011030803 0.001119671 0.27478027 -0.011027482 0.99993485 -0.0029310964 -0.014526367 -0.0011519286 0.0029185659 0.99999505 0.005126953
0.99981004 0.019437686 0.0013881987 0.5689697 -0.019430202 0.9997975 -0.0052124346 -0.032226562 -0.001489274 0.0051844586 0.99998546 0.0052490234
0.999788 0.02058695 0.00044573855 0.885376 -0.020583184 0.99976194 -0.0072432654 -0.03967285 -0.00059473433 0.007232557 0.99997365 0.011962891
0.9998374 0.018003069 -0.0010965788 1.1912842 -0.018012557 0.99979395 -0.009370368 -0.05090332 0.00092775095 0.0093885865 0.99995553 0.0072021484
0.99992657 0.011795724 -0.0027914583 1.5097656 -0.011830807 0.9998468 -0.012897488 -0.052246094 0.00263891 0.012929566 0.9999129 0.0059814453
0.99999213 0.00027960673 -0.0039542727 1.8347168 -0.00033008045 0.9999184 -0.012767567 -0.048461914 0.003950378 0.012768772 0.99991065 0.024658203
0.9998689 -0.015656227 -0.004152076 2.166748 0.015603217 0.99980015 -0.012503676 -0.030761719 0.004346983 0.012437277 0.99991316 0.01940918
0.99936664 -0.035262223 -0.0047792103 2.512085 0.03522191 0.9993453 -0.008271171 -0.0014648438 0.005067761 0.008097583 0.99995434 0.024414062
0.99851626 -0.054116737 -0.0060622278 2.8718262 0.05409003 0.99852604 -0.0044855396 0.036010742 0.0062960465 0.004150967 0.99997157 0.030273438
0.9971838 -0.07473713 -0.006375453 3.230713 0.074717954 0.9972005 -0.0031948774 0.075927734 0.0065963543 0.0027095797 0.99997455 0.030151367
0.9952817 -0.09686856 -0.005807163 3.6071777 0.0968403 0.99528897 -0.0049677766 0.12097168 0.006260786 0.0043821167 0.9999708 0.034179688
0.9931502 -0.11674275 -0.004564994 4.000366 0.11671596 0.99314713 -0.00575157 0.17211914 0.0052051526 0.00517922 0.99997306 0.041870117
0.9911882 -0.1324312 -0.0037437007 4.397339 0.1324098 0.99118304 -0.0054770205 0.24133301 0.004436146 0.004933137 0.999978 0.0435791
0.98886585 -0.14880411 -0.003759409 4.8101807 0.1487876 0.988866 -0.0043426557 0.31262207 0.004363727 0.0037349232 0.9999835 0.04699707
0.9870203 -0.1605703 -0.0035881507 5.236206 0.16055542 0.98702073 -0.0041113705 0.39648438 0.0042016683 0.0034821846 0.9999851 0.05102539
0.98477226 -0.17379248 -0.004692245 5.678589 0.17376505 0.9847716 -0.005732608 0.48425293 0.0056171906 0.0048299534 0.9999726 0.05432129
0.9828771 -0.18416752 -0.005913165 6.1308594 0.18411526 0.98286855 -0.008419257 0.5704346 0.007362917 0.007186438 0.9999471 0.06604004
0.981517 -0.19117735 -0.0077792 6.5930176 0.1911168 0.9815278 -0.007906891 0.66503906 0.009147181 0.0062736664 0.9999385 0.068359375
0.98006696 -0.19841625 -0.009537214 7.071533 0.19834825 0.9800975 -0.007623437 0.77404785 0.010859995 0.0055795554 0.9999255 0.06665039
0.97845894 -0.20605007 -0.012266517 7.5566406 0.20596261 0.9785213 -0.0080250725 0.8814697 0.013656917 0.005325665 0.9998926 0.07556152
0.97674775 -0.21395631 -0.013420727 8.058716 0.21379669 0.97679645 -0.012391274 0.98986816 0.015760614 0.009233944 0.9998331 0.07849121
0.97488135 -0.22231771 -0.013114963 8.579468 0.22207461 0.9748633 -0.017761406 1.1015625 0.016733758 0.014401947 0.99975616 0.091796875
0.9733501 -0.22884262 -0.0151392 9.103638 0.22854924 0.9733534 -0.018905552 1.2279053 0.019061388 0.014941208 0.99970657 0.11364746
0.9708398 -0.2388008 -0.021138664 9.637695 0.23851669 0.9710223 -0.015112089 1.3752441 0.024133962 0.0096295765 0.99966234 0.1126709
0.96882534 -0.24651591 -0.024587844 10.184937 0.24628451 0.969121 -0.012079621 1.5283203 0.026806612 0.005646903 0.99962467 0.12487793
0.9663831 -0.25568265 -0.025917618 10.750977 0.25535166 0.9666952 -0.015421026 1.6824951 0.02899883 0.008281042 0.99954504 0.1430664
0.9639898 -0.26445264 -0.027642827 11.323608 0.26406476 0.964344 -0.016916212 1.8405762 0.0311317 0.009006472 0.99947464 0.17053223
0.9622738 -0.2703104 -0.030951567 11.904541 0.26990423 0.9627404 -0.016703842 2.0118408 0.03431374 0.0077200234 0.9993813 0.18591309
0.9595812 -0.27926987 -0.034460075 12.502808 0.27886644 0.960182 -0.016103724 2.1966553 0.03758595 0.005841895 0.99927634 0.20483398
0.95741135 -0.28591767 -0.039791167 13.104614 0.2854134 0.9582202 -0.017942335 2.383789 0.04326056 0.005818763 0.9990468 0.23083496
0.9551224 -0.2924685 -0.04688609 13.724731 0.2918971 0.9562634 -0.018755397 2.5739746 0.050321132 0.0042261044 0.9987239 0.2647705
0.95327127 -0.29701278 -0.05502866 14.349609 0.2964032 0.95485616 -0.01911445 2.7807617 0.058223482 0.0019089147 0.9983019 0.2935791
0.9518714 -0.29961726 -0.0646241 14.988892 0.2990202 0.95406276 -0.018951148 2.9863281 0.06733203 -0.0012883861 0.9977287 0.3371582
0.9497994 -0.30403942 -0.07384207 15.639648 0.30345184 0.9526567 -0.019322537 3.2054443 0.07622065 -0.004052543 0.99708295 0.3725586
0.9482022 -0.30705294 -0.081417225 16.293213 0.30664945 0.9516557 -0.017726073 3.4290771 0.08292406 -0.008157556 0.9965229 0.42468262
0.94619256 -0.31133962 -0.0885049 16.952515 0.31111217 0.95025 -0.016697891 3.664795 0.08930085 -0.011727544 0.9959363 0.48168945
0.94374496 -0.31660908 -0.095455915 17.6333 0.31663316 0.94842714 -0.015291039 3.8966064 0.09537605 -0.01578796 0.9953178 0.5465088
0.9417784 -0.32033068 -0.10213127 18.321777 0.32072306 0.9470783 -0.013002309 4.1499023 0.10089218 -0.020513501 0.99468553 0.61413574
0.93968076 -0.32504126 -0.10655691 19.023804 0.32582366 0.94537777 -0.010481555 4.4057617 0.1041405 -0.024873339 0.9942495 0.6850586
0.9378602 -0.3296688 -0.10813421 19.738403 0.33057296 0.9437036 -0.009980755 4.6639404 0.105336994 -0.026390657 0.99408704 0.7598877
0.9359349 -0.3353522 -0.10733278 20.462646 0.336341 0.9416719 -0.009302789 4.933716 0.10419265 -0.027404528 0.99417835 0.8430176
0.93398595 -0.34120435 -0.106238365 21.196045 0.34213972 0.9396157 -0.009850621 5.216797 0.103186354 -0.027139239 0.9942931 0.9279785
0.9315329 -0.34818107 -0.10474707 21.93335 0.34913388 0.9369987 -0.009695304 5.4959717 0.10152543 -0.027545864 0.99445176 1.0131836
0.929599 -0.35450828 -0.10075113 22.678345 0.35547602 0.9346331 -0.008783253 5.783203 0.09728075 -0.027649563 0.9948738 1.0936279
0.925166 -0.3669907 -0.09692686 23.450928 0.36811522 0.9297596 -0.0066643674 6.0981445 0.09256394 -0.029507961 0.9952707 1.1734619
0.92305297 -0.37348112 -0.09225896 24.20105 0.37467268 0.927159 -0.004699242 6.411743 0.087294064 -0.030223792 0.99572456 1.2564697
0.91995513 -0.38165537 -0.08968965 24.955688 0.38310078 0.9237183 -0.0011882875 6.7373047 0.08330034 -0.03326514 0.9959688 1.3188477
0.91666245 -0.38960698 -0.08899907 25.722534 0.39111128 0.92033356 -0.00058026286 7.073242 0.082135245 -0.034274396 0.9960325 1.4014893
0.91257185 -0.39924508 -0.088738784 26.503296 0.40088648 0.91616184 0.00073017087 7.418701 0.08100571 -0.036243618 0.99605244 1.4761963
0.90940815 -0.40653932 -0.08765146 27.271973 0.4082237 0.9128698 0.0014154748 7.777832 0.079437576 -0.03707045 0.9961502 1.5397949
0.905444 -0.4156926 -0.0860608 28.06482 0.4174201 0.9087316 0.0022931416 8.147217 0.07725091 -0.03800159 0.9962859 1.6083984
0.90152746 -0.4244222 -0.083866365 28.858887 0.4261099 0.9046217 0.0024827747 8.523682 0.07481669 -0.037975937 0.99647534 1.6843262
0.89899457 -0.43067503 -0.07982682 29.656372 0.43219948 0.9018001 0.002030008 8.917114 0.07111245 -0.03631998 0.9968069 1.7492676
0.89514273 -0.43936962 -0.0750263 30.477295 0.44094256 0.8974951 0.0049878005 9.324341 0.06514473 -0.037544608 0.9971701 1.809082
0.8926253 -0.44536537 -0.07007606 31.29602 0.4466769 0.8947102 0.003455365 9.730469 0.06116028 -0.034375567 0.9975368 1.880127
0.88797724 -0.45481703 -0.0676038 32.1167 0.4560558 0.8899081 0.0032811516 10.1571045 0.058668748 -0.033756223 0.99770594 1.9389648
0.8853383 -0.46013248 -0.066585734 32.94983 0.46134457 0.88720435 0.0032279936 10.599487 0.05759207 -0.033583477 0.9977749 1.9980469
0.882953 -0.46492448 -0.064585075 33.787964 0.46605152 0.88471454 0.0027255546 11.046753 0.055872697 -0.03250878 0.9979088 2.0506592
0.8795321 -0.47175887 -0.06252925 34.642212 0.4728092 0.88118654 0.0022928964 11.505615 0.05401845 -0.031579066 0.9980403 2.1074219
0.8782493 -0.47418612 -0.061859675 35.498657 0.4751792 0.87988853 0.0015373973 11.978027 0.05370181 -0.030745842 0.9980836 2.1635742
0.876532 -0.47734052 -0.062248927 36.360718 0.47828624 0.8782251 0.00033845706 12.451294 0.054508302 -0.03006654 0.9980607 2.2216797
0.87464505 -0.48070848 -0.06258464 37.23413 0.48168465 0.8763448 0.0005891032 12.948364 0.05456478 -0.030658873 0.99803984 2.2711182
0.87490845 -0.48045805 -0.061179522 38.123535 0.48139355 0.8765312 0.00063351076 13.446045 0.05332088 -0.029999256 0.998127 2.3286133
0.8735538 -0.48310658 -0.05959601 39.024414 0.48404992 0.8750615 0.0016004706 13.9470215 0.05137466 -0.030239826 0.9982216 2.383667
0.87343806 -0.4834535 -0.057838015 39.930298 0.48423958 0.87491643 -0.00048895355 14.463623 0.050838873 -0.027583936 0.99832565 2.4395752
0.8738176 -0.48282465 -0.058282014 40.853638 0.4835385 0.8753622 -0.0020905517 14.979858 0.052027777 -0.026345719 0.9982985 2.5003662
0.87199914 -0.48602188 -0.057680584 41.790405 0.4866583 0.87354445 -0.0034015798 15.50647 0.05203833 -0.025112687 0.9983288 2.5579834
0.87184834 -0.48675725 -0.054556765 42.71985 0.48727882 0.8732528 -0.004200702 16.033081 0.049683407 -0.022919647 0.9985018 2.614746
0.86892754 -0.49230796 -0.05144276 43.637695 0.49280208 0.8701622 -0.0034701033 16.560791 0.04647146 -0.022330895 0.99867016 2.6711426
0.86652756 -0.49709693 -0.046705384 44.577026 0.4975012 0.8675471 -0.0033514965 17.0979 0.0421827 -0.020321906 0.9989033 2.734497
0.8637433 -0.50192153 -0.043441366 45.50464 0.50219214 0.864662 -0.0052344543 17.645996 0.040190965 -0.01730014 0.9990423 2.7824707
0.8578676 -0.5118659 -0.045145236 46.426025 0.5120723 0.8588966 -0.0077476883 18.194214 0.04274108 -0.016470246 0.9989505 2.8410645
0.852001 -0.52150023 -0.04679946 47.338745 0.52163297 0.8531418 -0.010300309 18.745728 0.04529712 -0.015630694 0.9988515 2.8989258
0.84629035 -0.5307015 -0.04620325 48.253174 0.53085434 0.8473971 -0.009922782 19.33191 0.044414744 -0.016130948 0.9988828 2.9499512
0.84035265 -0.5402581 -0.042514693 49.162598 0.5404507 0.8412677 -0.007823472 19.927368 0.03999381 -0.016409557 0.99906504 3.0004883
0.8369233 -0.5459569 -0.03927824 50.05957 0.54622734 0.8376566 -0.0044302973 20.521606 0.035319593 -0.017746039 0.9992184 3.0533447
0.8316519 -0.5537179 -0.041841455 50.95117 0.5540675 0.8324625 -0.0037757978 21.124268 0.036924947 -0.020040814 0.9991173 3.0993652
0.8287837 -0.55774754 -0.04547261 51.838867 0.55809844 0.8297746 -0.0057577845 21.729736 0.040942892 -0.020608319 0.9989487 3.149292
0.8258666 -0.5614411 -0.052301634 52.71753 0.56186634 0.82719785 -0.007580523 22.335327 0.04751695 -0.023127496 0.9986024 3.2050781
0.8213163 -0.5678916 -0.05363997 53.602783 0.56833386 0.8227212 -0.008104958 22.954956 0.048732407 -0.023833916 0.9985272 3.2584229
0.8190083 -0.5715191 -0.050553475 54.480957 0.5719399 0.82024235 -0.0071415296 23.57483 0.045545433 -0.023062136 0.99869615 3.3238525
0.8160641 -0.57628465 -0.04470414 55.369385 0.57664394 0.81701416 -0.0056850235 24.206299 0.039803606 -0.02113419 0.9989843 3.3743896
0.81263155 -0.5813003 -0.04230402 56.24829 0.58170223 0.81343764 -0.0033601027 24.841187 0.036363658 -0.021873727 0.9990992 3.425171
0.8103314 -0.58435607 -0.04417935 57.12622 0.58484715 0.8111777 -0.0021873005 25.476685 0.037116032 -0.02406003 0.9990215 3.4796143
0.8052943 -0.59117556 -0.044803426 58.000977 0.591598 0.8062169 -0.0045893546 26.130127 0.038829897 -0.022809004 0.99898523 3.5238037
0.8018673 -0.595858 -0.046150114 58.870117 0.5962672 0.8028696 -0.0058246274 26.776855 0.04052265 -0.02284428 0.99891734 3.5776367
0.7984752 -0.60032755 -0.04585743 59.73584 0.6006676 0.79950064 -0.0074993917 27.434937 0.041167308 -0.02155921 0.99891955 3.6322021
0.79403526 -0.6061412 -0.04422459 60.60132 0.6064409 0.7949992 -0.007831806 28.111206 0.03990577 -0.02061351 0.9989904 3.6784668
0.7893327 -0.6124553 -0.044066112 61.46216 0.6127608 0.79028684 -0.007785299 28.786743 0.039593007 -0.02085641 0.9989981 3.7247314
0.78406584 -0.61915135 -0.044315994 62.326416 0.6194438 0.78504133 -0.008454939 29.469849 0.040021125 -0.02082276 0.99898154 3.781372
0.7784146 -0.6262248 -0.04436038 63.18335 0.62647134 0.7794172 -0.009827218 30.16626 0.04073159 -0.0201352 0.99896747 3.833252
0.77466 -0.6308861 -0.04424124 64.032715 0.6310887 0.7756793 -0.010984469 30.862549 0.04124984 -0.019404674 0.9989607 3.8822021
0.76820624 -0.6386707 -0.044713616 64.88208 0.638839 0.7692686 -0.01227857 31.581543 0.042241346 -0.019132318 0.9989243 3.9364014
0.76247793 -0.64544684 -0.045371596 65.73291 0.6455503 0.7636053 -0.014293192 32.296997 0.04387486 -0.01839249 0.9988677 3.9903564
0.7554193 -0.65373147 -0.044337768 66.58203 0.6538082 0.75650895 -0.014765741 33.031372 0.04319335 -0.017831411 0.9989076 4.046997
0.7496726 -0.6603094 -0.042390987 67.42041 0.66033584 0.7506891 -0.015370848 33.77014 0.041976936 -0.016471721 0.9989831 4.100586
0.74454516 -0.6662524 -0.04054987 68.24829 0.66622764 0.74549687 -0.01609385 34.520508 0.040953413 -0.015033256 0.9990481 4.1553955
0.73718053 -0.6744938 -0.040246062 69.082275 0.674417 0.7381414 -0.017500186 35.285156 0.041512165 -0.014249666 0.99903613 4.213257
0.730356 -0.6818779 -0.041398488 69.908936 0.6817593 0.7313893 -0.019111915 36.066162 0.0433069 -0.014262637 0.99895996 4.271118
0.7265665 -0.68578273 -0.04184906 70.73828 0.6856698 0.7276219 -0.019259468 36.84204 0.043660324 -0.0146973 0.99893874 4.3255615
0.71974045 -0.6929778 -0.040804375 71.5564 0.6928739 0.7207476 -0.018928494 37.645752 0.042531446 -0.014655669 0.9989876 4.3795166
0.7147852 -0.69806165 -0.04112405 72.375244 0.6979775 0.71580356 -0.018759122 38.453125 0.042529587 -0.0152928345 0.9989783 4.4349365
0.7097604 -0.703111 -0.04194267 73.191895 0.7030198 0.7108245 -0.01937887 39.266968 0.043444194 -0.01573561 0.9989321 4.4938965
0.7044166 -0.7082752 -0.04397978 74.004395 0.70812595 0.7056078 -0.021582013 40.090576 0.046322104 -0.015941996 0.9987996 4.5544434
0.7005482 -0.7120878 -0.045701433 74.81665 0.71187925 0.70185417 -0.02354271 40.920532 0.048841868 -0.016044928 0.9986776 4.6140137
0.6948257 -0.71770126 -0.046958268 75.62036 0.7175553 0.6961841 -0.022919547 41.772217 0.049140055 -0.017767904 0.99863386 4.6728516
0.6907319 -0.7217757 -0.044851374 76.43652 0.7215993 0.69198954 -0.02295656 42.626465 0.047607075 -0.016501766 0.99873006 4.73645
0.6869753 -0.7253519 -0.04269053 77.245605 0.72510225 0.6881474 -0.023932599 43.477295 0.046742406 -0.01451757 0.9988015 4.8029785
0.68036777 -0.7315621 -0.042827826 78.04712 0.73127913 0.6815626 -0.024910461 44.352905 0.047415156 -0.014368687 0.99877214 4.868164
0.67668545 -0.73503786 -0.041894317 78.845215 0.7346852 0.6778558 -0.026235104 45.222412 0.047681898 -0.013025681 0.9987777 4.929199
0.6718144 -0.7396496 -0.040511467 79.647705 0.73924595 0.6729325 -0.027103309 46.103516 0.04730817 -0.011740479 0.99881124 4.99292
0.66693634 -0.7439733 -0.03885131 80.43945 0.7435361 0.66798466 -0.027575213 47.00244 0.046472635 -0.010503907 0.99886435 5.053711
0.6655427 -0.7454628 -0.03732384 81.2417 0.7448416 0.6665517 -0.031222852 47.902466 0.04815552 -0.0070227133 0.99881506 5.118286
0.660247 -0.7500509 -0.037852917 82.03589 0.74924606 0.6613112 -0.035116903 48.803955 0.05137577 -0.005181788 0.99866587 5.180664
0.6550623 -0.7548027 -0.034904 82.82202 0.7537928 0.6559911 -0.039041795 49.709717 0.05236264 -0.00073172245 0.99862796 5.243042
0.6506929 -0.7587167 -0.030670006 83.618164 0.75747955 0.6513947 -0.043618083 50.639404 0.05307155 0.0051534297 0.9985776 5.3131104
0.6415697 -0.766449 -0.02687631 84.400635 0.7650528 0.6420587 -0.047264896 51.565918 0.053484738 0.0097536035 0.9985207 5.383911
0.6334039 -0.7735535 -0.023344478 85.17871 0.7721607 0.63371307 -0.04803177 52.503418 0.05193489 0.0123982085 0.99857324 5.4648438
0.62408924 -0.78120255 -0.020076841 85.948 0.77986073 0.6242499 -0.047928482 53.466553 0.049970105 0.014243733 0.9986483 5.525879
0.6156252 -0.7878706 -0.019245744 86.70752 0.786531 0.6157547 -0.048163373 54.436035 0.04979513 0.014514976 0.9986539 5.5997314
0.60590696 -0.79520357 -0.020733286 87.45996 0.79382885 0.6061235 -0.04849524 55.417725 0.05113598 0.012926446 0.9986082 5.66626
0.5963325 -0.80249166 -0.019849177 88.19702 0.8009756 0.59647924 -0.05147256 56.413086 0.053149525 0.014791522 0.9984767 5.7385254
0.58659935 -0.80962443 -0.020726653 88.927734 0.8080463 0.58679783 -0.052433975 57.413086 0.054617606 0.014014512 0.9984093 5.805908
0.5775984 -0.81620806 -0.016499417 89.65259 0.81458265 0.57755095 -0.054559074 58.43628 0.05406517 0.018071398 0.99837375 5.8847656
0.56624746 -0.82418394 -0.013301527 90.3645 0.8226453 0.5660623 -0.054034118 59.46997 0.052067913 0.019651927 0.99845004 5.960449
0.55553216 -0.8313903 -0.012727826 91.06543 0.8298105 0.55531836 -0.054986462 60.51416 0.052787706 0.019982718 0.9984057 6.0343018
0.54699117 -0.83698183 -0.013311402 91.752686 0.8353799 0.5468212 -0.05516438 61.568604 0.053447973 0.019059747 0.998389 6.10791
0.5338885 -0.8453471 -0.014236118 92.42676 0.84364134 0.5337662 -0.056710918 62.63623 0.05553231 0.018268006 0.9982897 6.1813965
0.5249078 -0.85106826 -0.01526767 93.08667 0.84935635 0.5248657 -0.056455508 63.710938 0.056066178 0.016651684 0.99828744 6.2595215
0.51464343 -0.85717285 -0.015402965 93.73779 0.85542095 0.514618 -0.057135317 64.798584 0.056907386 0.016230978 0.99824774 6.336548
0.50630194 -0.8622831 -0.0150351515 94.38452 0.86069 0.5063148 -0.05438154 65.900635 0.05450587 0.014593042 0.9984068 6.4157715
0.49991336 -0.86586195 -0.011589018 95.01831 0.86437833 0.49977103 -0.0533329 67.00757 0.051972765 0.016635092 0.99850935 6.4918213
0.48967534 -0.87185925 -0.011232298 95.64014 0.87038386 0.4895323 -0.05325382 68.1189 0.051934067 0.01630642 0.99851763 6.5684814
0.48373663 -0.87501484 -0.010380049 96.261475 0.8733587 0.48349527 -0.05688744 69.24072 0.05481324 0.018459529 0.9983265 6.6464844
0.47753295 -0.87848425 -0.008781224 96.88501 0.87667847 0.47715193 -0.060092364 70.356445 0.056981616 0.0209991 0.9981544 6.725952
0.4697978 -0.88291043 -0.0073725367 97.48633 0.8809391 0.46927917 -0.06337741 71.485596 0.05940683 0.02326143 0.9979615 6.803711
0.46622556 -0.8845548 -0.007441239 98.07373 0.88238996 0.4656433 -0.06650445 72.62549 0.062305927 0.024447583 0.99775815 6.8930664
0.46050262 -0.8875749 -0.005742354 98.670166 0.8853958 0.45980683 -0.06736245 73.762695 0.062435273 0.025950465 0.99771243 6.984375
0.4571704 -0.88922495 -0.00042099145 99.264404 0.88730025 0.45621145 -0.06555008 74.89038 0.058488745 0.02960528 0.9978497 7.071411
0.4545471 -0.8908901 0.0049845707 99.8479 0.8892136 0.4533336 -0.06411048 76.0376 0.054837864 0.033562817 0.99793047 7.158203
0.44851363 -0.89372486 0.0065030586 100.42432 0.89218354 0.44728598 -0.062407628 77.17993 0.052867495 0.033794627 0.99802965 7.2418213
0.44677043 -0.89466363 0.008247115 100.98047 0.8931944 0.44546402 -0.0621318 78.302 0.051907912 0.03512326 0.998034 7.3216553
0.44455528 -0.8957148 0.010802639 101.54492 0.89437175 0.44314778 -0.06139904 79.43457 0.050213337 0.03696029 0.9980546 7.39917
0.44150713 -0.8971429 0.013281376 102.0979 0.89590245 0.43999258 -0.06112634 80.55908 0.04898201 0.038882494 0.99804246 7.4779053
0.4410599 -0.89751023 0.0156556 102.64697 0.8963749 0.43943948 -0.060869798 81.686035 0.04776239 0.04086316 0.9980215 7.5527344
0.43854508 -0.8986567 0.018647138 103.18652 0.8976532 0.4367962 -0.060667526 82.78784 0.04636794 0.043340117 0.99798363 7.6262207
0.43546948 -0.89998716 0.02120499 103.72656 0.8991247 0.43364012 -0.059930056 83.89209 0.044735197 0.045165464 0.9979775 7.7001953
0.434473 -0.9003213 0.025291774 104.259766 0.8996592 0.4324787 -0.059658326 84.99365 0.042765107 0.048655618 0.99789876 7.765259
0.43245727 -0.90141207 0.026949812 104.77515 0.9008091 0.43037054 -0.060093246 86.07568 0.04257574 0.0502519 0.9978278 7.833008
0.43037236 -0.90237874 0.027527435 105.28711 0.9017739 0.42823178 -0.060694065 87.15088 0.042987533 0.050924357 0.9977756 7.900635
0.4318973 -0.901497 0.027104866 105.793945 0.9007991 0.42968732 -0.062443163 88.211914 0.044614423 0.05138714 0.9976824 7.9711914
0.43139008 -0.9018834 0.025899917 106.2876 0.9011051 0.42921215 -0.06283966 89.26587 0.045558956 0.050454766 0.9976871 8.039673
0.4339473 -0.9007149 0.023348205 106.78003 0.89986223 0.4319342 -0.061813973 90.31152 0.04559734 0.047815666 0.99781364 8.10791
0.4364862 -0.89923763 0.020797625 107.26709 0.898257 0.43457332 -0.062158965 91.339355 0.046860922 0.045826532 0.9978503 8.173218
0.44365117 -0.89600414 0.018646624 107.760254 0.89495045 0.4418408 -0.0619433 92.35474 0.04726246 0.044159792 0.9979052 8.24353
0.44769338 -0.89401096 0.016947992 108.26807 0.89289343 0.44596002 -0.06191636 93.37793 0.04779358 0.042852543 0.9979376 8.311523
0.45583573 -0.8899519 0.016060647 108.76587 0.88887817 0.45419303 -0.060521908 94.38208 0.046567887 0.041868404 0.99803746 8.377808
0.46365443 -0.8859524 0.015379199 109.275635 0.88492817 0.46209145 -0.05912843 95.38281 0.045285564 0.04101911 0.9981311 8.437866
0.4724084 -0.8811854 0.014050169 109.79712 0.88016325 0.4709314 -0.05823359 96.378174 0.044710983 0.03988054 0.99820364 8.50647
0.481562 -0.87633914 0.013194208 110.32153 0.875292 0.48010805 -0.058366243 97.36035 0.04480845 0.03965264 0.99820817 8.568848
0.49284175 -0.8699878 0.01133527 110.863525 0.8688402 0.49141765 -0.059381627 98.32788 0.04609528 0.039122786 0.998171 8.626465
0.50103533 -0.8652582 0.007484322 111.40918 0.86395955 0.49976617 -0.059787203 99.28247 0.04798683 0.036435917 0.99818397 8.692017
0.51350534 -0.85821176 0.0040720035 111.9646 0.8568483 0.5124097 -0.058978416 100.23242 0.048521787 0.0337711 0.9982507 8.755371
0.5260922 -0.85036224 0.0015422534 112.53027 0.8490068 0.5251493 -0.05742887 101.171875 0.04802407 0.031525742 0.9983487 8.818848
0.5373754 -0.8434079 0.00065041706 113.102295 0.8421456 0.5365288 -0.05510656 102.10083 0.046126228 0.030157052 0.99847996 8.878052
0.55018413 -0.835009 0.0007838281 113.7041 0.83388156 0.54939234 -0.052473128 103.01758 0.043379143 0.029524598 0.9986223 8.940186
0.56164455 -0.82743716 7.729139e-05 114.30347 0.82635236 0.56090367 -0.051248297 103.92432 0.042350754 0.028849581 0.99868625 9.002686
0.5722617 -0.8200227 -0.00076495484 114.914795 0.8188845 0.57151616 -0.05214253 104.80493 0.043197628 0.02921322 0.99863935 9.060303
0.5849575 -0.81114584 -0.0018184778 115.536865 0.80995464 0.584217 -0.05290575 105.678955 0.043978747 0.02947187 0.99859744 9.118408
0.595512 -0.8034778 -0.0016300718 116.16235 0.8022267 0.5946957 -0.054614875 106.53223 0.044841424 0.031213384 0.99850625 9.177734
0.6052899 -0.79596114 -0.0029018098 116.79614 0.79474145 0.6045568 -0.05324287 107.36914 0.0441394 0.029915456 0.998577 9.241821
0.61692184 -0.78700703 -0.0020972209 117.43555 0.78590477 0.61619407 -0.051336266 108.194336 0.04169929 0.03002753 0.99867916 9.297607
0.6256642 -0.7801339 -0.00033357088 118.07178 0.77918625 0.6249249 -0.0490093 109.00195 0.038443144 0.030403078 0.9987981 9.350952
0.6367623 -0.7711292 -0.00039342605 118.72925 0.7702415 0.63605374 -0.047651626 109.80054 0.036986884 0.03004351 0.9988643 9.408203
0.6451542 -0.7640739 -0.0039484147 119.36792 0.76312083 0.64459157 -0.04687226 110.57593 0.03835506 0.02722874 0.99889326 9.46167
0.6559157 -0.7547961 -0.006226236 120.02051 0.7538589 0.65547353 -0.045087256 111.33911 0.03810857 0.024877902 0.99896383 9.506592
0.6655433 -0.7463103 -0.006917756 120.68091 0.74539214 0.6651347 -0.044284906 112.09668 0.037653074 0.024322746 0.9989951 9.555908
0.6738983 -0.7389372 -0.0057132277 121.33423 0.73810685 0.6734724 -0.04280736 112.82617 0.035473157 0.024627259 0.99906695 9.605713
0.68175244 -0.7314866 -0.0045910655 122.00903 0.7307316 0.6813098 -0.041574277 113.55054 0.033542473 0.024987876 0.9991249 9.644043
0.69064796 -0.7231263 -0.0038636946 122.68799 0.72240216 0.69017726 -0.041375183 114.26099 0.0325893 0.025789067 0.99913627 9.696045
0.69807076 -0.7160623 -0.005302244 123.34277 0.7153755 0.6976918 -0.039237242 114.95288 0.03179684 0.023596285 0.99921566 9.739014
0.7054238 -0.7086767 -0.005253301 124.022705 0.7080352 0.70506644 -0.03794501 115.63452 0.03060506 0.023045305 0.9992656 9.782837
0.71159804 -0.7025342 -0.004248098 124.690186 0.70199096 0.7112626 -0.035474986 116.303955 0.027944662 0.02226003 0.9993615 9.818359
0.71989864 -0.69397044 -0.0036617317 125.36084 0.69352275 0.7196057 -0.032502938 116.96753 0.025195677 0.020859838 0.9994648 9.8602295
0.7285997 -0.68495864 -0.0032535307 126.03638 0.6845539 0.7283178 -0.03123064 117.607666 0.023760071 0.02052504 0.9995069 9.897461
0.7339611 -0.67932063 -0.0038920199 126.69238 0.67893684 0.73371774 -0.029892482 118.229004 0.023155076 0.01929863 0.9995455 9.937622
0.7419093 -0.6703849 -0.0044447617 127.35547 0.6700437 0.741715 -0.027664732 118.84424 0.021845866 0.01754783 0.9996073 9.963135
0.7513161 -0.6600633 -0.0024210871 128.03418 0.6598085 0.75111854 -0.025273276 119.45264 0.018497817 0.017390843 0.99967754 9.997559
0.7601995 -0.64971185 -0.0016255565 128.69312 0.6495456 0.760057 -0.020866042 120.020996 0.014788385 0.014807554 0.99978095 10.022461
0.77056295 -0.63741994 -0.001649973 129.3789 0.6372875 0.7704509 -0.018550476 120.59131 0.013094348 0.013241588 0.9998265 10.051025
0.78019726 -0.6255953 -0.0033372086 130.03564 0.62544906 0.7801115 -0.018106747 121.13208 0.013926768 0.01204072 0.9998305 10.072876
0.7899414 -0.61315536 -0.004556995 130.71362 0.6129911 0.78986657 -0.01844551 121.65967 0.014909033 0.011778974 0.99981946 10.099609
0.8008683 -0.5989474 -0.0039801635 131.406 0.5987904 0.8007813 -0.018519055 122.18359 0.014276214 0.012449262 0.9998205 10.121948
0.8097038 -0.58674514 -0.0035227637 132.08911 0.5866164 0.8096277 -0.016928341 122.67676 0.012785828 0.011641542 0.99985045 10.140503
0.81996995 -0.5724959 -0.0011992129 132.79932 0.572425 0.81989807 -0.014150444 123.181885 0.0090836035 0.010916591 0.9998991 10.159668
0.828658 -0.5596845 0.0004373994 133.48755 0.55964583 0.8285912 -0.012423558 123.66138 0.0065915226 0.010540728 0.9999227 10.178101
0.8374023 -0.546567 0.003121028 134.20142 0.54656565 0.8373379 -0.010921746 124.12622 0.0033565657 0.010850883 0.99993545 10.189697
0.846186 -0.53280693 0.0049293227 134.93506 0.53282803 0.8461237 -0.010354522 124.58569 0.001347655 0.011388518 0.99993414 10.207886
0.8528736 -0.5220589 0.006806865 135.64844 0.5221029 0.85281295 -0.010188548 125.02881 -0.00048586866 0.012243135 0.9999249 10.218262
0.85902876 -0.5119233 0.007243122 136.36865 0.5119734 0.8589707 -0.0100503005 125.4707 -0.0010760203 0.012341957 0.99992317 10.223389
0.86631674 -0.49955478 0.0067263814 137.1333 0.49959734 0.86627805 -0.008360539 125.903564 -0.0016516806 0.010603026 0.99994236 10.23645
0.87193197 -0.48950958 0.007072946 137.84375 0.48955157 0.8719127 -0.006512244 126.33008 -0.0029785698 0.009141443 0.9999537 10.239502
0.87803 -0.47859314 0.007059879 138.61597 0.47862872 0.8780267 -0.004661531 126.75586 -0.00396846 0.007471312 0.9999642 10.239014
0.88439417 -0.46676445 0.0071734632 139.37207 0.46680394 0.8843861 -0.005399108 127.157715 -0.0038244678 0.008123608 0.99995965 10.248413
0.88904333 -0.45781708 0.0068978467 140.13672 0.45785722 0.8890277 -0.0062291725 127.551025 -0.0032808394 0.008696213 0.9999567 10.25647
0.89376736 -0.44845414 0.0061004246 140.94043 0.448489 0.89374506 -0.006748008 127.940674 -0.0024257863 0.008767293 0.99995863 10.26123
0.8969472 -0.442136 0.0064562154 141.69946 0.4421716 0.8969335 -0.0058823833 128.33374 -0.0031894387 0.008130942 0.9999619 10.262939
0.8994593 -0.4368391 0.009231456 142.49194 0.43688765 0.8994737 -0.0040434543 128.72388 -0.0065369573 0.007669187 0.9999493 10.270142
0.9033806 -0.4287219 0.011915468 143.32837 0.42875615 0.9034427 -0.00035439339 129.10938 -0.010613011 0.0054284483 0.999929 10.268433
0.905909 -0.42322168 0.013658555 144.13232 0.42323363 0.90600365 0.0021423367 129.51367 -0.013281358 0.0038399063 0.99990445 10.26355
0.90923816 -0.41601714 0.014819929 144.97144 0.41598383 0.9093578 0.0054094866 129.90137 -0.015727414 0.0012445934 0.9998756 10.261597
0.9120849 -0.40967044 0.016770953 145.81519 0.4095962 0.91223884 0.0078013516 130.29175 -0.01849526 -0.0002457369 0.9998289 10.247803
0.9152765 -0.40233633 0.019242598 146.69116 0.4022414 0.9154786 0.008742603 130.68066 -0.021133145 -0.00026142877 0.99977666 10.234741
0.9185524 -0.39473066 0.021715447 147.56543 0.3946327 0.9188089 0.008802412 131.05054 -0.023426982 0.00048458576 0.9997254 10.222046
0.92202055 -0.38637927 0.02329159 148.46997 0.38629162 0.922314 0.008333772 131.43237 -0.024702303 0.0013160519 0.99969405 10.208496
0.9252152 -0.37872437 0.023222538 149.3628 0.37864825 0.92550546 0.007762045 131.8081 -0.024431713 0.0016139615 0.9997002 10.181152
0.9293802 -0.36827493 0.024101194 150.31201 0.36822957 0.92968833 0.006457686 132.16333 -0.024784775 0.0028746366 0.9996888 10.175781
0.93315697 -0.35872447 0.023343775 151.23267 0.35873026 0.9334378 0.0040809484 132.52954 -0.023253785 0.004565012 0.99971926 10.148926
0.9374906 -0.34725192 0.021654086 152.19214 0.34726387 0.9377305 0.0033246535 132.88477 -0.021460315 0.0044051716 0.99976003 10.136719
0.9423314 -0.33413264 0.019949973 153.1731 0.33408585 0.9425419 0.00573325 133.24268 -0.020718727 0.001262488 0.9997846 10.11731
0.94791746 -0.31788555 0.020439412 154.15405 0.31775978 0.9481354 0.009220063 133.5896 -0.022309637 -0.0022452706 0.99974865 10.099365
0.9540058 -0.2989473 0.022020187 155.16113 0.2987235 0.954243 0.012908185 133.91626 -0.02487146 -0.005733868 0.9996741 10.072388
0.9598547 -0.2795192 0.023262436 156.19556 0.27920187 0.9600959 0.015990399 134.23071 -0.02680336 -0.008852565 0.9996015 10.056763
0.9658497 -0.25795364 0.024244651 157.23657 0.25756592 0.9660898 0.018000612 134.51807 -0.028066251 -0.011140975 0.99954396 10.036987
0.971417 -0.236069 0.024997944 158.29541 0.23562294 0.97165036 0.019538827 134.79712 -0.02890173 -0.013090507 0.9994965 10.006836
0.97627854 -0.214666 0.028236898 159.37549 0.2141403 0.97658664 0.02052145 135.04199 -0.031980723 -0.013988263 0.99939066 9.98877
0.9807259 -0.19280012 0.031664886 160.4768 0.19214098 0.98110336 0.022717968 135.26831 -0.03544557 -0.016195476 0.99924034 9.950317
0.9846653 -0.1706341 0.036235325 161.59961 0.1697966 0.98515713 0.025079941 135.4773 -0.039977375 -0.018542442 0.9990286 9.921265
0.9880826 -0.1486559 0.039927244 162.71704 0.14767411 0.9886801 0.02652603 135.65894 -0.043418467 -0.020314615 0.9988507 9.88208
0.99111766 -0.12689082 0.03984863 163.8728 0.12584357 0.9916623 0.027784027 135.82642 -0.04304207 -0.02252378 0.9988195 9.841064
0.9936897 -0.10509158 0.039203025 165.0061 0.10403754 0.99417865 0.028023329 135.96533 -0.041919883 -0.023767456 0.998838 9.79895
0.99579024 -0.08362128 0.037505727 166.19116 0.0826066 0.9961925 0.02782811 136.07324 -0.03969052 -0.024611557 0.99890846 9.75061
0.99720067 -0.063005336 0.040285416 167.38184 0.06197923 0.9977331 0.026234772 136.15088 -0.041846864 -0.02366527 0.998844 9.71521
0.998172 -0.043025702 0.04244216 168.57056 0.04192698 0.9987708 0.026443623 136.21045 -0.043527644 -0.024615688 0.9987486 9.672485
0.9988409 -0.020330127 0.043636627 169.79907 0.019149447 0.99944365 0.027308293 136.24878 -0.044167493 -0.026441198 0.9986744 9.628784
0.9990064 -0.0015612794 0.04454475 171.02661 0.00029936148 0.99959874 0.028320953 136.27124 -0.04457111 -0.028279465 0.9986059 9.581421
0.99877214 0.019900342 0.04536699 172.26367 -0.021209959 0.9993668 0.02857121 136.26929 -0.044769794 -0.029498309 0.99856156 9.5390625
0.9981825 0.03957889 0.045450002 173.51782 -0.041005142 0.9986813 0.030894382 136.22607 -0.04416744 -0.032701656 0.998489 9.488281
0.9972092 0.05953445 0.045029383 174.80371 -0.060982667 0.99764127 0.031499095 136.16235 -0.043047808 -0.034158066 0.9984887 9.437866
0.99573624 0.08118156 0.0437891 176.05518 -0.08259737 0.9960821 0.031556692 136.08105 -0.041055154 -0.03503887 0.9985426 9.396118
0.99426836 0.09856615 0.04141355 177.3313 -0.09997767 0.9944258 0.033500552 135.96411 -0.037880164 -0.037449628 0.99857974 9.354614
0.9922659 0.1173829 0.040339645 178.64258 -0.11879666 0.99231356 0.034632314 135.81763 -0.035964105 -0.039157737 0.9985855 9.3116455
0.98975706 0.13755281 0.03818984 179.95508 -0.13890065 0.9896798 0.035205394 135.65723 -0.032953024 -0.040150333 0.99864995 9.274292
0.9870196 0.15713799 0.03320002 181.29443 -0.15831523 0.98671746 0.036424264 135.47021 -0.02703474 -0.041207004 0.9987846 9.238892
0.9838733 0.17660859 0.028389195 182.63745 -0.17761283 0.9833709 0.037930783 135.24194 -0.021219151 -0.042361174 0.99887717 9.216675
0.9809119 0.19297536 0.023777058 183.95117 -0.19382855 0.9801627 0.041278794 135.00464 -0.015338067 -0.045099333 0.9988646 9.185425
0.9774499 0.21009038 0.021144068 185.27344 -0.21083485 0.976561 0.04323802 134.7395 -0.011561677 -0.04672077 0.9988406 9.177246
0.9731666 0.22930948 0.018978875 186.62964 -0.22995338 0.97213805 0.045450572 134.44116 -0.008029126 -0.048595577 0.9987866 9.172241
0.9694908 0.2443786 0.019350005 187.98584 -0.24502268 0.9684679 0.04517843 134.10986 -0.0076983655 -0.04854107 0.9987912 9.168457
0.9648631 0.26211184 0.019212734 189.33252 -0.26272917 0.96383566 0.04501592 133.75342 -0.006720948 -0.04848025 0.9988014 9.171631
0.95964724 0.28081214 0.015910141 190.6792 -0.28125075 0.95859003 0.0451084 133.38184 -0.00258783 -0.047762036 0.9988556 9.175293
0.9546384 0.2974522 0.013005955 192.0271 -0.29773316 0.9535168 0.046276513 132.98315 0.0013674595 -0.048049066 0.99884367 9.178955
0.9493494 0.31399146 0.013051854 193.39355 -0.31425178 0.9481534 0.04771503 132.5459 0.002603333 -0.049398784 0.998776 9.1883545
0.9433508 0.33150724 0.014689629 194.73535 -0.33182105 0.94202334 0.050109237 132.1018 0.0027700455 -0.0521447 0.998636 9.199707
0.9374668 0.3478582 0.012865943 196.0564 -0.34803402 0.93596333 0.053472437 131.6333 0.006559399 -0.054604232 0.99848616 9.214233
0.9291852 0.36946684 0.0115706455 197.45972 -0.36952946 0.92763835 0.05441174 131.08789 0.0093658585 -0.05483487 0.9984519 9.236816
0.922944 0.38483903 0.009816343 198.81885 -0.38476643 0.921351 0.055583782 130.54834 0.01234666 -0.05507875 0.9984055 9.254395
0.9160701 0.4010324 0.0051168036 200.14282 -0.40067926 0.9145548 0.055536006 129.98364 0.0175858 -0.052925564 0.9984441 9.28894
0.9063104 0.4226005 0.0015181992 201.47754 -0.4219411 0.904683 0.059215084 129.38647 0.023651108 -0.054309327 0.9982442 9.330811
0.8968103 0.44242105 0.00038503855 202.8186 -0.44158986 0.8950708 0.06206871 128.77295 0.027114103 -0.055836547 0.99807215 9.37915
0.88412654 0.46728125 0.0009828852 204.16333 -0.46634924 0.88222593 0.06503139 128.0935 0.02951493 -0.05795573 0.99788326 9.427246
0.87108606 0.4912453 0.0023641484 205.48975 -0.49021268 0.8689205 0.069181554 127.35596 0.03192606 -0.06142409 0.9976009 9.484619
0.8573337 0.5147505 0.0027227998 206.83203 -0.51353526 0.8549222 0.07339162 126.62964 0.035449192 -0.064317025 0.9972996 9.540894
0.8411068 0.5407793 0.003329096 208.05835 -0.5393968 0.8384829 0.076912925 125.871826 0.038792852 -0.06649422 0.99703443 9.6073
0.8277488 0.56110823 0.0030260775 209.3269 -0.55958927 0.8250844 0.07821192 125.07178 0.041382913 -0.066442944 0.9969331 9.675415
0.81085354 0.5852423 0.0026530868 210.60571 -0.5835509 0.8081492 0.07977445 124.171875 0.044535335 -0.06623307 0.99681044 9.747437
0.7942075 0.60768586 -0.00023028604 211.85693 -0.605649 0.7915759 0.08152077 123.25488 0.049713854 -0.06460737 0.99667233 9.8396
0.7775147 0.62884665 -0.0023605044 213.07983 -0.62646925 0.7748916 0.08404638 122.335205 0.054675028 -0.06386669 0.99645984 9.928467
0.7620452 0.6475961 -0.0038593172 214.21948 -0.64495444 0.75945026 0.08589191 121.371826 0.058541942 -0.06295502 0.9962971 10.018555
0.7453835 0.6667356 -0.005258894 215.3811 -0.6639109 0.742906 0.086435035 120.399414 0.061534118 -0.060939524 0.99624276 10.12207
0.7285334 0.6848967 -0.0060571833 216.55371 -0.681905 0.7261222 0.087374486 119.3562 0.06424886 -0.059536062 0.9961577 10.22998
0.7115287 0.70273787 -0.0066267275 217.65845 -0.6996185 0.70919824 0.08791658 118.29419 0.06646985 -0.05792556 0.9961063 10.341187
0.6985354 0.7155907 -0.008251505 218.7456 -0.7123243 0.6963635 0.088107735 117.2229 0.068780616 -0.055666767 0.99607754 10.453247
0.68192554 0.7313005 -0.0103136 219.81348 -0.72776854 0.67989564 0.089569844 116.13037 0.072524115 -0.05356968 0.99592644 10.570679
0.6688186 0.7434063 -0.012953806 220.85645 -0.73958844 0.6669713 0.09109649 115.02222 0.076343775 -0.05134792 0.9957587 10.699585
0.65184873 0.75818104 -0.013831791 221.90479 -0.7540657 0.6500227 0.09376948 113.852295 0.0800848 -0.05068444 0.9954977 10.82666
0.6368699 0.7708173 -0.01323781 222.87866 -0.7666829 0.635067 0.093930595 112.69043 0.08082456 -0.04966869 0.99548954 10.963867
0.61953276 0.7847553 -0.01033532 223.87866 -0.7805853 0.6175005 0.09566929 111.50122 0.08146203 -0.05120891 0.99536103 11.101685
0.60078573 0.7992876 -0.005837511 224.84106 -0.7952119 0.5984291 0.096728444 110.27783 0.08083053 -0.053463556 0.99529207 11.247681
0.5825202 0.8127311 -0.0007564733 225.7583 -0.8088964 0.5798598 0.096520655 109.07471 0.07888094 -0.055635445 0.99533284 11.380615
0.5669336 0.8236674 0.0036010602 226.66089 -0.8198941 0.5639073 0.098184705 107.84595 0.07883866 -0.058623087 0.995163 11.522339
0.5490841 0.83568347 0.0053494703 227.52344 -0.831678 0.5458042 0.10148831 106.58472 0.0818889 -0.06016845 0.99482304 11.674561
0.53142625 0.84712064 0.008834875 228.32983 -0.8430278 0.5277714 0.10424474 105.346436 0.08363414 -0.062846124 0.99451286 11.817871
0.51080596 0.8596612 0.011211733 229.10791 -0.85558707 0.50701785 0.10475279 104.09961 0.08435273 -0.063116916 0.99443686 11.961914
0.4891072 0.87204075 0.014720643 229.88037 -0.86827826 0.4852648 0.10253864 102.8103 0.08226802 -0.06295844 0.99462223 12.110596
0.46869275 0.883128 0.018693635 230.57861 -0.87968546 0.46473646 0.10053974 101.546875 0.080123015 -0.063565515 0.9947557 12.25354
0.4486011 0.8934052 0.02242045 231.24976 -0.890191 0.44449115 0.09953417 100.26929 0.078950286 -0.064603254 0.99478245 12.391235
0.42472038 0.90500283 0.023828125 231.90503 -0.90193915 0.4207201 0.09741506 98.977295 0.07810552 -0.06286523 0.99496126 12.5251465
0.406454 0.9132726 0.025791997 232.49414 -0.91026413 0.40236858 0.09725035 97.70166 0.07843703 -0.0630136 0.99492633 12.659912
0.3830287 0.92333496 0.026047686 233.05469 -0.9203513 0.37908742 0.09582003 96.41675 0.07861425 -0.06067314 0.99505675 12.788086
0.35910153 0.93295765 0.025064334 233.59985 -0.9298332 0.35533258 0.09561857 95.106445 0.08027699 -0.05763271 0.9951043 12.926758
0.34149355 0.939586 0.024435487 234.07324 -0.9363493 0.33782828 0.09571226 93.84863 0.08166299 -0.05557157 0.9951101 13.054443
0.31747964 0.9478969 0.024310391 234.53516 -0.9447712 0.31404087 0.09315156 92.545166 0.080703095 -0.052558247 0.9953529 13.194214
0.2975718 0.9542462 0.024110014 234.95923 -0.9510714 0.2942387 0.09275552 91.26514 0.0814324 -0.05053367 0.995397 13.318115
0.27623343 0.9606846 0.02577732 235.35791 -0.9571386 0.27260306 0.0972828 89.996826 0.08642112 -0.051580038 0.99492526 13.452759
0.25568599 0.9663863 0.027606592 235.7273 -0.9621087 0.25154194 0.1054316 88.73291 0.09493579 -0.053531077 0.99404424 13.589233
0.23840266 0.9706689 0.030448303 236.0669 -0.9655921 0.23357375 0.11416479 87.47803 0.10372319 -0.056612104 0.9929934 13.733032
0.21809347 0.9752884 0.03460394 236.3728 -0.9699548 0.21272197 0.117843084 86.229004 0.10755468 -0.059253693 0.9924303 13.887329
0.19951619 0.97924423 0.037923824 236.66162 -0.97402215 0.19389625 0.11765613 84.97388 0.10785703 -0.060380973 0.9923284 14.040039
0.17768425 0.98306805 0.04342488 236.92798 -0.97799665 0.17154817 0.11821519 83.73169 0.108753294 -0.063467495 0.9920394 14.191406
0.157433 0.9862976 0.04829316 237.1604 -0.98150396 0.15092349 0.117363326 82.47925 0.10845272 -0.06587625 0.991916 14.34668
0.14130661 0.9886948 0.049300138 237.35547 -0.9840896 0.13489564 0.115303054 81.25195 0.10736904 -0.06486684 0.9921065 14.498169
