1.000000000000000000e+00 4.398956837314658088e-19 2.733407509747682871e-20 -8.673617379884035472e-19 -5.583667658079949532e-19 1.000000000000000000e+00 -6.100159232558060012e-19 0.000000000000000000e+00 4.145284534913582806e-20 -2.210423569125054137e-19 1.000000000000000222e+00 0.000000000000000000e+00
9.999326337604642623e-01 -1.650372937944561856e-03 1.148930924423999071e-02 5.255588687330341874e-02 1.643825952619314829e-03 9.999984811477319324e-01 5.792541095492674107e-04 -1.165507423514525187e-02 -1.149024797724358671e-02 -5.603286560178431493e-04 9.999338279203674462e-01 2.856083726733143480e-01
9.998487439987913117e-01 -3.439287408137078894e-03 1.704876685711878212e-02 6.807079460316430020e-02 3.430455789642948474e-03 9.999939662292443021e-01 5.472401783337862676e-04 -9.931726879377739126e-03 -1.705054639943406544e-02 -4.886723502873437271e-04 9.998545094402475630e-01 5.626790141901327758e-01
9.998007645792917897e-01 -5.470265454715149411e-03 1.919654586089336937e-02 7.975364601677650822e-02 5.480635230061594101e-03 9.999848623130463965e-01 -4.876191463793412735e-04 -1.468542513450959985e-02 -1.919358819571668692e-02 5.927312879792520856e-04 9.998156104108013587e-01 8.712333405944097109e-01
9.998188509210632624e-01 -6.763691118773900932e-03 1.779094873806884997e-02 6.706877244286328643e-02 6.791879735569834875e-03 9.999757728537103096e-01 -1.524487905567115803e-03 -1.869694356805713664e-02 -1.778020685749851296e-02 1.645045766531217984e-03 9.998405663148365319e-01 1.177676468115317121e+00
9.998965064644169676e-01 -9.460739671429435615e-03 1.083839448939148339e-02 6.750948109314421075e-02 9.499190792352986412e-03 9.999487504159669804e-01 -3.501699525961717366e-03 -1.838455669977694107e-02 -1.080471054795050477e-02 3.604293149601994588e-03 9.999351315396161066e-01 1.516446139115166680e+00
9.999468710924863668e-01 -1.027396186058965669e-02 -8.370884048177947836e-04 4.408646229697837926e-02 1.027009141349784910e-02 9.999371182854724927e-01 -4.503851668639525380e-03 -2.809994495239835632e-02 8.833081797789729250e-04 4.495015457185619866e-03 9.999895072465437851e-01 1.829858551456615912e+00
9.997968766005476127e-01 -9.655624117566180553e-03 -1.769108389846651280e-02 2.822819943422965119e-02 9.573922135062137156e-03 9.999431367679607607e-01 -4.697151195675205310e-03 -3.354375563069737776e-02 1.773543215655793912e-02 4.526824066614469622e-03 9.998324671361326077e-01 2.135046893898559173e+00
9.993163028400591230e-01 -6.359272137173296174e-03 -3.642096200355134095e-02 -2.993968241297356725e-03 6.176133261179333686e-03 9.999677240608816353e-01 -5.138696733234076643e-03 -4.246042862567835086e-02 3.645246548103894813e-02 4.910242721971971348e-03 9.993233247301825939e-01 2.502941147779871311e+00
9.984236031194629879e-01 -2.669769121685659601e-03 -5.606407886159524290e-02 -5.397237940952426261e-02 2.334883162770265853e-03 9.999790456662992488e-01 -6.037925601808353561e-03 -4.892036220470065422e-02 5.607902490929103645e-02 5.897504365310337129e-03 9.984089154945642308e-01 2.847330728420621071e+00
9.971308989518589128e-01 -2.327386912933003364e-03 -7.566077864232927108e-02 -1.043359365854795578e-01 1.855389582909155229e-03 9.999783829191183360e-01 -6.308028337006880114e-03 -5.256478630052938139e-02 7.567382560453470020e-02 6.149549734203904952e-03 9.971136622069487476e-01 3.207858404554648768e+00
9.952911726195282638e-01 -2.970993574865176193e-03 -9.688474911057466665e-02 -1.518920059548896084e-01 2.428371141219169086e-03 9.999807027947810179e-01 -5.718133270037902872e-03 -6.169635922787962412e-02 9.689986971590573706e-02 5.455935401835814054e-03 9.952791810914651816e-01 3.581905073878980605e+00
9.932034596611388766e-01 -4.515752509635169616e-03 -1.163034621497373994e-01 -2.172835158216329110e-01 3.943721793290286617e-03 9.999789719439002855e-01 -5.148079455236366682e-03 -7.686869615114265419e-02 1.163242659769812559e-01 4.654421766270112198e-03 9.932003835569633843e-01 3.981093024415366166e+00
9.910164022998485533e-01 -3.694684255328968634e-03 -1.336893383630863297e-01 -2.829646528518353077e-01 3.108153627375617387e-03 9.999846093365206690e-01 -4.595700838235548986e-03 -7.847647277078292904e-02 1.337042627705705422e-01 4.138887826649387779e-03 9.910126337329989710e-01 4.386531956498660456e+00
9.886570514696997325e-01 -2.875190644973592453e-03 -1.501631355032992943e-01 -3.607964899059069586e-01 2.304820337858864109e-03 9.999894545129867085e-01 -3.972236458915034962e-03 -8.488330106157526700e-02 1.501729754941686368e-01 3.581080433685413476e-03 9.886532526075618721e-01 4.773099149047235201e+00
9.865274501144735142e-01 -2.205788827862992327e-03 -1.635809401496627624e-01 -4.522084632041786789e-01 1.582277904229343517e-03 9.999909791417541660e-01 -3.941830732005778375e-03 -9.130122403044658996e-02 1.635881621846987932e-01 3.629893598646128251e-03 9.865220411900381681e-01 5.195122892792041647e+00
9.844250053311344173e-01 -3.118871420213942258e-03 -1.757773613050278294e-01 -5.369581915126070415e-01 2.320195724328042147e-03 9.999860316780796454e-01 -4.749014324498833373e-03 -9.745501946695246664e-02 1.757897205953846131e-01 4.267210449978272972e-03 9.844184912037904356e-01 5.646126503986168998e+00
9.827538523315568764e-01 -5.801898208661246913e-03 -1.848274948922343508e-01 -6.345732615256313158e-01 4.668166766690836321e-03 9.999675305699956551e-01 -6.568562800557561226e-03 -1.137422325128862183e-01 1.848596069777133644e-01 5.592474713548453019e-03 9.827490273608333604e-01 6.086734753097618800e+00
9.810829485677928785e-01 -5.394167812164450335e-03 -1.935126612846683469e-01 -7.361399416042901933e-01 3.840011174812493853e-03 9.999573001416554030e-01 -8.405486403353919916e-03 -1.225085355083438687e-01 1.935497422703896242e-01 7.503388498605937512e-03 9.810617703996428185e-01 6.540816913865739934e+00
9.795510582265949395e-01 -5.217365724449599985e-03 -2.011280747533074065e-01 -8.409999013134568102e-01 3.203054410318321738e-03 9.999414189028812405e-01 -1.033920694445392488e-02 -1.234447013718989877e-01 2.011702393487358465e-01 9.483556843629841956e-03 9.795103868376007217e-01 7.015539226522129468e+00
9.779679101645665229e-01 -5.744688593631301632e-03 -2.086762186033931377e-01 -9.527779762861579016e-01 3.168109918904518565e-03 9.999145943640571632e-01 -1.267939480646953880e-02 -1.357671533993253243e-01 2.087312392565452701e-01 1.173893196415065621e-02 9.779025862886935316e-01 7.479146570893364654e+00
9.762867896465414752e-01 -9.665513459270247409e-03 -2.162653026288615665e-01 -1.070288147657573186e+00 6.636994270963063845e-03 9.998695445534081516e-01 -1.472562972009968003e-02 -1.480202684846351757e-01 2.163794241497516424e-01 1.294108611841423943e-02 9.762235779757204579e-01 7.993234763696339229e+00
9.745046458343898932e-01 -1.491157824678524500e-02 -2.238712552598060845e-01 -1.189083649894032924e+00 1.166149462287296122e-02 9.998066468919601935e-01 -1.583282520947167787e-02 -1.650870864871820942e-01 2.240640653377856950e-01 1.281848820751862149e-02 9.744901139333634887e-01 8.511131205267885136e+00
9.723703543097101942e-01 -1.574486623442833064e-02 -2.329119834080558560e-01 -1.308058024117708440e+00 1.196335543233646020e-02 9.997728352598409529e-01 -1.763961402307853005e-02 -1.871346224262420421e-01 2.331368114057727758e-01 1.436582882581377042e-02 9.723378278056993285e-01 9.016287074310245231e+00
9.702480805204359848e-01 -1.245792083879694936e-02 -2.417921858404892543e-01 -1.455321433788292040e+00 7.359002001607240287e-03 9.997313331519819268e-01 -2.197968585953412671e-02 -1.835050695302129498e-01 2.420010496553412493e-01 1.954639880368646068e-02 9.700790852265601671e-01 9.542952177683890369e+00
9.682689092271328235e-01 -9.834793702795444764e-03 -2.497170295633816817e-01 -1.616374441906903492e+00 3.699695553898105574e-03 9.996799618239028407e-01 -2.502571024395246202e-02 -1.983393476045570147e-01 2.498832375835532693e-01 2.330774016979089008e-02 9.679954122996949906e-01 1.008919647272747255e+01
9.658895069893346230e-01 -1.184911282022243183e-02 -2.586833147366254804e-01 -1.785656434626822442e+00 5.048658749006697082e-03 9.996243774177303587e-01 -2.693724385911427238e-02 -2.252309516944953627e-01 2.589053343438832422e-01 2.471239741004147700e-02 9.655865195636285092e-01 1.065828507301299766e+01
9.635486846223777491e-01 -1.403507966977196077e-02 -2.671646446040291112e-01 -1.956672550157386947e+00 6.609453958996371406e-03 9.995669869200864976e-01 -2.867322381947459350e-02 -2.578248875391863648e-01 2.674513944065569082e-01 2.586223468107114176e-02 9.632242200213319006e-01 1.121984582835153077e+01
9.614143567544174429e-01 -1.370837465851138318e-02 -2.747626492714045909e-01 -2.117227024406640457e+00 5.305134031982593201e-03 9.994958462516333464e-01 -3.130349607304257903e-02 -2.787157350550867330e-01 2.750532514404486206e-01 2.863797788225103114e-02 9.610023812473947880e-01 1.178565023988703686e+01
9.590378519509970001e-01 -1.323214172328608489e-02 -2.829687389171875456e-01 -2.314233641950445453e+00 3.566117824339246328e-03 9.993932435086355648e-01 -3.464718780132785420e-02 -2.956895547835335369e-01 2.832555071720305739e-01 3.221886474917436821e-02 9.585031372758521240e-01 1.236710845049804774e+01
9.566321744391260706e-01 -1.469616899302264752e-02 -2.909276604446790482e-01 -2.483535979331714216e+00 3.110637933410496762e-03 9.991849899490259368e-01 -4.024524543271142119e-02 -3.313663605910958654e-01 2.912820074139051973e-01 3.759492612356655356e-02 9.558982244632249214e-01 1.296255898475917867e+01
9.549111191248317310e-01 -1.513330252058763328e-02 -2.965058782396365333e-01 -2.693729253770935195e+00 1.364550997591052915e-03 9.989132237741056297e-01 -4.658872564308111364e-02 -3.632398787048451982e-01 2.968886890787763577e-01 4.408349489632032436e-02 9.538939949928858519e-01 1.356863873197756654e+01
9.534793294022793075e-01 -1.578718503316149657e-02 -3.010447329614578948e-01 -2.906160838082481046e+00 -8.650615031156227075e-04 9.984803842248682892e-01 -5.510148792999287198e-02 -4.019398901705659721e-01 3.014571631915177186e-01 5.279855219206948391e-02 9.520167506977348371e-01 1.417981761781149608e+01
9.520624971715234697e-01 -1.560752319014927121e-02 -3.055051631305008564e-01 -3.097264089588213309e+00 -4.072527301517537765e-03 9.979623826443675405e-01 -6.367493488243880506e-02 -4.460480606482392640e-01 3.058764737678273393e-01 6.186669593060307309e-02 9.500589964554099209e-01 1.480554145812306999e+01
9.509671296279554875e-01 -1.503601821166919601e-02 -3.089262605900374159e-01 -3.333552586251274708e+00 -7.721979813975058705e-03 9.973520554524043513e-01 -7.231354295878751615e-02 -4.878845436389863122e-01 3.091955540167756200e-01 7.115332511261582282e-02 9.483329139919187689e-01 1.544124363269225597e+01
9.496248899440342672e-01 -1.375311860898804570e-02 -3.130869176989816149e-01 -3.572057496829765810e+00 -1.170682794242213463e-02 9.967825173442124154e-01 -7.929415665303832239e-02 -5.444743761822385952e-01 3.131701132589416736e-01 7.896495991231748668e-02 9.464084833609808234e-01 1.609664471426398435e+01
9.479651680693613747e-01 -1.261123221531895190e-02 -3.181241814031280368e-01 -3.794691692130424787e+00 -1.562651693579815426e-02 9.961677990061693633e-01 -8.605537853216244093e-02 -6.098585921278861788e-01 3.179903353826031287e-01 8.654867479745526060e-02 9.441353058048606028e-01 1.676626353124990843e+01
9.460554422165339261e-01 -1.168851354969285827e-02 -3.237938799244394761e-01 -4.028947793886763051e+00 -1.910487506943926370e-02 9.955978627155867011e-01 -9.176001028334763998e-02 -6.788368212741053842e-01 3.234410384458947796e-01 9.299609929993520041e-02 9.416674691251311069e-01 1.741789697639144308e+01
9.445705636757106838e-01 -1.019885694429882757e-02 -3.281500133641159778e-01 -4.288055487932167509e+00 -2.296609332120021565e-02 9.950162346835565996e-01 -9.703221762488693780e-02 -7.495117584741841643e-01 3.275042139885119274e-01 9.919010094851601900e-02 9.396288182008981638e-01 1.810221694622561373e+01
9.424787076931083751e-01 -7.643985434515393126e-03 -3.341787735152895178e-01 -4.536344522463639173e+00 -2.745581582961443765e-02 9.945901024106411636e-01 -1.001833636546585193e-01 -8.298336164613960841e-01 3.331367064123570976e-01 1.035958386246929458e-01 9.371701229951557854e-01 1.879198671780809704e+01
9.409150576568099389e-01 -5.770018488756389549e-03 -3.385935007323945811e-01 -4.799880633410816166e+00 -3.054145214186763935e-02 9.943343099447016220e-01 -1.018160093601613025e-01 -9.077362397193351473e-01 3.372626208933524605e-01 1.061413541893881513e-01 9.354079002809012611e-01 1.948981547153297811e+01
9.389085868342059715e-01 -5.856792254160720669e-03 -3.441167840412192591e-01 -5.100246836389727534e+00 -3.078249001428688680e-02 9.944188717429065516e-01 -1.009135562068438352e-01 -9.974363238452342850e-01 3.427872596992195819e-01 1.053413765806069935e-01 9.334881314009252362e-01 2.020844079034907281e+01
9.365927395016951928e-01 -5.467098862876829113e-03 -3.503771518879028046e-01 -5.374993190385054298e+00 -3.138468435262140033e-02 9.945512028445196995e-01 -9.941280857476471333e-02 -1.083915161052000364e+00 3.490115234518407217e-01 1.041057916853502796e-01 9.313178529443796316e-01 2.093284144065935592e+01
9.340861284019834621e-01 -4.931666600476101482e-03 -3.570136982305416318e-01 -5.664469884855922288e+00 -3.205364701979958320e-02 9.947088838787800924e-01 -9.760532797944197758e-02 -1.160703599718790446e+00 3.556060602877528787e-01 1.026153746125057081e-01 9.289856928082543819e-01 2.164866090600342474e+01
9.314186692945746193e-01 -5.081288418375564005e-03 -3.639140561130127516e-01 -5.957434475419214337e+00 -3.158585470197687595e-02 9.950012755161546929e-01 -9.473539735381389382e-02 -1.250777353769037648e+00 3.625763340670850599e-01 9.973285483068772272e-02 9.266022676396213908e-01 2.236147987093421818e+01
9.274502036843456088e-01 -1.858271273323036177e-03 -3.739420591596226418e-01 -6.270984509992847400e+00 -3.389234623002004149e-02 9.954542408551423360e-01 -8.900653488576279471e-02 -1.323070343166337315e+00 3.724076132649981052e-01 9.522290318755564920e-02 9.231712577708262035e-01 2.315687625832814689e+01
9.240923878200911767e-01 6.464579672695827022e-04 -3.821685987089614156e-01 -6.603604851002506493e+00 -3.527214129239049367e-02 9.958745917807065862e-01 -8.360426739580734123e-02 -1.407911820060999464e+00 3.805379570845912607e-01 9.073797239027596440e-02 9.203029319619413506e-01 2.389497807586305456e+01
9.206583949765374530e-01 4.357302955968814923e-03 -3.903448866323617761e-01 -6.931620258064190132e+00 -3.864654367637129773e-02 9.960428071120157600e-01 -8.003231289860911202e-02 -1.483739110092781699e+00 3.884514982269192118e-01 8.876790191124890594e-02 9.171835673517415577e-01 2.462948226952604003e+01
9.168292339202717134e-01 4.790358523840396177e-03 -3.992508046484287698e-01 -7.264885272128818627e+00 -3.914395250216898270e-02 9.961895660202777503e-01 -7.793650995676999760e-02 -1.555634640086937193e+00 3.973561487843501050e-01 8.708272568973512984e-02 9.135232307622370707e-01 2.536190628042643169e+01
9.126145276351571578e-01 5.680794577462303964e-03 -4.087816643339217126e-01 -7.613908438170065018e+00 -4.063693005882958870e-02 9.962119831459841368e-01 -7.687863556444483881e-02 -1.630514231955382032e+00 4.067964677205944124e-01 8.677219201001357129e-02 9.093883790306153125e-01 2.611668407200636821e+01
9.089500932693037605e-01 5.251904853864580551e-03 -4.168718530812577927e-01 -7.979232466022105896e+00 -4.051590152631321523e-02 9.963003725840412494e-01 -7.578937503273386334e-02 -1.701323236114385518e+00 4.149315510567141985e-01 8.577869886365067920e-02 9.058001028114398556e-01 2.687680016549565920e+01
9.049595738720792593e-01 5.403132573964413918e-03 -4.254632441608010018e-01 -8.363924555388475568e+00 -4.087200941587638969e-02 9.963994234922867177e-01 -7.428100543615082096e-02 -1.768784683370420385e+00 4.235299883275476240e-01 8.461084513965447251e-02 9.019220351548032921e-01 2.768403868385717459e+01
9.011028561859469876e-01 6.397835854869330860e-03 -4.335581926986560308e-01 -8.758403549321879922e+00 -4.160217431023201240e-02 9.965539575628297175e-01 -7.175979947864441488e-02 -1.842863173236990670e+00 4.316050327399064690e-01 8.269992414240084910e-02 8.982637819769374588e-01 2.846615935670542186e+01
8.974078256039964563e-01 6.686010418599696616e-03 -4.411513208331831470e-01 -9.146243886647425825e+00 -4.060548269374988223e-02 9.968931471747812800e-01 -6.749257704080564857e-02 -1.912396331722596932e+00 4.393294800607286388e-01 7.848152945087233379e-02 8.948912008488559833e-01 2.924490660379516882e+01
8.935683497561757171e-01 7.507949070941448769e-03 -4.488643792402838839e-01 -9.564480207278350576e+00 -3.968097216686389261e-02 9.972675024675676791e-01 -6.231331348013931237e-02 -1.976234237076013311e+00 4.471700209165940243e-01 7.349257990119423267e-02 8.914245997783801778e-01 3.004538936097562640e+01
8.898239490810871954e-01 7.873509170813941874e-03 -4.562360609466782346e-01 -9.988227470604917002e+00 -3.854445824528623249e-02 9.975745494461900620e-01 -5.795984043680539599e-02 -2.041975824037522091e+00 4.546731434080478751e-01 6.915942612768968822e-02 8.879692058626902362e-01 3.084213809704116827e+01
8.861371315340415000e-01 6.819273018233167408e-03 -4.633729354708225889e-01 -1.041920983215373298e+01 -3.683916582976241860e-02 9.977640060755982310e-01 -5.576615556047760658e-02 -2.113399795287428606e+00 4.619565596945638952e-01 6.648673372665699077e-02 8.844069512581557158e-01 3.164327868555970724e+01
8.827985217713956168e-01 6.565900415390481942e-03 -4.697059234214211454e-01 -1.086041542045779629e+01 -3.643114161637309167e-02 9.978477127843000671e-01 -5.452260152117948538e-02 -2.169728201651756283e+00 4.683369994391749502e-01 6.524439521423325283e-02 8.811376896928624358e-01 3.246306183095940412e+01
8.795340574119983046e-01 6.987590856029257148e-03 -4.757846265991576007e-01 -1.129990769407283757e+01 -3.638794973537369526e-02 9.979519407079509019e-01 -5.261027672938149019e-02 -2.223032859666300265e+00 4.744425805362150195e-01 6.358535738405421411e-02 8.779869842728559304e-01 3.327017726100750394e+01
8.766753174557840866e-01 5.571847251102463039e-03 -4.810502444383808474e-01 -1.178975672249852025e+01 -3.452796344900341263e-02 9.980829439669116621e-01 -5.136396367973932592e-02 -2.290854128598654782e+00 4.798418602519379239e-01 6.163920455338522952e-02 8.751870669504228095e-01 3.413142185231772174e+01
8.739048243369947899e-01 4.901516951965592152e-03 -4.860723489739239289e-01 -1.226608265023035926e+01 -3.403114483659805400e-02 9.981125640594193937e-01 -5.111937704303493035e-02 -2.353111537150804899e+00 4.849043643944141446e-01 6.121506884774947227e-02 8.724221898661543850e-01 3.497328057912350374e+01
8.720886983018749650e-01 4.631894808353844914e-03 -4.893259068272516887e-01 -1.273748946631431522e+01 -3.420213349708049050e-02 9.980867331894658356e-01 -5.150812709668795703e-02 -2.409001742517593136e+00 4.881511239742862829e-01 6.165564562577190155e-02 8.705785812985771255e-01 3.580460515728119475e+01
8.709451794878193542e-01 4.306827916629708819e-03 -4.913613138741926289e-01 -1.325549493276890622e+01 -3.412649371123687575e-02 9.980772527791459403e-01 -5.174147246688494406e-02 -2.466472421357519984e+00 4.901937170812262212e-01 6.183242493776029691e-02 8.694175496775007339e-01 3.666534062440087638e+01
8.701306133808136556e-01 4.545374771062473014e-03 -4.928002134857298322e-01 -1.374952366802401116e+01 -3.415790602444445517e-02 9.981089177383203337e-01 -5.110602556462793405e-02 -2.525473806243569097e+00 4.916360001554794801e-01 6.130194087203700432e-02 8.686403859761722135e-01 3.754138619235376240e+01
8.699760704264060118e-01 4.461964057812926876e-03 -4.930737500042705057e-01 -1.426208950286061494e+01 -3.334008763024404187e-02 9.982029826242643233e-01 -4.979200836930482155e-02 -2.578059270400916869e+00 4.919655262148328601e-01 5.975697791761451494e-02 8.685614712641815949e-01 3.842253314483177462e+01
8.696474565089196140e-01 3.100502659433694921e-03 -4.936635326246924804e-01 -1.478220468658489928e+01 -3.146179939905358741e-02 9.982955753761366680e-01 -4.915383422943762903e-02 -2.637339209481976532e+00 4.926697272223634072e-01 5.827805004064341016e-02 8.682627560439201142e-01 3.932165177871742401e+01
8.689446662604931593e-01 2.011057144739845232e-03 -4.949051603880014749e-01 -1.528216870767882085e+01 -3.050100884413859542e-02 9.983084658550477331e-01 -4.949641921933250338e-02 -2.707011886670256828e+00 4.939684797782439851e-01 5.810475624297070651e-02 8.675361566422103987e-01 4.020944317214880215e+01
8.681013841974327683e-01 -2.708243041622381149e-04 -4.963868537114792256e-01 -1.582605492619550347e+01 -2.833107081300432692e-02 9.983427374330741122e-01 -5.009120770693745867e-02 -2.769300276398832139e+00 4.955777848002254071e-01 5.754741793407915085e-02 8.666550402117462193e-01 4.114711965277113848e+01
8.667964778888371802e-01 -1.143829775467491939e-03 -4.986607590958985203e-01 -1.635691214447134456e+01 -2.663822922375446225e-02 9.984633260654488529e-01 -4.859414873676632524e-02 -2.832243675140704298e+00 4.979500721063909174e-01 5.540467664001039877e-02 8.654340254237773422e-01 4.204391338944930112e+01
8.643796608569025430e-01 -1.130842515825471975e-04 -5.028397201103169678e-01 -1.690317462237954160e+01 -2.579593234763175730e-02 9.986732645989389034e-01 -4.456770686737915321e-02 -2.895375697387941649e+00 5.021776334023582145e-01 5.149463877183265564e-02 8.632299413427452217e-01 4.298339140689161297e+01
8.616178707496973121e-01 -5.045560973903494457e-04 -5.075572727820525376e-01 -1.745507513296475111e+01 -2.331698021206188992e-02 9.989043782546024319e-01 -4.057538145008233316e-02 -2.950499069516377304e+00 5.070216632856867633e-01 4.679517663168972219e-02 8.606620994529322610e-01 4.389092389672229189e+01
8.577487574420027405e-01 -1.980369063764543611e-03 -5.140653091320875889e-01 -1.799940032731242567e+01 -2.089570827013980878e-02 9.990318144341282514e-01 -3.871437926686820130e-02 -3.015827021324459345e+00 5.136442761291248882e-01 4.394896938774544431e-02 8.568769169745844572e-01 4.477335916557838402e+01
8.523368855153768964e-01 -4.422532638744625620e-03 -5.229744443466666226e-01 -1.855180604715505055e+01 -1.963875728327410183e-02 9.989883471369869206e-01 -4.045493209604409529e-02 -3.076053469784620020e+00 5.226242980154084394e-01 4.475179895074275077e-02 8.513877641450222633e-01 4.569133418484806697e+01
8.466411791307505430e-01 -7.065587588507182999e-03 -5.321172669127050003e-01 -1.912253978686192113e+01 -1.877721057874214006e-02 9.988925827473563723e-01 -4.313959348291390716e-02 -3.140069277041217966e+00 5.318328068100557360e-01 4.651543422353197899e-02 8.455709227937863171e-01 4.657588048452456775e+01
8.400863225407358970e-01 -7.446057585309635678e-03 -5.424016235067602443e-01 -1.969793053377750525e+01 -1.858221226879610069e-02 9.989239101213178706e-01 -4.249380196845085195e-02 -3.197686435229484481e+00 5.421343712479665955e-01 4.577748387056779222e-02 8.390439506814303394e-01 4.747989690934677753e+01
8.345765171351423595e-01 -4.506550769959516076e-03 -5.508735990705804220e-01 -2.031707142178164105e+01 -1.997477646642573795e-02 9.990614409556939357e-01 -3.843495201505388315e-02 -3.245683904424233823e+00 5.505297902243004859e-01 4.308048529880294242e-02 8.337032012173251072e-01 4.835472553614884106e+01
8.298840905083009201e-01 -5.850495155531209484e-04 -5.579355231555787054e-01 -2.090284961348735493e+01 -2.223441329388564300e-02 9.991703969854468514e-01 -3.411962332862659292e-02 -3.297942669114738656e+00 5.574926294451695297e-01 4.072070146448041050e-02 8.291826087076787921e-01 4.921813483607802908e+01
8.253636839996542074e-01 -2.431842143136371439e-04 -5.646013848923330247e-01 -2.152762361948094849e+01 -2.354505226817059024e-02 9.991151723388975725e-01 -3.484971967255783010e-02 -3.356947469218364066e+00 5.641102945967942928e-01 4.205726201639936601e-02 8.246276543809740733e-01 5.011370728864215351e+01
8.218942718295831895e-01 -2.371048855235613831e-03 -5.696351268912804855e-01 -2.215507611211357641e+01 -2.413505436685872002e-02 9.989484326317171758e-01 -3.898112541013382809e-02 -3.409568077946015130e+00 5.691285531416544474e-01 4.578653835547621953e-02 8.209727700307810627e-01 5.097584464579688301e+01
8.192548171255646938e-01 -4.605975470350202362e-03 -5.734111293478140192e-01 -2.275950109316821113e+01 -2.606737064076272009e-02 9.986348501123422094e-01 -4.526509002538525034e-02 -3.486204978120988507e+00 5.728368369701897223e-01 5.203096345959719315e-02 8.180163466288518093e-01 5.183367969159557731e+01
8.155918939764139619e-01 -5.410223548633879241e-03 -5.786022688419065751e-01 -2.337978681400722181e+01 -2.646943984873006278e-02 9.985606258773375155e-01 -4.664810015095354617e-02 -3.549417549808997041e+00 5.780218303140728375e-01 5.336109028277545574e-02 8.142747473243794332e-01 5.270472376342546283e+01
8.126359942800619462e-01 -3.972070510912809743e-03 -5.827580603615650778e-01 -2.398756383242436385e+01 -2.611604572663294571e-02 9.987239524870155094e-01 -4.322521175913198593e-02 -3.607491097682285819e+00 5.821861370072968223e-01 5.034569903435643506e-02 8.114952981736230919e-01 5.353992380831729037e+01
8.090597131019380273e-01 -2.243789663937923243e-03 -5.877221617378227680e-01 -2.464748794846634894e+01 -2.506433574974890888e-02 9.989512283261019476e-01 -3.831739221999726913e-02 -3.660997427787959335e+00 5.871917616726709532e-01 4.573192384435838254e-02 8.081549559109740821e-01 5.442328200299230190e+01
8.064124655453770441e-01 -6.494004779380447819e-04 -5.913531152942884672e-01 -2.531610821791187860e+01 -2.535631032250446754e-02 9.990417228377309611e-01 -3.567483154017561664e-02 -3.715689421086625366e+00 5.908096125478209393e-01 4.376316183819334987e-02 8.056232333179266236e-01 5.530361740846678487e+01
8.033577886751979147e-01 -2.080573998491680346e-04 -5.954966106329570019e-01 -2.593105251773301489e+01 -2.622568539261829063e-02 9.990173454303016287e-01 -3.572893793894569431e-02 -3.767854226944777896e+00 5.949188870938494356e-01 4.432042721488699960e-02 8.025629098525649541e-01 5.612949731169432965e+01
7.994218298402829825e-01 -8.868810172006312813e-04 -6.007694603541902101e-01 -2.659790494953444906e+01 -2.682594037984582097e-02 9.989487910077652355e-01 -3.717098221477536241e-02 -3.819611563150846489e+00 6.001709026797952262e-01 4.583150023222106600e-02 7.985576798413775990e-01 5.696789724635438290e+01
7.956845181147808033e-01 -3.279715162634200265e-03 -6.057023890294750412e-01 -2.724973329505004926e+01 -2.598292143947224936e-02 9.988800602135966544e-01 -3.954128412238571560e-02 -3.885937193493512076e+00 6.051537334054607475e-01 4.720030509009262576e-02 7.947081836251761455e-01 5.783411547655782670e+01
7.915992289025300943e-01 -4.345230217617631653e-03 -6.110251816718662576e-01 -2.790487513902726491e+01 -2.519279656542504353e-02 9.988923573959564983e-01 -3.974143158126847847e-02 -3.939927774124274862e+00 6.105210803423272159e-01 4.685271958412468019e-02 7.906129522189605519e-01 5.867613648482238631e+01
7.869307037881950739e-01 -4.962856118019104770e-03 -6.170214179645935326e-01 -2.859083543500816305e+01 -2.451184878349586468e-02 9.989269094222070766e-01 -3.929629686146133422e-02 -3.996158785150671910e+00 6.165543305916951766e-01 4.604779811743096168e-02 7.859646079430563370e-01 5.953865771960542475e+01
7.821942663989933653e-01 -4.490517476298897317e-03 -6.230184246600767306e-01 -2.926604526110602578e+01 -2.497246588834816164e-02 9.989444722040429214e-01 -3.855278780406678346e-02 -4.056470958504956315e+00 6.225339440963872928e-01 4.571407580188513453e-02 7.812565001801673459e-01 6.036725907135866009e+01
7.766935563993981884e-01 -5.697171703759313852e-03 -6.298528829284972819e-01 -2.996179639257438865e+01 -2.451723250643672233e-02 9.989278665293365167e-01 -3.926859848543780979e-02 -4.113229368532413055e+00 6.294013273715124424e-01 4.594191685546099302e-02 7.757211592330588434e-01 6.120162418754586753e+01
7.712927883803144535e-01 -6.847958338197048835e-03 -6.364436600082216122e-01 -3.067096929754736223e+01 -2.413426403304713003e-02 9.989083412403719775e-01 -3.999578908329257804e-02 -4.168318121865051573e+00 6.360227811757879213e-01 4.620856288340193657e-02 7.702855303014074506e-01 6.204856137442970976e+01
7.664112937273519499e-01 -7.976446092282386477e-03 -6.423006284677496014e-01 -3.136214985302456171e+01 -2.398077181860821042e-02 9.988705416261554060e-01 -4.101906505506487666e-02 -4.229627838623938096e+00 6.419023740734481898e-01 4.684033939332707397e-02 7.653543836326345273e-01 6.284825179476536050e+01
7.601381904122173072e-01 -9.750484630633861338e-03 -6.496882725860674279e-01 -3.208367027833899243e+01 -2.321393988655531468e-02 9.988415333418408926e-01 -4.215097042124708177e-02 -4.288262334234048012e+00 6.493466339698990009e-01 4.712238674930559201e-02 7.590312494016706601e-01 6.369240857233511832e+01
7.546134614646521355e-01 -1.118484017189527377e-02 -6.560742450299095196e-01 -3.281691119141899549e+01 -2.258098649709472730e-02 9.988198292929201250e-01 -4.300055464021210888e-02 -4.349960017415090974e+00 6.557809310630898780e-01 4.726360091136392466e-02 7.534703249489869137e-01 6.450551558800235341e+01
7.483477668537582561e-01 -1.241878756792294709e-02 -6.631903084802525106e-01 -3.356307045495360342e+01 -2.160421707277772330e-02 9.988379075421687237e-01 -4.308238965611280863e-02 -4.417928111077596753e+00 6.629546625025614093e-01 4.656831732464625229e-02 7.472098202973800340e-01 6.533215999657664952e+01
7.419445332369148938e-01 -1.153791727390048559e-02 -6.703619750541113254e-01 -3.429200038078199242e+01 -2.213019940996263299e-02 9.988856616975113623e-01 -4.168559905016830380e-02 -4.474990080582118779e+00 6.700959415793524832e-01 4.576364635063463748e-02 7.408624205471566748e-01 6.615644218365957840e+01
7.357350690382055136e-01 -1.300150505982948339e-02 -6.771446377466678879e-01 -3.503997016470228232e+01 -2.017785220733761195e-02 9.989511035267958361e-01 -4.110410049836538821e-02 -4.539169315143337435e+00 6.769688099730793995e-01 4.390505245545601315e-02 7.347010176133502712e-01 6.695221656156607537e+01
7.290969535344954400e-01 -1.400500931642137056e-02 -6.842671139754115117e-01 -3.582028668511166813e+01 -1.965531286100745748e-02 9.989497704262625399e-01 -4.138870468163859118e-02 -4.599639476739226573e+00 6.841281374130947501e-01 4.362586250611490829e-02 7.280559624639048044e-01 6.778440283696329516e+01
7.225924344867996618e-01 -1.635888717996880279e-02 -6.910807127096371127e-01 -3.662057023561635560e+01 -1.826824561919699469e-02 9.989188938692988851e-01 -4.274710168771969632e-02 -4.669630816899225323e+00 6.910328880503304738e-01 4.351356427947883354e-02 7.215123881681874130e-01 6.857465056348932819e+01
7.167237337377814210e-01 -1.535992546324678985e-02 -6.971880328038819741e-01 -3.737617504849335148e+01 -2.032289477989973614e-02 9.988727022251071563e-01 -4.289877307715171673e-02 -4.724874465161494008e+00 6.970610282678183500e-01 4.491544765355215407e-02 7.156036154882368105e-01 6.936298359380110412e+01
7.113872672055614466e-01 -1.511658203682252413e-02 -7.026376276366341767e-01 -3.819228884245521982e+01 -2.029573899829008321e-02 9.989098055501453022e-01 -4.203906979154548723e-02 -4.786638988144828133e+00 7.025071151620703169e-01 4.416660867267908908e-02 7.103049155291383254e-01 7.016584120363924626e+01
7.068341843901437827e-01 -1.445016339583930255e-02 -7.072316587992181214e-01 -3.900856661875528886e+01 -2.164722570840940316e-02 9.988812152236822284e-01 -4.204420923358640622e-02 -4.843447492613738525e+00 7.070479766770573216e-01 4.502788748875162506e-02 7.057305841005840907e-01 7.095917338983353773e+01
7.014968292947912909e-01 -1.489732466548485991e-02 -7.125168480324680642e-01 -3.981373903137109949e+01 -2.184388681290306417e-02 9.988623069537293508e-01 -4.239028655158965514e-02 -4.915692955042740842e+00 7.123377367195967702e-01 4.530078878867652842e-02 7.003733267475438229e-01 7.174910708422547145e+01
6.965283942033703157e-01 -1.748857431054265041e-02 -7.173160643981090212e-01 -4.067521211211023768e+01 -2.146872882968386964e-02 9.987473960273680618e-01 -4.519659994400063857e-02 -4.986215604035982629e+00 7.172079879147985615e-01 4.688057906567351385e-02 6.952804635078074780e-01 7.256149274520032577e+01
6.914668960430927491e-01 -1.923619665119584432e-02 -7.221519858745796272e-01 -4.149332709651401530e+01 -2.141453331664060905e-02 9.986603124505508688e-01 -4.710624303868531093e-02 -5.046444889990238991e+00 7.220906852601829407e-01 4.803695523875844281e-02 6.901286132815943608e-01 7.332478630269642395e+01
6.867776474745992399e-01 -1.987026379031669662e-02 -7.265959163958647382e-01 -4.236013624901823249e+01 -2.198784339756401640e-02 9.986008835213925350e-01 -4.809168543429520604e-02 -5.114611459921500902e+00 7.265349310828993490e-01 4.900457163375301906e-02 6.853798623124831568e-01 7.412967560683144086e+01
6.819067867310433240e-01 -2.003924564518331022e-02 -7.311645183584313257e-01 -4.321748154441863932e+01 -2.146797648276769360e-02 9.986456505281016138e-01 -4.739188433900673458e-02 -5.185379790708952719e+00 7.311239763026935456e-01 4.801347006424811631e-02 6.805530455970093540e-01 7.490802496995577542e+01
6.771429533595110239e-01 -1.989424462136205399e-02 -7.355825104615296706e-01 -4.405616723999024487e+01 -2.106807100009423089e-02 9.987005256377685658e-01 -4.640470352297033918e-02 -5.254682534569654173e+00 7.355498390607869696e-01 4.691992234875547174e-02 6.758438911170097096e-01 7.567034302697086900e+01
6.712568620730153812e-01 -2.032925770246914524e-02 -7.409459738844197396e-01 -4.493822257253231811e+01 -2.073191628712405671e-02 9.987178043768702995e-01 -4.618370817681223539e-02 -5.334897834555950347e+00 7.409348294881551444e-01 4.636236072294200317e-02 6.699747160243627597e-01 7.645803724502829368e+01
6.666492159963264275e-01 -2.169086781311848136e-02 -7.450559165427661501e-01 -4.581101828199884096e+01 -1.956517148449028395e-02 9.987228403287388145e-01 -4.658210279575245721e-02 -5.397078172983452937e+00 7.451147802639458417e-01 4.563106886121984923e-02 6.653734139909828205e-01 7.722502231268862261e+01
6.621876722226565093e-01 -2.223974109815933867e-02 -7.490079240445722819e-01 -4.672870303673824566e+01 -1.904964084558489340e-02 9.987368055565353231e-01 -4.649628414918995090e-02 -5.467536450931993031e+00 7.490958596442636175e-01 4.505759788347998146e-02 6.609275423964106055e-01 7.803054863222253346e+01
6.584287270381977697e-01 -2.339682150127446805e-02 -7.522793295580748607e-01 -4.761200942808958558e+01 -1.728509009441938846e-02 9.987830181404461216e-01 -4.619208114257396941e-02 -5.536447778736774517e+00 7.524445801236254727e-01 4.341740892874347557e-02 6.572230161011186622e-01 7.876840767941527588e+01
6.545533212472336437e-01 -2.590543220559640356e-02 -7.555718679707865704e-01 -4.850428983617079126e+01 -1.494554548283053702e-02 9.987740600153149906e-01 -4.719118276354638403e-02 -5.608940639975661391e+00 7.558681032386749266e-01 4.218157887262249939e-02 6.533637083951758795e-01 7.954498780059948615e+01
6.500539118795253257e-01 -3.018436968071756821e-02 -7.592883542012797138e-01 -4.941995048886186481e+01 -1.215921580341909787e-02 9.986696580358263020e-01 -5.011055379489080808e-02 -5.693576163589742833e+00 7.597908096363132913e-01 4.180691221582622658e-02 6.488221006736833996e-01 8.033986423134462029e+01
6.451047267397023166e-01 -3.388441244941670788e-02 -7.633424705700257995e-01 -5.031715674650415338e+01 -8.779897333283733993e-03 9.986215645334118873e-01 -5.174827780138362837e-02 -5.757498916640107822e+00 7.640437254145127088e-01 4.008512685465304148e-02 6.439179909049825845e-01 8.109730182823759037e+01
6.388915911979171636e-01 -3.762887998159639841e-02 -7.683759439250372747e-01 -5.122787176532989406e+01 -3.593491189656585014e-03 9.986461545218500158e-01 -5.189359182937040849e-02 -5.835911268214584169e+00 7.692883926524466398e-01 3.591553132437327878e-02 6.378914127278820789e-01 8.186290601109271847e+01
6.305454989939907051e-01 -4.151100926437036737e-02 -7.750414174408888357e-01 -5.218251247201852294e+01 1.484045724604660587e-03 9.986314120387687066e-01 -5.227906350323460044e-02 -5.915526282830266602e+00 7.761508751860808353e-01 3.181413092387098268e-02 6.297441473311981008e-01 8.262665426610796260e+01
6.223168141866265435e-01 -4.282234633382202976e-02 -7.815932562413320239e-01 -5.310976819445047425e+01 4.574681070815723657e-03 9.986843930652751222e-01 -5.107401804332338535e-02 -6.001763532139136714e+00 7.827521095498259918e-01 2.820867992678579433e-02 6.216939895375255265e-01 8.336382155745833700e+01
6.129744908962502237e-01 -4.211097605977973113e-02 -7.889796751340634184e-01 -5.406824237048979143e+01 5.932569050173493348e-03 9.987958049350621481e-01 -4.870056104337074088e-02 -6.064074389547700505e+00 7.900804315202908379e-01 2.517152478055151299e-02 6.124861774135837988e-01 8.411348791626099342e+01
6.040754966546443283e-01 -4.165967958941422383e-02 -7.958374543974486848e-01 -5.507353545489652902e+01 5.279597525786836401e-03 9.988199958983192683e-01 -4.827775494451929522e-02 -6.150388548117271093e+00 7.969096125148072973e-01 2.496170690323775213e-02 6.035826325427882111e-01 8.484349734095704321e+01
5.946635080857951561e-01 -4.224055473919438586e-02 -8.028642698985776205e-01 -5.602699500123966914e+01 3.205864096925200180e-03 9.987354828857097910e-01 -5.017128303902723685e-02 -6.220937233183986947e+00 8.039683110117066267e-01 2.726115701850757855e-02 5.940469645005338473e-01 8.555266894907153130e+01
5.846638164913020574e-01 -4.467341882902613193e-02 -8.100447489699617032e-01 -5.703648561124455796e+01 4.211069429579726402e-03 9.986363982967311204e-01 -5.203470831373751410e-02 -6.298798669525816685e+00 8.112647529106891131e-01 2.701165604637375053e-02 5.840546919137202808e-01 8.627903959706267756e+01
5.745887880569436890e-01 -4.627054764077578874e-02 -8.171332503719956897e-01 -5.805418701781334079e+01 4.991068919322739009e-03 9.985801565695494597e-01 -5.303546089624855409e-02 -6.372073611376364966e+00 8.184270430613875824e-01 2.639521239405193120e-02 5.740039025732659450e-01 8.695670885480303980e+01
5.647290092840184794e-01 -4.737573693159124327e-02 -8.239154527249387128e-01 -5.904728113288008728e+01 7.633989830758304042e-03 9.986080886304771198e-01 -5.218819304009889720e-02 -6.452914579589815958e+00 8.252411038112013042e-01 2.318242389283016458e-02 5.643046235992762449e-01 8.765140145709773378e+01
5.546195461075753563e-01 -4.705648390762127986e-02 -8.307724320307321442e-01 -6.008014950553492639e+01 8.763667357206923053e-03 9.986746545608566894e-01 -5.071619507640719171e-02 -6.537829367021735116e+00 8.320579117828590388e-01 2.084757935127357770e-02 5.542968721536687404e-01 8.833866522871326765e+01
5.438619076773376637e-01 -4.724930640271007842e-02 -8.378434911416730024e-01 -6.112566198390796757e+01 8.703326499553919876e-03 9.986775341772925474e-01 -5.066986094680283464e-02 -6.623408860868853054e+00 8.391296020565229830e-01 2.026538126826220657e-02 5.435538962026791321e-01 8.901566723440694773e+01
5.337893764569415778e-01 -4.870296441373602597e-02 -8.442137820991223451e-01 -6.216834259005571539e+01 8.634322839814325551e-03 9.986019223482892615e-01 -5.215025523791986389e-02 -6.695043574545174181e+00 8.455733923248197614e-01 2.054803737468592281e-02 5.334636157558295677e-01 8.966667471831651426e+01
5.240732942364778602e-01 -4.945078331095834751e-02 -8.502363137237711754e-01 -6.327860218168453343e+01 7.506174209978439156e-03 9.985423285841363850e-01 -5.344974598161147256e-02 -6.781873858508592257e+00 8.516400950856640728e-01 2.162956205773135243e-02 5.236805549570706653e-01 9.032079699048912858e+01
5.139684839672272743e-01 -4.988338357682309265e-02 -8.563574208434543422e-01 -6.432149934877685382e+01 5.866343179876405863e-03 9.984887896877738811e-01 -5.464176844292533558e-02 -6.865049014041198383e+00 8.577890158041610036e-01 2.306045987693551916e-02 5.134844037365381419e-01 9.093436042137956576e+01
