1 0 0 0 0 1 0 0 0 0 1 0
0.99986857 0.00072358714 0.01619625 -0.0083574664 -0.00071820016 0.99999968 -0.00033842351 -0.006671126 -0.016196491 0.0003267469 0.99986877 0.088760553
0.99930585 0.0027944848 0.037148583 0.011544496 -0.0027837513 0.99999607 -0.00034066018 -0.0018073797 -0.037149392 0.00023701132 0.9993097 0.23234108
0.99792455 0.0052297555 0.064181276 0.044747263 -0.0052932982 0.99998565 0.00082004304 -0.0022054948 -0.064176072 -0.0011580717 0.99793792 0.39322818
0.99528514 0.0045263609 0.096886523 0.088803348 -0.0048555611 0.99998321 0.0031622823 0.0023063114 -0.096870591 -0.003617811 0.99529041 0.58669168
0.99092137 0.0014810668 0.13443451 0.16748542 -0.0021805385 0.99998484 0.0050559766 -0.0030775515 -0.13442499 -0.0053032149 0.99090958 0.76694591
0.98474898 -0.0018827162 0.17397098 0.23872271 0.00088427937 0.99998269 0.0058164323 -0.0076994683 -0.17397893 -0.0055738868 0.9847336 0.97014593
0.97610877 -0.0022364972 0.21727093 0.319464 0.00073793322 0.99997538 0.0069781038 -0.008396859 -0.21728121 -0.0066510569 0.97608639 1.182831
0.96407554 -0.0023015328 0.26561826 0.42444794 -0.00032199489 0.9999516 0.0098330919 0.004540445 -0.26562806 -0.009565371 0.96402813 1.3745322
0.9502002 -0.0061299937 0.31157985 0.55745179 0.00085896457 0.99985424 0.017051526 0.006828871 -0.31163899 -0.015934727 0.95006696 1.6023353
0.93288372 -0.015528532 0.35984278 0.68304601 0.0068968054 0.99965715 0.025259062 -0.0028143599 -0.36011167 -0.021082002 0.93267097 1.8182863
0.91148715 -0.021375959 0.41077273 0.85703694 0.0097916288 0.99949335 0.030284837 -0.0069337818 -0.41121201 -0.023582106 0.91123464 2.0309715
0.88659973 -0.0232965 0.4619504 1.0298726 0.0085661789 0.99938651 0.033959136 -0.00013551851 -0.46245816 -0.026151011 0.88625537 2.3074879
0.85833433 -0.025366755 0.51246335 1.2029095 0.0064588941 0.99923219 0.03864352 0.018261382 -0.51305017 -0.029859114 0.85783913 2.5057309
0.82634247 -0.030709809 0.56232998 1.4376578 0.0078093271 0.99904095 0.043083562 0.021335488 -0.56311381 -0.031210358 0.82578979 2.7186616
0.79087126 -0.036247685 0.61090811 1.6766286 0.0098492196 0.99886897 0.046516362 0.022306688 -0.61190332 -0.030771486 0.79033377 2.9560315
0.75221836 -0.040857431 0.65764593 1.9447954 0.011115326 0.99872051 0.04933354 0.034015525 -0.65882017 -0.029799646 0.75171005 3.1490055
0.71235936 -0.044159024 0.70042422 2.2304706 0.012158197 0.99864523 0.050595327 0.047436745 -0.7017096 -0.027526159 0.71193116 3.3707605
0.67086487 -0.04595321 0.74015443 2.5066288 0.011354695 0.99859774 0.051707189 0.060154603 -0.74149271 -0.026284309 0.67044592 3.5632173
0.62892335 -0.046293522 0.7760878 2.8632747 0.0070345209 0.99852365 0.053861176 0.083807179 -0.77743552 -0.028415146 0.62832049 3.7977249
0.58567798 -0.04706902 0.80917597 3.1871282 0.0035443965 0.99845164 0.055513592 0.094968368 -0.81053612 -0.029645048 0.58493797 3.9901272
0.54647204 -0.048214809 0.83608826 3.5635828 0.0018184315 0.99840735 0.056386747 0.11810137 -0.83747541 -0.029293412 0.54568938 4.2083517
0.50768466 -0.050963742 0.86003426 3.9957254 0.0010916783 0.99828612 0.058511817 0.13665828 -0.86154232 -0.028766671 0.50687018 4.4051699
0.47039742 -0.050677452 0.88099829 4.4012064 -0.002016507 0.99828532 0.058500812 0.15593942 -0.88245241 -0.02929517 0.46948865 4.6067025
0.43275644 -0.049825818 0.90013287 4.8774107 -0.0033958265 0.99837431 0.056896469 0.18061567 -0.90150452 -0.027679008 0.43188371 4.7851394
0.3998834 -0.048695469 0.91527152 5.3684662 -0.0021915042 0.99853405 0.054082782 0.1967114 -0.91656344 -0.023632628 0.39919047 4.9582419
0.36936647 -0.046964648 0.92809626 5.8813999 6.5981938e-05 0.99872343 0.050512349 0.22624461 -0.92928385 -0.01859633 0.36889804 5.1578926
0.34477846 -0.045115521 0.93759924 6.4101137 0.0010595429 0.9988624 0.047673769 0.25017273 -0.93868353 -0.015443461 0.34443404 5.3090775
0.32332841 -0.044624779 0.94523399 6.9762753 0.0022024539 0.99892024 0.046405947 0.27099395 -0.94628429 -0.012922526 0.32307758 5.4998362
0.30887948 -0.045124523 0.95003009 7.5770488 0.0032457568 0.99891807 0.046391324 0.298126 -0.95109569 -0.011245761 0.30869175 5.694052
0.29594149 -0.046478228 0.95407459 8.2031689 0.0037039957 0.99886384 0.047511227 0.31465821 -0.95519893 -0.010526655 0.29577741 5.8719456
0.28630159 -0.048394708 0.95691654 8.8342319 0.0031414911 0.99876565 0.049571259 0.34065769 -0.95813444 -0.011186185 0.28610023 6.0598128
0.27525095 -0.050126479 0.96006467 9.4978644 0.0013777645 0.9986593 0.051746559 0.3723514 -0.96137147 -0.012920546 0.27495098 6.2366514
0.26423754 -0.051844267 0.96306314 10.179579 0.00072817946 0.9985646 0.053555614 0.40361262 -0.9644574 -0.01345012 0.263896 6.4297692
0.25511347 -0.053882529 0.96540857 10.889052 -0.00042680946 0.9984397 0.055838887 0.42993071 -0.96691107 -0.014657297 0.25469241 6.6306714
0.24442416 -0.05541323 0.96808374 11.618691 -0.00065416281 0.99835615 0.05731119 0.46284817 -0.96966823 -0.014641523 0.24398611 6.8008722
0.23438886 -0.056872109 0.9704779 12.381564 -0.00096252619 0.99827324 0.058733444 0.49664091 -0.97214249 -0.014700575 0.23392938 6.9955691
0.2239985 -0.059573363 0.97276699 13.132214 -0.0025991555 0.99808995 0.061722676 0.52654599 -0.97458606 -0.016354159 0.22341581 7.1610124
0.21343165 -0.063287121 0.97490594 13.919296 -0.0046936579 0.99782164 0.065802279 0.56879182 -0.97694677 -0.018620163 0.21266967 7.357748
0.20001546 -0.066674638 0.97752147 14.754941 -0.0046149579 0.99760675 0.068988901 0.60718327 -0.97978191 -0.018310067 0.19922907 7.5008046
0.18681536 -0.069276118 0.97994937 15.496287 -0.0055297778 0.99742058 0.071565404 0.64554751 -0.98237952 -0.018788418 0.1859504 7.6639312
0.17294137 -0.070274056 0.98242188 16.300728 -0.0060448594 0.99735689 0.072406489 0.68577197 -0.98491361 -0.018460679 0.17205947 7.7665685
0.15926379 -0.06930566 0.98480033 17.084204 -0.0081307361 0.9974069 0.071507769 0.72372804 -0.98720262 -0.019395749 0.15828729 7.9159151
0.14273236 -0.068357691 0.9873979 17.878021 -0.0088278574 0.99748457 0.070332094 0.76280459 -0.98972199 -0.018755273 0.14176987 8.0390802
0.12148617 -0.06703563 0.99032684 18.696924 -0.011499742 0.99755483 0.0689356 0.80389496 -0.99252655 -0.019763225 0.12041822 8.1286594
0.096588332 -0.06567555 0.99315524 19.51163 -0.015889825 0.99759177 0.067514278 0.84503482 -0.99519761 -0.022302154 0.09531215 8.211806
0.066430155 -0.065008472 0.99567105 20.364286 -0.019486871 0.99760047 0.06643459 0.8837179 -0.99760081 -0.023815773 0.065003941 8.2824773
0.0325786 -0.064582554 0.99738039 21.219335 -0.023125703 0.99759428 0.065351785 0.92140491 -0.99920164 -0.025194191 0.031006706 8.277614
-0.0008642888 -0.064233027 0.99793451 22.037243 -0.023993015 0.99764898 0.064193868 0.95550791 -0.99971179 -0.023887975 -0.0024034023 8.2868711
-0.0346852 -0.06295315 0.99741353 22.899164 -0.02545639 0.99774593 0.06208888 0.98716991 -0.99907407 -0.023236982 -0.036209578 8.2356177
-0.069905679 -0.060791097 0.99569953 23.772181 -0.028081958 0.99786577 0.058951786 1.0163311 -0.9971583 -0.023840127 -0.071463618 8.1747086
-0.10234034 -0.057863952 0.99306502 24.591365 -0.030009414 0.99803194 0.055060744 1.0579212 -0.99429672 -0.024166364 -0.1038754 8.0531711
-0.1329887 -0.053372057 0.98967942 25.453868 -0.02768369 0.99835945 0.050120149 1.0786762 -0.99073089 -0.020732564 -0.13424806 7.9243094
-0.16528708 -0.04775001 0.98508885 26.28465 -0.022977303 0.99874259 0.044556506 1.1030443 -0.98597784 -0.015270069 -0.16617641 7.7876682
-0.19646826 -0.041535272 0.97963001 27.105887 -0.016901062 0.9990974 0.038971101 1.1145189 -0.98036455 -0.0089002028 -0.19699292 7.6084313
-0.22532398 -0.036054978 0.97361649 27.922723 -0.010952457 0.99934561 0.034473054 1.128417 -0.97422237 -0.0028958859 -0.22557142 7.3858761
-0.25316337 -0.029132965 0.96698474 28.734087 -0.0020195525 0.99956021 0.029585654 1.1412971 -0.96742147 0.0055371286 -0.25311087 7.1524602
-0.27773551 -0.019341557 0.96046281 29.522553 0.0042551279 0.99976272 0.021363417 1.1409641 -0.9606482 0.010020273 -0.27758731 6.922078
-0.3032087 -0.0037497345 0.95291676 30.341856 0.0083196049 0.99994373 0.0065820029 1.1291488 -0.9528879 0.0099236126 -0.30316045 6.6693385
-0.32838381 0.01304625 0.94445423 31.112683 0.0091815566 0.99990145 -0.010619773 1.1103726 -0.94449979 0.0051841996 -0.32847123 6.3775333
-0.35455521 0.027773985 0.93462245 31.876916 0.00798917 0.99961225 -0.026674527 1.0814759 -0.93500099 -0.0019907342 -0.35463963 6.0752419
-0.37811325 0.038572885 0.92495537 32.624082 0.012619408 0.99925351 -0.036512598 1.0441366 -0.92567337 -0.0021335072 -0.37831776 5.7672487
-0.40248234 0.043389182 0.91439886 33.401836 0.015947483 0.99905685 -0.040386837 0.9971316 -0.91528887 -0.0016726271 -0.40279469 5.4365779
-0.42441335 0.042677179 0.90446221 34.130386 0.018179434 0.99908891 -0.038611564 0.95010537 -0.90528608 5.5348375e-05 -0.42480252 5.0563461
-0.44476269 0.039053326 0.89479658 34.8566 0.022331941 0.99922186 -0.032510765 0.9039112 -0.89537004 0.0055229702 -0.44528874 4.6850615
-0.46268875 0.038257838 0.88569486 35.597352 0.029153426 0.99918466 -0.027930253 0.86572225 -0.88604134 0.012898027 -0.46342685 4.2762818
-0.47668525 0.038943092 0.87821099 36.283591 0.033401297 0.99909924 -0.026173787 0.82250818 -0.87843929 0.016856729 -0.47755662 3.8885081
-0.48767082 0.042306231 0.87200188 37.022644 0.036389042 0.99894216 -0.028114163 0.77761567 -0.87226892 0.018020858 -0.48869443 3.4874958
-0.49812779 0.044836218 0.86594362 37.690118 0.038413872 0.99882285 -0.029619043 0.74038467 -0.86625235 0.01851018 -0.49926375 3.0948713
-0.50813464 0.043860107 0.86016011 38.372067 0.031692743 0.99897832 -0.032216229 0.68322674 -0.86069438 0.010890652 -0.50900553 2.6908796
-0.51941299 0.042882267 0.85344666 39.077642 0.029888304 0.99904064 -0.03200757 0.65899579 -0.85400053 0.0088829263 -0.52019636 2.2669982
-0.52815708 0.044055504 0.84800304 39.756563 0.03234862 0.99897219 -0.031751148 0.61389935 -0.84853033 0.010662135 -0.52903937 1.8539511
-0.53497311 0.04765129 0.84352419 40.443843 0.036134066 0.99878512 -0.033505435 0.56769547 -0.84409606 0.012555453 -0.53604502 1.4033599
-0.5390336 0.050560263 0.84076535 41.137351 0.036779476 0.99865752 -0.036475115 0.52919871 -0.8414809 0.011261598 -0.54016954 0.96532146
-0.53840893 0.052100157 0.84107154 41.826815 0.0359504 0.99859835 -0.038844631 0.48528097 -0.84191654 0.0093225633 -0.53952729 0.51548672
-0.53584643 0.053120846 0.8426427 42.528203 0.038583822 0.99851683 -0.038411363 0.44358679 -0.84343343 0.011929785 -0.53710128 0.064002734
-0.52954338 0.051925154 0.84669211 43.304901 0.036804668 0.99859125 -0.038222083 0.39598336 -0.84748409 0.010921972 -0.53070848 -0.39079414
-0.52245042 0.050385433 0.85117966 44.047195 0.03464245 0.99868264 -0.037853459 0.35454301 -0.85196568 0.0097103943 -0.52350764 -0.86526383
-0.5151959 0.049891811 0.85561904 44.833644 0.032555671 0.99872298 -0.03863349 0.30185851 -0.85645396 0.007951437 -0.51616224 -1.3204362
-0.50913163 0.048590647 0.85931593 45.644361 0.030040674 0.99880002 -0.038679233 0.25852976 -0.86016429 0.0061216097 -0.50998038 -1.7876654
-0.50488764 0.046180928 0.8619488 46.44886 0.025742624 0.99892922 -0.038441198 0.21036412 -0.86280117 0.0027803388 -0.50553583 -2.2407019
-0.50346937 0.043259517 0.8629294 47.300083 0.020515644 0.99906276 -0.038114327 0.16012071 -0.86376951 -0.001485843 -0.503885 -2.7074344
-0.50400039 0.041077622 0.86272601 48.135143 0.018123343 0.99915144 -0.036985777 0.11321611 -0.86351329 -0.0030053663 -0.50431718 -3.2030161
-0.50420501 0.039573064 0.86267677 48.996463 0.016376392 0.99920803 -0.036264641 0.061964646 -0.86342874 -0.0041572798 -0.50445376 -3.6930901
-0.50520686 0.039191246 0.86210789 49.858392 0.016418068 0.99922398 -0.035803304 0.0076475879 -0.86284213 -0.003933928 -0.50545825 -4.1898842
-0.50517013 0.038455172 0.86216256 50.724221 0.016439677 0.99925428 -0.034937333 -0.038494815 -0.86286322 -0.0034756218 -0.5054256 -4.6913219
-0.50521072 0.037960454 0.8621607 51.609827 0.01667142 0.99927498 -0.034228365 -0.085599591 -0.86283501 -0.0029190934 -0.50547729 -5.2092514
-0.50586864 0.037560502 0.86179236 52.505499 0.016448139 0.99928993 -0.033898226 -0.1408946 -0.86245373 -0.0029731679 -0.50612724 -5.7135263
-0.5056436 0.036116233 0.86198614 53.392202 0.01459029 0.99933848 -0.033312431 -0.19252888 -0.86261912 -0.0042675893 -0.50583605 -6.2328948
-0.50587947 0.035208716 0.86188528 54.283566 0.014263529 0.99937147 -0.032453227 -0.24850465 -0.86248627 -0.0041238945 -0.50606371 -6.7542628
-0.50501947 0.034372709 0.86242321 55.186751 0.01291276 0.99939576 -0.032270402 -0.29957207 -0.86301139 -0.0051609171 -0.50515817 -7.2669422
-0.50382494 0.033054313 0.86317308 56.082685 0.012141205 0.99943986 -0.031185813 -0.36303588 -0.86372049 -0.0052322286 -0.50394405 -7.7801804
-0.50152195 0.031032958 0.86458812 56.980266 0.012859937 0.99951345 -0.028416209 -0.41133555 -0.86504937 -0.003132803 -0.50167702 -8.3040021
-0.49936081 0.029916433 0.86587743 57.866735 0.013530934 0.99955107 -0.026731477 -0.46159317 -0.8662885 -0.0016325208 -0.49954143 -8.7980251
-0.49687625 0.029197563 0.86733006 58.757942 0.013233129 0.99957257 -0.026068339 -0.51453073 -0.86772054 -0.0014752479 -0.49705025 -9.3017033
-0.494853 0.029545392 0.86847425 59.642944 0.01380119 0.99956299 -0.026141154 -0.56620929 -0.86886714 -0.0009500496 -0.4950445 -9.8048183
-0.49396197 0.030128494 0.86896132 60.537816 0.013824426 0.99954528 -0.02679757 -0.61483542 -0.86937363 -0.0012240883 -0.49415387 -10.284762
-0.4941125 0.031483977 0.86882768 61.431733 0.013521541 0.9995015 -0.028529383 -0.66208809 -0.86929286 -0.0023488346 -0.49429189 -10.798586
-0.49732918 0.03347103 0.86691598 62.289741 0.012303227 0.99942711 -0.031529122 -0.71527443 -0.86747472 -0.0050144872 -0.49745606 -11.283421
-0.50146779 0.033891986 0.86451219 63.167847 0.010992466 0.99940136 -0.032803849 -0.76867392 -0.86510652 -0.0069469524 -0.50154015 -11.802584
-0.50747963 0.032369617 0.8610555 64.060749 0.010507384 0.99945231 -0.031379631 -0.82176485 -0.86159972 -0.0068770818 -0.50754181 -12.290131
-0.51218304 0.030324352 0.85834079 64.920945 0.014140911 0.99953879 -0.026874676 -0.87916833 -0.85875994 -0.0016270322 -0.51237563 -12.815882
-0.51754076 0.028314765 0.85518991 65.769606 0.011367952 0.99959166 -0.026216192 -0.92479335 -0.85558307 -0.0038461899 -0.5176513 -13.32846
-0.52201079 0.0304265 0.85239598 66.608235 0.012203843 0.99952767 -0.02820472 -0.98024186 -0.85285161 -0.004320661 -0.52213555 -13.857377
-0.52751687 0.032895674 0.8489074 67.448221 0.013035867 0.99944583 -0.03062855 -1.0234918 -0.84944457 -0.005090832 -0.52765335 -14.351191
-0.53254975 0.033135188 0.84574982 68.27766 0.011405176 0.99942362 -0.031974307 -1.0818812 -0.84632189 -0.0073819833 -0.53262072 -14.866497
-0.53644005 0.033427174 0.84327613 69.107532 0.010184845 0.99939893 -0.033136858 -1.1403729 -0.84387701 -0.0091873001 -0.53645806 -15.37125
-0.5399647 0.032802251 0.8410482 69.926124 0.010333692 0.99942335 -0.032344763 -1.1892919 -0.84162426 -0.008773897 -0.5399923 -15.898755
-0.54254054 0.026028312 0.83962625 70.743436 0.012113531 0.99965834 -0.023161897 -1.237105 -0.83994231 -0.0023954286 -0.54267047 -16.423892
-0.5442391 0.018431821 0.83872761 71.580223 0.013313849 0.99982247 -0.013332852 -1.2707386 -0.83882453 0.0039104343 -0.54438789 -16.968188
-0.54611565 0.0152568 0.83757081 72.399934 0.013077502 0.99986757 -0.0096862857 -1.3078994 -0.83760775 0.005663503 -0.54624285 -17.49572
-0.54823909 0.020899873 0.83606043 73.203629 0.013262743 0.99977925 -0.016295598 -1.3463828 -0.83621652 0.002154572 -0.54839526 -17.997516
-0.54862963 0.025381661 0.83568011 73.988936 0.013394768 0.99967763 -0.021568912 -1.3907254 -0.83595823 -0.00063960203 -0.54879275 -18.529252
-0.5487284 0.031141851 0.83542041 74.793087 0.020060311 0.99950869 -0.02408235 -1.4228326 -0.83576 0.0035441244 -0.54908352 -19.061107
-0.5489023 0.03183275 0.83528012 75.586852 0.02320546 0.99946977 -0.022840649 -1.4690611 -0.83556438 0.0068457754 -0.54934995 -19.584043
-0.54842214 0.028571589 0.83571332 76.387342 0.022349261 0.9995599 -0.01950691 -1.5151417 -0.83590294 0.0079795546 -0.54881934 -20.11011
-0.5478091 0.023737472 0.8362665 77.178353 0.020749533 0.9996754 -0.014783544 -1.5405999 -0.83634604 0.0092535799 -0.54812383 -20.630156
-0.54691283 0.018296748 0.83698956 77.981432 0.019627606 0.99976658 -0.0090298466 -1.5720506 -0.83695948 0.011489563 -0.54714429 -21.141389
-0.54659564 0.01150773 0.83731757 78.785 0.010613451 0.99992046 -0.006814078 -1.6075984 -0.83732946 0.0051622844 -0.5466743 -21.639228
-0.54517424 0.006005649 0.83830121 79.579193 0.001750154 0.99998031 -0.0060257466 -1.6287987 -0.83832097 -0.0018179249 -0.54517402 -22.138942
-0.54343414 0.0066071263 0.83942577 80.379979 0.0049529253 0.99997686 -0.0046643595 -1.6528557 -0.83943723 0.0016228418 -0.54345428 -22.650534
-0.54132625 0.0099438688 0.8407538 81.17183 0.010426859 0.99993257 -0.0051131078 -1.6847689 -0.84074802 0.0059985628 -0.54139343 -23.15661
-0.53529007 0.012525443 0.84457539 81.95128 0.01062926 0.99991076 -0.0080923349 -1.7140408 -0.84460145 0.0046454655 -0.53537544 -23.648884
-0.5270558 0.015221061 0.84969432 82.735944 0.016319735 0.9998365 -0.0077876951 -1.7361867 -0.849674 0.0097622372 -0.52721803 -24.143749
-0.5195937 0.017829904 0.85422738 83.538971 0.024014175 0.99969202 -0.0062592211 -1.7709197 -0.85407597 0.017261315 -0.51986185 -24.637586
-0.50935658 0.017629764 0.86037492 84.343948 0.022445355 0.99972217 -0.0071970674 -1.7934961 -0.86026284 0.015645548 -0.50961077 -25.11095
-0.49866073 0.014582362 0.86667455 85.162717 0.018351588 0.99981198 -0.0062634859 -1.8217174 -0.866603 0.0127815 -0.49883458 -25.566345
-0.48707972 0.011733821 0.87327865 85.970801 0.019824797 0.99980065 -0.0023763602 -1.8404481 -0.87313252 0.016155096 -0.48721524 -26.011387
-0.47569999 0.010574735 0.87954399 86.800708 0.019441521 0.99980986 -0.0015057722 -1.8671214 -0.87939275 0.016383378 -0.47581513 -26.445205
-0.46424302 0.0093730865 0.88565823 87.624873 0.018609216 0.99982649 -0.00082679846 -1.8881349 -0.88551238 0.016097571 -0.4643369 -26.873836
-0.45216119 0.011406805 0.89186326 88.43799 0.022555814 0.99974467 -0.0013511361 -1.9051107 -0.89165103 0.019505772 -0.45230303 -27.274047
-0.43970941 0.014370873 0.89802508 89.272877 0.021865194 0.99974692 -0.0052926181 -1.9358156 -0.89787394 0.017308279 -0.43991235 -27.671811
-0.42879604 0.024076878 0.90308039 90.105526 0.024097589 0.99959393 -0.015208114 -1.9621128 -0.90307992 0.015240882 -0.42920211 -28.064163
-0.41591702 0.029428944 0.90892623 90.929664 0.024827023 0.99947117 -0.020999942 -1.9900267 -0.90906365 0.0138317 -0.41642771 -28.434448
-0.40447141 0.025137982 0.91420506 91.774654 0.021063018 0.99961307 -0.018167549 -2.0250851 -0.9143081 0.011907665 -0.40484439 -28.801881
-0.39204341 0.022056555 0.91968223 92.613838 0.023803338 0.99962104 -0.013826791 -2.0564721 -0.91963875 0.016470806 -0.39241986 -29.145832
-0.38259096 0.022236237 0.92365017 93.453575 0.019951191 0.99967606 -0.015802398 -2.0962107 -0.92370243 0.012382067 -0.38291066 -29.481212
-0.37586188 0.026612479 0.92629345 94.307694 0.015196394 0.99963014 -0.02255321 -2.1340097 -0.92655113 0.0055994291 -0.37612728 -29.813951
-0.37001309 0.031278713 0.9284998 95.148912 0.0073472979 0.99950033 -0.030742587 -2.1721035 -0.92899753 -0.0045531942 -0.37005802 -30.133723
-0.36650615 0.033412936 0.92981544 96.004486 0.004450051 0.99940648 -0.034159609 -2.2204769 -0.93040503 -0.0083819799 -0.36643731 -30.46153
-0.36317033 0.033229236 0.93112999 96.85027 0.0037892327 0.99940824 -0.034187958 -2.2655976 -0.9317151 -0.0088877832 -0.36308133 -30.785589
-0.35778443 0.032895459 0.93322458 97.706253 0.0022324482 0.9994066 -0.034372436 -2.3163968 -0.93380158 -0.010214546 -0.35764556 -31.103035
-0.35270634 0.02931491 0.93527472 98.534004 0.0009499542 0.99951985 -0.030970343 -2.3595578 -0.93573362 -0.010034968 -0.35256484 -31.409124
-0.34717044 0.025521995 0.93745466 99.388307 0.0012384694 0.99964122 -0.026756363 -2.4040924 -0.93780127 -0.0081280087 -0.34707749 -31.718729
-0.34140428 0.021812738 0.93966337 100.24896 -0.0021896285 0.99970951 -0.024002157 -2.4511525 -0.93991404 -0.010251952 -0.34125735 -32.017358
-0.3358141 0.021016027 0.94169376 101.08608 -0.0056566089 0.99968804 -0.024327483 -2.4934942 -0.94191134 -0.013496304 -0.33559046 -32.295431
-0.32939015 0.020560557 0.94396998 101.9478 -0.017253443 0.99946488 -0.027789726 -2.5284278 -0.94403629 -0.025440394 -0.32885915 -32.579548
-0.32274039 0.024071488 0.94618134 102.7829 -0.014975066 0.99942155 -0.030533915 -2.5781588 -0.94636909 -0.024023656 -0.32219323 -32.856098
-0.31578843 0.028080931 0.94841397 103.64371 -0.012795507 0.99934503 -0.033849365 -2.6204053 -0.94874339 -0.022824675 -0.31522229 -33.137768
-0.3091939 0.026346792 0.95063395 104.49847 -0.014011046 0.99938146 -0.032254922 -2.6650409 -0.95089584 -0.0232924 -0.3086335 -33.41029
-0.30226219 0.021291116 0.95298698 105.35403 -0.01453698 0.9995313 -0.026941727 -2.7053736 -0.95311401 -0.021997017 -0.30181101 -33.668285
-0.29514049 0.01905399 0.95526382 106.20605 -0.013379935 0.99962067 -0.024072639 -2.7440419 -0.95536022 -0.019886178 -0.2947736 -33.908901
-0.2888372 0.02153181 0.95713603 107.05676 -0.017185464 0.99946937 -0.02767024 -2.7914276 -0.95722401 -0.024441021 -0.2883139 -34.164647
-0.28217036 0.024183051 0.95905943 107.92268 -0.017932928 0.99937462 -0.030475762 -2.8387034 -0.95919673 -0.0257981 -0.28156023 -34.416023
-0.27534474 0.025314593 0.96101216 108.77874 -0.018639705 0.99932474 -0.031664367 -2.872692 -0.96116487 -0.0266316 -0.27468696 -34.646016
-0.26815644 0.024391504 0.96306651 109.6516 -0.019209586 0.99934529 -0.030659053 -2.9215781 -0.96318388 -0.026721531 -0.26751233 -34.885866
-0.26053874 0.024320678 0.96515698 110.49946 -0.015711875 0.99944347 -0.029425984 -2.9638628 -0.96533558 -0.022831034 -0.26001162 -35.105881
-0.25296915 0.025318344 0.96714296 111.36231 -0.011973932 0.99949902 -0.029297317 -3.0115454 -0.96740028 -0.018991822 -0.25253926 -35.324303
-0.24622232 0.026070298 0.96886265 112.24026 -0.0097783728 0.99952048 -0.029380272 -3.0539615 -0.96916409 -0.016707978 -0.24584933 -35.553855
-0.23938582 0.02502759 0.97060186 113.09899 -0.016129731 0.99942725 -0.02974905 -3.0939121 -0.97079057 -0.022777047 -0.23884503 -35.74064
-0.23319862 0.022846772 0.97216066 113.96472 -0.021498627 0.99935849 -0.028642965 -3.1397278 -0.97219149 -0.027579619 -0.23255785 -35.939333
-0.22869856 0.023167384 0.97322154 114.8583 -0.018185891 0.99944066 -0.028065049 -3.1790087 -0.97332745 -0.024117336 -0.22814932 -36.148742
-0.22425401 0.023408188 0.97424951 115.70261 -0.016183191 0.99948418 -0.027739565 -3.223995 -0.97439639 -0.021987174 -0.22375952 -36.334172
-0.21962955 0.024958654 0.97526399 116.59117 -0.01583148 0.99944988 -0.029142861 -3.2644918 -0.97545492 -0.021840506 -0.21911359 -36.526227
-0.21383544 0.023999496 0.9765748 117.44523 -0.009962925 0.99959259 -0.02674669 -3.3027664 -0.97681893 -0.015448931 -0.21350922 -36.711778
-0.20869279 0.0227513 0.97771653 118.31362 -0.0024583104 0.99971401 -0.0237879 -3.3430855 -0.9779782 -0.0073678933 -0.20857718 -36.902103
-0.20351502 0.021829473 0.9788284 119.2035 0.00034552982 0.99975295 -0.022224281 -3.3873549 -0.9790718 -0.0041847599 -0.20347229 -37.090459
-0.19962726 0.02317788 0.9795977 120.05733 -0.0017066741 0.99971046 -0.024001553 -3.4241036 -0.97987046 -0.0064632177 -0.19952991 -37.255794
-0.1959885 0.025484721 0.98027494 120.92914 -0.0030849903 0.99964126 -0.026604985 -3.4606498 -0.98060138 -0.008238409 -0.19583957 -37.418998
-0.19395647 0.024331448 0.98070831 121.81845 -0.0065466882 0.99963801 -0.026095844 -3.504055 -0.98098833 -0.011481849 -0.19372697 -37.587099
-0.19350866 0.023218714 0.98082374 122.66659 -0.0072876588 0.99965832 -0.025102374 -3.5455019 -0.98107154 -0.012005435 -0.19327333 -37.743678
-0.19224705 0.019250612 0.98115769 123.55696 -0.0057062975 0.99976875 -0.020733852 -3.5791643 -0.98133001 -0.0095847989 -0.19209274 -37.913822
-0.19138582 0.014002961 0.98141495 124.40714 -0.0049442598 0.99987179 -0.015230485 -3.6139286 -0.98150247 -0.0077672687 -0.19129205 -38.070355
-0.19071583 0.011597306 0.98157674 125.27429 -0.0036375984 0.999915 -0.012520739 -3.6482748 -0.98163859 -0.0059584843 -0.19065743 -38.233722
-0.18937804 0.016077412 0.98177258 126.14697 -0.0060296101 0.99982805 -0.017536161 -3.6843371 -0.98188578 -0.0092406689 -0.18924854 -38.393088
-0.18925661 0.019845535 0.98172705 126.97989 -0.0063698683 0.99974989 -0.021437843 -3.7193423 -0.98190704 -0.010310725 -0.18908286 -38.551448
-0.18909475 0.018914434 0.98177662 127.83274 -0.0097948273 0.9997284 -0.021146813 -3.7502539 -0.98191004 -0.013615083 -0.18885813 -38.706055
-0.18871156 0.018158099 0.98186463 128.69766 -0.011126605 0.99972533 -0.020626905 -3.7896791 -0.98196957 -0.014817354 -0.18845768 -38.864009
-0.18780088 0.018311104 0.98203638 129.53471 -0.0059158514 0.99978698 -0.019773406 -3.8284692 -0.98218935 -0.0095230437 -0.18765255 -39.028139
-0.1875499 0.020945009 0.9820317 130.38769 -0.0078279385 0.99970901 -0.022817025 -3.8672698 -0.98222393 -0.011966614 -0.18733137 -39.182654
-0.18743963 0.022408206 0.98202046 131.21288 -0.017261119 0.99951025 -0.026101949 -3.8946039 -0.98212449 -0.021843311 -0.18696105 -39.320802
-0.18696364 0.023698268 0.98208091 132.04733 -0.021424301 0.99937285 -0.028194184 -3.9329984 -0.98213323 -0.026311684 -0.18633867 -39.463524
-0.1871692 0.027104333 0.98195365 132.88406 -0.021988598 0.99925321 -0.031773066 -3.9810648 -0.9820816 -0.027538723 -0.18643343 -39.61516
-0.1862546 0.027910814 0.98210495 133.71794 -0.018620605 0.9993166 -0.031931324 -4.0265497 -0.98232509 -0.024234744 -0.1856076 -39.767945
-0.18489518 0.029395677 0.98231847 134.53036 -0.018255409 0.99927736 -0.033339259 -4.0671446 -0.98258872 -0.024096894 -0.18422494 -39.914071
-0.18277229 0.028523203 0.98274139 135.35042 -0.013777349 0.99940661 -0.031569234 -4.1075431 -0.98305878 -0.019309551 -0.18227086 -40.069802
-0.17981115 0.025528193 0.98336981 136.16954 -0.0060270479 0.99961586 -0.027051995 -4.1543527 -0.98368273 -0.010791067 -0.17958822 -40.221298
-0.17736991 0.021334089 0.98391295 136.98239 0.0024779412 0.99977152 -0.021231249 -4.1866987 -0.98414118 -0.0013277053 -0.17738225 -40.380031
-0.17344885 0.021004447 0.98461882 137.80142 0.0053781491 0.99977783 -0.02038042 -4.2199837 -0.98482824 0.0017604673 -0.17352328 -40.514737
-0.1687127 0.025046215 0.98534696 138.60316 0.00090232736 0.99968061 -0.025256058 -4.2688925 -0.9856649 -0.0033719114 -0.16868141 -40.648979
-0.16221038 0.028656756 0.98633995 139.40653 0.003347407 0.99958844 -0.028491167 -4.3041987 -0.98675056 -0.001319881 -0.16223955 -40.776554
-0.1544315 0.028782131 0.98758413 140.20947 -0.0021100627 0.9995637 -0.029461218 -4.3487109 -0.98800129 -0.0066336038 -0.15430339 -40.890322
-0.14418707 0.025542336 0.9892207 141.00213 0.00786488 0.99966482 -0.024665638 -4.3727946 -0.98951923 0.0042236369 -0.14433963 -41.007492
-0.13209739 0.024373938 0.99093698 141.81482 0.017912133 0.9995931 -0.022199064 -4.4121562 -0.99107493 0.014817358 -0.13248023 -41.11413
-0.11874946 0.026118262 0.99258064 142.60497 0.015047781 0.99958651 -0.024502337 -4.4518265 -0.99281026 0.012026498 -0.11909338 -41.205662
-0.10450971 0.027323594 0.99414841 143.38786 0.013296792 0.99957156 -0.026074821 -4.4887678 -0.99443501 0.010493914 -0.10482825 -41.280977
-0.090963397 0.027324348 0.99547926 144.16819 0.016206592 0.99953174 -0.025954679 -4.5227447 -0.9957224 0.013772402 -0.091363639 -41.343903
-0.077121678 0.02874878 0.99660708 144.9654 0.019702339 0.99943295 -0.027305645 -4.562342 -0.99682704 0.017529635 -0.077644366 -41.402572
-0.062940464 0.034825378 0.99740945 145.75422 0.01794096 0.99926899 -0.033758159 -4.6091423 -0.99785605 0.01576973 -0.063519256 -41.443635
-0.050585647 0.043831026 0.99775741 146.50368 0.0091427499 0.99901495 -0.043422736 -4.6520837 -0.99867792 0.0069256802 -0.050936555 -41.462425
-0.037051686 0.052457038 0.99793554 147.25486 0.00188986 0.99862318 -0.052423015 -4.6981716 -0.99931161 -5.6401799e-05 -0.03709981 -41.469198
-0.023210502 0.053592888 0.99829304 148.0418 0.0020116352 0.99856258 -0.053560585 -4.7475554 -0.99972862 0.00076503425 -0.023284949 -41.486283
-0.011940833 0.049541353 0.99870065 148.79961 0.001563808 0.9987716 -0.049526174 -4.7964808 -0.99992753 0.00097039317 -0.012003639 -41.471328
-0.00048335459 0.046839269 0.99890228 149.57823 0.0022066272 0.99890006 -0.046838096 -4.8519166 -0.99999749 0.0021815665 -0.00058618127 -41.467376
0.0083436644 0.052765422 0.99857203 150.31402 -0.0038040928 0.99860129 -0.052735181 -4.9150391 -0.999958 -0.0033586552 0.008532717 -41.440324
0.014467899 0.06135872 0.99801087 151.05565 -0.011504641 0.99805953 -0.06119493 -4.965681 -0.99982919 -0.010596395 0.015145733 -41.409942
0.018258436 0.064669452 0.99773965 151.83952 -0.017242317 0.99777801 -0.064356406 -5.019203 -0.99968466 -0.016028296 0.019332915 -41.391791
0.017771409 0.060487671 0.99801069 152.58555 -0.019025803 0.99800809 -0.060148722 -5.0743897 -0.99966108 -0.017919027 0.018886835 -41.366524
0.016536007 0.054832774 0.99835857 153.32512 -0.013174858 0.9984204 -0.05461795 -5.144523 -0.99977651 -0.012250069 0.017232299 -41.352639
0.013571524 0.052496266 0.99852885 154.08738 -0.013466989 0.99853989 -0.052313807 -5.1940484 -0.99981725 -0.012737199 0.014258673 -41.338487
0.010354707 0.052572473 0.99856338 154.84094 -0.012913006 0.99854072 -0.052437375 -5.2445067 -0.99986305 -0.012351481 0.011018464 -41.322259
0.0067613888 0.052961196 0.99857364 155.58369 -0.01266582 0.99852094 -0.052872639 -5.301388 -0.99989697 -0.012290261 0.0074221837 -41.31683
0.0023007371 0.050980475 0.99869696 156.32584 -0.010940942 0.99864115 -0.050952419 -5.3541125 -0.99993754 -0.010809457 0.0028553836 -41.311795
-0.0028029459 0.051426534 0.9986728 157.06674 -0.014130037 0.99857503 -0.051461155 -5.4057545 -0.99989628 -0.014255526 -0.0020722944 -41.31145
-0.0089284374 0.049671357 0.99872567 157.81067 -0.013099124 0.99867401 -0.04978589 -5.4517081 -0.99987438 -0.013526941 -0.0082659486 -41.310088
-0.014434749 0.046710329 0.99880413 158.5544 -0.0098573502 0.99885306 -0.046855074 -5.5036918 -0.99984727 -0.010521903 -0.013957755 -41.319657
-0.020001046 0.046819782 0.99870305 159.28413 -0.013229048 0.99880307 -0.047089408 -5.553943 -0.99971248 -0.014153727 -0.019357727 -41.331174
-0.025356551 0.047920594 0.99852921 160.00421 -0.01195511 0.99876444 -0.048235468 -5.6012234 -0.99960703 -0.013160611 -0.024752327 -41.347022
-0.029600599 0.050227342 0.99829902 160.7272 -0.015854205 0.99858747 -0.050711946 -5.6546701 -0.99943611 -0.01732834 -0.028762475 -41.359765
-0.031982524 0.052229871 0.99812278 161.43606 -0.013480926 0.99852031 -0.052682636 -5.7041057 -0.99939755 -0.015140542 -0.031231094 -41.379521
-0.033815565 0.053970359 0.99796975 162.14924 -0.013128598 0.99843072 -0.05444014 -5.7601536 -0.9993419 -0.014942868 -0.033053946 -41.402892
-0.032324132 0.052217277 0.99811243 162.88765 -0.0075047318 0.99859349 -0.052485485 -5.8084426 -0.99944931 -0.0091871132 -0.031886792 -41.430764
-0.028852603 0.048438069 0.99840933 163.58875 -0.0037305183 0.99881304 -0.04856546 -5.8537327 -0.99957676 -0.0051258235 -0.028637659 -41.451746
-0.021619038 0.047895269 0.99861833 164.29876 -0.00220496 0.99884711 -0.047953975 -5.9055981 -0.99976389 -0.0032386315 -0.021488508 -41.462759
-0.010864667 0.049163842 0.99873159 164.99059 -0.00075343943 0.9987899 -0.049174906 -5.9579582 -0.99994074 -0.0012867519 -0.010814479 -41.462121
0.0033435159 0.049297126 0.99877852 165.68006 0.0010126899 0.99878346 -0.049300759 -6.0091333 -0.99999394 0.0011762917 0.0032895242 -41.453069
0.018923899 0.047177479 0.99870721 166.36534 0.00027868809 0.99888584 -0.047191196 -6.0523638 -0.99982093 0.0011713701 0.018889666 -41.430995
0.034714396 0.042239628 0.9985042 167.06759 -0.0033146863 0.9991058 -0.042149836 -6.0916807 -0.99939182 -0.0018465213 0.034823364 -41.381441
0.051533974 0.035988589 0.99802254 167.73648 -0.0055069983 0.99934552 -0.035751934 -6.1328541 -0.9986561 -0.0036536684 0.051698434 -41.337435
0.068362501 0.028676284 0.99724829 168.41039 -0.0067264878 0.99957735 -0.028282147 -6.1748197 -0.99763791 -0.0047745394 0.068526496 -41.280537
0.085931349 0.0208577 0.99608267 169.10237 -0.0060173846 0.99977347 -0.020415868 -6.2041845 -0.99628293 -0.0042394486 0.08603739 -41.206438
0.10329481 0.014721275 0.9945418 169.75094 -0.0067775232 0.99987767 -0.014096331 -6.2340375 -0.99462774 -0.0052844515 0.10338194 -41.124769
0.12089037 0.012309497 0.9925895 170.42057 -0.0089912997 0.99989567 -0.011305027 -6.2664826 -0.99262519 -0.007558 0.12098844 -41.028905
0.13932844 0.011275081 0.99018199 171.05328 -0.0078180339 0.99991654 -0.010285852 -6.2837872 -0.9902154 -0.006308164 0.13940496 -40.925198
0.15708711 0.010587792 0.98752795 171.70219 -0.0083924213 0.99992074 -0.0093856698 -6.3025591 -0.98754913 -0.0068133821 0.15716352 -40.809373
0.17294687 0.010302948 0.98487722 172.34226 -0.014036102 0.99986953 -0.0079950099 -6.3186127 -0.98483118 -0.012441124 0.17306892 -40.678312
0.18752479 0.0066640911 0.98223722 172.95869 -0.017250219 0.99984511 -0.0034902106 -6.3372132 -0.98210843 -0.016289306 0.1876107 -40.540465
0.19968704 0.0024544278 0.97985661 173.59139 -0.012216385 0.99992538 -1.5094452e-05 -6.3536395 -0.97978361 -0.011967291 0.19970212 -40.402735
0.21075305 0.00092201722 0.97753886 174.21369 -0.010573156 0.99994321 0.001336377 -6.3735629 -0.9774822 -0.010617316 0.21075083 -40.268044
0.22049772 0.0043152633 0.9753779 174.81498 -0.014135861 0.99989933 -0.0012281428 -6.3918419 -0.97528509 -0.013517003 0.22053652 -40.115385
0.22919371 0.011287262 0.97331535 175.41976 -0.016681862 0.99983146 -0.0076665613 -6.4092161 -0.97323792 -0.014479584 0.22934337 -39.961549
0.2388081 0.02154572 0.97082769 176.00153 -0.017952488 0.99968092 -0.017770038 -6.4261646 -0.97090086 -0.013185143 0.2391187 -39.800103
0.24683221 0.028420887 0.96864133 176.58359 -0.01405048 0.99956972 -0.025747968 -6.4421403 -0.96895641 -0.0072544474 0.24712533 -39.651983
0.25312715 0.026893934 0.96705909 177.1958 -0.013783478 0.99961232 -0.024191422 -6.4590718 -0.96733487 -0.007205931 0.25339971 -39.490195
0.25909872 0.01941857 0.96565558 177.78866 -0.015511373 0.99975259 -0.015942318 -6.4755448 -0.96572632 -0.01084801 0.25933582 -39.313894
0.26358802 0.0086674919 0.96459637 178.40189 -0.019709771 0.99979927 -0.0035978699 -6.5013909 -0.96443401 -0.018063618 0.26370594 -39.131359
0.26571655 -0.00079650727 0.96405083 179.0071 -0.017919983 0.9998228 0.0057652584 -6.5245744 -0.96388468 -0.018807698 0.26565519 -38.960519
0.26641742 -0.0019242779 0.96385579 179.6194 -0.014716558 0.99987332 0.0060639587 -6.5418244 -0.96374543 -0.015800183 0.26635535 -38.794213
0.26742649 0.0014697121 0.9635771 180.22158 -0.013588122 0.99990515 0.0022460592 -6.5447287 -0.96348249 -0.013693858 0.26742109 -38.631244
0.26905339 0.00091459726 0.96312479 180.82375 -0.010118649 0.99994704 0.0018771278 -6.5549934 -0.96307215 -0.010250569 0.26904839 -38.462205
0.27135218 -0.0007085872 0.96247982 181.43353 -0.011156876 0.99993023 0.0038816196 -6.5522676 -0.9624155 -0.011791553 0.27132534 -38.282319
0.27331788 -0.0049700266 0.96191089 182.05635 -0.011576561 0.99989724 0.0084556659 -6.5691103 -0.96185415 -0.013446704 0.27323226 -38.104255
0.27681888 -0.01057444 0.96086389 182.66796 -0.0095514274 0.99985977 0.013755302 -6.5768127 -0.96087468 -0.012985348 0.27667906 -37.917495
0.28106808 -0.013696721 0.95959005 183.28658 -0.008782234 0.99981957 0.016843292 -6.5835208 -0.95964769 -0.013161456 0.28089708 -37.733563
0.28717683 -0.01491584 0.95776141 183.889 -0.0077647237 0.99980965 0.017898873 -6.5799015 -0.95784615 -0.012576894 0.28700635 -37.546113
0.29504887 -0.018113427 0.95531041 184.52846 -0.0064375531 0.99975991 0.020944471 -6.5799433 -0.95546052 -0.012329503 0.29486143 -37.346921
0.30435891 -0.020569351 0.95233528 185.12958 -0.0037549742 0.99973315 0.022793151 -6.5844251 -0.95255007 -0.010513292 0.30420045 -37.146809
0.31570221 -0.018924935 0.94866953 185.76134 -0.0044246587 0.99976085 0.021416608 -6.5860878 -0.94884805 -0.010958809 0.31554297 -36.926437
0.32728187 -0.015194579 0.94480455 186.37256 -0.0052968034 0.9998255 0.017914262 -6.5849095 -0.94491195 -0.010867456 0.32714427 -36.697704
0.33871003 -0.011022766 0.9408262 186.9825 -0.0076481749 0.99986608 0.014467925 -6.583631 -0.94085976 -0.012096034 0.33858036 -36.466434
0.35035551 -0.010253633 0.93656062 187.6089 -0.0072158132 0.99988085 0.013646219 -6.5796618 -0.93658904 -0.011539074 0.35023978 -36.223311
0.36185696 -0.013659815 0.93213351 188.23665 -0.0057775686 0.99984058 0.016894887 -6.5850214 -0.93221577 -0.011498997 0.36172035 -35.967894
0.3724822 -0.015586697 0.9279084 188.84411 -0.0056373207 0.9998025 0.019057291 -6.584132 -0.92802225 -0.012329418 0.37232077 -35.708179
0.38406998 -0.015914507 0.92316678 189.48213 -0.0080493616 0.99975573 0.020583645 -6.5869493 -0.92326894 -0.015336463 0.38384806 -35.433181
0.39371637 -0.017440536 0.91906647 190.09109 -0.010320598 0.99967311 0.023391369 -6.5780317 -0.91917407 -0.01869488 0.39340767 -35.149104
0.40034741 -0.015635025 0.91623001 190.7368 -0.015608762 0.99959302 0.023877836 -6.5753036 -0.91623053 -0.023860646 0.39994043 -34.864348
0.40530114 -0.018246488 0.91400108 191.37638 -0.015523861 0.99951926 0.026837555 -6.5674725 -0.91405146 -0.025066117 0.40482304 -34.56419
0.40704065 -0.023272413 0.91311348 192.01583 -0.010790669 0.99948309 0.030283885 -6.5621006 -0.91334634 -0.022179877 0.40657912 -34.273
0.40755884 -0.021454044 0.91292686 192.67354 -0.0086418653 0.9995886 0.027348616 -6.555522 -0.9131381 -0.019035561 0.40720576 -33.98636
0.40646892 -0.021441952 0.91341293 193.33513 -0.0062585979 0.99963579 0.026251071 -6.5488416 -0.91364321 -0.016386928 0.40618668 -33.694943
0.40529236 -0.020261408 0.91396253 193.99942 -0.0035147362 0.99971244 0.023720969 -6.5455656 -0.91418041 -0.012826264 0.4051046 -33.405358
0.40541999 -0.021662994 0.91387377 194.67682 -0.00036160747 0.99971529 0.02385825 -6.53588 -0.9141305 -0.010003075 0.40529673 -33.094609
0.40424539 -0.027741436 0.91422973 195.3635 0.0031972829 0.99957669 0.028917465 -6.5285912 -0.91464502 -0.0087667001 0.40416296 -32.811015
0.40369462 -0.030878753 0.91437251 196.04819 0.0037318461 0.99947753 0.03210518 -6.5213365 -0.91488622 -0.0095483903 0.40359894 -32.50213
0.40213637 -0.033254084 0.91497565 196.72997 0.0047303558 0.99940232 0.034243491 -6.5092099 -0.9155676 -0.0094423923 0.40205332 -32.197238
0.39996284 -0.033688919 0.91591196 197.42247 0.0039828341 0.99937868 0.035019744 -6.4985374 -0.91652274 -0.01035867 0.39984851 -31.88958
0.39905957 -0.033854672 0.91629976 198.10153 0.0026820143 0.99935697 0.035755351 -6.4857576 -0.91692112 -0.011810985 0.39889377 -31.586058
0.39731421 -0.033038292 0.91708769 198.78856 0.002100499 0.99938185 0.035092948 -6.4788359 -0.91768027 -0.012016584 0.397138 -31.282188
0.39622345 -0.029706995 0.91767336 199.47414 0.0030754778 0.99951377 0.031028442 -6.4715961 -0.918149 -0.0094719115 0.39612216 -30.972261
0.39533499 -0.023771011 0.91822934 200.16509 0.0018353601 0.99968352 0.025089491 -6.4734008 -0.91853522 -0.0082334714 0.3952535 -30.686487
0.39390427 -0.020595739 0.91892065 200.8468 -0.00015316913 0.99974744 0.022472964 -6.4578311 -0.9191515 -0.0089929463 0.39380163 -30.390933
0.3929174 -0.02314799 0.91928234 201.54943 -0.00096177695 0.99967223 0.025583328 -6.450634 -0.91957331 -0.010936279 0.39276635 -30.087722
0.39152065 -0.026358975 0.91979167 202.22909 -0.0020086983 0.99956276 0.029500046 -6.4432306 -0.92016717 -0.01339746 0.39129651 -29.774403
0.38881402 -0.026202314 0.92094355 202.90847 -0.0059294072 0.99950363 0.030940815 -6.4456598 -0.92129722 -0.017490871 0.38846565 -29.485762
0.38444953 -0.025875717 0.92278325 203.60282 -0.0091011487 0.99945226 0.031817305 -6.4379864 -0.92310119 -0.020630535 0.38400345 -29.202946
0.37751249 -0.02691281 0.92561328 204.2857 -0.0093522371 0.99941578 0.032872987 -6.4307481 -0.9259573 -0.021066517 0.37704024 -28.914131
0.36888023 -0.027229843 0.92907795 204.98529 -0.0088629186 0.99942229 0.032810452 -6.416186 -0.92943472 -0.020337469 0.36842578 -28.636495
