1 0 0 0 0 1 0 0 0 0 1 0
0.99983103 0.00063362264 0.018371619 -0.021285132 -0.00062879797 0.99999977 -0.00026839256 -0.0031127368 -0.018371787 0.00025679519 0.99983119 0.076885843
0.99918162 0.0030670255 0.040332176 -0.013523643 -0.0030618873 0.99999529 -0.00018917073 0.0039709261 -0.04033257 6.5523365e-05 0.99918631 0.25035542
0.9979374 0.004781097 0.064016261 0.021116618 -0.0048531728 0.99998775 0.00097043974 0.0039768731 -0.064010843 -0.0012791201 0.99794838 0.39052486
0.99521848 0.004759476 0.097557842 0.10398276 -0.005126213 0.9999807 0.0035088661 0.005355992 -0.097539268 -0.0039921906 0.99522367 0.56781898
0.99083694 0.0013365623 0.13505691 0.17124214 -0.0020770838 0.99998357 0.0053422735 0.0025052111 -0.13504756 -0.0055738465 0.99082344 0.731323
0.98445466 -0.0017126381 0.17563056 0.2246027 0.00069984859 0.99998277 0.0058283674 -0.002222045 -0.17563753 -0.0056148486 0.98443889 0.9449417
0.97578925 -0.0020385929 0.21870342 0.32243403 0.00048481828 0.99997426 0.007157913 -0.0025354954 -0.2187124 -0.0068785831 0.97576512 1.1828267
0.96383201 -0.0021734299 0.26650164 0.41486921 -0.0006189781 0.99994579 0.010393568 0.0079262288 -0.2665098 -0.010182612 0.96377842 1.3937578
0.94953214 -0.005786723 0.31361635 0.56222943 0.00041878961 0.99985231 0.01718091 0.017790698 -0.31366948 -0.016182487 0.94939433 1.6249854
0.93235833 -0.015824568 0.36118903 0.62859741 0.0071177149 0.99965142 0.025423783 -0.0040121669 -0.36146548 -0.021133235 0.93214597 1.8173211
0.91165149 -0.021255051 0.41041415 0.84649736 0.0096063103 0.99949091 0.030424448 8.628298e-05 -0.41085192 -0.023793928 0.91139155 2.0604709
0.88609422 -0.023253893 0.46292145 1.031127 0.0085021486 0.99938812 0.033927916 0.0043464974 -0.4634272 -0.026127503 0.88574974 2.2844317
0.85859745 -0.025429376 0.51201929 1.2148139 0.0065427206 0.99923118 0.038655306 0.025287915 -0.51260866 -0.029839348 0.85810372 2.4925142
0.8261606 -0.03041697 0.56261305 1.439747 0.0074238057 0.99904272 0.043110619 0.02612663 -0.56338581 -0.031439565 0.82559555 2.7541472
0.78914352 -0.036334814 0.61313314 1.6926777 0.0094668084 0.99884964 0.047008297 0.026754811 -0.61413591 -0.03129188 0.7885797 2.9040001
0.75242371 -0.040886398 0.65740918 1.8851335 0.010954463 0.99871031 0.049575318 0.038086655 -0.65858834 -0.03010008 0.75190121 3.1294433
0.71160298 -0.044042064 0.70120001 2.2260159 0.011778334 0.99864086 0.050771116 0.048900401 -0.7024831 -0.02786991 0.71115455 3.3794867
0.67011638 -0.045852734 0.74083839 2.494826 0.011090165 0.99859721 0.051774734 0.061473217 -0.74217322 -0.026479077 0.66968486 3.5668436
0.62752354 -0.046461618 0.77721006 2.8611527 0.0070393396 0.99851571 0.054007669 0.092908944 -0.7785658 -0.028420038 0.62691917 3.801728
0.58688364 -0.047392731 0.80828304 3.2299011 0.0039256789 0.99844028 0.055691995 0.099774296 -0.8096618 -0.029511661 0.58615431 3.9485658
0.54743903 -0.048215141 0.83545541 3.5776332 0.0020063539 0.99841161 0.056304859 0.12394592 -0.8368432 -0.029147258 0.54666622 4.1989743
0.50842651 -0.050795815 0.85960584 4.010143 0.00094146973 0.99829082 0.058434139 0.13882602 -0.86110491 -0.028900172 0.50760534 4.4087401
0.4712312 -0.050628409 0.88055542 4.4348428 -0.002423222 0.99827311 0.058693496 0.16133081 -0.88200643 -0.029791988 0.47029475 4.6015794
0.43499888 -0.04981032 0.89905219 4.9167096 -0.0034643864 0.9983688 0.056988986 0.18204692 -0.90042437 -0.027904809 0.43411674 4.7684821
0.40000202 -0.048708723 0.91521897 5.3939566 -0.0022330918 0.99853201 0.054118698 0.20519705 -0.91651157 -0.023691356 0.39930605 4.9298768
0.3707008 -0.046991148 0.92756276 5.9191515 -6.1479002e-05 0.99871796 0.050620503 0.22692644 -0.92875238 -0.018822086 0.37022265 5.0985445
0.34574931 -0.045208074 0.9372372 6.4745371 0.00096810465 0.99885535 0.047823117 0.25400453 -0.93832646 -0.015627465 0.34539731 5.3237811
0.32571083 -0.044607659 0.94441651 7.0889227 0.0022041467 0.99891949 0.046421833 0.28235778 -0.94546691 -0.013038461 0.32545722 5.5331717
0.30902875 -0.04506058 0.94998458 7.6165096 0.0031096862 0.99891949 0.046370131 0.30559707 -0.95104765 -0.011375549 0.30883497 5.6632758
0.29825596 -0.046583232 0.95334847 8.3714738 0.0043687133 0.99886451 0.047440515 0.33318448 -0.95447597 -0.0099845097 0.2981208 5.8948706
0.28666365 -0.048441867 0.95680576 8.8772005 0.0030838058 0.99876231 0.049642151 0.34888626 -0.95802637 -0.011279997 0.28645824 6.085195
0.27683362 -0.050024954 0.95961481 9.5695398 0.0017010683 0.99866793 0.051570071 0.38704882 -0.9609164 -0.012643958 0.27654995 6.28788
0.26856605 -0.051761738 0.96186949 10.283829 0.00079491881 0.99856675 0.053514601 0.4109951 -0.96326098 -0.013607596 0.26822227 6.5133891
0.2594509 -0.053682764 0.96426309 10.950486 -4.9751139e-05 0.99845315 0.055599589 0.4389469 -0.96575634 -0.014473336 0.25904689 6.6869016
0.24724897 -0.05547777 0.96736244 11.665055 -0.00051167368 0.99835195 0.057385782 0.47363873 -0.96895189 -0.014683549 0.24681311 6.8574583
0.23587477 -0.056769137 0.97012385 12.422603 -0.001289887 0.99827307 0.058729978 0.50055355 -0.97178265 -0.015104269 0.2353942 7.0464282
0.22632423 -0.059908455 0.97220792 13.171237 -0.0020793533 0.99807482 0.061986461 0.53327093 -0.97404984 -0.016050602 0.22576395 7.2168574
0.21512526 -0.063084468 0.97454676 14.073852 -0.0043620113 0.99783941 0.065555137 0.57492766 -0.97657676 -0.018353549 0.21438528 7.3885769
0.2017172 -0.066780016 0.97716453 14.820762 -0.0046293741 0.99759678 0.069132015 0.61584853 -0.97943291 -0.018468776 0.20092328 7.5279491
0.19058104 -0.068766826 0.97925988 15.73752 -0.0052421967 0.99745791 0.071064973 0.66418647 -0.98165751 -0.018677109 0.18973608 7.7342479
0.17499896 -0.070066756 0.98207226 16.443281 -0.0060324935 0.99736953 0.072233103 0.69440531 -0.98455018 -0.018565062 0.17411596 7.8542219
0.16121242 -0.069260971 0.98448636 17.206377 -0.0067084381 0.99743447 0.071270426 0.73844613 -0.98689697 -0.018094043 0.16033419 7.9956011
0.14530693 -0.067979475 0.98704843 18.028377 -0.0087005524 0.99751039 0.069980844 0.77385208 -0.98934841 -0.018756567 0.14435371 8.1045622
0.12427352 -0.066523107 0.9900155 18.872328 -0.011378607 0.99758895 0.068460318 0.811774 -0.9921828 -0.019772802 0.12321695 8.2576798
0.097185011 -0.064973759 0.99314319 19.730167 -0.01607991 0.99763405 0.066841076 0.85534066 -0.99513647 -0.022465604 0.095910303 8.2905983
0.069913221 -0.064726867 0.9954509 20.447436 -0.019785261 0.99760644 0.066256598 0.88815862 -0.99735689 -0.024327467 0.06846524 8.3940566
0.033113024 -0.064176211 0.99738902 21.398523 -0.022559159 0.99763408 0.064940936 0.92826761 -0.99919703 -0.024650648 0.031586918 8.359756
0.00037236074 -0.063772125 0.99796437 22.154051 -0.02374564 0.99768253 0.063762974 0.96356794 -0.99971801 -0.023721045 -0.0011428136 8.3327119
-0.031237905 -0.062477903 0.99755733 23.08457 -0.025083572 0.99777911 0.061706316 0.98583251 -0.99919722 -0.023094725 -0.0327357 8.3258822
-0.064494808 -0.060942315 0.9960554 23.81746 -0.027078732 0.99787285 0.059300159 1.0214396 -0.99755062 -0.023147365 -0.06600786 8.3050635
-0.099540547 -0.057699528 0.99335913 24.641065 -0.02875958 0.99806706 0.055091107 1.0641512 -0.99461784 -0.023084792 -0.10100756 8.21094
-0.13011904 -0.053498066 0.99005399 25.455175 -0.026295995 0.99837823 0.050491887 1.0955905 -0.99114965 -0.019464498 -0.13131481 8.0909539
-0.16169018 -0.047974302 0.98567473 26.335769 -0.02167168 0.99874938 0.045055641 1.1120647 -0.98660362 -0.014076172 -0.16252765 7.924102
-0.19036073 -0.041819076 0.98082306 27.147995 -0.015745681 0.99909384 0.039542119 1.1312872 -0.98158797 -0.0079164594 -0.1908467 7.7906056
-0.22128766 -0.035951152 0.97454564 28.041215 -0.010393785 0.99935044 0.034506115 1.1380316 -0.97515323 -0.0024934393 -0.22151759 7.5061969
-0.24930365 -0.029271333 0.96798285 28.772922 -0.0018467737 0.99955565 0.029750444 1.1478643 -0.96842365 0.00562925 -0.24924693 7.2876771
-0.2765072 -0.018841492 0.96082709 29.603744 0.0045783833 0.99977061 0.020922731 1.1538052 -0.96100098 0.010184321 -0.27635751 7.048251
-0.30004193 -0.0039070874 0.95391797 30.341923 0.0084624256 0.99994136 0.0067573331 1.1430492 -0.95388852 0.010099944 -0.29999127 6.7879213
-0.32628509 0.012964849 0.94518246 31.123189 0.0087945831 0.9999043 -0.010679489 1.1168565 -0.94523054 0.0048279286 -0.32636789 6.5161219
-0.35226807 0.029680626 0.93542835 31.896048 0.0096083547 0.99955902 -0.028097096 1.0762593 -0.93584986 -0.00090978157 -0.35239791 6.2229008
-0.37619017 0.038411022 0.9257459 32.59561 0.012360341 0.99925946 -0.036438441 1.0522797 -0.92646006 -0.0022652475 -0.37638636 5.9075297
-0.40213789 0.043911962 0.91452544 33.387035 0.016140412 0.999034 -0.040872422 0.99866335 -0.91543688 -0.0016755309 -0.40245818 5.5697788
-0.42358289 0.042724491 0.9048492 34.092923 0.018703036 0.99908668 -0.038418758 0.95805778 -0.90566429 0.00064989899 -0.42399511 5.2956523
-0.44449853 0.039467374 0.89490967 34.939097 0.022726031 0.99920421 -0.032779038 0.914416 -0.89549129 0.0057675117 -0.44504174 4.8061207
-0.46260718 0.038226185 0.88573884 35.508373 0.030707912 0.99916142 -0.027082958 0.87961915 -0.88603143 0.014670421 -0.46339309 4.5018585
-0.47527885 0.039575313 0.87894468 36.32846 0.034763294 0.99905247 -0.026185442 0.83606318 -0.87914822 0.018109626 -0.47620427 4.03098
-0.48522684 0.042252998 0.87336678 36.968763 0.036223916 0.99894565 -0.028203078 0.7835437 -0.87363768 0.017951875 -0.48624581 3.6530308
-0.49740874 0.044757856 0.86636091 37.618614 0.037991849 0.99883393 -0.029789187 0.7445057 -0.86668404 0.018097252 -0.49852916 3.2766933
-0.50666866 0.044214644 0.86100631 38.361287 0.031942702 0.99896111 -0.032501903 0.69340498 -0.86154895 0.011035173 -0.50755462 2.8564072
-0.51745898 0.043134758 0.85462011 39.021431 0.030193742 0.99902716 -0.032141498 0.66336367 -0.85517519 0.0091722739 -0.51825797 2.467405
-0.5265578 0.044721281 0.84896221 39.705726 0.032242645 0.99894749 -0.032624061 0.61955586 -0.84952772 0.010194334 -0.52744553 2.0193997
-0.53410698 0.047826489 0.84406297 40.401975 0.036590148 0.99877074 -0.033439026 0.57948935 -0.84462474 0.013024373 -0.53520041 1.6192556
-0.53771008 0.050892806 0.84159238 41.11143 0.037085752 0.99863814 -0.036694859 0.53902513 -0.84231382 0.011479891 -0.5388652 1.1347765
-0.53691043 0.051831908 0.84204548 41.831303 0.036154719 0.99860756 -0.038415846 0.49277879 -0.84286422 0.00981805 -0.53803678 0.69766023
-0.53444979 0.053193432 0.84352464 42.53968 0.03894632 0.99850739 -0.038290739 0.45558829 -0.84430247 0.012387704 -0.53572376 0.24343647
-0.52925151 0.052248219 0.84685471 43.286058 0.037783864 0.99856336 -0.037994698 0.41619231 -0.84762331 0.011888693 -0.53046531 -0.2060169
-0.52064777 0.050771633 0.85226057 44.057905 0.034853657 0.99866206 -0.038201022 0.36260139 -0.85305989 0.0098151214 -0.52172075 -0.66798693
-0.51500206 0.050031583 0.85572756 44.774707 0.033293751 0.99870941 -0.038354101 0.32074173 -0.85654216 0.0087379409 -0.51600314 -1.0812297
-0.50823256 0.048759299 0.85983843 45.63027 0.030281387 0.99879038 -0.038740221 0.27246925 -0.86068738 0.0063480593 -0.5090943 -1.6041433
-0.50319948 0.046893026 0.86289702 46.473772 0.026145709 0.99889566 -0.039036793 0.2142533 -0.86377471 0.0029177613 -0.50386983 -2.0830246
-0.5015997 0.043594887 0.86400067 47.323887 0.021032987 0.9990488 -0.038198209 0.17211113 -0.86484416 -0.00098769416 -0.50203951 -2.5513006
-0.50269547 0.041281052 0.86347731 48.070186 0.018545109 0.99914426 -0.036970494 0.12285993 -0.86426466 -0.0025716181 -0.50303086 -2.977673
-0.50360487 0.03982736 0.86301556 48.942452 0.016406524 0.99919757 -0.036538153 0.067867514 -0.86377834 -0.0042417054 -0.5038542 -3.484326
-0.50508059 0.039647431 0.86216101 49.788171 0.017459943 0.99920926 -0.03572117 0.034459489 -0.8628956 -0.0029887868 -0.50537345 -3.9866627
-0.50380286 0.03853578 0.86295863 50.739391 0.016691193 0.9992522 -0.034877559 -0.024826892 -0.86365742 -0.0031676047 -0.50406933 -4.5326708
-0.50270342 0.038029744 0.86362199 51.612264 0.016952216 0.99927343 -0.034135507 -0.075934663 -0.86429275 -0.0025197294 -0.50298286 -5.0434432
-0.50518597 0.037763669 0.86218384 52.52011 0.016969936 0.99928368 -0.033825318 -0.12855041 -0.86284368 -0.0024568706 -0.50546494 -5.5190236
-0.50509337 0.036123674 0.86230836 53.387849 0.014840427 0.99933949 -0.033171441 -0.18385605 -0.86293714 -0.00395765 -0.50529584 -6.0642085
-0.50467492 0.035309695 0.86258703 54.268206 0.0144536 0.99936877 -0.032452418 -0.23410809 -0.8631885 -0.0039104328 -0.5048667 -6.5594207
-0.50348878 0.03464505 0.86330685 55.242757 0.013214658 0.99938765 -0.032399143 -0.29074472 -0.86390074 -0.0049042991 -0.50363829 -7.1037789
-0.50282644 0.033640907 0.86373248 56.131782 0.013036467 0.99942387 -0.031336605 -0.35099575 -0.86428912 -0.0044968536 -0.50297531 -7.6045776
-0.50056967 0.03121331 0.86513333 57.017104 0.013195881 0.99950879 -0.028426275 -0.40268636 -0.86559571 -0.0028131337 -0.50073567 -8.1122199
-0.49936999 0.029765985 0.86587732 57.860936 0.013762395 0.99955608 -0.026424347 -0.44898634 -0.86627956 -0.0012789797 -0.49955796 -8.6068482
-0.49646075 0.029718849 0.86755026 58.771532 0.013985974 0.9995579 -0.026237353 -0.503611 -0.86794653 -0.0008922795 -0.49665691 -9.0989753
-0.4934988 0.030035649 0.86922767 59.683768 0.014594113 0.99954879 -0.026253097 -0.5526083 -0.86962406 -0.00027026381 -0.49371447 -9.6172924
-0.49267266 0.030531638 0.86967891 60.53976 0.01457115 0.99953365 -0.026835871 -0.60228755 -0.87009275 -0.00054907726 -0.49288779 -10.081122
-0.49416231 0.031525155 0.86879785 61.466952 0.013454682 0.99949995 -0.028614933 -0.66297148 -0.86926558 -0.0024510217 -0.49433937 -10.602219
-0.49641795 0.03333199 0.86744344 62.288772 0.012117741 0.99943127 -0.031468989 -0.70521821 -0.8679991 -0.0051103151 -0.49653953 -11.093276
-0.50135492 0.033776428 0.86458217 63.224042 0.011066161 0.99940635 -0.032626513 -0.76518771 -0.86517099 -0.0067898566 -0.50143107 -11.594937
-0.50645064 0.032025081 0.861674 64.066184 0.010370829 0.99946401 -0.031050724 -0.81845064 -0.86220662 -0.0067893844 -0.50651132 -12.109464
-0.51182447 0.030023308 0.85856523 64.856927 0.014101628 0.9995481 -0.026546825 -0.86087467 -0.85897434 -0.0014801462 -0.51201656 -12.631226
-0.51730402 0.028986122 0.85531064 65.745274 0.012164501 0.99957432 -0.026517894 -0.91082177 -0.85571528 -0.0033133851 -0.51743642 -13.143364
-0.52246299 0.030815756 0.85210489 66.599609 0.013159869 0.99951911 -0.028077988 -0.96327525 -0.85256044 -0.0034561207 -0.52261728 -13.640998
-0.52792549 0.033242275 0.84863984 67.434755 0.013348778 0.99943504 -0.030845043 -1.0171787 -0.84918582 -0.0049555787 -0.52807097 -14.151198
-0.53072397 0.033268811 0.84689149 68.31779 0.011529966 0.99942024 -0.032035146 -1.0708255 -0.84746634 -0.0072371886 -0.53079986 -14.734303
-0.5354859 0.033693743 0.84387174 69.121519 0.010676151 0.99939407 -0.033128728 -1.1211101 -0.84447672 -0.0087306638 -0.53552116 -15.223727
-0.53851699 0.032330672 0.84199413 69.907386 0.010017701 0.99943865 -0.03196913 -1.1821152 -0.84255513 -0.0087810735 -0.53853858 -15.722329
-0.54180017 0.026161688 0.84010004 70.735037 0.012186278 0.99965491 -0.023271195 -1.2295365 -0.84041902 -0.0023706438 -0.54193202 -16.224091
-0.54495709 0.01841363 0.83826168 71.582314 0.013317934 0.9998228 -0.013304513 -1.2684054 -0.83835819 0.0039135262 -0.54510575 -16.767411
-0.54611039 0.01571672 0.83756574 72.440151 0.013669097 0.99985806 -0.0098495583 -1.3029617 -0.83760173 0.0060698221 -0.54624771 -17.313869
-0.54751502 0.020863755 0.83653568 73.212911 0.01357882 0.99977902 -0.016047774 -1.3356901 -0.83668571 0.0025727708 -0.54767733 -17.810978
-0.5477667 0.02557617 0.83624006 74.007752 0.013466892 0.99967266 -0.02175342 -1.3868977 -0.83652277 -0.00065424412 -0.54793183 -18.36246
-0.54836945 0.030849777 0.83566691 74.802795 0.020022094 0.99951717 -0.023759918 -1.414005 -0.83599649 0.0037025891 -0.54872236 -18.911633
-0.54854097 0.031755269 0.8355204 75.542667 0.023418488 0.99947 -0.022611582 -1.4583805 -0.83579569 0.0071632457 -0.54899391 -19.378783
-0.54720913 0.029079367 0.83649058 76.392089 0.022857895 0.99954274 -0.019794628 -1.5061303 -0.83668378 0.0082886133 -0.54762361 -19.909263
-0.54735357 0.024381711 0.8365462 77.18736 0.021685475 0.99965311 -0.01494673 -1.5215014 -0.8366205 0.0099597567 -0.54769243 -20.442202
-0.54641235 0.018348479 0.83731524 78.00646 0.019703552 0.9997649 -0.0090502356 -1.559305 -0.83728452 0.011552925 -0.54664543 -20.963409
-0.54615073 0.01192799 0.83760196 78.795013 0.010918969 0.99991504 -0.0071198175 -1.6002069 -0.83761579 0.0052572571 -0.54623457 -21.468996
-0.54501956 0.006118596 0.83840097 79.595646 0.0019535697 0.99997992 -0.0060278297 -1.61968 -0.83842109 -0.0016474096 -0.54502057 -21.964806
-0.54158934 0.0072169076 0.84061218 80.38855 0.0053432976 0.9999725 -0.0051424843 -1.648912 -0.84062625 0.0017065272 -0.54161301 -22.499072
-0.54077429 0.010367856 0.84110381 81.137577 0.010808427 0.99992713 -0.0053764831 -1.667878 -0.84109833 0.0061835461 -0.54084694 -22.937169
-0.53499961 0.013001131 0.84475223 81.893222 0.011460237 0.99990127 -0.0081309337 -1.6936582 -0.84477461 0.0053310151 -0.53509579 -23.411393
-0.52692048 0.015159263 0.84977935 82.585248 0.016399308 0.99983612 -0.0076674567 -1.7239748 -0.8497564 0.0098956545 -0.52708273 -23.856169
-0.51833828 0.018013099 0.8549859 83.39194 0.024076164 0.99968922 -0.0064654907 -1.7580483 -0.85483672 0.01723347 -0.51861088 -24.378763
-0.50956175 0.017906065 0.86024771 84.1572 0.022938541 0.99971079 -0.0072215042 -1.7774166 -0.86012831 0.016053026 -0.50982513 -24.827482
-0.4975116 0.01428018 0.86733974 85.090853 0.017678235 0.99982375 -0.0063210931 -1.805529 -0.86727721 0.01218822 -0.49767636 -25.339418
-0.48752671 0.01196489 0.87302605 85.844502 0.020259294 0.99979191 -0.0023887635 -1.8255076 -0.87287304 0.016522306 -0.48766766 -25.743979
-0.47546678 0.0101392 0.87967521 86.665264 0.018817259 0.99982202 -0.0013532414 -1.8553024 -0.87953244 0.015909656 -0.47557295 -26.185354
-0.46511565 0.0092836444 0.88520121 87.438396 0.018498279 0.9998286 -0.00076616907 -1.8752577 -0.88505667 0.016018343 -0.46520766 -26.591535
-0.45342167 0.010981103 0.89122845 88.252808 0.022000398 0.99975733 -0.0011253909 -1.8816034 -0.8910246 0.019097105 -0.45355322 -26.970151
-0.4410538 0.013734753 0.89737552 89.182411 0.021112262 0.99976498 -0.0049253422 -1.925643 -0.89723235 0.016773287 -0.44124012 -27.420116
-0.42882052 0.023647475 0.90308011 89.964418 0.023328178 0.99961385 -0.015098042 -1.9492835 -0.90308849 0.014592864 -0.42920659 -27.798282
-0.41632297 0.029356279 0.90874272 90.804904 0.024897463 0.99947191 -0.020880926 -1.9708476 -0.90887588 0.01393218 -0.41683401 -28.183566
-0.40447074 0.024242949 0.91422953 91.692422 0.019474047 0.99965025 -0.017892429 -2.0120844 -0.91434362 0.010566786 -0.40480139 -28.566521
-0.39191365 0.021124972 0.9197594 92.581236 0.02167626 0.99967084 -0.013724019 -2.0560635 -0.91974665 0.014558315 -0.39224256 -28.933874
-0.38215877 0.022188651 0.92383022 93.371622 0.019729371 0.99967973 -0.015849007 -2.0822743 -0.92388609 0.012169753 -0.38247414 -29.264151
-0.37585804 0.025916751 0.92631473 94.204773 0.013641898 0.99965526 -0.02243341 -2.1255503 -0.92657687 0.0042049148 -0.37608202 -29.567595
-0.36956254 0.031062964 0.92868646 95.073184 0.0067290154 0.99950433 -0.030753946 -2.156412 -0.92918153 -0.0051163602 -0.36958838 -29.900068
-0.36676543 0.033552267 0.92970817 95.88623 0.0047951774 0.99940433 -0.034175858 -2.1988542 -0.93030113 -0.008076407 -0.36670785 -30.229136
-0.3635385 0.032778497 0.93100228 96.721436 0.002709622 0.99941376 -0.034129054 -2.2509577 -0.93157527 -0.0098845603 -0.3634142 -30.55595
-0.35855385 0.032338031 0.93294872 97.570352 0.00091663233 0.99941152 -0.034289491 -2.3008872 -0.93350863 -0.011439457 -0.35837249 -30.873367
-0.35329899 0.029670623 0.93503979 98.352957 0.0024428955 0.99952277 -0.030793758 -2.3338843 -0.93550731 -0.0085951987 -0.35320287 -31.145578
-0.34706341 0.024385509 0.93752454 99.296786 -0.0011608859 0.99964996 -0.026431172 -2.3973644 -0.93784099 -0.010261651 -0.34691361 -31.496649
-0.34242079 0.02205462 0.93928778 100.07381 -0.0013719532 0.99971165 -0.02397353 -2.4278356 -0.93954574 -0.0094976933 -0.34229179 -31.755776
-0.33606127 0.020410356 0.94161891 100.92768 -0.0069331926 0.99968446 -0.02414341 -2.47561 -0.94181465 -0.01464209 -0.33581372 -32.044028
-0.32963066 0.019939679 0.94389934 101.84599 -0.019197179 0.99942868 -0.027816805 -2.5127075 -0.94391481 -0.027289476 -0.32905956 -32.341152
-0.32235214 0.024105538 0.94631282 102.72157 -0.014578428 0.99943074 -0.030424613 -2.5586007 -0.9465076 -0.023603192 -0.32181722 -32.638854
-0.31620905 0.027735226 0.94828398 103.55204 -0.01403717 0.99932635 -0.033908851 -2.6046616 -0.94858572 -0.024033509 -0.31560671 -32.901498
-0.30967936 0.025730628 0.9504928 104.36763 -0.015905277 0.99935374 -0.032235419 -2.6495703 -0.95070805 -0.025100495 -0.30906997 -33.165417
-0.30298003 0.021024953 0.95276491 105.20034 -0.014926023 0.99952928 -0.026803403 -2.6853784 -0.95288005 -0.022341886 -0.3025236 -33.412418
-0.29552078 0.017991545 0.95516684 106.11157 -0.016842852 0.99956913 -0.024038945 -2.7332627 -0.95518787 -0.023191741 -0.29509042 -33.676349
-0.28911218 0.020873001 0.9570676 106.94374 -0.019204931 0.99943459 -0.027598445 -2.7727045 -0.9571026 -0.026359463 -0.28854785 -33.919305
-0.28308484 0.023458762 0.95880789 107.82298 -0.020373146 0.99932818 -0.030465257 -2.826143 -0.9588785 -0.028158185 -0.28241673 -34.16466
-0.27630293 0.024718595 0.96075262 108.64923 -0.020710133 0.99928392 -0.031665969 -2.8548311 -0.96084747 -0.028646714 -0.27559315 -34.397438
-0.26895532 0.023697037 0.96286105 109.56351 -0.021123784 0.9993117 -0.030494617 -2.9050409 -0.96292102 -0.028540958 -0.26826963 -34.646702
-0.26062819 0.022957504 0.96516621 110.44994 -0.02024565 0.99936743 -0.029238038 -2.9584181 -0.96522699 -0.027160674 -0.25999853 -34.892941
-0.25334427 0.0245661 0.96706417 111.25173 -0.014440097 0.99947009 -0.029172208 -2.9961779 -0.96726844 -0.021355112 -0.25285529 -35.081425
-0.24636438 0.025304366 0.96884684 112.17536 -0.013033891 0.99948219 -0.029418837 -3.0430179 -0.96908967 -0.019875597 -0.245907 -35.327836
-0.24030794 0.024063938 0.97039834 112.99845 -0.019526418 0.99937055 -0.02961788 -3.0777764 -0.97050033 -0.026065815 -0.23968679 -35.515842
-0.23416502 0.021884473 0.97195048 113.87666 -0.024500063 0.99929627 -0.028402813 -3.1262639 -0.97188815 -0.030463793 -0.23346406 -35.702945
-0.22924116 0.022378646 0.97311233 114.79964 -0.021105737 0.99938635 -0.027954856 -3.164219 -0.97314085 -0.026946656 -0.22862817 -35.901392
-0.22476864 0.022533176 0.97415154 115.61693 -0.018597074 0.99945129 -0.027409338 -3.2017868 -0.97423472 -0.024277128 -0.22422626 -36.089141
-0.22025066 0.024192522 0.97514321 116.44934 -0.017761684 0.99942718 -0.028806727 -3.2415053 -0.97528163 -0.023664886 -0.2196948 -36.282333
-0.21451306 0.023092585 0.97644805 117.33038 -0.013225968 0.99956013 -0.026544749 -3.2863031 -0.97663161 -0.018608666 -0.21411328 -36.461808
-0.20840496 0.022004097 0.97779502 118.22667 -0.0052010629 0.99970782 -0.023605759 -3.3289518 -0.97802883 -0.01000513 -0.20822963 -36.673967
-0.20404731 0.021072061 0.97873417 119.1168 -0.0017866366 0.99975863 -0.021897194 -3.367834 -0.97895944 -0.0062167051 -0.20396041 -36.860258
-0.19943189 0.022372687 0.97965622 119.97529 -0.0047279253 0.99970573 -0.023793041 -3.4026127 -0.97990033 -0.0093768318 -0.19926742 -37.029382
-0.19670664 0.024412632 0.98015837 120.90049 -0.0078968593 0.9996181 -0.02648212 -3.448182 -0.98043063 -0.012949381 -0.19643874 -37.192278
-0.19427029 0.023346759 0.98067013 121.76576 -0.010381289 0.99961182 -0.02585423 -3.4868094 -0.98089315 -0.015203328 -0.19395251 -37.349615
-0.19367514 0.022189332 0.98081471 122.60919 -0.012046601 0.99961503 -0.024993421 -3.5309637 -0.98099179 -0.016656087 -0.19333328 -37.505459
-0.19221223 0.017651183 0.98119458 123.50546 -0.011472871 0.99972948 -0.020232106 -3.5660064 -0.98128636 -0.015145977 -0.19195773 -37.685835
-0.19186448 0.012195268 0.98134562 124.34942 -0.011272516 0.99982945 -0.014628875 -3.6032686 -0.98135673 -0.013868995 -0.19169428 -37.837938
-0.19079458 0.010515264 0.98157362 125.14604 -0.0072280063 0.99990047 -0.012116544 -3.6309882 -0.98160342 -0.0094065906 -0.19069959 -37.99113
-0.18947927 0.015107661 0.98176845 126.10147 -0.010118254 0.99979849 -0.017337911 -3.6678749 -0.98183263 -0.013218957 -0.18928823 -38.160519
-0.18861216 0.019316879 0.98186161 126.94449 -0.008562626 0.99973618 -0.021313387 -3.6999012 -0.98201437 -0.012427277 -0.188397 -38.327523
-0.18916365 0.018330249 0.98177443 127.78623 -0.01184634 0.99971039 -0.020947618 -3.7282665 -0.98187416 -0.015592961 -0.18889172 -38.485516
-0.18819967 0.017176094 0.98198054 128.702 -0.01434718 0.99969229 -0.020235576 -3.7732319 -0.98202603 -0.01789698 -0.18789533 -38.650189
-0.18821023 0.017464555 0.98197343 129.48 -0.0095284451 0.99976235 -0.019607204 -3.8105284 -0.98208258 -0.013046956 -0.18799909 -38.80306
-0.18695088 0.02029757 0.98215951 130.3592 -0.011263965 0.99967651 -0.022803639 -3.8484003 -0.98230472 -0.015326171 -0.18666178 -38.956473
-0.1874903 0.021693154 0.98202684 131.16673 -0.020786826 0.99944459 -0.026046571 -3.8712463 -0.98204653 -0.0252967 -0.18693523 -39.089549
-0.18683296 0.02285165 0.98212584 131.9999 -0.024511593 0.99930975 -0.027914394 -3.9086384 -0.9820859 -0.029288798 -0.18614387 -39.236819
-0.18661492 0.025904954 0.98209151 132.83554 -0.027029813 0.99913849 -0.031490753 -3.961892 -0.98206127 -0.032422393 -0.18575394 -39.40032
-0.1861371 0.027283968 0.98214484 133.71334 -0.020444274 0.99929038 -0.031634889 -4.0032022 -0.9823111 -0.025967665 -0.18544722 -39.551573
-0.18463091 0.028653634 0.9823901 134.54419 -0.021378358 0.99922131 -0.033162412 -4.0507258 -0.98257543 -0.027124693 -0.18387457 -39.692368
-0.18246392 0.027709282 0.98282197 135.37806 -0.017292233 0.99935775 -0.03138584 -4.0878247 -0.98306052 -0.02272197 -0.18186758 -39.850515
-0.17900957 0.024527942 0.9835415 136.18972 -0.0099322281 0.99959319 -0.02673596 -4.14127 -0.98379724 -0.01455475 -0.17869313 -40.006264
-0.17701472 0.019948306 0.98400598 136.99105 -0.0038756846 0.9997727 -0.020965141 -4.1662756 -0.98420061 -0.0075248347 -0.17689718 -40.156521
-0.17284431 0.019759793 0.98475089 137.81748 0.00086076341 0.99980139 -0.01991071 -4.2006316 -0.98494882 -0.0025938146 -0.17282699 -40.304091
-0.16890126 0.024001737 0.98534065 138.58552 -0.0032475504 0.99968448 -0.02490781 -4.2493322 -0.98562767 -0.0074069033 -0.16877002 -40.410517
-0.1616523 0.027603321 0.98646161 139.49895 -0.0010589201 0.9996033 -0.028144578 -4.2871711 -0.98684725 -0.005594219 -0.16155894 -40.556022
-0.15356358 0.027392647 0.98775897 140.26574 -0.0097814815 0.99952457 -0.029239625 -4.3335673 -0.9880904 -0.014151887 -0.15322263 -40.673236
-0.14300912 0.02466627 0.98941391 141.08091 0.0049821329 0.99969466 -0.024202456 -4.3488151 -0.98970887 0.0014682207 -0.14308834 -40.793085
-0.1313595 0.023285123 0.99106125 141.90562 0.012481516 0.99968371 -0.021833354 -4.3909638 -0.99125626 0.0095019298 -0.13160859 -40.892242
-0.11861005 0.025024943 0.99262547 142.62254 0.010551564 0.99965768 -0.02394141 -4.4301552 -0.99288489 0.0076340608 -0.1188335 -40.983234
-0.10340575 0.026319991 0.99429092 143.46401 0.0098721595 0.99962774 -0.025434562 -4.4684771 -0.9945903 0.0071857195 -0.1036271 -41.071897
-0.090303847 0.026428498 0.99556349 144.17289 0.012585668 0.99959829 -0.025394007 -4.5015321 -0.99583478 0.010236656 -0.090600193 -41.123112
-0.076583753 0.027598608 0.99668107 144.94617 0.014503623 0.99954191 -0.026563384 -4.5395585 -0.9969577 0.012421164 -0.076948952 -41.181215
-0.061988221 0.033757733 0.99750579 145.76935 0.014000921 0.99935892 -0.032950383 -4.5823881 -0.99797872 0.011923466 -0.062421122 -41.223906
-0.050222366 0.042798386 0.99782059 146.54091 0.0044657845 0.99908105 -0.042627676 -4.6300562 -0.99872812 0.0023151899 -0.050367344 -41.237807
-0.036913398 0.051481177 0.99799149 147.20581 -0.0014669047 0.99866829 -0.051570346 -4.6665018 -0.99931743 -0.0033675943 -0.036788724 -41.245248
-0.022962672 0.052584291 0.9983524 148.08715 -0.0021341087 0.99861091 -0.052646991 -4.7207379 -0.99973409 -0.0033395073 -0.022818556 -41.257769
-0.010813877 0.048269995 0.99877574 148.90375 -0.0043774971 0.99882233 -0.04831964 -4.7761665 -0.99993199 -0.0048946598 -0.010589841 -41.256828
0.00058308529 0.045531404 0.9989627 149.66038 -0.0034919352 0.99895691 -0.045529101 -4.827818 -0.99999378 -0.0034617648 0.00074146826 -41.242159
0.0090942626 0.051527231 0.99863014 150.33708 -0.010180597 0.99862449 -0.051434225 -4.8875092 -0.99990686 -0.0096988942 0.0096063298 -41.211397
0.017075031 0.060564762 0.99801817 151.24837 -0.013069552 0.99809198 -0.060345633 -4.9370408 -0.99976883 -0.012013246 0.017834004 -41.197329
0.019644495 0.063710874 0.99777499 151.92302 -0.021476885 0.99776423 -0.063287341 -4.9883105 -0.99957637 -0.02018585 0.020968884 -41.178515
0.01820622 0.059526728 0.99806063 152.55321 -0.022158659 0.99800497 -0.059119197 -5.0374647 -0.99958872 -0.021039348 0.019488929 -41.135764
0.017185771 0.053911164 0.99839779 153.23818 -0.01374601 0.99846367 -0.053678105 -5.1032003 -0.99975786 -0.012801486 0.01790043 -41.133745
0.014595627 0.051463407 0.99856818 154.11791 -0.015748416 0.99856255 -0.051232928 -5.1576142 -0.99976949 -0.01497809 0.015385112 -41.112232
0.010370241 0.051373496 0.99862562 154.78253 -0.018320927 0.99852149 -0.051177883 -5.2065724 -0.99977842 -0.01776502 0.011296117 -41.099154
0.0072363454 0.051877894 0.99862718 155.51814 -0.017780259 0.99850216 -0.051742557 -5.2618819 -0.99981577 -0.017381422 0.0081479074 -41.091772
0.0028926721 0.04976757 0.9987566 156.30483 -0.017363381 0.99861275 -0.049710111 -5.3187256 -0.9998451 -0.017197996 0.003752791 -41.083696
-0.0028980826 0.050491453 0.99872025 157.01352 -0.019067898 0.99854011 -0.050537675 -5.3651969 -0.99981403 -0.019189957 -0.0019310874 -41.082629
-0.0083026992 0.048669289 0.9987804 157.776 -0.017001297 0.99866362 -0.048804926 -5.4104996 -0.99982104 -0.017385774 -0.0074641642 -41.088816
-0.01342983 0.045620701 0.99886851 158.60571 -0.014041743 0.99885154 -0.045808716 -5.4676281 -0.99981126 -0.014641058 -0.012773813 -41.091786
-0.018321138 0.045742205 0.99878521 159.40759 -0.01580875 0.9988148 -0.046033545 -5.5202597 -0.99970721 -0.016632933 -0.017576299 -41.103892
-0.025740617 0.047000137 0.99856313 159.96318 -0.018541874 0.99869986 -0.047484537 -5.5585602 -0.99949673 -0.019737513 -0.024835682 -41.122429
-0.028962703 0.049163286 0.9983707 160.73837 -0.018232521 0.99859759 -0.049703382 -5.6094021 -0.99941424 -0.019642358 -0.028025716 -41.123717
-0.031424953 0.051409211 0.99818309 161.41094 -0.01620495 0.99851889 -0.05193667 -5.6569335 -0.99937478 -0.017807614 -0.030545328 -41.148525
-0.033219207 0.05310589 0.99803615 162.17776 -0.01821898 0.99838922 -0.053731086 -5.7216475 -0.99928206 -0.019968104 -0.032198165 -41.172431
-0.032058736 0.051247007 0.99817128 162.91576 -0.011463624 0.99860011 -0.051637205 -5.7666973 -0.99942029 -0.013098083 -0.031426382 -41.205505
-0.028558875 0.047001339 0.99848644 163.5657 -0.0038585339 0.9988813 -0.047130287 -5.8040824 -0.99958471 -0.005198681 -0.028345571 -41.219121
-0.021010692 0.046717808 0.99868709 164.30159 -0.0059285253 0.99888426 -0.046851755 -5.8636952 -0.99976172 -0.0069051288 -0.020710283 -41.235553
-0.010443156 0.048080539 0.99878883 164.92468 -0.0026084902 0.99883863 -0.048110209 -5.906683 -0.99994211 -0.0031077525 -0.010305612 -41.236518
0.0023064856 0.048678263 0.99881181 165.59024 -0.0023221527 0.99881207 -0.048672912 -5.9592887 -0.99999469 -0.0022071294 0.0024167825 -41.2316
0.017740852 0.04641735 0.99876454 166.29711 -0.0022038837 0.99892118 -0.046385481 -6.0002893 -0.99984023 -0.0013782422 0.01782401 -41.215962
0.034944139 0.041090143 0.99854415 167.02874 -0.0071040049 0.99913938 -0.04086603 -6.0459272 -0.99936406 -0.0056656336 0.035205968 -41.160581
0.051669134 0.034775031 0.99805857 167.69862 -0.0073954037 0.99937947 -0.034438196 -6.082445 -0.99863692 -0.0056016536 0.051894245 -41.113969
0.067904832 0.027270159 0.997319 168.31793 -0.0072627387 0.9996134 -0.026838394 -6.115138 -0.99766541 -0.0054208099 0.068076635 -41.056531
0.084982854 0.019590493 0.99618976 169.00934 -0.0077358596 0.99978953 -0.019001353 -6.1505109 -0.99635243 -0.0060915943 0.085116516 -40.992201
0.10261203 0.013153046 0.99463445 169.685 -0.0070368977 0.99989715 -0.012496673 -6.1784198 -0.99469661 -0.0057168311 0.10269403 -40.90242
0.12187029 0.011041373 0.99248458 170.38425 -0.009857616 0.99990227 -0.0099134459 -6.2078545 -0.99249712 -0.0085753766 0.12196722 -40.801814
0.13877615 0.010386259 0.99026927 170.95587 -0.011192346 0.99989759 -0.00891875 -6.2288055 -0.99026057 -0.0098457259 0.13887819 -40.704793
0.15729758 0.0097271749 0.9875033 171.59236 -0.011794762 0.99989867 -0.007970506 -6.245858 -0.98748085 -0.010393625 0.15739637 -40.59334
0.17378409 0.0092674368 0.98474013 172.31967 -0.017389971 0.99982868 -0.0063405037 -6.2615372 -0.98463027 -0.016022723 0.17391547 -40.450221
0.18723673 0.0055135869 0.98229931 172.93461 -0.01836037 0.9998292 -0.0021122984 -6.2759376 -0.98214326 -0.017639878 0.18730598 -40.313725
0.19961289 0.0015719772 0.97987353 173.5447 -0.01707668 0.99985243 0.0018747119 -6.2977438 -0.97972606 -0.017107203 0.19961028 -40.192961
0.21168992 2.907282e-05 0.97733684 174.24374 -0.015094757 0.99988082 0.0032397621 -6.3214102 -0.97722035 -0.015438487 0.21166513 -40.033445
0.22086772 0.0032189499 0.97529842 174.80516 -0.015570044 0.99987875 0.00022594183 -6.3267628 -0.97517953 -0.015235342 0.22089105 -39.882084
0.2294657 0.0101132 0.97326416 175.36173 -0.01849717 0.99981074 -0.0060279827 -6.3442138 -0.97314101 -0.016619417 0.22960934 -39.747839
0.2384035 0.020645003 0.97094669 175.97466 -0.021032524 0.99964929 -0.016091032 -6.3648403 -0.97093846 -0.016585301 0.23875411 -39.57744
0.24651585 0.02750223 0.96874841 176.56898 -0.017299065 0.99956288 -0.02397497 -6.3793777 -0.9689844 -0.010848231 0.24688385 -39.429655
0.2526029 0.026041145 0.9672195 177.12721 -0.016881688 0.99960421 -0.022504172 -6.3922161 -0.96742279 -0.010643678 0.25294254 -39.269538
0.2592363 0.018403828 0.96563852 177.77121 -0.017598268 0.99974245 -0.014329355 -6.4100892 -0.96565362 -0.013278876 0.25949341 -39.08671
0.26303719 0.0075637493 0.964756 178.29991 -0.021067536 0.99977586 -0.0020943205 -6.4291482 -0.96455569 -0.019774147 0.26313759 -38.916692
0.26585915 -0.0021076037 0.96400954 179.00906 -0.019184 0.99978802 0.0074764807 -6.4543717 -0.96382102 -0.020481249 0.26576235 -38.728096
0.26601419 -0.0029672341 0.96396451 179.54632 -0.016565991 0.99983352 0.0076491703 -6.4699113 -0.9638268 -0.018003814 0.26592074 -38.580841
0.26732248 0.000673264 0.96360685 180.18668 -0.01638444 0.99985837 0.0038467563 -6.4699869 -0.96346786 -0.016816483 0.26729565 -38.405496
0.26890085 0.00046283822 0.96316771 180.78153 -0.014148806 0.99989388 0.0034696315 -6.4835125 -0.96306398 -0.014560659 0.26887887 -38.238464
0.27130301 -0.001755028 0.96249235 181.43652 -0.014651237 0.99987494 0.0059530171 -6.4795844 -0.96238251 -0.015716774 0.27124337 -38.046659
0.27329406 -0.0056631146 0.96191382 182.04407 -0.016000538 0.99981756 0.010432258 -6.4974347 -0.96179749 -0.018242213 0.27315359 -37.867412
0.27654139 -0.011817606 0.9609293 182.64424 -0.011758151 0.99980793 0.015679563 -6.5024511 -0.96093011 -0.0156348 0.27634932 -37.689555
0.28079854 -0.014825356 0.95965218 183.2647 -0.011174614 0.99976241 0.018714749 -6.5097141 -0.95970172 -0.015978816 0.28056616 -37.512328
0.28728977 -0.015999474 0.95771004 183.8146 -0.010211583 0.9997525 0.019765061 -6.4998379 -0.95778932 -0.015458035 0.28705529 -37.329216
0.29466273 -0.019009611 0.95541218 184.42356 -0.0091627832 0.99969995 0.022716727 -6.4998693 -0.95555743 -0.015448007 0.29440013 -37.127298
0.30443566 -0.021701108 0.95228563 185.0807 -0.0055254677 0.99968339 0.024547663 -6.500786 -0.95251692 -0.012735007 0.30421936 -36.914849
0.31566504 -0.020086165 0.94865803 185.71282 -0.0067146276 0.9997036 0.023401251 -6.5046949 -0.94884697 -0.013756842 0.3154366 -36.693417
0.32682722 -0.016324019 0.94494308 186.32674 -0.0063543366 0.99979026 0.019469284 -6.4986492 -0.94506278 -0.012367578 0.32665495 -36.481252
0.33826849 -0.012614124 0.94096506 186.93922 -0.0080400925 0.99983492 0.016293646 -6.4977115 -0.94101534 -0.013077073 0.33811123 -36.248342
0.34991847 -0.011840166 0.93670529 187.58262 -0.0080368537 0.99984538 0.015640542 -6.4921918 -0.93674572 -0.013001077 0.34976921 -36.004142
0.36108409 -0.015261645 0.93240833 188.19803 -0.0067985151 0.99979642 0.018997443 -6.4948177 -0.93250852 -0.013198666 0.36090682 -35.750587
0.37240823 -0.016795234 0.927917 188.80143 -0.0072365779 0.99975329 0.020999779 -6.4934037 -0.92804085 -0.014535434 0.37219481 -35.485273
0.38387484 -0.016883019 0.92323074 189.45243 -0.010482859 0.99968872 0.02263992 -6.502848 -0.92332567 -0.018368993 0.38357836 -35.212797
0.39333779 -0.018430767 0.91920924 190.05045 -0.011520735 0.99962174 0.024972916 -6.4863868 -0.91932189 -0.020412757 0.39297667 -34.940344
0.40039952 -0.017017209 0.91618261 190.7017 -0.016827266 0.99952241 0.02591919 -6.4844165 -0.91618619 -0.025794879 0.39992194 -34.635774
0.40535008 -0.019240501 0.913959 191.35416 -0.017362819 0.9994361 0.028740536 -6.4755857 -0.91399667 -0.027518883 0.40478743 -34.329123
0.40706344 -0.0250955 0.91305504 191.96901 -0.010243932 0.9994342 0.032036656 -6.4645832 -0.91334248 -0.022394224 0.40657605 -34.05343
0.40656611 -0.023187873 0.91332702 192.64962 -0.0083002989 0.99954287 0.029071617 -6.4578817 -0.9135837 -0.019400421 0.40618779 -33.773872
0.4059434 -0.023011683 0.91360842 193.31571 -0.0060538593 0.9995933 0.027867352 -6.4474778 -0.91387821 -0.016843424 0.40563899 -33.47344
0.40410444 -0.022098199 0.91444585 193.98432 -0.0030291726 0.99967033 0.025496333 -6.4450991 -0.91470788 -0.013073195 0.40390427 -33.194281
0.40446786 -0.023152523 0.91425907 194.6476 -0.00067003978 0.99967174 0.025611923 -6.4354475 -0.91455201 -0.010971789 0.40431958 -32.896938
0.40336265 -0.029234854 0.91457303 195.33253 0.0029081462 0.9995254 0.030667798 -6.42523 -0.91503562 -0.0097105317 0.40325623 -32.584578
0.40322733 -0.032685778 0.91451588 196.01184 0.003892606 0.99941412 0.034003808 -6.4158429 -0.9150916 -0.010151414 0.40311832 -32.293686
0.40114587 -0.035032181 0.91534402 196.71011 0.0046253218 0.99933315 0.036219597 -6.4029739 -0.91600255 -0.01029558 0.4010404 -32.000596
0.3992674 -0.034881099 0.91617072 197.38169 0.0029955068 0.99932032 0.036741387 -6.3954939 -0.91682967 -0.011925242 0.39910051 -31.684905
0.39886884 -0.035292535 0.91632855 198.07017 0.0023717015 0.99929548 0.03745564 -6.3764382 -0.91700496 -0.01276663 0.39867153 -31.371282
0.39640626 -0.03430045 0.91743418 198.7631 0.0017067875 0.99932763 0.03662476 -6.3639799 -0.91807365 -0.012952418 0.39619827 -31.083012
0.39566781 -0.030824208 0.91787624 199.42292 0.0017338711 0.99945989 0.03281654 -6.3585475 -0.9183921 -0.011392969 0.39550755 -30.776323
0.39475811 -0.025192294 0.91843961 200.12367 0.0019165297 0.99964443 0.026595946 -6.3550914 -0.91878313 -0.008738748 0.39466602 -30.456716
0.39304428 -0.022414011 0.91924629 200.81277 0.00022722485 0.9997052 0.024278688 -6.3408135 -0.91951956 -0.0093337231 0.3929335 -30.192621
0.39220087 -0.025421575 0.91952822 201.5055 0.00095976409 0.99962882 0.0272267 -6.3270779 -0.91987914 -0.0097958049 0.3920797 -29.871761
0.39009888 -0.028506189 0.92033157 202.196 0.00032418907 0.99952485 0.030821695 -6.3191957 -0.92077295 -0.011725146 0.38992276 -29.564026
0.38774943 -0.027550021 0.92135298 202.82345 -0.0060280824 0.99945608 0.032422342 -6.334092 -0.92174515 -0.018125736 0.38737245 -29.288366
0.38442029 -0.027595784 0.9227456 203.53915 -0.0083069508 0.99940924 0.033349215 -6.31999 -0.92312085 -0.020485317 0.38396395 -28.989898
0.37707882 -0.028473084 0.92574336 204.23047 -0.0088592396 0.99937073 0.034346233 -6.3091072 -0.92613884 -0.021152619 0.37658928 -28.740944
0.36898066 -0.028690857 0.9289941 204.93675 -0.0087084816 0.99937284 0.03432328 -6.2955527 -0.92939631 -0.020754754 0.3684994 -28.445163
