1.000000000000000000e+00 4.398956837314658088e-19 2.733407509747682871e-20 -8.673617379884035472e-19 -5.583667658079949532e-19 1.000000000000000000e+00 -6.100159232558060012e-19 0.000000000000000000e+00 4.145284534913582806e-20 -2.210423569125054137e-19 1.000000000000000222e+00 0.000000000000000000e+00
9.998899401723042590e-01 3.281081676203758280e-04 1.483239372673246514e-02 -8.629863570060081202e-02 -3.252439388783660195e-04 9.999999279947904274e-01 -1.955183820234469958e-04 -9.193661219124668604e-03 -1.483245706693421019e-02 1.906727324024764961e-04 9.998899748693428347e-01 6.876660599199835300e-03
9.992809442468277847e-01 4.502762891161521744e-03 3.764730549822808969e-02 8.078590555823916830e-02 -4.475090316546095903e-03 9.999896511205054184e-01 -8.192845437876533458e-04 1.202581546009338920e-02 -3.765060558782373779e-02 6.502203779674422483e-04 9.992907530263416271e-01 3.001186879277637498e-01
9.979502485022508917e-01 5.487368091040326600e-03 6.375884498829725855e-02 3.733734079589624139e-02 -5.542460970893528689e-03 9.999844042961284485e-01 6.872417729381332047e-04 8.640362611193788678e-03 -6.375408057916348570e-02 -1.039213962185620444e-03 9.979650981998232639e-01 4.185977251929414167e-01
9.952790830921010024e-01 4.967652904670686806e-03 9.692713318423819280e-02 9.924624711237259311e-02 -5.255844836884887745e-03 9.999824936183147051e-01 2.718190802332837858e-03 6.580638867202601161e-03 -9.691193498800841633e-02 -3.214792364789518207e-03 9.952877684339801467e-01 5.797850696393247460e-01
9.908164596829246440e-01 1.858057591702821270e-03 1.352009271843488403e-01 1.827854925724010926e-01 -2.534585198662026723e-03 9.999851141506447272e-01 4.831910438593179161e-03 1.107068356051579827e-02 -1.351899389721701594e-01 -5.130214585565320319e-03 9.908064197548313023e-01 8.044469938921907648e-01
9.847115509991795079e-01 -1.485723631632184698e-03 1.741865484827763988e-01 2.444022782807415695e-01 5.328740266783751336e-04 9.999846396894415124e-01 5.516921970576011205e-03 -4.374300606067596520e-03 -1.741920725557760397e-01 -5.339757188159859752e-03 9.846972169840092493e-01 9.611967543668848979e-01
9.761386079970456597e-01 -1.780401376499401783e-03 2.171410777191898900e-01 3.405592090398135152e-01 3.941290019517832517e-04 9.999792667538035529e-01 6.427341783226382665e-03 1.177135150690622467e-04 -2.171480226820697024e-01 -6.188394717357689583e-03 9.761190708791748216e-01 1.194374220877705950e+00
9.640874603257257869e-01 -1.595101206877537481e-03 2.655801642367803805e-01 4.221714775682665621e-01 -9.781682806197613319e-04 9.999538553643344541e-01 9.556690210158556853e-03 1.500656784125344728e-02 -2.655831576148688922e-01 -9.473267122890196776e-03 9.640414122127621832e-01 1.406938293043885846e+00
9.497574146125139505e-01 -5.442279770399636833e-03 3.129396646493459722e-01 5.769172423312374232e-01 3.445268917629131346e-04 9.998663868455464065e-01 1.634288074763468740e-02 2.569014930318214845e-02 -3.129867997280103009e-01 -1.541395587919526175e-02 9.496323891039646359e-01 1.663937991300943331e+00
9.328864571268429273e-01 -1.539081725467657084e-02 3.598416028042625281e-01 6.907966021270945944e-01 6.984960666968935937e-03 9.996717746347961731e-01 2.464859630783171329e-02 7.100974645568913779e-03 -3.601028619197289560e-01 -2.048086207803556658e-02 9.326877638811570392e-01 1.831590878142329348e+00
9.119508994180319794e-01 -2.106550176162238705e-02 4.097582205856081239e-01 8.445407640928630499e-01 9.739046979589514874e-03 9.995111317463533096e-01 2.970939999152312494e-02 -3.768870454736381048e-03 -4.101837532978156453e-01 -2.310285929166957034e-02 9.117102329155644114e-01 2.068036720386198013e+00
8.869775082298413382e-01 -2.286425907475641769e-02 4.612462709634043145e-01 1.050069850982534359e+00 8.305574238453627967e-03 9.994018800392044932e-01 3.356932496861611548e-02 1.724330622969200144e-03 -4.617379360752580375e-01 -2.594432085123644233e-02 8.866368894367365749e-01 2.305205402279775218e+00
8.586332540760389653e-01 -2.494590226235251368e-02 5.119830398275052596e-01 1.215651008163980196e+00 6.411544167930229542e-03 9.992596256722928727e-01 3.793537360128081820e-02 2.731646014203942957e-02 -5.125503216980619170e-01 -2.928997116937720468e-02 8.581574850996700476e-01 2.526464159981387958e+00
8.262429762493036511e-01 -3.016101265741645207e-02 5.625058690631352665e-01 1.464151233699564791e+00 7.584369931534645955e-03 9.990707051110582215e-01 4.242880487437027809e-02 2.701274204810048124e-02 -5.632628406788086073e-01 -3.079024914088202003e-02 8.257039043692041558e-01 2.790710004614700424e+00
7.906926572112514817e-01 -3.596277466814074009e-02 6.111561133854404027e-01 1.674238831937123084e+00 9.781533384186691382e-03 9.988878587558051025e-01 4.612339090939097941e-02 2.848750295528203191e-02 -6.121351571495036170e-01 -3.049138225836689128e-02 7.901650655258208866e-01 2.973186695812111591e+00
7.529810866297282912e-01 -4.028792549099567688e-02 6.568077036020401049e-01 1.945411258551963840e+00 1.072983188144786132e-02 9.987430583426456510e-01 4.896094433010706598e-02 3.781560057388088508e-02 -6.579546808797211987e-01 -2.981922843710917842e-02 7.524669150872473899e-01 3.173231736857439866e+00
7.130736949734731711e-01 -4.373876552132279633e-02 6.997233869174560583e-01 2.252159155817114566e+00 1.205908888533961491e-02 9.986695788726689393e-01 5.013631972580792628e-02 4.959752776319756307e-02 -7.009853729840588299e-01 -2.731286378290892145e-02 7.126524553501394355e-01 3.412147593127526246e+00
6.709348099267660182e-01 -4.539903600979937337e-02 7.401252594102486482e-01 2.538512012524223316e+00 1.109979477699708263e-02 9.986270768792928632e-01 5.119331817601149165e-02 6.223443333482127360e-02 -7.414332644375173365e-01 -2.613214019899137361e-02 6.705175869643776876e-01 3.628326979217517234e+00
6.279967554609496849e-01 -4.588178390027392722e-02 7.768622318761965184e-01 2.880717101479247422e+00 6.851009732314536187e-03 9.985477515492187095e-01 5.343642477198451424e-02 9.108563754307776039e-02 -7.781858068450683286e-01 -2.823561013722251586e-02 6.273990836104944568e-01 3.851902043763015815e+00
5.870146457904824588e-01 -4.677912371451570239e-02 8.082236748627679157e-01 3.203350846609789304e+00 4.041861544957434972e-03 9.984861119553184450e-01 5.485569743788595853e-02 1.020117972745671203e-01 -8.095662301517205783e-01 -2.893436905061468403e-02 5.863150449503066186e-01 4.048473546484851582e+00
5.465937109783727266e-01 -4.783803034567956497e-02 8.360303981012067176e-01 3.586837522263297107e+00 1.973107725083769488e-03 9.984377222501393812e-01 5.584103858282833677e-02 1.244827250371656757e-01 -8.373956261833487291e-01 -2.887278187634015683e-02 5.458341682066485401e-01 4.268868344388474512e+00
5.079698384874291595e-01 -5.044162693449075890e-02 8.598966643181567004e-01 4.033494634074608065e+00 1.036446102027935258e-03 9.983189932646301390e-01 5.794923141607970923e-02 1.379979505205567447e-01 -8.613742406346081015e-01 -2.854522455530102490e-02 5.071682165956999944e-01 4.467155466406418363e+00
4.706759656407497605e-01 -5.028021220872968405e-02 8.808723078902696013e-01 4.433220175488503223e+00 -1.837656066611121145e-03 9.983168743148429503e-01 5.796586442586366267e-02 1.597148589810947761e-01 -8.823042402988043875e-01 -2.890187891172594364e-02 4.697913598677297964e-01 4.636871939475680549e+00
4.345200105756300002e-01 -4.963389851615135351e-02 8.992935133216544141e-01 4.884741165945739816e+00 -2.943938314782135798e-03 9.983967833617876098e-01 5.652606623557596827e-02 1.873795516274411876e-01 -9.006573756040441303e-01 -2.720917085106890412e-02 4.336772604744664750e-01 4.832120742600842789e+00
4.009860134195139536e-01 -4.837566558043954884e-02 9.148059893073332560e-01 5.388738054622962181e+00 -1.688997461882733907e-03 9.985639987776467885e-01 5.354519211082387625e-02 2.032209476295467887e-01 -9.160826269366996177e-01 -2.301597738338815105e-02 4.003284893602184757e-01 5.023431192379944399e+00
3.708485254326697178e-01 -4.668567502501668603e-02 9.275191666712186978e-01 5.884828738155058581e+00 3.327263461358368005e-06 9.987357169603532370e-01 5.026895287176215421e-02 2.237933584704527301e-01 -9.286933759807951549e-01 -1.863908016005882268e-02 3.703798219711453843e-01 5.191558346377901145e+00
3.456159672749393730e-01 -4.469193433295155782e-02 9.373111646802373409e-01 6.443882542770201560e+00 9.474289814630601795e-04 9.988813059624845891e-01 4.727831368444304627e-02 2.464943351157519724e-01 -9.383755757933064379e-01 -1.545210352675819611e-02 3.452716698764972669e-01 5.383075698160803668e+00
3.248742414335102358e-01 -4.412323215622347694e-02 9.447273959369665297e-01 7.022865423850644717e+00 2.303465499303873620e-03 9.989450678349520718e-01 4.586333461358160779e-02 2.727216892678446247e-01 -9.457544275442135717e-01 -1.272366821937662151e-02 3.246331561683855615e-01 5.562655475275546380e+00
3.102583203336861106e-01 -4.464098528595932674e-02 9.496035709257022450e-01 7.625228660042566275e+00 3.352741251907509837e-03 9.989420220969462694e-01 4.586497116642609256e-02 3.018370868065377577e-01 -9.506463852838940021e-01 -1.104621296917538027e-02 3.100797422311630802e-01 5.732998122240640981e+00
2.985766067965576198e-01 -4.632438392788757603e-02 9.532607439785478753e-01 8.246228064539170788e+00 4.427364883338567696e-03 9.988777982025349722e-01 4.715445535860850190e-02 3.198439293432681074e-01 -9.543754106675750304e-01 -9.858783235122868527e-03 2.984466372089332187e-01 5.940818790922095971e+00
2.876307554023098123e-01 -4.813875976493275921e-02 9.565308112734977053e-01 8.856686775155825586e+00 3.082589729796198462e-03 9.987773853818343595e-01 4.933793725153464566e-02 3.477014575289226195e-01 -9.577364264020964413e-01 -1.124251521513599042e-02 2.874274845448558380e-01 6.120219665903371187e+00
2.771165668073311550e-01 -4.979581351643291853e-02 9.595450848207736083e-01 9.519725125049260939e+00 1.465619302594127525e-03 9.986769011682309349e-01 5.140329751491875404e-02 3.781554188725701482e-01 -9.608351974821504049e-01 -1.283837664996946744e-02 2.768228945653739004e-01 6.308264628261675888e+00
2.667741836311676717e-01 -5.142466984609462416e-02 9.623861089069971619e-01 1.022966106545177034e+01 6.269313932049044597e-04 9.985844727111791164e-01 5.318512742189188125e-02 4.081154170919945590e-01 -9.637588694008577539e-01 -1.358506800524872556e-02 2.664287958887863184e-01 6.484853217095079891e+00
2.566848632811028486e-01 -5.348478950914527241e-02 9.650141151764817238e-01 1.093451344842145012e+01 -2.543909636616559613e-04 9.984638549252389250e-01 5.540636834935844940e-02 4.348842270833426227e-01 -9.664951281667154559e-01 -1.446746607845261420e-02 2.562769506966130484e-01 6.682313671264308752e+00
2.466198099512411090e-01 -5.496554617691655487e-02 9.675522943027019540e-01 1.169878395642529512e+01 -4.141090077927275792e-04 9.983842035143524196e-01 5.682262441899886551e-02 4.691159827644623692e-01 -9.691122300593790762e-01 -1.441425607381162724e-02 2.461985594489140283e-01 6.881994219789225653e+00
2.357991212374713486e-01 -5.643340699778507524e-02 9.701618571314493122e-01 1.244421715055277033e+01 -1.225760504296378745e-03 9.982943957156796833e-01 5.836777323537481466e-02 4.930720335513381070e-01 -9.718010540272632447e-01 -1.495225484311389456e-02 2.353277660488013734e-01 7.045982965452466829e+00
2.254405420273169203e-01 -5.939843888685956974e-02 9.724445338478417966e-01 1.316974289523839836e+01 -2.356723405945201303e-03 9.981035561448412530e-01 6.151208842422432183e-02 5.321860632223526233e-01 -9.742540862670321378e-01 -1.615910047353040502e-02 2.248730196467892128e-01 7.202547718582583691e+00
2.145974273624966233e-01 -6.284692733988461733e-02 9.746785068645369421e-01 1.398167717285195621e+01 -4.171963747711196664e-03 9.978595606990946498e-01 6.526018536990874086e-02 5.771276640978696415e-01 -9.766936857064173472e-01 -1.807099042169427183e-02 2.138758981311986440e-01 7.391817982297961720e+00
2.020203391747874277e-01 -6.656361348351860774e-02 9.771167031977110451e-01 1.475348657714137168e+01 -4.131709222867102280e-03 9.976209065486646432e-01 6.881464775261939004e-02 6.103858141161297990e-01 -9.793726198050708431e-01 -1.793911970179520518e-02 2.012646910484689744e-01 7.548809326048474766e+00
1.887323637309856750e-01 -6.908293975179879975e-02 9.795956441100913681e-01 1.553774571342540689e+01 -5.379730573391076909e-03 9.974348674095947498e-01 7.137747349396623975e-02 6.536203333377514912e-01 -9.820138340862947235e-01 -1.874119905580983250e-02 1.878765912229775903e-01 7.718211173393219049e+00
1.750233198469064166e-01 -6.971833899116799960e-02 9.820927523694603645e-01 1.634821752841281395e+01 -6.034107426388699881e-03 9.973950340697238515e-01 7.188000771336047756e-02 6.837634664725322775e-01 -9.845458059850658028e-01 -1.850672987467257349e-02 1.741467007432812575e-01 7.854365050104380686e+00
1.605568462254968465e-01 -6.882229604559339520e-02 9.846242806922931301e-01 1.714835011434722389e+01 -7.623244681564017404e-03 9.974498997567479153e-01 7.096184586372383807e-02 7.257173050921442714e-01 -9.869971643123033322e-01 -1.889944110936602611e-02 1.596227595956669354e-01 7.992411231912351255e+00
1.442977320457407564e-01 -6.813769237546846158e-02 9.871855968990208563e-01 1.791849478457160316e+01 -8.267354233401242106e-03 9.975086143004284756e-01 7.005865546529815857e-02 7.619619559563929334e-01 -9.894997890521318729e-01 -1.827071723218380572e-02 1.433749109214980944e-01 8.102198868050599856e+00
1.232143584420924420e-01 -6.649731575087285129e-02 9.901496412465002894e-01 1.878337874537698227e+01 -1.075425017236981279e-02 9.976043835043542085e-01 6.833622815625271796e-02 8.042904212031821709e-01 -9.923218153398656316e-01 -1.906832057899749203e-02 1.222040539403434212e-01 8.217078936671557088e+00
9.822426144885830490e-02 -6.514666588217468690e-02 9.930296518437099484e-01 1.960359125564361094e+01 -1.510318688439890242e-02 9.976424720334354790e-01 6.694319766806672289e-02 8.434836229559656839e-01 -9.950497000111064860e-01 -2.157335770063384742e-02 9.700877134917418321e-02 8.299327521411546726e+00
6.875315061952898266e-02 -6.479080514939025703e-02 9.955275680619962708e-01 2.042389327718901271e+01 -1.910934842383840704e-02 9.976202700469437579e-01 6.624673257228613776e-02 8.863806086462460154e-01 -9.974506776830102117e-01 -2.357855389668480142e-02 6.735142522746058458e-02 8.327966958759377647e+00
3.480984962968561303e-02 -6.457722368644029654e-02 9.973053892166481305e-01 2.127498462224788156e+01 -2.252445840144590497e-02 9.976059982423670647e-01 6.538288029134133039e-02 9.304483271077421680e-01 -9.991401005283868653e-01 -2.473973114037792201e-02 3.327194640756860750e-02 8.351494257932563059e+00
9.623171697979600574e-04 -6.380667929411543149e-02 9.979618050609484481e-01 2.208819299500977706e+01 -2.396518622751885388e-02 9.976741828871502626e-01 6.381139902462225344e-02 9.608160527285620756e-01 -9.997123391809831228e-01 -2.397774645671983673e-02 -5.690613492092928220e-04 8.358046310133824264e+00
-3.370841344799471728e-02 -6.291626717308208827e-02 9.974493816184526462e-01 2.295055521356048445e+01 -2.471784575457304511e-02 9.977637609982357159e-01 6.210076762707360254e-02 9.886345928381066184e-01 -9.991260121792141513e-01 -2.256148074230044862e-02 -3.518818935957276905e-02 8.298394791918971336e+00
-6.592762146126464329e-02 -6.083574200272453408e-02 9.959681440341952019e-01 2.380011525123497051e+01 -2.719872031915778615e-02 9.978783835838872518e-01 5.915201770357914057e-02 1.024142130948250129e+00 -9.974536558111344320e-01 -2.318930629999037610e-02 -6.744240406044775538e-02 8.248826579149090676e+00
-9.814565295976200587e-02 -5.789995890573246956e-02 9.934862899462501007e-01 2.462136995708595322e+01 -2.901254840439584232e-02 9.980482028028277997e-01 5.529970104418566179e-02 1.056086197105116753e+00 -9.947490738145047251e-01 -2.339614294721310134e-02 -9.963391929751791443e-02 8.183980127769894253e+00
-1.297377566418072836e-01 -5.342550565812836938e-02 9.901079803068981722e-01 2.547682022326876705e+01 -2.625481319767116947e-02 9.983823551459447554e-01 5.043171358845394137e-02 1.077289898314282901e+00 -9.912006941754195610e-01 -1.945220178926719903e-02 -1.309305650822600864e-01 8.051972686766424303e+00
-1.613481661072591056e-01 -4.776602258587384769e-02 9.857409189585609743e-01 2.630605938070451089e+01 -2.241412499858970106e-02 9.987477446730659292e-01 4.472750303028323604e-02 1.100865670419029385e+00 -9.866429916346114437e-01 -1.487781865344174441e-02 -1.622167519863161878e-01 7.893173675912882103e+00
-1.926106334126999053e-01 -4.161789695541041889e-02 9.803923080182298522e-01 2.715447308505516233e+01 -1.618821253091441009e-02 9.990990050022079405e-01 3.923161974000737712e-02 1.112571572532242037e+00 -9.811417339433097240e-01 -8.314370931913334442e-03 -1.931108129287586184e-01 7.722296340311880947e+00
-2.229435910563429268e-01 -3.590810251665634695e-02 9.741697729993817889e-01 2.796041737889249390e+01 -1.013332777828747887e-02 9.993527267043990081e-01 3.451728983413981933e-02 1.127891938369854241e+00 -9.747786861793132918e-01 -2.176172036609776497e-03 -2.231631555607105355e-01 7.543148720208376901e+00
-2.502447538606985544e-01 -2.965354048275399904e-02 9.677283782817046598e-01 2.874371957577478298e+01 -1.181813175929691912e-03 9.995394623854048088e-01 3.032270501178712871e-02 1.150932010232148084e+00 -9.681818952934232447e-01 6.444424811222873410e-03 -2.501645530403255879e-01 7.287509744259653921e+00
-2.761402202852105137e-01 -1.948418252326462527e-02 9.609198348470545659e-01 2.957048491066949936e+01 4.683383729315214287e-03 9.997553448106025753e-01 2.161750268394277419e-02 1.146685230015104917e+00 -9.611059568414034304e-01 1.046981940623905455e-02 -2.759814105922781535e-01 7.032971712697432487e+00
-3.009090984933931456e-01 -4.473080285199009312e-03 9.536423280481846065e-01 3.036940344521194390e+01 9.234714647228083398e-03 9.999284464503997993e-01 7.604078264129591688e-03 1.139727663276093539e+00 -9.536081217280242273e-01 1.109475223465633369e-02 -3.008462610987968078e-01 6.750292383059933066e+00
-3.254170097608354850e-01 1.250347159716197129e-02 9.454879253853092358e-01 3.114146008203731952e+01 9.642383973671479411e-03 9.999044591845349661e-01 -9.904388832704388163e-03 1.108211317256424078e+00 -9.455214483184846141e-01 5.893702081257061638e-03 -3.255064837579276782e-01 6.456341727886826476e+00
-3.514186115450723125e-01 2.735723832172386877e-02 9.358186391347395050e-01 3.190820136831012377e+01 8.407356223437119011e-03 9.996248856614295963e-01 -2.606538531576673562e-02 1.081201871265540460e+00 -9.361806933108047790e-01 -1.292099880054516352e-03 -3.515167927499253109e-01 6.184931352721343423e+00
-3.757746683318794467e-01 3.794238584310177104e-02 9.259339926097737150e-01 3.268640480716783259e+01 1.289217944710592534e-02 9.992788268573015165e-01 -3.571579309562276233e-02 1.043888378092592939e+00 -9.266213923265100849e-01 -1.483782154055436923e-03 -3.759928310846789579e-01 5.879283400849413255e+00
-3.993555294599077654e-01 4.287135010304381905e-02 9.157932044972912911e-01 3.345501268210090728e+01 1.637348384203864485e-02 9.990802547767829722e-01 -3.963020952412182191e-02 9.967775105134334401e-01 -9.166499245286212627e-01 -8.318171130882038352e-04 -3.996901787682453078e-01 5.521560492207286508e+00
-4.216665452368930644e-01 4.215380579377014242e-02 9.057705926743556679e-01 3.420260072126097128e+01 1.833443501452814914e-02 9.991109535904583172e-01 -3.796249294837476113e-02 9.435900261117370347e-01 -9.065655998322716957e-01 5.992797835604260492e-04 -4.220645315983494461e-01 5.147339985694941333e+00
-4.415648071882523062e-01 3.888566045427684775e-02 8.963863073516222801e-01 3.494235218385351516e+01 2.288354867411622126e-02 9.992234922094175298e-01 -3.207422290711758189e-02 9.094578983174825826e-01 -8.969374992761383059e-01 6.349652653978280284e-03 -4.421117718423724918e-01 4.793362698145216427e+00
-4.605393810797424048e-01 3.746686072546989016e-02 8.868481824099734290e-01 3.565992489265293131e+01 3.011900704195595579e-02 9.991930523161752786e-01 -2.657234591724367059e-02 8.791157968671291512e-01 -8.871281400782033977e-01 1.447337598976654316e-02 -4.612962157848097822e-01 4.402757356742173833e+00
-4.748076925625863143e-01 3.829729492931709806e-02 8.792559117383709211e-01 3.637069913546292099e+01 3.409067328464260999e-02 9.991033027882056938e-01 -2.510809226914163805e-02 8.332751129647620880e-01 -8.794290726695764837e-01 1.805291177357934429e-02 -4.756875156370430346e-01 4.023387481484601125e+00
-4.856635754602616761e-01 4.156628699427552392e-02 8.731569855850084272e-01 3.707636418412160850e+01 3.639247465074076787e-02 9.989642513218462971e-01 -2.731322593092026102e-02 7.761270199880084819e-01 -8.733879389157948037e-01 1.851130560640000186e-02 -4.866732513308671959e-01 3.598350716236765390e+00
-4.955321591255349989e-01 4.411255230621448364e-02 8.674687016745064039e-01 3.776910275440794607e+01 3.776774581889594251e-02 9.988592552050048479e-01 -2.921960994926410884e-02 7.314141884019872419e-01 -8.677681078795479452e-01 1.828308212102240995e-02 -4.966329162805714903e-01 3.199548709154638182e+00
-5.058416538259307149e-01 4.327712797685590029e-02 8.615400733582624371e-01 3.842250386137791907e+01 3.163618973197390022e-02 9.989995655901541260e-01 -3.160726808238912416e-02 6.771429948604217319e-01 -8.620460457431681212e-01 1.126757349193136318e-02 -5.067047170759609864e-01 2.791949988460177057e+00
-5.173421851546667893e-01 4.225056553427595368e-02 8.547350115205415433e-01 3.915504343528126441e+01 3.012242937168747511e-02 9.990606341833616622e-01 -3.115266315874048314e-02 6.600653463222170281e-01 -8.552483351196337180e-01 9.630109193882040175e-03 -5.181289024715967084e-01 2.387018772580367543e+00
-5.259704694387417057e-01 4.365727740201298668e-02 8.493815952257517399e-01 3.981912786622040556e+01 3.237937499145127074e-02 9.989855482562285394e-01 -3.129617221291513401e-02 6.203897060326122315e-01 -8.498862589804011547e-01 1.104158380989843195e-02 -5.268504943325417189e-01 1.948679530284450623e+00
-5.332309657566687289e-01 4.690850938081356225e-02 8.446681691290867100e-01 4.049674540390424227e+01 3.616230825687362371e-02 9.988127547267310335e-01 -3.263998155530948436e-02 5.698447859601990517e-01 -8.451964483623863877e-01 1.314050285094055942e-02 -5.342942109804617035e-01 1.514281585461893176e+00
-5.370386022495460265e-01 5.006800434070780847e-02 8.420704968961634229e-01 4.121179104140629335e+01 3.712496197870270020e-02 9.986726539972302641e-01 -3.570248300502455729e-02 5.374100622920452430e-01 -8.427403446621858363e-01 1.208822462817624697e-02 -5.381845401530271911e-01 1.092639230022397712e+00
-5.368889573742345878e-01 5.112110688063085939e-02 8.421026463489234004e-01 4.189833315255834378e+01 3.604623496106849900e-02 9.986409340616088093e-01 -3.764244543882521582e-02 4.833565047547914717e-01 -8.428825114029798726e-01 1.014481756584716295e-02 -5.380020144977918362e-01 6.407052575618028545e-01
-5.332161743130522380e-01 5.207101713210345040e-02 8.443749804847499041e-01 4.262175040163666040e+01 3.852407406648899330e-02 9.985630651171655270e-01 -3.725185411574975097e-02 4.440333303711677115e-01 -8.451014251963551160e-01 1.266547417347179717e-02 -5.344559663043162434e-01 1.765402884464331579e-01
-5.275116711777267930e-01 5.105561022028522883e-02 8.480122336240750736e-01 4.337167992635451697e+01 3.688281992019037253e-02 9.986276963956760566e-01 -3.718039163695007615e-02 4.049946697302190812e-01 -8.487467856663168941e-01 1.166399299275995734e-02 -5.286708410842289041e-01 -2.779975209111160694e-01
-5.202942498935885229e-01 4.969384600454430923e-02 8.525399709151515459e-01 4.413850054028498704e+01 3.480563404819948109e-02 9.987099675091055673e-01 -3.697253812469132594e-02 3.573965824767090238e-01 -8.532774890500123277e-01 1.043659625932786932e-02 -5.213526804276031879e-01 -7.247835827574136136e-01
-5.137450487115935438e-01 4.888761310766421425e-02 8.565488969730292723e-01 4.491124741995731995e+01 3.297924622194934458e-02 9.987626051982925190e-01 -3.722402070438275007e-02 3.128324881282629200e-01 -8.573088161928993367e-01 9.124681646385454648e-03 -5.147216210970512185e-01 -1.184810904245703789e+00
-5.070622407913556451e-01 4.759725760241862585e-02 8.605941968276368259e-01 4.572963164976933115e+01 2.971760269886649514e-02 9.988458392289830678e-01 -3.773398322861387655e-02 2.596332512323927810e-01 -8.613969818044194815e-01 6.441319317693348229e-03 -5.078914870492919897e-01 -1.652841105769562891e+00
-5.025202970208821895e-01 4.539822161622960456e-02 8.633726536422928755e-01 4.653272337782394885e+01 2.593510234572586268e-02 9.989625506159645063e-01 -3.743251106074466095e-02 2.175053743107770998e-01 -8.641763326115485810e-01 3.581062516878797883e-03 -5.031763663895105765e-01 -2.105380757686718063e+00
-5.013510416190707364e-01 4.236117582047978225e-02 8.642063702192145369e-01 4.738005835902187357e+01 2.087052366229224729e-02 9.991022628733658983e-01 -3.686583136880926259e-02 1.690700074333802705e-01 -8.649922350149377159e-01 -4.462825337524290218e-04 -5.017850613158386652e-01 -2.585807153022611438e+00
-5.015191460149093228e-01 4.006412295580864813e-02 8.642183744334613893e-01 4.819577155181904971e+01 1.841008515250105310e-02 9.991951830582423977e-01 -3.563782936004727259e-02 1.343594670621810205e-01 -8.649506501947239467e-01 -1.962718970756445296e-03 -5.018531000424297783e-01 -3.058935249461520733e+00
-5.023979227164709904e-01 3.866228923981097909e-02 8.637716950268743421e-01 4.906565361986965002e+01 1.672199764596712240e-02 9.992474007623223242e-01 -3.500009758702476992e-02 8.056563647337025569e-02 -8.644748199678298217e-01 -3.139987169843981227e-03 -5.026663303493131840e-01 -3.543221987709527454e+00
-5.033440170875743691e-01 3.843578329511078417e-02 8.632308367573381380e-01 4.995816500544955829e+01 1.706640761560874325e-02 9.992575483070549325e-01 -3.454113270797991991e-02 2.917008883568800170e-02 -8.639175600073205619e-01 -2.653822259453551217e-03 -5.036262704307591376e-01 -4.053054884530681079e+00
-5.029230038142963322e-01 3.746171398692619420e-02 8.635189973099821614e-01 5.082183406028757133e+01 1.643136131607694783e-02 9.992941379733228935e-01 -3.378218680160358089e-02 -2.631582194732016294e-02 -8.641750256192581858e-01 -2.801045307982689102e-03 -5.031835577379537572e-01 -4.552446109739085145e+00
-5.030131949240422840e-01 3.716363246122700997e-02 8.634793435000818196e-01 5.169333599038886717e+01 1.720348824734612911e-02 9.993076814618394588e-01 -3.298784215762566585e-02 -6.244845003119108701e-02 -8.641075037436242168e-01 -1.738462224101963195e-03 -5.033042948948389661e-01 -5.065203369420591351e+00
-5.034588164964430845e-01 3.639155896470729762e-02 8.632524897335511760e-01 5.259420273718298233e+01 1.675524704604436366e-02 9.993359393516149103e-01 -3.235648288007041129e-02 -1.179723914423175118e-01 -8.638567555344639493e-01 -1.826146933111177798e-03 -5.037342400850649549e-01 -5.572078887118703250e+00
-5.031710581594147635e-01 3.482923119601515072e-02 8.634846827715232376e-01 5.348838110514702748e+01 1.461851780685992711e-02 9.993875823205274900e-01 -3.179243954317246407e-02 -1.701703615556521831e-01 -8.640631906696344400e-01 -3.374168333255177666e-03 -5.033720602600185723e-01 -6.121775272657232314e+00
-5.033089442529052882e-01 3.434107716947092104e-02 8.634238724702300027e-01 5.439118110173258458e+01 1.453657197215245216e-02 9.994050797177358447e-01 -3.127578426620594015e-02 -2.215101117457156099e-01 -8.639842631727988609e-01 -3.190157790984677385e-03 -5.035087183094475449e-01 -6.616090649497712306e+00
-5.026204828187331719e-01 3.336807638978803170e-02 8.638629568478345400e-01 5.527749384614375572e+01 1.299300007373519264e-02 9.994335345238802848e-01 -3.104499947872758209e-02 -2.789269935152478563e-01 -8.644095351826690532e-01 -4.379680270932100050e-03 -5.027693183029242618e-01 -7.132355427139125403e+00
-5.012543262026459834e-01 3.215470301450529256e-02 8.647023545692179569e-01 5.619441435754139746e+01 1.261841481758413895e-02 9.994746898901079035e-01 -2.985163064355138632e-02 -3.335798945714214536e-01 -8.652080029741809897e-01 -4.052085101973751900e-03 -5.013967548358021498e-01 -7.638361469369180590e+00
-5.004101849857013340e-01 2.992973375303548469e-02 8.652709657924640974e-01 5.706529202333739903e+01 1.335786759789018945e-02 9.995502419891718615e-01 -2.684922881361215957e-02 -3.792890797210271558e-01 -8.656854085001746135e-01 -1.877451639462059509e-03 -5.005849201350289768e-01 -8.135239291759720714e+00
-4.972432738069010871e-01 2.851052660355218524e-02 8.671425851126194351e-01 5.795774720979878936e+01 1.385812961594803418e-02 9.995934224869338358e-01 -2.491870661534889564e-02 -4.322627377809198368e-01 -8.675004849037998289e-01 -3.736839797542809943e-04 -4.974362096668943356e-01 -8.644179134147965016e+00
-4.949212555697173332e-01 2.789866443079541333e-02 8.684898396979611190e-01 5.887034462400663415e+01 1.360954129820569382e-02 9.996107291157735331e-01 -2.435509387829059430e-02 -4.848379459341765618e-01 -8.688312515236306099e-01 -2.341043619232891426e-04 -4.951082863830663094e-01 -9.148452020501748549e+00
-4.929058696863105049e-01 2.825739273478346594e-02 8.696236598106505955e-01 5.976012159080540442e+01 1.390408429855155038e-02 9.996006795896211772e-01 -2.459995485300955909e-02 -5.390741880132234876e-01 -8.699715469816033941e-01 -3.414052521843797714e-05 -4.931019367068258941e-01 -9.656134708950286694e+00
-4.914861657627669356e-01 2.903051040497013971e-02 8.704013813323051574e-01 6.062823838526799136e+01 1.422387506435690389e-02 9.995785242727162068e-01 -2.530721567453728463e-02 -5.776991337865639009e-01 -8.707692247409268838e-01 -5.766495244101448671e-05 -4.916919438518700947e-01 -1.015187490863540631e+01
-4.928221771873037005e-01 3.015819665007275080e-02 8.696072511002446159e-01 6.152492036019349086e+01 1.326274604124933962e-02 9.995434338186222067e-01 -2.714817586600415389e-02 -6.352137871204699415e-01 -8.700289729262637994e-01 -1.845842086099899878e-03 -4.929971529751401849e-01 -1.063964225083753767e+01
-4.954309539675361140e-01 3.199277812610536176e-02 8.680579579513196808e-01 6.240128919640386584e+01 1.221217275664842478e-02 9.994792927407442074e-01 -2.986647276160446854e-02 -6.847705372000469914e-01 -8.685614803416226160e-01 -4.195900446746969083e-03 -4.955636820288480959e-01 -1.112853049790834703e+01
-4.992658069462124204e-01 3.236167767844908699e-02 8.658443060157335891e-01 6.326812964850578425e+01 1.093987456940650506e-02 9.994580415448264255e-01 -3.104742040360556135e-02 -7.318550037959363763e-01 -8.663798159796931575e-01 -6.028686415788440250e-03 -4.993492595343235196e-01 -1.163629200610145276e+01
-5.051905318089905395e-01 3.118694804275034399e-02 8.624441357949342857e-01 6.414131433688392292e+01 1.121895948055871839e-02 9.994997101355851399e-01 -2.957134364624208409e-02 -7.768931157344948213e-01 -8.629349186286817686e-01 -5.263436122753680294e-03 -5.052876764267678622e-01 -1.212922092653139927e+01
-5.109308541412840299e-01 2.858017555494448206e-02 8.591465663492965366e-01 6.500802346378834784e+01 1.361518877143627453e-02 9.995908359033156554e-01 -2.515526561468091685e-02 -8.489105479571115165e-01 -8.595139912079898803e-01 -1.155157739968390137e-03 -5.111109252744586717e-01 -1.261698588006525590e+01
-5.156332257954875375e-01 2.664823325873075938e-02 8.563949058791163749e-01 6.587650362561053896e+01 1.113223498171692777e-02 9.996402218942329609e-01 -2.440287063550385452e-02 -8.796981130295083995e-01 -8.567371019613811978e-01 -3.049340669677727111e-03 -5.157443678498400130e-01 -1.314955943945840033e+01
-5.205898491886850055e-01 2.891556867732054947e-02 8.533171072901082344e-01 6.674381336392151809e+01 1.213845123113599031e-02 9.995760063966536713e-01 -2.646630717060653379e-02 -9.420759010379686771e-01 -8.537206093953652042e-01 -3.420141868881195965e-03 -5.207201138438869448e-01 -1.368368338218196278e+01
-5.258147145612791507e-01 3.167505469642133142e-02 8.500091550918053018e-01 6.757633761599379341e+01 1.310901835478931084e-02 9.994894897771567921e-01 -2.913611912579382873e-02 -9.835392719264290928e-01 -8.504981196167307189e-01 -4.177413658940648186e-03 -5.259615108442093900e-01 -1.420245326977002520e+01
-5.304876967626785955e-01 3.156512062740217395e-02 8.471047359709814595e-01 6.840488858732864230e+01 1.158623448810023639e-02 9.994831246061204322e-01 -2.998737693078550384e-02 -1.031527933964473842e+00 -8.476134582165989473e-01 -6.093179545965948449e-03 -5.305792228071543049e-01 -1.471147120232942385e+01
-5.348231199362292188e-01 3.187051754508317403e-02 8.443627701005744779e-01 6.922616872215397166e+01 1.002399768706661518e-02 9.994574069661911198e-01 -3.137532645525525909e-02 -1.091343232180532530e+00 -8.449045872565050797e-01 -8.316358684929850073e-03 -5.348523998197282081e-01 -1.521988595492619289e+01
-5.377263988787025495e-01 3.091748563262010710e-02 8.425523224824820190e-01 7.004563503762547327e+01 1.018872911538616470e-02 9.994927354491063287e-01 -3.017385562074443098e-02 -1.141489215182923456e+00 -8.430578398940092866e-01 -7.640740494080679179e-03 -5.377686404104269347e-01 -1.575575839857854810e+01
-5.410271990391899433e-01 2.451831228683849090e-02 8.406476130952861281e-01 7.083478579034212430e+01 1.187979148683147336e-02 9.996980167072553325e-01 -2.151153004537558963e-02 -1.186958869662296578e+00 -8.409211925302541024e-01 -1.651603582249052326e-03 -5.411550914845331128e-01 -1.627483139611826246e+01
-5.426790817045160642e-01 1.670700462685631091e-02 8.397739442477939464e-01 7.166753085443551186e+01 1.246845798207929512e-02 9.998522321499084820e-01 -1.183433139573315980e-02 -1.223699053736679865e+00 -8.398475834312849608e-01 4.048443008717494268e-03 -5.428072029495302209e-01 -1.678593986457638110e+01
-5.442238386241592396e-01 1.421154793023240125e-02 8.388196662958110617e-01 7.253257183361526472e+01 1.313004311785915222e-02 9.998783325876566819e-01 -8.421518124547994547e-03 -1.250426185829236037e+00 -8.388373066151094681e-01 6.430548453505227635e-03 -5.443442237345970103e-01 -1.733918174720126260e+01
-5.455892431864262093e-01 1.900007125750364026e-02 8.378373125063584004e-01 7.335286226077303695e+01 1.288461648592848993e-02 9.998149738861831226e-01 -1.428301891630771349e-02 -1.295110555647682071e+00 -8.379536836122143395e-01 3.002551920451028335e-03 -5.457331047388461753e-01 -1.784842797313854845e+01
-5.472862757794659805e-01 2.389479689796227338e-02 8.366043020916196227e-01 7.411087247040124737e+01 1.318604939666814628e-02 9.997144707266216734e-01 -1.992749603667787195e-02 -1.333680602765744183e+00 -8.368416050322986521e-01 1.254614827542405782e-04 -5.474450886761461632e-01 -1.836063433500014952e+01
-5.473146255343468436e-01 2.924551954254533959e-02 8.364157982272836245e-01 7.488647901523899009e+01 1.992083101562757211e-02 9.995613589173817370e-01 -2.191461194827499029e-02 -1.362403264139320447e+00 -8.366898305977050754e-01 4.667911102376083587e-03 -5.476571470848025092e-01 -1.888725773766273264e+01
-5.469902581017076493e-01 2.973344653445748539e-02 8.366107619168241527e-01 7.569951755048435871e+01 2.274351054977422418e-02 9.995279716304164008e-01 -2.065348924897538255e-02 -1.412604884343477751e+00 -8.368299718159250000e-01 7.730209261903944751e-03 -5.474083073149216272e-01 -1.939518712699231884e+01
-5.469654461601496376e-01 2.720421571690804369e-02 8.367130443623638225e-01 7.646541372064849895e+01 2.244877329226891913e-02 9.995890781868875807e-01 -1.782490701233066521e-02 -1.453594059775299652e+00 -8.368541478329400984e-01 9.033574227781695359e-03 -5.473513885764410558e-01 -1.992275311021351314e+01
-5.457517853647060324e-01 2.233571485055328709e-02 8.376491460252516452e-01 7.730497666250920474e+01 2.090433805854666205e-02 9.996964777689395509e-01 -1.303690731680453609e-02 -1.477175123257595590e+00 -8.376861040440570783e-01 1.039558649673471245e-02 -5.460530520780176866e-01 -2.044785708900893795e+01
-5.451680975134826079e-01 1.656523095880936894e-02 8.381630663436974160e-01 7.809807839231901028e+01 1.946877894461516642e-02 9.997852810184930661e-01 -7.096370415594932014e-03 -1.511112301657233425e+00 -8.381006643599125949e-01 1.244929774026385695e-02 -5.453735455735765347e-01 -2.093642049985842846e+01
-5.445020464913793434e-01 9.770327361671188315e-03 8.387025988133656185e-01 7.894234218484955079e+01 9.746082911068995949e-03 9.999383470769834803e-01 -5.321268304205515470e-03 -1.548893636950805508e+00 -8.387028954058854957e-01 5.276624564329956621e-03 -5.445636999480587548e-01 -2.149561550257500997e+01
-5.440075595940211395e-01 4.595070626114988559e-03 8.390677252777878348e-01 7.968355768081018198e+01 2.040310138915168037e-03 9.999892926870924681e-01 -4.153509680679665084e-03 -1.564872091929882858e+00 -8.390778413152717441e-01 -5.475813474812363853e-04 -5.440111112827269446e-01 -2.194168166092409322e+01
-5.420531433878104099e-01 4.689836508697865260e-03 8.403311146886777161e-01 8.049671613903043976e+01 4.497524666672025884e-03 9.999862955202575288e-01 -2.679745485608711099e-03 -1.588707296953588477e+00 -8.403321805081188645e-01 2.326846410372756645e-03 -5.420668086674661490e-01 -2.244841013647421235e+01
-5.381247102695086992e-01 8.466014548453922040e-03 8.428227036956303930e-01 8.130972510713837664e+01 1.044665849085899337e-02 9.999397390431112864e-01 -3.374254122360456978e-03 -1.615700865009108922e+00 -8.428004954759311662e-01 6.988912431788064407e-03 -5.381807251069530285e-01 -2.298063801361882241e+01
-5.337571297979042395e-01 1.143706832503373939e-02 8.455604690693353520e-01 8.206699095518493436e+01 1.097274817867942634e-02 9.999180265831255632e-01 -6.598400796917676739e-03 -1.641093714616576271e+00 -8.455666365944027874e-01 5.756179614917588359e-03 -5.338388731615448801e-01 -2.347597172993829062e+01
-5.257618418461780241e-01 1.287412969537656340e-02 8.505343786692267649e-01 8.283347511213709424e+01 1.578043761478273299e-02 9.998610088429289444e-01 -5.379661500384272203e-03 -1.669615069485971937e+00 -8.504854351059930595e-01 1.059338499861676997e-02 -5.258919261959839053e-01 -2.393793453003566185e+01
-5.173284267545017467e-01 1.607734589847868018e-02 8.556359065238540174e-01 8.364307079232580122e+01 2.402199580644051244e-02 9.997023523032039227e-01 -4.260337750833867627e-03 -1.692051201213860878e+00 -8.554497382172964182e-01 1.835008944076485515e-02 -5.175606562793545473e-01 -2.447029376590050376e+01
-5.067830847170331499e-01 1.501271608608954408e-02 8.619428692973075679e-01 8.446033425872373357e+01 2.195129385868201111e-02 9.997488842430095612e-01 -4.506563736870783030e-03 -1.722643895071080955e+00 -8.617940925582212586e-01 1.663691203955049505e-02 -5.069853732540468005e-01 -2.491082794222361230e+01
-4.957577593774528113e-01 1.263203114472053259e-02 8.683689665994965834e-01 8.531384961808264222e+01 1.811418603447786241e-02 9.998270913254385661e-01 -4.202818790796759331e-03 -1.745564217369554694e+00 -8.682719232551849853e-01 1.364621805803123249e-02 -4.959008587437777615e-01 -2.535903531757107743e+01
-4.850706795506883329e-01 9.664253627245147568e-03 8.744215369107468661e-01 8.609454158075465102e+01 1.968369766732177770e-02 9.998062486791980952e-01 -1.308240242776495315e-04 -1.763063933167652308e+00 -8.742533960510676661e-01 1.714839138393767226e-02 -4.851669259420654523e-01 -2.583870825956533679e+01
-4.730552899179158999e-01 8.471556477286815851e-03 8.809920041593030104e-01 8.692250596165651189e+01 1.905708757691717062e-02 9.998182057911843001e-01 6.186672433931468280e-04 -1.797565452787192708e+00 -8.808266191057291250e-01 1.708180671100544695e-02 -4.731307356382458695e-01 -2.624986944136671241e+01
-4.612179109765404683e-01 7.629813093101601995e-03 8.872540844346180622e-01 8.775897247218237851e+01 1.865152959624000184e-02 9.998254424973059828e-01 1.097700729538289002e-03 -1.809220284523309408e+00 -8.870908476997463321e-01 1.705492617845769804e-02 -4.612797108620508291e-01 -2.669306624009993456e+01
-4.497124883086753289e-01 9.723163871089530313e-03 8.931204418070033402e-01 8.857837633752099293e+01 2.265672319641024585e-02 9.997431659523242642e-01 5.243927763069372886e-04 -1.830489982435317575e+00 -8.928859747888476805e-01 2.047100977132018662e-02 -4.498172831185695553e-01 -2.707012392029121628e+01
