1.000000000000000000e+00 4.398956837314658088e-19 2.733407509747682871e-20 -8.673617379884035472e-19 -5.583667658079949532e-19 1.000000000000000000e+00 -6.100159232558060012e-19 0.000000000000000000e+00 4.145284534913582806e-20 -2.210423569125054137e-19 1.000000000000000222e+00 0.000000000000000000e+00
9.999405560457846898e-01 -5.285273490256637207e-04 1.089059446973021476e-02 7.969156132071290866e-02 5.272686779186513441e-04 9.999998539787118279e-01 1.184453371931193822e-04 -4.716513063513394499e-03 -1.089065566948255875e-02 -1.126960175681115229e-04 9.999406886938240202e-01 2.924764563363655978e-01
9.998525244919632682e-01 -2.287535226985582502e-03 1.702047216482191136e-02 9.982419733593222988e-02 2.276311375567914054e-03 9.999971788276063034e-01 6.787776033706433617e-04 -1.133750367562537387e-02 -1.702197716871548319e-02 -6.399335944033676454e-04 9.998549108543186570e-01 5.405034336416046914e-01
9.997929909306119134e-01 -5.170181520380093439e-03 1.967852990853139958e-02 8.856424616201508115e-02 5.204051268882056713e-03 9.999850638073515263e-01 -1.670330357067467859e-03 -6.947912188098731567e-03 -1.966960041673395526e-02 1.772392700212696223e-03 9.998049636916018779e-01 9.244599267021202937e-01
9.998252736600473645e-01 -5.980095500608911471e-03 1.771046692343917345e-02 8.862368393237034236e-02 6.018161891887784283e-03 9.999796922548236378e-01 -2.096853579131299859e-03 -1.033377686391066808e-02 -1.769756818696194625e-02 2.203071701541955193e-03 9.998409586207066546e-01 1.176581295406825101e+00
9.998931172653680033e-01 -1.001314337150501291e-02 1.065321716174958029e-02 9.026240231082559295e-02 1.005214893657337821e-02 9.999429444521790167e-01 -3.614156177269416473e-03 -1.240698197551313997e-02 -1.061642045881518517e-02 3.720857662988809843e-03 9.999367214085873590e-01 1.528162310693926162e+00
9.999424141665003152e-01 -1.064602278618843878e-02 -1.352984312872007383e-03 7.254379125986915033e-02 1.063946814387750801e-02 9.999320561191220591e-01 -4.762861005309344288e-03 -2.116643934219494816e-02 1.403597933718200332e-03 4.748191748302432735e-03 9.999877422194548560e-01 1.835736460633785594e+00
9.998019904543278269e-01 -1.048970468728593550e-02 -1.690993698748372714e-02 3.437063923558737744e-02 1.040445546660692146e-02 9.999327565394090511e-01 -5.121492783514048838e-03 -3.156097715452277352e-02 1.696252314191327298e-02 4.944540029849649534e-03 9.998438999965850726e-01 2.155291966816637483e+00
9.993381726960709477e-01 -6.420299626871780151e-03 -3.580497569086588117e-02 1.878262245272554337e-02 6.229710349567436911e-03 9.999658413958442127e-01 -5.432010684250968523e-03 -4.141105417163791491e-02 3.583862839542976964e-02 5.205361022892755762e-03 9.993440333552300325e-01 2.512262712330306069e+00
9.984555901918586995e-01 -3.826610069203802231e-03 -5.542374352218838035e-02 -4.065112961704599182e-02 3.485273173616636362e-03 9.999743696833085504e-01 -6.254026059298819530e-03 -5.050402456502324500e-02 5.544625566798759564e-02 6.051200400795125021e-03 9.984433363168522257e-01 2.871291760437578056e+00
9.971743847526202131e-01 -2.702309910723313131e-03 -7.507292265891710170e-02 -8.046656289304554566e-02 2.226799438218738433e-03 9.999769317017979109e-01 -6.416963876412649405e-03 -5.108162660486426088e-02 7.508853277403820803e-02 6.231659653432149171e-03 9.971573992428489630e-01 3.204515474536349995e+00
9.953317151871312607e-01 -3.076603062641315983e-03 -9.646403975479017623e-02 -1.318235447849128716e-01 2.483705917525503605e-03 9.999772853768624792e-01 -6.265774622993148385e-03 -6.299577262640160269e-02 9.648112757714018273e-02 5.996935864611278519e-03 9.953167481137421557e-01 3.597693765203532124e+00
9.932734148548958419e-01 -4.254488968482623805e-03 -1.157143996243898826e-01 -2.089503913261706591e-01 3.650772890171590998e-03 9.999786001386473666e-01 -5.428730629901898537e-03 -7.080618801471970369e-02 1.157350218265828096e-01 4.969766760225649387e-03 9.932676912759377252e-01 3.995169028114469612e+00
9.910702626794209991e-01 -3.953454633196627419e-03 -1.332820473392403449e-01 -2.930411436109003898e-01 3.363876948526907645e-03 9.999835381149064784e-01 -4.648421849773497032e-03 -7.201063319076526914e-02 1.332982328949424422e-01 4.158568175604693620e-03 9.910672469157966180e-01 4.383748838194726716e+00
9.887722467972851481e-01 -3.349585773031690718e-03 -1.493928500653763647e-01 -3.733070084476170503e-01 2.740962447870401789e-03 9.999870856073755920e-01 -4.279689127869196717e-03 -8.243289832781443283e-02 1.494052585169594050e-01 3.822157542973005605e-03 9.887686587020415585e-01 4.808219590097673191e+00
9.866814970565165321e-01 -2.863179624332055223e-03 -1.626389402648043547e-01 -4.543778636942102378e-01 2.208358515994372339e-03 9.999887126339050969e-01 -4.206869871132278525e-03 -8.131346408679500370e-02 1.626491523366180580e-01 3.791675461374917431e-03 9.866766831759046230e-01 5.228150065806158153e+00
9.845509372529108738e-01 -3.413862560791742183e-03 -1.750651213980721210e-01 -5.259217708738784802e-01 2.582573202648184591e-03 9.999842844589872382e-01 -4.976057352676117353e-03 -9.306938328853411879e-02 1.750793607585097167e-01 4.447063322063901820e-03 9.845442812971054725e-01 5.657066177787999806e+00
9.828109452160505022e-01 -6.318314085991784228e-03 -1.845067045867735955e-01 -6.370638295275362628e-01 5.142392674137236455e-03 9.999633081155676617e-01 -6.851146751842829979e-03 -1.083074610563415224e-01 1.845432255756554452e-01 5.784575977655989285e-03 9.828073755402962908e-01 6.099208211500142696e+00
9.813125141140631724e-01 -5.795213000537553956e-03 -1.923334714860357730e-01 -7.254074540355388567e-01 4.257423299292236590e-03 9.999555910021880045e-01 -8.407756160486916028e-03 -1.122417963975458344e-01 1.923736582116194471e-01 7.431791229511969417e-03 9.812936079520780952e-01 6.539740303908597063e+00
9.796779084872737631e-01 -6.303424816747057319e-03 -2.004780823349500973e-01 -8.221090252020919475e-01 4.301452429651461858e-03 9.999364582821148595e-01 -1.042002392216672194e-02 -1.156879410644254258e-01 2.005310289145400826e-01 9.345920215022330418e-03 9.796427722314748898e-01 7.009573183979139976e+00
9.780279263684563684e-01 -6.263394223607262300e-03 -2.083798073444541876e-01 -9.366755500287959890e-01 3.633948326914356389e-03 9.999089065787739594e-01 -1.299895990059359019e-02 -1.303852382632401385e-01 2.084422465236757394e-01 1.195610426799598516e-02 9.779615955995930587e-01 7.501975169350616923e+00
9.762901046602997512e-01 -9.764943152476801905e-03 -2.162458701059400135e-01 -1.057065709602822867e+00 6.719035956719642683e-03 9.998676599575708757e-01 -1.481611000494211655e-02 -1.363138697337831495e-01 2.163619343251652893e-01 1.301185773939571820e-02 9.762265136914088925e-01 8.006343476901310652e+00
9.744995462208664305e-01 -1.472279731099108632e-02 -2.239059456653273994e-01 -1.165301574070769064e+00 1.149006707694913247e-02 9.998101916660248056e-01 -1.573400711547152248e-02 -1.473426032816455844e-01 2.240950989180429120e-01 1.276008838257624602e-02 9.744837443257665655e-01 8.518785459588325892e+00
9.724280568311678419e-01 -1.530330936899918469e-02 -2.327004120740620574e-01 -1.296508721329481251e+00 1.139846373872106106e-02 9.997709152039204739e-01 -1.811607344831913172e-02 -1.642915908861244945e-01 2.329243438445300352e-01 1.496415082739638129e-02 9.723797228884479837e-01 9.020091976862527616e+00
9.703266288190022237e-01 -1.249052888510747070e-02 -2.414750893462309922e-01 -1.447640689153113058e+00 7.469932818267703035e-03 9.997367141777790955e-01 -2.169567734256464681e-02 -1.688021405035908251e-01 2.416825070308902812e-01 1.924809072622602271e-02 9.701644593212866985e-01 9.557317719535863176e+00
9.682827529191131433e-01 -9.664669323389045441e-03 -2.496699885118100204e-01 -1.599377320148406723e+00 3.607243227468552235e-03 9.996882047864165122e-01 -2.470791371411318674e-02 -1.843015323687919038e-01 2.498309407248248959e-01 2.302362632539753720e-02 9.680157101500208583e-01 1.007624455279988140e+01
9.659531980633612180e-01 -1.199870468885442729e-02 -2.584384815571044713e-01 -1.782903054994509962e+00 5.226938259580754011e-03 9.996251681770522701e-01 -2.687382095649492111e-02 -2.124400484956400215e-01 2.586640660877777553e-01 2.460801130894878577e-02 9.656538449115178446e-01 1.064474880983061666e+01
9.635510988885904737e-01 -1.334687702606815810e-02 -2.671912033136032982e-01 -1.929185554307806694e+00 6.022102593290961162e-03 9.995837460486233228e-01 -2.821469303912813031e-02 -2.337382573619647408e-01 2.674565665655027624e-01 2.557724564508596227e-02 9.632303935688172336e-01 1.120416228718299934e+01
9.614909122005232955e-01 -1.378964427697144772e-02 -2.744905641611372626e-01 -2.098101492304700333e+00 5.600537250272016702e-03 9.995161653563890969e-01 -3.059524736384710078e-02 -2.575071406948373776e-01 2.747796584268722420e-01 2.787975768315632472e-02 9.611029393836405532e-01 1.177837727720855909e+01
9.590096184899391529e-01 -1.335833728688055541e-02 -2.830584828646924844e-01 -2.298631593180164412e+00 3.800445569307329529e-03 9.994047419223531792e-01 -3.428875071944881975e-02 -2.813090379320577483e-01 2.833480355903283954e-01 3.180749343275159763e-02 9.584895282924932314e-01 1.236915073977371371e+01
9.565772520213993158e-01 -1.570385812944233295e-02 -2.910555753152444525e-01 -2.485809363884647460e+00 4.457617635933074952e-03 9.992189921771528205e-01 -3.926239044235135117e-02 -3.108741086036267975e-01 2.914448346561555048e-01 3.626009517075914207e-02 9.559001599004174343e-01 1.296143774673921278e+01
9.550057489950577461e-01 -1.595488132330676045e-02 -2.961578282902886383e-01 -2.679883758114983472e+00 2.329637592952345931e-03 9.989247380900850848e-01 -4.630270408901825119e-02 -3.522073600169856600e-01 2.965781403013929562e-01 4.352940833038683455e-02 9.540160371874712997e-01 1.358135139703045624e+01
9.535051074956063522e-01 -1.630390555255608817e-02 -3.009355258158655788e-01 -2.892378196341601093e+00 -1.352053702337514636e-05 9.985333121936300627e-01 -5.414078168326916241e-02 -3.844422194726968001e-01 3.013768587103160534e-01 5.162758088070273921e-02 9.521063931553557236e-01 1.418630900710253506e+01
9.522184316914495961e-01 -1.641977116173691520e-02 -3.049761424595063275e-01 -3.104406772874538589e+00 -2.891718672414031292e-03 9.980243399738468746e-01 -6.276188943560999378e-02 -4.319754109321920499e-01 3.054041543784062340e-01 6.064493342551102034e-02 9.502896908565179324e-01 1.484481728749546647e+01
9.511025716643004557e-01 -1.538970141867159608e-02 -3.084915772401606859e-01 -3.336122578806593797e+00 -6.860990966238564824e-03 9.974588994254052210e-01 -7.091312108782789336e-02 -4.836868302787393215e-01 3.087990061561589616e-01 6.956221012554421324e-02 9.485801361891877947e-01 1.544932355978882477e+01
9.499886679066795736e-01 -1.423703541224138371e-02 -3.119596698177009020e-01 -3.581651565511278612e+00 -1.068906732164460159e-02 9.968924340936324846e-01 -7.804625980066663693e-02 -5.397244794109635757e-01 3.121013872772074316e-01 7.747762073401942562e-02 9.468843353026943355e-01 1.608601815365574694e+01
9.481645458095810941e-01 -1.095427246838838985e-02 -3.175909252994935095e-01 -3.797409241285131021e+00 -1.680223356060596071e-02 9.962795702876230397e-01 -8.452634359892609306e-02 -6.034320156363947030e-01 3.173352805943354671e-01 8.548111959619925093e-02 9.444529104445523737e-01 1.675371252560618274e+01
9.465138545478047893e-01 -1.268724179393519377e-02 -3.224136393459978711e-01 -4.037513078617802620e+00 -1.744690313988292787e-02 9.957524511914788157e-01 -9.040277372765939679e-02 -6.671218024289364834e-01 3.221911390149905796e-01 9.119259791398515169e-02 9.422721381074812275e-01 1.742303291806522481e+01
9.447125098562864087e-01 -1.025919754120568211e-02 -3.277392565875735797e-01 -4.268662695361109982e+00 -2.249748958545271307e-02 9.951270892553319980e-01 -9.599968321060824150e-02 -7.445455210226235021e-01 3.271270977243310174e-01 9.806541279476399531e-02 9.398782043659410501e-01 1.811766878825656235e+01
9.429501676397915588e-01 -7.697065899545556429e-03 -3.328449100978507769e-01 -4.532828911965699703e+00 -2.658676530471092841e-02 9.947991289524042990e-01 -9.832515922313009304e-02 -8.235572378037525620e-01 3.318706475176619874e-01 1.015649955180934205e-01 9.378413657746786924e-01 1.880798699336753188e+01
9.412740009621148873e-01 -6.876334737340993389e-03 -3.375736493346399580e-01 -4.813603017884024560e+00 -2.874269756306729526e-02 9.945315723145803366e-01 -1.004032320112734078e-01 -9.003685944224399940e-01 3.364180641986241893e-01 1.042097298703562602e-01 9.359290681977031623e-01 1.950516727328983535e+01
9.391515286124966222e-01 -6.781735253520802115e-03 -3.434361831366622986e-01 -5.102012035914855304e+00 -2.926925091776418075e-02 9.945890864917475982e-01 -9.967878398482629687e-02 -9.822584427488205705e-01 3.422538806008770806e-01 1.036656028152972697e-01 9.338713650692986867e-01 2.021475540678653360e+01
9.366396150585911684e-01 -5.248221142669397959e-03 -3.502551714127157267e-01 -5.349046315747904679e+00 -3.119727973684627634e-02 9.946646710942110836e-01 -9.833067586170077257e-02 -1.066790564358135907e+00 3.489025119432910826e-01 1.030274155838066669e-01 9.314786048926788631e-01 2.096246202745106757e+01
9.343712268462986970e-01 -6.036986335525429750e-03 -3.562498597648375287e-01 -5.633203154381792643e+00 -3.032213619671714211e-02 9.948818609688662162e-01 -9.638802194142832847e-02 -1.147804557796053393e+00 3.550084226710473745e-01 1.008644516922298506e-01 9.294059311573786841e-01 2.165916283056915148e+01
9.315119712273293162e-01 -5.651819924984599966e-03 -3.636667452972366377e-01 -5.956755842363554265e+00 -3.045260395032740180e-02 9.951564027647228361e-01 -9.346856667302984312e-02 -1.233153823031244878e+00 3.624335637408431787e-01 9.814168873164262619e-02 9.268279902747597054e-01 2.237173590059856920e+01
9.276680841279431045e-01 -2.803802931076604475e-03 -3.733953152939923914e-01 -6.261533847868057556e+00 -3.236711958895019392e-02 9.956042664191746550e-01 -8.788921593123823206e-02 -1.312396882579532020e+00 3.720003993570730749e-01 9.361775190829524362e-02 9.234995518581881058e-01 2.317217142250552797e+01
9.244697044955229037e-01 9.526642748322654373e-05 -3.812554961995108793e-01 -6.602625406415517872e+00 -3.423019121231819784e-02 9.959820772355676421e-01 -8.275261848474496640e-02 -1.393248051439522017e+00 3.797157640016183278e-01 8.955273777205494112e-02 9.207585181290155463e-01 2.389625385470975516e+01
9.210063148076527151e-01 4.467143166492008356e-03 -3.895220270767855153e-01 -6.912812717009462204e+00 -3.820243119360338530e-02 9.961499776305156040e-01 -7.890371577721198848e-02 -1.461609935221649614e+00 3.876698909894628620e-01 8.755150938149459938e-02 9.176310761508458258e-01 2.462966808632429405e+01
9.168791339155061282e-01 4.548880184750673898e-03 -3.991390211436630642e-01 -7.228800760190098096e+00 -3.827603904509704197e-02 9.963292058151883568e-01 -7.657061135611133162e-02 -1.538106216329327758e+00 3.973255602034820311e-01 8.548345700482487541e-02 9.136875729803016766e-01 2.537734049269026571e+01
9.128184038864816108e-01 6.184068419624520058e-03 -4.083188893542231690e-01 -7.591347185948367660e+00 -4.085598164493092072e-02 9.962515452771225632e-01 -7.624727767325395478e-02 -1.612176179764552186e+00 4.063168130520264376e-01 8.628218777695022268e-02 9.096494021700403110e-01 2.613649443396320748e+01
9.090987634461251687e-01 5.233317029788683156e-03 -4.165477729491499637e-01 -7.962257954092367918e+00 -4.010028766907380859e-02 9.963769776261047761e-01 -7.499923626795927667e-02 -1.677346735640501185e+00 4.146461233622143472e-01 8.488539887612407686e-02 9.060149363712352022e-01 2.689720165684903108e+01
9.053497889259483067e-01 5.662491720274125465e-03 -4.246288876279007418e-01 -8.344423923669328502e+00 -4.079804962002218927e-02 9.964457736078777828e-01 -7.369762183888485529e-02 -1.749769010172670614e+00 4.227023554900714020e-01 8.404615719098515458e-02 9.023629900085756717e-01 2.769701361127669870e+01
9.014462291100374669e-01 5.605149672052633404e-03 -4.328547961143850431e-01 -8.740011880525038634e+00 -4.044385409061215103e-02 9.966331295999923956e-01 -7.132110283889674107e-02 -1.830510506744000843e+00 4.309976720384350313e-01 8.179845578595175415e-02 8.986378709299819301e-01 2.847484300308989091e+01
8.975010409526952282e-01 5.716262202475222952e-03 -4.409752849119820683e-01 -9.128165958004384350e+00 -3.926280085336682907e-02 9.969810624508735897e-01 -6.698651838199501385e-02 -1.905017531318274004e+00 4.392611030912685899e-01 7.743439508236557578e-02 8.950159784271241037e-01 2.925996671776883673e+01
8.937311859538383807e-01 8.264357558716033461e-03 -4.485267702021445979e-01 -9.528604677772342768e+00 -4.031328358237151049e-02 9.972646040173948068e-01 -6.195279501092978980e-02 -1.955328017301158905e+00 4.467878794895200345e-01 7.345073210671113073e-02 8.916196412625375656e-01 3.006729913134401144e+01
8.899727675838197127e-01 6.764838223902646872e-03 -4.559634916772012381e-01 -9.960290028269120910e+00 -3.695234014339630890e-02 9.976715513273949343e-01 -5.732364515658090742e-02 -2.027063486395642045e+00 4.545140267062718897e-01 6.786540137539423534e-02 8.881504889036661021e-01 3.085493590376797357e+01
8.862881034019642890e-01 6.278202293391055462e-03 -4.630917594219186029e-01 -1.039587122574742395e+01 -3.591995454116630321e-02 9.978280225246881630e-01 -5.521770000094720215e-02 -2.090984664222020672e+00 4.617392745900017470e-01 6.557302573783391209e-02 8.845886189823749524e-01 3.168598066282944714e+01
8.831773127641300292e-01 6.626322608295169038e-03 -4.689924537417878847e-01 -1.084447584997020364e+01 -3.632663644654822444e-02 9.978631493740128811e-01 -5.430939762804841420e-02 -2.152533112148546923e+00 4.676304233659405729e-01 6.500174639056247039e-02 8.815308074279546435e-01 3.249793261954278734e+01
8.800944486622037655e-01 5.853594918433939302e-03 -4.747625641957667342e-01 -1.128613083944962980e+01 -3.485708163697111284e-02 9.980222937942819783e-01 -5.231142334132457550e-02 -2.207960457973158874e+00 4.735174215807250175e-01 6.258783088823889618e-02 8.785579202991506964e-01 3.332102904345447314e+01
8.768925731408270252e-01 6.255515929116574163e-03 -4.806456897644195703e-01 -1.176006342715490938e+01 -3.499725501592085286e-02 9.980924482268794806e-01 -5.085918793906119700e-02 -2.263379987613097111e+00 4.794106910057956417e-01 6.141932408615722455e-02 8.754387817066103805e-01 3.414709298397453097e+01
8.745715986599558178e-01 5.392748886829509293e-03 -4.848664067578323800e-01 -1.224055594964731064e+01 -3.423829268844862106e-02 9.981291268345342527e-01 -5.065555784476240275e-02 -2.329520308400536699e+00 4.836861188194258032e-01 6.090291027626075493e-02 8.731200253078551521e-01 3.499773527376971316e+01
8.724275237661740512e-01 5.477650869738758151e-03 -4.887128056163527190e-01 -1.273516939196314368e+01 -3.492399557793535170e-02 9.980797480999396010e-01 -5.115790290115612704e-02 -2.384504316849919370e+00 4.874941371705787119e-01 6.169936653689675476e-02 8.709435452843152792e-01 3.581147446524048661e+01
8.707261062131200768e-01 5.902951745087547247e-03 -4.917328525962191277e-01 -1.322279854032073132e+01 -3.594848536928315491e-02 9.980167606593314256e-01 -5.167448024428393516e-02 -2.435759074118026835e+00 4.904526051238288220e-01 6.267137036246119008e-02 8.692114507963821790e-01 3.668709149715380136e+01
8.703387720536115424e-01 3.109455673584965701e-03 -4.924436499134827172e-01 -1.373002090483265647e+01 -3.245861218632038747e-02 9.981677656234513307e-01 -5.106417749093403874e-02 -2.497360563339613204e+00 4.913826043810551325e-01 6.042717110169262829e-02 8.688450367310909250e-01 3.757478192505874404e+01
8.698844062711581504e-01 4.472937671391901022e-03 -4.932353472056223431e-01 -1.423591604836448532e+01 -3.302270937089214764e-02 9.982435181322876216e-01 -4.918718565760329953e-02 -2.557460500238421197e+00 4.921489855084776321e-01 5.907513341223455394e-02 8.685041792857869369e-01 3.845888266510334574e+01
8.698337647059445343e-01 2.524654435687618236e-03 -4.933384670556761886e-01 -1.476640221300974432e+01 -3.071108122429945173e-02 9.983245711041389692e-01 -4.903957865319574089e-02 -2.616328879504913996e+00 4.923881140107317367e-01 5.780723913992719815e-02 8.684539556302810492e-01 3.936438617233770998e+01
8.693534771341449030e-01 1.945736504650828714e-03 -4.941869495133298096e-01 -1.526023186915480956e+01 -3.034053378474487264e-02 9.983159926571810727e-01 -4.944320851358462166e-02 -2.682883320702186936e+00 4.932585400888186422e-01 5.797752116846738996e-02 8.679485148613305112e-01 4.023024005814230009e+01
8.677727053172069605e-01 3.019433698872619793e-04 -4.969612015583626530e-01 -1.580134984535632903e+01 -2.884131149439411040e-02 9.983449443483028984e-01 -4.975490825257603694e-02 -2.744922429339879066e+00 4.961236884814749226e-01 5.750896423511389632e-02 8.663452023256731360e-01 4.117483475766518808e+01
8.667023679650285306e-01 -1.021216651189615823e-03 -4.988245759446552352e-01 -1.633186681004259810e+01 -2.662270283154534803e-02 9.984779743754770287e-01 -4.830079115757492797e-02 -2.797606713643057574e+00 4.981146863001671421e-01 5.514246858194927353e-02 8.653560378938333075e-01 4.206352940567008858e+01
8.645301468775830056e-01 -1.755023770597570216e-04 -5.025809281651169025e-01 -1.687378333749313342e+01 -2.553244641509127416e-02 9.986933135217168633e-01 -4.426917383953204305e-02 -2.864380565984028237e+00 5.019319904474218719e-01 5.110415599889930188e-02 8.633959967148324699e-01 4.301512910853261218e+01
8.618761988551977282e-01 -1.001872677485467688e-03 -5.071177467146169571e-01 -1.741867833025762735e+01 -2.275046587795905018e-02 9.989148462361434611e-01 -4.063922135422362580e-02 -2.928164816414493998e+00 5.066081700342879302e-01 4.656314259239075631e-02 8.609181382864776744e-01 4.391453531636229002e+01
8.576732960606034961e-01 -2.797310831439284076e-03 -5.141874046333295700e-01 -1.795969585383246780e+01 -1.975086626459760311e-02 9.990680065270184373e-01 -3.837996418974515961e-02 -2.989201305041030654e+00 5.138155548720003685e-01 4.307311699056291104e-02 8.568187015478306856e-01 4.479709504897627426e+01
8.526268874389122399e-01 -4.221790997622922210e-03 -5.225031693208259664e-01 -1.854088253150910504e+01 -1.973563425441997310e-02 9.989936419465701434e-01 -4.027664491023909277e-02 -3.051324095444258422e+00 5.221473926222178763e-01 4.465288177853610208e-02 8.516855205057013434e-01 4.570914874017253027e+01
8.472417769176993074e-01 -8.076191452995698170e-03 -5.311460637822921216e-01 -1.909599878247069782e+01 -1.765935933505069499e-02 9.989035427401474765e-01 -4.335734490424116711e-02 -3.106190826744716471e+00 5.309138561904063192e-01 4.611385309317112685e-02 8.461701928899283409e-01 4.658910465689506708e+01
8.405666837454883744e-01 -7.951670743108965947e-03 -5.416497165153548732e-01 -1.969886091916354687e+01 -1.819963940287943477e-02 9.989132530929674125e-01 -4.290787748604530522e-02 -3.174206340827961714e+00 5.414022790044750177e-01 4.592476175176548464e-02 8.395084837127129163e-01 4.751007800334161857e+01
8.352800853460053965e-01 -3.718092114744374257e-03 -5.498121033057572493e-01 -2.030774312332573928e+01 -2.083777606526597548e-02 9.990446588503059111e-01 -3.841297631033070703e-02 -3.212434981406087520e+00 5.494296776334252064e-01 4.354245552931256674e-02 8.344046319012831114e-01 4.835261002410283737e+01
8.296554549318210237e-01 3.466234171717938049e-04 -5.582756486777693539e-01 -2.087069282484472410e+01 -2.319551599889003307e-02 9.991576984044197030e-01 -3.385058052196385919e-02 -3.279169887434980613e+00 5.577936884214779178e-01 4.103381040205451857e-02 8.289646757031335911e-01 4.925699145979194782e+01
8.254887884528568920e-01 8.750160767448973828e-04 -5.644178313218002341e-01 -2.151296575446605530e+01 -2.446024361136803563e-02 9.991147680993297531e-01 -3.422538087420005232e-02 -3.327416456850260662e+00 5.638882526153992103e-01 4.205846572745793738e-02 8.247794433342837683e-01 5.012913251061550568e+01
8.224217544525258550e-01 -3.037796741300130814e-03 -5.688701287095658810e-01 -2.213231797071906115e+01 -2.320936633497991397e-02 9.989739743927505966e-01 -3.888860814048435144e-02 -3.373643200169795797e+00 5.684045988743774425e-01 4.518595245954909467e-02 8.215074241247658504e-01 5.102907964863002377e+01
8.193913355286662759e-01 -5.193971299049037621e-03 -5.732110044137096461e-01 -2.274719209386048036e+01 -2.520941196288446762e-02 9.986650079176269124e-01 -4.508533634687255515e-02 -3.457235158663197527e+00 5.726799540691218660e-01 5.139284627905780362e-02 8.181665184156017290e-01 5.187272012771360608e+01
8.161801876495777819e-01 -4.785374328133092971e-03 -5.777776346007962305e-01 -2.336670421512405582e+01 -2.742733838752734604e-02 9.985175898931351046e-01 -4.701450660322941538e-02 -3.500343610920646498e+00 5.771461231479337872e-01 5.421921150561983399e-02 8.148390246096487433e-01 5.273668323356509546e+01
8.131863271003276772e-01 -4.484351413973890026e-03 -5.819861523148238680e-01 -2.398787480220255830e+01 -2.527463190291798223e-02 9.987548522294484865e-01 -4.301090763713304177e-02 -3.572012474739648002e+00 5.814543795976668816e-01 4.968536772049742672e-02 8.120604504339365981e-01 5.358036296554532640e+01
8.099142102990906089e-01 -2.707463741783673779e-03 -5.865420999172751282e-01 -2.464157846641324667e+01 -2.443458772925247505e-02 9.989655338553740105e-01 -3.835118169532787669e-02 -3.631178846797487036e+00 5.860391865084194629e-01 4.539308133099426851e-02 8.090102265226749578e-01 5.447984442903673141e+01
8.065687001650236887e-01 -1.919030132478746894e-03 -5.911372450792748978e-01 -2.529375197878508530e+01 -2.360228632213143968e-02 9.990928029059510385e-01 -3.544719039837935376e-02 -3.680275608310216828e+00 5.906690014998320359e-01 4.254278466433563527e-02 8.057916907070308277e-01 5.530906878919925163e+01
8.038355536320700434e-01 -7.271492440324704059e-04 -5.948511302617333074e-01 -2.591966074471678994e+01 -2.564514024655470403e-02 9.990271442079315944e-01 -3.587606398751435471e-02 -3.739764367880202389e+00 5.942985233932166489e-01 4.409349629544283972e-02 8.030348905400482851e-01 5.616747391010750334e+01
7.998449538984621077e-01 -2.163919101701964817e-03 -6.002027659620040589e-01 -2.660575182189779753e+01 -2.508345951699917156e-02 9.989993530159232415e-01 -3.702854007915849094e-02 -3.782336872324235877e+00 5.996823119784699951e-01 4.467225259282602695e-02 7.989903137143279377e-01 5.703374185766609372e+01
7.962017111841329653e-01 -3.487960081617697862e-03 -6.050212080844061813e-01 -2.723246652677391566e+01 -2.562668013561388361e-02 9.988915655675876248e-01 -3.948307930313212089e-02 -3.854481107912627991e+00 6.044883075693859853e-01 4.694118017482006022e-02 7.952297897951330352e-01 5.789634309605577300e+01
7.917791906598874441e-01 -4.618520061148560264e-03 -6.107899601153498059e-01 -2.787816746013678326e+01 -2.506104253436645252e-02 9.988837386787658978e-01 -4.004023971878097055e-02 -3.900827544514809730e+00 6.102930960782066983e-01 4.701006166090820892e-02 7.907796140949174823e-01 5.873207978143236119e+01
7.875964054750417276e-01 -4.857036556227567817e-03 -6.161723006022936655e-01 -2.857587420613300822e+01 -2.439651768191291453e-02 9.989390762797180079e-01 -3.905805745143783869e-02 -3.971017721188802252e+00 6.157083058209884552e-01 4.579444395729390105e-02 7.866423318442714585e-01 5.957691210328386688e+01
7.829249763934874595e-01 -4.637683838713427785e-03 -6.220988392923143540e-01 -2.925986260077134204e+01 -2.480794949770787072e-02 9.989441038432411712e-01 -3.866837318964703313e-02 -4.017995666234118524e+00 6.216213099259492170e-01 4.570743162544643051e-02 7.819832383578220192e-01 6.041782280102596303e+01
7.774150609548630131e-01 -4.367703204055856971e-03 -6.289727646236054071e-01 -2.993990058438255986e+01 -2.575473030065359575e-02 9.989162148892725135e-01 -3.876969882733057732e-02 -4.078862373670348873e+00 6.284604386795238362e-01 4.633917156727631464e-02 7.764600219428385852e-01 6.125198967989453536e+01
7.718419602774364563e-01 -5.792131155870863801e-03 -6.357880400658005859e-01 -3.065020372680965366e+01 -2.515928492368449745e-02 9.988971014863391451e-01 -3.964329793617432651e-02 -4.133725363267815922e+00 6.353164605164971501e-01 4.659433311048425536e-02 7.708449719320276117e-01 6.210872951737245273e+01
7.665431522141705756e-01 -6.809976324833769828e-03 -6.421566881946052519e-01 -3.134069454295280721e+01 -2.481515469052974002e-02 9.988828617069579474e-01 -4.021488196756438371e-02 -4.192567040704274106e+00 6.417131838268061994e-01 4.676165980781663012e-02 7.655178277819366661e-01 6.290013927696817575e+01
7.604984623825078449e-01 -9.438425579256492018e-03 -6.492711273845043207e-01 -3.205671943727119100e+01 -2.245249747208662161e-02 9.989142157922964449e-01 -4.082003044435989630e-02 -4.249631261653149750e+00 6.489514470586003059e-01 4.562132858432244725e-02 7.594608098380587480e-01 6.374064157158293398e+01
7.544244478940353993e-01 -1.204912894229547005e-02 -6.562762853956412012e-01 -3.278446672347199353e+01 -2.067733875475440478e-02 9.988990200494737293e-01 -4.210932725291855611e-02 -4.320233507174086718e+00 6.560611303919170467e-01 4.533835287778617551e-02 7.533446986941300105e-01 6.453806368591536113e+01
7.483883122350745154e-01 -1.132417049843702228e-02 -6.631641493429022427e-01 -3.353813366702375021e+01 -2.245132864961168692e-02 9.988487276454349750e-01 -4.239289046862999844e-02 -4.375859163240982674e+00 6.628807425422594823e-01 4.661525986364883217e-02 7.472724717088866653e-01 6.537694305017660668e+01
7.422585773388775676e-01 -1.221000630046516905e-02 -6.700023221271347307e-01 -3.427278429166606344e+01 -2.055783164852309497e-02 9.989484731659555861e-01 -4.097955042597546671e-02 -4.436864140857855077e+00 6.697981688291593239e-01 4.419121756369686488e-02 7.412270622048287017e-01 6.621948348191520495e+01
7.360657743002110287e-01 -1.105293524633783019e-02 -6.768197691464559185e-01 -3.504392352045444170e+01 -2.151079805100802878e-02 9.989797678627986288e-01 -3.970779528728311109e-02 -4.502601053990121116e+00 6.765681552282124533e-01 4.378648226689819956e-02 7.350770598257129196e-01 6.703245054167445005e+01
7.288139202636505498e-01 -1.356057881514786088e-02 -6.845775131654228129e-01 -3.580491075009821600e+01 -1.974519014395076030e-02 9.989718311399935491e-01 -4.080941177055995989e-02 -4.558605214097769753e+00 6.844270629368174319e-01 4.325958034426210380e-02 7.277968212313252749e-01 6.784119857408279586e+01
7.233554967615773990e-01 -1.481607004476347828e-02 -6.903168116428207712e-01 -3.658786195229951943e+01 -1.951342482294749978e-02 9.989317769934813462e-01 -4.188712448134893768e-02 -4.625751376533533410e+00 6.902000138205831581e-01 4.376972674831527965e-02 7.222936804693673718e-01 6.862720624144533588e+01
7.173414250562388794e-01 -1.286396542658185989e-02 -6.966030355961311260e-01 -3.736774143130086401e+01 -2.265486704857666914e-02 9.988701581047828570e-01 -4.177516351676440615e-02 -4.680915522129349249e+00 6.963533905731608131e-01 4.574850430107745003e-02 7.162395122034291850e-01 6.939525684913080283e+01
7.116166937951936555e-01 -1.455908190709482956e-02 -7.024170449358276835e-01 -3.818425082345415689e+01 -2.044501465081970462e-02 9.989327147737812052e-01 -4.141778320877092384e-02 -4.744792338592260350e+00 7.022703826155695106e-01 4.383451251971794138e-02 7.105595361456088499e-01 7.022043360713418281e+01
7.073400150341466741e-01 -1.363037848592112654e-02 -7.067420367981417373e-01 -3.898611401667992737e+01 -2.212516676832356616e-02 9.988972847536834454e-01 -4.140883415767190878e-02 -4.793044396309764643e+00 7.065271318499811715e-01 4.492691060154364868e-02 7.062584470013606452e-01 7.102844526659649205e+01
7.020803302371657617e-01 -1.511294434446476542e-02 -7.119373563346456102e-01 -3.981472078263638537e+01 -2.109967465925513888e-02 9.988942872155265329e-01 -4.201198321825153764e-02 -4.870468072790476555e+00 7.117850951424983252e-01 4.451743344075271419e-02 7.009851538220409628e-01 7.182444651128052726e+01
6.960820512709051666e-01 -1.698616056133233840e-02 -7.177612685586429730e-01 -4.065749046877699158e+01 -2.075641236396843017e-02 9.988261136547713637e-01 -4.376718019036719004e-02 -4.939434196529875365e+00 7.176621471376577466e-01 4.536369723116273622e-02 6.949123593011672373e-01 7.261128709385160107e+01
6.915037241960485526e-01 -1.911019157211858027e-02 -7.221200663943873055e-01 -4.150656040886232745e+01 -2.094831838475412142e-02 9.986990900487634493e-01 -4.648973570774184855e-02 -5.010599180328385138e+00 7.220690934252448345e-01 4.727502625392573238e-02 6.902038147466452722e-01 7.341202276866775378e+01
6.871358993048648500e-01 -1.948485635306934291e-02 -7.262675722103395515e-01 -4.235066688046614303e+01 -2.206211507025056598e-02 9.986196970042146015e-01 -4.766512214578898926e-02 -5.062721920209475535e+00 7.261938634883029486e-01 4.877541514399756639e-02 6.857575674312474945e-01 7.418282443666375059e+01
6.819543665676801592e-01 -1.911164398214229565e-02 -7.311449767628231955e-01 -4.320582692664711288e+01 -2.168187706941352225e-02 9.986909373513628285e-01 -4.632826237095175048e-02 -5.138139654097543030e+00 7.310732840511205977e-01 4.744635613198648627e-02 6.806472702797410346e-01 7.496054932822569583e+01
6.770139906857213230e-01 -1.922845711291994858e-02 -7.357189088226813167e-01 -4.405508458360589685e+01 -2.082438618937026628e-02 9.987579004979556530e-01 -4.526589407895179051e-02 -5.206949729617149636e+00 7.356754787279268237e-01 4.596653806576918994e-02 6.757726521518038210e-01 7.573770907445650380e+01
6.718581636673172097e-01 -2.060520617709364968e-02 -7.403931544933841646e-01 -4.491919513771374284e+01 -1.923714222429358939e-02 9.987903236357295045e-01 -4.525286511537746081e-02 -5.284344035632321024e+00 7.404299757862305986e-01 4.464655504623868398e-02 6.706490484750928793e-01 7.651989869894124752e+01
6.671590929345538878e-01 -2.020023121035014260e-02 -7.446413130451784435e-01 -4.580792154372866065e+01 -2.042232023633473378e-02 9.987605177563770864e-01 -4.539115596915114376e-02 -5.345269118892052695e+00 7.446352680534588098e-01 4.549042557817194188e-02 6.659196265306923657e-01 7.728333390297113681e+01
6.621434612351390081e-01 -2.176772193773763436e-02 -7.490608737831733199e-01 -4.669658972687484777e+01 -1.829984683339356058e-02 9.988102458142826823e-01 -4.520186379690149109e-02 -5.402646797156065439e+00 7.491536300038267315e-01 4.363781756662905159e-02 6.609573283458353155e-01 7.805978411100038272e+01
6.581913086008904790e-01 -2.250970231608274974e-02 -7.525141221950820691e-01 -4.759055774673290529e+01 -1.724973974825668929e-02 9.988395996791435971e-01 -4.496554923142511567e-02 -5.475805792636639246e+00 7.526530786840210929e-01 4.257660620203697344e-02 6.570392577360789632e-01 7.884119982364315149e+01
6.544999632643017096e-01 -2.545628564133562907e-02 -7.556333535841865956e-01 -4.849473402445237014e+01 -1.370464758866298677e-02 9.988693708739683208e-01 -4.552101253893815064e-02 -5.543676098403945929e+00 7.559378214535401597e-01 4.014918957539910516e-02 6.534110981715479660e-01 7.961579710375399088e+01
6.505116195277876878e-01 -2.880236380240754068e-02 -7.589499628139366738e-01 -4.941475211826043079e+01 -1.230227382143089798e-02 9.987499717659501508e-01 -4.844737319761789618e-02 -5.622629803597444464e+00 7.593966659092712401e-01 4.085238918977825845e-02 6.493441281273044652e-01 8.039038352644220708e+01
6.455015250811424465e-01 -3.370030195695727232e-02 -7.630151112653597023e-01 -5.031337425389861551e+01 -7.923969359369785123e-03 9.986767789522149608e-01 -5.081241869748189671e-02 -5.685847224239747533e+00 7.637178806497695316e-01 3.884560183602744216e-02 6.443803447792258998e-01 8.115192593066790039e+01
6.393945303003940595e-01 -3.739122955181023444e-02 -7.679690877241716063e-01 -5.124772004128568170e+01 -2.319657286763609095e-03 9.987184652343810143e-01 -5.055735734374285778e-02 -5.766903122010973881e+00 7.688753236738757879e-01 3.410752250861631696e-02 6.384883902129583344e-01 8.190631432149893953e+01
6.308372133092144951e-01 -4.041805303451811993e-02 -7.748617813765169560e-01 -5.215232376612717502e+01 1.621086366496118708e-03 9.987088271976347631e-01 -5.077450679626217128e-02 -5.848386895519738893e+00 7.759135210333494292e-01 3.077433013689313129e-02 6.300882156916951526e-01 8.269197657805712254e+01
6.215272481594787957e-01 -4.151255195454846975e-02 -7.822918742855881069e-01 -5.311284231542427392e+01 4.212539640929998698e-03 9.987576686355733591e-01 -4.965253096519284953e-02 -5.928440647559892085e+00 7.833812253640910495e-01 2.756496500117324236e-02 6.209299797271563559e-01 8.343804033432844847e+01
6.128417617399390949e-01 -4.024731313265638571e-02 -7.891800285206772569e-01 -5.404245237936009261e+01 4.682335257510848725e-03 9.988695100167490626e-01 -4.730515485678733756e-02 -5.992384629589373013e+00 7.901917874425984367e-01 2.529536854004429611e-02 6.123374027815866594e-01 8.417155486672925235e+01
6.040391062695135149e-01 -4.090987395194484871e-02 -7.959039695165243122e-01 -5.507516152076144067e+01 5.744928170331482266e-03 9.988791743017763070e-01 -4.698287906649925572e-02 -6.073100452669707217e+00 7.969339773317904996e-01 2.380708469770789412e-02 6.035971091147431800e-01 8.489961704772511553e+01
5.945719030402294436e-01 -4.083275278965103200e-02 -8.030049356036365049e-01 -5.603581332568474238e+01 2.568284841545785419e-03 9.988009978083189910e-01 -4.888732630773320181e-02 -6.139214538608542604e+00 8.040383489322984190e-01 2.700468480907173424e-02 5.939638812857950256e-01 8.563053882677586159e+01
5.847607712127564916e-01 -4.364089038361680661e-02 -8.100310494883126156e-01 -5.703882518401978530e+01 5.286849374427810520e-03 9.987356808533354169e-01 -4.999088908730578429e-02 -6.229325244935895789e+00 8.111885726566634425e-01 2.495019826207006686e-02 5.842521709179663292e-01 8.632118638986551673e+01
5.749438495317300557e-01 -4.418048359491823923e-02 -8.169991692537879047e-01 -5.802355063548628067e+01 3.336360323011894596e-03 9.986593566395850496e-01 -5.165615235399350497e-02 -6.286637956014459405e+00 8.181860726754917046e-01 2.697358304072851667e-02 5.743204580296279449e-01 8.702973400017867789e+01
5.649075150363699338e-01 -4.614263922624899789e-02 -8.238630613867444774e-01 -5.908214049921950561e+01 7.619532315182613556e-03 9.986843842561788920e-01 -5.070940093341414628e-02 -6.358405149528421063e+00 8.251190540317751010e-01 2.236866997098911972e-02 5.645159002966152473e-01 8.773627581680966614e+01
5.548857138714395898e-01 -4.554874728135497458e-02 -8.306787246519515833e-01 -6.010702412787819782e+01 7.894735588365559345e-03 9.987433845551411116e-01 -4.949065498241184136e-02 -6.450087906941392113e+00 8.318891326587607438e-01 2.090366803101515944e-02 5.545480323893842156e-01 8.843370025015227043e+01
5.440738885316247497e-01 -4.582418685658432023e-02 -8.377850171403473656e-01 -6.116304004559776075e+01 8.035212908282334671e-03 9.987462560266436862e-01 -4.941003338739385214e-02 -6.534047102978776778e+00 8.389988383358452095e-01 2.015092750243978673e-02 5.437599674405878547e-01 8.910163775800508290e+01
5.338843337197245464e-01 -4.602908889882501714e-02 -8.443037535318431708e-01 -6.217444553973352583e+01 5.800383717055041313e-03 9.986931124708724461e-01 -5.077817078322129779e-02 -6.612378732328966002e+00 8.455376310428232012e-01 2.221238363496557885e-02 5.334535944985854261e-01 8.973552160222691043e+01
5.238392613706904788e-01 -4.757407731831031494e-02 -8.504875791468777813e-01 -6.328005879421853308e+01 6.375613924138488417e-03 9.986301740625895818e-01 -5.193387115380902058e-02 -6.687078335166220633e+00 8.517932799321790149e-01 2.178261974890543726e-02 5.234250079007037870e-01 9.038290643592638673e+01
5.143674930835108183e-01 -4.747619064287553897e-02 -8.562546817892715545e-01 -6.433716136254173534e+01 4.294923256354129734e-03 9.985964797578262830e-01 -5.278848574145388051e-02 -6.784173081700073382e+00 8.575591220506632029e-01 2.347513243497246008e-02 5.138494756856909484e-01 9.101513436165818405e+01
