1 0 0 0 0 1 0 0 0 0 1 0
0.99986936 0.00057704981 0.016153398 -0.014570666 -0.00056679599 0.99999963 -0.00063935096 -0.0036150926 -0.016153763 0.00063011177 0.99986932 0.1094232
0.99928388 0.0029839623 0.037720232 0.0051297286 -0.0029696448 0.9999955 -0.00043559827 -0.00062787958 -0.037721365 0.00032327067 0.99928824 0.25030842
0.99802547 0.0050008698 0.062611124 0.051915355 -0.0050712967 0.99998667 0.00096595936 -0.00056937891 -0.062605465 -0.0012815716 0.99803753 0.3946372
0.99521422 0.0046139544 0.0976082 0.088927656 -0.0049424725 0.99998291 0.0031241542 -0.00010581045 -0.097592125 -0.0035916285 0.99522001 0.58105368
0.99089307 0.0013711637 0.13464412 0.16253343 -0.0021258337 0.99998283 0.0054613119 0.00015563093 -0.13463433 -0.0056978071 0.99087897 0.77085458
0.98460953 -0.0020082799 0.1747571 0.22569444 0.001017228 0.99998289 0.0057604136 -0.0070446519 -0.1747657 -0.0054939902 0.98459472 0.97909527
0.97593783 -0.0021548998 0.21803833 0.3277089 0.00065166461 0.99997552 0.0069660362 -0.0056968855 -0.21804802 -0.0066563303 0.97591534 1.1798935
0.96404506 -0.002256131 0.26572924 0.40829156 -0.00055559246 0.99994466 0.010505514 0.00051029598 -0.26573826 -0.010275426 0.96399045 1.3818617
0.94985375 -0.0059900248 0.31263711 0.56263003 0.00069175945 0.99985431 0.017055179 0.011745605 -0.31269375 -0.015983656 0.94971951 1.6161948
0.93283726 -0.015528437 0.3599632 0.71592778 0.0068394986 0.99965398 0.025399611 -0.0045803652 -0.3602331 -0.021231736 0.93262068 1.8119201
0.9121593 -0.02144759 0.40927423 0.83927967 0.0099429407 0.9994939 0.030217368 -0.0065220102 -0.40971522 -0.023493664 0.91191091 2.0525209
0.8869828 -0.023243003 0.46121715 1.0369699 0.0084276418 0.99938097 0.034156235 -0.0026722874 -0.46172558 -0.02640902 0.88662961 2.3026697
0.85858444 -0.025245624 0.51205018 1.2021087 0.006260162 0.99922862 0.038768217 0.018169743 -0.51263397 -0.030080271 0.85808019 2.5275777
0.8263669 -0.030525702 0.5623041 1.4451791 0.0075593137 0.99904106 0.043125531 0.022077853 -0.56308137 -0.031386879 0.82580522 2.747293
0.79124171 -0.036409993 0.61041858 1.6819721 0.010140258 0.99886979 0.046436081 0.026973599 -0.61141947 -0.030552362 0.79071665 2.9357002
0.75281859 -0.040700379 0.65696851 1.9644066 0.010689251 0.99871081 0.049623143 0.034114064 -0.65814129 -0.030334723 0.75228312 3.1697577
0.71293658 -0.044041848 0.69984406 2.2240583 0.012065465 0.99864841 0.050554706 0.045940507 -0.70112474 -0.027598355 0.71250437 3.4024214
0.67161614 -0.045973137 0.73947156 2.5184813 0.011457446 0.99859812 0.051677014 0.060958342 -0.74081073 -0.026234661 0.67120135 3.5973769
0.62883385 -0.046384328 0.7761549 2.8537258 0.0069079712 0.99851293 0.054076041 0.082082725 -0.77750905 -0.028643189 0.62821915 3.8091802
0.58523595 -0.04697957 0.80950093 3.2139405 0.0038483864 0.99846988 0.055164201 0.09612019 -0.81085395 -0.029168801 0.58452126 3.9962513
0.5463093 -0.048191615 0.83619594 3.5906332 0.001956764 0.99841411 0.056262159 0.12410287 -0.83758127 -0.029100303 0.54553721 4.2158078
0.50758315 -0.050857877 0.86010044 4.0053482 0.00091422584 0.99828761 0.058489381 0.13620643 -0.86160233 -0.028901898 0.50676046 4.399289
0.47032038 -0.05058108 0.88104497 4.4321807 -0.0024732357 0.99827662 0.058631652 0.15643621 -0.88249232 -0.029754692 0.46938474 4.6119418
0.43335989 -0.049801658 0.89984384 4.8966475 -0.0032990932 0.99837763 0.056843813 0.18304474 -0.90121495 -0.027602497 0.43249252 4.8059465
0.40046024 -0.048684278 0.91501987 5.378568 -0.0020035607 0.99853867 0.054004816 0.20057671 -0.91631199 -0.023460079 0.39977749 4.9876717
0.37114056 -0.047071054 0.92738284 5.8870495 2.8962026e-05 0.99871494 0.050680057 0.222958 -0.92857674 -0.018782565 0.37066498 5.1632934
0.34515018 -0.045050097 0.93746561 6.4400312 0.00060420678 0.9988578 0.047777858 0.24416316 -0.93854732 -0.015924113 0.34478317 5.3423738
0.32424209 -0.044497349 0.94492697 7.0104918 0.001841833 0.99892087 0.046407957 0.27257237 -0.94597238 -0.013307015 0.32397415 5.5227094
0.31012491 -0.045200948 0.94962063 7.5801662 0.0032064603 0.99891314 0.046500061 0.29822812 -0.95069045 -0.011375906 0.30993278 5.6932598
0.2981517 -0.046775859 0.95337165 8.2119448 0.0043362047 0.99885462 0.047651339 0.31842057 -0.95450869 -0.010073312 0.29801303 5.867401
0.28691841 -0.048421291 0.95673044 8.8353362 0.002792605 0.99875974 0.049710958 0.34187643 -0.95795099 -0.011591218 0.28669778 6.0639489
0.27646729 -0.050199388 0.9597113 9.5069865 0.0012951198 0.99865336 0.051863231 0.37792899 -0.9610225 -0.013095545 0.27616001 6.2358711
0.26690289 -0.05200749 0.96231907 10.188796 0.00087370194 0.99855547 0.053723521 0.40374243 -0.96372307 -0.013498182 0.26656277 6.4593572
0.25753371 -0.053730847 0.96477423 10.911497 -0.00033385389 0.99844775 0.055695333 0.43364546 -0.9662693 -0.014665519 0.25711601 6.6707012
0.24732047 -0.055399149 0.96734866 11.66012 -0.00042952906 0.99835778 0.057284829 0.46486715 -0.96893368 -0.014583215 0.24689052 6.8311168
0.23543585 -0.05675913 0.97023105 12.4011 -0.0010309882 0.99827807 0.058650077 0.49703639 -0.97188938 -0.014808627 0.23497193 7.0089849
0.22535727 -0.059894323 0.97243339 13.13307 -0.0022960335 0.99807316 0.062005628 0.53008277 -0.97427353 -0.016206158 0.22478552 7.1856516
0.21491828 -0.063309801 0.97457782 13.932226 -0.004260275 0.9978264 0.065759553 0.57017182 -0.97662278 -0.018284899 0.21418142 7.3816785
0.20084295 -0.066976821 0.97733113 14.728278 -0.0044815764 0.99758678 0.069285917 0.6125342 -0.97961324 -0.018295571 0.2000581 7.507701
0.18841051 -0.069396939 0.97963537 15.492902 -0.0055396824 0.99740932 0.071721468 0.64562323 -0.98207478 -0.018939947 0.18753796 7.6424584
0.17379206 -0.070327103 0.98226796 16.294572 -0.0057115034 0.99735801 0.072418032 0.6916432 -0.98476585 -0.018195905 0.17293123 7.7973862
0.15947763 -0.069451014 0.98475548 17.08894 -0.0076402908 0.99740556 0.071580493 0.72861483 -0.98717202 -0.018939305 0.15853325 7.9168698
0.1430541 -0.068315059 0.98735429 17.887276 -0.0084186801 0.99749485 0.070236434 0.76231992 -0.98967911 -0.018359829 0.14212061 8.0362059
0.12251534 -0.066767369 0.99021817 18.710612 -0.011699362 0.99756804 0.068710458 0.80112445 -0.9923977 -0.020003006 0.12143625 8.16925
0.097076777 -0.065602902 0.99311242 19.54926 -0.015478804 0.9976051 0.067412732 0.84879439 -0.99515657 -0.021916402 0.095828831 8.212343
0.066790888 -0.06512642 0.99563921 20.333722 -0.019808015 0.99758429 0.066582439 0.8840491 -0.9975704 -0.024168736 0.065339515 8.2891976
0.033887774 -0.06487825 0.99731758 21.206747 -0.022181143 0.99759614 0.065650062 0.92359572 -0.99917951 -0.024346377 0.032367237 8.300036
-0.00034345716 -0.064291537 0.99793106 22.036672 -0.023843235 0.99764798 0.064265093 0.96260532 -0.99971569 -0.023771831 -0.001875569 8.2857475
-0.035618287 -0.063136814 0.99736904 22.90295 -0.024903172 0.99774851 0.062271487 0.99277927 -0.99905518 -0.022619648 -0.037110402 8.244893
-0.06697561 -0.060996185 0.99588837 23.717916 -0.027362876 0.99786647 0.059277128 1.023059 -0.99737938 -0.023280248 -0.068501748 8.2241254
-0.099062979 -0.057874552 0.99339669 24.545146 -0.029873286 0.99803024 0.055165492 1.0562795 -0.99463269 -0.024211165 -0.10059675 8.113201
-0.13186463 -0.053388403 0.98982893 25.384432 -0.027462521 0.99836204 0.050190107 1.0817495 -0.99088729 -0.020564897 -0.13311482 7.9654591
-0.16374578 -0.047903718 0.98533876 26.259721 -0.022834345 0.99873675 0.04476042 1.1005079 -0.98623831 -0.015170235 -0.16463278 7.8198942
-0.19369266 -0.04196545 0.98016426 27.05964 -0.01700748 0.9990782 0.039414356 1.1175587 -0.98091487 -0.0090358521 -0.19422784 7.6203902
-0.22266565 -0.036308809 0.97421846 27.894433 -0.010694694 0.99933705 0.034800611 1.1314562 -0.97483625 -0.002670067 -0.22290634 7.4671607
-0.25093952 -0.029318281 0.96755864 28.694094 -0.0025606281 0.99955784 0.029623791 1.1462481 -0.96799942 0.0049562232 -0.25090364 7.2318065
-0.28035813 -0.019005351 0.95970727 29.532014 0.0049539239 0.99976201 0.021245751 1.1442826 -0.95988273 0.010710737 -0.28019726 6.9772271
-0.30223114 -0.0039789081 0.95322633 30.314718 0.0087881645 0.99993716 0.0069602733 1.1379937 -0.9531942 0.010480722 -0.30217718 6.722823
-0.32630663 0.013088435 0.94517332 31.103787 0.0092311929 0.99990058 -0.01065935 1.1131736 -0.94521894 0.0052468616 -0.32639501 6.4347755
-0.35211744 0.027715345 0.93554535 31.901494 0.0076291639 0.99961326 -0.026741903 1.085491 -0.93592477 -0.0022788608 -0.35219271 6.1257463
-0.37579371 0.038720102 0.92589404 32.622879 0.011845864 0.9992458 -0.036979714 1.0490739 -0.92662767 -0.0029287283 -0.37596897 5.8233529
-0.4014032 0.043776617 0.91485464 33.43576 0.016203752 0.9990402 -0.040695384 1.002183 -0.91575815 -0.0015111785 -0.40172728 5.4698423
-0.4237089 0.04269047 0.90479181 34.150699 0.018395684 0.99908829 -0.038525031 0.95182665 -0.90561163 0.00032086603 -0.42410793 5.1212705
-0.44348315 0.039270773 0.89542193 34.894045 0.022640523 0.99921171 -0.032609347 0.91196889 -0.89599675 0.0058111257 -0.44402267 4.7504704
-0.46137497 0.038001681 0.88639097 35.620246 0.029508626 0.99918677 -0.027477981 0.87512641 -0.88671441 0.013478528 -0.46212114 4.3408664
-0.474561 0.038650486 0.8793736 36.319031 0.033595708 0.99910289 -0.025782669 0.83037998 -0.87958129 0.01730773 -0.47543376 3.9513473
-0.48650512 0.042158126 0.87265995 37.026074 0.036371129 0.99894651 -0.02798223 0.78010777 -0.87292037 0.018126131 -0.48752594 3.5611827
-0.49628745 0.044833174 0.86699982 37.721233 0.037812923 0.99883424 -0.030005577 0.73589322 -0.86733443 0.017892408 -0.49740418 3.1610649
-0.50695059 0.043975728 0.86085258 38.387442 0.03117432 0.99897978 -0.032673449 0.6854539 -0.86141124 0.01027267 -0.50780431 2.7602997
-0.51854037 0.0427257 0.85398497 39.083539 0.029732308 0.99904778 -0.03192985 0.65737256 -0.85453609 0.008834029 -0.51931695 2.3559078
-0.52652314 0.044153931 0.8490134 39.742766 0.032147431 0.99897023 -0.032016097 0.62014231 -0.84955282 0.010436385 -0.52740037 1.9309531
-0.53385314 0.047682257 0.8442317 40.468118 0.035728689 0.99878915 -0.033818497 0.56362634 -0.84482208 0.012109182 -0.53491035 1.4949916
-0.53755749 0.050464034 0.84171567 41.14243 0.036512112 0.99866439 -0.036555425 0.53099273 -0.84243627 0.011082175 -0.53868207 1.0457025
-0.53720869 0.05215277 0.84183541 41.868221 0.035844736 0.99859647 -0.038990363 0.48689065 -0.84268739 0.0092294074 -0.5383241 0.59206181
-0.5340336 0.053034958 0.84379817 42.589906 0.038636983 0.9985188 -0.0383065 0.44860298 -0.84457999 0.012144858 -0.5352917 0.13714901
-0.52814971 0.052065437 0.84755355 43.341643 0.03713153 0.99857982 -0.03820465 0.40396257 -0.84833908 0.011293186 -0.52933291 -0.32207655
-0.5215986 0.050706879 0.85168283 44.089724 0.034767529 0.99866643 -0.038165103 0.36016686 -0.85248236 0.0097040435 -0.52266597 -0.79125137
-0.51395562 0.05000815 0.85635784 44.859963 0.032808012 0.99871481 -0.038631068 0.30989981 -0.8571892 0.0082407445 -0.51493576 -1.2523637
-0.50789383 0.048485321 0.86005405 45.6606 0.029744778 0.99880644 -0.038742054 0.25768787 -0.86090602 0.0059052675 -0.50872981 -1.7003835
-0.50367148 0.046434664 0.86264639 46.489053 0.025805441 0.9989175 -0.038702917 0.21084272 -0.8635098 0.0027674159 -0.50432453 -2.1552368
-0.50221305 0.043352806 0.86365648 47.340712 0.02060159 0.99905888 -0.038169825 0.16047926 -0.86449852 -0.0013766869 -0.50263354 -2.6321849
-0.50261141 0.041007314 0.86353929 48.14212 0.018239835 0.99915503 -0.036831114 0.11831152 -0.86432005 -0.0027609232 -0.50293468 -3.0975196
-0.50340562 0.039638014 0.86314052 49.016607 0.016546284 0.99920626 -0.036236345 0.066752317 -0.86389182 -0.0039598107 -0.50366191 -3.5942807
-0.50447024 0.039391665 0.86253001 49.869543 0.01669939 0.99921703 -0.03586713 0.018734754 -0.86326761 -0.0036901741 -0.50473307 -4.1055686
-0.50435453 0.038515043 0.86263726 50.753711 0.016505671 0.99925225 -0.034964328 -0.030331247 -0.86333894 -0.0033960096 -0.50461312 -4.6030931
-0.50416721 0.037850119 0.86277618 51.636434 0.016652054 0.99927942 -0.034107832 -0.082491242 -0.86344554 -0.0028290541 -0.5044342 -5.1145055
-0.50481558 0.037351231 0.86241872 52.550614 0.016431507 0.99929821 -0.033661302 -0.13710661 -0.86307085 -0.0028219099 -0.50507505 -5.6104497
-0.50443938 0.035888007 0.86270093 53.41823 0.014592521 0.9993475 -0.033039894 -0.1869946 -0.86332383 -0.0040776416 -0.50463393 -6.1473036
-0.50433401 0.035418888 0.86278192 54.336687 0.014167004 0.99936334 -0.032744584 -0.24356724 -0.86339248 -0.0042911718 -0.5045147 -6.6741238
-0.50402569 0.034427366 0.8630022 55.220058 0.013067401 0.99939484 -0.032236563 -0.29428391 -0.86358984 -0.0049708602 -0.50417056 -7.1787293
-0.50317702 0.033166591 0.86354664 56.108085 0.012855548 0.99943996 -0.030895145 -0.34691967 -0.86408777 -0.0044443608 -0.5033216 -7.681987
-0.50074447 0.031015078 0.86503929 57.012583 0.013049988 0.99951479 -0.028282321 -0.40465008 -0.86549682 -0.0028734629 -0.50090625 -8.2015907
-0.4980847 0.030059713 0.86660717 57.89988 0.013732462 0.99954707 -0.026778185 -0.45829959 -0.86701967 -0.0014371537 -0.4982719 -8.7117232
-0.49604319 0.029240514 0.86780532 58.786426 0.013553402 0.9995718 -0.025933143 -0.50461093 -0.8681921 -0.0011022435 -0.49622709 -9.2004304
-0.49427852 0.029636535 0.86879822 59.665458 0.014373609 0.99956069 -0.025919653 -0.55290674 -0.86918479 -0.00032376146 -0.49448737 -9.7029088
-0.49281433 0.030360904 0.86960462 60.553445 0.014428756 0.99953881 -0.026720422 -0.60293162 -0.87001489 -0.00062089319 -0.49302512 -10.198547
-0.49295178 0.031680416 0.86947963 61.461736 0.013677016 0.99949554 -0.028663494 -0.65388218 -0.86994916 -0.0022378336 -0.49313641 -10.708828
-0.49566141 0.033792867 0.86785814 62.335756 0.012536539 0.99941704 -0.031755521 -0.70457288 -0.86842539 -0.0048600488 -0.49579611 -11.210488
-0.50051968 0.034044856 0.86505545 63.212217 0.011302095 0.99939827 -0.032792636 -0.76273833 -0.86565142 -0.0066364199 -0.50060328 -11.688476
-0.50649142 0.03230419 0.86163961 64.086512 0.010402987 0.99945414 -0.031355954 -0.81541229 -0.86218228 -0.0069178956 -0.50655101 -12.184742
-0.51063293 0.030388779 0.85926159 64.946568 0.01418011 0.99953693 -0.026922972 -0.86925316 -0.85968192 -0.0015633316 -0.51082739 -12.725142
-0.51676492 0.02867673 0.85564689 65.812212 0.011806542 0.99958252 -0.026370165 -0.91717712 -0.85604596 -0.0035249447 -0.51688776 -13.227789
-0.5211576 0.030634098 0.85291046 66.654322 0.012561582 0.99952268 -0.028224429 -0.97171371 -0.85336805 -0.00399547 -0.52129365 -13.748976
-0.52647462 0.033038922 0.84954861 67.483358 0.013091536 0.99944121 -0.03075527 -1.0154895 -0.85009008 -0.0050699725 -0.52661296 -14.252854
-0.53143627 0.033122205 0.84645044 68.322377 0.011389627 0.99942434 -0.031957306 -1.0778049 -0.84702174 -0.007342516 -0.53150759 -14.759597
-0.5354143 0.033508183 0.84392456 69.139259 0.010482358 0.99939936 -0.033030975 -1.126694 -0.84452454 -0.0088389369 -0.53544396 -15.275444
-0.53874565 0.032752476 0.84183154 69.980092 0.01024465 0.99942482 -0.032327578 -1.1905416 -0.84240621 -0.0087920724 -0.53877132 -15.798555
-0.54126357 0.026003624 0.84045077 70.79661 0.011921089 0.99965855 -0.023252156 -1.238938 -0.84076851 -0.0025664558 -0.54138875 -16.325484
-0.54309932 0.018768857 0.83945863 71.63202 0.013698644 0.99981514 -0.013491627 -1.2658572 -0.83955675 0.0041721526 -0.54325603 -16.866195
-0.54403312 0.015464246 0.83892119 72.434557 0.013537271 0.99986178 -0.0096521389 -1.3003666 -0.83895457 0.0061056214 -0.54416727 -17.388389
-0.54679992 0.020665188 0.83700821 73.236086 0.013378306 0.99978338 -0.015944232 -1.336206 -0.83715646 0.002479448 -0.54695793 -17.886355
-0.54752885 0.025695676 0.83639215 74.028517 0.013623481 0.99966967 -0.02179353 -1.3812377 -0.83667593 -0.00053801265 -0.54769805 -18.412573
-0.54804167 0.030971121 0.83587742 74.825184 0.020027878 0.99951365 -0.023902961 -1.417106 -0.83621126 0.0036410337 -0.54839541 -18.938425
-0.5473598 0.032016398 0.83628472 75.62416 0.023517067 0.99946178 -0.02287124 -1.4607168 -0.83656694 0.0071481677 -0.54781814 -19.47265
-0.54732801 0.029128214 0.8364111 76.414987 0.023113497 0.99953904 -0.019684246 -1.5004215 -0.83659899 0.0085586471 -0.54774897 -19.986417
-0.54717396 0.024198846 0.836669 77.217649 0.021342468 0.99966036 -0.014955238 -1.5264643 -0.8367468 0.0096734651 -0.54750458 -20.501002
-0.54608211 0.01837649 0.83753004 78.012039 0.019796433 0.99976327 -0.0090285252 -1.5618884 -0.83749776 0.011649792 -0.54631662 -21.015737
-0.5459434 0.01185987 0.83773808 78.80641 0.010962695 0.99991533 -0.007011564 -1.5978371 -0.83775037 0.005355951 -0.54602719 -21.506954
-0.54394744 0.0062735252 0.8390958 79.630108 0.0021595915 0.99997921 -0.006076409 -1.6184133 -0.83911654 -0.0014931422 -0.54394968 -22.023293
-0.5424239 0.0066456975 0.84007862 80.41418 0.0049041859 0.99997672 -0.0047440727 -1.6449684 -0.84009066 0.0015466042 -0.54244386 -22.526333
-0.53911591 0.010240852 0.84216928 81.20983 0.010622636 0.99992922 -0.0053591292 -1.6785484 -0.84216462 0.0060568667 -0.53918654 -23.030942
-0.53373468 0.013303781 0.8455473 81.980075 0.011560908 0.9998976 -0.0084347258 -1.7020308 -0.845573 0.0052733899 -0.53383383 -23.516694
-0.52587073 0.015215818 0.85042836 82.779956 0.016342669 0.99983615 -0.0077833635 -1.725967 -0.85040752 0.0098052273 -0.52603324 -24.014027
-0.51833764 0.017822341 0.85499029 83.577239 0.023797306 0.99969624 -0.0064116373 -1.7635238 -0.85484492 0.017023074 -0.51860431 -24.500283
-0.50858801 0.017305648 0.86083604 84.377507 0.022017202 0.99973245 -0.0070900062 -1.7870718 -0.8607285 0.01534731 -0.50883296 -24.97251
-0.49764795 0.014716475 0.86725422 85.194999 0.018532849 0.99980821 -0.006331266 -1.8109854 -0.86718113 0.012921951 -0.49782525 -25.427355
-0.48585518 0.011768407 0.87396006 86.008667 0.019906723 0.99979897 -0.0023962835 -1.8350058 -0.87381264 0.016233435 -0.48599178 -25.869132
-0.47489035 0.010414898 0.87998331 86.82718 0.018980058 0.9998186 -0.0015904417 -1.8621322 -0.87984031 0.01594685 -0.47500188 -26.302838
-0.46375494 0.0099060297 0.8859081 87.649294 0.019629051 0.99980692 -0.00090421025 -1.876941 -0.88574608 0.016970204 -0.46385985 -26.72526
-0.45129094 0.011331273 0.89230489 88.469687 0.022396652 0.99974823 -0.0013683811 -1.8942511 -0.89209582 0.019367105 -0.4514311 -27.137596
-0.43878079 0.013949107 0.89848582 89.29953 0.021475468 0.9997567 -0.0050336803 -1.930578 -0.89833752 0.017086722 -0.4389736 -27.533673
-0.42757745 0.02381067 0.90366504 90.136172 0.023743406 0.99960398 -0.015104152 -1.9528303 -0.90366689 0.014997892 -0.42797347 -27.923129
-0.41414484 0.029886947 0.90972015 90.965837 0.025652072 0.99944703 -0.021156777 -1.9739544 -0.90984949 0.014574238 -0.41468249 -28.292629
-0.40363421 0.024927025 0.91458078 91.80482 0.020609207 0.99962286 -0.018149345 -2.0169094 -0.91468834 0.011523089 -0.40399571 -28.651043
-0.39106205 0.02176173 0.92010697 92.645781 0.023175889 0.99963626 -0.01379253 -2.0545502 -0.92007251 0.015930563 -0.39142415 -28.996932
-0.38129079 0.022570433 0.92417955 93.49785 0.020436575 0.9996634 -0.015982346 -2.0845221 -0.92422927 0.012793145 -0.38162371 -29.32841
-0.37398643 0.026908963 0.92704368 94.358011 0.015780053 0.99961892 -0.022649614 -2.1269327 -0.92729996 0.006158151 -0.37426854 -29.674286
-0.36954951 0.030731509 0.92870268 95.177245 0.0058647365 0.99951018 -0.030740887 -2.1686357 -0.92919257 -0.0059136824 -0.36954873 -29.977409
-0.36573705 0.033760991 0.93010566 96.02043 0.0049024745 0.9993979 -0.034348405 -2.2074848 -0.93070535 -0.0080026642 -0.36568235 -30.305889
-0.36235186 0.033605202 0.93143531 96.87123 0.0040886343 0.99939749 -0.034466622 -2.2553771 -0.93203245 -0.0086807456 -0.36227094 -30.62496
-0.35719295 0.03318145 0.93344101 97.723912 0.0030876971 0.99940527 -0.034344764 -2.3042817 -0.93402555 -0.009385524 -0.35708298 -30.941139
-0.35210629 0.029697636 0.93548871 98.558788 0.0018934683 0.99951705 -0.031017573 -2.348229 -0.93595814 -0.0091501637 -0.35199248 -31.247654
-0.34634281 0.025680616 0.93775641 99.426071 0.0016120251 0.99964005 -0.026779937 -2.3982424 -0.93810667 -0.0077633513 -0.34625955 -31.558455
-0.34041831 0.022439476 0.94000626 100.27464 -0.0007702801 0.9997082 -0.024143609 -2.4411351 -0.94027382 -0.008942994 -0.34030169 -31.855467
-0.33518309 0.020956449 0.94191987 101.11293 -0.0060209037 0.99968453 -0.024384177 -2.4855676 -0.94213381 -0.013844372 -0.33495117 -32.145053
-0.32907175 0.020494147 0.94408246 101.96421 -0.017825586 0.99945151 -0.027909427 -2.5212828 -0.9441367 -0.026013027 -0.32852594 -32.420492
-0.32208771 0.024200526 0.94640043 102.80394 -0.01482724 0.99942165 -0.030602479 -2.5679094 -0.94659375 -0.023889188 -0.32154261 -32.695377
-0.31529134 0.028580743 0.94856441 103.66547 -0.012124792 0.99934348 -0.034140875 -2.6093727 -0.94891751 -0.022265468 -0.31473781 -32.972328
-0.30852613 0.026712968 0.95084066 104.51023 -0.013729046 0.99937642 -0.032531294 -2.6531566 -0.95111682 -0.02309089 -0.307967 -33.237821
-0.301616 0.021451494 0.9531881 105.37622 -0.014757101 0.99952206 -0.027163807 -2.6967525 -0.95331532 -0.022259332 -0.30115529 -33.507073
-0.29456528 0.018876754 0.95544486 106.22665 -0.014207236 0.99960789 -0.024129398 -2.7377735 -0.95552579 -0.020681913 -0.29418159 -33.760001
-0.28834113 0.021666635 0.95728254 107.07888 -0.017453389 0.99945894 -0.027878331 -2.7830717 -0.95736871 -0.024746294 -0.28780697 -33.999746
-0.28144692 0.024664854 0.95925971 107.94826 -0.017119489 0.99938143 -0.030719337 -2.8298459 -0.95942412 -0.025067898 -0.28085057 -34.250464
-0.27471939 0.025605116 0.96118341 108.79713 -0.018054703 0.99933175 -0.031781635 -2.8638985 -0.96135496 -0.026084912 -0.27407352 -34.475282
-0.26825433 0.024358031 0.96304009 109.65966 -0.019276196 0.99934442 -0.030645643 -2.9125207 -0.96315529 -0.026784576 -0.26760894 -34.707607
-0.26033626 0.024112277 0.96521684 110.5158 -0.01700954 0.99941844 -0.02955445 -2.9604342 -0.96536821 -0.024111989 -0.25977472 -34.936256
-0.2524901 0.02568749 0.96725841 111.38093 -0.011712601 0.99949317 -0.029600967 -3.0028204 -0.96752863 -0.018803062 -0.25206126 -35.157359
-0.24569726 0.02598587 0.9689982 112.25492 -0.010707275 0.99950687 -0.029518943 -3.0488389 -0.96928752 -0.017628053 -0.24529787 -35.38412
-0.23841983 0.025259449 0.97083359 113.1221 -0.016313301 0.99941649 -0.030009388 -3.0836532 -0.9710252 -0.022992333 -0.23786864 -35.574145
-0.23292294 0.02291372 0.97222517 113.98797 -0.021732663 0.99935008 -0.028759656 -3.1326009 -0.97225237 -0.027827826 -0.23227358 -35.767245
-0.22812135 0.02347596 0.9733496 114.87274 -0.018344169 0.99942818 -0.028404214 -3.1701384 -0.97345992 -0.024334897 -0.22756026 -35.971962
-0.22400641 0.023298755 0.9743091 115.72627 -0.017325051 0.99946103 -0.02788347 -3.2164832 -0.97443371 -0.023126031 -0.22348203 -36.161484
-0.21925219 0.025067436 0.9753461 116.60987 -0.01589301 0.99944549 -0.029259472 -3.2578437 -0.97553881 -0.021916388 -0.21873222 -36.356068
-0.21343597 0.023928093 0.97666394 117.46075 -0.010846003 0.99958037 -0.026859779 -3.2972214 -0.97689689 -0.016325743 -0.21308688 -36.539698
-0.20798867 0.023215166 0.97785566 118.33305 -0.0018616754 0.9997071 -0.024129914 -3.3369249 -0.97812951 -0.0068391977 -0.20788453 -36.735995
-0.20292028 0.022156166 0.97894453 119.22808 0.00088116299 0.99974771 -0.022444346 -3.3802181 -0.97919491 -0.0036918024 -0.20288861 -36.922319
-0.19915595 0.023308655 0.97969053 120.08146 -0.0018884865 0.99970611 -0.024168762 -3.4186997 -0.97996603 -0.0066634843 -0.1990534 -37.078732
-0.19501515 0.025561627 0.98046704 120.94556 -0.0042904887 0.99962853 -0.026914562 -3.4567261 -0.98079089 -0.0094554295 -0.19483304 -37.246406
-0.19363511 0.024822104 0.98075951 121.82978 -0.0059702205 0.99963156 -0.02647846 -3.4979547 -0.98105549 -0.010982509 -0.19341558 -37.413019
-0.19280333 0.023499937 0.98095594 122.68477 -0.007445074 0.99964936 -0.025411061 -3.5425398 -0.98120922 -0.012202626 -0.19256077 -37.566959
-0.19148314 0.019071887 0.98131055 123.57538 -0.0073060458 0.99975579 -0.020856 -3.5761033 -0.98146875 -0.011163071 -0.19129704 -37.739727
-0.1907472 0.013504011 0.98154626 124.42967 -0.0072044232 0.99985919 -0.015156017 -3.6170253 -0.9816128 -0.0099624418 -0.19062305 -37.894727
-0.1897866 0.011964183 0.98175242 125.30023 -0.0030917042 0.99991351 -0.012783173 -3.6447321 -0.98182054 -0.0054613622 -0.1897332 -38.060261
-0.18888491 0.016285293 0.98186414 126.1692 -0.0066144817 0.9998187 -0.01785554 -3.6823736 -0.981977 -0.0098671638 -0.18874295 -38.221846
-0.18853977 0.020263503 0.98185644 127.00215 -0.0064752414 0.99973972 -0.021875976 -3.7170574 -0.98204425 -0.010482248 -0.18835949 -38.376707
-0.18861077 0.019533734 0.98185759 127.85755 -0.0088221417 0.99972811 -0.021583958 -3.7469084 -0.98201234 -0.012733053 -0.18838716 -38.532334
-0.18812837 0.018853728 0.98196343 128.7297 -0.0094987933 0.99973404 -0.021014739 -3.78436 -0.98209855 -0.013280936 -0.18789925 -38.693973
-0.18718108 0.018967786 0.98214224 129.55471 -0.0046580542 0.99978518 -0.02019627 -3.8226633 -0.98231442 -0.0083552307 -0.18705252 -38.850971
-0.18668022 0.021612679 0.98218293 130.41547 -0.0066702183 0.99970706 -0.023266077 -3.8608609 -0.98239813 -0.01089469 -0.18648138 -39.005597
-0.1871435 0.022682211 0.98207064 131.24146 -0.017745283 0.9994922 -0.026466126 -3.8921663 -0.98217234 -0.022380084 -0.18664597 -39.141477
-0.18636606 0.024226069 0.98218161 132.07643 -0.020937546 0.99937098 -0.028622891 -3.9285338 -0.98225729 -0.025898808 -0.1857416 -39.288073
-0.18625389 0.0275669 0.9821148 132.92245 -0.021289981 0.99925835 -0.032085654 -3.9794958 -0.98227099 -0.026885283 -0.18552886 -39.440824
-0.18577389 0.028404969 0.98218182 133.74534 -0.018348785 0.99930749 -0.03237081 -4.0246852 -0.98242123 -0.024035494 -0.18512405 -39.590211
-0.18424092 0.029839332 0.98242802 134.55423 -0.018452289 0.99925789 -0.033810979 -4.067992 -0.98270793 -0.024357411 -0.18355359 -39.735497
-0.18246937 0.028674549 0.98279327 135.37653 -0.014751173 0.99938229 -0.03189732 -4.1091559 -0.98310092 -0.020317637 -0.18193367 -39.889272
-0.17941552 0.025697097 0.98343767 136.20475 -0.0067140062 0.99960352 -0.027344391 -4.1563524 -0.98375051 -0.011508814 -0.17917186 -40.038781
-0.17672532 0.021628338 0.98402251 137.01452 0.0024149172 0.99976506 -0.021540644 -4.1865683 -0.98425729 -0.0014304435 -0.17673603 -40.200445
-0.17281572 0.021473354 0.98472003 137.83537 0.0061567437 0.99976634 -0.020720969 -4.2200021 -0.98493497 0.0024817606 -0.17290755 -40.338397
-0.16834673 0.025514484 0.98539754 138.63184 0.0019569087 0.99967164 -0.025549754 -4.2717846 -0.98572594 -0.0023728838 -0.16834138 -40.464124
-0.1616106 0.029052325 0.98642683 139.43239 0.0043070695 0.99957781 -0.028734002 -4.3056425 -0.98684525 -0.00039510945 -0.1616675 -40.596274
-0.15394798 0.029418651 0.98764087 140.2447 -0.0011643757 0.99955057 -0.029954898 -4.3475388 -0.98807831 -0.0057614802 -0.15384454 -40.710455
-0.14375399 0.025804493 0.98927693 141.03775 0.0081628183 0.99965689 -0.024889088 -4.3743337 -0.98957983 0.0044973831 -0.1439153 -40.823219
-0.13145154 0.024647232 0.99101611 141.84832 0.018262335 0.99958143 -0.022437882 -4.411393 -0.99115441 0.015148775 -0.13184663 -40.936423
-0.11830754 0.026593522 0.99262079 142.63086 0.016172477 0.99956032 -0.024851889 -4.4522963 -0.99284534 0.013112972 -0.11868561 -41.026049
-0.10403464 0.027897234 0.9941823 143.42461 0.014520746 0.9995426 -0.026528145 -4.4896024 -0.99446771 0.011676424 -0.10439215 -41.099482
-0.090278248 0.027844084 0.99552723 144.19955 0.017094829 0.99950515 -0.026405117 -4.5238058 -0.9957699 0.014634561 -0.090709565 -41.164575
-0.076662765 0.029299087 0.99662646 144.97781 0.020924172 0.99939529 -0.02777095 -4.5616287 -0.99683754 0.018724587 -0.077229467 -41.219655
-0.06223549 0.035321995 0.99743622 145.79302 0.01922325 0.99923059 -0.034186094 -4.6114141 -0.99787639 0.017046379 -0.062866611 -41.262722
-0.049566845 0.044292738 0.99778815 146.52818 0.0093451336 0.99899301 -0.043881986 -4.6593442 -0.99872713 0.007149373 -0.049930855 -41.282926
-0.036413033 0.052792795 0.99794134 147.30302 0.00080818437 0.99860486 -0.052798405 -4.7067438 -0.99933654 -0.0011160287 -0.0364049 -41.286269
-0.023012019 0.054070599 0.99827187 148.07151 0.0017051008 0.99853701 -0.054045652 -4.7520016 -0.99973378 0.00045845548 -0.02307055 -41.296396
-0.011191034 0.049881491 0.9986924 148.83609 0.00075941947 0.99875512 -0.049876112 -4.8055812 -0.99993713 0.00020026205 -0.011214985 -41.294213
0.00010416566 0.04717729 0.99888648 149.61629 0.00089839649 0.99888612 -0.047177365 -4.8591038 -0.99999963 0.00090231123 6.1664186e-05 -41.283756
0.0088531286 0.053003033 0.99855506 150.35677 -0.0050187111 0.99858402 -0.052960073 -4.9250186 -0.99994826 -0.0045425963 0.0091065981 -41.255149
0.015206549 0.061823044 0.99797124 151.09441 -0.011642092 0.99802997 -0.061649285 -4.9719947 -0.99981664 -0.010681 0.01589634 -41.229633
0.018765381 0.065321886 0.99768774 151.87149 -0.015122481 0.99776789 -0.065042694 -5.0232811 -0.99970959 -0.013866962 0.019711322 -41.210207
0.01828365 0.060946694 0.99797351 152.60226 -0.019687882 0.99796882 -0.060585709 -5.0825762 -0.99963902 -0.018540256 0.019446422 -41.180064
0.017574177 0.055442096 0.99830719 153.38453 -0.012385135 0.9983969 -0.055229048 -5.1535473 -0.99976889 -0.011393563 0.01823266 -41.173281
0.014351719 0.053072592 0.99848748 154.12851 -0.012625801 0.99852037 -0.052892862 -5.2020859 -0.99981733 -0.0118476 0.015000567 -41.152868
0.01167157 0.053110494 0.99852039 154.87787 -0.010519209 0.99853971 -0.052988563 -5.2522387 -0.99987659 -0.0098851843 0.012213205 -41.141649
0.0073629776 0.053465422 0.99854251 155.62388 -0.013265052 0.99848698 -0.053364634 -5.3098445 -0.99988495 -0.012852795 0.0080610574 -41.125424
0.0030437567 0.051567673 0.99866482 156.36602 -0.0095786607 0.99862518 -0.05153643 -5.3636904 -0.99994953 -0.0094090064 0.0035335198 -41.12532
-0.0022294461 0.052003551 0.99864437 157.10801 -0.013501085 0.99855431 -0.052029 -5.4141901 -0.99990641 -0.013598778 -0.0015241202 -41.121714
-0.0082555668 0.05005833 0.99871213 157.85102 -0.014648409 0.99863299 -0.050175448 -5.4642032 -0.99985867 -0.015043771 -0.0075110079 -41.116741
-0.0136897 0.047295112 0.9987871 158.58569 -0.01077205 0.99881581 -0.047444115 -5.5150348 -0.99984831 -0.01140848 -0.013164025 -41.135004
-0.019294979 0.047413356 0.99868894 159.3246 -0.012855305 0.9987806 -0.047666074 -5.5663769 -0.99973123 -0.013758166 -0.018661939 -41.142765
-0.024627657 0.048569599 0.99851609 160.05368 -0.012525352 0.99872569 -0.048888721 -5.6121282 -0.99961827 -0.013710779 -0.023987924 -41.155866
-0.028711335 0.050895926 0.99829113 160.77085 -0.014173144 0.99858177 -0.051318368 -5.6660932 -0.9994873 -0.015622342 -0.027949262 -41.1712
-0.031109615 0.052907438 0.99811468 161.48227 -0.012993718 0.99849227 -0.053332445 -5.717408 -0.99943156 -0.014628372 -0.030375248 -41.190962
-0.03290464 0.054716751 0.99795956 162.19173 -0.01278795 0.99839551 -0.055162295 -5.7730175 -0.99937672 -0.014576952 -0.032152131 -41.213005
-0.032067786 0.052907295 0.99808436 162.92085 -0.0073418797 0.99855857 -0.05316832 -5.8239634 -0.99945877 -0.0090328049 -0.031633126 -41.238098
-0.028118252 0.048950782 0.99840528 163.61572 -0.0020862293 0.99879519 -0.049028653 -5.8669213 -0.99960247 -0.0034615015 -0.027982254 -41.259158
-0.020897939 0.048555584 0.9986018 164.32597 -0.0017715543 0.9988166 -0.048603101 -5.9209885 -0.99978009 -0.0027847811 -0.020787191 -41.268751
-0.010114246 0.049686942 0.99871359 165.03337 -0.0001928568 0.9987646 -0.049691432 -5.9733902 -0.99994887 -0.00069519925 -0.01009217 -41.271731
0.0041368839 0.050227818 0.99872918 165.71631 0.0018170117 0.99873574 -0.050235673 -6.022604 -0.99998983 0.0020225226 0.0040403877 -41.257916
0.019391153 0.047862772 0.99866564 166.4084 0.0015701891 0.9988508 -0.047902133 -6.0653573 -0.99981078 0.0024969724 0.019293714 -41.237194
0.035240458 0.042885556 0.99845824 167.09949 -0.0030513943 0.99907881 -0.04280451 -6.1122012 -0.99937425 -0.0015382385 0.035338854 -41.191666
0.051552787 0.036394489 0.99800685 167.77555 -0.0043594836 0.99933441 -0.036217708 -6.1498242 -0.9986608 -0.0024836699 0.051677134 -41.145856
0.069066205 0.02898953 0.99719075 168.44957 -0.0046665254 0.99957615 -0.028735668 -6.1884576 -0.99760121 -0.0026687516 0.06917221 -41.086714
0.086490304 0.021491463 0.99602081 169.14348 -0.0058843708 0.99976087 -0.021061188 -6.2233248 -0.99623536 -0.0040393664 0.086596084 -41.016427
0.10372114 0.015168739 0.9944907 169.79674 -0.0067406813 0.99987145 -0.014547785 -6.2576816 -0.99458362 -0.0051946313 0.10381005 -40.932269
0.1219481 0.012733018 0.99245476 170.45958 -0.0074702193 0.99990116 -0.011910649 -6.2841849 -0.99250841 -0.0059613731 0.12203116 -40.836189
0.13999029 0.01180366 0.99008248 171.098 -0.0065518782 0.99991809 -0.010994532 -6.302259 -0.99013124 -0.0049477712 0.14005616 -40.732462
0.1573426 0.011147613 0.98748112 171.73284 -0.0077296314 0.99991956 -0.01005641 -6.3226904 -0.98751387 -0.0060505626 0.15741611 -40.617641
0.17391001 0.010744938 0.98470289 172.38172 -0.013399866 0.99987371 -0.0085439068 -6.3405029 -0.98467042 -0.011709015 0.17403203 -40.482345
0.18798269 0.0073526387 0.98214478 173.0003 -0.015833287 0.99986472 -0.0044548013 -6.3570923 -0.98204475 -0.014713154 0.18807367 -40.345352
0.20042197 0.0033242011 0.97970399 173.63401 -0.012603547 0.99992024 -0.00081443764 -6.3772331 -0.97962864 -0.012184513 0.20044788 -40.208003
0.21116793 0.0013968033 0.97744876 174.26114 -0.0088173529 0.99996101 0.00047592643 -6.3941186 -0.97741007 -0.0087190104 0.21117201 -40.070834
0.22099022 0.0049122947 0.97526361 174.85338 -0.012920054 0.99991431 -0.0021088327 -6.4146478 -0.97519048 -0.012134427 0.22103475 -39.91943
0.22977919 0.012055847 0.97316807 175.4566 -0.017064664 0.99981946 -0.0083567946 -6.4342703 -0.97309321 -0.014686568 0.22994344 -39.763753
0.2392033 0.022042575 0.97071923 176.03517 -0.016599988 0.99968901 -0.018609858 -6.4509696 -0.97082764 -0.011662388 0.23949482 -39.607886
0.24727082 0.029143634 0.96850798 176.62294 -0.013992401 0.99955074 -0.026505334 -6.4650195 -0.96884541 -0.0069977557 0.24756752 -39.45837
0.25364898 0.027507773 0.96690508 177.23632 -0.012840463 0.99960324 -0.025069563 -6.4844365 -0.96721114 -0.0060566393 0.25390155 -39.29525
0.25968658 0.019945664 0.96548691 177.82904 -0.014360696 0.99975589 -0.016791024 -6.502868 -0.96558621 -0.00950466 0.25990962 -39.116954
0.26385563 0.0090957502 0.96451926 178.44409 -0.018568525 0.99981813 -0.0043489914 -6.5254153 -0.96438348 -0.016762193 0.26397653 -38.941633
0.26600021 -0.00012316712 0.96397292 179.05545 -0.01797231 0.99982554 0.0050870558 -6.5507882 -0.96380546 -0.018677978 0.26595158 -38.760985
0.26708048 -0.0010825682 0.96367358 179.65265 -0.014574185 0.99988046 0.0051624527 -6.5695534 -0.96356405 -0.015423547 0.26703278 -38.597909
0.26828208 0.0024294115 0.9633373 180.2528 -0.014066439 0.99990009 0.0013957779 -6.5706639 -0.96323774 -0.013925187 0.26828944 -38.42841
0.27013064 0.0017432656 0.96282206 180.855 -0.0095948699 0.99995358 0.00088145473 -6.5825072 -0.96277591 -0.0094762596 0.27013483 -38.258349
0.27176367 -6.3823341e-05 0.96236398 181.47539 -0.011099055 0.99993328 0.0032005969 -6.5805533 -0.96230005 -0.011551136 0.27174483 -38.080082
0.27421602 -0.0042213371 0.96165882 182.09241 -0.011302753 0.99990715 0.0076122021 -6.5969888 -0.96160174 -0.012956779 0.27414284 -37.901101
0.27760341 -0.0099078603 0.96064463 182.71099 -0.0090037268 0.99987607 0.012914347 -6.6071258 -0.96065361 -0.012234448 0.2774798 -37.717085
0.28172586 -0.012787964 0.95940968 183.33128 -0.0087242009 0.99983571 0.01588862 -6.6153039 -0.95945532 -0.012846317 0.281568 -37.529338
0.28781218 -0.01434341 0.95757942 183.93495 -0.0068969144 0.99983086 0.017049239 -6.6086816 -0.95766208 -0.011511321 0.28766458 -37.344986
0.29578964 -0.017416293 0.95509428 184.55701 -0.0062815469 0.9997767 0.020176459 -6.6139002 -0.95523249 -0.011967457 0.29561419 -37.142214
0.30495314 -0.019794675 0.95216158 185.1832 -0.002982523 0.99975922 0.021739418 -6.6157274 -0.95236273 -0.009469347 0.30482068 -36.94041
0.31646343 -0.018034681 0.94843322 185.79748 -0.004266037 0.99978209 0.020434539 -6.6177232 -0.94859516 -0.010512835 0.31631753 -36.718233
0.32784043 -0.013983602 0.94462958 186.40498 -0.0057268592 0.99984266 0.016788484 -6.6172304 -0.9447158 -0.010913704 0.32770876 -36.492794
0.33941569 -0.010507781 0.94057775 187.01325 -0.0070720792 0.99988083 0.013722314 -6.615826 -0.94060993 -0.011309408 0.33930093 -36.256066
0.35095421 -0.0098273343 0.93634101 187.63731 -0.0060909003 0.99989981 0.012777372 -6.6139414 -0.93637285 -0.010187431 0.35085919 -36.016756
0.36232844 -0.01309914 0.93195839 188.26239 -0.0048931988 0.99986072 0.015955928 -6.6189207 -0.93203768 -0.010341544 0.36221388 -35.762582
0.37339867 -0.014595904 0.9275561 188.88388 -0.0056128591 0.99982237 0.017992599 -6.6181425 -0.92765403 -0.011924654 0.37325042 -35.500507
0.38480898 -0.014636011 0.92288014 189.50691 -0.0088671854 0.99976951 0.019552712 -6.623729 -0.92295368 -0.015707408 0.38459051 -35.224763
0.39422929 -0.016325475 0.91886706 190.13077 -0.010621815 0.99969448 0.0223187 -6.6151098 -0.91895077 -0.018558721 0.39393544 -34.945849
0.40152454 -0.015088377 0.91572393 190.7669 -0.015244252 0.99961566 0.023154924 -6.6136853 -0.91572143 -0.023256796 0.4011402 -34.651912
0.4057974 -0.017467912 0.91379608 191.40658 -0.014772032 0.99956139 0.025667326 -6.6075653 -0.91384371 -0.023914359 0.40536138 -34.359687
0.40747398 -0.022786449 0.91293245 192.05282 -0.00936397 0.99953185 0.029127408 -6.5992159 -0.91316885 -0.020417332 0.40706984 -34.070934
0.40851027 -0.020567894 0.91252192 192.69948 -0.0087288728 0.99961233 0.026438548 -6.5985084 -0.91271203 -0.018765706 0.40817236 -33.772654
0.40768709 -0.020578081 0.91288976 193.35824 -0.0056817421 0.99966951 0.02507165 -6.5929887 -0.91310406 -0.015408192 0.40743543 -33.481178
0.4059675 -0.019525622 0.91367886 194.02732 -0.0029262883 0.99973883 0.022664966 -6.5901136 -0.91388287 -0.011874927 0.40580434 -33.191725
0.40655719 -0.02072735 0.91339015 194.69769 -0.00018452638 0.99974074 0.022769018 -6.5773485 -0.91362535 -0.0094254518 0.40644796 -32.886735
0.40518009 -0.027185967 0.91383256 195.38977 0.0037876388 0.99959912 0.028058086 -6.5728757 -0.91422908 -0.0079073098 0.40512063 -32.59549
0.40495834 -0.030232886 0.91383513 196.05949 0.0044327426 0.99950636 0.03110286 -6.5644678 -0.91432443 -0.0085445662 0.40489245 -32.279768
0.40334374 -0.032682448 0.91446466 196.74864 0.0056534363 0.99943189 0.033225562 -6.5546967 -0.91503111 -0.0082314541 0.40329936 -31.975919
0.40076894 -0.03276299 0.91559313 197.43694 0.0047692951 0.99942145 0.033675056 -6.5448816 -0.91616679 -0.0091291821 0.40069333 -31.677528
0.40007246 -0.033115878 0.91588498 198.1201 0.0035012755 0.9993949 0.034605956 -6.529236 -0.91647686 -0.010638124 0.39994632 -31.3668
0.39751646 -0.032125685 0.91703246 198.81347 0.0020866694 0.999416 0.034107232 -6.5249964 -0.91759271 -0.011644642 0.39735135 -31.065828
0.39681436 -0.029144306 0.91743605 199.50416 0.0031270685 0.99953293 0.030399751 -6.5217792 -0.9178936 -0.0091941718 0.39672015 -30.772349
0.39601136 -0.022678452 0.91796548 200.17568 0.0016947674 0.99971132 0.023966869 -6.5216599 -0.91824409 -0.0079354136 0.39593547 -30.46779
0.39431536 -0.019347425 0.91877146 200.87542 -0.00038020649 0.99977484 0.021216364 -6.5100967 -0.91897515 -0.0087152606 0.39421922 -30.177461
0.39387192 -0.022111249 0.91889931 201.55731 -0.0011887241 0.99969753 0.024565005 -6.5031309 -0.9191646 -0.010767783 0.3937265 -29.871846
0.39223306 -0.025265018 0.91951881 202.25602 -0.0025551678 0.99958896 0.028554994 -6.49896 -0.91986236 -0.013549737 0.39200728 -29.575062
0.38929721 -0.024689581 0.92078121 202.93735 -0.0067723937 0.99953697 0.029664617 -6.4981726 -0.92108734 -0.017784245 0.38894974 -29.274179
0.3850211 -0.024799116 0.92257449 203.63052 -0.0091444806 0.99948734 0.030682856 -6.4912073 -0.92286251 -0.020250011 0.38459694 -28.972716
0.37812773 -0.025797534 0.92539388 204.31627 -0.0094974431 0.99945095 0.031742825 -6.484352 -0.92570476 -0.020791718 0.3776751 -28.697376
0.36975868 -0.02611448 0.92876072 205.01132 -0.0090995756 0.99945521 0.031724964 -6.473552 -0.92908331 -0.020181909 0.36931961 -28.417027
