1 0 0 0 0 1 0 0 0 0 1 0
0.99994882 -0.0015364648 0.0099997948 0.0076128237 0.0015283919 0.9999985 0.00081490775 -0.0063367462 -0.010001033 -0.00079958244 0.99994967 0.31027341
0.99983856 -0.0027146975 0.01776195 0.039865421 0.0026983237 0.99999591 0.00094575955 -0.0094708437 -0.017764447 -0.00089767937 0.9998418 0.63685918
0.99978699 -0.006362927 0.01963387 0.026212372 0.0063695281 0.99997968 -0.00027367253 -0.01939675 -0.019631731 0.00039867275 0.9998072 0.92486004
0.99984491 -0.007362957 0.015998484 0.034546652 0.0073897296 0.99997139 -0.0016149457 -0.021660905 -0.015986137 0.0017329197 0.99987071 1.1875298
0.9998855 -0.010660434 0.010739741 0.036663519 0.010697346 0.99993705 -0.0033854016 -0.017808452 -0.010702976 0.0034999008 0.9999366 1.5277308
0.99993428 -0.011221341 -0.0023499637 0.0041657198 0.01121033 0.99992636 -0.0046480049 -0.032246337 0.0024019477 0.0046213557 0.99998644 1.8821643
0.99978792 -0.01065668 -0.01762237 -0.0043763563 0.010567584 0.99993094 -0.0051413119 -0.040381071 0.017675944 0.0049539958 0.9998315 2.1653399
0.99927603 -0.0072502411 -0.037347577 -0.04104127 0.007050124 0.99996009 -0.0054871633 -0.043180053 0.037385873 0.0052198858 0.99928727 2.5307154
0.99844518 -0.0028806935 -0.05566803 -0.076902871 0.0025178754 0.99997514 -0.006586573 -0.049075519 0.055685624 0.006436167 0.99842761 2.8932004
0.99688128 -0.0022355627 -0.078884138 -0.093301599 0.0017337346 0.99997783 -0.0064295009 -0.050006805 0.07889677 0.006272685 0.99686306 3.1305572
0.99510849 -0.0034323676 -0.098728445 -0.18968212 0.0028608749 0.99997833 -0.0059295218 -0.057838513 0.098746666 0.0056180678 0.99509675 3.5489151
0.9929023 -0.0047912854 -0.11883625 -0.23007477 0.0042075221 0.99997782 -0.005162743 -0.067598372 0.11885836 0.0046260933 0.99290044 3.9354487
0.99070153 -0.0036883902 -0.13600321 -0.29030787 0.0030870842 0.99998451 -0.0046319069 -0.07573518 0.1360182 0.0041689839 0.99069757 4.3400154
0.98847839 -0.0028753454 -0.15133475 -0.37032782 0.0022754356 0.99998885 -0.0041371498 -0.080794483 0.15134498 0.0037451307 0.98847391 4.7668911
0.9862064 -0.0022170265 -0.16550537 -0.49250105 0.0015806232 0.99999084 -0.003976823 -0.090366818 0.16551268 0.0036603665 0.98620087 5.1874382
0.98402546 -0.0032714913 -0.17799771 -0.56840781 0.0024597298 0.99998555 -0.0047810025 -0.096539181 0.17801079 0.0042668019 0.98401929 5.6045942
0.98219123 -0.0063813957 -0.18777555 -0.64511806 0.0051888771 0.99996313 -0.0068416316 -0.11180025 0.1878123 0.0057454463 0.98218813 6.0374954
0.98059341 -0.0058684353 -0.19596461 -0.77354027 0.0042946572 0.99995503 -0.0084548896 -0.11724538 0.19600543 0.0074492082 0.98057452 6.4691937
0.97927056 -0.0052010333 -0.20248978 -0.86044693 0.0031398148 0.99993995 -0.010499261 -0.1177173 0.20253224 0.0096458367 0.97922809 7.0025049
0.97751128 -0.0064166651 -0.21078546 -1.0025631 0.0037376312 0.99990713 -0.013105708 -0.1335911 0.21085 0.012023139 0.97744449 7.4787849
0.97588353 -0.0096461695 -0.21807861 -1.082321 0.0066093465 0.99987083 -0.01465055 -0.14357824 0.21819178 0.012855873 0.97582123 7.9777599
0.97390996 -0.015713546 -0.22639006 -1.2278609 0.012358832 0.99979193 -0.01622813 -0.15881071 0.22659798 0.013006821 0.97390153 8.4925102
0.972188 -0.016507539 -0.23361931 -1.3456613 0.012543704 0.99975123 -0.018442803 -0.18562374 0.23386565 0.014999421 0.97215322 8.9968552
0.96981623 -0.012648251 -0.2435087 -1.500767 0.0074244553 0.99972246 -0.022358068 -0.19088439 0.24372393 0.019875298 0.96964098 9.5327771
0.96756911 -0.0099975569 -0.25240852 -1.6614806 0.0036378663 0.99966436 -0.025650142 -0.2049926 0.25258026 0.023900057 0.96728073 10.046317
0.9653245 -0.012677239 -0.26074488 -1.8176814 0.0056418198 0.9996 -0.02771284 -0.23084157 0.26099193 0.025280808 0.9650099 10.64129
0.96290728 -0.014536117 -0.26944064 -1.9777245 0.0068606061 0.99954398 -0.029406705 -0.25881897 0.26974526 0.026467404 0.96256791 11.194947
0.96090327 -0.014322747 -0.27651358 -2.1326672 0.0056834848 0.99947108 -0.032019737 -0.28148766 0.27682596 0.02919631 0.96047643 11.762523
0.95846081 -0.014060457 -0.28487747 -2.353015 0.0040089881 0.99934964 -0.035835949 -0.30438652 0.28519609 0.033205283 0.95789384 12.367811
0.95644503 -0.014860317 -0.29153399 -2.5245114 0.0030959659 0.99916363 -0.040773178 -0.33490352 0.29189608 0.038094725 0.9556911 12.952964
0.95415755 -0.016043337 -0.2988745 -2.7344259 0.0017706005 0.99884746 -0.047964663 -0.37360841 0.29929957 0.045236658 0.95308626 13.547788
0.95305823 -0.016307569 -0.30234759 -2.9182618 -0.00068507115 0.9984299 -0.056011282 -0.405616 0.30278631 0.053589144 0.95155066 14.17885
0.95191818 -0.016524635 -0.30590636 -3.1449757 -0.0034614302 0.99790028 -0.064676442 -0.45624304 0.30633283 0.062625556 0.94986222 14.804763
0.95036763 -0.015800859 -0.31072767 -3.360637 -0.0074713346 0.99726257 -0.073563193 -0.5021512 0.31103946 0.072233629 0.94764802 15.422946
0.94890046 -0.014390355 -0.31524724 -3.5985622 -0.011646578 0.9966823 -0.080552819 -0.56013513 0.31536055 0.08010816 0.94558469 16.03831
0.94732029 -0.013899471 -0.31998604 -3.8460589 -0.014769813 0.99609931 -0.086994405 -0.62418752 0.31994708 0.0871377 0.94341979 16.732449
0.94579884 -0.012225016 -0.32452288 -4.0846307 -0.019081571 0.99547277 -0.093112067 -0.69375805 0.32419202 0.094257693 0.94128372 17.413569
0.94405263 -0.010034134 -0.32964214 -4.3272923 -0.023695809 0.99488991 -0.098145667 -0.76589018 0.32894248 0.10046581 0.93899067 18.059578
0.94238423 -0.0071264412 -0.33445651 -4.6112048 -0.028482012 0.99443371 -0.1014415 -0.84201407 0.33331777 0.10512287 0.93693567 18.763165
0.94030503 -0.0071650502 -0.34025742 -4.875887 -0.029650044 0.9942523 -0.10287491 -0.91881842 0.33903885 0.10682244 0.93468799 19.428893
0.93810133 -0.005992203 -0.34630908 -5.1654474 -0.031362323 0.99427348 -0.10215996 -1.0073391 0.34493813 0.10669745 0.93254134 20.160378
0.93623924 -0.0062942778 -0.35130679 -5.450568 -0.031085567 0.99443507 -0.10066067 -1.0948961 0.34998541 0.10516304 0.93083347 20.905863
0.93395517 -0.0060439821 -0.35733906 -5.7298838 -0.031350527 0.99461714 -0.098761755 -1.177703 0.3560125 0.10344182 0.92873834 21.610705
0.93097939 -0.0058226688 -0.36502528 -5.9837899 -0.031197448 0.99494635 -0.095438381 -1.2620127 0.36373631 0.10023903 0.92609289 22.316101
0.92705433 -0.0033707447 -0.37491184 -6.328644 -0.032841804 0.99538582 -0.090158064 -1.3426687 0.37348586 0.095894207 0.92266604 23.126626
0.92439422 -0.0012679532 -0.38143638 -6.6347974 -0.033521274 0.99585542 -0.084547697 -1.4260482 0.37996272 0.090941637 0.92052049 23.863667
0.92075225 0.0014681795 -0.390145 -6.967255 -0.035714708 0.9961114 -0.080539093 -1.4967997 0.38850967 0.088090468 0.91722425 24.612918
0.91659108 0.0025869448 -0.39981756 -7.3140441 -0.03723925 0.99618467 -0.078926215 -1.5734539 0.39808798 0.087231973 0.91319032 25.329334
0.91272382 0.0040670065 -0.40855682 -7.6809443 -0.039362147 0.99617449 -0.078019303 -1.6519693 0.40667661 0.087291751 0.90939227 26.091455
0.90933788 0.0041202196 -0.41603801 -8.0678678 -0.039632649 0.99626167 -0.07675897 -1.7202871 0.41416649 0.086288529 0.90610177 26.807381
0.90442768 0.0050155308 -0.42659747 -8.4073119 -0.040940454 0.99633645 -0.07508371 -1.7915732 0.42465805 0.085372881 0.9013196 27.596532
0.90096295 0.0044575199 -0.43387311 -8.8067095 -0.039963726 0.99654931 -0.072748677 -1.8638395 0.43205171 0.08288305 0.89803215 28.378505
0.89781348 0.0055973955 -0.44034033 -9.2124202 -0.039853245 0.9968489 -0.068585632 -1.9379811 0.43856891 0.079126098 0.89520745 29.151049
0.89334064 0.0059346202 -0.44934093 -9.6362254 -0.038338786 0.99727367 -0.06305046 -2.0017465 0.44774174 0.073552725 0.89113262 30.00497
0.8903634 0.0049938475 -0.45522309 -10.068633 -0.035720786 0.99762331 -0.058921659 -2.0648057 0.45384695 0.068722616 0.88842567 30.784119
0.88703533 0.0061009211 -0.46166122 -10.497517 -0.036443526 0.99771808 -0.056837551 -2.133645 0.46026102 0.06724148 0.88523352 31.559309
0.88340709 0.0064659705 -0.46856172 -10.957576 -0.036856973 0.99776594 -0.055719839 -2.1957561 0.46715468 0.066493069 0.88167182 32.402605
0.87958035 0.0063743456 -0.47570764 -11.367185 -0.036354721 0.99788712 -0.053848238 -2.2479001 0.47435932 0.064658071 0.87795364 33.180606
0.87655139 0.0036702443 -0.48129426 -11.890357 -0.032916322 0.99808683 -0.05233726 -2.3078282 0.48018141 0.061718735 0.87499522 34.032707
0.87448164 0.0036467182 -0.48504489 -12.317841 -0.033107436 0.99808848 -0.052185056 -2.3770619 0.48392746 0.061693466 0.87293078 34.93534
0.8714892 0.0029563342 -0.49040576 -12.783031 -0.032996316 0.99806931 -0.052620314 -2.430005 0.48930341 0.06203962 0.86990418 35.714763
0.87048212 0.002523073 -0.49219354 -13.300714 -0.032901173 0.99804853 -0.053072073 -2.490165 0.49109918 0.062392036 0.86886642 36.590825
0.8698939 0.0022252793 -0.49323384 -13.793617 -0.032185244 0.9981147 -0.052260529 -2.54952 0.49218769 0.061335968 0.86832551 37.434251
0.87063171 0.0015182028 -0.49193303 -14.345095 -0.030387734 0.99825152 -0.050699939 -2.6080009 0.49099596 0.059089706 0.86915556 38.344831
0.8702667 -2.7636979e-05 -0.4925808 -14.832928 -0.028308436 0.99834445 -0.050069914 -2.6713337 0.49176673 0.057518372 0.86882515 39.241317
0.87009876 -0.00094276265 -0.49287649 -15.366983 -0.027683345 0.99832609 -0.050780322 -2.7345651 0.49209938 0.057828366 0.8686162 40.103699
0.86891648 -0.0026842456 -0.49495144 -15.898035 -0.026227241 0.99833073 -0.051457663 -2.8020266 0.4942634 0.057693623 0.86739562 41.083496
0.86796809 -0.0034144454 -0.49660821 -16.421658 -0.02441572 0.99847373 -0.049538645 -2.8632538 0.49601945 0.055123011 0.86655997 41.992871
0.86543492 -0.0027599619 -0.50101374 -16.963778 -0.023391939 0.99867176 -0.045907913 -2.9272613 0.50047502 0.051449995 0.86422085 42.897634
0.86291492 -0.0021588242 -0.50534459 -17.461031 -0.021881269 0.99889341 -0.041631212 -2.9989636 0.5048753 0.046981775 0.86191279 43.83146
0.85827341 -0.0035555895 -0.51318036 -17.989417 -0.019403675 0.99903614 -0.039373719 -3.0469021 0.51282577 0.043751002 0.85737717 44.660347
0.85362913 -0.0069802929 -0.52083448 -18.583484 -0.017241097 0.99898366 -0.041646052 -3.1154318 0.52059588 0.044530041 0.85264121 45.605318
0.84775527 -0.0085671128 -0.53031839 -19.147368 -0.017992952 0.99882949 -0.044898883 -3.1804218 0.53008234 0.047605259 0.84660881 46.496828
0.84234941 -0.0085717035 -0.53886359 -19.742573 -0.018504906 0.9988239 -0.044815084 -3.2424678 0.53861402 0.04772158 0.8412001 47.41866
0.83636786 -0.0074538057 -0.54811788 -20.335056 -0.017041095 0.99907072 -0.039589116 -3.2929226 0.54790366 0.042451594 0.83546362 48.296278
0.83216998 -0.0038204939 -0.55450744 -20.978136 -0.018419157 0.99923402 -0.034526923 -3.3531942 0.55421465 0.038945828 0.83146219 49.144929
0.82724802 -0.0030462154 -0.56182863 -21.534099 -0.02065443 0.99914446 -0.035829331 -3.4056687 0.56145715 0.041243993 0.82647736 49.994899
0.82385363 -0.0050520076 -0.56678007 -22.131839 -0.02166703 0.99894869 -0.040398662 -3.4588491 0.56638835 0.045563026 0.82287804 50.914922
0.82068067 -0.0066542865 -0.57134834 -22.770403 -0.024793002 0.99857571 -0.047242536 -3.5301198 0.57084899 0.052936477 0.81934681 51.769059
0.81971871 -0.0046119789 -0.57274771 -23.455591 -0.028739249 0.99837682 -0.049171023 -3.5925742 0.57204486 0.056766747 0.81825561 52.576693
0.81553955 -0.0062843494 -0.5786672 -24.045075 -0.024518029 0.99866797 -0.045399841 -3.647857 0.57818175 0.051213146 0.81429915 53.438188
0.8126045 -0.0030458912 -0.58280753 -24.674048 -0.024475757 0.9989258 -0.039347 -3.7204809 0.58230138 0.046238205 0.81165705 54.351577
0.81006629 -0.0035824067 -0.58632734 -25.313253 -0.021895725 0.99909903 -0.036355403 -3.7741396 0.58592936 0.042288349 0.809258 55.220717
0.80800473 -0.0016967655 -0.58917353 -25.993028 -0.024872706 0.99900612 -0.036987985 -3.8274915 0.58865078 0.044540808 0.80715947 56.060631
0.80464576 -0.0022139787 -0.59375101 -26.647899 -0.025708226 0.99892536 -0.038564335 -3.8889679 0.59319838 0.046294914 0.80372414 56.964732
0.799711 -0.0060938338 -0.60035419 -27.282747 -0.023332569 0.99887764 -0.04121951 -3.9414372 0.59993161 0.046971502 0.79867126 57.774949
0.79622066 -0.0044875345 -0.60498967 -27.924379 -0.02614674 0.99878298 -0.041819963 -4.0034571 0.6044411 0.049116426 0.7951343 58.617439
0.79093939 -0.0054693367 -0.61187004 -28.582801 -0.024586615 0.99886843 -0.040710718 -4.0607633 0.61140037 0.047243524 0.78990991 59.44187
0.78706708 -0.0075982895 -0.61682059 -29.250741 -0.021642843 0.99896837 -0.039922174 -4.1109617 0.61648765 0.04477118 0.78609067 60.304391
0.7803305 -0.007970853 -0.62531651 -29.931237 -0.022493857 0.99891398 -0.040803077 -4.1797995 0.62496269 0.045905666 0.77930375 61.094479
0.77443492 -0.010201298 -0.6325713 -30.649567 -0.020919743 0.99891029 -0.041720451 -4.241818 0.63230764 0.045543004 0.77337761 61.966475
0.77017667 -0.0098194407 -0.637755 -31.300486 -0.022339059 0.99885278 -0.042356698 -4.2998626 0.63743933 0.046868988 0.76907375 62.810405
0.76440181 -0.014806887 -0.64457008 -32.045126 -0.017439324 0.99889563 -0.043627815 -4.3576259 0.64450428 0.044590048 0.76329941 63.678347
0.75975512 -0.015512374 -0.65002422 -32.728906 -0.01807107 0.99882542 -0.044957925 -4.4225033 0.64995817 0.045903647 0.7585824 64.452142
0.75290553 -0.014124785 -0.65797699 -33.501215 -0.02026049 0.99879835 -0.04462473 -4.4842927 0.65781671 0.046929142 0.75171462 65.264024
0.7462814 -0.016220933 -0.66543288 -34.274173 -0.016722317 0.99893061 -0.043104481 -4.5475023 0.66542053 0.043295652 0.74521208 66.110326
0.73985315 -0.015975288 -0.67257867 -34.934101 -0.016688379 0.99897463 -0.042085569 -4.6201492 0.67256141 0.042361389 0.73882792 66.987805
0.73360252 -0.017634901 -0.67934992 -35.773612 -0.015754609 0.99895325 -0.042944085 -4.6840697 0.67939618 0.042206782 0.73255679 67.7652
0.72848971 -0.018583057 -0.68480462 -36.520951 -0.016476813 0.99886754 -0.04463346 -4.7519624 0.68485859 0.043798415 0.72735854 68.539063
0.72353863 -0.019509843 -0.69000809 -37.210645 -0.015983706 0.99885898 -0.045002963 -4.7979926 0.69009884 0.043590269 0.72240122 69.24523
0.71769231 -0.017693936 -0.6961355 -38.066219 -0.017912094 0.99887729 -0.043855602 -4.8743668 0.69612998 0.043944073 0.71656961 70.112891
0.71350991 -0.01659313 -0.7004486 -38.858957 -0.019640881 0.99885296 -0.043669242 -4.9412502 0.70036982 0.044915865 0.71236558 70.964222
0.70951977 -0.01564194 -0.70451188 -39.668119 -0.022229576 0.99875924 -0.044562562 -5.0153938 0.70433486 0.047279019 0.70829171 71.74124
0.70324114 -0.02046852 -0.71065666 -40.461751 -0.018412461 0.99872584 -0.046985894 -5.0728535 0.71071296 0.046127353 0.70196823 72.511963
0.7001749 -0.020548654 -0.71367557 -41.315721 -0.021663985 0.99851403 -0.050004088 -5.1484302 0.71364265 0.050472664 0.69868929 73.319902
0.69482757 -0.022171729 -0.71883448 -42.174737 -0.020733728 0.99849163 -0.050838756 -5.2113683 0.71887746 0.050228288 0.69331981 74.121729
0.69008626 -0.02287935 -0.72336536 -43.025391 -0.018443203 0.99861963 -0.049180081 -5.288109 0.72349212 0.047279673 0.68871172 74.929701
0.68493676 -0.021646757 -0.72828086 -43.850507 -0.019543253 0.99865309 -0.048063177 -5.3578934 0.7283404 0.047153214 0.68359116 75.693172
0.68011831 -0.023731528 -0.73271812 -44.71431 -0.017181294 0.9986854 -0.048293663 -5.4333659 0.73290103 0.045434451 0.67881649 76.517241
0.67621236 -0.020772084 -0.73641382 -45.556683 -0.02219086 0.99857452 -0.048543639 -5.5104837 0.7363725 0.049167466 0.67478749 77.253021
0.67321886 -0.023934782 -0.73905578 -46.470782 -0.017869404 0.9986575 -0.048619697 -5.5784771 0.73922736 0.045938184 0.67188737 78.040283
0.66872937 -0.025980123 -0.74305183 -47.352518 -0.014959823 0.99871684 -0.048382705 -5.6502448 0.74335542 0.04347086 0.66748262 78.8514
0.6649296 -0.028196705 -0.74637358 -48.264437 -0.012980494 0.9987 -0.049293227 -5.7272218 0.74679326 0.042464824 0.66369918 79.638124
0.65937576 -0.031812136 -0.75114017 -49.138146 -0.011295312 0.99857242 -0.052206735 -5.8104396 0.75172872 0.042908218 0.65807512 80.425866
0.65571918 -0.035395161 -0.75417471 -50.008354 -0.008411976 0.99849599 -0.054175536 -5.8830431 0.75495804 0.041868038 0.65443523 81.241751
0.64950987 -0.040972619 -0.75924839 -50.904697 -0.00021259954 0.99853725 -0.054067643 -5.9599927 0.76035316 0.035278884 0.64855109 82.009406
0.63982803 -0.044023183 -0.76725615 -51.832476 0.0037164311 0.99852354 -0.054193514 -6.0473569 0.76850916 0.031823075 0.63904696 82.743383
0.63132559 -0.044124535 -0.77426157 -52.799019 0.0044303171 0.99856897 -0.053295192 -6.1305634 0.77550527 0.030216394 0.63061763 83.470236
0.62309368 -0.04392769 -0.78091265 -53.764212 0.0071719323 0.99870053 -0.050456119 -6.1995809 0.78211436 0.025838236 0.62259904 84.252806
0.61193596 -0.042773844 -0.78974979 -54.74178 0.0053942348 0.99873899 -0.049913251 -6.2895513 0.79088895 0.026283617 0.61139503 84.966048
0.60666549 -0.044669647 -0.79370117 -55.647931 0.0048967621 0.99861106 -0.052459172 -6.3544839 0.79494217 0.027938604 0.60604161 85.675651
0.59479697 -0.047991821 -0.80244208 -56.682819 0.0075309582 0.99850519 -0.05413561 -6.4355976 0.80384072 0.026156539 0.59426929 86.436802
0.58479016 -0.04761232 -0.80978607 -57.67392 0.0045535381 0.99845292 -0.055416852 -6.5232078 0.81117186 0.028719838 0.58410225 87.176084
0.57496572 -0.049353166 -0.81668759 -58.66081 0.0090105556 0.99850046 -0.053996655 -6.6052593 0.81812791 0.023687417 0.57454824 87.868288
0.56622227 -0.048975121 -0.82279628 -59.668857 0.0098402858 0.99856372 -0.052665516 -6.6869117 0.82419389 0.021723837 0.56589095 88.582505
0.55547376 -0.049752295 -0.83004431 -60.729186 0.010271095 0.99854283 -0.052978465 -6.7704106 0.83147066 0.020902683 0.55517535 89.233098
0.54698363 -0.05143616 -0.83556159 -61.796922 0.010890482 0.99846337 -0.054334962 -6.849863 0.8370725 0.020620666 0.54670328 89.909065
0.53525488 -0.051477883 -0.8431205 -62.818197 0.0084553462 0.99841777 -0.055591897 -6.936934 0.84464832 0.022626958 0.53484325 90.556385
0.524736 -0.052657584 -0.84963478 -63.899605 0.0077348111 0.99833869 -0.057096732 -7.0185899 0.85122991 0.023388946 0.52427154 91.233992
0.51800566 -0.051588673 -0.85382005 -64.973603 0.0054034081 0.99835707 -0.057043542 -7.114229 0.85536016 0.024935339 0.51743337 91.837105
0.50760244 -0.051303958 -0.86006256 -66.08457 0.0071226503 0.99844135 -0.055354716 -7.1881828 0.86156201 0.021972264 0.50717669 92.443113
0.50265201 -0.04871981 -0.86311487 -67.190047 0.0062068204 0.99858835 -0.052752148 -7.2863837 0.8644666 0.021158774 0.50224484 93.049462
0.49238589 -0.049445188 -0.86897137 -68.263152 0.0076341071 0.99859201 -0.052494989 -7.3644825 0.87034356 0.019213971 0.49207009 93.702958
0.48280724 -0.05171502 -0.8741983 -69.339298 0.0078004754 0.99846916 -0.05475843 -7.4542243 0.87569195 0.019618604 0.48247154 94.323652
0.47840975 -0.055383496 -0.87638845 -70.433766 0.010482403 0.99829822 -0.057365386 -7.5370537 0.87807419 0.018257503 0.47817616 94.858564
0.47269736 -0.059015149 -0.87924647 -71.669892 0.013226179 0.99811776 -0.059883195 -7.6300605 0.88112561 0.016677557 0.47258817 95.50742
0.46798881 -0.061857375 -0.88156683 -72.762611 0.013915203 0.99793943 -0.062635925 -7.7312262 0.88362487 0.01704573 0.46788524 96.107477
0.46379351 -0.062907719 -0.88370704 -73.87494 0.016401255 0.99791458 -0.062429891 -7.829067 0.88579154 0.014460673 0.46385807 96.681776
0.4565066 -0.061534732 -0.88758951 -75.014319 0.019440293 0.99805715 -0.059194657 -7.9231051 0.88950765 0.0097677507 0.45681593 97.246488
0.45573072 -0.058556981 -0.88818946 -76.048193 0.021370363 0.99826594 -0.054849005 -8.0189603 0.88986116 0.0060154449 0.45619185 97.792341
0.45093832 -0.058678709 -0.89062415 -77.284246 0.024200947 0.99827359 -0.053517829 -8.1107469 0.892227 0.0025792913 0.4515799 98.410053
0.44845014 -0.057473554 -0.89195807 -78.37239 0.023458109 0.99834355 -0.052534487 -8.2008299 0.8935 0.0026354484 0.44905553 98.935279
0.44709075 -0.057534546 -0.89263631 -79.528376 0.026422987 0.99834325 -0.051113485 -8.298216 0.89409829 -0.00073375219 0.44787026 99.508715
0.44372551 -0.056146501 -0.89440213 -80.591102 0.027802377 0.99841749 -0.048882961 -8.3779118 0.89573142 -0.0031758891 0.44458431 100.06313
0.44084263 -0.057810474 -0.89572075 -81.664648 0.031300813 0.99830691 -0.049026288 -8.4599604 0.89703852 -0.0064239106 0.44190576 100.57776
0.43852428 -0.05693543 -0.89691401 -82.752744 0.031243153 0.99835381 -0.048099173 -8.5469543 0.89817615 -0.0069297671 0.43958123 101.21693
0.43488198 -0.056956583 -0.89868434 -83.86114 0.03570406 0.99830351 -0.045992684 -8.6274835 0.89977939 -0.012085291 0.43617779 101.71555
0.43405471 -0.057858918 -0.89902657 -84.952571 0.040779009 0.99817445 -0.04455149 -8.7051968 0.89996314 -0.01732363 0.43562176 102.18063
0.4345469 -0.058824445 -0.8987261 -86.112206 0.042400849 0.99809454 -0.044827006 -8.7900088 0.89965061 -0.018627314 0.4362131 102.67921
0.42943914 -0.058699375 -0.90118607 -87.10234 0.041128757 0.99812122 -0.045414367 -8.8658577 0.90215881 -0.017561958 0.43104655 103.22778
0.43266487 -0.061223753 -0.89947357 -88.15587 0.043446755 0.99794828 -0.047027792 -8.9414465 0.90050739 -0.018731935 0.43443713 103.65005
0.43237267 -0.059742441 -0.89971365 -89.153257 0.038724578 0.99811237 -0.047666523 -9.025751 0.90086312 -0.014231331 0.43387001 104.23061
0.43386874 -0.060913996 -0.89891453 -90.263143 0.040112174 0.99802857 -0.048269874 -9.1090388 0.90008277 -0.015114628 0.43545679 104.67257
0.43753144 -0.060147462 -0.89718919 -91.287905 0.036474483 0.99812633 -0.049126798 -9.187011 0.89846309 -0.011229994 0.4389055 105.18337
0.44387697 -0.061876277 -0.89394882 -92.302155 0.037126694 0.99802637 -0.050645486 -9.2712275 0.89531833 -0.010709 0.44529819 105.69635
0.45021602 -0.06075631 -0.89085024 -93.314526 0.033660623 0.9981281 -0.051061365 -9.345659 0.89228503 -0.0069979304 0.45141835 106.18302
0.45689979 -0.060321423 -0.88747047 -94.309515 0.034956448 0.99814493 -0.049847213 -9.42551 0.88883108 -0.0082476349 0.45816083 106.68437
0.46507242 -0.059104696 -0.88329735 -95.261456 0.032985717 0.99823285 -0.049427865 -9.4982104 0.88465793 -0.0061486603 0.46620018 107.18971
0.47304928 -0.058433473 -0.87909604 -96.200088 0.032476051 0.99827655 -0.04887975 -9.5702764 0.88043725 -0.0054270377 0.47413169 107.69532
0.48262916 -0.058630395 -0.87386012 -97.213525 0.033100977 0.99826502 -0.048695638 -9.6438234 0.87519911 -0.0054236898 0.48373253 108.23619
0.4912175 -0.058648991 -0.86906018 -98.137584 0.0310244 0.99827558 -0.04983329 -9.7190462 0.8704843 -0.0024830872 0.49218999 108.77674
0.50078572 -0.059405298 -0.86353032 -99.134866 0.028768866 0.99823323 -0.051988106 -9.7933914 0.8650931 0.0011921129 0.50160998 109.33288
0.51452192 -0.058428836 -0.85548419 -100.03654 0.023456049 0.99826145 -0.054073008 -9.8694865 0.85715639 0.0077554683 0.51499791 109.85917
0.5257377 -0.057826871 -0.84867889 -100.98137 0.023631917 0.9982945 -0.05338186 -9.947922 0.85031845 0.0080089472 0.52620762 110.4158
0.53874496 -0.055459302 -0.84064147 -101.88201 0.021501368 0.998411 -0.052088108 -10.023614 0.84219453 0.0099872642 0.53908135 110.99084
0.55057071 -0.054221796 -0.83302571 -102.77393 0.022776905 0.99849256 -0.049938151 -10.094749 0.83447778 0.0085207354 0.55097576 111.57323
0.56231478 -0.05253561 -0.82525271 -103.67111 0.020566757 0.99855964 -0.049554456 -10.169165 0.8266675 0.010892431 0.56258534 112.1928
0.57391677 -0.052446526 -0.81723243 -104.52866 0.020242577 0.99855071 -0.04986704 -10.238402 0.81866344 0.01207664 0.57414665 112.78293
0.58371147 -0.054084189 -0.81015787 -105.39367 0.022087971 0.99846756 -0.050741106 -10.319523 0.8116607 0.011723422 0.58401157 113.38287
0.59512946 -0.056268838 -0.80165746 -106.23147 0.025109629 0.99836064 -0.051434828 -10.389009 0.8032375 0.01048106 0.59556672 114.01988
0.60719374 -0.054688649 -0.79266945 -107.05697 0.023164743 0.99842282 -0.051139739 -10.465152 0.7942161 0.012689745 0.60750294 114.67218
0.61744612 -0.052644857 -0.78484951 -107.8896 0.022186735 0.99852652 -0.04952309 -10.537111 0.78630025 0.013164592 0.61770435 115.30105
0.62613406 -0.051703584 -0.77799925 -108.65637 0.02453854 0.99861143 -0.046616208 -10.604494 0.77932923 0.01009703 0.62653336 115.93103
0.63758866 -0.04997358 -0.76875438 -109.48419 0.023312645 0.99868838 -0.045585634 -10.67138 0.7700242 0.011143185 0.6379174 116.55754
0.64728191 -0.049834484 -0.76061988 -110.23898 0.022291217 0.99867133 -0.046461537 -10.741816 0.76192472 0.013118569 0.64753276 117.18363
0.65713407 -0.048478206 -0.75221315 -110.98485 0.019407432 0.99868703 -0.047408465 -10.806808 0.75352386 0.016555192 0.65721211 117.8205
0.66561304 -0.048505735 -0.74471903 -111.74627 0.020087753 0.99868848 -0.047093532 -10.877642 0.74602668 0.016386337 0.66571445 118.4789
0.67484896 -0.045985109 -0.7365217 -112.47708 0.018488927 0.99879688 -0.045419641 -10.935397 0.73772426 0.017033901 0.67488725 119.16953
0.68332368 -0.045385683 -0.72870353 -113.15798 0.020257501 0.99886036 -0.043215834 -10.998435 0.72983452 0.01476869 0.68346434 119.81397
0.69090771 -0.0439557 -0.72160543 -113.85235 0.019484957 0.99891951 -0.042191894 -11.055759 0.72268037 0.015090254 0.69101766 120.45946
0.69816836 -0.043603465 -0.71460453 -114.5337 0.018866196 0.9989175 -0.042519299 -11.122631 0.71568502 0.01620376 0.69823523 121.12393
0.70616025 -0.041029675 -0.70686223 -115.22907 0.016508711 0.99900233 -0.041494572 -11.18117 0.70785959 0.017632433 0.70613309 121.79442
0.71361793 -0.039796515 -0.69940378 -115.87217 0.017484979 0.9990859 -0.039008286 -11.238734 0.7003169 0.015607952 0.71366145 122.44183
0.72040454 -0.036935326 -0.69256988 -116.52604 0.016241398 0.99920552 -0.036394313 -11.292396 0.69336394 0.014970325 0.72043208 123.14241
0.72756457 -0.036403219 -0.68507267 -117.13425 0.01668242 0.99923469 -0.035379928 -11.344415 0.68583638 0.014312511 0.72761505 123.75573
0.73539357 -0.034014343 -0.67678599 -117.78776 0.014368732 0.99929759 -0.034610318 -11.402611 0.67748791 0.015727649 0.73536576 124.4821
0.74315007 -0.031872843 -0.66836522 -118.40325 0.012679452 0.99935631 -0.033558886 -11.452988 0.66900467 0.016464783 0.74307584 125.11871
0.75176579 -0.029114247 -0.65878716 -118.97234 0.011695675 0.99945642 -0.030823329 -11.502805 0.65932651 0.015466964 0.75169765 125.80141
0.76056866 -0.025242666 -0.64876658 -119.52785 0.00929303 0.9995648 -0.027997271 -11.536303 0.64919102 0.015264839 0.76047225 126.43042
0.77029565 -0.023167901 -0.63726589 -120.10549 0.0079512781 0.99961107 -0.026729903 -11.585163 0.63763737 0.015522849 0.77018028 127.12038
0.78043809 -0.022458816 -0.62482955 -120.63097 0.0064963098 0.99959198 -0.027815082 -11.620782 0.62519935 0.017648863 0.78026555 127.78338
0.78996065 -0.023367512 -0.61271209 -121.14768 0.0069467717 0.99955049 -0.029164321 -11.671156 0.61311822 0.018782295 0.78976788 128.44277
0.79934378 -0.022321152 -0.6004592 -121.61574 0.0064949409 0.99957237 -0.028511373 -11.71111 0.60083888 0.018890442 0.79914693 129.11949
0.80940314 -0.021121642 -0.58687341 -122.14975 0.0062849579 0.99960731 -0.027307905 -11.747422 0.58721979 0.018414629 0.80921805 129.78013
0.81957598 -0.018732539 -0.57266419 -122.64134 0.0056433814 0.99968085 -0.024624171 -11.782878 0.57294275 0.016949616 0.81942013 130.51269
0.82872197 -0.017439984 -0.5593887 -123.09125 0.0058580704 0.99972991 -0.02248984 -11.816189 0.55962988 0.015360886 0.82860031 131.19614
0.83749532 -0.016195924 -0.54620441 -123.56145 0.006506617 0.99978538 -0.019668802 -11.851504 0.54640579 0.012918586 0.83742095 131.89099
0.84582775 -0.015703771 -0.53322489 -124.00825 0.0074445938 0.99981675 -0.017636179 -11.878677 0.53340418 0.010947527 0.84578966 132.57703
0.85239882 -0.015956414 -0.52264866 -124.45007 0.0088255793 0.99983094 -0.016130919 -11.914407 0.52281773 0.0091372987 0.85239554 133.32097
0.85937798 -0.015679422 -0.5111004 -124.86605 0.009065921 0.99983986 -0.015429177 -11.940397 0.51126052 0.0086258993 0.85938251 134.01879
0.86552668 -0.015007186 -0.50063793 -125.2992 0.0084184644 0.99984571 -0.015417261 -11.966602 0.5007921 0.0091294482 0.86551947 134.76197
0.87266471 -0.013388212 -0.48813628 -125.73338 0.0071912279 0.99986803 -0.014567477 -11.994084 0.48826694 0.009202224 0.87264583 135.46031
0.87771775 -0.01231396 -0.47901972 -126.0842 0.0062296762 0.9998785 -0.014288696 -12.016805 0.47913751 0.0095573042 0.87768783 136.23675
0.88349546 -0.012819731 -0.46826425 -126.5201 0.0068443314 0.99987202 -0.014460116 -12.045085 0.46838973 0.0095704911 0.88347014 136.98429
0.88863124 -0.013993624 -0.45840886 -126.91857 0.0079455232 0.99985412 -0.015119566 -12.074833 0.4585536 0.0097934203 0.8886128 137.75714
0.89291331 -0.014526892 -0.4499942 -127.29499 0.0083051242 0.99984072 -0.015797587 -12.096139 0.45015205 0.010368617 0.89289173 138.54925
0.89613997 -0.013904905 -0.4435536 -127.70761 0.0081420801 0.99985592 -0.014894386 -12.123777 0.44369683 0.0097360054 0.89612407 139.30585
0.8990646 -0.012095512 -0.43764886 -128.06215 0.0076610615 0.99989989 -0.011896553 -12.149969 0.43774898 0.0073429144 0.89906726 140.13311
0.90243111 -0.0080200712 -0.4307595 -128.4656 0.005288979 0.99995761 -0.0075373668 -12.171024 0.43080173 0.0045236761 0.90243527 140.92745
0.90574084 -0.0052806864 -0.42379905 -128.83764 0.0035981623 0.99998215 -0.0047701613 -12.190495 0.42381671 0.0027956318 0.90574367 141.73285
0.90942592 -0.0029495962 -0.41585548 -129.22891 0.0020488788 0.99999449 -0.0026121495 -12.203776 0.41586093 0.0015235186 0.90942695 142.55301
0.91214269 -0.00082487607 -0.40987195 -129.63273 0.0006639217 0.99999964 -0.00053500753 -12.218692 0.40987227 0.00021588 0.91214291 143.40468
0.91516158 0.00021862845 -0.40308712 -129.99105 0.00083069023 0.99999671 0.0024283667 -12.229782 0.40308635 -0.0025571888 0.91515838 144.25168
0.91870636 0.00036731995 -0.39494111 -130.38378 0.0014541076 0.99998964 0.0043125768 -12.241372 0.39493864 -0.004536279 0.91869631 145.15488
0.92201247 0.00028592078 -0.38716005 -130.75943 0.0019741695 0.99998325 0.0054399329 -12.252658 0.38715515 -0.005780006 0.92199647 146.03639
0.92514749 -0.00071214203 -0.37960716 -131.13385 0.0029320768 0.99998182 0.0052698533 -12.247633 0.37959654 -0.0059884293 0.92513276 146.92297
0.9292877 -0.0030988521 -0.36934368 -131.51662 0.0052950899 0.99997381 0.0049327786 -12.272335 0.36931875 -0.0065396789 0.92927978 147.85162
0.93310927 -0.0049773488 -0.35955849 -131.88214 0.0067204555 0.99997094 0.0035980645 -12.273381 0.35953016 -0.0057737846 0.93311561 148.79421
0.93717472 -0.0055339203 -0.34881643 -132.22423 0.0065370226 0.99997719 0.0016987094 -12.295033 0.3487991 -0.0038722088 0.93718952 149.714
0.94174224 -0.0039716483 -0.33631202 -132.5645 0.0044483244 0.9999899 0.00064691853 -12.301756 0.33630608 -0.0021052558 0.94175039 150.68272
0.94755629 -0.00063038299 -0.31958829 -132.91365 0.0012402544 0.99999778 0.0017047844 -12.311123 0.31958653 -0.0020117502 0.94755496 151.66683
0.95356176 0.0028936984 -0.30118365 -133.22314 -0.0016457196 0.99998898 0.0043972216 -12.315793 0.30119308 -0.0036973589 0.95355601 152.66681
0.95953172 0.0059367098 -0.28153796 -133.55364 -0.004262279 0.9999694 0.0065594584 -12.323375 0.28156831 -0.0050940154 0.95952767 153.67576
0.96554864 0.0075969404 -0.26011172 -133.82838 -0.0059281755 0.99995651 0.0071994778 -12.338724 0.26015512 -0.0054094584 0.96555169 154.72313
0.97110745 0.0091280428 -0.23846802 -134.1025 -0.0072179868 0.99993451 0.0088817136 -12.335819 0.23853349 -0.0069038396 0.97110973 155.76645
0.97602126 0.0097746018 -0.21745564 -134.35376 -0.0075123891 0.99990875 0.011227388 -12.350948 0.21754556 -0.0093245582 0.97600563 156.8507
0.98083285 0.0117016 -0.19449934 -134.57481 -0.0090075397 0.99985094 0.014729948 -12.347265 0.19464273 -0.012695656 0.98079204 157.92493
0.98499144 0.013535329 -0.17207165 -134.76395 -0.010449262 0.99976813 0.018827959 -12.355289 0.17228661 -0.016747357 0.98490449 159.03885
0.98870772 0.015442795 -0.14905895 -134.94726 -0.012260549 0.99967738 0.022244315 -12.337624 0.14935438 -0.020165582 0.98857808 160.16818
0.99172527 0.016827853 -0.1272706 -135.12184 -0.014113498 0.99965394 0.022199291 -12.334918 0.12760014 -0.020219365 0.99161958 161.30458
0.99425598 0.017035366 -0.10566386 -135.25716 -0.014972573 0.99968212 0.020284907 -12.325792 0.10597584 -0.018586331 0.99419499 162.50147
0.99627752 0.016902814 -0.08453046 -135.35393 -0.015335501 0.99969888 0.019156527 -12.313703 0.084828813 -0.017788901 0.99623673 163.62147
0.99783618 0.015376778 -0.063925791 -135.4162 -0.014058043 0.99968005 0.021028047 -12.308985 0.064228687 -0.020083875 0.99773309 164.77466
0.99891622 0.015893206 -0.043746804 -135.49208 -0.014898916 0.99962533 0.022961292 -12.298095 0.044095346 -0.022284628 0.99877875 165.98028
0.99960218 0.01621301 -0.023078486 -135.54062 -0.015663272 0.99959391 0.023805125 -12.29154 0.023455069 -0.023434171 0.9994502 167.20754
0.99984328 0.017495094 -0.0027092525 -135.55345 -0.017424429 0.99955487 0.0242166 -12.279606 0.0031317185 -0.024165598 0.99970306 168.40488
0.99966662 0.017918572 0.018589344 -135.55889 -0.018379182 0.99952072 0.02491047 -12.267815 -0.018134076 -0.025243823 0.99951684 169.64483
0.99903849 0.020073136 0.038976394 -135.52193 -0.021043064 0.99947498 0.024636255 -12.24574 -0.038461407 -0.02543275 0.99893638 170.88378
0.99806205 0.021213021 0.05849913 -135.45384 -0.022611583 0.99947161 0.023349902 -12.237725 -0.057972903 -0.024627409 0.99801435 172.11062
0.99677492 0.02120478 0.077395843 -135.3722 -0.022914096 0.99951126 0.021264434 -12.229467 -0.076907116 -0.022969311 0.99677365 173.35396
0.9950967 0.022828585 0.096236259 -135.25402 -0.024712874 0.99952463 0.018433428 -12.214577 -0.09576971 -0.020721319 0.99518782 174.62808
0.99287371 0.023599985 0.11681108 -135.14708 -0.025712312 0.99953139 0.016609305 -12.214474 -0.11636437 -0.019494425 0.99301526 175.94488
0.99047725 0.023071856 0.13572956 -134.99755 -0.025151457 0.99959078 0.013626579 -12.21482 -0.13535964 -0.016910613 0.99065221 177.22913
0.9878253 0.024499314 0.153626 -134.7706 -0.026113021 0.9996229 0.0084948224 -12.21409 -0.15335997 -0.01240304 0.98809255 178.5033
0.98501416 0.026348057 0.17044906 -134.55988 -0.027105033 0.99963035 0.0021151283 -12.236847 -0.17033034 -0.0067034585 0.98536422 179.81508
0.98150594 0.029201422 0.18919135 -134.32887 -0.029092147 0.9995711 -0.0033552497 -12.246283 -0.1892082 -0.0022107851 0.9819345 181.11255
0.97804533 0.031064832 0.20606383 -134.05682 -0.030237108 0.99951707 -0.0071655926 -12.275989 -0.20618693 0.00077750023 0.97851231 182.43009
0.97376665 0.033247594 0.22510686 -133.78299 -0.031769948 0.99944332 -0.010184368 -12.298016 -0.22532017 0.0027655646 0.97428085 183.81558
0.96986864 0.03257339 0.24144106 -133.45638 -0.031074157 0.9994669 -0.010015595 -12.330454 -0.24163861 0.0022112347 0.9703638 185.07189
0.96570953 0.031255828 0.25773663 -133.11849 -0.029426731 0.99950694 -0.010952048 -12.359387 -0.25795189 0.0029921507 0.96615313 186.43603
0.9610537 0.030838513 0.27463571 -132.75578 -0.027669717 0.9994984 -0.015405725 -12.404689 -0.27497306 0.0072066369 0.96142492 187.73719
0.95598358 0.032202892 0.29164768 -132.40061 -0.027697662 0.99942487 -0.019564234 -12.457368 -0.29210999 0.010625128 0.95632571 189.08031
0.95068273 0.034835158 0.30820261 -131.97516 -0.030065973 0.99934356 -0.020211027 -12.497355 -0.30870438 0.0099478631 0.95110602 190.44933
0.94502315 0.036234333 0.32498971 -131.53781 -0.031251397 0.99930046 -0.020541245 -12.543497 -0.3255067 0.0092555701 0.94549444 191.798
0.93813808 0.040797781 0.34384949 -131.04758 -0.034645327 0.99911097 -0.024020427 -12.587359 -0.3445238 0.0106217 0.9387175 193.12276
0.93159622 0.041731854 0.36109129 -130.5488 -0.034162687 0.99904273 -0.027322944 -12.652441 -0.36188589 0.013118103 0.9321301 194.50304
0.92521032 0.04258344 0.3770577 -130.03342 -0.033627901 0.99897485 -0.030305458 -12.706209 -0.3779617 0.015359264 0.92569383 195.81269
0.91728807 0.042545965 0.39594497 -129.48068 -0.031200477 0.99889828 -0.035053526 -12.772975 -0.39700017 0.01980051 0.91760493 197.17031
0.90923731 0.045690651 0.41376306 -128.90055 -0.031666878 0.99866977 -0.040692773 -12.851231 -0.41507197 0.023896803 0.90947469 198.45879
0.89963651 0.049455471 0.43382978 -128.29804 -0.033394207 0.99844794 -0.044570631 -12.9402 -0.43536075 0.025609967 0.89989175 199.76541
0.88778202 0.052344794 0.45727791 -127.66955 -0.035021805 0.99831419 -0.046284376 -13.016702 -0.45892981 0.02507574 0.8881186 201.15269
0.87490724 0.056536298 0.48097916 -126.97733 -0.037736538 0.99810141 -0.048677764 -13.107955 -0.48281808 0.024438041 0.87537963 202.44644
0.8602105 0.060922061 0.50628686 -126.26381 -0.040232074 0.99785111 -0.051715929 -13.201439 -0.50834959 0.024117616 0.86081302 203.71352
0.84552998 0.064850965 0.52997488 -125.47656 -0.041860713 0.99759265 -0.055286318 -13.314272 -0.53228447 0.024561114 0.84620921 205.00492
0.83021598 0.066378218 0.55347569 -124.70301 -0.0415068 0.99748988 -0.057368362 -13.408894 -0.55589445 0.024655127 0.83088718 206.24257
0.81416832 0.067497367 0.57669231 -123.84779 -0.04041405 0.99739902 -0.059681687 -13.518232 -0.57922075 0.025284468 0.81477853 207.47322
0.79871984 0.069606433 0.59766339 -122.98276 -0.038760629 0.99717529 -0.064335433 -13.633713 -0.60045338 0.028220179 0.79916168 208.67988
0.78162003 0.072104602 0.61957326 -122.10288 -0.036834873 0.99689832 -0.069548003 -13.758461 -0.62266633 0.031538211 0.78185166 209.89059
0.7654046 0.073865194 0.63929626 -121.10559 -0.035092357 0.99670367 -0.073145837 -13.884677 -0.64259191 0.033551749 0.76547368 211.06027
0.74897912 0.075569469 0.65827008 -120.14514 -0.033799554 0.99653893 -0.075945664 -14.023218 -0.66173099 0.034632483 0.74894107 212.17
0.73358233 0.07616499 0.67531905 -119.11317 -0.031788801 0.99645793 -0.077852839 -14.161655 -0.67885674 0.035643885 0.73340512 213.31104
0.71660957 0.076482146 0.69326846 -118.09473 -0.029700381 0.9964142 -0.07922518 -14.304757 -0.69684191 0.036183186 0.7163115 214.44549
0.7025288 0.077292649 0.70744547 -117.02089 -0.027092729 0.99626863 -0.08194387 -14.452967 -0.71113945 0.038401301 0.70200147 215.53138
0.68696115 0.078625098 0.72242815 -115.93882 -0.024129218 0.99604939 -0.085459911 -14.599811 -0.72629347 0.041276014 0.6861444 216.57343
0.67354395 0.080888237 0.73470783 -114.83682 -0.02206261 0.99575123 -0.0894021 -14.761122 -0.73881787 0.044006673 0.67246682 217.65002
0.65720871 0.083347977 0.74908596 -113.71972 -0.020866094 0.99549788 -0.092458488 -14.917347 -0.75341978 0.045134027 0.65598903 218.65191
0.64116741 0.083798791 0.76281194 -112.5515 -0.019244731 0.99546319 -0.093180917 -15.087134 -0.76715972 0.045064459 0.63987124 219.67782
0.62521953 0.08507814 0.77579778 -111.35232 -0.020127539 0.99546756 -0.092947414 -15.247035 -0.78018938 0.042497641 0.62409818 220.58859
0.60761584 0.086196462 0.78953981 -110.19596 -0.022247716 0.99555047 -0.091565823 -15.418337 -0.79391944 0.038071388 0.60682991 221.56698
0.58841924 0.086959632 0.80386614 -109.02508 -0.024116818 0.99564498 -0.090052457 -15.572583 -0.80819628 0.033601907 0.58795385 222.47531
0.57114003 0.088375615 0.81608134 -107.82008 -0.026255113 0.99564554 -0.089446279 -15.7445 -0.82043269 0.029660044 0.57097333 223.39266
0.55177664 0.091651636 0.82894057 -106.55455 -0.027758058 0.99541072 -0.091580478 -15.923048 -0.8335299 0.027522189 0.55178845 224.22531
0.53338766 0.095011577 0.8405179 -105.35495 -0.029908649 0.99516869 -0.093513347 -16.08357 -0.84534202 0.024740112 0.53365237 225.03424
0.51525729 0.095259804 0.85172498 -104.12835 -0.030477616 0.99521166 -0.092870182 -16.257389 -0.85649349 0.021893492 0.51569335 225.84534
0.49328887 0.093944786 0.86477766 -102.88167 -0.030247738 0.99540228 -0.09088114 -16.420399 -0.86933954 0.018673087 0.49386248 226.58206
0.47206124 0.092175916 0.87673355 -101.6212 -0.030267626 0.99562697 -0.088378794 -16.579521 -0.88104604 0.015183561 0.47278684 227.27059
0.45006565 0.090771841 0.88837003 -100.34793 -0.030473382 0.99580211 -0.086310619 -16.739481 -0.89247541 0.011773807 0.45094245 227.94164
0.42890943 0.089613777 0.89889154 -99.081167 -0.029158437 0.99592221 -0.085374061 -16.89368 -0.90287682 0.010407468 0.42977343 228.57282
