7.775801111912065133e-01 -6.284216050814530607e-01 2.134143731623192389e-02 -6.596220334195334090e+01 6.274556205507364481e-01 7.776954181153703516e-01 3.859120212755886431e-02 2.571330199568613040e+01 -4.084868319985320018e-02 -1.661694644664859360e-02 9.990271578749138071e-01 -8.849743755208919760e-01 -4.809208017785018303e-24 -1.416202385148814181e-23 -3.430527606006730092e-24 9.999999999999997780e-01
7.494870230213441786e-01 -6.614386393446202161e-01 2.771513493638418785e-02 -6.556246095973833121e+01 6.606832159262061577e-01 7.499771170580752377e-01 3.212494486632423707e-02 2.609317587516249048e+01 -4.203439681986732152e-02 -5.766304812987211280e-03 9.990995241780449287e-01 -8.929092095281913055e-01 -4.809208017785018303e-24 -1.416202385148814181e-23 -3.430527606006730092e-24 9.999999999999997780e-01
7.211157490703369310e-01 -6.927196019605120769e-01 1.147299012452911160e-02 -6.520709802584191550e+01 6.923626763112599170e-01 7.211445803529111798e-01 2.417475291980107632e-02 2.649076123866412402e+01 -2.502000986884493280e-02 -9.489324912441218438e-03 9.996419117958553757e-01 -9.023836009223293875e-01 3.294062509011516606e-19 -5.016845891622338595e-19 3.875026957941901181e-20 9.999999999999997780e-01
6.910114930404902545e-01 -7.227044664417181519e-01 -1.419051342075882717e-02 -6.487121425090926152e+01 7.228400804202689267e-01 6.909375247361572159e-01 1.037087505915158976e-02 2.690311581316451850e+01 2.309680491516439681e-03 -1.742386572102713749e-02 9.998455252084534894e-01 -9.074433601235567526e-01 2.113123632093973314e-19 -2.385650326527502695e-18 1.346906386816315193e-19 9.999999999999996669e-01
6.563799357998086892e-01 -7.538894936794779955e-01 -2.856590973765831334e-02 -6.453161340851120542e+01 7.539444244587037991e-01 6.568456327001467310e-01 -1.102812905157603274e-02 2.732715951603122662e+01 2.707738368221213401e-02 -1.429846573743285762e-02 9.995310746397473300e-01 -9.269972824914174403e-01 -1.742019701081194178e-18 -5.917846718870662089e-18 1.951030117216888659e-19 9.999999999999994449e-01
6.189154178424713937e-01 -7.849640943715666674e-01 -2.784018865428318154e-02 -6.419393749731142407e+01 7.842548695464878206e-01 6.195401464819181303e-01 -3.338122960264520989e-02 2.777619676280799865e+01 4.345118122100869590e-02 -1.173645853598212366e-03 9.990548620600959717e-01 -9.389031849116862283e-01 -2.328281908466688156e-18 -1.029915713967155424e-17 2.655457041407127344e-19 9.999999999999991118e-01
5.860163751835725243e-01 -8.099931865163504385e-01 -2.226759559978451486e-02 -6.386844269278849140e+01 8.090282438036908719e-01 5.864147972245972174e-01 -3.988716991651086036e-02 2.826499738778083781e+01 4.536638342012098979e-02 5.359420968979948519e-03 9.989560390038513260e-01 -9.616696188627654740e-01 -2.917530109724779586e-18 -1.428738776511246813e-17 4.274284946008189950e-19 9.999999999999986677e-01
5.572438218948521094e-01 -8.301965754837129507e-01 -1.590499968984107962e-02 -6.356656253502321618e+01 8.298522054394502634e-01 5.574707440387293156e-01 -2.390997005817288579e-02 2.876841358065960819e+01 2.871654727324525133e-02 1.248840264787468945e-04 9.995875871161526982e-01 -9.314350323838127554e-01 -5.129321828657307669e-18 -1.591449803520002183e-17 6.284210772019650471e-19 9.999999999999983347e-01
5.286412680471338499e-01 -8.488084931041098846e-01 -7.908966547367434277e-03 -6.328607215738202996e+01 8.487686413029118526e-01 5.286958064519103884e-01 -8.516911468870189475e-03 2.927947215884845633e+01 1.141066423675520664e-02 -2.210491911771209940e-03 9.999324529522947147e-01 -8.755594097597326764e-01 -5.743101590892487949e-18 -1.604432110110239267e-17 7.842755283880951552e-19 9.999999999999981126e-01
4.987551812038432120e-01 -8.667202559634002990e-01 -6.266348622392637138e-03 -6.301181977351405550e+01 8.667059092175739554e-01 4.987876574647121530e-01 -5.633798735958744225e-03 2.979796841444618849e+01 8.008504832697885961e-03 -2.621195070826874522e-03 9.999644959631089902e-01 -8.681064592873453112e-01 -7.781309820059440932e-18 -1.446358574616289374e-17 9.410042916198981523e-19 9.999999999999977796e-01
4.712597741330912249e-01 -8.819838635898112900e-01 -4.323152925201994255e-03 -6.274929904779197187e+01 8.818637475513109170e-01 4.712686567722130793e-01 -1.490583439005992682e-02 3.032358706224460221e+01 1.518407187745688357e-02 3.212088308067734613e-03 9.998795559715838444e-01 -8.632820986844981226e-01 -1.083163768541691899e-17 -9.832099177767070904e-18 1.086500413436507247e-18 9.999999999999974465e-01
4.458305107285214786e-01 -8.951007775715984494e-01 -5.454694699354019523e-03 -6.250122744898042981e+01 8.948501266087722783e-01 4.458380205898355153e-01 -2.171889280769218403e-02 3.086034085719893127e+01 2.187250812784255136e-02 4.801810830580946141e-03 9.997492365593264596e-01 -8.588247470448507892e-01 -1.287276896588473592e-17 -7.544261084847114636e-18 1.219984521562725251e-18 9.999999999999970024e-01
4.227666743366961799e-01 -9.062201078633922435e-01 -5.784044808695392240e-03 -6.226218282844322971e+01 9.059769273195632522e-01 4.227893660823611732e-01 -2.132977009408649691e-02 3.141675443982650862e+01 2.177489919342604982e-02 3.777304823781219879e-03 9.997557630408518969e-01 -8.545422173044343594e-01 -1.571271515269267946e-17 -2.501212867296565934e-18 1.366206487593374235e-18 9.999999999999965583e-01
4.032100806244982016e-01 -9.150934194330194726e-01 -5.066023407655822521e-03 -6.203005853954798710e+01 9.149853083510298690e-01 4.032405323157802202e-01 -1.410526849956336183e-02 3.199302794090596080e+01 1.495046435891508527e-02 1.052049459169990438e-03 9.998876820960440615e-01 -8.480166846658293567e-01 -1.972395522084512599e-17 3.958184214438889796e-18 1.535862064205322163e-18 9.999999999999962252e-01
3.859542109310610813e-01 -9.225152474101518951e-01 -2.228308857837274330e-03 -6.180399454076446375e+01 9.225005274566090430e-01 3.859606409250300185e-01 -5.211573563290059288e-03 3.257523280202477878e+01 5.667795590086141186e-03 -4.418733436400753959e-05 9.999839369413089374e-01 -8.430415525261507614e-01 -2.428030501561201724e-17 1.186843906674934395e-17 1.727542495850959403e-18 9.999999999999958922e-01
3.697195620971378549e-01 -9.291422287028155980e-01 1.471136928748240482e-03 -6.157945038103534330e+01 9.291415217319923814e-01 3.697215319130939815e-01 1.421771212107628829e-03 3.316438660369261271e+01 -1.864938671672168201e-03 8.412377747087874599e-04 9.999979071591944546e-01 -8.397833094454286718e-01 -2.884251781775150280e-17 2.111852362259161379e-17 1.885687136259643809e-18 9.999999999999956701e-01
3.555623305486392272e-01 -9.346505838725405191e-01 1.927475431099521640e-03 -6.136371707434767586e+01 9.346448160230775848e-01 3.555670251191377917e-01 3.340438459266398177e-03 3.375975804995303520e+01 -3.807489461368085068e-03 6.137708360561502279e-04 9.999925631270335513e-01 -8.413297860147942453e-01 -3.326354305766406589e-17 3.056746985188155600e-17 2.001059851392159733e-18 9.999999999999952260e-01
3.426218412368114974e-01 -9.394733163073336613e-01 4.023108208293518784e-04 -6.115913390309061981e+01 9.394704394118453816e-01 3.426218047344312678e-01 2.364823845523195568e-03 3.435966719823544224e+01 -2.359529360131155332e-03 -4.322811765310355207e-04 9.999971228729584993e-01 -8.461548124277958882e-01 -3.787439157185560460e-17 3.935665843113115389e-17 2.110949371667044611e-18 9.999999999999945599e-01
3.303693343714623754e-01 -9.438416774427647038e-01 -4.357846828986948820e-03 -6.096088825264666866e+01 9.438516098543946464e-01 3.303633644042126005e-01 2.045980151655895935e-03 3.497689675528067710e+01 -4.914083983690418914e-04 -4.789089845879887682e-03 9.999884115009759489e-01 -8.510171316120184182e-01 -4.103621080000236548e-17 4.546783092138657143e-17 2.241367648952677554e-18 9.999999999999936717e-01
3.199325924050801517e-01 -9.474111959609717859e-01 -7.427118200732277936e-03 -6.076566647693450562e+01 9.474403041820235183e-01 3.199234190664037025e-01 2.424034719046012226e-03 3.560351852058772693e+01 7.955141636869212632e-05 -7.812278839043807280e-03 9.999694805197425485e-01 -8.576148707850453912e-01 -4.517344099405660517e-17 5.126691745190151070e-17 2.402052149914471655e-18 9.999999999999926725e-01
3.119610934757781062e-01 -9.500474239037219881e-01 -9.495709099465024505e-03 -6.057124662517972524e+01 9.500948111997323808e-01 3.119492228682050894e-01 2.744464109531516947e-03 3.623220864547548814e+01 3.548080169068461710e-04 -9.877989968680077337e-03 9.999511485194965132e-01 -8.603508969642295057e-01 -4.831137205544303481e-17 5.586237384081430944e-17 2.582935231094343350e-18 9.999999999999916733e-01
3.059338437997844995e-01 -9.519873215728620330e-01 -1.116345745828166078e-02 -6.037343721938068342e+01 9.520511065329076983e-01 3.059342172653571890e-01 1.716174722513205296e-03 3.687371419714400389e+01 1.781507042041357257e-03 -1.115321795538239125e-02 9.999362139466243526e-01 -8.583412690336608142e-01 -5.084510166168749107e-17 6.076854382401767519e-17 2.753790803831920004e-18 9.999999999999906741e-01
3.013887301614628922e-01 -9.534146447098439392e-01 -1.285879405197305585e-02 -6.017352713685137644e+01 9.534987750830671294e-01 3.013918764909784831e-01 1.738591474312161213e-03 3.752453086532902660e+01 2.217937495961923994e-03 -1.278483625431600310e-02 9.999158108137029544e-01 -8.590626749280176888e-01 -5.393666397365487725e-17 6.516702545522608914e-17 2.962368275527658515e-18 9.999999999999894529e-01
2.980118667752451600e-01 -9.544742909556425126e-01 -1.295203327155237082e-02 -5.997436746387644035e+01 9.545587368388546157e-01 2.980197280029445728e-01 1.363688247603934154e-03 3.817904340866332547e+01 2.558356059460782997e-03 -1.276987179955751082e-02 9.999151889978007413e-01 -8.646587435377759423e-01 -5.749202743625454462e-17 6.977262721721895957e-17 3.175366496759292623e-18 9.999999999999881206e-01
2.957605203540686345e-01 -9.551893148358585606e-01 -1.179353311378039150e-02 -5.977098202195877263e+01 9.552530941077488347e-01 2.957888490845019258e-01 -6.949495032712662852e-04 3.883797849612390252e+01 4.152203926244444135e-03 -1.106027037069529269e-02 9.999302123757910499e-01 -8.674347712659914444e-01 -6.215097007186777457e-17 7.688470472846910397e-17 3.411236793034422901e-18 9.999999999999870104e-01
2.948894248161145204e-01 -9.554687504942042109e-01 -1.094047351256996307e-02 -5.956643904779642895e+01 9.555178372054070612e-01 2.949268837727770376e-01 -1.948335277150705204e-03 3.950840506226869309e+01 5.088213232868217181e-03 -9.879274119507664570e-03 9.999382531081514314e-01 -8.650449343917049339e-01 -6.717697315759239642e-17 8.185876832255537364e-17 3.636376875372921365e-18 9.999999999999855671e-01
2.946219581216877326e-01 -9.555541289680224981e-01 -1.068683324106363755e-02 -5.936029575409347814e+01 9.556025901394117339e-01 2.946544297113226629e-01 -1.567408789240368324e-03 4.018543193371220212e+01 4.646666694409620768e-03 -9.750572478886819841e-03 9.999416657110447026e-01 -8.637249494591918708e-01 -7.296623273361996722e-17 8.800280032545285087e-17 3.885621996060218713e-18 9.999999999999840128e-01
2.935720803291475001e-01 -9.558598357129376444e-01 -1.214117465778085520e-02 -5.915315236599717252e+01 9.559319791671170297e-01 2.935877960991655211e-01 5.071363144528731820e-04 4.087357127216210984e+01 3.079749475620832330e-03 -1.175501818287199261e-02 9.999261646195194420e-01 -8.643674203235438558e-01 -7.926990013206071187e-17 9.596212918885597700e-17 4.113275164565905257e-18 9.999999999999825695e-01
2.929984135125115463e-01 -9.560547176804040648e-01 -1.055018863403612076e-02 -5.894454106425516215e+01 9.561126067855560962e-01 2.929714425052581395e-01 4.051792453044143240e-03 4.156984382747885576e+01 -7.828313069733464817e-04 -1.127433711759289262e-02 9.999361362095674499e-01 -8.660604614632523290e-01 -8.621575384877310049e-17 1.047333363665994657e-16 4.341330033825710963e-18 9.999999999999812372e-01
2.924733485191685078e-01 -9.562522020155544977e-01 -6.408318532097015408e-03 -5.872725907556426250e+01 9.562695597278039195e-01 2.924458641220294419e-01 4.893433955271010716e-03 4.226964792228832124e+01 -2.805270744451823003e-03 -7.559278955940733694e-03 9.999674933505248164e-01 -8.718889256049643377e-01 -9.460421798086706745e-17 1.140802830413341965e-16 4.569333590375055199e-18 9.999999999999796829e-01
2.919098946975828834e-01 -9.564439971116662775e-01 -1.869162038730414659e-03 -5.850634267158765311e+01 9.564449879957515055e-01 2.919064990568198681e-01 1.892285961165252701e-03 4.297296948145294948e+01 -1.264245001473940540e-03 -2.340127659358354813e-03 9.999964627373092441e-01 -8.770149520662348097e-01 -1.038277564316569173e-16 1.230563696354946009e-16 4.756588443413098297e-18 9.999999999999782396e-01
2.916799524737207494e-01 -9.565159154861062607e-01 3.297676874251567443e-04 -5.828283724322880488e+01 9.565120388912192739e-01 2.916777469625269625e-01 -2.968397376580047750e-03 4.368849956200790530e+01 2.743133438102387731e-03 1.181248768782128212e-03 9.999955399252061783e-01 -8.774922299804842618e-01 -1.130568413671486141e-16 1.317499369662619451e-16 4.904273476121946155e-18 9.999999999999767963e-01
2.914733615103928255e-01 -9.565732256281984647e-01 -3.308102344238330814e-03 -5.806782412171833840e+01 9.565589370576645933e-01 2.914878894947986465e-01 -5.459872977894278737e-03 4.441031474792553269e+01 6.187040076545121357e-03 -1.572987331797465237e-03 9.999796229153694593e-01 -8.772719231149063157e-01 -1.222963084406048918e-16 1.385028289729189187e-16 5.060456201058820934e-18 9.999999999999751310e-01
2.909759708331141059e-01 -9.566805498814258124e-01 -9.762677723132063765e-03 -5.784951542159456039e+01 9.566808745634381994e-01 2.910495574413602959e-01 -7.201344157612174328e-03 4.514916251430769734e+01 9.730808919355916561e-03 -7.244348954684056915e-03 9.999264126754626725e-01 -8.786399959629888068e-01 -1.316407762530882066e-16 1.463935258322093836e-16 5.268995013398175758e-18 9.999999999999734657e-01
2.903805868610490060e-01 -9.568732987542807322e-01 -8.520851211080740853e-03 -5.762423961152372698e+01 9.568598620093543561e-01 2.904457547251110272e-01 -7.776119697469901018e-03 4.588445353334930132e+01 9.915606367334940663e-03 -5.895226312785562146e-03 9.999334613148588291e-01 -8.793482208300427150e-01 -1.396702581081788107e-16 1.517689017747364687e-16 5.526350577856701395e-18 9.999999999999713562e-01
2.898869074397462109e-01 -9.570534434693398484e-01 -3.779846362990352086e-03 -5.738942518476761734e+01 9.570244984387539233e-01 2.899080679629174595e-01 -7.577698727570525428e-03 4.662582861672875367e+01 8.348070617092032825e-03 -1.420729920072486214e-03 9.999641449789563596e-01 -8.810071540467719897e-01 -1.460402315433767646e-16 1.552323335273883917e-16 5.758565149958186820e-18 9.999999999999690248e-01
2.901096857115921801e-01 -9.569859739125381459e-01 -3.770409927509207632e-03 -5.715981820763504828e+01 9.569814114162812357e-01 2.901235212538435526e-01 -3.862721697915324874e-03 4.738955154665974590e+01 4.790455090778624088e-03 -2.487599236273619653e-03 9.999854315889284972e-01 -8.765996937693696367e-01 -1.518707589611306854e-16 1.558810530512790142e-16 5.943111319044945844e-18 9.999999999999666933e-01
2.913959612361149976e-01 -9.565860933980522285e-01 -5.607110910590529414e-03 -5.692866163882862196e+01 9.566024864682535211e-01 2.913892467387158014e-01 1.997440296547846241e-03 4.816105551014246799e+01 -2.768717854460470552e-04 -5.945822274199817278e-03 9.999822851128588042e-01 -8.752740969693517670e-01 -1.585924613321413546e-16 1.571172689208794263e-16 6.122703208479203090e-18 9.999999999999643618e-01
2.912051406527370601e-01 -9.566295225768903787e-01 -7.715088577725429282e-03 -5.669430704253050379e+01 9.566477645652836648e-01 2.911499252247705671e-01 7.534958114869590856e-03 4.894463303179222891e+01 -4.961915921549744403e-03 -9.574840778958532486e-03 9.999418492164862116e-01 -8.815154743234495660e-01 -1.646080920459082189e-16 1.563072009229749318e-16 6.253878282803438491e-18 9.999999999999616973e-01
2.908840447373736149e-01 -9.567520757094588602e-01 -3.455161776378347458e-03 -5.644931640152612573e+01 9.567255139168570066e-01 2.908422723842157276e-01 9.330788543561464518e-03 4.973183172290138288e+01 -7.922344204553653096e-03 -6.019818938312994708e-03 9.999504978959207202e-01 -8.976140283935326591e-01 -1.695180012477761828e-16 1.532957148907337702e-16 6.342106463411654619e-18 9.999999999999588107e-01
2.903913169372645542e-01 -9.569042664820477384e-01 2.666052499357988471e-03 -5.620416365224122757e+01 9.568713102454392549e-01 2.904034527358046458e-01 7.945455822626732931e-03 5.051396991763444078e+01 -8.377271426796707721e-03 2.437777682431137717e-04 9.999648803312498613e-01 -9.079803519043923021e-01 -1.737589891225491491e-16 1.504767811112881720e-16 6.441618705193879411e-18 9.999999999999558131e-01
2.895400405456782233e-01 -9.571645768896647199e-01 1.593006111551262477e-03 -5.596704747061796326e+01 9.571451076554553516e-01 2.895443196926337226e-01 6.109813817410849474e-03 5.130490079537492676e+01 -6.309343228243986454e-03 -2.442977342845621181e-04 9.999800660546682707e-01 -9.105395153814750397e-01 -1.787759362903929916e-16 1.484188575032579338e-16 6.549787575200397882e-18 9.999999999999525935e-01
2.901657115186787594e-01 -9.569546662972706619e-01 -6.451861031869539700e-03 -5.573814763112547865e+01 9.569705327617405999e-01 2.901336937606415756e-01 5.462524182145480842e-03 5.211255387157106611e+01 -3.355485733050906499e-03 -7.759278104974659702e-03 9.999642665209802495e-01 -9.200876635955128613e-01 -1.831389785663834690e-16 1.481306965438192322e-16 6.674431447524374512e-18 9.999999999999491518e-01
2.894424545010303995e-01 -9.571569680058849006e-01 -8.579284949059025334e-03 -5.549529843763831849e+01 9.571944931707302429e-01 2.894429988057493075e-01 1.205274194898381173e-03 5.291160332492344054e+01 1.329577369268320538e-03 -8.560901829901702148e-03 9.999624708877520307e-01 -9.303639286133774666e-01 -1.872264354127134511e-16 1.501277139622494640e-16 6.830963259744132318e-18 9.999999999999457101e-01
2.886353367639356016e-01 -9.574072791429565354e-01 -7.806677608750831575e-03 -5.524742090361877445e+01 9.574222783408339321e-01 2.886690115242646071e-01 -3.575293298293515977e-03 5.371409401875712319e+01 5.676557737472261687e-03 -6.442331077261729058e-03 9.999631358518213942e-01 -9.314268285978100081e-01 -1.914517425179635133e-16 1.535094016657564572e-16 7.010465856937077532e-18 9.999999999999422684e-01
2.887565510365405763e-01 -9.573528547176574088e-01 -9.755295867921990119e-03 -5.500388914341719726e+01 9.573761049975929582e-01 2.888093247124335905e-01 -4.490828286887697286e-03 5.452486513369706245e+01 7.116727692491949843e-03 -8.042731073713210027e-03 9.999423316691292696e-01 -9.274811473216066915e-01 -1.972987882806648550e-16 1.565430619672442583e-16 7.184151237739642626e-18 9.999999999999386047e-01
2.890652106876576699e-01 -9.571857555027823983e-01 -1.538614417927906992e-02 -5.476873912270693268e+01 9.572936754560084083e-01 2.891152681259641644e-01 -1.086585612251934419e-03 5.535295904806659451e+01 5.488433470008237218e-03 -1.441496441354426714e-02 9.998810358733052350e-01 -9.262371251664193172e-01 -2.033270661782298325e-16 1.569602585595814694e-16 7.350818100069703562e-18 9.999999999999347189e-01
2.891575988054949087e-01 -9.572015023280754376e-01 -1.237606536644716981e-02 -5.451995650183064157e+01 9.572814962530288296e-01 2.891315202442397703e-01 3.885991859276688963e-03 5.617962235578896468e+01 -1.413666516811132898e-04 -1.297104244672570711e-02 9.999158624971360432e-01 -9.277896945349249913e-01 -2.096691393727783904e-16 1.584909888335003669e-16 7.525086857799374236e-18 9.999999999999310552e-01
2.881776541920043067e-01 -9.575585840501940060e-01 -5.932768006612691020e-03 -5.426326515573338582e+01 9.575607634835739956e-01 2.881312104508509941e-01 7.601960325748211011e-03 5.700661410090179260e+01 -5.569906738448831066e-03 -7.871700955919323436e-03 9.999535051506472927e-01 -9.350127579486714469e-01 -2.158691544608803036e-16 1.600776857956357932e-16 7.626376241301730919e-18 9.999999999999272804e-01
2.877218898721262130e-01 -9.576718898898615162e-01 -8.981392054329734656e-03 -5.401507294548142113e+01 9.576804711321810215e-01 2.876206875117332529e-01 1.106595351665841387e-02 5.784698023846947734e+01 -8.014318460241105085e-03 -1.178522083306485224e-02 9.998984344770310839e-01 -9.442389596672285945e-01 -2.208657125383376150e-16 1.598069610095267796e-16 7.694010976093960142e-18 9.999999999999232836e-01
2.881801811489123621e-01 -9.575246305228022337e-01 -9.938064962203771446e-03 -5.376686513056843353e+01 9.575464949809628923e-01 2.880739713940725366e-01 1.086724228267196488e-02 5.867653364460388588e+01 -7.542754309870713762e-03 -1.264788312106239487e-02 9.998915630757490014e-01 -9.611108478990009196e-01 -2.250286019062624941e-16 1.590365026855669115e-16 7.766318203405375181e-18 9.999999999999195088e-01
2.863990100412830420e-01 -9.580930950022756853e-01 -5.764404251641121017e-03 -5.351321284234771269e+01 9.581066000985488662e-01 2.863756559249979183e-01 4.552641105592562104e-03 5.950670373988510420e+01 -2.711068958699164397e-03 -6.826785664850292153e-03 9.999730221874382208e-01 -9.572656467998679197e-01 -2.297963481316441056e-16 1.586651462050935101e-16 7.837832368165470307e-18 9.999999999999157341e-01
2.859537949115241173e-01 -9.582303464587145214e-01 -5.003029217714363014e-03 -5.326205160967971608e+01 9.582408859465035844e-01 2.859611216200341755e-01 -8.008883701866600056e-04 6.034540539070913212e+01 2.198107387045910872e-03 -4.565090081245585726e-03 9.999871640558990471e-01 -9.608350266305165643e-01 -2.342852924980603550e-16 1.581020066349212560e-16 7.939389394865521997e-18 9.999999999999116262e-01
2.858747374519723938e-01 -9.582364248441527232e-01 -7.654318304484027634e-03 -5.301554987494397864e+01 9.582594902613550403e-01 2.858949919420276653e-01 -1.674188288731277233e-03 6.119418660201346682e+01 3.792599470303963972e-03 -6.856215019268884804e-03 9.999693037813535135e-01 -9.677945926907943752e-01 -2.388108693254203096e-16 1.562626777289466238e-16 8.070311161829553202e-18 9.999999999999076294e-01
2.851321590971823694e-01 -9.584688918301065286e-01 -6.085658763857262898e-03 -5.275860793748393007e+01 9.584880252958936087e-01 2.851303154971353004e-01 1.186822983464277384e-03 6.203755600436753070e+01 5.976728935995249351e-04 -6.171432450937348359e-03 9.999807779196141500e-01 -9.711032285369408656e-01 -2.428853506615492939e-16 1.519715879518849352e-16 8.183095672034299998e-18 9.999999999999036326e-01
2.843387714346961026e-01 -9.587215396313978344e-01 -2.114829982014725107e-03 -5.250239585901120165e+01 9.587174105683005099e-01 2.843280644970679893e-01 4.298652402483634123e-03 6.289037639070916441e+01 -3.519905134109655928e-03 -3.249797867097911717e-03 9.999885244750433833e-01 -9.695501377151106714e-01 -2.464115378443284803e-16 1.483387698619058902e-16 8.271621253113756467e-18 9.999999999998996358e-01
2.836673547235719073e-01 -9.589227426652033870e-01 -7.391629652229283261e-05 -5.225478239297097360e+01 9.589028532265052585e-01 2.836609728679309050e-01 6.463013662488641294e-03 6.374394064658198289e+01 -6.176563618520459174e-03 -1.904224536816917458e-03 9.999791117772854898e-01 -9.655887332764426789e-01 -2.497276281780907830e-16 1.459632710237830539e-16 8.341990899428025113e-18 9.999999999998954170e-01
2.834638405328555599e-01 -9.589667102766964435e-01 -5.576709737690923978e-03 -5.201387859801914004e+01 9.589771057714538971e-01 2.834370682077418935e-01 5.132150808598951071e-03 6.459592856425261687e+01 -3.340915519255612757e-03 -6.802716142378807847e-03 9.999712802559342917e-01 -9.652107026539915591e-01 -2.530349541752045941e-16 1.428898355718708794e-16 8.411973186624832291e-18 9.999999999998913092e-01
2.834965576158896550e-01 -9.589644907809991015e-01 -4.099663537955779667e-03 -5.176160240374485255e+01 9.589728225316328514e-01 2.834978946380659615e-01 2.634035213455707168e-04 6.544495614016317120e+01 9.096513580314091350e-04 -4.006139905990279033e-03 9.999915616531859230e-01 -9.743531083461609565e-01 -2.567622350597860394e-16 1.402253939910636937e-16 8.475955002632914770e-18 9.999999999998870903e-01
2.829907429275300146e-01 -9.591186139147550582e-01 -2.779183262985302112e-03 -5.150864256430139676e+01 9.591130699353013211e-01 2.829996756738204500e-01 -3.647279494756945281e-03 6.629764037766938145e+01 4.284681615647453409e-03 -1.633404657390620214e-03 9.999894866911346325e-01 -9.873210619027507073e-01 -2.599714870681260578e-16 1.363603356355768496e-16 8.553227987271131746e-18 9.999999999998828715e-01
2.835528836008280318e-01 -9.589436493772534043e-01 -4.983926237140200340e-03 -5.125877446167604745e+01 9.589547318645822438e-01 2.835587622654415774e-01 -5.005766063015418222e-04 6.715500139392678136e+01 1.893260712679592766e-03 -4.637419708190963601e-03 9.999874548725347090e-01 -9.918194353300143762e-01 -2.635503260873996485e-16 1.330264089649516494e-16 8.657410275272642702e-18 9.999999999998786526e-01
2.838863466286377646e-01 -9.588462699377182652e-01 -4.729992010167960795e-03 -5.101081071621258900e+01 9.588489989777522204e-01 2.838589480211968774e-01 5.717935605152097214e-03 6.801820782603074633e+01 -4.139970670574022286e-03 -6.158591953327553770e-03 9.999724658149992118e-01 -9.835838745547758055e-01 -2.655924193903938326e-16 1.287814832178125654e-16 8.733983618119994682e-18 9.999999999998744338e-01
2.831918063631275184e-01 -9.590569361922146596e-01 -3.491983739665830908e-03 -5.075750324615716380e+01 9.590292961329727195e-01 2.831492332045335014e-01 9.450973193480078846e-03 6.887609093790376846e+01 -8.075268876708728213e-03 -6.025352878511173842e-03 9.999492412894738225e-01 -9.795483165672103087e-01 -2.673424149096788584e-16 1.230461503302160909e-16 8.780613422916943195e-18 9.999999999998703260e-01
2.832407065756565867e-01 -9.590413876721189945e-01 -3.784028343656962740e-03 -5.050926656038194551e+01 9.590081243268393507e-01 2.831901109508173642e-01 1.033336995889969426e-02 6.972389000976136231e+01 -8.838530058214878055e-03 -6.555744932716958857e-03 9.999394494642802611e-01 -9.864964520071691778e-01 -2.688519862106983656e-16 1.174355367973366500e-16 8.796445128698324150e-18 9.999999999998662181e-01
2.835681817885324363e-01 -9.589413607898213954e-01 -4.533524429915890795e-03 -5.025563629107577412e+01 9.588970448235439870e-01 2.834980921306706203e-01 1.205359642896162639e-02 7.058783942444753734e+01 -1.027344663547387349e-02 -7.765199601855443494e-03 9.999170755465260907e-01 -1.004221934562320673e+00 -2.702268834673338557e-16 1.087260715625830754e-16 8.794556785725604607e-18 9.999999999998622213e-01
2.836386896580424533e-01 -9.589051427142647466e-01 -7.072552951311520189e-03 -5.001164543302568433e+01 9.588819051173034236e-01 2.835415851309334712e-01 1.223362333809752817e-02 7.144627618963583870e+01 -9.725521458176233924e-03 -1.025167194138489404e-02 9.999001537428242603e-01 -1.018062204343905153e+00 -2.702553485667841230e-16 1.000653429731591949e-16 8.766253051905888095e-18 9.999999999998583355e-01
2.837599330088213523e-01 -9.588475775705912474e-01 -9.572011590183986812e-03 -4.976552378590081105e+01 9.588779389851129764e-01 2.836804790949443156e-01 8.859114405865160455e-03 7.229286948573707150e+01 -5.779147553661295733e-03 -1.169225245586337850e-02 9.999149427257388867e-01 -1.028111125249219659e+00 -2.708674125861337738e-16 9.016147300078533399e-17 8.687963566725433373e-18 9.999999999998544498e-01
2.838614690872413027e-01 -9.588166718853627923e-01 -9.656918885102455316e-03 -4.951417877617311092e+01 9.588623770837312321e-01 2.838710805027118700e-01 3.891882468161623446e-04 7.313005936900981396e+01 2.368159818708957289e-03 -9.370131744967756179e-03 9.999532951344864973e-01 -1.023293664101111222e+00 -2.698946248445494751e-16 7.727006574809425929e-17 8.567614870371594393e-18 9.999999999998503419e-01
2.835611885816045064e-01 -9.589112108864573658e-01 -9.074247434317164393e-03 -4.926211428759717847e+01 9.589144790769631443e-01 2.836228307422517525e-01 -6.411840472200909698e-03 7.397445020655132453e+01 8.722049455402398899e-03 -6.883278146202148964e-03 9.999382712624955705e-01 -1.020228492813106902e+00 -2.692883493625899212e-16 6.642506495856353058e-17 8.487199011133654154e-18 9.999999999998466782e-01
2.836141445341603395e-01 -9.588917696043138816e-01 -9.465263087056823357e-03 -4.900843532057357521e+01 9.589035535455664450e-01 2.836742462052208591e-01 -5.735593911546587112e-03 7.483147157319363885e+01 8.184865166946910658e-03 -7.449578848805043715e-03 9.999387540031383637e-01 -1.018495770145374513e+00 -2.685414638693951373e-16 5.198250529141601094e-17 8.424268193218289335e-18 9.999999999998431255e-01
2.838192303239138181e-01 -9.588440824304865773e-01 -8.041771348620493226e-03 -4.875745397239652590e+01 9.588755145713216965e-01 2.838269008084215450e-01 1.947639691970428309e-04 7.568648147498704759e+01 2.095722759572130837e-03 -7.766335399806436300e-03 9.999676454669684800e-01 -1.011072353836724558e+00 -2.676913397301064984e-16 3.724002992765447524e-17 8.345609634104291306e-18 9.999999999998395728e-01
2.835190569706439456e-01 -9.589396679029540405e-01 -7.187326115748004021e-03 -4.850665423054215353e+01 9.589529067926739758e-01 2.834669890916000634e-01 7.469179952229186396e-03 7.654582038594166704e+01 -5.125123249227739666e-03 -9.009962127163550355e-03 9.999462754039999401e-01 -1.008694568453506468e+00 -2.680464630231717961e-16 2.453230403836091723e-17 8.289502890798752714e-18 9.999999999998362421e-01
2.833838802598241946e-01 -9.589800785953959128e-01 -7.126378189566621134e-03 -4.825590911630784063e+01 9.589627641754185916e-01 2.832921009658240785e-01 1.166200906130327071e-02 7.740017708927210549e+01 -9.164787716568706041e-03 -1.013875670664316289e-02 9.999066017777580306e-01 -1.014139619656712066e+00 -2.686864618350270174e-16 1.101778037185483177e-17 8.192181658522280683e-18 9.999999999998328004e-01
2.832650379841494814e-01 -9.590160241543036479e-01 -7.013107097371152135e-03 -4.800520211216951338e+01 9.589974328715948904e-01 2.831741665710778566e-01 1.167540716223185344e-02 7.825243969898048135e+01 -9.210971799713200264e-03 -1.003278635612190640e-02 9.999072462966916985e-01 -1.024273726649180150e+00 -2.689374426045119952e-16 -1.280266435855953546e-18 8.082226385654578078e-18 9.999999999998294697e-01
2.838987782721779651e-01 -9.588006001006900147e-01 -1.014361583321198024e-02 -4.775909324905796183e+01 9.588342194006249652e-01 2.838085709257706091e-01 9.467564386102864452e-03 7.910349677385326572e+01 -6.198661301221861965e-03 -1.241387593176460774e-02 9.999037315075005594e-01 -1.034385691733969770e+00 -2.689445781478101122e-16 -1.451678288684542840e-17 7.968415791592270143e-18 9.999999999998262501e-01
2.842709228205837491e-01 -9.586593654416544208e-01 -1.273826871240243443e-02 -4.751045009296733213e+01 9.587369031811707742e-01 2.841926359998702134e-01 7.622081209460261804e-03 7.995181454469773996e+01 -3.686857372131727758e-03 -1.437938435644401172e-02 9.998898141237625437e-01 -1.041506667714089174e+00 -2.695652609585529477e-16 -2.928990607667649441e-17 7.844637577182679467e-18 9.999999999998229194e-01
2.835524681521484625e-01 -9.588731258293556881e-01 -1.266200486170896734e-02 -4.725786407809641787e+01 9.589521537218785863e-01 2.834856345008288092e-01 6.830951893689978828e-03 8.080845279699521200e+01 -2.960519712396031053e-03 -1.407919010185596301e-02 9.998965005085865831e-01 -1.044480357507720836e+00 -2.705996267686439163e-16 -4.252725746851874773e-17 7.670798422928690929e-18 9.999999999998194777e-01
2.826368411696507099e-01 -9.591466963121391132e-01 -1.241092128747333170e-02 -4.700528505821180403e+01 9.592173078013487286e-01 2.825522013066593119e-01 8.149230088523005261e-03 8.166374268317369456e+01 -4.309573986852127496e-03 -1.420804315488797750e-02 9.998897734660426861e-01 -1.048921547813854716e+00 -2.712426977650964638e-16 -5.525781670835017132e-17 7.469203309616766081e-18 9.999999999998161471e-01
2.823805719907639400e-01 -9.592057116518027948e-01 -1.362407049238842024e-02 -4.675754596529827722e+01 9.592703397733521875e-01 2.822264174343598331e-01 1.219280661812147115e-02 8.251888388100452687e+01 -7.850337143204084642e-03 -1.651217843732534149e-02 9.998328461148934254e-01 -1.049650215005655474e+00 -2.724530641405266366e-16 -6.613668667557599356e-17 7.256838304911465903e-18 9.999999999998128164e-01
2.821888745770824158e-01 -9.592686149913893789e-01 -1.315915489216894392e-02 -4.650774713401591498e+01 9.593112225917892477e-01 2.820116099722503322e-01 1.383582488506547234e-02 8.337456862530923729e+01 -9.561238117720693985e-03 -1.652804082104106231e-02 9.998176866771727456e-01 -1.055884037775061346e+00 -2.733126145931022618e-16 -7.603929556039641135e-17 6.980723305910667619e-18 9.999999999998093747e-01
2.812144492948173702e-01 -9.595705371615776968e-01 -1.195063677422401709e-02 -4.625411953185677305e+01 9.596046197320129423e-01 2.810666525062179288e-01 1.266927929572015527e-02 8.422423669404211921e+01 -8.798141665770359623e-03 -1.503067065739028575e-02 9.998483243187639147e-01 -1.062369677066821616e+00 -2.745037108815553610e-16 -8.587652244935042101e-17 6.711918590684730164e-18 9.999999999998061551e-01
2.806268861578498086e-01 -9.597193781476081043e-01 -1.368451582534007185e-02 -4.601228084947567964e+01 9.597886864242096694e-01 2.804807171046956316e-01 1.167239240567153995e-02 8.507818582394233431e+01 -7.363978369118577907e-03 -1.640983060316776598e-02 9.998382315566752832e-01 -1.077189272680086685e+00 -2.744381466210923645e-16 -9.496547548269651264e-17 6.406196124419542061e-18 9.999999999998030464e-01
2.798512459353875159e-01 -9.599506359059266636e-01 -1.334379152545926185e-02 -4.576631658593436924e+01 9.600195421944028862e-01 2.797193323370264495e-01 1.093497698781948323e-02 8.593450162091640721e+01 -6.764521656702244569e-03 -1.587046756572203440e-02 9.998511736784776449e-01 -1.091013354236149757e+00 -2.739971168383689891e-16 -1.019982743897931101e-16 6.058945486749766370e-18 9.999999999997999378e-01
2.783726038282164916e-01 -9.604301366629720560e-01 -9.090986057670029027e-03 -4.551270534585245997e+01 9.604575438809958010e-01 2.783016320148020695e-01 8.337146989833153082e-03 8.677748232337859235e+01 -5.477210966325518453e-03 -1.105233945646186267e-02 9.999239200823232254e-01 -1.093045018280075276e+00 -2.755007086361774890e-16 -1.118283596152924890e-16 5.676022178213465799e-18 9.999999999997967182e-01
2.771234822368037198e-01 -9.607292558815954120e-01 -1.420818377558885973e-02 -4.527281938895265512e+01 9.608337444123314919e-01 2.770769416406738128e-01 5.184979226297857340e-03 8.762507162289789164e+01 -1.044601127007833107e-03 -1.508858191691171864e-02 9.998856152102877370e-01 -1.094693838875192782e+00 -2.754001605651145305e-16 -1.203951249567435362e-16 5.400584795234788566e-18 9.999999999997939426e-01
2.763849035499554296e-01 -9.608014655194913045e-01 -2.172392564285567998e-02 -4.504064700435354496e+01 9.610382394720072829e-01 2.764084138069524688e-01 1.972574261810313388e-03 8.847917436963408022e+01 4.109423587034891252e-03 -2.142271300132286144e-02 9.997620616955221751e-01 -1.104777287733790914e+00 -2.753627405069595392e-16 -1.275349561717912635e-16 5.119449098636236946e-18 9.999999999997913891e-01
2.750969434099553301e-01 -9.611415187530792936e-01 -2.299244779447074533e-02 -4.480509458402992351e+01 9.614020900984352469e-01 2.751450453860153078e-01 1.106866675660609462e-03 8.932732925852747030e+01 5.262402574270432648e-03 -2.240948300531609219e-02 9.997350259897962443e-01 -1.106388398847394816e+00 -2.738668353394703940e-16 -1.361738408082098398e-16 4.759470570145295734e-18 9.999999999997888356e-01
2.737654131426303650e-01 -9.615590617042431010e-01 -2.136982501937964921e-02 -4.456540608113490265e+01 9.617938015341553903e-01 2.737496505785835810e-01 3.716468556464446252e-03 9.018115989622658901e+01 2.276378114000952250e-03 -2.157080579329672190e-02 9.997647315445516991e-01 -1.094403933221522296e+00 -2.727108263154108643e-16 -1.428927594533718388e-16 4.506685487202770425e-18 9.999999999997862821e-01
2.732774461840755120e-01 -9.617565108049911382e-01 -1.854322872041815756e-02 -4.432686965916428079e+01 9.619333206784785872e-01 2.731874442834343331e-01 7.273709803879840896e-03 9.103561992324230800e+01 -1.929760498664947208e-03 -1.982509041861610713e-02 9.998016012262387342e-01 -1.085185020049806104e+00 -2.712707304071070381e-16 -1.506697507778709995e-16 4.248486583956522309e-18 9.999999999997835065e-01
2.721726269039567159e-01 -9.620503684544499112e-01 -1.952305613668713427e-02 -4.409528087694481968e+01 9.622392529325863864e-01 2.720253434305018869e-01 9.891038732401739517e-03 9.189228387366698314e+01 -4.204911406479851926e-03 -2.147792094652809999e-02 9.997604801311750222e-01 -1.089294603955728080e+00 -2.704571915582495914e-16 -1.599817653004277815e-16 3.960419970825793254e-18 9.999999999997807310e-01
2.712515536556138751e-01 -9.623459946072051574e-01 -1.768562418869150388e-02 -4.386406076071778415e+01 9.624944202716427810e-01 2.711024419733115698e-01 1.039023108556536186e-02 9.274277762700700123e+01 -5.204381362830962435e-03 -1.984068092543182782e-02 9.997896087654067898e-01 -1.097863048065443659e+00 -2.700577037206341731e-16 -1.677529828123963582e-16 3.644906257176954236e-18 9.999999999997780664e-01
2.698043019216237459e-01 -9.628102178643331843e-01 -1.421699830059323065e-02 -4.362844629244487749e+01 9.628935791892353491e-01 2.696699531489761825e-01 1.068042717882839061e-02 9.359704479717272818e+01 -6.449327153262037100e-03 -1.657108157818860603e-02 9.998418902180681300e-01 -1.110502316392956601e+00 -2.698947872492539145e-16 -1.771777471450354578e-16 3.350613515205861005e-18 9.999999999997755129e-01
2.688756166967496419e-01 -9.630697278578409515e-01 -1.423383398195731016e-02 -4.340190902521154470e+01 9.631382492738777001e-01 2.687070906084175759e-01 1.269693830646853420e-02 9.444941921303571064e+01 -8.403304801913109162e-03 -1.712304705914384495e-02 9.998180763159150164e-01 -1.115168468754710096e+00 -2.705170219139748066e-16 -1.867480188254538939e-16 3.035810434298302346e-18 9.999999999997728484e-01
2.685171870145656170e-01 -9.630848674601801829e-01 -1.913265133355670014e-02 -4.318366063994281490e+01 9.632391796335718626e-01 2.682832305091429892e-01 1.394241895684647341e-02 9.529917292501420434e+01 -8.294763205125985778e-03 -2.217309849321469351e-02 9.997197360294640678e-01 -1.114413643653669572e+00 -2.710966130766546356e-16 -1.966921666217422723e-16 2.738673518556116758e-18 9.999999999997701838e-01
2.682664303519987636e-01 -9.630528034786327574e-01 -2.371539707028666455e-02 -4.296537410966953274e+01 9.633170757809739193e-01 2.679907979059230616e-01 1.418251552033483742e-02 9.615137174696963029e+01 -7.303003148683951187e-03 -2.665013976877811733e-02 9.996181451912300453e-01 -1.118309366044776931e+00 -2.732420419840052494e-16 -2.061202804510735829e-16 2.394893802913931665e-18 9.999999999997675193e-01
2.687397758916769130e-01 -9.628544582532223561e-01 -2.627213496547773849e-02 -4.273917515169319614e+01 9.631993149323089254e-01 2.684916011967280469e-01 1.262298699554126151e-02 9.699940224861431659e+01 -5.100251721359490460e-03 -2.869760109681529503e-02 9.995751273035493600e-01 -1.127726561731654975e+00 -2.752115921598936139e-16 -2.156795025855463711e-16 1.992769726668347531e-18 9.999999999997647437e-01
2.702850722679327466e-01 -9.623787144809138328e-01 -2.780628747679547708e-02 -4.250555967833800253e+01 9.627684524019110013e-01 2.700254779415643402e-01 1.277295275172391810e-02 9.784571060623086680e+01 -4.784011783594587126e-03 -3.022335481864400417e-02 9.995317213850698490e-01 -1.141683022046475982e+00 -2.795346808424825162e-16 -2.245458634719457846e-16 1.587374682864027449e-18 9.999999999997618572e-01
2.713474732813447865e-01 -9.620997426128296004e-01 -2.710413267785375876e-02 -4.226632706533471406e+01 9.624505058643516575e-01 2.710053120360848555e-01 1.565709454575507642e-02 9.869640729051955930e+01 -7.718322698673135522e-03 -3.033489925072458890e-02 9.995099906366157194e-01 -1.153177722831126850e+00 -2.823648282552138040e-16 -2.307282792358431794e-16 1.198125465569880827e-18 9.999999999997590816e-01
