7.776382910095348544e-01 -6.283519247329810709e-01 2.127315303682146899e-02 -6.595888802804040552e+01 6.273848547092276684e-01 7.777498180066403366e-01 3.864537064281654832e-02 2.571223225569323745e+01 -4.082808392824854860e-02 -1.670566595489648629e-02 9.990265203125248128e-01 -8.851985374299154996e-01 -4.809208017785018303e-24 -1.416202385148814181e-23 -3.430527606006730092e-24 9.999999999999997780e-01
7.495478842834947253e-01 -6.613703667337684777e-01 2.769850487982660273e-02 -6.555944747183363575e+01 6.606159104782909353e-01 7.500373358613390273e-01 3.210317175865561035e-02 2.609021677519046278e+01 -4.200699928674674066e-02 -5.764791450415964087e-03 9.991006852116839365e-01 -8.927430174351279613e-01 -4.809208017785018303e-24 -1.416202385148814181e-23 -3.430527606006730092e-24 9.999999999999997780e-01
7.211188550392040320e-01 -6.927159876417933182e-01 1.149597200774446146e-02 -6.520619726542953742e+01 6.923619754670370385e-01 7.211494411868200061e-01 2.404949902432871808e-02 2.648807801291114572e+01 -2.494978625821260912e-02 -9.383173311494749994e-03 9.996446689820717157e-01 -9.020702488052017021e-01 -6.965598556263040314e-19 1.066943171295914243e-18 -6.846272677397239971e-20 9.999999999999996669e-01
6.909649483430273520e-01 -7.227490990552359884e-01 -1.418379272843249377e-02 -6.486990130697196832e+01 7.228843497139035845e-01 6.908927485952979231e-01 1.026775911008990204e-02 2.690107201052770591e+01 2.378465897518828968e-03 -1.734790342607182151e-02 9.998466848205748159e-01 -9.076973510701609182e-01 -7.070592597431104300e-19 1.795356208045809290e-18 -4.163407614975160734e-20 9.999999999999994449e-01
6.563030897341347591e-01 -7.539584944469519545e-01 -2.851040260528506926e-02 -6.453127423076169578e+01 7.540093614400129596e-01 6.567690207818658310e-01 -1.115061442498940965e-02 2.732352981178497586e+01 2.713184966519307725e-02 -1.417892776325440675e-02 9.995313005310186849e-01 -9.272816847126027495e-01 -6.944088009409366840e-19 3.021807069115885687e-18 -3.606854143189054735e-20 9.999999999999991118e-01
6.189075170200251108e-01 -7.849685334913036883e-01 -2.789062216269684244e-02 -6.419350497138442790e+01 7.842599547175740371e-01 6.195344287939248407e-01 -3.336787325220735151e-02 2.776778905514255769e+01 4.347193120278215750e-02 -1.221870491599521841e-03 9.990539015638755238e-01 -9.384443485223369352e-01 -6.235616854429334099e-19 3.325415411408599389e-18 -1.451910975683934816e-20 9.999999999999988898e-01
5.860692211808827823e-01 -8.099540662616250275e-01 -2.229974283926164716e-02 -6.386811603744590826e+01 8.089940625513218908e-01 5.864696397049798948e-01 -3.977396712700553144e-02 2.825872842548290720e+01 4.529320855432938941e-02 5.269938384013406196e-03 9.989598355330819857e-01 -9.606411465067031807e-01 -2.073603931039742629e-19 3.983406355918983595e-18 -2.673434101552034750e-20 9.999999999999984457e-01
5.573209241675145531e-01 -8.301437859923135321e-01 -1.595876133731615257e-02 -6.356600081772749888e+01 8.297994337312500912e-01 5.575493591068696464e-01 -2.390840728316877273e-02 2.876339754776376623e+01 2.874521289485543543e-02 8.208452167110527544e-05 9.995867676183799455e-01 -9.313873329373274501e-01 1.319045424646460586e-18 5.047399122600710034e-18 -5.045704070499125160e-20 9.999999999999980016e-01
5.286238377166112556e-01 -8.488193776009932412e-01 -7.905846370424839467e-03 -6.328472069651704146e+01 8.487798909075420228e-01 5.286782691917832899e-01 -8.484366527002934477e-03 2.927694512989186038e+01 1.138134389040088013e-02 -2.225285025723017489e-03 9.999327542979095096e-01 -8.755718403202870093e-01 -4.557709072875020364e-19 4.940278717831153415e-18 3.176451006146171625e-20 9.999999999999976685e-01
4.987616727194045807e-01 -8.667165051059367853e-01 -6.268460983644135766e-03 -6.301079831486580929e+01 8.667018638157721888e-01 4.987942634359719962e-01 -5.671156992736020239e-03 2.979523607418822095e+01 8.041957747864172251e-03 -2.604331069830125283e-03 9.999642715493693990e-01 -8.680820071517847403e-01 -1.772710388205125907e-18 3.198792931803888236e-18 9.227787556624008566e-20 9.999999999999972244e-01
4.712282770904007712e-01 -8.820007865627536026e-01 -4.303878844841189759e-03 -6.274878150345703176e+01 8.818814467516242761e-01 4.712370230057938980e-01 -1.485873560915528836e-02 3.031736039787593029e+01 1.513356354882226806e-02 3.206345478511066042e-03 9.998803401422522441e-01 -8.633520176830362658e-01 -5.144598045415883043e-18 2.505942395252411581e-18 1.516853796677980393e-19 9.999999999999968914e-01
4.458225589008191769e-01 -8.951050639463719039e-01 -5.400969607800475136e-03 -6.250072876131997646e+01 8.948539006984774780e-01 4.458287251185949485e-01 -2.175417807804367817e-02 3.085453571978108656e+01 2.188018235429655192e-02 4.865424616442605432e-03 9.997487610712220141e-01 -8.587504270942335483e-01 -8.718930009858500918e-18 2.347369581139980324e-18 2.437759713194489458e-19 9.999999999999964473e-01
4.227125122724647577e-01 -9.062455233283660538e-01 -5.760504805792349137e-03 -6.226210580909746994e+01 9.060031396030726603e-01 4.227348291804717828e-01 -2.129730563089706277e-02 3.140951718513674962e+01 2.173575390202475699e-02 3.783602128123769465e-03 9.997565910546649670e-01 -8.545231917306389535e-01 -1.073344538347834982e-17 -8.119691190768851224e-19 3.396263632066599836e-19 9.999999999999957812e-01
4.030974451353399046e-01 -9.151431015330584451e-01 -5.055041230220490810e-03 -6.202953230033529763e+01 9.150359350508786571e-01 4.031278112319616191e-01 -1.404298319071224134e-02 3.198791226161414869e+01 1.488916689874932552e-02 1.035146267438259281e-03 9.998886143872542931e-01 -8.479286191687880336e-01 -1.288852724760893314e-17 -6.435287762348113091e-18 4.457243311590722444e-19 9.999999999999948930e-01
3.859048256229408724e-01 -9.225358297621421011e-01 -2.260169469351835415e-03 -6.180181052248541107e+01 9.225211164465554337e-01 3.859114371226701201e-01 -5.210797263252205276e-03 3.257199424438406510e+01 5.679372425033043723e-03 -7.418225299386601202e-05 9.999838694828263597e-01 -8.430009357072758558e-01 -1.685810287024652950e-17 -1.032963266534075103e-17 5.382205746442939158e-19 9.999999999999941158e-01
3.696784842543306970e-01 -9.291586326789400552e-01 1.433037910322929953e-03 -6.157826747360492448e+01 9.291579952344766191e-01 3.696803382372132463e-01 1.366533084284320913e-03 3.316144790408676357e+01 -1.799491951501171975e-03 8.263407525681343898e-04 9.999980394929134375e-01 -8.399155942774084727e-01 -2.100504140411595001e-17 -1.204674538240325467e-17 5.876750179049442292e-19 9.999999999999933387e-01
3.555347768737987524e-01 -9.346612683016475298e-01 1.826463820079731295e-03 -6.136176409669250376e+01 9.346559614498924917e-01 3.555390127372569653e-01 3.200648058916911662e-03 3.375864310226389620e+01 -3.640900917528084625e-03 5.691736043304251869e-04 9.999932099179019707e-01 -8.410484934394057976e-01 -2.466195486174060989e-17 -1.551816146791885190e-17 6.093499926617501361e-19 9.999999999999923395e-01
3.425278412182333199e-01 -9.395076060076288371e-01 3.691127546943179976e-04 -6.115774935332283491e+01 9.395051975806146816e-01 3.425278131599884812e-01 2.163545897376030046e-03 3.435817128863631353e+01 -2.159099211208427745e-03 -3.942913540774348083e-04 9.999975914095571294e-01 -8.458037716875026479e-01 -2.814057640862683246e-17 -1.930533278489144787e-17 6.271831713340920100e-19 9.999999999999912292e-01
3.303721692054797376e-01 -9.438407083008308884e-01 -4.352834557981887995e-03 -6.096145584527496908e+01 9.438506535185858803e-01 3.303665875005725172e-01 1.965124873577864077e-03 3.497140254437083229e+01 -4.167337537044514669e-04 -4.757648309454580622e-03 9.999885954927348886e-01 -8.508653223975601865e-01 -3.124357495291680045e-17 -2.248362870343236415e-17 6.431725441469143276e-19 9.999999999999901190e-01
3.199090760884335527e-01 -9.474196156360789045e-01 -7.365795562544929544e-03 -6.076602472689290124e+01 9.474482358519166203e-01 3.199006597071444302e-01 2.325575203646899989e-03 3.559774696940755945e+01 1.530272941519236274e-04 -7.722682626153640900e-03 9.999701679328705239e-01 -8.574985288895898838e-01 -3.425955283384287359e-17 -2.741966754772668128e-17 6.440758269287546296e-19 9.999999999999891198e-01
3.118026743976189397e-01 -9.501001856211307439e-01 -9.419634877638574308e-03 -6.057043505752083234e+01 9.501467803890175645e-01 3.117918423727639721e-01 2.634909141431784636e-03 3.622803437829233530e+01 4.335376486063009446e-04 -9.771607468523407433e-03 9.999521627220865350e-01 -8.601868731806979751e-01 -3.766721347686314848e-17 -3.017684415644307793e-17 6.418315694310997817e-19 9.999999999999881206e-01
3.058280667892719351e-01 -9.520223033056779416e-01 -1.107824771945857024e-02 -6.037337661168616165e+01 9.520849917254609052e-01 3.058292048455055201e-01 1.632787400621739252e-03 3.686970025002773355e+01 1.833601669172922177e-03 -1.104678560252527614e-02 9.999373012508132597e-01 -8.583262489942540263e-01 -4.146758211367996467e-17 -3.347116474050662539e-17 6.273382231083200493e-19 9.999999999999872324e-01
3.012568788702934541e-01 -9.534577747243526691e-01 -1.275008827663942981e-02 -6.017379111713328399e+01 9.535404467530559369e-01 3.012602036281730733e-01 1.704733378850619005e-03 3.752112731793742739e+01 2.215702896598165453e-03 -1.267128752846832795e-02 9.999172611436567548e-01 -8.589701084139378384e-01 -4.455305932357789412e-17 -3.397529277994308444e-17 6.440592917702393041e-19 9.999999999999866773e-01
2.978815151272078410e-01 -9.545163448109664772e-01 -1.285108689098610722e-02 -5.997420799968430316e+01 9.545992588018770153e-01 2.978903315929064544e-01 1.267058945513461739e-03 3.817570332925967591e+01 2.618786061951325697e-03 -1.264507145938116930e-02 9.999166185874373003e-01 -8.648017244635983758e-01 -4.863405764822726364e-17 -3.336727650034413087e-17 6.618073740742750752e-19 9.999999999999860112e-01
2.956329689322897414e-01 -9.552284989507378032e-01 -1.181788782521467178e-02 -5.977078232975569705e+01 9.552923303476930084e-01 2.956619763992595629e-01 -7.478573067278966547e-04 3.883466694864267055e+01 4.208474683800467013e-03 -1.106844632441380920e-02 9.999298866604519054e-01 -8.672634962146575921e-01 -5.288679740038544760e-17 -3.134271016493054540e-17 6.789727405576493946e-19 9.999999999999854561e-01
2.948099649323661087e-01 -9.554919030087847265e-01 -1.105928846165852783e-02 -5.956674239577560570e+01 9.555423176588987433e-01 2.948477442904289259e-01 -1.920117157040686275e-03 3.950282969890408680e+01 5.095462652755428958e-03 -1.000154845658100464e-02 9.999370006599460625e-01 -8.650492698427812988e-01 -5.698471849322630970e-17 -3.306626081517229039e-17 6.926743017524949930e-19 9.999999999999846789e-01
2.945045028235431794e-01 -9.555897330293778857e-01 -1.074057473091901728e-02 -5.936049207644854420e+01 9.556388125093253638e-01 2.945370312441281113e-01 -1.548306058248508825e-03 4.018150037642200800e+01 4.643042367947617689e-03 -9.808126975622758273e-03 9.999411196679446334e-01 -8.637089661784971284e-01 -6.153295184146547063e-17 -3.638075911525455328e-17 7.019714154136002392e-19 9.999999999999836797e-01
2.934214548094223329e-01 -9.559052718782873326e-01 -1.220496017486791436e-02 -5.915290902641870474e+01 9.559781975994470216e-01 2.934372492956816014e-01 5.161785372185577828e-04 4.087181075348637194e+01 3.087972156516557553e-03 -1.181913368707825096e-02 9.999253834696018028e-01 -8.645320368469362471e-01 -6.611682820851180492e-17 -3.773834543944535195e-17 6.886159076835812894e-19 9.999999999999826805e-01
2.928876018786400470e-01 -9.560878584071489383e-01 -1.062354330067347488e-02 -5.894453545906446834e+01 9.561465958462629366e-01 2.928608978717574529e-01 4.022654513629577745e-03 4.156690156508962986e+01 -7.347907094356217160e-04 -1.133585039645052320e-02 9.999354772075969011e-01 -8.661064428123277370e-01 -7.098828176924984007e-17 -3.847874024062434733e-17 6.619051920984962135e-19 9.999999999999814593e-01
2.923861919115871011e-01 -9.562781887789056912e-01 -6.506953605805160593e-03 -5.872733236590695327e+01 9.562962931412875012e-01 2.923584275483937511e-01 4.893829343925449465e-03 4.226882957883464087e+01 -2.777499536881030632e-03 -7.653463738612413525e-03 9.999668544452386953e-01 -8.721941632282389500e-01 -7.496395313255617072e-17 -4.213153481831647214e-17 6.227657045168995026e-19 9.999999999999801270e-01
2.918217988204028779e-01 -9.564706427506877162e-01 -1.986778640015685223e-03 -5.850668588403489423e+01 9.564718761919607237e-01 2.918181794807840346e-01 1.923584761657734163e-03 4.296944707983293199e+01 -1.260074227610162838e-03 -2.461641858727625556e-03 9.999961762588296388e-01 -8.774506406038988793e-01 -8.068883537722141339e-17 -4.425349024056654558e-17 5.953576423763879457e-19 9.999999999999789058e-01
2.915617375501639019e-01 -9.565519908371465929e-01 2.049933582777158927e-04 -5.828324313963396719e+01 9.565479921466707447e-01 2.915598839841954670e-01 -2.961886439203530695e-03 4.368196789490779963e+01 2.773430530293882496e-03 1.059658741900792751e-03 9.999955925934991274e-01 -8.778903175847089235e-01 -8.748159427568341286e-17 -4.398785745133631543e-17 6.002942892707115185e-19 9.999999999999779066e-01
2.912498141532161022e-01 -9.566406952857839929e-01 -3.482223270656997684e-03 -5.806762629373296392e+01 9.566263595049647739e-01 2.912655209973879500e-01 -5.514034673566531666e-03 4.440601248871456619e+01 6.289201539104984952e-03 -1.725224996485694769e-03 9.999787345452352261e-01 -8.779703378328368446e-01 -9.358174791037144812e-17 -4.491554920749857391e-17 6.348121593838986003e-19 9.999999999999766853e-01
2.908994464318149231e-01 -9.567046520967658063e-01 -9.680946344726687469e-03 -5.784943786700700485e+01 9.567053846536117678e-01 2.909715017402755288e-01 -7.098742830705924954e-03 4.514616782641051174e+01 9.608279786364470887e-03 -7.196793136733555842e-03 9.999279409677832575e-01 -8.784759047059785830e-01 -1.003132537742576976e-16 -4.779281173636604193e-17 6.883458749821516095e-19 9.999999999999753530e-01
2.902975342935997793e-01 -9.568986392139764430e-01 -8.505048709903139173e-03 -5.762429069936850112e+01 9.568851614454485510e-01 2.903625191432313568e-01 -7.771440168760073743e-03 4.588071242084672718e+01 9.906027891059975346e-03 -5.882324988981195955e-03 9.999336322297199819e-01 -8.795202629942897588e-01 -1.076679892665149602e-16 -4.877287595952564514e-17 7.699827454753423796e-19 9.999999999999743538e-01
2.897433544269624739e-01 -9.570969556244695031e-01 -3.769098015007112980e-03 -5.738980048164198422e+01 9.570679609838186330e-01 2.897644359309614059e-01 -7.582198089539526897e-03 4.662237613818914639e+01 8.349049268723988254e-03 -1.410391443583760640e-03 9.999641514435695377e-01 -8.813549772929857307e-01 -1.152769676795542334e-16 -5.031887604720903322e-17 8.518030739465745473e-19 9.999999999999732436e-01
2.900546632942934133e-01 -9.570021494229171699e-01 -3.895933933574838824e-03 -5.716034068958263958e+01 9.569979378804103209e-01 2.900690862825713312e-01 -3.856433043390610372e-03 4.738823594733153044e+01 4.820704707956679699e-03 -2.609824352637814086e-03 9.999849746985903787e-01 -8.771067858381483839e-01 -1.232392333397113199e-16 -5.295622537668489438e-17 9.378166693821250570e-19 9.999999999999719114e-01
2.912746712957300366e-01 -9.566232804064047635e-01 -5.564642496941759296e-03 -5.692937802507513823e+01 9.566394154395716498e-01 2.912678573409513971e-01 2.015963151405994469e-03 4.816017745688664320e+01 -3.077157861267196736e-04 -5.910555349681114422e-03 9.999824851698283501e-01 -8.754158578884705388e-01 -1.307187407050828044e-16 -5.408539534479477411e-17 9.831507672297703219e-19 9.999999999999705791e-01
2.910606357899512830e-01 -9.566739113452742416e-01 -7.663787898299413183e-03 -5.669443616804280595e+01 9.566923490277332576e-01 2.910070157392814494e-01 7.393652838589459715e-03 4.894434627221898637e+01 -4.843098734682423079e-03 -9.483888542891234785e-03 9.999432985188330125e-01 -8.817473489518214969e-01 -1.389716874887371222e-16 -5.404635216337977216e-17 9.992538290313834449e-19 9.999999999999694689e-01
2.907789748081673342e-01 -9.567842173308015452e-01 -3.398422614104174531e-03 -5.644914977770297781e+01 9.567587847205991647e-01 2.907387701039322869e-01 9.143053012887935455e-03 4.973068392663294190e+01 -7.759875609835140998e-03 -5.910078271948568732e-03 9.999524265210368856e-01 -8.981369027857258880e-01 -1.471830260361294842e-16 -5.253406016472802010e-17 9.824353682782686964e-19 9.999999999999683586e-01
2.902585985809272295e-01 -9.569446268349107720e-01 2.631942571036161461e-03 -5.620473044611870250e+01 9.569133352101393264e-01 2.902704045637257146e-01 7.743457328573680881e-03 5.051268624612410463e+01 -8.174034918590686316e-03 2.709358713615849716e-04 9.999665553141627861e-01 -9.086590789789136258e-01 -1.561002532803853750e-16 -5.267153679817950018e-17 9.212507926799364874e-19 9.999999999999669154e-01
2.893664799514463759e-01 -9.572171588998918956e-01 1.533293251839319389e-03 -5.596730334603950041e+01 9.571984617949871321e-01 2.893704206460717687e-01 5.988688705037383334e-03 5.130283781526087239e+01 -6.176165301033915631e-03 -2.652598279681680419e-04 9.999808921271279294e-01 -9.109535108630434364e-01 -1.654154995266040586e-16 -4.895440927057443937e-17 8.553771923777514966e-19 9.999999999999653610e-01
2.900307665064057461e-01 -9.569958180648632240e-01 -6.415503576345381494e-03 -5.573925619693843458e+01 9.570118633718207590e-01 2.899999539266678861e-01 5.321662156051797793e-03 5.211080287556144697e+01 -3.232312686942583318e-03 -7.683158786283323001e-03 9.999652600094296462e-01 -9.203745685104134377e-01 -1.757804163509345484e-16 -4.236610035080794046e-17 8.068663677135351251e-19 9.999999999999639178e-01
2.892406969251238857e-01 -9.572175459809048048e-01 -8.624900499768349549e-03 -5.549473811977033932e+01 9.572553203602096605e-01 2.892421744043160992e-01 1.102809099559827130e-03 5.290950544619830964e+01 1.439056754604141732e-03 -8.575209163522092004e-03 9.999621967371695730e-01 -9.305807172262443583e-01 -1.858111808806800404e-16 -3.805720956216140307e-17 8.261324751594337728e-19 9.999999999999624745e-01
2.884296589489447893e-01 -9.574693480907655596e-01 -7.796108343740918920e-03 -5.524706107748730233e+01 9.574842112852758325e-01 2.884633556744272687e-01 -3.588533465677263765e-03 5.371045300944957290e+01 5.684802372016828885e-03 -6.429611164979093761e-03 9.999631708829199717e-01 -9.315889097581248057e-01 -1.971658507481320560e-16 -3.112734771160683788e-17 9.061495256069219142e-19 9.999999999999610312e-01
2.885827461640772529e-01 -9.574048168776142509e-01 -9.798736449570947041e-03 -5.500364700772268378e+01 9.574285660021010225e-01 2.886356671572803956e-01 -4.471313878701420851e-03 5.452348725767512860e+01 7.109122277656611949e-03 -8.091246149478545716e-03 9.999419943757509310e-01 -9.277489042837386846e-01 -2.085330924249646785e-16 -2.585501802177197589e-17 1.028807438269930359e-18 9.999999999999594769e-01
2.889690706602467407e-01 -9.572159308028403979e-01 -1.531463414744282762e-02 -5.476829168930731129e+01 9.573232421243610402e-01 2.890176285306237380e-01 -1.010191567677320643e-03 5.535149839001687155e+01 5.393170704847361115e-03 -1.436914109548899539e-02 9.998822138101511880e-01 -9.268114837893965952e-01 -2.186382822358147008e-16 -2.261045430617030263e-17 1.161219424031718328e-18 9.999999999999582556e-01
2.889893459908348117e-01 -9.572529185286128284e-01 -1.232914726600137061e-02 -5.451966512527584996e+01 9.573323088451231033e-01 2.889641489354056736e-01 3.817207260135660387e-03 5.617959689475505769e+01 -9.135124357855227981e-05 -1.290622324788186746e-02 9.999167070593362183e-01 -9.278142586135553760e-01 -2.279192005747433084e-16 -2.016810609457321202e-17 1.276606673858679727e-18 9.999999999999570344e-01
2.880696461318211776e-01 -9.575910092114753303e-01 -5.944581978542183044e-03 -5.426341284195584791e+01 9.575939320199761129e-01 2.880240720509766317e-01 7.482999242102826229e-03 5.700775071005910632e+01 -5.453470088078342555e-03 -7.848120574735601221e-03 9.999543322909304477e-01 -9.349698139822483212e-01 -2.364600049580797340e-16 -1.802224009071474397e-17 1.312909996866953299e-18 9.999999999999559241e-01
2.876202241958941141e-01 -9.577018600147629845e-01 -9.041789525916939935e-03 -5.401629090668924249e+01 9.577135062992865322e-01 2.875220860086573627e-01 1.076521756011235460e-02 5.784726155744591836e+01 -7.710154695045349713e-03 -1.175573823825466942e-02 9.999011731831337624e-01 -9.443590606497901385e-01 -2.454777496766794495e-16 -1.894775339664301952e-17 1.249753490377136157e-18 9.999999999999544809e-01
2.881501881902205353e-01 -9.575319379835689482e-01 -1.010231594418163799e-02 -5.376741829805615680e+01 9.575576228908222465e-01 2.880457407286279858e-01 1.063250166854192921e-02 5.867590235837253942e+01 -7.271030849081264874e-03 -1.273730699793783859e-02 9.998924407758986721e-01 -9.611616601504152646e-01 -2.548362884583651670e-16 -1.931254387940948926e-17 1.166037149058472827e-18 9.999999999999529265e-01
2.863191904101882734e-01 -9.581159867300486077e-01 -5.922598688524374939e-03 -5.351330965018238572e+01 9.581308588046589803e-01 2.862961471420245596e-01 4.446744633314736461e-03 5.950739954303188028e+01 -2.564879936497596429e-03 -6.947812891175241500e-03 9.999725742673589712e-01 -9.573073363648179068e-01 -2.646267108278461385e-16 -1.847701676066756754e-17 1.095435198364083595e-18 9.999999999999515943e-01
2.858881245604166232e-01 -9.582493735776738131e-01 -5.110604014185666892e-03 -5.326268815098804765e+01 9.582604162357086786e-01 2.858956760275975784e-01 -7.981882243259124689e-04 6.034436198200180002e+01 2.225962955496395713e-03 -4.669096995363865299e-03 9.999866222215738620e-01 -9.609475384938409581e-01 -2.729785725775365083e-16 -1.915496642347134512e-17 1.085761903205426768e-18 9.999999999999500400e-01
2.858272609371847461e-01 -9.582506115366931088e-01 -7.651300201116817412e-03 -5.301556286766524551e+01 9.582737214609868825e-01 2.858473865108984158e-01 -1.657221213131847412e-03 6.119466664415674728e+01 3.775137406828562615e-03 -6.858360917636736540e-03 9.999693551419586157e-01 -9.677793407487558230e-01 -2.808760091918319401e-16 -1.860264451352346768e-17 1.121087037906499967e-18 9.999999999999483746e-01
2.851099003830438461e-01 -9.584745533340318646e-01 -6.235007198733174757e-03 -5.276024729210843134e+01 9.584945778769784486e-01 2.851085375117707321e-01 1.125174777080329173e-03 6.203777259433595503e+01 6.992023919147456702e-04 -6.297019061630541870e-03 9.999799291320258243e-01 -9.703185018330872103e-01 -2.870965445961710604e-16 -2.295760887960756971e-17 1.139681986309126701e-18 9.999999999999464873e-01
2.843247610163928685e-01 -9.587256208611070196e-01 -2.148063669207917782e-03 -5.250228772150910572e+01 9.587220350522136503e-01 2.843143486999946123e-01 4.172604532405672396e-03 6.289024582365949811e+01 -3.389657547868749846e-03 -3.245770758870772897e-03 9.999889875362750757e-01 -9.697323065999318148e-01 -2.940263710438990739e-16 -2.671924126017494733e-17 1.155675720199216062e-18 9.999999999999447109e-01
2.836423603080205358e-01 -9.589301373426771802e-01 -5.599037765621187637e-05 -5.225510012666895676e+01 9.589100769028063853e-01 2.836360479664587486e-01 6.485114352398302535e-03 6.374417684949839469e+01 -6.202890707193478223e-03 -1.893142879139764027e-03 9.999789698572897345e-01 -9.657175734974292602e-01 -3.006807078186966578e-16 -3.419458292119570339e-17 1.143129711177539080e-18 9.999999999999428235e-01
2.834732769169179822e-01 -9.589639327002112967e-01 -5.574679740001237289e-03 -5.201360149899743845e+01 9.589742986891367504e-01 2.834464790094321507e-01 5.136924252124952170e-03 6.459654399662450430e+01 -3.346001738900128940e-03 -6.802155345122976905e-03 9.999712670646855317e-01 -9.653288133998993992e-01 -3.081031071670676642e-16 -3.890392828909624109e-17 1.118724769326594632e-18 9.999999999999409361e-01
2.835096068913162681e-01 -9.589607136199090887e-01 -4.080751646845520372e-03 -5.176115756797093326e+01 9.589689714168123658e-01 2.835109195581997921e-01 2.652375910464801318e-04 6.544524469360510466e+01 9.025852222887580578e-04 -3.988511614568688614e-03 9.999916385225133819e-01 -9.741494263526067066e-01 -3.166633153581644430e-16 -4.584329829261849679e-17 1.081340182431325346e-18 9.999999999999387157e-01
2.830254289887882968e-01 -9.591083456534637008e-01 -2.790670827609092238e-03 -5.150813055338900881e+01 9.591028163078932911e-01 2.830344122577059252e-01 -3.648181483143320830e-03 6.629672949610231569e+01 4.288857184429561986e-03 -1.644012120868393887e-03 9.999894514084224362e-01 -9.870531095762099527e-01 -3.261372663963872020e-16 -5.445316731216256004e-17 1.102455086296560042e-18 9.999999999999364952e-01
2.835248591837030152e-01 -9.589520152293046218e-01 -4.968572491162734708e-03 -5.125850564697861245e+01 9.589630004497234905e-01 2.835307727238776665e-01 -5.144773970911916891e-04 6.715498951494576829e+01 1.902102334475637424e-03 -4.618810052530166084e-03 9.999875242223388305e-01 -9.915343039297213057e-01 -3.352276696274695603e-16 -6.483575536062417306e-17 1.187720308346740787e-18 9.999999999999343858e-01
2.838689316512434391e-01 -9.588514692882712520e-01 -4.721174323363816483e-03 -5.101079240367377565e+01 9.588540786849629738e-01 2.838414733330321682e-01 5.733568284076333288e-03 6.801832941434325619e+01 -4.157575297654749098e-03 -6.154499159506599676e-03 9.999724179734403862e-01 -9.834371207951642102e-01 -3.447339533808700036e-16 -7.681487719476150826e-17 1.217312107410137191e-18 9.999999999999320544e-01
2.832045755251549890e-01 -9.590531818848253565e-01 -3.487508895985013454e-03 -5.075743568200422828e+01 9.590256973605730817e-01 2.831621738734013682e-01 9.428419235280056238e-03 6.887519951170136778e+01 -8.054824867359028709e-03 -6.014782118440247828e-03 9.999494698195136033e-01 -9.793161417062793417e-01 -3.536374335610535961e-16 -9.127686212799606079e-17 1.157424076767125326e-18 9.999999999999297229e-01
2.832328641049254303e-01 -9.590437189282320363e-01 -3.780195143284886643e-03 -5.050923546280815657e+01 9.590103029474741358e-01 2.831822084723448762e-01 1.034773623721587862e-02 6.972359384430711771e+01 -8.853447434305881589e-03 -6.556065061047867959e-03 9.999393153983593407e-01 -9.864322086083500141e-01 -3.631023463434907113e-16 -1.064102637415499457e-16 1.053169279846737140e-18 9.999999999999271694e-01
2.835975946746591148e-01 -9.589326248965494015e-01 -4.541497975355454630e-03 -5.025530250150018219e+01 9.588888940519563198e-01 2.835278166373372821e-01 1.200275204240757072e-02 7.058769409685486096e+01 -1.022218951680286397e-02 -7.758743579647944463e-03 9.999176509790386191e-01 -1.004244212494314947e+00 -3.719450714048007976e-16 -1.196303745182085170e-16 9.253761666236619207e-19 9.999999999999245048e-01
2.836295515734647554e-01 -9.589077922597460946e-01 -7.079789394979794925e-03 -5.001152078508940946e+01 9.588852129287851467e-01 2.835329953808123915e-01 1.217328866034767670e-02 7.144608897309258566e+01 -9.665707460020706368e-03 -1.024140976542258115e-02 9.999008388961370120e-01 -1.018046967042059325e+00 -3.821005397840033642e-16 -1.319599032963279385e-16 7.842216441189113532e-19 9.999999999999218403e-01
2.837873517477682572e-01 -9.588394671488059684e-01 -9.571584293559136369e-03 -4.976537744827887622e+01 9.588695831416680360e-01 2.837074115940290686e-01 8.900962433338833676e-03 7.229253025683273393e+01 -5.819064671924501810e-03 -1.170388159855245865e-02 9.999145751721739694e-01 -1.027884018927386789e+00 -3.922081802885131059e-16 -1.430364268480423603e-16 6.284527669578850179e-19 9.999999999999192868e-01
2.837902006913281538e-01 -9.588390876949958175e-01 -9.525014431131637385e-03 -4.951435399950106131e+01 9.588841697068115622e-01 2.837969492573753638e-01 6.638356576743917152e-04 7.312986807915211784e+01 2.066658460793372506e-03 -9.321775608777654182e-03 9.999544156721233978e-01 -1.021701268863784540e+00 -4.013546117284094408e-16 -1.556549788550190465e-16 4.898088608552919700e-19 9.999999999999169553e-01
2.835106712088519831e-01 -9.589263181638948419e-01 -9.056248862231528612e-03 -4.926179770106709555e+01 9.589300659367033797e-01 2.835716810660425247e-01 -6.342739147918043281e-03 7.397397211579436771e+01 8.650315212191837452e-03 -6.886075085489606028e-03 9.999388751401316888e-01 -1.019963100129579470e+00 -4.098245200201347833e-16 -1.686369819625436083e-16 4.326226963786325811e-19 9.999999999999146238e-01
2.835920440426598632e-01 -9.588984429595528436e-01 -9.451383261971625649e-03 -4.900812735461514080e+01 9.589103119775151951e-01 2.836518615699770707e-01 -5.712706097425424186e-03 7.483045276802022272e+01 8.158807438565429324e-03 -7.442950873192455234e-03 9.999390163121645303e-01 -1.018099035688019294e+00 -4.173610815818557812e-16 -1.862721425661005547e-16 4.512663354803689839e-19 9.999999999999122924e-01
2.838172321958649102e-01 -9.588445225411195150e-01 -8.059795387333781175e-03 -4.875754783245002244e+01 9.588760480100577688e-01 2.838251129946930407e-01 1.725863292160154149e-04 7.568668098382869402e+01 2.122088880078437049e-03 -7.777327723069120749e-03 9.999675044280821323e-01 -1.011443819205429140e+00 -4.253886009464529810e-16 -2.007693637917644880e-16 4.928894725613080677e-19 9.999999999999100719e-01
2.835033858377096760e-01 -9.589445140758338093e-01 -7.158850643370116319e-03 -4.850666994582729785e+01 9.589573192540419289e-01 2.834511554638742825e-01 7.503486867362437265e-03 7.654575393223791480e+01 -5.166243081252612328e-03 -8.992296154412065048e-03 9.999462228250796114e-01 -1.008544530260124361e+00 -4.346079677943597953e-16 -2.168855954289989186e-16 4.743429087742222475e-19 9.999999999999076294e-01
2.834137680330912623e-01 -9.589713851860344196e-01 -7.107635597143223058e-03 -4.825611187618252984e+01 9.589536004708947292e-01 2.833218477171006167e-01 1.169285037723056045e-02 7.739936144726823386e+01 -9.199360472755680265e-03 -1.012980753119358153e-02 9.999063750002366024e-01 -1.014361137619708142e+00 -4.440076422670981077e-16 -2.305606170759587960e-16 3.643806273335738026e-19 9.999999999999051870e-01
2.832869142620364489e-01 -9.590094318594932776e-01 -7.030918328782914672e-03 -4.800510101546309016e+01 9.589913078853753436e-01 2.831961914244320866e-01 1.164425020591942223e-02 7.825255893834375343e+01 -9.175816481493693708e-03 -1.004125327350506407e-02 9.999074845326586525e-01 -1.024211133116424755e+00 -4.545174955254704009e-16 -2.433800762014126356e-16 2.275819916233969135e-19 9.999999999999027445e-01
2.839323872459402764e-01 -9.587898156761481827e-01 -1.022197772656326803e-02 -4.776010041345836754e+01 9.588251454376034433e-01 2.838431872984611415e-01 9.348021216757632437e-03 7.910039126187274405e+01 -6.061348800962958541e-03 -1.245529526045310517e-02 9.999040582328462268e-01 -1.033803312728318158e+00 -4.655425255085220313e-16 -2.599118581393527106e-16 5.271755676399171304e-20 9.999999999998999689e-01
2.841969254740806528e-01 -9.586821052836954626e-01 -1.267787679493626724e-02 -4.751065863718977766e+01 9.587589905483743236e-01 2.841197135218679337e-01 7.562171035393039538e-03 7.994924987731870658e+01 -3.647683325696087376e-03 -1.430417411640001572e-02 9.998910365679971601e-01 -1.041206914108810500e+00 -4.766399133715086853e-16 -2.769638537891921523e-16 -1.055203069776163209e-19 9.999999999998971933e-01
2.834566678745231161e-01 -9.589020353847436118e-01 -1.261760566024835127e-02 -4.725783244529034022e+01 9.589805425681776629e-01 2.833904809624716026e-01 6.793693792885234853e-03 8.080705332380782124e+01 -2.938777469138985094e-03 -1.402575612709011307e-02 9.998973156038901688e-01 -1.044887164189820306e+00 -4.885674222272405343e-16 -2.942176129230267712e-16 -2.841736200984214984e-19 9.999999999998944178e-01
2.825516578617729979e-01 -9.591726523037642504e-01 -1.234437978426930135e-02 -4.700560528136058025e+01 9.592424416235538764e-01 2.824677209590932270e-01 8.119409098021598825e-03 8.166187989502438427e+01 -4.301026335386173155e-03 -1.413540550611790646e-02 9.998908397837479312e-01 -1.049041307666747302e+00 -5.013023704860242523e-16 -3.097857782847092505e-16 -4.320780325934956357e-19 9.999999999998918643e-01
2.823885595409688642e-01 -9.592040715808273221e-01 -1.357389049888080290e-02 -4.675768952756266827e+01 9.592678760142386851e-01 2.822348050842817258e-01 1.219249137805638282e-02 8.251873296335378427e+01 -7.864063033372489797e-03 -1.646401718559987321e-02 9.998335324695412085e-01 -1.050474416394126420e+00 -5.138211702967963150e-16 -3.251386883220682846e-16 -5.983708379245828444e-19 9.999999999998893108e-01
2.821585453148537370e-01 -9.592763850582917140e-01 -1.324282354491752162e-02 -4.650792439847295867e+01 9.593218460245671597e-01 2.819830611675201437e-01 1.368023956076533029e-02 8.337221368705925784e+01 -9.388878830899201680e-03 -1.656412642373607247e-02 9.998187229042632129e-01 -1.055486630478663201e+00 -5.277406467793310460e-16 -3.412647514986753152e-16 -8.401439167081046200e-19 9.999999999998868683e-01
2.812088507594756037e-01 -9.595723961587518946e-01 -1.193309619630925945e-02 -4.625391086895450599e+01 9.596062853967908257e-01 2.810613293803700952e-01 1.266120664604500866e-02 8.422485684592963651e+01 -8.795412519062318149e-03 -1.501151748440947460e-02 9.998486360750926671e-01 -1.062717696598251660e+00 -5.418997489942865918e-16 -3.566201393152663076e-16 -1.165695535792273613e-18 9.999999999998842037e-01
2.806012276813891759e-01 -9.597270765740292253e-01 -1.367075398477991116e-02 -4.601247369710573309e+01 9.597962419688670366e-01 2.804553514185803564e-01 1.166060731419000900e-02 8.507749647666784654e+01 -7.356964455781337710e-03 -1.639311902736991650e-02 9.998385573292987161e-01 -1.077524548297396079e+00 -5.555303781287982740e-16 -3.725540218193257717e-16 -1.500068145742757166e-18 9.999999999998815392e-01
2.798365098084386049e-01 -9.599551983226841667e-01 -1.332460099359934411e-02 -4.576635996871590351e+01 9.600236783895914616e-01 2.797044448882012868e-01 1.095264538403294304e-02 8.593493228399819372e+01 -6.787098747530654654e-03 -1.585688251641143368e-02 9.998512362182825353e-01 -1.091449793264168022e+00 -5.696801771179676672e-16 -3.907856421368818835e-16 -1.862136012558315519e-18 9.999999999998787636e-01
2.783903505627297603e-01 -9.604248671729265219e-01 -9.104242394700003821e-03 -4.551270236309837003e+01 9.604525116652791183e-01 2.783194875410911484e-01 8.320798670775047395e-03 8.677748089495447914e+01 -5.457613880424506785e-03 -1.106062253374268632e-02 9.999239356469402651e-01 -1.092975932892874313e+00 -5.842321568376244957e-16 -4.100722661859975569e-16 -2.233640599777508964e-18 9.999999999998757660e-01
2.770762507152880194e-01 -9.607455411871911322e-01 -1.402698751146516480e-02 -4.527328029421878597e+01 9.608474373339284114e-01 2.770317455300039811e-01 5.061041119341087857e-03 8.762493671958463892e+01 -9.764518543586389902e-04 -1.488008930199583024e-02 9.998888085601815856e-01 -1.093985636294647623e+00 -6.010961744536448410e-16 -4.273249614117319708e-16 -2.499464897839860973e-18 9.999999999998728795e-01
2.763707544149696660e-01 -9.608086298558483618e-01 -2.158663704208028250e-02 -4.504162221129502797e+01 9.610420431716472089e-01 2.763959104097734598e-01 1.868680015041495994e-03 8.847836896812420093e+01 4.171014313025005020e-03 -2.126211427367221893e-02 9.997652350106811525e-01 -1.104078769820891592e+00 -6.194278712845788088e-16 -4.419783000421493270e-16 -2.715768591328137026e-18 9.999999999998695488e-01
2.750656970001085222e-01 -9.611514283455069307e-01 -2.295199606564493622e-02 -4.480554610199134657e+01 9.614111637947532207e-01 2.751132855782883468e-01 1.119923616819597451e-03 8.932644796427385359e+01 5.237982864240099158e-03 -2.237435781916196492e-02 9.997359409601277447e-01 -1.106280783268499324e+00 -6.364632340925896710e-16 -4.571072106498586400e-16 -2.932923602627645337e-18 9.999999999998663291e-01
2.737468351207784645e-01 -9.615641483204796502e-01 -2.137893650841854454e-02 -4.456582315804580219e+01 9.617990086224936785e-01 2.737318020607819591e-01 3.683415956084093619e-03 9.018097528308322808e+01 2.310254089854323935e-03 -2.157056339964172689e-02 9.997646590675174361e-01 -1.094760217359980858e+00 -6.532556991679308894e-16 -4.758612968842238240e-16 -3.225248728491690155e-18 9.999999999998627764e-01
2.732796501115269949e-01 -9.617563214238763480e-01 -1.852055712713762681e-02 -4.432706579182432449e+01 9.619327303268023766e-01 2.731901877641925158e-01 7.248698858268366567e-03 9.103520897736336792e+01 -1.911847469994350235e-03 -1.979645197226202746e-02 9.998022031023322542e-01 -1.085314697685595631e+00 -6.691979083331826506e-16 -4.971659430940067313e-16 -3.659659129169535088e-18 9.999999999998593347e-01
2.721979421964363932e-01 -9.620447418667467110e-01 -1.944723401247332867e-02 -4.409540949003564947e+01 9.622322127532159097e-01 2.720520459870482965e-01 9.841392891722484937e-03 9.189174546951358025e+01 -4.177200482261412932e-03 -2.139156190925572965e-02 9.997624478219406807e-01 -1.089407817896149044e+00 -6.852473746007070299e-16 -5.208763438414135597e-16 -4.168279130556371813e-18 9.999999999998555600e-01
2.713181817537283491e-01 -9.623295836912304502e-01 -1.755609873183174019e-02 -4.386441715329210211e+01 9.624757523068770970e-01 2.711708721823830048e-01 1.033364896266773802e-02 9.274198082692809919e+01 -5.183673499042457285e-03 -1.970102618195612026e-02 9.997924780153766289e-01 -1.098040713879294250e+00 -7.030907194478936277e-16 -5.403418550834749747e-16 -4.658231214253802830e-18 9.999999999998520073e-01
2.698727459515567473e-01 -9.627916412463024542e-01 -1.417591404417284373e-02 -4.362800580140957862e+01 9.628743694277749343e-01 2.697387640579142487e-01 1.067463644763498413e-02 9.359656944803720080e+01 -6.453657211478397958e-03 -1.653041774653256704e-02 9.998425354011523103e-01 -1.110515520405395140e+00 -7.178564917200882621e-16 -5.607596609677101941e-16 -5.134349174830985021e-18 9.999999999998484546e-01
2.689548585345554188e-01 -9.630478181009800576e-01 -1.421914630950134491e-02 -4.340164271635549653e+01 9.631157693819302201e-01 2.687857859346707845e-01 1.273640636280407197e-02 9.444810992995216736e+01 -8.443863942045628374e-03 -1.712020240940622523e-02 9.998177833139695325e-01 -1.115499221995631673e+00 -7.326208678187464494e-16 -5.845253269755243554e-16 -5.584805384999516871e-18 9.999999999998445688e-01
2.685936046820479595e-01 -9.630666242692148549e-01 -1.897769065972456162e-02 -4.318320439359408169e+01 9.632167444726024153e-01 2.683588838642300134e-01 1.403611835372573120e-02 9.529876503171621493e+01 -8.424885237020427603e-03 -2.204964103927160510e-02 9.997213785042518008e-01 -1.113892672661993988e+00 -7.455289773119373293e-16 -6.062400143938397373e-16 -6.061304872180519439e-18 9.999999999998406830e-01
2.683409392006185223e-01 -9.630336889480904938e-01 -2.364855809849240528e-02 -4.296513824203513821e+01 9.632957451418655559e-01 2.680641596014905481e-01 1.424477898765830197e-02 9.615064890806530684e+01 -7.378871204294111530e-03 -2.660301276730651920e-02 9.996188433453525590e-01 -1.118450986232482514e+00 -7.593860321769193778e-16 -6.300699155378138268e-16 -6.641242396781680328e-18 9.999999999998367972e-01
2.687146024313064041e-01 -9.628631457030092378e-01 -2.621116340926549215e-02 -4.273863134059187274e+01 9.632061348855729399e-01 2.684661026356282565e-01 1.264489834291760047e-02 9.699879562698045277e+01 -5.138497709544015239e-03 -2.864462222933096200e-02 9.995764510322678875e-01 -1.127630177220285024e+00 -7.739040726517543254e-16 -6.515750284158417124e-16 -7.369615941715481512e-18 9.999999999998330225e-01
2.702805891472206401e-01 -9.623820705257967179e-01 -2.773361608030161865e-02 -4.250519023509074401e+01 9.627694227907434010e-01 2.700201555049531743e-01 1.281226599464213231e-02 9.784462510340665631e+01 -4.841659749352130587e-03 -3.016398434691300312e-02 9.995332372556777756e-01 -1.141565271876187282e+00 -7.901574330930111712e-16 -6.765962634635984985e-16 -8.158036312868502941e-18 9.999999999998291367e-01
2.714257797435870034e-01 -9.620807236539011820e-01 -2.699494886732383900e-02 -4.226601613381638600e+01 9.624279575841566681e-01 2.710835200664635791e-01 1.568921949647184011e-02 9.869624626578949744e+01 -7.776409883781636168e-03 -3.023915213890388670e-02 9.995124417068813605e-01 -1.153106618774203618e+00 -8.053624104182870809e-16 -7.021670655671431315e-16 -9.147410187565814308e-18 9.999999999998250289e-01
