1.000000000000000000e+00 -3.306050084167601550e-19 -2.270457535318767223e-19 -8.673617379884035472e-19 7.546676715296109287e-19 1.000000000000000000e+00 6.237773588823049983e-19 1.387778780781445676e-17 -3.447385680526250622e-20 4.770700176052009879e-20 1.000000000000000222e+00 5.551115123125782702e-17
9.999145901879047393e-01 -2.927634775244418279e-03 1.273776139498858199e-02 1.089934102928701368e-02 2.913116642361918748e-03 9.999951152804951171e-01 1.158236865849132614e-03 -7.991384163527695539e-03 -1.274109098325263909e-02 -1.121030007395955016e-03 9.999182159221341459e-01 2.871478871866702254e-01
9.998128002786264013e-01 -5.042537001331640241e-03 1.868042367760577513e-02 2.841835619733627805e-02 5.022655054393002257e-03 9.999867523978345218e-01 1.111348215141245380e-03 -9.317719943239988201e-03 -1.868578093193054221e-02 -1.017319167191725561e-03 9.998248784568095626e-01 5.836320154883305467e-01
9.997695082164342884e-01 -6.586383637247211070e-03 2.043683809462615644e-02 3.842851389369578846e-02 6.587857055260585952e-03 9.999782734883743140e-01 -4.850914376167774420e-06 -1.599172455830071005e-02 -2.043636643425928920e-02 1.394604663470245512e-04 9.997911763678539732e-01 8.851946311568967829e-01
9.997943391289318971e-01 -8.391511997535785680e-03 1.846350964032665923e-02 4.316788421382177637e-02 8.414030108275672576e-03 9.999639590618086826e-01 -1.142153209959981177e-03 -1.935962320300607664e-02 -1.845326417047175524e-02 1.297223328512353731e-03 9.998288800395452869e-01 1.189254518772089764e+00
9.998831240462953129e-01 -1.100492648154609635e-02 1.061182625763624175e-02 4.232856190540677799e-02 1.103560893695646437e-02 9.999350404665453551e-01 -2.837885638286435485e-03 -2.127913390199917543e-02 -1.057990596823935731e-02 2.954662814311993964e-03 9.999396618154372529e-01 1.509643350268282891e+00
9.999424635180086396e-01 -1.072523505083851532e-02 -3.751641776437148167e-05 3.531617841640744687e-02 1.072500446227742793e-02 9.999347337208361886e-01 -3.930470633154792628e-03 -3.237982117384595460e-02 7.965540931009092965e-05 3.929841933561962868e-03 9.999922685890975105e-01 1.832224545546239813e+00
9.998149238141926798e-01 -1.103897030740419970e-02 -1.575099110799719343e-02 1.554399929891583584e-02 1.096923876857768335e-02 9.999296343337237269e-01 -4.504853999576880971e-03 -4.536612447307386553e-02 1.579963857407861924e-02 4.331178445613668992e-03 9.998657466845424224e-01 2.166169048322700075e+00
9.993777267592464097e-01 -6.513746075216262851e-03 -3.467930874573995487e-02 -2.076480717154850081e-02 6.362273798627170358e-03 9.999697091425031603e-01 -4.478525957233135332e-03 -4.955720119284891256e-02 3.470743248850760576e-02 4.255146653617133089e-03 9.993888860243675953e-01 2.508914551073889054e+00
9.985270930017939861e-01 -2.047643491337042265e-03 -5.422129141112268236e-02 -6.691584655471385923e-02 1.756269656385580627e-03 9.999837373599962387e-01 -5.420684487583402739e-03 -4.920760768967918919e-02 5.423151615179110097e-02 5.317490731995909437e-03 9.985144806314045773e-01 2.866154096640441740e+00
9.971930204231514994e-01 -2.371093134186823444e-03 -7.482869417658311040e-02 -1.128815697807139945e-01 1.920696245428312387e-03 9.999796314797048113e-01 -6.089106813309768003e-03 -5.769842859854777684e-02 7.484161797975048824e-02 5.928273568218470936e-03 9.971772450049505299e-01 3.228525967500698979e+00
9.954102048279729331e-01 -3.840181080654879713e-03 -9.562454281267326883e-02 -1.641518820420610203e-01 3.348856707575668078e-03 9.999803304318394259e-01 -5.298411896952547225e-03 -6.444919531598093665e-02 9.564302141348483832e-02 4.953874864124817312e-03 9.954035273546288920e-01 3.611875876873445357e+00
9.931309575022505554e-01 -4.464536667279524890e-03 -1.169028243066755346e-01 -2.205249625697933147e-01 3.959037259579308021e-03 9.999817794870323739e-01 -4.555276582462144952e-03 -7.033682772780298909e-02 1.169210417559629206e-01 4.061034742886812654e-03 9.931305109965571365e-01 3.996894814161836340e+00
9.909218772405739006e-01 -3.688034333915654866e-03 -1.344123903283942489e-01 -2.977570810351112818e-01 3.234277524590422129e-03 9.999882812808114085e-01 -3.593353136292056285e-03 -7.397859368289402826e-02 1.344240928515094968e-01 3.125863276311358768e-03 9.909222265417862996e-01 4.393483990486583224e+00
9.888581018448849846e-01 -1.861270659718686302e-03 -1.488374708742452590e-01 -3.754393878049309685e-01 1.530074064188192712e-03 9.999960836302426159e-01 -2.339398070918798089e-03 -8.460380096733967348e-02 1.488412560491692571e-01 2.085598043869486742e-03 9.888571344482736114e-01 4.810191817536042969e+00
9.865857970795977039e-01 -1.094250673972522927e-03 -1.632352901921268751e-01 -4.604802204285026734e-01 6.997600692761929723e-04 9.999966806517321949e-01 -2.473720049729098876e-03 -9.016883974844967786e-02 1.632374755129203103e-01 2.326336080598007897e-03 9.865833323768552487e-01 5.231828990968600657e+00
9.846020315224759401e-01 -2.901837330847211599e-03 -1.748245874809084000e-01 -5.499147966883221050e-01 2.310176906768613043e-03 9.999909048274359114e-01 -3.589535695162416381e-03 -9.500240825865058358e-02 1.748334186469019946e-01 3.130508316780525584e-03 9.845997473468353078e-01 5.667748755983173403e+00
9.827869314919818189e-01 -6.273302984483508302e-03 -1.846216604542317008e-01 -6.409037898022239554e-01 5.366129507068015045e-03 9.999709292458250909e-01 -5.411766662850087464e-03 -1.084179069458787031e-01 1.846502752716506768e-01 4.327744956576719433e-03 9.827920254888473650e-01 6.114065879498338241e+00
9.813122492871610980e-01 -5.252075883835949886e-03 -1.923674582957005663e-01 -7.390285202925188646e-01 3.882995423720155513e-03 9.999644010000849903e-01 -7.495000517747072571e-03 -1.144024424247793853e-01 1.923999729215633836e-01 6.607988333312815252e-03 9.812976528629312467e-01 6.575239739992320587e+00
9.798449795533091811e-01 -4.990186509348086899e-03 -1.997152657563589784e-01 -8.481787861653037330e-01 3.206473640635124859e-03 9.999520618297637053e-01 -9.252403211467898070e-03 -1.150654971114474512e-01 1.997518852412337731e-01 8.425575175900248612e-03 9.798140168520956816e-01 7.056292388021670803e+00
9.783773947748173327e-01 -5.987001438852522506e-03 -2.067318580933556749e-01 -9.594791544560322682e-01 3.568130458833278316e-03 9.999207689502846996e-01 -1.207022438872214394e-02 -1.269466918488856566e-01 2.067877812734110199e-01 1.107138455652670675e-02 9.783212777841451269e-01 7.540500686927959606e+00
9.763884787641367025e-01 -9.708059637301431899e-03 -2.158411888337880558e-01 -1.073787829148149964e+00 6.951470145412821065e-03 9.998842560157689130e-01 -1.352993675284367564e-02 -1.378613551383940372e-01 2.159475898831589302e-01 1.171064566626513204e-02 9.763428839258442293e-01 8.044184870543610089e+00
9.745975960190114140e-01 -1.485203359708614154e-02 -2.234745096865557723e-01 -1.190453392208323358e+00 1.183179773852521474e-02 9.998197386606451076e-01 -1.484656859507784907e-02 -1.531852011156898952e-01 2.236548244804491825e-01 1.182506534520538777e-02 9.745975078305673112e-01 8.561661658045172985e+00
9.728324119206070986e-01 -1.522976064392006501e-02 -2.309797459491149119e-01 -1.316948584661698396e+00 1.177797348057197865e-02 9.997975010015384134e-01 -1.631014089834802866e-02 -1.783048755997512502e-01 2.311815112090447877e-01 1.314560602799503229e-02 9.728147305753217511e-01 9.085723502708788146e+00
9.710752940251390353e-01 -1.148947529314506277e-02 -2.384740586081838531e-01 -1.470541143618366853e+00 6.635195858522326996e-03 9.997543795210481754e-01 -2.115164693754350775e-02 -1.801061690955566563e-01 2.386584469056774738e-01 1.895807925126010568e-02 9.709128658596357653e-01 9.616408366589386247e+00
9.691586506132717771e-01 -8.891883499088135134e-03 -2.462927711152106403e-01 -1.631442869609880830e+00 3.035434956477509657e-03 9.997037279163790702e-01 -2.414341664136727267e-02 -1.961349805723538453e-01 2.464346032019699428e-01 2.265104656830846039e-02 9.688982129773073826e-01 1.016815477867768713e+01
9.664794972823895769e-01 -1.083463595322105288e-02 -2.565626041930521573e-01 -1.787229787813545467e+00 4.280736095463098627e-03 9.996503253281135981e-01 -2.609690834748792584e-02 -2.198259710349165785e-01 2.567555638908415871e-01 2.412467900738807930e-02 9.661878515495008202e-01 1.072668005993315887e+01
9.642117605581272954e-01 -1.274646899884774795e-02 -2.648683453287749012e-01 -1.948732322487374713e+00 5.621551560747277410e-03 9.996019329130316766e-01 -2.763991156989628953e-02 -2.442575347008167086e-01 2.651153678744073705e-01 2.516168196210148700e-02 9.638995814845908727e-01 1.129688430346998729e+01
9.623200782940269926e-01 -1.325688098039986759e-02 -2.715447342150910104e-01 -2.122525906653145888e+00 5.004613912357298855e-03 9.995051271364848722e-01 -3.104847340373657893e-02 -2.662579394805831834e-01 2.718220138236469574e-01 2.851931577055380126e-02 9.619101151375730741e-01 1.188101873945879383e+01
9.599757781627914488e-01 -1.293153989670259123e-02 -2.798816466717619633e-01 -2.316985781741816908e+00 3.447164222041880065e-03 9.994034211339575258e-01 -3.437074751428526725e-02 -2.892443613140213143e-01 2.801591166164866253e-01 3.203093468332743332e-02 9.594476191694379930e-01 1.247632306205812824e+01
9.578310728289501919e-01 -1.374800354935905994e-02 -2.869410683929221606e-01 -2.504933888326553060e+00 2.643656548861604907e-03 9.992340432168491660e-01 -3.904075406465906672e-02 -3.192207773249997604e-01 2.872580972198253146e-01 3.663505487716200298e-02 9.571336401721575182e-01 1.307465005998687069e+01
9.558400156158513017e-01 -1.514653295792144604e-02 -2.935094587208432748e-01 -2.702228548966864263e+00 1.573650096039228875e-03 9.989203925173597565e-01 -4.643234392532470667e-02 -3.555049571006280718e-01 2.938959952723158020e-01 4.391938312211765560e-02 9.548319819272139686e-01 1.368728359787439253e+01
9.547333556633779139e-01 -1.562885967237130982e-02 -2.970703009862304955e-01 -2.908238616794518450e+00 -7.816973271103254059e-04 9.984834708230563294e-01 -5.503676550602829010e-02 -3.918658629011634309e-01 2.974802403934600492e-01 5.277686105509157150e-02 9.532731418134318124e-01 1.431587544695907077e+01
9.536230370677950541e-01 -1.478615872513994872e-02 -3.005457292244731460e-01 -3.121669268689678312e+00 -4.444654668788808327e-03 9.979921174421056973e-01 -6.317902759506555110e-02 -4.382196660893145634e-01 3.008765367855277817e-01 6.158426406877094694e-02 9.516424539037956487e-01 1.495449106883307522e+01
9.522953809907908074e-01 -1.548696500107753747e-02 -3.047780115476169116e-01 -3.342548083668889447e+00 -6.995770801018701135e-03 9.973413054686773860e-01 -7.253864380082317154e-02 -4.814932313799976105e-01 3.050909164745042035e-01 7.121119208494303132e-02 9.496550673094529271e-01 1.560905266191408458e+01
9.509230269446458106e-01 -1.416091553310207252e-02 -3.090529196508620680e-01 -3.572934065518890367e+00 -1.095846616838168537e-02 9.967843187558865781e-01 -7.937910471318981864e-02 -5.377931566841253064e-01 3.091828656664645791e-01 7.887148941040293681e-02 9.477099869486987904e-01 1.626789240578862206e+01
9.497958647797982712e-01 -1.259264631731137930e-02 -3.125870360777917578e-01 -3.801286640936016870e+00 -1.510772732537402595e-02 9.961781568882125404e-01 -8.602269917666706400e-02 -6.011508004859431598e-01 3.124754363917882638e-01 8.642726228156510926e-02 9.459755723528329163e-01 1.693053242391429336e+01
9.482570297959651562e-01 -1.067678372397743054e-02 -3.173339070873522627e-01 -4.045830050861074056e+00 -1.950316923471475186e-02 9.955883752678860166e-01 -9.176167035243378012e-02 -6.678577050860908804e-01 3.169142448243571497e-01 9.320051032737571017e-02 9.438653450391459865e-01 1.761088669540391649e+01
9.464920847262768833e-01 -9.330166205455608236e-03 -3.226618240521717529e-01 -4.301270848698419691e+00 -2.307021249349864786e-02 9.950686647719853006e-01 -9.645519160431727246e-02 -7.369915793972637852e-01 3.219714454653409552e-01 9.873458928960739123e-02 9.416092591611009421e-01 1.830083227548611191e+01
9.448904187699550539e-01 -6.802875838259134743e-03 -3.273952312933395836e-01 -4.564808479832202615e+00 -2.737575278421175776e-02 9.946408322806752356e-01 -9.970494072095187343e-02 -8.138092246682722131e-01 3.263191514559651840e-01 1.031716188828450953e-01 9.396404184325549691e-01 1.899963271781203034e+01
9.435258704945072017e-01 -5.653494310021377721e-03 -3.312890362965902891e-01 -4.827194051902487182e+00 -2.952495814984924805e-02 9.944411257954780536e-01 -1.010744942761970105e-01 -8.888104889126124952e-01 3.300198514321681098e-01 1.051444645860941385e-01 9.381138147337272359e-01 1.970634104626598315e+01
9.411602937146512637e-01 -5.318640657887623198e-03 -3.379286892067929204e-01 -5.101697520527936014e+00 -3.036998959504925988e-02 9.944999055313747949e-01 -1.002424134249332577e-01 -9.771306319883048541e-01 3.366036012099637431e-01 1.046059671826524984e-01 9.358221134332652680e-01 2.043265347328403081e+01
9.389213895616600469e-01 -5.075082418924199007e-03 -3.440943769132190355e-01 -5.386842222357546284e+00 -3.078811800879271629e-02 9.946425581168812924e-01 -9.868552384247741838e-02 -1.057037027019713582e+00 3.427510794524378790e-01 1.032547103256732240e-01 9.337351322164786360e-01 2.115595358664983650e+01
9.366050550161003629e-01 -5.283576268939008114e-03 -3.503642020178389660e-01 -5.667257490230531047e+00 -3.060615781228466503e-02 9.948307422188243931e-01 -9.682954323558509713e-02 -1.144172546697016291e+00 3.490648218860221697e-01 1.014142820404486944e-01 9.316017293725891157e-01 2.189369116516211733e+01
9.341107017496271814e-01 -4.521058373626493133e-03 -3.569978862486904991e-01 -5.960709992632714282e+00 -3.074080985586103223e-02 9.951867669198913857e-01 -9.306097266383774047e-02 -1.222105577293761902e+00 3.557004825080191113e-01 9.790315060741731912e-02 9.294755244182500986e-01 2.262743507338479176e+01
9.291389720223093285e-01 -2.109878024110156073e-03 -3.696845763419072117e-01 -6.280650896531272842e+00 -3.255311876293331269e-02 9.956334766900198918e-01 -8.748702284077532199e-02 -1.297482623014974745e+00 3.682551639485417971e-01 9.332151709235396442e-02 9.250129388036927303e-01 2.339058954516272237e+01
9.264563431646595237e-01 -9.373160776557252702e-04 -3.763608527567748330e-01 -6.597769326005844093e+00 -3.258730020575301839e-02 9.960423918166728674e-01 -8.270695635475855401e-02 -1.385987386923416942e+00 3.749485798243388790e-01 8.889214213010324106e-02 9.227595009500645373e-01 2.414229801579552515e+01
9.233836143013934850e-01 3.340873826878674319e-03 -3.839305579290407944e-01 -6.930917064633202784e+00 -3.601899448093799638e-02 9.963047935151856382e-01 -7.796590815660187079e-02 -1.454639186993115230e+00 3.822521714420468730e-01 8.581538578932332295e-02 9.200916248181563173e-01 2.489577854947287250e+01
9.194533702699738686e-01 4.356288720422757735e-03 -3.932101423797348394e-01 -7.276174600061503739e+00 -3.722876157610775089e-02 9.964109432569867586e-01 -7.604148268241374409e-02 -1.529114886982572585e+00 3.914677965630472545e-01 8.455619957807118670e-02 9.163157096663991918e-01 2.566289521499913562e+01
9.154617204338388881e-01 5.481842496593850901e-03 -4.023639099165360888e-01 -7.628598515474936725e+00 -3.913566985679710342e-02 9.963799828791671809e-01 -7.548869484163452104e-02 -1.604053959628880310e+00 4.004935215685670458e-01 8.485679343308970279e-02 9.123624435490241824e-01 2.643774343664876625e+01
9.122331142133111026e-01 5.240650675902646695e-03 -4.096061687303351739e-01 -7.986295258036819611e+00 -3.894573709752248425e-02 9.964988820593925212e-01 -7.396855781808775454e-02 -1.673226180535181351e+00 4.077844718889472864e-01 8.342838535945175382e-02 9.092434056056535319e-01 2.721202703152637170e+01
9.075591324977064778e-01 6.297218176350987892e-03 -4.199016622107535901e-01 -8.366448439635265188e+00 -4.012783673826888359e-02 9.966123421000225857e-01 -7.177082002127709026e-02 -1.743692578549779437e+00 4.180274804934863697e-01 8.198211754326020784e-02 9.047372859499092090e-01 2.800119156864025882e+01
9.040173054454796464e-01 6.731246484887362658e-03 -4.274919128721765826e-01 -8.748174667469424293e+00 -4.016142568616452163e-02 9.967911438049509298e-01 -6.925902539513123513e-02 -1.814718541247614336e+00 4.256543108332119796e-01 7.977950246575191140e-02 9.013868613422210130e-01 2.878480568384771132e+01
9.007161540689180290e-01 6.351375049215032473e-03 -4.343404183701634613e-01 -9.141328499113297923e+00 -3.840113346723770388e-02 9.971425861111059552e-01 -6.505636089097838193e-02 -1.884543429415663995e+00 4.326857008410560645e-01 7.528098829416443594e-02 8.983867751665032264e-01 2.958202009400537236e+01
8.972045836764555027e-01 8.356020995177057542e-03 -4.415377948863873914e-01 -9.554766966427386876e+00 -3.862984051832265425e-02 9.974734776008629122e-01 -5.960842415245723447e-02 -1.943327684044886094e+00 4.399241884815479620e-01 7.053591808834072663e-02 8.952605077915904985e-01 3.040203407381891765e+01
8.936130538649971200e-01 8.468802640197998013e-03 -4.488282004127327474e-01 -9.970842036501265326e+00 -3.708994719640151816e-02 9.977958813276552874e-01 -5.504816977863456751e-02 -2.010535683891492287e+00 4.473734803577986141e-01 6.583546300730545864e-02 8.919573873247429452e-01 3.119947450791072541e+01
8.897736272315254213e-01 8.232543214763798911e-03 -4.563771350037589269e-01 -1.040385550307585483e+01 -3.630615501109087789e-02 9.979454360636433874e-01 -5.279165322753468642e-02 -2.070850137363122290e+00 4.550048714446660036e-01 6.354246582059362713e-02 8.882447795736364560e-01 3.201955772984770476e+01
8.872088650808435117e-01 7.423678111052403779e-03 -4.613770076656214525e-01 -1.084458970724505988e+01 -3.507255889674791571e-02 9.980624583216883838e-01 -5.138421122847559863e-02 -2.128028285764389071e+00 4.601015514336300738e-01 6.176869345690771257e-02 8.857505195540114062e-01 3.285033429696468232e+01
8.839997988953766095e-01 8.086434049103466068e-03 -4.674271788657491378e-01 -1.129750891458272655e+01 -3.524097453808525127e-02 9.981580599304336054e-01 -4.937814285657245172e-02 -2.179735376303366223e+00 4.661669258944516336e-01 6.012252397248554064e-02 8.826567564238237962e-01 3.369106873441923966e+01
8.805065477581258682e-01 5.443950628504727780e-03 -4.740699657271051914e-01 -1.176264989538789152e+01 -3.228008704746575946e-02 9.983014103556826502e-01 -4.850194126652231097e-02 -2.238684422963750809e+00 4.730005861840573811e-01 5.801095653435497934e-02 8.791871109131389472e-01 3.453463248500884220e+01
8.784162183293431347e-01 5.208697010166973146e-03 -4.778775336457976586e-01 -1.223680456776570935e+01 -3.206675106907135031e-02 9.983294880161371898e-01 -4.806014146748524563e-02 -2.295626661302357263e+00 4.768291129338548262e-01 5.753847895642257709e-02 8.771158997755831299e-01 3.539500016237163038e+01
8.772727243707116873e-01 5.293952614718734455e-03 -4.798773088512957585e-01 -1.271910453843800504e+01 -3.202719336212510315e-02 9.983563518311880935e-01 -4.753574068920953660e-02 -2.350532684084014612e+00 4.788369889231118837e-01 5.707404968496499614e-02 8.760005743909042852e-01 3.625787301777683780e+01
8.751466203147508782e-01 4.977165923634956253e-03 -4.839423466873478685e-01 -1.321398758766655845e+01 -3.227449761485549212e-02 9.983206699989032318e-01 -4.811242385470312910e-02 -2.405900863326727812e+00 4.828905638819256385e-01 5.771964501974798101e-02 8.738377452774717113e-01 3.712998634063642101e+01
8.749645910440342345e-01 5.442481327838631991e-03 -4.840903182890562984e-01 -1.371497086273357802e+01 -3.226246465549879178e-02 9.983699955137329551e-01 -4.707503837026142529e-02 -2.462069302789376302e+00 4.830451834789237786e-01 5.680555891656339368e-02 8.737140298515350123e-01 3.801251293125309871e+01
8.747305079535738770e-01 5.698699052049495568e-03 -4.845710771488342394e-01 -1.422270443802538331e+01 -3.164917245757420394e-02 9.984677969044847279e-01 -4.539226152943121040e-02 -2.517006514914307935e+00 4.835699651382795450e-01 5.504365322952331496e-02 8.735708849765362327e-01 3.891693998814928790e+01
8.742140317336845046e-01 3.797265171988285781e-03 -4.855092594462480093e-01 -1.473851407825867454e+01 -2.947001836144522505e-02 9.985407621151725088e-01 -4.524660140548977805e-02 -2.582018326355216331e+00 4.846288240460175922e-01 5.386426016201078387e-02 8.730504100657855426e-01 3.981901256695890368e+01
8.739949637517507863e-01 1.908270475334920401e-03 -4.859005832387636170e-01 -1.525422430868502666e+01 -2.755690195197668668e-02 9.985776362622534874e-01 -4.564685426545958546e-02 -2.638071481254985251e+00 4.851222911445040031e-01 5.328719097502920832e-02 8.728045829465063132e-01 4.074178576177844491e+01
8.733431370004705041e-01 -4.170447786558132623e-04 -4.869978915357712768e-01 -1.578729604715578283e+01 -2.554685508112199133e-02 9.985841300298144985e-01 -4.666526227748460376e-02 -2.692186634219155383e+00 4.863275052779169050e-01 5.320176936319950117e-02 8.720961156334419151e-01 4.167468021383987775e+01
8.721899966354664802e-01 -7.139470646250273755e-04 -4.890615178926527862e-01 -1.631716120178974805e+01 -2.430224269069869783e-02 9.987007752717915743e-01 -4.479594352153120490e-02 -2.749516103635903264e+00 4.884580575024380367e-01 5.095934730560048448e-02 8.710396532598257968e-01 4.260813827737823800e+01
8.702234207138753730e-01 2.589533362834140102e-04 -4.926221634473017530e-01 -1.685941828172952128e+01 -2.345386320840217934e-02 9.988878124725234509e-01 -4.089664732833826061e-02 -2.808506085299482535e+00 4.920636268348655418e-01 4.714325342172664274e-02 8.692616291526211736e-01 4.354072120168319771e+01
8.668837660166821557e-01 -3.249810758670275152e-04 -4.985614413018668589e-01 -1.739444992616844843e+01 -2.029787821245530172e-02 9.991474332647243273e-01 -3.593751782672110345e-02 -2.872543392744195678e+00 4.981481506942047610e-01 4.127146306101991263e-02 8.661381308386805200e-01 4.446976602016683700e+01
8.639897392219823002e-01 -1.451571315414583582e-03 -5.035324551911195545e-01 -1.793945988361474875e+01 -1.841550892236088963e-02 9.992356483572643056e-01 -3.447939283772390173e-02 -2.925313189400971847e+00 5.031975968480177919e-01 3.906359646226993665e-02 8.633027801453629912e-01 4.539251860839640074e+01
8.583379008050433523e-01 -4.671361830225209504e-03 -5.129546454763835861e-01 -1.850016263314053333e+01 -1.630414430564830486e-02 9.992053199309950395e-01 -3.637737302809494061e-02 -2.980409538253631307e+00 5.127167999414429245e-01 3.958864299310969892e-02 8.575796578154449845e-01 4.630961182834128920e+01
8.533528823166435240e-01 -7.114215419371573181e-03 -5.212912472985500312e-01 -1.905827891048435774e+01 -1.544138114067887362e-02 9.991232858931246019e-01 -3.891440809585508531e-02 -3.041914285018617381e+00 5.211111272370753111e-01 4.125614187357930229e-02 8.524949664528603810e-01 4.721804932132165789e+01
8.465363279775195426e-01 -6.618222104541435398e-03 -5.323288944790001143e-01 -1.964386588390259192e+01 -1.601166839439284797e-02 9.991537067445811493e-01 -3.789268415008643920e-02 -3.092720113310298391e+00 5.321292439105227423e-01 4.060061358033455886e-02 8.457139503013980653e-01 4.812333277738757431e+01
8.415102104227474289e-01 -3.785169060283447625e-03 -5.403125654789683319e-01 -2.024141207880543902e+01 -1.653549532340026565e-02 9.993265109909641453e-01 -3.275967289625749540e-02 -3.139342647334458558e+00 5.400727672233135435e-01 3.650054303235513581e-02 8.408807935780487908e-01 4.902777232955357789e+01
8.365339732732077760e-01 -6.967738285289634594e-04 -5.478332342165409541e-01 -2.084346157464321436e+01 -1.786015159167164343e-02 9.994330709324737994e-01 -2.853247443595452806e-02 -3.193372782991811043e+00 5.475424992620101516e-01 3.365320245515524000e-02 8.360472518491588456e-01 4.992174843412585261e+01
8.323060744428930624e-01 -3.631266694710237218e-04 -5.543450326478249757e-01 -2.145262429865755038e+01 -1.973267876279111155e-02 9.993466987751435937e-01 -3.028378849850534016e-02 -3.240800401682369269e+00 5.539939878087217773e-01 3.614016267151309858e-02 8.317549697591058999e-01 5.081438105172173181e+01
8.294487594182650136e-01 -2.051333060406232336e-03 -5.585418368812599121e-01 -2.206395745815080645e+01 -2.067742265329032547e-02 9.991950298514731266e-01 -3.437610910629660538e-02 -3.290035592806021647e+00 5.581626892332246515e-01 4.006460975727099694e-02 8.287388181902841655e-01 5.169970991759127799e+01
8.266971949041979073e-01 -3.368644882219680621e-03 -5.626080578003552768e-01 -2.267382545053554210e+01 -2.322998714008542645e-02 9.989250666924057720e-01 -4.010907428435923211e-02 -3.349111109614102411e+00 5.621383428165512841e-01 4.622804126201002228e-02 8.257304419747161228e-01 5.258319403738061482e+01
8.227904094899634035e-01 -4.489828370917946058e-03 -5.682678045261539967e-01 -2.329393006486090201e+01 -2.352850649812295372e-02 9.988423992700722343e-01 -4.195700219147578680e-02 -3.402451932823823633e+00 5.677982930219596103e-01 4.789556908720309786e-02 8.217324551788682818e-01 5.345651465868986918e+01
8.203336279924094976e-01 -3.292300091960381758e-03 -5.719576169121571851e-01 -2.391888892528001875e+01 -2.234822830195290835e-02 9.990349440910896162e-01 -3.780725561965076614e-02 -3.461687612334882314e+00 5.715302161188884345e-01 4.379618032143207940e-02 8.194684673871737157e-01 5.433553548686693802e+01
8.163815703042190952e-01 -7.094801909515687562e-04 -5.774598059687477969e-01 -2.455872213030439966e+01 -2.191672266679913980e-02 9.992407194956717253e-01 -3.220836265334857396e-02 -3.513778773527926891e+00 5.770442706971697922e-01 3.895305731122346987e-02 8.157462280757807882e-01 5.522087581516308319e+01
8.137222110869697378e-01 4.417174718150310543e-04 -5.812416134914063504e-01 -2.519800785874112137e+01 -2.170151360846847219e-02 9.993256255741624905e-01 -2.963359220084123280e-02 -3.559283952828355968e+00 5.808365601145588641e-01 3.672744134478569955e-02 8.131829992534800322e-01 5.610097699357168466e+01
8.113098293639101621e-01 2.284575984961660904e-03 -5.847494036663006822e-01 -2.583667746872580295e+01 -2.391613355311181938e-02 9.992849194727434492e-01 -2.929646962553206224e-02 -3.610242640572329798e+00 5.842645282270425566e-01 3.775191661588803843e-02 8.107843285978864056e-01 5.696913306469571125e+01
8.075429565479835814e-01 7.179181655503068683e-04 -5.898765986430792863e-01 -2.649309572644061106e+01 -2.377315940250516665e-02 9.992261641396547045e-01 -3.132208366094126756e-02 -3.659296382406645343e+00 5.893977041713950316e-01 3.931395967849173750e-02 8.069351434763327724e-01 5.783927963796185168e+01
8.032863929356668375e-01 -1.546371378914213968e-03 -5.954272848426063192e-01 -2.714618895999932846e+01 -2.299971495807060645e-02 9.991701688397973680e-01 -3.361793728088265099e-02 -3.712094352271324560e+00 5.949851599686020176e-01 4.070229278162232345e-02 8.025843460843383737e-01 5.870410386681461290e+01
8.002191046897009219e-01 -2.855027896245491449e-03 -5.997071796371694630e-01 -2.780193589487965511e+01 -2.196220735186162065e-02 9.991782852458829245e-01 -3.406306628312490148e-02 -3.760851777723234868e+00 5.993116288364103150e-01 4.043067155032589038e-02 7.994989943036131530e-01 5.957338968971790649e+01
7.944871809983359290e-01 -3.119276414101265250e-03 -6.074282289124389722e-01 -2.847868136813002593e+01 -2.108505205347266376e-02 9.992421919724794321e-01 -3.272219121941866843e-02 -3.811041546644420741e+00 6.070702345293915725e-01 3.880050780883337325e-02 7.938193001821084449e-01 6.044094314333457163e+01
7.911959542634828813e-01 -2.943918361018716019e-03 -6.115036568386728044e-01 -2.915416549884051278e+01 -2.071679870014988059e-02 9.992853720093924919e-01 -3.161370775166798958e-02 -3.862381397786041948e+00 6.111596459111180435e-01 3.768442171689968118e-02 7.905697253437935501e-01 6.130468271201613817e+01
7.848408668804821575e-01 -4.556902563641183901e-03 -6.196036219423515234e-01 -2.984199932285875434e+01 -2.027925994170377139e-02 9.992484981285383316e-01 -3.304562174771677463e-02 -3.916371194117344245e+00 6.192884192562476686e-01 3.850638621628141994e-02 7.841588473284736294e-01 6.215675369567138375e+01
7.803379979946197809e-01 -4.752031386641188994e-03 -6.252577210867272806e-01 -3.054085155547090835e+01 -2.043757609200662004e-02 9.992431038301938795e-01 -3.309783346820870109e-02 -3.967975017032872032e+00 6.249418409084706028e-01 3.860668572927117986e-02 7.796503582696384660e-01 6.300962970799506024e+01
7.751352658276522423e-01 -6.060758544978697010e-03 -6.317083190854914099e-01 -3.123845238505208854e+01 -1.979144088965573492e-02 9.992302626603769555e-01 -3.386914052134601394e-02 -4.017994369290474488e+00 6.314274592308175560e-01 3.875498351374516426e-02 7.744187274934163367e-01 6.386179818633936378e+01
7.697005841564354967e-01 -7.782379343133234359e-03 -6.383546806869760948e-01 -3.195851724946842509e+01 -1.894565786686716602e-02 9.992067174613660230e-01 -3.502879657453214501e-02 -4.071861519211434022e+00 6.381208747316802210e-01 3.905986345022455924e-02 7.689427206981775953e-01 6.471261114240029144e+01
7.638721501640653999e-01 -9.399798999108576261e-03 -6.451915380555871549e-01 -3.267744498152381993e+01 -1.799295333873848768e-02 9.991949594823335001e-01 -3.584963690327927499e-02 -4.129035415000638309e+00 6.450093101168845600e-01 3.899361913083959630e-02 7.630882429460695837e-01 6.556227485222281359e+01
7.581383587031579330e-01 -1.061725668350629696e-02 -6.521202290649070754e-01 -3.341768010576522130e+01 -1.711088878526247428e-02 9.991991976691100286e-01 -3.616330503608610608e-02 -4.181048038442438219e+00 6.519819935056663240e-01 3.857674177982471642e-02 7.573498625654153660e-01 6.640291137212773265e+01
7.506331174884599555e-01 -1.055107929813630697e-02 -6.606108973846622767e-01 -3.416778767746554024e+01 -1.618494599868871078e-02 9.992788570123403158e-01 -3.435531608417687066e-02 -4.237027931761675248e+00 6.604972982405378223e-01 3.647732885579874768e-02 7.499210728891840816e-01 6.724233105797966914e+01
7.463108699040938987e-01 -1.150499335785665558e-02 -6.655742825903538940e-01 -3.491686551781039327e+01 -1.457718229510792350e-02 9.993282191875456633e-01 -3.362062889876418770e-02 -4.291468447853984181e+00 6.655140383625618439e-01 3.479209438613947714e-02 7.456417646566821933e-01 6.807281844939127780e+01
7.391320987424000455e-01 -1.313208613295363363e-02 -6.735040792736782800e-01 -3.568323208541166025e+01 -1.375204947960375484e-02 9.993072612952094147e-01 -3.457655318249937965e-02 -4.344335265695768555e+00 6.734917611895404610e-01 3.481749673558268837e-02 7.384394618122137599e-01 6.891148641779577133e+01
7.325661401305363363e-01 -1.466033797319038143e-02 -6.805333460738357543e-01 -3.646725727152293217e+01 -1.320782858465426209e-02 9.992735863504986771e-01 -3.574081140403987528e-02 -4.404456670427444820e+00 6.805632209755594353e-01 3.516873134616489704e-02 7.318403620390152575e-01 6.973198452319557816e+01
7.273674802761795899e-01 -1.421555924928302045e-02 -6.860758311633070594e-01 -3.725718552795167682e+01 -1.419621003648093363e-02 9.992596888552861545e-01 -3.576398829210002822e-02 -4.458550651593870207e+00 6.860762334196104373e-01 3.575909043766058171e-02 7.266272325523419617e-01 7.055542155505803237e+01
7.214012449093001322e-01 -1.427260265746928443e-02 -6.924568567416914400e-01 -3.806571337735638139e+01 -1.373884034503332872e-02 9.992957883466117019e-01 -3.490713321321465418e-02 -4.509830749310818732e+00 6.924676477735497437e-01 3.469191757688434852e-02 7.206971766058436479e-01 7.137189207719124795e+01
7.170171042373770787e-01 -1.398089815096171737e-02 -6.969372688021140405e-01 -3.886628967346127439e+01 -1.477744413830292709e-02 9.992691839423369915e-01 -3.524742568927340808e-02 -4.568247458757197954e+00 6.969208262229071860e-01 3.557306887787443223e-02 7.162864938599283748e-01 7.218164930633076892e+01
7.113063899176099714e-01 -1.413015849292134293e-02 -7.027029666244130057e-01 -3.969405672335543755e+01 -1.495160497540876446e-02 9.992674509195705879e-01 -3.523305539876874642e-02 -4.623087323879571997e+00 7.026862370147550774e-01 3.556726482449116405e-02 7.105741017058494480e-01 7.299991910779107229e+01
7.060695193024527638e-01 -1.652893139336071224e-02 -7.080812558909194143e-01 -4.052408205627627780e+01 -1.550788679114019179e-02 9.991269909212227018e-01 -3.879043569152613308e-02 -4.683600752306429804e+00 7.081044849984078349e-01 3.836588693824488638e-02 7.051969066578860357e-01 7.381383310135724685e+01
7.024893973323734775e-01 -1.818310724887662461e-02 -7.113952213526341106e-01 -4.134759965403698345e+01 -1.533542319570490101e-02 9.990547066188942837e-01 -4.067452263264378226e-02 -4.742816323724286853e+00 7.114622743163585561e-01 3.948731499971155218e-02 7.015465518524127697e-01 7.462137026826152919e+01
6.975786582922444135e-01 -1.814878687364452139e-02 -7.163516886479432966e-01 -4.219573485751045183e+01 -1.637709417441551157e-02 9.990142133208478326e-01 -4.127036106535857118e-02 -4.803250938495911448e+00 7.163945018336616011e-01 4.052376073721936089e-02 6.965937572054200499e-01 7.542988299718194867e+01
6.912934589519668105e-01 -1.892798029453004321e-02 -7.223513438964231925e-01 -4.305271304614048944e+01 -1.494260041966057398e-02 9.990685719742576909e-01 -4.048121594084227309e-02 -4.864342744266154206e+00 7.224448393784983491e-01 3.877944779217547960e-02 6.903667502970728398e-01 7.623555110273682089e+01
6.884196161318871798e-01 -1.892800557083328117e-02 -7.251553972031622441e-01 -4.391285188434583375e+01 -1.365432990611572910e-02 9.991441194518276836e-01 -3.904512575132468299e-02 -4.928369533795556201e+00 7.252737528285096991e-01 3.678338374973213337e-02 6.875718649831492613e-01 7.704425639129487990e+01
6.818525355044597891e-01 -1.910795817067053801e-02 -7.311893136067736387e-01 -4.478638108191443479e+01 -1.342146549930218861e-02 9.991636298549909645e-01 -3.862876911337639191e-02 -4.988327095151514179e+00 7.313162250201848957e-01 3.614971650257981645e-02 6.810259636803139838e-01 7.784450563282403834e+01
6.793137404573700300e-01 -1.990299537342983885e-02 -7.335848731902778752e-01 -4.565811860932857513e+01 -1.264820081227125553e-02 9.991661285925530489e-01 -3.880981566569399743e-02 -5.049702073051509643e+00 7.337460601202304700e-01 3.563830465741365389e-02 6.784954479514198056e-01 7.864510431948170321e+01
6.724396955223375105e-01 -2.100721857039677606e-02 -7.398356426247063578e-01 -4.654658397297368566e+01 -1.109158734001198382e-02 9.991988585291072811e-01 -3.845212601568846755e-02 -5.113909315381096832e+00 7.400507912189524529e-01 3.406173856439880659e-02 6.716681066007162970e-01 7.943927717265641775e+01
6.698613610773599403e-01 -2.192077303109594630e-02 -7.420507796782764842e-01 -4.744459722400952728e+01 -9.450195762846738678e-03 9.992313781230326430e-01 -3.804504041144694815e-02 -5.170817357138766113e+00 7.423143772731182199e-01 3.249705909041998575e-02 6.691393012048808542e-01 8.023611488824583660e+01
6.662510680856720269e-01 -2.467429695110647664e-02 -7.453650056115156408e-01 -4.834388094197809238e+01 -6.820434596904166938e-03 9.992089599806857070e-01 -3.917203407241595658e-02 -5.231542728096110650e+00 7.457423590237631794e-01 3.117521585955167207e-02 6.655557972052488225e-01 8.103504234392985950e+01
6.617823726782207094e-01 -2.889054356692310338e-02 -7.491631242285241576e-01 -4.924883148535067079e+01 -3.748188402216448903e-03 9.991172681603168737e-01 -4.183837395745654969e-02 -5.296736829587953110e+00 7.497106830171837988e-01 3.049544000665435628e-02 6.610898358422183652e-01 8.182856205468128508e+01
6.572385125790736193e-01 -3.410230187047999517e-02 -7.529652129124811966e-01 -5.015921242061553187e+01 1.066918056513715615e-03 9.990169949602500932e-01 -4.431332925503575493e-02 -5.359864615370379504e+00 7.537362716426413423e-01 2.832300910101965066e-02 6.566286443962537911e-01 8.262222123533327078e+01
6.516512547637481889e-01 -3.774740850849803847e-02 -7.575861234109880771e-01 -5.107860642525115225e+01 7.034314959870844979e-03 9.990187099183945874e-01 -4.374312785748094012e-02 -5.428628808897112634e+00 7.584934075613667392e-01 2.318075033966731854e-02 6.512773905882430769e-01 8.341897127144805779e+01
6.416712470358520992e-01 -4.174602041705997857e-02 -7.657920731050061880e-01 -5.200437376864012862e+01 1.222604021679449433e-02 9.989478122148867101e-01 -4.420753421476045220e-02 -5.502696909262895453e+00 7.668312488499400281e-01 1.901171428745329281e-02 6.415059965392088115e-01 8.419329535463249670e+01
6.333165117287554713e-01 -4.275581551749072645e-02 -7.727914452537550938e-01 -5.294755132241114381e+01 1.536932793652522750e-02 9.989705369005196234e-01 -4.267411604100052741e-02 -5.572069734368630733e+00 7.738209656755182797e-01 1.514653751489686805e-02 6.333217985119908855e-01 8.497133191470388169e+01
6.245091889311843447e-01 -4.220075817300388693e-02 -7.798351825146653260e-01 -5.391887523999369591e+01 1.677902838316076492e-02 9.990338309406991968e-01 -4.062846426499568814e-02 -5.634498677699700586e+00 7.807957582668135776e-01 1.229327157522735851e-02 6.246135276745031772e-01 8.573680761914572201e+01
6.153995834582020041e-01 -4.197852325651929561e-02 -7.870329320600848444e-01 -5.489740013854930822e+01 1.673877664787358846e-02 9.990518823278103921e-01 -4.018690689467097760e-02 -5.705281153452878229e+00 7.879737258493293428e-01 1.155781683423301454e-02 6.155183933372178062e-01 8.649150420568679465e+01
6.072629608897768261e-01 -4.216667328375380691e-02 -7.934323747862329634e-01 -5.587924821546891962e+01 1.526767136528143359e-02 9.990254908759024222e-01 -4.140258641267643980e-02 -5.765935485783384884e+00 7.944055072911747617e-01 1.302247189689266678e-02 6.073151043904795321e-01 8.724012725856195516e+01
5.962957623366901272e-01 -4.545638283823927317e-02 -8.014986941156641009e-01 -5.688122109187474251e+01 1.673391512099200659e-02 9.988822765167711948e-01 -4.419571757583310584e-02 -5.835995174466659385e+00 8.026124918070525194e-01 1.293383799227881999e-02 5.963901569663935254e-01 8.796981964815691413e+01
5.868384104725039574e-01 -4.606418416621230194e-02 -8.083672537900109534e-01 -5.789010688397033277e+01 1.610127879843839885e-02 9.988473969744458003e-01 -4.521733024668256329e-02 -5.901073553153297624e+00 8.095180609458322296e-01 1.352760183608074651e-02 5.869027793603014409e-01 8.869101711764992046e+01
5.781032056305506206e-01 -4.700791021810186987e-02 -8.146585666247425639e-01 -5.891254503224850225e+01 1.893436905100832207e-02 9.988427395932474306e-01 -4.420811786341830030e-02 -5.971222811889782101e+00 8.157945306501812599e-01 1.012212478587731258e-02 5.783249292764767180e-01 8.941508878769123214e+01
5.663628398545960119e-01 -4.726113273280832527e-02 -8.228298129682545259e-01 -5.994334901652657521e+01 2.132655254234483433e-02 9.988604900072632908e-01 -4.269841541842814975e-02 -6.038993011738891248e+00 8.239100255557025854e-01 6.637034223196366760e-03 5.667254392307008448e-01 9.012667922218555816e+01
5.558585230248972442e-01 -4.794932967293887710e-02 -8.299548450217077988e-01 -6.099016381802316289e+01 2.199179498706016131e-02 9.988342640342110501e-01 -4.298077677729771062e-02 -6.108704938958892328e+00 8.310476971135052349e-01 5.651624444053913489e-03 5.562644182364546719e-01 9.081974625671367107e+01
5.469140435370439812e-01 -4.782886141936841529e-02 -8.358742452496259467e-01 -6.205038644723214958e+01 2.044939693105040160e-02 9.988316443563484137e-01 -4.377029513147841916e-02 -6.177400504076183907e+00 8.369921462243135046e-01 6.833828218939522886e-03 5.472537108149512219e-01 9.149707519750917584e+01
5.348011858101959781e-01 -4.826618813737367647e-02 -8.436391967851495366e-01 -6.311518124059631418e+01 1.969638391882878523e-02 9.988080365664244731e-01 -4.466050554840102910e-02 -6.248090393657564690e+00 8.447893219878490623e-01 7.267891628982607599e-03 5.351143966076021830e-01 9.216084173976436489e+01
5.267992163446018061e-01 -4.915923189503549479e-02 -8.486822034703698225e-01 -6.419645214675777822e+01 1.903338569656630452e-02 9.987585328677534013e-01 -4.603252174060393914e-02 -6.321783271002180626e+00 8.498916261694023921e-01 8.104415892230480700e-03 5.270801258677535461e-01 9.283375798524511424e+01
