1.000000000000000000e+00 -3.306050084167601550e-19 -2.270457535318767223e-19 -8.673617379884035472e-19 7.546676715296109287e-19 1.000000000000000000e+00 6.237773588823049983e-19 1.387778780781445676e-17 -3.447385680526250622e-20 4.770700176052009879e-20 1.000000000000000222e+00 5.551115123125782702e-17
9.973980608690395933e-01 2.734734667056232249e-03 7.204226788648301905e-02 -5.297499412838910238e-02 -2.598353498773346270e-03 9.999946488113456988e-01 -1.986712243660161779e-03 2.017753117781476146e-03 -7.204731831776324535e-02 1.794391307558970477e-03 9.973998113195235993e-01 1.871513072753737961e-01
9.993340716552874259e-01 3.981308924136043106e-03 3.625843114415758239e-02 3.704160430414929484e-02 -3.957269984007173724e-03 9.999918719930059874e-01 -7.344985250834228010e-04 9.237533335421904690e-03 -3.626106445193313932e-02 5.904286079792491317e-04 9.993417733316872775e-01 2.540356248182167320e-01
9.980003235330959788e-01 5.007491438700863162e-03 6.301149862123779644e-02 7.382889060935655945e-02 -5.107601639315576848e-03 9.999859223074831771e-01 1.427738480462484695e-03 -1.022668263037931902e-02 -6.300346860118170855e-02 -1.746767452344770996e-03 9.980118983092013396e-01 3.938410391653017206e-01
9.952788884147256709e-01 5.205198329535691559e-03 9.689811484613480852e-02 1.321825089682239773e-01 -5.540591600925002559e-03 9.999795275840114295e-01 3.192707085714802367e-03 6.940253664048531834e-03 -9.687952513978778657e-02 -3.714699438362363462e-03 9.952873932702145376e-01 5.821548136370668924e-01
9.908277612703351167e-01 7.219658872208746525e-04 1.351342154310813393e-01 2.068231008144174043e-01 -1.509937055944939911e-03 9.999824290440378904e-01 5.727445623758691678e-03 1.517474461543599773e-03 -1.351277307458487453e-01 -5.878938917920377948e-03 9.908114327248728204e-01 7.760760731416626035e-01
9.848819284427415832e-01 -8.290575039998669205e-04 1.732205995449347391e-01 2.854462769846018988e-01 -2.502717144149967142e-04 9.999806973034698343e-01 6.208814267219964905e-03 4.891159374816461680e-04 -1.732224191876615971e-01 -6.158286910800227568e-03 9.848626850562485213e-01 9.700508042683950727e-01
9.761789770447115711e-01 -1.947331476166604038e-03 2.170078825045804738e-01 3.632437069275330499e-01 2.380537836874509314e-04 9.999687123836645819e-01 7.904331692795597483e-03 -3.420745326241300677e-03 -2.170165036752776666e-01 -7.664470756034690198e-03 9.761489252185355792e-01 1.183100423746124452e+00
9.642077667342324743e-01 -2.023384511155898458e-03 2.651824726575947033e-01 4.658678111050574278e-01 -8.666556868209206958e-04 9.999414621414468574e-01 1.078245952428797880e-02 9.854966613237370332e-03 -2.651887813939236005e-01 -1.062634263298009758e-02 9.641496021103439507e-01 1.410946596024091448e+00
9.498585221726825178e-01 -5.781374432901665618e-03 3.127283923126800702e-01 5.903574784090881433e-01 3.706887350720981193e-04 9.998491447640867058e-01 1.736075570795773959e-02 8.765162363670309098e-03 -3.127816220851316054e-01 -1.637448856060093674e-02 9.497173628178697813e-01 1.626121940339151362e+00
9.326072537512256622e-01 -1.573217868753788717e-02 3.606046740961813546e-01 7.308027303996078583e-01 7.211554623317872371e-03 9.996622897211803194e-01 2.496750358813838028e-02 3.366133357645809121e-03 -3.608757003440056232e-01 -2.068527961380286009e-02 9.324057399596009654e-01 1.844222933557573718e+00
9.117578295701850299e-01 -2.112019081840700932e-02 4.102618247997673606e-01 8.805636275857531281e-01 9.696606936992174797e-03 9.995055505032954812e-01 2.991302258785407883e-02 -5.840963814185973213e-04 -4.106907634879163327e-01 -2.329588857104393854e-02 9.115118050347044143e-01 2.082759710486190130e+00
8.870607891289004066e-01 -2.273015575244093436e-02 4.611458506008770386e-01 1.068799947979333087e+00 7.827050408273514281e-03 9.993840957454211971e-01 3.420887134719459433e-02 6.031369086463900242e-03 -4.616394339571509575e-01 -2.673664525823834029e-02 8.866923269253002005e-01 2.320547570446472196e+00
8.581512983234985681e-01 -2.463428996830003409e-02 5.128884411730189052e-01 1.256571592990430641e+00 5.951102900003467366e-03 9.992583495412501460e-01 3.803940003799914649e-02 2.652794976718816922e-02 -5.134453160943500682e-01 -2.959206493070692598e-02 8.576613746457801835e-01 2.539356724015738642e+00
8.263385176212486583e-01 -3.006765091457458405e-02 5.625068155312908935e-01 1.482530831487703704e+00 7.236606251648864535e-03 9.990583191521239526e-01 4.277533922027832586e-02 3.207374160491720250e-02 -5.632634147911935729e-01 -3.127877447152944274e-02 8.257777085147135487e-01 2.765705227658362464e+00
7.905219209489758869e-01 -3.587356833193764555e-02 6.113853037339843643e-01 1.718965632099409113e+00 9.283359233583202835e-03 9.988700952652379561e-01 4.661162688827107797e-02 3.863752520033005011e-02 -6.123667806537886893e-01 -3.116970882075172436e-02 7.899619123517653829e-01 2.981992783108225353e+00
7.525850943786441816e-01 -4.041754295289656795e-02 6.572664968727958135e-01 1.981725263844255291e+00 1.041080092237019195e-02 9.987199424606192366e-01 4.950212017877039794e-02 4.842170379065632163e-02 -6.584260295127662976e-01 -3.040962598439784018e-02 7.520427772438361691e-01 3.201864189916090009e+00
7.132024997928178012e-01 -4.329826514716672570e-02 6.995457437294942959e-01 2.267711688865451158e+00 1.138953964384194044e-02 9.986744231860875676e-01 5.020800060975936369e-02 6.128484759609170024e-02 -7.007918813683868819e-01 -2.784201760947572699e-02 7.127503214935986264e-01 3.426257870089242985e+00
6.711529077392881515e-01 -4.609458772512480679e-02 7.398568836718738551e-01 2.574313767221163562e+00 1.091792418735167310e-02 9.985714080673282478e-01 5.231052368026722216e-02 7.587705077400755393e-02 -7.412109640788286935e-01 -2.703235589630115926e-02 6.706973608291260103e-01 3.633910235514071552e+00
6.288634009031760508e-01 -4.564234553836814257e-02 7.761586020379203088e-01 2.911390761343390476e+00 6.157488600023624560e-03 9.985365904467820020e-01 5.372968442662526961e-02 1.034331714450062306e-01 -7.774750648730541780e-01 -2.901054263915465656e-02 6.282241241171135915e-01 3.854931934326045972e+00
5.868811921966018419e-01 -4.628772951024377053e-02 8.083608167726030747e-01 3.251592863918897791e+00 3.263284148283412435e-03 9.984917691612550383e-01 5.481099332197606616e-02 1.193493424385844992e-01 -8.096782601646617117e-01 -2.953541718199860500e-02 5.861469141685714535e-01 4.061008633630646791e+00
5.463797767134925820e-01 -4.788538866398651256e-02 8.361117658564342081e-01 3.630052468115538833e+00 1.892764987968410112e-03 9.984322425648493038e-01 5.594023192971261244e-02 1.372683236504108617e-01 -8.374797598742592664e-01 -2.897997012647338111e-02 5.456139488918243519e-01 4.270595902633107954e+00
5.083569519383955848e-01 -5.018424266297466518e-02 8.596662465085345151e-01 4.054147482564104621e+00 -8.158587754004937393e-05 9.982976621180023047e-01 5.833264636922770585e-02 1.509262315878593663e-01 -8.611299166479493561e-01 -2.972686762840690347e-02 5.074875415908800536e-01 4.484508534768741228e+00
4.698857407923150986e-01 -4.981919228133935978e-02 8.813623220663825419e-01 4.478376546887338883e+00 -2.896867713617670183e-03 9.983139040367963180e-01 5.797420621586973216e-02 1.713980535592488086e-01 -8.827642693649701000e-01 -2.979988494639756319e-02 4.689488665806482715e-01 4.692290023022961165e+00
4.333752517340174748e-01 -4.912211195003514386e-02 8.996912771326518454e-01 4.944975842323787063e+00 -3.982197927292691238e-03 9.983994087194698608e-01 5.642320471047328201e-02 1.976318371301795107e-01 -9.010220149330180339e-01 -2.804389867268105088e-02 4.324858342555278345e-01 4.859286710524123976e+00
3.999504789613440581e-01 -4.819115229253142368e-02 9.153483945474156780e-01 5.440499749026495024e+00 -2.802806779956603777e-03 9.985472606514500526e-01 5.380089210367088037e-02 2.191819511217897865e-01 -9.166127844772634647e-01 -2.406533491204497846e-02 3.992350606324911455e-01 5.076388553755054822e+00
3.710096711290796767e-01 -4.712552121493698842e-02 9.275814428262789679e-01 5.954327189714365254e+00 -1.076789824555005336e-04 9.987090929908409853e-01 5.080149664505485829e-02 2.443510323015444796e-01 -9.287782239575916865e-01 -1.895007612740709155e-02 3.705258032743360963e-01 5.240844803730693613e+00
3.441938106061079861e-01 -4.521073457998305012e-02 9.377304535746753267e-01 6.510216754861662736e+00 1.217285358416129808e-04 9.988423325734375746e-01 4.811242491934840382e-02 2.712707420159824467e-01 -9.388195049430521077e-01 -1.645784983494885320e-02 3.438004571241045082e-01 5.435535199859617528e+00
3.253160541090180380e-01 -4.409823996673817997e-02 9.445174247925994804e-01 7.092087967902787504e+00 1.460186127598667128e-03 9.989341456911019490e-01 4.613727278293854039e-02 2.979504175217556616e-01 -9.455454212031184635e-01 -1.363012786690653844e-02 3.250338351673026649e-01 5.616979964060127450e+00
3.100449860861542173e-01 -4.522433580816732218e-02 9.495608944179761979e-01 7.681761951700536883e+00 2.591451550718781600e-03 9.989047132719511835e-01 4.671044711502706642e-02 3.241724036104577378e-01 -9.506333007950793501e-01 -1.202483646991441002e-02 3.098221815069918672e-01 5.801002526431497053e+00
2.980609353066990264e-01 -4.748294839972356379e-02 9.534586832569601489e-01 8.307680690647334387e+00 3.570311359192046390e-03 9.988107878998359057e-01 4.862602399338979142e-02 3.468178087822106903e-01 -9.546336383322922003e-01 -1.109777683712087105e-02 2.978756115121694581e-01 5.995634873733764358e+00
2.872046162518935297e-01 -4.772359556776300388e-02 9.566803770166448784e-01 8.960297176998141211e+00 2.438919183022010204e-03 9.987911826949784633e-01 4.910942348059574997e-02 3.720994663718857898e-01 -9.578673033404159209e-01 -1.177890974430281790e-02 2.869739655241823062e-01 6.184590259259015177e+00
2.767702824508178616e-01 -5.007217831803188746e-02 9.596071317619241370e-01 9.632885925189016874e+00 8.290054935879046611e-04 9.986530040543075692e-01 5.188167652705231309e-02 4.094124022370508875e-01 -9.609130568213236634e-01 -1.355273851813345969e-02 2.764395791812911951e-01 6.378948843491210496e+00
2.657205134136317870e-01 -5.172761425121913392e-02 9.626745186663246967e-01 1.033554497295306795e+01 2.688804531967057361e-04 9.985629534042704814e-01 5.359098874694799564e-02 4.408511518124993978e-01 -9.640638993944921076e-01 -1.397394112435902322e-02 2.653530354480280740e-01 6.578979048697620513e+00
2.556918688788414884e-01 -5.393148371233653926e-02 9.651882364050318186e-01 1.105325948357143062e+01 -1.226536189528373757e-03 9.984238772965358111e-01 5.610117045801968350e-02 4.714196603478669201e-01 -9.666929686228621366e-01 -1.552824061104899310e-02 2.552225433239057040e-01 6.765108506367608854e+00
2.450511658110713920e-01 -5.536411298180768381e-02 9.679140284854141907e-01 1.180384874619693925e+01 -1.927068029349976322e-03 9.983390642427412143e-01 5.756937191594371089e-02 5.069693888995926434e-01 -9.694934374926013065e-01 -1.598096419753965158e-02 2.445366256295143648e-01 6.955866572959680028e+00
2.337738579560768581e-01 -5.668532587171316167e-02 9.706549486399549398e-01 1.257296314908309753e+01 -2.102267219614632580e-03 9.982681414203670167e-01 5.878815775351890760e-02 5.365774747436873326e-01 -9.723055632744660448e-01 -1.579692992782739600e-02 2.332488748663388567e-01 7.142682431616953487e+00
2.241807872412178437e-01 -5.907387038452279610e-02 9.727236136498972341e-01 1.335065557792893820e+01 -3.200211792920511483e-03 9.981120040280152539e-01 6.132613524190172472e-02 5.746681930875641164e-01 -9.745095341804320688e-01 -1.686761169644858394e-02 2.235675350208977397e-01 7.319638137268778877e+00
2.126836564944900032e-01 -6.355292190313692469e-02 9.750339058638385348e-01 1.413222752296449514e+01 -4.710647921175135401e-03 9.978054924449609731e-01 6.603692804053619414e-02 6.195647172555557303e-01 -9.770899975351307054e-01 -1.865421231169622079e-02 2.119161982885994222e-01 7.492632417933206668e+00
2.005548617149950641e-01 -6.708661902071907934e-02 9.774672932992499730e-01 1.494268465899131115e+01 -6.077218987636744639e-03 9.975475826739105267e-01 6.972249741211870855e-02 6.584480861681546449e-01 -9.797493503969805229e-01 -1.990331876779902892e-02 1.996561289047805166e-01 7.657788519519699300e+00
1.883691918416400823e-01 -6.939560833719916888e-02 9.796115226585916380e-01 1.574985149726785849e+01 -7.080524496908536386e-03 9.973784584029597999e-01 7.204056404795930457e-02 6.965971139393557499e-01 -9.820412051857110303e-01 -2.052449689185567930e-02 1.873840868683992467e-01 7.814679531475017704e+00
1.730669900754046309e-01 -6.900470823394846964e-02 9.825161096522126991e-01 1.656493467823936783e+01 -7.193511800487861416e-03 9.974266803393027070e-01 7.130994541434133860e-02 7.364138954332347664e-01 -9.849114815733278627e-01 -1.937234917385862940e-02 1.721262553226738101e-01 7.964506094285481730e+00
1.594976080233298232e-01 -6.873139034476070941e-02 9.847781907066003315e-01 1.737830655292490079e+01 -8.832762241862329722e-03 9.974343684025607226e-01 7.104331706776273458e-02 7.835849468801217022e-01 -9.871339960216343190e-01 -2.003605116275795212e-02 1.584809919712500959e-01 8.096718244033622724e+00
1.426921522075878523e-01 -6.719049342473441822e-02 9.874713311837111096e-01 1.820090902608345473e+01 -9.361814054867851134e-03 9.975573674902784571e-01 6.924526368110918428e-02 8.214418302754364909e-01 -9.897097172256458242e-01 -1.915417216583163371e-02 1.417140373070624459e-01 8.202201644679490755e+00
1.226621585192839703e-01 -6.589325512005812790e-02 9.902850903244118097e-01 1.903036473977855181e+01 -1.144449226342387875e-02 9.976332659240030321e-01 6.778414610439414956e-02 8.621108525424011626e-01 -9.924090201718228643e-01 -1.963315395666882096e-02 1.216176706733284180e-01 8.312972750037905811e+00
9.669361510696922180e-02 -6.476194919711746045e-02 9.932156567786563084e-01 1.986607118592892718e+01 -1.685917299236917508e-02 9.976310491972436578e-01 6.671674152336588837e-02 9.010352979591972344e-01 -9.951823462089905981e-01 -2.321292382724550463e-02 9.537289934401112224e-02 8.398512290144225290e+00
6.778494468556751917e-02 -6.411293921875081681e-02 9.956466166630170145e-01 2.071030584402211261e+01 -2.131075109702602888e-02 9.976119494346452621e-01 6.569050851580433836e-02 9.424327917555775924e-01 -9.974824285745271801e-01 -2.564456754073284744e-02 6.625735352135074530e-02 8.451350594431662699e+00
3.249529274046730060e-02 -6.386830565760591438e-02 9.974173738377649645e-01 2.156895053870225354e+01 -2.417497934114474362e-02 9.976135069693852220e-01 6.468851162553242162e-02 9.823365561437948923e-01 -9.991690207707392135e-01 -2.620745512353784071e-02 3.087426580590423714e-02 8.472345204654935458e+00
-6.495037698973069908e-04 -6.399486655193378781e-02 9.979503764902650786e-01 2.242204433088419080e+01 -2.548157456599687773e-02 9.976271637259390701e-01 6.396220957196621648e-02 1.016827790351921168e+00 -9.996759093022586917e-01 -2.538386237979003632e-02 -2.278416558124028452e-03 8.465948008971903249e+00
-3.553673419719279025e-02 -6.225588576140103636e-02 9.974214180154449272e-01 2.328768101400087076e+01 -2.615700351888431210e-02 9.977733579316117041e-01 6.133837121570856477e-02 1.050854497594825521e+00 -9.990213388156568008e-01 -2.387537826708718142e-02 -3.708552521485521114e-02 8.419160885352269474e+00
-6.827654103389663165e-02 -6.152775524466875395e-02 9.957559683964769537e-01 2.414100076051609634e+01 -2.909922649541457629e-02 9.977949069160930717e-01 5.965117291732100618e-02 1.078391664428482333e+00 -9.972302188474331253e-01 -2.490616979977450934e-02 -6.991661491230957703e-02 8.360457464093586921e+00
-9.981511636395846987e-02 -5.791856931064917613e-02 9.932875034362599331e-01 2.499733680282022164e+01 -3.021004230156847797e-02 9.980204600291829875e-01 5.516430726810291063e-02 1.115796208142448176e+00 -9.945165045493239431e-01 -2.449772617887050613e-02 -1.013671718851150844e-01 8.274201830652005540e+00
-1.338832421707924214e-01 -5.325936475235958784e-02 9.895293446577320129e-01 2.586072485047242608e+01 -2.901741805240737673e-02 9.983369853347519030e-01 4.981326275717651991e-02 1.140670158735374473e+00 -9.905379945335985870e-01 -2.202270472779857199e-02 -1.352057409924429243e-01 8.148543441398945930e+00
-1.634303728771352437e-01 -4.774008592866808842e-02 9.854017231363290108e-01 2.670005853053968892e+01 -2.411027590303300647e-02 9.987235425118832222e-01 4.438264767981897618e-02 1.162640104003330066e+00 -9.862628081760097531e-01 -1.650421522233564905e-02 -1.643728721312765761e-01 7.993477975838110261e+00
-1.959454141772584979e-01 -4.120370251092738551e-02 9.798705570544047339e-01 2.755107035615656486e+01 -1.705594468255726415e-02 9.991087495079643555e-01 3.862564001213101422e-02 1.179200542660596485e+00 -9.805887410261936443e-01 -9.153164149286234508e-03 -1.964734798743534849e-01 7.813269380686122645e+00
-2.237851704548520226e-01 -3.592714829122908848e-02 9.740735345234142750e-01 2.838242375298061404e+01 -1.159472305770211341e-02 9.993482650678565671e-01 3.418538330930874503e-02 1.193481971131830965e+00 -9.746663582647269175e-01 -3.664000910947911877e-03 -2.240562772721536589e-01 7.604472655970967665e+00
-2.516615320651538479e-01 -2.937919314818166622e-02 9.673732511931235623e-01 2.921429989585861620e+01 -3.171493536437478694e-03 9.995588057527321491e-01 2.952730540455825864e-02 1.202354251175367539e+00 -9.678141610536135087e-01 4.365178413316284783e-03 -2.516437534372578666e-01 7.372637993294308245e+00
-2.790676739065470202e-01 -1.952956243195019120e-02 9.600323619753662330e-01 3.004056667632670496e+01 3.014951060626704267e-03 9.997705086254705664e-01 2.121325713424837903e-02 1.202478991934977204e+00 -9.602264509150801874e-01 8.811306621069131539e-03 -2.789447981054590797e-01 7.120682506166625458e+00
-3.021314375304455790e-01 -3.913837867236646950e-03 9.530492557781480301e-01 3.084672923320998095e+01 8.001545919307646165e-03 9.999459249046713794e-01 6.639480005416894919e-03 1.193181082532744020e+00 -9.530239843657436483e-01 9.636581447856312765e-03 -3.020838727120553902e-01 6.857678482993800451e+00
-3.261939963215731431e-01 1.329977031474996116e-02 9.450695096611213541e-01 3.163810612062817995e+01 9.239444850584718413e-03 9.998981705457060665e-01 -1.087900936217886354e-02 1.176082424953940997e+00 -9.451181753260292639e-01 5.175672589878539329e-03 -3.262837500011866454e-01 6.584953290900788403e+00
-3.527164304470405409e-01 2.826458656296930438e-02 9.350613629978355990e-01 3.243767952724109449e+01 8.348997950793654241e-03 9.995987730906644719e-01 -2.706982319317902466e-02 1.156066279124950746e+00 -9.354515016472547684e-01 -1.747381072615724956e-03 -3.528107577036673215e-01 6.286859207917461667e+00
-3.749707238774375728e-01 3.906278774526522612e-02 9.262602640429966616e-01 3.322246197230892761e+01 1.158802367480468373e-02 9.992312964322301871e-01 -3.745623764194114941e-02 1.117706744296369070e+00 -9.270113790542788834e-01 -3.303486225761662412e-03 -3.751352111122266964e-01 5.976359033941861298e+00
-3.999815877199494052e-01 4.355025920551290619e-02 9.152872595247727450e-01 3.399451094167795873e+01 1.545978217178567947e-02 9.990487232795585149e-01 -4.077253967478617486e-02 1.068566218310877725e+00 -9.161926941447383621e-01 -2.168295710250602460e-03 -4.002742607465293867e-01 5.637920703338237693e+00
-4.213175637195238910e-01 4.301455066953872169e-02 9.058796354997652456e-01 3.476902331389364775e+01 1.832022974315575953e-02 9.990743634674490448e-01 -3.892407634752227674e-02 1.025506455116005577e+00 -9.067154085396946783e-01 2.001597352404163122e-04 -4.217155352139285163e-01 5.267996250502402944e+00
-4.416829444891214873e-01 3.906913088657407163e-02 8.964225820426161562e-01 3.553162812939916648e+01 2.204636847052005369e-02 9.992222292725992938e-01 -3.270794847212930151e-02 9.776709747050000843e-01 -8.970031655264780746e-01 5.320099496815273825e-03 -4.422006612597657038e-01 4.897555446304233229e+00
-4.617208941873054973e-01 3.713677373628009731e-02 8.866715536799676389e-01 3.627786925168760490e+01 2.914481995358868260e-02 9.992191016371856360e-01 -2.668764161988261205e-02 9.326230845205839559e-01 -8.869697363894958331e-01 1.353579791805114424e-02 -4.624428168534904238e-01 4.503974409604626139e+00
-4.720106210199870311e-01 3.689301307801631097e-02 8.807754422486551160e-01 3.701397399486872786e+01 3.234187286887855312e-02 9.991761366795616217e-01 -2.450341365178092604e-02 8.838807322078975348e-01 -8.809538903241498353e-01 1.691953122697774023e-02 -4.728150203211345937e-01 4.101193865395708293e+00
-4.837489197374011396e-01 4.009520037067242776e-02 8.742944379238311026e-01 3.772984157805588978e+01 3.554761192436770023e-02 9.990259710824723749e-01 -2.614297191128659228e-02 8.449160567458495752e-01 -8.744910958739822160e-01 1.843012977676269579e-02 -4.847029382145017218e-01 3.692434573191711422e+00
-4.941637768793257224e-01 4.348236464594252421e-02 8.684702468422942356e-01 3.843587913843101234e+01 3.684618201756145045e-02 9.988987118392783637e-01 -2.903351533485387659e-02 7.988726304711173398e-01 -8.687760523851679739e-01 1.765630432261040134e-02 -4.952218846421884146e-01 3.287073386366697214e+00
-5.037472219538242646e-01 4.296236881284687392e-02 8.627058853446541997e-01 3.914881113703229687e+01 3.083658544274452823e-02 9.990202282048047389e-01 -3.175012087548296363e-02 7.606763016710157421e-01 -8.632250765243060231e-01 1.059550786800802884e-02 -5.045784237886695722e-01 2.873889565035212978e+00
-5.142242760254245315e-01 4.108630535183535604e-02 8.566023406275904417e-01 3.984787390287397812e+01 2.937943403819572377e-02 9.991096660941822805e-01 -3.027302111591056305e-02 7.276364764646244820e-01 -8.570832855507667380e-01 9.603975203334341390e-03 -5.149736359374406103e-01 2.466299128932523566e+00
-5.236211161060593255e-01 4.235579653273895129e-02 8.508828327897743904e-01 4.054423498876786169e+01 3.159945704739614003e-02 9.990414746530283940e-01 -3.031393037033928636e-02 6.846979426747906716e-01 -8.513510866618854145e-01 1.102276648141639268e-02 -5.244574574315515880e-01 2.025062989771860167e+00
-5.288183533096656452e-01 4.548212234260732428e-02 8.472469193220414363e-01 4.124291350780200816e+01 3.471433462162044209e-02 9.988864602542854021e-01 -3.194212356729200092e-02 6.400303426435278720e-01 -8.477567321414449797e-01 1.250481279941001618e-02 -5.298083522868742845e-01 1.579703324152373023e+00
-5.326702030121781561e-01 4.911609863956317018e-02 8.450216616685524151e-01 4.195355767215895781e+01 3.643681939361143735e-02 9.987200148230306329e-01 -3.507799613626722685e-02 6.088666636454329595e-01 -8.456629315203884056e-01 1.210625965551378330e-02 -5.337780332273257544e-01 1.142950823168460417e+00
-5.316688056700388243e-01 5.051752503497417002e-02 8.453858371480489353e-01 4.268575100423183244e+01 3.602918147786155628e-02 9.986645848433671757e-01 -3.704479473011019347e-02 5.667209348560134918e-01 -8.461285710813151173e-01 1.076163684156370912e-02 -5.327787434029120917e-01 6.846694555900890711e-01
-5.273974012999245176e-01 5.120710549730352751e-02 8.480193556964897850e-01 4.343623402405329159e+01 3.811970205867477868e-02 9.986033275018715294e-01 -3.656472017725285323e-02 5.235693717271421299e-01 -8.487072510466784347e-01 1.303434393329868865e-02 -5.286129477244690955e-01 2.252802860801799423e-01
-5.235752565172295814e-01 4.921393546619434040e-02 8.507263295102484024e-01 4.419092357417204653e+01 3.645655616383484260e-02 9.987096409408332542e-01 -3.538643719629078893e-02 4.816309986558483525e-01 -8.513700822826708592e-01 1.249613280861721493e-02 -5.246936199964186143e-01 -2.224201640823600390e-01
-5.155833133425209436e-01 4.790464076262621052e-02 8.554197114216205433e-01 4.497165514501436689e+01 3.415950259816067508e-02 9.987913512484427603e-01 -3.534182842391596358e-02 4.391292012840856129e-01 -8.560790063746149814e-01 1.099548203080627160e-02 -5.165965333511730595e-01 -6.912212607604747427e-01
-5.075959715418718599e-01 4.783490481147968654e-02 8.599530473924967833e-01 4.576817123406885912e+01 3.268011197623478525e-02 9.988082557170988585e-01 -3.621651810323139875e-02 3.980927352821330145e-01 -8.606613129146075680e-01 9.696015361407926691e-03 -5.085545535958506669e-01 -1.151805750434721887e+00
-5.010431511013690997e-01 4.675723704667562874e-02 8.640635341816890191e-01 4.656832622194525584e+01 3.000888096881396822e-02 9.988775430412998313e-01 -3.664089548548805919e-02 3.536938618917794819e-01 -8.648073503721029898e-01 7.556064420040214773e-03 -5.018838122966812199e-01 -1.603401694834125646e+00
-4.959353064522135091e-01 4.417441647369048374e-02 8.668933752178559216e-01 4.740883473098197243e+01 2.548559941457336289e-02 9.990155174642832980e-01 -3.628907997384996087e-02 3.075826680547618652e-01 -8.676437808578070232e-01 4.062513035609510367e-03 -4.965727249071045235e-01 -2.066346092303505078e+00
-4.946387157879456042e-01 4.063220005302380089e-02 8.683291217473332324e-01 4.824916014256110230e+01 2.072476548901146243e-02 9.991745949899492052e-01 -3.493187950477500553e-02 2.650252918515653144e-01 -8.690313164543336244e-01 7.308834753788575776e-04 -4.950727179719162652e-01 -2.518926077429574750e+00
-4.960920901995314325e-01 3.907403446706109174e-02 8.678731329383632120e-01 4.912595685378147436e+01 1.843696160733962822e-02 9.992360467425875914e-01 -3.446161648794301285e-02 2.136388966861755001e-01 -8.685565197536128101e-01 -1.084615510647384548e-03 -4.964336060295979625e-01 -3.000526975167415067e+00
-4.947208266041456248e-01 3.589881688741316385e-02 8.682627458758388483e-01 4.999810980673807137e+01 1.586002347445195776e-02 9.993530518942217444e-01 -3.227189093177666723e-02 1.712698448037351384e-01 -8.688598122655606382e-01 -2.205840704620381718e-03 -4.949701633603733608e-01 -3.477795611860947211e+00
-4.961296670977073942e-01 3.629638713724989835e-02 8.673250894725699212e-01 5.087051098637324742e+01 1.586040092353797545e-02 9.993378139853573705e-01 -3.274052168565748377e-02 1.209714651653892858e-01 -8.679395063469491634e-01 -2.503520649721784584e-03 -4.963766797360080751e-01 -3.962105014084998267e+00
-4.961089228773815085e-01 3.524971523125251804e-02 8.674552418813575860e-01 5.177365843469409867e+01 1.577002334613819209e-02 9.993765428878973456e-01 -3.158418585437387793e-02 7.664232917087207553e-02 -8.680281265409635072e-01 -2.002718995615940072e-03 -4.963552693559137308e-01 -4.472770094307423783e+00
-4.961037401710589045e-01 3.555095463175582393e-02 8.679036922226489592e-01 5.267976614704661387e+01 1.606647764961396593e-02 9.993665212326446889e-01 -3.176708923051821398e-02 2.548949409008099271e-02 -8.684828587825340618e-01 -1.796843567714896152e-03 -4.963606228012403809e-01 -4.982771266234367502e+00
-4.960736925017885102e-01 3.423859021467329927e-02 8.677104432440105874e-01 5.359128476294522869e+01 1.610322509295450746e-02 9.994133269555801613e-01 -3.023134421080879430e-02 -2.250019321332574762e-02 -8.682362265466001539e-01 -1.013197406922579369e-03 -4.963341217394056648e-01 -5.484509719901011771e+00
-4.961311978385644084e-01 3.167712431700611675e-02 8.677350298660247985e-01 5.452905219244858870e+01 1.310500980239813484e-02 9.994938899263270393e-01 -2.899008799440236372e-02 -7.238915812004872996e-02 -8.682138719105432223e-01 -3.003086741684446361e-03 -4.962952799497773460e-01 -6.006675558654083424e+00
-4.961481324958951777e-01 3.206465046158452764e-02 8.677708102780973265e-01 5.544021304156368046e+01 1.288115592226517919e-02 9.994800253364877207e-01 -2.956427777399641202e-02 -1.238227261985385269e-01 -8.682672879902647578e-01 -3.479089042540946339e-03 -4.963033131286784250e-01 -6.481682082980760207e+00
-4.961598257827746217e-01 3.021061152856130416e-02 8.682404188215405716e-01 5.636767126093297975e+01 1.149369679191953632e-02 9.995358463042377517e-01 -2.821795166476393640e-02 -1.773068608914595556e-01 -8.686895480206723308e-01 -4.001893915336784957e-03 -4.962770179217469990e-01 -7.013555533756535176e+00
-4.923581923130116444e-01 2.885454535804245560e-02 8.695792990011083079e-01 5.728385068873221542e+01 1.033343994895203656e-02 9.995733211849597843e-01 -2.731977177688928171e-02 -2.279779392117079750e-01 -8.699968486448949045e-01 -4.479044650755144817e-03 -4.924460813732452480e-01 -7.516084709170391953e+00
-4.908754602550405854e-01 2.636191794121010845e-02 8.706256201000722728e-01 5.820425969483107309e+01 1.132622509601483377e-02 9.996505789683266530e-01 -2.388656019202240952e-02 -2.738137909797648817e-01 -8.709512184035598237e-01 -1.869464860829174587e-03 -4.910025037573839679e-01 -8.016463490556656524e+00
-4.880372313341519441e-01 2.565475950449930959e-02 8.723479175901579508e-01 5.911759469400722367e+01 1.223585798541811619e-02 9.996709066663624910e-01 -2.253651305432437593e-02 -3.196662622678086985e-01 -8.726391227030941833e-01 -3.329429851128710765e-04 -4.881905426932793834e-01 -8.518552108105913234e+00
-4.842439427952728859e-01 2.528082028548762558e-02 8.743978415269072491e-01 6.008176128591428977e+01 1.154285132419700412e-02 9.996800441642758051e-01 -2.249989117968965655e-02 -3.675543090375958388e-01 -8.746870758533158430e-01 -8.117220961906429803e-04 -4.843807999411617327e-01 -9.045398166115292682e+00
-4.842208469224930645e-01 2.532720083225724686e-02 8.749738740308314888e-01 6.096909141315428116e+01 1.227333143186868508e-02 9.996794340400884105e-01 -2.215130950416393726e-02 -4.118621608180637050e-01 -8.752541010896985885e-01 2.718427642978412198e-05 -4.843765828088948400e-01 -9.524457469384405073e+00
-4.804036310918141650e-01 2.614169776860124708e-02 8.763603859048475497e-01 6.187378759736601097e+01 1.305558159208846519e-02 9.996578910312549082e-01 -2.266878537541358943e-02 -4.547490400867542082e-01 -8.766532810646352480e-01 5.465465214358601696e-04 -4.805804418280210100e-01 -1.002371985938062871e+01
-4.828782768813853488e-01 2.735988595092922471e-02 8.755318151285899075e-01 6.276433513377314455e+01 1.167345191248077632e-02 9.996242772769455831e-01 -2.479640088022580166e-02 -5.037763870024918322e-01 -8.758813620745913298e-01 -1.753567073991165988e-03 -4.830162087543249383e-01 -1.049358232453111661e+01
-4.829532380836476513e-01 2.893952338930305332e-02 8.751191979965500245e-01 6.368608092493866479e+01 1.043830826274036970e-02 9.995730476261891484e-01 -2.728018449556535510e-02 -5.482987650896589127e-01 -8.755354502183424481e-01 -4.058663912305723702e-03 -4.830491026982116076e-01 -1.101761200088296810e+01
-4.882202416452191551e-01 2.884956472185832427e-02 8.722040443387036879e-01 6.457708332932001838e+01 8.823868525809606261e-03 9.995656193172959281e-01 -2.810607345018553693e-02 -6.076263402276391723e-01 -8.726364073552964618e-01 -6.041285471035794975e-03 -4.882627935293917809e-01 -1.149099958918538178e+01
-4.924222032413981265e-01 2.834646223364468628e-02 8.693243019491304624e-01 6.547575967546330844e+01 8.362492075095019628e-03 9.995770534295365106e-01 -2.785213671771253133e-02 -6.451611513788947372e-01 -8.697464253065160245e-01 -6.453127101266423540e-03 -4.924507419499180028e-01 -1.200174095168344479e+01
-4.974556676055694737e-01 2.474415040272100533e-02 8.665577106285140552e-01 6.636466334506103237e+01 1.149241231566486797e-02 9.996932614098362757e-01 -2.194052056258215602e-02 -7.018584046050319047e-01 -8.668348668194179041e-01 -9.661382655208626330e-04 -4.975872990235356008e-01 -1.250702734007678529e+01
-5.051743315509177323e-01 2.274855108147583529e-02 8.626339582666863182e-01 6.723591032933592260e+01 8.286309735353367123e-03 9.997343553549457029e-01 -2.150565224494676089e-02 -7.470685508776394590e-01 -8.628939846451568751e-01 -3.722396968876222519e-03 -5.052285399630855878e-01 -1.299929131410658911e+01
-5.093600447561077438e-01 2.508615605551148958e-02 8.603186030610852075e-01 6.811257953479699268e+01 1.001091933294055714e-02 9.996802205192745205e-01 -2.322605767893170386e-02 -7.940870460093970573e-01 -8.606260536298334651e-01 -3.215151007046675603e-03 -5.094482003412611482e-01 -1.351361778053281348e+01
-5.132328777518319063e-01 2.730048583259702191e-02 8.577498605452600344e-01 6.896939072135994309e+01 1.011141973231176848e-02 9.996169914554389191e-01 -2.575731572458037424e-02 -8.371608516977901981e-01 -8.581245690262898629e-01 -4.551838468593759172e-03 -5.133122405155879919e-01 -1.401478509957327567e+01
-5.185381328150615587e-01 2.730759761713880476e-02 8.546000382661121941e-01 6.982407534816138650e+01 8.398225253336664628e-03 9.996043273849154476e-01 -2.683733672118963909e-02 -8.851523128427966070e-01 -8.549950142920976770e-01 -6.756274203814615839e-03 -5.185624037144460630e-01 -1.451028857764911884e+01
-5.200095090470668868e-01 2.796230825424138658e-02 8.534283828591364696e-01 7.069000769017414143e+01 7.098132988571224065e-03 9.995709928734640703e-01 -2.841006440889278992e-02 -9.363951662839977708e-01 -8.538568464018391202e-01 -8.726481704199531494e-03 -5.199847578666192405e-01 -1.503087417278342208e+01
-5.252338640961951022e-01 2.695563380041207657e-02 8.507142584263351903e-01 7.152643868187382736e+01 7.032609895364216358e-03 9.996016949684144448e-01 -2.733073542339552187e-02 -9.868819747497525885e-01 -8.511120035795656236e-01 -8.375120387477126560e-03 -5.252142287489588446e-01 -1.553283196170218261e+01
-5.278378070697902213e-01 2.011007163678218274e-02 8.486028493700916719e-01 7.236946669518643205e+01 8.870785263435966572e-03 9.997955188635926360e-01 -1.816141654566903046e-02 -1.027120923072444292e+00 -8.487947963852598976e-01 -2.078864517254197086e-03 -5.279079957980139515e-01 -1.605395552950099614e+01
-5.291404828895255319e-01 1.102232005881009780e-02 8.482287466408776622e-01 7.320571295957721247e+01 8.981379176396431588e-03 9.999322706731956778e-01 -7.394379311185219489e-03 -1.067498841567097179e+00 -8.482529297629051168e-01 3.706895559772855221e-03 -5.292037436171052045e-01 -1.657687309130795228e+01
-5.315835822596723936e-01 8.336074738061466718e-03 8.471746519634039130e-01 7.403907485594920956e+01 8.396295922581590784e-03 9.999542049281266998e-01 -4.569375482692781230e-03 -1.101554058117641066e+00 -8.471741469878301123e-01 4.677271278756666394e-03 -5.316293301918002534e-01 -1.708947974252705038e+01
-5.315925409250658040e-01 1.392358551607546409e-02 8.468097156339415843e-01 7.486533885352535833e+01 9.513926631429459740e-03 9.998998739528907054e-01 -1.046345275592665963e-02 -1.126800972513007704e+00 -8.468708407836589291e-01 2.488587651875092972e-03 -5.316717791910022806e-01 -1.761025401223921705e+01
-5.330428442093471109e-01 1.956351017151376423e-02 8.464225446986434198e-01 7.567756266250809460e+01 1.011819500474727719e-02 9.998085727715630977e-01 -1.674970967712935410e-02 -1.164215647741482895e+00 -8.465882189911424494e-01 -3.541995116709986766e-04 -5.331388979843657561e-01 -1.812250077688112526e+01
-5.329266361450779588e-01 2.436270500409875445e-02 8.454810546615798561e-01 7.650351133104146584e+01 1.625981072895168675e-02 9.996955795029024427e-01 -1.854305580156600033e-02 -1.197318401072995808e+00 -8.456758153129532163e-01 3.858943900554866885e-03 -5.331606498244995107e-01 -1.864773845954582043e+01
-5.314450962279901880e-01 2.499586685831497318e-02 8.464755303507294215e-01 7.733049374588081548e+01 1.936358609802453501e-02 9.996617269679334283e-01 -1.734778568736268164e-02 -1.236954117346956483e+00 -8.466229588676702500e-01 7.170831031132677072e-03 -5.317494600246113201e-01 -1.918055480292220949e+01
-5.314424343189966260e-01 2.178783365748502773e-02 8.469666563521149882e-01 7.815309150732750254e+01 1.835768189882730841e-02 9.997304924452590225e-01 -1.420016599497403616e-02 -1.273027451444973757e+00 -8.470479060477188460e-01 8.002886834891795309e-03 -5.316993535402334548e-01 -1.968921271828816799e+01
-5.314631275574738245e-01 1.577825010802853811e-02 8.470430726517830244e-01 7.896733006777098751e+01 1.587566029059303899e-02 9.998363023077833089e-01 -8.665873322839993606e-03 -1.301099110431238604e+00 -8.470413668792919903e-01 8.838897081610142328e-03 -5.316266370649153084e-01 -2.018891755684714795e+01
-5.314960105517243516e-01 8.212047649743023370e-03 8.477206110092244673e-01 7.979094780600935621e+01 1.356754135295672702e-02 9.999072587798185641e-01 -1.185343630856975109e-03 -1.328898471161138684e+00 -8.476518442938527631e-01 1.086874670024576446e-02 -5.315582566471311887e-01 -2.069853436531211344e+01
-5.291847452565264787e-01 4.304688280560567057e-03 8.484385111257711776e-01 8.060862248218002435e+01 5.409375918016517092e-03 9.999839366056769707e-01 -1.700250244145792497e-03 -1.355705741298493860e+00 -8.484322819033539576e-01 3.694222849122293789e-03 -5.291995242768543495e-01 -2.118583274594501376e+01
-5.279328262826973317e-01 -1.783854799564393943e-03 8.489583709982064796e-01 8.143692264259802016e+01 -3.333826911746744746e-03 9.999944506996177873e-01 2.268964128563857744e-05 -1.368882986394063028e+00 -8.489538371347475909e-01 -2.810277679433554471e-03 -5.279357336851090432e-01 -2.167920222204706704e+01
-5.250655826883243726e-01 -2.304344924462541078e-03 8.507811289461901794e-01 8.225369350394136347e+01 -2.782127795745541741e-04 9.999967764712727192e-01 2.535056992631709409e-03 -1.391076974949656320e+00 -8.507842630869798528e-01 1.090391244994688398e-03 -5.250644816895951861e-01 -2.218454500953931330e+01
-5.225559582643902745e-01 1.378216845899334552e-03 8.523310230488607697e-01 8.306443185954586284e+01 4.084875988035327997e-03 9.999912452822451447e-01 8.868859607836295390e-04 -1.414327977592693131e+00 -8.523225149112029220e-01 3.950444933357307245e-03 -5.225568971824970932e-01 -2.267629944661783625e+01
-5.183036534579302801e-01 5.408290784870332414e-03 8.557862308180063105e-01 8.388095387501435596e+01 7.041334022639406630e-03 9.999731057273578694e-01 -2.055289912755641976e-03 -1.427358083630448249e+00 -8.557743654573372050e-01 4.959630801101636878e-03 -5.183277393177674330e-01 -2.318011877452336122e+01
-5.091701581938291588e-01 7.580852276598500084e-03 8.599290470012646015e-01 8.469610706849641701e+01 1.112895211780915231e-02 9.999356071625445930e-01 -2.222222986611007995e-03 -1.452520521095951533e+00 -8.598905159260766817e-01 8.441761272218453391e-03 -5.092217888048360397e-01 -2.366134392865803449e+01
-5.024517212613863748e-01 8.761647440116039978e-03 8.645491247772061350e-01 8.550668118430890274e+01 1.813595817631825924e-02 9.998354599105200302e-01 4.063792277290248804e-04 -1.477113037410134222e+00 -8.644035942445552623e-01 1.588371352042255644e-02 -5.025279771211184077e-01 -2.413626105108745534e+01
-4.906415350424790378e-01 8.151601232521094031e-03 8.708857341178581901e-01 8.633285314084420747e+01 1.665403057827731514e-02 9.998612356522103006e-01 3.005214435589040345e-05 -1.500505822975192860e+00 -8.707646985926553729e-01 1.452227728981203558e-02 -4.907091503491872730e-01 -2.459701680155581727e+01
-4.826969637442422578e-01 5.851036298068168669e-03 8.762621539558532735e-01 8.716543275072298513e+01 1.286180719516114013e-02 9.999172380193721565e-01 4.033495365719037200e-04 -1.512318598326020558e+00 -8.761872971473835259e-01 1.146153523486604341e-02 -4.827321327384172522e-01 -2.502783893173696228e+01
-4.685195580527106718e-01 2.426507907750246121e-03 8.830270837465121758e-01 8.800279185145788574e+01 1.408875338251066103e-02 9.998894637400329577e-01 4.732831227575726336e-03 -1.530748456298864690e+00 -8.829181792918517901e-01 1.466407223164973260e-02 -4.685017874011895289e-01 -2.547703711854056507e+01
-4.581852414852764510e-01 5.768028462827584548e-04 8.892505816012962194e-01 8.884514401741878942e+01 1.281936251342375745e-02 9.999000950671532717e-01 5.953525061777021309e-03 -1.550323000544635565e+00 -8.891583612500062461e-01 1.412090161338980070e-02 -4.581469660372447517e-01 -2.590032696214186814e+01
-4.464520467732002174e-01 2.466023319841337681e-04 8.947712814888570954e-01 8.969103570641848933e+01 1.434567703507480529e-02 9.998733878628365268e-01 6.879739398249254054e-03 -1.552168499120885281e+00 -8.946564445763338647e-01 1.590732064112160976e-02 -4.463989960235656973e-01 -2.630771767932854033e+01
-4.337512330646339787e-01 5.104269722038094498e-04 9.011339101046240696e-01 9.054971081992086113e+01 1.675004212961199099e-02 9.998315905720028818e-01 7.495083211760385743e-03 -1.571240025389412986e+00 -9.009782554833286605e-01 1.834263881743416688e-02 -4.336866695438830743e-01 -2.672484048901162623e+01
