1.0 0.0 0.0 0.0 0.0 1.0 0.0 0.0 0.0 0.0 1.0 0.0
0.9974012 0.07204087 -0.0011924612 0.18835449 -0.07203677 0.9973971 0.0031840405 0.0769043 0.0014186953 -0.0030898624 0.9999942 -0.0032958984
0.99934274 0.036238115 -0.0002870427 0.25427246 -0.036236588 0.9993339 0.004212033 -0.025024414 0.00043958914 -0.0041988594 0.99999106 -0.011352539
0.99801403 0.06295275 0.0022758194 0.39489746 -0.06296425 0.9980013 0.005396576 -0.053222656 -0.0019314964 -0.0055291513 0.99998283 0.0076904297
0.99529094 0.096808225 0.0045344024 0.5842285 -0.09683372 0.99528193 0.0057884236 -0.10046387 -0.0039524413 -0.006200253 0.99997294 -0.010498047
0.9908128 0.135063 0.007027463 0.7799072 -0.1350767 0.9908347 0.0015132464 -0.16308594 -0.0067586675 -0.0024487376 0.99997413 -0.0059814453
0.984863 0.17316128 0.007649271 0.97595215 -0.17316756 0.9848916 0.00016074453 -0.22949219 -0.007505875 -0.0014829665 0.99997073 -0.006591797
0.97614837 0.21694367 0.009562381 1.1921387 -0.21694656 0.97619426 -0.00074644043 -0.2932129 -0.00949665 -0.0013452962 0.999954 -0.0040283203
0.9641501 0.26508182 0.012989419 1.4241943 -0.2650965 0.96423334 -0.0006118376 -0.38012695 -0.012687041 -0.002852946 0.9999154 -0.018554688
0.9497131 0.3126334 0.019206638 1.6446533 -0.31261194 0.9499052 -0.004186924 -0.48950195 -0.01955287 -0.002026551 0.9998067 -0.017578125
0.9323812 0.360734 0.023997525 1.8688965 -0.36048985 0.93267965 -0.01397257 -0.6152344 -0.027421538 0.0043792026 0.9996144 -0.012084961
0.9114733 0.4105406 0.027133767 2.114624 -0.4101405 0.9118546 -0.019210001 -0.74938965 -0.032627888 0.0063839685 0.9994473 -0.009155273
0.88664937 0.46144575 0.031141657 2.3608398 -0.46099874 0.88718706 -0.02069421 -0.92126465 -0.03717675 0.0039945226 0.9993008 -0.017333984
0.8576134 0.5132125 0.03459786 2.5893555 -0.51272136 0.85830975 -0.022499796 -1.0922852 -0.041239977 0.001558397 0.9991479 -0.03942871
0.8257116 0.5630213 0.036881085 2.826294 -0.5623357 0.826532 -0.02786899 -1.3026123 -0.046167698 0.0022753524 0.99893093 -0.04663086
0.7898721 0.61213446 0.03738779 3.0543213 -0.61122024 0.7907475 -0.033644594 -1.5236816 -0.050162848 0.0037240982 0.9987343 -0.05517578
0.7519312 0.65820277 0.03723515 3.286499 -0.6571072 0.7528403 -0.038193885 -1.7719727 -0.053175878 0.0042541437 0.99857634 -0.06750488
0.7126193 0.7005912 0.03525795 3.5234375 -0.69939935 0.71347535 -0.04111251 -2.0445557 -0.053965993 0.0046428107 0.9985326 -0.083862305
0.6705494 0.7410095 0.03504055 3.744629 -0.7397117 0.67145455 -0.04398366 -2.338379 -0.056122042 0.0035754647 0.99841774 -0.1015625
0.62808144 0.777223 0.037586283 3.97937 -0.77599895 0.62920254 -0.04363972 -2.6636963 -0.057567243 -0.0017571747 0.99834013 -0.1328125
0.58600235 0.8093995 0.038641527 4.1989746 -0.8081969 0.58725154 -0.044414803 -2.9936523 -0.05864077 -0.0051954854 0.998266 -0.15246582
0.5454602 0.8371931 0.038569298 4.4213867 -0.83594966 0.54677653 -0.04615704 -3.3634033 -0.059733663 -0.007069582 0.9981892 -0.17443848
0.5073249 0.8608214 0.039748523 4.647339 -0.8595003 0.5087904 -0.048609428 -3.7802734 -0.06207314 -0.009497598 0.9980269 -0.19213867
0.46879047 0.8824339 0.04024613 4.8671875 -0.8811976 0.4703415 -0.048413597 -4.197632 -0.061644755 -0.0127634015 0.99801654 -0.2175293
0.4323275 0.90069574 0.038875334 5.045288 -0.8995355 0.43383664 -0.047889106 -4.658325 -0.060006484 -0.014264559 0.99809635 -0.24914551
0.39906925 0.91632324 0.035240747 5.272217 -0.9152089 0.40039715 -0.047119807 -5.148926 -0.057291575 -0.01346163 0.9982664 -0.27697754
0.3703474 0.9285447 0.03041294 5.444824 -0.92746043 0.37142804 -0.046200078 -5.6588135 -0.054198515 -0.011085654 0.9984691 -0.3083496
0.3436243 0.93860537 0.028179284 5.6470947 -0.9376197 0.34459686 -0.04443203 -6.211426 -0.05141666 -0.011143434 0.99861544 -0.34191895
0.32485285 0.94536114 0.02553021 5.833374 -0.94441617 0.3257007 -0.04342325 -6.7911377 -0.04937142 -0.010005203 0.9987305 -0.37512207
0.3096278 0.9504681 0.024062395 6.021118 -0.94946295 0.31043047 -0.04463648 -7.3793945 -0.049884655 -0.009028707 0.9987136 -0.4071045
0.29766348 0.9544814 0.023240369 6.218384 -0.95336044 0.29845726 -0.046963856 -8.004395 -0.051752914 -0.008168038 0.9986266 -0.4354248
0.28676358 0.9577016 0.02401753 6.409668 -0.9565801 0.28761268 -0.047272034 -8.656128 -0.05219383 -0.009406618 0.9985935 -0.46704102
0.27622333 0.9607222 0.025878796 6.606201 -0.95949996 0.27721065 -0.049687587 -9.328003 -0.054925248 -0.011113783 0.9984289 -0.51013184
0.26512903 0.9638654 0.026393574 6.8084717 -0.96256465 0.26617926 -0.051412053 -10.029907 -0.056589004 -0.011779309 0.9983282 -0.54797363
0.25499293 0.96647185 0.028029613 6.996582 -0.96507263 0.25618082 -0.053681906 -10.74707 -0.059057437 -0.013366507 0.99816453 -0.5847168
0.24430099 0.96926355 0.028570922 7.189331 -0.9677962 0.24555783 -0.055182584 -11.496948 -0.060480163 -0.0141673535 0.99806803 -0.6270752
0.23300473 0.97207534 0.02847983 7.378296 -0.9705363 0.23429315 -0.056575865 -12.265381 -0.061648615 -0.014448716 0.997993 -0.6636963
0.2233145 0.9742632 0.029625522 7.556885 -0.9726002 0.2247285 -0.05902877 -13.042603 -0.06414353 -0.01563204 0.99781734 -0.708374
0.21164511 0.97681916 0.03149809 7.7321777 -0.9749018 0.21327978 -0.06358594 -13.82373 -0.068802156 -0.017240288 0.99748045 -0.7591553
0.19937012 0.97945917 0.03283982 7.8997803 -0.97732866 0.20119077 -0.067201495 -14.633667 -0.072432026 -0.01871261 0.9971977 -0.80444336
0.18708782 0.981739 0.0335536 8.059082 -0.97946954 0.18903226 -0.069594316 -15.440308 -0.07469075 -0.019823069 0.99701166 -0.84936523
0.17182784 0.98461676 0.03252454 8.212158 -0.9823782 0.17372887 -0.06930609 -16.254395 -0.07388452 -0.020079646 0.9970632 -0.89697266
0.15818909 0.9868226 0.033294987 8.347168 -0.9846411 0.16017145 -0.06912853 -17.066895 -0.07355069 -0.021842938 0.99705243 -0.95166016
0.14142857 0.98940086 0.03254614 8.456421 -0.9873395 0.14335917 -0.067704886 -17.888428 -0.07166586 -0.022528326 0.9971758 -0.9974365
0.12134541 0.9920817 0.0331798 8.572144 -0.99015737 0.12333704 -0.06655206 -18.716797 -0.07010059 -0.024792895 0.99723065 -1.0460205
0.09513152 0.9947901 0.03695349 8.664917 -0.99308985 0.09740502 -0.06561698 -19.551392 -0.06889693 -0.030435957 0.99716103 -1.0926514
0.06603932 0.99704045 0.03959298 8.72583 -0.99552584 0.06852912 -0.06518892 -20.394653 -0.0677101 -0.035136424 0.9970858 -1.1416016
0.03066767 0.99870217 0.040399004 8.756836 -0.9973046 0.033263024 -0.065217756 -21.252563 -0.066498436 -0.038297273 0.9970524 -1.1889648
-0.0024843153 0.99920547 0.039794177 8.759644 -0.99784595 0.00013196206 -0.065606214 -22.105347 -0.065563925 -0.03987536 0.9970516 -1.2305908
-0.037282947 0.9985567 0.03851016 8.722534 -0.9973288 -0.034761317 -0.064149976 -22.970825 -0.06271059 -0.04083348 0.99719536 -1.2722168
-0.0700953 0.9967367 0.039740503 8.673096 -0.99567384 -0.06748091 -0.06369806 -23.824463 -0.060802657 -0.04403065 0.99717796 -1.3068848
-0.10151852 0.9940173 0.039521996 8.595459 -0.99322003 -0.09903704 -0.060359888 -24.68103 -0.056092817 -0.04538788 0.9973937 -1.3521729
-0.13533735 0.9900643 0.037244983 8.479126 -0.98947716 -0.13314961 -0.055997618 -25.545044 -0.050487995 -0.044456504 0.99773496 -1.3850098
-0.16450396 0.9858632 0.031894308 8.331665 -0.98535997 -0.16277848 -0.050736647 -26.38501 -0.044823386 -0.039773535 0.99820274 -1.4145508
-0.19661364 0.9802917 0.024720937 8.159912 -0.97983557 -0.19540058 -0.044488456 -27.23706 -0.038797986 -0.032959133 0.9987041 -1.4387207
-0.22420217 0.9744472 0.019374723 7.958252 -0.97404236 -0.22332476 -0.03946622 -28.06958 -0.03412042 -0.027694723 0.99903375 -1.4598389
-0.25181043 0.96771246 0.011483548 7.7333984 -0.9673395 -0.25131962 -0.033174206 -28.902832 -0.029212262 -0.019463206 0.99938357 -1.4754639
-0.27908552 0.9601992 0.0071732476 7.4886475 -0.9600038 -0.27885258 -0.023587313 -29.730469 -0.020649232 -0.013466362 0.99969614 -1.4833984
-0.30213466 0.9530346 0.006469805 7.2318115 -0.95303833 -0.30208012 -0.008203391 -30.537476 -0.005859118 -0.008647993 0.9999454 -1.4837646
-0.3261907 0.94509983 0.011054555 6.9660645 -0.9450896 -0.3262895 0.008756418 -31.329956 0.011881832 -0.007584827 0.99990064 -1.4771729
-0.352566 0.9353704 0.018096298 6.6759033 -0.93511677 -0.35292384 0.023432326 -32.13147 0.028320812 -0.008653518 0.9995614 -1.4671631
-0.3748113 0.9269379 0.019746419 6.371704 -0.92633086 -0.37529022 0.033993836 -32.918213 0.038926117 -0.005555667 0.99922687 -1.4366455
-0.39993477 0.91615283 0.018694349 6.0404053 -0.9153572 -0.40036702 0.03821186 -33.69348 0.04249974 -0.0018203706 0.99909467 -1.3927002
-0.42140257 0.9067128 0.016388128 5.6762695 -0.9059396 -0.42172027 0.037447225 -34.470947 0.040871684 0.0009325097 0.9991641 -1.3529053
-0.44196078 0.8970657 0.011317233 5.311157 -0.8964594 -0.44208226 0.033284374 -35.236816 0.034872837 0.0045673237 0.99938166 -1.3067627
-0.46229482 0.8871444 0.003149584 4.9226074 -0.8866736 -0.4621602 0.031141736 -35.986206 0.029076112 0.011579443 0.9995104 -1.2631836
-0.47270286 0.8811765 -0.00021557696 4.5219727 -0.8807622 -0.4724729 0.030783068 -36.724 0.027012542 0.014736489 0.99952626 -1.217041
-0.48458934 0.87474656 -0.0016959757 4.115967 -0.8742744 -0.48426208 0.03385227 -37.441406 0.02878642 0.017887287 0.99942553 -1.1817627
-0.49508384 0.8690336 -0.0008946378 3.7131348 -0.8684522 -0.49471414 0.037117228 -38.148804 0.031793546 0.019134555 0.99931103 -1.1397705
-0.5043763 0.86338615 0.006180954 3.3024902 -0.8627143 -0.5042446 0.03646956 -38.86328 0.034606293 0.013078822 0.9993155 -1.1055908
-0.5147743 0.8572266 0.007187411 2.8973389 -0.856612 -0.5146941 0.034467254 -39.564087 0.033243556 0.011579372 0.9993802 -1.0750732
-0.52426666 0.8515202 0.0057860706 2.45813 -0.8508853 -0.5241184 0.035626873 -40.26184 0.03339579 0.013761014 0.999348 -1.0349121
-0.52961624 0.8479581 0.004314774 2.0134277 -0.8472424 -0.52936566 0.03869132 -40.96106 0.035092823 0.016855096 0.99924165 -0.9935303
-0.53356254 0.8458723 0.0047277957 1.5769043 -0.845019 -0.5332606 0.042280212 -41.67163 0.038274396 0.01855545 0.9990949 -0.9663086
-0.53254163 0.84632444 0.0060717277 1.1173096 -0.84538984 -0.5322674 0.043690085 -42.403076 0.040230535 0.018149765 0.99902606 -0.9277344
-0.5283939 0.84893525 0.0037939732 0.65527344 -0.8480145 -0.5280186 0.0444355 -43.1521 0.039705914 0.020258976 0.9990055 -0.8874512
-0.52447903 0.8515829 0.004325131 0.2052002 -0.8507247 -0.5241672 0.042489044 -43.905518 0.038477995 0.01861092 0.999087 -0.8482666
-0.51637286 0.8562648 0.0058090826 -0.26733398 -0.8554257 -0.5161467 0.04127141 -44.684204 0.03833925 0.016347481 0.9991311 -0.80895996
-0.50831705 0.86082715 0.00709309 -0.73168945 -0.859966 -0.5081475 0.041293032 -45.478638 0.03912255 0.014901186 0.99912226 -0.77160645
-0.50162995 0.86493856 0.009221315 -1.1865234 -0.8640865 -0.5015649 0.040290635 -46.276978 0.039465904 0.012254935 0.99914545 -0.73083496
-0.4962988 0.8677173 0.01269889 -1.6522217 -0.8669302 -0.49640015 0.037760366 -47.11621 0.039049115 0.0077546667 0.9992064 -0.6883545
-0.49478623 0.86904687 0.016025973 -2.1063232 -0.86837816 -0.49503666 0.03423115 -47.95581 0.037662596 0.0029972717 0.99928606 -0.6491699
-0.49613842 0.86854243 0.017843734 -2.588623 -0.86792874 -0.49645892 0.032654814 -48.832397 0.03720085 0.0007015951 0.9993077 -0.6015625
-0.4946822 0.86881995 0.01895265 -3.067627 -0.86832136 -0.49504128 0.029490529 -49.7041 0.034994427 -0.0018627648 0.99938554 -0.5623779
-0.49608365 0.8678972 0.019252632 -3.5527344 -0.867385 -0.49645326 0.029870253 -50.576294 0.035479598 -0.0018684994 0.99936837 -0.5161133
-0.49607307 0.8679893 0.018750794 -4.0648193 -0.86751264 -0.4964233 0.028825222 -51.47888 0.034322213 -0.0019574584 0.9994087 -0.4753418
-0.49607855 0.8684476 0.018549133 -4.576172 -0.8679606 -0.49642295 0.029129826 -52.384277 0.034502037 -0.0016642157 0.99940366 -0.42822266
-0.4960672 0.8682076 0.017761322 -5.0793457 -0.86776346 -0.49638256 0.027817521 -53.29541 0.03296813 -0.0016231905 0.9994553 -0.38378906
-0.49602365 0.86814964 0.019746287 -5.602783 -0.8677948 -0.4963952 0.025251865 -54.232788 0.031721253 -0.0046195975 0.99948627 -0.33764648
-0.49602485 0.86819774 0.020223329 -6.0791016 -0.8678327 -0.49641347 0.02563875 -55.143433 0.032294657 -0.0048448397 0.9994669 -0.2906494
-0.49600402 0.86860675 0.020746225 -6.6123047 -0.86830354 -0.496399 0.02378645 -56.070312 0.030942148 -0.0062328787 0.999502 -0.24072266
-0.49217606 0.8699028 0.021206738 -7.1174316 -0.86964375 -0.49257728 0.022468654 -56.985596 0.030006424 -0.007369465 0.9995224 -0.19384766
-0.4907719 0.8708848 0.018591754 -7.619873 -0.87067837 -0.4910825 0.019998811 -57.905273 0.02655802 -0.0063654124 0.999627 -0.15100098
-0.48797882 0.8725911 0.017049639 -8.12439 -0.8723941 -0.48824605 0.01932821 -58.817505 0.025177833 -0.005441708 0.999668 -0.10876465
-0.48416638 0.87463075 0.01751951 -8.653931 -0.87444586 -0.4844444 0.018997237 -59.780396 0.025098749 -0.0061173444 0.9996661 -0.06518555
-0.48416987 0.8752093 0.01668534 -9.134399 -0.8750187 -0.48442757 0.019048987 -60.666992 0.024746919 -0.00538983 0.99967945 -0.024780273
-0.48037386 0.87661785 0.016154073 -9.636353 -0.8764038 -0.48062348 0.01990422 -61.570557 0.025229966 -0.004586824 0.99967116 0.013916016
-0.48278072 0.87581825 0.018465465 -10.106567 -0.8755847 -0.4830967 0.021093326 -62.460815 0.027377058 -0.005987284 0.9996072 0.05810547
-0.48278245 0.87544566 0.020770246 -10.631836 -0.875182 -0.48317447 0.022666007 -63.381958 0.029861545 -0.007224735 0.99952763 0.09777832
-0.4879777 0.87251997 0.02276283 -11.104614 -0.8722746 -0.4884274 0.022511384 -64.27356 0.030741498 -0.008863972 0.9994877 0.15270996
-0.4921645 0.8696236 0.023177639 -11.615356 -0.86939645 -0.4926213 0.02195501 -65.17261 0.030537084 -0.009339987 0.9994899 0.18640137
-0.49737498 0.8667767 0.017695392 -12.120605 -0.8666058 -0.49765053 0.018303014 -66.062256 0.024688099 -0.006222312 0.9996758 0.24121094
-0.50500095 0.86279255 0.020465642 -12.61145 -0.86269224 -0.50532675 0.01621489 -66.93445 0.02432847 -0.009464009 0.9996592 0.28271484
-0.50921243 0.8605398 0.01997153 -13.125732 -0.8603759 -0.50954497 0.018504912 -67.81116 0.026097732 -0.0077614007 0.9996294 0.32543945
-0.5130511 0.85802805 0.02131662 -13.626831 -0.85781354 -0.51343626 0.020669438 -68.66809 0.028674359 -0.007680013 0.9995592 0.36401367
-0.51827973 0.8548694 0.023529511 -14.121704 -0.8546729 -0.5187274 0.020609709 -69.523315 0.029810328 -0.009417221 0.99951094 0.40795898
-0.519679 0.85370684 0.025500488 -14.642944 -0.8535099 -0.5201935 0.021241799 -70.38904 0.031398907 -0.010724179 0.99944925 0.45507812
-0.5249176 0.8509643 0.025159316 -15.144409 -0.850794 -0.52540886 0.020175893 -71.22595 0.030375447 -0.010812221 0.99948007 0.5024414
-0.5277119 0.84871006 0.018851366 -15.666382 -0.8486532 -0.52797216 0.013305489 -72.06958 0.021245869 -0.008965043 0.9997338 0.5423584
-0.5291153 0.8482157 0.013054547 -16.190552 -0.84825134 -0.5292024 0.004214396 -72.906006 0.010491925 -0.008842809 0.99990577 0.5830078
-0.5315655 0.8471409 0.01208652 -16.703735 -0.8471921 -0.531619 0.0015033488 -73.73926 0.0076903007 -0.009435472 0.9999258 0.614624
-0.53155535 0.84682715 0.014282707 -17.225708 -0.8468384 -0.53168195 0.007084654 -74.56445 0.0135890655 -0.008326498 0.99987286 0.63464355
-0.532963 0.8465254 0.017142162 -17.738525 -0.8464654 -0.5331825 0.01270579 -75.37573 0.019888174 -0.00774296 0.9997723 0.66674805
-0.53300023 0.8456869 0.012930563 -18.26538 -0.8455071 -0.5331545 0.017507609 -76.20093 0.02170021 -0.0015978934 0.999763 0.6960449
-0.53161836 0.846681 0.0096185785 -18.80017 -0.8464876 -0.5317031 0.018165078 -77.026855 0.020493599 0.0015136162 0.99978864 0.73291016
-0.5315942 0.8471061 0.008784249 -19.31018 -0.8469742 -0.53166646 0.0149613805 -77.84888 0.017340384 0.000510362 0.9998494 0.76672363
-0.53156304 0.8470902 0.007937404 -19.81128 -0.8470451 -0.5316187 0.008953182 -78.66284 0.011801223 -0.0019620792 0.9999283 0.79333496
-0.53155655 0.847702 0.00589878 -20.322388 -0.84771156 -0.5315721 0.0013946216 -79.486084 0.0043112272 -0.0042608976 0.99998164 0.8203125
-0.5291481 0.84837186 0.013056545 -20.81128 -0.8484588 -0.52916384 -0.00250215 -80.3031 0.004789862 -0.012405718 0.9999116 0.84350586
-0.52785355 0.8487845 0.019544933 -21.30603 -0.84900415 -0.5277925 -0.0085880635 -81.13086 0.0030379116 -0.021137696 0.99977195 0.85375977
-0.52502394 0.8506662 0.015640004 -21.813965 -0.8508098 -0.524946 -0.009066914 -81.94629 0.0004982783 -0.01806678 0.9998366 0.87353516
-0.52252424 0.85225576 0.012783265 -22.308105 -0.8523489 -0.5225013 -0.0053494107 -82.75549 0.002125974 -0.013697157 0.9999039 0.89294434
-0.51828265 0.8557349 0.011781939 -22.81482 -0.8558013 -0.5183055 -0.0012611268 -83.5697 0.0050183227 -0.010734573 0.99992985 0.9017334
-0.50919855 0.85990584 0.0082781995 -23.30066 -0.85993063 -0.509223 0.0010179668 -84.38257 0.00510048 -0.0066007758 0.9999652 0.9234619
-0.5025704 0.8645244 0.0008317912 -23.779663 -0.86452127 -0.50257087 0.002296349 -85.190796 0.002404238 0.0004355465 0.999997 0.94555664
-0.49074078 0.8708652 0.0021666836 -24.245605 -0.8708639 -0.49074462 0.0018199654 -86.01416 0.0026502404 -0.0009931683 0.99999595 0.96520996
-0.48274666 0.8762387 0.005215061 -24.680298 -0.8762516 -0.48275155 -0.0003873373 -86.84436 0.0021750499 -0.0047557093 0.99998635 0.9732666
-0.46856582 0.8830037 0.0019684397 -25.135864 -0.8830028 -0.46855742 -0.0036478704 -87.678955 -0.0022987458 -0.0034502526 0.99999136 0.9893799
-0.45821583 0.8892315 0.0024913207 -25.563965 -0.8892276 -0.4581987 -0.005374918 -88.51868 -0.0036389772 -0.0046745054 0.9999824 1.0053711
-0.44648597 0.8947542 0.00067249965 -25.976929 -0.89474213 -0.4464759 -0.005571545 -89.36194 -0.0046829926 -0.0030876754 0.9999842 1.003418
-0.433794 0.9011115 -0.0017937501 -26.399902 -0.9010971 -0.43379736 -0.0051596984 -90.21777 -0.0054275985 -0.00062093185 0.99998504 1.0185547
-0.42114514 0.9067898 0.0004064103 -26.791138 -0.90678847 -0.4211437 -0.0019159511 -91.068726 -0.0015665747 -0.0011766009 0.99999803 1.0241699
-0.410223 0.9120144 0.001268724 -27.174805 -0.9119782 -0.41021848 0.008467752 -91.91052 0.008242741 0.002315548 0.9999633 1.0362549
-0.396978 0.91782665 0.0031810068 -27.538818 -0.9177436 -0.3969855 0.012508343 -92.75537 0.012743185 0.0020449115 0.99991685 1.0583496
-0.3864857 0.9222453 0.0041712904 -27.882568 -0.9222035 -0.38650802 0.008801335 -93.61633 0.009726581 -0.00044446625 0.9999527 1.0690918
-0.37329304 0.9277656 0.0035604737 -28.229858 -0.92775416 -0.37330696 0.0048377886 -94.47876 0.0058181677 -0.0014982525 0.999982 1.0983887
-0.36357853 0.9313678 0.0065625515 -28.55774 -0.93135655 -0.36361668 0.006036125 -95.34033 0.008014219 -0.0039183423 0.99996036 1.1184082
-0.356206 0.93415064 0.01318157 -28.864136 -0.93413943 -0.35634157 0.009902412 -96.20459 0.013956967 -0.00878142 0.9998641 1.1401367
-0.35047483 0.93640155 0.023164546 -29.183838 -0.9364303 -0.3508512 0.014778784 -97.07251 0.02195828 -0.016508032 0.99962264 1.1563721
-0.34518027 0.93804 0.02831214 -29.497559 -0.93812865 -0.3457092 0.016440962 -97.95569 0.025218315 -0.020897334 0.99946386 1.192627
-0.3431352 0.93879133 0.029137742 -29.804443 -0.9389157 -0.34366965 0.015750414 -98.826904 0.024799813 -0.021947592 0.99945146 1.2249756
-0.3378578 0.9405014 0.032446463 -30.107788 -0.94069755 -0.3384848 0.016124234 -99.70886 0.02616211 -0.02507849 0.9993431 1.2576904
-0.33217764 0.94260526 0.033386733 -30.41565 -0.94291484 -0.33273485 0.012648707 -100.59436 0.023027048 -0.027266221 0.9993626 1.2880859
-0.32692814 0.94444376 0.0302772 -30.717163 -0.9447602 -0.32730758 0.008418477 -101.468506 0.017867541 -0.025853878 0.9995059 1.3220215
-0.32034203 0.9467529 0.029510692 -31.01538 -0.94710773 -0.32061484 0.0048969937 -102.35181 0.0140983565 -0.026377713 0.9995524 1.3586426
-0.31541142 0.948361 0.036303826 -31.29126 -0.9489282 -0.31576517 0.0043122573 -103.236084 0.015545567 -0.033080176 0.99933165 1.3793945
-0.30956998 0.9499458 0.04405822 -31.552734 -0.95078146 -0.3100926 0.0054083094 -104.09265 0.018787103 -0.0402238 0.9990143 1.3963623
-0.30159852 0.9525584 0.044754066 -31.81958 -0.9533691 -0.3022429 0.008259932 -104.95984 0.021369057 -0.040166806 0.9989644 1.4344482
-0.2949431 0.9546432 0.041673284 -32.083496 -0.9552414 -0.29567912 0.012633859 -105.82568 0.0243685 -0.036081966 0.9990517 1.4682617
-0.28776833 0.95679545 0.04337234 -32.348633 -0.9575232 -0.28844032 0.00999335 -106.70715 0.022061234 -0.0386351 0.9990094 1.5010986
-0.28038985 0.9588802 0.043125317 -32.598755 -0.9596867 -0.28088686 0.0058087367 -107.5697 0.0176859 -0.03976667 0.9990526 1.5303955
-0.27189118 0.96146554 0.041369047 -32.843872 -0.96226 -0.27221608 0.0023254529 -108.468994 0.013486151 -0.039162558 0.99914163 1.5616455
-0.26537347 0.9630988 0.045599747 -33.070557 -0.96400446 -0.26592502 0.006372504 -109.34387 0.018265784 -0.04225349 0.9989395 1.5869141
-0.25861424 0.9647807 0.046493262 -33.30017 -0.9656622 -0.2593212 0.009761509 -110.22644 0.021500196 -0.042392083 0.99887 1.611084
-0.2514654 0.9666009 0.0467466 -33.525757 -0.9674855 -0.2521951 0.010327318 -111.09961 0.021778207 -0.042631667 0.99885327 1.6346436
-0.2450314 0.96832746 0.047684945 -33.728027 -0.969274 -0.24574123 0.00953624 -111.97888 0.02096142 -0.04386988 0.99881685 1.6650391
-0.23699757 0.97046417 0.04423155 -33.947876 -0.9712791 -0.23761177 0.0091138305 -112.85828 0.0193581 -0.0408151 0.99897945 1.6923828
-0.22983694 0.9723542 0.039721936 -34.159058 -0.9729801 -0.23039767 0.010092763 -113.74585 0.018980471 -0.036314767 0.99915963 1.7250977
-0.22186828 0.97423244 0.03840343 -34.36731 -0.9748167 -0.22239777 0.010048083 -114.63562 0.018345732 -0.035203755 0.9992115 1.7539062
-0.21335267 0.97581697 0.04432313 -34.554565 -0.9766488 -0.21395336 0.009204777 -115.517334 0.018503172 -0.041334964 0.9989738 1.7841797
-0.20775628 0.97687745 0.049573455 -34.73999 -0.97798616 -0.20834027 0.0068610986 -116.42114 0.01703323 -0.04706055 0.9987468 1.8221436
-0.2035154 0.978089 0.046135463 -34.92981 -0.9790341 -0.20406364 0.007458954 -117.3302 0.016706485 -0.043652743 0.99890727 1.848999
-0.19844712 0.97919244 0.04449575 -35.112305 -0.9800614 -0.19898438 0.007951567 -118.2146 0.016625578 -0.042023767 0.99897826 1.8780518
-0.19339117 0.9801494 0.043453757 -35.289917 -0.9809625 -0.19394504 0.008876747 -119.12366 0.017123757 -0.040907275 0.99901617 1.9051514
-0.18633856 0.98181486 0.037423827 -35.470947 -0.9824176 -0.18675302 0.007874389 -120.00574 0.014718492 -0.035295684 0.9992685 1.9302979
-0.18192519 0.98284954 0.02907725 -35.647217 -0.9832115 -0.18218052 0.0063689137 -120.894165 0.011552316 -0.027428519 0.99955696 1.9510498
-0.17843163 0.9836377 0.027075823 -35.80945 -0.9839575 -0.17863905 0.0054334123 -121.793945 0.010176832 -0.02567404 0.9996187 1.975708
-0.17410982 0.98425484 0.02930985 -35.95923 -0.98462874 -0.17435694 0.006076476 -122.67236 0.011099929 -0.027805027 0.9995518 1.9931641
-0.1691165 0.98508555 0.030456962 -36.108032 -0.98546934 -0.16943191 0.008068617 -123.55676 0.013122624 -0.028659785 0.99950325 2.0146484
-0.16781783 0.9853061 0.031294245 -36.254517 -0.98572034 -0.16813003 0.007611613 -124.440674 0.01275888 -0.029574266 0.9994813 2.0284424
-0.16634275 0.98545444 0.032561954 -36.397583 -0.9859247 -0.16662718 0.006198796 -125.32886 0.011543513 -0.031076655 0.9994504 2.0567627
-0.16570924 0.98576546 0.02879061 -36.539795 -0.9861668 -0.16581595 0.0013454924 -126.21118 0.0060964366 -0.028169733 0.9995846 2.0726318
-0.16364633 0.9859969 0.030067423 -36.687744 -0.9864548 -0.16360758 -0.0037593967 -127.0918 0.00122301 -0.030288968 0.9995405 2.0925293
-0.16366449 0.986074 0.029112944 -36.829712 -0.9865035 -0.16356982 -0.0056137266 -127.97046 -0.0007784238 -0.02964721 0.9995603 2.1053467
-0.16227831 0.9863439 0.029826213 -36.968018 -0.9867842 -0.16234232 -0.00027648127 -128.83813 0.004562037 -0.029475303 0.9995552 2.1140137
-0.16222645 0.98636454 0.02942362 -37.107056 -0.98677176 -0.16238691 0.003134082 -129.70825 0.007858743 -0.02851825 0.9995624 2.1323242
-0.16143075 0.9863132 0.03250898 -37.24463 -0.9868219 -0.1615832 0.002101847 -130.5664 0.007333602 -0.03174901 0.999469 2.1497803
-0.16144027 0.9863198 0.03294073 -37.370605 -0.98684436 -0.16158739 0.001836135 -131.43274 0.0071435403 -0.032221597 0.9994553 2.1656494
-0.16073523 0.9866095 0.028430026 -37.52173 -0.987 -0.16084471 0.0015920824 -132.29163 0.0061439765 -0.02780192 0.9995945 2.1861572
-0.16008067 0.9866631 0.03029731 -37.65503 -0.98709553 -0.16024972 0.0032228073 -133.15747 0.0080368435 -0.029391605 0.9995356 2.2086182
-0.15865482 0.9864694 0.039225064 -37.779053 -0.9871766 -0.15899959 0.0058008796 -134.00977 0.011972599 -0.037798516 0.99921334 2.2192383
-0.15872909 0.98622954 0.04559782 -37.90027 -0.9871828 -0.15920332 0.006939642 -134.87341 0.014113561 -0.043924935 0.9989354 2.2366943
-0.16016364 0.9860955 0.044453472 -38.02417 -0.98695666 -0.16073729 0.009617289 -135.71362 0.016631687 -0.042326637 0.9989652 2.2562256
-0.15945949 0.9863105 0.04228606 -38.16272 -0.9870586 -0.16005291 0.011027728 -136.60266 0.017628524 -0.03997222 0.99904525 2.288086
-0.15731062 0.9865559 0.043873604 -38.284546 -0.9873489 -0.15797937 0.01218132 -137.40918 0.018959647 -0.041387003 0.99896276 2.3105469
-0.15509653 0.98720413 0.036610655 -38.4281 -0.98774636 -0.15558493 0.010868387 -138.27051 0.016437568 -0.0344809 0.99927026 2.3295898
-0.15292513 0.98769087 0.029708054 -38.55835 -0.98807067 -0.1531955 0.0070191436 -139.11182 0.0115006305 -0.028272249 0.9995338 2.364502
-0.15012445 0.988282 0.024336472 -38.687622 -0.9885619 -0.15023172 0.0026313714 -139.94873 0.006265021 -0.023671353 0.99970025 2.3909912
-0.14664271 0.98897845 0.019421937 -38.809204 -0.98915744 -0.14670826 0.001983048 -140.776 0.004814243 -0.018918026 0.9998094 2.4056396
-0.1423433 0.98954546 0.021511251 -38.930542 -0.98973656 -0.14250568 0.0061996514 -141.59448 0.0092095435 -0.020410104 0.9997493 2.433838
-0.13609183 0.9905627 0.02000006 -39.03601 -0.99068475 -0.13630949 0.009951096 -142.41113 0.012581325 -0.018461559 0.99975044 2.4412842
-0.12691486 0.9917795 0.018143268 -39.147583 -0.99184847 -0.12713718 0.011665299 -143.26868 0.0138791995 -0.01651643 0.99976724 2.4484863
-0.116493925 0.99306995 0.015738737 -39.244995 -0.9931411 -0.11663747 0.008531978 -144.06958 0.010307168 -0.014638767 0.99983966 2.4656982
-0.10610652 0.99434465 0.010082935 -39.32849 -0.99437296 -0.10616732 0.005700721 -144.85754 0.0067381524 -0.009421356 0.9999328 2.4925537
-0.091570966 0.9958159 0.0063195033 -39.414307 -0.9958112 -0.091611624 0.006488772 -145.71802 0.007036005 -0.0057009207 0.9999589 2.5256348
-0.07712517 0.99701464 0.005522052 -39.474365 -0.9970013 -0.077163704 0.007149066 -146.49512 0.00755338 -0.004950784 0.9999591 2.5372314
-0.06340134 0.9979974 0.004141841 -39.522095 -0.99797994 -0.063429005 0.0069605056 -147.3479 0.0072055766 -0.003691067 0.9999671 2.558838
-0.048988577 0.99880165 0.0002791006 -39.561768 -0.9987494 -0.048988815 0.010220708 -148.09277 0.0102219675 0.00022290647 0.99994767 2.567505
-0.034810197 0.9993857 0.0032625692 -39.582886 -0.999279 -0.034855004 0.014867564 -148.92224 0.014973459 -0.00274436 0.999884 2.5909424
-0.02197801 0.9997179 0.0101699745 -39.584106 -0.9994706 -0.022219185 0.024234112 -149.68787 0.024455309 -0.009638407 0.9996545 2.610962
-0.008579492 0.9997898 0.01879791 -39.572388 -0.9994178 -0.009195686 0.032949988 -150.43604 0.033114232 -0.018501272 0.99928033 2.6329346
