1.000000000000000000e+00 4.398956837314658088e-19 2.733407509747682871e-20 -8.673617379884035472e-19 -5.583667658079949532e-19 1.000000000000000000e+00 -6.100159232558060012e-19 0.000000000000000000e+00 4.145284534913582806e-20 -2.210423569125054137e-19 1.000000000000000222e+00 0.000000000000000000e+00
9.999436133605751342e-01 -1.150988862510949522e-03 1.055676745271969322e-02 6.812022790533402150e-02 1.146893759939780766e-03 9.999992647141104918e-01 3.939590671266090540e-04 -6.223116416456397904e-03 -1.055721331529895467e-02 -3.818293553094957260e-04 9.999441981633467869e-01 2.913227981313435411e-01
9.998575703782702773e-01 -2.520741294925389619e-03 1.668786516654817420e-02 9.535280502130517866e-02 2.508608238941123243e-03 9.999965737172739066e-01 7.479529833433105034e-04 -1.018648814083142340e-02 -1.668969367323719713e-02 -7.059831258980157334e-04 9.998604681126462834e-01 5.524398171177082872e-01
9.997895544905351928e-01 -6.280414889279272404e-03 1.952954563157684523e-02 7.953074394180317808e-02 6.300967415797848609e-03 9.999796576291971606e-01 -9.910228415663266486e-04 -1.152461141066100925e-02 -1.952292465810007149e-02 1.113869348657789459e-03 9.998087890626260466e-01 9.269047984019191944e-01
9.998288773567909349e-01 -6.743002763877932806e-03 1.722637362779976672e-02 8.328118796191705253e-02 6.774015700411457550e-03 9.999755377264833989e-01 -1.742598083627632313e-03 -1.472536241878669161e-02 -1.721420218689695067e-02 1.858991648813852196e-03 9.998500964513524769e-01 1.173508073473577884e+00
9.998955198185459636e-01 -1.034514106908568723e-02 1.009591668773387324e-02 8.533054878696266776e-02 1.038072601562322304e-02 9.999400679110906909e-01 -3.478662902504344682e-03 -1.523951028828002263e-02 -1.005932453626515004e-02 3.583102445687072219e-03 9.999429840514884038e-01 1.515020403413937622e+00
9.999374109189564930e-01 -1.107390398335327507e-02 -1.594651206106897706e-03 6.500522472389977380e-02 1.106611176967283068e-02 9.999271751551482845e-01 -4.815136321080484491e-03 -2.679013655258984106e-02 1.647857458459801557e-03 4.797188407976818100e-03 9.999871356926165467e-01 1.840983355590678938e+00
9.997903361360914731e-01 -1.094248967358631836e-02 -1.730738797076339722e-02 3.745215452227465547e-02 1.085885871053418432e-02 9.999289431496534153e-01 -4.918721452251715275e-03 -3.669090071168036593e-02 1.735998151837142567e-02 4.729751728584182489e-03 9.998381171564322267e-01 2.161861144693869363e+00
9.993269100217572198e-01 -6.357643705856116240e-03 -3.612903556633201979e-02 5.182342150731503172e-03 6.163675534747441176e-03 9.999660018611796763e-01 -5.477610373350253435e-03 -3.759774943834005845e-02 3.616263256342497345e-02 5.251235815423386730e-03 9.993321212693424549e-01 2.522413023086551576e+00
9.984162854960014766e-01 -3.671379625252889616e-03 -5.613770302896672199e-02 -4.786239857731182379e-02 3.328117043413830918e-03 9.999751985683904554e-01 -6.206921935069695945e-03 -5.300126914810632250e-02 5.615909966746259613e-02 6.010259102568513145e-03 9.984037422014458985e-01 2.865430456417417560e+00
9.971236435478999516e-01 -2.998411139355314486e-03 -7.573274594558099260e-02 -9.371499336423105841e-02 2.530966541483463048e-03 9.999771559721614134e-01 -6.267514539088902929e-03 -5.487285591892615555e-02 7.574980979628637145e-02 6.057809875119155897e-03 9.971084542109656113e-01 3.208240044974636440e+00
9.953043728580285299e-01 -3.484931631855877222e-03 -9.673189923824636327e-02 -1.378485607205311991e-01 2.921291915568155484e-03 9.999779252474763069e-01 -5.967836028601596586e-03 -6.229795316795598559e-02 9.675056307635163111e-02 5.657231145961403966e-03 9.952925823975443675e-01 3.597015692615950222e+00
9.932139163930188142e-01 -4.267416387240170923e-03 -1.162235133362345546e-01 -2.047196295692914059e-01 3.666289459962230289e-03 9.999787773863211271e-01 -5.385451951143655457e-03 -7.702959304401608975e-02 1.162440307440019555e-01 4.922796723396907596e-03 9.932084835436342241e-01 3.988398779096052227e+00
9.910474105993670735e-01 -4.217263621696883819e-03 -1.334437864617854519e-01 -2.913837017197010715e-01 3.610546555763672564e-03 9.999820180425821325e-01 -4.788271008524520693e-03 -8.210443569701650346e-02 1.334615825897434715e-01 4.263598500252039833e-03 9.910448164401286508e-01 4.386468294982053706e+00
9.887164844035387645e-01 -3.331553992184129245e-03 -1.497618563797817604e-01 -3.765939986036622722e-01 2.728340290938962697e-03 9.999873184335983378e-01 -4.233098978273636820e-03 -8.487437970810660093e-02 1.497740625527710090e-01 3.776733332784046413e-03 9.887130357522531110e-01 4.807125682670521982e+00
9.865995788524580812e-01 -2.674833716290869658e-03 -1.631383326831281899e-01 -4.533973922440553972e-01 2.017855605568315801e-03 9.999891747227223071e-01 -4.192695210953690035e-03 -8.748309015705403591e-02 1.631477842495301367e-01 3.807321617625078047e-03 9.865942962949221240e-01 5.207405437666289494e+00
9.844667606946972960e-01 -3.608207628854285913e-03 -1.755339772099656359e-01 -5.357217296315417432e-01 2.762555857997202671e-03 9.999833735142683588e-01 -5.061716696421426562e-03 -9.824458734298906204e-02 1.755493254573426976e-01 4.498169305744799049e-03 9.844603605927753076e-01 5.660464030640938837e+00
9.827379819041476283e-01 -6.409380332024133993e-03 -1.848918006043671347e-01 -6.258674238953216840e-01 5.227249388546920117e-03 9.999626674627946077e-01 -6.880373248169418567e-03 -1.101384495417012527e-01 1.849290002505311337e-01 5.795128457468036627e-03 9.827347974896312177e-01 6.096387392295664398e+00
9.811810001225931277e-01 -5.685393960650367805e-03 -1.930065294046427182e-01 -7.278801690173326566e-01 4.122272825838831957e-03 9.999553823201303704e-01 -8.499425235674045939e-03 -1.170431384066377561e-01 1.930462438180231832e-01 7.543848878521055082e-03 9.811606591172413738e-01 6.545923154131298993e+00
9.795228603291323832e-01 -5.897182258560179288e-03 -2.012465859738294671e-01 -8.336797400656633661e-01 3.864790648521644698e-03 9.999375051933461211e-01 -1.049042873570690468e-02 -1.219845955916961239e-01 2.012958765545865281e-01 9.497838745098309207e-03 9.794844368927494438e-01 7.012307000798577050e+00
9.779961112906299103e-01 -6.409737426920495904e-03 -2.085246281335290386e-01 -9.383501220657313180e-01 3.783092417985007335e-03 9.999084346007135471e-01 -1.299271412511979369e-02 -1.369696665473381092e-01 2.085888179797203146e-01 1.191795587317645566e-02 9.779308096055138178e-01 7.491072022392676999e+00
9.762496360905836834e-01 -1.013462004108292049e-02 -2.164114978900746056e-01 -1.070427120107708685e+00 7.056561044219829444e-03 9.998627253059477749e-01 -1.499118001628321588e-02 -1.470322837599304377e-01 2.165337237191777842e-01 1.310801301966674215e-02 9.761871375864848988e-01 8.017559232588867602e+00
9.743716560662603055e-01 -1.563723089147249501e-02 -2.243999815313373891e-01 -1.180250170674635335e+00 1.235395875687623352e-02 9.997952205781263091e-01 -1.602799398820941093e-02 -1.640018119054832690e-01 2.246046663539923993e-01 1.284499485272727615e-02 9.743653068195748945e-01 8.532437038392993500e+00
9.724021883069944305e-01 -1.641031788136316713e-02 -2.327330754613016472e-01 -1.307115305661776583e+00 1.246625036730300215e-02 9.997528462262694759e-01 -1.840758112541535443e-02 -1.816645295427483930e-01 2.329776328825212961e-01 1.499826331702875000e-02 9.723664308913689824e-01 9.033212101239632474e+00
9.702842331404122334e-01 -1.277142313287950651e-02 -2.416307024181002794e-01 -1.454096106323926385e+00 7.655369371844614537e-03 9.997264546089966730e-01 -2.210002852810310017e-02 -1.888000025580079955e-01 2.418468584388261677e-01 1.959353692257894200e-02 9.701165866570451435e-01 9.568879239128184722e+00
9.681926512103942173e-01 -1.006808260509178300e-02 -2.500032448777593230e-01 -1.611099314514102598e+00 3.911039378538492053e-03 9.996769824526057224e-01 -2.511243750953489132e-02 -2.064976835929998034e-01 2.501753278484116771e-01 2.333590490864576039e-02 9.679192850084311628e-01 1.009605788047500319e+01
9.658421792948254092e-01 -1.273349823662190024e-02 -2.588179692902268791e-01 -1.781999976991866408e+00 5.835857239010500477e-03 9.996074751053785068e-01 -2.740143193076333833e-02 -2.257921006858953361e-01 2.590652973422798988e-01 2.495503401432250593e-02 9.655373734311599732e-01 1.066401880990103557e+01
9.634883105996064900e-01 -1.388812980731281115e-02 -2.673899654269575876e-01 -1.922998216914316050e+00 6.398063264550057916e-03 9.995629087126770562e-01 -2.886271468466944379e-02 -2.591036634612601253e-01 2.676739453419275661e-01 2.609811030152392811e-02 9.631560357566498753e-01 1.121132769965136333e+01
9.614513197236019826e-01 -1.441060920278710265e-02 -2.745973279019827684e-01 -2.116475084127911632e+00 5.891213385406914027e-03 9.994761076077017803e-01 -3.182458032265296499e-02 -2.845541980655471037e-01 2.749120847746129304e-01 2.898007332328366922e-02 9.610325190448995025e-01 1.178659829090257105e+01
9.590188695416351772e-01 -1.393969882235282683e-02 -2.829991005538768367e-01 -2.291836863179600670e+00 4.101179843992189440e-03 9.993673588810492170e-01 -3.532792543174521210e-02 -3.029797014854717085e-01 2.833125292020811092e-01 3.271951695641973218e-02 9.584693243732291812e-01 1.239742924304646188e+01
9.567541306981758309e-01 -1.492979643360614270e-02 -2.905144277698764044e-01 -2.489491471982638426e+00 3.306735278402020504e-03 9.991757507380393255e-01 -4.045843084109006921e-02 -3.311819255827022079e-01 2.908790126051262193e-01 3.774811661441267868e-02 9.560148960966312615e-01 1.298598661449948288e+01
9.549603284116328084e-01 -1.636726786125912783e-02 -2.962817608479317855e-01 -2.694517271856021079e+00 2.386666961900772103e-03 9.988689963817227735e-01 -4.748717587848541588e-02 -3.693558995085239327e-01 2.967239055279259907e-01 4.464124333419703522e-02 9.539193284490325997e-01 1.358932260704593808e+01
9.536842246581432869e-01 -1.667934866772378608e-02 -3.003467946027570390e-01 -2.903729110830348681e+00 2.099114824428974155e-07 9.984616021841338229e-01 -5.544753328364852851e-02 -4.065126771181049592e-01 3.008095756488762818e-01 5.287937496683878941e-02 9.522170828417921840e-01 1.420779354986512644e+01
9.524218062930543960e-01 -1.660516091230241492e-02 -3.043303625072986129e-01 -3.113634380783209643e+00 -3.109465409815763848e-03 9.979334002406536897e-01 -6.418146064645073590e-02 -4.552253193206247106e-01 3.047671821528384339e-01 6.207412771997716100e-02 9.504018988582837446e-01 1.483129977760043161e+01
9.510759462912014017e-01 -1.571025933079589487e-02 -3.085574988588987155e-01 -3.341141186190819123e+00 -7.144978001561250007e-03 9.973208242325782846e-01 -7.280194243497618845e-02 -4.996112556649177638e-01 3.088745617599516491e-01 7.144481322177030636e-02 9.484155976239542207e-01 1.549778671425153398e+01
9.496346343973564030e-01 -1.440715888445916713e-02 -3.130279425777975910e-01 -3.557839829489374051e+00 -1.128574744224440478e-02 9.967219836789056320e-01 -8.011191632206911273e-02 -5.482765335242171245e-01 3.131560223251831920e-01 7.960980512702153788e-02 9.463591214330629997e-01 1.613062419514183432e+01
9.479858134117870039e-01 -1.348163060898443198e-02 -3.180269501988207126e-01 -3.789840202197495067e+00 -1.481427716207675722e-02 9.961514854004925867e-01 -8.638724041758379102e-02 -6.214994654803323026e-01 3.179676651237743901e-01 8.660521827762639180e-02 9.441377559846678702e-01 1.679088779244786522e+01
9.464893696707123993e-01 -1.239933537759612368e-02 -3.224967090881543652e-01 -4.052628293121492753e+00 -1.842422376962999167e-02 9.955561402327680609e-01 -9.234998431711737010e-02 -6.843804639842218096e-01 3.222086628528280650e-01 9.335003055278870421e-02 9.420548559442681880e-01 1.747043404131180822e+01
9.447783982659733182e-01 -1.067279519510278517e-02 -3.275360550192988329e-01 -4.292652609201465630e+00 -2.265746051988915336e-02 9.949504930041832562e-01 -9.777604990551193309e-02 -7.606518168087330611e-01 3.269257087361742697e-01 9.979783568197460319e-02 9.397659151374035957e-01 1.814596496994728625e+01
9.428187520286268608e-01 -7.550048456300136740e-03 -3.332203403754238069e-01 -4.536838748645368291e+00 -2.759618811758350609e-02 9.945426193454255381e-01 -1.006152508112330840e-01 -8.395765962940585636e-01 3.321614858036223139e-01 1.040575570628427676e-01 9.374650790987002491e-01 1.883554626931380227e+01
9.412626230975046360e-01 -7.169380185693094085e-03 -3.375992771604231502e-01 -4.811382202462284319e+00 -2.910333892268600342e-02 9.943319635749745533e-01 -1.022591896436991082e-01 -9.168965847726820995e-01 3.364188928884138119e-01 1.060780199379749711e-01 9.357188598142026636e-01 1.952723144713260339e+01
9.390742530369640129e-01 -6.873929712556281317e-03 -3.436455934338515927e-01 -5.101913685133384391e+00 -2.978458107060062351e-02 9.944117040815724229e-01 -1.012829773910484954e-01 -1.013228898527594568e+00 3.424214180589071344e-01 1.053475770386663318e-01 9.336216915647992387e-01 2.024263418225141820e+01
9.370217012909507481e-01 -6.459911976102727764e-03 -3.492113948404614865e-01 -5.381034266401214516e+00 -3.042003880626969678e-02 9.945201169308335309e-01 -1.000217889045404984e-01 -1.091621884739910397e+00 3.479438951034606320e-01 1.043456116363633140e-01 9.316904216296095775e-01 2.095157871440642694e+01
9.342360334865787985e-01 -6.289635727364886221e-03 -3.565998759928262207e-01 -5.641202700128356895e+00 -3.079454112497307175e-02 9.946880577269092694e-01 -9.822099598811215304e-02 -1.175348959278495142e+00 3.553234183729769846e-01 1.027429238702995962e-01 9.290797396399197439e-01 2.167938513469814410e+01
9.314707248433116149e-01 -6.003857223204238543e-03 -3.637667380353379887e-01 -5.958216200567997056e+00 -3.060438624932237950e-02 9.950268415519449849e-01 -9.478900853350838429e-02 -1.262142919302723598e+00 3.625267742610455146e-01 9.942604483115938252e-02 9.266546294630269021e-01 2.238483619450759576e+01
9.278845920999601038e-01 -2.699894367926700383e-03 -3.728577361745986085e-01 -6.288923689412284190e+00 -3.306487451203552613e-02 9.954385008427659720e-01 -8.949248645831588134e-02 -1.341306072757666445e+00 3.713985725214135614e-01 9.536719409316077312e-02 9.235627761497416932e-01 2.318239196485703957e+01
9.243722645735578114e-01 -6.577857027146000830e-04 -3.814911280633496160e-01 -6.591422865060139635e+00 -3.391042107237163955e-02 9.958983809139384524e-01 -8.388383792142742323e-02 -1.429997926117133833e+00 3.799815808499853453e-01 9.047641849691326343e-02 9.205585363767229135e-01 2.390834678524750601e+01
9.208555391244392929e-01 3.808708900164953053e-03 -3.898853250095807854e-01 -6.920864924614607894e+00 -3.797543641164728700e-02 9.960742413385260674e-01 -7.996231621955787738e-02 -1.496081636173874241e+00 3.880501827632743539e-01 8.843980763912846765e-02 9.173851204269106718e-01 2.464686398847009485e+01
9.169797646209295605e-01 4.078420178416064176e-03 -3.989128657850598003e-01 -7.255263877085440072e+00 -3.831971568388629901e-02 9.962244538267567284e-01 -7.790017352231430603e-02 -1.569545182790694104e+00 3.970890489905654630e-01 8.671911081538130617e-02 9.136739496229394630e-01 2.537876485918584279e+01
9.130558587238556401e-01 4.343633485615222035e-03 -4.078113881300100552e-01 -7.603443081044509277e+00 -3.926324531742795415e-02 9.962347616115957427e-01 -7.729616662093077850e-02 -1.645579488277495672e+00 4.059401417608285434e-01 8.658771679178445257e-02 9.097885314550758773e-01 2.615605344214750261e+01
9.092164578316299650e-01 4.078892998810482000e-03 -4.163037255430250272e-01 -7.978600420365077994e+00 -3.944265473036807912e-02 9.962981808175011000e-01 -7.638201319380520660e-02 -1.714041241621776068e+00 4.144510974575488782e-01 8.586790800003842039e-02 9.060115858414599099e-01 2.692210382873048502e+01
9.053089493444346214e-01 4.582086672870868370e-03 -4.247289807014311136e-01 -8.365047964668152147e+00 -4.004028835280169785e-02 9.964096409741496352e-01 -7.459626490606230398e-02 -1.788603531078709841e+00 4.228622518579955303e-01 8.453893745862030296e-02 9.022420338370021886e-01 2.772002592801373311e+01
9.014027452827364506e-01 5.332664780845797724e-03 -4.329487841313480745e-01 -8.747016585872019689e+00 -4.060316471462188659e-02 9.965589154128263738e-01 -7.226140869039879289e-02 -1.865938494410129600e+00 4.310736322552730093e-01 8.271572333454715875e-02 8.985174658459371688e-01 2.849267903272868097e+01
8.975603831353540230e-01 6.624947699654110643e-03 -4.408417683959733879e-01 -9.138337254993521341e+00 -4.073868539950644546e-02 9.968556926176417310e-01 -6.796387034333431498e-02 -1.929610171058128376e+00 4.390053768048668981e-01 7.896099194395941878e-02 8.950080696589968188e-01 2.926972375697742734e+01
8.937618053586321443e-01 7.499213992198205773e-03 -4.484792002021140700e-01 -9.549435175142674481e+00 -3.970251734177901448e-02 9.972583163272442652e-01 -6.244646266759179554e-02 -1.988494270426287569e+00 4.467813203769257502e-01 7.361801670457368552e-02 8.916091314974107229e-01 3.008988111260481446e+01
8.899192753961752134e-01 6.988873515014676352e-03 -4.560645072166251146e-01 -9.963577244674366895e+00 -3.758348327915290998e-02 9.976060277313248958e-01 -5.804907651176195033e-02 -2.059729748166308827e+00 4.545670115820836799e-01 6.879948510631007930e-02 8.880515001664595065e-01 3.088114967543847911e+01
8.863919044987088602e-01 6.284127444825276035e-03 -4.628929650417480945e-01 -1.042060565667348904e+01 -3.636826617855874050e-02 9.977627885577187161e-01 -5.609605198501532025e-02 -2.126654515003382429e+00 4.615048687882560285e-01 6.655770111087923324e-02 8.846374018433897923e-01 3.169800056564228186e+01
8.830945970235998255e-01 6.455343126198736896e-03 -4.691505694867511012e-01 -1.086089940743464410e+01 -3.655707958885819064e-02 9.978123383358046272e-01 -5.508282365340788633e-02 -2.190035865753447997e+00 4.677686562775678070e-01 6.579411884462831039e-02 8.813986739654076086e-01 3.251451864665263969e+01
8.801347234313070533e-01 6.358214489741493940e-03 -4.746814060196816731e-01 -1.131578164768171213e+01 -3.583399287155849405e-02 9.979473935465227319e-01 -5.307470897814853955e-02 -2.248364921949927986e+00 4.733696196511925081e-01 6.372262458302599408e-02 8.785559940841455306e-01 3.333336325338736827e+01
8.769347948462379305e-01 5.071739693361075607e-03 -4.805826031450501912e-01 -1.177642807648579470e+01 -3.406620681523428451e-02 9.980851566091730742e-01 -5.162861387666050489e-02 -2.302433559490875581e+00 4.794005240724583117e-01 6.164655440102956990e-02 8.754283776455781263e-01 3.416474093032491766e+01
8.742868270388480800e-01 4.705927231673012745e-03 -4.853868494639969056e-01 -1.225570250851831844e+01 -3.394354549544101318e-02 9.980978934851202355e-01 -5.146290703737446681e-02 -2.363571328240600344e+00 4.842214196024974271e-01 6.146909243837798270e-02 8.727835768932755700e-01 3.501058810692616419e+01
8.726602941995464935e-01 3.951681452301056274e-03 -4.883117758236371064e-01 -1.274399017244019738e+01 -3.346257578765128582e-02 9.981006544258549384e-01 -5.172368621765418423e-02 -2.428012730528591234e+00 4.871799158559572129e-01 6.147737716313302070e-02 8.711350448451402606e-01 3.583853063996058808e+01
8.709377170802056201e-01 3.889594209123204555e-03 -4.913780207094248786e-01 -1.323712116108726100e+01 -3.392502961798372907e-02 9.980586892154474921e-01 -5.222973585375564887e-02 -2.481908339940488872e+00 4.902209592063660470e-01 6.215886094288800706e-02 8.693789115733013828e-01 3.670518637997059130e+01
8.702330952182395496e-01 3.703287963881094283e-03 -4.926262689254750082e-01 -1.373252638376051316e+01 -3.332557572103156396e-02 9.981236640315904740e-01 -5.136688974944574049e-02 -2.546565221099248877e+00 4.915117186029228091e-01 6.111822160360994710e-02 8.687236604434123155e-01 3.759420863198368323e+01
8.699943415396443891e-01 3.509292829145876751e-03 -4.930492122860258841e-01 -1.424861094531113892e+01 -3.229289682242835607e-02 9.982331934776199622e-01 -4.987645047803120762e-02 -2.603291823011060657e+00 4.920030671116116250e-01 5.931421713380131272e-02 8.685705557739921145e-01 3.848432933276126278e+01
8.698133480518476235e-01 2.405458091040719743e-03 -4.933750586532694160e-01 -1.475745482378298412e+01 -3.070466338706241693e-02 9.983136897106555940e-01 -4.926459821345340745e-02 -2.664007126332887943e+00 4.924245797573981731e-01 5.799992030142343130e-02 8.684204323150856997e-01 3.936260672559344442e+01
8.694108990287749972e-01 1.248286647718542790e-03 -4.940881759345440716e-01 -1.528241316418964857e+01 -2.972947094051671749e-02 9.983171120176612678e-01 -4.979058607978467665e-02 -2.724532873513064057e+00 4.931945364391105979e-01 5.797745836466363517e-02 8.679848894585823205e-01 4.024634836330987042e+01
8.681146127701070414e-01 -1.913979899857128704e-04 -4.963637553155925697e-01 -1.581883786298173789e+01 -2.851577236905464968e-02 9.983291177499270530e-01 -5.025757084749010034e-02 -2.785929184905732381e+00 4.955440176481130665e-01 5.778352760042863162e-02 8.666586382961832813e-01 4.117882935166586122e+01
8.666496425733800635e-01 -1.422343499641640086e-03 -4.989151922434886810e-01 -1.634640873280860163e+01 -2.632371131196890868e-02 9.984727163089837099e-01 -4.857259570897591583e-02 -2.849150690944747488e+00 4.982223026947927291e-01 5.522872226144830143e-02 8.652885820379967452e-01 4.209338481244533625e+01
8.647963531070151921e-01 -1.758011653924006603e-03 -5.021196790359230278e-01 -1.689027328586749022e+01 -2.419135296655457179e-02 9.986867627120643576e-01 -4.516113890377217166e-02 -2.903244717642284645e+00 5.015396791922728248e-01 5.120214263513997444e-02 8.636181423037817551e-01 4.302445925334096444e+01
8.616944747394053028e-01 -8.239421111902142962e-04 -5.074267910269406601e-01 -1.743914290275225198e+01 -2.283643306328493258e-02 9.989225053838480806e-01 -4.040204950045556131e-02 -2.976820867849108154e+00 5.069133390726388022e-01 4.640204074306471943e-02 8.607471883863178075e-01 4.394138560481305689e+01
8.578826758768480776e-01 -2.412535496366889371e-03 -5.138399448424234572e-01 -1.798312313264041862e+01 -2.028895250937724770e-02 9.990501324716832832e-01 -3.856411869568258932e-02 -3.037056616351517135e+00 5.134449111165616531e-01 4.350876351927008417e-02 8.570188538744833995e-01 4.481787251557463492e+01
8.525606506552878550e-01 -4.248689025137968034e-03 -5.226110219341989493e-01 -1.853558939340475931e+01 -1.971605432955358603e-02 9.989936792992686332e-01 -4.028530695002587037e-02 -3.099363324210251847e+00 5.222562763846834155e-01 4.464949475247979166e-02 8.516189345649688436e-01 4.573909529972624455e+01
8.468809281989347904e-01 -8.025560244973507784e-03 -5.317219934505674761e-01 -1.911541629731943104e+01 -1.788347279400746490e-02 9.988907370738828728e-01 -4.356003692934719285e-02 -3.157617238924242731e+00 5.314817768138692111e-01 4.639920026739246389e-02 8.457979904312102892e-01 4.662746340126748379e+01
8.406850926882663000e-01 -8.782306177192351210e-03 -5.414530822947694055e-01 -1.970711655972932164e+01 -1.747980990559910852e-02 9.989073614212350405e-01 -4.334212237341469182e-02 -3.218414705642494322e+00 5.412421228840138543e-01 4.590157306013162297e-02 8.396130154317131833e-01 4.752185388546364919e+01
8.350283482531687396e-01 -4.841627073185442338e-03 -5.501856144803691784e-01 -2.031506870205468474e+01 -1.948888436275103900e-02 9.990735138381025005e-01 -3.837052733783315184e-02 -3.259700082388941933e+00 5.498616603846296913e-01 4.276298178819212120e-02 8.341603488974210778e-01 4.839179891765326857e+01
8.295205287348664802e-01 -1.288542994815900389e-03 -5.584747317607237083e-01 -2.090070262561435754e+01 -2.094432611165323102e-02 9.992220925654825558e-01 -3.341474184883354293e-02 -3.327752573300902572e+00 5.580833560704500096e-01 3.941509109782251330e-02 8.288482516601108907e-01 4.927661572169243698e+01
8.254818710725599917e-01 -7.020568862583105021e-04 -5.644281898321460433e-01 -2.151552442435366075e+01 -2.283244531679414629e-02 9.991391621617446983e-01 -3.463544599682858577e-02 -3.371970885267777440e+00 5.639666344664744368e-01 4.147820842474687214e-02 8.247552361519723263e-01 5.015456963980341243e+01
8.219748504960449065e-01 -2.329972760765467148e-03 -5.695190164591896753e-01 -2.213154686429357199e+01 -2.414451220494629943e-02 9.989500381637698156e-01 -3.893409595622263075e-02 -3.425549344740689506e+00 5.690117684168131129e-01 4.575360646105377377e-02 8.210555530074284958e-01 5.103598234971853032e+01
8.192645528100842567e-01 -4.666531814256585572e-03 -5.733967297112055883e-01 -2.274328106055532217e+01 -2.625252764779054462e-02 9.986130951991025739e-01 -4.563650879736848992e-02 -3.502258307933574955e+00 5.728144571202099522e-01 5.244148744585092753e-02 8.180058034076025386e-01 5.186539037747879632e+01
8.160309127244925742e-01 -5.670012045164023011e-03 -5.779804443079994414e-01 -2.337613265513423144e+01 -2.664604206421440982e-02 9.985197525951372555e-01 -4.741615933133819932e-02 -3.559059319547548395e+00 5.773937503935097082e-01 5.409394299462727540e-02 8.146719025047458596e-01 5.276857104487696404e+01
8.129589965135302077e-01 -4.525280790725677224e-03 -5.823033447368286541e-01 -2.400786628660408084e+01 -2.573897557850541098e-02 9.987132648517802469e-01 -4.369576399871422101e-02 -3.621137173557261058e+00 5.817518201804122713e-01 5.051075597056589594e-02 8.117964583143217894e-01 5.360805129194766039e+01
8.095398235770742135e-01 -2.393893017704102309e-03 -5.870600792827527226e-01 -2.464942956897461102e+01 -2.470918539171549147e-02 9.989666033359295705e-01 -3.814684290158699281e-02 -3.677467830999680221e+00 5.865447429268308976e-01 4.538716470379938056e-02 8.086440974928285064e-01 5.448939241991724458e+01
8.065084880317758831e-01 -1.026009719359314556e-03 -5.912216160766122774e-01 -2.530551914464942698e+01 -2.459342108105979849e-02 9.990747212117379039e-01 -3.528264619885971426e-02 -3.733054363194034053e+00 5.907107817792138782e-01 4.299591566567765449e-02 8.057370105678386407e-01 5.533947753022351179e+01
8.035781971994423456e-01 -6.982651310470973241e-04 -5.951987790703052728e-01 -2.594464418945624828e+01 -2.546692416171313783e-02 9.990431829830059840e-01 -3.555494843763788021e-02 -3.787737591097512624e+00 5.946541197834193104e-01 4.372906340760843863e-02 8.027915380678485313e-01 5.618849137197328503e+01
7.998240402912902836e-01 -1.404775995574102576e-03 -6.002328916895693922e-01 -2.659923597704249687e+01 -2.591136890302457238e-02 9.989842521464115110e-01 -3.686549843689243544e-02 -3.841024522270081398e+00 5.996750045237777549e-01 4.503876767257274094e-02 7.989752219039620851e-01 5.705005679270727370e+01
7.960908624374039011e-01 -3.670070523834780343e-03 -6.051659791438542824e-01 -2.724679950707703568e+01 -2.538717810485374704e-02 9.988988099800952813e-01 -3.945451375670044197e-02 -3.903548348468373064e+00 6.046443876779421522e-01 4.677283427359742868e-02 7.951210432310958920e-01 5.790515265858103078e+01
7.918911062802784784e-01 -4.596732607067987100e-03 -6.106450185778415918e-01 -2.791632746743749394e+01 -2.495742746944991375e-02 9.988925677696078864e-01 -3.988439438050339625e-02 -3.953585041530168542e+00 6.101521190171869113e-01 4.682422584095777968e-02 7.908994187736405612e-01 5.873896914250821766e+01
7.873643314237482871e-01 -5.287423445971878647e-03 -6.164652832884685019e-01 -2.859693833840084309e+01 -2.396152393663083732e-02 9.989451361116346018e-01 -3.917218980283700830e-02 -4.012456398990434714e+00 6.160221268984618082e-01 4.561423255146942329e-02 7.864070753565445271e-01 5.961452254372165527e+01
7.825501268272496702e-01 -4.772960431922934621e-03 -6.225692816564133425e-01 -2.929040875440572123e+01 -2.453645751766103320e-02 9.989573079583853321e-01 -3.850011915649052124e-02 -4.071778579775253704e+00 6.221039038928628528e-01 4.540391772785913604e-02 7.816170573620858653e-01 6.044552849883762491e+01
7.770194829565025829e-01 -5.448419946986974433e-03 -6.294529611382944090e-01 -2.997186577433821952e+01 -2.464650906385985191e-02 9.989324294508690194e-01 -3.907110221606952677e-02 -4.132194380947477264e+00 6.289938623128450423e-01 4.587282562135086561e-02 7.760556761834664918e-01 6.128858265983031828e+01
7.715211786561677609e-01 -7.048462633327818271e-03 -6.361645874862377203e-01 -3.067550599319689297e+01 -2.383990189030385162e-02 9.989160449421434773e-01 -3.997992344593419983e-02 -4.184519333517572548e+00 6.357568216227832414e-01 4.601145887498080816e-02 7.705168505986914607e-01 6.211517710844812967e+01
7.662618201120919847e-01 -8.221010714184111973e-03 -6.424758596187338799e-01 -3.136440901020863237e+01 -2.332462580447930769e-02 9.989031840155876418e-01 -4.060037976238813073e-02 -4.250926664799488108e+00 6.421049690554939682e-01 4.609602976790255074e-02 7.652296207937471229e-01 6.292554487164798616e+01
7.604665077190175815e-01 -9.551666105591676351e-03 -6.493068984157496226e-01 -3.207991150778762801e+01 -2.298703850335490073e-02 9.988692013056554853e-01 -4.161628028550953123e-02 -4.303129800046789022e+00 6.489701790272295323e-01 4.657342986684989694e-02 7.593870095707574430e-01 6.376368438454704801e+01
7.546665731394363030e-01 -1.146998768522488471e-02 -6.560082275667049601e-01 -3.280436321709936465e+01 -2.190763505887922610e-02 9.988491392403850977e-01 -4.266676227240420727e-02 -4.369804098688319094e+00 6.557426519853928326e-01 4.657076797138842011e-02 7.535467776011314234e-01 6.458124828263879635e+01
7.484380626639978162e-01 -1.232813247089599787e-02 -6.630900958463855632e-01 -3.355263505298913884e+01 -2.135427180718786969e-02 9.988608308371889066e-01 -4.267359524943948462e-02 -4.431601278496991370e+00 6.628608212239710529e-01 4.609834894025142960e-02 7.473222077327499324e-01 6.541439765361150194e+01
7.421000980347207676e-01 -1.294265657191533830e-02 -6.701641020507137503e-01 -3.431660955831475945e+01 -1.997104841647664650e-02 9.989427496145463214e-01 -4.140700728066237096e-02 -4.491189422527428476e+00 6.699914990276040205e-01 4.411202371308466791e-02 7.410570349309801852e-01 6.622888982433485694e+01
7.359039557056294978e-01 -1.312797965661370407e-02 -6.769586512535361589e-01 -3.505908159560549109e+01 -1.954791472893838838e-02 9.989833128997634981e-01 -4.062289516137085332e-02 -4.552333226957888002e+00 6.768037043428156707e-01 4.312767903836300237e-02 7.348991479616875377e-01 6.702565513143387932e+01
7.291707063280565837e-01 -1.423747918441701892e-02 -6.841837227157703261e-01 -3.579772097104825690e+01 -1.902837608394946506e-02 9.989751590956038596e-01 -4.106765693179149912e-02 -4.609273964117637234e+00 6.840672549634234656e-01 4.296423739898419525e-02 7.281525072053866010e-01 6.784213949157145862e+01
7.227041467034625022e-01 -1.643949807057382140e-02 -6.909619745617889830e-01 -3.660097416842238971e+01 -1.788818699224274320e-02 9.989372999378707263e-01 -4.247685944189043966e-02 -4.682436033940532205e+00 6.909259993981884396e-01 4.305825926026941169e-02 7.216420571076027635e-01 6.862820357687985506e+01
7.169033318387426634e-01 -1.535190177044712737e-02 -6.970035314209046540e-01 -3.740473458512625626e+01 -2.001747862344888107e-02 9.988920757917806315e-01 -4.259015735685492410e-02 -4.737430333793160919e+00 6.968851562698253899e-01 4.448527880798425899e-02 7.158017518864783213e-01 6.942874425513244319e+01
7.113855897745489099e-01 -1.580801058239920606e-02 -7.026241101962217295e-01 -3.819362279952794381e+01 -1.913362697909458399e-02 9.989408089704165938e-01 -4.184691773982487234e-02 -4.797091002381534075e+00 7.025414256817110736e-01 4.321304167621234371e-02 7.103296329392018160e-01 7.023139628099599463e+01
7.066885088946504023e-01 -1.504633563684109297e-02 -7.073647926141040099e-01 -3.900552971824794213e+01 -2.047085412682895719e-02 9.989204739765380481e-01 -4.169929060588196956e-02 -4.860293411184910539e+00 7.072286076367030327e-01 4.394877077528457077e-02 7.056176099010922353e-01 7.103900273236642704e+01
7.018849588337978673e-01 -1.526957059770615681e-02 -7.121266287041704279e-01 -3.984822821489328248e+01 -2.109779494287047572e-02 9.988858651476375528e-01 -4.221269350757173022e-02 -4.925919754336177014e+00 7.119778055949926854e-01 4.465275602431313662e-02 7.007808110602662399e-01 7.181661289275562865e+01
6.965655178046340490e-01 -1.748959775552787199e-02 -7.172799898110507888e-01 -4.068603653061533265e+01 -2.084189225720449803e-02 9.987877757898390163e-01 -4.459365980019636133e-02 -5.000252034321950312e+00 7.171904231867655133e-01 4.601187779893490398e-02 6.953566089056206767e-01 7.263325326802056736e+01
6.915036048132748858e-01 -1.964330548032777041e-02 -7.221058754567901694e-01 -4.149640792607709727e+01 -2.087491129486827163e-02 9.986693491639525577e-01 -4.715685689112463636e-02 -5.062422776463361807e+00 7.220713336706564567e-01 4.768303244394508228e-02 6.901734037080058393e-01 7.340500285927967639e+01
6.864987402057102228e-01 -2.020373797913486633e-02 -7.268502451251723784e-01 -4.235427713207816680e+01 -2.162821178558990698e-02 9.986042390984399830e-01 -4.818499915533888678e-02 -5.127581079587487878e+00 7.268092656054288003e-01 4.879941207813019016e-02 6.851035823917652756e-01 7.421102614458185087e+01
6.815557761608630472e-01 -1.975395799319587878e-02 -7.314994840592073944e-01 -4.322863516608765622e+01 -2.135450597191991540e-02 9.986729282409758657e-01 -4.686541910114493809e-02 -5.198474906393422579e+00 7.314545218903156787e-01 4.756220699912079575e-02 6.802294677414580937e-01 7.498701013319856656e+01
6.767218084195528727e-01 -2.006902099058693184e-02 -7.359652290337292957e-01 -4.409668964742450470e+01 -2.034030631912480541e-02 9.987372114547582447e-01 -4.593750566739652347e-02 -5.262779277214479912e+00 7.359577940357079351e-01 4.605666989875838169e-02 6.754590428609180686e-01 7.575185783393480676e+01
6.717888952573443095e-01 -2.079728661950591348e-02 -7.404506350227224587e-01 -4.495668846016748432e+01 -1.970351522878881559e-02 9.987503843814991011e-01 -4.592865354592811505e-02 -5.341294514930953419e+00 7.404805604926709695e-01 4.544383957128969587e-02 6.705396387380868628e-01 7.652341224551865650e+01
6.667867810236971504e-01 -2.154544413650519644e-02 -7.449370256621269393e-01 -4.583470515691765712e+01 -1.914861860052721743e-02 9.987566817203527014e-01 -4.602630937248240045e-02 -5.406681957103819158e+00 7.450025019735022624e-01 4.495424942873827573e-02 6.655451883744573083e-01 7.730011595649420997e+01
6.623131158320031409e-01 -2.225622120723437514e-02 -7.488965127617367434e-01 -4.673266998257667382e+01 -1.827210476748607204e-02 9.987815756316617000e-01 -4.584205922601139460e-02 -5.475192711236256393e+00 7.490043229373700706e-01 4.404571238628362390e-02 6.610994704288642998e-01 7.809272851412511329e+01
6.584563577879226637e-01 -2.273462336243869605e-02 -7.522754490974066233e-01 -4.760258594388550080e+01 -1.768929898251486374e-02 9.988000377269253827e-01 -4.566807818379096245e-02 -5.542523238620141512e+00 7.524110064818219090e-01 4.337766151877364001e-02 6.572640764973390892e-01 7.886558003426669927e+01
6.541905825003043740e-01 -2.576737093966539535e-02 -7.558906758234413825e-01 -4.854038103800661474e+01 -1.417610638102557823e-02 9.988261726284548558e-01 -4.631754418187639805e-02 -5.611666901167033039e+00 7.561968850534587228e-01 4.101608757300197194e-02 6.530573957492764592e-01 7.962454557299312796e+01
6.502401423766436261e-01 -2.992169614276653580e-02 -7.591392748990454242e-01 -4.942389714177744509e+01 -1.155206833016512655e-02 9.987191944514502984e-01 -4.925972353581429403e-02 -5.693740981043711180e+00 7.596409126966708891e-01 4.080027815104211170e-02 6.490616547729323171e-01 8.039369144058856875e+01
6.452391222224888034e-01 -3.415618505799891680e-02 -7.632167578245170336e-01 -5.033133468749863937e+01 -7.552751269774743252e-03 9.986660825990619772e-01 -5.107848290834597627e-02 -5.763370873561296293e+00 7.639433490154713402e-01 3.872222152335229317e-02 6.441204544223645412e-01 8.117561997790006956e+01
6.388208544874715011e-01 -3.793971049086486413e-02 -7.684194709620094654e-01 -5.126198844037673297e+01 -2.365172714384408854e-03 9.986817772585153685e-01 -5.127488391993376832e-02 -5.844233832348417756e+00 7.693518904801316394e-01 3.457290959591575313e-02 6.378890134120148714e-01 8.194109869369718524e+01
6.303973583183863916e-01 -4.127149976804640741e-02 -7.751747047401502666e-01 -5.219576306978261471e+01 2.137866051104473503e-03 9.986741912401693178e-01 -5.143237562050979872e-02 -5.927259037355877780e+00 7.762696760169742749e-01 3.076561367059922267e-02 6.296498059974786621e-01 8.270500636808530714e+01
6.216427163445883419e-01 -4.219849532765036770e-02 -7.821634157637520346e-01 -5.310389421470080151e+01 4.595971831604263660e-03 9.987271237146276848e-01 -5.022956677447239920e-02 -6.007128146118131617e+00 7.832874441764361428e-01 2.763004290251357131e-02 6.210453862598244168e-01 8.343342898891954462e+01
6.126841647893006559e-01 -4.192767120122703473e-02 -7.892149093666247506e-01 -5.408347141471564612e+01 6.784016048004262375e-03 9.988340188547210063e-01 -4.779727901477076601e-02 -6.069267201917387666e+00 7.902987419237986755e-01 2.393058892073707603e-02 6.122542257009329081e-01 8.418903516258990294e+01
6.039322383513557879e-01 -4.137712332838958812e-02 -7.959609120587581854e-01 -5.508963145092923241e+01 5.947005603865650192e-03 9.988577050513621769e-01 -4.741221532556745555e-02 -6.147797267693313472e+00 7.970134847888176166e-01 2.390018087517944284e-02 6.034884407014713403e-01 8.492005431174416685e+01
5.943280238196840815e-01 -4.193847499025096098e-02 -8.031284782674217304e-01 -5.605697812516375222e+01 3.624151039502408224e-03 9.987689024144116301e-01 -4.947267003319774648e-02 -6.219009101562822828e+00 8.042145709721649771e-01 2.649233487600199943e-02 5.937483405128407554e-01 8.563007203008282886e+01
5.841594931583705685e-01 -4.446177117362142689e-02 -8.104201536515269755e-01 -5.706021778937537903e+01 5.244183940569743969e-03 9.986843546431261043e-01 -5.101037446247036478e-02 -6.302833485239744071e+00 8.116219537657899386e-01 2.554820169567428856e-02 5.836241132707368218e-01 8.632868525144307625e+01
5.744126403642454415e-01 -4.527515985176661789e-02 -8.173128325728231669e-01 -5.807688024455609366e+01 4.200953647219352223e-03 9.986191136238842248e-01 -5.236619015523225756e-02 -6.374538970767433810e+00 8.185551181959794809e-01 2.664630779199388816e-02 5.738096417631107782e-01 8.706584394915915937e+01
5.644946032160200744e-01 -4.696308810797194394e-02 -8.240996899076075133e-01 -5.910097723232988898e+01 8.266971072890139799e-03 9.986517627605906444e-01 -5.124757453538272833e-02 -6.455467349492233886e+00 8.253953666467067629e-01 2.211617047376088566e-02 5.641217742118687095e-01 8.774587330264307639e+01
5.543196705630989429e-01 -4.687554813228664990e-02 -8.309827755331532506e-01 -6.010918334172006894e+01 9.535856741591573413e-03 9.987049108988897972e-01 -4.997567761060570102e-02 -6.530677474106102665e+00 8.322492304714651512e-01 1.977836793851120781e-02 5.540487768713877603e-01 8.841988882319978416e+01
5.437566590949407530e-01 -4.715590630002181038e-02 -8.379170623726946987e-01 -6.117077798324832116e+01 9.795979721845734026e-03 9.987087802151389804e-01 -4.984787931403798777e-02 -6.620477717536854989e+00 8.391857637236795897e-01 1.889689724541063209e-02 5.435164892107861023e-01 8.909619391531805377e+01
5.332880883377070225e-01 -4.795418689825319686e-02 -8.445733821479726178e-01 -6.223084573641342132e+01 8.558983271362471598e-03 9.986467160920582398e-01 -5.129795526787427062e-02 -6.694245481275374665e+00 8.458904009438266147e-01 2.012789853620166811e-02 5.329768384123544367e-01 8.975759905229851654e+01
5.231000347916235915e-01 -4.885995873772529946e-02 -8.508695815996908385e-01 -6.330622012478351479e+01 8.221544612867146690e-03 9.985981719191677763e-01 -5.228859545337654485e-02 -6.769516198341793078e+00 8.522316420814973759e-01 2.035670335895990377e-02 5.227684439924962234e-01 9.040296782857267033e+01
5.135604305383536516e-01 -4.896775237767832939e-02 -8.566550239776060671e-01 -6.435745629867160744e+01 5.981599053203673876e-03 9.985503210784472117e-01 -5.349277260178590676e-02 -6.857312801058555785e+00 8.580325849254574200e-01 2.234760394468131295e-02 5.131088394645006989e-01 9.102682902168095325e+01
