1.000000000000000000e+00 4.398956837314658088e-19 2.733407509747682871e-20 -8.673617379884035472e-19 -5.583667658079949532e-19 1.000000000000000000e+00 -6.100159232558060012e-19 0.000000000000000000e+00 4.145284534913582806e-20 -2.210423569125054137e-19 1.000000000000000222e+00 0.000000000000000000e+00
9.998966778466910066e-01 3.520944684849063662e-04 1.437044455070854432e-02 -8.562858386069317762e-02 -3.477191347889151867e-04 9.999998924322128779e-01 -3.069652657857494470e-04 -1.008744312577694591e-02 -1.437055133482449502e-02 3.019366867626094991e-04 9.998966926997574500e-01 1.689820189511087589e-02
9.994423486328748440e-01 2.466095974483837553e-03 3.330030259256969161e-02 -5.471166011070602297e-02 -2.454772516379715493e-03 9.999969144931779574e-01 -3.809208424384631511e-04 -7.010826122575850028e-03 -3.330113980875409885e-02 2.989637857041506299e-04 9.994453185044752663e-01 1.187440280911967183e-01
9.979514425769974162e-01 5.045398578929653766e-03 6.377665890455533337e-02 -1.128885416779300613e-02 -5.126295960041419957e-03 9.999862500813544441e-01 1.104874385981146614e-03 7.070270697211236688e-03 -6.377020855241069541e-02 -1.429548973709475999e-03 9.979635849429117078e-01 3.918369373474327455e-01
9.953706581552216326e-01 4.248864430524847309e-03 9.601666522648745483e-02 2.427588669417278522e-02 -4.550342634611959959e-03 9.999853806479238605e-01 2.921109414450806432e-03 1.265808249832912902e-02 -9.600285178682647913e-02 -3.344495270229945472e-03 9.953754401359240500e-01 5.444125285189531649e-01
9.910023706254278419e-01 1.370208831547429802e-03 1.338373035296110958e-01 1.362048227629112651e-01 -2.045829078988201273e-03 9.999858498100716586e-01 4.910678726920887985e-03 6.595381150143020399e-03 -1.338286833636851691e-01 -5.140302430608348697e-03 9.909911507798526697e-01 7.457549021723564042e-01
9.849566823864448484e-01 -2.289679408622412576e-03 1.727862578932770621e-01 1.583628545239113561e-01 1.285452985761599163e-03 9.999816289392143842e-01 5.923629864638743116e-03 -1.591302825123794285e-02 -1.727966498263971418e-01 -5.612410096566585425e-03 9.849415307211575321e-01 8.987588909532755466e-01
9.763082438471115676e-01 -2.486369882263065982e-03 2.163701237499418562e-01 2.749551379964114695e-01 1.042094753760218874e-03 9.999764124587524616e-01 6.788855638875955500e-03 -4.990701917858428316e-03 -2.163819034575331368e-01 -6.402537410093647220e-03 9.762878058666826231e-01 1.156363764767453617e+00
9.646306610763530909e-01 -2.480246554444119709e-03 2.635935038026264166e-01 3.589999414163373981e-01 -1.872260968882713311e-04 9.999490363207779176e-01 1.009404303635799000e-02 5.618856035560768070e-03 -2.636051103786141159e-01 -9.786374830561370142e-03 9.645810352138138866e-01 1.333414846989217306e+00
9.503148825770539876e-01 -6.144363418715012223e-03 3.112296089702781821e-01 5.246875500696375205e-01 9.383611539473862753e-04 9.998571804064370072e-01 1.687418917046399833e-02 2.212036987004948468e-02 -3.112888458100444566e-01 -1.574374717223680012e-02 9.501849241900482967e-01 1.593486366703671164e+00
9.335094761699700427e-01 -1.582950082929120844e-02 3.582031310287135395e-01 6.383287045527298309e-01 7.324879549975468231e-03 9.996584354059137034e-01 2.508702129512187240e-02 -3.570774570517895596e-03 -3.584779027332035128e-01 -2.079517716001492988e-02 9.333065710731895948e-01 1.781116743346142339e+00
9.123557535213685510e-01 -2.160572356879324196e-02 4.088277991891528518e-01 8.053177052368490907e-01 1.018901921044171495e-02 9.994954678346560373e-01 3.008311209459113914e-02 -9.336427557338974892e-03 -4.092715068824361868e-01 -2.328094591455960247e-02 9.121155812611675406e-01 2.022848284124086682e+00
8.876144121937119547e-01 -2.357606651925041319e-02 4.599835011169032817e-01 9.893139127311505465e-01 8.939416089062986528e-03 9.993827896868742178e-01 3.397243712864617127e-02 -7.708031552531968700e-03 -4.605005389424392526e-01 -2.604244068707139634e-02 8.872773230527860600e-01 2.271284648822044616e+00
8.591582620828251970e-01 -2.545882115567537490e-02 5.110762421127719168e-01 1.161733014432991373e+00 6.866558324543700978e-03 9.992452466542421918e-01 3.823332816090050518e-02 2.753662526858957627e-02 -5.116638899048143729e-01 -2.933914471517898997e-02 8.586846232793188261e-01 2.488032998054215295e+00
8.270511529911015458e-01 -3.077363683087284627e-02 5.612836794815410091e-01 1.403706470252109595e+00 8.011780608555804303e-03 9.990442604596554421e-01 4.296948887630729075e-02 2.408052332871032930e-02 -5.620695756242017893e-01 -3.104108334490131293e-02 8.265072583481454238e-01 2.738241721768273518e+00
7.914853067712529500e-01 -3.653378378562723711e-02 6.100953090199022766e-01 1.605779215905533075e+00 1.018626801151107514e-02 9.988617321713599839e-01 4.659914055600000021e-02 2.395340514233890161e-02 -6.111033106350340915e-01 -3.066794039691919313e-02 7.909565265734983530e-01 2.918908598200194771e+00
7.537979449894064432e-01 -4.104403227158248679e-02 6.558231765048230244e-01 1.874139298377343499e+00 1.124537781440129378e-02 9.987069595654443077e-01 4.957772021156422321e-02 3.184025866139707228e-02 -6.570100515154929655e-01 -2.999660382665977204e-02 7.532848085035419583e-01 3.115330258556886278e+00
7.136030239213747572e-01 -4.425186933082784352e-02 6.991512630303348130e-01 2.203273557095181800e+00 1.225064135446510619e-02 9.986386034290584135e-01 5.070366330783446923e-02 4.003015362274912892e-02 -7.004431848831406127e-01 -2.761723562909699017e-02 7.131736400175516799e-01 3.365685550562161676e+00
6.723389713863379136e-01 -4.618706843718427268e-02 7.388010920120868796e-01 2.482511067745163835e+00 1.137951271821944534e-02 9.985785193960601269e-01 5.207155880193298919e-02 5.344707404070589418e-02 -7.401559460298640092e-01 -2.660254135346635726e-02 6.719088398817710805e-01 3.556633267282607758e+00
6.293989904471751773e-01 -4.657908782447848367e-02 7.756850454360824099e-01 2.817096001727390497e+00 7.223328512310251727e-03 9.985094834992619406e-01 5.409838109039599024e-02 8.456994273372733795e-02 -7.770487407483290809e-01 -2.844643800873644657e-02 6.287973158379644989e-01 3.794724101770891256e+00
5.877796129600340036e-01 -4.741407238763914456e-02 8.076304982739452853e-01 3.153897095511882132e+00 4.234828405231442529e-03 9.984477898545347507e-01 5.553446781605197308e-02 1.021970759755506664e-01 -8.090100152787308430e-01 -2.922185086730919035e-02 5.870680448158539511e-01 3.994256683694250132e+00
5.475610144490878906e-01 -4.842761992590164516e-02 8.353632082404475190e-01 3.536379517447940657e+00 2.068975816044593252e-03 9.983991555844007326e-01 5.652296367465919902e-02 1.222954836850609767e-01 -8.367632087772329808e-01 -2.922142446674578023e-02 5.467846488663065108e-01 4.197076802828872744e+00
5.087860272952566820e-01 -5.112453077325474632e-02 8.593736373923837046e-01 3.969977235853035857e+00 1.232003247834753332e-03 9.982773429628492012e-01 5.865857694253720500e-02 1.328364558548316143e-01 -8.608921384504812924e-01 -2.878591259756706211e-02 5.079725478542114203e-01 4.418041265363747527e+00
4.717237126308953532e-01 -5.098129036247324442e-02 8.802713412202618493e-01 4.357421014148761707e+00 -1.770834215972449770e-03 9.982703197334401590e-01 5.876421397877914371e-02 1.575932870477405046e-01 -8.817446439489727839e-01 -2.927928716026334879e-02 4.708175007926114208e-01 4.608444423934063394e+00
4.353510758350094823e-01 -5.027556955088403196e-02 8.988558251828790979e-01 4.814066073544202240e+00 -3.086885988159933803e-03 9.983501849313290988e-01 5.733567254118700218e-02 1.834018961744701692e-01 -9.002554784536412891e-01 -2.773581150399817216e-02 4.344776308644529017e-01 4.785944742583856382e+00
4.022642361797879040e-01 -4.903085036530359375e-02 9.142097385581344771e-01 5.335792058585854925e+00 -1.755286363682021129e-03 9.985217631091265478e-01 5.432501755010565175e-02 1.997195216875164991e-01 -9.155219376343340931e-01 -2.345771084916995625e-02 4.015835298863864589e-01 4.968612261177667300e+00
3.718702822516053996e-01 -4.730789718060976479e-02 9.270784441828373579e-01 5.846466668898909091e+00 1.712426815307077079e-04 9.987040361960894952e-01 5.089419148369155044e-02 2.227204850418678939e-01 -9.282846973097095278e-01 -1.876728116762067106e-02 3.713964516618211698e-01 5.161025438211777505e+00
3.464568464473367082e-01 -4.545117308382441712e-02 9.369641560334381891e-01 6.379146867078454797e+00 1.095177282512713223e-03 9.988444292113285439e-01 4.804796340073125976e-02 2.479452028548570219e-01 -9.380652801537416874e-01 -1.562040319485872783e-02 3.461062668184256563e-01 5.328060308793482136e+00
3.263674715889338662e-01 -4.487867962942641148e-02 9.441769763238385682e-01 6.968531726127432435e+00 2.205367111502420322e-03 9.989056960787140449e-01 4.671773393083247100e-02 2.704413240476934988e-01 -9.452404063248772692e-01 -1.316489099447376229e-02 3.261092990287094429e-01 5.508682063792918804e+00
3.113311954637420498e-01 -4.545815869735385373e-02 9.492135836425820150e-01 7.536739594163577749e+00 3.283813305433273301e-03 9.989007253551569487e-01 4.676063963874783902e-02 3.023846150611940176e-01 -9.502958062385234994e-01 -1.144100476534020035e-02 3.111382317531812824e-01 5.686379953944175725e+00
2.988205774163818496e-01 -4.696557598770671749e-02 9.531529163106619018e-01 8.153680406420283688e+00 4.237240542808342302e-03 9.988436985527623380e-01 4.788853323581379606e-02 3.199128401483375961e-01 -9.542999132744922619e-01 -1.027134007746638607e-02 2.986740538597507655e-01 5.894575209633072355e+00
2.882644554445537577e-01 -4.884605477108109467e-02 9.563041625076110774e-01 8.783795868947862573e+00 3.093124077221729926e-03 9.987403581277511933e-01 5.008122992994795686e-02 3.518523168937910395e-01 -9.575458488110971667e-01 -1.147867015402070923e-02 2.880524310369589336e-01 6.061250213555164912e+00
2.781354741783119700e-01 -5.047839251968552765e-02 9.592145611650364501e-01 9.470165309396962883e+00 1.374475677206560362e-03 9.986380821013807196e-01 5.215449889612131656e-02 3.810211251614076255e-01 -9.605408815720674065e-01 -1.318759831865551173e-02 2.778260564794561294e-01 6.259869582748984307e+00
2.678664365422748772e-01 -5.223896474972854198e-02 9.620387970798933708e-01 1.016830756536755942e+01 7.403774826911400583e-04 9.985398587267158010e-01 5.401483440446385592e-02 4.125381028522997484e-01 -9.634557802257870396e-01 -1.375648847092659534e-02 2.675139889109234836e-01 6.440609037071701515e+00
2.576579586262211508e-01 -5.432886122160891090e-02 9.647075906421762603e-01 1.085388374260444344e+01 -7.574244348713432583e-05 9.984168546917329135e-01 5.624747540813476027e-02 4.390941911912421003e-01 -9.662361963488312888e-01 -1.456567812544911668e-02 2.572459322888291378e-01 6.638779630455348801e+00
2.473372408042138204e-01 -5.586004984814017110e-02 9.673179044596760257e-01 1.157813461615587691e+01 -7.165925003751737491e-04 9.983259613650765640e-01 5.783391148853513769e-02 4.680372679981775752e-01 -9.689291988574615377e-01 -1.499765197137118734e-02 2.468831584625946207e-01 6.823804446024512416e+00
2.364199822915677707e-01 -5.707301807210620609e-02 9.699733226346380910e-01 1.236814606430786156e+01 -1.322886139203972248e-03 9.982535900020249597e-01 5.905946137763833093e-02 4.990394557829208044e-01 -9.716500700431661697e-01 -1.524600019779788311e-02 2.359315936107569400e-01 7.019790951246548616e+00
2.266328197544845713e-01 -5.992720744665258614e-02 9.721349077015951634e-01 1.312494108152239747e+01 -2.348735981259820593e-03 9.980688197111563520e-01 6.207346063655420909e-02 5.325242330477282238e-01 -9.739774459321018929e-01 -1.635117077815494147e-02 2.260543963735792139e-01 7.203001072856338283e+00
2.154113691333605085e-01 -6.348833556704638892e-02 9.744573654879407076e-01 1.389028679391475940e+01 -4.316493272922572802e-03 9.978126547959539350e-01 6.596418550058177899e-02 5.793683478852027502e-01 -9.765138640796513503e-01 -1.841567331409789052e-02 2.146661417738162381e-01 7.357820966940084695e+00
2.029536854874533780e-01 -6.746559670853820301e-02 9.768613916854134160e-01 1.468289559475743467e+01 -4.348635772295982374e-03 9.975516657544513111e-01 6.979801906764673824e-02 6.152908446034064394e-01 -9.791786904308367179e-01 -1.841377873416891880e-02 2.021634023576229788e-01 7.525487586515552607e+00
1.903361917190474484e-01 -6.984359245298475682e-02 9.792313262825508291e-01 1.546494900649219773e+01 -5.368819706851275797e-03 9.973770714429572859e-01 7.218139013201596565e-02 6.568621624123586189e-01 -9.817042970496900889e-01 -1.899604648506205903e-02 1.894619744635193392e-01 7.676130141174192012e+00
1.767552054416114682e-01 -7.063253634632551958e-02 9.817171821415012767e-01 1.626838573887976835e+01 -5.884436296495884969e-03 9.973280916075817348e-01 7.281518417459470482e-02 6.941665688258120692e-01 -9.842372619323037641e-01 -1.864731418224399584e-02 1.758672976934341492e-01 7.818963019272572090e+00
1.624887479200599061e-01 -6.980418111845880513e-02 9.842381655599489187e-01 1.707876277959994127e+01 -7.552442572599971267e-03 9.973772739359404449e-01 7.198287295050893875e-02 7.347900972253085250e-01 -9.866815010388246820e-01 -1.912980824651876188e-02 1.615353910022614969e-01 7.955991323008090532e+00
1.449537419024993778e-01 -6.867079706082540591e-02 9.870525404786423262e-01 1.787021094153341494e+01 -8.817943696359631378e-03 9.974593722222949710e-01 7.068977712612815878e-02 7.733369980308284486e-01 -9.893991478309882570e-01 -1.895052055670239793e-02 1.439799317989463867e-01 8.058333879540759526e+00
1.252410852940713526e-01 -6.738703755596892053e-02 9.898351584612196108e-01 1.868439949667178013e+01 -1.122374298552965277e-02 9.975305679877214393e-01 6.933104272550995317e-02 8.101397765960747233e-01 -9.920628585750721484e-01 -1.979274957693560183e-02 1.241754747765039524e-01 8.164100753421436707e+00
9.989680206743065116e-02 -6.594028466728726889e-02 9.928104002566557895e-01 1.951208741314295025e+01 -1.566998773226837074e-02 9.975735994095427106e-01 6.783336360862188275e-02 8.542864217010837091e-01 -9.948744130295963384e-01 -2.233366203435631359e-02 9.862112756995206064e-02 8.253211871659491550e+00
7.001186862487554508e-02 -6.542419247201512744e-02 9.953984107986019181e-01 2.035142529829248659e+01 -1.991496154543500804e-02 9.975564380592895075e-01 6.696676172508907177e-02 8.951235290200661998e-01 -9.973473566838929605e-01 -2.451178835638863351e-02 6.853786862051032547e-02 8.319273248617951921e+00
3.637411462638660137e-02 -6.528141900117929997e-02 9.972037118535677092e-01 2.119939939505821869e+01 -2.263884328119352904e-02 9.975541527496712968e-01 6.613013758153037103e-02 9.352969419785561733e-01 -9.990817903963606916e-01 -2.498096291480265962e-02 3.480725189210463061e-02 8.319988605867402853e+00
1.674026810003001855e-03 -6.448973598720557365e-02 9.979169576302370226e-01 2.203614693680691516e+01 -2.458463925390507940e-02 9.976140907936027480e-01 6.451140487607387453e-02 9.693278594754342059e-01 -9.996963591329867116e-01 -2.464142138129038831e-02 8.457444596354984163e-05 8.319387077101232819e+00
-3.229828645088524131e-02 -6.350526581458294795e-02 9.974587132361242281e-01 2.287219449099067248e+01 -2.545377604806184704e-02 9.977079735692160334e-01 6.269692785160471682e-02 1.000200975820070282e+00 -9.991541138531543353e-01 -2.336408650571573237e-02 -3.384070813144730849e-02 8.271623057064028117e+00
-6.524863739741687541e-02 -6.157673376891385775e-02 9.959673206907931897e-01 2.371207743487212838e+01 -2.814321415532676507e-02 9.978107537622602496e-01 5.984696470120574180e-02 1.032955400631584642e+00 -9.974721008462408278e-01 -2.412478784235928125e-02 -6.683876065977206737e-02 8.213645868021009377e+00
-9.761779453369996695e-02 -5.850102480469693972e-02 9.935030845619884365e-01 2.453676535152413152e+01 -2.985397926195829457e-02 9.979937449567160002e-01 5.583211413832338960e-02 1.073078499495539129e+00 -9.947761170884633630e-01 -2.420981178245923057e-02 -9.916843811006646747e-02 8.142299977772573527e+00
-1.295533283186796336e-01 -5.416168846391267860e-02 9.900921317963927715e-01 2.536358894698341260e+01 -2.700311821129695519e-02 9.983294908937370149e-01 5.107895102565439965e-02 1.100453615065998259e+00 -9.912047132544268280e-01 -2.011812587354595491e-02 -1.307994441637601868e-01 8.020295274218927517e+00
-1.614208836000972092e-01 -4.866234207381765070e-02 9.856851717114324396e-01 2.620550123519391050e+01 -2.275240103320770244e-02 9.987016031030718777e-01 4.557890106951003467e-02 1.114178600352313087e+00 -9.866233542907055787e-01 -1.506931690441891229e-02 -1.623184817262780522e-01 7.873283124151441825e+00
-1.920974368830012102e-01 -4.259404599967252236e-02 9.804510722408464884e-01 2.706750496232345071e+01 -1.655480130598599095e-02 9.990561604321978040e-01 4.015877070862067938e-02 1.136289293659960009e+00 -9.812362252356733316e-01 -8.516774784802918358e-03 -1.926212650618101263e-01 7.690865378760196158e+00
-2.209152107158788847e-01 -3.704409017907762253e-02 9.745892408035289334e-01 2.786106483310422277e+01 -1.096997256513659001e-02 9.993095698514392611e-01 3.549708871052659198e-02 1.144460747066387230e+00 -9.752313292492434948e-01 -2.849369371053731177e-03 -2.211690582121143833e-01 7.457894472382709417e+00
-2.483091075168847306e-01 -3.035054763476459014e-02 9.682052544776912351e-01 2.867113000730090988e+01 -1.929600878804538754e-03 9.995225521174404548e-01 3.083738700631576818e-02 1.173777764169045001e+00 -9.686789352904321415e-01 5.788955437841475891e-03 -2.482491186600090938e-01 7.267454835996934648e+00
-2.754270549736522189e-01 -1.998083802951928362e-02 9.611142945168196228e-01 2.951405850597157254e+01 4.008839349901468195e-03 9.997514078521663183e-01 2.193289056372527135e-02 1.169552073507243328e+00 -9.613136232375939505e-01 9.893865387191145416e-03 -2.752784873493068774e-01 7.024726403707672873e+00
-3.002506204012031499e-01 -4.973813028884705063e-03 9.538473724736907799e-01 3.029536936447399498e+01 8.261526515436896229e-03 9.999353368060526215e-01 7.814689331876076631e-03 1.160469831855002631e+00 -9.538245789836027333e-01 1.022660179629492246e-02 -3.001901152886007895e-01 6.747942875656430139e+00
-3.252828241465808290e-01 1.175980332692253862e-02 9.455436401521556400e-01 3.105821295404327387e+01 8.840040916617735237e-03 9.999167910755765165e-01 -9.394923471818077132e-03 1.128462870176488941e+00 -9.455754613117491880e-01 5.302638282633567735e-03 -3.253597161846200625e-01 6.464539274355061593e+00
-3.498922254105813479e-01 2.656857492247127403e-02 9.364131170519911507e-01 3.186051929511117464e+01 7.776936327705459909e-03 9.996456728262369529e-01 -2.545678782488636216e-02 1.096237073130853723e+00 -9.367576872309758551e-01 -1.624705980980623281e-03 -3.499748725204669952e-01 6.179423552501015493e+00
-3.746349106431396403e-01 3.726555088598016569e-02 9.264232008665232998e-01 3.260507870059265656e+01 1.173027370057245534e-02 9.993024801606077423e-01 -3.545354423062890836e-02 1.063866346011288933e+00 -9.270982142101391599e-01 -2.414936712101217742e-03 -3.748107317768513136e-01 5.864595490521463006e+00
-3.980238603393650987e-01 4.199699127698808265e-02 9.164132497291931356e-01 3.339595194993790983e+01 1.570282026163577135e-02 9.991171100107522074e-01 -3.896693323758543270e-02 1.011288497892153249e+00 -9.172406674797327630e-01 -1.119495691014153532e-03 -3.983319215546170522e-01 5.511775321404877914e+00
-4.207611770798226902e-01 4.137728576294441574e-02 9.062273099727299330e-01 3.411404103444336755e+01 1.785977001041445800e-02 9.991434785720922918e-01 -3.732744038519685698e-02 9.687432484552124246e-01 -9.069956307341806578e-01 4.790745433845580671e-04 -4.211397762001292122e-01 5.163408743386101563e+00
-4.412981214094721660e-01 3.810685269536971675e-02 8.965510701331298460e-01 3.487924621834571326e+01 2.217325437044321418e-02 9.992559385412896900e-01 -3.155813746220842431e-02 9.352863105172743996e-01 -8.970865778682036717e-01 5.952909166491595835e-03 -4.418147226869440503e-01 4.804151300493225918e+00
-4.593463928187355716e-01 3.689989192466625045e-02 8.874904366715112847e-01 3.559345339285207643e+01 2.933986368201823777e-02 9.992218654894180485e-01 -2.635973971384083028e-02 9.096134482325780590e-01 -8.877725366635436099e-01 1.393059815490232597e-02 -4.600715985878562342e-01 4.387250440153542819e+00
-4.733535161194426522e-01 3.748849075224868627e-02 8.800744558598498912e-01 3.629079375761268977e+01 3.298116566025947188e-02 9.991477041505888446e-01 -2.482152188248991365e-02 8.585567243936141901e-01 -8.802549087021322993e-01 1.727652786548296640e-02 -4.741864942466406663e-01 4.009110127216851005e+00
-4.844562570870502571e-01 4.060665203503192877e-02 8.738725427533190482e-01 3.698715109506448329e+01 3.547829107534571091e-02 9.990122914948719179e-01 -2.675317265092497232e-02 8.013788554951614129e-01 -8.740957833316412851e-01 1.804276364912451788e-02 -4.854184113740994122e-01 3.593393434175743195e+00
-4.942054801143647702e-01 4.334952572857564412e-02 8.682636399184957554e-01 3.769193884753975254e+01 3.682212384618357287e-02 9.989034773227768449e-01 -2.891321718127896553e-02 7.560596468431468598e-01 -8.685649584519650190e-01 1.768224199439996994e-02 -4.952597954276722336e-01 3.202948465193314220e+00
-5.046507644984568053e-01 4.247344931519372868e-02 8.622781445256348931e-01 3.838566491906735223e+01 3.091201036531343940e-02 9.990375801890752916e-01 -3.111849822917492694e-02 6.967456369861975141e-01 -8.627699958603649577e-01 1.095077804734607280e-02 -5.054780195262493780e-01 2.813904490467066477e+00
-5.162215261317320003e-01 4.133578212557297016e-02 8.554569982185805666e-01 3.907581587444456517e+01 2.933536766606637675e-02 9.991019169391991417e-01 -3.057442921212225398e-02 6.883251600189570496e-01 -8.559525595505615980e-01 9.311968064791726132e-03 -5.169705178957666458e-01 2.402359053007612211e+00
-5.247431924082569532e-01 4.279024798131120938e-02 8.501844291540281429e-01 3.975878304518808193e+01 3.155538994080377829e-02 9.990271737790071827e-01 -3.080524895137832370e-02 6.476133537067501056e-01 -8.506755264269300065e-01 1.066305752131819357e-02 -5.255829726307239547e-01 1.970282772556745998e+00
-5.320198624387141306e-01 4.576602092808960964e-02 8.454941302632306144e-01 4.043876552151176185e+01 3.536469891435766594e-02 9.988679276741934121e-01 -3.181510765590071094e-02 5.969362740046793014e-01 -8.459930352968292322e-01 1.297437718307950690e-02 -5.330360802186818736e-01 1.520348798591069306e+00
-5.357857007339267286e-01 4.904623055458894043e-02 8.429283108550067460e-01 4.113403250773625075e+01 3.615946875674495159e-02 9.987284600804222645e-01 -3.512770676647389984e-02 5.637475573301806708e-01 -8.435793900775873100e-01 1.165891795027825147e-02 -5.368779146575769490e-01 1.083916852702689892e+00
-5.355437027951321927e-01 5.038676009505618780e-02 8.430030272099084954e-01 4.184227938305173922e+01 3.527044435963710978e-02 9.986820384796150085e-01 -3.728514061944711994e-02 5.086546967638589933e-01 -8.437706737098717991e-01 9.765270096227967808e-03 -5.366150414100709920e-01 6.635640450216506725e-01
-5.321033445042445686e-01 5.125536728339143838e-02 8.451265615951056853e-01 4.257258020503357443e+01 3.777081066730940406e-02 9.986092292258844649e-01 -3.678278267826064901e-02 4.752327948359553744e-01 -8.458365139625658724e-01 1.234887468592898128e-02 -5.332992686897158885e-01 1.821265824028568125e-01
-5.265939340748204689e-01 5.019117193022463314e-02 8.486339975383666578e-01 4.332937532199612463e+01 3.625434116084880892e-02 9.986733039632968989e-01 -3.656849238398087593e-02 4.293113420903698074e-01 -8.493435483796253349e-01 1.150992121676727188e-02 -5.277149530572395886e-01 -2.456434812353671948e-01
-5.194540160649989691e-01 4.901632568683322172e-02 8.530913853775679012e-01 4.407753617100905785e+01 3.400006669238454099e-02 9.987484124220955550e-01 -3.668247659853560855e-02 3.855283167335833983e-01 -8.538217218069564796e-01 9.950305216078331877e-03 -5.204704334169764079e-01 -7.043350631022358144e-01
-5.121194117667573487e-01 4.812494705820210411e-02 8.575649737658359584e-01 4.486156896443053910e+01 3.197350230832533141e-02 9.988052166823533362e-01 -3.695719444197006348e-02 3.372487227328475057e-01 -8.583189473341836795e-01 8.492859987548251680e-03 -5.130462643523723276e-01 -1.191109392396498823e+00
-5.057231413846492440e-01 4.676226517370435376e-02 8.614275253211711725e-01 4.565653012213142148e+01 2.925952096769880023e-02 9.988850955313252067e-01 -3.704654241138932019e-02 2.905642466285702219e-01 -8.621995110961422348e-01 6.469663916314120564e-03 -5.065275510875709708e-01 -1.640274349495155271e+00
-5.012595866501954323e-01 4.441423492109906890e-02 8.641563452328864248e-01 4.647772201579856954e+01 2.499728600050594302e-02 9.990082897892315072e-01 -3.684525176796085710e-02 2.428092196831135863e-01 -8.649358212063540385e-01 3.132528595494731959e-03 -5.018727189509670783e-01 -2.108716888775013842e+00
-5.000633278561047446e-01 4.177291371935883124e-02 8.649807386684719157e-01 4.731705356895250958e+01 2.035620331154325974e-02 9.991269284570185594e-01 -3.648295189411177725e-02 2.066418731874563874e-01 -8.657495627899511881e-01 -6.360616336556090432e-04 -5.004770759384490342e-01 -2.556329450642632839e+00
-5.004926660936463989e-01 3.922608336917151467e-02 8.648516589726935599e-01 4.815209010051973593e+01 1.754874951004546657e-02 9.992274235576255048e-01 -3.516528638073469770e-02 1.557910108573639096e-01 -8.655629063933635292e-01 -2.422901899120489741e-03 -5.007943671799960361e-01 -3.049508653348104392e+00
-5.013254368782842363e-01 3.805283189040176844e-02 8.644216417893776372e-01 4.901349953913178581e+01 1.622893878257846215e-02 9.992702610410366670e-01 -3.457697084179892077e-02 1.126506454021643649e-01 -8.651066062737707840e-01 -3.305668205020598476e-03 -5.015771584727996002e-01 -3.537107394718971065e+00
-5.018685418066686221e-01 3.734682523575110630e-02 8.641372390237453960e-01 4.988411258142006233e+01 1.618772384945346351e-02 9.992979559525254629e-01 -3.378687309767158808e-02 6.213577759699631664e-02 -8.647924240332613977e-01 -2.968152835786538012e-03 -5.021207692950527823e-01 -4.046964753921021618e+00
-5.015876106292941339e-01 3.660264287194387595e-02 8.643321710257861890e-01 5.076174377803010884e+01 1.585888162413911021e-02 9.993256813656036242e-01 -3.311613512575347501e-02 1.598726245503237497e-02 -8.649614887764094373e-01 -2.903300600919806254e-03 -5.018298589544970545e-01 -4.539413136693682738e+00
-5.020924175237981846e-01 3.611440483873913643e-02 8.640595699997267731e-01 5.165321789701438604e+01 1.631742777583517628e-02 9.993454307522475766e-01 -3.228701834858715286e-02 -3.295552406332646900e-02 -8.646600245966798992e-01 -2.111836556541864425e-03 -5.023530586773696793e-01 -5.042273214783286051e+00
-5.025025858868833462e-01 3.566270651104812978e-02 8.638398630691628277e-01 5.252680191130860266e+01 1.603927296158180402e-02 9.993614876745835485e-01 -3.192739646075210685e-02 -8.275015220442621944e-02 -8.644269230029891782e-01 -2.188235010612972486e-03 -5.027537368931449535e-01 -5.547388703516429764e+00
-5.023927895201866223e-01 3.401389620270262731e-02 8.639702115149097139e-01 5.342756023280953315e+01 1.415501855113187116e-02 9.994155679894392019e-01 -3.111523553888766863e-02 -1.333768201990146451e-01 -8.645236450237173687e-01 -3.402554704577428427e-03 -5.025806436404326449e-01 -6.058769974228508381e+00
-5.027936708251259379e-01 3.341492251009137160e-02 8.637603568233296336e-01 5.433112890013378404e+01 1.374214688326904320e-02 9.994352683109966051e-01 -3.066427609612384572e-02 -1.865502321357632165e-01 -8.642972233483314781e-01 -3.547881344472741689e-03 -5.029689212956093280e-01 -6.564442516507559944e+00
-5.021733258443509262e-01 3.243193293023495516e-02 8.641586121846297486e-01 5.520196221815525917e+01 1.237763662723542595e-02 9.994636886966185019e-01 -3.031714142572103712e-02 -2.343809008488470791e-01 -8.646784126167874618e-01 -4.528217556282940030e-03 -5.023054365109828057e-01 -7.072657382477110843e+00
-5.009243415791837517e-01 3.098163256602716464e-02 8.649363727525327672e-01 5.610901395429441152e+01 1.174006477972101836e-02 9.995103843247631348e-01 -2.900280129967993184e-02 -2.944978045109292730e-01 -8.654114554589272812e-01 -4.373799201907019145e-03 -5.010428087602938341e-01 -7.599185573317031483e+00
-4.988944446200631044e-01 2.877167738260914820e-02 8.661850322677067116e-01 5.700447706348594323e+01 1.220910847713182860e-02 9.995829305583120439e-01 -2.617064355416874252e-02 -3.511780636035076175e-01 -8.665767612743566772e-01 -2.481040744624508649e-03 -4.990376487419621032e-01 -8.102821602367413334e+00
-4.963299725591829858e-01 2.762277448540998923e-02 8.676943742137521731e-01 5.790887223496416425e+01 1.320081359310792089e-02 9.996182428406736875e-01 -2.427152811098503421e-02 -3.936204781282497400e-01 -8.680335876498260772e-01 -5.924142558029748141e-04 -4.965051393569027693e-01 -8.606489588927590972e+00
-4.934932933561693158e-01 2.682739814622093349e-02 8.693357501258190956e-01 5.880620280567610081e+01 1.249109261455771600e-02 9.996397060675666912e-01 -2.375774896740282666e-02 -4.534468649241427674e-01 -8.696599073764884613e-01 -8.653354777208658579e-04 -4.936505954551663189e-01 -9.132232333458071949e+00
-4.915477978413104188e-01 2.741795460944671664e-02 8.704188672685657657e-01 5.968760885476728362e+01 1.320705278325992951e-02 9.996240072952774502e-01 -2.402951876339311926e-02 -4.951912126650959700e-01 -8.707504514545716390e-01 -3.159881673677742732e-04 -4.917250910540861830e-01 -9.636930524673021026e+00
-4.904059444383898625e-01 2.795462007740574795e-02 8.710456561815055343e-01 6.057430896977518131e+01 1.333443258003978900e-02 9.996090981989933510e-01 -2.457323099435157476e-02 -5.421660128993026628e-01 -8.713921132886649490e-01 -4.359580378026465001e-04 -4.905870040941928689e-01 -1.011848103876904936e+01
-4.909937930548792240e-01 2.889323072088928815e-02 8.706837902979851496e-01 6.148442139793912276e+01 1.254168534077253379e-02 9.995807087704295935e-01 -2.609813709190937983e-02 -5.848400321757473153e-01 -8.710727947969526541e-01 -1.894180268098399900e-03 -4.911502946973718697e-01 -1.062582225078773845e+01
-4.938363736890894473e-01 3.068803255565502597e-02 8.690131569865088279e-01 6.235219235655905123e+01 1.145993856183844320e-02 9.995199507329486366e-01 -2.878433380868111041e-02 -6.332242868715965978e-01 -8.694793374803484465e-01 -4.255912737697079354e-03 -4.939509920907848017e-01 -1.110667308506208428e+01
-4.983689207791106579e-01 3.131198299539855734e-02 8.663994257464655568e-01 6.324385916987961309e+01 1.014800944034132367e-02 9.994898005166041877e-01 -3.028459257202651897e-02 -6.930620575518886550e-01 -8.669056748582156802e-01 -6.300669284974714894e-03 -4.984324087317786867e-01 -1.159500148697281396e+01
-5.036198104795506225e-01 2.996770928690350999e-02 8.634054721794789389e-01 6.412607580441601840e+01 1.024223464751794661e-02 9.995350683429589100e-01 -2.871835235554232035e-02 -7.325975099167970628e-01 -8.638646858287044594e-01 -5.619928843825202150e-03 -5.036925992121373818e-01 -1.210188440200163384e+01
-5.091300668381225636e-01 2.796606519566524271e-02 8.602351195026045616e-01 6.496851688752036580e+01 1.330360597875041712e-02 9.996082764018215938e-01 -2.462331807287362548e-02 -7.912063004490643703e-01 -8.605867773235684748e-01 -1.092241571944531538e-03 -5.093026792992836338e-01 -1.260990772790765746e+01
-5.145932559493673342e-01 2.579332916649967888e-02 8.570463650111416198e-01 6.583111571509518001e+01 1.046423360683702841e-02 9.996619149879002464e-01 -2.380242674031450914e-02 -8.379919697450886051e-01 -8.573705691495584480e-01 -3.280233996086652851e-03 -5.146891883100302989e-01 -1.312927348031688624e+01
-5.192929865857005556e-01 2.774105455020894548e-02 8.541458978040759042e-01 6.665614049395597362e+01 1.133704214515330114e-02 9.996086736549668617e-01 -2.557285686410132666e-02 -8.889065389314657617e-01 -8.545210808205503383e-01 -3.596316277050799846e-03 -5.194042762658916956e-01 -1.362368016009234850e+01
-5.242183545435497027e-01 3.004286449917153295e-02 8.510537761511888233e-01 6.748706089174049794e+01 1.179646027270109601e-02 9.995378031522597073e-01 -2.801827211151191113e-02 -9.352953764800905345e-01 -8.515021856693634206e-01 -4.648269558794843742e-03 -5.243304631279966932e-01 -1.415074008758801227e+01
-5.293835740723633609e-01 3.046841457030846981e-02 8.478352989561930286e-01 6.835275514591388912e+01 1.051956287545047046e-02 9.995138139892049134e-01 -2.935088449990810866e-02 -9.844701660903261153e-01 -8.483173828926848792e-01 -6.619018539817190031e-03 -5.294467107804311512e-01 -1.466627902911242387e+01
-5.335559649155581230e-01 3.103603678083302272e-02 8.451951157803718750e-01 6.917235554774001116e+01 9.863988911617240646e-03 9.994868636589691047e-01 -3.047476129368958259e-02 -1.025896011435220023e+00 -8.457072458986020225e-01 -7.922994568247049285e-03 -5.335883182722861440e-01 -1.516309735472079012e+01
-5.367113885026431053e-01 2.972070909022408308e-02 8.432422854508400123e-01 6.997605900634518150e+01 9.074622816352424098e-03 9.995249689484868583e-01 -2.945314331270184813e-02 -1.094728355588524327e+00 -8.437171020858884596e-01 -8.155730913416722391e-03 -5.367261393389650692e-01 -1.568631913728908600e+01
-5.394104282850149534e-01 2.356184550112631546e-02 8.417132625805027191e-01 7.080510101090094111e+01 1.119621172889717631e-02 9.997207588784977617e-01 -2.080983158746825198e-02 -1.134747566413985220e+00 -8.419685542376911247e-01 -1.801039358391892491e-03 -5.395236073072156024e-01 -1.622879812877629391e+01
-5.411837673865598219e-01 1.583805157169418387e-02 8.407551802828137077e-01 7.163050572479446032e+01 1.207987029173130528e-02 9.998658709311908366e-01 -1.105969532113580504e-02 -1.165116516083417597e+00 -8.408175891596034734e-01 4.170886912196138455e-03 -5.413025017027576213e-01 -1.674945843012926616e+01
-5.432203007867960620e-01 1.359483702726628149e-02 8.394801203044620630e-01 7.245048131593216567e+01 1.320458142222343846e-02 9.998835675738263484e-01 -7.647895345497746772e-03 -1.184522090017643858e+00 -8.394863640288915407e-01 6.930492584171356156e-03 -5.433365676420905954e-01 -1.725912539144619373e+01
-5.439844710455421506e-01 1.760604511060583424e-02 8.389105492377455509e-01 7.325674550186984391e+01 1.192087591754925971e-02 9.998411065066920012e-01 -1.325346886226493222e-02 -1.233849831166168087e+00 -8.390106075094747595e-01 2.790868266842775908e-03 -5.441079161116288976e-01 -1.776928258112733516e+01
-5.454868948060228595e-01 2.246862590866125289e-02 8.378181160988785736e-01 7.405088486964170613e+01 1.200929911752259514e-02 9.997475040439235405e-01 -1.899223188478407071e-02 -1.287988553577127604e+00 -8.380333142750517883e-01 -2.984043145038259748e-04 -5.456189951989484088e-01 -1.829990701418674348e+01
-5.460483550805610431e-01 2.831509522126672215e-02 8.372750065141311149e-01 7.484141723406277436e+01 1.916308222342485990e-02 9.995893178839475590e-01 -2.130661444893914777e-02 -1.306725476911066774e+00 -8.375344659638260802e-01 4.410328979494296253e-03 -5.463667084631856907e-01 -1.883470414700018125e+01
-5.455618181033433656e-01 2.933374284518515743e-02 8.375570556014692025e-01 7.565448570536469219e+01 2.270650233501097029e-02 9.995377492800415764e-01 -2.021639131843923701e-02 -1.348020972355128189e+00 -8.377629311847887283e-01 7.988701026105106753e-03 -5.459756996398391626e-01 -1.935293973161297387e+01
-5.457289664352398262e-01 2.605490750699994418e-02 8.375565797104276289e-01 7.641235772141259019e+01 2.193978687034195060e-02 9.996181133235706451e-01 -1.680098899643479166e-02 -1.387510991351547540e+00 -8.376744907369340076e-01 9.207027494585344474e-03 -5.460922001106400803e-01 -1.987051513680362191e+01
-5.449803676394405771e-01 2.102827764927030565e-02 8.381850616865311743e-01 7.722332064794120754e+01 1.990454273383317901e-02 9.997281863933774604e-01 -1.213929472504543701e-02 -1.415810442422385407e+00 -8.382125145628284146e-01 1.006801409292494565e-02 -5.452507939906751089e-01 -2.039224879904439547e+01
-5.439453428262661649e-01 1.557492242970700755e-02 8.389760860664541298e-01 7.801673450634295648e+01 1.867771253771969425e-02 9.998047448216361710e-01 -6.450988729261969770e-03 -1.442935977150625826e+00 -8.389127598252965612e-01 1.216116992513190803e-02 -5.441300397853532367e-01 -2.089690462274279170e+01
-5.437388563918925666e-01 8.758799713360474262e-03 8.392087503408622862e-01 7.886118063019695512e+01 9.788195058431082424e-03 9.999437118384949530e-01 -4.094432252306492818e-03 -1.464118171331196594e+00 -8.391973896704028046e-01 5.988038020396568330e-03 -5.437939843509468352e-01 -2.142551773243497237e+01
-5.418585656041707832e-01 3.579190820384965145e-03 8.404620582792156069e-01 7.964157171309338423e+01 1.145915428417144813e-03 9.999931489919969829e-01 -3.519779170900205235e-03 -1.497164050157253179e+00 -8.404689127798780079e-01 -9.441231245415113811e-04 -5.418589559573139258e-01 -2.188439008544326470e+01
-5.400887173340493952e-01 4.712325082611327348e-03 8.415948897791212246e-01 8.045635907319781666e+01 5.050073108731211076e-03 9.999844673828193198e-01 -2.358335427058444195e-03 -1.515772197680738564e+00 -8.415929454254041930e-01 2.976406330231582114e-03 -5.401041271113438125e-01 -2.239396461291483575e+01
-5.369644908497787084e-01 7.172329052469861646e-03 8.435743478260449013e-01 8.126396080944458333e+01 9.297469811352550295e-03 9.999534395614549931e-01 -2.583746943799353820e-03 -1.543946706554634174e+00 -8.435536167288147924e-01 6.455727666873148363e-03 -5.370061752460056903e-01 -2.291999831415921207e+01
-5.321337713300025030e-01 1.024144855575948379e-02 8.465983398910386093e-01 8.202807263930685622e+01 1.016196112638698135e-02 9.999320686241622846e-01 -5.708998679749640974e-03 -1.573538029306178254e+00 -8.465993123802316722e-01 5.565149410124491797e-03 -5.322016971429465171e-01 -2.339583573921289528e+01
-5.241517494461962468e-01 1.209769341068444096e-02 8.515389457874845691e-01 8.281417026955614347e+01 1.523459292497358203e-02 9.998722924521135091e-01 -4.827622537227066815e-03 -1.589992539201781296e+00 -8.514886156857378596e-01 1.044244343594661131e-02 -5.242691159433778836e-01 -2.388084666339844020e+01
-5.155194252159185364e-01 1.448900388643007200e-02 8.567553779644636602e-01 8.360836648505276969e+01 2.247954822265591651e-02 9.997415862649541296e-01 -3.380912178160221191e-03 -1.624944912654393780e+00 -8.565829815025485239e-01 1.751654903398444998e-02 -5.157119153825358016e-01 -2.437835144129263298e+01
-5.059955314563799877e-01 1.476623793921190246e-02 8.624096862175778533e-01 8.441237498523433658e+01 2.228290730910612027e-02 9.997435270211386671e-01 -4.043783447701939336e-03 -1.634062646695228160e+00 -8.622482278483528662e-01 1.717085984941904911e-02 -5.061947931996348959e-01 -2.483262312647461201e+01
-4.949492393969356363e-01 1.168914590941955156e-02 8.688432543451318768e-01 8.523792149362472514e+01 1.760304091242467783e-02 9.998391926915389805e-01 -3.423693771879740468e-03 -1.671726664601515422e+00 -8.687435731090128455e-01 1.359972980226276280e-02 -4.950754136774292991e-01 -2.528954522977765151e+01
-4.834330825533197928e-01 8.808299999135042399e-03 8.753369949274132367e-01 8.604224839583780238e+01 1.939405222006724758e-02 9.998117062884986916e-01 6.501338457217010081e-04 -1.691949447791450067e+00 -8.751664630693150038e-01 1.729062871741769702e-02 -4.835128850049566496e-01 -2.575140139694107333e+01
-4.724331868482148367e-01 7.768983760160040955e-03 8.813322374829090089e-01 8.685589945572364456e+01 1.941862497776074281e-02 9.998101670603546376e-01 1.595873911047739242e-03 -1.712316056238272655e+00 -8.811525485465765417e-01 1.786820512704200697e-02 -4.724943676889003519e-01 -2.615600416037104736e+01
-4.603258025810313958e-01 6.696369489294390354e-03 8.877247883769604497e-01 8.770345419048733504e+01 1.883229806067138190e-02 9.998201841846696691e-01 2.223468972514908160e-03 -1.726899802808808948e+00 -8.875502876328805746e-01 1.774141908302733286e-02 -4.603691379958048668e-01 -2.656990802460633461e+01
-4.478642651545942655e-01 8.665182821939839547e-03 8.940595618896376440e-01 8.853674679655432556e+01 2.276314924094706774e-02 9.997394176859214499e-01 1.713395288504303065e-03 -1.743037539136722325e+00 -8.938117543901288320e-01 2.111898092671144617e-02 -4.479448077551518859e-01 -2.699297909040733501e+01
