7.776356311937988597e-01 -6.283551366523125736e-01 2.127551034585221934e-02 -6.595778191561562664e+01 6.273889908061078824e-01 7.777476523630354466e-01 3.862180030865888791e-02 2.571179407959948904e+01 -4.081518483501768435e-02 -1.668566709609565699e-02 9.990273816069519253e-01 -8.850271422090205675e-01 -4.809208017785018303e-24 -1.416202385148814181e-23 -3.430527606006730092e-24 9.999999999999997780e-01
7.495192298373016815e-01 -6.614026544251847550e-01 2.770293889498387160e-02 -6.555806343461850361e+01 6.606522166909921667e-01 7.500094488909279100e-01 3.200742344529081823e-02 2.609025166510017968e+01 -4.194726076131199272e-02 -5.688171379964516994e-03 9.991036342747310339e-01 -8.926037802686193068e-01 -4.809208017785018303e-24 -1.416202385148814181e-23 -3.430527606006730092e-24 9.999999999999997780e-01
7.210961375524368444e-01 -6.927398840224991972e-01 1.148100568127440393e-02 -6.520577423853396226e+01 6.923898786572862951e-01 7.211278122234007215e-01 2.389423300381646187e-02 2.648767666907133034e+01 -2.483176070893193879e-02 -9.280706998308850195e-03 9.996485643153332212e-01 -9.018517188191382816e-01 -1.030452468619242330e-18 -8.724319278121450006e-19 -1.195091040598510170e-19 9.999999999999997780e-01
6.910136261455114282e-01 -7.227035586460761607e-01 -1.413275633171775895e-02 -6.487004213001691255e+01 7.228378303846709763e-01 6.909420421635762422e-01 1.022571931986022455e-02 2.690125647284634525e+01 2.374751779058730319e-03 -1.728180231133705225e-02 9.998478383548472515e-01 -9.077371083751225589e-01 -3.646991313324699026e-18 1.308069012009941892e-18 -2.015107217187551305e-19 9.999999999999997780e-01
6.563324246573087883e-01 -7.539345678136428752e-01 -2.846780285019279849e-02 -6.453090983676356984e+01 7.539840150028069843e-01 6.567976182738505253e-01 -1.118006037741970868e-02 2.732339421223458942e+01 2.712661909827700918e-02 -1.412643215597000727e-02 9.995321858003576310e-01 -9.272200786283372187e-01 -7.427877389310354788e-18 4.527077386922462039e-18 -1.189622399480402710e-19 9.999999999999998890e-01
6.189423032357364018e-01 -7.849415910596181378e-01 -2.787694190619418796e-02 -6.419378752708460922e+01 7.842312478707925694e-01 6.195686362963358507e-01 -3.340740607882921459e-02 2.776728019326598940e+01 4.349454136162442947e-02 -1.184712074354570335e-03 9.990529622242482199e-01 -9.385645252660307358e-01 -1.059378564237759126e-17 7.120508407779081451e-18 -4.536010339701457676e-21 9.999999999999998890e-01
5.861027300769958703e-01 -8.099307787867029429e-01 -2.226484606419249640e-02 -6.386832742383111849e+01 8.089717626421291108e-01 5.865016246550739387e-01 -3.975589924327721514e-02 2.825826107399202058e+01 4.525789482481798465e-02 5.289409317644724884e-03 9.989613331381249628e-01 -9.604933247573140820e-01 -1.448331681681073906e-17 1.027953367517568491e-17 1.278044590470173565e-19 9.999999999999997780e-01
5.573551885924095117e-01 -8.301217408092945726e-01 -1.590877697599686266e-02 -6.356619136989252894e+01 8.297767757673331079e-01 5.575821704372269094e-01 -2.392959689748081625e-02 2.876329137302161598e+01 2.873492902868072379e-02 1.365513261908954759e-04 9.995870573429102013e-01 -9.314424368308885649e-01 -1.718697648023944053e-17 1.337046299485056811e-17 1.748539450107861647e-19 9.999999999999994449e-01
5.286378133971570970e-01 -8.488108189167502537e-01 -7.890243123991030894e-03 -6.328509412937305001e+01 8.487716133406304486e-01 5.286920048505118208e-01 -8.456500120362588427e-03 2.927554564195102316e+01 1.134947724831678224e-02 -2.226588653379103690e-03 9.999331135976882168e-01 -8.754698227089416918e-01 -1.959727699319056515e-17 1.656669851872048105e-17 2.033878582692467906e-19 9.999999999999990008e-01
4.987588788403486406e-01 -8.667179715871183854e-01 -6.287965158715176812e-03 -6.301033115412737828e+01 8.667032676086462439e-01 4.987916635075580474e-01 -5.685273243614500337e-03 2.979493567863168479e+01 8.063913095218732882e-03 -2.614219440782388111e-03 9.999640689356389389e-01 -8.680948681009238443e-01 -2.250649179902326347e-17 1.877768085972396178e-17 2.025722499807429181e-19 9.999999999999985567e-01
4.712452344997549725e-01 -8.819917082472662484e-01 -4.307614693537994803e-03 -6.274885381127677419e+01 8.818716135001034573e-01 4.712538771075561739e-01 -1.490773671005669876e-02 3.031718011200950613e+01 1.517848029242018990e-02 3.226436761663138003e-03 9.998795946722029981e-01 -8.630891659136070704e-01 -2.779334415230474476e-17 2.161509259791072510e-17 2.145565263889147451e-19 9.999999999999982236e-01
4.457935128915914147e-01 -8.951191098551579683e-01 -5.470195233439602463e-03 -6.249990273232705817e+01 8.948667741319786817e-01 4.458010191064064043e-01 -2.179238211648073381e-02 3.085483088751628955e+01 2.194539629150770235e-02 4.819806615560366832e-03 9.997475526580762439e-01 -8.582539162671685151e-01 -3.231714376699317654e-17 2.788759309801074874e-17 2.131271535415561047e-19 9.999999999999978906e-01
4.227221054672540279e-01 -9.062408907669932123e-01 -5.785278833962473333e-03 -6.226169030201952381e+01 9.059980567580721011e-01 4.227448967003407665e-01 -2.131369194695181130e-02 3.140997910486153444e+01 2.176103627858686634e-02 3.768317353720903456e-03 9.997560987983130643e-01 -8.540101053336026649e-01 -3.605517579662705638e-17 3.501572702343721306e-17 2.145604493628189900e-19 9.999999999999974465e-01
4.030948973183408612e-01 -9.151444188529086476e-01 -5.019601408168638049e-03 -6.202876305986873007e+01 9.150361284853738564e-01 4.031246519366645797e-01 -1.412085576141418157e-02 3.198791756875153069e+01 1.494614741001611298e-02 1.098928264122410459e-03 9.998876962110745392e-01 -8.474332521174489097e-01 -3.988271538202337003e-17 4.436522247555623047e-17 2.327971645317460188e-19 9.999999999999970024e-01
3.858954727627662007e-01 -9.225398566371519893e-01 -2.212920494229685554e-03 -6.180201560373576086e+01 9.225249872528723527e-01 3.859018171865317148e-01 -5.237879934901371569e-03 3.257180405118099742e+01 5.686123044241699238e-03 -2.020029697928766140e-05 9.999838336676741823e-01 -8.428859659244009039e-01 -4.438124602054760626e-17 5.307947030522063898e-17 2.670295623275156088e-19 9.999999999999965583e-01
3.696385194628565296e-01 -9.291745362275010134e-01 1.430438997603481616e-03 -6.157748759826726115e+01 9.291739940873758874e-01 3.696403229874520857e-01 1.311614819988232705e-03 3.316128454787961743e+01 -1.747467025156695030e-03 8.443033565335550904e-04 9.999981167536595716e-01 -8.397224119238421158e-01 -4.949816198162581855e-17 6.177612839913411664e-17 2.677074139165388083e-19 9.999999999999957812e-01
3.554991048231055384e-01 -9.346748489031191376e-01 1.820246662327607446e-03 -6.136144611837330842e+01 9.346696428980738602e-01 3.555033019154842933e-01 3.171903523740165608e-03 3.375817769133325896e+01 -3.611802145542041421e-03 5.737204345869864087e-04 9.999933128427184181e-01 -8.407881718502894230e-01 -5.280311157613371363e-17 6.941491718771437788e-17 2.268856168708187627e-19 9.999999999999950040e-01
3.425068787530901604e-01 -9.395152425969528487e-01 3.833207721291438620e-04 -6.115719643475974721e+01 9.395128934296689271e-01 3.425068927794725493e-01 2.133419309216743037e-03 3.435867316093726487e+01 -2.135669966456340500e-03 -3.705759809391606782e-04 9.999976507908757695e-01 -8.456958319741955110e-01 -5.665627949228844042e-17 7.886619077925409137e-17 1.805035945857856594e-19 9.999999999999943379e-01
3.303451746160809832e-01 -9.438502483948879584e-01 -4.332921968974080655e-03 -6.096076142374554507e+01 9.438600996696057122e-01 3.303396095979989622e-01 1.963309019998562156e-03 3.497127508358978076e+01 -4.217339545489137437e-04 -4.738241822535976637e-03 9.999886855384613193e-01 -8.506987714166419634e-01 -5.921367666593165381e-17 8.553447721365467244e-17 1.504053665995613524e-19 9.999999999999934497e-01
3.199081564809780898e-01 -9.474201733853420127e-01 -7.333926604535973524e-03 -6.076494485156103309e+01 9.474485481395279463e-01 3.198997252636018307e-01 2.326887310309662654e-03 3.559886101729786390e+01 1.415811269158910981e-04 -7.692908343412635172e-03 9.999703991199163644e-01 -8.573851487829046158e-01 -6.258507589137436261e-17 9.420211809396857420e-17 1.629222562546610757e-19 9.999999999999925615e-01
3.118158491203251725e-01 -9.500962884925514551e-01 -9.376504149232774490e-03 -6.057046265546017594e+01 9.501424649811905931e-01 3.118049489321916279e-01 2.640087278959129830e-03 3.622791707122980398e+01 4.153032723817365280e-04 -9.732235821902104206e-03 9.999525544290300827e-01 -8.603615041618127846e-01 -6.557350850101087883e-17 1.029417420437888546e-16 2.244940249961892959e-19 9.999999999999914513e-01
3.058290248798922195e-01 -9.520225020905800362e-01 -1.103462977262680694e-02 -6.037342953359203079e+01 9.520847010132941213e-01 3.058301348288913757e-01 1.628105324074036186e-03 3.686869919116810479e+01 1.824729406860599226e-03 -1.100382405153068656e-02 9.999377911744714575e-01 -8.580408383507458492e-01 -6.770099138387751237e-17 1.101013487986263802e-16 3.006564210094173971e-19 9.999999999999901190e-01
3.012216725635196157e-01 -9.534690773055938262e-01 -1.273666361612878217e-02 -6.017320972175967597e+01 9.535515551548648938e-01 3.012251031201838569e-01 1.693786275980332847e-03 3.752029843154463151e+01 2.221629973466883630e-03 -1.265527053366379863e-02 9.999174508368323666e-01 -8.590044138557615394e-01 -7.051953373470774174e-17 1.172957372796821254e-16 3.859482570430475585e-19 9.999999999999886757e-01
2.978753823978074200e-01 -9.545203302589346794e-01 -1.269628621884604132e-02 -5.997371772261280398e+01 9.546012317799072999e-01 2.978841170986168407e-01 1.241396243804412285e-03 3.817447300308968039e+01 2.597084058117267447e-03 -1.248967184437533434e-02 9.999186283151570986e-01 -8.649868770092326020e-01 -7.320584898947648293e-17 1.228942909918761848e-16 4.581647931728397741e-19 9.999999999999872324e-01
2.956917212243790893e-01 -9.552108730324234687e-01 -1.177259699548579945e-02 -5.977076314836027393e+01 9.552743006699104811e-01 2.957202830250334480e-01 -7.243529367759047244e-04 3.883276408638284494e+01 4.173305516569487256e-03 -1.103187419528667973e-02 9.999304382170078886e-01 -8.673846999416865433e-01 -7.535259415348229436e-17 1.261219143167449313e-16 5.004930018011223685e-19 9.999999999999856781e-01
2.947663682520729189e-01 -9.555057106385452803e-01 -1.102837633708681105e-02 -5.956620398331038757e+01 9.555558293344417198e-01 2.948039662536471872e-01 -1.917943182568122157e-03 3.950235409339428116e+01 5.083814749138739625e-03 -9.972884150562761479e-03 9.999373462419387515e-01 -8.647811076720103296e-01 -7.661546504896627629e-17 1.294278721831189164e-16 5.380276915502994389e-19 9.999999999999842348e-01
2.944547663712154262e-01 -9.556052913376847924e-01 -1.071996868996876080e-02 -5.936022929958801342e+01 9.556541580000781355e-01 2.944872232036997994e-01 -1.551021243741313891e-03 4.018066333026123971e+01 4.639057919839625725e-03 -9.787877054241903019e-03 9.999413365815242871e-01 -8.636202424072296768e-01 -7.693393427908097900e-17 1.324869147610479404e-16 5.155112978011559437e-19 9.999999999999825695e-01
2.934132908754883973e-01 -9.559086464146564488e-01 -1.213673956792018539e-02 -5.915309425298471524e+01 9.559809128096607989e-01 2.934283159485822079e-01 5.636870999466669354e-04 4.087075742814058543e+01 3.022429679813953482e-03 -1.176788465769855463e-02 9.999261881806947860e-01 -8.646050748650490059e-01 -7.869008408865247684e-17 1.354399951132932586e-16 4.705133104479926833e-19 9.999999999999804601e-01
2.928506087684965564e-01 -9.561003819493463229e-01 -1.051573013453113367e-02 -5.894429920024751368e+01 9.561579328768105013e-01 2.928244523386891451e-01 3.980893021591326054e-03 4.156629570223919501e+01 -7.268704208529087408e-04 -1.122050573294504187e-02 9.999367839571414729e-01 -8.661830816218527573e-01 -8.100477237415581867e-17 1.388423302593209176e-16 4.467146338658204992e-19 9.999999999999783507e-01
2.923530399546671599e-01 -9.562889729271947248e-01 -6.410950564964486981e-03 -5.872688824007683905e+01 9.563063395439371783e-01 2.923255256836185256e-01 4.896119057751696646e-03 4.226807764396068734e+01 -2.808020171026745764e-03 -7.562227958298460909e-03 9.999674633362282128e-01 -8.725783572854747261e-01 -8.347118934858669241e-17 1.408149959919290627e-16 4.273882317274831584e-19 9.999999999999760192e-01
2.918657288836495334e-01 -9.564573955186553844e-01 -1.909675605902955847e-03 -5.850712503463226000e+01 9.564585070701857594e-01 2.918623304532071971e-01 1.871981690138353359e-03 4.296770647234768603e+01 -1.233108359054743523e-03 -2.372892779466110290e-03 9.999964244054571072e-01 -8.774619778305176032e-01 -8.712005613132930062e-17 1.446856840606242646e-16 4.060412932166556121e-19 9.999999999999737987e-01
2.915108892104725791e-01 -9.565675019753104857e-01 1.250458746389181825e-04 -5.828335938293925977e+01 9.565634897263923797e-01 2.915092825027946200e-01 -2.937403125775319736e-03 4.368126590006344401e+01 2.773372337126432316e-03 9.758993153778775832e-04 9.999956780038976589e-01 -8.778580033394994819e-01 -9.173789905695437820e-17 1.494644450019972285e-16 3.477448862745829116e-19 9.999999999999716893e-01
2.912843861469651685e-01 -9.566304896087156617e-01 -3.393042589625642341e-03 -5.806729996155111451e+01 9.566162778179548853e-01 2.912994603388198156e-01 -5.470047530180836316e-03 4.440634080634377057e+01 6.221205722249181086e-03 -1.652500335549368779e-03 9.999792827064337697e-01 -8.778287397761890265e-01 -9.694306342521458261e-17 1.558447409490364680e-16 2.856313516383421238e-19 9.999999999999695799e-01
2.908965114542281238e-01 -9.567065387316672220e-01 -9.582190348658649673e-03 -5.784930755964721527e+01 9.567058233069672957e-01 2.909681665025709019e-01 -7.175913364590075921e-03 4.514532514503971328e+01 9.653355594107548496e-03 -7.079889142348290074e-03 9.999283413803110587e-01 -8.787559902957593483e-01 -1.018721599765406299e-16 1.629973028003556870e-16 2.567535308415117620e-19 9.999999999999674705e-01
2.902835388775520387e-01 -9.569035197100499435e-01 -8.433328126657795715e-03 -5.762444288191926489e+01 9.568893191013593258e-01 2.903479927882343103e-01 -7.802183894515325388e-03 4.587966642452474275e+01 9.914537124190998807e-03 -5.804916057010624762e-03 9.999340002736490929e-01 -8.793838132742209934e-01 -1.058245363390023279e-16 1.714472652448449021e-16 2.878676582922966272e-19 9.999999999999651390e-01
2.897917792473914123e-01 -9.570825043297394030e-01 -3.715452408350454743e-03 -5.738953053751671973e+01 9.570531486313682556e-01 2.898124581281678602e-01 -7.616417033867944365e-03 4.662306619684193976e+01 8.366323884321257009e-03 -1.348710382275343034e-03 9.999640921578377695e-01 -8.813370050043879411e-01 -1.092566188131961814e-16 1.787830116474627533e-16 3.127073239955421446e-19 9.999999999999625855e-01
2.901130461200467359e-01 -9.569846319211023911e-01 -3.851589001558295474e-03 -5.716025710284000638e+01 9.569804047358739796e-01 2.901272017798024461e-01 -3.835588471468542610e-03 4.738627141609309490e+01 4.788049961002644600e-03 -2.573140946475477222e-03 9.999852266525361966e-01 -8.776095641895234056e-01 -1.128688210390818783e-16 1.854235181934106549e-16 2.873149514067833322e-19 9.999999999999598099e-01
2.912641869059471311e-01 -9.566269230362658416e-01 -5.486670050661741210e-03 -5.692940226793214009e+01 9.566426047579260628e-01 2.912574828310713349e-01 2.001363738339939895e-03 4.815848881024382422e+01 -3.165247267978900944e-04 -5.831707910672071817e-03 9.999829453520834299e-01 -8.757888800744807467e-01 -1.158655797087644157e-16 1.939622305237142957e-16 2.588783260139802794e-19 9.999999999999571454e-01
2.910903549280974278e-01 -9.566651445398220988e-01 -7.629317826712008789e-03 -5.669448482831148795e+01 9.566832951002181007e-01 2.910369757808055624e-01 7.385905799711535609e-03 4.894485249478550770e+01 -4.845425051874869410e-03 -9.448806858538834341e-03 9.999436193631643377e-01 -8.820631990072399509e-01 -1.200213555624492252e-16 2.052661541270963020e-16 2.618673374900981274e-19 9.999999999999544809e-01
2.908234485453682905e-01 -9.567708737001083819e-01 -3.349181300109736661e-03 -5.644913428743438999e+01 9.567455829509151632e-01 2.907839499950974904e-01 9.087570032095790978e-03 4.973026302248414510e+01 -7.720834151716213581e-03 -5.847192871023362132e-03 9.999530984279317858e-01 -8.982864588714043474e-01 -1.250927601140640098e-16 2.177667897429242310e-16 2.957925067474866043e-19 9.999999999999514833e-01
2.902135548601805781e-01 -9.569584548772606114e-01 2.570644747453266349e-03 -5.620425547625618634e+01 9.569273681373264839e-01 2.902248559827113050e-01 7.716545827360138735e-03 5.051270667717161444e+01 -8.130478773544768181e-03 2.204741167866720928e-04 9.999669228060339421e-01 -9.086679395063640419e-01 -1.305077803329566472e-16 2.263539982798901172e-16 2.415978179506677798e-19 9.999999999999483746e-01
2.893827229706739668e-01 -9.572123560036862600e-01 1.464636483584904171e-03 -5.596719006001197272e+01 9.571937972990395282e-01 2.893862462967345395e-01 5.969494656050035146e-03 5.130241197791192320e+01 -6.137919698035366849e-03 -3.255276609518999707e-04 9.999811098083886129e-01 -9.111169356681557696e-01 -1.370250567658426617e-16 2.339586145767938858e-16 1.379109864861571334e-19 9.999999999999454880e-01
2.900801995874047190e-01 -9.569805462919044325e-01 -6.458469343575632023e-03 -5.573893838852852411e+01 9.569969901844966875e-01 2.900494079742615972e-01 5.301104744172562173e-03 5.211083983897078298e+01 -3.199778904497656371e-03 -7.718481245235341709e-03 9.999650926219005864e-01 -9.205212347733036093e-01 -1.434274777792450075e-16 2.421749096652878978e-16 5.099254654125328802e-20 9.999999999999426015e-01
2.892424396628208161e-01 -9.572175981169936954e-01 -8.560429493881173413e-03 -5.549492452282935773e+01 9.572548072998275925e-01 2.892439104939699690e-01 1.092768702172933334e-03 5.290981464735590123e+01 1.430034669933295420e-03 -8.510587370984439362e-03 9.999627617584283534e-01 -9.307608167511326469e-01 -1.509527467453301170e-16 2.504199621170048174e-16 3.493435550318557792e-20 9.999999999999392708e-01
2.884675541285788292e-01 -9.574576450304530528e-01 -7.831231570203659592e-03 -5.524700260828671361e+01 9.574727418320455596e-01 2.885014416289387595e-01 -3.587035900935749318e-03 5.371005964374567299e+01 5.693756544089533314e-03 -6.463447290542367711e-03 9.999629018046827245e-01 -9.315864390730645983e-01 -1.593304944288287397e-16 2.577007668188373797e-16 5.247854599379620519e-20 9.999999999999358291e-01
2.886028121289408999e-01 -9.573989475497247659e-01 -9.781209641117448103e-03 -5.500296876256263801e+01 9.574225015790007731e-01 2.886556684784907234e-01 -4.478674507577173197e-03 5.452377559029648779e+01 7.111279867463318055e-03 -8.072192145583028874e-03 9.999421330320655832e-01 -9.280774631303838618e-01 -1.667463228285104934e-16 2.649613313391280957e-16 6.028381065674248618e-20 9.999999999999321654e-01
2.889457140524274159e-01 -9.572229074692349959e-01 -1.531926065377417490e-02 -5.476810007414969306e+01 9.573301228759837356e-01 2.889947288945524662e-01 -1.040435156396113002e-03 5.535141661615144670e+01 5.423113944947803404e-03 -1.436496040487022542e-02 9.998821119251087852e-01 -9.263793487691763806e-01 -1.750161205396858423e-16 2.724109921811221994e-16 9.507269737722971351e-20 9.999999999999283906e-01
2.890485346675231715e-01 -9.572356589372630342e-01 -1.228160680073506032e-02 -5.451985194309956029e+01 9.573144398608075534e-01 2.890235586982356497e-01 3.800756673105789175e-03 5.617947575115417180e+01 -8.854611435168052496e-05 -1.285596268203926910e-02 9.999173547764915737e-01 -9.279362837654512308e-01 -1.827245242302442339e-16 2.780888423530135788e-16 1.655236729654020278e-19 9.999999999999246159e-01
2.880315807268075123e-01 -9.576023512315484654e-01 -5.961997982115651087e-03 -5.426317931981991904e+01 9.576057553303057857e-01 2.879864136244394413e-01 7.419091985909048899e-03 5.700748205762204179e+01 -5.387565512794493909e-03 -7.846176373214617042e-03 9.999547048013128769e-01 -9.353276354894070055e-01 -1.916244366649156771e-16 2.840150618243440167e-16 1.848275125415066628e-19 9.999999999999209521e-01
2.876377069928628405e-01 -9.576975058067233038e-01 -8.946333751126474276e-03 -5.401580711843706695e+01 9.577084966755868845e-01 2.875410028535049234e-01 1.070546931574514922e-02 5.784648885760301340e+01 -7.680163483508254535e-03 -1.164727649382760015e-02 9.999026732833856679e-01 -9.446767370158960508e-01 -2.011972381948301890e-16 2.932803851797616636e-16 1.631057425842558437e-19 9.999999999999175104e-01
2.881437826439417482e-01 -9.575342801172003204e-01 -1.006294808683659732e-02 -5.376700982850889687e+01 9.575600002059699856e-01 2.880405610608056666e-01 1.055846528601655371e-02 5.867578733185710149e+01 -7.211555243919727000e-03 -1.267823269854690890e-02 9.998936222852543576e-01 -9.611257994285424822e-01 -2.115377399169183720e-16 3.025813055069943857e-16 1.619400222711967198e-19 9.999999999999137357e-01
2.863398909653074864e-01 -9.581099698093207273e-01 -5.895133084818504100e-03 -5.351317939537732116e+01 9.581247780397791347e-01 2.863172607227401079e-01 4.397262594086270501e-03 5.950606477807624373e+01 -2.525182774812588168e-03 -6.907384770158810777e-03 9.999729553781521174e-01 -9.575961347753485509e-01 -2.218744131917806880e-16 3.115438503320146703e-16 1.901965816313331470e-19 9.999999999999097389e-01
2.858842411467071298e-01 -9.582507849857674342e-01 -5.062977213770677130e-03 -5.326275653681786082e+01 9.582615920647769014e-01 2.858917167546187743e-01 -8.046517514319946216e-04 6.034534354793354538e+01 2.218521419993407882e-03 -4.621619350126148114e-03 9.999868593123714122e-01 -9.608525725692023123e-01 -2.313224632350749687e-16 3.185411772091625940e-16 1.747376984720611868e-19 9.999999999999055200e-01
2.858712003161156812e-01 -9.582369792553248056e-01 -7.716762118553962060e-03 -5.301573477806564938e+01 9.582603717496263052e-01 2.858918783339711722e-01 -1.701128096636992130e-03 6.119371067794651253e+01 3.836243465386651556e-03 -6.908363805568721802e-03 9.999687783854739331e-01 -9.674008104954610054e-01 -2.411623986556774005e-16 3.244250698089107010e-16 2.008821503264299783e-19 9.999999999999011902e-01
2.851576144636353560e-01 -9.584601928881945065e-01 -6.260476202340009393e-03 -5.276044109133864879e+01 9.584804010786809325e-01 2.851560609308550487e-01 1.158301473395449395e-03 6.203707808050737071e+01 6.750268798074361178e-04 -6.330842226362861334e-03 9.999797321823843399e-01 -9.702351305885364985e-01 -2.514796871883246093e-16 3.292208814505497337e-16 2.651351479176204004e-19 9.999999999998969713e-01
2.843755102813677604e-01 -9.587107233777513171e-01 -2.077987697935977131e-03 -5.250159970528533648e+01 9.587069949988569206e-01 2.843654126156801021e-01 4.148475385480968752e-03 6.288970850688742331e+01 -3.386280008583954487e-03 -3.171906146186153838e-03 9.999892360016898740e-01 -9.701570970741834055e-01 -2.618563724852760014e-16 3.343863130574090857e-16 2.730611443589444815e-19 9.999999999998926414e-01
2.836719798872828213e-01 -9.589213769482568539e-01 -2.566410844952493438e-05 -5.225432969897120472e+01 9.589014913700807385e-01 2.836659246921309774e-01 6.447714062838679795e-03 6.374362954264478276e+01 -6.175570814238777982e-03 -1.853645165837351349e-03 9.999792129463797030e-01 -9.660805737667559345e-01 -2.723299026018234514e-16 3.410571305265741583e-16 2.124819628006703957e-19 9.999999999998883116e-01
2.834902140086335010e-01 -9.589591514325809252e-01 -5.535742516412746513e-03 -5.201339942956794005e+01 9.589691008958868279e-01 2.834632404225800317e-01 5.182167104848443839e-03 6.459638825018967623e+01 -3.400307057587903178e-03 -6.777699685356445083e-03 9.999712499362352069e-01 -9.648322048081304780e-01 -2.821574051484723072e-16 3.492872451362843544e-16 1.206922124972647500e-19 9.999999999998839817e-01
2.835071461029163298e-01 -9.589612923085715224e-01 -4.115575612768988117e-03 -5.176102928818410476e+01 9.589697026657140189e-01 2.835084322341435148e-01 2.796805337445574819e-04 6.544542106925020164e+01 8.985975836552417611e-04 -4.026003751637211893e-03 9.999914918719685630e-01 -9.741680450098456623e-01 -2.926248714864993364e-16 3.585347189961886664e-16 1.050702524936641009e-19 9.999999999998795408e-01
2.830208876730144762e-01 -9.591097610027544684e-01 -2.764686274067898290e-03 -5.150826328895276873e+01 9.591042699443611541e-01 2.830297290092418927e-01 -3.629307271787768092e-03 6.629775652645763273e+01 4.263392437005734947e-03 -1.624452644835489012e-03 9.999895922651832469e-01 -9.867731577875205051e-01 -3.047766888300639082e-16 3.674147041393322710e-16 9.846567179467029151e-20 9.999999999998746558e-01
2.835366680459771582e-01 -9.589483834344917357e-01 -4.995576237262590487e-03 -5.125856491545492588e+01 9.589594693087977184e-01 2.835426921962075353e-01 -5.271858613668374506e-04 6.715488047919403414e+01 1.922003164923852172e-03 -4.641078614824803786e-03 9.999873830670482633e-01 -9.916067842268454502e-01 -3.173897358331957900e-16 3.766661560992789209e-16 1.283425306787708504e-19 9.999999999998699929e-01
2.839136633241235441e-01 -9.588386168407848631e-01 -4.640973272358657822e-03 -5.101073577398764058e+01 9.588410861633462900e-01 2.838870511235213057e-01 5.649220237760438010e-03 6.801735292216957873e+01 -4.099178302356437827e-03 -6.053846665972016129e-03 9.999732734818231883e-01 -9.840546082477092948e-01 -3.301126018741700481e-16 3.829510597009183239e-16 1.432256681139837682e-19 9.999999999998652189e-01
2.832322129904404351e-01 -9.590452714624384534e-01 -3.417720039756657995e-03 -5.075720339855488561e+01 9.590179296162871792e-01 2.831907861128439841e-01 9.358917409663698381e-03 6.887577138659312936e+01 -8.007758662957937049e-03 -5.928401685690963020e-03 9.999503636955263675e-01 -9.794893444555524686e-01 -3.419003877824296806e-16 3.869053289069410793e-16 1.026118136603124964e-19 9.999999999998605560e-01
2.832040353609621142e-01 -9.590523920220743737e-01 -3.739480205273758382e-03 -5.050912717367681637e+01 9.590189278668405093e-01 2.831539029132947860e-01 1.032294812053640223e-02 6.972371978437884366e+01 -8.841399672714139388e-03 -6.509732861820888804e-03 9.999397246984771392e-01 -9.863331751109524204e-01 -3.546373780481464182e-16 3.898246916679733015e-16 1.874260283321107267e-20 9.999999999998558931e-01
2.836127957956350309e-01 -9.589283065170860487e-01 -4.503889592976845213e-03 -5.025493354207881680e+01 9.588858320918431932e-01 2.835445739359110928e-01 1.185055293331478514e-02 7.058734258778872572e+01 -1.008677719992312830e-02 -7.679684369175781081e-03 9.999196364577930263e-01 -1.004612696529797899e+00 -3.679962446991104547e-16 3.938088456847119824e-16 -7.189046146714188312e-20 9.999999999998512301e-01
2.837088098819181003e-01 -9.588842592409071441e-01 -7.091443831763586184e-03 -5.001145697566278159e+01 9.588624923231162667e-01 2.836128680133840341e-01 1.210214497130793036e-02 7.144542284920451891e+01 -9.593331592539722230e-03 -1.023320465354611922e-02 9.999016199165072782e-01 -1.017748356392788267e+00 -3.817193347738853866e-16 3.958247657103953965e-16 -1.884046216868192021e-19 9.999999999998464562e-01
2.837860074487322803e-01 -9.588394527046358862e-01 -9.612799467696686931e-03 -4.976556583814122803e+01 9.588707193400710649e-01 2.837071886475793780e-01 8.784913301525492171e-03 7.229293893449283814e+01 -5.696101150063508783e-03 -1.171046741210994557e-02 9.999152060974288991e-01 -1.028856487372839412e+00 -3.951104215428169323e-16 3.950711733377220762e-16 -2.896339433558640273e-19 9.999999999998413491e-01
2.838132469758135601e-01 -9.588325114405336080e-01 -9.500307674798955798e-03 -4.951450224434432812e+01 9.588773709937240541e-01 2.838199107128963061e-01 6.675918315160604731e-04 7.312970594649820555e+01 2.056267723590232081e-03 -9.299101452225006295e-03 9.999546482093171207e-01 -1.021661548032764433e+00 -4.087350152564794093e-16 3.917588579909607863e-16 -3.603002440883543228e-19 9.999999999998360201e-01
2.835096588163116271e-01 -9.589271849793731262e-01 -8.995958294231703317e-03 -4.926174577693908674e+01 9.589312268541756445e-01 2.835695845423084060e-01 -6.260422206613961045e-03 7.397401408147044322e+01 8.554269199437523549e-03 -6.851615159999110451e-03 9.999399381204626680e-01 -1.019777640069234215e+00 -4.224615434063072899e-16 3.883963568209745410e-16 -3.003678299260010715e-19 9.999999999998306910e-01
2.835890001059286902e-01 -9.588996652665000564e-01 -9.418650166474848429e-03 -4.900826434105641738e+01 9.589115411667467059e-01 2.836483229315632237e-01 -5.681999214540212062e-03 7.483023966932232440e+01 8.120051468878926662e-03 -7.420299871016942592e-03 9.999395001269631988e-01 -1.018276972829884386e+00 -4.358916964316925236e-16 3.875484980274869122e-16 -1.225491056501453220e-19 9.999999999998254729e-01
2.838417860172439133e-01 -9.588374821153423655e-01 -8.032645984002583991e-03 -4.875759383659152491e+01 9.588689354086012973e-01 2.838490927770034311e-01 2.392441955787526036e-04 7.568645346647565475e+01 2.050662973073140698e-03 -7.770162202988483389e-03 9.999677091591038236e-01 -1.011565212791719404e+00 -4.506205426355293748e-16 3.884565088221865343e-16 6.995548814708595041e-20 9.999999999998203659e-01
2.835571521831196096e-01 -9.589280578405471323e-01 -7.233348617134996439e-03 -4.850676266781096757e+01 9.589420503626689962e-01 2.835054472712801865e-01 7.403067842369250896e-03 7.654538863178065355e+01 -5.048315733157529746e-03 -9.035554988730667980e-03 9.999464351926561356e-01 -1.008949577469767878e+00 -4.647461624735458544e-16 3.881558994613263595e-16 1.617561050505609623e-19 9.999999999998152589e-01
2.834013719523484354e-01 -9.589753653386391408e-01 -7.064775256129154912e-03 -4.825614911585718403e+01 9.589580032527750264e-01 2.833107884998080084e-01 1.159935846436027478e-02 7.739974880499809728e+01 -9.121971972646598231e-03 -1.006209687564102798e-02 9.999077676635944600e-01 -1.014460594438768348e+00 -4.793530559147926203e-16 3.880002267650024703e-16 1.461622975840013816e-19 9.999999999998100408e-01
2.832977533846418039e-01 -9.590065530256497439e-01 -6.986714632309024356e-03 -4.800491091288502332e+01 9.589885764461394402e-01 2.832080791216001203e-01 1.157990353010760441e-02 7.825188040077500773e+01 -9.126509338371524907e-03 -9.980740173791243647e-03 9.999085416442236030e-01 -1.024224821550786757e+00 -4.945219803119250047e-16 3.885730883894312609e-16 9.270826677238871866e-20 9.999999999998049338e-01
2.839064477204062964e-01 -9.587978615915192515e-01 -1.018771567108587260e-02 -4.775949851771206767e+01 9.588329603511470678e-01 2.838178599036537131e-01 9.315392834506183370e-03 7.910072781535139086e+01 -6.040123070516388408e-03 -1.241301766491639293e-02 9.999047124131088538e-01 -1.034341133446678329e+00 -5.106796860721862206e-16 3.873918789901616785e-16 5.279563670568782651e-20 9.999999999997996047e-01
2.841701499340276715e-01 -9.586910771493671879e-01 -1.259938414965673659e-02 -4.751072328941029355e+01 9.587667985861243469e-01 2.840930614367211393e-01 7.573531019940108258e-03 7.995002830511059244e+01 -3.681278996019310933e-03 -1.423204265081916796e-02 9.998919427353823997e-01 -1.041734004065918651e+00 -5.271675739905855053e-16 3.857924998348808585e-16 2.860156847477411647e-20 9.999999999997944977e-01
2.834526036949384653e-01 -9.589040757112533564e-01 -1.255368643893184540e-02 -4.725795984357930024e+01 9.589815621417281388e-01 2.833860144239091494e-01 6.835956466811918784e-03 8.080589884622499142e+01 -2.997487351136429029e-03 -1.397642349113758543e-02 9.998978321089483368e-01 -1.044949020651706029e+00 -5.437087754931660953e-16 3.843088592288140017e-16 3.962908535280930634e-20 9.999999999997893907e-01
2.825260492706116455e-01 -9.591805162544326802e-01 -1.231944486278437056e-02 -4.700533290571434009e+01 9.592498084829167437e-01 2.824417521819687638e-01 8.152395324591735215e-03 8.166191278116565400e+01 -4.340093163179572881e-03 -1.412068916842154111e-02 9.998908789107652240e-01 -1.048690413526063070e+00 -5.605694698619539291e-16 3.838904860059419403e-16 6.082871453220415241e-20 9.999999999997842837e-01
2.824262913859298396e-01 -9.591931792601378071e-01 -1.355856906654275690e-02 -4.675776711898061677e+01 9.592572371726786340e-01 2.822737080254711928e-01 1.212875463684804679e-02 8.251907057691802549e+01 -7.806591154631705755e-03 -1.643163469403301213e-02 9.998345155654634331e-01 -1.049387301652902282e+00 -5.788632162341054543e-16 3.864714898925429201e-16 7.681748632451079822e-20 9.999999999997793987e-01
2.821219885435624075e-01 -9.592877650144704393e-01 -1.319725252038958692e-02 -4.650818334927208753e+01 9.593333104016975588e-01 2.819484213364887859e-01 1.358996906619846720e-02 8.337146033416200908e+01 -9.315746538005426416e-03 -1.649459304582565761e-02 9.998205565334661316e-01 -1.054874295389443883e+00 -5.986476746231807680e-16 3.904755666358466561e-16 2.286188540443722994e-20 9.999999999997745137e-01
2.812089594282472516e-01 -9.595724137563078626e-01 -1.192911964477059820e-02 -4.625379951622741714e+01 9.596060017319695268e-01 2.810610613742124952e-01 1.268862556821312611e-02 8.422412470289600606e+01 -8.822844035100085858e-03 -1.501540999914445854e-02 9.998483359419507721e-01 -1.062277449591956469e+00 -6.181817220598091111e-16 3.944315057754851345e-16 -5.860456046960527510e-20 9.999999999997696287e-01
2.805990868562933671e-01 -9.597282513781564273e-01 -1.363216645911989600e-02 -4.601269561155704935e+01 9.597969774468276816e-01 2.804539234924851576e-01 1.163438357709475207e-02 8.507693305475650902e+01 -7.342652037124500382e-03 -1.634870957141698611e-02 9.998393896804678160e-01 -1.076932824161697111e+00 -6.370949548261625284e-16 3.965525705827614144e-16 -2.087667624801146371e-19 9.999999999997644107e-01
2.798509762731879458e-01 -9.599511636300203099e-01 -1.331144337206353369e-02 -4.576647990024621038e+01 9.600191935830161283e-01 2.797184347587386433e-01 1.098841243945012161e-02 8.593407710880889283e+01 -6.824883203263064704e-03 -1.585435908038050623e-02 9.998510190361425964e-01 -1.090666277976941378e+00 -6.569418388766183342e-16 4.009901097573912656e-16 -3.397615405141940829e-19 9.999999999997590816e-01
2.784004670811098814e-01 -9.604243512563221952e-01 -8.845645438918813691e-03 -4.551286439568090003e+01 9.604496725673911106e-01 2.783320180094712715e-01 8.228864779341696009e-03 8.677926306945967383e+01 -5.441175771644805696e-03 -1.078671706360572434e-02 9.999270175074845834e-01 -1.091696139927508247e+00 -6.815382894990832246e-16 4.078279407299880075e-16 -4.474919982731521657e-19 9.999999999997535305e-01
2.770782869272622739e-01 -9.607441796456848149e-01 -1.407992154581733102e-02 -4.527325406897661253e+01 9.608467566354211842e-01 2.770321323189783302e-01 5.167971127059881216e-03 8.762438357519049248e+01 -1.064507492159818668e-03 -1.496057953779011962e-02 9.998875176158044109e-01 -1.093979234627390440e+00 -7.039973602336067437e-16 4.139094352588584523e-16 -5.396332752367455673e-19 9.999999999997480904e-01
2.764291561361330030e-01 -9.607960442183269834e-01 -2.139820208863683904e-02 -4.504106645002680409e+01 9.610255386094428420e-01 2.764531706909532094e-01 1.886413241031778282e-03 8.847778143342765134e+01 4.103142434761261441e-03 -2.108567830788625821e-02 9.997692525741432856e-01 -1.104015234575906890e+00 -7.270270856012947640e-16 4.195745437885071135e-16 -5.182356263287905541e-19 9.999999999997426503e-01
2.750632637661051261e-01 -9.611541225241013731e-01 -2.286818054880635290e-02 -4.480573798582116751e+01 9.614122770953362762e-01 2.751091606656088651e-01 1.176081536069577445e-03 8.932625449222643965e+01 5.160850339930011035e-03 -2.230924636026047556e-02 9.997377972002517987e-01 -1.106500185259003510e+00 -7.509416493718139184e-16 4.272200275836166557e-16 -2.640154678639882156e-19 9.999999999997370992e-01
2.737966858387823610e-01 -9.615518249372296822e-01 -2.129466562162403778e-02 -4.456505217356630055e+01 9.617849777211103790e-01 2.737804608491923863e-01 3.730400347148125385e-03 9.018136084368194361e+01 2.243090105988619458e-03 -2.150226075241217644e-02 9.997662833530236437e-01 -1.093844926435161735e+00 -7.759864503874471221e-16 4.342750442170595778e-16 -5.419270867621610901e-21 9.999999999997313260e-01
2.732761070390257174e-01 -9.617573962177992097e-01 -1.851702304131573260e-02 -4.432689586739518717e+01 9.619335679339251488e-01 2.731849592903405344e-01 7.334091557534535948e-03 9.103565785102701113e+01 -1.995044614257222414e-03 -1.981637803119698157e-02 9.998016458072672696e-01 -1.084661725917011044e+00 -8.004453978392345067e-16 4.405389842768232933e-16 1.607980443650493102e-19 9.999999999997257749e-01
2.722586129346523665e-01 -9.620293003134191556e-01 -1.936163788873958638e-02 -4.409509733282281729e+01 9.622148360544011680e-01 2.721124980247398573e-01 9.869027057265724115e-03 9.189148011718287989e+01 -4.225749542898741586e-03 -2.131698284452335224e-02 9.997638367551698879e-01 -1.089411122405530064e+00 -8.251136262180629157e-16 4.462514280460895957e-16 2.543785884950051719e-19 9.999999999997202238e-01
2.713185588147409844e-01 -9.623318436741529203e-01 -1.742590869261625638e-02 -4.386461897935628684e+01 9.624757387002400577e-01 2.711729950432661962e-01 1.027906475313766950e-02 9.274168802325996808e+01 -5.166435483583583371e-03 -1.956091537627278193e-02 9.997953183198291516e-01 -1.098207956099933824e+00 -8.497969680982038517e-16 4.524839105699742838e-16 3.291213449461589531e-19 9.999999999997148947e-01
2.698907735233728733e-01 -9.627878192174957883e-01 -1.409203795566007361e-02 -4.362788524548826530e+01 9.628690981022022255e-01 2.697571615786735211e-01 1.068520923351573906e-02 9.359619171269305582e+01 -6.486161136018495782e-03 -1.645262726211980248e-02 9.998436081558474964e-01 -1.111006094152913626e+00 -8.728892264855840515e-16 4.591150636200756492e-16 3.897733458293315663e-19 9.999999999997095657e-01
2.689767130184063659e-01 -9.630432924104389558e-01 -1.411186725592812434e-02 -4.340141777700740278e+01 9.631106291545762366e-01 2.688110031004943279e-01 1.259208565188130874e-02 9.444839587447056317e+01 -8.333298431790831656e-03 -1.697826716013130580e-02 9.998211312938423134e-01 -1.115726043631662723e+00 -8.950789011796923207e-16 4.614581656887815176e-16 3.378481154587390492e-19 9.999999999997040145e-01
2.685945092901599884e-01 -9.630683639999374490e-01 -1.887633020578205478e-02 -4.318296529858719879e+01 9.632170595348972242e-01 2.683627467318703275e-01 1.394031516652405669e-02 9.529843662211487754e+01 -8.359772698801878899e-03 -2.192629538716733481e-02 9.997246379734932020e-01 -1.114041986241170568e+00 -9.169673454272850039e-16 4.646503343322641565e-16 2.424578257048400460e-19 9.999999999996986855e-01
2.683112174699693320e-01 -9.630428291191310830e-01 -2.361355251504621347e-02 -4.296476581836603259e+01 9.633042493337498069e-01 2.680357824554252533e-01 1.420361005189260152e-02 9.615097026841215211e+01 -7.349407783132523748e-03 -2.655802338514550928e-02 9.996202566971743586e-01 -1.118637067906447902e+00 -9.402579289836651327e-16 4.678495717812331113e-16 9.231001969479032550e-20 9.999999999996932454e-01
2.687232953058057427e-01 -9.628623876897147715e-01 -2.614981707069697139e-02 -4.273861775531538143e+01 9.632036839353937951e-01 2.684754527239727184e-01 1.263307315693525980e-02 9.699886845164331817e+01 -5.143327007017556296e-03 -2.858240118534845567e-02 9.995782073104595433e-01 -1.127823239593864324e+00 -9.641710056350685894e-16 4.725616180346172831e-16 4.849044698512433488e-20 9.999999999996879163e-01
2.702442857046973290e-01 -9.623981801464351893e-01 -2.752760242321379905e-02 -4.250488661610832253e+01 9.627792735469939966e-01 2.699845195980267176e-01 1.282301076883578424e-02 9.784430176725106776e+01 -4.908815711985120567e-03 -2.996835044936664236e-02 9.995387943946258957e-01 -1.141361791342633270e+00 -9.893597940740271857e-16 4.750668946971506912e-16 -4.769186391407457756e-20 9.999999999996823652e-01
2.714302781057598146e-01 -9.620817358594175861e-01 -2.691352176035402208e-02 -4.226604756746793612e+01 9.624268685054629957e-01 2.710900397749264612e-01 1.564330888965851166e-02 9.869588233773029629e+01 -7.754154086624553098e-03 -3.014836415073254144e-02 9.995153571774909596e-01 -1.153233381422945625e+00 -1.015098309745291976e-15 4.778293728929582712e-16 -1.795851874058791305e-19 9.999999999996768141e-01
