7.758699899450255399e-01 -6.305457102386199386e-01 2.092524796461266504e-02 -6.595287267118692398e+01 6.296288965205839583e-01 7.759880232383846721e-01 3.755050541412906229e-02 2.568895656790118665e+01 -3.991505191000395414e-02 -1.595916947271228473e-02 9.990756195307556320e-01 -8.745668768824543804e-01 -4.814854197378213021e-24 -1.416001715613531251e-23 -3.430891164109389562e-24 9.999999999999997780e-01
7.479837201712221662e-01 -6.632356255084510543e-01 2.527566844284476894e-02 -6.555345703242346644e+01 6.625376243527053566e-01 7.483822048889657852e-01 3.111224393392647558e-02 2.606152921193279326e+01 -3.955060904578784620e-02 -6.525370636523851811e-03 9.991962614332398074e-01 -8.825867772247875109e-01 -5.424363915393952211e-24 -1.396523684717062957e-23 -3.317884401214215836e-24 9.999999999999997780e-01
7.195589303579703611e-01 -6.943742039559764878e-01 8.911263804766186847e-03 -6.519767344603314996e+01 6.940586806219428695e-01 7.195338970370730447e-01 2.352698170126718905e-02 2.645285686349961907e+01 -2.274848556327304858e-02 -1.074410978850526971e-02 9.996834851638946029e-01 -8.834930490411352366e-01 -6.066468138944873810e-24 -1.370384479663515455e-23 -3.295834202887541823e-24 9.999999999999997780e-01
6.891558819089037558e-01 -7.244707918900236132e-01 -1.436113256688026189e-02 -6.487059527356177568e+01 7.246078678988112642e-01 6.890909711834312112e-01 9.852472411272662767e-03 2.686045180994551629e+01 2.758298297936203226e-03 -1.719607896347304446e-02 9.998483318277736620e-01 -8.889609257894335315e-01 -6.731149848013021050e-24 -1.340783433885795200e-23 -3.222036785847849425e-24 9.999999999999997780e-01
6.539842457765693284e-01 -7.559889831389491333e-01 -2.802255606810483135e-02 -6.454243848146870732e+01 7.560313499087838451e-01 6.544384600419942410e-01 -1.126498881338114551e-02 2.727603053208440542e+01 2.685524587775060812e-02 -1.381880567926332265e-02 9.995438141364512141e-01 -9.037534171657171100e-01 -7.428378610226062718e-24 -1.308912667132704372e-23 -2.992302656669574200e-24 9.999999999999997780e-01
6.170580530657013840e-01 -7.864626148839213293e-01 -2.675657931632968028e-02 -6.420468954555690289e+01 7.857820157222684676e-01 6.176373217738244659e-01 -3.272250784255845146e-02 2.770555073616560549e+01 4.226089107218489183e-02 -8.331518482620364242e-04 9.991062620881639988e-01 -9.176479477901011705e-01 -8.084767921211618862e-24 -1.276358704225433551e-23 -2.680912989816276905e-24 9.999999999999997780e-01
5.842478115982633335e-01 -8.113243639544970298e-01 -2.018095875996441316e-02 -6.387766727060079575e+01 8.105980560369011600e-01 5.845837848971101591e-01 -3.453389616835440129e-02 2.817842773080337793e+01 3.981565259841324950e-02 3.817707322534679999e-03 9.991997492588567953e-01 -9.118052866397192702e-01 -8.596539001517469409e-24 -1.243724729693808049e-23 -2.621892037101518584e-24 9.999999999999997780e-01
5.552728672326925352e-01 -8.315595282960296375e-01 -1.344595906840291566e-02 -6.357157634804025292e+01 8.313061216451577140e-01 5.554355965371096104e-01 -2.052876554378476118e-02 2.869024114368949085e+01 2.453925488826136370e-02 2.213584192915016421e-04 9.996988426371108405e-01 -8.889544243284035474e-01 -8.991932009218301520e-24 -1.211764865736142720e-23 -2.787054133375043225e-24 9.999999999999997780e-01
5.264294520608308048e-01 -8.501710200931726913e-01 -9.014909687160553922e-03 -6.328281486406922340e+01 8.501335137294340205e-01 5.264972383698539593e-01 -8.582937898163037552e-03 2.921323823253624141e+01 1.204329012272128789e-02 -3.145565553497216282e-03 9.999225292893287875e-01 -8.672544530563754961e-01 -9.368410774787470697e-24 -1.179339434698013717e-23 -2.934050155584228417e-24 9.999999999999997780e-01
4.969083819884893560e-01 -8.677756705745085508e-01 -6.888067112322164912e-03 -6.300661814725026488e+01 8.677462498338534003e-01 4.969510090938087932e-01 -7.492693769894345247e-03 2.973284181603230536e+01 9.925009262753876210e-03 -2.253912067388028160e-03 9.999482056944384301e-01 -8.556691403500735760e-01 -9.762406578679643616e-24 -1.146819996147332404e-23 -2.938660991035985868e-24 9.999999999999997780e-01
4.695013623237169753e-01 -8.829178392953087595e-01 -4.955787553730825641e-03 -6.274156466312706470e+01 8.827885953698740851e-01 4.695189153216449141e-01 -1.537153343266164582e-02 3.025263753300532699e+01 1.589863708181341734e-02 2.842043154129656780e-03 9.998695695587755949e-01 -8.513458761881338432e-01 -1.013356232769379880e-23 -1.117295981180240782e-23 -2.817056012686705426e-24 9.999999999999997780e-01
4.439908519738652304e-01 -8.960106892914740939e-01 -6.080134779644040359e-03 -6.248997664265334606e+01 8.957690151969741610e-01 4.440148371836999952e-01 -2.118244022240679467e-02 3.078841544222086668e+01 2.167936291879274738e-02 3.958413337405247007e-03 9.997571386028134555e-01 -8.503867558029014617e-01 -1.046525245500132817e-23 -1.088252658836222411e-23 -2.740260405636420541e-24 9.999999999999997780e-01
4.208735459803157886e-01 -9.071007386470533174e-01 -5.805879771844924681e-03 -6.224886025628075004e+01 9.068729527303317495e-01 4.208997803492404710e-01 -2.061122286839733517e-02 3.134396052558440715e+01 2.114014900904587560e-02 3.409523123722643916e-03 9.997707083386391247e-01 -8.462230929289944470e-01 -1.073911745034263302e-23 -1.061062608946332915e-23 -2.746978587715466602e-24 9.999999999999997780e-01
4.011450400743701294e-01 -9.160006650611900447e-01 -5.043652564319988339e-03 -6.201628240104764700e+01 9.158985665082858274e-01 4.011757855436648423e-01 -1.370419503258622947e-02 3.191844730044249445e+01 1.457644304347762917e-02 8.778957119072688768e-04 9.998933726189604965e-01 -8.393321722251130268e-01 -1.094809225344852499e-23 -1.036952084586690397e-23 -2.841167791794937368e-24 9.999999999999997780e-01
3.837495251220146564e-01 -9.234348738755672192e-01 -2.082229344815811432e-03 -6.178709466429427266e+01 9.234189955845764075e-01 3.837551423948450391e-01 -5.417497492840604549e-03 3.250420724845025688e+01 5.801772332740974709e-03 1.561919600607311056e-04 9.999831573790987083e-01 -8.310977434011874720e-01 -1.111716972525849399e-23 -1.015894541287734969e-23 -2.943515989763811423e-24 9.999999999999997780e-01
3.677065635732696958e-01 -9.299409263566793538e-01 1.325364862453941479e-03 -6.156103821191936731e+01 9.299410266123123714e-01 3.677077767169904532e-01 8.233863535988557693e-04 3.309565248561557382e+01 -1.253047635326929926e-03 9.297465942513381994e-04 9.999987827207065250e-01 -8.271968300832668319e-01 -1.127037094960964241e-23 -9.967546596365654614e-24 -3.014411135113366677e-24 9.999999999999997780e-01
3.535779035552656935e-01 -9.354033593264226010e-01 1.794847711521656937e-03 -6.134407187299802899e+01 9.353998274708458238e-01 3.535816977724256516e-01 2.673156913111212826e-03 3.369238784105982631e+01 -3.135105257613661316e-03 7.337310224816730436e-04 9.999948163634704290e-01 -8.296694680902874097e-01 -1.141429363644237579e-23 -9.795068531235985756e-24 -3.038166261658927931e-24 9.999999999999997780e-01
3.405993290831957898e-01 -9.402085308236685091e-01 1.248778437131015714e-04 -6.113689083885401487e+01 9.402065288956580336e-01 3.405988725114802995e-01 2.022638348046218362e-03 3.429520181391853839e+01 -1.944235082374497301e-03 -5.714983003490181537e-04 9.999979466677106910e-01 -8.351874937798129395e-01 -1.155234865283812204e-23 -9.632061581743740747e-24 -3.037523871969795028e-24 9.999999999999997780e-01
3.284460172226434382e-01 -9.445138510839481416e-01 -4.098643818711319997e-03 -6.093907890329137444e+01 9.445226413959122436e-01 3.284408674106754078e-01 1.891164988187070449e-03 3.490869738277979195e+01 -4.400693950027532346e-04 -4.492407494071195759e-03 9.999898122550224810e-01 -8.403378251532558352e-01 -1.168017928992700618e-23 -9.470292736969410452e-24 -3.057268096730403939e-24 9.999999999999997780e-01
3.180684264883136270e-01 -9.480416991948636962e-01 -7.029413842129594338e-03 -6.074287454783916473e+01 9.480677591425636930e-01 3.180595891704326994e-01 2.371035877773207054e-03 3.553233898722101003e+01 -1.206840367940854161e-05 -7.418512280184187853e-03 9.999724823863416212e-01 -8.436663729371502995e-01 -1.178476925783881997e-23 -9.332674192725424299e-24 -3.079013955141284765e-24 9.999999999999997780e-01
3.101677648388671549e-01 -9.506401662790673335e-01 -8.901230913149257157e-03 -6.054672536347061396e+01 9.506818209702082578e-01 3.101559506061813409e-01 2.713223239200777959e-03 3.616342978575266898e+01 1.814707441668716070e-04 -9.303792801000819457e-03 9.999567023165981672e-01 -8.466329346265411004e-01 -1.186279617750441619e-23 -9.228483315610172568e-24 -3.093393529525833675e-24 9.999999999999997780e-01
3.041220574774241014e-01 -9.525729111560518048e-01 -1.070621723033848664e-02 -6.035048739472404122e+01 9.526323062072616921e-01 3.041168766428781756e-01 2.148141339622522059e-03 3.680092250346206129e+01 1.209680095291814673e-03 -1.085238557485158385e-02 9.999403794233944209e-01 -8.492690184939419851e-01 -1.192444722511939215e-23 -9.148277142975205493e-24 -3.094592812419874853e-24 9.999999999999997780e-01
2.994457251119044261e-01 -9.540326116222118680e-01 -1.241103031612703772e-02 -6.015356520377099514e+01 9.541117173479520819e-01 2.994438419451806443e-01 2.053372945132047635e-03 3.744717825530096889e+01 1.757421846880461921e-03 -1.245638319945769658e-02 9.999208718623892045e-01 -8.529022082802839577e-01 -1.197097470146218054e-23 -9.084809024017888534e-24 -3.101923706040579909e-24 9.999999999999997780e-01
2.960943229178072400e-01 -9.550784463635869637e-01 -1.238197187698096731e-02 -5.995448160311207175e+01 9.551562201610488412e-01 2.960982427339712841e-01 1.557477933217742052e-03 3.810012990527320653e+01 2.178766509652341546e-03 -1.228787783025308590e-02 9.999221274853982155e-01 -8.559043128479970619e-01 -1.200418349225570860e-23 -9.043337018005931880e-24 -3.094762550994808989e-24 9.999999999999997780e-01
2.937948331055943441e-01 -9.558004327512853449e-01 -1.140740079562841888e-02 -5.975019019609317183e+01 9.558616867993482424e-01 2.938168863373804007e-01 -2.702075356413806526e-04 3.875928489863872528e+01 3.609951462472782858e-03 -1.082451178866797314e-02 9.999348969782861918e-01 -8.574541997659252957e-01 -1.203024773806962020e-23 -9.019160861349498653e-24 -3.063951321707498877e-24 9.999999999999997780e-01
2.929535261830039650e-01 -9.560666268676102364e-01 -1.071617874680064024e-02 -5.954508199822157621e+01 9.561167465446382963e-01 2.929831755264855064e-01 -1.275082472736287697e-03 3.942686772788874805e+01 4.358723877434076896e-03 -9.872378052219592595e-03 9.999417671433441512e-01 -8.588030890095978975e-01 -1.204041826751223336e-23 -9.011593870132128997e-24 -3.046214839300643371e-24 9.999999999999997780e-01
2.925371774724348506e-01 -9.561944120283589754e-01 -1.068860150825961565e-02 -5.933906217990443110e+01 9.562455624621507555e-01 2.925636465957289767e-01 -9.679680030465145782e-04 4.010497358592692763e+01 4.052661829800366378e-03 -9.937761133704653069e-03 9.999424067593807308e-01 -8.616347306233365089e-01 -1.204345183818652380e-23 -9.006115823913646561e-24 -3.050420720417870122e-24 9.999999999999997780e-01
2.916895235007414544e-01 -9.564400828732659843e-01 -1.181481075986586318e-02 -5.913303655991330743e+01 9.565104942445811220e-01 2.916950650016778002e-01 1.289749454540337634e-03 4.079411204403731972e+01 2.212753917395278696e-03 -1.167719688315569868e-02 9.999293709022921695e-01 -8.649891232053050771e-01 -1.204600377553724248e-23 -8.989849946545520973e-24 -3.088091961447893054e-24 9.999999999999997780e-01
2.911718353231371181e-01 -9.566132064638918076e-01 -1.049454779528225142e-02 -5.892146912869066000e+01 9.566703674050480721e-01 2.911441278498040353e-01 4.111562679501802077e-03 4.149186032637953758e+01 -8.777491933799598739e-04 -1.123699414649916364e-02 9.999364777419138539e-01 -8.676711124135181308e-01 -1.204161579926938926e-23 -8.984266450537031236e-24 -3.121276385160624285e-24 9.999999999999997780e-01
2.906825839626250296e-01 -9.567953821964767513e-01 -6.799410879614692371e-03 -5.870296599995344877e+01 9.568158922562816082e-01 2.906545085955872798e-01 4.827520986391903128e-03 4.219452989869751036e+01 -2.642670359282458126e-03 -7.909060662053801413e-03 9.999652309219638768e-01 -8.700608517974615097e-01 -1.204086859945305533e-23 -8.988287638648807305e-24 -3.112569626472542617e-24 9.999999999999997780e-01
2.900166018935798062e-01 -9.570181931123232788e-01 -2.559038515813392457e-03 -5.847995665995404124e+01 9.570210742120274228e-01 2.900125600040477369e-01 1.838084317032302566e-03 4.290028747916221619e+01 -1.016926820754355349e-03 -2.982128756973275851e-03 9.999950363716405555e-01 -8.739981487888144329e-01 -1.205207488177606205e-23 -8.995173973544361691e-24 -3.048648424097734555e-24 9.999999999999997780e-01
2.895939069225788587e-01 -9.571492087893287426e-01 -8.724604743654565614e-04 -5.825876333750784397e+01 9.571463330704266248e-01 2.895951801291546945e-01 -2.351326391458317087e-03 4.361357393255457282e+01 2.503230543419221465e-03 -1.541425476351995197e-04 9.999968550335157635e-01 -8.783420585386920720e-01 -1.206660583320800427e-23 -8.998450623289348498e-24 -2.980743368731206254e-24 9.999999999999997780e-01
2.893306332609782983e-01 -9.572180940462124976e-01 -4.615743421932811015e-03 -5.804414747981354594e+01 9.572094855343596942e-01 2.893522689912683132e-01 -5.026453287491415393e-03 4.433644159312825650e+01 6.146987867882626466e-03 -2.963926473540295491e-03 9.999767145689000269e-01 -8.822157565446104854e-01 -1.207981365498065943e-23 -8.986910390113616860e-24 -2.962003491731821568e-24 9.999999999999997780e-01
2.889526747767982018e-01 -9.572950889844534794e-01 -9.615838267200698883e-03 -5.783193741971626878e+01 9.573002165324031587e-01 2.890204523542493908e-01 -6.593447350145127846e-03 4.506971292523667216e+01 9.091048693523135632e-03 -7.300049807507369426e-03 9.999320287431840981e-01 -8.834531499451259151e-01 -1.209189320189307122e-23 -8.969560217316377175e-24 -2.965304248465619173e-24 9.999999999999997780e-01
2.883200464166546517e-01 -9.574978658981949664e-01 -8.329924051308831151e-03 -5.760684161819517612e+01 9.574878666932435944e-01 2.883807015118539097e-01 -7.318205432537871341e-03 4.581143348128534853e+01 9.409355425316486346e-03 -5.865815879608500538e-03 9.999385262277609154e-01 -8.816643886821111664e-01 -1.209874583176769320e-23 -8.965863594093141629e-24 -2.948484406338266736e-24 9.999999999999997780e-01
2.876376420165763226e-01 -9.577298026960313626e-01 -4.267542965786580086e-03 -5.737310751201584935e+01 9.577063834994956615e-01 2.876618459634161518e-01 -7.010376682973669393e-03 4.656081061798613518e+01 7.941655964675581325e-03 -2.070604921453647954e-03 9.999663207807540921e-01 -8.808743429253809154e-01 -1.210091500152859356e-23 -8.968302578587469923e-24 -2.932119705725265774e-24 9.999999999999997780e-01
2.880970310655959765e-01 -9.575894146618235681e-01 -4.755377883536996905e-03 -5.714551255851984024e+01 9.575914940982342971e-01 2.881129359338148177e-01 -3.076780510442128115e-03 4.732384410838130862e+01 4.316378331537750433e-03 -3.667298082199026924e-03 9.999839597727930851e-01 -8.809662630374077708e-01 -1.208602648440853188e-23 -8.969160517729752397e-24 -2.990325134394945228e-24 9.999999999999997780e-01
2.891056026294712700e-01 -9.572780039873065583e-01 -6.064124860931868061e-03 -5.692027759645134211e+01 9.572970409335980202e-01 2.890959727231156573e-01 2.427751027888998964e-03 4.809709297749213874e+01 -5.709185827701921409e-04 -6.507045209174108953e-03 9.999786659797388344e-01 -8.824476888257777318e-01 -1.206198692456703529e-23 -8.972927806104058162e-24 -3.074891705741748111e-24 9.999999999999997780e-01
2.891053414173288538e-01 -9.572628683418571427e-01 -8.118032883030784630e-03 -5.669119126023724675e+01 9.572851573996595809e-01 2.890485875146577288e-01 7.486085632060339792e-03 4.887774553534109145e+01 -4.819645866561255917e-03 -9.935539728743900470e-03 9.999390261731059271e-01 -8.866275080363266170e-01 -1.204903336158259000e-23 -8.961861636510566095e-24 -3.156857938446189130e-24 9.999999999999997780e-01
2.888125164567018066e-01 -9.573808142996269588e-01 -3.050696466549724945e-03 -5.645021846843883395e+01 9.573549647002718155e-01 2.887762636274774364e-01 8.929788860661277625e-03 4.966122355044353753e+01 -7.668239803871858273e-03 -5.499634200319562793e-03 9.999554750697520200e-01 -8.956573903560638428e-01 -1.204294760059823183e-23 -8.971962784272846743e-24 -3.151383485215551797e-24 9.999999999999997780e-01
2.882428576395902886e-01 -9.575553920516323148e-01 1.930329663010126560e-03 -5.620335034234449267e+01 9.575211961660211601e-01 2.882489072232187199e-01 8.107180608121577689e-03 5.044731074548326433e+01 -8.319489921586483566e-03 -4.885053379650274637e-04 9.999652731220116664e-01 -9.047527635557344183e-01 -1.204625678801377055e-23 -8.980476807003642934e-24 -3.114266318111322546e-24 9.999999999999997780e-01
2.877790224054452839e-01 -9.576968344208084405e-01 8.719936283505752095e-05 -5.596667716884985566e+01 9.576753979384639015e-01 2.877731878127975929e-01 6.665175126391960012e-03 5.124039742245804518e+01 -6.408310758024182013e-03 -1.834588897531123051e-03 9.999777836716203794e-01 -9.142339081299724057e-01 -1.205656561242289878e-23 -8.970419358944240087e-24 -3.103340642282270035e-24 9.999999999999997780e-01
2.882455910056833659e-01 -9.575333610009698626e-01 -6.658966584327735173e-03 -5.573786320490762591e+01 9.575513603210770164e-01 2.882142518455637070e-01 5.285582310182699445e-03 5.204111077508423477e+01 -3.141912322149888973e-03 -7.899848307963416166e-03 9.999638597387765504e-01 -9.223570992617169395e-01 -1.206225175638995469e-23 -8.957568841255940412e-24 -3.118327116203352915e-24 9.999999999999997780e-01
2.876018064063118884e-01 -9.577079862870990778e-01 -8.978527370164126817e-03 -5.550086513999849558e+01 9.577487461306839478e-01 2.876043707109645631e-01 1.032101280825048874e-03 5.284176039777230471e+01 1.593812074903925517e-03 -8.896007523634274008e-03 9.999591595726347037e-01 -9.277714482450392097e-01 -1.208259371192787349e-23 -8.946836265426515980e-24 -3.070011566126562493e-24 9.999999999999997780e-01
2.868483074296123148e-01 -9.579382045545652424e-01 -8.511449908383395338e-03 -5.525562320975586772e+01 9.579623850289332720e-01 2.868803016112008164e-01 -2.785932006541402047e-03 5.364818398165516555e+01 5.110518021223016925e-03 -7.354508973598865643e-03 9.999598960974945827e-01 -9.279008177982177585e-01 -1.210005877507192061e-23 -8.942410020113064444e-24 -3.013602770108796706e-24 9.999999999999997780e-01
2.869430084636065414e-01 -9.578802706127007571e-01 -1.136208892740160972e-02 -5.501550531201064587e+01 9.579250824598669611e-01 2.869974866109421541e-01 -3.461079782335932300e-03 5.446331529109738767e+01 6.576191003330361488e-03 -9.890897327421491886e-03 9.999294594429880556e-01 -9.282456798828206956e-01 -1.210345705460918406e-23 -8.936137925058894677e-24 -3.018557154598231479e-24 9.999999999999997780e-01
2.872449454939249858e-01 -9.577206670550998391e-01 -1.616988508700721236e-02 -5.478024778980761766e+01 9.578457452583226672e-01 2.872830089511733132e-01 -3.253443028505199111e-05 5.528837205527815968e+01 4.676492138464987715e-03 -1.547891028125195426e-02 9.998692583322001948e-01 -9.281225243757944554e-01 -1.209507108314055663e-23 -8.922542856216882516e-24 -3.091505370652151041e-24 9.999999999999997780e-01
2.871706128617138587e-01 -9.577979211050031694e-01 -1.249725712157099232e-02 -5.452993026562035084e+01 9.578794185105982129e-01 2.871428616537679002e-01 3.999574362908586526e-03 5.611868594586849213e+01 -2.422858373878900018e-04 -1.311942560557030797e-02 9.999139072786984439e-01 -9.281054231832968071e-01 -1.208112484646985482e-23 -8.928056609588006874e-24 -3.129879966391935082e-24 9.999999999999997780e-01
2.861675040839519735e-01 -9.581478686948710077e-01 -7.798802590023203550e-03 -5.427393854549154639e+01 9.581660337215966994e-01 2.861106487038180823e-01 7.651700497602692552e-03 5.695051367161795497e+01 -5.100140055524951359e-03 -9.662215778857143750e-03 9.999403132975773767e-01 -9.316836559009971097e-01 -1.207569699314912241e-23 -8.925649192544572960e-24 -3.157570205917604459e-24 9.999999999999997780e-01
2.861087436935541017e-01 -9.581425328381842910e-01 -1.023100916458158718e-02 -5.403071579243987799e+01 9.581663267838216314e-01 2.859975817243411433e-01 1.107580540765273729e-02 5.778761510201729834e+01 -7.686156366841346774e-03 -1.297189324109655068e-02 9.998863200314556110e-01 -9.385950301948469132e-01 -1.206821930239653135e-23 -8.914061501862676296e-24 -3.218308778581455448e-24 9.999999999999997780e-01
2.861652317852778626e-01 -9.581235964796266380e-01 -1.042276288819594769e-02 -5.378402495197951794e+01 9.581550791177153581e-01 2.860618726572485282e-01 1.036577892649134976e-02 5.862298082606866956e+01 -6.950142315302813671e-03 -1.295294872889892271e-02 9.998919524833788097e-01 -9.464807430340442806e-01 -1.206998596067415282e-23 -8.914931156691769325e-24 -3.209261965716721026e-24 9.999999999999997780e-01
2.845774971453537416e-01 -9.586251300725583402e-01 -7.314923913276776338e-03 -5.352960484381765127e+01 9.586495370715250042e-01 2.845475501694653131e-01 4.874091208288277785e-03 5.945308362075593323e+01 -2.590982639331920225e-03 -8.399505100089061857e-03 9.999613668152568247e-01 -9.529508184059523046e-01 -1.209823173305299945e-23 -8.909778109663255774e-24 -3.115856857099782681e-24 9.999999999999997780e-01
2.842395506999661481e-01 -9.587280154761721462e-01 -6.962051350176658854e-03 -5.327893103985115886e+01 9.587510715623056567e-01 2.842470314437844370e-01 -8.884552565311087642e-05 6.028831493260804564e+01 2.064121123540247401e-03 -6.649620779960323941e-03 9.999757606799629661e-01 -9.580057171551743522e-01 -1.211540870218380821e-23 -8.911319497908313927e-24 -3.043875452325353580e-24 9.999999999999997780e-01
2.840366051837155403e-01 -9.587754469240097333e-01 -8.535179633463981300e-03 -5.303328729048371315e+01 9.588078570646563215e-01 2.840540678069846670e-01 -8.830591071639179879e-04 6.113098543370142579e+01 3.271107884480169755e-03 -7.932776183048094801e-03 9.999631847799387296e-01 -9.604712218570057303e-01 -1.212088390963902989e-23 -8.904970544979720192e-24 -3.040656808342255725e-24 9.999999999999997780e-01
2.833436597727034822e-01 -9.589907698844444273e-01 -7.285172822339008869e-03 -5.278236811887472868e+01 9.590182941657674487e-01 2.833396466410756376e-01 1.598779751159773097e-03 6.198048212041612715e+01 5.309632687603265669e-04 -7.439618118646467923e-03 9.999721846932824176e-01 -9.588614503154531121e-01 -1.211916325500634204e-23 -8.897449487348579034e-24 -3.069396618654142863e-24 9.999999999999997780e-01
2.826764984278822279e-01 -9.592096319258284209e-01 -3.298371911782099937e-03 -5.252719098981469870e+01 9.592081953027405961e-01 2.826594953654075204e-01 4.821591421232705905e-03 6.283271738607436419e+01 -3.692600792345598296e-03 -4.526775948741738193e-03 9.999829363538651483e-01 -9.597498599760001525e-01 -1.211255557921687066e-23 -8.897713584076251614e-24 -3.094610040077439569e-24 9.999999999999997780e-01
2.821781499569550600e-01 -9.593588543000088897e-01 -2.465839217114413739e-03 -5.227605720609426498e+01 9.593455620733367661e-01 2.821573192610750125e-01 6.583290787898867999e-03 6.368445729464292526e+01 -5.619983724572633066e-03 -4.223252724883072226e-03 9.999752896543782077e-01 -9.645316818787250668e-01 -1.211125060506236599e-23 -8.892286235836265983e-24 -3.115248828802319660e-24 9.999999999999997780e-01
2.819822455333149125e-01 -9.593978257382730357e-01 -6.467238410931204148e-03 -5.203148773871362209e+01 9.594140438431689732e-01 2.819512109225039143e-01 5.311039053914939391e-03 6.453430878371000290e+01 -3.271953619450469839e-03 -7.702378074867441415e-03 9.999649832326650278e-01 -9.687361602409509942e-01 -1.212028926810380008e-23 -8.879099095504786228e-24 -3.117708821188215139e-24 9.999999999999997780e-01
2.820086349588566410e-01 -9.593985458455482895e-01 -5.055693630934368979e-03 -5.178059512469917536e+01 9.594115668286828935e-01 2.820087971271431626e-01 6.955416838891198550e-04 6.538071984518319368e+01 7.584483994049672157e-04 -5.046639708691092255e-03 9.999869780070520520e-01 -9.729772323626093566e-01 -1.213224878711743894e-23 -8.887910120150559640e-24 -3.045244497184679890e-24 9.999999999999997780e-01
2.818337821348658179e-01 -9.594538412003985606e-01 -4.248041120052878372e-03 -5.152766193449497223e+01 9.594565970220155782e-01 2.818455491617340991e-01 -2.474843157599189349e-03 6.622843365278095007e+01 3.571789256269992333e-03 -3.378316669758752496e-03 9.999879145759652532e-01 -9.785203970241127536e-01 -1.214224821863879829e-23 -8.890904497215237928e-24 -2.996255396721319255e-24 9.999999999999997780e-01
2.824313535816496690e-01 -9.592688577949514128e-01 -5.982389055175812119e-03 -5.128061249246820807e+01 9.592872056880039633e-01 2.824307542798469850e-01 9.623098352115900525e-04 6.708497942751273513e+01 7.664967967805324774e-04 -6.010615749401843934e-03 9.999816423219850536e-01 -9.770542708865832537e-01 -1.212834873612072408e-23 -8.890314866791798688e-24 -3.053748432395924128e-24 9.999999999999997780e-01
2.827405397983334678e-01 -9.591820116603030355e-01 -5.258865071648857574e-03 -5.103070830926299095e+01 9.591851739517571751e-01 2.827064151328763653e-01 6.394131204152119635e-03 6.794457558228168637e+01 -4.646420739145205175e-03 -6.852105516741668380e-03 9.999657291249048896e-01 -9.752228559227660298e-01 -1.210903133388799168e-23 -8.891237778119526894e-24 -3.126846960098917865e-24 9.999999999999997780e-01
2.823798201967470112e-01 -9.592931954300268904e-01 -4.266420900636819398e-03 -5.077810758678242564e+01 9.592685678905827906e-01 2.823294785035348475e-01 9.689180825676952519e-03 6.880026854935567826e+01 -8.090228847409617827e-03 -6.828672606780762828e-03 9.999439571434119989e-01 -9.777688719186699018e-01 -1.210169416543120360e-23 -8.886544625020770978e-24 -3.168318787291389834e-24 9.999999999999997780e-01
2.824423866059845856e-01 -9.592739208602081291e-01 -4.454548888423065164e-03 -5.052738537499681115e+01 9.592400633327244908e-01 2.823817512909748695e-01 1.091088609021654589e-02 6.965433881303761154e+01 -9.208645163496962174e-03 -7.354678465156459267e-03 9.999305523679770102e-01 -9.861819113430101424e-01 -1.209760453339792862e-23 -8.885602453523271698e-24 -3.186527039814991645e-24 9.999999999999997780e-01
2.826393684583710098e-01 -9.592127470612574758e-01 -5.088543273859047478e-03 -5.027812936250120401e+01 9.591682542087408558e-01 2.825599742051077556e-01 1.249484275075194752e-02 7.050809763045981526e+01 -1.054739378284402611e-02 -8.412303632512196580e-03 9.999089886744616518e-01 -9.970589413715060800e-01 -1.209155076160029351e-23 -8.884627771621314493e-24 -3.212119319608095764e-24 9.999999999999997780e-01
2.826845231337290487e-01 -9.591846738574379971e-01 -7.363546540673298994e-03 -5.003051520232111216e+01 9.591623772571613582e-01 2.825824746222671546e-01 1.243700489453111735e-02 7.136034251796081662e+01 -9.848575280064495938e-03 -1.057858560281833490e-02 9.998955440902798086e-01 -1.006305539980530739e+00 -1.209333950391146775e-23 -8.878282813333131602e-24 -3.222910937898945087e-24 9.999999999999997780e-01
2.829729080151098253e-01 -9.590819254322487941e-01 -9.391146822561377908e-03 -4.978312071785330772e+01 9.591092620029767479e-01 2.828927997425887408e-01 9.004853908076428451e-03 7.220753895095549524e+01 -5.979704806965949540e-03 -1.155526559496805258e-02 9.999153559014141157e-01 -1.011779833803302608e+00 -1.210275474434809426e-23 -8.879207870397881408e-24 -3.184794526566024647e-24 9.999999999999997780e-01
2.828437897465708173e-01 -9.591159934534976284e-01 -9.792941514597934896e-03 -4.953287793230265379e+01 9.591645093635755570e-01 2.828465330042015391e-01 1.132583257538967523e-03 7.304842649796046317e+01 1.683620839093647467e-03 -9.713386083841356669e-03 9.999514065951689012e-01 -1.014540607269736938e+00 -1.212726080738177472e-23 -8.884270966621096219e-24 -3.075580544452764353e-24 9.999999999999997780e-01
2.826174040063043624e-01 -9.591834566315352584e-01 -9.721084153403503070e-03 -4.928068596543744206e+01 9.592041596647434831e-01 2.826726748006135326e-01 -4.851701033725429497e-03 7.389254970615729690e+01 7.401556227675966729e-03 -7.953329205229479545e-03 9.999409790182429703e-01 -1.016863399156136438e+00 -1.214618955396028766e-23 -8.887453615491368493e-24 -2.990513089049490948e-24 9.999999999999997780e-01
2.826450208436204203e-01 -9.591758052678517332e-01 -9.672992353886732467e-03 -4.903098297771066427e+01 9.591961097151642246e-01 2.826999532833718298e-01 -4.853815084560757741e-03 7.474328651605173945e+01 7.390216478908993858e-03 -7.906389969405923368e-03 9.999414351341018303e-01 -1.014362793910549954e+00 -1.214590010536540680e-23 -8.887941645675745000e-24 -2.990238271035985189e-24 9.999999999999997780e-01
2.825291706777304235e-01 -9.592244327968415529e-01 -8.108960582690947702e-03 -4.877840117132291198e+01 9.592577429182922444e-01 2.825307791058985218e-01 9.703139275509314529e-04 7.560194387182127684e+01 1.360282124376769285e-03 -8.052725215213536389e-03 9.999666510684995790e-01 -1.010540097806369886e+00 -1.212921798721035437e-23 -8.885356720765163700e-24 -3.064706828965363877e-24 9.999999999999997780e-01
2.823355708844911272e-01 -9.592905743049096046e-01 -6.944023551621216275e-03 -4.852648243634030223e+01 9.593015495598269382e-01 2.822846822994184435e-01 7.476305988394957823e-03 7.646243760664947331e+01 -5.211758383137563705e-03 -8.772239672590794943e-03 9.999479413377891923e-01 -1.009734302613651380e+00 -1.211105031404823791e-23 -8.880048140186362494e-24 -3.150734248169097433e-24 9.999999999999997780e-01
2.822252215988347301e-01 -9.593259078456094491e-01 -6.536576296999459419e-03 -4.827644992666319013e+01 9.593037771574486339e-01 2.821400571117833045e-01 1.154345288084226810e-02 7.732005856581963599e+01 -9.229703404836068006e-03 -9.528415878700844874e-03 9.999120070615723499e-01 -1.015421938252984546e+00 -1.209955471838715312e-23 -8.875907116903745867e-24 -3.206083194939500388e-24 9.999999999999997780e-01
2.821506876058806901e-01 -9.593457832872648305e-01 -6.830634851440695217e-03 -4.802605241443961859e+01 9.593249265267564940e-01 2.820611574818707168e-01 1.171276160524991131e-02 7.817358189506921917e+01 -9.309931684112109432e-03 -9.857562017674466326e-03 9.999080725962289362e-01 -1.025040413267561235e+00 -1.209999418898066244e-23 -8.873902013309233059e-24 -3.209972689734524940e-24 9.999999999999997780e-01
2.827139675195807778e-01 -9.591579555938626322e-01 -9.424902670014423042e-03 -4.777893608482554555e+01 9.591813115500018583e-01 2.826255890273834948e-01 9.694740849720854745e-03 7.902445159270428121e+01 -6.635069144791980872e-03 -1.178102915395428524e-02 9.999085874266293583e-01 -1.033734833268681541e+00 -1.210312782321621556e-23 -8.875137171113794391e-24 -3.194707822763230365e-24 9.999999999999997780e-01
2.829693595620371149e-01 -9.590540386986323718e-01 -1.198717668564540546e-02 -4.753338724793866277e+01 9.591201356435438141e-01 2.828910796420593954e-01 7.823200244180275598e-03 7.987661388306878507e+01 -4.111806435266871992e-03 -1.371086849154061309e-02 9.998975473182472040e-01 -1.041716164050740190e+00 -1.210854829893990785e-23 -8.872553324528406136e-24 -3.181316799638193328e-24 9.999999999999997780e-01
2.822497090401033248e-01 -9.592683381777052931e-01 -1.180496152303805134e-02 -4.728236872516572475e+01 9.593342743117961868e-01 2.821803850510710698e-01 7.209745008571154246e-03 8.072936112876050174e+01 -3.584951524973105201e-03 -1.335985262690493267e-02 9.999043266534807239e-01 -1.047232722790795378e+00 -1.211684898007460433e-23 -8.864651966295921838e-24 -3.171724656166050840e-24 9.999999999999997780e-01
2.814752921448385181e-01 -9.594954793699537188e-01 -1.183575010724824753e-02 -4.703175834333524108e+01 9.595539353584311426e-01 2.813817123472566184e-01 8.976474512534089734e-03 8.158662199275568128e+01 -5.282523083364331837e-03 -1.388369637917525636e-02 9.998896628752219629e-01 -1.052715680096298456e+00 -1.211881372700337139e-23 -8.852938685027611011e-24 -3.196834602127111631e-24 9.999999999999997780e-01
2.813940793515828376e-01 -9.595086993796481112e-01 -1.266601439490280638e-02 -4.678452442679554224e+01 9.595571252168852983e-01 2.812462465786123578e-01 1.227486174871548867e-02 8.244494050752837211e+01 -8.215567623897903834e-03 -1.560783778167637234e-02 9.998444378244041308e-01 -1.057492982683470473e+00 -1.211044760141008451e-23 -8.845900866519270787e-24 -3.247617239952286402e-24 9.999999999999997780e-01
2.811514797782615482e-01 -9.595857611424856159e-01 -1.220706480244015957e-02 -4.653558961674571037e+01 9.596138894209425008e-01 2.809850175213204904e-01 1.373328653145686369e-02 8.330142537504434586e+01 -9.748263891878338611e-03 -1.557520276402105629e-02 9.998311779545355771e-01 -1.063808173872530460e+00 -1.210788035797453950e-23 -8.842697745109166267e-24 -3.265861419233306973e-24 9.999999999999997780e-01
2.803596334448588689e-01 -9.598270353654717590e-01 -1.142532783748771014e-02 -4.628594661084935069e+01 9.598529379753514279e-01 2.802160074785464694e-01 1.270144136976738766e-02 8.415448978147469461e+01 -8.989627064057887501e-03 -1.452760593879349853e-02 9.998540569857863325e-01 -1.072943060658872128e+00 -1.211760075214337843e-23 -8.836205851954985407e-24 -3.247327999687048113e-24 9.999999999999997780e-01
2.798473541337617165e-01 -9.599536776850868813e-01 -1.320587305745984236e-02 -4.604067052341997623e+01 9.600116914971071891e-01 2.796975781930371441e-01 1.211680410891026981e-02 8.500809554813895375e+01 -7.937919954041989384e-03 -1.606864810202372415e-02 9.998393810882709731e-01 -1.082618747444939800e+00 -1.212563543462729107e-23 -8.824881597348720978e-24 -3.248130398137946434e-24 9.999999999999997780e-01
2.790711304422169858e-01 -9.601959837549279841e-01 -1.195729629178415507e-02 -4.579152856534346938e+01 9.602414859276131587e-01 2.789443982760413943e-01 1.123883330009037805e-02 8.586059371661394835e+01 -7.456061777717854465e-03 -1.461832587280741114e-02 9.998653467799768491e-01 -1.091213090912788175e+00 -1.213431191356805992e-23 -8.819830982612019651e-24 -3.229392637388365231e-24 9.999999999999997780e-01
2.778402504395995898e-01 -9.605887998278800355e-01 -8.599586088531790615e-03 -4.554003597190603614e+01 9.606095636842525431e-01 2.777696023007235060e-01 8.562370936170600813e-03 8.670973393123131245e+01 -5.836214013494930158e-03 -1.063981592563208178e-02 9.999263637503801316e-01 -1.095811872466583736e+00 -1.215069803600794089e-23 -8.817194654411086359e-24 -3.174513608097818506e-24 9.999999999999997780e-01
2.767114656050785881e-01 -9.608549947192474017e-01 -1.372748796268320921e-02 -4.530205510836094618e+01 9.609520122660162311e-01 2.766619344851660722e-01 5.422557405992819816e-03 8.755826896405778825e+01 -1.412417992322283818e-03 -1.469194098823788444e-02 9.998910700398389029e-01 -1.097452789326780476e+00 -1.217463734184878447e-23 -8.790691032715605097e-24 -3.156244246856641840e-24 9.999999999999997780e-01
2.760653042260883261e-01 -9.609286838844354195e-01 -2.010005698212609382e-02 -4.507046911260113120e+01 9.611339227828891163e-01 2.760706766645211196e-01 2.562023022816089807e-03 8.840786655328702182e+01 3.087114920654689815e-03 -2.002613228061841943e-02 9.997946907977388609e-01 -1.100981309791677631e+00 -1.219406168758696437e-23 -8.766649513645090757e-24 -3.148116396871464749e-24 9.999999999999997780e-01
2.745013441864263548e-01 -9.613508006158493213e-01 -2.129906559243597772e-02 -4.483201982267200947e+01 9.615786407134160330e-01 2.745224685122503727e-01 1.982928561578250603e-03 8.925878692779224366e+01 3.940782103202569199e-03 -2.102504309641935534e-02 9.997711827209309066e-01 -1.101954588564694859e+00 -1.221093200357784788e-23 -8.743900239231767740e-24 -3.145992561081769940e-24 9.999999999999997780e-01
2.732651325458817504e-01 -9.617299346089631662e-01 -2.004246022128368040e-02 -4.458953574532642961e+01 9.619380690382999255e-01 2.732304896297091390e-01 4.500096840886762435e-03 9.011255187913775444e+01 1.148333379125275524e-03 -2.050932504373277621e-02 9.997890021983145692e-01 -1.099382479878840968e+00 -1.221394401620519079e-23 -8.729114439230914366e-24 -3.175224977830187321e-24 9.999999999999997780e-01
2.726201902664303067e-01 -9.619496575208880129e-01 -1.819583069117539434e-02 -4.434854745445773005e+01 9.621188015459101184e-01 2.725239038621557475e-01 7.624535106656980116e-03 9.096601636358536780e+01 -2.375620120630723454e-03 -1.958515302919585852e-02 9.998053701645462921e-01 -1.097340581822209060e+00 -1.220919834876218838e-23 -8.723023931440282873e-24 -3.210023388719090259e-24 9.999999999999997780e-01
2.716522133383077464e-01 -9.622177940784889527e-01 -1.849301887537861330e-02 -4.411231450503692031e+01 9.623855652214887701e-01 2.715119982214531102e-01 9.760055077153875422e-03 9.181732309621293098e+01 -4.370222158422465246e-03 -2.044875498704554900e-02 9.997813508851650655e-01 -1.100598961085779592e+00 -1.221192682366700094e-23 -8.707481162817245949e-24 -3.241687220662410999e-24 9.999999999999997780e-01
2.704413191436754738e-01 -9.625920062378433562e-01 -1.667700293316577015e-02 -4.387447052309289575e+01 9.627208966079467967e-01 2.702978698386169776e-01 1.036999494203688643e-02 9.266635735763702542e+01 -5.474315867804502300e-03 -1.885977432818839936e-02 9.998071517938195152e-01 -1.105172291892813519e+00 -1.221954944419460135e-23 -8.697001658522558162e-24 -3.241094647886753923e-24 9.999999999999997780e-01
2.689630857179015622e-01 -9.630644673453384597e-01 -1.287207279131170716e-02 -4.363307273900136352e+01 9.631263688434822390e-01 2.688377543658170277e-01 1.067049511100566506e-02 9.351420876441989094e+01 -6.815875547142137038e-03 -1.526740201817889178e-02 9.998602153681992455e-01 -1.112044502733624540e+00 -1.222881883591341425e-23 -8.689574278347460168e-24 -3.226020725834289352e-24 9.999999999999997780e-01
2.681964047069195778e-01 -9.632777523013008603e-01 -1.290970269358207405e-02 -4.339832185115665197e+01 9.633244768384596757e-01 2.680394724606852130e-01 1.268043875055112867e-02 9.436348438891582191e+01 -8.754474638213180157e-03 -1.583708067643911643e-02 9.998362596192725826e-01 -1.119237981241894886e+00 -1.222971364068873411e-23 -8.677657625295572384e-24 -3.254578834338240933e-24 9.999999999999997780e-01
2.678573355771521336e-01 -9.632947446699035021e-01 -1.776746095688372037e-02 -4.317218561097979546e+01 9.634183571191717865e-01 2.676320799802386907e-01 1.407618312071658856e-02 9.521241856168489903e+01 -8.804370693339023946e-03 -2.088790695107116402e-02 9.997430561898881241e-01 -1.125002014887286350e+00 -1.223262812054593289e-23 -8.656779962884908536e-24 -3.298922691219688286e-24 9.999999999999997780e-01
2.675189371429266272e-01 -9.632992965824078713e-01 -2.209261129331939466e-02 -4.294718683650717139e+01 9.635227465828309912e-01 2.672598287394118977e-01 1.400359809687324632e-02 9.605933789920527488e+01 -7.585188685681807860e-03 -2.503296119157820410e-02 9.996578493497583207e-01 -1.131535791631904431e+00 -1.223950721092483980e-23 -8.639061753332712348e-24 -3.319788583606455536e-24 9.999999999999997780e-01
2.676969758754075834e-01 -9.631855680425834842e-01 -2.473642297599755110e-02 -4.271777300210669637e+01 9.634884148564080153e-01 2.674626352453990386e-01 1.240214437399096009e-02 9.690367887169122696e+01 -5.329497598103477216e-03 -2.715327350564909065e-02 9.996170747807777701e-01 -1.139178219935274683e+00 -1.224489834797450724e-23 -8.634967542195184630e-24 -3.310546930195624645e-24 9.999999999999997780e-01
2.690331074606320816e-01 -9.627896780934968035e-01 -2.563635790624573668e-02 -4.248504263255745173e+01 9.631161234684396666e-01 2.687860601513570868e-01 1.270380192844194032e-02 9.775041715835686773e+01 -5.340393730998276370e-03 -2.810853295588597311e-02 9.995906114854550273e-01 -1.145896829519188032e+00 -1.223275583559769341e-23 -8.648789622434087502e-24 -3.319343868530027818e-24 9.999999999999997780e-01
