7.776884407369183405e-01 -6.282886277171498834e-01 2.130937412225462901e-02 -6.595585520020344461e+01 6.273243479820251878e-01 7.778027578245518825e-01 3.856205841820734004e-02 2.570846106184341551e+01 -4.080259272532881648e-02 -1.662137785571313545e-02 9.990289676606324276e-01 -8.853692097969160235e-01 -4.809208017785018303e-24 -1.416202385148814181e-23 -3.430527606006730092e-24 9.999999999999997780e-01
7.495742329038505014e-01 -6.613422682089823423e-01 2.765634912282683919e-02 -6.556054398550381279e+01 6.605929477200207511e-01 7.500625579609007110e-01 3.198619339223188890e-02 2.608995829924325704e+01 -4.189781365631695120e-02 -5.706437185274225617e-03 9.991056049214572798e-01 -8.935156042870417981e-01 -4.809208017785018303e-24 -1.416202385148814181e-23 -3.430527606006730092e-24 9.999999999999997780e-01
7.211338747157585161e-01 -6.927032993051528420e-01 1.131697261610729519e-02 -6.519941295318797359e+01 6.923474739511829013e-01 7.211586527012235903e-01 2.419034823174863111e-02 2.648598359380081746e+01 -2.491806675596132045e-02 -9.609202147547832307e-03 9.996433129788010463e-01 -8.999288273945468264e-01 1.734613027503298575e-19 -2.314777532535854294e-18 -4.143534943668209495e-20 9.999999999999996669e-01
6.909845689511442401e-01 -7.227318935531129585e-01 -1.410445009687543577e-02 -6.487161394921930935e+01 7.228656206258570194e-01 6.909132982988730465e-01 1.020336958894002208e-02 2.689991392341296361e+01 2.370651513487300951e-03 -1.724599301012739311e-02 9.998484663870302880e-01 -9.082804976269462927e-01 1.839872574979370346e-19 -6.384429773222333461e-18 -9.842626119877081981e-20 9.999999999999994449e-01
6.562709421070203053e-01 -7.539895597271186745e-01 -2.842875953103114750e-02 -6.453067640492767509e+01 7.540396257383384926e-01 6.567344829321943855e-01 -1.113830077575760774e-02 2.732460323163667937e+01 2.706830918903715619e-02 -1.412666805340650686e-02 9.995337632553268348e-01 -9.283563033426454059e-01 -3.668278133096164069e-19 -1.166750623458959082e-17 -1.761767279194264712e-19 9.999999999999991118e-01
6.189659998676253494e-01 -7.849252265767727721e-01 -2.781150285902778477e-02 -6.419479196681267297e+01 7.842102644269264289e-01 6.195895809154947642e-01 -3.351137699965996142e-02 2.777556329121975054e+01 4.353564258541274545e-02 -1.067663039653488988e-03 9.990513039480554136e-01 -9.383769166207773793e-01 -1.339614845360722819e-18 -1.762975094336707089e-17 -2.670383601030366024e-19 9.999999999999986677e-01
5.859516106526925228e-01 -8.100418650400478260e-01 -2.220105528938190464e-02 -6.387041540019939845e+01 8.090875326580202476e-01 5.863482998768111409e-01 -3.966151445585259366e-02 2.825600602561628705e+01 4.514503816453149798e-02 5.277131229840869436e-03 9.989665046512359314e-01 -9.613210136704043451e-01 -2.205105885884124164e-18 -2.326614396144586527e-17 -2.821575771166777984e-19 9.999999999999981126e-01
5.574449835397264907e-01 -8.300594274259204264e-01 -1.601365878720309097e-02 -6.356325660333342853e+01 8.297150648150651842e-01 5.576749459285159638e-01 -2.390744450081299516e-02 2.875758057492430098e+01 2.877501599183250255e-02 4.031106768127120570e-05 9.995859126806905248e-01 -9.318680067746017981e-01 -3.252136568240663083e-18 -2.802046403134857927e-17 -3.334440353820510347e-19 9.999999999999974465e-01
5.287160950369923507e-01 -8.487626168956872164e-01 -7.830134687547365274e-03 -6.328264849861716357e+01 8.487242057171230369e-01 5.287694202552485345e-01 -8.373937709710699631e-03 2.928304023577343784e+01 1.124782106346973107e-02 -2.218189197386331423e-03 9.999342809195065351e-01 -8.749811347316558408e-01 -4.647390940785054575e-18 -3.087911969661978091e-17 -4.505051069263912688e-19 9.999999999999967804e-01
4.989118738722814195e-01 -8.666320677932229932e-01 -5.983408869350909792e-03 -6.301369315615325206e+01 8.666158538051207394e-01 4.989424419010807243e-01 -5.779412029440269064e-03 2.979921631615617983e+01 7.994000429868418009e-03 -2.301899700490589191e-03 9.999653980088001326e-01 -8.704962567543361729e-01 -8.126693373598722667e-18 -3.538492414591496165e-17 -5.434512819001304759e-19 9.999999999999962252e-01
4.713812562670529616e-01 -8.819187524724566574e-01 -4.361797511109407992e-03 -6.275299985493448673e+01 8.817981377691498368e-01 4.713906311717234732e-01 -1.493040757582536626e-02 3.031953551374144951e+01 1.522351690498113808e-02 3.191689357048170701e-03 9.998790215081492239e-01 -8.631561498801005872e-01 -1.189782128166305018e-17 -3.835863425928010964e-17 -6.427292740969289793e-19 9.999999999999956701e-01
4.457993456149519917e-01 -8.951155400525263595e-01 -5.577939203940602761e-03 -6.249737164568555414e+01 8.948619411958734782e-01 4.458090562158456560e-01 -2.182639674993411619e-02 3.085894995209033453e+01 2.202384272635459980e-02 4.738707884340869619e-03 9.997462152962385273e-01 -8.590014475016898299e-01 -1.642968657169977351e-17 -4.266316425887665782e-17 -6.576967654941850974e-19 9.999999999999948930e-01
4.225332850770638915e-01 -9.063282627040246675e-01 -5.890944397749181202e-03 -6.226431127679728661e+01 9.060840016664822860e-01 4.225582536097326480e-01 -2.136127876185931265e-02 3.140071106695332404e+01 2.184959784619548012e-02 3.688160815186954621e-03 9.997544661284397671e-01 -8.539830623518305242e-01 -2.211470091855217862e-17 -4.630813563423991303e-17 -6.282614877134908026e-19 9.999999999999942268e-01
4.030013253681239971e-01 -9.151844810191627211e-01 -5.224696472453778384e-03 -6.202572630808026588e+01 9.150791132626115987e-01 4.030343465011967941e-01 -1.391157830224031174e-02 3.198891238765456890e+01 1.483739269713372534e-02 8.253738786851979670e-04 9.998895791715759485e-01 -8.479764456473599665e-01 -2.706517058824710500e-17 -4.889406523059648510e-17 -6.380852306945143253e-19 9.999999999999936717e-01
3.858141225596148915e-01 -9.225737783398892944e-01 -2.255294487026061976e-03 -6.180517577933903794e+01 9.225593774132407887e-01 3.858207033568002986e-01 -5.155580292246490781e-03 3.256980811544984533e+01 5.626542495011233394e-03 -9.154739109598443773e-05 9.999841666939663920e-01 -8.433073547461809039e-01 -3.340140208189117667e-17 -5.146510438386187978e-17 -6.629128626833954966e-19 9.999999999999930056e-01
3.698801217495971683e-01 -9.290784186982912196e-01 1.409767212604772033e-03 -6.158359569027089719e+01 9.290776670502380874e-01 3.698819753278780875e-01 1.418772718040788505e-03 3.315726243773269744e+01 -1.839598594723107147e-03 7.850074072866967739e-04 9.999979998181898200e-01 -8.392419712383596409e-01 -3.882566833514056216e-17 -5.780539992727375355e-17 -7.487437575032524559e-19 9.999999999999924505e-01
3.556572853069933648e-01 -9.346147177697553543e-01 1.795755057919667767e-03 -6.136494783157012733e+01 9.346092262945232543e-01 3.556614331640564619e-01 3.246395668028890895e-03 3.375698180681318661e+01 -3.672809988558160647e-03 5.237249749732678528e-04 9.999931180657888330e-01 -8.420943108991074677e-01 -4.537261678629986509e-17 -6.238701773626383733e-17 -8.757803850700293403e-19 9.999999999999918954e-01
3.427124592413913762e-01 -9.394402821629583844e-01 3.557109866299139117e-04 -6.115396693392672489e+01 9.394379872221190197e-01 3.427124220314621272e-01 2.112806042573964378e-03 3.435670957598197361e+01 -2.106761678565791194e-03 -3.899165414379863765e-04 9.999977047575262512e-01 -8.451528475418577102e-01 -5.242893772779585315e-17 -6.886166911588801705e-17 -1.014982216211394335e-18 9.999999999999912292e-01
3.303960334583534997e-01 -9.438321619240571669e-01 -4.394450222004076846e-03 -6.095955656554141200e+01 9.438423214284912266e-01 3.303906262183656795e-01 1.925198042455035508e-03 3.496940492260738154e+01 -3.651786698125807453e-04 -4.783745895786824763e-03 9.999884911436448531e-01 -8.501189245496900693e-01 -5.897825478969211584e-17 -7.683608866181762386e-17 -1.147922272519940048e-18 9.999999999999905631e-01
3.198979888004497840e-01 -9.474234385819942927e-01 -7.355595618534287519e-03 -6.076333779101030075e+01 9.474519824866963758e-01 3.198894333567419146e-01 2.343354160198006953e-03 3.560258048699503775e+01 1.328286581400882815e-04 -7.718707934044759071e-03 9.999702015082130302e-01 -8.558072627300685742e-01 -6.460731284894265652e-17 -8.458040813836771520e-17 -1.301084377286476044e-18 9.999999999999898970e-01
3.117614549133332358e-01 -9.501129065815748787e-01 -9.500525113844277003e-03 -6.057636501266596696e+01 9.501602929040112722e-01 3.117506901531043595e-01 2.631535220061703619e-03 3.622710240148627747e+01 4.615396843490395819e-04 -9.847432973773655174e-03 9.999514063418015741e-01 -8.605946563772731706e-01 -7.123660748610637896e-17 -8.879702205596725750e-17 -1.448365451914958700e-18 9.999999999999894529e-01
3.058784948562333628e-01 -9.520076311738048247e-01 -1.094607561328597017e-02 -6.037879948953902698e+01 9.520687496413717810e-01 3.058801024178305905e-01 1.568088377663365025e-03 3.686082639307705477e+01 1.855354627770479077e-03 -1.090106103538163868e-02 9.999388603947285681e-01 -8.571706479855747407e-01 -7.749654619920748491e-17 -9.059206694034496663e-17 -1.577383172321606096e-18 9.999999999999891198e-01
3.013665100396424323e-01 -9.534263654670754873e-01 -1.250568905636610662e-02 -6.017428315791430293e+01 9.535058280771274708e-01 3.013701142969282265e-01 1.640131578895775901e-03 3.751839499272616507e+01 2.205096250120149991e-03 -1.241852812930233779e-02 9.999204556911664987e-01 -8.585102733703013911e-01 -8.219875960461737843e-17 -9.409918002262587712e-17 -1.748576518141599093e-18 9.999999999999886757e-01
2.975557972825300102e-01 -9.546198861514622047e-01 -1.270513548659056927e-02 -5.997090147895958978e+01 9.547009897018616797e-01 2.975640986456474235e-01 1.275719200055480240e-03 3.817458114450325013e+01 2.562765271715472439e-03 -1.250920306702462195e-02 9.999184727130464578e-01 -8.644947600301741142e-01 -8.710199867246066550e-17 -9.682396515404237473e-17 -1.932644299603555609e-18 9.999999999999883427e-01
2.958823759213520255e-01 -9.551530883115603165e-01 -1.167036880434644402e-02 -5.976817982768592685e+01 9.552156579484580856e-01 2.959098055786494319e-01 -6.586140668948834787e-04 3.883920904506583582e+01 4.082453823920723958e-03 -1.095284672101600604e-02 9.999316820260691907e-01 -8.684002953728151564e-01 -9.203893297386897514e-17 -1.008302671033647967e-16 -2.112220775993892908e-18 9.999999999999878986e-01
2.950969889771978272e-01 -9.554020280730083359e-01 -1.116834144260374015e-02 -5.956709160647906032e+01 9.554538372287337822e-01 2.951347275803987147e-01 -1.859435645996514088e-03 3.950415526679638134e+01 5.072673996439162718e-03 -1.012212082648496388e-02 9.999359032700563255e-01 -8.648397931228650748e-01 -9.746671251197060376e-17 -1.057106082634528640e-16 -2.285821556743384004e-18 9.999999999999874545e-01
2.944976783099850226e-01 -9.555897889709958903e-01 -1.092120343182105373e-02 -5.935515625338411638e+01 9.556407471199037662e-01 2.945308558075461214e-01 -1.528862772154565737e-03 4.018603976677941603e+01 4.677597047026187116e-03 -9.986500470178624050e-03 9.999391930983752008e-01 -8.636896112720404695e-01 -1.014499373518056757e-16 -1.134887181494617683e-16 -2.466428469378737110e-18 9.999999999999870104e-01
2.934557338733709275e-01 -9.558962980456021663e-01 -1.208303105832964075e-02 -5.915342744995013646e+01 9.559678616560461917e-01 2.934708773488294287e-01 5.400267247006739109e-04 4.086991673589949414e+01 3.029808178728652691e-03 -1.170946330196180260e-02 9.999268516904559201e-01 -8.646454997083007354e-01 -1.068454107941491835e-16 -1.219026249871934245e-16 -2.599985762137789499e-18 9.999999999999865663e-01
2.928720507014633267e-01 -9.560920247930195792e-01 -1.067717402237675431e-02 -5.894717402868329259e+01 9.561513339796294808e-01 2.928447366853770828e-01 4.072680276511353274e-03 4.156986617289189212e+01 -7.671029167831474194e-04 -1.140176840905979261e-02 9.999347034833174774e-01 -8.660841402318056881e-01 -1.129199985036271963e-16 -1.309521620356410642e-16 -2.728516688370953672e-18 9.999999999999860112e-01
2.925443062677373085e-01 -9.562292989592913184e-01 -6.584579117123905319e-03 -5.872528134954777812e+01 9.562476751000801301e-01 2.925154209806864469e-01 5.011222821795413909e-03 4.226894492931029390e+01 -2.865787153394027363e-03 -7.762493176215518390e-03 9.999657648958244494e-01 -8.720835753327738082e-01 -1.184573028294499324e-16 -1.410499105910559174e-16 -2.921334447462781726e-18 9.999999999999852340e-01
2.917457936617139369e-01 -9.564938282021583360e-01 -1.987081245144835338e-03 -5.850703137560264366e+01 9.564949919503249465e-01 2.917420391452432704e-01 1.978122672590703745e-03 4.296900882386468368e+01 -1.312346993360159362e-03 -2.477742228652461340e-03 9.999960692616892688e-01 -8.777311790609617637e-01 -1.238933019949405564e-16 -1.547331865128202962e-16 -3.083087342241582542e-18 9.999999999999843459e-01
2.913675320697213800e-01 -9.566111840816849954e-01 6.119994330427306684e-05 -5.828470097554922802e+01 9.566072974432335840e-01 2.913661646588044385e-01 -2.869942569853144165e-03 4.367488232746369903e+01 2.727587567229225029e-03 8.947523961303391034e-04 9.999958798336253674e-01 -8.780395893730483792e-01 -1.289738332828235590e-16 -1.706828477880901780e-16 -3.174340395939500240e-18 9.999999999999833467e-01
2.913876932983773260e-01 -9.565982888802878614e-01 -3.595261541342415108e-03 -5.806563430496370870e+01 9.565829178813979317e-01 2.914044580167138854e-01 -5.706405653026102275e-03 4.440927510666585931e+01 6.506413124217880727e-03 -1.776389395501430614e-03 9.999772552558324756e-01 -8.778460080850125635e-01 -1.340847526337236664e-16 -1.882039116651690804e-16 -3.190081623893794366e-18 9.999999999999824585e-01
2.908390598389611892e-01 -9.567235885771059323e-01 -9.623737949791103669e-03 -5.785094193622729364e+01 9.567239187941476430e-01 2.909105634415865560e-01 -7.098400189246910179e-03 4.515106802205136916e+01 9.590853931593333603e-03 -7.142768247368156201e-03 9.999284956348853948e-01 -8.803802557463119571e-01 -1.383084291291191654e-16 -2.073665710691079637e-16 -3.240995131102994855e-18 9.999999999999814593e-01
2.901106075941654039e-01 -9.569548614962104516e-01 -8.557360580452283427e-03 -5.762250793288824724e+01 9.569413703536540083e-01 2.901763136608198623e-01 -7.805171097804967754e-03 4.588152173108299081e+01 9.952339774748592688e-03 -5.924529430904937159e-03 9.999329231923757000e-01 -8.791250155689553925e-01 -1.430358695415881280e-16 -2.263843910187290969e-16 -3.382613324008386066e-18 9.999999999999804601e-01
2.895222620675954039e-01 -9.571642244155064150e-01 -3.675223301252159101e-03 -5.738954552391509623e+01 9.571352261592540600e-01 2.895425487112757712e-01 -7.567782424808251404e-03 4.662720736768709173e+01 8.307744116906528448e-03 -1.326644199160931323e-03 9.999646100752155320e-01 -8.814949768976183542e-01 -1.461549012573176941e-16 -2.472726643796877924e-16 -3.507150358200401471e-18 9.999999999999793499e-01
2.900610860359513210e-01 -9.569998562945840614e-01 -3.980128110671638832e-03 -5.715834757629995977e+01 9.569960146799196821e-01 2.900758339527660934e-01 -3.826021868095109014e-03 4.739329773201157536e+01 4.816041358880513920e-03 -2.699186681568283702e-03 9.999847599523252750e-01 -8.779383397285634993e-01 -1.506180486349740233e-16 -2.656600581436677535e-16 -3.515755894310569986e-18 9.999999999999784617e-01
2.913928387443763812e-01 -9.565867621196854076e-01 -5.655092029022272017e-03 -5.692507618229663535e+01 9.566034475977246432e-01 2.913862550118723194e-01 1.973432106633610586e-03 4.815623050205836364e+01 -2.399429410721590163e-04 -5.984724515063241483e-03 9.999820625890685211e-01 -8.751364405811893343e-01 -1.552936029022690402e-16 -2.837364514947780165e-16 -3.568776997654089727e-18 9.999999999999777955e-01
2.909585157764464358e-01 -9.567057656444467595e-01 -7.564395536059712044e-03 -5.669397155558772283e+01 9.567233997139883428e-01 2.909056470366223612e-01 7.364846358671022983e-03 4.894504251797568628e+01 -4.845465596576871425e-03 -9.379898979477618165e-03 9.999442679261244527e-01 -8.800152557596677694e-01 -1.598196079529267550e-16 -2.995819944451207263e-16 -3.681060578537802682e-18 9.999999999999772404e-01
2.906729624128717715e-01 -9.568164927543842957e-01 -3.380549557434226870e-03 -5.645438018895654864e+01 9.567907966765093475e-01 2.906327828610885677e-01 9.162800964933284775e-03 4.973083721841964433e+01 -7.784620557606570200e-03 -5.897857204735140572e-03 9.999523063442552484e-01 -8.990689589722349329e-01 -1.641209065170926013e-16 -3.165858051438406499e-16 -3.846412177398373338e-18 9.999999999999765743e-01
2.902019495130124804e-01 -9.569619080826284874e-01 2.595183555572676010e-03 -5.620441865992152231e+01 9.569307807681292077e-01 2.902134519989098549e-01 7.722246910504832439e-03 5.051845286252984835e+01 -8.143053316405350628e-03 2.423999180251723410e-04 9.999668154118904750e-01 -9.082572706732359169e-01 -1.679998473948292084e-16 -3.304968829807550237e-16 -3.973009386553947454e-18 9.999999999999759082e-01
2.891461986021290897e-01 -9.572838033393600288e-01 1.481788801476237533e-03 -5.596628887463097612e+01 9.572655049447970077e-01 2.891498448733074711e-01 5.926234259180458187e-03 5.129966324969614533e+01 -6.101547073200538213e-03 -2.950828027970410885e-04 9.999813418506804386e-01 -9.118405201814229200e-01 -1.721140147824734465e-16 -3.439742692405181648e-16 -4.024641150366571494e-18 9.999999999999751310e-01
2.898317680485779646e-01 -9.570555190456524475e-01 -6.502283758511450892e-03 -5.573726054972391353e+01 9.570724038179860838e-01 2.898011005450205624e-01 5.266495317110221272e-03 5.210991282431580629e+01 -3.155959420006815199e-03 -7.749553996238675059e-03 9.999649915537224265e-01 -9.199375292202345289e-01 -1.768351611545448610e-16 -3.543654543246149191e-16 -4.076666030703111693e-18 9.999999999999746869e-01
2.893251429272074571e-01 -9.571883372947778135e-01 -9.024888752416042673e-03 -5.549196259150118493e+01 9.572296595194534907e-01 2.893269827383034842e-01 1.129599835376220900e-03 5.290489298076890634e+01 1.529904044041593405e-03 -8.965712821492513585e-03 9.999586368381737644e-01 -9.301556199259884972e-01 -1.803646288914023469e-16 -3.631679355974833676e-16 -4.184379446397016128e-18 9.999999999999742428e-01
2.883439322280827444e-01 -9.574954896285314820e-01 -7.756551311586580739e-03 -5.524809515070057131e+01 9.575100050697863407e-01 2.883775122689900550e-01 -3.605635695977908381e-03 5.370837965658426327e+01 5.689194887152510156e-03 -6.387312310916365594e-03 9.999634169823523600e-01 -9.311459639395579524e-01 -1.847030019752460778e-16 -3.724612336654948201e-16 -4.295210113917882420e-18 9.999999999999734657e-01
2.884770286332422051e-01 -9.574340248849367851e-01 -1.005444894313567601e-02 -5.500218807360683115e+01 9.574596134897620514e-01 2.885320831356548155e-01 -4.508385231926629981e-03 5.452636487880176475e+01 7.217512516666766374e-03 -8.326163223302145144e-03 9.999392894166606593e-01 -9.268503157530040282e-01 -1.887721783253574181e-16 -3.816159564995734185e-16 -4.377654630570382799e-18 9.999999999999725775e-01
2.889255691471239174e-01 -9.572266834588016859e-01 -1.546259898780695703e-02 -5.476578907258336670e+01 9.573362257183399837e-01 2.889746777003716072e-01 -9.932649658254415377e-04 5.535647619373180106e+01 5.419079287931466253e-03 -1.451592650921355865e-02 9.998799535230705748e-01 -9.245668452349735666e-01 -1.912451687185689305e-16 -3.924137520639139103e-16 -4.522136185984230686e-18 9.999999999999715783e-01
2.889210177219630471e-01 -9.572757019031289394e-01 -1.216043027036685549e-02 -5.452098108051941239e+01 9.573529018555342329e-01 2.888942684630248503e-01 3.939918522234088158e-03 5.617865319552628733e+01 -2.585096616727368662e-04 -1.278014847632840019e-02 9.999182971511859641e-01 -9.290989110440650567e-01 -1.932848841596825510e-16 -4.038350315901153361e-16 -4.749671667302657210e-18 9.999999999999705791e-01
2.881901681682325078e-01 -9.575556799476131475e-01 -5.791957459494445452e-03 -5.426496058271737155e+01 9.575577157774708414e-01 2.881458436576523896e-01 7.429248805230126776e-03 5.700690964073194067e+01 -5.444990922610253199e-03 -7.687170017332016145e-03 9.999556287611113259e-01 -9.348165294247862134e-01 -1.949502493359566824e-16 -4.112410733904587518e-16 -4.941963962851826053e-18 9.999999999999700240e-01
2.876017412902638348e-01 -9.577079755798025840e-01 -8.981754707539047963e-03 -5.401474715221625900e+01 9.577181300507381367e-01 2.875028826129442661e-01 1.086627173049754987e-02 5.784916617755324353e+01 -7.824434731788884601e-03 -1.172714799409841496e-02 9.999006211724780213e-01 -9.440871193993893851e-01 -1.966978938443787822e-16 -4.165547394721655941e-16 -5.115921600372456166e-18 9.999999999999694689e-01
2.880769281149736516e-01 -9.575521860111849692e-01 -1.027105413401100190e-02 -5.376567923479262845e+01 9.575809536109297637e-01 2.879729241517788307e-01 1.050296324900281200e-02 5.867497324145167426e+01 -7.099349925599902737e-03 -1.286102720110835103e-02 9.998920907828123816e-01 -9.609317190197376179e-01 -1.987650996782391607e-16 -4.211116685895121640e-16 -5.313852917110357685e-18 9.999999999999686917e-01
2.861618694836881027e-01 -9.581647497439352845e-01 -5.629991272297849188e-03 -5.351347407585006266e+01 9.581779109748009837e-01 2.861403162859070259e-01 4.337086086191710432e-03 5.950749103429002673e+01 -2.544675521066619255e-03 -6.635641938628152915e-03 9.999747461224282041e-01 -9.575389437066285092e-01 -2.016357750621456044e-16 -4.275563671230437561e-16 -5.508948057032173328e-18 9.999999999999676925e-01
2.860317060236600151e-01 -9.582065790423283103e-01 -5.100493032797216546e-03 -5.326156421247852535e+01 9.582174503978772018e-01 2.860394909465281965e-01 -8.528610626738413825e-04 6.034133013256002442e+01 2.276159511925049481e-03 -4.643436124896242571e-03 9.999866287100502849e-01 -9.603554301964647433e-01 -2.033349034190851489e-16 -4.328560436788172539e-16 -5.678234432333331613e-18 9.999999999999666933e-01
2.858945779579141200e-01 -9.582300025855958747e-01 -7.717022681152894970e-03 -5.301556965576946823e+01 9.582536453361412132e-01 2.859148049273597669e-01 -1.635702691073272772e-03 6.119175232450955093e+01 3.773790428382013413e-03 -6.927226584822366619e-03 9.999688855347993455e-01 -9.679213289595528513e-01 -2.041046391206557689e-16 -4.371383463071673116e-16 -5.838487518052206784e-18 9.999999999999658051e-01
2.851719218050013382e-01 -9.584556326309550123e-01 -6.306765575614166341e-03 -5.275975789887024092e+01 9.584760893849916252e-01 2.851708035508442318e-01 1.094933497346868741e-03 6.203727644227775784e+01 7.490602290998435485e-04 -6.357128295264661763e-03 9.999795127044732723e-01 -9.697584832767134344e-01 -2.048062715112910202e-16 -4.397806924067166483e-16 -5.994261487504239948e-18 9.999999999999650280e-01
2.841949318556193371e-01 -9.587639865600434685e-01 -2.204264744275973801e-03 -5.250411567703957161e+01 9.587607182950644846e-01 2.841844625252490375e-01 4.132349635364467207e-03 6.289153186741042134e+01 -3.335530218662968120e-03 -3.287755272555607268e-03 9.999890323916035273e-01 -9.703797187162707116e-01 -2.053471917594390626e-16 -4.421105779824065321e-16 -6.144287771226291689e-18 9.999999999999643618e-01
2.837970369525866232e-01 -9.588843732880104609e-01 2.193137189633319090e-05 -5.225472333151713400e+01 9.588638378951281904e-01 2.837911087156982926e-01 6.538118298017468223e-03 6.373961680134959806e+01 -6.275523395039875676e-03 -1.834469400791116037e-03 9.999786260356792189e-01 -9.667185063493081154e-01 -2.054738960270450583e-16 -4.436547181418716239e-16 -6.290138356767876506e-18 9.999999999999636957e-01
2.834972069957988339e-01 -9.589566485949316821e-01 -5.610680988562401043e-03 -5.201228255215337271e+01 9.589672272841732736e-01 2.834702205296588118e-01 5.146947416440077541e-03 6.459779960795776788e+01 -3.345238467831316599e-03 -6.839604407887851095e-03 9.999710141755145942e-01 -9.636712935489256671e-01 -2.064947861784433688e-16 -4.441166425382956664e-16 -6.443842054270279019e-18 9.999999999999632516e-01
2.836561704766938918e-01 -9.589163544208191281e-01 -4.313023856254173498e-03 -5.175976694238123343e+01 9.589255845421683633e-01 2.836576128094783766e-01 2.863662388599862900e-04 6.544553825365287025e+01 9.488207812412488432e-04 -4.217098473166512769e-03 9.999906578661947876e-01 -9.727138645054629329e-01 -2.072847098745764683e-16 -4.443294976722373812e-16 -6.598585744873517406e-18 9.999999999999629186e-01
2.828856661792668592e-01 -9.591494715343683586e-01 -2.826857913039979887e-03 -5.150700094875664092e+01 9.591438144675786814e-01 2.828948789019438692e-01 -3.691972314252120382e-03 6.629824629922849510e+01 4.340856921099215705e-03 -1.666957234032913002e-03 9.999891890489837065e-01 -9.856659708141587428e-01 -2.091144876607063645e-16 -4.428847889243026487e-16 -6.756880778495472817e-18 9.999999999999626965e-01
2.834980138103372349e-01 -9.589591815451442569e-01 -5.115104678492994952e-03 -5.125825670952490043e+01 9.589708738125781728e-01 2.835041602509049130e-01 -5.042811707124251856e-04 6.714773411664216951e+01 1.933738515188926409e-03 -4.762273692873033280e-03 9.999867906151078678e-01 -9.909175958157671049e-01 -2.098817684123874243e-16 -4.433781339343344679e-16 -6.903740060315637884e-18 9.999999999999624745e-01
2.838714524169144715e-01 -9.588515642094924685e-01 -4.547121698005902532e-03 -5.101065642292905977e+01 9.588532197554133774e-01 2.838448686535116616e-01 5.709072050301885852e-03 6.801842982880636157e+01 -4.183475504511906945e-03 -5.980664855619633423e-03 9.999733647356133792e-01 -9.852121362767479740e-01 -2.105929040847309444e-16 -4.455264855100941315e-16 -7.066070635169898100e-18 9.999999999999622524e-01
2.831605609061881301e-01 -9.590661330773865290e-01 -3.499875898018398740e-03 -5.075700643690604608e+01 9.590378715883070004e-01 2.831174275144125452e-01 9.533262658575986093e-03 6.887657304087761645e+01 -8.152153492721804853e-03 -6.055957533722210358e-03 9.999484325563287035e-01 -9.788921716483811597e-01 -2.110838386501588001e-16 -4.486958831450657872e-16 -7.250919108026269196e-18 9.999999999999620304e-01
2.832538612007340362e-01 -9.590380173951351672e-01 -3.651206062089165129e-03 -5.050975378203051491e+01 9.590045605504248227e-01 2.832049266380125552e-01 1.025779563890332965e-02 6.972233597032307273e+01 -8.803576447441036068e-03 -6.407083487175302752e-03 9.999407214045246128e-01 -9.868664909448444655e-01 -2.107859057103428353e-16 -4.530616555586845141e-16 -7.437881003720221372e-18 9.999999999999614753e-01
2.834905714916619024e-01 -9.589637927790826133e-01 -4.641122075056698833e-03 -5.025671502728665274e+01 9.589191401090895184e-01 2.834184843382377417e-01 1.216739363154321907e-02 7.058747637050416301e+01 -1.035271016101635411e-02 -7.899802163519945020e-03 9.999152036638800922e-01 -1.001988059301224254e+00 -2.109586678956180074e-16 -4.555796835131784906e-16 -7.636854363092448458e-18 9.999999999999609201e-01
2.836609567789432629e-01 -9.588992606808939279e-01 -6.976350401248497188e-03 -5.001144958689795317e+01 9.588741867999575064e-01 2.835638989536913290e-01 1.232108350854044937e-02 7.144443562520774549e+01 -9.836436746898947689e-03 -1.018445265440961860e-02 9.998997556937068154e-01 -1.018773553938139287e+00 -2.104862935893451204e-16 -4.550784156582804446e-16 -7.821928851204856967e-18 9.999999999999605871e-01
2.837736375653487908e-01 -9.588449263938163547e-01 -9.430257250047298020e-03 -4.976750209394926827e+01 9.588740223532683515e-01 2.836957669423441075e-01 8.793240300439814430e-03 7.229281356859016228e+01 -5.756029785640279575e-03 -1.153771848721577356e-02 9.999168711314441182e-01 -1.028815108150296087e+00 -2.102940613325962708e-16 -4.555603498133115182e-16 -8.012552384424345564e-18 9.999999999999602540e-01
2.835823270476385827e-01 -9.589019065351066518e-01 -9.391348658348851880e-03 -4.951518822475519244e+01 9.589457686572209205e-01 2.835887187493608130e-01 6.718425629296186866e-04 7.312992329431112637e+01 2.019049418846350589e-03 -9.196316735307710072e-03 9.999556746166444743e-01 -1.021573327842243417e+00 -2.100871651380593563e-16 -4.580731048999209636e-16 -8.221558590301908219e-18 9.999999999999598099e-01
2.834802618322443402e-01 -9.589355507603283257e-01 -9.030539272414206398e-03 -4.926259923237474680e+01 9.589412573552397179e-01 2.835393226008342538e-01 -6.092411750194901693e-03 7.397424881700833055e+01 8.402743205132906165e-03 -6.932678206343317710e-03 9.999406641794285067e-01 -1.019587855408330412e+00 -2.089220432154134464e-16 -4.597142761417388481e-16 -8.441347751910507964e-18 9.999999999999594769e-01
2.836827762662258445e-01 -9.588712738232840760e-01 -9.484866179604941813e-03 -4.900833921456774078e+01 9.588835184049941951e-01 2.837427478303964912e-01 -5.696594143594430754e-03 7.482583994207188027e+01 8.153562475507702273e-03 -7.478856211976992255e-03 9.999387911911409299e-01 -1.017887580974188300e+00 -2.082691243762132581e-16 -4.601911489422844311e-16 -8.633331043059054624e-18 9.999999999999589217e-01
2.838662307470275481e-01 -9.588305967568454546e-01 -7.990604760331884368e-03 -4.875837443561353979e+01 9.588616025654044250e-01 2.838739060778316392e-01 1.804819660966309395e-04 7.568333578444435261e+01 2.095272553964152781e-03 -7.713116821386175118e-03 9.999680583208183648e-01 -1.010850376475463497e+00 -2.064307648839470425e-16 -4.606032470207499776e-16 -8.860603738986153383e-18 9.999999999999584777e-01
2.835845722405271330e-01 -9.589204873181035316e-01 -7.161661037808454873e-03 -4.850444985345743731e+01 9.589341029067737221e-01 2.835337045169775139e-01 7.350148650242048498e-03 7.654919420180875989e+01 -5.017635841024292200e-03 -8.951949763490773052e-03 9.999473415765874895e-01 -1.007772051454434603e+00 -2.052371849731438193e-16 -4.597476813820610836e-16 -9.060326776134152790e-18 9.999999999999580336e-01
2.834885682024440579e-01 -9.589470665369623781e-01 -7.399680989000692599e-03 -4.825399159425641216e+01 9.589329217478178569e-01 2.833946971626306044e-01 1.162313246138044036e-02 7.739780113191370958e+01 -9.048938424851457260e-03 -1.039082289028296462e-02 9.999050692506432636e-01 -1.013810610844026794e+00 -2.039245553805220082e-16 -4.622497713898589338e-16 -9.274157296628894027e-18 9.999999999999574785e-01
2.830415233860317792e-01 -9.590819760882437484e-01 -7.018488586860252912e-03 -4.800253953652400440e+01 9.590647016468122343e-01 2.829520131225241042e-01 1.153500433212637302e-02 7.825399593344829441e+01 -9.077119274330761045e-03 -9.996069860992900027e-03 9.999088380913049301e-01 -1.023875054084460334e+00 -2.028535782058979614e-16 -4.674027465282874089e-16 -9.456390992616089138e-18 9.999999999999568123e-01
2.839696050768802937e-01 -9.587776606403902724e-01 -1.032767396298380977e-02 -4.775947783206307662e+01 9.588141116626882621e-01 2.838793433500601537e-01 9.381774648174254563e-03 7.909819430382103178e+01 -6.063222646905187460e-03 -1.256645837811740628e-02 9.999026559896009303e-01 -1.033990226455086869e+00 -2.013967302181758284e-16 -4.689036993160301935e-16 -9.592963974159297544e-18 9.999999999999561462e-01
2.843326294926780129e-01 -9.586415624394061252e-01 -1.270080980027285360e-02 -4.750836848637125343e+01 9.587186776392243592e-01 2.842549160476727232e-01 7.592091170952239808e-03 7.995554178651148902e+01 -3.667826518809194289e-03 -1.433518282264489331e-02 9.998905187980163811e-01 -1.040951224359560667e+00 -2.002807786205628450e-16 -4.733254473357483848e-16 -9.762325506784547295e-18 9.999999999999554801e-01
2.832824879520540184e-01 -9.589520864575540315e-01 -1.272508933062723759e-02 -4.726030910863406120e+01 9.590319616291029803e-01 2.832153304835016150e-01 6.839090062013411693e-03 8.080855732792436186e+01 -2.954419304252465898e-03 -1.414116183074736952e-02 9.998956440292919856e-01 -1.044884926274210146e+00 -2.002957026329330518e-16 -4.764861960818705412e-16 -9.944822945064363639e-18 9.999999999999545919e-01
2.827233779574137018e-01 -9.591241948113670146e-01 -1.217663680478727611e-02 -4.700555816129558906e+01 9.591914270675948595e-01 2.826394934211070020e-01 8.168414693882696670e-03 8.165705270914052960e+01 -4.392925708096775440e-03 -1.398912742847436587e-02 9.998924974804135335e-01 -1.049386453974492817e+00 -2.007992043109201376e-16 -4.806927699161916358e-16 -1.008716312732845262e-17 9.999999999999537037e-01
2.823373231168610498e-01 -9.592185836549547151e-01 -1.361413773514947613e-02 -4.675790055526641709e+01 9.592824482143529341e-01 2.821820033267147809e-01 1.226790716947394680e-02 8.251290669121267740e+01 -7.925939879861598411e-03 -1.652349144737266101e-02 9.998320627523001880e-01 -1.049830510209475154e+00 -2.007098474903153660e-16 -4.857892702856557876e-16 -1.024764736839370039e-17 9.999999999999529265e-01
2.822631896722821998e-01 -9.592463083013360592e-01 -1.319135195405178942e-02 -4.651101460344672489e+01 9.592895900027154088e-01 2.820858420949434175e-01 1.382245281878221287e-02 8.336804472218052808e+01 -9.538043213775077023e-03 -1.655589622930383684e-02 9.998174473531710182e-01 -1.057188016948299669e+00 -1.997413685027766796e-16 -4.893786297500221340e-16 -1.040956481991157316e-17 9.999999999999522604e-01
2.810855435605286168e-01 -9.596050593136032925e-01 -1.220849462914183094e-02 -4.625664247618466618e+01 9.596429124872809524e-01 2.809352769525884086e-01 1.268269200205682061e-02 8.422384246191985824e+01 -8.740578591096155245e-03 -1.528071671819974421e-02 9.998450389848364539e-01 -1.061755611971527902e+00 -1.989472813294822523e-16 -4.916692778683799897e-16 -1.058540851198848290e-17 9.999999999999515943e-01
2.806453328597312558e-01 -9.597151661031184666e-01 -1.360136374813944102e-02 -4.601373970002244107e+01 9.597825870681543359e-01 2.804986142530284665e-01 1.174363499129232012e-02 8.507616014454946196e+01 -7.455380923036672436e-03 -1.635014843695463752e-02 9.998385319347837807e-01 -1.078818666953359262e+00 -2.001240374792815037e-16 -4.930048468212993185e-16 -1.077523387491444450e-17 9.999999999999507061e-01
2.801135333855534482e-01 -9.598744667297722799e-01 -1.331977982526659325e-02 -4.576528853303111077e+01 9.599431891693123164e-01 2.799821786816194535e-01 1.091114971300764791e-02 8.593823718196929917e+01 -6.744033037163094622e-03 -1.584259262390469783e-02 9.998517541503203487e-01 -1.090678818799962091e+00 -2.015773772459076240e-16 -4.937376051915227562e-16 -1.088842011458379911e-17 9.999999999999500400e-01
2.783278512331829324e-01 -9.604382203732804157e-01 -9.593334885511192386e-03 -4.551013915304795887e+01 9.604704885766169875e-01 2.782524328816459169e-01 8.486705412226888678e-03 8.677168918380260720e+01 -5.481587471628507520e-03 -1.157620152599568922e-02 9.999179685139930607e-01 -1.095243369784442145e+00 -2.039547062429250828e-16 -4.935766793116064789e-16 -1.099139171236723847e-17 9.999999999999493738e-01
2.771348108637299301e-01 -9.607292167846972486e-01 -1.398816013242719369e-02 -4.527290623055501584e+01 9.608304937365224063e-01 2.770896896310711122e-01 5.105507428186354009e-03 8.762633652345344615e+01 -1.029035203185634092e-03 -1.485516464197496507e-02 9.998891264385990629e-01 -1.093606217799343971e+00 -2.080790688432099221e-16 -4.925468661037644746e-16 -1.108062358954822771e-17 9.999999999999487077e-01
2.761226317950797871e-01 -9.608862435509842870e-01 -2.130537878432460508e-02 -4.504291021268513617e+01 9.611138515985379049e-01 2.761458855556160330e-01 1.901093379655605532e-03 8.847485202975258289e+01 4.056658215257567292e-03 -2.100182957044261986e-02 9.997712071663976685e-01 -1.103284586849729410e+00 -2.149043257897752804e-16 -4.883379771056687787e-16 -1.111476273602054935e-17 9.999999999999480416e-01
2.750552874001305770e-01 -9.611553404696508984e-01 -2.291288633085340753e-02 -4.480657458715917585e+01 9.614137194726620761e-01 2.751047116169207385e-01 1.028423950304915369e-03 8.932338695823486319e+01 5.314967814237342783e-03 -2.231163671641631790e-02 9.997369363909235362e-01 -1.107168483183716745e+00 -2.232162633472116534e-16 -4.821618603527660636e-16 -1.098834001795266309e-17 9.999999999999474865e-01
2.737863761467164703e-01 -9.615533110151733842e-01 -2.136001667410912866e-02 -4.456258083273569781e+01 9.617878133192198087e-01 2.737708450212993916e-01 3.704938172818241556e-03 9.017956320759040523e+01 2.285254247339612351e-03 -2.155816532563298304e-02 9.997649839442080966e-01 -1.095227715068590735e+00 -2.314096910720368292e-16 -4.798683967443115224e-16 -1.088280816078956738e-17 9.999999999999469313e-01
2.732258075272590014e-01 -9.617696607936784270e-01 -1.862196761903700884e-02 -4.432872427423132677e+01 9.619478796576595991e-01 2.731341058483948148e-01 7.350989350771691688e-03 9.103181352504236656e+01 -1.983664059645887188e-03 -1.992184226767108532e-02 9.997995725532741185e-01 -1.084777781105269900e+00 -2.385226438562896844e-16 -4.787543028858379367e-16 -1.081776479708859214e-17 9.999999999999464873e-01
2.723535929298067648e-01 -9.620006563067218242e-01 -1.944884787791741412e-02 -4.409333769928151270e+01 9.621884393531958679e-01 2.722090312903930887e-01 9.780105260643016593e-03 9.188843027788682605e+01 -4.114315638944641453e-03 -2.137710339383499733e-02 9.997630178484623320e-01 -1.089533076381052457e+00 -2.447870705796827165e-16 -4.776865335562538000e-16 -1.072142872988680334e-17 9.999999999999462652e-01
2.709968617417409242e-01 -9.624205115649758779e-01 -1.753453293522523604e-02 -4.386835018617299653e+01 9.625663539509073940e-01 2.708501759208972182e-01 1.030516594602178156e-02 9.273933360842507057e+01 -5.168671751354880772e-03 -1.967081906678759887e-02 9.997931504614959719e-01 -1.097124900205399101e+00 -2.523287532413251113e-16 -4.747542751930776437e-16 -1.055545501984440409e-17 9.999999999999463762e-01
2.699178415764019734e-01 -9.627781090010723020e-01 -1.423627855782370541e-02 -4.362430014204937123e+01 9.628609697417125357e-01 2.697812432907941149e-01 1.080896463214490143e-02 9.359908131325489933e+01 -6.565953599651016583e-03 -1.662508938087924742e-02 9.998402345657846357e-01 -1.112210937687477808e+00 -2.613335062525649893e-16 -4.706780965287519248e-16 -1.040890712554801867e-17 9.999999999999465983e-01
2.689546187693112600e-01 -9.630492321818755475e-01 -1.412761256111663179e-02 -4.340348508729989874e+01 9.631166167085992713e-01 2.687883362220599981e-01 1.261796063757663483e-02 9.445053971948397020e+01 -8.354379828645354042e-03 -1.700019720495390615e-02 9.998205827211362751e-01 -1.116546171119198405e+00 -2.691961185799839332e-16 -4.652646222477167082e-16 -1.031038687711574758e-17 9.999999999999465983e-01
2.686293068015208618e-01 -9.630612063204263551e-01 -1.874589043239774724e-02 -4.318286010410555775e+01 9.632079761500351722e-01 2.684010413784181925e-01 1.383024467691799063e-02 9.529585304398385404e+01 -8.287955608656470338e-03 -2.177140022497209282e-02 9.997286211388757282e-01 -1.115064519371754992e+00 -2.760119882309219407e-16 -4.622821661811051230e-16 -1.025087115276637191e-17 9.999999999999461542e-01
2.685350940820473986e-01 -9.629785936587531570e-01 -2.368821228967605413e-02 -4.296357940225436778e+01 9.632420150729692487e-01 2.682589936798482344e-01 1.421030287949976226e-02 9.615081164266757696e+01 -7.329641491481094125e-03 -2.663344636006099997e-02 9.996183951342433316e-01 -1.118986994094999687e+00 -2.844802651881899589e-16 -4.594426841923537891e-16 -1.017962668211228504e-17 9.999999999999454880e-01
2.686842738450470613e-01 -9.628711971759795762e-01 -2.622629667684812926e-02 -4.273848685545008408e+01 9.632145005519101577e-01 2.684350630642656776e-01 1.266660349506763990e-02 9.700124133069481047e+01 -5.156250069076414103e-03 -2.866486641706823130e-02 9.995757792777334449e-01 -1.127067287650544314e+00 -2.950838687185382532e-16 -4.592765705833445613e-16 -1.013188248224297142e-17 9.999999999999444888e-01
2.704408626025698870e-01 -9.623358411708148319e-01 -2.777532417391933781e-02 -4.250594534292435611e+01 9.627239896124435425e-01 2.701771512723146196e-01 1.291614319202348711e-02 9.784205541117158589e+01 -4.925409562423184798e-03 -3.023302380784019180e-02 9.995307422046864065e-01 -1.142279457856413494e+00 -3.060342668422237030e-16 -4.618879341447606645e-16 -1.002789388810930064e-17 9.999999999999433786e-01
